,candidate_1,candidate_2,candidate_3,candidate_4,candidate_5,num_candidates,noise
0,candidate_1,candidate_2,candidate_3,candidate_4,candidate_5,5,0.028000000000000004
1,candidate_1,candidate_2,candidate_3,candidate_4,0,5,0.028000000000000004
2,candidate_1,candidate_2,candidate_3,candidate_4,candidate_5,5,0.028000000000000004
3,candidate_1,candidate_2,candidate_3,candidate_4,candidate_5,5,0.028000000000000004
4,candidate_1,candidate_2,candidate_3,candidate_4,candidate_5,5,0.028000000000000004
5,candidate_1,candidate_2,candidate_3,candidate_4,candidate_5,5,0.028000000000000004
6,candidate_1,candidate_2,candidate_3,candidate_4,candidate_5,5,0.028000000000000004
7,candidate_1,candidate_2,candidate_3,0,candidate_5,5,0.028000000000000004
8,candidate_1,candidate_2,candidate_3,candidate_4,candidate_5,5,0.028000000000000004
9,candidate_1,candidate_2,candidate_3,candidate_4,candidate_5,5,0.028000000000000004
10,candidate_1,candidate_2,candidate_3,candidate_4,candidate_5,5,0.028000000000000004
11,candidate_1,candidate_2,candidate_3,candidate_4,candidate_5,5,0.028000000000000004
12,candidate_1,candidate_2,candidate_3,candidate_4,candidate_5,5,0.028000000000000004
13,candidate_1,candidate_2,candidate_3,candidate_4,candidate_5,5,0.028000000000000004
14,candidate_1,candidate_2,candidate_3,candidate_4,candidate_5,5,0.028000000000000004
15,candidate_1,candidate_2,candidate_3,candidate_4,candidate_5,5,0.028000000000000004
16,candidate_1,candidate_2,candidate_3,candidate_4,candidate_5,5,0.028000000000000004
17,candidate_1,candidate_2,candidate_3,candidate_4,candidate_5,5,0.028000000000000004
18,candidate_1,candidate_2,candidate_3,candidate_4,candidate_5,5,0.028000000000000004
19,candidate_1,candidate_2,candidate_3,candidate_4,0,5,0.028000000000000004
20,candidate_1,candidate_2,candidate_3,candidate_4,candidate_5,5,0.028000000000000004
21,candidate_1,candidate_2,candidate_3,candidate_4,candidate_5,5,0.028000000000000004
22,candidate_1,candidate_2,candidate_3,candidate_4,candidate_5,5,0.028000000000000004
23,candidate_1,candidate_2,candidate_3,candidate_4,candidate_5,5,0.028000000000000004
24,candidate_1,candidate_2,candidate_3,candidate_4,candidate_5,5,0.028000000000000004
25,candidate_1,candidate_2,candidate_3,candidate_4,candidate_5,5,0.028000000000000004
26,candidate_1,candidate_2,candidate_3,candidate_4,candidate_5,5,0.028000000000000004
27,candidate_1,candidate_2,candidate_3,candidate_4,candidate_5,5,0.028000000000000004
28,0,candidate_2,candidate_3,candidate_4,candidate_5,5,0.028000000000000004
29,candidate_1,candidate_2,candidate_3,candidate_4,candidate_5,5,0.028000000000000004
30,candidate_1,candidate_2,candidate_3,candidate_4,candidate_5,5,0.028000000000000004
31,candidate_1,0,candidate_3,candidate_4,candidate_5,5,0.028000000000000004
32,candidate_1,candidate_2,0,candidate_4,candidate_5,5,0.028000000000000004
33,candidate_1,candidate_2,candidate_3,candidate_4,candidate_5,5,0.028000000000000004
34,candidate_1,candidate_2,candidate_3,candidate_4,candidate_5,5,0.028000000000000004
35,0,candidate_2,candidate_3,candidate_4,candidate_5,5,0.028000000000000004
36,candidate_1,candidate_2,candidate_3,candidate_4,candidate_5,5,0.028000000000000004
37,candidate_1,candidate_2,candidate_3,candidate_4,candidate_5,5,0.028000000000000004
38,candidate_1,candidate_2,candidate_3,candidate_4,0,5,0.028000000000000004
39,candidate_1,candidate_2,candidate_3,candidate_4,candidate_5,5,0.028000000000000004
40,candidate_1,candidate_2,candidate_3,candidate_4,candidate_5,5,0.028000000000000004
41,candidate_1,candidate_2,candidate_3,candidate_4,candidate_5,5,0.028000000000000004
42,candidate_1,candidate_2,candidate_3,candidate_4,candidate_5,5,0.028000000000000004
43,candidate_1,candidate_2,candidate_3,candidate_4,candidate_5,5,0.028000000000000004
44,candidate_1,candidate_2,candidate_3,candidate_4,candidate_5,5,0.028000000000000004
45,candidate_1,candidate_2,candidate_3,candidate_4,candidate_5,5,0.028000000000000004
46,candidate_1,candidate_2,candidate_3,candidate_4,candidate_5,5,0.028000000000000004
47,candidate_1,candidate_2,candidate_3,candidate_4,candidate_5,5,0.028000000000000004
48,candidate_1,candidate_2,candidate_3,candidate_4,candidate_5,5,0.028000000000000004
49,candidate_1,candidate_2,candidate_3,candidate_4,candidate_5,5,0.028000000000000004
50,candidate_1,candidate_2,candidate_3,candidate_4,candidate_5,5,0.028000000000000004
51,candidate_1,candidate_2,candidate_3,candidate_4,candidate_5,5,0.028000000000000004
52,candidate_1,candidate_2,candidate_3,candidate_4,candidate_5,5,0.028000000000000004
53,candidate_1,candidate_2,candidate_3,candidate_4,0,5,0.028000000000000004
54,candidate_1,0,candidate_3,candidate_4,candidate_5,5,0.028000000000000004
55,candidate_1,candidate_2,candidate_3,candidate_4,candidate_5,5,0.028000000000000004
56,candidate_1,candidate_2,candidate_3,candidate_4,candidate_5,5,0.028000000000000004
57,candidate_1,candidate_2,candidate_3,candidate_4,candidate_5,5,0.028000000000000004
58,candidate_1,candidate_2,candidate_3,candidate_4,candidate_5,5,0.028000000000000004
59,candidate_1,candidate_2,candidate_3,candidate_4,candidate_5,5,0.028000000000000004
60,candidate_1,candidate_2,candidate_3,candidate_4,candidate_5,5,0.028000000000000004
61,candidate_1,candidate_2,candidate_3,candidate_4,candidate_5,5,0.028000000000000004
62,candidate_1,candidate_2,candidate_3,candidate_4,candidate_5,5,0.028000000000000004
63,candidate_1,candidate_2,candidate_3,candidate_4,candidate_5,5,0.028000000000000004
64,candidate_1,0,candidate_3,candidate_4,candidate_5,5,0.028000000000000004
65,candidate_1,candidate_2,candidate_3,candidate_4,candidate_5,5,0.028000000000000004
66,candidate_1,candidate_2,candidate_3,candidate_4,candidate_5,5,0.028000000000000004
67,candidate_1,candidate_2,candidate_3,candidate_4,candidate_5,5,0.028000000000000004
68,candidate_1,candidate_2,candidate_3,candidate_4,candidate_5,5,0.028000000000000004
69,candidate_1,candidate_2,candidate_3,candidate_4,candidate_5,5,0.028000000000000004
70,candidate_1,candidate_2,candidate_3,candidate_4,candidate_5,5,0.028000000000000004
71,candidate_1,candidate_2,candidate_3,candidate_4,candidate_5,5,0.028000000000000004
72,candidate_1,candidate_2,candidate_3,candidate_4,candidate_5,5,0.028000000000000004
73,candidate_1,candidate_2,candidate_3,candidate_4,candidate_5,5,0.028000000000000004
74,candidate_1,candidate_2,candidate_3,candidate_4,candidate_5,5,0.028000000000000004
75,0,candidate_2,candidate_3,candidate_4,candidate_5,5,0.028000000000000004
76,candidate_1,candidate_2,candidate_3,candidate_4,candidate_5,5,0.028000000000000004
77,candidate_1,candidate_2,candidate_3,candidate_4,candidate_5,5,0.028000000000000004
78,candidate_1,candidate_2,candidate_3,candidate_4,candidate_5,5,0.028000000000000004
79,0,candidate_2,candidate_3,candidate_4,candidate_5,5,0.028000000000000004
80,candidate_1,candidate_2,candidate_3,candidate_4,candidate_5,5,0.028000000000000004
81,candidate_1,candidate_2,candidate_3,candidate_4,candidate_5,5,0.028000000000000004
82,candidate_1,candidate_2,candidate_3,candidate_4,candidate_5,5,0.028000000000000004
83,candidate_1,candidate_2,candidate_3,candidate_4,candidate_5,5,0.028000000000000004
84,0,candidate_2,candidate_3,candidate_4,candidate_5,5,0.028000000000000004
85,candidate_1,candidate_2,candidate_3,candidate_4,candidate_5,5,0.028000000000000004
86,candidate_1,candidate_2,0,candidate_4,candidate_5,5,0.028000000000000004
87,candidate_1,candidate_2,candidate_3,candidate_4,candidate_5,5,0.028000000000000004
88,candidate_1,candidate_2,candidate_3,candidate_4,candidate_5,5,0.028000000000000004
89,candidate_1,candidate_2,candidate_3,candidate_4,candidate_5,5,0.028000000000000004
90,candidate_1,candidate_2,candidate_3,candidate_4,candidate_5,5,0.028000000000000004
91,candidate_1,candidate_2,candidate_3,candidate_4,candidate_5,5,0.028000000000000004
92,candidate_1,candidate_2,candidate_3,candidate_4,candidate_5,5,0.028000000000000004
93,candidate_1,candidate_2,candidate_3,candidate_4,candidate_5,5,0.028000000000000004
94,candidate_1,candidate_2,candidate_3,candidate_4,candidate_5,5,0.028000000000000004
95,candidate_1,candidate_2,candidate_3,candidate_4,candidate_5,5,0.028000000000000004
96,candidate_1,candidate_2,candidate_3,candidate_4,candidate_5,5,0.028000000000000004
97,candidate_1,candidate_2,candidate_3,candidate_4,candidate_5,5,0.028000000000000004
98,candidate_1,candidate_2,candidate_3,candidate_4,candidate_5,5,0.028000000000000004
99,candidate_1,candidate_2,candidate_3,candidate_4,candidate_5,5,0.028000000000000004
100,candidate_1,candidate_2,candidate_3,candidate_4,candidate_5,5,0.028000000000000004
101,candidate_1,candidate_2,candidate_3,0,candidate_5,5,0.028000000000000004
102,candidate_1,candidate_2,candidate_3,candidate_4,candidate_5,5,0.028000000000000004
103,candidate_1,candidate_2,candidate_3,candidate_4,candidate_5,5,0.028000000000000004
104,candidate_1,candidate_2,candidate_3,candidate_4,candidate_5,5,0.028000000000000004
105,candidate_1,candidate_2,candidate_3,candidate_4,candidate_5,5,0.028000000000000004
106,candidate_1,candidate_2,candidate_3,candidate_4,candidate_5,5,0.028000000000000004
107,candidate_1,candidate_2,0,candidate_4,candidate_5,5,0.028000000000000004
108,candidate_1,candidate_2,candidate_3,candidate_4,candidate_5,5,0.028000000000000004
109,candidate_1,candidate_2,candidate_3,candidate_4,candidate_5,5,0.028000000000000004
110,candidate_1,candidate_2,candidate_3,candidate_4,candidate_5,5,0.028000000000000004
111,candidate_1,candidate_2,candidate_3,candidate_4,candidate_5,5,0.028000000000000004
112,candidate_1,candidate_2,candidate_3,candidate_4,candidate_5,5,0.028000000000000004
113,candidate_1,candidate_2,candidate_3,candidate_4,candidate_5,5,0.028000000000000004
114,candidate_1,candidate_2,candidate_3,candidate_4,candidate_5,5,0.028000000000000004
115,candidate_1,candidate_2,candidate_3,candidate_4,candidate_5,5,0.028000000000000004
116,candidate_1,candidate_2,candidate_3,candidate_4,candidate_5,5,0.028000000000000004
117,candidate_1,candidate_2,candidate_3,candidate_4,candidate_5,5,0.028000000000000004
118,candidate_1,candidate_2,candidate_3,candidate_4,candidate_5,5,0.028000000000000004
119,candidate_1,candidate_2,candidate_3,candidate_4,candidate_5,5,0.028000000000000004
120,candidate_1,candidate_2,candidate_3,candidate_4,candidate_5,5,0.028000000000000004
121,candidate_1,candidate_2,candidate_3,candidate_4,candidate_5,5,0.028000000000000004
122,candidate_1,candidate_2,candidate_3,candidate_4,0,5,0.028000000000000004
123,candidate_1,candidate_2,candidate_3,candidate_4,candidate_5,5,0.028000000000000004
124,candidate_1,candidate_2,candidate_3,0,candidate_5,5,0.028000000000000004
125,candidate_1,candidate_2,candidate_3,candidate_4,candidate_5,5,0.028000000000000004
126,candidate_1,candidate_2,candidate_3,candidate_4,candidate_5,5,0.028000000000000004
127,0,candidate_2,candidate_3,candidate_4,candidate_5,5,0.028000000000000004
128,candidate_1,candidate_2,candidate_3,candidate_4,candidate_5,5,0.028000000000000004
129,0,candidate_2,candidate_3,candidate_4,candidate_5,5,0.028000000000000004
130,candidate_1,candidate_2,candidate_3,candidate_4,candidate_5,5,0.028000000000000004
131,candidate_1,candidate_2,candidate_3,candidate_4,candidate_5,5,0.028000000000000004
132,candidate_1,candidate_2,candidate_3,candidate_4,candidate_5,5,0.028000000000000004
133,candidate_1,candidate_2,candidate_3,candidate_4,candidate_5,5,0.028000000000000004
134,candidate_1,candidate_2,candidate_3,candidate_4,candidate_5,5,0.028000000000000004
135,candidate_1,candidate_2,candidate_3,candidate_4,candidate_5,5,0.028000000000000004
136,candidate_1,candidate_2,candidate_3,candidate_4,candidate_5,5,0.028000000000000004
137,candidate_1,candidate_2,candidate_3,candidate_4,candidate_5,5,0.028000000000000004
138,candidate_1,candidate_2,candidate_3,candidate_4,0,5,0.028000000000000004
139,candidate_1,candidate_2,candidate_3,candidate_4,candidate_5,5,0.028000000000000004
140,candidate_1,candidate_2,candidate_3,candidate_4,candidate_5,5,0.028000000000000004
141,candidate_1,candidate_2,candidate_3,candidate_4,candidate_5,5,0.028000000000000004
142,0,candidate_2,candidate_3,candidate_4,candidate_5,5,0.028000000000000004
143,candidate_1,candidate_2,candidate_3,candidate_4,candidate_5,5,0.028000000000000004
144,candidate_1,candidate_2,candidate_3,candidate_4,candidate_5,5,0.028000000000000004
145,candidate_1,candidate_2,candidate_3,candidate_4,candidate_5,5,0.028000000000000004
146,candidate_1,candidate_2,candidate_3,candidate_4,candidate_5,5,0.028000000000000004
147,candidate_1,candidate_2,candidate_3,candidate_4,candidate_5,5,0.028000000000000004
148,candidate_1,candidate_2,candidate_3,candidate_4,candidate_5,5,0.028000000000000004
149,candidate_1,candidate_2,candidate_3,candidate_4,candidate_5,5,0.028000000000000004
150,candidate_1,candidate_2,candidate_3,candidate_4,candidate_5,5,0.028000000000000004
151,candidate_1,candidate_2,candidate_3,candidate_4,candidate_5,5,0.028000000000000004
152,candidate_1,candidate_2,candidate_3,candidate_4,candidate_5,5,0.028000000000000004
153,candidate_1,candidate_2,candidate_3,candidate_4,candidate_5,5,0.028000000000000004
154,candidate_1,candidate_2,candidate_3,candidate_4,candidate_5,5,0.028000000000000004
155,candidate_1,candidate_2,candidate_3,candidate_4,candidate_5,5,0.028000000000000004
156,candidate_1,candidate_2,candidate_3,candidate_4,candidate_5,5,0.028000000000000004
157,candidate_1,candidate_2,candidate_3,candidate_4,candidate_5,5,0.028000000000000004
158,candidate_1,candidate_2,candidate_3,candidate_4,candidate_5,5,0.028000000000000004
159,candidate_1,candidate_2,candidate_3,candidate_4,candidate_5,5,0.028000000000000004
160,candidate_1,candidate_2,candidate_3,candidate_4,candidate_5,5,0.028000000000000004
161,candidate_1,candidate_2,candidate_3,candidate_4,candidate_5,5,0.028000000000000004
162,candidate_1,candidate_2,candidate_3,candidate_4,candidate_5,5,0.028000000000000004
163,candidate_1,candidate_2,candidate_3,candidate_4,candidate_5,5,0.028000000000000004
164,candidate_1,candidate_2,candidate_3,candidate_4,candidate_5,5,0.028000000000000004
165,candidate_1,candidate_2,candidate_3,candidate_4,candidate_5,5,0.028000000000000004
166,candidate_1,candidate_2,candidate_3,candidate_4,candidate_5,5,0.028000000000000004
167,candidate_1,candidate_2,candidate_3,candidate_4,candidate_5,5,0.028000000000000004
168,candidate_1,candidate_2,candidate_3,candidate_4,candidate_5,5,0.028000000000000004
169,candidate_1,candidate_2,candidate_3,candidate_4,candidate_5,5,0.028000000000000004
170,candidate_1,candidate_2,candidate_3,candidate_4,candidate_5,5,0.028000000000000004
171,candidate_1,candidate_2,candidate_3,candidate_4,candidate_5,5,0.028000000000000004
172,candidate_1,0,candidate_3,candidate_4,candidate_5,5,0.028000000000000004
173,candidate_1,candidate_2,candidate_3,candidate_4,candidate_5,5,0.028000000000000004
174,candidate_1,candidate_2,candidate_3,candidate_4,candidate_5,5,0.028000000000000004
175,candidate_1,candidate_2,candidate_3,candidate_4,candidate_5,5,0.028000000000000004
176,candidate_1,candidate_2,candidate_3,candidate_4,candidate_5,5,0.028000000000000004
177,candidate_1,candidate_2,candidate_3,candidate_4,candidate_5,5,0.028000000000000004
178,candidate_1,candidate_2,candidate_3,candidate_4,candidate_5,5,0.028000000000000004
179,candidate_1,candidate_2,candidate_3,candidate_4,candidate_5,5,0.028000000000000004
180,candidate_1,candidate_2,candidate_3,candidate_4,candidate_5,5,0.028000000000000004
181,candidate_1,candidate_2,candidate_3,candidate_4,candidate_5,5,0.028000000000000004
182,candidate_1,candidate_2,candidate_3,candidate_4,candidate_5,5,0.028000000000000004
183,candidate_1,candidate_2,candidate_3,candidate_4,candidate_5,5,0.028000000000000004
184,candidate_1,candidate_2,candidate_3,candidate_4,candidate_5,5,0.028000000000000004
185,candidate_1,candidate_2,candidate_3,candidate_4,candidate_5,5,0.028000000000000004
186,candidate_1,candidate_2,candidate_3,candidate_4,candidate_5,5,0.028000000000000004
187,candidate_1,candidate_2,candidate_3,candidate_4,candidate_5,5,0.028000000000000004
188,candidate_1,0,candidate_3,candidate_4,candidate_5,5,0.028000000000000004
189,0,candidate_2,candidate_3,candidate_4,candidate_5,5,0.028000000000000004
190,candidate_1,candidate_2,candidate_3,candidate_4,candidate_5,5,0.028000000000000004
191,candidate_1,candidate_2,candidate_3,candidate_4,candidate_5,5,0.028000000000000004
192,candidate_1,candidate_2,candidate_3,candidate_4,candidate_5,5,0.028000000000000004
193,candidate_1,candidate_2,candidate_3,candidate_4,candidate_5,5,0.028000000000000004
194,candidate_1,candidate_2,candidate_3,0,candidate_5,5,0.028000000000000004
195,candidate_1,candidate_2,candidate_3,candidate_4,candidate_5,5,0.028000000000000004
196,candidate_1,candidate_2,candidate_3,candidate_4,candidate_5,5,0.028000000000000004
197,candidate_1,candidate_2,candidate_3,candidate_4,candidate_5,5,0.028000000000000004
198,candidate_1,candidate_2,candidate_3,candidate_4,candidate_5,5,0.028000000000000004
199,candidate_1,candidate_2,candidate_3,0,candidate_5,5,0.028000000000000004
200,candidate_1,candidate_2,candidate_3,candidate_4,candidate_5,5,0.028000000000000004
201,candidate_1,candidate_2,candidate_3,candidate_4,candidate_5,5,0.028000000000000004
202,candidate_1,candidate_2,candidate_3,candidate_4,candidate_5,5,0.028000000000000004
203,candidate_1,candidate_2,candidate_3,candidate_4,candidate_5,5,0.028000000000000004
204,candidate_1,candidate_2,candidate_3,candidate_4,candidate_5,5,0.028000000000000004
205,candidate_1,candidate_2,candidate_3,candidate_4,candidate_5,5,0.028000000000000004
206,candidate_1,candidate_2,candidate_3,candidate_4,candidate_5,5,0.028000000000000004
207,candidate_1,candidate_2,candidate_3,candidate_4,0,5,0.028000000000000004
208,candidate_1,candidate_2,candidate_3,candidate_4,candidate_5,5,0.028000000000000004
0,candidate_1,candidate_2,candidate_3,candidate_5,candidate_4,5,0.028000000000000004
1,candidate_1,candidate_2,candidate_3,candidate_5,candidate_4,5,0.028000000000000004
2,candidate_1,candidate_2,candidate_3,candidate_5,candidate_4,5,0.028000000000000004
3,candidate_1,candidate_2,candidate_3,candidate_5,candidate_4,5,0.028000000000000004
4,candidate_1,candidate_2,candidate_3,candidate_5,candidate_4,5,0.028000000000000004
5,candidate_1,candidate_2,candidate_3,candidate_5,candidate_4,5,0.028000000000000004
6,candidate_1,candidate_2,candidate_3,0,candidate_4,5,0.028000000000000004
7,candidate_1,candidate_2,candidate_3,candidate_5,candidate_4,5,0.028000000000000004
8,candidate_1,candidate_2,candidate_3,candidate_5,candidate_4,5,0.028000000000000004
9,candidate_1,0,candidate_3,candidate_5,candidate_4,5,0.028000000000000004
10,candidate_1,candidate_2,candidate_3,candidate_5,candidate_4,5,0.028000000000000004
11,candidate_1,candidate_2,candidate_3,candidate_5,candidate_4,5,0.028000000000000004
12,candidate_1,candidate_2,candidate_3,candidate_5,candidate_4,5,0.028000000000000004
13,candidate_1,candidate_2,candidate_3,candidate_5,candidate_4,5,0.028000000000000004
14,candidate_1,candidate_2,candidate_3,candidate_5,candidate_4,5,0.028000000000000004
15,candidate_1,candidate_2,0,candidate_5,candidate_4,5,0.028000000000000004
16,candidate_1,candidate_2,candidate_3,candidate_5,candidate_4,5,0.028000000000000004
17,candidate_1,candidate_2,candidate_3,candidate_5,candidate_4,5,0.028000000000000004
18,candidate_1,candidate_2,candidate_3,candidate_5,candidate_4,5,0.028000000000000004
19,candidate_1,candidate_2,candidate_3,candidate_5,candidate_4,5,0.028000000000000004
20,candidate_1,candidate_2,candidate_3,candidate_5,candidate_4,5,0.028000000000000004
21,candidate_1,candidate_2,candidate_3,candidate_5,candidate_4,5,0.028000000000000004
22,candidate_1,candidate_2,candidate_3,candidate_5,candidate_4,5,0.028000000000000004
23,candidate_1,candidate_2,candidate_3,candidate_5,candidate_4,5,0.028000000000000004
24,candidate_1,candidate_2,candidate_3,candidate_5,candidate_4,5,0.028000000000000004
25,0,candidate_2,candidate_3,candidate_5,candidate_4,5,0.028000000000000004
26,candidate_1,candidate_2,candidate_3,candidate_5,candidate_4,5,0.028000000000000004
27,candidate_1,candidate_2,candidate_3,0,candidate_4,5,0.028000000000000004
28,candidate_1,candidate_2,candidate_3,candidate_5,candidate_4,5,0.028000000000000004
29,candidate_1,candidate_2,candidate_3,candidate_5,candidate_4,5,0.028000000000000004
30,candidate_1,candidate_2,candidate_3,candidate_5,candidate_4,5,0.028000000000000004
31,candidate_1,candidate_2,candidate_3,candidate_5,candidate_4,5,0.028000000000000004
32,candidate_1,candidate_2,candidate_3,candidate_5,candidate_4,5,0.028000000000000004
33,candidate_1,candidate_2,candidate_3,candidate_5,candidate_4,5,0.028000000000000004
34,candidate_1,candidate_2,candidate_3,candidate_5,candidate_4,5,0.028000000000000004
35,candidate_1,candidate_2,candidate_3,candidate_5,candidate_4,5,0.028000000000000004
36,candidate_1,candidate_2,candidate_3,candidate_5,candidate_4,5,0.028000000000000004
37,candidate_1,candidate_2,candidate_3,candidate_5,0,5,0.028000000000000004
38,candidate_1,candidate_2,candidate_3,candidate_5,candidate_4,5,0.028000000000000004
39,candidate_1,candidate_2,candidate_3,candidate_5,candidate_4,5,0.028000000000000004
40,candidate_1,candidate_2,candidate_3,candidate_5,0,5,0.028000000000000004
41,candidate_1,candidate_2,candidate_3,candidate_5,candidate_4,5,0.028000000000000004
42,candidate_1,candidate_2,candidate_3,0,candidate_4,5,0.028000000000000004
43,candidate_1,candidate_2,candidate_3,candidate_5,candidate_4,5,0.028000000000000004
44,candidate_1,candidate_2,candidate_3,candidate_5,candidate_4,5,0.028000000000000004
45,candidate_1,candidate_2,candidate_3,candidate_5,candidate_4,5,0.028000000000000004
46,candidate_1,candidate_2,candidate_3,candidate_5,candidate_4,5,0.028000000000000004
47,candidate_1,candidate_2,candidate_3,candidate_5,candidate_4,5,0.028000000000000004
48,candidate_1,candidate_2,candidate_3,candidate_5,candidate_4,5,0.028000000000000004
49,candidate_1,candidate_2,candidate_3,candidate_5,candidate_4,5,0.028000000000000004
50,candidate_1,candidate_2,candidate_3,candidate_5,candidate_4,5,0.028000000000000004
51,candidate_1,candidate_2,candidate_3,candidate_5,candidate_4,5,0.028000000000000004
52,candidate_1,candidate_2,candidate_3,candidate_5,candidate_4,5,0.028000000000000004
53,candidate_1,candidate_2,candidate_3,candidate_5,candidate_4,5,0.028000000000000004
54,candidate_1,candidate_2,candidate_3,candidate_5,candidate_4,5,0.028000000000000004
55,candidate_1,candidate_2,0,candidate_5,candidate_4,5,0.028000000000000004
56,candidate_1,candidate_2,candidate_3,candidate_5,candidate_4,5,0.028000000000000004
57,candidate_1,candidate_2,candidate_3,candidate_5,candidate_4,5,0.028000000000000004
58,candidate_1,candidate_2,candidate_3,candidate_5,candidate_4,5,0.028000000000000004
59,candidate_1,candidate_2,candidate_3,candidate_5,candidate_4,5,0.028000000000000004
60,candidate_1,candidate_2,candidate_3,candidate_5,candidate_4,5,0.028000000000000004
61,candidate_1,0,candidate_3,candidate_5,0,5,0.028000000000000004
62,candidate_1,candidate_2,candidate_3,candidate_5,candidate_4,5,0.028000000000000004
63,candidate_1,candidate_2,candidate_3,candidate_5,candidate_4,5,0.028000000000000004
64,candidate_1,0,candidate_3,candidate_5,candidate_4,5,0.028000000000000004
65,candidate_1,candidate_2,candidate_3,candidate_5,candidate_4,5,0.028000000000000004
66,candidate_1,candidate_2,candidate_3,candidate_5,candidate_4,5,0.028000000000000004
67,candidate_1,candidate_2,candidate_3,candidate_5,candidate_4,5,0.028000000000000004
68,candidate_1,candidate_2,candidate_3,candidate_5,candidate_4,5,0.028000000000000004
69,candidate_1,candidate_2,candidate_3,candidate_5,candidate_4,5,0.028000000000000004
70,candidate_1,candidate_2,candidate_3,candidate_5,candidate_4,5,0.028000000000000004
71,candidate_1,candidate_2,candidate_3,candidate_5,candidate_4,5,0.028000000000000004
72,candidate_1,candidate_2,candidate_3,candidate_5,candidate_4,5,0.028000000000000004
73,candidate_1,candidate_2,candidate_3,candidate_5,candidate_4,5,0.028000000000000004
74,candidate_1,candidate_2,candidate_3,candidate_5,candidate_4,5,0.028000000000000004
75,candidate_1,candidate_2,candidate_3,candidate_5,candidate_4,5,0.028000000000000004
76,candidate_1,candidate_2,candidate_3,candidate_5,0,5,0.028000000000000004
77,candidate_1,0,0,candidate_5,candidate_4,5,0.028000000000000004
78,candidate_1,candidate_2,candidate_3,candidate_5,candidate_4,5,0.028000000000000004
79,candidate_1,candidate_2,0,0,candidate_4,5,0.028000000000000004
80,candidate_1,candidate_2,candidate_3,candidate_5,candidate_4,5,0.028000000000000004
81,candidate_1,candidate_2,candidate_3,candidate_5,candidate_4,5,0.028000000000000004
82,candidate_1,candidate_2,candidate_3,candidate_5,candidate_4,5,0.028000000000000004
83,candidate_1,candidate_2,candidate_3,candidate_5,candidate_4,5,0.028000000000000004
84,candidate_1,candidate_2,candidate_3,candidate_5,candidate_4,5,0.028000000000000004
85,candidate_1,candidate_2,candidate_3,candidate_5,0,5,0.028000000000000004
86,candidate_1,candidate_2,candidate_3,candidate_5,candidate_4,5,0.028000000000000004
87,candidate_1,candidate_2,candidate_3,candidate_5,candidate_4,5,0.028000000000000004
88,0,candidate_2,candidate_3,candidate_5,candidate_4,5,0.028000000000000004
89,candidate_1,candidate_2,candidate_3,candidate_5,candidate_4,5,0.028000000000000004
90,candidate_1,candidate_2,candidate_3,candidate_5,candidate_4,5,0.028000000000000004
91,candidate_1,candidate_2,candidate_3,candidate_5,candidate_4,5,0.028000000000000004
92,candidate_1,candidate_2,0,candidate_5,candidate_4,5,0.028000000000000004
93,candidate_1,candidate_2,candidate_3,candidate_5,candidate_4,5,0.028000000000000004
94,candidate_1,candidate_2,candidate_3,candidate_5,candidate_4,5,0.028000000000000004
95,candidate_1,candidate_2,candidate_3,candidate_5,candidate_4,5,0.028000000000000004
96,candidate_1,candidate_2,candidate_3,candidate_5,candidate_4,5,0.028000000000000004
97,candidate_1,candidate_2,candidate_3,candidate_5,candidate_4,5,0.028000000000000004
98,candidate_1,candidate_2,candidate_3,candidate_5,candidate_4,5,0.028000000000000004
99,candidate_1,candidate_2,candidate_3,candidate_5,candidate_4,5,0.028000000000000004
100,candidate_1,candidate_2,candidate_3,candidate_5,candidate_4,5,0.028000000000000004
101,candidate_1,candidate_2,candidate_3,candidate_5,candidate_4,5,0.028000000000000004
102,candidate_1,candidate_2,candidate_3,candidate_5,candidate_4,5,0.028000000000000004
103,candidate_1,candidate_2,candidate_3,candidate_5,0,5,0.028000000000000004
104,candidate_1,candidate_2,candidate_3,candidate_5,candidate_4,5,0.028000000000000004
105,candidate_1,candidate_2,candidate_3,candidate_5,candidate_4,5,0.028000000000000004
106,candidate_1,candidate_2,candidate_3,candidate_5,candidate_4,5,0.028000000000000004
107,candidate_1,candidate_2,candidate_3,candidate_5,candidate_4,5,0.028000000000000004
108,candidate_1,candidate_2,candidate_3,candidate_5,candidate_4,5,0.028000000000000004
109,candidate_1,candidate_2,candidate_3,candidate_5,candidate_4,5,0.028000000000000004
110,candidate_1,candidate_2,candidate_3,candidate_5,candidate_4,5,0.028000000000000004
111,candidate_1,candidate_2,candidate_3,candidate_5,candidate_4,5,0.028000000000000004
112,candidate_1,candidate_2,candidate_3,candidate_5,candidate_4,5,0.028000000000000004
113,candidate_1,candidate_2,candidate_3,candidate_5,candidate_4,5,0.028000000000000004
114,candidate_1,candidate_2,candidate_3,candidate_5,candidate_4,5,0.028000000000000004
115,candidate_1,candidate_2,candidate_3,candidate_5,candidate_4,5,0.028000000000000004
116,candidate_1,candidate_2,candidate_3,candidate_5,candidate_4,5,0.028000000000000004
117,candidate_1,candidate_2,candidate_3,candidate_5,candidate_4,5,0.028000000000000004
118,candidate_1,candidate_2,candidate_3,candidate_5,candidate_4,5,0.028000000000000004
119,candidate_1,candidate_2,candidate_3,candidate_5,candidate_4,5,0.028000000000000004
120,candidate_1,candidate_2,candidate_3,candidate_5,candidate_4,5,0.028000000000000004
121,candidate_1,candidate_2,candidate_3,candidate_5,candidate_4,5,0.028000000000000004
122,candidate_1,candidate_2,candidate_3,candidate_5,candidate_4,5,0.028000000000000004
123,candidate_1,candidate_2,candidate_3,candidate_5,candidate_4,5,0.028000000000000004
124,candidate_1,candidate_2,candidate_3,0,candidate_4,5,0.028000000000000004
125,candidate_1,candidate_2,0,candidate_5,candidate_4,5,0.028000000000000004
126,candidate_1,candidate_2,candidate_3,candidate_5,candidate_4,5,0.028000000000000004
127,candidate_1,candidate_2,candidate_3,candidate_5,candidate_4,5,0.028000000000000004
128,candidate_1,candidate_2,candidate_3,candidate_5,candidate_4,5,0.028000000000000004
129,candidate_1,candidate_2,candidate_3,candidate_5,candidate_4,5,0.028000000000000004
130,candidate_1,candidate_2,candidate_3,candidate_5,candidate_4,5,0.028000000000000004
131,candidate_1,candidate_2,candidate_3,candidate_5,candidate_4,5,0.028000000000000004
132,candidate_1,candidate_2,candidate_3,candidate_5,candidate_4,5,0.028000000000000004
133,candidate_1,candidate_2,candidate_3,candidate_5,candidate_4,5,0.028000000000000004
134,candidate_1,candidate_2,candidate_3,candidate_5,candidate_4,5,0.028000000000000004
135,candidate_1,candidate_2,candidate_3,candidate_5,candidate_4,5,0.028000000000000004
136,candidate_1,candidate_2,candidate_3,candidate_5,candidate_4,5,0.028000000000000004
137,candidate_1,candidate_2,candidate_3,candidate_5,candidate_4,5,0.028000000000000004
138,candidate_1,candidate_2,candidate_3,candidate_5,candidate_4,5,0.028000000000000004
139,candidate_1,candidate_2,candidate_3,candidate_5,candidate_4,5,0.028000000000000004
140,candidate_1,candidate_2,candidate_3,candidate_5,candidate_4,5,0.028000000000000004
141,candidate_1,candidate_2,candidate_3,candidate_5,candidate_4,5,0.028000000000000004
142,candidate_1,candidate_2,candidate_3,candidate_5,candidate_4,5,0.028000000000000004
143,candidate_1,candidate_2,candidate_3,candidate_5,candidate_4,5,0.028000000000000004
144,candidate_1,candidate_2,candidate_3,candidate_5,candidate_4,5,0.028000000000000004
145,0,candidate_2,candidate_3,candidate_5,candidate_4,5,0.028000000000000004
146,candidate_1,candidate_2,candidate_3,candidate_5,candidate_4,5,0.028000000000000004
147,candidate_1,candidate_2,candidate_3,candidate_5,candidate_4,5,0.028000000000000004
148,candidate_1,candidate_2,candidate_3,candidate_5,candidate_4,5,0.028000000000000004
149,candidate_1,candidate_2,candidate_3,candidate_5,candidate_4,5,0.028000000000000004
150,candidate_1,candidate_2,candidate_3,candidate_5,candidate_4,5,0.028000000000000004
151,candidate_1,candidate_2,candidate_3,candidate_5,candidate_4,5,0.028000000000000004
152,candidate_1,candidate_2,candidate_3,candidate_5,candidate_4,5,0.028000000000000004
153,candidate_1,candidate_2,candidate_3,candidate_5,candidate_4,5,0.028000000000000004
154,candidate_1,candidate_2,candidate_3,candidate_5,candidate_4,5,0.028000000000000004
155,candidate_1,candidate_2,candidate_3,candidate_5,candidate_4,5,0.028000000000000004
156,candidate_1,candidate_2,candidate_3,candidate_5,candidate_4,5,0.028000000000000004
157,candidate_1,candidate_2,candidate_3,candidate_5,candidate_4,5,0.028000000000000004
158,candidate_1,candidate_2,candidate_3,candidate_5,candidate_4,5,0.028000000000000004
159,candidate_1,candidate_2,candidate_3,candidate_5,candidate_4,5,0.028000000000000004
160,candidate_1,candidate_2,candidate_3,candidate_5,candidate_4,5,0.028000000000000004
161,candidate_1,candidate_2,candidate_3,candidate_5,candidate_4,5,0.028000000000000004
162,candidate_1,candidate_2,candidate_3,candidate_5,candidate_4,5,0.028000000000000004
163,candidate_1,candidate_2,candidate_3,candidate_5,candidate_4,5,0.028000000000000004
164,candidate_1,candidate_2,candidate_3,candidate_5,candidate_4,5,0.028000000000000004
165,candidate_1,candidate_2,candidate_3,candidate_5,candidate_4,5,0.028000000000000004
166,candidate_1,candidate_2,candidate_3,candidate_5,candidate_4,5,0.028000000000000004
167,candidate_1,candidate_2,candidate_3,candidate_5,candidate_4,5,0.028000000000000004
168,candidate_1,candidate_2,candidate_3,candidate_5,candidate_4,5,0.028000000000000004
169,candidate_1,candidate_2,candidate_3,candidate_5,candidate_4,5,0.028000000000000004
170,candidate_1,candidate_2,candidate_3,candidate_5,candidate_4,5,0.028000000000000004
171,0,candidate_2,candidate_3,candidate_5,candidate_4,5,0.028000000000000004
172,candidate_1,candidate_2,candidate_3,candidate_5,candidate_4,5,0.028000000000000004
173,candidate_1,candidate_2,candidate_3,candidate_5,candidate_4,5,0.028000000000000004
174,candidate_1,candidate_2,candidate_3,candidate_5,candidate_4,5,0.028000000000000004
175,candidate_1,candidate_2,candidate_3,candidate_5,candidate_4,5,0.028000000000000004
176,candidate_1,candidate_2,candidate_3,candidate_5,candidate_4,5,0.028000000000000004
177,candidate_1,candidate_2,candidate_3,candidate_5,candidate_4,5,0.028000000000000004
178,candidate_1,candidate_2,candidate_3,candidate_5,candidate_4,5,0.028000000000000004
179,candidate_1,candidate_2,candidate_3,candidate_5,candidate_4,5,0.028000000000000004
180,candidate_1,candidate_2,candidate_3,candidate_5,0,5,0.028000000000000004
181,candidate_1,candidate_2,candidate_3,candidate_5,candidate_4,5,0.028000000000000004
182,candidate_1,candidate_2,candidate_3,candidate_5,candidate_4,5,0.028000000000000004
183,candidate_1,candidate_2,candidate_3,candidate_5,candidate_4,5,0.028000000000000004
184,candidate_1,candidate_2,candidate_3,candidate_5,candidate_4,5,0.028000000000000004
185,candidate_1,candidate_2,candidate_3,candidate_5,candidate_4,5,0.028000000000000004
186,candidate_1,candidate_2,candidate_3,candidate_5,candidate_4,5,0.028000000000000004
187,candidate_1,candidate_2,candidate_3,candidate_5,candidate_4,5,0.028000000000000004
188,candidate_1,candidate_2,candidate_3,candidate_5,candidate_4,5,0.028000000000000004
189,candidate_1,0,candidate_3,candidate_5,candidate_4,5,0.028000000000000004
190,candidate_1,candidate_2,candidate_3,candidate_5,candidate_4,5,0.028000000000000004
191,candidate_1,candidate_2,candidate_3,candidate_5,candidate_4,5,0.028000000000000004
192,candidate_1,candidate_2,candidate_3,candidate_5,candidate_4,5,0.028000000000000004
193,candidate_1,candidate_2,candidate_3,candidate_5,candidate_4,5,0.028000000000000004
194,candidate_1,candidate_2,candidate_3,candidate_5,candidate_4,5,0.028000000000000004
195,candidate_1,candidate_2,candidate_3,candidate_5,candidate_4,5,0.028000000000000004
196,candidate_1,candidate_2,candidate_3,candidate_5,candidate_4,5,0.028000000000000004
197,candidate_1,candidate_2,candidate_3,candidate_5,candidate_4,5,0.028000000000000004
198,candidate_1,candidate_2,candidate_3,candidate_5,candidate_4,5,0.028000000000000004
199,candidate_1,candidate_2,candidate_3,candidate_5,candidate_4,5,0.028000000000000004
200,candidate_1,candidate_2,candidate_3,candidate_5,candidate_4,5,0.028000000000000004
201,candidate_1,candidate_2,candidate_3,candidate_5,candidate_4,5,0.028000000000000004
202,candidate_1,candidate_2,candidate_3,candidate_5,candidate_4,5,0.028000000000000004
203,candidate_1,candidate_2,candidate_3,candidate_5,candidate_4,5,0.028000000000000004
204,candidate_1,candidate_2,candidate_3,candidate_5,candidate_4,5,0.028000000000000004
205,candidate_1,candidate_2,candidate_3,candidate_5,candidate_4,5,0.028000000000000004
206,candidate_1,candidate_2,candidate_3,candidate_5,candidate_4,5,0.028000000000000004
207,candidate_1,candidate_2,candidate_3,candidate_5,candidate_4,5,0.028000000000000004
208,candidate_1,candidate_2,candidate_3,candidate_5,candidate_4,5,0.028000000000000004
209,candidate_1,candidate_2,candidate_3,candidate_5,candidate_4,5,0.028000000000000004
210,candidate_1,candidate_2,candidate_3,candidate_5,candidate_4,5,0.028000000000000004
211,candidate_1,candidate_2,candidate_3,candidate_5,candidate_4,5,0.028000000000000004
212,candidate_1,candidate_2,candidate_3,candidate_5,candidate_4,5,0.028000000000000004
213,candidate_1,candidate_2,candidate_3,candidate_5,candidate_4,5,0.028000000000000004
214,candidate_1,candidate_2,candidate_3,candidate_5,candidate_4,5,0.028000000000000004
215,candidate_1,0,candidate_3,candidate_5,0,5,0.028000000000000004
216,candidate_1,candidate_2,candidate_3,candidate_5,candidate_4,5,0.028000000000000004
217,candidate_1,candidate_2,candidate_3,candidate_5,candidate_4,5,0.028000000000000004
218,candidate_1,candidate_2,candidate_3,candidate_5,candidate_4,5,0.028000000000000004
219,candidate_1,candidate_2,candidate_3,candidate_5,candidate_4,5,0.028000000000000004
220,candidate_1,candidate_2,candidate_3,candidate_5,candidate_4,5,0.028000000000000004
221,candidate_1,candidate_2,candidate_3,candidate_5,candidate_4,5,0.028000000000000004
222,candidate_1,candidate_2,candidate_3,candidate_5,candidate_4,5,0.028000000000000004
223,candidate_1,candidate_2,candidate_3,candidate_5,candidate_4,5,0.028000000000000004
224,candidate_1,candidate_2,candidate_3,candidate_5,candidate_4,5,0.028000000000000004
225,candidate_1,candidate_2,candidate_3,candidate_5,candidate_4,5,0.028000000000000004
226,candidate_1,candidate_2,candidate_3,candidate_5,candidate_4,5,0.028000000000000004
227,candidate_1,candidate_2,candidate_3,candidate_5,candidate_4,5,0.028000000000000004
228,candidate_1,candidate_2,candidate_3,candidate_5,candidate_4,5,0.028000000000000004
229,candidate_1,candidate_2,candidate_3,candidate_5,candidate_4,5,0.028000000000000004
230,candidate_1,candidate_2,candidate_3,candidate_5,candidate_4,5,0.028000000000000004
231,candidate_1,candidate_2,candidate_3,candidate_5,candidate_4,5,0.028000000000000004
232,candidate_1,candidate_2,candidate_3,candidate_5,candidate_4,5,0.028000000000000004
233,candidate_1,candidate_2,candidate_3,0,candidate_4,5,0.028000000000000004
234,candidate_1,candidate_2,candidate_3,candidate_5,candidate_4,5,0.028000000000000004
235,candidate_1,candidate_2,candidate_3,candidate_5,candidate_4,5,0.028000000000000004
236,candidate_1,candidate_2,candidate_3,candidate_5,candidate_4,5,0.028000000000000004
237,candidate_1,candidate_2,candidate_3,candidate_5,candidate_4,5,0.028000000000000004
238,candidate_1,candidate_2,candidate_3,candidate_5,candidate_4,5,0.028000000000000004
239,candidate_1,candidate_2,candidate_3,candidate_5,candidate_4,5,0.028000000000000004
240,candidate_1,candidate_2,candidate_3,candidate_5,candidate_4,5,0.028000000000000004
241,candidate_1,candidate_2,candidate_3,candidate_5,candidate_4,5,0.028000000000000004
242,candidate_1,candidate_2,candidate_3,candidate_5,candidate_4,5,0.028000000000000004
243,candidate_1,candidate_2,candidate_3,candidate_5,candidate_4,5,0.028000000000000004
244,candidate_1,candidate_2,candidate_3,candidate_5,candidate_4,5,0.028000000000000004
245,candidate_1,candidate_2,candidate_3,candidate_5,candidate_4,5,0.028000000000000004
246,candidate_1,0,candidate_3,candidate_5,candidate_4,5,0.028000000000000004
247,candidate_1,candidate_2,0,candidate_5,candidate_4,5,0.028000000000000004
248,candidate_1,candidate_2,candidate_3,candidate_5,candidate_4,5,0.028000000000000004
249,candidate_1,candidate_2,candidate_3,candidate_5,candidate_4,5,0.028000000000000004
250,candidate_1,candidate_2,candidate_3,candidate_5,candidate_4,5,0.028000000000000004
251,candidate_1,candidate_2,candidate_3,candidate_5,candidate_4,5,0.028000000000000004
252,candidate_1,candidate_2,candidate_3,candidate_5,candidate_4,5,0.028000000000000004
253,candidate_1,candidate_2,candidate_3,candidate_5,candidate_4,5,0.028000000000000004
254,candidate_1,candidate_2,candidate_3,candidate_5,candidate_4,5,0.028000000000000004
255,candidate_1,candidate_2,candidate_3,candidate_5,candidate_4,5,0.028000000000000004
256,candidate_1,candidate_2,candidate_3,candidate_5,candidate_4,5,0.028000000000000004
257,candidate_1,candidate_2,candidate_3,candidate_5,candidate_4,5,0.028000000000000004
258,candidate_1,candidate_2,candidate_3,0,candidate_4,5,0.028000000000000004
259,candidate_1,candidate_2,candidate_3,candidate_5,candidate_4,5,0.028000000000000004
260,candidate_1,candidate_2,candidate_3,candidate_5,candidate_4,5,0.028000000000000004
261,candidate_1,candidate_2,candidate_3,candidate_5,candidate_4,5,0.028000000000000004
262,candidate_1,candidate_2,candidate_3,candidate_5,candidate_4,5,0.028000000000000004
263,candidate_1,candidate_2,candidate_3,candidate_5,candidate_4,5,0.028000000000000004
264,candidate_1,candidate_2,candidate_3,candidate_5,candidate_4,5,0.028000000000000004
265,candidate_1,candidate_2,candidate_3,candidate_5,candidate_4,5,0.028000000000000004
266,candidate_1,candidate_2,candidate_3,candidate_5,candidate_4,5,0.028000000000000004
267,candidate_1,candidate_2,candidate_3,0,candidate_4,5,0.028000000000000004
268,candidate_1,candidate_2,candidate_3,candidate_5,candidate_4,5,0.028000000000000004
269,candidate_1,candidate_2,candidate_3,candidate_5,candidate_4,5,0.028000000000000004
270,candidate_1,candidate_2,candidate_3,candidate_5,candidate_4,5,0.028000000000000004
271,candidate_1,candidate_2,candidate_3,candidate_5,candidate_4,5,0.028000000000000004
272,candidate_1,candidate_2,candidate_3,candidate_5,candidate_4,5,0.028000000000000004
273,candidate_1,candidate_2,candidate_3,candidate_5,candidate_4,5,0.028000000000000004
274,candidate_1,candidate_2,candidate_3,candidate_5,candidate_4,5,0.028000000000000004
275,candidate_1,candidate_2,candidate_3,candidate_5,candidate_4,5,0.028000000000000004
276,candidate_1,candidate_2,candidate_3,candidate_5,candidate_4,5,0.028000000000000004
277,candidate_1,candidate_2,candidate_3,0,candidate_4,5,0.028000000000000004
278,candidate_1,candidate_2,candidate_3,candidate_5,candidate_4,5,0.028000000000000004
279,candidate_1,candidate_2,candidate_3,candidate_5,candidate_4,5,0.028000000000000004
280,candidate_1,candidate_2,candidate_3,candidate_5,candidate_4,5,0.028000000000000004
281,0,candidate_2,candidate_3,candidate_5,candidate_4,5,0.028000000000000004
282,candidate_1,candidate_2,candidate_3,0,candidate_4,5,0.028000000000000004
283,candidate_1,candidate_2,candidate_3,candidate_5,candidate_4,5,0.028000000000000004
284,candidate_1,candidate_2,candidate_3,candidate_5,candidate_4,5,0.028000000000000004
285,candidate_1,candidate_2,candidate_3,candidate_5,candidate_4,5,0.028000000000000004
286,candidate_1,candidate_2,candidate_3,0,candidate_4,5,0.028000000000000004
287,candidate_1,candidate_2,candidate_3,candidate_5,candidate_4,5,0.028000000000000004
288,candidate_1,candidate_2,candidate_3,candidate_5,candidate_4,5,0.028000000000000004
289,candidate_1,candidate_2,candidate_3,candidate_5,candidate_4,5,0.028000000000000004
290,candidate_1,candidate_2,candidate_3,candidate_5,candidate_4,5,0.028000000000000004
291,candidate_1,candidate_2,candidate_3,candidate_5,candidate_4,5,0.028000000000000004
292,candidate_1,candidate_2,candidate_3,candidate_5,candidate_4,5,0.028000000000000004
293,candidate_1,candidate_2,candidate_3,candidate_5,candidate_4,5,0.028000000000000004
294,candidate_1,candidate_2,candidate_3,candidate_5,candidate_4,5,0.028000000000000004
295,candidate_1,candidate_2,candidate_3,candidate_5,candidate_4,5,0.028000000000000004
296,candidate_1,candidate_2,candidate_3,candidate_5,candidate_4,5,0.028000000000000004
297,candidate_1,candidate_2,candidate_3,candidate_5,candidate_4,5,0.028000000000000004
298,candidate_1,candidate_2,candidate_3,candidate_5,candidate_4,5,0.028000000000000004
299,candidate_1,candidate_2,candidate_3,candidate_5,candidate_4,5,0.028000000000000004
300,candidate_1,candidate_2,candidate_3,candidate_5,candidate_4,5,0.028000000000000004
301,candidate_1,candidate_2,candidate_3,candidate_5,candidate_4,5,0.028000000000000004
302,candidate_1,candidate_2,candidate_3,candidate_5,candidate_4,5,0.028000000000000004
303,candidate_1,0,candidate_3,candidate_5,candidate_4,5,0.028000000000000004
304,candidate_1,candidate_2,candidate_3,candidate_5,candidate_4,5,0.028000000000000004
305,candidate_1,candidate_2,candidate_3,candidate_5,candidate_4,5,0.028000000000000004
306,candidate_1,candidate_2,candidate_3,candidate_5,candidate_4,5,0.028000000000000004
307,candidate_1,candidate_2,candidate_3,candidate_5,candidate_4,5,0.028000000000000004
308,candidate_1,candidate_2,candidate_3,candidate_5,candidate_4,5,0.028000000000000004
309,candidate_1,candidate_2,candidate_3,candidate_5,candidate_4,5,0.028000000000000004
310,candidate_1,candidate_2,candidate_3,candidate_5,candidate_4,5,0.028000000000000004
311,candidate_1,candidate_2,candidate_3,candidate_5,candidate_4,5,0.028000000000000004
312,candidate_1,candidate_2,candidate_3,candidate_5,candidate_4,5,0.028000000000000004
313,candidate_1,candidate_2,candidate_3,candidate_5,candidate_4,5,0.028000000000000004
314,candidate_1,candidate_2,candidate_3,candidate_5,candidate_4,5,0.028000000000000004
315,candidate_1,candidate_2,candidate_3,0,candidate_4,5,0.028000000000000004
316,candidate_1,candidate_2,candidate_3,candidate_5,candidate_4,5,0.028000000000000004
317,candidate_1,candidate_2,candidate_3,candidate_5,candidate_4,5,0.028000000000000004
318,0,candidate_2,candidate_3,candidate_5,candidate_4,5,0.028000000000000004
319,candidate_1,candidate_2,candidate_3,candidate_5,candidate_4,5,0.028000000000000004
320,candidate_1,candidate_2,candidate_3,candidate_5,candidate_4,5,0.028000000000000004
321,candidate_1,candidate_2,candidate_3,candidate_5,candidate_4,5,0.028000000000000004
322,candidate_1,candidate_2,candidate_3,candidate_5,candidate_4,5,0.028000000000000004
323,candidate_1,candidate_2,candidate_3,candidate_5,candidate_4,5,0.028000000000000004
324,candidate_1,candidate_2,candidate_3,candidate_5,candidate_4,5,0.028000000000000004
325,candidate_1,candidate_2,candidate_3,candidate_5,candidate_4,5,0.028000000000000004
326,candidate_1,candidate_2,candidate_3,candidate_5,candidate_4,5,0.028000000000000004
327,candidate_1,candidate_2,candidate_3,candidate_5,candidate_4,5,0.028000000000000004
328,candidate_1,candidate_2,candidate_3,candidate_5,candidate_4,5,0.028000000000000004
329,candidate_1,candidate_2,candidate_3,candidate_5,candidate_4,5,0.028000000000000004
330,candidate_1,candidate_2,candidate_3,candidate_5,candidate_4,5,0.028000000000000004
331,candidate_1,candidate_2,candidate_3,candidate_5,candidate_4,5,0.028000000000000004
332,candidate_1,candidate_2,candidate_3,candidate_5,candidate_4,5,0.028000000000000004
333,candidate_1,candidate_2,candidate_3,candidate_5,candidate_4,5,0.028000000000000004
334,candidate_1,candidate_2,candidate_3,candidate_5,candidate_4,5,0.028000000000000004
335,candidate_1,candidate_2,candidate_3,candidate_5,candidate_4,5,0.028000000000000004
336,candidate_1,candidate_2,candidate_3,candidate_5,candidate_4,5,0.028000000000000004
337,candidate_1,candidate_2,candidate_3,candidate_5,candidate_4,5,0.028000000000000004
338,candidate_1,candidate_2,candidate_3,candidate_5,candidate_4,5,0.028000000000000004
339,candidate_1,candidate_2,candidate_3,candidate_5,candidate_4,5,0.028000000000000004
340,candidate_1,candidate_2,candidate_3,candidate_5,candidate_4,5,0.028000000000000004
341,candidate_1,candidate_2,candidate_3,candidate_5,candidate_4,5,0.028000000000000004
342,candidate_1,candidate_2,candidate_3,candidate_5,candidate_4,5,0.028000000000000004
343,candidate_1,candidate_2,candidate_3,candidate_5,candidate_4,5,0.028000000000000004
344,candidate_1,candidate_2,candidate_3,candidate_5,candidate_4,5,0.028000000000000004
345,candidate_1,candidate_2,candidate_3,candidate_5,candidate_4,5,0.028000000000000004
346,candidate_1,candidate_2,candidate_3,candidate_5,candidate_4,5,0.028000000000000004
347,candidate_1,candidate_2,candidate_3,candidate_5,candidate_4,5,0.028000000000000004
348,candidate_1,candidate_2,candidate_3,candidate_5,candidate_4,5,0.028000000000000004
349,candidate_1,candidate_2,candidate_3,candidate_5,candidate_4,5,0.028000000000000004
350,candidate_1,candidate_2,candidate_3,candidate_5,candidate_4,5,0.028000000000000004
351,candidate_1,candidate_2,candidate_3,candidate_5,candidate_4,5,0.028000000000000004
352,candidate_1,candidate_2,0,candidate_5,candidate_4,5,0.028000000000000004
353,0,candidate_2,candidate_3,candidate_5,candidate_4,5,0.028000000000000004
354,candidate_1,candidate_2,candidate_3,candidate_5,candidate_4,5,0.028000000000000004
355,0,candidate_2,candidate_3,candidate_5,candidate_4,5,0.028000000000000004
356,candidate_1,candidate_2,candidate_3,candidate_5,candidate_4,5,0.028000000000000004
357,candidate_1,candidate_2,candidate_3,candidate_5,candidate_4,5,0.028000000000000004
358,candidate_1,candidate_2,candidate_3,candidate_5,candidate_4,5,0.028000000000000004
359,candidate_1,candidate_2,candidate_3,candidate_5,candidate_4,5,0.028000000000000004
360,candidate_1,candidate_2,candidate_3,candidate_5,candidate_4,5,0.028000000000000004
361,candidate_1,candidate_2,candidate_3,candidate_5,candidate_4,5,0.028000000000000004
362,candidate_1,candidate_2,candidate_3,candidate_5,candidate_4,5,0.028000000000000004
363,candidate_1,candidate_2,candidate_3,candidate_5,candidate_4,5,0.028000000000000004
364,candidate_1,candidate_2,candidate_3,candidate_5,candidate_4,5,0.028000000000000004
365,candidate_1,candidate_2,0,candidate_5,candidate_4,5,0.028000000000000004
366,candidate_1,candidate_2,candidate_3,candidate_5,candidate_4,5,0.028000000000000004
367,candidate_1,candidate_2,candidate_3,candidate_5,candidate_4,5,0.028000000000000004
368,candidate_1,candidate_2,candidate_3,candidate_5,candidate_4,5,0.028000000000000004
369,candidate_1,candidate_2,candidate_3,candidate_5,candidate_4,5,0.028000000000000004
370,candidate_1,candidate_2,candidate_3,candidate_5,candidate_4,5,0.028000000000000004
371,candidate_1,candidate_2,candidate_3,candidate_5,candidate_4,5,0.028000000000000004
372,candidate_1,candidate_2,candidate_3,candidate_5,candidate_4,5,0.028000000000000004
373,candidate_1,candidate_2,candidate_3,candidate_5,candidate_4,5,0.028000000000000004
374,candidate_1,candidate_2,candidate_3,candidate_5,candidate_4,5,0.028000000000000004
375,candidate_1,candidate_2,candidate_3,0,candidate_4,5,0.028000000000000004
376,candidate_1,candidate_2,candidate_3,candidate_5,candidate_4,5,0.028000000000000004
377,candidate_1,candidate_2,candidate_3,candidate_5,candidate_4,5,0.028000000000000004
378,candidate_1,candidate_2,candidate_3,0,candidate_4,5,0.028000000000000004
379,candidate_1,candidate_2,candidate_3,candidate_5,candidate_4,5,0.028000000000000004
380,candidate_1,candidate_2,candidate_3,candidate_5,candidate_4,5,0.028000000000000004
381,candidate_1,candidate_2,candidate_3,candidate_5,candidate_4,5,0.028000000000000004
382,candidate_1,candidate_2,candidate_3,candidate_5,candidate_4,5,0.028000000000000004
383,candidate_1,candidate_2,candidate_3,candidate_5,candidate_4,5,0.028000000000000004
384,candidate_1,candidate_2,candidate_3,candidate_5,candidate_4,5,0.028000000000000004
385,candidate_1,candidate_2,candidate_3,candidate_5,candidate_4,5,0.028000000000000004
386,candidate_1,candidate_2,candidate_3,candidate_5,candidate_4,5,0.028000000000000004
387,candidate_1,candidate_2,candidate_3,candidate_5,candidate_4,5,0.028000000000000004
388,0,candidate_2,candidate_3,candidate_5,candidate_4,5,0.028000000000000004
389,candidate_1,candidate_2,candidate_3,candidate_5,candidate_4,5,0.028000000000000004
390,candidate_1,candidate_2,candidate_3,candidate_5,candidate_4,5,0.028000000000000004
391,candidate_1,candidate_2,candidate_3,candidate_5,candidate_4,5,0.028000000000000004
392,candidate_1,candidate_2,candidate_3,candidate_5,candidate_4,5,0.028000000000000004
393,candidate_1,candidate_2,candidate_3,candidate_5,candidate_4,5,0.028000000000000004
394,candidate_1,candidate_2,candidate_3,candidate_5,candidate_4,5,0.028000000000000004
395,candidate_1,candidate_2,candidate_3,candidate_5,candidate_4,5,0.028000000000000004
396,candidate_1,candidate_2,candidate_3,candidate_5,candidate_4,5,0.028000000000000004
397,candidate_1,0,candidate_3,candidate_5,candidate_4,5,0.028000000000000004
398,candidate_1,candidate_2,candidate_3,candidate_5,candidate_4,5,0.028000000000000004
399,candidate_1,candidate_2,0,candidate_5,candidate_4,5,0.028000000000000004
400,candidate_1,candidate_2,candidate_3,candidate_5,candidate_4,5,0.028000000000000004
401,candidate_1,candidate_2,candidate_3,candidate_5,candidate_4,5,0.028000000000000004
402,candidate_1,candidate_2,candidate_3,candidate_5,candidate_4,5,0.028000000000000004
403,candidate_1,candidate_2,candidate_3,candidate_5,candidate_4,5,0.028000000000000004
404,candidate_1,candidate_2,candidate_3,candidate_5,candidate_4,5,0.028000000000000004
405,candidate_1,candidate_2,candidate_3,candidate_5,0,5,0.028000000000000004
0,candidate_1,candidate_2,candidate_4,candidate_3,candidate_5,5,0.028000000000000004
1,candidate_1,candidate_2,candidate_4,candidate_3,0,5,0.028000000000000004
2,candidate_1,candidate_2,candidate_4,candidate_3,candidate_5,5,0.028000000000000004
3,candidate_1,candidate_2,candidate_4,candidate_3,candidate_5,5,0.028000000000000004
4,candidate_1,candidate_2,candidate_4,candidate_3,candidate_5,5,0.028000000000000004
5,candidate_1,candidate_2,candidate_4,candidate_3,candidate_5,5,0.028000000000000004
6,candidate_1,candidate_2,candidate_4,candidate_3,candidate_5,5,0.028000000000000004
7,0,candidate_2,candidate_4,candidate_3,candidate_5,5,0.028000000000000004
8,candidate_1,candidate_2,candidate_4,candidate_3,candidate_5,5,0.028000000000000004
9,candidate_1,candidate_2,candidate_4,candidate_3,candidate_5,5,0.028000000000000004
10,candidate_1,0,candidate_4,candidate_3,candidate_5,5,0.028000000000000004
11,candidate_1,candidate_2,candidate_4,candidate_3,0,5,0.028000000000000004
12,candidate_1,candidate_2,candidate_4,candidate_3,0,5,0.028000000000000004
13,candidate_1,candidate_2,candidate_4,candidate_3,0,5,0.028000000000000004
14,candidate_1,candidate_2,candidate_4,candidate_3,candidate_5,5,0.028000000000000004
15,candidate_1,candidate_2,candidate_4,candidate_3,candidate_5,5,0.028000000000000004
16,candidate_1,candidate_2,candidate_4,candidate_3,candidate_5,5,0.028000000000000004
17,candidate_1,candidate_2,candidate_4,candidate_3,candidate_5,5,0.028000000000000004
18,candidate_1,candidate_2,candidate_4,candidate_3,candidate_5,5,0.028000000000000004
19,candidate_1,candidate_2,candidate_4,candidate_3,candidate_5,5,0.028000000000000004
20,candidate_1,candidate_2,candidate_4,candidate_3,candidate_5,5,0.028000000000000004
21,candidate_1,candidate_2,candidate_4,candidate_3,candidate_5,5,0.028000000000000004
22,candidate_1,candidate_2,candidate_4,candidate_3,candidate_5,5,0.028000000000000004
23,candidate_1,candidate_2,0,candidate_3,candidate_5,5,0.028000000000000004
24,candidate_1,candidate_2,candidate_4,candidate_3,0,5,0.028000000000000004
25,candidate_1,candidate_2,candidate_4,candidate_3,candidate_5,5,0.028000000000000004
26,candidate_1,candidate_2,candidate_4,candidate_3,candidate_5,5,0.028000000000000004
27,candidate_1,candidate_2,candidate_4,candidate_3,candidate_5,5,0.028000000000000004
28,candidate_1,candidate_2,candidate_4,candidate_3,candidate_5,5,0.028000000000000004
29,candidate_1,candidate_2,candidate_4,candidate_3,candidate_5,5,0.028000000000000004
30,candidate_1,candidate_2,candidate_4,candidate_3,candidate_5,5,0.028000000000000004
31,candidate_1,candidate_2,0,candidate_3,candidate_5,5,0.028000000000000004
32,candidate_1,candidate_2,candidate_4,candidate_3,candidate_5,5,0.028000000000000004
33,candidate_1,candidate_2,candidate_4,candidate_3,candidate_5,5,0.028000000000000004
34,candidate_1,candidate_2,candidate_4,candidate_3,candidate_5,5,0.028000000000000004
35,candidate_1,candidate_2,candidate_4,candidate_3,candidate_5,5,0.028000000000000004
36,candidate_1,candidate_2,candidate_4,candidate_3,candidate_5,5,0.028000000000000004
37,candidate_1,candidate_2,candidate_4,candidate_3,candidate_5,5,0.028000000000000004
38,candidate_1,candidate_2,candidate_4,candidate_3,candidate_5,5,0.028000000000000004
39,candidate_1,candidate_2,candidate_4,candidate_3,candidate_5,5,0.028000000000000004
40,candidate_1,candidate_2,candidate_4,candidate_3,candidate_5,5,0.028000000000000004
41,candidate_1,candidate_2,candidate_4,candidate_3,candidate_5,5,0.028000000000000004
42,candidate_1,candidate_2,candidate_4,candidate_3,candidate_5,5,0.028000000000000004
43,candidate_1,candidate_2,candidate_4,candidate_3,candidate_5,5,0.028000000000000004
44,candidate_1,candidate_2,candidate_4,candidate_3,candidate_5,5,0.028000000000000004
45,candidate_1,candidate_2,candidate_4,candidate_3,candidate_5,5,0.028000000000000004
46,candidate_1,candidate_2,candidate_4,candidate_3,candidate_5,5,0.028000000000000004
47,candidate_1,candidate_2,candidate_4,candidate_3,candidate_5,5,0.028000000000000004
48,candidate_1,candidate_2,candidate_4,candidate_3,candidate_5,5,0.028000000000000004
49,candidate_1,candidate_2,candidate_4,candidate_3,0,5,0.028000000000000004
50,candidate_1,candidate_2,candidate_4,candidate_3,candidate_5,5,0.028000000000000004
51,candidate_1,candidate_2,candidate_4,candidate_3,candidate_5,5,0.028000000000000004
52,candidate_1,candidate_2,candidate_4,candidate_3,0,5,0.028000000000000004
53,candidate_1,candidate_2,candidate_4,candidate_3,candidate_5,5,0.028000000000000004
54,candidate_1,candidate_2,candidate_4,candidate_3,candidate_5,5,0.028000000000000004
55,candidate_1,candidate_2,candidate_4,candidate_3,candidate_5,5,0.028000000000000004
56,candidate_1,candidate_2,candidate_4,candidate_3,candidate_5,5,0.028000000000000004
57,0,candidate_2,candidate_4,candidate_3,candidate_5,5,0.028000000000000004
58,candidate_1,candidate_2,candidate_4,candidate_3,candidate_5,5,0.028000000000000004
59,candidate_1,candidate_2,candidate_4,candidate_3,candidate_5,5,0.028000000000000004
60,candidate_1,candidate_2,candidate_4,candidate_3,candidate_5,5,0.028000000000000004
61,candidate_1,candidate_2,candidate_4,candidate_3,candidate_5,5,0.028000000000000004
62,candidate_1,candidate_2,candidate_4,candidate_3,candidate_5,5,0.028000000000000004
63,candidate_1,candidate_2,candidate_4,candidate_3,candidate_5,5,0.028000000000000004
64,candidate_1,candidate_2,candidate_4,candidate_3,candidate_5,5,0.028000000000000004
65,candidate_1,candidate_2,candidate_4,candidate_3,candidate_5,5,0.028000000000000004
66,candidate_1,candidate_2,candidate_4,candidate_3,candidate_5,5,0.028000000000000004
67,candidate_1,candidate_2,candidate_4,candidate_3,candidate_5,5,0.028000000000000004
68,candidate_1,candidate_2,candidate_4,candidate_3,candidate_5,5,0.028000000000000004
69,candidate_1,candidate_2,candidate_4,candidate_3,candidate_5,5,0.028000000000000004
70,candidate_1,candidate_2,candidate_4,candidate_3,candidate_5,5,0.028000000000000004
71,candidate_1,candidate_2,candidate_4,candidate_3,candidate_5,5,0.028000000000000004
72,candidate_1,candidate_2,candidate_4,candidate_3,candidate_5,5,0.028000000000000004
73,candidate_1,candidate_2,candidate_4,candidate_3,candidate_5,5,0.028000000000000004
74,candidate_1,candidate_2,candidate_4,candidate_3,candidate_5,5,0.028000000000000004
75,candidate_1,candidate_2,candidate_4,candidate_3,candidate_5,5,0.028000000000000004
76,candidate_1,candidate_2,candidate_4,candidate_3,candidate_5,5,0.028000000000000004
77,candidate_1,candidate_2,candidate_4,candidate_3,candidate_5,5,0.028000000000000004
78,candidate_1,candidate_2,candidate_4,candidate_3,candidate_5,5,0.028000000000000004
79,candidate_1,candidate_2,candidate_4,candidate_3,candidate_5,5,0.028000000000000004
80,candidate_1,candidate_2,candidate_4,candidate_3,candidate_5,5,0.028000000000000004
81,candidate_1,candidate_2,0,candidate_3,candidate_5,5,0.028000000000000004
82,candidate_1,candidate_2,candidate_4,candidate_3,candidate_5,5,0.028000000000000004
83,candidate_1,candidate_2,candidate_4,candidate_3,candidate_5,5,0.028000000000000004
84,candidate_1,candidate_2,0,0,candidate_5,5,0.028000000000000004
85,candidate_1,candidate_2,candidate_4,candidate_3,candidate_5,5,0.028000000000000004
86,candidate_1,candidate_2,candidate_4,candidate_3,candidate_5,5,0.028000000000000004
87,candidate_1,candidate_2,candidate_4,candidate_3,candidate_5,5,0.028000000000000004
88,candidate_1,candidate_2,candidate_4,candidate_3,candidate_5,5,0.028000000000000004
89,candidate_1,candidate_2,candidate_4,candidate_3,candidate_5,5,0.028000000000000004
90,candidate_1,candidate_2,candidate_4,candidate_3,candidate_5,5,0.028000000000000004
91,candidate_1,candidate_2,candidate_4,candidate_3,candidate_5,5,0.028000000000000004
92,candidate_1,candidate_2,candidate_4,candidate_3,candidate_5,5,0.028000000000000004
93,candidate_1,candidate_2,candidate_4,candidate_3,candidate_5,5,0.028000000000000004
94,candidate_1,candidate_2,candidate_4,candidate_3,candidate_5,5,0.028000000000000004
95,candidate_1,candidate_2,candidate_4,candidate_3,candidate_5,5,0.028000000000000004
96,candidate_1,candidate_2,candidate_4,candidate_3,candidate_5,5,0.028000000000000004
97,candidate_1,candidate_2,candidate_4,candidate_3,candidate_5,5,0.028000000000000004
98,candidate_1,candidate_2,candidate_4,candidate_3,candidate_5,5,0.028000000000000004
99,candidate_1,candidate_2,candidate_4,candidate_3,candidate_5,5,0.028000000000000004
100,candidate_1,candidate_2,candidate_4,candidate_3,candidate_5,5,0.028000000000000004
101,candidate_1,candidate_2,candidate_4,candidate_3,candidate_5,5,0.028000000000000004
102,candidate_1,candidate_2,candidate_4,candidate_3,candidate_5,5,0.028000000000000004
103,candidate_1,candidate_2,candidate_4,candidate_3,candidate_5,5,0.028000000000000004
104,0,candidate_2,candidate_4,candidate_3,candidate_5,5,0.028000000000000004
105,candidate_1,candidate_2,candidate_4,candidate_3,candidate_5,5,0.028000000000000004
106,candidate_1,candidate_2,candidate_4,candidate_3,candidate_5,5,0.028000000000000004
107,candidate_1,candidate_2,candidate_4,candidate_3,candidate_5,5,0.028000000000000004
108,candidate_1,candidate_2,candidate_4,candidate_3,candidate_5,5,0.028000000000000004
109,candidate_1,candidate_2,candidate_4,candidate_3,candidate_5,5,0.028000000000000004
110,candidate_1,candidate_2,candidate_4,candidate_3,candidate_5,5,0.028000000000000004
111,candidate_1,candidate_2,candidate_4,candidate_3,candidate_5,5,0.028000000000000004
112,candidate_1,candidate_2,candidate_4,candidate_3,candidate_5,5,0.028000000000000004
113,candidate_1,candidate_2,candidate_4,candidate_3,candidate_5,5,0.028000000000000004
114,candidate_1,candidate_2,candidate_4,candidate_3,candidate_5,5,0.028000000000000004
115,candidate_1,candidate_2,candidate_4,candidate_3,candidate_5,5,0.028000000000000004
116,candidate_1,candidate_2,candidate_4,candidate_3,candidate_5,5,0.028000000000000004
117,candidate_1,candidate_2,candidate_4,candidate_3,candidate_5,5,0.028000000000000004
118,candidate_1,candidate_2,candidate_4,0,candidate_5,5,0.028000000000000004
119,candidate_1,candidate_2,candidate_4,candidate_3,candidate_5,5,0.028000000000000004
120,candidate_1,candidate_2,candidate_4,candidate_3,candidate_5,5,0.028000000000000004
121,candidate_1,candidate_2,candidate_4,candidate_3,candidate_5,5,0.028000000000000004
122,candidate_1,candidate_2,candidate_4,candidate_3,0,5,0.028000000000000004
123,candidate_1,candidate_2,candidate_4,candidate_3,candidate_5,5,0.028000000000000004
124,candidate_1,candidate_2,candidate_4,candidate_3,candidate_5,5,0.028000000000000004
125,candidate_1,candidate_2,candidate_4,candidate_3,candidate_5,5,0.028000000000000004
126,candidate_1,candidate_2,candidate_4,candidate_3,candidate_5,5,0.028000000000000004
127,0,candidate_2,candidate_4,0,candidate_5,5,0.028000000000000004
128,candidate_1,candidate_2,candidate_4,candidate_3,candidate_5,5,0.028000000000000004
129,candidate_1,candidate_2,candidate_4,candidate_3,candidate_5,5,0.028000000000000004
130,candidate_1,candidate_2,candidate_4,candidate_3,0,5,0.028000000000000004
131,candidate_1,candidate_2,candidate_4,candidate_3,candidate_5,5,0.028000000000000004
132,candidate_1,candidate_2,candidate_4,candidate_3,candidate_5,5,0.028000000000000004
133,candidate_1,candidate_2,candidate_4,candidate_3,candidate_5,5,0.028000000000000004
134,candidate_1,candidate_2,candidate_4,candidate_3,candidate_5,5,0.028000000000000004
135,candidate_1,candidate_2,candidate_4,candidate_3,candidate_5,5,0.028000000000000004
136,candidate_1,candidate_2,candidate_4,candidate_3,candidate_5,5,0.028000000000000004
137,candidate_1,candidate_2,candidate_4,candidate_3,candidate_5,5,0.028000000000000004
138,candidate_1,candidate_2,candidate_4,candidate_3,candidate_5,5,0.028000000000000004
139,candidate_1,candidate_2,candidate_4,0,candidate_5,5,0.028000000000000004
140,candidate_1,candidate_2,candidate_4,candidate_3,candidate_5,5,0.028000000000000004
141,candidate_1,candidate_2,candidate_4,candidate_3,candidate_5,5,0.028000000000000004
142,candidate_1,candidate_2,candidate_4,candidate_3,candidate_5,5,0.028000000000000004
143,candidate_1,candidate_2,candidate_4,candidate_3,candidate_5,5,0.028000000000000004
144,candidate_1,candidate_2,candidate_4,candidate_3,candidate_5,5,0.028000000000000004
145,candidate_1,candidate_2,candidate_4,candidate_3,candidate_5,5,0.028000000000000004
146,candidate_1,candidate_2,candidate_4,candidate_3,candidate_5,5,0.028000000000000004
147,candidate_1,candidate_2,candidate_4,candidate_3,candidate_5,5,0.028000000000000004
148,candidate_1,candidate_2,candidate_4,candidate_3,candidate_5,5,0.028000000000000004
149,candidate_1,candidate_2,candidate_4,candidate_3,candidate_5,5,0.028000000000000004
150,candidate_1,candidate_2,candidate_4,candidate_3,candidate_5,5,0.028000000000000004
151,candidate_1,candidate_2,candidate_4,candidate_3,candidate_5,5,0.028000000000000004
152,candidate_1,candidate_2,0,candidate_3,candidate_5,5,0.028000000000000004
153,candidate_1,candidate_2,candidate_4,candidate_3,candidate_5,5,0.028000000000000004
154,candidate_1,candidate_2,candidate_4,candidate_3,candidate_5,5,0.028000000000000004
155,candidate_1,candidate_2,candidate_4,candidate_3,candidate_5,5,0.028000000000000004
156,candidate_1,candidate_2,candidate_4,candidate_3,candidate_5,5,0.028000000000000004
157,candidate_1,candidate_2,candidate_4,candidate_3,candidate_5,5,0.028000000000000004
158,candidate_1,candidate_2,candidate_4,candidate_3,candidate_5,5,0.028000000000000004
159,candidate_1,candidate_2,candidate_4,candidate_3,0,5,0.028000000000000004
160,candidate_1,candidate_2,candidate_4,candidate_3,candidate_5,5,0.028000000000000004
161,candidate_1,candidate_2,candidate_4,candidate_3,candidate_5,5,0.028000000000000004
162,candidate_1,candidate_2,candidate_4,candidate_3,candidate_5,5,0.028000000000000004
163,candidate_1,candidate_2,candidate_4,candidate_3,candidate_5,5,0.028000000000000004
164,candidate_1,candidate_2,candidate_4,candidate_3,candidate_5,5,0.028000000000000004
165,candidate_1,candidate_2,candidate_4,candidate_3,candidate_5,5,0.028000000000000004
166,candidate_1,candidate_2,0,candidate_3,candidate_5,5,0.028000000000000004
167,candidate_1,candidate_2,candidate_4,candidate_3,candidate_5,5,0.028000000000000004
168,candidate_1,candidate_2,candidate_4,candidate_3,candidate_5,5,0.028000000000000004
169,candidate_1,candidate_2,candidate_4,candidate_3,candidate_5,5,0.028000000000000004
170,candidate_1,candidate_2,candidate_4,candidate_3,candidate_5,5,0.028000000000000004
171,candidate_1,candidate_2,candidate_4,0,candidate_5,5,0.028000000000000004
172,candidate_1,candidate_2,candidate_4,candidate_3,candidate_5,5,0.028000000000000004
173,candidate_1,candidate_2,candidate_4,candidate_3,candidate_5,5,0.028000000000000004
174,candidate_1,candidate_2,candidate_4,candidate_3,candidate_5,5,0.028000000000000004
175,candidate_1,candidate_2,candidate_4,candidate_3,candidate_5,5,0.028000000000000004
176,candidate_1,candidate_2,candidate_4,candidate_3,candidate_5,5,0.028000000000000004
177,candidate_1,candidate_2,candidate_4,candidate_3,candidate_5,5,0.028000000000000004
178,candidate_1,candidate_2,candidate_4,candidate_3,candidate_5,5,0.028000000000000004
179,candidate_1,candidate_2,candidate_4,candidate_3,candidate_5,5,0.028000000000000004
180,candidate_1,candidate_2,candidate_4,candidate_3,candidate_5,5,0.028000000000000004
181,candidate_1,candidate_2,candidate_4,candidate_3,candidate_5,5,0.028000000000000004
182,candidate_1,candidate_2,candidate_4,candidate_3,candidate_5,5,0.028000000000000004
183,candidate_1,candidate_2,candidate_4,candidate_3,candidate_5,5,0.028000000000000004
184,candidate_1,0,candidate_4,candidate_3,0,5,0.028000000000000004
185,candidate_1,candidate_2,candidate_4,candidate_3,0,5,0.028000000000000004
186,candidate_1,candidate_2,candidate_4,candidate_3,candidate_5,5,0.028000000000000004
187,candidate_1,candidate_2,candidate_4,candidate_3,candidate_5,5,0.028000000000000004
188,candidate_1,candidate_2,candidate_4,candidate_3,candidate_5,5,0.028000000000000004
189,candidate_1,candidate_2,candidate_4,candidate_3,candidate_5,5,0.028000000000000004
190,candidate_1,candidate_2,candidate_4,candidate_3,candidate_5,5,0.028000000000000004
191,candidate_1,candidate_2,candidate_4,candidate_3,candidate_5,5,0.028000000000000004
192,candidate_1,candidate_2,candidate_4,candidate_3,candidate_5,5,0.028000000000000004
193,candidate_1,candidate_2,candidate_4,candidate_3,candidate_5,5,0.028000000000000004
194,candidate_1,candidate_2,candidate_4,candidate_3,candidate_5,5,0.028000000000000004
195,candidate_1,candidate_2,candidate_4,candidate_3,candidate_5,5,0.028000000000000004
196,candidate_1,candidate_2,candidate_4,candidate_3,0,5,0.028000000000000004
197,candidate_1,candidate_2,candidate_4,candidate_3,candidate_5,5,0.028000000000000004
198,candidate_1,candidate_2,candidate_4,candidate_3,candidate_5,5,0.028000000000000004
199,candidate_1,candidate_2,candidate_4,candidate_3,candidate_5,5,0.028000000000000004
200,candidate_1,candidate_2,candidate_4,candidate_3,candidate_5,5,0.028000000000000004
201,candidate_1,candidate_2,candidate_4,candidate_3,candidate_5,5,0.028000000000000004
202,candidate_1,candidate_2,candidate_4,candidate_3,candidate_5,5,0.028000000000000004
203,candidate_1,candidate_2,candidate_4,candidate_3,candidate_5,5,0.028000000000000004
204,candidate_1,candidate_2,candidate_4,candidate_3,candidate_5,5,0.028000000000000004
205,candidate_1,candidate_2,candidate_4,candidate_3,candidate_5,5,0.028000000000000004
206,candidate_1,candidate_2,candidate_4,candidate_3,candidate_5,5,0.028000000000000004
207,candidate_1,candidate_2,candidate_4,0,candidate_5,5,0.028000000000000004
208,candidate_1,candidate_2,candidate_4,candidate_3,candidate_5,5,0.028000000000000004
209,candidate_1,candidate_2,candidate_4,candidate_3,candidate_5,5,0.028000000000000004
210,candidate_1,candidate_2,candidate_4,candidate_3,candidate_5,5,0.028000000000000004
211,candidate_1,candidate_2,candidate_4,candidate_3,candidate_5,5,0.028000000000000004
212,candidate_1,candidate_2,candidate_4,candidate_3,candidate_5,5,0.028000000000000004
213,candidate_1,candidate_2,candidate_4,0,candidate_5,5,0.028000000000000004
214,candidate_1,candidate_2,candidate_4,candidate_3,candidate_5,5,0.028000000000000004
215,candidate_1,candidate_2,candidate_4,candidate_3,candidate_5,5,0.028000000000000004
216,candidate_1,candidate_2,candidate_4,candidate_3,candidate_5,5,0.028000000000000004
217,candidate_1,candidate_2,candidate_4,candidate_3,candidate_5,5,0.028000000000000004
218,candidate_1,candidate_2,candidate_4,candidate_3,candidate_5,5,0.028000000000000004
219,candidate_1,candidate_2,candidate_4,candidate_3,candidate_5,5,0.028000000000000004
220,candidate_1,candidate_2,candidate_4,candidate_3,candidate_5,5,0.028000000000000004
221,candidate_1,candidate_2,candidate_4,candidate_3,candidate_5,5,0.028000000000000004
222,candidate_1,candidate_2,candidate_4,candidate_3,candidate_5,5,0.028000000000000004
223,candidate_1,candidate_2,candidate_4,candidate_3,candidate_5,5,0.028000000000000004
224,candidate_1,candidate_2,candidate_4,candidate_3,candidate_5,5,0.028000000000000004
225,candidate_1,candidate_2,candidate_4,candidate_3,candidate_5,5,0.028000000000000004
226,candidate_1,candidate_2,candidate_4,candidate_3,candidate_5,5,0.028000000000000004
227,candidate_1,candidate_2,candidate_4,candidate_3,candidate_5,5,0.028000000000000004
228,candidate_1,candidate_2,candidate_4,candidate_3,candidate_5,5,0.028000000000000004
229,candidate_1,candidate_2,candidate_4,candidate_3,candidate_5,5,0.028000000000000004
230,candidate_1,candidate_2,candidate_4,candidate_3,candidate_5,5,0.028000000000000004
231,candidate_1,candidate_2,candidate_4,candidate_3,candidate_5,5,0.028000000000000004
232,candidate_1,candidate_2,candidate_4,candidate_3,candidate_5,5,0.028000000000000004
233,candidate_1,candidate_2,0,candidate_3,candidate_5,5,0.028000000000000004
234,candidate_1,candidate_2,candidate_4,candidate_3,candidate_5,5,0.028000000000000004
235,candidate_1,candidate_2,candidate_4,candidate_3,candidate_5,5,0.028000000000000004
236,candidate_1,candidate_2,candidate_4,candidate_3,candidate_5,5,0.028000000000000004
237,candidate_1,candidate_2,0,candidate_3,candidate_5,5,0.028000000000000004
238,candidate_1,candidate_2,candidate_4,candidate_3,candidate_5,5,0.028000000000000004
239,candidate_1,candidate_2,candidate_4,candidate_3,candidate_5,5,0.028000000000000004
240,candidate_1,candidate_2,candidate_4,candidate_3,candidate_5,5,0.028000000000000004
241,candidate_1,candidate_2,candidate_4,candidate_3,candidate_5,5,0.028000000000000004
242,candidate_1,candidate_2,candidate_4,candidate_3,candidate_5,5,0.028000000000000004
243,candidate_1,0,candidate_4,candidate_3,candidate_5,5,0.028000000000000004
244,candidate_1,candidate_2,candidate_4,candidate_3,candidate_5,5,0.028000000000000004
245,candidate_1,candidate_2,candidate_4,candidate_3,candidate_5,5,0.028000000000000004
246,candidate_1,candidate_2,candidate_4,candidate_3,candidate_5,5,0.028000000000000004
247,candidate_1,candidate_2,candidate_4,candidate_3,candidate_5,5,0.028000000000000004
248,candidate_1,candidate_2,candidate_4,candidate_3,candidate_5,5,0.028000000000000004
249,candidate_1,candidate_2,candidate_4,candidate_3,candidate_5,5,0.028000000000000004
250,candidate_1,candidate_2,candidate_4,candidate_3,candidate_5,5,0.028000000000000004
251,candidate_1,candidate_2,candidate_4,candidate_3,candidate_5,5,0.028000000000000004
252,candidate_1,candidate_2,candidate_4,candidate_3,candidate_5,5,0.028000000000000004
253,candidate_1,candidate_2,candidate_4,candidate_3,candidate_5,5,0.028000000000000004
254,candidate_1,candidate_2,candidate_4,candidate_3,candidate_5,5,0.028000000000000004
255,candidate_1,candidate_2,candidate_4,candidate_3,candidate_5,5,0.028000000000000004
256,candidate_1,candidate_2,candidate_4,candidate_3,candidate_5,5,0.028000000000000004
257,candidate_1,candidate_2,candidate_4,candidate_3,candidate_5,5,0.028000000000000004
258,candidate_1,candidate_2,candidate_4,candidate_3,candidate_5,5,0.028000000000000004
259,candidate_1,candidate_2,candidate_4,candidate_3,candidate_5,5,0.028000000000000004
260,candidate_1,candidate_2,candidate_4,0,candidate_5,5,0.028000000000000004
261,candidate_1,candidate_2,candidate_4,candidate_3,candidate_5,5,0.028000000000000004
262,candidate_1,candidate_2,candidate_4,candidate_3,candidate_5,5,0.028000000000000004
263,candidate_1,candidate_2,candidate_4,candidate_3,candidate_5,5,0.028000000000000004
264,candidate_1,candidate_2,candidate_4,candidate_3,candidate_5,5,0.028000000000000004
265,candidate_1,candidate_2,candidate_4,candidate_3,candidate_5,5,0.028000000000000004
266,candidate_1,candidate_2,candidate_4,candidate_3,candidate_5,5,0.028000000000000004
267,candidate_1,candidate_2,candidate_4,candidate_3,candidate_5,5,0.028000000000000004
268,candidate_1,candidate_2,candidate_4,candidate_3,candidate_5,5,0.028000000000000004
269,candidate_1,0,candidate_4,candidate_3,candidate_5,5,0.028000000000000004
270,candidate_1,candidate_2,candidate_4,candidate_3,candidate_5,5,0.028000000000000004
271,candidate_1,candidate_2,candidate_4,candidate_3,candidate_5,5,0.028000000000000004
272,candidate_1,candidate_2,candidate_4,candidate_3,candidate_5,5,0.028000000000000004
273,candidate_1,candidate_2,candidate_4,candidate_3,candidate_5,5,0.028000000000000004
274,candidate_1,0,candidate_4,candidate_3,candidate_5,5,0.028000000000000004
275,candidate_1,candidate_2,candidate_4,candidate_3,candidate_5,5,0.028000000000000004
276,candidate_1,candidate_2,candidate_4,0,0,5,0.028000000000000004
277,candidate_1,candidate_2,candidate_4,candidate_3,candidate_5,5,0.028000000000000004
278,candidate_1,candidate_2,candidate_4,candidate_3,candidate_5,5,0.028000000000000004
279,candidate_1,candidate_2,candidate_4,candidate_3,candidate_5,5,0.028000000000000004
280,candidate_1,candidate_2,candidate_4,candidate_3,candidate_5,5,0.028000000000000004
281,candidate_1,candidate_2,candidate_4,candidate_3,0,5,0.028000000000000004
282,candidate_1,candidate_2,candidate_4,candidate_3,candidate_5,5,0.028000000000000004
283,candidate_1,candidate_2,candidate_4,candidate_3,candidate_5,5,0.028000000000000004
284,candidate_1,candidate_2,candidate_4,candidate_3,candidate_5,5,0.028000000000000004
285,candidate_1,0,candidate_4,candidate_3,candidate_5,5,0.028000000000000004
286,candidate_1,candidate_2,candidate_4,0,candidate_5,5,0.028000000000000004
287,candidate_1,candidate_2,candidate_4,candidate_3,candidate_5,5,0.028000000000000004
288,candidate_1,candidate_2,candidate_4,candidate_3,candidate_5,5,0.028000000000000004
289,0,candidate_2,candidate_4,candidate_3,candidate_5,5,0.028000000000000004
290,candidate_1,candidate_2,candidate_4,candidate_3,candidate_5,5,0.028000000000000004
291,candidate_1,0,candidate_4,candidate_3,candidate_5,5,0.028000000000000004
292,0,candidate_2,candidate_4,candidate_3,candidate_5,5,0.028000000000000004
293,candidate_1,candidate_2,candidate_4,candidate_3,candidate_5,5,0.028000000000000004
294,candidate_1,candidate_2,candidate_4,candidate_3,candidate_5,5,0.028000000000000004
0,0,candidate_2,candidate_4,candidate_5,candidate_3,5,0.028000000000000004
1,candidate_1,candidate_2,candidate_4,candidate_5,candidate_3,5,0.028000000000000004
2,candidate_1,candidate_2,0,candidate_5,candidate_3,5,0.028000000000000004
3,candidate_1,candidate_2,candidate_4,candidate_5,candidate_3,5,0.028000000000000004
4,candidate_1,candidate_2,candidate_4,candidate_5,candidate_3,5,0.028000000000000004
5,candidate_1,candidate_2,candidate_4,candidate_5,candidate_3,5,0.028000000000000004
6,candidate_1,candidate_2,candidate_4,candidate_5,candidate_3,5,0.028000000000000004
7,candidate_1,candidate_2,candidate_4,candidate_5,candidate_3,5,0.028000000000000004
8,candidate_1,candidate_2,candidate_4,candidate_5,candidate_3,5,0.028000000000000004
9,candidate_1,candidate_2,candidate_4,candidate_5,candidate_3,5,0.028000000000000004
10,candidate_1,candidate_2,candidate_4,candidate_5,candidate_3,5,0.028000000000000004
11,candidate_1,candidate_2,candidate_4,candidate_5,candidate_3,5,0.028000000000000004
12,candidate_1,0,candidate_4,candidate_5,candidate_3,5,0.028000000000000004
13,candidate_1,candidate_2,candidate_4,candidate_5,candidate_3,5,0.028000000000000004
14,candidate_1,candidate_2,candidate_4,candidate_5,candidate_3,5,0.028000000000000004
15,candidate_1,candidate_2,candidate_4,candidate_5,candidate_3,5,0.028000000000000004
16,candidate_1,candidate_2,candidate_4,candidate_5,candidate_3,5,0.028000000000000004
17,candidate_1,candidate_2,candidate_4,candidate_5,candidate_3,5,0.028000000000000004
18,candidate_1,candidate_2,candidate_4,candidate_5,candidate_3,5,0.028000000000000004
19,candidate_1,candidate_2,candidate_4,candidate_5,candidate_3,5,0.028000000000000004
20,candidate_1,candidate_2,candidate_4,candidate_5,candidate_3,5,0.028000000000000004
21,candidate_1,candidate_2,candidate_4,candidate_5,candidate_3,5,0.028000000000000004
22,candidate_1,candidate_2,candidate_4,candidate_5,candidate_3,5,0.028000000000000004
23,candidate_1,candidate_2,candidate_4,candidate_5,candidate_3,5,0.028000000000000004
24,candidate_1,candidate_2,candidate_4,candidate_5,candidate_3,5,0.028000000000000004
25,candidate_1,candidate_2,candidate_4,candidate_5,candidate_3,5,0.028000000000000004
26,candidate_1,candidate_2,candidate_4,candidate_5,candidate_3,5,0.028000000000000004
27,candidate_1,candidate_2,candidate_4,candidate_5,candidate_3,5,0.028000000000000004
28,candidate_1,candidate_2,candidate_4,0,candidate_3,5,0.028000000000000004
29,candidate_1,candidate_2,candidate_4,candidate_5,candidate_3,5,0.028000000000000004
30,candidate_1,candidate_2,candidate_4,candidate_5,candidate_3,5,0.028000000000000004
31,candidate_1,candidate_2,candidate_4,candidate_5,candidate_3,5,0.028000000000000004
32,candidate_1,candidate_2,candidate_4,candidate_5,candidate_3,5,0.028000000000000004
33,candidate_1,candidate_2,candidate_4,candidate_5,candidate_3,5,0.028000000000000004
34,candidate_1,candidate_2,candidate_4,candidate_5,candidate_3,5,0.028000000000000004
35,candidate_1,candidate_2,candidate_4,candidate_5,candidate_3,5,0.028000000000000004
36,candidate_1,candidate_2,candidate_4,candidate_5,candidate_3,5,0.028000000000000004
37,candidate_1,candidate_2,candidate_4,candidate_5,candidate_3,5,0.028000000000000004
38,candidate_1,candidate_2,candidate_4,candidate_5,candidate_3,5,0.028000000000000004
39,candidate_1,candidate_2,candidate_4,candidate_5,candidate_3,5,0.028000000000000004
40,candidate_1,candidate_2,candidate_4,candidate_5,candidate_3,5,0.028000000000000004
41,candidate_1,candidate_2,candidate_4,candidate_5,candidate_3,5,0.028000000000000004
42,candidate_1,candidate_2,candidate_4,candidate_5,candidate_3,5,0.028000000000000004
43,candidate_1,candidate_2,candidate_4,candidate_5,candidate_3,5,0.028000000000000004
44,candidate_1,candidate_2,candidate_4,candidate_5,candidate_3,5,0.028000000000000004
45,0,candidate_2,candidate_4,candidate_5,candidate_3,5,0.028000000000000004
46,candidate_1,candidate_2,candidate_4,candidate_5,candidate_3,5,0.028000000000000004
47,candidate_1,candidate_2,candidate_4,candidate_5,candidate_3,5,0.028000000000000004
48,candidate_1,candidate_2,candidate_4,candidate_5,candidate_3,5,0.028000000000000004
49,candidate_1,candidate_2,candidate_4,candidate_5,candidate_3,5,0.028000000000000004
50,candidate_1,candidate_2,candidate_4,0,candidate_3,5,0.028000000000000004
51,candidate_1,candidate_2,candidate_4,candidate_5,candidate_3,5,0.028000000000000004
52,candidate_1,candidate_2,candidate_4,candidate_5,candidate_3,5,0.028000000000000004
53,candidate_1,candidate_2,candidate_4,candidate_5,candidate_3,5,0.028000000000000004
54,candidate_1,candidate_2,candidate_4,candidate_5,candidate_3,5,0.028000000000000004
55,candidate_1,candidate_2,candidate_4,candidate_5,candidate_3,5,0.028000000000000004
56,candidate_1,candidate_2,candidate_4,candidate_5,candidate_3,5,0.028000000000000004
57,candidate_1,candidate_2,candidate_4,candidate_5,candidate_3,5,0.028000000000000004
58,candidate_1,candidate_2,candidate_4,candidate_5,candidate_3,5,0.028000000000000004
59,candidate_1,candidate_2,candidate_4,candidate_5,candidate_3,5,0.028000000000000004
60,candidate_1,candidate_2,candidate_4,candidate_5,candidate_3,5,0.028000000000000004
61,candidate_1,candidate_2,candidate_4,candidate_5,candidate_3,5,0.028000000000000004
62,candidate_1,candidate_2,candidate_4,candidate_5,candidate_3,5,0.028000000000000004
63,candidate_1,candidate_2,candidate_4,candidate_5,candidate_3,5,0.028000000000000004
64,candidate_1,candidate_2,candidate_4,candidate_5,candidate_3,5,0.028000000000000004
65,candidate_1,candidate_2,candidate_4,candidate_5,candidate_3,5,0.028000000000000004
66,candidate_1,candidate_2,candidate_4,candidate_5,candidate_3,5,0.028000000000000004
67,candidate_1,candidate_2,candidate_4,candidate_5,candidate_3,5,0.028000000000000004
68,candidate_1,candidate_2,candidate_4,candidate_5,candidate_3,5,0.028000000000000004
69,candidate_1,candidate_2,candidate_4,candidate_5,candidate_3,5,0.028000000000000004
70,candidate_1,candidate_2,candidate_4,candidate_5,candidate_3,5,0.028000000000000004
71,candidate_1,candidate_2,candidate_4,candidate_5,candidate_3,5,0.028000000000000004
72,candidate_1,candidate_2,candidate_4,candidate_5,candidate_3,5,0.028000000000000004
73,candidate_1,candidate_2,candidate_4,candidate_5,candidate_3,5,0.028000000000000004
74,candidate_1,candidate_2,candidate_4,candidate_5,candidate_3,5,0.028000000000000004
75,candidate_1,candidate_2,candidate_4,candidate_5,candidate_3,5,0.028000000000000004
76,candidate_1,candidate_2,candidate_4,candidate_5,candidate_3,5,0.028000000000000004
77,candidate_1,candidate_2,candidate_4,candidate_5,candidate_3,5,0.028000000000000004
78,candidate_1,candidate_2,candidate_4,candidate_5,candidate_3,5,0.028000000000000004
79,candidate_1,candidate_2,candidate_4,candidate_5,candidate_3,5,0.028000000000000004
80,candidate_1,candidate_2,candidate_4,candidate_5,candidate_3,5,0.028000000000000004
81,candidate_1,candidate_2,candidate_4,candidate_5,candidate_3,5,0.028000000000000004
82,candidate_1,candidate_2,candidate_4,candidate_5,candidate_3,5,0.028000000000000004
83,candidate_1,candidate_2,candidate_4,candidate_5,candidate_3,5,0.028000000000000004
84,candidate_1,candidate_2,candidate_4,candidate_5,candidate_3,5,0.028000000000000004
85,candidate_1,candidate_2,candidate_4,candidate_5,candidate_3,5,0.028000000000000004
86,candidate_1,candidate_2,candidate_4,candidate_5,candidate_3,5,0.028000000000000004
87,candidate_1,candidate_2,candidate_4,candidate_5,candidate_3,5,0.028000000000000004
88,candidate_1,candidate_2,candidate_4,candidate_5,candidate_3,5,0.028000000000000004
89,candidate_1,candidate_2,candidate_4,candidate_5,candidate_3,5,0.028000000000000004
90,candidate_1,candidate_2,0,candidate_5,candidate_3,5,0.028000000000000004
91,candidate_1,candidate_2,candidate_4,candidate_5,candidate_3,5,0.028000000000000004
92,candidate_1,candidate_2,candidate_4,candidate_5,candidate_3,5,0.028000000000000004
93,candidate_1,candidate_2,candidate_4,candidate_5,0,5,0.028000000000000004
94,candidate_1,candidate_2,candidate_4,candidate_5,candidate_3,5,0.028000000000000004
95,candidate_1,candidate_2,candidate_4,candidate_5,candidate_3,5,0.028000000000000004
96,candidate_1,candidate_2,candidate_4,candidate_5,candidate_3,5,0.028000000000000004
97,candidate_1,candidate_2,candidate_4,candidate_5,candidate_3,5,0.028000000000000004
98,candidate_1,candidate_2,candidate_4,candidate_5,candidate_3,5,0.028000000000000004
99,candidate_1,candidate_2,candidate_4,candidate_5,candidate_3,5,0.028000000000000004
100,candidate_1,candidate_2,candidate_4,candidate_5,candidate_3,5,0.028000000000000004
101,candidate_1,candidate_2,candidate_4,candidate_5,candidate_3,5,0.028000000000000004
102,candidate_1,candidate_2,candidate_4,candidate_5,candidate_3,5,0.028000000000000004
103,candidate_1,0,0,candidate_5,candidate_3,5,0.028000000000000004
104,candidate_1,candidate_2,candidate_4,candidate_5,candidate_3,5,0.028000000000000004
105,candidate_1,candidate_2,candidate_4,candidate_5,candidate_3,5,0.028000000000000004
106,candidate_1,candidate_2,candidate_4,candidate_5,candidate_3,5,0.028000000000000004
107,candidate_1,candidate_2,candidate_4,candidate_5,candidate_3,5,0.028000000000000004
108,candidate_1,candidate_2,candidate_4,0,candidate_3,5,0.028000000000000004
109,candidate_1,candidate_2,candidate_4,candidate_5,candidate_3,5,0.028000000000000004
110,candidate_1,candidate_2,candidate_4,candidate_5,candidate_3,5,0.028000000000000004
111,0,candidate_2,candidate_4,candidate_5,candidate_3,5,0.028000000000000004
112,candidate_1,candidate_2,candidate_4,candidate_5,candidate_3,5,0.028000000000000004
113,candidate_1,candidate_2,candidate_4,candidate_5,candidate_3,5,0.028000000000000004
114,candidate_1,candidate_2,candidate_4,candidate_5,candidate_3,5,0.028000000000000004
115,candidate_1,candidate_2,candidate_4,0,candidate_3,5,0.028000000000000004
116,candidate_1,candidate_2,0,candidate_5,candidate_3,5,0.028000000000000004
117,candidate_1,candidate_2,candidate_4,candidate_5,candidate_3,5,0.028000000000000004
118,candidate_1,candidate_2,candidate_4,candidate_5,candidate_3,5,0.028000000000000004
119,candidate_1,candidate_2,candidate_4,0,candidate_3,5,0.028000000000000004
120,candidate_1,candidate_2,candidate_4,candidate_5,candidate_3,5,0.028000000000000004
121,candidate_1,candidate_2,candidate_4,candidate_5,candidate_3,5,0.028000000000000004
122,candidate_1,candidate_2,0,candidate_5,candidate_3,5,0.028000000000000004
123,candidate_1,candidate_2,candidate_4,candidate_5,candidate_3,5,0.028000000000000004
124,candidate_1,candidate_2,candidate_4,candidate_5,candidate_3,5,0.028000000000000004
125,candidate_1,candidate_2,candidate_4,candidate_5,candidate_3,5,0.028000000000000004
126,candidate_1,candidate_2,candidate_4,candidate_5,candidate_3,5,0.028000000000000004
127,candidate_1,candidate_2,candidate_4,candidate_5,candidate_3,5,0.028000000000000004
128,candidate_1,candidate_2,candidate_4,candidate_5,candidate_3,5,0.028000000000000004
129,candidate_1,candidate_2,candidate_4,candidate_5,candidate_3,5,0.028000000000000004
130,candidate_1,candidate_2,candidate_4,candidate_5,0,5,0.028000000000000004
131,candidate_1,candidate_2,candidate_4,candidate_5,candidate_3,5,0.028000000000000004
132,candidate_1,candidate_2,candidate_4,candidate_5,candidate_3,5,0.028000000000000004
133,candidate_1,candidate_2,candidate_4,candidate_5,candidate_3,5,0.028000000000000004
134,candidate_1,candidate_2,candidate_4,candidate_5,candidate_3,5,0.028000000000000004
135,candidate_1,candidate_2,candidate_4,candidate_5,candidate_3,5,0.028000000000000004
136,candidate_1,candidate_2,candidate_4,candidate_5,candidate_3,5,0.028000000000000004
137,candidate_1,candidate_2,candidate_4,candidate_5,candidate_3,5,0.028000000000000004
138,candidate_1,candidate_2,candidate_4,candidate_5,candidate_3,5,0.028000000000000004
139,candidate_1,candidate_2,candidate_4,candidate_5,candidate_3,5,0.028000000000000004
140,candidate_1,candidate_2,candidate_4,candidate_5,candidate_3,5,0.028000000000000004
141,candidate_1,candidate_2,candidate_4,candidate_5,candidate_3,5,0.028000000000000004
142,candidate_1,candidate_2,candidate_4,candidate_5,candidate_3,5,0.028000000000000004
143,candidate_1,candidate_2,0,candidate_5,candidate_3,5,0.028000000000000004
144,candidate_1,candidate_2,candidate_4,candidate_5,candidate_3,5,0.028000000000000004
145,candidate_1,candidate_2,candidate_4,candidate_5,candidate_3,5,0.028000000000000004
146,candidate_1,candidate_2,candidate_4,candidate_5,candidate_3,5,0.028000000000000004
147,candidate_1,candidate_2,candidate_4,candidate_5,candidate_3,5,0.028000000000000004
148,candidate_1,0,candidate_4,candidate_5,candidate_3,5,0.028000000000000004
149,candidate_1,candidate_2,candidate_4,candidate_5,candidate_3,5,0.028000000000000004
150,candidate_1,candidate_2,candidate_4,candidate_5,candidate_3,5,0.028000000000000004
151,candidate_1,candidate_2,candidate_4,candidate_5,candidate_3,5,0.028000000000000004
152,candidate_1,candidate_2,candidate_4,candidate_5,candidate_3,5,0.028000000000000004
153,candidate_1,candidate_2,candidate_4,candidate_5,candidate_3,5,0.028000000000000004
154,candidate_1,candidate_2,candidate_4,candidate_5,candidate_3,5,0.028000000000000004
155,candidate_1,candidate_2,candidate_4,candidate_5,candidate_3,5,0.028000000000000004
156,candidate_1,candidate_2,candidate_4,candidate_5,candidate_3,5,0.028000000000000004
157,candidate_1,candidate_2,candidate_4,candidate_5,candidate_3,5,0.028000000000000004
158,candidate_1,candidate_2,candidate_4,0,candidate_3,5,0.028000000000000004
159,candidate_1,candidate_2,candidate_4,candidate_5,candidate_3,5,0.028000000000000004
160,candidate_1,0,candidate_4,candidate_5,candidate_3,5,0.028000000000000004
161,candidate_1,candidate_2,candidate_4,candidate_5,candidate_3,5,0.028000000000000004
162,candidate_1,candidate_2,candidate_4,candidate_5,candidate_3,5,0.028000000000000004
163,candidate_1,candidate_2,candidate_4,candidate_5,candidate_3,5,0.028000000000000004
164,candidate_1,candidate_2,candidate_4,candidate_5,candidate_3,5,0.028000000000000004
165,candidate_1,candidate_2,candidate_4,candidate_5,candidate_3,5,0.028000000000000004
166,candidate_1,candidate_2,candidate_4,candidate_5,candidate_3,5,0.028000000000000004
167,candidate_1,candidate_2,candidate_4,candidate_5,candidate_3,5,0.028000000000000004
168,candidate_1,candidate_2,candidate_4,candidate_5,candidate_3,5,0.028000000000000004
169,candidate_1,candidate_2,candidate_4,candidate_5,candidate_3,5,0.028000000000000004
170,candidate_1,candidate_2,candidate_4,0,candidate_3,5,0.028000000000000004
171,candidate_1,candidate_2,candidate_4,candidate_5,candidate_3,5,0.028000000000000004
172,candidate_1,candidate_2,candidate_4,candidate_5,candidate_3,5,0.028000000000000004
173,candidate_1,candidate_2,candidate_4,candidate_5,candidate_3,5,0.028000000000000004
174,candidate_1,candidate_2,candidate_4,candidate_5,candidate_3,5,0.028000000000000004
175,candidate_1,candidate_2,candidate_4,candidate_5,candidate_3,5,0.028000000000000004
176,candidate_1,candidate_2,candidate_4,candidate_5,candidate_3,5,0.028000000000000004
177,candidate_1,candidate_2,candidate_4,candidate_5,candidate_3,5,0.028000000000000004
178,candidate_1,candidate_2,candidate_4,candidate_5,candidate_3,5,0.028000000000000004
179,candidate_1,candidate_2,0,candidate_5,candidate_3,5,0.028000000000000004
180,candidate_1,candidate_2,candidate_4,candidate_5,candidate_3,5,0.028000000000000004
181,candidate_1,candidate_2,candidate_4,candidate_5,candidate_3,5,0.028000000000000004
182,candidate_1,candidate_2,candidate_4,candidate_5,candidate_3,5,0.028000000000000004
183,candidate_1,candidate_2,candidate_4,candidate_5,candidate_3,5,0.028000000000000004
184,candidate_1,candidate_2,candidate_4,candidate_5,candidate_3,5,0.028000000000000004
185,candidate_1,candidate_2,candidate_4,candidate_5,candidate_3,5,0.028000000000000004
186,candidate_1,0,candidate_4,candidate_5,candidate_3,5,0.028000000000000004
187,candidate_1,candidate_2,candidate_4,candidate_5,candidate_3,5,0.028000000000000004
188,candidate_1,0,candidate_4,candidate_5,0,5,0.028000000000000004
189,candidate_1,candidate_2,candidate_4,0,candidate_3,5,0.028000000000000004
190,candidate_1,candidate_2,candidate_4,candidate_5,candidate_3,5,0.028000000000000004
191,candidate_1,candidate_2,candidate_4,candidate_5,candidate_3,5,0.028000000000000004
192,candidate_1,candidate_2,candidate_4,candidate_5,candidate_3,5,0.028000000000000004
193,candidate_1,candidate_2,candidate_4,candidate_5,candidate_3,5,0.028000000000000004
194,candidate_1,candidate_2,candidate_4,candidate_5,candidate_3,5,0.028000000000000004
195,candidate_1,candidate_2,candidate_4,candidate_5,candidate_3,5,0.028000000000000004
196,candidate_1,candidate_2,candidate_4,candidate_5,candidate_3,5,0.028000000000000004
197,candidate_1,candidate_2,candidate_4,candidate_5,candidate_3,5,0.028000000000000004
198,0,candidate_2,candidate_4,candidate_5,candidate_3,5,0.028000000000000004
199,candidate_1,0,candidate_4,candidate_5,candidate_3,5,0.028000000000000004
200,candidate_1,candidate_2,candidate_4,0,candidate_3,5,0.028000000000000004
201,candidate_1,candidate_2,candidate_4,candidate_5,candidate_3,5,0.028000000000000004
202,candidate_1,0,candidate_4,candidate_5,candidate_3,5,0.028000000000000004
203,candidate_1,candidate_2,candidate_4,candidate_5,candidate_3,5,0.028000000000000004
204,candidate_1,candidate_2,candidate_4,candidate_5,candidate_3,5,0.028000000000000004
205,candidate_1,candidate_2,candidate_4,candidate_5,candidate_3,5,0.028000000000000004
206,0,candidate_2,candidate_4,candidate_5,candidate_3,5,0.028000000000000004
207,candidate_1,candidate_2,candidate_4,candidate_5,candidate_3,5,0.028000000000000004
208,candidate_1,candidate_2,candidate_4,candidate_5,candidate_3,5,0.028000000000000004
209,candidate_1,candidate_2,candidate_4,candidate_5,candidate_3,5,0.028000000000000004
210,candidate_1,candidate_2,candidate_4,0,candidate_3,5,0.028000000000000004
211,candidate_1,candidate_2,candidate_4,candidate_5,candidate_3,5,0.028000000000000004
212,candidate_1,candidate_2,candidate_4,candidate_5,candidate_3,5,0.028000000000000004
213,candidate_1,candidate_2,candidate_4,candidate_5,candidate_3,5,0.028000000000000004
214,candidate_1,candidate_2,candidate_4,candidate_5,candidate_3,5,0.028000000000000004
215,candidate_1,candidate_2,0,candidate_5,candidate_3,5,0.028000000000000004
216,candidate_1,candidate_2,candidate_4,candidate_5,candidate_3,5,0.028000000000000004
217,candidate_1,0,candidate_4,candidate_5,candidate_3,5,0.028000000000000004
218,candidate_1,candidate_2,candidate_4,candidate_5,candidate_3,5,0.028000000000000004
219,candidate_1,candidate_2,candidate_4,candidate_5,candidate_3,5,0.028000000000000004
220,candidate_1,candidate_2,candidate_4,candidate_5,candidate_3,5,0.028000000000000004
221,candidate_1,candidate_2,candidate_4,candidate_5,candidate_3,5,0.028000000000000004
222,0,candidate_2,candidate_4,candidate_5,candidate_3,5,0.028000000000000004
223,candidate_1,candidate_2,candidate_4,candidate_5,candidate_3,5,0.028000000000000004
224,candidate_1,candidate_2,candidate_4,candidate_5,candidate_3,5,0.028000000000000004
225,candidate_1,candidate_2,candidate_4,candidate_5,0,5,0.028000000000000004
226,candidate_1,candidate_2,0,candidate_5,candidate_3,5,0.028000000000000004
227,candidate_1,candidate_2,candidate_4,candidate_5,candidate_3,5,0.028000000000000004
228,candidate_1,candidate_2,candidate_4,candidate_5,candidate_3,5,0.028000000000000004
229,candidate_1,candidate_2,candidate_4,candidate_5,candidate_3,5,0.028000000000000004
230,candidate_1,candidate_2,candidate_4,candidate_5,candidate_3,5,0.028000000000000004
231,candidate_1,candidate_2,candidate_4,candidate_5,candidate_3,5,0.028000000000000004
232,candidate_1,candidate_2,candidate_4,candidate_5,candidate_3,5,0.028000000000000004
233,candidate_1,candidate_2,candidate_4,candidate_5,candidate_3,5,0.028000000000000004
234,0,candidate_2,candidate_4,candidate_5,candidate_3,5,0.028000000000000004
235,candidate_1,candidate_2,0,candidate_5,candidate_3,5,0.028000000000000004
236,candidate_1,candidate_2,candidate_4,candidate_5,candidate_3,5,0.028000000000000004
237,candidate_1,candidate_2,candidate_4,candidate_5,candidate_3,5,0.028000000000000004
238,candidate_1,candidate_2,candidate_4,candidate_5,candidate_3,5,0.028000000000000004
239,candidate_1,candidate_2,candidate_4,candidate_5,candidate_3,5,0.028000000000000004
240,candidate_1,candidate_2,candidate_4,candidate_5,candidate_3,5,0.028000000000000004
241,candidate_1,candidate_2,candidate_4,candidate_5,candidate_3,5,0.028000000000000004
242,candidate_1,candidate_2,candidate_4,candidate_5,candidate_3,5,0.028000000000000004
243,candidate_1,candidate_2,candidate_4,candidate_5,candidate_3,5,0.028000000000000004
244,candidate_1,candidate_2,candidate_4,candidate_5,candidate_3,5,0.028000000000000004
245,candidate_1,candidate_2,candidate_4,candidate_5,candidate_3,5,0.028000000000000004
246,candidate_1,0,0,candidate_5,candidate_3,5,0.028000000000000004
247,candidate_1,candidate_2,candidate_4,candidate_5,candidate_3,5,0.028000000000000004
248,candidate_1,candidate_2,candidate_4,candidate_5,candidate_3,5,0.028000000000000004
249,candidate_1,candidate_2,candidate_4,candidate_5,candidate_3,5,0.028000000000000004
250,candidate_1,candidate_2,candidate_4,candidate_5,candidate_3,5,0.028000000000000004
251,candidate_1,candidate_2,candidate_4,candidate_5,candidate_3,5,0.028000000000000004
252,candidate_1,candidate_2,candidate_4,0,candidate_3,5,0.028000000000000004
253,0,candidate_2,candidate_4,candidate_5,candidate_3,5,0.028000000000000004
254,candidate_1,candidate_2,candidate_4,candidate_5,candidate_3,5,0.028000000000000004
255,candidate_1,candidate_2,candidate_4,candidate_5,candidate_3,5,0.028000000000000004
256,candidate_1,candidate_2,candidate_4,candidate_5,candidate_3,5,0.028000000000000004
257,candidate_1,candidate_2,candidate_4,candidate_5,candidate_3,5,0.028000000000000004
258,candidate_1,candidate_2,candidate_4,candidate_5,candidate_3,5,0.028000000000000004
259,candidate_1,candidate_2,candidate_4,candidate_5,candidate_3,5,0.028000000000000004
260,candidate_1,candidate_2,candidate_4,candidate_5,candidate_3,5,0.028000000000000004
261,candidate_1,candidate_2,candidate_4,candidate_5,candidate_3,5,0.028000000000000004
262,candidate_1,candidate_2,candidate_4,candidate_5,candidate_3,5,0.028000000000000004
263,candidate_1,candidate_2,candidate_4,candidate_5,candidate_3,5,0.028000000000000004
264,candidate_1,candidate_2,candidate_4,candidate_5,candidate_3,5,0.028000000000000004
265,candidate_1,candidate_2,candidate_4,candidate_5,candidate_3,5,0.028000000000000004
266,candidate_1,candidate_2,candidate_4,candidate_5,candidate_3,5,0.028000000000000004
267,candidate_1,candidate_2,candidate_4,candidate_5,candidate_3,5,0.028000000000000004
268,candidate_1,0,candidate_4,candidate_5,candidate_3,5,0.028000000000000004
269,candidate_1,candidate_2,candidate_4,candidate_5,candidate_3,5,0.028000000000000004
270,candidate_1,candidate_2,candidate_4,candidate_5,0,5,0.028000000000000004
271,0,candidate_2,candidate_4,candidate_5,candidate_3,5,0.028000000000000004
272,candidate_1,candidate_2,candidate_4,candidate_5,candidate_3,5,0.028000000000000004
273,candidate_1,candidate_2,candidate_4,candidate_5,0,5,0.028000000000000004
274,candidate_1,candidate_2,candidate_4,candidate_5,candidate_3,5,0.028000000000000004
275,candidate_1,candidate_2,candidate_4,candidate_5,candidate_3,5,0.028000000000000004
276,candidate_1,candidate_2,candidate_4,candidate_5,candidate_3,5,0.028000000000000004
277,candidate_1,candidate_2,candidate_4,candidate_5,candidate_3,5,0.028000000000000004
278,candidate_1,candidate_2,candidate_4,candidate_5,candidate_3,5,0.028000000000000004
279,candidate_1,candidate_2,candidate_4,candidate_5,candidate_3,5,0.028000000000000004
280,candidate_1,candidate_2,candidate_4,candidate_5,candidate_3,5,0.028000000000000004
281,candidate_1,candidate_2,candidate_4,candidate_5,candidate_3,5,0.028000000000000004
282,candidate_1,candidate_2,candidate_4,candidate_5,candidate_3,5,0.028000000000000004
283,candidate_1,candidate_2,candidate_4,candidate_5,candidate_3,5,0.028000000000000004
284,candidate_1,candidate_2,candidate_4,candidate_5,candidate_3,5,0.028000000000000004
285,candidate_1,candidate_2,candidate_4,candidate_5,candidate_3,5,0.028000000000000004
286,candidate_1,candidate_2,candidate_4,candidate_5,candidate_3,5,0.028000000000000004
287,candidate_1,candidate_2,candidate_4,candidate_5,candidate_3,5,0.028000000000000004
288,candidate_1,candidate_2,candidate_4,candidate_5,candidate_3,5,0.028000000000000004
289,candidate_1,candidate_2,candidate_4,candidate_5,candidate_3,5,0.028000000000000004
290,candidate_1,candidate_2,candidate_4,candidate_5,candidate_3,5,0.028000000000000004
291,candidate_1,candidate_2,candidate_4,candidate_5,candidate_3,5,0.028000000000000004
292,candidate_1,candidate_2,candidate_4,candidate_5,candidate_3,5,0.028000000000000004
293,candidate_1,candidate_2,candidate_4,candidate_5,0,5,0.028000000000000004
294,candidate_1,candidate_2,candidate_4,candidate_5,candidate_3,5,0.028000000000000004
295,candidate_1,candidate_2,candidate_4,candidate_5,candidate_3,5,0.028000000000000004
296,candidate_1,candidate_2,candidate_4,candidate_5,candidate_3,5,0.028000000000000004
297,candidate_1,candidate_2,candidate_4,candidate_5,candidate_3,5,0.028000000000000004
298,candidate_1,candidate_2,candidate_4,candidate_5,candidate_3,5,0.028000000000000004
299,candidate_1,candidate_2,candidate_4,candidate_5,candidate_3,5,0.028000000000000004
300,candidate_1,candidate_2,candidate_4,candidate_5,candidate_3,5,0.028000000000000004
301,candidate_1,candidate_2,candidate_4,candidate_5,candidate_3,5,0.028000000000000004
302,candidate_1,candidate_2,candidate_4,candidate_5,candidate_3,5,0.028000000000000004
303,candidate_1,candidate_2,candidate_4,candidate_5,candidate_3,5,0.028000000000000004
304,candidate_1,candidate_2,candidate_4,candidate_5,candidate_3,5,0.028000000000000004
305,candidate_1,candidate_2,candidate_4,candidate_5,candidate_3,5,0.028000000000000004
306,candidate_1,0,candidate_4,candidate_5,candidate_3,5,0.028000000000000004
307,candidate_1,candidate_2,candidate_4,candidate_5,candidate_3,5,0.028000000000000004
308,candidate_1,candidate_2,candidate_4,candidate_5,candidate_3,5,0.028000000000000004
309,candidate_1,candidate_2,candidate_4,candidate_5,candidate_3,5,0.028000000000000004
310,candidate_1,candidate_2,candidate_4,candidate_5,candidate_3,5,0.028000000000000004
311,candidate_1,candidate_2,candidate_4,candidate_5,candidate_3,5,0.028000000000000004
312,candidate_1,candidate_2,candidate_4,candidate_5,candidate_3,5,0.028000000000000004
313,candidate_1,candidate_2,candidate_4,candidate_5,candidate_3,5,0.028000000000000004
314,candidate_1,candidate_2,candidate_4,candidate_5,candidate_3,5,0.028000000000000004
315,candidate_1,candidate_2,candidate_4,candidate_5,candidate_3,5,0.028000000000000004
316,candidate_1,candidate_2,candidate_4,candidate_5,candidate_3,5,0.028000000000000004
317,candidate_1,candidate_2,candidate_4,candidate_5,candidate_3,5,0.028000000000000004
318,candidate_1,candidate_2,candidate_4,candidate_5,candidate_3,5,0.028000000000000004
319,candidate_1,candidate_2,candidate_4,candidate_5,candidate_3,5,0.028000000000000004
320,candidate_1,candidate_2,candidate_4,candidate_5,candidate_3,5,0.028000000000000004
321,candidate_1,candidate_2,candidate_4,candidate_5,candidate_3,5,0.028000000000000004
322,candidate_1,candidate_2,candidate_4,candidate_5,candidate_3,5,0.028000000000000004
323,candidate_1,candidate_2,candidate_4,candidate_5,candidate_3,5,0.028000000000000004
324,candidate_1,candidate_2,candidate_4,candidate_5,candidate_3,5,0.028000000000000004
325,candidate_1,candidate_2,candidate_4,candidate_5,candidate_3,5,0.028000000000000004
326,candidate_1,0,0,candidate_5,candidate_3,5,0.028000000000000004
327,candidate_1,candidate_2,candidate_4,candidate_5,candidate_3,5,0.028000000000000004
328,candidate_1,candidate_2,candidate_4,candidate_5,candidate_3,5,0.028000000000000004
329,candidate_1,candidate_2,candidate_4,candidate_5,candidate_3,5,0.028000000000000004
330,candidate_1,candidate_2,candidate_4,0,candidate_3,5,0.028000000000000004
331,candidate_1,candidate_2,candidate_4,candidate_5,candidate_3,5,0.028000000000000004
332,candidate_1,candidate_2,candidate_4,candidate_5,candidate_3,5,0.028000000000000004
333,candidate_1,candidate_2,candidate_4,candidate_5,candidate_3,5,0.028000000000000004
334,candidate_1,candidate_2,candidate_4,candidate_5,candidate_3,5,0.028000000000000004
335,candidate_1,candidate_2,0,candidate_5,candidate_3,5,0.028000000000000004
336,candidate_1,candidate_2,candidate_4,candidate_5,candidate_3,5,0.028000000000000004
337,candidate_1,candidate_2,candidate_4,candidate_5,candidate_3,5,0.028000000000000004
338,candidate_1,candidate_2,candidate_4,candidate_5,candidate_3,5,0.028000000000000004
339,candidate_1,candidate_2,candidate_4,candidate_5,candidate_3,5,0.028000000000000004
340,0,candidate_2,candidate_4,candidate_5,candidate_3,5,0.028000000000000004
341,candidate_1,candidate_2,candidate_4,candidate_5,candidate_3,5,0.028000000000000004
342,0,candidate_2,candidate_4,candidate_5,0,5,0.028000000000000004
343,candidate_1,candidate_2,candidate_4,candidate_5,candidate_3,5,0.028000000000000004
344,candidate_1,candidate_2,candidate_4,candidate_5,candidate_3,5,0.028000000000000004
345,candidate_1,candidate_2,candidate_4,candidate_5,candidate_3,5,0.028000000000000004
346,candidate_1,candidate_2,candidate_4,candidate_5,candidate_3,5,0.028000000000000004
347,candidate_1,candidate_2,candidate_4,candidate_5,candidate_3,5,0.028000000000000004
348,candidate_1,candidate_2,candidate_4,candidate_5,candidate_3,5,0.028000000000000004
349,candidate_1,candidate_2,candidate_4,candidate_5,candidate_3,5,0.028000000000000004
350,candidate_1,candidate_2,candidate_4,candidate_5,candidate_3,5,0.028000000000000004
351,candidate_1,candidate_2,candidate_4,candidate_5,candidate_3,5,0.028000000000000004
352,candidate_1,candidate_2,candidate_4,candidate_5,candidate_3,5,0.028000000000000004
353,candidate_1,candidate_2,candidate_4,candidate_5,candidate_3,5,0.028000000000000004
354,candidate_1,candidate_2,candidate_4,candidate_5,candidate_3,5,0.028000000000000004
355,candidate_1,candidate_2,candidate_4,candidate_5,candidate_3,5,0.028000000000000004
356,candidate_1,candidate_2,candidate_4,candidate_5,candidate_3,5,0.028000000000000004
357,candidate_1,candidate_2,candidate_4,candidate_5,candidate_3,5,0.028000000000000004
358,candidate_1,candidate_2,candidate_4,candidate_5,candidate_3,5,0.028000000000000004
359,candidate_1,candidate_2,candidate_4,candidate_5,candidate_3,5,0.028000000000000004
360,candidate_1,candidate_2,candidate_4,candidate_5,candidate_3,5,0.028000000000000004
361,candidate_1,0,candidate_4,candidate_5,candidate_3,5,0.028000000000000004
362,candidate_1,candidate_2,candidate_4,candidate_5,candidate_3,5,0.028000000000000004
363,candidate_1,candidate_2,candidate_4,candidate_5,candidate_3,5,0.028000000000000004
364,candidate_1,candidate_2,candidate_4,candidate_5,candidate_3,5,0.028000000000000004
365,candidate_1,candidate_2,candidate_4,candidate_5,candidate_3,5,0.028000000000000004
366,candidate_1,candidate_2,candidate_4,candidate_5,candidate_3,5,0.028000000000000004
367,candidate_1,candidate_2,candidate_4,candidate_5,candidate_3,5,0.028000000000000004
368,candidate_1,candidate_2,candidate_4,candidate_5,candidate_3,5,0.028000000000000004
369,candidate_1,candidate_2,candidate_4,candidate_5,candidate_3,5,0.028000000000000004
370,candidate_1,candidate_2,candidate_4,candidate_5,candidate_3,5,0.028000000000000004
371,candidate_1,candidate_2,candidate_4,candidate_5,candidate_3,5,0.028000000000000004
372,candidate_1,candidate_2,candidate_4,candidate_5,candidate_3,5,0.028000000000000004
373,candidate_1,candidate_2,0,candidate_5,candidate_3,5,0.028000000000000004
374,candidate_1,candidate_2,candidate_4,candidate_5,candidate_3,5,0.028000000000000004
375,candidate_1,candidate_2,candidate_4,candidate_5,candidate_3,5,0.028000000000000004
376,candidate_1,candidate_2,candidate_4,candidate_5,candidate_3,5,0.028000000000000004
377,candidate_1,candidate_2,candidate_4,candidate_5,candidate_3,5,0.028000000000000004
378,candidate_1,candidate_2,candidate_4,candidate_5,candidate_3,5,0.028000000000000004
379,candidate_1,candidate_2,candidate_4,candidate_5,candidate_3,5,0.028000000000000004
380,candidate_1,candidate_2,candidate_4,candidate_5,candidate_3,5,0.028000000000000004
381,candidate_1,candidate_2,candidate_4,0,candidate_3,5,0.028000000000000004
382,candidate_1,candidate_2,candidate_4,candidate_5,candidate_3,5,0.028000000000000004
383,candidate_1,candidate_2,candidate_4,candidate_5,candidate_3,5,0.028000000000000004
384,candidate_1,0,candidate_4,candidate_5,candidate_3,5,0.028000000000000004
385,candidate_1,candidate_2,candidate_4,candidate_5,candidate_3,5,0.028000000000000004
386,candidate_1,candidate_2,candidate_4,candidate_5,candidate_3,5,0.028000000000000004
387,candidate_1,candidate_2,0,candidate_5,candidate_3,5,0.028000000000000004
388,candidate_1,candidate_2,candidate_4,candidate_5,candidate_3,5,0.028000000000000004
389,candidate_1,candidate_2,candidate_4,candidate_5,candidate_3,5,0.028000000000000004
390,candidate_1,candidate_2,candidate_4,candidate_5,candidate_3,5,0.028000000000000004
391,0,candidate_2,candidate_4,candidate_5,candidate_3,5,0.028000000000000004
392,candidate_1,candidate_2,candidate_4,candidate_5,candidate_3,5,0.028000000000000004
393,candidate_1,candidate_2,candidate_4,candidate_5,candidate_3,5,0.028000000000000004
394,candidate_1,candidate_2,candidate_4,candidate_5,candidate_3,5,0.028000000000000004
395,candidate_1,candidate_2,candidate_4,candidate_5,candidate_3,5,0.028000000000000004
396,candidate_1,candidate_2,candidate_4,candidate_5,candidate_3,5,0.028000000000000004
397,candidate_1,candidate_2,candidate_4,0,candidate_3,5,0.028000000000000004
398,candidate_1,candidate_2,0,candidate_5,0,5,0.028000000000000004
399,candidate_1,candidate_2,candidate_4,candidate_5,candidate_3,5,0.028000000000000004
400,candidate_1,candidate_2,candidate_4,candidate_5,candidate_3,5,0.028000000000000004
401,candidate_1,candidate_2,candidate_4,candidate_5,candidate_3,5,0.028000000000000004
402,candidate_1,candidate_2,candidate_4,candidate_5,candidate_3,5,0.028000000000000004
403,candidate_1,candidate_2,candidate_4,candidate_5,candidate_3,5,0.028000000000000004
404,candidate_1,candidate_2,candidate_4,candidate_5,candidate_3,5,0.028000000000000004
405,candidate_1,candidate_2,candidate_4,candidate_5,candidate_3,5,0.028000000000000004
406,candidate_1,candidate_2,candidate_4,candidate_5,candidate_3,5,0.028000000000000004
407,candidate_1,candidate_2,candidate_4,candidate_5,candidate_3,5,0.028000000000000004
408,candidate_1,candidate_2,candidate_4,candidate_5,candidate_3,5,0.028000000000000004
409,candidate_1,candidate_2,candidate_4,candidate_5,candidate_3,5,0.028000000000000004
410,candidate_1,candidate_2,candidate_4,candidate_5,candidate_3,5,0.028000000000000004
411,candidate_1,candidate_2,candidate_4,candidate_5,candidate_3,5,0.028000000000000004
412,candidate_1,candidate_2,candidate_4,candidate_5,candidate_3,5,0.028000000000000004
413,candidate_1,candidate_2,candidate_4,candidate_5,candidate_3,5,0.028000000000000004
414,candidate_1,candidate_2,candidate_4,candidate_5,candidate_3,5,0.028000000000000004
415,0,candidate_2,candidate_4,candidate_5,candidate_3,5,0.028000000000000004
416,candidate_1,candidate_2,candidate_4,candidate_5,candidate_3,5,0.028000000000000004
417,candidate_1,candidate_2,candidate_4,candidate_5,candidate_3,5,0.028000000000000004
418,candidate_1,candidate_2,candidate_4,candidate_5,candidate_3,5,0.028000000000000004
419,candidate_1,candidate_2,candidate_4,candidate_5,candidate_3,5,0.028000000000000004
420,0,0,candidate_4,candidate_5,candidate_3,5,0.028000000000000004
421,candidate_1,candidate_2,candidate_4,candidate_5,candidate_3,5,0.028000000000000004
422,candidate_1,candidate_2,0,0,candidate_3,5,0.028000000000000004
423,candidate_1,candidate_2,candidate_4,candidate_5,candidate_3,5,0.028000000000000004
424,candidate_1,candidate_2,candidate_4,candidate_5,candidate_3,5,0.028000000000000004
425,candidate_1,candidate_2,candidate_4,candidate_5,candidate_3,5,0.028000000000000004
426,candidate_1,candidate_2,candidate_4,candidate_5,candidate_3,5,0.028000000000000004
427,candidate_1,candidate_2,candidate_4,candidate_5,candidate_3,5,0.028000000000000004
428,candidate_1,candidate_2,candidate_4,candidate_5,candidate_3,5,0.028000000000000004
429,candidate_1,candidate_2,candidate_4,candidate_5,candidate_3,5,0.028000000000000004
430,candidate_1,candidate_2,candidate_4,candidate_5,candidate_3,5,0.028000000000000004
431,candidate_1,candidate_2,candidate_4,candidate_5,candidate_3,5,0.028000000000000004
432,candidate_1,candidate_2,candidate_4,candidate_5,candidate_3,5,0.028000000000000004
433,candidate_1,candidate_2,candidate_4,candidate_5,candidate_3,5,0.028000000000000004
434,candidate_1,candidate_2,candidate_4,candidate_5,candidate_3,5,0.028000000000000004
435,candidate_1,candidate_2,candidate_4,candidate_5,candidate_3,5,0.028000000000000004
436,candidate_1,candidate_2,candidate_4,candidate_5,candidate_3,5,0.028000000000000004
437,candidate_1,candidate_2,candidate_4,candidate_5,candidate_3,5,0.028000000000000004
438,candidate_1,candidate_2,candidate_4,candidate_5,candidate_3,5,0.028000000000000004
439,candidate_1,candidate_2,candidate_4,candidate_5,candidate_3,5,0.028000000000000004
440,candidate_1,candidate_2,candidate_4,candidate_5,candidate_3,5,0.028000000000000004
441,candidate_1,candidate_2,candidate_4,candidate_5,candidate_3,5,0.028000000000000004
442,candidate_1,candidate_2,candidate_4,candidate_5,candidate_3,5,0.028000000000000004
443,candidate_1,candidate_2,candidate_4,candidate_5,candidate_3,5,0.028000000000000004
444,candidate_1,candidate_2,candidate_4,candidate_5,candidate_3,5,0.028000000000000004
445,candidate_1,candidate_2,candidate_4,candidate_5,candidate_3,5,0.028000000000000004
446,candidate_1,candidate_2,candidate_4,0,candidate_3,5,0.028000000000000004
447,candidate_1,candidate_2,candidate_4,candidate_5,candidate_3,5,0.028000000000000004
448,candidate_1,candidate_2,candidate_4,candidate_5,candidate_3,5,0.028000000000000004
449,candidate_1,candidate_2,candidate_4,candidate_5,candidate_3,5,0.028000000000000004
450,candidate_1,candidate_2,candidate_4,candidate_5,candidate_3,5,0.028000000000000004
451,candidate_1,candidate_2,candidate_4,candidate_5,candidate_3,5,0.028000000000000004
452,candidate_1,candidate_2,candidate_4,candidate_5,candidate_3,5,0.028000000000000004
453,candidate_1,candidate_2,candidate_4,candidate_5,candidate_3,5,0.028000000000000004
454,candidate_1,candidate_2,candidate_4,candidate_5,candidate_3,5,0.028000000000000004
455,candidate_1,candidate_2,candidate_4,candidate_5,candidate_3,5,0.028000000000000004
456,candidate_1,candidate_2,candidate_4,candidate_5,candidate_3,5,0.028000000000000004
457,candidate_1,candidate_2,candidate_4,candidate_5,candidate_3,5,0.028000000000000004
458,candidate_1,candidate_2,candidate_4,candidate_5,candidate_3,5,0.028000000000000004
459,candidate_1,candidate_2,candidate_4,candidate_5,candidate_3,5,0.028000000000000004
460,candidate_1,candidate_2,candidate_4,candidate_5,candidate_3,5,0.028000000000000004
461,candidate_1,candidate_2,candidate_4,candidate_5,candidate_3,5,0.028000000000000004
462,candidate_1,candidate_2,candidate_4,candidate_5,candidate_3,5,0.028000000000000004
463,candidate_1,candidate_2,candidate_4,candidate_5,candidate_3,5,0.028000000000000004
464,candidate_1,candidate_2,candidate_4,candidate_5,candidate_3,5,0.028000000000000004
465,candidate_1,candidate_2,candidate_4,candidate_5,candidate_3,5,0.028000000000000004
466,candidate_1,candidate_2,candidate_4,candidate_5,candidate_3,5,0.028000000000000004
467,candidate_1,candidate_2,candidate_4,candidate_5,candidate_3,5,0.028000000000000004
468,candidate_1,candidate_2,candidate_4,candidate_5,candidate_3,5,0.028000000000000004
469,candidate_1,candidate_2,candidate_4,candidate_5,candidate_3,5,0.028000000000000004
470,candidate_1,candidate_2,candidate_4,candidate_5,candidate_3,5,0.028000000000000004
471,candidate_1,candidate_2,candidate_4,candidate_5,candidate_3,5,0.028000000000000004
472,candidate_1,candidate_2,candidate_4,candidate_5,candidate_3,5,0.028000000000000004
473,0,candidate_2,candidate_4,candidate_5,candidate_3,5,0.028000000000000004
474,candidate_1,candidate_2,candidate_4,candidate_5,candidate_3,5,0.028000000000000004
475,candidate_1,0,candidate_4,candidate_5,candidate_3,5,0.028000000000000004
476,candidate_1,candidate_2,candidate_4,candidate_5,candidate_3,5,0.028000000000000004
477,candidate_1,candidate_2,candidate_4,candidate_5,candidate_3,5,0.028000000000000004
478,candidate_1,candidate_2,candidate_4,candidate_5,candidate_3,5,0.028000000000000004
479,candidate_1,candidate_2,0,candidate_5,candidate_3,5,0.028000000000000004
480,candidate_1,candidate_2,candidate_4,candidate_5,candidate_3,5,0.028000000000000004
481,candidate_1,candidate_2,candidate_4,candidate_5,candidate_3,5,0.028000000000000004
482,candidate_1,candidate_2,candidate_4,candidate_5,candidate_3,5,0.028000000000000004
483,candidate_1,candidate_2,candidate_4,candidate_5,candidate_3,5,0.028000000000000004
484,candidate_1,candidate_2,candidate_4,candidate_5,candidate_3,5,0.028000000000000004
485,candidate_1,candidate_2,candidate_4,candidate_5,candidate_3,5,0.028000000000000004
486,candidate_1,candidate_2,candidate_4,candidate_5,candidate_3,5,0.028000000000000004
487,candidate_1,candidate_2,candidate_4,candidate_5,candidate_3,5,0.028000000000000004
488,candidate_1,0,candidate_4,candidate_5,candidate_3,5,0.028000000000000004
489,candidate_1,candidate_2,candidate_4,candidate_5,candidate_3,5,0.028000000000000004
490,candidate_1,candidate_2,candidate_4,0,candidate_3,5,0.028000000000000004
491,candidate_1,candidate_2,candidate_4,candidate_5,candidate_3,5,0.028000000000000004
492,candidate_1,candidate_2,candidate_4,candidate_5,candidate_3,5,0.028000000000000004
493,candidate_1,candidate_2,candidate_4,candidate_5,candidate_3,5,0.028000000000000004
494,candidate_1,candidate_2,candidate_4,candidate_5,candidate_3,5,0.028000000000000004
495,candidate_1,candidate_2,candidate_4,candidate_5,candidate_3,5,0.028000000000000004
496,candidate_1,candidate_2,candidate_4,candidate_5,candidate_3,5,0.028000000000000004
497,candidate_1,candidate_2,candidate_4,candidate_5,candidate_3,5,0.028000000000000004
0,candidate_1,candidate_2,candidate_5,candidate_3,candidate_4,5,0.028000000000000004
1,candidate_1,0,candidate_5,candidate_3,candidate_4,5,0.028000000000000004
2,candidate_1,candidate_2,candidate_5,candidate_3,candidate_4,5,0.028000000000000004
3,candidate_1,candidate_2,candidate_5,candidate_3,candidate_4,5,0.028000000000000004
4,candidate_1,candidate_2,candidate_5,candidate_3,candidate_4,5,0.028000000000000004
5,candidate_1,candidate_2,candidate_5,candidate_3,candidate_4,5,0.028000000000000004
6,candidate_1,candidate_2,candidate_5,candidate_3,candidate_4,5,0.028000000000000004
7,candidate_1,candidate_2,candidate_5,candidate_3,candidate_4,5,0.028000000000000004
8,candidate_1,candidate_2,candidate_5,candidate_3,candidate_4,5,0.028000000000000004
9,candidate_1,candidate_2,candidate_5,candidate_3,candidate_4,5,0.028000000000000004
10,candidate_1,candidate_2,candidate_5,candidate_3,candidate_4,5,0.028000000000000004
11,candidate_1,candidate_2,candidate_5,0,candidate_4,5,0.028000000000000004
12,candidate_1,candidate_2,candidate_5,candidate_3,candidate_4,5,0.028000000000000004
13,candidate_1,candidate_2,candidate_5,candidate_3,candidate_4,5,0.028000000000000004
14,candidate_1,candidate_2,candidate_5,candidate_3,candidate_4,5,0.028000000000000004
15,candidate_1,candidate_2,candidate_5,candidate_3,candidate_4,5,0.028000000000000004
16,candidate_1,candidate_2,candidate_5,candidate_3,candidate_4,5,0.028000000000000004
17,candidate_1,candidate_2,candidate_5,candidate_3,candidate_4,5,0.028000000000000004
18,candidate_1,candidate_2,candidate_5,candidate_3,0,5,0.028000000000000004
19,candidate_1,candidate_2,candidate_5,candidate_3,candidate_4,5,0.028000000000000004
20,candidate_1,candidate_2,candidate_5,candidate_3,candidate_4,5,0.028000000000000004
21,candidate_1,candidate_2,candidate_5,candidate_3,candidate_4,5,0.028000000000000004
22,candidate_1,candidate_2,candidate_5,candidate_3,candidate_4,5,0.028000000000000004
23,candidate_1,candidate_2,candidate_5,candidate_3,candidate_4,5,0.028000000000000004
24,candidate_1,candidate_2,candidate_5,candidate_3,candidate_4,5,0.028000000000000004
25,candidate_1,candidate_2,candidate_5,candidate_3,candidate_4,5,0.028000000000000004
26,candidate_1,candidate_2,candidate_5,candidate_3,candidate_4,5,0.028000000000000004
27,candidate_1,candidate_2,candidate_5,candidate_3,candidate_4,5,0.028000000000000004
28,candidate_1,candidate_2,0,candidate_3,candidate_4,5,0.028000000000000004
29,candidate_1,candidate_2,candidate_5,candidate_3,candidate_4,5,0.028000000000000004
30,candidate_1,candidate_2,candidate_5,candidate_3,candidate_4,5,0.028000000000000004
31,candidate_1,candidate_2,0,candidate_3,candidate_4,5,0.028000000000000004
32,candidate_1,candidate_2,candidate_5,candidate_3,candidate_4,5,0.028000000000000004
33,candidate_1,candidate_2,candidate_5,candidate_3,0,5,0.028000000000000004
34,candidate_1,candidate_2,candidate_5,candidate_3,candidate_4,5,0.028000000000000004
35,candidate_1,candidate_2,candidate_5,candidate_3,candidate_4,5,0.028000000000000004
36,candidate_1,candidate_2,candidate_5,candidate_3,candidate_4,5,0.028000000000000004
37,candidate_1,candidate_2,candidate_5,candidate_3,candidate_4,5,0.028000000000000004
38,candidate_1,candidate_2,candidate_5,candidate_3,candidate_4,5,0.028000000000000004
39,candidate_1,candidate_2,candidate_5,candidate_3,candidate_4,5,0.028000000000000004
40,candidate_1,candidate_2,candidate_5,0,candidate_4,5,0.028000000000000004
41,candidate_1,candidate_2,0,candidate_3,candidate_4,5,0.028000000000000004
42,candidate_1,candidate_2,candidate_5,candidate_3,candidate_4,5,0.028000000000000004
43,candidate_1,candidate_2,candidate_5,candidate_3,candidate_4,5,0.028000000000000004
44,candidate_1,candidate_2,candidate_5,candidate_3,candidate_4,5,0.028000000000000004
45,candidate_1,candidate_2,candidate_5,candidate_3,candidate_4,5,0.028000000000000004
46,candidate_1,candidate_2,candidate_5,candidate_3,candidate_4,5,0.028000000000000004
47,candidate_1,candidate_2,candidate_5,candidate_3,candidate_4,5,0.028000000000000004
48,candidate_1,candidate_2,candidate_5,candidate_3,candidate_4,5,0.028000000000000004
49,candidate_1,candidate_2,candidate_5,candidate_3,candidate_4,5,0.028000000000000004
50,candidate_1,candidate_2,candidate_5,candidate_3,candidate_4,5,0.028000000000000004
51,candidate_1,candidate_2,candidate_5,candidate_3,candidate_4,5,0.028000000000000004
52,candidate_1,candidate_2,candidate_5,candidate_3,candidate_4,5,0.028000000000000004
53,candidate_1,candidate_2,candidate_5,candidate_3,candidate_4,5,0.028000000000000004
54,candidate_1,candidate_2,candidate_5,candidate_3,candidate_4,5,0.028000000000000004
55,candidate_1,candidate_2,candidate_5,candidate_3,candidate_4,5,0.028000000000000004
56,candidate_1,candidate_2,candidate_5,candidate_3,candidate_4,5,0.028000000000000004
57,candidate_1,candidate_2,candidate_5,candidate_3,candidate_4,5,0.028000000000000004
58,0,candidate_2,candidate_5,candidate_3,candidate_4,5,0.028000000000000004
59,candidate_1,candidate_2,candidate_5,candidate_3,candidate_4,5,0.028000000000000004
60,candidate_1,candidate_2,candidate_5,candidate_3,candidate_4,5,0.028000000000000004
61,candidate_1,candidate_2,candidate_5,candidate_3,candidate_4,5,0.028000000000000004
62,candidate_1,candidate_2,candidate_5,candidate_3,candidate_4,5,0.028000000000000004
63,candidate_1,candidate_2,candidate_5,candidate_3,candidate_4,5,0.028000000000000004
64,candidate_1,candidate_2,candidate_5,candidate_3,candidate_4,5,0.028000000000000004
65,candidate_1,candidate_2,candidate_5,candidate_3,candidate_4,5,0.028000000000000004
66,candidate_1,candidate_2,candidate_5,candidate_3,candidate_4,5,0.028000000000000004
67,candidate_1,candidate_2,candidate_5,0,candidate_4,5,0.028000000000000004
68,candidate_1,candidate_2,candidate_5,candidate_3,candidate_4,5,0.028000000000000004
69,candidate_1,candidate_2,candidate_5,candidate_3,candidate_4,5,0.028000000000000004
70,candidate_1,candidate_2,candidate_5,candidate_3,candidate_4,5,0.028000000000000004
71,candidate_1,0,candidate_5,candidate_3,candidate_4,5,0.028000000000000004
72,candidate_1,candidate_2,candidate_5,candidate_3,candidate_4,5,0.028000000000000004
73,candidate_1,candidate_2,candidate_5,candidate_3,candidate_4,5,0.028000000000000004
74,candidate_1,candidate_2,candidate_5,candidate_3,candidate_4,5,0.028000000000000004
75,candidate_1,candidate_2,candidate_5,candidate_3,candidate_4,5,0.028000000000000004
76,candidate_1,candidate_2,candidate_5,candidate_3,candidate_4,5,0.028000000000000004
77,candidate_1,candidate_2,candidate_5,candidate_3,candidate_4,5,0.028000000000000004
78,candidate_1,candidate_2,candidate_5,candidate_3,candidate_4,5,0.028000000000000004
79,candidate_1,candidate_2,candidate_5,candidate_3,candidate_4,5,0.028000000000000004
80,candidate_1,candidate_2,candidate_5,candidate_3,candidate_4,5,0.028000000000000004
81,candidate_1,candidate_2,candidate_5,candidate_3,candidate_4,5,0.028000000000000004
82,candidate_1,candidate_2,candidate_5,candidate_3,candidate_4,5,0.028000000000000004
83,candidate_1,candidate_2,candidate_5,candidate_3,candidate_4,5,0.028000000000000004
84,candidate_1,candidate_2,candidate_5,candidate_3,candidate_4,5,0.028000000000000004
85,candidate_1,candidate_2,candidate_5,candidate_3,candidate_4,5,0.028000000000000004
86,candidate_1,candidate_2,candidate_5,candidate_3,candidate_4,5,0.028000000000000004
87,candidate_1,candidate_2,candidate_5,candidate_3,candidate_4,5,0.028000000000000004
88,candidate_1,candidate_2,candidate_5,candidate_3,0,5,0.028000000000000004
89,candidate_1,0,candidate_5,candidate_3,candidate_4,5,0.028000000000000004
90,candidate_1,candidate_2,candidate_5,candidate_3,candidate_4,5,0.028000000000000004
91,candidate_1,candidate_2,candidate_5,candidate_3,candidate_4,5,0.028000000000000004
92,candidate_1,candidate_2,candidate_5,candidate_3,candidate_4,5,0.028000000000000004
93,candidate_1,candidate_2,candidate_5,candidate_3,candidate_4,5,0.028000000000000004
94,candidate_1,candidate_2,candidate_5,candidate_3,candidate_4,5,0.028000000000000004
95,0,candidate_2,candidate_5,candidate_3,candidate_4,5,0.028000000000000004
96,candidate_1,candidate_2,candidate_5,candidate_3,0,5,0.028000000000000004
97,candidate_1,candidate_2,candidate_5,candidate_3,candidate_4,5,0.028000000000000004
98,candidate_1,candidate_2,candidate_5,candidate_3,candidate_4,5,0.028000000000000004
99,candidate_1,candidate_2,candidate_5,candidate_3,candidate_4,5,0.028000000000000004
100,candidate_1,candidate_2,candidate_5,candidate_3,candidate_4,5,0.028000000000000004
101,candidate_1,candidate_2,candidate_5,0,candidate_4,5,0.028000000000000004
102,candidate_1,candidate_2,candidate_5,candidate_3,candidate_4,5,0.028000000000000004
103,candidate_1,0,candidate_5,candidate_3,candidate_4,5,0.028000000000000004
104,candidate_1,candidate_2,candidate_5,candidate_3,candidate_4,5,0.028000000000000004
105,candidate_1,candidate_2,candidate_5,candidate_3,candidate_4,5,0.028000000000000004
106,candidate_1,candidate_2,candidate_5,candidate_3,candidate_4,5,0.028000000000000004
107,candidate_1,candidate_2,candidate_5,candidate_3,candidate_4,5,0.028000000000000004
108,candidate_1,candidate_2,candidate_5,candidate_3,candidate_4,5,0.028000000000000004
109,candidate_1,candidate_2,candidate_5,candidate_3,candidate_4,5,0.028000000000000004
110,candidate_1,candidate_2,candidate_5,candidate_3,candidate_4,5,0.028000000000000004
111,candidate_1,candidate_2,candidate_5,candidate_3,candidate_4,5,0.028000000000000004
112,candidate_1,candidate_2,candidate_5,candidate_3,candidate_4,5,0.028000000000000004
113,candidate_1,candidate_2,0,candidate_3,candidate_4,5,0.028000000000000004
114,candidate_1,candidate_2,candidate_5,0,0,5,0.028000000000000004
115,candidate_1,candidate_2,candidate_5,candidate_3,candidate_4,5,0.028000000000000004
116,candidate_1,candidate_2,candidate_5,candidate_3,candidate_4,5,0.028000000000000004
117,candidate_1,0,candidate_5,candidate_3,candidate_4,5,0.028000000000000004
118,candidate_1,candidate_2,candidate_5,candidate_3,candidate_4,5,0.028000000000000004
119,candidate_1,candidate_2,candidate_5,candidate_3,candidate_4,5,0.028000000000000004
120,candidate_1,candidate_2,candidate_5,candidate_3,candidate_4,5,0.028000000000000004
121,candidate_1,candidate_2,candidate_5,candidate_3,candidate_4,5,0.028000000000000004
122,candidate_1,candidate_2,candidate_5,candidate_3,candidate_4,5,0.028000000000000004
123,candidate_1,candidate_2,candidate_5,candidate_3,candidate_4,5,0.028000000000000004
124,candidate_1,candidate_2,candidate_5,candidate_3,candidate_4,5,0.028000000000000004
125,candidate_1,candidate_2,candidate_5,candidate_3,candidate_4,5,0.028000000000000004
126,candidate_1,candidate_2,candidate_5,candidate_3,candidate_4,5,0.028000000000000004
127,candidate_1,candidate_2,candidate_5,candidate_3,candidate_4,5,0.028000000000000004
128,candidate_1,candidate_2,candidate_5,candidate_3,candidate_4,5,0.028000000000000004
129,candidate_1,candidate_2,candidate_5,candidate_3,candidate_4,5,0.028000000000000004
130,candidate_1,candidate_2,candidate_5,candidate_3,candidate_4,5,0.028000000000000004
131,candidate_1,candidate_2,candidate_5,candidate_3,candidate_4,5,0.028000000000000004
132,candidate_1,candidate_2,candidate_5,candidate_3,candidate_4,5,0.028000000000000004
133,candidate_1,candidate_2,candidate_5,candidate_3,candidate_4,5,0.028000000000000004
134,candidate_1,candidate_2,candidate_5,candidate_3,candidate_4,5,0.028000000000000004
135,candidate_1,candidate_2,candidate_5,candidate_3,candidate_4,5,0.028000000000000004
136,candidate_1,candidate_2,candidate_5,candidate_3,candidate_4,5,0.028000000000000004
137,candidate_1,candidate_2,0,candidate_3,candidate_4,5,0.028000000000000004
138,candidate_1,candidate_2,candidate_5,candidate_3,candidate_4,5,0.028000000000000004
139,candidate_1,candidate_2,candidate_5,candidate_3,candidate_4,5,0.028000000000000004
140,candidate_1,candidate_2,candidate_5,candidate_3,candidate_4,5,0.028000000000000004
141,candidate_1,candidate_2,candidate_5,candidate_3,candidate_4,5,0.028000000000000004
142,candidate_1,candidate_2,candidate_5,candidate_3,candidate_4,5,0.028000000000000004
143,candidate_1,candidate_2,candidate_5,candidate_3,candidate_4,5,0.028000000000000004
144,candidate_1,candidate_2,candidate_5,candidate_3,candidate_4,5,0.028000000000000004
145,candidate_1,0,candidate_5,candidate_3,candidate_4,5,0.028000000000000004
146,candidate_1,candidate_2,candidate_5,candidate_3,candidate_4,5,0.028000000000000004
147,candidate_1,candidate_2,candidate_5,candidate_3,candidate_4,5,0.028000000000000004
148,candidate_1,candidate_2,candidate_5,candidate_3,candidate_4,5,0.028000000000000004
149,candidate_1,candidate_2,candidate_5,candidate_3,candidate_4,5,0.028000000000000004
150,candidate_1,candidate_2,candidate_5,candidate_3,candidate_4,5,0.028000000000000004
151,candidate_1,candidate_2,candidate_5,candidate_3,candidate_4,5,0.028000000000000004
152,candidate_1,candidate_2,candidate_5,candidate_3,candidate_4,5,0.028000000000000004
153,candidate_1,candidate_2,candidate_5,candidate_3,candidate_4,5,0.028000000000000004
154,candidate_1,candidate_2,candidate_5,candidate_3,candidate_4,5,0.028000000000000004
155,candidate_1,candidate_2,candidate_5,candidate_3,0,5,0.028000000000000004
156,candidate_1,candidate_2,candidate_5,candidate_3,candidate_4,5,0.028000000000000004
157,candidate_1,candidate_2,candidate_5,candidate_3,candidate_4,5,0.028000000000000004
158,candidate_1,candidate_2,candidate_5,candidate_3,candidate_4,5,0.028000000000000004
159,candidate_1,candidate_2,candidate_5,candidate_3,candidate_4,5,0.028000000000000004
160,candidate_1,candidate_2,candidate_5,candidate_3,candidate_4,5,0.028000000000000004
161,candidate_1,candidate_2,candidate_5,candidate_3,candidate_4,5,0.028000000000000004
162,candidate_1,candidate_2,candidate_5,candidate_3,candidate_4,5,0.028000000000000004
163,candidate_1,candidate_2,candidate_5,candidate_3,candidate_4,5,0.028000000000000004
164,candidate_1,candidate_2,candidate_5,candidate_3,candidate_4,5,0.028000000000000004
165,candidate_1,candidate_2,candidate_5,candidate_3,candidate_4,5,0.028000000000000004
166,candidate_1,candidate_2,candidate_5,candidate_3,candidate_4,5,0.028000000000000004
167,candidate_1,candidate_2,candidate_5,candidate_3,candidate_4,5,0.028000000000000004
168,candidate_1,candidate_2,candidate_5,candidate_3,candidate_4,5,0.028000000000000004
169,candidate_1,candidate_2,candidate_5,candidate_3,candidate_4,5,0.028000000000000004
170,candidate_1,candidate_2,candidate_5,candidate_3,candidate_4,5,0.028000000000000004
171,candidate_1,candidate_2,candidate_5,candidate_3,candidate_4,5,0.028000000000000004
172,candidate_1,candidate_2,candidate_5,candidate_3,candidate_4,5,0.028000000000000004
173,candidate_1,candidate_2,candidate_5,candidate_3,candidate_4,5,0.028000000000000004
174,candidate_1,candidate_2,candidate_5,candidate_3,0,5,0.028000000000000004
175,candidate_1,candidate_2,candidate_5,candidate_3,candidate_4,5,0.028000000000000004
176,candidate_1,candidate_2,0,candidate_3,candidate_4,5,0.028000000000000004
177,candidate_1,candidate_2,candidate_5,candidate_3,candidate_4,5,0.028000000000000004
178,candidate_1,candidate_2,candidate_5,candidate_3,candidate_4,5,0.028000000000000004
179,candidate_1,candidate_2,candidate_5,candidate_3,candidate_4,5,0.028000000000000004
180,candidate_1,candidate_2,candidate_5,candidate_3,candidate_4,5,0.028000000000000004
181,candidate_1,candidate_2,candidate_5,candidate_3,candidate_4,5,0.028000000000000004
182,0,candidate_2,candidate_5,candidate_3,candidate_4,5,0.028000000000000004
183,candidate_1,candidate_2,candidate_5,candidate_3,candidate_4,5,0.028000000000000004
184,candidate_1,candidate_2,candidate_5,candidate_3,candidate_4,5,0.028000000000000004
185,candidate_1,candidate_2,candidate_5,candidate_3,candidate_4,5,0.028000000000000004
186,candidate_1,candidate_2,0,candidate_3,candidate_4,5,0.028000000000000004
187,candidate_1,candidate_2,candidate_5,candidate_3,candidate_4,5,0.028000000000000004
188,candidate_1,candidate_2,candidate_5,candidate_3,candidate_4,5,0.028000000000000004
189,candidate_1,candidate_2,candidate_5,candidate_3,candidate_4,5,0.028000000000000004
190,candidate_1,candidate_2,candidate_5,candidate_3,candidate_4,5,0.028000000000000004
191,candidate_1,candidate_2,candidate_5,candidate_3,candidate_4,5,0.028000000000000004
192,candidate_1,candidate_2,candidate_5,candidate_3,candidate_4,5,0.028000000000000004
193,candidate_1,candidate_2,candidate_5,candidate_3,candidate_4,5,0.028000000000000004
194,candidate_1,candidate_2,candidate_5,candidate_3,candidate_4,5,0.028000000000000004
195,candidate_1,candidate_2,candidate_5,candidate_3,candidate_4,5,0.028000000000000004
196,candidate_1,candidate_2,candidate_5,candidate_3,candidate_4,5,0.028000000000000004
197,candidate_1,candidate_2,candidate_5,candidate_3,candidate_4,5,0.028000000000000004
198,candidate_1,candidate_2,candidate_5,candidate_3,candidate_4,5,0.028000000000000004
199,candidate_1,candidate_2,candidate_5,candidate_3,candidate_4,5,0.028000000000000004
200,candidate_1,0,candidate_5,candidate_3,0,5,0.028000000000000004
201,candidate_1,candidate_2,candidate_5,candidate_3,candidate_4,5,0.028000000000000004
202,candidate_1,candidate_2,candidate_5,candidate_3,candidate_4,5,0.028000000000000004
203,candidate_1,0,candidate_5,candidate_3,candidate_4,5,0.028000000000000004
204,candidate_1,candidate_2,candidate_5,candidate_3,candidate_4,5,0.028000000000000004
205,candidate_1,candidate_2,candidate_5,candidate_3,candidate_4,5,0.028000000000000004
206,candidate_1,candidate_2,candidate_5,candidate_3,candidate_4,5,0.028000000000000004
207,candidate_1,candidate_2,candidate_5,candidate_3,candidate_4,5,0.028000000000000004
208,candidate_1,candidate_2,candidate_5,candidate_3,candidate_4,5,0.028000000000000004
209,candidate_1,candidate_2,0,candidate_3,candidate_4,5,0.028000000000000004
210,candidate_1,candidate_2,candidate_5,candidate_3,candidate_4,5,0.028000000000000004
211,candidate_1,candidate_2,candidate_5,candidate_3,candidate_4,5,0.028000000000000004
212,candidate_1,candidate_2,candidate_5,candidate_3,candidate_4,5,0.028000000000000004
213,candidate_1,candidate_2,candidate_5,candidate_3,candidate_4,5,0.028000000000000004
214,candidate_1,candidate_2,candidate_5,candidate_3,candidate_4,5,0.028000000000000004
215,candidate_1,candidate_2,candidate_5,candidate_3,candidate_4,5,0.028000000000000004
216,candidate_1,candidate_2,candidate_5,candidate_3,candidate_4,5,0.028000000000000004
217,candidate_1,candidate_2,candidate_5,candidate_3,candidate_4,5,0.028000000000000004
218,candidate_1,candidate_2,candidate_5,candidate_3,candidate_4,5,0.028000000000000004
219,candidate_1,candidate_2,candidate_5,candidate_3,candidate_4,5,0.028000000000000004
220,candidate_1,candidate_2,candidate_5,candidate_3,candidate_4,5,0.028000000000000004
221,candidate_1,candidate_2,candidate_5,candidate_3,candidate_4,5,0.028000000000000004
222,candidate_1,candidate_2,candidate_5,candidate_3,candidate_4,5,0.028000000000000004
223,candidate_1,candidate_2,candidate_5,candidate_3,candidate_4,5,0.028000000000000004
224,candidate_1,candidate_2,candidate_5,candidate_3,candidate_4,5,0.028000000000000004
225,candidate_1,candidate_2,candidate_5,candidate_3,candidate_4,5,0.028000000000000004
226,candidate_1,candidate_2,candidate_5,candidate_3,candidate_4,5,0.028000000000000004
227,candidate_1,candidate_2,candidate_5,candidate_3,candidate_4,5,0.028000000000000004
228,candidate_1,candidate_2,candidate_5,candidate_3,candidate_4,5,0.028000000000000004
229,candidate_1,candidate_2,candidate_5,candidate_3,candidate_4,5,0.028000000000000004
230,candidate_1,candidate_2,candidate_5,candidate_3,candidate_4,5,0.028000000000000004
231,candidate_1,candidate_2,candidate_5,candidate_3,candidate_4,5,0.028000000000000004
232,candidate_1,candidate_2,candidate_5,candidate_3,candidate_4,5,0.028000000000000004
233,candidate_1,candidate_2,candidate_5,candidate_3,candidate_4,5,0.028000000000000004
234,candidate_1,candidate_2,candidate_5,candidate_3,candidate_4,5,0.028000000000000004
235,candidate_1,candidate_2,candidate_5,candidate_3,candidate_4,5,0.028000000000000004
236,candidate_1,candidate_2,candidate_5,candidate_3,candidate_4,5,0.028000000000000004
237,candidate_1,candidate_2,0,candidate_3,candidate_4,5,0.028000000000000004
238,candidate_1,candidate_2,candidate_5,candidate_3,candidate_4,5,0.028000000000000004
239,candidate_1,candidate_2,candidate_5,candidate_3,candidate_4,5,0.028000000000000004
240,candidate_1,candidate_2,0,candidate_3,candidate_4,5,0.028000000000000004
241,candidate_1,candidate_2,candidate_5,candidate_3,candidate_4,5,0.028000000000000004
242,candidate_1,candidate_2,candidate_5,candidate_3,candidate_4,5,0.028000000000000004
243,candidate_1,candidate_2,candidate_5,candidate_3,candidate_4,5,0.028000000000000004
244,candidate_1,candidate_2,candidate_5,candidate_3,candidate_4,5,0.028000000000000004
245,candidate_1,candidate_2,candidate_5,candidate_3,candidate_4,5,0.028000000000000004
246,candidate_1,candidate_2,candidate_5,candidate_3,candidate_4,5,0.028000000000000004
247,candidate_1,candidate_2,candidate_5,candidate_3,candidate_4,5,0.028000000000000004
248,candidate_1,candidate_2,candidate_5,candidate_3,candidate_4,5,0.028000000000000004
249,candidate_1,candidate_2,candidate_5,0,candidate_4,5,0.028000000000000004
250,candidate_1,candidate_2,candidate_5,candidate_3,candidate_4,5,0.028000000000000004
251,candidate_1,candidate_2,candidate_5,0,candidate_4,5,0.028000000000000004
252,candidate_1,candidate_2,candidate_5,candidate_3,candidate_4,5,0.028000000000000004
253,candidate_1,candidate_2,candidate_5,candidate_3,candidate_4,5,0.028000000000000004
254,candidate_1,candidate_2,candidate_5,candidate_3,candidate_4,5,0.028000000000000004
255,candidate_1,candidate_2,candidate_5,candidate_3,candidate_4,5,0.028000000000000004
256,candidate_1,candidate_2,candidate_5,candidate_3,candidate_4,5,0.028000000000000004
257,candidate_1,candidate_2,candidate_5,candidate_3,candidate_4,5,0.028000000000000004
258,candidate_1,candidate_2,candidate_5,candidate_3,candidate_4,5,0.028000000000000004
259,candidate_1,candidate_2,candidate_5,candidate_3,candidate_4,5,0.028000000000000004
260,candidate_1,candidate_2,candidate_5,candidate_3,candidate_4,5,0.028000000000000004
261,candidate_1,candidate_2,candidate_5,candidate_3,candidate_4,5,0.028000000000000004
262,candidate_1,candidate_2,candidate_5,candidate_3,candidate_4,5,0.028000000000000004
263,candidate_1,candidate_2,candidate_5,candidate_3,candidate_4,5,0.028000000000000004
264,candidate_1,candidate_2,candidate_5,candidate_3,candidate_4,5,0.028000000000000004
265,candidate_1,candidate_2,candidate_5,candidate_3,candidate_4,5,0.028000000000000004
266,candidate_1,candidate_2,candidate_5,candidate_3,candidate_4,5,0.028000000000000004
267,candidate_1,candidate_2,candidate_5,candidate_3,candidate_4,5,0.028000000000000004
268,0,candidate_2,candidate_5,candidate_3,candidate_4,5,0.028000000000000004
269,candidate_1,candidate_2,candidate_5,candidate_3,candidate_4,5,0.028000000000000004
270,candidate_1,candidate_2,candidate_5,candidate_3,candidate_4,5,0.028000000000000004
271,candidate_1,candidate_2,candidate_5,candidate_3,candidate_4,5,0.028000000000000004
272,candidate_1,candidate_2,candidate_5,candidate_3,candidate_4,5,0.028000000000000004
273,candidate_1,candidate_2,candidate_5,candidate_3,candidate_4,5,0.028000000000000004
274,candidate_1,candidate_2,candidate_5,candidate_3,candidate_4,5,0.028000000000000004
275,candidate_1,candidate_2,candidate_5,candidate_3,candidate_4,5,0.028000000000000004
276,candidate_1,candidate_2,candidate_5,candidate_3,candidate_4,5,0.028000000000000004
277,candidate_1,candidate_2,candidate_5,candidate_3,candidate_4,5,0.028000000000000004
278,candidate_1,candidate_2,candidate_5,candidate_3,candidate_4,5,0.028000000000000004
279,candidate_1,candidate_2,candidate_5,candidate_3,candidate_4,5,0.028000000000000004
280,candidate_1,candidate_2,candidate_5,candidate_3,candidate_4,5,0.028000000000000004
281,candidate_1,candidate_2,candidate_5,candidate_3,candidate_4,5,0.028000000000000004
282,candidate_1,candidate_2,candidate_5,candidate_3,candidate_4,5,0.028000000000000004
283,candidate_1,candidate_2,0,candidate_3,candidate_4,5,0.028000000000000004
284,candidate_1,candidate_2,candidate_5,candidate_3,candidate_4,5,0.028000000000000004
285,candidate_1,candidate_2,candidate_5,candidate_3,candidate_4,5,0.028000000000000004
286,candidate_1,candidate_2,candidate_5,candidate_3,candidate_4,5,0.028000000000000004
287,candidate_1,candidate_2,candidate_5,candidate_3,candidate_4,5,0.028000000000000004
288,candidate_1,candidate_2,candidate_5,candidate_3,candidate_4,5,0.028000000000000004
289,candidate_1,candidate_2,candidate_5,candidate_3,candidate_4,5,0.028000000000000004
290,candidate_1,candidate_2,candidate_5,candidate_3,candidate_4,5,0.028000000000000004
291,candidate_1,candidate_2,candidate_5,candidate_3,candidate_4,5,0.028000000000000004
292,candidate_1,candidate_2,candidate_5,candidate_3,candidate_4,5,0.028000000000000004
293,candidate_1,candidate_2,candidate_5,candidate_3,candidate_4,5,0.028000000000000004
294,candidate_1,candidate_2,candidate_5,candidate_3,candidate_4,5,0.028000000000000004
295,candidate_1,candidate_2,candidate_5,candidate_3,candidate_4,5,0.028000000000000004
296,candidate_1,candidate_2,candidate_5,candidate_3,candidate_4,5,0.028000000000000004
297,candidate_1,candidate_2,candidate_5,candidate_3,candidate_4,5,0.028000000000000004
298,candidate_1,candidate_2,candidate_5,candidate_3,candidate_4,5,0.028000000000000004
299,candidate_1,candidate_2,candidate_5,candidate_3,candidate_4,5,0.028000000000000004
300,candidate_1,candidate_2,candidate_5,candidate_3,candidate_4,5,0.028000000000000004
301,candidate_1,candidate_2,candidate_5,candidate_3,candidate_4,5,0.028000000000000004
302,candidate_1,candidate_2,candidate_5,candidate_3,candidate_4,5,0.028000000000000004
303,candidate_1,candidate_2,candidate_5,candidate_3,candidate_4,5,0.028000000000000004
304,candidate_1,candidate_2,candidate_5,candidate_3,candidate_4,5,0.028000000000000004
305,candidate_1,0,candidate_5,candidate_3,candidate_4,5,0.028000000000000004
306,candidate_1,candidate_2,candidate_5,candidate_3,candidate_4,5,0.028000000000000004
307,candidate_1,candidate_2,candidate_5,candidate_3,candidate_4,5,0.028000000000000004
308,candidate_1,candidate_2,candidate_5,0,candidate_4,5,0.028000000000000004
309,candidate_1,candidate_2,candidate_5,candidate_3,candidate_4,5,0.028000000000000004
310,candidate_1,candidate_2,candidate_5,candidate_3,candidate_4,5,0.028000000000000004
311,candidate_1,candidate_2,candidate_5,candidate_3,candidate_4,5,0.028000000000000004
312,candidate_1,candidate_2,candidate_5,candidate_3,candidate_4,5,0.028000000000000004
313,candidate_1,candidate_2,candidate_5,candidate_3,candidate_4,5,0.028000000000000004
314,candidate_1,candidate_2,candidate_5,0,candidate_4,5,0.028000000000000004
315,candidate_1,candidate_2,candidate_5,candidate_3,candidate_4,5,0.028000000000000004
316,candidate_1,candidate_2,candidate_5,0,candidate_4,5,0.028000000000000004
317,candidate_1,candidate_2,candidate_5,candidate_3,candidate_4,5,0.028000000000000004
318,candidate_1,candidate_2,candidate_5,candidate_3,candidate_4,5,0.028000000000000004
319,candidate_1,candidate_2,candidate_5,candidate_3,candidate_4,5,0.028000000000000004
320,candidate_1,candidate_2,candidate_5,candidate_3,candidate_4,5,0.028000000000000004
321,candidate_1,candidate_2,candidate_5,candidate_3,candidate_4,5,0.028000000000000004
322,candidate_1,candidate_2,candidate_5,candidate_3,candidate_4,5,0.028000000000000004
323,0,candidate_2,candidate_5,candidate_3,candidate_4,5,0.028000000000000004
324,candidate_1,candidate_2,candidate_5,candidate_3,candidate_4,5,0.028000000000000004
325,candidate_1,candidate_2,candidate_5,candidate_3,candidate_4,5,0.028000000000000004
326,candidate_1,candidate_2,candidate_5,candidate_3,candidate_4,5,0.028000000000000004
327,candidate_1,candidate_2,candidate_5,candidate_3,candidate_4,5,0.028000000000000004
328,candidate_1,candidate_2,candidate_5,candidate_3,candidate_4,5,0.028000000000000004
329,candidate_1,candidate_2,candidate_5,candidate_3,0,5,0.028000000000000004
330,candidate_1,candidate_2,candidate_5,candidate_3,candidate_4,5,0.028000000000000004
331,candidate_1,candidate_2,candidate_5,candidate_3,candidate_4,5,0.028000000000000004
332,candidate_1,candidate_2,candidate_5,candidate_3,candidate_4,5,0.028000000000000004
333,candidate_1,candidate_2,candidate_5,candidate_3,candidate_4,5,0.028000000000000004
334,candidate_1,candidate_2,candidate_5,candidate_3,candidate_4,5,0.028000000000000004
335,candidate_1,candidate_2,candidate_5,candidate_3,candidate_4,5,0.028000000000000004
336,candidate_1,candidate_2,candidate_5,candidate_3,candidate_4,5,0.028000000000000004
337,candidate_1,candidate_2,candidate_5,candidate_3,candidate_4,5,0.028000000000000004
338,candidate_1,candidate_2,candidate_5,candidate_3,candidate_4,5,0.028000000000000004
339,candidate_1,candidate_2,candidate_5,candidate_3,candidate_4,5,0.028000000000000004
340,candidate_1,candidate_2,candidate_5,candidate_3,candidate_4,5,0.028000000000000004
341,candidate_1,candidate_2,candidate_5,candidate_3,candidate_4,5,0.028000000000000004
342,candidate_1,candidate_2,candidate_5,candidate_3,candidate_4,5,0.028000000000000004
343,candidate_1,candidate_2,candidate_5,candidate_3,candidate_4,5,0.028000000000000004
344,candidate_1,candidate_2,candidate_5,candidate_3,candidate_4,5,0.028000000000000004
345,candidate_1,candidate_2,candidate_5,candidate_3,candidate_4,5,0.028000000000000004
346,candidate_1,candidate_2,candidate_5,candidate_3,candidate_4,5,0.028000000000000004
347,candidate_1,candidate_2,0,candidate_3,candidate_4,5,0.028000000000000004
348,candidate_1,candidate_2,candidate_5,candidate_3,candidate_4,5,0.028000000000000004
349,candidate_1,candidate_2,candidate_5,candidate_3,candidate_4,5,0.028000000000000004
350,candidate_1,candidate_2,candidate_5,candidate_3,candidate_4,5,0.028000000000000004
351,candidate_1,candidate_2,candidate_5,candidate_3,candidate_4,5,0.028000000000000004
352,candidate_1,candidate_2,candidate_5,candidate_3,candidate_4,5,0.028000000000000004
353,candidate_1,candidate_2,candidate_5,candidate_3,candidate_4,5,0.028000000000000004
354,candidate_1,candidate_2,candidate_5,candidate_3,candidate_4,5,0.028000000000000004
355,candidate_1,candidate_2,candidate_5,candidate_3,candidate_4,5,0.028000000000000004
356,candidate_1,candidate_2,candidate_5,candidate_3,candidate_4,5,0.028000000000000004
357,candidate_1,candidate_2,candidate_5,candidate_3,candidate_4,5,0.028000000000000004
358,candidate_1,candidate_2,candidate_5,candidate_3,candidate_4,5,0.028000000000000004
359,candidate_1,candidate_2,candidate_5,candidate_3,candidate_4,5,0.028000000000000004
360,candidate_1,candidate_2,candidate_5,candidate_3,candidate_4,5,0.028000000000000004
361,candidate_1,candidate_2,candidate_5,candidate_3,candidate_4,5,0.028000000000000004
362,candidate_1,candidate_2,candidate_5,candidate_3,candidate_4,5,0.028000000000000004
363,candidate_1,candidate_2,candidate_5,candidate_3,candidate_4,5,0.028000000000000004
364,candidate_1,candidate_2,candidate_5,candidate_3,candidate_4,5,0.028000000000000004
365,candidate_1,candidate_2,candidate_5,candidate_3,candidate_4,5,0.028000000000000004
366,candidate_1,candidate_2,candidate_5,candidate_3,candidate_4,5,0.028000000000000004
367,candidate_1,candidate_2,0,candidate_3,candidate_4,5,0.028000000000000004
368,candidate_1,candidate_2,candidate_5,candidate_3,candidate_4,5,0.028000000000000004
369,candidate_1,candidate_2,candidate_5,candidate_3,candidate_4,5,0.028000000000000004
370,candidate_1,candidate_2,candidate_5,candidate_3,candidate_4,5,0.028000000000000004
371,candidate_1,candidate_2,candidate_5,candidate_3,candidate_4,5,0.028000000000000004
372,candidate_1,candidate_2,candidate_5,candidate_3,candidate_4,5,0.028000000000000004
373,candidate_1,candidate_2,candidate_5,candidate_3,candidate_4,5,0.028000000000000004
374,candidate_1,candidate_2,candidate_5,candidate_3,candidate_4,5,0.028000000000000004
375,candidate_1,candidate_2,candidate_5,candidate_3,candidate_4,5,0.028000000000000004
376,candidate_1,candidate_2,candidate_5,candidate_3,candidate_4,5,0.028000000000000004
377,candidate_1,candidate_2,candidate_5,candidate_3,candidate_4,5,0.028000000000000004
378,candidate_1,candidate_2,candidate_5,candidate_3,candidate_4,5,0.028000000000000004
379,candidate_1,candidate_2,candidate_5,candidate_3,candidate_4,5,0.028000000000000004
380,candidate_1,candidate_2,candidate_5,candidate_3,candidate_4,5,0.028000000000000004
381,candidate_1,candidate_2,0,candidate_3,candidate_4,5,0.028000000000000004
382,candidate_1,candidate_2,candidate_5,candidate_3,candidate_4,5,0.028000000000000004
383,candidate_1,candidate_2,candidate_5,candidate_3,candidate_4,5,0.028000000000000004
384,candidate_1,0,candidate_5,candidate_3,candidate_4,5,0.028000000000000004
385,candidate_1,candidate_2,candidate_5,candidate_3,candidate_4,5,0.028000000000000004
386,candidate_1,0,candidate_5,candidate_3,candidate_4,5,0.028000000000000004
387,candidate_1,candidate_2,candidate_5,candidate_3,candidate_4,5,0.028000000000000004
388,candidate_1,candidate_2,candidate_5,candidate_3,candidate_4,5,0.028000000000000004
389,candidate_1,candidate_2,candidate_5,candidate_3,candidate_4,5,0.028000000000000004
390,candidate_1,candidate_2,candidate_5,candidate_3,candidate_4,5,0.028000000000000004
391,candidate_1,candidate_2,candidate_5,candidate_3,candidate_4,5,0.028000000000000004
392,candidate_1,candidate_2,candidate_5,candidate_3,candidate_4,5,0.028000000000000004
393,candidate_1,candidate_2,candidate_5,candidate_3,candidate_4,5,0.028000000000000004
394,candidate_1,candidate_2,candidate_5,candidate_3,candidate_4,5,0.028000000000000004
395,candidate_1,candidate_2,candidate_5,candidate_3,candidate_4,5,0.028000000000000004
396,candidate_1,candidate_2,candidate_5,candidate_3,candidate_4,5,0.028000000000000004
397,candidate_1,candidate_2,candidate_5,candidate_3,candidate_4,5,0.028000000000000004
398,candidate_1,candidate_2,candidate_5,candidate_3,candidate_4,5,0.028000000000000004
399,candidate_1,candidate_2,candidate_5,candidate_3,candidate_4,5,0.028000000000000004
400,candidate_1,candidate_2,candidate_5,candidate_3,candidate_4,5,0.028000000000000004
401,candidate_1,candidate_2,candidate_5,candidate_3,candidate_4,5,0.028000000000000004
402,candidate_1,candidate_2,candidate_5,candidate_3,candidate_4,5,0.028000000000000004
403,candidate_1,candidate_2,candidate_5,candidate_3,candidate_4,5,0.028000000000000004
404,candidate_1,candidate_2,candidate_5,candidate_3,candidate_4,5,0.028000000000000004
405,candidate_1,candidate_2,candidate_5,candidate_3,candidate_4,5,0.028000000000000004
406,candidate_1,candidate_2,candidate_5,candidate_3,candidate_4,5,0.028000000000000004
407,candidate_1,candidate_2,candidate_5,candidate_3,candidate_4,5,0.028000000000000004
408,candidate_1,candidate_2,candidate_5,candidate_3,candidate_4,5,0.028000000000000004
409,candidate_1,candidate_2,candidate_5,candidate_3,candidate_4,5,0.028000000000000004
410,candidate_1,candidate_2,candidate_5,candidate_3,candidate_4,5,0.028000000000000004
411,candidate_1,candidate_2,candidate_5,candidate_3,candidate_4,5,0.028000000000000004
412,candidate_1,candidate_2,0,candidate_3,candidate_4,5,0.028000000000000004
413,candidate_1,candidate_2,candidate_5,candidate_3,candidate_4,5,0.028000000000000004
414,candidate_1,candidate_2,candidate_5,candidate_3,candidate_4,5,0.028000000000000004
415,candidate_1,candidate_2,candidate_5,candidate_3,candidate_4,5,0.028000000000000004
416,candidate_1,candidate_2,0,candidate_3,candidate_4,5,0.028000000000000004
417,candidate_1,candidate_2,candidate_5,candidate_3,candidate_4,5,0.028000000000000004
418,candidate_1,candidate_2,candidate_5,candidate_3,candidate_4,5,0.028000000000000004
419,candidate_1,candidate_2,candidate_5,candidate_3,candidate_4,5,0.028000000000000004
420,candidate_1,candidate_2,candidate_5,candidate_3,candidate_4,5,0.028000000000000004
421,candidate_1,candidate_2,candidate_5,candidate_3,candidate_4,5,0.028000000000000004
422,candidate_1,candidate_2,candidate_5,candidate_3,candidate_4,5,0.028000000000000004
423,candidate_1,candidate_2,candidate_5,candidate_3,candidate_4,5,0.028000000000000004
424,candidate_1,candidate_2,candidate_5,candidate_3,candidate_4,5,0.028000000000000004
425,candidate_1,candidate_2,candidate_5,candidate_3,candidate_4,5,0.028000000000000004
426,candidate_1,candidate_2,candidate_5,candidate_3,candidate_4,5,0.028000000000000004
427,candidate_1,candidate_2,candidate_5,candidate_3,candidate_4,5,0.028000000000000004
428,candidate_1,candidate_2,candidate_5,candidate_3,candidate_4,5,0.028000000000000004
429,candidate_1,candidate_2,candidate_5,candidate_3,candidate_4,5,0.028000000000000004
430,candidate_1,candidate_2,candidate_5,candidate_3,candidate_4,5,0.028000000000000004
431,candidate_1,candidate_2,candidate_5,candidate_3,candidate_4,5,0.028000000000000004
432,candidate_1,candidate_2,candidate_5,candidate_3,candidate_4,5,0.028000000000000004
433,candidate_1,0,candidate_5,candidate_3,candidate_4,5,0.028000000000000004
434,candidate_1,candidate_2,candidate_5,candidate_3,candidate_4,5,0.028000000000000004
435,candidate_1,candidate_2,candidate_5,candidate_3,candidate_4,5,0.028000000000000004
436,candidate_1,candidate_2,candidate_5,candidate_3,candidate_4,5,0.028000000000000004
437,candidate_1,candidate_2,candidate_5,candidate_3,candidate_4,5,0.028000000000000004
438,candidate_1,candidate_2,candidate_5,candidate_3,candidate_4,5,0.028000000000000004
439,candidate_1,candidate_2,candidate_5,candidate_3,candidate_4,5,0.028000000000000004
440,candidate_1,candidate_2,0,candidate_3,candidate_4,5,0.028000000000000004
441,candidate_1,candidate_2,candidate_5,candidate_3,candidate_4,5,0.028000000000000004
442,candidate_1,candidate_2,candidate_5,candidate_3,candidate_4,5,0.028000000000000004
443,candidate_1,candidate_2,candidate_5,candidate_3,candidate_4,5,0.028000000000000004
444,candidate_1,candidate_2,candidate_5,candidate_3,candidate_4,5,0.028000000000000004
445,candidate_1,candidate_2,candidate_5,candidate_3,candidate_4,5,0.028000000000000004
446,candidate_1,candidate_2,candidate_5,candidate_3,candidate_4,5,0.028000000000000004
447,candidate_1,candidate_2,candidate_5,candidate_3,candidate_4,5,0.028000000000000004
448,candidate_1,candidate_2,candidate_5,candidate_3,candidate_4,5,0.028000000000000004
449,candidate_1,candidate_2,candidate_5,candidate_3,candidate_4,5,0.028000000000000004
450,candidate_1,candidate_2,candidate_5,candidate_3,candidate_4,5,0.028000000000000004
451,candidate_1,candidate_2,candidate_5,candidate_3,candidate_4,5,0.028000000000000004
452,candidate_1,0,candidate_5,candidate_3,candidate_4,5,0.028000000000000004
453,candidate_1,candidate_2,candidate_5,candidate_3,candidate_4,5,0.028000000000000004
454,candidate_1,candidate_2,candidate_5,candidate_3,candidate_4,5,0.028000000000000004
455,candidate_1,candidate_2,candidate_5,candidate_3,candidate_4,5,0.028000000000000004
456,candidate_1,candidate_2,candidate_5,candidate_3,candidate_4,5,0.028000000000000004
457,candidate_1,candidate_2,candidate_5,candidate_3,candidate_4,5,0.028000000000000004
458,candidate_1,candidate_2,candidate_5,0,candidate_4,5,0.028000000000000004
459,candidate_1,candidate_2,candidate_5,candidate_3,candidate_4,5,0.028000000000000004
460,candidate_1,candidate_2,candidate_5,candidate_3,candidate_4,5,0.028000000000000004
461,0,candidate_2,candidate_5,candidate_3,candidate_4,5,0.028000000000000004
462,candidate_1,candidate_2,candidate_5,candidate_3,candidate_4,5,0.028000000000000004
463,candidate_1,candidate_2,candidate_5,candidate_3,candidate_4,5,0.028000000000000004
464,candidate_1,candidate_2,candidate_5,candidate_3,candidate_4,5,0.028000000000000004
465,candidate_1,candidate_2,candidate_5,candidate_3,0,5,0.028000000000000004
466,0,candidate_2,candidate_5,candidate_3,candidate_4,5,0.028000000000000004
467,candidate_1,candidate_2,candidate_5,candidate_3,candidate_4,5,0.028000000000000004
468,candidate_1,candidate_2,candidate_5,0,candidate_4,5,0.028000000000000004
469,candidate_1,candidate_2,candidate_5,candidate_3,candidate_4,5,0.028000000000000004
470,candidate_1,candidate_2,candidate_5,candidate_3,candidate_4,5,0.028000000000000004
471,candidate_1,candidate_2,candidate_5,candidate_3,candidate_4,5,0.028000000000000004
472,candidate_1,candidate_2,candidate_5,candidate_3,candidate_4,5,0.028000000000000004
473,candidate_1,candidate_2,candidate_5,candidate_3,candidate_4,5,0.028000000000000004
474,0,candidate_2,candidate_5,candidate_3,candidate_4,5,0.028000000000000004
475,candidate_1,candidate_2,candidate_5,candidate_3,0,5,0.028000000000000004
476,candidate_1,candidate_2,candidate_5,candidate_3,candidate_4,5,0.028000000000000004
477,candidate_1,candidate_2,candidate_5,candidate_3,candidate_4,5,0.028000000000000004
478,candidate_1,candidate_2,candidate_5,candidate_3,candidate_4,5,0.028000000000000004
479,candidate_1,candidate_2,candidate_5,candidate_3,candidate_4,5,0.028000000000000004
480,candidate_1,candidate_2,candidate_5,candidate_3,candidate_4,5,0.028000000000000004
481,candidate_1,candidate_2,candidate_5,candidate_3,candidate_4,5,0.028000000000000004
482,candidate_1,candidate_2,candidate_5,candidate_3,candidate_4,5,0.028000000000000004
483,candidate_1,candidate_2,candidate_5,candidate_3,candidate_4,5,0.028000000000000004
484,candidate_1,candidate_2,candidate_5,candidate_3,candidate_4,5,0.028000000000000004
485,candidate_1,candidate_2,candidate_5,candidate_3,candidate_4,5,0.028000000000000004
486,candidate_1,candidate_2,candidate_5,candidate_3,candidate_4,5,0.028000000000000004
487,candidate_1,candidate_2,0,candidate_3,candidate_4,5,0.028000000000000004
488,candidate_1,candidate_2,candidate_5,candidate_3,candidate_4,5,0.028000000000000004
489,candidate_1,candidate_2,candidate_5,candidate_3,candidate_4,5,0.028000000000000004
490,candidate_1,candidate_2,candidate_5,candidate_3,candidate_4,5,0.028000000000000004
491,candidate_1,candidate_2,candidate_5,candidate_3,candidate_4,5,0.028000000000000004
492,candidate_1,candidate_2,candidate_5,candidate_3,candidate_4,5,0.028000000000000004
493,candidate_1,candidate_2,candidate_5,candidate_3,candidate_4,5,0.028000000000000004
494,candidate_1,candidate_2,candidate_5,candidate_3,candidate_4,5,0.028000000000000004
495,candidate_1,candidate_2,candidate_5,candidate_3,candidate_4,5,0.028000000000000004
496,candidate_1,candidate_2,candidate_5,candidate_3,candidate_4,5,0.028000000000000004
497,candidate_1,candidate_2,candidate_5,candidate_3,candidate_4,5,0.028000000000000004
498,candidate_1,candidate_2,candidate_5,candidate_3,candidate_4,5,0.028000000000000004
499,candidate_1,candidate_2,candidate_5,candidate_3,candidate_4,5,0.028000000000000004
500,candidate_1,candidate_2,candidate_5,candidate_3,candidate_4,5,0.028000000000000004
501,candidate_1,candidate_2,candidate_5,candidate_3,candidate_4,5,0.028000000000000004
502,candidate_1,candidate_2,candidate_5,candidate_3,candidate_4,5,0.028000000000000004
503,candidate_1,candidate_2,candidate_5,candidate_3,candidate_4,5,0.028000000000000004
504,candidate_1,candidate_2,candidate_5,candidate_3,candidate_4,5,0.028000000000000004
505,candidate_1,candidate_2,candidate_5,candidate_3,candidate_4,5,0.028000000000000004
506,candidate_1,candidate_2,candidate_5,candidate_3,candidate_4,5,0.028000000000000004
507,candidate_1,candidate_2,candidate_5,candidate_3,candidate_4,5,0.028000000000000004
508,candidate_1,candidate_2,candidate_5,candidate_3,candidate_4,5,0.028000000000000004
509,candidate_1,candidate_2,candidate_5,candidate_3,candidate_4,5,0.028000000000000004
510,candidate_1,candidate_2,candidate_5,0,0,5,0.028000000000000004
511,candidate_1,candidate_2,candidate_5,candidate_3,candidate_4,5,0.028000000000000004
512,candidate_1,candidate_2,candidate_5,candidate_3,candidate_4,5,0.028000000000000004
513,candidate_1,0,candidate_5,candidate_3,candidate_4,5,0.028000000000000004
514,candidate_1,candidate_2,candidate_5,candidate_3,candidate_4,5,0.028000000000000004
515,candidate_1,candidate_2,candidate_5,candidate_3,candidate_4,5,0.028000000000000004
516,candidate_1,candidate_2,candidate_5,candidate_3,candidate_4,5,0.028000000000000004
517,candidate_1,candidate_2,candidate_5,candidate_3,candidate_4,5,0.028000000000000004
518,candidate_1,candidate_2,candidate_5,0,candidate_4,5,0.028000000000000004
519,candidate_1,0,candidate_5,candidate_3,candidate_4,5,0.028000000000000004
520,candidate_1,candidate_2,candidate_5,candidate_3,candidate_4,5,0.028000000000000004
521,candidate_1,candidate_2,candidate_5,candidate_3,candidate_4,5,0.028000000000000004
522,candidate_1,candidate_2,candidate_5,candidate_3,candidate_4,5,0.028000000000000004
523,candidate_1,candidate_2,candidate_5,candidate_3,candidate_4,5,0.028000000000000004
524,candidate_1,candidate_2,candidate_5,candidate_3,candidate_4,5,0.028000000000000004
525,candidate_1,candidate_2,candidate_5,candidate_3,candidate_4,5,0.028000000000000004
526,candidate_1,candidate_2,candidate_5,candidate_3,candidate_4,5,0.028000000000000004
527,candidate_1,candidate_2,0,candidate_3,candidate_4,5,0.028000000000000004
528,candidate_1,candidate_2,candidate_5,candidate_3,candidate_4,5,0.028000000000000004
529,candidate_1,candidate_2,candidate_5,candidate_3,candidate_4,5,0.028000000000000004
530,candidate_1,candidate_2,candidate_5,candidate_3,candidate_4,5,0.028000000000000004
531,candidate_1,candidate_2,candidate_5,candidate_3,candidate_4,5,0.028000000000000004
532,candidate_1,0,candidate_5,candidate_3,candidate_4,5,0.028000000000000004
533,candidate_1,candidate_2,candidate_5,candidate_3,candidate_4,5,0.028000000000000004
534,candidate_1,candidate_2,candidate_5,candidate_3,candidate_4,5,0.028000000000000004
535,candidate_1,candidate_2,candidate_5,candidate_3,candidate_4,5,0.028000000000000004
536,candidate_1,candidate_2,candidate_5,candidate_3,candidate_4,5,0.028000000000000004
537,candidate_1,candidate_2,candidate_5,candidate_3,candidate_4,5,0.028000000000000004
538,candidate_1,candidate_2,candidate_5,candidate_3,candidate_4,5,0.028000000000000004
539,candidate_1,candidate_2,candidate_5,candidate_3,candidate_4,5,0.028000000000000004
540,candidate_1,candidate_2,candidate_5,candidate_3,candidate_4,5,0.028000000000000004
541,candidate_1,candidate_2,candidate_5,candidate_3,candidate_4,5,0.028000000000000004
542,candidate_1,candidate_2,candidate_5,candidate_3,candidate_4,5,0.028000000000000004
543,candidate_1,candidate_2,candidate_5,candidate_3,candidate_4,5,0.028000000000000004
544,candidate_1,candidate_2,candidate_5,candidate_3,candidate_4,5,0.028000000000000004
545,candidate_1,candidate_2,candidate_5,candidate_3,candidate_4,5,0.028000000000000004
546,candidate_1,candidate_2,candidate_5,candidate_3,candidate_4,5,0.028000000000000004
547,candidate_1,candidate_2,candidate_5,candidate_3,candidate_4,5,0.028000000000000004
548,candidate_1,0,candidate_5,candidate_3,0,5,0.028000000000000004
549,candidate_1,candidate_2,candidate_5,candidate_3,candidate_4,5,0.028000000000000004
550,candidate_1,0,candidate_5,candidate_3,candidate_4,5,0.028000000000000004
551,candidate_1,candidate_2,candidate_5,candidate_3,candidate_4,5,0.028000000000000004
552,candidate_1,candidate_2,candidate_5,candidate_3,candidate_4,5,0.028000000000000004
553,candidate_1,candidate_2,candidate_5,candidate_3,candidate_4,5,0.028000000000000004
554,candidate_1,candidate_2,candidate_5,candidate_3,candidate_4,5,0.028000000000000004
555,candidate_1,candidate_2,candidate_5,candidate_3,candidate_4,5,0.028000000000000004
556,candidate_1,candidate_2,candidate_5,candidate_3,candidate_4,5,0.028000000000000004
557,candidate_1,candidate_2,candidate_5,candidate_3,candidate_4,5,0.028000000000000004
558,candidate_1,candidate_2,candidate_5,candidate_3,candidate_4,5,0.028000000000000004
559,candidate_1,candidate_2,candidate_5,candidate_3,candidate_4,5,0.028000000000000004
560,candidate_1,candidate_2,candidate_5,candidate_3,candidate_4,5,0.028000000000000004
561,candidate_1,0,candidate_5,candidate_3,candidate_4,5,0.028000000000000004
562,candidate_1,candidate_2,candidate_5,candidate_3,candidate_4,5,0.028000000000000004
563,candidate_1,candidate_2,candidate_5,candidate_3,candidate_4,5,0.028000000000000004
564,candidate_1,candidate_2,candidate_5,candidate_3,candidate_4,5,0.028000000000000004
565,candidate_1,candidate_2,candidate_5,candidate_3,candidate_4,5,0.028000000000000004
566,candidate_1,candidate_2,candidate_5,candidate_3,candidate_4,5,0.028000000000000004
567,candidate_1,candidate_2,candidate_5,candidate_3,candidate_4,5,0.028000000000000004
568,candidate_1,candidate_2,candidate_5,candidate_3,candidate_4,5,0.028000000000000004
569,candidate_1,candidate_2,candidate_5,candidate_3,candidate_4,5,0.028000000000000004
570,candidate_1,candidate_2,candidate_5,candidate_3,candidate_4,5,0.028000000000000004
571,candidate_1,candidate_2,candidate_5,0,candidate_4,5,0.028000000000000004
572,candidate_1,candidate_2,candidate_5,candidate_3,candidate_4,5,0.028000000000000004
573,candidate_1,candidate_2,candidate_5,candidate_3,candidate_4,5,0.028000000000000004
574,candidate_1,candidate_2,candidate_5,candidate_3,candidate_4,5,0.028000000000000004
575,candidate_1,candidate_2,0,candidate_3,candidate_4,5,0.028000000000000004
576,candidate_1,candidate_2,candidate_5,candidate_3,candidate_4,5,0.028000000000000004
577,candidate_1,candidate_2,candidate_5,candidate_3,candidate_4,5,0.028000000000000004
578,candidate_1,candidate_2,candidate_5,candidate_3,candidate_4,5,0.028000000000000004
579,candidate_1,candidate_2,candidate_5,candidate_3,candidate_4,5,0.028000000000000004
580,candidate_1,candidate_2,candidate_5,candidate_3,candidate_4,5,0.028000000000000004
581,candidate_1,candidate_2,candidate_5,candidate_3,candidate_4,5,0.028000000000000004
582,candidate_1,candidate_2,candidate_5,candidate_3,candidate_4,5,0.028000000000000004
583,candidate_1,candidate_2,candidate_5,candidate_3,candidate_4,5,0.028000000000000004
584,candidate_1,candidate_2,candidate_5,candidate_3,candidate_4,5,0.028000000000000004
585,candidate_1,candidate_2,candidate_5,candidate_3,candidate_4,5,0.028000000000000004
586,candidate_1,candidate_2,candidate_5,candidate_3,candidate_4,5,0.028000000000000004
587,candidate_1,candidate_2,candidate_5,candidate_3,candidate_4,5,0.028000000000000004
588,candidate_1,candidate_2,candidate_5,candidate_3,candidate_4,5,0.028000000000000004
589,0,candidate_2,candidate_5,candidate_3,candidate_4,5,0.028000000000000004
590,candidate_1,candidate_2,candidate_5,candidate_3,candidate_4,5,0.028000000000000004
591,candidate_1,candidate_2,candidate_5,candidate_3,candidate_4,5,0.028000000000000004
592,candidate_1,candidate_2,candidate_5,candidate_3,candidate_4,5,0.028000000000000004
593,candidate_1,candidate_2,candidate_5,candidate_3,candidate_4,5,0.028000000000000004
594,candidate_1,candidate_2,candidate_5,candidate_3,candidate_4,5,0.028000000000000004
595,candidate_1,candidate_2,candidate_5,candidate_3,candidate_4,5,0.028000000000000004
596,candidate_1,candidate_2,0,candidate_3,candidate_4,5,0.028000000000000004
0,candidate_1,candidate_2,candidate_5,candidate_4,candidate_3,5,0.028000000000000004
1,candidate_1,candidate_2,candidate_5,candidate_4,candidate_3,5,0.028000000000000004
2,candidate_1,candidate_2,candidate_5,candidate_4,0,5,0.028000000000000004
3,candidate_1,candidate_2,candidate_5,candidate_4,candidate_3,5,0.028000000000000004
4,candidate_1,candidate_2,candidate_5,candidate_4,candidate_3,5,0.028000000000000004
5,candidate_1,candidate_2,candidate_5,candidate_4,candidate_3,5,0.028000000000000004
6,candidate_1,candidate_2,candidate_5,candidate_4,candidate_3,5,0.028000000000000004
7,candidate_1,candidate_2,candidate_5,candidate_4,candidate_3,5,0.028000000000000004
8,candidate_1,candidate_2,candidate_5,candidate_4,candidate_3,5,0.028000000000000004
9,candidate_1,candidate_2,candidate_5,candidate_4,candidate_3,5,0.028000000000000004
10,candidate_1,candidate_2,candidate_5,candidate_4,candidate_3,5,0.028000000000000004
11,candidate_1,candidate_2,candidate_5,candidate_4,candidate_3,5,0.028000000000000004
12,candidate_1,0,candidate_5,candidate_4,candidate_3,5,0.028000000000000004
13,candidate_1,candidate_2,candidate_5,candidate_4,candidate_3,5,0.028000000000000004
14,candidate_1,0,candidate_5,candidate_4,candidate_3,5,0.028000000000000004
15,candidate_1,candidate_2,candidate_5,candidate_4,candidate_3,5,0.028000000000000004
16,candidate_1,candidate_2,candidate_5,candidate_4,candidate_3,5,0.028000000000000004
17,candidate_1,candidate_2,candidate_5,candidate_4,candidate_3,5,0.028000000000000004
18,candidate_1,candidate_2,candidate_5,candidate_4,candidate_3,5,0.028000000000000004
19,candidate_1,candidate_2,candidate_5,candidate_4,candidate_3,5,0.028000000000000004
20,candidate_1,candidate_2,candidate_5,candidate_4,candidate_3,5,0.028000000000000004
21,candidate_1,candidate_2,0,candidate_4,candidate_3,5,0.028000000000000004
22,candidate_1,candidate_2,candidate_5,candidate_4,candidate_3,5,0.028000000000000004
23,candidate_1,candidate_2,candidate_5,0,candidate_3,5,0.028000000000000004
24,candidate_1,candidate_2,candidate_5,candidate_4,candidate_3,5,0.028000000000000004
25,candidate_1,0,candidate_5,candidate_4,candidate_3,5,0.028000000000000004
26,candidate_1,candidate_2,candidate_5,candidate_4,candidate_3,5,0.028000000000000004
27,candidate_1,candidate_2,candidate_5,candidate_4,candidate_3,5,0.028000000000000004
28,0,candidate_2,candidate_5,candidate_4,candidate_3,5,0.028000000000000004
29,candidate_1,candidate_2,candidate_5,candidate_4,candidate_3,5,0.028000000000000004
30,candidate_1,candidate_2,candidate_5,candidate_4,candidate_3,5,0.028000000000000004
31,candidate_1,candidate_2,candidate_5,candidate_4,candidate_3,5,0.028000000000000004
32,candidate_1,candidate_2,candidate_5,candidate_4,candidate_3,5,0.028000000000000004
33,candidate_1,candidate_2,candidate_5,candidate_4,candidate_3,5,0.028000000000000004
34,candidate_1,candidate_2,candidate_5,candidate_4,candidate_3,5,0.028000000000000004
35,candidate_1,candidate_2,candidate_5,candidate_4,candidate_3,5,0.028000000000000004
36,candidate_1,candidate_2,candidate_5,candidate_4,candidate_3,5,0.028000000000000004
37,candidate_1,candidate_2,candidate_5,candidate_4,candidate_3,5,0.028000000000000004
38,candidate_1,candidate_2,candidate_5,candidate_4,0,5,0.028000000000000004
39,candidate_1,candidate_2,candidate_5,candidate_4,candidate_3,5,0.028000000000000004
40,candidate_1,candidate_2,candidate_5,candidate_4,candidate_3,5,0.028000000000000004
41,candidate_1,candidate_2,candidate_5,candidate_4,candidate_3,5,0.028000000000000004
42,candidate_1,candidate_2,candidate_5,candidate_4,candidate_3,5,0.028000000000000004
43,candidate_1,candidate_2,candidate_5,candidate_4,candidate_3,5,0.028000000000000004
44,candidate_1,candidate_2,candidate_5,candidate_4,candidate_3,5,0.028000000000000004
45,candidate_1,candidate_2,candidate_5,candidate_4,candidate_3,5,0.028000000000000004
46,candidate_1,candidate_2,candidate_5,candidate_4,candidate_3,5,0.028000000000000004
47,candidate_1,candidate_2,candidate_5,candidate_4,candidate_3,5,0.028000000000000004
48,candidate_1,candidate_2,candidate_5,candidate_4,candidate_3,5,0.028000000000000004
49,candidate_1,0,candidate_5,candidate_4,candidate_3,5,0.028000000000000004
50,candidate_1,candidate_2,candidate_5,candidate_4,candidate_3,5,0.028000000000000004
51,candidate_1,candidate_2,candidate_5,candidate_4,candidate_3,5,0.028000000000000004
52,candidate_1,candidate_2,candidate_5,candidate_4,candidate_3,5,0.028000000000000004
53,candidate_1,candidate_2,candidate_5,candidate_4,candidate_3,5,0.028000000000000004
54,candidate_1,candidate_2,candidate_5,candidate_4,candidate_3,5,0.028000000000000004
55,0,candidate_2,candidate_5,candidate_4,candidate_3,5,0.028000000000000004
56,candidate_1,candidate_2,candidate_5,candidate_4,candidate_3,5,0.028000000000000004
57,candidate_1,candidate_2,candidate_5,candidate_4,candidate_3,5,0.028000000000000004
58,candidate_1,candidate_2,candidate_5,candidate_4,candidate_3,5,0.028000000000000004
59,candidate_1,candidate_2,candidate_5,candidate_4,candidate_3,5,0.028000000000000004
60,candidate_1,candidate_2,candidate_5,candidate_4,candidate_3,5,0.028000000000000004
61,candidate_1,0,candidate_5,candidate_4,candidate_3,5,0.028000000000000004
62,candidate_1,candidate_2,candidate_5,candidate_4,candidate_3,5,0.028000000000000004
63,candidate_1,candidate_2,candidate_5,candidate_4,candidate_3,5,0.028000000000000004
64,candidate_1,candidate_2,candidate_5,candidate_4,candidate_3,5,0.028000000000000004
65,candidate_1,candidate_2,candidate_5,candidate_4,candidate_3,5,0.028000000000000004
66,candidate_1,candidate_2,0,candidate_4,candidate_3,5,0.028000000000000004
67,candidate_1,candidate_2,candidate_5,candidate_4,candidate_3,5,0.028000000000000004
68,candidate_1,candidate_2,candidate_5,candidate_4,0,5,0.028000000000000004
69,candidate_1,candidate_2,candidate_5,candidate_4,candidate_3,5,0.028000000000000004
70,candidate_1,candidate_2,candidate_5,candidate_4,candidate_3,5,0.028000000000000004
71,candidate_1,candidate_2,candidate_5,candidate_4,candidate_3,5,0.028000000000000004
72,candidate_1,candidate_2,candidate_5,candidate_4,candidate_3,5,0.028000000000000004
73,candidate_1,candidate_2,candidate_5,candidate_4,candidate_3,5,0.028000000000000004
74,candidate_1,candidate_2,candidate_5,candidate_4,candidate_3,5,0.028000000000000004
75,candidate_1,candidate_2,candidate_5,candidate_4,candidate_3,5,0.028000000000000004
76,candidate_1,candidate_2,candidate_5,candidate_4,candidate_3,5,0.028000000000000004
77,candidate_1,candidate_2,candidate_5,candidate_4,candidate_3,5,0.028000000000000004
78,candidate_1,candidate_2,candidate_5,candidate_4,0,5,0.028000000000000004
79,candidate_1,candidate_2,candidate_5,candidate_4,candidate_3,5,0.028000000000000004
80,candidate_1,candidate_2,candidate_5,candidate_4,candidate_3,5,0.028000000000000004
81,candidate_1,candidate_2,candidate_5,candidate_4,candidate_3,5,0.028000000000000004
82,candidate_1,candidate_2,candidate_5,candidate_4,candidate_3,5,0.028000000000000004
83,candidate_1,candidate_2,candidate_5,candidate_4,candidate_3,5,0.028000000000000004
84,candidate_1,candidate_2,candidate_5,candidate_4,candidate_3,5,0.028000000000000004
85,candidate_1,candidate_2,candidate_5,candidate_4,candidate_3,5,0.028000000000000004
86,candidate_1,candidate_2,candidate_5,candidate_4,candidate_3,5,0.028000000000000004
87,candidate_1,0,candidate_5,candidate_4,candidate_3,5,0.028000000000000004
88,candidate_1,candidate_2,candidate_5,candidate_4,candidate_3,5,0.028000000000000004
89,candidate_1,candidate_2,candidate_5,candidate_4,0,5,0.028000000000000004
90,candidate_1,candidate_2,candidate_5,0,candidate_3,5,0.028000000000000004
91,candidate_1,candidate_2,candidate_5,candidate_4,candidate_3,5,0.028000000000000004
92,candidate_1,candidate_2,candidate_5,candidate_4,candidate_3,5,0.028000000000000004
93,candidate_1,candidate_2,candidate_5,candidate_4,candidate_3,5,0.028000000000000004
94,candidate_1,candidate_2,candidate_5,candidate_4,candidate_3,5,0.028000000000000004
95,candidate_1,candidate_2,candidate_5,candidate_4,candidate_3,5,0.028000000000000004
96,0,candidate_2,candidate_5,candidate_4,candidate_3,5,0.028000000000000004
97,candidate_1,candidate_2,candidate_5,candidate_4,candidate_3,5,0.028000000000000004
98,candidate_1,candidate_2,candidate_5,candidate_4,candidate_3,5,0.028000000000000004
99,candidate_1,candidate_2,candidate_5,candidate_4,candidate_3,5,0.028000000000000004
100,candidate_1,candidate_2,candidate_5,candidate_4,candidate_3,5,0.028000000000000004
101,candidate_1,candidate_2,candidate_5,candidate_4,candidate_3,5,0.028000000000000004
102,candidate_1,candidate_2,candidate_5,candidate_4,candidate_3,5,0.028000000000000004
103,candidate_1,candidate_2,candidate_5,candidate_4,candidate_3,5,0.028000000000000004
104,candidate_1,candidate_2,candidate_5,candidate_4,candidate_3,5,0.028000000000000004
105,candidate_1,candidate_2,candidate_5,candidate_4,candidate_3,5,0.028000000000000004
106,candidate_1,candidate_2,candidate_5,candidate_4,candidate_3,5,0.028000000000000004
107,candidate_1,candidate_2,candidate_5,candidate_4,candidate_3,5,0.028000000000000004
108,candidate_1,candidate_2,candidate_5,candidate_4,candidate_3,5,0.028000000000000004
109,candidate_1,candidate_2,candidate_5,candidate_4,candidate_3,5,0.028000000000000004
110,candidate_1,candidate_2,candidate_5,candidate_4,candidate_3,5,0.028000000000000004
111,candidate_1,candidate_2,candidate_5,candidate_4,candidate_3,5,0.028000000000000004
112,candidate_1,candidate_2,candidate_5,candidate_4,candidate_3,5,0.028000000000000004
113,candidate_1,candidate_2,candidate_5,candidate_4,candidate_3,5,0.028000000000000004
114,candidate_1,candidate_2,candidate_5,candidate_4,0,5,0.028000000000000004
115,candidate_1,candidate_2,candidate_5,candidate_4,candidate_3,5,0.028000000000000004
116,candidate_1,candidate_2,candidate_5,candidate_4,candidate_3,5,0.028000000000000004
117,candidate_1,candidate_2,candidate_5,candidate_4,candidate_3,5,0.028000000000000004
118,candidate_1,candidate_2,candidate_5,0,candidate_3,5,0.028000000000000004
119,candidate_1,candidate_2,candidate_5,candidate_4,candidate_3,5,0.028000000000000004
120,candidate_1,candidate_2,candidate_5,candidate_4,candidate_3,5,0.028000000000000004
121,candidate_1,candidate_2,candidate_5,candidate_4,candidate_3,5,0.028000000000000004
122,candidate_1,candidate_2,candidate_5,candidate_4,candidate_3,5,0.028000000000000004
123,candidate_1,candidate_2,candidate_5,candidate_4,candidate_3,5,0.028000000000000004
124,candidate_1,candidate_2,candidate_5,candidate_4,candidate_3,5,0.028000000000000004
125,candidate_1,candidate_2,candidate_5,candidate_4,candidate_3,5,0.028000000000000004
126,candidate_1,candidate_2,candidate_5,candidate_4,candidate_3,5,0.028000000000000004
127,candidate_1,candidate_2,candidate_5,candidate_4,candidate_3,5,0.028000000000000004
128,candidate_1,candidate_2,candidate_5,candidate_4,candidate_3,5,0.028000000000000004
129,candidate_1,candidate_2,candidate_5,candidate_4,candidate_3,5,0.028000000000000004
130,candidate_1,candidate_2,candidate_5,candidate_4,candidate_3,5,0.028000000000000004
131,candidate_1,candidate_2,candidate_5,candidate_4,candidate_3,5,0.028000000000000004
132,candidate_1,candidate_2,candidate_5,candidate_4,candidate_3,5,0.028000000000000004
133,candidate_1,candidate_2,candidate_5,candidate_4,0,5,0.028000000000000004
134,candidate_1,candidate_2,candidate_5,candidate_4,candidate_3,5,0.028000000000000004
135,candidate_1,candidate_2,candidate_5,candidate_4,candidate_3,5,0.028000000000000004
136,candidate_1,candidate_2,candidate_5,candidate_4,candidate_3,5,0.028000000000000004
137,candidate_1,candidate_2,candidate_5,candidate_4,candidate_3,5,0.028000000000000004
138,candidate_1,candidate_2,candidate_5,candidate_4,candidate_3,5,0.028000000000000004
139,candidate_1,candidate_2,candidate_5,candidate_4,candidate_3,5,0.028000000000000004
140,candidate_1,candidate_2,candidate_5,candidate_4,candidate_3,5,0.028000000000000004
141,candidate_1,candidate_2,candidate_5,candidate_4,candidate_3,5,0.028000000000000004
142,candidate_1,candidate_2,candidate_5,candidate_4,candidate_3,5,0.028000000000000004
143,candidate_1,candidate_2,candidate_5,candidate_4,candidate_3,5,0.028000000000000004
144,candidate_1,candidate_2,candidate_5,candidate_4,candidate_3,5,0.028000000000000004
145,candidate_1,candidate_2,candidate_5,candidate_4,candidate_3,5,0.028000000000000004
146,candidate_1,candidate_2,candidate_5,candidate_4,candidate_3,5,0.028000000000000004
147,candidate_1,candidate_2,candidate_5,candidate_4,0,5,0.028000000000000004
148,candidate_1,candidate_2,candidate_5,candidate_4,candidate_3,5,0.028000000000000004
149,candidate_1,candidate_2,candidate_5,candidate_4,candidate_3,5,0.028000000000000004
150,candidate_1,candidate_2,candidate_5,candidate_4,0,5,0.028000000000000004
151,candidate_1,candidate_2,candidate_5,candidate_4,candidate_3,5,0.028000000000000004
152,candidate_1,candidate_2,candidate_5,candidate_4,candidate_3,5,0.028000000000000004
153,candidate_1,candidate_2,candidate_5,candidate_4,candidate_3,5,0.028000000000000004
154,candidate_1,candidate_2,candidate_5,candidate_4,candidate_3,5,0.028000000000000004
155,candidate_1,candidate_2,candidate_5,candidate_4,candidate_3,5,0.028000000000000004
156,candidate_1,candidate_2,candidate_5,candidate_4,0,5,0.028000000000000004
157,candidate_1,candidate_2,candidate_5,candidate_4,candidate_3,5,0.028000000000000004
158,candidate_1,candidate_2,candidate_5,candidate_4,candidate_3,5,0.028000000000000004
159,candidate_1,candidate_2,candidate_5,candidate_4,candidate_3,5,0.028000000000000004
160,candidate_1,candidate_2,candidate_5,candidate_4,candidate_3,5,0.028000000000000004
161,candidate_1,candidate_2,candidate_5,candidate_4,candidate_3,5,0.028000000000000004
162,candidate_1,candidate_2,candidate_5,candidate_4,candidate_3,5,0.028000000000000004
163,candidate_1,candidate_2,candidate_5,candidate_4,candidate_3,5,0.028000000000000004
164,candidate_1,candidate_2,candidate_5,candidate_4,candidate_3,5,0.028000000000000004
165,candidate_1,candidate_2,candidate_5,candidate_4,candidate_3,5,0.028000000000000004
166,candidate_1,candidate_2,candidate_5,candidate_4,candidate_3,5,0.028000000000000004
167,candidate_1,candidate_2,candidate_5,candidate_4,candidate_3,5,0.028000000000000004
168,0,candidate_2,candidate_5,candidate_4,candidate_3,5,0.028000000000000004
169,candidate_1,candidate_2,candidate_5,candidate_4,candidate_3,5,0.028000000000000004
170,candidate_1,candidate_2,candidate_5,candidate_4,candidate_3,5,0.028000000000000004
171,candidate_1,candidate_2,candidate_5,candidate_4,candidate_3,5,0.028000000000000004
172,candidate_1,candidate_2,candidate_5,candidate_4,candidate_3,5,0.028000000000000004
173,candidate_1,candidate_2,candidate_5,candidate_4,candidate_3,5,0.028000000000000004
174,candidate_1,candidate_2,candidate_5,candidate_4,candidate_3,5,0.028000000000000004
175,candidate_1,candidate_2,candidate_5,candidate_4,candidate_3,5,0.028000000000000004
176,candidate_1,candidate_2,candidate_5,candidate_4,candidate_3,5,0.028000000000000004
177,candidate_1,candidate_2,candidate_5,candidate_4,candidate_3,5,0.028000000000000004
178,candidate_1,candidate_2,candidate_5,candidate_4,candidate_3,5,0.028000000000000004
179,candidate_1,candidate_2,candidate_5,candidate_4,candidate_3,5,0.028000000000000004
180,candidate_1,candidate_2,candidate_5,candidate_4,candidate_3,5,0.028000000000000004
181,candidate_1,0,candidate_5,candidate_4,candidate_3,5,0.028000000000000004
182,candidate_1,0,candidate_5,candidate_4,candidate_3,5,0.028000000000000004
183,candidate_1,candidate_2,candidate_5,candidate_4,candidate_3,5,0.028000000000000004
184,candidate_1,candidate_2,candidate_5,candidate_4,candidate_3,5,0.028000000000000004
185,candidate_1,candidate_2,candidate_5,candidate_4,candidate_3,5,0.028000000000000004
186,candidate_1,candidate_2,candidate_5,candidate_4,candidate_3,5,0.028000000000000004
187,candidate_1,candidate_2,candidate_5,0,candidate_3,5,0.028000000000000004
188,candidate_1,candidate_2,candidate_5,candidate_4,candidate_3,5,0.028000000000000004
189,candidate_1,candidate_2,candidate_5,candidate_4,candidate_3,5,0.028000000000000004
190,candidate_1,candidate_2,candidate_5,candidate_4,candidate_3,5,0.028000000000000004
191,candidate_1,candidate_2,candidate_5,candidate_4,candidate_3,5,0.028000000000000004
192,candidate_1,candidate_2,candidate_5,candidate_4,candidate_3,5,0.028000000000000004
193,candidate_1,candidate_2,candidate_5,candidate_4,candidate_3,5,0.028000000000000004
194,candidate_1,candidate_2,candidate_5,candidate_4,candidate_3,5,0.028000000000000004
195,candidate_1,candidate_2,candidate_5,candidate_4,candidate_3,5,0.028000000000000004
196,candidate_1,candidate_2,candidate_5,candidate_4,candidate_3,5,0.028000000000000004
197,candidate_1,candidate_2,candidate_5,candidate_4,candidate_3,5,0.028000000000000004
198,candidate_1,candidate_2,candidate_5,candidate_4,candidate_3,5,0.028000000000000004
199,candidate_1,candidate_2,candidate_5,candidate_4,candidate_3,5,0.028000000000000004
200,candidate_1,candidate_2,candidate_5,0,candidate_3,5,0.028000000000000004
201,candidate_1,candidate_2,candidate_5,candidate_4,candidate_3,5,0.028000000000000004
202,candidate_1,candidate_2,candidate_5,0,candidate_3,5,0.028000000000000004
203,candidate_1,candidate_2,candidate_5,candidate_4,candidate_3,5,0.028000000000000004
204,candidate_1,candidate_2,candidate_5,candidate_4,candidate_3,5,0.028000000000000004
205,candidate_1,candidate_2,candidate_5,candidate_4,candidate_3,5,0.028000000000000004
206,candidate_1,candidate_2,candidate_5,candidate_4,candidate_3,5,0.028000000000000004
207,candidate_1,candidate_2,candidate_5,candidate_4,candidate_3,5,0.028000000000000004
208,candidate_1,candidate_2,candidate_5,candidate_4,candidate_3,5,0.028000000000000004
209,candidate_1,candidate_2,candidate_5,candidate_4,candidate_3,5,0.028000000000000004
210,candidate_1,candidate_2,candidate_5,candidate_4,candidate_3,5,0.028000000000000004
211,candidate_1,candidate_2,candidate_5,candidate_4,candidate_3,5,0.028000000000000004
212,0,candidate_2,candidate_5,candidate_4,candidate_3,5,0.028000000000000004
213,0,candidate_2,candidate_5,candidate_4,candidate_3,5,0.028000000000000004
214,candidate_1,candidate_2,candidate_5,candidate_4,candidate_3,5,0.028000000000000004
215,candidate_1,candidate_2,candidate_5,candidate_4,candidate_3,5,0.028000000000000004
216,candidate_1,candidate_2,candidate_5,candidate_4,candidate_3,5,0.028000000000000004
217,candidate_1,candidate_2,candidate_5,candidate_4,candidate_3,5,0.028000000000000004
218,0,0,candidate_5,candidate_4,candidate_3,5,0.028000000000000004
219,candidate_1,candidate_2,candidate_5,candidate_4,candidate_3,5,0.028000000000000004
220,candidate_1,candidate_2,candidate_5,candidate_4,candidate_3,5,0.028000000000000004
221,candidate_1,candidate_2,candidate_5,0,candidate_3,5,0.028000000000000004
222,candidate_1,candidate_2,candidate_5,candidate_4,candidate_3,5,0.028000000000000004
223,candidate_1,candidate_2,candidate_5,candidate_4,candidate_3,5,0.028000000000000004
224,candidate_1,candidate_2,candidate_5,candidate_4,candidate_3,5,0.028000000000000004
225,candidate_1,candidate_2,candidate_5,candidate_4,candidate_3,5,0.028000000000000004
226,candidate_1,candidate_2,candidate_5,candidate_4,candidate_3,5,0.028000000000000004
227,candidate_1,candidate_2,candidate_5,candidate_4,candidate_3,5,0.028000000000000004
228,candidate_1,candidate_2,candidate_5,candidate_4,candidate_3,5,0.028000000000000004
229,candidate_1,candidate_2,candidate_5,candidate_4,candidate_3,5,0.028000000000000004
230,candidate_1,candidate_2,candidate_5,candidate_4,candidate_3,5,0.028000000000000004
231,candidate_1,candidate_2,candidate_5,candidate_4,candidate_3,5,0.028000000000000004
232,candidate_1,candidate_2,candidate_5,candidate_4,candidate_3,5,0.028000000000000004
233,candidate_1,candidate_2,candidate_5,candidate_4,candidate_3,5,0.028000000000000004
234,candidate_1,candidate_2,candidate_5,candidate_4,candidate_3,5,0.028000000000000004
235,candidate_1,candidate_2,candidate_5,candidate_4,candidate_3,5,0.028000000000000004
236,candidate_1,candidate_2,candidate_5,candidate_4,candidate_3,5,0.028000000000000004
237,candidate_1,candidate_2,candidate_5,0,candidate_3,5,0.028000000000000004
238,candidate_1,candidate_2,candidate_5,candidate_4,candidate_3,5,0.028000000000000004
239,candidate_1,candidate_2,candidate_5,candidate_4,candidate_3,5,0.028000000000000004
240,candidate_1,candidate_2,candidate_5,candidate_4,candidate_3,5,0.028000000000000004
241,candidate_1,candidate_2,candidate_5,candidate_4,candidate_3,5,0.028000000000000004
242,0,candidate_2,candidate_5,candidate_4,candidate_3,5,0.028000000000000004
243,candidate_1,candidate_2,candidate_5,candidate_4,candidate_3,5,0.028000000000000004
244,candidate_1,candidate_2,candidate_5,candidate_4,candidate_3,5,0.028000000000000004
245,candidate_1,candidate_2,candidate_5,candidate_4,0,5,0.028000000000000004
246,candidate_1,candidate_2,candidate_5,candidate_4,candidate_3,5,0.028000000000000004
247,candidate_1,candidate_2,candidate_5,candidate_4,candidate_3,5,0.028000000000000004
248,candidate_1,candidate_2,candidate_5,candidate_4,candidate_3,5,0.028000000000000004
249,candidate_1,candidate_2,candidate_5,0,candidate_3,5,0.028000000000000004
250,candidate_1,candidate_2,candidate_5,candidate_4,candidate_3,5,0.028000000000000004
251,candidate_1,candidate_2,candidate_5,candidate_4,candidate_3,5,0.028000000000000004
252,candidate_1,candidate_2,candidate_5,candidate_4,candidate_3,5,0.028000000000000004
253,candidate_1,candidate_2,candidate_5,candidate_4,candidate_3,5,0.028000000000000004
254,candidate_1,candidate_2,candidate_5,candidate_4,candidate_3,5,0.028000000000000004
255,candidate_1,candidate_2,candidate_5,candidate_4,candidate_3,5,0.028000000000000004
256,candidate_1,candidate_2,candidate_5,candidate_4,candidate_3,5,0.028000000000000004
257,candidate_1,candidate_2,candidate_5,candidate_4,candidate_3,5,0.028000000000000004
258,candidate_1,candidate_2,candidate_5,candidate_4,candidate_3,5,0.028000000000000004
259,candidate_1,candidate_2,candidate_5,candidate_4,candidate_3,5,0.028000000000000004
260,candidate_1,candidate_2,candidate_5,candidate_4,candidate_3,5,0.028000000000000004
261,candidate_1,candidate_2,candidate_5,candidate_4,candidate_3,5,0.028000000000000004
262,candidate_1,candidate_2,candidate_5,candidate_4,candidate_3,5,0.028000000000000004
263,candidate_1,candidate_2,candidate_5,candidate_4,candidate_3,5,0.028000000000000004
264,candidate_1,candidate_2,candidate_5,candidate_4,candidate_3,5,0.028000000000000004
265,candidate_1,candidate_2,candidate_5,candidate_4,candidate_3,5,0.028000000000000004
266,candidate_1,candidate_2,candidate_5,candidate_4,candidate_3,5,0.028000000000000004
267,candidate_1,candidate_2,candidate_5,candidate_4,candidate_3,5,0.028000000000000004
268,candidate_1,candidate_2,candidate_5,candidate_4,candidate_3,5,0.028000000000000004
269,candidate_1,candidate_2,candidate_5,candidate_4,candidate_3,5,0.028000000000000004
270,candidate_1,candidate_2,candidate_5,candidate_4,candidate_3,5,0.028000000000000004
271,candidate_1,candidate_2,candidate_5,candidate_4,candidate_3,5,0.028000000000000004
272,candidate_1,candidate_2,candidate_5,candidate_4,candidate_3,5,0.028000000000000004
273,candidate_1,candidate_2,candidate_5,candidate_4,0,5,0.028000000000000004
274,candidate_1,candidate_2,candidate_5,candidate_4,candidate_3,5,0.028000000000000004
275,candidate_1,candidate_2,candidate_5,candidate_4,candidate_3,5,0.028000000000000004
276,candidate_1,candidate_2,candidate_5,candidate_4,candidate_3,5,0.028000000000000004
277,candidate_1,candidate_2,candidate_5,candidate_4,candidate_3,5,0.028000000000000004
278,candidate_1,candidate_2,candidate_5,candidate_4,candidate_3,5,0.028000000000000004
279,candidate_1,candidate_2,candidate_5,candidate_4,candidate_3,5,0.028000000000000004
280,candidate_1,candidate_2,candidate_5,0,candidate_3,5,0.028000000000000004
281,candidate_1,candidate_2,candidate_5,candidate_4,0,5,0.028000000000000004
282,candidate_1,candidate_2,candidate_5,candidate_4,candidate_3,5,0.028000000000000004
283,candidate_1,candidate_2,candidate_5,candidate_4,candidate_3,5,0.028000000000000004
284,candidate_1,candidate_2,candidate_5,candidate_4,0,5,0.028000000000000004
285,candidate_1,candidate_2,candidate_5,candidate_4,candidate_3,5,0.028000000000000004
286,candidate_1,candidate_2,candidate_5,candidate_4,candidate_3,5,0.028000000000000004
287,candidate_1,candidate_2,candidate_5,candidate_4,candidate_3,5,0.028000000000000004
288,candidate_1,candidate_2,candidate_5,candidate_4,candidate_3,5,0.028000000000000004
289,candidate_1,candidate_2,candidate_5,candidate_4,candidate_3,5,0.028000000000000004
290,candidate_1,candidate_2,candidate_5,candidate_4,candidate_3,5,0.028000000000000004
291,candidate_1,candidate_2,candidate_5,candidate_4,candidate_3,5,0.028000000000000004
292,candidate_1,candidate_2,candidate_5,candidate_4,candidate_3,5,0.028000000000000004
293,candidate_1,candidate_2,candidate_5,candidate_4,candidate_3,5,0.028000000000000004
294,candidate_1,candidate_2,candidate_5,candidate_4,candidate_3,5,0.028000000000000004
295,candidate_1,candidate_2,candidate_5,candidate_4,candidate_3,5,0.028000000000000004
296,candidate_1,candidate_2,candidate_5,candidate_4,candidate_3,5,0.028000000000000004
297,candidate_1,candidate_2,candidate_5,candidate_4,candidate_3,5,0.028000000000000004
298,candidate_1,candidate_2,candidate_5,candidate_4,candidate_3,5,0.028000000000000004
299,candidate_1,candidate_2,candidate_5,candidate_4,candidate_3,5,0.028000000000000004
300,candidate_1,candidate_2,candidate_5,candidate_4,candidate_3,5,0.028000000000000004
301,0,candidate_2,candidate_5,candidate_4,candidate_3,5,0.028000000000000004
302,candidate_1,candidate_2,candidate_5,candidate_4,candidate_3,5,0.028000000000000004
303,candidate_1,candidate_2,candidate_5,candidate_4,candidate_3,5,0.028000000000000004
304,candidate_1,candidate_2,candidate_5,candidate_4,candidate_3,5,0.028000000000000004
305,candidate_1,candidate_2,candidate_5,candidate_4,candidate_3,5,0.028000000000000004
306,candidate_1,candidate_2,0,candidate_4,candidate_3,5,0.028000000000000004
307,candidate_1,candidate_2,candidate_5,candidate_4,candidate_3,5,0.028000000000000004
308,candidate_1,candidate_2,candidate_5,candidate_4,candidate_3,5,0.028000000000000004
309,candidate_1,candidate_2,candidate_5,candidate_4,candidate_3,5,0.028000000000000004
310,candidate_1,candidate_2,candidate_5,candidate_4,candidate_3,5,0.028000000000000004
311,candidate_1,candidate_2,candidate_5,candidate_4,candidate_3,5,0.028000000000000004
312,candidate_1,0,candidate_5,candidate_4,candidate_3,5,0.028000000000000004
313,candidate_1,candidate_2,candidate_5,candidate_4,candidate_3,5,0.028000000000000004
314,candidate_1,candidate_2,candidate_5,candidate_4,candidate_3,5,0.028000000000000004
315,candidate_1,candidate_2,candidate_5,candidate_4,candidate_3,5,0.028000000000000004
316,candidate_1,candidate_2,candidate_5,0,candidate_3,5,0.028000000000000004
317,candidate_1,candidate_2,candidate_5,candidate_4,candidate_3,5,0.028000000000000004
318,candidate_1,candidate_2,candidate_5,candidate_4,0,5,0.028000000000000004
319,candidate_1,candidate_2,candidate_5,candidate_4,candidate_3,5,0.028000000000000004
320,candidate_1,candidate_2,candidate_5,candidate_4,candidate_3,5,0.028000000000000004
321,candidate_1,candidate_2,candidate_5,candidate_4,candidate_3,5,0.028000000000000004
322,candidate_1,candidate_2,candidate_5,candidate_4,candidate_3,5,0.028000000000000004
323,candidate_1,candidate_2,candidate_5,0,candidate_3,5,0.028000000000000004
324,candidate_1,candidate_2,candidate_5,candidate_4,candidate_3,5,0.028000000000000004
325,candidate_1,candidate_2,candidate_5,0,candidate_3,5,0.028000000000000004
326,0,candidate_2,candidate_5,candidate_4,candidate_3,5,0.028000000000000004
327,candidate_1,candidate_2,candidate_5,candidate_4,candidate_3,5,0.028000000000000004
328,candidate_1,candidate_2,candidate_5,candidate_4,candidate_3,5,0.028000000000000004
329,candidate_1,candidate_2,candidate_5,candidate_4,candidate_3,5,0.028000000000000004
330,candidate_1,candidate_2,candidate_5,candidate_4,candidate_3,5,0.028000000000000004
331,candidate_1,candidate_2,candidate_5,candidate_4,candidate_3,5,0.028000000000000004
332,candidate_1,candidate_2,candidate_5,candidate_4,candidate_3,5,0.028000000000000004
333,candidate_1,candidate_2,candidate_5,candidate_4,candidate_3,5,0.028000000000000004
334,candidate_1,candidate_2,candidate_5,candidate_4,candidate_3,5,0.028000000000000004
335,candidate_1,candidate_2,candidate_5,candidate_4,candidate_3,5,0.028000000000000004
336,candidate_1,candidate_2,candidate_5,candidate_4,candidate_3,5,0.028000000000000004
337,candidate_1,candidate_2,candidate_5,candidate_4,candidate_3,5,0.028000000000000004
338,candidate_1,candidate_2,candidate_5,candidate_4,candidate_3,5,0.028000000000000004
339,candidate_1,candidate_2,candidate_5,candidate_4,candidate_3,5,0.028000000000000004
340,candidate_1,candidate_2,candidate_5,candidate_4,candidate_3,5,0.028000000000000004
341,candidate_1,candidate_2,candidate_5,candidate_4,candidate_3,5,0.028000000000000004
342,candidate_1,candidate_2,candidate_5,candidate_4,candidate_3,5,0.028000000000000004
343,candidate_1,candidate_2,candidate_5,candidate_4,candidate_3,5,0.028000000000000004
344,candidate_1,candidate_2,candidate_5,candidate_4,candidate_3,5,0.028000000000000004
345,candidate_1,candidate_2,candidate_5,candidate_4,candidate_3,5,0.028000000000000004
346,candidate_1,candidate_2,candidate_5,candidate_4,candidate_3,5,0.028000000000000004
347,candidate_1,candidate_2,candidate_5,candidate_4,candidate_3,5,0.028000000000000004
348,candidate_1,candidate_2,candidate_5,candidate_4,candidate_3,5,0.028000000000000004
349,candidate_1,candidate_2,candidate_5,candidate_4,candidate_3,5,0.028000000000000004
350,candidate_1,candidate_2,candidate_5,candidate_4,candidate_3,5,0.028000000000000004
351,candidate_1,candidate_2,candidate_5,candidate_4,candidate_3,5,0.028000000000000004
352,candidate_1,candidate_2,candidate_5,candidate_4,candidate_3,5,0.028000000000000004
353,candidate_1,candidate_2,candidate_5,candidate_4,candidate_3,5,0.028000000000000004
354,candidate_1,candidate_2,candidate_5,candidate_4,candidate_3,5,0.028000000000000004
355,candidate_1,candidate_2,candidate_5,candidate_4,candidate_3,5,0.028000000000000004
356,candidate_1,candidate_2,candidate_5,candidate_4,candidate_3,5,0.028000000000000004
357,candidate_1,candidate_2,candidate_5,candidate_4,candidate_3,5,0.028000000000000004
358,candidate_1,candidate_2,candidate_5,candidate_4,candidate_3,5,0.028000000000000004
359,candidate_1,candidate_2,candidate_5,candidate_4,candidate_3,5,0.028000000000000004
360,candidate_1,candidate_2,candidate_5,candidate_4,candidate_3,5,0.028000000000000004
361,candidate_1,candidate_2,candidate_5,candidate_4,candidate_3,5,0.028000000000000004
362,candidate_1,candidate_2,candidate_5,candidate_4,candidate_3,5,0.028000000000000004
363,candidate_1,candidate_2,candidate_5,candidate_4,candidate_3,5,0.028000000000000004
364,candidate_1,candidate_2,candidate_5,candidate_4,candidate_3,5,0.028000000000000004
365,candidate_1,candidate_2,candidate_5,candidate_4,candidate_3,5,0.028000000000000004
366,candidate_1,candidate_2,candidate_5,candidate_4,candidate_3,5,0.028000000000000004
367,candidate_1,candidate_2,candidate_5,candidate_4,candidate_3,5,0.028000000000000004
368,candidate_1,candidate_2,candidate_5,candidate_4,candidate_3,5,0.028000000000000004
369,candidate_1,candidate_2,candidate_5,candidate_4,candidate_3,5,0.028000000000000004
370,candidate_1,candidate_2,candidate_5,candidate_4,candidate_3,5,0.028000000000000004
371,candidate_1,candidate_2,candidate_5,candidate_4,candidate_3,5,0.028000000000000004
372,candidate_1,candidate_2,candidate_5,candidate_4,candidate_3,5,0.028000000000000004
373,candidate_1,candidate_2,candidate_5,candidate_4,candidate_3,5,0.028000000000000004
374,candidate_1,candidate_2,candidate_5,candidate_4,candidate_3,5,0.028000000000000004
375,candidate_1,candidate_2,candidate_5,candidate_4,candidate_3,5,0.028000000000000004
376,candidate_1,candidate_2,candidate_5,candidate_4,candidate_3,5,0.028000000000000004
377,candidate_1,candidate_2,candidate_5,candidate_4,candidate_3,5,0.028000000000000004
378,candidate_1,candidate_2,candidate_5,candidate_4,candidate_3,5,0.028000000000000004
379,candidate_1,0,candidate_5,candidate_4,candidate_3,5,0.028000000000000004
380,candidate_1,candidate_2,candidate_5,candidate_4,candidate_3,5,0.028000000000000004
381,candidate_1,candidate_2,candidate_5,candidate_4,candidate_3,5,0.028000000000000004
382,candidate_1,candidate_2,candidate_5,candidate_4,candidate_3,5,0.028000000000000004
383,candidate_1,candidate_2,candidate_5,candidate_4,candidate_3,5,0.028000000000000004
384,candidate_1,candidate_2,candidate_5,candidate_4,candidate_3,5,0.028000000000000004
385,candidate_1,candidate_2,candidate_5,candidate_4,candidate_3,5,0.028000000000000004
386,candidate_1,candidate_2,candidate_5,candidate_4,candidate_3,5,0.028000000000000004
387,candidate_1,candidate_2,candidate_5,candidate_4,candidate_3,5,0.028000000000000004
388,candidate_1,candidate_2,candidate_5,candidate_4,candidate_3,5,0.028000000000000004
389,candidate_1,candidate_2,candidate_5,candidate_4,candidate_3,5,0.028000000000000004
390,candidate_1,candidate_2,candidate_5,candidate_4,candidate_3,5,0.028000000000000004
391,candidate_1,candidate_2,candidate_5,candidate_4,candidate_3,5,0.028000000000000004
392,candidate_1,candidate_2,candidate_5,candidate_4,candidate_3,5,0.028000000000000004
393,candidate_1,candidate_2,candidate_5,candidate_4,candidate_3,5,0.028000000000000004
394,candidate_1,candidate_2,candidate_5,candidate_4,candidate_3,5,0.028000000000000004
395,candidate_1,candidate_2,candidate_5,candidate_4,candidate_3,5,0.028000000000000004
396,candidate_1,candidate_2,candidate_5,candidate_4,candidate_3,5,0.028000000000000004
397,candidate_1,candidate_2,candidate_5,candidate_4,candidate_3,5,0.028000000000000004
398,candidate_1,candidate_2,candidate_5,candidate_4,candidate_3,5,0.028000000000000004
399,candidate_1,candidate_2,candidate_5,candidate_4,candidate_3,5,0.028000000000000004
400,candidate_1,0,candidate_5,candidate_4,candidate_3,5,0.028000000000000004
401,candidate_1,candidate_2,candidate_5,candidate_4,candidate_3,5,0.028000000000000004
402,candidate_1,candidate_2,candidate_5,candidate_4,candidate_3,5,0.028000000000000004
403,candidate_1,candidate_2,candidate_5,candidate_4,candidate_3,5,0.028000000000000004
404,candidate_1,candidate_2,candidate_5,candidate_4,candidate_3,5,0.028000000000000004
405,candidate_1,candidate_2,candidate_5,candidate_4,candidate_3,5,0.028000000000000004
406,candidate_1,candidate_2,candidate_5,candidate_4,candidate_3,5,0.028000000000000004
407,candidate_1,candidate_2,candidate_5,candidate_4,candidate_3,5,0.028000000000000004
408,candidate_1,candidate_2,candidate_5,candidate_4,candidate_3,5,0.028000000000000004
409,candidate_1,candidate_2,candidate_5,candidate_4,candidate_3,5,0.028000000000000004
410,candidate_1,candidate_2,candidate_5,candidate_4,candidate_3,5,0.028000000000000004
411,candidate_1,candidate_2,candidate_5,candidate_4,candidate_3,5,0.028000000000000004
412,candidate_1,candidate_2,candidate_5,candidate_4,candidate_3,5,0.028000000000000004
413,candidate_1,candidate_2,candidate_5,0,candidate_3,5,0.028000000000000004
414,candidate_1,candidate_2,candidate_5,candidate_4,0,5,0.028000000000000004
415,candidate_1,candidate_2,candidate_5,candidate_4,candidate_3,5,0.028000000000000004
416,candidate_1,candidate_2,candidate_5,candidate_4,candidate_3,5,0.028000000000000004
417,candidate_1,candidate_2,candidate_5,candidate_4,candidate_3,5,0.028000000000000004
418,candidate_1,candidate_2,candidate_5,candidate_4,candidate_3,5,0.028000000000000004
419,candidate_1,candidate_2,candidate_5,candidate_4,candidate_3,5,0.028000000000000004
420,candidate_1,candidate_2,candidate_5,candidate_4,candidate_3,5,0.028000000000000004
421,candidate_1,candidate_2,candidate_5,candidate_4,candidate_3,5,0.028000000000000004
422,candidate_1,candidate_2,0,candidate_4,candidate_3,5,0.028000000000000004
423,candidate_1,candidate_2,candidate_5,candidate_4,candidate_3,5,0.028000000000000004
424,candidate_1,candidate_2,candidate_5,0,candidate_3,5,0.028000000000000004
425,candidate_1,candidate_2,candidate_5,candidate_4,candidate_3,5,0.028000000000000004
426,candidate_1,candidate_2,candidate_5,candidate_4,candidate_3,5,0.028000000000000004
427,candidate_1,candidate_2,candidate_5,candidate_4,candidate_3,5,0.028000000000000004
428,candidate_1,candidate_2,candidate_5,candidate_4,candidate_3,5,0.028000000000000004
429,candidate_1,candidate_2,candidate_5,candidate_4,candidate_3,5,0.028000000000000004
430,candidate_1,candidate_2,candidate_5,candidate_4,candidate_3,5,0.028000000000000004
431,candidate_1,candidate_2,candidate_5,candidate_4,candidate_3,5,0.028000000000000004
432,candidate_1,candidate_2,candidate_5,candidate_4,candidate_3,5,0.028000000000000004
433,candidate_1,candidate_2,candidate_5,candidate_4,candidate_3,5,0.028000000000000004
434,candidate_1,candidate_2,candidate_5,candidate_4,candidate_3,5,0.028000000000000004
435,candidate_1,candidate_2,0,candidate_4,candidate_3,5,0.028000000000000004
436,candidate_1,candidate_2,candidate_5,candidate_4,candidate_3,5,0.028000000000000004
437,candidate_1,candidate_2,candidate_5,candidate_4,candidate_3,5,0.028000000000000004
438,candidate_1,candidate_2,candidate_5,candidate_4,candidate_3,5,0.028000000000000004
439,candidate_1,candidate_2,candidate_5,candidate_4,candidate_3,5,0.028000000000000004
440,candidate_1,candidate_2,candidate_5,candidate_4,candidate_3,5,0.028000000000000004
441,candidate_1,candidate_2,candidate_5,candidate_4,candidate_3,5,0.028000000000000004
442,candidate_1,candidate_2,candidate_5,candidate_4,candidate_3,5,0.028000000000000004
443,candidate_1,candidate_2,candidate_5,candidate_4,candidate_3,5,0.028000000000000004
444,candidate_1,candidate_2,candidate_5,candidate_4,0,5,0.028000000000000004
445,candidate_1,candidate_2,candidate_5,candidate_4,candidate_3,5,0.028000000000000004
446,candidate_1,candidate_2,candidate_5,candidate_4,candidate_3,5,0.028000000000000004
447,candidate_1,candidate_2,candidate_5,candidate_4,candidate_3,5,0.028000000000000004
448,candidate_1,candidate_2,candidate_5,candidate_4,candidate_3,5,0.028000000000000004
449,candidate_1,candidate_2,candidate_5,candidate_4,candidate_3,5,0.028000000000000004
450,candidate_1,candidate_2,candidate_5,candidate_4,candidate_3,5,0.028000000000000004
451,candidate_1,candidate_2,candidate_5,candidate_4,candidate_3,5,0.028000000000000004
452,candidate_1,candidate_2,candidate_5,candidate_4,candidate_3,5,0.028000000000000004
453,candidate_1,0,candidate_5,candidate_4,candidate_3,5,0.028000000000000004
454,candidate_1,candidate_2,candidate_5,candidate_4,candidate_3,5,0.028000000000000004
455,candidate_1,candidate_2,candidate_5,candidate_4,candidate_3,5,0.028000000000000004
456,candidate_1,candidate_2,candidate_5,candidate_4,candidate_3,5,0.028000000000000004
457,candidate_1,candidate_2,candidate_5,candidate_4,candidate_3,5,0.028000000000000004
458,candidate_1,candidate_2,candidate_5,candidate_4,candidate_3,5,0.028000000000000004
459,candidate_1,candidate_2,candidate_5,candidate_4,candidate_3,5,0.028000000000000004
460,candidate_1,candidate_2,candidate_5,candidate_4,candidate_3,5,0.028000000000000004
461,candidate_1,candidate_2,candidate_5,candidate_4,candidate_3,5,0.028000000000000004
462,candidate_1,candidate_2,0,candidate_4,candidate_3,5,0.028000000000000004
463,candidate_1,candidate_2,candidate_5,candidate_4,candidate_3,5,0.028000000000000004
464,candidate_1,0,candidate_5,candidate_4,candidate_3,5,0.028000000000000004
465,candidate_1,candidate_2,candidate_5,candidate_4,candidate_3,5,0.028000000000000004
466,candidate_1,candidate_2,candidate_5,candidate_4,candidate_3,5,0.028000000000000004
467,candidate_1,candidate_2,candidate_5,candidate_4,candidate_3,5,0.028000000000000004
468,candidate_1,candidate_2,candidate_5,candidate_4,candidate_3,5,0.028000000000000004
469,candidate_1,candidate_2,candidate_5,candidate_4,candidate_3,5,0.028000000000000004
470,candidate_1,candidate_2,candidate_5,candidate_4,candidate_3,5,0.028000000000000004
471,candidate_1,candidate_2,candidate_5,candidate_4,candidate_3,5,0.028000000000000004
472,candidate_1,candidate_2,candidate_5,candidate_4,candidate_3,5,0.028000000000000004
473,candidate_1,candidate_2,candidate_5,candidate_4,candidate_3,5,0.028000000000000004
474,candidate_1,candidate_2,candidate_5,candidate_4,candidate_3,5,0.028000000000000004
475,candidate_1,candidate_2,candidate_5,candidate_4,candidate_3,5,0.028000000000000004
476,candidate_1,candidate_2,candidate_5,candidate_4,candidate_3,5,0.028000000000000004
477,candidate_1,candidate_2,candidate_5,candidate_4,candidate_3,5,0.028000000000000004
478,candidate_1,candidate_2,candidate_5,candidate_4,candidate_3,5,0.028000000000000004
479,candidate_1,candidate_2,candidate_5,candidate_4,candidate_3,5,0.028000000000000004
480,candidate_1,candidate_2,0,candidate_4,candidate_3,5,0.028000000000000004
481,candidate_1,candidate_2,candidate_5,candidate_4,candidate_3,5,0.028000000000000004
482,candidate_1,candidate_2,candidate_5,candidate_4,candidate_3,5,0.028000000000000004
483,candidate_1,candidate_2,candidate_5,candidate_4,candidate_3,5,0.028000000000000004
484,candidate_1,candidate_2,candidate_5,candidate_4,candidate_3,5,0.028000000000000004
485,candidate_1,candidate_2,candidate_5,candidate_4,candidate_3,5,0.028000000000000004
486,candidate_1,candidate_2,candidate_5,candidate_4,candidate_3,5,0.028000000000000004
487,candidate_1,candidate_2,candidate_5,candidate_4,candidate_3,5,0.028000000000000004
488,candidate_1,candidate_2,candidate_5,candidate_4,candidate_3,5,0.028000000000000004
489,candidate_1,candidate_2,candidate_5,candidate_4,candidate_3,5,0.028000000000000004
490,candidate_1,candidate_2,candidate_5,candidate_4,candidate_3,5,0.028000000000000004
491,candidate_1,candidate_2,candidate_5,candidate_4,candidate_3,5,0.028000000000000004
492,candidate_1,candidate_2,candidate_5,candidate_4,0,5,0.028000000000000004
493,candidate_1,candidate_2,candidate_5,0,candidate_3,5,0.028000000000000004
494,candidate_1,candidate_2,candidate_5,candidate_4,candidate_3,5,0.028000000000000004
495,candidate_1,candidate_2,candidate_5,candidate_4,candidate_3,5,0.028000000000000004
496,candidate_1,candidate_2,candidate_5,candidate_4,0,5,0.028000000000000004
497,candidate_1,candidate_2,candidate_5,candidate_4,candidate_3,5,0.028000000000000004
498,candidate_1,candidate_2,candidate_5,candidate_4,candidate_3,5,0.028000000000000004
499,candidate_1,candidate_2,candidate_5,candidate_4,candidate_3,5,0.028000000000000004
500,candidate_1,candidate_2,candidate_5,candidate_4,candidate_3,5,0.028000000000000004
501,candidate_1,candidate_2,candidate_5,candidate_4,candidate_3,5,0.028000000000000004
502,candidate_1,candidate_2,candidate_5,candidate_4,candidate_3,5,0.028000000000000004
503,candidate_1,candidate_2,candidate_5,candidate_4,candidate_3,5,0.028000000000000004
504,candidate_1,candidate_2,candidate_5,candidate_4,candidate_3,5,0.028000000000000004
505,candidate_1,candidate_2,candidate_5,candidate_4,candidate_3,5,0.028000000000000004
506,candidate_1,candidate_2,candidate_5,candidate_4,candidate_3,5,0.028000000000000004
507,candidate_1,candidate_2,candidate_5,candidate_4,candidate_3,5,0.028000000000000004
508,candidate_1,0,0,candidate_4,candidate_3,5,0.028000000000000004
509,candidate_1,candidate_2,candidate_5,candidate_4,candidate_3,5,0.028000000000000004
510,candidate_1,candidate_2,candidate_5,candidate_4,candidate_3,5,0.028000000000000004
511,candidate_1,candidate_2,candidate_5,candidate_4,candidate_3,5,0.028000000000000004
512,candidate_1,candidate_2,candidate_5,candidate_4,candidate_3,5,0.028000000000000004
513,candidate_1,candidate_2,candidate_5,candidate_4,0,5,0.028000000000000004
514,candidate_1,candidate_2,candidate_5,0,candidate_3,5,0.028000000000000004
515,candidate_1,candidate_2,candidate_5,candidate_4,candidate_3,5,0.028000000000000004
516,candidate_1,candidate_2,candidate_5,candidate_4,candidate_3,5,0.028000000000000004
0,candidate_1,candidate_3,candidate_2,candidate_4,candidate_5,5,0.028000000000000004
1,candidate_1,candidate_3,candidate_2,candidate_4,candidate_5,5,0.028000000000000004
2,0,candidate_3,candidate_2,candidate_4,candidate_5,5,0.028000000000000004
3,candidate_1,candidate_3,candidate_2,0,candidate_5,5,0.028000000000000004
4,candidate_1,candidate_3,candidate_2,candidate_4,candidate_5,5,0.028000000000000004
5,candidate_1,candidate_3,candidate_2,candidate_4,candidate_5,5,0.028000000000000004
6,candidate_1,candidate_3,candidate_2,candidate_4,candidate_5,5,0.028000000000000004
7,candidate_1,candidate_3,candidate_2,candidate_4,candidate_5,5,0.028000000000000004
8,candidate_1,candidate_3,candidate_2,candidate_4,candidate_5,5,0.028000000000000004
9,candidate_1,candidate_3,candidate_2,candidate_4,candidate_5,5,0.028000000000000004
10,candidate_1,candidate_3,candidate_2,candidate_4,candidate_5,5,0.028000000000000004
11,0,candidate_3,candidate_2,candidate_4,candidate_5,5,0.028000000000000004
12,candidate_1,candidate_3,candidate_2,candidate_4,candidate_5,5,0.028000000000000004
13,candidate_1,candidate_3,candidate_2,candidate_4,candidate_5,5,0.028000000000000004
14,candidate_1,candidate_3,candidate_2,candidate_4,candidate_5,5,0.028000000000000004
15,candidate_1,candidate_3,candidate_2,candidate_4,candidate_5,5,0.028000000000000004
16,0,candidate_3,candidate_2,candidate_4,candidate_5,5,0.028000000000000004
17,candidate_1,candidate_3,candidate_2,candidate_4,candidate_5,5,0.028000000000000004
18,candidate_1,candidate_3,candidate_2,candidate_4,candidate_5,5,0.028000000000000004
19,candidate_1,candidate_3,candidate_2,candidate_4,candidate_5,5,0.028000000000000004
20,candidate_1,candidate_3,candidate_2,candidate_4,candidate_5,5,0.028000000000000004
21,candidate_1,candidate_3,candidate_2,candidate_4,candidate_5,5,0.028000000000000004
22,candidate_1,candidate_3,candidate_2,candidate_4,0,5,0.028000000000000004
23,candidate_1,candidate_3,candidate_2,candidate_4,candidate_5,5,0.028000000000000004
24,candidate_1,candidate_3,candidate_2,candidate_4,candidate_5,5,0.028000000000000004
25,candidate_1,0,candidate_2,candidate_4,candidate_5,5,0.028000000000000004
26,candidate_1,candidate_3,candidate_2,candidate_4,candidate_5,5,0.028000000000000004
27,candidate_1,candidate_3,candidate_2,candidate_4,candidate_5,5,0.028000000000000004
28,candidate_1,0,candidate_2,candidate_4,candidate_5,5,0.028000000000000004
29,candidate_1,candidate_3,candidate_2,candidate_4,candidate_5,5,0.028000000000000004
30,candidate_1,candidate_3,candidate_2,candidate_4,candidate_5,5,0.028000000000000004
31,candidate_1,candidate_3,candidate_2,candidate_4,candidate_5,5,0.028000000000000004
32,candidate_1,0,candidate_2,candidate_4,candidate_5,5,0.028000000000000004
33,candidate_1,candidate_3,candidate_2,candidate_4,candidate_5,5,0.028000000000000004
34,candidate_1,candidate_3,candidate_2,candidate_4,0,5,0.028000000000000004
35,candidate_1,candidate_3,candidate_2,candidate_4,candidate_5,5,0.028000000000000004
36,candidate_1,candidate_3,candidate_2,candidate_4,candidate_5,5,0.028000000000000004
37,candidate_1,candidate_3,candidate_2,candidate_4,candidate_5,5,0.028000000000000004
38,candidate_1,candidate_3,candidate_2,candidate_4,candidate_5,5,0.028000000000000004
39,candidate_1,candidate_3,candidate_2,candidate_4,candidate_5,5,0.028000000000000004
40,candidate_1,candidate_3,candidate_2,candidate_4,candidate_5,5,0.028000000000000004
41,candidate_1,candidate_3,candidate_2,candidate_4,candidate_5,5,0.028000000000000004
42,candidate_1,candidate_3,candidate_2,candidate_4,candidate_5,5,0.028000000000000004
43,candidate_1,candidate_3,candidate_2,candidate_4,candidate_5,5,0.028000000000000004
44,candidate_1,candidate_3,candidate_2,candidate_4,candidate_5,5,0.028000000000000004
45,candidate_1,candidate_3,candidate_2,candidate_4,candidate_5,5,0.028000000000000004
46,candidate_1,candidate_3,candidate_2,candidate_4,candidate_5,5,0.028000000000000004
47,candidate_1,candidate_3,candidate_2,candidate_4,candidate_5,5,0.028000000000000004
48,candidate_1,candidate_3,candidate_2,0,candidate_5,5,0.028000000000000004
49,candidate_1,candidate_3,candidate_2,candidate_4,candidate_5,5,0.028000000000000004
50,candidate_1,candidate_3,candidate_2,candidate_4,candidate_5,5,0.028000000000000004
51,candidate_1,candidate_3,candidate_2,candidate_4,candidate_5,5,0.028000000000000004
52,0,candidate_3,candidate_2,candidate_4,candidate_5,5,0.028000000000000004
53,candidate_1,candidate_3,candidate_2,candidate_4,candidate_5,5,0.028000000000000004
54,candidate_1,candidate_3,candidate_2,candidate_4,candidate_5,5,0.028000000000000004
55,candidate_1,candidate_3,candidate_2,candidate_4,candidate_5,5,0.028000000000000004
56,candidate_1,candidate_3,candidate_2,candidate_4,candidate_5,5,0.028000000000000004
57,candidate_1,candidate_3,candidate_2,candidate_4,candidate_5,5,0.028000000000000004
58,candidate_1,candidate_3,candidate_2,candidate_4,candidate_5,5,0.028000000000000004
59,candidate_1,candidate_3,candidate_2,candidate_4,candidate_5,5,0.028000000000000004
60,candidate_1,candidate_3,candidate_2,candidate_4,candidate_5,5,0.028000000000000004
61,candidate_1,candidate_3,candidate_2,candidate_4,candidate_5,5,0.028000000000000004
62,candidate_1,candidate_3,candidate_2,candidate_4,candidate_5,5,0.028000000000000004
63,candidate_1,candidate_3,0,candidate_4,candidate_5,5,0.028000000000000004
64,candidate_1,candidate_3,candidate_2,candidate_4,candidate_5,5,0.028000000000000004
65,candidate_1,candidate_3,candidate_2,candidate_4,candidate_5,5,0.028000000000000004
66,candidate_1,candidate_3,candidate_2,candidate_4,candidate_5,5,0.028000000000000004
67,candidate_1,candidate_3,candidate_2,candidate_4,candidate_5,5,0.028000000000000004
68,candidate_1,candidate_3,candidate_2,candidate_4,candidate_5,5,0.028000000000000004
69,candidate_1,candidate_3,candidate_2,candidate_4,candidate_5,5,0.028000000000000004
70,candidate_1,candidate_3,candidate_2,candidate_4,candidate_5,5,0.028000000000000004
71,candidate_1,candidate_3,candidate_2,candidate_4,candidate_5,5,0.028000000000000004
72,candidate_1,candidate_3,candidate_2,0,candidate_5,5,0.028000000000000004
73,candidate_1,candidate_3,candidate_2,candidate_4,candidate_5,5,0.028000000000000004
74,candidate_1,candidate_3,candidate_2,candidate_4,candidate_5,5,0.028000000000000004
75,candidate_1,candidate_3,candidate_2,candidate_4,candidate_5,5,0.028000000000000004
76,candidate_1,candidate_3,0,candidate_4,candidate_5,5,0.028000000000000004
77,candidate_1,candidate_3,candidate_2,candidate_4,candidate_5,5,0.028000000000000004
78,candidate_1,candidate_3,candidate_2,candidate_4,candidate_5,5,0.028000000000000004
79,candidate_1,candidate_3,candidate_2,candidate_4,candidate_5,5,0.028000000000000004
80,candidate_1,candidate_3,candidate_2,candidate_4,candidate_5,5,0.028000000000000004
81,candidate_1,candidate_3,candidate_2,candidate_4,candidate_5,5,0.028000000000000004
82,candidate_1,candidate_3,candidate_2,candidate_4,candidate_5,5,0.028000000000000004
83,candidate_1,candidate_3,candidate_2,candidate_4,candidate_5,5,0.028000000000000004
84,candidate_1,candidate_3,candidate_2,candidate_4,candidate_5,5,0.028000000000000004
85,candidate_1,candidate_3,candidate_2,candidate_4,candidate_5,5,0.028000000000000004
86,candidate_1,candidate_3,candidate_2,candidate_4,candidate_5,5,0.028000000000000004
87,candidate_1,candidate_3,candidate_2,candidate_4,candidate_5,5,0.028000000000000004
88,candidate_1,candidate_3,candidate_2,candidate_4,candidate_5,5,0.028000000000000004
89,candidate_1,candidate_3,candidate_2,candidate_4,candidate_5,5,0.028000000000000004
90,candidate_1,candidate_3,candidate_2,candidate_4,candidate_5,5,0.028000000000000004
91,candidate_1,candidate_3,candidate_2,candidate_4,candidate_5,5,0.028000000000000004
92,candidate_1,candidate_3,candidate_2,candidate_4,candidate_5,5,0.028000000000000004
93,candidate_1,candidate_3,candidate_2,candidate_4,candidate_5,5,0.028000000000000004
94,candidate_1,candidate_3,candidate_2,candidate_4,candidate_5,5,0.028000000000000004
95,candidate_1,candidate_3,candidate_2,candidate_4,candidate_5,5,0.028000000000000004
96,candidate_1,candidate_3,candidate_2,candidate_4,candidate_5,5,0.028000000000000004
97,candidate_1,candidate_3,candidate_2,candidate_4,candidate_5,5,0.028000000000000004
98,candidate_1,candidate_3,candidate_2,candidate_4,candidate_5,5,0.028000000000000004
99,candidate_1,candidate_3,candidate_2,candidate_4,candidate_5,5,0.028000000000000004
100,0,candidate_3,candidate_2,candidate_4,candidate_5,5,0.028000000000000004
101,candidate_1,candidate_3,candidate_2,candidate_4,candidate_5,5,0.028000000000000004
102,candidate_1,candidate_3,candidate_2,candidate_4,candidate_5,5,0.028000000000000004
103,candidate_1,candidate_3,candidate_2,candidate_4,candidate_5,5,0.028000000000000004
104,candidate_1,candidate_3,candidate_2,candidate_4,candidate_5,5,0.028000000000000004
105,candidate_1,0,candidate_2,candidate_4,candidate_5,5,0.028000000000000004
106,candidate_1,candidate_3,candidate_2,candidate_4,candidate_5,5,0.028000000000000004
107,candidate_1,candidate_3,candidate_2,0,candidate_5,5,0.028000000000000004
108,candidate_1,candidate_3,candidate_2,candidate_4,candidate_5,5,0.028000000000000004
109,0,candidate_3,candidate_2,candidate_4,candidate_5,5,0.028000000000000004
110,candidate_1,candidate_3,candidate_2,candidate_4,candidate_5,5,0.028000000000000004
111,candidate_1,candidate_3,0,candidate_4,candidate_5,5,0.028000000000000004
112,candidate_1,candidate_3,candidate_2,candidate_4,candidate_5,5,0.028000000000000004
113,candidate_1,candidate_3,candidate_2,candidate_4,candidate_5,5,0.028000000000000004
114,candidate_1,0,candidate_2,candidate_4,candidate_5,5,0.028000000000000004
115,candidate_1,candidate_3,candidate_2,candidate_4,candidate_5,5,0.028000000000000004
116,candidate_1,candidate_3,candidate_2,candidate_4,candidate_5,5,0.028000000000000004
117,candidate_1,candidate_3,candidate_2,candidate_4,candidate_5,5,0.028000000000000004
118,candidate_1,candidate_3,candidate_2,candidate_4,candidate_5,5,0.028000000000000004
119,candidate_1,candidate_3,candidate_2,candidate_4,0,5,0.028000000000000004
120,candidate_1,candidate_3,candidate_2,candidate_4,candidate_5,5,0.028000000000000004
121,candidate_1,candidate_3,candidate_2,candidate_4,candidate_5,5,0.028000000000000004
122,candidate_1,candidate_3,candidate_2,candidate_4,candidate_5,5,0.028000000000000004
123,candidate_1,candidate_3,candidate_2,candidate_4,candidate_5,5,0.028000000000000004
124,candidate_1,candidate_3,candidate_2,candidate_4,candidate_5,5,0.028000000000000004
125,candidate_1,candidate_3,candidate_2,candidate_4,candidate_5,5,0.028000000000000004
126,candidate_1,candidate_3,candidate_2,candidate_4,candidate_5,5,0.028000000000000004
127,candidate_1,candidate_3,candidate_2,candidate_4,candidate_5,5,0.028000000000000004
128,candidate_1,candidate_3,candidate_2,candidate_4,candidate_5,5,0.028000000000000004
129,candidate_1,candidate_3,candidate_2,candidate_4,candidate_5,5,0.028000000000000004
130,candidate_1,candidate_3,candidate_2,candidate_4,candidate_5,5,0.028000000000000004
131,candidate_1,candidate_3,candidate_2,candidate_4,candidate_5,5,0.028000000000000004
132,candidate_1,candidate_3,candidate_2,candidate_4,candidate_5,5,0.028000000000000004
133,candidate_1,candidate_3,candidate_2,candidate_4,candidate_5,5,0.028000000000000004
134,candidate_1,candidate_3,candidate_2,candidate_4,candidate_5,5,0.028000000000000004
135,candidate_1,candidate_3,0,candidate_4,candidate_5,5,0.028000000000000004
136,candidate_1,candidate_3,candidate_2,candidate_4,candidate_5,5,0.028000000000000004
137,candidate_1,candidate_3,candidate_2,candidate_4,candidate_5,5,0.028000000000000004
138,candidate_1,candidate_3,candidate_2,candidate_4,candidate_5,5,0.028000000000000004
139,candidate_1,candidate_3,candidate_2,candidate_4,candidate_5,5,0.028000000000000004
140,candidate_1,candidate_3,candidate_2,candidate_4,candidate_5,5,0.028000000000000004
141,candidate_1,candidate_3,candidate_2,candidate_4,candidate_5,5,0.028000000000000004
142,candidate_1,candidate_3,candidate_2,candidate_4,candidate_5,5,0.028000000000000004
143,candidate_1,candidate_3,candidate_2,candidate_4,candidate_5,5,0.028000000000000004
144,candidate_1,candidate_3,candidate_2,candidate_4,candidate_5,5,0.028000000000000004
145,candidate_1,candidate_3,candidate_2,candidate_4,candidate_5,5,0.028000000000000004
146,candidate_1,candidate_3,candidate_2,candidate_4,candidate_5,5,0.028000000000000004
147,candidate_1,candidate_3,candidate_2,0,candidate_5,5,0.028000000000000004
148,candidate_1,candidate_3,candidate_2,candidate_4,candidate_5,5,0.028000000000000004
149,candidate_1,candidate_3,candidate_2,candidate_4,candidate_5,5,0.028000000000000004
150,0,0,candidate_2,candidate_4,candidate_5,5,0.028000000000000004
151,candidate_1,candidate_3,candidate_2,candidate_4,candidate_5,5,0.028000000000000004
152,candidate_1,candidate_3,candidate_2,candidate_4,candidate_5,5,0.028000000000000004
153,candidate_1,candidate_3,candidate_2,candidate_4,candidate_5,5,0.028000000000000004
154,candidate_1,candidate_3,candidate_2,candidate_4,candidate_5,5,0.028000000000000004
155,candidate_1,candidate_3,candidate_2,candidate_4,candidate_5,5,0.028000000000000004
156,candidate_1,candidate_3,candidate_2,candidate_4,candidate_5,5,0.028000000000000004
157,0,candidate_3,candidate_2,candidate_4,candidate_5,5,0.028000000000000004
158,candidate_1,candidate_3,candidate_2,candidate_4,candidate_5,5,0.028000000000000004
159,candidate_1,candidate_3,candidate_2,candidate_4,candidate_5,5,0.028000000000000004
160,candidate_1,candidate_3,candidate_2,0,candidate_5,5,0.028000000000000004
161,candidate_1,candidate_3,candidate_2,candidate_4,candidate_5,5,0.028000000000000004
162,candidate_1,candidate_3,candidate_2,candidate_4,candidate_5,5,0.028000000000000004
163,candidate_1,candidate_3,candidate_2,candidate_4,candidate_5,5,0.028000000000000004
164,candidate_1,candidate_3,candidate_2,candidate_4,candidate_5,5,0.028000000000000004
165,candidate_1,candidate_3,candidate_2,candidate_4,0,5,0.028000000000000004
166,candidate_1,candidate_3,candidate_2,candidate_4,candidate_5,5,0.028000000000000004
167,candidate_1,candidate_3,candidate_2,candidate_4,candidate_5,5,0.028000000000000004
168,candidate_1,candidate_3,candidate_2,candidate_4,candidate_5,5,0.028000000000000004
169,candidate_1,candidate_3,candidate_2,candidate_4,candidate_5,5,0.028000000000000004
170,candidate_1,candidate_3,candidate_2,candidate_4,candidate_5,5,0.028000000000000004
171,candidate_1,candidate_3,candidate_2,candidate_4,candidate_5,5,0.028000000000000004
172,candidate_1,candidate_3,candidate_2,0,candidate_5,5,0.028000000000000004
173,candidate_1,candidate_3,candidate_2,candidate_4,candidate_5,5,0.028000000000000004
174,candidate_1,candidate_3,candidate_2,candidate_4,candidate_5,5,0.028000000000000004
175,candidate_1,candidate_3,candidate_2,candidate_4,candidate_5,5,0.028000000000000004
176,candidate_1,candidate_3,candidate_2,candidate_4,candidate_5,5,0.028000000000000004
177,candidate_1,candidate_3,candidate_2,0,candidate_5,5,0.028000000000000004
178,candidate_1,candidate_3,candidate_2,candidate_4,candidate_5,5,0.028000000000000004
179,candidate_1,candidate_3,candidate_2,candidate_4,candidate_5,5,0.028000000000000004
180,candidate_1,candidate_3,candidate_2,candidate_4,candidate_5,5,0.028000000000000004
181,candidate_1,candidate_3,candidate_2,candidate_4,candidate_5,5,0.028000000000000004
182,candidate_1,candidate_3,candidate_2,candidate_4,candidate_5,5,0.028000000000000004
183,candidate_1,candidate_3,candidate_2,0,0,5,0.028000000000000004
184,candidate_1,candidate_3,candidate_2,candidate_4,candidate_5,5,0.028000000000000004
185,candidate_1,candidate_3,candidate_2,candidate_4,candidate_5,5,0.028000000000000004
186,candidate_1,candidate_3,candidate_2,candidate_4,candidate_5,5,0.028000000000000004
187,candidate_1,candidate_3,candidate_2,candidate_4,candidate_5,5,0.028000000000000004
188,candidate_1,candidate_3,candidate_2,candidate_4,candidate_5,5,0.028000000000000004
189,candidate_1,candidate_3,candidate_2,candidate_4,candidate_5,5,0.028000000000000004
190,candidate_1,candidate_3,candidate_2,candidate_4,candidate_5,5,0.028000000000000004
191,candidate_1,candidate_3,candidate_2,candidate_4,candidate_5,5,0.028000000000000004
192,candidate_1,candidate_3,candidate_2,candidate_4,candidate_5,5,0.028000000000000004
193,candidate_1,candidate_3,candidate_2,candidate_4,candidate_5,5,0.028000000000000004
194,candidate_1,candidate_3,candidate_2,candidate_4,candidate_5,5,0.028000000000000004
195,candidate_1,candidate_3,candidate_2,candidate_4,candidate_5,5,0.028000000000000004
196,candidate_1,candidate_3,candidate_2,candidate_4,candidate_5,5,0.028000000000000004
197,candidate_1,candidate_3,candidate_2,candidate_4,candidate_5,5,0.028000000000000004
198,candidate_1,candidate_3,candidate_2,candidate_4,candidate_5,5,0.028000000000000004
199,candidate_1,candidate_3,candidate_2,candidate_4,candidate_5,5,0.028000000000000004
200,candidate_1,candidate_3,candidate_2,candidate_4,candidate_5,5,0.028000000000000004
201,candidate_1,candidate_3,candidate_2,candidate_4,candidate_5,5,0.028000000000000004
202,candidate_1,candidate_3,candidate_2,candidate_4,candidate_5,5,0.028000000000000004
203,candidate_1,candidate_3,candidate_2,candidate_4,candidate_5,5,0.028000000000000004
204,candidate_1,candidate_3,candidate_2,candidate_4,candidate_5,5,0.028000000000000004
205,candidate_1,candidate_3,candidate_2,candidate_4,candidate_5,5,0.028000000000000004
206,candidate_1,candidate_3,candidate_2,candidate_4,candidate_5,5,0.028000000000000004
207,candidate_1,candidate_3,candidate_2,candidate_4,candidate_5,5,0.028000000000000004
208,candidate_1,candidate_3,candidate_2,candidate_4,candidate_5,5,0.028000000000000004
209,candidate_1,candidate_3,candidate_2,candidate_4,candidate_5,5,0.028000000000000004
210,candidate_1,candidate_3,candidate_2,candidate_4,candidate_5,5,0.028000000000000004
211,candidate_1,candidate_3,candidate_2,candidate_4,candidate_5,5,0.028000000000000004
212,candidate_1,candidate_3,candidate_2,candidate_4,candidate_5,5,0.028000000000000004
213,candidate_1,candidate_3,candidate_2,candidate_4,candidate_5,5,0.028000000000000004
214,candidate_1,candidate_3,candidate_2,candidate_4,candidate_5,5,0.028000000000000004
215,candidate_1,candidate_3,candidate_2,candidate_4,candidate_5,5,0.028000000000000004
216,candidate_1,0,candidate_2,candidate_4,candidate_5,5,0.028000000000000004
217,candidate_1,candidate_3,candidate_2,candidate_4,candidate_5,5,0.028000000000000004
218,candidate_1,candidate_3,candidate_2,candidate_4,candidate_5,5,0.028000000000000004
219,0,0,candidate_2,candidate_4,candidate_5,5,0.028000000000000004
220,candidate_1,candidate_3,candidate_2,candidate_4,candidate_5,5,0.028000000000000004
221,candidate_1,candidate_3,candidate_2,0,candidate_5,5,0.028000000000000004
222,candidate_1,candidate_3,candidate_2,candidate_4,candidate_5,5,0.028000000000000004
223,candidate_1,candidate_3,candidate_2,candidate_4,candidate_5,5,0.028000000000000004
224,candidate_1,candidate_3,0,candidate_4,candidate_5,5,0.028000000000000004
225,candidate_1,candidate_3,candidate_2,candidate_4,candidate_5,5,0.028000000000000004
226,candidate_1,candidate_3,candidate_2,candidate_4,candidate_5,5,0.028000000000000004
227,candidate_1,0,candidate_2,candidate_4,candidate_5,5,0.028000000000000004
228,candidate_1,candidate_3,candidate_2,candidate_4,candidate_5,5,0.028000000000000004
229,candidate_1,candidate_3,candidate_2,candidate_4,candidate_5,5,0.028000000000000004
230,candidate_1,candidate_3,candidate_2,candidate_4,candidate_5,5,0.028000000000000004
231,candidate_1,candidate_3,candidate_2,candidate_4,candidate_5,5,0.028000000000000004
232,candidate_1,candidate_3,candidate_2,candidate_4,candidate_5,5,0.028000000000000004
233,candidate_1,candidate_3,candidate_2,candidate_4,candidate_5,5,0.028000000000000004
234,candidate_1,candidate_3,candidate_2,candidate_4,candidate_5,5,0.028000000000000004
235,candidate_1,candidate_3,candidate_2,candidate_4,candidate_5,5,0.028000000000000004
236,candidate_1,candidate_3,candidate_2,candidate_4,candidate_5,5,0.028000000000000004
237,candidate_1,0,candidate_2,candidate_4,candidate_5,5,0.028000000000000004
238,candidate_1,candidate_3,candidate_2,candidate_4,candidate_5,5,0.028000000000000004
239,candidate_1,candidate_3,candidate_2,candidate_4,candidate_5,5,0.028000000000000004
240,candidate_1,candidate_3,candidate_2,candidate_4,candidate_5,5,0.028000000000000004
241,candidate_1,candidate_3,candidate_2,candidate_4,candidate_5,5,0.028000000000000004
242,candidate_1,candidate_3,candidate_2,candidate_4,candidate_5,5,0.028000000000000004
243,candidate_1,candidate_3,candidate_2,candidate_4,candidate_5,5,0.028000000000000004
244,candidate_1,candidate_3,candidate_2,candidate_4,candidate_5,5,0.028000000000000004
245,candidate_1,candidate_3,candidate_2,candidate_4,candidate_5,5,0.028000000000000004
246,candidate_1,candidate_3,candidate_2,candidate_4,candidate_5,5,0.028000000000000004
247,candidate_1,candidate_3,candidate_2,candidate_4,candidate_5,5,0.028000000000000004
248,candidate_1,candidate_3,candidate_2,candidate_4,candidate_5,5,0.028000000000000004
249,candidate_1,candidate_3,candidate_2,candidate_4,candidate_5,5,0.028000000000000004
250,candidate_1,candidate_3,candidate_2,candidate_4,candidate_5,5,0.028000000000000004
251,candidate_1,candidate_3,candidate_2,candidate_4,candidate_5,5,0.028000000000000004
252,candidate_1,candidate_3,candidate_2,candidate_4,candidate_5,5,0.028000000000000004
253,candidate_1,candidate_3,candidate_2,candidate_4,candidate_5,5,0.028000000000000004
254,candidate_1,candidate_3,candidate_2,candidate_4,candidate_5,5,0.028000000000000004
255,candidate_1,0,candidate_2,candidate_4,candidate_5,5,0.028000000000000004
256,candidate_1,candidate_3,candidate_2,candidate_4,candidate_5,5,0.028000000000000004
257,candidate_1,candidate_3,candidate_2,candidate_4,candidate_5,5,0.028000000000000004
0,candidate_1,candidate_3,candidate_2,0,candidate_4,5,0.028000000000000004
1,candidate_1,candidate_3,candidate_2,0,candidate_4,5,0.028000000000000004
2,candidate_1,candidate_3,candidate_2,candidate_5,candidate_4,5,0.028000000000000004
3,candidate_1,candidate_3,candidate_2,candidate_5,candidate_4,5,0.028000000000000004
4,candidate_1,candidate_3,candidate_2,candidate_5,candidate_4,5,0.028000000000000004
5,candidate_1,candidate_3,candidate_2,candidate_5,candidate_4,5,0.028000000000000004
6,candidate_1,candidate_3,0,candidate_5,candidate_4,5,0.028000000000000004
7,candidate_1,candidate_3,candidate_2,candidate_5,candidate_4,5,0.028000000000000004
8,candidate_1,candidate_3,candidate_2,candidate_5,candidate_4,5,0.028000000000000004
9,candidate_1,candidate_3,candidate_2,candidate_5,candidate_4,5,0.028000000000000004
10,candidate_1,candidate_3,candidate_2,candidate_5,candidate_4,5,0.028000000000000004
11,candidate_1,0,candidate_2,candidate_5,candidate_4,5,0.028000000000000004
12,candidate_1,candidate_3,candidate_2,candidate_5,candidate_4,5,0.028000000000000004
13,candidate_1,candidate_3,candidate_2,candidate_5,candidate_4,5,0.028000000000000004
14,candidate_1,candidate_3,candidate_2,candidate_5,candidate_4,5,0.028000000000000004
15,candidate_1,candidate_3,candidate_2,candidate_5,candidate_4,5,0.028000000000000004
16,candidate_1,candidate_3,candidate_2,candidate_5,candidate_4,5,0.028000000000000004
17,candidate_1,candidate_3,candidate_2,candidate_5,candidate_4,5,0.028000000000000004
18,candidate_1,candidate_3,candidate_2,candidate_5,candidate_4,5,0.028000000000000004
19,candidate_1,candidate_3,candidate_2,candidate_5,candidate_4,5,0.028000000000000004
20,candidate_1,candidate_3,candidate_2,candidate_5,candidate_4,5,0.028000000000000004
21,candidate_1,candidate_3,candidate_2,candidate_5,candidate_4,5,0.028000000000000004
22,candidate_1,candidate_3,candidate_2,candidate_5,candidate_4,5,0.028000000000000004
23,candidate_1,candidate_3,candidate_2,candidate_5,candidate_4,5,0.028000000000000004
24,candidate_1,candidate_3,candidate_2,candidate_5,candidate_4,5,0.028000000000000004
25,candidate_1,candidate_3,candidate_2,candidate_5,candidate_4,5,0.028000000000000004
26,candidate_1,candidate_3,candidate_2,candidate_5,candidate_4,5,0.028000000000000004
27,candidate_1,candidate_3,candidate_2,candidate_5,candidate_4,5,0.028000000000000004
28,candidate_1,candidate_3,candidate_2,candidate_5,candidate_4,5,0.028000000000000004
29,candidate_1,candidate_3,candidate_2,candidate_5,candidate_4,5,0.028000000000000004
30,candidate_1,candidate_3,candidate_2,candidate_5,candidate_4,5,0.028000000000000004
31,candidate_1,candidate_3,candidate_2,0,candidate_4,5,0.028000000000000004
32,candidate_1,candidate_3,candidate_2,candidate_5,candidate_4,5,0.028000000000000004
33,candidate_1,candidate_3,0,candidate_5,candidate_4,5,0.028000000000000004
34,candidate_1,candidate_3,candidate_2,candidate_5,candidate_4,5,0.028000000000000004
35,candidate_1,candidate_3,candidate_2,candidate_5,0,5,0.028000000000000004
36,candidate_1,candidate_3,candidate_2,candidate_5,candidate_4,5,0.028000000000000004
37,candidate_1,candidate_3,candidate_2,candidate_5,candidate_4,5,0.028000000000000004
38,candidate_1,candidate_3,candidate_2,candidate_5,candidate_4,5,0.028000000000000004
39,candidate_1,0,candidate_2,candidate_5,candidate_4,5,0.028000000000000004
40,candidate_1,candidate_3,candidate_2,candidate_5,candidate_4,5,0.028000000000000004
41,candidate_1,candidate_3,candidate_2,candidate_5,candidate_4,5,0.028000000000000004
42,candidate_1,candidate_3,candidate_2,candidate_5,candidate_4,5,0.028000000000000004
43,candidate_1,candidate_3,candidate_2,candidate_5,candidate_4,5,0.028000000000000004
44,candidate_1,candidate_3,candidate_2,candidate_5,0,5,0.028000000000000004
45,candidate_1,candidate_3,0,candidate_5,candidate_4,5,0.028000000000000004
46,candidate_1,candidate_3,candidate_2,candidate_5,candidate_4,5,0.028000000000000004
47,candidate_1,candidate_3,candidate_2,candidate_5,candidate_4,5,0.028000000000000004
48,candidate_1,candidate_3,candidate_2,candidate_5,candidate_4,5,0.028000000000000004
49,candidate_1,candidate_3,candidate_2,candidate_5,0,5,0.028000000000000004
50,candidate_1,candidate_3,candidate_2,candidate_5,candidate_4,5,0.028000000000000004
51,candidate_1,candidate_3,candidate_2,candidate_5,candidate_4,5,0.028000000000000004
52,candidate_1,candidate_3,candidate_2,candidate_5,candidate_4,5,0.028000000000000004
53,candidate_1,candidate_3,candidate_2,candidate_5,candidate_4,5,0.028000000000000004
54,candidate_1,candidate_3,candidate_2,candidate_5,candidate_4,5,0.028000000000000004
55,candidate_1,candidate_3,candidate_2,candidate_5,candidate_4,5,0.028000000000000004
56,candidate_1,candidate_3,0,0,candidate_4,5,0.028000000000000004
57,candidate_1,candidate_3,candidate_2,candidate_5,candidate_4,5,0.028000000000000004
58,candidate_1,candidate_3,candidate_2,candidate_5,candidate_4,5,0.028000000000000004
59,candidate_1,candidate_3,candidate_2,candidate_5,candidate_4,5,0.028000000000000004
60,candidate_1,candidate_3,candidate_2,candidate_5,candidate_4,5,0.028000000000000004
61,candidate_1,candidate_3,candidate_2,candidate_5,candidate_4,5,0.028000000000000004
62,candidate_1,candidate_3,candidate_2,candidate_5,candidate_4,5,0.028000000000000004
63,candidate_1,candidate_3,candidate_2,candidate_5,candidate_4,5,0.028000000000000004
64,candidate_1,candidate_3,candidate_2,candidate_5,candidate_4,5,0.028000000000000004
65,candidate_1,candidate_3,candidate_2,candidate_5,candidate_4,5,0.028000000000000004
66,candidate_1,candidate_3,candidate_2,candidate_5,candidate_4,5,0.028000000000000004
67,candidate_1,candidate_3,candidate_2,candidate_5,candidate_4,5,0.028000000000000004
68,candidate_1,candidate_3,candidate_2,candidate_5,candidate_4,5,0.028000000000000004
69,candidate_1,candidate_3,candidate_2,candidate_5,candidate_4,5,0.028000000000000004
70,candidate_1,candidate_3,candidate_2,candidate_5,candidate_4,5,0.028000000000000004
71,candidate_1,candidate_3,0,0,candidate_4,5,0.028000000000000004
72,candidate_1,candidate_3,candidate_2,candidate_5,candidate_4,5,0.028000000000000004
73,candidate_1,candidate_3,candidate_2,candidate_5,candidate_4,5,0.028000000000000004
74,candidate_1,candidate_3,candidate_2,candidate_5,candidate_4,5,0.028000000000000004
75,candidate_1,candidate_3,candidate_2,candidate_5,candidate_4,5,0.028000000000000004
76,candidate_1,candidate_3,candidate_2,candidate_5,candidate_4,5,0.028000000000000004
77,candidate_1,candidate_3,candidate_2,candidate_5,candidate_4,5,0.028000000000000004
78,candidate_1,candidate_3,candidate_2,candidate_5,candidate_4,5,0.028000000000000004
79,candidate_1,candidate_3,candidate_2,candidate_5,candidate_4,5,0.028000000000000004
80,candidate_1,candidate_3,candidate_2,candidate_5,candidate_4,5,0.028000000000000004
81,candidate_1,candidate_3,candidate_2,candidate_5,candidate_4,5,0.028000000000000004
82,candidate_1,candidate_3,candidate_2,candidate_5,candidate_4,5,0.028000000000000004
83,candidate_1,candidate_3,candidate_2,candidate_5,candidate_4,5,0.028000000000000004
84,candidate_1,candidate_3,candidate_2,candidate_5,candidate_4,5,0.028000000000000004
85,candidate_1,candidate_3,candidate_2,candidate_5,candidate_4,5,0.028000000000000004
86,candidate_1,0,candidate_2,candidate_5,candidate_4,5,0.028000000000000004
87,candidate_1,candidate_3,candidate_2,candidate_5,candidate_4,5,0.028000000000000004
88,candidate_1,candidate_3,candidate_2,candidate_5,candidate_4,5,0.028000000000000004
89,candidate_1,candidate_3,candidate_2,candidate_5,candidate_4,5,0.028000000000000004
90,candidate_1,candidate_3,candidate_2,candidate_5,candidate_4,5,0.028000000000000004
91,candidate_1,candidate_3,0,candidate_5,candidate_4,5,0.028000000000000004
92,candidate_1,candidate_3,candidate_2,candidate_5,candidate_4,5,0.028000000000000004
93,candidate_1,candidate_3,candidate_2,candidate_5,candidate_4,5,0.028000000000000004
94,candidate_1,candidate_3,candidate_2,candidate_5,candidate_4,5,0.028000000000000004
95,candidate_1,candidate_3,candidate_2,candidate_5,candidate_4,5,0.028000000000000004
96,candidate_1,candidate_3,candidate_2,candidate_5,candidate_4,5,0.028000000000000004
97,candidate_1,candidate_3,candidate_2,candidate_5,candidate_4,5,0.028000000000000004
98,candidate_1,candidate_3,0,candidate_5,candidate_4,5,0.028000000000000004
99,candidate_1,candidate_3,candidate_2,candidate_5,candidate_4,5,0.028000000000000004
100,candidate_1,candidate_3,candidate_2,candidate_5,candidate_4,5,0.028000000000000004
101,candidate_1,candidate_3,candidate_2,candidate_5,candidate_4,5,0.028000000000000004
102,candidate_1,candidate_3,candidate_2,candidate_5,candidate_4,5,0.028000000000000004
103,candidate_1,candidate_3,candidate_2,candidate_5,candidate_4,5,0.028000000000000004
104,candidate_1,candidate_3,candidate_2,candidate_5,candidate_4,5,0.028000000000000004
105,0,candidate_3,candidate_2,candidate_5,candidate_4,5,0.028000000000000004
106,candidate_1,candidate_3,candidate_2,candidate_5,candidate_4,5,0.028000000000000004
107,candidate_1,candidate_3,candidate_2,candidate_5,0,5,0.028000000000000004
108,candidate_1,candidate_3,candidate_2,candidate_5,candidate_4,5,0.028000000000000004
109,candidate_1,candidate_3,candidate_2,candidate_5,candidate_4,5,0.028000000000000004
110,candidate_1,candidate_3,candidate_2,candidate_5,candidate_4,5,0.028000000000000004
111,candidate_1,candidate_3,candidate_2,candidate_5,candidate_4,5,0.028000000000000004
112,candidate_1,candidate_3,candidate_2,candidate_5,candidate_4,5,0.028000000000000004
113,candidate_1,candidate_3,candidate_2,candidate_5,candidate_4,5,0.028000000000000004
114,candidate_1,candidate_3,candidate_2,candidate_5,candidate_4,5,0.028000000000000004
115,candidate_1,candidate_3,candidate_2,candidate_5,candidate_4,5,0.028000000000000004
116,candidate_1,candidate_3,candidate_2,candidate_5,candidate_4,5,0.028000000000000004
117,candidate_1,candidate_3,candidate_2,candidate_5,candidate_4,5,0.028000000000000004
118,candidate_1,candidate_3,candidate_2,0,candidate_4,5,0.028000000000000004
119,candidate_1,candidate_3,candidate_2,candidate_5,candidate_4,5,0.028000000000000004
120,candidate_1,candidate_3,candidate_2,candidate_5,candidate_4,5,0.028000000000000004
121,candidate_1,candidate_3,candidate_2,candidate_5,candidate_4,5,0.028000000000000004
122,candidate_1,candidate_3,candidate_2,candidate_5,candidate_4,5,0.028000000000000004
123,candidate_1,candidate_3,candidate_2,candidate_5,candidate_4,5,0.028000000000000004
124,candidate_1,candidate_3,candidate_2,candidate_5,candidate_4,5,0.028000000000000004
125,candidate_1,candidate_3,candidate_2,candidate_5,candidate_4,5,0.028000000000000004
126,candidate_1,candidate_3,candidate_2,candidate_5,candidate_4,5,0.028000000000000004
127,candidate_1,candidate_3,candidate_2,candidate_5,candidate_4,5,0.028000000000000004
128,candidate_1,candidate_3,candidate_2,candidate_5,candidate_4,5,0.028000000000000004
129,candidate_1,candidate_3,candidate_2,candidate_5,candidate_4,5,0.028000000000000004
130,candidate_1,candidate_3,candidate_2,candidate_5,candidate_4,5,0.028000000000000004
131,candidate_1,candidate_3,candidate_2,candidate_5,candidate_4,5,0.028000000000000004
132,candidate_1,candidate_3,candidate_2,candidate_5,candidate_4,5,0.028000000000000004
133,candidate_1,candidate_3,candidate_2,candidate_5,0,5,0.028000000000000004
134,candidate_1,0,candidate_2,candidate_5,candidate_4,5,0.028000000000000004
135,candidate_1,candidate_3,candidate_2,candidate_5,candidate_4,5,0.028000000000000004
136,candidate_1,candidate_3,candidate_2,candidate_5,candidate_4,5,0.028000000000000004
137,candidate_1,candidate_3,candidate_2,candidate_5,candidate_4,5,0.028000000000000004
138,candidate_1,candidate_3,candidate_2,candidate_5,candidate_4,5,0.028000000000000004
139,candidate_1,candidate_3,candidate_2,candidate_5,candidate_4,5,0.028000000000000004
140,candidate_1,candidate_3,candidate_2,candidate_5,candidate_4,5,0.028000000000000004
141,candidate_1,candidate_3,candidate_2,candidate_5,candidate_4,5,0.028000000000000004
142,candidate_1,candidate_3,candidate_2,candidate_5,candidate_4,5,0.028000000000000004
143,candidate_1,candidate_3,candidate_2,candidate_5,candidate_4,5,0.028000000000000004
144,candidate_1,candidate_3,candidate_2,candidate_5,candidate_4,5,0.028000000000000004
145,candidate_1,candidate_3,candidate_2,candidate_5,candidate_4,5,0.028000000000000004
146,candidate_1,candidate_3,0,candidate_5,candidate_4,5,0.028000000000000004
147,candidate_1,candidate_3,candidate_2,candidate_5,candidate_4,5,0.028000000000000004
0,candidate_1,candidate_3,candidate_4,candidate_2,candidate_5,5,0.028000000000000004
1,candidate_1,candidate_3,candidate_4,candidate_2,candidate_5,5,0.028000000000000004
2,candidate_1,candidate_3,candidate_4,candidate_2,candidate_5,5,0.028000000000000004
3,candidate_1,candidate_3,candidate_4,candidate_2,candidate_5,5,0.028000000000000004
4,candidate_1,candidate_3,candidate_4,candidate_2,candidate_5,5,0.028000000000000004
5,candidate_1,candidate_3,candidate_4,candidate_2,candidate_5,5,0.028000000000000004
6,candidate_1,candidate_3,candidate_4,candidate_2,candidate_5,5,0.028000000000000004
7,candidate_1,candidate_3,candidate_4,candidate_2,candidate_5,5,0.028000000000000004
8,candidate_1,candidate_3,candidate_4,candidate_2,candidate_5,5,0.028000000000000004
9,candidate_1,candidate_3,candidate_4,candidate_2,candidate_5,5,0.028000000000000004
10,candidate_1,candidate_3,candidate_4,candidate_2,candidate_5,5,0.028000000000000004
11,candidate_1,candidate_3,candidate_4,candidate_2,candidate_5,5,0.028000000000000004
12,candidate_1,candidate_3,candidate_4,candidate_2,candidate_5,5,0.028000000000000004
13,candidate_1,candidate_3,candidate_4,candidate_2,candidate_5,5,0.028000000000000004
14,candidate_1,candidate_3,candidate_4,candidate_2,candidate_5,5,0.028000000000000004
15,candidate_1,candidate_3,candidate_4,candidate_2,candidate_5,5,0.028000000000000004
16,candidate_1,candidate_3,candidate_4,candidate_2,candidate_5,5,0.028000000000000004
17,candidate_1,candidate_3,candidate_4,candidate_2,candidate_5,5,0.028000000000000004
18,candidate_1,candidate_3,candidate_4,candidate_2,candidate_5,5,0.028000000000000004
19,candidate_1,candidate_3,candidate_4,candidate_2,candidate_5,5,0.028000000000000004
20,candidate_1,candidate_3,candidate_4,candidate_2,candidate_5,5,0.028000000000000004
21,candidate_1,candidate_3,candidate_4,candidate_2,candidate_5,5,0.028000000000000004
22,candidate_1,candidate_3,candidate_4,candidate_2,candidate_5,5,0.028000000000000004
23,candidate_1,candidate_3,candidate_4,candidate_2,candidate_5,5,0.028000000000000004
24,candidate_1,candidate_3,candidate_4,candidate_2,candidate_5,5,0.028000000000000004
25,candidate_1,candidate_3,candidate_4,candidate_2,candidate_5,5,0.028000000000000004
26,candidate_1,candidate_3,candidate_4,candidate_2,candidate_5,5,0.028000000000000004
27,candidate_1,candidate_3,candidate_4,candidate_2,candidate_5,5,0.028000000000000004
28,candidate_1,candidate_3,candidate_4,candidate_2,candidate_5,5,0.028000000000000004
29,candidate_1,candidate_3,candidate_4,candidate_2,candidate_5,5,0.028000000000000004
30,candidate_1,candidate_3,candidate_4,candidate_2,candidate_5,5,0.028000000000000004
31,candidate_1,candidate_3,candidate_4,0,candidate_5,5,0.028000000000000004
32,candidate_1,candidate_3,candidate_4,candidate_2,candidate_5,5,0.028000000000000004
33,candidate_1,candidate_3,candidate_4,candidate_2,candidate_5,5,0.028000000000000004
34,candidate_1,candidate_3,candidate_4,candidate_2,candidate_5,5,0.028000000000000004
35,candidate_1,candidate_3,candidate_4,candidate_2,candidate_5,5,0.028000000000000004
36,candidate_1,candidate_3,candidate_4,candidate_2,candidate_5,5,0.028000000000000004
37,candidate_1,candidate_3,0,candidate_2,candidate_5,5,0.028000000000000004
38,candidate_1,candidate_3,candidate_4,candidate_2,candidate_5,5,0.028000000000000004
39,candidate_1,candidate_3,candidate_4,candidate_2,candidate_5,5,0.028000000000000004
40,candidate_1,candidate_3,candidate_4,candidate_2,candidate_5,5,0.028000000000000004
41,candidate_1,candidate_3,candidate_4,candidate_2,candidate_5,5,0.028000000000000004
42,candidate_1,candidate_3,candidate_4,candidate_2,candidate_5,5,0.028000000000000004
43,candidate_1,candidate_3,candidate_4,candidate_2,candidate_5,5,0.028000000000000004
44,candidate_1,candidate_3,candidate_4,candidate_2,candidate_5,5,0.028000000000000004
45,candidate_1,candidate_3,candidate_4,candidate_2,candidate_5,5,0.028000000000000004
46,candidate_1,candidate_3,candidate_4,candidate_2,candidate_5,5,0.028000000000000004
47,candidate_1,candidate_3,candidate_4,candidate_2,candidate_5,5,0.028000000000000004
48,candidate_1,candidate_3,candidate_4,candidate_2,candidate_5,5,0.028000000000000004
49,candidate_1,candidate_3,candidate_4,candidate_2,candidate_5,5,0.028000000000000004
50,candidate_1,candidate_3,0,candidate_2,candidate_5,5,0.028000000000000004
51,candidate_1,candidate_3,candidate_4,candidate_2,candidate_5,5,0.028000000000000004
52,candidate_1,candidate_3,candidate_4,candidate_2,candidate_5,5,0.028000000000000004
53,candidate_1,candidate_3,candidate_4,candidate_2,candidate_5,5,0.028000000000000004
54,candidate_1,candidate_3,candidate_4,candidate_2,candidate_5,5,0.028000000000000004
55,candidate_1,candidate_3,candidate_4,candidate_2,candidate_5,5,0.028000000000000004
56,candidate_1,0,candidate_4,candidate_2,candidate_5,5,0.028000000000000004
57,candidate_1,candidate_3,candidate_4,candidate_2,candidate_5,5,0.028000000000000004
58,candidate_1,candidate_3,candidate_4,candidate_2,candidate_5,5,0.028000000000000004
59,candidate_1,candidate_3,candidate_4,candidate_2,candidate_5,5,0.028000000000000004
60,candidate_1,candidate_3,candidate_4,candidate_2,candidate_5,5,0.028000000000000004
61,candidate_1,candidate_3,candidate_4,candidate_2,candidate_5,5,0.028000000000000004
62,candidate_1,candidate_3,0,0,candidate_5,5,0.028000000000000004
63,candidate_1,candidate_3,candidate_4,candidate_2,candidate_5,5,0.028000000000000004
64,candidate_1,candidate_3,candidate_4,candidate_2,candidate_5,5,0.028000000000000004
65,candidate_1,candidate_3,candidate_4,candidate_2,candidate_5,5,0.028000000000000004
66,candidate_1,candidate_3,candidate_4,candidate_2,candidate_5,5,0.028000000000000004
67,candidate_1,candidate_3,candidate_4,candidate_2,candidate_5,5,0.028000000000000004
68,candidate_1,candidate_3,candidate_4,candidate_2,candidate_5,5,0.028000000000000004
69,candidate_1,candidate_3,candidate_4,candidate_2,candidate_5,5,0.028000000000000004
70,candidate_1,candidate_3,candidate_4,0,candidate_5,5,0.028000000000000004
71,candidate_1,candidate_3,candidate_4,0,candidate_5,5,0.028000000000000004
72,candidate_1,candidate_3,candidate_4,candidate_2,candidate_5,5,0.028000000000000004
73,candidate_1,candidate_3,0,candidate_2,candidate_5,5,0.028000000000000004
74,candidate_1,candidate_3,candidate_4,candidate_2,candidate_5,5,0.028000000000000004
75,candidate_1,candidate_3,candidate_4,candidate_2,candidate_5,5,0.028000000000000004
76,candidate_1,candidate_3,candidate_4,candidate_2,candidate_5,5,0.028000000000000004
77,candidate_1,candidate_3,candidate_4,candidate_2,candidate_5,5,0.028000000000000004
78,candidate_1,candidate_3,candidate_4,candidate_2,candidate_5,5,0.028000000000000004
79,candidate_1,candidate_3,candidate_4,candidate_2,candidate_5,5,0.028000000000000004
80,candidate_1,candidate_3,candidate_4,candidate_2,candidate_5,5,0.028000000000000004
81,candidate_1,candidate_3,candidate_4,candidate_2,candidate_5,5,0.028000000000000004
82,candidate_1,candidate_3,candidate_4,candidate_2,candidate_5,5,0.028000000000000004
83,candidate_1,candidate_3,candidate_4,candidate_2,candidate_5,5,0.028000000000000004
84,candidate_1,candidate_3,candidate_4,candidate_2,candidate_5,5,0.028000000000000004
85,candidate_1,0,candidate_4,candidate_2,candidate_5,5,0.028000000000000004
86,candidate_1,candidate_3,candidate_4,candidate_2,candidate_5,5,0.028000000000000004
87,candidate_1,candidate_3,candidate_4,candidate_2,candidate_5,5,0.028000000000000004
88,candidate_1,candidate_3,candidate_4,candidate_2,candidate_5,5,0.028000000000000004
89,candidate_1,candidate_3,candidate_4,candidate_2,candidate_5,5,0.028000000000000004
90,candidate_1,candidate_3,candidate_4,candidate_2,0,5,0.028000000000000004
91,candidate_1,candidate_3,candidate_4,candidate_2,candidate_5,5,0.028000000000000004
92,candidate_1,candidate_3,candidate_4,candidate_2,candidate_5,5,0.028000000000000004
93,candidate_1,candidate_3,candidate_4,candidate_2,candidate_5,5,0.028000000000000004
94,candidate_1,candidate_3,candidate_4,candidate_2,candidate_5,5,0.028000000000000004
95,candidate_1,candidate_3,candidate_4,candidate_2,candidate_5,5,0.028000000000000004
96,candidate_1,candidate_3,candidate_4,candidate_2,candidate_5,5,0.028000000000000004
97,candidate_1,candidate_3,candidate_4,candidate_2,candidate_5,5,0.028000000000000004
98,candidate_1,candidate_3,candidate_4,candidate_2,candidate_5,5,0.028000000000000004
99,candidate_1,candidate_3,candidate_4,candidate_2,candidate_5,5,0.028000000000000004
100,candidate_1,candidate_3,candidate_4,candidate_2,candidate_5,5,0.028000000000000004
101,candidate_1,candidate_3,candidate_4,candidate_2,candidate_5,5,0.028000000000000004
102,candidate_1,candidate_3,candidate_4,candidate_2,candidate_5,5,0.028000000000000004
103,candidate_1,candidate_3,candidate_4,candidate_2,candidate_5,5,0.028000000000000004
104,candidate_1,candidate_3,candidate_4,candidate_2,candidate_5,5,0.028000000000000004
105,candidate_1,candidate_3,candidate_4,candidate_2,candidate_5,5,0.028000000000000004
106,candidate_1,candidate_3,0,candidate_2,candidate_5,5,0.028000000000000004
107,candidate_1,candidate_3,candidate_4,candidate_2,candidate_5,5,0.028000000000000004
108,0,candidate_3,candidate_4,candidate_2,candidate_5,5,0.028000000000000004
109,candidate_1,candidate_3,candidate_4,candidate_2,candidate_5,5,0.028000000000000004
110,candidate_1,candidate_3,candidate_4,candidate_2,0,5,0.028000000000000004
111,candidate_1,candidate_3,candidate_4,candidate_2,candidate_5,5,0.028000000000000004
112,candidate_1,candidate_3,candidate_4,candidate_2,candidate_5,5,0.028000000000000004
113,candidate_1,candidate_3,candidate_4,candidate_2,candidate_5,5,0.028000000000000004
114,candidate_1,candidate_3,0,candidate_2,candidate_5,5,0.028000000000000004
115,candidate_1,candidate_3,candidate_4,candidate_2,candidate_5,5,0.028000000000000004
116,candidate_1,candidate_3,candidate_4,candidate_2,candidate_5,5,0.028000000000000004
117,candidate_1,candidate_3,candidate_4,candidate_2,candidate_5,5,0.028000000000000004
118,candidate_1,candidate_3,candidate_4,candidate_2,candidate_5,5,0.028000000000000004
119,candidate_1,candidate_3,candidate_4,candidate_2,candidate_5,5,0.028000000000000004
120,candidate_1,candidate_3,candidate_4,candidate_2,0,5,0.028000000000000004
121,candidate_1,candidate_3,candidate_4,candidate_2,candidate_5,5,0.028000000000000004
122,candidate_1,candidate_3,candidate_4,candidate_2,candidate_5,5,0.028000000000000004
123,candidate_1,candidate_3,candidate_4,candidate_2,candidate_5,5,0.028000000000000004
124,candidate_1,candidate_3,candidate_4,candidate_2,candidate_5,5,0.028000000000000004
125,candidate_1,candidate_3,candidate_4,candidate_2,candidate_5,5,0.028000000000000004
126,candidate_1,candidate_3,candidate_4,candidate_2,candidate_5,5,0.028000000000000004
127,candidate_1,candidate_3,candidate_4,candidate_2,candidate_5,5,0.028000000000000004
128,candidate_1,candidate_3,candidate_4,candidate_2,candidate_5,5,0.028000000000000004
129,candidate_1,candidate_3,candidate_4,candidate_2,candidate_5,5,0.028000000000000004
130,candidate_1,candidate_3,candidate_4,candidate_2,candidate_5,5,0.028000000000000004
131,candidate_1,candidate_3,candidate_4,candidate_2,0,5,0.028000000000000004
132,candidate_1,candidate_3,candidate_4,candidate_2,candidate_5,5,0.028000000000000004
133,candidate_1,candidate_3,candidate_4,candidate_2,candidate_5,5,0.028000000000000004
134,candidate_1,candidate_3,candidate_4,candidate_2,candidate_5,5,0.028000000000000004
135,candidate_1,candidate_3,candidate_4,candidate_2,candidate_5,5,0.028000000000000004
136,candidate_1,candidate_3,candidate_4,candidate_2,candidate_5,5,0.028000000000000004
137,candidate_1,candidate_3,candidate_4,candidate_2,0,5,0.028000000000000004
138,candidate_1,candidate_3,candidate_4,candidate_2,candidate_5,5,0.028000000000000004
139,candidate_1,candidate_3,candidate_4,candidate_2,candidate_5,5,0.028000000000000004
140,candidate_1,candidate_3,candidate_4,candidate_2,candidate_5,5,0.028000000000000004
141,candidate_1,candidate_3,candidate_4,candidate_2,candidate_5,5,0.028000000000000004
142,candidate_1,candidate_3,candidate_4,candidate_2,candidate_5,5,0.028000000000000004
143,candidate_1,candidate_3,candidate_4,candidate_2,candidate_5,5,0.028000000000000004
144,candidate_1,candidate_3,candidate_4,candidate_2,candidate_5,5,0.028000000000000004
145,candidate_1,candidate_3,candidate_4,candidate_2,candidate_5,5,0.028000000000000004
146,candidate_1,candidate_3,candidate_4,candidate_2,candidate_5,5,0.028000000000000004
147,candidate_1,candidate_3,candidate_4,candidate_2,candidate_5,5,0.028000000000000004
148,candidate_1,candidate_3,candidate_4,candidate_2,candidate_5,5,0.028000000000000004
149,candidate_1,0,candidate_4,candidate_2,candidate_5,5,0.028000000000000004
150,candidate_1,candidate_3,candidate_4,candidate_2,candidate_5,5,0.028000000000000004
151,candidate_1,candidate_3,candidate_4,candidate_2,candidate_5,5,0.028000000000000004
152,candidate_1,candidate_3,candidate_4,candidate_2,candidate_5,5,0.028000000000000004
153,candidate_1,candidate_3,candidate_4,candidate_2,candidate_5,5,0.028000000000000004
154,candidate_1,candidate_3,candidate_4,candidate_2,candidate_5,5,0.028000000000000004
155,candidate_1,candidate_3,candidate_4,candidate_2,candidate_5,5,0.028000000000000004
156,candidate_1,candidate_3,candidate_4,candidate_2,candidate_5,5,0.028000000000000004
157,candidate_1,candidate_3,candidate_4,candidate_2,candidate_5,5,0.028000000000000004
158,candidate_1,candidate_3,candidate_4,candidate_2,candidate_5,5,0.028000000000000004
159,candidate_1,candidate_3,candidate_4,candidate_2,candidate_5,5,0.028000000000000004
160,candidate_1,candidate_3,candidate_4,candidate_2,candidate_5,5,0.028000000000000004
161,candidate_1,candidate_3,candidate_4,candidate_2,candidate_5,5,0.028000000000000004
162,candidate_1,candidate_3,candidate_4,candidate_2,candidate_5,5,0.028000000000000004
163,candidate_1,candidate_3,candidate_4,candidate_2,candidate_5,5,0.028000000000000004
164,candidate_1,0,candidate_4,candidate_2,candidate_5,5,0.028000000000000004
165,candidate_1,candidate_3,candidate_4,candidate_2,candidate_5,5,0.028000000000000004
166,candidate_1,0,candidate_4,candidate_2,candidate_5,5,0.028000000000000004
167,candidate_1,candidate_3,candidate_4,candidate_2,candidate_5,5,0.028000000000000004
168,candidate_1,candidate_3,candidate_4,candidate_2,candidate_5,5,0.028000000000000004
169,candidate_1,candidate_3,candidate_4,candidate_2,candidate_5,5,0.028000000000000004
170,candidate_1,candidate_3,candidate_4,0,candidate_5,5,0.028000000000000004
171,candidate_1,candidate_3,candidate_4,candidate_2,candidate_5,5,0.028000000000000004
172,candidate_1,candidate_3,candidate_4,candidate_2,candidate_5,5,0.028000000000000004
173,candidate_1,candidate_3,candidate_4,candidate_2,candidate_5,5,0.028000000000000004
174,candidate_1,candidate_3,candidate_4,candidate_2,candidate_5,5,0.028000000000000004
175,candidate_1,candidate_3,candidate_4,candidate_2,candidate_5,5,0.028000000000000004
176,candidate_1,candidate_3,candidate_4,candidate_2,candidate_5,5,0.028000000000000004
177,candidate_1,candidate_3,candidate_4,candidate_2,candidate_5,5,0.028000000000000004
178,candidate_1,candidate_3,candidate_4,candidate_2,candidate_5,5,0.028000000000000004
179,candidate_1,candidate_3,candidate_4,candidate_2,candidate_5,5,0.028000000000000004
180,candidate_1,candidate_3,candidate_4,candidate_2,candidate_5,5,0.028000000000000004
181,candidate_1,candidate_3,candidate_4,candidate_2,candidate_5,5,0.028000000000000004
182,candidate_1,0,candidate_4,candidate_2,candidate_5,5,0.028000000000000004
183,candidate_1,candidate_3,candidate_4,candidate_2,candidate_5,5,0.028000000000000004
184,candidate_1,candidate_3,candidate_4,candidate_2,candidate_5,5,0.028000000000000004
185,candidate_1,candidate_3,candidate_4,candidate_2,candidate_5,5,0.028000000000000004
186,candidate_1,candidate_3,0,candidate_2,candidate_5,5,0.028000000000000004
187,candidate_1,candidate_3,candidate_4,candidate_2,candidate_5,5,0.028000000000000004
188,candidate_1,candidate_3,candidate_4,candidate_2,candidate_5,5,0.028000000000000004
189,candidate_1,candidate_3,candidate_4,candidate_2,candidate_5,5,0.028000000000000004
190,candidate_1,candidate_3,candidate_4,candidate_2,candidate_5,5,0.028000000000000004
191,candidate_1,candidate_3,candidate_4,candidate_2,candidate_5,5,0.028000000000000004
192,0,candidate_3,candidate_4,candidate_2,candidate_5,5,0.028000000000000004
193,candidate_1,candidate_3,candidate_4,candidate_2,candidate_5,5,0.028000000000000004
194,candidate_1,candidate_3,candidate_4,candidate_2,candidate_5,5,0.028000000000000004
195,candidate_1,candidate_3,candidate_4,0,candidate_5,5,0.028000000000000004
196,candidate_1,candidate_3,candidate_4,candidate_2,candidate_5,5,0.028000000000000004
197,candidate_1,candidate_3,candidate_4,candidate_2,candidate_5,5,0.028000000000000004
198,candidate_1,candidate_3,candidate_4,candidate_2,candidate_5,5,0.028000000000000004
199,candidate_1,candidate_3,candidate_4,candidate_2,candidate_5,5,0.028000000000000004
200,candidate_1,candidate_3,candidate_4,candidate_2,candidate_5,5,0.028000000000000004
201,candidate_1,candidate_3,candidate_4,candidate_2,candidate_5,5,0.028000000000000004
202,candidate_1,candidate_3,candidate_4,candidate_2,candidate_5,5,0.028000000000000004
203,candidate_1,candidate_3,candidate_4,candidate_2,candidate_5,5,0.028000000000000004
204,candidate_1,candidate_3,candidate_4,candidate_2,candidate_5,5,0.028000000000000004
205,candidate_1,candidate_3,candidate_4,candidate_2,candidate_5,5,0.028000000000000004
206,candidate_1,candidate_3,candidate_4,candidate_2,candidate_5,5,0.028000000000000004
207,candidate_1,candidate_3,candidate_4,candidate_2,candidate_5,5,0.028000000000000004
208,candidate_1,candidate_3,candidate_4,candidate_2,candidate_5,5,0.028000000000000004
209,candidate_1,candidate_3,candidate_4,candidate_2,candidate_5,5,0.028000000000000004
210,candidate_1,candidate_3,candidate_4,candidate_2,candidate_5,5,0.028000000000000004
211,candidate_1,candidate_3,candidate_4,candidate_2,candidate_5,5,0.028000000000000004
212,candidate_1,candidate_3,candidate_4,candidate_2,candidate_5,5,0.028000000000000004
213,candidate_1,candidate_3,candidate_4,candidate_2,candidate_5,5,0.028000000000000004
214,candidate_1,candidate_3,candidate_4,candidate_2,candidate_5,5,0.028000000000000004
215,candidate_1,candidate_3,candidate_4,candidate_2,candidate_5,5,0.028000000000000004
216,candidate_1,candidate_3,candidate_4,candidate_2,candidate_5,5,0.028000000000000004
217,candidate_1,candidate_3,candidate_4,candidate_2,candidate_5,5,0.028000000000000004
218,candidate_1,candidate_3,0,candidate_2,candidate_5,5,0.028000000000000004
219,candidate_1,candidate_3,candidate_4,candidate_2,candidate_5,5,0.028000000000000004
220,candidate_1,candidate_3,candidate_4,candidate_2,candidate_5,5,0.028000000000000004
221,candidate_1,candidate_3,candidate_4,candidate_2,candidate_5,5,0.028000000000000004
222,candidate_1,candidate_3,candidate_4,candidate_2,candidate_5,5,0.028000000000000004
223,candidate_1,candidate_3,candidate_4,candidate_2,candidate_5,5,0.028000000000000004
224,candidate_1,candidate_3,candidate_4,candidate_2,candidate_5,5,0.028000000000000004
225,candidate_1,0,candidate_4,candidate_2,candidate_5,5,0.028000000000000004
226,candidate_1,candidate_3,candidate_4,candidate_2,candidate_5,5,0.028000000000000004
227,candidate_1,candidate_3,candidate_4,candidate_2,candidate_5,5,0.028000000000000004
228,candidate_1,candidate_3,candidate_4,candidate_2,candidate_5,5,0.028000000000000004
229,candidate_1,candidate_3,candidate_4,candidate_2,candidate_5,5,0.028000000000000004
230,candidate_1,candidate_3,candidate_4,candidate_2,candidate_5,5,0.028000000000000004
231,candidate_1,candidate_3,0,candidate_2,candidate_5,5,0.028000000000000004
232,candidate_1,candidate_3,candidate_4,candidate_2,candidate_5,5,0.028000000000000004
233,candidate_1,candidate_3,candidate_4,candidate_2,candidate_5,5,0.028000000000000004
234,candidate_1,candidate_3,candidate_4,candidate_2,candidate_5,5,0.028000000000000004
235,candidate_1,candidate_3,candidate_4,candidate_2,candidate_5,5,0.028000000000000004
236,candidate_1,candidate_3,candidate_4,candidate_2,candidate_5,5,0.028000000000000004
237,candidate_1,candidate_3,candidate_4,candidate_2,candidate_5,5,0.028000000000000004
238,candidate_1,candidate_3,candidate_4,candidate_2,candidate_5,5,0.028000000000000004
239,candidate_1,candidate_3,candidate_4,candidate_2,candidate_5,5,0.028000000000000004
240,candidate_1,candidate_3,candidate_4,candidate_2,candidate_5,5,0.028000000000000004
241,candidate_1,candidate_3,candidate_4,candidate_2,candidate_5,5,0.028000000000000004
242,candidate_1,candidate_3,candidate_4,candidate_2,candidate_5,5,0.028000000000000004
243,candidate_1,candidate_3,candidate_4,candidate_2,candidate_5,5,0.028000000000000004
244,candidate_1,candidate_3,candidate_4,candidate_2,candidate_5,5,0.028000000000000004
245,candidate_1,candidate_3,candidate_4,candidate_2,candidate_5,5,0.028000000000000004
246,candidate_1,candidate_3,candidate_4,candidate_2,candidate_5,5,0.028000000000000004
247,candidate_1,candidate_3,candidate_4,candidate_2,candidate_5,5,0.028000000000000004
248,candidate_1,candidate_3,candidate_4,candidate_2,candidate_5,5,0.028000000000000004
249,candidate_1,candidate_3,candidate_4,candidate_2,candidate_5,5,0.028000000000000004
250,candidate_1,candidate_3,candidate_4,candidate_2,candidate_5,5,0.028000000000000004
251,candidate_1,candidate_3,candidate_4,candidate_2,candidate_5,5,0.028000000000000004
252,candidate_1,candidate_3,candidate_4,candidate_2,candidate_5,5,0.028000000000000004
253,candidate_1,candidate_3,candidate_4,candidate_2,candidate_5,5,0.028000000000000004
254,candidate_1,candidate_3,candidate_4,candidate_2,candidate_5,5,0.028000000000000004
255,candidate_1,candidate_3,candidate_4,candidate_2,candidate_5,5,0.028000000000000004
256,candidate_1,candidate_3,candidate_4,candidate_2,candidate_5,5,0.028000000000000004
257,candidate_1,candidate_3,candidate_4,candidate_2,candidate_5,5,0.028000000000000004
258,candidate_1,candidate_3,candidate_4,candidate_2,candidate_5,5,0.028000000000000004
259,candidate_1,candidate_3,candidate_4,candidate_2,candidate_5,5,0.028000000000000004
260,candidate_1,candidate_3,candidate_4,candidate_2,candidate_5,5,0.028000000000000004
261,candidate_1,candidate_3,candidate_4,candidate_2,candidate_5,5,0.028000000000000004
262,candidate_1,candidate_3,candidate_4,candidate_2,candidate_5,5,0.028000000000000004
263,candidate_1,candidate_3,candidate_4,candidate_2,candidate_5,5,0.028000000000000004
264,candidate_1,candidate_3,candidate_4,candidate_2,candidate_5,5,0.028000000000000004
265,candidate_1,candidate_3,candidate_4,candidate_2,candidate_5,5,0.028000000000000004
266,candidate_1,candidate_3,candidate_4,candidate_2,candidate_5,5,0.028000000000000004
267,candidate_1,candidate_3,candidate_4,candidate_2,candidate_5,5,0.028000000000000004
268,candidate_1,candidate_3,candidate_4,candidate_2,candidate_5,5,0.028000000000000004
269,candidate_1,candidate_3,candidate_4,candidate_2,candidate_5,5,0.028000000000000004
270,candidate_1,candidate_3,candidate_4,candidate_2,candidate_5,5,0.028000000000000004
271,candidate_1,candidate_3,candidate_4,candidate_2,candidate_5,5,0.028000000000000004
272,candidate_1,candidate_3,candidate_4,candidate_2,candidate_5,5,0.028000000000000004
273,candidate_1,candidate_3,candidate_4,candidate_2,candidate_5,5,0.028000000000000004
274,candidate_1,candidate_3,candidate_4,candidate_2,candidate_5,5,0.028000000000000004
275,candidate_1,candidate_3,candidate_4,candidate_2,candidate_5,5,0.028000000000000004
276,candidate_1,candidate_3,candidate_4,candidate_2,candidate_5,5,0.028000000000000004
277,candidate_1,candidate_3,candidate_4,candidate_2,candidate_5,5,0.028000000000000004
278,candidate_1,candidate_3,candidate_4,candidate_2,candidate_5,5,0.028000000000000004
279,0,candidate_3,candidate_4,candidate_2,candidate_5,5,0.028000000000000004
280,candidate_1,candidate_3,0,candidate_2,0,5,0.028000000000000004
281,candidate_1,candidate_3,candidate_4,candidate_2,candidate_5,5,0.028000000000000004
282,candidate_1,candidate_3,candidate_4,candidate_2,candidate_5,5,0.028000000000000004
283,candidate_1,candidate_3,candidate_4,candidate_2,candidate_5,5,0.028000000000000004
284,candidate_1,candidate_3,candidate_4,candidate_2,candidate_5,5,0.028000000000000004
285,candidate_1,candidate_3,candidate_4,candidate_2,candidate_5,5,0.028000000000000004
286,candidate_1,candidate_3,candidate_4,candidate_2,candidate_5,5,0.028000000000000004
287,candidate_1,0,candidate_4,candidate_2,candidate_5,5,0.028000000000000004
288,candidate_1,candidate_3,candidate_4,candidate_2,candidate_5,5,0.028000000000000004
289,candidate_1,candidate_3,candidate_4,candidate_2,candidate_5,5,0.028000000000000004
290,candidate_1,candidate_3,candidate_4,candidate_2,candidate_5,5,0.028000000000000004
291,candidate_1,candidate_3,candidate_4,candidate_2,candidate_5,5,0.028000000000000004
292,candidate_1,candidate_3,0,candidate_2,candidate_5,5,0.028000000000000004
293,0,candidate_3,candidate_4,candidate_2,candidate_5,5,0.028000000000000004
294,candidate_1,candidate_3,candidate_4,candidate_2,candidate_5,5,0.028000000000000004
295,candidate_1,candidate_3,candidate_4,candidate_2,candidate_5,5,0.028000000000000004
296,candidate_1,candidate_3,candidate_4,candidate_2,candidate_5,5,0.028000000000000004
297,0,candidate_3,candidate_4,candidate_2,candidate_5,5,0.028000000000000004
298,candidate_1,candidate_3,candidate_4,candidate_2,candidate_5,5,0.028000000000000004
299,candidate_1,candidate_3,candidate_4,candidate_2,candidate_5,5,0.028000000000000004
300,candidate_1,candidate_3,candidate_4,candidate_2,candidate_5,5,0.028000000000000004
301,candidate_1,candidate_3,candidate_4,candidate_2,candidate_5,5,0.028000000000000004
302,candidate_1,candidate_3,candidate_4,candidate_2,candidate_5,5,0.028000000000000004
303,candidate_1,candidate_3,candidate_4,candidate_2,candidate_5,5,0.028000000000000004
304,candidate_1,candidate_3,candidate_4,candidate_2,candidate_5,5,0.028000000000000004
305,candidate_1,candidate_3,candidate_4,candidate_2,candidate_5,5,0.028000000000000004
306,candidate_1,candidate_3,candidate_4,candidate_2,candidate_5,5,0.028000000000000004
307,candidate_1,candidate_3,candidate_4,candidate_2,candidate_5,5,0.028000000000000004
308,candidate_1,candidate_3,candidate_4,candidate_2,candidate_5,5,0.028000000000000004
309,candidate_1,0,candidate_4,candidate_2,candidate_5,5,0.028000000000000004
310,candidate_1,candidate_3,candidate_4,candidate_2,candidate_5,5,0.028000000000000004
311,candidate_1,candidate_3,candidate_4,candidate_2,candidate_5,5,0.028000000000000004
312,candidate_1,candidate_3,candidate_4,candidate_2,candidate_5,5,0.028000000000000004
313,candidate_1,candidate_3,candidate_4,candidate_2,candidate_5,5,0.028000000000000004
314,candidate_1,candidate_3,candidate_4,candidate_2,candidate_5,5,0.028000000000000004
315,candidate_1,candidate_3,candidate_4,candidate_2,candidate_5,5,0.028000000000000004
316,candidate_1,candidate_3,candidate_4,candidate_2,candidate_5,5,0.028000000000000004
317,candidate_1,candidate_3,candidate_4,candidate_2,candidate_5,5,0.028000000000000004
318,candidate_1,candidate_3,candidate_4,candidate_2,candidate_5,5,0.028000000000000004
319,candidate_1,candidate_3,candidate_4,candidate_2,candidate_5,5,0.028000000000000004
320,candidate_1,candidate_3,candidate_4,candidate_2,candidate_5,5,0.028000000000000004
321,candidate_1,candidate_3,candidate_4,candidate_2,candidate_5,5,0.028000000000000004
322,candidate_1,candidate_3,candidate_4,candidate_2,candidate_5,5,0.028000000000000004
323,candidate_1,candidate_3,candidate_4,candidate_2,candidate_5,5,0.028000000000000004
324,candidate_1,candidate_3,candidate_4,candidate_2,candidate_5,5,0.028000000000000004
325,candidate_1,candidate_3,candidate_4,candidate_2,candidate_5,5,0.028000000000000004
326,candidate_1,candidate_3,candidate_4,0,candidate_5,5,0.028000000000000004
327,candidate_1,candidate_3,candidate_4,candidate_2,candidate_5,5,0.028000000000000004
328,candidate_1,candidate_3,candidate_4,candidate_2,candidate_5,5,0.028000000000000004
329,candidate_1,candidate_3,candidate_4,candidate_2,candidate_5,5,0.028000000000000004
330,candidate_1,candidate_3,0,candidate_2,candidate_5,5,0.028000000000000004
331,candidate_1,candidate_3,candidate_4,candidate_2,candidate_5,5,0.028000000000000004
332,candidate_1,candidate_3,candidate_4,candidate_2,candidate_5,5,0.028000000000000004
333,candidate_1,candidate_3,candidate_4,candidate_2,candidate_5,5,0.028000000000000004
334,candidate_1,candidate_3,candidate_4,candidate_2,candidate_5,5,0.028000000000000004
335,0,candidate_3,candidate_4,candidate_2,candidate_5,5,0.028000000000000004
336,candidate_1,candidate_3,candidate_4,candidate_2,candidate_5,5,0.028000000000000004
337,candidate_1,candidate_3,candidate_4,candidate_2,candidate_5,5,0.028000000000000004
338,candidate_1,candidate_3,candidate_4,candidate_2,candidate_5,5,0.028000000000000004
339,candidate_1,candidate_3,candidate_4,candidate_2,candidate_5,5,0.028000000000000004
340,candidate_1,candidate_3,candidate_4,candidate_2,candidate_5,5,0.028000000000000004
341,candidate_1,candidate_3,candidate_4,candidate_2,candidate_5,5,0.028000000000000004
342,candidate_1,candidate_3,candidate_4,candidate_2,candidate_5,5,0.028000000000000004
343,candidate_1,candidate_3,candidate_4,candidate_2,candidate_5,5,0.028000000000000004
344,candidate_1,candidate_3,candidate_4,candidate_2,candidate_5,5,0.028000000000000004
345,candidate_1,candidate_3,candidate_4,candidate_2,candidate_5,5,0.028000000000000004
346,candidate_1,candidate_3,candidate_4,candidate_2,candidate_5,5,0.028000000000000004
347,candidate_1,candidate_3,candidate_4,candidate_2,candidate_5,5,0.028000000000000004
348,candidate_1,candidate_3,candidate_4,0,candidate_5,5,0.028000000000000004
349,candidate_1,candidate_3,candidate_4,candidate_2,candidate_5,5,0.028000000000000004
350,candidate_1,candidate_3,candidate_4,candidate_2,candidate_5,5,0.028000000000000004
351,candidate_1,candidate_3,candidate_4,candidate_2,candidate_5,5,0.028000000000000004
352,candidate_1,candidate_3,candidate_4,candidate_2,candidate_5,5,0.028000000000000004
353,candidate_1,candidate_3,candidate_4,candidate_2,candidate_5,5,0.028000000000000004
354,candidate_1,candidate_3,candidate_4,candidate_2,candidate_5,5,0.028000000000000004
355,candidate_1,candidate_3,candidate_4,candidate_2,candidate_5,5,0.028000000000000004
356,candidate_1,candidate_3,candidate_4,candidate_2,candidate_5,5,0.028000000000000004
357,candidate_1,candidate_3,candidate_4,candidate_2,candidate_5,5,0.028000000000000004
358,candidate_1,candidate_3,candidate_4,candidate_2,candidate_5,5,0.028000000000000004
359,candidate_1,candidate_3,candidate_4,candidate_2,candidate_5,5,0.028000000000000004
360,candidate_1,candidate_3,candidate_4,candidate_2,candidate_5,5,0.028000000000000004
361,candidate_1,candidate_3,candidate_4,candidate_2,candidate_5,5,0.028000000000000004
362,candidate_1,candidate_3,candidate_4,candidate_2,0,5,0.028000000000000004
363,candidate_1,candidate_3,candidate_4,candidate_2,candidate_5,5,0.028000000000000004
364,candidate_1,candidate_3,candidate_4,candidate_2,candidate_5,5,0.028000000000000004
365,candidate_1,candidate_3,candidate_4,candidate_2,candidate_5,5,0.028000000000000004
366,candidate_1,candidate_3,candidate_4,candidate_2,candidate_5,5,0.028000000000000004
367,candidate_1,candidate_3,candidate_4,candidate_2,candidate_5,5,0.028000000000000004
368,candidate_1,candidate_3,candidate_4,0,candidate_5,5,0.028000000000000004
369,candidate_1,candidate_3,candidate_4,candidate_2,candidate_5,5,0.028000000000000004
370,candidate_1,candidate_3,candidate_4,candidate_2,candidate_5,5,0.028000000000000004
371,candidate_1,candidate_3,candidate_4,candidate_2,candidate_5,5,0.028000000000000004
372,candidate_1,candidate_3,candidate_4,candidate_2,candidate_5,5,0.028000000000000004
373,candidate_1,candidate_3,candidate_4,0,0,5,0.028000000000000004
374,candidate_1,candidate_3,candidate_4,candidate_2,candidate_5,5,0.028000000000000004
375,candidate_1,candidate_3,candidate_4,candidate_2,candidate_5,5,0.028000000000000004
376,0,candidate_3,candidate_4,candidate_2,candidate_5,5,0.028000000000000004
377,candidate_1,candidate_3,candidate_4,candidate_2,candidate_5,5,0.028000000000000004
378,candidate_1,candidate_3,candidate_4,candidate_2,candidate_5,5,0.028000000000000004
379,candidate_1,candidate_3,candidate_4,candidate_2,candidate_5,5,0.028000000000000004
380,candidate_1,candidate_3,candidate_4,candidate_2,candidate_5,5,0.028000000000000004
381,candidate_1,candidate_3,candidate_4,candidate_2,candidate_5,5,0.028000000000000004
382,candidate_1,candidate_3,candidate_4,candidate_2,candidate_5,5,0.028000000000000004
383,candidate_1,candidate_3,candidate_4,candidate_2,candidate_5,5,0.028000000000000004
384,candidate_1,candidate_3,candidate_4,candidate_2,candidate_5,5,0.028000000000000004
385,candidate_1,candidate_3,candidate_4,candidate_2,candidate_5,5,0.028000000000000004
386,candidate_1,0,candidate_4,candidate_2,candidate_5,5,0.028000000000000004
387,candidate_1,candidate_3,candidate_4,candidate_2,candidate_5,5,0.028000000000000004
388,candidate_1,candidate_3,candidate_4,candidate_2,candidate_5,5,0.028000000000000004
389,candidate_1,candidate_3,candidate_4,candidate_2,candidate_5,5,0.028000000000000004
390,candidate_1,candidate_3,candidate_4,candidate_2,candidate_5,5,0.028000000000000004
391,candidate_1,candidate_3,candidate_4,candidate_2,candidate_5,5,0.028000000000000004
392,candidate_1,candidate_3,candidate_4,candidate_2,candidate_5,5,0.028000000000000004
393,candidate_1,candidate_3,candidate_4,candidate_2,candidate_5,5,0.028000000000000004
394,candidate_1,candidate_3,candidate_4,candidate_2,candidate_5,5,0.028000000000000004
395,candidate_1,candidate_3,candidate_4,candidate_2,candidate_5,5,0.028000000000000004
396,candidate_1,candidate_3,candidate_4,candidate_2,candidate_5,5,0.028000000000000004
397,candidate_1,candidate_3,candidate_4,candidate_2,candidate_5,5,0.028000000000000004
398,candidate_1,candidate_3,candidate_4,candidate_2,candidate_5,5,0.028000000000000004
399,candidate_1,candidate_3,candidate_4,candidate_2,candidate_5,5,0.028000000000000004
400,candidate_1,candidate_3,candidate_4,candidate_2,candidate_5,5,0.028000000000000004
401,candidate_1,candidate_3,candidate_4,candidate_2,candidate_5,5,0.028000000000000004
402,candidate_1,candidate_3,candidate_4,candidate_2,candidate_5,5,0.028000000000000004
403,candidate_1,candidate_3,candidate_4,candidate_2,candidate_5,5,0.028000000000000004
404,candidate_1,candidate_3,candidate_4,candidate_2,candidate_5,5,0.028000000000000004
405,candidate_1,candidate_3,candidate_4,candidate_2,candidate_5,5,0.028000000000000004
406,candidate_1,candidate_3,candidate_4,0,candidate_5,5,0.028000000000000004
407,candidate_1,candidate_3,candidate_4,candidate_2,candidate_5,5,0.028000000000000004
408,candidate_1,candidate_3,candidate_4,candidate_2,candidate_5,5,0.028000000000000004
409,candidate_1,candidate_3,candidate_4,candidate_2,candidate_5,5,0.028000000000000004
410,candidate_1,candidate_3,candidate_4,candidate_2,candidate_5,5,0.028000000000000004
411,candidate_1,candidate_3,candidate_4,candidate_2,candidate_5,5,0.028000000000000004
412,candidate_1,candidate_3,candidate_4,candidate_2,candidate_5,5,0.028000000000000004
413,candidate_1,candidate_3,candidate_4,candidate_2,candidate_5,5,0.028000000000000004
414,candidate_1,candidate_3,candidate_4,candidate_2,candidate_5,5,0.028000000000000004
415,candidate_1,candidate_3,candidate_4,candidate_2,candidate_5,5,0.028000000000000004
416,candidate_1,candidate_3,candidate_4,candidate_2,candidate_5,5,0.028000000000000004
417,candidate_1,candidate_3,candidate_4,candidate_2,candidate_5,5,0.028000000000000004
418,candidate_1,candidate_3,candidate_4,candidate_2,candidate_5,5,0.028000000000000004
419,candidate_1,candidate_3,candidate_4,candidate_2,candidate_5,5,0.028000000000000004
420,candidate_1,candidate_3,candidate_4,candidate_2,candidate_5,5,0.028000000000000004
421,candidate_1,candidate_3,candidate_4,0,candidate_5,5,0.028000000000000004
422,candidate_1,candidate_3,candidate_4,candidate_2,candidate_5,5,0.028000000000000004
423,candidate_1,candidate_3,candidate_4,candidate_2,candidate_5,5,0.028000000000000004
424,candidate_1,candidate_3,candidate_4,candidate_2,candidate_5,5,0.028000000000000004
425,candidate_1,candidate_3,candidate_4,candidate_2,candidate_5,5,0.028000000000000004
426,candidate_1,candidate_3,candidate_4,candidate_2,0,5,0.028000000000000004
427,candidate_1,candidate_3,candidate_4,candidate_2,candidate_5,5,0.028000000000000004
428,candidate_1,candidate_3,candidate_4,candidate_2,candidate_5,5,0.028000000000000004
429,candidate_1,candidate_3,candidate_4,candidate_2,candidate_5,5,0.028000000000000004
430,candidate_1,candidate_3,candidate_4,candidate_2,candidate_5,5,0.028000000000000004
431,candidate_1,candidate_3,candidate_4,candidate_2,candidate_5,5,0.028000000000000004
432,candidate_1,candidate_3,candidate_4,candidate_2,candidate_5,5,0.028000000000000004
433,candidate_1,candidate_3,candidate_4,candidate_2,0,5,0.028000000000000004
434,candidate_1,0,candidate_4,candidate_2,candidate_5,5,0.028000000000000004
435,candidate_1,0,candidate_4,candidate_2,candidate_5,5,0.028000000000000004
436,candidate_1,candidate_3,candidate_4,candidate_2,candidate_5,5,0.028000000000000004
437,candidate_1,candidate_3,candidate_4,candidate_2,candidate_5,5,0.028000000000000004
438,candidate_1,candidate_3,candidate_4,candidate_2,candidate_5,5,0.028000000000000004
439,candidate_1,candidate_3,candidate_4,candidate_2,candidate_5,5,0.028000000000000004
440,candidate_1,candidate_3,candidate_4,candidate_2,candidate_5,5,0.028000000000000004
441,candidate_1,candidate_3,candidate_4,candidate_2,candidate_5,5,0.028000000000000004
442,candidate_1,candidate_3,candidate_4,candidate_2,candidate_5,5,0.028000000000000004
443,candidate_1,candidate_3,candidate_4,candidate_2,candidate_5,5,0.028000000000000004
444,candidate_1,candidate_3,candidate_4,candidate_2,candidate_5,5,0.028000000000000004
445,candidate_1,candidate_3,candidate_4,candidate_2,candidate_5,5,0.028000000000000004
446,candidate_1,candidate_3,candidate_4,candidate_2,candidate_5,5,0.028000000000000004
447,candidate_1,candidate_3,candidate_4,candidate_2,candidate_5,5,0.028000000000000004
448,candidate_1,candidate_3,candidate_4,0,candidate_5,5,0.028000000000000004
449,candidate_1,candidate_3,candidate_4,candidate_2,candidate_5,5,0.028000000000000004
450,candidate_1,candidate_3,candidate_4,candidate_2,candidate_5,5,0.028000000000000004
451,candidate_1,candidate_3,candidate_4,candidate_2,candidate_5,5,0.028000000000000004
452,0,candidate_3,candidate_4,candidate_2,candidate_5,5,0.028000000000000004
453,candidate_1,candidate_3,candidate_4,candidate_2,candidate_5,5,0.028000000000000004
454,candidate_1,candidate_3,candidate_4,candidate_2,candidate_5,5,0.028000000000000004
455,candidate_1,candidate_3,candidate_4,candidate_2,candidate_5,5,0.028000000000000004
456,candidate_1,candidate_3,candidate_4,candidate_2,candidate_5,5,0.028000000000000004
457,candidate_1,candidate_3,candidate_4,candidate_2,candidate_5,5,0.028000000000000004
458,candidate_1,candidate_3,candidate_4,candidate_2,candidate_5,5,0.028000000000000004
459,candidate_1,candidate_3,candidate_4,candidate_2,candidate_5,5,0.028000000000000004
460,candidate_1,candidate_3,candidate_4,candidate_2,candidate_5,5,0.028000000000000004
461,0,candidate_3,candidate_4,candidate_2,candidate_5,5,0.028000000000000004
462,candidate_1,0,candidate_4,candidate_2,candidate_5,5,0.028000000000000004
463,candidate_1,candidate_3,candidate_4,candidate_2,candidate_5,5,0.028000000000000004
464,candidate_1,candidate_3,candidate_4,0,candidate_5,5,0.028000000000000004
465,candidate_1,candidate_3,candidate_4,candidate_2,candidate_5,5,0.028000000000000004
466,candidate_1,candidate_3,candidate_4,candidate_2,candidate_5,5,0.028000000000000004
467,candidate_1,candidate_3,candidate_4,candidate_2,candidate_5,5,0.028000000000000004
468,candidate_1,candidate_3,candidate_4,candidate_2,candidate_5,5,0.028000000000000004
469,candidate_1,candidate_3,0,candidate_2,candidate_5,5,0.028000000000000004
470,candidate_1,candidate_3,candidate_4,candidate_2,candidate_5,5,0.028000000000000004
471,candidate_1,candidate_3,candidate_4,candidate_2,candidate_5,5,0.028000000000000004
472,candidate_1,candidate_3,0,candidate_2,candidate_5,5,0.028000000000000004
473,candidate_1,candidate_3,candidate_4,candidate_2,candidate_5,5,0.028000000000000004
474,candidate_1,candidate_3,candidate_4,candidate_2,candidate_5,5,0.028000000000000004
475,candidate_1,candidate_3,candidate_4,candidate_2,candidate_5,5,0.028000000000000004
476,candidate_1,candidate_3,candidate_4,candidate_2,candidate_5,5,0.028000000000000004
477,candidate_1,0,candidate_4,candidate_2,candidate_5,5,0.028000000000000004
478,candidate_1,candidate_3,candidate_4,candidate_2,candidate_5,5,0.028000000000000004
479,candidate_1,candidate_3,candidate_4,candidate_2,candidate_5,5,0.028000000000000004
480,candidate_1,candidate_3,candidate_4,candidate_2,candidate_5,5,0.028000000000000004
481,candidate_1,candidate_3,candidate_4,candidate_2,candidate_5,5,0.028000000000000004
482,candidate_1,candidate_3,candidate_4,candidate_2,candidate_5,5,0.028000000000000004
483,candidate_1,0,candidate_4,candidate_2,candidate_5,5,0.028000000000000004
484,candidate_1,candidate_3,candidate_4,candidate_2,candidate_5,5,0.028000000000000004
485,candidate_1,candidate_3,candidate_4,candidate_2,candidate_5,5,0.028000000000000004
0,candidate_1,candidate_3,candidate_4,candidate_5,candidate_2,5,0.028000000000000004
1,candidate_1,candidate_3,candidate_4,candidate_5,candidate_2,5,0.028000000000000004
2,candidate_1,candidate_3,candidate_4,candidate_5,candidate_2,5,0.028000000000000004
3,candidate_1,candidate_3,candidate_4,candidate_5,candidate_2,5,0.028000000000000004
4,candidate_1,candidate_3,candidate_4,candidate_5,candidate_2,5,0.028000000000000004
5,candidate_1,candidate_3,candidate_4,candidate_5,candidate_2,5,0.028000000000000004
6,candidate_1,candidate_3,candidate_4,candidate_5,candidate_2,5,0.028000000000000004
7,candidate_1,candidate_3,candidate_4,candidate_5,candidate_2,5,0.028000000000000004
8,candidate_1,candidate_3,candidate_4,candidate_5,candidate_2,5,0.028000000000000004
9,candidate_1,candidate_3,0,candidate_5,candidate_2,5,0.028000000000000004
10,candidate_1,candidate_3,0,candidate_5,candidate_2,5,0.028000000000000004
11,candidate_1,candidate_3,candidate_4,candidate_5,candidate_2,5,0.028000000000000004
12,candidate_1,candidate_3,candidate_4,candidate_5,candidate_2,5,0.028000000000000004
13,candidate_1,candidate_3,candidate_4,candidate_5,candidate_2,5,0.028000000000000004
14,candidate_1,candidate_3,candidate_4,candidate_5,candidate_2,5,0.028000000000000004
15,candidate_1,candidate_3,candidate_4,candidate_5,candidate_2,5,0.028000000000000004
16,candidate_1,candidate_3,candidate_4,candidate_5,candidate_2,5,0.028000000000000004
17,candidate_1,candidate_3,candidate_4,candidate_5,candidate_2,5,0.028000000000000004
18,candidate_1,candidate_3,candidate_4,candidate_5,candidate_2,5,0.028000000000000004
19,candidate_1,candidate_3,candidate_4,candidate_5,candidate_2,5,0.028000000000000004
20,candidate_1,candidate_3,candidate_4,candidate_5,candidate_2,5,0.028000000000000004
21,candidate_1,candidate_3,candidate_4,candidate_5,candidate_2,5,0.028000000000000004
22,candidate_1,candidate_3,candidate_4,candidate_5,candidate_2,5,0.028000000000000004
23,candidate_1,0,candidate_4,candidate_5,candidate_2,5,0.028000000000000004
24,candidate_1,candidate_3,candidate_4,candidate_5,candidate_2,5,0.028000000000000004
25,candidate_1,0,candidate_4,candidate_5,candidate_2,5,0.028000000000000004
26,candidate_1,0,candidate_4,candidate_5,candidate_2,5,0.028000000000000004
27,0,candidate_3,candidate_4,candidate_5,candidate_2,5,0.028000000000000004
28,candidate_1,candidate_3,candidate_4,candidate_5,candidate_2,5,0.028000000000000004
29,candidate_1,candidate_3,candidate_4,candidate_5,candidate_2,5,0.028000000000000004
30,candidate_1,candidate_3,candidate_4,candidate_5,candidate_2,5,0.028000000000000004
31,0,candidate_3,candidate_4,0,candidate_2,5,0.028000000000000004
32,candidate_1,candidate_3,candidate_4,candidate_5,candidate_2,5,0.028000000000000004
33,0,candidate_3,candidate_4,candidate_5,candidate_2,5,0.028000000000000004
34,candidate_1,candidate_3,candidate_4,candidate_5,candidate_2,5,0.028000000000000004
35,candidate_1,candidate_3,candidate_4,candidate_5,candidate_2,5,0.028000000000000004
36,candidate_1,candidate_3,candidate_4,candidate_5,candidate_2,5,0.028000000000000004
37,candidate_1,candidate_3,candidate_4,candidate_5,candidate_2,5,0.028000000000000004
38,candidate_1,candidate_3,candidate_4,candidate_5,candidate_2,5,0.028000000000000004
39,candidate_1,candidate_3,candidate_4,candidate_5,candidate_2,5,0.028000000000000004
40,candidate_1,candidate_3,candidate_4,candidate_5,candidate_2,5,0.028000000000000004
41,candidate_1,candidate_3,candidate_4,candidate_5,candidate_2,5,0.028000000000000004
42,candidate_1,candidate_3,candidate_4,candidate_5,candidate_2,5,0.028000000000000004
43,candidate_1,candidate_3,0,candidate_5,candidate_2,5,0.028000000000000004
44,candidate_1,candidate_3,candidate_4,candidate_5,candidate_2,5,0.028000000000000004
45,candidate_1,candidate_3,candidate_4,candidate_5,candidate_2,5,0.028000000000000004
46,candidate_1,candidate_3,candidate_4,candidate_5,0,5,0.028000000000000004
47,candidate_1,0,candidate_4,candidate_5,candidate_2,5,0.028000000000000004
48,candidate_1,candidate_3,candidate_4,candidate_5,0,5,0.028000000000000004
49,candidate_1,candidate_3,candidate_4,candidate_5,candidate_2,5,0.028000000000000004
50,candidate_1,candidate_3,candidate_4,candidate_5,candidate_2,5,0.028000000000000004
51,candidate_1,candidate_3,candidate_4,candidate_5,candidate_2,5,0.028000000000000004
52,candidate_1,candidate_3,candidate_4,candidate_5,candidate_2,5,0.028000000000000004
53,candidate_1,candidate_3,candidate_4,candidate_5,candidate_2,5,0.028000000000000004
54,candidate_1,candidate_3,candidate_4,candidate_5,candidate_2,5,0.028000000000000004
55,candidate_1,candidate_3,candidate_4,candidate_5,candidate_2,5,0.028000000000000004
56,candidate_1,candidate_3,candidate_4,candidate_5,candidate_2,5,0.028000000000000004
57,candidate_1,candidate_3,candidate_4,candidate_5,candidate_2,5,0.028000000000000004
58,candidate_1,candidate_3,candidate_4,candidate_5,candidate_2,5,0.028000000000000004
59,candidate_1,candidate_3,candidate_4,candidate_5,candidate_2,5,0.028000000000000004
60,candidate_1,candidate_3,candidate_4,candidate_5,candidate_2,5,0.028000000000000004
61,candidate_1,candidate_3,candidate_4,candidate_5,candidate_2,5,0.028000000000000004
62,candidate_1,candidate_3,candidate_4,candidate_5,candidate_2,5,0.028000000000000004
63,candidate_1,candidate_3,candidate_4,candidate_5,candidate_2,5,0.028000000000000004
64,candidate_1,candidate_3,candidate_4,candidate_5,candidate_2,5,0.028000000000000004
65,candidate_1,candidate_3,candidate_4,candidate_5,candidate_2,5,0.028000000000000004
66,candidate_1,candidate_3,candidate_4,0,candidate_2,5,0.028000000000000004
67,candidate_1,candidate_3,candidate_4,candidate_5,candidate_2,5,0.028000000000000004
68,0,candidate_3,candidate_4,candidate_5,candidate_2,5,0.028000000000000004
69,candidate_1,candidate_3,candidate_4,candidate_5,candidate_2,5,0.028000000000000004
70,candidate_1,candidate_3,candidate_4,candidate_5,candidate_2,5,0.028000000000000004
71,candidate_1,candidate_3,candidate_4,candidate_5,candidate_2,5,0.028000000000000004
72,candidate_1,candidate_3,candidate_4,candidate_5,candidate_2,5,0.028000000000000004
73,candidate_1,candidate_3,candidate_4,candidate_5,candidate_2,5,0.028000000000000004
74,candidate_1,candidate_3,candidate_4,candidate_5,candidate_2,5,0.028000000000000004
75,0,candidate_3,candidate_4,candidate_5,candidate_2,5,0.028000000000000004
76,candidate_1,candidate_3,candidate_4,candidate_5,candidate_2,5,0.028000000000000004
77,candidate_1,candidate_3,0,candidate_5,candidate_2,5,0.028000000000000004
78,candidate_1,candidate_3,candidate_4,candidate_5,candidate_2,5,0.028000000000000004
79,candidate_1,candidate_3,candidate_4,candidate_5,candidate_2,5,0.028000000000000004
80,candidate_1,candidate_3,candidate_4,candidate_5,candidate_2,5,0.028000000000000004
81,candidate_1,candidate_3,candidate_4,candidate_5,candidate_2,5,0.028000000000000004
82,candidate_1,0,candidate_4,candidate_5,candidate_2,5,0.028000000000000004
83,candidate_1,candidate_3,candidate_4,candidate_5,candidate_2,5,0.028000000000000004
84,candidate_1,candidate_3,candidate_4,candidate_5,candidate_2,5,0.028000000000000004
85,candidate_1,candidate_3,candidate_4,candidate_5,0,5,0.028000000000000004
86,candidate_1,candidate_3,candidate_4,candidate_5,candidate_2,5,0.028000000000000004
87,candidate_1,candidate_3,candidate_4,candidate_5,candidate_2,5,0.028000000000000004
88,candidate_1,candidate_3,candidate_4,candidate_5,candidate_2,5,0.028000000000000004
89,candidate_1,candidate_3,candidate_4,candidate_5,candidate_2,5,0.028000000000000004
90,candidate_1,candidate_3,candidate_4,candidate_5,candidate_2,5,0.028000000000000004
91,candidate_1,candidate_3,candidate_4,candidate_5,candidate_2,5,0.028000000000000004
92,candidate_1,candidate_3,candidate_4,candidate_5,candidate_2,5,0.028000000000000004
93,candidate_1,candidate_3,candidate_4,0,candidate_2,5,0.028000000000000004
94,candidate_1,candidate_3,candidate_4,candidate_5,candidate_2,5,0.028000000000000004
95,candidate_1,candidate_3,candidate_4,candidate_5,candidate_2,5,0.028000000000000004
96,candidate_1,candidate_3,candidate_4,0,candidate_2,5,0.028000000000000004
97,candidate_1,candidate_3,candidate_4,candidate_5,candidate_2,5,0.028000000000000004
98,candidate_1,candidate_3,candidate_4,candidate_5,candidate_2,5,0.028000000000000004
99,candidate_1,candidate_3,candidate_4,candidate_5,candidate_2,5,0.028000000000000004
100,candidate_1,candidate_3,candidate_4,candidate_5,candidate_2,5,0.028000000000000004
101,candidate_1,0,candidate_4,candidate_5,candidate_2,5,0.028000000000000004
102,candidate_1,candidate_3,candidate_4,candidate_5,candidate_2,5,0.028000000000000004
103,candidate_1,candidate_3,candidate_4,candidate_5,candidate_2,5,0.028000000000000004
104,candidate_1,candidate_3,candidate_4,candidate_5,candidate_2,5,0.028000000000000004
105,candidate_1,candidate_3,candidate_4,candidate_5,candidate_2,5,0.028000000000000004
106,candidate_1,candidate_3,candidate_4,candidate_5,candidate_2,5,0.028000000000000004
107,candidate_1,candidate_3,candidate_4,candidate_5,candidate_2,5,0.028000000000000004
108,candidate_1,candidate_3,candidate_4,candidate_5,candidate_2,5,0.028000000000000004
109,candidate_1,candidate_3,candidate_4,candidate_5,candidate_2,5,0.028000000000000004
110,candidate_1,candidate_3,candidate_4,candidate_5,candidate_2,5,0.028000000000000004
111,candidate_1,candidate_3,candidate_4,candidate_5,candidate_2,5,0.028000000000000004
112,candidate_1,candidate_3,candidate_4,candidate_5,candidate_2,5,0.028000000000000004
113,candidate_1,candidate_3,candidate_4,candidate_5,candidate_2,5,0.028000000000000004
114,candidate_1,0,candidate_4,candidate_5,candidate_2,5,0.028000000000000004
115,candidate_1,candidate_3,candidate_4,candidate_5,candidate_2,5,0.028000000000000004
116,candidate_1,candidate_3,candidate_4,candidate_5,candidate_2,5,0.028000000000000004
117,candidate_1,candidate_3,candidate_4,0,candidate_2,5,0.028000000000000004
118,candidate_1,candidate_3,candidate_4,candidate_5,candidate_2,5,0.028000000000000004
119,candidate_1,candidate_3,candidate_4,candidate_5,candidate_2,5,0.028000000000000004
120,candidate_1,candidate_3,candidate_4,candidate_5,candidate_2,5,0.028000000000000004
121,candidate_1,candidate_3,candidate_4,candidate_5,candidate_2,5,0.028000000000000004
122,candidate_1,candidate_3,candidate_4,candidate_5,candidate_2,5,0.028000000000000004
123,candidate_1,candidate_3,candidate_4,candidate_5,candidate_2,5,0.028000000000000004
124,candidate_1,candidate_3,candidate_4,candidate_5,candidate_2,5,0.028000000000000004
125,candidate_1,candidate_3,candidate_4,candidate_5,candidate_2,5,0.028000000000000004
126,candidate_1,candidate_3,candidate_4,candidate_5,candidate_2,5,0.028000000000000004
127,candidate_1,candidate_3,candidate_4,candidate_5,candidate_2,5,0.028000000000000004
128,candidate_1,candidate_3,candidate_4,candidate_5,candidate_2,5,0.028000000000000004
129,candidate_1,candidate_3,candidate_4,candidate_5,candidate_2,5,0.028000000000000004
130,candidate_1,candidate_3,candidate_4,candidate_5,candidate_2,5,0.028000000000000004
131,candidate_1,candidate_3,candidate_4,candidate_5,candidate_2,5,0.028000000000000004
132,candidate_1,candidate_3,candidate_4,candidate_5,candidate_2,5,0.028000000000000004
133,candidate_1,candidate_3,candidate_4,candidate_5,candidate_2,5,0.028000000000000004
134,candidate_1,candidate_3,candidate_4,candidate_5,candidate_2,5,0.028000000000000004
135,candidate_1,candidate_3,candidate_4,candidate_5,candidate_2,5,0.028000000000000004
136,0,candidate_3,candidate_4,candidate_5,candidate_2,5,0.028000000000000004
137,candidate_1,candidate_3,candidate_4,candidate_5,candidate_2,5,0.028000000000000004
138,candidate_1,candidate_3,candidate_4,candidate_5,candidate_2,5,0.028000000000000004
139,candidate_1,candidate_3,candidate_4,candidate_5,candidate_2,5,0.028000000000000004
140,candidate_1,candidate_3,candidate_4,candidate_5,candidate_2,5,0.028000000000000004
141,candidate_1,candidate_3,candidate_4,candidate_5,candidate_2,5,0.028000000000000004
142,0,candidate_3,candidate_4,candidate_5,candidate_2,5,0.028000000000000004
143,candidate_1,candidate_3,candidate_4,candidate_5,candidate_2,5,0.028000000000000004
144,candidate_1,candidate_3,candidate_4,candidate_5,candidate_2,5,0.028000000000000004
145,candidate_1,candidate_3,candidate_4,candidate_5,candidate_2,5,0.028000000000000004
146,candidate_1,candidate_3,candidate_4,candidate_5,candidate_2,5,0.028000000000000004
147,candidate_1,candidate_3,candidate_4,candidate_5,candidate_2,5,0.028000000000000004
148,candidate_1,candidate_3,candidate_4,candidate_5,candidate_2,5,0.028000000000000004
149,candidate_1,0,candidate_4,candidate_5,candidate_2,5,0.028000000000000004
150,candidate_1,candidate_3,candidate_4,candidate_5,candidate_2,5,0.028000000000000004
151,candidate_1,candidate_3,candidate_4,candidate_5,candidate_2,5,0.028000000000000004
152,candidate_1,candidate_3,candidate_4,candidate_5,candidate_2,5,0.028000000000000004
153,candidate_1,candidate_3,candidate_4,candidate_5,candidate_2,5,0.028000000000000004
154,candidate_1,candidate_3,candidate_4,candidate_5,candidate_2,5,0.028000000000000004
155,candidate_1,candidate_3,candidate_4,0,candidate_2,5,0.028000000000000004
156,candidate_1,candidate_3,candidate_4,candidate_5,candidate_2,5,0.028000000000000004
157,candidate_1,candidate_3,candidate_4,candidate_5,candidate_2,5,0.028000000000000004
158,candidate_1,candidate_3,candidate_4,candidate_5,candidate_2,5,0.028000000000000004
159,candidate_1,candidate_3,candidate_4,candidate_5,candidate_2,5,0.028000000000000004
160,candidate_1,candidate_3,candidate_4,candidate_5,candidate_2,5,0.028000000000000004
161,candidate_1,candidate_3,candidate_4,candidate_5,candidate_2,5,0.028000000000000004
162,candidate_1,candidate_3,candidate_4,candidate_5,candidate_2,5,0.028000000000000004
163,candidate_1,candidate_3,candidate_4,candidate_5,candidate_2,5,0.028000000000000004
164,candidate_1,candidate_3,candidate_4,candidate_5,candidate_2,5,0.028000000000000004
165,candidate_1,candidate_3,candidate_4,candidate_5,candidate_2,5,0.028000000000000004
166,candidate_1,candidate_3,candidate_4,candidate_5,candidate_2,5,0.028000000000000004
167,candidate_1,candidate_3,candidate_4,candidate_5,candidate_2,5,0.028000000000000004
168,candidate_1,candidate_3,candidate_4,candidate_5,candidate_2,5,0.028000000000000004
169,candidate_1,candidate_3,candidate_4,candidate_5,candidate_2,5,0.028000000000000004
170,candidate_1,candidate_3,candidate_4,0,candidate_2,5,0.028000000000000004
171,candidate_1,0,candidate_4,candidate_5,candidate_2,5,0.028000000000000004
172,candidate_1,candidate_3,candidate_4,candidate_5,candidate_2,5,0.028000000000000004
173,candidate_1,candidate_3,candidate_4,candidate_5,candidate_2,5,0.028000000000000004
174,candidate_1,candidate_3,candidate_4,candidate_5,candidate_2,5,0.028000000000000004
175,candidate_1,candidate_3,candidate_4,candidate_5,candidate_2,5,0.028000000000000004
176,candidate_1,candidate_3,candidate_4,candidate_5,candidate_2,5,0.028000000000000004
177,candidate_1,candidate_3,0,candidate_5,candidate_2,5,0.028000000000000004
178,candidate_1,candidate_3,candidate_4,candidate_5,candidate_2,5,0.028000000000000004
179,candidate_1,candidate_3,candidate_4,candidate_5,candidate_2,5,0.028000000000000004
180,candidate_1,candidate_3,candidate_4,candidate_5,candidate_2,5,0.028000000000000004
181,candidate_1,candidate_3,candidate_4,candidate_5,candidate_2,5,0.028000000000000004
182,candidate_1,candidate_3,candidate_4,candidate_5,candidate_2,5,0.028000000000000004
183,candidate_1,candidate_3,candidate_4,candidate_5,candidate_2,5,0.028000000000000004
184,candidate_1,candidate_3,candidate_4,candidate_5,candidate_2,5,0.028000000000000004
185,candidate_1,candidate_3,candidate_4,candidate_5,candidate_2,5,0.028000000000000004
186,candidate_1,candidate_3,candidate_4,candidate_5,candidate_2,5,0.028000000000000004
187,0,candidate_3,candidate_4,candidate_5,candidate_2,5,0.028000000000000004
188,candidate_1,candidate_3,candidate_4,candidate_5,candidate_2,5,0.028000000000000004
189,candidate_1,candidate_3,0,candidate_5,candidate_2,5,0.028000000000000004
190,candidate_1,candidate_3,candidate_4,candidate_5,candidate_2,5,0.028000000000000004
191,candidate_1,candidate_3,candidate_4,candidate_5,candidate_2,5,0.028000000000000004
192,candidate_1,candidate_3,candidate_4,candidate_5,candidate_2,5,0.028000000000000004
193,candidate_1,candidate_3,candidate_4,candidate_5,candidate_2,5,0.028000000000000004
194,candidate_1,candidate_3,candidate_4,candidate_5,candidate_2,5,0.028000000000000004
195,candidate_1,candidate_3,candidate_4,candidate_5,candidate_2,5,0.028000000000000004
196,candidate_1,candidate_3,candidate_4,candidate_5,0,5,0.028000000000000004
197,candidate_1,candidate_3,candidate_4,candidate_5,candidate_2,5,0.028000000000000004
198,candidate_1,candidate_3,candidate_4,candidate_5,candidate_2,5,0.028000000000000004
199,candidate_1,candidate_3,candidate_4,candidate_5,candidate_2,5,0.028000000000000004
200,candidate_1,candidate_3,candidate_4,candidate_5,candidate_2,5,0.028000000000000004
201,candidate_1,candidate_3,candidate_4,candidate_5,candidate_2,5,0.028000000000000004
202,candidate_1,candidate_3,candidate_4,candidate_5,candidate_2,5,0.028000000000000004
203,candidate_1,candidate_3,candidate_4,candidate_5,candidate_2,5,0.028000000000000004
204,candidate_1,candidate_3,candidate_4,candidate_5,candidate_2,5,0.028000000000000004
205,candidate_1,candidate_3,candidate_4,candidate_5,candidate_2,5,0.028000000000000004
206,candidate_1,candidate_3,candidate_4,candidate_5,candidate_2,5,0.028000000000000004
207,candidate_1,candidate_3,candidate_4,candidate_5,candidate_2,5,0.028000000000000004
208,candidate_1,candidate_3,candidate_4,candidate_5,candidate_2,5,0.028000000000000004
209,candidate_1,candidate_3,candidate_4,candidate_5,candidate_2,5,0.028000000000000004
210,candidate_1,candidate_3,candidate_4,candidate_5,candidate_2,5,0.028000000000000004
211,candidate_1,candidate_3,candidate_4,candidate_5,candidate_2,5,0.028000000000000004
212,candidate_1,candidate_3,candidate_4,candidate_5,candidate_2,5,0.028000000000000004
213,candidate_1,candidate_3,candidate_4,candidate_5,candidate_2,5,0.028000000000000004
214,candidate_1,candidate_3,candidate_4,candidate_5,candidate_2,5,0.028000000000000004
215,candidate_1,candidate_3,candidate_4,candidate_5,candidate_2,5,0.028000000000000004
216,candidate_1,candidate_3,candidate_4,0,candidate_2,5,0.028000000000000004
217,candidate_1,candidate_3,candidate_4,candidate_5,candidate_2,5,0.028000000000000004
218,candidate_1,candidate_3,candidate_4,candidate_5,candidate_2,5,0.028000000000000004
219,candidate_1,candidate_3,candidate_4,candidate_5,candidate_2,5,0.028000000000000004
220,candidate_1,candidate_3,candidate_4,candidate_5,candidate_2,5,0.028000000000000004
221,candidate_1,candidate_3,candidate_4,candidate_5,candidate_2,5,0.028000000000000004
222,candidate_1,candidate_3,candidate_4,0,candidate_2,5,0.028000000000000004
223,candidate_1,candidate_3,candidate_4,candidate_5,candidate_2,5,0.028000000000000004
224,candidate_1,candidate_3,candidate_4,candidate_5,candidate_2,5,0.028000000000000004
225,candidate_1,candidate_3,candidate_4,candidate_5,candidate_2,5,0.028000000000000004
226,candidate_1,candidate_3,candidate_4,candidate_5,candidate_2,5,0.028000000000000004
227,candidate_1,candidate_3,candidate_4,candidate_5,candidate_2,5,0.028000000000000004
228,candidate_1,candidate_3,candidate_4,candidate_5,candidate_2,5,0.028000000000000004
229,candidate_1,candidate_3,candidate_4,candidate_5,candidate_2,5,0.028000000000000004
230,candidate_1,candidate_3,candidate_4,candidate_5,candidate_2,5,0.028000000000000004
231,candidate_1,candidate_3,candidate_4,candidate_5,candidate_2,5,0.028000000000000004
232,candidate_1,candidate_3,candidate_4,candidate_5,candidate_2,5,0.028000000000000004
233,candidate_1,candidate_3,candidate_4,candidate_5,candidate_2,5,0.028000000000000004
234,candidate_1,candidate_3,candidate_4,candidate_5,candidate_2,5,0.028000000000000004
235,candidate_1,candidate_3,candidate_4,candidate_5,candidate_2,5,0.028000000000000004
236,candidate_1,candidate_3,candidate_4,candidate_5,candidate_2,5,0.028000000000000004
237,candidate_1,candidate_3,candidate_4,candidate_5,candidate_2,5,0.028000000000000004
238,candidate_1,candidate_3,candidate_4,candidate_5,candidate_2,5,0.028000000000000004
239,candidate_1,candidate_3,candidate_4,candidate_5,candidate_2,5,0.028000000000000004
240,candidate_1,candidate_3,candidate_4,candidate_5,candidate_2,5,0.028000000000000004
241,candidate_1,candidate_3,candidate_4,candidate_5,candidate_2,5,0.028000000000000004
242,candidate_1,candidate_3,candidate_4,candidate_5,candidate_2,5,0.028000000000000004
243,candidate_1,candidate_3,candidate_4,candidate_5,candidate_2,5,0.028000000000000004
244,candidate_1,candidate_3,candidate_4,candidate_5,candidate_2,5,0.028000000000000004
245,candidate_1,candidate_3,candidate_4,candidate_5,candidate_2,5,0.028000000000000004
246,candidate_1,candidate_3,candidate_4,candidate_5,candidate_2,5,0.028000000000000004
247,candidate_1,candidate_3,candidate_4,candidate_5,candidate_2,5,0.028000000000000004
248,candidate_1,candidate_3,candidate_4,candidate_5,candidate_2,5,0.028000000000000004
249,candidate_1,candidate_3,candidate_4,candidate_5,candidate_2,5,0.028000000000000004
250,candidate_1,candidate_3,candidate_4,candidate_5,candidate_2,5,0.028000000000000004
251,candidate_1,candidate_3,candidate_4,0,candidate_2,5,0.028000000000000004
252,candidate_1,0,candidate_4,candidate_5,candidate_2,5,0.028000000000000004
253,candidate_1,candidate_3,candidate_4,candidate_5,candidate_2,5,0.028000000000000004
254,candidate_1,candidate_3,candidate_4,candidate_5,candidate_2,5,0.028000000000000004
255,candidate_1,candidate_3,candidate_4,candidate_5,candidate_2,5,0.028000000000000004
256,candidate_1,candidate_3,candidate_4,candidate_5,candidate_2,5,0.028000000000000004
257,candidate_1,candidate_3,candidate_4,candidate_5,candidate_2,5,0.028000000000000004
258,candidate_1,candidate_3,0,candidate_5,candidate_2,5,0.028000000000000004
259,candidate_1,candidate_3,candidate_4,candidate_5,candidate_2,5,0.028000000000000004
260,candidate_1,candidate_3,candidate_4,candidate_5,candidate_2,5,0.028000000000000004
261,candidate_1,candidate_3,candidate_4,candidate_5,candidate_2,5,0.028000000000000004
262,candidate_1,candidate_3,candidate_4,candidate_5,candidate_2,5,0.028000000000000004
263,candidate_1,candidate_3,candidate_4,candidate_5,candidate_2,5,0.028000000000000004
264,candidate_1,candidate_3,candidate_4,candidate_5,candidate_2,5,0.028000000000000004
265,candidate_1,candidate_3,candidate_4,candidate_5,candidate_2,5,0.028000000000000004
266,candidate_1,candidate_3,candidate_4,candidate_5,candidate_2,5,0.028000000000000004
267,candidate_1,candidate_3,candidate_4,candidate_5,candidate_2,5,0.028000000000000004
268,candidate_1,candidate_3,candidate_4,0,candidate_2,5,0.028000000000000004
269,candidate_1,candidate_3,candidate_4,candidate_5,candidate_2,5,0.028000000000000004
270,candidate_1,candidate_3,candidate_4,candidate_5,candidate_2,5,0.028000000000000004
271,candidate_1,candidate_3,candidate_4,candidate_5,candidate_2,5,0.028000000000000004
272,candidate_1,candidate_3,candidate_4,candidate_5,candidate_2,5,0.028000000000000004
273,candidate_1,candidate_3,candidate_4,candidate_5,candidate_2,5,0.028000000000000004
274,candidate_1,candidate_3,candidate_4,candidate_5,candidate_2,5,0.028000000000000004
275,candidate_1,candidate_3,candidate_4,candidate_5,candidate_2,5,0.028000000000000004
276,candidate_1,candidate_3,candidate_4,candidate_5,candidate_2,5,0.028000000000000004
277,candidate_1,candidate_3,candidate_4,candidate_5,candidate_2,5,0.028000000000000004
278,candidate_1,candidate_3,candidate_4,candidate_5,candidate_2,5,0.028000000000000004
279,candidate_1,candidate_3,candidate_4,candidate_5,candidate_2,5,0.028000000000000004
280,candidate_1,candidate_3,candidate_4,candidate_5,candidate_2,5,0.028000000000000004
281,candidate_1,candidate_3,candidate_4,candidate_5,candidate_2,5,0.028000000000000004
282,candidate_1,candidate_3,candidate_4,candidate_5,candidate_2,5,0.028000000000000004
283,candidate_1,candidate_3,candidate_4,candidate_5,candidate_2,5,0.028000000000000004
284,candidate_1,candidate_3,candidate_4,candidate_5,candidate_2,5,0.028000000000000004
285,candidate_1,candidate_3,candidate_4,candidate_5,candidate_2,5,0.028000000000000004
286,candidate_1,0,candidate_4,candidate_5,candidate_2,5,0.028000000000000004
287,candidate_1,candidate_3,candidate_4,candidate_5,candidate_2,5,0.028000000000000004
288,candidate_1,candidate_3,candidate_4,candidate_5,candidate_2,5,0.028000000000000004
289,candidate_1,candidate_3,candidate_4,candidate_5,candidate_2,5,0.028000000000000004
290,candidate_1,candidate_3,candidate_4,candidate_5,candidate_2,5,0.028000000000000004
291,candidate_1,candidate_3,candidate_4,candidate_5,candidate_2,5,0.028000000000000004
292,candidate_1,candidate_3,candidate_4,candidate_5,candidate_2,5,0.028000000000000004
293,candidate_1,candidate_3,candidate_4,candidate_5,candidate_2,5,0.028000000000000004
294,candidate_1,candidate_3,candidate_4,candidate_5,candidate_2,5,0.028000000000000004
295,candidate_1,candidate_3,candidate_4,candidate_5,candidate_2,5,0.028000000000000004
296,candidate_1,candidate_3,candidate_4,candidate_5,candidate_2,5,0.028000000000000004
297,candidate_1,candidate_3,candidate_4,candidate_5,candidate_2,5,0.028000000000000004
298,candidate_1,candidate_3,candidate_4,candidate_5,candidate_2,5,0.028000000000000004
299,candidate_1,candidate_3,candidate_4,candidate_5,candidate_2,5,0.028000000000000004
300,candidate_1,candidate_3,candidate_4,candidate_5,candidate_2,5,0.028000000000000004
301,candidate_1,candidate_3,candidate_4,candidate_5,candidate_2,5,0.028000000000000004
302,candidate_1,candidate_3,candidate_4,candidate_5,candidate_2,5,0.028000000000000004
303,candidate_1,candidate_3,candidate_4,candidate_5,candidate_2,5,0.028000000000000004
304,candidate_1,candidate_3,candidate_4,candidate_5,candidate_2,5,0.028000000000000004
305,candidate_1,candidate_3,candidate_4,candidate_5,candidate_2,5,0.028000000000000004
306,candidate_1,candidate_3,candidate_4,candidate_5,candidate_2,5,0.028000000000000004
307,candidate_1,candidate_3,candidate_4,candidate_5,candidate_2,5,0.028000000000000004
308,candidate_1,candidate_3,candidate_4,candidate_5,candidate_2,5,0.028000000000000004
309,candidate_1,candidate_3,candidate_4,candidate_5,candidate_2,5,0.028000000000000004
310,candidate_1,candidate_3,candidate_4,candidate_5,0,5,0.028000000000000004
311,candidate_1,candidate_3,candidate_4,candidate_5,candidate_2,5,0.028000000000000004
312,candidate_1,candidate_3,candidate_4,candidate_5,candidate_2,5,0.028000000000000004
313,candidate_1,candidate_3,candidate_4,candidate_5,candidate_2,5,0.028000000000000004
314,candidate_1,candidate_3,candidate_4,candidate_5,candidate_2,5,0.028000000000000004
315,candidate_1,candidate_3,candidate_4,candidate_5,candidate_2,5,0.028000000000000004
316,candidate_1,candidate_3,candidate_4,candidate_5,candidate_2,5,0.028000000000000004
317,candidate_1,candidate_3,0,candidate_5,candidate_2,5,0.028000000000000004
318,candidate_1,0,candidate_4,candidate_5,candidate_2,5,0.028000000000000004
319,candidate_1,candidate_3,candidate_4,candidate_5,candidate_2,5,0.028000000000000004
320,candidate_1,candidate_3,candidate_4,candidate_5,candidate_2,5,0.028000000000000004
321,candidate_1,candidate_3,candidate_4,candidate_5,candidate_2,5,0.028000000000000004
322,candidate_1,candidate_3,candidate_4,candidate_5,candidate_2,5,0.028000000000000004
323,candidate_1,candidate_3,candidate_4,candidate_5,candidate_2,5,0.028000000000000004
324,candidate_1,candidate_3,candidate_4,candidate_5,candidate_2,5,0.028000000000000004
325,candidate_1,candidate_3,candidate_4,candidate_5,candidate_2,5,0.028000000000000004
326,candidate_1,candidate_3,candidate_4,candidate_5,candidate_2,5,0.028000000000000004
327,candidate_1,candidate_3,candidate_4,candidate_5,candidate_2,5,0.028000000000000004
328,candidate_1,candidate_3,candidate_4,candidate_5,candidate_2,5,0.028000000000000004
329,candidate_1,candidate_3,candidate_4,candidate_5,candidate_2,5,0.028000000000000004
330,candidate_1,candidate_3,candidate_4,candidate_5,candidate_2,5,0.028000000000000004
331,candidate_1,candidate_3,candidate_4,candidate_5,candidate_2,5,0.028000000000000004
332,candidate_1,candidate_3,candidate_4,candidate_5,candidate_2,5,0.028000000000000004
333,candidate_1,candidate_3,candidate_4,candidate_5,candidate_2,5,0.028000000000000004
334,candidate_1,candidate_3,candidate_4,0,candidate_2,5,0.028000000000000004
335,candidate_1,candidate_3,candidate_4,candidate_5,candidate_2,5,0.028000000000000004
336,candidate_1,candidate_3,candidate_4,candidate_5,candidate_2,5,0.028000000000000004
337,candidate_1,candidate_3,candidate_4,candidate_5,candidate_2,5,0.028000000000000004
338,candidate_1,candidate_3,candidate_4,candidate_5,candidate_2,5,0.028000000000000004
339,candidate_1,candidate_3,candidate_4,candidate_5,candidate_2,5,0.028000000000000004
340,candidate_1,candidate_3,candidate_4,candidate_5,candidate_2,5,0.028000000000000004
341,candidate_1,candidate_3,candidate_4,candidate_5,candidate_2,5,0.028000000000000004
342,candidate_1,candidate_3,candidate_4,candidate_5,candidate_2,5,0.028000000000000004
343,candidate_1,candidate_3,candidate_4,candidate_5,candidate_2,5,0.028000000000000004
344,candidate_1,candidate_3,candidate_4,candidate_5,candidate_2,5,0.028000000000000004
345,candidate_1,candidate_3,candidate_4,candidate_5,candidate_2,5,0.028000000000000004
346,candidate_1,candidate_3,candidate_4,candidate_5,candidate_2,5,0.028000000000000004
347,candidate_1,candidate_3,candidate_4,candidate_5,candidate_2,5,0.028000000000000004
348,candidate_1,candidate_3,candidate_4,candidate_5,candidate_2,5,0.028000000000000004
349,candidate_1,candidate_3,candidate_4,candidate_5,candidate_2,5,0.028000000000000004
350,candidate_1,candidate_3,candidate_4,candidate_5,candidate_2,5,0.028000000000000004
351,candidate_1,candidate_3,candidate_4,candidate_5,candidate_2,5,0.028000000000000004
352,0,candidate_3,candidate_4,candidate_5,candidate_2,5,0.028000000000000004
353,candidate_1,candidate_3,candidate_4,candidate_5,candidate_2,5,0.028000000000000004
354,candidate_1,candidate_3,candidate_4,candidate_5,candidate_2,5,0.028000000000000004
355,candidate_1,candidate_3,candidate_4,candidate_5,candidate_2,5,0.028000000000000004
356,candidate_1,candidate_3,candidate_4,candidate_5,candidate_2,5,0.028000000000000004
357,candidate_1,candidate_3,candidate_4,candidate_5,candidate_2,5,0.028000000000000004
358,candidate_1,candidate_3,candidate_4,candidate_5,candidate_2,5,0.028000000000000004
359,candidate_1,candidate_3,0,candidate_5,candidate_2,5,0.028000000000000004
360,candidate_1,candidate_3,candidate_4,candidate_5,candidate_2,5,0.028000000000000004
361,0,candidate_3,candidate_4,candidate_5,candidate_2,5,0.028000000000000004
362,candidate_1,candidate_3,candidate_4,candidate_5,candidate_2,5,0.028000000000000004
363,candidate_1,candidate_3,candidate_4,candidate_5,candidate_2,5,0.028000000000000004
364,candidate_1,candidate_3,candidate_4,candidate_5,candidate_2,5,0.028000000000000004
365,candidate_1,candidate_3,candidate_4,candidate_5,candidate_2,5,0.028000000000000004
366,candidate_1,candidate_3,candidate_4,candidate_5,candidate_2,5,0.028000000000000004
367,candidate_1,candidate_3,candidate_4,candidate_5,candidate_2,5,0.028000000000000004
368,candidate_1,candidate_3,candidate_4,candidate_5,candidate_2,5,0.028000000000000004
369,candidate_1,candidate_3,0,candidate_5,candidate_2,5,0.028000000000000004
370,candidate_1,0,candidate_4,candidate_5,candidate_2,5,0.028000000000000004
371,candidate_1,candidate_3,candidate_4,candidate_5,candidate_2,5,0.028000000000000004
372,candidate_1,candidate_3,candidate_4,candidate_5,0,5,0.028000000000000004
373,candidate_1,candidate_3,candidate_4,candidate_5,candidate_2,5,0.028000000000000004
374,candidate_1,candidate_3,candidate_4,candidate_5,candidate_2,5,0.028000000000000004
375,candidate_1,candidate_3,candidate_4,candidate_5,candidate_2,5,0.028000000000000004
376,candidate_1,candidate_3,candidate_4,candidate_5,candidate_2,5,0.028000000000000004
377,candidate_1,candidate_3,candidate_4,candidate_5,candidate_2,5,0.028000000000000004
378,candidate_1,candidate_3,candidate_4,candidate_5,candidate_2,5,0.028000000000000004
379,candidate_1,candidate_3,candidate_4,candidate_5,candidate_2,5,0.028000000000000004
380,candidate_1,candidate_3,candidate_4,candidate_5,candidate_2,5,0.028000000000000004
381,candidate_1,candidate_3,candidate_4,candidate_5,candidate_2,5,0.028000000000000004
382,candidate_1,candidate_3,candidate_4,candidate_5,candidate_2,5,0.028000000000000004
383,candidate_1,candidate_3,candidate_4,candidate_5,candidate_2,5,0.028000000000000004
384,candidate_1,candidate_3,candidate_4,candidate_5,candidate_2,5,0.028000000000000004
385,candidate_1,candidate_3,candidate_4,candidate_5,candidate_2,5,0.028000000000000004
386,candidate_1,candidate_3,candidate_4,candidate_5,candidate_2,5,0.028000000000000004
387,candidate_1,candidate_3,candidate_4,candidate_5,candidate_2,5,0.028000000000000004
388,candidate_1,candidate_3,candidate_4,candidate_5,candidate_2,5,0.028000000000000004
389,candidate_1,candidate_3,candidate_4,candidate_5,candidate_2,5,0.028000000000000004
390,candidate_1,candidate_3,candidate_4,candidate_5,candidate_2,5,0.028000000000000004
391,candidate_1,candidate_3,candidate_4,candidate_5,candidate_2,5,0.028000000000000004
392,candidate_1,candidate_3,candidate_4,candidate_5,candidate_2,5,0.028000000000000004
393,candidate_1,candidate_3,candidate_4,candidate_5,candidate_2,5,0.028000000000000004
394,candidate_1,candidate_3,candidate_4,candidate_5,candidate_2,5,0.028000000000000004
395,candidate_1,candidate_3,candidate_4,candidate_5,candidate_2,5,0.028000000000000004
396,candidate_1,candidate_3,candidate_4,candidate_5,candidate_2,5,0.028000000000000004
397,candidate_1,candidate_3,candidate_4,candidate_5,candidate_2,5,0.028000000000000004
398,candidate_1,candidate_3,candidate_4,candidate_5,candidate_2,5,0.028000000000000004
399,candidate_1,candidate_3,candidate_4,candidate_5,candidate_2,5,0.028000000000000004
400,candidate_1,candidate_3,candidate_4,candidate_5,candidate_2,5,0.028000000000000004
401,candidate_1,candidate_3,candidate_4,candidate_5,candidate_2,5,0.028000000000000004
402,candidate_1,candidate_3,candidate_4,candidate_5,candidate_2,5,0.028000000000000004
403,candidate_1,candidate_3,candidate_4,candidate_5,candidate_2,5,0.028000000000000004
404,candidate_1,candidate_3,candidate_4,candidate_5,candidate_2,5,0.028000000000000004
405,candidate_1,candidate_3,candidate_4,candidate_5,0,5,0.028000000000000004
406,candidate_1,candidate_3,candidate_4,candidate_5,candidate_2,5,0.028000000000000004
407,candidate_1,candidate_3,candidate_4,candidate_5,candidate_2,5,0.028000000000000004
408,candidate_1,candidate_3,candidate_4,candidate_5,candidate_2,5,0.028000000000000004
409,candidate_1,candidate_3,candidate_4,candidate_5,candidate_2,5,0.028000000000000004
410,candidate_1,candidate_3,candidate_4,candidate_5,candidate_2,5,0.028000000000000004
411,candidate_1,candidate_3,candidate_4,candidate_5,candidate_2,5,0.028000000000000004
412,candidate_1,candidate_3,candidate_4,candidate_5,candidate_2,5,0.028000000000000004
413,candidate_1,candidate_3,0,candidate_5,candidate_2,5,0.028000000000000004
414,candidate_1,candidate_3,candidate_4,candidate_5,candidate_2,5,0.028000000000000004
415,candidate_1,candidate_3,candidate_4,candidate_5,0,5,0.028000000000000004
416,candidate_1,0,candidate_4,candidate_5,candidate_2,5,0.028000000000000004
417,0,candidate_3,candidate_4,candidate_5,candidate_2,5,0.028000000000000004
418,candidate_1,candidate_3,candidate_4,candidate_5,candidate_2,5,0.028000000000000004
419,candidate_1,candidate_3,candidate_4,candidate_5,candidate_2,5,0.028000000000000004
420,candidate_1,candidate_3,0,candidate_5,candidate_2,5,0.028000000000000004
421,candidate_1,candidate_3,candidate_4,candidate_5,candidate_2,5,0.028000000000000004
422,candidate_1,candidate_3,candidate_4,candidate_5,candidate_2,5,0.028000000000000004
423,candidate_1,candidate_3,candidate_4,candidate_5,candidate_2,5,0.028000000000000004
424,candidate_1,candidate_3,candidate_4,candidate_5,candidate_2,5,0.028000000000000004
425,candidate_1,candidate_3,candidate_4,candidate_5,candidate_2,5,0.028000000000000004
426,candidate_1,candidate_3,candidate_4,candidate_5,candidate_2,5,0.028000000000000004
427,candidate_1,candidate_3,candidate_4,candidate_5,candidate_2,5,0.028000000000000004
428,candidate_1,candidate_3,candidate_4,candidate_5,candidate_2,5,0.028000000000000004
429,candidate_1,candidate_3,candidate_4,candidate_5,candidate_2,5,0.028000000000000004
430,candidate_1,candidate_3,candidate_4,candidate_5,candidate_2,5,0.028000000000000004
431,candidate_1,candidate_3,candidate_4,candidate_5,candidate_2,5,0.028000000000000004
432,0,candidate_3,candidate_4,candidate_5,candidate_2,5,0.028000000000000004
433,candidate_1,candidate_3,candidate_4,candidate_5,candidate_2,5,0.028000000000000004
434,candidate_1,candidate_3,candidate_4,candidate_5,candidate_2,5,0.028000000000000004
435,candidate_1,candidate_3,candidate_4,candidate_5,candidate_2,5,0.028000000000000004
436,candidate_1,candidate_3,candidate_4,candidate_5,candidate_2,5,0.028000000000000004
437,candidate_1,candidate_3,candidate_4,candidate_5,candidate_2,5,0.028000000000000004
438,candidate_1,candidate_3,candidate_4,candidate_5,candidate_2,5,0.028000000000000004
439,candidate_1,candidate_3,candidate_4,candidate_5,candidate_2,5,0.028000000000000004
440,candidate_1,candidate_3,candidate_4,candidate_5,candidate_2,5,0.028000000000000004
441,candidate_1,candidate_3,candidate_4,candidate_5,candidate_2,5,0.028000000000000004
442,candidate_1,candidate_3,candidate_4,candidate_5,candidate_2,5,0.028000000000000004
443,candidate_1,candidate_3,candidate_4,0,candidate_2,5,0.028000000000000004
444,candidate_1,candidate_3,candidate_4,candidate_5,candidate_2,5,0.028000000000000004
445,candidate_1,candidate_3,candidate_4,candidate_5,candidate_2,5,0.028000000000000004
446,candidate_1,candidate_3,candidate_4,candidate_5,candidate_2,5,0.028000000000000004
447,candidate_1,candidate_3,candidate_4,candidate_5,candidate_2,5,0.028000000000000004
448,candidate_1,candidate_3,candidate_4,candidate_5,candidate_2,5,0.028000000000000004
449,candidate_1,candidate_3,candidate_4,candidate_5,candidate_2,5,0.028000000000000004
450,candidate_1,candidate_3,candidate_4,candidate_5,candidate_2,5,0.028000000000000004
451,candidate_1,candidate_3,candidate_4,candidate_5,candidate_2,5,0.028000000000000004
452,candidate_1,candidate_3,candidate_4,candidate_5,candidate_2,5,0.028000000000000004
453,candidate_1,candidate_3,0,candidate_5,candidate_2,5,0.028000000000000004
454,candidate_1,candidate_3,candidate_4,candidate_5,candidate_2,5,0.028000000000000004
455,0,candidate_3,candidate_4,candidate_5,candidate_2,5,0.028000000000000004
456,candidate_1,candidate_3,candidate_4,candidate_5,candidate_2,5,0.028000000000000004
457,candidate_1,0,candidate_4,candidate_5,candidate_2,5,0.028000000000000004
458,candidate_1,candidate_3,candidate_4,candidate_5,candidate_2,5,0.028000000000000004
459,candidate_1,candidate_3,candidate_4,candidate_5,candidate_2,5,0.028000000000000004
460,candidate_1,candidate_3,candidate_4,candidate_5,candidate_2,5,0.028000000000000004
461,candidate_1,candidate_3,candidate_4,candidate_5,candidate_2,5,0.028000000000000004
462,candidate_1,candidate_3,candidate_4,candidate_5,candidate_2,5,0.028000000000000004
463,candidate_1,candidate_3,candidate_4,candidate_5,candidate_2,5,0.028000000000000004
464,candidate_1,candidate_3,candidate_4,candidate_5,candidate_2,5,0.028000000000000004
465,candidate_1,candidate_3,candidate_4,candidate_5,candidate_2,5,0.028000000000000004
466,candidate_1,candidate_3,candidate_4,candidate_5,candidate_2,5,0.028000000000000004
467,candidate_1,candidate_3,candidate_4,candidate_5,candidate_2,5,0.028000000000000004
468,candidate_1,candidate_3,candidate_4,candidate_5,candidate_2,5,0.028000000000000004
469,candidate_1,candidate_3,candidate_4,candidate_5,candidate_2,5,0.028000000000000004
470,candidate_1,candidate_3,candidate_4,candidate_5,candidate_2,5,0.028000000000000004
471,candidate_1,candidate_3,candidate_4,candidate_5,candidate_2,5,0.028000000000000004
472,candidate_1,candidate_3,candidate_4,candidate_5,candidate_2,5,0.028000000000000004
473,candidate_1,candidate_3,candidate_4,candidate_5,candidate_2,5,0.028000000000000004
474,candidate_1,candidate_3,candidate_4,candidate_5,candidate_2,5,0.028000000000000004
475,candidate_1,candidate_3,candidate_4,candidate_5,candidate_2,5,0.028000000000000004
476,candidate_1,candidate_3,candidate_4,candidate_5,candidate_2,5,0.028000000000000004
477,candidate_1,candidate_3,candidate_4,candidate_5,candidate_2,5,0.028000000000000004
478,candidate_1,candidate_3,candidate_4,candidate_5,candidate_2,5,0.028000000000000004
479,candidate_1,candidate_3,candidate_4,candidate_5,candidate_2,5,0.028000000000000004
480,candidate_1,candidate_3,candidate_4,candidate_5,candidate_2,5,0.028000000000000004
481,candidate_1,candidate_3,candidate_4,candidate_5,candidate_2,5,0.028000000000000004
482,candidate_1,candidate_3,candidate_4,candidate_5,candidate_2,5,0.028000000000000004
483,candidate_1,candidate_3,candidate_4,candidate_5,candidate_2,5,0.028000000000000004
484,candidate_1,candidate_3,candidate_4,candidate_5,candidate_2,5,0.028000000000000004
485,candidate_1,candidate_3,candidate_4,candidate_5,candidate_2,5,0.028000000000000004
486,candidate_1,candidate_3,candidate_4,candidate_5,candidate_2,5,0.028000000000000004
487,candidate_1,candidate_3,candidate_4,candidate_5,candidate_2,5,0.028000000000000004
488,candidate_1,candidate_3,candidate_4,candidate_5,candidate_2,5,0.028000000000000004
489,candidate_1,candidate_3,candidate_4,candidate_5,candidate_2,5,0.028000000000000004
490,candidate_1,candidate_3,candidate_4,candidate_5,candidate_2,5,0.028000000000000004
491,0,candidate_3,candidate_4,candidate_5,candidate_2,5,0.028000000000000004
492,candidate_1,candidate_3,candidate_4,candidate_5,candidate_2,5,0.028000000000000004
493,candidate_1,candidate_3,candidate_4,candidate_5,candidate_2,5,0.028000000000000004
494,candidate_1,candidate_3,candidate_4,candidate_5,candidate_2,5,0.028000000000000004
495,candidate_1,candidate_3,candidate_4,candidate_5,candidate_2,5,0.028000000000000004
496,candidate_1,candidate_3,candidate_4,candidate_5,candidate_2,5,0.028000000000000004
497,candidate_1,candidate_3,candidate_4,candidate_5,0,5,0.028000000000000004
498,candidate_1,candidate_3,candidate_4,candidate_5,candidate_2,5,0.028000000000000004
499,candidate_1,candidate_3,candidate_4,candidate_5,candidate_2,5,0.028000000000000004
500,candidate_1,candidate_3,candidate_4,candidate_5,candidate_2,5,0.028000000000000004
501,candidate_1,candidate_3,candidate_4,candidate_5,candidate_2,5,0.028000000000000004
502,candidate_1,candidate_3,candidate_4,candidate_5,candidate_2,5,0.028000000000000004
503,candidate_1,candidate_3,candidate_4,candidate_5,candidate_2,5,0.028000000000000004
504,candidate_1,0,candidate_4,candidate_5,candidate_2,5,0.028000000000000004
505,candidate_1,candidate_3,candidate_4,candidate_5,candidate_2,5,0.028000000000000004
506,candidate_1,candidate_3,candidate_4,candidate_5,candidate_2,5,0.028000000000000004
507,candidate_1,0,candidate_4,candidate_5,candidate_2,5,0.028000000000000004
508,candidate_1,candidate_3,candidate_4,0,candidate_2,5,0.028000000000000004
509,candidate_1,candidate_3,candidate_4,candidate_5,candidate_2,5,0.028000000000000004
510,candidate_1,candidate_3,candidate_4,candidate_5,candidate_2,5,0.028000000000000004
511,candidate_1,candidate_3,candidate_4,candidate_5,candidate_2,5,0.028000000000000004
512,candidate_1,0,candidate_4,candidate_5,candidate_2,5,0.028000000000000004
513,candidate_1,candidate_3,candidate_4,candidate_5,candidate_2,5,0.028000000000000004
514,candidate_1,candidate_3,candidate_4,candidate_5,candidate_2,5,0.028000000000000004
515,candidate_1,candidate_3,candidate_4,candidate_5,candidate_2,5,0.028000000000000004
516,candidate_1,candidate_3,candidate_4,candidate_5,candidate_2,5,0.028000000000000004
517,candidate_1,candidate_3,candidate_4,candidate_5,candidate_2,5,0.028000000000000004
518,candidate_1,candidate_3,candidate_4,candidate_5,candidate_2,5,0.028000000000000004
519,candidate_1,candidate_3,candidate_4,candidate_5,candidate_2,5,0.028000000000000004
520,0,candidate_3,candidate_4,candidate_5,candidate_2,5,0.028000000000000004
521,candidate_1,candidate_3,candidate_4,candidate_5,candidate_2,5,0.028000000000000004
522,candidate_1,candidate_3,candidate_4,candidate_5,candidate_2,5,0.028000000000000004
523,candidate_1,candidate_3,candidate_4,candidate_5,candidate_2,5,0.028000000000000004
524,candidate_1,candidate_3,candidate_4,candidate_5,candidate_2,5,0.028000000000000004
525,candidate_1,candidate_3,candidate_4,candidate_5,candidate_2,5,0.028000000000000004
526,candidate_1,candidate_3,candidate_4,candidate_5,candidate_2,5,0.028000000000000004
527,candidate_1,candidate_3,candidate_4,candidate_5,candidate_2,5,0.028000000000000004
528,candidate_1,candidate_3,candidate_4,0,candidate_2,5,0.028000000000000004
529,candidate_1,candidate_3,candidate_4,candidate_5,candidate_2,5,0.028000000000000004
530,candidate_1,candidate_3,candidate_4,candidate_5,candidate_2,5,0.028000000000000004
531,candidate_1,candidate_3,candidate_4,candidate_5,candidate_2,5,0.028000000000000004
532,candidate_1,candidate_3,0,candidate_5,candidate_2,5,0.028000000000000004
533,candidate_1,candidate_3,candidate_4,candidate_5,candidate_2,5,0.028000000000000004
534,candidate_1,candidate_3,candidate_4,candidate_5,candidate_2,5,0.028000000000000004
535,candidate_1,candidate_3,candidate_4,candidate_5,candidate_2,5,0.028000000000000004
536,candidate_1,0,candidate_4,candidate_5,candidate_2,5,0.028000000000000004
537,candidate_1,candidate_3,candidate_4,candidate_5,candidate_2,5,0.028000000000000004
538,candidate_1,candidate_3,candidate_4,candidate_5,candidate_2,5,0.028000000000000004
539,candidate_1,candidate_3,candidate_4,candidate_5,candidate_2,5,0.028000000000000004
540,candidate_1,candidate_3,candidate_4,candidate_5,candidate_2,5,0.028000000000000004
541,0,candidate_3,candidate_4,candidate_5,candidate_2,5,0.028000000000000004
542,candidate_1,candidate_3,candidate_4,candidate_5,candidate_2,5,0.028000000000000004
543,candidate_1,candidate_3,candidate_4,candidate_5,candidate_2,5,0.028000000000000004
544,candidate_1,candidate_3,candidate_4,candidate_5,candidate_2,5,0.028000000000000004
545,candidate_1,candidate_3,candidate_4,candidate_5,candidate_2,5,0.028000000000000004
546,candidate_1,candidate_3,candidate_4,candidate_5,candidate_2,5,0.028000000000000004
547,candidate_1,candidate_3,candidate_4,candidate_5,candidate_2,5,0.028000000000000004
548,candidate_1,candidate_3,candidate_4,candidate_5,candidate_2,5,0.028000000000000004
549,candidate_1,candidate_3,candidate_4,0,candidate_2,5,0.028000000000000004
550,candidate_1,candidate_3,candidate_4,candidate_5,candidate_2,5,0.028000000000000004
551,candidate_1,candidate_3,candidate_4,candidate_5,candidate_2,5,0.028000000000000004
552,candidate_1,candidate_3,candidate_4,candidate_5,candidate_2,5,0.028000000000000004
553,candidate_1,candidate_3,candidate_4,candidate_5,candidate_2,5,0.028000000000000004
554,candidate_1,candidate_3,candidate_4,candidate_5,candidate_2,5,0.028000000000000004
555,candidate_1,candidate_3,candidate_4,candidate_5,candidate_2,5,0.028000000000000004
556,candidate_1,candidate_3,0,candidate_5,candidate_2,5,0.028000000000000004
557,candidate_1,candidate_3,candidate_4,candidate_5,candidate_2,5,0.028000000000000004
558,candidate_1,candidate_3,candidate_4,candidate_5,candidate_2,5,0.028000000000000004
559,candidate_1,candidate_3,candidate_4,candidate_5,candidate_2,5,0.028000000000000004
560,candidate_1,candidate_3,candidate_4,candidate_5,candidate_2,5,0.028000000000000004
561,candidate_1,candidate_3,candidate_4,candidate_5,candidate_2,5,0.028000000000000004
562,candidate_1,candidate_3,candidate_4,candidate_5,candidate_2,5,0.028000000000000004
563,candidate_1,candidate_3,candidate_4,candidate_5,candidate_2,5,0.028000000000000004
564,candidate_1,candidate_3,candidate_4,candidate_5,candidate_2,5,0.028000000000000004
565,candidate_1,candidate_3,candidate_4,candidate_5,0,5,0.028000000000000004
566,0,candidate_3,candidate_4,candidate_5,candidate_2,5,0.028000000000000004
567,candidate_1,candidate_3,candidate_4,candidate_5,candidate_2,5,0.028000000000000004
568,candidate_1,candidate_3,0,candidate_5,candidate_2,5,0.028000000000000004
569,candidate_1,candidate_3,candidate_4,candidate_5,candidate_2,5,0.028000000000000004
570,candidate_1,candidate_3,candidate_4,candidate_5,candidate_2,5,0.028000000000000004
571,candidate_1,candidate_3,candidate_4,candidate_5,candidate_2,5,0.028000000000000004
572,candidate_1,candidate_3,candidate_4,candidate_5,candidate_2,5,0.028000000000000004
573,candidate_1,candidate_3,candidate_4,candidate_5,candidate_2,5,0.028000000000000004
574,candidate_1,candidate_3,candidate_4,candidate_5,candidate_2,5,0.028000000000000004
575,candidate_1,candidate_3,candidate_4,candidate_5,candidate_2,5,0.028000000000000004
576,candidate_1,candidate_3,candidate_4,candidate_5,candidate_2,5,0.028000000000000004
577,candidate_1,candidate_3,candidate_4,candidate_5,candidate_2,5,0.028000000000000004
578,candidate_1,candidate_3,candidate_4,candidate_5,candidate_2,5,0.028000000000000004
579,candidate_1,candidate_3,candidate_4,candidate_5,candidate_2,5,0.028000000000000004
580,candidate_1,candidate_3,candidate_4,candidate_5,candidate_2,5,0.028000000000000004
581,candidate_1,candidate_3,candidate_4,0,0,5,0.028000000000000004
582,candidate_1,candidate_3,candidate_4,candidate_5,candidate_2,5,0.028000000000000004
583,candidate_1,candidate_3,candidate_4,candidate_5,candidate_2,5,0.028000000000000004
584,candidate_1,candidate_3,candidate_4,candidate_5,candidate_2,5,0.028000000000000004
585,candidate_1,candidate_3,candidate_4,candidate_5,candidate_2,5,0.028000000000000004
586,candidate_1,candidate_3,candidate_4,candidate_5,candidate_2,5,0.028000000000000004
587,candidate_1,candidate_3,candidate_4,candidate_5,candidate_2,5,0.028000000000000004
588,candidate_1,candidate_3,candidate_4,candidate_5,candidate_2,5,0.028000000000000004
589,candidate_1,candidate_3,candidate_4,candidate_5,0,5,0.028000000000000004
590,candidate_1,candidate_3,candidate_4,candidate_5,candidate_2,5,0.028000000000000004
591,candidate_1,candidate_3,candidate_4,candidate_5,candidate_2,5,0.028000000000000004
592,candidate_1,candidate_3,candidate_4,candidate_5,0,5,0.028000000000000004
593,candidate_1,candidate_3,candidate_4,candidate_5,candidate_2,5,0.028000000000000004
594,candidate_1,candidate_3,candidate_4,candidate_5,candidate_2,5,0.028000000000000004
595,candidate_1,candidate_3,candidate_4,candidate_5,candidate_2,5,0.028000000000000004
596,candidate_1,candidate_3,candidate_4,candidate_5,candidate_2,5,0.028000000000000004
597,candidate_1,candidate_3,candidate_4,candidate_5,candidate_2,5,0.028000000000000004
598,candidate_1,candidate_3,candidate_4,0,candidate_2,5,0.028000000000000004
599,candidate_1,candidate_3,candidate_4,candidate_5,candidate_2,5,0.028000000000000004
600,candidate_1,candidate_3,candidate_4,candidate_5,candidate_2,5,0.028000000000000004
601,candidate_1,candidate_3,candidate_4,candidate_5,candidate_2,5,0.028000000000000004
602,candidate_1,candidate_3,candidate_4,candidate_5,candidate_2,5,0.028000000000000004
0,candidate_1,candidate_3,candidate_5,candidate_2,candidate_4,5,0.028000000000000004
1,candidate_1,candidate_3,candidate_5,0,candidate_4,5,0.028000000000000004
2,candidate_1,candidate_3,candidate_5,candidate_2,candidate_4,5,0.028000000000000004
3,candidate_1,candidate_3,candidate_5,candidate_2,candidate_4,5,0.028000000000000004
4,candidate_1,candidate_3,candidate_5,candidate_2,candidate_4,5,0.028000000000000004
5,candidate_1,candidate_3,candidate_5,candidate_2,candidate_4,5,0.028000000000000004
6,candidate_1,candidate_3,candidate_5,candidate_2,candidate_4,5,0.028000000000000004
7,candidate_1,candidate_3,candidate_5,candidate_2,candidate_4,5,0.028000000000000004
8,candidate_1,0,candidate_5,candidate_2,candidate_4,5,0.028000000000000004
9,candidate_1,candidate_3,candidate_5,candidate_2,candidate_4,5,0.028000000000000004
10,candidate_1,candidate_3,candidate_5,candidate_2,candidate_4,5,0.028000000000000004
11,candidate_1,candidate_3,candidate_5,candidate_2,candidate_4,5,0.028000000000000004
12,candidate_1,candidate_3,candidate_5,candidate_2,candidate_4,5,0.028000000000000004
13,candidate_1,candidate_3,candidate_5,candidate_2,candidate_4,5,0.028000000000000004
14,candidate_1,candidate_3,0,candidate_2,candidate_4,5,0.028000000000000004
15,candidate_1,candidate_3,candidate_5,candidate_2,candidate_4,5,0.028000000000000004
16,candidate_1,candidate_3,candidate_5,candidate_2,candidate_4,5,0.028000000000000004
17,candidate_1,candidate_3,candidate_5,candidate_2,candidate_4,5,0.028000000000000004
18,candidate_1,candidate_3,candidate_5,0,candidate_4,5,0.028000000000000004
19,candidate_1,candidate_3,candidate_5,candidate_2,candidate_4,5,0.028000000000000004
20,candidate_1,candidate_3,candidate_5,candidate_2,candidate_4,5,0.028000000000000004
21,candidate_1,candidate_3,candidate_5,0,candidate_4,5,0.028000000000000004
22,candidate_1,candidate_3,candidate_5,candidate_2,candidate_4,5,0.028000000000000004
23,candidate_1,candidate_3,candidate_5,candidate_2,0,5,0.028000000000000004
24,candidate_1,candidate_3,candidate_5,candidate_2,candidate_4,5,0.028000000000000004
25,candidate_1,candidate_3,candidate_5,candidate_2,candidate_4,5,0.028000000000000004
26,0,candidate_3,candidate_5,0,candidate_4,5,0.028000000000000004
27,candidate_1,candidate_3,candidate_5,candidate_2,candidate_4,5,0.028000000000000004
28,candidate_1,candidate_3,candidate_5,candidate_2,candidate_4,5,0.028000000000000004
29,candidate_1,candidate_3,candidate_5,candidate_2,candidate_4,5,0.028000000000000004
30,candidate_1,candidate_3,candidate_5,candidate_2,candidate_4,5,0.028000000000000004
31,0,candidate_3,candidate_5,candidate_2,candidate_4,5,0.028000000000000004
32,candidate_1,candidate_3,candidate_5,candidate_2,candidate_4,5,0.028000000000000004
33,candidate_1,candidate_3,candidate_5,candidate_2,candidate_4,5,0.028000000000000004
34,candidate_1,candidate_3,candidate_5,candidate_2,candidate_4,5,0.028000000000000004
35,candidate_1,candidate_3,candidate_5,candidate_2,candidate_4,5,0.028000000000000004
36,candidate_1,candidate_3,candidate_5,candidate_2,candidate_4,5,0.028000000000000004
37,candidate_1,candidate_3,candidate_5,candidate_2,candidate_4,5,0.028000000000000004
38,candidate_1,candidate_3,candidate_5,candidate_2,candidate_4,5,0.028000000000000004
39,candidate_1,candidate_3,candidate_5,candidate_2,candidate_4,5,0.028000000000000004
40,candidate_1,candidate_3,candidate_5,candidate_2,candidate_4,5,0.028000000000000004
41,0,candidate_3,candidate_5,candidate_2,candidate_4,5,0.028000000000000004
42,candidate_1,candidate_3,candidate_5,candidate_2,candidate_4,5,0.028000000000000004
43,candidate_1,candidate_3,candidate_5,candidate_2,candidate_4,5,0.028000000000000004
44,candidate_1,candidate_3,candidate_5,candidate_2,candidate_4,5,0.028000000000000004
45,candidate_1,candidate_3,candidate_5,candidate_2,candidate_4,5,0.028000000000000004
46,candidate_1,candidate_3,candidate_5,candidate_2,candidate_4,5,0.028000000000000004
47,candidate_1,candidate_3,candidate_5,candidate_2,candidate_4,5,0.028000000000000004
48,candidate_1,candidate_3,candidate_5,candidate_2,candidate_4,5,0.028000000000000004
49,candidate_1,candidate_3,candidate_5,candidate_2,candidate_4,5,0.028000000000000004
50,candidate_1,candidate_3,candidate_5,candidate_2,candidate_4,5,0.028000000000000004
51,candidate_1,candidate_3,candidate_5,candidate_2,candidate_4,5,0.028000000000000004
52,candidate_1,candidate_3,candidate_5,candidate_2,candidate_4,5,0.028000000000000004
53,candidate_1,candidate_3,0,candidate_2,candidate_4,5,0.028000000000000004
54,candidate_1,candidate_3,candidate_5,candidate_2,candidate_4,5,0.028000000000000004
55,candidate_1,candidate_3,candidate_5,candidate_2,candidate_4,5,0.028000000000000004
56,candidate_1,candidate_3,candidate_5,candidate_2,candidate_4,5,0.028000000000000004
57,candidate_1,candidate_3,0,candidate_2,0,5,0.028000000000000004
58,candidate_1,candidate_3,candidate_5,candidate_2,candidate_4,5,0.028000000000000004
59,candidate_1,candidate_3,candidate_5,candidate_2,0,5,0.028000000000000004
60,candidate_1,candidate_3,candidate_5,candidate_2,candidate_4,5,0.028000000000000004
61,candidate_1,candidate_3,candidate_5,candidate_2,candidate_4,5,0.028000000000000004
62,candidate_1,candidate_3,candidate_5,candidate_2,candidate_4,5,0.028000000000000004
63,candidate_1,candidate_3,candidate_5,candidate_2,candidate_4,5,0.028000000000000004
64,candidate_1,candidate_3,candidate_5,candidate_2,candidate_4,5,0.028000000000000004
65,0,candidate_3,candidate_5,candidate_2,candidate_4,5,0.028000000000000004
66,candidate_1,candidate_3,candidate_5,candidate_2,candidate_4,5,0.028000000000000004
67,candidate_1,candidate_3,candidate_5,candidate_2,candidate_4,5,0.028000000000000004
68,candidate_1,candidate_3,candidate_5,candidate_2,candidate_4,5,0.028000000000000004
69,candidate_1,candidate_3,candidate_5,candidate_2,candidate_4,5,0.028000000000000004
70,candidate_1,candidate_3,candidate_5,candidate_2,candidate_4,5,0.028000000000000004
71,candidate_1,candidate_3,candidate_5,candidate_2,candidate_4,5,0.028000000000000004
72,candidate_1,candidate_3,candidate_5,candidate_2,candidate_4,5,0.028000000000000004
73,candidate_1,candidate_3,candidate_5,candidate_2,candidate_4,5,0.028000000000000004
74,candidate_1,candidate_3,candidate_5,candidate_2,candidate_4,5,0.028000000000000004
75,candidate_1,candidate_3,candidate_5,candidate_2,candidate_4,5,0.028000000000000004
76,candidate_1,0,candidate_5,candidate_2,candidate_4,5,0.028000000000000004
77,candidate_1,candidate_3,candidate_5,candidate_2,candidate_4,5,0.028000000000000004
78,candidate_1,0,candidate_5,candidate_2,candidate_4,5,0.028000000000000004
79,candidate_1,candidate_3,candidate_5,candidate_2,candidate_4,5,0.028000000000000004
80,candidate_1,candidate_3,candidate_5,candidate_2,candidate_4,5,0.028000000000000004
81,candidate_1,candidate_3,candidate_5,candidate_2,candidate_4,5,0.028000000000000004
82,candidate_1,candidate_3,candidate_5,candidate_2,candidate_4,5,0.028000000000000004
83,candidate_1,candidate_3,0,candidate_2,candidate_4,5,0.028000000000000004
84,candidate_1,0,candidate_5,candidate_2,candidate_4,5,0.028000000000000004
85,candidate_1,candidate_3,candidate_5,candidate_2,candidate_4,5,0.028000000000000004
86,candidate_1,candidate_3,candidate_5,candidate_2,candidate_4,5,0.028000000000000004
87,candidate_1,candidate_3,candidate_5,candidate_2,candidate_4,5,0.028000000000000004
88,candidate_1,0,candidate_5,candidate_2,candidate_4,5,0.028000000000000004
89,candidate_1,candidate_3,candidate_5,candidate_2,candidate_4,5,0.028000000000000004
90,candidate_1,candidate_3,candidate_5,candidate_2,candidate_4,5,0.028000000000000004
91,candidate_1,candidate_3,candidate_5,candidate_2,0,5,0.028000000000000004
92,candidate_1,candidate_3,candidate_5,candidate_2,0,5,0.028000000000000004
93,candidate_1,candidate_3,candidate_5,candidate_2,candidate_4,5,0.028000000000000004
94,candidate_1,candidate_3,candidate_5,candidate_2,candidate_4,5,0.028000000000000004
95,candidate_1,candidate_3,candidate_5,candidate_2,candidate_4,5,0.028000000000000004
96,0,0,candidate_5,candidate_2,candidate_4,5,0.028000000000000004
97,candidate_1,candidate_3,candidate_5,candidate_2,candidate_4,5,0.028000000000000004
98,candidate_1,candidate_3,candidate_5,candidate_2,candidate_4,5,0.028000000000000004
99,candidate_1,candidate_3,candidate_5,candidate_2,candidate_4,5,0.028000000000000004
100,candidate_1,candidate_3,candidate_5,candidate_2,candidate_4,5,0.028000000000000004
101,candidate_1,candidate_3,candidate_5,candidate_2,candidate_4,5,0.028000000000000004
102,candidate_1,candidate_3,candidate_5,candidate_2,candidate_4,5,0.028000000000000004
103,candidate_1,candidate_3,candidate_5,candidate_2,candidate_4,5,0.028000000000000004
104,candidate_1,candidate_3,candidate_5,candidate_2,candidate_4,5,0.028000000000000004
105,candidate_1,candidate_3,candidate_5,candidate_2,candidate_4,5,0.028000000000000004
106,candidate_1,candidate_3,candidate_5,candidate_2,candidate_4,5,0.028000000000000004
107,candidate_1,candidate_3,candidate_5,candidate_2,candidate_4,5,0.028000000000000004
108,candidate_1,candidate_3,candidate_5,candidate_2,candidate_4,5,0.028000000000000004
109,candidate_1,candidate_3,candidate_5,candidate_2,candidate_4,5,0.028000000000000004
110,candidate_1,candidate_3,candidate_5,candidate_2,candidate_4,5,0.028000000000000004
111,candidate_1,candidate_3,candidate_5,candidate_2,candidate_4,5,0.028000000000000004
112,candidate_1,candidate_3,candidate_5,candidate_2,candidate_4,5,0.028000000000000004
113,candidate_1,candidate_3,candidate_5,candidate_2,candidate_4,5,0.028000000000000004
114,candidate_1,candidate_3,candidate_5,candidate_2,candidate_4,5,0.028000000000000004
115,candidate_1,candidate_3,candidate_5,candidate_2,candidate_4,5,0.028000000000000004
116,candidate_1,candidate_3,candidate_5,candidate_2,candidate_4,5,0.028000000000000004
117,candidate_1,candidate_3,candidate_5,candidate_2,candidate_4,5,0.028000000000000004
118,candidate_1,candidate_3,candidate_5,candidate_2,candidate_4,5,0.028000000000000004
119,candidate_1,candidate_3,candidate_5,candidate_2,candidate_4,5,0.028000000000000004
120,candidate_1,candidate_3,candidate_5,candidate_2,candidate_4,5,0.028000000000000004
121,candidate_1,candidate_3,candidate_5,candidate_2,candidate_4,5,0.028000000000000004
122,candidate_1,candidate_3,candidate_5,candidate_2,candidate_4,5,0.028000000000000004
123,candidate_1,candidate_3,candidate_5,candidate_2,candidate_4,5,0.028000000000000004
124,candidate_1,candidate_3,candidate_5,candidate_2,candidate_4,5,0.028000000000000004
125,candidate_1,candidate_3,candidate_5,candidate_2,candidate_4,5,0.028000000000000004
126,0,candidate_3,candidate_5,candidate_2,candidate_4,5,0.028000000000000004
127,candidate_1,candidate_3,candidate_5,candidate_2,candidate_4,5,0.028000000000000004
128,candidate_1,candidate_3,candidate_5,candidate_2,candidate_4,5,0.028000000000000004
129,candidate_1,candidate_3,candidate_5,candidate_2,candidate_4,5,0.028000000000000004
130,candidate_1,candidate_3,candidate_5,candidate_2,candidate_4,5,0.028000000000000004
131,candidate_1,candidate_3,candidate_5,candidate_2,candidate_4,5,0.028000000000000004
132,candidate_1,candidate_3,candidate_5,candidate_2,candidate_4,5,0.028000000000000004
133,candidate_1,candidate_3,candidate_5,candidate_2,candidate_4,5,0.028000000000000004
134,candidate_1,candidate_3,candidate_5,candidate_2,candidate_4,5,0.028000000000000004
135,candidate_1,candidate_3,candidate_5,candidate_2,candidate_4,5,0.028000000000000004
136,candidate_1,candidate_3,candidate_5,candidate_2,candidate_4,5,0.028000000000000004
137,candidate_1,candidate_3,candidate_5,candidate_2,candidate_4,5,0.028000000000000004
138,candidate_1,candidate_3,candidate_5,candidate_2,candidate_4,5,0.028000000000000004
139,candidate_1,candidate_3,candidate_5,candidate_2,candidate_4,5,0.028000000000000004
140,candidate_1,candidate_3,candidate_5,candidate_2,candidate_4,5,0.028000000000000004
141,candidate_1,candidate_3,candidate_5,candidate_2,candidate_4,5,0.028000000000000004
142,candidate_1,candidate_3,candidate_5,candidate_2,candidate_4,5,0.028000000000000004
143,candidate_1,candidate_3,candidate_5,candidate_2,candidate_4,5,0.028000000000000004
144,candidate_1,candidate_3,candidate_5,candidate_2,candidate_4,5,0.028000000000000004
145,candidate_1,candidate_3,candidate_5,candidate_2,candidate_4,5,0.028000000000000004
146,candidate_1,candidate_3,candidate_5,candidate_2,candidate_4,5,0.028000000000000004
147,candidate_1,candidate_3,candidate_5,candidate_2,candidate_4,5,0.028000000000000004
148,candidate_1,candidate_3,candidate_5,candidate_2,candidate_4,5,0.028000000000000004
149,candidate_1,candidate_3,candidate_5,candidate_2,candidate_4,5,0.028000000000000004
150,candidate_1,candidate_3,candidate_5,candidate_2,candidate_4,5,0.028000000000000004
151,candidate_1,candidate_3,candidate_5,candidate_2,candidate_4,5,0.028000000000000004
152,candidate_1,candidate_3,candidate_5,candidate_2,candidate_4,5,0.028000000000000004
153,candidate_1,candidate_3,candidate_5,candidate_2,candidate_4,5,0.028000000000000004
154,0,candidate_3,candidate_5,candidate_2,candidate_4,5,0.028000000000000004
155,candidate_1,candidate_3,candidate_5,candidate_2,candidate_4,5,0.028000000000000004
156,candidate_1,candidate_3,candidate_5,candidate_2,candidate_4,5,0.028000000000000004
157,candidate_1,candidate_3,candidate_5,candidate_2,candidate_4,5,0.028000000000000004
158,candidate_1,candidate_3,candidate_5,candidate_2,candidate_4,5,0.028000000000000004
159,candidate_1,candidate_3,candidate_5,candidate_2,candidate_4,5,0.028000000000000004
0,candidate_1,candidate_3,candidate_5,candidate_4,candidate_2,5,0.028000000000000004
1,candidate_1,candidate_3,candidate_5,candidate_4,0,5,0.028000000000000004
2,candidate_1,candidate_3,candidate_5,candidate_4,candidate_2,5,0.028000000000000004
3,candidate_1,candidate_3,candidate_5,candidate_4,candidate_2,5,0.028000000000000004
4,candidate_1,candidate_3,candidate_5,candidate_4,candidate_2,5,0.028000000000000004
5,candidate_1,candidate_3,candidate_5,candidate_4,candidate_2,5,0.028000000000000004
6,candidate_1,candidate_3,candidate_5,candidate_4,candidate_2,5,0.028000000000000004
7,candidate_1,candidate_3,candidate_5,candidate_4,candidate_2,5,0.028000000000000004
8,candidate_1,candidate_3,candidate_5,candidate_4,candidate_2,5,0.028000000000000004
9,candidate_1,candidate_3,candidate_5,candidate_4,candidate_2,5,0.028000000000000004
10,candidate_1,candidate_3,candidate_5,candidate_4,candidate_2,5,0.028000000000000004
11,candidate_1,candidate_3,candidate_5,candidate_4,candidate_2,5,0.028000000000000004
12,candidate_1,candidate_3,candidate_5,candidate_4,candidate_2,5,0.028000000000000004
13,candidate_1,candidate_3,candidate_5,candidate_4,candidate_2,5,0.028000000000000004
14,candidate_1,candidate_3,candidate_5,candidate_4,candidate_2,5,0.028000000000000004
15,candidate_1,candidate_3,candidate_5,candidate_4,candidate_2,5,0.028000000000000004
16,0,candidate_3,candidate_5,candidate_4,candidate_2,5,0.028000000000000004
17,candidate_1,candidate_3,candidate_5,candidate_4,candidate_2,5,0.028000000000000004
18,candidate_1,candidate_3,candidate_5,candidate_4,candidate_2,5,0.028000000000000004
19,candidate_1,candidate_3,candidate_5,candidate_4,candidate_2,5,0.028000000000000004
20,candidate_1,candidate_3,candidate_5,candidate_4,candidate_2,5,0.028000000000000004
21,candidate_1,candidate_3,candidate_5,candidate_4,candidate_2,5,0.028000000000000004
22,candidate_1,candidate_3,candidate_5,candidate_4,candidate_2,5,0.028000000000000004
23,candidate_1,candidate_3,candidate_5,candidate_4,candidate_2,5,0.028000000000000004
24,candidate_1,candidate_3,candidate_5,candidate_4,candidate_2,5,0.028000000000000004
25,0,candidate_3,candidate_5,candidate_4,candidate_2,5,0.028000000000000004
26,candidate_1,candidate_3,candidate_5,candidate_4,candidate_2,5,0.028000000000000004
27,candidate_1,candidate_3,candidate_5,candidate_4,candidate_2,5,0.028000000000000004
28,candidate_1,candidate_3,candidate_5,candidate_4,candidate_2,5,0.028000000000000004
29,candidate_1,candidate_3,candidate_5,candidate_4,candidate_2,5,0.028000000000000004
30,candidate_1,candidate_3,candidate_5,candidate_4,candidate_2,5,0.028000000000000004
31,candidate_1,candidate_3,0,candidate_4,candidate_2,5,0.028000000000000004
32,candidate_1,candidate_3,candidate_5,candidate_4,candidate_2,5,0.028000000000000004
33,candidate_1,candidate_3,candidate_5,candidate_4,candidate_2,5,0.028000000000000004
34,candidate_1,candidate_3,candidate_5,candidate_4,candidate_2,5,0.028000000000000004
35,candidate_1,candidate_3,candidate_5,candidate_4,candidate_2,5,0.028000000000000004
36,candidate_1,candidate_3,candidate_5,candidate_4,candidate_2,5,0.028000000000000004
37,candidate_1,candidate_3,candidate_5,candidate_4,candidate_2,5,0.028000000000000004
38,candidate_1,candidate_3,candidate_5,candidate_4,candidate_2,5,0.028000000000000004
39,candidate_1,candidate_3,candidate_5,candidate_4,candidate_2,5,0.028000000000000004
40,candidate_1,candidate_3,candidate_5,0,candidate_2,5,0.028000000000000004
41,candidate_1,candidate_3,candidate_5,candidate_4,candidate_2,5,0.028000000000000004
42,candidate_1,candidate_3,candidate_5,candidate_4,candidate_2,5,0.028000000000000004
43,candidate_1,candidate_3,candidate_5,candidate_4,candidate_2,5,0.028000000000000004
44,candidate_1,candidate_3,candidate_5,0,candidate_2,5,0.028000000000000004
45,candidate_1,candidate_3,candidate_5,candidate_4,candidate_2,5,0.028000000000000004
46,candidate_1,candidate_3,candidate_5,candidate_4,candidate_2,5,0.028000000000000004
47,candidate_1,candidate_3,candidate_5,candidate_4,candidate_2,5,0.028000000000000004
48,candidate_1,candidate_3,candidate_5,candidate_4,candidate_2,5,0.028000000000000004
49,candidate_1,candidate_3,candidate_5,candidate_4,candidate_2,5,0.028000000000000004
50,candidate_1,candidate_3,candidate_5,candidate_4,candidate_2,5,0.028000000000000004
51,candidate_1,candidate_3,candidate_5,candidate_4,0,5,0.028000000000000004
52,candidate_1,candidate_3,candidate_5,candidate_4,0,5,0.028000000000000004
53,candidate_1,candidate_3,candidate_5,candidate_4,candidate_2,5,0.028000000000000004
54,candidate_1,candidate_3,candidate_5,candidate_4,candidate_2,5,0.028000000000000004
55,candidate_1,candidate_3,candidate_5,candidate_4,candidate_2,5,0.028000000000000004
56,candidate_1,candidate_3,candidate_5,candidate_4,candidate_2,5,0.028000000000000004
57,candidate_1,candidate_3,candidate_5,candidate_4,candidate_2,5,0.028000000000000004
58,candidate_1,candidate_3,0,candidate_4,candidate_2,5,0.028000000000000004
59,candidate_1,candidate_3,candidate_5,candidate_4,candidate_2,5,0.028000000000000004
60,candidate_1,candidate_3,candidate_5,candidate_4,candidate_2,5,0.028000000000000004
61,candidate_1,candidate_3,candidate_5,candidate_4,candidate_2,5,0.028000000000000004
62,candidate_1,candidate_3,candidate_5,candidate_4,candidate_2,5,0.028000000000000004
63,candidate_1,candidate_3,candidate_5,candidate_4,candidate_2,5,0.028000000000000004
64,candidate_1,candidate_3,candidate_5,candidate_4,candidate_2,5,0.028000000000000004
65,candidate_1,candidate_3,candidate_5,candidate_4,candidate_2,5,0.028000000000000004
66,candidate_1,candidate_3,candidate_5,candidate_4,candidate_2,5,0.028000000000000004
67,0,candidate_3,candidate_5,candidate_4,candidate_2,5,0.028000000000000004
68,candidate_1,candidate_3,candidate_5,candidate_4,candidate_2,5,0.028000000000000004
69,candidate_1,candidate_3,candidate_5,candidate_4,candidate_2,5,0.028000000000000004
70,candidate_1,candidate_3,candidate_5,candidate_4,candidate_2,5,0.028000000000000004
71,candidate_1,candidate_3,candidate_5,candidate_4,candidate_2,5,0.028000000000000004
72,candidate_1,candidate_3,candidate_5,candidate_4,candidate_2,5,0.028000000000000004
73,candidate_1,candidate_3,candidate_5,candidate_4,candidate_2,5,0.028000000000000004
74,candidate_1,candidate_3,candidate_5,candidate_4,candidate_2,5,0.028000000000000004
75,candidate_1,candidate_3,candidate_5,candidate_4,candidate_2,5,0.028000000000000004
76,candidate_1,candidate_3,candidate_5,candidate_4,candidate_2,5,0.028000000000000004
77,candidate_1,candidate_3,candidate_5,candidate_4,candidate_2,5,0.028000000000000004
78,candidate_1,candidate_3,candidate_5,candidate_4,candidate_2,5,0.028000000000000004
79,candidate_1,candidate_3,candidate_5,candidate_4,candidate_2,5,0.028000000000000004
80,candidate_1,candidate_3,candidate_5,candidate_4,candidate_2,5,0.028000000000000004
81,candidate_1,candidate_3,candidate_5,candidate_4,candidate_2,5,0.028000000000000004
82,candidate_1,candidate_3,candidate_5,candidate_4,candidate_2,5,0.028000000000000004
83,candidate_1,candidate_3,candidate_5,candidate_4,candidate_2,5,0.028000000000000004
84,candidate_1,candidate_3,candidate_5,candidate_4,candidate_2,5,0.028000000000000004
85,candidate_1,candidate_3,candidate_5,candidate_4,candidate_2,5,0.028000000000000004
86,candidate_1,candidate_3,candidate_5,candidate_4,candidate_2,5,0.028000000000000004
87,candidate_1,candidate_3,candidate_5,candidate_4,candidate_2,5,0.028000000000000004
88,candidate_1,candidate_3,candidate_5,candidate_4,candidate_2,5,0.028000000000000004
89,candidate_1,candidate_3,candidate_5,candidate_4,candidate_2,5,0.028000000000000004
90,candidate_1,candidate_3,candidate_5,candidate_4,candidate_2,5,0.028000000000000004
91,candidate_1,candidate_3,candidate_5,candidate_4,candidate_2,5,0.028000000000000004
92,candidate_1,candidate_3,candidate_5,candidate_4,candidate_2,5,0.028000000000000004
93,candidate_1,candidate_3,candidate_5,candidate_4,candidate_2,5,0.028000000000000004
94,candidate_1,candidate_3,candidate_5,candidate_4,candidate_2,5,0.028000000000000004
95,candidate_1,candidate_3,candidate_5,candidate_4,candidate_2,5,0.028000000000000004
96,candidate_1,candidate_3,candidate_5,candidate_4,candidate_2,5,0.028000000000000004
97,candidate_1,candidate_3,0,candidate_4,candidate_2,5,0.028000000000000004
98,candidate_1,candidate_3,candidate_5,candidate_4,candidate_2,5,0.028000000000000004
99,candidate_1,candidate_3,candidate_5,candidate_4,candidate_2,5,0.028000000000000004
100,candidate_1,candidate_3,candidate_5,candidate_4,candidate_2,5,0.028000000000000004
101,candidate_1,candidate_3,candidate_5,candidate_4,candidate_2,5,0.028000000000000004
102,candidate_1,candidate_3,candidate_5,candidate_4,candidate_2,5,0.028000000000000004
103,candidate_1,candidate_3,candidate_5,candidate_4,candidate_2,5,0.028000000000000004
104,candidate_1,candidate_3,candidate_5,candidate_4,candidate_2,5,0.028000000000000004
105,candidate_1,candidate_3,candidate_5,candidate_4,candidate_2,5,0.028000000000000004
106,candidate_1,candidate_3,candidate_5,0,candidate_2,5,0.028000000000000004
107,candidate_1,candidate_3,candidate_5,candidate_4,candidate_2,5,0.028000000000000004
108,candidate_1,candidate_3,candidate_5,candidate_4,candidate_2,5,0.028000000000000004
109,candidate_1,candidate_3,candidate_5,candidate_4,candidate_2,5,0.028000000000000004
110,candidate_1,candidate_3,candidate_5,candidate_4,candidate_2,5,0.028000000000000004
111,candidate_1,candidate_3,candidate_5,candidate_4,candidate_2,5,0.028000000000000004
112,candidate_1,candidate_3,candidate_5,candidate_4,candidate_2,5,0.028000000000000004
113,candidate_1,candidate_3,candidate_5,candidate_4,candidate_2,5,0.028000000000000004
114,candidate_1,candidate_3,candidate_5,candidate_4,candidate_2,5,0.028000000000000004
115,candidate_1,candidate_3,candidate_5,candidate_4,candidate_2,5,0.028000000000000004
116,candidate_1,candidate_3,candidate_5,candidate_4,candidate_2,5,0.028000000000000004
117,candidate_1,candidate_3,candidate_5,candidate_4,candidate_2,5,0.028000000000000004
118,candidate_1,candidate_3,candidate_5,candidate_4,candidate_2,5,0.028000000000000004
119,candidate_1,candidate_3,candidate_5,candidate_4,candidate_2,5,0.028000000000000004
120,candidate_1,candidate_3,candidate_5,candidate_4,candidate_2,5,0.028000000000000004
121,candidate_1,candidate_3,candidate_5,candidate_4,candidate_2,5,0.028000000000000004
122,candidate_1,candidate_3,candidate_5,candidate_4,candidate_2,5,0.028000000000000004
123,candidate_1,candidate_3,candidate_5,candidate_4,candidate_2,5,0.028000000000000004
124,candidate_1,candidate_3,candidate_5,candidate_4,candidate_2,5,0.028000000000000004
125,candidate_1,candidate_3,candidate_5,candidate_4,candidate_2,5,0.028000000000000004
126,candidate_1,candidate_3,candidate_5,candidate_4,candidate_2,5,0.028000000000000004
127,candidate_1,candidate_3,0,candidate_4,candidate_2,5,0.028000000000000004
128,candidate_1,candidate_3,candidate_5,candidate_4,candidate_2,5,0.028000000000000004
129,candidate_1,candidate_3,candidate_5,candidate_4,candidate_2,5,0.028000000000000004
130,candidate_1,candidate_3,candidate_5,candidate_4,candidate_2,5,0.028000000000000004
131,candidate_1,candidate_3,candidate_5,candidate_4,candidate_2,5,0.028000000000000004
132,candidate_1,candidate_3,candidate_5,candidate_4,candidate_2,5,0.028000000000000004
133,candidate_1,candidate_3,candidate_5,candidate_4,candidate_2,5,0.028000000000000004
134,candidate_1,candidate_3,candidate_5,candidate_4,candidate_2,5,0.028000000000000004
135,candidate_1,candidate_3,candidate_5,candidate_4,0,5,0.028000000000000004
136,candidate_1,candidate_3,candidate_5,candidate_4,candidate_2,5,0.028000000000000004
137,candidate_1,candidate_3,candidate_5,candidate_4,candidate_2,5,0.028000000000000004
138,candidate_1,candidate_3,candidate_5,candidate_4,candidate_2,5,0.028000000000000004
139,candidate_1,candidate_3,candidate_5,candidate_4,candidate_2,5,0.028000000000000004
140,candidate_1,candidate_3,candidate_5,candidate_4,candidate_2,5,0.028000000000000004
141,candidate_1,candidate_3,candidate_5,candidate_4,candidate_2,5,0.028000000000000004
142,candidate_1,candidate_3,candidate_5,candidate_4,candidate_2,5,0.028000000000000004
143,candidate_1,candidate_3,candidate_5,candidate_4,candidate_2,5,0.028000000000000004
144,candidate_1,candidate_3,candidate_5,candidate_4,candidate_2,5,0.028000000000000004
145,candidate_1,candidate_3,candidate_5,candidate_4,candidate_2,5,0.028000000000000004
146,candidate_1,candidate_3,candidate_5,candidate_4,candidate_2,5,0.028000000000000004
147,candidate_1,candidate_3,candidate_5,candidate_4,candidate_2,5,0.028000000000000004
148,candidate_1,candidate_3,candidate_5,candidate_4,candidate_2,5,0.028000000000000004
149,candidate_1,candidate_3,candidate_5,candidate_4,candidate_2,5,0.028000000000000004
150,candidate_1,candidate_3,candidate_5,candidate_4,candidate_2,5,0.028000000000000004
151,candidate_1,candidate_3,candidate_5,0,candidate_2,5,0.028000000000000004
152,candidate_1,candidate_3,candidate_5,candidate_4,candidate_2,5,0.028000000000000004
153,candidate_1,candidate_3,candidate_5,candidate_4,candidate_2,5,0.028000000000000004
154,candidate_1,candidate_3,candidate_5,candidate_4,candidate_2,5,0.028000000000000004
155,candidate_1,candidate_3,candidate_5,candidate_4,candidate_2,5,0.028000000000000004
156,candidate_1,candidate_3,candidate_5,candidate_4,candidate_2,5,0.028000000000000004
157,candidate_1,candidate_3,candidate_5,candidate_4,candidate_2,5,0.028000000000000004
158,candidate_1,0,candidate_5,candidate_4,candidate_2,5,0.028000000000000004
159,candidate_1,candidate_3,candidate_5,candidate_4,candidate_2,5,0.028000000000000004
160,candidate_1,candidate_3,candidate_5,candidate_4,candidate_2,5,0.028000000000000004
161,candidate_1,candidate_3,candidate_5,candidate_4,candidate_2,5,0.028000000000000004
162,0,candidate_3,candidate_5,candidate_4,candidate_2,5,0.028000000000000004
163,candidate_1,candidate_3,0,candidate_4,candidate_2,5,0.028000000000000004
164,candidate_1,candidate_3,candidate_5,candidate_4,candidate_2,5,0.028000000000000004
165,candidate_1,candidate_3,candidate_5,candidate_4,candidate_2,5,0.028000000000000004
166,candidate_1,candidate_3,candidate_5,0,candidate_2,5,0.028000000000000004
167,candidate_1,candidate_3,candidate_5,candidate_4,candidate_2,5,0.028000000000000004
168,candidate_1,candidate_3,candidate_5,candidate_4,candidate_2,5,0.028000000000000004
169,candidate_1,candidate_3,candidate_5,candidate_4,candidate_2,5,0.028000000000000004
170,candidate_1,candidate_3,candidate_5,candidate_4,candidate_2,5,0.028000000000000004
171,candidate_1,candidate_3,candidate_5,candidate_4,candidate_2,5,0.028000000000000004
172,candidate_1,candidate_3,candidate_5,candidate_4,candidate_2,5,0.028000000000000004
173,candidate_1,candidate_3,candidate_5,candidate_4,candidate_2,5,0.028000000000000004
174,candidate_1,candidate_3,candidate_5,candidate_4,candidate_2,5,0.028000000000000004
175,candidate_1,candidate_3,candidate_5,candidate_4,candidate_2,5,0.028000000000000004
176,candidate_1,candidate_3,candidate_5,0,candidate_2,5,0.028000000000000004
177,candidate_1,candidate_3,candidate_5,candidate_4,candidate_2,5,0.028000000000000004
0,candidate_1,candidate_4,candidate_2,candidate_3,candidate_5,5,0.028000000000000004
1,candidate_1,candidate_4,candidate_2,candidate_3,candidate_5,5,0.028000000000000004
2,candidate_1,candidate_4,candidate_2,candidate_3,0,5,0.028000000000000004
3,0,candidate_4,candidate_2,candidate_3,candidate_5,5,0.028000000000000004
4,candidate_1,candidate_4,candidate_2,candidate_3,candidate_5,5,0.028000000000000004
5,candidate_1,candidate_4,candidate_2,candidate_3,candidate_5,5,0.028000000000000004
6,candidate_1,candidate_4,candidate_2,candidate_3,candidate_5,5,0.028000000000000004
7,candidate_1,0,candidate_2,candidate_3,candidate_5,5,0.028000000000000004
8,candidate_1,candidate_4,candidate_2,0,candidate_5,5,0.028000000000000004
9,candidate_1,candidate_4,candidate_2,candidate_3,candidate_5,5,0.028000000000000004
10,candidate_1,candidate_4,candidate_2,candidate_3,candidate_5,5,0.028000000000000004
11,candidate_1,candidate_4,candidate_2,candidate_3,candidate_5,5,0.028000000000000004
12,candidate_1,candidate_4,candidate_2,candidate_3,candidate_5,5,0.028000000000000004
13,candidate_1,candidate_4,candidate_2,candidate_3,candidate_5,5,0.028000000000000004
14,candidate_1,candidate_4,candidate_2,candidate_3,candidate_5,5,0.028000000000000004
15,candidate_1,candidate_4,candidate_2,candidate_3,candidate_5,5,0.028000000000000004
16,candidate_1,candidate_4,candidate_2,candidate_3,candidate_5,5,0.028000000000000004
17,candidate_1,candidate_4,candidate_2,candidate_3,candidate_5,5,0.028000000000000004
18,candidate_1,candidate_4,candidate_2,candidate_3,candidate_5,5,0.028000000000000004
19,candidate_1,candidate_4,candidate_2,candidate_3,candidate_5,5,0.028000000000000004
20,candidate_1,candidate_4,candidate_2,candidate_3,candidate_5,5,0.028000000000000004
21,0,candidate_4,0,candidate_3,candidate_5,5,0.028000000000000004
22,candidate_1,candidate_4,candidate_2,candidate_3,candidate_5,5,0.028000000000000004
23,candidate_1,candidate_4,candidate_2,candidate_3,candidate_5,5,0.028000000000000004
24,candidate_1,candidate_4,candidate_2,0,candidate_5,5,0.028000000000000004
25,candidate_1,candidate_4,candidate_2,candidate_3,candidate_5,5,0.028000000000000004
26,candidate_1,candidate_4,candidate_2,candidate_3,candidate_5,5,0.028000000000000004
27,candidate_1,candidate_4,candidate_2,candidate_3,candidate_5,5,0.028000000000000004
28,candidate_1,candidate_4,candidate_2,candidate_3,candidate_5,5,0.028000000000000004
29,candidate_1,candidate_4,0,candidate_3,candidate_5,5,0.028000000000000004
30,candidate_1,candidate_4,candidate_2,candidate_3,candidate_5,5,0.028000000000000004
31,candidate_1,candidate_4,candidate_2,candidate_3,candidate_5,5,0.028000000000000004
32,candidate_1,candidate_4,candidate_2,candidate_3,candidate_5,5,0.028000000000000004
33,candidate_1,candidate_4,candidate_2,candidate_3,candidate_5,5,0.028000000000000004
34,candidate_1,candidate_4,candidate_2,candidate_3,candidate_5,5,0.028000000000000004
35,candidate_1,candidate_4,candidate_2,candidate_3,candidate_5,5,0.028000000000000004
36,candidate_1,candidate_4,candidate_2,candidate_3,candidate_5,5,0.028000000000000004
37,candidate_1,candidate_4,candidate_2,candidate_3,candidate_5,5,0.028000000000000004
38,0,candidate_4,candidate_2,0,candidate_5,5,0.028000000000000004
39,candidate_1,candidate_4,candidate_2,candidate_3,candidate_5,5,0.028000000000000004
40,candidate_1,candidate_4,candidate_2,candidate_3,candidate_5,5,0.028000000000000004
41,candidate_1,candidate_4,candidate_2,candidate_3,candidate_5,5,0.028000000000000004
42,candidate_1,candidate_4,candidate_2,candidate_3,candidate_5,5,0.028000000000000004
43,candidate_1,candidate_4,candidate_2,candidate_3,candidate_5,5,0.028000000000000004
44,candidate_1,candidate_4,candidate_2,candidate_3,candidate_5,5,0.028000000000000004
45,candidate_1,candidate_4,candidate_2,candidate_3,candidate_5,5,0.028000000000000004
46,candidate_1,candidate_4,candidate_2,candidate_3,candidate_5,5,0.028000000000000004
47,candidate_1,candidate_4,candidate_2,candidate_3,0,5,0.028000000000000004
48,candidate_1,candidate_4,candidate_2,candidate_3,candidate_5,5,0.028000000000000004
49,candidate_1,candidate_4,candidate_2,candidate_3,candidate_5,5,0.028000000000000004
50,candidate_1,candidate_4,candidate_2,candidate_3,candidate_5,5,0.028000000000000004
51,candidate_1,candidate_4,candidate_2,candidate_3,candidate_5,5,0.028000000000000004
52,candidate_1,candidate_4,candidate_2,candidate_3,candidate_5,5,0.028000000000000004
53,candidate_1,candidate_4,candidate_2,candidate_3,candidate_5,5,0.028000000000000004
54,candidate_1,candidate_4,candidate_2,candidate_3,candidate_5,5,0.028000000000000004
55,candidate_1,candidate_4,candidate_2,candidate_3,candidate_5,5,0.028000000000000004
56,candidate_1,candidate_4,candidate_2,candidate_3,candidate_5,5,0.028000000000000004
57,candidate_1,candidate_4,candidate_2,candidate_3,candidate_5,5,0.028000000000000004
58,candidate_1,candidate_4,candidate_2,candidate_3,0,5,0.028000000000000004
59,candidate_1,candidate_4,candidate_2,candidate_3,candidate_5,5,0.028000000000000004
60,candidate_1,candidate_4,candidate_2,candidate_3,candidate_5,5,0.028000000000000004
61,0,candidate_4,candidate_2,candidate_3,candidate_5,5,0.028000000000000004
0,candidate_1,candidate_4,candidate_2,candidate_5,candidate_3,5,0.028000000000000004
1,candidate_1,candidate_4,candidate_2,candidate_5,candidate_3,5,0.028000000000000004
2,candidate_1,candidate_4,candidate_2,candidate_5,candidate_3,5,0.028000000000000004
3,candidate_1,candidate_4,candidate_2,candidate_5,candidate_3,5,0.028000000000000004
4,candidate_1,candidate_4,candidate_2,candidate_5,candidate_3,5,0.028000000000000004
5,candidate_1,candidate_4,candidate_2,candidate_5,candidate_3,5,0.028000000000000004
6,candidate_1,0,candidate_2,candidate_5,candidate_3,5,0.028000000000000004
7,candidate_1,candidate_4,candidate_2,candidate_5,candidate_3,5,0.028000000000000004
8,candidate_1,candidate_4,candidate_2,candidate_5,candidate_3,5,0.028000000000000004
9,candidate_1,candidate_4,candidate_2,candidate_5,candidate_3,5,0.028000000000000004
10,candidate_1,candidate_4,candidate_2,candidate_5,candidate_3,5,0.028000000000000004
11,candidate_1,candidate_4,candidate_2,candidate_5,candidate_3,5,0.028000000000000004
12,candidate_1,candidate_4,candidate_2,candidate_5,candidate_3,5,0.028000000000000004
13,candidate_1,candidate_4,candidate_2,candidate_5,candidate_3,5,0.028000000000000004
14,candidate_1,candidate_4,candidate_2,candidate_5,candidate_3,5,0.028000000000000004
15,candidate_1,candidate_4,candidate_2,candidate_5,candidate_3,5,0.028000000000000004
16,candidate_1,candidate_4,candidate_2,candidate_5,candidate_3,5,0.028000000000000004
17,candidate_1,candidate_4,candidate_2,candidate_5,candidate_3,5,0.028000000000000004
18,candidate_1,candidate_4,candidate_2,candidate_5,candidate_3,5,0.028000000000000004
19,candidate_1,candidate_4,candidate_2,candidate_5,candidate_3,5,0.028000000000000004
20,candidate_1,candidate_4,candidate_2,candidate_5,candidate_3,5,0.028000000000000004
21,candidate_1,candidate_4,candidate_2,candidate_5,candidate_3,5,0.028000000000000004
22,candidate_1,candidate_4,candidate_2,candidate_5,candidate_3,5,0.028000000000000004
23,candidate_1,candidate_4,candidate_2,candidate_5,candidate_3,5,0.028000000000000004
24,0,candidate_4,candidate_2,candidate_5,candidate_3,5,0.028000000000000004
25,candidate_1,candidate_4,candidate_2,candidate_5,candidate_3,5,0.028000000000000004
26,candidate_1,candidate_4,candidate_2,candidate_5,candidate_3,5,0.028000000000000004
27,candidate_1,candidate_4,candidate_2,candidate_5,candidate_3,5,0.028000000000000004
28,candidate_1,candidate_4,candidate_2,candidate_5,candidate_3,5,0.028000000000000004
29,candidate_1,candidate_4,candidate_2,candidate_5,candidate_3,5,0.028000000000000004
30,candidate_1,candidate_4,candidate_2,candidate_5,candidate_3,5,0.028000000000000004
31,candidate_1,candidate_4,candidate_2,candidate_5,candidate_3,5,0.028000000000000004
32,candidate_1,candidate_4,candidate_2,0,candidate_3,5,0.028000000000000004
33,candidate_1,candidate_4,candidate_2,candidate_5,candidate_3,5,0.028000000000000004
34,candidate_1,candidate_4,candidate_2,candidate_5,candidate_3,5,0.028000000000000004
35,0,candidate_4,candidate_2,candidate_5,candidate_3,5,0.028000000000000004
36,candidate_1,candidate_4,candidate_2,candidate_5,candidate_3,5,0.028000000000000004
37,candidate_1,candidate_4,candidate_2,candidate_5,candidate_3,5,0.028000000000000004
38,candidate_1,candidate_4,candidate_2,candidate_5,candidate_3,5,0.028000000000000004
39,candidate_1,candidate_4,candidate_2,candidate_5,candidate_3,5,0.028000000000000004
40,candidate_1,candidate_4,candidate_2,candidate_5,candidate_3,5,0.028000000000000004
41,candidate_1,candidate_4,candidate_2,candidate_5,candidate_3,5,0.028000000000000004
42,candidate_1,candidate_4,candidate_2,candidate_5,candidate_3,5,0.028000000000000004
0,candidate_1,candidate_4,candidate_3,candidate_2,candidate_5,5,0.028000000000000004
1,candidate_1,candidate_4,candidate_3,candidate_2,candidate_5,5,0.028000000000000004
2,candidate_1,candidate_4,candidate_3,candidate_2,candidate_5,5,0.028000000000000004
3,candidate_1,candidate_4,candidate_3,0,candidate_5,5,0.028000000000000004
4,0,candidate_4,candidate_3,candidate_2,candidate_5,5,0.028000000000000004
5,candidate_1,candidate_4,candidate_3,candidate_2,candidate_5,5,0.028000000000000004
6,0,candidate_4,candidate_3,candidate_2,candidate_5,5,0.028000000000000004
7,candidate_1,candidate_4,candidate_3,candidate_2,candidate_5,5,0.028000000000000004
8,candidate_1,candidate_4,candidate_3,candidate_2,candidate_5,5,0.028000000000000004
9,candidate_1,candidate_4,candidate_3,candidate_2,candidate_5,5,0.028000000000000004
10,candidate_1,candidate_4,candidate_3,candidate_2,candidate_5,5,0.028000000000000004
11,candidate_1,candidate_4,candidate_3,candidate_2,candidate_5,5,0.028000000000000004
12,candidate_1,candidate_4,candidate_3,candidate_2,candidate_5,5,0.028000000000000004
13,candidate_1,candidate_4,candidate_3,candidate_2,candidate_5,5,0.028000000000000004
14,candidate_1,candidate_4,candidate_3,candidate_2,candidate_5,5,0.028000000000000004
15,candidate_1,candidate_4,candidate_3,candidate_2,candidate_5,5,0.028000000000000004
16,candidate_1,candidate_4,candidate_3,candidate_2,candidate_5,5,0.028000000000000004
17,candidate_1,candidate_4,candidate_3,candidate_2,candidate_5,5,0.028000000000000004
18,candidate_1,candidate_4,candidate_3,candidate_2,candidate_5,5,0.028000000000000004
19,candidate_1,candidate_4,candidate_3,candidate_2,candidate_5,5,0.028000000000000004
20,candidate_1,candidate_4,candidate_3,candidate_2,candidate_5,5,0.028000000000000004
21,candidate_1,candidate_4,candidate_3,candidate_2,candidate_5,5,0.028000000000000004
22,candidate_1,candidate_4,candidate_3,candidate_2,candidate_5,5,0.028000000000000004
23,candidate_1,candidate_4,candidate_3,candidate_2,candidate_5,5,0.028000000000000004
24,candidate_1,candidate_4,candidate_3,candidate_2,candidate_5,5,0.028000000000000004
25,candidate_1,candidate_4,candidate_3,candidate_2,candidate_5,5,0.028000000000000004
26,candidate_1,candidate_4,candidate_3,candidate_2,0,5,0.028000000000000004
27,candidate_1,candidate_4,candidate_3,candidate_2,candidate_5,5,0.028000000000000004
28,candidate_1,candidate_4,candidate_3,candidate_2,candidate_5,5,0.028000000000000004
29,candidate_1,candidate_4,candidate_3,candidate_2,candidate_5,5,0.028000000000000004
30,candidate_1,candidate_4,candidate_3,candidate_2,candidate_5,5,0.028000000000000004
31,candidate_1,candidate_4,candidate_3,candidate_2,candidate_5,5,0.028000000000000004
32,candidate_1,candidate_4,candidate_3,candidate_2,candidate_5,5,0.028000000000000004
33,candidate_1,candidate_4,candidate_3,candidate_2,candidate_5,5,0.028000000000000004
34,candidate_1,candidate_4,candidate_3,candidate_2,candidate_5,5,0.028000000000000004
35,candidate_1,candidate_4,candidate_3,candidate_2,candidate_5,5,0.028000000000000004
36,candidate_1,candidate_4,candidate_3,candidate_2,candidate_5,5,0.028000000000000004
37,candidate_1,candidate_4,candidate_3,candidate_2,candidate_5,5,0.028000000000000004
38,candidate_1,candidate_4,candidate_3,candidate_2,candidate_5,5,0.028000000000000004
39,candidate_1,candidate_4,candidate_3,candidate_2,candidate_5,5,0.028000000000000004
40,candidate_1,candidate_4,candidate_3,candidate_2,candidate_5,5,0.028000000000000004
41,candidate_1,candidate_4,candidate_3,candidate_2,candidate_5,5,0.028000000000000004
42,candidate_1,candidate_4,candidate_3,candidate_2,candidate_5,5,0.028000000000000004
43,candidate_1,candidate_4,candidate_3,candidate_2,candidate_5,5,0.028000000000000004
44,candidate_1,candidate_4,candidate_3,candidate_2,candidate_5,5,0.028000000000000004
45,candidate_1,candidate_4,candidate_3,candidate_2,candidate_5,5,0.028000000000000004
46,candidate_1,candidate_4,candidate_3,candidate_2,candidate_5,5,0.028000000000000004
47,candidate_1,candidate_4,candidate_3,candidate_2,candidate_5,5,0.028000000000000004
48,candidate_1,candidate_4,candidate_3,candidate_2,candidate_5,5,0.028000000000000004
49,candidate_1,candidate_4,candidate_3,candidate_2,candidate_5,5,0.028000000000000004
50,candidate_1,candidate_4,candidate_3,candidate_2,candidate_5,5,0.028000000000000004
51,candidate_1,candidate_4,candidate_3,candidate_2,candidate_5,5,0.028000000000000004
52,candidate_1,candidate_4,candidate_3,0,candidate_5,5,0.028000000000000004
53,candidate_1,candidate_4,candidate_3,candidate_2,candidate_5,5,0.028000000000000004
54,candidate_1,candidate_4,candidate_3,candidate_2,candidate_5,5,0.028000000000000004
55,candidate_1,candidate_4,candidate_3,candidate_2,candidate_5,5,0.028000000000000004
56,candidate_1,candidate_4,candidate_3,candidate_2,candidate_5,5,0.028000000000000004
57,candidate_1,candidate_4,candidate_3,candidate_2,candidate_5,5,0.028000000000000004
58,candidate_1,candidate_4,0,candidate_2,candidate_5,5,0.028000000000000004
59,candidate_1,candidate_4,candidate_3,candidate_2,candidate_5,5,0.028000000000000004
60,candidate_1,candidate_4,candidate_3,candidate_2,candidate_5,5,0.028000000000000004
61,candidate_1,candidate_4,candidate_3,candidate_2,candidate_5,5,0.028000000000000004
62,candidate_1,candidate_4,candidate_3,candidate_2,candidate_5,5,0.028000000000000004
63,candidate_1,candidate_4,candidate_3,candidate_2,candidate_5,5,0.028000000000000004
64,candidate_1,candidate_4,candidate_3,candidate_2,candidate_5,5,0.028000000000000004
65,candidate_1,candidate_4,candidate_3,candidate_2,candidate_5,5,0.028000000000000004
66,candidate_1,candidate_4,candidate_3,candidate_2,candidate_5,5,0.028000000000000004
67,candidate_1,candidate_4,candidate_3,candidate_2,candidate_5,5,0.028000000000000004
68,candidate_1,candidate_4,candidate_3,candidate_2,candidate_5,5,0.028000000000000004
69,candidate_1,candidate_4,candidate_3,candidate_2,candidate_5,5,0.028000000000000004
70,candidate_1,candidate_4,candidate_3,candidate_2,candidate_5,5,0.028000000000000004
71,candidate_1,candidate_4,candidate_3,candidate_2,candidate_5,5,0.028000000000000004
72,candidate_1,0,candidate_3,candidate_2,candidate_5,5,0.028000000000000004
73,candidate_1,candidate_4,candidate_3,candidate_2,candidate_5,5,0.028000000000000004
74,candidate_1,candidate_4,candidate_3,candidate_2,candidate_5,5,0.028000000000000004
75,candidate_1,candidate_4,candidate_3,candidate_2,candidate_5,5,0.028000000000000004
76,candidate_1,candidate_4,candidate_3,candidate_2,candidate_5,5,0.028000000000000004
77,candidate_1,candidate_4,candidate_3,candidate_2,candidate_5,5,0.028000000000000004
78,candidate_1,candidate_4,candidate_3,candidate_2,candidate_5,5,0.028000000000000004
79,candidate_1,candidate_4,candidate_3,candidate_2,candidate_5,5,0.028000000000000004
80,candidate_1,candidate_4,candidate_3,candidate_2,candidate_5,5,0.028000000000000004
81,candidate_1,0,candidate_3,candidate_2,candidate_5,5,0.028000000000000004
82,candidate_1,candidate_4,candidate_3,candidate_2,0,5,0.028000000000000004
83,candidate_1,candidate_4,candidate_3,candidate_2,candidate_5,5,0.028000000000000004
84,candidate_1,candidate_4,candidate_3,candidate_2,candidate_5,5,0.028000000000000004
85,candidate_1,candidate_4,candidate_3,candidate_2,candidate_5,5,0.028000000000000004
86,candidate_1,candidate_4,candidate_3,candidate_2,candidate_5,5,0.028000000000000004
87,candidate_1,candidate_4,candidate_3,candidate_2,candidate_5,5,0.028000000000000004
88,candidate_1,candidate_4,candidate_3,candidate_2,candidate_5,5,0.028000000000000004
89,candidate_1,0,candidate_3,candidate_2,candidate_5,5,0.028000000000000004
90,candidate_1,candidate_4,candidate_3,candidate_2,candidate_5,5,0.028000000000000004
91,candidate_1,candidate_4,candidate_3,candidate_2,candidate_5,5,0.028000000000000004
92,candidate_1,candidate_4,candidate_3,candidate_2,candidate_5,5,0.028000000000000004
93,candidate_1,candidate_4,candidate_3,candidate_2,candidate_5,5,0.028000000000000004
94,candidate_1,candidate_4,candidate_3,candidate_2,candidate_5,5,0.028000000000000004
95,candidate_1,candidate_4,candidate_3,candidate_2,candidate_5,5,0.028000000000000004
96,candidate_1,candidate_4,candidate_3,candidate_2,candidate_5,5,0.028000000000000004
97,candidate_1,candidate_4,candidate_3,0,candidate_5,5,0.028000000000000004
98,candidate_1,candidate_4,candidate_3,candidate_2,candidate_5,5,0.028000000000000004
99,candidate_1,candidate_4,candidate_3,candidate_2,candidate_5,5,0.028000000000000004
100,candidate_1,candidate_4,candidate_3,candidate_2,candidate_5,5,0.028000000000000004
101,candidate_1,candidate_4,candidate_3,candidate_2,candidate_5,5,0.028000000000000004
102,candidate_1,candidate_4,candidate_3,candidate_2,candidate_5,5,0.028000000000000004
103,candidate_1,candidate_4,candidate_3,candidate_2,candidate_5,5,0.028000000000000004
104,candidate_1,candidate_4,candidate_3,0,candidate_5,5,0.028000000000000004
105,candidate_1,candidate_4,candidate_3,candidate_2,candidate_5,5,0.028000000000000004
106,candidate_1,candidate_4,candidate_3,candidate_2,candidate_5,5,0.028000000000000004
107,candidate_1,candidate_4,candidate_3,candidate_2,candidate_5,5,0.028000000000000004
108,candidate_1,candidate_4,candidate_3,candidate_2,candidate_5,5,0.028000000000000004
109,candidate_1,candidate_4,candidate_3,candidate_2,candidate_5,5,0.028000000000000004
110,candidate_1,candidate_4,candidate_3,candidate_2,candidate_5,5,0.028000000000000004
111,candidate_1,candidate_4,candidate_3,candidate_2,candidate_5,5,0.028000000000000004
112,candidate_1,candidate_4,candidate_3,candidate_2,candidate_5,5,0.028000000000000004
113,candidate_1,candidate_4,candidate_3,candidate_2,candidate_5,5,0.028000000000000004
114,candidate_1,candidate_4,candidate_3,candidate_2,candidate_5,5,0.028000000000000004
115,candidate_1,0,candidate_3,candidate_2,candidate_5,5,0.028000000000000004
116,candidate_1,candidate_4,candidate_3,candidate_2,candidate_5,5,0.028000000000000004
117,candidate_1,candidate_4,candidate_3,candidate_2,candidate_5,5,0.028000000000000004
118,candidate_1,candidate_4,candidate_3,candidate_2,candidate_5,5,0.028000000000000004
119,candidate_1,candidate_4,candidate_3,candidate_2,candidate_5,5,0.028000000000000004
120,candidate_1,candidate_4,candidate_3,candidate_2,candidate_5,5,0.028000000000000004
121,candidate_1,candidate_4,candidate_3,candidate_2,candidate_5,5,0.028000000000000004
122,candidate_1,0,candidate_3,candidate_2,candidate_5,5,0.028000000000000004
123,candidate_1,candidate_4,candidate_3,candidate_2,candidate_5,5,0.028000000000000004
124,candidate_1,candidate_4,candidate_3,candidate_2,candidate_5,5,0.028000000000000004
125,candidate_1,candidate_4,candidate_3,candidate_2,candidate_5,5,0.028000000000000004
126,candidate_1,0,candidate_3,candidate_2,0,5,0.028000000000000004
127,candidate_1,candidate_4,candidate_3,candidate_2,candidate_5,5,0.028000000000000004
128,candidate_1,candidate_4,candidate_3,candidate_2,candidate_5,5,0.028000000000000004
129,candidate_1,candidate_4,candidate_3,candidate_2,candidate_5,5,0.028000000000000004
130,candidate_1,candidate_4,candidate_3,candidate_2,candidate_5,5,0.028000000000000004
131,candidate_1,candidate_4,candidate_3,candidate_2,candidate_5,5,0.028000000000000004
132,candidate_1,candidate_4,candidate_3,candidate_2,candidate_5,5,0.028000000000000004
133,candidate_1,candidate_4,candidate_3,candidate_2,candidate_5,5,0.028000000000000004
134,candidate_1,candidate_4,candidate_3,candidate_2,candidate_5,5,0.028000000000000004
135,candidate_1,candidate_4,candidate_3,candidate_2,candidate_5,5,0.028000000000000004
136,candidate_1,candidate_4,candidate_3,candidate_2,candidate_5,5,0.028000000000000004
137,candidate_1,candidate_4,candidate_3,candidate_2,candidate_5,5,0.028000000000000004
138,candidate_1,candidate_4,candidate_3,candidate_2,candidate_5,5,0.028000000000000004
139,candidate_1,candidate_4,candidate_3,candidate_2,candidate_5,5,0.028000000000000004
140,candidate_1,candidate_4,candidate_3,candidate_2,candidate_5,5,0.028000000000000004
141,candidate_1,candidate_4,candidate_3,candidate_2,candidate_5,5,0.028000000000000004
142,candidate_1,candidate_4,candidate_3,candidate_2,candidate_5,5,0.028000000000000004
143,candidate_1,candidate_4,0,candidate_2,candidate_5,5,0.028000000000000004
144,candidate_1,candidate_4,candidate_3,candidate_2,candidate_5,5,0.028000000000000004
145,candidate_1,0,candidate_3,candidate_2,candidate_5,5,0.028000000000000004
146,candidate_1,candidate_4,candidate_3,candidate_2,candidate_5,5,0.028000000000000004
147,candidate_1,candidate_4,candidate_3,candidate_2,candidate_5,5,0.028000000000000004
0,candidate_1,candidate_4,candidate_3,candidate_5,candidate_2,5,0.028000000000000004
1,candidate_1,candidate_4,candidate_3,candidate_5,candidate_2,5,0.028000000000000004
2,candidate_1,candidate_4,candidate_3,candidate_5,candidate_2,5,0.028000000000000004
3,candidate_1,candidate_4,candidate_3,candidate_5,candidate_2,5,0.028000000000000004
4,candidate_1,candidate_4,candidate_3,candidate_5,candidate_2,5,0.028000000000000004
5,candidate_1,0,candidate_3,candidate_5,candidate_2,5,0.028000000000000004
6,candidate_1,candidate_4,candidate_3,candidate_5,candidate_2,5,0.028000000000000004
7,candidate_1,candidate_4,candidate_3,candidate_5,candidate_2,5,0.028000000000000004
8,candidate_1,candidate_4,candidate_3,candidate_5,candidate_2,5,0.028000000000000004
9,candidate_1,candidate_4,candidate_3,candidate_5,candidate_2,5,0.028000000000000004
10,0,candidate_4,candidate_3,candidate_5,candidate_2,5,0.028000000000000004
11,candidate_1,candidate_4,candidate_3,candidate_5,candidate_2,5,0.028000000000000004
12,candidate_1,0,candidate_3,candidate_5,candidate_2,5,0.028000000000000004
13,candidate_1,candidate_4,candidate_3,candidate_5,candidate_2,5,0.028000000000000004
14,candidate_1,candidate_4,candidate_3,candidate_5,candidate_2,5,0.028000000000000004
15,candidate_1,candidate_4,candidate_3,candidate_5,candidate_2,5,0.028000000000000004
16,candidate_1,candidate_4,candidate_3,candidate_5,candidate_2,5,0.028000000000000004
17,candidate_1,candidate_4,candidate_3,candidate_5,candidate_2,5,0.028000000000000004
18,candidate_1,candidate_4,candidate_3,candidate_5,candidate_2,5,0.028000000000000004
19,candidate_1,candidate_4,candidate_3,candidate_5,candidate_2,5,0.028000000000000004
20,candidate_1,candidate_4,candidate_3,candidate_5,candidate_2,5,0.028000000000000004
21,candidate_1,candidate_4,candidate_3,candidate_5,candidate_2,5,0.028000000000000004
22,candidate_1,candidate_4,candidate_3,candidate_5,candidate_2,5,0.028000000000000004
23,candidate_1,candidate_4,0,candidate_5,candidate_2,5,0.028000000000000004
24,candidate_1,candidate_4,candidate_3,candidate_5,candidate_2,5,0.028000000000000004
25,candidate_1,candidate_4,candidate_3,candidate_5,candidate_2,5,0.028000000000000004
26,candidate_1,candidate_4,candidate_3,candidate_5,candidate_2,5,0.028000000000000004
27,0,candidate_4,candidate_3,candidate_5,candidate_2,5,0.028000000000000004
28,candidate_1,candidate_4,candidate_3,candidate_5,candidate_2,5,0.028000000000000004
29,candidate_1,candidate_4,candidate_3,candidate_5,candidate_2,5,0.028000000000000004
30,candidate_1,candidate_4,candidate_3,candidate_5,candidate_2,5,0.028000000000000004
31,candidate_1,candidate_4,candidate_3,candidate_5,candidate_2,5,0.028000000000000004
32,candidate_1,candidate_4,candidate_3,candidate_5,candidate_2,5,0.028000000000000004
33,candidate_1,candidate_4,candidate_3,candidate_5,candidate_2,5,0.028000000000000004
34,candidate_1,candidate_4,candidate_3,candidate_5,candidate_2,5,0.028000000000000004
35,candidate_1,candidate_4,candidate_3,candidate_5,candidate_2,5,0.028000000000000004
36,candidate_1,candidate_4,candidate_3,candidate_5,candidate_2,5,0.028000000000000004
37,candidate_1,candidate_4,candidate_3,candidate_5,candidate_2,5,0.028000000000000004
38,candidate_1,candidate_4,candidate_3,candidate_5,candidate_2,5,0.028000000000000004
39,0,candidate_4,candidate_3,candidate_5,candidate_2,5,0.028000000000000004
40,candidate_1,candidate_4,candidate_3,candidate_5,candidate_2,5,0.028000000000000004
41,candidate_1,candidate_4,candidate_3,candidate_5,candidate_2,5,0.028000000000000004
42,candidate_1,candidate_4,candidate_3,candidate_5,candidate_2,5,0.028000000000000004
43,candidate_1,candidate_4,candidate_3,candidate_5,candidate_2,5,0.028000000000000004
44,candidate_1,candidate_4,candidate_3,candidate_5,candidate_2,5,0.028000000000000004
45,candidate_1,candidate_4,candidate_3,candidate_5,candidate_2,5,0.028000000000000004
46,candidate_1,candidate_4,candidate_3,candidate_5,candidate_2,5,0.028000000000000004
47,candidate_1,candidate_4,candidate_3,candidate_5,candidate_2,5,0.028000000000000004
48,candidate_1,candidate_4,candidate_3,candidate_5,candidate_2,5,0.028000000000000004
49,candidate_1,candidate_4,candidate_3,0,candidate_2,5,0.028000000000000004
50,candidate_1,candidate_4,candidate_3,0,candidate_2,5,0.028000000000000004
51,candidate_1,candidate_4,candidate_3,candidate_5,candidate_2,5,0.028000000000000004
52,candidate_1,candidate_4,candidate_3,candidate_5,candidate_2,5,0.028000000000000004
53,candidate_1,candidate_4,candidate_3,candidate_5,candidate_2,5,0.028000000000000004
54,candidate_1,candidate_4,candidate_3,candidate_5,candidate_2,5,0.028000000000000004
55,candidate_1,candidate_4,candidate_3,candidate_5,candidate_2,5,0.028000000000000004
56,candidate_1,candidate_4,candidate_3,candidate_5,candidate_2,5,0.028000000000000004
57,candidate_1,candidate_4,candidate_3,candidate_5,candidate_2,5,0.028000000000000004
58,candidate_1,candidate_4,candidate_3,candidate_5,candidate_2,5,0.028000000000000004
59,candidate_1,candidate_4,candidate_3,candidate_5,0,5,0.028000000000000004
60,candidate_1,candidate_4,candidate_3,candidate_5,candidate_2,5,0.028000000000000004
61,candidate_1,candidate_4,candidate_3,candidate_5,candidate_2,5,0.028000000000000004
62,candidate_1,candidate_4,candidate_3,candidate_5,candidate_2,5,0.028000000000000004
63,candidate_1,candidate_4,candidate_3,0,candidate_2,5,0.028000000000000004
64,candidate_1,candidate_4,0,candidate_5,candidate_2,5,0.028000000000000004
65,candidate_1,candidate_4,candidate_3,candidate_5,candidate_2,5,0.028000000000000004
66,candidate_1,candidate_4,candidate_3,candidate_5,candidate_2,5,0.028000000000000004
67,candidate_1,candidate_4,candidate_3,candidate_5,candidate_2,5,0.028000000000000004
68,candidate_1,candidate_4,candidate_3,candidate_5,candidate_2,5,0.028000000000000004
69,candidate_1,candidate_4,candidate_3,candidate_5,candidate_2,5,0.028000000000000004
70,candidate_1,candidate_4,candidate_3,candidate_5,candidate_2,5,0.028000000000000004
71,candidate_1,candidate_4,candidate_3,candidate_5,candidate_2,5,0.028000000000000004
72,candidate_1,candidate_4,candidate_3,candidate_5,candidate_2,5,0.028000000000000004
73,candidate_1,candidate_4,candidate_3,candidate_5,candidate_2,5,0.028000000000000004
74,candidate_1,candidate_4,candidate_3,candidate_5,candidate_2,5,0.028000000000000004
75,candidate_1,candidate_4,candidate_3,candidate_5,0,5,0.028000000000000004
76,candidate_1,candidate_4,candidate_3,candidate_5,candidate_2,5,0.028000000000000004
77,candidate_1,candidate_4,candidate_3,candidate_5,candidate_2,5,0.028000000000000004
78,candidate_1,candidate_4,candidate_3,candidate_5,candidate_2,5,0.028000000000000004
79,candidate_1,candidate_4,candidate_3,candidate_5,0,5,0.028000000000000004
80,candidate_1,candidate_4,candidate_3,candidate_5,candidate_2,5,0.028000000000000004
81,candidate_1,candidate_4,candidate_3,candidate_5,candidate_2,5,0.028000000000000004
82,candidate_1,0,candidate_3,candidate_5,candidate_2,5,0.028000000000000004
83,candidate_1,candidate_4,candidate_3,candidate_5,candidate_2,5,0.028000000000000004
84,candidate_1,candidate_4,candidate_3,candidate_5,candidate_2,5,0.028000000000000004
85,candidate_1,candidate_4,candidate_3,candidate_5,candidate_2,5,0.028000000000000004
86,candidate_1,candidate_4,candidate_3,candidate_5,candidate_2,5,0.028000000000000004
87,candidate_1,candidate_4,candidate_3,candidate_5,candidate_2,5,0.028000000000000004
88,candidate_1,candidate_4,candidate_3,candidate_5,candidate_2,5,0.028000000000000004
89,candidate_1,candidate_4,candidate_3,candidate_5,candidate_2,5,0.028000000000000004
90,candidate_1,candidate_4,candidate_3,candidate_5,candidate_2,5,0.028000000000000004
91,candidate_1,candidate_4,candidate_3,candidate_5,candidate_2,5,0.028000000000000004
92,candidate_1,candidate_4,candidate_3,candidate_5,candidate_2,5,0.028000000000000004
93,candidate_1,candidate_4,candidate_3,candidate_5,candidate_2,5,0.028000000000000004
94,candidate_1,candidate_4,candidate_3,candidate_5,candidate_2,5,0.028000000000000004
95,candidate_1,candidate_4,candidate_3,candidate_5,candidate_2,5,0.028000000000000004
96,candidate_1,candidate_4,candidate_3,candidate_5,candidate_2,5,0.028000000000000004
97,candidate_1,candidate_4,candidate_3,candidate_5,candidate_2,5,0.028000000000000004
98,candidate_1,candidate_4,candidate_3,candidate_5,candidate_2,5,0.028000000000000004
99,candidate_1,candidate_4,candidate_3,candidate_5,candidate_2,5,0.028000000000000004
100,candidate_1,candidate_4,candidate_3,candidate_5,candidate_2,5,0.028000000000000004
101,candidate_1,candidate_4,candidate_3,candidate_5,candidate_2,5,0.028000000000000004
102,candidate_1,candidate_4,0,candidate_5,candidate_2,5,0.028000000000000004
103,candidate_1,candidate_4,candidate_3,candidate_5,candidate_2,5,0.028000000000000004
104,candidate_1,candidate_4,candidate_3,candidate_5,candidate_2,5,0.028000000000000004
105,candidate_1,candidate_4,candidate_3,candidate_5,candidate_2,5,0.028000000000000004
106,candidate_1,candidate_4,candidate_3,candidate_5,candidate_2,5,0.028000000000000004
107,candidate_1,candidate_4,candidate_3,candidate_5,candidate_2,5,0.028000000000000004
108,candidate_1,candidate_4,candidate_3,candidate_5,candidate_2,5,0.028000000000000004
109,candidate_1,candidate_4,candidate_3,candidate_5,candidate_2,5,0.028000000000000004
110,0,candidate_4,candidate_3,candidate_5,candidate_2,5,0.028000000000000004
111,candidate_1,0,candidate_3,candidate_5,candidate_2,5,0.028000000000000004
112,candidate_1,candidate_4,candidate_3,candidate_5,candidate_2,5,0.028000000000000004
113,candidate_1,candidate_4,candidate_3,candidate_5,candidate_2,5,0.028000000000000004
114,candidate_1,candidate_4,candidate_3,candidate_5,candidate_2,5,0.028000000000000004
115,candidate_1,candidate_4,candidate_3,candidate_5,candidate_2,5,0.028000000000000004
116,candidate_1,candidate_4,candidate_3,candidate_5,candidate_2,5,0.028000000000000004
117,candidate_1,candidate_4,candidate_3,candidate_5,candidate_2,5,0.028000000000000004
118,candidate_1,candidate_4,candidate_3,candidate_5,candidate_2,5,0.028000000000000004
119,candidate_1,candidate_4,candidate_3,candidate_5,candidate_2,5,0.028000000000000004
120,candidate_1,candidate_4,candidate_3,candidate_5,candidate_2,5,0.028000000000000004
121,candidate_1,candidate_4,candidate_3,candidate_5,candidate_2,5,0.028000000000000004
122,candidate_1,candidate_4,candidate_3,candidate_5,candidate_2,5,0.028000000000000004
123,candidate_1,candidate_4,candidate_3,candidate_5,candidate_2,5,0.028000000000000004
124,candidate_1,candidate_4,candidate_3,candidate_5,candidate_2,5,0.028000000000000004
125,candidate_1,candidate_4,0,candidate_5,candidate_2,5,0.028000000000000004
126,candidate_1,candidate_4,candidate_3,candidate_5,candidate_2,5,0.028000000000000004
127,candidate_1,candidate_4,candidate_3,candidate_5,candidate_2,5,0.028000000000000004
128,candidate_1,candidate_4,candidate_3,candidate_5,candidate_2,5,0.028000000000000004
129,candidate_1,candidate_4,candidate_3,candidate_5,candidate_2,5,0.028000000000000004
130,candidate_1,candidate_4,candidate_3,candidate_5,candidate_2,5,0.028000000000000004
131,candidate_1,candidate_4,candidate_3,candidate_5,candidate_2,5,0.028000000000000004
132,candidate_1,candidate_4,candidate_3,candidate_5,candidate_2,5,0.028000000000000004
133,candidate_1,candidate_4,candidate_3,candidate_5,candidate_2,5,0.028000000000000004
134,candidate_1,candidate_4,candidate_3,candidate_5,candidate_2,5,0.028000000000000004
135,candidate_1,candidate_4,candidate_3,candidate_5,candidate_2,5,0.028000000000000004
136,candidate_1,candidate_4,candidate_3,candidate_5,candidate_2,5,0.028000000000000004
137,candidate_1,candidate_4,candidate_3,candidate_5,candidate_2,5,0.028000000000000004
138,candidate_1,candidate_4,candidate_3,candidate_5,candidate_2,5,0.028000000000000004
139,candidate_1,candidate_4,candidate_3,candidate_5,candidate_2,5,0.028000000000000004
140,candidate_1,candidate_4,candidate_3,candidate_5,candidate_2,5,0.028000000000000004
141,candidate_1,candidate_4,candidate_3,candidate_5,candidate_2,5,0.028000000000000004
142,0,candidate_4,candidate_3,candidate_5,candidate_2,5,0.028000000000000004
143,candidate_1,candidate_4,candidate_3,candidate_5,candidate_2,5,0.028000000000000004
144,candidate_1,candidate_4,candidate_3,candidate_5,candidate_2,5,0.028000000000000004
145,candidate_1,candidate_4,candidate_3,candidate_5,candidate_2,5,0.028000000000000004
146,candidate_1,candidate_4,candidate_3,candidate_5,candidate_2,5,0.028000000000000004
147,candidate_1,candidate_4,candidate_3,candidate_5,candidate_2,5,0.028000000000000004
148,candidate_1,candidate_4,candidate_3,candidate_5,candidate_2,5,0.028000000000000004
149,candidate_1,candidate_4,candidate_3,candidate_5,candidate_2,5,0.028000000000000004
150,candidate_1,candidate_4,candidate_3,candidate_5,0,5,0.028000000000000004
151,candidate_1,candidate_4,candidate_3,candidate_5,candidate_2,5,0.028000000000000004
152,candidate_1,candidate_4,candidate_3,candidate_5,candidate_2,5,0.028000000000000004
153,candidate_1,candidate_4,candidate_3,candidate_5,candidate_2,5,0.028000000000000004
154,candidate_1,candidate_4,candidate_3,candidate_5,candidate_2,5,0.028000000000000004
155,candidate_1,candidate_4,0,candidate_5,candidate_2,5,0.028000000000000004
156,candidate_1,candidate_4,candidate_3,candidate_5,candidate_2,5,0.028000000000000004
157,candidate_1,candidate_4,candidate_3,candidate_5,candidate_2,5,0.028000000000000004
158,candidate_1,candidate_4,candidate_3,candidate_5,candidate_2,5,0.028000000000000004
159,candidate_1,candidate_4,candidate_3,candidate_5,candidate_2,5,0.028000000000000004
160,candidate_1,candidate_4,candidate_3,candidate_5,candidate_2,5,0.028000000000000004
161,0,candidate_4,candidate_3,candidate_5,candidate_2,5,0.028000000000000004
162,0,candidate_4,candidate_3,candidate_5,candidate_2,5,0.028000000000000004
163,candidate_1,candidate_4,candidate_3,candidate_5,candidate_2,5,0.028000000000000004
164,candidate_1,candidate_4,candidate_3,candidate_5,candidate_2,5,0.028000000000000004
165,candidate_1,candidate_4,candidate_3,candidate_5,candidate_2,5,0.028000000000000004
166,candidate_1,candidate_4,candidate_3,candidate_5,candidate_2,5,0.028000000000000004
167,candidate_1,candidate_4,candidate_3,candidate_5,candidate_2,5,0.028000000000000004
168,candidate_1,candidate_4,candidate_3,candidate_5,candidate_2,5,0.028000000000000004
169,candidate_1,candidate_4,candidate_3,candidate_5,candidate_2,5,0.028000000000000004
170,candidate_1,candidate_4,candidate_3,candidate_5,candidate_2,5,0.028000000000000004
171,candidate_1,candidate_4,0,candidate_5,candidate_2,5,0.028000000000000004
172,candidate_1,candidate_4,candidate_3,candidate_5,candidate_2,5,0.028000000000000004
173,candidate_1,candidate_4,candidate_3,candidate_5,candidate_2,5,0.028000000000000004
174,candidate_1,candidate_4,candidate_3,candidate_5,candidate_2,5,0.028000000000000004
175,candidate_1,candidate_4,candidate_3,candidate_5,candidate_2,5,0.028000000000000004
176,candidate_1,candidate_4,candidate_3,candidate_5,candidate_2,5,0.028000000000000004
177,candidate_1,candidate_4,candidate_3,candidate_5,candidate_2,5,0.028000000000000004
178,candidate_1,candidate_4,candidate_3,candidate_5,candidate_2,5,0.028000000000000004
179,candidate_1,candidate_4,candidate_3,candidate_5,candidate_2,5,0.028000000000000004
180,candidate_1,candidate_4,candidate_3,candidate_5,candidate_2,5,0.028000000000000004
181,candidate_1,candidate_4,candidate_3,candidate_5,candidate_2,5,0.028000000000000004
182,candidate_1,candidate_4,candidate_3,candidate_5,candidate_2,5,0.028000000000000004
183,candidate_1,candidate_4,candidate_3,candidate_5,candidate_2,5,0.028000000000000004
184,candidate_1,candidate_4,candidate_3,candidate_5,candidate_2,5,0.028000000000000004
185,candidate_1,candidate_4,candidate_3,candidate_5,candidate_2,5,0.028000000000000004
186,candidate_1,candidate_4,candidate_3,candidate_5,candidate_2,5,0.028000000000000004
187,candidate_1,candidate_4,candidate_3,candidate_5,candidate_2,5,0.028000000000000004
188,candidate_1,candidate_4,candidate_3,candidate_5,candidate_2,5,0.028000000000000004
189,candidate_1,candidate_4,candidate_3,0,candidate_2,5,0.028000000000000004
190,candidate_1,candidate_4,candidate_3,candidate_5,candidate_2,5,0.028000000000000004
191,candidate_1,candidate_4,candidate_3,candidate_5,candidate_2,5,0.028000000000000004
192,candidate_1,candidate_4,candidate_3,candidate_5,candidate_2,5,0.028000000000000004
193,candidate_1,candidate_4,candidate_3,0,candidate_2,5,0.028000000000000004
194,candidate_1,candidate_4,candidate_3,candidate_5,candidate_2,5,0.028000000000000004
195,candidate_1,candidate_4,candidate_3,candidate_5,candidate_2,5,0.028000000000000004
196,candidate_1,candidate_4,candidate_3,candidate_5,0,5,0.028000000000000004
197,candidate_1,candidate_4,0,candidate_5,candidate_2,5,0.028000000000000004
198,0,candidate_4,candidate_3,candidate_5,candidate_2,5,0.028000000000000004
199,candidate_1,candidate_4,0,candidate_5,candidate_2,5,0.028000000000000004
200,candidate_1,candidate_4,candidate_3,candidate_5,candidate_2,5,0.028000000000000004
201,candidate_1,candidate_4,candidate_3,candidate_5,candidate_2,5,0.028000000000000004
202,candidate_1,candidate_4,candidate_3,candidate_5,candidate_2,5,0.028000000000000004
203,candidate_1,candidate_4,candidate_3,candidate_5,candidate_2,5,0.028000000000000004
204,candidate_1,candidate_4,candidate_3,candidate_5,candidate_2,5,0.028000000000000004
205,candidate_1,candidate_4,candidate_3,candidate_5,candidate_2,5,0.028000000000000004
206,candidate_1,candidate_4,candidate_3,candidate_5,candidate_2,5,0.028000000000000004
207,candidate_1,candidate_4,candidate_3,candidate_5,candidate_2,5,0.028000000000000004
208,candidate_1,candidate_4,candidate_3,candidate_5,candidate_2,5,0.028000000000000004
209,candidate_1,candidate_4,0,0,candidate_2,5,0.028000000000000004
210,candidate_1,candidate_4,candidate_3,candidate_5,candidate_2,5,0.028000000000000004
211,candidate_1,candidate_4,candidate_3,candidate_5,candidate_2,5,0.028000000000000004
212,candidate_1,candidate_4,candidate_3,candidate_5,candidate_2,5,0.028000000000000004
213,candidate_1,candidate_4,candidate_3,candidate_5,candidate_2,5,0.028000000000000004
214,candidate_1,candidate_4,candidate_3,candidate_5,candidate_2,5,0.028000000000000004
215,candidate_1,candidate_4,candidate_3,candidate_5,candidate_2,5,0.028000000000000004
216,candidate_1,candidate_4,candidate_3,candidate_5,candidate_2,5,0.028000000000000004
217,candidate_1,candidate_4,candidate_3,candidate_5,candidate_2,5,0.028000000000000004
218,candidate_1,candidate_4,candidate_3,candidate_5,candidate_2,5,0.028000000000000004
219,candidate_1,candidate_4,candidate_3,0,candidate_2,5,0.028000000000000004
220,candidate_1,candidate_4,0,candidate_5,candidate_2,5,0.028000000000000004
221,candidate_1,candidate_4,candidate_3,candidate_5,candidate_2,5,0.028000000000000004
222,candidate_1,candidate_4,candidate_3,candidate_5,candidate_2,5,0.028000000000000004
223,candidate_1,candidate_4,candidate_3,candidate_5,candidate_2,5,0.028000000000000004
224,candidate_1,candidate_4,candidate_3,candidate_5,candidate_2,5,0.028000000000000004
225,candidate_1,candidate_4,candidate_3,0,candidate_2,5,0.028000000000000004
226,candidate_1,candidate_4,candidate_3,candidate_5,candidate_2,5,0.028000000000000004
227,candidate_1,candidate_4,candidate_3,candidate_5,candidate_2,5,0.028000000000000004
228,candidate_1,candidate_4,candidate_3,candidate_5,candidate_2,5,0.028000000000000004
229,candidate_1,candidate_4,candidate_3,candidate_5,candidate_2,5,0.028000000000000004
230,candidate_1,candidate_4,candidate_3,candidate_5,candidate_2,5,0.028000000000000004
231,candidate_1,candidate_4,candidate_3,candidate_5,candidate_2,5,0.028000000000000004
232,candidate_1,candidate_4,candidate_3,candidate_5,candidate_2,5,0.028000000000000004
233,candidate_1,candidate_4,candidate_3,candidate_5,candidate_2,5,0.028000000000000004
234,candidate_1,candidate_4,candidate_3,candidate_5,candidate_2,5,0.028000000000000004
235,candidate_1,candidate_4,candidate_3,candidate_5,candidate_2,5,0.028000000000000004
236,candidate_1,candidate_4,candidate_3,candidate_5,candidate_2,5,0.028000000000000004
237,candidate_1,candidate_4,candidate_3,candidate_5,candidate_2,5,0.028000000000000004
238,candidate_1,candidate_4,candidate_3,candidate_5,candidate_2,5,0.028000000000000004
239,candidate_1,0,candidate_3,candidate_5,candidate_2,5,0.028000000000000004
240,candidate_1,candidate_4,candidate_3,candidate_5,candidate_2,5,0.028000000000000004
241,0,candidate_4,candidate_3,candidate_5,candidate_2,5,0.028000000000000004
242,candidate_1,candidate_4,candidate_3,candidate_5,candidate_2,5,0.028000000000000004
243,candidate_1,candidate_4,candidate_3,candidate_5,candidate_2,5,0.028000000000000004
244,candidate_1,candidate_4,candidate_3,candidate_5,candidate_2,5,0.028000000000000004
245,candidate_1,candidate_4,candidate_3,candidate_5,candidate_2,5,0.028000000000000004
246,candidate_1,candidate_4,0,candidate_5,candidate_2,5,0.028000000000000004
247,candidate_1,candidate_4,candidate_3,candidate_5,candidate_2,5,0.028000000000000004
248,candidate_1,candidate_4,candidate_3,candidate_5,candidate_2,5,0.028000000000000004
249,candidate_1,candidate_4,candidate_3,candidate_5,candidate_2,5,0.028000000000000004
250,candidate_1,candidate_4,candidate_3,0,candidate_2,5,0.028000000000000004
251,candidate_1,0,candidate_3,candidate_5,candidate_2,5,0.028000000000000004
252,candidate_1,candidate_4,candidate_3,candidate_5,candidate_2,5,0.028000000000000004
253,candidate_1,0,candidate_3,candidate_5,candidate_2,5,0.028000000000000004
254,candidate_1,candidate_4,candidate_3,candidate_5,candidate_2,5,0.028000000000000004
255,candidate_1,candidate_4,candidate_3,candidate_5,candidate_2,5,0.028000000000000004
256,candidate_1,candidate_4,candidate_3,candidate_5,candidate_2,5,0.028000000000000004
257,candidate_1,candidate_4,candidate_3,candidate_5,candidate_2,5,0.028000000000000004
258,candidate_1,candidate_4,candidate_3,candidate_5,candidate_2,5,0.028000000000000004
259,candidate_1,candidate_4,candidate_3,candidate_5,candidate_2,5,0.028000000000000004
260,candidate_1,candidate_4,candidate_3,candidate_5,candidate_2,5,0.028000000000000004
261,candidate_1,candidate_4,candidate_3,candidate_5,candidate_2,5,0.028000000000000004
262,candidate_1,candidate_4,0,candidate_5,candidate_2,5,0.028000000000000004
263,candidate_1,candidate_4,candidate_3,candidate_5,candidate_2,5,0.028000000000000004
264,candidate_1,candidate_4,candidate_3,0,candidate_2,5,0.028000000000000004
265,candidate_1,candidate_4,candidate_3,candidate_5,candidate_2,5,0.028000000000000004
266,candidate_1,candidate_4,candidate_3,candidate_5,candidate_2,5,0.028000000000000004
267,candidate_1,candidate_4,candidate_3,candidate_5,candidate_2,5,0.028000000000000004
268,candidate_1,candidate_4,candidate_3,candidate_5,candidate_2,5,0.028000000000000004
269,candidate_1,candidate_4,candidate_3,0,candidate_2,5,0.028000000000000004
270,candidate_1,candidate_4,candidate_3,candidate_5,candidate_2,5,0.028000000000000004
271,candidate_1,candidate_4,candidate_3,candidate_5,candidate_2,5,0.028000000000000004
272,candidate_1,candidate_4,candidate_3,candidate_5,candidate_2,5,0.028000000000000004
273,candidate_1,candidate_4,0,candidate_5,candidate_2,5,0.028000000000000004
274,candidate_1,candidate_4,candidate_3,candidate_5,candidate_2,5,0.028000000000000004
275,candidate_1,candidate_4,candidate_3,candidate_5,candidate_2,5,0.028000000000000004
276,candidate_1,candidate_4,0,candidate_5,candidate_2,5,0.028000000000000004
0,candidate_1,candidate_4,candidate_5,candidate_2,candidate_3,5,0.028000000000000004
1,candidate_1,candidate_4,candidate_5,candidate_2,candidate_3,5,0.028000000000000004
2,candidate_1,candidate_4,candidate_5,candidate_2,candidate_3,5,0.028000000000000004
3,candidate_1,candidate_4,candidate_5,candidate_2,candidate_3,5,0.028000000000000004
4,candidate_1,candidate_4,candidate_5,candidate_2,candidate_3,5,0.028000000000000004
5,candidate_1,candidate_4,candidate_5,candidate_2,candidate_3,5,0.028000000000000004
6,candidate_1,candidate_4,candidate_5,candidate_2,candidate_3,5,0.028000000000000004
7,candidate_1,candidate_4,candidate_5,candidate_2,candidate_3,5,0.028000000000000004
8,candidate_1,candidate_4,candidate_5,candidate_2,candidate_3,5,0.028000000000000004
9,candidate_1,candidate_4,candidate_5,candidate_2,candidate_3,5,0.028000000000000004
10,candidate_1,candidate_4,candidate_5,candidate_2,candidate_3,5,0.028000000000000004
11,candidate_1,candidate_4,candidate_5,candidate_2,candidate_3,5,0.028000000000000004
12,candidate_1,candidate_4,candidate_5,candidate_2,candidate_3,5,0.028000000000000004
13,candidate_1,candidate_4,candidate_5,candidate_2,candidate_3,5,0.028000000000000004
14,candidate_1,candidate_4,candidate_5,candidate_2,candidate_3,5,0.028000000000000004
15,candidate_1,candidate_4,candidate_5,candidate_2,candidate_3,5,0.028000000000000004
16,candidate_1,candidate_4,candidate_5,candidate_2,candidate_3,5,0.028000000000000004
17,candidate_1,0,candidate_5,candidate_2,candidate_3,5,0.028000000000000004
18,candidate_1,candidate_4,candidate_5,candidate_2,0,5,0.028000000000000004
19,candidate_1,candidate_4,candidate_5,candidate_2,candidate_3,5,0.028000000000000004
20,candidate_1,candidate_4,candidate_5,candidate_2,candidate_3,5,0.028000000000000004
21,candidate_1,candidate_4,candidate_5,candidate_2,candidate_3,5,0.028000000000000004
22,candidate_1,candidate_4,candidate_5,0,candidate_3,5,0.028000000000000004
23,candidate_1,candidate_4,candidate_5,candidate_2,candidate_3,5,0.028000000000000004
24,candidate_1,candidate_4,candidate_5,candidate_2,candidate_3,5,0.028000000000000004
25,candidate_1,candidate_4,candidate_5,candidate_2,candidate_3,5,0.028000000000000004
26,candidate_1,candidate_4,candidate_5,candidate_2,candidate_3,5,0.028000000000000004
27,candidate_1,candidate_4,candidate_5,candidate_2,candidate_3,5,0.028000000000000004
28,candidate_1,candidate_4,candidate_5,candidate_2,candidate_3,5,0.028000000000000004
29,candidate_1,candidate_4,candidate_5,candidate_2,candidate_3,5,0.028000000000000004
30,candidate_1,candidate_4,candidate_5,candidate_2,candidate_3,5,0.028000000000000004
31,candidate_1,candidate_4,candidate_5,candidate_2,candidate_3,5,0.028000000000000004
32,candidate_1,candidate_4,candidate_5,candidate_2,candidate_3,5,0.028000000000000004
33,candidate_1,candidate_4,candidate_5,candidate_2,candidate_3,5,0.028000000000000004
34,candidate_1,candidate_4,candidate_5,candidate_2,candidate_3,5,0.028000000000000004
35,candidate_1,candidate_4,candidate_5,candidate_2,candidate_3,5,0.028000000000000004
36,candidate_1,candidate_4,candidate_5,candidate_2,candidate_3,5,0.028000000000000004
37,candidate_1,candidate_4,candidate_5,candidate_2,candidate_3,5,0.028000000000000004
38,candidate_1,candidate_4,candidate_5,candidate_2,candidate_3,5,0.028000000000000004
39,candidate_1,candidate_4,candidate_5,candidate_2,candidate_3,5,0.028000000000000004
40,candidate_1,candidate_4,candidate_5,candidate_2,candidate_3,5,0.028000000000000004
41,candidate_1,candidate_4,candidate_5,candidate_2,candidate_3,5,0.028000000000000004
42,candidate_1,candidate_4,candidate_5,candidate_2,candidate_3,5,0.028000000000000004
43,candidate_1,candidate_4,candidate_5,candidate_2,candidate_3,5,0.028000000000000004
44,candidate_1,candidate_4,0,candidate_2,candidate_3,5,0.028000000000000004
45,candidate_1,candidate_4,candidate_5,candidate_2,candidate_3,5,0.028000000000000004
46,candidate_1,candidate_4,candidate_5,candidate_2,candidate_3,5,0.028000000000000004
47,candidate_1,candidate_4,candidate_5,candidate_2,candidate_3,5,0.028000000000000004
48,candidate_1,candidate_4,candidate_5,candidate_2,candidate_3,5,0.028000000000000004
49,candidate_1,candidate_4,candidate_5,candidate_2,candidate_3,5,0.028000000000000004
50,candidate_1,candidate_4,candidate_5,candidate_2,0,5,0.028000000000000004
51,candidate_1,candidate_4,candidate_5,0,candidate_3,5,0.028000000000000004
52,candidate_1,candidate_4,candidate_5,candidate_2,candidate_3,5,0.028000000000000004
53,candidate_1,candidate_4,candidate_5,0,candidate_3,5,0.028000000000000004
54,candidate_1,candidate_4,candidate_5,candidate_2,candidate_3,5,0.028000000000000004
55,candidate_1,candidate_4,candidate_5,candidate_2,0,5,0.028000000000000004
56,candidate_1,candidate_4,0,candidate_2,candidate_3,5,0.028000000000000004
57,candidate_1,candidate_4,candidate_5,candidate_2,candidate_3,5,0.028000000000000004
58,candidate_1,candidate_4,candidate_5,candidate_2,candidate_3,5,0.028000000000000004
59,candidate_1,candidate_4,candidate_5,candidate_2,candidate_3,5,0.028000000000000004
60,candidate_1,candidate_4,candidate_5,candidate_2,candidate_3,5,0.028000000000000004
61,candidate_1,candidate_4,candidate_5,candidate_2,candidate_3,5,0.028000000000000004
62,candidate_1,candidate_4,candidate_5,candidate_2,candidate_3,5,0.028000000000000004
63,candidate_1,candidate_4,candidate_5,candidate_2,candidate_3,5,0.028000000000000004
64,candidate_1,candidate_4,candidate_5,candidate_2,candidate_3,5,0.028000000000000004
65,candidate_1,candidate_4,candidate_5,candidate_2,candidate_3,5,0.028000000000000004
66,candidate_1,candidate_4,candidate_5,candidate_2,candidate_3,5,0.028000000000000004
67,candidate_1,candidate_4,candidate_5,candidate_2,candidate_3,5,0.028000000000000004
68,candidate_1,candidate_4,candidate_5,0,candidate_3,5,0.028000000000000004
69,candidate_1,candidate_4,candidate_5,candidate_2,0,5,0.028000000000000004
70,candidate_1,candidate_4,candidate_5,candidate_2,candidate_3,5,0.028000000000000004
71,candidate_1,candidate_4,candidate_5,candidate_2,candidate_3,5,0.028000000000000004
72,candidate_1,candidate_4,0,candidate_2,candidate_3,5,0.028000000000000004
73,candidate_1,0,candidate_5,candidate_2,candidate_3,5,0.028000000000000004
74,candidate_1,candidate_4,candidate_5,candidate_2,candidate_3,5,0.028000000000000004
75,candidate_1,candidate_4,candidate_5,candidate_2,candidate_3,5,0.028000000000000004
76,candidate_1,candidate_4,candidate_5,candidate_2,candidate_3,5,0.028000000000000004
77,candidate_1,candidate_4,candidate_5,candidate_2,candidate_3,5,0.028000000000000004
78,candidate_1,0,candidate_5,candidate_2,candidate_3,5,0.028000000000000004
79,candidate_1,candidate_4,candidate_5,candidate_2,candidate_3,5,0.028000000000000004
80,candidate_1,candidate_4,candidate_5,candidate_2,candidate_3,5,0.028000000000000004
81,0,candidate_4,candidate_5,candidate_2,candidate_3,5,0.028000000000000004
82,candidate_1,0,candidate_5,candidate_2,candidate_3,5,0.028000000000000004
83,candidate_1,candidate_4,candidate_5,candidate_2,candidate_3,5,0.028000000000000004
84,candidate_1,candidate_4,candidate_5,0,candidate_3,5,0.028000000000000004
85,candidate_1,candidate_4,candidate_5,candidate_2,candidate_3,5,0.028000000000000004
86,candidate_1,candidate_4,candidate_5,candidate_2,candidate_3,5,0.028000000000000004
87,0,candidate_4,candidate_5,candidate_2,candidate_3,5,0.028000000000000004
88,candidate_1,candidate_4,candidate_5,candidate_2,candidate_3,5,0.028000000000000004
89,candidate_1,candidate_4,candidate_5,candidate_2,candidate_3,5,0.028000000000000004
90,candidate_1,candidate_4,candidate_5,candidate_2,candidate_3,5,0.028000000000000004
91,candidate_1,candidate_4,candidate_5,candidate_2,candidate_3,5,0.028000000000000004
92,candidate_1,candidate_4,candidate_5,candidate_2,candidate_3,5,0.028000000000000004
93,candidate_1,candidate_4,candidate_5,candidate_2,candidate_3,5,0.028000000000000004
94,0,candidate_4,candidate_5,candidate_2,candidate_3,5,0.028000000000000004
95,candidate_1,candidate_4,candidate_5,candidate_2,candidate_3,5,0.028000000000000004
96,candidate_1,candidate_4,candidate_5,candidate_2,candidate_3,5,0.028000000000000004
97,candidate_1,candidate_4,candidate_5,candidate_2,candidate_3,5,0.028000000000000004
98,candidate_1,candidate_4,candidate_5,candidate_2,candidate_3,5,0.028000000000000004
99,candidate_1,candidate_4,candidate_5,candidate_2,candidate_3,5,0.028000000000000004
100,candidate_1,candidate_4,candidate_5,candidate_2,candidate_3,5,0.028000000000000004
101,candidate_1,candidate_4,candidate_5,candidate_2,candidate_3,5,0.028000000000000004
102,candidate_1,candidate_4,candidate_5,candidate_2,candidate_3,5,0.028000000000000004
103,candidate_1,candidate_4,candidate_5,0,candidate_3,5,0.028000000000000004
104,candidate_1,candidate_4,candidate_5,candidate_2,candidate_3,5,0.028000000000000004
105,candidate_1,candidate_4,candidate_5,candidate_2,0,5,0.028000000000000004
106,candidate_1,candidate_4,candidate_5,candidate_2,candidate_3,5,0.028000000000000004
107,candidate_1,candidate_4,candidate_5,candidate_2,candidate_3,5,0.028000000000000004
108,candidate_1,candidate_4,candidate_5,candidate_2,candidate_3,5,0.028000000000000004
109,candidate_1,candidate_4,candidate_5,candidate_2,candidate_3,5,0.028000000000000004
110,candidate_1,candidate_4,candidate_5,candidate_2,candidate_3,5,0.028000000000000004
111,candidate_1,candidate_4,candidate_5,candidate_2,0,5,0.028000000000000004
112,candidate_1,candidate_4,candidate_5,candidate_2,0,5,0.028000000000000004
113,candidate_1,candidate_4,candidate_5,candidate_2,candidate_3,5,0.028000000000000004
114,candidate_1,candidate_4,candidate_5,candidate_2,candidate_3,5,0.028000000000000004
115,candidate_1,candidate_4,candidate_5,candidate_2,candidate_3,5,0.028000000000000004
116,candidate_1,candidate_4,candidate_5,0,candidate_3,5,0.028000000000000004
117,candidate_1,candidate_4,candidate_5,candidate_2,candidate_3,5,0.028000000000000004
118,candidate_1,candidate_4,candidate_5,candidate_2,candidate_3,5,0.028000000000000004
119,candidate_1,candidate_4,candidate_5,candidate_2,candidate_3,5,0.028000000000000004
120,candidate_1,candidate_4,0,candidate_2,candidate_3,5,0.028000000000000004
121,candidate_1,candidate_4,candidate_5,candidate_2,candidate_3,5,0.028000000000000004
122,candidate_1,candidate_4,candidate_5,0,candidate_3,5,0.028000000000000004
123,0,candidate_4,candidate_5,candidate_2,candidate_3,5,0.028000000000000004
124,candidate_1,candidate_4,candidate_5,candidate_2,candidate_3,5,0.028000000000000004
125,candidate_1,candidate_4,candidate_5,candidate_2,candidate_3,5,0.028000000000000004
126,candidate_1,candidate_4,candidate_5,candidate_2,candidate_3,5,0.028000000000000004
127,candidate_1,candidate_4,candidate_5,candidate_2,candidate_3,5,0.028000000000000004
128,candidate_1,candidate_4,candidate_5,candidate_2,candidate_3,5,0.028000000000000004
129,candidate_1,candidate_4,candidate_5,candidate_2,candidate_3,5,0.028000000000000004
130,candidate_1,candidate_4,candidate_5,candidate_2,candidate_3,5,0.028000000000000004
131,candidate_1,candidate_4,candidate_5,candidate_2,candidate_3,5,0.028000000000000004
132,candidate_1,candidate_4,candidate_5,candidate_2,candidate_3,5,0.028000000000000004
133,candidate_1,0,candidate_5,candidate_2,candidate_3,5,0.028000000000000004
134,candidate_1,candidate_4,candidate_5,candidate_2,candidate_3,5,0.028000000000000004
135,candidate_1,candidate_4,candidate_5,candidate_2,candidate_3,5,0.028000000000000004
136,candidate_1,candidate_4,candidate_5,candidate_2,candidate_3,5,0.028000000000000004
137,candidate_1,candidate_4,candidate_5,candidate_2,candidate_3,5,0.028000000000000004
138,candidate_1,candidate_4,candidate_5,candidate_2,candidate_3,5,0.028000000000000004
139,candidate_1,candidate_4,candidate_5,candidate_2,candidate_3,5,0.028000000000000004
140,candidate_1,candidate_4,candidate_5,candidate_2,candidate_3,5,0.028000000000000004
141,candidate_1,candidate_4,candidate_5,candidate_2,candidate_3,5,0.028000000000000004
142,candidate_1,candidate_4,candidate_5,candidate_2,candidate_3,5,0.028000000000000004
143,candidate_1,candidate_4,candidate_5,candidate_2,candidate_3,5,0.028000000000000004
144,candidate_1,candidate_4,candidate_5,candidate_2,candidate_3,5,0.028000000000000004
145,candidate_1,candidate_4,candidate_5,candidate_2,candidate_3,5,0.028000000000000004
146,candidate_1,candidate_4,candidate_5,candidate_2,candidate_3,5,0.028000000000000004
147,candidate_1,candidate_4,candidate_5,candidate_2,candidate_3,5,0.028000000000000004
148,candidate_1,candidate_4,candidate_5,candidate_2,candidate_3,5,0.028000000000000004
149,candidate_1,candidate_4,candidate_5,candidate_2,candidate_3,5,0.028000000000000004
150,candidate_1,candidate_4,candidate_5,0,candidate_3,5,0.028000000000000004
151,candidate_1,candidate_4,candidate_5,candidate_2,candidate_3,5,0.028000000000000004
152,candidate_1,candidate_4,candidate_5,candidate_2,candidate_3,5,0.028000000000000004
153,candidate_1,candidate_4,candidate_5,candidate_2,candidate_3,5,0.028000000000000004
154,candidate_1,candidate_4,candidate_5,candidate_2,candidate_3,5,0.028000000000000004
155,candidate_1,candidate_4,candidate_5,candidate_2,candidate_3,5,0.028000000000000004
156,candidate_1,candidate_4,candidate_5,candidate_2,candidate_3,5,0.028000000000000004
157,candidate_1,candidate_4,candidate_5,candidate_2,candidate_3,5,0.028000000000000004
158,candidate_1,candidate_4,candidate_5,0,candidate_3,5,0.028000000000000004
159,candidate_1,candidate_4,candidate_5,candidate_2,candidate_3,5,0.028000000000000004
160,candidate_1,candidate_4,candidate_5,candidate_2,candidate_3,5,0.028000000000000004
161,candidate_1,candidate_4,candidate_5,candidate_2,0,5,0.028000000000000004
162,candidate_1,candidate_4,candidate_5,candidate_2,candidate_3,5,0.028000000000000004
163,candidate_1,candidate_4,candidate_5,candidate_2,candidate_3,5,0.028000000000000004
164,candidate_1,candidate_4,candidate_5,candidate_2,candidate_3,5,0.028000000000000004
165,candidate_1,candidate_4,candidate_5,candidate_2,candidate_3,5,0.028000000000000004
166,candidate_1,candidate_4,candidate_5,candidate_2,0,5,0.028000000000000004
167,0,candidate_4,candidate_5,candidate_2,candidate_3,5,0.028000000000000004
168,0,candidate_4,candidate_5,0,candidate_3,5,0.028000000000000004
169,candidate_1,candidate_4,candidate_5,candidate_2,candidate_3,5,0.028000000000000004
170,candidate_1,candidate_4,candidate_5,candidate_2,candidate_3,5,0.028000000000000004
171,candidate_1,0,candidate_5,candidate_2,candidate_3,5,0.028000000000000004
172,candidate_1,candidate_4,candidate_5,candidate_2,candidate_3,5,0.028000000000000004
173,candidate_1,candidate_4,candidate_5,candidate_2,candidate_3,5,0.028000000000000004
174,candidate_1,candidate_4,candidate_5,candidate_2,candidate_3,5,0.028000000000000004
175,candidate_1,candidate_4,candidate_5,0,candidate_3,5,0.028000000000000004
176,candidate_1,candidate_4,candidate_5,candidate_2,candidate_3,5,0.028000000000000004
177,candidate_1,candidate_4,candidate_5,candidate_2,candidate_3,5,0.028000000000000004
178,candidate_1,candidate_4,candidate_5,candidate_2,candidate_3,5,0.028000000000000004
179,candidate_1,candidate_4,candidate_5,candidate_2,candidate_3,5,0.028000000000000004
180,candidate_1,candidate_4,candidate_5,candidate_2,candidate_3,5,0.028000000000000004
181,candidate_1,candidate_4,candidate_5,candidate_2,candidate_3,5,0.028000000000000004
182,candidate_1,candidate_4,candidate_5,candidate_2,candidate_3,5,0.028000000000000004
183,candidate_1,candidate_4,candidate_5,candidate_2,candidate_3,5,0.028000000000000004
184,candidate_1,candidate_4,candidate_5,candidate_2,candidate_3,5,0.028000000000000004
185,candidate_1,candidate_4,candidate_5,candidate_2,candidate_3,5,0.028000000000000004
186,candidate_1,candidate_4,candidate_5,candidate_2,candidate_3,5,0.028000000000000004
187,candidate_1,candidate_4,candidate_5,candidate_2,candidate_3,5,0.028000000000000004
188,candidate_1,candidate_4,candidate_5,candidate_2,candidate_3,5,0.028000000000000004
189,candidate_1,candidate_4,candidate_5,candidate_2,candidate_3,5,0.028000000000000004
190,candidate_1,candidate_4,candidate_5,candidate_2,candidate_3,5,0.028000000000000004
191,candidate_1,candidate_4,candidate_5,candidate_2,candidate_3,5,0.028000000000000004
192,candidate_1,candidate_4,candidate_5,0,candidate_3,5,0.028000000000000004
193,candidate_1,candidate_4,candidate_5,candidate_2,candidate_3,5,0.028000000000000004
194,candidate_1,candidate_4,candidate_5,candidate_2,candidate_3,5,0.028000000000000004
195,candidate_1,candidate_4,candidate_5,candidate_2,candidate_3,5,0.028000000000000004
196,candidate_1,candidate_4,candidate_5,candidate_2,0,5,0.028000000000000004
197,candidate_1,candidate_4,candidate_5,candidate_2,candidate_3,5,0.028000000000000004
198,candidate_1,candidate_4,candidate_5,candidate_2,candidate_3,5,0.028000000000000004
199,candidate_1,candidate_4,candidate_5,candidate_2,candidate_3,5,0.028000000000000004
200,candidate_1,candidate_4,candidate_5,candidate_2,candidate_3,5,0.028000000000000004
201,candidate_1,candidate_4,candidate_5,candidate_2,candidate_3,5,0.028000000000000004
202,candidate_1,candidate_4,candidate_5,candidate_2,candidate_3,5,0.028000000000000004
0,candidate_1,0,candidate_5,candidate_3,candidate_2,5,0.028000000000000004
1,candidate_1,candidate_4,candidate_5,candidate_3,candidate_2,5,0.028000000000000004
2,candidate_1,candidate_4,candidate_5,candidate_3,candidate_2,5,0.028000000000000004
3,candidate_1,candidate_4,candidate_5,candidate_3,candidate_2,5,0.028000000000000004
4,candidate_1,candidate_4,candidate_5,candidate_3,candidate_2,5,0.028000000000000004
5,candidate_1,candidate_4,candidate_5,candidate_3,candidate_2,5,0.028000000000000004
6,candidate_1,candidate_4,candidate_5,candidate_3,candidate_2,5,0.028000000000000004
7,candidate_1,candidate_4,candidate_5,candidate_3,candidate_2,5,0.028000000000000004
8,candidate_1,candidate_4,candidate_5,candidate_3,candidate_2,5,0.028000000000000004
9,candidate_1,candidate_4,candidate_5,candidate_3,candidate_2,5,0.028000000000000004
10,candidate_1,candidate_4,candidate_5,candidate_3,candidate_2,5,0.028000000000000004
11,candidate_1,candidate_4,candidate_5,candidate_3,candidate_2,5,0.028000000000000004
12,candidate_1,candidate_4,candidate_5,candidate_3,candidate_2,5,0.028000000000000004
13,candidate_1,candidate_4,candidate_5,candidate_3,candidate_2,5,0.028000000000000004
14,candidate_1,candidate_4,candidate_5,candidate_3,candidate_2,5,0.028000000000000004
15,candidate_1,candidate_4,candidate_5,candidate_3,candidate_2,5,0.028000000000000004
16,candidate_1,candidate_4,candidate_5,candidate_3,candidate_2,5,0.028000000000000004
17,candidate_1,candidate_4,candidate_5,candidate_3,candidate_2,5,0.028000000000000004
18,candidate_1,candidate_4,candidate_5,candidate_3,candidate_2,5,0.028000000000000004
19,candidate_1,candidate_4,candidate_5,candidate_3,candidate_2,5,0.028000000000000004
20,candidate_1,candidate_4,candidate_5,candidate_3,candidate_2,5,0.028000000000000004
21,candidate_1,candidate_4,candidate_5,candidate_3,candidate_2,5,0.028000000000000004
22,candidate_1,candidate_4,candidate_5,candidate_3,candidate_2,5,0.028000000000000004
23,candidate_1,candidate_4,candidate_5,candidate_3,candidate_2,5,0.028000000000000004
24,candidate_1,candidate_4,candidate_5,candidate_3,candidate_2,5,0.028000000000000004
25,candidate_1,candidate_4,candidate_5,candidate_3,candidate_2,5,0.028000000000000004
26,candidate_1,candidate_4,candidate_5,candidate_3,candidate_2,5,0.028000000000000004
27,candidate_1,candidate_4,candidate_5,candidate_3,candidate_2,5,0.028000000000000004
28,candidate_1,candidate_4,candidate_5,candidate_3,candidate_2,5,0.028000000000000004
29,candidate_1,candidate_4,candidate_5,candidate_3,candidate_2,5,0.028000000000000004
30,candidate_1,candidate_4,candidate_5,candidate_3,candidate_2,5,0.028000000000000004
31,candidate_1,candidate_4,candidate_5,candidate_3,candidate_2,5,0.028000000000000004
32,candidate_1,candidate_4,candidate_5,candidate_3,candidate_2,5,0.028000000000000004
33,candidate_1,candidate_4,candidate_5,candidate_3,candidate_2,5,0.028000000000000004
34,candidate_1,candidate_4,candidate_5,candidate_3,candidate_2,5,0.028000000000000004
35,candidate_1,candidate_4,candidate_5,candidate_3,candidate_2,5,0.028000000000000004
36,candidate_1,candidate_4,candidate_5,candidate_3,candidate_2,5,0.028000000000000004
37,candidate_1,candidate_4,candidate_5,candidate_3,candidate_2,5,0.028000000000000004
38,candidate_1,candidate_4,candidate_5,candidate_3,candidate_2,5,0.028000000000000004
39,candidate_1,candidate_4,candidate_5,candidate_3,candidate_2,5,0.028000000000000004
40,candidate_1,candidate_4,candidate_5,candidate_3,candidate_2,5,0.028000000000000004
41,candidate_1,candidate_4,candidate_5,candidate_3,candidate_2,5,0.028000000000000004
42,candidate_1,candidate_4,candidate_5,candidate_3,candidate_2,5,0.028000000000000004
43,candidate_1,candidate_4,candidate_5,candidate_3,candidate_2,5,0.028000000000000004
44,candidate_1,candidate_4,candidate_5,candidate_3,candidate_2,5,0.028000000000000004
45,candidate_1,candidate_4,candidate_5,candidate_3,candidate_2,5,0.028000000000000004
46,candidate_1,candidate_4,candidate_5,candidate_3,candidate_2,5,0.028000000000000004
47,candidate_1,candidate_4,candidate_5,candidate_3,candidate_2,5,0.028000000000000004
48,candidate_1,candidate_4,candidate_5,candidate_3,candidate_2,5,0.028000000000000004
49,candidate_1,candidate_4,candidate_5,candidate_3,candidate_2,5,0.028000000000000004
50,candidate_1,candidate_4,candidate_5,candidate_3,candidate_2,5,0.028000000000000004
51,candidate_1,candidate_4,candidate_5,0,candidate_2,5,0.028000000000000004
52,candidate_1,0,candidate_5,candidate_3,candidate_2,5,0.028000000000000004
53,candidate_1,candidate_4,candidate_5,candidate_3,candidate_2,5,0.028000000000000004
54,candidate_1,candidate_4,candidate_5,candidate_3,candidate_2,5,0.028000000000000004
55,candidate_1,candidate_4,candidate_5,candidate_3,0,5,0.028000000000000004
56,candidate_1,candidate_4,candidate_5,candidate_3,candidate_2,5,0.028000000000000004
57,candidate_1,candidate_4,candidate_5,candidate_3,candidate_2,5,0.028000000000000004
58,candidate_1,candidate_4,candidate_5,candidate_3,candidate_2,5,0.028000000000000004
59,candidate_1,candidate_4,candidate_5,candidate_3,candidate_2,5,0.028000000000000004
60,candidate_1,candidate_4,candidate_5,candidate_3,candidate_2,5,0.028000000000000004
61,candidate_1,candidate_4,candidate_5,candidate_3,candidate_2,5,0.028000000000000004
62,candidate_1,candidate_4,candidate_5,candidate_3,candidate_2,5,0.028000000000000004
63,candidate_1,candidate_4,0,candidate_3,candidate_2,5,0.028000000000000004
64,0,0,candidate_5,candidate_3,candidate_2,5,0.028000000000000004
65,candidate_1,candidate_4,candidate_5,candidate_3,candidate_2,5,0.028000000000000004
66,candidate_1,candidate_4,candidate_5,candidate_3,candidate_2,5,0.028000000000000004
67,candidate_1,candidate_4,candidate_5,candidate_3,candidate_2,5,0.028000000000000004
68,0,candidate_4,candidate_5,candidate_3,candidate_2,5,0.028000000000000004
69,candidate_1,candidate_4,candidate_5,candidate_3,candidate_2,5,0.028000000000000004
70,candidate_1,candidate_4,candidate_5,candidate_3,candidate_2,5,0.028000000000000004
71,0,candidate_4,candidate_5,candidate_3,candidate_2,5,0.028000000000000004
72,candidate_1,candidate_4,candidate_5,candidate_3,candidate_2,5,0.028000000000000004
73,0,candidate_4,candidate_5,candidate_3,candidate_2,5,0.028000000000000004
74,candidate_1,candidate_4,candidate_5,candidate_3,candidate_2,5,0.028000000000000004
75,candidate_1,0,candidate_5,candidate_3,candidate_2,5,0.028000000000000004
76,candidate_1,candidate_4,candidate_5,candidate_3,candidate_2,5,0.028000000000000004
77,candidate_1,candidate_4,candidate_5,candidate_3,candidate_2,5,0.028000000000000004
78,candidate_1,candidate_4,candidate_5,candidate_3,candidate_2,5,0.028000000000000004
79,candidate_1,candidate_4,candidate_5,candidate_3,candidate_2,5,0.028000000000000004
80,candidate_1,candidate_4,candidate_5,candidate_3,candidate_2,5,0.028000000000000004
81,candidate_1,candidate_4,candidate_5,candidate_3,candidate_2,5,0.028000000000000004
82,candidate_1,candidate_4,candidate_5,candidate_3,candidate_2,5,0.028000000000000004
83,candidate_1,candidate_4,candidate_5,candidate_3,candidate_2,5,0.028000000000000004
84,candidate_1,candidate_4,candidate_5,candidate_3,candidate_2,5,0.028000000000000004
85,candidate_1,candidate_4,candidate_5,candidate_3,candidate_2,5,0.028000000000000004
86,candidate_1,candidate_4,candidate_5,candidate_3,candidate_2,5,0.028000000000000004
87,candidate_1,candidate_4,candidate_5,candidate_3,candidate_2,5,0.028000000000000004
88,candidate_1,candidate_4,candidate_5,candidate_3,candidate_2,5,0.028000000000000004
89,candidate_1,candidate_4,candidate_5,candidate_3,candidate_2,5,0.028000000000000004
90,candidate_1,candidate_4,candidate_5,candidate_3,candidate_2,5,0.028000000000000004
91,candidate_1,candidate_4,candidate_5,candidate_3,candidate_2,5,0.028000000000000004
92,candidate_1,candidate_4,candidate_5,candidate_3,candidate_2,5,0.028000000000000004
93,candidate_1,candidate_4,candidate_5,candidate_3,candidate_2,5,0.028000000000000004
94,candidate_1,0,candidate_5,candidate_3,candidate_2,5,0.028000000000000004
95,candidate_1,candidate_4,candidate_5,candidate_3,candidate_2,5,0.028000000000000004
96,candidate_1,candidate_4,candidate_5,candidate_3,candidate_2,5,0.028000000000000004
97,candidate_1,candidate_4,candidate_5,candidate_3,candidate_2,5,0.028000000000000004
98,candidate_1,candidate_4,candidate_5,candidate_3,candidate_2,5,0.028000000000000004
99,candidate_1,candidate_4,candidate_5,candidate_3,candidate_2,5,0.028000000000000004
100,candidate_1,candidate_4,candidate_5,candidate_3,candidate_2,5,0.028000000000000004
101,candidate_1,candidate_4,candidate_5,candidate_3,candidate_2,5,0.028000000000000004
102,candidate_1,candidate_4,candidate_5,candidate_3,candidate_2,5,0.028000000000000004
103,candidate_1,candidate_4,candidate_5,candidate_3,candidate_2,5,0.028000000000000004
104,candidate_1,candidate_4,candidate_5,candidate_3,candidate_2,5,0.028000000000000004
105,candidate_1,candidate_4,candidate_5,candidate_3,candidate_2,5,0.028000000000000004
106,candidate_1,candidate_4,candidate_5,candidate_3,candidate_2,5,0.028000000000000004
107,candidate_1,candidate_4,candidate_5,0,candidate_2,5,0.028000000000000004
108,candidate_1,candidate_4,0,candidate_3,candidate_2,5,0.028000000000000004
109,candidate_1,candidate_4,candidate_5,candidate_3,candidate_2,5,0.028000000000000004
110,candidate_1,candidate_4,candidate_5,candidate_3,candidate_2,5,0.028000000000000004
111,candidate_1,candidate_4,candidate_5,candidate_3,candidate_2,5,0.028000000000000004
112,candidate_1,candidate_4,candidate_5,candidate_3,candidate_2,5,0.028000000000000004
113,candidate_1,candidate_4,candidate_5,candidate_3,candidate_2,5,0.028000000000000004
114,candidate_1,candidate_4,candidate_5,candidate_3,candidate_2,5,0.028000000000000004
115,candidate_1,candidate_4,candidate_5,candidate_3,candidate_2,5,0.028000000000000004
116,candidate_1,candidate_4,candidate_5,candidate_3,candidate_2,5,0.028000000000000004
117,candidate_1,candidate_4,candidate_5,candidate_3,candidate_2,5,0.028000000000000004
118,candidate_1,candidate_4,candidate_5,candidate_3,candidate_2,5,0.028000000000000004
119,candidate_1,candidate_4,candidate_5,candidate_3,candidate_2,5,0.028000000000000004
120,candidate_1,candidate_4,candidate_5,candidate_3,candidate_2,5,0.028000000000000004
121,candidate_1,candidate_4,candidate_5,candidate_3,candidate_2,5,0.028000000000000004
122,candidate_1,candidate_4,candidate_5,candidate_3,candidate_2,5,0.028000000000000004
123,candidate_1,candidate_4,candidate_5,candidate_3,candidate_2,5,0.028000000000000004
124,candidate_1,candidate_4,candidate_5,candidate_3,candidate_2,5,0.028000000000000004
125,candidate_1,candidate_4,candidate_5,candidate_3,candidate_2,5,0.028000000000000004
126,candidate_1,candidate_4,candidate_5,candidate_3,candidate_2,5,0.028000000000000004
127,candidate_1,candidate_4,candidate_5,candidate_3,candidate_2,5,0.028000000000000004
128,candidate_1,candidate_4,candidate_5,candidate_3,candidate_2,5,0.028000000000000004
129,candidate_1,candidate_4,candidate_5,candidate_3,0,5,0.028000000000000004
130,candidate_1,candidate_4,candidate_5,candidate_3,candidate_2,5,0.028000000000000004
131,candidate_1,candidate_4,candidate_5,candidate_3,candidate_2,5,0.028000000000000004
132,candidate_1,candidate_4,candidate_5,candidate_3,candidate_2,5,0.028000000000000004
133,candidate_1,candidate_4,candidate_5,candidate_3,candidate_2,5,0.028000000000000004
134,candidate_1,candidate_4,candidate_5,candidate_3,candidate_2,5,0.028000000000000004
135,candidate_1,candidate_4,candidate_5,candidate_3,candidate_2,5,0.028000000000000004
136,candidate_1,candidate_4,candidate_5,candidate_3,candidate_2,5,0.028000000000000004
137,candidate_1,candidate_4,candidate_5,candidate_3,candidate_2,5,0.028000000000000004
138,candidate_1,candidate_4,0,0,candidate_2,5,0.028000000000000004
139,candidate_1,candidate_4,candidate_5,candidate_3,candidate_2,5,0.028000000000000004
140,candidate_1,candidate_4,candidate_5,candidate_3,candidate_2,5,0.028000000000000004
141,candidate_1,candidate_4,candidate_5,candidate_3,candidate_2,5,0.028000000000000004
142,candidate_1,candidate_4,0,candidate_3,candidate_2,5,0.028000000000000004
143,candidate_1,candidate_4,candidate_5,candidate_3,candidate_2,5,0.028000000000000004
144,candidate_1,candidate_4,candidate_5,candidate_3,candidate_2,5,0.028000000000000004
145,candidate_1,candidate_4,candidate_5,candidate_3,candidate_2,5,0.028000000000000004
146,candidate_1,candidate_4,candidate_5,candidate_3,candidate_2,5,0.028000000000000004
147,candidate_1,candidate_4,candidate_5,candidate_3,candidate_2,5,0.028000000000000004
148,candidate_1,candidate_4,candidate_5,candidate_3,candidate_2,5,0.028000000000000004
149,candidate_1,candidate_4,candidate_5,candidate_3,candidate_2,5,0.028000000000000004
150,candidate_1,candidate_4,candidate_5,candidate_3,candidate_2,5,0.028000000000000004
151,candidate_1,candidate_4,candidate_5,candidate_3,candidate_2,5,0.028000000000000004
152,candidate_1,candidate_4,candidate_5,candidate_3,candidate_2,5,0.028000000000000004
153,candidate_1,candidate_4,candidate_5,candidate_3,candidate_2,5,0.028000000000000004
154,candidate_1,candidate_4,candidate_5,candidate_3,candidate_2,5,0.028000000000000004
155,candidate_1,candidate_4,candidate_5,candidate_3,candidate_2,5,0.028000000000000004
156,candidate_1,candidate_4,candidate_5,candidate_3,candidate_2,5,0.028000000000000004
157,candidate_1,candidate_4,candidate_5,candidate_3,candidate_2,5,0.028000000000000004
158,candidate_1,0,candidate_5,candidate_3,candidate_2,5,0.028000000000000004
159,candidate_1,candidate_4,candidate_5,candidate_3,candidate_2,5,0.028000000000000004
160,candidate_1,candidate_4,candidate_5,candidate_3,candidate_2,5,0.028000000000000004
161,candidate_1,candidate_4,candidate_5,candidate_3,candidate_2,5,0.028000000000000004
162,candidate_1,candidate_4,candidate_5,candidate_3,candidate_2,5,0.028000000000000004
163,candidate_1,candidate_4,candidate_5,candidate_3,candidate_2,5,0.028000000000000004
164,candidate_1,candidate_4,candidate_5,candidate_3,candidate_2,5,0.028000000000000004
165,candidate_1,candidate_4,candidate_5,candidate_3,candidate_2,5,0.028000000000000004
166,candidate_1,candidate_4,candidate_5,candidate_3,candidate_2,5,0.028000000000000004
167,candidate_1,candidate_4,candidate_5,candidate_3,candidate_2,5,0.028000000000000004
168,candidate_1,candidate_4,candidate_5,candidate_3,candidate_2,5,0.028000000000000004
169,candidate_1,candidate_4,candidate_5,candidate_3,candidate_2,5,0.028000000000000004
170,candidate_1,candidate_4,candidate_5,candidate_3,0,5,0.028000000000000004
171,candidate_1,candidate_4,candidate_5,candidate_3,candidate_2,5,0.028000000000000004
172,candidate_1,candidate_4,candidate_5,candidate_3,candidate_2,5,0.028000000000000004
173,candidate_1,candidate_4,candidate_5,candidate_3,candidate_2,5,0.028000000000000004
174,candidate_1,candidate_4,candidate_5,candidate_3,candidate_2,5,0.028000000000000004
175,candidate_1,candidate_4,candidate_5,candidate_3,candidate_2,5,0.028000000000000004
176,candidate_1,candidate_4,candidate_5,candidate_3,candidate_2,5,0.028000000000000004
177,candidate_1,candidate_4,candidate_5,candidate_3,candidate_2,5,0.028000000000000004
178,candidate_1,candidate_4,candidate_5,candidate_3,candidate_2,5,0.028000000000000004
179,candidate_1,candidate_4,0,candidate_3,candidate_2,5,0.028000000000000004
180,candidate_1,candidate_4,candidate_5,candidate_3,candidate_2,5,0.028000000000000004
181,candidate_1,candidate_4,candidate_5,candidate_3,candidate_2,5,0.028000000000000004
182,candidate_1,candidate_4,candidate_5,candidate_3,candidate_2,5,0.028000000000000004
183,candidate_1,candidate_4,candidate_5,candidate_3,candidate_2,5,0.028000000000000004
184,candidate_1,candidate_4,candidate_5,candidate_3,candidate_2,5,0.028000000000000004
185,candidate_1,candidate_4,candidate_5,candidate_3,candidate_2,5,0.028000000000000004
186,candidate_1,candidate_4,candidate_5,candidate_3,candidate_2,5,0.028000000000000004
187,candidate_1,candidate_4,candidate_5,candidate_3,candidate_2,5,0.028000000000000004
188,candidate_1,candidate_4,candidate_5,candidate_3,candidate_2,5,0.028000000000000004
189,candidate_1,candidate_4,candidate_5,candidate_3,candidate_2,5,0.028000000000000004
190,candidate_1,candidate_4,candidate_5,candidate_3,candidate_2,5,0.028000000000000004
191,candidate_1,candidate_4,candidate_5,candidate_3,candidate_2,5,0.028000000000000004
192,candidate_1,candidate_4,candidate_5,candidate_3,candidate_2,5,0.028000000000000004
193,candidate_1,candidate_4,candidate_5,candidate_3,candidate_2,5,0.028000000000000004
194,candidate_1,candidate_4,candidate_5,candidate_3,candidate_2,5,0.028000000000000004
195,candidate_1,candidate_4,candidate_5,candidate_3,candidate_2,5,0.028000000000000004
196,candidate_1,candidate_4,candidate_5,candidate_3,0,5,0.028000000000000004
197,candidate_1,candidate_4,candidate_5,candidate_3,candidate_2,5,0.028000000000000004
198,candidate_1,candidate_4,candidate_5,candidate_3,candidate_2,5,0.028000000000000004
199,candidate_1,candidate_4,candidate_5,candidate_3,candidate_2,5,0.028000000000000004
200,candidate_1,candidate_4,candidate_5,candidate_3,candidate_2,5,0.028000000000000004
201,candidate_1,candidate_4,candidate_5,candidate_3,candidate_2,5,0.028000000000000004
202,candidate_1,candidate_4,candidate_5,candidate_3,candidate_2,5,0.028000000000000004
203,candidate_1,candidate_4,candidate_5,candidate_3,candidate_2,5,0.028000000000000004
204,candidate_1,candidate_4,candidate_5,candidate_3,candidate_2,5,0.028000000000000004
205,candidate_1,candidate_4,candidate_5,candidate_3,candidate_2,5,0.028000000000000004
206,candidate_1,candidate_4,candidate_5,candidate_3,candidate_2,5,0.028000000000000004
207,candidate_1,candidate_4,candidate_5,candidate_3,candidate_2,5,0.028000000000000004
208,candidate_1,candidate_4,candidate_5,candidate_3,candidate_2,5,0.028000000000000004
209,candidate_1,candidate_4,candidate_5,candidate_3,candidate_2,5,0.028000000000000004
210,candidate_1,candidate_4,candidate_5,candidate_3,candidate_2,5,0.028000000000000004
211,0,candidate_4,candidate_5,candidate_3,candidate_2,5,0.028000000000000004
212,candidate_1,candidate_4,candidate_5,candidate_3,candidate_2,5,0.028000000000000004
213,candidate_1,candidate_4,candidate_5,candidate_3,candidate_2,5,0.028000000000000004
214,candidate_1,candidate_4,candidate_5,candidate_3,candidate_2,5,0.028000000000000004
215,candidate_1,candidate_4,candidate_5,candidate_3,candidate_2,5,0.028000000000000004
216,candidate_1,candidate_4,candidate_5,candidate_3,candidate_2,5,0.028000000000000004
217,candidate_1,candidate_4,candidate_5,0,candidate_2,5,0.028000000000000004
218,candidate_1,candidate_4,candidate_5,candidate_3,candidate_2,5,0.028000000000000004
219,candidate_1,candidate_4,candidate_5,candidate_3,candidate_2,5,0.028000000000000004
220,candidate_1,candidate_4,candidate_5,candidate_3,candidate_2,5,0.028000000000000004
221,candidate_1,candidate_4,candidate_5,candidate_3,candidate_2,5,0.028000000000000004
222,candidate_1,candidate_4,0,candidate_3,candidate_2,5,0.028000000000000004
223,candidate_1,candidate_4,candidate_5,candidate_3,candidate_2,5,0.028000000000000004
224,candidate_1,candidate_4,candidate_5,candidate_3,candidate_2,5,0.028000000000000004
225,candidate_1,candidate_4,candidate_5,candidate_3,candidate_2,5,0.028000000000000004
226,candidate_1,candidate_4,candidate_5,candidate_3,candidate_2,5,0.028000000000000004
227,candidate_1,candidate_4,candidate_5,candidate_3,candidate_2,5,0.028000000000000004
228,candidate_1,candidate_4,candidate_5,candidate_3,candidate_2,5,0.028000000000000004
229,candidate_1,candidate_4,candidate_5,candidate_3,candidate_2,5,0.028000000000000004
230,candidate_1,candidate_4,candidate_5,candidate_3,candidate_2,5,0.028000000000000004
231,candidate_1,candidate_4,candidate_5,candidate_3,candidate_2,5,0.028000000000000004
232,candidate_1,candidate_4,candidate_5,candidate_3,candidate_2,5,0.028000000000000004
233,candidate_1,0,candidate_5,candidate_3,candidate_2,5,0.028000000000000004
234,candidate_1,0,candidate_5,candidate_3,candidate_2,5,0.028000000000000004
235,candidate_1,candidate_4,candidate_5,candidate_3,candidate_2,5,0.028000000000000004
236,candidate_1,candidate_4,candidate_5,candidate_3,candidate_2,5,0.028000000000000004
237,candidate_1,candidate_4,candidate_5,candidate_3,candidate_2,5,0.028000000000000004
238,candidate_1,candidate_4,candidate_5,candidate_3,candidate_2,5,0.028000000000000004
239,candidate_1,candidate_4,0,candidate_3,candidate_2,5,0.028000000000000004
240,candidate_1,candidate_4,candidate_5,candidate_3,candidate_2,5,0.028000000000000004
241,candidate_1,candidate_4,candidate_5,candidate_3,candidate_2,5,0.028000000000000004
242,candidate_1,candidate_4,candidate_5,candidate_3,candidate_2,5,0.028000000000000004
243,candidate_1,candidate_4,candidate_5,candidate_3,candidate_2,5,0.028000000000000004
244,candidate_1,candidate_4,candidate_5,candidate_3,candidate_2,5,0.028000000000000004
245,candidate_1,candidate_4,0,candidate_3,candidate_2,5,0.028000000000000004
246,candidate_1,candidate_4,candidate_5,candidate_3,candidate_2,5,0.028000000000000004
247,candidate_1,candidate_4,candidate_5,candidate_3,candidate_2,5,0.028000000000000004
248,candidate_1,candidate_4,candidate_5,candidate_3,candidate_2,5,0.028000000000000004
249,candidate_1,0,candidate_5,candidate_3,candidate_2,5,0.028000000000000004
250,candidate_1,candidate_4,candidate_5,candidate_3,candidate_2,5,0.028000000000000004
251,candidate_1,candidate_4,candidate_5,candidate_3,candidate_2,5,0.028000000000000004
252,candidate_1,candidate_4,candidate_5,candidate_3,candidate_2,5,0.028000000000000004
253,candidate_1,candidate_4,candidate_5,candidate_3,candidate_2,5,0.028000000000000004
254,candidate_1,candidate_4,candidate_5,candidate_3,candidate_2,5,0.028000000000000004
255,candidate_1,candidate_4,candidate_5,candidate_3,candidate_2,5,0.028000000000000004
256,candidate_1,candidate_4,candidate_5,candidate_3,0,5,0.028000000000000004
257,candidate_1,candidate_4,candidate_5,candidate_3,candidate_2,5,0.028000000000000004
258,candidate_1,candidate_4,candidate_5,candidate_3,candidate_2,5,0.028000000000000004
259,candidate_1,candidate_4,candidate_5,candidate_3,candidate_2,5,0.028000000000000004
260,candidate_1,candidate_4,candidate_5,candidate_3,candidate_2,5,0.028000000000000004
261,candidate_1,candidate_4,candidate_5,candidate_3,candidate_2,5,0.028000000000000004
262,candidate_1,candidate_4,candidate_5,candidate_3,candidate_2,5,0.028000000000000004
263,candidate_1,candidate_4,candidate_5,candidate_3,candidate_2,5,0.028000000000000004
264,candidate_1,candidate_4,candidate_5,candidate_3,candidate_2,5,0.028000000000000004
265,candidate_1,candidate_4,candidate_5,candidate_3,candidate_2,5,0.028000000000000004
266,candidate_1,candidate_4,candidate_5,candidate_3,candidate_2,5,0.028000000000000004
267,candidate_1,candidate_4,candidate_5,candidate_3,candidate_2,5,0.028000000000000004
268,candidate_1,candidate_4,candidate_5,candidate_3,0,5,0.028000000000000004
269,candidate_1,candidate_4,candidate_5,candidate_3,candidate_2,5,0.028000000000000004
270,candidate_1,candidate_4,candidate_5,candidate_3,candidate_2,5,0.028000000000000004
271,candidate_1,candidate_4,candidate_5,candidate_3,candidate_2,5,0.028000000000000004
272,candidate_1,candidate_4,candidate_5,candidate_3,candidate_2,5,0.028000000000000004
273,candidate_1,candidate_4,0,candidate_3,candidate_2,5,0.028000000000000004
274,candidate_1,candidate_4,candidate_5,candidate_3,candidate_2,5,0.028000000000000004
275,candidate_1,candidate_4,candidate_5,candidate_3,candidate_2,5,0.028000000000000004
276,candidate_1,candidate_4,candidate_5,candidate_3,candidate_2,5,0.028000000000000004
277,candidate_1,candidate_4,candidate_5,candidate_3,candidate_2,5,0.028000000000000004
278,candidate_1,candidate_4,candidate_5,candidate_3,candidate_2,5,0.028000000000000004
279,candidate_1,candidate_4,candidate_5,candidate_3,candidate_2,5,0.028000000000000004
280,candidate_1,candidate_4,candidate_5,candidate_3,candidate_2,5,0.028000000000000004
281,candidate_1,candidate_4,candidate_5,candidate_3,candidate_2,5,0.028000000000000004
282,candidate_1,candidate_4,candidate_5,candidate_3,candidate_2,5,0.028000000000000004
283,candidate_1,candidate_4,candidate_5,candidate_3,candidate_2,5,0.028000000000000004
284,candidate_1,candidate_4,candidate_5,candidate_3,candidate_2,5,0.028000000000000004
285,candidate_1,candidate_4,candidate_5,candidate_3,candidate_2,5,0.028000000000000004
286,candidate_1,candidate_4,candidate_5,candidate_3,candidate_2,5,0.028000000000000004
287,0,candidate_4,candidate_5,candidate_3,candidate_2,5,0.028000000000000004
288,candidate_1,candidate_4,candidate_5,candidate_3,candidate_2,5,0.028000000000000004
289,candidate_1,candidate_4,candidate_5,candidate_3,candidate_2,5,0.028000000000000004
290,candidate_1,candidate_4,candidate_5,candidate_3,candidate_2,5,0.028000000000000004
291,candidate_1,candidate_4,candidate_5,candidate_3,candidate_2,5,0.028000000000000004
292,candidate_1,candidate_4,candidate_5,candidate_3,candidate_2,5,0.028000000000000004
293,candidate_1,candidate_4,candidate_5,candidate_3,candidate_2,5,0.028000000000000004
294,candidate_1,candidate_4,candidate_5,candidate_3,candidate_2,5,0.028000000000000004
295,candidate_1,candidate_4,candidate_5,candidate_3,candidate_2,5,0.028000000000000004
296,candidate_1,candidate_4,candidate_5,candidate_3,candidate_2,5,0.028000000000000004
297,candidate_1,candidate_4,candidate_5,candidate_3,candidate_2,5,0.028000000000000004
298,candidate_1,candidate_4,candidate_5,candidate_3,candidate_2,5,0.028000000000000004
299,candidate_1,candidate_4,candidate_5,candidate_3,0,5,0.028000000000000004
300,candidate_1,candidate_4,candidate_5,candidate_3,candidate_2,5,0.028000000000000004
301,candidate_1,candidate_4,candidate_5,candidate_3,candidate_2,5,0.028000000000000004
302,candidate_1,candidate_4,candidate_5,candidate_3,candidate_2,5,0.028000000000000004
303,candidate_1,candidate_4,candidate_5,candidate_3,candidate_2,5,0.028000000000000004
304,candidate_1,candidate_4,candidate_5,candidate_3,candidate_2,5,0.028000000000000004
305,candidate_1,candidate_4,candidate_5,candidate_3,candidate_2,5,0.028000000000000004
306,candidate_1,candidate_4,candidate_5,candidate_3,candidate_2,5,0.028000000000000004
307,candidate_1,candidate_4,candidate_5,candidate_3,candidate_2,5,0.028000000000000004
308,candidate_1,candidate_4,candidate_5,candidate_3,candidate_2,5,0.028000000000000004
309,0,candidate_4,candidate_5,candidate_3,candidate_2,5,0.028000000000000004
310,candidate_1,candidate_4,candidate_5,candidate_3,candidate_2,5,0.028000000000000004
311,candidate_1,candidate_4,candidate_5,candidate_3,candidate_2,5,0.028000000000000004
312,candidate_1,candidate_4,candidate_5,candidate_3,candidate_2,5,0.028000000000000004
313,candidate_1,candidate_4,0,candidate_3,candidate_2,5,0.028000000000000004
314,candidate_1,candidate_4,candidate_5,candidate_3,candidate_2,5,0.028000000000000004
315,candidate_1,candidate_4,candidate_5,candidate_3,candidate_2,5,0.028000000000000004
316,candidate_1,candidate_4,candidate_5,candidate_3,candidate_2,5,0.028000000000000004
317,candidate_1,candidate_4,candidate_5,candidate_3,candidate_2,5,0.028000000000000004
318,candidate_1,candidate_4,candidate_5,candidate_3,candidate_2,5,0.028000000000000004
319,candidate_1,candidate_4,candidate_5,candidate_3,candidate_2,5,0.028000000000000004
320,0,candidate_4,candidate_5,candidate_3,candidate_2,5,0.028000000000000004
321,candidate_1,candidate_4,candidate_5,candidate_3,candidate_2,5,0.028000000000000004
322,candidate_1,candidate_4,candidate_5,candidate_3,candidate_2,5,0.028000000000000004
323,candidate_1,candidate_4,candidate_5,0,candidate_2,5,0.028000000000000004
324,candidate_1,candidate_4,candidate_5,candidate_3,candidate_2,5,0.028000000000000004
325,candidate_1,candidate_4,candidate_5,candidate_3,candidate_2,5,0.028000000000000004
326,candidate_1,candidate_4,0,candidate_3,candidate_2,5,0.028000000000000004
327,candidate_1,candidate_4,candidate_5,candidate_3,candidate_2,5,0.028000000000000004
328,candidate_1,candidate_4,candidate_5,candidate_3,candidate_2,5,0.028000000000000004
329,candidate_1,candidate_4,candidate_5,candidate_3,candidate_2,5,0.028000000000000004
330,candidate_1,candidate_4,candidate_5,candidate_3,0,5,0.028000000000000004
331,candidate_1,candidate_4,candidate_5,candidate_3,candidate_2,5,0.028000000000000004
332,candidate_1,candidate_4,candidate_5,candidate_3,candidate_2,5,0.028000000000000004
333,candidate_1,candidate_4,candidate_5,candidate_3,candidate_2,5,0.028000000000000004
334,candidate_1,candidate_4,0,candidate_3,candidate_2,5,0.028000000000000004
335,candidate_1,candidate_4,candidate_5,candidate_3,candidate_2,5,0.028000000000000004
336,candidate_1,candidate_4,candidate_5,candidate_3,candidate_2,5,0.028000000000000004
337,candidate_1,candidate_4,candidate_5,candidate_3,candidate_2,5,0.028000000000000004
338,candidate_1,candidate_4,candidate_5,candidate_3,candidate_2,5,0.028000000000000004
339,candidate_1,candidate_4,candidate_5,candidate_3,candidate_2,5,0.028000000000000004
340,candidate_1,candidate_4,candidate_5,candidate_3,candidate_2,5,0.028000000000000004
341,candidate_1,candidate_4,candidate_5,candidate_3,candidate_2,5,0.028000000000000004
342,candidate_1,candidate_4,candidate_5,candidate_3,candidate_2,5,0.028000000000000004
343,candidate_1,candidate_4,candidate_5,candidate_3,candidate_2,5,0.028000000000000004
344,candidate_1,candidate_4,candidate_5,candidate_3,candidate_2,5,0.028000000000000004
345,candidate_1,candidate_4,candidate_5,candidate_3,candidate_2,5,0.028000000000000004
346,candidate_1,candidate_4,candidate_5,candidate_3,candidate_2,5,0.028000000000000004
347,candidate_1,candidate_4,candidate_5,candidate_3,candidate_2,5,0.028000000000000004
348,candidate_1,candidate_4,candidate_5,candidate_3,candidate_2,5,0.028000000000000004
349,candidate_1,candidate_4,candidate_5,candidate_3,candidate_2,5,0.028000000000000004
350,candidate_1,candidate_4,candidate_5,candidate_3,candidate_2,5,0.028000000000000004
351,candidate_1,candidate_4,candidate_5,candidate_3,candidate_2,5,0.028000000000000004
352,candidate_1,candidate_4,candidate_5,candidate_3,candidate_2,5,0.028000000000000004
353,candidate_1,candidate_4,0,candidate_3,candidate_2,5,0.028000000000000004
354,candidate_1,candidate_4,candidate_5,candidate_3,candidate_2,5,0.028000000000000004
355,candidate_1,candidate_4,candidate_5,candidate_3,candidate_2,5,0.028000000000000004
356,candidate_1,candidate_4,candidate_5,candidate_3,candidate_2,5,0.028000000000000004
357,candidate_1,candidate_4,candidate_5,candidate_3,candidate_2,5,0.028000000000000004
358,candidate_1,candidate_4,candidate_5,candidate_3,candidate_2,5,0.028000000000000004
359,candidate_1,candidate_4,candidate_5,candidate_3,candidate_2,5,0.028000000000000004
360,candidate_1,candidate_4,candidate_5,candidate_3,candidate_2,5,0.028000000000000004
361,candidate_1,candidate_4,candidate_5,candidate_3,candidate_2,5,0.028000000000000004
362,candidate_1,candidate_4,candidate_5,candidate_3,candidate_2,5,0.028000000000000004
363,candidate_1,candidate_4,candidate_5,candidate_3,candidate_2,5,0.028000000000000004
364,candidate_1,candidate_4,candidate_5,candidate_3,candidate_2,5,0.028000000000000004
365,candidate_1,candidate_4,candidate_5,candidate_3,candidate_2,5,0.028000000000000004
366,candidate_1,candidate_4,candidate_5,candidate_3,candidate_2,5,0.028000000000000004
367,candidate_1,0,candidate_5,candidate_3,candidate_2,5,0.028000000000000004
368,candidate_1,candidate_4,candidate_5,candidate_3,candidate_2,5,0.028000000000000004
369,candidate_1,candidate_4,candidate_5,candidate_3,candidate_2,5,0.028000000000000004
370,candidate_1,candidate_4,candidate_5,candidate_3,candidate_2,5,0.028000000000000004
371,candidate_1,candidate_4,candidate_5,candidate_3,candidate_2,5,0.028000000000000004
372,candidate_1,candidate_4,candidate_5,candidate_3,candidate_2,5,0.028000000000000004
373,candidate_1,candidate_4,candidate_5,candidate_3,candidate_2,5,0.028000000000000004
374,candidate_1,candidate_4,candidate_5,candidate_3,candidate_2,5,0.028000000000000004
375,candidate_1,candidate_4,candidate_5,candidate_3,candidate_2,5,0.028000000000000004
376,candidate_1,candidate_4,candidate_5,candidate_3,candidate_2,5,0.028000000000000004
377,candidate_1,candidate_4,candidate_5,candidate_3,candidate_2,5,0.028000000000000004
378,candidate_1,candidate_4,candidate_5,candidate_3,candidate_2,5,0.028000000000000004
379,candidate_1,candidate_4,candidate_5,candidate_3,candidate_2,5,0.028000000000000004
380,candidate_1,candidate_4,candidate_5,candidate_3,candidate_2,5,0.028000000000000004
381,candidate_1,candidate_4,candidate_5,0,candidate_2,5,0.028000000000000004
382,candidate_1,candidate_4,candidate_5,candidate_3,candidate_2,5,0.028000000000000004
383,candidate_1,candidate_4,candidate_5,candidate_3,candidate_2,5,0.028000000000000004
384,candidate_1,candidate_4,candidate_5,candidate_3,candidate_2,5,0.028000000000000004
385,candidate_1,candidate_4,candidate_5,candidate_3,candidate_2,5,0.028000000000000004
386,candidate_1,candidate_4,candidate_5,candidate_3,candidate_2,5,0.028000000000000004
387,candidate_1,candidate_4,candidate_5,candidate_3,candidate_2,5,0.028000000000000004
388,candidate_1,candidate_4,candidate_5,candidate_3,candidate_2,5,0.028000000000000004
389,candidate_1,candidate_4,candidate_5,candidate_3,candidate_2,5,0.028000000000000004
390,candidate_1,candidate_4,candidate_5,candidate_3,candidate_2,5,0.028000000000000004
391,candidate_1,candidate_4,candidate_5,0,candidate_2,5,0.028000000000000004
392,candidate_1,candidate_4,candidate_5,candidate_3,candidate_2,5,0.028000000000000004
393,candidate_1,candidate_4,candidate_5,candidate_3,candidate_2,5,0.028000000000000004
394,candidate_1,candidate_4,candidate_5,candidate_3,candidate_2,5,0.028000000000000004
395,candidate_1,candidate_4,candidate_5,candidate_3,candidate_2,5,0.028000000000000004
396,candidate_1,candidate_4,candidate_5,candidate_3,candidate_2,5,0.028000000000000004
397,candidate_1,candidate_4,candidate_5,candidate_3,candidate_2,5,0.028000000000000004
398,candidate_1,candidate_4,candidate_5,candidate_3,candidate_2,5,0.028000000000000004
399,candidate_1,candidate_4,candidate_5,candidate_3,candidate_2,5,0.028000000000000004
0,candidate_1,candidate_5,candidate_2,candidate_3,candidate_4,5,0.028000000000000004
1,candidate_1,candidate_5,candidate_2,candidate_3,candidate_4,5,0.028000000000000004
2,candidate_1,candidate_5,candidate_2,candidate_3,candidate_4,5,0.028000000000000004
3,candidate_1,candidate_5,candidate_2,candidate_3,candidate_4,5,0.028000000000000004
4,candidate_1,candidate_5,candidate_2,candidate_3,candidate_4,5,0.028000000000000004
5,candidate_1,candidate_5,candidate_2,candidate_3,candidate_4,5,0.028000000000000004
6,candidate_1,candidate_5,candidate_2,candidate_3,candidate_4,5,0.028000000000000004
7,candidate_1,candidate_5,candidate_2,candidate_3,candidate_4,5,0.028000000000000004
8,candidate_1,candidate_5,candidate_2,candidate_3,candidate_4,5,0.028000000000000004
9,candidate_1,candidate_5,candidate_2,candidate_3,candidate_4,5,0.028000000000000004
10,candidate_1,candidate_5,candidate_2,candidate_3,candidate_4,5,0.028000000000000004
11,candidate_1,candidate_5,candidate_2,candidate_3,candidate_4,5,0.028000000000000004
12,candidate_1,candidate_5,candidate_2,candidate_3,candidate_4,5,0.028000000000000004
13,candidate_1,candidate_5,candidate_2,candidate_3,candidate_4,5,0.028000000000000004
14,candidate_1,candidate_5,candidate_2,candidate_3,candidate_4,5,0.028000000000000004
15,candidate_1,candidate_5,candidate_2,candidate_3,candidate_4,5,0.028000000000000004
16,candidate_1,candidate_5,candidate_2,candidate_3,candidate_4,5,0.028000000000000004
17,candidate_1,candidate_5,candidate_2,candidate_3,candidate_4,5,0.028000000000000004
18,candidate_1,candidate_5,candidate_2,candidate_3,candidate_4,5,0.028000000000000004
19,candidate_1,candidate_5,candidate_2,candidate_3,candidate_4,5,0.028000000000000004
20,candidate_1,0,candidate_2,candidate_3,candidate_4,5,0.028000000000000004
21,candidate_1,candidate_5,candidate_2,candidate_3,candidate_4,5,0.028000000000000004
22,candidate_1,candidate_5,candidate_2,candidate_3,candidate_4,5,0.028000000000000004
23,candidate_1,candidate_5,candidate_2,candidate_3,candidate_4,5,0.028000000000000004
24,candidate_1,candidate_5,candidate_2,candidate_3,candidate_4,5,0.028000000000000004
25,candidate_1,candidate_5,candidate_2,candidate_3,candidate_4,5,0.028000000000000004
26,candidate_1,candidate_5,candidate_2,candidate_3,candidate_4,5,0.028000000000000004
27,candidate_1,candidate_5,candidate_2,candidate_3,candidate_4,5,0.028000000000000004
28,candidate_1,candidate_5,candidate_2,candidate_3,candidate_4,5,0.028000000000000004
29,candidate_1,candidate_5,candidate_2,candidate_3,candidate_4,5,0.028000000000000004
30,candidate_1,candidate_5,candidate_2,candidate_3,candidate_4,5,0.028000000000000004
31,candidate_1,candidate_5,candidate_2,candidate_3,candidate_4,5,0.028000000000000004
32,candidate_1,candidate_5,candidate_2,candidate_3,candidate_4,5,0.028000000000000004
33,candidate_1,candidate_5,candidate_2,candidate_3,candidate_4,5,0.028000000000000004
34,candidate_1,candidate_5,candidate_2,candidate_3,0,5,0.028000000000000004
35,candidate_1,candidate_5,candidate_2,candidate_3,candidate_4,5,0.028000000000000004
36,candidate_1,candidate_5,candidate_2,candidate_3,candidate_4,5,0.028000000000000004
37,candidate_1,candidate_5,candidate_2,candidate_3,candidate_4,5,0.028000000000000004
38,candidate_1,candidate_5,candidate_2,candidate_3,candidate_4,5,0.028000000000000004
39,candidate_1,candidate_5,candidate_2,candidate_3,candidate_4,5,0.028000000000000004
40,candidate_1,candidate_5,candidate_2,candidate_3,candidate_4,5,0.028000000000000004
41,candidate_1,candidate_5,candidate_2,candidate_3,candidate_4,5,0.028000000000000004
42,candidate_1,candidate_5,candidate_2,candidate_3,candidate_4,5,0.028000000000000004
43,candidate_1,candidate_5,candidate_2,candidate_3,candidate_4,5,0.028000000000000004
44,candidate_1,candidate_5,candidate_2,candidate_3,candidate_4,5,0.028000000000000004
45,candidate_1,candidate_5,candidate_2,candidate_3,candidate_4,5,0.028000000000000004
46,candidate_1,candidate_5,candidate_2,candidate_3,candidate_4,5,0.028000000000000004
47,candidate_1,candidate_5,candidate_2,candidate_3,candidate_4,5,0.028000000000000004
48,candidate_1,candidate_5,candidate_2,candidate_3,candidate_4,5,0.028000000000000004
49,candidate_1,candidate_5,candidate_2,candidate_3,candidate_4,5,0.028000000000000004
50,candidate_1,candidate_5,candidate_2,candidate_3,candidate_4,5,0.028000000000000004
51,candidate_1,candidate_5,candidate_2,candidate_3,candidate_4,5,0.028000000000000004
52,candidate_1,candidate_5,candidate_2,candidate_3,candidate_4,5,0.028000000000000004
53,candidate_1,candidate_5,candidate_2,candidate_3,candidate_4,5,0.028000000000000004
54,candidate_1,candidate_5,candidate_2,candidate_3,candidate_4,5,0.028000000000000004
55,candidate_1,candidate_5,candidate_2,candidate_3,candidate_4,5,0.028000000000000004
56,candidate_1,candidate_5,candidate_2,candidate_3,candidate_4,5,0.028000000000000004
57,candidate_1,candidate_5,candidate_2,candidate_3,candidate_4,5,0.028000000000000004
58,candidate_1,candidate_5,candidate_2,candidate_3,candidate_4,5,0.028000000000000004
59,candidate_1,candidate_5,candidate_2,candidate_3,candidate_4,5,0.028000000000000004
60,candidate_1,candidate_5,candidate_2,candidate_3,candidate_4,5,0.028000000000000004
61,candidate_1,candidate_5,candidate_2,candidate_3,candidate_4,5,0.028000000000000004
62,candidate_1,candidate_5,candidate_2,candidate_3,candidate_4,5,0.028000000000000004
63,candidate_1,candidate_5,candidate_2,candidate_3,candidate_4,5,0.028000000000000004
64,candidate_1,0,candidate_2,candidate_3,candidate_4,5,0.028000000000000004
65,candidate_1,candidate_5,candidate_2,candidate_3,candidate_4,5,0.028000000000000004
66,candidate_1,candidate_5,candidate_2,candidate_3,candidate_4,5,0.028000000000000004
67,candidate_1,candidate_5,candidate_2,candidate_3,candidate_4,5,0.028000000000000004
68,candidate_1,candidate_5,candidate_2,candidate_3,candidate_4,5,0.028000000000000004
69,candidate_1,candidate_5,candidate_2,candidate_3,candidate_4,5,0.028000000000000004
70,candidate_1,candidate_5,candidate_2,candidate_3,candidate_4,5,0.028000000000000004
71,candidate_1,candidate_5,candidate_2,candidate_3,candidate_4,5,0.028000000000000004
72,candidate_1,candidate_5,candidate_2,candidate_3,candidate_4,5,0.028000000000000004
73,candidate_1,candidate_5,candidate_2,0,candidate_4,5,0.028000000000000004
74,candidate_1,candidate_5,candidate_2,candidate_3,candidate_4,5,0.028000000000000004
75,candidate_1,candidate_5,candidate_2,candidate_3,candidate_4,5,0.028000000000000004
76,candidate_1,candidate_5,candidate_2,candidate_3,0,5,0.028000000000000004
77,candidate_1,candidate_5,candidate_2,0,candidate_4,5,0.028000000000000004
78,candidate_1,candidate_5,candidate_2,candidate_3,candidate_4,5,0.028000000000000004
79,candidate_1,candidate_5,candidate_2,candidate_3,candidate_4,5,0.028000000000000004
80,candidate_1,candidate_5,candidate_2,candidate_3,candidate_4,5,0.028000000000000004
81,candidate_1,candidate_5,candidate_2,candidate_3,candidate_4,5,0.028000000000000004
82,candidate_1,candidate_5,candidate_2,candidate_3,candidate_4,5,0.028000000000000004
83,candidate_1,candidate_5,candidate_2,candidate_3,candidate_4,5,0.028000000000000004
84,candidate_1,candidate_5,candidate_2,0,candidate_4,5,0.028000000000000004
85,candidate_1,candidate_5,candidate_2,candidate_3,candidate_4,5,0.028000000000000004
86,candidate_1,candidate_5,candidate_2,candidate_3,candidate_4,5,0.028000000000000004
87,candidate_1,candidate_5,candidate_2,candidate_3,candidate_4,5,0.028000000000000004
88,candidate_1,0,candidate_2,candidate_3,candidate_4,5,0.028000000000000004
89,candidate_1,candidate_5,candidate_2,candidate_3,candidate_4,5,0.028000000000000004
90,candidate_1,candidate_5,candidate_2,candidate_3,candidate_4,5,0.028000000000000004
91,candidate_1,candidate_5,candidate_2,candidate_3,candidate_4,5,0.028000000000000004
92,candidate_1,candidate_5,candidate_2,candidate_3,candidate_4,5,0.028000000000000004
93,candidate_1,candidate_5,candidate_2,candidate_3,candidate_4,5,0.028000000000000004
94,0,candidate_5,candidate_2,candidate_3,candidate_4,5,0.028000000000000004
95,candidate_1,0,candidate_2,candidate_3,candidate_4,5,0.028000000000000004
96,0,candidate_5,candidate_2,candidate_3,candidate_4,5,0.028000000000000004
97,candidate_1,candidate_5,candidate_2,candidate_3,candidate_4,5,0.028000000000000004
98,candidate_1,candidate_5,candidate_2,candidate_3,candidate_4,5,0.028000000000000004
99,candidate_1,candidate_5,candidate_2,candidate_3,candidate_4,5,0.028000000000000004
100,candidate_1,candidate_5,candidate_2,candidate_3,candidate_4,5,0.028000000000000004
101,candidate_1,candidate_5,candidate_2,candidate_3,candidate_4,5,0.028000000000000004
102,candidate_1,candidate_5,candidate_2,candidate_3,candidate_4,5,0.028000000000000004
103,candidate_1,candidate_5,candidate_2,candidate_3,candidate_4,5,0.028000000000000004
104,candidate_1,candidate_5,candidate_2,candidate_3,candidate_4,5,0.028000000000000004
105,candidate_1,candidate_5,candidate_2,candidate_3,candidate_4,5,0.028000000000000004
106,candidate_1,candidate_5,candidate_2,candidate_3,candidate_4,5,0.028000000000000004
107,candidate_1,candidate_5,candidate_2,candidate_3,candidate_4,5,0.028000000000000004
108,candidate_1,candidate_5,candidate_2,candidate_3,candidate_4,5,0.028000000000000004
109,candidate_1,candidate_5,candidate_2,candidate_3,candidate_4,5,0.028000000000000004
110,candidate_1,candidate_5,candidate_2,candidate_3,candidate_4,5,0.028000000000000004
111,candidate_1,candidate_5,candidate_2,candidate_3,candidate_4,5,0.028000000000000004
112,candidate_1,candidate_5,candidate_2,candidate_3,candidate_4,5,0.028000000000000004
113,candidate_1,candidate_5,candidate_2,candidate_3,candidate_4,5,0.028000000000000004
114,candidate_1,candidate_5,candidate_2,candidate_3,candidate_4,5,0.028000000000000004
115,candidate_1,candidate_5,candidate_2,candidate_3,candidate_4,5,0.028000000000000004
116,candidate_1,candidate_5,candidate_2,candidate_3,candidate_4,5,0.028000000000000004
117,candidate_1,candidate_5,candidate_2,candidate_3,candidate_4,5,0.028000000000000004
118,candidate_1,candidate_5,candidate_2,candidate_3,candidate_4,5,0.028000000000000004
119,candidate_1,candidate_5,candidate_2,candidate_3,candidate_4,5,0.028000000000000004
120,candidate_1,candidate_5,candidate_2,candidate_3,candidate_4,5,0.028000000000000004
121,candidate_1,candidate_5,candidate_2,candidate_3,candidate_4,5,0.028000000000000004
122,candidate_1,candidate_5,candidate_2,candidate_3,candidate_4,5,0.028000000000000004
123,candidate_1,candidate_5,candidate_2,candidate_3,0,5,0.028000000000000004
124,candidate_1,candidate_5,candidate_2,candidate_3,candidate_4,5,0.028000000000000004
125,candidate_1,candidate_5,candidate_2,candidate_3,candidate_4,5,0.028000000000000004
126,candidate_1,candidate_5,candidate_2,candidate_3,candidate_4,5,0.028000000000000004
127,candidate_1,candidate_5,candidate_2,candidate_3,candidate_4,5,0.028000000000000004
128,candidate_1,candidate_5,candidate_2,candidate_3,candidate_4,5,0.028000000000000004
129,candidate_1,candidate_5,candidate_2,candidate_3,candidate_4,5,0.028000000000000004
130,candidate_1,candidate_5,candidate_2,candidate_3,candidate_4,5,0.028000000000000004
131,candidate_1,candidate_5,candidate_2,candidate_3,candidate_4,5,0.028000000000000004
132,candidate_1,candidate_5,candidate_2,candidate_3,candidate_4,5,0.028000000000000004
133,candidate_1,candidate_5,candidate_2,0,candidate_4,5,0.028000000000000004
134,candidate_1,candidate_5,candidate_2,candidate_3,candidate_4,5,0.028000000000000004
135,candidate_1,candidate_5,candidate_2,candidate_3,candidate_4,5,0.028000000000000004
136,candidate_1,candidate_5,candidate_2,candidate_3,candidate_4,5,0.028000000000000004
137,candidate_1,candidate_5,candidate_2,candidate_3,candidate_4,5,0.028000000000000004
138,candidate_1,candidate_5,candidate_2,candidate_3,candidate_4,5,0.028000000000000004
139,candidate_1,candidate_5,candidate_2,candidate_3,candidate_4,5,0.028000000000000004
140,candidate_1,candidate_5,0,candidate_3,candidate_4,5,0.028000000000000004
141,candidate_1,candidate_5,candidate_2,candidate_3,candidate_4,5,0.028000000000000004
142,candidate_1,candidate_5,candidate_2,candidate_3,candidate_4,5,0.028000000000000004
143,candidate_1,candidate_5,candidate_2,candidate_3,candidate_4,5,0.028000000000000004
144,candidate_1,candidate_5,candidate_2,candidate_3,candidate_4,5,0.028000000000000004
145,candidate_1,candidate_5,candidate_2,candidate_3,candidate_4,5,0.028000000000000004
146,candidate_1,candidate_5,candidate_2,candidate_3,candidate_4,5,0.028000000000000004
147,candidate_1,candidate_5,candidate_2,candidate_3,candidate_4,5,0.028000000000000004
148,0,candidate_5,candidate_2,candidate_3,candidate_4,5,0.028000000000000004
149,candidate_1,candidate_5,candidate_2,candidate_3,candidate_4,5,0.028000000000000004
150,candidate_1,candidate_5,candidate_2,candidate_3,candidate_4,5,0.028000000000000004
151,candidate_1,candidate_5,candidate_2,candidate_3,candidate_4,5,0.028000000000000004
152,candidate_1,candidate_5,candidate_2,candidate_3,candidate_4,5,0.028000000000000004
153,candidate_1,candidate_5,candidate_2,candidate_3,candidate_4,5,0.028000000000000004
154,candidate_1,candidate_5,candidate_2,candidate_3,candidate_4,5,0.028000000000000004
155,candidate_1,candidate_5,candidate_2,candidate_3,0,5,0.028000000000000004
156,candidate_1,candidate_5,candidate_2,candidate_3,candidate_4,5,0.028000000000000004
157,candidate_1,candidate_5,candidate_2,candidate_3,candidate_4,5,0.028000000000000004
158,candidate_1,candidate_5,candidate_2,candidate_3,candidate_4,5,0.028000000000000004
159,candidate_1,candidate_5,candidate_2,candidate_3,candidate_4,5,0.028000000000000004
160,candidate_1,candidate_5,candidate_2,candidate_3,candidate_4,5,0.028000000000000004
161,candidate_1,candidate_5,candidate_2,candidate_3,candidate_4,5,0.028000000000000004
162,candidate_1,candidate_5,candidate_2,candidate_3,candidate_4,5,0.028000000000000004
163,candidate_1,candidate_5,candidate_2,candidate_3,candidate_4,5,0.028000000000000004
164,candidate_1,candidate_5,candidate_2,candidate_3,candidate_4,5,0.028000000000000004
165,candidate_1,candidate_5,candidate_2,candidate_3,candidate_4,5,0.028000000000000004
166,candidate_1,candidate_5,candidate_2,candidate_3,candidate_4,5,0.028000000000000004
167,candidate_1,candidate_5,candidate_2,candidate_3,candidate_4,5,0.028000000000000004
168,candidate_1,candidate_5,candidate_2,candidate_3,candidate_4,5,0.028000000000000004
169,candidate_1,candidate_5,candidate_2,candidate_3,candidate_4,5,0.028000000000000004
170,candidate_1,candidate_5,candidate_2,candidate_3,candidate_4,5,0.028000000000000004
171,candidate_1,candidate_5,candidate_2,candidate_3,candidate_4,5,0.028000000000000004
172,candidate_1,candidate_5,candidate_2,candidate_3,candidate_4,5,0.028000000000000004
173,candidate_1,candidate_5,candidate_2,candidate_3,candidate_4,5,0.028000000000000004
174,candidate_1,candidate_5,candidate_2,candidate_3,candidate_4,5,0.028000000000000004
175,candidate_1,candidate_5,candidate_2,candidate_3,candidate_4,5,0.028000000000000004
176,candidate_1,candidate_5,candidate_2,candidate_3,candidate_4,5,0.028000000000000004
177,candidate_1,candidate_5,candidate_2,candidate_3,candidate_4,5,0.028000000000000004
178,candidate_1,candidate_5,candidate_2,candidate_3,candidate_4,5,0.028000000000000004
179,candidate_1,candidate_5,0,candidate_3,candidate_4,5,0.028000000000000004
180,0,candidate_5,candidate_2,candidate_3,candidate_4,5,0.028000000000000004
181,candidate_1,candidate_5,candidate_2,candidate_3,candidate_4,5,0.028000000000000004
182,candidate_1,candidate_5,candidate_2,candidate_3,candidate_4,5,0.028000000000000004
183,candidate_1,candidate_5,candidate_2,candidate_3,candidate_4,5,0.028000000000000004
184,candidate_1,candidate_5,candidate_2,candidate_3,candidate_4,5,0.028000000000000004
185,candidate_1,candidate_5,0,candidate_3,candidate_4,5,0.028000000000000004
186,0,0,candidate_2,candidate_3,candidate_4,5,0.028000000000000004
187,candidate_1,candidate_5,candidate_2,candidate_3,candidate_4,5,0.028000000000000004
188,candidate_1,candidate_5,candidate_2,candidate_3,candidate_4,5,0.028000000000000004
189,candidate_1,candidate_5,candidate_2,candidate_3,candidate_4,5,0.028000000000000004
190,candidate_1,candidate_5,candidate_2,candidate_3,candidate_4,5,0.028000000000000004
191,candidate_1,candidate_5,0,candidate_3,candidate_4,5,0.028000000000000004
192,candidate_1,candidate_5,candidate_2,candidate_3,candidate_4,5,0.028000000000000004
193,candidate_1,candidate_5,candidate_2,candidate_3,candidate_4,5,0.028000000000000004
194,candidate_1,candidate_5,candidate_2,candidate_3,candidate_4,5,0.028000000000000004
195,candidate_1,candidate_5,candidate_2,candidate_3,candidate_4,5,0.028000000000000004
196,candidate_1,candidate_5,candidate_2,candidate_3,candidate_4,5,0.028000000000000004
197,candidate_1,candidate_5,candidate_2,candidate_3,candidate_4,5,0.028000000000000004
198,candidate_1,candidate_5,candidate_2,candidate_3,candidate_4,5,0.028000000000000004
199,candidate_1,candidate_5,candidate_2,candidate_3,candidate_4,5,0.028000000000000004
200,candidate_1,candidate_5,candidate_2,candidate_3,candidate_4,5,0.028000000000000004
201,candidate_1,candidate_5,candidate_2,candidate_3,candidate_4,5,0.028000000000000004
202,candidate_1,candidate_5,candidate_2,candidate_3,candidate_4,5,0.028000000000000004
203,candidate_1,candidate_5,candidate_2,candidate_3,candidate_4,5,0.028000000000000004
204,candidate_1,candidate_5,candidate_2,candidate_3,candidate_4,5,0.028000000000000004
205,candidate_1,candidate_5,candidate_2,candidate_3,candidate_4,5,0.028000000000000004
206,candidate_1,candidate_5,candidate_2,candidate_3,candidate_4,5,0.028000000000000004
207,candidate_1,candidate_5,candidate_2,candidate_3,candidate_4,5,0.028000000000000004
208,candidate_1,candidate_5,candidate_2,candidate_3,candidate_4,5,0.028000000000000004
209,candidate_1,candidate_5,candidate_2,candidate_3,candidate_4,5,0.028000000000000004
210,candidate_1,candidate_5,candidate_2,candidate_3,candidate_4,5,0.028000000000000004
211,candidate_1,candidate_5,candidate_2,candidate_3,candidate_4,5,0.028000000000000004
212,candidate_1,candidate_5,candidate_2,candidate_3,candidate_4,5,0.028000000000000004
213,candidate_1,0,candidate_2,candidate_3,candidate_4,5,0.028000000000000004
214,candidate_1,candidate_5,candidate_2,candidate_3,candidate_4,5,0.028000000000000004
215,candidate_1,candidate_5,candidate_2,candidate_3,candidate_4,5,0.028000000000000004
216,candidate_1,candidate_5,candidate_2,candidate_3,candidate_4,5,0.028000000000000004
217,candidate_1,candidate_5,candidate_2,candidate_3,candidate_4,5,0.028000000000000004
218,0,candidate_5,candidate_2,candidate_3,candidate_4,5,0.028000000000000004
219,candidate_1,candidate_5,candidate_2,candidate_3,0,5,0.028000000000000004
220,candidate_1,candidate_5,candidate_2,candidate_3,candidate_4,5,0.028000000000000004
221,candidate_1,candidate_5,candidate_2,candidate_3,candidate_4,5,0.028000000000000004
222,candidate_1,0,candidate_2,candidate_3,candidate_4,5,0.028000000000000004
223,candidate_1,candidate_5,candidate_2,candidate_3,candidate_4,5,0.028000000000000004
224,candidate_1,candidate_5,candidate_2,candidate_3,candidate_4,5,0.028000000000000004
225,candidate_1,candidate_5,candidate_2,candidate_3,candidate_4,5,0.028000000000000004
226,candidate_1,candidate_5,0,candidate_3,candidate_4,5,0.028000000000000004
227,candidate_1,candidate_5,candidate_2,candidate_3,candidate_4,5,0.028000000000000004
228,candidate_1,candidate_5,candidate_2,candidate_3,candidate_4,5,0.028000000000000004
229,candidate_1,candidate_5,candidate_2,candidate_3,candidate_4,5,0.028000000000000004
230,candidate_1,candidate_5,candidate_2,candidate_3,candidate_4,5,0.028000000000000004
231,candidate_1,candidate_5,candidate_2,candidate_3,candidate_4,5,0.028000000000000004
232,candidate_1,candidate_5,candidate_2,candidate_3,candidate_4,5,0.028000000000000004
233,candidate_1,candidate_5,candidate_2,candidate_3,0,5,0.028000000000000004
234,candidate_1,candidate_5,candidate_2,candidate_3,candidate_4,5,0.028000000000000004
235,candidate_1,candidate_5,candidate_2,candidate_3,candidate_4,5,0.028000000000000004
236,candidate_1,candidate_5,candidate_2,candidate_3,candidate_4,5,0.028000000000000004
237,candidate_1,candidate_5,candidate_2,candidate_3,candidate_4,5,0.028000000000000004
238,candidate_1,candidate_5,candidate_2,candidate_3,candidate_4,5,0.028000000000000004
239,candidate_1,candidate_5,candidate_2,candidate_3,candidate_4,5,0.028000000000000004
0,candidate_1,candidate_5,candidate_2,candidate_4,candidate_3,5,0.028000000000000004
1,0,candidate_5,candidate_2,candidate_4,candidate_3,5,0.028000000000000004
2,candidate_1,candidate_5,candidate_2,candidate_4,candidate_3,5,0.028000000000000004
3,candidate_1,candidate_5,candidate_2,candidate_4,candidate_3,5,0.028000000000000004
4,candidate_1,candidate_5,candidate_2,candidate_4,candidate_3,5,0.028000000000000004
5,candidate_1,candidate_5,candidate_2,candidate_4,candidate_3,5,0.028000000000000004
6,candidate_1,candidate_5,candidate_2,candidate_4,candidate_3,5,0.028000000000000004
7,candidate_1,candidate_5,candidate_2,candidate_4,candidate_3,5,0.028000000000000004
8,candidate_1,candidate_5,candidate_2,candidate_4,candidate_3,5,0.028000000000000004
9,candidate_1,candidate_5,candidate_2,candidate_4,candidate_3,5,0.028000000000000004
10,candidate_1,candidate_5,candidate_2,candidate_4,candidate_3,5,0.028000000000000004
11,candidate_1,candidate_5,candidate_2,candidate_4,candidate_3,5,0.028000000000000004
12,candidate_1,candidate_5,candidate_2,candidate_4,candidate_3,5,0.028000000000000004
13,candidate_1,candidate_5,candidate_2,candidate_4,candidate_3,5,0.028000000000000004
14,candidate_1,candidate_5,candidate_2,candidate_4,candidate_3,5,0.028000000000000004
15,candidate_1,candidate_5,candidate_2,candidate_4,candidate_3,5,0.028000000000000004
16,candidate_1,candidate_5,candidate_2,candidate_4,candidate_3,5,0.028000000000000004
17,candidate_1,candidate_5,candidate_2,candidate_4,candidate_3,5,0.028000000000000004
18,candidate_1,candidate_5,candidate_2,candidate_4,candidate_3,5,0.028000000000000004
19,candidate_1,candidate_5,candidate_2,candidate_4,candidate_3,5,0.028000000000000004
20,candidate_1,candidate_5,candidate_2,candidate_4,candidate_3,5,0.028000000000000004
21,candidate_1,candidate_5,candidate_2,candidate_4,candidate_3,5,0.028000000000000004
22,candidate_1,candidate_5,candidate_2,candidate_4,candidate_3,5,0.028000000000000004
23,candidate_1,candidate_5,candidate_2,candidate_4,candidate_3,5,0.028000000000000004
24,candidate_1,candidate_5,candidate_2,candidate_4,candidate_3,5,0.028000000000000004
25,candidate_1,candidate_5,candidate_2,candidate_4,candidate_3,5,0.028000000000000004
26,candidate_1,candidate_5,candidate_2,candidate_4,candidate_3,5,0.028000000000000004
27,candidate_1,candidate_5,candidate_2,candidate_4,candidate_3,5,0.028000000000000004
28,candidate_1,candidate_5,candidate_2,candidate_4,candidate_3,5,0.028000000000000004
29,candidate_1,candidate_5,candidate_2,candidate_4,candidate_3,5,0.028000000000000004
30,candidate_1,0,candidate_2,candidate_4,candidate_3,5,0.028000000000000004
31,candidate_1,candidate_5,candidate_2,candidate_4,candidate_3,5,0.028000000000000004
32,candidate_1,candidate_5,candidate_2,candidate_4,candidate_3,5,0.028000000000000004
33,candidate_1,candidate_5,candidate_2,candidate_4,candidate_3,5,0.028000000000000004
34,candidate_1,candidate_5,candidate_2,candidate_4,candidate_3,5,0.028000000000000004
35,candidate_1,candidate_5,candidate_2,candidate_4,candidate_3,5,0.028000000000000004
36,candidate_1,candidate_5,candidate_2,candidate_4,candidate_3,5,0.028000000000000004
37,candidate_1,candidate_5,candidate_2,candidate_4,candidate_3,5,0.028000000000000004
38,candidate_1,candidate_5,candidate_2,candidate_4,candidate_3,5,0.028000000000000004
39,candidate_1,candidate_5,candidate_2,candidate_4,candidate_3,5,0.028000000000000004
40,candidate_1,candidate_5,candidate_2,candidate_4,candidate_3,5,0.028000000000000004
41,candidate_1,candidate_5,candidate_2,candidate_4,candidate_3,5,0.028000000000000004
42,candidate_1,candidate_5,candidate_2,candidate_4,candidate_3,5,0.028000000000000004
43,candidate_1,candidate_5,candidate_2,candidate_4,candidate_3,5,0.028000000000000004
44,candidate_1,candidate_5,candidate_2,candidate_4,candidate_3,5,0.028000000000000004
45,candidate_1,candidate_5,candidate_2,candidate_4,candidate_3,5,0.028000000000000004
46,candidate_1,candidate_5,candidate_2,candidate_4,candidate_3,5,0.028000000000000004
47,candidate_1,candidate_5,candidate_2,candidate_4,candidate_3,5,0.028000000000000004
48,candidate_1,candidate_5,candidate_2,candidate_4,candidate_3,5,0.028000000000000004
49,candidate_1,candidate_5,candidate_2,candidate_4,candidate_3,5,0.028000000000000004
50,candidate_1,candidate_5,candidate_2,candidate_4,candidate_3,5,0.028000000000000004
51,candidate_1,candidate_5,candidate_2,candidate_4,candidate_3,5,0.028000000000000004
52,0,candidate_5,candidate_2,candidate_4,candidate_3,5,0.028000000000000004
53,candidate_1,candidate_5,candidate_2,candidate_4,candidate_3,5,0.028000000000000004
54,candidate_1,candidate_5,candidate_2,candidate_4,0,5,0.028000000000000004
55,candidate_1,candidate_5,candidate_2,candidate_4,candidate_3,5,0.028000000000000004
56,candidate_1,candidate_5,candidate_2,candidate_4,candidate_3,5,0.028000000000000004
57,candidate_1,candidate_5,candidate_2,candidate_4,candidate_3,5,0.028000000000000004
58,candidate_1,candidate_5,candidate_2,candidate_4,candidate_3,5,0.028000000000000004
59,candidate_1,candidate_5,candidate_2,candidate_4,candidate_3,5,0.028000000000000004
60,candidate_1,candidate_5,candidate_2,candidate_4,candidate_3,5,0.028000000000000004
61,candidate_1,candidate_5,candidate_2,candidate_4,0,5,0.028000000000000004
62,candidate_1,candidate_5,candidate_2,candidate_4,candidate_3,5,0.028000000000000004
63,candidate_1,candidate_5,candidate_2,0,candidate_3,5,0.028000000000000004
64,candidate_1,candidate_5,candidate_2,candidate_4,candidate_3,5,0.028000000000000004
65,candidate_1,candidate_5,candidate_2,candidate_4,candidate_3,5,0.028000000000000004
66,candidate_1,0,candidate_2,candidate_4,candidate_3,5,0.028000000000000004
67,candidate_1,candidate_5,candidate_2,candidate_4,candidate_3,5,0.028000000000000004
68,candidate_1,candidate_5,candidate_2,candidate_4,candidate_3,5,0.028000000000000004
69,candidate_1,candidate_5,candidate_2,candidate_4,candidate_3,5,0.028000000000000004
70,candidate_1,candidate_5,candidate_2,candidate_4,candidate_3,5,0.028000000000000004
71,candidate_1,candidate_5,candidate_2,candidate_4,candidate_3,5,0.028000000000000004
72,candidate_1,candidate_5,candidate_2,candidate_4,candidate_3,5,0.028000000000000004
73,candidate_1,candidate_5,candidate_2,candidate_4,candidate_3,5,0.028000000000000004
74,candidate_1,candidate_5,candidate_2,candidate_4,candidate_3,5,0.028000000000000004
75,candidate_1,candidate_5,candidate_2,candidate_4,candidate_3,5,0.028000000000000004
76,candidate_1,candidate_5,candidate_2,candidate_4,candidate_3,5,0.028000000000000004
77,candidate_1,candidate_5,candidate_2,candidate_4,candidate_3,5,0.028000000000000004
78,candidate_1,candidate_5,candidate_2,candidate_4,candidate_3,5,0.028000000000000004
79,candidate_1,candidate_5,candidate_2,candidate_4,candidate_3,5,0.028000000000000004
80,candidate_1,candidate_5,candidate_2,candidate_4,candidate_3,5,0.028000000000000004
81,candidate_1,0,candidate_2,candidate_4,candidate_3,5,0.028000000000000004
82,candidate_1,candidate_5,candidate_2,candidate_4,candidate_3,5,0.028000000000000004
83,candidate_1,candidate_5,candidate_2,candidate_4,candidate_3,5,0.028000000000000004
84,candidate_1,candidate_5,candidate_2,candidate_4,candidate_3,5,0.028000000000000004
85,candidate_1,candidate_5,candidate_2,candidate_4,candidate_3,5,0.028000000000000004
86,candidate_1,candidate_5,candidate_2,candidate_4,candidate_3,5,0.028000000000000004
87,candidate_1,candidate_5,candidate_2,candidate_4,candidate_3,5,0.028000000000000004
88,candidate_1,candidate_5,candidate_2,candidate_4,candidate_3,5,0.028000000000000004
89,candidate_1,candidate_5,candidate_2,candidate_4,candidate_3,5,0.028000000000000004
90,candidate_1,candidate_5,candidate_2,candidate_4,candidate_3,5,0.028000000000000004
91,candidate_1,candidate_5,candidate_2,candidate_4,candidate_3,5,0.028000000000000004
92,candidate_1,candidate_5,candidate_2,candidate_4,candidate_3,5,0.028000000000000004
93,candidate_1,candidate_5,candidate_2,candidate_4,candidate_3,5,0.028000000000000004
94,candidate_1,candidate_5,candidate_2,candidate_4,candidate_3,5,0.028000000000000004
95,candidate_1,candidate_5,candidate_2,candidate_4,candidate_3,5,0.028000000000000004
96,candidate_1,candidate_5,candidate_2,candidate_4,candidate_3,5,0.028000000000000004
97,candidate_1,candidate_5,candidate_2,candidate_4,candidate_3,5,0.028000000000000004
98,candidate_1,candidate_5,candidate_2,candidate_4,candidate_3,5,0.028000000000000004
99,candidate_1,candidate_5,candidate_2,candidate_4,candidate_3,5,0.028000000000000004
100,candidate_1,candidate_5,candidate_2,candidate_4,candidate_3,5,0.028000000000000004
101,candidate_1,candidate_5,candidate_2,candidate_4,candidate_3,5,0.028000000000000004
102,candidate_1,0,candidate_2,candidate_4,candidate_3,5,0.028000000000000004
103,candidate_1,candidate_5,candidate_2,candidate_4,candidate_3,5,0.028000000000000004
104,candidate_1,candidate_5,candidate_2,candidate_4,candidate_3,5,0.028000000000000004
105,candidate_1,candidate_5,candidate_2,candidate_4,candidate_3,5,0.028000000000000004
106,candidate_1,candidate_5,candidate_2,candidate_4,candidate_3,5,0.028000000000000004
107,candidate_1,candidate_5,candidate_2,candidate_4,candidate_3,5,0.028000000000000004
108,candidate_1,candidate_5,candidate_2,candidate_4,candidate_3,5,0.028000000000000004
109,candidate_1,candidate_5,candidate_2,candidate_4,candidate_3,5,0.028000000000000004
110,candidate_1,candidate_5,candidate_2,candidate_4,candidate_3,5,0.028000000000000004
111,0,candidate_5,candidate_2,candidate_4,candidate_3,5,0.028000000000000004
112,candidate_1,candidate_5,candidate_2,candidate_4,0,5,0.028000000000000004
113,candidate_1,candidate_5,candidate_2,candidate_4,candidate_3,5,0.028000000000000004
114,candidate_1,candidate_5,candidate_2,candidate_4,candidate_3,5,0.028000000000000004
115,candidate_1,candidate_5,candidate_2,candidate_4,candidate_3,5,0.028000000000000004
116,candidate_1,candidate_5,candidate_2,candidate_4,candidate_3,5,0.028000000000000004
117,candidate_1,candidate_5,candidate_2,candidate_4,candidate_3,5,0.028000000000000004
118,candidate_1,candidate_5,candidate_2,candidate_4,candidate_3,5,0.028000000000000004
119,candidate_1,candidate_5,candidate_2,candidate_4,candidate_3,5,0.028000000000000004
120,candidate_1,candidate_5,candidate_2,candidate_4,candidate_3,5,0.028000000000000004
121,candidate_1,candidate_5,candidate_2,candidate_4,candidate_3,5,0.028000000000000004
122,candidate_1,candidate_5,candidate_2,0,candidate_3,5,0.028000000000000004
123,candidate_1,candidate_5,candidate_2,candidate_4,candidate_3,5,0.028000000000000004
124,candidate_1,candidate_5,candidate_2,candidate_4,candidate_3,5,0.028000000000000004
125,candidate_1,candidate_5,candidate_2,candidate_4,candidate_3,5,0.028000000000000004
126,candidate_1,candidate_5,candidate_2,candidate_4,candidate_3,5,0.028000000000000004
127,candidate_1,candidate_5,candidate_2,candidate_4,candidate_3,5,0.028000000000000004
128,candidate_1,candidate_5,candidate_2,candidate_4,candidate_3,5,0.028000000000000004
129,candidate_1,candidate_5,candidate_2,candidate_4,candidate_3,5,0.028000000000000004
130,candidate_1,candidate_5,candidate_2,candidate_4,candidate_3,5,0.028000000000000004
131,candidate_1,candidate_5,candidate_2,candidate_4,candidate_3,5,0.028000000000000004
132,candidate_1,candidate_5,candidate_2,candidate_4,candidate_3,5,0.028000000000000004
133,candidate_1,candidate_5,candidate_2,candidate_4,candidate_3,5,0.028000000000000004
134,candidate_1,candidate_5,candidate_2,candidate_4,candidate_3,5,0.028000000000000004
135,candidate_1,candidate_5,candidate_2,candidate_4,candidate_3,5,0.028000000000000004
136,candidate_1,candidate_5,candidate_2,candidate_4,candidate_3,5,0.028000000000000004
137,candidate_1,candidate_5,candidate_2,candidate_4,candidate_3,5,0.028000000000000004
138,candidate_1,candidate_5,candidate_2,candidate_4,candidate_3,5,0.028000000000000004
139,candidate_1,candidate_5,candidate_2,candidate_4,candidate_3,5,0.028000000000000004
140,candidate_1,candidate_5,0,candidate_4,candidate_3,5,0.028000000000000004
141,candidate_1,candidate_5,candidate_2,candidate_4,candidate_3,5,0.028000000000000004
142,candidate_1,candidate_5,candidate_2,candidate_4,candidate_3,5,0.028000000000000004
143,candidate_1,candidate_5,candidate_2,candidate_4,candidate_3,5,0.028000000000000004
144,candidate_1,candidate_5,candidate_2,candidate_4,candidate_3,5,0.028000000000000004
145,candidate_1,candidate_5,candidate_2,candidate_4,candidate_3,5,0.028000000000000004
146,candidate_1,candidate_5,candidate_2,candidate_4,candidate_3,5,0.028000000000000004
147,candidate_1,candidate_5,candidate_2,candidate_4,candidate_3,5,0.028000000000000004
148,candidate_1,candidate_5,candidate_2,candidate_4,candidate_3,5,0.028000000000000004
149,candidate_1,candidate_5,candidate_2,candidate_4,candidate_3,5,0.028000000000000004
150,candidate_1,candidate_5,candidate_2,candidate_4,candidate_3,5,0.028000000000000004
151,candidate_1,candidate_5,candidate_2,candidate_4,candidate_3,5,0.028000000000000004
152,candidate_1,candidate_5,candidate_2,candidate_4,candidate_3,5,0.028000000000000004
153,candidate_1,candidate_5,candidate_2,candidate_4,candidate_3,5,0.028000000000000004
154,candidate_1,candidate_5,candidate_2,candidate_4,candidate_3,5,0.028000000000000004
155,candidate_1,candidate_5,candidate_2,candidate_4,candidate_3,5,0.028000000000000004
156,candidate_1,candidate_5,candidate_2,candidate_4,candidate_3,5,0.028000000000000004
157,candidate_1,candidate_5,candidate_2,candidate_4,candidate_3,5,0.028000000000000004
158,candidate_1,candidate_5,candidate_2,candidate_4,candidate_3,5,0.028000000000000004
159,candidate_1,candidate_5,candidate_2,candidate_4,candidate_3,5,0.028000000000000004
160,candidate_1,candidate_5,candidate_2,candidate_4,candidate_3,5,0.028000000000000004
161,candidate_1,candidate_5,candidate_2,candidate_4,candidate_3,5,0.028000000000000004
162,candidate_1,candidate_5,candidate_2,candidate_4,candidate_3,5,0.028000000000000004
163,candidate_1,candidate_5,candidate_2,candidate_4,candidate_3,5,0.028000000000000004
164,candidate_1,candidate_5,candidate_2,candidate_4,candidate_3,5,0.028000000000000004
165,candidate_1,candidate_5,candidate_2,candidate_4,candidate_3,5,0.028000000000000004
166,candidate_1,candidate_5,candidate_2,candidate_4,candidate_3,5,0.028000000000000004
167,candidate_1,candidate_5,candidate_2,candidate_4,candidate_3,5,0.028000000000000004
168,candidate_1,candidate_5,candidate_2,candidate_4,candidate_3,5,0.028000000000000004
169,candidate_1,candidate_5,candidate_2,candidate_4,candidate_3,5,0.028000000000000004
170,candidate_1,candidate_5,candidate_2,candidate_4,candidate_3,5,0.028000000000000004
171,0,candidate_5,candidate_2,candidate_4,candidate_3,5,0.028000000000000004
172,candidate_1,candidate_5,candidate_2,candidate_4,candidate_3,5,0.028000000000000004
173,candidate_1,candidate_5,candidate_2,candidate_4,candidate_3,5,0.028000000000000004
174,candidate_1,candidate_5,candidate_2,candidate_4,candidate_3,5,0.028000000000000004
175,candidate_1,candidate_5,candidate_2,candidate_4,candidate_3,5,0.028000000000000004
176,candidate_1,candidate_5,candidate_2,candidate_4,candidate_3,5,0.028000000000000004
177,candidate_1,candidate_5,candidate_2,candidate_4,0,5,0.028000000000000004
178,candidate_1,candidate_5,candidate_2,candidate_4,candidate_3,5,0.028000000000000004
179,candidate_1,candidate_5,candidate_2,candidate_4,candidate_3,5,0.028000000000000004
180,candidate_1,candidate_5,candidate_2,candidate_4,candidate_3,5,0.028000000000000004
181,candidate_1,candidate_5,candidate_2,candidate_4,candidate_3,5,0.028000000000000004
182,candidate_1,candidate_5,candidate_2,candidate_4,candidate_3,5,0.028000000000000004
183,candidate_1,candidate_5,candidate_2,candidate_4,candidate_3,5,0.028000000000000004
184,candidate_1,candidate_5,candidate_2,candidate_4,candidate_3,5,0.028000000000000004
185,candidate_1,candidate_5,candidate_2,candidate_4,candidate_3,5,0.028000000000000004
186,candidate_1,candidate_5,candidate_2,candidate_4,candidate_3,5,0.028000000000000004
187,candidate_1,candidate_5,0,candidate_4,candidate_3,5,0.028000000000000004
188,candidate_1,candidate_5,candidate_2,candidate_4,candidate_3,5,0.028000000000000004
189,candidate_1,candidate_5,candidate_2,candidate_4,candidate_3,5,0.028000000000000004
190,candidate_1,candidate_5,candidate_2,candidate_4,candidate_3,5,0.028000000000000004
191,candidate_1,candidate_5,candidate_2,candidate_4,candidate_3,5,0.028000000000000004
192,candidate_1,candidate_5,candidate_2,candidate_4,candidate_3,5,0.028000000000000004
193,candidate_1,candidate_5,candidate_2,candidate_4,candidate_3,5,0.028000000000000004
194,candidate_1,candidate_5,candidate_2,candidate_4,candidate_3,5,0.028000000000000004
195,candidate_1,0,candidate_2,candidate_4,candidate_3,5,0.028000000000000004
196,candidate_1,candidate_5,candidate_2,candidate_4,candidate_3,5,0.028000000000000004
0,candidate_1,candidate_5,candidate_3,candidate_2,candidate_4,5,0.028000000000000004
1,candidate_1,candidate_5,0,candidate_2,candidate_4,5,0.028000000000000004
2,candidate_1,candidate_5,candidate_3,candidate_2,candidate_4,5,0.028000000000000004
3,candidate_1,candidate_5,candidate_3,candidate_2,candidate_4,5,0.028000000000000004
4,candidate_1,candidate_5,candidate_3,candidate_2,candidate_4,5,0.028000000000000004
5,candidate_1,candidate_5,candidate_3,candidate_2,candidate_4,5,0.028000000000000004
6,candidate_1,candidate_5,0,candidate_2,candidate_4,5,0.028000000000000004
7,candidate_1,candidate_5,candidate_3,candidate_2,candidate_4,5,0.028000000000000004
8,candidate_1,0,candidate_3,candidate_2,candidate_4,5,0.028000000000000004
9,candidate_1,candidate_5,candidate_3,candidate_2,candidate_4,5,0.028000000000000004
10,candidate_1,candidate_5,candidate_3,candidate_2,candidate_4,5,0.028000000000000004
11,0,candidate_5,candidate_3,candidate_2,candidate_4,5,0.028000000000000004
12,candidate_1,candidate_5,candidate_3,candidate_2,candidate_4,5,0.028000000000000004
13,candidate_1,candidate_5,candidate_3,candidate_2,candidate_4,5,0.028000000000000004
14,candidate_1,candidate_5,candidate_3,candidate_2,candidate_4,5,0.028000000000000004
15,candidate_1,candidate_5,candidate_3,candidate_2,candidate_4,5,0.028000000000000004
16,candidate_1,candidate_5,candidate_3,candidate_2,candidate_4,5,0.028000000000000004
17,candidate_1,0,0,candidate_2,candidate_4,5,0.028000000000000004
18,candidate_1,candidate_5,candidate_3,candidate_2,candidate_4,5,0.028000000000000004
19,candidate_1,candidate_5,candidate_3,candidate_2,candidate_4,5,0.028000000000000004
20,candidate_1,candidate_5,candidate_3,candidate_2,candidate_4,5,0.028000000000000004
21,0,candidate_5,candidate_3,candidate_2,candidate_4,5,0.028000000000000004
22,candidate_1,candidate_5,candidate_3,candidate_2,candidate_4,5,0.028000000000000004
23,candidate_1,candidate_5,candidate_3,candidate_2,candidate_4,5,0.028000000000000004
24,candidate_1,candidate_5,candidate_3,candidate_2,candidate_4,5,0.028000000000000004
25,candidate_1,candidate_5,candidate_3,candidate_2,candidate_4,5,0.028000000000000004
26,candidate_1,candidate_5,candidate_3,candidate_2,candidate_4,5,0.028000000000000004
27,candidate_1,candidate_5,candidate_3,candidate_2,0,5,0.028000000000000004
28,candidate_1,candidate_5,candidate_3,candidate_2,candidate_4,5,0.028000000000000004
29,candidate_1,candidate_5,candidate_3,candidate_2,candidate_4,5,0.028000000000000004
30,candidate_1,candidate_5,candidate_3,candidate_2,candidate_4,5,0.028000000000000004
31,candidate_1,candidate_5,candidate_3,candidate_2,candidate_4,5,0.028000000000000004
32,candidate_1,candidate_5,candidate_3,candidate_2,candidate_4,5,0.028000000000000004
33,candidate_1,candidate_5,candidate_3,candidate_2,candidate_4,5,0.028000000000000004
34,candidate_1,candidate_5,candidate_3,candidate_2,candidate_4,5,0.028000000000000004
35,candidate_1,candidate_5,candidate_3,candidate_2,candidate_4,5,0.028000000000000004
36,candidate_1,candidate_5,candidate_3,candidate_2,candidate_4,5,0.028000000000000004
37,candidate_1,candidate_5,candidate_3,candidate_2,candidate_4,5,0.028000000000000004
38,candidate_1,candidate_5,candidate_3,candidate_2,candidate_4,5,0.028000000000000004
39,candidate_1,candidate_5,candidate_3,candidate_2,candidate_4,5,0.028000000000000004
40,candidate_1,candidate_5,candidate_3,candidate_2,candidate_4,5,0.028000000000000004
41,candidate_1,candidate_5,candidate_3,candidate_2,candidate_4,5,0.028000000000000004
42,candidate_1,candidate_5,candidate_3,candidate_2,candidate_4,5,0.028000000000000004
43,candidate_1,candidate_5,0,candidate_2,candidate_4,5,0.028000000000000004
44,candidate_1,candidate_5,candidate_3,candidate_2,candidate_4,5,0.028000000000000004
45,candidate_1,candidate_5,candidate_3,candidate_2,candidate_4,5,0.028000000000000004
46,candidate_1,candidate_5,candidate_3,candidate_2,candidate_4,5,0.028000000000000004
47,candidate_1,candidate_5,candidate_3,candidate_2,candidate_4,5,0.028000000000000004
48,candidate_1,candidate_5,candidate_3,candidate_2,candidate_4,5,0.028000000000000004
49,candidate_1,candidate_5,candidate_3,candidate_2,candidate_4,5,0.028000000000000004
50,candidate_1,candidate_5,candidate_3,candidate_2,candidate_4,5,0.028000000000000004
51,candidate_1,candidate_5,candidate_3,candidate_2,candidate_4,5,0.028000000000000004
52,candidate_1,candidate_5,candidate_3,candidate_2,candidate_4,5,0.028000000000000004
53,candidate_1,candidate_5,candidate_3,candidate_2,0,5,0.028000000000000004
54,candidate_1,candidate_5,0,candidate_2,candidate_4,5,0.028000000000000004
55,candidate_1,candidate_5,candidate_3,candidate_2,candidate_4,5,0.028000000000000004
56,candidate_1,candidate_5,candidate_3,candidate_2,candidate_4,5,0.028000000000000004
57,candidate_1,candidate_5,0,candidate_2,candidate_4,5,0.028000000000000004
58,candidate_1,candidate_5,candidate_3,candidate_2,candidate_4,5,0.028000000000000004
59,candidate_1,candidate_5,candidate_3,candidate_2,candidate_4,5,0.028000000000000004
60,candidate_1,candidate_5,candidate_3,candidate_2,candidate_4,5,0.028000000000000004
61,candidate_1,candidate_5,candidate_3,candidate_2,candidate_4,5,0.028000000000000004
62,candidate_1,candidate_5,candidate_3,candidate_2,candidate_4,5,0.028000000000000004
63,candidate_1,candidate_5,candidate_3,candidate_2,candidate_4,5,0.028000000000000004
64,candidate_1,candidate_5,candidate_3,candidate_2,candidate_4,5,0.028000000000000004
65,candidate_1,candidate_5,candidate_3,candidate_2,candidate_4,5,0.028000000000000004
66,candidate_1,candidate_5,candidate_3,candidate_2,candidate_4,5,0.028000000000000004
67,candidate_1,candidate_5,candidate_3,candidate_2,candidate_4,5,0.028000000000000004
68,candidate_1,candidate_5,candidate_3,candidate_2,candidate_4,5,0.028000000000000004
69,candidate_1,0,candidate_3,candidate_2,candidate_4,5,0.028000000000000004
70,candidate_1,candidate_5,candidate_3,candidate_2,candidate_4,5,0.028000000000000004
71,candidate_1,candidate_5,candidate_3,candidate_2,candidate_4,5,0.028000000000000004
72,candidate_1,candidate_5,candidate_3,candidate_2,0,5,0.028000000000000004
73,candidate_1,candidate_5,candidate_3,candidate_2,candidate_4,5,0.028000000000000004
74,candidate_1,candidate_5,candidate_3,candidate_2,candidate_4,5,0.028000000000000004
75,candidate_1,candidate_5,candidate_3,candidate_2,candidate_4,5,0.028000000000000004
76,candidate_1,candidate_5,candidate_3,candidate_2,candidate_4,5,0.028000000000000004
77,candidate_1,candidate_5,candidate_3,0,candidate_4,5,0.028000000000000004
78,0,candidate_5,candidate_3,candidate_2,candidate_4,5,0.028000000000000004
79,candidate_1,candidate_5,candidate_3,candidate_2,candidate_4,5,0.028000000000000004
80,candidate_1,candidate_5,candidate_3,candidate_2,candidate_4,5,0.028000000000000004
81,candidate_1,candidate_5,candidate_3,candidate_2,candidate_4,5,0.028000000000000004
82,candidate_1,candidate_5,candidate_3,candidate_2,candidate_4,5,0.028000000000000004
83,candidate_1,candidate_5,candidate_3,candidate_2,candidate_4,5,0.028000000000000004
84,candidate_1,candidate_5,candidate_3,candidate_2,candidate_4,5,0.028000000000000004
85,candidate_1,candidate_5,candidate_3,candidate_2,candidate_4,5,0.028000000000000004
86,candidate_1,candidate_5,candidate_3,candidate_2,candidate_4,5,0.028000000000000004
87,candidate_1,candidate_5,candidate_3,candidate_2,candidate_4,5,0.028000000000000004
88,candidate_1,candidate_5,candidate_3,candidate_2,candidate_4,5,0.028000000000000004
89,candidate_1,candidate_5,candidate_3,candidate_2,candidate_4,5,0.028000000000000004
90,candidate_1,candidate_5,candidate_3,candidate_2,candidate_4,5,0.028000000000000004
91,candidate_1,candidate_5,candidate_3,candidate_2,candidate_4,5,0.028000000000000004
92,candidate_1,candidate_5,candidate_3,candidate_2,candidate_4,5,0.028000000000000004
93,0,candidate_5,candidate_3,candidate_2,candidate_4,5,0.028000000000000004
94,candidate_1,candidate_5,candidate_3,candidate_2,candidate_4,5,0.028000000000000004
95,candidate_1,candidate_5,candidate_3,candidate_2,candidate_4,5,0.028000000000000004
96,candidate_1,candidate_5,candidate_3,candidate_2,candidate_4,5,0.028000000000000004
97,candidate_1,candidate_5,candidate_3,candidate_2,candidate_4,5,0.028000000000000004
98,candidate_1,candidate_5,candidate_3,candidate_2,candidate_4,5,0.028000000000000004
99,candidate_1,candidate_5,candidate_3,candidate_2,candidate_4,5,0.028000000000000004
100,candidate_1,candidate_5,candidate_3,candidate_2,candidate_4,5,0.028000000000000004
101,candidate_1,candidate_5,candidate_3,candidate_2,candidate_4,5,0.028000000000000004
102,candidate_1,candidate_5,candidate_3,candidate_2,candidate_4,5,0.028000000000000004
103,candidate_1,0,candidate_3,candidate_2,candidate_4,5,0.028000000000000004
104,candidate_1,candidate_5,candidate_3,candidate_2,candidate_4,5,0.028000000000000004
105,candidate_1,candidate_5,candidate_3,candidate_2,0,5,0.028000000000000004
106,candidate_1,candidate_5,candidate_3,candidate_2,0,5,0.028000000000000004
107,candidate_1,candidate_5,candidate_3,candidate_2,candidate_4,5,0.028000000000000004
108,candidate_1,candidate_5,candidate_3,candidate_2,candidate_4,5,0.028000000000000004
109,candidate_1,candidate_5,candidate_3,candidate_2,candidate_4,5,0.028000000000000004
110,candidate_1,candidate_5,candidate_3,candidate_2,candidate_4,5,0.028000000000000004
111,candidate_1,candidate_5,candidate_3,candidate_2,candidate_4,5,0.028000000000000004
112,candidate_1,candidate_5,candidate_3,candidate_2,candidate_4,5,0.028000000000000004
113,candidate_1,candidate_5,candidate_3,candidate_2,candidate_4,5,0.028000000000000004
114,candidate_1,candidate_5,candidate_3,candidate_2,candidate_4,5,0.028000000000000004
115,candidate_1,candidate_5,candidate_3,candidate_2,candidate_4,5,0.028000000000000004
116,candidate_1,candidate_5,candidate_3,candidate_2,candidate_4,5,0.028000000000000004
117,candidate_1,candidate_5,candidate_3,candidate_2,candidate_4,5,0.028000000000000004
118,candidate_1,0,candidate_3,candidate_2,candidate_4,5,0.028000000000000004
119,candidate_1,candidate_5,candidate_3,candidate_2,candidate_4,5,0.028000000000000004
120,candidate_1,candidate_5,candidate_3,candidate_2,candidate_4,5,0.028000000000000004
121,candidate_1,candidate_5,candidate_3,candidate_2,candidate_4,5,0.028000000000000004
122,candidate_1,candidate_5,candidate_3,candidate_2,0,5,0.028000000000000004
123,candidate_1,candidate_5,candidate_3,candidate_2,candidate_4,5,0.028000000000000004
124,candidate_1,candidate_5,candidate_3,candidate_2,candidate_4,5,0.028000000000000004
125,candidate_1,candidate_5,candidate_3,candidate_2,candidate_4,5,0.028000000000000004
126,candidate_1,0,candidate_3,candidate_2,candidate_4,5,0.028000000000000004
127,candidate_1,candidate_5,candidate_3,candidate_2,candidate_4,5,0.028000000000000004
128,candidate_1,candidate_5,candidate_3,candidate_2,candidate_4,5,0.028000000000000004
129,candidate_1,candidate_5,candidate_3,candidate_2,candidate_4,5,0.028000000000000004
130,candidate_1,candidate_5,candidate_3,candidate_2,candidate_4,5,0.028000000000000004
131,candidate_1,candidate_5,candidate_3,candidate_2,candidate_4,5,0.028000000000000004
132,candidate_1,candidate_5,candidate_3,candidate_2,candidate_4,5,0.028000000000000004
133,candidate_1,candidate_5,0,candidate_2,candidate_4,5,0.028000000000000004
134,candidate_1,candidate_5,candidate_3,candidate_2,candidate_4,5,0.028000000000000004
135,candidate_1,candidate_5,candidate_3,candidate_2,candidate_4,5,0.028000000000000004
136,candidate_1,candidate_5,candidate_3,candidate_2,candidate_4,5,0.028000000000000004
137,candidate_1,0,candidate_3,candidate_2,candidate_4,5,0.028000000000000004
138,candidate_1,candidate_5,candidate_3,candidate_2,candidate_4,5,0.028000000000000004
139,candidate_1,candidate_5,candidate_3,candidate_2,candidate_4,5,0.028000000000000004
140,candidate_1,candidate_5,candidate_3,candidate_2,candidate_4,5,0.028000000000000004
141,candidate_1,candidate_5,candidate_3,candidate_2,candidate_4,5,0.028000000000000004
142,candidate_1,candidate_5,candidate_3,candidate_2,candidate_4,5,0.028000000000000004
143,candidate_1,candidate_5,0,candidate_2,candidate_4,5,0.028000000000000004
144,candidate_1,candidate_5,0,candidate_2,candidate_4,5,0.028000000000000004
145,candidate_1,candidate_5,candidate_3,candidate_2,candidate_4,5,0.028000000000000004
146,candidate_1,candidate_5,candidate_3,candidate_2,candidate_4,5,0.028000000000000004
147,candidate_1,candidate_5,candidate_3,candidate_2,candidate_4,5,0.028000000000000004
148,candidate_1,candidate_5,candidate_3,candidate_2,candidate_4,5,0.028000000000000004
149,candidate_1,candidate_5,candidate_3,candidate_2,candidate_4,5,0.028000000000000004
150,candidate_1,candidate_5,candidate_3,candidate_2,candidate_4,5,0.028000000000000004
151,candidate_1,candidate_5,candidate_3,candidate_2,candidate_4,5,0.028000000000000004
152,candidate_1,candidate_5,candidate_3,candidate_2,0,5,0.028000000000000004
153,candidate_1,candidate_5,candidate_3,candidate_2,candidate_4,5,0.028000000000000004
154,candidate_1,candidate_5,candidate_3,candidate_2,candidate_4,5,0.028000000000000004
155,candidate_1,candidate_5,candidate_3,candidate_2,candidate_4,5,0.028000000000000004
156,candidate_1,candidate_5,candidate_3,candidate_2,candidate_4,5,0.028000000000000004
157,candidate_1,candidate_5,candidate_3,candidate_2,candidate_4,5,0.028000000000000004
158,candidate_1,candidate_5,candidate_3,candidate_2,candidate_4,5,0.028000000000000004
159,candidate_1,candidate_5,candidate_3,candidate_2,candidate_4,5,0.028000000000000004
160,candidate_1,candidate_5,candidate_3,candidate_2,candidate_4,5,0.028000000000000004
161,candidate_1,candidate_5,candidate_3,candidate_2,candidate_4,5,0.028000000000000004
162,candidate_1,candidate_5,candidate_3,candidate_2,candidate_4,5,0.028000000000000004
163,candidate_1,candidate_5,candidate_3,candidate_2,candidate_4,5,0.028000000000000004
164,candidate_1,candidate_5,candidate_3,candidate_2,candidate_4,5,0.028000000000000004
165,candidate_1,candidate_5,candidate_3,candidate_2,candidate_4,5,0.028000000000000004
166,candidate_1,candidate_5,candidate_3,candidate_2,candidate_4,5,0.028000000000000004
167,candidate_1,candidate_5,candidate_3,candidate_2,0,5,0.028000000000000004
168,candidate_1,candidate_5,candidate_3,candidate_2,candidate_4,5,0.028000000000000004
169,candidate_1,candidate_5,candidate_3,candidate_2,candidate_4,5,0.028000000000000004
170,candidate_1,candidate_5,candidate_3,candidate_2,candidate_4,5,0.028000000000000004
171,candidate_1,candidate_5,candidate_3,candidate_2,candidate_4,5,0.028000000000000004
172,candidate_1,candidate_5,candidate_3,candidate_2,candidate_4,5,0.028000000000000004
173,candidate_1,candidate_5,candidate_3,candidate_2,candidate_4,5,0.028000000000000004
174,candidate_1,candidate_5,candidate_3,candidate_2,candidate_4,5,0.028000000000000004
175,candidate_1,candidate_5,candidate_3,candidate_2,candidate_4,5,0.028000000000000004
176,candidate_1,candidate_5,candidate_3,candidate_2,candidate_4,5,0.028000000000000004
177,0,candidate_5,candidate_3,candidate_2,candidate_4,5,0.028000000000000004
178,candidate_1,candidate_5,candidate_3,candidate_2,candidate_4,5,0.028000000000000004
179,candidate_1,candidate_5,candidate_3,candidate_2,candidate_4,5,0.028000000000000004
180,candidate_1,candidate_5,candidate_3,candidate_2,candidate_4,5,0.028000000000000004
181,candidate_1,candidate_5,candidate_3,candidate_2,candidate_4,5,0.028000000000000004
182,candidate_1,candidate_5,candidate_3,candidate_2,candidate_4,5,0.028000000000000004
183,candidate_1,candidate_5,candidate_3,candidate_2,candidate_4,5,0.028000000000000004
184,candidate_1,candidate_5,candidate_3,candidate_2,candidate_4,5,0.028000000000000004
185,candidate_1,candidate_5,candidate_3,0,candidate_4,5,0.028000000000000004
186,candidate_1,candidate_5,candidate_3,candidate_2,candidate_4,5,0.028000000000000004
187,candidate_1,candidate_5,candidate_3,candidate_2,candidate_4,5,0.028000000000000004
188,candidate_1,candidate_5,candidate_3,candidate_2,candidate_4,5,0.028000000000000004
189,candidate_1,candidate_5,candidate_3,candidate_2,candidate_4,5,0.028000000000000004
190,candidate_1,candidate_5,candidate_3,candidate_2,candidate_4,5,0.028000000000000004
191,candidate_1,candidate_5,candidate_3,candidate_2,candidate_4,5,0.028000000000000004
192,candidate_1,candidate_5,candidate_3,candidate_2,candidate_4,5,0.028000000000000004
193,candidate_1,candidate_5,candidate_3,candidate_2,candidate_4,5,0.028000000000000004
194,candidate_1,candidate_5,candidate_3,candidate_2,candidate_4,5,0.028000000000000004
195,candidate_1,candidate_5,candidate_3,candidate_2,candidate_4,5,0.028000000000000004
196,candidate_1,candidate_5,0,candidate_2,candidate_4,5,0.028000000000000004
197,candidate_1,candidate_5,candidate_3,candidate_2,candidate_4,5,0.028000000000000004
198,candidate_1,candidate_5,candidate_3,candidate_2,candidate_4,5,0.028000000000000004
199,candidate_1,candidate_5,candidate_3,candidate_2,candidate_4,5,0.028000000000000004
200,candidate_1,candidate_5,candidate_3,candidate_2,candidate_4,5,0.028000000000000004
201,candidate_1,candidate_5,candidate_3,candidate_2,candidate_4,5,0.028000000000000004
202,candidate_1,candidate_5,candidate_3,candidate_2,candidate_4,5,0.028000000000000004
203,candidate_1,candidate_5,candidate_3,candidate_2,candidate_4,5,0.028000000000000004
204,candidate_1,candidate_5,candidate_3,candidate_2,candidate_4,5,0.028000000000000004
205,candidate_1,candidate_5,candidate_3,0,candidate_4,5,0.028000000000000004
206,candidate_1,candidate_5,candidate_3,candidate_2,candidate_4,5,0.028000000000000004
207,candidate_1,candidate_5,candidate_3,candidate_2,candidate_4,5,0.028000000000000004
208,candidate_1,candidate_5,candidate_3,candidate_2,candidate_4,5,0.028000000000000004
209,candidate_1,candidate_5,candidate_3,candidate_2,candidate_4,5,0.028000000000000004
210,candidate_1,candidate_5,candidate_3,candidate_2,candidate_4,5,0.028000000000000004
211,candidate_1,candidate_5,candidate_3,candidate_2,candidate_4,5,0.028000000000000004
212,candidate_1,candidate_5,candidate_3,candidate_2,0,5,0.028000000000000004
213,candidate_1,candidate_5,candidate_3,candidate_2,candidate_4,5,0.028000000000000004
214,candidate_1,candidate_5,candidate_3,candidate_2,candidate_4,5,0.028000000000000004
215,candidate_1,candidate_5,candidate_3,candidate_2,candidate_4,5,0.028000000000000004
216,candidate_1,candidate_5,candidate_3,candidate_2,candidate_4,5,0.028000000000000004
217,candidate_1,candidate_5,candidate_3,candidate_2,candidate_4,5,0.028000000000000004
218,candidate_1,candidate_5,candidate_3,candidate_2,candidate_4,5,0.028000000000000004
219,candidate_1,candidate_5,candidate_3,candidate_2,candidate_4,5,0.028000000000000004
220,candidate_1,candidate_5,candidate_3,candidate_2,candidate_4,5,0.028000000000000004
221,candidate_1,candidate_5,candidate_3,0,candidate_4,5,0.028000000000000004
222,candidate_1,candidate_5,candidate_3,candidate_2,candidate_4,5,0.028000000000000004
223,candidate_1,candidate_5,candidate_3,candidate_2,candidate_4,5,0.028000000000000004
224,candidate_1,candidate_5,candidate_3,candidate_2,candidate_4,5,0.028000000000000004
225,candidate_1,candidate_5,candidate_3,candidate_2,candidate_4,5,0.028000000000000004
226,candidate_1,candidate_5,candidate_3,candidate_2,candidate_4,5,0.028000000000000004
227,candidate_1,candidate_5,candidate_3,candidate_2,candidate_4,5,0.028000000000000004
228,candidate_1,candidate_5,candidate_3,candidate_2,candidate_4,5,0.028000000000000004
229,candidate_1,candidate_5,candidate_3,candidate_2,candidate_4,5,0.028000000000000004
230,candidate_1,candidate_5,candidate_3,candidate_2,candidate_4,5,0.028000000000000004
231,candidate_1,candidate_5,candidate_3,candidate_2,candidate_4,5,0.028000000000000004
232,candidate_1,candidate_5,candidate_3,candidate_2,candidate_4,5,0.028000000000000004
233,candidate_1,candidate_5,candidate_3,candidate_2,candidate_4,5,0.028000000000000004
234,candidate_1,candidate_5,candidate_3,candidate_2,candidate_4,5,0.028000000000000004
235,candidate_1,candidate_5,candidate_3,candidate_2,candidate_4,5,0.028000000000000004
236,candidate_1,candidate_5,candidate_3,candidate_2,candidate_4,5,0.028000000000000004
237,candidate_1,candidate_5,candidate_3,candidate_2,candidate_4,5,0.028000000000000004
238,candidate_1,candidate_5,candidate_3,candidate_2,candidate_4,5,0.028000000000000004
239,candidate_1,candidate_5,candidate_3,candidate_2,0,5,0.028000000000000004
240,candidate_1,candidate_5,candidate_3,candidate_2,candidate_4,5,0.028000000000000004
241,candidate_1,candidate_5,candidate_3,candidate_2,candidate_4,5,0.028000000000000004
242,candidate_1,candidate_5,candidate_3,candidate_2,candidate_4,5,0.028000000000000004
243,candidate_1,candidate_5,candidate_3,candidate_2,candidate_4,5,0.028000000000000004
244,candidate_1,candidate_5,candidate_3,candidate_2,candidate_4,5,0.028000000000000004
245,candidate_1,candidate_5,candidate_3,candidate_2,candidate_4,5,0.028000000000000004
246,candidate_1,candidate_5,candidate_3,candidate_2,candidate_4,5,0.028000000000000004
247,candidate_1,candidate_5,candidate_3,candidate_2,candidate_4,5,0.028000000000000004
248,candidate_1,candidate_5,candidate_3,candidate_2,candidate_4,5,0.028000000000000004
249,candidate_1,candidate_5,candidate_3,candidate_2,candidate_4,5,0.028000000000000004
250,candidate_1,candidate_5,candidate_3,candidate_2,candidate_4,5,0.028000000000000004
251,candidate_1,candidate_5,candidate_3,candidate_2,candidate_4,5,0.028000000000000004
252,candidate_1,candidate_5,candidate_3,candidate_2,candidate_4,5,0.028000000000000004
253,candidate_1,candidate_5,candidate_3,candidate_2,candidate_4,5,0.028000000000000004
254,candidate_1,candidate_5,candidate_3,candidate_2,candidate_4,5,0.028000000000000004
255,0,candidate_5,candidate_3,candidate_2,candidate_4,5,0.028000000000000004
256,candidate_1,candidate_5,candidate_3,candidate_2,candidate_4,5,0.028000000000000004
257,candidate_1,candidate_5,candidate_3,candidate_2,candidate_4,5,0.028000000000000004
258,candidate_1,0,candidate_3,candidate_2,candidate_4,5,0.028000000000000004
259,candidate_1,candidate_5,candidate_3,candidate_2,candidate_4,5,0.028000000000000004
260,candidate_1,candidate_5,candidate_3,candidate_2,candidate_4,5,0.028000000000000004
261,candidate_1,candidate_5,candidate_3,candidate_2,candidate_4,5,0.028000000000000004
262,candidate_1,candidate_5,candidate_3,candidate_2,candidate_4,5,0.028000000000000004
263,candidate_1,candidate_5,candidate_3,candidate_2,candidate_4,5,0.028000000000000004
264,candidate_1,candidate_5,candidate_3,candidate_2,candidate_4,5,0.028000000000000004
265,candidate_1,candidate_5,candidate_3,candidate_2,candidate_4,5,0.028000000000000004
266,candidate_1,candidate_5,candidate_3,candidate_2,candidate_4,5,0.028000000000000004
267,candidate_1,candidate_5,candidate_3,candidate_2,candidate_4,5,0.028000000000000004
268,candidate_1,candidate_5,candidate_3,candidate_2,candidate_4,5,0.028000000000000004
269,candidate_1,candidate_5,candidate_3,candidate_2,candidate_4,5,0.028000000000000004
270,candidate_1,candidate_5,candidate_3,candidate_2,candidate_4,5,0.028000000000000004
271,candidate_1,candidate_5,candidate_3,candidate_2,candidate_4,5,0.028000000000000004
272,candidate_1,candidate_5,candidate_3,candidate_2,candidate_4,5,0.028000000000000004
273,candidate_1,candidate_5,candidate_3,candidate_2,candidate_4,5,0.028000000000000004
274,candidate_1,candidate_5,candidate_3,candidate_2,candidate_4,5,0.028000000000000004
275,candidate_1,candidate_5,candidate_3,candidate_2,candidate_4,5,0.028000000000000004
276,candidate_1,candidate_5,candidate_3,candidate_2,candidate_4,5,0.028000000000000004
277,candidate_1,candidate_5,candidate_3,candidate_2,candidate_4,5,0.028000000000000004
278,candidate_1,candidate_5,candidate_3,candidate_2,candidate_4,5,0.028000000000000004
279,candidate_1,candidate_5,candidate_3,candidate_2,candidate_4,5,0.028000000000000004
280,candidate_1,candidate_5,candidate_3,candidate_2,candidate_4,5,0.028000000000000004
281,candidate_1,candidate_5,candidate_3,candidate_2,candidate_4,5,0.028000000000000004
282,candidate_1,candidate_5,candidate_3,candidate_2,candidate_4,5,0.028000000000000004
0,candidate_1,candidate_5,candidate_3,candidate_4,candidate_2,5,0.028000000000000004
1,candidate_1,candidate_5,candidate_3,candidate_4,candidate_2,5,0.028000000000000004
2,candidate_1,candidate_5,candidate_3,candidate_4,candidate_2,5,0.028000000000000004
3,candidate_1,candidate_5,candidate_3,candidate_4,candidate_2,5,0.028000000000000004
4,candidate_1,candidate_5,candidate_3,candidate_4,0,5,0.028000000000000004
5,candidate_1,candidate_5,candidate_3,candidate_4,candidate_2,5,0.028000000000000004
6,candidate_1,candidate_5,candidate_3,candidate_4,candidate_2,5,0.028000000000000004
7,candidate_1,candidate_5,candidate_3,candidate_4,candidate_2,5,0.028000000000000004
8,candidate_1,candidate_5,candidate_3,candidate_4,candidate_2,5,0.028000000000000004
9,candidate_1,candidate_5,candidate_3,candidate_4,candidate_2,5,0.028000000000000004
10,candidate_1,candidate_5,candidate_3,candidate_4,candidate_2,5,0.028000000000000004
11,candidate_1,candidate_5,candidate_3,candidate_4,candidate_2,5,0.028000000000000004
12,candidate_1,candidate_5,candidate_3,candidate_4,candidate_2,5,0.028000000000000004
13,candidate_1,candidate_5,candidate_3,candidate_4,candidate_2,5,0.028000000000000004
14,candidate_1,candidate_5,candidate_3,candidate_4,candidate_2,5,0.028000000000000004
15,candidate_1,candidate_5,candidate_3,candidate_4,candidate_2,5,0.028000000000000004
16,candidate_1,candidate_5,candidate_3,candidate_4,candidate_2,5,0.028000000000000004
17,candidate_1,candidate_5,candidate_3,candidate_4,candidate_2,5,0.028000000000000004
18,candidate_1,candidate_5,candidate_3,candidate_4,candidate_2,5,0.028000000000000004
19,candidate_1,candidate_5,candidate_3,candidate_4,candidate_2,5,0.028000000000000004
20,candidate_1,candidate_5,candidate_3,candidate_4,candidate_2,5,0.028000000000000004
21,candidate_1,candidate_5,candidate_3,candidate_4,candidate_2,5,0.028000000000000004
22,candidate_1,candidate_5,candidate_3,candidate_4,candidate_2,5,0.028000000000000004
23,candidate_1,candidate_5,0,candidate_4,candidate_2,5,0.028000000000000004
24,candidate_1,candidate_5,candidate_3,candidate_4,candidate_2,5,0.028000000000000004
25,candidate_1,candidate_5,candidate_3,candidate_4,candidate_2,5,0.028000000000000004
26,candidate_1,candidate_5,candidate_3,0,candidate_2,5,0.028000000000000004
27,candidate_1,candidate_5,candidate_3,candidate_4,candidate_2,5,0.028000000000000004
28,candidate_1,candidate_5,candidate_3,candidate_4,candidate_2,5,0.028000000000000004
29,candidate_1,candidate_5,candidate_3,candidate_4,candidate_2,5,0.028000000000000004
30,candidate_1,candidate_5,candidate_3,candidate_4,candidate_2,5,0.028000000000000004
31,candidate_1,candidate_5,candidate_3,candidate_4,candidate_2,5,0.028000000000000004
32,candidate_1,candidate_5,candidate_3,candidate_4,candidate_2,5,0.028000000000000004
33,candidate_1,candidate_5,candidate_3,candidate_4,candidate_2,5,0.028000000000000004
34,candidate_1,candidate_5,candidate_3,candidate_4,candidate_2,5,0.028000000000000004
35,candidate_1,candidate_5,candidate_3,candidate_4,candidate_2,5,0.028000000000000004
36,candidate_1,candidate_5,candidate_3,candidate_4,candidate_2,5,0.028000000000000004
37,candidate_1,candidate_5,candidate_3,candidate_4,candidate_2,5,0.028000000000000004
38,candidate_1,candidate_5,candidate_3,candidate_4,candidate_2,5,0.028000000000000004
39,candidate_1,candidate_5,candidate_3,candidate_4,candidate_2,5,0.028000000000000004
40,candidate_1,candidate_5,candidate_3,candidate_4,candidate_2,5,0.028000000000000004
41,candidate_1,candidate_5,candidate_3,candidate_4,candidate_2,5,0.028000000000000004
42,candidate_1,candidate_5,candidate_3,candidate_4,candidate_2,5,0.028000000000000004
43,candidate_1,candidate_5,candidate_3,candidate_4,candidate_2,5,0.028000000000000004
44,candidate_1,candidate_5,candidate_3,candidate_4,candidate_2,5,0.028000000000000004
45,candidate_1,candidate_5,candidate_3,candidate_4,candidate_2,5,0.028000000000000004
46,candidate_1,candidate_5,candidate_3,candidate_4,candidate_2,5,0.028000000000000004
47,candidate_1,candidate_5,candidate_3,candidate_4,0,5,0.028000000000000004
48,candidate_1,candidate_5,candidate_3,candidate_4,candidate_2,5,0.028000000000000004
49,candidate_1,candidate_5,candidate_3,candidate_4,candidate_2,5,0.028000000000000004
50,candidate_1,candidate_5,candidate_3,candidate_4,candidate_2,5,0.028000000000000004
51,candidate_1,candidate_5,candidate_3,0,candidate_2,5,0.028000000000000004
52,candidate_1,candidate_5,candidate_3,candidate_4,candidate_2,5,0.028000000000000004
53,candidate_1,candidate_5,0,candidate_4,candidate_2,5,0.028000000000000004
54,candidate_1,candidate_5,candidate_3,candidate_4,candidate_2,5,0.028000000000000004
55,candidate_1,candidate_5,candidate_3,candidate_4,candidate_2,5,0.028000000000000004
56,candidate_1,candidate_5,candidate_3,candidate_4,candidate_2,5,0.028000000000000004
57,candidate_1,candidate_5,candidate_3,candidate_4,candidate_2,5,0.028000000000000004
58,candidate_1,candidate_5,candidate_3,candidate_4,candidate_2,5,0.028000000000000004
59,candidate_1,candidate_5,candidate_3,candidate_4,candidate_2,5,0.028000000000000004
60,candidate_1,candidate_5,candidate_3,candidate_4,candidate_2,5,0.028000000000000004
61,candidate_1,candidate_5,candidate_3,candidate_4,candidate_2,5,0.028000000000000004
62,candidate_1,candidate_5,candidate_3,candidate_4,candidate_2,5,0.028000000000000004
63,candidate_1,candidate_5,candidate_3,candidate_4,candidate_2,5,0.028000000000000004
64,candidate_1,candidate_5,candidate_3,candidate_4,candidate_2,5,0.028000000000000004
65,candidate_1,candidate_5,candidate_3,candidate_4,candidate_2,5,0.028000000000000004
66,candidate_1,candidate_5,candidate_3,candidate_4,candidate_2,5,0.028000000000000004
67,candidate_1,candidate_5,candidate_3,candidate_4,candidate_2,5,0.028000000000000004
68,0,candidate_5,candidate_3,candidate_4,candidate_2,5,0.028000000000000004
69,candidate_1,candidate_5,candidate_3,candidate_4,candidate_2,5,0.028000000000000004
70,candidate_1,candidate_5,candidate_3,candidate_4,candidate_2,5,0.028000000000000004
71,candidate_1,candidate_5,candidate_3,candidate_4,0,5,0.028000000000000004
72,candidate_1,candidate_5,candidate_3,candidate_4,candidate_2,5,0.028000000000000004
73,candidate_1,candidate_5,candidate_3,candidate_4,candidate_2,5,0.028000000000000004
74,candidate_1,candidate_5,candidate_3,candidate_4,0,5,0.028000000000000004
75,candidate_1,candidate_5,candidate_3,candidate_4,candidate_2,5,0.028000000000000004
76,candidate_1,candidate_5,candidate_3,candidate_4,candidate_2,5,0.028000000000000004
77,candidate_1,candidate_5,candidate_3,candidate_4,candidate_2,5,0.028000000000000004
78,candidate_1,candidate_5,candidate_3,candidate_4,candidate_2,5,0.028000000000000004
79,candidate_1,candidate_5,candidate_3,candidate_4,candidate_2,5,0.028000000000000004
80,candidate_1,candidate_5,candidate_3,candidate_4,candidate_2,5,0.028000000000000004
81,candidate_1,candidate_5,candidate_3,candidate_4,candidate_2,5,0.028000000000000004
82,candidate_1,candidate_5,candidate_3,candidate_4,0,5,0.028000000000000004
83,candidate_1,candidate_5,candidate_3,candidate_4,candidate_2,5,0.028000000000000004
84,candidate_1,candidate_5,candidate_3,candidate_4,candidate_2,5,0.028000000000000004
85,candidate_1,candidate_5,candidate_3,candidate_4,candidate_2,5,0.028000000000000004
86,candidate_1,candidate_5,candidate_3,0,candidate_2,5,0.028000000000000004
87,candidate_1,candidate_5,0,candidate_4,candidate_2,5,0.028000000000000004
88,candidate_1,candidate_5,candidate_3,candidate_4,candidate_2,5,0.028000000000000004
89,candidate_1,candidate_5,candidate_3,candidate_4,candidate_2,5,0.028000000000000004
90,candidate_1,candidate_5,candidate_3,candidate_4,candidate_2,5,0.028000000000000004
91,candidate_1,candidate_5,candidate_3,candidate_4,candidate_2,5,0.028000000000000004
92,candidate_1,candidate_5,candidate_3,candidate_4,candidate_2,5,0.028000000000000004
93,candidate_1,candidate_5,candidate_3,candidate_4,candidate_2,5,0.028000000000000004
94,candidate_1,candidate_5,candidate_3,candidate_4,candidate_2,5,0.028000000000000004
95,candidate_1,candidate_5,0,candidate_4,candidate_2,5,0.028000000000000004
96,candidate_1,candidate_5,candidate_3,candidate_4,candidate_2,5,0.028000000000000004
97,candidate_1,candidate_5,candidate_3,candidate_4,candidate_2,5,0.028000000000000004
98,candidate_1,candidate_5,candidate_3,candidate_4,candidate_2,5,0.028000000000000004
99,candidate_1,candidate_5,candidate_3,candidate_4,candidate_2,5,0.028000000000000004
100,candidate_1,candidate_5,candidate_3,candidate_4,candidate_2,5,0.028000000000000004
101,candidate_1,candidate_5,candidate_3,candidate_4,candidate_2,5,0.028000000000000004
102,candidate_1,candidate_5,candidate_3,candidate_4,candidate_2,5,0.028000000000000004
103,candidate_1,candidate_5,candidate_3,candidate_4,candidate_2,5,0.028000000000000004
104,candidate_1,candidate_5,0,candidate_4,candidate_2,5,0.028000000000000004
105,candidate_1,candidate_5,candidate_3,candidate_4,0,5,0.028000000000000004
106,candidate_1,candidate_5,candidate_3,0,candidate_2,5,0.028000000000000004
107,candidate_1,candidate_5,candidate_3,candidate_4,candidate_2,5,0.028000000000000004
108,candidate_1,candidate_5,candidate_3,candidate_4,candidate_2,5,0.028000000000000004
109,candidate_1,0,candidate_3,candidate_4,candidate_2,5,0.028000000000000004
110,candidate_1,candidate_5,candidate_3,candidate_4,candidate_2,5,0.028000000000000004
111,candidate_1,candidate_5,candidate_3,candidate_4,candidate_2,5,0.028000000000000004
112,candidate_1,candidate_5,candidate_3,candidate_4,candidate_2,5,0.028000000000000004
113,candidate_1,candidate_5,candidate_3,candidate_4,candidate_2,5,0.028000000000000004
114,candidate_1,candidate_5,0,candidate_4,candidate_2,5,0.028000000000000004
115,candidate_1,candidate_5,candidate_3,candidate_4,candidate_2,5,0.028000000000000004
116,candidate_1,candidate_5,candidate_3,candidate_4,candidate_2,5,0.028000000000000004
117,candidate_1,candidate_5,candidate_3,candidate_4,candidate_2,5,0.028000000000000004
118,0,0,candidate_3,candidate_4,candidate_2,5,0.028000000000000004
119,candidate_1,candidate_5,candidate_3,candidate_4,candidate_2,5,0.028000000000000004
120,candidate_1,candidate_5,candidate_3,candidate_4,candidate_2,5,0.028000000000000004
121,candidate_1,candidate_5,candidate_3,candidate_4,candidate_2,5,0.028000000000000004
122,candidate_1,candidate_5,candidate_3,candidate_4,candidate_2,5,0.028000000000000004
123,candidate_1,candidate_5,candidate_3,candidate_4,candidate_2,5,0.028000000000000004
124,candidate_1,candidate_5,candidate_3,candidate_4,candidate_2,5,0.028000000000000004
125,candidate_1,candidate_5,candidate_3,candidate_4,candidate_2,5,0.028000000000000004
126,candidate_1,candidate_5,candidate_3,candidate_4,0,5,0.028000000000000004
127,candidate_1,candidate_5,candidate_3,candidate_4,candidate_2,5,0.028000000000000004
128,candidate_1,candidate_5,candidate_3,candidate_4,candidate_2,5,0.028000000000000004
129,candidate_1,candidate_5,candidate_3,candidate_4,candidate_2,5,0.028000000000000004
130,0,candidate_5,candidate_3,candidate_4,candidate_2,5,0.028000000000000004
131,candidate_1,candidate_5,candidate_3,candidate_4,candidate_2,5,0.028000000000000004
132,0,candidate_5,candidate_3,candidate_4,candidate_2,5,0.028000000000000004
133,candidate_1,candidate_5,candidate_3,candidate_4,candidate_2,5,0.028000000000000004
134,candidate_1,candidate_5,candidate_3,candidate_4,candidate_2,5,0.028000000000000004
135,candidate_1,candidate_5,candidate_3,candidate_4,candidate_2,5,0.028000000000000004
136,candidate_1,candidate_5,candidate_3,candidate_4,candidate_2,5,0.028000000000000004
137,candidate_1,candidate_5,candidate_3,candidate_4,candidate_2,5,0.028000000000000004
138,candidate_1,candidate_5,candidate_3,candidate_4,candidate_2,5,0.028000000000000004
139,candidate_1,candidate_5,candidate_3,candidate_4,candidate_2,5,0.028000000000000004
140,candidate_1,candidate_5,candidate_3,candidate_4,candidate_2,5,0.028000000000000004
141,candidate_1,candidate_5,candidate_3,candidate_4,candidate_2,5,0.028000000000000004
142,candidate_1,candidate_5,candidate_3,candidate_4,candidate_2,5,0.028000000000000004
143,candidate_1,candidate_5,candidate_3,candidate_4,candidate_2,5,0.028000000000000004
144,candidate_1,0,candidate_3,candidate_4,candidate_2,5,0.028000000000000004
145,candidate_1,candidate_5,candidate_3,0,candidate_2,5,0.028000000000000004
146,candidate_1,0,candidate_3,candidate_4,candidate_2,5,0.028000000000000004
147,0,candidate_5,candidate_3,candidate_4,candidate_2,5,0.028000000000000004
148,candidate_1,candidate_5,candidate_3,candidate_4,candidate_2,5,0.028000000000000004
149,candidate_1,candidate_5,candidate_3,candidate_4,candidate_2,5,0.028000000000000004
150,candidate_1,candidate_5,candidate_3,candidate_4,candidate_2,5,0.028000000000000004
151,candidate_1,candidate_5,candidate_3,candidate_4,candidate_2,5,0.028000000000000004
152,candidate_1,candidate_5,candidate_3,candidate_4,candidate_2,5,0.028000000000000004
153,candidate_1,candidate_5,candidate_3,candidate_4,candidate_2,5,0.028000000000000004
154,candidate_1,candidate_5,candidate_3,candidate_4,candidate_2,5,0.028000000000000004
155,candidate_1,candidate_5,candidate_3,candidate_4,candidate_2,5,0.028000000000000004
156,candidate_1,candidate_5,candidate_3,candidate_4,candidate_2,5,0.028000000000000004
157,candidate_1,candidate_5,candidate_3,candidate_4,candidate_2,5,0.028000000000000004
158,candidate_1,candidate_5,candidate_3,candidate_4,candidate_2,5,0.028000000000000004
159,candidate_1,candidate_5,candidate_3,candidate_4,candidate_2,5,0.028000000000000004
160,candidate_1,candidate_5,candidate_3,candidate_4,candidate_2,5,0.028000000000000004
161,candidate_1,candidate_5,candidate_3,candidate_4,candidate_2,5,0.028000000000000004
162,candidate_1,candidate_5,candidate_3,candidate_4,candidate_2,5,0.028000000000000004
163,candidate_1,candidate_5,candidate_3,candidate_4,candidate_2,5,0.028000000000000004
164,candidate_1,candidate_5,candidate_3,candidate_4,candidate_2,5,0.028000000000000004
165,candidate_1,candidate_5,candidate_3,candidate_4,candidate_2,5,0.028000000000000004
166,candidate_1,candidate_5,candidate_3,candidate_4,candidate_2,5,0.028000000000000004
167,candidate_1,candidate_5,candidate_3,candidate_4,candidate_2,5,0.028000000000000004
168,candidate_1,candidate_5,candidate_3,candidate_4,candidate_2,5,0.028000000000000004
169,candidate_1,0,candidate_3,candidate_4,candidate_2,5,0.028000000000000004
170,candidate_1,candidate_5,candidate_3,candidate_4,candidate_2,5,0.028000000000000004
171,candidate_1,candidate_5,candidate_3,candidate_4,candidate_2,5,0.028000000000000004
172,0,candidate_5,candidate_3,candidate_4,candidate_2,5,0.028000000000000004
173,candidate_1,0,candidate_3,candidate_4,candidate_2,5,0.028000000000000004
174,candidate_1,candidate_5,candidate_3,candidate_4,candidate_2,5,0.028000000000000004
175,candidate_1,candidate_5,candidate_3,candidate_4,candidate_2,5,0.028000000000000004
176,candidate_1,candidate_5,candidate_3,candidate_4,candidate_2,5,0.028000000000000004
177,candidate_1,candidate_5,candidate_3,candidate_4,candidate_2,5,0.028000000000000004
178,candidate_1,candidate_5,candidate_3,candidate_4,0,5,0.028000000000000004
179,candidate_1,candidate_5,candidate_3,candidate_4,candidate_2,5,0.028000000000000004
180,candidate_1,candidate_5,candidate_3,candidate_4,candidate_2,5,0.028000000000000004
181,candidate_1,candidate_5,candidate_3,candidate_4,candidate_2,5,0.028000000000000004
182,candidate_1,candidate_5,candidate_3,candidate_4,candidate_2,5,0.028000000000000004
183,candidate_1,candidate_5,candidate_3,candidate_4,candidate_2,5,0.028000000000000004
184,candidate_1,candidate_5,candidate_3,candidate_4,candidate_2,5,0.028000000000000004
185,candidate_1,candidate_5,candidate_3,candidate_4,candidate_2,5,0.028000000000000004
186,candidate_1,candidate_5,candidate_3,candidate_4,candidate_2,5,0.028000000000000004
187,candidate_1,candidate_5,candidate_3,candidate_4,candidate_2,5,0.028000000000000004
188,candidate_1,0,candidate_3,0,candidate_2,5,0.028000000000000004
189,0,candidate_5,candidate_3,candidate_4,candidate_2,5,0.028000000000000004
190,candidate_1,candidate_5,candidate_3,candidate_4,0,5,0.028000000000000004
191,candidate_1,candidate_5,candidate_3,candidate_4,candidate_2,5,0.028000000000000004
192,candidate_1,candidate_5,candidate_3,candidate_4,candidate_2,5,0.028000000000000004
193,candidate_1,candidate_5,candidate_3,candidate_4,candidate_2,5,0.028000000000000004
194,0,candidate_5,candidate_3,candidate_4,candidate_2,5,0.028000000000000004
195,candidate_1,candidate_5,candidate_3,candidate_4,candidate_2,5,0.028000000000000004
196,0,candidate_5,candidate_3,candidate_4,candidate_2,5,0.028000000000000004
197,candidate_1,candidate_5,candidate_3,candidate_4,candidate_2,5,0.028000000000000004
198,candidate_1,candidate_5,candidate_3,candidate_4,candidate_2,5,0.028000000000000004
199,candidate_1,candidate_5,candidate_3,candidate_4,candidate_2,5,0.028000000000000004
200,candidate_1,candidate_5,candidate_3,candidate_4,candidate_2,5,0.028000000000000004
201,candidate_1,candidate_5,candidate_3,candidate_4,candidate_2,5,0.028000000000000004
202,candidate_1,candidate_5,candidate_3,candidate_4,candidate_2,5,0.028000000000000004
203,candidate_1,candidate_5,candidate_3,candidate_4,candidate_2,5,0.028000000000000004
204,candidate_1,candidate_5,candidate_3,candidate_4,candidate_2,5,0.028000000000000004
205,candidate_1,candidate_5,candidate_3,candidate_4,candidate_2,5,0.028000000000000004
206,candidate_1,candidate_5,candidate_3,candidate_4,candidate_2,5,0.028000000000000004
207,candidate_1,candidate_5,candidate_3,0,candidate_2,5,0.028000000000000004
208,candidate_1,candidate_5,candidate_3,candidate_4,candidate_2,5,0.028000000000000004
209,candidate_1,candidate_5,candidate_3,candidate_4,candidate_2,5,0.028000000000000004
210,candidate_1,candidate_5,candidate_3,candidate_4,candidate_2,5,0.028000000000000004
211,candidate_1,candidate_5,candidate_3,candidate_4,candidate_2,5,0.028000000000000004
212,candidate_1,candidate_5,candidate_3,candidate_4,candidate_2,5,0.028000000000000004
213,candidate_1,candidate_5,candidate_3,candidate_4,candidate_2,5,0.028000000000000004
214,candidate_1,candidate_5,candidate_3,candidate_4,candidate_2,5,0.028000000000000004
215,candidate_1,candidate_5,candidate_3,candidate_4,candidate_2,5,0.028000000000000004
216,candidate_1,candidate_5,candidate_3,candidate_4,candidate_2,5,0.028000000000000004
217,0,candidate_5,candidate_3,candidate_4,candidate_2,5,0.028000000000000004
218,candidate_1,candidate_5,candidate_3,candidate_4,candidate_2,5,0.028000000000000004
219,candidate_1,candidate_5,candidate_3,candidate_4,candidate_2,5,0.028000000000000004
220,candidate_1,candidate_5,0,candidate_4,candidate_2,5,0.028000000000000004
221,candidate_1,candidate_5,candidate_3,candidate_4,candidate_2,5,0.028000000000000004
222,candidate_1,candidate_5,candidate_3,candidate_4,candidate_2,5,0.028000000000000004
223,candidate_1,candidate_5,0,candidate_4,candidate_2,5,0.028000000000000004
224,candidate_1,candidate_5,candidate_3,0,candidate_2,5,0.028000000000000004
225,candidate_1,candidate_5,candidate_3,candidate_4,candidate_2,5,0.028000000000000004
226,candidate_1,candidate_5,candidate_3,candidate_4,candidate_2,5,0.028000000000000004
227,0,candidate_5,candidate_3,candidate_4,candidate_2,5,0.028000000000000004
228,candidate_1,candidate_5,0,candidate_4,candidate_2,5,0.028000000000000004
229,candidate_1,candidate_5,candidate_3,candidate_4,candidate_2,5,0.028000000000000004
230,candidate_1,candidate_5,candidate_3,candidate_4,candidate_2,5,0.028000000000000004
231,candidate_1,candidate_5,candidate_3,candidate_4,candidate_2,5,0.028000000000000004
232,candidate_1,candidate_5,candidate_3,candidate_4,candidate_2,5,0.028000000000000004
233,candidate_1,candidate_5,candidate_3,candidate_4,candidate_2,5,0.028000000000000004
234,candidate_1,0,candidate_3,candidate_4,candidate_2,5,0.028000000000000004
235,candidate_1,candidate_5,candidate_3,candidate_4,candidate_2,5,0.028000000000000004
236,candidate_1,candidate_5,candidate_3,candidate_4,candidate_2,5,0.028000000000000004
237,candidate_1,candidate_5,candidate_3,candidate_4,candidate_2,5,0.028000000000000004
238,candidate_1,candidate_5,candidate_3,candidate_4,candidate_2,5,0.028000000000000004
239,candidate_1,candidate_5,candidate_3,candidate_4,candidate_2,5,0.028000000000000004
240,candidate_1,candidate_5,candidate_3,candidate_4,candidate_2,5,0.028000000000000004
241,candidate_1,candidate_5,candidate_3,candidate_4,candidate_2,5,0.028000000000000004
242,candidate_1,candidate_5,candidate_3,candidate_4,candidate_2,5,0.028000000000000004
243,candidate_1,candidate_5,candidate_3,candidate_4,candidate_2,5,0.028000000000000004
244,candidate_1,candidate_5,candidate_3,candidate_4,candidate_2,5,0.028000000000000004
245,candidate_1,candidate_5,candidate_3,candidate_4,candidate_2,5,0.028000000000000004
246,0,candidate_5,candidate_3,candidate_4,candidate_2,5,0.028000000000000004
247,candidate_1,candidate_5,candidate_3,candidate_4,candidate_2,5,0.028000000000000004
248,0,candidate_5,candidate_3,candidate_4,candidate_2,5,0.028000000000000004
249,candidate_1,0,candidate_3,candidate_4,candidate_2,5,0.028000000000000004
250,candidate_1,candidate_5,candidate_3,candidate_4,candidate_2,5,0.028000000000000004
251,candidate_1,candidate_5,candidate_3,candidate_4,candidate_2,5,0.028000000000000004
252,candidate_1,candidate_5,candidate_3,candidate_4,candidate_2,5,0.028000000000000004
253,candidate_1,candidate_5,candidate_3,candidate_4,candidate_2,5,0.028000000000000004
254,candidate_1,candidate_5,candidate_3,candidate_4,candidate_2,5,0.028000000000000004
255,candidate_1,candidate_5,candidate_3,candidate_4,candidate_2,5,0.028000000000000004
256,candidate_1,candidate_5,candidate_3,candidate_4,candidate_2,5,0.028000000000000004
257,candidate_1,candidate_5,candidate_3,candidate_4,candidate_2,5,0.028000000000000004
258,candidate_1,candidate_5,candidate_3,candidate_4,candidate_2,5,0.028000000000000004
259,candidate_1,candidate_5,candidate_3,candidate_4,candidate_2,5,0.028000000000000004
260,candidate_1,candidate_5,candidate_3,candidate_4,candidate_2,5,0.028000000000000004
261,candidate_1,candidate_5,candidate_3,candidate_4,candidate_2,5,0.028000000000000004
262,candidate_1,candidate_5,candidate_3,candidate_4,candidate_2,5,0.028000000000000004
263,candidate_1,candidate_5,0,candidate_4,candidate_2,5,0.028000000000000004
264,candidate_1,candidate_5,candidate_3,candidate_4,candidate_2,5,0.028000000000000004
265,candidate_1,candidate_5,candidate_3,candidate_4,candidate_2,5,0.028000000000000004
266,candidate_1,candidate_5,candidate_3,candidate_4,candidate_2,5,0.028000000000000004
267,0,candidate_5,candidate_3,candidate_4,0,5,0.028000000000000004
268,candidate_1,candidate_5,candidate_3,candidate_4,candidate_2,5,0.028000000000000004
269,candidate_1,candidate_5,candidate_3,candidate_4,candidate_2,5,0.028000000000000004
270,candidate_1,candidate_5,candidate_3,candidate_4,candidate_2,5,0.028000000000000004
271,candidate_1,candidate_5,candidate_3,candidate_4,candidate_2,5,0.028000000000000004
272,candidate_1,candidate_5,candidate_3,candidate_4,candidate_2,5,0.028000000000000004
273,candidate_1,candidate_5,candidate_3,candidate_4,0,5,0.028000000000000004
274,candidate_1,candidate_5,candidate_3,candidate_4,candidate_2,5,0.028000000000000004
275,candidate_1,candidate_5,0,candidate_4,0,5,0.028000000000000004
276,candidate_1,candidate_5,candidate_3,candidate_4,candidate_2,5,0.028000000000000004
277,candidate_1,candidate_5,candidate_3,candidate_4,candidate_2,5,0.028000000000000004
278,candidate_1,candidate_5,candidate_3,candidate_4,candidate_2,5,0.028000000000000004
279,candidate_1,candidate_5,candidate_3,candidate_4,candidate_2,5,0.028000000000000004
280,candidate_1,candidate_5,candidate_3,candidate_4,candidate_2,5,0.028000000000000004
281,candidate_1,candidate_5,candidate_3,candidate_4,candidate_2,5,0.028000000000000004
282,candidate_1,candidate_5,candidate_3,candidate_4,candidate_2,5,0.028000000000000004
283,candidate_1,candidate_5,candidate_3,candidate_4,candidate_2,5,0.028000000000000004
284,candidate_1,candidate_5,candidate_3,candidate_4,candidate_2,5,0.028000000000000004
285,candidate_1,candidate_5,candidate_3,candidate_4,candidate_2,5,0.028000000000000004
286,candidate_1,candidate_5,candidate_3,candidate_4,candidate_2,5,0.028000000000000004
287,candidate_1,candidate_5,candidate_3,candidate_4,candidate_2,5,0.028000000000000004
288,candidate_1,candidate_5,candidate_3,candidate_4,candidate_2,5,0.028000000000000004
289,candidate_1,candidate_5,candidate_3,candidate_4,candidate_2,5,0.028000000000000004
290,candidate_1,candidate_5,candidate_3,candidate_4,candidate_2,5,0.028000000000000004
291,candidate_1,candidate_5,candidate_3,candidate_4,candidate_2,5,0.028000000000000004
292,candidate_1,candidate_5,candidate_3,candidate_4,candidate_2,5,0.028000000000000004
293,candidate_1,candidate_5,candidate_3,candidate_4,candidate_2,5,0.028000000000000004
294,candidate_1,candidate_5,candidate_3,0,candidate_2,5,0.028000000000000004
295,candidate_1,candidate_5,candidate_3,candidate_4,candidate_2,5,0.028000000000000004
296,candidate_1,candidate_5,candidate_3,candidate_4,candidate_2,5,0.028000000000000004
297,candidate_1,candidate_5,candidate_3,candidate_4,candidate_2,5,0.028000000000000004
298,candidate_1,candidate_5,candidate_3,candidate_4,candidate_2,5,0.028000000000000004
299,candidate_1,candidate_5,candidate_3,candidate_4,candidate_2,5,0.028000000000000004
300,candidate_1,candidate_5,candidate_3,candidate_4,candidate_2,5,0.028000000000000004
301,candidate_1,candidate_5,candidate_3,candidate_4,candidate_2,5,0.028000000000000004
302,candidate_1,candidate_5,candidate_3,candidate_4,candidate_2,5,0.028000000000000004
303,candidate_1,candidate_5,candidate_3,candidate_4,candidate_2,5,0.028000000000000004
304,candidate_1,candidate_5,candidate_3,0,candidate_2,5,0.028000000000000004
305,candidate_1,candidate_5,candidate_3,candidate_4,candidate_2,5,0.028000000000000004
306,candidate_1,candidate_5,candidate_3,candidate_4,candidate_2,5,0.028000000000000004
307,candidate_1,candidate_5,candidate_3,candidate_4,candidate_2,5,0.028000000000000004
308,candidate_1,candidate_5,candidate_3,candidate_4,candidate_2,5,0.028000000000000004
309,candidate_1,candidate_5,candidate_3,candidate_4,candidate_2,5,0.028000000000000004
310,candidate_1,candidate_5,candidate_3,candidate_4,candidate_2,5,0.028000000000000004
311,0,candidate_5,candidate_3,candidate_4,candidate_2,5,0.028000000000000004
312,candidate_1,candidate_5,candidate_3,candidate_4,candidate_2,5,0.028000000000000004
313,candidate_1,candidate_5,candidate_3,candidate_4,candidate_2,5,0.028000000000000004
314,candidate_1,candidate_5,candidate_3,candidate_4,candidate_2,5,0.028000000000000004
315,candidate_1,candidate_5,0,0,candidate_2,5,0.028000000000000004
316,candidate_1,candidate_5,candidate_3,candidate_4,candidate_2,5,0.028000000000000004
317,candidate_1,candidate_5,candidate_3,candidate_4,candidate_2,5,0.028000000000000004
318,candidate_1,candidate_5,candidate_3,candidate_4,candidate_2,5,0.028000000000000004
319,candidate_1,candidate_5,candidate_3,candidate_4,candidate_2,5,0.028000000000000004
320,candidate_1,candidate_5,candidate_3,candidate_4,candidate_2,5,0.028000000000000004
321,candidate_1,candidate_5,candidate_3,candidate_4,candidate_2,5,0.028000000000000004
322,candidate_1,candidate_5,candidate_3,candidate_4,candidate_2,5,0.028000000000000004
323,candidate_1,candidate_5,candidate_3,candidate_4,candidate_2,5,0.028000000000000004
324,candidate_1,candidate_5,candidate_3,candidate_4,candidate_2,5,0.028000000000000004
325,candidate_1,candidate_5,candidate_3,candidate_4,candidate_2,5,0.028000000000000004
326,candidate_1,candidate_5,candidate_3,candidate_4,candidate_2,5,0.028000000000000004
327,candidate_1,candidate_5,candidate_3,candidate_4,candidate_2,5,0.028000000000000004
328,candidate_1,candidate_5,candidate_3,candidate_4,candidate_2,5,0.028000000000000004
329,candidate_1,candidate_5,candidate_3,candidate_4,candidate_2,5,0.028000000000000004
330,candidate_1,candidate_5,candidate_3,candidate_4,candidate_2,5,0.028000000000000004
331,candidate_1,candidate_5,candidate_3,candidate_4,candidate_2,5,0.028000000000000004
332,candidate_1,candidate_5,candidate_3,candidate_4,candidate_2,5,0.028000000000000004
333,candidate_1,candidate_5,candidate_3,candidate_4,candidate_2,5,0.028000000000000004
334,candidate_1,candidate_5,candidate_3,candidate_4,candidate_2,5,0.028000000000000004
335,candidate_1,candidate_5,candidate_3,candidate_4,candidate_2,5,0.028000000000000004
336,candidate_1,candidate_5,candidate_3,candidate_4,candidate_2,5,0.028000000000000004
337,candidate_1,candidate_5,candidate_3,candidate_4,candidate_2,5,0.028000000000000004
338,candidate_1,candidate_5,candidate_3,candidate_4,candidate_2,5,0.028000000000000004
339,candidate_1,candidate_5,candidate_3,candidate_4,candidate_2,5,0.028000000000000004
340,candidate_1,candidate_5,candidate_3,0,candidate_2,5,0.028000000000000004
341,candidate_1,candidate_5,candidate_3,candidate_4,candidate_2,5,0.028000000000000004
342,candidate_1,candidate_5,candidate_3,candidate_4,candidate_2,5,0.028000000000000004
343,candidate_1,candidate_5,candidate_3,candidate_4,candidate_2,5,0.028000000000000004
344,candidate_1,0,candidate_3,candidate_4,candidate_2,5,0.028000000000000004
345,candidate_1,candidate_5,0,candidate_4,candidate_2,5,0.028000000000000004
346,candidate_1,candidate_5,candidate_3,candidate_4,candidate_2,5,0.028000000000000004
347,candidate_1,candidate_5,candidate_3,candidate_4,candidate_2,5,0.028000000000000004
348,candidate_1,candidate_5,candidate_3,candidate_4,candidate_2,5,0.028000000000000004
349,candidate_1,candidate_5,candidate_3,candidate_4,candidate_2,5,0.028000000000000004
350,candidate_1,candidate_5,candidate_3,candidate_4,candidate_2,5,0.028000000000000004
351,candidate_1,candidate_5,candidate_3,candidate_4,candidate_2,5,0.028000000000000004
352,candidate_1,candidate_5,candidate_3,candidate_4,candidate_2,5,0.028000000000000004
353,candidate_1,candidate_5,candidate_3,candidate_4,candidate_2,5,0.028000000000000004
354,candidate_1,candidate_5,candidate_3,candidate_4,candidate_2,5,0.028000000000000004
355,candidate_1,candidate_5,candidate_3,candidate_4,candidate_2,5,0.028000000000000004
356,candidate_1,candidate_5,candidate_3,candidate_4,0,5,0.028000000000000004
357,candidate_1,candidate_5,candidate_3,candidate_4,candidate_2,5,0.028000000000000004
358,candidate_1,candidate_5,candidate_3,candidate_4,candidate_2,5,0.028000000000000004
359,candidate_1,candidate_5,candidate_3,candidate_4,candidate_2,5,0.028000000000000004
360,candidate_1,candidate_5,candidate_3,candidate_4,candidate_2,5,0.028000000000000004
361,candidate_1,candidate_5,candidate_3,candidate_4,candidate_2,5,0.028000000000000004
362,candidate_1,candidate_5,candidate_3,candidate_4,candidate_2,5,0.028000000000000004
363,candidate_1,candidate_5,candidate_3,candidate_4,candidate_2,5,0.028000000000000004
364,candidate_1,candidate_5,candidate_3,candidate_4,candidate_2,5,0.028000000000000004
365,candidate_1,candidate_5,candidate_3,candidate_4,candidate_2,5,0.028000000000000004
366,candidate_1,candidate_5,candidate_3,candidate_4,candidate_2,5,0.028000000000000004
367,candidate_1,candidate_5,candidate_3,candidate_4,candidate_2,5,0.028000000000000004
368,candidate_1,candidate_5,candidate_3,candidate_4,candidate_2,5,0.028000000000000004
369,0,candidate_5,candidate_3,candidate_4,candidate_2,5,0.028000000000000004
370,candidate_1,candidate_5,candidate_3,candidate_4,candidate_2,5,0.028000000000000004
371,candidate_1,candidate_5,candidate_3,candidate_4,candidate_2,5,0.028000000000000004
372,candidate_1,candidate_5,candidate_3,candidate_4,candidate_2,5,0.028000000000000004
373,candidate_1,candidate_5,candidate_3,candidate_4,candidate_2,5,0.028000000000000004
374,candidate_1,candidate_5,candidate_3,candidate_4,candidate_2,5,0.028000000000000004
375,candidate_1,candidate_5,candidate_3,candidate_4,candidate_2,5,0.028000000000000004
376,candidate_1,candidate_5,candidate_3,candidate_4,0,5,0.028000000000000004
377,candidate_1,candidate_5,candidate_3,candidate_4,candidate_2,5,0.028000000000000004
378,candidate_1,0,candidate_3,candidate_4,candidate_2,5,0.028000000000000004
379,candidate_1,candidate_5,candidate_3,candidate_4,candidate_2,5,0.028000000000000004
380,candidate_1,candidate_5,candidate_3,0,candidate_2,5,0.028000000000000004
381,candidate_1,candidate_5,candidate_3,candidate_4,candidate_2,5,0.028000000000000004
382,candidate_1,candidate_5,candidate_3,candidate_4,candidate_2,5,0.028000000000000004
383,candidate_1,candidate_5,candidate_3,candidate_4,candidate_2,5,0.028000000000000004
384,candidate_1,candidate_5,candidate_3,candidate_4,candidate_2,5,0.028000000000000004
385,candidate_1,candidate_5,candidate_3,candidate_4,candidate_2,5,0.028000000000000004
386,candidate_1,candidate_5,candidate_3,candidate_4,candidate_2,5,0.028000000000000004
387,candidate_1,candidate_5,candidate_3,candidate_4,candidate_2,5,0.028000000000000004
388,candidate_1,candidate_5,candidate_3,candidate_4,candidate_2,5,0.028000000000000004
389,candidate_1,candidate_5,candidate_3,candidate_4,candidate_2,5,0.028000000000000004
390,candidate_1,candidate_5,candidate_3,candidate_4,candidate_2,5,0.028000000000000004
391,candidate_1,candidate_5,candidate_3,candidate_4,candidate_2,5,0.028000000000000004
392,candidate_1,candidate_5,candidate_3,candidate_4,candidate_2,5,0.028000000000000004
393,candidate_1,candidate_5,candidate_3,candidate_4,candidate_2,5,0.028000000000000004
394,candidate_1,candidate_5,candidate_3,candidate_4,0,5,0.028000000000000004
395,candidate_1,candidate_5,candidate_3,candidate_4,candidate_2,5,0.028000000000000004
396,candidate_1,candidate_5,0,candidate_4,candidate_2,5,0.028000000000000004
397,candidate_1,candidate_5,candidate_3,candidate_4,candidate_2,5,0.028000000000000004
398,candidate_1,candidate_5,candidate_3,candidate_4,candidate_2,5,0.028000000000000004
399,candidate_1,candidate_5,candidate_3,candidate_4,candidate_2,5,0.028000000000000004
400,candidate_1,candidate_5,candidate_3,candidate_4,candidate_2,5,0.028000000000000004
401,0,candidate_5,candidate_3,candidate_4,candidate_2,5,0.028000000000000004
402,candidate_1,candidate_5,candidate_3,candidate_4,candidate_2,5,0.028000000000000004
403,candidate_1,candidate_5,candidate_3,candidate_4,candidate_2,5,0.028000000000000004
404,candidate_1,candidate_5,candidate_3,candidate_4,candidate_2,5,0.028000000000000004
405,candidate_1,candidate_5,candidate_3,candidate_4,candidate_2,5,0.028000000000000004
406,candidate_1,candidate_5,candidate_3,candidate_4,candidate_2,5,0.028000000000000004
407,candidate_1,candidate_5,candidate_3,candidate_4,candidate_2,5,0.028000000000000004
408,candidate_1,candidate_5,candidate_3,candidate_4,candidate_2,5,0.028000000000000004
409,candidate_1,candidate_5,candidate_3,candidate_4,candidate_2,5,0.028000000000000004
410,candidate_1,candidate_5,candidate_3,candidate_4,candidate_2,5,0.028000000000000004
411,candidate_1,candidate_5,candidate_3,candidate_4,candidate_2,5,0.028000000000000004
412,candidate_1,candidate_5,candidate_3,candidate_4,candidate_2,5,0.028000000000000004
413,candidate_1,candidate_5,candidate_3,candidate_4,candidate_2,5,0.028000000000000004
414,candidate_1,candidate_5,candidate_3,candidate_4,candidate_2,5,0.028000000000000004
415,0,candidate_5,candidate_3,candidate_4,candidate_2,5,0.028000000000000004
416,candidate_1,0,candidate_3,candidate_4,candidate_2,5,0.028000000000000004
417,candidate_1,candidate_5,candidate_3,candidate_4,candidate_2,5,0.028000000000000004
418,candidate_1,candidate_5,candidate_3,candidate_4,candidate_2,5,0.028000000000000004
419,candidate_1,candidate_5,candidate_3,candidate_4,candidate_2,5,0.028000000000000004
420,candidate_1,candidate_5,candidate_3,candidate_4,candidate_2,5,0.028000000000000004
421,candidate_1,candidate_5,candidate_3,candidate_4,candidate_2,5,0.028000000000000004
422,candidate_1,candidate_5,candidate_3,candidate_4,candidate_2,5,0.028000000000000004
423,candidate_1,candidate_5,candidate_3,candidate_4,candidate_2,5,0.028000000000000004
424,candidate_1,candidate_5,candidate_3,candidate_4,candidate_2,5,0.028000000000000004
425,candidate_1,candidate_5,candidate_3,candidate_4,candidate_2,5,0.028000000000000004
426,candidate_1,candidate_5,candidate_3,candidate_4,candidate_2,5,0.028000000000000004
427,candidate_1,candidate_5,candidate_3,candidate_4,candidate_2,5,0.028000000000000004
428,candidate_1,candidate_5,candidate_3,candidate_4,candidate_2,5,0.028000000000000004
429,candidate_1,candidate_5,candidate_3,candidate_4,candidate_2,5,0.028000000000000004
430,candidate_1,candidate_5,candidate_3,0,candidate_2,5,0.028000000000000004
431,candidate_1,candidate_5,candidate_3,candidate_4,candidate_2,5,0.028000000000000004
432,candidate_1,candidate_5,candidate_3,candidate_4,candidate_2,5,0.028000000000000004
433,candidate_1,candidate_5,candidate_3,candidate_4,0,5,0.028000000000000004
434,candidate_1,candidate_5,candidate_3,candidate_4,candidate_2,5,0.028000000000000004
435,candidate_1,candidate_5,candidate_3,candidate_4,candidate_2,5,0.028000000000000004
436,candidate_1,candidate_5,candidate_3,candidate_4,candidate_2,5,0.028000000000000004
437,candidate_1,candidate_5,candidate_3,candidate_4,0,5,0.028000000000000004
438,candidate_1,candidate_5,candidate_3,candidate_4,candidate_2,5,0.028000000000000004
439,candidate_1,candidate_5,candidate_3,candidate_4,candidate_2,5,0.028000000000000004
440,candidate_1,candidate_5,0,candidate_4,candidate_2,5,0.028000000000000004
441,candidate_1,candidate_5,candidate_3,candidate_4,candidate_2,5,0.028000000000000004
442,candidate_1,candidate_5,candidate_3,candidate_4,candidate_2,5,0.028000000000000004
443,candidate_1,candidate_5,candidate_3,candidate_4,candidate_2,5,0.028000000000000004
444,candidate_1,candidate_5,candidate_3,candidate_4,candidate_2,5,0.028000000000000004
445,candidate_1,candidate_5,candidate_3,candidate_4,candidate_2,5,0.028000000000000004
446,candidate_1,candidate_5,candidate_3,candidate_4,candidate_2,5,0.028000000000000004
447,candidate_1,candidate_5,candidate_3,candidate_4,candidate_2,5,0.028000000000000004
448,candidate_1,candidate_5,candidate_3,candidate_4,candidate_2,5,0.028000000000000004
449,candidate_1,candidate_5,candidate_3,candidate_4,candidate_2,5,0.028000000000000004
450,candidate_1,candidate_5,candidate_3,candidate_4,candidate_2,5,0.028000000000000004
451,candidate_1,candidate_5,candidate_3,candidate_4,candidate_2,5,0.028000000000000004
452,candidate_1,candidate_5,candidate_3,candidate_4,candidate_2,5,0.028000000000000004
453,candidate_1,candidate_5,0,candidate_4,candidate_2,5,0.028000000000000004
454,candidate_1,candidate_5,candidate_3,candidate_4,candidate_2,5,0.028000000000000004
455,candidate_1,candidate_5,candidate_3,candidate_4,candidate_2,5,0.028000000000000004
456,candidate_1,candidate_5,candidate_3,candidate_4,candidate_2,5,0.028000000000000004
457,candidate_1,candidate_5,candidate_3,candidate_4,candidate_2,5,0.028000000000000004
458,0,candidate_5,candidate_3,candidate_4,0,5,0.028000000000000004
459,candidate_1,candidate_5,candidate_3,candidate_4,candidate_2,5,0.028000000000000004
460,candidate_1,candidate_5,candidate_3,candidate_4,candidate_2,5,0.028000000000000004
461,candidate_1,candidate_5,candidate_3,candidate_4,candidate_2,5,0.028000000000000004
462,0,candidate_5,candidate_3,candidate_4,candidate_2,5,0.028000000000000004
463,candidate_1,candidate_5,candidate_3,candidate_4,candidate_2,5,0.028000000000000004
464,candidate_1,candidate_5,candidate_3,candidate_4,candidate_2,5,0.028000000000000004
465,candidate_1,candidate_5,candidate_3,candidate_4,candidate_2,5,0.028000000000000004
466,candidate_1,candidate_5,candidate_3,candidate_4,candidate_2,5,0.028000000000000004
467,candidate_1,candidate_5,0,candidate_4,candidate_2,5,0.028000000000000004
468,candidate_1,candidate_5,candidate_3,candidate_4,candidate_2,5,0.028000000000000004
469,candidate_1,candidate_5,candidate_3,candidate_4,candidate_2,5,0.028000000000000004
470,candidate_1,candidate_5,candidate_3,candidate_4,candidate_2,5,0.028000000000000004
471,candidate_1,candidate_5,candidate_3,candidate_4,candidate_2,5,0.028000000000000004
472,candidate_1,candidate_5,candidate_3,candidate_4,candidate_2,5,0.028000000000000004
473,candidate_1,candidate_5,candidate_3,candidate_4,candidate_2,5,0.028000000000000004
474,candidate_1,candidate_5,candidate_3,candidate_4,candidate_2,5,0.028000000000000004
475,candidate_1,candidate_5,candidate_3,candidate_4,candidate_2,5,0.028000000000000004
476,candidate_1,candidate_5,candidate_3,candidate_4,candidate_2,5,0.028000000000000004
477,candidate_1,candidate_5,candidate_3,candidate_4,candidate_2,5,0.028000000000000004
478,candidate_1,candidate_5,candidate_3,candidate_4,candidate_2,5,0.028000000000000004
479,candidate_1,candidate_5,candidate_3,candidate_4,candidate_2,5,0.028000000000000004
480,candidate_1,candidate_5,candidate_3,candidate_4,candidate_2,5,0.028000000000000004
481,candidate_1,candidate_5,candidate_3,candidate_4,candidate_2,5,0.028000000000000004
482,candidate_1,candidate_5,candidate_3,candidate_4,candidate_2,5,0.028000000000000004
483,candidate_1,0,candidate_3,candidate_4,candidate_2,5,0.028000000000000004
484,candidate_1,candidate_5,candidate_3,candidate_4,candidate_2,5,0.028000000000000004
485,candidate_1,candidate_5,candidate_3,candidate_4,candidate_2,5,0.028000000000000004
486,candidate_1,candidate_5,candidate_3,candidate_4,candidate_2,5,0.028000000000000004
487,candidate_1,candidate_5,candidate_3,candidate_4,candidate_2,5,0.028000000000000004
488,candidate_1,candidate_5,candidate_3,candidate_4,candidate_2,5,0.028000000000000004
489,candidate_1,candidate_5,candidate_3,candidate_4,candidate_2,5,0.028000000000000004
490,candidate_1,candidate_5,candidate_3,candidate_4,candidate_2,5,0.028000000000000004
491,candidate_1,candidate_5,candidate_3,candidate_4,candidate_2,5,0.028000000000000004
492,candidate_1,candidate_5,candidate_3,candidate_4,candidate_2,5,0.028000000000000004
493,candidate_1,candidate_5,candidate_3,candidate_4,candidate_2,5,0.028000000000000004
494,candidate_1,candidate_5,candidate_3,candidate_4,candidate_2,5,0.028000000000000004
495,candidate_1,candidate_5,candidate_3,candidate_4,candidate_2,5,0.028000000000000004
496,candidate_1,candidate_5,candidate_3,candidate_4,candidate_2,5,0.028000000000000004
497,candidate_1,candidate_5,candidate_3,candidate_4,candidate_2,5,0.028000000000000004
498,candidate_1,candidate_5,candidate_3,candidate_4,candidate_2,5,0.028000000000000004
499,0,candidate_5,candidate_3,candidate_4,candidate_2,5,0.028000000000000004
500,candidate_1,candidate_5,candidate_3,candidate_4,candidate_2,5,0.028000000000000004
501,candidate_1,candidate_5,candidate_3,candidate_4,candidate_2,5,0.028000000000000004
502,candidate_1,candidate_5,candidate_3,candidate_4,candidate_2,5,0.028000000000000004
503,candidate_1,candidate_5,candidate_3,candidate_4,candidate_2,5,0.028000000000000004
504,candidate_1,candidate_5,candidate_3,candidate_4,candidate_2,5,0.028000000000000004
505,candidate_1,candidate_5,0,candidate_4,candidate_2,5,0.028000000000000004
506,candidate_1,candidate_5,candidate_3,candidate_4,candidate_2,5,0.028000000000000004
507,candidate_1,candidate_5,candidate_3,candidate_4,candidate_2,5,0.028000000000000004
508,candidate_1,candidate_5,candidate_3,candidate_4,candidate_2,5,0.028000000000000004
509,candidate_1,candidate_5,candidate_3,candidate_4,candidate_2,5,0.028000000000000004
510,candidate_1,candidate_5,candidate_3,candidate_4,candidate_2,5,0.028000000000000004
511,candidate_1,candidate_5,candidate_3,0,candidate_2,5,0.028000000000000004
512,candidate_1,candidate_5,candidate_3,candidate_4,candidate_2,5,0.028000000000000004
513,candidate_1,candidate_5,candidate_3,candidate_4,candidate_2,5,0.028000000000000004
514,candidate_1,candidate_5,candidate_3,candidate_4,candidate_2,5,0.028000000000000004
515,candidate_1,candidate_5,candidate_3,candidate_4,candidate_2,5,0.028000000000000004
516,candidate_1,candidate_5,0,candidate_4,candidate_2,5,0.028000000000000004
0,candidate_1,candidate_5,candidate_4,candidate_2,candidate_3,5,0.028000000000000004
1,candidate_1,candidate_5,candidate_4,candidate_2,candidate_3,5,0.028000000000000004
2,candidate_1,candidate_5,candidate_4,candidate_2,candidate_3,5,0.028000000000000004
3,candidate_1,candidate_5,candidate_4,candidate_2,candidate_3,5,0.028000000000000004
4,candidate_1,candidate_5,candidate_4,candidate_2,candidate_3,5,0.028000000000000004
5,candidate_1,candidate_5,candidate_4,candidate_2,candidate_3,5,0.028000000000000004
6,candidate_1,candidate_5,candidate_4,candidate_2,candidate_3,5,0.028000000000000004
7,candidate_1,candidate_5,candidate_4,candidate_2,candidate_3,5,0.028000000000000004
8,candidate_1,candidate_5,candidate_4,candidate_2,candidate_3,5,0.028000000000000004
9,candidate_1,candidate_5,candidate_4,candidate_2,candidate_3,5,0.028000000000000004
10,candidate_1,candidate_5,candidate_4,candidate_2,candidate_3,5,0.028000000000000004
11,candidate_1,candidate_5,candidate_4,candidate_2,candidate_3,5,0.028000000000000004
12,candidate_1,candidate_5,candidate_4,candidate_2,candidate_3,5,0.028000000000000004
13,candidate_1,candidate_5,candidate_4,candidate_2,candidate_3,5,0.028000000000000004
14,candidate_1,candidate_5,candidate_4,candidate_2,candidate_3,5,0.028000000000000004
15,candidate_1,candidate_5,candidate_4,candidate_2,candidate_3,5,0.028000000000000004
16,candidate_1,candidate_5,candidate_4,candidate_2,candidate_3,5,0.028000000000000004
17,candidate_1,candidate_5,0,candidate_2,candidate_3,5,0.028000000000000004
18,candidate_1,candidate_5,0,candidate_2,candidate_3,5,0.028000000000000004
19,candidate_1,candidate_5,candidate_4,candidate_2,candidate_3,5,0.028000000000000004
20,candidate_1,candidate_5,candidate_4,candidate_2,candidate_3,5,0.028000000000000004
21,candidate_1,candidate_5,candidate_4,candidate_2,candidate_3,5,0.028000000000000004
22,candidate_1,candidate_5,candidate_4,candidate_2,candidate_3,5,0.028000000000000004
23,candidate_1,candidate_5,candidate_4,candidate_2,candidate_3,5,0.028000000000000004
24,candidate_1,candidate_5,candidate_4,candidate_2,candidate_3,5,0.028000000000000004
25,candidate_1,candidate_5,candidate_4,candidate_2,candidate_3,5,0.028000000000000004
26,candidate_1,candidate_5,candidate_4,candidate_2,candidate_3,5,0.028000000000000004
27,candidate_1,candidate_5,candidate_4,candidate_2,candidate_3,5,0.028000000000000004
28,candidate_1,candidate_5,candidate_4,candidate_2,candidate_3,5,0.028000000000000004
29,candidate_1,candidate_5,candidate_4,candidate_2,candidate_3,5,0.028000000000000004
30,candidate_1,candidate_5,candidate_4,candidate_2,candidate_3,5,0.028000000000000004
31,candidate_1,candidate_5,candidate_4,candidate_2,candidate_3,5,0.028000000000000004
32,candidate_1,candidate_5,candidate_4,candidate_2,candidate_3,5,0.028000000000000004
33,candidate_1,candidate_5,candidate_4,candidate_2,candidate_3,5,0.028000000000000004
34,candidate_1,candidate_5,candidate_4,candidate_2,candidate_3,5,0.028000000000000004
35,0,candidate_5,candidate_4,candidate_2,candidate_3,5,0.028000000000000004
36,candidate_1,candidate_5,candidate_4,candidate_2,candidate_3,5,0.028000000000000004
37,candidate_1,0,candidate_4,candidate_2,candidate_3,5,0.028000000000000004
38,candidate_1,candidate_5,candidate_4,candidate_2,candidate_3,5,0.028000000000000004
39,candidate_1,candidate_5,candidate_4,candidate_2,candidate_3,5,0.028000000000000004
40,candidate_1,candidate_5,candidate_4,candidate_2,candidate_3,5,0.028000000000000004
41,candidate_1,candidate_5,candidate_4,candidate_2,candidate_3,5,0.028000000000000004
42,candidate_1,candidate_5,candidate_4,candidate_2,candidate_3,5,0.028000000000000004
43,0,candidate_5,candidate_4,candidate_2,candidate_3,5,0.028000000000000004
44,0,candidate_5,candidate_4,candidate_2,candidate_3,5,0.028000000000000004
45,0,candidate_5,candidate_4,candidate_2,candidate_3,5,0.028000000000000004
46,candidate_1,candidate_5,candidate_4,candidate_2,candidate_3,5,0.028000000000000004
47,candidate_1,candidate_5,candidate_4,candidate_2,candidate_3,5,0.028000000000000004
48,candidate_1,candidate_5,candidate_4,candidate_2,candidate_3,5,0.028000000000000004
49,candidate_1,candidate_5,0,candidate_2,candidate_3,5,0.028000000000000004
50,candidate_1,candidate_5,candidate_4,candidate_2,candidate_3,5,0.028000000000000004
51,candidate_1,candidate_5,candidate_4,candidate_2,candidate_3,5,0.028000000000000004
52,candidate_1,candidate_5,candidate_4,candidate_2,candidate_3,5,0.028000000000000004
53,candidate_1,candidate_5,candidate_4,candidate_2,candidate_3,5,0.028000000000000004
54,candidate_1,candidate_5,candidate_4,candidate_2,candidate_3,5,0.028000000000000004
55,candidate_1,candidate_5,candidate_4,candidate_2,candidate_3,5,0.028000000000000004
56,candidate_1,candidate_5,candidate_4,candidate_2,candidate_3,5,0.028000000000000004
57,candidate_1,candidate_5,candidate_4,candidate_2,candidate_3,5,0.028000000000000004
58,candidate_1,candidate_5,candidate_4,candidate_2,candidate_3,5,0.028000000000000004
59,0,candidate_5,candidate_4,candidate_2,candidate_3,5,0.028000000000000004
60,candidate_1,candidate_5,candidate_4,candidate_2,candidate_3,5,0.028000000000000004
61,candidate_1,candidate_5,candidate_4,candidate_2,candidate_3,5,0.028000000000000004
62,candidate_1,candidate_5,candidate_4,candidate_2,candidate_3,5,0.028000000000000004
63,candidate_1,candidate_5,candidate_4,candidate_2,candidate_3,5,0.028000000000000004
64,candidate_1,candidate_5,candidate_4,candidate_2,candidate_3,5,0.028000000000000004
65,candidate_1,candidate_5,candidate_4,candidate_2,candidate_3,5,0.028000000000000004
66,candidate_1,candidate_5,candidate_4,candidate_2,candidate_3,5,0.028000000000000004
67,candidate_1,candidate_5,candidate_4,candidate_2,candidate_3,5,0.028000000000000004
68,0,candidate_5,candidate_4,candidate_2,candidate_3,5,0.028000000000000004
69,candidate_1,candidate_5,candidate_4,candidate_2,candidate_3,5,0.028000000000000004
70,candidate_1,candidate_5,candidate_4,candidate_2,candidate_3,5,0.028000000000000004
71,candidate_1,candidate_5,candidate_4,candidate_2,candidate_3,5,0.028000000000000004
72,candidate_1,candidate_5,candidate_4,candidate_2,candidate_3,5,0.028000000000000004
73,candidate_1,0,candidate_4,candidate_2,candidate_3,5,0.028000000000000004
74,candidate_1,candidate_5,candidate_4,candidate_2,candidate_3,5,0.028000000000000004
75,candidate_1,candidate_5,candidate_4,candidate_2,candidate_3,5,0.028000000000000004
76,candidate_1,candidate_5,candidate_4,candidate_2,candidate_3,5,0.028000000000000004
77,candidate_1,candidate_5,candidate_4,candidate_2,0,5,0.028000000000000004
78,candidate_1,candidate_5,0,candidate_2,candidate_3,5,0.028000000000000004
79,candidate_1,candidate_5,candidate_4,candidate_2,candidate_3,5,0.028000000000000004
80,candidate_1,candidate_5,candidate_4,candidate_2,candidate_3,5,0.028000000000000004
81,candidate_1,candidate_5,candidate_4,candidate_2,candidate_3,5,0.028000000000000004
82,candidate_1,candidate_5,candidate_4,candidate_2,candidate_3,5,0.028000000000000004
83,candidate_1,candidate_5,candidate_4,candidate_2,candidate_3,5,0.028000000000000004
84,candidate_1,0,candidate_4,candidate_2,candidate_3,5,0.028000000000000004
85,candidate_1,candidate_5,candidate_4,candidate_2,candidate_3,5,0.028000000000000004
86,candidate_1,candidate_5,candidate_4,candidate_2,candidate_3,5,0.028000000000000004
87,candidate_1,candidate_5,candidate_4,candidate_2,candidate_3,5,0.028000000000000004
88,candidate_1,candidate_5,candidate_4,candidate_2,candidate_3,5,0.028000000000000004
89,candidate_1,candidate_5,candidate_4,candidate_2,candidate_3,5,0.028000000000000004
90,candidate_1,candidate_5,candidate_4,candidate_2,candidate_3,5,0.028000000000000004
91,candidate_1,candidate_5,candidate_4,candidate_2,candidate_3,5,0.028000000000000004
92,candidate_1,candidate_5,0,candidate_2,candidate_3,5,0.028000000000000004
93,candidate_1,candidate_5,candidate_4,candidate_2,candidate_3,5,0.028000000000000004
94,candidate_1,0,candidate_4,candidate_2,candidate_3,5,0.028000000000000004
95,candidate_1,candidate_5,candidate_4,candidate_2,candidate_3,5,0.028000000000000004
96,candidate_1,candidate_5,candidate_4,candidate_2,candidate_3,5,0.028000000000000004
97,candidate_1,candidate_5,candidate_4,candidate_2,candidate_3,5,0.028000000000000004
98,candidate_1,candidate_5,candidate_4,candidate_2,candidate_3,5,0.028000000000000004
99,candidate_1,candidate_5,0,candidate_2,candidate_3,5,0.028000000000000004
100,candidate_1,candidate_5,candidate_4,candidate_2,candidate_3,5,0.028000000000000004
101,candidate_1,0,candidate_4,candidate_2,candidate_3,5,0.028000000000000004
102,candidate_1,candidate_5,candidate_4,candidate_2,candidate_3,5,0.028000000000000004
103,candidate_1,candidate_5,candidate_4,candidate_2,candidate_3,5,0.028000000000000004
104,candidate_1,candidate_5,candidate_4,candidate_2,candidate_3,5,0.028000000000000004
105,candidate_1,candidate_5,candidate_4,candidate_2,candidate_3,5,0.028000000000000004
106,candidate_1,candidate_5,candidate_4,candidate_2,candidate_3,5,0.028000000000000004
107,candidate_1,candidate_5,candidate_4,candidate_2,candidate_3,5,0.028000000000000004
108,candidate_1,candidate_5,candidate_4,candidate_2,candidate_3,5,0.028000000000000004
109,candidate_1,candidate_5,candidate_4,candidate_2,candidate_3,5,0.028000000000000004
110,candidate_1,candidate_5,candidate_4,candidate_2,candidate_3,5,0.028000000000000004
111,candidate_1,candidate_5,candidate_4,candidate_2,candidate_3,5,0.028000000000000004
112,candidate_1,candidate_5,candidate_4,candidate_2,candidate_3,5,0.028000000000000004
113,candidate_1,candidate_5,candidate_4,candidate_2,candidate_3,5,0.028000000000000004
114,candidate_1,candidate_5,candidate_4,candidate_2,candidate_3,5,0.028000000000000004
115,candidate_1,candidate_5,candidate_4,candidate_2,candidate_3,5,0.028000000000000004
116,candidate_1,candidate_5,candidate_4,candidate_2,candidate_3,5,0.028000000000000004
117,candidate_1,candidate_5,candidate_4,candidate_2,candidate_3,5,0.028000000000000004
118,candidate_1,candidate_5,candidate_4,candidate_2,candidate_3,5,0.028000000000000004
119,candidate_1,candidate_5,candidate_4,candidate_2,candidate_3,5,0.028000000000000004
120,candidate_1,candidate_5,candidate_4,candidate_2,candidate_3,5,0.028000000000000004
121,candidate_1,candidate_5,candidate_4,candidate_2,candidate_3,5,0.028000000000000004
122,candidate_1,0,candidate_4,candidate_2,candidate_3,5,0.028000000000000004
123,candidate_1,candidate_5,candidate_4,candidate_2,candidate_3,5,0.028000000000000004
124,candidate_1,candidate_5,candidate_4,candidate_2,candidate_3,5,0.028000000000000004
125,candidate_1,candidate_5,candidate_4,candidate_2,candidate_3,5,0.028000000000000004
126,candidate_1,candidate_5,candidate_4,candidate_2,candidate_3,5,0.028000000000000004
127,candidate_1,candidate_5,candidate_4,candidate_2,0,5,0.028000000000000004
128,candidate_1,candidate_5,candidate_4,candidate_2,candidate_3,5,0.028000000000000004
129,candidate_1,candidate_5,0,candidate_2,candidate_3,5,0.028000000000000004
130,candidate_1,candidate_5,candidate_4,candidate_2,candidate_3,5,0.028000000000000004
131,candidate_1,candidate_5,candidate_4,candidate_2,candidate_3,5,0.028000000000000004
132,candidate_1,candidate_5,candidate_4,candidate_2,candidate_3,5,0.028000000000000004
133,candidate_1,candidate_5,candidate_4,candidate_2,candidate_3,5,0.028000000000000004
134,candidate_1,candidate_5,candidate_4,candidate_2,candidate_3,5,0.028000000000000004
135,candidate_1,candidate_5,candidate_4,candidate_2,candidate_3,5,0.028000000000000004
136,candidate_1,candidate_5,candidate_4,candidate_2,candidate_3,5,0.028000000000000004
137,candidate_1,candidate_5,candidate_4,candidate_2,candidate_3,5,0.028000000000000004
138,candidate_1,0,candidate_4,candidate_2,candidate_3,5,0.028000000000000004
139,candidate_1,candidate_5,candidate_4,0,candidate_3,5,0.028000000000000004
140,candidate_1,candidate_5,0,candidate_2,candidate_3,5,0.028000000000000004
0,candidate_1,candidate_5,candidate_4,candidate_3,candidate_2,5,0.028000000000000004
1,candidate_1,candidate_5,candidate_4,candidate_3,candidate_2,5,0.028000000000000004
2,candidate_1,candidate_5,candidate_4,candidate_3,candidate_2,5,0.028000000000000004
3,candidate_1,candidate_5,candidate_4,candidate_3,candidate_2,5,0.028000000000000004
4,candidate_1,candidate_5,candidate_4,candidate_3,candidate_2,5,0.028000000000000004
5,candidate_1,candidate_5,candidate_4,candidate_3,candidate_2,5,0.028000000000000004
6,candidate_1,candidate_5,candidate_4,candidate_3,candidate_2,5,0.028000000000000004
7,candidate_1,candidate_5,candidate_4,candidate_3,candidate_2,5,0.028000000000000004
8,candidate_1,candidate_5,candidate_4,candidate_3,candidate_2,5,0.028000000000000004
9,candidate_1,candidate_5,candidate_4,candidate_3,candidate_2,5,0.028000000000000004
10,candidate_1,candidate_5,candidate_4,candidate_3,0,5,0.028000000000000004
11,candidate_1,candidate_5,candidate_4,candidate_3,candidate_2,5,0.028000000000000004
12,candidate_1,candidate_5,candidate_4,candidate_3,candidate_2,5,0.028000000000000004
13,candidate_1,candidate_5,candidate_4,candidate_3,candidate_2,5,0.028000000000000004
14,candidate_1,candidate_5,candidate_4,candidate_3,candidate_2,5,0.028000000000000004
15,candidate_1,candidate_5,candidate_4,candidate_3,candidate_2,5,0.028000000000000004
16,candidate_1,candidate_5,candidate_4,candidate_3,candidate_2,5,0.028000000000000004
17,candidate_1,0,candidate_4,candidate_3,candidate_2,5,0.028000000000000004
18,candidate_1,candidate_5,0,candidate_3,candidate_2,5,0.028000000000000004
19,candidate_1,candidate_5,candidate_4,candidate_3,candidate_2,5,0.028000000000000004
20,candidate_1,candidate_5,candidate_4,candidate_3,candidate_2,5,0.028000000000000004
21,candidate_1,candidate_5,candidate_4,candidate_3,candidate_2,5,0.028000000000000004
22,candidate_1,candidate_5,candidate_4,candidate_3,candidate_2,5,0.028000000000000004
23,candidate_1,candidate_5,candidate_4,candidate_3,candidate_2,5,0.028000000000000004
24,candidate_1,candidate_5,candidate_4,candidate_3,candidate_2,5,0.028000000000000004
25,candidate_1,candidate_5,candidate_4,candidate_3,candidate_2,5,0.028000000000000004
26,candidate_1,candidate_5,candidate_4,candidate_3,candidate_2,5,0.028000000000000004
27,candidate_1,candidate_5,candidate_4,candidate_3,candidate_2,5,0.028000000000000004
28,candidate_1,candidate_5,candidate_4,candidate_3,candidate_2,5,0.028000000000000004
29,candidate_1,candidate_5,candidate_4,candidate_3,candidate_2,5,0.028000000000000004
30,candidate_1,candidate_5,candidate_4,candidate_3,candidate_2,5,0.028000000000000004
31,candidate_1,candidate_5,candidate_4,candidate_3,candidate_2,5,0.028000000000000004
32,candidate_1,candidate_5,candidate_4,candidate_3,candidate_2,5,0.028000000000000004
33,candidate_1,candidate_5,candidate_4,candidate_3,candidate_2,5,0.028000000000000004
34,candidate_1,candidate_5,candidate_4,candidate_3,candidate_2,5,0.028000000000000004
35,candidate_1,candidate_5,candidate_4,candidate_3,candidate_2,5,0.028000000000000004
36,candidate_1,candidate_5,candidate_4,candidate_3,candidate_2,5,0.028000000000000004
37,candidate_1,candidate_5,candidate_4,candidate_3,candidate_2,5,0.028000000000000004
38,candidate_1,candidate_5,candidate_4,candidate_3,candidate_2,5,0.028000000000000004
39,candidate_1,candidate_5,candidate_4,candidate_3,candidate_2,5,0.028000000000000004
40,candidate_1,candidate_5,candidate_4,candidate_3,candidate_2,5,0.028000000000000004
41,candidate_1,0,candidate_4,candidate_3,candidate_2,5,0.028000000000000004
42,candidate_1,candidate_5,candidate_4,candidate_3,candidate_2,5,0.028000000000000004
43,candidate_1,candidate_5,candidate_4,candidate_3,candidate_2,5,0.028000000000000004
44,candidate_1,candidate_5,candidate_4,candidate_3,candidate_2,5,0.028000000000000004
45,candidate_1,candidate_5,candidate_4,candidate_3,candidate_2,5,0.028000000000000004
46,candidate_1,candidate_5,candidate_4,candidate_3,candidate_2,5,0.028000000000000004
47,candidate_1,candidate_5,candidate_4,candidate_3,candidate_2,5,0.028000000000000004
48,candidate_1,candidate_5,candidate_4,candidate_3,candidate_2,5,0.028000000000000004
49,candidate_1,candidate_5,candidate_4,candidate_3,candidate_2,5,0.028000000000000004
50,candidate_1,candidate_5,candidate_4,candidate_3,candidate_2,5,0.028000000000000004
51,candidate_1,candidate_5,candidate_4,candidate_3,0,5,0.028000000000000004
52,candidate_1,candidate_5,candidate_4,candidate_3,candidate_2,5,0.028000000000000004
53,candidate_1,candidate_5,candidate_4,candidate_3,candidate_2,5,0.028000000000000004
54,candidate_1,candidate_5,candidate_4,candidate_3,0,5,0.028000000000000004
55,candidate_1,candidate_5,candidate_4,candidate_3,candidate_2,5,0.028000000000000004
56,candidate_1,candidate_5,candidate_4,candidate_3,candidate_2,5,0.028000000000000004
57,candidate_1,candidate_5,candidate_4,candidate_3,candidate_2,5,0.028000000000000004
58,candidate_1,candidate_5,candidate_4,candidate_3,candidate_2,5,0.028000000000000004
59,candidate_1,candidate_5,candidate_4,candidate_3,candidate_2,5,0.028000000000000004
60,candidate_1,candidate_5,candidate_4,candidate_3,candidate_2,5,0.028000000000000004
61,candidate_1,candidate_5,candidate_4,candidate_3,candidate_2,5,0.028000000000000004
62,candidate_1,candidate_5,candidate_4,candidate_3,0,5,0.028000000000000004
63,candidate_1,candidate_5,candidate_4,candidate_3,candidate_2,5,0.028000000000000004
64,candidate_1,candidate_5,candidate_4,candidate_3,candidate_2,5,0.028000000000000004
65,candidate_1,candidate_5,candidate_4,candidate_3,candidate_2,5,0.028000000000000004
66,candidate_1,candidate_5,candidate_4,candidate_3,candidate_2,5,0.028000000000000004
67,candidate_1,0,candidate_4,candidate_3,candidate_2,5,0.028000000000000004
68,0,candidate_5,candidate_4,candidate_3,candidate_2,5,0.028000000000000004
69,candidate_1,candidate_5,candidate_4,candidate_3,candidate_2,5,0.028000000000000004
70,candidate_1,candidate_5,candidate_4,candidate_3,candidate_2,5,0.028000000000000004
71,candidate_1,candidate_5,candidate_4,candidate_3,0,5,0.028000000000000004
72,candidate_1,candidate_5,candidate_4,candidate_3,candidate_2,5,0.028000000000000004
73,candidate_1,candidate_5,candidate_4,candidate_3,candidate_2,5,0.028000000000000004
74,candidate_1,candidate_5,candidate_4,candidate_3,candidate_2,5,0.028000000000000004
75,candidate_1,candidate_5,candidate_4,candidate_3,candidate_2,5,0.028000000000000004
76,candidate_1,candidate_5,0,candidate_3,candidate_2,5,0.028000000000000004
77,candidate_1,candidate_5,candidate_4,candidate_3,candidate_2,5,0.028000000000000004
78,candidate_1,candidate_5,candidate_4,candidate_3,candidate_2,5,0.028000000000000004
79,candidate_1,candidate_5,candidate_4,candidate_3,candidate_2,5,0.028000000000000004
80,0,candidate_5,candidate_4,candidate_3,candidate_2,5,0.028000000000000004
81,candidate_1,candidate_5,candidate_4,candidate_3,candidate_2,5,0.028000000000000004
82,candidate_1,candidate_5,candidate_4,candidate_3,candidate_2,5,0.028000000000000004
83,candidate_1,candidate_5,candidate_4,candidate_3,candidate_2,5,0.028000000000000004
84,candidate_1,candidate_5,candidate_4,candidate_3,candidate_2,5,0.028000000000000004
85,candidate_1,candidate_5,candidate_4,candidate_3,candidate_2,5,0.028000000000000004
86,candidate_1,candidate_5,candidate_4,candidate_3,candidate_2,5,0.028000000000000004
87,candidate_1,candidate_5,candidate_4,candidate_3,candidate_2,5,0.028000000000000004
88,candidate_1,candidate_5,candidate_4,candidate_3,candidate_2,5,0.028000000000000004
89,candidate_1,candidate_5,candidate_4,candidate_3,candidate_2,5,0.028000000000000004
90,candidate_1,candidate_5,candidate_4,candidate_3,candidate_2,5,0.028000000000000004
91,candidate_1,candidate_5,candidate_4,candidate_3,candidate_2,5,0.028000000000000004
92,candidate_1,candidate_5,candidate_4,candidate_3,candidate_2,5,0.028000000000000004
93,candidate_1,candidate_5,candidate_4,candidate_3,candidate_2,5,0.028000000000000004
94,candidate_1,candidate_5,candidate_4,candidate_3,candidate_2,5,0.028000000000000004
95,candidate_1,candidate_5,candidate_4,candidate_3,candidate_2,5,0.028000000000000004
96,candidate_1,candidate_5,candidate_4,candidate_3,candidate_2,5,0.028000000000000004
97,candidate_1,candidate_5,candidate_4,candidate_3,candidate_2,5,0.028000000000000004
98,candidate_1,candidate_5,candidate_4,candidate_3,candidate_2,5,0.028000000000000004
99,candidate_1,candidate_5,candidate_4,0,candidate_2,5,0.028000000000000004
100,candidate_1,candidate_5,candidate_4,candidate_3,candidate_2,5,0.028000000000000004
101,candidate_1,candidate_5,candidate_4,candidate_3,candidate_2,5,0.028000000000000004
102,candidate_1,candidate_5,candidate_4,candidate_3,candidate_2,5,0.028000000000000004
103,candidate_1,candidate_5,candidate_4,candidate_3,candidate_2,5,0.028000000000000004
104,candidate_1,candidate_5,candidate_4,candidate_3,candidate_2,5,0.028000000000000004
105,candidate_1,candidate_5,candidate_4,candidate_3,candidate_2,5,0.028000000000000004
106,candidate_1,candidate_5,candidate_4,candidate_3,candidate_2,5,0.028000000000000004
107,candidate_1,candidate_5,candidate_4,candidate_3,candidate_2,5,0.028000000000000004
108,candidate_1,candidate_5,candidate_4,candidate_3,candidate_2,5,0.028000000000000004
109,candidate_1,candidate_5,candidate_4,candidate_3,candidate_2,5,0.028000000000000004
110,candidate_1,candidate_5,candidate_4,candidate_3,candidate_2,5,0.028000000000000004
111,candidate_1,candidate_5,candidate_4,candidate_3,candidate_2,5,0.028000000000000004
112,candidate_1,candidate_5,candidate_4,candidate_3,candidate_2,5,0.028000000000000004
113,candidate_1,candidate_5,candidate_4,candidate_3,candidate_2,5,0.028000000000000004
114,candidate_1,candidate_5,candidate_4,candidate_3,0,5,0.028000000000000004
115,candidate_1,candidate_5,candidate_4,candidate_3,candidate_2,5,0.028000000000000004
116,candidate_1,candidate_5,candidate_4,candidate_3,candidate_2,5,0.028000000000000004
117,candidate_1,candidate_5,candidate_4,candidate_3,candidate_2,5,0.028000000000000004
118,candidate_1,candidate_5,candidate_4,candidate_3,candidate_2,5,0.028000000000000004
119,candidate_1,candidate_5,candidate_4,candidate_3,candidate_2,5,0.028000000000000004
120,candidate_1,candidate_5,candidate_4,candidate_3,candidate_2,5,0.028000000000000004
121,candidate_1,candidate_5,candidate_4,candidate_3,candidate_2,5,0.028000000000000004
122,candidate_1,candidate_5,candidate_4,candidate_3,candidate_2,5,0.028000000000000004
123,candidate_1,candidate_5,candidate_4,candidate_3,candidate_2,5,0.028000000000000004
124,candidate_1,candidate_5,candidate_4,candidate_3,candidate_2,5,0.028000000000000004
125,candidate_1,candidate_5,candidate_4,candidate_3,candidate_2,5,0.028000000000000004
126,candidate_1,candidate_5,candidate_4,candidate_3,candidate_2,5,0.028000000000000004
127,candidate_1,candidate_5,candidate_4,candidate_3,candidate_2,5,0.028000000000000004
128,candidate_1,candidate_5,candidate_4,candidate_3,candidate_2,5,0.028000000000000004
129,candidate_1,candidate_5,candidate_4,candidate_3,candidate_2,5,0.028000000000000004
130,candidate_1,candidate_5,candidate_4,candidate_3,candidate_2,5,0.028000000000000004
131,candidate_1,candidate_5,candidate_4,candidate_3,candidate_2,5,0.028000000000000004
132,candidate_1,candidate_5,candidate_4,candidate_3,candidate_2,5,0.028000000000000004
133,candidate_1,candidate_5,candidate_4,candidate_3,candidate_2,5,0.028000000000000004
134,candidate_1,0,candidate_4,candidate_3,candidate_2,5,0.028000000000000004
135,candidate_1,candidate_5,candidate_4,candidate_3,candidate_2,5,0.028000000000000004
136,candidate_1,candidate_5,candidate_4,candidate_3,candidate_2,5,0.028000000000000004
137,candidate_1,candidate_5,candidate_4,candidate_3,candidate_2,5,0.028000000000000004
138,candidate_1,candidate_5,candidate_4,candidate_3,candidate_2,5,0.028000000000000004
139,candidate_1,candidate_5,candidate_4,candidate_3,candidate_2,5,0.028000000000000004
140,candidate_1,candidate_5,candidate_4,candidate_3,candidate_2,5,0.028000000000000004
141,candidate_1,candidate_5,candidate_4,candidate_3,candidate_2,5,0.028000000000000004
142,candidate_1,candidate_5,candidate_4,candidate_3,candidate_2,5,0.028000000000000004
143,candidate_1,candidate_5,0,candidate_3,candidate_2,5,0.028000000000000004
144,candidate_1,candidate_5,candidate_4,candidate_3,candidate_2,5,0.028000000000000004
145,0,candidate_5,candidate_4,candidate_3,0,5,0.028000000000000004
146,candidate_1,candidate_5,candidate_4,0,candidate_2,5,0.028000000000000004
147,candidate_1,candidate_5,candidate_4,candidate_3,candidate_2,5,0.028000000000000004
148,candidate_1,candidate_5,candidate_4,candidate_3,0,5,0.028000000000000004
149,candidate_1,candidate_5,candidate_4,candidate_3,candidate_2,5,0.028000000000000004
150,candidate_1,candidate_5,candidate_4,candidate_3,candidate_2,5,0.028000000000000004
151,candidate_1,candidate_5,candidate_4,candidate_3,candidate_2,5,0.028000000000000004
152,candidate_1,candidate_5,candidate_4,candidate_3,candidate_2,5,0.028000000000000004
153,candidate_1,candidate_5,candidate_4,candidate_3,candidate_2,5,0.028000000000000004
154,candidate_1,candidate_5,candidate_4,candidate_3,candidate_2,5,0.028000000000000004
155,candidate_1,candidate_5,candidate_4,candidate_3,candidate_2,5,0.028000000000000004
156,candidate_1,candidate_5,candidate_4,candidate_3,candidate_2,5,0.028000000000000004
157,candidate_1,candidate_5,candidate_4,candidate_3,candidate_2,5,0.028000000000000004
158,candidate_1,candidate_5,candidate_4,candidate_3,candidate_2,5,0.028000000000000004
159,candidate_1,candidate_5,candidate_4,candidate_3,candidate_2,5,0.028000000000000004
160,candidate_1,candidate_5,candidate_4,candidate_3,candidate_2,5,0.028000000000000004
161,candidate_1,candidate_5,candidate_4,candidate_3,candidate_2,5,0.028000000000000004
162,candidate_1,candidate_5,candidate_4,candidate_3,candidate_2,5,0.028000000000000004
163,candidate_1,0,candidate_4,candidate_3,candidate_2,5,0.028000000000000004
164,candidate_1,candidate_5,candidate_4,candidate_3,candidate_2,5,0.028000000000000004
165,candidate_1,candidate_5,candidate_4,candidate_3,candidate_2,5,0.028000000000000004
166,candidate_1,0,candidate_4,candidate_3,candidate_2,5,0.028000000000000004
167,candidate_1,candidate_5,candidate_4,candidate_3,candidate_2,5,0.028000000000000004
168,candidate_1,candidate_5,candidate_4,candidate_3,candidate_2,5,0.028000000000000004
169,candidate_1,candidate_5,candidate_4,candidate_3,candidate_2,5,0.028000000000000004
170,candidate_1,candidate_5,candidate_4,candidate_3,candidate_2,5,0.028000000000000004
171,candidate_1,candidate_5,candidate_4,candidate_3,candidate_2,5,0.028000000000000004
172,candidate_1,candidate_5,candidate_4,candidate_3,candidate_2,5,0.028000000000000004
173,0,candidate_5,candidate_4,candidate_3,candidate_2,5,0.028000000000000004
174,candidate_1,candidate_5,candidate_4,candidate_3,candidate_2,5,0.028000000000000004
175,candidate_1,candidate_5,candidate_4,candidate_3,candidate_2,5,0.028000000000000004
176,candidate_1,candidate_5,candidate_4,candidate_3,candidate_2,5,0.028000000000000004
177,candidate_1,candidate_5,candidate_4,candidate_3,candidate_2,5,0.028000000000000004
178,candidate_1,candidate_5,candidate_4,candidate_3,candidate_2,5,0.028000000000000004
179,candidate_1,candidate_5,candidate_4,candidate_3,candidate_2,5,0.028000000000000004
180,candidate_1,0,candidate_4,candidate_3,candidate_2,5,0.028000000000000004
181,candidate_1,candidate_5,candidate_4,candidate_3,candidate_2,5,0.028000000000000004
182,candidate_1,candidate_5,candidate_4,candidate_3,candidate_2,5,0.028000000000000004
183,candidate_1,candidate_5,candidate_4,candidate_3,candidate_2,5,0.028000000000000004
184,0,candidate_5,candidate_4,0,candidate_2,5,0.028000000000000004
185,candidate_1,candidate_5,candidate_4,candidate_3,candidate_2,5,0.028000000000000004
186,candidate_1,candidate_5,candidate_4,candidate_3,candidate_2,5,0.028000000000000004
187,candidate_1,candidate_5,candidate_4,candidate_3,candidate_2,5,0.028000000000000004
188,candidate_1,candidate_5,candidate_4,candidate_3,candidate_2,5,0.028000000000000004
189,candidate_1,candidate_5,candidate_4,candidate_3,candidate_2,5,0.028000000000000004
190,candidate_1,candidate_5,candidate_4,candidate_3,candidate_2,5,0.028000000000000004
191,candidate_1,candidate_5,candidate_4,candidate_3,candidate_2,5,0.028000000000000004
192,candidate_1,candidate_5,candidate_4,candidate_3,candidate_2,5,0.028000000000000004
193,candidate_1,candidate_5,candidate_4,candidate_3,candidate_2,5,0.028000000000000004
194,candidate_1,candidate_5,candidate_4,candidate_3,candidate_2,5,0.028000000000000004
195,candidate_1,candidate_5,candidate_4,candidate_3,candidate_2,5,0.028000000000000004
196,candidate_1,0,0,candidate_3,candidate_2,5,0.028000000000000004
197,candidate_1,candidate_5,candidate_4,candidate_3,candidate_2,5,0.028000000000000004
198,0,candidate_5,candidate_4,candidate_3,candidate_2,5,0.028000000000000004
199,candidate_1,candidate_5,candidate_4,candidate_3,candidate_2,5,0.028000000000000004
200,candidate_1,candidate_5,candidate_4,0,candidate_2,5,0.028000000000000004
201,candidate_1,candidate_5,candidate_4,candidate_3,candidate_2,5,0.028000000000000004
202,candidate_1,candidate_5,candidate_4,candidate_3,candidate_2,5,0.028000000000000004
203,candidate_1,candidate_5,candidate_4,candidate_3,candidate_2,5,0.028000000000000004
204,candidate_1,candidate_5,candidate_4,candidate_3,candidate_2,5,0.028000000000000004
205,candidate_1,candidate_5,candidate_4,candidate_3,candidate_2,5,0.028000000000000004
206,candidate_1,0,candidate_4,candidate_3,candidate_2,5,0.028000000000000004
207,candidate_1,candidate_5,candidate_4,candidate_3,candidate_2,5,0.028000000000000004
208,0,candidate_5,candidate_4,candidate_3,candidate_2,5,0.028000000000000004
209,candidate_1,candidate_5,candidate_4,candidate_3,candidate_2,5,0.028000000000000004
210,candidate_1,candidate_5,candidate_4,candidate_3,candidate_2,5,0.028000000000000004
211,candidate_1,candidate_5,candidate_4,candidate_3,candidate_2,5,0.028000000000000004
212,candidate_1,candidate_5,candidate_4,candidate_3,candidate_2,5,0.028000000000000004
213,candidate_1,candidate_5,candidate_4,candidate_3,candidate_2,5,0.028000000000000004
214,candidate_1,0,candidate_4,candidate_3,candidate_2,5,0.028000000000000004
215,candidate_1,candidate_5,candidate_4,candidate_3,candidate_2,5,0.028000000000000004
216,candidate_1,candidate_5,candidate_4,candidate_3,candidate_2,5,0.028000000000000004
217,candidate_1,candidate_5,candidate_4,candidate_3,candidate_2,5,0.028000000000000004
218,candidate_1,candidate_5,candidate_4,candidate_3,candidate_2,5,0.028000000000000004
219,candidate_1,candidate_5,candidate_4,candidate_3,candidate_2,5,0.028000000000000004
220,candidate_1,candidate_5,candidate_4,candidate_3,candidate_2,5,0.028000000000000004
221,candidate_1,candidate_5,candidate_4,candidate_3,candidate_2,5,0.028000000000000004
222,candidate_1,candidate_5,candidate_4,candidate_3,candidate_2,5,0.028000000000000004
223,candidate_1,candidate_5,candidate_4,candidate_3,candidate_2,5,0.028000000000000004
224,candidate_1,candidate_5,candidate_4,candidate_3,candidate_2,5,0.028000000000000004
225,candidate_1,candidate_5,candidate_4,candidate_3,candidate_2,5,0.028000000000000004
226,candidate_1,candidate_5,candidate_4,candidate_3,candidate_2,5,0.028000000000000004
227,candidate_1,candidate_5,candidate_4,candidate_3,candidate_2,5,0.028000000000000004
228,candidate_1,candidate_5,candidate_4,candidate_3,candidate_2,5,0.028000000000000004
229,candidate_1,candidate_5,candidate_4,candidate_3,candidate_2,5,0.028000000000000004
230,0,candidate_5,candidate_4,candidate_3,candidate_2,5,0.028000000000000004
231,candidate_1,candidate_5,candidate_4,candidate_3,candidate_2,5,0.028000000000000004
232,candidate_1,candidate_5,0,candidate_3,candidate_2,5,0.028000000000000004
233,candidate_1,candidate_5,candidate_4,candidate_3,candidate_2,5,0.028000000000000004
234,candidate_1,candidate_5,candidate_4,candidate_3,candidate_2,5,0.028000000000000004
235,candidate_1,candidate_5,candidate_4,candidate_3,candidate_2,5,0.028000000000000004
236,candidate_1,candidate_5,candidate_4,candidate_3,candidate_2,5,0.028000000000000004
237,candidate_1,candidate_5,candidate_4,candidate_3,candidate_2,5,0.028000000000000004
238,candidate_1,candidate_5,candidate_4,candidate_3,candidate_2,5,0.028000000000000004
239,candidate_1,candidate_5,candidate_4,candidate_3,candidate_2,5,0.028000000000000004
240,candidate_1,candidate_5,candidate_4,candidate_3,candidate_2,5,0.028000000000000004
241,candidate_1,candidate_5,candidate_4,candidate_3,candidate_2,5,0.028000000000000004
242,candidate_1,candidate_5,0,candidate_3,candidate_2,5,0.028000000000000004
243,candidate_1,candidate_5,candidate_4,candidate_3,candidate_2,5,0.028000000000000004
244,candidate_1,candidate_5,candidate_4,candidate_3,candidate_2,5,0.028000000000000004
245,candidate_1,candidate_5,0,candidate_3,candidate_2,5,0.028000000000000004
246,candidate_1,candidate_5,candidate_4,candidate_3,candidate_2,5,0.028000000000000004
247,candidate_1,candidate_5,candidate_4,candidate_3,candidate_2,5,0.028000000000000004
248,candidate_1,candidate_5,candidate_4,candidate_3,candidate_2,5,0.028000000000000004
249,candidate_1,candidate_5,candidate_4,candidate_3,candidate_2,5,0.028000000000000004
250,candidate_1,candidate_5,candidate_4,candidate_3,candidate_2,5,0.028000000000000004
251,candidate_1,candidate_5,candidate_4,candidate_3,candidate_2,5,0.028000000000000004
252,candidate_1,candidate_5,candidate_4,candidate_3,candidate_2,5,0.028000000000000004
253,candidate_1,candidate_5,candidate_4,candidate_3,candidate_2,5,0.028000000000000004
254,candidate_1,0,candidate_4,candidate_3,candidate_2,5,0.028000000000000004
255,candidate_1,candidate_5,candidate_4,candidate_3,candidate_2,5,0.028000000000000004
256,candidate_1,candidate_5,candidate_4,candidate_3,candidate_2,5,0.028000000000000004
257,candidate_1,candidate_5,candidate_4,candidate_3,candidate_2,5,0.028000000000000004
258,candidate_1,candidate_5,candidate_4,candidate_3,candidate_2,5,0.028000000000000004
259,candidate_1,candidate_5,candidate_4,candidate_3,candidate_2,5,0.028000000000000004
260,candidate_1,candidate_5,candidate_4,candidate_3,candidate_2,5,0.028000000000000004
261,candidate_1,candidate_5,candidate_4,candidate_3,candidate_2,5,0.028000000000000004
262,candidate_1,candidate_5,0,candidate_3,candidate_2,5,0.028000000000000004
263,0,candidate_5,candidate_4,candidate_3,candidate_2,5,0.028000000000000004
264,candidate_1,candidate_5,candidate_4,candidate_3,candidate_2,5,0.028000000000000004
265,candidate_1,candidate_5,candidate_4,candidate_3,candidate_2,5,0.028000000000000004
266,candidate_1,candidate_5,candidate_4,candidate_3,candidate_2,5,0.028000000000000004
267,candidate_1,candidate_5,candidate_4,candidate_3,candidate_2,5,0.028000000000000004
268,candidate_1,candidate_5,candidate_4,candidate_3,candidate_2,5,0.028000000000000004
269,candidate_1,candidate_5,candidate_4,candidate_3,candidate_2,5,0.028000000000000004
270,candidate_1,candidate_5,candidate_4,candidate_3,candidate_2,5,0.028000000000000004
271,candidate_1,candidate_5,candidate_4,candidate_3,candidate_2,5,0.028000000000000004
272,candidate_1,candidate_5,candidate_4,candidate_3,candidate_2,5,0.028000000000000004
273,candidate_1,candidate_5,candidate_4,candidate_3,candidate_2,5,0.028000000000000004
274,candidate_1,candidate_5,candidate_4,candidate_3,candidate_2,5,0.028000000000000004
275,candidate_1,candidate_5,candidate_4,candidate_3,candidate_2,5,0.028000000000000004
276,candidate_1,candidate_5,candidate_4,0,candidate_2,5,0.028000000000000004
277,candidate_1,candidate_5,candidate_4,candidate_3,candidate_2,5,0.028000000000000004
278,candidate_1,candidate_5,candidate_4,candidate_3,candidate_2,5,0.028000000000000004
279,candidate_1,candidate_5,candidate_4,candidate_3,candidate_2,5,0.028000000000000004
280,candidate_1,candidate_5,candidate_4,candidate_3,candidate_2,5,0.028000000000000004
281,candidate_1,candidate_5,candidate_4,candidate_3,candidate_2,5,0.028000000000000004
282,candidate_1,candidate_5,candidate_4,candidate_3,candidate_2,5,0.028000000000000004
283,candidate_1,candidate_5,candidate_4,candidate_3,candidate_2,5,0.028000000000000004
284,candidate_1,candidate_5,candidate_4,candidate_3,0,5,0.028000000000000004
285,candidate_1,candidate_5,candidate_4,candidate_3,candidate_2,5,0.028000000000000004
286,candidate_1,candidate_5,candidate_4,candidate_3,candidate_2,5,0.028000000000000004
287,candidate_1,candidate_5,candidate_4,candidate_3,candidate_2,5,0.028000000000000004
288,candidate_1,candidate_5,candidate_4,candidate_3,candidate_2,5,0.028000000000000004
289,candidate_1,candidate_5,candidate_4,candidate_3,candidate_2,5,0.028000000000000004
290,candidate_1,candidate_5,candidate_4,candidate_3,candidate_2,5,0.028000000000000004
291,candidate_1,candidate_5,candidate_4,candidate_3,candidate_2,5,0.028000000000000004
292,candidate_1,candidate_5,candidate_4,candidate_3,candidate_2,5,0.028000000000000004
293,candidate_1,0,candidate_4,candidate_3,candidate_2,5,0.028000000000000004
294,candidate_1,0,candidate_4,candidate_3,candidate_2,5,0.028000000000000004
295,candidate_1,candidate_5,candidate_4,candidate_3,candidate_2,5,0.028000000000000004
296,candidate_1,candidate_5,candidate_4,candidate_3,candidate_2,5,0.028000000000000004
297,candidate_1,candidate_5,candidate_4,candidate_3,candidate_2,5,0.028000000000000004
298,candidate_1,candidate_5,candidate_4,candidate_3,candidate_2,5,0.028000000000000004
299,candidate_1,candidate_5,candidate_4,candidate_3,candidate_2,5,0.028000000000000004
300,candidate_1,candidate_5,candidate_4,candidate_3,candidate_2,5,0.028000000000000004
301,candidate_1,candidate_5,candidate_4,candidate_3,candidate_2,5,0.028000000000000004
302,candidate_1,candidate_5,candidate_4,candidate_3,candidate_2,5,0.028000000000000004
303,candidate_1,candidate_5,candidate_4,candidate_3,candidate_2,5,0.028000000000000004
304,candidate_1,candidate_5,candidate_4,candidate_3,candidate_2,5,0.028000000000000004
305,candidate_1,candidate_5,candidate_4,candidate_3,candidate_2,5,0.028000000000000004
306,candidate_1,candidate_5,candidate_4,candidate_3,candidate_2,5,0.028000000000000004
307,candidate_1,candidate_5,candidate_4,candidate_3,candidate_2,5,0.028000000000000004
308,candidate_1,candidate_5,candidate_4,candidate_3,candidate_2,5,0.028000000000000004
309,candidate_1,candidate_5,candidate_4,candidate_3,candidate_2,5,0.028000000000000004
310,candidate_1,candidate_5,candidate_4,candidate_3,candidate_2,5,0.028000000000000004
311,candidate_1,candidate_5,candidate_4,candidate_3,candidate_2,5,0.028000000000000004
312,candidate_1,candidate_5,candidate_4,candidate_3,candidate_2,5,0.028000000000000004
313,candidate_1,candidate_5,candidate_4,candidate_3,candidate_2,5,0.028000000000000004
314,candidate_1,candidate_5,candidate_4,candidate_3,candidate_2,5,0.028000000000000004
315,candidate_1,candidate_5,candidate_4,candidate_3,candidate_2,5,0.028000000000000004
316,candidate_1,candidate_5,candidate_4,candidate_3,candidate_2,5,0.028000000000000004
317,candidate_1,candidate_5,candidate_4,candidate_3,candidate_2,5,0.028000000000000004
318,candidate_1,candidate_5,candidate_4,candidate_3,candidate_2,5,0.028000000000000004
319,candidate_1,candidate_5,candidate_4,candidate_3,candidate_2,5,0.028000000000000004
320,candidate_1,candidate_5,candidate_4,candidate_3,candidate_2,5,0.028000000000000004
321,candidate_1,candidate_5,candidate_4,candidate_3,candidate_2,5,0.028000000000000004
322,candidate_1,candidate_5,candidate_4,candidate_3,candidate_2,5,0.028000000000000004
323,candidate_1,candidate_5,candidate_4,candidate_3,candidate_2,5,0.028000000000000004
324,candidate_1,candidate_5,candidate_4,candidate_3,candidate_2,5,0.028000000000000004
325,candidate_1,candidate_5,candidate_4,candidate_3,candidate_2,5,0.028000000000000004
326,candidate_1,candidate_5,candidate_4,candidate_3,candidate_2,5,0.028000000000000004
327,candidate_1,candidate_5,candidate_4,candidate_3,candidate_2,5,0.028000000000000004
328,candidate_1,candidate_5,candidate_4,candidate_3,candidate_2,5,0.028000000000000004
329,candidate_1,candidate_5,candidate_4,candidate_3,candidate_2,5,0.028000000000000004
330,candidate_1,candidate_5,candidate_4,candidate_3,candidate_2,5,0.028000000000000004
331,candidate_1,candidate_5,candidate_4,candidate_3,candidate_2,5,0.028000000000000004
332,candidate_1,candidate_5,candidate_4,candidate_3,candidate_2,5,0.028000000000000004
333,candidate_1,candidate_5,candidate_4,candidate_3,candidate_2,5,0.028000000000000004
334,candidate_1,0,candidate_4,candidate_3,0,5,0.028000000000000004
335,candidate_1,candidate_5,candidate_4,candidate_3,candidate_2,5,0.028000000000000004
336,candidate_1,candidate_5,candidate_4,candidate_3,candidate_2,5,0.028000000000000004
337,candidate_1,candidate_5,candidate_4,candidate_3,candidate_2,5,0.028000000000000004
338,candidate_1,candidate_5,candidate_4,candidate_3,candidate_2,5,0.028000000000000004
339,candidate_1,candidate_5,candidate_4,candidate_3,candidate_2,5,0.028000000000000004
340,candidate_1,candidate_5,candidate_4,candidate_3,candidate_2,5,0.028000000000000004
341,candidate_1,candidate_5,candidate_4,candidate_3,candidate_2,5,0.028000000000000004
342,candidate_1,candidate_5,candidate_4,candidate_3,candidate_2,5,0.028000000000000004
343,candidate_1,candidate_5,candidate_4,candidate_3,candidate_2,5,0.028000000000000004
344,candidate_1,candidate_5,candidate_4,candidate_3,candidate_2,5,0.028000000000000004
345,candidate_1,candidate_5,candidate_4,candidate_3,candidate_2,5,0.028000000000000004
346,candidate_1,candidate_5,candidate_4,candidate_3,0,5,0.028000000000000004
347,candidate_1,candidate_5,candidate_4,candidate_3,candidate_2,5,0.028000000000000004
348,candidate_1,candidate_5,candidate_4,candidate_3,candidate_2,5,0.028000000000000004
349,candidate_1,candidate_5,candidate_4,candidate_3,candidate_2,5,0.028000000000000004
350,candidate_1,candidate_5,candidate_4,candidate_3,candidate_2,5,0.028000000000000004
351,candidate_1,candidate_5,candidate_4,candidate_3,candidate_2,5,0.028000000000000004
352,candidate_1,candidate_5,candidate_4,candidate_3,candidate_2,5,0.028000000000000004
353,candidate_1,candidate_5,candidate_4,candidate_3,candidate_2,5,0.028000000000000004
354,candidate_1,candidate_5,candidate_4,candidate_3,candidate_2,5,0.028000000000000004
355,candidate_1,candidate_5,candidate_4,candidate_3,candidate_2,5,0.028000000000000004
356,candidate_1,candidate_5,candidate_4,candidate_3,candidate_2,5,0.028000000000000004
357,candidate_1,candidate_5,candidate_4,0,candidate_2,5,0.028000000000000004
358,candidate_1,candidate_5,candidate_4,candidate_3,candidate_2,5,0.028000000000000004
359,candidate_1,candidate_5,0,candidate_3,candidate_2,5,0.028000000000000004
360,candidate_1,0,candidate_4,candidate_3,candidate_2,5,0.028000000000000004
361,candidate_1,candidate_5,candidate_4,candidate_3,candidate_2,5,0.028000000000000004
362,candidate_1,candidate_5,candidate_4,candidate_3,candidate_2,5,0.028000000000000004
363,candidate_1,candidate_5,candidate_4,candidate_3,candidate_2,5,0.028000000000000004
364,candidate_1,candidate_5,candidate_4,candidate_3,candidate_2,5,0.028000000000000004
365,candidate_1,candidate_5,0,0,candidate_2,5,0.028000000000000004
366,candidate_1,candidate_5,candidate_4,candidate_3,candidate_2,5,0.028000000000000004
367,candidate_1,candidate_5,candidate_4,candidate_3,candidate_2,5,0.028000000000000004
368,candidate_1,candidate_5,candidate_4,candidate_3,candidate_2,5,0.028000000000000004
369,candidate_1,candidate_5,candidate_4,candidate_3,candidate_2,5,0.028000000000000004
370,candidate_1,candidate_5,candidate_4,candidate_3,candidate_2,5,0.028000000000000004
371,candidate_1,candidate_5,candidate_4,candidate_3,candidate_2,5,0.028000000000000004
372,candidate_1,candidate_5,candidate_4,candidate_3,candidate_2,5,0.028000000000000004
373,candidate_1,candidate_5,candidate_4,candidate_3,candidate_2,5,0.028000000000000004
374,candidate_1,candidate_5,candidate_4,candidate_3,candidate_2,5,0.028000000000000004
375,candidate_1,candidate_5,candidate_4,candidate_3,candidate_2,5,0.028000000000000004
376,candidate_1,candidate_5,candidate_4,candidate_3,candidate_2,5,0.028000000000000004
377,candidate_1,candidate_5,candidate_4,candidate_3,0,5,0.028000000000000004
378,candidate_1,candidate_5,0,candidate_3,candidate_2,5,0.028000000000000004
379,candidate_1,candidate_5,0,candidate_3,candidate_2,5,0.028000000000000004
380,candidate_1,candidate_5,candidate_4,candidate_3,candidate_2,5,0.028000000000000004
381,candidate_1,candidate_5,candidate_4,candidate_3,candidate_2,5,0.028000000000000004
382,candidate_1,candidate_5,candidate_4,candidate_3,candidate_2,5,0.028000000000000004
383,candidate_1,candidate_5,candidate_4,candidate_3,candidate_2,5,0.028000000000000004
384,candidate_1,candidate_5,candidate_4,candidate_3,candidate_2,5,0.028000000000000004
385,candidate_1,candidate_5,candidate_4,candidate_3,candidate_2,5,0.028000000000000004
386,candidate_1,candidate_5,candidate_4,candidate_3,candidate_2,5,0.028000000000000004
387,candidate_1,candidate_5,candidate_4,candidate_3,candidate_2,5,0.028000000000000004
388,candidate_1,candidate_5,0,candidate_3,candidate_2,5,0.028000000000000004
389,candidate_1,candidate_5,candidate_4,candidate_3,candidate_2,5,0.028000000000000004
390,candidate_1,candidate_5,candidate_4,candidate_3,candidate_2,5,0.028000000000000004
391,0,candidate_5,candidate_4,candidate_3,candidate_2,5,0.028000000000000004
392,candidate_1,candidate_5,candidate_4,candidate_3,candidate_2,5,0.028000000000000004
393,candidate_1,0,candidate_4,candidate_3,candidate_2,5,0.028000000000000004
394,candidate_1,candidate_5,candidate_4,candidate_3,candidate_2,5,0.028000000000000004
395,candidate_1,candidate_5,candidate_4,candidate_3,candidate_2,5,0.028000000000000004
396,candidate_1,candidate_5,candidate_4,candidate_3,candidate_2,5,0.028000000000000004
397,candidate_1,candidate_5,candidate_4,candidate_3,candidate_2,5,0.028000000000000004
398,candidate_1,candidate_5,candidate_4,candidate_3,candidate_2,5,0.028000000000000004
399,candidate_1,candidate_5,candidate_4,candidate_3,candidate_2,5,0.028000000000000004
400,candidate_1,candidate_5,candidate_4,candidate_3,0,5,0.028000000000000004
401,candidate_1,candidate_5,candidate_4,candidate_3,candidate_2,5,0.028000000000000004
402,candidate_1,candidate_5,candidate_4,candidate_3,candidate_2,5,0.028000000000000004
403,candidate_1,candidate_5,candidate_4,candidate_3,candidate_2,5,0.028000000000000004
404,candidate_1,candidate_5,candidate_4,candidate_3,candidate_2,5,0.028000000000000004
405,candidate_1,candidate_5,candidate_4,candidate_3,candidate_2,5,0.028000000000000004
406,candidate_1,candidate_5,candidate_4,candidate_3,0,5,0.028000000000000004
407,candidate_1,candidate_5,candidate_4,candidate_3,candidate_2,5,0.028000000000000004
408,candidate_1,candidate_5,candidate_4,candidate_3,candidate_2,5,0.028000000000000004
409,candidate_1,candidate_5,candidate_4,candidate_3,candidate_2,5,0.028000000000000004
410,candidate_1,candidate_5,candidate_4,candidate_3,candidate_2,5,0.028000000000000004
411,candidate_1,candidate_5,candidate_4,candidate_3,candidate_2,5,0.028000000000000004
412,candidate_1,candidate_5,candidate_4,candidate_3,candidate_2,5,0.028000000000000004
413,candidate_1,candidate_5,candidate_4,candidate_3,candidate_2,5,0.028000000000000004
414,candidate_1,candidate_5,candidate_4,candidate_3,candidate_2,5,0.028000000000000004
415,candidate_1,candidate_5,candidate_4,candidate_3,candidate_2,5,0.028000000000000004
416,candidate_1,candidate_5,candidate_4,candidate_3,candidate_2,5,0.028000000000000004
417,candidate_1,candidate_5,candidate_4,candidate_3,candidate_2,5,0.028000000000000004
418,candidate_1,candidate_5,candidate_4,candidate_3,candidate_2,5,0.028000000000000004
419,candidate_1,candidate_5,candidate_4,candidate_3,candidate_2,5,0.028000000000000004
420,candidate_1,candidate_5,candidate_4,candidate_3,candidate_2,5,0.028000000000000004
421,0,candidate_5,candidate_4,candidate_3,candidate_2,5,0.028000000000000004
422,candidate_1,candidate_5,candidate_4,candidate_3,candidate_2,5,0.028000000000000004
423,candidate_1,candidate_5,candidate_4,candidate_3,candidate_2,5,0.028000000000000004
0,candidate_2,candidate_1,candidate_3,candidate_4,candidate_5,5,0.028000000000000004
1,candidate_2,candidate_1,candidate_3,candidate_4,candidate_5,5,0.028000000000000004
2,candidate_2,candidate_1,candidate_3,candidate_4,candidate_5,5,0.028000000000000004
3,candidate_2,candidate_1,candidate_3,candidate_4,candidate_5,5,0.028000000000000004
4,candidate_2,candidate_1,candidate_3,candidate_4,candidate_5,5,0.028000000000000004
5,candidate_2,candidate_1,candidate_3,candidate_4,candidate_5,5,0.028000000000000004
6,candidate_2,candidate_1,candidate_3,candidate_4,candidate_5,5,0.028000000000000004
7,candidate_2,candidate_1,candidate_3,candidate_4,candidate_5,5,0.028000000000000004
8,candidate_2,candidate_1,candidate_3,candidate_4,candidate_5,5,0.028000000000000004
9,candidate_2,candidate_1,candidate_3,candidate_4,candidate_5,5,0.028000000000000004
10,candidate_2,candidate_1,candidate_3,candidate_4,candidate_5,5,0.028000000000000004
11,candidate_2,candidate_1,candidate_3,candidate_4,candidate_5,5,0.028000000000000004
12,candidate_2,candidate_1,candidate_3,candidate_4,candidate_5,5,0.028000000000000004
13,candidate_2,candidate_1,candidate_3,candidate_4,candidate_5,5,0.028000000000000004
14,candidate_2,candidate_1,candidate_3,candidate_4,candidate_5,5,0.028000000000000004
15,candidate_2,candidate_1,candidate_3,candidate_4,candidate_5,5,0.028000000000000004
16,candidate_2,candidate_1,candidate_3,candidate_4,candidate_5,5,0.028000000000000004
17,candidate_2,candidate_1,candidate_3,candidate_4,candidate_5,5,0.028000000000000004
18,candidate_2,candidate_1,candidate_3,candidate_4,candidate_5,5,0.028000000000000004
19,candidate_2,candidate_1,candidate_3,candidate_4,candidate_5,5,0.028000000000000004
20,candidate_2,candidate_1,candidate_3,candidate_4,candidate_5,5,0.028000000000000004
21,candidate_2,candidate_1,candidate_3,candidate_4,0,5,0.028000000000000004
22,candidate_2,candidate_1,candidate_3,candidate_4,candidate_5,5,0.028000000000000004
23,candidate_2,candidate_1,candidate_3,candidate_4,0,5,0.028000000000000004
24,candidate_2,candidate_1,candidate_3,candidate_4,candidate_5,5,0.028000000000000004
25,candidate_2,candidate_1,candidate_3,candidate_4,candidate_5,5,0.028000000000000004
26,candidate_2,candidate_1,candidate_3,candidate_4,candidate_5,5,0.028000000000000004
27,candidate_2,candidate_1,candidate_3,candidate_4,candidate_5,5,0.028000000000000004
28,candidate_2,candidate_1,candidate_3,candidate_4,candidate_5,5,0.028000000000000004
29,candidate_2,candidate_1,candidate_3,candidate_4,candidate_5,5,0.028000000000000004
30,candidate_2,candidate_1,candidate_3,candidate_4,candidate_5,5,0.028000000000000004
31,candidate_2,candidate_1,candidate_3,candidate_4,candidate_5,5,0.028000000000000004
32,candidate_2,candidate_1,candidate_3,candidate_4,candidate_5,5,0.028000000000000004
33,candidate_2,candidate_1,candidate_3,candidate_4,candidate_5,5,0.028000000000000004
34,candidate_2,candidate_1,candidate_3,candidate_4,candidate_5,5,0.028000000000000004
35,candidate_2,candidate_1,candidate_3,candidate_4,candidate_5,5,0.028000000000000004
36,candidate_2,candidate_1,candidate_3,candidate_4,candidate_5,5,0.028000000000000004
37,candidate_2,candidate_1,candidate_3,candidate_4,candidate_5,5,0.028000000000000004
38,0,candidate_1,candidate_3,0,candidate_5,5,0.028000000000000004
39,candidate_2,candidate_1,candidate_3,candidate_4,candidate_5,5,0.028000000000000004
40,candidate_2,candidate_1,candidate_3,candidate_4,candidate_5,5,0.028000000000000004
41,candidate_2,candidate_1,candidate_3,candidate_4,candidate_5,5,0.028000000000000004
42,candidate_2,candidate_1,candidate_3,candidate_4,candidate_5,5,0.028000000000000004
43,candidate_2,candidate_1,candidate_3,candidate_4,candidate_5,5,0.028000000000000004
44,candidate_2,candidate_1,candidate_3,candidate_4,candidate_5,5,0.028000000000000004
45,candidate_2,candidate_1,candidate_3,candidate_4,candidate_5,5,0.028000000000000004
46,candidate_2,candidate_1,candidate_3,candidate_4,candidate_5,5,0.028000000000000004
47,candidate_2,candidate_1,candidate_3,candidate_4,candidate_5,5,0.028000000000000004
48,candidate_2,candidate_1,candidate_3,candidate_4,candidate_5,5,0.028000000000000004
49,candidate_2,candidate_1,candidate_3,candidate_4,candidate_5,5,0.028000000000000004
50,candidate_2,candidate_1,candidate_3,candidate_4,candidate_5,5,0.028000000000000004
51,candidate_2,candidate_1,candidate_3,candidate_4,candidate_5,5,0.028000000000000004
52,candidate_2,candidate_1,candidate_3,candidate_4,candidate_5,5,0.028000000000000004
53,candidate_2,candidate_1,candidate_3,candidate_4,candidate_5,5,0.028000000000000004
54,candidate_2,candidate_1,candidate_3,candidate_4,candidate_5,5,0.028000000000000004
55,candidate_2,candidate_1,candidate_3,candidate_4,candidate_5,5,0.028000000000000004
56,candidate_2,candidate_1,candidate_3,candidate_4,candidate_5,5,0.028000000000000004
57,candidate_2,candidate_1,candidate_3,candidate_4,candidate_5,5,0.028000000000000004
58,candidate_2,candidate_1,candidate_3,candidate_4,candidate_5,5,0.028000000000000004
59,candidate_2,candidate_1,candidate_3,candidate_4,candidate_5,5,0.028000000000000004
60,0,candidate_1,candidate_3,candidate_4,candidate_5,5,0.028000000000000004
61,candidate_2,candidate_1,candidate_3,candidate_4,candidate_5,5,0.028000000000000004
62,candidate_2,candidate_1,candidate_3,candidate_4,candidate_5,5,0.028000000000000004
63,candidate_2,candidate_1,candidate_3,candidate_4,candidate_5,5,0.028000000000000004
64,candidate_2,candidate_1,candidate_3,candidate_4,candidate_5,5,0.028000000000000004
65,0,candidate_1,candidate_3,candidate_4,candidate_5,5,0.028000000000000004
66,candidate_2,candidate_1,candidate_3,candidate_4,candidate_5,5,0.028000000000000004
67,candidate_2,candidate_1,candidate_3,candidate_4,candidate_5,5,0.028000000000000004
68,candidate_2,candidate_1,candidate_3,candidate_4,candidate_5,5,0.028000000000000004
69,candidate_2,candidate_1,candidate_3,candidate_4,candidate_5,5,0.028000000000000004
70,candidate_2,candidate_1,candidate_3,candidate_4,candidate_5,5,0.028000000000000004
71,candidate_2,candidate_1,candidate_3,candidate_4,candidate_5,5,0.028000000000000004
72,candidate_2,candidate_1,candidate_3,candidate_4,candidate_5,5,0.028000000000000004
73,candidate_2,candidate_1,candidate_3,candidate_4,candidate_5,5,0.028000000000000004
74,candidate_2,candidate_1,candidate_3,candidate_4,candidate_5,5,0.028000000000000004
75,candidate_2,candidate_1,candidate_3,candidate_4,candidate_5,5,0.028000000000000004
76,candidate_2,candidate_1,candidate_3,candidate_4,candidate_5,5,0.028000000000000004
77,candidate_2,candidate_1,candidate_3,candidate_4,candidate_5,5,0.028000000000000004
78,candidate_2,candidate_1,candidate_3,candidate_4,candidate_5,5,0.028000000000000004
79,candidate_2,candidate_1,candidate_3,candidate_4,candidate_5,5,0.028000000000000004
80,candidate_2,candidate_1,candidate_3,candidate_4,candidate_5,5,0.028000000000000004
81,candidate_2,candidate_1,candidate_3,candidate_4,candidate_5,5,0.028000000000000004
82,candidate_2,0,candidate_3,candidate_4,candidate_5,5,0.028000000000000004
83,candidate_2,candidate_1,candidate_3,candidate_4,candidate_5,5,0.028000000000000004
84,candidate_2,candidate_1,candidate_3,candidate_4,candidate_5,5,0.028000000000000004
85,candidate_2,candidate_1,candidate_3,candidate_4,candidate_5,5,0.028000000000000004
86,candidate_2,candidate_1,candidate_3,candidate_4,candidate_5,5,0.028000000000000004
87,candidate_2,candidate_1,candidate_3,candidate_4,candidate_5,5,0.028000000000000004
88,candidate_2,candidate_1,candidate_3,candidate_4,candidate_5,5,0.028000000000000004
89,candidate_2,candidate_1,candidate_3,candidate_4,candidate_5,5,0.028000000000000004
90,0,candidate_1,candidate_3,candidate_4,candidate_5,5,0.028000000000000004
91,candidate_2,candidate_1,candidate_3,candidate_4,candidate_5,5,0.028000000000000004
92,candidate_2,candidate_1,candidate_3,candidate_4,candidate_5,5,0.028000000000000004
93,candidate_2,candidate_1,candidate_3,candidate_4,candidate_5,5,0.028000000000000004
94,candidate_2,candidate_1,candidate_3,candidate_4,candidate_5,5,0.028000000000000004
95,candidate_2,candidate_1,candidate_3,candidate_4,candidate_5,5,0.028000000000000004
96,candidate_2,candidate_1,candidate_3,candidate_4,candidate_5,5,0.028000000000000004
97,candidate_2,candidate_1,candidate_3,candidate_4,candidate_5,5,0.028000000000000004
98,candidate_2,candidate_1,candidate_3,candidate_4,candidate_5,5,0.028000000000000004
99,candidate_2,candidate_1,candidate_3,candidate_4,candidate_5,5,0.028000000000000004
100,candidate_2,candidate_1,candidate_3,candidate_4,candidate_5,5,0.028000000000000004
101,candidate_2,candidate_1,candidate_3,candidate_4,candidate_5,5,0.028000000000000004
102,candidate_2,candidate_1,candidate_3,candidate_4,candidate_5,5,0.028000000000000004
103,candidate_2,candidate_1,candidate_3,candidate_4,candidate_5,5,0.028000000000000004
104,candidate_2,candidate_1,candidate_3,candidate_4,candidate_5,5,0.028000000000000004
105,candidate_2,candidate_1,candidate_3,candidate_4,candidate_5,5,0.028000000000000004
106,candidate_2,candidate_1,candidate_3,candidate_4,candidate_5,5,0.028000000000000004
107,candidate_2,candidate_1,candidate_3,candidate_4,candidate_5,5,0.028000000000000004
108,candidate_2,candidate_1,candidate_3,candidate_4,candidate_5,5,0.028000000000000004
109,candidate_2,candidate_1,candidate_3,candidate_4,candidate_5,5,0.028000000000000004
110,candidate_2,candidate_1,0,candidate_4,candidate_5,5,0.028000000000000004
111,candidate_2,candidate_1,candidate_3,candidate_4,candidate_5,5,0.028000000000000004
112,candidate_2,candidate_1,candidate_3,candidate_4,0,5,0.028000000000000004
113,candidate_2,candidate_1,candidate_3,candidate_4,candidate_5,5,0.028000000000000004
114,candidate_2,0,candidate_3,candidate_4,0,5,0.028000000000000004
115,candidate_2,candidate_1,candidate_3,candidate_4,candidate_5,5,0.028000000000000004
116,0,candidate_1,candidate_3,candidate_4,candidate_5,5,0.028000000000000004
117,candidate_2,candidate_1,candidate_3,candidate_4,candidate_5,5,0.028000000000000004
118,candidate_2,candidate_1,candidate_3,candidate_4,candidate_5,5,0.028000000000000004
119,0,candidate_1,candidate_3,candidate_4,candidate_5,5,0.028000000000000004
120,candidate_2,candidate_1,candidate_3,candidate_4,candidate_5,5,0.028000000000000004
121,candidate_2,candidate_1,0,candidate_4,candidate_5,5,0.028000000000000004
122,candidate_2,candidate_1,candidate_3,candidate_4,candidate_5,5,0.028000000000000004
123,candidate_2,candidate_1,candidate_3,candidate_4,candidate_5,5,0.028000000000000004
124,candidate_2,candidate_1,candidate_3,candidate_4,candidate_5,5,0.028000000000000004
125,candidate_2,candidate_1,candidate_3,candidate_4,candidate_5,5,0.028000000000000004
126,candidate_2,candidate_1,candidate_3,candidate_4,candidate_5,5,0.028000000000000004
127,candidate_2,candidate_1,candidate_3,candidate_4,candidate_5,5,0.028000000000000004
128,candidate_2,candidate_1,candidate_3,candidate_4,candidate_5,5,0.028000000000000004
129,candidate_2,0,candidate_3,candidate_4,candidate_5,5,0.028000000000000004
130,candidate_2,candidate_1,candidate_3,candidate_4,candidate_5,5,0.028000000000000004
131,candidate_2,candidate_1,candidate_3,candidate_4,candidate_5,5,0.028000000000000004
132,candidate_2,candidate_1,candidate_3,candidate_4,candidate_5,5,0.028000000000000004
133,candidate_2,candidate_1,candidate_3,candidate_4,candidate_5,5,0.028000000000000004
134,candidate_2,candidate_1,candidate_3,candidate_4,0,5,0.028000000000000004
135,candidate_2,candidate_1,candidate_3,candidate_4,candidate_5,5,0.028000000000000004
136,candidate_2,candidate_1,candidate_3,candidate_4,candidate_5,5,0.028000000000000004
137,candidate_2,candidate_1,candidate_3,candidate_4,candidate_5,5,0.028000000000000004
138,candidate_2,candidate_1,candidate_3,0,candidate_5,5,0.028000000000000004
139,candidate_2,candidate_1,candidate_3,candidate_4,candidate_5,5,0.028000000000000004
140,candidate_2,candidate_1,candidate_3,candidate_4,candidate_5,5,0.028000000000000004
141,candidate_2,candidate_1,candidate_3,candidate_4,candidate_5,5,0.028000000000000004
142,candidate_2,candidate_1,candidate_3,candidate_4,candidate_5,5,0.028000000000000004
143,candidate_2,candidate_1,candidate_3,candidate_4,candidate_5,5,0.028000000000000004
144,candidate_2,candidate_1,candidate_3,candidate_4,candidate_5,5,0.028000000000000004
145,candidate_2,candidate_1,candidate_3,candidate_4,candidate_5,5,0.028000000000000004
146,candidate_2,0,candidate_3,candidate_4,candidate_5,5,0.028000000000000004
147,candidate_2,candidate_1,candidate_3,candidate_4,candidate_5,5,0.028000000000000004
148,candidate_2,candidate_1,candidate_3,candidate_4,candidate_5,5,0.028000000000000004
149,candidate_2,candidate_1,candidate_3,candidate_4,candidate_5,5,0.028000000000000004
150,candidate_2,candidate_1,candidate_3,candidate_4,candidate_5,5,0.028000000000000004
151,candidate_2,candidate_1,candidate_3,candidate_4,candidate_5,5,0.028000000000000004
152,candidate_2,candidate_1,candidate_3,candidate_4,candidate_5,5,0.028000000000000004
153,candidate_2,candidate_1,candidate_3,candidate_4,candidate_5,5,0.028000000000000004
154,candidate_2,candidate_1,candidate_3,candidate_4,candidate_5,5,0.028000000000000004
155,candidate_2,candidate_1,candidate_3,candidate_4,candidate_5,5,0.028000000000000004
156,candidate_2,candidate_1,candidate_3,candidate_4,candidate_5,5,0.028000000000000004
157,candidate_2,candidate_1,candidate_3,candidate_4,candidate_5,5,0.028000000000000004
158,candidate_2,candidate_1,candidate_3,candidate_4,candidate_5,5,0.028000000000000004
159,candidate_2,candidate_1,candidate_3,candidate_4,candidate_5,5,0.028000000000000004
160,candidate_2,candidate_1,candidate_3,candidate_4,candidate_5,5,0.028000000000000004
161,candidate_2,candidate_1,candidate_3,candidate_4,candidate_5,5,0.028000000000000004
162,candidate_2,candidate_1,candidate_3,candidate_4,candidate_5,5,0.028000000000000004
163,candidate_2,0,candidate_3,candidate_4,candidate_5,5,0.028000000000000004
164,candidate_2,candidate_1,candidate_3,candidate_4,candidate_5,5,0.028000000000000004
165,candidate_2,candidate_1,candidate_3,candidate_4,candidate_5,5,0.028000000000000004
166,candidate_2,candidate_1,candidate_3,candidate_4,candidate_5,5,0.028000000000000004
167,candidate_2,candidate_1,candidate_3,candidate_4,candidate_5,5,0.028000000000000004
168,candidate_2,candidate_1,candidate_3,candidate_4,candidate_5,5,0.028000000000000004
169,candidate_2,candidate_1,candidate_3,candidate_4,candidate_5,5,0.028000000000000004
170,candidate_2,candidate_1,candidate_3,candidate_4,candidate_5,5,0.028000000000000004
171,candidate_2,candidate_1,candidate_3,candidate_4,candidate_5,5,0.028000000000000004
0,candidate_2,candidate_1,candidate_3,candidate_5,candidate_4,5,0.028000000000000004
1,candidate_2,candidate_1,candidate_3,candidate_5,candidate_4,5,0.028000000000000004
2,candidate_2,candidate_1,candidate_3,candidate_5,candidate_4,5,0.028000000000000004
3,candidate_2,candidate_1,candidate_3,candidate_5,candidate_4,5,0.028000000000000004
4,candidate_2,candidate_1,candidate_3,candidate_5,candidate_4,5,0.028000000000000004
5,candidate_2,candidate_1,candidate_3,candidate_5,candidate_4,5,0.028000000000000004
6,candidate_2,candidate_1,0,candidate_5,candidate_4,5,0.028000000000000004
7,candidate_2,candidate_1,candidate_3,candidate_5,candidate_4,5,0.028000000000000004
8,candidate_2,candidate_1,candidate_3,candidate_5,candidate_4,5,0.028000000000000004
9,candidate_2,candidate_1,candidate_3,0,candidate_4,5,0.028000000000000004
10,candidate_2,candidate_1,candidate_3,candidate_5,candidate_4,5,0.028000000000000004
11,candidate_2,candidate_1,candidate_3,candidate_5,candidate_4,5,0.028000000000000004
12,candidate_2,candidate_1,candidate_3,candidate_5,candidate_4,5,0.028000000000000004
13,candidate_2,candidate_1,candidate_3,candidate_5,candidate_4,5,0.028000000000000004
14,candidate_2,candidate_1,candidate_3,0,candidate_4,5,0.028000000000000004
15,candidate_2,candidate_1,candidate_3,candidate_5,candidate_4,5,0.028000000000000004
16,candidate_2,candidate_1,candidate_3,candidate_5,candidate_4,5,0.028000000000000004
17,candidate_2,candidate_1,candidate_3,candidate_5,candidate_4,5,0.028000000000000004
18,candidate_2,candidate_1,candidate_3,candidate_5,candidate_4,5,0.028000000000000004
19,candidate_2,candidate_1,candidate_3,candidate_5,candidate_4,5,0.028000000000000004
20,candidate_2,candidate_1,candidate_3,candidate_5,candidate_4,5,0.028000000000000004
21,candidate_2,candidate_1,candidate_3,candidate_5,candidate_4,5,0.028000000000000004
22,candidate_2,candidate_1,candidate_3,candidate_5,candidate_4,5,0.028000000000000004
23,candidate_2,candidate_1,candidate_3,candidate_5,candidate_4,5,0.028000000000000004
24,candidate_2,candidate_1,candidate_3,candidate_5,candidate_4,5,0.028000000000000004
25,candidate_2,candidate_1,0,candidate_5,candidate_4,5,0.028000000000000004
26,candidate_2,candidate_1,candidate_3,candidate_5,candidate_4,5,0.028000000000000004
27,candidate_2,candidate_1,candidate_3,candidate_5,candidate_4,5,0.028000000000000004
28,candidate_2,candidate_1,candidate_3,candidate_5,candidate_4,5,0.028000000000000004
29,candidate_2,candidate_1,candidate_3,candidate_5,candidate_4,5,0.028000000000000004
30,candidate_2,candidate_1,candidate_3,candidate_5,candidate_4,5,0.028000000000000004
31,candidate_2,candidate_1,candidate_3,candidate_5,candidate_4,5,0.028000000000000004
32,candidate_2,candidate_1,candidate_3,candidate_5,candidate_4,5,0.028000000000000004
33,candidate_2,candidate_1,candidate_3,candidate_5,candidate_4,5,0.028000000000000004
34,candidate_2,candidate_1,candidate_3,candidate_5,candidate_4,5,0.028000000000000004
35,candidate_2,candidate_1,candidate_3,candidate_5,candidate_4,5,0.028000000000000004
36,candidate_2,candidate_1,candidate_3,candidate_5,candidate_4,5,0.028000000000000004
37,candidate_2,candidate_1,candidate_3,candidate_5,candidate_4,5,0.028000000000000004
38,candidate_2,candidate_1,candidate_3,candidate_5,candidate_4,5,0.028000000000000004
39,candidate_2,candidate_1,candidate_3,candidate_5,candidate_4,5,0.028000000000000004
40,candidate_2,candidate_1,candidate_3,candidate_5,candidate_4,5,0.028000000000000004
41,candidate_2,candidate_1,candidate_3,candidate_5,candidate_4,5,0.028000000000000004
42,candidate_2,candidate_1,candidate_3,candidate_5,candidate_4,5,0.028000000000000004
43,candidate_2,candidate_1,candidate_3,candidate_5,candidate_4,5,0.028000000000000004
44,candidate_2,candidate_1,0,candidate_5,candidate_4,5,0.028000000000000004
45,candidate_2,candidate_1,candidate_3,candidate_5,candidate_4,5,0.028000000000000004
46,candidate_2,candidate_1,candidate_3,candidate_5,candidate_4,5,0.028000000000000004
47,candidate_2,candidate_1,candidate_3,candidate_5,candidate_4,5,0.028000000000000004
48,candidate_2,candidate_1,candidate_3,candidate_5,candidate_4,5,0.028000000000000004
49,candidate_2,candidate_1,candidate_3,candidate_5,candidate_4,5,0.028000000000000004
50,candidate_2,candidate_1,candidate_3,candidate_5,candidate_4,5,0.028000000000000004
51,0,candidate_1,candidate_3,candidate_5,candidate_4,5,0.028000000000000004
52,candidate_2,candidate_1,candidate_3,candidate_5,candidate_4,5,0.028000000000000004
53,candidate_2,candidate_1,candidate_3,candidate_5,candidate_4,5,0.028000000000000004
54,candidate_2,candidate_1,candidate_3,candidate_5,candidate_4,5,0.028000000000000004
55,candidate_2,candidate_1,candidate_3,candidate_5,candidate_4,5,0.028000000000000004
56,candidate_2,candidate_1,candidate_3,candidate_5,candidate_4,5,0.028000000000000004
57,candidate_2,candidate_1,candidate_3,candidate_5,candidate_4,5,0.028000000000000004
58,candidate_2,candidate_1,candidate_3,candidate_5,candidate_4,5,0.028000000000000004
59,candidate_2,candidate_1,candidate_3,candidate_5,candidate_4,5,0.028000000000000004
60,candidate_2,candidate_1,candidate_3,candidate_5,candidate_4,5,0.028000000000000004
61,candidate_2,candidate_1,candidate_3,candidate_5,candidate_4,5,0.028000000000000004
62,candidate_2,candidate_1,0,candidate_5,candidate_4,5,0.028000000000000004
63,candidate_2,candidate_1,candidate_3,candidate_5,candidate_4,5,0.028000000000000004
64,candidate_2,candidate_1,candidate_3,candidate_5,candidate_4,5,0.028000000000000004
65,candidate_2,candidate_1,candidate_3,candidate_5,candidate_4,5,0.028000000000000004
66,candidate_2,candidate_1,candidate_3,candidate_5,candidate_4,5,0.028000000000000004
67,candidate_2,candidate_1,candidate_3,candidate_5,candidate_4,5,0.028000000000000004
68,candidate_2,candidate_1,candidate_3,candidate_5,candidate_4,5,0.028000000000000004
69,candidate_2,candidate_1,candidate_3,candidate_5,candidate_4,5,0.028000000000000004
70,candidate_2,candidate_1,candidate_3,candidate_5,candidate_4,5,0.028000000000000004
71,candidate_2,candidate_1,candidate_3,0,candidate_4,5,0.028000000000000004
72,candidate_2,candidate_1,candidate_3,candidate_5,0,5,0.028000000000000004
73,candidate_2,candidate_1,candidate_3,candidate_5,0,5,0.028000000000000004
74,candidate_2,candidate_1,0,candidate_5,candidate_4,5,0.028000000000000004
75,candidate_2,0,candidate_3,candidate_5,candidate_4,5,0.028000000000000004
76,candidate_2,candidate_1,candidate_3,candidate_5,candidate_4,5,0.028000000000000004
77,candidate_2,candidate_1,candidate_3,candidate_5,candidate_4,5,0.028000000000000004
78,candidate_2,candidate_1,candidate_3,candidate_5,candidate_4,5,0.028000000000000004
79,candidate_2,candidate_1,candidate_3,candidate_5,candidate_4,5,0.028000000000000004
80,candidate_2,candidate_1,candidate_3,candidate_5,candidate_4,5,0.028000000000000004
81,candidate_2,0,candidate_3,candidate_5,candidate_4,5,0.028000000000000004
82,candidate_2,candidate_1,candidate_3,candidate_5,candidate_4,5,0.028000000000000004
83,candidate_2,candidate_1,candidate_3,candidate_5,candidate_4,5,0.028000000000000004
84,candidate_2,candidate_1,candidate_3,candidate_5,candidate_4,5,0.028000000000000004
85,candidate_2,candidate_1,candidate_3,candidate_5,candidate_4,5,0.028000000000000004
86,candidate_2,candidate_1,candidate_3,candidate_5,candidate_4,5,0.028000000000000004
87,candidate_2,candidate_1,candidate_3,candidate_5,candidate_4,5,0.028000000000000004
88,candidate_2,candidate_1,candidate_3,candidate_5,candidate_4,5,0.028000000000000004
89,candidate_2,candidate_1,candidate_3,candidate_5,candidate_4,5,0.028000000000000004
90,candidate_2,candidate_1,candidate_3,candidate_5,candidate_4,5,0.028000000000000004
91,candidate_2,candidate_1,candidate_3,candidate_5,0,5,0.028000000000000004
92,candidate_2,candidate_1,candidate_3,candidate_5,candidate_4,5,0.028000000000000004
93,candidate_2,candidate_1,candidate_3,candidate_5,candidate_4,5,0.028000000000000004
94,candidate_2,0,candidate_3,candidate_5,candidate_4,5,0.028000000000000004
95,candidate_2,candidate_1,candidate_3,candidate_5,candidate_4,5,0.028000000000000004
96,candidate_2,candidate_1,candidate_3,candidate_5,candidate_4,5,0.028000000000000004
97,candidate_2,candidate_1,candidate_3,candidate_5,candidate_4,5,0.028000000000000004
98,candidate_2,candidate_1,candidate_3,candidate_5,candidate_4,5,0.028000000000000004
99,candidate_2,candidate_1,candidate_3,candidate_5,candidate_4,5,0.028000000000000004
100,candidate_2,candidate_1,candidate_3,candidate_5,candidate_4,5,0.028000000000000004
101,candidate_2,candidate_1,candidate_3,candidate_5,candidate_4,5,0.028000000000000004
102,candidate_2,candidate_1,candidate_3,candidate_5,candidate_4,5,0.028000000000000004
103,candidate_2,candidate_1,candidate_3,candidate_5,candidate_4,5,0.028000000000000004
104,candidate_2,candidate_1,candidate_3,candidate_5,candidate_4,5,0.028000000000000004
105,candidate_2,candidate_1,candidate_3,candidate_5,candidate_4,5,0.028000000000000004
106,candidate_2,candidate_1,candidate_3,candidate_5,candidate_4,5,0.028000000000000004
107,candidate_2,0,candidate_3,candidate_5,candidate_4,5,0.028000000000000004
108,candidate_2,candidate_1,candidate_3,candidate_5,candidate_4,5,0.028000000000000004
109,candidate_2,candidate_1,candidate_3,candidate_5,candidate_4,5,0.028000000000000004
110,candidate_2,candidate_1,candidate_3,candidate_5,candidate_4,5,0.028000000000000004
111,candidate_2,candidate_1,candidate_3,candidate_5,candidate_4,5,0.028000000000000004
112,candidate_2,candidate_1,candidate_3,candidate_5,candidate_4,5,0.028000000000000004
113,candidate_2,candidate_1,candidate_3,candidate_5,candidate_4,5,0.028000000000000004
114,candidate_2,candidate_1,candidate_3,candidate_5,candidate_4,5,0.028000000000000004
115,0,candidate_1,candidate_3,candidate_5,candidate_4,5,0.028000000000000004
116,candidate_2,candidate_1,candidate_3,candidate_5,candidate_4,5,0.028000000000000004
117,candidate_2,candidate_1,candidate_3,candidate_5,candidate_4,5,0.028000000000000004
118,candidate_2,candidate_1,0,candidate_5,candidate_4,5,0.028000000000000004
119,candidate_2,candidate_1,candidate_3,candidate_5,candidate_4,5,0.028000000000000004
120,candidate_2,candidate_1,candidate_3,candidate_5,candidate_4,5,0.028000000000000004
121,candidate_2,candidate_1,candidate_3,candidate_5,candidate_4,5,0.028000000000000004
122,candidate_2,candidate_1,candidate_3,candidate_5,candidate_4,5,0.028000000000000004
123,candidate_2,candidate_1,candidate_3,candidate_5,candidate_4,5,0.028000000000000004
124,candidate_2,candidate_1,candidate_3,candidate_5,candidate_4,5,0.028000000000000004
125,candidate_2,candidate_1,candidate_3,candidate_5,candidate_4,5,0.028000000000000004
126,candidate_2,candidate_1,0,candidate_5,candidate_4,5,0.028000000000000004
127,candidate_2,candidate_1,candidate_3,candidate_5,candidate_4,5,0.028000000000000004
128,candidate_2,candidate_1,candidate_3,candidate_5,candidate_4,5,0.028000000000000004
129,candidate_2,candidate_1,candidate_3,0,candidate_4,5,0.028000000000000004
130,candidate_2,candidate_1,candidate_3,candidate_5,candidate_4,5,0.028000000000000004
131,candidate_2,candidate_1,candidate_3,candidate_5,candidate_4,5,0.028000000000000004
132,candidate_2,candidate_1,candidate_3,candidate_5,candidate_4,5,0.028000000000000004
133,candidate_2,candidate_1,candidate_3,candidate_5,candidate_4,5,0.028000000000000004
134,candidate_2,candidate_1,candidate_3,0,candidate_4,5,0.028000000000000004
135,candidate_2,candidate_1,candidate_3,candidate_5,candidate_4,5,0.028000000000000004
136,candidate_2,candidate_1,0,candidate_5,candidate_4,5,0.028000000000000004
137,0,candidate_1,candidate_3,candidate_5,candidate_4,5,0.028000000000000004
138,candidate_2,candidate_1,candidate_3,candidate_5,candidate_4,5,0.028000000000000004
139,candidate_2,candidate_1,candidate_3,candidate_5,candidate_4,5,0.028000000000000004
140,candidate_2,candidate_1,candidate_3,candidate_5,candidate_4,5,0.028000000000000004
141,candidate_2,candidate_1,candidate_3,candidate_5,candidate_4,5,0.028000000000000004
142,candidate_2,candidate_1,candidate_3,candidate_5,candidate_4,5,0.028000000000000004
143,candidate_2,candidate_1,candidate_3,candidate_5,candidate_4,5,0.028000000000000004
144,candidate_2,candidate_1,candidate_3,candidate_5,candidate_4,5,0.028000000000000004
145,candidate_2,candidate_1,candidate_3,candidate_5,candidate_4,5,0.028000000000000004
146,candidate_2,candidate_1,candidate_3,candidate_5,candidate_4,5,0.028000000000000004
147,candidate_2,candidate_1,candidate_3,0,candidate_4,5,0.028000000000000004
148,candidate_2,candidate_1,candidate_3,candidate_5,candidate_4,5,0.028000000000000004
149,candidate_2,candidate_1,candidate_3,candidate_5,candidate_4,5,0.028000000000000004
150,candidate_2,candidate_1,candidate_3,candidate_5,candidate_4,5,0.028000000000000004
151,candidate_2,candidate_1,candidate_3,candidate_5,candidate_4,5,0.028000000000000004
152,candidate_2,candidate_1,candidate_3,candidate_5,candidate_4,5,0.028000000000000004
153,candidate_2,candidate_1,candidate_3,candidate_5,candidate_4,5,0.028000000000000004
154,candidate_2,candidate_1,candidate_3,candidate_5,candidate_4,5,0.028000000000000004
155,candidate_2,candidate_1,candidate_3,candidate_5,candidate_4,5,0.028000000000000004
156,candidate_2,candidate_1,candidate_3,candidate_5,candidate_4,5,0.028000000000000004
157,candidate_2,candidate_1,candidate_3,candidate_5,candidate_4,5,0.028000000000000004
158,candidate_2,candidate_1,candidate_3,candidate_5,candidate_4,5,0.028000000000000004
159,candidate_2,candidate_1,candidate_3,candidate_5,candidate_4,5,0.028000000000000004
160,candidate_2,candidate_1,candidate_3,candidate_5,candidate_4,5,0.028000000000000004
161,candidate_2,candidate_1,candidate_3,candidate_5,candidate_4,5,0.028000000000000004
162,candidate_2,candidate_1,candidate_3,candidate_5,candidate_4,5,0.028000000000000004
163,candidate_2,candidate_1,candidate_3,candidate_5,candidate_4,5,0.028000000000000004
164,candidate_2,candidate_1,candidate_3,candidate_5,candidate_4,5,0.028000000000000004
165,candidate_2,candidate_1,candidate_3,candidate_5,candidate_4,5,0.028000000000000004
166,candidate_2,candidate_1,candidate_3,candidate_5,candidate_4,5,0.028000000000000004
167,candidate_2,candidate_1,candidate_3,candidate_5,candidate_4,5,0.028000000000000004
168,candidate_2,candidate_1,candidate_3,candidate_5,0,5,0.028000000000000004
169,candidate_2,candidate_1,candidate_3,candidate_5,candidate_4,5,0.028000000000000004
170,candidate_2,candidate_1,candidate_3,candidate_5,candidate_4,5,0.028000000000000004
171,candidate_2,candidate_1,candidate_3,candidate_5,candidate_4,5,0.028000000000000004
172,candidate_2,candidate_1,candidate_3,candidate_5,candidate_4,5,0.028000000000000004
173,0,candidate_1,candidate_3,candidate_5,candidate_4,5,0.028000000000000004
174,candidate_2,candidate_1,candidate_3,candidate_5,candidate_4,5,0.028000000000000004
175,candidate_2,candidate_1,candidate_3,candidate_5,candidate_4,5,0.028000000000000004
176,candidate_2,candidate_1,candidate_3,candidate_5,candidate_4,5,0.028000000000000004
177,candidate_2,candidate_1,candidate_3,candidate_5,candidate_4,5,0.028000000000000004
178,candidate_2,candidate_1,candidate_3,candidate_5,candidate_4,5,0.028000000000000004
179,candidate_2,candidate_1,candidate_3,candidate_5,candidate_4,5,0.028000000000000004
180,candidate_2,candidate_1,candidate_3,candidate_5,candidate_4,5,0.028000000000000004
181,candidate_2,candidate_1,candidate_3,candidate_5,candidate_4,5,0.028000000000000004
182,candidate_2,candidate_1,candidate_3,candidate_5,candidate_4,5,0.028000000000000004
183,candidate_2,candidate_1,candidate_3,candidate_5,candidate_4,5,0.028000000000000004
184,candidate_2,candidate_1,candidate_3,candidate_5,candidate_4,5,0.028000000000000004
185,candidate_2,candidate_1,candidate_3,candidate_5,candidate_4,5,0.028000000000000004
186,candidate_2,candidate_1,candidate_3,candidate_5,candidate_4,5,0.028000000000000004
187,candidate_2,candidate_1,candidate_3,candidate_5,candidate_4,5,0.028000000000000004
188,candidate_2,candidate_1,candidate_3,candidate_5,candidate_4,5,0.028000000000000004
189,candidate_2,candidate_1,candidate_3,candidate_5,candidate_4,5,0.028000000000000004
190,candidate_2,candidate_1,candidate_3,candidate_5,candidate_4,5,0.028000000000000004
191,candidate_2,candidate_1,candidate_3,candidate_5,candidate_4,5,0.028000000000000004
192,candidate_2,candidate_1,candidate_3,candidate_5,candidate_4,5,0.028000000000000004
193,candidate_2,candidate_1,candidate_3,candidate_5,candidate_4,5,0.028000000000000004
194,candidate_2,candidate_1,candidate_3,candidate_5,candidate_4,5,0.028000000000000004
195,candidate_2,candidate_1,candidate_3,candidate_5,candidate_4,5,0.028000000000000004
196,candidate_2,candidate_1,candidate_3,candidate_5,candidate_4,5,0.028000000000000004
197,candidate_2,candidate_1,candidate_3,candidate_5,candidate_4,5,0.028000000000000004
198,candidate_2,candidate_1,candidate_3,candidate_5,candidate_4,5,0.028000000000000004
199,candidate_2,candidate_1,candidate_3,candidate_5,candidate_4,5,0.028000000000000004
200,candidate_2,candidate_1,candidate_3,candidate_5,candidate_4,5,0.028000000000000004
201,candidate_2,candidate_1,candidate_3,candidate_5,candidate_4,5,0.028000000000000004
202,candidate_2,candidate_1,candidate_3,candidate_5,candidate_4,5,0.028000000000000004
203,candidate_2,candidate_1,candidate_3,candidate_5,candidate_4,5,0.028000000000000004
204,candidate_2,candidate_1,candidate_3,candidate_5,candidate_4,5,0.028000000000000004
205,candidate_2,candidate_1,candidate_3,candidate_5,candidate_4,5,0.028000000000000004
206,candidate_2,candidate_1,candidate_3,candidate_5,candidate_4,5,0.028000000000000004
207,candidate_2,candidate_1,candidate_3,candidate_5,candidate_4,5,0.028000000000000004
208,candidate_2,candidate_1,candidate_3,candidate_5,candidate_4,5,0.028000000000000004
209,candidate_2,candidate_1,0,candidate_5,candidate_4,5,0.028000000000000004
210,candidate_2,candidate_1,candidate_3,candidate_5,candidate_4,5,0.028000000000000004
211,candidate_2,candidate_1,candidate_3,candidate_5,candidate_4,5,0.028000000000000004
212,candidate_2,candidate_1,candidate_3,candidate_5,candidate_4,5,0.028000000000000004
213,candidate_2,candidate_1,candidate_3,candidate_5,candidate_4,5,0.028000000000000004
214,candidate_2,candidate_1,candidate_3,candidate_5,candidate_4,5,0.028000000000000004
215,candidate_2,candidate_1,candidate_3,candidate_5,candidate_4,5,0.028000000000000004
216,candidate_2,candidate_1,candidate_3,candidate_5,candidate_4,5,0.028000000000000004
217,candidate_2,candidate_1,candidate_3,candidate_5,candidate_4,5,0.028000000000000004
218,candidate_2,candidate_1,candidate_3,candidate_5,candidate_4,5,0.028000000000000004
219,candidate_2,candidate_1,candidate_3,candidate_5,candidate_4,5,0.028000000000000004
220,candidate_2,candidate_1,candidate_3,candidate_5,candidate_4,5,0.028000000000000004
221,candidate_2,candidate_1,candidate_3,candidate_5,candidate_4,5,0.028000000000000004
222,0,candidate_1,candidate_3,candidate_5,candidate_4,5,0.028000000000000004
223,candidate_2,candidate_1,candidate_3,candidate_5,candidate_4,5,0.028000000000000004
224,candidate_2,candidate_1,candidate_3,candidate_5,0,5,0.028000000000000004
225,candidate_2,candidate_1,candidate_3,candidate_5,candidate_4,5,0.028000000000000004
226,candidate_2,candidate_1,candidate_3,candidate_5,candidate_4,5,0.028000000000000004
227,candidate_2,candidate_1,candidate_3,candidate_5,candidate_4,5,0.028000000000000004
228,candidate_2,candidate_1,candidate_3,candidate_5,candidate_4,5,0.028000000000000004
229,candidate_2,candidate_1,candidate_3,candidate_5,candidate_4,5,0.028000000000000004
230,candidate_2,candidate_1,0,candidate_5,candidate_4,5,0.028000000000000004
231,candidate_2,candidate_1,candidate_3,candidate_5,candidate_4,5,0.028000000000000004
232,candidate_2,candidate_1,candidate_3,candidate_5,candidate_4,5,0.028000000000000004
233,candidate_2,candidate_1,candidate_3,candidate_5,candidate_4,5,0.028000000000000004
234,candidate_2,candidate_1,candidate_3,candidate_5,candidate_4,5,0.028000000000000004
235,candidate_2,candidate_1,candidate_3,candidate_5,candidate_4,5,0.028000000000000004
236,candidate_2,candidate_1,candidate_3,candidate_5,candidate_4,5,0.028000000000000004
237,candidate_2,candidate_1,candidate_3,candidate_5,candidate_4,5,0.028000000000000004
238,candidate_2,candidate_1,candidate_3,candidate_5,candidate_4,5,0.028000000000000004
239,candidate_2,candidate_1,0,0,candidate_4,5,0.028000000000000004
0,candidate_2,candidate_1,candidate_4,candidate_3,candidate_5,5,0.028000000000000004
1,candidate_2,0,candidate_4,candidate_3,candidate_5,5,0.028000000000000004
2,candidate_2,candidate_1,candidate_4,candidate_3,candidate_5,5,0.028000000000000004
3,candidate_2,candidate_1,candidate_4,candidate_3,0,5,0.028000000000000004
4,candidate_2,candidate_1,candidate_4,candidate_3,candidate_5,5,0.028000000000000004
5,candidate_2,candidate_1,candidate_4,candidate_3,candidate_5,5,0.028000000000000004
6,candidate_2,candidate_1,candidate_4,candidate_3,candidate_5,5,0.028000000000000004
7,candidate_2,candidate_1,candidate_4,candidate_3,0,5,0.028000000000000004
8,candidate_2,candidate_1,candidate_4,0,candidate_5,5,0.028000000000000004
9,candidate_2,candidate_1,candidate_4,candidate_3,candidate_5,5,0.028000000000000004
10,candidate_2,candidate_1,candidate_4,candidate_3,candidate_5,5,0.028000000000000004
11,candidate_2,candidate_1,candidate_4,candidate_3,candidate_5,5,0.028000000000000004
12,candidate_2,candidate_1,candidate_4,candidate_3,candidate_5,5,0.028000000000000004
13,candidate_2,candidate_1,candidate_4,candidate_3,candidate_5,5,0.028000000000000004
14,candidate_2,candidate_1,0,candidate_3,candidate_5,5,0.028000000000000004
15,candidate_2,candidate_1,candidate_4,candidate_3,candidate_5,5,0.028000000000000004
16,candidate_2,candidate_1,candidate_4,candidate_3,candidate_5,5,0.028000000000000004
17,candidate_2,candidate_1,candidate_4,0,candidate_5,5,0.028000000000000004
18,candidate_2,candidate_1,0,candidate_3,candidate_5,5,0.028000000000000004
19,candidate_2,candidate_1,candidate_4,candidate_3,candidate_5,5,0.028000000000000004
20,candidate_2,candidate_1,candidate_4,candidate_3,candidate_5,5,0.028000000000000004
21,candidate_2,candidate_1,candidate_4,candidate_3,candidate_5,5,0.028000000000000004
22,candidate_2,candidate_1,candidate_4,candidate_3,candidate_5,5,0.028000000000000004
23,candidate_2,candidate_1,candidate_4,candidate_3,candidate_5,5,0.028000000000000004
24,candidate_2,candidate_1,candidate_4,candidate_3,candidate_5,5,0.028000000000000004
25,0,candidate_1,candidate_4,candidate_3,candidate_5,5,0.028000000000000004
26,candidate_2,candidate_1,candidate_4,candidate_3,candidate_5,5,0.028000000000000004
27,candidate_2,candidate_1,candidate_4,candidate_3,candidate_5,5,0.028000000000000004
28,candidate_2,candidate_1,candidate_4,candidate_3,candidate_5,5,0.028000000000000004
29,candidate_2,candidate_1,candidate_4,candidate_3,candidate_5,5,0.028000000000000004
30,candidate_2,candidate_1,candidate_4,candidate_3,candidate_5,5,0.028000000000000004
31,0,candidate_1,candidate_4,candidate_3,candidate_5,5,0.028000000000000004
32,candidate_2,candidate_1,candidate_4,candidate_3,candidate_5,5,0.028000000000000004
33,candidate_2,candidate_1,candidate_4,candidate_3,0,5,0.028000000000000004
34,candidate_2,candidate_1,candidate_4,candidate_3,candidate_5,5,0.028000000000000004
35,candidate_2,candidate_1,candidate_4,candidate_3,0,5,0.028000000000000004
36,candidate_2,candidate_1,candidate_4,candidate_3,candidate_5,5,0.028000000000000004
37,candidate_2,candidate_1,candidate_4,candidate_3,candidate_5,5,0.028000000000000004
38,candidate_2,candidate_1,0,candidate_3,candidate_5,5,0.028000000000000004
39,candidate_2,candidate_1,candidate_4,candidate_3,candidate_5,5,0.028000000000000004
40,candidate_2,candidate_1,candidate_4,candidate_3,candidate_5,5,0.028000000000000004
41,candidate_2,candidate_1,candidate_4,candidate_3,candidate_5,5,0.028000000000000004
42,candidate_2,candidate_1,candidate_4,candidate_3,candidate_5,5,0.028000000000000004
43,candidate_2,candidate_1,candidate_4,candidate_3,candidate_5,5,0.028000000000000004
44,0,candidate_1,candidate_4,candidate_3,candidate_5,5,0.028000000000000004
45,candidate_2,candidate_1,candidate_4,candidate_3,candidate_5,5,0.028000000000000004
46,candidate_2,candidate_1,candidate_4,candidate_3,candidate_5,5,0.028000000000000004
47,candidate_2,candidate_1,candidate_4,candidate_3,candidate_5,5,0.028000000000000004
48,candidate_2,candidate_1,candidate_4,candidate_3,candidate_5,5,0.028000000000000004
49,candidate_2,candidate_1,candidate_4,candidate_3,candidate_5,5,0.028000000000000004
50,candidate_2,candidate_1,candidate_4,candidate_3,0,5,0.028000000000000004
51,candidate_2,candidate_1,candidate_4,candidate_3,candidate_5,5,0.028000000000000004
52,candidate_2,candidate_1,candidate_4,candidate_3,candidate_5,5,0.028000000000000004
53,candidate_2,candidate_1,candidate_4,candidate_3,candidate_5,5,0.028000000000000004
54,candidate_2,candidate_1,candidate_4,candidate_3,candidate_5,5,0.028000000000000004
55,candidate_2,candidate_1,candidate_4,candidate_3,candidate_5,5,0.028000000000000004
56,candidate_2,candidate_1,candidate_4,candidate_3,candidate_5,5,0.028000000000000004
57,candidate_2,candidate_1,candidate_4,candidate_3,candidate_5,5,0.028000000000000004
58,candidate_2,candidate_1,candidate_4,candidate_3,candidate_5,5,0.028000000000000004
59,candidate_2,candidate_1,candidate_4,0,0,5,0.028000000000000004
60,candidate_2,candidate_1,candidate_4,candidate_3,candidate_5,5,0.028000000000000004
61,candidate_2,candidate_1,candidate_4,candidate_3,candidate_5,5,0.028000000000000004
62,candidate_2,candidate_1,candidate_4,candidate_3,candidate_5,5,0.028000000000000004
63,candidate_2,candidate_1,candidate_4,candidate_3,candidate_5,5,0.028000000000000004
64,candidate_2,candidate_1,0,candidate_3,candidate_5,5,0.028000000000000004
65,candidate_2,candidate_1,candidate_4,candidate_3,candidate_5,5,0.028000000000000004
66,candidate_2,candidate_1,candidate_4,candidate_3,candidate_5,5,0.028000000000000004
67,candidate_2,candidate_1,candidate_4,candidate_3,candidate_5,5,0.028000000000000004
68,candidate_2,candidate_1,candidate_4,candidate_3,0,5,0.028000000000000004
69,candidate_2,candidate_1,candidate_4,candidate_3,candidate_5,5,0.028000000000000004
70,candidate_2,candidate_1,candidate_4,candidate_3,candidate_5,5,0.028000000000000004
71,candidate_2,candidate_1,candidate_4,candidate_3,candidate_5,5,0.028000000000000004
72,candidate_2,candidate_1,candidate_4,candidate_3,candidate_5,5,0.028000000000000004
73,0,candidate_1,candidate_4,candidate_3,candidate_5,5,0.028000000000000004
74,candidate_2,candidate_1,candidate_4,candidate_3,candidate_5,5,0.028000000000000004
75,candidate_2,candidate_1,candidate_4,candidate_3,candidate_5,5,0.028000000000000004
76,candidate_2,candidate_1,candidate_4,0,candidate_5,5,0.028000000000000004
77,candidate_2,candidate_1,candidate_4,candidate_3,candidate_5,5,0.028000000000000004
78,candidate_2,candidate_1,candidate_4,candidate_3,candidate_5,5,0.028000000000000004
79,candidate_2,candidate_1,candidate_4,candidate_3,candidate_5,5,0.028000000000000004
80,candidate_2,candidate_1,candidate_4,candidate_3,candidate_5,5,0.028000000000000004
81,candidate_2,candidate_1,candidate_4,candidate_3,candidate_5,5,0.028000000000000004
82,candidate_2,candidate_1,candidate_4,candidate_3,candidate_5,5,0.028000000000000004
83,0,candidate_1,candidate_4,candidate_3,candidate_5,5,0.028000000000000004
84,candidate_2,candidate_1,candidate_4,candidate_3,candidate_5,5,0.028000000000000004
85,candidate_2,candidate_1,candidate_4,candidate_3,candidate_5,5,0.028000000000000004
86,candidate_2,candidate_1,candidate_4,candidate_3,candidate_5,5,0.028000000000000004
87,candidate_2,candidate_1,candidate_4,candidate_3,candidate_5,5,0.028000000000000004
88,candidate_2,candidate_1,candidate_4,candidate_3,candidate_5,5,0.028000000000000004
89,candidate_2,candidate_1,candidate_4,candidate_3,candidate_5,5,0.028000000000000004
90,candidate_2,candidate_1,candidate_4,candidate_3,0,5,0.028000000000000004
91,candidate_2,candidate_1,candidate_4,candidate_3,candidate_5,5,0.028000000000000004
92,candidate_2,candidate_1,candidate_4,candidate_3,candidate_5,5,0.028000000000000004
93,candidate_2,candidate_1,candidate_4,candidate_3,candidate_5,5,0.028000000000000004
94,candidate_2,candidate_1,candidate_4,candidate_3,candidate_5,5,0.028000000000000004
95,candidate_2,candidate_1,candidate_4,candidate_3,candidate_5,5,0.028000000000000004
96,candidate_2,candidate_1,candidate_4,candidate_3,candidate_5,5,0.028000000000000004
97,candidate_2,0,candidate_4,candidate_3,candidate_5,5,0.028000000000000004
98,candidate_2,candidate_1,candidate_4,candidate_3,candidate_5,5,0.028000000000000004
99,candidate_2,0,candidate_4,candidate_3,candidate_5,5,0.028000000000000004
100,candidate_2,candidate_1,candidate_4,candidate_3,candidate_5,5,0.028000000000000004
101,candidate_2,candidate_1,candidate_4,candidate_3,candidate_5,5,0.028000000000000004
102,candidate_2,candidate_1,candidate_4,candidate_3,candidate_5,5,0.028000000000000004
103,candidate_2,candidate_1,candidate_4,candidate_3,candidate_5,5,0.028000000000000004
104,candidate_2,candidate_1,0,candidate_3,candidate_5,5,0.028000000000000004
105,candidate_2,candidate_1,candidate_4,candidate_3,candidate_5,5,0.028000000000000004
106,0,candidate_1,candidate_4,candidate_3,candidate_5,5,0.028000000000000004
107,candidate_2,candidate_1,candidate_4,candidate_3,candidate_5,5,0.028000000000000004
108,candidate_2,candidate_1,candidate_4,candidate_3,candidate_5,5,0.028000000000000004
109,candidate_2,candidate_1,candidate_4,candidate_3,candidate_5,5,0.028000000000000004
110,candidate_2,candidate_1,candidate_4,candidate_3,candidate_5,5,0.028000000000000004
111,candidate_2,candidate_1,candidate_4,candidate_3,candidate_5,5,0.028000000000000004
112,candidate_2,candidate_1,candidate_4,candidate_3,candidate_5,5,0.028000000000000004
113,candidate_2,candidate_1,candidate_4,candidate_3,candidate_5,5,0.028000000000000004
114,candidate_2,candidate_1,candidate_4,candidate_3,candidate_5,5,0.028000000000000004
115,candidate_2,candidate_1,candidate_4,candidate_3,candidate_5,5,0.028000000000000004
116,candidate_2,candidate_1,candidate_4,candidate_3,0,5,0.028000000000000004
117,candidate_2,candidate_1,candidate_4,candidate_3,0,5,0.028000000000000004
118,candidate_2,candidate_1,candidate_4,candidate_3,0,5,0.028000000000000004
119,candidate_2,candidate_1,candidate_4,candidate_3,candidate_5,5,0.028000000000000004
120,candidate_2,candidate_1,candidate_4,candidate_3,candidate_5,5,0.028000000000000004
121,candidate_2,candidate_1,candidate_4,candidate_3,candidate_5,5,0.028000000000000004
122,candidate_2,candidate_1,candidate_4,candidate_3,candidate_5,5,0.028000000000000004
123,candidate_2,candidate_1,candidate_4,candidate_3,candidate_5,5,0.028000000000000004
124,candidate_2,candidate_1,candidate_4,candidate_3,0,5,0.028000000000000004
125,candidate_2,candidate_1,candidate_4,candidate_3,candidate_5,5,0.028000000000000004
126,candidate_2,candidate_1,candidate_4,candidate_3,candidate_5,5,0.028000000000000004
127,candidate_2,candidate_1,candidate_4,candidate_3,candidate_5,5,0.028000000000000004
128,candidate_2,candidate_1,candidate_4,candidate_3,candidate_5,5,0.028000000000000004
129,candidate_2,candidate_1,candidate_4,candidate_3,candidate_5,5,0.028000000000000004
130,0,candidate_1,candidate_4,candidate_3,candidate_5,5,0.028000000000000004
131,candidate_2,candidate_1,candidate_4,candidate_3,candidate_5,5,0.028000000000000004
132,candidate_2,candidate_1,candidate_4,candidate_3,0,5,0.028000000000000004
133,candidate_2,candidate_1,candidate_4,candidate_3,candidate_5,5,0.028000000000000004
134,candidate_2,candidate_1,candidate_4,candidate_3,candidate_5,5,0.028000000000000004
135,candidate_2,candidate_1,candidate_4,candidate_3,candidate_5,5,0.028000000000000004
136,candidate_2,candidate_1,candidate_4,candidate_3,candidate_5,5,0.028000000000000004
137,candidate_2,candidate_1,candidate_4,candidate_3,candidate_5,5,0.028000000000000004
138,candidate_2,candidate_1,candidate_4,0,candidate_5,5,0.028000000000000004
139,candidate_2,candidate_1,candidate_4,candidate_3,candidate_5,5,0.028000000000000004
140,candidate_2,candidate_1,candidate_4,candidate_3,candidate_5,5,0.028000000000000004
141,candidate_2,candidate_1,candidate_4,0,candidate_5,5,0.028000000000000004
142,candidate_2,candidate_1,candidate_4,candidate_3,candidate_5,5,0.028000000000000004
143,candidate_2,candidate_1,candidate_4,candidate_3,candidate_5,5,0.028000000000000004
144,candidate_2,candidate_1,candidate_4,candidate_3,candidate_5,5,0.028000000000000004
145,candidate_2,candidate_1,candidate_4,candidate_3,candidate_5,5,0.028000000000000004
146,candidate_2,candidate_1,candidate_4,candidate_3,candidate_5,5,0.028000000000000004
147,candidate_2,candidate_1,candidate_4,candidate_3,candidate_5,5,0.028000000000000004
148,candidate_2,candidate_1,0,candidate_3,candidate_5,5,0.028000000000000004
149,candidate_2,candidate_1,candidate_4,candidate_3,candidate_5,5,0.028000000000000004
150,candidate_2,candidate_1,candidate_4,candidate_3,candidate_5,5,0.028000000000000004
151,candidate_2,candidate_1,candidate_4,candidate_3,candidate_5,5,0.028000000000000004
152,candidate_2,0,candidate_4,0,candidate_5,5,0.028000000000000004
153,candidate_2,candidate_1,candidate_4,candidate_3,candidate_5,5,0.028000000000000004
154,candidate_2,candidate_1,candidate_4,candidate_3,candidate_5,5,0.028000000000000004
155,candidate_2,candidate_1,candidate_4,candidate_3,candidate_5,5,0.028000000000000004
156,candidate_2,candidate_1,candidate_4,candidate_3,candidate_5,5,0.028000000000000004
157,candidate_2,candidate_1,candidate_4,candidate_3,candidate_5,5,0.028000000000000004
158,candidate_2,candidate_1,candidate_4,candidate_3,candidate_5,5,0.028000000000000004
159,candidate_2,candidate_1,candidate_4,candidate_3,candidate_5,5,0.028000000000000004
160,candidate_2,candidate_1,candidate_4,candidate_3,candidate_5,5,0.028000000000000004
161,candidate_2,0,candidate_4,candidate_3,candidate_5,5,0.028000000000000004
162,candidate_2,candidate_1,candidate_4,candidate_3,candidate_5,5,0.028000000000000004
163,candidate_2,candidate_1,candidate_4,candidate_3,candidate_5,5,0.028000000000000004
164,candidate_2,candidate_1,candidate_4,candidate_3,candidate_5,5,0.028000000000000004
165,candidate_2,candidate_1,candidate_4,candidate_3,candidate_5,5,0.028000000000000004
166,candidate_2,candidate_1,candidate_4,candidate_3,candidate_5,5,0.028000000000000004
167,candidate_2,candidate_1,candidate_4,candidate_3,candidate_5,5,0.028000000000000004
168,candidate_2,candidate_1,candidate_4,candidate_3,candidate_5,5,0.028000000000000004
169,candidate_2,candidate_1,candidate_4,candidate_3,candidate_5,5,0.028000000000000004
170,candidate_2,candidate_1,candidate_4,candidate_3,candidate_5,5,0.028000000000000004
171,candidate_2,candidate_1,candidate_4,candidate_3,candidate_5,5,0.028000000000000004
172,candidate_2,candidate_1,candidate_4,candidate_3,candidate_5,5,0.028000000000000004
173,candidate_2,candidate_1,candidate_4,candidate_3,candidate_5,5,0.028000000000000004
174,candidate_2,candidate_1,candidate_4,candidate_3,candidate_5,5,0.028000000000000004
175,candidate_2,candidate_1,candidate_4,candidate_3,candidate_5,5,0.028000000000000004
176,candidate_2,candidate_1,candidate_4,candidate_3,candidate_5,5,0.028000000000000004
177,candidate_2,candidate_1,candidate_4,candidate_3,candidate_5,5,0.028000000000000004
178,candidate_2,candidate_1,candidate_4,candidate_3,candidate_5,5,0.028000000000000004
179,candidate_2,candidate_1,candidate_4,candidate_3,candidate_5,5,0.028000000000000004
180,candidate_2,candidate_1,candidate_4,candidate_3,candidate_5,5,0.028000000000000004
181,candidate_2,candidate_1,candidate_4,candidate_3,candidate_5,5,0.028000000000000004
182,candidate_2,candidate_1,candidate_4,candidate_3,candidate_5,5,0.028000000000000004
183,0,candidate_1,candidate_4,candidate_3,candidate_5,5,0.028000000000000004
184,candidate_2,candidate_1,candidate_4,candidate_3,candidate_5,5,0.028000000000000004
185,candidate_2,candidate_1,candidate_4,candidate_3,candidate_5,5,0.028000000000000004
186,candidate_2,candidate_1,candidate_4,candidate_3,candidate_5,5,0.028000000000000004
187,candidate_2,candidate_1,candidate_4,candidate_3,candidate_5,5,0.028000000000000004
188,candidate_2,candidate_1,candidate_4,candidate_3,candidate_5,5,0.028000000000000004
189,candidate_2,candidate_1,candidate_4,candidate_3,candidate_5,5,0.028000000000000004
190,candidate_2,candidate_1,candidate_4,candidate_3,candidate_5,5,0.028000000000000004
191,candidate_2,candidate_1,0,candidate_3,candidate_5,5,0.028000000000000004
192,candidate_2,candidate_1,candidate_4,candidate_3,candidate_5,5,0.028000000000000004
193,candidate_2,candidate_1,candidate_4,candidate_3,candidate_5,5,0.028000000000000004
194,candidate_2,candidate_1,candidate_4,candidate_3,candidate_5,5,0.028000000000000004
195,candidate_2,candidate_1,candidate_4,candidate_3,candidate_5,5,0.028000000000000004
196,candidate_2,candidate_1,candidate_4,candidate_3,candidate_5,5,0.028000000000000004
197,candidate_2,candidate_1,0,candidate_3,candidate_5,5,0.028000000000000004
198,candidate_2,candidate_1,candidate_4,candidate_3,candidate_5,5,0.028000000000000004
199,candidate_2,0,candidate_4,candidate_3,candidate_5,5,0.028000000000000004
200,candidate_2,candidate_1,candidate_4,candidate_3,candidate_5,5,0.028000000000000004
201,candidate_2,candidate_1,candidate_4,candidate_3,candidate_5,5,0.028000000000000004
202,candidate_2,candidate_1,candidate_4,candidate_3,candidate_5,5,0.028000000000000004
203,candidate_2,candidate_1,candidate_4,candidate_3,0,5,0.028000000000000004
204,candidate_2,candidate_1,candidate_4,candidate_3,candidate_5,5,0.028000000000000004
205,candidate_2,candidate_1,candidate_4,candidate_3,candidate_5,5,0.028000000000000004
206,candidate_2,candidate_1,candidate_4,candidate_3,candidate_5,5,0.028000000000000004
207,candidate_2,candidate_1,candidate_4,candidate_3,candidate_5,5,0.028000000000000004
208,candidate_2,candidate_1,candidate_4,candidate_3,candidate_5,5,0.028000000000000004
209,candidate_2,candidate_1,candidate_4,candidate_3,candidate_5,5,0.028000000000000004
210,candidate_2,candidate_1,candidate_4,candidate_3,candidate_5,5,0.028000000000000004
211,candidate_2,candidate_1,candidate_4,candidate_3,candidate_5,5,0.028000000000000004
212,candidate_2,candidate_1,candidate_4,candidate_3,candidate_5,5,0.028000000000000004
213,candidate_2,candidate_1,candidate_4,candidate_3,candidate_5,5,0.028000000000000004
214,candidate_2,candidate_1,candidate_4,candidate_3,candidate_5,5,0.028000000000000004
215,candidate_2,candidate_1,candidate_4,candidate_3,candidate_5,5,0.028000000000000004
216,candidate_2,candidate_1,candidate_4,candidate_3,candidate_5,5,0.028000000000000004
217,candidate_2,candidate_1,candidate_4,candidate_3,candidate_5,5,0.028000000000000004
218,candidate_2,candidate_1,candidate_4,0,candidate_5,5,0.028000000000000004
219,candidate_2,0,candidate_4,candidate_3,candidate_5,5,0.028000000000000004
220,candidate_2,candidate_1,candidate_4,candidate_3,candidate_5,5,0.028000000000000004
221,candidate_2,candidate_1,candidate_4,candidate_3,candidate_5,5,0.028000000000000004
222,candidate_2,candidate_1,candidate_4,candidate_3,candidate_5,5,0.028000000000000004
223,candidate_2,candidate_1,candidate_4,0,candidate_5,5,0.028000000000000004
224,candidate_2,candidate_1,candidate_4,candidate_3,candidate_5,5,0.028000000000000004
225,candidate_2,candidate_1,candidate_4,candidate_3,candidate_5,5,0.028000000000000004
226,candidate_2,candidate_1,candidate_4,candidate_3,candidate_5,5,0.028000000000000004
227,candidate_2,candidate_1,candidate_4,candidate_3,candidate_5,5,0.028000000000000004
228,candidate_2,candidate_1,candidate_4,candidate_3,candidate_5,5,0.028000000000000004
229,candidate_2,candidate_1,candidate_4,candidate_3,candidate_5,5,0.028000000000000004
230,candidate_2,candidate_1,candidate_4,candidate_3,candidate_5,5,0.028000000000000004
231,candidate_2,candidate_1,candidate_4,candidate_3,candidate_5,5,0.028000000000000004
232,candidate_2,candidate_1,candidate_4,candidate_3,candidate_5,5,0.028000000000000004
233,candidate_2,candidate_1,candidate_4,candidate_3,0,5,0.028000000000000004
234,candidate_2,candidate_1,candidate_4,candidate_3,candidate_5,5,0.028000000000000004
235,candidate_2,candidate_1,candidate_4,candidate_3,candidate_5,5,0.028000000000000004
236,candidate_2,candidate_1,candidate_4,candidate_3,candidate_5,5,0.028000000000000004
237,candidate_2,candidate_1,candidate_4,candidate_3,candidate_5,5,0.028000000000000004
238,0,candidate_1,candidate_4,candidate_3,candidate_5,5,0.028000000000000004
239,candidate_2,candidate_1,candidate_4,candidate_3,candidate_5,5,0.028000000000000004
240,candidate_2,candidate_1,candidate_4,candidate_3,candidate_5,5,0.028000000000000004
241,candidate_2,candidate_1,candidate_4,candidate_3,candidate_5,5,0.028000000000000004
242,candidate_2,candidate_1,candidate_4,candidate_3,candidate_5,5,0.028000000000000004
243,candidate_2,candidate_1,candidate_4,candidate_3,candidate_5,5,0.028000000000000004
244,candidate_2,candidate_1,candidate_4,candidate_3,candidate_5,5,0.028000000000000004
245,candidate_2,candidate_1,candidate_4,candidate_3,candidate_5,5,0.028000000000000004
246,candidate_2,candidate_1,0,candidate_3,candidate_5,5,0.028000000000000004
247,candidate_2,candidate_1,candidate_4,candidate_3,candidate_5,5,0.028000000000000004
248,candidate_2,candidate_1,candidate_4,candidate_3,candidate_5,5,0.028000000000000004
249,candidate_2,candidate_1,candidate_4,candidate_3,candidate_5,5,0.028000000000000004
250,candidate_2,candidate_1,candidate_4,candidate_3,candidate_5,5,0.028000000000000004
251,candidate_2,candidate_1,candidate_4,candidate_3,candidate_5,5,0.028000000000000004
252,candidate_2,candidate_1,candidate_4,candidate_3,candidate_5,5,0.028000000000000004
253,candidate_2,candidate_1,candidate_4,candidate_3,candidate_5,5,0.028000000000000004
254,candidate_2,candidate_1,candidate_4,candidate_3,candidate_5,5,0.028000000000000004
255,candidate_2,candidate_1,candidate_4,candidate_3,candidate_5,5,0.028000000000000004
256,candidate_2,candidate_1,candidate_4,candidate_3,candidate_5,5,0.028000000000000004
257,candidate_2,candidate_1,candidate_4,candidate_3,candidate_5,5,0.028000000000000004
258,candidate_2,candidate_1,candidate_4,candidate_3,candidate_5,5,0.028000000000000004
259,candidate_2,candidate_1,candidate_4,candidate_3,candidate_5,5,0.028000000000000004
260,candidate_2,candidate_1,candidate_4,candidate_3,candidate_5,5,0.028000000000000004
261,candidate_2,candidate_1,candidate_4,candidate_3,candidate_5,5,0.028000000000000004
262,candidate_2,candidate_1,candidate_4,candidate_3,candidate_5,5,0.028000000000000004
263,candidate_2,candidate_1,candidate_4,candidate_3,candidate_5,5,0.028000000000000004
264,candidate_2,candidate_1,candidate_4,candidate_3,candidate_5,5,0.028000000000000004
265,candidate_2,candidate_1,candidate_4,candidate_3,candidate_5,5,0.028000000000000004
266,candidate_2,candidate_1,candidate_4,candidate_3,candidate_5,5,0.028000000000000004
267,candidate_2,candidate_1,candidate_4,candidate_3,candidate_5,5,0.028000000000000004
268,candidate_2,candidate_1,candidate_4,candidate_3,candidate_5,5,0.028000000000000004
269,candidate_2,candidate_1,candidate_4,candidate_3,candidate_5,5,0.028000000000000004
270,candidate_2,candidate_1,0,candidate_3,candidate_5,5,0.028000000000000004
271,candidate_2,candidate_1,candidate_4,candidate_3,candidate_5,5,0.028000000000000004
272,candidate_2,candidate_1,candidate_4,0,candidate_5,5,0.028000000000000004
273,candidate_2,candidate_1,candidate_4,candidate_3,candidate_5,5,0.028000000000000004
274,candidate_2,candidate_1,candidate_4,candidate_3,candidate_5,5,0.028000000000000004
275,candidate_2,candidate_1,candidate_4,candidate_3,candidate_5,5,0.028000000000000004
276,candidate_2,candidate_1,candidate_4,candidate_3,candidate_5,5,0.028000000000000004
277,candidate_2,candidate_1,candidate_4,candidate_3,candidate_5,5,0.028000000000000004
278,candidate_2,candidate_1,candidate_4,candidate_3,candidate_5,5,0.028000000000000004
279,candidate_2,candidate_1,candidate_4,candidate_3,candidate_5,5,0.028000000000000004
280,candidate_2,candidate_1,candidate_4,candidate_3,candidate_5,5,0.028000000000000004
281,candidate_2,candidate_1,candidate_4,candidate_3,candidate_5,5,0.028000000000000004
282,candidate_2,candidate_1,candidate_4,candidate_3,candidate_5,5,0.028000000000000004
283,candidate_2,candidate_1,candidate_4,candidate_3,candidate_5,5,0.028000000000000004
284,candidate_2,candidate_1,candidate_4,candidate_3,candidate_5,5,0.028000000000000004
285,candidate_2,candidate_1,candidate_4,candidate_3,candidate_5,5,0.028000000000000004
286,candidate_2,candidate_1,candidate_4,candidate_3,candidate_5,5,0.028000000000000004
287,candidate_2,candidate_1,candidate_4,candidate_3,candidate_5,5,0.028000000000000004
288,candidate_2,candidate_1,candidate_4,candidate_3,candidate_5,5,0.028000000000000004
289,candidate_2,candidate_1,candidate_4,candidate_3,candidate_5,5,0.028000000000000004
290,candidate_2,candidate_1,candidate_4,candidate_3,candidate_5,5,0.028000000000000004
291,candidate_2,candidate_1,0,candidate_3,0,5,0.028000000000000004
292,candidate_2,candidate_1,candidate_4,candidate_3,candidate_5,5,0.028000000000000004
293,0,candidate_1,candidate_4,candidate_3,candidate_5,5,0.028000000000000004
294,candidate_2,candidate_1,candidate_4,candidate_3,candidate_5,5,0.028000000000000004
295,candidate_2,candidate_1,candidate_4,candidate_3,candidate_5,5,0.028000000000000004
296,candidate_2,candidate_1,candidate_4,candidate_3,candidate_5,5,0.028000000000000004
297,candidate_2,candidate_1,candidate_4,candidate_3,candidate_5,5,0.028000000000000004
298,candidate_2,candidate_1,candidate_4,candidate_3,candidate_5,5,0.028000000000000004
299,candidate_2,candidate_1,candidate_4,candidate_3,0,5,0.028000000000000004
300,candidate_2,candidate_1,candidate_4,candidate_3,candidate_5,5,0.028000000000000004
301,candidate_2,candidate_1,candidate_4,candidate_3,candidate_5,5,0.028000000000000004
302,candidate_2,candidate_1,candidate_4,candidate_3,candidate_5,5,0.028000000000000004
303,candidate_2,candidate_1,candidate_4,candidate_3,candidate_5,5,0.028000000000000004
304,candidate_2,candidate_1,candidate_4,candidate_3,candidate_5,5,0.028000000000000004
305,candidate_2,candidate_1,candidate_4,candidate_3,candidate_5,5,0.028000000000000004
306,candidate_2,candidate_1,candidate_4,candidate_3,candidate_5,5,0.028000000000000004
307,candidate_2,candidate_1,candidate_4,0,candidate_5,5,0.028000000000000004
308,candidate_2,candidate_1,candidate_4,candidate_3,candidate_5,5,0.028000000000000004
309,candidate_2,candidate_1,candidate_4,candidate_3,candidate_5,5,0.028000000000000004
310,candidate_2,candidate_1,candidate_4,candidate_3,candidate_5,5,0.028000000000000004
311,candidate_2,candidate_1,0,candidate_3,candidate_5,5,0.028000000000000004
312,candidate_2,candidate_1,candidate_4,0,candidate_5,5,0.028000000000000004
313,candidate_2,candidate_1,candidate_4,candidate_3,candidate_5,5,0.028000000000000004
314,candidate_2,candidate_1,candidate_4,candidate_3,candidate_5,5,0.028000000000000004
315,candidate_2,candidate_1,candidate_4,candidate_3,candidate_5,5,0.028000000000000004
316,candidate_2,candidate_1,candidate_4,candidate_3,candidate_5,5,0.028000000000000004
317,0,candidate_1,candidate_4,candidate_3,candidate_5,5,0.028000000000000004
318,candidate_2,candidate_1,candidate_4,candidate_3,0,5,0.028000000000000004
319,candidate_2,candidate_1,candidate_4,candidate_3,candidate_5,5,0.028000000000000004
320,candidate_2,candidate_1,candidate_4,candidate_3,candidate_5,5,0.028000000000000004
321,candidate_2,candidate_1,candidate_4,candidate_3,candidate_5,5,0.028000000000000004
322,candidate_2,candidate_1,candidate_4,candidate_3,candidate_5,5,0.028000000000000004
323,candidate_2,candidate_1,candidate_4,candidate_3,candidate_5,5,0.028000000000000004
324,candidate_2,candidate_1,candidate_4,candidate_3,candidate_5,5,0.028000000000000004
325,candidate_2,candidate_1,candidate_4,candidate_3,candidate_5,5,0.028000000000000004
326,candidate_2,candidate_1,candidate_4,candidate_3,candidate_5,5,0.028000000000000004
327,candidate_2,candidate_1,candidate_4,candidate_3,candidate_5,5,0.028000000000000004
328,candidate_2,candidate_1,candidate_4,candidate_3,candidate_5,5,0.028000000000000004
329,candidate_2,candidate_1,candidate_4,candidate_3,candidate_5,5,0.028000000000000004
330,candidate_2,candidate_1,candidate_4,candidate_3,candidate_5,5,0.028000000000000004
331,candidate_2,candidate_1,candidate_4,candidate_3,candidate_5,5,0.028000000000000004
332,candidate_2,candidate_1,candidate_4,candidate_3,candidate_5,5,0.028000000000000004
333,candidate_2,candidate_1,0,candidate_3,candidate_5,5,0.028000000000000004
334,candidate_2,candidate_1,candidate_4,candidate_3,candidate_5,5,0.028000000000000004
335,candidate_2,candidate_1,candidate_4,candidate_3,candidate_5,5,0.028000000000000004
336,candidate_2,candidate_1,candidate_4,candidate_3,candidate_5,5,0.028000000000000004
337,candidate_2,candidate_1,candidate_4,candidate_3,candidate_5,5,0.028000000000000004
338,candidate_2,candidate_1,candidate_4,candidate_3,candidate_5,5,0.028000000000000004
339,candidate_2,candidate_1,candidate_4,candidate_3,candidate_5,5,0.028000000000000004
340,candidate_2,candidate_1,candidate_4,candidate_3,candidate_5,5,0.028000000000000004
341,candidate_2,candidate_1,candidate_4,candidate_3,candidate_5,5,0.028000000000000004
342,candidate_2,candidate_1,candidate_4,candidate_3,candidate_5,5,0.028000000000000004
343,candidate_2,candidate_1,candidate_4,candidate_3,candidate_5,5,0.028000000000000004
344,candidate_2,candidate_1,candidate_4,candidate_3,candidate_5,5,0.028000000000000004
345,candidate_2,candidate_1,candidate_4,candidate_3,candidate_5,5,0.028000000000000004
346,candidate_2,candidate_1,candidate_4,candidate_3,candidate_5,5,0.028000000000000004
347,candidate_2,candidate_1,candidate_4,candidate_3,candidate_5,5,0.028000000000000004
348,candidate_2,candidate_1,candidate_4,candidate_3,candidate_5,5,0.028000000000000004
349,candidate_2,candidate_1,candidate_4,candidate_3,0,5,0.028000000000000004
350,candidate_2,candidate_1,candidate_4,candidate_3,candidate_5,5,0.028000000000000004
351,candidate_2,candidate_1,candidate_4,candidate_3,candidate_5,5,0.028000000000000004
352,candidate_2,candidate_1,candidate_4,candidate_3,0,5,0.028000000000000004
353,candidate_2,candidate_1,candidate_4,candidate_3,candidate_5,5,0.028000000000000004
354,candidate_2,candidate_1,candidate_4,candidate_3,candidate_5,5,0.028000000000000004
355,candidate_2,candidate_1,candidate_4,candidate_3,candidate_5,5,0.028000000000000004
356,candidate_2,candidate_1,candidate_4,candidate_3,candidate_5,5,0.028000000000000004
357,0,candidate_1,candidate_4,candidate_3,candidate_5,5,0.028000000000000004
358,candidate_2,candidate_1,candidate_4,candidate_3,candidate_5,5,0.028000000000000004
359,candidate_2,candidate_1,candidate_4,candidate_3,candidate_5,5,0.028000000000000004
360,candidate_2,candidate_1,candidate_4,candidate_3,candidate_5,5,0.028000000000000004
361,candidate_2,candidate_1,candidate_4,candidate_3,candidate_5,5,0.028000000000000004
362,candidate_2,candidate_1,candidate_4,candidate_3,candidate_5,5,0.028000000000000004
363,candidate_2,candidate_1,candidate_4,candidate_3,candidate_5,5,0.028000000000000004
364,candidate_2,candidate_1,candidate_4,candidate_3,candidate_5,5,0.028000000000000004
365,candidate_2,candidate_1,candidate_4,candidate_3,candidate_5,5,0.028000000000000004
366,candidate_2,candidate_1,candidate_4,candidate_3,candidate_5,5,0.028000000000000004
367,candidate_2,candidate_1,candidate_4,candidate_3,candidate_5,5,0.028000000000000004
368,candidate_2,candidate_1,0,candidate_3,candidate_5,5,0.028000000000000004
369,candidate_2,candidate_1,candidate_4,candidate_3,candidate_5,5,0.028000000000000004
370,candidate_2,candidate_1,candidate_4,candidate_3,candidate_5,5,0.028000000000000004
371,candidate_2,candidate_1,candidate_4,candidate_3,candidate_5,5,0.028000000000000004
372,candidate_2,candidate_1,candidate_4,candidate_3,candidate_5,5,0.028000000000000004
373,candidate_2,candidate_1,candidate_4,candidate_3,candidate_5,5,0.028000000000000004
374,candidate_2,candidate_1,candidate_4,candidate_3,candidate_5,5,0.028000000000000004
375,candidate_2,candidate_1,candidate_4,candidate_3,candidate_5,5,0.028000000000000004
376,candidate_2,candidate_1,candidate_4,candidate_3,candidate_5,5,0.028000000000000004
377,candidate_2,candidate_1,candidate_4,candidate_3,candidate_5,5,0.028000000000000004
378,candidate_2,candidate_1,candidate_4,candidate_3,candidate_5,5,0.028000000000000004
379,candidate_2,candidate_1,candidate_4,candidate_3,candidate_5,5,0.028000000000000004
380,candidate_2,candidate_1,candidate_4,candidate_3,candidate_5,5,0.028000000000000004
381,candidate_2,candidate_1,candidate_4,candidate_3,candidate_5,5,0.028000000000000004
382,candidate_2,candidate_1,candidate_4,candidate_3,candidate_5,5,0.028000000000000004
383,candidate_2,candidate_1,candidate_4,candidate_3,candidate_5,5,0.028000000000000004
384,candidate_2,candidate_1,candidate_4,candidate_3,candidate_5,5,0.028000000000000004
385,candidate_2,candidate_1,candidate_4,candidate_3,candidate_5,5,0.028000000000000004
386,candidate_2,candidate_1,candidate_4,candidate_3,candidate_5,5,0.028000000000000004
387,candidate_2,candidate_1,candidate_4,candidate_3,candidate_5,5,0.028000000000000004
388,candidate_2,candidate_1,candidate_4,candidate_3,candidate_5,5,0.028000000000000004
389,candidate_2,candidate_1,candidate_4,candidate_3,candidate_5,5,0.028000000000000004
390,candidate_2,candidate_1,0,candidate_3,candidate_5,5,0.028000000000000004
391,candidate_2,candidate_1,candidate_4,candidate_3,candidate_5,5,0.028000000000000004
392,candidate_2,candidate_1,candidate_4,candidate_3,candidate_5,5,0.028000000000000004
393,candidate_2,candidate_1,candidate_4,candidate_3,candidate_5,5,0.028000000000000004
394,candidate_2,candidate_1,candidate_4,candidate_3,candidate_5,5,0.028000000000000004
395,candidate_2,candidate_1,candidate_4,candidate_3,candidate_5,5,0.028000000000000004
396,candidate_2,candidate_1,candidate_4,candidate_3,candidate_5,5,0.028000000000000004
397,candidate_2,candidate_1,candidate_4,candidate_3,0,5,0.028000000000000004
398,candidate_2,candidate_1,candidate_4,candidate_3,candidate_5,5,0.028000000000000004
399,candidate_2,candidate_1,candidate_4,candidate_3,candidate_5,5,0.028000000000000004
400,candidate_2,candidate_1,candidate_4,candidate_3,candidate_5,5,0.028000000000000004
401,0,candidate_1,candidate_4,candidate_3,candidate_5,5,0.028000000000000004
402,candidate_2,candidate_1,candidate_4,candidate_3,candidate_5,5,0.028000000000000004
403,candidate_2,candidate_1,candidate_4,candidate_3,candidate_5,5,0.028000000000000004
404,candidate_2,0,candidate_4,candidate_3,candidate_5,5,0.028000000000000004
405,candidate_2,candidate_1,candidate_4,candidate_3,candidate_5,5,0.028000000000000004
406,candidate_2,candidate_1,candidate_4,candidate_3,candidate_5,5,0.028000000000000004
407,candidate_2,0,candidate_4,candidate_3,candidate_5,5,0.028000000000000004
408,candidate_2,candidate_1,candidate_4,0,candidate_5,5,0.028000000000000004
409,candidate_2,candidate_1,candidate_4,candidate_3,candidate_5,5,0.028000000000000004
410,candidate_2,candidate_1,candidate_4,candidate_3,candidate_5,5,0.028000000000000004
411,candidate_2,candidate_1,candidate_4,candidate_3,candidate_5,5,0.028000000000000004
412,candidate_2,candidate_1,candidate_4,candidate_3,candidate_5,5,0.028000000000000004
413,candidate_2,candidate_1,candidate_4,0,candidate_5,5,0.028000000000000004
414,candidate_2,candidate_1,candidate_4,candidate_3,candidate_5,5,0.028000000000000004
415,candidate_2,candidate_1,candidate_4,candidate_3,candidate_5,5,0.028000000000000004
416,candidate_2,candidate_1,candidate_4,candidate_3,candidate_5,5,0.028000000000000004
417,candidate_2,candidate_1,candidate_4,candidate_3,candidate_5,5,0.028000000000000004
418,candidate_2,candidate_1,candidate_4,candidate_3,candidate_5,5,0.028000000000000004
419,candidate_2,candidate_1,candidate_4,candidate_3,candidate_5,5,0.028000000000000004
420,candidate_2,candidate_1,candidate_4,candidate_3,candidate_5,5,0.028000000000000004
421,candidate_2,candidate_1,candidate_4,candidate_3,candidate_5,5,0.028000000000000004
422,candidate_2,candidate_1,candidate_4,candidate_3,candidate_5,5,0.028000000000000004
423,candidate_2,candidate_1,candidate_4,candidate_3,candidate_5,5,0.028000000000000004
424,candidate_2,candidate_1,candidate_4,candidate_3,candidate_5,5,0.028000000000000004
425,candidate_2,candidate_1,candidate_4,candidate_3,candidate_5,5,0.028000000000000004
426,candidate_2,candidate_1,candidate_4,candidate_3,candidate_5,5,0.028000000000000004
427,candidate_2,candidate_1,candidate_4,candidate_3,candidate_5,5,0.028000000000000004
428,candidate_2,candidate_1,candidate_4,candidate_3,candidate_5,5,0.028000000000000004
429,candidate_2,candidate_1,candidate_4,0,candidate_5,5,0.028000000000000004
430,candidate_2,candidate_1,candidate_4,candidate_3,candidate_5,5,0.028000000000000004
431,candidate_2,candidate_1,candidate_4,candidate_3,candidate_5,5,0.028000000000000004
432,candidate_2,candidate_1,candidate_4,candidate_3,candidate_5,5,0.028000000000000004
433,candidate_2,candidate_1,candidate_4,candidate_3,candidate_5,5,0.028000000000000004
434,candidate_2,candidate_1,candidate_4,candidate_3,candidate_5,5,0.028000000000000004
435,candidate_2,candidate_1,candidate_4,candidate_3,candidate_5,5,0.028000000000000004
436,candidate_2,candidate_1,candidate_4,candidate_3,candidate_5,5,0.028000000000000004
437,candidate_2,candidate_1,candidate_4,candidate_3,candidate_5,5,0.028000000000000004
438,candidate_2,candidate_1,candidate_4,candidate_3,candidate_5,5,0.028000000000000004
439,candidate_2,candidate_1,candidate_4,candidate_3,candidate_5,5,0.028000000000000004
440,candidate_2,candidate_1,candidate_4,candidate_3,candidate_5,5,0.028000000000000004
441,candidate_2,candidate_1,candidate_4,candidate_3,candidate_5,5,0.028000000000000004
442,candidate_2,candidate_1,candidate_4,candidate_3,candidate_5,5,0.028000000000000004
443,candidate_2,candidate_1,candidate_4,candidate_3,candidate_5,5,0.028000000000000004
444,candidate_2,candidate_1,candidate_4,candidate_3,candidate_5,5,0.028000000000000004
445,candidate_2,candidate_1,candidate_4,candidate_3,candidate_5,5,0.028000000000000004
446,candidate_2,0,candidate_4,candidate_3,candidate_5,5,0.028000000000000004
447,candidate_2,candidate_1,candidate_4,candidate_3,candidate_5,5,0.028000000000000004
448,candidate_2,candidate_1,candidate_4,0,candidate_5,5,0.028000000000000004
449,candidate_2,candidate_1,candidate_4,candidate_3,candidate_5,5,0.028000000000000004
450,candidate_2,0,candidate_4,candidate_3,candidate_5,5,0.028000000000000004
451,candidate_2,candidate_1,0,candidate_3,candidate_5,5,0.028000000000000004
452,candidate_2,candidate_1,candidate_4,candidate_3,candidate_5,5,0.028000000000000004
453,candidate_2,0,candidate_4,candidate_3,candidate_5,5,0.028000000000000004
454,candidate_2,candidate_1,candidate_4,candidate_3,candidate_5,5,0.028000000000000004
455,candidate_2,candidate_1,candidate_4,candidate_3,candidate_5,5,0.028000000000000004
456,candidate_2,candidate_1,candidate_4,candidate_3,candidate_5,5,0.028000000000000004
457,candidate_2,candidate_1,candidate_4,0,candidate_5,5,0.028000000000000004
458,candidate_2,candidate_1,candidate_4,candidate_3,candidate_5,5,0.028000000000000004
459,candidate_2,candidate_1,candidate_4,candidate_3,candidate_5,5,0.028000000000000004
460,candidate_2,candidate_1,candidate_4,candidate_3,candidate_5,5,0.028000000000000004
461,candidate_2,candidate_1,candidate_4,candidate_3,candidate_5,5,0.028000000000000004
462,candidate_2,candidate_1,candidate_4,candidate_3,candidate_5,5,0.028000000000000004
463,candidate_2,candidate_1,candidate_4,candidate_3,candidate_5,5,0.028000000000000004
464,candidate_2,candidate_1,candidate_4,candidate_3,candidate_5,5,0.028000000000000004
465,candidate_2,candidate_1,candidate_4,candidate_3,candidate_5,5,0.028000000000000004
466,candidate_2,candidate_1,candidate_4,candidate_3,candidate_5,5,0.028000000000000004
467,candidate_2,candidate_1,candidate_4,candidate_3,candidate_5,5,0.028000000000000004
468,candidate_2,candidate_1,candidate_4,candidate_3,candidate_5,5,0.028000000000000004
469,candidate_2,candidate_1,candidate_4,candidate_3,candidate_5,5,0.028000000000000004
470,candidate_2,candidate_1,candidate_4,candidate_3,candidate_5,5,0.028000000000000004
471,candidate_2,candidate_1,candidate_4,candidate_3,candidate_5,5,0.028000000000000004
472,candidate_2,candidate_1,candidate_4,candidate_3,candidate_5,5,0.028000000000000004
473,candidate_2,candidate_1,candidate_4,candidate_3,candidate_5,5,0.028000000000000004
474,candidate_2,candidate_1,candidate_4,candidate_3,candidate_5,5,0.028000000000000004
475,candidate_2,candidate_1,candidate_4,candidate_3,candidate_5,5,0.028000000000000004
476,candidate_2,candidate_1,candidate_4,candidate_3,candidate_5,5,0.028000000000000004
477,candidate_2,candidate_1,candidate_4,0,candidate_5,5,0.028000000000000004
478,candidate_2,candidate_1,candidate_4,candidate_3,candidate_5,5,0.028000000000000004
479,candidate_2,candidate_1,candidate_4,candidate_3,candidate_5,5,0.028000000000000004
0,candidate_2,candidate_1,candidate_4,candidate_5,candidate_3,5,0.028000000000000004
1,candidate_2,candidate_1,candidate_4,candidate_5,candidate_3,5,0.028000000000000004
2,candidate_2,candidate_1,candidate_4,candidate_5,candidate_3,5,0.028000000000000004
3,candidate_2,candidate_1,0,candidate_5,candidate_3,5,0.028000000000000004
4,candidate_2,candidate_1,candidate_4,candidate_5,candidate_3,5,0.028000000000000004
5,candidate_2,candidate_1,candidate_4,candidate_5,candidate_3,5,0.028000000000000004
6,candidate_2,candidate_1,candidate_4,candidate_5,candidate_3,5,0.028000000000000004
7,candidate_2,candidate_1,candidate_4,candidate_5,0,5,0.028000000000000004
8,candidate_2,candidate_1,candidate_4,candidate_5,candidate_3,5,0.028000000000000004
9,candidate_2,candidate_1,0,candidate_5,candidate_3,5,0.028000000000000004
10,candidate_2,candidate_1,candidate_4,candidate_5,candidate_3,5,0.028000000000000004
11,candidate_2,candidate_1,candidate_4,candidate_5,candidate_3,5,0.028000000000000004
12,candidate_2,candidate_1,candidate_4,candidate_5,candidate_3,5,0.028000000000000004
13,candidate_2,candidate_1,candidate_4,candidate_5,candidate_3,5,0.028000000000000004
14,candidate_2,candidate_1,candidate_4,candidate_5,candidate_3,5,0.028000000000000004
15,candidate_2,candidate_1,candidate_4,candidate_5,candidate_3,5,0.028000000000000004
16,candidate_2,candidate_1,candidate_4,candidate_5,candidate_3,5,0.028000000000000004
17,candidate_2,candidate_1,candidate_4,candidate_5,candidate_3,5,0.028000000000000004
18,candidate_2,candidate_1,candidate_4,candidate_5,candidate_3,5,0.028000000000000004
19,candidate_2,candidate_1,candidate_4,candidate_5,candidate_3,5,0.028000000000000004
20,candidate_2,candidate_1,candidate_4,candidate_5,candidate_3,5,0.028000000000000004
21,candidate_2,candidate_1,candidate_4,candidate_5,candidate_3,5,0.028000000000000004
22,candidate_2,candidate_1,candidate_4,candidate_5,candidate_3,5,0.028000000000000004
23,candidate_2,candidate_1,0,candidate_5,candidate_3,5,0.028000000000000004
24,candidate_2,candidate_1,candidate_4,candidate_5,candidate_3,5,0.028000000000000004
25,candidate_2,candidate_1,candidate_4,candidate_5,candidate_3,5,0.028000000000000004
26,candidate_2,candidate_1,candidate_4,candidate_5,candidate_3,5,0.028000000000000004
27,candidate_2,candidate_1,candidate_4,candidate_5,candidate_3,5,0.028000000000000004
28,candidate_2,candidate_1,candidate_4,candidate_5,candidate_3,5,0.028000000000000004
29,candidate_2,candidate_1,candidate_4,candidate_5,candidate_3,5,0.028000000000000004
30,candidate_2,candidate_1,candidate_4,candidate_5,candidate_3,5,0.028000000000000004
31,candidate_2,candidate_1,candidate_4,candidate_5,candidate_3,5,0.028000000000000004
32,candidate_2,candidate_1,candidate_4,candidate_5,candidate_3,5,0.028000000000000004
33,candidate_2,candidate_1,candidate_4,candidate_5,candidate_3,5,0.028000000000000004
34,candidate_2,candidate_1,candidate_4,candidate_5,candidate_3,5,0.028000000000000004
35,candidate_2,candidate_1,candidate_4,candidate_5,candidate_3,5,0.028000000000000004
36,candidate_2,candidate_1,candidate_4,candidate_5,candidate_3,5,0.028000000000000004
37,candidate_2,candidate_1,candidate_4,candidate_5,candidate_3,5,0.028000000000000004
38,candidate_2,candidate_1,candidate_4,candidate_5,candidate_3,5,0.028000000000000004
39,candidate_2,candidate_1,candidate_4,candidate_5,candidate_3,5,0.028000000000000004
40,candidate_2,0,candidate_4,candidate_5,candidate_3,5,0.028000000000000004
41,candidate_2,candidate_1,candidate_4,candidate_5,candidate_3,5,0.028000000000000004
42,candidate_2,candidate_1,candidate_4,candidate_5,candidate_3,5,0.028000000000000004
43,candidate_2,candidate_1,candidate_4,candidate_5,0,5,0.028000000000000004
44,candidate_2,candidate_1,candidate_4,candidate_5,candidate_3,5,0.028000000000000004
45,candidate_2,candidate_1,candidate_4,candidate_5,candidate_3,5,0.028000000000000004
46,candidate_2,candidate_1,candidate_4,candidate_5,candidate_3,5,0.028000000000000004
47,candidate_2,candidate_1,candidate_4,candidate_5,candidate_3,5,0.028000000000000004
48,candidate_2,candidate_1,candidate_4,candidate_5,candidate_3,5,0.028000000000000004
49,candidate_2,candidate_1,candidate_4,candidate_5,0,5,0.028000000000000004
50,candidate_2,candidate_1,candidate_4,candidate_5,candidate_3,5,0.028000000000000004
51,candidate_2,candidate_1,candidate_4,candidate_5,candidate_3,5,0.028000000000000004
52,candidate_2,candidate_1,candidate_4,candidate_5,candidate_3,5,0.028000000000000004
53,candidate_2,candidate_1,candidate_4,candidate_5,candidate_3,5,0.028000000000000004
54,candidate_2,candidate_1,candidate_4,candidate_5,candidate_3,5,0.028000000000000004
55,candidate_2,candidate_1,candidate_4,candidate_5,candidate_3,5,0.028000000000000004
56,candidate_2,candidate_1,candidate_4,candidate_5,candidate_3,5,0.028000000000000004
57,candidate_2,candidate_1,candidate_4,candidate_5,candidate_3,5,0.028000000000000004
58,candidate_2,candidate_1,candidate_4,candidate_5,candidate_3,5,0.028000000000000004
59,candidate_2,candidate_1,candidate_4,candidate_5,candidate_3,5,0.028000000000000004
60,candidate_2,candidate_1,candidate_4,candidate_5,candidate_3,5,0.028000000000000004
61,candidate_2,0,candidate_4,candidate_5,candidate_3,5,0.028000000000000004
62,candidate_2,candidate_1,candidate_4,candidate_5,candidate_3,5,0.028000000000000004
63,candidate_2,candidate_1,candidate_4,candidate_5,candidate_3,5,0.028000000000000004
64,candidate_2,candidate_1,candidate_4,candidate_5,candidate_3,5,0.028000000000000004
65,candidate_2,candidate_1,candidate_4,candidate_5,candidate_3,5,0.028000000000000004
66,candidate_2,candidate_1,candidate_4,candidate_5,candidate_3,5,0.028000000000000004
67,candidate_2,candidate_1,candidate_4,candidate_5,candidate_3,5,0.028000000000000004
68,candidate_2,candidate_1,candidate_4,candidate_5,candidate_3,5,0.028000000000000004
69,candidate_2,candidate_1,candidate_4,candidate_5,candidate_3,5,0.028000000000000004
70,candidate_2,candidate_1,candidate_4,candidate_5,candidate_3,5,0.028000000000000004
71,candidate_2,candidate_1,candidate_4,candidate_5,candidate_3,5,0.028000000000000004
72,candidate_2,candidate_1,candidate_4,candidate_5,candidate_3,5,0.028000000000000004
73,candidate_2,candidate_1,candidate_4,candidate_5,candidate_3,5,0.028000000000000004
74,candidate_2,candidate_1,candidate_4,candidate_5,candidate_3,5,0.028000000000000004
75,candidate_2,candidate_1,candidate_4,candidate_5,candidate_3,5,0.028000000000000004
76,0,candidate_1,candidate_4,candidate_5,candidate_3,5,0.028000000000000004
77,candidate_2,candidate_1,candidate_4,candidate_5,candidate_3,5,0.028000000000000004
78,candidate_2,candidate_1,candidate_4,candidate_5,candidate_3,5,0.028000000000000004
79,candidate_2,candidate_1,candidate_4,candidate_5,candidate_3,5,0.028000000000000004
80,0,candidate_1,candidate_4,candidate_5,candidate_3,5,0.028000000000000004
81,candidate_2,candidate_1,candidate_4,candidate_5,candidate_3,5,0.028000000000000004
82,candidate_2,candidate_1,candidate_4,candidate_5,candidate_3,5,0.028000000000000004
83,candidate_2,candidate_1,candidate_4,candidate_5,candidate_3,5,0.028000000000000004
84,candidate_2,candidate_1,candidate_4,candidate_5,candidate_3,5,0.028000000000000004
85,candidate_2,candidate_1,candidate_4,candidate_5,candidate_3,5,0.028000000000000004
86,candidate_2,candidate_1,candidate_4,candidate_5,candidate_3,5,0.028000000000000004
87,candidate_2,candidate_1,candidate_4,candidate_5,candidate_3,5,0.028000000000000004
88,candidate_2,candidate_1,candidate_4,candidate_5,candidate_3,5,0.028000000000000004
89,candidate_2,candidate_1,candidate_4,candidate_5,candidate_3,5,0.028000000000000004
90,candidate_2,candidate_1,candidate_4,candidate_5,candidate_3,5,0.028000000000000004
91,candidate_2,candidate_1,candidate_4,candidate_5,candidate_3,5,0.028000000000000004
92,candidate_2,candidate_1,candidate_4,candidate_5,candidate_3,5,0.028000000000000004
93,candidate_2,candidate_1,candidate_4,0,candidate_3,5,0.028000000000000004
94,candidate_2,candidate_1,candidate_4,candidate_5,candidate_3,5,0.028000000000000004
95,candidate_2,candidate_1,candidate_4,candidate_5,candidate_3,5,0.028000000000000004
96,candidate_2,candidate_1,candidate_4,candidate_5,candidate_3,5,0.028000000000000004
97,candidate_2,candidate_1,candidate_4,candidate_5,candidate_3,5,0.028000000000000004
98,candidate_2,0,candidate_4,candidate_5,candidate_3,5,0.028000000000000004
99,candidate_2,candidate_1,candidate_4,candidate_5,candidate_3,5,0.028000000000000004
100,candidate_2,candidate_1,candidate_4,candidate_5,candidate_3,5,0.028000000000000004
101,candidate_2,candidate_1,candidate_4,candidate_5,candidate_3,5,0.028000000000000004
102,candidate_2,candidate_1,candidate_4,candidate_5,candidate_3,5,0.028000000000000004
103,candidate_2,candidate_1,candidate_4,candidate_5,candidate_3,5,0.028000000000000004
104,candidate_2,candidate_1,candidate_4,candidate_5,candidate_3,5,0.028000000000000004
105,candidate_2,candidate_1,candidate_4,candidate_5,candidate_3,5,0.028000000000000004
106,candidate_2,candidate_1,candidate_4,candidate_5,candidate_3,5,0.028000000000000004
107,candidate_2,candidate_1,candidate_4,candidate_5,candidate_3,5,0.028000000000000004
108,candidate_2,candidate_1,candidate_4,candidate_5,candidate_3,5,0.028000000000000004
109,candidate_2,candidate_1,candidate_4,candidate_5,candidate_3,5,0.028000000000000004
110,candidate_2,candidate_1,candidate_4,candidate_5,candidate_3,5,0.028000000000000004
111,candidate_2,candidate_1,candidate_4,candidate_5,candidate_3,5,0.028000000000000004
112,candidate_2,candidate_1,candidate_4,candidate_5,candidate_3,5,0.028000000000000004
113,candidate_2,candidate_1,candidate_4,candidate_5,candidate_3,5,0.028000000000000004
114,candidate_2,candidate_1,candidate_4,candidate_5,candidate_3,5,0.028000000000000004
115,candidate_2,candidate_1,candidate_4,candidate_5,candidate_3,5,0.028000000000000004
116,candidate_2,candidate_1,candidate_4,candidate_5,candidate_3,5,0.028000000000000004
117,candidate_2,candidate_1,candidate_4,candidate_5,candidate_3,5,0.028000000000000004
118,candidate_2,candidate_1,candidate_4,candidate_5,candidate_3,5,0.028000000000000004
119,candidate_2,candidate_1,candidate_4,candidate_5,candidate_3,5,0.028000000000000004
120,candidate_2,candidate_1,candidate_4,candidate_5,candidate_3,5,0.028000000000000004
121,candidate_2,candidate_1,candidate_4,candidate_5,candidate_3,5,0.028000000000000004
122,candidate_2,candidate_1,0,candidate_5,candidate_3,5,0.028000000000000004
123,candidate_2,candidate_1,candidate_4,candidate_5,candidate_3,5,0.028000000000000004
124,candidate_2,candidate_1,candidate_4,candidate_5,candidate_3,5,0.028000000000000004
125,candidate_2,candidate_1,candidate_4,candidate_5,candidate_3,5,0.028000000000000004
126,candidate_2,candidate_1,candidate_4,candidate_5,candidate_3,5,0.028000000000000004
127,candidate_2,candidate_1,candidate_4,candidate_5,candidate_3,5,0.028000000000000004
128,candidate_2,candidate_1,candidate_4,candidate_5,candidate_3,5,0.028000000000000004
129,candidate_2,candidate_1,candidate_4,candidate_5,candidate_3,5,0.028000000000000004
130,candidate_2,candidate_1,candidate_4,candidate_5,candidate_3,5,0.028000000000000004
131,candidate_2,candidate_1,candidate_4,candidate_5,candidate_3,5,0.028000000000000004
132,candidate_2,candidate_1,candidate_4,candidate_5,candidate_3,5,0.028000000000000004
133,candidate_2,candidate_1,0,candidate_5,candidate_3,5,0.028000000000000004
134,candidate_2,candidate_1,candidate_4,candidate_5,candidate_3,5,0.028000000000000004
135,candidate_2,candidate_1,candidate_4,candidate_5,candidate_3,5,0.028000000000000004
136,candidate_2,candidate_1,candidate_4,candidate_5,candidate_3,5,0.028000000000000004
137,candidate_2,candidate_1,candidate_4,candidate_5,candidate_3,5,0.028000000000000004
138,candidate_2,candidate_1,candidate_4,candidate_5,candidate_3,5,0.028000000000000004
139,candidate_2,candidate_1,candidate_4,candidate_5,candidate_3,5,0.028000000000000004
140,candidate_2,candidate_1,candidate_4,candidate_5,candidate_3,5,0.028000000000000004
141,candidate_2,0,candidate_4,candidate_5,candidate_3,5,0.028000000000000004
142,candidate_2,candidate_1,candidate_4,0,candidate_3,5,0.028000000000000004
143,candidate_2,candidate_1,candidate_4,candidate_5,candidate_3,5,0.028000000000000004
144,candidate_2,candidate_1,candidate_4,candidate_5,candidate_3,5,0.028000000000000004
145,candidate_2,candidate_1,candidate_4,candidate_5,candidate_3,5,0.028000000000000004
146,candidate_2,candidate_1,candidate_4,candidate_5,candidate_3,5,0.028000000000000004
147,candidate_2,candidate_1,candidate_4,candidate_5,candidate_3,5,0.028000000000000004
148,candidate_2,candidate_1,candidate_4,candidate_5,candidate_3,5,0.028000000000000004
149,candidate_2,candidate_1,candidate_4,candidate_5,candidate_3,5,0.028000000000000004
150,candidate_2,candidate_1,candidate_4,candidate_5,candidate_3,5,0.028000000000000004
151,candidate_2,candidate_1,candidate_4,candidate_5,0,5,0.028000000000000004
152,candidate_2,candidate_1,candidate_4,candidate_5,candidate_3,5,0.028000000000000004
153,candidate_2,candidate_1,candidate_4,candidate_5,candidate_3,5,0.028000000000000004
154,candidate_2,candidate_1,candidate_4,candidate_5,candidate_3,5,0.028000000000000004
155,candidate_2,candidate_1,candidate_4,candidate_5,candidate_3,5,0.028000000000000004
156,candidate_2,candidate_1,candidate_4,candidate_5,candidate_3,5,0.028000000000000004
157,candidate_2,candidate_1,candidate_4,candidate_5,candidate_3,5,0.028000000000000004
158,candidate_2,candidate_1,candidate_4,candidate_5,candidate_3,5,0.028000000000000004
159,candidate_2,candidate_1,candidate_4,candidate_5,candidate_3,5,0.028000000000000004
160,candidate_2,candidate_1,candidate_4,candidate_5,candidate_3,5,0.028000000000000004
161,candidate_2,candidate_1,candidate_4,candidate_5,candidate_3,5,0.028000000000000004
162,candidate_2,candidate_1,candidate_4,candidate_5,candidate_3,5,0.028000000000000004
163,candidate_2,candidate_1,candidate_4,candidate_5,candidate_3,5,0.028000000000000004
164,candidate_2,candidate_1,candidate_4,candidate_5,candidate_3,5,0.028000000000000004
165,candidate_2,candidate_1,candidate_4,candidate_5,candidate_3,5,0.028000000000000004
166,candidate_2,candidate_1,candidate_4,candidate_5,candidate_3,5,0.028000000000000004
167,candidate_2,candidate_1,candidate_4,candidate_5,candidate_3,5,0.028000000000000004
168,candidate_2,candidate_1,candidate_4,candidate_5,candidate_3,5,0.028000000000000004
169,candidate_2,candidate_1,candidate_4,candidate_5,candidate_3,5,0.028000000000000004
170,candidate_2,candidate_1,candidate_4,candidate_5,candidate_3,5,0.028000000000000004
171,candidate_2,candidate_1,candidate_4,candidate_5,candidate_3,5,0.028000000000000004
172,candidate_2,candidate_1,candidate_4,candidate_5,candidate_3,5,0.028000000000000004
173,candidate_2,0,candidate_4,candidate_5,candidate_3,5,0.028000000000000004
174,candidate_2,candidate_1,candidate_4,candidate_5,candidate_3,5,0.028000000000000004
175,candidate_2,candidate_1,candidate_4,candidate_5,candidate_3,5,0.028000000000000004
176,candidate_2,candidate_1,candidate_4,candidate_5,candidate_3,5,0.028000000000000004
177,candidate_2,candidate_1,candidate_4,candidate_5,candidate_3,5,0.028000000000000004
178,0,candidate_1,candidate_4,candidate_5,candidate_3,5,0.028000000000000004
179,candidate_2,candidate_1,candidate_4,candidate_5,candidate_3,5,0.028000000000000004
180,candidate_2,candidate_1,candidate_4,candidate_5,candidate_3,5,0.028000000000000004
181,candidate_2,candidate_1,candidate_4,candidate_5,candidate_3,5,0.028000000000000004
182,candidate_2,candidate_1,candidate_4,candidate_5,candidate_3,5,0.028000000000000004
183,candidate_2,candidate_1,candidate_4,candidate_5,candidate_3,5,0.028000000000000004
184,candidate_2,candidate_1,candidate_4,candidate_5,candidate_3,5,0.028000000000000004
185,candidate_2,candidate_1,candidate_4,candidate_5,candidate_3,5,0.028000000000000004
186,candidate_2,candidate_1,candidate_4,candidate_5,candidate_3,5,0.028000000000000004
187,candidate_2,candidate_1,candidate_4,candidate_5,candidate_3,5,0.028000000000000004
188,candidate_2,candidate_1,candidate_4,candidate_5,candidate_3,5,0.028000000000000004
189,candidate_2,candidate_1,candidate_4,candidate_5,candidate_3,5,0.028000000000000004
190,candidate_2,candidate_1,candidate_4,candidate_5,candidate_3,5,0.028000000000000004
191,candidate_2,candidate_1,candidate_4,candidate_5,candidate_3,5,0.028000000000000004
192,candidate_2,candidate_1,candidate_4,candidate_5,candidate_3,5,0.028000000000000004
193,candidate_2,candidate_1,candidate_4,candidate_5,candidate_3,5,0.028000000000000004
194,candidate_2,candidate_1,candidate_4,candidate_5,candidate_3,5,0.028000000000000004
195,candidate_2,candidate_1,candidate_4,candidate_5,candidate_3,5,0.028000000000000004
196,candidate_2,candidate_1,candidate_4,candidate_5,candidate_3,5,0.028000000000000004
197,candidate_2,candidate_1,candidate_4,0,candidate_3,5,0.028000000000000004
198,candidate_2,candidate_1,candidate_4,candidate_5,candidate_3,5,0.028000000000000004
199,candidate_2,candidate_1,candidate_4,candidate_5,candidate_3,5,0.028000000000000004
200,candidate_2,candidate_1,candidate_4,candidate_5,candidate_3,5,0.028000000000000004
201,candidate_2,candidate_1,candidate_4,candidate_5,candidate_3,5,0.028000000000000004
202,candidate_2,candidate_1,candidate_4,candidate_5,candidate_3,5,0.028000000000000004
203,candidate_2,candidate_1,candidate_4,candidate_5,candidate_3,5,0.028000000000000004
204,candidate_2,candidate_1,candidate_4,candidate_5,candidate_3,5,0.028000000000000004
205,candidate_2,0,candidate_4,candidate_5,candidate_3,5,0.028000000000000004
206,candidate_2,candidate_1,candidate_4,candidate_5,candidate_3,5,0.028000000000000004
207,candidate_2,candidate_1,candidate_4,candidate_5,candidate_3,5,0.028000000000000004
208,candidate_2,candidate_1,candidate_4,candidate_5,candidate_3,5,0.028000000000000004
209,candidate_2,candidate_1,candidate_4,candidate_5,candidate_3,5,0.028000000000000004
210,candidate_2,candidate_1,candidate_4,candidate_5,candidate_3,5,0.028000000000000004
211,candidate_2,candidate_1,candidate_4,candidate_5,candidate_3,5,0.028000000000000004
212,candidate_2,candidate_1,candidate_4,candidate_5,candidate_3,5,0.028000000000000004
213,candidate_2,candidate_1,candidate_4,candidate_5,candidate_3,5,0.028000000000000004
214,candidate_2,candidate_1,0,candidate_5,candidate_3,5,0.028000000000000004
215,candidate_2,candidate_1,candidate_4,candidate_5,candidate_3,5,0.028000000000000004
216,candidate_2,candidate_1,candidate_4,candidate_5,candidate_3,5,0.028000000000000004
217,candidate_2,candidate_1,candidate_4,candidate_5,candidate_3,5,0.028000000000000004
218,candidate_2,candidate_1,candidate_4,0,candidate_3,5,0.028000000000000004
219,candidate_2,candidate_1,candidate_4,candidate_5,candidate_3,5,0.028000000000000004
220,candidate_2,candidate_1,candidate_4,candidate_5,candidate_3,5,0.028000000000000004
221,candidate_2,candidate_1,candidate_4,candidate_5,candidate_3,5,0.028000000000000004
222,candidate_2,candidate_1,candidate_4,candidate_5,candidate_3,5,0.028000000000000004
223,candidate_2,candidate_1,candidate_4,candidate_5,candidate_3,5,0.028000000000000004
224,candidate_2,candidate_1,candidate_4,candidate_5,candidate_3,5,0.028000000000000004
225,candidate_2,candidate_1,candidate_4,candidate_5,candidate_3,5,0.028000000000000004
226,candidate_2,candidate_1,candidate_4,candidate_5,candidate_3,5,0.028000000000000004
227,candidate_2,candidate_1,candidate_4,candidate_5,candidate_3,5,0.028000000000000004
228,candidate_2,candidate_1,candidate_4,candidate_5,candidate_3,5,0.028000000000000004
229,candidate_2,candidate_1,candidate_4,candidate_5,candidate_3,5,0.028000000000000004
230,candidate_2,candidate_1,candidate_4,candidate_5,candidate_3,5,0.028000000000000004
231,candidate_2,candidate_1,candidate_4,candidate_5,candidate_3,5,0.028000000000000004
232,candidate_2,candidate_1,candidate_4,candidate_5,candidate_3,5,0.028000000000000004
233,0,candidate_1,candidate_4,candidate_5,candidate_3,5,0.028000000000000004
234,candidate_2,candidate_1,candidate_4,candidate_5,candidate_3,5,0.028000000000000004
235,candidate_2,candidate_1,candidate_4,candidate_5,candidate_3,5,0.028000000000000004
236,candidate_2,candidate_1,candidate_4,candidate_5,candidate_3,5,0.028000000000000004
237,candidate_2,candidate_1,candidate_4,candidate_5,candidate_3,5,0.028000000000000004
238,candidate_2,candidate_1,candidate_4,candidate_5,candidate_3,5,0.028000000000000004
239,candidate_2,candidate_1,candidate_4,candidate_5,candidate_3,5,0.028000000000000004
240,candidate_2,candidate_1,candidate_4,candidate_5,candidate_3,5,0.028000000000000004
241,candidate_2,candidate_1,candidate_4,candidate_5,candidate_3,5,0.028000000000000004
242,candidate_2,candidate_1,candidate_4,candidate_5,candidate_3,5,0.028000000000000004
243,candidate_2,candidate_1,candidate_4,candidate_5,candidate_3,5,0.028000000000000004
244,candidate_2,candidate_1,candidate_4,candidate_5,candidate_3,5,0.028000000000000004
245,candidate_2,candidate_1,candidate_4,candidate_5,candidate_3,5,0.028000000000000004
246,candidate_2,candidate_1,candidate_4,candidate_5,candidate_3,5,0.028000000000000004
247,candidate_2,candidate_1,candidate_4,candidate_5,candidate_3,5,0.028000000000000004
248,candidate_2,candidate_1,candidate_4,candidate_5,candidate_3,5,0.028000000000000004
249,candidate_2,candidate_1,candidate_4,candidate_5,candidate_3,5,0.028000000000000004
250,candidate_2,candidate_1,candidate_4,candidate_5,candidate_3,5,0.028000000000000004
251,0,candidate_1,candidate_4,candidate_5,candidate_3,5,0.028000000000000004
252,candidate_2,candidate_1,candidate_4,candidate_5,candidate_3,5,0.028000000000000004
253,candidate_2,candidate_1,candidate_4,candidate_5,candidate_3,5,0.028000000000000004
254,candidate_2,candidate_1,candidate_4,candidate_5,candidate_3,5,0.028000000000000004
255,candidate_2,candidate_1,candidate_4,candidate_5,candidate_3,5,0.028000000000000004
256,candidate_2,candidate_1,candidate_4,candidate_5,candidate_3,5,0.028000000000000004
257,candidate_2,candidate_1,candidate_4,candidate_5,candidate_3,5,0.028000000000000004
258,candidate_2,candidate_1,candidate_4,candidate_5,candidate_3,5,0.028000000000000004
259,candidate_2,candidate_1,candidate_4,candidate_5,candidate_3,5,0.028000000000000004
260,candidate_2,candidate_1,candidate_4,candidate_5,candidate_3,5,0.028000000000000004
261,candidate_2,candidate_1,candidate_4,candidate_5,candidate_3,5,0.028000000000000004
262,candidate_2,candidate_1,candidate_4,candidate_5,candidate_3,5,0.028000000000000004
263,candidate_2,candidate_1,candidate_4,candidate_5,candidate_3,5,0.028000000000000004
264,candidate_2,candidate_1,candidate_4,candidate_5,candidate_3,5,0.028000000000000004
265,candidate_2,candidate_1,candidate_4,candidate_5,candidate_3,5,0.028000000000000004
266,candidate_2,candidate_1,candidate_4,candidate_5,candidate_3,5,0.028000000000000004
267,0,candidate_1,candidate_4,candidate_5,candidate_3,5,0.028000000000000004
268,candidate_2,candidate_1,candidate_4,candidate_5,candidate_3,5,0.028000000000000004
269,candidate_2,candidate_1,candidate_4,candidate_5,candidate_3,5,0.028000000000000004
270,candidate_2,candidate_1,candidate_4,candidate_5,candidate_3,5,0.028000000000000004
271,candidate_2,candidate_1,candidate_4,candidate_5,candidate_3,5,0.028000000000000004
272,candidate_2,candidate_1,candidate_4,candidate_5,candidate_3,5,0.028000000000000004
273,candidate_2,candidate_1,candidate_4,candidate_5,candidate_3,5,0.028000000000000004
274,candidate_2,candidate_1,candidate_4,0,candidate_3,5,0.028000000000000004
275,0,candidate_1,candidate_4,candidate_5,candidate_3,5,0.028000000000000004
276,candidate_2,candidate_1,candidate_4,candidate_5,candidate_3,5,0.028000000000000004
277,candidate_2,candidate_1,candidate_4,candidate_5,candidate_3,5,0.028000000000000004
278,candidate_2,candidate_1,candidate_4,candidate_5,candidate_3,5,0.028000000000000004
279,candidate_2,candidate_1,candidate_4,candidate_5,candidate_3,5,0.028000000000000004
280,candidate_2,candidate_1,candidate_4,candidate_5,candidate_3,5,0.028000000000000004
281,candidate_2,candidate_1,candidate_4,0,candidate_3,5,0.028000000000000004
282,candidate_2,candidate_1,candidate_4,candidate_5,candidate_3,5,0.028000000000000004
283,candidate_2,candidate_1,candidate_4,candidate_5,candidate_3,5,0.028000000000000004
284,candidate_2,candidate_1,candidate_4,candidate_5,candidate_3,5,0.028000000000000004
285,0,candidate_1,candidate_4,candidate_5,candidate_3,5,0.028000000000000004
286,candidate_2,candidate_1,candidate_4,candidate_5,candidate_3,5,0.028000000000000004
287,candidate_2,candidate_1,candidate_4,candidate_5,candidate_3,5,0.028000000000000004
288,candidate_2,candidate_1,candidate_4,candidate_5,candidate_3,5,0.028000000000000004
289,candidate_2,candidate_1,candidate_4,candidate_5,candidate_3,5,0.028000000000000004
290,candidate_2,candidate_1,candidate_4,0,candidate_3,5,0.028000000000000004
291,candidate_2,candidate_1,candidate_4,candidate_5,candidate_3,5,0.028000000000000004
292,candidate_2,candidate_1,candidate_4,candidate_5,candidate_3,5,0.028000000000000004
293,candidate_2,candidate_1,candidate_4,candidate_5,candidate_3,5,0.028000000000000004
294,candidate_2,candidate_1,candidate_4,candidate_5,candidate_3,5,0.028000000000000004
295,candidate_2,candidate_1,candidate_4,candidate_5,candidate_3,5,0.028000000000000004
296,candidate_2,candidate_1,0,candidate_5,candidate_3,5,0.028000000000000004
297,candidate_2,candidate_1,candidate_4,candidate_5,candidate_3,5,0.028000000000000004
298,candidate_2,0,candidate_4,candidate_5,candidate_3,5,0.028000000000000004
299,candidate_2,candidate_1,candidate_4,candidate_5,candidate_3,5,0.028000000000000004
300,candidate_2,candidate_1,candidate_4,candidate_5,candidate_3,5,0.028000000000000004
301,candidate_2,candidate_1,candidate_4,candidate_5,candidate_3,5,0.028000000000000004
302,candidate_2,candidate_1,0,candidate_5,candidate_3,5,0.028000000000000004
303,candidate_2,candidate_1,candidate_4,candidate_5,candidate_3,5,0.028000000000000004
304,candidate_2,candidate_1,candidate_4,candidate_5,candidate_3,5,0.028000000000000004
305,candidate_2,candidate_1,candidate_4,candidate_5,candidate_3,5,0.028000000000000004
306,candidate_2,candidate_1,candidate_4,candidate_5,candidate_3,5,0.028000000000000004
307,candidate_2,candidate_1,0,candidate_5,candidate_3,5,0.028000000000000004
308,candidate_2,candidate_1,candidate_4,candidate_5,candidate_3,5,0.028000000000000004
309,candidate_2,candidate_1,candidate_4,candidate_5,candidate_3,5,0.028000000000000004
310,candidate_2,candidate_1,candidate_4,candidate_5,candidate_3,5,0.028000000000000004
311,candidate_2,candidate_1,0,candidate_5,candidate_3,5,0.028000000000000004
312,candidate_2,candidate_1,candidate_4,candidate_5,candidate_3,5,0.028000000000000004
313,candidate_2,candidate_1,candidate_4,candidate_5,candidate_3,5,0.028000000000000004
314,candidate_2,candidate_1,candidate_4,candidate_5,candidate_3,5,0.028000000000000004
315,candidate_2,candidate_1,candidate_4,candidate_5,candidate_3,5,0.028000000000000004
316,candidate_2,candidate_1,candidate_4,candidate_5,candidate_3,5,0.028000000000000004
317,candidate_2,candidate_1,candidate_4,candidate_5,candidate_3,5,0.028000000000000004
318,candidate_2,candidate_1,candidate_4,candidate_5,candidate_3,5,0.028000000000000004
319,candidate_2,candidate_1,candidate_4,candidate_5,candidate_3,5,0.028000000000000004
320,candidate_2,candidate_1,candidate_4,candidate_5,candidate_3,5,0.028000000000000004
321,candidate_2,candidate_1,candidate_4,candidate_5,candidate_3,5,0.028000000000000004
322,candidate_2,candidate_1,candidate_4,candidate_5,candidate_3,5,0.028000000000000004
323,candidate_2,candidate_1,candidate_4,candidate_5,candidate_3,5,0.028000000000000004
324,candidate_2,candidate_1,candidate_4,candidate_5,candidate_3,5,0.028000000000000004
325,candidate_2,candidate_1,candidate_4,candidate_5,candidate_3,5,0.028000000000000004
326,candidate_2,candidate_1,candidate_4,candidate_5,candidate_3,5,0.028000000000000004
327,candidate_2,candidate_1,candidate_4,candidate_5,candidate_3,5,0.028000000000000004
328,candidate_2,candidate_1,candidate_4,candidate_5,candidate_3,5,0.028000000000000004
329,candidate_2,candidate_1,candidate_4,candidate_5,candidate_3,5,0.028000000000000004
330,candidate_2,candidate_1,candidate_4,candidate_5,candidate_3,5,0.028000000000000004
331,candidate_2,candidate_1,candidate_4,candidate_5,candidate_3,5,0.028000000000000004
332,candidate_2,candidate_1,candidate_4,candidate_5,candidate_3,5,0.028000000000000004
333,candidate_2,candidate_1,candidate_4,candidate_5,candidate_3,5,0.028000000000000004
334,candidate_2,candidate_1,candidate_4,candidate_5,candidate_3,5,0.028000000000000004
335,candidate_2,candidate_1,candidate_4,candidate_5,candidate_3,5,0.028000000000000004
336,candidate_2,candidate_1,candidate_4,candidate_5,candidate_3,5,0.028000000000000004
337,candidate_2,candidate_1,candidate_4,candidate_5,candidate_3,5,0.028000000000000004
338,candidate_2,candidate_1,candidate_4,candidate_5,candidate_3,5,0.028000000000000004
339,candidate_2,candidate_1,candidate_4,candidate_5,candidate_3,5,0.028000000000000004
340,candidate_2,candidate_1,candidate_4,candidate_5,candidate_3,5,0.028000000000000004
341,candidate_2,candidate_1,candidate_4,candidate_5,candidate_3,5,0.028000000000000004
342,candidate_2,candidate_1,candidate_4,candidate_5,candidate_3,5,0.028000000000000004
343,candidate_2,candidate_1,candidate_4,candidate_5,candidate_3,5,0.028000000000000004
344,candidate_2,candidate_1,0,candidate_5,candidate_3,5,0.028000000000000004
345,candidate_2,candidate_1,candidate_4,candidate_5,candidate_3,5,0.028000000000000004
346,candidate_2,candidate_1,candidate_4,candidate_5,candidate_3,5,0.028000000000000004
347,candidate_2,candidate_1,candidate_4,candidate_5,candidate_3,5,0.028000000000000004
348,candidate_2,candidate_1,candidate_4,candidate_5,candidate_3,5,0.028000000000000004
349,candidate_2,candidate_1,candidate_4,candidate_5,candidate_3,5,0.028000000000000004
350,candidate_2,candidate_1,candidate_4,candidate_5,candidate_3,5,0.028000000000000004
351,candidate_2,candidate_1,candidate_4,candidate_5,candidate_3,5,0.028000000000000004
352,candidate_2,candidate_1,candidate_4,candidate_5,candidate_3,5,0.028000000000000004
353,candidate_2,candidate_1,candidate_4,candidate_5,candidate_3,5,0.028000000000000004
354,candidate_2,candidate_1,candidate_4,candidate_5,candidate_3,5,0.028000000000000004
355,candidate_2,candidate_1,candidate_4,candidate_5,candidate_3,5,0.028000000000000004
356,candidate_2,candidate_1,candidate_4,candidate_5,candidate_3,5,0.028000000000000004
357,candidate_2,candidate_1,candidate_4,candidate_5,candidate_3,5,0.028000000000000004
358,candidate_2,candidate_1,candidate_4,candidate_5,candidate_3,5,0.028000000000000004
359,candidate_2,candidate_1,candidate_4,candidate_5,candidate_3,5,0.028000000000000004
360,candidate_2,candidate_1,candidate_4,candidate_5,candidate_3,5,0.028000000000000004
361,candidate_2,candidate_1,candidate_4,candidate_5,candidate_3,5,0.028000000000000004
362,candidate_2,candidate_1,candidate_4,candidate_5,candidate_3,5,0.028000000000000004
363,candidate_2,candidate_1,candidate_4,candidate_5,candidate_3,5,0.028000000000000004
364,candidate_2,candidate_1,candidate_4,candidate_5,0,5,0.028000000000000004
365,candidate_2,candidate_1,candidate_4,candidate_5,candidate_3,5,0.028000000000000004
366,candidate_2,candidate_1,candidate_4,candidate_5,candidate_3,5,0.028000000000000004
367,candidate_2,candidate_1,candidate_4,candidate_5,candidate_3,5,0.028000000000000004
368,0,candidate_1,candidate_4,candidate_5,candidate_3,5,0.028000000000000004
369,candidate_2,candidate_1,candidate_4,candidate_5,candidate_3,5,0.028000000000000004
370,0,candidate_1,candidate_4,candidate_5,candidate_3,5,0.028000000000000004
371,candidate_2,candidate_1,candidate_4,candidate_5,candidate_3,5,0.028000000000000004
372,candidate_2,candidate_1,candidate_4,candidate_5,candidate_3,5,0.028000000000000004
373,candidate_2,candidate_1,candidate_4,candidate_5,candidate_3,5,0.028000000000000004
374,0,candidate_1,candidate_4,candidate_5,candidate_3,5,0.028000000000000004
375,candidate_2,candidate_1,candidate_4,0,candidate_3,5,0.028000000000000004
376,candidate_2,candidate_1,candidate_4,candidate_5,candidate_3,5,0.028000000000000004
377,candidate_2,candidate_1,candidate_4,candidate_5,candidate_3,5,0.028000000000000004
378,candidate_2,candidate_1,candidate_4,candidate_5,candidate_3,5,0.028000000000000004
379,candidate_2,candidate_1,candidate_4,candidate_5,candidate_3,5,0.028000000000000004
380,candidate_2,candidate_1,candidate_4,candidate_5,candidate_3,5,0.028000000000000004
381,candidate_2,candidate_1,candidate_4,candidate_5,candidate_3,5,0.028000000000000004
382,candidate_2,candidate_1,candidate_4,candidate_5,candidate_3,5,0.028000000000000004
383,candidate_2,candidate_1,candidate_4,candidate_5,candidate_3,5,0.028000000000000004
384,candidate_2,candidate_1,candidate_4,candidate_5,candidate_3,5,0.028000000000000004
385,candidate_2,candidate_1,candidate_4,candidate_5,candidate_3,5,0.028000000000000004
386,candidate_2,candidate_1,0,0,candidate_3,5,0.028000000000000004
387,candidate_2,candidate_1,candidate_4,candidate_5,candidate_3,5,0.028000000000000004
388,candidate_2,candidate_1,candidate_4,candidate_5,candidate_3,5,0.028000000000000004
389,candidate_2,candidate_1,0,candidate_5,candidate_3,5,0.028000000000000004
390,candidate_2,candidate_1,candidate_4,candidate_5,candidate_3,5,0.028000000000000004
391,candidate_2,candidate_1,candidate_4,candidate_5,candidate_3,5,0.028000000000000004
392,candidate_2,candidate_1,candidate_4,candidate_5,0,5,0.028000000000000004
393,candidate_2,candidate_1,candidate_4,candidate_5,candidate_3,5,0.028000000000000004
394,candidate_2,candidate_1,candidate_4,candidate_5,candidate_3,5,0.028000000000000004
395,candidate_2,candidate_1,candidate_4,candidate_5,candidate_3,5,0.028000000000000004
396,candidate_2,candidate_1,candidate_4,candidate_5,candidate_3,5,0.028000000000000004
397,0,candidate_1,candidate_4,candidate_5,candidate_3,5,0.028000000000000004
398,candidate_2,candidate_1,candidate_4,candidate_5,candidate_3,5,0.028000000000000004
399,candidate_2,candidate_1,candidate_4,candidate_5,candidate_3,5,0.028000000000000004
400,candidate_2,candidate_1,candidate_4,candidate_5,candidate_3,5,0.028000000000000004
401,candidate_2,candidate_1,candidate_4,candidate_5,candidate_3,5,0.028000000000000004
402,candidate_2,candidate_1,candidate_4,candidate_5,candidate_3,5,0.028000000000000004
403,candidate_2,candidate_1,candidate_4,candidate_5,0,5,0.028000000000000004
404,candidate_2,candidate_1,candidate_4,candidate_5,candidate_3,5,0.028000000000000004
405,candidate_2,candidate_1,candidate_4,candidate_5,candidate_3,5,0.028000000000000004
406,candidate_2,candidate_1,candidate_4,candidate_5,candidate_3,5,0.028000000000000004
407,candidate_2,candidate_1,candidate_4,candidate_5,candidate_3,5,0.028000000000000004
408,candidate_2,candidate_1,candidate_4,candidate_5,candidate_3,5,0.028000000000000004
409,candidate_2,candidate_1,candidate_4,candidate_5,candidate_3,5,0.028000000000000004
410,candidate_2,candidate_1,candidate_4,candidate_5,candidate_3,5,0.028000000000000004
411,candidate_2,candidate_1,candidate_4,candidate_5,candidate_3,5,0.028000000000000004
412,candidate_2,candidate_1,candidate_4,candidate_5,candidate_3,5,0.028000000000000004
413,candidate_2,candidate_1,candidate_4,candidate_5,candidate_3,5,0.028000000000000004
414,candidate_2,candidate_1,candidate_4,candidate_5,candidate_3,5,0.028000000000000004
415,candidate_2,candidate_1,candidate_4,candidate_5,candidate_3,5,0.028000000000000004
416,candidate_2,candidate_1,candidate_4,0,candidate_3,5,0.028000000000000004
417,candidate_2,candidate_1,candidate_4,candidate_5,candidate_3,5,0.028000000000000004
418,candidate_2,candidate_1,candidate_4,candidate_5,candidate_3,5,0.028000000000000004
419,candidate_2,candidate_1,0,candidate_5,candidate_3,5,0.028000000000000004
420,candidate_2,candidate_1,candidate_4,candidate_5,candidate_3,5,0.028000000000000004
421,candidate_2,candidate_1,candidate_4,candidate_5,candidate_3,5,0.028000000000000004
422,candidate_2,candidate_1,candidate_4,candidate_5,candidate_3,5,0.028000000000000004
423,candidate_2,candidate_1,candidate_4,candidate_5,candidate_3,5,0.028000000000000004
424,candidate_2,candidate_1,candidate_4,0,candidate_3,5,0.028000000000000004
425,candidate_2,candidate_1,candidate_4,candidate_5,candidate_3,5,0.028000000000000004
426,candidate_2,candidate_1,candidate_4,candidate_5,candidate_3,5,0.028000000000000004
427,candidate_2,candidate_1,candidate_4,candidate_5,candidate_3,5,0.028000000000000004
428,candidate_2,candidate_1,candidate_4,candidate_5,candidate_3,5,0.028000000000000004
429,candidate_2,candidate_1,candidate_4,candidate_5,candidate_3,5,0.028000000000000004
430,candidate_2,candidate_1,candidate_4,candidate_5,0,5,0.028000000000000004
431,candidate_2,candidate_1,candidate_4,candidate_5,candidate_3,5,0.028000000000000004
432,candidate_2,candidate_1,candidate_4,candidate_5,candidate_3,5,0.028000000000000004
433,candidate_2,candidate_1,candidate_4,candidate_5,candidate_3,5,0.028000000000000004
434,candidate_2,candidate_1,candidate_4,candidate_5,candidate_3,5,0.028000000000000004
435,candidate_2,candidate_1,candidate_4,candidate_5,candidate_3,5,0.028000000000000004
436,candidate_2,candidate_1,candidate_4,candidate_5,candidate_3,5,0.028000000000000004
437,candidate_2,candidate_1,candidate_4,candidate_5,candidate_3,5,0.028000000000000004
438,candidate_2,candidate_1,candidate_4,candidate_5,candidate_3,5,0.028000000000000004
439,candidate_2,candidate_1,candidate_4,candidate_5,candidate_3,5,0.028000000000000004
440,candidate_2,candidate_1,candidate_4,candidate_5,candidate_3,5,0.028000000000000004
441,candidate_2,candidate_1,candidate_4,candidate_5,candidate_3,5,0.028000000000000004
442,candidate_2,candidate_1,candidate_4,candidate_5,candidate_3,5,0.028000000000000004
443,candidate_2,candidate_1,candidate_4,candidate_5,candidate_3,5,0.028000000000000004
444,candidate_2,candidate_1,candidate_4,candidate_5,candidate_3,5,0.028000000000000004
445,candidate_2,candidate_1,candidate_4,candidate_5,candidate_3,5,0.028000000000000004
446,candidate_2,candidate_1,candidate_4,candidate_5,0,5,0.028000000000000004
447,candidate_2,candidate_1,candidate_4,candidate_5,candidate_3,5,0.028000000000000004
448,candidate_2,candidate_1,candidate_4,candidate_5,candidate_3,5,0.028000000000000004
449,candidate_2,candidate_1,candidate_4,candidate_5,candidate_3,5,0.028000000000000004
450,candidate_2,candidate_1,candidate_4,candidate_5,candidate_3,5,0.028000000000000004
451,0,candidate_1,candidate_4,candidate_5,candidate_3,5,0.028000000000000004
452,candidate_2,candidate_1,candidate_4,candidate_5,candidate_3,5,0.028000000000000004
453,candidate_2,candidate_1,candidate_4,candidate_5,candidate_3,5,0.028000000000000004
454,candidate_2,candidate_1,candidate_4,candidate_5,candidate_3,5,0.028000000000000004
455,candidate_2,candidate_1,candidate_4,candidate_5,candidate_3,5,0.028000000000000004
456,candidate_2,candidate_1,candidate_4,candidate_5,candidate_3,5,0.028000000000000004
457,candidate_2,candidate_1,candidate_4,candidate_5,candidate_3,5,0.028000000000000004
458,candidate_2,candidate_1,candidate_4,candidate_5,candidate_3,5,0.028000000000000004
459,candidate_2,candidate_1,candidate_4,candidate_5,candidate_3,5,0.028000000000000004
460,candidate_2,candidate_1,candidate_4,candidate_5,candidate_3,5,0.028000000000000004
461,candidate_2,candidate_1,candidate_4,candidate_5,0,5,0.028000000000000004
462,candidate_2,candidate_1,candidate_4,candidate_5,candidate_3,5,0.028000000000000004
463,candidate_2,candidate_1,candidate_4,candidate_5,candidate_3,5,0.028000000000000004
464,candidate_2,candidate_1,candidate_4,candidate_5,candidate_3,5,0.028000000000000004
465,candidate_2,candidate_1,candidate_4,candidate_5,candidate_3,5,0.028000000000000004
466,candidate_2,candidate_1,candidate_4,candidate_5,candidate_3,5,0.028000000000000004
467,candidate_2,candidate_1,candidate_4,candidate_5,candidate_3,5,0.028000000000000004
468,candidate_2,candidate_1,candidate_4,candidate_5,candidate_3,5,0.028000000000000004
469,candidate_2,candidate_1,candidate_4,candidate_5,candidate_3,5,0.028000000000000004
470,candidate_2,candidate_1,candidate_4,candidate_5,candidate_3,5,0.028000000000000004
471,candidate_2,candidate_1,candidate_4,candidate_5,candidate_3,5,0.028000000000000004
472,candidate_2,candidate_1,candidate_4,candidate_5,candidate_3,5,0.028000000000000004
473,candidate_2,candidate_1,candidate_4,candidate_5,candidate_3,5,0.028000000000000004
474,candidate_2,candidate_1,0,candidate_5,candidate_3,5,0.028000000000000004
475,candidate_2,candidate_1,candidate_4,candidate_5,candidate_3,5,0.028000000000000004
476,candidate_2,candidate_1,candidate_4,candidate_5,candidate_3,5,0.028000000000000004
477,candidate_2,candidate_1,candidate_4,candidate_5,candidate_3,5,0.028000000000000004
478,candidate_2,candidate_1,candidate_4,candidate_5,candidate_3,5,0.028000000000000004
479,candidate_2,candidate_1,candidate_4,candidate_5,candidate_3,5,0.028000000000000004
480,candidate_2,candidate_1,candidate_4,candidate_5,candidate_3,5,0.028000000000000004
481,candidate_2,candidate_1,candidate_4,candidate_5,candidate_3,5,0.028000000000000004
482,candidate_2,candidate_1,candidate_4,candidate_5,candidate_3,5,0.028000000000000004
483,candidate_2,candidate_1,0,candidate_5,candidate_3,5,0.028000000000000004
484,0,candidate_1,candidate_4,candidate_5,candidate_3,5,0.028000000000000004
485,candidate_2,candidate_1,candidate_4,candidate_5,candidate_3,5,0.028000000000000004
486,candidate_2,candidate_1,candidate_4,candidate_5,candidate_3,5,0.028000000000000004
487,candidate_2,candidate_1,candidate_4,candidate_5,candidate_3,5,0.028000000000000004
488,candidate_2,candidate_1,candidate_4,candidate_5,candidate_3,5,0.028000000000000004
489,candidate_2,candidate_1,candidate_4,candidate_5,candidate_3,5,0.028000000000000004
490,candidate_2,candidate_1,candidate_4,candidate_5,candidate_3,5,0.028000000000000004
491,candidate_2,candidate_1,candidate_4,candidate_5,candidate_3,5,0.028000000000000004
492,candidate_2,candidate_1,candidate_4,candidate_5,candidate_3,5,0.028000000000000004
493,candidate_2,candidate_1,candidate_4,candidate_5,candidate_3,5,0.028000000000000004
494,candidate_2,candidate_1,candidate_4,candidate_5,candidate_3,5,0.028000000000000004
495,candidate_2,candidate_1,candidate_4,candidate_5,candidate_3,5,0.028000000000000004
496,candidate_2,candidate_1,candidate_4,candidate_5,candidate_3,5,0.028000000000000004
497,candidate_2,candidate_1,candidate_4,candidate_5,candidate_3,5,0.028000000000000004
498,candidate_2,candidate_1,candidate_4,candidate_5,candidate_3,5,0.028000000000000004
499,candidate_2,candidate_1,candidate_4,candidate_5,candidate_3,5,0.028000000000000004
500,candidate_2,candidate_1,candidate_4,candidate_5,candidate_3,5,0.028000000000000004
501,candidate_2,candidate_1,candidate_4,candidate_5,candidate_3,5,0.028000000000000004
502,candidate_2,candidate_1,candidate_4,candidate_5,0,5,0.028000000000000004
503,candidate_2,candidate_1,candidate_4,candidate_5,candidate_3,5,0.028000000000000004
504,candidate_2,candidate_1,candidate_4,candidate_5,candidate_3,5,0.028000000000000004
505,candidate_2,candidate_1,candidate_4,candidate_5,candidate_3,5,0.028000000000000004
506,candidate_2,candidate_1,candidate_4,candidate_5,candidate_3,5,0.028000000000000004
507,candidate_2,candidate_1,candidate_4,candidate_5,candidate_3,5,0.028000000000000004
508,candidate_2,candidate_1,candidate_4,candidate_5,candidate_3,5,0.028000000000000004
509,candidate_2,candidate_1,candidate_4,candidate_5,candidate_3,5,0.028000000000000004
510,candidate_2,candidate_1,candidate_4,candidate_5,candidate_3,5,0.028000000000000004
511,candidate_2,candidate_1,candidate_4,candidate_5,candidate_3,5,0.028000000000000004
512,candidate_2,candidate_1,candidate_4,candidate_5,candidate_3,5,0.028000000000000004
513,candidate_2,candidate_1,0,candidate_5,candidate_3,5,0.028000000000000004
514,candidate_2,candidate_1,candidate_4,0,candidate_3,5,0.028000000000000004
515,candidate_2,candidate_1,candidate_4,candidate_5,candidate_3,5,0.028000000000000004
516,candidate_2,0,candidate_4,candidate_5,0,5,0.028000000000000004
517,candidate_2,candidate_1,candidate_4,candidate_5,candidate_3,5,0.028000000000000004
518,candidate_2,candidate_1,candidate_4,candidate_5,candidate_3,5,0.028000000000000004
519,candidate_2,candidate_1,candidate_4,candidate_5,candidate_3,5,0.028000000000000004
520,candidate_2,candidate_1,candidate_4,candidate_5,candidate_3,5,0.028000000000000004
521,candidate_2,candidate_1,candidate_4,candidate_5,candidate_3,5,0.028000000000000004
522,candidate_2,candidate_1,candidate_4,candidate_5,candidate_3,5,0.028000000000000004
523,candidate_2,candidate_1,candidate_4,candidate_5,candidate_3,5,0.028000000000000004
524,candidate_2,candidate_1,candidate_4,candidate_5,candidate_3,5,0.028000000000000004
525,candidate_2,candidate_1,candidate_4,candidate_5,candidate_3,5,0.028000000000000004
526,candidate_2,candidate_1,candidate_4,candidate_5,candidate_3,5,0.028000000000000004
527,candidate_2,candidate_1,candidate_4,candidate_5,candidate_3,5,0.028000000000000004
528,candidate_2,candidate_1,candidate_4,candidate_5,candidate_3,5,0.028000000000000004
529,candidate_2,candidate_1,candidate_4,candidate_5,candidate_3,5,0.028000000000000004
530,candidate_2,candidate_1,candidate_4,candidate_5,candidate_3,5,0.028000000000000004
531,candidate_2,candidate_1,candidate_4,candidate_5,candidate_3,5,0.028000000000000004
532,candidate_2,candidate_1,candidate_4,candidate_5,candidate_3,5,0.028000000000000004
533,candidate_2,candidate_1,candidate_4,0,candidate_3,5,0.028000000000000004
534,candidate_2,candidate_1,candidate_4,candidate_5,candidate_3,5,0.028000000000000004
535,0,candidate_1,candidate_4,candidate_5,candidate_3,5,0.028000000000000004
536,candidate_2,candidate_1,candidate_4,candidate_5,candidate_3,5,0.028000000000000004
537,candidate_2,candidate_1,candidate_4,candidate_5,candidate_3,5,0.028000000000000004
538,candidate_2,candidate_1,candidate_4,0,candidate_3,5,0.028000000000000004
539,candidate_2,candidate_1,candidate_4,candidate_5,candidate_3,5,0.028000000000000004
540,candidate_2,0,candidate_4,candidate_5,candidate_3,5,0.028000000000000004
541,candidate_2,candidate_1,candidate_4,0,candidate_3,5,0.028000000000000004
542,candidate_2,candidate_1,0,candidate_5,candidate_3,5,0.028000000000000004
543,candidate_2,candidate_1,candidate_4,candidate_5,candidate_3,5,0.028000000000000004
544,candidate_2,candidate_1,candidate_4,candidate_5,candidate_3,5,0.028000000000000004
545,candidate_2,candidate_1,candidate_4,candidate_5,candidate_3,5,0.028000000000000004
546,candidate_2,candidate_1,candidate_4,candidate_5,candidate_3,5,0.028000000000000004
547,candidate_2,candidate_1,candidate_4,candidate_5,candidate_3,5,0.028000000000000004
548,candidate_2,candidate_1,candidate_4,candidate_5,candidate_3,5,0.028000000000000004
549,candidate_2,candidate_1,candidate_4,candidate_5,candidate_3,5,0.028000000000000004
550,candidate_2,candidate_1,candidate_4,candidate_5,candidate_3,5,0.028000000000000004
551,candidate_2,candidate_1,candidate_4,candidate_5,candidate_3,5,0.028000000000000004
552,candidate_2,candidate_1,candidate_4,candidate_5,candidate_3,5,0.028000000000000004
553,candidate_2,candidate_1,candidate_4,candidate_5,candidate_3,5,0.028000000000000004
554,candidate_2,candidate_1,candidate_4,candidate_5,candidate_3,5,0.028000000000000004
555,candidate_2,candidate_1,candidate_4,candidate_5,candidate_3,5,0.028000000000000004
556,candidate_2,candidate_1,candidate_4,candidate_5,candidate_3,5,0.028000000000000004
557,candidate_2,candidate_1,candidate_4,candidate_5,candidate_3,5,0.028000000000000004
558,candidate_2,candidate_1,candidate_4,candidate_5,candidate_3,5,0.028000000000000004
559,candidate_2,candidate_1,candidate_4,candidate_5,candidate_3,5,0.028000000000000004
560,candidate_2,0,candidate_4,candidate_5,candidate_3,5,0.028000000000000004
561,candidate_2,candidate_1,candidate_4,candidate_5,candidate_3,5,0.028000000000000004
562,candidate_2,candidate_1,candidate_4,candidate_5,candidate_3,5,0.028000000000000004
563,candidate_2,candidate_1,candidate_4,candidate_5,candidate_3,5,0.028000000000000004
564,candidate_2,candidate_1,candidate_4,candidate_5,candidate_3,5,0.028000000000000004
565,candidate_2,candidate_1,candidate_4,candidate_5,candidate_3,5,0.028000000000000004
566,candidate_2,candidate_1,candidate_4,candidate_5,candidate_3,5,0.028000000000000004
567,candidate_2,candidate_1,candidate_4,candidate_5,candidate_3,5,0.028000000000000004
568,candidate_2,candidate_1,candidate_4,candidate_5,candidate_3,5,0.028000000000000004
569,candidate_2,candidate_1,candidate_4,candidate_5,candidate_3,5,0.028000000000000004
570,candidate_2,candidate_1,candidate_4,candidate_5,candidate_3,5,0.028000000000000004
571,candidate_2,candidate_1,candidate_4,candidate_5,candidate_3,5,0.028000000000000004
572,candidate_2,candidate_1,candidate_4,candidate_5,candidate_3,5,0.028000000000000004
573,candidate_2,candidate_1,candidate_4,candidate_5,candidate_3,5,0.028000000000000004
574,candidate_2,candidate_1,candidate_4,candidate_5,candidate_3,5,0.028000000000000004
575,candidate_2,candidate_1,candidate_4,candidate_5,candidate_3,5,0.028000000000000004
576,candidate_2,candidate_1,candidate_4,candidate_5,candidate_3,5,0.028000000000000004
577,candidate_2,candidate_1,candidate_4,candidate_5,candidate_3,5,0.028000000000000004
578,candidate_2,candidate_1,candidate_4,candidate_5,candidate_3,5,0.028000000000000004
579,candidate_2,candidate_1,candidate_4,candidate_5,candidate_3,5,0.028000000000000004
580,candidate_2,candidate_1,candidate_4,candidate_5,candidate_3,5,0.028000000000000004
581,candidate_2,candidate_1,candidate_4,candidate_5,candidate_3,5,0.028000000000000004
582,candidate_2,candidate_1,candidate_4,candidate_5,candidate_3,5,0.028000000000000004
583,candidate_2,candidate_1,candidate_4,0,candidate_3,5,0.028000000000000004
584,candidate_2,candidate_1,candidate_4,candidate_5,candidate_3,5,0.028000000000000004
585,candidate_2,candidate_1,candidate_4,candidate_5,0,5,0.028000000000000004
586,candidate_2,candidate_1,candidate_4,candidate_5,0,5,0.028000000000000004
587,candidate_2,candidate_1,candidate_4,candidate_5,candidate_3,5,0.028000000000000004
588,candidate_2,candidate_1,candidate_4,candidate_5,candidate_3,5,0.028000000000000004
589,candidate_2,candidate_1,candidate_4,candidate_5,candidate_3,5,0.028000000000000004
590,candidate_2,candidate_1,candidate_4,candidate_5,candidate_3,5,0.028000000000000004
591,candidate_2,candidate_1,candidate_4,candidate_5,candidate_3,5,0.028000000000000004
592,candidate_2,candidate_1,candidate_4,candidate_5,0,5,0.028000000000000004
593,candidate_2,candidate_1,candidate_4,candidate_5,candidate_3,5,0.028000000000000004
594,candidate_2,candidate_1,candidate_4,candidate_5,candidate_3,5,0.028000000000000004
595,candidate_2,candidate_1,candidate_4,candidate_5,candidate_3,5,0.028000000000000004
596,candidate_2,candidate_1,candidate_4,candidate_5,candidate_3,5,0.028000000000000004
597,candidate_2,candidate_1,candidate_4,candidate_5,candidate_3,5,0.028000000000000004
598,candidate_2,candidate_1,candidate_4,candidate_5,candidate_3,5,0.028000000000000004
599,candidate_2,candidate_1,candidate_4,candidate_5,candidate_3,5,0.028000000000000004
600,candidate_2,candidate_1,candidate_4,candidate_5,candidate_3,5,0.028000000000000004
601,candidate_2,candidate_1,candidate_4,candidate_5,candidate_3,5,0.028000000000000004
602,candidate_2,candidate_1,candidate_4,candidate_5,candidate_3,5,0.028000000000000004
603,candidate_2,candidate_1,candidate_4,candidate_5,candidate_3,5,0.028000000000000004
604,candidate_2,candidate_1,candidate_4,candidate_5,candidate_3,5,0.028000000000000004
605,candidate_2,candidate_1,candidate_4,candidate_5,candidate_3,5,0.028000000000000004
606,candidate_2,candidate_1,candidate_4,candidate_5,candidate_3,5,0.028000000000000004
607,candidate_2,candidate_1,candidate_4,candidate_5,candidate_3,5,0.028000000000000004
608,candidate_2,candidate_1,candidate_4,candidate_5,candidate_3,5,0.028000000000000004
0,candidate_2,candidate_1,candidate_5,candidate_3,candidate_4,5,0.028000000000000004
1,candidate_2,candidate_1,candidate_5,candidate_3,candidate_4,5,0.028000000000000004
2,candidate_2,candidate_1,candidate_5,candidate_3,candidate_4,5,0.028000000000000004
3,candidate_2,candidate_1,candidate_5,candidate_3,candidate_4,5,0.028000000000000004
4,candidate_2,candidate_1,candidate_5,0,candidate_4,5,0.028000000000000004
5,candidate_2,candidate_1,0,candidate_3,candidate_4,5,0.028000000000000004
6,candidate_2,candidate_1,candidate_5,candidate_3,candidate_4,5,0.028000000000000004
7,candidate_2,candidate_1,candidate_5,candidate_3,candidate_4,5,0.028000000000000004
8,candidate_2,candidate_1,candidate_5,candidate_3,candidate_4,5,0.028000000000000004
9,candidate_2,candidate_1,candidate_5,candidate_3,candidate_4,5,0.028000000000000004
10,candidate_2,candidate_1,candidate_5,candidate_3,candidate_4,5,0.028000000000000004
11,candidate_2,candidate_1,candidate_5,candidate_3,candidate_4,5,0.028000000000000004
12,candidate_2,candidate_1,candidate_5,candidate_3,candidate_4,5,0.028000000000000004
13,candidate_2,candidate_1,candidate_5,candidate_3,candidate_4,5,0.028000000000000004
14,candidate_2,candidate_1,candidate_5,candidate_3,candidate_4,5,0.028000000000000004
15,candidate_2,candidate_1,candidate_5,candidate_3,candidate_4,5,0.028000000000000004
16,candidate_2,candidate_1,candidate_5,candidate_3,candidate_4,5,0.028000000000000004
17,candidate_2,candidate_1,candidate_5,candidate_3,candidate_4,5,0.028000000000000004
18,candidate_2,candidate_1,candidate_5,candidate_3,candidate_4,5,0.028000000000000004
19,candidate_2,candidate_1,candidate_5,candidate_3,0,5,0.028000000000000004
20,candidate_2,candidate_1,candidate_5,0,candidate_4,5,0.028000000000000004
21,candidate_2,candidate_1,candidate_5,candidate_3,candidate_4,5,0.028000000000000004
22,candidate_2,candidate_1,candidate_5,candidate_3,candidate_4,5,0.028000000000000004
23,0,candidate_1,candidate_5,candidate_3,candidate_4,5,0.028000000000000004
24,candidate_2,candidate_1,candidate_5,candidate_3,0,5,0.028000000000000004
25,candidate_2,candidate_1,candidate_5,candidate_3,candidate_4,5,0.028000000000000004
26,candidate_2,candidate_1,candidate_5,candidate_3,candidate_4,5,0.028000000000000004
27,candidate_2,0,candidate_5,candidate_3,candidate_4,5,0.028000000000000004
28,candidate_2,candidate_1,candidate_5,candidate_3,candidate_4,5,0.028000000000000004
29,candidate_2,candidate_1,candidate_5,candidate_3,candidate_4,5,0.028000000000000004
30,candidate_2,candidate_1,candidate_5,candidate_3,candidate_4,5,0.028000000000000004
31,candidate_2,candidate_1,candidate_5,candidate_3,candidate_4,5,0.028000000000000004
32,candidate_2,candidate_1,candidate_5,candidate_3,candidate_4,5,0.028000000000000004
33,candidate_2,candidate_1,candidate_5,candidate_3,candidate_4,5,0.028000000000000004
34,candidate_2,candidate_1,candidate_5,candidate_3,candidate_4,5,0.028000000000000004
35,candidate_2,candidate_1,candidate_5,candidate_3,candidate_4,5,0.028000000000000004
36,candidate_2,candidate_1,candidate_5,candidate_3,candidate_4,5,0.028000000000000004
37,candidate_2,candidate_1,candidate_5,candidate_3,candidate_4,5,0.028000000000000004
38,candidate_2,candidate_1,candidate_5,candidate_3,candidate_4,5,0.028000000000000004
39,candidate_2,candidate_1,candidate_5,candidate_3,candidate_4,5,0.028000000000000004
40,candidate_2,candidate_1,candidate_5,candidate_3,candidate_4,5,0.028000000000000004
41,candidate_2,candidate_1,candidate_5,candidate_3,candidate_4,5,0.028000000000000004
42,candidate_2,candidate_1,candidate_5,candidate_3,candidate_4,5,0.028000000000000004
43,candidate_2,candidate_1,candidate_5,candidate_3,candidate_4,5,0.028000000000000004
44,candidate_2,candidate_1,candidate_5,candidate_3,candidate_4,5,0.028000000000000004
45,candidate_2,candidate_1,candidate_5,candidate_3,candidate_4,5,0.028000000000000004
46,candidate_2,candidate_1,candidate_5,candidate_3,candidate_4,5,0.028000000000000004
47,candidate_2,candidate_1,candidate_5,0,candidate_4,5,0.028000000000000004
48,0,candidate_1,candidate_5,candidate_3,candidate_4,5,0.028000000000000004
49,candidate_2,candidate_1,candidate_5,candidate_3,candidate_4,5,0.028000000000000004
50,candidate_2,candidate_1,candidate_5,candidate_3,candidate_4,5,0.028000000000000004
51,candidate_2,candidate_1,candidate_5,candidate_3,candidate_4,5,0.028000000000000004
52,candidate_2,candidate_1,candidate_5,candidate_3,candidate_4,5,0.028000000000000004
53,candidate_2,candidate_1,candidate_5,candidate_3,candidate_4,5,0.028000000000000004
54,candidate_2,candidate_1,candidate_5,candidate_3,candidate_4,5,0.028000000000000004
55,candidate_2,candidate_1,candidate_5,candidate_3,candidate_4,5,0.028000000000000004
56,candidate_2,candidate_1,candidate_5,candidate_3,candidate_4,5,0.028000000000000004
57,0,candidate_1,candidate_5,candidate_3,candidate_4,5,0.028000000000000004
58,candidate_2,candidate_1,candidate_5,candidate_3,candidate_4,5,0.028000000000000004
59,candidate_2,candidate_1,candidate_5,candidate_3,candidate_4,5,0.028000000000000004
60,candidate_2,candidate_1,candidate_5,0,candidate_4,5,0.028000000000000004
61,candidate_2,candidate_1,candidate_5,candidate_3,candidate_4,5,0.028000000000000004
62,candidate_2,candidate_1,candidate_5,candidate_3,candidate_4,5,0.028000000000000004
63,candidate_2,candidate_1,candidate_5,candidate_3,candidate_4,5,0.028000000000000004
64,candidate_2,candidate_1,candidate_5,candidate_3,candidate_4,5,0.028000000000000004
65,candidate_2,candidate_1,candidate_5,candidate_3,candidate_4,5,0.028000000000000004
66,candidate_2,candidate_1,candidate_5,candidate_3,candidate_4,5,0.028000000000000004
67,candidate_2,candidate_1,candidate_5,candidate_3,candidate_4,5,0.028000000000000004
68,candidate_2,candidate_1,candidate_5,candidate_3,candidate_4,5,0.028000000000000004
69,candidate_2,candidate_1,candidate_5,candidate_3,candidate_4,5,0.028000000000000004
70,candidate_2,candidate_1,candidate_5,candidate_3,candidate_4,5,0.028000000000000004
71,candidate_2,candidate_1,candidate_5,candidate_3,candidate_4,5,0.028000000000000004
72,0,candidate_1,candidate_5,candidate_3,candidate_4,5,0.028000000000000004
73,candidate_2,candidate_1,candidate_5,candidate_3,candidate_4,5,0.028000000000000004
74,candidate_2,candidate_1,candidate_5,candidate_3,candidate_4,5,0.028000000000000004
75,candidate_2,candidate_1,candidate_5,candidate_3,candidate_4,5,0.028000000000000004
76,candidate_2,candidate_1,candidate_5,candidate_3,candidate_4,5,0.028000000000000004
77,candidate_2,candidate_1,candidate_5,candidate_3,candidate_4,5,0.028000000000000004
78,candidate_2,candidate_1,candidate_5,candidate_3,candidate_4,5,0.028000000000000004
79,candidate_2,candidate_1,0,candidate_3,candidate_4,5,0.028000000000000004
80,candidate_2,candidate_1,0,candidate_3,candidate_4,5,0.028000000000000004
81,candidate_2,candidate_1,candidate_5,candidate_3,candidate_4,5,0.028000000000000004
82,candidate_2,candidate_1,candidate_5,candidate_3,0,5,0.028000000000000004
83,candidate_2,candidate_1,candidate_5,candidate_3,candidate_4,5,0.028000000000000004
84,candidate_2,candidate_1,candidate_5,candidate_3,candidate_4,5,0.028000000000000004
85,candidate_2,candidate_1,candidate_5,candidate_3,candidate_4,5,0.028000000000000004
86,candidate_2,candidate_1,candidate_5,candidate_3,candidate_4,5,0.028000000000000004
87,candidate_2,candidate_1,candidate_5,candidate_3,0,5,0.028000000000000004
88,candidate_2,candidate_1,0,candidate_3,candidate_4,5,0.028000000000000004
89,candidate_2,candidate_1,candidate_5,candidate_3,candidate_4,5,0.028000000000000004
90,candidate_2,candidate_1,candidate_5,candidate_3,candidate_4,5,0.028000000000000004
91,candidate_2,candidate_1,candidate_5,candidate_3,candidate_4,5,0.028000000000000004
92,candidate_2,candidate_1,candidate_5,candidate_3,candidate_4,5,0.028000000000000004
93,candidate_2,candidate_1,candidate_5,candidate_3,candidate_4,5,0.028000000000000004
94,candidate_2,candidate_1,candidate_5,0,candidate_4,5,0.028000000000000004
95,candidate_2,candidate_1,candidate_5,candidate_3,candidate_4,5,0.028000000000000004
96,candidate_2,candidate_1,candidate_5,candidate_3,candidate_4,5,0.028000000000000004
97,candidate_2,candidate_1,candidate_5,candidate_3,candidate_4,5,0.028000000000000004
98,candidate_2,candidate_1,candidate_5,candidate_3,candidate_4,5,0.028000000000000004
99,candidate_2,candidate_1,candidate_5,candidate_3,candidate_4,5,0.028000000000000004
100,candidate_2,candidate_1,candidate_5,candidate_3,candidate_4,5,0.028000000000000004
101,0,candidate_1,candidate_5,candidate_3,candidate_4,5,0.028000000000000004
102,candidate_2,candidate_1,candidate_5,candidate_3,candidate_4,5,0.028000000000000004
103,candidate_2,0,candidate_5,candidate_3,candidate_4,5,0.028000000000000004
104,candidate_2,candidate_1,candidate_5,candidate_3,candidate_4,5,0.028000000000000004
105,candidate_2,candidate_1,candidate_5,candidate_3,candidate_4,5,0.028000000000000004
106,candidate_2,candidate_1,candidate_5,candidate_3,candidate_4,5,0.028000000000000004
107,candidate_2,candidate_1,candidate_5,candidate_3,candidate_4,5,0.028000000000000004
108,candidate_2,candidate_1,candidate_5,candidate_3,candidate_4,5,0.028000000000000004
109,candidate_2,candidate_1,candidate_5,candidate_3,candidate_4,5,0.028000000000000004
110,candidate_2,candidate_1,candidate_5,candidate_3,candidate_4,5,0.028000000000000004
111,candidate_2,candidate_1,candidate_5,candidate_3,candidate_4,5,0.028000000000000004
112,candidate_2,candidate_1,candidate_5,candidate_3,0,5,0.028000000000000004
113,candidate_2,candidate_1,candidate_5,candidate_3,candidate_4,5,0.028000000000000004
114,candidate_2,candidate_1,candidate_5,candidate_3,candidate_4,5,0.028000000000000004
115,candidate_2,candidate_1,candidate_5,candidate_3,candidate_4,5,0.028000000000000004
116,candidate_2,candidate_1,candidate_5,candidate_3,candidate_4,5,0.028000000000000004
117,candidate_2,candidate_1,candidate_5,candidate_3,candidate_4,5,0.028000000000000004
118,candidate_2,candidate_1,candidate_5,candidate_3,candidate_4,5,0.028000000000000004
119,candidate_2,candidate_1,candidate_5,candidate_3,candidate_4,5,0.028000000000000004
120,candidate_2,candidate_1,candidate_5,candidate_3,candidate_4,5,0.028000000000000004
121,candidate_2,candidate_1,candidate_5,candidate_3,candidate_4,5,0.028000000000000004
122,candidate_2,candidate_1,candidate_5,candidate_3,candidate_4,5,0.028000000000000004
123,candidate_2,candidate_1,candidate_5,candidate_3,candidate_4,5,0.028000000000000004
124,candidate_2,candidate_1,candidate_5,candidate_3,candidate_4,5,0.028000000000000004
125,candidate_2,candidate_1,candidate_5,candidate_3,candidate_4,5,0.028000000000000004
126,candidate_2,candidate_1,candidate_5,candidate_3,candidate_4,5,0.028000000000000004
127,candidate_2,candidate_1,candidate_5,candidate_3,candidate_4,5,0.028000000000000004
128,candidate_2,candidate_1,candidate_5,candidate_3,candidate_4,5,0.028000000000000004
129,candidate_2,candidate_1,candidate_5,candidate_3,candidate_4,5,0.028000000000000004
130,candidate_2,candidate_1,candidate_5,candidate_3,candidate_4,5,0.028000000000000004
131,candidate_2,candidate_1,candidate_5,candidate_3,candidate_4,5,0.028000000000000004
132,candidate_2,candidate_1,candidate_5,candidate_3,candidate_4,5,0.028000000000000004
133,candidate_2,candidate_1,candidate_5,candidate_3,candidate_4,5,0.028000000000000004
134,candidate_2,candidate_1,candidate_5,candidate_3,candidate_4,5,0.028000000000000004
135,candidate_2,candidate_1,candidate_5,candidate_3,candidate_4,5,0.028000000000000004
136,candidate_2,candidate_1,candidate_5,candidate_3,candidate_4,5,0.028000000000000004
137,candidate_2,candidate_1,candidate_5,candidate_3,candidate_4,5,0.028000000000000004
138,candidate_2,candidate_1,candidate_5,candidate_3,candidate_4,5,0.028000000000000004
139,candidate_2,candidate_1,candidate_5,candidate_3,candidate_4,5,0.028000000000000004
140,candidate_2,candidate_1,candidate_5,candidate_3,candidate_4,5,0.028000000000000004
141,candidate_2,candidate_1,candidate_5,candidate_3,candidate_4,5,0.028000000000000004
142,candidate_2,candidate_1,candidate_5,candidate_3,candidate_4,5,0.028000000000000004
143,candidate_2,candidate_1,candidate_5,candidate_3,candidate_4,5,0.028000000000000004
144,candidate_2,candidate_1,candidate_5,candidate_3,candidate_4,5,0.028000000000000004
145,candidate_2,0,candidate_5,candidate_3,0,5,0.028000000000000004
146,candidate_2,candidate_1,candidate_5,candidate_3,candidate_4,5,0.028000000000000004
147,candidate_2,candidate_1,candidate_5,candidate_3,candidate_4,5,0.028000000000000004
148,candidate_2,candidate_1,candidate_5,candidate_3,candidate_4,5,0.028000000000000004
149,candidate_2,candidate_1,candidate_5,candidate_3,candidate_4,5,0.028000000000000004
150,candidate_2,candidate_1,candidate_5,candidate_3,candidate_4,5,0.028000000000000004
151,candidate_2,candidate_1,candidate_5,candidate_3,candidate_4,5,0.028000000000000004
152,candidate_2,candidate_1,candidate_5,candidate_3,candidate_4,5,0.028000000000000004
153,candidate_2,candidate_1,candidate_5,candidate_3,candidate_4,5,0.028000000000000004
154,candidate_2,candidate_1,candidate_5,candidate_3,candidate_4,5,0.028000000000000004
155,candidate_2,candidate_1,0,candidate_3,candidate_4,5,0.028000000000000004
156,candidate_2,candidate_1,candidate_5,candidate_3,candidate_4,5,0.028000000000000004
157,candidate_2,candidate_1,candidate_5,candidate_3,candidate_4,5,0.028000000000000004
158,candidate_2,candidate_1,candidate_5,candidate_3,0,5,0.028000000000000004
159,candidate_2,candidate_1,candidate_5,candidate_3,candidate_4,5,0.028000000000000004
160,candidate_2,candidate_1,candidate_5,candidate_3,candidate_4,5,0.028000000000000004
161,candidate_2,candidate_1,candidate_5,candidate_3,candidate_4,5,0.028000000000000004
162,candidate_2,candidate_1,candidate_5,candidate_3,candidate_4,5,0.028000000000000004
163,candidate_2,candidate_1,candidate_5,candidate_3,candidate_4,5,0.028000000000000004
164,candidate_2,candidate_1,candidate_5,candidate_3,candidate_4,5,0.028000000000000004
165,candidate_2,candidate_1,candidate_5,candidate_3,candidate_4,5,0.028000000000000004
166,candidate_2,candidate_1,candidate_5,candidate_3,candidate_4,5,0.028000000000000004
167,candidate_2,candidate_1,candidate_5,candidate_3,candidate_4,5,0.028000000000000004
168,candidate_2,candidate_1,candidate_5,candidate_3,candidate_4,5,0.028000000000000004
169,candidate_2,candidate_1,candidate_5,candidate_3,candidate_4,5,0.028000000000000004
170,candidate_2,candidate_1,candidate_5,candidate_3,candidate_4,5,0.028000000000000004
171,candidate_2,candidate_1,candidate_5,candidate_3,candidate_4,5,0.028000000000000004
172,candidate_2,candidate_1,candidate_5,candidate_3,candidate_4,5,0.028000000000000004
173,candidate_2,candidate_1,candidate_5,candidate_3,candidate_4,5,0.028000000000000004
174,candidate_2,candidate_1,candidate_5,candidate_3,candidate_4,5,0.028000000000000004
175,candidate_2,candidate_1,candidate_5,candidate_3,candidate_4,5,0.028000000000000004
176,candidate_2,candidate_1,candidate_5,candidate_3,candidate_4,5,0.028000000000000004
177,0,candidate_1,candidate_5,candidate_3,candidate_4,5,0.028000000000000004
178,candidate_2,candidate_1,candidate_5,candidate_3,candidate_4,5,0.028000000000000004
179,candidate_2,candidate_1,candidate_5,candidate_3,candidate_4,5,0.028000000000000004
180,0,candidate_1,0,0,candidate_4,5,0.028000000000000004
181,candidate_2,candidate_1,candidate_5,candidate_3,candidate_4,5,0.028000000000000004
182,candidate_2,candidate_1,candidate_5,candidate_3,candidate_4,5,0.028000000000000004
183,candidate_2,candidate_1,candidate_5,candidate_3,candidate_4,5,0.028000000000000004
184,candidate_2,candidate_1,candidate_5,candidate_3,candidate_4,5,0.028000000000000004
185,candidate_2,candidate_1,candidate_5,candidate_3,candidate_4,5,0.028000000000000004
186,candidate_2,candidate_1,candidate_5,candidate_3,candidate_4,5,0.028000000000000004
187,candidate_2,candidate_1,candidate_5,candidate_3,candidate_4,5,0.028000000000000004
188,candidate_2,candidate_1,candidate_5,candidate_3,candidate_4,5,0.028000000000000004
189,candidate_2,candidate_1,candidate_5,candidate_3,candidate_4,5,0.028000000000000004
190,candidate_2,candidate_1,candidate_5,candidate_3,candidate_4,5,0.028000000000000004
191,candidate_2,candidate_1,candidate_5,candidate_3,candidate_4,5,0.028000000000000004
192,candidate_2,candidate_1,candidate_5,candidate_3,candidate_4,5,0.028000000000000004
193,candidate_2,candidate_1,candidate_5,candidate_3,candidate_4,5,0.028000000000000004
194,candidate_2,candidate_1,candidate_5,candidate_3,candidate_4,5,0.028000000000000004
195,candidate_2,candidate_1,candidate_5,candidate_3,candidate_4,5,0.028000000000000004
196,candidate_2,candidate_1,candidate_5,candidate_3,candidate_4,5,0.028000000000000004
197,candidate_2,0,candidate_5,candidate_3,candidate_4,5,0.028000000000000004
198,candidate_2,candidate_1,candidate_5,candidate_3,candidate_4,5,0.028000000000000004
199,candidate_2,candidate_1,candidate_5,candidate_3,candidate_4,5,0.028000000000000004
200,candidate_2,candidate_1,candidate_5,candidate_3,candidate_4,5,0.028000000000000004
201,candidate_2,candidate_1,candidate_5,candidate_3,candidate_4,5,0.028000000000000004
202,candidate_2,candidate_1,candidate_5,candidate_3,candidate_4,5,0.028000000000000004
203,candidate_2,candidate_1,candidate_5,candidate_3,candidate_4,5,0.028000000000000004
204,candidate_2,candidate_1,candidate_5,candidate_3,candidate_4,5,0.028000000000000004
205,candidate_2,candidate_1,candidate_5,candidate_3,candidate_4,5,0.028000000000000004
206,candidate_2,candidate_1,candidate_5,candidate_3,candidate_4,5,0.028000000000000004
207,candidate_2,0,candidate_5,candidate_3,candidate_4,5,0.028000000000000004
208,candidate_2,candidate_1,candidate_5,candidate_3,candidate_4,5,0.028000000000000004
209,candidate_2,candidate_1,candidate_5,candidate_3,candidate_4,5,0.028000000000000004
210,candidate_2,candidate_1,0,candidate_3,0,5,0.028000000000000004
211,candidate_2,candidate_1,candidate_5,candidate_3,candidate_4,5,0.028000000000000004
212,candidate_2,candidate_1,candidate_5,candidate_3,candidate_4,5,0.028000000000000004
213,candidate_2,candidate_1,0,candidate_3,candidate_4,5,0.028000000000000004
214,candidate_2,candidate_1,candidate_5,candidate_3,candidate_4,5,0.028000000000000004
215,candidate_2,candidate_1,candidate_5,candidate_3,candidate_4,5,0.028000000000000004
216,candidate_2,candidate_1,candidate_5,candidate_3,candidate_4,5,0.028000000000000004
217,candidate_2,candidate_1,candidate_5,candidate_3,candidate_4,5,0.028000000000000004
218,candidate_2,candidate_1,candidate_5,candidate_3,0,5,0.028000000000000004
219,0,candidate_1,candidate_5,candidate_3,candidate_4,5,0.028000000000000004
220,candidate_2,candidate_1,candidate_5,candidate_3,0,5,0.028000000000000004
221,candidate_2,candidate_1,candidate_5,candidate_3,candidate_4,5,0.028000000000000004
222,candidate_2,candidate_1,candidate_5,candidate_3,candidate_4,5,0.028000000000000004
223,candidate_2,candidate_1,candidate_5,candidate_3,candidate_4,5,0.028000000000000004
224,candidate_2,candidate_1,candidate_5,candidate_3,candidate_4,5,0.028000000000000004
225,candidate_2,candidate_1,candidate_5,candidate_3,candidate_4,5,0.028000000000000004
226,candidate_2,candidate_1,candidate_5,candidate_3,candidate_4,5,0.028000000000000004
227,candidate_2,candidate_1,candidate_5,candidate_3,candidate_4,5,0.028000000000000004
228,candidate_2,0,candidate_5,candidate_3,candidate_4,5,0.028000000000000004
229,candidate_2,candidate_1,candidate_5,candidate_3,candidate_4,5,0.028000000000000004
230,candidate_2,candidate_1,candidate_5,candidate_3,candidate_4,5,0.028000000000000004
231,candidate_2,candidate_1,candidate_5,candidate_3,candidate_4,5,0.028000000000000004
232,candidate_2,candidate_1,candidate_5,candidate_3,candidate_4,5,0.028000000000000004
233,candidate_2,0,candidate_5,candidate_3,candidate_4,5,0.028000000000000004
234,candidate_2,candidate_1,candidate_5,candidate_3,candidate_4,5,0.028000000000000004
235,candidate_2,candidate_1,candidate_5,candidate_3,candidate_4,5,0.028000000000000004
236,candidate_2,candidate_1,candidate_5,candidate_3,0,5,0.028000000000000004
237,candidate_2,candidate_1,candidate_5,candidate_3,candidate_4,5,0.028000000000000004
238,candidate_2,candidate_1,candidate_5,candidate_3,candidate_4,5,0.028000000000000004
239,candidate_2,candidate_1,candidate_5,candidate_3,candidate_4,5,0.028000000000000004
240,candidate_2,candidate_1,candidate_5,candidate_3,candidate_4,5,0.028000000000000004
241,candidate_2,candidate_1,candidate_5,candidate_3,candidate_4,5,0.028000000000000004
242,candidate_2,candidate_1,candidate_5,candidate_3,candidate_4,5,0.028000000000000004
243,candidate_2,candidate_1,candidate_5,candidate_3,candidate_4,5,0.028000000000000004
244,candidate_2,candidate_1,candidate_5,candidate_3,candidate_4,5,0.028000000000000004
245,candidate_2,candidate_1,candidate_5,0,candidate_4,5,0.028000000000000004
246,candidate_2,candidate_1,candidate_5,candidate_3,candidate_4,5,0.028000000000000004
247,candidate_2,candidate_1,candidate_5,candidate_3,candidate_4,5,0.028000000000000004
248,candidate_2,candidate_1,candidate_5,candidate_3,candidate_4,5,0.028000000000000004
249,candidate_2,candidate_1,candidate_5,candidate_3,candidate_4,5,0.028000000000000004
250,candidate_2,candidate_1,candidate_5,candidate_3,candidate_4,5,0.028000000000000004
251,candidate_2,candidate_1,candidate_5,candidate_3,candidate_4,5,0.028000000000000004
252,candidate_2,candidate_1,candidate_5,candidate_3,candidate_4,5,0.028000000000000004
253,candidate_2,candidate_1,candidate_5,0,candidate_4,5,0.028000000000000004
254,0,candidate_1,candidate_5,candidate_3,candidate_4,5,0.028000000000000004
255,candidate_2,candidate_1,candidate_5,candidate_3,candidate_4,5,0.028000000000000004
256,candidate_2,candidate_1,candidate_5,candidate_3,candidate_4,5,0.028000000000000004
257,candidate_2,candidate_1,candidate_5,candidate_3,candidate_4,5,0.028000000000000004
258,candidate_2,candidate_1,candidate_5,candidate_3,candidate_4,5,0.028000000000000004
259,candidate_2,candidate_1,candidate_5,candidate_3,candidate_4,5,0.028000000000000004
260,candidate_2,candidate_1,candidate_5,candidate_3,candidate_4,5,0.028000000000000004
261,candidate_2,candidate_1,candidate_5,candidate_3,candidate_4,5,0.028000000000000004
262,candidate_2,candidate_1,candidate_5,candidate_3,candidate_4,5,0.028000000000000004
263,candidate_2,candidate_1,candidate_5,candidate_3,candidate_4,5,0.028000000000000004
264,candidate_2,candidate_1,candidate_5,candidate_3,candidate_4,5,0.028000000000000004
265,candidate_2,candidate_1,candidate_5,candidate_3,candidate_4,5,0.028000000000000004
266,candidate_2,candidate_1,candidate_5,candidate_3,candidate_4,5,0.028000000000000004
267,candidate_2,candidate_1,candidate_5,candidate_3,candidate_4,5,0.028000000000000004
268,candidate_2,candidate_1,candidate_5,candidate_3,candidate_4,5,0.028000000000000004
269,candidate_2,candidate_1,candidate_5,candidate_3,candidate_4,5,0.028000000000000004
270,0,candidate_1,candidate_5,candidate_3,candidate_4,5,0.028000000000000004
271,candidate_2,candidate_1,candidate_5,candidate_3,candidate_4,5,0.028000000000000004
272,candidate_2,candidate_1,candidate_5,candidate_3,candidate_4,5,0.028000000000000004
273,candidate_2,candidate_1,candidate_5,candidate_3,candidate_4,5,0.028000000000000004
274,candidate_2,candidate_1,candidate_5,candidate_3,candidate_4,5,0.028000000000000004
275,candidate_2,candidate_1,candidate_5,candidate_3,candidate_4,5,0.028000000000000004
276,candidate_2,candidate_1,candidate_5,candidate_3,candidate_4,5,0.028000000000000004
277,candidate_2,candidate_1,candidate_5,candidate_3,candidate_4,5,0.028000000000000004
278,candidate_2,candidate_1,candidate_5,candidate_3,candidate_4,5,0.028000000000000004
279,candidate_2,candidate_1,0,candidate_3,candidate_4,5,0.028000000000000004
280,candidate_2,candidate_1,candidate_5,0,candidate_4,5,0.028000000000000004
281,candidate_2,candidate_1,candidate_5,candidate_3,candidate_4,5,0.028000000000000004
282,candidate_2,0,candidate_5,candidate_3,candidate_4,5,0.028000000000000004
283,candidate_2,candidate_1,candidate_5,candidate_3,candidate_4,5,0.028000000000000004
284,candidate_2,candidate_1,candidate_5,candidate_3,candidate_4,5,0.028000000000000004
285,candidate_2,candidate_1,candidate_5,candidate_3,candidate_4,5,0.028000000000000004
286,candidate_2,candidate_1,candidate_5,candidate_3,candidate_4,5,0.028000000000000004
287,candidate_2,candidate_1,candidate_5,candidate_3,candidate_4,5,0.028000000000000004
288,candidate_2,candidate_1,candidate_5,0,candidate_4,5,0.028000000000000004
289,candidate_2,candidate_1,candidate_5,candidate_3,candidate_4,5,0.028000000000000004
290,candidate_2,candidate_1,candidate_5,candidate_3,candidate_4,5,0.028000000000000004
291,candidate_2,candidate_1,candidate_5,candidate_3,candidate_4,5,0.028000000000000004
292,candidate_2,candidate_1,candidate_5,candidate_3,candidate_4,5,0.028000000000000004
293,candidate_2,candidate_1,candidate_5,candidate_3,candidate_4,5,0.028000000000000004
294,candidate_2,candidate_1,0,candidate_3,candidate_4,5,0.028000000000000004
295,candidate_2,candidate_1,candidate_5,candidate_3,candidate_4,5,0.028000000000000004
296,candidate_2,candidate_1,candidate_5,candidate_3,candidate_4,5,0.028000000000000004
297,candidate_2,candidate_1,candidate_5,candidate_3,candidate_4,5,0.028000000000000004
298,candidate_2,candidate_1,candidate_5,candidate_3,candidate_4,5,0.028000000000000004
299,candidate_2,candidate_1,candidate_5,candidate_3,candidate_4,5,0.028000000000000004
300,candidate_2,candidate_1,candidate_5,candidate_3,candidate_4,5,0.028000000000000004
301,candidate_2,candidate_1,candidate_5,candidate_3,candidate_4,5,0.028000000000000004
302,candidate_2,candidate_1,candidate_5,candidate_3,candidate_4,5,0.028000000000000004
303,0,candidate_1,candidate_5,candidate_3,candidate_4,5,0.028000000000000004
304,candidate_2,candidate_1,candidate_5,candidate_3,candidate_4,5,0.028000000000000004
305,candidate_2,candidate_1,candidate_5,candidate_3,candidate_4,5,0.028000000000000004
306,candidate_2,candidate_1,candidate_5,candidate_3,candidate_4,5,0.028000000000000004
307,candidate_2,candidate_1,candidate_5,candidate_3,candidate_4,5,0.028000000000000004
308,candidate_2,candidate_1,candidate_5,candidate_3,candidate_4,5,0.028000000000000004
309,candidate_2,candidate_1,candidate_5,candidate_3,candidate_4,5,0.028000000000000004
310,candidate_2,candidate_1,candidate_5,candidate_3,candidate_4,5,0.028000000000000004
311,candidate_2,candidate_1,candidate_5,candidate_3,candidate_4,5,0.028000000000000004
312,candidate_2,candidate_1,candidate_5,candidate_3,candidate_4,5,0.028000000000000004
313,candidate_2,candidate_1,candidate_5,candidate_3,candidate_4,5,0.028000000000000004
314,candidate_2,candidate_1,candidate_5,candidate_3,candidate_4,5,0.028000000000000004
315,candidate_2,candidate_1,candidate_5,candidate_3,0,5,0.028000000000000004
316,candidate_2,candidate_1,candidate_5,candidate_3,candidate_4,5,0.028000000000000004
317,candidate_2,candidate_1,candidate_5,candidate_3,candidate_4,5,0.028000000000000004
318,candidate_2,candidate_1,candidate_5,candidate_3,candidate_4,5,0.028000000000000004
319,candidate_2,candidate_1,candidate_5,candidate_3,candidate_4,5,0.028000000000000004
320,candidate_2,candidate_1,candidate_5,candidate_3,candidate_4,5,0.028000000000000004
321,candidate_2,candidate_1,candidate_5,candidate_3,candidate_4,5,0.028000000000000004
322,candidate_2,candidate_1,candidate_5,candidate_3,candidate_4,5,0.028000000000000004
323,candidate_2,candidate_1,candidate_5,candidate_3,candidate_4,5,0.028000000000000004
324,candidate_2,candidate_1,candidate_5,candidate_3,candidate_4,5,0.028000000000000004
325,candidate_2,candidate_1,candidate_5,candidate_3,candidate_4,5,0.028000000000000004
326,candidate_2,candidate_1,candidate_5,candidate_3,candidate_4,5,0.028000000000000004
327,candidate_2,candidate_1,candidate_5,candidate_3,candidate_4,5,0.028000000000000004
328,candidate_2,candidate_1,candidate_5,candidate_3,candidate_4,5,0.028000000000000004
329,candidate_2,candidate_1,candidate_5,candidate_3,candidate_4,5,0.028000000000000004
330,candidate_2,candidate_1,candidate_5,candidate_3,candidate_4,5,0.028000000000000004
331,candidate_2,candidate_1,0,candidate_3,candidate_4,5,0.028000000000000004
332,candidate_2,candidate_1,candidate_5,0,candidate_4,5,0.028000000000000004
333,candidate_2,candidate_1,candidate_5,candidate_3,candidate_4,5,0.028000000000000004
334,candidate_2,candidate_1,candidate_5,candidate_3,candidate_4,5,0.028000000000000004
335,candidate_2,candidate_1,candidate_5,candidate_3,candidate_4,5,0.028000000000000004
336,candidate_2,candidate_1,candidate_5,candidate_3,candidate_4,5,0.028000000000000004
337,candidate_2,candidate_1,candidate_5,candidate_3,candidate_4,5,0.028000000000000004
338,candidate_2,candidate_1,candidate_5,candidate_3,candidate_4,5,0.028000000000000004
339,candidate_2,candidate_1,candidate_5,candidate_3,candidate_4,5,0.028000000000000004
340,candidate_2,candidate_1,candidate_5,candidate_3,candidate_4,5,0.028000000000000004
341,candidate_2,candidate_1,candidate_5,candidate_3,candidate_4,5,0.028000000000000004
342,candidate_2,candidate_1,candidate_5,candidate_3,candidate_4,5,0.028000000000000004
343,candidate_2,candidate_1,candidate_5,candidate_3,candidate_4,5,0.028000000000000004
344,candidate_2,candidate_1,candidate_5,candidate_3,candidate_4,5,0.028000000000000004
345,candidate_2,candidate_1,candidate_5,0,candidate_4,5,0.028000000000000004
346,candidate_2,candidate_1,candidate_5,candidate_3,candidate_4,5,0.028000000000000004
347,candidate_2,candidate_1,candidate_5,candidate_3,candidate_4,5,0.028000000000000004
348,candidate_2,candidate_1,candidate_5,candidate_3,candidate_4,5,0.028000000000000004
349,candidate_2,candidate_1,candidate_5,candidate_3,candidate_4,5,0.028000000000000004
350,candidate_2,candidate_1,candidate_5,candidate_3,candidate_4,5,0.028000000000000004
351,candidate_2,candidate_1,candidate_5,candidate_3,candidate_4,5,0.028000000000000004
352,candidate_2,candidate_1,candidate_5,candidate_3,candidate_4,5,0.028000000000000004
353,candidate_2,candidate_1,candidate_5,candidate_3,candidate_4,5,0.028000000000000004
354,candidate_2,candidate_1,candidate_5,candidate_3,candidate_4,5,0.028000000000000004
355,candidate_2,candidate_1,candidate_5,candidate_3,candidate_4,5,0.028000000000000004
356,candidate_2,candidate_1,candidate_5,candidate_3,candidate_4,5,0.028000000000000004
357,candidate_2,candidate_1,candidate_5,candidate_3,candidate_4,5,0.028000000000000004
358,candidate_2,candidate_1,candidate_5,candidate_3,candidate_4,5,0.028000000000000004
359,candidate_2,candidate_1,candidate_5,candidate_3,candidate_4,5,0.028000000000000004
360,candidate_2,candidate_1,candidate_5,candidate_3,candidate_4,5,0.028000000000000004
361,candidate_2,candidate_1,candidate_5,candidate_3,candidate_4,5,0.028000000000000004
362,candidate_2,candidate_1,candidate_5,candidate_3,candidate_4,5,0.028000000000000004
363,candidate_2,candidate_1,candidate_5,candidate_3,candidate_4,5,0.028000000000000004
364,candidate_2,candidate_1,candidate_5,candidate_3,candidate_4,5,0.028000000000000004
365,candidate_2,candidate_1,candidate_5,candidate_3,candidate_4,5,0.028000000000000004
366,candidate_2,candidate_1,candidate_5,candidate_3,candidate_4,5,0.028000000000000004
367,candidate_2,candidate_1,candidate_5,0,candidate_4,5,0.028000000000000004
368,candidate_2,candidate_1,candidate_5,candidate_3,candidate_4,5,0.028000000000000004
0,candidate_2,candidate_1,candidate_5,candidate_4,candidate_3,5,0.028000000000000004
1,candidate_2,candidate_1,candidate_5,candidate_4,candidate_3,5,0.028000000000000004
2,candidate_2,candidate_1,candidate_5,candidate_4,candidate_3,5,0.028000000000000004
3,candidate_2,candidate_1,candidate_5,candidate_4,candidate_3,5,0.028000000000000004
4,candidate_2,candidate_1,candidate_5,candidate_4,candidate_3,5,0.028000000000000004
5,candidate_2,candidate_1,candidate_5,candidate_4,candidate_3,5,0.028000000000000004
6,candidate_2,candidate_1,candidate_5,candidate_4,candidate_3,5,0.028000000000000004
7,candidate_2,candidate_1,candidate_5,candidate_4,candidate_3,5,0.028000000000000004
8,candidate_2,candidate_1,candidate_5,candidate_4,candidate_3,5,0.028000000000000004
9,candidate_2,candidate_1,candidate_5,candidate_4,candidate_3,5,0.028000000000000004
10,candidate_2,candidate_1,candidate_5,candidate_4,candidate_3,5,0.028000000000000004
11,candidate_2,candidate_1,candidate_5,candidate_4,candidate_3,5,0.028000000000000004
12,candidate_2,candidate_1,candidate_5,candidate_4,candidate_3,5,0.028000000000000004
13,candidate_2,candidate_1,candidate_5,candidate_4,candidate_3,5,0.028000000000000004
14,candidate_2,candidate_1,candidate_5,candidate_4,candidate_3,5,0.028000000000000004
15,candidate_2,candidate_1,candidate_5,candidate_4,candidate_3,5,0.028000000000000004
16,candidate_2,candidate_1,candidate_5,candidate_4,candidate_3,5,0.028000000000000004
17,candidate_2,candidate_1,candidate_5,candidate_4,candidate_3,5,0.028000000000000004
18,candidate_2,candidate_1,candidate_5,candidate_4,candidate_3,5,0.028000000000000004
19,candidate_2,candidate_1,candidate_5,candidate_4,candidate_3,5,0.028000000000000004
20,candidate_2,candidate_1,candidate_5,candidate_4,candidate_3,5,0.028000000000000004
21,candidate_2,candidate_1,candidate_5,candidate_4,candidate_3,5,0.028000000000000004
22,candidate_2,candidate_1,candidate_5,candidate_4,candidate_3,5,0.028000000000000004
23,candidate_2,0,candidate_5,candidate_4,candidate_3,5,0.028000000000000004
24,candidate_2,candidate_1,candidate_5,candidate_4,candidate_3,5,0.028000000000000004
25,candidate_2,candidate_1,candidate_5,candidate_4,candidate_3,5,0.028000000000000004
26,candidate_2,candidate_1,candidate_5,candidate_4,candidate_3,5,0.028000000000000004
27,candidate_2,candidate_1,candidate_5,candidate_4,candidate_3,5,0.028000000000000004
28,candidate_2,candidate_1,candidate_5,candidate_4,candidate_3,5,0.028000000000000004
29,candidate_2,candidate_1,candidate_5,candidate_4,candidate_3,5,0.028000000000000004
30,candidate_2,candidate_1,candidate_5,candidate_4,candidate_3,5,0.028000000000000004
31,candidate_2,candidate_1,candidate_5,candidate_4,candidate_3,5,0.028000000000000004
32,candidate_2,candidate_1,candidate_5,candidate_4,candidate_3,5,0.028000000000000004
33,candidate_2,candidate_1,candidate_5,candidate_4,candidate_3,5,0.028000000000000004
34,candidate_2,candidate_1,candidate_5,candidate_4,candidate_3,5,0.028000000000000004
35,candidate_2,candidate_1,candidate_5,candidate_4,candidate_3,5,0.028000000000000004
36,candidate_2,candidate_1,candidate_5,candidate_4,candidate_3,5,0.028000000000000004
37,candidate_2,candidate_1,candidate_5,candidate_4,0,5,0.028000000000000004
38,candidate_2,candidate_1,candidate_5,candidate_4,candidate_3,5,0.028000000000000004
39,candidate_2,candidate_1,candidate_5,candidate_4,candidate_3,5,0.028000000000000004
40,candidate_2,candidate_1,candidate_5,candidate_4,candidate_3,5,0.028000000000000004
41,candidate_2,candidate_1,candidate_5,candidate_4,candidate_3,5,0.028000000000000004
42,candidate_2,candidate_1,candidate_5,candidate_4,candidate_3,5,0.028000000000000004
43,candidate_2,candidate_1,candidate_5,candidate_4,candidate_3,5,0.028000000000000004
44,candidate_2,candidate_1,candidate_5,candidate_4,candidate_3,5,0.028000000000000004
45,candidate_2,candidate_1,candidate_5,candidate_4,candidate_3,5,0.028000000000000004
46,candidate_2,candidate_1,candidate_5,candidate_4,candidate_3,5,0.028000000000000004
47,candidate_2,candidate_1,candidate_5,candidate_4,candidate_3,5,0.028000000000000004
48,candidate_2,candidate_1,candidate_5,candidate_4,candidate_3,5,0.028000000000000004
49,candidate_2,candidate_1,candidate_5,candidate_4,candidate_3,5,0.028000000000000004
50,candidate_2,candidate_1,candidate_5,candidate_4,candidate_3,5,0.028000000000000004
51,candidate_2,candidate_1,candidate_5,candidate_4,candidate_3,5,0.028000000000000004
52,candidate_2,candidate_1,candidate_5,candidate_4,0,5,0.028000000000000004
53,candidate_2,candidate_1,candidate_5,candidate_4,candidate_3,5,0.028000000000000004
54,candidate_2,candidate_1,candidate_5,candidate_4,candidate_3,5,0.028000000000000004
55,candidate_2,candidate_1,candidate_5,candidate_4,candidate_3,5,0.028000000000000004
56,candidate_2,candidate_1,candidate_5,candidate_4,candidate_3,5,0.028000000000000004
57,candidate_2,candidate_1,candidate_5,candidate_4,candidate_3,5,0.028000000000000004
58,candidate_2,candidate_1,candidate_5,candidate_4,candidate_3,5,0.028000000000000004
59,candidate_2,candidate_1,candidate_5,candidate_4,candidate_3,5,0.028000000000000004
60,candidate_2,candidate_1,candidate_5,candidate_4,candidate_3,5,0.028000000000000004
61,candidate_2,candidate_1,candidate_5,candidate_4,candidate_3,5,0.028000000000000004
62,candidate_2,candidate_1,candidate_5,candidate_4,candidate_3,5,0.028000000000000004
63,candidate_2,candidate_1,candidate_5,candidate_4,candidate_3,5,0.028000000000000004
64,candidate_2,candidate_1,candidate_5,candidate_4,candidate_3,5,0.028000000000000004
65,candidate_2,candidate_1,candidate_5,candidate_4,candidate_3,5,0.028000000000000004
66,candidate_2,candidate_1,candidate_5,candidate_4,candidate_3,5,0.028000000000000004
67,candidate_2,candidate_1,candidate_5,candidate_4,candidate_3,5,0.028000000000000004
68,candidate_2,candidate_1,candidate_5,candidate_4,candidate_3,5,0.028000000000000004
69,candidate_2,candidate_1,candidate_5,candidate_4,candidate_3,5,0.028000000000000004
70,candidate_2,candidate_1,candidate_5,candidate_4,candidate_3,5,0.028000000000000004
71,candidate_2,candidate_1,candidate_5,candidate_4,candidate_3,5,0.028000000000000004
72,candidate_2,candidate_1,candidate_5,candidate_4,0,5,0.028000000000000004
73,candidate_2,candidate_1,candidate_5,candidate_4,candidate_3,5,0.028000000000000004
74,candidate_2,candidate_1,candidate_5,candidate_4,candidate_3,5,0.028000000000000004
75,candidate_2,candidate_1,candidate_5,candidate_4,candidate_3,5,0.028000000000000004
76,candidate_2,candidate_1,candidate_5,candidate_4,0,5,0.028000000000000004
77,candidate_2,candidate_1,candidate_5,candidate_4,candidate_3,5,0.028000000000000004
78,candidate_2,candidate_1,candidate_5,candidate_4,candidate_3,5,0.028000000000000004
79,candidate_2,candidate_1,candidate_5,candidate_4,0,5,0.028000000000000004
80,candidate_2,candidate_1,candidate_5,candidate_4,candidate_3,5,0.028000000000000004
81,candidate_2,candidate_1,candidate_5,candidate_4,candidate_3,5,0.028000000000000004
82,candidate_2,candidate_1,candidate_5,candidate_4,candidate_3,5,0.028000000000000004
83,candidate_2,candidate_1,candidate_5,candidate_4,candidate_3,5,0.028000000000000004
84,candidate_2,candidate_1,candidate_5,candidate_4,candidate_3,5,0.028000000000000004
85,candidate_2,candidate_1,candidate_5,candidate_4,candidate_3,5,0.028000000000000004
86,candidate_2,candidate_1,candidate_5,candidate_4,candidate_3,5,0.028000000000000004
87,candidate_2,candidate_1,candidate_5,candidate_4,candidate_3,5,0.028000000000000004
88,candidate_2,candidate_1,candidate_5,candidate_4,candidate_3,5,0.028000000000000004
89,candidate_2,candidate_1,candidate_5,candidate_4,candidate_3,5,0.028000000000000004
90,candidate_2,candidate_1,candidate_5,candidate_4,candidate_3,5,0.028000000000000004
91,candidate_2,candidate_1,candidate_5,candidate_4,candidate_3,5,0.028000000000000004
92,candidate_2,candidate_1,candidate_5,candidate_4,candidate_3,5,0.028000000000000004
93,candidate_2,candidate_1,candidate_5,candidate_4,candidate_3,5,0.028000000000000004
94,candidate_2,candidate_1,candidate_5,candidate_4,candidate_3,5,0.028000000000000004
95,candidate_2,candidate_1,candidate_5,candidate_4,candidate_3,5,0.028000000000000004
96,candidate_2,candidate_1,candidate_5,candidate_4,candidate_3,5,0.028000000000000004
97,candidate_2,candidate_1,candidate_5,candidate_4,candidate_3,5,0.028000000000000004
98,candidate_2,candidate_1,candidate_5,candidate_4,candidate_3,5,0.028000000000000004
99,candidate_2,candidate_1,candidate_5,candidate_4,candidate_3,5,0.028000000000000004
100,candidate_2,candidate_1,candidate_5,candidate_4,candidate_3,5,0.028000000000000004
101,candidate_2,candidate_1,candidate_5,candidate_4,candidate_3,5,0.028000000000000004
102,candidate_2,candidate_1,candidate_5,0,candidate_3,5,0.028000000000000004
103,candidate_2,candidate_1,candidate_5,candidate_4,candidate_3,5,0.028000000000000004
104,candidate_2,candidate_1,candidate_5,candidate_4,candidate_3,5,0.028000000000000004
105,0,candidate_1,candidate_5,candidate_4,candidate_3,5,0.028000000000000004
106,0,candidate_1,candidate_5,candidate_4,0,5,0.028000000000000004
107,candidate_2,candidate_1,candidate_5,candidate_4,candidate_3,5,0.028000000000000004
108,candidate_2,candidate_1,candidate_5,candidate_4,candidate_3,5,0.028000000000000004
109,candidate_2,candidate_1,candidate_5,candidate_4,candidate_3,5,0.028000000000000004
110,candidate_2,candidate_1,0,0,candidate_3,5,0.028000000000000004
111,candidate_2,candidate_1,candidate_5,candidate_4,candidate_3,5,0.028000000000000004
112,candidate_2,candidate_1,candidate_5,candidate_4,candidate_3,5,0.028000000000000004
113,candidate_2,candidate_1,candidate_5,candidate_4,candidate_3,5,0.028000000000000004
114,candidate_2,candidate_1,candidate_5,candidate_4,0,5,0.028000000000000004
115,candidate_2,candidate_1,0,candidate_4,candidate_3,5,0.028000000000000004
116,candidate_2,candidate_1,candidate_5,candidate_4,candidate_3,5,0.028000000000000004
117,candidate_2,candidate_1,candidate_5,candidate_4,candidate_3,5,0.028000000000000004
118,candidate_2,candidate_1,candidate_5,candidate_4,candidate_3,5,0.028000000000000004
119,candidate_2,candidate_1,candidate_5,candidate_4,candidate_3,5,0.028000000000000004
120,candidate_2,candidate_1,candidate_5,candidate_4,candidate_3,5,0.028000000000000004
121,candidate_2,candidate_1,candidate_5,candidate_4,candidate_3,5,0.028000000000000004
122,candidate_2,candidate_1,candidate_5,candidate_4,candidate_3,5,0.028000000000000004
123,candidate_2,candidate_1,candidate_5,candidate_4,candidate_3,5,0.028000000000000004
124,candidate_2,candidate_1,candidate_5,candidate_4,candidate_3,5,0.028000000000000004
125,candidate_2,candidate_1,candidate_5,candidate_4,candidate_3,5,0.028000000000000004
126,candidate_2,candidate_1,candidate_5,candidate_4,candidate_3,5,0.028000000000000004
127,candidate_2,candidate_1,candidate_5,candidate_4,candidate_3,5,0.028000000000000004
128,candidate_2,candidate_1,candidate_5,candidate_4,candidate_3,5,0.028000000000000004
129,candidate_2,candidate_1,candidate_5,candidate_4,candidate_3,5,0.028000000000000004
130,candidate_2,candidate_1,candidate_5,candidate_4,candidate_3,5,0.028000000000000004
131,candidate_2,candidate_1,candidate_5,candidate_4,candidate_3,5,0.028000000000000004
132,candidate_2,0,candidate_5,candidate_4,0,5,0.028000000000000004
133,candidate_2,candidate_1,candidate_5,candidate_4,candidate_3,5,0.028000000000000004
134,candidate_2,candidate_1,candidate_5,candidate_4,candidate_3,5,0.028000000000000004
135,candidate_2,candidate_1,candidate_5,candidate_4,candidate_3,5,0.028000000000000004
136,candidate_2,candidate_1,candidate_5,candidate_4,candidate_3,5,0.028000000000000004
137,candidate_2,candidate_1,candidate_5,candidate_4,candidate_3,5,0.028000000000000004
138,candidate_2,candidate_1,candidate_5,candidate_4,candidate_3,5,0.028000000000000004
139,candidate_2,candidate_1,candidate_5,candidate_4,candidate_3,5,0.028000000000000004
140,0,candidate_1,candidate_5,candidate_4,candidate_3,5,0.028000000000000004
141,candidate_2,candidate_1,candidate_5,0,candidate_3,5,0.028000000000000004
142,0,candidate_1,0,candidate_4,candidate_3,5,0.028000000000000004
143,candidate_2,candidate_1,candidate_5,candidate_4,candidate_3,5,0.028000000000000004
144,candidate_2,candidate_1,candidate_5,candidate_4,candidate_3,5,0.028000000000000004
145,candidate_2,candidate_1,candidate_5,candidate_4,candidate_3,5,0.028000000000000004
146,candidate_2,candidate_1,candidate_5,candidate_4,candidate_3,5,0.028000000000000004
147,candidate_2,candidate_1,candidate_5,candidate_4,candidate_3,5,0.028000000000000004
148,candidate_2,candidate_1,candidate_5,candidate_4,candidate_3,5,0.028000000000000004
149,candidate_2,candidate_1,candidate_5,candidate_4,candidate_3,5,0.028000000000000004
150,candidate_2,candidate_1,candidate_5,candidate_4,candidate_3,5,0.028000000000000004
151,candidate_2,candidate_1,candidate_5,candidate_4,candidate_3,5,0.028000000000000004
152,candidate_2,candidate_1,candidate_5,candidate_4,candidate_3,5,0.028000000000000004
153,candidate_2,candidate_1,candidate_5,candidate_4,candidate_3,5,0.028000000000000004
154,candidate_2,candidate_1,candidate_5,candidate_4,candidate_3,5,0.028000000000000004
155,candidate_2,candidate_1,candidate_5,candidate_4,candidate_3,5,0.028000000000000004
156,candidate_2,candidate_1,candidate_5,candidate_4,candidate_3,5,0.028000000000000004
157,candidate_2,candidate_1,candidate_5,candidate_4,candidate_3,5,0.028000000000000004
158,candidate_2,candidate_1,candidate_5,candidate_4,candidate_3,5,0.028000000000000004
159,candidate_2,candidate_1,candidate_5,candidate_4,candidate_3,5,0.028000000000000004
160,candidate_2,candidate_1,candidate_5,candidate_4,candidate_3,5,0.028000000000000004
161,candidate_2,candidate_1,candidate_5,candidate_4,candidate_3,5,0.028000000000000004
162,candidate_2,candidate_1,candidate_5,candidate_4,candidate_3,5,0.028000000000000004
163,candidate_2,candidate_1,candidate_5,candidate_4,candidate_3,5,0.028000000000000004
164,candidate_2,candidate_1,candidate_5,candidate_4,candidate_3,5,0.028000000000000004
165,candidate_2,candidate_1,candidate_5,candidate_4,candidate_3,5,0.028000000000000004
166,candidate_2,candidate_1,candidate_5,candidate_4,candidate_3,5,0.028000000000000004
167,candidate_2,candidate_1,candidate_5,candidate_4,candidate_3,5,0.028000000000000004
168,0,candidate_1,candidate_5,candidate_4,candidate_3,5,0.028000000000000004
169,candidate_2,candidate_1,candidate_5,candidate_4,candidate_3,5,0.028000000000000004
170,candidate_2,candidate_1,candidate_5,candidate_4,candidate_3,5,0.028000000000000004
171,candidate_2,candidate_1,candidate_5,candidate_4,candidate_3,5,0.028000000000000004
172,candidate_2,0,candidate_5,candidate_4,candidate_3,5,0.028000000000000004
173,0,candidate_1,candidate_5,candidate_4,candidate_3,5,0.028000000000000004
174,candidate_2,candidate_1,0,candidate_4,candidate_3,5,0.028000000000000004
175,candidate_2,candidate_1,candidate_5,candidate_4,candidate_3,5,0.028000000000000004
176,candidate_2,candidate_1,candidate_5,candidate_4,candidate_3,5,0.028000000000000004
177,candidate_2,candidate_1,candidate_5,candidate_4,candidate_3,5,0.028000000000000004
178,candidate_2,candidate_1,candidate_5,candidate_4,candidate_3,5,0.028000000000000004
179,candidate_2,candidate_1,candidate_5,candidate_4,candidate_3,5,0.028000000000000004
180,candidate_2,candidate_1,candidate_5,candidate_4,candidate_3,5,0.028000000000000004
181,candidate_2,candidate_1,candidate_5,candidate_4,candidate_3,5,0.028000000000000004
182,candidate_2,candidate_1,candidate_5,candidate_4,candidate_3,5,0.028000000000000004
183,candidate_2,candidate_1,candidate_5,candidate_4,candidate_3,5,0.028000000000000004
184,candidate_2,candidate_1,candidate_5,candidate_4,candidate_3,5,0.028000000000000004
185,candidate_2,candidate_1,candidate_5,candidate_4,candidate_3,5,0.028000000000000004
186,candidate_2,candidate_1,candidate_5,candidate_4,candidate_3,5,0.028000000000000004
187,candidate_2,candidate_1,candidate_5,candidate_4,candidate_3,5,0.028000000000000004
188,candidate_2,candidate_1,candidate_5,candidate_4,candidate_3,5,0.028000000000000004
189,candidate_2,0,candidate_5,candidate_4,candidate_3,5,0.028000000000000004
190,0,candidate_1,candidate_5,candidate_4,candidate_3,5,0.028000000000000004
191,candidate_2,candidate_1,candidate_5,candidate_4,candidate_3,5,0.028000000000000004
192,candidate_2,candidate_1,candidate_5,candidate_4,candidate_3,5,0.028000000000000004
193,candidate_2,candidate_1,candidate_5,candidate_4,candidate_3,5,0.028000000000000004
194,candidate_2,candidate_1,candidate_5,candidate_4,candidate_3,5,0.028000000000000004
195,candidate_2,candidate_1,candidate_5,candidate_4,candidate_3,5,0.028000000000000004
196,candidate_2,candidate_1,candidate_5,candidate_4,candidate_3,5,0.028000000000000004
197,candidate_2,candidate_1,candidate_5,candidate_4,candidate_3,5,0.028000000000000004
198,candidate_2,candidate_1,candidate_5,candidate_4,candidate_3,5,0.028000000000000004
199,candidate_2,candidate_1,candidate_5,candidate_4,candidate_3,5,0.028000000000000004
200,candidate_2,candidate_1,candidate_5,candidate_4,candidate_3,5,0.028000000000000004
201,candidate_2,candidate_1,candidate_5,candidate_4,candidate_3,5,0.028000000000000004
202,candidate_2,candidate_1,candidate_5,candidate_4,candidate_3,5,0.028000000000000004
203,candidate_2,candidate_1,candidate_5,candidate_4,candidate_3,5,0.028000000000000004
204,0,candidate_1,candidate_5,candidate_4,candidate_3,5,0.028000000000000004
205,candidate_2,candidate_1,candidate_5,candidate_4,candidate_3,5,0.028000000000000004
206,candidate_2,candidate_1,candidate_5,candidate_4,candidate_3,5,0.028000000000000004
207,candidate_2,candidate_1,candidate_5,candidate_4,candidate_3,5,0.028000000000000004
208,candidate_2,candidate_1,candidate_5,candidate_4,candidate_3,5,0.028000000000000004
209,candidate_2,candidate_1,candidate_5,candidate_4,candidate_3,5,0.028000000000000004
210,candidate_2,candidate_1,candidate_5,candidate_4,candidate_3,5,0.028000000000000004
211,candidate_2,candidate_1,candidate_5,candidate_4,candidate_3,5,0.028000000000000004
212,candidate_2,candidate_1,candidate_5,candidate_4,candidate_3,5,0.028000000000000004
213,candidate_2,0,candidate_5,candidate_4,candidate_3,5,0.028000000000000004
214,candidate_2,candidate_1,candidate_5,candidate_4,candidate_3,5,0.028000000000000004
215,candidate_2,candidate_1,candidate_5,candidate_4,candidate_3,5,0.028000000000000004
216,candidate_2,candidate_1,candidate_5,candidate_4,candidate_3,5,0.028000000000000004
217,0,candidate_1,candidate_5,candidate_4,candidate_3,5,0.028000000000000004
218,candidate_2,candidate_1,candidate_5,candidate_4,candidate_3,5,0.028000000000000004
219,candidate_2,candidate_1,candidate_5,candidate_4,candidate_3,5,0.028000000000000004
220,candidate_2,candidate_1,candidate_5,candidate_4,candidate_3,5,0.028000000000000004
221,candidate_2,candidate_1,candidate_5,candidate_4,candidate_3,5,0.028000000000000004
222,candidate_2,candidate_1,candidate_5,candidate_4,candidate_3,5,0.028000000000000004
223,candidate_2,candidate_1,candidate_5,candidate_4,candidate_3,5,0.028000000000000004
224,candidate_2,candidate_1,candidate_5,candidate_4,candidate_3,5,0.028000000000000004
225,candidate_2,candidate_1,candidate_5,candidate_4,candidate_3,5,0.028000000000000004
226,candidate_2,candidate_1,candidate_5,candidate_4,candidate_3,5,0.028000000000000004
227,candidate_2,candidate_1,candidate_5,candidate_4,candidate_3,5,0.028000000000000004
228,candidate_2,candidate_1,candidate_5,candidate_4,candidate_3,5,0.028000000000000004
229,candidate_2,candidate_1,candidate_5,candidate_4,0,5,0.028000000000000004
230,candidate_2,candidate_1,candidate_5,candidate_4,candidate_3,5,0.028000000000000004
231,candidate_2,candidate_1,candidate_5,candidate_4,candidate_3,5,0.028000000000000004
232,candidate_2,candidate_1,candidate_5,candidate_4,candidate_3,5,0.028000000000000004
233,candidate_2,candidate_1,candidate_5,candidate_4,candidate_3,5,0.028000000000000004
234,candidate_2,candidate_1,candidate_5,candidate_4,candidate_3,5,0.028000000000000004
235,candidate_2,candidate_1,candidate_5,candidate_4,candidate_3,5,0.028000000000000004
236,candidate_2,candidate_1,candidate_5,candidate_4,0,5,0.028000000000000004
237,candidate_2,candidate_1,candidate_5,candidate_4,candidate_3,5,0.028000000000000004
238,candidate_2,candidate_1,candidate_5,candidate_4,candidate_3,5,0.028000000000000004
239,candidate_2,candidate_1,candidate_5,candidate_4,candidate_3,5,0.028000000000000004
240,candidate_2,candidate_1,candidate_5,candidate_4,candidate_3,5,0.028000000000000004
241,candidate_2,candidate_1,candidate_5,candidate_4,candidate_3,5,0.028000000000000004
242,candidate_2,candidate_1,candidate_5,candidate_4,candidate_3,5,0.028000000000000004
243,candidate_2,candidate_1,candidate_5,candidate_4,candidate_3,5,0.028000000000000004
244,candidate_2,candidate_1,candidate_5,candidate_4,candidate_3,5,0.028000000000000004
245,candidate_2,candidate_1,candidate_5,candidate_4,candidate_3,5,0.028000000000000004
246,candidate_2,candidate_1,candidate_5,candidate_4,candidate_3,5,0.028000000000000004
247,candidate_2,candidate_1,candidate_5,candidate_4,candidate_3,5,0.028000000000000004
248,candidate_2,candidate_1,candidate_5,candidate_4,candidate_3,5,0.028000000000000004
249,candidate_2,candidate_1,candidate_5,candidate_4,candidate_3,5,0.028000000000000004
250,candidate_2,candidate_1,candidate_5,candidate_4,candidate_3,5,0.028000000000000004
251,candidate_2,candidate_1,candidate_5,0,candidate_3,5,0.028000000000000004
252,candidate_2,candidate_1,candidate_5,candidate_4,candidate_3,5,0.028000000000000004
253,candidate_2,candidate_1,candidate_5,candidate_4,candidate_3,5,0.028000000000000004
254,candidate_2,candidate_1,candidate_5,candidate_4,candidate_3,5,0.028000000000000004
255,candidate_2,candidate_1,candidate_5,candidate_4,candidate_3,5,0.028000000000000004
256,candidate_2,candidate_1,candidate_5,candidate_4,candidate_3,5,0.028000000000000004
257,candidate_2,candidate_1,candidate_5,candidate_4,candidate_3,5,0.028000000000000004
258,candidate_2,0,candidate_5,candidate_4,candidate_3,5,0.028000000000000004
259,candidate_2,candidate_1,candidate_5,candidate_4,candidate_3,5,0.028000000000000004
260,candidate_2,candidate_1,candidate_5,candidate_4,candidate_3,5,0.028000000000000004
261,candidate_2,candidate_1,candidate_5,candidate_4,candidate_3,5,0.028000000000000004
262,candidate_2,candidate_1,candidate_5,0,candidate_3,5,0.028000000000000004
263,candidate_2,candidate_1,candidate_5,candidate_4,candidate_3,5,0.028000000000000004
264,candidate_2,candidate_1,candidate_5,candidate_4,candidate_3,5,0.028000000000000004
265,candidate_2,candidate_1,candidate_5,candidate_4,candidate_3,5,0.028000000000000004
266,candidate_2,candidate_1,candidate_5,candidate_4,candidate_3,5,0.028000000000000004
267,candidate_2,candidate_1,candidate_5,candidate_4,candidate_3,5,0.028000000000000004
268,candidate_2,candidate_1,candidate_5,candidate_4,candidate_3,5,0.028000000000000004
269,candidate_2,candidate_1,candidate_5,candidate_4,candidate_3,5,0.028000000000000004
270,candidate_2,candidate_1,candidate_5,candidate_4,candidate_3,5,0.028000000000000004
271,candidate_2,candidate_1,candidate_5,candidate_4,candidate_3,5,0.028000000000000004
272,candidate_2,candidate_1,candidate_5,candidate_4,candidate_3,5,0.028000000000000004
273,candidate_2,candidate_1,candidate_5,0,candidate_3,5,0.028000000000000004
274,candidate_2,candidate_1,candidate_5,candidate_4,candidate_3,5,0.028000000000000004
275,0,candidate_1,candidate_5,candidate_4,candidate_3,5,0.028000000000000004
276,candidate_2,candidate_1,candidate_5,candidate_4,candidate_3,5,0.028000000000000004
277,candidate_2,candidate_1,candidate_5,candidate_4,candidate_3,5,0.028000000000000004
278,candidate_2,candidate_1,candidate_5,candidate_4,candidate_3,5,0.028000000000000004
279,candidate_2,candidate_1,candidate_5,candidate_4,candidate_3,5,0.028000000000000004
280,candidate_2,candidate_1,candidate_5,candidate_4,candidate_3,5,0.028000000000000004
281,candidate_2,candidate_1,candidate_5,candidate_4,candidate_3,5,0.028000000000000004
282,candidate_2,candidate_1,candidate_5,candidate_4,candidate_3,5,0.028000000000000004
283,candidate_2,candidate_1,candidate_5,candidate_4,candidate_3,5,0.028000000000000004
284,candidate_2,candidate_1,candidate_5,candidate_4,candidate_3,5,0.028000000000000004
285,candidate_2,candidate_1,candidate_5,candidate_4,candidate_3,5,0.028000000000000004
286,candidate_2,candidate_1,candidate_5,candidate_4,candidate_3,5,0.028000000000000004
287,candidate_2,0,candidate_5,candidate_4,candidate_3,5,0.028000000000000004
288,candidate_2,candidate_1,candidate_5,candidate_4,candidate_3,5,0.028000000000000004
289,candidate_2,candidate_1,candidate_5,candidate_4,candidate_3,5,0.028000000000000004
290,candidate_2,candidate_1,candidate_5,0,candidate_3,5,0.028000000000000004
291,candidate_2,candidate_1,candidate_5,candidate_4,candidate_3,5,0.028000000000000004
292,candidate_2,candidate_1,candidate_5,candidate_4,0,5,0.028000000000000004
293,candidate_2,candidate_1,candidate_5,candidate_4,candidate_3,5,0.028000000000000004
294,candidate_2,candidate_1,candidate_5,candidate_4,candidate_3,5,0.028000000000000004
295,candidate_2,candidate_1,candidate_5,candidate_4,candidate_3,5,0.028000000000000004
296,candidate_2,candidate_1,candidate_5,candidate_4,candidate_3,5,0.028000000000000004
297,candidate_2,candidate_1,candidate_5,candidate_4,candidate_3,5,0.028000000000000004
298,candidate_2,candidate_1,candidate_5,candidate_4,candidate_3,5,0.028000000000000004
299,candidate_2,candidate_1,candidate_5,candidate_4,candidate_3,5,0.028000000000000004
300,candidate_2,candidate_1,candidate_5,candidate_4,candidate_3,5,0.028000000000000004
301,candidate_2,candidate_1,0,candidate_4,candidate_3,5,0.028000000000000004
302,candidate_2,candidate_1,candidate_5,candidate_4,candidate_3,5,0.028000000000000004
303,candidate_2,candidate_1,candidate_5,candidate_4,candidate_3,5,0.028000000000000004
304,candidate_2,candidate_1,candidate_5,candidate_4,candidate_3,5,0.028000000000000004
305,candidate_2,candidate_1,candidate_5,candidate_4,candidate_3,5,0.028000000000000004
306,candidate_2,candidate_1,candidate_5,candidate_4,candidate_3,5,0.028000000000000004
307,candidate_2,candidate_1,candidate_5,candidate_4,candidate_3,5,0.028000000000000004
308,candidate_2,candidate_1,candidate_5,candidate_4,candidate_3,5,0.028000000000000004
309,candidate_2,candidate_1,candidate_5,candidate_4,candidate_3,5,0.028000000000000004
310,candidate_2,candidate_1,candidate_5,candidate_4,candidate_3,5,0.028000000000000004
311,candidate_2,candidate_1,candidate_5,candidate_4,candidate_3,5,0.028000000000000004
312,candidate_2,candidate_1,candidate_5,candidate_4,candidate_3,5,0.028000000000000004
313,candidate_2,candidate_1,candidate_5,candidate_4,candidate_3,5,0.028000000000000004
314,candidate_2,candidate_1,candidate_5,candidate_4,candidate_3,5,0.028000000000000004
315,candidate_2,candidate_1,candidate_5,candidate_4,candidate_3,5,0.028000000000000004
316,candidate_2,candidate_1,candidate_5,candidate_4,candidate_3,5,0.028000000000000004
317,candidate_2,candidate_1,candidate_5,candidate_4,candidate_3,5,0.028000000000000004
318,candidate_2,candidate_1,candidate_5,candidate_4,candidate_3,5,0.028000000000000004
319,candidate_2,candidate_1,candidate_5,candidate_4,candidate_3,5,0.028000000000000004
320,candidate_2,candidate_1,candidate_5,candidate_4,candidate_3,5,0.028000000000000004
321,candidate_2,candidate_1,candidate_5,candidate_4,candidate_3,5,0.028000000000000004
322,candidate_2,candidate_1,candidate_5,candidate_4,candidate_3,5,0.028000000000000004
323,candidate_2,candidate_1,candidate_5,candidate_4,candidate_3,5,0.028000000000000004
324,candidate_2,candidate_1,candidate_5,candidate_4,candidate_3,5,0.028000000000000004
325,candidate_2,candidate_1,candidate_5,candidate_4,candidate_3,5,0.028000000000000004
326,candidate_2,candidate_1,candidate_5,candidate_4,candidate_3,5,0.028000000000000004
327,candidate_2,candidate_1,candidate_5,candidate_4,candidate_3,5,0.028000000000000004
328,candidate_2,candidate_1,candidate_5,candidate_4,candidate_3,5,0.028000000000000004
329,candidate_2,candidate_1,candidate_5,candidate_4,candidate_3,5,0.028000000000000004
330,candidate_2,candidate_1,candidate_5,candidate_4,candidate_3,5,0.028000000000000004
331,candidate_2,candidate_1,candidate_5,candidate_4,candidate_3,5,0.028000000000000004
332,candidate_2,candidate_1,candidate_5,candidate_4,candidate_3,5,0.028000000000000004
333,candidate_2,candidate_1,candidate_5,candidate_4,candidate_3,5,0.028000000000000004
334,candidate_2,candidate_1,candidate_5,candidate_4,candidate_3,5,0.028000000000000004
335,candidate_2,candidate_1,candidate_5,candidate_4,candidate_3,5,0.028000000000000004
336,candidate_2,candidate_1,candidate_5,candidate_4,candidate_3,5,0.028000000000000004
337,candidate_2,candidate_1,candidate_5,candidate_4,candidate_3,5,0.028000000000000004
338,candidate_2,candidate_1,candidate_5,candidate_4,candidate_3,5,0.028000000000000004
339,candidate_2,candidate_1,candidate_5,candidate_4,candidate_3,5,0.028000000000000004
340,candidate_2,candidate_1,candidate_5,candidate_4,candidate_3,5,0.028000000000000004
341,candidate_2,candidate_1,candidate_5,candidate_4,candidate_3,5,0.028000000000000004
342,candidate_2,candidate_1,candidate_5,candidate_4,candidate_3,5,0.028000000000000004
343,candidate_2,candidate_1,candidate_5,candidate_4,candidate_3,5,0.028000000000000004
344,candidate_2,candidate_1,candidate_5,candidate_4,candidate_3,5,0.028000000000000004
345,candidate_2,candidate_1,candidate_5,candidate_4,candidate_3,5,0.028000000000000004
346,candidate_2,candidate_1,candidate_5,candidate_4,candidate_3,5,0.028000000000000004
347,candidate_2,candidate_1,candidate_5,candidate_4,candidate_3,5,0.028000000000000004
348,candidate_2,0,candidate_5,candidate_4,candidate_3,5,0.028000000000000004
349,candidate_2,candidate_1,candidate_5,0,candidate_3,5,0.028000000000000004
350,candidate_2,candidate_1,candidate_5,candidate_4,candidate_3,5,0.028000000000000004
351,candidate_2,candidate_1,candidate_5,candidate_4,candidate_3,5,0.028000000000000004
352,candidate_2,candidate_1,candidate_5,candidate_4,candidate_3,5,0.028000000000000004
353,candidate_2,candidate_1,candidate_5,candidate_4,candidate_3,5,0.028000000000000004
354,candidate_2,candidate_1,candidate_5,candidate_4,candidate_3,5,0.028000000000000004
355,candidate_2,candidate_1,candidate_5,candidate_4,candidate_3,5,0.028000000000000004
356,candidate_2,candidate_1,candidate_5,candidate_4,candidate_3,5,0.028000000000000004
357,candidate_2,0,candidate_5,0,candidate_3,5,0.028000000000000004
358,candidate_2,candidate_1,candidate_5,candidate_4,candidate_3,5,0.028000000000000004
359,candidate_2,candidate_1,candidate_5,candidate_4,candidate_3,5,0.028000000000000004
360,candidate_2,candidate_1,candidate_5,candidate_4,candidate_3,5,0.028000000000000004
361,candidate_2,candidate_1,candidate_5,candidate_4,candidate_3,5,0.028000000000000004
362,candidate_2,candidate_1,candidate_5,candidate_4,candidate_3,5,0.028000000000000004
363,candidate_2,candidate_1,candidate_5,candidate_4,candidate_3,5,0.028000000000000004
364,candidate_2,candidate_1,candidate_5,candidate_4,candidate_3,5,0.028000000000000004
365,candidate_2,candidate_1,0,candidate_4,candidate_3,5,0.028000000000000004
366,candidate_2,candidate_1,candidate_5,candidate_4,candidate_3,5,0.028000000000000004
367,candidate_2,candidate_1,candidate_5,candidate_4,candidate_3,5,0.028000000000000004
368,candidate_2,candidate_1,candidate_5,candidate_4,candidate_3,5,0.028000000000000004
369,candidate_2,candidate_1,candidate_5,candidate_4,candidate_3,5,0.028000000000000004
370,candidate_2,candidate_1,candidate_5,candidate_4,candidate_3,5,0.028000000000000004
371,candidate_2,candidate_1,candidate_5,candidate_4,candidate_3,5,0.028000000000000004
372,candidate_2,candidate_1,candidate_5,candidate_4,candidate_3,5,0.028000000000000004
373,candidate_2,candidate_1,candidate_5,candidate_4,candidate_3,5,0.028000000000000004
374,candidate_2,candidate_1,candidate_5,candidate_4,candidate_3,5,0.028000000000000004
375,candidate_2,candidate_1,candidate_5,candidate_4,candidate_3,5,0.028000000000000004
376,candidate_2,candidate_1,candidate_5,candidate_4,candidate_3,5,0.028000000000000004
377,candidate_2,0,candidate_5,candidate_4,candidate_3,5,0.028000000000000004
378,candidate_2,candidate_1,candidate_5,candidate_4,candidate_3,5,0.028000000000000004
379,candidate_2,candidate_1,candidate_5,candidate_4,candidate_3,5,0.028000000000000004
380,candidate_2,candidate_1,candidate_5,candidate_4,0,5,0.028000000000000004
381,candidate_2,candidate_1,candidate_5,candidate_4,candidate_3,5,0.028000000000000004
382,candidate_2,candidate_1,candidate_5,candidate_4,candidate_3,5,0.028000000000000004
383,candidate_2,candidate_1,candidate_5,candidate_4,candidate_3,5,0.028000000000000004
384,candidate_2,candidate_1,candidate_5,candidate_4,candidate_3,5,0.028000000000000004
385,candidate_2,candidate_1,candidate_5,candidate_4,candidate_3,5,0.028000000000000004
386,candidate_2,candidate_1,candidate_5,candidate_4,candidate_3,5,0.028000000000000004
387,candidate_2,candidate_1,candidate_5,candidate_4,candidate_3,5,0.028000000000000004
388,candidate_2,candidate_1,candidate_5,candidate_4,candidate_3,5,0.028000000000000004
389,candidate_2,candidate_1,candidate_5,candidate_4,candidate_3,5,0.028000000000000004
390,candidate_2,candidate_1,candidate_5,candidate_4,candidate_3,5,0.028000000000000004
391,candidate_2,candidate_1,candidate_5,candidate_4,candidate_3,5,0.028000000000000004
392,candidate_2,candidate_1,candidate_5,candidate_4,candidate_3,5,0.028000000000000004
393,candidate_2,candidate_1,candidate_5,candidate_4,candidate_3,5,0.028000000000000004
394,candidate_2,candidate_1,candidate_5,candidate_4,candidate_3,5,0.028000000000000004
395,candidate_2,candidate_1,candidate_5,candidate_4,candidate_3,5,0.028000000000000004
396,0,candidate_1,candidate_5,candidate_4,candidate_3,5,0.028000000000000004
397,candidate_2,candidate_1,candidate_5,0,candidate_3,5,0.028000000000000004
398,candidate_2,candidate_1,candidate_5,candidate_4,candidate_3,5,0.028000000000000004
399,candidate_2,candidate_1,candidate_5,candidate_4,candidate_3,5,0.028000000000000004
400,candidate_2,candidate_1,candidate_5,candidate_4,candidate_3,5,0.028000000000000004
401,candidate_2,candidate_1,candidate_5,candidate_4,candidate_3,5,0.028000000000000004
402,candidate_2,candidate_1,candidate_5,candidate_4,candidate_3,5,0.028000000000000004
403,candidate_2,candidate_1,candidate_5,candidate_4,candidate_3,5,0.028000000000000004
404,candidate_2,candidate_1,candidate_5,candidate_4,candidate_3,5,0.028000000000000004
405,candidate_2,candidate_1,candidate_5,candidate_4,candidate_3,5,0.028000000000000004
406,candidate_2,candidate_1,candidate_5,candidate_4,candidate_3,5,0.028000000000000004
407,candidate_2,candidate_1,candidate_5,candidate_4,candidate_3,5,0.028000000000000004
408,candidate_2,candidate_1,candidate_5,candidate_4,candidate_3,5,0.028000000000000004
409,candidate_2,candidate_1,candidate_5,candidate_4,candidate_3,5,0.028000000000000004
410,candidate_2,candidate_1,candidate_5,candidate_4,candidate_3,5,0.028000000000000004
411,candidate_2,candidate_1,candidate_5,candidate_4,candidate_3,5,0.028000000000000004
412,candidate_2,candidate_1,0,candidate_4,candidate_3,5,0.028000000000000004
413,candidate_2,candidate_1,candidate_5,candidate_4,candidate_3,5,0.028000000000000004
414,candidate_2,candidate_1,candidate_5,candidate_4,candidate_3,5,0.028000000000000004
415,candidate_2,candidate_1,candidate_5,candidate_4,candidate_3,5,0.028000000000000004
416,candidate_2,candidate_1,candidate_5,candidate_4,candidate_3,5,0.028000000000000004
417,candidate_2,candidate_1,0,candidate_4,candidate_3,5,0.028000000000000004
418,candidate_2,candidate_1,candidate_5,candidate_4,candidate_3,5,0.028000000000000004
419,candidate_2,candidate_1,candidate_5,candidate_4,candidate_3,5,0.028000000000000004
420,candidate_2,candidate_1,candidate_5,candidate_4,candidate_3,5,0.028000000000000004
421,candidate_2,candidate_1,candidate_5,candidate_4,candidate_3,5,0.028000000000000004
422,candidate_2,candidate_1,candidate_5,candidate_4,candidate_3,5,0.028000000000000004
423,0,candidate_1,candidate_5,candidate_4,candidate_3,5,0.028000000000000004
424,candidate_2,candidate_1,candidate_5,candidate_4,candidate_3,5,0.028000000000000004
425,candidate_2,candidate_1,candidate_5,candidate_4,candidate_3,5,0.028000000000000004
426,0,candidate_1,candidate_5,candidate_4,candidate_3,5,0.028000000000000004
427,candidate_2,candidate_1,candidate_5,candidate_4,candidate_3,5,0.028000000000000004
428,candidate_2,candidate_1,candidate_5,candidate_4,candidate_3,5,0.028000000000000004
429,candidate_2,candidate_1,candidate_5,candidate_4,candidate_3,5,0.028000000000000004
430,candidate_2,candidate_1,candidate_5,candidate_4,candidate_3,5,0.028000000000000004
431,candidate_2,0,candidate_5,candidate_4,candidate_3,5,0.028000000000000004
432,candidate_2,candidate_1,candidate_5,candidate_4,candidate_3,5,0.028000000000000004
433,candidate_2,candidate_1,candidate_5,candidate_4,candidate_3,5,0.028000000000000004
434,candidate_2,candidate_1,candidate_5,candidate_4,candidate_3,5,0.028000000000000004
435,candidate_2,candidate_1,candidate_5,candidate_4,candidate_3,5,0.028000000000000004
436,candidate_2,candidate_1,candidate_5,candidate_4,candidate_3,5,0.028000000000000004
437,candidate_2,candidate_1,candidate_5,candidate_4,candidate_3,5,0.028000000000000004
438,candidate_2,candidate_1,candidate_5,candidate_4,candidate_3,5,0.028000000000000004
439,candidate_2,candidate_1,candidate_5,candidate_4,candidate_3,5,0.028000000000000004
440,candidate_2,candidate_1,candidate_5,candidate_4,candidate_3,5,0.028000000000000004
441,candidate_2,candidate_1,candidate_5,candidate_4,candidate_3,5,0.028000000000000004
442,candidate_2,candidate_1,candidate_5,candidate_4,candidate_3,5,0.028000000000000004
443,candidate_2,candidate_1,candidate_5,candidate_4,candidate_3,5,0.028000000000000004
444,candidate_2,candidate_1,candidate_5,candidate_4,candidate_3,5,0.028000000000000004
445,candidate_2,candidate_1,candidate_5,candidate_4,candidate_3,5,0.028000000000000004
446,candidate_2,candidate_1,candidate_5,candidate_4,candidate_3,5,0.028000000000000004
447,candidate_2,candidate_1,candidate_5,candidate_4,candidate_3,5,0.028000000000000004
448,candidate_2,candidate_1,candidate_5,candidate_4,candidate_3,5,0.028000000000000004
449,candidate_2,candidate_1,candidate_5,candidate_4,candidate_3,5,0.028000000000000004
450,candidate_2,candidate_1,0,candidate_4,candidate_3,5,0.028000000000000004
451,candidate_2,candidate_1,candidate_5,candidate_4,candidate_3,5,0.028000000000000004
452,candidate_2,candidate_1,candidate_5,candidate_4,candidate_3,5,0.028000000000000004
453,candidate_2,candidate_1,candidate_5,candidate_4,candidate_3,5,0.028000000000000004
454,candidate_2,candidate_1,candidate_5,candidate_4,candidate_3,5,0.028000000000000004
455,candidate_2,candidate_1,candidate_5,candidate_4,candidate_3,5,0.028000000000000004
456,candidate_2,candidate_1,candidate_5,candidate_4,candidate_3,5,0.028000000000000004
457,candidate_2,candidate_1,candidate_5,candidate_4,candidate_3,5,0.028000000000000004
458,candidate_2,candidate_1,candidate_5,candidate_4,candidate_3,5,0.028000000000000004
459,candidate_2,candidate_1,candidate_5,candidate_4,candidate_3,5,0.028000000000000004
460,candidate_2,candidate_1,candidate_5,candidate_4,candidate_3,5,0.028000000000000004
461,candidate_2,candidate_1,candidate_5,candidate_4,candidate_3,5,0.028000000000000004
462,candidate_2,candidate_1,candidate_5,candidate_4,candidate_3,5,0.028000000000000004
463,candidate_2,candidate_1,candidate_5,candidate_4,candidate_3,5,0.028000000000000004
464,candidate_2,candidate_1,candidate_5,candidate_4,candidate_3,5,0.028000000000000004
465,candidate_2,candidate_1,candidate_5,candidate_4,candidate_3,5,0.028000000000000004
466,candidate_2,candidate_1,candidate_5,candidate_4,candidate_3,5,0.028000000000000004
467,candidate_2,candidate_1,candidate_5,candidate_4,candidate_3,5,0.028000000000000004
468,candidate_2,candidate_1,candidate_5,candidate_4,candidate_3,5,0.028000000000000004
469,candidate_2,candidate_1,candidate_5,0,candidate_3,5,0.028000000000000004
470,candidate_2,candidate_1,candidate_5,candidate_4,candidate_3,5,0.028000000000000004
471,candidate_2,candidate_1,candidate_5,0,candidate_3,5,0.028000000000000004
472,candidate_2,candidate_1,candidate_5,candidate_4,candidate_3,5,0.028000000000000004
473,candidate_2,candidate_1,candidate_5,candidate_4,candidate_3,5,0.028000000000000004
474,candidate_2,candidate_1,candidate_5,candidate_4,candidate_3,5,0.028000000000000004
475,candidate_2,candidate_1,candidate_5,candidate_4,candidate_3,5,0.028000000000000004
476,candidate_2,candidate_1,0,candidate_4,candidate_3,5,0.028000000000000004
477,candidate_2,candidate_1,candidate_5,candidate_4,candidate_3,5,0.028000000000000004
478,candidate_2,candidate_1,candidate_5,candidate_4,candidate_3,5,0.028000000000000004
479,candidate_2,candidate_1,0,candidate_4,candidate_3,5,0.028000000000000004
480,candidate_2,candidate_1,candidate_5,candidate_4,candidate_3,5,0.028000000000000004
481,candidate_2,candidate_1,candidate_5,candidate_4,candidate_3,5,0.028000000000000004
482,candidate_2,candidate_1,candidate_5,candidate_4,candidate_3,5,0.028000000000000004
483,candidate_2,candidate_1,candidate_5,candidate_4,candidate_3,5,0.028000000000000004
484,candidate_2,candidate_1,candidate_5,candidate_4,candidate_3,5,0.028000000000000004
485,candidate_2,candidate_1,candidate_5,candidate_4,candidate_3,5,0.028000000000000004
0,candidate_2,candidate_3,0,candidate_4,candidate_5,5,0.028000000000000004
1,candidate_2,candidate_3,candidate_1,candidate_4,candidate_5,5,0.028000000000000004
2,candidate_2,candidate_3,candidate_1,candidate_4,candidate_5,5,0.028000000000000004
3,candidate_2,candidate_3,candidate_1,0,candidate_5,5,0.028000000000000004
4,candidate_2,candidate_3,candidate_1,candidate_4,candidate_5,5,0.028000000000000004
5,candidate_2,candidate_3,candidate_1,candidate_4,candidate_5,5,0.028000000000000004
6,candidate_2,candidate_3,candidate_1,candidate_4,candidate_5,5,0.028000000000000004
7,candidate_2,candidate_3,candidate_1,candidate_4,candidate_5,5,0.028000000000000004
8,candidate_2,candidate_3,candidate_1,candidate_4,candidate_5,5,0.028000000000000004
9,candidate_2,candidate_3,candidate_1,candidate_4,0,5,0.028000000000000004
10,candidate_2,candidate_3,candidate_1,candidate_4,candidate_5,5,0.028000000000000004
11,candidate_2,candidate_3,candidate_1,candidate_4,0,5,0.028000000000000004
12,candidate_2,candidate_3,candidate_1,candidate_4,candidate_5,5,0.028000000000000004
13,candidate_2,candidate_3,candidate_1,candidate_4,candidate_5,5,0.028000000000000004
14,0,candidate_3,candidate_1,candidate_4,candidate_5,5,0.028000000000000004
15,candidate_2,candidate_3,candidate_1,0,candidate_5,5,0.028000000000000004
16,candidate_2,candidate_3,candidate_1,candidate_4,candidate_5,5,0.028000000000000004
17,candidate_2,candidate_3,candidate_1,candidate_4,candidate_5,5,0.028000000000000004
18,candidate_2,candidate_3,candidate_1,candidate_4,candidate_5,5,0.028000000000000004
19,candidate_2,candidate_3,candidate_1,candidate_4,candidate_5,5,0.028000000000000004
20,candidate_2,candidate_3,candidate_1,candidate_4,candidate_5,5,0.028000000000000004
21,candidate_2,candidate_3,candidate_1,candidate_4,candidate_5,5,0.028000000000000004
22,candidate_2,candidate_3,candidate_1,candidate_4,candidate_5,5,0.028000000000000004
23,candidate_2,candidate_3,candidate_1,candidate_4,candidate_5,5,0.028000000000000004
24,candidate_2,candidate_3,candidate_1,candidate_4,candidate_5,5,0.028000000000000004
25,candidate_2,candidate_3,candidate_1,candidate_4,candidate_5,5,0.028000000000000004
26,candidate_2,0,candidate_1,candidate_4,candidate_5,5,0.028000000000000004
27,candidate_2,candidate_3,candidate_1,candidate_4,candidate_5,5,0.028000000000000004
28,candidate_2,candidate_3,candidate_1,candidate_4,candidate_5,5,0.028000000000000004
29,candidate_2,candidate_3,candidate_1,candidate_4,candidate_5,5,0.028000000000000004
30,candidate_2,candidate_3,candidate_1,candidate_4,candidate_5,5,0.028000000000000004
31,candidate_2,candidate_3,candidate_1,candidate_4,candidate_5,5,0.028000000000000004
32,candidate_2,candidate_3,candidate_1,candidate_4,candidate_5,5,0.028000000000000004
33,candidate_2,candidate_3,candidate_1,candidate_4,candidate_5,5,0.028000000000000004
34,candidate_2,candidate_3,candidate_1,candidate_4,candidate_5,5,0.028000000000000004
35,candidate_2,candidate_3,candidate_1,candidate_4,candidate_5,5,0.028000000000000004
36,candidate_2,candidate_3,candidate_1,candidate_4,candidate_5,5,0.028000000000000004
37,candidate_2,candidate_3,candidate_1,candidate_4,candidate_5,5,0.028000000000000004
38,candidate_2,candidate_3,candidate_1,candidate_4,candidate_5,5,0.028000000000000004
39,candidate_2,candidate_3,candidate_1,candidate_4,candidate_5,5,0.028000000000000004
40,candidate_2,0,candidate_1,candidate_4,candidate_5,5,0.028000000000000004
41,candidate_2,candidate_3,candidate_1,candidate_4,candidate_5,5,0.028000000000000004
42,candidate_2,candidate_3,0,candidate_4,candidate_5,5,0.028000000000000004
43,candidate_2,candidate_3,candidate_1,candidate_4,candidate_5,5,0.028000000000000004
44,candidate_2,candidate_3,candidate_1,candidate_4,candidate_5,5,0.028000000000000004
45,candidate_2,candidate_3,candidate_1,candidate_4,candidate_5,5,0.028000000000000004
46,candidate_2,candidate_3,candidate_1,candidate_4,candidate_5,5,0.028000000000000004
47,candidate_2,candidate_3,candidate_1,candidate_4,candidate_5,5,0.028000000000000004
48,candidate_2,candidate_3,candidate_1,candidate_4,candidate_5,5,0.028000000000000004
49,candidate_2,candidate_3,candidate_1,candidate_4,candidate_5,5,0.028000000000000004
50,candidate_2,candidate_3,candidate_1,candidate_4,candidate_5,5,0.028000000000000004
51,candidate_2,candidate_3,candidate_1,candidate_4,candidate_5,5,0.028000000000000004
52,candidate_2,candidate_3,candidate_1,candidate_4,candidate_5,5,0.028000000000000004
53,candidate_2,candidate_3,candidate_1,candidate_4,candidate_5,5,0.028000000000000004
54,candidate_2,candidate_3,candidate_1,candidate_4,candidate_5,5,0.028000000000000004
55,candidate_2,candidate_3,candidate_1,candidate_4,candidate_5,5,0.028000000000000004
56,candidate_2,candidate_3,candidate_1,candidate_4,candidate_5,5,0.028000000000000004
57,candidate_2,candidate_3,candidate_1,candidate_4,candidate_5,5,0.028000000000000004
58,candidate_2,candidate_3,candidate_1,candidate_4,candidate_5,5,0.028000000000000004
59,candidate_2,candidate_3,candidate_1,candidate_4,candidate_5,5,0.028000000000000004
60,candidate_2,candidate_3,candidate_1,candidate_4,candidate_5,5,0.028000000000000004
61,candidate_2,candidate_3,candidate_1,candidate_4,candidate_5,5,0.028000000000000004
62,candidate_2,candidate_3,candidate_1,candidate_4,candidate_5,5,0.028000000000000004
63,candidate_2,candidate_3,candidate_1,candidate_4,0,5,0.028000000000000004
64,candidate_2,candidate_3,candidate_1,candidate_4,candidate_5,5,0.028000000000000004
65,candidate_2,candidate_3,0,candidate_4,candidate_5,5,0.028000000000000004
66,candidate_2,candidate_3,candidate_1,candidate_4,candidate_5,5,0.028000000000000004
67,candidate_2,candidate_3,candidate_1,candidate_4,candidate_5,5,0.028000000000000004
68,candidate_2,0,candidate_1,candidate_4,candidate_5,5,0.028000000000000004
69,candidate_2,candidate_3,candidate_1,candidate_4,candidate_5,5,0.028000000000000004
70,candidate_2,candidate_3,candidate_1,candidate_4,candidate_5,5,0.028000000000000004
71,0,candidate_3,candidate_1,candidate_4,candidate_5,5,0.028000000000000004
72,candidate_2,candidate_3,candidate_1,candidate_4,candidate_5,5,0.028000000000000004
73,candidate_2,candidate_3,candidate_1,candidate_4,candidate_5,5,0.028000000000000004
74,candidate_2,candidate_3,candidate_1,candidate_4,candidate_5,5,0.028000000000000004
75,candidate_2,candidate_3,candidate_1,candidate_4,candidate_5,5,0.028000000000000004
76,candidate_2,candidate_3,candidate_1,candidate_4,candidate_5,5,0.028000000000000004
77,candidate_2,candidate_3,candidate_1,candidate_4,candidate_5,5,0.028000000000000004
78,0,candidate_3,candidate_1,candidate_4,candidate_5,5,0.028000000000000004
79,candidate_2,candidate_3,candidate_1,candidate_4,candidate_5,5,0.028000000000000004
80,candidate_2,candidate_3,candidate_1,candidate_4,candidate_5,5,0.028000000000000004
81,candidate_2,candidate_3,candidate_1,candidate_4,candidate_5,5,0.028000000000000004
82,candidate_2,candidate_3,candidate_1,candidate_4,candidate_5,5,0.028000000000000004
83,candidate_2,candidate_3,candidate_1,candidate_4,candidate_5,5,0.028000000000000004
84,candidate_2,candidate_3,candidate_1,candidate_4,candidate_5,5,0.028000000000000004
85,candidate_2,candidate_3,candidate_1,candidate_4,candidate_5,5,0.028000000000000004
86,candidate_2,candidate_3,candidate_1,candidate_4,candidate_5,5,0.028000000000000004
87,candidate_2,candidate_3,candidate_1,candidate_4,candidate_5,5,0.028000000000000004
88,candidate_2,candidate_3,candidate_1,candidate_4,candidate_5,5,0.028000000000000004
89,candidate_2,candidate_3,candidate_1,candidate_4,candidate_5,5,0.028000000000000004
90,candidate_2,candidate_3,candidate_1,candidate_4,candidate_5,5,0.028000000000000004
91,candidate_2,candidate_3,candidate_1,candidate_4,candidate_5,5,0.028000000000000004
92,candidate_2,candidate_3,candidate_1,candidate_4,candidate_5,5,0.028000000000000004
93,candidate_2,candidate_3,candidate_1,candidate_4,0,5,0.028000000000000004
94,candidate_2,candidate_3,candidate_1,candidate_4,candidate_5,5,0.028000000000000004
95,candidate_2,0,candidate_1,candidate_4,candidate_5,5,0.028000000000000004
96,candidate_2,candidate_3,candidate_1,candidate_4,candidate_5,5,0.028000000000000004
97,candidate_2,candidate_3,candidate_1,candidate_4,candidate_5,5,0.028000000000000004
98,candidate_2,candidate_3,candidate_1,candidate_4,candidate_5,5,0.028000000000000004
99,candidate_2,candidate_3,candidate_1,candidate_4,candidate_5,5,0.028000000000000004
100,candidate_2,candidate_3,candidate_1,candidate_4,candidate_5,5,0.028000000000000004
101,candidate_2,candidate_3,candidate_1,candidate_4,candidate_5,5,0.028000000000000004
102,candidate_2,candidate_3,candidate_1,candidate_4,candidate_5,5,0.028000000000000004
103,candidate_2,candidate_3,candidate_1,candidate_4,0,5,0.028000000000000004
104,candidate_2,candidate_3,0,candidate_4,candidate_5,5,0.028000000000000004
105,candidate_2,candidate_3,candidate_1,candidate_4,candidate_5,5,0.028000000000000004
106,candidate_2,candidate_3,candidate_1,0,candidate_5,5,0.028000000000000004
107,candidate_2,candidate_3,candidate_1,candidate_4,candidate_5,5,0.028000000000000004
108,candidate_2,candidate_3,candidate_1,candidate_4,candidate_5,5,0.028000000000000004
109,candidate_2,candidate_3,candidate_1,candidate_4,candidate_5,5,0.028000000000000004
110,candidate_2,candidate_3,candidate_1,candidate_4,candidate_5,5,0.028000000000000004
111,candidate_2,candidate_3,candidate_1,candidate_4,candidate_5,5,0.028000000000000004
112,candidate_2,candidate_3,candidate_1,candidate_4,candidate_5,5,0.028000000000000004
113,candidate_2,candidate_3,candidate_1,candidate_4,candidate_5,5,0.028000000000000004
114,candidate_2,candidate_3,candidate_1,candidate_4,candidate_5,5,0.028000000000000004
115,candidate_2,candidate_3,candidate_1,candidate_4,candidate_5,5,0.028000000000000004
116,candidate_2,candidate_3,candidate_1,candidate_4,candidate_5,5,0.028000000000000004
117,candidate_2,candidate_3,candidate_1,candidate_4,candidate_5,5,0.028000000000000004
118,candidate_2,0,candidate_1,candidate_4,candidate_5,5,0.028000000000000004
119,candidate_2,candidate_3,candidate_1,candidate_4,candidate_5,5,0.028000000000000004
120,candidate_2,candidate_3,0,candidate_4,candidate_5,5,0.028000000000000004
121,candidate_2,candidate_3,candidate_1,candidate_4,candidate_5,5,0.028000000000000004
122,candidate_2,candidate_3,candidate_1,candidate_4,candidate_5,5,0.028000000000000004
123,candidate_2,candidate_3,candidate_1,candidate_4,candidate_5,5,0.028000000000000004
124,candidate_2,candidate_3,candidate_1,candidate_4,candidate_5,5,0.028000000000000004
125,0,candidate_3,candidate_1,candidate_4,candidate_5,5,0.028000000000000004
126,candidate_2,candidate_3,candidate_1,candidate_4,candidate_5,5,0.028000000000000004
127,candidate_2,candidate_3,candidate_1,candidate_4,candidate_5,5,0.028000000000000004
128,candidate_2,candidate_3,candidate_1,candidate_4,candidate_5,5,0.028000000000000004
129,candidate_2,candidate_3,candidate_1,candidate_4,candidate_5,5,0.028000000000000004
130,candidate_2,candidate_3,candidate_1,candidate_4,candidate_5,5,0.028000000000000004
131,candidate_2,candidate_3,candidate_1,candidate_4,candidate_5,5,0.028000000000000004
132,candidate_2,candidate_3,candidate_1,candidate_4,candidate_5,5,0.028000000000000004
133,candidate_2,candidate_3,candidate_1,candidate_4,candidate_5,5,0.028000000000000004
134,candidate_2,candidate_3,candidate_1,candidate_4,candidate_5,5,0.028000000000000004
135,candidate_2,candidate_3,candidate_1,candidate_4,candidate_5,5,0.028000000000000004
136,candidate_2,candidate_3,0,candidate_4,candidate_5,5,0.028000000000000004
137,candidate_2,candidate_3,candidate_1,candidate_4,candidate_5,5,0.028000000000000004
138,candidate_2,candidate_3,candidate_1,candidate_4,0,5,0.028000000000000004
139,candidate_2,candidate_3,candidate_1,candidate_4,candidate_5,5,0.028000000000000004
140,candidate_2,candidate_3,candidate_1,candidate_4,candidate_5,5,0.028000000000000004
141,candidate_2,candidate_3,candidate_1,candidate_4,candidate_5,5,0.028000000000000004
142,candidate_2,candidate_3,candidate_1,candidate_4,candidate_5,5,0.028000000000000004
143,candidate_2,candidate_3,candidate_1,candidate_4,candidate_5,5,0.028000000000000004
144,candidate_2,candidate_3,candidate_1,candidate_4,candidate_5,5,0.028000000000000004
145,candidate_2,candidate_3,candidate_1,candidate_4,candidate_5,5,0.028000000000000004
146,0,candidate_3,candidate_1,candidate_4,candidate_5,5,0.028000000000000004
147,candidate_2,candidate_3,candidate_1,candidate_4,candidate_5,5,0.028000000000000004
148,candidate_2,candidate_3,candidate_1,candidate_4,candidate_5,5,0.028000000000000004
149,candidate_2,0,candidate_1,candidate_4,candidate_5,5,0.028000000000000004
150,candidate_2,candidate_3,candidate_1,candidate_4,candidate_5,5,0.028000000000000004
151,candidate_2,candidate_3,candidate_1,candidate_4,candidate_5,5,0.028000000000000004
152,candidate_2,candidate_3,candidate_1,candidate_4,candidate_5,5,0.028000000000000004
153,candidate_2,candidate_3,candidate_1,candidate_4,candidate_5,5,0.028000000000000004
154,candidate_2,candidate_3,candidate_1,candidate_4,candidate_5,5,0.028000000000000004
155,candidate_2,candidate_3,0,candidate_4,candidate_5,5,0.028000000000000004
156,candidate_2,candidate_3,candidate_1,candidate_4,candidate_5,5,0.028000000000000004
157,candidate_2,candidate_3,candidate_1,candidate_4,candidate_5,5,0.028000000000000004
158,candidate_2,candidate_3,candidate_1,candidate_4,candidate_5,5,0.028000000000000004
159,candidate_2,candidate_3,candidate_1,candidate_4,candidate_5,5,0.028000000000000004
160,candidate_2,candidate_3,candidate_1,0,candidate_5,5,0.028000000000000004
161,candidate_2,candidate_3,candidate_1,candidate_4,candidate_5,5,0.028000000000000004
162,candidate_2,candidate_3,candidate_1,candidate_4,candidate_5,5,0.028000000000000004
163,candidate_2,candidate_3,candidate_1,candidate_4,candidate_5,5,0.028000000000000004
164,0,candidate_3,candidate_1,candidate_4,candidate_5,5,0.028000000000000004
165,candidate_2,candidate_3,candidate_1,candidate_4,candidate_5,5,0.028000000000000004
166,candidate_2,candidate_3,candidate_1,candidate_4,candidate_5,5,0.028000000000000004
167,candidate_2,candidate_3,candidate_1,candidate_4,candidate_5,5,0.028000000000000004
168,candidate_2,candidate_3,candidate_1,candidate_4,candidate_5,5,0.028000000000000004
169,candidate_2,candidate_3,candidate_1,candidate_4,candidate_5,5,0.028000000000000004
170,candidate_2,candidate_3,candidate_1,candidate_4,candidate_5,5,0.028000000000000004
171,candidate_2,candidate_3,candidate_1,candidate_4,candidate_5,5,0.028000000000000004
172,candidate_2,candidate_3,candidate_1,candidate_4,candidate_5,5,0.028000000000000004
173,candidate_2,candidate_3,candidate_1,candidate_4,0,5,0.028000000000000004
174,candidate_2,candidate_3,candidate_1,candidate_4,candidate_5,5,0.028000000000000004
175,candidate_2,candidate_3,candidate_1,candidate_4,candidate_5,5,0.028000000000000004
176,candidate_2,candidate_3,candidate_1,candidate_4,candidate_5,5,0.028000000000000004
177,candidate_2,candidate_3,candidate_1,candidate_4,candidate_5,5,0.028000000000000004
178,candidate_2,candidate_3,candidate_1,candidate_4,candidate_5,5,0.028000000000000004
179,candidate_2,candidate_3,candidate_1,candidate_4,0,5,0.028000000000000004
180,candidate_2,candidate_3,candidate_1,candidate_4,candidate_5,5,0.028000000000000004
181,candidate_2,candidate_3,candidate_1,candidate_4,candidate_5,5,0.028000000000000004
182,candidate_2,candidate_3,candidate_1,candidate_4,candidate_5,5,0.028000000000000004
183,candidate_2,candidate_3,candidate_1,candidate_4,candidate_5,5,0.028000000000000004
184,candidate_2,candidate_3,candidate_1,candidate_4,candidate_5,5,0.028000000000000004
185,candidate_2,candidate_3,candidate_1,candidate_4,candidate_5,5,0.028000000000000004
186,candidate_2,candidate_3,0,candidate_4,candidate_5,5,0.028000000000000004
187,candidate_2,candidate_3,candidate_1,candidate_4,candidate_5,5,0.028000000000000004
188,candidate_2,candidate_3,candidate_1,candidate_4,candidate_5,5,0.028000000000000004
189,candidate_2,candidate_3,candidate_1,candidate_4,candidate_5,5,0.028000000000000004
190,candidate_2,candidate_3,candidate_1,candidate_4,candidate_5,5,0.028000000000000004
191,candidate_2,candidate_3,candidate_1,candidate_4,candidate_5,5,0.028000000000000004
192,candidate_2,0,candidate_1,candidate_4,candidate_5,5,0.028000000000000004
193,candidate_2,0,candidate_1,candidate_4,candidate_5,5,0.028000000000000004
194,candidate_2,candidate_3,candidate_1,candidate_4,candidate_5,5,0.028000000000000004
195,candidate_2,candidate_3,candidate_1,candidate_4,candidate_5,5,0.028000000000000004
196,candidate_2,candidate_3,candidate_1,candidate_4,candidate_5,5,0.028000000000000004
197,candidate_2,candidate_3,candidate_1,candidate_4,candidate_5,5,0.028000000000000004
198,candidate_2,candidate_3,candidate_1,candidate_4,candidate_5,5,0.028000000000000004
199,candidate_2,candidate_3,candidate_1,candidate_4,candidate_5,5,0.028000000000000004
200,candidate_2,candidate_3,candidate_1,candidate_4,candidate_5,5,0.028000000000000004
201,candidate_2,candidate_3,0,candidate_4,candidate_5,5,0.028000000000000004
202,candidate_2,candidate_3,candidate_1,candidate_4,candidate_5,5,0.028000000000000004
203,candidate_2,candidate_3,candidate_1,candidate_4,candidate_5,5,0.028000000000000004
204,candidate_2,candidate_3,candidate_1,candidate_4,candidate_5,5,0.028000000000000004
205,candidate_2,candidate_3,candidate_1,candidate_4,candidate_5,5,0.028000000000000004
206,0,0,candidate_1,candidate_4,candidate_5,5,0.028000000000000004
207,candidate_2,candidate_3,candidate_1,candidate_4,candidate_5,5,0.028000000000000004
208,candidate_2,candidate_3,candidate_1,candidate_4,candidate_5,5,0.028000000000000004
209,candidate_2,0,candidate_1,candidate_4,candidate_5,5,0.028000000000000004
210,candidate_2,0,candidate_1,candidate_4,candidate_5,5,0.028000000000000004
211,candidate_2,candidate_3,candidate_1,candidate_4,candidate_5,5,0.028000000000000004
212,candidate_2,candidate_3,candidate_1,candidate_4,0,5,0.028000000000000004
213,candidate_2,candidate_3,candidate_1,0,candidate_5,5,0.028000000000000004
214,candidate_2,candidate_3,candidate_1,candidate_4,candidate_5,5,0.028000000000000004
215,candidate_2,candidate_3,candidate_1,candidate_4,candidate_5,5,0.028000000000000004
216,candidate_2,candidate_3,candidate_1,candidate_4,candidate_5,5,0.028000000000000004
217,candidate_2,candidate_3,candidate_1,candidate_4,candidate_5,5,0.028000000000000004
218,candidate_2,0,candidate_1,candidate_4,candidate_5,5,0.028000000000000004
219,candidate_2,candidate_3,candidate_1,candidate_4,candidate_5,5,0.028000000000000004
220,candidate_2,candidate_3,candidate_1,candidate_4,candidate_5,5,0.028000000000000004
221,candidate_2,candidate_3,candidate_1,candidate_4,candidate_5,5,0.028000000000000004
222,candidate_2,candidate_3,candidate_1,candidate_4,candidate_5,5,0.028000000000000004
223,candidate_2,candidate_3,candidate_1,candidate_4,candidate_5,5,0.028000000000000004
224,candidate_2,candidate_3,candidate_1,candidate_4,candidate_5,5,0.028000000000000004
225,candidate_2,candidate_3,candidate_1,candidate_4,candidate_5,5,0.028000000000000004
226,candidate_2,candidate_3,candidate_1,candidate_4,candidate_5,5,0.028000000000000004
227,candidate_2,candidate_3,candidate_1,candidate_4,candidate_5,5,0.028000000000000004
228,candidate_2,candidate_3,candidate_1,candidate_4,candidate_5,5,0.028000000000000004
229,candidate_2,candidate_3,candidate_1,candidate_4,candidate_5,5,0.028000000000000004
230,candidate_2,candidate_3,candidate_1,candidate_4,candidate_5,5,0.028000000000000004
231,candidate_2,candidate_3,candidate_1,candidate_4,candidate_5,5,0.028000000000000004
232,candidate_2,candidate_3,candidate_1,candidate_4,candidate_5,5,0.028000000000000004
233,candidate_2,candidate_3,candidate_1,candidate_4,candidate_5,5,0.028000000000000004
234,candidate_2,candidate_3,candidate_1,candidate_4,candidate_5,5,0.028000000000000004
235,candidate_2,candidate_3,candidate_1,candidate_4,candidate_5,5,0.028000000000000004
236,candidate_2,candidate_3,candidate_1,candidate_4,candidate_5,5,0.028000000000000004
237,candidate_2,candidate_3,candidate_1,candidate_4,candidate_5,5,0.028000000000000004
238,candidate_2,candidate_3,candidate_1,0,candidate_5,5,0.028000000000000004
239,candidate_2,candidate_3,candidate_1,candidate_4,candidate_5,5,0.028000000000000004
240,candidate_2,candidate_3,candidate_1,candidate_4,candidate_5,5,0.028000000000000004
241,candidate_2,candidate_3,candidate_1,candidate_4,candidate_5,5,0.028000000000000004
242,candidate_2,candidate_3,candidate_1,candidate_4,0,5,0.028000000000000004
243,candidate_2,candidate_3,candidate_1,candidate_4,candidate_5,5,0.028000000000000004
244,candidate_2,candidate_3,candidate_1,candidate_4,candidate_5,5,0.028000000000000004
245,candidate_2,candidate_3,candidate_1,candidate_4,candidate_5,5,0.028000000000000004
246,candidate_2,candidate_3,candidate_1,candidate_4,candidate_5,5,0.028000000000000004
247,candidate_2,candidate_3,candidate_1,candidate_4,candidate_5,5,0.028000000000000004
248,candidate_2,candidate_3,candidate_1,candidate_4,candidate_5,5,0.028000000000000004
249,candidate_2,candidate_3,candidate_1,candidate_4,candidate_5,5,0.028000000000000004
250,candidate_2,candidate_3,candidate_1,candidate_4,candidate_5,5,0.028000000000000004
251,candidate_2,candidate_3,candidate_1,candidate_4,candidate_5,5,0.028000000000000004
252,candidate_2,candidate_3,candidate_1,candidate_4,candidate_5,5,0.028000000000000004
253,candidate_2,candidate_3,candidate_1,candidate_4,candidate_5,5,0.028000000000000004
254,candidate_2,candidate_3,candidate_1,candidate_4,candidate_5,5,0.028000000000000004
255,candidate_2,candidate_3,candidate_1,candidate_4,candidate_5,5,0.028000000000000004
256,candidate_2,candidate_3,candidate_1,candidate_4,candidate_5,5,0.028000000000000004
257,candidate_2,candidate_3,candidate_1,candidate_4,candidate_5,5,0.028000000000000004
258,candidate_2,candidate_3,candidate_1,candidate_4,candidate_5,5,0.028000000000000004
259,candidate_2,candidate_3,candidate_1,candidate_4,candidate_5,5,0.028000000000000004
260,candidate_2,candidate_3,candidate_1,candidate_4,candidate_5,5,0.028000000000000004
261,candidate_2,candidate_3,candidate_1,candidate_4,0,5,0.028000000000000004
262,candidate_2,candidate_3,candidate_1,candidate_4,candidate_5,5,0.028000000000000004
263,candidate_2,candidate_3,candidate_1,candidate_4,candidate_5,5,0.028000000000000004
264,candidate_2,candidate_3,candidate_1,candidate_4,candidate_5,5,0.028000000000000004
265,candidate_2,candidate_3,candidate_1,candidate_4,candidate_5,5,0.028000000000000004
266,candidate_2,candidate_3,candidate_1,candidate_4,candidate_5,5,0.028000000000000004
267,candidate_2,candidate_3,candidate_1,candidate_4,candidate_5,5,0.028000000000000004
268,candidate_2,candidate_3,candidate_1,candidate_4,candidate_5,5,0.028000000000000004
269,candidate_2,candidate_3,candidate_1,candidate_4,candidate_5,5,0.028000000000000004
270,candidate_2,candidate_3,candidate_1,candidate_4,candidate_5,5,0.028000000000000004
271,candidate_2,candidate_3,candidate_1,candidate_4,candidate_5,5,0.028000000000000004
272,candidate_2,candidate_3,candidate_1,candidate_4,candidate_5,5,0.028000000000000004
273,candidate_2,candidate_3,candidate_1,candidate_4,candidate_5,5,0.028000000000000004
274,candidate_2,candidate_3,candidate_1,candidate_4,candidate_5,5,0.028000000000000004
275,candidate_2,candidate_3,candidate_1,candidate_4,candidate_5,5,0.028000000000000004
276,candidate_2,candidate_3,candidate_1,candidate_4,candidate_5,5,0.028000000000000004
277,candidate_2,candidate_3,0,candidate_4,candidate_5,5,0.028000000000000004
278,candidate_2,candidate_3,candidate_1,candidate_4,candidate_5,5,0.028000000000000004
279,candidate_2,candidate_3,candidate_1,candidate_4,0,5,0.028000000000000004
280,candidate_2,candidate_3,candidate_1,candidate_4,candidate_5,5,0.028000000000000004
281,candidate_2,candidate_3,candidate_1,candidate_4,candidate_5,5,0.028000000000000004
282,candidate_2,candidate_3,candidate_1,candidate_4,candidate_5,5,0.028000000000000004
283,candidate_2,candidate_3,candidate_1,candidate_4,candidate_5,5,0.028000000000000004
284,candidate_2,candidate_3,candidate_1,candidate_4,candidate_5,5,0.028000000000000004
285,candidate_2,candidate_3,candidate_1,candidate_4,candidate_5,5,0.028000000000000004
286,candidate_2,candidate_3,candidate_1,candidate_4,candidate_5,5,0.028000000000000004
287,candidate_2,candidate_3,candidate_1,candidate_4,candidate_5,5,0.028000000000000004
288,candidate_2,candidate_3,candidate_1,candidate_4,candidate_5,5,0.028000000000000004
289,candidate_2,candidate_3,candidate_1,candidate_4,candidate_5,5,0.028000000000000004
290,candidate_2,candidate_3,candidate_1,candidate_4,candidate_5,5,0.028000000000000004
291,candidate_2,candidate_3,candidate_1,candidate_4,candidate_5,5,0.028000000000000004
292,0,candidate_3,candidate_1,candidate_4,candidate_5,5,0.028000000000000004
293,candidate_2,candidate_3,candidate_1,candidate_4,candidate_5,5,0.028000000000000004
294,candidate_2,candidate_3,candidate_1,candidate_4,candidate_5,5,0.028000000000000004
295,0,candidate_3,candidate_1,candidate_4,candidate_5,5,0.028000000000000004
296,candidate_2,candidate_3,candidate_1,candidate_4,0,5,0.028000000000000004
297,candidate_2,candidate_3,candidate_1,candidate_4,candidate_5,5,0.028000000000000004
298,candidate_2,candidate_3,candidate_1,candidate_4,candidate_5,5,0.028000000000000004
299,candidate_2,candidate_3,candidate_1,candidate_4,candidate_5,5,0.028000000000000004
300,candidate_2,candidate_3,0,candidate_4,candidate_5,5,0.028000000000000004
301,candidate_2,candidate_3,candidate_1,candidate_4,candidate_5,5,0.028000000000000004
302,candidate_2,candidate_3,candidate_1,candidate_4,candidate_5,5,0.028000000000000004
303,candidate_2,candidate_3,candidate_1,candidate_4,candidate_5,5,0.028000000000000004
304,0,candidate_3,candidate_1,candidate_4,candidate_5,5,0.028000000000000004
305,candidate_2,candidate_3,candidate_1,candidate_4,candidate_5,5,0.028000000000000004
306,candidate_2,candidate_3,candidate_1,candidate_4,candidate_5,5,0.028000000000000004
307,candidate_2,candidate_3,candidate_1,candidate_4,candidate_5,5,0.028000000000000004
308,candidate_2,candidate_3,candidate_1,candidate_4,candidate_5,5,0.028000000000000004
309,candidate_2,candidate_3,candidate_1,candidate_4,candidate_5,5,0.028000000000000004
310,candidate_2,candidate_3,candidate_1,candidate_4,candidate_5,5,0.028000000000000004
311,candidate_2,candidate_3,candidate_1,candidate_4,candidate_5,5,0.028000000000000004
312,candidate_2,candidate_3,candidate_1,candidate_4,candidate_5,5,0.028000000000000004
313,candidate_2,candidate_3,candidate_1,candidate_4,candidate_5,5,0.028000000000000004
314,candidate_2,candidate_3,candidate_1,candidate_4,candidate_5,5,0.028000000000000004
315,candidate_2,candidate_3,candidate_1,candidate_4,candidate_5,5,0.028000000000000004
316,candidate_2,candidate_3,candidate_1,candidate_4,candidate_5,5,0.028000000000000004
317,candidate_2,candidate_3,candidate_1,candidate_4,candidate_5,5,0.028000000000000004
318,0,candidate_3,candidate_1,candidate_4,candidate_5,5,0.028000000000000004
319,candidate_2,candidate_3,candidate_1,candidate_4,candidate_5,5,0.028000000000000004
320,candidate_2,candidate_3,candidate_1,candidate_4,candidate_5,5,0.028000000000000004
321,candidate_2,candidate_3,candidate_1,candidate_4,candidate_5,5,0.028000000000000004
322,candidate_2,candidate_3,candidate_1,candidate_4,candidate_5,5,0.028000000000000004
323,candidate_2,candidate_3,candidate_1,candidate_4,candidate_5,5,0.028000000000000004
324,candidate_2,candidate_3,candidate_1,candidate_4,candidate_5,5,0.028000000000000004
325,candidate_2,candidate_3,candidate_1,candidate_4,candidate_5,5,0.028000000000000004
326,candidate_2,candidate_3,0,candidate_4,candidate_5,5,0.028000000000000004
327,candidate_2,candidate_3,candidate_1,candidate_4,candidate_5,5,0.028000000000000004
328,0,candidate_3,candidate_1,candidate_4,candidate_5,5,0.028000000000000004
329,candidate_2,candidate_3,candidate_1,candidate_4,0,5,0.028000000000000004
330,candidate_2,candidate_3,candidate_1,candidate_4,candidate_5,5,0.028000000000000004
331,candidate_2,candidate_3,candidate_1,candidate_4,candidate_5,5,0.028000000000000004
332,candidate_2,candidate_3,candidate_1,candidate_4,candidate_5,5,0.028000000000000004
333,candidate_2,candidate_3,candidate_1,candidate_4,candidate_5,5,0.028000000000000004
334,candidate_2,candidate_3,candidate_1,candidate_4,candidate_5,5,0.028000000000000004
335,candidate_2,candidate_3,candidate_1,candidate_4,candidate_5,5,0.028000000000000004
336,candidate_2,candidate_3,candidate_1,candidate_4,candidate_5,5,0.028000000000000004
337,candidate_2,candidate_3,candidate_1,candidate_4,candidate_5,5,0.028000000000000004
338,candidate_2,candidate_3,candidate_1,candidate_4,candidate_5,5,0.028000000000000004
339,candidate_2,candidate_3,candidate_1,candidate_4,candidate_5,5,0.028000000000000004
340,candidate_2,candidate_3,candidate_1,candidate_4,candidate_5,5,0.028000000000000004
341,candidate_2,candidate_3,candidate_1,candidate_4,candidate_5,5,0.028000000000000004
342,candidate_2,candidate_3,candidate_1,candidate_4,candidate_5,5,0.028000000000000004
343,candidate_2,candidate_3,candidate_1,candidate_4,candidate_5,5,0.028000000000000004
344,candidate_2,candidate_3,candidate_1,candidate_4,candidate_5,5,0.028000000000000004
345,candidate_2,candidate_3,candidate_1,candidate_4,candidate_5,5,0.028000000000000004
346,candidate_2,candidate_3,candidate_1,candidate_4,candidate_5,5,0.028000000000000004
347,candidate_2,candidate_3,candidate_1,candidate_4,candidate_5,5,0.028000000000000004
348,candidate_2,candidate_3,candidate_1,candidate_4,candidate_5,5,0.028000000000000004
349,candidate_2,candidate_3,candidate_1,candidate_4,candidate_5,5,0.028000000000000004
350,candidate_2,candidate_3,candidate_1,candidate_4,candidate_5,5,0.028000000000000004
351,candidate_2,candidate_3,candidate_1,candidate_4,candidate_5,5,0.028000000000000004
352,candidate_2,candidate_3,candidate_1,candidate_4,candidate_5,5,0.028000000000000004
353,candidate_2,candidate_3,candidate_1,candidate_4,candidate_5,5,0.028000000000000004
354,candidate_2,candidate_3,candidate_1,candidate_4,candidate_5,5,0.028000000000000004
355,candidate_2,candidate_3,candidate_1,candidate_4,candidate_5,5,0.028000000000000004
356,candidate_2,candidate_3,candidate_1,candidate_4,candidate_5,5,0.028000000000000004
357,candidate_2,candidate_3,candidate_1,candidate_4,candidate_5,5,0.028000000000000004
358,candidate_2,candidate_3,candidate_1,candidate_4,candidate_5,5,0.028000000000000004
359,candidate_2,candidate_3,candidate_1,candidate_4,candidate_5,5,0.028000000000000004
360,candidate_2,candidate_3,candidate_1,candidate_4,candidate_5,5,0.028000000000000004
361,candidate_2,candidate_3,candidate_1,candidate_4,candidate_5,5,0.028000000000000004
362,candidate_2,candidate_3,candidate_1,candidate_4,candidate_5,5,0.028000000000000004
363,candidate_2,candidate_3,candidate_1,candidate_4,candidate_5,5,0.028000000000000004
364,candidate_2,candidate_3,candidate_1,candidate_4,candidate_5,5,0.028000000000000004
365,candidate_2,candidate_3,candidate_1,candidate_4,candidate_5,5,0.028000000000000004
366,candidate_2,candidate_3,candidate_1,candidate_4,candidate_5,5,0.028000000000000004
367,candidate_2,candidate_3,candidate_1,candidate_4,candidate_5,5,0.028000000000000004
368,candidate_2,candidate_3,candidate_1,candidate_4,candidate_5,5,0.028000000000000004
369,candidate_2,candidate_3,candidate_1,candidate_4,candidate_5,5,0.028000000000000004
370,candidate_2,candidate_3,candidate_1,candidate_4,candidate_5,5,0.028000000000000004
371,candidate_2,candidate_3,candidate_1,candidate_4,candidate_5,5,0.028000000000000004
372,candidate_2,candidate_3,candidate_1,0,candidate_5,5,0.028000000000000004
373,candidate_2,candidate_3,candidate_1,candidate_4,candidate_5,5,0.028000000000000004
374,candidate_2,candidate_3,candidate_1,candidate_4,candidate_5,5,0.028000000000000004
375,candidate_2,0,candidate_1,candidate_4,candidate_5,5,0.028000000000000004
376,candidate_2,candidate_3,candidate_1,candidate_4,candidate_5,5,0.028000000000000004
377,candidate_2,candidate_3,candidate_1,candidate_4,candidate_5,5,0.028000000000000004
378,candidate_2,candidate_3,candidate_1,candidate_4,candidate_5,5,0.028000000000000004
379,candidate_2,candidate_3,candidate_1,candidate_4,candidate_5,5,0.028000000000000004
380,candidate_2,candidate_3,candidate_1,candidate_4,candidate_5,5,0.028000000000000004
381,candidate_2,candidate_3,candidate_1,candidate_4,candidate_5,5,0.028000000000000004
382,candidate_2,candidate_3,candidate_1,candidate_4,candidate_5,5,0.028000000000000004
383,candidate_2,candidate_3,candidate_1,candidate_4,candidate_5,5,0.028000000000000004
384,candidate_2,candidate_3,candidate_1,candidate_4,candidate_5,5,0.028000000000000004
385,candidate_2,candidate_3,candidate_1,candidate_4,candidate_5,5,0.028000000000000004
386,candidate_2,candidate_3,candidate_1,candidate_4,candidate_5,5,0.028000000000000004
387,candidate_2,candidate_3,candidate_1,candidate_4,candidate_5,5,0.028000000000000004
388,candidate_2,candidate_3,candidate_1,candidate_4,candidate_5,5,0.028000000000000004
389,candidate_2,candidate_3,candidate_1,candidate_4,candidate_5,5,0.028000000000000004
390,candidate_2,candidate_3,candidate_1,candidate_4,candidate_5,5,0.028000000000000004
391,candidate_2,candidate_3,candidate_1,candidate_4,candidate_5,5,0.028000000000000004
392,candidate_2,candidate_3,candidate_1,candidate_4,candidate_5,5,0.028000000000000004
393,candidate_2,candidate_3,candidate_1,candidate_4,candidate_5,5,0.028000000000000004
394,candidate_2,candidate_3,candidate_1,candidate_4,candidate_5,5,0.028000000000000004
395,candidate_2,candidate_3,candidate_1,candidate_4,candidate_5,5,0.028000000000000004
396,candidate_2,candidate_3,candidate_1,0,candidate_5,5,0.028000000000000004
397,candidate_2,candidate_3,candidate_1,candidate_4,candidate_5,5,0.028000000000000004
398,candidate_2,candidate_3,candidate_1,candidate_4,candidate_5,5,0.028000000000000004
399,candidate_2,candidate_3,candidate_1,candidate_4,candidate_5,5,0.028000000000000004
400,candidate_2,candidate_3,candidate_1,candidate_4,candidate_5,5,0.028000000000000004
401,candidate_2,candidate_3,0,candidate_4,candidate_5,5,0.028000000000000004
402,candidate_2,candidate_3,candidate_1,candidate_4,candidate_5,5,0.028000000000000004
403,candidate_2,candidate_3,candidate_1,candidate_4,0,5,0.028000000000000004
404,candidate_2,candidate_3,candidate_1,candidate_4,candidate_5,5,0.028000000000000004
405,candidate_2,candidate_3,candidate_1,candidate_4,candidate_5,5,0.028000000000000004
406,candidate_2,candidate_3,candidate_1,candidate_4,candidate_5,5,0.028000000000000004
407,candidate_2,candidate_3,candidate_1,0,candidate_5,5,0.028000000000000004
408,candidate_2,candidate_3,candidate_1,candidate_4,candidate_5,5,0.028000000000000004
409,candidate_2,candidate_3,candidate_1,candidate_4,candidate_5,5,0.028000000000000004
410,candidate_2,candidate_3,candidate_1,candidate_4,candidate_5,5,0.028000000000000004
411,candidate_2,candidate_3,candidate_1,candidate_4,candidate_5,5,0.028000000000000004
412,candidate_2,candidate_3,candidate_1,candidate_4,candidate_5,5,0.028000000000000004
413,candidate_2,candidate_3,candidate_1,candidate_4,candidate_5,5,0.028000000000000004
414,candidate_2,candidate_3,candidate_1,0,candidate_5,5,0.028000000000000004
415,candidate_2,candidate_3,candidate_1,candidate_4,candidate_5,5,0.028000000000000004
416,candidate_2,candidate_3,0,candidate_4,candidate_5,5,0.028000000000000004
417,candidate_2,candidate_3,candidate_1,candidate_4,candidate_5,5,0.028000000000000004
418,candidate_2,candidate_3,candidate_1,candidate_4,candidate_5,5,0.028000000000000004
419,candidate_2,0,candidate_1,candidate_4,candidate_5,5,0.028000000000000004
420,candidate_2,candidate_3,candidate_1,candidate_4,candidate_5,5,0.028000000000000004
421,candidate_2,candidate_3,candidate_1,candidate_4,candidate_5,5,0.028000000000000004
422,candidate_2,candidate_3,candidate_1,candidate_4,candidate_5,5,0.028000000000000004
423,candidate_2,candidate_3,candidate_1,candidate_4,candidate_5,5,0.028000000000000004
424,candidate_2,candidate_3,candidate_1,candidate_4,candidate_5,5,0.028000000000000004
425,candidate_2,candidate_3,candidate_1,candidate_4,candidate_5,5,0.028000000000000004
426,candidate_2,candidate_3,0,candidate_4,candidate_5,5,0.028000000000000004
427,candidate_2,candidate_3,candidate_1,candidate_4,candidate_5,5,0.028000000000000004
428,candidate_2,candidate_3,candidate_1,candidate_4,candidate_5,5,0.028000000000000004
429,candidate_2,candidate_3,candidate_1,candidate_4,candidate_5,5,0.028000000000000004
430,candidate_2,candidate_3,candidate_1,candidate_4,candidate_5,5,0.028000000000000004
431,candidate_2,candidate_3,candidate_1,0,candidate_5,5,0.028000000000000004
432,candidate_2,candidate_3,candidate_1,candidate_4,candidate_5,5,0.028000000000000004
433,candidate_2,candidate_3,candidate_1,0,candidate_5,5,0.028000000000000004
434,candidate_2,candidate_3,candidate_1,candidate_4,candidate_5,5,0.028000000000000004
435,candidate_2,0,candidate_1,candidate_4,candidate_5,5,0.028000000000000004
436,candidate_2,candidate_3,candidate_1,candidate_4,candidate_5,5,0.028000000000000004
437,candidate_2,candidate_3,candidate_1,candidate_4,candidate_5,5,0.028000000000000004
438,candidate_2,candidate_3,candidate_1,candidate_4,candidate_5,5,0.028000000000000004
439,candidate_2,candidate_3,candidate_1,candidate_4,candidate_5,5,0.028000000000000004
440,candidate_2,candidate_3,candidate_1,candidate_4,candidate_5,5,0.028000000000000004
441,candidate_2,candidate_3,candidate_1,candidate_4,candidate_5,5,0.028000000000000004
442,candidate_2,candidate_3,candidate_1,candidate_4,0,5,0.028000000000000004
443,candidate_2,candidate_3,candidate_1,candidate_4,candidate_5,5,0.028000000000000004
444,candidate_2,candidate_3,candidate_1,candidate_4,candidate_5,5,0.028000000000000004
445,candidate_2,candidate_3,candidate_1,candidate_4,candidate_5,5,0.028000000000000004
446,candidate_2,candidate_3,candidate_1,candidate_4,candidate_5,5,0.028000000000000004
447,candidate_2,candidate_3,candidate_1,candidate_4,candidate_5,5,0.028000000000000004
448,candidate_2,candidate_3,candidate_1,candidate_4,candidate_5,5,0.028000000000000004
449,candidate_2,candidate_3,candidate_1,candidate_4,0,5,0.028000000000000004
450,candidate_2,candidate_3,candidate_1,candidate_4,candidate_5,5,0.028000000000000004
451,candidate_2,candidate_3,candidate_1,candidate_4,candidate_5,5,0.028000000000000004
452,candidate_2,candidate_3,candidate_1,candidate_4,candidate_5,5,0.028000000000000004
453,candidate_2,candidate_3,candidate_1,candidate_4,candidate_5,5,0.028000000000000004
454,candidate_2,0,candidate_1,candidate_4,candidate_5,5,0.028000000000000004
455,candidate_2,candidate_3,candidate_1,candidate_4,candidate_5,5,0.028000000000000004
456,candidate_2,candidate_3,candidate_1,candidate_4,candidate_5,5,0.028000000000000004
457,candidate_2,candidate_3,candidate_1,candidate_4,candidate_5,5,0.028000000000000004
458,candidate_2,candidate_3,candidate_1,candidate_4,candidate_5,5,0.028000000000000004
459,candidate_2,candidate_3,candidate_1,candidate_4,candidate_5,5,0.028000000000000004
460,candidate_2,candidate_3,candidate_1,candidate_4,candidate_5,5,0.028000000000000004
461,candidate_2,0,candidate_1,candidate_4,candidate_5,5,0.028000000000000004
462,candidate_2,candidate_3,candidate_1,candidate_4,candidate_5,5,0.028000000000000004
463,candidate_2,candidate_3,0,candidate_4,candidate_5,5,0.028000000000000004
464,candidate_2,candidate_3,candidate_1,candidate_4,candidate_5,5,0.028000000000000004
465,candidate_2,candidate_3,candidate_1,candidate_4,candidate_5,5,0.028000000000000004
466,candidate_2,candidate_3,candidate_1,candidate_4,candidate_5,5,0.028000000000000004
467,candidate_2,candidate_3,candidate_1,candidate_4,candidate_5,5,0.028000000000000004
468,candidate_2,candidate_3,candidate_1,candidate_4,candidate_5,5,0.028000000000000004
469,candidate_2,candidate_3,candidate_1,candidate_4,candidate_5,5,0.028000000000000004
470,candidate_2,candidate_3,candidate_1,candidate_4,candidate_5,5,0.028000000000000004
471,candidate_2,candidate_3,candidate_1,candidate_4,0,5,0.028000000000000004
472,candidate_2,candidate_3,candidate_1,candidate_4,candidate_5,5,0.028000000000000004
473,candidate_2,candidate_3,candidate_1,candidate_4,candidate_5,5,0.028000000000000004
474,candidate_2,candidate_3,candidate_1,candidate_4,candidate_5,5,0.028000000000000004
475,candidate_2,candidate_3,candidate_1,candidate_4,candidate_5,5,0.028000000000000004
476,candidate_2,candidate_3,candidate_1,candidate_4,candidate_5,5,0.028000000000000004
477,candidate_2,candidate_3,candidate_1,candidate_4,candidate_5,5,0.028000000000000004
478,candidate_2,candidate_3,candidate_1,candidate_4,candidate_5,5,0.028000000000000004
479,candidate_2,candidate_3,candidate_1,0,candidate_5,5,0.028000000000000004
480,candidate_2,candidate_3,candidate_1,candidate_4,candidate_5,5,0.028000000000000004
481,candidate_2,candidate_3,candidate_1,candidate_4,candidate_5,5,0.028000000000000004
482,candidate_2,candidate_3,candidate_1,candidate_4,candidate_5,5,0.028000000000000004
483,candidate_2,candidate_3,candidate_1,candidate_4,candidate_5,5,0.028000000000000004
484,candidate_2,candidate_3,candidate_1,candidate_4,candidate_5,5,0.028000000000000004
485,candidate_2,candidate_3,candidate_1,candidate_4,candidate_5,5,0.028000000000000004
486,candidate_2,candidate_3,candidate_1,candidate_4,candidate_5,5,0.028000000000000004
487,candidate_2,candidate_3,candidate_1,candidate_4,candidate_5,5,0.028000000000000004
488,candidate_2,candidate_3,candidate_1,candidate_4,candidate_5,5,0.028000000000000004
489,candidate_2,candidate_3,candidate_1,candidate_4,candidate_5,5,0.028000000000000004
490,candidate_2,candidate_3,candidate_1,candidate_4,candidate_5,5,0.028000000000000004
491,candidate_2,candidate_3,candidate_1,candidate_4,candidate_5,5,0.028000000000000004
492,candidate_2,candidate_3,candidate_1,candidate_4,candidate_5,5,0.028000000000000004
493,candidate_2,candidate_3,candidate_1,0,candidate_5,5,0.028000000000000004
494,candidate_2,candidate_3,candidate_1,candidate_4,candidate_5,5,0.028000000000000004
495,candidate_2,candidate_3,candidate_1,candidate_4,candidate_5,5,0.028000000000000004
496,candidate_2,candidate_3,candidate_1,candidate_4,candidate_5,5,0.028000000000000004
497,candidate_2,0,candidate_1,candidate_4,candidate_5,5,0.028000000000000004
498,candidate_2,candidate_3,candidate_1,candidate_4,candidate_5,5,0.028000000000000004
499,candidate_2,candidate_3,candidate_1,candidate_4,candidate_5,5,0.028000000000000004
500,candidate_2,candidate_3,candidate_1,candidate_4,candidate_5,5,0.028000000000000004
501,candidate_2,candidate_3,candidate_1,candidate_4,candidate_5,5,0.028000000000000004
502,candidate_2,candidate_3,candidate_1,candidate_4,candidate_5,5,0.028000000000000004
503,candidate_2,candidate_3,candidate_1,candidate_4,candidate_5,5,0.028000000000000004
504,candidate_2,candidate_3,candidate_1,candidate_4,candidate_5,5,0.028000000000000004
505,candidate_2,candidate_3,candidate_1,candidate_4,candidate_5,5,0.028000000000000004
506,candidate_2,candidate_3,candidate_1,candidate_4,candidate_5,5,0.028000000000000004
507,candidate_2,candidate_3,candidate_1,candidate_4,candidate_5,5,0.028000000000000004
508,candidate_2,candidate_3,candidate_1,candidate_4,candidate_5,5,0.028000000000000004
509,candidate_2,candidate_3,candidate_1,candidate_4,candidate_5,5,0.028000000000000004
510,candidate_2,0,candidate_1,candidate_4,candidate_5,5,0.028000000000000004
511,0,candidate_3,candidate_1,candidate_4,candidate_5,5,0.028000000000000004
512,candidate_2,candidate_3,candidate_1,candidate_4,candidate_5,5,0.028000000000000004
513,candidate_2,candidate_3,candidate_1,candidate_4,candidate_5,5,0.028000000000000004
514,candidate_2,candidate_3,candidate_1,candidate_4,candidate_5,5,0.028000000000000004
515,candidate_2,candidate_3,candidate_1,candidate_4,candidate_5,5,0.028000000000000004
516,candidate_2,candidate_3,candidate_1,candidate_4,candidate_5,5,0.028000000000000004
517,candidate_2,candidate_3,candidate_1,candidate_4,candidate_5,5,0.028000000000000004
518,candidate_2,candidate_3,candidate_1,candidate_4,candidate_5,5,0.028000000000000004
519,candidate_2,0,candidate_1,candidate_4,candidate_5,5,0.028000000000000004
520,candidate_2,candidate_3,candidate_1,candidate_4,candidate_5,5,0.028000000000000004
521,candidate_2,candidate_3,candidate_1,candidate_4,candidate_5,5,0.028000000000000004
522,candidate_2,candidate_3,candidate_1,candidate_4,candidate_5,5,0.028000000000000004
523,candidate_2,candidate_3,candidate_1,candidate_4,candidate_5,5,0.028000000000000004
524,candidate_2,candidate_3,candidate_1,candidate_4,0,5,0.028000000000000004
525,candidate_2,candidate_3,candidate_1,candidate_4,candidate_5,5,0.028000000000000004
526,candidate_2,candidate_3,candidate_1,candidate_4,candidate_5,5,0.028000000000000004
527,candidate_2,candidate_3,candidate_1,0,candidate_5,5,0.028000000000000004
528,candidate_2,candidate_3,candidate_1,candidate_4,candidate_5,5,0.028000000000000004
529,candidate_2,candidate_3,candidate_1,candidate_4,candidate_5,5,0.028000000000000004
530,candidate_2,candidate_3,candidate_1,candidate_4,candidate_5,5,0.028000000000000004
531,candidate_2,candidate_3,candidate_1,0,candidate_5,5,0.028000000000000004
532,candidate_2,candidate_3,candidate_1,candidate_4,candidate_5,5,0.028000000000000004
533,candidate_2,candidate_3,candidate_1,0,candidate_5,5,0.028000000000000004
534,candidate_2,candidate_3,candidate_1,candidate_4,candidate_5,5,0.028000000000000004
535,candidate_2,candidate_3,candidate_1,candidate_4,candidate_5,5,0.028000000000000004
536,candidate_2,candidate_3,candidate_1,candidate_4,candidate_5,5,0.028000000000000004
537,candidate_2,candidate_3,candidate_1,candidate_4,candidate_5,5,0.028000000000000004
538,candidate_2,candidate_3,candidate_1,candidate_4,candidate_5,5,0.028000000000000004
539,candidate_2,candidate_3,candidate_1,candidate_4,candidate_5,5,0.028000000000000004
540,candidate_2,candidate_3,candidate_1,candidate_4,candidate_5,5,0.028000000000000004
0,candidate_2,candidate_3,candidate_1,candidate_5,candidate_4,5,0.028000000000000004
1,candidate_2,candidate_3,candidate_1,candidate_5,candidate_4,5,0.028000000000000004
2,candidate_2,candidate_3,candidate_1,0,candidate_4,5,0.028000000000000004
3,candidate_2,candidate_3,candidate_1,candidate_5,candidate_4,5,0.028000000000000004
4,candidate_2,candidate_3,candidate_1,candidate_5,candidate_4,5,0.028000000000000004
5,candidate_2,candidate_3,candidate_1,candidate_5,candidate_4,5,0.028000000000000004
6,candidate_2,candidate_3,candidate_1,candidate_5,candidate_4,5,0.028000000000000004
7,candidate_2,candidate_3,candidate_1,candidate_5,candidate_4,5,0.028000000000000004
8,candidate_2,0,candidate_1,0,candidate_4,5,0.028000000000000004
9,candidate_2,candidate_3,candidate_1,candidate_5,candidate_4,5,0.028000000000000004
10,candidate_2,candidate_3,candidate_1,candidate_5,candidate_4,5,0.028000000000000004
11,candidate_2,candidate_3,candidate_1,candidate_5,candidate_4,5,0.028000000000000004
12,candidate_2,candidate_3,candidate_1,candidate_5,candidate_4,5,0.028000000000000004
13,candidate_2,candidate_3,candidate_1,candidate_5,candidate_4,5,0.028000000000000004
14,candidate_2,candidate_3,candidate_1,candidate_5,candidate_4,5,0.028000000000000004
15,candidate_2,candidate_3,candidate_1,candidate_5,candidate_4,5,0.028000000000000004
16,candidate_2,candidate_3,candidate_1,candidate_5,candidate_4,5,0.028000000000000004
17,candidate_2,candidate_3,candidate_1,candidate_5,candidate_4,5,0.028000000000000004
18,candidate_2,candidate_3,candidate_1,candidate_5,candidate_4,5,0.028000000000000004
19,candidate_2,candidate_3,candidate_1,candidate_5,candidate_4,5,0.028000000000000004
20,candidate_2,candidate_3,candidate_1,candidate_5,candidate_4,5,0.028000000000000004
21,candidate_2,candidate_3,candidate_1,candidate_5,candidate_4,5,0.028000000000000004
22,candidate_2,candidate_3,candidate_1,candidate_5,candidate_4,5,0.028000000000000004
23,candidate_2,candidate_3,candidate_1,candidate_5,candidate_4,5,0.028000000000000004
24,candidate_2,candidate_3,candidate_1,candidate_5,candidate_4,5,0.028000000000000004
25,candidate_2,candidate_3,candidate_1,candidate_5,candidate_4,5,0.028000000000000004
26,candidate_2,candidate_3,candidate_1,candidate_5,candidate_4,5,0.028000000000000004
27,candidate_2,candidate_3,candidate_1,candidate_5,candidate_4,5,0.028000000000000004
28,candidate_2,candidate_3,candidate_1,candidate_5,candidate_4,5,0.028000000000000004
29,candidate_2,candidate_3,candidate_1,candidate_5,candidate_4,5,0.028000000000000004
30,candidate_2,candidate_3,candidate_1,candidate_5,candidate_4,5,0.028000000000000004
31,candidate_2,candidate_3,candidate_1,candidate_5,candidate_4,5,0.028000000000000004
32,candidate_2,candidate_3,candidate_1,candidate_5,candidate_4,5,0.028000000000000004
33,candidate_2,candidate_3,candidate_1,candidate_5,candidate_4,5,0.028000000000000004
34,candidate_2,candidate_3,candidate_1,candidate_5,candidate_4,5,0.028000000000000004
35,candidate_2,candidate_3,candidate_1,candidate_5,candidate_4,5,0.028000000000000004
36,candidate_2,candidate_3,candidate_1,candidate_5,candidate_4,5,0.028000000000000004
37,candidate_2,candidate_3,candidate_1,candidate_5,0,5,0.028000000000000004
38,candidate_2,candidate_3,candidate_1,candidate_5,candidate_4,5,0.028000000000000004
39,candidate_2,candidate_3,candidate_1,candidate_5,candidate_4,5,0.028000000000000004
40,candidate_2,candidate_3,candidate_1,candidate_5,candidate_4,5,0.028000000000000004
41,candidate_2,candidate_3,candidate_1,candidate_5,candidate_4,5,0.028000000000000004
42,candidate_2,0,candidate_1,candidate_5,candidate_4,5,0.028000000000000004
43,candidate_2,candidate_3,candidate_1,candidate_5,candidate_4,5,0.028000000000000004
44,candidate_2,candidate_3,candidate_1,candidate_5,candidate_4,5,0.028000000000000004
45,candidate_2,candidate_3,0,candidate_5,candidate_4,5,0.028000000000000004
46,candidate_2,candidate_3,candidate_1,candidate_5,candidate_4,5,0.028000000000000004
47,candidate_2,candidate_3,candidate_1,candidate_5,candidate_4,5,0.028000000000000004
48,0,candidate_3,candidate_1,candidate_5,candidate_4,5,0.028000000000000004
49,candidate_2,candidate_3,candidate_1,candidate_5,candidate_4,5,0.028000000000000004
50,candidate_2,candidate_3,candidate_1,candidate_5,candidate_4,5,0.028000000000000004
51,candidate_2,candidate_3,candidate_1,candidate_5,candidate_4,5,0.028000000000000004
52,candidate_2,candidate_3,candidate_1,candidate_5,candidate_4,5,0.028000000000000004
53,candidate_2,candidate_3,candidate_1,candidate_5,candidate_4,5,0.028000000000000004
54,candidate_2,candidate_3,candidate_1,candidate_5,candidate_4,5,0.028000000000000004
0,candidate_2,candidate_3,candidate_4,candidate_1,candidate_5,5,0.028000000000000004
1,candidate_2,candidate_3,candidate_4,candidate_1,candidate_5,5,0.028000000000000004
2,candidate_2,candidate_3,candidate_4,candidate_1,candidate_5,5,0.028000000000000004
3,candidate_2,candidate_3,candidate_4,candidate_1,candidate_5,5,0.028000000000000004
4,candidate_2,candidate_3,candidate_4,candidate_1,candidate_5,5,0.028000000000000004
5,candidate_2,candidate_3,candidate_4,candidate_1,candidate_5,5,0.028000000000000004
6,candidate_2,candidate_3,candidate_4,candidate_1,candidate_5,5,0.028000000000000004
7,candidate_2,candidate_3,candidate_4,candidate_1,candidate_5,5,0.028000000000000004
8,candidate_2,candidate_3,candidate_4,candidate_1,candidate_5,5,0.028000000000000004
9,candidate_2,candidate_3,candidate_4,candidate_1,candidate_5,5,0.028000000000000004
10,candidate_2,candidate_3,candidate_4,candidate_1,candidate_5,5,0.028000000000000004
11,candidate_2,candidate_3,candidate_4,candidate_1,candidate_5,5,0.028000000000000004
12,candidate_2,candidate_3,candidate_4,candidate_1,candidate_5,5,0.028000000000000004
13,candidate_2,candidate_3,candidate_4,candidate_1,candidate_5,5,0.028000000000000004
14,candidate_2,candidate_3,candidate_4,candidate_1,candidate_5,5,0.028000000000000004
15,candidate_2,candidate_3,candidate_4,candidate_1,candidate_5,5,0.028000000000000004
16,candidate_2,candidate_3,candidate_4,candidate_1,candidate_5,5,0.028000000000000004
17,candidate_2,candidate_3,candidate_4,candidate_1,candidate_5,5,0.028000000000000004
18,candidate_2,candidate_3,candidate_4,candidate_1,candidate_5,5,0.028000000000000004
19,candidate_2,candidate_3,candidate_4,candidate_1,candidate_5,5,0.028000000000000004
20,candidate_2,candidate_3,candidate_4,candidate_1,candidate_5,5,0.028000000000000004
21,candidate_2,candidate_3,candidate_4,candidate_1,candidate_5,5,0.028000000000000004
22,candidate_2,candidate_3,candidate_4,candidate_1,candidate_5,5,0.028000000000000004
23,candidate_2,candidate_3,candidate_4,candidate_1,candidate_5,5,0.028000000000000004
24,candidate_2,candidate_3,candidate_4,candidate_1,candidate_5,5,0.028000000000000004
25,candidate_2,candidate_3,candidate_4,candidate_1,candidate_5,5,0.028000000000000004
26,candidate_2,candidate_3,candidate_4,candidate_1,candidate_5,5,0.028000000000000004
27,candidate_2,candidate_3,candidate_4,candidate_1,candidate_5,5,0.028000000000000004
28,candidate_2,candidate_3,candidate_4,candidate_1,candidate_5,5,0.028000000000000004
29,candidate_2,candidate_3,candidate_4,candidate_1,candidate_5,5,0.028000000000000004
30,candidate_2,candidate_3,candidate_4,candidate_1,candidate_5,5,0.028000000000000004
31,candidate_2,candidate_3,candidate_4,candidate_1,candidate_5,5,0.028000000000000004
32,candidate_2,candidate_3,candidate_4,candidate_1,candidate_5,5,0.028000000000000004
33,candidate_2,candidate_3,candidate_4,candidate_1,candidate_5,5,0.028000000000000004
34,candidate_2,candidate_3,candidate_4,candidate_1,candidate_5,5,0.028000000000000004
35,candidate_2,candidate_3,candidate_4,candidate_1,candidate_5,5,0.028000000000000004
36,candidate_2,candidate_3,candidate_4,candidate_1,candidate_5,5,0.028000000000000004
37,candidate_2,candidate_3,candidate_4,candidate_1,candidate_5,5,0.028000000000000004
38,candidate_2,candidate_3,candidate_4,candidate_1,candidate_5,5,0.028000000000000004
39,candidate_2,candidate_3,candidate_4,candidate_1,candidate_5,5,0.028000000000000004
40,candidate_2,candidate_3,candidate_4,candidate_1,candidate_5,5,0.028000000000000004
41,candidate_2,candidate_3,candidate_4,candidate_1,candidate_5,5,0.028000000000000004
42,candidate_2,candidate_3,candidate_4,candidate_1,candidate_5,5,0.028000000000000004
43,candidate_2,candidate_3,candidate_4,candidate_1,candidate_5,5,0.028000000000000004
44,0,candidate_3,candidate_4,0,candidate_5,5,0.028000000000000004
45,candidate_2,candidate_3,candidate_4,candidate_1,candidate_5,5,0.028000000000000004
46,candidate_2,candidate_3,candidate_4,candidate_1,candidate_5,5,0.028000000000000004
47,candidate_2,candidate_3,candidate_4,candidate_1,candidate_5,5,0.028000000000000004
48,candidate_2,candidate_3,candidate_4,candidate_1,candidate_5,5,0.028000000000000004
49,candidate_2,candidate_3,candidate_4,candidate_1,candidate_5,5,0.028000000000000004
50,candidate_2,candidate_3,candidate_4,candidate_1,candidate_5,5,0.028000000000000004
51,candidate_2,candidate_3,candidate_4,candidate_1,candidate_5,5,0.028000000000000004
52,candidate_2,0,candidate_4,candidate_1,candidate_5,5,0.028000000000000004
53,candidate_2,candidate_3,candidate_4,candidate_1,candidate_5,5,0.028000000000000004
54,candidate_2,candidate_3,candidate_4,candidate_1,candidate_5,5,0.028000000000000004
55,candidate_2,candidate_3,candidate_4,candidate_1,candidate_5,5,0.028000000000000004
56,candidate_2,candidate_3,candidate_4,candidate_1,candidate_5,5,0.028000000000000004
57,candidate_2,candidate_3,candidate_4,candidate_1,candidate_5,5,0.028000000000000004
58,candidate_2,candidate_3,candidate_4,candidate_1,candidate_5,5,0.028000000000000004
59,candidate_2,candidate_3,candidate_4,0,candidate_5,5,0.028000000000000004
60,candidate_2,candidate_3,candidate_4,candidate_1,candidate_5,5,0.028000000000000004
61,candidate_2,candidate_3,candidate_4,candidate_1,candidate_5,5,0.028000000000000004
62,candidate_2,candidate_3,candidate_4,candidate_1,candidate_5,5,0.028000000000000004
63,candidate_2,candidate_3,candidate_4,candidate_1,candidate_5,5,0.028000000000000004
64,candidate_2,candidate_3,candidate_4,candidate_1,candidate_5,5,0.028000000000000004
65,candidate_2,candidate_3,candidate_4,candidate_1,candidate_5,5,0.028000000000000004
66,candidate_2,candidate_3,candidate_4,candidate_1,candidate_5,5,0.028000000000000004
67,candidate_2,candidate_3,candidate_4,candidate_1,candidate_5,5,0.028000000000000004
68,candidate_2,candidate_3,candidate_4,candidate_1,candidate_5,5,0.028000000000000004
69,candidate_2,candidate_3,candidate_4,candidate_1,candidate_5,5,0.028000000000000004
70,candidate_2,candidate_3,candidate_4,candidate_1,candidate_5,5,0.028000000000000004
71,candidate_2,candidate_3,candidate_4,candidate_1,candidate_5,5,0.028000000000000004
72,candidate_2,candidate_3,candidate_4,candidate_1,candidate_5,5,0.028000000000000004
73,candidate_2,candidate_3,candidate_4,candidate_1,0,5,0.028000000000000004
74,candidate_2,candidate_3,candidate_4,candidate_1,candidate_5,5,0.028000000000000004
75,candidate_2,candidate_3,candidate_4,candidate_1,candidate_5,5,0.028000000000000004
76,candidate_2,candidate_3,candidate_4,0,candidate_5,5,0.028000000000000004
77,candidate_2,candidate_3,candidate_4,candidate_1,candidate_5,5,0.028000000000000004
78,candidate_2,candidate_3,candidate_4,candidate_1,candidate_5,5,0.028000000000000004
79,candidate_2,0,candidate_4,candidate_1,0,5,0.028000000000000004
80,candidate_2,candidate_3,candidate_4,0,0,5,0.028000000000000004
81,candidate_2,candidate_3,candidate_4,candidate_1,candidate_5,5,0.028000000000000004
82,candidate_2,candidate_3,candidate_4,candidate_1,candidate_5,5,0.028000000000000004
83,candidate_2,candidate_3,candidate_4,candidate_1,candidate_5,5,0.028000000000000004
84,candidate_2,candidate_3,candidate_4,candidate_1,candidate_5,5,0.028000000000000004
85,candidate_2,candidate_3,candidate_4,candidate_1,candidate_5,5,0.028000000000000004
86,candidate_2,candidate_3,candidate_4,candidate_1,candidate_5,5,0.028000000000000004
87,candidate_2,candidate_3,candidate_4,candidate_1,candidate_5,5,0.028000000000000004
88,candidate_2,candidate_3,candidate_4,candidate_1,candidate_5,5,0.028000000000000004
89,candidate_2,candidate_3,candidate_4,candidate_1,candidate_5,5,0.028000000000000004
90,candidate_2,candidate_3,candidate_4,candidate_1,candidate_5,5,0.028000000000000004
91,candidate_2,candidate_3,candidate_4,candidate_1,candidate_5,5,0.028000000000000004
92,candidate_2,candidate_3,0,candidate_1,candidate_5,5,0.028000000000000004
93,0,candidate_3,candidate_4,candidate_1,candidate_5,5,0.028000000000000004
94,candidate_2,candidate_3,candidate_4,candidate_1,candidate_5,5,0.028000000000000004
95,candidate_2,candidate_3,candidate_4,candidate_1,candidate_5,5,0.028000000000000004
96,candidate_2,candidate_3,candidate_4,candidate_1,candidate_5,5,0.028000000000000004
97,candidate_2,candidate_3,candidate_4,candidate_1,candidate_5,5,0.028000000000000004
98,candidate_2,candidate_3,candidate_4,candidate_1,candidate_5,5,0.028000000000000004
99,candidate_2,candidate_3,candidate_4,candidate_1,candidate_5,5,0.028000000000000004
100,candidate_2,candidate_3,candidate_4,candidate_1,candidate_5,5,0.028000000000000004
101,candidate_2,candidate_3,candidate_4,candidate_1,candidate_5,5,0.028000000000000004
102,candidate_2,candidate_3,candidate_4,candidate_1,candidate_5,5,0.028000000000000004
103,candidate_2,candidate_3,candidate_4,candidate_1,candidate_5,5,0.028000000000000004
104,candidate_2,candidate_3,candidate_4,candidate_1,candidate_5,5,0.028000000000000004
105,candidate_2,candidate_3,candidate_4,candidate_1,candidate_5,5,0.028000000000000004
106,candidate_2,candidate_3,candidate_4,candidate_1,candidate_5,5,0.028000000000000004
107,candidate_2,candidate_3,candidate_4,candidate_1,candidate_5,5,0.028000000000000004
108,candidate_2,candidate_3,candidate_4,candidate_1,candidate_5,5,0.028000000000000004
109,candidate_2,0,candidate_4,candidate_1,candidate_5,5,0.028000000000000004
110,candidate_2,candidate_3,candidate_4,candidate_1,candidate_5,5,0.028000000000000004
111,candidate_2,candidate_3,candidate_4,candidate_1,candidate_5,5,0.028000000000000004
112,candidate_2,candidate_3,candidate_4,candidate_1,candidate_5,5,0.028000000000000004
113,candidate_2,candidate_3,candidate_4,candidate_1,candidate_5,5,0.028000000000000004
114,candidate_2,candidate_3,candidate_4,candidate_1,candidate_5,5,0.028000000000000004
115,candidate_2,candidate_3,candidate_4,candidate_1,candidate_5,5,0.028000000000000004
116,candidate_2,candidate_3,candidate_4,candidate_1,candidate_5,5,0.028000000000000004
117,candidate_2,candidate_3,candidate_4,0,candidate_5,5,0.028000000000000004
118,candidate_2,candidate_3,candidate_4,candidate_1,candidate_5,5,0.028000000000000004
119,candidate_2,candidate_3,candidate_4,candidate_1,candidate_5,5,0.028000000000000004
120,candidate_2,candidate_3,candidate_4,candidate_1,candidate_5,5,0.028000000000000004
121,candidate_2,0,candidate_4,candidate_1,candidate_5,5,0.028000000000000004
122,candidate_2,candidate_3,candidate_4,candidate_1,candidate_5,5,0.028000000000000004
123,candidate_2,candidate_3,candidate_4,candidate_1,candidate_5,5,0.028000000000000004
124,candidate_2,candidate_3,candidate_4,candidate_1,candidate_5,5,0.028000000000000004
125,candidate_2,candidate_3,candidate_4,candidate_1,candidate_5,5,0.028000000000000004
126,candidate_2,candidate_3,candidate_4,candidate_1,candidate_5,5,0.028000000000000004
127,candidate_2,candidate_3,candidate_4,candidate_1,candidate_5,5,0.028000000000000004
128,candidate_2,candidate_3,candidate_4,candidate_1,candidate_5,5,0.028000000000000004
129,candidate_2,candidate_3,candidate_4,candidate_1,candidate_5,5,0.028000000000000004
130,candidate_2,candidate_3,candidate_4,candidate_1,candidate_5,5,0.028000000000000004
131,candidate_2,candidate_3,candidate_4,candidate_1,candidate_5,5,0.028000000000000004
132,candidate_2,candidate_3,candidate_4,candidate_1,candidate_5,5,0.028000000000000004
133,candidate_2,candidate_3,candidate_4,candidate_1,candidate_5,5,0.028000000000000004
134,candidate_2,candidate_3,candidate_4,candidate_1,candidate_5,5,0.028000000000000004
135,candidate_2,candidate_3,candidate_4,candidate_1,candidate_5,5,0.028000000000000004
136,candidate_2,candidate_3,candidate_4,candidate_1,candidate_5,5,0.028000000000000004
137,candidate_2,candidate_3,candidate_4,candidate_1,candidate_5,5,0.028000000000000004
138,candidate_2,candidate_3,candidate_4,candidate_1,candidate_5,5,0.028000000000000004
139,candidate_2,candidate_3,candidate_4,candidate_1,candidate_5,5,0.028000000000000004
140,0,candidate_3,candidate_4,candidate_1,candidate_5,5,0.028000000000000004
141,candidate_2,candidate_3,candidate_4,candidate_1,candidate_5,5,0.028000000000000004
142,candidate_2,candidate_3,candidate_4,candidate_1,candidate_5,5,0.028000000000000004
143,candidate_2,candidate_3,candidate_4,candidate_1,candidate_5,5,0.028000000000000004
144,candidate_2,candidate_3,candidate_4,candidate_1,candidate_5,5,0.028000000000000004
145,candidate_2,candidate_3,candidate_4,candidate_1,candidate_5,5,0.028000000000000004
146,candidate_2,candidate_3,candidate_4,candidate_1,candidate_5,5,0.028000000000000004
147,candidate_2,candidate_3,candidate_4,candidate_1,candidate_5,5,0.028000000000000004
148,candidate_2,candidate_3,candidate_4,candidate_1,candidate_5,5,0.028000000000000004
149,candidate_2,candidate_3,candidate_4,candidate_1,candidate_5,5,0.028000000000000004
150,candidate_2,candidate_3,candidate_4,candidate_1,candidate_5,5,0.028000000000000004
151,candidate_2,candidate_3,candidate_4,candidate_1,candidate_5,5,0.028000000000000004
152,candidate_2,candidate_3,candidate_4,candidate_1,candidate_5,5,0.028000000000000004
153,candidate_2,0,candidate_4,candidate_1,candidate_5,5,0.028000000000000004
154,candidate_2,candidate_3,candidate_4,candidate_1,candidate_5,5,0.028000000000000004
155,candidate_2,candidate_3,candidate_4,candidate_1,candidate_5,5,0.028000000000000004
156,candidate_2,candidate_3,candidate_4,candidate_1,candidate_5,5,0.028000000000000004
157,candidate_2,candidate_3,candidate_4,candidate_1,candidate_5,5,0.028000000000000004
158,candidate_2,candidate_3,candidate_4,candidate_1,candidate_5,5,0.028000000000000004
159,candidate_2,candidate_3,candidate_4,candidate_1,candidate_5,5,0.028000000000000004
160,candidate_2,candidate_3,candidate_4,candidate_1,candidate_5,5,0.028000000000000004
161,candidate_2,candidate_3,candidate_4,candidate_1,candidate_5,5,0.028000000000000004
162,candidate_2,candidate_3,candidate_4,candidate_1,candidate_5,5,0.028000000000000004
163,candidate_2,candidate_3,candidate_4,candidate_1,candidate_5,5,0.028000000000000004
164,candidate_2,candidate_3,candidate_4,candidate_1,candidate_5,5,0.028000000000000004
165,candidate_2,candidate_3,candidate_4,candidate_1,candidate_5,5,0.028000000000000004
166,candidate_2,candidate_3,candidate_4,candidate_1,candidate_5,5,0.028000000000000004
167,candidate_2,candidate_3,candidate_4,candidate_1,candidate_5,5,0.028000000000000004
168,candidate_2,candidate_3,candidate_4,candidate_1,candidate_5,5,0.028000000000000004
169,candidate_2,candidate_3,candidate_4,candidate_1,candidate_5,5,0.028000000000000004
170,candidate_2,candidate_3,candidate_4,0,candidate_5,5,0.028000000000000004
171,candidate_2,0,candidate_4,candidate_1,candidate_5,5,0.028000000000000004
172,candidate_2,candidate_3,0,candidate_1,candidate_5,5,0.028000000000000004
173,candidate_2,candidate_3,candidate_4,candidate_1,candidate_5,5,0.028000000000000004
174,candidate_2,candidate_3,candidate_4,candidate_1,candidate_5,5,0.028000000000000004
175,candidate_2,candidate_3,candidate_4,candidate_1,candidate_5,5,0.028000000000000004
176,candidate_2,candidate_3,candidate_4,candidate_1,candidate_5,5,0.028000000000000004
177,candidate_2,candidate_3,candidate_4,candidate_1,candidate_5,5,0.028000000000000004
178,candidate_2,candidate_3,candidate_4,candidate_1,candidate_5,5,0.028000000000000004
179,candidate_2,candidate_3,candidate_4,candidate_1,candidate_5,5,0.028000000000000004
180,candidate_2,candidate_3,candidate_4,candidate_1,candidate_5,5,0.028000000000000004
181,candidate_2,candidate_3,candidate_4,candidate_1,candidate_5,5,0.028000000000000004
182,candidate_2,candidate_3,candidate_4,candidate_1,candidate_5,5,0.028000000000000004
183,candidate_2,candidate_3,candidate_4,candidate_1,candidate_5,5,0.028000000000000004
184,candidate_2,candidate_3,candidate_4,candidate_1,candidate_5,5,0.028000000000000004
185,candidate_2,candidate_3,candidate_4,candidate_1,candidate_5,5,0.028000000000000004
186,candidate_2,candidate_3,candidate_4,candidate_1,candidate_5,5,0.028000000000000004
187,candidate_2,candidate_3,candidate_4,candidate_1,candidate_5,5,0.028000000000000004
188,candidate_2,candidate_3,candidate_4,candidate_1,candidate_5,5,0.028000000000000004
189,candidate_2,candidate_3,candidate_4,candidate_1,candidate_5,5,0.028000000000000004
190,candidate_2,candidate_3,candidate_4,candidate_1,candidate_5,5,0.028000000000000004
191,candidate_2,candidate_3,candidate_4,candidate_1,candidate_5,5,0.028000000000000004
192,candidate_2,candidate_3,candidate_4,candidate_1,candidate_5,5,0.028000000000000004
193,candidate_2,candidate_3,candidate_4,0,candidate_5,5,0.028000000000000004
194,candidate_2,candidate_3,candidate_4,candidate_1,candidate_5,5,0.028000000000000004
195,candidate_2,candidate_3,candidate_4,candidate_1,candidate_5,5,0.028000000000000004
196,candidate_2,candidate_3,candidate_4,candidate_1,candidate_5,5,0.028000000000000004
197,candidate_2,candidate_3,candidate_4,candidate_1,candidate_5,5,0.028000000000000004
198,candidate_2,candidate_3,candidate_4,candidate_1,candidate_5,5,0.028000000000000004
199,candidate_2,candidate_3,candidate_4,candidate_1,candidate_5,5,0.028000000000000004
200,candidate_2,candidate_3,candidate_4,candidate_1,candidate_5,5,0.028000000000000004
201,candidate_2,candidate_3,candidate_4,candidate_1,candidate_5,5,0.028000000000000004
202,candidate_2,candidate_3,candidate_4,candidate_1,0,5,0.028000000000000004
203,candidate_2,candidate_3,candidate_4,candidate_1,candidate_5,5,0.028000000000000004
204,candidate_2,candidate_3,candidate_4,candidate_1,candidate_5,5,0.028000000000000004
205,candidate_2,candidate_3,candidate_4,candidate_1,candidate_5,5,0.028000000000000004
206,candidate_2,candidate_3,candidate_4,candidate_1,candidate_5,5,0.028000000000000004
207,0,candidate_3,candidate_4,candidate_1,candidate_5,5,0.028000000000000004
208,candidate_2,candidate_3,candidate_4,candidate_1,candidate_5,5,0.028000000000000004
209,candidate_2,candidate_3,candidate_4,candidate_1,candidate_5,5,0.028000000000000004
210,candidate_2,candidate_3,candidate_4,candidate_1,candidate_5,5,0.028000000000000004
211,candidate_2,candidate_3,candidate_4,candidate_1,candidate_5,5,0.028000000000000004
212,candidate_2,candidate_3,candidate_4,candidate_1,candidate_5,5,0.028000000000000004
213,candidate_2,candidate_3,candidate_4,candidate_1,candidate_5,5,0.028000000000000004
214,candidate_2,candidate_3,candidate_4,candidate_1,candidate_5,5,0.028000000000000004
215,candidate_2,candidate_3,candidate_4,candidate_1,candidate_5,5,0.028000000000000004
216,candidate_2,candidate_3,candidate_4,candidate_1,candidate_5,5,0.028000000000000004
217,candidate_2,candidate_3,candidate_4,candidate_1,candidate_5,5,0.028000000000000004
218,candidate_2,candidate_3,candidate_4,candidate_1,candidate_5,5,0.028000000000000004
219,candidate_2,candidate_3,0,candidate_1,candidate_5,5,0.028000000000000004
220,candidate_2,candidate_3,candidate_4,candidate_1,candidate_5,5,0.028000000000000004
221,candidate_2,candidate_3,candidate_4,candidate_1,candidate_5,5,0.028000000000000004
222,candidate_2,candidate_3,candidate_4,candidate_1,candidate_5,5,0.028000000000000004
223,candidate_2,candidate_3,candidate_4,candidate_1,candidate_5,5,0.028000000000000004
224,candidate_2,candidate_3,candidate_4,candidate_1,candidate_5,5,0.028000000000000004
225,candidate_2,candidate_3,candidate_4,candidate_1,candidate_5,5,0.028000000000000004
226,candidate_2,0,candidate_4,candidate_1,candidate_5,5,0.028000000000000004
227,candidate_2,candidate_3,candidate_4,candidate_1,candidate_5,5,0.028000000000000004
228,candidate_2,0,candidate_4,0,candidate_5,5,0.028000000000000004
229,candidate_2,candidate_3,candidate_4,candidate_1,candidate_5,5,0.028000000000000004
230,candidate_2,candidate_3,candidate_4,candidate_1,candidate_5,5,0.028000000000000004
231,candidate_2,candidate_3,candidate_4,candidate_1,candidate_5,5,0.028000000000000004
232,candidate_2,candidate_3,candidate_4,candidate_1,candidate_5,5,0.028000000000000004
233,candidate_2,candidate_3,candidate_4,candidate_1,candidate_5,5,0.028000000000000004
234,candidate_2,candidate_3,candidate_4,candidate_1,0,5,0.028000000000000004
235,candidate_2,candidate_3,candidate_4,candidate_1,candidate_5,5,0.028000000000000004
236,candidate_2,candidate_3,candidate_4,candidate_1,candidate_5,5,0.028000000000000004
237,candidate_2,candidate_3,candidate_4,candidate_1,candidate_5,5,0.028000000000000004
238,candidate_2,candidate_3,candidate_4,candidate_1,candidate_5,5,0.028000000000000004
239,candidate_2,candidate_3,candidate_4,candidate_1,candidate_5,5,0.028000000000000004
240,candidate_2,candidate_3,candidate_4,candidate_1,candidate_5,5,0.028000000000000004
241,candidate_2,candidate_3,candidate_4,candidate_1,candidate_5,5,0.028000000000000004
242,candidate_2,candidate_3,0,candidate_1,candidate_5,5,0.028000000000000004
243,candidate_2,candidate_3,candidate_4,candidate_1,candidate_5,5,0.028000000000000004
244,candidate_2,candidate_3,candidate_4,candidate_1,candidate_5,5,0.028000000000000004
245,candidate_2,candidate_3,candidate_4,candidate_1,candidate_5,5,0.028000000000000004
246,candidate_2,candidate_3,candidate_4,candidate_1,candidate_5,5,0.028000000000000004
247,candidate_2,candidate_3,candidate_4,candidate_1,candidate_5,5,0.028000000000000004
248,candidate_2,candidate_3,candidate_4,candidate_1,candidate_5,5,0.028000000000000004
249,candidate_2,candidate_3,candidate_4,candidate_1,candidate_5,5,0.028000000000000004
250,candidate_2,candidate_3,candidate_4,candidate_1,candidate_5,5,0.028000000000000004
251,candidate_2,candidate_3,candidate_4,candidate_1,candidate_5,5,0.028000000000000004
252,candidate_2,candidate_3,candidate_4,candidate_1,candidate_5,5,0.028000000000000004
253,candidate_2,candidate_3,candidate_4,candidate_1,candidate_5,5,0.028000000000000004
254,candidate_2,candidate_3,candidate_4,candidate_1,candidate_5,5,0.028000000000000004
255,candidate_2,candidate_3,candidate_4,candidate_1,candidate_5,5,0.028000000000000004
256,candidate_2,candidate_3,candidate_4,candidate_1,candidate_5,5,0.028000000000000004
257,candidate_2,candidate_3,candidate_4,candidate_1,candidate_5,5,0.028000000000000004
258,candidate_2,candidate_3,candidate_4,candidate_1,candidate_5,5,0.028000000000000004
259,candidate_2,0,candidate_4,candidate_1,candidate_5,5,0.028000000000000004
260,candidate_2,candidate_3,candidate_4,candidate_1,candidate_5,5,0.028000000000000004
261,candidate_2,candidate_3,candidate_4,candidate_1,candidate_5,5,0.028000000000000004
262,candidate_2,candidate_3,candidate_4,candidate_1,candidate_5,5,0.028000000000000004
263,candidate_2,candidate_3,candidate_4,candidate_1,candidate_5,5,0.028000000000000004
264,candidate_2,candidate_3,candidate_4,candidate_1,candidate_5,5,0.028000000000000004
265,candidate_2,candidate_3,candidate_4,candidate_1,candidate_5,5,0.028000000000000004
266,candidate_2,candidate_3,candidate_4,candidate_1,candidate_5,5,0.028000000000000004
267,candidate_2,candidate_3,candidate_4,candidate_1,candidate_5,5,0.028000000000000004
268,candidate_2,candidate_3,candidate_4,candidate_1,candidate_5,5,0.028000000000000004
269,candidate_2,0,candidate_4,candidate_1,candidate_5,5,0.028000000000000004
270,candidate_2,candidate_3,candidate_4,candidate_1,candidate_5,5,0.028000000000000004
271,candidate_2,candidate_3,candidate_4,candidate_1,candidate_5,5,0.028000000000000004
272,candidate_2,candidate_3,candidate_4,candidate_1,candidate_5,5,0.028000000000000004
273,candidate_2,candidate_3,candidate_4,candidate_1,candidate_5,5,0.028000000000000004
274,candidate_2,candidate_3,candidate_4,candidate_1,candidate_5,5,0.028000000000000004
275,candidate_2,candidate_3,candidate_4,candidate_1,candidate_5,5,0.028000000000000004
276,candidate_2,candidate_3,candidate_4,0,candidate_5,5,0.028000000000000004
277,0,candidate_3,candidate_4,candidate_1,candidate_5,5,0.028000000000000004
278,candidate_2,candidate_3,candidate_4,candidate_1,candidate_5,5,0.028000000000000004
279,candidate_2,candidate_3,candidate_4,candidate_1,candidate_5,5,0.028000000000000004
280,candidate_2,candidate_3,candidate_4,candidate_1,candidate_5,5,0.028000000000000004
281,candidate_2,candidate_3,0,candidate_1,candidate_5,5,0.028000000000000004
282,candidate_2,candidate_3,candidate_4,candidate_1,candidate_5,5,0.028000000000000004
283,candidate_2,candidate_3,candidate_4,candidate_1,candidate_5,5,0.028000000000000004
284,candidate_2,candidate_3,candidate_4,candidate_1,candidate_5,5,0.028000000000000004
285,candidate_2,candidate_3,candidate_4,candidate_1,candidate_5,5,0.028000000000000004
286,candidate_2,candidate_3,candidate_4,candidate_1,candidate_5,5,0.028000000000000004
287,candidate_2,candidate_3,candidate_4,candidate_1,candidate_5,5,0.028000000000000004
288,candidate_2,candidate_3,candidate_4,candidate_1,candidate_5,5,0.028000000000000004
289,candidate_2,candidate_3,candidate_4,candidate_1,candidate_5,5,0.028000000000000004
290,candidate_2,candidate_3,candidate_4,candidate_1,candidate_5,5,0.028000000000000004
291,candidate_2,candidate_3,candidate_4,candidate_1,candidate_5,5,0.028000000000000004
292,candidate_2,candidate_3,candidate_4,candidate_1,candidate_5,5,0.028000000000000004
293,candidate_2,candidate_3,candidate_4,candidate_1,candidate_5,5,0.028000000000000004
294,candidate_2,candidate_3,candidate_4,0,candidate_5,5,0.028000000000000004
295,candidate_2,candidate_3,candidate_4,candidate_1,0,5,0.028000000000000004
296,candidate_2,0,candidate_4,candidate_1,candidate_5,5,0.028000000000000004
297,candidate_2,candidate_3,candidate_4,candidate_1,candidate_5,5,0.028000000000000004
298,candidate_2,candidate_3,candidate_4,candidate_1,candidate_5,5,0.028000000000000004
299,candidate_2,candidate_3,candidate_4,candidate_1,candidate_5,5,0.028000000000000004
300,candidate_2,candidate_3,candidate_4,candidate_1,candidate_5,5,0.028000000000000004
301,candidate_2,candidate_3,candidate_4,candidate_1,candidate_5,5,0.028000000000000004
302,candidate_2,candidate_3,candidate_4,candidate_1,candidate_5,5,0.028000000000000004
303,candidate_2,candidate_3,candidate_4,candidate_1,candidate_5,5,0.028000000000000004
304,candidate_2,candidate_3,candidate_4,candidate_1,candidate_5,5,0.028000000000000004
305,candidate_2,candidate_3,candidate_4,candidate_1,candidate_5,5,0.028000000000000004
306,candidate_2,candidate_3,candidate_4,candidate_1,candidate_5,5,0.028000000000000004
307,candidate_2,candidate_3,candidate_4,candidate_1,candidate_5,5,0.028000000000000004
308,candidate_2,candidate_3,candidate_4,candidate_1,candidate_5,5,0.028000000000000004
309,candidate_2,candidate_3,candidate_4,candidate_1,candidate_5,5,0.028000000000000004
310,candidate_2,candidate_3,candidate_4,candidate_1,0,5,0.028000000000000004
311,candidate_2,candidate_3,candidate_4,candidate_1,candidate_5,5,0.028000000000000004
312,candidate_2,candidate_3,candidate_4,candidate_1,candidate_5,5,0.028000000000000004
313,candidate_2,candidate_3,candidate_4,candidate_1,candidate_5,5,0.028000000000000004
314,0,candidate_3,candidate_4,candidate_1,candidate_5,5,0.028000000000000004
315,candidate_2,candidate_3,candidate_4,candidate_1,candidate_5,5,0.028000000000000004
316,candidate_2,candidate_3,candidate_4,candidate_1,candidate_5,5,0.028000000000000004
317,candidate_2,candidate_3,candidate_4,candidate_1,candidate_5,5,0.028000000000000004
318,0,candidate_3,candidate_4,candidate_1,candidate_5,5,0.028000000000000004
319,candidate_2,candidate_3,candidate_4,candidate_1,candidate_5,5,0.028000000000000004
320,candidate_2,candidate_3,candidate_4,candidate_1,candidate_5,5,0.028000000000000004
321,candidate_2,candidate_3,candidate_4,candidate_1,candidate_5,5,0.028000000000000004
322,candidate_2,candidate_3,candidate_4,candidate_1,candidate_5,5,0.028000000000000004
323,candidate_2,candidate_3,candidate_4,candidate_1,candidate_5,5,0.028000000000000004
324,candidate_2,candidate_3,candidate_4,candidate_1,candidate_5,5,0.028000000000000004
325,candidate_2,candidate_3,candidate_4,candidate_1,candidate_5,5,0.028000000000000004
326,candidate_2,candidate_3,candidate_4,candidate_1,candidate_5,5,0.028000000000000004
327,candidate_2,candidate_3,candidate_4,candidate_1,candidate_5,5,0.028000000000000004
328,candidate_2,candidate_3,candidate_4,candidate_1,candidate_5,5,0.028000000000000004
329,candidate_2,candidate_3,candidate_4,candidate_1,candidate_5,5,0.028000000000000004
330,candidate_2,candidate_3,candidate_4,candidate_1,candidate_5,5,0.028000000000000004
331,candidate_2,candidate_3,candidate_4,candidate_1,candidate_5,5,0.028000000000000004
332,candidate_2,candidate_3,candidate_4,candidate_1,candidate_5,5,0.028000000000000004
333,candidate_2,candidate_3,candidate_4,candidate_1,candidate_5,5,0.028000000000000004
334,candidate_2,candidate_3,candidate_4,candidate_1,candidate_5,5,0.028000000000000004
335,candidate_2,candidate_3,candidate_4,candidate_1,candidate_5,5,0.028000000000000004
336,candidate_2,candidate_3,candidate_4,candidate_1,candidate_5,5,0.028000000000000004
337,candidate_2,candidate_3,candidate_4,candidate_1,candidate_5,5,0.028000000000000004
338,candidate_2,candidate_3,candidate_4,candidate_1,candidate_5,5,0.028000000000000004
339,candidate_2,candidate_3,candidate_4,candidate_1,candidate_5,5,0.028000000000000004
340,candidate_2,candidate_3,candidate_4,candidate_1,candidate_5,5,0.028000000000000004
341,candidate_2,candidate_3,candidate_4,0,candidate_5,5,0.028000000000000004
342,candidate_2,candidate_3,candidate_4,candidate_1,candidate_5,5,0.028000000000000004
343,candidate_2,candidate_3,candidate_4,candidate_1,candidate_5,5,0.028000000000000004
344,candidate_2,candidate_3,candidate_4,candidate_1,candidate_5,5,0.028000000000000004
345,candidate_2,candidate_3,candidate_4,candidate_1,candidate_5,5,0.028000000000000004
346,candidate_2,candidate_3,0,candidate_1,candidate_5,5,0.028000000000000004
347,candidate_2,candidate_3,candidate_4,candidate_1,candidate_5,5,0.028000000000000004
348,candidate_2,candidate_3,candidate_4,candidate_1,candidate_5,5,0.028000000000000004
349,candidate_2,candidate_3,candidate_4,candidate_1,candidate_5,5,0.028000000000000004
350,candidate_2,candidate_3,candidate_4,candidate_1,candidate_5,5,0.028000000000000004
351,candidate_2,candidate_3,candidate_4,candidate_1,candidate_5,5,0.028000000000000004
352,candidate_2,candidate_3,candidate_4,candidate_1,candidate_5,5,0.028000000000000004
353,candidate_2,candidate_3,0,candidate_1,candidate_5,5,0.028000000000000004
354,candidate_2,candidate_3,candidate_4,candidate_1,candidate_5,5,0.028000000000000004
355,candidate_2,candidate_3,0,candidate_1,candidate_5,5,0.028000000000000004
356,candidate_2,candidate_3,candidate_4,candidate_1,candidate_5,5,0.028000000000000004
357,candidate_2,candidate_3,candidate_4,candidate_1,candidate_5,5,0.028000000000000004
358,candidate_2,candidate_3,candidate_4,candidate_1,candidate_5,5,0.028000000000000004
359,candidate_2,candidate_3,candidate_4,candidate_1,candidate_5,5,0.028000000000000004
360,candidate_2,candidate_3,candidate_4,candidate_1,candidate_5,5,0.028000000000000004
361,candidate_2,candidate_3,candidate_4,candidate_1,candidate_5,5,0.028000000000000004
362,candidate_2,candidate_3,candidate_4,candidate_1,candidate_5,5,0.028000000000000004
363,candidate_2,candidate_3,candidate_4,candidate_1,candidate_5,5,0.028000000000000004
364,0,candidate_3,candidate_4,candidate_1,candidate_5,5,0.028000000000000004
365,candidate_2,candidate_3,candidate_4,candidate_1,candidate_5,5,0.028000000000000004
366,candidate_2,candidate_3,candidate_4,candidate_1,candidate_5,5,0.028000000000000004
367,candidate_2,candidate_3,candidate_4,candidate_1,candidate_5,5,0.028000000000000004
368,candidate_2,candidate_3,candidate_4,candidate_1,candidate_5,5,0.028000000000000004
369,candidate_2,candidate_3,candidate_4,candidate_1,candidate_5,5,0.028000000000000004
370,candidate_2,candidate_3,candidate_4,candidate_1,candidate_5,5,0.028000000000000004
371,candidate_2,candidate_3,candidate_4,candidate_1,candidate_5,5,0.028000000000000004
372,candidate_2,candidate_3,candidate_4,candidate_1,candidate_5,5,0.028000000000000004
373,candidate_2,candidate_3,candidate_4,candidate_1,candidate_5,5,0.028000000000000004
374,candidate_2,candidate_3,candidate_4,candidate_1,candidate_5,5,0.028000000000000004
375,candidate_2,candidate_3,candidate_4,candidate_1,candidate_5,5,0.028000000000000004
376,candidate_2,candidate_3,candidate_4,candidate_1,candidate_5,5,0.028000000000000004
377,candidate_2,candidate_3,candidate_4,candidate_1,candidate_5,5,0.028000000000000004
378,candidate_2,candidate_3,candidate_4,candidate_1,candidate_5,5,0.028000000000000004
379,candidate_2,candidate_3,candidate_4,candidate_1,candidate_5,5,0.028000000000000004
380,candidate_2,candidate_3,candidate_4,candidate_1,candidate_5,5,0.028000000000000004
381,candidate_2,candidate_3,candidate_4,candidate_1,candidate_5,5,0.028000000000000004
382,candidate_2,candidate_3,candidate_4,candidate_1,candidate_5,5,0.028000000000000004
383,candidate_2,candidate_3,candidate_4,candidate_1,candidate_5,5,0.028000000000000004
384,candidate_2,candidate_3,candidate_4,candidate_1,candidate_5,5,0.028000000000000004
385,candidate_2,candidate_3,candidate_4,candidate_1,candidate_5,5,0.028000000000000004
386,candidate_2,candidate_3,candidate_4,candidate_1,candidate_5,5,0.028000000000000004
387,candidate_2,candidate_3,candidate_4,candidate_1,candidate_5,5,0.028000000000000004
388,candidate_2,candidate_3,candidate_4,candidate_1,candidate_5,5,0.028000000000000004
389,candidate_2,candidate_3,candidate_4,candidate_1,candidate_5,5,0.028000000000000004
390,candidate_2,candidate_3,candidate_4,candidate_1,candidate_5,5,0.028000000000000004
391,candidate_2,candidate_3,candidate_4,candidate_1,candidate_5,5,0.028000000000000004
392,candidate_2,candidate_3,candidate_4,candidate_1,candidate_5,5,0.028000000000000004
393,candidate_2,candidate_3,candidate_4,candidate_1,candidate_5,5,0.028000000000000004
394,candidate_2,candidate_3,candidate_4,candidate_1,candidate_5,5,0.028000000000000004
395,candidate_2,candidate_3,candidate_4,candidate_1,candidate_5,5,0.028000000000000004
396,candidate_2,candidate_3,candidate_4,candidate_1,candidate_5,5,0.028000000000000004
397,candidate_2,candidate_3,candidate_4,candidate_1,candidate_5,5,0.028000000000000004
398,candidate_2,candidate_3,candidate_4,candidate_1,candidate_5,5,0.028000000000000004
399,candidate_2,candidate_3,candidate_4,candidate_1,candidate_5,5,0.028000000000000004
400,candidate_2,candidate_3,candidate_4,candidate_1,candidate_5,5,0.028000000000000004
401,candidate_2,candidate_3,candidate_4,candidate_1,candidate_5,5,0.028000000000000004
402,candidate_2,candidate_3,candidate_4,candidate_1,candidate_5,5,0.028000000000000004
403,candidate_2,candidate_3,candidate_4,candidate_1,candidate_5,5,0.028000000000000004
404,candidate_2,candidate_3,candidate_4,candidate_1,candidate_5,5,0.028000000000000004
405,candidate_2,candidate_3,candidate_4,candidate_1,candidate_5,5,0.028000000000000004
406,candidate_2,candidate_3,candidate_4,candidate_1,candidate_5,5,0.028000000000000004
407,candidate_2,candidate_3,candidate_4,candidate_1,candidate_5,5,0.028000000000000004
408,candidate_2,candidate_3,candidate_4,0,candidate_5,5,0.028000000000000004
409,candidate_2,candidate_3,candidate_4,candidate_1,candidate_5,5,0.028000000000000004
410,candidate_2,candidate_3,candidate_4,candidate_1,candidate_5,5,0.028000000000000004
411,candidate_2,candidate_3,candidate_4,candidate_1,candidate_5,5,0.028000000000000004
412,candidate_2,candidate_3,candidate_4,candidate_1,candidate_5,5,0.028000000000000004
413,candidate_2,candidate_3,candidate_4,candidate_1,candidate_5,5,0.028000000000000004
414,candidate_2,candidate_3,candidate_4,candidate_1,candidate_5,5,0.028000000000000004
415,candidate_2,candidate_3,candidate_4,candidate_1,candidate_5,5,0.028000000000000004
416,candidate_2,candidate_3,candidate_4,candidate_1,candidate_5,5,0.028000000000000004
417,candidate_2,candidate_3,candidate_4,candidate_1,candidate_5,5,0.028000000000000004
418,candidate_2,candidate_3,candidate_4,candidate_1,candidate_5,5,0.028000000000000004
419,candidate_2,candidate_3,candidate_4,candidate_1,candidate_5,5,0.028000000000000004
420,candidate_2,candidate_3,candidate_4,candidate_1,candidate_5,5,0.028000000000000004
421,candidate_2,candidate_3,candidate_4,candidate_1,candidate_5,5,0.028000000000000004
422,candidate_2,candidate_3,candidate_4,candidate_1,candidate_5,5,0.028000000000000004
423,candidate_2,candidate_3,candidate_4,candidate_1,candidate_5,5,0.028000000000000004
424,candidate_2,candidate_3,candidate_4,candidate_1,candidate_5,5,0.028000000000000004
425,candidate_2,candidate_3,candidate_4,candidate_1,candidate_5,5,0.028000000000000004
426,candidate_2,candidate_3,candidate_4,candidate_1,candidate_5,5,0.028000000000000004
427,candidate_2,candidate_3,candidate_4,candidate_1,candidate_5,5,0.028000000000000004
428,candidate_2,candidate_3,candidate_4,candidate_1,candidate_5,5,0.028000000000000004
429,candidate_2,candidate_3,candidate_4,candidate_1,candidate_5,5,0.028000000000000004
430,candidate_2,candidate_3,candidate_4,candidate_1,candidate_5,5,0.028000000000000004
431,candidate_2,candidate_3,candidate_4,candidate_1,candidate_5,5,0.028000000000000004
432,candidate_2,candidate_3,candidate_4,candidate_1,candidate_5,5,0.028000000000000004
433,candidate_2,candidate_3,candidate_4,candidate_1,candidate_5,5,0.028000000000000004
434,candidate_2,candidate_3,candidate_4,candidate_1,candidate_5,5,0.028000000000000004
435,candidate_2,candidate_3,candidate_4,candidate_1,candidate_5,5,0.028000000000000004
436,candidate_2,candidate_3,candidate_4,candidate_1,candidate_5,5,0.028000000000000004
437,candidate_2,candidate_3,candidate_4,candidate_1,candidate_5,5,0.028000000000000004
438,candidate_2,candidate_3,candidate_4,candidate_1,candidate_5,5,0.028000000000000004
439,candidate_2,candidate_3,candidate_4,candidate_1,candidate_5,5,0.028000000000000004
440,candidate_2,candidate_3,candidate_4,candidate_1,candidate_5,5,0.028000000000000004
441,candidate_2,candidate_3,candidate_4,candidate_1,candidate_5,5,0.028000000000000004
442,candidate_2,candidate_3,candidate_4,candidate_1,candidate_5,5,0.028000000000000004
443,candidate_2,candidate_3,candidate_4,candidate_1,candidate_5,5,0.028000000000000004
444,candidate_2,candidate_3,candidate_4,candidate_1,candidate_5,5,0.028000000000000004
445,candidate_2,candidate_3,candidate_4,candidate_1,candidate_5,5,0.028000000000000004
446,candidate_2,candidate_3,candidate_4,candidate_1,candidate_5,5,0.028000000000000004
447,candidate_2,candidate_3,candidate_4,candidate_1,candidate_5,5,0.028000000000000004
448,candidate_2,candidate_3,candidate_4,candidate_1,candidate_5,5,0.028000000000000004
449,candidate_2,candidate_3,candidate_4,candidate_1,candidate_5,5,0.028000000000000004
450,candidate_2,candidate_3,candidate_4,candidate_1,candidate_5,5,0.028000000000000004
451,candidate_2,candidate_3,candidate_4,candidate_1,candidate_5,5,0.028000000000000004
452,candidate_2,candidate_3,candidate_4,candidate_1,candidate_5,5,0.028000000000000004
453,candidate_2,candidate_3,candidate_4,candidate_1,candidate_5,5,0.028000000000000004
454,candidate_2,candidate_3,candidate_4,candidate_1,0,5,0.028000000000000004
455,candidate_2,candidate_3,candidate_4,candidate_1,candidate_5,5,0.028000000000000004
456,candidate_2,candidate_3,candidate_4,candidate_1,candidate_5,5,0.028000000000000004
457,candidate_2,candidate_3,candidate_4,candidate_1,candidate_5,5,0.028000000000000004
458,candidate_2,candidate_3,candidate_4,candidate_1,candidate_5,5,0.028000000000000004
459,candidate_2,candidate_3,candidate_4,candidate_1,candidate_5,5,0.028000000000000004
460,candidate_2,candidate_3,candidate_4,candidate_1,candidate_5,5,0.028000000000000004
461,candidate_2,candidate_3,candidate_4,candidate_1,candidate_5,5,0.028000000000000004
462,candidate_2,candidate_3,candidate_4,candidate_1,0,5,0.028000000000000004
463,candidate_2,candidate_3,candidate_4,0,candidate_5,5,0.028000000000000004
464,candidate_2,candidate_3,candidate_4,candidate_1,candidate_5,5,0.028000000000000004
465,candidate_2,candidate_3,candidate_4,candidate_1,candidate_5,5,0.028000000000000004
466,candidate_2,candidate_3,candidate_4,candidate_1,candidate_5,5,0.028000000000000004
467,candidate_2,candidate_3,0,candidate_1,candidate_5,5,0.028000000000000004
468,candidate_2,candidate_3,candidate_4,candidate_1,candidate_5,5,0.028000000000000004
469,candidate_2,candidate_3,0,candidate_1,candidate_5,5,0.028000000000000004
470,candidate_2,candidate_3,candidate_4,candidate_1,candidate_5,5,0.028000000000000004
471,candidate_2,candidate_3,candidate_4,candidate_1,candidate_5,5,0.028000000000000004
472,candidate_2,candidate_3,candidate_4,candidate_1,candidate_5,5,0.028000000000000004
473,0,candidate_3,candidate_4,candidate_1,candidate_5,5,0.028000000000000004
474,candidate_2,candidate_3,candidate_4,candidate_1,candidate_5,5,0.028000000000000004
475,candidate_2,candidate_3,candidate_4,candidate_1,candidate_5,5,0.028000000000000004
476,candidate_2,candidate_3,candidate_4,candidate_1,candidate_5,5,0.028000000000000004
477,candidate_2,candidate_3,candidate_4,candidate_1,candidate_5,5,0.028000000000000004
478,candidate_2,candidate_3,candidate_4,candidate_1,candidate_5,5,0.028000000000000004
479,candidate_2,candidate_3,candidate_4,candidate_1,candidate_5,5,0.028000000000000004
480,candidate_2,candidate_3,candidate_4,candidate_1,candidate_5,5,0.028000000000000004
481,candidate_2,candidate_3,candidate_4,candidate_1,candidate_5,5,0.028000000000000004
482,candidate_2,candidate_3,candidate_4,candidate_1,candidate_5,5,0.028000000000000004
483,candidate_2,candidate_3,candidate_4,candidate_1,candidate_5,5,0.028000000000000004
484,candidate_2,candidate_3,candidate_4,candidate_1,candidate_5,5,0.028000000000000004
485,candidate_2,candidate_3,candidate_4,candidate_1,candidate_5,5,0.028000000000000004
486,candidate_2,candidate_3,candidate_4,candidate_1,candidate_5,5,0.028000000000000004
487,candidate_2,candidate_3,candidate_4,candidate_1,candidate_5,5,0.028000000000000004
488,candidate_2,candidate_3,candidate_4,candidate_1,candidate_5,5,0.028000000000000004
489,candidate_2,candidate_3,candidate_4,candidate_1,candidate_5,5,0.028000000000000004
490,0,candidate_3,candidate_4,candidate_1,candidate_5,5,0.028000000000000004
491,candidate_2,candidate_3,candidate_4,candidate_1,candidate_5,5,0.028000000000000004
492,candidate_2,candidate_3,candidate_4,candidate_1,candidate_5,5,0.028000000000000004
493,candidate_2,candidate_3,candidate_4,candidate_1,candidate_5,5,0.028000000000000004
494,candidate_2,candidate_3,candidate_4,candidate_1,candidate_5,5,0.028000000000000004
495,candidate_2,candidate_3,candidate_4,candidate_1,candidate_5,5,0.028000000000000004
496,candidate_2,candidate_3,candidate_4,candidate_1,candidate_5,5,0.028000000000000004
497,candidate_2,candidate_3,candidate_4,candidate_1,candidate_5,5,0.028000000000000004
0,candidate_2,candidate_3,candidate_4,candidate_5,candidate_1,5,0.028000000000000004
1,candidate_2,candidate_3,0,candidate_5,candidate_1,5,0.028000000000000004
2,candidate_2,candidate_3,candidate_4,candidate_5,candidate_1,5,0.028000000000000004
3,candidate_2,candidate_3,candidate_4,candidate_5,candidate_1,5,0.028000000000000004
4,candidate_2,candidate_3,candidate_4,candidate_5,candidate_1,5,0.028000000000000004
5,candidate_2,candidate_3,candidate_4,candidate_5,candidate_1,5,0.028000000000000004
6,candidate_2,candidate_3,candidate_4,candidate_5,candidate_1,5,0.028000000000000004
7,candidate_2,candidate_3,candidate_4,candidate_5,candidate_1,5,0.028000000000000004
8,candidate_2,candidate_3,candidate_4,candidate_5,candidate_1,5,0.028000000000000004
9,candidate_2,candidate_3,candidate_4,candidate_5,candidate_1,5,0.028000000000000004
10,candidate_2,candidate_3,candidate_4,candidate_5,candidate_1,5,0.028000000000000004
11,candidate_2,candidate_3,candidate_4,candidate_5,candidate_1,5,0.028000000000000004
12,candidate_2,candidate_3,candidate_4,candidate_5,candidate_1,5,0.028000000000000004
13,candidate_2,candidate_3,candidate_4,candidate_5,candidate_1,5,0.028000000000000004
14,candidate_2,candidate_3,candidate_4,candidate_5,candidate_1,5,0.028000000000000004
15,candidate_2,candidate_3,candidate_4,candidate_5,candidate_1,5,0.028000000000000004
16,candidate_2,candidate_3,candidate_4,candidate_5,candidate_1,5,0.028000000000000004
17,candidate_2,candidate_3,candidate_4,candidate_5,candidate_1,5,0.028000000000000004
18,candidate_2,candidate_3,candidate_4,candidate_5,candidate_1,5,0.028000000000000004
19,candidate_2,candidate_3,candidate_4,candidate_5,candidate_1,5,0.028000000000000004
20,candidate_2,candidate_3,candidate_4,candidate_5,candidate_1,5,0.028000000000000004
21,candidate_2,candidate_3,0,candidate_5,candidate_1,5,0.028000000000000004
22,candidate_2,candidate_3,candidate_4,candidate_5,0,5,0.028000000000000004
23,candidate_2,candidate_3,candidate_4,candidate_5,candidate_1,5,0.028000000000000004
24,candidate_2,candidate_3,candidate_4,candidate_5,candidate_1,5,0.028000000000000004
25,candidate_2,candidate_3,0,candidate_5,candidate_1,5,0.028000000000000004
26,candidate_2,candidate_3,candidate_4,candidate_5,candidate_1,5,0.028000000000000004
27,candidate_2,candidate_3,candidate_4,candidate_5,candidate_1,5,0.028000000000000004
28,candidate_2,candidate_3,candidate_4,candidate_5,candidate_1,5,0.028000000000000004
29,candidate_2,candidate_3,candidate_4,candidate_5,candidate_1,5,0.028000000000000004
30,candidate_2,candidate_3,candidate_4,candidate_5,candidate_1,5,0.028000000000000004
31,candidate_2,candidate_3,candidate_4,candidate_5,candidate_1,5,0.028000000000000004
32,candidate_2,candidate_3,candidate_4,candidate_5,candidate_1,5,0.028000000000000004
33,candidate_2,candidate_3,candidate_4,candidate_5,candidate_1,5,0.028000000000000004
34,candidate_2,candidate_3,candidate_4,candidate_5,candidate_1,5,0.028000000000000004
35,candidate_2,candidate_3,candidate_4,candidate_5,candidate_1,5,0.028000000000000004
36,candidate_2,candidate_3,candidate_4,candidate_5,candidate_1,5,0.028000000000000004
37,candidate_2,candidate_3,candidate_4,candidate_5,candidate_1,5,0.028000000000000004
38,candidate_2,candidate_3,candidate_4,candidate_5,candidate_1,5,0.028000000000000004
39,candidate_2,candidate_3,candidate_4,candidate_5,candidate_1,5,0.028000000000000004
40,candidate_2,candidate_3,candidate_4,candidate_5,candidate_1,5,0.028000000000000004
41,candidate_2,candidate_3,candidate_4,candidate_5,candidate_1,5,0.028000000000000004
42,candidate_2,candidate_3,candidate_4,candidate_5,candidate_1,5,0.028000000000000004
43,candidate_2,candidate_3,candidate_4,candidate_5,candidate_1,5,0.028000000000000004
44,candidate_2,candidate_3,candidate_4,candidate_5,candidate_1,5,0.028000000000000004
45,candidate_2,candidate_3,0,candidate_5,candidate_1,5,0.028000000000000004
46,candidate_2,candidate_3,candidate_4,candidate_5,candidate_1,5,0.028000000000000004
47,candidate_2,candidate_3,candidate_4,candidate_5,candidate_1,5,0.028000000000000004
48,0,candidate_3,candidate_4,candidate_5,candidate_1,5,0.028000000000000004
49,candidate_2,candidate_3,candidate_4,candidate_5,candidate_1,5,0.028000000000000004
50,candidate_2,candidate_3,candidate_4,candidate_5,candidate_1,5,0.028000000000000004
51,0,candidate_3,candidate_4,candidate_5,candidate_1,5,0.028000000000000004
52,candidate_2,candidate_3,candidate_4,0,candidate_1,5,0.028000000000000004
53,candidate_2,0,candidate_4,candidate_5,candidate_1,5,0.028000000000000004
54,candidate_2,candidate_3,candidate_4,candidate_5,candidate_1,5,0.028000000000000004
55,candidate_2,candidate_3,candidate_4,candidate_5,candidate_1,5,0.028000000000000004
56,candidate_2,candidate_3,candidate_4,candidate_5,candidate_1,5,0.028000000000000004
57,candidate_2,candidate_3,candidate_4,candidate_5,candidate_1,5,0.028000000000000004
58,candidate_2,candidate_3,candidate_4,candidate_5,candidate_1,5,0.028000000000000004
59,candidate_2,candidate_3,candidate_4,candidate_5,candidate_1,5,0.028000000000000004
60,candidate_2,candidate_3,candidate_4,candidate_5,candidate_1,5,0.028000000000000004
61,0,candidate_3,candidate_4,candidate_5,candidate_1,5,0.028000000000000004
62,candidate_2,candidate_3,candidate_4,candidate_5,candidate_1,5,0.028000000000000004
63,candidate_2,candidate_3,candidate_4,candidate_5,candidate_1,5,0.028000000000000004
64,0,candidate_3,candidate_4,candidate_5,candidate_1,5,0.028000000000000004
65,candidate_2,candidate_3,candidate_4,candidate_5,candidate_1,5,0.028000000000000004
66,candidate_2,candidate_3,candidate_4,candidate_5,candidate_1,5,0.028000000000000004
67,candidate_2,candidate_3,candidate_4,candidate_5,candidate_1,5,0.028000000000000004
68,candidate_2,candidate_3,candidate_4,candidate_5,candidate_1,5,0.028000000000000004
69,candidate_2,candidate_3,candidate_4,candidate_5,candidate_1,5,0.028000000000000004
70,candidate_2,candidate_3,candidate_4,candidate_5,candidate_1,5,0.028000000000000004
71,candidate_2,candidate_3,candidate_4,candidate_5,candidate_1,5,0.028000000000000004
72,candidate_2,candidate_3,candidate_4,candidate_5,candidate_1,5,0.028000000000000004
73,candidate_2,candidate_3,candidate_4,candidate_5,candidate_1,5,0.028000000000000004
74,candidate_2,candidate_3,candidate_4,candidate_5,candidate_1,5,0.028000000000000004
75,candidate_2,candidate_3,candidate_4,candidate_5,candidate_1,5,0.028000000000000004
76,candidate_2,candidate_3,candidate_4,candidate_5,candidate_1,5,0.028000000000000004
77,candidate_2,candidate_3,candidate_4,candidate_5,candidate_1,5,0.028000000000000004
78,candidate_2,candidate_3,candidate_4,candidate_5,candidate_1,5,0.028000000000000004
79,candidate_2,candidate_3,candidate_4,candidate_5,candidate_1,5,0.028000000000000004
80,candidate_2,candidate_3,candidate_4,0,candidate_1,5,0.028000000000000004
81,candidate_2,candidate_3,candidate_4,candidate_5,candidate_1,5,0.028000000000000004
82,candidate_2,candidate_3,candidate_4,candidate_5,candidate_1,5,0.028000000000000004
83,candidate_2,candidate_3,candidate_4,candidate_5,candidate_1,5,0.028000000000000004
84,candidate_2,0,candidate_4,candidate_5,candidate_1,5,0.028000000000000004
85,candidate_2,candidate_3,candidate_4,candidate_5,candidate_1,5,0.028000000000000004
86,candidate_2,candidate_3,candidate_4,candidate_5,candidate_1,5,0.028000000000000004
87,candidate_2,candidate_3,candidate_4,candidate_5,candidate_1,5,0.028000000000000004
88,candidate_2,candidate_3,candidate_4,candidate_5,candidate_1,5,0.028000000000000004
89,0,candidate_3,candidate_4,candidate_5,candidate_1,5,0.028000000000000004
90,candidate_2,candidate_3,candidate_4,candidate_5,candidate_1,5,0.028000000000000004
91,candidate_2,candidate_3,candidate_4,candidate_5,candidate_1,5,0.028000000000000004
92,candidate_2,candidate_3,candidate_4,candidate_5,candidate_1,5,0.028000000000000004
93,candidate_2,candidate_3,candidate_4,candidate_5,candidate_1,5,0.028000000000000004
94,candidate_2,candidate_3,candidate_4,candidate_5,candidate_1,5,0.028000000000000004
95,candidate_2,candidate_3,candidate_4,candidate_5,candidate_1,5,0.028000000000000004
96,candidate_2,candidate_3,candidate_4,candidate_5,0,5,0.028000000000000004
97,candidate_2,0,candidate_4,candidate_5,candidate_1,5,0.028000000000000004
98,candidate_2,candidate_3,candidate_4,candidate_5,candidate_1,5,0.028000000000000004
99,candidate_2,candidate_3,candidate_4,candidate_5,candidate_1,5,0.028000000000000004
100,candidate_2,candidate_3,candidate_4,0,candidate_1,5,0.028000000000000004
101,candidate_2,candidate_3,candidate_4,candidate_5,candidate_1,5,0.028000000000000004
102,candidate_2,candidate_3,candidate_4,candidate_5,candidate_1,5,0.028000000000000004
103,candidate_2,candidate_3,candidate_4,candidate_5,candidate_1,5,0.028000000000000004
104,candidate_2,candidate_3,candidate_4,candidate_5,candidate_1,5,0.028000000000000004
105,candidate_2,candidate_3,candidate_4,candidate_5,candidate_1,5,0.028000000000000004
106,candidate_2,candidate_3,candidate_4,candidate_5,candidate_1,5,0.028000000000000004
107,candidate_2,candidate_3,candidate_4,candidate_5,candidate_1,5,0.028000000000000004
108,candidate_2,candidate_3,candidate_4,candidate_5,candidate_1,5,0.028000000000000004
109,candidate_2,candidate_3,candidate_4,candidate_5,candidate_1,5,0.028000000000000004
110,candidate_2,candidate_3,candidate_4,candidate_5,candidate_1,5,0.028000000000000004
111,0,candidate_3,candidate_4,candidate_5,candidate_1,5,0.028000000000000004
112,candidate_2,candidate_3,candidate_4,candidate_5,candidate_1,5,0.028000000000000004
113,candidate_2,candidate_3,candidate_4,candidate_5,candidate_1,5,0.028000000000000004
114,candidate_2,candidate_3,candidate_4,candidate_5,0,5,0.028000000000000004
115,candidate_2,candidate_3,candidate_4,candidate_5,candidate_1,5,0.028000000000000004
116,candidate_2,candidate_3,candidate_4,candidate_5,candidate_1,5,0.028000000000000004
117,candidate_2,candidate_3,candidate_4,candidate_5,candidate_1,5,0.028000000000000004
118,candidate_2,candidate_3,candidate_4,candidate_5,candidate_1,5,0.028000000000000004
119,candidate_2,candidate_3,0,candidate_5,candidate_1,5,0.028000000000000004
120,candidate_2,candidate_3,candidate_4,candidate_5,candidate_1,5,0.028000000000000004
121,candidate_2,candidate_3,candidate_4,candidate_5,candidate_1,5,0.028000000000000004
122,candidate_2,candidate_3,candidate_4,candidate_5,candidate_1,5,0.028000000000000004
123,candidate_2,candidate_3,candidate_4,candidate_5,candidate_1,5,0.028000000000000004
124,candidate_2,candidate_3,candidate_4,candidate_5,candidate_1,5,0.028000000000000004
125,candidate_2,candidate_3,candidate_4,candidate_5,candidate_1,5,0.028000000000000004
126,candidate_2,candidate_3,candidate_4,candidate_5,candidate_1,5,0.028000000000000004
127,candidate_2,candidate_3,candidate_4,candidate_5,candidate_1,5,0.028000000000000004
128,candidate_2,candidate_3,candidate_4,candidate_5,candidate_1,5,0.028000000000000004
129,candidate_2,candidate_3,candidate_4,candidate_5,candidate_1,5,0.028000000000000004
130,candidate_2,candidate_3,candidate_4,candidate_5,candidate_1,5,0.028000000000000004
131,candidate_2,candidate_3,candidate_4,candidate_5,candidate_1,5,0.028000000000000004
132,candidate_2,candidate_3,candidate_4,candidate_5,candidate_1,5,0.028000000000000004
133,candidate_2,candidate_3,candidate_4,candidate_5,candidate_1,5,0.028000000000000004
134,candidate_2,candidate_3,candidate_4,candidate_5,candidate_1,5,0.028000000000000004
135,candidate_2,candidate_3,candidate_4,candidate_5,candidate_1,5,0.028000000000000004
136,candidate_2,candidate_3,candidate_4,candidate_5,candidate_1,5,0.028000000000000004
137,candidate_2,candidate_3,candidate_4,candidate_5,candidate_1,5,0.028000000000000004
138,candidate_2,candidate_3,candidate_4,candidate_5,candidate_1,5,0.028000000000000004
139,candidate_2,candidate_3,candidate_4,candidate_5,candidate_1,5,0.028000000000000004
140,candidate_2,candidate_3,candidate_4,candidate_5,candidate_1,5,0.028000000000000004
141,candidate_2,candidate_3,candidate_4,candidate_5,candidate_1,5,0.028000000000000004
142,candidate_2,candidate_3,candidate_4,candidate_5,candidate_1,5,0.028000000000000004
143,candidate_2,candidate_3,candidate_4,candidate_5,candidate_1,5,0.028000000000000004
144,candidate_2,candidate_3,candidate_4,candidate_5,candidate_1,5,0.028000000000000004
145,candidate_2,candidate_3,candidate_4,candidate_5,candidate_1,5,0.028000000000000004
146,0,candidate_3,candidate_4,candidate_5,candidate_1,5,0.028000000000000004
147,candidate_2,candidate_3,candidate_4,candidate_5,candidate_1,5,0.028000000000000004
148,candidate_2,candidate_3,candidate_4,candidate_5,candidate_1,5,0.028000000000000004
149,candidate_2,candidate_3,candidate_4,candidate_5,candidate_1,5,0.028000000000000004
150,candidate_2,candidate_3,candidate_4,candidate_5,candidate_1,5,0.028000000000000004
151,candidate_2,candidate_3,candidate_4,candidate_5,candidate_1,5,0.028000000000000004
152,candidate_2,candidate_3,candidate_4,candidate_5,candidate_1,5,0.028000000000000004
153,candidate_2,candidate_3,candidate_4,candidate_5,candidate_1,5,0.028000000000000004
154,candidate_2,candidate_3,candidate_4,candidate_5,candidate_1,5,0.028000000000000004
155,candidate_2,candidate_3,candidate_4,candidate_5,candidate_1,5,0.028000000000000004
156,candidate_2,candidate_3,candidate_4,candidate_5,candidate_1,5,0.028000000000000004
157,candidate_2,candidate_3,candidate_4,candidate_5,candidate_1,5,0.028000000000000004
158,candidate_2,candidate_3,candidate_4,candidate_5,0,5,0.028000000000000004
159,candidate_2,candidate_3,candidate_4,candidate_5,candidate_1,5,0.028000000000000004
160,candidate_2,candidate_3,candidate_4,candidate_5,candidate_1,5,0.028000000000000004
161,candidate_2,candidate_3,candidate_4,candidate_5,candidate_1,5,0.028000000000000004
162,candidate_2,candidate_3,candidate_4,candidate_5,candidate_1,5,0.028000000000000004
163,candidate_2,candidate_3,candidate_4,candidate_5,candidate_1,5,0.028000000000000004
164,candidate_2,candidate_3,candidate_4,candidate_5,candidate_1,5,0.028000000000000004
165,candidate_2,candidate_3,candidate_4,candidate_5,candidate_1,5,0.028000000000000004
166,candidate_2,candidate_3,candidate_4,candidate_5,candidate_1,5,0.028000000000000004
167,candidate_2,candidate_3,candidate_4,candidate_5,candidate_1,5,0.028000000000000004
168,candidate_2,candidate_3,candidate_4,candidate_5,candidate_1,5,0.028000000000000004
169,candidate_2,candidate_3,candidate_4,candidate_5,candidate_1,5,0.028000000000000004
170,candidate_2,candidate_3,candidate_4,candidate_5,candidate_1,5,0.028000000000000004
171,candidate_2,candidate_3,candidate_4,candidate_5,candidate_1,5,0.028000000000000004
172,candidate_2,candidate_3,candidate_4,candidate_5,candidate_1,5,0.028000000000000004
173,candidate_2,candidate_3,candidate_4,candidate_5,candidate_1,5,0.028000000000000004
174,candidate_2,candidate_3,candidate_4,candidate_5,candidate_1,5,0.028000000000000004
175,candidate_2,candidate_3,candidate_4,candidate_5,candidate_1,5,0.028000000000000004
176,candidate_2,candidate_3,candidate_4,candidate_5,candidate_1,5,0.028000000000000004
177,candidate_2,candidate_3,candidate_4,candidate_5,candidate_1,5,0.028000000000000004
178,candidate_2,candidate_3,candidate_4,candidate_5,candidate_1,5,0.028000000000000004
179,candidate_2,candidate_3,candidate_4,candidate_5,candidate_1,5,0.028000000000000004
180,candidate_2,candidate_3,candidate_4,candidate_5,candidate_1,5,0.028000000000000004
181,candidate_2,candidate_3,candidate_4,candidate_5,candidate_1,5,0.028000000000000004
182,candidate_2,candidate_3,candidate_4,candidate_5,candidate_1,5,0.028000000000000004
183,candidate_2,candidate_3,candidate_4,candidate_5,candidate_1,5,0.028000000000000004
184,candidate_2,candidate_3,candidate_4,candidate_5,candidate_1,5,0.028000000000000004
185,candidate_2,candidate_3,candidate_4,candidate_5,candidate_1,5,0.028000000000000004
186,candidate_2,candidate_3,candidate_4,candidate_5,candidate_1,5,0.028000000000000004
187,candidate_2,candidate_3,candidate_4,candidate_5,candidate_1,5,0.028000000000000004
188,candidate_2,candidate_3,candidate_4,candidate_5,candidate_1,5,0.028000000000000004
189,candidate_2,candidate_3,candidate_4,candidate_5,candidate_1,5,0.028000000000000004
190,candidate_2,candidate_3,candidate_4,candidate_5,candidate_1,5,0.028000000000000004
191,candidate_2,candidate_3,candidate_4,candidate_5,candidate_1,5,0.028000000000000004
192,candidate_2,candidate_3,candidate_4,candidate_5,candidate_1,5,0.028000000000000004
193,candidate_2,candidate_3,candidate_4,candidate_5,candidate_1,5,0.028000000000000004
194,candidate_2,candidate_3,candidate_4,candidate_5,candidate_1,5,0.028000000000000004
195,candidate_2,candidate_3,candidate_4,candidate_5,candidate_1,5,0.028000000000000004
196,candidate_2,candidate_3,candidate_4,candidate_5,candidate_1,5,0.028000000000000004
197,candidate_2,candidate_3,candidate_4,candidate_5,candidate_1,5,0.028000000000000004
198,candidate_2,candidate_3,candidate_4,candidate_5,candidate_1,5,0.028000000000000004
199,candidate_2,candidate_3,candidate_4,candidate_5,candidate_1,5,0.028000000000000004
200,candidate_2,candidate_3,candidate_4,candidate_5,candidate_1,5,0.028000000000000004
201,candidate_2,candidate_3,candidate_4,0,candidate_1,5,0.028000000000000004
202,candidate_2,candidate_3,candidate_4,candidate_5,candidate_1,5,0.028000000000000004
203,candidate_2,candidate_3,candidate_4,0,candidate_1,5,0.028000000000000004
204,candidate_2,candidate_3,candidate_4,candidate_5,candidate_1,5,0.028000000000000004
205,candidate_2,candidate_3,candidate_4,candidate_5,candidate_1,5,0.028000000000000004
206,candidate_2,candidate_3,candidate_4,candidate_5,candidate_1,5,0.028000000000000004
207,candidate_2,candidate_3,candidate_4,candidate_5,candidate_1,5,0.028000000000000004
208,candidate_2,candidate_3,candidate_4,candidate_5,candidate_1,5,0.028000000000000004
209,candidate_2,candidate_3,candidate_4,candidate_5,candidate_1,5,0.028000000000000004
210,candidate_2,candidate_3,candidate_4,candidate_5,candidate_1,5,0.028000000000000004
211,candidate_2,candidate_3,candidate_4,candidate_5,candidate_1,5,0.028000000000000004
212,candidate_2,candidate_3,candidate_4,candidate_5,candidate_1,5,0.028000000000000004
213,candidate_2,candidate_3,candidate_4,candidate_5,candidate_1,5,0.028000000000000004
214,candidate_2,candidate_3,candidate_4,candidate_5,candidate_1,5,0.028000000000000004
215,candidate_2,candidate_3,candidate_4,candidate_5,0,5,0.028000000000000004
216,candidate_2,candidate_3,candidate_4,candidate_5,candidate_1,5,0.028000000000000004
217,candidate_2,candidate_3,candidate_4,candidate_5,candidate_1,5,0.028000000000000004
218,candidate_2,0,candidate_4,candidate_5,candidate_1,5,0.028000000000000004
219,candidate_2,candidate_3,candidate_4,candidate_5,candidate_1,5,0.028000000000000004
220,candidate_2,candidate_3,candidate_4,candidate_5,candidate_1,5,0.028000000000000004
221,candidate_2,candidate_3,candidate_4,0,candidate_1,5,0.028000000000000004
222,candidate_2,candidate_3,candidate_4,candidate_5,candidate_1,5,0.028000000000000004
223,candidate_2,candidate_3,candidate_4,candidate_5,candidate_1,5,0.028000000000000004
224,candidate_2,candidate_3,candidate_4,0,candidate_1,5,0.028000000000000004
225,candidate_2,candidate_3,candidate_4,candidate_5,candidate_1,5,0.028000000000000004
226,candidate_2,candidate_3,candidate_4,candidate_5,candidate_1,5,0.028000000000000004
227,candidate_2,candidate_3,candidate_4,candidate_5,candidate_1,5,0.028000000000000004
228,candidate_2,candidate_3,candidate_4,candidate_5,candidate_1,5,0.028000000000000004
229,candidate_2,candidate_3,candidate_4,candidate_5,candidate_1,5,0.028000000000000004
230,candidate_2,candidate_3,candidate_4,candidate_5,candidate_1,5,0.028000000000000004
231,candidate_2,candidate_3,candidate_4,candidate_5,candidate_1,5,0.028000000000000004
232,candidate_2,candidate_3,candidate_4,candidate_5,candidate_1,5,0.028000000000000004
233,candidate_2,candidate_3,candidate_4,candidate_5,0,5,0.028000000000000004
234,candidate_2,candidate_3,candidate_4,candidate_5,candidate_1,5,0.028000000000000004
235,candidate_2,candidate_3,candidate_4,candidate_5,candidate_1,5,0.028000000000000004
236,candidate_2,candidate_3,candidate_4,candidate_5,candidate_1,5,0.028000000000000004
237,candidate_2,candidate_3,candidate_4,candidate_5,candidate_1,5,0.028000000000000004
238,candidate_2,candidate_3,candidate_4,candidate_5,candidate_1,5,0.028000000000000004
239,candidate_2,candidate_3,candidate_4,candidate_5,candidate_1,5,0.028000000000000004
240,candidate_2,candidate_3,candidate_4,candidate_5,candidate_1,5,0.028000000000000004
241,candidate_2,candidate_3,candidate_4,candidate_5,candidate_1,5,0.028000000000000004
242,candidate_2,candidate_3,candidate_4,candidate_5,candidate_1,5,0.028000000000000004
243,candidate_2,candidate_3,candidate_4,candidate_5,candidate_1,5,0.028000000000000004
244,0,candidate_3,candidate_4,candidate_5,candidate_1,5,0.028000000000000004
245,candidate_2,candidate_3,candidate_4,candidate_5,candidate_1,5,0.028000000000000004
246,candidate_2,candidate_3,candidate_4,candidate_5,candidate_1,5,0.028000000000000004
247,candidate_2,candidate_3,candidate_4,candidate_5,candidate_1,5,0.028000000000000004
248,candidate_2,0,candidate_4,candidate_5,candidate_1,5,0.028000000000000004
249,0,candidate_3,candidate_4,candidate_5,candidate_1,5,0.028000000000000004
250,candidate_2,candidate_3,candidate_4,candidate_5,0,5,0.028000000000000004
251,candidate_2,candidate_3,candidate_4,candidate_5,candidate_1,5,0.028000000000000004
252,candidate_2,candidate_3,candidate_4,candidate_5,candidate_1,5,0.028000000000000004
253,candidate_2,candidate_3,0,candidate_5,candidate_1,5,0.028000000000000004
254,candidate_2,candidate_3,candidate_4,candidate_5,candidate_1,5,0.028000000000000004
255,candidate_2,candidate_3,candidate_4,candidate_5,candidate_1,5,0.028000000000000004
256,candidate_2,candidate_3,candidate_4,candidate_5,candidate_1,5,0.028000000000000004
257,candidate_2,candidate_3,candidate_4,candidate_5,candidate_1,5,0.028000000000000004
258,candidate_2,0,candidate_4,candidate_5,candidate_1,5,0.028000000000000004
259,candidate_2,candidate_3,candidate_4,candidate_5,candidate_1,5,0.028000000000000004
260,candidate_2,candidate_3,candidate_4,candidate_5,candidate_1,5,0.028000000000000004
261,candidate_2,candidate_3,candidate_4,candidate_5,candidate_1,5,0.028000000000000004
262,candidate_2,candidate_3,candidate_4,0,candidate_1,5,0.028000000000000004
263,candidate_2,candidate_3,candidate_4,candidate_5,candidate_1,5,0.028000000000000004
264,candidate_2,candidate_3,candidate_4,candidate_5,candidate_1,5,0.028000000000000004
265,candidate_2,candidate_3,candidate_4,candidate_5,candidate_1,5,0.028000000000000004
266,candidate_2,candidate_3,candidate_4,candidate_5,candidate_1,5,0.028000000000000004
267,candidate_2,candidate_3,candidate_4,candidate_5,candidate_1,5,0.028000000000000004
268,candidate_2,candidate_3,candidate_4,candidate_5,candidate_1,5,0.028000000000000004
269,candidate_2,candidate_3,candidate_4,candidate_5,candidate_1,5,0.028000000000000004
270,candidate_2,candidate_3,candidate_4,0,candidate_1,5,0.028000000000000004
271,candidate_2,candidate_3,candidate_4,candidate_5,candidate_1,5,0.028000000000000004
272,candidate_2,candidate_3,candidate_4,candidate_5,candidate_1,5,0.028000000000000004
273,candidate_2,candidate_3,candidate_4,candidate_5,candidate_1,5,0.028000000000000004
274,candidate_2,candidate_3,candidate_4,candidate_5,candidate_1,5,0.028000000000000004
275,candidate_2,candidate_3,candidate_4,candidate_5,candidate_1,5,0.028000000000000004
276,candidate_2,candidate_3,candidate_4,0,candidate_1,5,0.028000000000000004
277,candidate_2,candidate_3,candidate_4,candidate_5,candidate_1,5,0.028000000000000004
278,candidate_2,candidate_3,candidate_4,candidate_5,candidate_1,5,0.028000000000000004
279,candidate_2,candidate_3,candidate_4,candidate_5,candidate_1,5,0.028000000000000004
280,candidate_2,candidate_3,candidate_4,candidate_5,candidate_1,5,0.028000000000000004
281,candidate_2,candidate_3,candidate_4,candidate_5,candidate_1,5,0.028000000000000004
282,candidate_2,candidate_3,candidate_4,candidate_5,candidate_1,5,0.028000000000000004
283,candidate_2,candidate_3,candidate_4,candidate_5,candidate_1,5,0.028000000000000004
284,candidate_2,candidate_3,candidate_4,candidate_5,candidate_1,5,0.028000000000000004
285,candidate_2,candidate_3,candidate_4,candidate_5,candidate_1,5,0.028000000000000004
286,candidate_2,candidate_3,candidate_4,candidate_5,candidate_1,5,0.028000000000000004
287,candidate_2,candidate_3,candidate_4,candidate_5,candidate_1,5,0.028000000000000004
288,candidate_2,candidate_3,candidate_4,candidate_5,candidate_1,5,0.028000000000000004
289,candidate_2,0,candidate_4,0,candidate_1,5,0.028000000000000004
290,0,candidate_3,candidate_4,candidate_5,candidate_1,5,0.028000000000000004
291,candidate_2,candidate_3,candidate_4,candidate_5,candidate_1,5,0.028000000000000004
292,candidate_2,candidate_3,candidate_4,candidate_5,candidate_1,5,0.028000000000000004
293,candidate_2,candidate_3,candidate_4,candidate_5,candidate_1,5,0.028000000000000004
294,candidate_2,candidate_3,candidate_4,candidate_5,candidate_1,5,0.028000000000000004
295,candidate_2,candidate_3,candidate_4,candidate_5,candidate_1,5,0.028000000000000004
296,candidate_2,candidate_3,candidate_4,candidate_5,candidate_1,5,0.028000000000000004
297,candidate_2,candidate_3,candidate_4,candidate_5,candidate_1,5,0.028000000000000004
298,candidate_2,candidate_3,candidate_4,candidate_5,candidate_1,5,0.028000000000000004
299,candidate_2,candidate_3,candidate_4,candidate_5,candidate_1,5,0.028000000000000004
300,candidate_2,candidate_3,0,candidate_5,candidate_1,5,0.028000000000000004
301,candidate_2,candidate_3,candidate_4,candidate_5,candidate_1,5,0.028000000000000004
302,candidate_2,candidate_3,candidate_4,candidate_5,candidate_1,5,0.028000000000000004
303,candidate_2,candidate_3,candidate_4,candidate_5,candidate_1,5,0.028000000000000004
304,candidate_2,candidate_3,candidate_4,candidate_5,candidate_1,5,0.028000000000000004
305,candidate_2,candidate_3,candidate_4,candidate_5,candidate_1,5,0.028000000000000004
306,candidate_2,candidate_3,candidate_4,candidate_5,candidate_1,5,0.028000000000000004
307,candidate_2,candidate_3,candidate_4,candidate_5,candidate_1,5,0.028000000000000004
308,candidate_2,candidate_3,candidate_4,candidate_5,candidate_1,5,0.028000000000000004
309,candidate_2,candidate_3,candidate_4,candidate_5,candidate_1,5,0.028000000000000004
310,candidate_2,candidate_3,candidate_4,candidate_5,candidate_1,5,0.028000000000000004
311,candidate_2,candidate_3,candidate_4,candidate_5,candidate_1,5,0.028000000000000004
312,candidate_2,candidate_3,candidate_4,candidate_5,candidate_1,5,0.028000000000000004
313,candidate_2,candidate_3,candidate_4,candidate_5,candidate_1,5,0.028000000000000004
314,candidate_2,candidate_3,candidate_4,candidate_5,candidate_1,5,0.028000000000000004
315,candidate_2,candidate_3,candidate_4,candidate_5,candidate_1,5,0.028000000000000004
316,candidate_2,candidate_3,candidate_4,candidate_5,candidate_1,5,0.028000000000000004
317,candidate_2,candidate_3,candidate_4,candidate_5,candidate_1,5,0.028000000000000004
318,candidate_2,candidate_3,candidate_4,candidate_5,candidate_1,5,0.028000000000000004
319,candidate_2,candidate_3,candidate_4,candidate_5,candidate_1,5,0.028000000000000004
320,candidate_2,candidate_3,candidate_4,candidate_5,candidate_1,5,0.028000000000000004
321,candidate_2,candidate_3,candidate_4,candidate_5,candidate_1,5,0.028000000000000004
322,candidate_2,candidate_3,candidate_4,candidate_5,0,5,0.028000000000000004
323,candidate_2,candidate_3,candidate_4,candidate_5,candidate_1,5,0.028000000000000004
324,candidate_2,candidate_3,candidate_4,candidate_5,candidate_1,5,0.028000000000000004
325,candidate_2,candidate_3,candidate_4,candidate_5,candidate_1,5,0.028000000000000004
326,candidate_2,candidate_3,candidate_4,candidate_5,candidate_1,5,0.028000000000000004
327,candidate_2,candidate_3,candidate_4,candidate_5,candidate_1,5,0.028000000000000004
328,candidate_2,candidate_3,candidate_4,candidate_5,candidate_1,5,0.028000000000000004
329,candidate_2,candidate_3,candidate_4,candidate_5,candidate_1,5,0.028000000000000004
330,candidate_2,candidate_3,candidate_4,candidate_5,candidate_1,5,0.028000000000000004
331,candidate_2,candidate_3,candidate_4,candidate_5,candidate_1,5,0.028000000000000004
332,candidate_2,candidate_3,candidate_4,candidate_5,candidate_1,5,0.028000000000000004
333,candidate_2,candidate_3,candidate_4,candidate_5,candidate_1,5,0.028000000000000004
334,candidate_2,candidate_3,candidate_4,candidate_5,candidate_1,5,0.028000000000000004
335,0,candidate_3,candidate_4,candidate_5,candidate_1,5,0.028000000000000004
336,candidate_2,candidate_3,candidate_4,candidate_5,candidate_1,5,0.028000000000000004
337,candidate_2,candidate_3,candidate_4,candidate_5,candidate_1,5,0.028000000000000004
338,candidate_2,candidate_3,candidate_4,candidate_5,candidate_1,5,0.028000000000000004
339,candidate_2,candidate_3,candidate_4,candidate_5,candidate_1,5,0.028000000000000004
340,0,candidate_3,candidate_4,candidate_5,candidate_1,5,0.028000000000000004
341,candidate_2,candidate_3,candidate_4,candidate_5,candidate_1,5,0.028000000000000004
342,candidate_2,candidate_3,candidate_4,candidate_5,candidate_1,5,0.028000000000000004
343,candidate_2,candidate_3,candidate_4,candidate_5,candidate_1,5,0.028000000000000004
344,candidate_2,candidate_3,candidate_4,candidate_5,candidate_1,5,0.028000000000000004
345,candidate_2,candidate_3,candidate_4,candidate_5,candidate_1,5,0.028000000000000004
346,candidate_2,candidate_3,candidate_4,candidate_5,candidate_1,5,0.028000000000000004
347,candidate_2,candidate_3,candidate_4,candidate_5,candidate_1,5,0.028000000000000004
348,candidate_2,candidate_3,candidate_4,candidate_5,candidate_1,5,0.028000000000000004
349,candidate_2,candidate_3,candidate_4,candidate_5,candidate_1,5,0.028000000000000004
350,candidate_2,candidate_3,candidate_4,candidate_5,candidate_1,5,0.028000000000000004
351,candidate_2,candidate_3,candidate_4,candidate_5,candidate_1,5,0.028000000000000004
352,candidate_2,candidate_3,candidate_4,candidate_5,candidate_1,5,0.028000000000000004
353,candidate_2,candidate_3,candidate_4,candidate_5,candidate_1,5,0.028000000000000004
354,candidate_2,candidate_3,candidate_4,candidate_5,candidate_1,5,0.028000000000000004
355,candidate_2,candidate_3,candidate_4,candidate_5,candidate_1,5,0.028000000000000004
356,candidate_2,candidate_3,candidate_4,candidate_5,candidate_1,5,0.028000000000000004
357,candidate_2,candidate_3,candidate_4,candidate_5,candidate_1,5,0.028000000000000004
358,candidate_2,candidate_3,candidate_4,candidate_5,candidate_1,5,0.028000000000000004
359,candidate_2,candidate_3,candidate_4,candidate_5,candidate_1,5,0.028000000000000004
360,candidate_2,candidate_3,candidate_4,candidate_5,candidate_1,5,0.028000000000000004
361,candidate_2,candidate_3,candidate_4,candidate_5,candidate_1,5,0.028000000000000004
362,candidate_2,candidate_3,candidate_4,candidate_5,candidate_1,5,0.028000000000000004
363,candidate_2,candidate_3,candidate_4,candidate_5,candidate_1,5,0.028000000000000004
364,candidate_2,0,candidate_4,candidate_5,0,5,0.028000000000000004
365,candidate_2,candidate_3,candidate_4,candidate_5,0,5,0.028000000000000004
366,candidate_2,candidate_3,0,candidate_5,candidate_1,5,0.028000000000000004
367,candidate_2,candidate_3,candidate_4,candidate_5,candidate_1,5,0.028000000000000004
368,candidate_2,candidate_3,candidate_4,candidate_5,candidate_1,5,0.028000000000000004
369,candidate_2,candidate_3,candidate_4,candidate_5,candidate_1,5,0.028000000000000004
370,candidate_2,candidate_3,candidate_4,candidate_5,candidate_1,5,0.028000000000000004
371,candidate_2,candidate_3,candidate_4,candidate_5,candidate_1,5,0.028000000000000004
372,candidate_2,candidate_3,candidate_4,candidate_5,candidate_1,5,0.028000000000000004
373,candidate_2,candidate_3,candidate_4,candidate_5,candidate_1,5,0.028000000000000004
374,candidate_2,candidate_3,candidate_4,candidate_5,candidate_1,5,0.028000000000000004
375,candidate_2,candidate_3,candidate_4,candidate_5,candidate_1,5,0.028000000000000004
376,candidate_2,candidate_3,candidate_4,candidate_5,candidate_1,5,0.028000000000000004
377,0,candidate_3,candidate_4,candidate_5,candidate_1,5,0.028000000000000004
378,candidate_2,candidate_3,candidate_4,candidate_5,candidate_1,5,0.028000000000000004
379,candidate_2,candidate_3,candidate_4,candidate_5,candidate_1,5,0.028000000000000004
380,candidate_2,candidate_3,candidate_4,candidate_5,candidate_1,5,0.028000000000000004
381,candidate_2,candidate_3,candidate_4,candidate_5,candidate_1,5,0.028000000000000004
382,candidate_2,candidate_3,candidate_4,candidate_5,candidate_1,5,0.028000000000000004
383,candidate_2,candidate_3,candidate_4,candidate_5,candidate_1,5,0.028000000000000004
384,candidate_2,candidate_3,0,candidate_5,candidate_1,5,0.028000000000000004
385,candidate_2,candidate_3,candidate_4,candidate_5,candidate_1,5,0.028000000000000004
386,candidate_2,candidate_3,candidate_4,candidate_5,candidate_1,5,0.028000000000000004
387,candidate_2,candidate_3,candidate_4,candidate_5,candidate_1,5,0.028000000000000004
388,candidate_2,candidate_3,candidate_4,candidate_5,candidate_1,5,0.028000000000000004
389,candidate_2,candidate_3,candidate_4,candidate_5,candidate_1,5,0.028000000000000004
390,candidate_2,candidate_3,candidate_4,candidate_5,candidate_1,5,0.028000000000000004
391,candidate_2,candidate_3,candidate_4,candidate_5,candidate_1,5,0.028000000000000004
392,candidate_2,candidate_3,candidate_4,candidate_5,candidate_1,5,0.028000000000000004
393,candidate_2,candidate_3,candidate_4,0,candidate_1,5,0.028000000000000004
394,candidate_2,candidate_3,0,candidate_5,candidate_1,5,0.028000000000000004
395,candidate_2,candidate_3,candidate_4,candidate_5,candidate_1,5,0.028000000000000004
396,candidate_2,candidate_3,candidate_4,candidate_5,candidate_1,5,0.028000000000000004
397,candidate_2,candidate_3,candidate_4,candidate_5,candidate_1,5,0.028000000000000004
398,candidate_2,candidate_3,candidate_4,candidate_5,candidate_1,5,0.028000000000000004
399,candidate_2,candidate_3,candidate_4,candidate_5,candidate_1,5,0.028000000000000004
400,candidate_2,candidate_3,candidate_4,candidate_5,candidate_1,5,0.028000000000000004
401,candidate_2,candidate_3,candidate_4,candidate_5,0,5,0.028000000000000004
402,candidate_2,candidate_3,candidate_4,candidate_5,candidate_1,5,0.028000000000000004
403,candidate_2,candidate_3,candidate_4,candidate_5,candidate_1,5,0.028000000000000004
404,candidate_2,candidate_3,candidate_4,candidate_5,candidate_1,5,0.028000000000000004
405,candidate_2,candidate_3,candidate_4,candidate_5,candidate_1,5,0.028000000000000004
406,0,candidate_3,candidate_4,candidate_5,candidate_1,5,0.028000000000000004
407,candidate_2,candidate_3,candidate_4,candidate_5,candidate_1,5,0.028000000000000004
408,candidate_2,candidate_3,candidate_4,candidate_5,candidate_1,5,0.028000000000000004
409,candidate_2,candidate_3,candidate_4,candidate_5,candidate_1,5,0.028000000000000004
410,candidate_2,candidate_3,candidate_4,candidate_5,candidate_1,5,0.028000000000000004
411,candidate_2,candidate_3,candidate_4,candidate_5,candidate_1,5,0.028000000000000004
412,candidate_2,candidate_3,candidate_4,candidate_5,candidate_1,5,0.028000000000000004
413,candidate_2,candidate_3,candidate_4,candidate_5,candidate_1,5,0.028000000000000004
414,candidate_2,candidate_3,candidate_4,candidate_5,candidate_1,5,0.028000000000000004
415,candidate_2,candidate_3,candidate_4,candidate_5,candidate_1,5,0.028000000000000004
416,candidate_2,candidate_3,candidate_4,candidate_5,candidate_1,5,0.028000000000000004
417,candidate_2,candidate_3,candidate_4,candidate_5,candidate_1,5,0.028000000000000004
0,candidate_2,candidate_3,candidate_5,candidate_1,candidate_4,5,0.028000000000000004
1,candidate_2,0,candidate_5,candidate_1,candidate_4,5,0.028000000000000004
2,candidate_2,candidate_3,candidate_5,candidate_1,candidate_4,5,0.028000000000000004
3,candidate_2,candidate_3,candidate_5,candidate_1,candidate_4,5,0.028000000000000004
4,candidate_2,candidate_3,candidate_5,candidate_1,candidate_4,5,0.028000000000000004
5,candidate_2,candidate_3,candidate_5,candidate_1,candidate_4,5,0.028000000000000004
6,candidate_2,candidate_3,candidate_5,candidate_1,candidate_4,5,0.028000000000000004
7,candidate_2,candidate_3,candidate_5,candidate_1,candidate_4,5,0.028000000000000004
8,candidate_2,candidate_3,candidate_5,candidate_1,candidate_4,5,0.028000000000000004
9,candidate_2,candidate_3,candidate_5,candidate_1,candidate_4,5,0.028000000000000004
10,candidate_2,candidate_3,candidate_5,candidate_1,candidate_4,5,0.028000000000000004
11,candidate_2,candidate_3,candidate_5,candidate_1,candidate_4,5,0.028000000000000004
12,candidate_2,candidate_3,0,candidate_1,candidate_4,5,0.028000000000000004
13,candidate_2,candidate_3,candidate_5,candidate_1,candidate_4,5,0.028000000000000004
14,candidate_2,candidate_3,candidate_5,candidate_1,candidate_4,5,0.028000000000000004
15,candidate_2,candidate_3,candidate_5,0,candidate_4,5,0.028000000000000004
16,candidate_2,candidate_3,candidate_5,candidate_1,candidate_4,5,0.028000000000000004
17,candidate_2,candidate_3,candidate_5,candidate_1,candidate_4,5,0.028000000000000004
18,candidate_2,candidate_3,candidate_5,candidate_1,candidate_4,5,0.028000000000000004
19,candidate_2,candidate_3,candidate_5,candidate_1,candidate_4,5,0.028000000000000004
20,candidate_2,candidate_3,candidate_5,candidate_1,candidate_4,5,0.028000000000000004
21,candidate_2,0,candidate_5,candidate_1,candidate_4,5,0.028000000000000004
22,candidate_2,candidate_3,candidate_5,candidate_1,candidate_4,5,0.028000000000000004
23,candidate_2,candidate_3,candidate_5,candidate_1,candidate_4,5,0.028000000000000004
24,candidate_2,candidate_3,candidate_5,candidate_1,candidate_4,5,0.028000000000000004
25,candidate_2,candidate_3,candidate_5,candidate_1,candidate_4,5,0.028000000000000004
26,candidate_2,candidate_3,candidate_5,candidate_1,candidate_4,5,0.028000000000000004
27,candidate_2,candidate_3,candidate_5,candidate_1,candidate_4,5,0.028000000000000004
28,candidate_2,candidate_3,candidate_5,candidate_1,candidate_4,5,0.028000000000000004
29,candidate_2,candidate_3,candidate_5,candidate_1,candidate_4,5,0.028000000000000004
30,candidate_2,candidate_3,candidate_5,candidate_1,candidate_4,5,0.028000000000000004
31,candidate_2,candidate_3,candidate_5,candidate_1,candidate_4,5,0.028000000000000004
32,candidate_2,candidate_3,candidate_5,candidate_1,candidate_4,5,0.028000000000000004
33,candidate_2,candidate_3,candidate_5,candidate_1,candidate_4,5,0.028000000000000004
34,candidate_2,candidate_3,candidate_5,candidate_1,candidate_4,5,0.028000000000000004
35,candidate_2,candidate_3,candidate_5,candidate_1,candidate_4,5,0.028000000000000004
36,0,candidate_3,candidate_5,candidate_1,candidate_4,5,0.028000000000000004
37,candidate_2,candidate_3,candidate_5,candidate_1,candidate_4,5,0.028000000000000004
38,candidate_2,candidate_3,candidate_5,candidate_1,candidate_4,5,0.028000000000000004
39,candidate_2,candidate_3,candidate_5,candidate_1,candidate_4,5,0.028000000000000004
40,candidate_2,candidate_3,candidate_5,candidate_1,candidate_4,5,0.028000000000000004
41,candidate_2,candidate_3,candidate_5,candidate_1,candidate_4,5,0.028000000000000004
42,candidate_2,candidate_3,0,candidate_1,candidate_4,5,0.028000000000000004
43,candidate_2,candidate_3,candidate_5,candidate_1,candidate_4,5,0.028000000000000004
44,candidate_2,candidate_3,candidate_5,candidate_1,candidate_4,5,0.028000000000000004
45,candidate_2,candidate_3,candidate_5,candidate_1,candidate_4,5,0.028000000000000004
46,candidate_2,candidate_3,candidate_5,candidate_1,candidate_4,5,0.028000000000000004
47,candidate_2,candidate_3,candidate_5,candidate_1,candidate_4,5,0.028000000000000004
48,candidate_2,candidate_3,candidate_5,candidate_1,candidate_4,5,0.028000000000000004
49,candidate_2,candidate_3,candidate_5,candidate_1,candidate_4,5,0.028000000000000004
50,candidate_2,candidate_3,candidate_5,candidate_1,candidate_4,5,0.028000000000000004
51,candidate_2,candidate_3,0,candidate_1,candidate_4,5,0.028000000000000004
52,candidate_2,candidate_3,candidate_5,candidate_1,candidate_4,5,0.028000000000000004
53,candidate_2,candidate_3,candidate_5,candidate_1,candidate_4,5,0.028000000000000004
54,candidate_2,candidate_3,candidate_5,candidate_1,candidate_4,5,0.028000000000000004
55,candidate_2,candidate_3,candidate_5,candidate_1,candidate_4,5,0.028000000000000004
56,candidate_2,candidate_3,candidate_5,candidate_1,candidate_4,5,0.028000000000000004
57,candidate_2,candidate_3,candidate_5,candidate_1,candidate_4,5,0.028000000000000004
58,candidate_2,candidate_3,candidate_5,candidate_1,candidate_4,5,0.028000000000000004
59,candidate_2,candidate_3,candidate_5,candidate_1,candidate_4,5,0.028000000000000004
60,candidate_2,candidate_3,candidate_5,candidate_1,candidate_4,5,0.028000000000000004
61,candidate_2,candidate_3,candidate_5,candidate_1,0,5,0.028000000000000004
62,candidate_2,candidate_3,candidate_5,candidate_1,candidate_4,5,0.028000000000000004
63,candidate_2,candidate_3,candidate_5,candidate_1,candidate_4,5,0.028000000000000004
64,candidate_2,candidate_3,candidate_5,candidate_1,candidate_4,5,0.028000000000000004
65,candidate_2,0,candidate_5,candidate_1,candidate_4,5,0.028000000000000004
66,candidate_2,candidate_3,candidate_5,candidate_1,candidate_4,5,0.028000000000000004
67,candidate_2,candidate_3,candidate_5,candidate_1,candidate_4,5,0.028000000000000004
68,candidate_2,candidate_3,candidate_5,candidate_1,candidate_4,5,0.028000000000000004
69,candidate_2,candidate_3,candidate_5,candidate_1,candidate_4,5,0.028000000000000004
70,candidate_2,candidate_3,candidate_5,candidate_1,candidate_4,5,0.028000000000000004
71,candidate_2,candidate_3,candidate_5,candidate_1,candidate_4,5,0.028000000000000004
72,candidate_2,candidate_3,candidate_5,candidate_1,candidate_4,5,0.028000000000000004
73,candidate_2,candidate_3,candidate_5,candidate_1,candidate_4,5,0.028000000000000004
74,candidate_2,candidate_3,candidate_5,candidate_1,candidate_4,5,0.028000000000000004
75,candidate_2,candidate_3,candidate_5,candidate_1,candidate_4,5,0.028000000000000004
76,candidate_2,candidate_3,candidate_5,candidate_1,candidate_4,5,0.028000000000000004
77,candidate_2,candidate_3,candidate_5,candidate_1,candidate_4,5,0.028000000000000004
78,candidate_2,candidate_3,candidate_5,candidate_1,candidate_4,5,0.028000000000000004
79,candidate_2,candidate_3,candidate_5,candidate_1,candidate_4,5,0.028000000000000004
80,0,candidate_3,candidate_5,candidate_1,candidate_4,5,0.028000000000000004
81,candidate_2,candidate_3,candidate_5,candidate_1,candidate_4,5,0.028000000000000004
82,0,candidate_3,candidate_5,candidate_1,candidate_4,5,0.028000000000000004
83,candidate_2,candidate_3,candidate_5,candidate_1,candidate_4,5,0.028000000000000004
84,candidate_2,candidate_3,candidate_5,candidate_1,candidate_4,5,0.028000000000000004
85,candidate_2,candidate_3,candidate_5,candidate_1,candidate_4,5,0.028000000000000004
86,candidate_2,candidate_3,candidate_5,candidate_1,candidate_4,5,0.028000000000000004
87,candidate_2,candidate_3,candidate_5,candidate_1,candidate_4,5,0.028000000000000004
88,candidate_2,candidate_3,0,candidate_1,candidate_4,5,0.028000000000000004
89,candidate_2,candidate_3,candidate_5,candidate_1,candidate_4,5,0.028000000000000004
90,candidate_2,candidate_3,candidate_5,candidate_1,candidate_4,5,0.028000000000000004
91,candidate_2,candidate_3,candidate_5,candidate_1,candidate_4,5,0.028000000000000004
92,candidate_2,candidate_3,candidate_5,candidate_1,candidate_4,5,0.028000000000000004
93,candidate_2,candidate_3,candidate_5,candidate_1,candidate_4,5,0.028000000000000004
94,candidate_2,candidate_3,candidate_5,candidate_1,candidate_4,5,0.028000000000000004
95,candidate_2,candidate_3,candidate_5,candidate_1,candidate_4,5,0.028000000000000004
96,candidate_2,candidate_3,candidate_5,candidate_1,candidate_4,5,0.028000000000000004
97,candidate_2,candidate_3,candidate_5,candidate_1,candidate_4,5,0.028000000000000004
98,candidate_2,candidate_3,candidate_5,candidate_1,candidate_4,5,0.028000000000000004
99,candidate_2,candidate_3,candidate_5,candidate_1,candidate_4,5,0.028000000000000004
100,candidate_2,candidate_3,candidate_5,candidate_1,candidate_4,5,0.028000000000000004
101,candidate_2,candidate_3,candidate_5,candidate_1,candidate_4,5,0.028000000000000004
102,candidate_2,candidate_3,candidate_5,candidate_1,candidate_4,5,0.028000000000000004
103,candidate_2,candidate_3,candidate_5,0,candidate_4,5,0.028000000000000004
104,candidate_2,candidate_3,candidate_5,candidate_1,candidate_4,5,0.028000000000000004
105,candidate_2,candidate_3,candidate_5,candidate_1,candidate_4,5,0.028000000000000004
106,candidate_2,candidate_3,candidate_5,candidate_1,candidate_4,5,0.028000000000000004
107,candidate_2,candidate_3,candidate_5,candidate_1,candidate_4,5,0.028000000000000004
108,candidate_2,candidate_3,candidate_5,candidate_1,candidate_4,5,0.028000000000000004
109,candidate_2,candidate_3,candidate_5,candidate_1,candidate_4,5,0.028000000000000004
110,candidate_2,candidate_3,candidate_5,candidate_1,candidate_4,5,0.028000000000000004
111,candidate_2,candidate_3,candidate_5,candidate_1,candidate_4,5,0.028000000000000004
112,candidate_2,candidate_3,candidate_5,candidate_1,candidate_4,5,0.028000000000000004
113,candidate_2,candidate_3,candidate_5,candidate_1,candidate_4,5,0.028000000000000004
114,candidate_2,candidate_3,candidate_5,candidate_1,candidate_4,5,0.028000000000000004
115,candidate_2,candidate_3,candidate_5,candidate_1,candidate_4,5,0.028000000000000004
116,candidate_2,candidate_3,candidate_5,candidate_1,0,5,0.028000000000000004
117,candidate_2,candidate_3,candidate_5,0,candidate_4,5,0.028000000000000004
118,candidate_2,0,candidate_5,candidate_1,candidate_4,5,0.028000000000000004
119,candidate_2,candidate_3,candidate_5,candidate_1,candidate_4,5,0.028000000000000004
120,candidate_2,candidate_3,candidate_5,candidate_1,candidate_4,5,0.028000000000000004
121,candidate_2,candidate_3,candidate_5,candidate_1,candidate_4,5,0.028000000000000004
122,candidate_2,candidate_3,candidate_5,candidate_1,candidate_4,5,0.028000000000000004
123,candidate_2,candidate_3,candidate_5,candidate_1,candidate_4,5,0.028000000000000004
124,candidate_2,candidate_3,candidate_5,candidate_1,candidate_4,5,0.028000000000000004
125,candidate_2,candidate_3,candidate_5,candidate_1,candidate_4,5,0.028000000000000004
126,candidate_2,candidate_3,candidate_5,candidate_1,candidate_4,5,0.028000000000000004
127,candidate_2,candidate_3,candidate_5,candidate_1,candidate_4,5,0.028000000000000004
128,candidate_2,candidate_3,candidate_5,candidate_1,candidate_4,5,0.028000000000000004
129,candidate_2,candidate_3,candidate_5,candidate_1,candidate_4,5,0.028000000000000004
130,candidate_2,candidate_3,candidate_5,candidate_1,candidate_4,5,0.028000000000000004
131,candidate_2,candidate_3,candidate_5,candidate_1,candidate_4,5,0.028000000000000004
132,candidate_2,candidate_3,candidate_5,candidate_1,candidate_4,5,0.028000000000000004
133,candidate_2,candidate_3,candidate_5,candidate_1,candidate_4,5,0.028000000000000004
134,candidate_2,candidate_3,candidate_5,candidate_1,candidate_4,5,0.028000000000000004
135,candidate_2,candidate_3,candidate_5,candidate_1,candidate_4,5,0.028000000000000004
136,candidate_2,candidate_3,candidate_5,candidate_1,candidate_4,5,0.028000000000000004
137,candidate_2,candidate_3,candidate_5,candidate_1,candidate_4,5,0.028000000000000004
138,candidate_2,candidate_3,candidate_5,candidate_1,candidate_4,5,0.028000000000000004
139,candidate_2,candidate_3,candidate_5,candidate_1,candidate_4,5,0.028000000000000004
140,candidate_2,candidate_3,candidate_5,candidate_1,candidate_4,5,0.028000000000000004
0,candidate_2,candidate_3,candidate_5,candidate_4,candidate_1,5,0.028000000000000004
1,candidate_2,candidate_3,candidate_5,candidate_4,candidate_1,5,0.028000000000000004
2,candidate_2,candidate_3,candidate_5,candidate_4,candidate_1,5,0.028000000000000004
3,candidate_2,candidate_3,candidate_5,candidate_4,candidate_1,5,0.028000000000000004
4,candidate_2,candidate_3,candidate_5,candidate_4,candidate_1,5,0.028000000000000004
5,0,candidate_3,candidate_5,candidate_4,candidate_1,5,0.028000000000000004
6,candidate_2,candidate_3,candidate_5,candidate_4,candidate_1,5,0.028000000000000004
7,candidate_2,candidate_3,candidate_5,candidate_4,candidate_1,5,0.028000000000000004
8,candidate_2,candidate_3,candidate_5,candidate_4,candidate_1,5,0.028000000000000004
9,candidate_2,candidate_3,candidate_5,candidate_4,candidate_1,5,0.028000000000000004
10,candidate_2,candidate_3,candidate_5,candidate_4,candidate_1,5,0.028000000000000004
11,candidate_2,candidate_3,candidate_5,candidate_4,candidate_1,5,0.028000000000000004
12,candidate_2,candidate_3,candidate_5,candidate_4,candidate_1,5,0.028000000000000004
13,candidate_2,candidate_3,candidate_5,candidate_4,candidate_1,5,0.028000000000000004
14,candidate_2,candidate_3,candidate_5,candidate_4,candidate_1,5,0.028000000000000004
15,candidate_2,candidate_3,candidate_5,candidate_4,candidate_1,5,0.028000000000000004
16,0,candidate_3,candidate_5,candidate_4,candidate_1,5,0.028000000000000004
17,candidate_2,candidate_3,candidate_5,candidate_4,candidate_1,5,0.028000000000000004
18,candidate_2,candidate_3,candidate_5,candidate_4,candidate_1,5,0.028000000000000004
19,candidate_2,candidate_3,candidate_5,candidate_4,candidate_1,5,0.028000000000000004
20,candidate_2,candidate_3,candidate_5,candidate_4,candidate_1,5,0.028000000000000004
21,0,candidate_3,candidate_5,candidate_4,candidate_1,5,0.028000000000000004
22,candidate_2,candidate_3,candidate_5,candidate_4,0,5,0.028000000000000004
23,candidate_2,0,candidate_5,candidate_4,candidate_1,5,0.028000000000000004
24,candidate_2,candidate_3,candidate_5,candidate_4,candidate_1,5,0.028000000000000004
25,candidate_2,candidate_3,candidate_5,candidate_4,candidate_1,5,0.028000000000000004
26,candidate_2,candidate_3,candidate_5,0,candidate_1,5,0.028000000000000004
27,candidate_2,candidate_3,candidate_5,candidate_4,candidate_1,5,0.028000000000000004
28,candidate_2,candidate_3,candidate_5,candidate_4,candidate_1,5,0.028000000000000004
29,candidate_2,candidate_3,candidate_5,candidate_4,candidate_1,5,0.028000000000000004
30,candidate_2,candidate_3,candidate_5,candidate_4,candidate_1,5,0.028000000000000004
31,candidate_2,candidate_3,candidate_5,candidate_4,candidate_1,5,0.028000000000000004
32,candidate_2,candidate_3,candidate_5,candidate_4,candidate_1,5,0.028000000000000004
33,0,candidate_3,candidate_5,candidate_4,candidate_1,5,0.028000000000000004
34,candidate_2,candidate_3,candidate_5,candidate_4,candidate_1,5,0.028000000000000004
35,candidate_2,candidate_3,candidate_5,candidate_4,candidate_1,5,0.028000000000000004
36,candidate_2,candidate_3,candidate_5,candidate_4,candidate_1,5,0.028000000000000004
37,candidate_2,candidate_3,candidate_5,candidate_4,candidate_1,5,0.028000000000000004
38,candidate_2,candidate_3,candidate_5,candidate_4,candidate_1,5,0.028000000000000004
39,candidate_2,candidate_3,candidate_5,candidate_4,candidate_1,5,0.028000000000000004
40,candidate_2,candidate_3,candidate_5,candidate_4,candidate_1,5,0.028000000000000004
41,candidate_2,candidate_3,candidate_5,candidate_4,candidate_1,5,0.028000000000000004
42,candidate_2,candidate_3,candidate_5,candidate_4,candidate_1,5,0.028000000000000004
43,candidate_2,candidate_3,candidate_5,candidate_4,candidate_1,5,0.028000000000000004
44,candidate_2,candidate_3,candidate_5,candidate_4,candidate_1,5,0.028000000000000004
45,candidate_2,candidate_3,candidate_5,candidate_4,candidate_1,5,0.028000000000000004
46,candidate_2,candidate_3,candidate_5,candidate_4,candidate_1,5,0.028000000000000004
47,candidate_2,candidate_3,candidate_5,candidate_4,candidate_1,5,0.028000000000000004
48,candidate_2,candidate_3,candidate_5,candidate_4,candidate_1,5,0.028000000000000004
49,candidate_2,candidate_3,candidate_5,candidate_4,candidate_1,5,0.028000000000000004
50,candidate_2,candidate_3,candidate_5,candidate_4,candidate_1,5,0.028000000000000004
51,candidate_2,candidate_3,candidate_5,candidate_4,candidate_1,5,0.028000000000000004
52,0,candidate_3,candidate_5,candidate_4,candidate_1,5,0.028000000000000004
53,candidate_2,candidate_3,candidate_5,candidate_4,candidate_1,5,0.028000000000000004
54,candidate_2,candidate_3,candidate_5,candidate_4,candidate_1,5,0.028000000000000004
55,candidate_2,candidate_3,candidate_5,candidate_4,candidate_1,5,0.028000000000000004
56,candidate_2,candidate_3,candidate_5,candidate_4,0,5,0.028000000000000004
57,candidate_2,candidate_3,candidate_5,candidate_4,candidate_1,5,0.028000000000000004
58,candidate_2,candidate_3,candidate_5,candidate_4,candidate_1,5,0.028000000000000004
59,candidate_2,candidate_3,candidate_5,candidate_4,candidate_1,5,0.028000000000000004
60,candidate_2,candidate_3,candidate_5,candidate_4,candidate_1,5,0.028000000000000004
61,candidate_2,candidate_3,candidate_5,candidate_4,candidate_1,5,0.028000000000000004
62,candidate_2,candidate_3,candidate_5,candidate_4,candidate_1,5,0.028000000000000004
63,candidate_2,candidate_3,candidate_5,candidate_4,0,5,0.028000000000000004
64,candidate_2,candidate_3,candidate_5,candidate_4,candidate_1,5,0.028000000000000004
65,candidate_2,candidate_3,candidate_5,candidate_4,candidate_1,5,0.028000000000000004
66,candidate_2,candidate_3,candidate_5,candidate_4,candidate_1,5,0.028000000000000004
67,candidate_2,candidate_3,candidate_5,candidate_4,candidate_1,5,0.028000000000000004
68,candidate_2,candidate_3,candidate_5,candidate_4,candidate_1,5,0.028000000000000004
69,candidate_2,candidate_3,candidate_5,candidate_4,candidate_1,5,0.028000000000000004
70,candidate_2,candidate_3,candidate_5,candidate_4,candidate_1,5,0.028000000000000004
71,candidate_2,candidate_3,candidate_5,candidate_4,candidate_1,5,0.028000000000000004
72,candidate_2,candidate_3,candidate_5,0,0,5,0.028000000000000004
73,candidate_2,candidate_3,candidate_5,candidate_4,candidate_1,5,0.028000000000000004
74,candidate_2,candidate_3,candidate_5,candidate_4,candidate_1,5,0.028000000000000004
75,candidate_2,candidate_3,0,candidate_4,candidate_1,5,0.028000000000000004
76,candidate_2,candidate_3,candidate_5,candidate_4,candidate_1,5,0.028000000000000004
77,candidate_2,candidate_3,candidate_5,candidate_4,candidate_1,5,0.028000000000000004
78,candidate_2,candidate_3,candidate_5,candidate_4,candidate_1,5,0.028000000000000004
79,candidate_2,candidate_3,candidate_5,candidate_4,candidate_1,5,0.028000000000000004
80,candidate_2,candidate_3,candidate_5,candidate_4,candidate_1,5,0.028000000000000004
81,candidate_2,candidate_3,candidate_5,candidate_4,candidate_1,5,0.028000000000000004
82,candidate_2,candidate_3,candidate_5,candidate_4,0,5,0.028000000000000004
83,candidate_2,candidate_3,candidate_5,candidate_4,candidate_1,5,0.028000000000000004
84,candidate_2,candidate_3,candidate_5,candidate_4,candidate_1,5,0.028000000000000004
85,candidate_2,candidate_3,candidate_5,candidate_4,candidate_1,5,0.028000000000000004
86,candidate_2,candidate_3,candidate_5,candidate_4,candidate_1,5,0.028000000000000004
87,candidate_2,candidate_3,candidate_5,candidate_4,candidate_1,5,0.028000000000000004
88,candidate_2,candidate_3,candidate_5,candidate_4,candidate_1,5,0.028000000000000004
89,candidate_2,candidate_3,candidate_5,candidate_4,candidate_1,5,0.028000000000000004
90,candidate_2,candidate_3,candidate_5,0,candidate_1,5,0.028000000000000004
91,candidate_2,candidate_3,candidate_5,candidate_4,candidate_1,5,0.028000000000000004
92,candidate_2,candidate_3,candidate_5,candidate_4,candidate_1,5,0.028000000000000004
93,candidate_2,candidate_3,candidate_5,candidate_4,0,5,0.028000000000000004
94,candidate_2,candidate_3,candidate_5,candidate_4,candidate_1,5,0.028000000000000004
95,0,candidate_3,candidate_5,candidate_4,candidate_1,5,0.028000000000000004
96,0,candidate_3,candidate_5,0,candidate_1,5,0.028000000000000004
97,candidate_2,candidate_3,candidate_5,candidate_4,candidate_1,5,0.028000000000000004
98,candidate_2,candidate_3,candidate_5,candidate_4,candidate_1,5,0.028000000000000004
99,candidate_2,candidate_3,candidate_5,candidate_4,candidate_1,5,0.028000000000000004
100,candidate_2,candidate_3,candidate_5,candidate_4,candidate_1,5,0.028000000000000004
101,candidate_2,0,candidate_5,candidate_4,candidate_1,5,0.028000000000000004
102,candidate_2,candidate_3,candidate_5,candidate_4,candidate_1,5,0.028000000000000004
103,0,candidate_3,candidate_5,candidate_4,candidate_1,5,0.028000000000000004
104,candidate_2,candidate_3,candidate_5,candidate_4,candidate_1,5,0.028000000000000004
105,candidate_2,candidate_3,candidate_5,candidate_4,candidate_1,5,0.028000000000000004
106,candidate_2,candidate_3,0,candidate_4,candidate_1,5,0.028000000000000004
107,candidate_2,candidate_3,candidate_5,candidate_4,candidate_1,5,0.028000000000000004
108,candidate_2,candidate_3,candidate_5,candidate_4,candidate_1,5,0.028000000000000004
109,0,candidate_3,candidate_5,candidate_4,candidate_1,5,0.028000000000000004
110,candidate_2,candidate_3,candidate_5,candidate_4,0,5,0.028000000000000004
111,candidate_2,candidate_3,candidate_5,candidate_4,candidate_1,5,0.028000000000000004
112,candidate_2,candidate_3,candidate_5,candidate_4,candidate_1,5,0.028000000000000004
113,candidate_2,candidate_3,candidate_5,candidate_4,candidate_1,5,0.028000000000000004
114,candidate_2,candidate_3,candidate_5,candidate_4,candidate_1,5,0.028000000000000004
115,candidate_2,candidate_3,candidate_5,candidate_4,candidate_1,5,0.028000000000000004
116,candidate_2,candidate_3,candidate_5,candidate_4,0,5,0.028000000000000004
117,candidate_2,0,candidate_5,candidate_4,candidate_1,5,0.028000000000000004
118,candidate_2,candidate_3,candidate_5,candidate_4,candidate_1,5,0.028000000000000004
119,candidate_2,candidate_3,candidate_5,candidate_4,candidate_1,5,0.028000000000000004
120,candidate_2,candidate_3,candidate_5,candidate_4,candidate_1,5,0.028000000000000004
121,candidate_2,candidate_3,candidate_5,0,candidate_1,5,0.028000000000000004
122,candidate_2,candidate_3,candidate_5,candidate_4,candidate_1,5,0.028000000000000004
123,candidate_2,candidate_3,candidate_5,candidate_4,candidate_1,5,0.028000000000000004
124,candidate_2,candidate_3,candidate_5,candidate_4,candidate_1,5,0.028000000000000004
125,candidate_2,candidate_3,candidate_5,candidate_4,candidate_1,5,0.028000000000000004
126,candidate_2,candidate_3,candidate_5,candidate_4,candidate_1,5,0.028000000000000004
127,candidate_2,candidate_3,candidate_5,candidate_4,candidate_1,5,0.028000000000000004
128,candidate_2,candidate_3,0,candidate_4,candidate_1,5,0.028000000000000004
129,candidate_2,candidate_3,candidate_5,candidate_4,candidate_1,5,0.028000000000000004
130,candidate_2,candidate_3,candidate_5,candidate_4,candidate_1,5,0.028000000000000004
131,candidate_2,candidate_3,candidate_5,candidate_4,candidate_1,5,0.028000000000000004
132,candidate_2,candidate_3,candidate_5,candidate_4,candidate_1,5,0.028000000000000004
133,candidate_2,candidate_3,candidate_5,candidate_4,candidate_1,5,0.028000000000000004
134,candidate_2,candidate_3,candidate_5,candidate_4,candidate_1,5,0.028000000000000004
135,candidate_2,candidate_3,candidate_5,candidate_4,candidate_1,5,0.028000000000000004
136,candidate_2,candidate_3,candidate_5,candidate_4,candidate_1,5,0.028000000000000004
137,candidate_2,candidate_3,candidate_5,candidate_4,candidate_1,5,0.028000000000000004
138,candidate_2,candidate_3,candidate_5,candidate_4,candidate_1,5,0.028000000000000004
139,candidate_2,candidate_3,0,candidate_4,candidate_1,5,0.028000000000000004
140,candidate_2,candidate_3,candidate_5,candidate_4,candidate_1,5,0.028000000000000004
141,candidate_2,candidate_3,candidate_5,candidate_4,candidate_1,5,0.028000000000000004
142,candidate_2,candidate_3,candidate_5,candidate_4,candidate_1,5,0.028000000000000004
143,candidate_2,candidate_3,candidate_5,0,candidate_1,5,0.028000000000000004
144,candidate_2,candidate_3,candidate_5,candidate_4,candidate_1,5,0.028000000000000004
145,candidate_2,candidate_3,candidate_5,candidate_4,candidate_1,5,0.028000000000000004
146,candidate_2,candidate_3,candidate_5,candidate_4,candidate_1,5,0.028000000000000004
147,candidate_2,candidate_3,candidate_5,candidate_4,candidate_1,5,0.028000000000000004
148,candidate_2,candidate_3,candidate_5,candidate_4,candidate_1,5,0.028000000000000004
149,candidate_2,candidate_3,candidate_5,candidate_4,candidate_1,5,0.028000000000000004
150,candidate_2,candidate_3,candidate_5,candidate_4,candidate_1,5,0.028000000000000004
151,candidate_2,candidate_3,candidate_5,candidate_4,candidate_1,5,0.028000000000000004
152,candidate_2,candidate_3,candidate_5,candidate_4,candidate_1,5,0.028000000000000004
153,candidate_2,candidate_3,candidate_5,candidate_4,candidate_1,5,0.028000000000000004
154,candidate_2,candidate_3,candidate_5,0,candidate_1,5,0.028000000000000004
155,candidate_2,candidate_3,0,candidate_4,candidate_1,5,0.028000000000000004
156,candidate_2,candidate_3,candidate_5,candidate_4,candidate_1,5,0.028000000000000004
157,candidate_2,candidate_3,candidate_5,candidate_4,candidate_1,5,0.028000000000000004
158,candidate_2,candidate_3,candidate_5,candidate_4,candidate_1,5,0.028000000000000004
159,candidate_2,candidate_3,candidate_5,candidate_4,candidate_1,5,0.028000000000000004
160,0,candidate_3,candidate_5,candidate_4,candidate_1,5,0.028000000000000004
161,candidate_2,candidate_3,candidate_5,candidate_4,candidate_1,5,0.028000000000000004
162,candidate_2,candidate_3,candidate_5,candidate_4,candidate_1,5,0.028000000000000004
163,candidate_2,candidate_3,candidate_5,candidate_4,candidate_1,5,0.028000000000000004
164,candidate_2,candidate_3,candidate_5,candidate_4,candidate_1,5,0.028000000000000004
165,candidate_2,candidate_3,candidate_5,candidate_4,candidate_1,5,0.028000000000000004
166,candidate_2,candidate_3,candidate_5,candidate_4,candidate_1,5,0.028000000000000004
167,candidate_2,candidate_3,candidate_5,candidate_4,candidate_1,5,0.028000000000000004
168,candidate_2,candidate_3,0,candidate_4,candidate_1,5,0.028000000000000004
169,candidate_2,candidate_3,candidate_5,candidate_4,candidate_1,5,0.028000000000000004
170,candidate_2,candidate_3,candidate_5,candidate_4,candidate_1,5,0.028000000000000004
171,0,candidate_3,0,candidate_4,candidate_1,5,0.028000000000000004
172,candidate_2,candidate_3,candidate_5,candidate_4,candidate_1,5,0.028000000000000004
173,candidate_2,candidate_3,candidate_5,candidate_4,candidate_1,5,0.028000000000000004
174,candidate_2,candidate_3,candidate_5,candidate_4,0,5,0.028000000000000004
175,candidate_2,candidate_3,candidate_5,candidate_4,candidate_1,5,0.028000000000000004
176,candidate_2,candidate_3,candidate_5,candidate_4,candidate_1,5,0.028000000000000004
177,candidate_2,candidate_3,candidate_5,candidate_4,candidate_1,5,0.028000000000000004
178,candidate_2,candidate_3,candidate_5,candidate_4,candidate_1,5,0.028000000000000004
179,candidate_2,candidate_3,candidate_5,candidate_4,candidate_1,5,0.028000000000000004
180,candidate_2,candidate_3,candidate_5,candidate_4,candidate_1,5,0.028000000000000004
181,candidate_2,candidate_3,candidate_5,candidate_4,candidate_1,5,0.028000000000000004
182,candidate_2,candidate_3,candidate_5,candidate_4,candidate_1,5,0.028000000000000004
183,candidate_2,candidate_3,candidate_5,candidate_4,candidate_1,5,0.028000000000000004
184,candidate_2,candidate_3,candidate_5,candidate_4,candidate_1,5,0.028000000000000004
185,candidate_2,candidate_3,candidate_5,candidate_4,candidate_1,5,0.028000000000000004
186,candidate_2,candidate_3,candidate_5,candidate_4,candidate_1,5,0.028000000000000004
187,candidate_2,candidate_3,candidate_5,candidate_4,0,5,0.028000000000000004
188,candidate_2,candidate_3,candidate_5,candidate_4,candidate_1,5,0.028000000000000004
189,candidate_2,candidate_3,candidate_5,candidate_4,candidate_1,5,0.028000000000000004
190,candidate_2,candidate_3,candidate_5,candidate_4,0,5,0.028000000000000004
191,0,candidate_3,candidate_5,candidate_4,candidate_1,5,0.028000000000000004
192,candidate_2,candidate_3,candidate_5,candidate_4,candidate_1,5,0.028000000000000004
193,candidate_2,candidate_3,candidate_5,candidate_4,candidate_1,5,0.028000000000000004
194,candidate_2,candidate_3,candidate_5,candidate_4,candidate_1,5,0.028000000000000004
195,candidate_2,candidate_3,candidate_5,candidate_4,candidate_1,5,0.028000000000000004
196,0,candidate_3,candidate_5,candidate_4,candidate_1,5,0.028000000000000004
197,candidate_2,candidate_3,candidate_5,candidate_4,candidate_1,5,0.028000000000000004
198,candidate_2,candidate_3,candidate_5,candidate_4,candidate_1,5,0.028000000000000004
199,candidate_2,candidate_3,candidate_5,candidate_4,candidate_1,5,0.028000000000000004
200,candidate_2,candidate_3,candidate_5,candidate_4,candidate_1,5,0.028000000000000004
201,candidate_2,candidate_3,candidate_5,candidate_4,candidate_1,5,0.028000000000000004
202,candidate_2,candidate_3,candidate_5,candidate_4,candidate_1,5,0.028000000000000004
203,candidate_2,candidate_3,candidate_5,candidate_4,candidate_1,5,0.028000000000000004
204,candidate_2,candidate_3,candidate_5,candidate_4,candidate_1,5,0.028000000000000004
205,candidate_2,candidate_3,candidate_5,candidate_4,candidate_1,5,0.028000000000000004
206,candidate_2,0,candidate_5,candidate_4,candidate_1,5,0.028000000000000004
207,candidate_2,candidate_3,candidate_5,candidate_4,candidate_1,5,0.028000000000000004
208,candidate_2,candidate_3,candidate_5,candidate_4,candidate_1,5,0.028000000000000004
209,candidate_2,candidate_3,candidate_5,candidate_4,candidate_1,5,0.028000000000000004
210,candidate_2,candidate_3,candidate_5,candidate_4,candidate_1,5,0.028000000000000004
211,candidate_2,candidate_3,candidate_5,candidate_4,candidate_1,5,0.028000000000000004
212,candidate_2,candidate_3,candidate_5,candidate_4,candidate_1,5,0.028000000000000004
213,candidate_2,candidate_3,candidate_5,candidate_4,candidate_1,5,0.028000000000000004
214,candidate_2,candidate_3,candidate_5,candidate_4,candidate_1,5,0.028000000000000004
215,candidate_2,candidate_3,candidate_5,candidate_4,candidate_1,5,0.028000000000000004
216,candidate_2,candidate_3,candidate_5,candidate_4,candidate_1,5,0.028000000000000004
217,candidate_2,candidate_3,candidate_5,candidate_4,candidate_1,5,0.028000000000000004
218,candidate_2,candidate_3,candidate_5,candidate_4,candidate_1,5,0.028000000000000004
219,candidate_2,candidate_3,candidate_5,candidate_4,candidate_1,5,0.028000000000000004
220,0,candidate_3,candidate_5,candidate_4,candidate_1,5,0.028000000000000004
221,candidate_2,0,candidate_5,candidate_4,candidate_1,5,0.028000000000000004
222,candidate_2,candidate_3,candidate_5,candidate_4,candidate_1,5,0.028000000000000004
223,candidate_2,candidate_3,candidate_5,candidate_4,candidate_1,5,0.028000000000000004
224,candidate_2,candidate_3,candidate_5,0,candidate_1,5,0.028000000000000004
225,candidate_2,candidate_3,candidate_5,candidate_4,candidate_1,5,0.028000000000000004
226,candidate_2,candidate_3,candidate_5,candidate_4,candidate_1,5,0.028000000000000004
227,candidate_2,candidate_3,candidate_5,candidate_4,candidate_1,5,0.028000000000000004
228,candidate_2,candidate_3,candidate_5,candidate_4,candidate_1,5,0.028000000000000004
229,candidate_2,candidate_3,candidate_5,candidate_4,candidate_1,5,0.028000000000000004
230,candidate_2,candidate_3,candidate_5,candidate_4,candidate_1,5,0.028000000000000004
231,candidate_2,candidate_3,candidate_5,candidate_4,candidate_1,5,0.028000000000000004
232,candidate_2,candidate_3,candidate_5,candidate_4,candidate_1,5,0.028000000000000004
233,candidate_2,candidate_3,candidate_5,candidate_4,candidate_1,5,0.028000000000000004
234,candidate_2,candidate_3,candidate_5,candidate_4,candidate_1,5,0.028000000000000004
235,candidate_2,candidate_3,candidate_5,candidate_4,candidate_1,5,0.028000000000000004
236,candidate_2,candidate_3,candidate_5,candidate_4,candidate_1,5,0.028000000000000004
237,candidate_2,candidate_3,candidate_5,candidate_4,candidate_1,5,0.028000000000000004
238,candidate_2,candidate_3,candidate_5,candidate_4,candidate_1,5,0.028000000000000004
239,candidate_2,candidate_3,candidate_5,candidate_4,candidate_1,5,0.028000000000000004
240,candidate_2,candidate_3,candidate_5,candidate_4,candidate_1,5,0.028000000000000004
241,candidate_2,candidate_3,candidate_5,candidate_4,candidate_1,5,0.028000000000000004
242,candidate_2,candidate_3,candidate_5,candidate_4,candidate_1,5,0.028000000000000004
243,candidate_2,candidate_3,candidate_5,candidate_4,candidate_1,5,0.028000000000000004
244,candidate_2,candidate_3,candidate_5,candidate_4,candidate_1,5,0.028000000000000004
245,candidate_2,candidate_3,candidate_5,candidate_4,candidate_1,5,0.028000000000000004
246,candidate_2,candidate_3,candidate_5,candidate_4,candidate_1,5,0.028000000000000004
247,candidate_2,candidate_3,candidate_5,candidate_4,candidate_1,5,0.028000000000000004
248,candidate_2,candidate_3,candidate_5,candidate_4,candidate_1,5,0.028000000000000004
249,candidate_2,candidate_3,candidate_5,0,0,5,0.028000000000000004
250,candidate_2,candidate_3,candidate_5,candidate_4,candidate_1,5,0.028000000000000004
251,candidate_2,candidate_3,candidate_5,candidate_4,candidate_1,5,0.028000000000000004
252,candidate_2,candidate_3,candidate_5,candidate_4,candidate_1,5,0.028000000000000004
253,candidate_2,candidate_3,0,candidate_4,candidate_1,5,0.028000000000000004
254,candidate_2,candidate_3,candidate_5,candidate_4,candidate_1,5,0.028000000000000004
255,0,candidate_3,candidate_5,candidate_4,candidate_1,5,0.028000000000000004
256,candidate_2,candidate_3,candidate_5,candidate_4,candidate_1,5,0.028000000000000004
257,candidate_2,candidate_3,candidate_5,candidate_4,candidate_1,5,0.028000000000000004
258,candidate_2,candidate_3,candidate_5,candidate_4,candidate_1,5,0.028000000000000004
259,candidate_2,candidate_3,candidate_5,candidate_4,candidate_1,5,0.028000000000000004
260,candidate_2,candidate_3,candidate_5,candidate_4,candidate_1,5,0.028000000000000004
261,candidate_2,candidate_3,candidate_5,candidate_4,candidate_1,5,0.028000000000000004
262,candidate_2,candidate_3,candidate_5,candidate_4,candidate_1,5,0.028000000000000004
263,candidate_2,candidate_3,candidate_5,candidate_4,candidate_1,5,0.028000000000000004
264,candidate_2,candidate_3,candidate_5,candidate_4,candidate_1,5,0.028000000000000004
265,candidate_2,candidate_3,candidate_5,candidate_4,candidate_1,5,0.028000000000000004
266,candidate_2,candidate_3,candidate_5,candidate_4,candidate_1,5,0.028000000000000004
267,candidate_2,0,candidate_5,candidate_4,candidate_1,5,0.028000000000000004
268,candidate_2,candidate_3,candidate_5,candidate_4,candidate_1,5,0.028000000000000004
269,candidate_2,candidate_3,candidate_5,candidate_4,0,5,0.028000000000000004
270,candidate_2,candidate_3,candidate_5,candidate_4,candidate_1,5,0.028000000000000004
271,candidate_2,candidate_3,candidate_5,candidate_4,candidate_1,5,0.028000000000000004
272,candidate_2,candidate_3,candidate_5,candidate_4,candidate_1,5,0.028000000000000004
273,candidate_2,candidate_3,candidate_5,candidate_4,candidate_1,5,0.028000000000000004
274,candidate_2,candidate_3,candidate_5,candidate_4,candidate_1,5,0.028000000000000004
275,candidate_2,candidate_3,candidate_5,candidate_4,candidate_1,5,0.028000000000000004
276,candidate_2,candidate_3,candidate_5,candidate_4,candidate_1,5,0.028000000000000004
277,candidate_2,candidate_3,candidate_5,candidate_4,candidate_1,5,0.028000000000000004
278,candidate_2,candidate_3,candidate_5,candidate_4,candidate_1,5,0.028000000000000004
279,candidate_2,candidate_3,candidate_5,candidate_4,candidate_1,5,0.028000000000000004
280,candidate_2,candidate_3,candidate_5,candidate_4,candidate_1,5,0.028000000000000004
281,candidate_2,candidate_3,candidate_5,candidate_4,candidate_1,5,0.028000000000000004
282,candidate_2,candidate_3,candidate_5,candidate_4,candidate_1,5,0.028000000000000004
283,candidate_2,candidate_3,candidate_5,candidate_4,candidate_1,5,0.028000000000000004
284,candidate_2,candidate_3,candidate_5,candidate_4,candidate_1,5,0.028000000000000004
285,candidate_2,candidate_3,candidate_5,candidate_4,candidate_1,5,0.028000000000000004
286,candidate_2,candidate_3,candidate_5,candidate_4,candidate_1,5,0.028000000000000004
287,candidate_2,candidate_3,candidate_5,candidate_4,candidate_1,5,0.028000000000000004
288,candidate_2,candidate_3,candidate_5,candidate_4,candidate_1,5,0.028000000000000004
289,candidate_2,candidate_3,candidate_5,candidate_4,candidate_1,5,0.028000000000000004
290,candidate_2,candidate_3,candidate_5,candidate_4,candidate_1,5,0.028000000000000004
291,candidate_2,candidate_3,candidate_5,candidate_4,candidate_1,5,0.028000000000000004
292,candidate_2,candidate_3,candidate_5,candidate_4,candidate_1,5,0.028000000000000004
293,candidate_2,candidate_3,candidate_5,candidate_4,candidate_1,5,0.028000000000000004
294,candidate_2,candidate_3,candidate_5,candidate_4,candidate_1,5,0.028000000000000004
295,candidate_2,candidate_3,candidate_5,candidate_4,candidate_1,5,0.028000000000000004
296,candidate_2,candidate_3,candidate_5,candidate_4,candidate_1,5,0.028000000000000004
297,candidate_2,candidate_3,candidate_5,candidate_4,candidate_1,5,0.028000000000000004
298,candidate_2,candidate_3,candidate_5,candidate_4,candidate_1,5,0.028000000000000004
299,candidate_2,candidate_3,candidate_5,candidate_4,candidate_1,5,0.028000000000000004
300,candidate_2,candidate_3,candidate_5,candidate_4,candidate_1,5,0.028000000000000004
301,candidate_2,candidate_3,candidate_5,candidate_4,candidate_1,5,0.028000000000000004
302,candidate_2,candidate_3,candidate_5,candidate_4,candidate_1,5,0.028000000000000004
303,candidate_2,0,candidate_5,candidate_4,candidate_1,5,0.028000000000000004
304,candidate_2,candidate_3,candidate_5,candidate_4,candidate_1,5,0.028000000000000004
305,candidate_2,candidate_3,candidate_5,candidate_4,0,5,0.028000000000000004
306,candidate_2,candidate_3,candidate_5,candidate_4,candidate_1,5,0.028000000000000004
307,candidate_2,candidate_3,candidate_5,candidate_4,candidate_1,5,0.028000000000000004
308,candidate_2,candidate_3,candidate_5,candidate_4,candidate_1,5,0.028000000000000004
309,candidate_2,candidate_3,candidate_5,candidate_4,candidate_1,5,0.028000000000000004
310,candidate_2,candidate_3,candidate_5,candidate_4,candidate_1,5,0.028000000000000004
311,candidate_2,candidate_3,candidate_5,candidate_4,candidate_1,5,0.028000000000000004
312,candidate_2,candidate_3,candidate_5,candidate_4,candidate_1,5,0.028000000000000004
313,candidate_2,candidate_3,candidate_5,candidate_4,candidate_1,5,0.028000000000000004
314,candidate_2,candidate_3,candidate_5,candidate_4,candidate_1,5,0.028000000000000004
315,candidate_2,candidate_3,candidate_5,candidate_4,candidate_1,5,0.028000000000000004
316,candidate_2,candidate_3,candidate_5,candidate_4,candidate_1,5,0.028000000000000004
317,candidate_2,candidate_3,candidate_5,candidate_4,candidate_1,5,0.028000000000000004
318,candidate_2,candidate_3,candidate_5,candidate_4,candidate_1,5,0.028000000000000004
319,candidate_2,0,candidate_5,candidate_4,candidate_1,5,0.028000000000000004
320,candidate_2,candidate_3,candidate_5,candidate_4,candidate_1,5,0.028000000000000004
321,candidate_2,candidate_3,candidate_5,candidate_4,candidate_1,5,0.028000000000000004
322,candidate_2,candidate_3,candidate_5,candidate_4,candidate_1,5,0.028000000000000004
323,candidate_2,candidate_3,candidate_5,candidate_4,candidate_1,5,0.028000000000000004
324,candidate_2,candidate_3,candidate_5,candidate_4,candidate_1,5,0.028000000000000004
325,candidate_2,candidate_3,candidate_5,candidate_4,candidate_1,5,0.028000000000000004
326,candidate_2,candidate_3,candidate_5,candidate_4,candidate_1,5,0.028000000000000004
327,candidate_2,candidate_3,candidate_5,candidate_4,candidate_1,5,0.028000000000000004
328,candidate_2,candidate_3,candidate_5,candidate_4,candidate_1,5,0.028000000000000004
329,candidate_2,candidate_3,candidate_5,candidate_4,candidate_1,5,0.028000000000000004
330,candidate_2,candidate_3,candidate_5,candidate_4,candidate_1,5,0.028000000000000004
331,candidate_2,candidate_3,candidate_5,candidate_4,candidate_1,5,0.028000000000000004
332,candidate_2,candidate_3,candidate_5,candidate_4,candidate_1,5,0.028000000000000004
333,candidate_2,candidate_3,candidate_5,candidate_4,candidate_1,5,0.028000000000000004
334,candidate_2,candidate_3,candidate_5,candidate_4,candidate_1,5,0.028000000000000004
335,candidate_2,candidate_3,candidate_5,candidate_4,candidate_1,5,0.028000000000000004
336,candidate_2,candidate_3,candidate_5,candidate_4,candidate_1,5,0.028000000000000004
337,candidate_2,candidate_3,candidate_5,candidate_4,candidate_1,5,0.028000000000000004
338,candidate_2,candidate_3,candidate_5,candidate_4,candidate_1,5,0.028000000000000004
339,candidate_2,0,0,candidate_4,candidate_1,5,0.028000000000000004
340,candidate_2,candidate_3,candidate_5,candidate_4,candidate_1,5,0.028000000000000004
341,candidate_2,candidate_3,candidate_5,candidate_4,candidate_1,5,0.028000000000000004
342,candidate_2,candidate_3,candidate_5,candidate_4,candidate_1,5,0.028000000000000004
343,candidate_2,0,candidate_5,candidate_4,candidate_1,5,0.028000000000000004
344,candidate_2,candidate_3,candidate_5,candidate_4,candidate_1,5,0.028000000000000004
345,candidate_2,candidate_3,candidate_5,candidate_4,candidate_1,5,0.028000000000000004
346,candidate_2,candidate_3,candidate_5,candidate_4,candidate_1,5,0.028000000000000004
347,candidate_2,candidate_3,candidate_5,candidate_4,candidate_1,5,0.028000000000000004
348,candidate_2,candidate_3,candidate_5,candidate_4,candidate_1,5,0.028000000000000004
349,candidate_2,candidate_3,candidate_5,candidate_4,candidate_1,5,0.028000000000000004
350,candidate_2,candidate_3,candidate_5,candidate_4,candidate_1,5,0.028000000000000004
351,candidate_2,candidate_3,candidate_5,candidate_4,candidate_1,5,0.028000000000000004
352,candidate_2,candidate_3,candidate_5,candidate_4,candidate_1,5,0.028000000000000004
353,candidate_2,candidate_3,candidate_5,candidate_4,candidate_1,5,0.028000000000000004
354,candidate_2,candidate_3,candidate_5,candidate_4,candidate_1,5,0.028000000000000004
355,candidate_2,candidate_3,candidate_5,candidate_4,candidate_1,5,0.028000000000000004
356,candidate_2,candidate_3,candidate_5,candidate_4,candidate_1,5,0.028000000000000004
357,candidate_2,candidate_3,candidate_5,candidate_4,candidate_1,5,0.028000000000000004
358,0,candidate_3,candidate_5,candidate_4,candidate_1,5,0.028000000000000004
359,candidate_2,candidate_3,candidate_5,candidate_4,candidate_1,5,0.028000000000000004
360,candidate_2,candidate_3,candidate_5,candidate_4,candidate_1,5,0.028000000000000004
361,candidate_2,candidate_3,candidate_5,candidate_4,candidate_1,5,0.028000000000000004
362,candidate_2,candidate_3,candidate_5,candidate_4,candidate_1,5,0.028000000000000004
363,candidate_2,candidate_3,candidate_5,candidate_4,candidate_1,5,0.028000000000000004
364,candidate_2,candidate_3,candidate_5,candidate_4,candidate_1,5,0.028000000000000004
365,candidate_2,candidate_3,candidate_5,candidate_4,candidate_1,5,0.028000000000000004
366,candidate_2,candidate_3,candidate_5,candidate_4,candidate_1,5,0.028000000000000004
367,candidate_2,candidate_3,candidate_5,candidate_4,candidate_1,5,0.028000000000000004
368,candidate_2,candidate_3,candidate_5,candidate_4,candidate_1,5,0.028000000000000004
369,candidate_2,candidate_3,candidate_5,candidate_4,candidate_1,5,0.028000000000000004
370,candidate_2,candidate_3,candidate_5,candidate_4,candidate_1,5,0.028000000000000004
371,candidate_2,candidate_3,candidate_5,candidate_4,candidate_1,5,0.028000000000000004
372,candidate_2,candidate_3,candidate_5,candidate_4,candidate_1,5,0.028000000000000004
373,candidate_2,candidate_3,candidate_5,candidate_4,candidate_1,5,0.028000000000000004
374,candidate_2,candidate_3,candidate_5,candidate_4,candidate_1,5,0.028000000000000004
375,candidate_2,candidate_3,candidate_5,candidate_4,candidate_1,5,0.028000000000000004
376,candidate_2,candidate_3,candidate_5,candidate_4,candidate_1,5,0.028000000000000004
377,candidate_2,candidate_3,candidate_5,candidate_4,candidate_1,5,0.028000000000000004
378,candidate_2,candidate_3,candidate_5,candidate_4,candidate_1,5,0.028000000000000004
379,candidate_2,candidate_3,candidate_5,candidate_4,candidate_1,5,0.028000000000000004
380,candidate_2,candidate_3,candidate_5,candidate_4,candidate_1,5,0.028000000000000004
381,candidate_2,candidate_3,candidate_5,candidate_4,candidate_1,5,0.028000000000000004
382,candidate_2,candidate_3,candidate_5,0,candidate_1,5,0.028000000000000004
383,candidate_2,candidate_3,candidate_5,candidate_4,candidate_1,5,0.028000000000000004
384,candidate_2,candidate_3,candidate_5,candidate_4,candidate_1,5,0.028000000000000004
385,candidate_2,candidate_3,0,candidate_4,candidate_1,5,0.028000000000000004
386,candidate_2,candidate_3,candidate_5,candidate_4,candidate_1,5,0.028000000000000004
387,candidate_2,candidate_3,candidate_5,candidate_4,candidate_1,5,0.028000000000000004
388,candidate_2,candidate_3,candidate_5,candidate_4,candidate_1,5,0.028000000000000004
389,candidate_2,candidate_3,candidate_5,candidate_4,candidate_1,5,0.028000000000000004
390,candidate_2,candidate_3,candidate_5,candidate_4,candidate_1,5,0.028000000000000004
391,candidate_2,candidate_3,candidate_5,candidate_4,candidate_1,5,0.028000000000000004
392,candidate_2,candidate_3,candidate_5,candidate_4,candidate_1,5,0.028000000000000004
393,candidate_2,candidate_3,candidate_5,candidate_4,candidate_1,5,0.028000000000000004
394,candidate_2,candidate_3,candidate_5,candidate_4,candidate_1,5,0.028000000000000004
395,candidate_2,candidate_3,candidate_5,candidate_4,candidate_1,5,0.028000000000000004
396,candidate_2,candidate_3,candidate_5,candidate_4,candidate_1,5,0.028000000000000004
397,candidate_2,candidate_3,candidate_5,candidate_4,candidate_1,5,0.028000000000000004
398,candidate_2,candidate_3,candidate_5,candidate_4,candidate_1,5,0.028000000000000004
399,candidate_2,candidate_3,candidate_5,candidate_4,candidate_1,5,0.028000000000000004
400,candidate_2,candidate_3,candidate_5,candidate_4,candidate_1,5,0.028000000000000004
401,candidate_2,candidate_3,candidate_5,candidate_4,candidate_1,5,0.028000000000000004
402,candidate_2,candidate_3,candidate_5,candidate_4,candidate_1,5,0.028000000000000004
403,candidate_2,0,candidate_5,candidate_4,candidate_1,5,0.028000000000000004
404,candidate_2,candidate_3,candidate_5,candidate_4,candidate_1,5,0.028000000000000004
405,candidate_2,candidate_3,candidate_5,candidate_4,candidate_1,5,0.028000000000000004
406,candidate_2,candidate_3,candidate_5,candidate_4,candidate_1,5,0.028000000000000004
407,candidate_2,candidate_3,candidate_5,candidate_4,candidate_1,5,0.028000000000000004
408,candidate_2,candidate_3,candidate_5,candidate_4,candidate_1,5,0.028000000000000004
409,candidate_2,candidate_3,candidate_5,candidate_4,candidate_1,5,0.028000000000000004
410,candidate_2,candidate_3,candidate_5,candidate_4,candidate_1,5,0.028000000000000004
411,candidate_2,candidate_3,candidate_5,candidate_4,candidate_1,5,0.028000000000000004
412,candidate_2,candidate_3,candidate_5,candidate_4,candidate_1,5,0.028000000000000004
413,candidate_2,candidate_3,candidate_5,candidate_4,candidate_1,5,0.028000000000000004
414,candidate_2,candidate_3,candidate_5,candidate_4,candidate_1,5,0.028000000000000004
415,candidate_2,candidate_3,candidate_5,candidate_4,candidate_1,5,0.028000000000000004
416,candidate_2,candidate_3,candidate_5,candidate_4,candidate_1,5,0.028000000000000004
417,candidate_2,candidate_3,candidate_5,candidate_4,candidate_1,5,0.028000000000000004
418,candidate_2,candidate_3,candidate_5,candidate_4,candidate_1,5,0.028000000000000004
419,candidate_2,candidate_3,candidate_5,candidate_4,candidate_1,5,0.028000000000000004
420,candidate_2,candidate_3,candidate_5,0,candidate_1,5,0.028000000000000004
421,candidate_2,candidate_3,candidate_5,candidate_4,candidate_1,5,0.028000000000000004
422,candidate_2,candidate_3,candidate_5,candidate_4,candidate_1,5,0.028000000000000004
423,candidate_2,candidate_3,candidate_5,candidate_4,candidate_1,5,0.028000000000000004
424,candidate_2,candidate_3,candidate_5,candidate_4,candidate_1,5,0.028000000000000004
425,candidate_2,candidate_3,candidate_5,candidate_4,candidate_1,5,0.028000000000000004
426,candidate_2,candidate_3,candidate_5,candidate_4,candidate_1,5,0.028000000000000004
427,candidate_2,candidate_3,candidate_5,candidate_4,candidate_1,5,0.028000000000000004
428,candidate_2,candidate_3,candidate_5,candidate_4,candidate_1,5,0.028000000000000004
429,candidate_2,candidate_3,candidate_5,candidate_4,candidate_1,5,0.028000000000000004
430,candidate_2,candidate_3,candidate_5,candidate_4,candidate_1,5,0.028000000000000004
0,candidate_2,candidate_4,candidate_1,candidate_3,candidate_5,5,0.028000000000000004
1,candidate_2,candidate_4,candidate_1,candidate_3,candidate_5,5,0.028000000000000004
2,candidate_2,candidate_4,candidate_1,candidate_3,candidate_5,5,0.028000000000000004
3,candidate_2,candidate_4,candidate_1,candidate_3,candidate_5,5,0.028000000000000004
4,candidate_2,candidate_4,candidate_1,candidate_3,candidate_5,5,0.028000000000000004
5,candidate_2,candidate_4,candidate_1,candidate_3,candidate_5,5,0.028000000000000004
6,candidate_2,candidate_4,candidate_1,candidate_3,candidate_5,5,0.028000000000000004
7,candidate_2,candidate_4,candidate_1,candidate_3,candidate_5,5,0.028000000000000004
8,candidate_2,candidate_4,candidate_1,candidate_3,candidate_5,5,0.028000000000000004
9,candidate_2,candidate_4,candidate_1,candidate_3,candidate_5,5,0.028000000000000004
10,candidate_2,candidate_4,candidate_1,candidate_3,candidate_5,5,0.028000000000000004
11,candidate_2,candidate_4,candidate_1,candidate_3,candidate_5,5,0.028000000000000004
12,candidate_2,candidate_4,candidate_1,candidate_3,candidate_5,5,0.028000000000000004
13,candidate_2,candidate_4,candidate_1,candidate_3,candidate_5,5,0.028000000000000004
14,candidate_2,candidate_4,candidate_1,candidate_3,candidate_5,5,0.028000000000000004
15,candidate_2,candidate_4,candidate_1,candidate_3,candidate_5,5,0.028000000000000004
16,candidate_2,candidate_4,candidate_1,candidate_3,0,5,0.028000000000000004
17,candidate_2,candidate_4,candidate_1,candidate_3,candidate_5,5,0.028000000000000004
18,candidate_2,candidate_4,candidate_1,candidate_3,candidate_5,5,0.028000000000000004
19,candidate_2,candidate_4,candidate_1,candidate_3,candidate_5,5,0.028000000000000004
20,candidate_2,candidate_4,candidate_1,candidate_3,candidate_5,5,0.028000000000000004
21,candidate_2,candidate_4,candidate_1,candidate_3,candidate_5,5,0.028000000000000004
22,candidate_2,candidate_4,candidate_1,candidate_3,candidate_5,5,0.028000000000000004
23,candidate_2,candidate_4,candidate_1,candidate_3,candidate_5,5,0.028000000000000004
24,candidate_2,candidate_4,candidate_1,candidate_3,candidate_5,5,0.028000000000000004
25,candidate_2,candidate_4,candidate_1,candidate_3,candidate_5,5,0.028000000000000004
26,candidate_2,candidate_4,candidate_1,candidate_3,candidate_5,5,0.028000000000000004
27,candidate_2,candidate_4,0,candidate_3,candidate_5,5,0.028000000000000004
28,candidate_2,candidate_4,candidate_1,candidate_3,candidate_5,5,0.028000000000000004
29,candidate_2,candidate_4,candidate_1,candidate_3,candidate_5,5,0.028000000000000004
30,candidate_2,candidate_4,candidate_1,candidate_3,candidate_5,5,0.028000000000000004
31,candidate_2,candidate_4,candidate_1,candidate_3,candidate_5,5,0.028000000000000004
32,candidate_2,candidate_4,candidate_1,candidate_3,candidate_5,5,0.028000000000000004
33,candidate_2,candidate_4,candidate_1,candidate_3,candidate_5,5,0.028000000000000004
34,candidate_2,candidate_4,candidate_1,candidate_3,candidate_5,5,0.028000000000000004
35,candidate_2,candidate_4,candidate_1,candidate_3,candidate_5,5,0.028000000000000004
36,candidate_2,candidate_4,candidate_1,candidate_3,candidate_5,5,0.028000000000000004
37,candidate_2,candidate_4,candidate_1,candidate_3,candidate_5,5,0.028000000000000004
38,candidate_2,candidate_4,candidate_1,candidate_3,candidate_5,5,0.028000000000000004
39,candidate_2,candidate_4,candidate_1,candidate_3,candidate_5,5,0.028000000000000004
40,candidate_2,candidate_4,candidate_1,candidate_3,candidate_5,5,0.028000000000000004
41,candidate_2,candidate_4,candidate_1,candidate_3,candidate_5,5,0.028000000000000004
42,candidate_2,candidate_4,candidate_1,candidate_3,candidate_5,5,0.028000000000000004
43,candidate_2,candidate_4,candidate_1,candidate_3,candidate_5,5,0.028000000000000004
44,candidate_2,candidate_4,candidate_1,candidate_3,candidate_5,5,0.028000000000000004
45,candidate_2,candidate_4,candidate_1,candidate_3,candidate_5,5,0.028000000000000004
46,candidate_2,candidate_4,candidate_1,candidate_3,candidate_5,5,0.028000000000000004
47,candidate_2,candidate_4,candidate_1,candidate_3,candidate_5,5,0.028000000000000004
48,candidate_2,candidate_4,candidate_1,candidate_3,candidate_5,5,0.028000000000000004
49,candidate_2,candidate_4,candidate_1,candidate_3,candidate_5,5,0.028000000000000004
50,candidate_2,candidate_4,candidate_1,candidate_3,candidate_5,5,0.028000000000000004
51,candidate_2,candidate_4,candidate_1,candidate_3,candidate_5,5,0.028000000000000004
52,candidate_2,candidate_4,candidate_1,candidate_3,candidate_5,5,0.028000000000000004
53,candidate_2,candidate_4,candidate_1,candidate_3,candidate_5,5,0.028000000000000004
54,candidate_2,candidate_4,candidate_1,candidate_3,candidate_5,5,0.028000000000000004
55,candidate_2,0,candidate_1,candidate_3,candidate_5,5,0.028000000000000004
56,candidate_2,candidate_4,candidate_1,candidate_3,candidate_5,5,0.028000000000000004
57,candidate_2,candidate_4,candidate_1,candidate_3,candidate_5,5,0.028000000000000004
58,candidate_2,candidate_4,candidate_1,candidate_3,candidate_5,5,0.028000000000000004
59,candidate_2,candidate_4,candidate_1,candidate_3,candidate_5,5,0.028000000000000004
60,candidate_2,candidate_4,candidate_1,candidate_3,candidate_5,5,0.028000000000000004
61,candidate_2,candidate_4,candidate_1,candidate_3,candidate_5,5,0.028000000000000004
62,candidate_2,candidate_4,candidate_1,candidate_3,candidate_5,5,0.028000000000000004
63,candidate_2,candidate_4,candidate_1,candidate_3,candidate_5,5,0.028000000000000004
64,candidate_2,candidate_4,candidate_1,candidate_3,candidate_5,5,0.028000000000000004
65,candidate_2,candidate_4,candidate_1,candidate_3,candidate_5,5,0.028000000000000004
66,candidate_2,candidate_4,candidate_1,candidate_3,candidate_5,5,0.028000000000000004
67,candidate_2,0,candidate_1,candidate_3,candidate_5,5,0.028000000000000004
68,candidate_2,candidate_4,candidate_1,candidate_3,candidate_5,5,0.028000000000000004
69,candidate_2,candidate_4,candidate_1,candidate_3,candidate_5,5,0.028000000000000004
70,candidate_2,candidate_4,candidate_1,candidate_3,candidate_5,5,0.028000000000000004
71,candidate_2,candidate_4,candidate_1,candidate_3,candidate_5,5,0.028000000000000004
72,candidate_2,candidate_4,candidate_1,candidate_3,candidate_5,5,0.028000000000000004
73,candidate_2,candidate_4,candidate_1,candidate_3,candidate_5,5,0.028000000000000004
74,candidate_2,candidate_4,candidate_1,candidate_3,candidate_5,5,0.028000000000000004
75,candidate_2,candidate_4,candidate_1,candidate_3,candidate_5,5,0.028000000000000004
76,candidate_2,candidate_4,candidate_1,candidate_3,candidate_5,5,0.028000000000000004
77,candidate_2,candidate_4,candidate_1,candidate_3,candidate_5,5,0.028000000000000004
78,candidate_2,candidate_4,candidate_1,candidate_3,candidate_5,5,0.028000000000000004
79,candidate_2,candidate_4,candidate_1,candidate_3,candidate_5,5,0.028000000000000004
80,candidate_2,candidate_4,candidate_1,candidate_3,candidate_5,5,0.028000000000000004
81,candidate_2,candidate_4,candidate_1,candidate_3,candidate_5,5,0.028000000000000004
82,candidate_2,candidate_4,candidate_1,0,candidate_5,5,0.028000000000000004
83,candidate_2,candidate_4,candidate_1,candidate_3,candidate_5,5,0.028000000000000004
84,0,candidate_4,candidate_1,candidate_3,candidate_5,5,0.028000000000000004
85,candidate_2,candidate_4,candidate_1,candidate_3,candidate_5,5,0.028000000000000004
86,candidate_2,candidate_4,candidate_1,candidate_3,candidate_5,5,0.028000000000000004
87,candidate_2,candidate_4,candidate_1,candidate_3,candidate_5,5,0.028000000000000004
88,candidate_2,candidate_4,candidate_1,candidate_3,candidate_5,5,0.028000000000000004
89,candidate_2,candidate_4,candidate_1,candidate_3,candidate_5,5,0.028000000000000004
90,candidate_2,candidate_4,0,candidate_3,candidate_5,5,0.028000000000000004
91,candidate_2,candidate_4,candidate_1,candidate_3,candidate_5,5,0.028000000000000004
92,candidate_2,candidate_4,candidate_1,candidate_3,candidate_5,5,0.028000000000000004
93,candidate_2,candidate_4,candidate_1,candidate_3,candidate_5,5,0.028000000000000004
94,candidate_2,candidate_4,candidate_1,candidate_3,candidate_5,5,0.028000000000000004
95,candidate_2,candidate_4,candidate_1,candidate_3,candidate_5,5,0.028000000000000004
96,candidate_2,candidate_4,candidate_1,candidate_3,candidate_5,5,0.028000000000000004
97,candidate_2,candidate_4,candidate_1,candidate_3,candidate_5,5,0.028000000000000004
98,candidate_2,candidate_4,candidate_1,candidate_3,candidate_5,5,0.028000000000000004
99,candidate_2,candidate_4,candidate_1,candidate_3,candidate_5,5,0.028000000000000004
100,candidate_2,candidate_4,candidate_1,candidate_3,candidate_5,5,0.028000000000000004
101,candidate_2,candidate_4,candidate_1,candidate_3,candidate_5,5,0.028000000000000004
102,candidate_2,candidate_4,candidate_1,candidate_3,candidate_5,5,0.028000000000000004
103,candidate_2,candidate_4,candidate_1,candidate_3,candidate_5,5,0.028000000000000004
104,candidate_2,candidate_4,candidate_1,candidate_3,candidate_5,5,0.028000000000000004
105,candidate_2,candidate_4,candidate_1,candidate_3,candidate_5,5,0.028000000000000004
106,candidate_2,candidate_4,candidate_1,candidate_3,candidate_5,5,0.028000000000000004
107,candidate_2,candidate_4,candidate_1,candidate_3,candidate_5,5,0.028000000000000004
108,candidate_2,candidate_4,candidate_1,candidate_3,candidate_5,5,0.028000000000000004
109,candidate_2,candidate_4,candidate_1,candidate_3,candidate_5,5,0.028000000000000004
110,candidate_2,candidate_4,candidate_1,candidate_3,candidate_5,5,0.028000000000000004
111,candidate_2,candidate_4,candidate_1,candidate_3,candidate_5,5,0.028000000000000004
112,candidate_2,candidate_4,candidate_1,candidate_3,candidate_5,5,0.028000000000000004
113,candidate_2,candidate_4,candidate_1,candidate_3,candidate_5,5,0.028000000000000004
114,candidate_2,candidate_4,candidate_1,candidate_3,candidate_5,5,0.028000000000000004
115,candidate_2,candidate_4,candidate_1,candidate_3,candidate_5,5,0.028000000000000004
116,candidate_2,candidate_4,candidate_1,candidate_3,candidate_5,5,0.028000000000000004
0,candidate_2,candidate_4,candidate_1,candidate_5,candidate_3,5,0.028000000000000004
1,candidate_2,candidate_4,candidate_1,candidate_5,candidate_3,5,0.028000000000000004
2,candidate_2,candidate_4,candidate_1,candidate_5,candidate_3,5,0.028000000000000004
3,candidate_2,candidate_4,candidate_1,candidate_5,0,5,0.028000000000000004
4,candidate_2,0,candidate_1,candidate_5,candidate_3,5,0.028000000000000004
5,candidate_2,candidate_4,candidate_1,0,candidate_3,5,0.028000000000000004
6,candidate_2,candidate_4,candidate_1,candidate_5,candidate_3,5,0.028000000000000004
7,candidate_2,candidate_4,candidate_1,candidate_5,candidate_3,5,0.028000000000000004
8,candidate_2,candidate_4,candidate_1,candidate_5,candidate_3,5,0.028000000000000004
9,candidate_2,candidate_4,candidate_1,candidate_5,0,5,0.028000000000000004
10,candidate_2,candidate_4,candidate_1,candidate_5,candidate_3,5,0.028000000000000004
11,candidate_2,candidate_4,candidate_1,candidate_5,candidate_3,5,0.028000000000000004
12,candidate_2,candidate_4,candidate_1,candidate_5,candidate_3,5,0.028000000000000004
13,candidate_2,candidate_4,candidate_1,candidate_5,candidate_3,5,0.028000000000000004
14,candidate_2,candidate_4,candidate_1,candidate_5,candidate_3,5,0.028000000000000004
15,candidate_2,candidate_4,candidate_1,candidate_5,candidate_3,5,0.028000000000000004
16,candidate_2,candidate_4,candidate_1,candidate_5,candidate_3,5,0.028000000000000004
17,candidate_2,candidate_4,candidate_1,candidate_5,candidate_3,5,0.028000000000000004
18,candidate_2,candidate_4,candidate_1,candidate_5,candidate_3,5,0.028000000000000004
19,0,candidate_4,candidate_1,candidate_5,candidate_3,5,0.028000000000000004
20,candidate_2,candidate_4,candidate_1,candidate_5,candidate_3,5,0.028000000000000004
21,candidate_2,candidate_4,candidate_1,candidate_5,candidate_3,5,0.028000000000000004
22,candidate_2,candidate_4,candidate_1,candidate_5,candidate_3,5,0.028000000000000004
23,candidate_2,candidate_4,candidate_1,candidate_5,candidate_3,5,0.028000000000000004
24,candidate_2,0,candidate_1,candidate_5,candidate_3,5,0.028000000000000004
25,candidate_2,candidate_4,candidate_1,candidate_5,candidate_3,5,0.028000000000000004
26,candidate_2,candidate_4,candidate_1,candidate_5,candidate_3,5,0.028000000000000004
27,candidate_2,candidate_4,candidate_1,candidate_5,candidate_3,5,0.028000000000000004
28,candidate_2,candidate_4,candidate_1,candidate_5,candidate_3,5,0.028000000000000004
29,candidate_2,candidate_4,candidate_1,candidate_5,candidate_3,5,0.028000000000000004
30,candidate_2,candidate_4,candidate_1,candidate_5,candidate_3,5,0.028000000000000004
31,candidate_2,candidate_4,candidate_1,candidate_5,candidate_3,5,0.028000000000000004
32,candidate_2,candidate_4,candidate_1,candidate_5,candidate_3,5,0.028000000000000004
33,candidate_2,candidate_4,candidate_1,candidate_5,candidate_3,5,0.028000000000000004
34,candidate_2,0,candidate_1,candidate_5,candidate_3,5,0.028000000000000004
35,candidate_2,candidate_4,candidate_1,candidate_5,candidate_3,5,0.028000000000000004
36,candidate_2,candidate_4,candidate_1,candidate_5,candidate_3,5,0.028000000000000004
37,candidate_2,candidate_4,candidate_1,candidate_5,candidate_3,5,0.028000000000000004
38,candidate_2,candidate_4,candidate_1,candidate_5,candidate_3,5,0.028000000000000004
39,candidate_2,candidate_4,candidate_1,candidate_5,candidate_3,5,0.028000000000000004
40,candidate_2,candidate_4,candidate_1,candidate_5,candidate_3,5,0.028000000000000004
41,candidate_2,candidate_4,candidate_1,candidate_5,candidate_3,5,0.028000000000000004
42,candidate_2,candidate_4,candidate_1,candidate_5,candidate_3,5,0.028000000000000004
43,candidate_2,candidate_4,candidate_1,candidate_5,candidate_3,5,0.028000000000000004
44,candidate_2,0,candidate_1,candidate_5,candidate_3,5,0.028000000000000004
45,candidate_2,candidate_4,candidate_1,candidate_5,candidate_3,5,0.028000000000000004
46,candidate_2,candidate_4,candidate_1,candidate_5,candidate_3,5,0.028000000000000004
47,candidate_2,candidate_4,candidate_1,candidate_5,candidate_3,5,0.028000000000000004
48,candidate_2,candidate_4,candidate_1,candidate_5,candidate_3,5,0.028000000000000004
49,candidate_2,candidate_4,candidate_1,candidate_5,candidate_3,5,0.028000000000000004
50,candidate_2,candidate_4,0,candidate_5,candidate_3,5,0.028000000000000004
51,candidate_2,candidate_4,candidate_1,candidate_5,candidate_3,5,0.028000000000000004
52,candidate_2,candidate_4,candidate_1,candidate_5,candidate_3,5,0.028000000000000004
53,candidate_2,candidate_4,candidate_1,candidate_5,candidate_3,5,0.028000000000000004
54,candidate_2,candidate_4,0,candidate_5,candidate_3,5,0.028000000000000004
55,candidate_2,candidate_4,candidate_1,candidate_5,candidate_3,5,0.028000000000000004
56,candidate_2,candidate_4,candidate_1,candidate_5,candidate_3,5,0.028000000000000004
57,candidate_2,candidate_4,candidate_1,candidate_5,candidate_3,5,0.028000000000000004
58,candidate_2,candidate_4,candidate_1,candidate_5,candidate_3,5,0.028000000000000004
59,candidate_2,candidate_4,candidate_1,candidate_5,candidate_3,5,0.028000000000000004
60,candidate_2,candidate_4,candidate_1,candidate_5,candidate_3,5,0.028000000000000004
61,candidate_2,candidate_4,candidate_1,candidate_5,candidate_3,5,0.028000000000000004
62,candidate_2,candidate_4,candidate_1,candidate_5,candidate_3,5,0.028000000000000004
63,candidate_2,candidate_4,candidate_1,candidate_5,candidate_3,5,0.028000000000000004
64,candidate_2,candidate_4,candidate_1,candidate_5,candidate_3,5,0.028000000000000004
65,candidate_2,0,candidate_1,candidate_5,candidate_3,5,0.028000000000000004
66,candidate_2,candidate_4,candidate_1,candidate_5,candidate_3,5,0.028000000000000004
67,candidate_2,candidate_4,candidate_1,candidate_5,candidate_3,5,0.028000000000000004
68,candidate_2,candidate_4,candidate_1,candidate_5,candidate_3,5,0.028000000000000004
69,candidate_2,candidate_4,candidate_1,candidate_5,candidate_3,5,0.028000000000000004
70,candidate_2,candidate_4,candidate_1,candidate_5,candidate_3,5,0.028000000000000004
71,candidate_2,candidate_4,candidate_1,candidate_5,candidate_3,5,0.028000000000000004
72,candidate_2,candidate_4,candidate_1,candidate_5,candidate_3,5,0.028000000000000004
73,candidate_2,candidate_4,candidate_1,candidate_5,candidate_3,5,0.028000000000000004
74,candidate_2,candidate_4,candidate_1,candidate_5,candidate_3,5,0.028000000000000004
75,candidate_2,candidate_4,candidate_1,candidate_5,candidate_3,5,0.028000000000000004
76,candidate_2,candidate_4,candidate_1,candidate_5,candidate_3,5,0.028000000000000004
77,candidate_2,candidate_4,candidate_1,candidate_5,candidate_3,5,0.028000000000000004
78,candidate_2,candidate_4,candidate_1,candidate_5,candidate_3,5,0.028000000000000004
79,candidate_2,candidate_4,candidate_1,candidate_5,candidate_3,5,0.028000000000000004
80,candidate_2,candidate_4,candidate_1,candidate_5,candidate_3,5,0.028000000000000004
81,candidate_2,candidate_4,candidate_1,candidate_5,candidate_3,5,0.028000000000000004
82,candidate_2,candidate_4,candidate_1,candidate_5,candidate_3,5,0.028000000000000004
83,candidate_2,candidate_4,candidate_1,candidate_5,candidate_3,5,0.028000000000000004
84,candidate_2,candidate_4,candidate_1,candidate_5,candidate_3,5,0.028000000000000004
85,0,candidate_4,candidate_1,candidate_5,candidate_3,5,0.028000000000000004
86,candidate_2,candidate_4,candidate_1,candidate_5,candidate_3,5,0.028000000000000004
87,candidate_2,candidate_4,candidate_1,candidate_5,candidate_3,5,0.028000000000000004
88,0,candidate_4,candidate_1,candidate_5,candidate_3,5,0.028000000000000004
89,candidate_2,candidate_4,candidate_1,candidate_5,candidate_3,5,0.028000000000000004
90,candidate_2,candidate_4,candidate_1,candidate_5,candidate_3,5,0.028000000000000004
91,candidate_2,candidate_4,candidate_1,candidate_5,candidate_3,5,0.028000000000000004
92,candidate_2,candidate_4,candidate_1,candidate_5,candidate_3,5,0.028000000000000004
93,candidate_2,candidate_4,candidate_1,0,candidate_3,5,0.028000000000000004
94,candidate_2,candidate_4,candidate_1,candidate_5,candidate_3,5,0.028000000000000004
95,candidate_2,candidate_4,candidate_1,candidate_5,candidate_3,5,0.028000000000000004
96,candidate_2,candidate_4,candidate_1,candidate_5,candidate_3,5,0.028000000000000004
97,candidate_2,candidate_4,candidate_1,candidate_5,candidate_3,5,0.028000000000000004
98,candidate_2,candidate_4,candidate_1,candidate_5,candidate_3,5,0.028000000000000004
99,candidate_2,candidate_4,candidate_1,candidate_5,candidate_3,5,0.028000000000000004
100,candidate_2,candidate_4,candidate_1,candidate_5,candidate_3,5,0.028000000000000004
101,candidate_2,candidate_4,candidate_1,candidate_5,candidate_3,5,0.028000000000000004
102,candidate_2,candidate_4,candidate_1,candidate_5,candidate_3,5,0.028000000000000004
103,candidate_2,candidate_4,candidate_1,candidate_5,candidate_3,5,0.028000000000000004
104,candidate_2,candidate_4,candidate_1,candidate_5,candidate_3,5,0.028000000000000004
105,candidate_2,candidate_4,candidate_1,candidate_5,candidate_3,5,0.028000000000000004
106,candidate_2,candidate_4,candidate_1,candidate_5,candidate_3,5,0.028000000000000004
107,candidate_2,candidate_4,candidate_1,candidate_5,candidate_3,5,0.028000000000000004
108,candidate_2,candidate_4,candidate_1,candidate_5,candidate_3,5,0.028000000000000004
109,candidate_2,candidate_4,0,candidate_5,candidate_3,5,0.028000000000000004
110,candidate_2,candidate_4,candidate_1,candidate_5,candidate_3,5,0.028000000000000004
111,candidate_2,candidate_4,candidate_1,candidate_5,candidate_3,5,0.028000000000000004
112,candidate_2,candidate_4,candidate_1,candidate_5,candidate_3,5,0.028000000000000004
113,candidate_2,candidate_4,candidate_1,candidate_5,candidate_3,5,0.028000000000000004
114,candidate_2,candidate_4,candidate_1,candidate_5,candidate_3,5,0.028000000000000004
115,candidate_2,candidate_4,candidate_1,candidate_5,candidate_3,5,0.028000000000000004
116,candidate_2,candidate_4,candidate_1,candidate_5,candidate_3,5,0.028000000000000004
117,candidate_2,candidate_4,candidate_1,candidate_5,candidate_3,5,0.028000000000000004
118,candidate_2,candidate_4,candidate_1,candidate_5,candidate_3,5,0.028000000000000004
119,candidate_2,0,candidate_1,candidate_5,candidate_3,5,0.028000000000000004
120,candidate_2,candidate_4,candidate_1,candidate_5,candidate_3,5,0.028000000000000004
121,candidate_2,candidate_4,candidate_1,candidate_5,candidate_3,5,0.028000000000000004
122,candidate_2,candidate_4,candidate_1,candidate_5,candidate_3,5,0.028000000000000004
123,candidate_2,candidate_4,candidate_1,candidate_5,candidate_3,5,0.028000000000000004
124,candidate_2,candidate_4,candidate_1,candidate_5,candidate_3,5,0.028000000000000004
125,candidate_2,candidate_4,candidate_1,candidate_5,candidate_3,5,0.028000000000000004
126,candidate_2,candidate_4,candidate_1,candidate_5,candidate_3,5,0.028000000000000004
127,candidate_2,candidate_4,candidate_1,candidate_5,candidate_3,5,0.028000000000000004
128,candidate_2,candidate_4,candidate_1,candidate_5,candidate_3,5,0.028000000000000004
129,candidate_2,candidate_4,candidate_1,candidate_5,candidate_3,5,0.028000000000000004
130,candidate_2,candidate_4,candidate_1,candidate_5,candidate_3,5,0.028000000000000004
131,candidate_2,candidate_4,candidate_1,candidate_5,candidate_3,5,0.028000000000000004
132,candidate_2,candidate_4,candidate_1,candidate_5,candidate_3,5,0.028000000000000004
133,candidate_2,candidate_4,candidate_1,candidate_5,candidate_3,5,0.028000000000000004
134,candidate_2,candidate_4,candidate_1,candidate_5,0,5,0.028000000000000004
135,candidate_2,candidate_4,candidate_1,candidate_5,candidate_3,5,0.028000000000000004
136,candidate_2,candidate_4,candidate_1,candidate_5,candidate_3,5,0.028000000000000004
137,candidate_2,candidate_4,candidate_1,candidate_5,candidate_3,5,0.028000000000000004
138,candidate_2,candidate_4,candidate_1,candidate_5,candidate_3,5,0.028000000000000004
139,candidate_2,candidate_4,candidate_1,candidate_5,candidate_3,5,0.028000000000000004
140,candidate_2,candidate_4,candidate_1,0,candidate_3,5,0.028000000000000004
141,candidate_2,candidate_4,candidate_1,candidate_5,candidate_3,5,0.028000000000000004
142,candidate_2,candidate_4,0,candidate_5,candidate_3,5,0.028000000000000004
143,candidate_2,candidate_4,candidate_1,candidate_5,candidate_3,5,0.028000000000000004
144,candidate_2,candidate_4,candidate_1,candidate_5,candidate_3,5,0.028000000000000004
145,candidate_2,candidate_4,candidate_1,candidate_5,candidate_3,5,0.028000000000000004
146,candidate_2,candidate_4,candidate_1,candidate_5,candidate_3,5,0.028000000000000004
147,candidate_2,candidate_4,candidate_1,candidate_5,candidate_3,5,0.028000000000000004
148,candidate_2,candidate_4,candidate_1,candidate_5,candidate_3,5,0.028000000000000004
149,candidate_2,candidate_4,candidate_1,candidate_5,candidate_3,5,0.028000000000000004
150,candidate_2,candidate_4,candidate_1,candidate_5,candidate_3,5,0.028000000000000004
151,candidate_2,candidate_4,candidate_1,candidate_5,candidate_3,5,0.028000000000000004
152,candidate_2,candidate_4,candidate_1,candidate_5,candidate_3,5,0.028000000000000004
153,candidate_2,candidate_4,candidate_1,candidate_5,candidate_3,5,0.028000000000000004
154,candidate_2,candidate_4,candidate_1,candidate_5,candidate_3,5,0.028000000000000004
155,candidate_2,candidate_4,candidate_1,candidate_5,candidate_3,5,0.028000000000000004
156,candidate_2,candidate_4,candidate_1,candidate_5,candidate_3,5,0.028000000000000004
157,candidate_2,candidate_4,candidate_1,candidate_5,candidate_3,5,0.028000000000000004
158,candidate_2,candidate_4,candidate_1,candidate_5,candidate_3,5,0.028000000000000004
159,candidate_2,candidate_4,candidate_1,candidate_5,candidate_3,5,0.028000000000000004
160,candidate_2,candidate_4,candidate_1,candidate_5,candidate_3,5,0.028000000000000004
161,candidate_2,candidate_4,candidate_1,candidate_5,candidate_3,5,0.028000000000000004
162,candidate_2,candidate_4,candidate_1,candidate_5,candidate_3,5,0.028000000000000004
163,candidate_2,candidate_4,0,candidate_5,candidate_3,5,0.028000000000000004
164,candidate_2,candidate_4,0,candidate_5,candidate_3,5,0.028000000000000004
165,candidate_2,candidate_4,0,candidate_5,candidate_3,5,0.028000000000000004
166,candidate_2,candidate_4,candidate_1,candidate_5,candidate_3,5,0.028000000000000004
167,candidate_2,candidate_4,candidate_1,candidate_5,0,5,0.028000000000000004
168,candidate_2,candidate_4,candidate_1,candidate_5,candidate_3,5,0.028000000000000004
169,candidate_2,candidate_4,0,candidate_5,candidate_3,5,0.028000000000000004
170,candidate_2,candidate_4,candidate_1,candidate_5,candidate_3,5,0.028000000000000004
171,0,candidate_4,candidate_1,candidate_5,candidate_3,5,0.028000000000000004
172,candidate_2,candidate_4,candidate_1,candidate_5,candidate_3,5,0.028000000000000004
173,candidate_2,candidate_4,candidate_1,candidate_5,candidate_3,5,0.028000000000000004
174,candidate_2,candidate_4,candidate_1,candidate_5,candidate_3,5,0.028000000000000004
175,candidate_2,candidate_4,candidate_1,candidate_5,candidate_3,5,0.028000000000000004
176,candidate_2,candidate_4,candidate_1,candidate_5,candidate_3,5,0.028000000000000004
177,candidate_2,candidate_4,candidate_1,candidate_5,candidate_3,5,0.028000000000000004
178,candidate_2,candidate_4,candidate_1,candidate_5,candidate_3,5,0.028000000000000004
179,candidate_2,candidate_4,candidate_1,candidate_5,candidate_3,5,0.028000000000000004
180,candidate_2,candidate_4,candidate_1,candidate_5,candidate_3,5,0.028000000000000004
181,candidate_2,candidate_4,candidate_1,candidate_5,candidate_3,5,0.028000000000000004
182,candidate_2,candidate_4,0,candidate_5,candidate_3,5,0.028000000000000004
183,candidate_2,candidate_4,candidate_1,candidate_5,candidate_3,5,0.028000000000000004
184,candidate_2,candidate_4,candidate_1,candidate_5,candidate_3,5,0.028000000000000004
185,candidate_2,candidate_4,candidate_1,candidate_5,candidate_3,5,0.028000000000000004
186,candidate_2,candidate_4,candidate_1,candidate_5,candidate_3,5,0.028000000000000004
187,candidate_2,candidate_4,candidate_1,candidate_5,candidate_3,5,0.028000000000000004
188,candidate_2,candidate_4,candidate_1,candidate_5,candidate_3,5,0.028000000000000004
189,candidate_2,candidate_4,candidate_1,0,candidate_3,5,0.028000000000000004
190,candidate_2,candidate_4,candidate_1,candidate_5,candidate_3,5,0.028000000000000004
191,candidate_2,candidate_4,candidate_1,candidate_5,candidate_3,5,0.028000000000000004
192,0,candidate_4,candidate_1,candidate_5,candidate_3,5,0.028000000000000004
193,candidate_2,candidate_4,candidate_1,candidate_5,candidate_3,5,0.028000000000000004
194,candidate_2,candidate_4,candidate_1,candidate_5,candidate_3,5,0.028000000000000004
195,candidate_2,candidate_4,candidate_1,candidate_5,candidate_3,5,0.028000000000000004
196,candidate_2,candidate_4,candidate_1,candidate_5,candidate_3,5,0.028000000000000004
197,candidate_2,candidate_4,candidate_1,candidate_5,candidate_3,5,0.028000000000000004
198,0,candidate_4,candidate_1,0,candidate_3,5,0.028000000000000004
199,candidate_2,candidate_4,candidate_1,candidate_5,candidate_3,5,0.028000000000000004
200,candidate_2,candidate_4,candidate_1,candidate_5,0,5,0.028000000000000004
201,candidate_2,candidate_4,candidate_1,candidate_5,candidate_3,5,0.028000000000000004
202,candidate_2,candidate_4,candidate_1,candidate_5,candidate_3,5,0.028000000000000004
203,candidate_2,candidate_4,candidate_1,candidate_5,candidate_3,5,0.028000000000000004
204,candidate_2,candidate_4,candidate_1,candidate_5,candidate_3,5,0.028000000000000004
205,candidate_2,candidate_4,candidate_1,candidate_5,candidate_3,5,0.028000000000000004
206,candidate_2,candidate_4,candidate_1,candidate_5,candidate_3,5,0.028000000000000004
207,candidate_2,candidate_4,candidate_1,candidate_5,candidate_3,5,0.028000000000000004
208,candidate_2,candidate_4,candidate_1,candidate_5,candidate_3,5,0.028000000000000004
209,candidate_2,candidate_4,candidate_1,candidate_5,candidate_3,5,0.028000000000000004
210,candidate_2,candidate_4,candidate_1,candidate_5,candidate_3,5,0.028000000000000004
211,candidate_2,candidate_4,candidate_1,candidate_5,candidate_3,5,0.028000000000000004
212,candidate_2,candidate_4,0,candidate_5,candidate_3,5,0.028000000000000004
213,candidate_2,candidate_4,candidate_1,candidate_5,candidate_3,5,0.028000000000000004
214,candidate_2,candidate_4,candidate_1,candidate_5,candidate_3,5,0.028000000000000004
215,candidate_2,candidate_4,candidate_1,candidate_5,candidate_3,5,0.028000000000000004
216,candidate_2,candidate_4,candidate_1,candidate_5,candidate_3,5,0.028000000000000004
217,candidate_2,candidate_4,candidate_1,candidate_5,candidate_3,5,0.028000000000000004
218,candidate_2,candidate_4,candidate_1,candidate_5,candidate_3,5,0.028000000000000004
219,candidate_2,candidate_4,candidate_1,candidate_5,candidate_3,5,0.028000000000000004
220,candidate_2,candidate_4,candidate_1,candidate_5,candidate_3,5,0.028000000000000004
221,candidate_2,candidate_4,candidate_1,candidate_5,candidate_3,5,0.028000000000000004
222,candidate_2,candidate_4,candidate_1,candidate_5,candidate_3,5,0.028000000000000004
223,candidate_2,candidate_4,candidate_1,candidate_5,candidate_3,5,0.028000000000000004
224,candidate_2,candidate_4,candidate_1,candidate_5,candidate_3,5,0.028000000000000004
225,candidate_2,candidate_4,candidate_1,candidate_5,candidate_3,5,0.028000000000000004
226,candidate_2,candidate_4,candidate_1,candidate_5,candidate_3,5,0.028000000000000004
227,candidate_2,candidate_4,candidate_1,candidate_5,candidate_3,5,0.028000000000000004
228,0,candidate_4,candidate_1,candidate_5,candidate_3,5,0.028000000000000004
229,candidate_2,candidate_4,candidate_1,candidate_5,candidate_3,5,0.028000000000000004
230,candidate_2,candidate_4,candidate_1,candidate_5,candidate_3,5,0.028000000000000004
231,candidate_2,candidate_4,candidate_1,candidate_5,candidate_3,5,0.028000000000000004
232,candidate_2,candidate_4,candidate_1,candidate_5,candidate_3,5,0.028000000000000004
233,candidate_2,candidate_4,candidate_1,candidate_5,candidate_3,5,0.028000000000000004
234,candidate_2,candidate_4,candidate_1,candidate_5,0,5,0.028000000000000004
235,candidate_2,candidate_4,candidate_1,candidate_5,candidate_3,5,0.028000000000000004
236,candidate_2,candidate_4,candidate_1,candidate_5,candidate_3,5,0.028000000000000004
237,candidate_2,candidate_4,candidate_1,candidate_5,candidate_3,5,0.028000000000000004
238,candidate_2,candidate_4,candidate_1,candidate_5,candidate_3,5,0.028000000000000004
239,0,candidate_4,candidate_1,candidate_5,candidate_3,5,0.028000000000000004
240,candidate_2,candidate_4,candidate_1,candidate_5,candidate_3,5,0.028000000000000004
241,candidate_2,candidate_4,candidate_1,candidate_5,candidate_3,5,0.028000000000000004
242,candidate_2,candidate_4,candidate_1,candidate_5,candidate_3,5,0.028000000000000004
243,candidate_2,candidate_4,candidate_1,candidate_5,candidate_3,5,0.028000000000000004
244,candidate_2,candidate_4,candidate_1,candidate_5,candidate_3,5,0.028000000000000004
245,candidate_2,candidate_4,0,candidate_5,candidate_3,5,0.028000000000000004
246,candidate_2,candidate_4,candidate_1,candidate_5,candidate_3,5,0.028000000000000004
247,candidate_2,candidate_4,candidate_1,candidate_5,candidate_3,5,0.028000000000000004
248,candidate_2,candidate_4,candidate_1,candidate_5,candidate_3,5,0.028000000000000004
249,candidate_2,candidate_4,candidate_1,candidate_5,candidate_3,5,0.028000000000000004
250,candidate_2,0,candidate_1,candidate_5,candidate_3,5,0.028000000000000004
251,candidate_2,candidate_4,candidate_1,candidate_5,candidate_3,5,0.028000000000000004
252,candidate_2,candidate_4,candidate_1,candidate_5,candidate_3,5,0.028000000000000004
253,candidate_2,candidate_4,candidate_1,candidate_5,candidate_3,5,0.028000000000000004
254,candidate_2,candidate_4,0,candidate_5,candidate_3,5,0.028000000000000004
255,candidate_2,candidate_4,candidate_1,candidate_5,candidate_3,5,0.028000000000000004
256,candidate_2,candidate_4,candidate_1,candidate_5,candidate_3,5,0.028000000000000004
257,candidate_2,candidate_4,candidate_1,candidate_5,candidate_3,5,0.028000000000000004
258,candidate_2,candidate_4,candidate_1,candidate_5,candidate_3,5,0.028000000000000004
259,candidate_2,candidate_4,candidate_1,candidate_5,candidate_3,5,0.028000000000000004
260,candidate_2,candidate_4,candidate_1,candidate_5,candidate_3,5,0.028000000000000004
261,candidate_2,candidate_4,candidate_1,candidate_5,candidate_3,5,0.028000000000000004
262,candidate_2,candidate_4,candidate_1,candidate_5,candidate_3,5,0.028000000000000004
263,candidate_2,candidate_4,candidate_1,candidate_5,0,5,0.028000000000000004
264,candidate_2,candidate_4,candidate_1,candidate_5,candidate_3,5,0.028000000000000004
265,candidate_2,candidate_4,candidate_1,candidate_5,candidate_3,5,0.028000000000000004
266,candidate_2,candidate_4,candidate_1,candidate_5,candidate_3,5,0.028000000000000004
267,candidate_2,candidate_4,candidate_1,0,candidate_3,5,0.028000000000000004
268,candidate_2,candidate_4,candidate_1,candidate_5,candidate_3,5,0.028000000000000004
269,candidate_2,candidate_4,candidate_1,candidate_5,candidate_3,5,0.028000000000000004
270,candidate_2,candidate_4,candidate_1,0,candidate_3,5,0.028000000000000004
271,candidate_2,candidate_4,candidate_1,0,candidate_3,5,0.028000000000000004
272,candidate_2,candidate_4,candidate_1,candidate_5,candidate_3,5,0.028000000000000004
273,candidate_2,candidate_4,candidate_1,candidate_5,candidate_3,5,0.028000000000000004
274,candidate_2,candidate_4,candidate_1,candidate_5,candidate_3,5,0.028000000000000004
275,candidate_2,candidate_4,candidate_1,candidate_5,candidate_3,5,0.028000000000000004
276,candidate_2,candidate_4,candidate_1,candidate_5,candidate_3,5,0.028000000000000004
277,candidate_2,candidate_4,candidate_1,candidate_5,candidate_3,5,0.028000000000000004
278,candidate_2,candidate_4,candidate_1,candidate_5,candidate_3,5,0.028000000000000004
279,candidate_2,candidate_4,candidate_1,candidate_5,candidate_3,5,0.028000000000000004
280,candidate_2,candidate_4,candidate_1,candidate_5,candidate_3,5,0.028000000000000004
281,candidate_2,candidate_4,candidate_1,candidate_5,candidate_3,5,0.028000000000000004
282,candidate_2,candidate_4,candidate_1,candidate_5,candidate_3,5,0.028000000000000004
283,candidate_2,candidate_4,candidate_1,candidate_5,candidate_3,5,0.028000000000000004
284,candidate_2,candidate_4,candidate_1,candidate_5,candidate_3,5,0.028000000000000004
285,candidate_2,candidate_4,candidate_1,candidate_5,candidate_3,5,0.028000000000000004
286,candidate_2,candidate_4,candidate_1,candidate_5,candidate_3,5,0.028000000000000004
287,candidate_2,candidate_4,candidate_1,candidate_5,candidate_3,5,0.028000000000000004
288,candidate_2,candidate_4,candidate_1,0,candidate_3,5,0.028000000000000004
289,candidate_2,candidate_4,candidate_1,candidate_5,candidate_3,5,0.028000000000000004
290,candidate_2,candidate_4,candidate_1,candidate_5,candidate_3,5,0.028000000000000004
291,candidate_2,candidate_4,candidate_1,candidate_5,candidate_3,5,0.028000000000000004
292,candidate_2,candidate_4,candidate_1,candidate_5,candidate_3,5,0.028000000000000004
293,candidate_2,candidate_4,candidate_1,candidate_5,candidate_3,5,0.028000000000000004
294,candidate_2,candidate_4,0,candidate_5,candidate_3,5,0.028000000000000004
295,candidate_2,candidate_4,0,candidate_5,candidate_3,5,0.028000000000000004
296,candidate_2,candidate_4,candidate_1,candidate_5,candidate_3,5,0.028000000000000004
297,candidate_2,candidate_4,candidate_1,candidate_5,candidate_3,5,0.028000000000000004
298,candidate_2,candidate_4,candidate_1,candidate_5,candidate_3,5,0.028000000000000004
299,candidate_2,candidate_4,candidate_1,candidate_5,candidate_3,5,0.028000000000000004
300,candidate_2,candidate_4,candidate_1,candidate_5,candidate_3,5,0.028000000000000004
301,candidate_2,candidate_4,candidate_1,candidate_5,candidate_3,5,0.028000000000000004
302,candidate_2,candidate_4,candidate_1,candidate_5,candidate_3,5,0.028000000000000004
303,candidate_2,candidate_4,candidate_1,candidate_5,candidate_3,5,0.028000000000000004
304,candidate_2,candidate_4,candidate_1,candidate_5,candidate_3,5,0.028000000000000004
305,candidate_2,candidate_4,candidate_1,candidate_5,candidate_3,5,0.028000000000000004
306,candidate_2,candidate_4,candidate_1,candidate_5,candidate_3,5,0.028000000000000004
307,candidate_2,candidate_4,candidate_1,candidate_5,candidate_3,5,0.028000000000000004
308,candidate_2,candidate_4,candidate_1,candidate_5,candidate_3,5,0.028000000000000004
309,candidate_2,candidate_4,candidate_1,candidate_5,candidate_3,5,0.028000000000000004
310,candidate_2,candidate_4,0,candidate_5,candidate_3,5,0.028000000000000004
311,candidate_2,candidate_4,candidate_1,candidate_5,candidate_3,5,0.028000000000000004
312,candidate_2,candidate_4,candidate_1,candidate_5,candidate_3,5,0.028000000000000004
313,candidate_2,candidate_4,0,0,candidate_3,5,0.028000000000000004
314,candidate_2,candidate_4,candidate_1,candidate_5,candidate_3,5,0.028000000000000004
315,0,candidate_4,candidate_1,candidate_5,candidate_3,5,0.028000000000000004
316,candidate_2,0,candidate_1,candidate_5,candidate_3,5,0.028000000000000004
317,candidate_2,candidate_4,candidate_1,0,candidate_3,5,0.028000000000000004
318,candidate_2,candidate_4,candidate_1,candidate_5,candidate_3,5,0.028000000000000004
319,candidate_2,candidate_4,candidate_1,candidate_5,candidate_3,5,0.028000000000000004
320,candidate_2,candidate_4,candidate_1,candidate_5,candidate_3,5,0.028000000000000004
321,candidate_2,candidate_4,candidate_1,candidate_5,candidate_3,5,0.028000000000000004
322,candidate_2,candidate_4,candidate_1,candidate_5,candidate_3,5,0.028000000000000004
323,candidate_2,candidate_4,candidate_1,candidate_5,candidate_3,5,0.028000000000000004
324,candidate_2,candidate_4,0,candidate_5,candidate_3,5,0.028000000000000004
325,candidate_2,candidate_4,candidate_1,candidate_5,candidate_3,5,0.028000000000000004
326,candidate_2,candidate_4,candidate_1,candidate_5,candidate_3,5,0.028000000000000004
327,candidate_2,candidate_4,candidate_1,candidate_5,candidate_3,5,0.028000000000000004
328,candidate_2,candidate_4,candidate_1,candidate_5,candidate_3,5,0.028000000000000004
329,candidate_2,candidate_4,candidate_1,candidate_5,candidate_3,5,0.028000000000000004
330,candidate_2,candidate_4,candidate_1,candidate_5,candidate_3,5,0.028000000000000004
331,candidate_2,candidate_4,candidate_1,candidate_5,candidate_3,5,0.028000000000000004
332,candidate_2,candidate_4,candidate_1,candidate_5,candidate_3,5,0.028000000000000004
333,candidate_2,candidate_4,candidate_1,candidate_5,candidate_3,5,0.028000000000000004
334,candidate_2,candidate_4,candidate_1,candidate_5,candidate_3,5,0.028000000000000004
335,candidate_2,candidate_4,candidate_1,candidate_5,candidate_3,5,0.028000000000000004
336,candidate_2,candidate_4,candidate_1,candidate_5,candidate_3,5,0.028000000000000004
337,candidate_2,candidate_4,candidate_1,candidate_5,candidate_3,5,0.028000000000000004
338,candidate_2,candidate_4,0,candidate_5,candidate_3,5,0.028000000000000004
339,candidate_2,0,candidate_1,candidate_5,candidate_3,5,0.028000000000000004
340,candidate_2,candidate_4,candidate_1,candidate_5,candidate_3,5,0.028000000000000004
341,candidate_2,0,candidate_1,candidate_5,candidate_3,5,0.028000000000000004
342,candidate_2,candidate_4,candidate_1,candidate_5,candidate_3,5,0.028000000000000004
343,candidate_2,candidate_4,candidate_1,0,candidate_3,5,0.028000000000000004
344,candidate_2,candidate_4,0,candidate_5,candidate_3,5,0.028000000000000004
345,candidate_2,candidate_4,candidate_1,candidate_5,candidate_3,5,0.028000000000000004
346,candidate_2,candidate_4,candidate_1,candidate_5,candidate_3,5,0.028000000000000004
347,candidate_2,candidate_4,candidate_1,candidate_5,candidate_3,5,0.028000000000000004
348,candidate_2,candidate_4,candidate_1,candidate_5,candidate_3,5,0.028000000000000004
349,candidate_2,candidate_4,candidate_1,candidate_5,candidate_3,5,0.028000000000000004
350,candidate_2,candidate_4,candidate_1,candidate_5,candidate_3,5,0.028000000000000004
351,candidate_2,candidate_4,candidate_1,candidate_5,candidate_3,5,0.028000000000000004
352,candidate_2,candidate_4,candidate_1,candidate_5,candidate_3,5,0.028000000000000004
353,candidate_2,candidate_4,0,candidate_5,candidate_3,5,0.028000000000000004
354,candidate_2,candidate_4,candidate_1,candidate_5,candidate_3,5,0.028000000000000004
355,candidate_2,candidate_4,candidate_1,candidate_5,candidate_3,5,0.028000000000000004
356,0,candidate_4,0,candidate_5,candidate_3,5,0.028000000000000004
357,candidate_2,candidate_4,candidate_1,candidate_5,candidate_3,5,0.028000000000000004
358,candidate_2,candidate_4,candidate_1,candidate_5,candidate_3,5,0.028000000000000004
359,candidate_2,candidate_4,candidate_1,candidate_5,candidate_3,5,0.028000000000000004
360,candidate_2,candidate_4,candidate_1,candidate_5,candidate_3,5,0.028000000000000004
361,candidate_2,candidate_4,candidate_1,candidate_5,candidate_3,5,0.028000000000000004
362,candidate_2,candidate_4,candidate_1,candidate_5,candidate_3,5,0.028000000000000004
363,candidate_2,candidate_4,candidate_1,candidate_5,candidate_3,5,0.028000000000000004
364,0,candidate_4,candidate_1,candidate_5,candidate_3,5,0.028000000000000004
365,candidate_2,candidate_4,candidate_1,candidate_5,candidate_3,5,0.028000000000000004
366,candidate_2,candidate_4,candidate_1,candidate_5,candidate_3,5,0.028000000000000004
367,candidate_2,candidate_4,candidate_1,candidate_5,candidate_3,5,0.028000000000000004
368,candidate_2,candidate_4,candidate_1,candidate_5,candidate_3,5,0.028000000000000004
369,candidate_2,candidate_4,candidate_1,candidate_5,candidate_3,5,0.028000000000000004
370,candidate_2,candidate_4,candidate_1,candidate_5,candidate_3,5,0.028000000000000004
371,candidate_2,candidate_4,candidate_1,candidate_5,candidate_3,5,0.028000000000000004
372,candidate_2,candidate_4,candidate_1,candidate_5,candidate_3,5,0.028000000000000004
373,candidate_2,candidate_4,candidate_1,candidate_5,candidate_3,5,0.028000000000000004
374,candidate_2,candidate_4,candidate_1,candidate_5,candidate_3,5,0.028000000000000004
375,candidate_2,candidate_4,candidate_1,candidate_5,candidate_3,5,0.028000000000000004
376,candidate_2,candidate_4,candidate_1,candidate_5,candidate_3,5,0.028000000000000004
377,candidate_2,candidate_4,candidate_1,candidate_5,candidate_3,5,0.028000000000000004
378,candidate_2,candidate_4,0,candidate_5,candidate_3,5,0.028000000000000004
379,candidate_2,candidate_4,candidate_1,candidate_5,candidate_3,5,0.028000000000000004
380,candidate_2,candidate_4,candidate_1,candidate_5,candidate_3,5,0.028000000000000004
381,candidate_2,candidate_4,candidate_1,candidate_5,candidate_3,5,0.028000000000000004
382,candidate_2,candidate_4,candidate_1,candidate_5,candidate_3,5,0.028000000000000004
383,candidate_2,candidate_4,candidate_1,candidate_5,candidate_3,5,0.028000000000000004
384,candidate_2,candidate_4,candidate_1,candidate_5,candidate_3,5,0.028000000000000004
385,candidate_2,candidate_4,candidate_1,candidate_5,candidate_3,5,0.028000000000000004
386,candidate_2,candidate_4,candidate_1,candidate_5,candidate_3,5,0.028000000000000004
387,candidate_2,candidate_4,candidate_1,candidate_5,candidate_3,5,0.028000000000000004
388,candidate_2,candidate_4,candidate_1,candidate_5,candidate_3,5,0.028000000000000004
389,candidate_2,candidate_4,candidate_1,candidate_5,candidate_3,5,0.028000000000000004
390,candidate_2,candidate_4,candidate_1,candidate_5,candidate_3,5,0.028000000000000004
391,candidate_2,candidate_4,candidate_1,candidate_5,candidate_3,5,0.028000000000000004
392,candidate_2,candidate_4,0,candidate_5,candidate_3,5,0.028000000000000004
393,candidate_2,candidate_4,candidate_1,candidate_5,candidate_3,5,0.028000000000000004
394,0,0,candidate_1,candidate_5,candidate_3,5,0.028000000000000004
395,candidate_2,candidate_4,candidate_1,candidate_5,0,5,0.028000000000000004
396,candidate_2,candidate_4,candidate_1,candidate_5,candidate_3,5,0.028000000000000004
397,candidate_2,candidate_4,candidate_1,candidate_5,candidate_3,5,0.028000000000000004
398,candidate_2,candidate_4,candidate_1,0,candidate_3,5,0.028000000000000004
399,candidate_2,candidate_4,candidate_1,candidate_5,candidate_3,5,0.028000000000000004
400,candidate_2,candidate_4,candidate_1,candidate_5,candidate_3,5,0.028000000000000004
401,candidate_2,candidate_4,candidate_1,candidate_5,candidate_3,5,0.028000000000000004
402,candidate_2,candidate_4,candidate_1,candidate_5,candidate_3,5,0.028000000000000004
403,candidate_2,candidate_4,candidate_1,candidate_5,candidate_3,5,0.028000000000000004
404,candidate_2,candidate_4,candidate_1,candidate_5,candidate_3,5,0.028000000000000004
405,candidate_2,candidate_4,candidate_1,candidate_5,candidate_3,5,0.028000000000000004
406,candidate_2,candidate_4,candidate_1,candidate_5,candidate_3,5,0.028000000000000004
407,candidate_2,candidate_4,candidate_1,candidate_5,candidate_3,5,0.028000000000000004
408,candidate_2,candidate_4,candidate_1,0,candidate_3,5,0.028000000000000004
409,candidate_2,candidate_4,candidate_1,candidate_5,candidate_3,5,0.028000000000000004
410,candidate_2,candidate_4,candidate_1,candidate_5,candidate_3,5,0.028000000000000004
411,candidate_2,candidate_4,candidate_1,candidate_5,candidate_3,5,0.028000000000000004
412,candidate_2,candidate_4,candidate_1,candidate_5,candidate_3,5,0.028000000000000004
413,candidate_2,candidate_4,candidate_1,candidate_5,candidate_3,5,0.028000000000000004
414,candidate_2,candidate_4,candidate_1,candidate_5,candidate_3,5,0.028000000000000004
415,candidate_2,candidate_4,candidate_1,candidate_5,candidate_3,5,0.028000000000000004
416,candidate_2,candidate_4,candidate_1,candidate_5,candidate_3,5,0.028000000000000004
417,candidate_2,candidate_4,candidate_1,candidate_5,candidate_3,5,0.028000000000000004
418,candidate_2,candidate_4,candidate_1,candidate_5,candidate_3,5,0.028000000000000004
419,candidate_2,0,candidate_1,candidate_5,candidate_3,5,0.028000000000000004
420,candidate_2,candidate_4,candidate_1,candidate_5,candidate_3,5,0.028000000000000004
421,0,candidate_4,candidate_1,candidate_5,candidate_3,5,0.028000000000000004
422,candidate_2,candidate_4,candidate_1,candidate_5,candidate_3,5,0.028000000000000004
423,candidate_2,candidate_4,candidate_1,candidate_5,candidate_3,5,0.028000000000000004
424,candidate_2,candidate_4,candidate_1,candidate_5,candidate_3,5,0.028000000000000004
425,candidate_2,candidate_4,candidate_1,candidate_5,candidate_3,5,0.028000000000000004
426,candidate_2,candidate_4,candidate_1,candidate_5,candidate_3,5,0.028000000000000004
427,candidate_2,candidate_4,candidate_1,candidate_5,candidate_3,5,0.028000000000000004
428,candidate_2,0,candidate_1,candidate_5,candidate_3,5,0.028000000000000004
429,candidate_2,candidate_4,candidate_1,candidate_5,candidate_3,5,0.028000000000000004
430,candidate_2,candidate_4,candidate_1,candidate_5,candidate_3,5,0.028000000000000004
431,candidate_2,candidate_4,candidate_1,candidate_5,candidate_3,5,0.028000000000000004
432,candidate_2,candidate_4,candidate_1,candidate_5,candidate_3,5,0.028000000000000004
433,candidate_2,candidate_4,candidate_1,candidate_5,candidate_3,5,0.028000000000000004
434,candidate_2,candidate_4,candidate_1,candidate_5,candidate_3,5,0.028000000000000004
435,candidate_2,candidate_4,candidate_1,candidate_5,candidate_3,5,0.028000000000000004
436,candidate_2,candidate_4,0,candidate_5,candidate_3,5,0.028000000000000004
437,0,candidate_4,candidate_1,candidate_5,candidate_3,5,0.028000000000000004
438,candidate_2,candidate_4,candidate_1,candidate_5,candidate_3,5,0.028000000000000004
439,candidate_2,candidate_4,candidate_1,candidate_5,candidate_3,5,0.028000000000000004
440,candidate_2,candidate_4,candidate_1,candidate_5,candidate_3,5,0.028000000000000004
441,candidate_2,candidate_4,candidate_1,candidate_5,candidate_3,5,0.028000000000000004
442,candidate_2,candidate_4,candidate_1,candidate_5,candidate_3,5,0.028000000000000004
443,candidate_2,candidate_4,candidate_1,candidate_5,candidate_3,5,0.028000000000000004
444,candidate_2,candidate_4,candidate_1,candidate_5,candidate_3,5,0.028000000000000004
445,candidate_2,candidate_4,candidate_1,candidate_5,candidate_3,5,0.028000000000000004
446,candidate_2,candidate_4,0,candidate_5,candidate_3,5,0.028000000000000004
447,candidate_2,candidate_4,candidate_1,candidate_5,candidate_3,5,0.028000000000000004
448,candidate_2,candidate_4,candidate_1,candidate_5,candidate_3,5,0.028000000000000004
449,candidate_2,candidate_4,candidate_1,candidate_5,candidate_3,5,0.028000000000000004
450,candidate_2,candidate_4,candidate_1,candidate_5,candidate_3,5,0.028000000000000004
451,candidate_2,candidate_4,candidate_1,candidate_5,candidate_3,5,0.028000000000000004
452,candidate_2,candidate_4,candidate_1,candidate_5,candidate_3,5,0.028000000000000004
453,candidate_2,candidate_4,candidate_1,candidate_5,candidate_3,5,0.028000000000000004
454,candidate_2,candidate_4,candidate_1,candidate_5,0,5,0.028000000000000004
455,candidate_2,candidate_4,candidate_1,candidate_5,candidate_3,5,0.028000000000000004
456,candidate_2,candidate_4,candidate_1,candidate_5,candidate_3,5,0.028000000000000004
457,candidate_2,candidate_4,candidate_1,candidate_5,candidate_3,5,0.028000000000000004
458,candidate_2,candidate_4,candidate_1,candidate_5,candidate_3,5,0.028000000000000004
459,candidate_2,candidate_4,candidate_1,candidate_5,candidate_3,5,0.028000000000000004
460,candidate_2,candidate_4,candidate_1,candidate_5,candidate_3,5,0.028000000000000004
461,candidate_2,candidate_4,candidate_1,candidate_5,candidate_3,5,0.028000000000000004
462,candidate_2,candidate_4,candidate_1,candidate_5,candidate_3,5,0.028000000000000004
463,candidate_2,candidate_4,candidate_1,0,candidate_3,5,0.028000000000000004
464,0,candidate_4,candidate_1,candidate_5,candidate_3,5,0.028000000000000004
465,candidate_2,candidate_4,candidate_1,candidate_5,candidate_3,5,0.028000000000000004
466,candidate_2,candidate_4,candidate_1,candidate_5,candidate_3,5,0.028000000000000004
467,candidate_2,candidate_4,candidate_1,candidate_5,candidate_3,5,0.028000000000000004
468,candidate_2,candidate_4,candidate_1,candidate_5,candidate_3,5,0.028000000000000004
469,candidate_2,candidate_4,candidate_1,candidate_5,candidate_3,5,0.028000000000000004
470,candidate_2,candidate_4,candidate_1,candidate_5,candidate_3,5,0.028000000000000004
471,candidate_2,candidate_4,candidate_1,candidate_5,candidate_3,5,0.028000000000000004
472,candidate_2,candidate_4,candidate_1,candidate_5,candidate_3,5,0.028000000000000004
473,candidate_2,candidate_4,candidate_1,candidate_5,candidate_3,5,0.028000000000000004
474,candidate_2,candidate_4,candidate_1,candidate_5,candidate_3,5,0.028000000000000004
475,candidate_2,candidate_4,candidate_1,candidate_5,candidate_3,5,0.028000000000000004
476,candidate_2,0,candidate_1,candidate_5,candidate_3,5,0.028000000000000004
477,0,candidate_4,candidate_1,candidate_5,0,5,0.028000000000000004
478,candidate_2,candidate_4,candidate_1,candidate_5,candidate_3,5,0.028000000000000004
479,candidate_2,candidate_4,candidate_1,candidate_5,candidate_3,5,0.028000000000000004
480,candidate_2,candidate_4,candidate_1,candidate_5,candidate_3,5,0.028000000000000004
481,candidate_2,candidate_4,candidate_1,candidate_5,candidate_3,5,0.028000000000000004
482,candidate_2,candidate_4,candidate_1,candidate_5,candidate_3,5,0.028000000000000004
483,candidate_2,candidate_4,candidate_1,candidate_5,candidate_3,5,0.028000000000000004
484,candidate_2,candidate_4,candidate_1,candidate_5,candidate_3,5,0.028000000000000004
485,candidate_2,candidate_4,candidate_1,0,candidate_3,5,0.028000000000000004
486,candidate_2,candidate_4,candidate_1,candidate_5,candidate_3,5,0.028000000000000004
487,candidate_2,0,candidate_1,candidate_5,candidate_3,5,0.028000000000000004
488,candidate_2,candidate_4,candidate_1,candidate_5,candidate_3,5,0.028000000000000004
489,candidate_2,candidate_4,candidate_1,candidate_5,candidate_3,5,0.028000000000000004
490,candidate_2,candidate_4,candidate_1,candidate_5,candidate_3,5,0.028000000000000004
491,candidate_2,candidate_4,0,candidate_5,candidate_3,5,0.028000000000000004
492,candidate_2,candidate_4,candidate_1,candidate_5,candidate_3,5,0.028000000000000004
493,candidate_2,candidate_4,candidate_1,candidate_5,candidate_3,5,0.028000000000000004
494,candidate_2,candidate_4,candidate_1,candidate_5,candidate_3,5,0.028000000000000004
495,candidate_2,candidate_4,candidate_1,candidate_5,candidate_3,5,0.028000000000000004
496,candidate_2,candidate_4,candidate_1,candidate_5,candidate_3,5,0.028000000000000004
497,candidate_2,candidate_4,candidate_1,candidate_5,candidate_3,5,0.028000000000000004
0,candidate_2,candidate_4,candidate_3,candidate_1,candidate_5,5,0.028000000000000004
1,candidate_2,candidate_4,candidate_3,candidate_1,0,5,0.028000000000000004
2,candidate_2,candidate_4,candidate_3,candidate_1,candidate_5,5,0.028000000000000004
3,candidate_2,candidate_4,candidate_3,candidate_1,candidate_5,5,0.028000000000000004
4,candidate_2,candidate_4,candidate_3,candidate_1,candidate_5,5,0.028000000000000004
5,candidate_2,candidate_4,candidate_3,candidate_1,candidate_5,5,0.028000000000000004
6,candidate_2,candidate_4,candidate_3,candidate_1,candidate_5,5,0.028000000000000004
7,candidate_2,candidate_4,candidate_3,candidate_1,candidate_5,5,0.028000000000000004
8,candidate_2,candidate_4,candidate_3,candidate_1,candidate_5,5,0.028000000000000004
9,candidate_2,candidate_4,candidate_3,candidate_1,candidate_5,5,0.028000000000000004
10,candidate_2,candidate_4,candidate_3,candidate_1,candidate_5,5,0.028000000000000004
11,candidate_2,candidate_4,candidate_3,candidate_1,candidate_5,5,0.028000000000000004
12,candidate_2,candidate_4,candidate_3,candidate_1,candidate_5,5,0.028000000000000004
13,candidate_2,candidate_4,0,candidate_1,candidate_5,5,0.028000000000000004
14,candidate_2,candidate_4,candidate_3,candidate_1,candidate_5,5,0.028000000000000004
15,candidate_2,candidate_4,candidate_3,candidate_1,candidate_5,5,0.028000000000000004
16,candidate_2,candidate_4,candidate_3,0,candidate_5,5,0.028000000000000004
17,candidate_2,candidate_4,0,candidate_1,candidate_5,5,0.028000000000000004
18,candidate_2,candidate_4,candidate_3,candidate_1,candidate_5,5,0.028000000000000004
19,candidate_2,candidate_4,candidate_3,candidate_1,candidate_5,5,0.028000000000000004
20,candidate_2,candidate_4,candidate_3,candidate_1,candidate_5,5,0.028000000000000004
21,candidate_2,candidate_4,candidate_3,candidate_1,candidate_5,5,0.028000000000000004
22,candidate_2,candidate_4,candidate_3,candidate_1,candidate_5,5,0.028000000000000004
23,candidate_2,candidate_4,candidate_3,candidate_1,candidate_5,5,0.028000000000000004
24,candidate_2,candidate_4,candidate_3,candidate_1,candidate_5,5,0.028000000000000004
25,candidate_2,candidate_4,candidate_3,candidate_1,candidate_5,5,0.028000000000000004
26,candidate_2,candidate_4,candidate_3,candidate_1,candidate_5,5,0.028000000000000004
27,candidate_2,candidate_4,candidate_3,candidate_1,candidate_5,5,0.028000000000000004
28,candidate_2,candidate_4,candidate_3,candidate_1,candidate_5,5,0.028000000000000004
29,candidate_2,candidate_4,candidate_3,candidate_1,candidate_5,5,0.028000000000000004
30,candidate_2,candidate_4,candidate_3,candidate_1,candidate_5,5,0.028000000000000004
31,candidate_2,candidate_4,candidate_3,candidate_1,candidate_5,5,0.028000000000000004
32,candidate_2,candidate_4,candidate_3,candidate_1,candidate_5,5,0.028000000000000004
33,candidate_2,candidate_4,candidate_3,candidate_1,candidate_5,5,0.028000000000000004
34,candidate_2,candidate_4,0,candidate_1,candidate_5,5,0.028000000000000004
35,candidate_2,candidate_4,candidate_3,candidate_1,candidate_5,5,0.028000000000000004
36,candidate_2,0,candidate_3,candidate_1,candidate_5,5,0.028000000000000004
37,candidate_2,candidate_4,candidate_3,candidate_1,0,5,0.028000000000000004
38,candidate_2,candidate_4,candidate_3,candidate_1,candidate_5,5,0.028000000000000004
39,candidate_2,candidate_4,candidate_3,candidate_1,candidate_5,5,0.028000000000000004
40,candidate_2,candidate_4,candidate_3,candidate_1,candidate_5,5,0.028000000000000004
41,candidate_2,candidate_4,candidate_3,candidate_1,candidate_5,5,0.028000000000000004
42,candidate_2,candidate_4,candidate_3,candidate_1,candidate_5,5,0.028000000000000004
43,candidate_2,candidate_4,candidate_3,candidate_1,candidate_5,5,0.028000000000000004
44,candidate_2,0,candidate_3,candidate_1,candidate_5,5,0.028000000000000004
45,candidate_2,candidate_4,candidate_3,candidate_1,candidate_5,5,0.028000000000000004
46,candidate_2,candidate_4,candidate_3,candidate_1,0,5,0.028000000000000004
47,candidate_2,candidate_4,candidate_3,candidate_1,candidate_5,5,0.028000000000000004
48,candidate_2,candidate_4,candidate_3,candidate_1,candidate_5,5,0.028000000000000004
49,candidate_2,candidate_4,candidate_3,candidate_1,candidate_5,5,0.028000000000000004
50,candidate_2,candidate_4,candidate_3,candidate_1,candidate_5,5,0.028000000000000004
51,candidate_2,candidate_4,candidate_3,candidate_1,candidate_5,5,0.028000000000000004
52,candidate_2,candidate_4,candidate_3,candidate_1,candidate_5,5,0.028000000000000004
53,candidate_2,candidate_4,0,candidate_1,candidate_5,5,0.028000000000000004
54,candidate_2,candidate_4,candidate_3,candidate_1,candidate_5,5,0.028000000000000004
55,candidate_2,candidate_4,candidate_3,candidate_1,candidate_5,5,0.028000000000000004
56,candidate_2,candidate_4,candidate_3,candidate_1,candidate_5,5,0.028000000000000004
57,candidate_2,candidate_4,candidate_3,candidate_1,candidate_5,5,0.028000000000000004
58,candidate_2,candidate_4,candidate_3,candidate_1,candidate_5,5,0.028000000000000004
59,candidate_2,candidate_4,candidate_3,candidate_1,candidate_5,5,0.028000000000000004
60,candidate_2,candidate_4,candidate_3,candidate_1,candidate_5,5,0.028000000000000004
61,candidate_2,candidate_4,candidate_3,candidate_1,candidate_5,5,0.028000000000000004
62,candidate_2,candidate_4,candidate_3,candidate_1,candidate_5,5,0.028000000000000004
63,candidate_2,candidate_4,candidate_3,candidate_1,candidate_5,5,0.028000000000000004
64,candidate_2,candidate_4,candidate_3,candidate_1,candidate_5,5,0.028000000000000004
65,candidate_2,candidate_4,candidate_3,candidate_1,candidate_5,5,0.028000000000000004
66,candidate_2,candidate_4,candidate_3,candidate_1,candidate_5,5,0.028000000000000004
67,candidate_2,candidate_4,candidate_3,candidate_1,candidate_5,5,0.028000000000000004
68,0,candidate_4,candidate_3,candidate_1,candidate_5,5,0.028000000000000004
69,candidate_2,candidate_4,candidate_3,candidate_1,candidate_5,5,0.028000000000000004
70,candidate_2,candidate_4,candidate_3,0,candidate_5,5,0.028000000000000004
71,candidate_2,candidate_4,candidate_3,0,candidate_5,5,0.028000000000000004
72,candidate_2,candidate_4,candidate_3,candidate_1,candidate_5,5,0.028000000000000004
73,candidate_2,candidate_4,candidate_3,candidate_1,candidate_5,5,0.028000000000000004
74,candidate_2,candidate_4,candidate_3,candidate_1,candidate_5,5,0.028000000000000004
75,candidate_2,candidate_4,candidate_3,candidate_1,candidate_5,5,0.028000000000000004
76,candidate_2,candidate_4,candidate_3,candidate_1,candidate_5,5,0.028000000000000004
77,candidate_2,candidate_4,candidate_3,candidate_1,0,5,0.028000000000000004
78,candidate_2,candidate_4,candidate_3,candidate_1,candidate_5,5,0.028000000000000004
79,candidate_2,candidate_4,candidate_3,candidate_1,candidate_5,5,0.028000000000000004
80,candidate_2,candidate_4,candidate_3,candidate_1,candidate_5,5,0.028000000000000004
81,candidate_2,candidate_4,candidate_3,candidate_1,candidate_5,5,0.028000000000000004
82,candidate_2,candidate_4,candidate_3,candidate_1,candidate_5,5,0.028000000000000004
83,candidate_2,candidate_4,candidate_3,candidate_1,candidate_5,5,0.028000000000000004
84,0,candidate_4,candidate_3,candidate_1,candidate_5,5,0.028000000000000004
85,candidate_2,candidate_4,candidate_3,candidate_1,candidate_5,5,0.028000000000000004
86,candidate_2,candidate_4,candidate_3,candidate_1,candidate_5,5,0.028000000000000004
87,candidate_2,candidate_4,candidate_3,candidate_1,candidate_5,5,0.028000000000000004
88,candidate_2,candidate_4,candidate_3,candidate_1,candidate_5,5,0.028000000000000004
89,candidate_2,candidate_4,candidate_3,candidate_1,candidate_5,5,0.028000000000000004
90,candidate_2,candidate_4,candidate_3,candidate_1,candidate_5,5,0.028000000000000004
91,candidate_2,candidate_4,candidate_3,candidate_1,candidate_5,5,0.028000000000000004
92,candidate_2,candidate_4,candidate_3,candidate_1,candidate_5,5,0.028000000000000004
93,candidate_2,candidate_4,candidate_3,candidate_1,candidate_5,5,0.028000000000000004
94,candidate_2,candidate_4,candidate_3,candidate_1,candidate_5,5,0.028000000000000004
95,candidate_2,candidate_4,candidate_3,candidate_1,candidate_5,5,0.028000000000000004
96,candidate_2,candidate_4,candidate_3,candidate_1,candidate_5,5,0.028000000000000004
97,candidate_2,candidate_4,candidate_3,candidate_1,candidate_5,5,0.028000000000000004
98,candidate_2,candidate_4,candidate_3,candidate_1,candidate_5,5,0.028000000000000004
99,candidate_2,candidate_4,candidate_3,candidate_1,candidate_5,5,0.028000000000000004
100,candidate_2,candidate_4,candidate_3,candidate_1,candidate_5,5,0.028000000000000004
101,candidate_2,candidate_4,candidate_3,candidate_1,candidate_5,5,0.028000000000000004
102,candidate_2,candidate_4,candidate_3,candidate_1,candidate_5,5,0.028000000000000004
103,candidate_2,candidate_4,candidate_3,candidate_1,candidate_5,5,0.028000000000000004
104,candidate_2,candidate_4,candidate_3,candidate_1,candidate_5,5,0.028000000000000004
105,candidate_2,candidate_4,candidate_3,candidate_1,candidate_5,5,0.028000000000000004
106,candidate_2,candidate_4,candidate_3,candidate_1,candidate_5,5,0.028000000000000004
107,candidate_2,candidate_4,candidate_3,candidate_1,candidate_5,5,0.028000000000000004
108,candidate_2,candidate_4,candidate_3,candidate_1,candidate_5,5,0.028000000000000004
109,candidate_2,candidate_4,candidate_3,candidate_1,candidate_5,5,0.028000000000000004
110,candidate_2,candidate_4,candidate_3,candidate_1,candidate_5,5,0.028000000000000004
111,candidate_2,candidate_4,candidate_3,candidate_1,candidate_5,5,0.028000000000000004
112,0,candidate_4,candidate_3,candidate_1,candidate_5,5,0.028000000000000004
113,candidate_2,candidate_4,candidate_3,candidate_1,candidate_5,5,0.028000000000000004
114,candidate_2,candidate_4,candidate_3,candidate_1,candidate_5,5,0.028000000000000004
115,candidate_2,candidate_4,candidate_3,candidate_1,candidate_5,5,0.028000000000000004
116,candidate_2,candidate_4,candidate_3,candidate_1,candidate_5,5,0.028000000000000004
117,candidate_2,candidate_4,candidate_3,candidate_1,candidate_5,5,0.028000000000000004
118,candidate_2,candidate_4,candidate_3,candidate_1,candidate_5,5,0.028000000000000004
119,candidate_2,candidate_4,candidate_3,candidate_1,candidate_5,5,0.028000000000000004
120,candidate_2,candidate_4,candidate_3,candidate_1,candidate_5,5,0.028000000000000004
121,candidate_2,candidate_4,candidate_3,candidate_1,candidate_5,5,0.028000000000000004
122,candidate_2,candidate_4,candidate_3,candidate_1,candidate_5,5,0.028000000000000004
123,candidate_2,candidate_4,candidate_3,candidate_1,candidate_5,5,0.028000000000000004
124,candidate_2,candidate_4,0,candidate_1,candidate_5,5,0.028000000000000004
125,0,candidate_4,candidate_3,candidate_1,candidate_5,5,0.028000000000000004
126,candidate_2,candidate_4,candidate_3,candidate_1,candidate_5,5,0.028000000000000004
127,candidate_2,candidate_4,candidate_3,candidate_1,candidate_5,5,0.028000000000000004
128,candidate_2,candidate_4,candidate_3,candidate_1,candidate_5,5,0.028000000000000004
129,candidate_2,candidate_4,candidate_3,candidate_1,candidate_5,5,0.028000000000000004
130,candidate_2,candidate_4,candidate_3,candidate_1,candidate_5,5,0.028000000000000004
131,candidate_2,candidate_4,candidate_3,candidate_1,candidate_5,5,0.028000000000000004
132,candidate_2,candidate_4,0,candidate_1,candidate_5,5,0.028000000000000004
133,candidate_2,candidate_4,candidate_3,candidate_1,candidate_5,5,0.028000000000000004
134,candidate_2,candidate_4,candidate_3,candidate_1,candidate_5,5,0.028000000000000004
135,candidate_2,candidate_4,candidate_3,candidate_1,candidate_5,5,0.028000000000000004
136,candidate_2,candidate_4,candidate_3,candidate_1,candidate_5,5,0.028000000000000004
137,candidate_2,candidate_4,candidate_3,candidate_1,candidate_5,5,0.028000000000000004
138,candidate_2,candidate_4,candidate_3,candidate_1,0,5,0.028000000000000004
139,candidate_2,candidate_4,candidate_3,candidate_1,candidate_5,5,0.028000000000000004
140,candidate_2,candidate_4,candidate_3,0,candidate_5,5,0.028000000000000004
141,candidate_2,candidate_4,candidate_3,candidate_1,candidate_5,5,0.028000000000000004
142,candidate_2,candidate_4,candidate_3,candidate_1,candidate_5,5,0.028000000000000004
143,candidate_2,candidate_4,candidate_3,candidate_1,candidate_5,5,0.028000000000000004
144,candidate_2,candidate_4,candidate_3,candidate_1,candidate_5,5,0.028000000000000004
145,candidate_2,candidate_4,candidate_3,candidate_1,candidate_5,5,0.028000000000000004
146,candidate_2,candidate_4,candidate_3,candidate_1,candidate_5,5,0.028000000000000004
147,candidate_2,candidate_4,candidate_3,candidate_1,candidate_5,5,0.028000000000000004
148,candidate_2,candidate_4,candidate_3,candidate_1,0,5,0.028000000000000004
149,candidate_2,candidate_4,candidate_3,candidate_1,candidate_5,5,0.028000000000000004
150,candidate_2,candidate_4,candidate_3,candidate_1,candidate_5,5,0.028000000000000004
151,candidate_2,candidate_4,candidate_3,candidate_1,candidate_5,5,0.028000000000000004
152,candidate_2,candidate_4,candidate_3,candidate_1,candidate_5,5,0.028000000000000004
153,candidate_2,candidate_4,candidate_3,candidate_1,candidate_5,5,0.028000000000000004
154,candidate_2,candidate_4,candidate_3,candidate_1,candidate_5,5,0.028000000000000004
155,candidate_2,candidate_4,candidate_3,candidate_1,candidate_5,5,0.028000000000000004
156,candidate_2,candidate_4,candidate_3,candidate_1,candidate_5,5,0.028000000000000004
157,candidate_2,candidate_4,candidate_3,candidate_1,candidate_5,5,0.028000000000000004
158,candidate_2,candidate_4,candidate_3,candidate_1,candidate_5,5,0.028000000000000004
159,candidate_2,candidate_4,candidate_3,candidate_1,candidate_5,5,0.028000000000000004
160,candidate_2,candidate_4,candidate_3,0,candidate_5,5,0.028000000000000004
161,candidate_2,candidate_4,candidate_3,candidate_1,candidate_5,5,0.028000000000000004
162,candidate_2,candidate_4,candidate_3,candidate_1,candidate_5,5,0.028000000000000004
163,candidate_2,candidate_4,candidate_3,candidate_1,candidate_5,5,0.028000000000000004
164,candidate_2,candidate_4,candidate_3,candidate_1,candidate_5,5,0.028000000000000004
165,candidate_2,candidate_4,candidate_3,candidate_1,candidate_5,5,0.028000000000000004
166,candidate_2,candidate_4,candidate_3,candidate_1,candidate_5,5,0.028000000000000004
167,candidate_2,candidate_4,candidate_3,candidate_1,candidate_5,5,0.028000000000000004
168,candidate_2,candidate_4,candidate_3,candidate_1,candidate_5,5,0.028000000000000004
169,candidate_2,candidate_4,candidate_3,candidate_1,candidate_5,5,0.028000000000000004
170,candidate_2,candidate_4,candidate_3,candidate_1,candidate_5,5,0.028000000000000004
171,candidate_2,candidate_4,candidate_3,candidate_1,candidate_5,5,0.028000000000000004
172,candidate_2,candidate_4,candidate_3,candidate_1,candidate_5,5,0.028000000000000004
173,candidate_2,candidate_4,candidate_3,candidate_1,candidate_5,5,0.028000000000000004
174,candidate_2,candidate_4,candidate_3,candidate_1,candidate_5,5,0.028000000000000004
175,candidate_2,candidate_4,candidate_3,candidate_1,candidate_5,5,0.028000000000000004
176,candidate_2,candidate_4,candidate_3,candidate_1,candidate_5,5,0.028000000000000004
177,candidate_2,candidate_4,candidate_3,candidate_1,0,5,0.028000000000000004
178,candidate_2,candidate_4,candidate_3,candidate_1,candidate_5,5,0.028000000000000004
179,candidate_2,candidate_4,candidate_3,candidate_1,candidate_5,5,0.028000000000000004
180,candidate_2,candidate_4,candidate_3,candidate_1,candidate_5,5,0.028000000000000004
181,candidate_2,candidate_4,candidate_3,candidate_1,candidate_5,5,0.028000000000000004
182,candidate_2,0,candidate_3,0,candidate_5,5,0.028000000000000004
183,candidate_2,candidate_4,candidate_3,candidate_1,candidate_5,5,0.028000000000000004
184,candidate_2,candidate_4,candidate_3,candidate_1,candidate_5,5,0.028000000000000004
185,candidate_2,candidate_4,candidate_3,candidate_1,candidate_5,5,0.028000000000000004
186,candidate_2,candidate_4,candidate_3,candidate_1,candidate_5,5,0.028000000000000004
187,candidate_2,candidate_4,0,candidate_1,candidate_5,5,0.028000000000000004
188,candidate_2,candidate_4,candidate_3,0,candidate_5,5,0.028000000000000004
189,candidate_2,candidate_4,candidate_3,candidate_1,candidate_5,5,0.028000000000000004
190,candidate_2,candidate_4,candidate_3,candidate_1,candidate_5,5,0.028000000000000004
191,candidate_2,candidate_4,candidate_3,candidate_1,candidate_5,5,0.028000000000000004
192,candidate_2,candidate_4,candidate_3,candidate_1,candidate_5,5,0.028000000000000004
193,candidate_2,candidate_4,candidate_3,candidate_1,candidate_5,5,0.028000000000000004
194,candidate_2,candidate_4,candidate_3,candidate_1,candidate_5,5,0.028000000000000004
195,candidate_2,candidate_4,candidate_3,candidate_1,candidate_5,5,0.028000000000000004
196,candidate_2,candidate_4,candidate_3,candidate_1,candidate_5,5,0.028000000000000004
197,candidate_2,candidate_4,candidate_3,candidate_1,candidate_5,5,0.028000000000000004
198,candidate_2,candidate_4,candidate_3,candidate_1,candidate_5,5,0.028000000000000004
199,candidate_2,candidate_4,candidate_3,candidate_1,candidate_5,5,0.028000000000000004
200,candidate_2,candidate_4,candidate_3,candidate_1,candidate_5,5,0.028000000000000004
201,candidate_2,candidate_4,candidate_3,candidate_1,candidate_5,5,0.028000000000000004
202,candidate_2,candidate_4,candidate_3,candidate_1,candidate_5,5,0.028000000000000004
203,candidate_2,candidate_4,candidate_3,candidate_1,candidate_5,5,0.028000000000000004
204,candidate_2,candidate_4,candidate_3,candidate_1,candidate_5,5,0.028000000000000004
205,candidate_2,candidate_4,candidate_3,candidate_1,candidate_5,5,0.028000000000000004
206,candidate_2,candidate_4,candidate_3,candidate_1,candidate_5,5,0.028000000000000004
207,candidate_2,0,candidate_3,candidate_1,candidate_5,5,0.028000000000000004
208,candidate_2,candidate_4,candidate_3,candidate_1,candidate_5,5,0.028000000000000004
209,candidate_2,candidate_4,candidate_3,candidate_1,candidate_5,5,0.028000000000000004
210,candidate_2,candidate_4,candidate_3,candidate_1,candidate_5,5,0.028000000000000004
211,candidate_2,candidate_4,candidate_3,candidate_1,candidate_5,5,0.028000000000000004
212,candidate_2,candidate_4,candidate_3,candidate_1,candidate_5,5,0.028000000000000004
213,0,candidate_4,candidate_3,candidate_1,candidate_5,5,0.028000000000000004
214,candidate_2,0,candidate_3,candidate_1,candidate_5,5,0.028000000000000004
215,candidate_2,candidate_4,candidate_3,candidate_1,candidate_5,5,0.028000000000000004
216,candidate_2,candidate_4,candidate_3,candidate_1,candidate_5,5,0.028000000000000004
217,candidate_2,candidate_4,candidate_3,candidate_1,candidate_5,5,0.028000000000000004
218,candidate_2,candidate_4,candidate_3,candidate_1,candidate_5,5,0.028000000000000004
219,0,candidate_4,candidate_3,candidate_1,candidate_5,5,0.028000000000000004
220,candidate_2,candidate_4,candidate_3,candidate_1,candidate_5,5,0.028000000000000004
221,candidate_2,candidate_4,candidate_3,candidate_1,candidate_5,5,0.028000000000000004
222,candidate_2,candidate_4,candidate_3,candidate_1,candidate_5,5,0.028000000000000004
223,candidate_2,candidate_4,candidate_3,candidate_1,candidate_5,5,0.028000000000000004
224,0,candidate_4,0,candidate_1,candidate_5,5,0.028000000000000004
225,candidate_2,candidate_4,candidate_3,candidate_1,candidate_5,5,0.028000000000000004
226,candidate_2,candidate_4,candidate_3,candidate_1,candidate_5,5,0.028000000000000004
227,candidate_2,candidate_4,candidate_3,candidate_1,candidate_5,5,0.028000000000000004
228,candidate_2,candidate_4,candidate_3,candidate_1,candidate_5,5,0.028000000000000004
229,0,candidate_4,candidate_3,candidate_1,candidate_5,5,0.028000000000000004
230,candidate_2,candidate_4,candidate_3,candidate_1,candidate_5,5,0.028000000000000004
231,candidate_2,candidate_4,candidate_3,0,candidate_5,5,0.028000000000000004
232,candidate_2,candidate_4,candidate_3,candidate_1,candidate_5,5,0.028000000000000004
233,candidate_2,candidate_4,candidate_3,candidate_1,candidate_5,5,0.028000000000000004
234,candidate_2,candidate_4,candidate_3,candidate_1,candidate_5,5,0.028000000000000004
235,candidate_2,candidate_4,candidate_3,candidate_1,candidate_5,5,0.028000000000000004
236,candidate_2,candidate_4,candidate_3,candidate_1,candidate_5,5,0.028000000000000004
237,candidate_2,candidate_4,candidate_3,candidate_1,candidate_5,5,0.028000000000000004
238,candidate_2,candidate_4,0,candidate_1,candidate_5,5,0.028000000000000004
239,candidate_2,candidate_4,candidate_3,candidate_1,candidate_5,5,0.028000000000000004
240,candidate_2,candidate_4,candidate_3,candidate_1,candidate_5,5,0.028000000000000004
241,candidate_2,candidate_4,candidate_3,candidate_1,candidate_5,5,0.028000000000000004
242,candidate_2,candidate_4,candidate_3,candidate_1,candidate_5,5,0.028000000000000004
243,candidate_2,candidate_4,candidate_3,candidate_1,candidate_5,5,0.028000000000000004
244,candidate_2,candidate_4,candidate_3,candidate_1,candidate_5,5,0.028000000000000004
245,candidate_2,candidate_4,candidate_3,candidate_1,candidate_5,5,0.028000000000000004
246,candidate_2,candidate_4,candidate_3,candidate_1,candidate_5,5,0.028000000000000004
247,candidate_2,0,candidate_3,candidate_1,candidate_5,5,0.028000000000000004
248,candidate_2,candidate_4,candidate_3,candidate_1,candidate_5,5,0.028000000000000004
249,candidate_2,candidate_4,candidate_3,candidate_1,candidate_5,5,0.028000000000000004
250,candidate_2,candidate_4,candidate_3,candidate_1,candidate_5,5,0.028000000000000004
251,candidate_2,candidate_4,candidate_3,candidate_1,candidate_5,5,0.028000000000000004
252,candidate_2,candidate_4,candidate_3,candidate_1,candidate_5,5,0.028000000000000004
253,candidate_2,candidate_4,candidate_3,candidate_1,candidate_5,5,0.028000000000000004
254,candidate_2,candidate_4,candidate_3,candidate_1,candidate_5,5,0.028000000000000004
255,candidate_2,candidate_4,candidate_3,candidate_1,candidate_5,5,0.028000000000000004
256,candidate_2,candidate_4,candidate_3,candidate_1,candidate_5,5,0.028000000000000004
257,candidate_2,candidate_4,candidate_3,0,candidate_5,5,0.028000000000000004
258,candidate_2,candidate_4,candidate_3,candidate_1,candidate_5,5,0.028000000000000004
259,candidate_2,candidate_4,candidate_3,candidate_1,candidate_5,5,0.028000000000000004
260,candidate_2,candidate_4,candidate_3,candidate_1,candidate_5,5,0.028000000000000004
261,candidate_2,0,candidate_3,candidate_1,candidate_5,5,0.028000000000000004
262,candidate_2,candidate_4,candidate_3,candidate_1,candidate_5,5,0.028000000000000004
263,candidate_2,candidate_4,candidate_3,candidate_1,candidate_5,5,0.028000000000000004
264,candidate_2,candidate_4,candidate_3,candidate_1,candidate_5,5,0.028000000000000004
265,candidate_2,candidate_4,candidate_3,candidate_1,candidate_5,5,0.028000000000000004
266,candidate_2,candidate_4,candidate_3,candidate_1,candidate_5,5,0.028000000000000004
267,candidate_2,candidate_4,candidate_3,candidate_1,candidate_5,5,0.028000000000000004
268,candidate_2,candidate_4,candidate_3,candidate_1,candidate_5,5,0.028000000000000004
269,candidate_2,candidate_4,candidate_3,candidate_1,candidate_5,5,0.028000000000000004
270,candidate_2,candidate_4,candidate_3,candidate_1,candidate_5,5,0.028000000000000004
271,candidate_2,candidate_4,candidate_3,candidate_1,candidate_5,5,0.028000000000000004
272,candidate_2,candidate_4,candidate_3,candidate_1,candidate_5,5,0.028000000000000004
273,candidate_2,candidate_4,candidate_3,candidate_1,candidate_5,5,0.028000000000000004
274,candidate_2,candidate_4,candidate_3,candidate_1,candidate_5,5,0.028000000000000004
275,candidate_2,candidate_4,0,candidate_1,candidate_5,5,0.028000000000000004
276,candidate_2,candidate_4,candidate_3,candidate_1,candidate_5,5,0.028000000000000004
277,candidate_2,candidate_4,candidate_3,candidate_1,candidate_5,5,0.028000000000000004
278,candidate_2,candidate_4,candidate_3,candidate_1,0,5,0.028000000000000004
279,candidate_2,candidate_4,candidate_3,candidate_1,candidate_5,5,0.028000000000000004
280,candidate_2,candidate_4,candidate_3,candidate_1,candidate_5,5,0.028000000000000004
281,candidate_2,candidate_4,candidate_3,candidate_1,candidate_5,5,0.028000000000000004
282,candidate_2,candidate_4,candidate_3,0,candidate_5,5,0.028000000000000004
283,candidate_2,candidate_4,candidate_3,candidate_1,candidate_5,5,0.028000000000000004
284,candidate_2,candidate_4,candidate_3,candidate_1,candidate_5,5,0.028000000000000004
285,candidate_2,candidate_4,candidate_3,candidate_1,candidate_5,5,0.028000000000000004
286,candidate_2,candidate_4,candidate_3,candidate_1,candidate_5,5,0.028000000000000004
287,candidate_2,0,candidate_3,candidate_1,candidate_5,5,0.028000000000000004
288,candidate_2,candidate_4,candidate_3,candidate_1,candidate_5,5,0.028000000000000004
289,candidate_2,candidate_4,candidate_3,candidate_1,candidate_5,5,0.028000000000000004
290,candidate_2,candidate_4,candidate_3,candidate_1,candidate_5,5,0.028000000000000004
291,candidate_2,candidate_4,candidate_3,candidate_1,candidate_5,5,0.028000000000000004
292,candidate_2,candidate_4,candidate_3,candidate_1,candidate_5,5,0.028000000000000004
293,candidate_2,candidate_4,candidate_3,candidate_1,candidate_5,5,0.028000000000000004
294,candidate_2,candidate_4,candidate_3,candidate_1,candidate_5,5,0.028000000000000004
295,candidate_2,candidate_4,candidate_3,candidate_1,candidate_5,5,0.028000000000000004
296,candidate_2,candidate_4,candidate_3,0,candidate_5,5,0.028000000000000004
297,candidate_2,candidate_4,candidate_3,candidate_1,candidate_5,5,0.028000000000000004
298,candidate_2,candidate_4,candidate_3,candidate_1,candidate_5,5,0.028000000000000004
299,candidate_2,candidate_4,candidate_3,candidate_1,candidate_5,5,0.028000000000000004
300,candidate_2,candidate_4,candidate_3,candidate_1,candidate_5,5,0.028000000000000004
301,candidate_2,candidate_4,candidate_3,candidate_1,candidate_5,5,0.028000000000000004
302,candidate_2,candidate_4,candidate_3,candidate_1,candidate_5,5,0.028000000000000004
303,candidate_2,candidate_4,candidate_3,candidate_1,candidate_5,5,0.028000000000000004
304,candidate_2,candidate_4,candidate_3,candidate_1,candidate_5,5,0.028000000000000004
305,candidate_2,candidate_4,candidate_3,candidate_1,candidate_5,5,0.028000000000000004
306,candidate_2,candidate_4,candidate_3,candidate_1,candidate_5,5,0.028000000000000004
307,candidate_2,candidate_4,candidate_3,candidate_1,candidate_5,5,0.028000000000000004
308,candidate_2,candidate_4,candidate_3,candidate_1,candidate_5,5,0.028000000000000004
309,candidate_2,candidate_4,candidate_3,candidate_1,candidate_5,5,0.028000000000000004
310,candidate_2,candidate_4,candidate_3,candidate_1,candidate_5,5,0.028000000000000004
311,candidate_2,candidate_4,candidate_3,candidate_1,candidate_5,5,0.028000000000000004
312,candidate_2,candidate_4,candidate_3,candidate_1,candidate_5,5,0.028000000000000004
313,candidate_2,candidate_4,candidate_3,candidate_1,candidate_5,5,0.028000000000000004
314,candidate_2,candidate_4,candidate_3,candidate_1,candidate_5,5,0.028000000000000004
315,candidate_2,candidate_4,candidate_3,candidate_1,candidate_5,5,0.028000000000000004
316,candidate_2,candidate_4,candidate_3,candidate_1,candidate_5,5,0.028000000000000004
317,candidate_2,candidate_4,candidate_3,candidate_1,candidate_5,5,0.028000000000000004
318,candidate_2,candidate_4,candidate_3,candidate_1,candidate_5,5,0.028000000000000004
319,candidate_2,candidate_4,candidate_3,candidate_1,candidate_5,5,0.028000000000000004
320,candidate_2,candidate_4,candidate_3,candidate_1,0,5,0.028000000000000004
321,candidate_2,candidate_4,candidate_3,candidate_1,candidate_5,5,0.028000000000000004
322,candidate_2,candidate_4,candidate_3,candidate_1,candidate_5,5,0.028000000000000004
323,candidate_2,candidate_4,candidate_3,candidate_1,candidate_5,5,0.028000000000000004
324,candidate_2,candidate_4,candidate_3,candidate_1,candidate_5,5,0.028000000000000004
325,candidate_2,candidate_4,candidate_3,candidate_1,candidate_5,5,0.028000000000000004
0,candidate_2,candidate_4,candidate_3,candidate_5,candidate_1,5,0.028000000000000004
1,candidate_2,candidate_4,candidate_3,candidate_5,candidate_1,5,0.028000000000000004
2,candidate_2,candidate_4,candidate_3,candidate_5,candidate_1,5,0.028000000000000004
3,candidate_2,candidate_4,candidate_3,candidate_5,candidate_1,5,0.028000000000000004
4,candidate_2,candidate_4,candidate_3,candidate_5,candidate_1,5,0.028000000000000004
5,candidate_2,candidate_4,candidate_3,candidate_5,candidate_1,5,0.028000000000000004
6,candidate_2,candidate_4,0,candidate_5,candidate_1,5,0.028000000000000004
7,candidate_2,candidate_4,candidate_3,candidate_5,candidate_1,5,0.028000000000000004
8,candidate_2,candidate_4,candidate_3,candidate_5,candidate_1,5,0.028000000000000004
9,candidate_2,candidate_4,candidate_3,candidate_5,candidate_1,5,0.028000000000000004
10,candidate_2,candidate_4,candidate_3,candidate_5,candidate_1,5,0.028000000000000004
11,candidate_2,candidate_4,candidate_3,candidate_5,candidate_1,5,0.028000000000000004
12,candidate_2,candidate_4,candidate_3,candidate_5,candidate_1,5,0.028000000000000004
13,candidate_2,candidate_4,candidate_3,candidate_5,candidate_1,5,0.028000000000000004
14,candidate_2,candidate_4,candidate_3,candidate_5,candidate_1,5,0.028000000000000004
15,candidate_2,candidate_4,candidate_3,candidate_5,candidate_1,5,0.028000000000000004
16,candidate_2,candidate_4,0,candidate_5,candidate_1,5,0.028000000000000004
17,candidate_2,candidate_4,candidate_3,candidate_5,candidate_1,5,0.028000000000000004
18,candidate_2,candidate_4,candidate_3,candidate_5,candidate_1,5,0.028000000000000004
19,candidate_2,candidate_4,candidate_3,0,candidate_1,5,0.028000000000000004
20,candidate_2,candidate_4,candidate_3,candidate_5,candidate_1,5,0.028000000000000004
21,candidate_2,candidate_4,candidate_3,candidate_5,candidate_1,5,0.028000000000000004
22,0,candidate_4,0,candidate_5,candidate_1,5,0.028000000000000004
23,candidate_2,candidate_4,candidate_3,candidate_5,candidate_1,5,0.028000000000000004
24,candidate_2,candidate_4,candidate_3,candidate_5,candidate_1,5,0.028000000000000004
25,candidate_2,candidate_4,candidate_3,candidate_5,candidate_1,5,0.028000000000000004
26,candidate_2,candidate_4,candidate_3,candidate_5,candidate_1,5,0.028000000000000004
27,candidate_2,candidate_4,candidate_3,candidate_5,candidate_1,5,0.028000000000000004
28,candidate_2,candidate_4,candidate_3,candidate_5,candidate_1,5,0.028000000000000004
29,candidate_2,candidate_4,candidate_3,candidate_5,candidate_1,5,0.028000000000000004
30,candidate_2,candidate_4,candidate_3,candidate_5,candidate_1,5,0.028000000000000004
31,candidate_2,candidate_4,candidate_3,candidate_5,candidate_1,5,0.028000000000000004
32,candidate_2,candidate_4,candidate_3,candidate_5,candidate_1,5,0.028000000000000004
33,candidate_2,candidate_4,candidate_3,candidate_5,candidate_1,5,0.028000000000000004
34,candidate_2,candidate_4,candidate_3,candidate_5,candidate_1,5,0.028000000000000004
35,candidate_2,candidate_4,candidate_3,candidate_5,candidate_1,5,0.028000000000000004
36,candidate_2,candidate_4,candidate_3,candidate_5,candidate_1,5,0.028000000000000004
37,candidate_2,candidate_4,candidate_3,candidate_5,candidate_1,5,0.028000000000000004
38,candidate_2,candidate_4,candidate_3,candidate_5,candidate_1,5,0.028000000000000004
39,candidate_2,candidate_4,candidate_3,candidate_5,candidate_1,5,0.028000000000000004
40,candidate_2,candidate_4,candidate_3,candidate_5,candidate_1,5,0.028000000000000004
41,candidate_2,candidate_4,candidate_3,candidate_5,candidate_1,5,0.028000000000000004
42,candidate_2,0,candidate_3,candidate_5,candidate_1,5,0.028000000000000004
43,candidate_2,candidate_4,candidate_3,candidate_5,candidate_1,5,0.028000000000000004
44,candidate_2,candidate_4,candidate_3,candidate_5,candidate_1,5,0.028000000000000004
45,candidate_2,candidate_4,candidate_3,candidate_5,candidate_1,5,0.028000000000000004
46,candidate_2,candidate_4,candidate_3,candidate_5,candidate_1,5,0.028000000000000004
47,candidate_2,candidate_4,candidate_3,candidate_5,candidate_1,5,0.028000000000000004
48,candidate_2,candidate_4,candidate_3,candidate_5,candidate_1,5,0.028000000000000004
49,candidate_2,candidate_4,candidate_3,candidate_5,candidate_1,5,0.028000000000000004
50,candidate_2,candidate_4,candidate_3,candidate_5,candidate_1,5,0.028000000000000004
51,candidate_2,candidate_4,candidate_3,candidate_5,candidate_1,5,0.028000000000000004
52,candidate_2,candidate_4,candidate_3,candidate_5,candidate_1,5,0.028000000000000004
53,candidate_2,candidate_4,candidate_3,candidate_5,candidate_1,5,0.028000000000000004
54,candidate_2,candidate_4,candidate_3,candidate_5,candidate_1,5,0.028000000000000004
55,candidate_2,candidate_4,candidate_3,candidate_5,candidate_1,5,0.028000000000000004
56,candidate_2,candidate_4,candidate_3,candidate_5,candidate_1,5,0.028000000000000004
57,candidate_2,candidate_4,candidate_3,candidate_5,candidate_1,5,0.028000000000000004
58,candidate_2,candidate_4,candidate_3,candidate_5,candidate_1,5,0.028000000000000004
59,candidate_2,candidate_4,candidate_3,candidate_5,candidate_1,5,0.028000000000000004
60,candidate_2,candidate_4,0,candidate_5,candidate_1,5,0.028000000000000004
61,candidate_2,candidate_4,candidate_3,candidate_5,candidate_1,5,0.028000000000000004
62,candidate_2,candidate_4,candidate_3,candidate_5,candidate_1,5,0.028000000000000004
63,candidate_2,candidate_4,candidate_3,candidate_5,candidate_1,5,0.028000000000000004
64,candidate_2,candidate_4,candidate_3,candidate_5,candidate_1,5,0.028000000000000004
65,candidate_2,candidate_4,candidate_3,candidate_5,candidate_1,5,0.028000000000000004
66,candidate_2,candidate_4,candidate_3,candidate_5,candidate_1,5,0.028000000000000004
67,candidate_2,candidate_4,candidate_3,candidate_5,candidate_1,5,0.028000000000000004
68,candidate_2,candidate_4,candidate_3,candidate_5,candidate_1,5,0.028000000000000004
69,candidate_2,candidate_4,candidate_3,candidate_5,candidate_1,5,0.028000000000000004
70,candidate_2,candidate_4,candidate_3,candidate_5,candidate_1,5,0.028000000000000004
71,candidate_2,candidate_4,candidate_3,0,candidate_1,5,0.028000000000000004
72,candidate_2,candidate_4,candidate_3,candidate_5,candidate_1,5,0.028000000000000004
73,candidate_2,candidate_4,candidate_3,candidate_5,candidate_1,5,0.028000000000000004
74,candidate_2,candidate_4,candidate_3,candidate_5,0,5,0.028000000000000004
75,candidate_2,candidate_4,candidate_3,candidate_5,candidate_1,5,0.028000000000000004
76,candidate_2,candidate_4,candidate_3,candidate_5,candidate_1,5,0.028000000000000004
77,candidate_2,candidate_4,candidate_3,candidate_5,candidate_1,5,0.028000000000000004
78,candidate_2,candidate_4,candidate_3,candidate_5,candidate_1,5,0.028000000000000004
79,candidate_2,candidate_4,candidate_3,candidate_5,candidate_1,5,0.028000000000000004
80,candidate_2,candidate_4,candidate_3,candidate_5,candidate_1,5,0.028000000000000004
81,candidate_2,candidate_4,candidate_3,candidate_5,candidate_1,5,0.028000000000000004
82,candidate_2,candidate_4,candidate_3,candidate_5,candidate_1,5,0.028000000000000004
83,candidate_2,candidate_4,candidate_3,candidate_5,candidate_1,5,0.028000000000000004
84,candidate_2,candidate_4,candidate_3,candidate_5,candidate_1,5,0.028000000000000004
85,candidate_2,candidate_4,candidate_3,candidate_5,candidate_1,5,0.028000000000000004
86,candidate_2,candidate_4,candidate_3,candidate_5,candidate_1,5,0.028000000000000004
87,candidate_2,candidate_4,candidate_3,candidate_5,candidate_1,5,0.028000000000000004
88,candidate_2,candidate_4,0,candidate_5,candidate_1,5,0.028000000000000004
89,candidate_2,candidate_4,candidate_3,candidate_5,candidate_1,5,0.028000000000000004
90,candidate_2,candidate_4,candidate_3,candidate_5,candidate_1,5,0.028000000000000004
91,candidate_2,candidate_4,candidate_3,candidate_5,candidate_1,5,0.028000000000000004
92,candidate_2,candidate_4,candidate_3,candidate_5,candidate_1,5,0.028000000000000004
93,candidate_2,candidate_4,candidate_3,candidate_5,candidate_1,5,0.028000000000000004
94,candidate_2,candidate_4,candidate_3,candidate_5,candidate_1,5,0.028000000000000004
95,candidate_2,candidate_4,candidate_3,candidate_5,candidate_1,5,0.028000000000000004
96,candidate_2,candidate_4,candidate_3,candidate_5,candidate_1,5,0.028000000000000004
97,candidate_2,candidate_4,candidate_3,candidate_5,candidate_1,5,0.028000000000000004
98,candidate_2,candidate_4,candidate_3,candidate_5,candidate_1,5,0.028000000000000004
99,candidate_2,candidate_4,candidate_3,candidate_5,candidate_1,5,0.028000000000000004
100,candidate_2,candidate_4,candidate_3,candidate_5,candidate_1,5,0.028000000000000004
101,candidate_2,candidate_4,candidate_3,candidate_5,candidate_1,5,0.028000000000000004
102,candidate_2,candidate_4,candidate_3,candidate_5,candidate_1,5,0.028000000000000004
103,candidate_2,candidate_4,candidate_3,candidate_5,candidate_1,5,0.028000000000000004
104,candidate_2,candidate_4,candidate_3,candidate_5,candidate_1,5,0.028000000000000004
105,candidate_2,candidate_4,candidate_3,candidate_5,candidate_1,5,0.028000000000000004
106,candidate_2,candidate_4,candidate_3,candidate_5,candidate_1,5,0.028000000000000004
107,candidate_2,candidate_4,candidate_3,candidate_5,candidate_1,5,0.028000000000000004
108,candidate_2,0,candidate_3,candidate_5,candidate_1,5,0.028000000000000004
109,candidate_2,candidate_4,candidate_3,candidate_5,candidate_1,5,0.028000000000000004
110,candidate_2,candidate_4,candidate_3,candidate_5,candidate_1,5,0.028000000000000004
111,candidate_2,0,candidate_3,candidate_5,candidate_1,5,0.028000000000000004
112,candidate_2,candidate_4,candidate_3,candidate_5,candidate_1,5,0.028000000000000004
113,candidate_2,candidate_4,candidate_3,candidate_5,candidate_1,5,0.028000000000000004
114,candidate_2,candidate_4,0,candidate_5,candidate_1,5,0.028000000000000004
115,candidate_2,candidate_4,candidate_3,candidate_5,candidate_1,5,0.028000000000000004
116,candidate_2,candidate_4,candidate_3,candidate_5,candidate_1,5,0.028000000000000004
117,candidate_2,candidate_4,candidate_3,candidate_5,candidate_1,5,0.028000000000000004
118,candidate_2,candidate_4,candidate_3,candidate_5,candidate_1,5,0.028000000000000004
119,candidate_2,candidate_4,candidate_3,candidate_5,candidate_1,5,0.028000000000000004
120,candidate_2,0,candidate_3,candidate_5,candidate_1,5,0.028000000000000004
121,candidate_2,candidate_4,candidate_3,candidate_5,candidate_1,5,0.028000000000000004
122,candidate_2,candidate_4,candidate_3,candidate_5,candidate_1,5,0.028000000000000004
123,candidate_2,candidate_4,candidate_3,candidate_5,candidate_1,5,0.028000000000000004
124,candidate_2,candidate_4,candidate_3,candidate_5,candidate_1,5,0.028000000000000004
125,candidate_2,candidate_4,candidate_3,candidate_5,candidate_1,5,0.028000000000000004
126,candidate_2,candidate_4,candidate_3,candidate_5,candidate_1,5,0.028000000000000004
127,candidate_2,candidate_4,candidate_3,candidate_5,candidate_1,5,0.028000000000000004
128,candidate_2,candidate_4,candidate_3,candidate_5,candidate_1,5,0.028000000000000004
129,candidate_2,candidate_4,candidate_3,candidate_5,candidate_1,5,0.028000000000000004
130,candidate_2,candidate_4,candidate_3,candidate_5,candidate_1,5,0.028000000000000004
131,candidate_2,candidate_4,candidate_3,candidate_5,candidate_1,5,0.028000000000000004
132,candidate_2,candidate_4,candidate_3,candidate_5,0,5,0.028000000000000004
133,candidate_2,candidate_4,candidate_3,candidate_5,candidate_1,5,0.028000000000000004
134,candidate_2,candidate_4,candidate_3,candidate_5,candidate_1,5,0.028000000000000004
135,candidate_2,candidate_4,candidate_3,candidate_5,candidate_1,5,0.028000000000000004
136,candidate_2,candidate_4,candidate_3,candidate_5,candidate_1,5,0.028000000000000004
137,candidate_2,candidate_4,candidate_3,candidate_5,candidate_1,5,0.028000000000000004
138,candidate_2,candidate_4,0,candidate_5,candidate_1,5,0.028000000000000004
139,candidate_2,candidate_4,candidate_3,candidate_5,candidate_1,5,0.028000000000000004
140,candidate_2,candidate_4,candidate_3,candidate_5,candidate_1,5,0.028000000000000004
141,candidate_2,candidate_4,candidate_3,candidate_5,candidate_1,5,0.028000000000000004
142,candidate_2,candidate_4,candidate_3,candidate_5,candidate_1,5,0.028000000000000004
143,candidate_2,candidate_4,candidate_3,candidate_5,0,5,0.028000000000000004
144,candidate_2,candidate_4,candidate_3,candidate_5,candidate_1,5,0.028000000000000004
145,candidate_2,candidate_4,candidate_3,candidate_5,candidate_1,5,0.028000000000000004
146,candidate_2,candidate_4,candidate_3,candidate_5,candidate_1,5,0.028000000000000004
147,candidate_2,candidate_4,candidate_3,candidate_5,candidate_1,5,0.028000000000000004
148,candidate_2,candidate_4,candidate_3,candidate_5,candidate_1,5,0.028000000000000004
149,candidate_2,candidate_4,candidate_3,candidate_5,candidate_1,5,0.028000000000000004
150,candidate_2,candidate_4,candidate_3,candidate_5,candidate_1,5,0.028000000000000004
151,candidate_2,candidate_4,candidate_3,candidate_5,candidate_1,5,0.028000000000000004
152,candidate_2,candidate_4,candidate_3,candidate_5,candidate_1,5,0.028000000000000004
153,candidate_2,candidate_4,candidate_3,candidate_5,candidate_1,5,0.028000000000000004
154,0,0,candidate_3,candidate_5,candidate_1,5,0.028000000000000004
155,candidate_2,candidate_4,candidate_3,candidate_5,candidate_1,5,0.028000000000000004
156,candidate_2,candidate_4,candidate_3,candidate_5,candidate_1,5,0.028000000000000004
157,candidate_2,candidate_4,candidate_3,candidate_5,candidate_1,5,0.028000000000000004
158,candidate_2,candidate_4,candidate_3,candidate_5,candidate_1,5,0.028000000000000004
159,candidate_2,candidate_4,candidate_3,candidate_5,candidate_1,5,0.028000000000000004
160,candidate_2,candidate_4,candidate_3,candidate_5,candidate_1,5,0.028000000000000004
161,candidate_2,candidate_4,0,candidate_5,candidate_1,5,0.028000000000000004
162,candidate_2,0,candidate_3,candidate_5,candidate_1,5,0.028000000000000004
163,candidate_2,candidate_4,candidate_3,candidate_5,candidate_1,5,0.028000000000000004
164,candidate_2,candidate_4,candidate_3,candidate_5,candidate_1,5,0.028000000000000004
165,candidate_2,candidate_4,candidate_3,candidate_5,candidate_1,5,0.028000000000000004
166,candidate_2,candidate_4,candidate_3,candidate_5,candidate_1,5,0.028000000000000004
167,candidate_2,candidate_4,candidate_3,0,candidate_1,5,0.028000000000000004
168,candidate_2,candidate_4,candidate_3,candidate_5,candidate_1,5,0.028000000000000004
169,candidate_2,candidate_4,candidate_3,candidate_5,candidate_1,5,0.028000000000000004
170,candidate_2,candidate_4,candidate_3,candidate_5,candidate_1,5,0.028000000000000004
171,candidate_2,candidate_4,candidate_3,candidate_5,candidate_1,5,0.028000000000000004
172,candidate_2,candidate_4,candidate_3,candidate_5,candidate_1,5,0.028000000000000004
173,candidate_2,candidate_4,candidate_3,candidate_5,candidate_1,5,0.028000000000000004
174,candidate_2,candidate_4,candidate_3,candidate_5,candidate_1,5,0.028000000000000004
175,candidate_2,candidate_4,candidate_3,candidate_5,candidate_1,5,0.028000000000000004
176,candidate_2,candidate_4,candidate_3,candidate_5,candidate_1,5,0.028000000000000004
177,candidate_2,candidate_4,candidate_3,candidate_5,candidate_1,5,0.028000000000000004
178,candidate_2,candidate_4,candidate_3,candidate_5,candidate_1,5,0.028000000000000004
179,candidate_2,candidate_4,0,candidate_5,candidate_1,5,0.028000000000000004
180,candidate_2,candidate_4,candidate_3,candidate_5,candidate_1,5,0.028000000000000004
181,candidate_2,candidate_4,candidate_3,candidate_5,candidate_1,5,0.028000000000000004
182,candidate_2,candidate_4,candidate_3,candidate_5,candidate_1,5,0.028000000000000004
183,candidate_2,candidate_4,candidate_3,candidate_5,candidate_1,5,0.028000000000000004
184,candidate_2,candidate_4,candidate_3,candidate_5,0,5,0.028000000000000004
185,candidate_2,candidate_4,candidate_3,0,candidate_1,5,0.028000000000000004
186,candidate_2,candidate_4,candidate_3,candidate_5,candidate_1,5,0.028000000000000004
187,candidate_2,candidate_4,candidate_3,candidate_5,candidate_1,5,0.028000000000000004
188,0,candidate_4,candidate_3,candidate_5,candidate_1,5,0.028000000000000004
189,candidate_2,candidate_4,candidate_3,candidate_5,candidate_1,5,0.028000000000000004
190,candidate_2,candidate_4,0,candidate_5,candidate_1,5,0.028000000000000004
191,candidate_2,candidate_4,candidate_3,candidate_5,candidate_1,5,0.028000000000000004
192,candidate_2,candidate_4,candidate_3,candidate_5,candidate_1,5,0.028000000000000004
193,candidate_2,candidate_4,candidate_3,candidate_5,candidate_1,5,0.028000000000000004
194,candidate_2,candidate_4,candidate_3,candidate_5,candidate_1,5,0.028000000000000004
195,candidate_2,candidate_4,candidate_3,candidate_5,candidate_1,5,0.028000000000000004
196,candidate_2,candidate_4,candidate_3,candidate_5,candidate_1,5,0.028000000000000004
197,candidate_2,candidate_4,candidate_3,candidate_5,candidate_1,5,0.028000000000000004
198,candidate_2,candidate_4,candidate_3,candidate_5,candidate_1,5,0.028000000000000004
199,candidate_2,candidate_4,candidate_3,candidate_5,candidate_1,5,0.028000000000000004
200,candidate_2,candidate_4,candidate_3,candidate_5,candidate_1,5,0.028000000000000004
201,candidate_2,candidate_4,candidate_3,candidate_5,candidate_1,5,0.028000000000000004
202,candidate_2,candidate_4,candidate_3,candidate_5,candidate_1,5,0.028000000000000004
203,candidate_2,candidate_4,candidate_3,candidate_5,candidate_1,5,0.028000000000000004
204,candidate_2,candidate_4,candidate_3,candidate_5,candidate_1,5,0.028000000000000004
205,candidate_2,candidate_4,candidate_3,candidate_5,candidate_1,5,0.028000000000000004
206,candidate_2,candidate_4,candidate_3,candidate_5,candidate_1,5,0.028000000000000004
207,candidate_2,candidate_4,candidate_3,candidate_5,candidate_1,5,0.028000000000000004
208,candidate_2,candidate_4,candidate_3,candidate_5,candidate_1,5,0.028000000000000004
209,candidate_2,candidate_4,candidate_3,candidate_5,candidate_1,5,0.028000000000000004
210,candidate_2,candidate_4,candidate_3,candidate_5,candidate_1,5,0.028000000000000004
211,candidate_2,candidate_4,candidate_3,candidate_5,candidate_1,5,0.028000000000000004
212,candidate_2,candidate_4,candidate_3,candidate_5,candidate_1,5,0.028000000000000004
213,candidate_2,candidate_4,candidate_3,0,candidate_1,5,0.028000000000000004
214,candidate_2,candidate_4,candidate_3,candidate_5,candidate_1,5,0.028000000000000004
215,candidate_2,candidate_4,candidate_3,candidate_5,candidate_1,5,0.028000000000000004
216,candidate_2,candidate_4,candidate_3,candidate_5,candidate_1,5,0.028000000000000004
217,candidate_2,candidate_4,candidate_3,candidate_5,candidate_1,5,0.028000000000000004
218,candidate_2,candidate_4,candidate_3,candidate_5,candidate_1,5,0.028000000000000004
219,candidate_2,candidate_4,candidate_3,0,candidate_1,5,0.028000000000000004
220,candidate_2,candidate_4,candidate_3,candidate_5,candidate_1,5,0.028000000000000004
221,candidate_2,candidate_4,candidate_3,candidate_5,candidate_1,5,0.028000000000000004
222,candidate_2,candidate_4,candidate_3,candidate_5,candidate_1,5,0.028000000000000004
223,0,candidate_4,candidate_3,candidate_5,candidate_1,5,0.028000000000000004
224,candidate_2,candidate_4,candidate_3,candidate_5,candidate_1,5,0.028000000000000004
225,candidate_2,candidate_4,candidate_3,candidate_5,candidate_1,5,0.028000000000000004
226,candidate_2,candidate_4,candidate_3,candidate_5,candidate_1,5,0.028000000000000004
227,candidate_2,candidate_4,candidate_3,candidate_5,candidate_1,5,0.028000000000000004
228,candidate_2,candidate_4,candidate_3,candidate_5,candidate_1,5,0.028000000000000004
229,candidate_2,candidate_4,candidate_3,candidate_5,candidate_1,5,0.028000000000000004
230,candidate_2,0,candidate_3,candidate_5,candidate_1,5,0.028000000000000004
231,candidate_2,candidate_4,candidate_3,candidate_5,candidate_1,5,0.028000000000000004
232,candidate_2,candidate_4,candidate_3,candidate_5,candidate_1,5,0.028000000000000004
233,candidate_2,candidate_4,candidate_3,candidate_5,candidate_1,5,0.028000000000000004
234,candidate_2,candidate_4,candidate_3,candidate_5,candidate_1,5,0.028000000000000004
235,candidate_2,candidate_4,candidate_3,candidate_5,candidate_1,5,0.028000000000000004
236,candidate_2,candidate_4,candidate_3,candidate_5,candidate_1,5,0.028000000000000004
237,candidate_2,candidate_4,candidate_3,candidate_5,candidate_1,5,0.028000000000000004
238,candidate_2,candidate_4,candidate_3,candidate_5,candidate_1,5,0.028000000000000004
239,candidate_2,candidate_4,candidate_3,candidate_5,candidate_1,5,0.028000000000000004
240,candidate_2,candidate_4,0,candidate_5,candidate_1,5,0.028000000000000004
241,candidate_2,candidate_4,candidate_3,candidate_5,candidate_1,5,0.028000000000000004
242,candidate_2,candidate_4,candidate_3,candidate_5,candidate_1,5,0.028000000000000004
243,candidate_2,candidate_4,candidate_3,candidate_5,candidate_1,5,0.028000000000000004
244,candidate_2,candidate_4,candidate_3,candidate_5,candidate_1,5,0.028000000000000004
245,candidate_2,candidate_4,candidate_3,candidate_5,candidate_1,5,0.028000000000000004
246,candidate_2,candidate_4,candidate_3,candidate_5,candidate_1,5,0.028000000000000004
247,candidate_2,candidate_4,candidate_3,candidate_5,candidate_1,5,0.028000000000000004
248,candidate_2,candidate_4,candidate_3,candidate_5,candidate_1,5,0.028000000000000004
249,candidate_2,candidate_4,candidate_3,candidate_5,candidate_1,5,0.028000000000000004
250,candidate_2,candidate_4,candidate_3,candidate_5,candidate_1,5,0.028000000000000004
251,candidate_2,candidate_4,candidate_3,candidate_5,candidate_1,5,0.028000000000000004
252,candidate_2,candidate_4,candidate_3,0,candidate_1,5,0.028000000000000004
253,candidate_2,candidate_4,candidate_3,0,candidate_1,5,0.028000000000000004
254,candidate_2,candidate_4,candidate_3,candidate_5,candidate_1,5,0.028000000000000004
255,candidate_2,candidate_4,candidate_3,candidate_5,candidate_1,5,0.028000000000000004
256,candidate_2,candidate_4,candidate_3,candidate_5,candidate_1,5,0.028000000000000004
257,candidate_2,candidate_4,candidate_3,candidate_5,candidate_1,5,0.028000000000000004
258,candidate_2,candidate_4,candidate_3,candidate_5,candidate_1,5,0.028000000000000004
259,candidate_2,candidate_4,candidate_3,candidate_5,candidate_1,5,0.028000000000000004
260,candidate_2,candidate_4,candidate_3,candidate_5,candidate_1,5,0.028000000000000004
261,candidate_2,candidate_4,candidate_3,candidate_5,candidate_1,5,0.028000000000000004
262,candidate_2,candidate_4,candidate_3,candidate_5,candidate_1,5,0.028000000000000004
263,candidate_2,candidate_4,candidate_3,candidate_5,candidate_1,5,0.028000000000000004
264,candidate_2,candidate_4,candidate_3,candidate_5,candidate_1,5,0.028000000000000004
265,candidate_2,candidate_4,candidate_3,candidate_5,candidate_1,5,0.028000000000000004
266,candidate_2,candidate_4,candidate_3,candidate_5,candidate_1,5,0.028000000000000004
267,candidate_2,candidate_4,candidate_3,candidate_5,candidate_1,5,0.028000000000000004
268,candidate_2,candidate_4,candidate_3,candidate_5,candidate_1,5,0.028000000000000004
269,0,candidate_4,candidate_3,candidate_5,candidate_1,5,0.028000000000000004
270,candidate_2,candidate_4,candidate_3,candidate_5,candidate_1,5,0.028000000000000004
271,candidate_2,candidate_4,candidate_3,candidate_5,candidate_1,5,0.028000000000000004
272,candidate_2,candidate_4,candidate_3,candidate_5,0,5,0.028000000000000004
273,candidate_2,candidate_4,candidate_3,candidate_5,candidate_1,5,0.028000000000000004
274,candidate_2,candidate_4,candidate_3,candidate_5,candidate_1,5,0.028000000000000004
275,candidate_2,candidate_4,candidate_3,candidate_5,candidate_1,5,0.028000000000000004
276,candidate_2,candidate_4,candidate_3,candidate_5,candidate_1,5,0.028000000000000004
277,candidate_2,candidate_4,candidate_3,candidate_5,0,5,0.028000000000000004
278,candidate_2,candidate_4,candidate_3,candidate_5,candidate_1,5,0.028000000000000004
279,candidate_2,candidate_4,candidate_3,candidate_5,candidate_1,5,0.028000000000000004
280,candidate_2,candidate_4,candidate_3,candidate_5,candidate_1,5,0.028000000000000004
281,candidate_2,candidate_4,candidate_3,candidate_5,candidate_1,5,0.028000000000000004
282,candidate_2,candidate_4,candidate_3,candidate_5,candidate_1,5,0.028000000000000004
283,candidate_2,candidate_4,candidate_3,candidate_5,candidate_1,5,0.028000000000000004
284,candidate_2,0,candidate_3,candidate_5,candidate_1,5,0.028000000000000004
285,candidate_2,candidate_4,candidate_3,candidate_5,candidate_1,5,0.028000000000000004
286,candidate_2,candidate_4,candidate_3,candidate_5,candidate_1,5,0.028000000000000004
287,candidate_2,candidate_4,candidate_3,candidate_5,candidate_1,5,0.028000000000000004
288,0,candidate_4,candidate_3,0,candidate_1,5,0.028000000000000004
289,candidate_2,candidate_4,candidate_3,candidate_5,candidate_1,5,0.028000000000000004
290,candidate_2,candidate_4,candidate_3,candidate_5,candidate_1,5,0.028000000000000004
291,candidate_2,candidate_4,candidate_3,candidate_5,candidate_1,5,0.028000000000000004
292,candidate_2,candidate_4,candidate_3,candidate_5,candidate_1,5,0.028000000000000004
293,candidate_2,candidate_4,candidate_3,0,candidate_1,5,0.028000000000000004
294,candidate_2,candidate_4,candidate_3,candidate_5,candidate_1,5,0.028000000000000004
295,candidate_2,candidate_4,0,candidate_5,candidate_1,5,0.028000000000000004
296,candidate_2,candidate_4,candidate_3,candidate_5,0,5,0.028000000000000004
297,0,candidate_4,candidate_3,candidate_5,candidate_1,5,0.028000000000000004
298,candidate_2,candidate_4,candidate_3,candidate_5,candidate_1,5,0.028000000000000004
299,candidate_2,candidate_4,candidate_3,candidate_5,candidate_1,5,0.028000000000000004
300,candidate_2,candidate_4,candidate_3,candidate_5,candidate_1,5,0.028000000000000004
301,candidate_2,candidate_4,candidate_3,candidate_5,candidate_1,5,0.028000000000000004
302,candidate_2,candidate_4,candidate_3,candidate_5,candidate_1,5,0.028000000000000004
303,candidate_2,candidate_4,candidate_3,candidate_5,candidate_1,5,0.028000000000000004
304,candidate_2,candidate_4,candidate_3,candidate_5,candidate_1,5,0.028000000000000004
305,candidate_2,candidate_4,candidate_3,candidate_5,candidate_1,5,0.028000000000000004
306,candidate_2,candidate_4,candidate_3,candidate_5,candidate_1,5,0.028000000000000004
307,candidate_2,candidate_4,candidate_3,candidate_5,candidate_1,5,0.028000000000000004
308,candidate_2,candidate_4,candidate_3,candidate_5,0,5,0.028000000000000004
309,candidate_2,candidate_4,candidate_3,candidate_5,candidate_1,5,0.028000000000000004
310,candidate_2,candidate_4,candidate_3,candidate_5,candidate_1,5,0.028000000000000004
311,candidate_2,candidate_4,candidate_3,candidate_5,candidate_1,5,0.028000000000000004
312,candidate_2,candidate_4,candidate_3,candidate_5,candidate_1,5,0.028000000000000004
313,candidate_2,candidate_4,candidate_3,candidate_5,candidate_1,5,0.028000000000000004
314,candidate_2,candidate_4,candidate_3,candidate_5,candidate_1,5,0.028000000000000004
315,candidate_2,candidate_4,candidate_3,candidate_5,candidate_1,5,0.028000000000000004
316,candidate_2,candidate_4,candidate_3,0,candidate_1,5,0.028000000000000004
317,candidate_2,candidate_4,candidate_3,candidate_5,candidate_1,5,0.028000000000000004
318,candidate_2,candidate_4,candidate_3,candidate_5,candidate_1,5,0.028000000000000004
319,candidate_2,candidate_4,candidate_3,candidate_5,candidate_1,5,0.028000000000000004
320,candidate_2,candidate_4,candidate_3,candidate_5,candidate_1,5,0.028000000000000004
321,candidate_2,candidate_4,candidate_3,candidate_5,candidate_1,5,0.028000000000000004
322,candidate_2,candidate_4,candidate_3,candidate_5,candidate_1,5,0.028000000000000004
323,candidate_2,candidate_4,candidate_3,candidate_5,candidate_1,5,0.028000000000000004
324,candidate_2,candidate_4,candidate_3,candidate_5,candidate_1,5,0.028000000000000004
325,candidate_2,candidate_4,candidate_3,candidate_5,candidate_1,5,0.028000000000000004
326,candidate_2,candidate_4,0,candidate_5,candidate_1,5,0.028000000000000004
327,candidate_2,candidate_4,candidate_3,candidate_5,candidate_1,5,0.028000000000000004
328,candidate_2,0,candidate_3,candidate_5,candidate_1,5,0.028000000000000004
329,candidate_2,0,candidate_3,candidate_5,candidate_1,5,0.028000000000000004
330,candidate_2,candidate_4,candidate_3,candidate_5,0,5,0.028000000000000004
331,candidate_2,candidate_4,candidate_3,candidate_5,0,5,0.028000000000000004
332,candidate_2,candidate_4,candidate_3,candidate_5,candidate_1,5,0.028000000000000004
333,candidate_2,candidate_4,candidate_3,candidate_5,candidate_1,5,0.028000000000000004
334,candidate_2,candidate_4,candidate_3,candidate_5,candidate_1,5,0.028000000000000004
335,candidate_2,candidate_4,candidate_3,candidate_5,candidate_1,5,0.028000000000000004
336,candidate_2,candidate_4,candidate_3,candidate_5,candidate_1,5,0.028000000000000004
337,candidate_2,candidate_4,candidate_3,candidate_5,candidate_1,5,0.028000000000000004
338,candidate_2,candidate_4,candidate_3,candidate_5,candidate_1,5,0.028000000000000004
339,candidate_2,candidate_4,candidate_3,candidate_5,candidate_1,5,0.028000000000000004
340,candidate_2,candidate_4,candidate_3,candidate_5,candidate_1,5,0.028000000000000004
341,candidate_2,candidate_4,candidate_3,candidate_5,candidate_1,5,0.028000000000000004
342,candidate_2,candidate_4,candidate_3,candidate_5,candidate_1,5,0.028000000000000004
343,candidate_2,candidate_4,candidate_3,candidate_5,candidate_1,5,0.028000000000000004
344,candidate_2,candidate_4,candidate_3,candidate_5,0,5,0.028000000000000004
345,candidate_2,candidate_4,candidate_3,candidate_5,candidate_1,5,0.028000000000000004
346,candidate_2,candidate_4,candidate_3,candidate_5,candidate_1,5,0.028000000000000004
347,candidate_2,candidate_4,candidate_3,candidate_5,candidate_1,5,0.028000000000000004
348,candidate_2,candidate_4,candidate_3,candidate_5,candidate_1,5,0.028000000000000004
349,0,candidate_4,candidate_3,candidate_5,candidate_1,5,0.028000000000000004
350,candidate_2,candidate_4,candidate_3,candidate_5,candidate_1,5,0.028000000000000004
351,candidate_2,candidate_4,candidate_3,candidate_5,candidate_1,5,0.028000000000000004
352,candidate_2,candidate_4,candidate_3,candidate_5,candidate_1,5,0.028000000000000004
353,candidate_2,candidate_4,candidate_3,candidate_5,candidate_1,5,0.028000000000000004
354,candidate_2,candidate_4,candidate_3,candidate_5,candidate_1,5,0.028000000000000004
355,candidate_2,candidate_4,candidate_3,candidate_5,candidate_1,5,0.028000000000000004
356,candidate_2,candidate_4,candidate_3,candidate_5,candidate_1,5,0.028000000000000004
357,candidate_2,candidate_4,0,candidate_5,candidate_1,5,0.028000000000000004
358,candidate_2,candidate_4,0,candidate_5,candidate_1,5,0.028000000000000004
359,candidate_2,candidate_4,candidate_3,candidate_5,candidate_1,5,0.028000000000000004
360,candidate_2,0,candidate_3,candidate_5,candidate_1,5,0.028000000000000004
361,candidate_2,candidate_4,candidate_3,candidate_5,candidate_1,5,0.028000000000000004
362,candidate_2,candidate_4,candidate_3,candidate_5,candidate_1,5,0.028000000000000004
363,candidate_2,candidate_4,0,candidate_5,candidate_1,5,0.028000000000000004
364,candidate_2,candidate_4,candidate_3,candidate_5,candidate_1,5,0.028000000000000004
365,candidate_2,candidate_4,candidate_3,candidate_5,candidate_1,5,0.028000000000000004
366,candidate_2,candidate_4,candidate_3,candidate_5,candidate_1,5,0.028000000000000004
367,candidate_2,candidate_4,candidate_3,candidate_5,candidate_1,5,0.028000000000000004
368,0,candidate_4,0,candidate_5,candidate_1,5,0.028000000000000004
369,candidate_2,candidate_4,candidate_3,candidate_5,0,5,0.028000000000000004
370,candidate_2,candidate_4,candidate_3,candidate_5,candidate_1,5,0.028000000000000004
371,candidate_2,candidate_4,candidate_3,candidate_5,candidate_1,5,0.028000000000000004
372,candidate_2,candidate_4,candidate_3,candidate_5,candidate_1,5,0.028000000000000004
373,candidate_2,candidate_4,candidate_3,candidate_5,candidate_1,5,0.028000000000000004
374,candidate_2,candidate_4,candidate_3,candidate_5,candidate_1,5,0.028000000000000004
375,candidate_2,candidate_4,candidate_3,candidate_5,candidate_1,5,0.028000000000000004
376,candidate_2,candidate_4,candidate_3,candidate_5,candidate_1,5,0.028000000000000004
377,candidate_2,candidate_4,candidate_3,candidate_5,candidate_1,5,0.028000000000000004
378,candidate_2,candidate_4,candidate_3,candidate_5,candidate_1,5,0.028000000000000004
379,candidate_2,candidate_4,candidate_3,candidate_5,candidate_1,5,0.028000000000000004
380,candidate_2,candidate_4,candidate_3,candidate_5,candidate_1,5,0.028000000000000004
381,candidate_2,candidate_4,candidate_3,candidate_5,candidate_1,5,0.028000000000000004
382,candidate_2,candidate_4,candidate_3,candidate_5,candidate_1,5,0.028000000000000004
383,candidate_2,candidate_4,candidate_3,candidate_5,candidate_1,5,0.028000000000000004
384,candidate_2,candidate_4,candidate_3,candidate_5,candidate_1,5,0.028000000000000004
385,candidate_2,candidate_4,candidate_3,candidate_5,candidate_1,5,0.028000000000000004
386,candidate_2,candidate_4,candidate_3,candidate_5,candidate_1,5,0.028000000000000004
387,candidate_2,candidate_4,candidate_3,candidate_5,candidate_1,5,0.028000000000000004
388,candidate_2,candidate_4,candidate_3,candidate_5,candidate_1,5,0.028000000000000004
389,candidate_2,candidate_4,candidate_3,candidate_5,candidate_1,5,0.028000000000000004
390,candidate_2,candidate_4,0,candidate_5,candidate_1,5,0.028000000000000004
391,candidate_2,candidate_4,candidate_3,candidate_5,candidate_1,5,0.028000000000000004
392,candidate_2,candidate_4,candidate_3,candidate_5,candidate_1,5,0.028000000000000004
393,candidate_2,candidate_4,candidate_3,candidate_5,candidate_1,5,0.028000000000000004
394,candidate_2,candidate_4,candidate_3,candidate_5,candidate_1,5,0.028000000000000004
395,candidate_2,candidate_4,candidate_3,candidate_5,candidate_1,5,0.028000000000000004
396,candidate_2,candidate_4,candidate_3,candidate_5,candidate_1,5,0.028000000000000004
397,candidate_2,candidate_4,candidate_3,candidate_5,candidate_1,5,0.028000000000000004
398,candidate_2,candidate_4,candidate_3,candidate_5,candidate_1,5,0.028000000000000004
399,candidate_2,candidate_4,candidate_3,candidate_5,candidate_1,5,0.028000000000000004
400,candidate_2,candidate_4,candidate_3,candidate_5,candidate_1,5,0.028000000000000004
401,candidate_2,candidate_4,candidate_3,candidate_5,candidate_1,5,0.028000000000000004
402,candidate_2,candidate_4,candidate_3,candidate_5,candidate_1,5,0.028000000000000004
403,candidate_2,candidate_4,candidate_3,candidate_5,candidate_1,5,0.028000000000000004
404,candidate_2,candidate_4,candidate_3,candidate_5,candidate_1,5,0.028000000000000004
405,candidate_2,candidate_4,candidate_3,candidate_5,candidate_1,5,0.028000000000000004
406,candidate_2,candidate_4,candidate_3,candidate_5,0,5,0.028000000000000004
407,candidate_2,candidate_4,candidate_3,candidate_5,candidate_1,5,0.028000000000000004
408,candidate_2,candidate_4,candidate_3,candidate_5,candidate_1,5,0.028000000000000004
409,candidate_2,candidate_4,candidate_3,candidate_5,candidate_1,5,0.028000000000000004
410,candidate_2,candidate_4,candidate_3,candidate_5,candidate_1,5,0.028000000000000004
411,0,candidate_4,candidate_3,0,candidate_1,5,0.028000000000000004
412,candidate_2,candidate_4,candidate_3,candidate_5,candidate_1,5,0.028000000000000004
413,candidate_2,candidate_4,0,candidate_5,candidate_1,5,0.028000000000000004
414,candidate_2,candidate_4,candidate_3,candidate_5,candidate_1,5,0.028000000000000004
415,candidate_2,candidate_4,candidate_3,candidate_5,candidate_1,5,0.028000000000000004
416,candidate_2,candidate_4,candidate_3,candidate_5,candidate_1,5,0.028000000000000004
417,candidate_2,candidate_4,candidate_3,candidate_5,candidate_1,5,0.028000000000000004
418,candidate_2,candidate_4,candidate_3,candidate_5,candidate_1,5,0.028000000000000004
419,candidate_2,0,candidate_3,candidate_5,candidate_1,5,0.028000000000000004
420,candidate_2,candidate_4,candidate_3,candidate_5,candidate_1,5,0.028000000000000004
421,candidate_2,candidate_4,candidate_3,candidate_5,candidate_1,5,0.028000000000000004
422,candidate_2,candidate_4,candidate_3,candidate_5,candidate_1,5,0.028000000000000004
423,candidate_2,candidate_4,candidate_3,candidate_5,candidate_1,5,0.028000000000000004
424,candidate_2,candidate_4,candidate_3,candidate_5,candidate_1,5,0.028000000000000004
425,candidate_2,candidate_4,candidate_3,candidate_5,candidate_1,5,0.028000000000000004
426,candidate_2,candidate_4,candidate_3,candidate_5,candidate_1,5,0.028000000000000004
427,candidate_2,candidate_4,candidate_3,candidate_5,candidate_1,5,0.028000000000000004
428,candidate_2,candidate_4,candidate_3,candidate_5,candidate_1,5,0.028000000000000004
429,candidate_2,candidate_4,candidate_3,candidate_5,candidate_1,5,0.028000000000000004
430,candidate_2,candidate_4,candidate_3,candidate_5,candidate_1,5,0.028000000000000004
431,candidate_2,candidate_4,candidate_3,candidate_5,candidate_1,5,0.028000000000000004
432,candidate_2,candidate_4,candidate_3,candidate_5,candidate_1,5,0.028000000000000004
433,candidate_2,candidate_4,candidate_3,candidate_5,candidate_1,5,0.028000000000000004
434,candidate_2,candidate_4,candidate_3,candidate_5,candidate_1,5,0.028000000000000004
435,candidate_2,candidate_4,candidate_3,candidate_5,candidate_1,5,0.028000000000000004
436,candidate_2,candidate_4,candidate_3,candidate_5,candidate_1,5,0.028000000000000004
437,candidate_2,candidate_4,candidate_3,candidate_5,candidate_1,5,0.028000000000000004
438,candidate_2,candidate_4,candidate_3,candidate_5,candidate_1,5,0.028000000000000004
439,candidate_2,candidate_4,candidate_3,candidate_5,candidate_1,5,0.028000000000000004
440,candidate_2,candidate_4,candidate_3,candidate_5,candidate_1,5,0.028000000000000004
441,candidate_2,candidate_4,candidate_3,candidate_5,candidate_1,5,0.028000000000000004
442,candidate_2,candidate_4,candidate_3,candidate_5,candidate_1,5,0.028000000000000004
443,candidate_2,candidate_4,candidate_3,candidate_5,candidate_1,5,0.028000000000000004
444,candidate_2,candidate_4,candidate_3,candidate_5,candidate_1,5,0.028000000000000004
445,candidate_2,candidate_4,candidate_3,candidate_5,candidate_1,5,0.028000000000000004
446,candidate_2,candidate_4,candidate_3,candidate_5,candidate_1,5,0.028000000000000004
447,candidate_2,candidate_4,candidate_3,candidate_5,candidate_1,5,0.028000000000000004
448,candidate_2,candidate_4,candidate_3,candidate_5,candidate_1,5,0.028000000000000004
449,candidate_2,0,candidate_3,candidate_5,candidate_1,5,0.028000000000000004
450,candidate_2,candidate_4,candidate_3,candidate_5,candidate_1,5,0.028000000000000004
451,candidate_2,candidate_4,candidate_3,candidate_5,candidate_1,5,0.028000000000000004
452,candidate_2,candidate_4,candidate_3,candidate_5,candidate_1,5,0.028000000000000004
453,0,0,candidate_3,candidate_5,candidate_1,5,0.028000000000000004
454,candidate_2,candidate_4,candidate_3,candidate_5,candidate_1,5,0.028000000000000004
455,candidate_2,candidate_4,candidate_3,candidate_5,candidate_1,5,0.028000000000000004
456,candidate_2,candidate_4,candidate_3,candidate_5,candidate_1,5,0.028000000000000004
457,candidate_2,candidate_4,candidate_3,candidate_5,candidate_1,5,0.028000000000000004
458,candidate_2,candidate_4,candidate_3,candidate_5,candidate_1,5,0.028000000000000004
459,candidate_2,candidate_4,candidate_3,candidate_5,0,5,0.028000000000000004
460,candidate_2,candidate_4,candidate_3,candidate_5,candidate_1,5,0.028000000000000004
461,candidate_2,candidate_4,candidate_3,candidate_5,candidate_1,5,0.028000000000000004
462,candidate_2,candidate_4,candidate_3,candidate_5,candidate_1,5,0.028000000000000004
463,candidate_2,candidate_4,candidate_3,candidate_5,candidate_1,5,0.028000000000000004
464,candidate_2,candidate_4,candidate_3,candidate_5,candidate_1,5,0.028000000000000004
465,candidate_2,candidate_4,candidate_3,candidate_5,candidate_1,5,0.028000000000000004
466,candidate_2,candidate_4,candidate_3,candidate_5,candidate_1,5,0.028000000000000004
467,candidate_2,candidate_4,candidate_3,candidate_5,candidate_1,5,0.028000000000000004
468,candidate_2,candidate_4,candidate_3,candidate_5,candidate_1,5,0.028000000000000004
469,candidate_2,candidate_4,candidate_3,candidate_5,candidate_1,5,0.028000000000000004
470,candidate_2,candidate_4,candidate_3,candidate_5,candidate_1,5,0.028000000000000004
471,candidate_2,candidate_4,candidate_3,candidate_5,candidate_1,5,0.028000000000000004
472,candidate_2,candidate_4,candidate_3,candidate_5,candidate_1,5,0.028000000000000004
473,candidate_2,candidate_4,candidate_3,candidate_5,candidate_1,5,0.028000000000000004
474,candidate_2,candidate_4,candidate_3,candidate_5,candidate_1,5,0.028000000000000004
475,candidate_2,candidate_4,candidate_3,candidate_5,candidate_1,5,0.028000000000000004
476,0,candidate_4,candidate_3,candidate_5,candidate_1,5,0.028000000000000004
477,candidate_2,0,candidate_3,candidate_5,candidate_1,5,0.028000000000000004
478,candidate_2,candidate_4,candidate_3,candidate_5,candidate_1,5,0.028000000000000004
479,candidate_2,candidate_4,candidate_3,candidate_5,candidate_1,5,0.028000000000000004
480,candidate_2,candidate_4,candidate_3,candidate_5,candidate_1,5,0.028000000000000004
481,candidate_2,candidate_4,candidate_3,candidate_5,candidate_1,5,0.028000000000000004
482,candidate_2,candidate_4,candidate_3,candidate_5,candidate_1,5,0.028000000000000004
483,candidate_2,candidate_4,candidate_3,candidate_5,candidate_1,5,0.028000000000000004
484,candidate_2,candidate_4,candidate_3,candidate_5,candidate_1,5,0.028000000000000004
485,candidate_2,candidate_4,candidate_3,candidate_5,candidate_1,5,0.028000000000000004
486,candidate_2,candidate_4,candidate_3,candidate_5,candidate_1,5,0.028000000000000004
487,candidate_2,candidate_4,candidate_3,candidate_5,candidate_1,5,0.028000000000000004
488,candidate_2,candidate_4,candidate_3,candidate_5,candidate_1,5,0.028000000000000004
489,candidate_2,candidate_4,candidate_3,candidate_5,candidate_1,5,0.028000000000000004
490,candidate_2,candidate_4,candidate_3,candidate_5,candidate_1,5,0.028000000000000004
491,candidate_2,candidate_4,candidate_3,candidate_5,candidate_1,5,0.028000000000000004
492,0,candidate_4,candidate_3,candidate_5,candidate_1,5,0.028000000000000004
493,candidate_2,candidate_4,0,candidate_5,candidate_1,5,0.028000000000000004
494,candidate_2,candidate_4,candidate_3,candidate_5,candidate_1,5,0.028000000000000004
495,candidate_2,candidate_4,candidate_3,candidate_5,candidate_1,5,0.028000000000000004
496,candidate_2,candidate_4,candidate_3,candidate_5,candidate_1,5,0.028000000000000004
497,candidate_2,candidate_4,candidate_3,candidate_5,candidate_1,5,0.028000000000000004
498,candidate_2,candidate_4,candidate_3,candidate_5,candidate_1,5,0.028000000000000004
499,candidate_2,candidate_4,candidate_3,candidate_5,candidate_1,5,0.028000000000000004
500,0,candidate_4,candidate_3,candidate_5,candidate_1,5,0.028000000000000004
501,candidate_2,candidate_4,candidate_3,candidate_5,candidate_1,5,0.028000000000000004
502,candidate_2,candidate_4,candidate_3,candidate_5,candidate_1,5,0.028000000000000004
503,candidate_2,candidate_4,candidate_3,candidate_5,candidate_1,5,0.028000000000000004
504,candidate_2,candidate_4,candidate_3,candidate_5,candidate_1,5,0.028000000000000004
505,candidate_2,candidate_4,candidate_3,candidate_5,candidate_1,5,0.028000000000000004
506,0,candidate_4,candidate_3,candidate_5,candidate_1,5,0.028000000000000004
507,candidate_2,candidate_4,candidate_3,0,candidate_1,5,0.028000000000000004
508,candidate_2,candidate_4,candidate_3,candidate_5,candidate_1,5,0.028000000000000004
509,candidate_2,candidate_4,candidate_3,candidate_5,candidate_1,5,0.028000000000000004
510,candidate_2,candidate_4,candidate_3,candidate_5,candidate_1,5,0.028000000000000004
511,candidate_2,candidate_4,candidate_3,candidate_5,candidate_1,5,0.028000000000000004
512,candidate_2,candidate_4,candidate_3,candidate_5,candidate_1,5,0.028000000000000004
513,candidate_2,candidate_4,candidate_3,candidate_5,candidate_1,5,0.028000000000000004
514,candidate_2,candidate_4,candidate_3,candidate_5,candidate_1,5,0.028000000000000004
515,candidate_2,candidate_4,candidate_3,candidate_5,candidate_1,5,0.028000000000000004
516,candidate_2,candidate_4,candidate_3,candidate_5,candidate_1,5,0.028000000000000004
517,candidate_2,candidate_4,candidate_3,candidate_5,candidate_1,5,0.028000000000000004
518,candidate_2,candidate_4,candidate_3,candidate_5,candidate_1,5,0.028000000000000004
519,candidate_2,candidate_4,candidate_3,candidate_5,candidate_1,5,0.028000000000000004
520,candidate_2,candidate_4,candidate_3,candidate_5,candidate_1,5,0.028000000000000004
521,candidate_2,candidate_4,candidate_3,candidate_5,candidate_1,5,0.028000000000000004
522,candidate_2,candidate_4,candidate_3,candidate_5,candidate_1,5,0.028000000000000004
523,candidate_2,candidate_4,candidate_3,candidate_5,candidate_1,5,0.028000000000000004
524,candidate_2,candidate_4,candidate_3,candidate_5,candidate_1,5,0.028000000000000004
525,candidate_2,candidate_4,candidate_3,candidate_5,0,5,0.028000000000000004
526,candidate_2,candidate_4,candidate_3,candidate_5,candidate_1,5,0.028000000000000004
527,candidate_2,candidate_4,candidate_3,candidate_5,candidate_1,5,0.028000000000000004
528,candidate_2,candidate_4,candidate_3,candidate_5,candidate_1,5,0.028000000000000004
529,candidate_2,candidate_4,candidate_3,candidate_5,candidate_1,5,0.028000000000000004
530,candidate_2,candidate_4,candidate_3,candidate_5,candidate_1,5,0.028000000000000004
531,candidate_2,candidate_4,candidate_3,candidate_5,candidate_1,5,0.028000000000000004
532,candidate_2,candidate_4,candidate_3,candidate_5,candidate_1,5,0.028000000000000004
533,candidate_2,candidate_4,candidate_3,candidate_5,candidate_1,5,0.028000000000000004
534,candidate_2,candidate_4,candidate_3,candidate_5,candidate_1,5,0.028000000000000004
535,candidate_2,candidate_4,candidate_3,candidate_5,candidate_1,5,0.028000000000000004
536,candidate_2,candidate_4,candidate_3,candidate_5,candidate_1,5,0.028000000000000004
537,candidate_2,candidate_4,candidate_3,candidate_5,candidate_1,5,0.028000000000000004
538,candidate_2,candidate_4,candidate_3,candidate_5,candidate_1,5,0.028000000000000004
539,candidate_2,candidate_4,candidate_3,candidate_5,candidate_1,5,0.028000000000000004
540,candidate_2,candidate_4,candidate_3,candidate_5,candidate_1,5,0.028000000000000004
541,candidate_2,candidate_4,candidate_3,0,candidate_1,5,0.028000000000000004
542,candidate_2,candidate_4,candidate_3,candidate_5,candidate_1,5,0.028000000000000004
543,candidate_2,candidate_4,candidate_3,candidate_5,candidate_1,5,0.028000000000000004
544,candidate_2,candidate_4,candidate_3,candidate_5,candidate_1,5,0.028000000000000004
545,candidate_2,candidate_4,candidate_3,candidate_5,candidate_1,5,0.028000000000000004
546,candidate_2,candidate_4,candidate_3,candidate_5,candidate_1,5,0.028000000000000004
547,candidate_2,candidate_4,candidate_3,candidate_5,candidate_1,5,0.028000000000000004
548,candidate_2,0,candidate_3,candidate_5,candidate_1,5,0.028000000000000004
549,candidate_2,candidate_4,candidate_3,candidate_5,candidate_1,5,0.028000000000000004
550,candidate_2,candidate_4,candidate_3,candidate_5,candidate_1,5,0.028000000000000004
551,candidate_2,candidate_4,candidate_3,candidate_5,candidate_1,5,0.028000000000000004
552,candidate_2,candidate_4,candidate_3,candidate_5,candidate_1,5,0.028000000000000004
553,candidate_2,candidate_4,candidate_3,candidate_5,candidate_1,5,0.028000000000000004
554,candidate_2,0,candidate_3,candidate_5,candidate_1,5,0.028000000000000004
555,candidate_2,candidate_4,candidate_3,0,candidate_1,5,0.028000000000000004
556,candidate_2,candidate_4,candidate_3,candidate_5,candidate_1,5,0.028000000000000004
557,candidate_2,candidate_4,candidate_3,candidate_5,candidate_1,5,0.028000000000000004
558,candidate_2,candidate_4,candidate_3,candidate_5,candidate_1,5,0.028000000000000004
559,candidate_2,candidate_4,candidate_3,candidate_5,candidate_1,5,0.028000000000000004
560,candidate_2,candidate_4,candidate_3,candidate_5,candidate_1,5,0.028000000000000004
561,candidate_2,candidate_4,candidate_3,candidate_5,candidate_1,5,0.028000000000000004
562,candidate_2,candidate_4,candidate_3,candidate_5,candidate_1,5,0.028000000000000004
563,candidate_2,candidate_4,candidate_3,candidate_5,candidate_1,5,0.028000000000000004
564,candidate_2,candidate_4,candidate_3,candidate_5,candidate_1,5,0.028000000000000004
565,candidate_2,0,candidate_3,candidate_5,candidate_1,5,0.028000000000000004
566,candidate_2,candidate_4,candidate_3,candidate_5,candidate_1,5,0.028000000000000004
567,candidate_2,candidate_4,candidate_3,candidate_5,candidate_1,5,0.028000000000000004
568,candidate_2,candidate_4,candidate_3,candidate_5,candidate_1,5,0.028000000000000004
569,candidate_2,candidate_4,candidate_3,candidate_5,candidate_1,5,0.028000000000000004
570,candidate_2,candidate_4,candidate_3,candidate_5,0,5,0.028000000000000004
571,candidate_2,candidate_4,candidate_3,candidate_5,candidate_1,5,0.028000000000000004
572,candidate_2,candidate_4,candidate_3,candidate_5,candidate_1,5,0.028000000000000004
573,candidate_2,candidate_4,candidate_3,0,candidate_1,5,0.028000000000000004
574,candidate_2,candidate_4,candidate_3,candidate_5,candidate_1,5,0.028000000000000004
575,candidate_2,candidate_4,candidate_3,candidate_5,candidate_1,5,0.028000000000000004
576,candidate_2,candidate_4,candidate_3,candidate_5,candidate_1,5,0.028000000000000004
577,candidate_2,candidate_4,candidate_3,candidate_5,candidate_1,5,0.028000000000000004
578,candidate_2,candidate_4,candidate_3,candidate_5,candidate_1,5,0.028000000000000004
579,candidate_2,candidate_4,candidate_3,candidate_5,candidate_1,5,0.028000000000000004
580,candidate_2,candidate_4,candidate_3,candidate_5,candidate_1,5,0.028000000000000004
581,candidate_2,candidate_4,candidate_3,candidate_5,candidate_1,5,0.028000000000000004
582,candidate_2,candidate_4,candidate_3,candidate_5,candidate_1,5,0.028000000000000004
583,candidate_2,candidate_4,candidate_3,candidate_5,candidate_1,5,0.028000000000000004
584,candidate_2,candidate_4,candidate_3,candidate_5,candidate_1,5,0.028000000000000004
585,candidate_2,candidate_4,candidate_3,candidate_5,candidate_1,5,0.028000000000000004
586,candidate_2,candidate_4,candidate_3,candidate_5,candidate_1,5,0.028000000000000004
587,candidate_2,candidate_4,candidate_3,candidate_5,candidate_1,5,0.028000000000000004
588,candidate_2,candidate_4,candidate_3,candidate_5,candidate_1,5,0.028000000000000004
589,candidate_2,candidate_4,candidate_3,candidate_5,candidate_1,5,0.028000000000000004
590,candidate_2,candidate_4,candidate_3,candidate_5,candidate_1,5,0.028000000000000004
591,candidate_2,candidate_4,candidate_3,candidate_5,candidate_1,5,0.028000000000000004
592,candidate_2,candidate_4,candidate_3,candidate_5,candidate_1,5,0.028000000000000004
593,candidate_2,candidate_4,candidate_3,candidate_5,candidate_1,5,0.028000000000000004
594,candidate_2,candidate_4,candidate_3,candidate_5,candidate_1,5,0.028000000000000004
595,candidate_2,candidate_4,candidate_3,candidate_5,candidate_1,5,0.028000000000000004
596,candidate_2,candidate_4,candidate_3,candidate_5,candidate_1,5,0.028000000000000004
597,candidate_2,candidate_4,candidate_3,candidate_5,candidate_1,5,0.028000000000000004
598,candidate_2,candidate_4,candidate_3,candidate_5,candidate_1,5,0.028000000000000004
599,candidate_2,candidate_4,candidate_3,candidate_5,candidate_1,5,0.028000000000000004
600,candidate_2,candidate_4,candidate_3,candidate_5,candidate_1,5,0.028000000000000004
601,candidate_2,candidate_4,candidate_3,candidate_5,candidate_1,5,0.028000000000000004
602,candidate_2,candidate_4,candidate_3,candidate_5,candidate_1,5,0.028000000000000004
0,candidate_2,candidate_4,candidate_5,candidate_1,candidate_3,5,0.028000000000000004
1,candidate_2,0,candidate_5,candidate_1,candidate_3,5,0.028000000000000004
2,candidate_2,candidate_4,candidate_5,candidate_1,candidate_3,5,0.028000000000000004
3,candidate_2,candidate_4,candidate_5,candidate_1,candidate_3,5,0.028000000000000004
4,candidate_2,candidate_4,candidate_5,candidate_1,candidate_3,5,0.028000000000000004
5,candidate_2,candidate_4,candidate_5,candidate_1,0,5,0.028000000000000004
6,0,candidate_4,candidate_5,candidate_1,candidate_3,5,0.028000000000000004
7,candidate_2,candidate_4,candidate_5,candidate_1,candidate_3,5,0.028000000000000004
8,candidate_2,candidate_4,candidate_5,candidate_1,candidate_3,5,0.028000000000000004
9,candidate_2,candidate_4,candidate_5,candidate_1,candidate_3,5,0.028000000000000004
10,candidate_2,candidate_4,candidate_5,candidate_1,candidate_3,5,0.028000000000000004
11,candidate_2,candidate_4,candidate_5,candidate_1,candidate_3,5,0.028000000000000004
12,candidate_2,candidate_4,candidate_5,candidate_1,candidate_3,5,0.028000000000000004
13,0,candidate_4,candidate_5,candidate_1,candidate_3,5,0.028000000000000004
14,candidate_2,candidate_4,candidate_5,candidate_1,candidate_3,5,0.028000000000000004
15,candidate_2,candidate_4,candidate_5,candidate_1,candidate_3,5,0.028000000000000004
16,candidate_2,candidate_4,candidate_5,candidate_1,0,5,0.028000000000000004
17,0,candidate_4,candidate_5,candidate_1,0,5,0.028000000000000004
18,candidate_2,candidate_4,candidate_5,candidate_1,candidate_3,5,0.028000000000000004
19,candidate_2,candidate_4,candidate_5,candidate_1,candidate_3,5,0.028000000000000004
20,candidate_2,candidate_4,candidate_5,candidate_1,candidate_3,5,0.028000000000000004
21,candidate_2,candidate_4,candidate_5,candidate_1,candidate_3,5,0.028000000000000004
22,candidate_2,candidate_4,candidate_5,candidate_1,candidate_3,5,0.028000000000000004
23,candidate_2,candidate_4,candidate_5,candidate_1,candidate_3,5,0.028000000000000004
24,candidate_2,candidate_4,candidate_5,candidate_1,candidate_3,5,0.028000000000000004
25,candidate_2,candidate_4,candidate_5,candidate_1,candidate_3,5,0.028000000000000004
26,candidate_2,candidate_4,candidate_5,candidate_1,candidate_3,5,0.028000000000000004
27,candidate_2,candidate_4,candidate_5,candidate_1,candidate_3,5,0.028000000000000004
28,candidate_2,candidate_4,candidate_5,candidate_1,candidate_3,5,0.028000000000000004
29,0,candidate_4,0,candidate_1,candidate_3,5,0.028000000000000004
30,candidate_2,candidate_4,candidate_5,candidate_1,candidate_3,5,0.028000000000000004
31,candidate_2,candidate_4,candidate_5,candidate_1,candidate_3,5,0.028000000000000004
32,candidate_2,candidate_4,candidate_5,candidate_1,candidate_3,5,0.028000000000000004
33,candidate_2,candidate_4,candidate_5,candidate_1,candidate_3,5,0.028000000000000004
34,candidate_2,candidate_4,candidate_5,candidate_1,candidate_3,5,0.028000000000000004
35,candidate_2,candidate_4,candidate_5,candidate_1,candidate_3,5,0.028000000000000004
36,candidate_2,candidate_4,candidate_5,candidate_1,candidate_3,5,0.028000000000000004
37,candidate_2,candidate_4,candidate_5,candidate_1,candidate_3,5,0.028000000000000004
38,candidate_2,candidate_4,candidate_5,candidate_1,candidate_3,5,0.028000000000000004
39,candidate_2,candidate_4,candidate_5,candidate_1,candidate_3,5,0.028000000000000004
40,candidate_2,candidate_4,candidate_5,candidate_1,candidate_3,5,0.028000000000000004
41,candidate_2,candidate_4,candidate_5,candidate_1,candidate_3,5,0.028000000000000004
42,candidate_2,candidate_4,candidate_5,candidate_1,candidate_3,5,0.028000000000000004
43,candidate_2,candidate_4,candidate_5,candidate_1,candidate_3,5,0.028000000000000004
44,candidate_2,candidate_4,candidate_5,candidate_1,candidate_3,5,0.028000000000000004
45,candidate_2,candidate_4,candidate_5,candidate_1,candidate_3,5,0.028000000000000004
46,candidate_2,candidate_4,candidate_5,candidate_1,candidate_3,5,0.028000000000000004
47,candidate_2,candidate_4,candidate_5,candidate_1,candidate_3,5,0.028000000000000004
48,candidate_2,candidate_4,candidate_5,candidate_1,candidate_3,5,0.028000000000000004
49,candidate_2,candidate_4,candidate_5,candidate_1,candidate_3,5,0.028000000000000004
50,candidate_2,candidate_4,candidate_5,candidate_1,candidate_3,5,0.028000000000000004
51,candidate_2,candidate_4,candidate_5,candidate_1,candidate_3,5,0.028000000000000004
52,candidate_2,candidate_4,candidate_5,candidate_1,candidate_3,5,0.028000000000000004
53,candidate_2,candidate_4,candidate_5,candidate_1,candidate_3,5,0.028000000000000004
54,candidate_2,candidate_4,candidate_5,candidate_1,candidate_3,5,0.028000000000000004
55,candidate_2,candidate_4,candidate_5,candidate_1,candidate_3,5,0.028000000000000004
56,candidate_2,candidate_4,candidate_5,candidate_1,candidate_3,5,0.028000000000000004
57,candidate_2,candidate_4,candidate_5,0,candidate_3,5,0.028000000000000004
58,candidate_2,candidate_4,candidate_5,candidate_1,candidate_3,5,0.028000000000000004
59,candidate_2,candidate_4,candidate_5,0,candidate_3,5,0.028000000000000004
60,candidate_2,candidate_4,candidate_5,candidate_1,candidate_3,5,0.028000000000000004
61,candidate_2,candidate_4,candidate_5,candidate_1,candidate_3,5,0.028000000000000004
62,candidate_2,candidate_4,candidate_5,candidate_1,candidate_3,5,0.028000000000000004
63,candidate_2,candidate_4,candidate_5,candidate_1,candidate_3,5,0.028000000000000004
64,candidate_2,candidate_4,candidate_5,0,candidate_3,5,0.028000000000000004
65,candidate_2,candidate_4,candidate_5,candidate_1,candidate_3,5,0.028000000000000004
66,candidate_2,candidate_4,candidate_5,candidate_1,candidate_3,5,0.028000000000000004
67,candidate_2,candidate_4,candidate_5,candidate_1,candidate_3,5,0.028000000000000004
68,candidate_2,candidate_4,candidate_5,candidate_1,0,5,0.028000000000000004
69,0,candidate_4,candidate_5,candidate_1,candidate_3,5,0.028000000000000004
70,candidate_2,candidate_4,candidate_5,candidate_1,candidate_3,5,0.028000000000000004
71,candidate_2,candidate_4,candidate_5,candidate_1,candidate_3,5,0.028000000000000004
72,candidate_2,candidate_4,candidate_5,candidate_1,candidate_3,5,0.028000000000000004
73,candidate_2,candidate_4,candidate_5,candidate_1,candidate_3,5,0.028000000000000004
74,candidate_2,candidate_4,candidate_5,candidate_1,candidate_3,5,0.028000000000000004
75,candidate_2,candidate_4,candidate_5,candidate_1,candidate_3,5,0.028000000000000004
76,candidate_2,candidate_4,candidate_5,candidate_1,candidate_3,5,0.028000000000000004
77,candidate_2,candidate_4,candidate_5,candidate_1,candidate_3,5,0.028000000000000004
78,candidate_2,candidate_4,candidate_5,candidate_1,candidate_3,5,0.028000000000000004
79,candidate_2,candidate_4,candidate_5,candidate_1,candidate_3,5,0.028000000000000004
80,candidate_2,candidate_4,candidate_5,candidate_1,candidate_3,5,0.028000000000000004
81,candidate_2,candidate_4,candidate_5,candidate_1,candidate_3,5,0.028000000000000004
82,candidate_2,candidate_4,candidate_5,candidate_1,candidate_3,5,0.028000000000000004
83,candidate_2,candidate_4,candidate_5,candidate_1,candidate_3,5,0.028000000000000004
84,candidate_2,candidate_4,candidate_5,candidate_1,candidate_3,5,0.028000000000000004
85,candidate_2,candidate_4,candidate_5,candidate_1,candidate_3,5,0.028000000000000004
86,candidate_2,candidate_4,candidate_5,candidate_1,candidate_3,5,0.028000000000000004
87,candidate_2,candidate_4,candidate_5,candidate_1,candidate_3,5,0.028000000000000004
88,candidate_2,candidate_4,candidate_5,candidate_1,candidate_3,5,0.028000000000000004
89,candidate_2,candidate_4,candidate_5,candidate_1,candidate_3,5,0.028000000000000004
90,candidate_2,candidate_4,candidate_5,candidate_1,candidate_3,5,0.028000000000000004
91,candidate_2,candidate_4,candidate_5,candidate_1,candidate_3,5,0.028000000000000004
92,candidate_2,candidate_4,candidate_5,candidate_1,candidate_3,5,0.028000000000000004
93,candidate_2,candidate_4,candidate_5,candidate_1,candidate_3,5,0.028000000000000004
94,candidate_2,candidate_4,candidate_5,candidate_1,candidate_3,5,0.028000000000000004
95,candidate_2,candidate_4,candidate_5,candidate_1,candidate_3,5,0.028000000000000004
96,candidate_2,candidate_4,candidate_5,candidate_1,candidate_3,5,0.028000000000000004
97,candidate_2,candidate_4,candidate_5,candidate_1,candidate_3,5,0.028000000000000004
98,candidate_2,candidate_4,candidate_5,candidate_1,candidate_3,5,0.028000000000000004
99,candidate_2,candidate_4,candidate_5,candidate_1,candidate_3,5,0.028000000000000004
100,candidate_2,candidate_4,candidate_5,candidate_1,candidate_3,5,0.028000000000000004
101,candidate_2,candidate_4,candidate_5,candidate_1,candidate_3,5,0.028000000000000004
102,candidate_2,candidate_4,candidate_5,candidate_1,candidate_3,5,0.028000000000000004
103,candidate_2,candidate_4,candidate_5,candidate_1,candidate_3,5,0.028000000000000004
104,candidate_2,candidate_4,candidate_5,candidate_1,candidate_3,5,0.028000000000000004
105,candidate_2,candidate_4,candidate_5,candidate_1,candidate_3,5,0.028000000000000004
106,candidate_2,candidate_4,candidate_5,candidate_1,candidate_3,5,0.028000000000000004
107,candidate_2,candidate_4,candidate_5,0,candidate_3,5,0.028000000000000004
108,candidate_2,0,candidate_5,candidate_1,candidate_3,5,0.028000000000000004
109,candidate_2,candidate_4,candidate_5,candidate_1,candidate_3,5,0.028000000000000004
110,candidate_2,candidate_4,candidate_5,candidate_1,candidate_3,5,0.028000000000000004
111,candidate_2,candidate_4,candidate_5,candidate_1,candidate_3,5,0.028000000000000004
112,candidate_2,candidate_4,candidate_5,candidate_1,candidate_3,5,0.028000000000000004
113,candidate_2,candidate_4,candidate_5,candidate_1,candidate_3,5,0.028000000000000004
114,candidate_2,candidate_4,candidate_5,candidate_1,candidate_3,5,0.028000000000000004
115,candidate_2,candidate_4,candidate_5,candidate_1,candidate_3,5,0.028000000000000004
116,candidate_2,candidate_4,candidate_5,candidate_1,candidate_3,5,0.028000000000000004
117,candidate_2,candidate_4,candidate_5,candidate_1,candidate_3,5,0.028000000000000004
118,candidate_2,candidate_4,0,candidate_1,candidate_3,5,0.028000000000000004
119,candidate_2,candidate_4,candidate_5,candidate_1,candidate_3,5,0.028000000000000004
120,candidate_2,candidate_4,candidate_5,candidate_1,candidate_3,5,0.028000000000000004
121,candidate_2,candidate_4,candidate_5,candidate_1,candidate_3,5,0.028000000000000004
122,candidate_2,candidate_4,candidate_5,candidate_1,candidate_3,5,0.028000000000000004
123,candidate_2,candidate_4,0,candidate_1,candidate_3,5,0.028000000000000004
124,candidate_2,candidate_4,candidate_5,candidate_1,candidate_3,5,0.028000000000000004
125,candidate_2,candidate_4,candidate_5,candidate_1,candidate_3,5,0.028000000000000004
126,candidate_2,candidate_4,candidate_5,candidate_1,candidate_3,5,0.028000000000000004
127,candidate_2,candidate_4,candidate_5,candidate_1,candidate_3,5,0.028000000000000004
128,candidate_2,candidate_4,candidate_5,candidate_1,candidate_3,5,0.028000000000000004
129,candidate_2,candidate_4,candidate_5,candidate_1,candidate_3,5,0.028000000000000004
130,candidate_2,candidate_4,candidate_5,candidate_1,0,5,0.028000000000000004
131,candidate_2,candidate_4,candidate_5,candidate_1,candidate_3,5,0.028000000000000004
132,candidate_2,0,candidate_5,candidate_1,candidate_3,5,0.028000000000000004
133,candidate_2,candidate_4,candidate_5,candidate_1,candidate_3,5,0.028000000000000004
134,candidate_2,candidate_4,candidate_5,candidate_1,candidate_3,5,0.028000000000000004
135,candidate_2,candidate_4,candidate_5,candidate_1,candidate_3,5,0.028000000000000004
136,candidate_2,candidate_4,candidate_5,candidate_1,candidate_3,5,0.028000000000000004
137,candidate_2,candidate_4,candidate_5,candidate_1,candidate_3,5,0.028000000000000004
138,0,candidate_4,candidate_5,candidate_1,candidate_3,5,0.028000000000000004
139,candidate_2,candidate_4,candidate_5,candidate_1,candidate_3,5,0.028000000000000004
140,candidate_2,candidate_4,candidate_5,candidate_1,candidate_3,5,0.028000000000000004
141,candidate_2,candidate_4,candidate_5,0,candidate_3,5,0.028000000000000004
142,candidate_2,candidate_4,candidate_5,candidate_1,candidate_3,5,0.028000000000000004
143,candidate_2,candidate_4,0,candidate_1,candidate_3,5,0.028000000000000004
144,candidate_2,candidate_4,candidate_5,candidate_1,candidate_3,5,0.028000000000000004
145,candidate_2,candidate_4,candidate_5,candidate_1,candidate_3,5,0.028000000000000004
146,candidate_2,candidate_4,candidate_5,candidate_1,candidate_3,5,0.028000000000000004
147,candidate_2,candidate_4,candidate_5,candidate_1,candidate_3,5,0.028000000000000004
148,candidate_2,candidate_4,candidate_5,candidate_1,0,5,0.028000000000000004
149,candidate_2,candidate_4,candidate_5,0,candidate_3,5,0.028000000000000004
150,candidate_2,candidate_4,candidate_5,candidate_1,candidate_3,5,0.028000000000000004
151,candidate_2,candidate_4,candidate_5,candidate_1,candidate_3,5,0.028000000000000004
152,candidate_2,candidate_4,candidate_5,candidate_1,candidate_3,5,0.028000000000000004
153,candidate_2,candidate_4,0,candidate_1,candidate_3,5,0.028000000000000004
154,candidate_2,candidate_4,candidate_5,candidate_1,candidate_3,5,0.028000000000000004
155,candidate_2,candidate_4,candidate_5,candidate_1,candidate_3,5,0.028000000000000004
156,candidate_2,0,candidate_5,candidate_1,candidate_3,5,0.028000000000000004
157,candidate_2,candidate_4,candidate_5,candidate_1,candidate_3,5,0.028000000000000004
158,candidate_2,candidate_4,candidate_5,candidate_1,candidate_3,5,0.028000000000000004
159,candidate_2,candidate_4,candidate_5,candidate_1,candidate_3,5,0.028000000000000004
160,candidate_2,candidate_4,candidate_5,candidate_1,candidate_3,5,0.028000000000000004
161,candidate_2,candidate_4,candidate_5,candidate_1,candidate_3,5,0.028000000000000004
162,0,candidate_4,candidate_5,candidate_1,candidate_3,5,0.028000000000000004
163,candidate_2,candidate_4,candidate_5,candidate_1,candidate_3,5,0.028000000000000004
164,candidate_2,candidate_4,candidate_5,candidate_1,candidate_3,5,0.028000000000000004
165,candidate_2,candidate_4,candidate_5,candidate_1,candidate_3,5,0.028000000000000004
166,candidate_2,candidate_4,candidate_5,candidate_1,candidate_3,5,0.028000000000000004
167,candidate_2,candidate_4,candidate_5,candidate_1,candidate_3,5,0.028000000000000004
168,candidate_2,candidate_4,candidate_5,candidate_1,candidate_3,5,0.028000000000000004
169,candidate_2,candidate_4,candidate_5,candidate_1,candidate_3,5,0.028000000000000004
170,0,candidate_4,candidate_5,candidate_1,candidate_3,5,0.028000000000000004
171,candidate_2,candidate_4,candidate_5,candidate_1,0,5,0.028000000000000004
172,candidate_2,candidate_4,candidate_5,candidate_1,candidate_3,5,0.028000000000000004
173,candidate_2,candidate_4,candidate_5,candidate_1,candidate_3,5,0.028000000000000004
174,candidate_2,candidate_4,candidate_5,candidate_1,candidate_3,5,0.028000000000000004
175,candidate_2,candidate_4,candidate_5,candidate_1,candidate_3,5,0.028000000000000004
176,candidate_2,candidate_4,candidate_5,candidate_1,candidate_3,5,0.028000000000000004
177,candidate_2,candidate_4,candidate_5,candidate_1,candidate_3,5,0.028000000000000004
178,candidate_2,candidate_4,candidate_5,candidate_1,candidate_3,5,0.028000000000000004
179,candidate_2,0,candidate_5,candidate_1,candidate_3,5,0.028000000000000004
180,0,candidate_4,0,candidate_1,0,5,0.028000000000000004
181,candidate_2,candidate_4,candidate_5,candidate_1,candidate_3,5,0.028000000000000004
182,candidate_2,candidate_4,candidate_5,candidate_1,candidate_3,5,0.028000000000000004
183,candidate_2,candidate_4,candidate_5,candidate_1,candidate_3,5,0.028000000000000004
184,candidate_2,0,candidate_5,candidate_1,candidate_3,5,0.028000000000000004
185,candidate_2,candidate_4,candidate_5,candidate_1,candidate_3,5,0.028000000000000004
186,candidate_2,candidate_4,candidate_5,candidate_1,candidate_3,5,0.028000000000000004
187,candidate_2,candidate_4,candidate_5,candidate_1,candidate_3,5,0.028000000000000004
188,candidate_2,candidate_4,candidate_5,candidate_1,candidate_3,5,0.028000000000000004
189,candidate_2,candidate_4,candidate_5,candidate_1,candidate_3,5,0.028000000000000004
190,candidate_2,candidate_4,candidate_5,candidate_1,candidate_3,5,0.028000000000000004
191,candidate_2,candidate_4,candidate_5,candidate_1,candidate_3,5,0.028000000000000004
192,candidate_2,candidate_4,candidate_5,candidate_1,candidate_3,5,0.028000000000000004
193,candidate_2,candidate_4,candidate_5,candidate_1,candidate_3,5,0.028000000000000004
194,candidate_2,candidate_4,candidate_5,candidate_1,candidate_3,5,0.028000000000000004
195,candidate_2,candidate_4,candidate_5,candidate_1,candidate_3,5,0.028000000000000004
196,candidate_2,candidate_4,candidate_5,candidate_1,candidate_3,5,0.028000000000000004
197,candidate_2,candidate_4,candidate_5,candidate_1,candidate_3,5,0.028000000000000004
198,candidate_2,candidate_4,candidate_5,candidate_1,candidate_3,5,0.028000000000000004
199,candidate_2,candidate_4,candidate_5,candidate_1,candidate_3,5,0.028000000000000004
200,candidate_2,candidate_4,candidate_5,candidate_1,candidate_3,5,0.028000000000000004
201,candidate_2,candidate_4,candidate_5,candidate_1,candidate_3,5,0.028000000000000004
202,candidate_2,0,candidate_5,candidate_1,candidate_3,5,0.028000000000000004
203,candidate_2,candidate_4,candidate_5,candidate_1,candidate_3,5,0.028000000000000004
204,candidate_2,candidate_4,candidate_5,candidate_1,candidate_3,5,0.028000000000000004
205,candidate_2,candidate_4,candidate_5,candidate_1,candidate_3,5,0.028000000000000004
206,candidate_2,candidate_4,candidate_5,candidate_1,candidate_3,5,0.028000000000000004
207,candidate_2,candidate_4,candidate_5,candidate_1,candidate_3,5,0.028000000000000004
208,candidate_2,candidate_4,candidate_5,candidate_1,candidate_3,5,0.028000000000000004
209,candidate_2,candidate_4,candidate_5,candidate_1,candidate_3,5,0.028000000000000004
210,candidate_2,candidate_4,candidate_5,candidate_1,candidate_3,5,0.028000000000000004
211,candidate_2,candidate_4,candidate_5,candidate_1,candidate_3,5,0.028000000000000004
212,candidate_2,candidate_4,candidate_5,candidate_1,candidate_3,5,0.028000000000000004
213,candidate_2,candidate_4,candidate_5,candidate_1,candidate_3,5,0.028000000000000004
214,candidate_2,candidate_4,candidate_5,candidate_1,candidate_3,5,0.028000000000000004
215,candidate_2,candidate_4,candidate_5,candidate_1,candidate_3,5,0.028000000000000004
216,candidate_2,candidate_4,candidate_5,candidate_1,candidate_3,5,0.028000000000000004
217,candidate_2,candidate_4,candidate_5,candidate_1,candidate_3,5,0.028000000000000004
218,candidate_2,candidate_4,candidate_5,candidate_1,candidate_3,5,0.028000000000000004
219,candidate_2,candidate_4,candidate_5,candidate_1,candidate_3,5,0.028000000000000004
220,candidate_2,candidate_4,candidate_5,candidate_1,candidate_3,5,0.028000000000000004
221,candidate_2,candidate_4,candidate_5,candidate_1,candidate_3,5,0.028000000000000004
222,candidate_2,candidate_4,candidate_5,candidate_1,candidate_3,5,0.028000000000000004
223,candidate_2,candidate_4,candidate_5,candidate_1,candidate_3,5,0.028000000000000004
224,candidate_2,candidate_4,candidate_5,candidate_1,candidate_3,5,0.028000000000000004
225,candidate_2,candidate_4,candidate_5,candidate_1,candidate_3,5,0.028000000000000004
226,candidate_2,candidate_4,candidate_5,candidate_1,candidate_3,5,0.028000000000000004
227,candidate_2,candidate_4,candidate_5,candidate_1,candidate_3,5,0.028000000000000004
228,candidate_2,candidate_4,candidate_5,candidate_1,0,5,0.028000000000000004
229,candidate_2,candidate_4,candidate_5,candidate_1,candidate_3,5,0.028000000000000004
230,candidate_2,candidate_4,candidate_5,candidate_1,candidate_3,5,0.028000000000000004
231,candidate_2,candidate_4,candidate_5,candidate_1,candidate_3,5,0.028000000000000004
232,candidate_2,candidate_4,candidate_5,candidate_1,candidate_3,5,0.028000000000000004
233,candidate_2,candidate_4,candidate_5,candidate_1,candidate_3,5,0.028000000000000004
234,candidate_2,candidate_4,0,candidate_1,candidate_3,5,0.028000000000000004
235,candidate_2,candidate_4,candidate_5,candidate_1,candidate_3,5,0.028000000000000004
236,candidate_2,candidate_4,candidate_5,candidate_1,candidate_3,5,0.028000000000000004
237,candidate_2,candidate_4,candidate_5,candidate_1,candidate_3,5,0.028000000000000004
238,candidate_2,candidate_4,candidate_5,candidate_1,candidate_3,5,0.028000000000000004
239,candidate_2,0,candidate_5,candidate_1,candidate_3,5,0.028000000000000004
240,candidate_2,candidate_4,candidate_5,candidate_1,candidate_3,5,0.028000000000000004
241,0,candidate_4,candidate_5,candidate_1,candidate_3,5,0.028000000000000004
242,candidate_2,0,candidate_5,candidate_1,candidate_3,5,0.028000000000000004
243,candidate_2,candidate_4,candidate_5,candidate_1,candidate_3,5,0.028000000000000004
244,candidate_2,candidate_4,candidate_5,candidate_1,candidate_3,5,0.028000000000000004
245,candidate_2,candidate_4,candidate_5,0,candidate_3,5,0.028000000000000004
246,candidate_2,candidate_4,candidate_5,candidate_1,candidate_3,5,0.028000000000000004
247,candidate_2,candidate_4,candidate_5,candidate_1,candidate_3,5,0.028000000000000004
248,candidate_2,0,candidate_5,candidate_1,candidate_3,5,0.028000000000000004
249,candidate_2,candidate_4,candidate_5,candidate_1,candidate_3,5,0.028000000000000004
250,candidate_2,candidate_4,candidate_5,candidate_1,candidate_3,5,0.028000000000000004
251,candidate_2,candidate_4,candidate_5,candidate_1,candidate_3,5,0.028000000000000004
252,candidate_2,candidate_4,candidate_5,candidate_1,candidate_3,5,0.028000000000000004
253,candidate_2,candidate_4,candidate_5,candidate_1,0,5,0.028000000000000004
254,candidate_2,candidate_4,candidate_5,candidate_1,candidate_3,5,0.028000000000000004
255,candidate_2,candidate_4,0,candidate_1,candidate_3,5,0.028000000000000004
256,candidate_2,candidate_4,candidate_5,candidate_1,candidate_3,5,0.028000000000000004
257,candidate_2,candidate_4,candidate_5,candidate_1,candidate_3,5,0.028000000000000004
258,candidate_2,candidate_4,candidate_5,candidate_1,candidate_3,5,0.028000000000000004
259,candidate_2,candidate_4,candidate_5,0,candidate_3,5,0.028000000000000004
260,candidate_2,candidate_4,candidate_5,candidate_1,candidate_3,5,0.028000000000000004
261,candidate_2,candidate_4,candidate_5,candidate_1,candidate_3,5,0.028000000000000004
262,candidate_2,candidate_4,candidate_5,candidate_1,candidate_3,5,0.028000000000000004
263,candidate_2,candidate_4,candidate_5,candidate_1,candidate_3,5,0.028000000000000004
264,candidate_2,candidate_4,candidate_5,candidate_1,candidate_3,5,0.028000000000000004
265,candidate_2,candidate_4,candidate_5,candidate_1,candidate_3,5,0.028000000000000004
266,candidate_2,candidate_4,candidate_5,candidate_1,candidate_3,5,0.028000000000000004
267,candidate_2,0,candidate_5,candidate_1,candidate_3,5,0.028000000000000004
268,candidate_2,candidate_4,candidate_5,candidate_1,candidate_3,5,0.028000000000000004
269,candidate_2,candidate_4,candidate_5,candidate_1,candidate_3,5,0.028000000000000004
270,candidate_2,candidate_4,candidate_5,candidate_1,candidate_3,5,0.028000000000000004
271,candidate_2,candidate_4,candidate_5,candidate_1,candidate_3,5,0.028000000000000004
272,candidate_2,candidate_4,candidate_5,candidate_1,candidate_3,5,0.028000000000000004
273,candidate_2,candidate_4,candidate_5,candidate_1,candidate_3,5,0.028000000000000004
274,candidate_2,candidate_4,candidate_5,0,candidate_3,5,0.028000000000000004
275,candidate_2,candidate_4,candidate_5,candidate_1,candidate_3,5,0.028000000000000004
276,candidate_2,candidate_4,candidate_5,candidate_1,candidate_3,5,0.028000000000000004
277,candidate_2,candidate_4,candidate_5,candidate_1,candidate_3,5,0.028000000000000004
278,candidate_2,candidate_4,candidate_5,candidate_1,candidate_3,5,0.028000000000000004
279,candidate_2,candidate_4,candidate_5,candidate_1,candidate_3,5,0.028000000000000004
280,candidate_2,candidate_4,candidate_5,candidate_1,candidate_3,5,0.028000000000000004
281,candidate_2,candidate_4,candidate_5,candidate_1,0,5,0.028000000000000004
282,candidate_2,candidate_4,candidate_5,candidate_1,candidate_3,5,0.028000000000000004
283,candidate_2,candidate_4,candidate_5,candidate_1,candidate_3,5,0.028000000000000004
284,candidate_2,candidate_4,0,candidate_1,candidate_3,5,0.028000000000000004
285,candidate_2,candidate_4,candidate_5,candidate_1,candidate_3,5,0.028000000000000004
286,candidate_2,candidate_4,candidate_5,candidate_1,candidate_3,5,0.028000000000000004
287,candidate_2,candidate_4,candidate_5,candidate_1,candidate_3,5,0.028000000000000004
288,candidate_2,0,candidate_5,0,candidate_3,5,0.028000000000000004
289,candidate_2,candidate_4,candidate_5,candidate_1,candidate_3,5,0.028000000000000004
290,candidate_2,candidate_4,candidate_5,candidate_1,candidate_3,5,0.028000000000000004
291,candidate_2,candidate_4,candidate_5,candidate_1,0,5,0.028000000000000004
292,candidate_2,candidate_4,candidate_5,candidate_1,candidate_3,5,0.028000000000000004
293,candidate_2,candidate_4,candidate_5,candidate_1,candidate_3,5,0.028000000000000004
294,candidate_2,candidate_4,candidate_5,candidate_1,candidate_3,5,0.028000000000000004
295,candidate_2,candidate_4,candidate_5,candidate_1,candidate_3,5,0.028000000000000004
296,candidate_2,candidate_4,candidate_5,candidate_1,0,5,0.028000000000000004
297,candidate_2,candidate_4,candidate_5,candidate_1,candidate_3,5,0.028000000000000004
298,candidate_2,candidate_4,candidate_5,candidate_1,candidate_3,5,0.028000000000000004
299,candidate_2,candidate_4,candidate_5,candidate_1,candidate_3,5,0.028000000000000004
300,candidate_2,candidate_4,candidate_5,candidate_1,candidate_3,5,0.028000000000000004
301,candidate_2,candidate_4,candidate_5,candidate_1,0,5,0.028000000000000004
302,candidate_2,candidate_4,candidate_5,candidate_1,candidate_3,5,0.028000000000000004
303,candidate_2,0,candidate_5,candidate_1,candidate_3,5,0.028000000000000004
304,candidate_2,0,candidate_5,candidate_1,candidate_3,5,0.028000000000000004
305,candidate_2,candidate_4,candidate_5,candidate_1,candidate_3,5,0.028000000000000004
306,candidate_2,candidate_4,candidate_5,candidate_1,candidate_3,5,0.028000000000000004
307,candidate_2,candidate_4,candidate_5,candidate_1,candidate_3,5,0.028000000000000004
308,candidate_2,candidate_4,candidate_5,candidate_1,candidate_3,5,0.028000000000000004
309,candidate_2,candidate_4,candidate_5,candidate_1,candidate_3,5,0.028000000000000004
310,candidate_2,candidate_4,candidate_5,candidate_1,candidate_3,5,0.028000000000000004
311,candidate_2,candidate_4,candidate_5,candidate_1,candidate_3,5,0.028000000000000004
312,candidate_2,candidate_4,candidate_5,candidate_1,candidate_3,5,0.028000000000000004
313,candidate_2,candidate_4,candidate_5,candidate_1,candidate_3,5,0.028000000000000004
314,candidate_2,candidate_4,candidate_5,candidate_1,candidate_3,5,0.028000000000000004
315,candidate_2,candidate_4,candidate_5,candidate_1,candidate_3,5,0.028000000000000004
316,candidate_2,candidate_4,candidate_5,candidate_1,candidate_3,5,0.028000000000000004
317,candidate_2,candidate_4,candidate_5,candidate_1,candidate_3,5,0.028000000000000004
318,candidate_2,candidate_4,candidate_5,candidate_1,candidate_3,5,0.028000000000000004
319,candidate_2,candidate_4,candidate_5,candidate_1,candidate_3,5,0.028000000000000004
320,candidate_2,candidate_4,candidate_5,candidate_1,candidate_3,5,0.028000000000000004
321,candidate_2,candidate_4,0,candidate_1,candidate_3,5,0.028000000000000004
322,candidate_2,candidate_4,candidate_5,candidate_1,candidate_3,5,0.028000000000000004
323,candidate_2,candidate_4,0,candidate_1,candidate_3,5,0.028000000000000004
324,candidate_2,candidate_4,candidate_5,candidate_1,candidate_3,5,0.028000000000000004
325,candidate_2,candidate_4,candidate_5,0,candidate_3,5,0.028000000000000004
326,candidate_2,candidate_4,candidate_5,candidate_1,candidate_3,5,0.028000000000000004
327,candidate_2,candidate_4,candidate_5,candidate_1,candidate_3,5,0.028000000000000004
328,candidate_2,candidate_4,candidate_5,candidate_1,candidate_3,5,0.028000000000000004
329,candidate_2,candidate_4,candidate_5,candidate_1,candidate_3,5,0.028000000000000004
330,candidate_2,candidate_4,candidate_5,candidate_1,candidate_3,5,0.028000000000000004
331,candidate_2,candidate_4,candidate_5,candidate_1,candidate_3,5,0.028000000000000004
332,candidate_2,candidate_4,candidate_5,candidate_1,candidate_3,5,0.028000000000000004
333,candidate_2,candidate_4,candidate_5,candidate_1,candidate_3,5,0.028000000000000004
334,candidate_2,candidate_4,candidate_5,candidate_1,candidate_3,5,0.028000000000000004
335,candidate_2,candidate_4,candidate_5,candidate_1,candidate_3,5,0.028000000000000004
336,candidate_2,candidate_4,candidate_5,candidate_1,candidate_3,5,0.028000000000000004
337,candidate_2,candidate_4,candidate_5,candidate_1,candidate_3,5,0.028000000000000004
338,candidate_2,candidate_4,candidate_5,candidate_1,candidate_3,5,0.028000000000000004
339,candidate_2,0,candidate_5,candidate_1,candidate_3,5,0.028000000000000004
340,candidate_2,candidate_4,candidate_5,candidate_1,candidate_3,5,0.028000000000000004
341,0,candidate_4,candidate_5,candidate_1,candidate_3,5,0.028000000000000004
342,candidate_2,candidate_4,candidate_5,candidate_1,candidate_3,5,0.028000000000000004
343,candidate_2,candidate_4,candidate_5,candidate_1,candidate_3,5,0.028000000000000004
344,candidate_2,candidate_4,candidate_5,candidate_1,candidate_3,5,0.028000000000000004
345,candidate_2,candidate_4,candidate_5,candidate_1,candidate_3,5,0.028000000000000004
346,candidate_2,candidate_4,candidate_5,candidate_1,candidate_3,5,0.028000000000000004
347,candidate_2,candidate_4,candidate_5,candidate_1,candidate_3,5,0.028000000000000004
348,candidate_2,candidate_4,candidate_5,candidate_1,candidate_3,5,0.028000000000000004
349,candidate_2,candidate_4,candidate_5,candidate_1,candidate_3,5,0.028000000000000004
350,candidate_2,candidate_4,candidate_5,candidate_1,candidate_3,5,0.028000000000000004
351,candidate_2,candidate_4,candidate_5,candidate_1,candidate_3,5,0.028000000000000004
352,candidate_2,candidate_4,candidate_5,candidate_1,candidate_3,5,0.028000000000000004
353,candidate_2,candidate_4,candidate_5,candidate_1,candidate_3,5,0.028000000000000004
354,candidate_2,candidate_4,candidate_5,candidate_1,candidate_3,5,0.028000000000000004
355,candidate_2,candidate_4,0,candidate_1,candidate_3,5,0.028000000000000004
356,candidate_2,candidate_4,candidate_5,candidate_1,candidate_3,5,0.028000000000000004
357,candidate_2,candidate_4,candidate_5,candidate_1,candidate_3,5,0.028000000000000004
358,candidate_2,candidate_4,candidate_5,candidate_1,candidate_3,5,0.028000000000000004
359,candidate_2,0,candidate_5,candidate_1,candidate_3,5,0.028000000000000004
360,candidate_2,candidate_4,candidate_5,candidate_1,candidate_3,5,0.028000000000000004
361,candidate_2,candidate_4,candidate_5,candidate_1,candidate_3,5,0.028000000000000004
362,candidate_2,candidate_4,candidate_5,candidate_1,candidate_3,5,0.028000000000000004
363,candidate_2,candidate_4,candidate_5,candidate_1,candidate_3,5,0.028000000000000004
364,candidate_2,candidate_4,candidate_5,candidate_1,candidate_3,5,0.028000000000000004
365,candidate_2,candidate_4,candidate_5,candidate_1,candidate_3,5,0.028000000000000004
366,candidate_2,candidate_4,candidate_5,candidate_1,candidate_3,5,0.028000000000000004
367,candidate_2,candidate_4,candidate_5,candidate_1,candidate_3,5,0.028000000000000004
368,candidate_2,candidate_4,candidate_5,candidate_1,candidate_3,5,0.028000000000000004
369,candidate_2,candidate_4,candidate_5,candidate_1,candidate_3,5,0.028000000000000004
370,candidate_2,candidate_4,candidate_5,candidate_1,candidate_3,5,0.028000000000000004
371,candidate_2,candidate_4,candidate_5,candidate_1,candidate_3,5,0.028000000000000004
372,candidate_2,candidate_4,candidate_5,candidate_1,candidate_3,5,0.028000000000000004
373,candidate_2,candidate_4,candidate_5,candidate_1,candidate_3,5,0.028000000000000004
374,candidate_2,candidate_4,candidate_5,candidate_1,candidate_3,5,0.028000000000000004
375,candidate_2,candidate_4,candidate_5,0,candidate_3,5,0.028000000000000004
376,candidate_2,candidate_4,candidate_5,candidate_1,candidate_3,5,0.028000000000000004
377,candidate_2,candidate_4,candidate_5,candidate_1,candidate_3,5,0.028000000000000004
378,candidate_2,candidate_4,candidate_5,candidate_1,candidate_3,5,0.028000000000000004
379,candidate_2,candidate_4,candidate_5,candidate_1,candidate_3,5,0.028000000000000004
380,candidate_2,candidate_4,candidate_5,candidate_1,candidate_3,5,0.028000000000000004
381,candidate_2,candidate_4,candidate_5,candidate_1,candidate_3,5,0.028000000000000004
382,candidate_2,candidate_4,candidate_5,candidate_1,candidate_3,5,0.028000000000000004
383,candidate_2,candidate_4,candidate_5,candidate_1,candidate_3,5,0.028000000000000004
384,candidate_2,candidate_4,candidate_5,candidate_1,candidate_3,5,0.028000000000000004
385,candidate_2,candidate_4,candidate_5,candidate_1,candidate_3,5,0.028000000000000004
386,candidate_2,candidate_4,candidate_5,candidate_1,candidate_3,5,0.028000000000000004
387,candidate_2,candidate_4,candidate_5,candidate_1,candidate_3,5,0.028000000000000004
388,candidate_2,candidate_4,candidate_5,candidate_1,candidate_3,5,0.028000000000000004
389,candidate_2,candidate_4,candidate_5,candidate_1,candidate_3,5,0.028000000000000004
390,candidate_2,candidate_4,candidate_5,candidate_1,candidate_3,5,0.028000000000000004
391,candidate_2,candidate_4,candidate_5,candidate_1,candidate_3,5,0.028000000000000004
392,candidate_2,candidate_4,candidate_5,candidate_1,candidate_3,5,0.028000000000000004
393,candidate_2,candidate_4,candidate_5,candidate_1,candidate_3,5,0.028000000000000004
394,candidate_2,candidate_4,candidate_5,candidate_1,candidate_3,5,0.028000000000000004
395,candidate_2,candidate_4,candidate_5,candidate_1,candidate_3,5,0.028000000000000004
396,candidate_2,candidate_4,candidate_5,candidate_1,candidate_3,5,0.028000000000000004
397,candidate_2,candidate_4,candidate_5,0,0,5,0.028000000000000004
398,candidate_2,candidate_4,candidate_5,candidate_1,candidate_3,5,0.028000000000000004
399,candidate_2,candidate_4,candidate_5,candidate_1,candidate_3,5,0.028000000000000004
400,candidate_2,candidate_4,candidate_5,candidate_1,candidate_3,5,0.028000000000000004
401,candidate_2,candidate_4,candidate_5,candidate_1,candidate_3,5,0.028000000000000004
402,candidate_2,candidate_4,candidate_5,candidate_1,candidate_3,5,0.028000000000000004
403,candidate_2,candidate_4,candidate_5,candidate_1,candidate_3,5,0.028000000000000004
404,candidate_2,candidate_4,candidate_5,candidate_1,candidate_3,5,0.028000000000000004
405,candidate_2,candidate_4,candidate_5,candidate_1,candidate_3,5,0.028000000000000004
406,candidate_2,candidate_4,candidate_5,candidate_1,candidate_3,5,0.028000000000000004
407,candidate_2,candidate_4,candidate_5,candidate_1,candidate_3,5,0.028000000000000004
408,candidate_2,candidate_4,candidate_5,candidate_1,candidate_3,5,0.028000000000000004
409,candidate_2,0,candidate_5,candidate_1,0,5,0.028000000000000004
410,candidate_2,candidate_4,candidate_5,candidate_1,candidate_3,5,0.028000000000000004
411,candidate_2,candidate_4,candidate_5,candidate_1,candidate_3,5,0.028000000000000004
412,candidate_2,0,0,candidate_1,candidate_3,5,0.028000000000000004
413,candidate_2,candidate_4,candidate_5,0,candidate_3,5,0.028000000000000004
414,candidate_2,candidate_4,candidate_5,candidate_1,candidate_3,5,0.028000000000000004
415,candidate_2,candidate_4,candidate_5,candidate_1,candidate_3,5,0.028000000000000004
416,candidate_2,candidate_4,candidate_5,candidate_1,candidate_3,5,0.028000000000000004
417,candidate_2,candidate_4,candidate_5,candidate_1,candidate_3,5,0.028000000000000004
418,candidate_2,candidate_4,candidate_5,candidate_1,candidate_3,5,0.028000000000000004
419,candidate_2,candidate_4,candidate_5,candidate_1,candidate_3,5,0.028000000000000004
420,candidate_2,candidate_4,candidate_5,candidate_1,candidate_3,5,0.028000000000000004
421,candidate_2,candidate_4,candidate_5,candidate_1,candidate_3,5,0.028000000000000004
422,candidate_2,candidate_4,candidate_5,candidate_1,candidate_3,5,0.028000000000000004
423,candidate_2,candidate_4,candidate_5,candidate_1,candidate_3,5,0.028000000000000004
424,candidate_2,candidate_4,candidate_5,candidate_1,candidate_3,5,0.028000000000000004
425,candidate_2,candidate_4,candidate_5,candidate_1,candidate_3,5,0.028000000000000004
426,candidate_2,candidate_4,candidate_5,candidate_1,candidate_3,5,0.028000000000000004
427,candidate_2,candidate_4,candidate_5,candidate_1,candidate_3,5,0.028000000000000004
428,candidate_2,candidate_4,candidate_5,candidate_1,candidate_3,5,0.028000000000000004
429,candidate_2,candidate_4,candidate_5,candidate_1,candidate_3,5,0.028000000000000004
430,candidate_2,candidate_4,candidate_5,candidate_1,candidate_3,5,0.028000000000000004
431,candidate_2,candidate_4,candidate_5,candidate_1,candidate_3,5,0.028000000000000004
432,candidate_2,candidate_4,candidate_5,candidate_1,candidate_3,5,0.028000000000000004
433,candidate_2,candidate_4,candidate_5,candidate_1,candidate_3,5,0.028000000000000004
434,candidate_2,candidate_4,candidate_5,candidate_1,candidate_3,5,0.028000000000000004
435,candidate_2,candidate_4,candidate_5,candidate_1,candidate_3,5,0.028000000000000004
436,candidate_2,candidate_4,candidate_5,0,candidate_3,5,0.028000000000000004
437,candidate_2,candidate_4,candidate_5,candidate_1,candidate_3,5,0.028000000000000004
438,candidate_2,candidate_4,candidate_5,candidate_1,candidate_3,5,0.028000000000000004
439,candidate_2,candidate_4,candidate_5,candidate_1,candidate_3,5,0.028000000000000004
440,candidate_2,candidate_4,candidate_5,candidate_1,candidate_3,5,0.028000000000000004
441,candidate_2,candidate_4,candidate_5,candidate_1,candidate_3,5,0.028000000000000004
442,candidate_2,candidate_4,candidate_5,candidate_1,candidate_3,5,0.028000000000000004
443,candidate_2,candidate_4,candidate_5,candidate_1,candidate_3,5,0.028000000000000004
444,candidate_2,candidate_4,candidate_5,candidate_1,candidate_3,5,0.028000000000000004
445,candidate_2,candidate_4,candidate_5,candidate_1,candidate_3,5,0.028000000000000004
446,candidate_2,candidate_4,candidate_5,candidate_1,candidate_3,5,0.028000000000000004
447,candidate_2,candidate_4,candidate_5,candidate_1,candidate_3,5,0.028000000000000004
448,candidate_2,candidate_4,candidate_5,candidate_1,candidate_3,5,0.028000000000000004
449,candidate_2,candidate_4,candidate_5,candidate_1,candidate_3,5,0.028000000000000004
450,candidate_2,candidate_4,candidate_5,candidate_1,candidate_3,5,0.028000000000000004
451,candidate_2,candidate_4,candidate_5,candidate_1,candidate_3,5,0.028000000000000004
452,candidate_2,candidate_4,candidate_5,candidate_1,candidate_3,5,0.028000000000000004
453,candidate_2,candidate_4,candidate_5,candidate_1,candidate_3,5,0.028000000000000004
454,candidate_2,candidate_4,candidate_5,candidate_1,candidate_3,5,0.028000000000000004
455,candidate_2,candidate_4,candidate_5,candidate_1,candidate_3,5,0.028000000000000004
456,candidate_2,candidate_4,0,candidate_1,candidate_3,5,0.028000000000000004
457,candidate_2,candidate_4,candidate_5,candidate_1,candidate_3,5,0.028000000000000004
458,candidate_2,candidate_4,candidate_5,candidate_1,candidate_3,5,0.028000000000000004
459,candidate_2,candidate_4,candidate_5,candidate_1,candidate_3,5,0.028000000000000004
460,candidate_2,candidate_4,candidate_5,candidate_1,candidate_3,5,0.028000000000000004
461,candidate_2,candidate_4,candidate_5,candidate_1,candidate_3,5,0.028000000000000004
462,candidate_2,candidate_4,candidate_5,candidate_1,candidate_3,5,0.028000000000000004
463,candidate_2,candidate_4,candidate_5,candidate_1,candidate_3,5,0.028000000000000004
464,candidate_2,candidate_4,candidate_5,candidate_1,candidate_3,5,0.028000000000000004
465,candidate_2,candidate_4,candidate_5,candidate_1,candidate_3,5,0.028000000000000004
466,candidate_2,candidate_4,candidate_5,candidate_1,candidate_3,5,0.028000000000000004
467,candidate_2,candidate_4,0,candidate_1,candidate_3,5,0.028000000000000004
468,candidate_2,candidate_4,candidate_5,candidate_1,candidate_3,5,0.028000000000000004
469,candidate_2,candidate_4,candidate_5,candidate_1,candidate_3,5,0.028000000000000004
470,candidate_2,candidate_4,candidate_5,candidate_1,candidate_3,5,0.028000000000000004
471,candidate_2,candidate_4,candidate_5,candidate_1,candidate_3,5,0.028000000000000004
472,candidate_2,candidate_4,candidate_5,candidate_1,candidate_3,5,0.028000000000000004
473,candidate_2,candidate_4,candidate_5,candidate_1,candidate_3,5,0.028000000000000004
474,candidate_2,candidate_4,candidate_5,candidate_1,candidate_3,5,0.028000000000000004
475,candidate_2,candidate_4,candidate_5,candidate_1,candidate_3,5,0.028000000000000004
476,candidate_2,candidate_4,candidate_5,candidate_1,candidate_3,5,0.028000000000000004
477,candidate_2,candidate_4,candidate_5,candidate_1,candidate_3,5,0.028000000000000004
478,candidate_2,candidate_4,candidate_5,candidate_1,candidate_3,5,0.028000000000000004
479,candidate_2,candidate_4,candidate_5,candidate_1,0,5,0.028000000000000004
480,candidate_2,candidate_4,candidate_5,candidate_1,candidate_3,5,0.028000000000000004
481,candidate_2,candidate_4,candidate_5,candidate_1,candidate_3,5,0.028000000000000004
482,candidate_2,candidate_4,candidate_5,candidate_1,candidate_3,5,0.028000000000000004
483,candidate_2,candidate_4,candidate_5,candidate_1,candidate_3,5,0.028000000000000004
484,candidate_2,candidate_4,candidate_5,candidate_1,candidate_3,5,0.028000000000000004
485,candidate_2,candidate_4,candidate_5,candidate_1,candidate_3,5,0.028000000000000004
486,candidate_2,candidate_4,candidate_5,candidate_1,candidate_3,5,0.028000000000000004
487,candidate_2,candidate_4,candidate_5,candidate_1,candidate_3,5,0.028000000000000004
488,candidate_2,candidate_4,candidate_5,candidate_1,candidate_3,5,0.028000000000000004
489,candidate_2,candidate_4,candidate_5,candidate_1,candidate_3,5,0.028000000000000004
490,candidate_2,candidate_4,candidate_5,candidate_1,candidate_3,5,0.028000000000000004
491,candidate_2,candidate_4,candidate_5,candidate_1,candidate_3,5,0.028000000000000004
492,candidate_2,candidate_4,candidate_5,candidate_1,candidate_3,5,0.028000000000000004
493,candidate_2,candidate_4,candidate_5,candidate_1,candidate_3,5,0.028000000000000004
494,candidate_2,candidate_4,0,candidate_1,0,5,0.028000000000000004
495,candidate_2,candidate_4,candidate_5,candidate_1,candidate_3,5,0.028000000000000004
496,candidate_2,candidate_4,candidate_5,candidate_1,candidate_3,5,0.028000000000000004
497,candidate_2,candidate_4,candidate_5,candidate_1,candidate_3,5,0.028000000000000004
498,candidate_2,candidate_4,candidate_5,candidate_1,candidate_3,5,0.028000000000000004
499,candidate_2,candidate_4,candidate_5,candidate_1,candidate_3,5,0.028000000000000004
500,candidate_2,candidate_4,candidate_5,candidate_1,candidate_3,5,0.028000000000000004
501,candidate_2,candidate_4,candidate_5,candidate_1,candidate_3,5,0.028000000000000004
502,candidate_2,candidate_4,candidate_5,candidate_1,candidate_3,5,0.028000000000000004
503,candidate_2,0,candidate_5,candidate_1,candidate_3,5,0.028000000000000004
504,candidate_2,candidate_4,candidate_5,candidate_1,candidate_3,5,0.028000000000000004
505,candidate_2,candidate_4,candidate_5,candidate_1,candidate_3,5,0.028000000000000004
506,candidate_2,candidate_4,candidate_5,candidate_1,candidate_3,5,0.028000000000000004
507,candidate_2,candidate_4,candidate_5,candidate_1,candidate_3,5,0.028000000000000004
508,candidate_2,candidate_4,candidate_5,candidate_1,candidate_3,5,0.028000000000000004
509,candidate_2,candidate_4,candidate_5,candidate_1,candidate_3,5,0.028000000000000004
510,candidate_2,candidate_4,candidate_5,candidate_1,candidate_3,5,0.028000000000000004
511,candidate_2,candidate_4,candidate_5,candidate_1,candidate_3,5,0.028000000000000004
512,candidate_2,candidate_4,candidate_5,candidate_1,candidate_3,5,0.028000000000000004
513,candidate_2,candidate_4,candidate_5,candidate_1,candidate_3,5,0.028000000000000004
514,candidate_2,candidate_4,candidate_5,candidate_1,candidate_3,5,0.028000000000000004
515,candidate_2,candidate_4,candidate_5,candidate_1,candidate_3,5,0.028000000000000004
516,candidate_2,candidate_4,candidate_5,candidate_1,candidate_3,5,0.028000000000000004
517,candidate_2,candidate_4,candidate_5,candidate_1,candidate_3,5,0.028000000000000004
518,candidate_2,candidate_4,candidate_5,candidate_1,candidate_3,5,0.028000000000000004
519,candidate_2,candidate_4,candidate_5,candidate_1,candidate_3,5,0.028000000000000004
520,candidate_2,candidate_4,candidate_5,candidate_1,candidate_3,5,0.028000000000000004
521,candidate_2,candidate_4,candidate_5,candidate_1,candidate_3,5,0.028000000000000004
522,candidate_2,candidate_4,candidate_5,candidate_1,candidate_3,5,0.028000000000000004
523,candidate_2,candidate_4,candidate_5,candidate_1,candidate_3,5,0.028000000000000004
524,candidate_2,candidate_4,candidate_5,candidate_1,candidate_3,5,0.028000000000000004
525,candidate_2,candidate_4,candidate_5,candidate_1,candidate_3,5,0.028000000000000004
526,candidate_2,candidate_4,candidate_5,candidate_1,candidate_3,5,0.028000000000000004
527,candidate_2,candidate_4,candidate_5,candidate_1,candidate_3,5,0.028000000000000004
528,candidate_2,candidate_4,candidate_5,candidate_1,candidate_3,5,0.028000000000000004
529,candidate_2,candidate_4,candidate_5,candidate_1,candidate_3,5,0.028000000000000004
530,candidate_2,candidate_4,candidate_5,candidate_1,candidate_3,5,0.028000000000000004
531,candidate_2,candidate_4,candidate_5,candidate_1,candidate_3,5,0.028000000000000004
532,candidate_2,candidate_4,candidate_5,candidate_1,candidate_3,5,0.028000000000000004
533,candidate_2,candidate_4,candidate_5,candidate_1,candidate_3,5,0.028000000000000004
534,candidate_2,candidate_4,candidate_5,candidate_1,candidate_3,5,0.028000000000000004
535,candidate_2,0,candidate_5,candidate_1,candidate_3,5,0.028000000000000004
536,candidate_2,candidate_4,candidate_5,candidate_1,candidate_3,5,0.028000000000000004
537,candidate_2,candidate_4,candidate_5,candidate_1,candidate_3,5,0.028000000000000004
538,candidate_2,candidate_4,candidate_5,candidate_1,candidate_3,5,0.028000000000000004
539,candidate_2,candidate_4,candidate_5,candidate_1,candidate_3,5,0.028000000000000004
540,candidate_2,candidate_4,candidate_5,candidate_1,candidate_3,5,0.028000000000000004
541,candidate_2,candidate_4,candidate_5,candidate_1,candidate_3,5,0.028000000000000004
542,candidate_2,candidate_4,candidate_5,candidate_1,candidate_3,5,0.028000000000000004
543,candidate_2,candidate_4,candidate_5,candidate_1,candidate_3,5,0.028000000000000004
544,candidate_2,0,candidate_5,candidate_1,candidate_3,5,0.028000000000000004
545,candidate_2,candidate_4,candidate_5,candidate_1,candidate_3,5,0.028000000000000004
546,candidate_2,candidate_4,candidate_5,candidate_1,candidate_3,5,0.028000000000000004
547,candidate_2,candidate_4,candidate_5,candidate_1,candidate_3,5,0.028000000000000004
548,candidate_2,candidate_4,candidate_5,candidate_1,candidate_3,5,0.028000000000000004
549,candidate_2,candidate_4,candidate_5,candidate_1,candidate_3,5,0.028000000000000004
550,candidate_2,candidate_4,candidate_5,0,candidate_3,5,0.028000000000000004
551,candidate_2,candidate_4,candidate_5,candidate_1,candidate_3,5,0.028000000000000004
552,0,candidate_4,candidate_5,candidate_1,0,5,0.028000000000000004
553,candidate_2,candidate_4,candidate_5,candidate_1,candidate_3,5,0.028000000000000004
554,candidate_2,candidate_4,candidate_5,candidate_1,candidate_3,5,0.028000000000000004
555,candidate_2,candidate_4,candidate_5,candidate_1,candidate_3,5,0.028000000000000004
556,candidate_2,candidate_4,candidate_5,candidate_1,candidate_3,5,0.028000000000000004
557,candidate_2,0,candidate_5,candidate_1,candidate_3,5,0.028000000000000004
558,candidate_2,candidate_4,candidate_5,candidate_1,candidate_3,5,0.028000000000000004
559,candidate_2,candidate_4,candidate_5,candidate_1,candidate_3,5,0.028000000000000004
560,candidate_2,candidate_4,candidate_5,candidate_1,candidate_3,5,0.028000000000000004
561,candidate_2,candidate_4,candidate_5,candidate_1,candidate_3,5,0.028000000000000004
562,candidate_2,candidate_4,candidate_5,candidate_1,candidate_3,5,0.028000000000000004
563,candidate_2,candidate_4,candidate_5,candidate_1,candidate_3,5,0.028000000000000004
564,candidate_2,candidate_4,0,candidate_1,candidate_3,5,0.028000000000000004
565,candidate_2,candidate_4,candidate_5,candidate_1,candidate_3,5,0.028000000000000004
566,candidate_2,candidate_4,candidate_5,candidate_1,candidate_3,5,0.028000000000000004
567,candidate_2,candidate_4,candidate_5,candidate_1,candidate_3,5,0.028000000000000004
568,candidate_2,candidate_4,candidate_5,candidate_1,candidate_3,5,0.028000000000000004
569,candidate_2,candidate_4,candidate_5,candidate_1,candidate_3,5,0.028000000000000004
570,candidate_2,candidate_4,candidate_5,candidate_1,candidate_3,5,0.028000000000000004
571,candidate_2,candidate_4,candidate_5,candidate_1,candidate_3,5,0.028000000000000004
572,candidate_2,candidate_4,candidate_5,candidate_1,candidate_3,5,0.028000000000000004
573,candidate_2,candidate_4,candidate_5,candidate_1,candidate_3,5,0.028000000000000004
574,candidate_2,candidate_4,candidate_5,candidate_1,candidate_3,5,0.028000000000000004
575,candidate_2,candidate_4,candidate_5,candidate_1,candidate_3,5,0.028000000000000004
576,0,candidate_4,candidate_5,candidate_1,candidate_3,5,0.028000000000000004
577,candidate_2,candidate_4,candidate_5,candidate_1,candidate_3,5,0.028000000000000004
578,candidate_2,candidate_4,candidate_5,candidate_1,candidate_3,5,0.028000000000000004
579,candidate_2,candidate_4,candidate_5,candidate_1,candidate_3,5,0.028000000000000004
580,candidate_2,candidate_4,candidate_5,candidate_1,candidate_3,5,0.028000000000000004
581,candidate_2,candidate_4,candidate_5,candidate_1,candidate_3,5,0.028000000000000004
582,candidate_2,candidate_4,candidate_5,candidate_1,candidate_3,5,0.028000000000000004
583,candidate_2,candidate_4,candidate_5,candidate_1,candidate_3,5,0.028000000000000004
584,candidate_2,candidate_4,candidate_5,candidate_1,candidate_3,5,0.028000000000000004
585,candidate_2,candidate_4,candidate_5,candidate_1,candidate_3,5,0.028000000000000004
586,candidate_2,candidate_4,candidate_5,candidate_1,candidate_3,5,0.028000000000000004
587,candidate_2,candidate_4,candidate_5,candidate_1,candidate_3,5,0.028000000000000004
588,candidate_2,candidate_4,candidate_5,candidate_1,candidate_3,5,0.028000000000000004
589,candidate_2,candidate_4,0,candidate_1,candidate_3,5,0.028000000000000004
0,candidate_2,candidate_4,candidate_5,candidate_3,0,5,0.028000000000000004
1,candidate_2,candidate_4,candidate_5,candidate_3,candidate_1,5,0.028000000000000004
2,candidate_2,candidate_4,candidate_5,candidate_3,candidate_1,5,0.028000000000000004
3,candidate_2,candidate_4,candidate_5,candidate_3,candidate_1,5,0.028000000000000004
4,candidate_2,candidate_4,candidate_5,candidate_3,candidate_1,5,0.028000000000000004
5,candidate_2,candidate_4,candidate_5,candidate_3,candidate_1,5,0.028000000000000004
6,candidate_2,candidate_4,candidate_5,candidate_3,candidate_1,5,0.028000000000000004
7,candidate_2,candidate_4,candidate_5,candidate_3,candidate_1,5,0.028000000000000004
8,candidate_2,candidate_4,candidate_5,candidate_3,candidate_1,5,0.028000000000000004
9,0,candidate_4,candidate_5,candidate_3,candidate_1,5,0.028000000000000004
10,candidate_2,candidate_4,candidate_5,candidate_3,candidate_1,5,0.028000000000000004
11,candidate_2,candidate_4,candidate_5,candidate_3,candidate_1,5,0.028000000000000004
12,candidate_2,candidate_4,candidate_5,candidate_3,candidate_1,5,0.028000000000000004
13,candidate_2,candidate_4,candidate_5,candidate_3,candidate_1,5,0.028000000000000004
14,candidate_2,candidate_4,candidate_5,candidate_3,candidate_1,5,0.028000000000000004
15,candidate_2,candidate_4,0,candidate_3,candidate_1,5,0.028000000000000004
16,candidate_2,candidate_4,candidate_5,candidate_3,candidate_1,5,0.028000000000000004
17,candidate_2,candidate_4,candidate_5,candidate_3,candidate_1,5,0.028000000000000004
18,candidate_2,candidate_4,candidate_5,candidate_3,candidate_1,5,0.028000000000000004
19,candidate_2,candidate_4,candidate_5,candidate_3,candidate_1,5,0.028000000000000004
20,candidate_2,candidate_4,candidate_5,candidate_3,candidate_1,5,0.028000000000000004
21,candidate_2,candidate_4,candidate_5,candidate_3,candidate_1,5,0.028000000000000004
22,candidate_2,candidate_4,candidate_5,candidate_3,candidate_1,5,0.028000000000000004
23,candidate_2,0,candidate_5,candidate_3,candidate_1,5,0.028000000000000004
24,candidate_2,candidate_4,candidate_5,candidate_3,candidate_1,5,0.028000000000000004
25,candidate_2,candidate_4,candidate_5,candidate_3,candidate_1,5,0.028000000000000004
26,candidate_2,candidate_4,candidate_5,candidate_3,candidate_1,5,0.028000000000000004
27,candidate_2,candidate_4,candidate_5,candidate_3,candidate_1,5,0.028000000000000004
28,0,0,candidate_5,candidate_3,candidate_1,5,0.028000000000000004
29,candidate_2,candidate_4,candidate_5,candidate_3,candidate_1,5,0.028000000000000004
30,candidate_2,candidate_4,candidate_5,candidate_3,candidate_1,5,0.028000000000000004
31,candidate_2,candidate_4,candidate_5,candidate_3,candidate_1,5,0.028000000000000004
32,candidate_2,candidate_4,candidate_5,candidate_3,candidate_1,5,0.028000000000000004
33,candidate_2,candidate_4,candidate_5,candidate_3,candidate_1,5,0.028000000000000004
34,candidate_2,candidate_4,candidate_5,candidate_3,candidate_1,5,0.028000000000000004
35,candidate_2,candidate_4,candidate_5,candidate_3,candidate_1,5,0.028000000000000004
36,candidate_2,candidate_4,0,candidate_3,candidate_1,5,0.028000000000000004
37,candidate_2,candidate_4,candidate_5,candidate_3,candidate_1,5,0.028000000000000004
38,candidate_2,candidate_4,candidate_5,candidate_3,candidate_1,5,0.028000000000000004
39,candidate_2,candidate_4,candidate_5,candidate_3,candidate_1,5,0.028000000000000004
40,candidate_2,candidate_4,candidate_5,candidate_3,candidate_1,5,0.028000000000000004
41,candidate_2,candidate_4,candidate_5,candidate_3,candidate_1,5,0.028000000000000004
42,candidate_2,candidate_4,candidate_5,candidate_3,candidate_1,5,0.028000000000000004
43,candidate_2,candidate_4,candidate_5,candidate_3,candidate_1,5,0.028000000000000004
44,candidate_2,candidate_4,candidate_5,candidate_3,candidate_1,5,0.028000000000000004
45,candidate_2,candidate_4,candidate_5,candidate_3,candidate_1,5,0.028000000000000004
46,candidate_2,candidate_4,candidate_5,candidate_3,candidate_1,5,0.028000000000000004
47,candidate_2,candidate_4,candidate_5,candidate_3,candidate_1,5,0.028000000000000004
48,candidate_2,candidate_4,candidate_5,candidate_3,candidate_1,5,0.028000000000000004
49,candidate_2,candidate_4,candidate_5,candidate_3,candidate_1,5,0.028000000000000004
50,candidate_2,candidate_4,candidate_5,candidate_3,candidate_1,5,0.028000000000000004
51,candidate_2,candidate_4,0,candidate_3,candidate_1,5,0.028000000000000004
52,candidate_2,candidate_4,candidate_5,candidate_3,candidate_1,5,0.028000000000000004
53,candidate_2,candidate_4,candidate_5,candidate_3,candidate_1,5,0.028000000000000004
54,candidate_2,candidate_4,candidate_5,candidate_3,candidate_1,5,0.028000000000000004
55,candidate_2,candidate_4,candidate_5,candidate_3,candidate_1,5,0.028000000000000004
56,candidate_2,candidate_4,candidate_5,candidate_3,candidate_1,5,0.028000000000000004
57,candidate_2,candidate_4,candidate_5,candidate_3,candidate_1,5,0.028000000000000004
58,candidate_2,candidate_4,candidate_5,candidate_3,candidate_1,5,0.028000000000000004
59,candidate_2,candidate_4,candidate_5,candidate_3,candidate_1,5,0.028000000000000004
60,candidate_2,candidate_4,candidate_5,0,candidate_1,5,0.028000000000000004
61,candidate_2,candidate_4,candidate_5,candidate_3,candidate_1,5,0.028000000000000004
62,candidate_2,candidate_4,candidate_5,candidate_3,candidate_1,5,0.028000000000000004
63,candidate_2,candidate_4,candidate_5,candidate_3,candidate_1,5,0.028000000000000004
64,candidate_2,candidate_4,candidate_5,candidate_3,candidate_1,5,0.028000000000000004
65,candidate_2,candidate_4,candidate_5,candidate_3,candidate_1,5,0.028000000000000004
66,candidate_2,0,candidate_5,candidate_3,candidate_1,5,0.028000000000000004
67,candidate_2,candidate_4,candidate_5,candidate_3,candidate_1,5,0.028000000000000004
68,candidate_2,candidate_4,candidate_5,candidate_3,candidate_1,5,0.028000000000000004
69,candidate_2,candidate_4,candidate_5,candidate_3,candidate_1,5,0.028000000000000004
70,candidate_2,candidate_4,candidate_5,candidate_3,candidate_1,5,0.028000000000000004
71,candidate_2,candidate_4,candidate_5,candidate_3,candidate_1,5,0.028000000000000004
72,candidate_2,candidate_4,candidate_5,candidate_3,candidate_1,5,0.028000000000000004
73,candidate_2,candidate_4,candidate_5,candidate_3,candidate_1,5,0.028000000000000004
74,candidate_2,candidate_4,candidate_5,candidate_3,candidate_1,5,0.028000000000000004
75,candidate_2,candidate_4,candidate_5,candidate_3,candidate_1,5,0.028000000000000004
76,candidate_2,candidate_4,candidate_5,candidate_3,candidate_1,5,0.028000000000000004
77,candidate_2,candidate_4,candidate_5,candidate_3,candidate_1,5,0.028000000000000004
78,candidate_2,candidate_4,candidate_5,candidate_3,candidate_1,5,0.028000000000000004
79,candidate_2,candidate_4,candidate_5,candidate_3,candidate_1,5,0.028000000000000004
80,candidate_2,candidate_4,candidate_5,candidate_3,candidate_1,5,0.028000000000000004
81,candidate_2,candidate_4,candidate_5,candidate_3,candidate_1,5,0.028000000000000004
82,candidate_2,candidate_4,candidate_5,candidate_3,candidate_1,5,0.028000000000000004
83,candidate_2,candidate_4,candidate_5,candidate_3,candidate_1,5,0.028000000000000004
84,candidate_2,candidate_4,candidate_5,candidate_3,candidate_1,5,0.028000000000000004
85,candidate_2,candidate_4,candidate_5,candidate_3,candidate_1,5,0.028000000000000004
86,candidate_2,candidate_4,candidate_5,candidate_3,candidate_1,5,0.028000000000000004
87,candidate_2,candidate_4,candidate_5,candidate_3,0,5,0.028000000000000004
88,candidate_2,candidate_4,candidate_5,candidate_3,candidate_1,5,0.028000000000000004
89,candidate_2,candidate_4,candidate_5,candidate_3,candidate_1,5,0.028000000000000004
90,candidate_2,candidate_4,candidate_5,candidate_3,candidate_1,5,0.028000000000000004
91,candidate_2,candidate_4,candidate_5,candidate_3,0,5,0.028000000000000004
92,candidate_2,candidate_4,candidate_5,0,candidate_1,5,0.028000000000000004
93,candidate_2,candidate_4,candidate_5,candidate_3,candidate_1,5,0.028000000000000004
94,candidate_2,candidate_4,candidate_5,candidate_3,candidate_1,5,0.028000000000000004
95,candidate_2,candidate_4,candidate_5,candidate_3,candidate_1,5,0.028000000000000004
96,candidate_2,candidate_4,candidate_5,candidate_3,candidate_1,5,0.028000000000000004
97,candidate_2,candidate_4,candidate_5,candidate_3,candidate_1,5,0.028000000000000004
98,candidate_2,candidate_4,candidate_5,candidate_3,candidate_1,5,0.028000000000000004
99,candidate_2,candidate_4,candidate_5,candidate_3,candidate_1,5,0.028000000000000004
100,candidate_2,candidate_4,0,candidate_3,candidate_1,5,0.028000000000000004
101,candidate_2,candidate_4,candidate_5,candidate_3,candidate_1,5,0.028000000000000004
102,candidate_2,candidate_4,candidate_5,candidate_3,candidate_1,5,0.028000000000000004
103,candidate_2,candidate_4,candidate_5,0,candidate_1,5,0.028000000000000004
104,candidate_2,candidate_4,candidate_5,candidate_3,candidate_1,5,0.028000000000000004
105,candidate_2,0,candidate_5,candidate_3,candidate_1,5,0.028000000000000004
106,candidate_2,candidate_4,candidate_5,candidate_3,candidate_1,5,0.028000000000000004
107,candidate_2,candidate_4,candidate_5,candidate_3,candidate_1,5,0.028000000000000004
108,0,candidate_4,candidate_5,candidate_3,candidate_1,5,0.028000000000000004
109,candidate_2,candidate_4,candidate_5,candidate_3,candidate_1,5,0.028000000000000004
110,candidate_2,candidate_4,candidate_5,candidate_3,candidate_1,5,0.028000000000000004
111,candidate_2,candidate_4,candidate_5,candidate_3,candidate_1,5,0.028000000000000004
112,candidate_2,candidate_4,candidate_5,candidate_3,candidate_1,5,0.028000000000000004
113,candidate_2,candidate_4,candidate_5,candidate_3,candidate_1,5,0.028000000000000004
114,candidate_2,candidate_4,candidate_5,0,candidate_1,5,0.028000000000000004
115,candidate_2,candidate_4,candidate_5,candidate_3,candidate_1,5,0.028000000000000004
116,candidate_2,candidate_4,candidate_5,candidate_3,candidate_1,5,0.028000000000000004
117,candidate_2,candidate_4,candidate_5,candidate_3,candidate_1,5,0.028000000000000004
118,candidate_2,candidate_4,candidate_5,candidate_3,candidate_1,5,0.028000000000000004
119,candidate_2,0,candidate_5,candidate_3,candidate_1,5,0.028000000000000004
120,candidate_2,candidate_4,candidate_5,candidate_3,candidate_1,5,0.028000000000000004
121,candidate_2,candidate_4,candidate_5,candidate_3,candidate_1,5,0.028000000000000004
122,candidate_2,candidate_4,candidate_5,candidate_3,candidate_1,5,0.028000000000000004
123,candidate_2,candidate_4,candidate_5,candidate_3,candidate_1,5,0.028000000000000004
124,candidate_2,candidate_4,candidate_5,candidate_3,candidate_1,5,0.028000000000000004
125,candidate_2,candidate_4,candidate_5,candidate_3,candidate_1,5,0.028000000000000004
126,candidate_2,candidate_4,candidate_5,candidate_3,candidate_1,5,0.028000000000000004
127,candidate_2,candidate_4,candidate_5,candidate_3,candidate_1,5,0.028000000000000004
128,candidate_2,candidate_4,candidate_5,candidate_3,candidate_1,5,0.028000000000000004
129,candidate_2,candidate_4,candidate_5,candidate_3,candidate_1,5,0.028000000000000004
130,candidate_2,candidate_4,candidate_5,candidate_3,candidate_1,5,0.028000000000000004
131,candidate_2,candidate_4,candidate_5,candidate_3,candidate_1,5,0.028000000000000004
132,candidate_2,candidate_4,candidate_5,candidate_3,candidate_1,5,0.028000000000000004
133,candidate_2,candidate_4,candidate_5,candidate_3,candidate_1,5,0.028000000000000004
134,candidate_2,candidate_4,0,candidate_3,candidate_1,5,0.028000000000000004
135,candidate_2,candidate_4,candidate_5,candidate_3,candidate_1,5,0.028000000000000004
136,candidate_2,candidate_4,candidate_5,candidate_3,candidate_1,5,0.028000000000000004
137,candidate_2,0,candidate_5,candidate_3,candidate_1,5,0.028000000000000004
138,candidate_2,candidate_4,candidate_5,candidate_3,candidate_1,5,0.028000000000000004
139,candidate_2,candidate_4,candidate_5,candidate_3,candidate_1,5,0.028000000000000004
140,candidate_2,candidate_4,candidate_5,candidate_3,candidate_1,5,0.028000000000000004
141,candidate_2,candidate_4,candidate_5,candidate_3,candidate_1,5,0.028000000000000004
142,candidate_2,candidate_4,candidate_5,candidate_3,candidate_1,5,0.028000000000000004
143,candidate_2,candidate_4,candidate_5,candidate_3,candidate_1,5,0.028000000000000004
144,candidate_2,candidate_4,candidate_5,candidate_3,0,5,0.028000000000000004
145,candidate_2,candidate_4,candidate_5,candidate_3,candidate_1,5,0.028000000000000004
146,candidate_2,candidate_4,candidate_5,candidate_3,candidate_1,5,0.028000000000000004
147,candidate_2,candidate_4,candidate_5,candidate_3,candidate_1,5,0.028000000000000004
148,candidate_2,candidate_4,candidate_5,candidate_3,candidate_1,5,0.028000000000000004
149,candidate_2,candidate_4,candidate_5,candidate_3,candidate_1,5,0.028000000000000004
150,candidate_2,candidate_4,0,candidate_3,candidate_1,5,0.028000000000000004
151,candidate_2,candidate_4,candidate_5,0,candidate_1,5,0.028000000000000004
152,candidate_2,candidate_4,candidate_5,candidate_3,candidate_1,5,0.028000000000000004
153,candidate_2,candidate_4,0,candidate_3,candidate_1,5,0.028000000000000004
154,candidate_2,candidate_4,candidate_5,candidate_3,candidate_1,5,0.028000000000000004
155,candidate_2,candidate_4,candidate_5,candidate_3,candidate_1,5,0.028000000000000004
156,candidate_2,candidate_4,candidate_5,candidate_3,candidate_1,5,0.028000000000000004
157,candidate_2,candidate_4,candidate_5,candidate_3,candidate_1,5,0.028000000000000004
158,candidate_2,candidate_4,candidate_5,candidate_3,candidate_1,5,0.028000000000000004
159,candidate_2,candidate_4,candidate_5,candidate_3,candidate_1,5,0.028000000000000004
160,candidate_2,candidate_4,candidate_5,candidate_3,candidate_1,5,0.028000000000000004
161,candidate_2,candidate_4,candidate_5,candidate_3,candidate_1,5,0.028000000000000004
162,candidate_2,candidate_4,candidate_5,candidate_3,candidate_1,5,0.028000000000000004
163,candidate_2,candidate_4,candidate_5,candidate_3,candidate_1,5,0.028000000000000004
164,candidate_2,candidate_4,candidate_5,candidate_3,candidate_1,5,0.028000000000000004
165,candidate_2,0,candidate_5,candidate_3,candidate_1,5,0.028000000000000004
166,candidate_2,candidate_4,candidate_5,candidate_3,candidate_1,5,0.028000000000000004
167,candidate_2,candidate_4,candidate_5,candidate_3,candidate_1,5,0.028000000000000004
168,candidate_2,candidate_4,candidate_5,candidate_3,candidate_1,5,0.028000000000000004
169,candidate_2,candidate_4,candidate_5,candidate_3,candidate_1,5,0.028000000000000004
170,0,candidate_4,candidate_5,candidate_3,candidate_1,5,0.028000000000000004
171,candidate_2,candidate_4,candidate_5,candidate_3,candidate_1,5,0.028000000000000004
172,candidate_2,candidate_4,candidate_5,candidate_3,candidate_1,5,0.028000000000000004
173,candidate_2,candidate_4,candidate_5,candidate_3,candidate_1,5,0.028000000000000004
174,candidate_2,candidate_4,candidate_5,candidate_3,candidate_1,5,0.028000000000000004
175,candidate_2,candidate_4,candidate_5,candidate_3,candidate_1,5,0.028000000000000004
176,candidate_2,candidate_4,candidate_5,candidate_3,candidate_1,5,0.028000000000000004
177,candidate_2,candidate_4,candidate_5,candidate_3,candidate_1,5,0.028000000000000004
178,candidate_2,candidate_4,candidate_5,candidate_3,candidate_1,5,0.028000000000000004
179,candidate_2,candidate_4,candidate_5,candidate_3,candidate_1,5,0.028000000000000004
180,candidate_2,candidate_4,candidate_5,candidate_3,candidate_1,5,0.028000000000000004
181,candidate_2,0,candidate_5,candidate_3,candidate_1,5,0.028000000000000004
182,candidate_2,0,candidate_5,candidate_3,candidate_1,5,0.028000000000000004
183,candidate_2,0,candidate_5,candidate_3,candidate_1,5,0.028000000000000004
184,candidate_2,candidate_4,candidate_5,candidate_3,candidate_1,5,0.028000000000000004
185,candidate_2,candidate_4,candidate_5,candidate_3,candidate_1,5,0.028000000000000004
186,candidate_2,candidate_4,candidate_5,candidate_3,candidate_1,5,0.028000000000000004
187,candidate_2,candidate_4,candidate_5,candidate_3,candidate_1,5,0.028000000000000004
188,candidate_2,candidate_4,candidate_5,candidate_3,candidate_1,5,0.028000000000000004
189,candidate_2,candidate_4,candidate_5,candidate_3,candidate_1,5,0.028000000000000004
190,candidate_2,candidate_4,candidate_5,candidate_3,candidate_1,5,0.028000000000000004
191,candidate_2,candidate_4,candidate_5,candidate_3,candidate_1,5,0.028000000000000004
192,candidate_2,candidate_4,candidate_5,candidate_3,candidate_1,5,0.028000000000000004
193,candidate_2,candidate_4,candidate_5,candidate_3,candidate_1,5,0.028000000000000004
194,candidate_2,candidate_4,candidate_5,candidate_3,candidate_1,5,0.028000000000000004
195,candidate_2,candidate_4,candidate_5,candidate_3,candidate_1,5,0.028000000000000004
196,candidate_2,candidate_4,candidate_5,candidate_3,candidate_1,5,0.028000000000000004
197,candidate_2,candidate_4,candidate_5,candidate_3,candidate_1,5,0.028000000000000004
198,candidate_2,candidate_4,candidate_5,candidate_3,candidate_1,5,0.028000000000000004
199,candidate_2,candidate_4,candidate_5,candidate_3,candidate_1,5,0.028000000000000004
200,candidate_2,candidate_4,candidate_5,candidate_3,candidate_1,5,0.028000000000000004
201,candidate_2,candidate_4,candidate_5,candidate_3,candidate_1,5,0.028000000000000004
202,candidate_2,candidate_4,candidate_5,candidate_3,candidate_1,5,0.028000000000000004
203,candidate_2,candidate_4,candidate_5,candidate_3,candidate_1,5,0.028000000000000004
204,candidate_2,candidate_4,candidate_5,candidate_3,candidate_1,5,0.028000000000000004
205,candidate_2,candidate_4,candidate_5,candidate_3,candidate_1,5,0.028000000000000004
206,candidate_2,candidate_4,candidate_5,candidate_3,candidate_1,5,0.028000000000000004
207,candidate_2,candidate_4,candidate_5,candidate_3,candidate_1,5,0.028000000000000004
208,candidate_2,candidate_4,candidate_5,candidate_3,candidate_1,5,0.028000000000000004
209,candidate_2,candidate_4,candidate_5,candidate_3,candidate_1,5,0.028000000000000004
210,candidate_2,candidate_4,candidate_5,candidate_3,candidate_1,5,0.028000000000000004
211,candidate_2,candidate_4,candidate_5,candidate_3,candidate_1,5,0.028000000000000004
212,candidate_2,candidate_4,candidate_5,candidate_3,candidate_1,5,0.028000000000000004
213,candidate_2,candidate_4,candidate_5,candidate_3,candidate_1,5,0.028000000000000004
214,candidate_2,candidate_4,candidate_5,candidate_3,candidate_1,5,0.028000000000000004
215,candidate_2,candidate_4,candidate_5,candidate_3,candidate_1,5,0.028000000000000004
216,candidate_2,candidate_4,candidate_5,candidate_3,candidate_1,5,0.028000000000000004
217,candidate_2,0,candidate_5,candidate_3,candidate_1,5,0.028000000000000004
218,candidate_2,candidate_4,0,candidate_3,candidate_1,5,0.028000000000000004
219,candidate_2,candidate_4,candidate_5,candidate_3,candidate_1,5,0.028000000000000004
220,candidate_2,candidate_4,candidate_5,candidate_3,candidate_1,5,0.028000000000000004
221,candidate_2,candidate_4,candidate_5,candidate_3,0,5,0.028000000000000004
222,candidate_2,candidate_4,candidate_5,candidate_3,0,5,0.028000000000000004
223,candidate_2,candidate_4,candidate_5,candidate_3,candidate_1,5,0.028000000000000004
224,candidate_2,candidate_4,candidate_5,candidate_3,0,5,0.028000000000000004
225,candidate_2,candidate_4,candidate_5,candidate_3,candidate_1,5,0.028000000000000004
226,candidate_2,candidate_4,candidate_5,candidate_3,candidate_1,5,0.028000000000000004
227,candidate_2,candidate_4,candidate_5,candidate_3,candidate_1,5,0.028000000000000004
228,candidate_2,candidate_4,candidate_5,candidate_3,candidate_1,5,0.028000000000000004
229,candidate_2,candidate_4,candidate_5,candidate_3,candidate_1,5,0.028000000000000004
230,candidate_2,candidate_4,candidate_5,candidate_3,candidate_1,5,0.028000000000000004
231,candidate_2,candidate_4,candidate_5,candidate_3,candidate_1,5,0.028000000000000004
232,candidate_2,candidate_4,candidate_5,candidate_3,candidate_1,5,0.028000000000000004
233,candidate_2,candidate_4,candidate_5,candidate_3,candidate_1,5,0.028000000000000004
234,candidate_2,candidate_4,candidate_5,candidate_3,candidate_1,5,0.028000000000000004
235,candidate_2,candidate_4,candidate_5,candidate_3,candidate_1,5,0.028000000000000004
236,candidate_2,candidate_4,candidate_5,candidate_3,candidate_1,5,0.028000000000000004
237,candidate_2,candidate_4,candidate_5,candidate_3,candidate_1,5,0.028000000000000004
238,candidate_2,candidate_4,candidate_5,candidate_3,candidate_1,5,0.028000000000000004
239,candidate_2,candidate_4,candidate_5,candidate_3,candidate_1,5,0.028000000000000004
240,candidate_2,candidate_4,candidate_5,candidate_3,candidate_1,5,0.028000000000000004
241,candidate_2,candidate_4,candidate_5,candidate_3,0,5,0.028000000000000004
242,candidate_2,candidate_4,candidate_5,candidate_3,candidate_1,5,0.028000000000000004
243,candidate_2,candidate_4,candidate_5,candidate_3,candidate_1,5,0.028000000000000004
244,candidate_2,candidate_4,candidate_5,candidate_3,0,5,0.028000000000000004
245,candidate_2,candidate_4,candidate_5,candidate_3,candidate_1,5,0.028000000000000004
246,candidate_2,candidate_4,candidate_5,candidate_3,candidate_1,5,0.028000000000000004
247,candidate_2,candidate_4,candidate_5,candidate_3,candidate_1,5,0.028000000000000004
248,candidate_2,candidate_4,candidate_5,candidate_3,candidate_1,5,0.028000000000000004
249,candidate_2,candidate_4,candidate_5,candidate_3,candidate_1,5,0.028000000000000004
250,candidate_2,candidate_4,candidate_5,candidate_3,candidate_1,5,0.028000000000000004
251,candidate_2,candidate_4,candidate_5,candidate_3,candidate_1,5,0.028000000000000004
252,0,candidate_4,candidate_5,candidate_3,candidate_1,5,0.028000000000000004
253,candidate_2,candidate_4,candidate_5,candidate_3,candidate_1,5,0.028000000000000004
254,candidate_2,candidate_4,candidate_5,candidate_3,candidate_1,5,0.028000000000000004
255,candidate_2,candidate_4,candidate_5,candidate_3,candidate_1,5,0.028000000000000004
256,candidate_2,candidate_4,candidate_5,candidate_3,candidate_1,5,0.028000000000000004
257,candidate_2,candidate_4,candidate_5,candidate_3,candidate_1,5,0.028000000000000004
258,0,candidate_4,candidate_5,candidate_3,candidate_1,5,0.028000000000000004
259,candidate_2,candidate_4,candidate_5,candidate_3,candidate_1,5,0.028000000000000004
260,candidate_2,candidate_4,candidate_5,candidate_3,candidate_1,5,0.028000000000000004
261,candidate_2,candidate_4,candidate_5,candidate_3,candidate_1,5,0.028000000000000004
262,candidate_2,candidate_4,candidate_5,candidate_3,0,5,0.028000000000000004
263,candidate_2,candidate_4,candidate_5,candidate_3,candidate_1,5,0.028000000000000004
264,candidate_2,candidate_4,candidate_5,candidate_3,candidate_1,5,0.028000000000000004
265,candidate_2,candidate_4,candidate_5,candidate_3,candidate_1,5,0.028000000000000004
266,candidate_2,candidate_4,candidate_5,candidate_3,candidate_1,5,0.028000000000000004
267,candidate_2,candidate_4,candidate_5,candidate_3,candidate_1,5,0.028000000000000004
268,candidate_2,candidate_4,candidate_5,candidate_3,candidate_1,5,0.028000000000000004
269,candidate_2,candidate_4,candidate_5,candidate_3,candidate_1,5,0.028000000000000004
270,candidate_2,candidate_4,candidate_5,candidate_3,candidate_1,5,0.028000000000000004
271,candidate_2,candidate_4,candidate_5,candidate_3,candidate_1,5,0.028000000000000004
272,candidate_2,candidate_4,candidate_5,candidate_3,candidate_1,5,0.028000000000000004
273,candidate_2,candidate_4,candidate_5,candidate_3,candidate_1,5,0.028000000000000004
274,candidate_2,candidate_4,candidate_5,candidate_3,candidate_1,5,0.028000000000000004
275,candidate_2,candidate_4,candidate_5,candidate_3,candidate_1,5,0.028000000000000004
276,candidate_2,candidate_4,candidate_5,candidate_3,candidate_1,5,0.028000000000000004
277,candidate_2,candidate_4,candidate_5,candidate_3,candidate_1,5,0.028000000000000004
278,candidate_2,candidate_4,candidate_5,candidate_3,candidate_1,5,0.028000000000000004
279,candidate_2,candidate_4,candidate_5,candidate_3,candidate_1,5,0.028000000000000004
280,candidate_2,candidate_4,candidate_5,candidate_3,candidate_1,5,0.028000000000000004
281,candidate_2,candidate_4,candidate_5,candidate_3,candidate_1,5,0.028000000000000004
282,candidate_2,candidate_4,candidate_5,candidate_3,candidate_1,5,0.028000000000000004
283,candidate_2,candidate_4,candidate_5,candidate_3,candidate_1,5,0.028000000000000004
284,candidate_2,candidate_4,candidate_5,candidate_3,candidate_1,5,0.028000000000000004
285,candidate_2,candidate_4,candidate_5,candidate_3,candidate_1,5,0.028000000000000004
286,candidate_2,candidate_4,candidate_5,candidate_3,candidate_1,5,0.028000000000000004
287,candidate_2,candidate_4,candidate_5,0,candidate_1,5,0.028000000000000004
288,candidate_2,candidate_4,candidate_5,candidate_3,candidate_1,5,0.028000000000000004
289,candidate_2,candidate_4,candidate_5,0,candidate_1,5,0.028000000000000004
290,candidate_2,candidate_4,candidate_5,candidate_3,candidate_1,5,0.028000000000000004
291,candidate_2,candidate_4,candidate_5,candidate_3,candidate_1,5,0.028000000000000004
292,candidate_2,candidate_4,candidate_5,candidate_3,candidate_1,5,0.028000000000000004
293,0,candidate_4,candidate_5,candidate_3,candidate_1,5,0.028000000000000004
294,candidate_2,candidate_4,candidate_5,candidate_3,candidate_1,5,0.028000000000000004
295,candidate_2,candidate_4,candidate_5,candidate_3,0,5,0.028000000000000004
296,candidate_2,candidate_4,candidate_5,candidate_3,candidate_1,5,0.028000000000000004
297,candidate_2,candidate_4,candidate_5,candidate_3,candidate_1,5,0.028000000000000004
298,candidate_2,candidate_4,candidate_5,candidate_3,candidate_1,5,0.028000000000000004
299,candidate_2,candidate_4,candidate_5,candidate_3,candidate_1,5,0.028000000000000004
300,candidate_2,0,candidate_5,candidate_3,candidate_1,5,0.028000000000000004
301,0,candidate_4,candidate_5,candidate_3,candidate_1,5,0.028000000000000004
302,candidate_2,candidate_4,candidate_5,candidate_3,candidate_1,5,0.028000000000000004
303,candidate_2,candidate_4,candidate_5,candidate_3,candidate_1,5,0.028000000000000004
304,candidate_2,0,candidate_5,candidate_3,candidate_1,5,0.028000000000000004
305,candidate_2,candidate_4,candidate_5,candidate_3,candidate_1,5,0.028000000000000004
306,candidate_2,candidate_4,0,candidate_3,candidate_1,5,0.028000000000000004
307,candidate_2,candidate_4,candidate_5,candidate_3,candidate_1,5,0.028000000000000004
308,candidate_2,candidate_4,candidate_5,candidate_3,candidate_1,5,0.028000000000000004
309,candidate_2,candidate_4,candidate_5,candidate_3,candidate_1,5,0.028000000000000004
310,candidate_2,candidate_4,candidate_5,candidate_3,candidate_1,5,0.028000000000000004
311,candidate_2,candidate_4,candidate_5,candidate_3,candidate_1,5,0.028000000000000004
312,candidate_2,candidate_4,candidate_5,candidate_3,candidate_1,5,0.028000000000000004
313,candidate_2,candidate_4,0,candidate_3,candidate_1,5,0.028000000000000004
314,candidate_2,candidate_4,candidate_5,candidate_3,candidate_1,5,0.028000000000000004
315,candidate_2,candidate_4,candidate_5,candidate_3,candidate_1,5,0.028000000000000004
316,candidate_2,candidate_4,candidate_5,0,candidate_1,5,0.028000000000000004
317,candidate_2,candidate_4,candidate_5,candidate_3,candidate_1,5,0.028000000000000004
318,candidate_2,candidate_4,candidate_5,candidate_3,candidate_1,5,0.028000000000000004
319,candidate_2,candidate_4,candidate_5,candidate_3,candidate_1,5,0.028000000000000004
320,candidate_2,candidate_4,candidate_5,candidate_3,candidate_1,5,0.028000000000000004
321,candidate_2,candidate_4,candidate_5,0,candidate_1,5,0.028000000000000004
322,0,candidate_4,candidate_5,candidate_3,candidate_1,5,0.028000000000000004
323,candidate_2,candidate_4,candidate_5,candidate_3,candidate_1,5,0.028000000000000004
324,candidate_2,candidate_4,candidate_5,candidate_3,candidate_1,5,0.028000000000000004
325,candidate_2,candidate_4,candidate_5,candidate_3,candidate_1,5,0.028000000000000004
326,candidate_2,candidate_4,candidate_5,candidate_3,candidate_1,5,0.028000000000000004
327,candidate_2,candidate_4,candidate_5,candidate_3,candidate_1,5,0.028000000000000004
328,candidate_2,candidate_4,candidate_5,candidate_3,candidate_1,5,0.028000000000000004
329,candidate_2,candidate_4,candidate_5,candidate_3,candidate_1,5,0.028000000000000004
330,candidate_2,candidate_4,candidate_5,candidate_3,candidate_1,5,0.028000000000000004
331,candidate_2,candidate_4,candidate_5,candidate_3,candidate_1,5,0.028000000000000004
332,candidate_2,candidate_4,0,candidate_3,candidate_1,5,0.028000000000000004
333,candidate_2,candidate_4,candidate_5,candidate_3,candidate_1,5,0.028000000000000004
334,candidate_2,candidate_4,candidate_5,candidate_3,candidate_1,5,0.028000000000000004
335,candidate_2,candidate_4,0,candidate_3,candidate_1,5,0.028000000000000004
336,candidate_2,candidate_4,candidate_5,candidate_3,candidate_1,5,0.028000000000000004
337,candidate_2,candidate_4,candidate_5,candidate_3,candidate_1,5,0.028000000000000004
338,candidate_2,candidate_4,candidate_5,candidate_3,candidate_1,5,0.028000000000000004
339,candidate_2,candidate_4,candidate_5,candidate_3,candidate_1,5,0.028000000000000004
340,candidate_2,candidate_4,candidate_5,candidate_3,candidate_1,5,0.028000000000000004
341,candidate_2,candidate_4,candidate_5,candidate_3,candidate_1,5,0.028000000000000004
342,candidate_2,candidate_4,candidate_5,candidate_3,candidate_1,5,0.028000000000000004
343,candidate_2,candidate_4,candidate_5,candidate_3,candidate_1,5,0.028000000000000004
344,candidate_2,candidate_4,candidate_5,candidate_3,candidate_1,5,0.028000000000000004
345,candidate_2,candidate_4,candidate_5,candidate_3,candidate_1,5,0.028000000000000004
346,candidate_2,candidate_4,candidate_5,candidate_3,candidate_1,5,0.028000000000000004
347,candidate_2,candidate_4,candidate_5,candidate_3,candidate_1,5,0.028000000000000004
348,candidate_2,candidate_4,candidate_5,candidate_3,candidate_1,5,0.028000000000000004
349,candidate_2,candidate_4,candidate_5,candidate_3,candidate_1,5,0.028000000000000004
350,candidate_2,candidate_4,candidate_5,candidate_3,candidate_1,5,0.028000000000000004
351,candidate_2,candidate_4,candidate_5,candidate_3,candidate_1,5,0.028000000000000004
352,candidate_2,candidate_4,candidate_5,candidate_3,candidate_1,5,0.028000000000000004
353,candidate_2,candidate_4,candidate_5,candidate_3,candidate_1,5,0.028000000000000004
354,candidate_2,candidate_4,candidate_5,candidate_3,candidate_1,5,0.028000000000000004
355,candidate_2,candidate_4,candidate_5,candidate_3,candidate_1,5,0.028000000000000004
356,candidate_2,candidate_4,candidate_5,candidate_3,candidate_1,5,0.028000000000000004
357,candidate_2,candidate_4,candidate_5,candidate_3,candidate_1,5,0.028000000000000004
358,candidate_2,candidate_4,candidate_5,candidate_3,candidate_1,5,0.028000000000000004
359,candidate_2,candidate_4,0,candidate_3,candidate_1,5,0.028000000000000004
360,candidate_2,candidate_4,candidate_5,candidate_3,candidate_1,5,0.028000000000000004
361,candidate_2,candidate_4,candidate_5,0,candidate_1,5,0.028000000000000004
362,candidate_2,candidate_4,candidate_5,candidate_3,candidate_1,5,0.028000000000000004
363,candidate_2,candidate_4,candidate_5,candidate_3,candidate_1,5,0.028000000000000004
364,candidate_2,candidate_4,candidate_5,candidate_3,candidate_1,5,0.028000000000000004
365,candidate_2,candidate_4,candidate_5,candidate_3,candidate_1,5,0.028000000000000004
366,candidate_2,candidate_4,candidate_5,candidate_3,candidate_1,5,0.028000000000000004
367,candidate_2,candidate_4,candidate_5,candidate_3,candidate_1,5,0.028000000000000004
368,candidate_2,candidate_4,0,candidate_3,candidate_1,5,0.028000000000000004
369,candidate_2,candidate_4,candidate_5,candidate_3,candidate_1,5,0.028000000000000004
370,candidate_2,candidate_4,0,candidate_3,candidate_1,5,0.028000000000000004
371,0,candidate_4,candidate_5,0,candidate_1,5,0.028000000000000004
372,candidate_2,candidate_4,candidate_5,candidate_3,candidate_1,5,0.028000000000000004
373,candidate_2,candidate_4,candidate_5,candidate_3,candidate_1,5,0.028000000000000004
374,candidate_2,candidate_4,candidate_5,candidate_3,candidate_1,5,0.028000000000000004
375,candidate_2,candidate_4,candidate_5,candidate_3,candidate_1,5,0.028000000000000004
376,candidate_2,candidate_4,candidate_5,candidate_3,candidate_1,5,0.028000000000000004
377,candidate_2,candidate_4,candidate_5,candidate_3,candidate_1,5,0.028000000000000004
378,candidate_2,candidate_4,candidate_5,candidate_3,candidate_1,5,0.028000000000000004
379,candidate_2,candidate_4,candidate_5,candidate_3,candidate_1,5,0.028000000000000004
380,candidate_2,candidate_4,candidate_5,candidate_3,candidate_1,5,0.028000000000000004
381,candidate_2,candidate_4,candidate_5,candidate_3,candidate_1,5,0.028000000000000004
382,0,candidate_4,candidate_5,candidate_3,candidate_1,5,0.028000000000000004
383,candidate_2,candidate_4,candidate_5,candidate_3,candidate_1,5,0.028000000000000004
384,candidate_2,candidate_4,candidate_5,candidate_3,0,5,0.028000000000000004
385,candidate_2,candidate_4,candidate_5,candidate_3,candidate_1,5,0.028000000000000004
386,candidate_2,candidate_4,candidate_5,candidate_3,candidate_1,5,0.028000000000000004
387,candidate_2,candidate_4,candidate_5,candidate_3,candidate_1,5,0.028000000000000004
388,candidate_2,candidate_4,candidate_5,candidate_3,candidate_1,5,0.028000000000000004
389,candidate_2,candidate_4,candidate_5,candidate_3,candidate_1,5,0.028000000000000004
390,candidate_2,candidate_4,candidate_5,candidate_3,candidate_1,5,0.028000000000000004
391,candidate_2,candidate_4,candidate_5,candidate_3,candidate_1,5,0.028000000000000004
392,candidate_2,candidate_4,candidate_5,candidate_3,candidate_1,5,0.028000000000000004
393,candidate_2,candidate_4,candidate_5,candidate_3,candidate_1,5,0.028000000000000004
394,candidate_2,candidate_4,candidate_5,candidate_3,0,5,0.028000000000000004
395,candidate_2,candidate_4,candidate_5,candidate_3,0,5,0.028000000000000004
396,candidate_2,candidate_4,candidate_5,candidate_3,candidate_1,5,0.028000000000000004
397,candidate_2,candidate_4,candidate_5,candidate_3,candidate_1,5,0.028000000000000004
398,candidate_2,candidate_4,candidate_5,candidate_3,candidate_1,5,0.028000000000000004
399,candidate_2,candidate_4,candidate_5,candidate_3,candidate_1,5,0.028000000000000004
400,candidate_2,candidate_4,candidate_5,candidate_3,candidate_1,5,0.028000000000000004
401,candidate_2,candidate_4,candidate_5,candidate_3,candidate_1,5,0.028000000000000004
402,candidate_2,candidate_4,candidate_5,candidate_3,candidate_1,5,0.028000000000000004
403,candidate_2,candidate_4,candidate_5,candidate_3,candidate_1,5,0.028000000000000004
404,candidate_2,candidate_4,candidate_5,candidate_3,candidate_1,5,0.028000000000000004
405,candidate_2,candidate_4,candidate_5,candidate_3,candidate_1,5,0.028000000000000004
406,candidate_2,candidate_4,candidate_5,candidate_3,candidate_1,5,0.028000000000000004
407,candidate_2,candidate_4,candidate_5,candidate_3,candidate_1,5,0.028000000000000004
408,candidate_2,candidate_4,candidate_5,candidate_3,candidate_1,5,0.028000000000000004
409,candidate_2,candidate_4,candidate_5,candidate_3,candidate_1,5,0.028000000000000004
410,candidate_2,candidate_4,candidate_5,candidate_3,candidate_1,5,0.028000000000000004
411,candidate_2,candidate_4,candidate_5,candidate_3,candidate_1,5,0.028000000000000004
412,candidate_2,candidate_4,candidate_5,candidate_3,candidate_1,5,0.028000000000000004
413,candidate_2,candidate_4,candidate_5,candidate_3,candidate_1,5,0.028000000000000004
414,candidate_2,candidate_4,candidate_5,candidate_3,candidate_1,5,0.028000000000000004
415,candidate_2,candidate_4,candidate_5,candidate_3,candidate_1,5,0.028000000000000004
416,candidate_2,candidate_4,candidate_5,candidate_3,candidate_1,5,0.028000000000000004
417,candidate_2,0,candidate_5,candidate_3,candidate_1,5,0.028000000000000004
418,candidate_2,candidate_4,candidate_5,candidate_3,candidate_1,5,0.028000000000000004
419,candidate_2,candidate_4,candidate_5,candidate_3,candidate_1,5,0.028000000000000004
420,candidate_2,candidate_4,candidate_5,candidate_3,candidate_1,5,0.028000000000000004
421,candidate_2,candidate_4,candidate_5,candidate_3,candidate_1,5,0.028000000000000004
422,candidate_2,candidate_4,0,candidate_3,candidate_1,5,0.028000000000000004
423,candidate_2,0,candidate_5,0,candidate_1,5,0.028000000000000004
424,candidate_2,candidate_4,candidate_5,candidate_3,candidate_1,5,0.028000000000000004
425,candidate_2,candidate_4,candidate_5,candidate_3,candidate_1,5,0.028000000000000004
426,candidate_2,candidate_4,candidate_5,candidate_3,candidate_1,5,0.028000000000000004
427,candidate_2,candidate_4,candidate_5,candidate_3,candidate_1,5,0.028000000000000004
428,candidate_2,candidate_4,candidate_5,candidate_3,candidate_1,5,0.028000000000000004
429,candidate_2,candidate_4,candidate_5,candidate_3,candidate_1,5,0.028000000000000004
430,candidate_2,candidate_4,candidate_5,candidate_3,0,5,0.028000000000000004
431,candidate_2,candidate_4,candidate_5,candidate_3,candidate_1,5,0.028000000000000004
432,candidate_2,candidate_4,candidate_5,candidate_3,candidate_1,5,0.028000000000000004
433,candidate_2,candidate_4,candidate_5,candidate_3,candidate_1,5,0.028000000000000004
434,candidate_2,candidate_4,candidate_5,candidate_3,candidate_1,5,0.028000000000000004
435,candidate_2,candidate_4,candidate_5,candidate_3,0,5,0.028000000000000004
436,candidate_2,candidate_4,candidate_5,candidate_3,candidate_1,5,0.028000000000000004
437,candidate_2,candidate_4,candidate_5,candidate_3,candidate_1,5,0.028000000000000004
438,candidate_2,candidate_4,candidate_5,candidate_3,candidate_1,5,0.028000000000000004
439,candidate_2,candidate_4,candidate_5,0,candidate_1,5,0.028000000000000004
440,candidate_2,candidate_4,candidate_5,candidate_3,candidate_1,5,0.028000000000000004
441,candidate_2,candidate_4,candidate_5,candidate_3,candidate_1,5,0.028000000000000004
442,candidate_2,candidate_4,candidate_5,candidate_3,candidate_1,5,0.028000000000000004
443,candidate_2,candidate_4,candidate_5,candidate_3,0,5,0.028000000000000004
444,candidate_2,candidate_4,candidate_5,candidate_3,candidate_1,5,0.028000000000000004
445,candidate_2,candidate_4,candidate_5,candidate_3,candidate_1,5,0.028000000000000004
446,candidate_2,candidate_4,candidate_5,candidate_3,candidate_1,5,0.028000000000000004
447,candidate_2,candidate_4,candidate_5,candidate_3,candidate_1,5,0.028000000000000004
448,candidate_2,candidate_4,candidate_5,candidate_3,candidate_1,5,0.028000000000000004
449,candidate_2,candidate_4,candidate_5,candidate_3,candidate_1,5,0.028000000000000004
450,candidate_2,candidate_4,candidate_5,candidate_3,candidate_1,5,0.028000000000000004
451,candidate_2,candidate_4,candidate_5,candidate_3,candidate_1,5,0.028000000000000004
452,candidate_2,candidate_4,candidate_5,candidate_3,candidate_1,5,0.028000000000000004
453,candidate_2,candidate_4,candidate_5,candidate_3,candidate_1,5,0.028000000000000004
454,candidate_2,candidate_4,candidate_5,candidate_3,candidate_1,5,0.028000000000000004
0,candidate_2,candidate_5,candidate_1,candidate_3,0,5,0.028000000000000004
1,candidate_2,candidate_5,candidate_1,candidate_3,candidate_4,5,0.028000000000000004
2,candidate_2,candidate_5,candidate_1,candidate_3,candidate_4,5,0.028000000000000004
3,candidate_2,candidate_5,candidate_1,candidate_3,candidate_4,5,0.028000000000000004
4,candidate_2,candidate_5,candidate_1,candidate_3,0,5,0.028000000000000004
5,candidate_2,candidate_5,candidate_1,candidate_3,candidate_4,5,0.028000000000000004
6,candidate_2,candidate_5,candidate_1,candidate_3,candidate_4,5,0.028000000000000004
7,candidate_2,candidate_5,candidate_1,candidate_3,candidate_4,5,0.028000000000000004
8,candidate_2,candidate_5,candidate_1,candidate_3,candidate_4,5,0.028000000000000004
9,candidate_2,candidate_5,candidate_1,candidate_3,candidate_4,5,0.028000000000000004
10,candidate_2,candidate_5,candidate_1,candidate_3,0,5,0.028000000000000004
11,candidate_2,candidate_5,candidate_1,candidate_3,candidate_4,5,0.028000000000000004
12,candidate_2,candidate_5,candidate_1,candidate_3,candidate_4,5,0.028000000000000004
13,candidate_2,candidate_5,candidate_1,candidate_3,candidate_4,5,0.028000000000000004
14,candidate_2,candidate_5,candidate_1,candidate_3,candidate_4,5,0.028000000000000004
15,candidate_2,candidate_5,candidate_1,candidate_3,candidate_4,5,0.028000000000000004
16,candidate_2,candidate_5,0,candidate_3,candidate_4,5,0.028000000000000004
17,candidate_2,candidate_5,candidate_1,candidate_3,candidate_4,5,0.028000000000000004
18,0,candidate_5,candidate_1,candidate_3,candidate_4,5,0.028000000000000004
19,candidate_2,candidate_5,candidate_1,candidate_3,candidate_4,5,0.028000000000000004
20,candidate_2,candidate_5,candidate_1,candidate_3,candidate_4,5,0.028000000000000004
21,candidate_2,candidate_5,candidate_1,candidate_3,candidate_4,5,0.028000000000000004
22,candidate_2,candidate_5,candidate_1,candidate_3,candidate_4,5,0.028000000000000004
23,candidate_2,candidate_5,candidate_1,candidate_3,candidate_4,5,0.028000000000000004
24,candidate_2,candidate_5,candidate_1,candidate_3,candidate_4,5,0.028000000000000004
25,candidate_2,candidate_5,candidate_1,candidate_3,0,5,0.028000000000000004
26,candidate_2,candidate_5,candidate_1,candidate_3,candidate_4,5,0.028000000000000004
27,candidate_2,candidate_5,candidate_1,candidate_3,candidate_4,5,0.028000000000000004
28,candidate_2,candidate_5,candidate_1,candidate_3,candidate_4,5,0.028000000000000004
29,candidate_2,candidate_5,candidate_1,candidate_3,candidate_4,5,0.028000000000000004
30,candidate_2,candidate_5,candidate_1,candidate_3,candidate_4,5,0.028000000000000004
31,candidate_2,candidate_5,candidate_1,candidate_3,candidate_4,5,0.028000000000000004
32,candidate_2,candidate_5,candidate_1,candidate_3,candidate_4,5,0.028000000000000004
33,candidate_2,candidate_5,candidate_1,candidate_3,candidate_4,5,0.028000000000000004
34,candidate_2,candidate_5,candidate_1,candidate_3,candidate_4,5,0.028000000000000004
35,candidate_2,candidate_5,candidate_1,candidate_3,candidate_4,5,0.028000000000000004
36,candidate_2,candidate_5,candidate_1,candidate_3,candidate_4,5,0.028000000000000004
37,candidate_2,candidate_5,candidate_1,candidate_3,candidate_4,5,0.028000000000000004
38,candidate_2,candidate_5,candidate_1,candidate_3,candidate_4,5,0.028000000000000004
39,candidate_2,candidate_5,candidate_1,candidate_3,candidate_4,5,0.028000000000000004
40,candidate_2,candidate_5,candidate_1,candidate_3,candidate_4,5,0.028000000000000004
41,candidate_2,candidate_5,candidate_1,candidate_3,candidate_4,5,0.028000000000000004
42,candidate_2,0,0,candidate_3,candidate_4,5,0.028000000000000004
43,candidate_2,candidate_5,candidate_1,candidate_3,candidate_4,5,0.028000000000000004
44,candidate_2,candidate_5,candidate_1,candidate_3,candidate_4,5,0.028000000000000004
45,candidate_2,candidate_5,candidate_1,candidate_3,candidate_4,5,0.028000000000000004
46,candidate_2,candidate_5,candidate_1,candidate_3,candidate_4,5,0.028000000000000004
47,candidate_2,candidate_5,candidate_1,candidate_3,candidate_4,5,0.028000000000000004
48,candidate_2,candidate_5,candidate_1,candidate_3,candidate_4,5,0.028000000000000004
49,candidate_2,candidate_5,0,candidate_3,candidate_4,5,0.028000000000000004
50,candidate_2,candidate_5,candidate_1,candidate_3,candidate_4,5,0.028000000000000004
51,candidate_2,candidate_5,candidate_1,candidate_3,candidate_4,5,0.028000000000000004
52,0,candidate_5,candidate_1,candidate_3,candidate_4,5,0.028000000000000004
53,candidate_2,candidate_5,candidate_1,candidate_3,candidate_4,5,0.028000000000000004
54,candidate_2,candidate_5,candidate_1,candidate_3,candidate_4,5,0.028000000000000004
55,candidate_2,candidate_5,candidate_1,candidate_3,candidate_4,5,0.028000000000000004
56,candidate_2,candidate_5,candidate_1,candidate_3,candidate_4,5,0.028000000000000004
57,candidate_2,candidate_5,candidate_1,candidate_3,candidate_4,5,0.028000000000000004
58,candidate_2,candidate_5,candidate_1,candidate_3,candidate_4,5,0.028000000000000004
59,candidate_2,candidate_5,candidate_1,candidate_3,candidate_4,5,0.028000000000000004
60,candidate_2,candidate_5,candidate_1,candidate_3,candidate_4,5,0.028000000000000004
61,candidate_2,candidate_5,candidate_1,candidate_3,candidate_4,5,0.028000000000000004
62,candidate_2,candidate_5,candidate_1,candidate_3,candidate_4,5,0.028000000000000004
63,candidate_2,candidate_5,candidate_1,candidate_3,candidate_4,5,0.028000000000000004
64,candidate_2,candidate_5,candidate_1,candidate_3,candidate_4,5,0.028000000000000004
65,candidate_2,candidate_5,candidate_1,candidate_3,candidate_4,5,0.028000000000000004
66,candidate_2,candidate_5,candidate_1,candidate_3,candidate_4,5,0.028000000000000004
67,candidate_2,candidate_5,candidate_1,candidate_3,candidate_4,5,0.028000000000000004
68,candidate_2,0,candidate_1,candidate_3,candidate_4,5,0.028000000000000004
69,candidate_2,candidate_5,candidate_1,candidate_3,candidate_4,5,0.028000000000000004
70,candidate_2,candidate_5,candidate_1,candidate_3,candidate_4,5,0.028000000000000004
71,candidate_2,candidate_5,candidate_1,candidate_3,candidate_4,5,0.028000000000000004
72,candidate_2,candidate_5,candidate_1,candidate_3,candidate_4,5,0.028000000000000004
73,candidate_2,candidate_5,candidate_1,candidate_3,0,5,0.028000000000000004
74,candidate_2,candidate_5,candidate_1,candidate_3,candidate_4,5,0.028000000000000004
75,candidate_2,candidate_5,candidate_1,candidate_3,candidate_4,5,0.028000000000000004
76,candidate_2,candidate_5,candidate_1,candidate_3,candidate_4,5,0.028000000000000004
77,candidate_2,candidate_5,candidate_1,candidate_3,candidate_4,5,0.028000000000000004
78,candidate_2,candidate_5,candidate_1,candidate_3,candidate_4,5,0.028000000000000004
79,candidate_2,candidate_5,0,candidate_3,candidate_4,5,0.028000000000000004
80,candidate_2,candidate_5,candidate_1,candidate_3,candidate_4,5,0.028000000000000004
81,candidate_2,candidate_5,candidate_1,candidate_3,candidate_4,5,0.028000000000000004
82,candidate_2,0,candidate_1,candidate_3,candidate_4,5,0.028000000000000004
83,candidate_2,candidate_5,candidate_1,candidate_3,candidate_4,5,0.028000000000000004
84,candidate_2,candidate_5,candidate_1,candidate_3,candidate_4,5,0.028000000000000004
85,candidate_2,candidate_5,candidate_1,candidate_3,candidate_4,5,0.028000000000000004
86,candidate_2,candidate_5,candidate_1,candidate_3,candidate_4,5,0.028000000000000004
87,candidate_2,candidate_5,candidate_1,candidate_3,candidate_4,5,0.028000000000000004
88,candidate_2,candidate_5,candidate_1,candidate_3,candidate_4,5,0.028000000000000004
89,candidate_2,candidate_5,candidate_1,candidate_3,candidate_4,5,0.028000000000000004
90,candidate_2,candidate_5,candidate_1,candidate_3,candidate_4,5,0.028000000000000004
91,candidate_2,candidate_5,candidate_1,candidate_3,candidate_4,5,0.028000000000000004
92,candidate_2,candidate_5,candidate_1,candidate_3,candidate_4,5,0.028000000000000004
93,candidate_2,candidate_5,candidate_1,candidate_3,candidate_4,5,0.028000000000000004
94,candidate_2,candidate_5,candidate_1,candidate_3,candidate_4,5,0.028000000000000004
95,candidate_2,candidate_5,candidate_1,candidate_3,candidate_4,5,0.028000000000000004
96,candidate_2,candidate_5,candidate_1,candidate_3,candidate_4,5,0.028000000000000004
97,candidate_2,candidate_5,candidate_1,candidate_3,candidate_4,5,0.028000000000000004
98,candidate_2,candidate_5,candidate_1,candidate_3,candidate_4,5,0.028000000000000004
99,candidate_2,candidate_5,candidate_1,candidate_3,candidate_4,5,0.028000000000000004
100,candidate_2,candidate_5,candidate_1,candidate_3,candidate_4,5,0.028000000000000004
101,candidate_2,candidate_5,candidate_1,candidate_3,candidate_4,5,0.028000000000000004
102,candidate_2,candidate_5,candidate_1,candidate_3,candidate_4,5,0.028000000000000004
103,candidate_2,candidate_5,candidate_1,candidate_3,candidate_4,5,0.028000000000000004
104,candidate_2,candidate_5,candidate_1,candidate_3,candidate_4,5,0.028000000000000004
105,candidate_2,candidate_5,0,candidate_3,candidate_4,5,0.028000000000000004
106,candidate_2,candidate_5,candidate_1,candidate_3,candidate_4,5,0.028000000000000004
107,candidate_2,candidate_5,candidate_1,candidate_3,candidate_4,5,0.028000000000000004
108,candidate_2,candidate_5,candidate_1,candidate_3,candidate_4,5,0.028000000000000004
109,candidate_2,candidate_5,candidate_1,candidate_3,candidate_4,5,0.028000000000000004
110,candidate_2,candidate_5,candidate_1,candidate_3,candidate_4,5,0.028000000000000004
111,candidate_2,candidate_5,candidate_1,candidate_3,candidate_4,5,0.028000000000000004
112,candidate_2,candidate_5,candidate_1,candidate_3,candidate_4,5,0.028000000000000004
113,candidate_2,candidate_5,candidate_1,candidate_3,candidate_4,5,0.028000000000000004
114,candidate_2,candidate_5,candidate_1,candidate_3,candidate_4,5,0.028000000000000004
115,candidate_2,candidate_5,candidate_1,candidate_3,candidate_4,5,0.028000000000000004
116,candidate_2,candidate_5,candidate_1,candidate_3,candidate_4,5,0.028000000000000004
117,candidate_2,candidate_5,candidate_1,candidate_3,candidate_4,5,0.028000000000000004
118,candidate_2,candidate_5,candidate_1,candidate_3,candidate_4,5,0.028000000000000004
119,candidate_2,candidate_5,candidate_1,candidate_3,candidate_4,5,0.028000000000000004
120,candidate_2,candidate_5,candidate_1,candidate_3,candidate_4,5,0.028000000000000004
121,candidate_2,candidate_5,candidate_1,candidate_3,candidate_4,5,0.028000000000000004
122,candidate_2,candidate_5,candidate_1,candidate_3,candidate_4,5,0.028000000000000004
123,candidate_2,candidate_5,candidate_1,candidate_3,candidate_4,5,0.028000000000000004
124,candidate_2,candidate_5,candidate_1,candidate_3,0,5,0.028000000000000004
125,candidate_2,candidate_5,candidate_1,candidate_3,candidate_4,5,0.028000000000000004
126,candidate_2,candidate_5,candidate_1,candidate_3,candidate_4,5,0.028000000000000004
127,candidate_2,candidate_5,candidate_1,candidate_3,candidate_4,5,0.028000000000000004
128,candidate_2,candidate_5,candidate_1,candidate_3,candidate_4,5,0.028000000000000004
129,candidate_2,candidate_5,candidate_1,candidate_3,candidate_4,5,0.028000000000000004
130,candidate_2,candidate_5,candidate_1,candidate_3,candidate_4,5,0.028000000000000004
131,candidate_2,candidate_5,candidate_1,candidate_3,0,5,0.028000000000000004
132,candidate_2,candidate_5,candidate_1,candidate_3,candidate_4,5,0.028000000000000004
133,candidate_2,candidate_5,candidate_1,candidate_3,candidate_4,5,0.028000000000000004
134,candidate_2,candidate_5,candidate_1,candidate_3,candidate_4,5,0.028000000000000004
135,candidate_2,0,candidate_1,candidate_3,candidate_4,5,0.028000000000000004
136,candidate_2,candidate_5,candidate_1,candidate_3,candidate_4,5,0.028000000000000004
137,candidate_2,candidate_5,candidate_1,candidate_3,candidate_4,5,0.028000000000000004
138,candidate_2,candidate_5,candidate_1,candidate_3,candidate_4,5,0.028000000000000004
139,candidate_2,candidate_5,candidate_1,candidate_3,candidate_4,5,0.028000000000000004
140,candidate_2,candidate_5,candidate_1,candidate_3,candidate_4,5,0.028000000000000004
141,candidate_2,candidate_5,candidate_1,candidate_3,candidate_4,5,0.028000000000000004
142,candidate_2,candidate_5,candidate_1,candidate_3,candidate_4,5,0.028000000000000004
143,candidate_2,candidate_5,candidate_1,candidate_3,candidate_4,5,0.028000000000000004
144,candidate_2,candidate_5,candidate_1,candidate_3,candidate_4,5,0.028000000000000004
145,candidate_2,candidate_5,candidate_1,candidate_3,candidate_4,5,0.028000000000000004
146,candidate_2,candidate_5,candidate_1,candidate_3,candidate_4,5,0.028000000000000004
147,candidate_2,candidate_5,candidate_1,candidate_3,candidate_4,5,0.028000000000000004
148,candidate_2,candidate_5,candidate_1,candidate_3,candidate_4,5,0.028000000000000004
149,candidate_2,candidate_5,candidate_1,candidate_3,candidate_4,5,0.028000000000000004
150,candidate_2,candidate_5,candidate_1,candidate_3,candidate_4,5,0.028000000000000004
151,candidate_2,candidate_5,candidate_1,candidate_3,candidate_4,5,0.028000000000000004
152,candidate_2,candidate_5,candidate_1,candidate_3,candidate_4,5,0.028000000000000004
153,candidate_2,candidate_5,candidate_1,candidate_3,candidate_4,5,0.028000000000000004
154,candidate_2,candidate_5,candidate_1,candidate_3,candidate_4,5,0.028000000000000004
155,candidate_2,candidate_5,candidate_1,0,candidate_4,5,0.028000000000000004
156,candidate_2,candidate_5,candidate_1,candidate_3,0,5,0.028000000000000004
157,candidate_2,candidate_5,candidate_1,candidate_3,candidate_4,5,0.028000000000000004
158,candidate_2,candidate_5,candidate_1,candidate_3,candidate_4,5,0.028000000000000004
159,candidate_2,candidate_5,candidate_1,candidate_3,candidate_4,5,0.028000000000000004
160,candidate_2,0,candidate_1,candidate_3,candidate_4,5,0.028000000000000004
161,candidate_2,candidate_5,candidate_1,candidate_3,candidate_4,5,0.028000000000000004
162,candidate_2,candidate_5,candidate_1,candidate_3,candidate_4,5,0.028000000000000004
163,candidate_2,candidate_5,candidate_1,candidate_3,candidate_4,5,0.028000000000000004
164,candidate_2,candidate_5,candidate_1,candidate_3,candidate_4,5,0.028000000000000004
165,candidate_2,candidate_5,candidate_1,candidate_3,candidate_4,5,0.028000000000000004
166,candidate_2,candidate_5,candidate_1,candidate_3,candidate_4,5,0.028000000000000004
167,candidate_2,candidate_5,candidate_1,candidate_3,candidate_4,5,0.028000000000000004
168,candidate_2,candidate_5,candidate_1,candidate_3,candidate_4,5,0.028000000000000004
169,candidate_2,0,candidate_1,candidate_3,candidate_4,5,0.028000000000000004
170,candidate_2,candidate_5,candidate_1,candidate_3,candidate_4,5,0.028000000000000004
171,candidate_2,candidate_5,candidate_1,candidate_3,candidate_4,5,0.028000000000000004
172,candidate_2,candidate_5,candidate_1,candidate_3,candidate_4,5,0.028000000000000004
173,candidate_2,candidate_5,candidate_1,candidate_3,candidate_4,5,0.028000000000000004
174,candidate_2,candidate_5,candidate_1,0,candidate_4,5,0.028000000000000004
175,candidate_2,candidate_5,candidate_1,candidate_3,candidate_4,5,0.028000000000000004
176,candidate_2,candidate_5,candidate_1,candidate_3,candidate_4,5,0.028000000000000004
177,candidate_2,candidate_5,candidate_1,candidate_3,candidate_4,5,0.028000000000000004
178,candidate_2,candidate_5,candidate_1,candidate_3,candidate_4,5,0.028000000000000004
179,candidate_2,candidate_5,candidate_1,candidate_3,candidate_4,5,0.028000000000000004
180,candidate_2,candidate_5,candidate_1,candidate_3,candidate_4,5,0.028000000000000004
181,candidate_2,candidate_5,candidate_1,candidate_3,candidate_4,5,0.028000000000000004
182,candidate_2,candidate_5,candidate_1,candidate_3,candidate_4,5,0.028000000000000004
183,candidate_2,candidate_5,candidate_1,candidate_3,candidate_4,5,0.028000000000000004
184,candidate_2,candidate_5,candidate_1,candidate_3,candidate_4,5,0.028000000000000004
185,candidate_2,candidate_5,candidate_1,candidate_3,candidate_4,5,0.028000000000000004
186,candidate_2,candidate_5,candidate_1,candidate_3,candidate_4,5,0.028000000000000004
187,candidate_2,candidate_5,candidate_1,candidate_3,candidate_4,5,0.028000000000000004
188,candidate_2,candidate_5,candidate_1,candidate_3,candidate_4,5,0.028000000000000004
189,candidate_2,candidate_5,candidate_1,candidate_3,candidate_4,5,0.028000000000000004
190,candidate_2,candidate_5,candidate_1,candidate_3,candidate_4,5,0.028000000000000004
191,candidate_2,candidate_5,candidate_1,candidate_3,candidate_4,5,0.028000000000000004
192,candidate_2,candidate_5,candidate_1,candidate_3,candidate_4,5,0.028000000000000004
193,candidate_2,candidate_5,candidate_1,candidate_3,candidate_4,5,0.028000000000000004
194,0,candidate_5,0,candidate_3,candidate_4,5,0.028000000000000004
195,candidate_2,candidate_5,candidate_1,candidate_3,candidate_4,5,0.028000000000000004
196,candidate_2,candidate_5,candidate_1,candidate_3,candidate_4,5,0.028000000000000004
197,candidate_2,candidate_5,candidate_1,candidate_3,candidate_4,5,0.028000000000000004
198,candidate_2,candidate_5,candidate_1,candidate_3,candidate_4,5,0.028000000000000004
199,candidate_2,candidate_5,candidate_1,candidate_3,candidate_4,5,0.028000000000000004
200,candidate_2,candidate_5,candidate_1,candidate_3,candidate_4,5,0.028000000000000004
201,candidate_2,candidate_5,candidate_1,candidate_3,candidate_4,5,0.028000000000000004
202,candidate_2,candidate_5,candidate_1,candidate_3,candidate_4,5,0.028000000000000004
203,candidate_2,candidate_5,candidate_1,candidate_3,candidate_4,5,0.028000000000000004
204,candidate_2,candidate_5,candidate_1,candidate_3,candidate_4,5,0.028000000000000004
205,candidate_2,candidate_5,candidate_1,candidate_3,candidate_4,5,0.028000000000000004
206,candidate_2,candidate_5,candidate_1,candidate_3,candidate_4,5,0.028000000000000004
207,candidate_2,candidate_5,candidate_1,candidate_3,candidate_4,5,0.028000000000000004
208,candidate_2,candidate_5,candidate_1,0,candidate_4,5,0.028000000000000004
209,candidate_2,candidate_5,candidate_1,0,candidate_4,5,0.028000000000000004
210,candidate_2,0,candidate_1,candidate_3,candidate_4,5,0.028000000000000004
211,candidate_2,candidate_5,candidate_1,candidate_3,candidate_4,5,0.028000000000000004
212,candidate_2,candidate_5,candidate_1,candidate_3,candidate_4,5,0.028000000000000004
213,candidate_2,candidate_5,candidate_1,candidate_3,candidate_4,5,0.028000000000000004
214,candidate_2,candidate_5,candidate_1,candidate_3,candidate_4,5,0.028000000000000004
215,candidate_2,candidate_5,candidate_1,candidate_3,candidate_4,5,0.028000000000000004
216,candidate_2,candidate_5,candidate_1,candidate_3,candidate_4,5,0.028000000000000004
217,candidate_2,candidate_5,candidate_1,candidate_3,candidate_4,5,0.028000000000000004
218,candidate_2,candidate_5,candidate_1,candidate_3,candidate_4,5,0.028000000000000004
219,candidate_2,candidate_5,candidate_1,candidate_3,candidate_4,5,0.028000000000000004
220,candidate_2,candidate_5,candidate_1,candidate_3,candidate_4,5,0.028000000000000004
221,candidate_2,candidate_5,candidate_1,candidate_3,candidate_4,5,0.028000000000000004
222,candidate_2,candidate_5,candidate_1,candidate_3,candidate_4,5,0.028000000000000004
223,candidate_2,candidate_5,candidate_1,candidate_3,candidate_4,5,0.028000000000000004
224,candidate_2,candidate_5,0,candidate_3,candidate_4,5,0.028000000000000004
225,candidate_2,candidate_5,candidate_1,candidate_3,candidate_4,5,0.028000000000000004
226,candidate_2,candidate_5,candidate_1,candidate_3,candidate_4,5,0.028000000000000004
227,candidate_2,candidate_5,candidate_1,candidate_3,0,5,0.028000000000000004
228,candidate_2,candidate_5,candidate_1,candidate_3,candidate_4,5,0.028000000000000004
229,candidate_2,candidate_5,candidate_1,candidate_3,candidate_4,5,0.028000000000000004
230,candidate_2,candidate_5,candidate_1,candidate_3,candidate_4,5,0.028000000000000004
231,candidate_2,candidate_5,candidate_1,candidate_3,candidate_4,5,0.028000000000000004
232,candidate_2,candidate_5,candidate_1,candidate_3,candidate_4,5,0.028000000000000004
233,candidate_2,candidate_5,candidate_1,candidate_3,candidate_4,5,0.028000000000000004
234,candidate_2,candidate_5,candidate_1,candidate_3,candidate_4,5,0.028000000000000004
235,candidate_2,candidate_5,candidate_1,candidate_3,candidate_4,5,0.028000000000000004
236,candidate_2,candidate_5,candidate_1,candidate_3,candidate_4,5,0.028000000000000004
237,candidate_2,candidate_5,candidate_1,candidate_3,candidate_4,5,0.028000000000000004
238,candidate_2,candidate_5,candidate_1,candidate_3,candidate_4,5,0.028000000000000004
239,candidate_2,candidate_5,candidate_1,candidate_3,candidate_4,5,0.028000000000000004
240,candidate_2,candidate_5,candidate_1,candidate_3,candidate_4,5,0.028000000000000004
241,candidate_2,candidate_5,candidate_1,candidate_3,candidate_4,5,0.028000000000000004
242,candidate_2,candidate_5,candidate_1,candidate_3,candidate_4,5,0.028000000000000004
243,candidate_2,candidate_5,candidate_1,candidate_3,candidate_4,5,0.028000000000000004
244,candidate_2,candidate_5,candidate_1,candidate_3,candidate_4,5,0.028000000000000004
245,candidate_2,candidate_5,candidate_1,0,candidate_4,5,0.028000000000000004
246,candidate_2,candidate_5,candidate_1,candidate_3,candidate_4,5,0.028000000000000004
247,candidate_2,candidate_5,candidate_1,candidate_3,candidate_4,5,0.028000000000000004
248,candidate_2,candidate_5,candidate_1,candidate_3,0,5,0.028000000000000004
249,candidate_2,candidate_5,candidate_1,candidate_3,candidate_4,5,0.028000000000000004
250,candidate_2,candidate_5,candidate_1,candidate_3,candidate_4,5,0.028000000000000004
251,candidate_2,candidate_5,candidate_1,candidate_3,candidate_4,5,0.028000000000000004
252,candidate_2,candidate_5,candidate_1,candidate_3,candidate_4,5,0.028000000000000004
253,candidate_2,candidate_5,candidate_1,candidate_3,candidate_4,5,0.028000000000000004
254,candidate_2,candidate_5,candidate_1,candidate_3,candidate_4,5,0.028000000000000004
255,candidate_2,candidate_5,candidate_1,candidate_3,candidate_4,5,0.028000000000000004
256,candidate_2,candidate_5,candidate_1,candidate_3,candidate_4,5,0.028000000000000004
257,candidate_2,candidate_5,candidate_1,candidate_3,candidate_4,5,0.028000000000000004
258,candidate_2,candidate_5,0,candidate_3,candidate_4,5,0.028000000000000004
259,candidate_2,candidate_5,candidate_1,candidate_3,candidate_4,5,0.028000000000000004
260,candidate_2,candidate_5,candidate_1,candidate_3,candidate_4,5,0.028000000000000004
261,candidate_2,candidate_5,candidate_1,candidate_3,candidate_4,5,0.028000000000000004
262,candidate_2,candidate_5,candidate_1,candidate_3,candidate_4,5,0.028000000000000004
263,candidate_2,candidate_5,candidate_1,candidate_3,candidate_4,5,0.028000000000000004
264,candidate_2,candidate_5,candidate_1,candidate_3,candidate_4,5,0.028000000000000004
265,candidate_2,candidate_5,candidate_1,candidate_3,candidate_4,5,0.028000000000000004
266,candidate_2,candidate_5,candidate_1,candidate_3,candidate_4,5,0.028000000000000004
267,candidate_2,candidate_5,candidate_1,candidate_3,candidate_4,5,0.028000000000000004
268,candidate_2,candidate_5,candidate_1,candidate_3,candidate_4,5,0.028000000000000004
269,candidate_2,candidate_5,candidate_1,candidate_3,candidate_4,5,0.028000000000000004
270,candidate_2,candidate_5,candidate_1,candidate_3,candidate_4,5,0.028000000000000004
271,candidate_2,candidate_5,candidate_1,candidate_3,candidate_4,5,0.028000000000000004
272,candidate_2,candidate_5,candidate_1,candidate_3,candidate_4,5,0.028000000000000004
273,candidate_2,candidate_5,candidate_1,candidate_3,candidate_4,5,0.028000000000000004
274,candidate_2,candidate_5,candidate_1,candidate_3,candidate_4,5,0.028000000000000004
275,candidate_2,candidate_5,candidate_1,candidate_3,candidate_4,5,0.028000000000000004
276,candidate_2,candidate_5,candidate_1,candidate_3,candidate_4,5,0.028000000000000004
277,candidate_2,candidate_5,candidate_1,candidate_3,candidate_4,5,0.028000000000000004
278,candidate_2,candidate_5,candidate_1,candidate_3,candidate_4,5,0.028000000000000004
279,candidate_2,candidate_5,candidate_1,candidate_3,candidate_4,5,0.028000000000000004
280,candidate_2,candidate_5,candidate_1,candidate_3,candidate_4,5,0.028000000000000004
281,candidate_2,candidate_5,candidate_1,candidate_3,candidate_4,5,0.028000000000000004
282,candidate_2,0,candidate_1,candidate_3,candidate_4,5,0.028000000000000004
283,candidate_2,candidate_5,candidate_1,candidate_3,candidate_4,5,0.028000000000000004
284,candidate_2,candidate_5,candidate_1,candidate_3,candidate_4,5,0.028000000000000004
285,candidate_2,candidate_5,candidate_1,candidate_3,candidate_4,5,0.028000000000000004
286,candidate_2,candidate_5,candidate_1,candidate_3,candidate_4,5,0.028000000000000004
287,candidate_2,candidate_5,candidate_1,candidate_3,candidate_4,5,0.028000000000000004
288,candidate_2,candidate_5,candidate_1,candidate_3,candidate_4,5,0.028000000000000004
289,candidate_2,candidate_5,candidate_1,candidate_3,candidate_4,5,0.028000000000000004
290,candidate_2,candidate_5,candidate_1,candidate_3,candidate_4,5,0.028000000000000004
291,candidate_2,candidate_5,candidate_1,candidate_3,candidate_4,5,0.028000000000000004
292,candidate_2,candidate_5,candidate_1,candidate_3,0,5,0.028000000000000004
293,candidate_2,candidate_5,candidate_1,candidate_3,candidate_4,5,0.028000000000000004
294,candidate_2,candidate_5,candidate_1,candidate_3,candidate_4,5,0.028000000000000004
295,candidate_2,candidate_5,candidate_1,candidate_3,candidate_4,5,0.028000000000000004
296,candidate_2,candidate_5,candidate_1,candidate_3,candidate_4,5,0.028000000000000004
297,candidate_2,candidate_5,candidate_1,candidate_3,candidate_4,5,0.028000000000000004
298,candidate_2,candidate_5,candidate_1,candidate_3,candidate_4,5,0.028000000000000004
299,candidate_2,candidate_5,candidate_1,candidate_3,candidate_4,5,0.028000000000000004
300,candidate_2,candidate_5,candidate_1,candidate_3,candidate_4,5,0.028000000000000004
301,candidate_2,candidate_5,candidate_1,candidate_3,candidate_4,5,0.028000000000000004
302,candidate_2,candidate_5,candidate_1,candidate_3,candidate_4,5,0.028000000000000004
303,candidate_2,candidate_5,candidate_1,candidate_3,candidate_4,5,0.028000000000000004
304,candidate_2,candidate_5,candidate_1,candidate_3,candidate_4,5,0.028000000000000004
305,candidate_2,candidate_5,candidate_1,candidate_3,candidate_4,5,0.028000000000000004
306,candidate_2,candidate_5,candidate_1,candidate_3,candidate_4,5,0.028000000000000004
307,candidate_2,candidate_5,candidate_1,candidate_3,candidate_4,5,0.028000000000000004
308,candidate_2,candidate_5,candidate_1,candidate_3,candidate_4,5,0.028000000000000004
309,candidate_2,candidate_5,candidate_1,candidate_3,candidate_4,5,0.028000000000000004
310,candidate_2,candidate_5,candidate_1,candidate_3,candidate_4,5,0.028000000000000004
311,candidate_2,candidate_5,candidate_1,candidate_3,candidate_4,5,0.028000000000000004
312,candidate_2,candidate_5,candidate_1,candidate_3,candidate_4,5,0.028000000000000004
313,candidate_2,candidate_5,candidate_1,candidate_3,candidate_4,5,0.028000000000000004
314,candidate_2,candidate_5,candidate_1,candidate_3,candidate_4,5,0.028000000000000004
315,candidate_2,candidate_5,candidate_1,candidate_3,candidate_4,5,0.028000000000000004
316,candidate_2,candidate_5,candidate_1,candidate_3,candidate_4,5,0.028000000000000004
317,candidate_2,candidate_5,candidate_1,candidate_3,candidate_4,5,0.028000000000000004
318,candidate_2,candidate_5,candidate_1,candidate_3,candidate_4,5,0.028000000000000004
319,candidate_2,candidate_5,candidate_1,candidate_3,candidate_4,5,0.028000000000000004
320,candidate_2,candidate_5,candidate_1,candidate_3,candidate_4,5,0.028000000000000004
321,candidate_2,candidate_5,candidate_1,0,candidate_4,5,0.028000000000000004
322,candidate_2,candidate_5,candidate_1,candidate_3,candidate_4,5,0.028000000000000004
323,candidate_2,candidate_5,candidate_1,candidate_3,candidate_4,5,0.028000000000000004
324,candidate_2,0,candidate_1,candidate_3,candidate_4,5,0.028000000000000004
325,candidate_2,candidate_5,candidate_1,candidate_3,candidate_4,5,0.028000000000000004
326,candidate_2,candidate_5,0,candidate_3,candidate_4,5,0.028000000000000004
327,candidate_2,candidate_5,candidate_1,candidate_3,candidate_4,5,0.028000000000000004
328,candidate_2,candidate_5,candidate_1,candidate_3,candidate_4,5,0.028000000000000004
329,candidate_2,candidate_5,candidate_1,candidate_3,candidate_4,5,0.028000000000000004
330,candidate_2,candidate_5,candidate_1,candidate_3,candidate_4,5,0.028000000000000004
331,candidate_2,candidate_5,candidate_1,candidate_3,candidate_4,5,0.028000000000000004
332,candidate_2,candidate_5,candidate_1,candidate_3,candidate_4,5,0.028000000000000004
333,candidate_2,candidate_5,candidate_1,candidate_3,candidate_4,5,0.028000000000000004
334,candidate_2,candidate_5,candidate_1,candidate_3,candidate_4,5,0.028000000000000004
335,candidate_2,candidate_5,candidate_1,candidate_3,candidate_4,5,0.028000000000000004
336,candidate_2,candidate_5,candidate_1,candidate_3,candidate_4,5,0.028000000000000004
337,candidate_2,candidate_5,candidate_1,candidate_3,candidate_4,5,0.028000000000000004
338,candidate_2,candidate_5,candidate_1,candidate_3,candidate_4,5,0.028000000000000004
339,candidate_2,candidate_5,candidate_1,candidate_3,candidate_4,5,0.028000000000000004
340,candidate_2,candidate_5,candidate_1,candidate_3,candidate_4,5,0.028000000000000004
341,candidate_2,candidate_5,candidate_1,candidate_3,candidate_4,5,0.028000000000000004
342,candidate_2,candidate_5,0,candidate_3,candidate_4,5,0.028000000000000004
343,candidate_2,candidate_5,candidate_1,candidate_3,candidate_4,5,0.028000000000000004
344,candidate_2,candidate_5,candidate_1,candidate_3,candidate_4,5,0.028000000000000004
345,candidate_2,candidate_5,candidate_1,candidate_3,candidate_4,5,0.028000000000000004
346,candidate_2,candidate_5,candidate_1,candidate_3,candidate_4,5,0.028000000000000004
347,candidate_2,candidate_5,candidate_1,candidate_3,candidate_4,5,0.028000000000000004
348,candidate_2,candidate_5,candidate_1,candidate_3,candidate_4,5,0.028000000000000004
349,candidate_2,candidate_5,candidate_1,candidate_3,candidate_4,5,0.028000000000000004
350,candidate_2,candidate_5,candidate_1,candidate_3,candidate_4,5,0.028000000000000004
351,candidate_2,candidate_5,candidate_1,candidate_3,candidate_4,5,0.028000000000000004
352,candidate_2,candidate_5,candidate_1,candidate_3,candidate_4,5,0.028000000000000004
353,candidate_2,candidate_5,candidate_1,candidate_3,candidate_4,5,0.028000000000000004
354,candidate_2,candidate_5,candidate_1,candidate_3,candidate_4,5,0.028000000000000004
355,candidate_2,candidate_5,candidate_1,candidate_3,candidate_4,5,0.028000000000000004
356,candidate_2,candidate_5,candidate_1,candidate_3,candidate_4,5,0.028000000000000004
357,candidate_2,candidate_5,candidate_1,candidate_3,candidate_4,5,0.028000000000000004
358,candidate_2,candidate_5,candidate_1,candidate_3,candidate_4,5,0.028000000000000004
359,candidate_2,candidate_5,candidate_1,candidate_3,candidate_4,5,0.028000000000000004
360,candidate_2,candidate_5,candidate_1,candidate_3,candidate_4,5,0.028000000000000004
361,candidate_2,candidate_5,candidate_1,candidate_3,candidate_4,5,0.028000000000000004
362,candidate_2,candidate_5,candidate_1,candidate_3,candidate_4,5,0.028000000000000004
363,candidate_2,candidate_5,candidate_1,candidate_3,candidate_4,5,0.028000000000000004
364,candidate_2,candidate_5,candidate_1,candidate_3,candidate_4,5,0.028000000000000004
365,candidate_2,candidate_5,candidate_1,candidate_3,candidate_4,5,0.028000000000000004
366,candidate_2,candidate_5,candidate_1,candidate_3,candidate_4,5,0.028000000000000004
367,candidate_2,candidate_5,candidate_1,candidate_3,candidate_4,5,0.028000000000000004
368,candidate_2,candidate_5,candidate_1,candidate_3,candidate_4,5,0.028000000000000004
0,candidate_2,candidate_5,candidate_1,candidate_4,candidate_3,5,0.028000000000000004
1,candidate_2,candidate_5,candidate_1,candidate_4,candidate_3,5,0.028000000000000004
2,candidate_2,candidate_5,candidate_1,candidate_4,candidate_3,5,0.028000000000000004
3,candidate_2,candidate_5,candidate_1,candidate_4,candidate_3,5,0.028000000000000004
4,candidate_2,candidate_5,candidate_1,candidate_4,candidate_3,5,0.028000000000000004
5,candidate_2,candidate_5,candidate_1,candidate_4,candidate_3,5,0.028000000000000004
6,candidate_2,candidate_5,candidate_1,candidate_4,0,5,0.028000000000000004
7,candidate_2,candidate_5,candidate_1,candidate_4,candidate_3,5,0.028000000000000004
8,candidate_2,candidate_5,candidate_1,candidate_4,candidate_3,5,0.028000000000000004
9,candidate_2,candidate_5,candidate_1,candidate_4,candidate_3,5,0.028000000000000004
10,candidate_2,candidate_5,candidate_1,candidate_4,candidate_3,5,0.028000000000000004
11,candidate_2,candidate_5,candidate_1,candidate_4,candidate_3,5,0.028000000000000004
12,candidate_2,candidate_5,candidate_1,candidate_4,candidate_3,5,0.028000000000000004
13,candidate_2,candidate_5,candidate_1,candidate_4,candidate_3,5,0.028000000000000004
14,candidate_2,candidate_5,candidate_1,candidate_4,candidate_3,5,0.028000000000000004
15,candidate_2,candidate_5,candidate_1,candidate_4,candidate_3,5,0.028000000000000004
16,candidate_2,candidate_5,candidate_1,candidate_4,candidate_3,5,0.028000000000000004
17,candidate_2,candidate_5,candidate_1,candidate_4,candidate_3,5,0.028000000000000004
18,candidate_2,candidate_5,candidate_1,candidate_4,candidate_3,5,0.028000000000000004
19,candidate_2,candidate_5,candidate_1,candidate_4,candidate_3,5,0.028000000000000004
20,candidate_2,candidate_5,candidate_1,candidate_4,candidate_3,5,0.028000000000000004
21,candidate_2,candidate_5,candidate_1,candidate_4,candidate_3,5,0.028000000000000004
22,candidate_2,candidate_5,candidate_1,candidate_4,candidate_3,5,0.028000000000000004
23,candidate_2,candidate_5,candidate_1,candidate_4,0,5,0.028000000000000004
24,candidate_2,candidate_5,candidate_1,candidate_4,candidate_3,5,0.028000000000000004
25,candidate_2,candidate_5,candidate_1,candidate_4,candidate_3,5,0.028000000000000004
26,candidate_2,candidate_5,candidate_1,0,candidate_3,5,0.028000000000000004
27,candidate_2,0,candidate_1,candidate_4,candidate_3,5,0.028000000000000004
28,candidate_2,candidate_5,candidate_1,candidate_4,candidate_3,5,0.028000000000000004
29,candidate_2,candidate_5,candidate_1,candidate_4,candidate_3,5,0.028000000000000004
30,candidate_2,candidate_5,candidate_1,candidate_4,candidate_3,5,0.028000000000000004
31,candidate_2,candidate_5,candidate_1,candidate_4,candidate_3,5,0.028000000000000004
32,candidate_2,candidate_5,candidate_1,candidate_4,candidate_3,5,0.028000000000000004
33,candidate_2,candidate_5,candidate_1,candidate_4,candidate_3,5,0.028000000000000004
34,candidate_2,candidate_5,candidate_1,candidate_4,0,5,0.028000000000000004
35,candidate_2,candidate_5,candidate_1,candidate_4,candidate_3,5,0.028000000000000004
36,candidate_2,candidate_5,0,candidate_4,candidate_3,5,0.028000000000000004
37,candidate_2,candidate_5,candidate_1,candidate_4,candidate_3,5,0.028000000000000004
38,candidate_2,candidate_5,candidate_1,candidate_4,candidate_3,5,0.028000000000000004
39,candidate_2,candidate_5,candidate_1,candidate_4,candidate_3,5,0.028000000000000004
40,candidate_2,candidate_5,candidate_1,candidate_4,candidate_3,5,0.028000000000000004
41,candidate_2,0,candidate_1,candidate_4,candidate_3,5,0.028000000000000004
42,candidate_2,candidate_5,candidate_1,candidate_4,candidate_3,5,0.028000000000000004
43,candidate_2,candidate_5,candidate_1,candidate_4,candidate_3,5,0.028000000000000004
44,candidate_2,candidate_5,candidate_1,candidate_4,candidate_3,5,0.028000000000000004
45,candidate_2,candidate_5,candidate_1,candidate_4,candidate_3,5,0.028000000000000004
46,candidate_2,candidate_5,candidate_1,candidate_4,candidate_3,5,0.028000000000000004
47,candidate_2,candidate_5,candidate_1,candidate_4,candidate_3,5,0.028000000000000004
48,candidate_2,candidate_5,candidate_1,candidate_4,candidate_3,5,0.028000000000000004
49,candidate_2,candidate_5,candidate_1,candidate_4,candidate_3,5,0.028000000000000004
50,candidate_2,candidate_5,candidate_1,candidate_4,candidate_3,5,0.028000000000000004
51,candidate_2,candidate_5,candidate_1,candidate_4,candidate_3,5,0.028000000000000004
52,candidate_2,candidate_5,candidate_1,candidate_4,candidate_3,5,0.028000000000000004
53,candidate_2,candidate_5,candidate_1,candidate_4,candidate_3,5,0.028000000000000004
54,candidate_2,candidate_5,candidate_1,candidate_4,candidate_3,5,0.028000000000000004
55,candidate_2,candidate_5,candidate_1,candidate_4,candidate_3,5,0.028000000000000004
56,candidate_2,candidate_5,candidate_1,candidate_4,candidate_3,5,0.028000000000000004
57,candidate_2,candidate_5,candidate_1,candidate_4,candidate_3,5,0.028000000000000004
58,candidate_2,candidate_5,candidate_1,candidate_4,candidate_3,5,0.028000000000000004
59,candidate_2,candidate_5,candidate_1,candidate_4,candidate_3,5,0.028000000000000004
60,candidate_2,candidate_5,candidate_1,candidate_4,candidate_3,5,0.028000000000000004
61,candidate_2,candidate_5,candidate_1,candidate_4,candidate_3,5,0.028000000000000004
62,candidate_2,candidate_5,candidate_1,candidate_4,candidate_3,5,0.028000000000000004
63,candidate_2,candidate_5,candidate_1,candidate_4,candidate_3,5,0.028000000000000004
64,candidate_2,candidate_5,candidate_1,candidate_4,candidate_3,5,0.028000000000000004
65,candidate_2,candidate_5,candidate_1,candidate_4,candidate_3,5,0.028000000000000004
66,candidate_2,candidate_5,candidate_1,candidate_4,candidate_3,5,0.028000000000000004
67,candidate_2,candidate_5,candidate_1,candidate_4,candidate_3,5,0.028000000000000004
68,candidate_2,candidate_5,candidate_1,candidate_4,candidate_3,5,0.028000000000000004
69,candidate_2,0,candidate_1,candidate_4,candidate_3,5,0.028000000000000004
70,candidate_2,candidate_5,candidate_1,candidate_4,candidate_3,5,0.028000000000000004
71,candidate_2,candidate_5,candidate_1,candidate_4,candidate_3,5,0.028000000000000004
72,candidate_2,candidate_5,candidate_1,candidate_4,candidate_3,5,0.028000000000000004
73,candidate_2,candidate_5,candidate_1,candidate_4,candidate_3,5,0.028000000000000004
74,candidate_2,candidate_5,candidate_1,candidate_4,candidate_3,5,0.028000000000000004
75,candidate_2,candidate_5,candidate_1,candidate_4,candidate_3,5,0.028000000000000004
76,candidate_2,candidate_5,candidate_1,candidate_4,candidate_3,5,0.028000000000000004
77,candidate_2,candidate_5,candidate_1,candidate_4,0,5,0.028000000000000004
78,candidate_2,candidate_5,candidate_1,candidate_4,candidate_3,5,0.028000000000000004
79,0,candidate_5,candidate_1,candidate_4,candidate_3,5,0.028000000000000004
80,candidate_2,candidate_5,candidate_1,candidate_4,candidate_3,5,0.028000000000000004
81,candidate_2,candidate_5,candidate_1,candidate_4,candidate_3,5,0.028000000000000004
82,candidate_2,candidate_5,candidate_1,candidate_4,candidate_3,5,0.028000000000000004
83,candidate_2,candidate_5,candidate_1,candidate_4,candidate_3,5,0.028000000000000004
84,candidate_2,candidate_5,candidate_1,candidate_4,candidate_3,5,0.028000000000000004
85,candidate_2,candidate_5,candidate_1,candidate_4,candidate_3,5,0.028000000000000004
86,candidate_2,candidate_5,candidate_1,candidate_4,candidate_3,5,0.028000000000000004
87,candidate_2,candidate_5,candidate_1,candidate_4,candidate_3,5,0.028000000000000004
88,0,candidate_5,candidate_1,candidate_4,candidate_3,5,0.028000000000000004
89,candidate_2,candidate_5,candidate_1,candidate_4,candidate_3,5,0.028000000000000004
90,candidate_2,candidate_5,candidate_1,candidate_4,candidate_3,5,0.028000000000000004
91,candidate_2,candidate_5,candidate_1,candidate_4,candidate_3,5,0.028000000000000004
92,candidate_2,candidate_5,candidate_1,candidate_4,candidate_3,5,0.028000000000000004
93,candidate_2,candidate_5,candidate_1,candidate_4,candidate_3,5,0.028000000000000004
94,candidate_2,candidate_5,candidate_1,candidate_4,candidate_3,5,0.028000000000000004
95,candidate_2,candidate_5,candidate_1,candidate_4,candidate_3,5,0.028000000000000004
96,0,candidate_5,candidate_1,candidate_4,candidate_3,5,0.028000000000000004
97,candidate_2,candidate_5,candidate_1,candidate_4,candidate_3,5,0.028000000000000004
98,candidate_2,candidate_5,candidate_1,candidate_4,candidate_3,5,0.028000000000000004
99,candidate_2,candidate_5,candidate_1,candidate_4,candidate_3,5,0.028000000000000004
100,candidate_2,candidate_5,candidate_1,candidate_4,candidate_3,5,0.028000000000000004
101,candidate_2,candidate_5,candidate_1,candidate_4,candidate_3,5,0.028000000000000004
102,candidate_2,candidate_5,candidate_1,candidate_4,candidate_3,5,0.028000000000000004
103,candidate_2,candidate_5,candidate_1,candidate_4,candidate_3,5,0.028000000000000004
104,candidate_2,candidate_5,candidate_1,candidate_4,candidate_3,5,0.028000000000000004
105,candidate_2,candidate_5,candidate_1,candidate_4,candidate_3,5,0.028000000000000004
106,candidate_2,candidate_5,candidate_1,candidate_4,candidate_3,5,0.028000000000000004
107,candidate_2,candidate_5,candidate_1,candidate_4,candidate_3,5,0.028000000000000004
108,candidate_2,0,candidate_1,candidate_4,candidate_3,5,0.028000000000000004
109,0,candidate_5,candidate_1,candidate_4,candidate_3,5,0.028000000000000004
110,candidate_2,candidate_5,candidate_1,candidate_4,candidate_3,5,0.028000000000000004
111,candidate_2,candidate_5,candidate_1,candidate_4,candidate_3,5,0.028000000000000004
112,candidate_2,candidate_5,candidate_1,candidate_4,candidate_3,5,0.028000000000000004
113,candidate_2,candidate_5,candidate_1,candidate_4,candidate_3,5,0.028000000000000004
114,candidate_2,candidate_5,candidate_1,candidate_4,candidate_3,5,0.028000000000000004
115,candidate_2,candidate_5,candidate_1,candidate_4,candidate_3,5,0.028000000000000004
116,candidate_2,candidate_5,candidate_1,candidate_4,candidate_3,5,0.028000000000000004
117,candidate_2,candidate_5,candidate_1,0,candidate_3,5,0.028000000000000004
118,candidate_2,0,candidate_1,candidate_4,candidate_3,5,0.028000000000000004
119,candidate_2,candidate_5,candidate_1,candidate_4,candidate_3,5,0.028000000000000004
120,candidate_2,candidate_5,candidate_1,candidate_4,candidate_3,5,0.028000000000000004
121,candidate_2,candidate_5,candidate_1,candidate_4,candidate_3,5,0.028000000000000004
122,candidate_2,candidate_5,candidate_1,candidate_4,candidate_3,5,0.028000000000000004
123,candidate_2,candidate_5,candidate_1,candidate_4,candidate_3,5,0.028000000000000004
124,candidate_2,candidate_5,candidate_1,candidate_4,candidate_3,5,0.028000000000000004
125,candidate_2,candidate_5,candidate_1,candidate_4,candidate_3,5,0.028000000000000004
126,candidate_2,candidate_5,candidate_1,candidate_4,candidate_3,5,0.028000000000000004
127,candidate_2,candidate_5,candidate_1,candidate_4,candidate_3,5,0.028000000000000004
128,candidate_2,candidate_5,candidate_1,candidate_4,candidate_3,5,0.028000000000000004
129,candidate_2,candidate_5,candidate_1,candidate_4,candidate_3,5,0.028000000000000004
130,candidate_2,candidate_5,candidate_1,candidate_4,candidate_3,5,0.028000000000000004
131,candidate_2,candidate_5,candidate_1,candidate_4,candidate_3,5,0.028000000000000004
132,candidate_2,candidate_5,candidate_1,candidate_4,candidate_3,5,0.028000000000000004
133,candidate_2,candidate_5,candidate_1,candidate_4,candidate_3,5,0.028000000000000004
134,candidate_2,candidate_5,candidate_1,candidate_4,candidate_3,5,0.028000000000000004
135,candidate_2,candidate_5,candidate_1,candidate_4,candidate_3,5,0.028000000000000004
136,candidate_2,candidate_5,candidate_1,0,candidate_3,5,0.028000000000000004
137,candidate_2,candidate_5,candidate_1,candidate_4,candidate_3,5,0.028000000000000004
138,candidate_2,candidate_5,candidate_1,0,candidate_3,5,0.028000000000000004
139,candidate_2,candidate_5,candidate_1,candidate_4,candidate_3,5,0.028000000000000004
140,candidate_2,candidate_5,candidate_1,candidate_4,candidate_3,5,0.028000000000000004
141,candidate_2,0,candidate_1,candidate_4,candidate_3,5,0.028000000000000004
142,candidate_2,candidate_5,candidate_1,candidate_4,candidate_3,5,0.028000000000000004
143,candidate_2,candidate_5,candidate_1,candidate_4,candidate_3,5,0.028000000000000004
144,candidate_2,candidate_5,candidate_1,candidate_4,candidate_3,5,0.028000000000000004
145,candidate_2,candidate_5,candidate_1,candidate_4,candidate_3,5,0.028000000000000004
146,candidate_2,candidate_5,candidate_1,candidate_4,candidate_3,5,0.028000000000000004
147,candidate_2,candidate_5,candidate_1,candidate_4,candidate_3,5,0.028000000000000004
148,candidate_2,candidate_5,candidate_1,candidate_4,candidate_3,5,0.028000000000000004
149,candidate_2,candidate_5,candidate_1,candidate_4,candidate_3,5,0.028000000000000004
150,candidate_2,candidate_5,candidate_1,candidate_4,candidate_3,5,0.028000000000000004
151,candidate_2,candidate_5,candidate_1,candidate_4,candidate_3,5,0.028000000000000004
152,candidate_2,candidate_5,candidate_1,candidate_4,candidate_3,5,0.028000000000000004
153,candidate_2,candidate_5,candidate_1,candidate_4,candidate_3,5,0.028000000000000004
154,candidate_2,candidate_5,candidate_1,candidate_4,candidate_3,5,0.028000000000000004
155,candidate_2,candidate_5,candidate_1,candidate_4,candidate_3,5,0.028000000000000004
156,candidate_2,candidate_5,candidate_1,candidate_4,candidate_3,5,0.028000000000000004
157,candidate_2,candidate_5,candidate_1,candidate_4,candidate_3,5,0.028000000000000004
158,candidate_2,candidate_5,candidate_1,candidate_4,candidate_3,5,0.028000000000000004
159,candidate_2,candidate_5,candidate_1,candidate_4,candidate_3,5,0.028000000000000004
160,candidate_2,candidate_5,candidate_1,candidate_4,candidate_3,5,0.028000000000000004
161,candidate_2,candidate_5,candidate_1,candidate_4,candidate_3,5,0.028000000000000004
162,candidate_2,candidate_5,candidate_1,candidate_4,candidate_3,5,0.028000000000000004
163,candidate_2,candidate_5,candidate_1,candidate_4,candidate_3,5,0.028000000000000004
164,candidate_2,candidate_5,candidate_1,candidate_4,candidate_3,5,0.028000000000000004
165,candidate_2,candidate_5,candidate_1,candidate_4,candidate_3,5,0.028000000000000004
166,candidate_2,candidate_5,candidate_1,candidate_4,candidate_3,5,0.028000000000000004
167,candidate_2,candidate_5,candidate_1,0,candidate_3,5,0.028000000000000004
168,candidate_2,candidate_5,0,candidate_4,candidate_3,5,0.028000000000000004
169,candidate_2,candidate_5,candidate_1,candidate_4,candidate_3,5,0.028000000000000004
170,candidate_2,candidate_5,candidate_1,candidate_4,candidate_3,5,0.028000000000000004
171,candidate_2,candidate_5,candidate_1,candidate_4,candidate_3,5,0.028000000000000004
172,candidate_2,candidate_5,0,candidate_4,candidate_3,5,0.028000000000000004
173,candidate_2,candidate_5,0,candidate_4,candidate_3,5,0.028000000000000004
174,candidate_2,candidate_5,candidate_1,candidate_4,candidate_3,5,0.028000000000000004
175,candidate_2,candidate_5,candidate_1,candidate_4,candidate_3,5,0.028000000000000004
176,candidate_2,candidate_5,candidate_1,candidate_4,candidate_3,5,0.028000000000000004
177,candidate_2,candidate_5,candidate_1,candidate_4,candidate_3,5,0.028000000000000004
178,candidate_2,candidate_5,candidate_1,candidate_4,candidate_3,5,0.028000000000000004
179,candidate_2,candidate_5,candidate_1,candidate_4,candidate_3,5,0.028000000000000004
180,candidate_2,candidate_5,candidate_1,0,candidate_3,5,0.028000000000000004
181,candidate_2,candidate_5,candidate_1,candidate_4,candidate_3,5,0.028000000000000004
182,candidate_2,candidate_5,candidate_1,candidate_4,candidate_3,5,0.028000000000000004
183,candidate_2,candidate_5,candidate_1,candidate_4,candidate_3,5,0.028000000000000004
184,candidate_2,candidate_5,candidate_1,candidate_4,candidate_3,5,0.028000000000000004
185,candidate_2,candidate_5,candidate_1,candidate_4,candidate_3,5,0.028000000000000004
186,candidate_2,candidate_5,candidate_1,0,candidate_3,5,0.028000000000000004
187,candidate_2,candidate_5,0,candidate_4,candidate_3,5,0.028000000000000004
188,candidate_2,candidate_5,candidate_1,candidate_4,candidate_3,5,0.028000000000000004
189,candidate_2,candidate_5,candidate_1,candidate_4,candidate_3,5,0.028000000000000004
190,candidate_2,candidate_5,candidate_1,candidate_4,candidate_3,5,0.028000000000000004
191,candidate_2,candidate_5,candidate_1,candidate_4,candidate_3,5,0.028000000000000004
192,candidate_2,candidate_5,candidate_1,candidate_4,candidate_3,5,0.028000000000000004
193,candidate_2,candidate_5,candidate_1,candidate_4,candidate_3,5,0.028000000000000004
194,candidate_2,candidate_5,candidate_1,candidate_4,candidate_3,5,0.028000000000000004
195,candidate_2,candidate_5,candidate_1,candidate_4,candidate_3,5,0.028000000000000004
196,candidate_2,candidate_5,candidate_1,candidate_4,candidate_3,5,0.028000000000000004
197,candidate_2,candidate_5,candidate_1,candidate_4,candidate_3,5,0.028000000000000004
198,candidate_2,0,candidate_1,candidate_4,candidate_3,5,0.028000000000000004
199,candidate_2,candidate_5,candidate_1,candidate_4,candidate_3,5,0.028000000000000004
200,candidate_2,candidate_5,candidate_1,candidate_4,candidate_3,5,0.028000000000000004
201,candidate_2,candidate_5,candidate_1,candidate_4,candidate_3,5,0.028000000000000004
202,candidate_2,candidate_5,candidate_1,candidate_4,candidate_3,5,0.028000000000000004
203,candidate_2,candidate_5,candidate_1,candidate_4,candidate_3,5,0.028000000000000004
204,candidate_2,candidate_5,candidate_1,candidate_4,candidate_3,5,0.028000000000000004
205,candidate_2,candidate_5,candidate_1,candidate_4,candidate_3,5,0.028000000000000004
206,candidate_2,0,candidate_1,candidate_4,candidate_3,5,0.028000000000000004
207,candidate_2,candidate_5,candidate_1,candidate_4,candidate_3,5,0.028000000000000004
208,candidate_2,candidate_5,candidate_1,candidate_4,candidate_3,5,0.028000000000000004
209,candidate_2,candidate_5,candidate_1,candidate_4,candidate_3,5,0.028000000000000004
210,candidate_2,candidate_5,candidate_1,candidate_4,candidate_3,5,0.028000000000000004
211,candidate_2,candidate_5,candidate_1,candidate_4,candidate_3,5,0.028000000000000004
212,candidate_2,candidate_5,candidate_1,candidate_4,candidate_3,5,0.028000000000000004
213,candidate_2,candidate_5,candidate_1,candidate_4,candidate_3,5,0.028000000000000004
214,candidate_2,candidate_5,candidate_1,candidate_4,candidate_3,5,0.028000000000000004
215,candidate_2,candidate_5,candidate_1,candidate_4,candidate_3,5,0.028000000000000004
216,candidate_2,candidate_5,candidate_1,0,candidate_3,5,0.028000000000000004
217,candidate_2,candidate_5,candidate_1,candidate_4,candidate_3,5,0.028000000000000004
218,candidate_2,candidate_5,candidate_1,candidate_4,candidate_3,5,0.028000000000000004
219,candidate_2,candidate_5,candidate_1,candidate_4,candidate_3,5,0.028000000000000004
220,candidate_2,candidate_5,candidate_1,candidate_4,candidate_3,5,0.028000000000000004
221,candidate_2,candidate_5,candidate_1,candidate_4,candidate_3,5,0.028000000000000004
222,candidate_2,candidate_5,candidate_1,candidate_4,candidate_3,5,0.028000000000000004
223,candidate_2,candidate_5,candidate_1,candidate_4,candidate_3,5,0.028000000000000004
224,candidate_2,candidate_5,candidate_1,candidate_4,candidate_3,5,0.028000000000000004
225,candidate_2,candidate_5,candidate_1,candidate_4,candidate_3,5,0.028000000000000004
226,0,candidate_5,candidate_1,candidate_4,candidate_3,5,0.028000000000000004
227,candidate_2,candidate_5,candidate_1,candidate_4,candidate_3,5,0.028000000000000004
228,candidate_2,candidate_5,candidate_1,candidate_4,candidate_3,5,0.028000000000000004
229,candidate_2,candidate_5,candidate_1,0,candidate_3,5,0.028000000000000004
230,candidate_2,candidate_5,candidate_1,candidate_4,candidate_3,5,0.028000000000000004
231,candidate_2,candidate_5,candidate_1,candidate_4,0,5,0.028000000000000004
232,candidate_2,candidate_5,candidate_1,candidate_4,candidate_3,5,0.028000000000000004
233,candidate_2,candidate_5,candidate_1,candidate_4,candidate_3,5,0.028000000000000004
234,candidate_2,candidate_5,candidate_1,candidate_4,candidate_3,5,0.028000000000000004
235,candidate_2,candidate_5,candidate_1,candidate_4,candidate_3,5,0.028000000000000004
236,candidate_2,candidate_5,candidate_1,candidate_4,candidate_3,5,0.028000000000000004
237,candidate_2,0,0,candidate_4,candidate_3,5,0.028000000000000004
238,candidate_2,candidate_5,candidate_1,candidate_4,candidate_3,5,0.028000000000000004
239,candidate_2,candidate_5,candidate_1,candidate_4,candidate_3,5,0.028000000000000004
240,candidate_2,candidate_5,candidate_1,candidate_4,candidate_3,5,0.028000000000000004
241,candidate_2,candidate_5,candidate_1,candidate_4,candidate_3,5,0.028000000000000004
242,candidate_2,candidate_5,candidate_1,0,candidate_3,5,0.028000000000000004
243,candidate_2,candidate_5,candidate_1,candidate_4,candidate_3,5,0.028000000000000004
244,candidate_2,candidate_5,candidate_1,candidate_4,candidate_3,5,0.028000000000000004
245,candidate_2,candidate_5,candidate_1,candidate_4,candidate_3,5,0.028000000000000004
246,candidate_2,candidate_5,candidate_1,candidate_4,candidate_3,5,0.028000000000000004
247,candidate_2,candidate_5,candidate_1,candidate_4,candidate_3,5,0.028000000000000004
248,candidate_2,candidate_5,candidate_1,candidate_4,candidate_3,5,0.028000000000000004
249,candidate_2,candidate_5,candidate_1,candidate_4,candidate_3,5,0.028000000000000004
250,candidate_2,candidate_5,candidate_1,0,candidate_3,5,0.028000000000000004
251,candidate_2,candidate_5,candidate_1,candidate_4,candidate_3,5,0.028000000000000004
252,candidate_2,candidate_5,0,candidate_4,candidate_3,5,0.028000000000000004
253,candidate_2,candidate_5,candidate_1,candidate_4,candidate_3,5,0.028000000000000004
254,candidate_2,candidate_5,candidate_1,candidate_4,candidate_3,5,0.028000000000000004
255,candidate_2,candidate_5,candidate_1,candidate_4,candidate_3,5,0.028000000000000004
256,candidate_2,candidate_5,candidate_1,candidate_4,candidate_3,5,0.028000000000000004
257,candidate_2,0,0,candidate_4,candidate_3,5,0.028000000000000004
258,candidate_2,candidate_5,0,candidate_4,candidate_3,5,0.028000000000000004
259,candidate_2,candidate_5,candidate_1,candidate_4,candidate_3,5,0.028000000000000004
260,candidate_2,candidate_5,candidate_1,candidate_4,candidate_3,5,0.028000000000000004
261,candidate_2,candidate_5,candidate_1,candidate_4,candidate_3,5,0.028000000000000004
262,candidate_2,candidate_5,candidate_1,candidate_4,candidate_3,5,0.028000000000000004
263,candidate_2,candidate_5,candidate_1,candidate_4,candidate_3,5,0.028000000000000004
264,candidate_2,candidate_5,candidate_1,candidate_4,candidate_3,5,0.028000000000000004
265,candidate_2,candidate_5,candidate_1,candidate_4,candidate_3,5,0.028000000000000004
266,candidate_2,candidate_5,candidate_1,candidate_4,candidate_3,5,0.028000000000000004
267,candidate_2,candidate_5,candidate_1,candidate_4,candidate_3,5,0.028000000000000004
268,candidate_2,candidate_5,candidate_1,candidate_4,candidate_3,5,0.028000000000000004
269,candidate_2,candidate_5,candidate_1,candidate_4,candidate_3,5,0.028000000000000004
270,candidate_2,candidate_5,candidate_1,candidate_4,candidate_3,5,0.028000000000000004
271,candidate_2,candidate_5,candidate_1,candidate_4,candidate_3,5,0.028000000000000004
272,candidate_2,candidate_5,candidate_1,candidate_4,candidate_3,5,0.028000000000000004
273,candidate_2,candidate_5,candidate_1,candidate_4,candidate_3,5,0.028000000000000004
274,candidate_2,candidate_5,candidate_1,candidate_4,candidate_3,5,0.028000000000000004
275,candidate_2,candidate_5,candidate_1,candidate_4,candidate_3,5,0.028000000000000004
276,candidate_2,candidate_5,candidate_1,candidate_4,candidate_3,5,0.028000000000000004
277,candidate_2,candidate_5,candidate_1,candidate_4,candidate_3,5,0.028000000000000004
278,candidate_2,candidate_5,candidate_1,0,candidate_3,5,0.028000000000000004
279,0,candidate_5,candidate_1,candidate_4,candidate_3,5,0.028000000000000004
280,candidate_2,candidate_5,candidate_1,candidate_4,candidate_3,5,0.028000000000000004
281,candidate_2,candidate_5,candidate_1,candidate_4,candidate_3,5,0.028000000000000004
282,candidate_2,candidate_5,candidate_1,candidate_4,0,5,0.028000000000000004
283,candidate_2,candidate_5,candidate_1,candidate_4,candidate_3,5,0.028000000000000004
284,candidate_2,candidate_5,candidate_1,candidate_4,candidate_3,5,0.028000000000000004
285,candidate_2,candidate_5,candidate_1,candidate_4,candidate_3,5,0.028000000000000004
286,candidate_2,candidate_5,candidate_1,candidate_4,candidate_3,5,0.028000000000000004
287,candidate_2,candidate_5,candidate_1,candidate_4,0,5,0.028000000000000004
288,candidate_2,candidate_5,candidate_1,candidate_4,candidate_3,5,0.028000000000000004
289,candidate_2,candidate_5,candidate_1,candidate_4,candidate_3,5,0.028000000000000004
290,candidate_2,candidate_5,candidate_1,candidate_4,candidate_3,5,0.028000000000000004
291,candidate_2,candidate_5,candidate_1,candidate_4,candidate_3,5,0.028000000000000004
292,candidate_2,candidate_5,candidate_1,candidate_4,0,5,0.028000000000000004
293,candidate_2,candidate_5,candidate_1,candidate_4,candidate_3,5,0.028000000000000004
294,candidate_2,candidate_5,candidate_1,candidate_4,candidate_3,5,0.028000000000000004
295,candidate_2,candidate_5,candidate_1,candidate_4,candidate_3,5,0.028000000000000004
296,candidate_2,candidate_5,candidate_1,candidate_4,candidate_3,5,0.028000000000000004
297,candidate_2,candidate_5,candidate_1,0,candidate_3,5,0.028000000000000004
298,candidate_2,candidate_5,candidate_1,candidate_4,candidate_3,5,0.028000000000000004
299,candidate_2,candidate_5,candidate_1,candidate_4,candidate_3,5,0.028000000000000004
300,candidate_2,candidate_5,candidate_1,candidate_4,candidate_3,5,0.028000000000000004
301,candidate_2,candidate_5,candidate_1,candidate_4,candidate_3,5,0.028000000000000004
302,candidate_2,candidate_5,candidate_1,candidate_4,candidate_3,5,0.028000000000000004
303,candidate_2,candidate_5,candidate_1,candidate_4,candidate_3,5,0.028000000000000004
304,candidate_2,candidate_5,candidate_1,candidate_4,candidate_3,5,0.028000000000000004
305,candidate_2,candidate_5,candidate_1,candidate_4,candidate_3,5,0.028000000000000004
306,candidate_2,candidate_5,candidate_1,candidate_4,candidate_3,5,0.028000000000000004
307,candidate_2,candidate_5,0,candidate_4,candidate_3,5,0.028000000000000004
308,candidate_2,candidate_5,candidate_1,0,0,5,0.028000000000000004
309,candidate_2,0,candidate_1,candidate_4,candidate_3,5,0.028000000000000004
310,candidate_2,candidate_5,0,candidate_4,candidate_3,5,0.028000000000000004
311,candidate_2,candidate_5,candidate_1,candidate_4,candidate_3,5,0.028000000000000004
312,candidate_2,candidate_5,candidate_1,candidate_4,candidate_3,5,0.028000000000000004
313,candidate_2,candidate_5,candidate_1,candidate_4,candidate_3,5,0.028000000000000004
314,candidate_2,candidate_5,candidate_1,candidate_4,candidate_3,5,0.028000000000000004
315,candidate_2,candidate_5,candidate_1,candidate_4,candidate_3,5,0.028000000000000004
316,candidate_2,candidate_5,candidate_1,candidate_4,candidate_3,5,0.028000000000000004
317,0,candidate_5,candidate_1,candidate_4,candidate_3,5,0.028000000000000004
318,candidate_2,candidate_5,candidate_1,0,candidate_3,5,0.028000000000000004
319,candidate_2,candidate_5,candidate_1,candidate_4,candidate_3,5,0.028000000000000004
320,candidate_2,candidate_5,candidate_1,candidate_4,candidate_3,5,0.028000000000000004
321,candidate_2,candidate_5,candidate_1,candidate_4,candidate_3,5,0.028000000000000004
322,0,candidate_5,candidate_1,candidate_4,candidate_3,5,0.028000000000000004
323,candidate_2,candidate_5,candidate_1,candidate_4,candidate_3,5,0.028000000000000004
324,candidate_2,candidate_5,candidate_1,candidate_4,candidate_3,5,0.028000000000000004
325,candidate_2,candidate_5,candidate_1,candidate_4,candidate_3,5,0.028000000000000004
326,candidate_2,candidate_5,candidate_1,candidate_4,candidate_3,5,0.028000000000000004
327,candidate_2,candidate_5,candidate_1,candidate_4,candidate_3,5,0.028000000000000004
328,candidate_2,candidate_5,candidate_1,candidate_4,candidate_3,5,0.028000000000000004
329,candidate_2,candidate_5,candidate_1,candidate_4,candidate_3,5,0.028000000000000004
330,candidate_2,candidate_5,candidate_1,candidate_4,candidate_3,5,0.028000000000000004
331,candidate_2,candidate_5,candidate_1,candidate_4,candidate_3,5,0.028000000000000004
332,candidate_2,candidate_5,candidate_1,candidate_4,candidate_3,5,0.028000000000000004
333,candidate_2,candidate_5,candidate_1,candidate_4,candidate_3,5,0.028000000000000004
334,candidate_2,candidate_5,candidate_1,candidate_4,candidate_3,5,0.028000000000000004
335,candidate_2,candidate_5,candidate_1,candidate_4,candidate_3,5,0.028000000000000004
336,candidate_2,candidate_5,candidate_1,0,candidate_3,5,0.028000000000000004
337,candidate_2,candidate_5,candidate_1,candidate_4,candidate_3,5,0.028000000000000004
338,candidate_2,candidate_5,candidate_1,candidate_4,candidate_3,5,0.028000000000000004
339,candidate_2,candidate_5,candidate_1,0,candidate_3,5,0.028000000000000004
340,candidate_2,candidate_5,candidate_1,candidate_4,candidate_3,5,0.028000000000000004
341,candidate_2,candidate_5,candidate_1,0,0,5,0.028000000000000004
342,candidate_2,candidate_5,candidate_1,candidate_4,candidate_3,5,0.028000000000000004
343,candidate_2,candidate_5,candidate_1,candidate_4,candidate_3,5,0.028000000000000004
344,candidate_2,candidate_5,candidate_1,candidate_4,0,5,0.028000000000000004
345,candidate_2,candidate_5,candidate_1,candidate_4,candidate_3,5,0.028000000000000004
346,candidate_2,candidate_5,candidate_1,candidate_4,candidate_3,5,0.028000000000000004
347,candidate_2,candidate_5,candidate_1,candidate_4,candidate_3,5,0.028000000000000004
348,candidate_2,candidate_5,candidate_1,candidate_4,candidate_3,5,0.028000000000000004
349,candidate_2,candidate_5,0,candidate_4,candidate_3,5,0.028000000000000004
350,candidate_2,candidate_5,candidate_1,candidate_4,candidate_3,5,0.028000000000000004
351,candidate_2,candidate_5,candidate_1,candidate_4,candidate_3,5,0.028000000000000004
352,candidate_2,candidate_5,candidate_1,candidate_4,candidate_3,5,0.028000000000000004
353,candidate_2,candidate_5,candidate_1,candidate_4,candidate_3,5,0.028000000000000004
354,candidate_2,candidate_5,candidate_1,candidate_4,candidate_3,5,0.028000000000000004
355,candidate_2,candidate_5,candidate_1,candidate_4,candidate_3,5,0.028000000000000004
356,candidate_2,candidate_5,candidate_1,candidate_4,candidate_3,5,0.028000000000000004
357,candidate_2,candidate_5,candidate_1,candidate_4,candidate_3,5,0.028000000000000004
358,candidate_2,candidate_5,candidate_1,candidate_4,candidate_3,5,0.028000000000000004
359,candidate_2,candidate_5,candidate_1,candidate_4,candidate_3,5,0.028000000000000004
360,candidate_2,candidate_5,candidate_1,candidate_4,candidate_3,5,0.028000000000000004
361,candidate_2,candidate_5,candidate_1,candidate_4,candidate_3,5,0.028000000000000004
362,candidate_2,candidate_5,candidate_1,candidate_4,candidate_3,5,0.028000000000000004
363,candidate_2,candidate_5,candidate_1,0,candidate_3,5,0.028000000000000004
364,candidate_2,candidate_5,candidate_1,candidate_4,candidate_3,5,0.028000000000000004
365,candidate_2,candidate_5,candidate_1,candidate_4,candidate_3,5,0.028000000000000004
366,candidate_2,candidate_5,0,candidate_4,candidate_3,5,0.028000000000000004
367,candidate_2,candidate_5,candidate_1,candidate_4,candidate_3,5,0.028000000000000004
368,candidate_2,candidate_5,candidate_1,candidate_4,candidate_3,5,0.028000000000000004
369,candidate_2,candidate_5,candidate_1,candidate_4,candidate_3,5,0.028000000000000004
370,candidate_2,candidate_5,candidate_1,candidate_4,candidate_3,5,0.028000000000000004
371,candidate_2,candidate_5,candidate_1,candidate_4,candidate_3,5,0.028000000000000004
372,candidate_2,candidate_5,candidate_1,candidate_4,candidate_3,5,0.028000000000000004
373,candidate_2,candidate_5,candidate_1,candidate_4,candidate_3,5,0.028000000000000004
374,candidate_2,candidate_5,candidate_1,candidate_4,candidate_3,5,0.028000000000000004
375,candidate_2,candidate_5,candidate_1,candidate_4,candidate_3,5,0.028000000000000004
376,candidate_2,candidate_5,candidate_1,candidate_4,candidate_3,5,0.028000000000000004
377,candidate_2,candidate_5,candidate_1,candidate_4,candidate_3,5,0.028000000000000004
378,candidate_2,candidate_5,0,candidate_4,candidate_3,5,0.028000000000000004
379,0,candidate_5,candidate_1,0,candidate_3,5,0.028000000000000004
380,candidate_2,candidate_5,candidate_1,candidate_4,candidate_3,5,0.028000000000000004
381,candidate_2,candidate_5,candidate_1,candidate_4,candidate_3,5,0.028000000000000004
382,candidate_2,candidate_5,candidate_1,candidate_4,candidate_3,5,0.028000000000000004
383,candidate_2,candidate_5,candidate_1,candidate_4,candidate_3,5,0.028000000000000004
384,candidate_2,candidate_5,candidate_1,candidate_4,candidate_3,5,0.028000000000000004
385,candidate_2,candidate_5,candidate_1,candidate_4,candidate_3,5,0.028000000000000004
386,candidate_2,candidate_5,candidate_1,candidate_4,candidate_3,5,0.028000000000000004
387,candidate_2,candidate_5,candidate_1,0,candidate_3,5,0.028000000000000004
388,candidate_2,candidate_5,candidate_1,candidate_4,0,5,0.028000000000000004
389,candidate_2,candidate_5,candidate_1,candidate_4,candidate_3,5,0.028000000000000004
390,candidate_2,candidate_5,candidate_1,0,candidate_3,5,0.028000000000000004
391,candidate_2,candidate_5,candidate_1,candidate_4,candidate_3,5,0.028000000000000004
392,0,candidate_5,candidate_1,candidate_4,candidate_3,5,0.028000000000000004
393,candidate_2,candidate_5,candidate_1,candidate_4,candidate_3,5,0.028000000000000004
394,candidate_2,candidate_5,candidate_1,candidate_4,candidate_3,5,0.028000000000000004
395,candidate_2,candidate_5,candidate_1,candidate_4,candidate_3,5,0.028000000000000004
396,candidate_2,candidate_5,0,candidate_4,candidate_3,5,0.028000000000000004
397,candidate_2,candidate_5,candidate_1,candidate_4,candidate_3,5,0.028000000000000004
398,candidate_2,candidate_5,candidate_1,candidate_4,candidate_3,5,0.028000000000000004
399,candidate_2,candidate_5,candidate_1,candidate_4,candidate_3,5,0.028000000000000004
400,candidate_2,candidate_5,candidate_1,candidate_4,candidate_3,5,0.028000000000000004
401,candidate_2,candidate_5,candidate_1,candidate_4,candidate_3,5,0.028000000000000004
402,candidate_2,candidate_5,candidate_1,candidate_4,candidate_3,5,0.028000000000000004
403,candidate_2,0,candidate_1,candidate_4,candidate_3,5,0.028000000000000004
404,candidate_2,candidate_5,candidate_1,candidate_4,candidate_3,5,0.028000000000000004
405,candidate_2,candidate_5,candidate_1,candidate_4,candidate_3,5,0.028000000000000004
406,candidate_2,candidate_5,candidate_1,candidate_4,candidate_3,5,0.028000000000000004
407,candidate_2,candidate_5,candidate_1,candidate_4,candidate_3,5,0.028000000000000004
408,candidate_2,candidate_5,candidate_1,candidate_4,candidate_3,5,0.028000000000000004
409,candidate_2,candidate_5,candidate_1,candidate_4,candidate_3,5,0.028000000000000004
410,candidate_2,candidate_5,candidate_1,candidate_4,candidate_3,5,0.028000000000000004
411,candidate_2,candidate_5,candidate_1,candidate_4,candidate_3,5,0.028000000000000004
412,candidate_2,candidate_5,candidate_1,candidate_4,candidate_3,5,0.028000000000000004
413,candidate_2,candidate_5,candidate_1,candidate_4,candidate_3,5,0.028000000000000004
414,candidate_2,candidate_5,candidate_1,candidate_4,candidate_3,5,0.028000000000000004
415,candidate_2,candidate_5,candidate_1,candidate_4,candidate_3,5,0.028000000000000004
416,candidate_2,candidate_5,candidate_1,candidate_4,candidate_3,5,0.028000000000000004
417,candidate_2,candidate_5,candidate_1,candidate_4,candidate_3,5,0.028000000000000004
418,candidate_2,candidate_5,candidate_1,candidate_4,candidate_3,5,0.028000000000000004
419,candidate_2,candidate_5,candidate_1,candidate_4,candidate_3,5,0.028000000000000004
420,candidate_2,candidate_5,candidate_1,candidate_4,candidate_3,5,0.028000000000000004
421,candidate_2,candidate_5,candidate_1,candidate_4,candidate_3,5,0.028000000000000004
422,candidate_2,candidate_5,candidate_1,candidate_4,candidate_3,5,0.028000000000000004
423,candidate_2,candidate_5,candidate_1,candidate_4,candidate_3,5,0.028000000000000004
424,candidate_2,candidate_5,candidate_1,candidate_4,candidate_3,5,0.028000000000000004
425,candidate_2,candidate_5,candidate_1,candidate_4,candidate_3,5,0.028000000000000004
426,candidate_2,candidate_5,candidate_1,candidate_4,candidate_3,5,0.028000000000000004
427,candidate_2,candidate_5,candidate_1,candidate_4,candidate_3,5,0.028000000000000004
428,candidate_2,candidate_5,candidate_1,candidate_4,candidate_3,5,0.028000000000000004
429,0,candidate_5,candidate_1,0,candidate_3,5,0.028000000000000004
430,candidate_2,candidate_5,candidate_1,candidate_4,candidate_3,5,0.028000000000000004
431,candidate_2,candidate_5,candidate_1,candidate_4,candidate_3,5,0.028000000000000004
432,candidate_2,candidate_5,candidate_1,candidate_4,candidate_3,5,0.028000000000000004
433,candidate_2,candidate_5,candidate_1,candidate_4,candidate_3,5,0.028000000000000004
434,candidate_2,candidate_5,candidate_1,candidate_4,candidate_3,5,0.028000000000000004
435,candidate_2,candidate_5,candidate_1,candidate_4,candidate_3,5,0.028000000000000004
436,candidate_2,candidate_5,candidate_1,candidate_4,candidate_3,5,0.028000000000000004
437,candidate_2,candidate_5,candidate_1,candidate_4,0,5,0.028000000000000004
438,candidate_2,candidate_5,candidate_1,candidate_4,candidate_3,5,0.028000000000000004
439,candidate_2,candidate_5,candidate_1,candidate_4,candidate_3,5,0.028000000000000004
440,candidate_2,candidate_5,candidate_1,candidate_4,candidate_3,5,0.028000000000000004
441,candidate_2,candidate_5,candidate_1,candidate_4,candidate_3,5,0.028000000000000004
442,0,candidate_5,candidate_1,candidate_4,candidate_3,5,0.028000000000000004
443,candidate_2,candidate_5,candidate_1,candidate_4,candidate_3,5,0.028000000000000004
444,candidate_2,candidate_5,candidate_1,candidate_4,candidate_3,5,0.028000000000000004
445,candidate_2,candidate_5,candidate_1,candidate_4,candidate_3,5,0.028000000000000004
446,candidate_2,candidate_5,candidate_1,candidate_4,candidate_3,5,0.028000000000000004
447,candidate_2,candidate_5,candidate_1,candidate_4,candidate_3,5,0.028000000000000004
448,candidate_2,candidate_5,candidate_1,candidate_4,candidate_3,5,0.028000000000000004
449,candidate_2,candidate_5,candidate_1,candidate_4,candidate_3,5,0.028000000000000004
450,candidate_2,candidate_5,candidate_1,candidate_4,candidate_3,5,0.028000000000000004
451,candidate_2,candidate_5,candidate_1,candidate_4,candidate_3,5,0.028000000000000004
452,candidate_2,candidate_5,candidate_1,candidate_4,candidate_3,5,0.028000000000000004
453,candidate_2,candidate_5,candidate_1,0,candidate_3,5,0.028000000000000004
454,candidate_2,candidate_5,candidate_1,candidate_4,candidate_3,5,0.028000000000000004
455,candidate_2,candidate_5,candidate_1,0,candidate_3,5,0.028000000000000004
456,candidate_2,candidate_5,candidate_1,candidate_4,candidate_3,5,0.028000000000000004
457,candidate_2,candidate_5,candidate_1,candidate_4,candidate_3,5,0.028000000000000004
458,candidate_2,candidate_5,candidate_1,candidate_4,candidate_3,5,0.028000000000000004
459,candidate_2,candidate_5,candidate_1,candidate_4,candidate_3,5,0.028000000000000004
460,candidate_2,candidate_5,candidate_1,candidate_4,candidate_3,5,0.028000000000000004
461,candidate_2,candidate_5,candidate_1,candidate_4,candidate_3,5,0.028000000000000004
462,candidate_2,candidate_5,candidate_1,candidate_4,candidate_3,5,0.028000000000000004
463,candidate_2,candidate_5,candidate_1,candidate_4,candidate_3,5,0.028000000000000004
464,candidate_2,candidate_5,candidate_1,candidate_4,candidate_3,5,0.028000000000000004
465,candidate_2,candidate_5,candidate_1,candidate_4,candidate_3,5,0.028000000000000004
466,candidate_2,candidate_5,candidate_1,candidate_4,candidate_3,5,0.028000000000000004
467,candidate_2,candidate_5,candidate_1,candidate_4,candidate_3,5,0.028000000000000004
468,candidate_2,candidate_5,candidate_1,candidate_4,candidate_3,5,0.028000000000000004
469,candidate_2,candidate_5,candidate_1,candidate_4,candidate_3,5,0.028000000000000004
470,candidate_2,0,candidate_1,candidate_4,candidate_3,5,0.028000000000000004
471,candidate_2,candidate_5,candidate_1,candidate_4,candidate_3,5,0.028000000000000004
472,candidate_2,candidate_5,candidate_1,candidate_4,candidate_3,5,0.028000000000000004
473,candidate_2,candidate_5,candidate_1,candidate_4,candidate_3,5,0.028000000000000004
474,candidate_2,candidate_5,candidate_1,candidate_4,candidate_3,5,0.028000000000000004
475,candidate_2,candidate_5,candidate_1,candidate_4,candidate_3,5,0.028000000000000004
476,candidate_2,candidate_5,candidate_1,candidate_4,candidate_3,5,0.028000000000000004
477,candidate_2,candidate_5,candidate_1,candidate_4,candidate_3,5,0.028000000000000004
478,candidate_2,candidate_5,candidate_1,candidate_4,candidate_3,5,0.028000000000000004
479,candidate_2,candidate_5,candidate_1,candidate_4,0,5,0.028000000000000004
480,candidate_2,candidate_5,candidate_1,candidate_4,candidate_3,5,0.028000000000000004
481,candidate_2,candidate_5,candidate_1,candidate_4,candidate_3,5,0.028000000000000004
482,candidate_2,candidate_5,candidate_1,candidate_4,candidate_3,5,0.028000000000000004
483,candidate_2,candidate_5,candidate_1,candidate_4,candidate_3,5,0.028000000000000004
484,candidate_2,candidate_5,candidate_1,candidate_4,candidate_3,5,0.028000000000000004
485,candidate_2,candidate_5,candidate_1,candidate_4,candidate_3,5,0.028000000000000004
486,candidate_2,candidate_5,candidate_1,candidate_4,candidate_3,5,0.028000000000000004
487,candidate_2,candidate_5,candidate_1,candidate_4,candidate_3,5,0.028000000000000004
488,candidate_2,candidate_5,candidate_1,candidate_4,candidate_3,5,0.028000000000000004
489,candidate_2,candidate_5,candidate_1,candidate_4,candidate_3,5,0.028000000000000004
490,0,candidate_5,candidate_1,candidate_4,candidate_3,5,0.028000000000000004
491,candidate_2,candidate_5,candidate_1,candidate_4,candidate_3,5,0.028000000000000004
492,candidate_2,candidate_5,candidate_1,candidate_4,candidate_3,5,0.028000000000000004
493,candidate_2,candidate_5,candidate_1,0,candidate_3,5,0.028000000000000004
494,candidate_2,candidate_5,candidate_1,candidate_4,candidate_3,5,0.028000000000000004
495,candidate_2,candidate_5,0,candidate_4,candidate_3,5,0.028000000000000004
496,candidate_2,candidate_5,candidate_1,candidate_4,candidate_3,5,0.028000000000000004
497,candidate_2,candidate_5,candidate_1,candidate_4,candidate_3,5,0.028000000000000004
498,candidate_2,candidate_5,candidate_1,candidate_4,candidate_3,5,0.028000000000000004
499,candidate_2,candidate_5,candidate_1,candidate_4,candidate_3,5,0.028000000000000004
500,candidate_2,candidate_5,candidate_1,candidate_4,0,5,0.028000000000000004
501,candidate_2,candidate_5,candidate_1,candidate_4,candidate_3,5,0.028000000000000004
502,candidate_2,candidate_5,candidate_1,candidate_4,candidate_3,5,0.028000000000000004
503,candidate_2,candidate_5,candidate_1,candidate_4,candidate_3,5,0.028000000000000004
504,candidate_2,candidate_5,candidate_1,candidate_4,candidate_3,5,0.028000000000000004
505,candidate_2,candidate_5,candidate_1,candidate_4,candidate_3,5,0.028000000000000004
506,candidate_2,candidate_5,candidate_1,candidate_4,candidate_3,5,0.028000000000000004
507,candidate_2,candidate_5,candidate_1,candidate_4,0,5,0.028000000000000004
508,candidate_2,candidate_5,candidate_1,candidate_4,candidate_3,5,0.028000000000000004
509,candidate_2,0,candidate_1,candidate_4,candidate_3,5,0.028000000000000004
510,candidate_2,candidate_5,candidate_1,candidate_4,candidate_3,5,0.028000000000000004
511,candidate_2,candidate_5,candidate_1,candidate_4,candidate_3,5,0.028000000000000004
512,candidate_2,candidate_5,candidate_1,candidate_4,candidate_3,5,0.028000000000000004
513,candidate_2,candidate_5,candidate_1,candidate_4,candidate_3,5,0.028000000000000004
514,candidate_2,candidate_5,candidate_1,candidate_4,candidate_3,5,0.028000000000000004
515,candidate_2,candidate_5,candidate_1,candidate_4,candidate_3,5,0.028000000000000004
516,candidate_2,candidate_5,candidate_1,candidate_4,candidate_3,5,0.028000000000000004
517,candidate_2,candidate_5,candidate_1,candidate_4,candidate_3,5,0.028000000000000004
518,candidate_2,candidate_5,candidate_1,candidate_4,candidate_3,5,0.028000000000000004
519,candidate_2,candidate_5,candidate_1,candidate_4,candidate_3,5,0.028000000000000004
520,candidate_2,candidate_5,candidate_1,candidate_4,candidate_3,5,0.028000000000000004
521,candidate_2,candidate_5,candidate_1,candidate_4,candidate_3,5,0.028000000000000004
522,candidate_2,candidate_5,candidate_1,candidate_4,candidate_3,5,0.028000000000000004
0,candidate_2,candidate_5,candidate_3,candidate_1,candidate_4,5,0.028000000000000004
1,candidate_2,candidate_5,candidate_3,candidate_1,candidate_4,5,0.028000000000000004
2,candidate_2,candidate_5,candidate_3,candidate_1,candidate_4,5,0.028000000000000004
3,candidate_2,candidate_5,candidate_3,candidate_1,candidate_4,5,0.028000000000000004
4,candidate_2,candidate_5,candidate_3,candidate_1,candidate_4,5,0.028000000000000004
5,candidate_2,candidate_5,candidate_3,candidate_1,candidate_4,5,0.028000000000000004
6,candidate_2,candidate_5,candidate_3,candidate_1,candidate_4,5,0.028000000000000004
7,candidate_2,candidate_5,candidate_3,candidate_1,candidate_4,5,0.028000000000000004
8,candidate_2,candidate_5,candidate_3,candidate_1,candidate_4,5,0.028000000000000004
9,candidate_2,candidate_5,candidate_3,candidate_1,candidate_4,5,0.028000000000000004
10,candidate_2,candidate_5,candidate_3,candidate_1,candidate_4,5,0.028000000000000004
11,candidate_2,candidate_5,candidate_3,candidate_1,candidate_4,5,0.028000000000000004
12,candidate_2,candidate_5,candidate_3,candidate_1,candidate_4,5,0.028000000000000004
13,candidate_2,candidate_5,candidate_3,candidate_1,candidate_4,5,0.028000000000000004
14,candidate_2,candidate_5,candidate_3,candidate_1,candidate_4,5,0.028000000000000004
15,candidate_2,candidate_5,candidate_3,candidate_1,candidate_4,5,0.028000000000000004
16,candidate_2,candidate_5,candidate_3,candidate_1,candidate_4,5,0.028000000000000004
17,candidate_2,candidate_5,candidate_3,candidate_1,candidate_4,5,0.028000000000000004
18,candidate_2,candidate_5,candidate_3,candidate_1,candidate_4,5,0.028000000000000004
19,candidate_2,candidate_5,candidate_3,candidate_1,candidate_4,5,0.028000000000000004
20,candidate_2,candidate_5,candidate_3,candidate_1,candidate_4,5,0.028000000000000004
21,candidate_2,candidate_5,candidate_3,candidate_1,candidate_4,5,0.028000000000000004
22,candidate_2,candidate_5,candidate_3,candidate_1,candidate_4,5,0.028000000000000004
23,candidate_2,candidate_5,candidate_3,candidate_1,candidate_4,5,0.028000000000000004
24,candidate_2,candidate_5,candidate_3,candidate_1,candidate_4,5,0.028000000000000004
25,candidate_2,candidate_5,candidate_3,candidate_1,candidate_4,5,0.028000000000000004
26,candidate_2,candidate_5,candidate_3,candidate_1,candidate_4,5,0.028000000000000004
27,candidate_2,candidate_5,candidate_3,candidate_1,candidate_4,5,0.028000000000000004
28,candidate_2,candidate_5,candidate_3,candidate_1,candidate_4,5,0.028000000000000004
29,candidate_2,candidate_5,candidate_3,candidate_1,candidate_4,5,0.028000000000000004
30,candidate_2,candidate_5,candidate_3,candidate_1,candidate_4,5,0.028000000000000004
31,candidate_2,candidate_5,candidate_3,candidate_1,candidate_4,5,0.028000000000000004
32,candidate_2,candidate_5,candidate_3,candidate_1,candidate_4,5,0.028000000000000004
33,candidate_2,candidate_5,candidate_3,candidate_1,candidate_4,5,0.028000000000000004
34,candidate_2,0,candidate_3,candidate_1,candidate_4,5,0.028000000000000004
35,candidate_2,candidate_5,candidate_3,candidate_1,candidate_4,5,0.028000000000000004
36,candidate_2,candidate_5,candidate_3,candidate_1,candidate_4,5,0.028000000000000004
37,candidate_2,candidate_5,candidate_3,candidate_1,candidate_4,5,0.028000000000000004
38,0,candidate_5,candidate_3,candidate_1,candidate_4,5,0.028000000000000004
39,candidate_2,candidate_5,candidate_3,candidate_1,candidate_4,5,0.028000000000000004
40,candidate_2,candidate_5,candidate_3,candidate_1,candidate_4,5,0.028000000000000004
41,0,candidate_5,candidate_3,candidate_1,candidate_4,5,0.028000000000000004
42,candidate_2,candidate_5,0,candidate_1,0,5,0.028000000000000004
43,candidate_2,candidate_5,candidate_3,candidate_1,candidate_4,5,0.028000000000000004
44,candidate_2,candidate_5,candidate_3,candidate_1,candidate_4,5,0.028000000000000004
45,candidate_2,candidate_5,candidate_3,candidate_1,candidate_4,5,0.028000000000000004
46,candidate_2,candidate_5,candidate_3,candidate_1,candidate_4,5,0.028000000000000004
47,candidate_2,candidate_5,candidate_3,candidate_1,candidate_4,5,0.028000000000000004
48,candidate_2,candidate_5,candidate_3,candidate_1,candidate_4,5,0.028000000000000004
49,candidate_2,candidate_5,candidate_3,candidate_1,candidate_4,5,0.028000000000000004
50,candidate_2,candidate_5,candidate_3,candidate_1,0,5,0.028000000000000004
51,candidate_2,candidate_5,candidate_3,candidate_1,candidate_4,5,0.028000000000000004
52,candidate_2,candidate_5,candidate_3,candidate_1,candidate_4,5,0.028000000000000004
53,candidate_2,candidate_5,candidate_3,candidate_1,candidate_4,5,0.028000000000000004
54,candidate_2,candidate_5,0,candidate_1,candidate_4,5,0.028000000000000004
55,candidate_2,candidate_5,candidate_3,candidate_1,candidate_4,5,0.028000000000000004
56,candidate_2,candidate_5,candidate_3,0,candidate_4,5,0.028000000000000004
57,candidate_2,candidate_5,candidate_3,candidate_1,candidate_4,5,0.028000000000000004
58,candidate_2,candidate_5,candidate_3,candidate_1,candidate_4,5,0.028000000000000004
59,candidate_2,candidate_5,candidate_3,candidate_1,candidate_4,5,0.028000000000000004
60,candidate_2,candidate_5,candidate_3,candidate_1,candidate_4,5,0.028000000000000004
61,0,candidate_5,candidate_3,candidate_1,candidate_4,5,0.028000000000000004
62,candidate_2,candidate_5,candidate_3,candidate_1,candidate_4,5,0.028000000000000004
63,candidate_2,candidate_5,candidate_3,candidate_1,candidate_4,5,0.028000000000000004
64,candidate_2,candidate_5,candidate_3,candidate_1,candidate_4,5,0.028000000000000004
65,candidate_2,candidate_5,candidate_3,candidate_1,candidate_4,5,0.028000000000000004
66,candidate_2,candidate_5,candidate_3,candidate_1,candidate_4,5,0.028000000000000004
67,candidate_2,candidate_5,candidate_3,candidate_1,candidate_4,5,0.028000000000000004
68,candidate_2,0,candidate_3,candidate_1,candidate_4,5,0.028000000000000004
69,candidate_2,candidate_5,candidate_3,0,candidate_4,5,0.028000000000000004
70,candidate_2,candidate_5,candidate_3,candidate_1,candidate_4,5,0.028000000000000004
71,candidate_2,candidate_5,candidate_3,candidate_1,candidate_4,5,0.028000000000000004
72,candidate_2,candidate_5,candidate_3,candidate_1,candidate_4,5,0.028000000000000004
73,candidate_2,candidate_5,candidate_3,candidate_1,candidate_4,5,0.028000000000000004
74,candidate_2,candidate_5,candidate_3,candidate_1,candidate_4,5,0.028000000000000004
75,candidate_2,candidate_5,candidate_3,candidate_1,candidate_4,5,0.028000000000000004
76,candidate_2,0,candidate_3,candidate_1,candidate_4,5,0.028000000000000004
77,candidate_2,candidate_5,candidate_3,candidate_1,candidate_4,5,0.028000000000000004
78,candidate_2,candidate_5,candidate_3,candidate_1,candidate_4,5,0.028000000000000004
79,0,candidate_5,candidate_3,candidate_1,candidate_4,5,0.028000000000000004
80,candidate_2,candidate_5,candidate_3,0,candidate_4,5,0.028000000000000004
81,candidate_2,candidate_5,candidate_3,candidate_1,candidate_4,5,0.028000000000000004
82,candidate_2,candidate_5,candidate_3,candidate_1,candidate_4,5,0.028000000000000004
83,candidate_2,candidate_5,candidate_3,candidate_1,candidate_4,5,0.028000000000000004
84,candidate_2,candidate_5,candidate_3,candidate_1,candidate_4,5,0.028000000000000004
85,candidate_2,candidate_5,candidate_3,candidate_1,candidate_4,5,0.028000000000000004
86,candidate_2,candidate_5,candidate_3,candidate_1,candidate_4,5,0.028000000000000004
87,candidate_2,candidate_5,candidate_3,candidate_1,candidate_4,5,0.028000000000000004
88,candidate_2,candidate_5,candidate_3,candidate_1,candidate_4,5,0.028000000000000004
89,candidate_2,candidate_5,candidate_3,candidate_1,candidate_4,5,0.028000000000000004
90,candidate_2,candidate_5,candidate_3,candidate_1,0,5,0.028000000000000004
91,candidate_2,candidate_5,candidate_3,candidate_1,candidate_4,5,0.028000000000000004
92,candidate_2,candidate_5,candidate_3,candidate_1,candidate_4,5,0.028000000000000004
93,candidate_2,candidate_5,candidate_3,candidate_1,candidate_4,5,0.028000000000000004
94,candidate_2,candidate_5,candidate_3,candidate_1,candidate_4,5,0.028000000000000004
95,candidate_2,candidate_5,candidate_3,candidate_1,candidate_4,5,0.028000000000000004
96,candidate_2,candidate_5,candidate_3,candidate_1,candidate_4,5,0.028000000000000004
97,candidate_2,candidate_5,candidate_3,candidate_1,candidate_4,5,0.028000000000000004
98,candidate_2,candidate_5,candidate_3,candidate_1,candidate_4,5,0.028000000000000004
99,candidate_2,candidate_5,candidate_3,candidate_1,candidate_4,5,0.028000000000000004
100,candidate_2,candidate_5,candidate_3,candidate_1,candidate_4,5,0.028000000000000004
101,candidate_2,candidate_5,candidate_3,candidate_1,candidate_4,5,0.028000000000000004
102,candidate_2,candidate_5,candidate_3,candidate_1,candidate_4,5,0.028000000000000004
103,candidate_2,candidate_5,candidate_3,candidate_1,candidate_4,5,0.028000000000000004
104,candidate_2,candidate_5,candidate_3,candidate_1,candidate_4,5,0.028000000000000004
105,candidate_2,candidate_5,candidate_3,0,candidate_4,5,0.028000000000000004
106,candidate_2,candidate_5,candidate_3,candidate_1,0,5,0.028000000000000004
107,candidate_2,candidate_5,candidate_3,candidate_1,candidate_4,5,0.028000000000000004
108,candidate_2,candidate_5,candidate_3,candidate_1,candidate_4,5,0.028000000000000004
109,candidate_2,candidate_5,candidate_3,candidate_1,candidate_4,5,0.028000000000000004
110,candidate_2,candidate_5,candidate_3,candidate_1,candidate_4,5,0.028000000000000004
111,candidate_2,candidate_5,candidate_3,candidate_1,candidate_4,5,0.028000000000000004
112,candidate_2,candidate_5,candidate_3,candidate_1,candidate_4,5,0.028000000000000004
113,candidate_2,candidate_5,candidate_3,candidate_1,candidate_4,5,0.028000000000000004
114,candidate_2,candidate_5,candidate_3,candidate_1,candidate_4,5,0.028000000000000004
115,candidate_2,candidate_5,candidate_3,candidate_1,0,5,0.028000000000000004
116,candidate_2,candidate_5,candidate_3,candidate_1,candidate_4,5,0.028000000000000004
117,candidate_2,candidate_5,candidate_3,candidate_1,candidate_4,5,0.028000000000000004
118,candidate_2,candidate_5,candidate_3,candidate_1,candidate_4,5,0.028000000000000004
119,0,candidate_5,candidate_3,candidate_1,candidate_4,5,0.028000000000000004
120,candidate_2,candidate_5,candidate_3,candidate_1,0,5,0.028000000000000004
121,candidate_2,candidate_5,candidate_3,candidate_1,candidate_4,5,0.028000000000000004
122,candidate_2,candidate_5,candidate_3,candidate_1,candidate_4,5,0.028000000000000004
123,candidate_2,candidate_5,candidate_3,candidate_1,candidate_4,5,0.028000000000000004
124,candidate_2,candidate_5,candidate_3,candidate_1,candidate_4,5,0.028000000000000004
125,candidate_2,candidate_5,candidate_3,candidate_1,candidate_4,5,0.028000000000000004
126,candidate_2,candidate_5,candidate_3,candidate_1,candidate_4,5,0.028000000000000004
127,candidate_2,candidate_5,candidate_3,candidate_1,candidate_4,5,0.028000000000000004
128,candidate_2,candidate_5,candidate_3,candidate_1,candidate_4,5,0.028000000000000004
129,candidate_2,candidate_5,candidate_3,candidate_1,0,5,0.028000000000000004
130,candidate_2,candidate_5,candidate_3,candidate_1,candidate_4,5,0.028000000000000004
131,candidate_2,candidate_5,candidate_3,candidate_1,candidate_4,5,0.028000000000000004
132,candidate_2,candidate_5,candidate_3,candidate_1,candidate_4,5,0.028000000000000004
133,candidate_2,candidate_5,candidate_3,candidate_1,candidate_4,5,0.028000000000000004
134,candidate_2,candidate_5,candidate_3,candidate_1,candidate_4,5,0.028000000000000004
135,candidate_2,candidate_5,candidate_3,candidate_1,candidate_4,5,0.028000000000000004
136,candidate_2,candidate_5,candidate_3,candidate_1,candidate_4,5,0.028000000000000004
137,candidate_2,candidate_5,candidate_3,candidate_1,candidate_4,5,0.028000000000000004
138,candidate_2,candidate_5,candidate_3,candidate_1,candidate_4,5,0.028000000000000004
139,candidate_2,candidate_5,candidate_3,candidate_1,candidate_4,5,0.028000000000000004
140,candidate_2,candidate_5,candidate_3,candidate_1,candidate_4,5,0.028000000000000004
141,candidate_2,candidate_5,candidate_3,candidate_1,candidate_4,5,0.028000000000000004
142,candidate_2,candidate_5,candidate_3,candidate_1,candidate_4,5,0.028000000000000004
143,candidate_2,candidate_5,candidate_3,candidate_1,candidate_4,5,0.028000000000000004
144,candidate_2,candidate_5,candidate_3,candidate_1,candidate_4,5,0.028000000000000004
145,candidate_2,candidate_5,candidate_3,candidate_1,candidate_4,5,0.028000000000000004
146,candidate_2,candidate_5,candidate_3,candidate_1,candidate_4,5,0.028000000000000004
147,0,candidate_5,candidate_3,candidate_1,candidate_4,5,0.028000000000000004
148,candidate_2,candidate_5,candidate_3,candidate_1,0,5,0.028000000000000004
149,candidate_2,candidate_5,0,candidate_1,candidate_4,5,0.028000000000000004
150,candidate_2,candidate_5,candidate_3,candidate_1,candidate_4,5,0.028000000000000004
151,candidate_2,candidate_5,candidate_3,candidate_1,candidate_4,5,0.028000000000000004
152,candidate_2,candidate_5,candidate_3,candidate_1,candidate_4,5,0.028000000000000004
153,candidate_2,candidate_5,candidate_3,candidate_1,candidate_4,5,0.028000000000000004
154,candidate_2,candidate_5,candidate_3,candidate_1,candidate_4,5,0.028000000000000004
155,candidate_2,candidate_5,candidate_3,candidate_1,candidate_4,5,0.028000000000000004
156,candidate_2,candidate_5,candidate_3,candidate_1,candidate_4,5,0.028000000000000004
157,candidate_2,candidate_5,candidate_3,candidate_1,candidate_4,5,0.028000000000000004
158,0,candidate_5,candidate_3,candidate_1,candidate_4,5,0.028000000000000004
159,candidate_2,candidate_5,candidate_3,candidate_1,candidate_4,5,0.028000000000000004
160,candidate_2,candidate_5,candidate_3,candidate_1,candidate_4,5,0.028000000000000004
161,candidate_2,candidate_5,candidate_3,candidate_1,candidate_4,5,0.028000000000000004
162,candidate_2,candidate_5,candidate_3,candidate_1,candidate_4,5,0.028000000000000004
163,candidate_2,candidate_5,candidate_3,candidate_1,candidate_4,5,0.028000000000000004
164,candidate_2,candidate_5,candidate_3,candidate_1,candidate_4,5,0.028000000000000004
165,candidate_2,candidate_5,candidate_3,candidate_1,candidate_4,5,0.028000000000000004
166,candidate_2,candidate_5,candidate_3,candidate_1,candidate_4,5,0.028000000000000004
167,candidate_2,candidate_5,candidate_3,candidate_1,candidate_4,5,0.028000000000000004
168,candidate_2,candidate_5,candidate_3,candidate_1,candidate_4,5,0.028000000000000004
169,candidate_2,candidate_5,candidate_3,candidate_1,candidate_4,5,0.028000000000000004
170,candidate_2,candidate_5,candidate_3,candidate_1,candidate_4,5,0.028000000000000004
171,candidate_2,candidate_5,candidate_3,candidate_1,candidate_4,5,0.028000000000000004
172,candidate_2,candidate_5,candidate_3,candidate_1,candidate_4,5,0.028000000000000004
173,candidate_2,candidate_5,candidate_3,candidate_1,candidate_4,5,0.028000000000000004
174,candidate_2,candidate_5,candidate_3,candidate_1,candidate_4,5,0.028000000000000004
175,candidate_2,candidate_5,candidate_3,0,candidate_4,5,0.028000000000000004
176,candidate_2,candidate_5,candidate_3,candidate_1,candidate_4,5,0.028000000000000004
177,candidate_2,candidate_5,candidate_3,candidate_1,candidate_4,5,0.028000000000000004
178,candidate_2,candidate_5,candidate_3,candidate_1,candidate_4,5,0.028000000000000004
179,candidate_2,candidate_5,candidate_3,candidate_1,candidate_4,5,0.028000000000000004
180,candidate_2,candidate_5,candidate_3,candidate_1,candidate_4,5,0.028000000000000004
181,candidate_2,candidate_5,candidate_3,0,candidate_4,5,0.028000000000000004
182,candidate_2,candidate_5,candidate_3,candidate_1,candidate_4,5,0.028000000000000004
183,candidate_2,candidate_5,candidate_3,candidate_1,candidate_4,5,0.028000000000000004
184,candidate_2,candidate_5,candidate_3,candidate_1,candidate_4,5,0.028000000000000004
185,candidate_2,candidate_5,candidate_3,candidate_1,candidate_4,5,0.028000000000000004
186,candidate_2,candidate_5,candidate_3,candidate_1,candidate_4,5,0.028000000000000004
187,candidate_2,candidate_5,candidate_3,candidate_1,0,5,0.028000000000000004
188,candidate_2,candidate_5,candidate_3,candidate_1,candidate_4,5,0.028000000000000004
189,candidate_2,candidate_5,candidate_3,candidate_1,candidate_4,5,0.028000000000000004
190,candidate_2,candidate_5,candidate_3,candidate_1,candidate_4,5,0.028000000000000004
191,candidate_2,candidate_5,candidate_3,candidate_1,candidate_4,5,0.028000000000000004
192,candidate_2,candidate_5,candidate_3,candidate_1,candidate_4,5,0.028000000000000004
193,candidate_2,candidate_5,candidate_3,candidate_1,candidate_4,5,0.028000000000000004
194,candidate_2,candidate_5,candidate_3,candidate_1,candidate_4,5,0.028000000000000004
195,candidate_2,candidate_5,candidate_3,candidate_1,candidate_4,5,0.028000000000000004
196,candidate_2,candidate_5,candidate_3,candidate_1,candidate_4,5,0.028000000000000004
197,candidate_2,candidate_5,candidate_3,candidate_1,candidate_4,5,0.028000000000000004
198,candidate_2,candidate_5,candidate_3,candidate_1,candidate_4,5,0.028000000000000004
199,candidate_2,candidate_5,candidate_3,candidate_1,candidate_4,5,0.028000000000000004
200,candidate_2,candidate_5,candidate_3,candidate_1,candidate_4,5,0.028000000000000004
201,candidate_2,candidate_5,candidate_3,0,candidate_4,5,0.028000000000000004
202,candidate_2,candidate_5,candidate_3,candidate_1,candidate_4,5,0.028000000000000004
0,candidate_2,candidate_5,candidate_3,candidate_4,0,5,0.028000000000000004
1,candidate_2,candidate_5,candidate_3,candidate_4,candidate_1,5,0.028000000000000004
2,candidate_2,candidate_5,candidate_3,0,candidate_1,5,0.028000000000000004
3,candidate_2,candidate_5,candidate_3,candidate_4,candidate_1,5,0.028000000000000004
4,candidate_2,candidate_5,candidate_3,candidate_4,candidate_1,5,0.028000000000000004
5,candidate_2,candidate_5,candidate_3,candidate_4,candidate_1,5,0.028000000000000004
6,candidate_2,candidate_5,candidate_3,candidate_4,candidate_1,5,0.028000000000000004
7,candidate_2,candidate_5,candidate_3,candidate_4,candidate_1,5,0.028000000000000004
8,candidate_2,candidate_5,candidate_3,candidate_4,candidate_1,5,0.028000000000000004
9,candidate_2,candidate_5,candidate_3,candidate_4,candidate_1,5,0.028000000000000004
10,0,candidate_5,candidate_3,candidate_4,candidate_1,5,0.028000000000000004
11,candidate_2,candidate_5,candidate_3,candidate_4,0,5,0.028000000000000004
12,candidate_2,candidate_5,candidate_3,candidate_4,candidate_1,5,0.028000000000000004
13,candidate_2,candidate_5,candidate_3,candidate_4,candidate_1,5,0.028000000000000004
14,candidate_2,candidate_5,candidate_3,candidate_4,candidate_1,5,0.028000000000000004
15,candidate_2,candidate_5,candidate_3,candidate_4,candidate_1,5,0.028000000000000004
16,candidate_2,candidate_5,candidate_3,candidate_4,candidate_1,5,0.028000000000000004
17,0,candidate_5,candidate_3,candidate_4,candidate_1,5,0.028000000000000004
18,candidate_2,candidate_5,candidate_3,candidate_4,candidate_1,5,0.028000000000000004
19,candidate_2,candidate_5,candidate_3,candidate_4,candidate_1,5,0.028000000000000004
20,candidate_2,candidate_5,candidate_3,candidate_4,candidate_1,5,0.028000000000000004
21,0,candidate_5,candidate_3,candidate_4,candidate_1,5,0.028000000000000004
22,candidate_2,candidate_5,candidate_3,candidate_4,candidate_1,5,0.028000000000000004
23,candidate_2,candidate_5,candidate_3,candidate_4,candidate_1,5,0.028000000000000004
24,candidate_2,candidate_5,candidate_3,candidate_4,candidate_1,5,0.028000000000000004
25,candidate_2,candidate_5,candidate_3,candidate_4,candidate_1,5,0.028000000000000004
26,candidate_2,candidate_5,candidate_3,candidate_4,candidate_1,5,0.028000000000000004
27,candidate_2,candidate_5,candidate_3,candidate_4,candidate_1,5,0.028000000000000004
28,candidate_2,candidate_5,candidate_3,candidate_4,candidate_1,5,0.028000000000000004
29,candidate_2,candidate_5,candidate_3,candidate_4,candidate_1,5,0.028000000000000004
30,candidate_2,candidate_5,candidate_3,candidate_4,candidate_1,5,0.028000000000000004
31,candidate_2,candidate_5,candidate_3,candidate_4,candidate_1,5,0.028000000000000004
32,candidate_2,candidate_5,candidate_3,candidate_4,candidate_1,5,0.028000000000000004
33,candidate_2,candidate_5,candidate_3,candidate_4,candidate_1,5,0.028000000000000004
34,candidate_2,candidate_5,candidate_3,candidate_4,candidate_1,5,0.028000000000000004
35,candidate_2,candidate_5,candidate_3,0,candidate_1,5,0.028000000000000004
36,candidate_2,candidate_5,candidate_3,candidate_4,candidate_1,5,0.028000000000000004
37,candidate_2,candidate_5,candidate_3,candidate_4,candidate_1,5,0.028000000000000004
38,0,candidate_5,candidate_3,candidate_4,candidate_1,5,0.028000000000000004
39,candidate_2,candidate_5,0,candidate_4,candidate_1,5,0.028000000000000004
40,candidate_2,candidate_5,candidate_3,candidate_4,candidate_1,5,0.028000000000000004
41,candidate_2,candidate_5,candidate_3,candidate_4,candidate_1,5,0.028000000000000004
42,candidate_2,candidate_5,candidate_3,candidate_4,candidate_1,5,0.028000000000000004
43,candidate_2,candidate_5,candidate_3,candidate_4,candidate_1,5,0.028000000000000004
44,candidate_2,candidate_5,candidate_3,candidate_4,candidate_1,5,0.028000000000000004
45,candidate_2,candidate_5,candidate_3,candidate_4,candidate_1,5,0.028000000000000004
46,candidate_2,0,candidate_3,candidate_4,candidate_1,5,0.028000000000000004
47,candidate_2,candidate_5,candidate_3,candidate_4,candidate_1,5,0.028000000000000004
48,candidate_2,candidate_5,candidate_3,candidate_4,candidate_1,5,0.028000000000000004
49,candidate_2,candidate_5,candidate_3,candidate_4,candidate_1,5,0.028000000000000004
50,candidate_2,candidate_5,candidate_3,candidate_4,candidate_1,5,0.028000000000000004
51,candidate_2,candidate_5,candidate_3,candidate_4,candidate_1,5,0.028000000000000004
52,candidate_2,candidate_5,candidate_3,candidate_4,candidate_1,5,0.028000000000000004
53,candidate_2,candidate_5,candidate_3,candidate_4,candidate_1,5,0.028000000000000004
54,candidate_2,candidate_5,candidate_3,candidate_4,candidate_1,5,0.028000000000000004
55,candidate_2,candidate_5,candidate_3,candidate_4,candidate_1,5,0.028000000000000004
56,candidate_2,candidate_5,candidate_3,candidate_4,candidate_1,5,0.028000000000000004
57,candidate_2,candidate_5,candidate_3,candidate_4,candidate_1,5,0.028000000000000004
58,candidate_2,candidate_5,candidate_3,candidate_4,candidate_1,5,0.028000000000000004
59,candidate_2,candidate_5,candidate_3,candidate_4,candidate_1,5,0.028000000000000004
60,candidate_2,candidate_5,candidate_3,0,0,5,0.028000000000000004
61,candidate_2,candidate_5,candidate_3,candidate_4,candidate_1,5,0.028000000000000004
62,candidate_2,candidate_5,candidate_3,candidate_4,candidate_1,5,0.028000000000000004
63,candidate_2,candidate_5,0,candidate_4,candidate_1,5,0.028000000000000004
64,candidate_2,candidate_5,candidate_3,candidate_4,candidate_1,5,0.028000000000000004
65,candidate_2,candidate_5,candidate_3,candidate_4,candidate_1,5,0.028000000000000004
66,candidate_2,candidate_5,candidate_3,candidate_4,candidate_1,5,0.028000000000000004
67,candidate_2,candidate_5,candidate_3,candidate_4,candidate_1,5,0.028000000000000004
68,candidate_2,candidate_5,candidate_3,candidate_4,candidate_1,5,0.028000000000000004
69,candidate_2,candidate_5,0,candidate_4,candidate_1,5,0.028000000000000004
70,candidate_2,candidate_5,candidate_3,candidate_4,candidate_1,5,0.028000000000000004
71,candidate_2,candidate_5,candidate_3,candidate_4,candidate_1,5,0.028000000000000004
72,candidate_2,candidate_5,candidate_3,candidate_4,candidate_1,5,0.028000000000000004
73,candidate_2,candidate_5,candidate_3,0,candidate_1,5,0.028000000000000004
74,candidate_2,candidate_5,candidate_3,candidate_4,candidate_1,5,0.028000000000000004
75,candidate_2,candidate_5,0,candidate_4,candidate_1,5,0.028000000000000004
76,candidate_2,candidate_5,candidate_3,candidate_4,candidate_1,5,0.028000000000000004
77,candidate_2,candidate_5,candidate_3,candidate_4,candidate_1,5,0.028000000000000004
78,candidate_2,candidate_5,candidate_3,candidate_4,candidate_1,5,0.028000000000000004
79,candidate_2,candidate_5,candidate_3,candidate_4,candidate_1,5,0.028000000000000004
80,candidate_2,candidate_5,candidate_3,candidate_4,candidate_1,5,0.028000000000000004
81,0,candidate_5,candidate_3,candidate_4,candidate_1,5,0.028000000000000004
82,candidate_2,candidate_5,candidate_3,candidate_4,candidate_1,5,0.028000000000000004
83,candidate_2,candidate_5,candidate_3,candidate_4,candidate_1,5,0.028000000000000004
84,candidate_2,candidate_5,candidate_3,candidate_4,candidate_1,5,0.028000000000000004
85,candidate_2,candidate_5,candidate_3,candidate_4,candidate_1,5,0.028000000000000004
86,candidate_2,candidate_5,candidate_3,candidate_4,candidate_1,5,0.028000000000000004
87,candidate_2,candidate_5,candidate_3,candidate_4,candidate_1,5,0.028000000000000004
88,candidate_2,candidate_5,candidate_3,candidate_4,candidate_1,5,0.028000000000000004
89,candidate_2,candidate_5,candidate_3,candidate_4,candidate_1,5,0.028000000000000004
90,candidate_2,candidate_5,candidate_3,candidate_4,candidate_1,5,0.028000000000000004
91,candidate_2,candidate_5,candidate_3,candidate_4,candidate_1,5,0.028000000000000004
92,candidate_2,candidate_5,candidate_3,candidate_4,candidate_1,5,0.028000000000000004
93,0,candidate_5,0,candidate_4,candidate_1,5,0.028000000000000004
94,candidate_2,candidate_5,candidate_3,candidate_4,candidate_1,5,0.028000000000000004
95,candidate_2,candidate_5,candidate_3,candidate_4,candidate_1,5,0.028000000000000004
96,0,0,candidate_3,candidate_4,candidate_1,5,0.028000000000000004
97,candidate_2,candidate_5,candidate_3,candidate_4,candidate_1,5,0.028000000000000004
98,candidate_2,candidate_5,candidate_3,candidate_4,candidate_1,5,0.028000000000000004
99,candidate_2,candidate_5,candidate_3,candidate_4,0,5,0.028000000000000004
100,candidate_2,candidate_5,candidate_3,candidate_4,candidate_1,5,0.028000000000000004
101,candidate_2,candidate_5,candidate_3,candidate_4,candidate_1,5,0.028000000000000004
102,candidate_2,candidate_5,candidate_3,candidate_4,candidate_1,5,0.028000000000000004
103,candidate_2,candidate_5,candidate_3,candidate_4,candidate_1,5,0.028000000000000004
104,candidate_2,candidate_5,candidate_3,candidate_4,candidate_1,5,0.028000000000000004
105,candidate_2,candidate_5,candidate_3,candidate_4,candidate_1,5,0.028000000000000004
106,candidate_2,candidate_5,candidate_3,candidate_4,candidate_1,5,0.028000000000000004
107,candidate_2,candidate_5,candidate_3,candidate_4,candidate_1,5,0.028000000000000004
108,candidate_2,candidate_5,candidate_3,candidate_4,candidate_1,5,0.028000000000000004
109,candidate_2,candidate_5,candidate_3,candidate_4,candidate_1,5,0.028000000000000004
110,candidate_2,candidate_5,candidate_3,candidate_4,candidate_1,5,0.028000000000000004
111,candidate_2,candidate_5,candidate_3,candidate_4,candidate_1,5,0.028000000000000004
112,candidate_2,candidate_5,candidate_3,candidate_4,candidate_1,5,0.028000000000000004
113,candidate_2,candidate_5,candidate_3,candidate_4,candidate_1,5,0.028000000000000004
114,candidate_2,candidate_5,candidate_3,0,candidate_1,5,0.028000000000000004
115,candidate_2,candidate_5,0,candidate_4,candidate_1,5,0.028000000000000004
116,candidate_2,candidate_5,candidate_3,candidate_4,candidate_1,5,0.028000000000000004
117,candidate_2,candidate_5,candidate_3,candidate_4,candidate_1,5,0.028000000000000004
118,candidate_2,candidate_5,candidate_3,candidate_4,candidate_1,5,0.028000000000000004
119,candidate_2,candidate_5,0,candidate_4,candidate_1,5,0.028000000000000004
120,candidate_2,candidate_5,candidate_3,candidate_4,candidate_1,5,0.028000000000000004
121,candidate_2,candidate_5,candidate_3,candidate_4,candidate_1,5,0.028000000000000004
122,candidate_2,candidate_5,candidate_3,candidate_4,candidate_1,5,0.028000000000000004
123,candidate_2,candidate_5,candidate_3,candidate_4,candidate_1,5,0.028000000000000004
124,candidate_2,candidate_5,candidate_3,0,candidate_1,5,0.028000000000000004
125,candidate_2,candidate_5,candidate_3,candidate_4,0,5,0.028000000000000004
126,candidate_2,candidate_5,candidate_3,candidate_4,candidate_1,5,0.028000000000000004
127,candidate_2,candidate_5,candidate_3,candidate_4,candidate_1,5,0.028000000000000004
128,candidate_2,candidate_5,candidate_3,candidate_4,candidate_1,5,0.028000000000000004
129,candidate_2,candidate_5,candidate_3,candidate_4,candidate_1,5,0.028000000000000004
130,candidate_2,candidate_5,candidate_3,candidate_4,candidate_1,5,0.028000000000000004
131,candidate_2,candidate_5,candidate_3,candidate_4,candidate_1,5,0.028000000000000004
132,candidate_2,candidate_5,candidate_3,candidate_4,candidate_1,5,0.028000000000000004
133,candidate_2,candidate_5,candidate_3,candidate_4,0,5,0.028000000000000004
134,candidate_2,candidate_5,candidate_3,candidate_4,candidate_1,5,0.028000000000000004
135,candidate_2,candidate_5,candidate_3,candidate_4,candidate_1,5,0.028000000000000004
136,candidate_2,candidate_5,candidate_3,candidate_4,candidate_1,5,0.028000000000000004
137,candidate_2,candidate_5,candidate_3,candidate_4,candidate_1,5,0.028000000000000004
138,candidate_2,candidate_5,candidate_3,candidate_4,candidate_1,5,0.028000000000000004
139,0,candidate_5,candidate_3,candidate_4,candidate_1,5,0.028000000000000004
140,candidate_2,candidate_5,candidate_3,candidate_4,candidate_1,5,0.028000000000000004
141,candidate_2,candidate_5,candidate_3,0,candidate_1,5,0.028000000000000004
142,candidate_2,candidate_5,candidate_3,candidate_4,candidate_1,5,0.028000000000000004
143,candidate_2,candidate_5,candidate_3,candidate_4,candidate_1,5,0.028000000000000004
144,candidate_2,candidate_5,candidate_3,candidate_4,0,5,0.028000000000000004
145,candidate_2,candidate_5,candidate_3,candidate_4,candidate_1,5,0.028000000000000004
146,candidate_2,candidate_5,candidate_3,candidate_4,candidate_1,5,0.028000000000000004
147,candidate_2,candidate_5,candidate_3,candidate_4,candidate_1,5,0.028000000000000004
148,candidate_2,candidate_5,candidate_3,candidate_4,candidate_1,5,0.028000000000000004
149,candidate_2,candidate_5,candidate_3,candidate_4,candidate_1,5,0.028000000000000004
150,candidate_2,candidate_5,candidate_3,candidate_4,candidate_1,5,0.028000000000000004
151,candidate_2,candidate_5,candidate_3,candidate_4,candidate_1,5,0.028000000000000004
152,candidate_2,candidate_5,candidate_3,candidate_4,candidate_1,5,0.028000000000000004
153,candidate_2,candidate_5,candidate_3,candidate_4,candidate_1,5,0.028000000000000004
154,candidate_2,candidate_5,candidate_3,candidate_4,candidate_1,5,0.028000000000000004
155,candidate_2,candidate_5,candidate_3,candidate_4,candidate_1,5,0.028000000000000004
156,candidate_2,candidate_5,candidate_3,candidate_4,candidate_1,5,0.028000000000000004
157,candidate_2,candidate_5,candidate_3,0,candidate_1,5,0.028000000000000004
158,candidate_2,candidate_5,candidate_3,candidate_4,candidate_1,5,0.028000000000000004
159,candidate_2,candidate_5,candidate_3,candidate_4,candidate_1,5,0.028000000000000004
160,candidate_2,candidate_5,candidate_3,candidate_4,candidate_1,5,0.028000000000000004
161,candidate_2,candidate_5,candidate_3,candidate_4,candidate_1,5,0.028000000000000004
162,candidate_2,candidate_5,candidate_3,candidate_4,candidate_1,5,0.028000000000000004
163,candidate_2,candidate_5,candidate_3,candidate_4,candidate_1,5,0.028000000000000004
164,candidate_2,candidate_5,candidate_3,candidate_4,0,5,0.028000000000000004
165,candidate_2,candidate_5,candidate_3,candidate_4,candidate_1,5,0.028000000000000004
166,candidate_2,candidate_5,candidate_3,candidate_4,candidate_1,5,0.028000000000000004
167,candidate_2,candidate_5,candidate_3,candidate_4,candidate_1,5,0.028000000000000004
168,candidate_2,candidate_5,candidate_3,candidate_4,candidate_1,5,0.028000000000000004
169,candidate_2,candidate_5,candidate_3,candidate_4,candidate_1,5,0.028000000000000004
170,candidate_2,candidate_5,candidate_3,candidate_4,candidate_1,5,0.028000000000000004
171,candidate_2,candidate_5,candidate_3,0,candidate_1,5,0.028000000000000004
172,candidate_2,candidate_5,candidate_3,candidate_4,candidate_1,5,0.028000000000000004
173,candidate_2,candidate_5,candidate_3,candidate_4,candidate_1,5,0.028000000000000004
174,candidate_2,candidate_5,candidate_3,candidate_4,candidate_1,5,0.028000000000000004
175,candidate_2,candidate_5,candidate_3,candidate_4,candidate_1,5,0.028000000000000004
176,candidate_2,candidate_5,candidate_3,candidate_4,candidate_1,5,0.028000000000000004
177,candidate_2,candidate_5,candidate_3,candidate_4,candidate_1,5,0.028000000000000004
178,candidate_2,candidate_5,candidate_3,candidate_4,candidate_1,5,0.028000000000000004
179,candidate_2,candidate_5,candidate_3,candidate_4,candidate_1,5,0.028000000000000004
180,candidate_2,candidate_5,0,candidate_4,candidate_1,5,0.028000000000000004
181,candidate_2,candidate_5,candidate_3,candidate_4,candidate_1,5,0.028000000000000004
182,candidate_2,candidate_5,candidate_3,candidate_4,candidate_1,5,0.028000000000000004
183,candidate_2,candidate_5,candidate_3,candidate_4,candidate_1,5,0.028000000000000004
184,candidate_2,candidate_5,candidate_3,candidate_4,candidate_1,5,0.028000000000000004
185,candidate_2,candidate_5,candidate_3,candidate_4,candidate_1,5,0.028000000000000004
186,candidate_2,candidate_5,candidate_3,candidate_4,candidate_1,5,0.028000000000000004
187,candidate_2,candidate_5,candidate_3,candidate_4,candidate_1,5,0.028000000000000004
188,candidate_2,candidate_5,candidate_3,candidate_4,candidate_1,5,0.028000000000000004
189,candidate_2,candidate_5,candidate_3,candidate_4,candidate_1,5,0.028000000000000004
190,candidate_2,candidate_5,candidate_3,candidate_4,candidate_1,5,0.028000000000000004
191,candidate_2,candidate_5,candidate_3,candidate_4,candidate_1,5,0.028000000000000004
192,candidate_2,candidate_5,candidate_3,candidate_4,candidate_1,5,0.028000000000000004
193,candidate_2,candidate_5,candidate_3,candidate_4,candidate_1,5,0.028000000000000004
194,candidate_2,candidate_5,candidate_3,candidate_4,candidate_1,5,0.028000000000000004
195,candidate_2,candidate_5,candidate_3,candidate_4,candidate_1,5,0.028000000000000004
196,candidate_2,candidate_5,candidate_3,candidate_4,candidate_1,5,0.028000000000000004
197,candidate_2,candidate_5,candidate_3,candidate_4,candidate_1,5,0.028000000000000004
198,candidate_2,candidate_5,candidate_3,candidate_4,candidate_1,5,0.028000000000000004
199,candidate_2,candidate_5,candidate_3,candidate_4,candidate_1,5,0.028000000000000004
200,candidate_2,candidate_5,0,0,candidate_1,5,0.028000000000000004
201,candidate_2,candidate_5,candidate_3,candidate_4,candidate_1,5,0.028000000000000004
202,candidate_2,candidate_5,candidate_3,candidate_4,candidate_1,5,0.028000000000000004
203,candidate_2,candidate_5,candidate_3,candidate_4,candidate_1,5,0.028000000000000004
204,candidate_2,candidate_5,candidate_3,candidate_4,candidate_1,5,0.028000000000000004
205,candidate_2,candidate_5,candidate_3,candidate_4,candidate_1,5,0.028000000000000004
206,candidate_2,candidate_5,candidate_3,candidate_4,candidate_1,5,0.028000000000000004
207,candidate_2,candidate_5,candidate_3,candidate_4,candidate_1,5,0.028000000000000004
208,candidate_2,candidate_5,candidate_3,candidate_4,candidate_1,5,0.028000000000000004
209,candidate_2,candidate_5,candidate_3,candidate_4,candidate_1,5,0.028000000000000004
210,candidate_2,candidate_5,candidate_3,candidate_4,candidate_1,5,0.028000000000000004
211,candidate_2,candidate_5,candidate_3,candidate_4,candidate_1,5,0.028000000000000004
212,candidate_2,candidate_5,candidate_3,candidate_4,candidate_1,5,0.028000000000000004
213,candidate_2,candidate_5,candidate_3,candidate_4,candidate_1,5,0.028000000000000004
214,candidate_2,candidate_5,candidate_3,candidate_4,candidate_1,5,0.028000000000000004
215,candidate_2,candidate_5,candidate_3,candidate_4,candidate_1,5,0.028000000000000004
216,candidate_2,candidate_5,candidate_3,candidate_4,0,5,0.028000000000000004
217,candidate_2,candidate_5,candidate_3,candidate_4,candidate_1,5,0.028000000000000004
218,candidate_2,candidate_5,candidate_3,candidate_4,candidate_1,5,0.028000000000000004
219,candidate_2,candidate_5,candidate_3,candidate_4,candidate_1,5,0.028000000000000004
220,candidate_2,candidate_5,candidate_3,candidate_4,candidate_1,5,0.028000000000000004
221,candidate_2,0,candidate_3,candidate_4,candidate_1,5,0.028000000000000004
222,candidate_2,candidate_5,candidate_3,candidate_4,candidate_1,5,0.028000000000000004
223,candidate_2,candidate_5,candidate_3,candidate_4,candidate_1,5,0.028000000000000004
224,candidate_2,candidate_5,candidate_3,candidate_4,candidate_1,5,0.028000000000000004
225,candidate_2,candidate_5,candidate_3,candidate_4,candidate_1,5,0.028000000000000004
226,candidate_2,candidate_5,candidate_3,candidate_4,candidate_1,5,0.028000000000000004
227,candidate_2,candidate_5,candidate_3,candidate_4,candidate_1,5,0.028000000000000004
228,candidate_2,candidate_5,candidate_3,0,candidate_1,5,0.028000000000000004
229,candidate_2,candidate_5,candidate_3,candidate_4,candidate_1,5,0.028000000000000004
230,candidate_2,candidate_5,candidate_3,candidate_4,0,5,0.028000000000000004
231,candidate_2,candidate_5,candidate_3,candidate_4,candidate_1,5,0.028000000000000004
232,candidate_2,candidate_5,candidate_3,candidate_4,candidate_1,5,0.028000000000000004
233,candidate_2,candidate_5,candidate_3,candidate_4,candidate_1,5,0.028000000000000004
234,candidate_2,candidate_5,candidate_3,0,candidate_1,5,0.028000000000000004
235,candidate_2,candidate_5,candidate_3,candidate_4,candidate_1,5,0.028000000000000004
236,candidate_2,candidate_5,candidate_3,candidate_4,candidate_1,5,0.028000000000000004
237,candidate_2,candidate_5,candidate_3,candidate_4,candidate_1,5,0.028000000000000004
238,candidate_2,candidate_5,candidate_3,candidate_4,candidate_1,5,0.028000000000000004
239,candidate_2,candidate_5,candidate_3,candidate_4,candidate_1,5,0.028000000000000004
240,candidate_2,candidate_5,candidate_3,candidate_4,candidate_1,5,0.028000000000000004
241,candidate_2,candidate_5,candidate_3,0,candidate_1,5,0.028000000000000004
242,candidate_2,candidate_5,candidate_3,candidate_4,candidate_1,5,0.028000000000000004
243,candidate_2,candidate_5,candidate_3,candidate_4,candidate_1,5,0.028000000000000004
244,candidate_2,candidate_5,candidate_3,candidate_4,candidate_1,5,0.028000000000000004
245,candidate_2,0,candidate_3,candidate_4,candidate_1,5,0.028000000000000004
246,candidate_2,candidate_5,candidate_3,candidate_4,candidate_1,5,0.028000000000000004
247,candidate_2,candidate_5,candidate_3,candidate_4,candidate_1,5,0.028000000000000004
248,candidate_2,candidate_5,candidate_3,candidate_4,candidate_1,5,0.028000000000000004
249,candidate_2,candidate_5,candidate_3,candidate_4,candidate_1,5,0.028000000000000004
250,candidate_2,candidate_5,candidate_3,candidate_4,candidate_1,5,0.028000000000000004
251,candidate_2,candidate_5,candidate_3,candidate_4,candidate_1,5,0.028000000000000004
252,candidate_2,candidate_5,candidate_3,candidate_4,candidate_1,5,0.028000000000000004
253,candidate_2,candidate_5,candidate_3,candidate_4,candidate_1,5,0.028000000000000004
254,candidate_2,candidate_5,candidate_3,candidate_4,candidate_1,5,0.028000000000000004
255,candidate_2,candidate_5,candidate_3,candidate_4,candidate_1,5,0.028000000000000004
256,candidate_2,candidate_5,candidate_3,candidate_4,candidate_1,5,0.028000000000000004
257,candidate_2,candidate_5,candidate_3,candidate_4,candidate_1,5,0.028000000000000004
258,candidate_2,candidate_5,candidate_3,candidate_4,candidate_1,5,0.028000000000000004
259,candidate_2,candidate_5,candidate_3,candidate_4,candidate_1,5,0.028000000000000004
260,candidate_2,0,candidate_3,candidate_4,candidate_1,5,0.028000000000000004
261,candidate_2,candidate_5,candidate_3,candidate_4,candidate_1,5,0.028000000000000004
262,candidate_2,candidate_5,candidate_3,candidate_4,candidate_1,5,0.028000000000000004
263,candidate_2,candidate_5,candidate_3,candidate_4,candidate_1,5,0.028000000000000004
264,candidate_2,candidate_5,candidate_3,candidate_4,candidate_1,5,0.028000000000000004
265,candidate_2,candidate_5,candidate_3,candidate_4,candidate_1,5,0.028000000000000004
266,candidate_2,candidate_5,candidate_3,0,candidate_1,5,0.028000000000000004
267,candidate_2,candidate_5,candidate_3,candidate_4,candidate_1,5,0.028000000000000004
268,candidate_2,candidate_5,candidate_3,candidate_4,candidate_1,5,0.028000000000000004
269,candidate_2,candidate_5,candidate_3,candidate_4,candidate_1,5,0.028000000000000004
270,candidate_2,candidate_5,candidate_3,candidate_4,candidate_1,5,0.028000000000000004
271,candidate_2,candidate_5,0,candidate_4,candidate_1,5,0.028000000000000004
272,candidate_2,candidate_5,candidate_3,candidate_4,candidate_1,5,0.028000000000000004
273,candidate_2,candidate_5,candidate_3,candidate_4,candidate_1,5,0.028000000000000004
274,candidate_2,candidate_5,candidate_3,candidate_4,candidate_1,5,0.028000000000000004
275,candidate_2,candidate_5,candidate_3,candidate_4,candidate_1,5,0.028000000000000004
276,candidate_2,candidate_5,candidate_3,candidate_4,candidate_1,5,0.028000000000000004
277,candidate_2,candidate_5,candidate_3,candidate_4,candidate_1,5,0.028000000000000004
278,candidate_2,candidate_5,candidate_3,candidate_4,candidate_1,5,0.028000000000000004
279,candidate_2,candidate_5,candidate_3,candidate_4,candidate_1,5,0.028000000000000004
280,candidate_2,candidate_5,candidate_3,candidate_4,candidate_1,5,0.028000000000000004
281,candidate_2,candidate_5,candidate_3,candidate_4,candidate_1,5,0.028000000000000004
282,candidate_2,candidate_5,candidate_3,candidate_4,candidate_1,5,0.028000000000000004
283,candidate_2,candidate_5,candidate_3,candidate_4,candidate_1,5,0.028000000000000004
284,candidate_2,0,candidate_3,candidate_4,candidate_1,5,0.028000000000000004
285,candidate_2,candidate_5,candidate_3,candidate_4,candidate_1,5,0.028000000000000004
286,candidate_2,candidate_5,candidate_3,candidate_4,candidate_1,5,0.028000000000000004
287,candidate_2,candidate_5,candidate_3,candidate_4,candidate_1,5,0.028000000000000004
288,candidate_2,candidate_5,candidate_3,candidate_4,candidate_1,5,0.028000000000000004
289,candidate_2,candidate_5,candidate_3,candidate_4,candidate_1,5,0.028000000000000004
290,candidate_2,candidate_5,candidate_3,candidate_4,candidate_1,5,0.028000000000000004
291,candidate_2,candidate_5,candidate_3,candidate_4,candidate_1,5,0.028000000000000004
292,candidate_2,candidate_5,candidate_3,candidate_4,candidate_1,5,0.028000000000000004
293,candidate_2,candidate_5,candidate_3,candidate_4,candidate_1,5,0.028000000000000004
294,candidate_2,candidate_5,candidate_3,candidate_4,candidate_1,5,0.028000000000000004
295,candidate_2,candidate_5,candidate_3,candidate_4,candidate_1,5,0.028000000000000004
296,candidate_2,candidate_5,candidate_3,candidate_4,candidate_1,5,0.028000000000000004
297,candidate_2,candidate_5,candidate_3,candidate_4,candidate_1,5,0.028000000000000004
298,candidate_2,candidate_5,candidate_3,candidate_4,candidate_1,5,0.028000000000000004
299,candidate_2,candidate_5,candidate_3,candidate_4,candidate_1,5,0.028000000000000004
300,candidate_2,candidate_5,candidate_3,candidate_4,candidate_1,5,0.028000000000000004
301,candidate_2,candidate_5,candidate_3,0,candidate_1,5,0.028000000000000004
302,candidate_2,candidate_5,candidate_3,candidate_4,candidate_1,5,0.028000000000000004
303,candidate_2,candidate_5,candidate_3,candidate_4,candidate_1,5,0.028000000000000004
304,candidate_2,candidate_5,candidate_3,candidate_4,candidate_1,5,0.028000000000000004
305,candidate_2,candidate_5,candidate_3,candidate_4,candidate_1,5,0.028000000000000004
306,candidate_2,candidate_5,candidate_3,0,candidate_1,5,0.028000000000000004
307,candidate_2,candidate_5,candidate_3,candidate_4,candidate_1,5,0.028000000000000004
308,candidate_2,candidate_5,candidate_3,candidate_4,candidate_1,5,0.028000000000000004
309,candidate_2,candidate_5,candidate_3,candidate_4,candidate_1,5,0.028000000000000004
310,candidate_2,candidate_5,candidate_3,0,candidate_1,5,0.028000000000000004
311,candidate_2,candidate_5,candidate_3,candidate_4,candidate_1,5,0.028000000000000004
312,candidate_2,candidate_5,candidate_3,candidate_4,candidate_1,5,0.028000000000000004
313,candidate_2,candidate_5,candidate_3,candidate_4,candidate_1,5,0.028000000000000004
314,candidate_2,candidate_5,candidate_3,candidate_4,candidate_1,5,0.028000000000000004
315,candidate_2,candidate_5,candidate_3,candidate_4,candidate_1,5,0.028000000000000004
316,candidate_2,candidate_5,candidate_3,candidate_4,candidate_1,5,0.028000000000000004
317,candidate_2,candidate_5,candidate_3,candidate_4,candidate_1,5,0.028000000000000004
318,candidate_2,candidate_5,candidate_3,candidate_4,candidate_1,5,0.028000000000000004
319,candidate_2,candidate_5,candidate_3,candidate_4,candidate_1,5,0.028000000000000004
320,candidate_2,candidate_5,candidate_3,candidate_4,candidate_1,5,0.028000000000000004
321,candidate_2,candidate_5,candidate_3,candidate_4,candidate_1,5,0.028000000000000004
322,candidate_2,candidate_5,candidate_3,candidate_4,candidate_1,5,0.028000000000000004
323,candidate_2,candidate_5,candidate_3,candidate_4,candidate_1,5,0.028000000000000004
324,candidate_2,candidate_5,candidate_3,candidate_4,candidate_1,5,0.028000000000000004
325,candidate_2,candidate_5,candidate_3,0,candidate_1,5,0.028000000000000004
326,candidate_2,candidate_5,candidate_3,candidate_4,candidate_1,5,0.028000000000000004
327,candidate_2,candidate_5,candidate_3,candidate_4,candidate_1,5,0.028000000000000004
328,candidate_2,candidate_5,candidate_3,candidate_4,candidate_1,5,0.028000000000000004
329,candidate_2,candidate_5,candidate_3,candidate_4,candidate_1,5,0.028000000000000004
330,candidate_2,0,candidate_3,candidate_4,candidate_1,5,0.028000000000000004
331,candidate_2,candidate_5,candidate_3,candidate_4,candidate_1,5,0.028000000000000004
332,candidate_2,candidate_5,candidate_3,candidate_4,candidate_1,5,0.028000000000000004
333,candidate_2,candidate_5,candidate_3,candidate_4,candidate_1,5,0.028000000000000004
334,candidate_2,candidate_5,candidate_3,candidate_4,candidate_1,5,0.028000000000000004
335,candidate_2,candidate_5,candidate_3,candidate_4,candidate_1,5,0.028000000000000004
336,candidate_2,candidate_5,candidate_3,candidate_4,candidate_1,5,0.028000000000000004
337,candidate_2,candidate_5,candidate_3,candidate_4,candidate_1,5,0.028000000000000004
338,candidate_2,candidate_5,candidate_3,candidate_4,candidate_1,5,0.028000000000000004
339,candidate_2,candidate_5,0,candidate_4,0,5,0.028000000000000004
340,candidate_2,candidate_5,candidate_3,candidate_4,candidate_1,5,0.028000000000000004
341,candidate_2,candidate_5,candidate_3,candidate_4,candidate_1,5,0.028000000000000004
342,candidate_2,0,candidate_3,candidate_4,candidate_1,5,0.028000000000000004
343,candidate_2,candidate_5,candidate_3,candidate_4,candidate_1,5,0.028000000000000004
344,candidate_2,candidate_5,candidate_3,0,candidate_1,5,0.028000000000000004
345,candidate_2,candidate_5,candidate_3,candidate_4,candidate_1,5,0.028000000000000004
346,candidate_2,candidate_5,candidate_3,candidate_4,candidate_1,5,0.028000000000000004
347,candidate_2,candidate_5,candidate_3,candidate_4,candidate_1,5,0.028000000000000004
348,candidate_2,candidate_5,candidate_3,candidate_4,candidate_1,5,0.028000000000000004
349,candidate_2,candidate_5,candidate_3,candidate_4,candidate_1,5,0.028000000000000004
350,candidate_2,candidate_5,candidate_3,candidate_4,candidate_1,5,0.028000000000000004
351,candidate_2,candidate_5,candidate_3,candidate_4,candidate_1,5,0.028000000000000004
352,candidate_2,candidate_5,candidate_3,candidate_4,candidate_1,5,0.028000000000000004
353,candidate_2,candidate_5,candidate_3,candidate_4,candidate_1,5,0.028000000000000004
354,candidate_2,candidate_5,candidate_3,candidate_4,candidate_1,5,0.028000000000000004
355,candidate_2,candidate_5,candidate_3,candidate_4,candidate_1,5,0.028000000000000004
356,candidate_2,candidate_5,candidate_3,candidate_4,candidate_1,5,0.028000000000000004
357,candidate_2,candidate_5,0,candidate_4,candidate_1,5,0.028000000000000004
358,candidate_2,candidate_5,candidate_3,candidate_4,candidate_1,5,0.028000000000000004
359,candidate_2,candidate_5,candidate_3,candidate_4,candidate_1,5,0.028000000000000004
360,candidate_2,candidate_5,candidate_3,candidate_4,candidate_1,5,0.028000000000000004
361,candidate_2,candidate_5,candidate_3,candidate_4,candidate_1,5,0.028000000000000004
362,candidate_2,candidate_5,candidate_3,candidate_4,candidate_1,5,0.028000000000000004
363,candidate_2,candidate_5,candidate_3,candidate_4,candidate_1,5,0.028000000000000004
364,candidate_2,candidate_5,candidate_3,candidate_4,candidate_1,5,0.028000000000000004
365,candidate_2,candidate_5,candidate_3,candidate_4,candidate_1,5,0.028000000000000004
366,candidate_2,candidate_5,candidate_3,candidate_4,candidate_1,5,0.028000000000000004
367,candidate_2,candidate_5,candidate_3,candidate_4,candidate_1,5,0.028000000000000004
368,candidate_2,candidate_5,candidate_3,candidate_4,candidate_1,5,0.028000000000000004
369,candidate_2,candidate_5,candidate_3,candidate_4,candidate_1,5,0.028000000000000004
370,candidate_2,candidate_5,candidate_3,0,candidate_1,5,0.028000000000000004
371,candidate_2,candidate_5,candidate_3,candidate_4,candidate_1,5,0.028000000000000004
372,candidate_2,candidate_5,candidate_3,candidate_4,candidate_1,5,0.028000000000000004
373,candidate_2,candidate_5,candidate_3,candidate_4,candidate_1,5,0.028000000000000004
374,candidate_2,candidate_5,candidate_3,candidate_4,candidate_1,5,0.028000000000000004
375,candidate_2,candidate_5,candidate_3,candidate_4,candidate_1,5,0.028000000000000004
376,candidate_2,candidate_5,candidate_3,candidate_4,candidate_1,5,0.028000000000000004
377,candidate_2,candidate_5,candidate_3,0,candidate_1,5,0.028000000000000004
378,candidate_2,candidate_5,candidate_3,candidate_4,candidate_1,5,0.028000000000000004
379,candidate_2,candidate_5,candidate_3,candidate_4,candidate_1,5,0.028000000000000004
380,candidate_2,candidate_5,candidate_3,candidate_4,candidate_1,5,0.028000000000000004
381,candidate_2,candidate_5,candidate_3,candidate_4,candidate_1,5,0.028000000000000004
382,candidate_2,candidate_5,candidate_3,candidate_4,candidate_1,5,0.028000000000000004
383,candidate_2,candidate_5,candidate_3,candidate_4,candidate_1,5,0.028000000000000004
384,candidate_2,candidate_5,candidate_3,candidate_4,candidate_1,5,0.028000000000000004
385,candidate_2,candidate_5,candidate_3,candidate_4,candidate_1,5,0.028000000000000004
386,candidate_2,candidate_5,candidate_3,candidate_4,candidate_1,5,0.028000000000000004
387,candidate_2,candidate_5,candidate_3,candidate_4,candidate_1,5,0.028000000000000004
388,candidate_2,candidate_5,candidate_3,candidate_4,candidate_1,5,0.028000000000000004
389,candidate_2,candidate_5,candidate_3,candidate_4,candidate_1,5,0.028000000000000004
390,candidate_2,candidate_5,0,candidate_4,candidate_1,5,0.028000000000000004
391,candidate_2,candidate_5,candidate_3,candidate_4,candidate_1,5,0.028000000000000004
392,candidate_2,candidate_5,candidate_3,candidate_4,candidate_1,5,0.028000000000000004
393,candidate_2,candidate_5,candidate_3,candidate_4,candidate_1,5,0.028000000000000004
394,candidate_2,candidate_5,candidate_3,candidate_4,candidate_1,5,0.028000000000000004
395,candidate_2,candidate_5,candidate_3,candidate_4,candidate_1,5,0.028000000000000004
396,candidate_2,candidate_5,candidate_3,candidate_4,candidate_1,5,0.028000000000000004
397,candidate_2,candidate_5,candidate_3,candidate_4,candidate_1,5,0.028000000000000004
398,candidate_2,candidate_5,candidate_3,candidate_4,candidate_1,5,0.028000000000000004
399,candidate_2,candidate_5,candidate_3,candidate_4,candidate_1,5,0.028000000000000004
400,candidate_2,candidate_5,candidate_3,candidate_4,candidate_1,5,0.028000000000000004
401,candidate_2,candidate_5,candidate_3,candidate_4,candidate_1,5,0.028000000000000004
402,candidate_2,candidate_5,candidate_3,0,candidate_1,5,0.028000000000000004
403,candidate_2,candidate_5,candidate_3,candidate_4,candidate_1,5,0.028000000000000004
404,candidate_2,candidate_5,candidate_3,candidate_4,candidate_1,5,0.028000000000000004
405,candidate_2,candidate_5,candidate_3,0,candidate_1,5,0.028000000000000004
406,0,candidate_5,candidate_3,candidate_4,candidate_1,5,0.028000000000000004
407,candidate_2,candidate_5,candidate_3,candidate_4,candidate_1,5,0.028000000000000004
408,candidate_2,candidate_5,candidate_3,candidate_4,candidate_1,5,0.028000000000000004
409,candidate_2,candidate_5,candidate_3,candidate_4,candidate_1,5,0.028000000000000004
410,candidate_2,candidate_5,candidate_3,candidate_4,candidate_1,5,0.028000000000000004
411,candidate_2,candidate_5,candidate_3,candidate_4,candidate_1,5,0.028000000000000004
412,candidate_2,candidate_5,0,candidate_4,candidate_1,5,0.028000000000000004
413,candidate_2,candidate_5,0,candidate_4,candidate_1,5,0.028000000000000004
414,candidate_2,0,candidate_3,candidate_4,candidate_1,5,0.028000000000000004
415,candidate_2,candidate_5,candidate_3,candidate_4,candidate_1,5,0.028000000000000004
416,candidate_2,candidate_5,candidate_3,candidate_4,candidate_1,5,0.028000000000000004
417,candidate_2,candidate_5,candidate_3,candidate_4,candidate_1,5,0.028000000000000004
418,candidate_2,candidate_5,candidate_3,candidate_4,candidate_1,5,0.028000000000000004
419,candidate_2,candidate_5,candidate_3,candidate_4,candidate_1,5,0.028000000000000004
420,candidate_2,candidate_5,candidate_3,candidate_4,candidate_1,5,0.028000000000000004
421,candidate_2,candidate_5,candidate_3,candidate_4,candidate_1,5,0.028000000000000004
422,candidate_2,candidate_5,candidate_3,candidate_4,candidate_1,5,0.028000000000000004
423,candidate_2,candidate_5,candidate_3,candidate_4,candidate_1,5,0.028000000000000004
424,candidate_2,candidate_5,candidate_3,candidate_4,candidate_1,5,0.028000000000000004
425,candidate_2,candidate_5,candidate_3,candidate_4,candidate_1,5,0.028000000000000004
426,candidate_2,candidate_5,candidate_3,candidate_4,candidate_1,5,0.028000000000000004
427,candidate_2,candidate_5,candidate_3,candidate_4,0,5,0.028000000000000004
428,candidate_2,candidate_5,candidate_3,candidate_4,candidate_1,5,0.028000000000000004
429,candidate_2,candidate_5,candidate_3,candidate_4,candidate_1,5,0.028000000000000004
430,candidate_2,candidate_5,candidate_3,candidate_4,candidate_1,5,0.028000000000000004
431,candidate_2,candidate_5,candidate_3,candidate_4,candidate_1,5,0.028000000000000004
432,candidate_2,candidate_5,candidate_3,candidate_4,candidate_1,5,0.028000000000000004
433,candidate_2,candidate_5,candidate_3,candidate_4,candidate_1,5,0.028000000000000004
434,candidate_2,candidate_5,candidate_3,candidate_4,candidate_1,5,0.028000000000000004
435,candidate_2,candidate_5,candidate_3,candidate_4,candidate_1,5,0.028000000000000004
436,candidate_2,candidate_5,candidate_3,candidate_4,candidate_1,5,0.028000000000000004
437,candidate_2,candidate_5,candidate_3,candidate_4,candidate_1,5,0.028000000000000004
438,candidate_2,candidate_5,candidate_3,candidate_4,candidate_1,5,0.028000000000000004
439,candidate_2,candidate_5,candidate_3,candidate_4,candidate_1,5,0.028000000000000004
440,candidate_2,candidate_5,candidate_3,candidate_4,candidate_1,5,0.028000000000000004
441,candidate_2,candidate_5,candidate_3,candidate_4,candidate_1,5,0.028000000000000004
442,candidate_2,candidate_5,candidate_3,candidate_4,candidate_1,5,0.028000000000000004
443,candidate_2,candidate_5,candidate_3,candidate_4,candidate_1,5,0.028000000000000004
444,candidate_2,candidate_5,candidate_3,candidate_4,candidate_1,5,0.028000000000000004
445,candidate_2,candidate_5,candidate_3,candidate_4,candidate_1,5,0.028000000000000004
446,candidate_2,candidate_5,candidate_3,candidate_4,candidate_1,5,0.028000000000000004
447,candidate_2,candidate_5,candidate_3,candidate_4,candidate_1,5,0.028000000000000004
448,candidate_2,candidate_5,candidate_3,candidate_4,candidate_1,5,0.028000000000000004
449,candidate_2,candidate_5,candidate_3,candidate_4,candidate_1,5,0.028000000000000004
450,candidate_2,candidate_5,candidate_3,candidate_4,candidate_1,5,0.028000000000000004
451,candidate_2,candidate_5,candidate_3,candidate_4,candidate_1,5,0.028000000000000004
452,candidate_2,candidate_5,candidate_3,candidate_4,candidate_1,5,0.028000000000000004
453,candidate_2,candidate_5,candidate_3,candidate_4,candidate_1,5,0.028000000000000004
454,candidate_2,candidate_5,candidate_3,candidate_4,0,5,0.028000000000000004
455,candidate_2,candidate_5,candidate_3,candidate_4,candidate_1,5,0.028000000000000004
456,candidate_2,candidate_5,candidate_3,0,candidate_1,5,0.028000000000000004
457,candidate_2,candidate_5,candidate_3,candidate_4,candidate_1,5,0.028000000000000004
458,candidate_2,candidate_5,candidate_3,candidate_4,candidate_1,5,0.028000000000000004
459,candidate_2,candidate_5,candidate_3,candidate_4,candidate_1,5,0.028000000000000004
460,candidate_2,candidate_5,candidate_3,candidate_4,candidate_1,5,0.028000000000000004
461,candidate_2,candidate_5,candidate_3,candidate_4,candidate_1,5,0.028000000000000004
462,candidate_2,candidate_5,candidate_3,candidate_4,candidate_1,5,0.028000000000000004
463,candidate_2,candidate_5,candidate_3,candidate_4,candidate_1,5,0.028000000000000004
464,candidate_2,candidate_5,candidate_3,candidate_4,0,5,0.028000000000000004
465,candidate_2,candidate_5,candidate_3,candidate_4,candidate_1,5,0.028000000000000004
466,candidate_2,candidate_5,candidate_3,candidate_4,candidate_1,5,0.028000000000000004
467,candidate_2,candidate_5,candidate_3,candidate_4,candidate_1,5,0.028000000000000004
468,candidate_2,candidate_5,candidate_3,candidate_4,candidate_1,5,0.028000000000000004
469,candidate_2,candidate_5,candidate_3,candidate_4,candidate_1,5,0.028000000000000004
470,candidate_2,candidate_5,candidate_3,candidate_4,candidate_1,5,0.028000000000000004
471,0,candidate_5,candidate_3,candidate_4,candidate_1,5,0.028000000000000004
472,candidate_2,candidate_5,candidate_3,candidate_4,candidate_1,5,0.028000000000000004
473,candidate_2,candidate_5,candidate_3,candidate_4,candidate_1,5,0.028000000000000004
474,candidate_2,candidate_5,candidate_3,candidate_4,candidate_1,5,0.028000000000000004
475,0,candidate_5,candidate_3,candidate_4,candidate_1,5,0.028000000000000004
476,candidate_2,candidate_5,candidate_3,candidate_4,candidate_1,5,0.028000000000000004
477,candidate_2,candidate_5,candidate_3,candidate_4,candidate_1,5,0.028000000000000004
478,candidate_2,candidate_5,candidate_3,candidate_4,candidate_1,5,0.028000000000000004
479,candidate_2,candidate_5,candidate_3,candidate_4,candidate_1,5,0.028000000000000004
480,candidate_2,candidate_5,candidate_3,candidate_4,candidate_1,5,0.028000000000000004
481,candidate_2,candidate_5,candidate_3,candidate_4,candidate_1,5,0.028000000000000004
482,candidate_2,candidate_5,candidate_3,candidate_4,candidate_1,5,0.028000000000000004
483,candidate_2,candidate_5,candidate_3,candidate_4,candidate_1,5,0.028000000000000004
484,candidate_2,candidate_5,candidate_3,candidate_4,candidate_1,5,0.028000000000000004
485,candidate_2,candidate_5,candidate_3,candidate_4,candidate_1,5,0.028000000000000004
486,candidate_2,candidate_5,candidate_3,candidate_4,candidate_1,5,0.028000000000000004
487,0,candidate_5,candidate_3,candidate_4,candidate_1,5,0.028000000000000004
488,candidate_2,0,candidate_3,candidate_4,candidate_1,5,0.028000000000000004
489,candidate_2,candidate_5,candidate_3,candidate_4,candidate_1,5,0.028000000000000004
490,candidate_2,candidate_5,candidate_3,candidate_4,candidate_1,5,0.028000000000000004
491,candidate_2,candidate_5,candidate_3,candidate_4,candidate_1,5,0.028000000000000004
0,candidate_2,candidate_5,candidate_4,candidate_1,candidate_3,5,0.028000000000000004
1,candidate_2,candidate_5,candidate_4,candidate_1,candidate_3,5,0.028000000000000004
2,candidate_2,candidate_5,candidate_4,candidate_1,candidate_3,5,0.028000000000000004
3,candidate_2,candidate_5,candidate_4,candidate_1,candidate_3,5,0.028000000000000004
4,candidate_2,candidate_5,candidate_4,candidate_1,candidate_3,5,0.028000000000000004
5,candidate_2,candidate_5,0,candidate_1,candidate_3,5,0.028000000000000004
6,candidate_2,candidate_5,candidate_4,candidate_1,candidate_3,5,0.028000000000000004
7,candidate_2,candidate_5,candidate_4,candidate_1,candidate_3,5,0.028000000000000004
8,candidate_2,candidate_5,candidate_4,candidate_1,candidate_3,5,0.028000000000000004
9,candidate_2,candidate_5,candidate_4,candidate_1,candidate_3,5,0.028000000000000004
10,candidate_2,candidate_5,candidate_4,candidate_1,candidate_3,5,0.028000000000000004
11,candidate_2,candidate_5,candidate_4,candidate_1,candidate_3,5,0.028000000000000004
12,candidate_2,candidate_5,candidate_4,candidate_1,candidate_3,5,0.028000000000000004
13,candidate_2,candidate_5,candidate_4,candidate_1,candidate_3,5,0.028000000000000004
14,candidate_2,candidate_5,candidate_4,candidate_1,candidate_3,5,0.028000000000000004
15,candidate_2,candidate_5,candidate_4,candidate_1,candidate_3,5,0.028000000000000004
16,candidate_2,candidate_5,candidate_4,candidate_1,candidate_3,5,0.028000000000000004
17,candidate_2,candidate_5,candidate_4,candidate_1,candidate_3,5,0.028000000000000004
18,candidate_2,candidate_5,candidate_4,candidate_1,candidate_3,5,0.028000000000000004
19,candidate_2,candidate_5,candidate_4,candidate_1,candidate_3,5,0.028000000000000004
20,candidate_2,candidate_5,candidate_4,candidate_1,candidate_3,5,0.028000000000000004
21,candidate_2,candidate_5,candidate_4,candidate_1,candidate_3,5,0.028000000000000004
22,candidate_2,candidate_5,candidate_4,candidate_1,candidate_3,5,0.028000000000000004
23,candidate_2,candidate_5,candidate_4,candidate_1,candidate_3,5,0.028000000000000004
24,candidate_2,candidate_5,candidate_4,candidate_1,candidate_3,5,0.028000000000000004
25,candidate_2,candidate_5,candidate_4,candidate_1,candidate_3,5,0.028000000000000004
26,candidate_2,candidate_5,candidate_4,candidate_1,candidate_3,5,0.028000000000000004
27,candidate_2,candidate_5,candidate_4,candidate_1,candidate_3,5,0.028000000000000004
28,candidate_2,candidate_5,candidate_4,candidate_1,candidate_3,5,0.028000000000000004
29,candidate_2,candidate_5,candidate_4,candidate_1,candidate_3,5,0.028000000000000004
30,candidate_2,candidate_5,candidate_4,candidate_1,candidate_3,5,0.028000000000000004
31,candidate_2,candidate_5,candidate_4,candidate_1,candidate_3,5,0.028000000000000004
32,candidate_2,candidate_5,candidate_4,candidate_1,candidate_3,5,0.028000000000000004
33,candidate_2,candidate_5,candidate_4,candidate_1,candidate_3,5,0.028000000000000004
34,candidate_2,candidate_5,candidate_4,0,candidate_3,5,0.028000000000000004
35,candidate_2,candidate_5,candidate_4,candidate_1,candidate_3,5,0.028000000000000004
36,candidate_2,candidate_5,candidate_4,candidate_1,candidate_3,5,0.028000000000000004
37,candidate_2,candidate_5,candidate_4,candidate_1,candidate_3,5,0.028000000000000004
38,candidate_2,candidate_5,candidate_4,candidate_1,candidate_3,5,0.028000000000000004
39,candidate_2,candidate_5,candidate_4,candidate_1,candidate_3,5,0.028000000000000004
40,candidate_2,candidate_5,candidate_4,candidate_1,candidate_3,5,0.028000000000000004
41,candidate_2,candidate_5,candidate_4,candidate_1,candidate_3,5,0.028000000000000004
42,candidate_2,candidate_5,candidate_4,candidate_1,candidate_3,5,0.028000000000000004
43,candidate_2,candidate_5,candidate_4,candidate_1,candidate_3,5,0.028000000000000004
44,candidate_2,candidate_5,candidate_4,candidate_1,candidate_3,5,0.028000000000000004
45,candidate_2,candidate_5,candidate_4,candidate_1,candidate_3,5,0.028000000000000004
46,candidate_2,candidate_5,candidate_4,candidate_1,candidate_3,5,0.028000000000000004
47,candidate_2,candidate_5,candidate_4,candidate_1,candidate_3,5,0.028000000000000004
48,candidate_2,candidate_5,candidate_4,candidate_1,candidate_3,5,0.028000000000000004
49,candidate_2,candidate_5,candidate_4,candidate_1,candidate_3,5,0.028000000000000004
50,candidate_2,candidate_5,candidate_4,candidate_1,candidate_3,5,0.028000000000000004
51,0,candidate_5,candidate_4,candidate_1,candidate_3,5,0.028000000000000004
52,candidate_2,candidate_5,candidate_4,candidate_1,candidate_3,5,0.028000000000000004
53,candidate_2,candidate_5,candidate_4,0,candidate_3,5,0.028000000000000004
54,candidate_2,candidate_5,candidate_4,candidate_1,candidate_3,5,0.028000000000000004
55,candidate_2,candidate_5,candidate_4,candidate_1,candidate_3,5,0.028000000000000004
56,candidate_2,candidate_5,candidate_4,candidate_1,candidate_3,5,0.028000000000000004
57,candidate_2,0,candidate_4,candidate_1,candidate_3,5,0.028000000000000004
58,candidate_2,candidate_5,candidate_4,candidate_1,candidate_3,5,0.028000000000000004
59,candidate_2,candidate_5,candidate_4,candidate_1,candidate_3,5,0.028000000000000004
60,candidate_2,candidate_5,candidate_4,candidate_1,candidate_3,5,0.028000000000000004
61,candidate_2,candidate_5,candidate_4,candidate_1,candidate_3,5,0.028000000000000004
62,candidate_2,candidate_5,candidate_4,candidate_1,candidate_3,5,0.028000000000000004
63,candidate_2,candidate_5,candidate_4,candidate_1,candidate_3,5,0.028000000000000004
64,candidate_2,candidate_5,candidate_4,candidate_1,candidate_3,5,0.028000000000000004
65,candidate_2,candidate_5,candidate_4,candidate_1,candidate_3,5,0.028000000000000004
66,candidate_2,candidate_5,candidate_4,0,candidate_3,5,0.028000000000000004
67,candidate_2,candidate_5,candidate_4,candidate_1,candidate_3,5,0.028000000000000004
68,candidate_2,candidate_5,candidate_4,candidate_1,0,5,0.028000000000000004
69,candidate_2,candidate_5,candidate_4,candidate_1,candidate_3,5,0.028000000000000004
70,candidate_2,candidate_5,candidate_4,candidate_1,candidate_3,5,0.028000000000000004
71,candidate_2,candidate_5,candidate_4,candidate_1,candidate_3,5,0.028000000000000004
72,candidate_2,candidate_5,candidate_4,candidate_1,candidate_3,5,0.028000000000000004
73,candidate_2,candidate_5,candidate_4,candidate_1,candidate_3,5,0.028000000000000004
74,candidate_2,candidate_5,candidate_4,candidate_1,candidate_3,5,0.028000000000000004
75,candidate_2,candidate_5,candidate_4,candidate_1,candidate_3,5,0.028000000000000004
76,candidate_2,candidate_5,candidate_4,candidate_1,candidate_3,5,0.028000000000000004
77,candidate_2,candidate_5,candidate_4,candidate_1,candidate_3,5,0.028000000000000004
78,candidate_2,candidate_5,candidate_4,candidate_1,candidate_3,5,0.028000000000000004
79,candidate_2,candidate_5,candidate_4,candidate_1,candidate_3,5,0.028000000000000004
80,candidate_2,candidate_5,candidate_4,candidate_1,candidate_3,5,0.028000000000000004
81,candidate_2,candidate_5,candidate_4,candidate_1,candidate_3,5,0.028000000000000004
82,candidate_2,candidate_5,candidate_4,0,candidate_3,5,0.028000000000000004
83,candidate_2,candidate_5,candidate_4,candidate_1,candidate_3,5,0.028000000000000004
84,candidate_2,candidate_5,0,candidate_1,candidate_3,5,0.028000000000000004
85,candidate_2,candidate_5,candidate_4,candidate_1,candidate_3,5,0.028000000000000004
86,candidate_2,candidate_5,0,candidate_1,candidate_3,5,0.028000000000000004
87,candidate_2,candidate_5,candidate_4,candidate_1,candidate_3,5,0.028000000000000004
88,candidate_2,candidate_5,candidate_4,candidate_1,candidate_3,5,0.028000000000000004
89,candidate_2,candidate_5,candidate_4,candidate_1,candidate_3,5,0.028000000000000004
90,candidate_2,candidate_5,candidate_4,candidate_1,candidate_3,5,0.028000000000000004
91,candidate_2,candidate_5,candidate_4,candidate_1,candidate_3,5,0.028000000000000004
92,candidate_2,candidate_5,candidate_4,candidate_1,candidate_3,5,0.028000000000000004
93,candidate_2,candidate_5,candidate_4,candidate_1,candidate_3,5,0.028000000000000004
94,candidate_2,candidate_5,candidate_4,candidate_1,candidate_3,5,0.028000000000000004
95,candidate_2,candidate_5,candidate_4,candidate_1,candidate_3,5,0.028000000000000004
96,candidate_2,candidate_5,candidate_4,candidate_1,candidate_3,5,0.028000000000000004
97,candidate_2,candidate_5,candidate_4,candidate_1,candidate_3,5,0.028000000000000004
98,candidate_2,candidate_5,candidate_4,candidate_1,candidate_3,5,0.028000000000000004
99,candidate_2,candidate_5,candidate_4,candidate_1,candidate_3,5,0.028000000000000004
100,candidate_2,candidate_5,candidate_4,candidate_1,candidate_3,5,0.028000000000000004
101,candidate_2,candidate_5,candidate_4,candidate_1,candidate_3,5,0.028000000000000004
102,candidate_2,candidate_5,candidate_4,candidate_1,candidate_3,5,0.028000000000000004
103,candidate_2,candidate_5,candidate_4,candidate_1,candidate_3,5,0.028000000000000004
104,candidate_2,candidate_5,candidate_4,candidate_1,candidate_3,5,0.028000000000000004
105,candidate_2,candidate_5,candidate_4,candidate_1,candidate_3,5,0.028000000000000004
106,candidate_2,candidate_5,candidate_4,candidate_1,candidate_3,5,0.028000000000000004
107,candidate_2,candidate_5,candidate_4,candidate_1,candidate_3,5,0.028000000000000004
108,candidate_2,candidate_5,candidate_4,candidate_1,candidate_3,5,0.028000000000000004
109,candidate_2,candidate_5,candidate_4,candidate_1,candidate_3,5,0.028000000000000004
110,candidate_2,candidate_5,candidate_4,candidate_1,candidate_3,5,0.028000000000000004
111,candidate_2,candidate_5,candidate_4,0,candidate_3,5,0.028000000000000004
112,candidate_2,candidate_5,candidate_4,candidate_1,candidate_3,5,0.028000000000000004
113,candidate_2,candidate_5,candidate_4,candidate_1,candidate_3,5,0.028000000000000004
114,candidate_2,candidate_5,candidate_4,candidate_1,candidate_3,5,0.028000000000000004
115,candidate_2,candidate_5,candidate_4,candidate_1,candidate_3,5,0.028000000000000004
116,candidate_2,candidate_5,candidate_4,candidate_1,candidate_3,5,0.028000000000000004
117,candidate_2,candidate_5,candidate_4,candidate_1,candidate_3,5,0.028000000000000004
118,candidate_2,candidate_5,candidate_4,candidate_1,candidate_3,5,0.028000000000000004
119,candidate_2,candidate_5,candidate_4,candidate_1,candidate_3,5,0.028000000000000004
120,candidate_2,candidate_5,candidate_4,candidate_1,candidate_3,5,0.028000000000000004
121,candidate_2,candidate_5,candidate_4,candidate_1,candidate_3,5,0.028000000000000004
122,candidate_2,candidate_5,candidate_4,candidate_1,candidate_3,5,0.028000000000000004
0,candidate_2,candidate_5,candidate_4,candidate_3,candidate_1,5,0.028000000000000004
1,candidate_2,candidate_5,candidate_4,candidate_3,candidate_1,5,0.028000000000000004
2,candidate_2,candidate_5,candidate_4,candidate_3,candidate_1,5,0.028000000000000004
3,candidate_2,candidate_5,candidate_4,candidate_3,candidate_1,5,0.028000000000000004
4,candidate_2,candidate_5,candidate_4,candidate_3,candidate_1,5,0.028000000000000004
5,candidate_2,candidate_5,candidate_4,candidate_3,candidate_1,5,0.028000000000000004
6,candidate_2,candidate_5,candidate_4,candidate_3,0,5,0.028000000000000004
7,candidate_2,candidate_5,candidate_4,candidate_3,candidate_1,5,0.028000000000000004
8,candidate_2,candidate_5,candidate_4,candidate_3,candidate_1,5,0.028000000000000004
9,candidate_2,candidate_5,candidate_4,candidate_3,candidate_1,5,0.028000000000000004
10,candidate_2,candidate_5,candidate_4,candidate_3,candidate_1,5,0.028000000000000004
11,candidate_2,candidate_5,candidate_4,candidate_3,candidate_1,5,0.028000000000000004
12,candidate_2,candidate_5,candidate_4,candidate_3,candidate_1,5,0.028000000000000004
13,candidate_2,candidate_5,candidate_4,candidate_3,candidate_1,5,0.028000000000000004
14,candidate_2,candidate_5,candidate_4,0,candidate_1,5,0.028000000000000004
15,candidate_2,candidate_5,candidate_4,candidate_3,candidate_1,5,0.028000000000000004
16,candidate_2,candidate_5,candidate_4,candidate_3,candidate_1,5,0.028000000000000004
17,candidate_2,candidate_5,candidate_4,candidate_3,candidate_1,5,0.028000000000000004
18,candidate_2,candidate_5,candidate_4,candidate_3,candidate_1,5,0.028000000000000004
19,candidate_2,candidate_5,candidate_4,candidate_3,candidate_1,5,0.028000000000000004
20,candidate_2,candidate_5,candidate_4,candidate_3,candidate_1,5,0.028000000000000004
21,candidate_2,candidate_5,candidate_4,candidate_3,candidate_1,5,0.028000000000000004
22,candidate_2,candidate_5,candidate_4,candidate_3,candidate_1,5,0.028000000000000004
23,candidate_2,candidate_5,candidate_4,candidate_3,candidate_1,5,0.028000000000000004
24,candidate_2,candidate_5,candidate_4,candidate_3,candidate_1,5,0.028000000000000004
25,candidate_2,candidate_5,candidate_4,candidate_3,candidate_1,5,0.028000000000000004
26,candidate_2,candidate_5,candidate_4,candidate_3,candidate_1,5,0.028000000000000004
27,candidate_2,candidate_5,candidate_4,candidate_3,candidate_1,5,0.028000000000000004
28,candidate_2,candidate_5,candidate_4,candidate_3,candidate_1,5,0.028000000000000004
29,candidate_2,candidate_5,candidate_4,candidate_3,candidate_1,5,0.028000000000000004
30,candidate_2,candidate_5,candidate_4,candidate_3,candidate_1,5,0.028000000000000004
31,candidate_2,candidate_5,candidate_4,candidate_3,candidate_1,5,0.028000000000000004
32,candidate_2,candidate_5,candidate_4,candidate_3,candidate_1,5,0.028000000000000004
33,candidate_2,candidate_5,candidate_4,candidate_3,candidate_1,5,0.028000000000000004
34,candidate_2,candidate_5,candidate_4,candidate_3,candidate_1,5,0.028000000000000004
35,candidate_2,candidate_5,candidate_4,candidate_3,candidate_1,5,0.028000000000000004
36,candidate_2,candidate_5,candidate_4,candidate_3,candidate_1,5,0.028000000000000004
37,candidate_2,candidate_5,candidate_4,candidate_3,candidate_1,5,0.028000000000000004
38,candidate_2,candidate_5,candidate_4,candidate_3,candidate_1,5,0.028000000000000004
39,candidate_2,candidate_5,candidate_4,0,candidate_1,5,0.028000000000000004
40,candidate_2,candidate_5,candidate_4,candidate_3,candidate_1,5,0.028000000000000004
41,candidate_2,candidate_5,candidate_4,candidate_3,candidate_1,5,0.028000000000000004
42,candidate_2,candidate_5,candidate_4,candidate_3,candidate_1,5,0.028000000000000004
43,candidate_2,candidate_5,candidate_4,candidate_3,candidate_1,5,0.028000000000000004
44,candidate_2,candidate_5,candidate_4,candidate_3,candidate_1,5,0.028000000000000004
45,candidate_2,candidate_5,candidate_4,candidate_3,0,5,0.028000000000000004
46,candidate_2,candidate_5,candidate_4,candidate_3,candidate_1,5,0.028000000000000004
47,candidate_2,candidate_5,candidate_4,candidate_3,candidate_1,5,0.028000000000000004
48,candidate_2,candidate_5,candidate_4,candidate_3,candidate_1,5,0.028000000000000004
49,candidate_2,candidate_5,candidate_4,candidate_3,candidate_1,5,0.028000000000000004
50,candidate_2,candidate_5,candidate_4,candidate_3,candidate_1,5,0.028000000000000004
51,candidate_2,candidate_5,candidate_4,candidate_3,candidate_1,5,0.028000000000000004
52,candidate_2,candidate_5,candidate_4,candidate_3,candidate_1,5,0.028000000000000004
53,candidate_2,candidate_5,candidate_4,candidate_3,candidate_1,5,0.028000000000000004
54,candidate_2,candidate_5,candidate_4,candidate_3,candidate_1,5,0.028000000000000004
55,candidate_2,candidate_5,candidate_4,candidate_3,candidate_1,5,0.028000000000000004
56,candidate_2,candidate_5,candidate_4,candidate_3,candidate_1,5,0.028000000000000004
57,candidate_2,candidate_5,candidate_4,candidate_3,candidate_1,5,0.028000000000000004
58,candidate_2,candidate_5,candidate_4,candidate_3,candidate_1,5,0.028000000000000004
59,candidate_2,candidate_5,candidate_4,candidate_3,candidate_1,5,0.028000000000000004
60,candidate_2,candidate_5,candidate_4,candidate_3,candidate_1,5,0.028000000000000004
61,candidate_2,candidate_5,candidate_4,candidate_3,candidate_1,5,0.028000000000000004
62,0,candidate_5,candidate_4,candidate_3,candidate_1,5,0.028000000000000004
63,candidate_2,candidate_5,candidate_4,0,candidate_1,5,0.028000000000000004
64,candidate_2,candidate_5,candidate_4,candidate_3,candidate_1,5,0.028000000000000004
65,candidate_2,candidate_5,candidate_4,candidate_3,candidate_1,5,0.028000000000000004
66,candidate_2,candidate_5,candidate_4,candidate_3,candidate_1,5,0.028000000000000004
67,candidate_2,candidate_5,candidate_4,candidate_3,candidate_1,5,0.028000000000000004
68,candidate_2,candidate_5,candidate_4,candidate_3,candidate_1,5,0.028000000000000004
69,candidate_2,candidate_5,candidate_4,candidate_3,candidate_1,5,0.028000000000000004
70,candidate_2,candidate_5,candidate_4,0,candidate_1,5,0.028000000000000004
71,candidate_2,candidate_5,candidate_4,candidate_3,candidate_1,5,0.028000000000000004
72,candidate_2,candidate_5,0,candidate_3,candidate_1,5,0.028000000000000004
73,candidate_2,candidate_5,candidate_4,candidate_3,candidate_1,5,0.028000000000000004
0,0,candidate_1,candidate_2,candidate_4,candidate_5,5,0.028000000000000004
1,candidate_3,candidate_1,candidate_2,candidate_4,candidate_5,5,0.028000000000000004
2,candidate_3,candidate_1,candidate_2,0,candidate_5,5,0.028000000000000004
3,candidate_3,candidate_1,candidate_2,candidate_4,candidate_5,5,0.028000000000000004
4,candidate_3,candidate_1,candidate_2,0,candidate_5,5,0.028000000000000004
5,candidate_3,candidate_1,candidate_2,candidate_4,candidate_5,5,0.028000000000000004
6,candidate_3,candidate_1,candidate_2,candidate_4,candidate_5,5,0.028000000000000004
7,candidate_3,candidate_1,candidate_2,candidate_4,candidate_5,5,0.028000000000000004
8,candidate_3,candidate_1,candidate_2,candidate_4,candidate_5,5,0.028000000000000004
9,0,candidate_1,candidate_2,candidate_4,0,5,0.028000000000000004
10,candidate_3,candidate_1,candidate_2,candidate_4,candidate_5,5,0.028000000000000004
11,candidate_3,candidate_1,candidate_2,candidate_4,0,5,0.028000000000000004
12,candidate_3,candidate_1,candidate_2,candidate_4,candidate_5,5,0.028000000000000004
13,candidate_3,candidate_1,candidate_2,candidate_4,candidate_5,5,0.028000000000000004
14,candidate_3,candidate_1,candidate_2,candidate_4,candidate_5,5,0.028000000000000004
15,candidate_3,candidate_1,candidate_2,candidate_4,candidate_5,5,0.028000000000000004
16,candidate_3,candidate_1,candidate_2,candidate_4,0,5,0.028000000000000004
17,candidate_3,candidate_1,candidate_2,candidate_4,candidate_5,5,0.028000000000000004
18,candidate_3,candidate_1,candidate_2,candidate_4,candidate_5,5,0.028000000000000004
19,candidate_3,0,candidate_2,candidate_4,candidate_5,5,0.028000000000000004
20,candidate_3,candidate_1,candidate_2,candidate_4,candidate_5,5,0.028000000000000004
21,candidate_3,candidate_1,candidate_2,0,candidate_5,5,0.028000000000000004
22,candidate_3,candidate_1,candidate_2,0,candidate_5,5,0.028000000000000004
23,candidate_3,candidate_1,candidate_2,candidate_4,candidate_5,5,0.028000000000000004
24,candidate_3,candidate_1,candidate_2,candidate_4,candidate_5,5,0.028000000000000004
25,candidate_3,candidate_1,candidate_2,candidate_4,candidate_5,5,0.028000000000000004
26,candidate_3,candidate_1,candidate_2,candidate_4,candidate_5,5,0.028000000000000004
27,candidate_3,candidate_1,candidate_2,candidate_4,candidate_5,5,0.028000000000000004
28,candidate_3,candidate_1,candidate_2,candidate_4,candidate_5,5,0.028000000000000004
29,candidate_3,candidate_1,candidate_2,candidate_4,candidate_5,5,0.028000000000000004
30,candidate_3,candidate_1,candidate_2,candidate_4,candidate_5,5,0.028000000000000004
31,candidate_3,candidate_1,candidate_2,candidate_4,candidate_5,5,0.028000000000000004
32,candidate_3,candidate_1,candidate_2,candidate_4,candidate_5,5,0.028000000000000004
33,candidate_3,candidate_1,candidate_2,candidate_4,candidate_5,5,0.028000000000000004
34,candidate_3,candidate_1,candidate_2,candidate_4,candidate_5,5,0.028000000000000004
35,candidate_3,candidate_1,candidate_2,candidate_4,candidate_5,5,0.028000000000000004
36,candidate_3,candidate_1,candidate_2,candidate_4,candidate_5,5,0.028000000000000004
37,candidate_3,candidate_1,candidate_2,candidate_4,candidate_5,5,0.028000000000000004
38,candidate_3,candidate_1,candidate_2,candidate_4,candidate_5,5,0.028000000000000004
39,candidate_3,candidate_1,candidate_2,candidate_4,candidate_5,5,0.028000000000000004
40,candidate_3,candidate_1,candidate_2,candidate_4,candidate_5,5,0.028000000000000004
41,candidate_3,candidate_1,candidate_2,candidate_4,candidate_5,5,0.028000000000000004
42,candidate_3,candidate_1,candidate_2,candidate_4,candidate_5,5,0.028000000000000004
43,candidate_3,candidate_1,candidate_2,candidate_4,candidate_5,5,0.028000000000000004
44,candidate_3,candidate_1,candidate_2,candidate_4,candidate_5,5,0.028000000000000004
45,candidate_3,candidate_1,candidate_2,candidate_4,candidate_5,5,0.028000000000000004
46,candidate_3,candidate_1,candidate_2,candidate_4,candidate_5,5,0.028000000000000004
47,candidate_3,candidate_1,candidate_2,candidate_4,candidate_5,5,0.028000000000000004
48,candidate_3,candidate_1,candidate_2,candidate_4,candidate_5,5,0.028000000000000004
49,candidate_3,candidate_1,candidate_2,candidate_4,candidate_5,5,0.028000000000000004
50,candidate_3,candidate_1,candidate_2,candidate_4,candidate_5,5,0.028000000000000004
51,candidate_3,0,candidate_2,candidate_4,candidate_5,5,0.028000000000000004
52,candidate_3,candidate_1,candidate_2,candidate_4,candidate_5,5,0.028000000000000004
53,candidate_3,candidate_1,candidate_2,candidate_4,candidate_5,5,0.028000000000000004
54,candidate_3,candidate_1,candidate_2,candidate_4,candidate_5,5,0.028000000000000004
55,candidate_3,candidate_1,candidate_2,candidate_4,candidate_5,5,0.028000000000000004
56,candidate_3,candidate_1,candidate_2,candidate_4,candidate_5,5,0.028000000000000004
57,candidate_3,candidate_1,candidate_2,candidate_4,candidate_5,5,0.028000000000000004
58,candidate_3,candidate_1,candidate_2,candidate_4,candidate_5,5,0.028000000000000004
59,candidate_3,candidate_1,candidate_2,candidate_4,candidate_5,5,0.028000000000000004
60,candidate_3,candidate_1,candidate_2,candidate_4,candidate_5,5,0.028000000000000004
61,candidate_3,candidate_1,candidate_2,candidate_4,candidate_5,5,0.028000000000000004
62,candidate_3,candidate_1,candidate_2,candidate_4,candidate_5,5,0.028000000000000004
63,candidate_3,candidate_1,candidate_2,candidate_4,candidate_5,5,0.028000000000000004
64,candidate_3,candidate_1,candidate_2,candidate_4,candidate_5,5,0.028000000000000004
65,candidate_3,candidate_1,candidate_2,candidate_4,candidate_5,5,0.028000000000000004
66,0,candidate_1,candidate_2,candidate_4,candidate_5,5,0.028000000000000004
67,candidate_3,candidate_1,candidate_2,candidate_4,candidate_5,5,0.028000000000000004
68,candidate_3,candidate_1,candidate_2,candidate_4,candidate_5,5,0.028000000000000004
69,candidate_3,candidate_1,candidate_2,candidate_4,candidate_5,5,0.028000000000000004
70,candidate_3,candidate_1,candidate_2,candidate_4,candidate_5,5,0.028000000000000004
71,candidate_3,candidate_1,candidate_2,candidate_4,candidate_5,5,0.028000000000000004
72,candidate_3,candidate_1,candidate_2,candidate_4,candidate_5,5,0.028000000000000004
73,candidate_3,candidate_1,candidate_2,candidate_4,candidate_5,5,0.028000000000000004
74,candidate_3,candidate_1,candidate_2,candidate_4,candidate_5,5,0.028000000000000004
75,candidate_3,candidate_1,candidate_2,candidate_4,candidate_5,5,0.028000000000000004
76,candidate_3,candidate_1,candidate_2,candidate_4,candidate_5,5,0.028000000000000004
77,candidate_3,candidate_1,candidate_2,candidate_4,candidate_5,5,0.028000000000000004
78,candidate_3,candidate_1,candidate_2,candidate_4,candidate_5,5,0.028000000000000004
79,candidate_3,0,candidate_2,candidate_4,candidate_5,5,0.028000000000000004
80,candidate_3,candidate_1,candidate_2,candidate_4,candidate_5,5,0.028000000000000004
81,candidate_3,candidate_1,candidate_2,candidate_4,0,5,0.028000000000000004
82,candidate_3,candidate_1,candidate_2,candidate_4,candidate_5,5,0.028000000000000004
83,candidate_3,candidate_1,candidate_2,candidate_4,candidate_5,5,0.028000000000000004
84,candidate_3,candidate_1,candidate_2,candidate_4,candidate_5,5,0.028000000000000004
85,candidate_3,candidate_1,candidate_2,candidate_4,candidate_5,5,0.028000000000000004
86,candidate_3,candidate_1,candidate_2,candidate_4,candidate_5,5,0.028000000000000004
87,candidate_3,candidate_1,candidate_2,candidate_4,candidate_5,5,0.028000000000000004
88,candidate_3,candidate_1,candidate_2,candidate_4,candidate_5,5,0.028000000000000004
89,candidate_3,candidate_1,candidate_2,candidate_4,candidate_5,5,0.028000000000000004
90,candidate_3,candidate_1,candidate_2,candidate_4,candidate_5,5,0.028000000000000004
91,candidate_3,0,candidate_2,candidate_4,candidate_5,5,0.028000000000000004
92,candidate_3,candidate_1,candidate_2,candidate_4,candidate_5,5,0.028000000000000004
93,candidate_3,candidate_1,candidate_2,candidate_4,candidate_5,5,0.028000000000000004
94,candidate_3,candidate_1,candidate_2,candidate_4,candidate_5,5,0.028000000000000004
95,candidate_3,candidate_1,candidate_2,candidate_4,candidate_5,5,0.028000000000000004
96,candidate_3,candidate_1,candidate_2,candidate_4,candidate_5,5,0.028000000000000004
97,candidate_3,candidate_1,candidate_2,candidate_4,candidate_5,5,0.028000000000000004
98,candidate_3,candidate_1,candidate_2,candidate_4,candidate_5,5,0.028000000000000004
99,candidate_3,candidate_1,candidate_2,candidate_4,candidate_5,5,0.028000000000000004
100,candidate_3,candidate_1,candidate_2,candidate_4,candidate_5,5,0.028000000000000004
101,candidate_3,candidate_1,candidate_2,candidate_4,candidate_5,5,0.028000000000000004
102,candidate_3,candidate_1,candidate_2,candidate_4,candidate_5,5,0.028000000000000004
103,candidate_3,candidate_1,candidate_2,candidate_4,candidate_5,5,0.028000000000000004
104,candidate_3,candidate_1,candidate_2,candidate_4,candidate_5,5,0.028000000000000004
105,candidate_3,candidate_1,candidate_2,candidate_4,candidate_5,5,0.028000000000000004
106,candidate_3,candidate_1,candidate_2,candidate_4,candidate_5,5,0.028000000000000004
107,candidate_3,candidate_1,candidate_2,candidate_4,candidate_5,5,0.028000000000000004
108,candidate_3,candidate_1,candidate_2,candidate_4,candidate_5,5,0.028000000000000004
109,candidate_3,candidate_1,candidate_2,candidate_4,candidate_5,5,0.028000000000000004
110,candidate_3,candidate_1,candidate_2,candidate_4,candidate_5,5,0.028000000000000004
111,candidate_3,candidate_1,candidate_2,candidate_4,candidate_5,5,0.028000000000000004
112,candidate_3,candidate_1,candidate_2,candidate_4,candidate_5,5,0.028000000000000004
113,candidate_3,candidate_1,candidate_2,candidate_4,candidate_5,5,0.028000000000000004
114,candidate_3,candidate_1,candidate_2,candidate_4,candidate_5,5,0.028000000000000004
115,candidate_3,candidate_1,candidate_2,candidate_4,candidate_5,5,0.028000000000000004
116,candidate_3,candidate_1,candidate_2,candidate_4,candidate_5,5,0.028000000000000004
117,candidate_3,candidate_1,candidate_2,candidate_4,candidate_5,5,0.028000000000000004
118,candidate_3,candidate_1,candidate_2,candidate_4,candidate_5,5,0.028000000000000004
119,candidate_3,candidate_1,candidate_2,candidate_4,candidate_5,5,0.028000000000000004
120,candidate_3,candidate_1,candidate_2,candidate_4,candidate_5,5,0.028000000000000004
121,candidate_3,candidate_1,candidate_2,candidate_4,candidate_5,5,0.028000000000000004
122,candidate_3,candidate_1,candidate_2,candidate_4,candidate_5,5,0.028000000000000004
123,candidate_3,candidate_1,candidate_2,candidate_4,candidate_5,5,0.028000000000000004
124,candidate_3,candidate_1,candidate_2,candidate_4,candidate_5,5,0.028000000000000004
125,candidate_3,candidate_1,candidate_2,candidate_4,candidate_5,5,0.028000000000000004
126,candidate_3,candidate_1,candidate_2,candidate_4,candidate_5,5,0.028000000000000004
127,candidate_3,candidate_1,candidate_2,candidate_4,candidate_5,5,0.028000000000000004
128,candidate_3,candidate_1,candidate_2,candidate_4,candidate_5,5,0.028000000000000004
129,candidate_3,candidate_1,candidate_2,candidate_4,candidate_5,5,0.028000000000000004
130,0,candidate_1,candidate_2,candidate_4,candidate_5,5,0.028000000000000004
131,candidate_3,candidate_1,candidate_2,candidate_4,candidate_5,5,0.028000000000000004
132,candidate_3,candidate_1,candidate_2,candidate_4,candidate_5,5,0.028000000000000004
133,candidate_3,candidate_1,candidate_2,candidate_4,candidate_5,5,0.028000000000000004
134,candidate_3,candidate_1,candidate_2,candidate_4,candidate_5,5,0.028000000000000004
135,candidate_3,candidate_1,candidate_2,candidate_4,candidate_5,5,0.028000000000000004
136,candidate_3,candidate_1,candidate_2,candidate_4,candidate_5,5,0.028000000000000004
137,candidate_3,candidate_1,candidate_2,candidate_4,candidate_5,5,0.028000000000000004
138,candidate_3,candidate_1,candidate_2,candidate_4,candidate_5,5,0.028000000000000004
139,candidate_3,candidate_1,candidate_2,candidate_4,candidate_5,5,0.028000000000000004
140,candidate_3,candidate_1,candidate_2,candidate_4,candidate_5,5,0.028000000000000004
141,candidate_3,candidate_1,candidate_2,candidate_4,candidate_5,5,0.028000000000000004
142,candidate_3,candidate_1,candidate_2,candidate_4,candidate_5,5,0.028000000000000004
143,candidate_3,candidate_1,candidate_2,candidate_4,candidate_5,5,0.028000000000000004
144,candidate_3,candidate_1,candidate_2,candidate_4,candidate_5,5,0.028000000000000004
145,candidate_3,candidate_1,candidate_2,candidate_4,candidate_5,5,0.028000000000000004
146,candidate_3,candidate_1,candidate_2,candidate_4,candidate_5,5,0.028000000000000004
147,candidate_3,candidate_1,candidate_2,candidate_4,candidate_5,5,0.028000000000000004
148,candidate_3,candidate_1,candidate_2,candidate_4,candidate_5,5,0.028000000000000004
149,candidate_3,candidate_1,candidate_2,candidate_4,candidate_5,5,0.028000000000000004
150,candidate_3,candidate_1,candidate_2,candidate_4,candidate_5,5,0.028000000000000004
151,candidate_3,candidate_1,candidate_2,candidate_4,candidate_5,5,0.028000000000000004
152,candidate_3,candidate_1,candidate_2,candidate_4,candidate_5,5,0.028000000000000004
153,candidate_3,candidate_1,candidate_2,candidate_4,candidate_5,5,0.028000000000000004
154,candidate_3,candidate_1,candidate_2,candidate_4,0,5,0.028000000000000004
155,candidate_3,candidate_1,candidate_2,candidate_4,candidate_5,5,0.028000000000000004
156,candidate_3,candidate_1,candidate_2,candidate_4,candidate_5,5,0.028000000000000004
157,candidate_3,candidate_1,0,candidate_4,candidate_5,5,0.028000000000000004
158,candidate_3,candidate_1,candidate_2,candidate_4,candidate_5,5,0.028000000000000004
159,candidate_3,candidate_1,candidate_2,candidate_4,candidate_5,5,0.028000000000000004
160,candidate_3,candidate_1,candidate_2,candidate_4,candidate_5,5,0.028000000000000004
161,candidate_3,candidate_1,candidate_2,candidate_4,candidate_5,5,0.028000000000000004
162,candidate_3,candidate_1,candidate_2,candidate_4,candidate_5,5,0.028000000000000004
163,candidate_3,candidate_1,candidate_2,candidate_4,candidate_5,5,0.028000000000000004
164,candidate_3,candidate_1,candidate_2,candidate_4,candidate_5,5,0.028000000000000004
165,candidate_3,candidate_1,candidate_2,candidate_4,candidate_5,5,0.028000000000000004
166,candidate_3,candidate_1,candidate_2,candidate_4,candidate_5,5,0.028000000000000004
167,candidate_3,candidate_1,candidate_2,candidate_4,candidate_5,5,0.028000000000000004
168,candidate_3,candidate_1,candidate_2,candidate_4,candidate_5,5,0.028000000000000004
169,candidate_3,candidate_1,candidate_2,candidate_4,candidate_5,5,0.028000000000000004
170,candidate_3,candidate_1,candidate_2,candidate_4,candidate_5,5,0.028000000000000004
171,candidate_3,candidate_1,candidate_2,candidate_4,candidate_5,5,0.028000000000000004
172,candidate_3,candidate_1,candidate_2,candidate_4,candidate_5,5,0.028000000000000004
173,candidate_3,candidate_1,0,candidate_4,candidate_5,5,0.028000000000000004
174,candidate_3,candidate_1,candidate_2,candidate_4,candidate_5,5,0.028000000000000004
175,candidate_3,candidate_1,candidate_2,candidate_4,candidate_5,5,0.028000000000000004
176,candidate_3,candidate_1,0,candidate_4,candidate_5,5,0.028000000000000004
177,candidate_3,candidate_1,candidate_2,candidate_4,candidate_5,5,0.028000000000000004
178,candidate_3,candidate_1,candidate_2,candidate_4,candidate_5,5,0.028000000000000004
179,candidate_3,candidate_1,candidate_2,candidate_4,candidate_5,5,0.028000000000000004
180,candidate_3,candidate_1,candidate_2,candidate_4,candidate_5,5,0.028000000000000004
181,candidate_3,candidate_1,candidate_2,0,candidate_5,5,0.028000000000000004
182,candidate_3,candidate_1,candidate_2,candidate_4,candidate_5,5,0.028000000000000004
183,candidate_3,candidate_1,candidate_2,candidate_4,candidate_5,5,0.028000000000000004
184,candidate_3,candidate_1,candidate_2,candidate_4,candidate_5,5,0.028000000000000004
185,candidate_3,candidate_1,candidate_2,candidate_4,candidate_5,5,0.028000000000000004
186,candidate_3,candidate_1,candidate_2,candidate_4,candidate_5,5,0.028000000000000004
187,candidate_3,candidate_1,candidate_2,candidate_4,candidate_5,5,0.028000000000000004
188,candidate_3,candidate_1,candidate_2,candidate_4,candidate_5,5,0.028000000000000004
189,candidate_3,candidate_1,candidate_2,candidate_4,candidate_5,5,0.028000000000000004
190,candidate_3,candidate_1,candidate_2,candidate_4,candidate_5,5,0.028000000000000004
191,candidate_3,candidate_1,candidate_2,candidate_4,candidate_5,5,0.028000000000000004
192,candidate_3,candidate_1,candidate_2,candidate_4,candidate_5,5,0.028000000000000004
193,candidate_3,candidate_1,candidate_2,candidate_4,candidate_5,5,0.028000000000000004
194,candidate_3,candidate_1,candidate_2,candidate_4,candidate_5,5,0.028000000000000004
195,candidate_3,candidate_1,candidate_2,candidate_4,candidate_5,5,0.028000000000000004
196,candidate_3,candidate_1,candidate_2,candidate_4,candidate_5,5,0.028000000000000004
197,candidate_3,candidate_1,candidate_2,candidate_4,candidate_5,5,0.028000000000000004
198,candidate_3,candidate_1,candidate_2,candidate_4,candidate_5,5,0.028000000000000004
199,candidate_3,candidate_1,candidate_2,candidate_4,candidate_5,5,0.028000000000000004
200,candidate_3,candidate_1,candidate_2,candidate_4,candidate_5,5,0.028000000000000004
201,candidate_3,candidate_1,candidate_2,candidate_4,candidate_5,5,0.028000000000000004
202,candidate_3,candidate_1,candidate_2,candidate_4,candidate_5,5,0.028000000000000004
203,candidate_3,candidate_1,candidate_2,candidate_4,candidate_5,5,0.028000000000000004
204,candidate_3,candidate_1,candidate_2,candidate_4,candidate_5,5,0.028000000000000004
205,0,candidate_1,candidate_2,candidate_4,candidate_5,5,0.028000000000000004
206,candidate_3,candidate_1,candidate_2,candidate_4,candidate_5,5,0.028000000000000004
207,candidate_3,candidate_1,candidate_2,candidate_4,candidate_5,5,0.028000000000000004
208,candidate_3,candidate_1,candidate_2,candidate_4,candidate_5,5,0.028000000000000004
209,candidate_3,candidate_1,0,0,candidate_5,5,0.028000000000000004
210,candidate_3,candidate_1,candidate_2,candidate_4,candidate_5,5,0.028000000000000004
211,candidate_3,candidate_1,candidate_2,candidate_4,candidate_5,5,0.028000000000000004
212,candidate_3,candidate_1,candidate_2,candidate_4,candidate_5,5,0.028000000000000004
213,candidate_3,0,candidate_2,candidate_4,candidate_5,5,0.028000000000000004
214,candidate_3,candidate_1,candidate_2,candidate_4,candidate_5,5,0.028000000000000004
215,candidate_3,candidate_1,candidate_2,candidate_4,candidate_5,5,0.028000000000000004
216,candidate_3,0,candidate_2,candidate_4,candidate_5,5,0.028000000000000004
217,candidate_3,candidate_1,candidate_2,candidate_4,candidate_5,5,0.028000000000000004
218,candidate_3,candidate_1,candidate_2,0,0,5,0.028000000000000004
219,candidate_3,candidate_1,candidate_2,candidate_4,candidate_5,5,0.028000000000000004
220,candidate_3,candidate_1,candidate_2,candidate_4,candidate_5,5,0.028000000000000004
221,candidate_3,candidate_1,candidate_2,candidate_4,candidate_5,5,0.028000000000000004
222,candidate_3,candidate_1,0,candidate_4,candidate_5,5,0.028000000000000004
223,candidate_3,candidate_1,candidate_2,candidate_4,candidate_5,5,0.028000000000000004
224,candidate_3,candidate_1,candidate_2,candidate_4,candidate_5,5,0.028000000000000004
225,candidate_3,candidate_1,candidate_2,candidate_4,candidate_5,5,0.028000000000000004
226,candidate_3,candidate_1,candidate_2,candidate_4,candidate_5,5,0.028000000000000004
227,candidate_3,candidate_1,candidate_2,candidate_4,candidate_5,5,0.028000000000000004
228,candidate_3,candidate_1,candidate_2,candidate_4,candidate_5,5,0.028000000000000004
229,candidate_3,candidate_1,candidate_2,candidate_4,candidate_5,5,0.028000000000000004
230,candidate_3,candidate_1,candidate_2,candidate_4,candidate_5,5,0.028000000000000004
231,candidate_3,candidate_1,candidate_2,candidate_4,candidate_5,5,0.028000000000000004
232,candidate_3,candidate_1,candidate_2,candidate_4,candidate_5,5,0.028000000000000004
233,candidate_3,candidate_1,candidate_2,candidate_4,candidate_5,5,0.028000000000000004
234,candidate_3,candidate_1,candidate_2,candidate_4,candidate_5,5,0.028000000000000004
235,candidate_3,candidate_1,candidate_2,candidate_4,candidate_5,5,0.028000000000000004
236,candidate_3,candidate_1,candidate_2,candidate_4,candidate_5,5,0.028000000000000004
237,candidate_3,0,candidate_2,candidate_4,candidate_5,5,0.028000000000000004
238,candidate_3,candidate_1,candidate_2,candidate_4,candidate_5,5,0.028000000000000004
239,candidate_3,candidate_1,candidate_2,candidate_4,candidate_5,5,0.028000000000000004
240,candidate_3,candidate_1,candidate_2,0,candidate_5,5,0.028000000000000004
241,candidate_3,candidate_1,candidate_2,candidate_4,candidate_5,5,0.028000000000000004
242,candidate_3,candidate_1,candidate_2,candidate_4,candidate_5,5,0.028000000000000004
243,0,candidate_1,candidate_2,candidate_4,candidate_5,5,0.028000000000000004
244,candidate_3,candidate_1,candidate_2,candidate_4,candidate_5,5,0.028000000000000004
245,candidate_3,candidate_1,candidate_2,candidate_4,candidate_5,5,0.028000000000000004
246,candidate_3,candidate_1,candidate_2,candidate_4,candidate_5,5,0.028000000000000004
247,candidate_3,candidate_1,candidate_2,candidate_4,candidate_5,5,0.028000000000000004
248,candidate_3,candidate_1,candidate_2,candidate_4,candidate_5,5,0.028000000000000004
249,candidate_3,candidate_1,candidate_2,candidate_4,candidate_5,5,0.028000000000000004
250,candidate_3,candidate_1,candidate_2,candidate_4,candidate_5,5,0.028000000000000004
251,candidate_3,candidate_1,candidate_2,candidate_4,candidate_5,5,0.028000000000000004
252,candidate_3,candidate_1,candidate_2,candidate_4,candidate_5,5,0.028000000000000004
253,candidate_3,0,candidate_2,candidate_4,candidate_5,5,0.028000000000000004
254,candidate_3,candidate_1,candidate_2,candidate_4,candidate_5,5,0.028000000000000004
255,candidate_3,candidate_1,candidate_2,candidate_4,candidate_5,5,0.028000000000000004
256,candidate_3,candidate_1,candidate_2,candidate_4,candidate_5,5,0.028000000000000004
257,candidate_3,candidate_1,candidate_2,candidate_4,candidate_5,5,0.028000000000000004
258,candidate_3,candidate_1,candidate_2,candidate_4,candidate_5,5,0.028000000000000004
259,candidate_3,candidate_1,candidate_2,candidate_4,candidate_5,5,0.028000000000000004
260,candidate_3,candidate_1,candidate_2,candidate_4,candidate_5,5,0.028000000000000004
261,candidate_3,candidate_1,candidate_2,candidate_4,candidate_5,5,0.028000000000000004
262,candidate_3,candidate_1,candidate_2,candidate_4,candidate_5,5,0.028000000000000004
263,candidate_3,candidate_1,candidate_2,candidate_4,candidate_5,5,0.028000000000000004
264,candidate_3,candidate_1,candidate_2,candidate_4,candidate_5,5,0.028000000000000004
265,candidate_3,candidate_1,candidate_2,candidate_4,candidate_5,5,0.028000000000000004
266,candidate_3,candidate_1,candidate_2,candidate_4,candidate_5,5,0.028000000000000004
267,candidate_3,candidate_1,candidate_2,candidate_4,candidate_5,5,0.028000000000000004
268,candidate_3,candidate_1,candidate_2,candidate_4,candidate_5,5,0.028000000000000004
269,candidate_3,candidate_1,candidate_2,candidate_4,candidate_5,5,0.028000000000000004
270,candidate_3,candidate_1,candidate_2,candidate_4,candidate_5,5,0.028000000000000004
271,candidate_3,candidate_1,candidate_2,candidate_4,candidate_5,5,0.028000000000000004
272,candidate_3,candidate_1,candidate_2,candidate_4,candidate_5,5,0.028000000000000004
273,candidate_3,candidate_1,candidate_2,candidate_4,candidate_5,5,0.028000000000000004
274,candidate_3,candidate_1,candidate_2,candidate_4,candidate_5,5,0.028000000000000004
275,candidate_3,candidate_1,candidate_2,candidate_4,candidate_5,5,0.028000000000000004
276,candidate_3,candidate_1,candidate_2,candidate_4,candidate_5,5,0.028000000000000004
277,candidate_3,candidate_1,candidate_2,candidate_4,candidate_5,5,0.028000000000000004
278,candidate_3,candidate_1,candidate_2,candidate_4,candidate_5,5,0.028000000000000004
279,candidate_3,candidate_1,candidate_2,candidate_4,candidate_5,5,0.028000000000000004
280,candidate_3,candidate_1,candidate_2,candidate_4,candidate_5,5,0.028000000000000004
281,candidate_3,candidate_1,candidate_2,candidate_4,candidate_5,5,0.028000000000000004
282,candidate_3,candidate_1,candidate_2,candidate_4,candidate_5,5,0.028000000000000004
283,candidate_3,candidate_1,candidate_2,candidate_4,candidate_5,5,0.028000000000000004
284,candidate_3,candidate_1,candidate_2,0,candidate_5,5,0.028000000000000004
285,candidate_3,candidate_1,candidate_2,candidate_4,candidate_5,5,0.028000000000000004
286,candidate_3,candidate_1,candidate_2,candidate_4,candidate_5,5,0.028000000000000004
287,candidate_3,candidate_1,candidate_2,candidate_4,candidate_5,5,0.028000000000000004
288,candidate_3,candidate_1,candidate_2,candidate_4,candidate_5,5,0.028000000000000004
289,candidate_3,candidate_1,candidate_2,candidate_4,candidate_5,5,0.028000000000000004
290,candidate_3,candidate_1,candidate_2,candidate_4,candidate_5,5,0.028000000000000004
291,candidate_3,candidate_1,candidate_2,candidate_4,0,5,0.028000000000000004
292,candidate_3,candidate_1,candidate_2,candidate_4,candidate_5,5,0.028000000000000004
293,candidate_3,candidate_1,candidate_2,candidate_4,candidate_5,5,0.028000000000000004
294,candidate_3,candidate_1,candidate_2,candidate_4,candidate_5,5,0.028000000000000004
295,candidate_3,candidate_1,candidate_2,candidate_4,candidate_5,5,0.028000000000000004
296,candidate_3,candidate_1,candidate_2,candidate_4,candidate_5,5,0.028000000000000004
297,candidate_3,candidate_1,candidate_2,candidate_4,candidate_5,5,0.028000000000000004
298,candidate_3,candidate_1,candidate_2,candidate_4,candidate_5,5,0.028000000000000004
299,candidate_3,candidate_1,candidate_2,candidate_4,candidate_5,5,0.028000000000000004
300,candidate_3,candidate_1,candidate_2,candidate_4,candidate_5,5,0.028000000000000004
301,candidate_3,candidate_1,candidate_2,candidate_4,candidate_5,5,0.028000000000000004
302,candidate_3,candidate_1,candidate_2,candidate_4,candidate_5,5,0.028000000000000004
303,candidate_3,candidate_1,candidate_2,candidate_4,candidate_5,5,0.028000000000000004
304,candidate_3,candidate_1,candidate_2,candidate_4,candidate_5,5,0.028000000000000004
305,candidate_3,candidate_1,candidate_2,candidate_4,candidate_5,5,0.028000000000000004
306,candidate_3,candidate_1,candidate_2,candidate_4,candidate_5,5,0.028000000000000004
307,candidate_3,candidate_1,candidate_2,candidate_4,candidate_5,5,0.028000000000000004
308,candidate_3,candidate_1,candidate_2,candidate_4,candidate_5,5,0.028000000000000004
309,candidate_3,candidate_1,candidate_2,candidate_4,candidate_5,5,0.028000000000000004
310,candidate_3,candidate_1,candidate_2,candidate_4,candidate_5,5,0.028000000000000004
311,candidate_3,candidate_1,candidate_2,candidate_4,candidate_5,5,0.028000000000000004
312,candidate_3,candidate_1,candidate_2,candidate_4,candidate_5,5,0.028000000000000004
313,candidate_3,candidate_1,candidate_2,candidate_4,candidate_5,5,0.028000000000000004
314,candidate_3,candidate_1,candidate_2,candidate_4,candidate_5,5,0.028000000000000004
315,candidate_3,candidate_1,candidate_2,candidate_4,candidate_5,5,0.028000000000000004
316,candidate_3,candidate_1,candidate_2,candidate_4,candidate_5,5,0.028000000000000004
317,candidate_3,candidate_1,candidate_2,candidate_4,candidate_5,5,0.028000000000000004
318,candidate_3,candidate_1,candidate_2,candidate_4,candidate_5,5,0.028000000000000004
319,candidate_3,candidate_1,candidate_2,candidate_4,candidate_5,5,0.028000000000000004
320,candidate_3,candidate_1,candidate_2,candidate_4,candidate_5,5,0.028000000000000004
321,candidate_3,candidate_1,candidate_2,candidate_4,candidate_5,5,0.028000000000000004
322,candidate_3,candidate_1,candidate_2,candidate_4,candidate_5,5,0.028000000000000004
323,candidate_3,candidate_1,candidate_2,candidate_4,candidate_5,5,0.028000000000000004
324,candidate_3,candidate_1,candidate_2,candidate_4,candidate_5,5,0.028000000000000004
325,candidate_3,candidate_1,candidate_2,candidate_4,candidate_5,5,0.028000000000000004
326,candidate_3,candidate_1,candidate_2,candidate_4,candidate_5,5,0.028000000000000004
327,candidate_3,candidate_1,candidate_2,candidate_4,candidate_5,5,0.028000000000000004
328,0,candidate_1,candidate_2,candidate_4,candidate_5,5,0.028000000000000004
329,candidate_3,candidate_1,candidate_2,0,candidate_5,5,0.028000000000000004
330,candidate_3,candidate_1,candidate_2,candidate_4,candidate_5,5,0.028000000000000004
331,candidate_3,candidate_1,candidate_2,candidate_4,candidate_5,5,0.028000000000000004
332,candidate_3,candidate_1,candidate_2,candidate_4,candidate_5,5,0.028000000000000004
333,candidate_3,candidate_1,candidate_2,candidate_4,candidate_5,5,0.028000000000000004
334,candidate_3,candidate_1,candidate_2,candidate_4,candidate_5,5,0.028000000000000004
335,0,candidate_1,candidate_2,candidate_4,candidate_5,5,0.028000000000000004
336,candidate_3,candidate_1,candidate_2,candidate_4,candidate_5,5,0.028000000000000004
337,candidate_3,0,candidate_2,candidate_4,candidate_5,5,0.028000000000000004
338,candidate_3,0,candidate_2,candidate_4,candidate_5,5,0.028000000000000004
339,candidate_3,candidate_1,candidate_2,candidate_4,candidate_5,5,0.028000000000000004
340,candidate_3,candidate_1,candidate_2,candidate_4,candidate_5,5,0.028000000000000004
341,candidate_3,candidate_1,candidate_2,candidate_4,candidate_5,5,0.028000000000000004
342,candidate_3,candidate_1,candidate_2,candidate_4,candidate_5,5,0.028000000000000004
343,candidate_3,candidate_1,candidate_2,candidate_4,0,5,0.028000000000000004
344,candidate_3,candidate_1,candidate_2,candidate_4,candidate_5,5,0.028000000000000004
345,candidate_3,candidate_1,candidate_2,candidate_4,candidate_5,5,0.028000000000000004
346,candidate_3,candidate_1,candidate_2,candidate_4,candidate_5,5,0.028000000000000004
347,candidate_3,candidate_1,candidate_2,candidate_4,candidate_5,5,0.028000000000000004
348,candidate_3,candidate_1,candidate_2,candidate_4,candidate_5,5,0.028000000000000004
349,candidate_3,candidate_1,candidate_2,candidate_4,candidate_5,5,0.028000000000000004
350,candidate_3,candidate_1,candidate_2,candidate_4,candidate_5,5,0.028000000000000004
351,candidate_3,candidate_1,candidate_2,candidate_4,candidate_5,5,0.028000000000000004
352,candidate_3,candidate_1,candidate_2,candidate_4,candidate_5,5,0.028000000000000004
353,candidate_3,candidate_1,candidate_2,0,candidate_5,5,0.028000000000000004
354,candidate_3,candidate_1,candidate_2,candidate_4,candidate_5,5,0.028000000000000004
355,0,candidate_1,candidate_2,candidate_4,candidate_5,5,0.028000000000000004
356,candidate_3,candidate_1,candidate_2,candidate_4,candidate_5,5,0.028000000000000004
357,candidate_3,candidate_1,candidate_2,candidate_4,candidate_5,5,0.028000000000000004
358,candidate_3,candidate_1,candidate_2,candidate_4,candidate_5,5,0.028000000000000004
359,candidate_3,candidate_1,candidate_2,candidate_4,candidate_5,5,0.028000000000000004
360,candidate_3,candidate_1,0,candidate_4,candidate_5,5,0.028000000000000004
361,candidate_3,candidate_1,candidate_2,candidate_4,candidate_5,5,0.028000000000000004
362,candidate_3,candidate_1,candidate_2,candidate_4,candidate_5,5,0.028000000000000004
363,candidate_3,candidate_1,candidate_2,candidate_4,candidate_5,5,0.028000000000000004
364,candidate_3,candidate_1,candidate_2,candidate_4,candidate_5,5,0.028000000000000004
365,candidate_3,candidate_1,candidate_2,candidate_4,candidate_5,5,0.028000000000000004
366,candidate_3,candidate_1,candidate_2,candidate_4,candidate_5,5,0.028000000000000004
367,candidate_3,candidate_1,candidate_2,candidate_4,candidate_5,5,0.028000000000000004
368,candidate_3,candidate_1,candidate_2,candidate_4,candidate_5,5,0.028000000000000004
369,candidate_3,candidate_1,candidate_2,candidate_4,candidate_5,5,0.028000000000000004
370,candidate_3,candidate_1,candidate_2,candidate_4,candidate_5,5,0.028000000000000004
371,candidate_3,candidate_1,candidate_2,candidate_4,candidate_5,5,0.028000000000000004
372,candidate_3,candidate_1,candidate_2,candidate_4,candidate_5,5,0.028000000000000004
373,candidate_3,candidate_1,candidate_2,candidate_4,candidate_5,5,0.028000000000000004
374,candidate_3,candidate_1,candidate_2,candidate_4,candidate_5,5,0.028000000000000004
375,candidate_3,candidate_1,candidate_2,candidate_4,candidate_5,5,0.028000000000000004
376,candidate_3,candidate_1,candidate_2,candidate_4,candidate_5,5,0.028000000000000004
377,candidate_3,candidate_1,candidate_2,candidate_4,candidate_5,5,0.028000000000000004
378,candidate_3,candidate_1,candidate_2,candidate_4,candidate_5,5,0.028000000000000004
379,candidate_3,candidate_1,candidate_2,candidate_4,candidate_5,5,0.028000000000000004
380,candidate_3,candidate_1,candidate_2,candidate_4,candidate_5,5,0.028000000000000004
381,candidate_3,candidate_1,candidate_2,candidate_4,candidate_5,5,0.028000000000000004
382,candidate_3,candidate_1,candidate_2,candidate_4,candidate_5,5,0.028000000000000004
383,candidate_3,candidate_1,0,candidate_4,candidate_5,5,0.028000000000000004
384,candidate_3,candidate_1,candidate_2,candidate_4,candidate_5,5,0.028000000000000004
385,candidate_3,candidate_1,candidate_2,candidate_4,candidate_5,5,0.028000000000000004
386,candidate_3,candidate_1,candidate_2,candidate_4,candidate_5,5,0.028000000000000004
387,candidate_3,candidate_1,candidate_2,candidate_4,candidate_5,5,0.028000000000000004
388,candidate_3,candidate_1,candidate_2,candidate_4,candidate_5,5,0.028000000000000004
389,candidate_3,candidate_1,candidate_2,candidate_4,candidate_5,5,0.028000000000000004
390,candidate_3,candidate_1,candidate_2,candidate_4,candidate_5,5,0.028000000000000004
391,candidate_3,candidate_1,candidate_2,candidate_4,0,5,0.028000000000000004
392,candidate_3,candidate_1,candidate_2,candidate_4,candidate_5,5,0.028000000000000004
393,candidate_3,candidate_1,candidate_2,candidate_4,candidate_5,5,0.028000000000000004
394,candidate_3,candidate_1,candidate_2,candidate_4,candidate_5,5,0.028000000000000004
395,candidate_3,candidate_1,candidate_2,candidate_4,candidate_5,5,0.028000000000000004
396,candidate_3,candidate_1,candidate_2,candidate_4,candidate_5,5,0.028000000000000004
397,candidate_3,candidate_1,candidate_2,candidate_4,candidate_5,5,0.028000000000000004
398,candidate_3,0,candidate_2,candidate_4,candidate_5,5,0.028000000000000004
399,candidate_3,candidate_1,candidate_2,0,candidate_5,5,0.028000000000000004
400,candidate_3,candidate_1,candidate_2,candidate_4,candidate_5,5,0.028000000000000004
401,candidate_3,candidate_1,candidate_2,candidate_4,candidate_5,5,0.028000000000000004
402,candidate_3,candidate_1,candidate_2,candidate_4,candidate_5,5,0.028000000000000004
403,candidate_3,candidate_1,candidate_2,candidate_4,candidate_5,5,0.028000000000000004
404,0,candidate_1,candidate_2,candidate_4,candidate_5,5,0.028000000000000004
405,candidate_3,candidate_1,candidate_2,candidate_4,candidate_5,5,0.028000000000000004
406,candidate_3,candidate_1,candidate_2,candidate_4,candidate_5,5,0.028000000000000004
407,candidate_3,candidate_1,candidate_2,candidate_4,candidate_5,5,0.028000000000000004
408,candidate_3,candidate_1,0,candidate_4,candidate_5,5,0.028000000000000004
409,candidate_3,candidate_1,0,candidate_4,candidate_5,5,0.028000000000000004
410,candidate_3,candidate_1,candidate_2,candidate_4,candidate_5,5,0.028000000000000004
411,candidate_3,candidate_1,candidate_2,candidate_4,candidate_5,5,0.028000000000000004
412,candidate_3,candidate_1,candidate_2,candidate_4,candidate_5,5,0.028000000000000004
413,candidate_3,candidate_1,candidate_2,candidate_4,candidate_5,5,0.028000000000000004
414,candidate_3,candidate_1,0,candidate_4,candidate_5,5,0.028000000000000004
415,candidate_3,candidate_1,candidate_2,candidate_4,candidate_5,5,0.028000000000000004
416,candidate_3,candidate_1,candidate_2,candidate_4,candidate_5,5,0.028000000000000004
417,candidate_3,candidate_1,candidate_2,candidate_4,candidate_5,5,0.028000000000000004
418,candidate_3,candidate_1,candidate_2,candidate_4,candidate_5,5,0.028000000000000004
419,candidate_3,candidate_1,candidate_2,candidate_4,candidate_5,5,0.028000000000000004
420,candidate_3,candidate_1,candidate_2,candidate_4,candidate_5,5,0.028000000000000004
421,candidate_3,candidate_1,candidate_2,candidate_4,0,5,0.028000000000000004
422,candidate_3,candidate_1,candidate_2,candidate_4,candidate_5,5,0.028000000000000004
423,candidate_3,candidate_1,candidate_2,candidate_4,0,5,0.028000000000000004
424,candidate_3,candidate_1,candidate_2,candidate_4,candidate_5,5,0.028000000000000004
425,candidate_3,candidate_1,candidate_2,candidate_4,candidate_5,5,0.028000000000000004
426,candidate_3,candidate_1,candidate_2,candidate_4,candidate_5,5,0.028000000000000004
427,candidate_3,candidate_1,candidate_2,candidate_4,candidate_5,5,0.028000000000000004
428,candidate_3,candidate_1,candidate_2,candidate_4,candidate_5,5,0.028000000000000004
429,candidate_3,candidate_1,candidate_2,candidate_4,candidate_5,5,0.028000000000000004
430,candidate_3,candidate_1,candidate_2,candidate_4,candidate_5,5,0.028000000000000004
431,candidate_3,candidate_1,candidate_2,candidate_4,candidate_5,5,0.028000000000000004
432,candidate_3,candidate_1,candidate_2,candidate_4,candidate_5,5,0.028000000000000004
433,candidate_3,0,candidate_2,candidate_4,candidate_5,5,0.028000000000000004
434,candidate_3,candidate_1,candidate_2,candidate_4,candidate_5,5,0.028000000000000004
435,candidate_3,candidate_1,candidate_2,candidate_4,candidate_5,5,0.028000000000000004
436,candidate_3,candidate_1,candidate_2,candidate_4,candidate_5,5,0.028000000000000004
437,candidate_3,candidate_1,candidate_2,candidate_4,candidate_5,5,0.028000000000000004
438,candidate_3,candidate_1,candidate_2,candidate_4,candidate_5,5,0.028000000000000004
439,candidate_3,candidate_1,candidate_2,candidate_4,candidate_5,5,0.028000000000000004
440,candidate_3,candidate_1,candidate_2,candidate_4,candidate_5,5,0.028000000000000004
441,candidate_3,candidate_1,candidate_2,candidate_4,candidate_5,5,0.028000000000000004
442,candidate_3,candidate_1,candidate_2,candidate_4,candidate_5,5,0.028000000000000004
443,candidate_3,candidate_1,candidate_2,candidate_4,candidate_5,5,0.028000000000000004
444,candidate_3,candidate_1,candidate_2,candidate_4,candidate_5,5,0.028000000000000004
445,candidate_3,candidate_1,candidate_2,candidate_4,candidate_5,5,0.028000000000000004
446,candidate_3,candidate_1,candidate_2,candidate_4,candidate_5,5,0.028000000000000004
447,candidate_3,candidate_1,candidate_2,candidate_4,candidate_5,5,0.028000000000000004
448,candidate_3,candidate_1,0,candidate_4,candidate_5,5,0.028000000000000004
449,candidate_3,candidate_1,candidate_2,candidate_4,candidate_5,5,0.028000000000000004
450,candidate_3,candidate_1,candidate_2,candidate_4,candidate_5,5,0.028000000000000004
451,candidate_3,candidate_1,candidate_2,candidate_4,candidate_5,5,0.028000000000000004
452,candidate_3,candidate_1,candidate_2,candidate_4,candidate_5,5,0.028000000000000004
453,candidate_3,candidate_1,candidate_2,candidate_4,candidate_5,5,0.028000000000000004
454,candidate_3,candidate_1,candidate_2,candidate_4,candidate_5,5,0.028000000000000004
455,candidate_3,candidate_1,candidate_2,candidate_4,candidate_5,5,0.028000000000000004
456,candidate_3,candidate_1,candidate_2,candidate_4,candidate_5,5,0.028000000000000004
457,candidate_3,candidate_1,candidate_2,candidate_4,candidate_5,5,0.028000000000000004
458,candidate_3,candidate_1,candidate_2,candidate_4,candidate_5,5,0.028000000000000004
459,candidate_3,candidate_1,candidate_2,candidate_4,candidate_5,5,0.028000000000000004
460,candidate_3,candidate_1,candidate_2,candidate_4,candidate_5,5,0.028000000000000004
461,candidate_3,candidate_1,candidate_2,candidate_4,candidate_5,5,0.028000000000000004
462,candidate_3,candidate_1,candidate_2,candidate_4,candidate_5,5,0.028000000000000004
463,candidate_3,candidate_1,candidate_2,candidate_4,candidate_5,5,0.028000000000000004
464,candidate_3,candidate_1,candidate_2,candidate_4,candidate_5,5,0.028000000000000004
465,candidate_3,candidate_1,candidate_2,candidate_4,candidate_5,5,0.028000000000000004
466,candidate_3,candidate_1,0,candidate_4,candidate_5,5,0.028000000000000004
467,candidate_3,candidate_1,candidate_2,candidate_4,candidate_5,5,0.028000000000000004
468,candidate_3,candidate_1,candidate_2,candidate_4,candidate_5,5,0.028000000000000004
469,candidate_3,candidate_1,candidate_2,candidate_4,candidate_5,5,0.028000000000000004
470,candidate_3,candidate_1,candidate_2,candidate_4,candidate_5,5,0.028000000000000004
471,candidate_3,candidate_1,candidate_2,candidate_4,candidate_5,5,0.028000000000000004
472,candidate_3,candidate_1,candidate_2,candidate_4,candidate_5,5,0.028000000000000004
473,candidate_3,candidate_1,candidate_2,candidate_4,candidate_5,5,0.028000000000000004
474,candidate_3,candidate_1,candidate_2,candidate_4,candidate_5,5,0.028000000000000004
475,candidate_3,candidate_1,candidate_2,candidate_4,candidate_5,5,0.028000000000000004
476,candidate_3,candidate_1,candidate_2,candidate_4,0,5,0.028000000000000004
477,candidate_3,candidate_1,candidate_2,candidate_4,candidate_5,5,0.028000000000000004
478,candidate_3,candidate_1,candidate_2,candidate_4,candidate_5,5,0.028000000000000004
479,candidate_3,candidate_1,candidate_2,candidate_4,candidate_5,5,0.028000000000000004
480,candidate_3,candidate_1,candidate_2,candidate_4,0,5,0.028000000000000004
481,candidate_3,candidate_1,candidate_2,candidate_4,candidate_5,5,0.028000000000000004
482,candidate_3,candidate_1,candidate_2,candidate_4,candidate_5,5,0.028000000000000004
483,candidate_3,candidate_1,candidate_2,candidate_4,candidate_5,5,0.028000000000000004
484,candidate_3,candidate_1,candidate_2,candidate_4,candidate_5,5,0.028000000000000004
485,candidate_3,candidate_1,candidate_2,candidate_4,candidate_5,5,0.028000000000000004
486,candidate_3,candidate_1,candidate_2,candidate_4,candidate_5,5,0.028000000000000004
487,candidate_3,candidate_1,candidate_2,candidate_4,candidate_5,5,0.028000000000000004
488,candidate_3,candidate_1,candidate_2,candidate_4,candidate_5,5,0.028000000000000004
489,candidate_3,candidate_1,candidate_2,candidate_4,candidate_5,5,0.028000000000000004
490,candidate_3,candidate_1,candidate_2,candidate_4,candidate_5,5,0.028000000000000004
491,candidate_3,candidate_1,candidate_2,candidate_4,candidate_5,5,0.028000000000000004
492,candidate_3,0,candidate_2,candidate_4,candidate_5,5,0.028000000000000004
493,candidate_3,candidate_1,candidate_2,candidate_4,candidate_5,5,0.028000000000000004
494,candidate_3,candidate_1,candidate_2,candidate_4,candidate_5,5,0.028000000000000004
495,candidate_3,candidate_1,candidate_2,candidate_4,candidate_5,5,0.028000000000000004
496,candidate_3,candidate_1,candidate_2,candidate_4,candidate_5,5,0.028000000000000004
497,candidate_3,candidate_1,candidate_2,candidate_4,candidate_5,5,0.028000000000000004
498,candidate_3,candidate_1,candidate_2,0,candidate_5,5,0.028000000000000004
499,candidate_3,candidate_1,candidate_2,candidate_4,candidate_5,5,0.028000000000000004
500,candidate_3,candidate_1,candidate_2,candidate_4,candidate_5,5,0.028000000000000004
501,candidate_3,candidate_1,candidate_2,candidate_4,candidate_5,5,0.028000000000000004
502,0,candidate_1,candidate_2,candidate_4,candidate_5,5,0.028000000000000004
503,candidate_3,candidate_1,candidate_2,candidate_4,candidate_5,5,0.028000000000000004
504,candidate_3,candidate_1,candidate_2,candidate_4,0,5,0.028000000000000004
505,candidate_3,candidate_1,candidate_2,candidate_4,candidate_5,5,0.028000000000000004
506,candidate_3,candidate_1,candidate_2,candidate_4,candidate_5,5,0.028000000000000004
507,candidate_3,candidate_1,candidate_2,candidate_4,candidate_5,5,0.028000000000000004
508,candidate_3,candidate_1,candidate_2,candidate_4,candidate_5,5,0.028000000000000004
509,candidate_3,candidate_1,candidate_2,candidate_4,candidate_5,5,0.028000000000000004
510,candidate_3,candidate_1,candidate_2,candidate_4,candidate_5,5,0.028000000000000004
511,candidate_3,candidate_1,candidate_2,candidate_4,candidate_5,5,0.028000000000000004
512,candidate_3,candidate_1,candidate_2,candidate_4,candidate_5,5,0.028000000000000004
513,candidate_3,candidate_1,candidate_2,candidate_4,candidate_5,5,0.028000000000000004
514,candidate_3,candidate_1,candidate_2,candidate_4,candidate_5,5,0.028000000000000004
515,candidate_3,candidate_1,candidate_2,candidate_4,candidate_5,5,0.028000000000000004
516,candidate_3,candidate_1,candidate_2,candidate_4,candidate_5,5,0.028000000000000004
0,candidate_3,candidate_1,candidate_2,candidate_5,candidate_4,5,0.028000000000000004
1,candidate_3,candidate_1,candidate_2,candidate_5,candidate_4,5,0.028000000000000004
2,candidate_3,candidate_1,candidate_2,candidate_5,0,5,0.028000000000000004
3,candidate_3,candidate_1,candidate_2,candidate_5,candidate_4,5,0.028000000000000004
4,candidate_3,candidate_1,candidate_2,candidate_5,candidate_4,5,0.028000000000000004
5,candidate_3,candidate_1,candidate_2,candidate_5,candidate_4,5,0.028000000000000004
6,candidate_3,candidate_1,candidate_2,candidate_5,candidate_4,5,0.028000000000000004
7,candidate_3,candidate_1,candidate_2,candidate_5,candidate_4,5,0.028000000000000004
8,candidate_3,candidate_1,candidate_2,candidate_5,candidate_4,5,0.028000000000000004
9,candidate_3,candidate_1,candidate_2,candidate_5,candidate_4,5,0.028000000000000004
10,candidate_3,candidate_1,candidate_2,candidate_5,candidate_4,5,0.028000000000000004
11,candidate_3,candidate_1,candidate_2,candidate_5,candidate_4,5,0.028000000000000004
12,candidate_3,candidate_1,candidate_2,candidate_5,candidate_4,5,0.028000000000000004
13,candidate_3,candidate_1,candidate_2,candidate_5,candidate_4,5,0.028000000000000004
14,candidate_3,candidate_1,candidate_2,candidate_5,candidate_4,5,0.028000000000000004
15,candidate_3,candidate_1,candidate_2,0,candidate_4,5,0.028000000000000004
16,candidate_3,candidate_1,candidate_2,candidate_5,candidate_4,5,0.028000000000000004
17,candidate_3,candidate_1,candidate_2,candidate_5,candidate_4,5,0.028000000000000004
18,candidate_3,candidate_1,candidate_2,candidate_5,candidate_4,5,0.028000000000000004
19,candidate_3,candidate_1,candidate_2,candidate_5,candidate_4,5,0.028000000000000004
20,candidate_3,candidate_1,candidate_2,candidate_5,candidate_4,5,0.028000000000000004
21,candidate_3,candidate_1,candidate_2,candidate_5,0,5,0.028000000000000004
22,candidate_3,candidate_1,candidate_2,candidate_5,candidate_4,5,0.028000000000000004
23,candidate_3,candidate_1,candidate_2,candidate_5,candidate_4,5,0.028000000000000004
24,candidate_3,candidate_1,candidate_2,candidate_5,candidate_4,5,0.028000000000000004
25,candidate_3,candidate_1,candidate_2,candidate_5,0,5,0.028000000000000004
26,candidate_3,candidate_1,candidate_2,candidate_5,candidate_4,5,0.028000000000000004
27,candidate_3,candidate_1,candidate_2,candidate_5,candidate_4,5,0.028000000000000004
28,candidate_3,candidate_1,candidate_2,candidate_5,candidate_4,5,0.028000000000000004
29,candidate_3,candidate_1,candidate_2,candidate_5,candidate_4,5,0.028000000000000004
30,candidate_3,candidate_1,candidate_2,candidate_5,candidate_4,5,0.028000000000000004
31,candidate_3,candidate_1,candidate_2,candidate_5,candidate_4,5,0.028000000000000004
32,candidate_3,candidate_1,candidate_2,candidate_5,candidate_4,5,0.028000000000000004
33,candidate_3,candidate_1,candidate_2,candidate_5,candidate_4,5,0.028000000000000004
34,candidate_3,candidate_1,candidate_2,0,candidate_4,5,0.028000000000000004
35,candidate_3,candidate_1,candidate_2,candidate_5,candidate_4,5,0.028000000000000004
36,0,candidate_1,candidate_2,candidate_5,candidate_4,5,0.028000000000000004
37,candidate_3,candidate_1,candidate_2,candidate_5,candidate_4,5,0.028000000000000004
38,candidate_3,candidate_1,candidate_2,candidate_5,candidate_4,5,0.028000000000000004
39,candidate_3,candidate_1,candidate_2,candidate_5,candidate_4,5,0.028000000000000004
40,candidate_3,candidate_1,candidate_2,candidate_5,candidate_4,5,0.028000000000000004
41,candidate_3,candidate_1,candidate_2,candidate_5,candidate_4,5,0.028000000000000004
42,0,candidate_1,candidate_2,candidate_5,candidate_4,5,0.028000000000000004
43,candidate_3,candidate_1,candidate_2,candidate_5,candidate_4,5,0.028000000000000004
44,candidate_3,candidate_1,candidate_2,candidate_5,candidate_4,5,0.028000000000000004
45,candidate_3,candidate_1,candidate_2,candidate_5,candidate_4,5,0.028000000000000004
46,candidate_3,candidate_1,candidate_2,candidate_5,candidate_4,5,0.028000000000000004
47,candidate_3,candidate_1,candidate_2,candidate_5,candidate_4,5,0.028000000000000004
48,candidate_3,candidate_1,candidate_2,candidate_5,candidate_4,5,0.028000000000000004
49,candidate_3,candidate_1,candidate_2,candidate_5,candidate_4,5,0.028000000000000004
50,candidate_3,candidate_1,candidate_2,candidate_5,candidate_4,5,0.028000000000000004
51,candidate_3,candidate_1,candidate_2,candidate_5,0,5,0.028000000000000004
52,candidate_3,candidate_1,candidate_2,candidate_5,candidate_4,5,0.028000000000000004
53,candidate_3,candidate_1,candidate_2,candidate_5,candidate_4,5,0.028000000000000004
54,candidate_3,candidate_1,candidate_2,candidate_5,candidate_4,5,0.028000000000000004
55,candidate_3,candidate_1,candidate_2,candidate_5,0,5,0.028000000000000004
56,candidate_3,candidate_1,candidate_2,candidate_5,candidate_4,5,0.028000000000000004
57,candidate_3,candidate_1,candidate_2,0,candidate_4,5,0.028000000000000004
58,candidate_3,candidate_1,candidate_2,candidate_5,0,5,0.028000000000000004
59,candidate_3,candidate_1,candidate_2,candidate_5,candidate_4,5,0.028000000000000004
60,candidate_3,candidate_1,candidate_2,candidate_5,candidate_4,5,0.028000000000000004
61,candidate_3,candidate_1,candidate_2,candidate_5,candidate_4,5,0.028000000000000004
62,candidate_3,candidate_1,candidate_2,candidate_5,candidate_4,5,0.028000000000000004
63,candidate_3,candidate_1,candidate_2,candidate_5,candidate_4,5,0.028000000000000004
64,candidate_3,candidate_1,0,candidate_5,candidate_4,5,0.028000000000000004
65,candidate_3,candidate_1,candidate_2,0,candidate_4,5,0.028000000000000004
66,candidate_3,candidate_1,candidate_2,candidate_5,candidate_4,5,0.028000000000000004
67,candidate_3,candidate_1,candidate_2,candidate_5,candidate_4,5,0.028000000000000004
68,candidate_3,candidate_1,candidate_2,candidate_5,candidate_4,5,0.028000000000000004
69,candidate_3,candidate_1,candidate_2,candidate_5,candidate_4,5,0.028000000000000004
70,candidate_3,candidate_1,candidate_2,candidate_5,candidate_4,5,0.028000000000000004
71,candidate_3,candidate_1,0,candidate_5,candidate_4,5,0.028000000000000004
72,candidate_3,candidate_1,candidate_2,candidate_5,candidate_4,5,0.028000000000000004
73,candidate_3,candidate_1,candidate_2,candidate_5,candidate_4,5,0.028000000000000004
74,candidate_3,candidate_1,0,0,candidate_4,5,0.028000000000000004
75,candidate_3,candidate_1,candidate_2,candidate_5,candidate_4,5,0.028000000000000004
76,candidate_3,candidate_1,candidate_2,candidate_5,candidate_4,5,0.028000000000000004
77,candidate_3,candidate_1,candidate_2,candidate_5,candidate_4,5,0.028000000000000004
78,candidate_3,candidate_1,candidate_2,candidate_5,candidate_4,5,0.028000000000000004
79,candidate_3,candidate_1,candidate_2,candidate_5,candidate_4,5,0.028000000000000004
80,candidate_3,candidate_1,candidate_2,candidate_5,candidate_4,5,0.028000000000000004
81,candidate_3,candidate_1,candidate_2,candidate_5,candidate_4,5,0.028000000000000004
82,candidate_3,candidate_1,candidate_2,candidate_5,candidate_4,5,0.028000000000000004
83,candidate_3,candidate_1,candidate_2,candidate_5,candidate_4,5,0.028000000000000004
84,0,candidate_1,candidate_2,candidate_5,candidate_4,5,0.028000000000000004
85,candidate_3,candidate_1,candidate_2,candidate_5,candidate_4,5,0.028000000000000004
86,candidate_3,candidate_1,candidate_2,candidate_5,candidate_4,5,0.028000000000000004
87,candidate_3,candidate_1,candidate_2,candidate_5,candidate_4,5,0.028000000000000004
88,candidate_3,candidate_1,candidate_2,candidate_5,candidate_4,5,0.028000000000000004
89,candidate_3,candidate_1,candidate_2,candidate_5,candidate_4,5,0.028000000000000004
90,candidate_3,candidate_1,candidate_2,candidate_5,candidate_4,5,0.028000000000000004
91,candidate_3,candidate_1,candidate_2,candidate_5,candidate_4,5,0.028000000000000004
92,candidate_3,candidate_1,candidate_2,candidate_5,candidate_4,5,0.028000000000000004
93,candidate_3,candidate_1,candidate_2,candidate_5,candidate_4,5,0.028000000000000004
94,candidate_3,candidate_1,candidate_2,candidate_5,candidate_4,5,0.028000000000000004
95,candidate_3,candidate_1,candidate_2,candidate_5,candidate_4,5,0.028000000000000004
96,candidate_3,candidate_1,candidate_2,candidate_5,candidate_4,5,0.028000000000000004
97,candidate_3,candidate_1,candidate_2,candidate_5,candidate_4,5,0.028000000000000004
98,candidate_3,candidate_1,candidate_2,candidate_5,candidate_4,5,0.028000000000000004
99,candidate_3,candidate_1,candidate_2,candidate_5,candidate_4,5,0.028000000000000004
100,candidate_3,candidate_1,candidate_2,candidate_5,candidate_4,5,0.028000000000000004
101,candidate_3,candidate_1,candidate_2,candidate_5,candidate_4,5,0.028000000000000004
102,candidate_3,candidate_1,candidate_2,candidate_5,candidate_4,5,0.028000000000000004
103,candidate_3,candidate_1,candidate_2,candidate_5,candidate_4,5,0.028000000000000004
104,candidate_3,candidate_1,candidate_2,candidate_5,candidate_4,5,0.028000000000000004
105,candidate_3,candidate_1,candidate_2,candidate_5,candidate_4,5,0.028000000000000004
106,candidate_3,candidate_1,candidate_2,candidate_5,candidate_4,5,0.028000000000000004
107,candidate_3,candidate_1,candidate_2,candidate_5,candidate_4,5,0.028000000000000004
108,candidate_3,candidate_1,0,candidate_5,candidate_4,5,0.028000000000000004
109,candidate_3,candidate_1,candidate_2,candidate_5,candidate_4,5,0.028000000000000004
110,candidate_3,candidate_1,candidate_2,candidate_5,candidate_4,5,0.028000000000000004
111,candidate_3,candidate_1,candidate_2,candidate_5,candidate_4,5,0.028000000000000004
112,candidate_3,candidate_1,candidate_2,candidate_5,candidate_4,5,0.028000000000000004
113,candidate_3,candidate_1,candidate_2,candidate_5,candidate_4,5,0.028000000000000004
114,candidate_3,candidate_1,candidate_2,candidate_5,candidate_4,5,0.028000000000000004
115,candidate_3,candidate_1,candidate_2,candidate_5,candidate_4,5,0.028000000000000004
116,candidate_3,candidate_1,candidate_2,candidate_5,candidate_4,5,0.028000000000000004
117,candidate_3,candidate_1,candidate_2,candidate_5,candidate_4,5,0.028000000000000004
118,candidate_3,candidate_1,candidate_2,candidate_5,candidate_4,5,0.028000000000000004
119,candidate_3,candidate_1,candidate_2,candidate_5,candidate_4,5,0.028000000000000004
120,candidate_3,candidate_1,candidate_2,candidate_5,candidate_4,5,0.028000000000000004
121,candidate_3,candidate_1,candidate_2,candidate_5,candidate_4,5,0.028000000000000004
122,candidate_3,candidate_1,candidate_2,candidate_5,candidate_4,5,0.028000000000000004
123,candidate_3,candidate_1,candidate_2,candidate_5,0,5,0.028000000000000004
124,candidate_3,candidate_1,candidate_2,candidate_5,candidate_4,5,0.028000000000000004
125,candidate_3,candidate_1,candidate_2,candidate_5,candidate_4,5,0.028000000000000004
126,candidate_3,candidate_1,candidate_2,candidate_5,candidate_4,5,0.028000000000000004
127,candidate_3,candidate_1,candidate_2,candidate_5,candidate_4,5,0.028000000000000004
128,candidate_3,candidate_1,candidate_2,candidate_5,candidate_4,5,0.028000000000000004
129,candidate_3,candidate_1,candidate_2,candidate_5,candidate_4,5,0.028000000000000004
130,candidate_3,candidate_1,candidate_2,candidate_5,candidate_4,5,0.028000000000000004
131,candidate_3,candidate_1,candidate_2,candidate_5,candidate_4,5,0.028000000000000004
132,candidate_3,candidate_1,candidate_2,candidate_5,candidate_4,5,0.028000000000000004
133,candidate_3,candidate_1,candidate_2,candidate_5,0,5,0.028000000000000004
134,candidate_3,candidate_1,candidate_2,candidate_5,candidate_4,5,0.028000000000000004
135,candidate_3,candidate_1,candidate_2,candidate_5,candidate_4,5,0.028000000000000004
136,candidate_3,candidate_1,candidate_2,candidate_5,candidate_4,5,0.028000000000000004
137,candidate_3,candidate_1,candidate_2,candidate_5,candidate_4,5,0.028000000000000004
138,candidate_3,candidate_1,candidate_2,candidate_5,candidate_4,5,0.028000000000000004
139,candidate_3,candidate_1,candidate_2,candidate_5,candidate_4,5,0.028000000000000004
140,candidate_3,candidate_1,candidate_2,candidate_5,candidate_4,5,0.028000000000000004
141,candidate_3,candidate_1,candidate_2,candidate_5,candidate_4,5,0.028000000000000004
142,candidate_3,candidate_1,candidate_2,candidate_5,candidate_4,5,0.028000000000000004
143,candidate_3,candidate_1,candidate_2,candidate_5,candidate_4,5,0.028000000000000004
144,candidate_3,candidate_1,candidate_2,candidate_5,candidate_4,5,0.028000000000000004
145,candidate_3,candidate_1,candidate_2,candidate_5,candidate_4,5,0.028000000000000004
146,candidate_3,candidate_1,candidate_2,candidate_5,candidate_4,5,0.028000000000000004
147,0,candidate_1,candidate_2,candidate_5,candidate_4,5,0.028000000000000004
148,candidate_3,candidate_1,candidate_2,candidate_5,candidate_4,5,0.028000000000000004
149,candidate_3,candidate_1,candidate_2,candidate_5,candidate_4,5,0.028000000000000004
150,0,candidate_1,candidate_2,candidate_5,candidate_4,5,0.028000000000000004
151,0,candidate_1,candidate_2,candidate_5,candidate_4,5,0.028000000000000004
152,candidate_3,candidate_1,candidate_2,candidate_5,candidate_4,5,0.028000000000000004
153,candidate_3,0,candidate_2,candidate_5,candidate_4,5,0.028000000000000004
154,candidate_3,candidate_1,candidate_2,candidate_5,candidate_4,5,0.028000000000000004
155,candidate_3,candidate_1,candidate_2,candidate_5,candidate_4,5,0.028000000000000004
156,candidate_3,candidate_1,candidate_2,candidate_5,candidate_4,5,0.028000000000000004
157,candidate_3,candidate_1,candidate_2,candidate_5,candidate_4,5,0.028000000000000004
158,candidate_3,candidate_1,candidate_2,candidate_5,candidate_4,5,0.028000000000000004
159,candidate_3,candidate_1,0,candidate_5,candidate_4,5,0.028000000000000004
160,candidate_3,candidate_1,candidate_2,candidate_5,candidate_4,5,0.028000000000000004
161,candidate_3,candidate_1,candidate_2,candidate_5,candidate_4,5,0.028000000000000004
162,candidate_3,candidate_1,candidate_2,candidate_5,candidate_4,5,0.028000000000000004
163,candidate_3,candidate_1,candidate_2,candidate_5,candidate_4,5,0.028000000000000004
164,candidate_3,candidate_1,candidate_2,0,candidate_4,5,0.028000000000000004
165,candidate_3,candidate_1,candidate_2,candidate_5,candidate_4,5,0.028000000000000004
166,candidate_3,candidate_1,candidate_2,candidate_5,candidate_4,5,0.028000000000000004
167,candidate_3,candidate_1,candidate_2,candidate_5,candidate_4,5,0.028000000000000004
168,candidate_3,candidate_1,candidate_2,candidate_5,candidate_4,5,0.028000000000000004
169,candidate_3,candidate_1,candidate_2,candidate_5,candidate_4,5,0.028000000000000004
170,candidate_3,candidate_1,candidate_2,candidate_5,candidate_4,5,0.028000000000000004
171,candidate_3,candidate_1,candidate_2,candidate_5,candidate_4,5,0.028000000000000004
172,candidate_3,candidate_1,candidate_2,candidate_5,candidate_4,5,0.028000000000000004
173,candidate_3,candidate_1,0,candidate_5,candidate_4,5,0.028000000000000004
174,candidate_3,candidate_1,candidate_2,candidate_5,candidate_4,5,0.028000000000000004
175,candidate_3,candidate_1,candidate_2,candidate_5,candidate_4,5,0.028000000000000004
176,0,candidate_1,candidate_2,candidate_5,candidate_4,5,0.028000000000000004
177,candidate_3,candidate_1,candidate_2,candidate_5,candidate_4,5,0.028000000000000004
178,candidate_3,candidate_1,candidate_2,candidate_5,candidate_4,5,0.028000000000000004
179,candidate_3,candidate_1,candidate_2,candidate_5,candidate_4,5,0.028000000000000004
180,candidate_3,candidate_1,candidate_2,candidate_5,candidate_4,5,0.028000000000000004
181,candidate_3,candidate_1,candidate_2,candidate_5,candidate_4,5,0.028000000000000004
182,0,candidate_1,candidate_2,candidate_5,candidate_4,5,0.028000000000000004
183,candidate_3,candidate_1,candidate_2,candidate_5,candidate_4,5,0.028000000000000004
184,0,candidate_1,candidate_2,candidate_5,candidate_4,5,0.028000000000000004
185,candidate_3,candidate_1,candidate_2,candidate_5,candidate_4,5,0.028000000000000004
186,candidate_3,candidate_1,candidate_2,candidate_5,candidate_4,5,0.028000000000000004
187,candidate_3,candidate_1,candidate_2,candidate_5,candidate_4,5,0.028000000000000004
188,candidate_3,candidate_1,candidate_2,candidate_5,candidate_4,5,0.028000000000000004
189,candidate_3,candidate_1,candidate_2,candidate_5,candidate_4,5,0.028000000000000004
190,candidate_3,candidate_1,candidate_2,candidate_5,candidate_4,5,0.028000000000000004
191,candidate_3,candidate_1,candidate_2,candidate_5,0,5,0.028000000000000004
192,candidate_3,candidate_1,candidate_2,candidate_5,candidate_4,5,0.028000000000000004
193,candidate_3,candidate_1,candidate_2,candidate_5,candidate_4,5,0.028000000000000004
194,candidate_3,candidate_1,candidate_2,candidate_5,candidate_4,5,0.028000000000000004
195,candidate_3,candidate_1,candidate_2,candidate_5,candidate_4,5,0.028000000000000004
196,candidate_3,candidate_1,candidate_2,candidate_5,candidate_4,5,0.028000000000000004
0,candidate_3,candidate_1,candidate_4,candidate_2,candidate_5,5,0.028000000000000004
1,candidate_3,candidate_1,candidate_4,candidate_2,candidate_5,5,0.028000000000000004
2,candidate_3,candidate_1,candidate_4,candidate_2,candidate_5,5,0.028000000000000004
3,candidate_3,candidate_1,candidate_4,candidate_2,candidate_5,5,0.028000000000000004
4,candidate_3,candidate_1,candidate_4,candidate_2,candidate_5,5,0.028000000000000004
5,candidate_3,candidate_1,candidate_4,candidate_2,candidate_5,5,0.028000000000000004
6,candidate_3,candidate_1,candidate_4,candidate_2,candidate_5,5,0.028000000000000004
7,candidate_3,candidate_1,candidate_4,candidate_2,candidate_5,5,0.028000000000000004
8,candidate_3,candidate_1,candidate_4,candidate_2,candidate_5,5,0.028000000000000004
9,candidate_3,candidate_1,candidate_4,candidate_2,candidate_5,5,0.028000000000000004
10,candidate_3,candidate_1,candidate_4,candidate_2,candidate_5,5,0.028000000000000004
11,candidate_3,candidate_1,candidate_4,candidate_2,candidate_5,5,0.028000000000000004
12,candidate_3,candidate_1,candidate_4,candidate_2,candidate_5,5,0.028000000000000004
13,candidate_3,candidate_1,candidate_4,candidate_2,candidate_5,5,0.028000000000000004
14,candidate_3,candidate_1,candidate_4,candidate_2,candidate_5,5,0.028000000000000004
15,candidate_3,candidate_1,candidate_4,candidate_2,candidate_5,5,0.028000000000000004
16,candidate_3,candidate_1,0,candidate_2,candidate_5,5,0.028000000000000004
17,candidate_3,candidate_1,candidate_4,candidate_2,candidate_5,5,0.028000000000000004
18,candidate_3,candidate_1,candidate_4,candidate_2,candidate_5,5,0.028000000000000004
19,candidate_3,candidate_1,candidate_4,candidate_2,candidate_5,5,0.028000000000000004
20,candidate_3,candidate_1,candidate_4,candidate_2,candidate_5,5,0.028000000000000004
21,candidate_3,candidate_1,candidate_4,candidate_2,0,5,0.028000000000000004
22,candidate_3,candidate_1,candidate_4,candidate_2,candidate_5,5,0.028000000000000004
23,candidate_3,candidate_1,candidate_4,candidate_2,0,5,0.028000000000000004
24,candidate_3,candidate_1,candidate_4,candidate_2,candidate_5,5,0.028000000000000004
25,candidate_3,candidate_1,candidate_4,candidate_2,candidate_5,5,0.028000000000000004
26,candidate_3,candidate_1,candidate_4,candidate_2,candidate_5,5,0.028000000000000004
27,candidate_3,candidate_1,candidate_4,candidate_2,candidate_5,5,0.028000000000000004
28,candidate_3,candidate_1,candidate_4,candidate_2,candidate_5,5,0.028000000000000004
29,candidate_3,candidate_1,candidate_4,candidate_2,candidate_5,5,0.028000000000000004
30,candidate_3,candidate_1,candidate_4,candidate_2,candidate_5,5,0.028000000000000004
31,candidate_3,candidate_1,candidate_4,candidate_2,candidate_5,5,0.028000000000000004
32,candidate_3,candidate_1,candidate_4,candidate_2,candidate_5,5,0.028000000000000004
33,candidate_3,candidate_1,candidate_4,candidate_2,candidate_5,5,0.028000000000000004
34,candidate_3,candidate_1,candidate_4,candidate_2,candidate_5,5,0.028000000000000004
35,candidate_3,candidate_1,candidate_4,candidate_2,candidate_5,5,0.028000000000000004
36,candidate_3,candidate_1,candidate_4,candidate_2,candidate_5,5,0.028000000000000004
37,candidate_3,candidate_1,candidate_4,candidate_2,0,5,0.028000000000000004
38,candidate_3,candidate_1,candidate_4,candidate_2,candidate_5,5,0.028000000000000004
39,candidate_3,candidate_1,candidate_4,candidate_2,candidate_5,5,0.028000000000000004
40,candidate_3,candidate_1,candidate_4,candidate_2,candidate_5,5,0.028000000000000004
41,candidate_3,candidate_1,candidate_4,candidate_2,candidate_5,5,0.028000000000000004
42,candidate_3,candidate_1,candidate_4,candidate_2,candidate_5,5,0.028000000000000004
43,candidate_3,candidate_1,candidate_4,candidate_2,candidate_5,5,0.028000000000000004
44,candidate_3,candidate_1,candidate_4,candidate_2,candidate_5,5,0.028000000000000004
45,candidate_3,candidate_1,candidate_4,candidate_2,candidate_5,5,0.028000000000000004
46,candidate_3,candidate_1,candidate_4,candidate_2,candidate_5,5,0.028000000000000004
47,candidate_3,candidate_1,candidate_4,candidate_2,candidate_5,5,0.028000000000000004
48,candidate_3,candidate_1,candidate_4,candidate_2,candidate_5,5,0.028000000000000004
49,candidate_3,candidate_1,candidate_4,candidate_2,candidate_5,5,0.028000000000000004
50,candidate_3,candidate_1,candidate_4,candidate_2,candidate_5,5,0.028000000000000004
51,candidate_3,candidate_1,candidate_4,candidate_2,0,5,0.028000000000000004
52,candidate_3,candidate_1,candidate_4,candidate_2,candidate_5,5,0.028000000000000004
53,candidate_3,candidate_1,candidate_4,candidate_2,0,5,0.028000000000000004
54,candidate_3,candidate_1,candidate_4,candidate_2,candidate_5,5,0.028000000000000004
55,candidate_3,candidate_1,candidate_4,candidate_2,candidate_5,5,0.028000000000000004
56,candidate_3,candidate_1,candidate_4,candidate_2,candidate_5,5,0.028000000000000004
57,candidate_3,candidate_1,candidate_4,0,candidate_5,5,0.028000000000000004
58,candidate_3,candidate_1,candidate_4,candidate_2,candidate_5,5,0.028000000000000004
59,candidate_3,candidate_1,candidate_4,candidate_2,candidate_5,5,0.028000000000000004
60,candidate_3,candidate_1,candidate_4,candidate_2,candidate_5,5,0.028000000000000004
61,candidate_3,candidate_1,candidate_4,candidate_2,candidate_5,5,0.028000000000000004
62,candidate_3,candidate_1,candidate_4,candidate_2,candidate_5,5,0.028000000000000004
63,candidate_3,candidate_1,candidate_4,candidate_2,candidate_5,5,0.028000000000000004
64,candidate_3,candidate_1,candidate_4,candidate_2,candidate_5,5,0.028000000000000004
65,candidate_3,candidate_1,candidate_4,candidate_2,candidate_5,5,0.028000000000000004
66,candidate_3,candidate_1,candidate_4,candidate_2,candidate_5,5,0.028000000000000004
67,candidate_3,candidate_1,candidate_4,candidate_2,candidate_5,5,0.028000000000000004
68,candidate_3,candidate_1,candidate_4,0,candidate_5,5,0.028000000000000004
69,candidate_3,candidate_1,candidate_4,candidate_2,candidate_5,5,0.028000000000000004
70,candidate_3,candidate_1,candidate_4,candidate_2,candidate_5,5,0.028000000000000004
71,candidate_3,candidate_1,candidate_4,candidate_2,candidate_5,5,0.028000000000000004
72,candidate_3,candidate_1,candidate_4,candidate_2,candidate_5,5,0.028000000000000004
73,candidate_3,candidate_1,0,candidate_2,candidate_5,5,0.028000000000000004
74,candidate_3,candidate_1,candidate_4,candidate_2,candidate_5,5,0.028000000000000004
75,candidate_3,candidate_1,candidate_4,candidate_2,candidate_5,5,0.028000000000000004
76,candidate_3,candidate_1,candidate_4,candidate_2,candidate_5,5,0.028000000000000004
77,candidate_3,candidate_1,candidate_4,candidate_2,candidate_5,5,0.028000000000000004
78,candidate_3,candidate_1,candidate_4,candidate_2,candidate_5,5,0.028000000000000004
79,candidate_3,candidate_1,candidate_4,candidate_2,candidate_5,5,0.028000000000000004
80,candidate_3,candidate_1,0,candidate_2,candidate_5,5,0.028000000000000004
81,candidate_3,candidate_1,candidate_4,candidate_2,0,5,0.028000000000000004
82,candidate_3,candidate_1,candidate_4,candidate_2,candidate_5,5,0.028000000000000004
83,candidate_3,candidate_1,candidate_4,candidate_2,candidate_5,5,0.028000000000000004
84,candidate_3,candidate_1,candidate_4,candidate_2,candidate_5,5,0.028000000000000004
85,candidate_3,candidate_1,candidate_4,candidate_2,candidate_5,5,0.028000000000000004
86,candidate_3,candidate_1,candidate_4,candidate_2,candidate_5,5,0.028000000000000004
87,candidate_3,0,candidate_4,candidate_2,candidate_5,5,0.028000000000000004
88,candidate_3,candidate_1,candidate_4,candidate_2,candidate_5,5,0.028000000000000004
89,candidate_3,candidate_1,candidate_4,candidate_2,candidate_5,5,0.028000000000000004
90,candidate_3,candidate_1,candidate_4,candidate_2,candidate_5,5,0.028000000000000004
91,candidate_3,candidate_1,candidate_4,candidate_2,candidate_5,5,0.028000000000000004
92,candidate_3,candidate_1,candidate_4,candidate_2,candidate_5,5,0.028000000000000004
93,candidate_3,candidate_1,candidate_4,0,candidate_5,5,0.028000000000000004
94,candidate_3,candidate_1,candidate_4,candidate_2,candidate_5,5,0.028000000000000004
95,candidate_3,candidate_1,candidate_4,candidate_2,candidate_5,5,0.028000000000000004
96,candidate_3,candidate_1,candidate_4,candidate_2,candidate_5,5,0.028000000000000004
97,candidate_3,candidate_1,candidate_4,candidate_2,candidate_5,5,0.028000000000000004
98,candidate_3,candidate_1,candidate_4,candidate_2,candidate_5,5,0.028000000000000004
99,candidate_3,candidate_1,candidate_4,candidate_2,candidate_5,5,0.028000000000000004
100,candidate_3,candidate_1,candidate_4,candidate_2,candidate_5,5,0.028000000000000004
101,candidate_3,candidate_1,candidate_4,candidate_2,candidate_5,5,0.028000000000000004
102,candidate_3,candidate_1,candidate_4,candidate_2,candidate_5,5,0.028000000000000004
103,candidate_3,candidate_1,candidate_4,candidate_2,candidate_5,5,0.028000000000000004
104,candidate_3,candidate_1,candidate_4,candidate_2,candidate_5,5,0.028000000000000004
105,candidate_3,candidate_1,candidate_4,candidate_2,candidate_5,5,0.028000000000000004
106,candidate_3,candidate_1,candidate_4,candidate_2,candidate_5,5,0.028000000000000004
107,candidate_3,candidate_1,candidate_4,candidate_2,candidate_5,5,0.028000000000000004
108,candidate_3,candidate_1,candidate_4,candidate_2,candidate_5,5,0.028000000000000004
109,candidate_3,candidate_1,candidate_4,candidate_2,candidate_5,5,0.028000000000000004
110,0,candidate_1,candidate_4,candidate_2,candidate_5,5,0.028000000000000004
111,candidate_3,candidate_1,candidate_4,candidate_2,candidate_5,5,0.028000000000000004
112,candidate_3,0,candidate_4,candidate_2,candidate_5,5,0.028000000000000004
113,candidate_3,candidate_1,candidate_4,candidate_2,candidate_5,5,0.028000000000000004
114,candidate_3,candidate_1,candidate_4,candidate_2,candidate_5,5,0.028000000000000004
115,candidate_3,candidate_1,candidate_4,candidate_2,candidate_5,5,0.028000000000000004
116,0,candidate_1,candidate_4,candidate_2,candidate_5,5,0.028000000000000004
117,candidate_3,candidate_1,candidate_4,candidate_2,candidate_5,5,0.028000000000000004
118,candidate_3,candidate_1,candidate_4,candidate_2,candidate_5,5,0.028000000000000004
119,candidate_3,candidate_1,candidate_4,candidate_2,candidate_5,5,0.028000000000000004
120,candidate_3,candidate_1,candidate_4,candidate_2,candidate_5,5,0.028000000000000004
121,candidate_3,candidate_1,candidate_4,candidate_2,candidate_5,5,0.028000000000000004
122,candidate_3,candidate_1,candidate_4,candidate_2,candidate_5,5,0.028000000000000004
123,candidate_3,candidate_1,candidate_4,candidate_2,candidate_5,5,0.028000000000000004
124,candidate_3,candidate_1,candidate_4,candidate_2,0,5,0.028000000000000004
125,candidate_3,candidate_1,candidate_4,candidate_2,candidate_5,5,0.028000000000000004
126,candidate_3,candidate_1,candidate_4,candidate_2,candidate_5,5,0.028000000000000004
127,candidate_3,candidate_1,candidate_4,candidate_2,candidate_5,5,0.028000000000000004
128,candidate_3,candidate_1,candidate_4,candidate_2,candidate_5,5,0.028000000000000004
129,candidate_3,candidate_1,candidate_4,candidate_2,candidate_5,5,0.028000000000000004
130,candidate_3,candidate_1,candidate_4,0,candidate_5,5,0.028000000000000004
131,candidate_3,candidate_1,candidate_4,candidate_2,candidate_5,5,0.028000000000000004
132,candidate_3,candidate_1,candidate_4,candidate_2,candidate_5,5,0.028000000000000004
133,candidate_3,candidate_1,candidate_4,candidate_2,candidate_5,5,0.028000000000000004
134,candidate_3,candidate_1,candidate_4,candidate_2,candidate_5,5,0.028000000000000004
135,candidate_3,candidate_1,candidate_4,candidate_2,candidate_5,5,0.028000000000000004
136,candidate_3,candidate_1,candidate_4,candidate_2,candidate_5,5,0.028000000000000004
137,candidate_3,candidate_1,candidate_4,candidate_2,0,5,0.028000000000000004
138,candidate_3,candidate_1,candidate_4,candidate_2,candidate_5,5,0.028000000000000004
139,candidate_3,candidate_1,candidate_4,candidate_2,candidate_5,5,0.028000000000000004
140,candidate_3,candidate_1,candidate_4,candidate_2,candidate_5,5,0.028000000000000004
141,candidate_3,candidate_1,candidate_4,candidate_2,candidate_5,5,0.028000000000000004
142,candidate_3,candidate_1,candidate_4,candidate_2,candidate_5,5,0.028000000000000004
143,candidate_3,candidate_1,candidate_4,candidate_2,candidate_5,5,0.028000000000000004
144,candidate_3,candidate_1,candidate_4,candidate_2,candidate_5,5,0.028000000000000004
145,candidate_3,candidate_1,candidate_4,candidate_2,candidate_5,5,0.028000000000000004
146,candidate_3,candidate_1,candidate_4,0,candidate_5,5,0.028000000000000004
147,candidate_3,candidate_1,candidate_4,candidate_2,candidate_5,5,0.028000000000000004
148,candidate_3,candidate_1,candidate_4,candidate_2,candidate_5,5,0.028000000000000004
149,candidate_3,candidate_1,candidate_4,candidate_2,candidate_5,5,0.028000000000000004
150,candidate_3,candidate_1,candidate_4,candidate_2,candidate_5,5,0.028000000000000004
151,candidate_3,candidate_1,candidate_4,candidate_2,candidate_5,5,0.028000000000000004
152,candidate_3,candidate_1,candidate_4,candidate_2,candidate_5,5,0.028000000000000004
153,candidate_3,candidate_1,candidate_4,candidate_2,candidate_5,5,0.028000000000000004
154,candidate_3,candidate_1,candidate_4,candidate_2,candidate_5,5,0.028000000000000004
155,candidate_3,candidate_1,candidate_4,candidate_2,0,5,0.028000000000000004
156,candidate_3,candidate_1,candidate_4,0,0,5,0.028000000000000004
157,candidate_3,candidate_1,candidate_4,candidate_2,candidate_5,5,0.028000000000000004
158,candidate_3,candidate_1,candidate_4,candidate_2,candidate_5,5,0.028000000000000004
159,candidate_3,candidate_1,candidate_4,candidate_2,candidate_5,5,0.028000000000000004
160,candidate_3,candidate_1,candidate_4,candidate_2,candidate_5,5,0.028000000000000004
161,candidate_3,candidate_1,candidate_4,candidate_2,candidate_5,5,0.028000000000000004
162,candidate_3,candidate_1,candidate_4,candidate_2,candidate_5,5,0.028000000000000004
163,candidate_3,candidate_1,candidate_4,candidate_2,candidate_5,5,0.028000000000000004
164,candidate_3,candidate_1,candidate_4,candidate_2,candidate_5,5,0.028000000000000004
165,candidate_3,candidate_1,candidate_4,candidate_2,candidate_5,5,0.028000000000000004
166,candidate_3,candidate_1,candidate_4,candidate_2,candidate_5,5,0.028000000000000004
167,candidate_3,0,candidate_4,candidate_2,candidate_5,5,0.028000000000000004
168,candidate_3,candidate_1,candidate_4,candidate_2,candidate_5,5,0.028000000000000004
169,candidate_3,candidate_1,candidate_4,candidate_2,candidate_5,5,0.028000000000000004
170,candidate_3,candidate_1,candidate_4,candidate_2,candidate_5,5,0.028000000000000004
171,candidate_3,candidate_1,candidate_4,candidate_2,candidate_5,5,0.028000000000000004
172,candidate_3,candidate_1,candidate_4,candidate_2,candidate_5,5,0.028000000000000004
173,candidate_3,candidate_1,candidate_4,candidate_2,candidate_5,5,0.028000000000000004
174,candidate_3,candidate_1,0,candidate_2,candidate_5,5,0.028000000000000004
175,candidate_3,candidate_1,candidate_4,candidate_2,candidate_5,5,0.028000000000000004
176,candidate_3,candidate_1,candidate_4,candidate_2,candidate_5,5,0.028000000000000004
177,candidate_3,candidate_1,candidate_4,candidate_2,candidate_5,5,0.028000000000000004
178,candidate_3,candidate_1,candidate_4,0,candidate_5,5,0.028000000000000004
179,candidate_3,candidate_1,candidate_4,candidate_2,candidate_5,5,0.028000000000000004
180,candidate_3,candidate_1,candidate_4,candidate_2,candidate_5,5,0.028000000000000004
181,candidate_3,candidate_1,candidate_4,candidate_2,candidate_5,5,0.028000000000000004
182,candidate_3,candidate_1,candidate_4,candidate_2,candidate_5,5,0.028000000000000004
183,candidate_3,candidate_1,candidate_4,candidate_2,candidate_5,5,0.028000000000000004
184,candidate_3,candidate_1,0,candidate_2,candidate_5,5,0.028000000000000004
185,candidate_3,candidate_1,candidate_4,candidate_2,candidate_5,5,0.028000000000000004
186,candidate_3,candidate_1,candidate_4,candidate_2,candidate_5,5,0.028000000000000004
187,candidate_3,candidate_1,candidate_4,candidate_2,candidate_5,5,0.028000000000000004
188,candidate_3,candidate_1,candidate_4,candidate_2,candidate_5,5,0.028000000000000004
189,candidate_3,candidate_1,candidate_4,candidate_2,candidate_5,5,0.028000000000000004
190,candidate_3,candidate_1,candidate_4,candidate_2,candidate_5,5,0.028000000000000004
191,candidate_3,candidate_1,candidate_4,candidate_2,candidate_5,5,0.028000000000000004
192,candidate_3,candidate_1,candidate_4,candidate_2,candidate_5,5,0.028000000000000004
193,candidate_3,candidate_1,candidate_4,candidate_2,candidate_5,5,0.028000000000000004
194,candidate_3,candidate_1,candidate_4,candidate_2,candidate_5,5,0.028000000000000004
195,candidate_3,candidate_1,candidate_4,candidate_2,candidate_5,5,0.028000000000000004
196,candidate_3,candidate_1,candidate_4,candidate_2,candidate_5,5,0.028000000000000004
197,candidate_3,candidate_1,candidate_4,candidate_2,candidate_5,5,0.028000000000000004
198,candidate_3,candidate_1,candidate_4,candidate_2,candidate_5,5,0.028000000000000004
199,candidate_3,candidate_1,candidate_4,candidate_2,candidate_5,5,0.028000000000000004
200,candidate_3,0,candidate_4,candidate_2,0,5,0.028000000000000004
201,candidate_3,candidate_1,candidate_4,candidate_2,candidate_5,5,0.028000000000000004
202,candidate_3,candidate_1,candidate_4,candidate_2,candidate_5,5,0.028000000000000004
203,candidate_3,candidate_1,candidate_4,candidate_2,candidate_5,5,0.028000000000000004
204,candidate_3,candidate_1,candidate_4,candidate_2,candidate_5,5,0.028000000000000004
205,candidate_3,candidate_1,candidate_4,candidate_2,candidate_5,5,0.028000000000000004
206,candidate_3,candidate_1,candidate_4,candidate_2,candidate_5,5,0.028000000000000004
207,candidate_3,candidate_1,candidate_4,0,candidate_5,5,0.028000000000000004
208,candidate_3,candidate_1,candidate_4,candidate_2,candidate_5,5,0.028000000000000004
209,candidate_3,candidate_1,candidate_4,candidate_2,candidate_5,5,0.028000000000000004
210,0,candidate_1,candidate_4,candidate_2,candidate_5,5,0.028000000000000004
211,candidate_3,candidate_1,candidate_4,candidate_2,candidate_5,5,0.028000000000000004
212,candidate_3,candidate_1,candidate_4,candidate_2,candidate_5,5,0.028000000000000004
213,candidate_3,candidate_1,candidate_4,candidate_2,candidate_5,5,0.028000000000000004
214,candidate_3,candidate_1,candidate_4,candidate_2,candidate_5,5,0.028000000000000004
215,candidate_3,candidate_1,candidate_4,candidate_2,candidate_5,5,0.028000000000000004
216,candidate_3,candidate_1,candidate_4,candidate_2,candidate_5,5,0.028000000000000004
217,candidate_3,candidate_1,candidate_4,candidate_2,candidate_5,5,0.028000000000000004
218,candidate_3,candidate_1,candidate_4,candidate_2,0,5,0.028000000000000004
219,candidate_3,candidate_1,candidate_4,candidate_2,candidate_5,5,0.028000000000000004
220,candidate_3,candidate_1,candidate_4,candidate_2,candidate_5,5,0.028000000000000004
221,candidate_3,candidate_1,candidate_4,candidate_2,candidate_5,5,0.028000000000000004
222,candidate_3,candidate_1,candidate_4,candidate_2,candidate_5,5,0.028000000000000004
223,candidate_3,candidate_1,candidate_4,candidate_2,candidate_5,5,0.028000000000000004
224,candidate_3,candidate_1,candidate_4,candidate_2,candidate_5,5,0.028000000000000004
225,candidate_3,candidate_1,candidate_4,candidate_2,candidate_5,5,0.028000000000000004
226,candidate_3,candidate_1,candidate_4,candidate_2,candidate_5,5,0.028000000000000004
227,candidate_3,candidate_1,candidate_4,candidate_2,candidate_5,5,0.028000000000000004
228,candidate_3,candidate_1,candidate_4,candidate_2,candidate_5,5,0.028000000000000004
229,candidate_3,candidate_1,candidate_4,candidate_2,candidate_5,5,0.028000000000000004
230,candidate_3,candidate_1,candidate_4,candidate_2,candidate_5,5,0.028000000000000004
231,candidate_3,candidate_1,candidate_4,candidate_2,candidate_5,5,0.028000000000000004
232,candidate_3,candidate_1,candidate_4,candidate_2,candidate_5,5,0.028000000000000004
233,candidate_3,candidate_1,candidate_4,candidate_2,candidate_5,5,0.028000000000000004
234,candidate_3,candidate_1,candidate_4,candidate_2,candidate_5,5,0.028000000000000004
235,candidate_3,candidate_1,candidate_4,candidate_2,candidate_5,5,0.028000000000000004
236,candidate_3,candidate_1,candidate_4,candidate_2,candidate_5,5,0.028000000000000004
237,candidate_3,candidate_1,candidate_4,candidate_2,candidate_5,5,0.028000000000000004
238,candidate_3,candidate_1,candidate_4,candidate_2,candidate_5,5,0.028000000000000004
239,candidate_3,candidate_1,candidate_4,candidate_2,candidate_5,5,0.028000000000000004
240,candidate_3,candidate_1,candidate_4,candidate_2,candidate_5,5,0.028000000000000004
241,candidate_3,candidate_1,candidate_4,candidate_2,candidate_5,5,0.028000000000000004
242,candidate_3,candidate_1,candidate_4,candidate_2,candidate_5,5,0.028000000000000004
243,candidate_3,candidate_1,candidate_4,0,candidate_5,5,0.028000000000000004
244,candidate_3,candidate_1,candidate_4,candidate_2,candidate_5,5,0.028000000000000004
245,candidate_3,candidate_1,candidate_4,candidate_2,candidate_5,5,0.028000000000000004
246,candidate_3,candidate_1,candidate_4,candidate_2,candidate_5,5,0.028000000000000004
247,candidate_3,candidate_1,candidate_4,candidate_2,candidate_5,5,0.028000000000000004
248,candidate_3,candidate_1,candidate_4,candidate_2,candidate_5,5,0.028000000000000004
249,candidate_3,candidate_1,candidate_4,candidate_2,candidate_5,5,0.028000000000000004
250,candidate_3,candidate_1,candidate_4,candidate_2,candidate_5,5,0.028000000000000004
251,candidate_3,candidate_1,candidate_4,candidate_2,candidate_5,5,0.028000000000000004
252,candidate_3,candidate_1,candidate_4,candidate_2,0,5,0.028000000000000004
253,candidate_3,candidate_1,candidate_4,0,candidate_5,5,0.028000000000000004
254,candidate_3,candidate_1,candidate_4,candidate_2,candidate_5,5,0.028000000000000004
255,candidate_3,candidate_1,candidate_4,candidate_2,candidate_5,5,0.028000000000000004
256,candidate_3,candidate_1,candidate_4,candidate_2,candidate_5,5,0.028000000000000004
257,candidate_3,candidate_1,candidate_4,candidate_2,candidate_5,5,0.028000000000000004
258,candidate_3,candidate_1,candidate_4,candidate_2,candidate_5,5,0.028000000000000004
259,candidate_3,candidate_1,candidate_4,candidate_2,candidate_5,5,0.028000000000000004
260,candidate_3,candidate_1,candidate_4,candidate_2,0,5,0.028000000000000004
261,candidate_3,candidate_1,candidate_4,candidate_2,candidate_5,5,0.028000000000000004
262,candidate_3,candidate_1,candidate_4,candidate_2,0,5,0.028000000000000004
263,candidate_3,candidate_1,candidate_4,candidate_2,0,5,0.028000000000000004
264,candidate_3,candidate_1,candidate_4,candidate_2,candidate_5,5,0.028000000000000004
265,candidate_3,candidate_1,candidate_4,candidate_2,candidate_5,5,0.028000000000000004
266,candidate_3,candidate_1,candidate_4,0,candidate_5,5,0.028000000000000004
267,candidate_3,candidate_1,candidate_4,candidate_2,candidate_5,5,0.028000000000000004
268,candidate_3,candidate_1,candidate_4,candidate_2,candidate_5,5,0.028000000000000004
269,candidate_3,candidate_1,candidate_4,candidate_2,candidate_5,5,0.028000000000000004
270,candidate_3,candidate_1,candidate_4,candidate_2,candidate_5,5,0.028000000000000004
271,candidate_3,candidate_1,0,candidate_2,candidate_5,5,0.028000000000000004
272,candidate_3,candidate_1,candidate_4,candidate_2,candidate_5,5,0.028000000000000004
273,candidate_3,candidate_1,candidate_4,candidate_2,candidate_5,5,0.028000000000000004
274,candidate_3,candidate_1,candidate_4,candidate_2,candidate_5,5,0.028000000000000004
275,candidate_3,candidate_1,candidate_4,candidate_2,candidate_5,5,0.028000000000000004
276,candidate_3,candidate_1,candidate_4,candidate_2,candidate_5,5,0.028000000000000004
277,candidate_3,0,candidate_4,candidate_2,candidate_5,5,0.028000000000000004
278,candidate_3,candidate_1,candidate_4,candidate_2,candidate_5,5,0.028000000000000004
279,candidate_3,candidate_1,0,candidate_2,candidate_5,5,0.028000000000000004
280,candidate_3,candidate_1,candidate_4,candidate_2,candidate_5,5,0.028000000000000004
281,candidate_3,candidate_1,0,candidate_2,candidate_5,5,0.028000000000000004
282,candidate_3,candidate_1,candidate_4,candidate_2,candidate_5,5,0.028000000000000004
283,candidate_3,candidate_1,candidate_4,candidate_2,candidate_5,5,0.028000000000000004
284,candidate_3,candidate_1,candidate_4,candidate_2,candidate_5,5,0.028000000000000004
285,candidate_3,candidate_1,candidate_4,candidate_2,candidate_5,5,0.028000000000000004
286,candidate_3,candidate_1,candidate_4,candidate_2,candidate_5,5,0.028000000000000004
287,0,candidate_1,candidate_4,candidate_2,candidate_5,5,0.028000000000000004
288,candidate_3,candidate_1,candidate_4,candidate_2,candidate_5,5,0.028000000000000004
289,candidate_3,candidate_1,candidate_4,candidate_2,candidate_5,5,0.028000000000000004
290,candidate_3,candidate_1,candidate_4,candidate_2,candidate_5,5,0.028000000000000004
291,candidate_3,candidate_1,candidate_4,candidate_2,candidate_5,5,0.028000000000000004
292,candidate_3,candidate_1,candidate_4,candidate_2,candidate_5,5,0.028000000000000004
293,candidate_3,candidate_1,candidate_4,candidate_2,candidate_5,5,0.028000000000000004
294,candidate_3,candidate_1,candidate_4,candidate_2,candidate_5,5,0.028000000000000004
295,candidate_3,candidate_1,candidate_4,candidate_2,candidate_5,5,0.028000000000000004
296,candidate_3,candidate_1,candidate_4,candidate_2,candidate_5,5,0.028000000000000004
297,0,candidate_1,candidate_4,candidate_2,candidate_5,5,0.028000000000000004
298,candidate_3,candidate_1,0,candidate_2,candidate_5,5,0.028000000000000004
299,candidate_3,candidate_1,candidate_4,0,candidate_5,5,0.028000000000000004
300,candidate_3,candidate_1,candidate_4,candidate_2,candidate_5,5,0.028000000000000004
301,candidate_3,candidate_1,candidate_4,candidate_2,candidate_5,5,0.028000000000000004
302,candidate_3,candidate_1,candidate_4,candidate_2,candidate_5,5,0.028000000000000004
303,candidate_3,candidate_1,candidate_4,candidate_2,candidate_5,5,0.028000000000000004
304,candidate_3,candidate_1,candidate_4,candidate_2,candidate_5,5,0.028000000000000004
305,candidate_3,candidate_1,candidate_4,candidate_2,candidate_5,5,0.028000000000000004
306,candidate_3,candidate_1,candidate_4,candidate_2,candidate_5,5,0.028000000000000004
307,candidate_3,candidate_1,candidate_4,candidate_2,candidate_5,5,0.028000000000000004
308,candidate_3,candidate_1,candidate_4,candidate_2,candidate_5,5,0.028000000000000004
309,candidate_3,candidate_1,candidate_4,candidate_2,candidate_5,5,0.028000000000000004
310,candidate_3,candidate_1,candidate_4,candidate_2,candidate_5,5,0.028000000000000004
311,candidate_3,candidate_1,candidate_4,candidate_2,candidate_5,5,0.028000000000000004
312,candidate_3,candidate_1,candidate_4,candidate_2,candidate_5,5,0.028000000000000004
313,candidate_3,candidate_1,candidate_4,candidate_2,candidate_5,5,0.028000000000000004
314,candidate_3,candidate_1,candidate_4,candidate_2,candidate_5,5,0.028000000000000004
315,candidate_3,candidate_1,candidate_4,candidate_2,candidate_5,5,0.028000000000000004
316,candidate_3,candidate_1,candidate_4,candidate_2,candidate_5,5,0.028000000000000004
317,candidate_3,candidate_1,candidate_4,candidate_2,candidate_5,5,0.028000000000000004
318,candidate_3,candidate_1,candidate_4,candidate_2,candidate_5,5,0.028000000000000004
319,candidate_3,0,candidate_4,candidate_2,candidate_5,5,0.028000000000000004
320,candidate_3,candidate_1,candidate_4,candidate_2,candidate_5,5,0.028000000000000004
321,candidate_3,candidate_1,candidate_4,0,candidate_5,5,0.028000000000000004
322,candidate_3,candidate_1,candidate_4,candidate_2,candidate_5,5,0.028000000000000004
323,candidate_3,candidate_1,candidate_4,candidate_2,0,5,0.028000000000000004
324,candidate_3,candidate_1,candidate_4,candidate_2,candidate_5,5,0.028000000000000004
325,candidate_3,candidate_1,candidate_4,candidate_2,candidate_5,5,0.028000000000000004
326,candidate_3,candidate_1,candidate_4,candidate_2,candidate_5,5,0.028000000000000004
327,candidate_3,candidate_1,candidate_4,candidate_2,candidate_5,5,0.028000000000000004
328,candidate_3,candidate_1,candidate_4,candidate_2,candidate_5,5,0.028000000000000004
329,candidate_3,candidate_1,candidate_4,candidate_2,candidate_5,5,0.028000000000000004
330,candidate_3,candidate_1,candidate_4,candidate_2,candidate_5,5,0.028000000000000004
331,candidate_3,candidate_1,candidate_4,candidate_2,candidate_5,5,0.028000000000000004
332,candidate_3,candidate_1,candidate_4,candidate_2,candidate_5,5,0.028000000000000004
333,candidate_3,candidate_1,candidate_4,candidate_2,candidate_5,5,0.028000000000000004
334,candidate_3,candidate_1,candidate_4,candidate_2,candidate_5,5,0.028000000000000004
335,candidate_3,candidate_1,candidate_4,candidate_2,candidate_5,5,0.028000000000000004
336,candidate_3,candidate_1,candidate_4,candidate_2,candidate_5,5,0.028000000000000004
337,candidate_3,candidate_1,candidate_4,candidate_2,candidate_5,5,0.028000000000000004
338,candidate_3,candidate_1,candidate_4,candidate_2,candidate_5,5,0.028000000000000004
339,candidate_3,candidate_1,candidate_4,candidate_2,candidate_5,5,0.028000000000000004
340,candidate_3,candidate_1,candidate_4,candidate_2,candidate_5,5,0.028000000000000004
341,candidate_3,candidate_1,candidate_4,candidate_2,candidate_5,5,0.028000000000000004
342,candidate_3,candidate_1,candidate_4,candidate_2,candidate_5,5,0.028000000000000004
343,candidate_3,candidate_1,candidate_4,candidate_2,candidate_5,5,0.028000000000000004
344,candidate_3,candidate_1,candidate_4,0,candidate_5,5,0.028000000000000004
345,candidate_3,candidate_1,candidate_4,candidate_2,candidate_5,5,0.028000000000000004
346,candidate_3,candidate_1,candidate_4,candidate_2,candidate_5,5,0.028000000000000004
347,candidate_3,candidate_1,0,candidate_2,candidate_5,5,0.028000000000000004
348,0,candidate_1,candidate_4,candidate_2,candidate_5,5,0.028000000000000004
349,candidate_3,candidate_1,candidate_4,candidate_2,candidate_5,5,0.028000000000000004
350,candidate_3,candidate_1,candidate_4,candidate_2,candidate_5,5,0.028000000000000004
351,candidate_3,candidate_1,candidate_4,candidate_2,candidate_5,5,0.028000000000000004
352,candidate_3,candidate_1,candidate_4,candidate_2,candidate_5,5,0.028000000000000004
353,candidate_3,candidate_1,0,candidate_2,candidate_5,5,0.028000000000000004
354,candidate_3,candidate_1,candidate_4,candidate_2,candidate_5,5,0.028000000000000004
355,candidate_3,candidate_1,candidate_4,candidate_2,candidate_5,5,0.028000000000000004
356,candidate_3,candidate_1,candidate_4,candidate_2,candidate_5,5,0.028000000000000004
357,candidate_3,candidate_1,candidate_4,candidate_2,candidate_5,5,0.028000000000000004
358,candidate_3,candidate_1,candidate_4,candidate_2,candidate_5,5,0.028000000000000004
359,candidate_3,candidate_1,candidate_4,candidate_2,candidate_5,5,0.028000000000000004
360,candidate_3,candidate_1,candidate_4,candidate_2,candidate_5,5,0.028000000000000004
361,candidate_3,candidate_1,candidate_4,candidate_2,candidate_5,5,0.028000000000000004
362,candidate_3,candidate_1,candidate_4,candidate_2,candidate_5,5,0.028000000000000004
363,candidate_3,candidate_1,candidate_4,candidate_2,candidate_5,5,0.028000000000000004
364,candidate_3,candidate_1,candidate_4,candidate_2,candidate_5,5,0.028000000000000004
365,candidate_3,candidate_1,candidate_4,candidate_2,candidate_5,5,0.028000000000000004
366,candidate_3,candidate_1,candidate_4,candidate_2,candidate_5,5,0.028000000000000004
367,candidate_3,candidate_1,candidate_4,candidate_2,candidate_5,5,0.028000000000000004
368,0,candidate_1,candidate_4,candidate_2,candidate_5,5,0.028000000000000004
369,candidate_3,candidate_1,candidate_4,candidate_2,candidate_5,5,0.028000000000000004
370,candidate_3,candidate_1,candidate_4,candidate_2,candidate_5,5,0.028000000000000004
371,candidate_3,candidate_1,candidate_4,candidate_2,candidate_5,5,0.028000000000000004
372,candidate_3,candidate_1,candidate_4,candidate_2,candidate_5,5,0.028000000000000004
373,candidate_3,candidate_1,candidate_4,candidate_2,candidate_5,5,0.028000000000000004
374,candidate_3,candidate_1,candidate_4,candidate_2,candidate_5,5,0.028000000000000004
375,candidate_3,candidate_1,candidate_4,candidate_2,candidate_5,5,0.028000000000000004
376,candidate_3,candidate_1,0,candidate_2,candidate_5,5,0.028000000000000004
377,candidate_3,candidate_1,candidate_4,candidate_2,candidate_5,5,0.028000000000000004
378,candidate_3,candidate_1,candidate_4,candidate_2,candidate_5,5,0.028000000000000004
379,candidate_3,candidate_1,candidate_4,candidate_2,candidate_5,5,0.028000000000000004
380,candidate_3,candidate_1,candidate_4,candidate_2,candidate_5,5,0.028000000000000004
381,candidate_3,candidate_1,candidate_4,candidate_2,candidate_5,5,0.028000000000000004
382,candidate_3,0,candidate_4,candidate_2,candidate_5,5,0.028000000000000004
383,candidate_3,candidate_1,candidate_4,candidate_2,candidate_5,5,0.028000000000000004
384,candidate_3,candidate_1,candidate_4,0,candidate_5,5,0.028000000000000004
385,candidate_3,0,candidate_4,candidate_2,candidate_5,5,0.028000000000000004
386,candidate_3,candidate_1,candidate_4,candidate_2,candidate_5,5,0.028000000000000004
0,candidate_3,candidate_1,candidate_4,candidate_5,candidate_2,5,0.028000000000000004
1,candidate_3,candidate_1,candidate_4,0,candidate_2,5,0.028000000000000004
2,candidate_3,candidate_1,candidate_4,candidate_5,candidate_2,5,0.028000000000000004
3,candidate_3,candidate_1,candidate_4,candidate_5,candidate_2,5,0.028000000000000004
4,candidate_3,0,candidate_4,candidate_5,candidate_2,5,0.028000000000000004
5,candidate_3,candidate_1,candidate_4,candidate_5,candidate_2,5,0.028000000000000004
6,candidate_3,candidate_1,candidate_4,candidate_5,candidate_2,5,0.028000000000000004
7,candidate_3,candidate_1,candidate_4,candidate_5,candidate_2,5,0.028000000000000004
8,candidate_3,candidate_1,candidate_4,candidate_5,candidate_2,5,0.028000000000000004
9,candidate_3,candidate_1,candidate_4,candidate_5,candidate_2,5,0.028000000000000004
10,candidate_3,candidate_1,candidate_4,candidate_5,candidate_2,5,0.028000000000000004
11,candidate_3,candidate_1,candidate_4,candidate_5,candidate_2,5,0.028000000000000004
12,candidate_3,candidate_1,candidate_4,candidate_5,candidate_2,5,0.028000000000000004
13,candidate_3,candidate_1,candidate_4,candidate_5,candidate_2,5,0.028000000000000004
14,candidate_3,candidate_1,candidate_4,candidate_5,candidate_2,5,0.028000000000000004
15,candidate_3,candidate_1,candidate_4,candidate_5,candidate_2,5,0.028000000000000004
16,candidate_3,candidate_1,candidate_4,candidate_5,candidate_2,5,0.028000000000000004
17,candidate_3,candidate_1,candidate_4,candidate_5,candidate_2,5,0.028000000000000004
18,candidate_3,candidate_1,candidate_4,candidate_5,candidate_2,5,0.028000000000000004
19,candidate_3,0,candidate_4,candidate_5,candidate_2,5,0.028000000000000004
20,candidate_3,candidate_1,candidate_4,candidate_5,candidate_2,5,0.028000000000000004
21,candidate_3,candidate_1,candidate_4,candidate_5,candidate_2,5,0.028000000000000004
22,candidate_3,candidate_1,candidate_4,candidate_5,candidate_2,5,0.028000000000000004
23,candidate_3,candidate_1,candidate_4,candidate_5,candidate_2,5,0.028000000000000004
24,candidate_3,candidate_1,candidate_4,candidate_5,candidate_2,5,0.028000000000000004
25,candidate_3,candidate_1,candidate_4,candidate_5,candidate_2,5,0.028000000000000004
26,candidate_3,candidate_1,candidate_4,candidate_5,candidate_2,5,0.028000000000000004
27,0,candidate_1,candidate_4,candidate_5,candidate_2,5,0.028000000000000004
28,candidate_3,candidate_1,candidate_4,candidate_5,candidate_2,5,0.028000000000000004
29,candidate_3,candidate_1,candidate_4,candidate_5,candidate_2,5,0.028000000000000004
30,candidate_3,candidate_1,candidate_4,candidate_5,candidate_2,5,0.028000000000000004
31,candidate_3,candidate_1,candidate_4,candidate_5,candidate_2,5,0.028000000000000004
32,candidate_3,candidate_1,candidate_4,candidate_5,candidate_2,5,0.028000000000000004
33,candidate_3,candidate_1,candidate_4,candidate_5,candidate_2,5,0.028000000000000004
34,candidate_3,candidate_1,candidate_4,0,candidate_2,5,0.028000000000000004
35,0,candidate_1,candidate_4,candidate_5,candidate_2,5,0.028000000000000004
36,candidate_3,candidate_1,candidate_4,candidate_5,candidate_2,5,0.028000000000000004
37,candidate_3,candidate_1,candidate_4,candidate_5,candidate_2,5,0.028000000000000004
38,candidate_3,candidate_1,candidate_4,candidate_5,candidate_2,5,0.028000000000000004
39,candidate_3,candidate_1,candidate_4,candidate_5,candidate_2,5,0.028000000000000004
40,candidate_3,candidate_1,candidate_4,candidate_5,candidate_2,5,0.028000000000000004
41,candidate_3,candidate_1,candidate_4,candidate_5,0,5,0.028000000000000004
42,candidate_3,candidate_1,candidate_4,candidate_5,candidate_2,5,0.028000000000000004
43,candidate_3,candidate_1,candidate_4,candidate_5,candidate_2,5,0.028000000000000004
44,candidate_3,candidate_1,candidate_4,candidate_5,candidate_2,5,0.028000000000000004
45,candidate_3,candidate_1,candidate_4,candidate_5,candidate_2,5,0.028000000000000004
46,candidate_3,candidate_1,candidate_4,candidate_5,candidate_2,5,0.028000000000000004
47,candidate_3,candidate_1,candidate_4,candidate_5,candidate_2,5,0.028000000000000004
48,candidate_3,candidate_1,candidate_4,candidate_5,candidate_2,5,0.028000000000000004
49,candidate_3,candidate_1,candidate_4,candidate_5,candidate_2,5,0.028000000000000004
50,candidate_3,candidate_1,candidate_4,candidate_5,candidate_2,5,0.028000000000000004
51,candidate_3,candidate_1,candidate_4,candidate_5,candidate_2,5,0.028000000000000004
52,candidate_3,candidate_1,0,candidate_5,candidate_2,5,0.028000000000000004
53,candidate_3,candidate_1,candidate_4,candidate_5,candidate_2,5,0.028000000000000004
54,candidate_3,candidate_1,candidate_4,candidate_5,candidate_2,5,0.028000000000000004
55,candidate_3,candidate_1,candidate_4,candidate_5,candidate_2,5,0.028000000000000004
56,candidate_3,candidate_1,candidate_4,candidate_5,candidate_2,5,0.028000000000000004
57,candidate_3,candidate_1,candidate_4,candidate_5,0,5,0.028000000000000004
58,candidate_3,candidate_1,candidate_4,candidate_5,candidate_2,5,0.028000000000000004
59,candidate_3,candidate_1,candidate_4,candidate_5,candidate_2,5,0.028000000000000004
60,candidate_3,candidate_1,candidate_4,candidate_5,candidate_2,5,0.028000000000000004
61,0,candidate_1,candidate_4,candidate_5,candidate_2,5,0.028000000000000004
62,candidate_3,candidate_1,candidate_4,candidate_5,candidate_2,5,0.028000000000000004
63,candidate_3,candidate_1,candidate_4,candidate_5,candidate_2,5,0.028000000000000004
64,candidate_3,candidate_1,candidate_4,candidate_5,candidate_2,5,0.028000000000000004
65,candidate_3,candidate_1,candidate_4,candidate_5,candidate_2,5,0.028000000000000004
66,candidate_3,candidate_1,candidate_4,candidate_5,candidate_2,5,0.028000000000000004
67,candidate_3,candidate_1,candidate_4,candidate_5,candidate_2,5,0.028000000000000004
68,candidate_3,candidate_1,candidate_4,candidate_5,candidate_2,5,0.028000000000000004
69,candidate_3,candidate_1,candidate_4,candidate_5,candidate_2,5,0.028000000000000004
70,candidate_3,candidate_1,candidate_4,candidate_5,candidate_2,5,0.028000000000000004
71,candidate_3,candidate_1,candidate_4,candidate_5,candidate_2,5,0.028000000000000004
72,candidate_3,candidate_1,candidate_4,candidate_5,candidate_2,5,0.028000000000000004
73,candidate_3,candidate_1,candidate_4,candidate_5,candidate_2,5,0.028000000000000004
74,candidate_3,candidate_1,candidate_4,candidate_5,candidate_2,5,0.028000000000000004
75,candidate_3,candidate_1,candidate_4,candidate_5,0,5,0.028000000000000004
76,candidate_3,candidate_1,candidate_4,candidate_5,candidate_2,5,0.028000000000000004
77,candidate_3,candidate_1,candidate_4,candidate_5,candidate_2,5,0.028000000000000004
78,candidate_3,candidate_1,candidate_4,candidate_5,candidate_2,5,0.028000000000000004
79,candidate_3,candidate_1,candidate_4,candidate_5,candidate_2,5,0.028000000000000004
80,candidate_3,candidate_1,candidate_4,candidate_5,candidate_2,5,0.028000000000000004
81,candidate_3,candidate_1,0,candidate_5,candidate_2,5,0.028000000000000004
82,candidate_3,candidate_1,candidate_4,candidate_5,0,5,0.028000000000000004
83,0,candidate_1,candidate_4,candidate_5,candidate_2,5,0.028000000000000004
84,candidate_3,candidate_1,candidate_4,candidate_5,candidate_2,5,0.028000000000000004
85,candidate_3,candidate_1,candidate_4,candidate_5,candidate_2,5,0.028000000000000004
86,candidate_3,candidate_1,candidate_4,candidate_5,0,5,0.028000000000000004
87,candidate_3,candidate_1,candidate_4,candidate_5,candidate_2,5,0.028000000000000004
88,candidate_3,candidate_1,candidate_4,candidate_5,candidate_2,5,0.028000000000000004
89,candidate_3,candidate_1,candidate_4,candidate_5,candidate_2,5,0.028000000000000004
90,candidate_3,candidate_1,candidate_4,candidate_5,candidate_2,5,0.028000000000000004
91,candidate_3,candidate_1,candidate_4,candidate_5,candidate_2,5,0.028000000000000004
92,candidate_3,candidate_1,candidate_4,candidate_5,candidate_2,5,0.028000000000000004
93,candidate_3,candidate_1,0,candidate_5,candidate_2,5,0.028000000000000004
94,candidate_3,candidate_1,candidate_4,candidate_5,candidate_2,5,0.028000000000000004
95,candidate_3,candidate_1,candidate_4,candidate_5,candidate_2,5,0.028000000000000004
96,candidate_3,candidate_1,candidate_4,candidate_5,candidate_2,5,0.028000000000000004
97,candidate_3,candidate_1,candidate_4,candidate_5,candidate_2,5,0.028000000000000004
98,candidate_3,candidate_1,candidate_4,candidate_5,candidate_2,5,0.028000000000000004
99,candidate_3,candidate_1,candidate_4,candidate_5,candidate_2,5,0.028000000000000004
100,candidate_3,candidate_1,candidate_4,candidate_5,candidate_2,5,0.028000000000000004
101,candidate_3,candidate_1,candidate_4,candidate_5,candidate_2,5,0.028000000000000004
102,candidate_3,candidate_1,candidate_4,0,candidate_2,5,0.028000000000000004
103,candidate_3,candidate_1,candidate_4,candidate_5,candidate_2,5,0.028000000000000004
104,candidate_3,candidate_1,candidate_4,candidate_5,candidate_2,5,0.028000000000000004
105,candidate_3,candidate_1,candidate_4,candidate_5,candidate_2,5,0.028000000000000004
106,candidate_3,candidate_1,candidate_4,candidate_5,candidate_2,5,0.028000000000000004
107,candidate_3,candidate_1,candidate_4,candidate_5,candidate_2,5,0.028000000000000004
108,candidate_3,candidate_1,candidate_4,0,candidate_2,5,0.028000000000000004
109,candidate_3,candidate_1,candidate_4,candidate_5,candidate_2,5,0.028000000000000004
110,candidate_3,candidate_1,candidate_4,candidate_5,candidate_2,5,0.028000000000000004
111,candidate_3,candidate_1,candidate_4,candidate_5,candidate_2,5,0.028000000000000004
112,candidate_3,candidate_1,candidate_4,candidate_5,candidate_2,5,0.028000000000000004
113,candidate_3,candidate_1,candidate_4,candidate_5,candidate_2,5,0.028000000000000004
114,candidate_3,candidate_1,candidate_4,candidate_5,candidate_2,5,0.028000000000000004
115,candidate_3,candidate_1,candidate_4,candidate_5,candidate_2,5,0.028000000000000004
116,candidate_3,candidate_1,candidate_4,candidate_5,candidate_2,5,0.028000000000000004
117,candidate_3,candidate_1,candidate_4,candidate_5,candidate_2,5,0.028000000000000004
118,candidate_3,candidate_1,candidate_4,candidate_5,candidate_2,5,0.028000000000000004
119,candidate_3,candidate_1,candidate_4,candidate_5,candidate_2,5,0.028000000000000004
120,candidate_3,candidate_1,candidate_4,candidate_5,candidate_2,5,0.028000000000000004
121,candidate_3,candidate_1,candidate_4,candidate_5,candidate_2,5,0.028000000000000004
122,candidate_3,candidate_1,candidate_4,candidate_5,candidate_2,5,0.028000000000000004
123,candidate_3,candidate_1,candidate_4,candidate_5,candidate_2,5,0.028000000000000004
124,candidate_3,candidate_1,candidate_4,0,candidate_2,5,0.028000000000000004
125,candidate_3,candidate_1,candidate_4,candidate_5,candidate_2,5,0.028000000000000004
126,candidate_3,candidate_1,candidate_4,candidate_5,candidate_2,5,0.028000000000000004
127,candidate_3,candidate_1,candidate_4,candidate_5,candidate_2,5,0.028000000000000004
128,candidate_3,candidate_1,candidate_4,candidate_5,candidate_2,5,0.028000000000000004
129,candidate_3,candidate_1,candidate_4,candidate_5,candidate_2,5,0.028000000000000004
130,candidate_3,candidate_1,candidate_4,candidate_5,candidate_2,5,0.028000000000000004
131,candidate_3,candidate_1,candidate_4,candidate_5,candidate_2,5,0.028000000000000004
132,candidate_3,candidate_1,candidate_4,candidate_5,candidate_2,5,0.028000000000000004
133,candidate_3,candidate_1,candidate_4,candidate_5,candidate_2,5,0.028000000000000004
134,candidate_3,candidate_1,candidate_4,candidate_5,candidate_2,5,0.028000000000000004
135,candidate_3,candidate_1,candidate_4,candidate_5,candidate_2,5,0.028000000000000004
136,candidate_3,candidate_1,0,candidate_5,candidate_2,5,0.028000000000000004
137,candidate_3,0,candidate_4,candidate_5,candidate_2,5,0.028000000000000004
138,candidate_3,candidate_1,candidate_4,candidate_5,candidate_2,5,0.028000000000000004
139,candidate_3,candidate_1,candidate_4,candidate_5,candidate_2,5,0.028000000000000004
140,candidate_3,candidate_1,candidate_4,candidate_5,candidate_2,5,0.028000000000000004
141,candidate_3,candidate_1,candidate_4,candidate_5,candidate_2,5,0.028000000000000004
142,candidate_3,candidate_1,candidate_4,0,candidate_2,5,0.028000000000000004
143,candidate_3,candidate_1,candidate_4,candidate_5,candidate_2,5,0.028000000000000004
144,candidate_3,candidate_1,candidate_4,candidate_5,0,5,0.028000000000000004
145,candidate_3,candidate_1,candidate_4,candidate_5,candidate_2,5,0.028000000000000004
146,candidate_3,candidate_1,candidate_4,candidate_5,candidate_2,5,0.028000000000000004
147,candidate_3,candidate_1,candidate_4,candidate_5,candidate_2,5,0.028000000000000004
148,candidate_3,candidate_1,0,candidate_5,candidate_2,5,0.028000000000000004
149,candidate_3,candidate_1,candidate_4,candidate_5,candidate_2,5,0.028000000000000004
150,0,candidate_1,candidate_4,candidate_5,candidate_2,5,0.028000000000000004
151,candidate_3,candidate_1,candidate_4,candidate_5,candidate_2,5,0.028000000000000004
152,candidate_3,candidate_1,candidate_4,candidate_5,candidate_2,5,0.028000000000000004
153,candidate_3,candidate_1,candidate_4,candidate_5,candidate_2,5,0.028000000000000004
154,candidate_3,candidate_1,candidate_4,candidate_5,candidate_2,5,0.028000000000000004
155,candidate_3,candidate_1,candidate_4,candidate_5,candidate_2,5,0.028000000000000004
156,candidate_3,candidate_1,candidate_4,candidate_5,candidate_2,5,0.028000000000000004
157,candidate_3,candidate_1,candidate_4,candidate_5,candidate_2,5,0.028000000000000004
158,candidate_3,candidate_1,candidate_4,candidate_5,candidate_2,5,0.028000000000000004
159,candidate_3,candidate_1,candidate_4,candidate_5,candidate_2,5,0.028000000000000004
160,0,candidate_1,candidate_4,candidate_5,candidate_2,5,0.028000000000000004
161,candidate_3,candidate_1,candidate_4,candidate_5,candidate_2,5,0.028000000000000004
162,candidate_3,candidate_1,candidate_4,candidate_5,candidate_2,5,0.028000000000000004
163,candidate_3,candidate_1,candidate_4,candidate_5,candidate_2,5,0.028000000000000004
164,0,candidate_1,candidate_4,candidate_5,candidate_2,5,0.028000000000000004
165,candidate_3,candidate_1,candidate_4,candidate_5,candidate_2,5,0.028000000000000004
166,candidate_3,candidate_1,candidate_4,candidate_5,candidate_2,5,0.028000000000000004
167,candidate_3,candidate_1,candidate_4,candidate_5,candidate_2,5,0.028000000000000004
168,candidate_3,candidate_1,candidate_4,candidate_5,candidate_2,5,0.028000000000000004
169,candidate_3,candidate_1,candidate_4,candidate_5,candidate_2,5,0.028000000000000004
170,candidate_3,candidate_1,candidate_4,candidate_5,candidate_2,5,0.028000000000000004
171,candidate_3,0,candidate_4,candidate_5,candidate_2,5,0.028000000000000004
172,candidate_3,candidate_1,candidate_4,candidate_5,candidate_2,5,0.028000000000000004
173,candidate_3,candidate_1,candidate_4,candidate_5,candidate_2,5,0.028000000000000004
174,candidate_3,candidate_1,candidate_4,candidate_5,candidate_2,5,0.028000000000000004
175,candidate_3,candidate_1,candidate_4,candidate_5,candidate_2,5,0.028000000000000004
176,candidate_3,candidate_1,candidate_4,candidate_5,candidate_2,5,0.028000000000000004
177,candidate_3,candidate_1,candidate_4,candidate_5,candidate_2,5,0.028000000000000004
178,0,candidate_1,candidate_4,candidate_5,candidate_2,5,0.028000000000000004
179,candidate_3,candidate_1,candidate_4,candidate_5,candidate_2,5,0.028000000000000004
180,candidate_3,candidate_1,candidate_4,candidate_5,candidate_2,5,0.028000000000000004
181,candidate_3,candidate_1,candidate_4,candidate_5,candidate_2,5,0.028000000000000004
182,candidate_3,candidate_1,candidate_4,candidate_5,candidate_2,5,0.028000000000000004
183,candidate_3,candidate_1,candidate_4,candidate_5,candidate_2,5,0.028000000000000004
184,candidate_3,candidate_1,candidate_4,candidate_5,candidate_2,5,0.028000000000000004
185,candidate_3,candidate_1,candidate_4,candidate_5,candidate_2,5,0.028000000000000004
186,candidate_3,candidate_1,candidate_4,candidate_5,candidate_2,5,0.028000000000000004
187,candidate_3,candidate_1,candidate_4,candidate_5,candidate_2,5,0.028000000000000004
188,candidate_3,candidate_1,candidate_4,candidate_5,candidate_2,5,0.028000000000000004
189,candidate_3,candidate_1,candidate_4,candidate_5,candidate_2,5,0.028000000000000004
190,0,candidate_1,candidate_4,candidate_5,candidate_2,5,0.028000000000000004
191,candidate_3,candidate_1,candidate_4,candidate_5,candidate_2,5,0.028000000000000004
192,candidate_3,candidate_1,candidate_4,candidate_5,candidate_2,5,0.028000000000000004
193,0,candidate_1,candidate_4,candidate_5,candidate_2,5,0.028000000000000004
194,candidate_3,candidate_1,candidate_4,candidate_5,candidate_2,5,0.028000000000000004
195,candidate_3,candidate_1,candidate_4,candidate_5,candidate_2,5,0.028000000000000004
196,candidate_3,candidate_1,candidate_4,candidate_5,candidate_2,5,0.028000000000000004
197,candidate_3,candidate_1,candidate_4,candidate_5,candidate_2,5,0.028000000000000004
198,candidate_3,candidate_1,candidate_4,candidate_5,candidate_2,5,0.028000000000000004
199,candidate_3,candidate_1,candidate_4,candidate_5,candidate_2,5,0.028000000000000004
200,candidate_3,candidate_1,candidate_4,candidate_5,candidate_2,5,0.028000000000000004
201,candidate_3,candidate_1,candidate_4,candidate_5,candidate_2,5,0.028000000000000004
202,candidate_3,candidate_1,candidate_4,candidate_5,candidate_2,5,0.028000000000000004
203,candidate_3,candidate_1,candidate_4,candidate_5,candidate_2,5,0.028000000000000004
204,candidate_3,candidate_1,candidate_4,candidate_5,candidate_2,5,0.028000000000000004
205,candidate_3,candidate_1,candidate_4,candidate_5,candidate_2,5,0.028000000000000004
206,candidate_3,candidate_1,candidate_4,candidate_5,candidate_2,5,0.028000000000000004
207,candidate_3,candidate_1,candidate_4,candidate_5,candidate_2,5,0.028000000000000004
208,candidate_3,candidate_1,candidate_4,candidate_5,candidate_2,5,0.028000000000000004
209,candidate_3,candidate_1,candidate_4,candidate_5,candidate_2,5,0.028000000000000004
210,candidate_3,candidate_1,0,candidate_5,candidate_2,5,0.028000000000000004
211,candidate_3,candidate_1,candidate_4,candidate_5,candidate_2,5,0.028000000000000004
212,candidate_3,candidate_1,candidate_4,candidate_5,candidate_2,5,0.028000000000000004
213,candidate_3,candidate_1,candidate_4,candidate_5,candidate_2,5,0.028000000000000004
214,candidate_3,candidate_1,candidate_4,candidate_5,candidate_2,5,0.028000000000000004
215,candidate_3,candidate_1,candidate_4,candidate_5,candidate_2,5,0.028000000000000004
216,candidate_3,candidate_1,candidate_4,candidate_5,candidate_2,5,0.028000000000000004
217,candidate_3,candidate_1,candidate_4,candidate_5,candidate_2,5,0.028000000000000004
218,candidate_3,candidate_1,candidate_4,candidate_5,candidate_2,5,0.028000000000000004
219,candidate_3,candidate_1,candidate_4,candidate_5,candidate_2,5,0.028000000000000004
220,candidate_3,candidate_1,candidate_4,candidate_5,candidate_2,5,0.028000000000000004
221,candidate_3,candidate_1,candidate_4,candidate_5,candidate_2,5,0.028000000000000004
222,candidate_3,candidate_1,candidate_4,candidate_5,candidate_2,5,0.028000000000000004
223,candidate_3,candidate_1,candidate_4,candidate_5,candidate_2,5,0.028000000000000004
224,candidate_3,candidate_1,candidate_4,candidate_5,candidate_2,5,0.028000000000000004
225,candidate_3,candidate_1,candidate_4,candidate_5,candidate_2,5,0.028000000000000004
226,candidate_3,candidate_1,candidate_4,candidate_5,candidate_2,5,0.028000000000000004
227,candidate_3,candidate_1,candidate_4,candidate_5,candidate_2,5,0.028000000000000004
228,candidate_3,candidate_1,candidate_4,candidate_5,candidate_2,5,0.028000000000000004
229,candidate_3,candidate_1,candidate_4,candidate_5,candidate_2,5,0.028000000000000004
230,0,candidate_1,candidate_4,candidate_5,candidate_2,5,0.028000000000000004
231,candidate_3,candidate_1,candidate_4,candidate_5,candidate_2,5,0.028000000000000004
232,candidate_3,candidate_1,candidate_4,candidate_5,candidate_2,5,0.028000000000000004
233,candidate_3,candidate_1,candidate_4,candidate_5,candidate_2,5,0.028000000000000004
234,candidate_3,candidate_1,candidate_4,candidate_5,candidate_2,5,0.028000000000000004
235,candidate_3,candidate_1,candidate_4,candidate_5,candidate_2,5,0.028000000000000004
236,candidate_3,candidate_1,candidate_4,candidate_5,candidate_2,5,0.028000000000000004
237,candidate_3,candidate_1,candidate_4,candidate_5,candidate_2,5,0.028000000000000004
238,candidate_3,candidate_1,candidate_4,candidate_5,candidate_2,5,0.028000000000000004
239,candidate_3,candidate_1,candidate_4,candidate_5,candidate_2,5,0.028000000000000004
240,candidate_3,candidate_1,candidate_4,candidate_5,candidate_2,5,0.028000000000000004
241,candidate_3,candidate_1,candidate_4,candidate_5,candidate_2,5,0.028000000000000004
242,candidate_3,candidate_1,candidate_4,candidate_5,candidate_2,5,0.028000000000000004
243,candidate_3,candidate_1,candidate_4,candidate_5,candidate_2,5,0.028000000000000004
244,candidate_3,candidate_1,candidate_4,candidate_5,candidate_2,5,0.028000000000000004
245,candidate_3,candidate_1,candidate_4,candidate_5,candidate_2,5,0.028000000000000004
246,candidate_3,candidate_1,candidate_4,candidate_5,candidate_2,5,0.028000000000000004
247,candidate_3,candidate_1,candidate_4,candidate_5,candidate_2,5,0.028000000000000004
248,candidate_3,candidate_1,candidate_4,0,candidate_2,5,0.028000000000000004
249,candidate_3,candidate_1,candidate_4,candidate_5,candidate_2,5,0.028000000000000004
250,candidate_3,candidate_1,candidate_4,candidate_5,candidate_2,5,0.028000000000000004
251,candidate_3,candidate_1,candidate_4,candidate_5,candidate_2,5,0.028000000000000004
252,candidate_3,candidate_1,candidate_4,candidate_5,candidate_2,5,0.028000000000000004
253,candidate_3,candidate_1,candidate_4,candidate_5,candidate_2,5,0.028000000000000004
254,candidate_3,candidate_1,candidate_4,candidate_5,candidate_2,5,0.028000000000000004
255,candidate_3,candidate_1,0,candidate_5,candidate_2,5,0.028000000000000004
256,candidate_3,candidate_1,candidate_4,candidate_5,candidate_2,5,0.028000000000000004
257,candidate_3,candidate_1,candidate_4,candidate_5,candidate_2,5,0.028000000000000004
258,candidate_3,candidate_1,candidate_4,candidate_5,candidate_2,5,0.028000000000000004
259,candidate_3,candidate_1,candidate_4,candidate_5,candidate_2,5,0.028000000000000004
260,candidate_3,candidate_1,candidate_4,candidate_5,candidate_2,5,0.028000000000000004
261,candidate_3,candidate_1,candidate_4,0,candidate_2,5,0.028000000000000004
262,candidate_3,candidate_1,candidate_4,candidate_5,candidate_2,5,0.028000000000000004
263,candidate_3,candidate_1,candidate_4,candidate_5,candidate_2,5,0.028000000000000004
264,candidate_3,candidate_1,candidate_4,candidate_5,candidate_2,5,0.028000000000000004
265,candidate_3,candidate_1,candidate_4,candidate_5,candidate_2,5,0.028000000000000004
266,candidate_3,candidate_1,candidate_4,candidate_5,candidate_2,5,0.028000000000000004
267,candidate_3,0,candidate_4,candidate_5,candidate_2,5,0.028000000000000004
268,candidate_3,candidate_1,candidate_4,candidate_5,candidate_2,5,0.028000000000000004
269,candidate_3,candidate_1,candidate_4,candidate_5,candidate_2,5,0.028000000000000004
270,candidate_3,candidate_1,candidate_4,candidate_5,candidate_2,5,0.028000000000000004
271,candidate_3,candidate_1,candidate_4,0,candidate_2,5,0.028000000000000004
272,candidate_3,candidate_1,candidate_4,candidate_5,candidate_2,5,0.028000000000000004
273,candidate_3,candidate_1,candidate_4,candidate_5,candidate_2,5,0.028000000000000004
274,candidate_3,candidate_1,candidate_4,candidate_5,candidate_2,5,0.028000000000000004
275,candidate_3,candidate_1,candidate_4,candidate_5,candidate_2,5,0.028000000000000004
276,candidate_3,candidate_1,candidate_4,candidate_5,candidate_2,5,0.028000000000000004
277,candidate_3,candidate_1,candidate_4,candidate_5,candidate_2,5,0.028000000000000004
278,candidate_3,candidate_1,candidate_4,candidate_5,candidate_2,5,0.028000000000000004
279,candidate_3,candidate_1,candidate_4,candidate_5,candidate_2,5,0.028000000000000004
280,candidate_3,candidate_1,candidate_4,candidate_5,candidate_2,5,0.028000000000000004
281,candidate_3,candidate_1,candidate_4,candidate_5,candidate_2,5,0.028000000000000004
282,candidate_3,candidate_1,candidate_4,candidate_5,candidate_2,5,0.028000000000000004
283,candidate_3,candidate_1,candidate_4,candidate_5,candidate_2,5,0.028000000000000004
284,candidate_3,candidate_1,candidate_4,candidate_5,candidate_2,5,0.028000000000000004
285,candidate_3,candidate_1,candidate_4,candidate_5,0,5,0.028000000000000004
286,candidate_3,candidate_1,candidate_4,candidate_5,candidate_2,5,0.028000000000000004
287,candidate_3,candidate_1,candidate_4,candidate_5,candidate_2,5,0.028000000000000004
288,candidate_3,candidate_1,candidate_4,candidate_5,candidate_2,5,0.028000000000000004
289,candidate_3,candidate_1,candidate_4,candidate_5,candidate_2,5,0.028000000000000004
290,candidate_3,candidate_1,candidate_4,candidate_5,candidate_2,5,0.028000000000000004
291,candidate_3,candidate_1,candidate_4,candidate_5,candidate_2,5,0.028000000000000004
292,candidate_3,candidate_1,candidate_4,candidate_5,candidate_2,5,0.028000000000000004
293,candidate_3,candidate_1,candidate_4,candidate_5,candidate_2,5,0.028000000000000004
294,candidate_3,candidate_1,candidate_4,candidate_5,candidate_2,5,0.028000000000000004
295,candidate_3,candidate_1,candidate_4,candidate_5,candidate_2,5,0.028000000000000004
296,candidate_3,candidate_1,candidate_4,candidate_5,candidate_2,5,0.028000000000000004
297,candidate_3,candidate_1,candidate_4,candidate_5,candidate_2,5,0.028000000000000004
298,candidate_3,candidate_1,0,candidate_5,candidate_2,5,0.028000000000000004
299,candidate_3,candidate_1,candidate_4,candidate_5,candidate_2,5,0.028000000000000004
300,candidate_3,candidate_1,candidate_4,candidate_5,candidate_2,5,0.028000000000000004
301,candidate_3,candidate_1,candidate_4,candidate_5,candidate_2,5,0.028000000000000004
302,candidate_3,candidate_1,candidate_4,candidate_5,candidate_2,5,0.028000000000000004
303,candidate_3,candidate_1,candidate_4,candidate_5,candidate_2,5,0.028000000000000004
304,candidate_3,candidate_1,candidate_4,candidate_5,candidate_2,5,0.028000000000000004
305,candidate_3,candidate_1,candidate_4,candidate_5,candidate_2,5,0.028000000000000004
306,candidate_3,0,candidate_4,candidate_5,candidate_2,5,0.028000000000000004
307,candidate_3,candidate_1,candidate_4,candidate_5,candidate_2,5,0.028000000000000004
308,candidate_3,candidate_1,candidate_4,candidate_5,candidate_2,5,0.028000000000000004
309,candidate_3,candidate_1,candidate_4,candidate_5,candidate_2,5,0.028000000000000004
310,candidate_3,candidate_1,candidate_4,candidate_5,candidate_2,5,0.028000000000000004
311,candidate_3,candidate_1,candidate_4,candidate_5,candidate_2,5,0.028000000000000004
312,candidate_3,candidate_1,candidate_4,candidate_5,candidate_2,5,0.028000000000000004
313,candidate_3,candidate_1,candidate_4,candidate_5,candidate_2,5,0.028000000000000004
314,candidate_3,candidate_1,candidate_4,candidate_5,candidate_2,5,0.028000000000000004
315,candidate_3,candidate_1,candidate_4,candidate_5,candidate_2,5,0.028000000000000004
316,0,candidate_1,candidate_4,candidate_5,candidate_2,5,0.028000000000000004
317,candidate_3,candidate_1,candidate_4,candidate_5,candidate_2,5,0.028000000000000004
318,candidate_3,candidate_1,candidate_4,candidate_5,candidate_2,5,0.028000000000000004
319,candidate_3,candidate_1,candidate_4,candidate_5,candidate_2,5,0.028000000000000004
320,candidate_3,candidate_1,candidate_4,candidate_5,candidate_2,5,0.028000000000000004
321,candidate_3,candidate_1,candidate_4,candidate_5,candidate_2,5,0.028000000000000004
322,candidate_3,candidate_1,candidate_4,candidate_5,candidate_2,5,0.028000000000000004
323,candidate_3,candidate_1,candidate_4,candidate_5,candidate_2,5,0.028000000000000004
324,candidate_3,candidate_1,candidate_4,candidate_5,candidate_2,5,0.028000000000000004
325,candidate_3,candidate_1,candidate_4,candidate_5,candidate_2,5,0.028000000000000004
326,candidate_3,candidate_1,candidate_4,candidate_5,candidate_2,5,0.028000000000000004
327,candidate_3,candidate_1,candidate_4,candidate_5,candidate_2,5,0.028000000000000004
328,candidate_3,candidate_1,candidate_4,candidate_5,candidate_2,5,0.028000000000000004
329,candidate_3,candidate_1,candidate_4,candidate_5,candidate_2,5,0.028000000000000004
330,candidate_3,candidate_1,candidate_4,candidate_5,candidate_2,5,0.028000000000000004
331,candidate_3,candidate_1,candidate_4,candidate_5,candidate_2,5,0.028000000000000004
332,candidate_3,candidate_1,candidate_4,candidate_5,candidate_2,5,0.028000000000000004
333,candidate_3,0,candidate_4,candidate_5,candidate_2,5,0.028000000000000004
334,candidate_3,candidate_1,candidate_4,candidate_5,candidate_2,5,0.028000000000000004
335,candidate_3,candidate_1,candidate_4,candidate_5,candidate_2,5,0.028000000000000004
336,candidate_3,candidate_1,0,candidate_5,candidate_2,5,0.028000000000000004
337,candidate_3,candidate_1,candidate_4,candidate_5,candidate_2,5,0.028000000000000004
338,candidate_3,candidate_1,candidate_4,candidate_5,candidate_2,5,0.028000000000000004
339,candidate_3,candidate_1,candidate_4,candidate_5,candidate_2,5,0.028000000000000004
340,candidate_3,candidate_1,candidate_4,candidate_5,candidate_2,5,0.028000000000000004
341,candidate_3,candidate_1,candidate_4,candidate_5,candidate_2,5,0.028000000000000004
342,candidate_3,candidate_1,candidate_4,candidate_5,candidate_2,5,0.028000000000000004
343,candidate_3,candidate_1,candidate_4,candidate_5,0,5,0.028000000000000004
344,candidate_3,candidate_1,candidate_4,candidate_5,candidate_2,5,0.028000000000000004
345,candidate_3,candidate_1,candidate_4,candidate_5,candidate_2,5,0.028000000000000004
346,candidate_3,candidate_1,0,candidate_5,candidate_2,5,0.028000000000000004
347,candidate_3,candidate_1,candidate_4,candidate_5,candidate_2,5,0.028000000000000004
348,candidate_3,candidate_1,candidate_4,0,candidate_2,5,0.028000000000000004
349,candidate_3,candidate_1,0,candidate_5,candidate_2,5,0.028000000000000004
350,candidate_3,candidate_1,candidate_4,candidate_5,candidate_2,5,0.028000000000000004
351,candidate_3,candidate_1,0,candidate_5,candidate_2,5,0.028000000000000004
352,candidate_3,candidate_1,candidate_4,candidate_5,candidate_2,5,0.028000000000000004
353,candidate_3,candidate_1,candidate_4,candidate_5,candidate_2,5,0.028000000000000004
354,candidate_3,candidate_1,candidate_4,candidate_5,candidate_2,5,0.028000000000000004
355,candidate_3,candidate_1,candidate_4,candidate_5,candidate_2,5,0.028000000000000004
356,candidate_3,candidate_1,candidate_4,candidate_5,candidate_2,5,0.028000000000000004
357,candidate_3,candidate_1,candidate_4,candidate_5,0,5,0.028000000000000004
358,candidate_3,candidate_1,candidate_4,candidate_5,candidate_2,5,0.028000000000000004
359,candidate_3,candidate_1,candidate_4,candidate_5,candidate_2,5,0.028000000000000004
360,candidate_3,candidate_1,candidate_4,candidate_5,candidate_2,5,0.028000000000000004
361,candidate_3,candidate_1,candidate_4,candidate_5,candidate_2,5,0.028000000000000004
362,candidate_3,candidate_1,candidate_4,candidate_5,candidate_2,5,0.028000000000000004
363,candidate_3,candidate_1,candidate_4,candidate_5,candidate_2,5,0.028000000000000004
364,candidate_3,candidate_1,candidate_4,candidate_5,candidate_2,5,0.028000000000000004
365,candidate_3,candidate_1,candidate_4,candidate_5,candidate_2,5,0.028000000000000004
366,candidate_3,candidate_1,candidate_4,candidate_5,candidate_2,5,0.028000000000000004
367,candidate_3,candidate_1,candidate_4,candidate_5,candidate_2,5,0.028000000000000004
368,candidate_3,candidate_1,candidate_4,candidate_5,candidate_2,5,0.028000000000000004
369,candidate_3,candidate_1,candidate_4,candidate_5,candidate_2,5,0.028000000000000004
370,candidate_3,candidate_1,candidate_4,candidate_5,candidate_2,5,0.028000000000000004
371,candidate_3,candidate_1,candidate_4,candidate_5,candidate_2,5,0.028000000000000004
372,candidate_3,candidate_1,candidate_4,candidate_5,candidate_2,5,0.028000000000000004
373,candidate_3,candidate_1,candidate_4,candidate_5,candidate_2,5,0.028000000000000004
374,candidate_3,candidate_1,candidate_4,candidate_5,candidate_2,5,0.028000000000000004
375,candidate_3,candidate_1,candidate_4,candidate_5,candidate_2,5,0.028000000000000004
376,candidate_3,candidate_1,candidate_4,candidate_5,candidate_2,5,0.028000000000000004
377,candidate_3,candidate_1,candidate_4,candidate_5,candidate_2,5,0.028000000000000004
378,candidate_3,candidate_1,candidate_4,candidate_5,candidate_2,5,0.028000000000000004
379,candidate_3,candidate_1,candidate_4,0,candidate_2,5,0.028000000000000004
380,candidate_3,candidate_1,candidate_4,candidate_5,candidate_2,5,0.028000000000000004
381,candidate_3,candidate_1,candidate_4,candidate_5,0,5,0.028000000000000004
382,candidate_3,candidate_1,candidate_4,candidate_5,candidate_2,5,0.028000000000000004
383,candidate_3,candidate_1,0,candidate_5,candidate_2,5,0.028000000000000004
384,candidate_3,candidate_1,candidate_4,candidate_5,candidate_2,5,0.028000000000000004
385,candidate_3,0,candidate_4,0,candidate_2,5,0.028000000000000004
386,0,candidate_1,candidate_4,candidate_5,candidate_2,5,0.028000000000000004
387,candidate_3,candidate_1,candidate_4,candidate_5,candidate_2,5,0.028000000000000004
388,candidate_3,0,candidate_4,candidate_5,candidate_2,5,0.028000000000000004
389,candidate_3,candidate_1,candidate_4,candidate_5,candidate_2,5,0.028000000000000004
390,candidate_3,candidate_1,candidate_4,candidate_5,0,5,0.028000000000000004
391,candidate_3,candidate_1,candidate_4,candidate_5,candidate_2,5,0.028000000000000004
392,candidate_3,candidate_1,candidate_4,candidate_5,candidate_2,5,0.028000000000000004
393,candidate_3,candidate_1,candidate_4,candidate_5,candidate_2,5,0.028000000000000004
394,candidate_3,candidate_1,candidate_4,candidate_5,candidate_2,5,0.028000000000000004
395,candidate_3,candidate_1,candidate_4,candidate_5,candidate_2,5,0.028000000000000004
396,candidate_3,candidate_1,candidate_4,candidate_5,candidate_2,5,0.028000000000000004
397,candidate_3,candidate_1,candidate_4,candidate_5,candidate_2,5,0.028000000000000004
398,candidate_3,candidate_1,candidate_4,candidate_5,candidate_2,5,0.028000000000000004
399,candidate_3,candidate_1,candidate_4,candidate_5,candidate_2,5,0.028000000000000004
400,candidate_3,candidate_1,candidate_4,candidate_5,candidate_2,5,0.028000000000000004
401,candidate_3,candidate_1,candidate_4,candidate_5,candidate_2,5,0.028000000000000004
402,candidate_3,candidate_1,candidate_4,candidate_5,candidate_2,5,0.028000000000000004
403,candidate_3,candidate_1,candidate_4,candidate_5,0,5,0.028000000000000004
404,candidate_3,candidate_1,candidate_4,candidate_5,candidate_2,5,0.028000000000000004
405,candidate_3,candidate_1,candidate_4,candidate_5,candidate_2,5,0.028000000000000004
406,candidate_3,candidate_1,candidate_4,candidate_5,candidate_2,5,0.028000000000000004
407,candidate_3,candidate_1,candidate_4,candidate_5,candidate_2,5,0.028000000000000004
408,candidate_3,candidate_1,candidate_4,candidate_5,candidate_2,5,0.028000000000000004
409,candidate_3,candidate_1,candidate_4,candidate_5,candidate_2,5,0.028000000000000004
410,candidate_3,candidate_1,candidate_4,candidate_5,candidate_2,5,0.028000000000000004
411,candidate_3,candidate_1,candidate_4,candidate_5,candidate_2,5,0.028000000000000004
412,candidate_3,candidate_1,candidate_4,candidate_5,candidate_2,5,0.028000000000000004
413,candidate_3,candidate_1,candidate_4,candidate_5,candidate_2,5,0.028000000000000004
414,0,candidate_1,candidate_4,candidate_5,candidate_2,5,0.028000000000000004
415,0,candidate_1,candidate_4,candidate_5,candidate_2,5,0.028000000000000004
416,candidate_3,0,candidate_4,candidate_5,candidate_2,5,0.028000000000000004
417,candidate_3,candidate_1,candidate_4,0,candidate_2,5,0.028000000000000004
418,candidate_3,candidate_1,candidate_4,candidate_5,candidate_2,5,0.028000000000000004
419,candidate_3,candidate_1,candidate_4,0,candidate_2,5,0.028000000000000004
420,candidate_3,candidate_1,candidate_4,candidate_5,candidate_2,5,0.028000000000000004
421,candidate_3,candidate_1,candidate_4,candidate_5,candidate_2,5,0.028000000000000004
422,candidate_3,candidate_1,0,candidate_5,candidate_2,5,0.028000000000000004
423,candidate_3,candidate_1,candidate_4,candidate_5,candidate_2,5,0.028000000000000004
424,candidate_3,candidate_1,candidate_4,candidate_5,candidate_2,5,0.028000000000000004
425,candidate_3,candidate_1,candidate_4,candidate_5,candidate_2,5,0.028000000000000004
426,candidate_3,candidate_1,candidate_4,candidate_5,candidate_2,5,0.028000000000000004
427,candidate_3,candidate_1,candidate_4,candidate_5,candidate_2,5,0.028000000000000004
428,candidate_3,candidate_1,candidate_4,candidate_5,candidate_2,5,0.028000000000000004
429,candidate_3,candidate_1,candidate_4,candidate_5,candidate_2,5,0.028000000000000004
430,candidate_3,candidate_1,0,candidate_5,candidate_2,5,0.028000000000000004
431,candidate_3,candidate_1,candidate_4,candidate_5,candidate_2,5,0.028000000000000004
432,candidate_3,candidate_1,candidate_4,candidate_5,candidate_2,5,0.028000000000000004
433,candidate_3,candidate_1,candidate_4,candidate_5,candidate_2,5,0.028000000000000004
434,candidate_3,candidate_1,candidate_4,candidate_5,candidate_2,5,0.028000000000000004
435,candidate_3,candidate_1,candidate_4,candidate_5,candidate_2,5,0.028000000000000004
436,candidate_3,candidate_1,candidate_4,candidate_5,candidate_2,5,0.028000000000000004
437,candidate_3,candidate_1,candidate_4,candidate_5,candidate_2,5,0.028000000000000004
438,candidate_3,candidate_1,candidate_4,candidate_5,candidate_2,5,0.028000000000000004
439,candidate_3,candidate_1,candidate_4,candidate_5,candidate_2,5,0.028000000000000004
440,candidate_3,candidate_1,candidate_4,candidate_5,candidate_2,5,0.028000000000000004
441,candidate_3,candidate_1,candidate_4,candidate_5,candidate_2,5,0.028000000000000004
442,candidate_3,candidate_1,candidate_4,candidate_5,candidate_2,5,0.028000000000000004
443,candidate_3,0,0,candidate_5,candidate_2,5,0.028000000000000004
444,candidate_3,candidate_1,candidate_4,candidate_5,candidate_2,5,0.028000000000000004
445,candidate_3,candidate_1,candidate_4,candidate_5,candidate_2,5,0.028000000000000004
446,candidate_3,candidate_1,candidate_4,candidate_5,candidate_2,5,0.028000000000000004
447,candidate_3,candidate_1,candidate_4,candidate_5,candidate_2,5,0.028000000000000004
448,candidate_3,candidate_1,candidate_4,candidate_5,candidate_2,5,0.028000000000000004
449,candidate_3,candidate_1,candidate_4,candidate_5,candidate_2,5,0.028000000000000004
450,candidate_3,candidate_1,candidate_4,candidate_5,candidate_2,5,0.028000000000000004
451,candidate_3,candidate_1,candidate_4,candidate_5,candidate_2,5,0.028000000000000004
452,candidate_3,candidate_1,candidate_4,candidate_5,candidate_2,5,0.028000000000000004
453,candidate_3,candidate_1,candidate_4,candidate_5,candidate_2,5,0.028000000000000004
454,candidate_3,0,candidate_4,candidate_5,candidate_2,5,0.028000000000000004
455,candidate_3,candidate_1,candidate_4,candidate_5,candidate_2,5,0.028000000000000004
456,candidate_3,0,candidate_4,candidate_5,candidate_2,5,0.028000000000000004
457,candidate_3,candidate_1,candidate_4,candidate_5,candidate_2,5,0.028000000000000004
458,candidate_3,candidate_1,candidate_4,candidate_5,candidate_2,5,0.028000000000000004
459,candidate_3,candidate_1,candidate_4,candidate_5,candidate_2,5,0.028000000000000004
460,candidate_3,0,candidate_4,candidate_5,candidate_2,5,0.028000000000000004
0,candidate_3,candidate_1,candidate_5,candidate_2,candidate_4,5,0.028000000000000004
1,candidate_3,candidate_1,candidate_5,candidate_2,candidate_4,5,0.028000000000000004
2,candidate_3,candidate_1,candidate_5,candidate_2,candidate_4,5,0.028000000000000004
3,candidate_3,candidate_1,candidate_5,candidate_2,candidate_4,5,0.028000000000000004
4,candidate_3,candidate_1,candidate_5,candidate_2,candidate_4,5,0.028000000000000004
5,candidate_3,0,candidate_5,candidate_2,candidate_4,5,0.028000000000000004
6,candidate_3,candidate_1,candidate_5,candidate_2,candidate_4,5,0.028000000000000004
7,candidate_3,candidate_1,candidate_5,candidate_2,candidate_4,5,0.028000000000000004
8,candidate_3,candidate_1,candidate_5,candidate_2,candidate_4,5,0.028000000000000004
9,candidate_3,candidate_1,candidate_5,candidate_2,candidate_4,5,0.028000000000000004
10,candidate_3,candidate_1,candidate_5,candidate_2,candidate_4,5,0.028000000000000004
11,candidate_3,candidate_1,candidate_5,candidate_2,candidate_4,5,0.028000000000000004
0,candidate_3,candidate_1,candidate_5,candidate_4,candidate_2,5,0.028000000000000004
1,candidate_3,candidate_1,candidate_5,candidate_4,candidate_2,5,0.028000000000000004
2,candidate_3,candidate_1,candidate_5,candidate_4,candidate_2,5,0.028000000000000004
3,candidate_3,candidate_1,candidate_5,0,candidate_2,5,0.028000000000000004
4,candidate_3,candidate_1,candidate_5,candidate_4,candidate_2,5,0.028000000000000004
5,candidate_3,candidate_1,candidate_5,candidate_4,candidate_2,5,0.028000000000000004
6,candidate_3,candidate_1,candidate_5,candidate_4,candidate_2,5,0.028000000000000004
7,candidate_3,candidate_1,candidate_5,candidate_4,candidate_2,5,0.028000000000000004
8,candidate_3,candidate_1,candidate_5,candidate_4,candidate_2,5,0.028000000000000004
9,candidate_3,candidate_1,candidate_5,candidate_4,candidate_2,5,0.028000000000000004
10,candidate_3,candidate_1,candidate_5,candidate_4,candidate_2,5,0.028000000000000004
11,candidate_3,candidate_1,candidate_5,candidate_4,candidate_2,5,0.028000000000000004
12,candidate_3,candidate_1,candidate_5,candidate_4,candidate_2,5,0.028000000000000004
13,candidate_3,candidate_1,candidate_5,candidate_4,candidate_2,5,0.028000000000000004
14,candidate_3,candidate_1,candidate_5,candidate_4,candidate_2,5,0.028000000000000004
15,candidate_3,candidate_1,candidate_5,candidate_4,candidate_2,5,0.028000000000000004
16,candidate_3,candidate_1,candidate_5,candidate_4,candidate_2,5,0.028000000000000004
17,0,candidate_1,candidate_5,candidate_4,candidate_2,5,0.028000000000000004
18,candidate_3,candidate_1,candidate_5,candidate_4,candidate_2,5,0.028000000000000004
19,candidate_3,candidate_1,candidate_5,candidate_4,candidate_2,5,0.028000000000000004
20,candidate_3,candidate_1,candidate_5,candidate_4,candidate_2,5,0.028000000000000004
21,candidate_3,candidate_1,candidate_5,0,candidate_2,5,0.028000000000000004
22,candidate_3,candidate_1,candidate_5,candidate_4,candidate_2,5,0.028000000000000004
23,candidate_3,candidate_1,candidate_5,candidate_4,candidate_2,5,0.028000000000000004
24,candidate_3,candidate_1,candidate_5,candidate_4,candidate_2,5,0.028000000000000004
25,candidate_3,candidate_1,candidate_5,candidate_4,candidate_2,5,0.028000000000000004
26,candidate_3,candidate_1,candidate_5,candidate_4,candidate_2,5,0.028000000000000004
27,candidate_3,candidate_1,candidate_5,candidate_4,candidate_2,5,0.028000000000000004
28,candidate_3,0,candidate_5,candidate_4,candidate_2,5,0.028000000000000004
29,candidate_3,candidate_1,candidate_5,candidate_4,candidate_2,5,0.028000000000000004
30,candidate_3,candidate_1,candidate_5,0,candidate_2,5,0.028000000000000004
31,candidate_3,candidate_1,0,candidate_4,candidate_2,5,0.028000000000000004
32,candidate_3,candidate_1,candidate_5,candidate_4,candidate_2,5,0.028000000000000004
33,candidate_3,0,candidate_5,candidate_4,candidate_2,5,0.028000000000000004
34,candidate_3,candidate_1,candidate_5,candidate_4,candidate_2,5,0.028000000000000004
35,candidate_3,candidate_1,candidate_5,candidate_4,0,5,0.028000000000000004
36,candidate_3,candidate_1,candidate_5,candidate_4,candidate_2,5,0.028000000000000004
37,candidate_3,candidate_1,candidate_5,candidate_4,candidate_2,5,0.028000000000000004
38,candidate_3,candidate_1,candidate_5,candidate_4,candidate_2,5,0.028000000000000004
39,candidate_3,candidate_1,candidate_5,candidate_4,candidate_2,5,0.028000000000000004
40,candidate_3,0,candidate_5,candidate_4,candidate_2,5,0.028000000000000004
41,candidate_3,candidate_1,candidate_5,candidate_4,candidate_2,5,0.028000000000000004
42,candidate_3,candidate_1,candidate_5,candidate_4,candidate_2,5,0.028000000000000004
43,candidate_3,candidate_1,candidate_5,candidate_4,candidate_2,5,0.028000000000000004
44,candidate_3,candidate_1,candidate_5,candidate_4,candidate_2,5,0.028000000000000004
45,candidate_3,candidate_1,candidate_5,candidate_4,candidate_2,5,0.028000000000000004
46,candidate_3,candidate_1,candidate_5,candidate_4,candidate_2,5,0.028000000000000004
47,candidate_3,candidate_1,candidate_5,candidate_4,candidate_2,5,0.028000000000000004
48,0,candidate_1,candidate_5,candidate_4,candidate_2,5,0.028000000000000004
49,candidate_3,candidate_1,candidate_5,candidate_4,candidate_2,5,0.028000000000000004
50,candidate_3,candidate_1,candidate_5,candidate_4,candidate_2,5,0.028000000000000004
51,candidate_3,candidate_1,candidate_5,candidate_4,candidate_2,5,0.028000000000000004
52,candidate_3,candidate_1,candidate_5,candidate_4,candidate_2,5,0.028000000000000004
53,candidate_3,candidate_1,candidate_5,candidate_4,candidate_2,5,0.028000000000000004
54,candidate_3,candidate_1,candidate_5,candidate_4,candidate_2,5,0.028000000000000004
55,candidate_3,candidate_1,candidate_5,candidate_4,candidate_2,5,0.028000000000000004
56,candidate_3,candidate_1,candidate_5,candidate_4,candidate_2,5,0.028000000000000004
57,candidate_3,candidate_1,candidate_5,candidate_4,candidate_2,5,0.028000000000000004
58,candidate_3,candidate_1,candidate_5,candidate_4,candidate_2,5,0.028000000000000004
59,candidate_3,candidate_1,candidate_5,candidate_4,candidate_2,5,0.028000000000000004
60,candidate_3,candidate_1,candidate_5,candidate_4,candidate_2,5,0.028000000000000004
61,candidate_3,candidate_1,candidate_5,candidate_4,candidate_2,5,0.028000000000000004
62,candidate_3,candidate_1,candidate_5,candidate_4,candidate_2,5,0.028000000000000004
63,candidate_3,candidate_1,candidate_5,candidate_4,0,5,0.028000000000000004
64,candidate_3,candidate_1,candidate_5,candidate_4,candidate_2,5,0.028000000000000004
65,candidate_3,candidate_1,candidate_5,candidate_4,candidate_2,5,0.028000000000000004
66,candidate_3,candidate_1,candidate_5,candidate_4,candidate_2,5,0.028000000000000004
67,candidate_3,candidate_1,candidate_5,0,candidate_2,5,0.028000000000000004
68,candidate_3,candidate_1,candidate_5,candidate_4,candidate_2,5,0.028000000000000004
69,candidate_3,candidate_1,0,candidate_4,candidate_2,5,0.028000000000000004
70,candidate_3,candidate_1,candidate_5,candidate_4,candidate_2,5,0.028000000000000004
71,candidate_3,candidate_1,candidate_5,candidate_4,candidate_2,5,0.028000000000000004
72,candidate_3,candidate_1,candidate_5,candidate_4,candidate_2,5,0.028000000000000004
73,candidate_3,candidate_1,candidate_5,candidate_4,candidate_2,5,0.028000000000000004
74,0,candidate_1,candidate_5,candidate_4,0,5,0.028000000000000004
75,candidate_3,candidate_1,candidate_5,candidate_4,candidate_2,5,0.028000000000000004
76,candidate_3,candidate_1,candidate_5,candidate_4,candidate_2,5,0.028000000000000004
77,candidate_3,candidate_1,candidate_5,candidate_4,candidate_2,5,0.028000000000000004
78,0,candidate_1,candidate_5,candidate_4,candidate_2,5,0.028000000000000004
79,candidate_3,candidate_1,candidate_5,candidate_4,candidate_2,5,0.028000000000000004
80,candidate_3,candidate_1,candidate_5,candidate_4,candidate_2,5,0.028000000000000004
81,0,candidate_1,candidate_5,candidate_4,candidate_2,5,0.028000000000000004
82,candidate_3,candidate_1,candidate_5,candidate_4,candidate_2,5,0.028000000000000004
83,candidate_3,candidate_1,candidate_5,candidate_4,candidate_2,5,0.028000000000000004
84,candidate_3,candidate_1,candidate_5,candidate_4,candidate_2,5,0.028000000000000004
85,candidate_3,candidate_1,candidate_5,candidate_4,candidate_2,5,0.028000000000000004
86,candidate_3,candidate_1,candidate_5,candidate_4,candidate_2,5,0.028000000000000004
87,candidate_3,candidate_1,candidate_5,candidate_4,candidate_2,5,0.028000000000000004
88,candidate_3,candidate_1,candidate_5,candidate_4,candidate_2,5,0.028000000000000004
89,candidate_3,candidate_1,candidate_5,candidate_4,candidate_2,5,0.028000000000000004
90,candidate_3,candidate_1,candidate_5,candidate_4,candidate_2,5,0.028000000000000004
91,candidate_3,0,candidate_5,candidate_4,candidate_2,5,0.028000000000000004
92,candidate_3,candidate_1,candidate_5,candidate_4,candidate_2,5,0.028000000000000004
93,candidate_3,candidate_1,candidate_5,candidate_4,candidate_2,5,0.028000000000000004
94,candidate_3,candidate_1,candidate_5,candidate_4,candidate_2,5,0.028000000000000004
95,candidate_3,candidate_1,candidate_5,candidate_4,candidate_2,5,0.028000000000000004
96,candidate_3,candidate_1,candidate_5,candidate_4,candidate_2,5,0.028000000000000004
97,candidate_3,candidate_1,candidate_5,candidate_4,candidate_2,5,0.028000000000000004
98,candidate_3,candidate_1,candidate_5,candidate_4,candidate_2,5,0.028000000000000004
99,candidate_3,candidate_1,candidate_5,candidate_4,candidate_2,5,0.028000000000000004
100,candidate_3,candidate_1,candidate_5,candidate_4,candidate_2,5,0.028000000000000004
101,candidate_3,candidate_1,candidate_5,candidate_4,candidate_2,5,0.028000000000000004
102,candidate_3,candidate_1,candidate_5,candidate_4,candidate_2,5,0.028000000000000004
103,candidate_3,candidate_1,candidate_5,candidate_4,candidate_2,5,0.028000000000000004
104,candidate_3,candidate_1,candidate_5,candidate_4,candidate_2,5,0.028000000000000004
105,candidate_3,candidate_1,candidate_5,candidate_4,candidate_2,5,0.028000000000000004
106,candidate_3,candidate_1,candidate_5,candidate_4,candidate_2,5,0.028000000000000004
107,candidate_3,candidate_1,candidate_5,candidate_4,candidate_2,5,0.028000000000000004
108,candidate_3,candidate_1,candidate_5,candidate_4,candidate_2,5,0.028000000000000004
109,candidate_3,candidate_1,candidate_5,candidate_4,candidate_2,5,0.028000000000000004
110,candidate_3,candidate_1,candidate_5,candidate_4,candidate_2,5,0.028000000000000004
111,candidate_3,candidate_1,candidate_5,candidate_4,candidate_2,5,0.028000000000000004
112,candidate_3,candidate_1,candidate_5,candidate_4,candidate_2,5,0.028000000000000004
113,candidate_3,candidate_1,candidate_5,candidate_4,candidate_2,5,0.028000000000000004
114,candidate_3,candidate_1,candidate_5,candidate_4,candidate_2,5,0.028000000000000004
115,candidate_3,candidate_1,candidate_5,candidate_4,candidate_2,5,0.028000000000000004
116,candidate_3,candidate_1,candidate_5,candidate_4,candidate_2,5,0.028000000000000004
0,candidate_3,candidate_2,candidate_1,candidate_4,candidate_5,5,0.028000000000000004
1,candidate_3,candidate_2,candidate_1,candidate_4,candidate_5,5,0.028000000000000004
2,candidate_3,candidate_2,candidate_1,candidate_4,candidate_5,5,0.028000000000000004
3,candidate_3,candidate_2,candidate_1,candidate_4,candidate_5,5,0.028000000000000004
4,candidate_3,candidate_2,candidate_1,candidate_4,candidate_5,5,0.028000000000000004
5,candidate_3,candidate_2,candidate_1,0,candidate_5,5,0.028000000000000004
6,candidate_3,candidate_2,candidate_1,candidate_4,candidate_5,5,0.028000000000000004
7,candidate_3,candidate_2,candidate_1,candidate_4,candidate_5,5,0.028000000000000004
8,candidate_3,candidate_2,candidate_1,candidate_4,candidate_5,5,0.028000000000000004
9,candidate_3,candidate_2,candidate_1,candidate_4,candidate_5,5,0.028000000000000004
10,candidate_3,candidate_2,candidate_1,candidate_4,candidate_5,5,0.028000000000000004
11,candidate_3,candidate_2,candidate_1,candidate_4,candidate_5,5,0.028000000000000004
12,candidate_3,candidate_2,candidate_1,candidate_4,candidate_5,5,0.028000000000000004
13,candidate_3,candidate_2,candidate_1,candidate_4,candidate_5,5,0.028000000000000004
14,candidate_3,0,candidate_1,candidate_4,candidate_5,5,0.028000000000000004
15,candidate_3,candidate_2,candidate_1,candidate_4,candidate_5,5,0.028000000000000004
16,candidate_3,candidate_2,candidate_1,candidate_4,candidate_5,5,0.028000000000000004
17,candidate_3,candidate_2,candidate_1,candidate_4,candidate_5,5,0.028000000000000004
18,candidate_3,candidate_2,candidate_1,0,candidate_5,5,0.028000000000000004
19,candidate_3,candidate_2,candidate_1,candidate_4,candidate_5,5,0.028000000000000004
20,candidate_3,candidate_2,candidate_1,candidate_4,candidate_5,5,0.028000000000000004
21,candidate_3,candidate_2,candidate_1,candidate_4,candidate_5,5,0.028000000000000004
22,candidate_3,candidate_2,candidate_1,candidate_4,candidate_5,5,0.028000000000000004
23,candidate_3,candidate_2,candidate_1,candidate_4,candidate_5,5,0.028000000000000004
24,candidate_3,candidate_2,candidate_1,candidate_4,candidate_5,5,0.028000000000000004
25,candidate_3,candidate_2,candidate_1,candidate_4,candidate_5,5,0.028000000000000004
26,candidate_3,candidate_2,candidate_1,candidate_4,candidate_5,5,0.028000000000000004
27,candidate_3,candidate_2,candidate_1,candidate_4,candidate_5,5,0.028000000000000004
28,candidate_3,candidate_2,candidate_1,candidate_4,candidate_5,5,0.028000000000000004
29,candidate_3,candidate_2,candidate_1,candidate_4,candidate_5,5,0.028000000000000004
30,candidate_3,0,candidate_1,candidate_4,candidate_5,5,0.028000000000000004
31,candidate_3,candidate_2,candidate_1,candidate_4,candidate_5,5,0.028000000000000004
32,candidate_3,candidate_2,candidate_1,candidate_4,candidate_5,5,0.028000000000000004
33,candidate_3,candidate_2,0,0,candidate_5,5,0.028000000000000004
34,candidate_3,candidate_2,candidate_1,candidate_4,candidate_5,5,0.028000000000000004
35,candidate_3,candidate_2,candidate_1,candidate_4,candidate_5,5,0.028000000000000004
36,candidate_3,candidate_2,candidate_1,candidate_4,candidate_5,5,0.028000000000000004
37,candidate_3,candidate_2,candidate_1,candidate_4,candidate_5,5,0.028000000000000004
38,candidate_3,candidate_2,candidate_1,candidate_4,candidate_5,5,0.028000000000000004
39,candidate_3,candidate_2,candidate_1,candidate_4,candidate_5,5,0.028000000000000004
40,candidate_3,candidate_2,candidate_1,candidate_4,candidate_5,5,0.028000000000000004
41,candidate_3,candidate_2,candidate_1,candidate_4,candidate_5,5,0.028000000000000004
42,candidate_3,candidate_2,candidate_1,candidate_4,candidate_5,5,0.028000000000000004
43,candidate_3,candidate_2,candidate_1,candidate_4,candidate_5,5,0.028000000000000004
44,candidate_3,candidate_2,candidate_1,candidate_4,candidate_5,5,0.028000000000000004
45,candidate_3,candidate_2,candidate_1,candidate_4,candidate_5,5,0.028000000000000004
46,candidate_3,candidate_2,candidate_1,candidate_4,candidate_5,5,0.028000000000000004
47,candidate_3,candidate_2,candidate_1,candidate_4,candidate_5,5,0.028000000000000004
48,candidate_3,candidate_2,candidate_1,candidate_4,candidate_5,5,0.028000000000000004
49,candidate_3,candidate_2,candidate_1,candidate_4,candidate_5,5,0.028000000000000004
50,candidate_3,candidate_2,candidate_1,candidate_4,candidate_5,5,0.028000000000000004
51,candidate_3,candidate_2,candidate_1,candidate_4,candidate_5,5,0.028000000000000004
52,candidate_3,candidate_2,candidate_1,candidate_4,candidate_5,5,0.028000000000000004
53,candidate_3,candidate_2,candidate_1,candidate_4,candidate_5,5,0.028000000000000004
54,candidate_3,0,candidate_1,candidate_4,candidate_5,5,0.028000000000000004
55,candidate_3,candidate_2,candidate_1,candidate_4,candidate_5,5,0.028000000000000004
56,candidate_3,candidate_2,candidate_1,candidate_4,candidate_5,5,0.028000000000000004
57,candidate_3,candidate_2,candidate_1,candidate_4,candidate_5,5,0.028000000000000004
58,candidate_3,candidate_2,candidate_1,candidate_4,candidate_5,5,0.028000000000000004
59,candidate_3,candidate_2,candidate_1,candidate_4,candidate_5,5,0.028000000000000004
60,candidate_3,candidate_2,candidate_1,candidate_4,candidate_5,5,0.028000000000000004
61,candidate_3,candidate_2,candidate_1,candidate_4,candidate_5,5,0.028000000000000004
62,candidate_3,candidate_2,candidate_1,candidate_4,candidate_5,5,0.028000000000000004
63,0,candidate_2,candidate_1,candidate_4,candidate_5,5,0.028000000000000004
64,candidate_3,candidate_2,candidate_1,candidate_4,candidate_5,5,0.028000000000000004
65,candidate_3,candidate_2,candidate_1,candidate_4,candidate_5,5,0.028000000000000004
66,candidate_3,candidate_2,candidate_1,candidate_4,candidate_5,5,0.028000000000000004
67,candidate_3,candidate_2,candidate_1,candidate_4,candidate_5,5,0.028000000000000004
68,candidate_3,candidate_2,candidate_1,candidate_4,candidate_5,5,0.028000000000000004
69,candidate_3,candidate_2,candidate_1,candidate_4,candidate_5,5,0.028000000000000004
70,candidate_3,candidate_2,candidate_1,candidate_4,candidate_5,5,0.028000000000000004
71,candidate_3,candidate_2,candidate_1,candidate_4,candidate_5,5,0.028000000000000004
72,candidate_3,candidate_2,candidate_1,candidate_4,candidate_5,5,0.028000000000000004
73,candidate_3,candidate_2,candidate_1,candidate_4,candidate_5,5,0.028000000000000004
74,candidate_3,candidate_2,candidate_1,candidate_4,candidate_5,5,0.028000000000000004
75,candidate_3,candidate_2,candidate_1,candidate_4,candidate_5,5,0.028000000000000004
76,candidate_3,candidate_2,candidate_1,candidate_4,candidate_5,5,0.028000000000000004
77,candidate_3,candidate_2,candidate_1,candidate_4,candidate_5,5,0.028000000000000004
78,candidate_3,candidate_2,candidate_1,candidate_4,candidate_5,5,0.028000000000000004
79,candidate_3,candidate_2,0,candidate_4,candidate_5,5,0.028000000000000004
80,candidate_3,candidate_2,candidate_1,candidate_4,candidate_5,5,0.028000000000000004
81,candidate_3,candidate_2,candidate_1,candidate_4,candidate_5,5,0.028000000000000004
82,candidate_3,candidate_2,candidate_1,candidate_4,candidate_5,5,0.028000000000000004
83,candidate_3,candidate_2,candidate_1,candidate_4,candidate_5,5,0.028000000000000004
84,candidate_3,candidate_2,candidate_1,candidate_4,candidate_5,5,0.028000000000000004
85,candidate_3,candidate_2,candidate_1,candidate_4,candidate_5,5,0.028000000000000004
86,candidate_3,candidate_2,candidate_1,candidate_4,candidate_5,5,0.028000000000000004
87,candidate_3,candidate_2,candidate_1,candidate_4,candidate_5,5,0.028000000000000004
88,candidate_3,candidate_2,candidate_1,candidate_4,candidate_5,5,0.028000000000000004
89,candidate_3,candidate_2,candidate_1,candidate_4,0,5,0.028000000000000004
90,candidate_3,candidate_2,0,candidate_4,candidate_5,5,0.028000000000000004
91,candidate_3,candidate_2,0,candidate_4,candidate_5,5,0.028000000000000004
92,candidate_3,candidate_2,candidate_1,candidate_4,candidate_5,5,0.028000000000000004
93,candidate_3,candidate_2,candidate_1,candidate_4,candidate_5,5,0.028000000000000004
94,candidate_3,candidate_2,candidate_1,candidate_4,candidate_5,5,0.028000000000000004
95,candidate_3,candidate_2,candidate_1,candidate_4,candidate_5,5,0.028000000000000004
96,candidate_3,candidate_2,candidate_1,candidate_4,candidate_5,5,0.028000000000000004
97,candidate_3,candidate_2,candidate_1,candidate_4,candidate_5,5,0.028000000000000004
98,candidate_3,candidate_2,candidate_1,candidate_4,0,5,0.028000000000000004
99,candidate_3,candidate_2,candidate_1,candidate_4,candidate_5,5,0.028000000000000004
100,candidate_3,candidate_2,candidate_1,candidate_4,candidate_5,5,0.028000000000000004
101,candidate_3,candidate_2,candidate_1,candidate_4,candidate_5,5,0.028000000000000004
102,candidate_3,candidate_2,candidate_1,candidate_4,candidate_5,5,0.028000000000000004
103,candidate_3,candidate_2,candidate_1,candidate_4,candidate_5,5,0.028000000000000004
104,candidate_3,candidate_2,candidate_1,0,candidate_5,5,0.028000000000000004
105,candidate_3,candidate_2,candidate_1,candidate_4,candidate_5,5,0.028000000000000004
106,candidate_3,candidate_2,candidate_1,candidate_4,candidate_5,5,0.028000000000000004
107,candidate_3,candidate_2,candidate_1,candidate_4,candidate_5,5,0.028000000000000004
108,candidate_3,candidate_2,candidate_1,candidate_4,candidate_5,5,0.028000000000000004
109,candidate_3,candidate_2,candidate_1,candidate_4,candidate_5,5,0.028000000000000004
110,candidate_3,candidate_2,candidate_1,candidate_4,candidate_5,5,0.028000000000000004
0,candidate_3,candidate_2,candidate_1,candidate_5,candidate_4,5,0.028000000000000004
1,candidate_3,candidate_2,candidate_1,candidate_5,candidate_4,5,0.028000000000000004
2,candidate_3,candidate_2,candidate_1,candidate_5,candidate_4,5,0.028000000000000004
3,candidate_3,candidate_2,candidate_1,candidate_5,candidate_4,5,0.028000000000000004
4,candidate_3,candidate_2,candidate_1,candidate_5,candidate_4,5,0.028000000000000004
5,candidate_3,candidate_2,candidate_1,candidate_5,candidate_4,5,0.028000000000000004
6,candidate_3,candidate_2,candidate_1,candidate_5,candidate_4,5,0.028000000000000004
7,candidate_3,candidate_2,candidate_1,candidate_5,candidate_4,5,0.028000000000000004
8,candidate_3,candidate_2,candidate_1,candidate_5,candidate_4,5,0.028000000000000004
9,candidate_3,candidate_2,candidate_1,candidate_5,candidate_4,5,0.028000000000000004
10,candidate_3,candidate_2,candidate_1,candidate_5,candidate_4,5,0.028000000000000004
11,candidate_3,candidate_2,candidate_1,0,candidate_4,5,0.028000000000000004
12,candidate_3,candidate_2,candidate_1,candidate_5,candidate_4,5,0.028000000000000004
13,candidate_3,candidate_2,candidate_1,candidate_5,candidate_4,5,0.028000000000000004
14,candidate_3,candidate_2,candidate_1,candidate_5,candidate_4,5,0.028000000000000004
15,candidate_3,candidate_2,candidate_1,candidate_5,candidate_4,5,0.028000000000000004
16,candidate_3,candidate_2,candidate_1,candidate_5,candidate_4,5,0.028000000000000004
17,candidate_3,candidate_2,candidate_1,candidate_5,candidate_4,5,0.028000000000000004
18,candidate_3,candidate_2,0,candidate_5,candidate_4,5,0.028000000000000004
19,candidate_3,candidate_2,candidate_1,candidate_5,candidate_4,5,0.028000000000000004
20,candidate_3,candidate_2,candidate_1,candidate_5,candidate_4,5,0.028000000000000004
21,candidate_3,candidate_2,candidate_1,0,candidate_4,5,0.028000000000000004
22,candidate_3,candidate_2,candidate_1,candidate_5,candidate_4,5,0.028000000000000004
23,candidate_3,candidate_2,candidate_1,candidate_5,candidate_4,5,0.028000000000000004
24,candidate_3,candidate_2,candidate_1,candidate_5,candidate_4,5,0.028000000000000004
25,candidate_3,candidate_2,candidate_1,candidate_5,candidate_4,5,0.028000000000000004
26,candidate_3,candidate_2,candidate_1,candidate_5,candidate_4,5,0.028000000000000004
27,0,candidate_2,candidate_1,candidate_5,candidate_4,5,0.028000000000000004
28,candidate_3,candidate_2,candidate_1,candidate_5,candidate_4,5,0.028000000000000004
29,candidate_3,candidate_2,candidate_1,candidate_5,candidate_4,5,0.028000000000000004
30,candidate_3,candidate_2,candidate_1,candidate_5,candidate_4,5,0.028000000000000004
31,candidate_3,candidate_2,candidate_1,candidate_5,candidate_4,5,0.028000000000000004
32,candidate_3,candidate_2,candidate_1,candidate_5,candidate_4,5,0.028000000000000004
33,candidate_3,candidate_2,candidate_1,candidate_5,candidate_4,5,0.028000000000000004
34,candidate_3,candidate_2,candidate_1,candidate_5,candidate_4,5,0.028000000000000004
35,candidate_3,candidate_2,candidate_1,candidate_5,candidate_4,5,0.028000000000000004
36,candidate_3,candidate_2,candidate_1,candidate_5,candidate_4,5,0.028000000000000004
37,candidate_3,0,candidate_1,candidate_5,candidate_4,5,0.028000000000000004
38,candidate_3,candidate_2,candidate_1,candidate_5,candidate_4,5,0.028000000000000004
39,candidate_3,candidate_2,candidate_1,candidate_5,candidate_4,5,0.028000000000000004
40,candidate_3,candidate_2,candidate_1,candidate_5,candidate_4,5,0.028000000000000004
41,candidate_3,candidate_2,candidate_1,candidate_5,candidate_4,5,0.028000000000000004
42,candidate_3,candidate_2,candidate_1,candidate_5,candidate_4,5,0.028000000000000004
43,candidate_3,candidate_2,candidate_1,candidate_5,candidate_4,5,0.028000000000000004
44,candidate_3,candidate_2,candidate_1,candidate_5,candidate_4,5,0.028000000000000004
45,candidate_3,candidate_2,candidate_1,candidate_5,candidate_4,5,0.028000000000000004
46,candidate_3,candidate_2,candidate_1,candidate_5,candidate_4,5,0.028000000000000004
47,candidate_3,candidate_2,candidate_1,candidate_5,candidate_4,5,0.028000000000000004
48,candidate_3,candidate_2,candidate_1,candidate_5,candidate_4,5,0.028000000000000004
49,candidate_3,candidate_2,candidate_1,candidate_5,0,5,0.028000000000000004
50,candidate_3,candidate_2,candidate_1,candidate_5,candidate_4,5,0.028000000000000004
51,candidate_3,candidate_2,candidate_1,candidate_5,candidate_4,5,0.028000000000000004
52,candidate_3,candidate_2,candidate_1,candidate_5,candidate_4,5,0.028000000000000004
53,candidate_3,candidate_2,candidate_1,candidate_5,candidate_4,5,0.028000000000000004
54,candidate_3,candidate_2,candidate_1,candidate_5,candidate_4,5,0.028000000000000004
55,candidate_3,candidate_2,candidate_1,candidate_5,candidate_4,5,0.028000000000000004
56,candidate_3,candidate_2,candidate_1,candidate_5,0,5,0.028000000000000004
57,candidate_3,candidate_2,candidate_1,candidate_5,candidate_4,5,0.028000000000000004
58,candidate_3,candidate_2,candidate_1,0,candidate_4,5,0.028000000000000004
59,candidate_3,candidate_2,candidate_1,candidate_5,candidate_4,5,0.028000000000000004
60,candidate_3,candidate_2,candidate_1,candidate_5,candidate_4,5,0.028000000000000004
61,candidate_3,candidate_2,candidate_1,0,candidate_4,5,0.028000000000000004
62,candidate_3,candidate_2,candidate_1,candidate_5,candidate_4,5,0.028000000000000004
63,candidate_3,candidate_2,0,candidate_5,candidate_4,5,0.028000000000000004
64,candidate_3,candidate_2,candidate_1,candidate_5,candidate_4,5,0.028000000000000004
65,candidate_3,candidate_2,candidate_1,candidate_5,candidate_4,5,0.028000000000000004
66,candidate_3,candidate_2,candidate_1,candidate_5,candidate_4,5,0.028000000000000004
67,candidate_3,candidate_2,candidate_1,candidate_5,candidate_4,5,0.028000000000000004
68,candidate_3,candidate_2,candidate_1,candidate_5,0,5,0.028000000000000004
69,candidate_3,candidate_2,candidate_1,candidate_5,0,5,0.028000000000000004
70,candidate_3,candidate_2,candidate_1,candidate_5,candidate_4,5,0.028000000000000004
71,candidate_3,candidate_2,candidate_1,candidate_5,candidate_4,5,0.028000000000000004
72,candidate_3,candidate_2,candidate_1,candidate_5,candidate_4,5,0.028000000000000004
73,candidate_3,candidate_2,candidate_1,candidate_5,candidate_4,5,0.028000000000000004
74,candidate_3,candidate_2,candidate_1,candidate_5,candidate_4,5,0.028000000000000004
75,candidate_3,candidate_2,candidate_1,candidate_5,candidate_4,5,0.028000000000000004
76,candidate_3,candidate_2,candidate_1,candidate_5,candidate_4,5,0.028000000000000004
77,candidate_3,candidate_2,candidate_1,candidate_5,candidate_4,5,0.028000000000000004
78,candidate_3,candidate_2,candidate_1,candidate_5,0,5,0.028000000000000004
79,candidate_3,candidate_2,candidate_1,candidate_5,candidate_4,5,0.028000000000000004
80,candidate_3,candidate_2,candidate_1,candidate_5,candidate_4,5,0.028000000000000004
81,candidate_3,candidate_2,candidate_1,candidate_5,0,5,0.028000000000000004
82,candidate_3,candidate_2,candidate_1,candidate_5,candidate_4,5,0.028000000000000004
83,candidate_3,candidate_2,candidate_1,candidate_5,candidate_4,5,0.028000000000000004
84,candidate_3,candidate_2,candidate_1,candidate_5,candidate_4,5,0.028000000000000004
85,0,candidate_2,candidate_1,candidate_5,candidate_4,5,0.028000000000000004
86,candidate_3,candidate_2,candidate_1,candidate_5,candidate_4,5,0.028000000000000004
87,candidate_3,candidate_2,candidate_1,candidate_5,candidate_4,5,0.028000000000000004
88,candidate_3,candidate_2,candidate_1,candidate_5,candidate_4,5,0.028000000000000004
89,candidate_3,candidate_2,candidate_1,candidate_5,candidate_4,5,0.028000000000000004
90,candidate_3,candidate_2,candidate_1,candidate_5,candidate_4,5,0.028000000000000004
91,candidate_3,candidate_2,candidate_1,0,candidate_4,5,0.028000000000000004
92,candidate_3,candidate_2,candidate_1,candidate_5,candidate_4,5,0.028000000000000004
93,candidate_3,candidate_2,candidate_1,candidate_5,candidate_4,5,0.028000000000000004
94,candidate_3,candidate_2,candidate_1,candidate_5,candidate_4,5,0.028000000000000004
95,candidate_3,candidate_2,candidate_1,candidate_5,candidate_4,5,0.028000000000000004
96,candidate_3,candidate_2,candidate_1,candidate_5,candidate_4,5,0.028000000000000004
97,candidate_3,candidate_2,0,candidate_5,candidate_4,5,0.028000000000000004
98,candidate_3,candidate_2,candidate_1,candidate_5,candidate_4,5,0.028000000000000004
99,candidate_3,candidate_2,candidate_1,candidate_5,candidate_4,5,0.028000000000000004
100,candidate_3,candidate_2,candidate_1,candidate_5,candidate_4,5,0.028000000000000004
101,candidate_3,candidate_2,candidate_1,candidate_5,candidate_4,5,0.028000000000000004
102,candidate_3,candidate_2,candidate_1,candidate_5,candidate_4,5,0.028000000000000004
103,candidate_3,candidate_2,candidate_1,candidate_5,candidate_4,5,0.028000000000000004
104,0,candidate_2,candidate_1,candidate_5,candidate_4,5,0.028000000000000004
105,candidate_3,candidate_2,candidate_1,candidate_5,candidate_4,5,0.028000000000000004
106,candidate_3,candidate_2,candidate_1,candidate_5,0,5,0.028000000000000004
107,candidate_3,candidate_2,candidate_1,candidate_5,candidate_4,5,0.028000000000000004
108,candidate_3,candidate_2,candidate_1,candidate_5,candidate_4,5,0.028000000000000004
109,candidate_3,candidate_2,candidate_1,candidate_5,candidate_4,5,0.028000000000000004
110,candidate_3,candidate_2,0,0,candidate_4,5,0.028000000000000004
111,candidate_3,candidate_2,candidate_1,candidate_5,candidate_4,5,0.028000000000000004
112,candidate_3,candidate_2,candidate_1,candidate_5,candidate_4,5,0.028000000000000004
113,candidate_3,candidate_2,candidate_1,candidate_5,candidate_4,5,0.028000000000000004
114,candidate_3,candidate_2,candidate_1,candidate_5,candidate_4,5,0.028000000000000004
115,candidate_3,0,candidate_1,candidate_5,candidate_4,5,0.028000000000000004
116,candidate_3,candidate_2,candidate_1,candidate_5,candidate_4,5,0.028000000000000004
117,candidate_3,candidate_2,candidate_1,candidate_5,candidate_4,5,0.028000000000000004
118,candidate_3,candidate_2,candidate_1,candidate_5,candidate_4,5,0.028000000000000004
119,candidate_3,candidate_2,candidate_1,candidate_5,candidate_4,5,0.028000000000000004
120,candidate_3,candidate_2,candidate_1,candidate_5,candidate_4,5,0.028000000000000004
121,candidate_3,candidate_2,candidate_1,candidate_5,candidate_4,5,0.028000000000000004
122,candidate_3,candidate_2,candidate_1,candidate_5,candidate_4,5,0.028000000000000004
0,candidate_3,candidate_2,candidate_4,candidate_1,candidate_5,5,0.028000000000000004
1,candidate_3,candidate_2,0,candidate_1,candidate_5,5,0.028000000000000004
2,candidate_3,candidate_2,candidate_4,candidate_1,candidate_5,5,0.028000000000000004
3,candidate_3,0,candidate_4,candidate_1,0,5,0.028000000000000004
4,candidate_3,candidate_2,candidate_4,candidate_1,candidate_5,5,0.028000000000000004
5,candidate_3,candidate_2,candidate_4,candidate_1,candidate_5,5,0.028000000000000004
6,candidate_3,candidate_2,candidate_4,candidate_1,candidate_5,5,0.028000000000000004
7,candidate_3,candidate_2,candidate_4,candidate_1,candidate_5,5,0.028000000000000004
8,candidate_3,candidate_2,candidate_4,0,candidate_5,5,0.028000000000000004
9,candidate_3,candidate_2,candidate_4,candidate_1,candidate_5,5,0.028000000000000004
10,candidate_3,candidate_2,candidate_4,candidate_1,candidate_5,5,0.028000000000000004
11,candidate_3,candidate_2,0,candidate_1,candidate_5,5,0.028000000000000004
12,candidate_3,candidate_2,candidate_4,candidate_1,candidate_5,5,0.028000000000000004
13,candidate_3,candidate_2,candidate_4,candidate_1,candidate_5,5,0.028000000000000004
14,candidate_3,0,candidate_4,candidate_1,candidate_5,5,0.028000000000000004
15,candidate_3,candidate_2,candidate_4,candidate_1,candidate_5,5,0.028000000000000004
16,candidate_3,candidate_2,candidate_4,candidate_1,candidate_5,5,0.028000000000000004
17,candidate_3,candidate_2,candidate_4,candidate_1,candidate_5,5,0.028000000000000004
18,candidate_3,candidate_2,candidate_4,candidate_1,candidate_5,5,0.028000000000000004
19,0,candidate_2,candidate_4,candidate_1,candidate_5,5,0.028000000000000004
20,candidate_3,candidate_2,candidate_4,candidate_1,candidate_5,5,0.028000000000000004
21,candidate_3,candidate_2,candidate_4,candidate_1,candidate_5,5,0.028000000000000004
22,candidate_3,candidate_2,candidate_4,candidate_1,candidate_5,5,0.028000000000000004
23,candidate_3,candidate_2,candidate_4,candidate_1,candidate_5,5,0.028000000000000004
24,candidate_3,candidate_2,candidate_4,candidate_1,candidate_5,5,0.028000000000000004
25,candidate_3,candidate_2,candidate_4,candidate_1,candidate_5,5,0.028000000000000004
26,candidate_3,candidate_2,candidate_4,candidate_1,candidate_5,5,0.028000000000000004
27,candidate_3,candidate_2,candidate_4,candidate_1,candidate_5,5,0.028000000000000004
28,candidate_3,candidate_2,candidate_4,candidate_1,candidate_5,5,0.028000000000000004
29,candidate_3,candidate_2,candidate_4,candidate_1,candidate_5,5,0.028000000000000004
30,candidate_3,candidate_2,candidate_4,candidate_1,candidate_5,5,0.028000000000000004
31,candidate_3,0,candidate_4,candidate_1,candidate_5,5,0.028000000000000004
32,candidate_3,candidate_2,candidate_4,candidate_1,candidate_5,5,0.028000000000000004
33,candidate_3,candidate_2,candidate_4,candidate_1,candidate_5,5,0.028000000000000004
34,candidate_3,candidate_2,candidate_4,candidate_1,candidate_5,5,0.028000000000000004
35,candidate_3,candidate_2,candidate_4,candidate_1,candidate_5,5,0.028000000000000004
36,candidate_3,candidate_2,candidate_4,candidate_1,candidate_5,5,0.028000000000000004
37,candidate_3,candidate_2,candidate_4,candidate_1,candidate_5,5,0.028000000000000004
38,candidate_3,candidate_2,candidate_4,candidate_1,candidate_5,5,0.028000000000000004
39,candidate_3,0,candidate_4,candidate_1,candidate_5,5,0.028000000000000004
40,candidate_3,candidate_2,candidate_4,candidate_1,candidate_5,5,0.028000000000000004
41,candidate_3,0,candidate_4,candidate_1,candidate_5,5,0.028000000000000004
42,candidate_3,candidate_2,candidate_4,candidate_1,candidate_5,5,0.028000000000000004
43,candidate_3,candidate_2,candidate_4,candidate_1,candidate_5,5,0.028000000000000004
44,candidate_3,candidate_2,candidate_4,candidate_1,candidate_5,5,0.028000000000000004
45,candidate_3,candidate_2,candidate_4,candidate_1,0,5,0.028000000000000004
46,candidate_3,candidate_2,candidate_4,candidate_1,candidate_5,5,0.028000000000000004
47,candidate_3,candidate_2,candidate_4,candidate_1,candidate_5,5,0.028000000000000004
48,candidate_3,candidate_2,candidate_4,candidate_1,candidate_5,5,0.028000000000000004
49,candidate_3,candidate_2,candidate_4,candidate_1,candidate_5,5,0.028000000000000004
50,candidate_3,candidate_2,candidate_4,candidate_1,candidate_5,5,0.028000000000000004
51,candidate_3,candidate_2,candidate_4,0,candidate_5,5,0.028000000000000004
52,candidate_3,candidate_2,candidate_4,candidate_1,candidate_5,5,0.028000000000000004
53,candidate_3,candidate_2,candidate_4,candidate_1,candidate_5,5,0.028000000000000004
54,candidate_3,candidate_2,candidate_4,candidate_1,candidate_5,5,0.028000000000000004
55,candidate_3,candidate_2,candidate_4,candidate_1,candidate_5,5,0.028000000000000004
56,candidate_3,candidate_2,candidate_4,candidate_1,candidate_5,5,0.028000000000000004
57,candidate_3,candidate_2,candidate_4,candidate_1,candidate_5,5,0.028000000000000004
58,candidate_3,candidate_2,candidate_4,candidate_1,candidate_5,5,0.028000000000000004
59,candidate_3,candidate_2,candidate_4,candidate_1,candidate_5,5,0.028000000000000004
60,candidate_3,candidate_2,candidate_4,candidate_1,candidate_5,5,0.028000000000000004
61,candidate_3,candidate_2,candidate_4,candidate_1,candidate_5,5,0.028000000000000004
62,candidate_3,candidate_2,candidate_4,candidate_1,candidate_5,5,0.028000000000000004
63,candidate_3,candidate_2,candidate_4,candidate_1,candidate_5,5,0.028000000000000004
64,candidate_3,candidate_2,candidate_4,candidate_1,candidate_5,5,0.028000000000000004
65,candidate_3,candidate_2,candidate_4,candidate_1,candidate_5,5,0.028000000000000004
66,candidate_3,candidate_2,candidate_4,candidate_1,candidate_5,5,0.028000000000000004
67,candidate_3,candidate_2,candidate_4,candidate_1,candidate_5,5,0.028000000000000004
68,candidate_3,candidate_2,candidate_4,candidate_1,candidate_5,5,0.028000000000000004
69,0,candidate_2,candidate_4,candidate_1,candidate_5,5,0.028000000000000004
70,candidate_3,candidate_2,candidate_4,candidate_1,candidate_5,5,0.028000000000000004
71,candidate_3,candidate_2,candidate_4,candidate_1,candidate_5,5,0.028000000000000004
72,candidate_3,candidate_2,candidate_4,candidate_1,candidate_5,5,0.028000000000000004
73,candidate_3,candidate_2,candidate_4,candidate_1,candidate_5,5,0.028000000000000004
74,candidate_3,candidate_2,candidate_4,candidate_1,0,5,0.028000000000000004
75,candidate_3,candidate_2,candidate_4,candidate_1,candidate_5,5,0.028000000000000004
76,candidate_3,candidate_2,candidate_4,candidate_1,candidate_5,5,0.028000000000000004
77,candidate_3,candidate_2,candidate_4,candidate_1,candidate_5,5,0.028000000000000004
78,candidate_3,candidate_2,candidate_4,candidate_1,candidate_5,5,0.028000000000000004
79,candidate_3,candidate_2,candidate_4,candidate_1,candidate_5,5,0.028000000000000004
80,candidate_3,candidate_2,candidate_4,candidate_1,candidate_5,5,0.028000000000000004
81,candidate_3,candidate_2,candidate_4,candidate_1,candidate_5,5,0.028000000000000004
82,candidate_3,candidate_2,candidate_4,candidate_1,candidate_5,5,0.028000000000000004
83,candidate_3,candidate_2,candidate_4,0,candidate_5,5,0.028000000000000004
84,candidate_3,candidate_2,candidate_4,0,candidate_5,5,0.028000000000000004
85,candidate_3,candidate_2,candidate_4,candidate_1,candidate_5,5,0.028000000000000004
86,candidate_3,candidate_2,candidate_4,candidate_1,candidate_5,5,0.028000000000000004
87,candidate_3,candidate_2,candidate_4,candidate_1,candidate_5,5,0.028000000000000004
88,candidate_3,candidate_2,candidate_4,candidate_1,candidate_5,5,0.028000000000000004
89,candidate_3,candidate_2,candidate_4,candidate_1,candidate_5,5,0.028000000000000004
90,candidate_3,candidate_2,candidate_4,candidate_1,candidate_5,5,0.028000000000000004
91,candidate_3,candidate_2,candidate_4,candidate_1,candidate_5,5,0.028000000000000004
92,candidate_3,candidate_2,candidate_4,candidate_1,candidate_5,5,0.028000000000000004
93,candidate_3,candidate_2,candidate_4,candidate_1,candidate_5,5,0.028000000000000004
94,candidate_3,candidate_2,candidate_4,candidate_1,candidate_5,5,0.028000000000000004
95,candidate_3,candidate_2,candidate_4,candidate_1,candidate_5,5,0.028000000000000004
96,candidate_3,candidate_2,candidate_4,candidate_1,candidate_5,5,0.028000000000000004
97,candidate_3,candidate_2,candidate_4,candidate_1,candidate_5,5,0.028000000000000004
98,candidate_3,candidate_2,candidate_4,candidate_1,candidate_5,5,0.028000000000000004
99,candidate_3,candidate_2,candidate_4,candidate_1,candidate_5,5,0.028000000000000004
100,candidate_3,candidate_2,candidate_4,candidate_1,candidate_5,5,0.028000000000000004
101,candidate_3,candidate_2,candidate_4,candidate_1,candidate_5,5,0.028000000000000004
102,candidate_3,candidate_2,candidate_4,candidate_1,candidate_5,5,0.028000000000000004
103,candidate_3,candidate_2,candidate_4,candidate_1,candidate_5,5,0.028000000000000004
104,candidate_3,candidate_2,candidate_4,candidate_1,candidate_5,5,0.028000000000000004
105,candidate_3,candidate_2,candidate_4,candidate_1,candidate_5,5,0.028000000000000004
106,candidate_3,candidate_2,candidate_4,candidate_1,candidate_5,5,0.028000000000000004
107,candidate_3,candidate_2,candidate_4,candidate_1,candidate_5,5,0.028000000000000004
108,candidate_3,candidate_2,candidate_4,candidate_1,candidate_5,5,0.028000000000000004
109,candidate_3,candidate_2,candidate_4,candidate_1,candidate_5,5,0.028000000000000004
110,candidate_3,candidate_2,candidate_4,candidate_1,candidate_5,5,0.028000000000000004
111,candidate_3,candidate_2,candidate_4,candidate_1,candidate_5,5,0.028000000000000004
112,candidate_3,candidate_2,candidate_4,candidate_1,candidate_5,5,0.028000000000000004
113,candidate_3,candidate_2,candidate_4,candidate_1,candidate_5,5,0.028000000000000004
114,candidate_3,candidate_2,0,candidate_1,candidate_5,5,0.028000000000000004
115,candidate_3,candidate_2,candidate_4,candidate_1,candidate_5,5,0.028000000000000004
116,candidate_3,candidate_2,candidate_4,candidate_1,candidate_5,5,0.028000000000000004
117,candidate_3,candidate_2,candidate_4,candidate_1,candidate_5,5,0.028000000000000004
118,0,candidate_2,candidate_4,candidate_1,candidate_5,5,0.028000000000000004
119,candidate_3,candidate_2,candidate_4,candidate_1,candidate_5,5,0.028000000000000004
120,candidate_3,candidate_2,candidate_4,0,candidate_5,5,0.028000000000000004
121,candidate_3,candidate_2,candidate_4,candidate_1,candidate_5,5,0.028000000000000004
122,candidate_3,candidate_2,candidate_4,candidate_1,candidate_5,5,0.028000000000000004
123,candidate_3,candidate_2,candidate_4,candidate_1,candidate_5,5,0.028000000000000004
124,candidate_3,candidate_2,candidate_4,candidate_1,candidate_5,5,0.028000000000000004
125,candidate_3,candidate_2,candidate_4,candidate_1,candidate_5,5,0.028000000000000004
126,candidate_3,candidate_2,candidate_4,candidate_1,candidate_5,5,0.028000000000000004
127,candidate_3,candidate_2,candidate_4,candidate_1,candidate_5,5,0.028000000000000004
128,candidate_3,candidate_2,candidate_4,candidate_1,candidate_5,5,0.028000000000000004
129,candidate_3,candidate_2,candidate_4,candidate_1,candidate_5,5,0.028000000000000004
130,candidate_3,candidate_2,candidate_4,candidate_1,candidate_5,5,0.028000000000000004
131,candidate_3,candidate_2,candidate_4,candidate_1,candidate_5,5,0.028000000000000004
132,candidate_3,candidate_2,candidate_4,candidate_1,candidate_5,5,0.028000000000000004
133,candidate_3,candidate_2,candidate_4,candidate_1,candidate_5,5,0.028000000000000004
134,candidate_3,candidate_2,candidate_4,candidate_1,candidate_5,5,0.028000000000000004
135,candidate_3,candidate_2,0,candidate_1,candidate_5,5,0.028000000000000004
136,candidate_3,candidate_2,candidate_4,candidate_1,candidate_5,5,0.028000000000000004
137,candidate_3,candidate_2,candidate_4,candidate_1,candidate_5,5,0.028000000000000004
138,candidate_3,candidate_2,candidate_4,candidate_1,candidate_5,5,0.028000000000000004
139,candidate_3,candidate_2,candidate_4,candidate_1,candidate_5,5,0.028000000000000004
140,candidate_3,candidate_2,candidate_4,candidate_1,candidate_5,5,0.028000000000000004
141,candidate_3,candidate_2,candidate_4,candidate_1,candidate_5,5,0.028000000000000004
142,candidate_3,candidate_2,candidate_4,candidate_1,candidate_5,5,0.028000000000000004
143,candidate_3,candidate_2,candidate_4,candidate_1,candidate_5,5,0.028000000000000004
144,candidate_3,candidate_2,candidate_4,candidate_1,candidate_5,5,0.028000000000000004
145,candidate_3,candidate_2,candidate_4,candidate_1,candidate_5,5,0.028000000000000004
146,candidate_3,candidate_2,candidate_4,candidate_1,candidate_5,5,0.028000000000000004
147,candidate_3,candidate_2,candidate_4,candidate_1,candidate_5,5,0.028000000000000004
148,candidate_3,candidate_2,candidate_4,candidate_1,candidate_5,5,0.028000000000000004
149,candidate_3,candidate_2,candidate_4,candidate_1,candidate_5,5,0.028000000000000004
150,candidate_3,candidate_2,candidate_4,candidate_1,candidate_5,5,0.028000000000000004
151,candidate_3,candidate_2,candidate_4,candidate_1,candidate_5,5,0.028000000000000004
152,candidate_3,candidate_2,candidate_4,candidate_1,candidate_5,5,0.028000000000000004
153,candidate_3,candidate_2,0,candidate_1,candidate_5,5,0.028000000000000004
154,candidate_3,candidate_2,candidate_4,candidate_1,candidate_5,5,0.028000000000000004
155,0,candidate_2,candidate_4,candidate_1,candidate_5,5,0.028000000000000004
156,0,candidate_2,candidate_4,candidate_1,candidate_5,5,0.028000000000000004
157,candidate_3,candidate_2,candidate_4,candidate_1,candidate_5,5,0.028000000000000004
158,candidate_3,candidate_2,candidate_4,0,candidate_5,5,0.028000000000000004
159,candidate_3,candidate_2,candidate_4,candidate_1,candidate_5,5,0.028000000000000004
160,candidate_3,candidate_2,candidate_4,candidate_1,0,5,0.028000000000000004
161,candidate_3,candidate_2,candidate_4,candidate_1,candidate_5,5,0.028000000000000004
162,candidate_3,candidate_2,candidate_4,candidate_1,candidate_5,5,0.028000000000000004
163,candidate_3,candidate_2,candidate_4,candidate_1,candidate_5,5,0.028000000000000004
164,candidate_3,0,candidate_4,candidate_1,candidate_5,5,0.028000000000000004
165,candidate_3,candidate_2,candidate_4,candidate_1,candidate_5,5,0.028000000000000004
166,candidate_3,candidate_2,candidate_4,candidate_1,candidate_5,5,0.028000000000000004
167,candidate_3,candidate_2,candidate_4,candidate_1,candidate_5,5,0.028000000000000004
168,candidate_3,candidate_2,candidate_4,candidate_1,candidate_5,5,0.028000000000000004
169,candidate_3,candidate_2,candidate_4,candidate_1,candidate_5,5,0.028000000000000004
170,candidate_3,candidate_2,candidate_4,candidate_1,candidate_5,5,0.028000000000000004
171,candidate_3,candidate_2,candidate_4,candidate_1,candidate_5,5,0.028000000000000004
172,candidate_3,candidate_2,candidate_4,candidate_1,candidate_5,5,0.028000000000000004
173,candidate_3,candidate_2,candidate_4,candidate_1,candidate_5,5,0.028000000000000004
174,candidate_3,candidate_2,candidate_4,candidate_1,candidate_5,5,0.028000000000000004
175,candidate_3,candidate_2,candidate_4,candidate_1,candidate_5,5,0.028000000000000004
176,candidate_3,0,candidate_4,candidate_1,candidate_5,5,0.028000000000000004
177,candidate_3,candidate_2,candidate_4,candidate_1,candidate_5,5,0.028000000000000004
178,candidate_3,candidate_2,candidate_4,candidate_1,candidate_5,5,0.028000000000000004
179,candidate_3,candidate_2,candidate_4,candidate_1,candidate_5,5,0.028000000000000004
180,candidate_3,candidate_2,candidate_4,candidate_1,candidate_5,5,0.028000000000000004
181,candidate_3,candidate_2,candidate_4,candidate_1,candidate_5,5,0.028000000000000004
182,candidate_3,candidate_2,candidate_4,0,candidate_5,5,0.028000000000000004
183,candidate_3,candidate_2,candidate_4,candidate_1,candidate_5,5,0.028000000000000004
184,candidate_3,candidate_2,candidate_4,candidate_1,candidate_5,5,0.028000000000000004
185,candidate_3,0,candidate_4,candidate_1,candidate_5,5,0.028000000000000004
186,candidate_3,candidate_2,candidate_4,candidate_1,candidate_5,5,0.028000000000000004
187,candidate_3,candidate_2,candidate_4,candidate_1,candidate_5,5,0.028000000000000004
188,candidate_3,candidate_2,candidate_4,candidate_1,candidate_5,5,0.028000000000000004
189,candidate_3,candidate_2,candidate_4,candidate_1,candidate_5,5,0.028000000000000004
190,candidate_3,candidate_2,candidate_4,candidate_1,candidate_5,5,0.028000000000000004
191,candidate_3,candidate_2,candidate_4,candidate_1,candidate_5,5,0.028000000000000004
192,candidate_3,candidate_2,candidate_4,candidate_1,candidate_5,5,0.028000000000000004
193,candidate_3,candidate_2,0,candidate_1,candidate_5,5,0.028000000000000004
194,candidate_3,candidate_2,candidate_4,candidate_1,candidate_5,5,0.028000000000000004
195,candidate_3,candidate_2,candidate_4,candidate_1,candidate_5,5,0.028000000000000004
196,candidate_3,candidate_2,candidate_4,candidate_1,candidate_5,5,0.028000000000000004
197,candidate_3,candidate_2,candidate_4,candidate_1,candidate_5,5,0.028000000000000004
198,candidate_3,candidate_2,candidate_4,candidate_1,candidate_5,5,0.028000000000000004
199,candidate_3,candidate_2,candidate_4,candidate_1,candidate_5,5,0.028000000000000004
200,candidate_3,candidate_2,candidate_4,candidate_1,candidate_5,5,0.028000000000000004
201,candidate_3,candidate_2,candidate_4,candidate_1,candidate_5,5,0.028000000000000004
202,candidate_3,candidate_2,candidate_4,candidate_1,candidate_5,5,0.028000000000000004
203,candidate_3,candidate_2,candidate_4,candidate_1,candidate_5,5,0.028000000000000004
204,candidate_3,candidate_2,candidate_4,candidate_1,candidate_5,5,0.028000000000000004
205,candidate_3,candidate_2,candidate_4,candidate_1,candidate_5,5,0.028000000000000004
206,candidate_3,candidate_2,candidate_4,candidate_1,candidate_5,5,0.028000000000000004
207,candidate_3,candidate_2,candidate_4,candidate_1,candidate_5,5,0.028000000000000004
208,candidate_3,candidate_2,candidate_4,candidate_1,candidate_5,5,0.028000000000000004
209,candidate_3,candidate_2,candidate_4,0,candidate_5,5,0.028000000000000004
210,candidate_3,candidate_2,candidate_4,candidate_1,candidate_5,5,0.028000000000000004
211,candidate_3,candidate_2,candidate_4,candidate_1,candidate_5,5,0.028000000000000004
212,candidate_3,candidate_2,candidate_4,candidate_1,candidate_5,5,0.028000000000000004
213,candidate_3,candidate_2,candidate_4,candidate_1,candidate_5,5,0.028000000000000004
214,candidate_3,candidate_2,candidate_4,candidate_1,candidate_5,5,0.028000000000000004
215,candidate_3,candidate_2,candidate_4,candidate_1,candidate_5,5,0.028000000000000004
216,candidate_3,candidate_2,candidate_4,candidate_1,candidate_5,5,0.028000000000000004
217,candidate_3,candidate_2,candidate_4,candidate_1,candidate_5,5,0.028000000000000004
218,candidate_3,candidate_2,candidate_4,candidate_1,candidate_5,5,0.028000000000000004
219,candidate_3,candidate_2,candidate_4,candidate_1,candidate_5,5,0.028000000000000004
220,candidate_3,candidate_2,candidate_4,0,candidate_5,5,0.028000000000000004
221,candidate_3,candidate_2,candidate_4,0,candidate_5,5,0.028000000000000004
222,candidate_3,candidate_2,candidate_4,candidate_1,candidate_5,5,0.028000000000000004
223,candidate_3,candidate_2,candidate_4,candidate_1,candidate_5,5,0.028000000000000004
224,candidate_3,candidate_2,candidate_4,candidate_1,candidate_5,5,0.028000000000000004
225,candidate_3,candidate_2,candidate_4,candidate_1,candidate_5,5,0.028000000000000004
226,candidate_3,candidate_2,candidate_4,candidate_1,candidate_5,5,0.028000000000000004
227,candidate_3,candidate_2,candidate_4,candidate_1,candidate_5,5,0.028000000000000004
228,candidate_3,candidate_2,candidate_4,candidate_1,candidate_5,5,0.028000000000000004
229,candidate_3,candidate_2,candidate_4,candidate_1,candidate_5,5,0.028000000000000004
230,candidate_3,candidate_2,candidate_4,candidate_1,candidate_5,5,0.028000000000000004
231,candidate_3,candidate_2,candidate_4,candidate_1,candidate_5,5,0.028000000000000004
232,candidate_3,candidate_2,candidate_4,candidate_1,candidate_5,5,0.028000000000000004
233,candidate_3,candidate_2,candidate_4,candidate_1,candidate_5,5,0.028000000000000004
234,candidate_3,candidate_2,candidate_4,candidate_1,candidate_5,5,0.028000000000000004
235,candidate_3,candidate_2,candidate_4,candidate_1,candidate_5,5,0.028000000000000004
236,candidate_3,candidate_2,candidate_4,candidate_1,candidate_5,5,0.028000000000000004
237,candidate_3,candidate_2,candidate_4,candidate_1,candidate_5,5,0.028000000000000004
238,candidate_3,candidate_2,candidate_4,candidate_1,candidate_5,5,0.028000000000000004
239,candidate_3,candidate_2,candidate_4,candidate_1,candidate_5,5,0.028000000000000004
0,candidate_3,candidate_2,candidate_4,candidate_5,candidate_1,5,0.028000000000000004
1,candidate_3,candidate_2,candidate_4,candidate_5,candidate_1,5,0.028000000000000004
2,candidate_3,candidate_2,candidate_4,candidate_5,candidate_1,5,0.028000000000000004
3,candidate_3,candidate_2,candidate_4,candidate_5,candidate_1,5,0.028000000000000004
4,candidate_3,candidate_2,candidate_4,candidate_5,candidate_1,5,0.028000000000000004
5,candidate_3,candidate_2,candidate_4,candidate_5,candidate_1,5,0.028000000000000004
6,candidate_3,candidate_2,candidate_4,candidate_5,candidate_1,5,0.028000000000000004
7,candidate_3,candidate_2,0,candidate_5,0,5,0.028000000000000004
8,candidate_3,candidate_2,candidate_4,candidate_5,candidate_1,5,0.028000000000000004
9,candidate_3,candidate_2,candidate_4,candidate_5,candidate_1,5,0.028000000000000004
10,candidate_3,candidate_2,candidate_4,candidate_5,candidate_1,5,0.028000000000000004
11,candidate_3,candidate_2,candidate_4,candidate_5,candidate_1,5,0.028000000000000004
12,candidate_3,candidate_2,candidate_4,candidate_5,candidate_1,5,0.028000000000000004
13,candidate_3,candidate_2,candidate_4,candidate_5,candidate_1,5,0.028000000000000004
14,candidate_3,candidate_2,candidate_4,candidate_5,candidate_1,5,0.028000000000000004
15,candidate_3,candidate_2,candidate_4,candidate_5,0,5,0.028000000000000004
16,candidate_3,candidate_2,candidate_4,candidate_5,candidate_1,5,0.028000000000000004
17,candidate_3,candidate_2,candidate_4,candidate_5,candidate_1,5,0.028000000000000004
18,candidate_3,candidate_2,candidate_4,candidate_5,candidate_1,5,0.028000000000000004
19,candidate_3,candidate_2,candidate_4,candidate_5,candidate_1,5,0.028000000000000004
20,candidate_3,candidate_2,candidate_4,candidate_5,candidate_1,5,0.028000000000000004
21,candidate_3,candidate_2,candidate_4,candidate_5,candidate_1,5,0.028000000000000004
22,candidate_3,candidate_2,candidate_4,candidate_5,candidate_1,5,0.028000000000000004
23,candidate_3,candidate_2,candidate_4,candidate_5,candidate_1,5,0.028000000000000004
24,candidate_3,candidate_2,candidate_4,candidate_5,candidate_1,5,0.028000000000000004
25,candidate_3,candidate_2,candidate_4,candidate_5,candidate_1,5,0.028000000000000004
26,candidate_3,candidate_2,candidate_4,candidate_5,candidate_1,5,0.028000000000000004
27,candidate_3,candidate_2,candidate_4,candidate_5,candidate_1,5,0.028000000000000004
28,candidate_3,candidate_2,candidate_4,candidate_5,candidate_1,5,0.028000000000000004
29,candidate_3,candidate_2,candidate_4,candidate_5,candidate_1,5,0.028000000000000004
30,candidate_3,candidate_2,candidate_4,candidate_5,candidate_1,5,0.028000000000000004
31,candidate_3,candidate_2,candidate_4,candidate_5,0,5,0.028000000000000004
32,candidate_3,candidate_2,candidate_4,candidate_5,candidate_1,5,0.028000000000000004
33,candidate_3,candidate_2,candidate_4,candidate_5,candidate_1,5,0.028000000000000004
34,candidate_3,candidate_2,candidate_4,candidate_5,candidate_1,5,0.028000000000000004
35,candidate_3,candidate_2,candidate_4,candidate_5,candidate_1,5,0.028000000000000004
36,candidate_3,candidate_2,candidate_4,candidate_5,candidate_1,5,0.028000000000000004
37,candidate_3,candidate_2,candidate_4,candidate_5,candidate_1,5,0.028000000000000004
38,candidate_3,candidate_2,candidate_4,candidate_5,candidate_1,5,0.028000000000000004
39,candidate_3,candidate_2,candidate_4,candidate_5,candidate_1,5,0.028000000000000004
40,candidate_3,candidate_2,0,candidate_5,candidate_1,5,0.028000000000000004
41,candidate_3,candidate_2,candidate_4,candidate_5,candidate_1,5,0.028000000000000004
42,candidate_3,candidate_2,candidate_4,candidate_5,candidate_1,5,0.028000000000000004
43,candidate_3,candidate_2,candidate_4,candidate_5,candidate_1,5,0.028000000000000004
44,candidate_3,candidate_2,candidate_4,candidate_5,candidate_1,5,0.028000000000000004
45,candidate_3,candidate_2,candidate_4,candidate_5,candidate_1,5,0.028000000000000004
46,candidate_3,0,candidate_4,candidate_5,candidate_1,5,0.028000000000000004
47,candidate_3,candidate_2,candidate_4,candidate_5,candidate_1,5,0.028000000000000004
48,candidate_3,candidate_2,0,candidate_5,candidate_1,5,0.028000000000000004
49,candidate_3,candidate_2,candidate_4,candidate_5,candidate_1,5,0.028000000000000004
50,candidate_3,candidate_2,candidate_4,candidate_5,candidate_1,5,0.028000000000000004
51,candidate_3,candidate_2,candidate_4,candidate_5,candidate_1,5,0.028000000000000004
52,candidate_3,candidate_2,candidate_4,candidate_5,candidate_1,5,0.028000000000000004
53,candidate_3,candidate_2,candidate_4,candidate_5,candidate_1,5,0.028000000000000004
54,candidate_3,candidate_2,candidate_4,candidate_5,candidate_1,5,0.028000000000000004
55,candidate_3,candidate_2,candidate_4,candidate_5,candidate_1,5,0.028000000000000004
56,candidate_3,candidate_2,candidate_4,candidate_5,candidate_1,5,0.028000000000000004
57,candidate_3,candidate_2,candidate_4,candidate_5,candidate_1,5,0.028000000000000004
58,candidate_3,candidate_2,candidate_4,candidate_5,candidate_1,5,0.028000000000000004
59,candidate_3,candidate_2,candidate_4,candidate_5,candidate_1,5,0.028000000000000004
60,candidate_3,candidate_2,candidate_4,candidate_5,candidate_1,5,0.028000000000000004
61,candidate_3,candidate_2,candidate_4,candidate_5,candidate_1,5,0.028000000000000004
62,candidate_3,candidate_2,candidate_4,candidate_5,candidate_1,5,0.028000000000000004
63,candidate_3,candidate_2,candidate_4,candidate_5,candidate_1,5,0.028000000000000004
64,candidate_3,candidate_2,candidate_4,candidate_5,candidate_1,5,0.028000000000000004
65,candidate_3,candidate_2,candidate_4,candidate_5,candidate_1,5,0.028000000000000004
66,candidate_3,candidate_2,candidate_4,candidate_5,candidate_1,5,0.028000000000000004
67,candidate_3,candidate_2,candidate_4,candidate_5,candidate_1,5,0.028000000000000004
68,candidate_3,candidate_2,candidate_4,candidate_5,candidate_1,5,0.028000000000000004
69,candidate_3,candidate_2,candidate_4,candidate_5,candidate_1,5,0.028000000000000004
70,candidate_3,candidate_2,candidate_4,candidate_5,candidate_1,5,0.028000000000000004
71,candidate_3,candidate_2,candidate_4,candidate_5,0,5,0.028000000000000004
72,candidate_3,candidate_2,candidate_4,candidate_5,candidate_1,5,0.028000000000000004
73,candidate_3,candidate_2,candidate_4,candidate_5,0,5,0.028000000000000004
74,candidate_3,candidate_2,candidate_4,candidate_5,0,5,0.028000000000000004
75,candidate_3,candidate_2,candidate_4,candidate_5,candidate_1,5,0.028000000000000004
76,candidate_3,candidate_2,candidate_4,candidate_5,candidate_1,5,0.028000000000000004
77,candidate_3,candidate_2,candidate_4,candidate_5,candidate_1,5,0.028000000000000004
78,candidate_3,candidate_2,candidate_4,candidate_5,candidate_1,5,0.028000000000000004
79,candidate_3,candidate_2,candidate_4,candidate_5,candidate_1,5,0.028000000000000004
80,candidate_3,candidate_2,candidate_4,candidate_5,candidate_1,5,0.028000000000000004
81,candidate_3,candidate_2,candidate_4,candidate_5,candidate_1,5,0.028000000000000004
82,candidate_3,candidate_2,candidate_4,candidate_5,candidate_1,5,0.028000000000000004
83,candidate_3,candidate_2,candidate_4,candidate_5,candidate_1,5,0.028000000000000004
84,candidate_3,candidate_2,candidate_4,candidate_5,candidate_1,5,0.028000000000000004
85,candidate_3,candidate_2,candidate_4,candidate_5,candidate_1,5,0.028000000000000004
86,0,candidate_2,candidate_4,candidate_5,candidate_1,5,0.028000000000000004
87,candidate_3,candidate_2,candidate_4,candidate_5,candidate_1,5,0.028000000000000004
88,candidate_3,candidate_2,candidate_4,candidate_5,candidate_1,5,0.028000000000000004
89,candidate_3,candidate_2,candidate_4,candidate_5,candidate_1,5,0.028000000000000004
90,candidate_3,candidate_2,candidate_4,candidate_5,candidate_1,5,0.028000000000000004
91,candidate_3,candidate_2,candidate_4,candidate_5,candidate_1,5,0.028000000000000004
92,candidate_3,candidate_2,candidate_4,candidate_5,candidate_1,5,0.028000000000000004
93,candidate_3,candidate_2,candidate_4,candidate_5,candidate_1,5,0.028000000000000004
94,candidate_3,candidate_2,candidate_4,candidate_5,candidate_1,5,0.028000000000000004
95,candidate_3,candidate_2,candidate_4,candidate_5,candidate_1,5,0.028000000000000004
96,candidate_3,candidate_2,candidate_4,candidate_5,candidate_1,5,0.028000000000000004
97,candidate_3,candidate_2,candidate_4,candidate_5,candidate_1,5,0.028000000000000004
98,candidate_3,candidate_2,candidate_4,candidate_5,candidate_1,5,0.028000000000000004
99,candidate_3,candidate_2,candidate_4,candidate_5,candidate_1,5,0.028000000000000004
100,candidate_3,candidate_2,candidate_4,candidate_5,candidate_1,5,0.028000000000000004
101,candidate_3,candidate_2,candidate_4,candidate_5,candidate_1,5,0.028000000000000004
102,candidate_3,candidate_2,candidate_4,candidate_5,candidate_1,5,0.028000000000000004
103,candidate_3,candidate_2,candidate_4,candidate_5,candidate_1,5,0.028000000000000004
104,candidate_3,candidate_2,candidate_4,candidate_5,candidate_1,5,0.028000000000000004
105,candidate_3,candidate_2,candidate_4,candidate_5,candidate_1,5,0.028000000000000004
106,candidate_3,candidate_2,candidate_4,candidate_5,candidate_1,5,0.028000000000000004
107,candidate_3,candidate_2,candidate_4,candidate_5,candidate_1,5,0.028000000000000004
108,candidate_3,candidate_2,candidate_4,candidate_5,candidate_1,5,0.028000000000000004
109,0,candidate_2,candidate_4,candidate_5,candidate_1,5,0.028000000000000004
110,candidate_3,candidate_2,candidate_4,candidate_5,candidate_1,5,0.028000000000000004
111,candidate_3,candidate_2,candidate_4,candidate_5,0,5,0.028000000000000004
112,candidate_3,candidate_2,candidate_4,candidate_5,candidate_1,5,0.028000000000000004
113,candidate_3,candidate_2,candidate_4,candidate_5,candidate_1,5,0.028000000000000004
114,candidate_3,candidate_2,candidate_4,candidate_5,candidate_1,5,0.028000000000000004
115,candidate_3,candidate_2,candidate_4,candidate_5,candidate_1,5,0.028000000000000004
116,candidate_3,candidate_2,candidate_4,candidate_5,candidate_1,5,0.028000000000000004
117,candidate_3,candidate_2,candidate_4,candidate_5,candidate_1,5,0.028000000000000004
118,candidate_3,candidate_2,candidate_4,candidate_5,candidate_1,5,0.028000000000000004
119,candidate_3,candidate_2,candidate_4,candidate_5,candidate_1,5,0.028000000000000004
120,candidate_3,candidate_2,candidate_4,0,candidate_1,5,0.028000000000000004
121,candidate_3,candidate_2,candidate_4,candidate_5,candidate_1,5,0.028000000000000004
122,candidate_3,candidate_2,candidate_4,candidate_5,candidate_1,5,0.028000000000000004
123,0,candidate_2,candidate_4,candidate_5,candidate_1,5,0.028000000000000004
124,candidate_3,candidate_2,candidate_4,candidate_5,candidate_1,5,0.028000000000000004
125,candidate_3,candidate_2,candidate_4,candidate_5,candidate_1,5,0.028000000000000004
126,candidate_3,candidate_2,candidate_4,candidate_5,candidate_1,5,0.028000000000000004
127,candidate_3,candidate_2,candidate_4,0,candidate_1,5,0.028000000000000004
128,candidate_3,candidate_2,candidate_4,candidate_5,candidate_1,5,0.028000000000000004
129,candidate_3,candidate_2,candidate_4,candidate_5,candidate_1,5,0.028000000000000004
130,candidate_3,candidate_2,candidate_4,candidate_5,candidate_1,5,0.028000000000000004
131,candidate_3,candidate_2,candidate_4,candidate_5,candidate_1,5,0.028000000000000004
132,candidate_3,candidate_2,candidate_4,candidate_5,candidate_1,5,0.028000000000000004
133,candidate_3,candidate_2,candidate_4,candidate_5,candidate_1,5,0.028000000000000004
134,candidate_3,candidate_2,candidate_4,candidate_5,candidate_1,5,0.028000000000000004
135,candidate_3,candidate_2,candidate_4,candidate_5,candidate_1,5,0.028000000000000004
136,candidate_3,candidate_2,candidate_4,candidate_5,candidate_1,5,0.028000000000000004
137,candidate_3,candidate_2,candidate_4,candidate_5,candidate_1,5,0.028000000000000004
138,candidate_3,candidate_2,candidate_4,candidate_5,0,5,0.028000000000000004
139,candidate_3,candidate_2,candidate_4,candidate_5,candidate_1,5,0.028000000000000004
140,candidate_3,candidate_2,candidate_4,candidate_5,candidate_1,5,0.028000000000000004
141,candidate_3,candidate_2,candidate_4,candidate_5,candidate_1,5,0.028000000000000004
142,candidate_3,candidate_2,candidate_4,candidate_5,candidate_1,5,0.028000000000000004
143,candidate_3,candidate_2,candidate_4,candidate_5,candidate_1,5,0.028000000000000004
144,candidate_3,candidate_2,candidate_4,candidate_5,candidate_1,5,0.028000000000000004
145,candidate_3,candidate_2,candidate_4,candidate_5,candidate_1,5,0.028000000000000004
146,candidate_3,candidate_2,candidate_4,candidate_5,candidate_1,5,0.028000000000000004
147,candidate_3,candidate_2,candidate_4,candidate_5,candidate_1,5,0.028000000000000004
148,candidate_3,candidate_2,candidate_4,candidate_5,candidate_1,5,0.028000000000000004
149,candidate_3,candidate_2,candidate_4,candidate_5,0,5,0.028000000000000004
150,candidate_3,candidate_2,candidate_4,candidate_5,candidate_1,5,0.028000000000000004
151,candidate_3,candidate_2,candidate_4,candidate_5,candidate_1,5,0.028000000000000004
152,candidate_3,candidate_2,candidate_4,candidate_5,candidate_1,5,0.028000000000000004
153,candidate_3,candidate_2,candidate_4,candidate_5,candidate_1,5,0.028000000000000004
154,candidate_3,candidate_2,candidate_4,candidate_5,candidate_1,5,0.028000000000000004
155,candidate_3,candidate_2,candidate_4,candidate_5,candidate_1,5,0.028000000000000004
156,candidate_3,candidate_2,candidate_4,candidate_5,0,5,0.028000000000000004
157,candidate_3,candidate_2,candidate_4,candidate_5,candidate_1,5,0.028000000000000004
158,candidate_3,candidate_2,candidate_4,candidate_5,candidate_1,5,0.028000000000000004
159,candidate_3,candidate_2,candidate_4,0,candidate_1,5,0.028000000000000004
160,candidate_3,candidate_2,candidate_4,candidate_5,candidate_1,5,0.028000000000000004
161,candidate_3,candidate_2,candidate_4,candidate_5,candidate_1,5,0.028000000000000004
162,candidate_3,candidate_2,candidate_4,candidate_5,candidate_1,5,0.028000000000000004
163,candidate_3,candidate_2,candidate_4,candidate_5,candidate_1,5,0.028000000000000004
164,candidate_3,candidate_2,candidate_4,candidate_5,candidate_1,5,0.028000000000000004
165,candidate_3,candidate_2,candidate_4,candidate_5,candidate_1,5,0.028000000000000004
166,candidate_3,candidate_2,candidate_4,candidate_5,candidate_1,5,0.028000000000000004
167,candidate_3,candidate_2,candidate_4,candidate_5,candidate_1,5,0.028000000000000004
168,candidate_3,candidate_2,candidate_4,candidate_5,candidate_1,5,0.028000000000000004
169,candidate_3,candidate_2,candidate_4,candidate_5,candidate_1,5,0.028000000000000004
170,candidate_3,candidate_2,candidate_4,candidate_5,candidate_1,5,0.028000000000000004
171,candidate_3,candidate_2,candidate_4,candidate_5,candidate_1,5,0.028000000000000004
172,candidate_3,candidate_2,candidate_4,candidate_5,candidate_1,5,0.028000000000000004
173,candidate_3,candidate_2,candidate_4,candidate_5,candidate_1,5,0.028000000000000004
174,candidate_3,candidate_2,candidate_4,candidate_5,candidate_1,5,0.028000000000000004
175,candidate_3,candidate_2,candidate_4,candidate_5,candidate_1,5,0.028000000000000004
176,candidate_3,candidate_2,candidate_4,candidate_5,candidate_1,5,0.028000000000000004
177,candidate_3,candidate_2,candidate_4,candidate_5,candidate_1,5,0.028000000000000004
178,candidate_3,candidate_2,candidate_4,candidate_5,candidate_1,5,0.028000000000000004
179,candidate_3,candidate_2,candidate_4,candidate_5,candidate_1,5,0.028000000000000004
180,candidate_3,candidate_2,candidate_4,candidate_5,candidate_1,5,0.028000000000000004
181,candidate_3,candidate_2,candidate_4,candidate_5,candidate_1,5,0.028000000000000004
182,candidate_3,candidate_2,candidate_4,candidate_5,candidate_1,5,0.028000000000000004
183,candidate_3,candidate_2,candidate_4,candidate_5,candidate_1,5,0.028000000000000004
184,candidate_3,candidate_2,candidate_4,candidate_5,candidate_1,5,0.028000000000000004
185,candidate_3,candidate_2,candidate_4,candidate_5,candidate_1,5,0.028000000000000004
186,candidate_3,candidate_2,candidate_4,candidate_5,candidate_1,5,0.028000000000000004
187,candidate_3,candidate_2,candidate_4,candidate_5,candidate_1,5,0.028000000000000004
188,candidate_3,candidate_2,candidate_4,candidate_5,candidate_1,5,0.028000000000000004
189,candidate_3,candidate_2,candidate_4,candidate_5,candidate_1,5,0.028000000000000004
190,candidate_3,candidate_2,candidate_4,0,candidate_1,5,0.028000000000000004
191,candidate_3,candidate_2,candidate_4,candidate_5,candidate_1,5,0.028000000000000004
192,candidate_3,candidate_2,candidate_4,candidate_5,candidate_1,5,0.028000000000000004
193,candidate_3,candidate_2,candidate_4,candidate_5,candidate_1,5,0.028000000000000004
194,candidate_3,candidate_2,candidate_4,candidate_5,candidate_1,5,0.028000000000000004
195,candidate_3,candidate_2,candidate_4,candidate_5,candidate_1,5,0.028000000000000004
196,candidate_3,candidate_2,candidate_4,candidate_5,candidate_1,5,0.028000000000000004
197,candidate_3,candidate_2,candidate_4,candidate_5,candidate_1,5,0.028000000000000004
198,candidate_3,candidate_2,candidate_4,candidate_5,candidate_1,5,0.028000000000000004
199,candidate_3,candidate_2,candidate_4,0,0,5,0.028000000000000004
200,candidate_3,candidate_2,candidate_4,candidate_5,candidate_1,5,0.028000000000000004
201,candidate_3,candidate_2,candidate_4,candidate_5,0,5,0.028000000000000004
202,candidate_3,candidate_2,candidate_4,0,candidate_1,5,0.028000000000000004
203,candidate_3,candidate_2,candidate_4,candidate_5,candidate_1,5,0.028000000000000004
204,candidate_3,candidate_2,candidate_4,candidate_5,candidate_1,5,0.028000000000000004
205,candidate_3,candidate_2,candidate_4,candidate_5,candidate_1,5,0.028000000000000004
206,candidate_3,candidate_2,candidate_4,candidate_5,candidate_1,5,0.028000000000000004
207,candidate_3,candidate_2,candidate_4,candidate_5,candidate_1,5,0.028000000000000004
208,candidate_3,candidate_2,candidate_4,candidate_5,candidate_1,5,0.028000000000000004
209,candidate_3,candidate_2,candidate_4,candidate_5,candidate_1,5,0.028000000000000004
210,candidate_3,candidate_2,candidate_4,candidate_5,0,5,0.028000000000000004
211,candidate_3,candidate_2,candidate_4,candidate_5,candidate_1,5,0.028000000000000004
212,candidate_3,candidate_2,candidate_4,candidate_5,candidate_1,5,0.028000000000000004
213,candidate_3,candidate_2,candidate_4,candidate_5,candidate_1,5,0.028000000000000004
214,candidate_3,candidate_2,candidate_4,candidate_5,candidate_1,5,0.028000000000000004
215,candidate_3,candidate_2,candidate_4,candidate_5,candidate_1,5,0.028000000000000004
216,candidate_3,candidate_2,candidate_4,0,candidate_1,5,0.028000000000000004
217,candidate_3,candidate_2,candidate_4,candidate_5,candidate_1,5,0.028000000000000004
218,candidate_3,candidate_2,candidate_4,candidate_5,candidate_1,5,0.028000000000000004
219,candidate_3,candidate_2,candidate_4,candidate_5,candidate_1,5,0.028000000000000004
220,candidate_3,0,candidate_4,candidate_5,candidate_1,5,0.028000000000000004
221,candidate_3,candidate_2,candidate_4,candidate_5,candidate_1,5,0.028000000000000004
222,candidate_3,candidate_2,candidate_4,candidate_5,candidate_1,5,0.028000000000000004
223,candidate_3,candidate_2,candidate_4,candidate_5,candidate_1,5,0.028000000000000004
224,candidate_3,candidate_2,candidate_4,candidate_5,0,5,0.028000000000000004
225,candidate_3,candidate_2,candidate_4,candidate_5,candidate_1,5,0.028000000000000004
226,candidate_3,candidate_2,candidate_4,candidate_5,candidate_1,5,0.028000000000000004
227,candidate_3,candidate_2,candidate_4,candidate_5,candidate_1,5,0.028000000000000004
228,candidate_3,candidate_2,candidate_4,candidate_5,candidate_1,5,0.028000000000000004
229,candidate_3,candidate_2,candidate_4,candidate_5,candidate_1,5,0.028000000000000004
230,0,candidate_2,candidate_4,candidate_5,candidate_1,5,0.028000000000000004
231,candidate_3,candidate_2,candidate_4,candidate_5,candidate_1,5,0.028000000000000004
232,candidate_3,candidate_2,candidate_4,candidate_5,candidate_1,5,0.028000000000000004
233,candidate_3,candidate_2,candidate_4,candidate_5,candidate_1,5,0.028000000000000004
234,candidate_3,candidate_2,candidate_4,candidate_5,candidate_1,5,0.028000000000000004
235,candidate_3,candidate_2,candidate_4,candidate_5,candidate_1,5,0.028000000000000004
236,candidate_3,candidate_2,candidate_4,candidate_5,candidate_1,5,0.028000000000000004
237,candidate_3,candidate_2,candidate_4,candidate_5,candidate_1,5,0.028000000000000004
238,candidate_3,candidate_2,candidate_4,candidate_5,candidate_1,5,0.028000000000000004
239,candidate_3,candidate_2,candidate_4,candidate_5,candidate_1,5,0.028000000000000004
240,candidate_3,candidate_2,candidate_4,candidate_5,candidate_1,5,0.028000000000000004
241,candidate_3,candidate_2,candidate_4,candidate_5,candidate_1,5,0.028000000000000004
242,candidate_3,candidate_2,candidate_4,candidate_5,candidate_1,5,0.028000000000000004
243,candidate_3,candidate_2,0,candidate_5,candidate_1,5,0.028000000000000004
244,candidate_3,candidate_2,candidate_4,candidate_5,candidate_1,5,0.028000000000000004
245,candidate_3,candidate_2,candidate_4,candidate_5,candidate_1,5,0.028000000000000004
246,candidate_3,candidate_2,candidate_4,candidate_5,candidate_1,5,0.028000000000000004
247,candidate_3,0,candidate_4,candidate_5,candidate_1,5,0.028000000000000004
248,candidate_3,candidate_2,candidate_4,candidate_5,candidate_1,5,0.028000000000000004
249,candidate_3,candidate_2,candidate_4,candidate_5,candidate_1,5,0.028000000000000004
250,candidate_3,candidate_2,candidate_4,candidate_5,candidate_1,5,0.028000000000000004
251,candidate_3,candidate_2,candidate_4,candidate_5,candidate_1,5,0.028000000000000004
252,candidate_3,0,candidate_4,candidate_5,candidate_1,5,0.028000000000000004
253,candidate_3,candidate_2,candidate_4,candidate_5,candidate_1,5,0.028000000000000004
254,candidate_3,candidate_2,candidate_4,candidate_5,candidate_1,5,0.028000000000000004
255,candidate_3,candidate_2,candidate_4,0,candidate_1,5,0.028000000000000004
256,candidate_3,candidate_2,candidate_4,candidate_5,candidate_1,5,0.028000000000000004
257,candidate_3,candidate_2,candidate_4,candidate_5,candidate_1,5,0.028000000000000004
258,candidate_3,candidate_2,candidate_4,candidate_5,candidate_1,5,0.028000000000000004
259,candidate_3,candidate_2,candidate_4,candidate_5,candidate_1,5,0.028000000000000004
260,candidate_3,candidate_2,candidate_4,candidate_5,candidate_1,5,0.028000000000000004
261,candidate_3,candidate_2,candidate_4,candidate_5,candidate_1,5,0.028000000000000004
262,candidate_3,candidate_2,candidate_4,candidate_5,candidate_1,5,0.028000000000000004
263,candidate_3,candidate_2,candidate_4,candidate_5,candidate_1,5,0.028000000000000004
264,candidate_3,candidate_2,candidate_4,candidate_5,candidate_1,5,0.028000000000000004
265,candidate_3,candidate_2,candidate_4,candidate_5,candidate_1,5,0.028000000000000004
266,candidate_3,candidate_2,candidate_4,candidate_5,candidate_1,5,0.028000000000000004
267,candidate_3,candidate_2,candidate_4,candidate_5,candidate_1,5,0.028000000000000004
268,candidate_3,candidate_2,candidate_4,candidate_5,candidate_1,5,0.028000000000000004
269,candidate_3,candidate_2,candidate_4,candidate_5,candidate_1,5,0.028000000000000004
270,candidate_3,candidate_2,candidate_4,candidate_5,candidate_1,5,0.028000000000000004
271,candidate_3,candidate_2,candidate_4,candidate_5,candidate_1,5,0.028000000000000004
272,candidate_3,candidate_2,candidate_4,candidate_5,candidate_1,5,0.028000000000000004
273,candidate_3,candidate_2,candidate_4,candidate_5,candidate_1,5,0.028000000000000004
274,candidate_3,candidate_2,candidate_4,candidate_5,candidate_1,5,0.028000000000000004
275,candidate_3,candidate_2,candidate_4,candidate_5,candidate_1,5,0.028000000000000004
276,candidate_3,candidate_2,candidate_4,candidate_5,candidate_1,5,0.028000000000000004
277,candidate_3,candidate_2,candidate_4,candidate_5,candidate_1,5,0.028000000000000004
278,candidate_3,candidate_2,candidate_4,candidate_5,candidate_1,5,0.028000000000000004
279,candidate_3,candidate_2,candidate_4,candidate_5,candidate_1,5,0.028000000000000004
280,candidate_3,candidate_2,candidate_4,candidate_5,0,5,0.028000000000000004
281,candidate_3,candidate_2,candidate_4,candidate_5,candidate_1,5,0.028000000000000004
282,candidate_3,0,candidate_4,candidate_5,candidate_1,5,0.028000000000000004
283,candidate_3,candidate_2,candidate_4,candidate_5,candidate_1,5,0.028000000000000004
284,candidate_3,candidate_2,candidate_4,candidate_5,candidate_1,5,0.028000000000000004
285,candidate_3,candidate_2,candidate_4,candidate_5,candidate_1,5,0.028000000000000004
286,candidate_3,candidate_2,candidate_4,candidate_5,0,5,0.028000000000000004
287,candidate_3,candidate_2,candidate_4,candidate_5,candidate_1,5,0.028000000000000004
288,candidate_3,candidate_2,candidate_4,candidate_5,candidate_1,5,0.028000000000000004
289,candidate_3,candidate_2,candidate_4,candidate_5,candidate_1,5,0.028000000000000004
290,candidate_3,candidate_2,candidate_4,candidate_5,candidate_1,5,0.028000000000000004
291,candidate_3,0,candidate_4,candidate_5,candidate_1,5,0.028000000000000004
292,0,candidate_2,candidate_4,candidate_5,candidate_1,5,0.028000000000000004
293,candidate_3,candidate_2,candidate_4,candidate_5,candidate_1,5,0.028000000000000004
294,candidate_3,candidate_2,candidate_4,candidate_5,candidate_1,5,0.028000000000000004
295,candidate_3,candidate_2,candidate_4,candidate_5,candidate_1,5,0.028000000000000004
296,candidate_3,candidate_2,candidate_4,candidate_5,candidate_1,5,0.028000000000000004
297,candidate_3,candidate_2,candidate_4,candidate_5,candidate_1,5,0.028000000000000004
298,candidate_3,candidate_2,candidate_4,candidate_5,candidate_1,5,0.028000000000000004
299,candidate_3,candidate_2,candidate_4,candidate_5,candidate_1,5,0.028000000000000004
300,candidate_3,candidate_2,candidate_4,candidate_5,candidate_1,5,0.028000000000000004
301,candidate_3,candidate_2,candidate_4,candidate_5,candidate_1,5,0.028000000000000004
302,candidate_3,candidate_2,candidate_4,candidate_5,candidate_1,5,0.028000000000000004
303,candidate_3,candidate_2,candidate_4,candidate_5,candidate_1,5,0.028000000000000004
304,candidate_3,candidate_2,candidate_4,candidate_5,candidate_1,5,0.028000000000000004
305,candidate_3,candidate_2,candidate_4,candidate_5,candidate_1,5,0.028000000000000004
306,candidate_3,candidate_2,candidate_4,candidate_5,candidate_1,5,0.028000000000000004
307,candidate_3,candidate_2,candidate_4,0,candidate_1,5,0.028000000000000004
308,candidate_3,candidate_2,candidate_4,candidate_5,candidate_1,5,0.028000000000000004
309,candidate_3,candidate_2,candidate_4,candidate_5,candidate_1,5,0.028000000000000004
310,candidate_3,candidate_2,candidate_4,candidate_5,candidate_1,5,0.028000000000000004
311,candidate_3,candidate_2,candidate_4,candidate_5,candidate_1,5,0.028000000000000004
312,candidate_3,candidate_2,candidate_4,candidate_5,candidate_1,5,0.028000000000000004
313,candidate_3,candidate_2,candidate_4,candidate_5,candidate_1,5,0.028000000000000004
314,candidate_3,candidate_2,candidate_4,candidate_5,candidate_1,5,0.028000000000000004
315,candidate_3,candidate_2,candidate_4,candidate_5,candidate_1,5,0.028000000000000004
316,candidate_3,candidate_2,candidate_4,candidate_5,candidate_1,5,0.028000000000000004
317,candidate_3,candidate_2,candidate_4,candidate_5,candidate_1,5,0.028000000000000004
318,candidate_3,candidate_2,candidate_4,candidate_5,0,5,0.028000000000000004
319,candidate_3,candidate_2,candidate_4,candidate_5,candidate_1,5,0.028000000000000004
320,candidate_3,candidate_2,candidate_4,candidate_5,candidate_1,5,0.028000000000000004
321,candidate_3,candidate_2,candidate_4,candidate_5,candidate_1,5,0.028000000000000004
322,candidate_3,candidate_2,candidate_4,candidate_5,candidate_1,5,0.028000000000000004
323,candidate_3,candidate_2,candidate_4,candidate_5,candidate_1,5,0.028000000000000004
324,candidate_3,candidate_2,candidate_4,candidate_5,candidate_1,5,0.028000000000000004
325,candidate_3,candidate_2,candidate_4,candidate_5,candidate_1,5,0.028000000000000004
326,candidate_3,candidate_2,candidate_4,candidate_5,candidate_1,5,0.028000000000000004
327,candidate_3,candidate_2,candidate_4,candidate_5,candidate_1,5,0.028000000000000004
328,candidate_3,candidate_2,candidate_4,candidate_5,candidate_1,5,0.028000000000000004
329,candidate_3,candidate_2,candidate_4,candidate_5,candidate_1,5,0.028000000000000004
330,candidate_3,candidate_2,candidate_4,candidate_5,candidate_1,5,0.028000000000000004
331,candidate_3,candidate_2,candidate_4,candidate_5,candidate_1,5,0.028000000000000004
332,candidate_3,candidate_2,candidate_4,candidate_5,candidate_1,5,0.028000000000000004
333,candidate_3,candidate_2,candidate_4,candidate_5,candidate_1,5,0.028000000000000004
334,candidate_3,candidate_2,candidate_4,candidate_5,candidate_1,5,0.028000000000000004
335,candidate_3,candidate_2,candidate_4,candidate_5,candidate_1,5,0.028000000000000004
336,candidate_3,candidate_2,candidate_4,candidate_5,candidate_1,5,0.028000000000000004
337,candidate_3,candidate_2,candidate_4,candidate_5,candidate_1,5,0.028000000000000004
338,candidate_3,candidate_2,candidate_4,candidate_5,candidate_1,5,0.028000000000000004
339,candidate_3,candidate_2,candidate_4,candidate_5,candidate_1,5,0.028000000000000004
340,candidate_3,candidate_2,candidate_4,candidate_5,candidate_1,5,0.028000000000000004
341,candidate_3,candidate_2,candidate_4,candidate_5,candidate_1,5,0.028000000000000004
342,candidate_3,candidate_2,candidate_4,candidate_5,0,5,0.028000000000000004
343,candidate_3,candidate_2,candidate_4,candidate_5,candidate_1,5,0.028000000000000004
344,candidate_3,candidate_2,candidate_4,candidate_5,0,5,0.028000000000000004
345,candidate_3,candidate_2,candidate_4,candidate_5,candidate_1,5,0.028000000000000004
346,candidate_3,candidate_2,candidate_4,candidate_5,candidate_1,5,0.028000000000000004
347,candidate_3,0,candidate_4,candidate_5,candidate_1,5,0.028000000000000004
348,candidate_3,candidate_2,candidate_4,candidate_5,candidate_1,5,0.028000000000000004
349,candidate_3,candidate_2,candidate_4,candidate_5,candidate_1,5,0.028000000000000004
350,candidate_3,candidate_2,candidate_4,candidate_5,candidate_1,5,0.028000000000000004
351,candidate_3,candidate_2,candidate_4,candidate_5,candidate_1,5,0.028000000000000004
352,candidate_3,candidate_2,candidate_4,candidate_5,candidate_1,5,0.028000000000000004
353,candidate_3,candidate_2,candidate_4,candidate_5,candidate_1,5,0.028000000000000004
354,candidate_3,candidate_2,candidate_4,candidate_5,candidate_1,5,0.028000000000000004
355,candidate_3,candidate_2,candidate_4,candidate_5,candidate_1,5,0.028000000000000004
356,candidate_3,candidate_2,candidate_4,candidate_5,0,5,0.028000000000000004
357,candidate_3,candidate_2,candidate_4,candidate_5,candidate_1,5,0.028000000000000004
358,candidate_3,candidate_2,candidate_4,candidate_5,candidate_1,5,0.028000000000000004
359,candidate_3,candidate_2,candidate_4,candidate_5,candidate_1,5,0.028000000000000004
360,candidate_3,candidate_2,candidate_4,candidate_5,candidate_1,5,0.028000000000000004
361,candidate_3,candidate_2,candidate_4,candidate_5,candidate_1,5,0.028000000000000004
362,candidate_3,candidate_2,candidate_4,candidate_5,candidate_1,5,0.028000000000000004
363,candidate_3,candidate_2,candidate_4,candidate_5,candidate_1,5,0.028000000000000004
364,candidate_3,candidate_2,candidate_4,candidate_5,candidate_1,5,0.028000000000000004
365,candidate_3,candidate_2,candidate_4,candidate_5,candidate_1,5,0.028000000000000004
366,candidate_3,candidate_2,candidate_4,0,candidate_1,5,0.028000000000000004
367,candidate_3,candidate_2,candidate_4,candidate_5,candidate_1,5,0.028000000000000004
368,candidate_3,candidate_2,candidate_4,candidate_5,candidate_1,5,0.028000000000000004
369,candidate_3,candidate_2,candidate_4,candidate_5,candidate_1,5,0.028000000000000004
370,candidate_3,candidate_2,candidate_4,candidate_5,candidate_1,5,0.028000000000000004
371,candidate_3,candidate_2,candidate_4,0,candidate_1,5,0.028000000000000004
372,candidate_3,candidate_2,candidate_4,candidate_5,candidate_1,5,0.028000000000000004
373,candidate_3,candidate_2,candidate_4,candidate_5,candidate_1,5,0.028000000000000004
374,candidate_3,candidate_2,candidate_4,candidate_5,candidate_1,5,0.028000000000000004
375,candidate_3,candidate_2,candidate_4,candidate_5,candidate_1,5,0.028000000000000004
376,candidate_3,candidate_2,candidate_4,candidate_5,candidate_1,5,0.028000000000000004
377,candidate_3,candidate_2,candidate_4,candidate_5,candidate_1,5,0.028000000000000004
378,candidate_3,candidate_2,candidate_4,candidate_5,candidate_1,5,0.028000000000000004
379,candidate_3,candidate_2,candidate_4,candidate_5,candidate_1,5,0.028000000000000004
380,candidate_3,candidate_2,candidate_4,candidate_5,candidate_1,5,0.028000000000000004
381,candidate_3,candidate_2,candidate_4,candidate_5,candidate_1,5,0.028000000000000004
382,candidate_3,candidate_2,candidate_4,candidate_5,candidate_1,5,0.028000000000000004
383,candidate_3,candidate_2,candidate_4,candidate_5,candidate_1,5,0.028000000000000004
384,candidate_3,candidate_2,candidate_4,candidate_5,candidate_1,5,0.028000000000000004
385,candidate_3,candidate_2,candidate_4,candidate_5,candidate_1,5,0.028000000000000004
386,candidate_3,candidate_2,0,candidate_5,candidate_1,5,0.028000000000000004
387,candidate_3,candidate_2,candidate_4,candidate_5,candidate_1,5,0.028000000000000004
388,candidate_3,candidate_2,candidate_4,candidate_5,candidate_1,5,0.028000000000000004
389,candidate_3,candidate_2,candidate_4,candidate_5,candidate_1,5,0.028000000000000004
390,candidate_3,candidate_2,candidate_4,candidate_5,candidate_1,5,0.028000000000000004
391,candidate_3,candidate_2,candidate_4,candidate_5,candidate_1,5,0.028000000000000004
392,candidate_3,candidate_2,candidate_4,candidate_5,candidate_1,5,0.028000000000000004
393,candidate_3,candidate_2,candidate_4,candidate_5,candidate_1,5,0.028000000000000004
394,candidate_3,candidate_2,candidate_4,candidate_5,candidate_1,5,0.028000000000000004
395,candidate_3,candidate_2,candidate_4,candidate_5,candidate_1,5,0.028000000000000004
396,candidate_3,candidate_2,candidate_4,candidate_5,candidate_1,5,0.028000000000000004
397,candidate_3,candidate_2,candidate_4,candidate_5,0,5,0.028000000000000004
398,candidate_3,candidate_2,candidate_4,candidate_5,candidate_1,5,0.028000000000000004
399,candidate_3,candidate_2,candidate_4,candidate_5,candidate_1,5,0.028000000000000004
400,candidate_3,candidate_2,candidate_4,candidate_5,candidate_1,5,0.028000000000000004
401,candidate_3,candidate_2,candidate_4,candidate_5,candidate_1,5,0.028000000000000004
402,candidate_3,candidate_2,candidate_4,candidate_5,candidate_1,5,0.028000000000000004
403,candidate_3,candidate_2,candidate_4,candidate_5,candidate_1,5,0.028000000000000004
404,candidate_3,candidate_2,candidate_4,candidate_5,candidate_1,5,0.028000000000000004
405,candidate_3,candidate_2,candidate_4,candidate_5,candidate_1,5,0.028000000000000004
406,candidate_3,candidate_2,candidate_4,candidate_5,candidate_1,5,0.028000000000000004
407,0,candidate_2,candidate_4,candidate_5,candidate_1,5,0.028000000000000004
408,candidate_3,candidate_2,candidate_4,candidate_5,candidate_1,5,0.028000000000000004
409,candidate_3,candidate_2,candidate_4,candidate_5,candidate_1,5,0.028000000000000004
410,candidate_3,candidate_2,candidate_4,candidate_5,candidate_1,5,0.028000000000000004
411,candidate_3,candidate_2,candidate_4,candidate_5,candidate_1,5,0.028000000000000004
412,candidate_3,candidate_2,candidate_4,candidate_5,candidate_1,5,0.028000000000000004
413,candidate_3,candidate_2,0,candidate_5,candidate_1,5,0.028000000000000004
414,candidate_3,candidate_2,candidate_4,candidate_5,candidate_1,5,0.028000000000000004
415,0,candidate_2,candidate_4,candidate_5,candidate_1,5,0.028000000000000004
416,candidate_3,candidate_2,candidate_4,candidate_5,candidate_1,5,0.028000000000000004
417,candidate_3,candidate_2,candidate_4,candidate_5,candidate_1,5,0.028000000000000004
418,candidate_3,candidate_2,candidate_4,candidate_5,candidate_1,5,0.028000000000000004
419,candidate_3,candidate_2,candidate_4,candidate_5,candidate_1,5,0.028000000000000004
420,candidate_3,candidate_2,candidate_4,candidate_5,candidate_1,5,0.028000000000000004
421,candidate_3,candidate_2,candidate_4,candidate_5,candidate_1,5,0.028000000000000004
422,candidate_3,candidate_2,candidate_4,candidate_5,candidate_1,5,0.028000000000000004
423,candidate_3,candidate_2,candidate_4,candidate_5,candidate_1,5,0.028000000000000004
424,candidate_3,candidate_2,candidate_4,candidate_5,candidate_1,5,0.028000000000000004
425,candidate_3,candidate_2,candidate_4,candidate_5,candidate_1,5,0.028000000000000004
426,candidate_3,candidate_2,candidate_4,candidate_5,candidate_1,5,0.028000000000000004
427,candidate_3,candidate_2,candidate_4,candidate_5,candidate_1,5,0.028000000000000004
428,candidate_3,candidate_2,candidate_4,candidate_5,candidate_1,5,0.028000000000000004
429,candidate_3,candidate_2,candidate_4,candidate_5,candidate_1,5,0.028000000000000004
430,candidate_3,candidate_2,candidate_4,candidate_5,candidate_1,5,0.028000000000000004
431,candidate_3,candidate_2,candidate_4,candidate_5,candidate_1,5,0.028000000000000004
432,candidate_3,candidate_2,candidate_4,candidate_5,candidate_1,5,0.028000000000000004
433,candidate_3,candidate_2,candidate_4,candidate_5,candidate_1,5,0.028000000000000004
434,candidate_3,candidate_2,candidate_4,candidate_5,candidate_1,5,0.028000000000000004
435,candidate_3,candidate_2,0,candidate_5,candidate_1,5,0.028000000000000004
436,candidate_3,candidate_2,candidate_4,candidate_5,candidate_1,5,0.028000000000000004
0,candidate_3,candidate_2,candidate_5,candidate_1,candidate_4,5,0.028000000000000004
1,candidate_3,candidate_2,candidate_5,candidate_1,candidate_4,5,0.028000000000000004
2,candidate_3,candidate_2,candidate_5,candidate_1,candidate_4,5,0.028000000000000004
3,candidate_3,candidate_2,candidate_5,candidate_1,candidate_4,5,0.028000000000000004
4,candidate_3,candidate_2,candidate_5,candidate_1,candidate_4,5,0.028000000000000004
5,candidate_3,candidate_2,candidate_5,candidate_1,candidate_4,5,0.028000000000000004
6,candidate_3,candidate_2,candidate_5,candidate_1,candidate_4,5,0.028000000000000004
7,candidate_3,candidate_2,candidate_5,candidate_1,candidate_4,5,0.028000000000000004
8,candidate_3,candidate_2,candidate_5,candidate_1,candidate_4,5,0.028000000000000004
9,candidate_3,candidate_2,candidate_5,candidate_1,candidate_4,5,0.028000000000000004
10,candidate_3,candidate_2,candidate_5,candidate_1,candidate_4,5,0.028000000000000004
11,candidate_3,candidate_2,candidate_5,candidate_1,candidate_4,5,0.028000000000000004
12,candidate_3,candidate_2,candidate_5,candidate_1,candidate_4,5,0.028000000000000004
13,candidate_3,candidate_2,candidate_5,candidate_1,candidate_4,5,0.028000000000000004
14,candidate_3,0,candidate_5,candidate_1,candidate_4,5,0.028000000000000004
15,candidate_3,candidate_2,candidate_5,candidate_1,candidate_4,5,0.028000000000000004
16,candidate_3,candidate_2,candidate_5,candidate_1,candidate_4,5,0.028000000000000004
17,candidate_3,candidate_2,candidate_5,candidate_1,candidate_4,5,0.028000000000000004
18,candidate_3,candidate_2,candidate_5,candidate_1,candidate_4,5,0.028000000000000004
19,candidate_3,candidate_2,candidate_5,candidate_1,candidate_4,5,0.028000000000000004
20,candidate_3,candidate_2,candidate_5,candidate_1,candidate_4,5,0.028000000000000004
21,candidate_3,candidate_2,candidate_5,candidate_1,candidate_4,5,0.028000000000000004
22,candidate_3,candidate_2,candidate_5,candidate_1,candidate_4,5,0.028000000000000004
23,candidate_3,candidate_2,candidate_5,candidate_1,candidate_4,5,0.028000000000000004
24,candidate_3,candidate_2,candidate_5,candidate_1,candidate_4,5,0.028000000000000004
25,candidate_3,candidate_2,candidate_5,candidate_1,candidate_4,5,0.028000000000000004
26,candidate_3,candidate_2,candidate_5,candidate_1,candidate_4,5,0.028000000000000004
27,candidate_3,candidate_2,candidate_5,candidate_1,candidate_4,5,0.028000000000000004
28,candidate_3,candidate_2,candidate_5,0,candidate_4,5,0.028000000000000004
29,candidate_3,candidate_2,candidate_5,candidate_1,candidate_4,5,0.028000000000000004
30,candidate_3,candidate_2,candidate_5,candidate_1,candidate_4,5,0.028000000000000004
31,candidate_3,candidate_2,candidate_5,candidate_1,candidate_4,5,0.028000000000000004
32,candidate_3,candidate_2,candidate_5,candidate_1,candidate_4,5,0.028000000000000004
33,candidate_3,candidate_2,candidate_5,candidate_1,candidate_4,5,0.028000000000000004
34,candidate_3,candidate_2,candidate_5,candidate_1,candidate_4,5,0.028000000000000004
35,candidate_3,candidate_2,candidate_5,candidate_1,candidate_4,5,0.028000000000000004
36,candidate_3,candidate_2,candidate_5,candidate_1,candidate_4,5,0.028000000000000004
37,0,candidate_2,0,candidate_1,candidate_4,5,0.028000000000000004
38,candidate_3,0,candidate_5,candidate_1,candidate_4,5,0.028000000000000004
39,candidate_3,candidate_2,candidate_5,candidate_1,candidate_4,5,0.028000000000000004
40,candidate_3,candidate_2,candidate_5,candidate_1,candidate_4,5,0.028000000000000004
41,candidate_3,candidate_2,candidate_5,candidate_1,candidate_4,5,0.028000000000000004
42,candidate_3,candidate_2,candidate_5,candidate_1,candidate_4,5,0.028000000000000004
43,candidate_3,candidate_2,candidate_5,candidate_1,candidate_4,5,0.028000000000000004
44,candidate_3,candidate_2,candidate_5,candidate_1,candidate_4,5,0.028000000000000004
45,candidate_3,candidate_2,candidate_5,candidate_1,candidate_4,5,0.028000000000000004
46,candidate_3,candidate_2,candidate_5,candidate_1,candidate_4,5,0.028000000000000004
47,candidate_3,candidate_2,candidate_5,candidate_1,candidate_4,5,0.028000000000000004
48,candidate_3,candidate_2,candidate_5,candidate_1,candidate_4,5,0.028000000000000004
49,candidate_3,candidate_2,candidate_5,candidate_1,candidate_4,5,0.028000000000000004
50,candidate_3,candidate_2,candidate_5,candidate_1,candidate_4,5,0.028000000000000004
51,candidate_3,candidate_2,candidate_5,candidate_1,candidate_4,5,0.028000000000000004
52,candidate_3,candidate_2,candidate_5,candidate_1,candidate_4,5,0.028000000000000004
53,candidate_3,candidate_2,candidate_5,candidate_1,candidate_4,5,0.028000000000000004
54,candidate_3,candidate_2,candidate_5,candidate_1,candidate_4,5,0.028000000000000004
55,candidate_3,candidate_2,candidate_5,candidate_1,candidate_4,5,0.028000000000000004
56,candidate_3,candidate_2,candidate_5,candidate_1,candidate_4,5,0.028000000000000004
57,candidate_3,candidate_2,candidate_5,candidate_1,candidate_4,5,0.028000000000000004
58,candidate_3,candidate_2,candidate_5,candidate_1,candidate_4,5,0.028000000000000004
59,candidate_3,candidate_2,candidate_5,candidate_1,candidate_4,5,0.028000000000000004
60,candidate_3,candidate_2,candidate_5,candidate_1,candidate_4,5,0.028000000000000004
61,candidate_3,candidate_2,candidate_5,candidate_1,candidate_4,5,0.028000000000000004
62,candidate_3,candidate_2,candidate_5,candidate_1,candidate_4,5,0.028000000000000004
63,candidate_3,candidate_2,candidate_5,candidate_1,candidate_4,5,0.028000000000000004
64,candidate_3,candidate_2,0,candidate_1,candidate_4,5,0.028000000000000004
65,candidate_3,candidate_2,candidate_5,candidate_1,candidate_4,5,0.028000000000000004
66,candidate_3,0,candidate_5,candidate_1,candidate_4,5,0.028000000000000004
67,candidate_3,candidate_2,candidate_5,candidate_1,candidate_4,5,0.028000000000000004
68,candidate_3,candidate_2,candidate_5,candidate_1,candidate_4,5,0.028000000000000004
69,candidate_3,candidate_2,candidate_5,candidate_1,candidate_4,5,0.028000000000000004
70,candidate_3,candidate_2,candidate_5,candidate_1,candidate_4,5,0.028000000000000004
71,candidate_3,candidate_2,candidate_5,candidate_1,candidate_4,5,0.028000000000000004
72,candidate_3,candidate_2,candidate_5,candidate_1,candidate_4,5,0.028000000000000004
73,candidate_3,candidate_2,candidate_5,0,candidate_4,5,0.028000000000000004
74,candidate_3,candidate_2,candidate_5,candidate_1,candidate_4,5,0.028000000000000004
75,candidate_3,0,candidate_5,candidate_1,candidate_4,5,0.028000000000000004
76,candidate_3,candidate_2,candidate_5,candidate_1,candidate_4,5,0.028000000000000004
77,candidate_3,candidate_2,candidate_5,candidate_1,candidate_4,5,0.028000000000000004
78,candidate_3,candidate_2,candidate_5,candidate_1,candidate_4,5,0.028000000000000004
79,candidate_3,candidate_2,candidate_5,candidate_1,candidate_4,5,0.028000000000000004
80,candidate_3,candidate_2,candidate_5,candidate_1,candidate_4,5,0.028000000000000004
81,candidate_3,candidate_2,candidate_5,candidate_1,candidate_4,5,0.028000000000000004
82,candidate_3,candidate_2,candidate_5,candidate_1,candidate_4,5,0.028000000000000004
83,candidate_3,candidate_2,candidate_5,candidate_1,candidate_4,5,0.028000000000000004
84,candidate_3,candidate_2,candidate_5,candidate_1,candidate_4,5,0.028000000000000004
85,candidate_3,candidate_2,candidate_5,candidate_1,candidate_4,5,0.028000000000000004
86,candidate_3,candidate_2,candidate_5,candidate_1,candidate_4,5,0.028000000000000004
87,candidate_3,candidate_2,candidate_5,candidate_1,candidate_4,5,0.028000000000000004
88,candidate_3,candidate_2,candidate_5,candidate_1,candidate_4,5,0.028000000000000004
89,candidate_3,candidate_2,candidate_5,candidate_1,candidate_4,5,0.028000000000000004
90,candidate_3,candidate_2,candidate_5,candidate_1,candidate_4,5,0.028000000000000004
91,candidate_3,candidate_2,candidate_5,candidate_1,candidate_4,5,0.028000000000000004
92,candidate_3,candidate_2,candidate_5,candidate_1,candidate_4,5,0.028000000000000004
93,candidate_3,candidate_2,candidate_5,candidate_1,candidate_4,5,0.028000000000000004
94,candidate_3,candidate_2,candidate_5,candidate_1,candidate_4,5,0.028000000000000004
95,candidate_3,candidate_2,candidate_5,candidate_1,candidate_4,5,0.028000000000000004
96,candidate_3,candidate_2,candidate_5,candidate_1,candidate_4,5,0.028000000000000004
97,candidate_3,candidate_2,candidate_5,candidate_1,candidate_4,5,0.028000000000000004
98,candidate_3,candidate_2,candidate_5,candidate_1,candidate_4,5,0.028000000000000004
99,candidate_3,candidate_2,0,candidate_1,candidate_4,5,0.028000000000000004
100,candidate_3,candidate_2,candidate_5,candidate_1,candidate_4,5,0.028000000000000004
101,candidate_3,candidate_2,candidate_5,candidate_1,candidate_4,5,0.028000000000000004
102,candidate_3,candidate_2,candidate_5,candidate_1,candidate_4,5,0.028000000000000004
103,candidate_3,candidate_2,candidate_5,candidate_1,candidate_4,5,0.028000000000000004
104,candidate_3,candidate_2,candidate_5,candidate_1,candidate_4,5,0.028000000000000004
105,candidate_3,candidate_2,candidate_5,candidate_1,candidate_4,5,0.028000000000000004
106,candidate_3,candidate_2,candidate_5,candidate_1,candidate_4,5,0.028000000000000004
107,candidate_3,candidate_2,candidate_5,candidate_1,candidate_4,5,0.028000000000000004
108,candidate_3,candidate_2,candidate_5,candidate_1,candidate_4,5,0.028000000000000004
109,candidate_3,candidate_2,0,candidate_1,candidate_4,5,0.028000000000000004
110,candidate_3,candidate_2,candidate_5,candidate_1,candidate_4,5,0.028000000000000004
111,candidate_3,candidate_2,candidate_5,candidate_1,candidate_4,5,0.028000000000000004
112,candidate_3,candidate_2,candidate_5,candidate_1,candidate_4,5,0.028000000000000004
113,candidate_3,candidate_2,candidate_5,candidate_1,candidate_4,5,0.028000000000000004
114,candidate_3,candidate_2,candidate_5,candidate_1,candidate_4,5,0.028000000000000004
115,candidate_3,candidate_2,candidate_5,candidate_1,candidate_4,5,0.028000000000000004
116,candidate_3,candidate_2,candidate_5,candidate_1,candidate_4,5,0.028000000000000004
117,candidate_3,candidate_2,0,candidate_1,candidate_4,5,0.028000000000000004
118,candidate_3,candidate_2,candidate_5,candidate_1,candidate_4,5,0.028000000000000004
119,candidate_3,candidate_2,candidate_5,candidate_1,candidate_4,5,0.028000000000000004
120,candidate_3,candidate_2,candidate_5,candidate_1,candidate_4,5,0.028000000000000004
121,candidate_3,candidate_2,candidate_5,candidate_1,candidate_4,5,0.028000000000000004
122,candidate_3,candidate_2,candidate_5,candidate_1,candidate_4,5,0.028000000000000004
123,candidate_3,candidate_2,candidate_5,candidate_1,candidate_4,5,0.028000000000000004
124,candidate_3,candidate_2,candidate_5,candidate_1,candidate_4,5,0.028000000000000004
125,candidate_3,0,candidate_5,candidate_1,candidate_4,5,0.028000000000000004
126,candidate_3,candidate_2,candidate_5,candidate_1,candidate_4,5,0.028000000000000004
127,candidate_3,candidate_2,candidate_5,candidate_1,candidate_4,5,0.028000000000000004
128,candidate_3,candidate_2,candidate_5,candidate_1,candidate_4,5,0.028000000000000004
129,candidate_3,candidate_2,candidate_5,candidate_1,candidate_4,5,0.028000000000000004
130,candidate_3,candidate_2,candidate_5,candidate_1,candidate_4,5,0.028000000000000004
131,candidate_3,candidate_2,candidate_5,candidate_1,candidate_4,5,0.028000000000000004
132,candidate_3,candidate_2,candidate_5,candidate_1,candidate_4,5,0.028000000000000004
133,candidate_3,candidate_2,candidate_5,candidate_1,candidate_4,5,0.028000000000000004
134,candidate_3,candidate_2,candidate_5,candidate_1,candidate_4,5,0.028000000000000004
135,candidate_3,candidate_2,candidate_5,candidate_1,candidate_4,5,0.028000000000000004
136,candidate_3,candidate_2,candidate_5,candidate_1,candidate_4,5,0.028000000000000004
137,candidate_3,candidate_2,candidate_5,candidate_1,candidate_4,5,0.028000000000000004
138,candidate_3,candidate_2,candidate_5,candidate_1,candidate_4,5,0.028000000000000004
139,candidate_3,candidate_2,candidate_5,candidate_1,0,5,0.028000000000000004
140,candidate_3,candidate_2,candidate_5,candidate_1,candidate_4,5,0.028000000000000004
141,candidate_3,candidate_2,candidate_5,candidate_1,candidate_4,5,0.028000000000000004
142,candidate_3,candidate_2,candidate_5,candidate_1,candidate_4,5,0.028000000000000004
143,candidate_3,candidate_2,0,candidate_1,candidate_4,5,0.028000000000000004
144,candidate_3,candidate_2,candidate_5,candidate_1,candidate_4,5,0.028000000000000004
145,candidate_3,candidate_2,candidate_5,0,candidate_4,5,0.028000000000000004
146,candidate_3,candidate_2,candidate_5,candidate_1,candidate_4,5,0.028000000000000004
147,candidate_3,candidate_2,candidate_5,candidate_1,candidate_4,5,0.028000000000000004
148,candidate_3,candidate_2,candidate_5,candidate_1,candidate_4,5,0.028000000000000004
149,candidate_3,candidate_2,candidate_5,candidate_1,candidate_4,5,0.028000000000000004
150,candidate_3,candidate_2,candidate_5,candidate_1,candidate_4,5,0.028000000000000004
151,candidate_3,0,candidate_5,candidate_1,candidate_4,5,0.028000000000000004
152,candidate_3,candidate_2,candidate_5,candidate_1,candidate_4,5,0.028000000000000004
153,candidate_3,candidate_2,candidate_5,candidate_1,candidate_4,5,0.028000000000000004
154,candidate_3,candidate_2,candidate_5,candidate_1,candidate_4,5,0.028000000000000004
155,candidate_3,candidate_2,candidate_5,candidate_1,candidate_4,5,0.028000000000000004
156,candidate_3,candidate_2,candidate_5,candidate_1,candidate_4,5,0.028000000000000004
157,candidate_3,0,candidate_5,candidate_1,candidate_4,5,0.028000000000000004
158,candidate_3,candidate_2,candidate_5,candidate_1,candidate_4,5,0.028000000000000004
159,candidate_3,candidate_2,candidate_5,candidate_1,candidate_4,5,0.028000000000000004
160,candidate_3,candidate_2,candidate_5,candidate_1,candidate_4,5,0.028000000000000004
161,candidate_3,candidate_2,candidate_5,candidate_1,candidate_4,5,0.028000000000000004
162,candidate_3,candidate_2,candidate_5,candidate_1,0,5,0.028000000000000004
163,candidate_3,candidate_2,candidate_5,candidate_1,0,5,0.028000000000000004
164,candidate_3,candidate_2,candidate_5,candidate_1,candidate_4,5,0.028000000000000004
165,candidate_3,candidate_2,candidate_5,candidate_1,candidate_4,5,0.028000000000000004
166,0,candidate_2,candidate_5,candidate_1,candidate_4,5,0.028000000000000004
167,candidate_3,candidate_2,candidate_5,candidate_1,candidate_4,5,0.028000000000000004
168,candidate_3,candidate_2,candidate_5,candidate_1,candidate_4,5,0.028000000000000004
169,candidate_3,candidate_2,candidate_5,candidate_1,candidate_4,5,0.028000000000000004
170,candidate_3,candidate_2,candidate_5,candidate_1,candidate_4,5,0.028000000000000004
171,candidate_3,candidate_2,candidate_5,candidate_1,candidate_4,5,0.028000000000000004
172,candidate_3,candidate_2,candidate_5,candidate_1,candidate_4,5,0.028000000000000004
173,candidate_3,candidate_2,candidate_5,candidate_1,candidate_4,5,0.028000000000000004
174,candidate_3,candidate_2,candidate_5,candidate_1,0,5,0.028000000000000004
175,candidate_3,candidate_2,candidate_5,candidate_1,candidate_4,5,0.028000000000000004
176,candidate_3,candidate_2,candidate_5,candidate_1,candidate_4,5,0.028000000000000004
177,candidate_3,candidate_2,candidate_5,candidate_1,candidate_4,5,0.028000000000000004
178,candidate_3,candidate_2,candidate_5,candidate_1,candidate_4,5,0.028000000000000004
179,candidate_3,candidate_2,candidate_5,candidate_1,candidate_4,5,0.028000000000000004
180,candidate_3,candidate_2,candidate_5,candidate_1,candidate_4,5,0.028000000000000004
181,candidate_3,candidate_2,candidate_5,candidate_1,candidate_4,5,0.028000000000000004
182,candidate_3,candidate_2,candidate_5,candidate_1,candidate_4,5,0.028000000000000004
183,candidate_3,candidate_2,0,candidate_1,candidate_4,5,0.028000000000000004
184,0,candidate_2,candidate_5,candidate_1,candidate_4,5,0.028000000000000004
185,candidate_3,candidate_2,candidate_5,candidate_1,candidate_4,5,0.028000000000000004
186,candidate_3,candidate_2,candidate_5,candidate_1,candidate_4,5,0.028000000000000004
187,candidate_3,candidate_2,candidate_5,candidate_1,candidate_4,5,0.028000000000000004
188,candidate_3,candidate_2,candidate_5,candidate_1,candidate_4,5,0.028000000000000004
189,candidate_3,candidate_2,candidate_5,candidate_1,candidate_4,5,0.028000000000000004
190,candidate_3,0,candidate_5,candidate_1,candidate_4,5,0.028000000000000004
191,candidate_3,candidate_2,candidate_5,candidate_1,candidate_4,5,0.028000000000000004
192,0,candidate_2,candidate_5,candidate_1,candidate_4,5,0.028000000000000004
193,0,candidate_2,candidate_5,candidate_1,candidate_4,5,0.028000000000000004
194,candidate_3,candidate_2,candidate_5,candidate_1,candidate_4,5,0.028000000000000004
195,candidate_3,candidate_2,candidate_5,candidate_1,candidate_4,5,0.028000000000000004
196,candidate_3,candidate_2,candidate_5,candidate_1,candidate_4,5,0.028000000000000004
197,candidate_3,0,candidate_5,0,candidate_4,5,0.028000000000000004
198,candidate_3,candidate_2,candidate_5,candidate_1,candidate_4,5,0.028000000000000004
199,candidate_3,candidate_2,candidate_5,candidate_1,candidate_4,5,0.028000000000000004
200,candidate_3,candidate_2,candidate_5,candidate_1,candidate_4,5,0.028000000000000004
201,candidate_3,candidate_2,candidate_5,candidate_1,candidate_4,5,0.028000000000000004
202,candidate_3,candidate_2,candidate_5,candidate_1,candidate_4,5,0.028000000000000004
203,candidate_3,candidate_2,candidate_5,candidate_1,candidate_4,5,0.028000000000000004
204,candidate_3,candidate_2,candidate_5,candidate_1,candidate_4,5,0.028000000000000004
205,candidate_3,candidate_2,candidate_5,candidate_1,0,5,0.028000000000000004
206,candidate_3,candidate_2,candidate_5,candidate_1,candidate_4,5,0.028000000000000004
207,candidate_3,candidate_2,candidate_5,candidate_1,candidate_4,5,0.028000000000000004
208,candidate_3,candidate_2,0,candidate_1,candidate_4,5,0.028000000000000004
209,candidate_3,candidate_2,candidate_5,candidate_1,candidate_4,5,0.028000000000000004
210,candidate_3,candidate_2,candidate_5,candidate_1,0,5,0.028000000000000004
211,candidate_3,candidate_2,candidate_5,candidate_1,candidate_4,5,0.028000000000000004
212,candidate_3,candidate_2,candidate_5,candidate_1,candidate_4,5,0.028000000000000004
213,candidate_3,0,candidate_5,candidate_1,candidate_4,5,0.028000000000000004
214,candidate_3,candidate_2,candidate_5,candidate_1,candidate_4,5,0.028000000000000004
215,candidate_3,candidate_2,candidate_5,candidate_1,candidate_4,5,0.028000000000000004
216,candidate_3,candidate_2,candidate_5,candidate_1,candidate_4,5,0.028000000000000004
217,candidate_3,candidate_2,candidate_5,candidate_1,candidate_4,5,0.028000000000000004
218,candidate_3,candidate_2,candidate_5,candidate_1,candidate_4,5,0.028000000000000004
219,candidate_3,candidate_2,candidate_5,candidate_1,candidate_4,5,0.028000000000000004
220,candidate_3,candidate_2,candidate_5,candidate_1,candidate_4,5,0.028000000000000004
221,candidate_3,candidate_2,candidate_5,candidate_1,candidate_4,5,0.028000000000000004
222,candidate_3,candidate_2,candidate_5,candidate_1,candidate_4,5,0.028000000000000004
223,candidate_3,candidate_2,candidate_5,candidate_1,candidate_4,5,0.028000000000000004
224,candidate_3,candidate_2,candidate_5,candidate_1,candidate_4,5,0.028000000000000004
225,0,candidate_2,candidate_5,candidate_1,candidate_4,5,0.028000000000000004
226,candidate_3,candidate_2,candidate_5,candidate_1,candidate_4,5,0.028000000000000004
227,candidate_3,candidate_2,candidate_5,candidate_1,candidate_4,5,0.028000000000000004
228,candidate_3,candidate_2,candidate_5,candidate_1,candidate_4,5,0.028000000000000004
229,candidate_3,candidate_2,candidate_5,candidate_1,candidate_4,5,0.028000000000000004
230,candidate_3,candidate_2,candidate_5,candidate_1,candidate_4,5,0.028000000000000004
231,candidate_3,candidate_2,candidate_5,candidate_1,candidate_4,5,0.028000000000000004
232,candidate_3,candidate_2,candidate_5,candidate_1,candidate_4,5,0.028000000000000004
233,candidate_3,candidate_2,candidate_5,candidate_1,candidate_4,5,0.028000000000000004
234,candidate_3,candidate_2,candidate_5,candidate_1,candidate_4,5,0.028000000000000004
235,candidate_3,candidate_2,candidate_5,candidate_1,candidate_4,5,0.028000000000000004
236,candidate_3,candidate_2,candidate_5,candidate_1,candidate_4,5,0.028000000000000004
237,candidate_3,candidate_2,candidate_5,0,candidate_4,5,0.028000000000000004
238,candidate_3,candidate_2,candidate_5,0,candidate_4,5,0.028000000000000004
239,candidate_3,candidate_2,candidate_5,candidate_1,candidate_4,5,0.028000000000000004
240,candidate_3,candidate_2,candidate_5,candidate_1,candidate_4,5,0.028000000000000004
241,candidate_3,candidate_2,candidate_5,candidate_1,candidate_4,5,0.028000000000000004
242,candidate_3,candidate_2,candidate_5,candidate_1,candidate_4,5,0.028000000000000004
243,candidate_3,candidate_2,candidate_5,candidate_1,candidate_4,5,0.028000000000000004
244,candidate_3,candidate_2,candidate_5,candidate_1,candidate_4,5,0.028000000000000004
245,candidate_3,candidate_2,candidate_5,candidate_1,candidate_4,5,0.028000000000000004
246,0,candidate_2,candidate_5,candidate_1,candidate_4,5,0.028000000000000004
247,candidate_3,candidate_2,candidate_5,candidate_1,candidate_4,5,0.028000000000000004
248,candidate_3,candidate_2,candidate_5,candidate_1,candidate_4,5,0.028000000000000004
249,candidate_3,candidate_2,candidate_5,candidate_1,candidate_4,5,0.028000000000000004
250,candidate_3,candidate_2,candidate_5,candidate_1,candidate_4,5,0.028000000000000004
251,candidate_3,candidate_2,candidate_5,candidate_1,candidate_4,5,0.028000000000000004
252,candidate_3,candidate_2,candidate_5,candidate_1,candidate_4,5,0.028000000000000004
253,candidate_3,candidate_2,candidate_5,candidate_1,candidate_4,5,0.028000000000000004
254,candidate_3,candidate_2,candidate_5,candidate_1,candidate_4,5,0.028000000000000004
255,candidate_3,0,candidate_5,candidate_1,candidate_4,5,0.028000000000000004
256,candidate_3,candidate_2,candidate_5,candidate_1,candidate_4,5,0.028000000000000004
257,candidate_3,candidate_2,candidate_5,candidate_1,candidate_4,5,0.028000000000000004
258,candidate_3,candidate_2,candidate_5,candidate_1,candidate_4,5,0.028000000000000004
259,candidate_3,candidate_2,candidate_5,candidate_1,candidate_4,5,0.028000000000000004
260,candidate_3,candidate_2,candidate_5,candidate_1,candidate_4,5,0.028000000000000004
261,candidate_3,candidate_2,candidate_5,candidate_1,candidate_4,5,0.028000000000000004
262,candidate_3,candidate_2,candidate_5,candidate_1,candidate_4,5,0.028000000000000004
263,candidate_3,candidate_2,candidate_5,candidate_1,candidate_4,5,0.028000000000000004
264,candidate_3,candidate_2,candidate_5,0,candidate_4,5,0.028000000000000004
265,candidate_3,candidate_2,candidate_5,candidate_1,candidate_4,5,0.028000000000000004
266,candidate_3,candidate_2,candidate_5,candidate_1,candidate_4,5,0.028000000000000004
267,candidate_3,candidate_2,candidate_5,candidate_1,candidate_4,5,0.028000000000000004
268,candidate_3,candidate_2,candidate_5,candidate_1,candidate_4,5,0.028000000000000004
269,candidate_3,candidate_2,candidate_5,candidate_1,candidate_4,5,0.028000000000000004
270,candidate_3,candidate_2,candidate_5,candidate_1,candidate_4,5,0.028000000000000004
271,candidate_3,candidate_2,candidate_5,0,candidate_4,5,0.028000000000000004
272,candidate_3,candidate_2,candidate_5,candidate_1,candidate_4,5,0.028000000000000004
273,candidate_3,candidate_2,0,candidate_1,candidate_4,5,0.028000000000000004
274,candidate_3,candidate_2,candidate_5,candidate_1,candidate_4,5,0.028000000000000004
275,candidate_3,0,candidate_5,candidate_1,candidate_4,5,0.028000000000000004
276,candidate_3,candidate_2,candidate_5,candidate_1,candidate_4,5,0.028000000000000004
277,candidate_3,candidate_2,candidate_5,candidate_1,candidate_4,5,0.028000000000000004
278,candidate_3,candidate_2,candidate_5,candidate_1,candidate_4,5,0.028000000000000004
279,candidate_3,candidate_2,candidate_5,candidate_1,candidate_4,5,0.028000000000000004
280,candidate_3,candidate_2,candidate_5,candidate_1,candidate_4,5,0.028000000000000004
281,candidate_3,candidate_2,candidate_5,candidate_1,candidate_4,5,0.028000000000000004
282,candidate_3,candidate_2,candidate_5,candidate_1,candidate_4,5,0.028000000000000004
283,candidate_3,candidate_2,candidate_5,candidate_1,candidate_4,5,0.028000000000000004
284,0,candidate_2,candidate_5,candidate_1,candidate_4,5,0.028000000000000004
285,candidate_3,candidate_2,candidate_5,candidate_1,candidate_4,5,0.028000000000000004
286,candidate_3,candidate_2,candidate_5,candidate_1,candidate_4,5,0.028000000000000004
287,candidate_3,candidate_2,candidate_5,candidate_1,candidate_4,5,0.028000000000000004
288,candidate_3,candidate_2,candidate_5,candidate_1,candidate_4,5,0.028000000000000004
289,candidate_3,candidate_2,candidate_5,candidate_1,candidate_4,5,0.028000000000000004
290,candidate_3,candidate_2,candidate_5,candidate_1,candidate_4,5,0.028000000000000004
291,candidate_3,candidate_2,candidate_5,candidate_1,candidate_4,5,0.028000000000000004
292,candidate_3,candidate_2,candidate_5,candidate_1,candidate_4,5,0.028000000000000004
293,candidate_3,candidate_2,0,candidate_1,candidate_4,5,0.028000000000000004
294,candidate_3,candidate_2,candidate_5,candidate_1,0,5,0.028000000000000004
295,candidate_3,candidate_2,candidate_5,candidate_1,candidate_4,5,0.028000000000000004
296,candidate_3,candidate_2,0,candidate_1,candidate_4,5,0.028000000000000004
297,candidate_3,candidate_2,candidate_5,candidate_1,candidate_4,5,0.028000000000000004
298,candidate_3,candidate_2,candidate_5,candidate_1,candidate_4,5,0.028000000000000004
299,candidate_3,0,candidate_5,candidate_1,candidate_4,5,0.028000000000000004
300,candidate_3,candidate_2,candidate_5,candidate_1,candidate_4,5,0.028000000000000004
301,candidate_3,candidate_2,candidate_5,candidate_1,candidate_4,5,0.028000000000000004
302,candidate_3,candidate_2,candidate_5,candidate_1,candidate_4,5,0.028000000000000004
303,candidate_3,candidate_2,candidate_5,candidate_1,candidate_4,5,0.028000000000000004
304,candidate_3,candidate_2,candidate_5,candidate_1,candidate_4,5,0.028000000000000004
305,candidate_3,candidate_2,candidate_5,candidate_1,candidate_4,5,0.028000000000000004
306,candidate_3,candidate_2,candidate_5,candidate_1,candidate_4,5,0.028000000000000004
307,candidate_3,candidate_2,candidate_5,candidate_1,candidate_4,5,0.028000000000000004
308,candidate_3,candidate_2,candidate_5,candidate_1,candidate_4,5,0.028000000000000004
309,candidate_3,candidate_2,candidate_5,candidate_1,candidate_4,5,0.028000000000000004
310,candidate_3,candidate_2,candidate_5,candidate_1,candidate_4,5,0.028000000000000004
311,candidate_3,candidate_2,candidate_5,candidate_1,candidate_4,5,0.028000000000000004
312,candidate_3,candidate_2,candidate_5,candidate_1,candidate_4,5,0.028000000000000004
313,candidate_3,candidate_2,candidate_5,candidate_1,candidate_4,5,0.028000000000000004
314,candidate_3,candidate_2,candidate_5,candidate_1,0,5,0.028000000000000004
315,candidate_3,candidate_2,candidate_5,candidate_1,candidate_4,5,0.028000000000000004
316,candidate_3,candidate_2,candidate_5,candidate_1,candidate_4,5,0.028000000000000004
317,candidate_3,candidate_2,candidate_5,candidate_1,candidate_4,5,0.028000000000000004
318,candidate_3,candidate_2,candidate_5,candidate_1,candidate_4,5,0.028000000000000004
319,candidate_3,candidate_2,candidate_5,candidate_1,candidate_4,5,0.028000000000000004
320,candidate_3,candidate_2,candidate_5,candidate_1,candidate_4,5,0.028000000000000004
321,candidate_3,candidate_2,candidate_5,candidate_1,candidate_4,5,0.028000000000000004
322,candidate_3,candidate_2,candidate_5,candidate_1,candidate_4,5,0.028000000000000004
323,candidate_3,candidate_2,candidate_5,candidate_1,candidate_4,5,0.028000000000000004
324,candidate_3,candidate_2,candidate_5,candidate_1,candidate_4,5,0.028000000000000004
325,candidate_3,candidate_2,candidate_5,candidate_1,candidate_4,5,0.028000000000000004
326,candidate_3,candidate_2,candidate_5,candidate_1,candidate_4,5,0.028000000000000004
327,candidate_3,candidate_2,candidate_5,candidate_1,candidate_4,5,0.028000000000000004
328,candidate_3,candidate_2,candidate_5,candidate_1,candidate_4,5,0.028000000000000004
329,candidate_3,candidate_2,candidate_5,0,candidate_4,5,0.028000000000000004
330,candidate_3,candidate_2,candidate_5,candidate_1,candidate_4,5,0.028000000000000004
331,candidate_3,candidate_2,candidate_5,candidate_1,candidate_4,5,0.028000000000000004
332,candidate_3,candidate_2,candidate_5,candidate_1,candidate_4,5,0.028000000000000004
333,candidate_3,candidate_2,candidate_5,candidate_1,candidate_4,5,0.028000000000000004
334,candidate_3,candidate_2,candidate_5,candidate_1,candidate_4,5,0.028000000000000004
335,candidate_3,candidate_2,candidate_5,candidate_1,candidate_4,5,0.028000000000000004
336,candidate_3,candidate_2,candidate_5,candidate_1,0,5,0.028000000000000004
337,candidate_3,candidate_2,candidate_5,candidate_1,candidate_4,5,0.028000000000000004
338,candidate_3,candidate_2,candidate_5,candidate_1,candidate_4,5,0.028000000000000004
339,candidate_3,candidate_2,candidate_5,candidate_1,candidate_4,5,0.028000000000000004
340,candidate_3,candidate_2,candidate_5,candidate_1,candidate_4,5,0.028000000000000004
341,candidate_3,candidate_2,candidate_5,candidate_1,candidate_4,5,0.028000000000000004
342,candidate_3,candidate_2,0,candidate_1,candidate_4,5,0.028000000000000004
343,candidate_3,candidate_2,candidate_5,candidate_1,0,5,0.028000000000000004
344,candidate_3,candidate_2,candidate_5,candidate_1,candidate_4,5,0.028000000000000004
345,candidate_3,candidate_2,candidate_5,candidate_1,candidate_4,5,0.028000000000000004
346,candidate_3,candidate_2,candidate_5,candidate_1,candidate_4,5,0.028000000000000004
347,candidate_3,candidate_2,candidate_5,candidate_1,candidate_4,5,0.028000000000000004
348,candidate_3,candidate_2,candidate_5,candidate_1,candidate_4,5,0.028000000000000004
349,candidate_3,candidate_2,candidate_5,candidate_1,candidate_4,5,0.028000000000000004
350,candidate_3,candidate_2,candidate_5,candidate_1,candidate_4,5,0.028000000000000004
351,candidate_3,candidate_2,candidate_5,candidate_1,candidate_4,5,0.028000000000000004
352,candidate_3,candidate_2,candidate_5,candidate_1,candidate_4,5,0.028000000000000004
353,candidate_3,candidate_2,candidate_5,candidate_1,candidate_4,5,0.028000000000000004
354,candidate_3,candidate_2,candidate_5,candidate_1,candidate_4,5,0.028000000000000004
355,candidate_3,candidate_2,candidate_5,candidate_1,candidate_4,5,0.028000000000000004
356,candidate_3,candidate_2,candidate_5,candidate_1,candidate_4,5,0.028000000000000004
357,candidate_3,candidate_2,candidate_5,candidate_1,candidate_4,5,0.028000000000000004
358,candidate_3,candidate_2,candidate_5,candidate_1,candidate_4,5,0.028000000000000004
359,candidate_3,candidate_2,candidate_5,candidate_1,candidate_4,5,0.028000000000000004
360,candidate_3,candidate_2,candidate_5,candidate_1,candidate_4,5,0.028000000000000004
361,candidate_3,candidate_2,candidate_5,candidate_1,0,5,0.028000000000000004
362,candidate_3,candidate_2,candidate_5,candidate_1,candidate_4,5,0.028000000000000004
363,candidate_3,candidate_2,candidate_5,candidate_1,candidate_4,5,0.028000000000000004
364,candidate_3,candidate_2,candidate_5,candidate_1,candidate_4,5,0.028000000000000004
365,candidate_3,candidate_2,candidate_5,candidate_1,candidate_4,5,0.028000000000000004
366,candidate_3,candidate_2,candidate_5,candidate_1,candidate_4,5,0.028000000000000004
367,candidate_3,candidate_2,candidate_5,candidate_1,candidate_4,5,0.028000000000000004
368,candidate_3,candidate_2,candidate_5,candidate_1,candidate_4,5,0.028000000000000004
369,candidate_3,candidate_2,candidate_5,candidate_1,candidate_4,5,0.028000000000000004
370,candidate_3,candidate_2,candidate_5,candidate_1,candidate_4,5,0.028000000000000004
371,candidate_3,candidate_2,candidate_5,candidate_1,candidate_4,5,0.028000000000000004
372,candidate_3,candidate_2,candidate_5,candidate_1,candidate_4,5,0.028000000000000004
373,candidate_3,candidate_2,candidate_5,candidate_1,candidate_4,5,0.028000000000000004
374,candidate_3,candidate_2,candidate_5,0,candidate_4,5,0.028000000000000004
375,candidate_3,candidate_2,candidate_5,candidate_1,candidate_4,5,0.028000000000000004
376,candidate_3,candidate_2,candidate_5,candidate_1,candidate_4,5,0.028000000000000004
377,candidate_3,candidate_2,candidate_5,candidate_1,candidate_4,5,0.028000000000000004
378,candidate_3,candidate_2,candidate_5,candidate_1,candidate_4,5,0.028000000000000004
379,candidate_3,candidate_2,candidate_5,candidate_1,candidate_4,5,0.028000000000000004
380,candidate_3,candidate_2,candidate_5,candidate_1,candidate_4,5,0.028000000000000004
381,candidate_3,candidate_2,candidate_5,candidate_1,candidate_4,5,0.028000000000000004
382,candidate_3,candidate_2,candidate_5,candidate_1,candidate_4,5,0.028000000000000004
383,candidate_3,candidate_2,candidate_5,candidate_1,candidate_4,5,0.028000000000000004
384,candidate_3,candidate_2,candidate_5,candidate_1,candidate_4,5,0.028000000000000004
385,candidate_3,candidate_2,candidate_5,candidate_1,candidate_4,5,0.028000000000000004
386,candidate_3,candidate_2,candidate_5,candidate_1,candidate_4,5,0.028000000000000004
387,candidate_3,candidate_2,candidate_5,candidate_1,candidate_4,5,0.028000000000000004
388,candidate_3,candidate_2,candidate_5,candidate_1,candidate_4,5,0.028000000000000004
389,candidate_3,candidate_2,candidate_5,candidate_1,candidate_4,5,0.028000000000000004
390,candidate_3,0,candidate_5,candidate_1,candidate_4,5,0.028000000000000004
391,candidate_3,candidate_2,candidate_5,candidate_1,candidate_4,5,0.028000000000000004
392,candidate_3,candidate_2,candidate_5,candidate_1,candidate_4,5,0.028000000000000004
393,candidate_3,candidate_2,candidate_5,candidate_1,candidate_4,5,0.028000000000000004
394,candidate_3,candidate_2,candidate_5,candidate_1,candidate_4,5,0.028000000000000004
395,candidate_3,candidate_2,candidate_5,candidate_1,candidate_4,5,0.028000000000000004
396,candidate_3,candidate_2,candidate_5,candidate_1,candidate_4,5,0.028000000000000004
397,candidate_3,0,0,candidate_1,candidate_4,5,0.028000000000000004
398,candidate_3,candidate_2,candidate_5,candidate_1,candidate_4,5,0.028000000000000004
399,candidate_3,candidate_2,candidate_5,candidate_1,candidate_4,5,0.028000000000000004
400,candidate_3,candidate_2,candidate_5,candidate_1,candidate_4,5,0.028000000000000004
401,candidate_3,candidate_2,candidate_5,candidate_1,candidate_4,5,0.028000000000000004
402,candidate_3,candidate_2,candidate_5,candidate_1,candidate_4,5,0.028000000000000004
403,candidate_3,candidate_2,candidate_5,candidate_1,candidate_4,5,0.028000000000000004
404,candidate_3,candidate_2,candidate_5,candidate_1,candidate_4,5,0.028000000000000004
405,candidate_3,candidate_2,candidate_5,candidate_1,candidate_4,5,0.028000000000000004
406,candidate_3,candidate_2,candidate_5,candidate_1,candidate_4,5,0.028000000000000004
407,candidate_3,candidate_2,candidate_5,candidate_1,candidate_4,5,0.028000000000000004
408,candidate_3,candidate_2,candidate_5,candidate_1,candidate_4,5,0.028000000000000004
409,candidate_3,candidate_2,candidate_5,candidate_1,candidate_4,5,0.028000000000000004
410,candidate_3,candidate_2,candidate_5,candidate_1,candidate_4,5,0.028000000000000004
411,candidate_3,candidate_2,candidate_5,0,candidate_4,5,0.028000000000000004
412,candidate_3,candidate_2,candidate_5,candidate_1,candidate_4,5,0.028000000000000004
413,candidate_3,candidate_2,candidate_5,candidate_1,candidate_4,5,0.028000000000000004
414,candidate_3,candidate_2,candidate_5,candidate_1,candidate_4,5,0.028000000000000004
415,candidate_3,candidate_2,candidate_5,candidate_1,candidate_4,5,0.028000000000000004
416,candidate_3,candidate_2,candidate_5,candidate_1,candidate_4,5,0.028000000000000004
417,candidate_3,0,candidate_5,candidate_1,candidate_4,5,0.028000000000000004
418,candidate_3,candidate_2,candidate_5,candidate_1,candidate_4,5,0.028000000000000004
419,candidate_3,candidate_2,candidate_5,candidate_1,candidate_4,5,0.028000000000000004
420,candidate_3,candidate_2,candidate_5,candidate_1,candidate_4,5,0.028000000000000004
421,candidate_3,candidate_2,candidate_5,candidate_1,candidate_4,5,0.028000000000000004
422,candidate_3,candidate_2,candidate_5,candidate_1,candidate_4,5,0.028000000000000004
423,candidate_3,candidate_2,candidate_5,candidate_1,candidate_4,5,0.028000000000000004
424,candidate_3,candidate_2,candidate_5,candidate_1,candidate_4,5,0.028000000000000004
425,candidate_3,candidate_2,candidate_5,candidate_1,candidate_4,5,0.028000000000000004
426,candidate_3,candidate_2,candidate_5,candidate_1,candidate_4,5,0.028000000000000004
427,candidate_3,candidate_2,candidate_5,candidate_1,candidate_4,5,0.028000000000000004
428,candidate_3,candidate_2,candidate_5,candidate_1,candidate_4,5,0.028000000000000004
429,candidate_3,candidate_2,candidate_5,candidate_1,candidate_4,5,0.028000000000000004
430,candidate_3,candidate_2,candidate_5,candidate_1,candidate_4,5,0.028000000000000004
431,candidate_3,candidate_2,candidate_5,candidate_1,candidate_4,5,0.028000000000000004
432,candidate_3,candidate_2,candidate_5,candidate_1,candidate_4,5,0.028000000000000004
433,candidate_3,candidate_2,candidate_5,candidate_1,candidate_4,5,0.028000000000000004
434,candidate_3,candidate_2,0,candidate_1,candidate_4,5,0.028000000000000004
435,candidate_3,candidate_2,candidate_5,candidate_1,candidate_4,5,0.028000000000000004
436,candidate_3,candidate_2,candidate_5,candidate_1,candidate_4,5,0.028000000000000004
437,candidate_3,candidate_2,candidate_5,candidate_1,candidate_4,5,0.028000000000000004
438,candidate_3,candidate_2,candidate_5,candidate_1,candidate_4,5,0.028000000000000004
439,0,candidate_2,candidate_5,candidate_1,candidate_4,5,0.028000000000000004
440,candidate_3,candidate_2,candidate_5,candidate_1,candidate_4,5,0.028000000000000004
441,candidate_3,candidate_2,candidate_5,candidate_1,candidate_4,5,0.028000000000000004
442,candidate_3,candidate_2,0,candidate_1,candidate_4,5,0.028000000000000004
443,candidate_3,candidate_2,candidate_5,candidate_1,candidate_4,5,0.028000000000000004
444,candidate_3,candidate_2,candidate_5,candidate_1,candidate_4,5,0.028000000000000004
445,candidate_3,candidate_2,candidate_5,candidate_1,candidate_4,5,0.028000000000000004
446,candidate_3,candidate_2,candidate_5,candidate_1,candidate_4,5,0.028000000000000004
447,candidate_3,candidate_2,candidate_5,candidate_1,candidate_4,5,0.028000000000000004
448,candidate_3,candidate_2,candidate_5,candidate_1,candidate_4,5,0.028000000000000004
449,candidate_3,candidate_2,candidate_5,candidate_1,candidate_4,5,0.028000000000000004
450,candidate_3,candidate_2,candidate_5,candidate_1,candidate_4,5,0.028000000000000004
451,candidate_3,candidate_2,candidate_5,candidate_1,candidate_4,5,0.028000000000000004
452,candidate_3,candidate_2,candidate_5,candidate_1,candidate_4,5,0.028000000000000004
453,candidate_3,candidate_2,candidate_5,candidate_1,candidate_4,5,0.028000000000000004
454,candidate_3,candidate_2,candidate_5,candidate_1,candidate_4,5,0.028000000000000004
455,candidate_3,candidate_2,candidate_5,candidate_1,candidate_4,5,0.028000000000000004
456,candidate_3,candidate_2,candidate_5,candidate_1,candidate_4,5,0.028000000000000004
457,candidate_3,candidate_2,candidate_5,candidate_1,candidate_4,5,0.028000000000000004
458,candidate_3,candidate_2,candidate_5,candidate_1,candidate_4,5,0.028000000000000004
459,candidate_3,candidate_2,candidate_5,candidate_1,candidate_4,5,0.028000000000000004
460,candidate_3,candidate_2,candidate_5,candidate_1,candidate_4,5,0.028000000000000004
461,0,candidate_2,candidate_5,candidate_1,candidate_4,5,0.028000000000000004
462,candidate_3,candidate_2,candidate_5,candidate_1,candidate_4,5,0.028000000000000004
463,candidate_3,candidate_2,candidate_5,candidate_1,candidate_4,5,0.028000000000000004
464,candidate_3,0,candidate_5,candidate_1,candidate_4,5,0.028000000000000004
465,candidate_3,candidate_2,candidate_5,candidate_1,candidate_4,5,0.028000000000000004
466,candidate_3,candidate_2,candidate_5,candidate_1,candidate_4,5,0.028000000000000004
467,candidate_3,candidate_2,candidate_5,candidate_1,candidate_4,5,0.028000000000000004
468,candidate_3,candidate_2,candidate_5,0,candidate_4,5,0.028000000000000004
469,candidate_3,candidate_2,candidate_5,candidate_1,candidate_4,5,0.028000000000000004
470,candidate_3,candidate_2,candidate_5,candidate_1,candidate_4,5,0.028000000000000004
471,candidate_3,candidate_2,candidate_5,candidate_1,candidate_4,5,0.028000000000000004
472,candidate_3,candidate_2,candidate_5,candidate_1,candidate_4,5,0.028000000000000004
473,candidate_3,candidate_2,candidate_5,candidate_1,candidate_4,5,0.028000000000000004
474,candidate_3,candidate_2,candidate_5,candidate_1,candidate_4,5,0.028000000000000004
475,candidate_3,candidate_2,candidate_5,candidate_1,0,5,0.028000000000000004
476,candidate_3,candidate_2,candidate_5,candidate_1,candidate_4,5,0.028000000000000004
477,candidate_3,candidate_2,candidate_5,candidate_1,candidate_4,5,0.028000000000000004
478,candidate_3,candidate_2,candidate_5,candidate_1,candidate_4,5,0.028000000000000004
479,candidate_3,candidate_2,candidate_5,candidate_1,candidate_4,5,0.028000000000000004
480,candidate_3,candidate_2,candidate_5,candidate_1,candidate_4,5,0.028000000000000004
481,candidate_3,candidate_2,candidate_5,candidate_1,candidate_4,5,0.028000000000000004
482,candidate_3,candidate_2,candidate_5,candidate_1,candidate_4,5,0.028000000000000004
483,candidate_3,candidate_2,candidate_5,candidate_1,candidate_4,5,0.028000000000000004
484,candidate_3,candidate_2,candidate_5,candidate_1,candidate_4,5,0.028000000000000004
485,candidate_3,candidate_2,candidate_5,candidate_1,candidate_4,5,0.028000000000000004
486,candidate_3,0,candidate_5,candidate_1,candidate_4,5,0.028000000000000004
487,candidate_3,candidate_2,candidate_5,candidate_1,candidate_4,5,0.028000000000000004
488,candidate_3,candidate_2,candidate_5,candidate_1,candidate_4,5,0.028000000000000004
489,candidate_3,candidate_2,candidate_5,candidate_1,candidate_4,5,0.028000000000000004
490,candidate_3,candidate_2,candidate_5,candidate_1,candidate_4,5,0.028000000000000004
491,candidate_3,candidate_2,candidate_5,candidate_1,candidate_4,5,0.028000000000000004
492,candidate_3,candidate_2,candidate_5,candidate_1,candidate_4,5,0.028000000000000004
493,candidate_3,candidate_2,candidate_5,candidate_1,candidate_4,5,0.028000000000000004
494,candidate_3,candidate_2,candidate_5,candidate_1,candidate_4,5,0.028000000000000004
495,candidate_3,candidate_2,candidate_5,candidate_1,candidate_4,5,0.028000000000000004
496,candidate_3,candidate_2,candidate_5,candidate_1,candidate_4,5,0.028000000000000004
497,candidate_3,candidate_2,candidate_5,candidate_1,candidate_4,5,0.028000000000000004
498,candidate_3,candidate_2,candidate_5,candidate_1,candidate_4,5,0.028000000000000004
499,candidate_3,candidate_2,candidate_5,candidate_1,candidate_4,5,0.028000000000000004
500,candidate_3,candidate_2,candidate_5,candidate_1,candidate_4,5,0.028000000000000004
501,candidate_3,candidate_2,candidate_5,candidate_1,candidate_4,5,0.028000000000000004
502,candidate_3,candidate_2,candidate_5,candidate_1,candidate_4,5,0.028000000000000004
503,candidate_3,candidate_2,candidate_5,candidate_1,candidate_4,5,0.028000000000000004
504,candidate_3,candidate_2,candidate_5,candidate_1,candidate_4,5,0.028000000000000004
505,candidate_3,candidate_2,candidate_5,candidate_1,candidate_4,5,0.028000000000000004
506,candidate_3,candidate_2,candidate_5,candidate_1,candidate_4,5,0.028000000000000004
507,candidate_3,candidate_2,candidate_5,candidate_1,candidate_4,5,0.028000000000000004
508,candidate_3,candidate_2,candidate_5,candidate_1,candidate_4,5,0.028000000000000004
509,candidate_3,candidate_2,candidate_5,candidate_1,candidate_4,5,0.028000000000000004
0,candidate_3,candidate_2,candidate_5,candidate_4,candidate_1,5,0.028000000000000004
1,candidate_3,candidate_2,candidate_5,candidate_4,candidate_1,5,0.028000000000000004
2,candidate_3,candidate_2,candidate_5,candidate_4,candidate_1,5,0.028000000000000004
3,candidate_3,candidate_2,candidate_5,candidate_4,candidate_1,5,0.028000000000000004
4,candidate_3,candidate_2,candidate_5,candidate_4,candidate_1,5,0.028000000000000004
5,candidate_3,candidate_2,candidate_5,candidate_4,candidate_1,5,0.028000000000000004
6,candidate_3,0,candidate_5,0,candidate_1,5,0.028000000000000004
7,candidate_3,candidate_2,candidate_5,candidate_4,candidate_1,5,0.028000000000000004
8,candidate_3,candidate_2,candidate_5,candidate_4,candidate_1,5,0.028000000000000004
9,candidate_3,candidate_2,candidate_5,candidate_4,candidate_1,5,0.028000000000000004
10,candidate_3,candidate_2,candidate_5,candidate_4,candidate_1,5,0.028000000000000004
11,candidate_3,candidate_2,candidate_5,candidate_4,candidate_1,5,0.028000000000000004
12,candidate_3,candidate_2,candidate_5,candidate_4,candidate_1,5,0.028000000000000004
13,candidate_3,candidate_2,candidate_5,candidate_4,candidate_1,5,0.028000000000000004
14,candidate_3,candidate_2,candidate_5,candidate_4,candidate_1,5,0.028000000000000004
15,candidate_3,candidate_2,candidate_5,candidate_4,candidate_1,5,0.028000000000000004
16,candidate_3,candidate_2,candidate_5,candidate_4,candidate_1,5,0.028000000000000004
17,candidate_3,candidate_2,candidate_5,candidate_4,candidate_1,5,0.028000000000000004
18,0,candidate_2,candidate_5,candidate_4,0,5,0.028000000000000004
19,candidate_3,candidate_2,candidate_5,candidate_4,candidate_1,5,0.028000000000000004
20,candidate_3,candidate_2,candidate_5,candidate_4,candidate_1,5,0.028000000000000004
21,candidate_3,candidate_2,candidate_5,candidate_4,candidate_1,5,0.028000000000000004
22,candidate_3,candidate_2,candidate_5,candidate_4,candidate_1,5,0.028000000000000004
23,candidate_3,candidate_2,candidate_5,candidate_4,candidate_1,5,0.028000000000000004
24,0,candidate_2,candidate_5,candidate_4,candidate_1,5,0.028000000000000004
25,0,candidate_2,candidate_5,candidate_4,candidate_1,5,0.028000000000000004
26,candidate_3,candidate_2,candidate_5,candidate_4,candidate_1,5,0.028000000000000004
27,candidate_3,candidate_2,candidate_5,candidate_4,candidate_1,5,0.028000000000000004
28,candidate_3,candidate_2,candidate_5,candidate_4,candidate_1,5,0.028000000000000004
29,candidate_3,candidate_2,candidate_5,candidate_4,candidate_1,5,0.028000000000000004
30,candidate_3,candidate_2,candidate_5,candidate_4,candidate_1,5,0.028000000000000004
31,candidate_3,candidate_2,candidate_5,candidate_4,candidate_1,5,0.028000000000000004
32,candidate_3,0,candidate_5,candidate_4,candidate_1,5,0.028000000000000004
33,candidate_3,candidate_2,candidate_5,candidate_4,0,5,0.028000000000000004
34,candidate_3,candidate_2,candidate_5,candidate_4,candidate_1,5,0.028000000000000004
35,candidate_3,candidate_2,candidate_5,candidate_4,candidate_1,5,0.028000000000000004
36,candidate_3,candidate_2,candidate_5,candidate_4,candidate_1,5,0.028000000000000004
37,candidate_3,candidate_2,candidate_5,candidate_4,candidate_1,5,0.028000000000000004
38,candidate_3,candidate_2,candidate_5,candidate_4,0,5,0.028000000000000004
39,candidate_3,candidate_2,candidate_5,candidate_4,candidate_1,5,0.028000000000000004
40,candidate_3,candidate_2,candidate_5,candidate_4,candidate_1,5,0.028000000000000004
41,candidate_3,candidate_2,candidate_5,candidate_4,candidate_1,5,0.028000000000000004
42,candidate_3,0,candidate_5,candidate_4,candidate_1,5,0.028000000000000004
43,candidate_3,candidate_2,candidate_5,candidate_4,candidate_1,5,0.028000000000000004
44,candidate_3,candidate_2,candidate_5,candidate_4,candidate_1,5,0.028000000000000004
45,candidate_3,candidate_2,candidate_5,candidate_4,candidate_1,5,0.028000000000000004
46,candidate_3,candidate_2,candidate_5,candidate_4,candidate_1,5,0.028000000000000004
47,candidate_3,candidate_2,candidate_5,candidate_4,candidate_1,5,0.028000000000000004
48,candidate_3,candidate_2,candidate_5,candidate_4,candidate_1,5,0.028000000000000004
49,candidate_3,candidate_2,candidate_5,candidate_4,candidate_1,5,0.028000000000000004
50,candidate_3,0,candidate_5,candidate_4,candidate_1,5,0.028000000000000004
51,0,candidate_2,candidate_5,candidate_4,candidate_1,5,0.028000000000000004
52,candidate_3,candidate_2,candidate_5,candidate_4,candidate_1,5,0.028000000000000004
53,candidate_3,candidate_2,candidate_5,candidate_4,candidate_1,5,0.028000000000000004
54,0,candidate_2,candidate_5,candidate_4,candidate_1,5,0.028000000000000004
55,candidate_3,candidate_2,candidate_5,candidate_4,candidate_1,5,0.028000000000000004
56,candidate_3,candidate_2,candidate_5,candidate_4,candidate_1,5,0.028000000000000004
57,candidate_3,candidate_2,candidate_5,candidate_4,candidate_1,5,0.028000000000000004
58,candidate_3,candidate_2,candidate_5,candidate_4,candidate_1,5,0.028000000000000004
59,candidate_3,candidate_2,candidate_5,candidate_4,candidate_1,5,0.028000000000000004
60,candidate_3,candidate_2,candidate_5,candidate_4,candidate_1,5,0.028000000000000004
61,candidate_3,candidate_2,candidate_5,candidate_4,candidate_1,5,0.028000000000000004
62,candidate_3,candidate_2,candidate_5,candidate_4,candidate_1,5,0.028000000000000004
63,candidate_3,candidate_2,candidate_5,candidate_4,0,5,0.028000000000000004
64,candidate_3,candidate_2,candidate_5,candidate_4,candidate_1,5,0.028000000000000004
65,candidate_3,candidate_2,candidate_5,candidate_4,candidate_1,5,0.028000000000000004
66,candidate_3,candidate_2,candidate_5,candidate_4,candidate_1,5,0.028000000000000004
67,candidate_3,candidate_2,candidate_5,candidate_4,candidate_1,5,0.028000000000000004
68,candidate_3,candidate_2,0,candidate_4,candidate_1,5,0.028000000000000004
69,candidate_3,candidate_2,candidate_5,candidate_4,candidate_1,5,0.028000000000000004
70,candidate_3,candidate_2,candidate_5,candidate_4,candidate_1,5,0.028000000000000004
71,candidate_3,candidate_2,candidate_5,candidate_4,candidate_1,5,0.028000000000000004
72,candidate_3,candidate_2,candidate_5,candidate_4,candidate_1,5,0.028000000000000004
73,candidate_3,candidate_2,candidate_5,candidate_4,candidate_1,5,0.028000000000000004
74,candidate_3,candidate_2,candidate_5,candidate_4,candidate_1,5,0.028000000000000004
75,candidate_3,candidate_2,candidate_5,candidate_4,candidate_1,5,0.028000000000000004
76,candidate_3,candidate_2,candidate_5,candidate_4,candidate_1,5,0.028000000000000004
77,candidate_3,candidate_2,candidate_5,candidate_4,candidate_1,5,0.028000000000000004
78,candidate_3,candidate_2,candidate_5,candidate_4,candidate_1,5,0.028000000000000004
79,candidate_3,candidate_2,candidate_5,candidate_4,candidate_1,5,0.028000000000000004
80,candidate_3,candidate_2,candidate_5,candidate_4,candidate_1,5,0.028000000000000004
81,candidate_3,candidate_2,candidate_5,candidate_4,candidate_1,5,0.028000000000000004
82,0,0,candidate_5,candidate_4,candidate_1,5,0.028000000000000004
83,candidate_3,candidate_2,candidate_5,candidate_4,candidate_1,5,0.028000000000000004
84,candidate_3,candidate_2,candidate_5,candidate_4,candidate_1,5,0.028000000000000004
85,candidate_3,0,candidate_5,candidate_4,candidate_1,5,0.028000000000000004
86,candidate_3,candidate_2,candidate_5,candidate_4,candidate_1,5,0.028000000000000004
87,candidate_3,candidate_2,candidate_5,candidate_4,candidate_1,5,0.028000000000000004
88,candidate_3,candidate_2,candidate_5,candidate_4,candidate_1,5,0.028000000000000004
89,candidate_3,candidate_2,candidate_5,candidate_4,candidate_1,5,0.028000000000000004
90,candidate_3,candidate_2,candidate_5,candidate_4,candidate_1,5,0.028000000000000004
91,candidate_3,candidate_2,candidate_5,candidate_4,candidate_1,5,0.028000000000000004
92,candidate_3,candidate_2,candidate_5,candidate_4,candidate_1,5,0.028000000000000004
93,candidate_3,candidate_2,candidate_5,candidate_4,candidate_1,5,0.028000000000000004
94,candidate_3,candidate_2,candidate_5,candidate_4,candidate_1,5,0.028000000000000004
95,candidate_3,candidate_2,candidate_5,candidate_4,candidate_1,5,0.028000000000000004
96,candidate_3,candidate_2,candidate_5,candidate_4,candidate_1,5,0.028000000000000004
97,candidate_3,candidate_2,candidate_5,candidate_4,candidate_1,5,0.028000000000000004
98,candidate_3,candidate_2,candidate_5,candidate_4,0,5,0.028000000000000004
99,candidate_3,candidate_2,candidate_5,candidate_4,candidate_1,5,0.028000000000000004
100,candidate_3,candidate_2,candidate_5,candidate_4,candidate_1,5,0.028000000000000004
101,candidate_3,candidate_2,candidate_5,candidate_4,candidate_1,5,0.028000000000000004
102,candidate_3,candidate_2,candidate_5,candidate_4,candidate_1,5,0.028000000000000004
103,candidate_3,candidate_2,candidate_5,candidate_4,candidate_1,5,0.028000000000000004
104,candidate_3,0,candidate_5,candidate_4,candidate_1,5,0.028000000000000004
105,candidate_3,candidate_2,candidate_5,candidate_4,candidate_1,5,0.028000000000000004
106,candidate_3,candidate_2,candidate_5,candidate_4,candidate_1,5,0.028000000000000004
107,candidate_3,candidate_2,candidate_5,candidate_4,candidate_1,5,0.028000000000000004
108,candidate_3,candidate_2,candidate_5,candidate_4,candidate_1,5,0.028000000000000004
109,candidate_3,candidate_2,candidate_5,candidate_4,candidate_1,5,0.028000000000000004
110,candidate_3,candidate_2,candidate_5,candidate_4,candidate_1,5,0.028000000000000004
111,candidate_3,candidate_2,candidate_5,candidate_4,candidate_1,5,0.028000000000000004
112,candidate_3,candidate_2,candidate_5,candidate_4,candidate_1,5,0.028000000000000004
113,candidate_3,candidate_2,candidate_5,candidate_4,candidate_1,5,0.028000000000000004
114,candidate_3,candidate_2,candidate_5,candidate_4,candidate_1,5,0.028000000000000004
115,candidate_3,candidate_2,candidate_5,candidate_4,candidate_1,5,0.028000000000000004
116,candidate_3,candidate_2,candidate_5,candidate_4,candidate_1,5,0.028000000000000004
117,candidate_3,candidate_2,candidate_5,candidate_4,candidate_1,5,0.028000000000000004
118,candidate_3,candidate_2,candidate_5,candidate_4,candidate_1,5,0.028000000000000004
119,candidate_3,candidate_2,candidate_5,candidate_4,candidate_1,5,0.028000000000000004
120,candidate_3,candidate_2,candidate_5,candidate_4,candidate_1,5,0.028000000000000004
121,candidate_3,candidate_2,candidate_5,candidate_4,candidate_1,5,0.028000000000000004
122,candidate_3,candidate_2,candidate_5,candidate_4,candidate_1,5,0.028000000000000004
123,candidate_3,candidate_2,candidate_5,candidate_4,candidate_1,5,0.028000000000000004
124,candidate_3,candidate_2,candidate_5,candidate_4,candidate_1,5,0.028000000000000004
125,0,candidate_2,candidate_5,candidate_4,candidate_1,5,0.028000000000000004
126,candidate_3,candidate_2,candidate_5,candidate_4,candidate_1,5,0.028000000000000004
127,candidate_3,candidate_2,candidate_5,candidate_4,candidate_1,5,0.028000000000000004
128,candidate_3,candidate_2,candidate_5,candidate_4,candidate_1,5,0.028000000000000004
129,candidate_3,candidate_2,candidate_5,candidate_4,candidate_1,5,0.028000000000000004
130,candidate_3,candidate_2,candidate_5,candidate_4,candidate_1,5,0.028000000000000004
131,candidate_3,candidate_2,candidate_5,candidate_4,candidate_1,5,0.028000000000000004
132,candidate_3,candidate_2,candidate_5,candidate_4,candidate_1,5,0.028000000000000004
133,candidate_3,candidate_2,candidate_5,candidate_4,candidate_1,5,0.028000000000000004
134,candidate_3,candidate_2,candidate_5,candidate_4,candidate_1,5,0.028000000000000004
135,candidate_3,candidate_2,candidate_5,candidate_4,candidate_1,5,0.028000000000000004
136,candidate_3,candidate_2,candidate_5,candidate_4,candidate_1,5,0.028000000000000004
137,candidate_3,candidate_2,candidate_5,candidate_4,candidate_1,5,0.028000000000000004
138,candidate_3,candidate_2,candidate_5,candidate_4,candidate_1,5,0.028000000000000004
139,candidate_3,candidate_2,candidate_5,candidate_4,candidate_1,5,0.028000000000000004
140,candidate_3,candidate_2,0,candidate_4,candidate_1,5,0.028000000000000004
141,candidate_3,candidate_2,candidate_5,candidate_4,candidate_1,5,0.028000000000000004
142,candidate_3,candidate_2,candidate_5,candidate_4,candidate_1,5,0.028000000000000004
143,candidate_3,candidate_2,candidate_5,candidate_4,candidate_1,5,0.028000000000000004
144,candidate_3,candidate_2,candidate_5,candidate_4,candidate_1,5,0.028000000000000004
145,candidate_3,candidate_2,candidate_5,candidate_4,candidate_1,5,0.028000000000000004
146,candidate_3,candidate_2,candidate_5,candidate_4,candidate_1,5,0.028000000000000004
147,candidate_3,candidate_2,candidate_5,candidate_4,candidate_1,5,0.028000000000000004
148,candidate_3,candidate_2,candidate_5,candidate_4,candidate_1,5,0.028000000000000004
149,candidate_3,candidate_2,candidate_5,candidate_4,candidate_1,5,0.028000000000000004
150,candidate_3,candidate_2,candidate_5,candidate_4,candidate_1,5,0.028000000000000004
151,candidate_3,candidate_2,0,candidate_4,candidate_1,5,0.028000000000000004
152,candidate_3,candidate_2,candidate_5,candidate_4,candidate_1,5,0.028000000000000004
153,candidate_3,candidate_2,candidate_5,candidate_4,candidate_1,5,0.028000000000000004
154,candidate_3,candidate_2,candidate_5,candidate_4,candidate_1,5,0.028000000000000004
155,candidate_3,candidate_2,candidate_5,candidate_4,candidate_1,5,0.028000000000000004
156,candidate_3,candidate_2,candidate_5,candidate_4,candidate_1,5,0.028000000000000004
157,candidate_3,candidate_2,candidate_5,candidate_4,candidate_1,5,0.028000000000000004
158,candidate_3,candidate_2,candidate_5,candidate_4,candidate_1,5,0.028000000000000004
159,candidate_3,candidate_2,candidate_5,candidate_4,candidate_1,5,0.028000000000000004
160,candidate_3,candidate_2,candidate_5,candidate_4,candidate_1,5,0.028000000000000004
161,candidate_3,candidate_2,candidate_5,candidate_4,candidate_1,5,0.028000000000000004
162,candidate_3,candidate_2,candidate_5,candidate_4,candidate_1,5,0.028000000000000004
163,candidate_3,candidate_2,candidate_5,candidate_4,candidate_1,5,0.028000000000000004
164,candidate_3,candidate_2,candidate_5,candidate_4,candidate_1,5,0.028000000000000004
165,candidate_3,candidate_2,candidate_5,candidate_4,candidate_1,5,0.028000000000000004
166,candidate_3,candidate_2,candidate_5,candidate_4,candidate_1,5,0.028000000000000004
167,candidate_3,candidate_2,candidate_5,candidate_4,candidate_1,5,0.028000000000000004
168,candidate_3,candidate_2,candidate_5,candidate_4,candidate_1,5,0.028000000000000004
169,0,candidate_2,candidate_5,candidate_4,candidate_1,5,0.028000000000000004
170,candidate_3,candidate_2,candidate_5,0,candidate_1,5,0.028000000000000004
171,candidate_3,candidate_2,candidate_5,candidate_4,candidate_1,5,0.028000000000000004
172,candidate_3,candidate_2,candidate_5,candidate_4,candidate_1,5,0.028000000000000004
173,candidate_3,candidate_2,candidate_5,candidate_4,candidate_1,5,0.028000000000000004
174,candidate_3,candidate_2,candidate_5,candidate_4,0,5,0.028000000000000004
175,candidate_3,candidate_2,candidate_5,candidate_4,candidate_1,5,0.028000000000000004
176,candidate_3,candidate_2,candidate_5,candidate_4,candidate_1,5,0.028000000000000004
177,candidate_3,candidate_2,candidate_5,candidate_4,candidate_1,5,0.028000000000000004
178,candidate_3,candidate_2,candidate_5,candidate_4,candidate_1,5,0.028000000000000004
179,candidate_3,candidate_2,candidate_5,candidate_4,candidate_1,5,0.028000000000000004
180,candidate_3,candidate_2,candidate_5,candidate_4,0,5,0.028000000000000004
181,candidate_3,candidate_2,candidate_5,candidate_4,candidate_1,5,0.028000000000000004
182,candidate_3,candidate_2,candidate_5,candidate_4,candidate_1,5,0.028000000000000004
183,candidate_3,candidate_2,candidate_5,candidate_4,candidate_1,5,0.028000000000000004
184,candidate_3,candidate_2,candidate_5,candidate_4,candidate_1,5,0.028000000000000004
185,candidate_3,candidate_2,candidate_5,candidate_4,candidate_1,5,0.028000000000000004
186,candidate_3,candidate_2,candidate_5,candidate_4,0,5,0.028000000000000004
187,candidate_3,candidate_2,candidate_5,candidate_4,candidate_1,5,0.028000000000000004
188,candidate_3,candidate_2,candidate_5,candidate_4,candidate_1,5,0.028000000000000004
189,candidate_3,candidate_2,candidate_5,candidate_4,candidate_1,5,0.028000000000000004
190,candidate_3,candidate_2,candidate_5,candidate_4,candidate_1,5,0.028000000000000004
191,candidate_3,candidate_2,candidate_5,candidate_4,candidate_1,5,0.028000000000000004
192,candidate_3,candidate_2,candidate_5,candidate_4,candidate_1,5,0.028000000000000004
193,candidate_3,candidate_2,0,candidate_4,candidate_1,5,0.028000000000000004
194,candidate_3,candidate_2,candidate_5,candidate_4,candidate_1,5,0.028000000000000004
195,candidate_3,candidate_2,candidate_5,candidate_4,candidate_1,5,0.028000000000000004
196,candidate_3,candidate_2,candidate_5,candidate_4,candidate_1,5,0.028000000000000004
197,candidate_3,candidate_2,candidate_5,candidate_4,candidate_1,5,0.028000000000000004
198,candidate_3,candidate_2,candidate_5,candidate_4,candidate_1,5,0.028000000000000004
199,candidate_3,candidate_2,candidate_5,candidate_4,candidate_1,5,0.028000000000000004
200,candidate_3,candidate_2,candidate_5,candidate_4,candidate_1,5,0.028000000000000004
201,candidate_3,candidate_2,candidate_5,candidate_4,0,5,0.028000000000000004
202,candidate_3,candidate_2,candidate_5,candidate_4,candidate_1,5,0.028000000000000004
0,candidate_3,candidate_4,candidate_1,candidate_2,candidate_5,5,0.028000000000000004
1,candidate_3,candidate_4,candidate_1,candidate_2,candidate_5,5,0.028000000000000004
2,candidate_3,candidate_4,candidate_1,candidate_2,candidate_5,5,0.028000000000000004
3,candidate_3,candidate_4,candidate_1,candidate_2,candidate_5,5,0.028000000000000004
4,candidate_3,candidate_4,candidate_1,candidate_2,candidate_5,5,0.028000000000000004
5,candidate_3,candidate_4,candidate_1,candidate_2,candidate_5,5,0.028000000000000004
6,candidate_3,candidate_4,candidate_1,candidate_2,candidate_5,5,0.028000000000000004
7,candidate_3,candidate_4,candidate_1,candidate_2,candidate_5,5,0.028000000000000004
8,candidate_3,candidate_4,candidate_1,candidate_2,candidate_5,5,0.028000000000000004
9,candidate_3,candidate_4,candidate_1,candidate_2,candidate_5,5,0.028000000000000004
10,candidate_3,candidate_4,candidate_1,candidate_2,candidate_5,5,0.028000000000000004
11,candidate_3,candidate_4,candidate_1,0,candidate_5,5,0.028000000000000004
12,candidate_3,candidate_4,candidate_1,candidate_2,candidate_5,5,0.028000000000000004
13,candidate_3,candidate_4,candidate_1,candidate_2,candidate_5,5,0.028000000000000004
14,0,candidate_4,candidate_1,candidate_2,candidate_5,5,0.028000000000000004
15,candidate_3,candidate_4,candidate_1,candidate_2,candidate_5,5,0.028000000000000004
16,candidate_3,candidate_4,candidate_1,candidate_2,candidate_5,5,0.028000000000000004
17,candidate_3,candidate_4,0,candidate_2,candidate_5,5,0.028000000000000004
18,candidate_3,candidate_4,candidate_1,candidate_2,candidate_5,5,0.028000000000000004
19,candidate_3,candidate_4,candidate_1,candidate_2,candidate_5,5,0.028000000000000004
20,candidate_3,candidate_4,candidate_1,candidate_2,candidate_5,5,0.028000000000000004
21,candidate_3,candidate_4,candidate_1,candidate_2,candidate_5,5,0.028000000000000004
22,candidate_3,candidate_4,candidate_1,candidate_2,candidate_5,5,0.028000000000000004
23,candidate_3,candidate_4,candidate_1,candidate_2,candidate_5,5,0.028000000000000004
24,candidate_3,candidate_4,candidate_1,candidate_2,candidate_5,5,0.028000000000000004
25,candidate_3,candidate_4,candidate_1,candidate_2,candidate_5,5,0.028000000000000004
26,candidate_3,candidate_4,candidate_1,candidate_2,candidate_5,5,0.028000000000000004
27,candidate_3,candidate_4,candidate_1,candidate_2,candidate_5,5,0.028000000000000004
28,candidate_3,candidate_4,candidate_1,candidate_2,candidate_5,5,0.028000000000000004
29,candidate_3,candidate_4,candidate_1,candidate_2,candidate_5,5,0.028000000000000004
30,candidate_3,candidate_4,candidate_1,candidate_2,candidate_5,5,0.028000000000000004
31,candidate_3,candidate_4,candidate_1,candidate_2,candidate_5,5,0.028000000000000004
32,candidate_3,candidate_4,candidate_1,candidate_2,candidate_5,5,0.028000000000000004
33,candidate_3,0,candidate_1,candidate_2,candidate_5,5,0.028000000000000004
34,candidate_3,candidate_4,candidate_1,candidate_2,candidate_5,5,0.028000000000000004
35,candidate_3,candidate_4,candidate_1,candidate_2,candidate_5,5,0.028000000000000004
36,candidate_3,candidate_4,candidate_1,candidate_2,candidate_5,5,0.028000000000000004
37,candidate_3,candidate_4,candidate_1,candidate_2,candidate_5,5,0.028000000000000004
38,candidate_3,candidate_4,candidate_1,candidate_2,candidate_5,5,0.028000000000000004
39,candidate_3,candidate_4,candidate_1,candidate_2,candidate_5,5,0.028000000000000004
40,0,candidate_4,candidate_1,candidate_2,candidate_5,5,0.028000000000000004
41,candidate_3,candidate_4,candidate_1,candidate_2,candidate_5,5,0.028000000000000004
42,candidate_3,candidate_4,candidate_1,candidate_2,candidate_5,5,0.028000000000000004
43,candidate_3,candidate_4,candidate_1,candidate_2,candidate_5,5,0.028000000000000004
44,candidate_3,candidate_4,candidate_1,candidate_2,candidate_5,5,0.028000000000000004
45,candidate_3,candidate_4,candidate_1,candidate_2,candidate_5,5,0.028000000000000004
46,candidate_3,candidate_4,candidate_1,candidate_2,candidate_5,5,0.028000000000000004
47,candidate_3,0,candidate_1,candidate_2,candidate_5,5,0.028000000000000004
48,candidate_3,candidate_4,candidate_1,candidate_2,candidate_5,5,0.028000000000000004
49,0,candidate_4,candidate_1,candidate_2,candidate_5,5,0.028000000000000004
50,candidate_3,candidate_4,0,candidate_2,candidate_5,5,0.028000000000000004
51,candidate_3,candidate_4,candidate_1,candidate_2,candidate_5,5,0.028000000000000004
52,candidate_3,candidate_4,candidate_1,candidate_2,candidate_5,5,0.028000000000000004
53,0,candidate_4,candidate_1,candidate_2,candidate_5,5,0.028000000000000004
54,candidate_3,candidate_4,candidate_1,candidate_2,candidate_5,5,0.028000000000000004
55,candidate_3,candidate_4,candidate_1,candidate_2,candidate_5,5,0.028000000000000004
56,candidate_3,candidate_4,candidate_1,candidate_2,candidate_5,5,0.028000000000000004
57,candidate_3,candidate_4,candidate_1,candidate_2,candidate_5,5,0.028000000000000004
58,candidate_3,candidate_4,candidate_1,candidate_2,candidate_5,5,0.028000000000000004
59,candidate_3,candidate_4,candidate_1,candidate_2,candidate_5,5,0.028000000000000004
60,candidate_3,candidate_4,candidate_1,candidate_2,candidate_5,5,0.028000000000000004
61,candidate_3,candidate_4,candidate_1,candidate_2,candidate_5,5,0.028000000000000004
62,candidate_3,candidate_4,candidate_1,candidate_2,candidate_5,5,0.028000000000000004
63,0,candidate_4,candidate_1,candidate_2,candidate_5,5,0.028000000000000004
64,candidate_3,0,candidate_1,candidate_2,candidate_5,5,0.028000000000000004
65,candidate_3,candidate_4,candidate_1,candidate_2,candidate_5,5,0.028000000000000004
66,candidate_3,candidate_4,candidate_1,candidate_2,candidate_5,5,0.028000000000000004
67,candidate_3,candidate_4,candidate_1,candidate_2,candidate_5,5,0.028000000000000004
68,candidate_3,candidate_4,candidate_1,candidate_2,candidate_5,5,0.028000000000000004
69,candidate_3,candidate_4,candidate_1,candidate_2,candidate_5,5,0.028000000000000004
70,candidate_3,candidate_4,candidate_1,candidate_2,candidate_5,5,0.028000000000000004
71,candidate_3,candidate_4,candidate_1,candidate_2,candidate_5,5,0.028000000000000004
72,candidate_3,candidate_4,candidate_1,candidate_2,candidate_5,5,0.028000000000000004
73,candidate_3,candidate_4,candidate_1,candidate_2,candidate_5,5,0.028000000000000004
74,candidate_3,candidate_4,candidate_1,candidate_2,candidate_5,5,0.028000000000000004
75,candidate_3,candidate_4,candidate_1,candidate_2,candidate_5,5,0.028000000000000004
76,candidate_3,candidate_4,candidate_1,candidate_2,candidate_5,5,0.028000000000000004
77,candidate_3,candidate_4,candidate_1,candidate_2,candidate_5,5,0.028000000000000004
78,candidate_3,candidate_4,candidate_1,candidate_2,candidate_5,5,0.028000000000000004
79,candidate_3,candidate_4,candidate_1,candidate_2,candidate_5,5,0.028000000000000004
80,candidate_3,candidate_4,candidate_1,candidate_2,candidate_5,5,0.028000000000000004
81,candidate_3,candidate_4,candidate_1,candidate_2,candidate_5,5,0.028000000000000004
82,candidate_3,candidate_4,candidate_1,candidate_2,candidate_5,5,0.028000000000000004
83,candidate_3,candidate_4,candidate_1,candidate_2,candidate_5,5,0.028000000000000004
84,candidate_3,candidate_4,candidate_1,candidate_2,candidate_5,5,0.028000000000000004
85,candidate_3,candidate_4,candidate_1,candidate_2,candidate_5,5,0.028000000000000004
86,candidate_3,candidate_4,candidate_1,candidate_2,candidate_5,5,0.028000000000000004
87,candidate_3,candidate_4,candidate_1,candidate_2,candidate_5,5,0.028000000000000004
88,candidate_3,candidate_4,candidate_1,candidate_2,candidate_5,5,0.028000000000000004
89,candidate_3,candidate_4,candidate_1,candidate_2,candidate_5,5,0.028000000000000004
90,candidate_3,candidate_4,candidate_1,candidate_2,candidate_5,5,0.028000000000000004
91,0,0,candidate_1,candidate_2,candidate_5,5,0.028000000000000004
92,candidate_3,candidate_4,candidate_1,candidate_2,candidate_5,5,0.028000000000000004
93,candidate_3,candidate_4,candidate_1,candidate_2,candidate_5,5,0.028000000000000004
94,candidate_3,candidate_4,candidate_1,candidate_2,candidate_5,5,0.028000000000000004
95,candidate_3,candidate_4,0,candidate_2,candidate_5,5,0.028000000000000004
96,candidate_3,candidate_4,candidate_1,candidate_2,candidate_5,5,0.028000000000000004
97,candidate_3,candidate_4,candidate_1,candidate_2,candidate_5,5,0.028000000000000004
98,candidate_3,candidate_4,candidate_1,candidate_2,candidate_5,5,0.028000000000000004
99,candidate_3,candidate_4,candidate_1,candidate_2,candidate_5,5,0.028000000000000004
100,candidate_3,candidate_4,candidate_1,candidate_2,candidate_5,5,0.028000000000000004
101,candidate_3,0,candidate_1,candidate_2,candidate_5,5,0.028000000000000004
102,candidate_3,candidate_4,candidate_1,candidate_2,candidate_5,5,0.028000000000000004
103,candidate_3,candidate_4,candidate_1,candidate_2,candidate_5,5,0.028000000000000004
104,candidate_3,candidate_4,candidate_1,candidate_2,candidate_5,5,0.028000000000000004
105,candidate_3,candidate_4,candidate_1,candidate_2,candidate_5,5,0.028000000000000004
106,candidate_3,candidate_4,candidate_1,candidate_2,candidate_5,5,0.028000000000000004
107,candidate_3,candidate_4,candidate_1,candidate_2,candidate_5,5,0.028000000000000004
108,candidate_3,candidate_4,candidate_1,candidate_2,candidate_5,5,0.028000000000000004
109,candidate_3,candidate_4,candidate_1,candidate_2,candidate_5,5,0.028000000000000004
110,candidate_3,candidate_4,candidate_1,candidate_2,candidate_5,5,0.028000000000000004
111,candidate_3,candidate_4,candidate_1,candidate_2,candidate_5,5,0.028000000000000004
112,candidate_3,candidate_4,candidate_1,candidate_2,candidate_5,5,0.028000000000000004
113,candidate_3,candidate_4,candidate_1,candidate_2,candidate_5,5,0.028000000000000004
114,candidate_3,candidate_4,candidate_1,candidate_2,candidate_5,5,0.028000000000000004
115,candidate_3,candidate_4,candidate_1,candidate_2,candidate_5,5,0.028000000000000004
116,candidate_3,candidate_4,candidate_1,candidate_2,0,5,0.028000000000000004
117,candidate_3,candidate_4,candidate_1,candidate_2,candidate_5,5,0.028000000000000004
118,candidate_3,candidate_4,candidate_1,candidate_2,candidate_5,5,0.028000000000000004
119,candidate_3,candidate_4,candidate_1,candidate_2,candidate_5,5,0.028000000000000004
120,candidate_3,candidate_4,candidate_1,candidate_2,candidate_5,5,0.028000000000000004
121,candidate_3,candidate_4,candidate_1,candidate_2,candidate_5,5,0.028000000000000004
122,candidate_3,candidate_4,candidate_1,candidate_2,candidate_5,5,0.028000000000000004
123,candidate_3,candidate_4,candidate_1,candidate_2,candidate_5,5,0.028000000000000004
124,candidate_3,candidate_4,candidate_1,candidate_2,candidate_5,5,0.028000000000000004
125,candidate_3,candidate_4,candidate_1,candidate_2,candidate_5,5,0.028000000000000004
126,candidate_3,candidate_4,candidate_1,candidate_2,candidate_5,5,0.028000000000000004
127,candidate_3,candidate_4,candidate_1,candidate_2,candidate_5,5,0.028000000000000004
128,candidate_3,candidate_4,candidate_1,candidate_2,candidate_5,5,0.028000000000000004
129,candidate_3,candidate_4,candidate_1,candidate_2,candidate_5,5,0.028000000000000004
130,candidate_3,candidate_4,candidate_1,candidate_2,candidate_5,5,0.028000000000000004
131,candidate_3,candidate_4,candidate_1,candidate_2,candidate_5,5,0.028000000000000004
132,candidate_3,candidate_4,candidate_1,candidate_2,candidate_5,5,0.028000000000000004
133,candidate_3,candidate_4,candidate_1,candidate_2,candidate_5,5,0.028000000000000004
134,candidate_3,candidate_4,candidate_1,candidate_2,candidate_5,5,0.028000000000000004
135,candidate_3,candidate_4,0,candidate_2,candidate_5,5,0.028000000000000004
136,candidate_3,candidate_4,candidate_1,0,candidate_5,5,0.028000000000000004
137,candidate_3,candidate_4,candidate_1,candidate_2,candidate_5,5,0.028000000000000004
138,candidate_3,candidate_4,candidate_1,candidate_2,candidate_5,5,0.028000000000000004
139,candidate_3,candidate_4,candidate_1,candidate_2,candidate_5,5,0.028000000000000004
140,candidate_3,candidate_4,candidate_1,candidate_2,candidate_5,5,0.028000000000000004
141,candidate_3,candidate_4,candidate_1,candidate_2,candidate_5,5,0.028000000000000004
142,candidate_3,candidate_4,candidate_1,candidate_2,candidate_5,5,0.028000000000000004
143,candidate_3,candidate_4,candidate_1,candidate_2,candidate_5,5,0.028000000000000004
144,candidate_3,candidate_4,candidate_1,candidate_2,candidate_5,5,0.028000000000000004
145,candidate_3,candidate_4,candidate_1,candidate_2,candidate_5,5,0.028000000000000004
146,candidate_3,candidate_4,candidate_1,candidate_2,candidate_5,5,0.028000000000000004
147,candidate_3,candidate_4,candidate_1,candidate_2,candidate_5,5,0.028000000000000004
148,candidate_3,candidate_4,candidate_1,candidate_2,candidate_5,5,0.028000000000000004
149,candidate_3,candidate_4,candidate_1,candidate_2,candidate_5,5,0.028000000000000004
150,candidate_3,candidate_4,candidate_1,candidate_2,candidate_5,5,0.028000000000000004
151,candidate_3,candidate_4,candidate_1,candidate_2,candidate_5,5,0.028000000000000004
152,candidate_3,candidate_4,candidate_1,candidate_2,candidate_5,5,0.028000000000000004
153,candidate_3,candidate_4,candidate_1,candidate_2,candidate_5,5,0.028000000000000004
154,candidate_3,candidate_4,candidate_1,candidate_2,candidate_5,5,0.028000000000000004
155,candidate_3,candidate_4,candidate_1,candidate_2,candidate_5,5,0.028000000000000004
156,candidate_3,candidate_4,candidate_1,candidate_2,candidate_5,5,0.028000000000000004
157,candidate_3,candidate_4,candidate_1,candidate_2,candidate_5,5,0.028000000000000004
158,candidate_3,candidate_4,candidate_1,candidate_2,candidate_5,5,0.028000000000000004
159,candidate_3,candidate_4,candidate_1,candidate_2,candidate_5,5,0.028000000000000004
160,candidate_3,candidate_4,0,candidate_2,candidate_5,5,0.028000000000000004
161,candidate_3,candidate_4,candidate_1,candidate_2,candidate_5,5,0.028000000000000004
162,candidate_3,candidate_4,candidate_1,candidate_2,candidate_5,5,0.028000000000000004
163,candidate_3,candidate_4,candidate_1,candidate_2,candidate_5,5,0.028000000000000004
164,candidate_3,candidate_4,candidate_1,candidate_2,candidate_5,5,0.028000000000000004
165,candidate_3,candidate_4,candidate_1,candidate_2,candidate_5,5,0.028000000000000004
166,candidate_3,candidate_4,candidate_1,candidate_2,candidate_5,5,0.028000000000000004
167,candidate_3,candidate_4,candidate_1,candidate_2,candidate_5,5,0.028000000000000004
168,candidate_3,candidate_4,candidate_1,candidate_2,candidate_5,5,0.028000000000000004
169,candidate_3,candidate_4,candidate_1,candidate_2,candidate_5,5,0.028000000000000004
170,candidate_3,candidate_4,candidate_1,candidate_2,candidate_5,5,0.028000000000000004
171,candidate_3,candidate_4,candidate_1,candidate_2,candidate_5,5,0.028000000000000004
172,candidate_3,candidate_4,candidate_1,candidate_2,candidate_5,5,0.028000000000000004
173,candidate_3,candidate_4,candidate_1,candidate_2,candidate_5,5,0.028000000000000004
174,candidate_3,candidate_4,candidate_1,candidate_2,candidate_5,5,0.028000000000000004
175,candidate_3,candidate_4,candidate_1,candidate_2,candidate_5,5,0.028000000000000004
176,candidate_3,candidate_4,candidate_1,candidate_2,candidate_5,5,0.028000000000000004
177,candidate_3,candidate_4,candidate_1,candidate_2,candidate_5,5,0.028000000000000004
178,candidate_3,candidate_4,candidate_1,candidate_2,candidate_5,5,0.028000000000000004
179,candidate_3,candidate_4,candidate_1,candidate_2,candidate_5,5,0.028000000000000004
180,candidate_3,candidate_4,candidate_1,candidate_2,candidate_5,5,0.028000000000000004
181,candidate_3,candidate_4,candidate_1,candidate_2,candidate_5,5,0.028000000000000004
182,candidate_3,candidate_4,0,candidate_2,candidate_5,5,0.028000000000000004
183,candidate_3,candidate_4,candidate_1,candidate_2,candidate_5,5,0.028000000000000004
184,candidate_3,candidate_4,candidate_1,candidate_2,candidate_5,5,0.028000000000000004
185,candidate_3,candidate_4,candidate_1,candidate_2,candidate_5,5,0.028000000000000004
186,candidate_3,candidate_4,candidate_1,candidate_2,candidate_5,5,0.028000000000000004
187,candidate_3,candidate_4,candidate_1,candidate_2,candidate_5,5,0.028000000000000004
188,candidate_3,candidate_4,0,candidate_2,candidate_5,5,0.028000000000000004
189,candidate_3,candidate_4,candidate_1,candidate_2,candidate_5,5,0.028000000000000004
190,candidate_3,candidate_4,candidate_1,0,candidate_5,5,0.028000000000000004
191,candidate_3,candidate_4,candidate_1,candidate_2,candidate_5,5,0.028000000000000004
192,0,candidate_4,candidate_1,candidate_2,candidate_5,5,0.028000000000000004
193,candidate_3,candidate_4,candidate_1,candidate_2,candidate_5,5,0.028000000000000004
194,candidate_3,candidate_4,candidate_1,candidate_2,candidate_5,5,0.028000000000000004
195,candidate_3,candidate_4,candidate_1,candidate_2,candidate_5,5,0.028000000000000004
196,candidate_3,candidate_4,candidate_1,candidate_2,candidate_5,5,0.028000000000000004
197,0,candidate_4,candidate_1,candidate_2,candidate_5,5,0.028000000000000004
198,candidate_3,candidate_4,candidate_1,candidate_2,candidate_5,5,0.028000000000000004
199,0,candidate_4,candidate_1,candidate_2,candidate_5,5,0.028000000000000004
200,candidate_3,candidate_4,candidate_1,candidate_2,candidate_5,5,0.028000000000000004
201,candidate_3,candidate_4,candidate_1,candidate_2,candidate_5,5,0.028000000000000004
202,candidate_3,candidate_4,candidate_1,candidate_2,candidate_5,5,0.028000000000000004
203,candidate_3,candidate_4,candidate_1,candidate_2,candidate_5,5,0.028000000000000004
204,candidate_3,candidate_4,candidate_1,candidate_2,candidate_5,5,0.028000000000000004
205,candidate_3,candidate_4,candidate_1,candidate_2,candidate_5,5,0.028000000000000004
206,candidate_3,candidate_4,candidate_1,candidate_2,candidate_5,5,0.028000000000000004
207,candidate_3,candidate_4,candidate_1,candidate_2,candidate_5,5,0.028000000000000004
208,candidate_3,candidate_4,0,candidate_2,candidate_5,5,0.028000000000000004
209,candidate_3,candidate_4,candidate_1,candidate_2,candidate_5,5,0.028000000000000004
210,candidate_3,candidate_4,candidate_1,candidate_2,candidate_5,5,0.028000000000000004
211,candidate_3,candidate_4,candidate_1,candidate_2,candidate_5,5,0.028000000000000004
212,candidate_3,candidate_4,candidate_1,candidate_2,candidate_5,5,0.028000000000000004
213,candidate_3,candidate_4,candidate_1,candidate_2,0,5,0.028000000000000004
214,candidate_3,candidate_4,candidate_1,candidate_2,candidate_5,5,0.028000000000000004
215,candidate_3,candidate_4,candidate_1,candidate_2,candidate_5,5,0.028000000000000004
216,candidate_3,candidate_4,candidate_1,candidate_2,candidate_5,5,0.028000000000000004
217,candidate_3,candidate_4,candidate_1,candidate_2,candidate_5,5,0.028000000000000004
218,candidate_3,candidate_4,candidate_1,candidate_2,candidate_5,5,0.028000000000000004
219,candidate_3,candidate_4,candidate_1,candidate_2,candidate_5,5,0.028000000000000004
220,candidate_3,candidate_4,candidate_1,candidate_2,candidate_5,5,0.028000000000000004
221,candidate_3,candidate_4,candidate_1,candidate_2,candidate_5,5,0.028000000000000004
222,candidate_3,0,candidate_1,candidate_2,candidate_5,5,0.028000000000000004
223,candidate_3,candidate_4,candidate_1,candidate_2,candidate_5,5,0.028000000000000004
224,candidate_3,candidate_4,candidate_1,0,candidate_5,5,0.028000000000000004
225,candidate_3,candidate_4,candidate_1,candidate_2,candidate_5,5,0.028000000000000004
226,0,candidate_4,candidate_1,candidate_2,candidate_5,5,0.028000000000000004
227,candidate_3,candidate_4,candidate_1,candidate_2,candidate_5,5,0.028000000000000004
228,candidate_3,candidate_4,candidate_1,candidate_2,0,5,0.028000000000000004
229,candidate_3,candidate_4,candidate_1,candidate_2,candidate_5,5,0.028000000000000004
230,candidate_3,candidate_4,candidate_1,candidate_2,candidate_5,5,0.028000000000000004
231,candidate_3,candidate_4,candidate_1,candidate_2,candidate_5,5,0.028000000000000004
232,candidate_3,candidate_4,candidate_1,candidate_2,candidate_5,5,0.028000000000000004
233,0,candidate_4,candidate_1,candidate_2,candidate_5,5,0.028000000000000004
234,candidate_3,candidate_4,candidate_1,0,candidate_5,5,0.028000000000000004
235,candidate_3,candidate_4,candidate_1,candidate_2,candidate_5,5,0.028000000000000004
236,candidate_3,candidate_4,candidate_1,candidate_2,candidate_5,5,0.028000000000000004
237,candidate_3,candidate_4,candidate_1,candidate_2,candidate_5,5,0.028000000000000004
238,candidate_3,candidate_4,candidate_1,candidate_2,candidate_5,5,0.028000000000000004
239,candidate_3,candidate_4,candidate_1,candidate_2,candidate_5,5,0.028000000000000004
240,candidate_3,candidate_4,0,candidate_2,candidate_5,5,0.028000000000000004
241,candidate_3,candidate_4,candidate_1,candidate_2,candidate_5,5,0.028000000000000004
242,candidate_3,0,candidate_1,candidate_2,candidate_5,5,0.028000000000000004
243,candidate_3,candidate_4,candidate_1,candidate_2,candidate_5,5,0.028000000000000004
244,candidate_3,candidate_4,candidate_1,candidate_2,candidate_5,5,0.028000000000000004
245,candidate_3,candidate_4,candidate_1,candidate_2,candidate_5,5,0.028000000000000004
246,candidate_3,candidate_4,candidate_1,candidate_2,candidate_5,5,0.028000000000000004
247,candidate_3,candidate_4,candidate_1,candidate_2,candidate_5,5,0.028000000000000004
248,candidate_3,candidate_4,candidate_1,candidate_2,candidate_5,5,0.028000000000000004
249,candidate_3,candidate_4,candidate_1,candidate_2,candidate_5,5,0.028000000000000004
250,candidate_3,candidate_4,candidate_1,candidate_2,candidate_5,5,0.028000000000000004
251,candidate_3,candidate_4,candidate_1,candidate_2,candidate_5,5,0.028000000000000004
252,candidate_3,candidate_4,candidate_1,candidate_2,candidate_5,5,0.028000000000000004
253,candidate_3,candidate_4,candidate_1,candidate_2,candidate_5,5,0.028000000000000004
254,candidate_3,0,candidate_1,candidate_2,candidate_5,5,0.028000000000000004
255,candidate_3,candidate_4,candidate_1,candidate_2,candidate_5,5,0.028000000000000004
256,candidate_3,candidate_4,candidate_1,candidate_2,candidate_5,5,0.028000000000000004
257,candidate_3,candidate_4,candidate_1,candidate_2,candidate_5,5,0.028000000000000004
258,candidate_3,candidate_4,candidate_1,candidate_2,candidate_5,5,0.028000000000000004
259,candidate_3,candidate_4,candidate_1,candidate_2,candidate_5,5,0.028000000000000004
260,candidate_3,candidate_4,0,candidate_2,candidate_5,5,0.028000000000000004
261,candidate_3,candidate_4,0,0,candidate_5,5,0.028000000000000004
262,candidate_3,candidate_4,candidate_1,candidate_2,candidate_5,5,0.028000000000000004
263,candidate_3,candidate_4,candidate_1,candidate_2,candidate_5,5,0.028000000000000004
264,candidate_3,candidate_4,candidate_1,candidate_2,candidate_5,5,0.028000000000000004
265,candidate_3,candidate_4,candidate_1,candidate_2,candidate_5,5,0.028000000000000004
266,candidate_3,candidate_4,candidate_1,candidate_2,candidate_5,5,0.028000000000000004
267,candidate_3,candidate_4,candidate_1,candidate_2,candidate_5,5,0.028000000000000004
268,candidate_3,candidate_4,candidate_1,candidate_2,candidate_5,5,0.028000000000000004
269,candidate_3,candidate_4,candidate_1,candidate_2,candidate_5,5,0.028000000000000004
270,candidate_3,candidate_4,candidate_1,candidate_2,candidate_5,5,0.028000000000000004
271,candidate_3,candidate_4,candidate_1,candidate_2,candidate_5,5,0.028000000000000004
272,candidate_3,candidate_4,candidate_1,candidate_2,candidate_5,5,0.028000000000000004
273,candidate_3,candidate_4,candidate_1,candidate_2,candidate_5,5,0.028000000000000004
274,candidate_3,candidate_4,candidate_1,candidate_2,candidate_5,5,0.028000000000000004
275,candidate_3,candidate_4,candidate_1,candidate_2,candidate_5,5,0.028000000000000004
276,candidate_3,candidate_4,candidate_1,candidate_2,candidate_5,5,0.028000000000000004
277,candidate_3,candidate_4,candidate_1,candidate_2,candidate_5,5,0.028000000000000004
278,candidate_3,candidate_4,candidate_1,candidate_2,candidate_5,5,0.028000000000000004
279,candidate_3,candidate_4,candidate_1,candidate_2,candidate_5,5,0.028000000000000004
280,candidate_3,candidate_4,candidate_1,candidate_2,candidate_5,5,0.028000000000000004
281,candidate_3,candidate_4,candidate_1,candidate_2,candidate_5,5,0.028000000000000004
282,candidate_3,candidate_4,candidate_1,candidate_2,candidate_5,5,0.028000000000000004
283,candidate_3,candidate_4,candidate_1,candidate_2,candidate_5,5,0.028000000000000004
284,candidate_3,candidate_4,candidate_1,candidate_2,candidate_5,5,0.028000000000000004
285,candidate_3,candidate_4,candidate_1,candidate_2,candidate_5,5,0.028000000000000004
286,candidate_3,candidate_4,candidate_1,candidate_2,candidate_5,5,0.028000000000000004
287,candidate_3,candidate_4,candidate_1,candidate_2,candidate_5,5,0.028000000000000004
288,candidate_3,candidate_4,candidate_1,candidate_2,candidate_5,5,0.028000000000000004
289,candidate_3,candidate_4,candidate_1,candidate_2,candidate_5,5,0.028000000000000004
290,candidate_3,candidate_4,candidate_1,candidate_2,candidate_5,5,0.028000000000000004
291,candidate_3,candidate_4,candidate_1,candidate_2,candidate_5,5,0.028000000000000004
292,candidate_3,candidate_4,candidate_1,0,candidate_5,5,0.028000000000000004
293,candidate_3,candidate_4,candidate_1,0,candidate_5,5,0.028000000000000004
294,candidate_3,candidate_4,candidate_1,candidate_2,candidate_5,5,0.028000000000000004
295,candidate_3,candidate_4,candidate_1,candidate_2,candidate_5,5,0.028000000000000004
296,candidate_3,candidate_4,candidate_1,candidate_2,candidate_5,5,0.028000000000000004
297,candidate_3,candidate_4,candidate_1,candidate_2,candidate_5,5,0.028000000000000004
298,candidate_3,candidate_4,candidate_1,candidate_2,candidate_5,5,0.028000000000000004
299,candidate_3,candidate_4,candidate_1,candidate_2,candidate_5,5,0.028000000000000004
300,candidate_3,candidate_4,candidate_1,candidate_2,candidate_5,5,0.028000000000000004
301,candidate_3,candidate_4,candidate_1,candidate_2,candidate_5,5,0.028000000000000004
302,candidate_3,candidate_4,candidate_1,candidate_2,candidate_5,5,0.028000000000000004
303,candidate_3,candidate_4,candidate_1,candidate_2,candidate_5,5,0.028000000000000004
304,candidate_3,candidate_4,candidate_1,candidate_2,candidate_5,5,0.028000000000000004
305,candidate_3,candidate_4,candidate_1,0,candidate_5,5,0.028000000000000004
306,candidate_3,candidate_4,candidate_1,candidate_2,candidate_5,5,0.028000000000000004
307,candidate_3,candidate_4,candidate_1,candidate_2,candidate_5,5,0.028000000000000004
308,candidate_3,candidate_4,candidate_1,candidate_2,candidate_5,5,0.028000000000000004
309,candidate_3,candidate_4,candidate_1,candidate_2,candidate_5,5,0.028000000000000004
310,candidate_3,candidate_4,candidate_1,candidate_2,candidate_5,5,0.028000000000000004
311,candidate_3,candidate_4,candidate_1,candidate_2,candidate_5,5,0.028000000000000004
312,candidate_3,candidate_4,candidate_1,candidate_2,candidate_5,5,0.028000000000000004
313,candidate_3,candidate_4,candidate_1,candidate_2,candidate_5,5,0.028000000000000004
314,candidate_3,candidate_4,candidate_1,candidate_2,candidate_5,5,0.028000000000000004
315,candidate_3,candidate_4,candidate_1,candidate_2,candidate_5,5,0.028000000000000004
316,candidate_3,candidate_4,candidate_1,candidate_2,candidate_5,5,0.028000000000000004
317,candidate_3,candidate_4,candidate_1,candidate_2,candidate_5,5,0.028000000000000004
318,candidate_3,0,candidate_1,candidate_2,0,5,0.028000000000000004
319,candidate_3,candidate_4,candidate_1,candidate_2,candidate_5,5,0.028000000000000004
320,candidate_3,candidate_4,candidate_1,candidate_2,candidate_5,5,0.028000000000000004
321,candidate_3,candidate_4,candidate_1,candidate_2,candidate_5,5,0.028000000000000004
322,candidate_3,candidate_4,candidate_1,candidate_2,candidate_5,5,0.028000000000000004
323,candidate_3,candidate_4,candidate_1,candidate_2,candidate_5,5,0.028000000000000004
324,candidate_3,candidate_4,candidate_1,candidate_2,candidate_5,5,0.028000000000000004
325,candidate_3,candidate_4,candidate_1,candidate_2,candidate_5,5,0.028000000000000004
326,candidate_3,candidate_4,candidate_1,candidate_2,candidate_5,5,0.028000000000000004
327,candidate_3,candidate_4,candidate_1,candidate_2,candidate_5,5,0.028000000000000004
328,candidate_3,candidate_4,candidate_1,candidate_2,candidate_5,5,0.028000000000000004
329,candidate_3,candidate_4,candidate_1,candidate_2,candidate_5,5,0.028000000000000004
330,candidate_3,candidate_4,candidate_1,candidate_2,candidate_5,5,0.028000000000000004
331,candidate_3,candidate_4,candidate_1,candidate_2,candidate_5,5,0.028000000000000004
332,candidate_3,candidate_4,candidate_1,candidate_2,candidate_5,5,0.028000000000000004
333,candidate_3,candidate_4,candidate_1,candidate_2,candidate_5,5,0.028000000000000004
334,candidate_3,candidate_4,candidate_1,candidate_2,candidate_5,5,0.028000000000000004
335,candidate_3,candidate_4,candidate_1,candidate_2,candidate_5,5,0.028000000000000004
336,candidate_3,candidate_4,candidate_1,candidate_2,candidate_5,5,0.028000000000000004
337,candidate_3,candidate_4,candidate_1,candidate_2,candidate_5,5,0.028000000000000004
338,candidate_3,candidate_4,candidate_1,candidate_2,candidate_5,5,0.028000000000000004
339,candidate_3,candidate_4,candidate_1,candidate_2,candidate_5,5,0.028000000000000004
340,candidate_3,candidate_4,candidate_1,candidate_2,candidate_5,5,0.028000000000000004
341,candidate_3,candidate_4,candidate_1,candidate_2,candidate_5,5,0.028000000000000004
342,candidate_3,candidate_4,candidate_1,candidate_2,candidate_5,5,0.028000000000000004
343,candidate_3,0,candidate_1,candidate_2,candidate_5,5,0.028000000000000004
344,candidate_3,candidate_4,candidate_1,candidate_2,candidate_5,5,0.028000000000000004
345,candidate_3,candidate_4,candidate_1,candidate_2,candidate_5,5,0.028000000000000004
346,candidate_3,candidate_4,candidate_1,candidate_2,candidate_5,5,0.028000000000000004
347,candidate_3,candidate_4,candidate_1,candidate_2,candidate_5,5,0.028000000000000004
348,0,candidate_4,candidate_1,candidate_2,candidate_5,5,0.028000000000000004
349,candidate_3,candidate_4,candidate_1,candidate_2,candidate_5,5,0.028000000000000004
350,candidate_3,candidate_4,candidate_1,candidate_2,candidate_5,5,0.028000000000000004
351,candidate_3,candidate_4,candidate_1,candidate_2,0,5,0.028000000000000004
352,candidate_3,candidate_4,candidate_1,0,candidate_5,5,0.028000000000000004
353,candidate_3,candidate_4,candidate_1,candidate_2,candidate_5,5,0.028000000000000004
354,candidate_3,candidate_4,candidate_1,candidate_2,candidate_5,5,0.028000000000000004
355,candidate_3,candidate_4,candidate_1,candidate_2,candidate_5,5,0.028000000000000004
356,candidate_3,candidate_4,candidate_1,candidate_2,candidate_5,5,0.028000000000000004
357,candidate_3,candidate_4,candidate_1,candidate_2,candidate_5,5,0.028000000000000004
358,candidate_3,candidate_4,candidate_1,candidate_2,candidate_5,5,0.028000000000000004
359,candidate_3,candidate_4,candidate_1,candidate_2,0,5,0.028000000000000004
360,candidate_3,candidate_4,candidate_1,0,candidate_5,5,0.028000000000000004
361,candidate_3,candidate_4,candidate_1,candidate_2,candidate_5,5,0.028000000000000004
362,candidate_3,candidate_4,candidate_1,candidate_2,candidate_5,5,0.028000000000000004
363,candidate_3,candidate_4,candidate_1,candidate_2,candidate_5,5,0.028000000000000004
364,candidate_3,candidate_4,candidate_1,candidate_2,candidate_5,5,0.028000000000000004
365,candidate_3,candidate_4,candidate_1,candidate_2,candidate_5,5,0.028000000000000004
366,candidate_3,candidate_4,candidate_1,candidate_2,candidate_5,5,0.028000000000000004
367,candidate_3,candidate_4,candidate_1,candidate_2,candidate_5,5,0.028000000000000004
368,candidate_3,candidate_4,candidate_1,candidate_2,candidate_5,5,0.028000000000000004
369,candidate_3,candidate_4,candidate_1,candidate_2,candidate_5,5,0.028000000000000004
370,candidate_3,candidate_4,candidate_1,candidate_2,candidate_5,5,0.028000000000000004
371,candidate_3,0,candidate_1,candidate_2,candidate_5,5,0.028000000000000004
372,candidate_3,candidate_4,candidate_1,candidate_2,candidate_5,5,0.028000000000000004
373,0,candidate_4,candidate_1,candidate_2,candidate_5,5,0.028000000000000004
374,candidate_3,candidate_4,candidate_1,candidate_2,candidate_5,5,0.028000000000000004
375,candidate_3,candidate_4,candidate_1,candidate_2,candidate_5,5,0.028000000000000004
376,candidate_3,candidate_4,candidate_1,candidate_2,candidate_5,5,0.028000000000000004
377,candidate_3,candidate_4,candidate_1,candidate_2,candidate_5,5,0.028000000000000004
378,candidate_3,candidate_4,candidate_1,candidate_2,candidate_5,5,0.028000000000000004
379,candidate_3,candidate_4,candidate_1,candidate_2,candidate_5,5,0.028000000000000004
380,candidate_3,candidate_4,candidate_1,candidate_2,0,5,0.028000000000000004
381,candidate_3,candidate_4,candidate_1,candidate_2,candidate_5,5,0.028000000000000004
382,candidate_3,candidate_4,candidate_1,candidate_2,candidate_5,5,0.028000000000000004
383,candidate_3,candidate_4,candidate_1,candidate_2,candidate_5,5,0.028000000000000004
384,candidate_3,candidate_4,candidate_1,candidate_2,candidate_5,5,0.028000000000000004
385,candidate_3,candidate_4,candidate_1,candidate_2,candidate_5,5,0.028000000000000004
386,candidate_3,candidate_4,candidate_1,candidate_2,candidate_5,5,0.028000000000000004
387,candidate_3,candidate_4,candidate_1,candidate_2,candidate_5,5,0.028000000000000004
388,candidate_3,candidate_4,candidate_1,candidate_2,candidate_5,5,0.028000000000000004
389,candidate_3,candidate_4,candidate_1,candidate_2,candidate_5,5,0.028000000000000004
390,candidate_3,candidate_4,candidate_1,candidate_2,candidate_5,5,0.028000000000000004
391,candidate_3,candidate_4,candidate_1,candidate_2,0,5,0.028000000000000004
392,candidate_3,candidate_4,candidate_1,candidate_2,candidate_5,5,0.028000000000000004
393,candidate_3,candidate_4,candidate_1,candidate_2,candidate_5,5,0.028000000000000004
394,candidate_3,candidate_4,0,candidate_2,candidate_5,5,0.028000000000000004
395,candidate_3,candidate_4,candidate_1,candidate_2,candidate_5,5,0.028000000000000004
396,candidate_3,candidate_4,candidate_1,candidate_2,candidate_5,5,0.028000000000000004
397,candidate_3,candidate_4,candidate_1,candidate_2,candidate_5,5,0.028000000000000004
398,candidate_3,candidate_4,candidate_1,candidate_2,candidate_5,5,0.028000000000000004
399,candidate_3,candidate_4,candidate_1,candidate_2,candidate_5,5,0.028000000000000004
400,candidate_3,candidate_4,candidate_1,candidate_2,candidate_5,5,0.028000000000000004
401,candidate_3,candidate_4,candidate_1,candidate_2,candidate_5,5,0.028000000000000004
402,candidate_3,0,candidate_1,candidate_2,candidate_5,5,0.028000000000000004
403,candidate_3,candidate_4,candidate_1,candidate_2,candidate_5,5,0.028000000000000004
404,candidate_3,candidate_4,candidate_1,candidate_2,candidate_5,5,0.028000000000000004
405,candidate_3,candidate_4,candidate_1,candidate_2,candidate_5,5,0.028000000000000004
406,candidate_3,candidate_4,candidate_1,candidate_2,candidate_5,5,0.028000000000000004
407,candidate_3,candidate_4,candidate_1,candidate_2,candidate_5,5,0.028000000000000004
408,candidate_3,candidate_4,candidate_1,candidate_2,candidate_5,5,0.028000000000000004
409,candidate_3,candidate_4,candidate_1,candidate_2,candidate_5,5,0.028000000000000004
410,candidate_3,candidate_4,candidate_1,candidate_2,candidate_5,5,0.028000000000000004
411,candidate_3,candidate_4,0,candidate_2,candidate_5,5,0.028000000000000004
412,candidate_3,candidate_4,candidate_1,candidate_2,candidate_5,5,0.028000000000000004
413,candidate_3,candidate_4,candidate_1,candidate_2,candidate_5,5,0.028000000000000004
414,candidate_3,candidate_4,candidate_1,candidate_2,candidate_5,5,0.028000000000000004
415,candidate_3,candidate_4,candidate_1,candidate_2,candidate_5,5,0.028000000000000004
416,candidate_3,candidate_4,candidate_1,candidate_2,candidate_5,5,0.028000000000000004
417,candidate_3,candidate_4,candidate_1,candidate_2,candidate_5,5,0.028000000000000004
418,candidate_3,candidate_4,candidate_1,candidate_2,candidate_5,5,0.028000000000000004
419,candidate_3,candidate_4,candidate_1,candidate_2,candidate_5,5,0.028000000000000004
420,candidate_3,candidate_4,candidate_1,candidate_2,candidate_5,5,0.028000000000000004
421,candidate_3,candidate_4,candidate_1,candidate_2,candidate_5,5,0.028000000000000004
422,candidate_3,candidate_4,0,candidate_2,candidate_5,5,0.028000000000000004
423,candidate_3,candidate_4,candidate_1,candidate_2,candidate_5,5,0.028000000000000004
424,candidate_3,candidate_4,candidate_1,candidate_2,candidate_5,5,0.028000000000000004
425,candidate_3,candidate_4,candidate_1,candidate_2,candidate_5,5,0.028000000000000004
426,candidate_3,candidate_4,candidate_1,candidate_2,candidate_5,5,0.028000000000000004
427,candidate_3,candidate_4,candidate_1,candidate_2,candidate_5,5,0.028000000000000004
428,candidate_3,candidate_4,candidate_1,candidate_2,candidate_5,5,0.028000000000000004
429,candidate_3,candidate_4,candidate_1,candidate_2,candidate_5,5,0.028000000000000004
430,candidate_3,candidate_4,candidate_1,candidate_2,candidate_5,5,0.028000000000000004
431,candidate_3,0,candidate_1,candidate_2,candidate_5,5,0.028000000000000004
432,candidate_3,candidate_4,candidate_1,candidate_2,candidate_5,5,0.028000000000000004
433,candidate_3,candidate_4,candidate_1,candidate_2,candidate_5,5,0.028000000000000004
434,candidate_3,candidate_4,candidate_1,candidate_2,candidate_5,5,0.028000000000000004
435,candidate_3,candidate_4,candidate_1,candidate_2,candidate_5,5,0.028000000000000004
436,candidate_3,candidate_4,candidate_1,candidate_2,candidate_5,5,0.028000000000000004
437,candidate_3,candidate_4,candidate_1,candidate_2,candidate_5,5,0.028000000000000004
438,0,candidate_4,0,candidate_2,candidate_5,5,0.028000000000000004
439,candidate_3,candidate_4,candidate_1,candidate_2,candidate_5,5,0.028000000000000004
440,candidate_3,candidate_4,candidate_1,candidate_2,candidate_5,5,0.028000000000000004
441,candidate_3,candidate_4,candidate_1,0,candidate_5,5,0.028000000000000004
442,candidate_3,candidate_4,candidate_1,candidate_2,candidate_5,5,0.028000000000000004
443,candidate_3,candidate_4,candidate_1,candidate_2,candidate_5,5,0.028000000000000004
444,candidate_3,0,candidate_1,candidate_2,candidate_5,5,0.028000000000000004
445,candidate_3,candidate_4,candidate_1,candidate_2,candidate_5,5,0.028000000000000004
446,candidate_3,candidate_4,candidate_1,candidate_2,candidate_5,5,0.028000000000000004
447,candidate_3,candidate_4,candidate_1,candidate_2,candidate_5,5,0.028000000000000004
448,candidate_3,candidate_4,candidate_1,candidate_2,candidate_5,5,0.028000000000000004
449,candidate_3,candidate_4,candidate_1,candidate_2,candidate_5,5,0.028000000000000004
450,candidate_3,candidate_4,candidate_1,candidate_2,candidate_5,5,0.028000000000000004
451,candidate_3,candidate_4,candidate_1,candidate_2,candidate_5,5,0.028000000000000004
452,candidate_3,candidate_4,candidate_1,candidate_2,candidate_5,5,0.028000000000000004
453,candidate_3,candidate_4,candidate_1,candidate_2,candidate_5,5,0.028000000000000004
454,candidate_3,candidate_4,candidate_1,candidate_2,candidate_5,5,0.028000000000000004
455,candidate_3,candidate_4,candidate_1,candidate_2,candidate_5,5,0.028000000000000004
456,candidate_3,candidate_4,candidate_1,candidate_2,candidate_5,5,0.028000000000000004
457,0,candidate_4,candidate_1,candidate_2,candidate_5,5,0.028000000000000004
458,0,candidate_4,candidate_1,candidate_2,candidate_5,5,0.028000000000000004
459,candidate_3,candidate_4,candidate_1,candidate_2,candidate_5,5,0.028000000000000004
460,candidate_3,candidate_4,0,candidate_2,candidate_5,5,0.028000000000000004
461,candidate_3,candidate_4,candidate_1,candidate_2,candidate_5,5,0.028000000000000004
462,candidate_3,candidate_4,candidate_1,candidate_2,candidate_5,5,0.028000000000000004
463,candidate_3,candidate_4,candidate_1,0,candidate_5,5,0.028000000000000004
464,candidate_3,candidate_4,candidate_1,candidate_2,candidate_5,5,0.028000000000000004
465,candidate_3,candidate_4,candidate_1,candidate_2,candidate_5,5,0.028000000000000004
466,candidate_3,candidate_4,candidate_1,candidate_2,candidate_5,5,0.028000000000000004
467,candidate_3,candidate_4,candidate_1,candidate_2,candidate_5,5,0.028000000000000004
468,candidate_3,candidate_4,candidate_1,candidate_2,candidate_5,5,0.028000000000000004
469,candidate_3,candidate_4,candidate_1,candidate_2,candidate_5,5,0.028000000000000004
470,candidate_3,candidate_4,candidate_1,0,candidate_5,5,0.028000000000000004
471,candidate_3,candidate_4,candidate_1,candidate_2,candidate_5,5,0.028000000000000004
472,candidate_3,candidate_4,candidate_1,candidate_2,candidate_5,5,0.028000000000000004
473,candidate_3,candidate_4,candidate_1,candidate_2,candidate_5,5,0.028000000000000004
474,candidate_3,candidate_4,candidate_1,candidate_2,candidate_5,5,0.028000000000000004
475,candidate_3,candidate_4,candidate_1,candidate_2,candidate_5,5,0.028000000000000004
476,candidate_3,candidate_4,candidate_1,candidate_2,candidate_5,5,0.028000000000000004
477,candidate_3,candidate_4,candidate_1,candidate_2,candidate_5,5,0.028000000000000004
478,0,candidate_4,candidate_1,candidate_2,candidate_5,5,0.028000000000000004
479,candidate_3,candidate_4,candidate_1,candidate_2,candidate_5,5,0.028000000000000004
480,candidate_3,candidate_4,candidate_1,candidate_2,candidate_5,5,0.028000000000000004
481,candidate_3,0,candidate_1,candidate_2,candidate_5,5,0.028000000000000004
482,candidate_3,candidate_4,candidate_1,candidate_2,candidate_5,5,0.028000000000000004
483,candidate_3,candidate_4,0,candidate_2,candidate_5,5,0.028000000000000004
484,0,candidate_4,candidate_1,candidate_2,candidate_5,5,0.028000000000000004
485,candidate_3,candidate_4,0,candidate_2,candidate_5,5,0.028000000000000004
486,candidate_3,candidate_4,candidate_1,candidate_2,candidate_5,5,0.028000000000000004
487,candidate_3,candidate_4,0,candidate_2,candidate_5,5,0.028000000000000004
488,candidate_3,candidate_4,candidate_1,candidate_2,candidate_5,5,0.028000000000000004
489,candidate_3,candidate_4,candidate_1,candidate_2,0,5,0.028000000000000004
490,candidate_3,candidate_4,candidate_1,candidate_2,candidate_5,5,0.028000000000000004
491,candidate_3,candidate_4,candidate_1,candidate_2,candidate_5,5,0.028000000000000004
492,candidate_3,candidate_4,candidate_1,candidate_2,candidate_5,5,0.028000000000000004
493,candidate_3,candidate_4,candidate_1,candidate_2,candidate_5,5,0.028000000000000004
494,candidate_3,candidate_4,candidate_1,candidate_2,candidate_5,5,0.028000000000000004
495,candidate_3,candidate_4,candidate_1,candidate_2,candidate_5,5,0.028000000000000004
496,candidate_3,candidate_4,candidate_1,candidate_2,candidate_5,5,0.028000000000000004
497,candidate_3,candidate_4,candidate_1,candidate_2,candidate_5,5,0.028000000000000004
498,candidate_3,candidate_4,candidate_1,candidate_2,candidate_5,5,0.028000000000000004
499,candidate_3,candidate_4,candidate_1,candidate_2,candidate_5,5,0.028000000000000004
500,candidate_3,candidate_4,candidate_1,candidate_2,candidate_5,5,0.028000000000000004
501,candidate_3,candidate_4,candidate_1,candidate_2,candidate_5,5,0.028000000000000004
502,candidate_3,candidate_4,candidate_1,candidate_2,candidate_5,5,0.028000000000000004
503,candidate_3,candidate_4,candidate_1,candidate_2,candidate_5,5,0.028000000000000004
504,candidate_3,candidate_4,candidate_1,candidate_2,candidate_5,5,0.028000000000000004
505,candidate_3,candidate_4,candidate_1,candidate_2,candidate_5,5,0.028000000000000004
506,candidate_3,candidate_4,candidate_1,candidate_2,candidate_5,5,0.028000000000000004
507,candidate_3,candidate_4,candidate_1,candidate_2,0,5,0.028000000000000004
508,candidate_3,candidate_4,candidate_1,candidate_2,candidate_5,5,0.028000000000000004
509,0,candidate_4,candidate_1,candidate_2,candidate_5,5,0.028000000000000004
510,candidate_3,candidate_4,candidate_1,candidate_2,candidate_5,5,0.028000000000000004
511,candidate_3,candidate_4,candidate_1,candidate_2,candidate_5,5,0.028000000000000004
512,candidate_3,candidate_4,candidate_1,candidate_2,candidate_5,5,0.028000000000000004
513,candidate_3,candidate_4,candidate_1,candidate_2,candidate_5,5,0.028000000000000004
514,candidate_3,candidate_4,candidate_1,candidate_2,candidate_5,5,0.028000000000000004
515,candidate_3,candidate_4,candidate_1,candidate_2,candidate_5,5,0.028000000000000004
516,candidate_3,candidate_4,candidate_1,candidate_2,candidate_5,5,0.028000000000000004
517,candidate_3,candidate_4,candidate_1,candidate_2,candidate_5,5,0.028000000000000004
518,candidate_3,candidate_4,candidate_1,candidate_2,candidate_5,5,0.028000000000000004
519,candidate_3,candidate_4,candidate_1,candidate_2,candidate_5,5,0.028000000000000004
520,candidate_3,candidate_4,candidate_1,candidate_2,candidate_5,5,0.028000000000000004
521,candidate_3,candidate_4,candidate_1,candidate_2,candidate_5,5,0.028000000000000004
522,candidate_3,candidate_4,candidate_1,candidate_2,candidate_5,5,0.028000000000000004
523,candidate_3,candidate_4,candidate_1,candidate_2,candidate_5,5,0.028000000000000004
524,candidate_3,candidate_4,candidate_1,candidate_2,candidate_5,5,0.028000000000000004
525,candidate_3,candidate_4,candidate_1,candidate_2,candidate_5,5,0.028000000000000004
526,candidate_3,candidate_4,candidate_1,candidate_2,candidate_5,5,0.028000000000000004
527,candidate_3,candidate_4,candidate_1,candidate_2,candidate_5,5,0.028000000000000004
528,candidate_3,candidate_4,candidate_1,candidate_2,candidate_5,5,0.028000000000000004
529,candidate_3,candidate_4,0,candidate_2,candidate_5,5,0.028000000000000004
530,candidate_3,candidate_4,candidate_1,candidate_2,candidate_5,5,0.028000000000000004
531,candidate_3,candidate_4,candidate_1,candidate_2,candidate_5,5,0.028000000000000004
532,candidate_3,candidate_4,candidate_1,candidate_2,candidate_5,5,0.028000000000000004
533,candidate_3,candidate_4,candidate_1,candidate_2,candidate_5,5,0.028000000000000004
534,candidate_3,candidate_4,candidate_1,candidate_2,candidate_5,5,0.028000000000000004
535,candidate_3,candidate_4,candidate_1,candidate_2,candidate_5,5,0.028000000000000004
536,candidate_3,candidate_4,candidate_1,candidate_2,candidate_5,5,0.028000000000000004
537,candidate_3,candidate_4,candidate_1,candidate_2,candidate_5,5,0.028000000000000004
538,candidate_3,candidate_4,candidate_1,candidate_2,candidate_5,5,0.028000000000000004
539,candidate_3,candidate_4,candidate_1,candidate_2,candidate_5,5,0.028000000000000004
540,candidate_3,candidate_4,candidate_1,candidate_2,candidate_5,5,0.028000000000000004
0,candidate_3,candidate_4,candidate_1,candidate_5,candidate_2,5,0.028000000000000004
1,candidate_3,candidate_4,candidate_1,candidate_5,candidate_2,5,0.028000000000000004
2,candidate_3,candidate_4,candidate_1,candidate_5,candidate_2,5,0.028000000000000004
3,candidate_3,candidate_4,candidate_1,candidate_5,candidate_2,5,0.028000000000000004
4,candidate_3,candidate_4,candidate_1,candidate_5,candidate_2,5,0.028000000000000004
5,candidate_3,candidate_4,candidate_1,candidate_5,candidate_2,5,0.028000000000000004
6,candidate_3,candidate_4,candidate_1,candidate_5,candidate_2,5,0.028000000000000004
7,candidate_3,candidate_4,candidate_1,candidate_5,candidate_2,5,0.028000000000000004
8,candidate_3,candidate_4,candidate_1,candidate_5,candidate_2,5,0.028000000000000004
9,candidate_3,candidate_4,candidate_1,candidate_5,candidate_2,5,0.028000000000000004
10,candidate_3,candidate_4,candidate_1,candidate_5,candidate_2,5,0.028000000000000004
11,candidate_3,candidate_4,candidate_1,candidate_5,candidate_2,5,0.028000000000000004
12,candidate_3,candidate_4,candidate_1,candidate_5,candidate_2,5,0.028000000000000004
13,candidate_3,candidate_4,candidate_1,candidate_5,candidate_2,5,0.028000000000000004
14,candidate_3,candidate_4,candidate_1,candidate_5,candidate_2,5,0.028000000000000004
15,candidate_3,candidate_4,candidate_1,candidate_5,candidate_2,5,0.028000000000000004
16,candidate_3,candidate_4,candidate_1,candidate_5,candidate_2,5,0.028000000000000004
17,candidate_3,candidate_4,candidate_1,candidate_5,candidate_2,5,0.028000000000000004
18,candidate_3,candidate_4,candidate_1,candidate_5,candidate_2,5,0.028000000000000004
19,candidate_3,candidate_4,candidate_1,candidate_5,candidate_2,5,0.028000000000000004
20,candidate_3,candidate_4,candidate_1,candidate_5,0,5,0.028000000000000004
21,candidate_3,candidate_4,candidate_1,candidate_5,candidate_2,5,0.028000000000000004
22,0,candidate_4,candidate_1,candidate_5,candidate_2,5,0.028000000000000004
23,candidate_3,candidate_4,candidate_1,candidate_5,candidate_2,5,0.028000000000000004
24,candidate_3,candidate_4,candidate_1,candidate_5,candidate_2,5,0.028000000000000004
25,candidate_3,candidate_4,candidate_1,0,candidate_2,5,0.028000000000000004
26,0,candidate_4,candidate_1,candidate_5,candidate_2,5,0.028000000000000004
27,candidate_3,candidate_4,candidate_1,candidate_5,candidate_2,5,0.028000000000000004
28,candidate_3,candidate_4,candidate_1,candidate_5,candidate_2,5,0.028000000000000004
29,candidate_3,candidate_4,candidate_1,candidate_5,candidate_2,5,0.028000000000000004
30,candidate_3,candidate_4,candidate_1,candidate_5,candidate_2,5,0.028000000000000004
31,0,candidate_4,candidate_1,candidate_5,candidate_2,5,0.028000000000000004
32,candidate_3,candidate_4,candidate_1,candidate_5,candidate_2,5,0.028000000000000004
33,candidate_3,candidate_4,candidate_1,candidate_5,candidate_2,5,0.028000000000000004
34,candidate_3,candidate_4,candidate_1,candidate_5,candidate_2,5,0.028000000000000004
35,candidate_3,candidate_4,candidate_1,candidate_5,candidate_2,5,0.028000000000000004
36,candidate_3,candidate_4,candidate_1,candidate_5,candidate_2,5,0.028000000000000004
37,candidate_3,candidate_4,candidate_1,candidate_5,candidate_2,5,0.028000000000000004
38,candidate_3,candidate_4,candidate_1,candidate_5,candidate_2,5,0.028000000000000004
39,candidate_3,candidate_4,candidate_1,candidate_5,candidate_2,5,0.028000000000000004
40,candidate_3,candidate_4,candidate_1,candidate_5,candidate_2,5,0.028000000000000004
41,candidate_3,candidate_4,candidate_1,candidate_5,candidate_2,5,0.028000000000000004
42,candidate_3,candidate_4,candidate_1,candidate_5,candidate_2,5,0.028000000000000004
43,candidate_3,candidate_4,candidate_1,candidate_5,candidate_2,5,0.028000000000000004
44,candidate_3,candidate_4,candidate_1,candidate_5,candidate_2,5,0.028000000000000004
45,candidate_3,candidate_4,candidate_1,candidate_5,candidate_2,5,0.028000000000000004
46,candidate_3,candidate_4,candidate_1,candidate_5,candidate_2,5,0.028000000000000004
47,candidate_3,candidate_4,candidate_1,candidate_5,candidate_2,5,0.028000000000000004
48,candidate_3,candidate_4,candidate_1,candidate_5,candidate_2,5,0.028000000000000004
49,candidate_3,candidate_4,candidate_1,candidate_5,candidate_2,5,0.028000000000000004
50,candidate_3,candidate_4,candidate_1,0,candidate_2,5,0.028000000000000004
51,candidate_3,candidate_4,candidate_1,candidate_5,candidate_2,5,0.028000000000000004
52,candidate_3,candidate_4,candidate_1,candidate_5,candidate_2,5,0.028000000000000004
53,candidate_3,candidate_4,candidate_1,candidate_5,candidate_2,5,0.028000000000000004
54,candidate_3,candidate_4,candidate_1,candidate_5,candidate_2,5,0.028000000000000004
55,candidate_3,candidate_4,candidate_1,candidate_5,candidate_2,5,0.028000000000000004
56,candidate_3,candidate_4,candidate_1,candidate_5,candidate_2,5,0.028000000000000004
57,candidate_3,candidate_4,candidate_1,candidate_5,candidate_2,5,0.028000000000000004
58,candidate_3,candidate_4,candidate_1,candidate_5,candidate_2,5,0.028000000000000004
59,candidate_3,candidate_4,candidate_1,candidate_5,candidate_2,5,0.028000000000000004
60,candidate_3,candidate_4,candidate_1,candidate_5,candidate_2,5,0.028000000000000004
61,candidate_3,candidate_4,candidate_1,candidate_5,0,5,0.028000000000000004
62,candidate_3,candidate_4,candidate_1,candidate_5,candidate_2,5,0.028000000000000004
63,candidate_3,candidate_4,candidate_1,candidate_5,candidate_2,5,0.028000000000000004
64,candidate_3,candidate_4,candidate_1,candidate_5,candidate_2,5,0.028000000000000004
65,candidate_3,candidate_4,0,candidate_5,candidate_2,5,0.028000000000000004
66,candidate_3,candidate_4,candidate_1,candidate_5,candidate_2,5,0.028000000000000004
67,candidate_3,candidate_4,candidate_1,candidate_5,candidate_2,5,0.028000000000000004
68,candidate_3,candidate_4,candidate_1,candidate_5,candidate_2,5,0.028000000000000004
69,candidate_3,candidate_4,candidate_1,candidate_5,candidate_2,5,0.028000000000000004
70,candidate_3,candidate_4,candidate_1,candidate_5,candidate_2,5,0.028000000000000004
71,candidate_3,candidate_4,candidate_1,candidate_5,candidate_2,5,0.028000000000000004
72,candidate_3,candidate_4,0,candidate_5,candidate_2,5,0.028000000000000004
73,candidate_3,candidate_4,candidate_1,candidate_5,candidate_2,5,0.028000000000000004
74,candidate_3,candidate_4,candidate_1,candidate_5,candidate_2,5,0.028000000000000004
75,candidate_3,candidate_4,candidate_1,candidate_5,candidate_2,5,0.028000000000000004
76,candidate_3,candidate_4,candidate_1,candidate_5,candidate_2,5,0.028000000000000004
77,candidate_3,candidate_4,candidate_1,candidate_5,candidate_2,5,0.028000000000000004
78,candidate_3,candidate_4,candidate_1,candidate_5,candidate_2,5,0.028000000000000004
79,candidate_3,candidate_4,candidate_1,candidate_5,candidate_2,5,0.028000000000000004
80,0,candidate_4,0,candidate_5,candidate_2,5,0.028000000000000004
81,candidate_3,candidate_4,candidate_1,candidate_5,candidate_2,5,0.028000000000000004
82,candidate_3,candidate_4,candidate_1,candidate_5,candidate_2,5,0.028000000000000004
83,candidate_3,candidate_4,candidate_1,candidate_5,candidate_2,5,0.028000000000000004
84,candidate_3,candidate_4,candidate_1,candidate_5,candidate_2,5,0.028000000000000004
85,candidate_3,candidate_4,candidate_1,candidate_5,candidate_2,5,0.028000000000000004
86,candidate_3,candidate_4,candidate_1,candidate_5,candidate_2,5,0.028000000000000004
87,candidate_3,candidate_4,candidate_1,candidate_5,candidate_2,5,0.028000000000000004
88,candidate_3,candidate_4,candidate_1,0,candidate_2,5,0.028000000000000004
89,candidate_3,candidate_4,candidate_1,candidate_5,candidate_2,5,0.028000000000000004
90,candidate_3,candidate_4,candidate_1,candidate_5,candidate_2,5,0.028000000000000004
91,candidate_3,candidate_4,candidate_1,candidate_5,candidate_2,5,0.028000000000000004
92,candidate_3,candidate_4,candidate_1,candidate_5,candidate_2,5,0.028000000000000004
93,candidate_3,candidate_4,candidate_1,candidate_5,candidate_2,5,0.028000000000000004
94,candidate_3,candidate_4,candidate_1,candidate_5,candidate_2,5,0.028000000000000004
95,candidate_3,0,candidate_1,candidate_5,candidate_2,5,0.028000000000000004
96,candidate_3,candidate_4,candidate_1,candidate_5,candidate_2,5,0.028000000000000004
97,candidate_3,candidate_4,candidate_1,0,candidate_2,5,0.028000000000000004
98,candidate_3,candidate_4,candidate_1,candidate_5,candidate_2,5,0.028000000000000004
99,candidate_3,candidate_4,candidate_1,candidate_5,candidate_2,5,0.028000000000000004
100,candidate_3,candidate_4,candidate_1,candidate_5,candidate_2,5,0.028000000000000004
101,candidate_3,candidate_4,candidate_1,candidate_5,candidate_2,5,0.028000000000000004
102,candidate_3,candidate_4,candidate_1,candidate_5,candidate_2,5,0.028000000000000004
103,candidate_3,candidate_4,candidate_1,candidate_5,0,5,0.028000000000000004
104,candidate_3,candidate_4,candidate_1,candidate_5,candidate_2,5,0.028000000000000004
105,candidate_3,candidate_4,candidate_1,candidate_5,candidate_2,5,0.028000000000000004
106,candidate_3,candidate_4,candidate_1,candidate_5,candidate_2,5,0.028000000000000004
107,candidate_3,candidate_4,candidate_1,candidate_5,candidate_2,5,0.028000000000000004
108,candidate_3,candidate_4,candidate_1,candidate_5,candidate_2,5,0.028000000000000004
109,candidate_3,0,candidate_1,candidate_5,candidate_2,5,0.028000000000000004
110,candidate_3,candidate_4,0,candidate_5,candidate_2,5,0.028000000000000004
111,candidate_3,candidate_4,candidate_1,candidate_5,candidate_2,5,0.028000000000000004
112,candidate_3,candidate_4,candidate_1,candidate_5,candidate_2,5,0.028000000000000004
113,candidate_3,candidate_4,candidate_1,candidate_5,candidate_2,5,0.028000000000000004
114,candidate_3,candidate_4,candidate_1,candidate_5,candidate_2,5,0.028000000000000004
115,candidate_3,candidate_4,candidate_1,candidate_5,candidate_2,5,0.028000000000000004
116,candidate_3,candidate_4,candidate_1,candidate_5,0,5,0.028000000000000004
117,candidate_3,candidate_4,candidate_1,candidate_5,candidate_2,5,0.028000000000000004
118,candidate_3,candidate_4,candidate_1,candidate_5,candidate_2,5,0.028000000000000004
119,candidate_3,candidate_4,candidate_1,candidate_5,candidate_2,5,0.028000000000000004
120,candidate_3,0,candidate_1,candidate_5,candidate_2,5,0.028000000000000004
121,candidate_3,candidate_4,candidate_1,candidate_5,candidate_2,5,0.028000000000000004
122,candidate_3,candidate_4,candidate_1,candidate_5,candidate_2,5,0.028000000000000004
123,candidate_3,candidate_4,candidate_1,candidate_5,candidate_2,5,0.028000000000000004
124,candidate_3,candidate_4,candidate_1,candidate_5,candidate_2,5,0.028000000000000004
125,candidate_3,candidate_4,candidate_1,candidate_5,candidate_2,5,0.028000000000000004
126,candidate_3,candidate_4,candidate_1,candidate_5,candidate_2,5,0.028000000000000004
127,0,candidate_4,candidate_1,candidate_5,candidate_2,5,0.028000000000000004
128,candidate_3,candidate_4,candidate_1,candidate_5,candidate_2,5,0.028000000000000004
129,candidate_3,candidate_4,candidate_1,candidate_5,candidate_2,5,0.028000000000000004
130,candidate_3,candidate_4,candidate_1,candidate_5,candidate_2,5,0.028000000000000004
131,candidate_3,candidate_4,candidate_1,candidate_5,candidate_2,5,0.028000000000000004
132,candidate_3,candidate_4,candidate_1,candidate_5,candidate_2,5,0.028000000000000004
133,candidate_3,candidate_4,candidate_1,candidate_5,candidate_2,5,0.028000000000000004
134,candidate_3,candidate_4,candidate_1,candidate_5,candidate_2,5,0.028000000000000004
135,candidate_3,candidate_4,candidate_1,candidate_5,candidate_2,5,0.028000000000000004
136,candidate_3,candidate_4,candidate_1,candidate_5,candidate_2,5,0.028000000000000004
137,candidate_3,candidate_4,candidate_1,candidate_5,candidate_2,5,0.028000000000000004
138,candidate_3,candidate_4,candidate_1,candidate_5,candidate_2,5,0.028000000000000004
139,candidate_3,0,candidate_1,candidate_5,candidate_2,5,0.028000000000000004
140,candidate_3,candidate_4,candidate_1,candidate_5,candidate_2,5,0.028000000000000004
141,candidate_3,candidate_4,candidate_1,candidate_5,candidate_2,5,0.028000000000000004
142,candidate_3,candidate_4,candidate_1,candidate_5,candidate_2,5,0.028000000000000004
143,candidate_3,candidate_4,candidate_1,candidate_5,candidate_2,5,0.028000000000000004
144,candidate_3,0,0,candidate_5,candidate_2,5,0.028000000000000004
145,candidate_3,candidate_4,candidate_1,0,candidate_2,5,0.028000000000000004
146,candidate_3,candidate_4,candidate_1,candidate_5,candidate_2,5,0.028000000000000004
147,candidate_3,candidate_4,candidate_1,candidate_5,candidate_2,5,0.028000000000000004
148,candidate_3,candidate_4,candidate_1,candidate_5,candidate_2,5,0.028000000000000004
149,candidate_3,candidate_4,candidate_1,candidate_5,candidate_2,5,0.028000000000000004
150,candidate_3,candidate_4,candidate_1,candidate_5,candidate_2,5,0.028000000000000004
151,candidate_3,candidate_4,candidate_1,candidate_5,candidate_2,5,0.028000000000000004
152,candidate_3,candidate_4,candidate_1,candidate_5,candidate_2,5,0.028000000000000004
153,candidate_3,candidate_4,candidate_1,candidate_5,candidate_2,5,0.028000000000000004
154,candidate_3,candidate_4,candidate_1,candidate_5,candidate_2,5,0.028000000000000004
155,candidate_3,candidate_4,candidate_1,0,candidate_2,5,0.028000000000000004
156,0,candidate_4,candidate_1,candidate_5,candidate_2,5,0.028000000000000004
157,candidate_3,candidate_4,candidate_1,candidate_5,candidate_2,5,0.028000000000000004
158,candidate_3,candidate_4,candidate_1,candidate_5,candidate_2,5,0.028000000000000004
159,candidate_3,candidate_4,candidate_1,candidate_5,candidate_2,5,0.028000000000000004
160,candidate_3,candidate_4,candidate_1,candidate_5,candidate_2,5,0.028000000000000004
161,candidate_3,0,candidate_1,candidate_5,candidate_2,5,0.028000000000000004
162,candidate_3,candidate_4,candidate_1,0,candidate_2,5,0.028000000000000004
163,candidate_3,candidate_4,candidate_1,candidate_5,candidate_2,5,0.028000000000000004
164,candidate_3,candidate_4,candidate_1,candidate_5,candidate_2,5,0.028000000000000004
165,candidate_3,candidate_4,candidate_1,candidate_5,candidate_2,5,0.028000000000000004
166,candidate_3,candidate_4,candidate_1,candidate_5,candidate_2,5,0.028000000000000004
167,candidate_3,candidate_4,candidate_1,0,candidate_2,5,0.028000000000000004
168,candidate_3,candidate_4,candidate_1,candidate_5,candidate_2,5,0.028000000000000004
169,candidate_3,candidate_4,candidate_1,candidate_5,0,5,0.028000000000000004
170,candidate_3,candidate_4,candidate_1,candidate_5,candidate_2,5,0.028000000000000004
171,candidate_3,candidate_4,candidate_1,candidate_5,candidate_2,5,0.028000000000000004
172,candidate_3,candidate_4,candidate_1,candidate_5,candidate_2,5,0.028000000000000004
173,candidate_3,candidate_4,candidate_1,candidate_5,candidate_2,5,0.028000000000000004
174,candidate_3,candidate_4,candidate_1,candidate_5,candidate_2,5,0.028000000000000004
175,candidate_3,candidate_4,candidate_1,candidate_5,candidate_2,5,0.028000000000000004
176,candidate_3,candidate_4,candidate_1,candidate_5,candidate_2,5,0.028000000000000004
177,candidate_3,candidate_4,candidate_1,0,candidate_2,5,0.028000000000000004
178,candidate_3,candidate_4,candidate_1,candidate_5,candidate_2,5,0.028000000000000004
179,candidate_3,candidate_4,candidate_1,candidate_5,candidate_2,5,0.028000000000000004
180,candidate_3,candidate_4,candidate_1,candidate_5,candidate_2,5,0.028000000000000004
181,candidate_3,candidate_4,candidate_1,candidate_5,candidate_2,5,0.028000000000000004
182,candidate_3,0,candidate_1,candidate_5,candidate_2,5,0.028000000000000004
183,candidate_3,candidate_4,candidate_1,candidate_5,candidate_2,5,0.028000000000000004
184,0,candidate_4,candidate_1,candidate_5,candidate_2,5,0.028000000000000004
185,candidate_3,0,candidate_1,candidate_5,0,5,0.028000000000000004
186,candidate_3,candidate_4,candidate_1,candidate_5,candidate_2,5,0.028000000000000004
187,candidate_3,candidate_4,candidate_1,candidate_5,candidate_2,5,0.028000000000000004
188,candidate_3,candidate_4,candidate_1,candidate_5,candidate_2,5,0.028000000000000004
189,candidate_3,candidate_4,candidate_1,candidate_5,candidate_2,5,0.028000000000000004
190,candidate_3,candidate_4,candidate_1,candidate_5,candidate_2,5,0.028000000000000004
191,candidate_3,candidate_4,candidate_1,candidate_5,candidate_2,5,0.028000000000000004
192,candidate_3,candidate_4,0,candidate_5,candidate_2,5,0.028000000000000004
193,candidate_3,candidate_4,candidate_1,candidate_5,candidate_2,5,0.028000000000000004
194,candidate_3,candidate_4,candidate_1,candidate_5,candidate_2,5,0.028000000000000004
195,candidate_3,candidate_4,candidate_1,candidate_5,candidate_2,5,0.028000000000000004
196,candidate_3,candidate_4,candidate_1,candidate_5,candidate_2,5,0.028000000000000004
197,candidate_3,candidate_4,candidate_1,candidate_5,candidate_2,5,0.028000000000000004
198,candidate_3,candidate_4,candidate_1,candidate_5,candidate_2,5,0.028000000000000004
199,candidate_3,candidate_4,candidate_1,candidate_5,candidate_2,5,0.028000000000000004
200,candidate_3,candidate_4,candidate_1,candidate_5,candidate_2,5,0.028000000000000004
201,candidate_3,0,candidate_1,candidate_5,candidate_2,5,0.028000000000000004
202,candidate_3,candidate_4,candidate_1,candidate_5,candidate_2,5,0.028000000000000004
203,candidate_3,candidate_4,candidate_1,candidate_5,candidate_2,5,0.028000000000000004
204,candidate_3,candidate_4,candidate_1,candidate_5,candidate_2,5,0.028000000000000004
205,candidate_3,candidate_4,candidate_1,candidate_5,candidate_2,5,0.028000000000000004
206,candidate_3,candidate_4,candidate_1,candidate_5,candidate_2,5,0.028000000000000004
207,candidate_3,candidate_4,candidate_1,candidate_5,candidate_2,5,0.028000000000000004
208,candidate_3,candidate_4,candidate_1,candidate_5,candidate_2,5,0.028000000000000004
209,candidate_3,candidate_4,candidate_1,candidate_5,candidate_2,5,0.028000000000000004
210,candidate_3,candidate_4,candidate_1,candidate_5,candidate_2,5,0.028000000000000004
211,candidate_3,candidate_4,candidate_1,candidate_5,candidate_2,5,0.028000000000000004
212,candidate_3,candidate_4,candidate_1,candidate_5,candidate_2,5,0.028000000000000004
213,0,candidate_4,candidate_1,candidate_5,candidate_2,5,0.028000000000000004
214,candidate_3,candidate_4,candidate_1,candidate_5,candidate_2,5,0.028000000000000004
215,candidate_3,candidate_4,candidate_1,candidate_5,candidate_2,5,0.028000000000000004
216,0,candidate_4,candidate_1,candidate_5,0,5,0.028000000000000004
217,candidate_3,candidate_4,candidate_1,candidate_5,candidate_2,5,0.028000000000000004
218,candidate_3,candidate_4,candidate_1,candidate_5,candidate_2,5,0.028000000000000004
219,candidate_3,candidate_4,candidate_1,candidate_5,candidate_2,5,0.028000000000000004
220,candidate_3,candidate_4,candidate_1,candidate_5,candidate_2,5,0.028000000000000004
221,candidate_3,candidate_4,candidate_1,candidate_5,candidate_2,5,0.028000000000000004
222,0,candidate_4,candidate_1,candidate_5,candidate_2,5,0.028000000000000004
223,candidate_3,candidate_4,candidate_1,candidate_5,candidate_2,5,0.028000000000000004
224,candidate_3,candidate_4,candidate_1,candidate_5,candidate_2,5,0.028000000000000004
225,candidate_3,candidate_4,candidate_1,candidate_5,candidate_2,5,0.028000000000000004
226,candidate_3,candidate_4,candidate_1,candidate_5,candidate_2,5,0.028000000000000004
227,candidate_3,candidate_4,candidate_1,candidate_5,candidate_2,5,0.028000000000000004
228,candidate_3,candidate_4,candidate_1,candidate_5,candidate_2,5,0.028000000000000004
229,candidate_3,candidate_4,candidate_1,candidate_5,candidate_2,5,0.028000000000000004
230,candidate_3,candidate_4,candidate_1,candidate_5,candidate_2,5,0.028000000000000004
231,candidate_3,candidate_4,candidate_1,candidate_5,candidate_2,5,0.028000000000000004
232,candidate_3,0,candidate_1,candidate_5,candidate_2,5,0.028000000000000004
233,candidate_3,candidate_4,candidate_1,candidate_5,candidate_2,5,0.028000000000000004
234,candidate_3,candidate_4,candidate_1,candidate_5,candidate_2,5,0.028000000000000004
235,candidate_3,candidate_4,candidate_1,candidate_5,candidate_2,5,0.028000000000000004
236,candidate_3,candidate_4,candidate_1,candidate_5,candidate_2,5,0.028000000000000004
237,candidate_3,candidate_4,candidate_1,candidate_5,candidate_2,5,0.028000000000000004
238,candidate_3,candidate_4,candidate_1,candidate_5,candidate_2,5,0.028000000000000004
239,candidate_3,candidate_4,candidate_1,candidate_5,candidate_2,5,0.028000000000000004
240,candidate_3,candidate_4,candidate_1,candidate_5,candidate_2,5,0.028000000000000004
241,candidate_3,candidate_4,candidate_1,candidate_5,candidate_2,5,0.028000000000000004
242,candidate_3,candidate_4,candidate_1,candidate_5,candidate_2,5,0.028000000000000004
243,candidate_3,candidate_4,0,candidate_5,candidate_2,5,0.028000000000000004
244,candidate_3,candidate_4,candidate_1,candidate_5,candidate_2,5,0.028000000000000004
245,candidate_3,candidate_4,candidate_1,candidate_5,candidate_2,5,0.028000000000000004
246,candidate_3,candidate_4,candidate_1,candidate_5,candidate_2,5,0.028000000000000004
247,candidate_3,candidate_4,candidate_1,candidate_5,candidate_2,5,0.028000000000000004
248,candidate_3,candidate_4,candidate_1,candidate_5,candidate_2,5,0.028000000000000004
249,candidate_3,candidate_4,candidate_1,candidate_5,candidate_2,5,0.028000000000000004
250,candidate_3,candidate_4,candidate_1,candidate_5,candidate_2,5,0.028000000000000004
251,candidate_3,candidate_4,candidate_1,candidate_5,candidate_2,5,0.028000000000000004
252,candidate_3,candidate_4,candidate_1,candidate_5,candidate_2,5,0.028000000000000004
253,candidate_3,candidate_4,candidate_1,candidate_5,candidate_2,5,0.028000000000000004
254,candidate_3,candidate_4,candidate_1,candidate_5,candidate_2,5,0.028000000000000004
255,candidate_3,candidate_4,candidate_1,candidate_5,candidate_2,5,0.028000000000000004
256,candidate_3,candidate_4,candidate_1,candidate_5,candidate_2,5,0.028000000000000004
257,candidate_3,candidate_4,candidate_1,candidate_5,candidate_2,5,0.028000000000000004
258,candidate_3,candidate_4,candidate_1,candidate_5,candidate_2,5,0.028000000000000004
259,candidate_3,candidate_4,candidate_1,candidate_5,candidate_2,5,0.028000000000000004
260,candidate_3,candidate_4,candidate_1,candidate_5,candidate_2,5,0.028000000000000004
261,candidate_3,candidate_4,candidate_1,candidate_5,candidate_2,5,0.028000000000000004
262,candidate_3,candidate_4,candidate_1,candidate_5,candidate_2,5,0.028000000000000004
263,candidate_3,candidate_4,candidate_1,candidate_5,candidate_2,5,0.028000000000000004
264,candidate_3,candidate_4,candidate_1,candidate_5,candidate_2,5,0.028000000000000004
265,candidate_3,candidate_4,candidate_1,candidate_5,candidate_2,5,0.028000000000000004
266,candidate_3,candidate_4,candidate_1,candidate_5,candidate_2,5,0.028000000000000004
267,candidate_3,candidate_4,candidate_1,candidate_5,candidate_2,5,0.028000000000000004
268,candidate_3,candidate_4,candidate_1,candidate_5,candidate_2,5,0.028000000000000004
269,candidate_3,candidate_4,candidate_1,candidate_5,candidate_2,5,0.028000000000000004
270,candidate_3,candidate_4,candidate_1,candidate_5,candidate_2,5,0.028000000000000004
271,candidate_3,candidate_4,candidate_1,candidate_5,candidate_2,5,0.028000000000000004
272,candidate_3,candidate_4,candidate_1,candidate_5,candidate_2,5,0.028000000000000004
273,candidate_3,candidate_4,candidate_1,candidate_5,candidate_2,5,0.028000000000000004
274,candidate_3,candidate_4,candidate_1,candidate_5,candidate_2,5,0.028000000000000004
275,candidate_3,candidate_4,candidate_1,candidate_5,candidate_2,5,0.028000000000000004
276,candidate_3,candidate_4,candidate_1,candidate_5,candidate_2,5,0.028000000000000004
277,candidate_3,candidate_4,candidate_1,candidate_5,candidate_2,5,0.028000000000000004
278,candidate_3,candidate_4,candidate_1,candidate_5,candidate_2,5,0.028000000000000004
279,candidate_3,candidate_4,candidate_1,candidate_5,candidate_2,5,0.028000000000000004
280,candidate_3,candidate_4,candidate_1,candidate_5,candidate_2,5,0.028000000000000004
281,candidate_3,candidate_4,candidate_1,candidate_5,candidate_2,5,0.028000000000000004
282,candidate_3,candidate_4,candidate_1,candidate_5,candidate_2,5,0.028000000000000004
283,candidate_3,candidate_4,candidate_1,candidate_5,candidate_2,5,0.028000000000000004
284,candidate_3,candidate_4,candidate_1,candidate_5,candidate_2,5,0.028000000000000004
285,candidate_3,candidate_4,candidate_1,candidate_5,candidate_2,5,0.028000000000000004
286,candidate_3,candidate_4,candidate_1,candidate_5,candidate_2,5,0.028000000000000004
287,candidate_3,candidate_4,candidate_1,candidate_5,candidate_2,5,0.028000000000000004
288,candidate_3,candidate_4,candidate_1,candidate_5,candidate_2,5,0.028000000000000004
289,candidate_3,candidate_4,candidate_1,candidate_5,candidate_2,5,0.028000000000000004
290,candidate_3,candidate_4,candidate_1,candidate_5,candidate_2,5,0.028000000000000004
291,candidate_3,candidate_4,candidate_1,candidate_5,candidate_2,5,0.028000000000000004
292,candidate_3,candidate_4,candidate_1,candidate_5,candidate_2,5,0.028000000000000004
293,candidate_3,candidate_4,candidate_1,candidate_5,candidate_2,5,0.028000000000000004
294,candidate_3,candidate_4,candidate_1,candidate_5,candidate_2,5,0.028000000000000004
295,candidate_3,candidate_4,candidate_1,candidate_5,candidate_2,5,0.028000000000000004
296,candidate_3,candidate_4,candidate_1,candidate_5,candidate_2,5,0.028000000000000004
297,candidate_3,candidate_4,candidate_1,0,candidate_2,5,0.028000000000000004
298,candidate_3,candidate_4,candidate_1,candidate_5,candidate_2,5,0.028000000000000004
299,candidate_3,candidate_4,candidate_1,0,candidate_2,5,0.028000000000000004
300,candidate_3,candidate_4,candidate_1,candidate_5,candidate_2,5,0.028000000000000004
301,candidate_3,candidate_4,candidate_1,candidate_5,candidate_2,5,0.028000000000000004
302,candidate_3,candidate_4,candidate_1,candidate_5,0,5,0.028000000000000004
303,candidate_3,candidate_4,candidate_1,candidate_5,candidate_2,5,0.028000000000000004
304,candidate_3,candidate_4,candidate_1,candidate_5,candidate_2,5,0.028000000000000004
305,candidate_3,candidate_4,candidate_1,candidate_5,candidate_2,5,0.028000000000000004
306,candidate_3,candidate_4,candidate_1,candidate_5,candidate_2,5,0.028000000000000004
307,candidate_3,candidate_4,candidate_1,candidate_5,candidate_2,5,0.028000000000000004
308,candidate_3,candidate_4,candidate_1,candidate_5,candidate_2,5,0.028000000000000004
309,candidate_3,candidate_4,candidate_1,candidate_5,candidate_2,5,0.028000000000000004
310,candidate_3,candidate_4,candidate_1,candidate_5,candidate_2,5,0.028000000000000004
311,candidate_3,candidate_4,candidate_1,candidate_5,candidate_2,5,0.028000000000000004
312,0,candidate_4,candidate_1,candidate_5,candidate_2,5,0.028000000000000004
313,candidate_3,candidate_4,candidate_1,candidate_5,0,5,0.028000000000000004
314,candidate_3,candidate_4,candidate_1,candidate_5,candidate_2,5,0.028000000000000004
315,candidate_3,candidate_4,candidate_1,candidate_5,candidate_2,5,0.028000000000000004
316,candidate_3,candidate_4,candidate_1,candidate_5,candidate_2,5,0.028000000000000004
317,0,candidate_4,candidate_1,candidate_5,candidate_2,5,0.028000000000000004
318,candidate_3,0,candidate_1,candidate_5,candidate_2,5,0.028000000000000004
319,candidate_3,candidate_4,candidate_1,candidate_5,candidate_2,5,0.028000000000000004
320,candidate_3,candidate_4,candidate_1,candidate_5,candidate_2,5,0.028000000000000004
321,candidate_3,candidate_4,candidate_1,candidate_5,candidate_2,5,0.028000000000000004
322,candidate_3,candidate_4,candidate_1,candidate_5,candidate_2,5,0.028000000000000004
323,candidate_3,candidate_4,candidate_1,candidate_5,candidate_2,5,0.028000000000000004
324,candidate_3,candidate_4,candidate_1,candidate_5,candidate_2,5,0.028000000000000004
325,candidate_3,candidate_4,candidate_1,candidate_5,candidate_2,5,0.028000000000000004
326,candidate_3,candidate_4,candidate_1,candidate_5,candidate_2,5,0.028000000000000004
327,candidate_3,candidate_4,candidate_1,candidate_5,candidate_2,5,0.028000000000000004
328,candidate_3,candidate_4,candidate_1,candidate_5,candidate_2,5,0.028000000000000004
329,candidate_3,candidate_4,candidate_1,candidate_5,candidate_2,5,0.028000000000000004
330,candidate_3,candidate_4,candidate_1,candidate_5,candidate_2,5,0.028000000000000004
331,candidate_3,candidate_4,candidate_1,candidate_5,candidate_2,5,0.028000000000000004
332,candidate_3,candidate_4,candidate_1,candidate_5,candidate_2,5,0.028000000000000004
333,candidate_3,candidate_4,candidate_1,candidate_5,candidate_2,5,0.028000000000000004
334,candidate_3,candidate_4,0,candidate_5,candidate_2,5,0.028000000000000004
335,candidate_3,candidate_4,candidate_1,candidate_5,candidate_2,5,0.028000000000000004
336,candidate_3,candidate_4,candidate_1,candidate_5,candidate_2,5,0.028000000000000004
337,candidate_3,candidate_4,candidate_1,candidate_5,candidate_2,5,0.028000000000000004
338,candidate_3,candidate_4,candidate_1,candidate_5,candidate_2,5,0.028000000000000004
339,candidate_3,candidate_4,candidate_1,candidate_5,0,5,0.028000000000000004
340,candidate_3,candidate_4,candidate_1,candidate_5,candidate_2,5,0.028000000000000004
341,candidate_3,candidate_4,candidate_1,candidate_5,candidate_2,5,0.028000000000000004
342,candidate_3,candidate_4,candidate_1,candidate_5,candidate_2,5,0.028000000000000004
343,candidate_3,candidate_4,candidate_1,candidate_5,candidate_2,5,0.028000000000000004
344,candidate_3,candidate_4,candidate_1,candidate_5,candidate_2,5,0.028000000000000004
345,candidate_3,candidate_4,candidate_1,candidate_5,0,5,0.028000000000000004
346,candidate_3,candidate_4,candidate_1,candidate_5,candidate_2,5,0.028000000000000004
347,candidate_3,candidate_4,candidate_1,candidate_5,candidate_2,5,0.028000000000000004
348,candidate_3,candidate_4,candidate_1,candidate_5,candidate_2,5,0.028000000000000004
349,candidate_3,candidate_4,candidate_1,0,candidate_2,5,0.028000000000000004
350,candidate_3,candidate_4,candidate_1,candidate_5,candidate_2,5,0.028000000000000004
351,candidate_3,candidate_4,candidate_1,candidate_5,candidate_2,5,0.028000000000000004
352,candidate_3,candidate_4,candidate_1,candidate_5,candidate_2,5,0.028000000000000004
353,candidate_3,candidate_4,candidate_1,candidate_5,candidate_2,5,0.028000000000000004
354,candidate_3,candidate_4,0,candidate_5,candidate_2,5,0.028000000000000004
355,candidate_3,candidate_4,candidate_1,candidate_5,candidate_2,5,0.028000000000000004
356,candidate_3,candidate_4,candidate_1,candidate_5,candidate_2,5,0.028000000000000004
357,candidate_3,candidate_4,candidate_1,candidate_5,candidate_2,5,0.028000000000000004
358,candidate_3,candidate_4,candidate_1,candidate_5,candidate_2,5,0.028000000000000004
359,candidate_3,candidate_4,candidate_1,candidate_5,candidate_2,5,0.028000000000000004
360,candidate_3,candidate_4,candidate_1,candidate_5,candidate_2,5,0.028000000000000004
361,candidate_3,candidate_4,candidate_1,candidate_5,candidate_2,5,0.028000000000000004
362,candidate_3,candidate_4,candidate_1,candidate_5,candidate_2,5,0.028000000000000004
363,candidate_3,candidate_4,candidate_1,candidate_5,candidate_2,5,0.028000000000000004
364,candidate_3,candidate_4,candidate_1,0,candidate_2,5,0.028000000000000004
365,candidate_3,candidate_4,candidate_1,candidate_5,candidate_2,5,0.028000000000000004
366,candidate_3,candidate_4,candidate_1,candidate_5,candidate_2,5,0.028000000000000004
367,candidate_3,candidate_4,candidate_1,candidate_5,candidate_2,5,0.028000000000000004
368,candidate_3,candidate_4,candidate_1,candidate_5,candidate_2,5,0.028000000000000004
369,candidate_3,candidate_4,candidate_1,0,candidate_2,5,0.028000000000000004
370,candidate_3,candidate_4,candidate_1,candidate_5,candidate_2,5,0.028000000000000004
371,candidate_3,candidate_4,candidate_1,candidate_5,candidate_2,5,0.028000000000000004
372,candidate_3,candidate_4,candidate_1,0,candidate_2,5,0.028000000000000004
373,candidate_3,candidate_4,candidate_1,candidate_5,candidate_2,5,0.028000000000000004
374,candidate_3,candidate_4,candidate_1,candidate_5,candidate_2,5,0.028000000000000004
375,candidate_3,candidate_4,candidate_1,candidate_5,candidate_2,5,0.028000000000000004
376,candidate_3,candidate_4,candidate_1,candidate_5,candidate_2,5,0.028000000000000004
377,candidate_3,candidate_4,candidate_1,candidate_5,candidate_2,5,0.028000000000000004
378,candidate_3,candidate_4,candidate_1,candidate_5,candidate_2,5,0.028000000000000004
379,candidate_3,candidate_4,candidate_1,candidate_5,candidate_2,5,0.028000000000000004
380,candidate_3,candidate_4,candidate_1,candidate_5,candidate_2,5,0.028000000000000004
381,candidate_3,candidate_4,candidate_1,candidate_5,candidate_2,5,0.028000000000000004
382,candidate_3,candidate_4,candidate_1,candidate_5,candidate_2,5,0.028000000000000004
383,candidate_3,candidate_4,candidate_1,candidate_5,candidate_2,5,0.028000000000000004
384,candidate_3,candidate_4,candidate_1,candidate_5,candidate_2,5,0.028000000000000004
385,candidate_3,candidate_4,candidate_1,candidate_5,candidate_2,5,0.028000000000000004
386,candidate_3,0,candidate_1,candidate_5,candidate_2,5,0.028000000000000004
387,candidate_3,candidate_4,candidate_1,candidate_5,candidate_2,5,0.028000000000000004
388,candidate_3,candidate_4,candidate_1,candidate_5,0,5,0.028000000000000004
389,candidate_3,candidate_4,candidate_1,candidate_5,candidate_2,5,0.028000000000000004
390,candidate_3,candidate_4,candidate_1,candidate_5,candidate_2,5,0.028000000000000004
391,candidate_3,candidate_4,candidate_1,candidate_5,candidate_2,5,0.028000000000000004
392,candidate_3,candidate_4,candidate_1,candidate_5,candidate_2,5,0.028000000000000004
393,candidate_3,candidate_4,0,candidate_5,0,5,0.028000000000000004
394,candidate_3,candidate_4,candidate_1,candidate_5,candidate_2,5,0.028000000000000004
395,candidate_3,candidate_4,candidate_1,0,candidate_2,5,0.028000000000000004
396,candidate_3,candidate_4,candidate_1,candidate_5,candidate_2,5,0.028000000000000004
397,candidate_3,candidate_4,0,candidate_5,candidate_2,5,0.028000000000000004
398,candidate_3,candidate_4,candidate_1,candidate_5,candidate_2,5,0.028000000000000004
399,candidate_3,candidate_4,candidate_1,0,candidate_2,5,0.028000000000000004
400,candidate_3,candidate_4,candidate_1,candidate_5,candidate_2,5,0.028000000000000004
401,candidate_3,candidate_4,candidate_1,candidate_5,candidate_2,5,0.028000000000000004
402,candidate_3,candidate_4,candidate_1,candidate_5,candidate_2,5,0.028000000000000004
403,candidate_3,candidate_4,candidate_1,candidate_5,candidate_2,5,0.028000000000000004
404,candidate_3,candidate_4,candidate_1,candidate_5,candidate_2,5,0.028000000000000004
405,candidate_3,candidate_4,candidate_1,candidate_5,candidate_2,5,0.028000000000000004
406,candidate_3,candidate_4,candidate_1,candidate_5,candidate_2,5,0.028000000000000004
407,candidate_3,candidate_4,candidate_1,candidate_5,candidate_2,5,0.028000000000000004
408,candidate_3,candidate_4,candidate_1,candidate_5,candidate_2,5,0.028000000000000004
409,candidate_3,candidate_4,candidate_1,candidate_5,candidate_2,5,0.028000000000000004
410,candidate_3,candidate_4,candidate_1,candidate_5,candidate_2,5,0.028000000000000004
411,candidate_3,candidate_4,candidate_1,candidate_5,candidate_2,5,0.028000000000000004
412,candidate_3,candidate_4,candidate_1,candidate_5,candidate_2,5,0.028000000000000004
413,candidate_3,candidate_4,candidate_1,candidate_5,candidate_2,5,0.028000000000000004
414,candidate_3,candidate_4,candidate_1,candidate_5,candidate_2,5,0.028000000000000004
415,candidate_3,candidate_4,candidate_1,candidate_5,candidate_2,5,0.028000000000000004
416,candidate_3,0,candidate_1,candidate_5,candidate_2,5,0.028000000000000004
417,candidate_3,candidate_4,candidate_1,candidate_5,candidate_2,5,0.028000000000000004
418,candidate_3,candidate_4,0,candidate_5,candidate_2,5,0.028000000000000004
419,candidate_3,candidate_4,candidate_1,candidate_5,candidate_2,5,0.028000000000000004
420,candidate_3,candidate_4,candidate_1,candidate_5,candidate_2,5,0.028000000000000004
421,candidate_3,candidate_4,candidate_1,candidate_5,candidate_2,5,0.028000000000000004
422,candidate_3,candidate_4,candidate_1,candidate_5,candidate_2,5,0.028000000000000004
423,candidate_3,candidate_4,candidate_1,candidate_5,candidate_2,5,0.028000000000000004
424,candidate_3,candidate_4,candidate_1,candidate_5,candidate_2,5,0.028000000000000004
425,candidate_3,candidate_4,candidate_1,candidate_5,candidate_2,5,0.028000000000000004
426,candidate_3,candidate_4,candidate_1,candidate_5,candidate_2,5,0.028000000000000004
427,candidate_3,candidate_4,candidate_1,candidate_5,candidate_2,5,0.028000000000000004
428,candidate_3,candidate_4,candidate_1,candidate_5,candidate_2,5,0.028000000000000004
429,candidate_3,candidate_4,candidate_1,candidate_5,candidate_2,5,0.028000000000000004
430,candidate_3,candidate_4,candidate_1,candidate_5,candidate_2,5,0.028000000000000004
431,candidate_3,candidate_4,candidate_1,candidate_5,candidate_2,5,0.028000000000000004
432,candidate_3,candidate_4,candidate_1,candidate_5,candidate_2,5,0.028000000000000004
433,candidate_3,candidate_4,0,candidate_5,candidate_2,5,0.028000000000000004
434,candidate_3,candidate_4,candidate_1,candidate_5,candidate_2,5,0.028000000000000004
435,candidate_3,candidate_4,candidate_1,candidate_5,candidate_2,5,0.028000000000000004
436,candidate_3,candidate_4,candidate_1,candidate_5,candidate_2,5,0.028000000000000004
437,candidate_3,candidate_4,candidate_1,candidate_5,candidate_2,5,0.028000000000000004
438,candidate_3,candidate_4,candidate_1,0,candidate_2,5,0.028000000000000004
439,candidate_3,candidate_4,candidate_1,candidate_5,candidate_2,5,0.028000000000000004
440,candidate_3,candidate_4,candidate_1,candidate_5,candidate_2,5,0.028000000000000004
441,candidate_3,candidate_4,candidate_1,candidate_5,candidate_2,5,0.028000000000000004
442,candidate_3,candidate_4,candidate_1,candidate_5,candidate_2,5,0.028000000000000004
443,candidate_3,candidate_4,candidate_1,candidate_5,candidate_2,5,0.028000000000000004
444,candidate_3,candidate_4,candidate_1,candidate_5,candidate_2,5,0.028000000000000004
445,candidate_3,candidate_4,candidate_1,candidate_5,candidate_2,5,0.028000000000000004
446,candidate_3,candidate_4,candidate_1,candidate_5,candidate_2,5,0.028000000000000004
447,candidate_3,candidate_4,candidate_1,candidate_5,candidate_2,5,0.028000000000000004
448,candidate_3,candidate_4,candidate_1,candidate_5,candidate_2,5,0.028000000000000004
449,candidate_3,candidate_4,candidate_1,candidate_5,candidate_2,5,0.028000000000000004
450,candidate_3,candidate_4,candidate_1,candidate_5,candidate_2,5,0.028000000000000004
451,candidate_3,candidate_4,candidate_1,candidate_5,candidate_2,5,0.028000000000000004
452,candidate_3,candidate_4,candidate_1,candidate_5,candidate_2,5,0.028000000000000004
453,candidate_3,candidate_4,candidate_1,candidate_5,candidate_2,5,0.028000000000000004
454,candidate_3,candidate_4,candidate_1,candidate_5,candidate_2,5,0.028000000000000004
455,candidate_3,candidate_4,candidate_1,candidate_5,candidate_2,5,0.028000000000000004
456,candidate_3,candidate_4,candidate_1,candidate_5,candidate_2,5,0.028000000000000004
457,candidate_3,candidate_4,candidate_1,candidate_5,candidate_2,5,0.028000000000000004
458,candidate_3,candidate_4,candidate_1,candidate_5,0,5,0.028000000000000004
459,candidate_3,candidate_4,candidate_1,candidate_5,candidate_2,5,0.028000000000000004
460,candidate_3,candidate_4,candidate_1,candidate_5,candidate_2,5,0.028000000000000004
461,candidate_3,candidate_4,candidate_1,candidate_5,candidate_2,5,0.028000000000000004
462,candidate_3,candidate_4,candidate_1,candidate_5,candidate_2,5,0.028000000000000004
463,candidate_3,candidate_4,candidate_1,candidate_5,candidate_2,5,0.028000000000000004
464,0,candidate_4,candidate_1,candidate_5,candidate_2,5,0.028000000000000004
465,candidate_3,candidate_4,candidate_1,candidate_5,candidate_2,5,0.028000000000000004
466,candidate_3,candidate_4,candidate_1,candidate_5,candidate_2,5,0.028000000000000004
467,candidate_3,candidate_4,candidate_1,candidate_5,candidate_2,5,0.028000000000000004
468,candidate_3,candidate_4,candidate_1,candidate_5,candidate_2,5,0.028000000000000004
469,candidate_3,candidate_4,candidate_1,candidate_5,candidate_2,5,0.028000000000000004
470,candidate_3,candidate_4,candidate_1,0,candidate_2,5,0.028000000000000004
471,candidate_3,candidate_4,candidate_1,candidate_5,candidate_2,5,0.028000000000000004
472,candidate_3,candidate_4,candidate_1,candidate_5,0,5,0.028000000000000004
473,candidate_3,candidate_4,candidate_1,candidate_5,candidate_2,5,0.028000000000000004
474,candidate_3,candidate_4,candidate_1,candidate_5,candidate_2,5,0.028000000000000004
475,candidate_3,candidate_4,candidate_1,candidate_5,candidate_2,5,0.028000000000000004
476,candidate_3,candidate_4,candidate_1,candidate_5,candidate_2,5,0.028000000000000004
477,candidate_3,candidate_4,candidate_1,candidate_5,candidate_2,5,0.028000000000000004
478,candidate_3,candidate_4,candidate_1,candidate_5,candidate_2,5,0.028000000000000004
479,candidate_3,0,candidate_1,candidate_5,candidate_2,5,0.028000000000000004
480,candidate_3,candidate_4,candidate_1,candidate_5,candidate_2,5,0.028000000000000004
481,candidate_3,candidate_4,candidate_1,candidate_5,candidate_2,5,0.028000000000000004
482,candidate_3,candidate_4,candidate_1,candidate_5,candidate_2,5,0.028000000000000004
483,candidate_3,candidate_4,candidate_1,candidate_5,candidate_2,5,0.028000000000000004
484,candidate_3,candidate_4,candidate_1,candidate_5,candidate_2,5,0.028000000000000004
485,candidate_3,candidate_4,candidate_1,candidate_5,candidate_2,5,0.028000000000000004
486,candidate_3,candidate_4,candidate_1,candidate_5,candidate_2,5,0.028000000000000004
487,candidate_3,candidate_4,candidate_1,candidate_5,candidate_2,5,0.028000000000000004
488,candidate_3,candidate_4,candidate_1,candidate_5,candidate_2,5,0.028000000000000004
489,candidate_3,candidate_4,candidate_1,candidate_5,candidate_2,5,0.028000000000000004
490,candidate_3,candidate_4,candidate_1,candidate_5,candidate_2,5,0.028000000000000004
491,candidate_3,candidate_4,candidate_1,candidate_5,candidate_2,5,0.028000000000000004
492,candidate_3,0,candidate_1,candidate_5,candidate_2,5,0.028000000000000004
493,candidate_3,candidate_4,candidate_1,candidate_5,candidate_2,5,0.028000000000000004
494,candidate_3,candidate_4,candidate_1,candidate_5,candidate_2,5,0.028000000000000004
495,candidate_3,candidate_4,candidate_1,candidate_5,candidate_2,5,0.028000000000000004
496,candidate_3,candidate_4,candidate_1,candidate_5,candidate_2,5,0.028000000000000004
497,candidate_3,candidate_4,candidate_1,candidate_5,candidate_2,5,0.028000000000000004
498,candidate_3,candidate_4,candidate_1,0,candidate_2,5,0.028000000000000004
499,candidate_3,candidate_4,candidate_1,candidate_5,candidate_2,5,0.028000000000000004
500,candidate_3,candidate_4,candidate_1,candidate_5,candidate_2,5,0.028000000000000004
501,candidate_3,candidate_4,candidate_1,candidate_5,candidate_2,5,0.028000000000000004
502,0,candidate_4,candidate_1,candidate_5,candidate_2,5,0.028000000000000004
503,candidate_3,0,candidate_1,0,candidate_2,5,0.028000000000000004
504,candidate_3,candidate_4,candidate_1,candidate_5,candidate_2,5,0.028000000000000004
505,candidate_3,candidate_4,candidate_1,candidate_5,candidate_2,5,0.028000000000000004
506,candidate_3,candidate_4,candidate_1,candidate_5,candidate_2,5,0.028000000000000004
507,candidate_3,candidate_4,candidate_1,candidate_5,candidate_2,5,0.028000000000000004
508,candidate_3,candidate_4,candidate_1,candidate_5,candidate_2,5,0.028000000000000004
509,candidate_3,candidate_4,candidate_1,candidate_5,candidate_2,5,0.028000000000000004
510,0,candidate_4,candidate_1,candidate_5,candidate_2,5,0.028000000000000004
511,candidate_3,candidate_4,candidate_1,candidate_5,candidate_2,5,0.028000000000000004
512,candidate_3,candidate_4,candidate_1,candidate_5,candidate_2,5,0.028000000000000004
513,candidate_3,candidate_4,candidate_1,candidate_5,candidate_2,5,0.028000000000000004
514,candidate_3,candidate_4,candidate_1,candidate_5,candidate_2,5,0.028000000000000004
515,candidate_3,candidate_4,candidate_1,candidate_5,candidate_2,5,0.028000000000000004
516,candidate_3,candidate_4,candidate_1,candidate_5,candidate_2,5,0.028000000000000004
517,candidate_3,candidate_4,candidate_1,candidate_5,candidate_2,5,0.028000000000000004
518,candidate_3,candidate_4,candidate_1,candidate_5,candidate_2,5,0.028000000000000004
519,candidate_3,candidate_4,candidate_1,candidate_5,0,5,0.028000000000000004
520,candidate_3,candidate_4,candidate_1,candidate_5,candidate_2,5,0.028000000000000004
521,candidate_3,candidate_4,candidate_1,candidate_5,candidate_2,5,0.028000000000000004
522,candidate_3,candidate_4,candidate_1,candidate_5,candidate_2,5,0.028000000000000004
523,candidate_3,candidate_4,candidate_1,candidate_5,candidate_2,5,0.028000000000000004
524,candidate_3,candidate_4,candidate_1,candidate_5,candidate_2,5,0.028000000000000004
525,candidate_3,candidate_4,candidate_1,candidate_5,candidate_2,5,0.028000000000000004
526,candidate_3,candidate_4,candidate_1,candidate_5,candidate_2,5,0.028000000000000004
527,candidate_3,candidate_4,candidate_1,candidate_5,candidate_2,5,0.028000000000000004
528,candidate_3,candidate_4,candidate_1,candidate_5,candidate_2,5,0.028000000000000004
0,candidate_3,candidate_4,candidate_2,candidate_1,candidate_5,5,0.028000000000000004
1,candidate_3,candidate_4,candidate_2,candidate_1,candidate_5,5,0.028000000000000004
2,candidate_3,candidate_4,candidate_2,candidate_1,candidate_5,5,0.028000000000000004
3,candidate_3,candidate_4,candidate_2,candidate_1,candidate_5,5,0.028000000000000004
4,candidate_3,candidate_4,candidate_2,candidate_1,candidate_5,5,0.028000000000000004
5,candidate_3,candidate_4,candidate_2,candidate_1,0,5,0.028000000000000004
6,candidate_3,candidate_4,candidate_2,candidate_1,candidate_5,5,0.028000000000000004
7,candidate_3,candidate_4,candidate_2,candidate_1,candidate_5,5,0.028000000000000004
8,candidate_3,candidate_4,candidate_2,candidate_1,candidate_5,5,0.028000000000000004
9,candidate_3,candidate_4,candidate_2,candidate_1,candidate_5,5,0.028000000000000004
10,candidate_3,candidate_4,candidate_2,candidate_1,candidate_5,5,0.028000000000000004
11,candidate_3,candidate_4,candidate_2,candidate_1,candidate_5,5,0.028000000000000004
12,candidate_3,candidate_4,candidate_2,candidate_1,candidate_5,5,0.028000000000000004
13,candidate_3,candidate_4,candidate_2,candidate_1,candidate_5,5,0.028000000000000004
14,candidate_3,candidate_4,candidate_2,candidate_1,candidate_5,5,0.028000000000000004
15,candidate_3,candidate_4,candidate_2,0,candidate_5,5,0.028000000000000004
16,candidate_3,candidate_4,candidate_2,candidate_1,candidate_5,5,0.028000000000000004
17,candidate_3,candidate_4,candidate_2,candidate_1,candidate_5,5,0.028000000000000004
18,candidate_3,candidate_4,candidate_2,candidate_1,candidate_5,5,0.028000000000000004
19,candidate_3,candidate_4,candidate_2,candidate_1,candidate_5,5,0.028000000000000004
20,candidate_3,candidate_4,candidate_2,candidate_1,candidate_5,5,0.028000000000000004
21,candidate_3,candidate_4,candidate_2,candidate_1,candidate_5,5,0.028000000000000004
22,candidate_3,candidate_4,candidate_2,candidate_1,candidate_5,5,0.028000000000000004
23,candidate_3,candidate_4,candidate_2,candidate_1,candidate_5,5,0.028000000000000004
24,candidate_3,candidate_4,candidate_2,candidate_1,candidate_5,5,0.028000000000000004
25,candidate_3,candidate_4,candidate_2,candidate_1,candidate_5,5,0.028000000000000004
26,candidate_3,candidate_4,candidate_2,candidate_1,candidate_5,5,0.028000000000000004
27,candidate_3,candidate_4,candidate_2,0,candidate_5,5,0.028000000000000004
28,candidate_3,candidate_4,candidate_2,candidate_1,candidate_5,5,0.028000000000000004
29,candidate_3,candidate_4,candidate_2,candidate_1,candidate_5,5,0.028000000000000004
30,candidate_3,candidate_4,candidate_2,candidate_1,candidate_5,5,0.028000000000000004
31,candidate_3,candidate_4,candidate_2,0,candidate_5,5,0.028000000000000004
32,candidate_3,candidate_4,candidate_2,candidate_1,candidate_5,5,0.028000000000000004
33,candidate_3,candidate_4,candidate_2,candidate_1,candidate_5,5,0.028000000000000004
34,candidate_3,candidate_4,candidate_2,candidate_1,candidate_5,5,0.028000000000000004
35,candidate_3,candidate_4,candidate_2,candidate_1,candidate_5,5,0.028000000000000004
36,candidate_3,candidate_4,candidate_2,candidate_1,candidate_5,5,0.028000000000000004
37,candidate_3,candidate_4,candidate_2,candidate_1,candidate_5,5,0.028000000000000004
38,candidate_3,candidate_4,candidate_2,candidate_1,candidate_5,5,0.028000000000000004
39,candidate_3,candidate_4,candidate_2,candidate_1,candidate_5,5,0.028000000000000004
40,candidate_3,candidate_4,candidate_2,candidate_1,candidate_5,5,0.028000000000000004
41,candidate_3,candidate_4,candidate_2,candidate_1,candidate_5,5,0.028000000000000004
42,candidate_3,candidate_4,candidate_2,candidate_1,0,5,0.028000000000000004
43,candidate_3,candidate_4,candidate_2,candidate_1,candidate_5,5,0.028000000000000004
44,candidate_3,candidate_4,candidate_2,candidate_1,candidate_5,5,0.028000000000000004
45,candidate_3,candidate_4,candidate_2,candidate_1,candidate_5,5,0.028000000000000004
46,candidate_3,candidate_4,candidate_2,candidate_1,0,5,0.028000000000000004
47,0,candidate_4,candidate_2,candidate_1,candidate_5,5,0.028000000000000004
48,candidate_3,candidate_4,candidate_2,candidate_1,candidate_5,5,0.028000000000000004
49,candidate_3,candidate_4,candidate_2,candidate_1,candidate_5,5,0.028000000000000004
50,candidate_3,candidate_4,candidate_2,candidate_1,candidate_5,5,0.028000000000000004
51,candidate_3,candidate_4,candidate_2,candidate_1,candidate_5,5,0.028000000000000004
52,candidate_3,candidate_4,candidate_2,candidate_1,0,5,0.028000000000000004
53,candidate_3,candidate_4,candidate_2,candidate_1,candidate_5,5,0.028000000000000004
54,candidate_3,candidate_4,candidate_2,candidate_1,candidate_5,5,0.028000000000000004
55,candidate_3,candidate_4,candidate_2,candidate_1,candidate_5,5,0.028000000000000004
56,candidate_3,candidate_4,candidate_2,0,candidate_5,5,0.028000000000000004
57,candidate_3,candidate_4,candidate_2,candidate_1,candidate_5,5,0.028000000000000004
58,candidate_3,candidate_4,candidate_2,candidate_1,candidate_5,5,0.028000000000000004
59,candidate_3,candidate_4,candidate_2,candidate_1,candidate_5,5,0.028000000000000004
60,0,candidate_4,candidate_2,candidate_1,candidate_5,5,0.028000000000000004
61,candidate_3,candidate_4,candidate_2,candidate_1,candidate_5,5,0.028000000000000004
62,candidate_3,candidate_4,candidate_2,candidate_1,candidate_5,5,0.028000000000000004
63,candidate_3,candidate_4,candidate_2,candidate_1,candidate_5,5,0.028000000000000004
64,candidate_3,candidate_4,candidate_2,candidate_1,0,5,0.028000000000000004
65,candidate_3,candidate_4,candidate_2,candidate_1,candidate_5,5,0.028000000000000004
66,0,candidate_4,candidate_2,candidate_1,candidate_5,5,0.028000000000000004
67,candidate_3,candidate_4,candidate_2,candidate_1,candidate_5,5,0.028000000000000004
68,candidate_3,candidate_4,candidate_2,candidate_1,candidate_5,5,0.028000000000000004
69,candidate_3,candidate_4,candidate_2,candidate_1,candidate_5,5,0.028000000000000004
70,candidate_3,candidate_4,0,candidate_1,candidate_5,5,0.028000000000000004
71,candidate_3,candidate_4,candidate_2,candidate_1,candidate_5,5,0.028000000000000004
72,candidate_3,candidate_4,candidate_2,candidate_1,candidate_5,5,0.028000000000000004
73,candidate_3,candidate_4,candidate_2,candidate_1,candidate_5,5,0.028000000000000004
74,candidate_3,0,candidate_2,candidate_1,candidate_5,5,0.028000000000000004
75,candidate_3,candidate_4,candidate_2,candidate_1,candidate_5,5,0.028000000000000004
76,candidate_3,candidate_4,candidate_2,candidate_1,candidate_5,5,0.028000000000000004
77,candidate_3,0,candidate_2,candidate_1,candidate_5,5,0.028000000000000004
78,candidate_3,candidate_4,candidate_2,candidate_1,candidate_5,5,0.028000000000000004
79,candidate_3,candidate_4,candidate_2,0,candidate_5,5,0.028000000000000004
80,candidate_3,candidate_4,candidate_2,candidate_1,candidate_5,5,0.028000000000000004
81,candidate_3,candidate_4,candidate_2,candidate_1,candidate_5,5,0.028000000000000004
82,candidate_3,candidate_4,candidate_2,candidate_1,candidate_5,5,0.028000000000000004
83,candidate_3,candidate_4,candidate_2,candidate_1,candidate_5,5,0.028000000000000004
84,candidate_3,candidate_4,candidate_2,candidate_1,0,5,0.028000000000000004
85,candidate_3,candidate_4,candidate_2,candidate_1,candidate_5,5,0.028000000000000004
86,candidate_3,candidate_4,candidate_2,candidate_1,candidate_5,5,0.028000000000000004
87,candidate_3,candidate_4,candidate_2,candidate_1,candidate_5,5,0.028000000000000004
88,candidate_3,0,candidate_2,candidate_1,candidate_5,5,0.028000000000000004
89,candidate_3,candidate_4,candidate_2,candidate_1,candidate_5,5,0.028000000000000004
90,candidate_3,candidate_4,0,candidate_1,candidate_5,5,0.028000000000000004
91,candidate_3,0,candidate_2,candidate_1,candidate_5,5,0.028000000000000004
92,candidate_3,candidate_4,candidate_2,candidate_1,candidate_5,5,0.028000000000000004
93,0,candidate_4,candidate_2,candidate_1,candidate_5,5,0.028000000000000004
94,candidate_3,candidate_4,candidate_2,candidate_1,candidate_5,5,0.028000000000000004
95,candidate_3,candidate_4,candidate_2,candidate_1,candidate_5,5,0.028000000000000004
96,candidate_3,candidate_4,candidate_2,candidate_1,candidate_5,5,0.028000000000000004
97,candidate_3,candidate_4,candidate_2,candidate_1,candidate_5,5,0.028000000000000004
98,candidate_3,candidate_4,candidate_2,candidate_1,candidate_5,5,0.028000000000000004
99,candidate_3,candidate_4,candidate_2,candidate_1,candidate_5,5,0.028000000000000004
100,candidate_3,candidate_4,candidate_2,candidate_1,candidate_5,5,0.028000000000000004
101,candidate_3,candidate_4,candidate_2,candidate_1,candidate_5,5,0.028000000000000004
102,candidate_3,candidate_4,candidate_2,candidate_1,candidate_5,5,0.028000000000000004
103,candidate_3,candidate_4,candidate_2,candidate_1,candidate_5,5,0.028000000000000004
104,candidate_3,candidate_4,candidate_2,candidate_1,candidate_5,5,0.028000000000000004
105,candidate_3,candidate_4,candidate_2,candidate_1,candidate_5,5,0.028000000000000004
106,candidate_3,candidate_4,candidate_2,candidate_1,candidate_5,5,0.028000000000000004
107,0,candidate_4,candidate_2,candidate_1,candidate_5,5,0.028000000000000004
108,candidate_3,candidate_4,candidate_2,candidate_1,candidate_5,5,0.028000000000000004
109,candidate_3,candidate_4,candidate_2,candidate_1,candidate_5,5,0.028000000000000004
110,candidate_3,candidate_4,candidate_2,candidate_1,candidate_5,5,0.028000000000000004
111,candidate_3,candidate_4,candidate_2,candidate_1,candidate_5,5,0.028000000000000004
112,candidate_3,candidate_4,candidate_2,candidate_1,candidate_5,5,0.028000000000000004
113,candidate_3,candidate_4,candidate_2,candidate_1,candidate_5,5,0.028000000000000004
114,candidate_3,candidate_4,candidate_2,candidate_1,candidate_5,5,0.028000000000000004
115,candidate_3,candidate_4,candidate_2,candidate_1,candidate_5,5,0.028000000000000004
116,candidate_3,candidate_4,candidate_2,candidate_1,candidate_5,5,0.028000000000000004
117,0,candidate_4,candidate_2,candidate_1,candidate_5,5,0.028000000000000004
118,candidate_3,candidate_4,candidate_2,candidate_1,candidate_5,5,0.028000000000000004
119,candidate_3,candidate_4,candidate_2,candidate_1,candidate_5,5,0.028000000000000004
120,candidate_3,candidate_4,candidate_2,candidate_1,candidate_5,5,0.028000000000000004
121,candidate_3,candidate_4,candidate_2,candidate_1,candidate_5,5,0.028000000000000004
122,candidate_3,candidate_4,candidate_2,candidate_1,candidate_5,5,0.028000000000000004
123,candidate_3,candidate_4,candidate_2,candidate_1,candidate_5,5,0.028000000000000004
124,candidate_3,candidate_4,candidate_2,candidate_1,candidate_5,5,0.028000000000000004
125,candidate_3,candidate_4,candidate_2,candidate_1,candidate_5,5,0.028000000000000004
126,candidate_3,candidate_4,candidate_2,candidate_1,candidate_5,5,0.028000000000000004
127,candidate_3,candidate_4,0,candidate_1,candidate_5,5,0.028000000000000004
128,candidate_3,candidate_4,candidate_2,candidate_1,candidate_5,5,0.028000000000000004
129,candidate_3,candidate_4,candidate_2,candidate_1,candidate_5,5,0.028000000000000004
130,candidate_3,candidate_4,candidate_2,candidate_1,candidate_5,5,0.028000000000000004
131,candidate_3,candidate_4,candidate_2,candidate_1,0,5,0.028000000000000004
132,candidate_3,candidate_4,0,candidate_1,candidate_5,5,0.028000000000000004
133,0,candidate_4,candidate_2,candidate_1,0,5,0.028000000000000004
134,candidate_3,candidate_4,candidate_2,candidate_1,candidate_5,5,0.028000000000000004
135,candidate_3,candidate_4,candidate_2,candidate_1,candidate_5,5,0.028000000000000004
136,candidate_3,candidate_4,candidate_2,candidate_1,candidate_5,5,0.028000000000000004
137,candidate_3,candidate_4,candidate_2,candidate_1,candidate_5,5,0.028000000000000004
138,candidate_3,candidate_4,candidate_2,candidate_1,candidate_5,5,0.028000000000000004
139,candidate_3,candidate_4,candidate_2,candidate_1,candidate_5,5,0.028000000000000004
140,candidate_3,candidate_4,candidate_2,candidate_1,candidate_5,5,0.028000000000000004
141,candidate_3,candidate_4,candidate_2,candidate_1,candidate_5,5,0.028000000000000004
142,candidate_3,candidate_4,candidate_2,candidate_1,candidate_5,5,0.028000000000000004
143,candidate_3,candidate_4,candidate_2,candidate_1,candidate_5,5,0.028000000000000004
144,candidate_3,candidate_4,candidate_2,candidate_1,candidate_5,5,0.028000000000000004
145,candidate_3,candidate_4,candidate_2,candidate_1,candidate_5,5,0.028000000000000004
146,candidate_3,candidate_4,candidate_2,candidate_1,candidate_5,5,0.028000000000000004
147,candidate_3,candidate_4,candidate_2,candidate_1,candidate_5,5,0.028000000000000004
148,candidate_3,candidate_4,candidate_2,candidate_1,candidate_5,5,0.028000000000000004
149,candidate_3,candidate_4,candidate_2,candidate_1,candidate_5,5,0.028000000000000004
150,candidate_3,candidate_4,candidate_2,candidate_1,candidate_5,5,0.028000000000000004
151,candidate_3,candidate_4,candidate_2,candidate_1,candidate_5,5,0.028000000000000004
152,candidate_3,candidate_4,candidate_2,candidate_1,candidate_5,5,0.028000000000000004
153,candidate_3,candidate_4,candidate_2,candidate_1,candidate_5,5,0.028000000000000004
154,candidate_3,candidate_4,candidate_2,candidate_1,candidate_5,5,0.028000000000000004
155,candidate_3,candidate_4,candidate_2,candidate_1,candidate_5,5,0.028000000000000004
156,candidate_3,0,candidate_2,candidate_1,candidate_5,5,0.028000000000000004
157,candidate_3,candidate_4,candidate_2,candidate_1,candidate_5,5,0.028000000000000004
158,candidate_3,candidate_4,candidate_2,0,candidate_5,5,0.028000000000000004
159,candidate_3,candidate_4,candidate_2,candidate_1,candidate_5,5,0.028000000000000004
160,candidate_3,0,candidate_2,candidate_1,candidate_5,5,0.028000000000000004
161,candidate_3,candidate_4,candidate_2,candidate_1,candidate_5,5,0.028000000000000004
162,candidate_3,candidate_4,candidate_2,candidate_1,candidate_5,5,0.028000000000000004
163,candidate_3,candidate_4,candidate_2,candidate_1,candidate_5,5,0.028000000000000004
164,candidate_3,candidate_4,candidate_2,candidate_1,candidate_5,5,0.028000000000000004
165,candidate_3,candidate_4,candidate_2,candidate_1,candidate_5,5,0.028000000000000004
166,candidate_3,candidate_4,candidate_2,candidate_1,candidate_5,5,0.028000000000000004
167,candidate_3,candidate_4,candidate_2,candidate_1,candidate_5,5,0.028000000000000004
168,candidate_3,candidate_4,candidate_2,candidate_1,candidate_5,5,0.028000000000000004
169,candidate_3,candidate_4,candidate_2,0,candidate_5,5,0.028000000000000004
170,candidate_3,candidate_4,candidate_2,candidate_1,candidate_5,5,0.028000000000000004
171,candidate_3,candidate_4,candidate_2,candidate_1,candidate_5,5,0.028000000000000004
172,candidate_3,candidate_4,candidate_2,candidate_1,candidate_5,5,0.028000000000000004
173,candidate_3,candidate_4,candidate_2,candidate_1,candidate_5,5,0.028000000000000004
174,candidate_3,candidate_4,candidate_2,candidate_1,candidate_5,5,0.028000000000000004
175,candidate_3,candidate_4,candidate_2,candidate_1,candidate_5,5,0.028000000000000004
176,candidate_3,candidate_4,candidate_2,candidate_1,candidate_5,5,0.028000000000000004
177,candidate_3,candidate_4,0,candidate_1,candidate_5,5,0.028000000000000004
178,candidate_3,candidate_4,candidate_2,candidate_1,candidate_5,5,0.028000000000000004
179,candidate_3,candidate_4,candidate_2,candidate_1,candidate_5,5,0.028000000000000004
180,candidate_3,candidate_4,candidate_2,candidate_1,candidate_5,5,0.028000000000000004
181,candidate_3,candidate_4,candidate_2,candidate_1,candidate_5,5,0.028000000000000004
182,candidate_3,candidate_4,candidate_2,candidate_1,candidate_5,5,0.028000000000000004
183,candidate_3,candidate_4,candidate_2,candidate_1,0,5,0.028000000000000004
184,candidate_3,candidate_4,candidate_2,candidate_1,candidate_5,5,0.028000000000000004
185,candidate_3,candidate_4,candidate_2,candidate_1,candidate_5,5,0.028000000000000004
186,candidate_3,candidate_4,candidate_2,candidate_1,candidate_5,5,0.028000000000000004
187,candidate_3,0,candidate_2,candidate_1,candidate_5,5,0.028000000000000004
188,candidate_3,candidate_4,candidate_2,candidate_1,0,5,0.028000000000000004
189,candidate_3,candidate_4,candidate_2,candidate_1,candidate_5,5,0.028000000000000004
190,candidate_3,candidate_4,candidate_2,candidate_1,candidate_5,5,0.028000000000000004
191,candidate_3,candidate_4,candidate_2,candidate_1,candidate_5,5,0.028000000000000004
192,candidate_3,candidate_4,0,0,candidate_5,5,0.028000000000000004
193,candidate_3,candidate_4,candidate_2,candidate_1,candidate_5,5,0.028000000000000004
194,candidate_3,candidate_4,candidate_2,candidate_1,candidate_5,5,0.028000000000000004
195,candidate_3,candidate_4,candidate_2,candidate_1,candidate_5,5,0.028000000000000004
196,candidate_3,candidate_4,candidate_2,candidate_1,candidate_5,5,0.028000000000000004
197,candidate_3,candidate_4,candidate_2,candidate_1,candidate_5,5,0.028000000000000004
198,candidate_3,candidate_4,candidate_2,candidate_1,candidate_5,5,0.028000000000000004
199,candidate_3,candidate_4,candidate_2,candidate_1,candidate_5,5,0.028000000000000004
200,candidate_3,candidate_4,candidate_2,candidate_1,candidate_5,5,0.028000000000000004
201,candidate_3,candidate_4,candidate_2,candidate_1,candidate_5,5,0.028000000000000004
202,candidate_3,candidate_4,candidate_2,candidate_1,candidate_5,5,0.028000000000000004
203,candidate_3,candidate_4,candidate_2,candidate_1,candidate_5,5,0.028000000000000004
204,candidate_3,candidate_4,candidate_2,candidate_1,candidate_5,5,0.028000000000000004
205,candidate_3,candidate_4,candidate_2,candidate_1,candidate_5,5,0.028000000000000004
206,candidate_3,candidate_4,candidate_2,candidate_1,candidate_5,5,0.028000000000000004
207,candidate_3,candidate_4,candidate_2,candidate_1,candidate_5,5,0.028000000000000004
208,candidate_3,candidate_4,candidate_2,candidate_1,candidate_5,5,0.028000000000000004
209,candidate_3,candidate_4,candidate_2,candidate_1,0,5,0.028000000000000004
210,candidate_3,candidate_4,candidate_2,candidate_1,candidate_5,5,0.028000000000000004
211,candidate_3,candidate_4,candidate_2,candidate_1,candidate_5,5,0.028000000000000004
212,candidate_3,candidate_4,candidate_2,candidate_1,candidate_5,5,0.028000000000000004
213,candidate_3,candidate_4,candidate_2,candidate_1,candidate_5,5,0.028000000000000004
214,candidate_3,candidate_4,candidate_2,candidate_1,candidate_5,5,0.028000000000000004
215,candidate_3,candidate_4,candidate_2,candidate_1,candidate_5,5,0.028000000000000004
216,candidate_3,candidate_4,candidate_2,candidate_1,candidate_5,5,0.028000000000000004
217,candidate_3,candidate_4,candidate_2,candidate_1,candidate_5,5,0.028000000000000004
218,candidate_3,candidate_4,candidate_2,candidate_1,candidate_5,5,0.028000000000000004
219,candidate_3,candidate_4,candidate_2,candidate_1,candidate_5,5,0.028000000000000004
220,candidate_3,candidate_4,candidate_2,candidate_1,candidate_5,5,0.028000000000000004
221,candidate_3,candidate_4,candidate_2,0,candidate_5,5,0.028000000000000004
222,candidate_3,candidate_4,candidate_2,candidate_1,candidate_5,5,0.028000000000000004
223,candidate_3,candidate_4,candidate_2,candidate_1,0,5,0.028000000000000004
224,candidate_3,candidate_4,candidate_2,candidate_1,candidate_5,5,0.028000000000000004
225,candidate_3,candidate_4,candidate_2,candidate_1,candidate_5,5,0.028000000000000004
226,candidate_3,candidate_4,candidate_2,candidate_1,0,5,0.028000000000000004
227,candidate_3,candidate_4,candidate_2,candidate_1,candidate_5,5,0.028000000000000004
228,candidate_3,candidate_4,candidate_2,0,candidate_5,5,0.028000000000000004
229,0,candidate_4,candidate_2,candidate_1,candidate_5,5,0.028000000000000004
230,candidate_3,candidate_4,candidate_2,candidate_1,candidate_5,5,0.028000000000000004
231,candidate_3,candidate_4,candidate_2,candidate_1,candidate_5,5,0.028000000000000004
232,candidate_3,candidate_4,candidate_2,candidate_1,candidate_5,5,0.028000000000000004
233,0,candidate_4,candidate_2,candidate_1,candidate_5,5,0.028000000000000004
234,candidate_3,candidate_4,candidate_2,candidate_1,candidate_5,5,0.028000000000000004
235,candidate_3,candidate_4,candidate_2,candidate_1,candidate_5,5,0.028000000000000004
236,candidate_3,candidate_4,candidate_2,candidate_1,candidate_5,5,0.028000000000000004
237,candidate_3,candidate_4,candidate_2,candidate_1,candidate_5,5,0.028000000000000004
238,candidate_3,candidate_4,candidate_2,candidate_1,candidate_5,5,0.028000000000000004
239,candidate_3,candidate_4,candidate_2,candidate_1,candidate_5,5,0.028000000000000004
240,candidate_3,candidate_4,0,candidate_1,candidate_5,5,0.028000000000000004
241,candidate_3,candidate_4,candidate_2,candidate_1,candidate_5,5,0.028000000000000004
242,candidate_3,candidate_4,candidate_2,candidate_1,0,5,0.028000000000000004
243,candidate_3,candidate_4,candidate_2,candidate_1,candidate_5,5,0.028000000000000004
244,candidate_3,candidate_4,candidate_2,candidate_1,candidate_5,5,0.028000000000000004
245,candidate_3,candidate_4,candidate_2,candidate_1,candidate_5,5,0.028000000000000004
246,candidate_3,candidate_4,candidate_2,candidate_1,candidate_5,5,0.028000000000000004
247,candidate_3,candidate_4,candidate_2,candidate_1,candidate_5,5,0.028000000000000004
248,candidate_3,candidate_4,0,candidate_1,candidate_5,5,0.028000000000000004
249,candidate_3,candidate_4,candidate_2,candidate_1,candidate_5,5,0.028000000000000004
250,candidate_3,candidate_4,candidate_2,candidate_1,candidate_5,5,0.028000000000000004
251,candidate_3,candidate_4,candidate_2,candidate_1,candidate_5,5,0.028000000000000004
252,candidate_3,candidate_4,candidate_2,candidate_1,candidate_5,5,0.028000000000000004
253,candidate_3,candidate_4,0,candidate_1,candidate_5,5,0.028000000000000004
254,candidate_3,candidate_4,candidate_2,candidate_1,candidate_5,5,0.028000000000000004
255,candidate_3,candidate_4,candidate_2,candidate_1,candidate_5,5,0.028000000000000004
256,candidate_3,candidate_4,candidate_2,candidate_1,candidate_5,5,0.028000000000000004
257,candidate_3,candidate_4,candidate_2,candidate_1,candidate_5,5,0.028000000000000004
258,candidate_3,candidate_4,candidate_2,candidate_1,candidate_5,5,0.028000000000000004
259,candidate_3,candidate_4,candidate_2,candidate_1,candidate_5,5,0.028000000000000004
260,candidate_3,candidate_4,candidate_2,candidate_1,candidate_5,5,0.028000000000000004
261,candidate_3,candidate_4,candidate_2,candidate_1,candidate_5,5,0.028000000000000004
262,candidate_3,candidate_4,candidate_2,candidate_1,candidate_5,5,0.028000000000000004
263,candidate_3,candidate_4,candidate_2,candidate_1,candidate_5,5,0.028000000000000004
264,candidate_3,candidate_4,candidate_2,candidate_1,candidate_5,5,0.028000000000000004
265,candidate_3,candidate_4,candidate_2,candidate_1,candidate_5,5,0.028000000000000004
266,0,candidate_4,candidate_2,candidate_1,candidate_5,5,0.028000000000000004
267,candidate_3,candidate_4,candidate_2,candidate_1,candidate_5,5,0.028000000000000004
268,candidate_3,candidate_4,0,candidate_1,candidate_5,5,0.028000000000000004
269,candidate_3,candidate_4,candidate_2,candidate_1,candidate_5,5,0.028000000000000004
270,candidate_3,candidate_4,candidate_2,0,candidate_5,5,0.028000000000000004
271,candidate_3,candidate_4,candidate_2,candidate_1,candidate_5,5,0.028000000000000004
272,candidate_3,candidate_4,candidate_2,candidate_1,candidate_5,5,0.028000000000000004
273,candidate_3,candidate_4,candidate_2,candidate_1,candidate_5,5,0.028000000000000004
274,candidate_3,candidate_4,candidate_2,candidate_1,candidate_5,5,0.028000000000000004
275,candidate_3,candidate_4,candidate_2,candidate_1,candidate_5,5,0.028000000000000004
276,candidate_3,candidate_4,candidate_2,candidate_1,candidate_5,5,0.028000000000000004
277,candidate_3,candidate_4,candidate_2,candidate_1,candidate_5,5,0.028000000000000004
278,candidate_3,candidate_4,candidate_2,candidate_1,candidate_5,5,0.028000000000000004
279,candidate_3,candidate_4,candidate_2,candidate_1,candidate_5,5,0.028000000000000004
280,candidate_3,candidate_4,candidate_2,candidate_1,candidate_5,5,0.028000000000000004
281,candidate_3,candidate_4,candidate_2,candidate_1,candidate_5,5,0.028000000000000004
282,candidate_3,candidate_4,candidate_2,candidate_1,candidate_5,5,0.028000000000000004
283,candidate_3,candidate_4,candidate_2,candidate_1,candidate_5,5,0.028000000000000004
284,candidate_3,candidate_4,candidate_2,candidate_1,candidate_5,5,0.028000000000000004
285,candidate_3,candidate_4,candidate_2,candidate_1,0,5,0.028000000000000004
286,0,candidate_4,candidate_2,candidate_1,candidate_5,5,0.028000000000000004
287,candidate_3,candidate_4,candidate_2,candidate_1,candidate_5,5,0.028000000000000004
288,candidate_3,candidate_4,candidate_2,0,candidate_5,5,0.028000000000000004
289,candidate_3,candidate_4,candidate_2,candidate_1,candidate_5,5,0.028000000000000004
290,candidate_3,candidate_4,candidate_2,candidate_1,candidate_5,5,0.028000000000000004
291,candidate_3,candidate_4,candidate_2,candidate_1,candidate_5,5,0.028000000000000004
292,candidate_3,candidate_4,candidate_2,candidate_1,candidate_5,5,0.028000000000000004
293,candidate_3,candidate_4,candidate_2,candidate_1,candidate_5,5,0.028000000000000004
294,candidate_3,candidate_4,candidate_2,candidate_1,candidate_5,5,0.028000000000000004
295,candidate_3,0,candidate_2,candidate_1,0,5,0.028000000000000004
296,candidate_3,candidate_4,candidate_2,candidate_1,candidate_5,5,0.028000000000000004
297,candidate_3,candidate_4,candidate_2,candidate_1,candidate_5,5,0.028000000000000004
298,candidate_3,candidate_4,candidate_2,candidate_1,candidate_5,5,0.028000000000000004
299,candidate_3,candidate_4,candidate_2,candidate_1,candidate_5,5,0.028000000000000004
300,candidate_3,candidate_4,candidate_2,candidate_1,candidate_5,5,0.028000000000000004
0,candidate_3,candidate_4,candidate_2,candidate_5,candidate_1,5,0.028000000000000004
1,candidate_3,candidate_4,candidate_2,candidate_5,candidate_1,5,0.028000000000000004
2,candidate_3,candidate_4,candidate_2,candidate_5,candidate_1,5,0.028000000000000004
3,candidate_3,candidate_4,candidate_2,candidate_5,candidate_1,5,0.028000000000000004
4,candidate_3,candidate_4,0,candidate_5,candidate_1,5,0.028000000000000004
5,candidate_3,candidate_4,candidate_2,candidate_5,candidate_1,5,0.028000000000000004
6,candidate_3,candidate_4,candidate_2,candidate_5,candidate_1,5,0.028000000000000004
7,candidate_3,candidate_4,candidate_2,candidate_5,candidate_1,5,0.028000000000000004
8,candidate_3,candidate_4,candidate_2,candidate_5,candidate_1,5,0.028000000000000004
9,0,candidate_4,0,candidate_5,candidate_1,5,0.028000000000000004
10,candidate_3,candidate_4,candidate_2,candidate_5,candidate_1,5,0.028000000000000004
11,candidate_3,candidate_4,candidate_2,candidate_5,candidate_1,5,0.028000000000000004
12,candidate_3,candidate_4,candidate_2,candidate_5,candidate_1,5,0.028000000000000004
13,candidate_3,candidate_4,candidate_2,candidate_5,candidate_1,5,0.028000000000000004
14,candidate_3,candidate_4,candidate_2,candidate_5,candidate_1,5,0.028000000000000004
15,candidate_3,candidate_4,candidate_2,candidate_5,candidate_1,5,0.028000000000000004
16,candidate_3,candidate_4,candidate_2,0,candidate_1,5,0.028000000000000004
17,candidate_3,candidate_4,candidate_2,candidate_5,candidate_1,5,0.028000000000000004
18,candidate_3,candidate_4,candidate_2,candidate_5,candidate_1,5,0.028000000000000004
19,candidate_3,candidate_4,candidate_2,candidate_5,candidate_1,5,0.028000000000000004
20,candidate_3,candidate_4,candidate_2,candidate_5,candidate_1,5,0.028000000000000004
21,candidate_3,candidate_4,candidate_2,candidate_5,candidate_1,5,0.028000000000000004
22,candidate_3,candidate_4,candidate_2,candidate_5,candidate_1,5,0.028000000000000004
23,candidate_3,0,candidate_2,candidate_5,candidate_1,5,0.028000000000000004
24,candidate_3,candidate_4,candidate_2,candidate_5,candidate_1,5,0.028000000000000004
25,candidate_3,candidate_4,candidate_2,candidate_5,candidate_1,5,0.028000000000000004
26,candidate_3,candidate_4,candidate_2,candidate_5,candidate_1,5,0.028000000000000004
27,candidate_3,candidate_4,candidate_2,candidate_5,candidate_1,5,0.028000000000000004
28,candidate_3,candidate_4,candidate_2,candidate_5,candidate_1,5,0.028000000000000004
29,candidate_3,candidate_4,candidate_2,candidate_5,candidate_1,5,0.028000000000000004
30,candidate_3,candidate_4,candidate_2,candidate_5,candidate_1,5,0.028000000000000004
31,candidate_3,candidate_4,candidate_2,candidate_5,candidate_1,5,0.028000000000000004
32,candidate_3,candidate_4,candidate_2,candidate_5,candidate_1,5,0.028000000000000004
33,candidate_3,candidate_4,candidate_2,candidate_5,candidate_1,5,0.028000000000000004
34,candidate_3,candidate_4,candidate_2,candidate_5,candidate_1,5,0.028000000000000004
35,candidate_3,candidate_4,candidate_2,candidate_5,candidate_1,5,0.028000000000000004
36,candidate_3,candidate_4,candidate_2,candidate_5,candidate_1,5,0.028000000000000004
37,candidate_3,candidate_4,candidate_2,candidate_5,candidate_1,5,0.028000000000000004
38,candidate_3,candidate_4,candidate_2,candidate_5,candidate_1,5,0.028000000000000004
39,candidate_3,candidate_4,0,candidate_5,candidate_1,5,0.028000000000000004
40,candidate_3,candidate_4,candidate_2,candidate_5,candidate_1,5,0.028000000000000004
41,candidate_3,candidate_4,candidate_2,candidate_5,candidate_1,5,0.028000000000000004
42,candidate_3,candidate_4,candidate_2,candidate_5,candidate_1,5,0.028000000000000004
43,candidate_3,candidate_4,candidate_2,candidate_5,candidate_1,5,0.028000000000000004
44,candidate_3,candidate_4,candidate_2,candidate_5,candidate_1,5,0.028000000000000004
45,0,candidate_4,candidate_2,candidate_5,candidate_1,5,0.028000000000000004
46,candidate_3,candidate_4,candidate_2,candidate_5,candidate_1,5,0.028000000000000004
47,candidate_3,candidate_4,candidate_2,candidate_5,candidate_1,5,0.028000000000000004
48,candidate_3,candidate_4,candidate_2,candidate_5,candidate_1,5,0.028000000000000004
49,candidate_3,candidate_4,candidate_2,candidate_5,candidate_1,5,0.028000000000000004
50,candidate_3,0,candidate_2,candidate_5,candidate_1,5,0.028000000000000004
51,candidate_3,candidate_4,candidate_2,candidate_5,candidate_1,5,0.028000000000000004
52,candidate_3,candidate_4,candidate_2,candidate_5,candidate_1,5,0.028000000000000004
53,candidate_3,candidate_4,candidate_2,candidate_5,candidate_1,5,0.028000000000000004
54,candidate_3,candidate_4,candidate_2,candidate_5,candidate_1,5,0.028000000000000004
55,candidate_3,candidate_4,candidate_2,candidate_5,candidate_1,5,0.028000000000000004
56,candidate_3,candidate_4,candidate_2,candidate_5,candidate_1,5,0.028000000000000004
57,candidate_3,candidate_4,candidate_2,candidate_5,candidate_1,5,0.028000000000000004
58,candidate_3,candidate_4,candidate_2,candidate_5,candidate_1,5,0.028000000000000004
59,candidate_3,candidate_4,candidate_2,candidate_5,candidate_1,5,0.028000000000000004
60,candidate_3,candidate_4,candidate_2,candidate_5,candidate_1,5,0.028000000000000004
61,candidate_3,candidate_4,candidate_2,candidate_5,candidate_1,5,0.028000000000000004
62,candidate_3,candidate_4,candidate_2,candidate_5,candidate_1,5,0.028000000000000004
63,candidate_3,candidate_4,candidate_2,candidate_5,candidate_1,5,0.028000000000000004
64,candidate_3,candidate_4,candidate_2,candidate_5,candidate_1,5,0.028000000000000004
65,candidate_3,candidate_4,candidate_2,candidate_5,candidate_1,5,0.028000000000000004
66,candidate_3,candidate_4,candidate_2,candidate_5,candidate_1,5,0.028000000000000004
67,0,candidate_4,candidate_2,candidate_5,candidate_1,5,0.028000000000000004
68,candidate_3,candidate_4,candidate_2,candidate_5,candidate_1,5,0.028000000000000004
69,candidate_3,candidate_4,candidate_2,candidate_5,candidate_1,5,0.028000000000000004
70,candidate_3,candidate_4,candidate_2,candidate_5,candidate_1,5,0.028000000000000004
71,candidate_3,candidate_4,candidate_2,candidate_5,candidate_1,5,0.028000000000000004
72,candidate_3,candidate_4,candidate_2,candidate_5,candidate_1,5,0.028000000000000004
73,candidate_3,candidate_4,candidate_2,candidate_5,candidate_1,5,0.028000000000000004
74,candidate_3,candidate_4,candidate_2,candidate_5,candidate_1,5,0.028000000000000004
75,candidate_3,candidate_4,candidate_2,candidate_5,0,5,0.028000000000000004
76,candidate_3,candidate_4,candidate_2,candidate_5,candidate_1,5,0.028000000000000004
77,0,candidate_4,candidate_2,candidate_5,candidate_1,5,0.028000000000000004
78,candidate_3,candidate_4,candidate_2,candidate_5,candidate_1,5,0.028000000000000004
79,candidate_3,candidate_4,candidate_2,candidate_5,candidate_1,5,0.028000000000000004
80,candidate_3,candidate_4,candidate_2,candidate_5,candidate_1,5,0.028000000000000004
81,candidate_3,candidate_4,candidate_2,candidate_5,candidate_1,5,0.028000000000000004
82,candidate_3,candidate_4,candidate_2,candidate_5,candidate_1,5,0.028000000000000004
83,candidate_3,candidate_4,candidate_2,candidate_5,candidate_1,5,0.028000000000000004
84,candidate_3,candidate_4,candidate_2,candidate_5,candidate_1,5,0.028000000000000004
85,candidate_3,candidate_4,candidate_2,candidate_5,candidate_1,5,0.028000000000000004
86,candidate_3,candidate_4,candidate_2,candidate_5,candidate_1,5,0.028000000000000004
87,candidate_3,candidate_4,candidate_2,0,candidate_1,5,0.028000000000000004
88,candidate_3,candidate_4,candidate_2,candidate_5,candidate_1,5,0.028000000000000004
89,candidate_3,candidate_4,candidate_2,candidate_5,0,5,0.028000000000000004
90,candidate_3,candidate_4,candidate_2,candidate_5,candidate_1,5,0.028000000000000004
91,candidate_3,candidate_4,candidate_2,candidate_5,candidate_1,5,0.028000000000000004
92,candidate_3,candidate_4,candidate_2,candidate_5,candidate_1,5,0.028000000000000004
93,candidate_3,candidate_4,candidate_2,candidate_5,candidate_1,5,0.028000000000000004
94,candidate_3,candidate_4,candidate_2,candidate_5,candidate_1,5,0.028000000000000004
95,candidate_3,candidate_4,candidate_2,candidate_5,candidate_1,5,0.028000000000000004
96,candidate_3,candidate_4,candidate_2,candidate_5,candidate_1,5,0.028000000000000004
97,candidate_3,candidate_4,candidate_2,candidate_5,candidate_1,5,0.028000000000000004
98,candidate_3,candidate_4,candidate_2,candidate_5,candidate_1,5,0.028000000000000004
99,candidate_3,candidate_4,candidate_2,candidate_5,candidate_1,5,0.028000000000000004
100,candidate_3,candidate_4,candidate_2,candidate_5,candidate_1,5,0.028000000000000004
101,candidate_3,candidate_4,candidate_2,candidate_5,candidate_1,5,0.028000000000000004
102,candidate_3,candidate_4,candidate_2,0,candidate_1,5,0.028000000000000004
103,candidate_3,candidate_4,candidate_2,candidate_5,candidate_1,5,0.028000000000000004
104,candidate_3,candidate_4,candidate_2,candidate_5,candidate_1,5,0.028000000000000004
105,candidate_3,candidate_4,candidate_2,candidate_5,candidate_1,5,0.028000000000000004
106,candidate_3,candidate_4,candidate_2,candidate_5,candidate_1,5,0.028000000000000004
107,candidate_3,candidate_4,candidate_2,candidate_5,candidate_1,5,0.028000000000000004
108,candidate_3,candidate_4,candidate_2,candidate_5,candidate_1,5,0.028000000000000004
109,candidate_3,candidate_4,candidate_2,candidate_5,candidate_1,5,0.028000000000000004
110,candidate_3,candidate_4,candidate_2,candidate_5,candidate_1,5,0.028000000000000004
111,candidate_3,candidate_4,candidate_2,candidate_5,candidate_1,5,0.028000000000000004
112,candidate_3,candidate_4,candidate_2,candidate_5,candidate_1,5,0.028000000000000004
113,candidate_3,candidate_4,candidate_2,candidate_5,candidate_1,5,0.028000000000000004
114,candidate_3,candidate_4,candidate_2,candidate_5,candidate_1,5,0.028000000000000004
115,candidate_3,candidate_4,candidate_2,candidate_5,candidate_1,5,0.028000000000000004
116,candidate_3,candidate_4,candidate_2,candidate_5,candidate_1,5,0.028000000000000004
117,candidate_3,candidate_4,candidate_2,candidate_5,candidate_1,5,0.028000000000000004
118,candidate_3,candidate_4,candidate_2,candidate_5,candidate_1,5,0.028000000000000004
119,candidate_3,candidate_4,candidate_2,candidate_5,candidate_1,5,0.028000000000000004
120,candidate_3,candidate_4,candidate_2,candidate_5,candidate_1,5,0.028000000000000004
121,candidate_3,candidate_4,candidate_2,candidate_5,candidate_1,5,0.028000000000000004
122,candidate_3,candidate_4,candidate_2,candidate_5,candidate_1,5,0.028000000000000004
123,candidate_3,candidate_4,candidate_2,candidate_5,candidate_1,5,0.028000000000000004
124,candidate_3,candidate_4,candidate_2,candidate_5,candidate_1,5,0.028000000000000004
125,candidate_3,candidate_4,candidate_2,candidate_5,candidate_1,5,0.028000000000000004
126,candidate_3,candidate_4,candidate_2,candidate_5,candidate_1,5,0.028000000000000004
127,candidate_3,0,candidate_2,candidate_5,candidate_1,5,0.028000000000000004
128,candidate_3,candidate_4,candidate_2,candidate_5,candidate_1,5,0.028000000000000004
129,candidate_3,candidate_4,candidate_2,candidate_5,candidate_1,5,0.028000000000000004
130,candidate_3,candidate_4,candidate_2,candidate_5,candidate_1,5,0.028000000000000004
131,candidate_3,0,candidate_2,candidate_5,candidate_1,5,0.028000000000000004
132,candidate_3,candidate_4,candidate_2,candidate_5,candidate_1,5,0.028000000000000004
133,candidate_3,candidate_4,candidate_2,candidate_5,candidate_1,5,0.028000000000000004
134,candidate_3,candidate_4,candidate_2,candidate_5,candidate_1,5,0.028000000000000004
135,candidate_3,candidate_4,candidate_2,candidate_5,candidate_1,5,0.028000000000000004
136,candidate_3,candidate_4,candidate_2,candidate_5,candidate_1,5,0.028000000000000004
137,candidate_3,candidate_4,candidate_2,candidate_5,candidate_1,5,0.028000000000000004
138,candidate_3,candidate_4,candidate_2,candidate_5,candidate_1,5,0.028000000000000004
139,candidate_3,candidate_4,candidate_2,candidate_5,candidate_1,5,0.028000000000000004
140,candidate_3,candidate_4,candidate_2,candidate_5,candidate_1,5,0.028000000000000004
141,candidate_3,candidate_4,candidate_2,candidate_5,candidate_1,5,0.028000000000000004
142,candidate_3,candidate_4,candidate_2,candidate_5,candidate_1,5,0.028000000000000004
143,candidate_3,candidate_4,candidate_2,candidate_5,candidate_1,5,0.028000000000000004
144,0,candidate_4,candidate_2,candidate_5,candidate_1,5,0.028000000000000004
145,candidate_3,candidate_4,candidate_2,candidate_5,candidate_1,5,0.028000000000000004
146,candidate_3,candidate_4,candidate_2,candidate_5,candidate_1,5,0.028000000000000004
147,candidate_3,candidate_4,candidate_2,candidate_5,candidate_1,5,0.028000000000000004
148,candidate_3,candidate_4,candidate_2,candidate_5,candidate_1,5,0.028000000000000004
149,candidate_3,candidate_4,candidate_2,candidate_5,0,5,0.028000000000000004
150,candidate_3,candidate_4,candidate_2,candidate_5,candidate_1,5,0.028000000000000004
151,candidate_3,candidate_4,candidate_2,candidate_5,candidate_1,5,0.028000000000000004
152,candidate_3,candidate_4,candidate_2,candidate_5,candidate_1,5,0.028000000000000004
153,candidate_3,candidate_4,candidate_2,candidate_5,candidate_1,5,0.028000000000000004
154,candidate_3,candidate_4,candidate_2,candidate_5,candidate_1,5,0.028000000000000004
155,candidate_3,candidate_4,candidate_2,candidate_5,candidate_1,5,0.028000000000000004
156,candidate_3,candidate_4,candidate_2,candidate_5,candidate_1,5,0.028000000000000004
157,candidate_3,candidate_4,candidate_2,candidate_5,candidate_1,5,0.028000000000000004
158,candidate_3,0,candidate_2,candidate_5,candidate_1,5,0.028000000000000004
159,candidate_3,candidate_4,candidate_2,candidate_5,candidate_1,5,0.028000000000000004
160,candidate_3,candidate_4,candidate_2,candidate_5,candidate_1,5,0.028000000000000004
161,candidate_3,candidate_4,candidate_2,candidate_5,candidate_1,5,0.028000000000000004
162,candidate_3,candidate_4,candidate_2,candidate_5,candidate_1,5,0.028000000000000004
163,candidate_3,candidate_4,candidate_2,candidate_5,candidate_1,5,0.028000000000000004
164,candidate_3,candidate_4,candidate_2,candidate_5,candidate_1,5,0.028000000000000004
165,candidate_3,candidate_4,candidate_2,0,candidate_1,5,0.028000000000000004
166,candidate_3,candidate_4,candidate_2,candidate_5,candidate_1,5,0.028000000000000004
167,candidate_3,candidate_4,candidate_2,candidate_5,candidate_1,5,0.028000000000000004
168,candidate_3,candidate_4,candidate_2,candidate_5,candidate_1,5,0.028000000000000004
169,candidate_3,candidate_4,candidate_2,candidate_5,candidate_1,5,0.028000000000000004
170,candidate_3,candidate_4,candidate_2,candidate_5,candidate_1,5,0.028000000000000004
171,candidate_3,candidate_4,candidate_2,candidate_5,candidate_1,5,0.028000000000000004
172,0,candidate_4,candidate_2,candidate_5,candidate_1,5,0.028000000000000004
173,0,candidate_4,candidate_2,candidate_5,candidate_1,5,0.028000000000000004
174,candidate_3,candidate_4,candidate_2,candidate_5,candidate_1,5,0.028000000000000004
175,candidate_3,candidate_4,candidate_2,candidate_5,candidate_1,5,0.028000000000000004
176,0,candidate_4,candidate_2,candidate_5,candidate_1,5,0.028000000000000004
177,candidate_3,candidate_4,candidate_2,candidate_5,candidate_1,5,0.028000000000000004
178,candidate_3,candidate_4,candidate_2,candidate_5,candidate_1,5,0.028000000000000004
179,candidate_3,candidate_4,candidate_2,candidate_5,candidate_1,5,0.028000000000000004
180,candidate_3,candidate_4,candidate_2,candidate_5,candidate_1,5,0.028000000000000004
181,candidate_3,candidate_4,candidate_2,candidate_5,candidate_1,5,0.028000000000000004
182,candidate_3,candidate_4,candidate_2,candidate_5,candidate_1,5,0.028000000000000004
183,candidate_3,candidate_4,candidate_2,candidate_5,candidate_1,5,0.028000000000000004
184,candidate_3,candidate_4,candidate_2,candidate_5,candidate_1,5,0.028000000000000004
185,candidate_3,candidate_4,candidate_2,candidate_5,candidate_1,5,0.028000000000000004
186,candidate_3,candidate_4,candidate_2,candidate_5,candidate_1,5,0.028000000000000004
187,candidate_3,candidate_4,candidate_2,candidate_5,candidate_1,5,0.028000000000000004
188,candidate_3,candidate_4,candidate_2,candidate_5,candidate_1,5,0.028000000000000004
189,candidate_3,candidate_4,candidate_2,candidate_5,candidate_1,5,0.028000000000000004
190,candidate_3,candidate_4,candidate_2,candidate_5,candidate_1,5,0.028000000000000004
191,candidate_3,candidate_4,candidate_2,candidate_5,candidate_1,5,0.028000000000000004
192,candidate_3,candidate_4,candidate_2,candidate_5,candidate_1,5,0.028000000000000004
193,candidate_3,candidate_4,candidate_2,candidate_5,candidate_1,5,0.028000000000000004
194,candidate_3,candidate_4,candidate_2,candidate_5,candidate_1,5,0.028000000000000004
195,0,candidate_4,candidate_2,candidate_5,candidate_1,5,0.028000000000000004
196,candidate_3,candidate_4,candidate_2,candidate_5,candidate_1,5,0.028000000000000004
197,candidate_3,candidate_4,candidate_2,candidate_5,candidate_1,5,0.028000000000000004
198,candidate_3,candidate_4,candidate_2,candidate_5,candidate_1,5,0.028000000000000004
199,candidate_3,candidate_4,candidate_2,candidate_5,candidate_1,5,0.028000000000000004
200,candidate_3,candidate_4,candidate_2,candidate_5,candidate_1,5,0.028000000000000004
201,candidate_3,candidate_4,candidate_2,candidate_5,candidate_1,5,0.028000000000000004
202,candidate_3,candidate_4,candidate_2,candidate_5,candidate_1,5,0.028000000000000004
203,candidate_3,candidate_4,candidate_2,candidate_5,candidate_1,5,0.028000000000000004
204,candidate_3,candidate_4,candidate_2,candidate_5,candidate_1,5,0.028000000000000004
205,candidate_3,candidate_4,candidate_2,candidate_5,candidate_1,5,0.028000000000000004
206,candidate_3,candidate_4,candidate_2,candidate_5,candidate_1,5,0.028000000000000004
207,0,candidate_4,candidate_2,candidate_5,candidate_1,5,0.028000000000000004
208,candidate_3,candidate_4,candidate_2,candidate_5,candidate_1,5,0.028000000000000004
209,candidate_3,candidate_4,candidate_2,candidate_5,candidate_1,5,0.028000000000000004
210,candidate_3,candidate_4,candidate_2,candidate_5,candidate_1,5,0.028000000000000004
211,candidate_3,candidate_4,candidate_2,candidate_5,candidate_1,5,0.028000000000000004
212,candidate_3,candidate_4,candidate_2,candidate_5,candidate_1,5,0.028000000000000004
213,candidate_3,candidate_4,candidate_2,candidate_5,candidate_1,5,0.028000000000000004
214,candidate_3,candidate_4,candidate_2,candidate_5,candidate_1,5,0.028000000000000004
215,candidate_3,candidate_4,candidate_2,candidate_5,candidate_1,5,0.028000000000000004
216,candidate_3,0,candidate_2,candidate_5,candidate_1,5,0.028000000000000004
217,candidate_3,candidate_4,candidate_2,candidate_5,candidate_1,5,0.028000000000000004
218,candidate_3,candidate_4,candidate_2,candidate_5,candidate_1,5,0.028000000000000004
219,candidate_3,candidate_4,candidate_2,candidate_5,candidate_1,5,0.028000000000000004
220,candidate_3,candidate_4,candidate_2,candidate_5,candidate_1,5,0.028000000000000004
221,candidate_3,candidate_4,candidate_2,candidate_5,candidate_1,5,0.028000000000000004
222,candidate_3,candidate_4,candidate_2,candidate_5,candidate_1,5,0.028000000000000004
223,candidate_3,candidate_4,candidate_2,candidate_5,candidate_1,5,0.028000000000000004
224,candidate_3,candidate_4,candidate_2,candidate_5,candidate_1,5,0.028000000000000004
225,candidate_3,candidate_4,candidate_2,candidate_5,candidate_1,5,0.028000000000000004
226,candidate_3,candidate_4,candidate_2,candidate_5,candidate_1,5,0.028000000000000004
227,candidate_3,candidate_4,candidate_2,candidate_5,candidate_1,5,0.028000000000000004
228,candidate_3,candidate_4,candidate_2,candidate_5,candidate_1,5,0.028000000000000004
229,candidate_3,candidate_4,0,candidate_5,candidate_1,5,0.028000000000000004
230,candidate_3,candidate_4,candidate_2,candidate_5,candidate_1,5,0.028000000000000004
231,candidate_3,candidate_4,candidate_2,candidate_5,candidate_1,5,0.028000000000000004
232,candidate_3,candidate_4,candidate_2,candidate_5,candidate_1,5,0.028000000000000004
233,candidate_3,candidate_4,candidate_2,candidate_5,candidate_1,5,0.028000000000000004
234,candidate_3,0,candidate_2,candidate_5,candidate_1,5,0.028000000000000004
235,candidate_3,candidate_4,candidate_2,candidate_5,candidate_1,5,0.028000000000000004
236,candidate_3,candidate_4,candidate_2,candidate_5,candidate_1,5,0.028000000000000004
237,candidate_3,candidate_4,candidate_2,candidate_5,candidate_1,5,0.028000000000000004
238,0,candidate_4,candidate_2,candidate_5,candidate_1,5,0.028000000000000004
239,candidate_3,candidate_4,candidate_2,candidate_5,candidate_1,5,0.028000000000000004
240,candidate_3,candidate_4,candidate_2,candidate_5,candidate_1,5,0.028000000000000004
241,candidate_3,candidate_4,candidate_2,candidate_5,candidate_1,5,0.028000000000000004
242,candidate_3,candidate_4,candidate_2,candidate_5,candidate_1,5,0.028000000000000004
243,candidate_3,candidate_4,candidate_2,candidate_5,candidate_1,5,0.028000000000000004
244,candidate_3,candidate_4,candidate_2,candidate_5,candidate_1,5,0.028000000000000004
245,candidate_3,candidate_4,candidate_2,candidate_5,candidate_1,5,0.028000000000000004
246,candidate_3,candidate_4,candidate_2,0,candidate_1,5,0.028000000000000004
247,candidate_3,candidate_4,candidate_2,0,candidate_1,5,0.028000000000000004
248,candidate_3,candidate_4,candidate_2,candidate_5,candidate_1,5,0.028000000000000004
249,candidate_3,0,candidate_2,candidate_5,candidate_1,5,0.028000000000000004
250,candidate_3,candidate_4,candidate_2,candidate_5,candidate_1,5,0.028000000000000004
251,candidate_3,candidate_4,candidate_2,candidate_5,candidate_1,5,0.028000000000000004
252,candidate_3,candidate_4,candidate_2,candidate_5,candidate_1,5,0.028000000000000004
253,candidate_3,candidate_4,candidate_2,candidate_5,candidate_1,5,0.028000000000000004
254,candidate_3,candidate_4,candidate_2,candidate_5,candidate_1,5,0.028000000000000004
255,candidate_3,candidate_4,candidate_2,candidate_5,candidate_1,5,0.028000000000000004
256,candidate_3,candidate_4,candidate_2,candidate_5,candidate_1,5,0.028000000000000004
257,candidate_3,candidate_4,candidate_2,candidate_5,candidate_1,5,0.028000000000000004
258,candidate_3,candidate_4,candidate_2,candidate_5,0,5,0.028000000000000004
259,candidate_3,candidate_4,candidate_2,candidate_5,candidate_1,5,0.028000000000000004
260,candidate_3,candidate_4,candidate_2,candidate_5,candidate_1,5,0.028000000000000004
261,candidate_3,candidate_4,0,candidate_5,candidate_1,5,0.028000000000000004
262,candidate_3,candidate_4,candidate_2,candidate_5,candidate_1,5,0.028000000000000004
263,candidate_3,candidate_4,candidate_2,candidate_5,candidate_1,5,0.028000000000000004
264,candidate_3,candidate_4,candidate_2,candidate_5,candidate_1,5,0.028000000000000004
265,candidate_3,candidate_4,candidate_2,candidate_5,candidate_1,5,0.028000000000000004
266,candidate_3,candidate_4,candidate_2,candidate_5,candidate_1,5,0.028000000000000004
267,candidate_3,candidate_4,0,candidate_5,candidate_1,5,0.028000000000000004
268,candidate_3,candidate_4,candidate_2,candidate_5,candidate_1,5,0.028000000000000004
269,candidate_3,candidate_4,candidate_2,candidate_5,candidate_1,5,0.028000000000000004
270,candidate_3,candidate_4,candidate_2,0,candidate_1,5,0.028000000000000004
271,candidate_3,candidate_4,candidate_2,candidate_5,candidate_1,5,0.028000000000000004
272,candidate_3,candidate_4,candidate_2,candidate_5,candidate_1,5,0.028000000000000004
273,candidate_3,candidate_4,candidate_2,candidate_5,candidate_1,5,0.028000000000000004
274,candidate_3,candidate_4,candidate_2,candidate_5,candidate_1,5,0.028000000000000004
275,candidate_3,candidate_4,candidate_2,candidate_5,candidate_1,5,0.028000000000000004
276,candidate_3,candidate_4,candidate_2,candidate_5,candidate_1,5,0.028000000000000004
277,candidate_3,candidate_4,candidate_2,candidate_5,candidate_1,5,0.028000000000000004
278,candidate_3,candidate_4,candidate_2,0,candidate_1,5,0.028000000000000004
279,candidate_3,candidate_4,candidate_2,candidate_5,candidate_1,5,0.028000000000000004
280,candidate_3,candidate_4,candidate_2,candidate_5,candidate_1,5,0.028000000000000004
281,candidate_3,candidate_4,candidate_2,candidate_5,candidate_1,5,0.028000000000000004
282,candidate_3,candidate_4,candidate_2,candidate_5,candidate_1,5,0.028000000000000004
283,candidate_3,candidate_4,candidate_2,candidate_5,candidate_1,5,0.028000000000000004
284,candidate_3,candidate_4,candidate_2,candidate_5,candidate_1,5,0.028000000000000004
285,candidate_3,candidate_4,candidate_2,candidate_5,candidate_1,5,0.028000000000000004
286,candidate_3,candidate_4,candidate_2,candidate_5,0,5,0.028000000000000004
287,candidate_3,candidate_4,candidate_2,candidate_5,candidate_1,5,0.028000000000000004
288,candidate_3,candidate_4,candidate_2,candidate_5,candidate_1,5,0.028000000000000004
289,candidate_3,candidate_4,candidate_2,candidate_5,candidate_1,5,0.028000000000000004
290,candidate_3,candidate_4,candidate_2,candidate_5,candidate_1,5,0.028000000000000004
291,candidate_3,candidate_4,candidate_2,candidate_5,candidate_1,5,0.028000000000000004
292,candidate_3,candidate_4,candidate_2,candidate_5,candidate_1,5,0.028000000000000004
293,candidate_3,candidate_4,candidate_2,candidate_5,candidate_1,5,0.028000000000000004
294,candidate_3,candidate_4,candidate_2,0,candidate_1,5,0.028000000000000004
295,candidate_3,candidate_4,candidate_2,candidate_5,candidate_1,5,0.028000000000000004
296,candidate_3,candidate_4,candidate_2,candidate_5,candidate_1,5,0.028000000000000004
297,candidate_3,candidate_4,candidate_2,candidate_5,candidate_1,5,0.028000000000000004
298,candidate_3,candidate_4,candidate_2,candidate_5,candidate_1,5,0.028000000000000004
299,candidate_3,candidate_4,candidate_2,candidate_5,candidate_1,5,0.028000000000000004
300,candidate_3,candidate_4,candidate_2,candidate_5,candidate_1,5,0.028000000000000004
301,candidate_3,0,candidate_2,candidate_5,candidate_1,5,0.028000000000000004
302,candidate_3,candidate_4,candidate_2,candidate_5,candidate_1,5,0.028000000000000004
303,0,candidate_4,0,candidate_5,candidate_1,5,0.028000000000000004
304,candidate_3,candidate_4,candidate_2,candidate_5,candidate_1,5,0.028000000000000004
305,candidate_3,candidate_4,candidate_2,candidate_5,candidate_1,5,0.028000000000000004
306,candidate_3,candidate_4,candidate_2,candidate_5,candidate_1,5,0.028000000000000004
307,candidate_3,candidate_4,candidate_2,candidate_5,candidate_1,5,0.028000000000000004
308,candidate_3,candidate_4,candidate_2,candidate_5,candidate_1,5,0.028000000000000004
309,candidate_3,candidate_4,candidate_2,candidate_5,candidate_1,5,0.028000000000000004
310,candidate_3,candidate_4,candidate_2,candidate_5,candidate_1,5,0.028000000000000004
311,candidate_3,candidate_4,candidate_2,candidate_5,candidate_1,5,0.028000000000000004
312,candidate_3,candidate_4,candidate_2,candidate_5,candidate_1,5,0.028000000000000004
313,candidate_3,0,candidate_2,candidate_5,candidate_1,5,0.028000000000000004
314,candidate_3,candidate_4,candidate_2,candidate_5,candidate_1,5,0.028000000000000004
315,candidate_3,candidate_4,candidate_2,candidate_5,candidate_1,5,0.028000000000000004
316,candidate_3,candidate_4,0,candidate_5,candidate_1,5,0.028000000000000004
317,candidate_3,candidate_4,candidate_2,candidate_5,candidate_1,5,0.028000000000000004
318,candidate_3,candidate_4,candidate_2,candidate_5,candidate_1,5,0.028000000000000004
319,candidate_3,candidate_4,candidate_2,candidate_5,candidate_1,5,0.028000000000000004
320,candidate_3,candidate_4,candidate_2,candidate_5,candidate_1,5,0.028000000000000004
321,candidate_3,candidate_4,candidate_2,candidate_5,candidate_1,5,0.028000000000000004
322,candidate_3,candidate_4,candidate_2,candidate_5,0,5,0.028000000000000004
323,candidate_3,candidate_4,candidate_2,candidate_5,candidate_1,5,0.028000000000000004
324,0,candidate_4,candidate_2,candidate_5,candidate_1,5,0.028000000000000004
325,candidate_3,candidate_4,candidate_2,candidate_5,candidate_1,5,0.028000000000000004
326,candidate_3,candidate_4,candidate_2,candidate_5,candidate_1,5,0.028000000000000004
327,candidate_3,candidate_4,candidate_2,candidate_5,candidate_1,5,0.028000000000000004
328,candidate_3,candidate_4,candidate_2,candidate_5,candidate_1,5,0.028000000000000004
329,candidate_3,candidate_4,candidate_2,candidate_5,candidate_1,5,0.028000000000000004
330,candidate_3,candidate_4,candidate_2,candidate_5,candidate_1,5,0.028000000000000004
331,candidate_3,candidate_4,candidate_2,candidate_5,candidate_1,5,0.028000000000000004
332,candidate_3,candidate_4,candidate_2,candidate_5,candidate_1,5,0.028000000000000004
333,candidate_3,candidate_4,candidate_2,candidate_5,candidate_1,5,0.028000000000000004
334,candidate_3,candidate_4,candidate_2,candidate_5,candidate_1,5,0.028000000000000004
335,candidate_3,candidate_4,candidate_2,candidate_5,candidate_1,5,0.028000000000000004
336,candidate_3,candidate_4,candidate_2,candidate_5,candidate_1,5,0.028000000000000004
337,candidate_3,candidate_4,candidate_2,candidate_5,candidate_1,5,0.028000000000000004
338,candidate_3,candidate_4,candidate_2,candidate_5,candidate_1,5,0.028000000000000004
339,candidate_3,candidate_4,0,candidate_5,candidate_1,5,0.028000000000000004
340,candidate_3,candidate_4,candidate_2,candidate_5,candidate_1,5,0.028000000000000004
341,candidate_3,candidate_4,candidate_2,candidate_5,candidate_1,5,0.028000000000000004
342,candidate_3,candidate_4,candidate_2,candidate_5,candidate_1,5,0.028000000000000004
343,candidate_3,candidate_4,candidate_2,candidate_5,candidate_1,5,0.028000000000000004
344,candidate_3,candidate_4,candidate_2,candidate_5,candidate_1,5,0.028000000000000004
345,candidate_3,candidate_4,candidate_2,candidate_5,candidate_1,5,0.028000000000000004
346,candidate_3,candidate_4,candidate_2,candidate_5,candidate_1,5,0.028000000000000004
347,candidate_3,candidate_4,candidate_2,candidate_5,candidate_1,5,0.028000000000000004
348,candidate_3,candidate_4,candidate_2,candidate_5,candidate_1,5,0.028000000000000004
349,candidate_3,candidate_4,candidate_2,candidate_5,candidate_1,5,0.028000000000000004
350,candidate_3,candidate_4,candidate_2,candidate_5,0,5,0.028000000000000004
351,candidate_3,candidate_4,candidate_2,candidate_5,candidate_1,5,0.028000000000000004
352,candidate_3,candidate_4,candidate_2,candidate_5,candidate_1,5,0.028000000000000004
353,candidate_3,candidate_4,candidate_2,candidate_5,candidate_1,5,0.028000000000000004
354,candidate_3,candidate_4,candidate_2,candidate_5,candidate_1,5,0.028000000000000004
355,candidate_3,candidate_4,candidate_2,candidate_5,candidate_1,5,0.028000000000000004
356,candidate_3,candidate_4,candidate_2,candidate_5,candidate_1,5,0.028000000000000004
357,candidate_3,candidate_4,candidate_2,candidate_5,candidate_1,5,0.028000000000000004
358,candidate_3,candidate_4,candidate_2,candidate_5,candidate_1,5,0.028000000000000004
359,candidate_3,candidate_4,candidate_2,candidate_5,candidate_1,5,0.028000000000000004
360,candidate_3,candidate_4,candidate_2,candidate_5,candidate_1,5,0.028000000000000004
361,candidate_3,candidate_4,candidate_2,candidate_5,candidate_1,5,0.028000000000000004
362,candidate_3,candidate_4,candidate_2,candidate_5,0,5,0.028000000000000004
363,candidate_3,candidate_4,0,candidate_5,candidate_1,5,0.028000000000000004
364,candidate_3,candidate_4,candidate_2,0,candidate_1,5,0.028000000000000004
365,candidate_3,candidate_4,candidate_2,candidate_5,candidate_1,5,0.028000000000000004
366,candidate_3,candidate_4,candidate_2,candidate_5,candidate_1,5,0.028000000000000004
367,candidate_3,candidate_4,candidate_2,candidate_5,candidate_1,5,0.028000000000000004
368,candidate_3,candidate_4,candidate_2,candidate_5,candidate_1,5,0.028000000000000004
369,candidate_3,candidate_4,candidate_2,candidate_5,candidate_1,5,0.028000000000000004
370,candidate_3,candidate_4,candidate_2,candidate_5,candidate_1,5,0.028000000000000004
371,candidate_3,candidate_4,candidate_2,candidate_5,candidate_1,5,0.028000000000000004
372,candidate_3,candidate_4,candidate_2,candidate_5,candidate_1,5,0.028000000000000004
373,candidate_3,candidate_4,candidate_2,candidate_5,candidate_1,5,0.028000000000000004
374,candidate_3,candidate_4,candidate_2,candidate_5,candidate_1,5,0.028000000000000004
375,candidate_3,candidate_4,candidate_2,candidate_5,candidate_1,5,0.028000000000000004
376,candidate_3,candidate_4,candidate_2,candidate_5,candidate_1,5,0.028000000000000004
377,candidate_3,candidate_4,candidate_2,candidate_5,candidate_1,5,0.028000000000000004
378,candidate_3,candidate_4,candidate_2,candidate_5,candidate_1,5,0.028000000000000004
379,candidate_3,candidate_4,0,candidate_5,candidate_1,5,0.028000000000000004
380,candidate_3,candidate_4,candidate_2,candidate_5,candidate_1,5,0.028000000000000004
381,candidate_3,candidate_4,candidate_2,candidate_5,candidate_1,5,0.028000000000000004
382,candidate_3,candidate_4,candidate_2,candidate_5,candidate_1,5,0.028000000000000004
383,candidate_3,candidate_4,candidate_2,candidate_5,candidate_1,5,0.028000000000000004
384,candidate_3,candidate_4,candidate_2,candidate_5,candidate_1,5,0.028000000000000004
385,candidate_3,candidate_4,candidate_2,candidate_5,candidate_1,5,0.028000000000000004
386,candidate_3,candidate_4,candidate_2,candidate_5,candidate_1,5,0.028000000000000004
387,candidate_3,candidate_4,candidate_2,candidate_5,candidate_1,5,0.028000000000000004
388,candidate_3,candidate_4,candidate_2,candidate_5,candidate_1,5,0.028000000000000004
389,candidate_3,candidate_4,candidate_2,candidate_5,candidate_1,5,0.028000000000000004
390,candidate_3,candidate_4,candidate_2,candidate_5,0,5,0.028000000000000004
391,candidate_3,candidate_4,candidate_2,candidate_5,candidate_1,5,0.028000000000000004
392,candidate_3,candidate_4,candidate_2,candidate_5,candidate_1,5,0.028000000000000004
393,candidate_3,candidate_4,candidate_2,candidate_5,candidate_1,5,0.028000000000000004
394,candidate_3,candidate_4,candidate_2,0,candidate_1,5,0.028000000000000004
395,candidate_3,candidate_4,candidate_2,candidate_5,candidate_1,5,0.028000000000000004
396,candidate_3,candidate_4,candidate_2,candidate_5,candidate_1,5,0.028000000000000004
397,candidate_3,candidate_4,candidate_2,candidate_5,candidate_1,5,0.028000000000000004
398,candidate_3,candidate_4,candidate_2,candidate_5,candidate_1,5,0.028000000000000004
399,candidate_3,candidate_4,candidate_2,candidate_5,candidate_1,5,0.028000000000000004
400,candidate_3,candidate_4,candidate_2,candidate_5,candidate_1,5,0.028000000000000004
401,candidate_3,candidate_4,candidate_2,0,candidate_1,5,0.028000000000000004
402,candidate_3,candidate_4,candidate_2,candidate_5,candidate_1,5,0.028000000000000004
403,candidate_3,candidate_4,candidate_2,candidate_5,candidate_1,5,0.028000000000000004
404,candidate_3,candidate_4,candidate_2,candidate_5,candidate_1,5,0.028000000000000004
405,0,candidate_4,candidate_2,candidate_5,candidate_1,5,0.028000000000000004
406,candidate_3,candidate_4,candidate_2,candidate_5,candidate_1,5,0.028000000000000004
407,candidate_3,candidate_4,candidate_2,candidate_5,candidate_1,5,0.028000000000000004
408,candidate_3,candidate_4,candidate_2,candidate_5,candidate_1,5,0.028000000000000004
409,candidate_3,candidate_4,candidate_2,candidate_5,candidate_1,5,0.028000000000000004
410,candidate_3,candidate_4,candidate_2,candidate_5,candidate_1,5,0.028000000000000004
411,candidate_3,candidate_4,candidate_2,candidate_5,candidate_1,5,0.028000000000000004
412,candidate_3,candidate_4,candidate_2,candidate_5,candidate_1,5,0.028000000000000004
413,candidate_3,candidate_4,candidate_2,candidate_5,candidate_1,5,0.028000000000000004
414,candidate_3,candidate_4,candidate_2,candidate_5,candidate_1,5,0.028000000000000004
415,candidate_3,candidate_4,candidate_2,candidate_5,candidate_1,5,0.028000000000000004
416,candidate_3,candidate_4,candidate_2,candidate_5,candidate_1,5,0.028000000000000004
417,candidate_3,candidate_4,candidate_2,candidate_5,candidate_1,5,0.028000000000000004
418,candidate_3,candidate_4,candidate_2,candidate_5,candidate_1,5,0.028000000000000004
419,candidate_3,candidate_4,candidate_2,candidate_5,candidate_1,5,0.028000000000000004
420,candidate_3,candidate_4,candidate_2,candidate_5,candidate_1,5,0.028000000000000004
421,candidate_3,candidate_4,candidate_2,candidate_5,candidate_1,5,0.028000000000000004
422,candidate_3,candidate_4,candidate_2,candidate_5,candidate_1,5,0.028000000000000004
423,candidate_3,candidate_4,candidate_2,candidate_5,candidate_1,5,0.028000000000000004
424,candidate_3,candidate_4,candidate_2,candidate_5,candidate_1,5,0.028000000000000004
425,candidate_3,candidate_4,candidate_2,candidate_5,candidate_1,5,0.028000000000000004
426,candidate_3,candidate_4,candidate_2,candidate_5,candidate_1,5,0.028000000000000004
427,candidate_3,candidate_4,candidate_2,candidate_5,candidate_1,5,0.028000000000000004
428,candidate_3,candidate_4,candidate_2,candidate_5,candidate_1,5,0.028000000000000004
429,candidate_3,candidate_4,0,candidate_5,candidate_1,5,0.028000000000000004
430,candidate_3,candidate_4,candidate_2,candidate_5,candidate_1,5,0.028000000000000004
431,candidate_3,candidate_4,candidate_2,candidate_5,candidate_1,5,0.028000000000000004
432,candidate_3,candidate_4,candidate_2,candidate_5,candidate_1,5,0.028000000000000004
433,candidate_3,candidate_4,candidate_2,candidate_5,candidate_1,5,0.028000000000000004
434,candidate_3,candidate_4,candidate_2,candidate_5,0,5,0.028000000000000004
435,candidate_3,candidate_4,candidate_2,candidate_5,candidate_1,5,0.028000000000000004
436,candidate_3,candidate_4,candidate_2,candidate_5,candidate_1,5,0.028000000000000004
437,candidate_3,candidate_4,candidate_2,candidate_5,candidate_1,5,0.028000000000000004
438,candidate_3,candidate_4,candidate_2,candidate_5,candidate_1,5,0.028000000000000004
439,candidate_3,candidate_4,candidate_2,candidate_5,candidate_1,5,0.028000000000000004
440,candidate_3,candidate_4,candidate_2,candidate_5,candidate_1,5,0.028000000000000004
441,candidate_3,candidate_4,candidate_2,candidate_5,candidate_1,5,0.028000000000000004
442,candidate_3,candidate_4,candidate_2,candidate_5,candidate_1,5,0.028000000000000004
0,candidate_3,candidate_4,candidate_5,candidate_1,candidate_2,5,0.028000000000000004
1,candidate_3,candidate_4,candidate_5,candidate_1,candidate_2,5,0.028000000000000004
2,candidate_3,candidate_4,candidate_5,candidate_1,candidate_2,5,0.028000000000000004
3,candidate_3,candidate_4,candidate_5,candidate_1,candidate_2,5,0.028000000000000004
4,candidate_3,candidate_4,candidate_5,0,candidate_2,5,0.028000000000000004
5,candidate_3,candidate_4,candidate_5,candidate_1,candidate_2,5,0.028000000000000004
6,candidate_3,candidate_4,candidate_5,candidate_1,candidate_2,5,0.028000000000000004
7,candidate_3,candidate_4,candidate_5,candidate_1,candidate_2,5,0.028000000000000004
8,candidate_3,candidate_4,candidate_5,candidate_1,candidate_2,5,0.028000000000000004
9,candidate_3,candidate_4,candidate_5,candidate_1,candidate_2,5,0.028000000000000004
10,candidate_3,candidate_4,candidate_5,candidate_1,candidate_2,5,0.028000000000000004
11,candidate_3,candidate_4,candidate_5,candidate_1,candidate_2,5,0.028000000000000004
12,candidate_3,candidate_4,candidate_5,candidate_1,candidate_2,5,0.028000000000000004
13,candidate_3,candidate_4,candidate_5,candidate_1,candidate_2,5,0.028000000000000004
14,candidate_3,candidate_4,candidate_5,candidate_1,candidate_2,5,0.028000000000000004
15,candidate_3,candidate_4,candidate_5,candidate_1,candidate_2,5,0.028000000000000004
16,candidate_3,candidate_4,candidate_5,candidate_1,candidate_2,5,0.028000000000000004
17,candidate_3,candidate_4,candidate_5,candidate_1,candidate_2,5,0.028000000000000004
18,candidate_3,0,0,candidate_1,candidate_2,5,0.028000000000000004
19,candidate_3,candidate_4,candidate_5,candidate_1,candidate_2,5,0.028000000000000004
20,candidate_3,candidate_4,candidate_5,candidate_1,candidate_2,5,0.028000000000000004
21,candidate_3,candidate_4,candidate_5,candidate_1,candidate_2,5,0.028000000000000004
22,candidate_3,candidate_4,candidate_5,candidate_1,candidate_2,5,0.028000000000000004
23,candidate_3,candidate_4,candidate_5,candidate_1,candidate_2,5,0.028000000000000004
24,candidate_3,candidate_4,candidate_5,candidate_1,0,5,0.028000000000000004
25,candidate_3,candidate_4,candidate_5,0,candidate_2,5,0.028000000000000004
26,candidate_3,0,candidate_5,candidate_1,candidate_2,5,0.028000000000000004
27,candidate_3,candidate_4,candidate_5,candidate_1,candidate_2,5,0.028000000000000004
28,candidate_3,candidate_4,candidate_5,candidate_1,candidate_2,5,0.028000000000000004
29,candidate_3,candidate_4,candidate_5,candidate_1,0,5,0.028000000000000004
30,candidate_3,candidate_4,candidate_5,candidate_1,candidate_2,5,0.028000000000000004
31,candidate_3,candidate_4,candidate_5,candidate_1,candidate_2,5,0.028000000000000004
32,candidate_3,candidate_4,candidate_5,candidate_1,candidate_2,5,0.028000000000000004
33,candidate_3,candidate_4,candidate_5,candidate_1,candidate_2,5,0.028000000000000004
34,candidate_3,candidate_4,candidate_5,candidate_1,candidate_2,5,0.028000000000000004
35,candidate_3,candidate_4,candidate_5,candidate_1,candidate_2,5,0.028000000000000004
36,candidate_3,candidate_4,candidate_5,candidate_1,candidate_2,5,0.028000000000000004
37,candidate_3,candidate_4,candidate_5,candidate_1,candidate_2,5,0.028000000000000004
38,candidate_3,candidate_4,candidate_5,candidate_1,candidate_2,5,0.028000000000000004
39,candidate_3,candidate_4,candidate_5,candidate_1,candidate_2,5,0.028000000000000004
40,candidate_3,candidate_4,candidate_5,candidate_1,candidate_2,5,0.028000000000000004
41,candidate_3,candidate_4,candidate_5,candidate_1,candidate_2,5,0.028000000000000004
42,candidate_3,candidate_4,candidate_5,candidate_1,candidate_2,5,0.028000000000000004
43,candidate_3,candidate_4,candidate_5,candidate_1,candidate_2,5,0.028000000000000004
44,candidate_3,candidate_4,0,candidate_1,0,5,0.028000000000000004
45,candidate_3,candidate_4,candidate_5,candidate_1,candidate_2,5,0.028000000000000004
46,0,candidate_4,candidate_5,candidate_1,candidate_2,5,0.028000000000000004
47,candidate_3,candidate_4,candidate_5,candidate_1,candidate_2,5,0.028000000000000004
48,candidate_3,0,candidate_5,candidate_1,candidate_2,5,0.028000000000000004
49,candidate_3,candidate_4,candidate_5,candidate_1,candidate_2,5,0.028000000000000004
50,candidate_3,0,candidate_5,candidate_1,candidate_2,5,0.028000000000000004
51,candidate_3,candidate_4,candidate_5,candidate_1,candidate_2,5,0.028000000000000004
52,candidate_3,candidate_4,candidate_5,candidate_1,candidate_2,5,0.028000000000000004
53,candidate_3,candidate_4,candidate_5,candidate_1,candidate_2,5,0.028000000000000004
54,candidate_3,candidate_4,candidate_5,candidate_1,candidate_2,5,0.028000000000000004
55,candidate_3,candidate_4,candidate_5,candidate_1,candidate_2,5,0.028000000000000004
56,candidate_3,candidate_4,candidate_5,candidate_1,candidate_2,5,0.028000000000000004
57,candidate_3,candidate_4,candidate_5,candidate_1,candidate_2,5,0.028000000000000004
58,candidate_3,candidate_4,candidate_5,candidate_1,candidate_2,5,0.028000000000000004
59,candidate_3,candidate_4,candidate_5,candidate_1,candidate_2,5,0.028000000000000004
60,candidate_3,candidate_4,candidate_5,candidate_1,candidate_2,5,0.028000000000000004
61,candidate_3,candidate_4,candidate_5,candidate_1,candidate_2,5,0.028000000000000004
62,0,candidate_4,candidate_5,candidate_1,candidate_2,5,0.028000000000000004
63,candidate_3,candidate_4,candidate_5,candidate_1,candidate_2,5,0.028000000000000004
64,candidate_3,candidate_4,candidate_5,candidate_1,candidate_2,5,0.028000000000000004
65,candidate_3,candidate_4,0,candidate_1,candidate_2,5,0.028000000000000004
66,candidate_3,candidate_4,candidate_5,candidate_1,candidate_2,5,0.028000000000000004
67,candidate_3,candidate_4,candidate_5,candidate_1,candidate_2,5,0.028000000000000004
68,candidate_3,candidate_4,candidate_5,candidate_1,candidate_2,5,0.028000000000000004
69,candidate_3,candidate_4,candidate_5,candidate_1,candidate_2,5,0.028000000000000004
70,candidate_3,candidate_4,candidate_5,candidate_1,candidate_2,5,0.028000000000000004
71,candidate_3,candidate_4,candidate_5,candidate_1,candidate_2,5,0.028000000000000004
72,candidate_3,candidate_4,candidate_5,candidate_1,candidate_2,5,0.028000000000000004
73,candidate_3,candidate_4,candidate_5,candidate_1,candidate_2,5,0.028000000000000004
74,candidate_3,candidate_4,candidate_5,candidate_1,candidate_2,5,0.028000000000000004
75,candidate_3,candidate_4,candidate_5,candidate_1,candidate_2,5,0.028000000000000004
76,candidate_3,candidate_4,candidate_5,candidate_1,candidate_2,5,0.028000000000000004
77,candidate_3,candidate_4,candidate_5,candidate_1,candidate_2,5,0.028000000000000004
78,candidate_3,candidate_4,candidate_5,candidate_1,candidate_2,5,0.028000000000000004
79,candidate_3,candidate_4,candidate_5,candidate_1,candidate_2,5,0.028000000000000004
80,candidate_3,candidate_4,candidate_5,candidate_1,candidate_2,5,0.028000000000000004
81,candidate_3,candidate_4,candidate_5,candidate_1,candidate_2,5,0.028000000000000004
82,candidate_3,candidate_4,candidate_5,candidate_1,candidate_2,5,0.028000000000000004
83,0,candidate_4,candidate_5,candidate_1,candidate_2,5,0.028000000000000004
84,candidate_3,candidate_4,candidate_5,candidate_1,candidate_2,5,0.028000000000000004
85,candidate_3,candidate_4,candidate_5,candidate_1,candidate_2,5,0.028000000000000004
86,candidate_3,candidate_4,candidate_5,candidate_1,candidate_2,5,0.028000000000000004
87,candidate_3,candidate_4,candidate_5,candidate_1,candidate_2,5,0.028000000000000004
88,candidate_3,candidate_4,candidate_5,candidate_1,candidate_2,5,0.028000000000000004
89,candidate_3,candidate_4,candidate_5,candidate_1,candidate_2,5,0.028000000000000004
90,candidate_3,candidate_4,candidate_5,candidate_1,candidate_2,5,0.028000000000000004
91,candidate_3,candidate_4,candidate_5,candidate_1,candidate_2,5,0.028000000000000004
92,candidate_3,candidate_4,candidate_5,candidate_1,candidate_2,5,0.028000000000000004
93,candidate_3,candidate_4,candidate_5,candidate_1,candidate_2,5,0.028000000000000004
94,candidate_3,candidate_4,candidate_5,candidate_1,candidate_2,5,0.028000000000000004
95,candidate_3,candidate_4,candidate_5,candidate_1,candidate_2,5,0.028000000000000004
96,candidate_3,candidate_4,candidate_5,candidate_1,candidate_2,5,0.028000000000000004
97,candidate_3,candidate_4,candidate_5,candidate_1,candidate_2,5,0.028000000000000004
98,candidate_3,candidate_4,candidate_5,candidate_1,candidate_2,5,0.028000000000000004
99,candidate_3,candidate_4,candidate_5,candidate_1,candidate_2,5,0.028000000000000004
100,candidate_3,candidate_4,candidate_5,candidate_1,candidate_2,5,0.028000000000000004
101,candidate_3,candidate_4,candidate_5,candidate_1,candidate_2,5,0.028000000000000004
102,candidate_3,candidate_4,candidate_5,candidate_1,candidate_2,5,0.028000000000000004
103,candidate_3,candidate_4,candidate_5,candidate_1,candidate_2,5,0.028000000000000004
104,candidate_3,candidate_4,candidate_5,candidate_1,candidate_2,5,0.028000000000000004
105,candidate_3,candidate_4,candidate_5,candidate_1,candidate_2,5,0.028000000000000004
106,candidate_3,candidate_4,candidate_5,candidate_1,candidate_2,5,0.028000000000000004
107,candidate_3,candidate_4,candidate_5,candidate_1,candidate_2,5,0.028000000000000004
108,candidate_3,candidate_4,candidate_5,candidate_1,candidate_2,5,0.028000000000000004
109,candidate_3,candidate_4,candidate_5,candidate_1,candidate_2,5,0.028000000000000004
110,candidate_3,candidate_4,candidate_5,candidate_1,candidate_2,5,0.028000000000000004
111,candidate_3,candidate_4,candidate_5,candidate_1,candidate_2,5,0.028000000000000004
112,candidate_3,candidate_4,candidate_5,candidate_1,candidate_2,5,0.028000000000000004
113,candidate_3,candidate_4,candidate_5,candidate_1,candidate_2,5,0.028000000000000004
114,candidate_3,candidate_4,candidate_5,candidate_1,candidate_2,5,0.028000000000000004
115,candidate_3,candidate_4,candidate_5,candidate_1,candidate_2,5,0.028000000000000004
116,candidate_3,candidate_4,candidate_5,candidate_1,candidate_2,5,0.028000000000000004
117,candidate_3,candidate_4,candidate_5,candidate_1,candidate_2,5,0.028000000000000004
118,candidate_3,candidate_4,candidate_5,candidate_1,candidate_2,5,0.028000000000000004
119,candidate_3,candidate_4,candidate_5,candidate_1,candidate_2,5,0.028000000000000004
120,candidate_3,candidate_4,candidate_5,candidate_1,candidate_2,5,0.028000000000000004
121,candidate_3,candidate_4,candidate_5,candidate_1,0,5,0.028000000000000004
122,candidate_3,candidate_4,candidate_5,candidate_1,candidate_2,5,0.028000000000000004
123,candidate_3,candidate_4,candidate_5,candidate_1,candidate_2,5,0.028000000000000004
124,candidate_3,candidate_4,candidate_5,candidate_1,candidate_2,5,0.028000000000000004
125,candidate_3,candidate_4,candidate_5,candidate_1,candidate_2,5,0.028000000000000004
126,candidate_3,candidate_4,candidate_5,candidate_1,candidate_2,5,0.028000000000000004
127,candidate_3,candidate_4,candidate_5,candidate_1,candidate_2,5,0.028000000000000004
128,candidate_3,candidate_4,candidate_5,candidate_1,candidate_2,5,0.028000000000000004
129,candidate_3,candidate_4,candidate_5,candidate_1,candidate_2,5,0.028000000000000004
130,candidate_3,candidate_4,candidate_5,candidate_1,candidate_2,5,0.028000000000000004
131,candidate_3,candidate_4,candidate_5,0,candidate_2,5,0.028000000000000004
132,candidate_3,candidate_4,candidate_5,candidate_1,candidate_2,5,0.028000000000000004
133,candidate_3,candidate_4,candidate_5,candidate_1,candidate_2,5,0.028000000000000004
134,candidate_3,candidate_4,candidate_5,candidate_1,candidate_2,5,0.028000000000000004
135,candidate_3,candidate_4,candidate_5,candidate_1,candidate_2,5,0.028000000000000004
136,candidate_3,candidate_4,candidate_5,candidate_1,candidate_2,5,0.028000000000000004
137,candidate_3,candidate_4,candidate_5,candidate_1,candidate_2,5,0.028000000000000004
138,candidate_3,candidate_4,candidate_5,0,candidate_2,5,0.028000000000000004
139,candidate_3,candidate_4,candidate_5,candidate_1,candidate_2,5,0.028000000000000004
140,candidate_3,candidate_4,candidate_5,candidate_1,candidate_2,5,0.028000000000000004
141,candidate_3,candidate_4,candidate_5,candidate_1,candidate_2,5,0.028000000000000004
142,candidate_3,candidate_4,candidate_5,candidate_1,candidate_2,5,0.028000000000000004
143,candidate_3,candidate_4,candidate_5,candidate_1,candidate_2,5,0.028000000000000004
144,candidate_3,candidate_4,candidate_5,candidate_1,candidate_2,5,0.028000000000000004
145,candidate_3,0,candidate_5,candidate_1,candidate_2,5,0.028000000000000004
146,candidate_3,candidate_4,candidate_5,candidate_1,candidate_2,5,0.028000000000000004
147,candidate_3,candidate_4,candidate_5,candidate_1,candidate_2,5,0.028000000000000004
148,candidate_3,candidate_4,candidate_5,candidate_1,candidate_2,5,0.028000000000000004
149,candidate_3,candidate_4,candidate_5,candidate_1,candidate_2,5,0.028000000000000004
150,candidate_3,candidate_4,candidate_5,candidate_1,candidate_2,5,0.028000000000000004
151,candidate_3,candidate_4,candidate_5,candidate_1,candidate_2,5,0.028000000000000004
152,candidate_3,candidate_4,candidate_5,candidate_1,candidate_2,5,0.028000000000000004
153,candidate_3,candidate_4,candidate_5,candidate_1,candidate_2,5,0.028000000000000004
154,candidate_3,candidate_4,0,0,candidate_2,5,0.028000000000000004
155,candidate_3,candidate_4,candidate_5,candidate_1,candidate_2,5,0.028000000000000004
156,candidate_3,candidate_4,candidate_5,candidate_1,candidate_2,5,0.028000000000000004
157,candidate_3,candidate_4,candidate_5,candidate_1,candidate_2,5,0.028000000000000004
158,candidate_3,candidate_4,candidate_5,candidate_1,candidate_2,5,0.028000000000000004
159,candidate_3,candidate_4,candidate_5,candidate_1,candidate_2,5,0.028000000000000004
160,candidate_3,candidate_4,candidate_5,candidate_1,candidate_2,5,0.028000000000000004
161,candidate_3,candidate_4,candidate_5,candidate_1,candidate_2,5,0.028000000000000004
162,candidate_3,candidate_4,candidate_5,candidate_1,candidate_2,5,0.028000000000000004
163,candidate_3,0,candidate_5,candidate_1,candidate_2,5,0.028000000000000004
164,candidate_3,candidate_4,0,candidate_1,candidate_2,5,0.028000000000000004
165,candidate_3,candidate_4,candidate_5,candidate_1,candidate_2,5,0.028000000000000004
166,candidate_3,candidate_4,candidate_5,candidate_1,candidate_2,5,0.028000000000000004
167,candidate_3,candidate_4,candidate_5,candidate_1,candidate_2,5,0.028000000000000004
168,0,candidate_4,candidate_5,candidate_1,candidate_2,5,0.028000000000000004
169,candidate_3,candidate_4,candidate_5,candidate_1,candidate_2,5,0.028000000000000004
170,candidate_3,candidate_4,candidate_5,candidate_1,candidate_2,5,0.028000000000000004
171,candidate_3,candidate_4,candidate_5,candidate_1,candidate_2,5,0.028000000000000004
172,candidate_3,candidate_4,candidate_5,candidate_1,candidate_2,5,0.028000000000000004
173,candidate_3,candidate_4,0,candidate_1,candidate_2,5,0.028000000000000004
174,candidate_3,candidate_4,candidate_5,candidate_1,candidate_2,5,0.028000000000000004
175,candidate_3,candidate_4,candidate_5,candidate_1,candidate_2,5,0.028000000000000004
176,0,candidate_4,candidate_5,candidate_1,candidate_2,5,0.028000000000000004
177,candidate_3,candidate_4,candidate_5,candidate_1,candidate_2,5,0.028000000000000004
178,candidate_3,candidate_4,candidate_5,candidate_1,candidate_2,5,0.028000000000000004
179,candidate_3,candidate_4,candidate_5,candidate_1,candidate_2,5,0.028000000000000004
180,0,0,candidate_5,candidate_1,candidate_2,5,0.028000000000000004
181,0,candidate_4,candidate_5,candidate_1,candidate_2,5,0.028000000000000004
182,candidate_3,candidate_4,candidate_5,candidate_1,candidate_2,5,0.028000000000000004
183,candidate_3,candidate_4,candidate_5,candidate_1,candidate_2,5,0.028000000000000004
184,candidate_3,candidate_4,candidate_5,candidate_1,candidate_2,5,0.028000000000000004
185,candidate_3,candidate_4,candidate_5,candidate_1,candidate_2,5,0.028000000000000004
186,candidate_3,candidate_4,candidate_5,candidate_1,candidate_2,5,0.028000000000000004
187,candidate_3,candidate_4,candidate_5,candidate_1,candidate_2,5,0.028000000000000004
188,candidate_3,candidate_4,candidate_5,candidate_1,candidate_2,5,0.028000000000000004
189,candidate_3,candidate_4,candidate_5,candidate_1,candidate_2,5,0.028000000000000004
190,0,candidate_4,candidate_5,candidate_1,candidate_2,5,0.028000000000000004
191,candidate_3,candidate_4,candidate_5,candidate_1,candidate_2,5,0.028000000000000004
192,candidate_3,candidate_4,candidate_5,candidate_1,candidate_2,5,0.028000000000000004
193,candidate_3,candidate_4,candidate_5,candidate_1,candidate_2,5,0.028000000000000004
194,candidate_3,candidate_4,candidate_5,candidate_1,candidate_2,5,0.028000000000000004
195,candidate_3,candidate_4,candidate_5,candidate_1,candidate_2,5,0.028000000000000004
196,candidate_3,candidate_4,candidate_5,0,candidate_2,5,0.028000000000000004
0,candidate_3,candidate_4,candidate_5,candidate_2,candidate_1,5,0.028000000000000004
1,candidate_3,candidate_4,candidate_5,candidate_2,candidate_1,5,0.028000000000000004
2,candidate_3,candidate_4,candidate_5,candidate_2,candidate_1,5,0.028000000000000004
3,candidate_3,candidate_4,candidate_5,candidate_2,0,5,0.028000000000000004
4,candidate_3,candidate_4,candidate_5,candidate_2,candidate_1,5,0.028000000000000004
5,candidate_3,candidate_4,candidate_5,candidate_2,candidate_1,5,0.028000000000000004
6,candidate_3,candidate_4,candidate_5,candidate_2,candidate_1,5,0.028000000000000004
7,candidate_3,candidate_4,candidate_5,candidate_2,candidate_1,5,0.028000000000000004
8,candidate_3,candidate_4,candidate_5,candidate_2,candidate_1,5,0.028000000000000004
9,candidate_3,candidate_4,candidate_5,candidate_2,candidate_1,5,0.028000000000000004
10,candidate_3,candidate_4,candidate_5,candidate_2,candidate_1,5,0.028000000000000004
11,candidate_3,candidate_4,candidate_5,candidate_2,candidate_1,5,0.028000000000000004
12,candidate_3,candidate_4,candidate_5,candidate_2,candidate_1,5,0.028000000000000004
13,candidate_3,candidate_4,candidate_5,candidate_2,candidate_1,5,0.028000000000000004
14,candidate_3,candidate_4,candidate_5,candidate_2,candidate_1,5,0.028000000000000004
15,candidate_3,candidate_4,candidate_5,candidate_2,candidate_1,5,0.028000000000000004
16,candidate_3,candidate_4,candidate_5,candidate_2,candidate_1,5,0.028000000000000004
17,candidate_3,candidate_4,candidate_5,candidate_2,candidate_1,5,0.028000000000000004
18,candidate_3,candidate_4,candidate_5,candidate_2,candidate_1,5,0.028000000000000004
19,candidate_3,candidate_4,candidate_5,candidate_2,candidate_1,5,0.028000000000000004
20,candidate_3,candidate_4,candidate_5,candidate_2,candidate_1,5,0.028000000000000004
21,candidate_3,candidate_4,candidate_5,candidate_2,candidate_1,5,0.028000000000000004
22,candidate_3,candidate_4,candidate_5,candidate_2,candidate_1,5,0.028000000000000004
23,candidate_3,candidate_4,candidate_5,candidate_2,0,5,0.028000000000000004
24,candidate_3,candidate_4,candidate_5,candidate_2,candidate_1,5,0.028000000000000004
25,candidate_3,candidate_4,candidate_5,candidate_2,candidate_1,5,0.028000000000000004
26,candidate_3,candidate_4,candidate_5,candidate_2,candidate_1,5,0.028000000000000004
27,candidate_3,candidate_4,candidate_5,candidate_2,candidate_1,5,0.028000000000000004
28,candidate_3,candidate_4,candidate_5,candidate_2,candidate_1,5,0.028000000000000004
29,candidate_3,candidate_4,candidate_5,candidate_2,candidate_1,5,0.028000000000000004
30,candidate_3,candidate_4,candidate_5,candidate_2,candidate_1,5,0.028000000000000004
31,candidate_3,candidate_4,candidate_5,candidate_2,candidate_1,5,0.028000000000000004
32,candidate_3,candidate_4,candidate_5,candidate_2,candidate_1,5,0.028000000000000004
33,candidate_3,candidate_4,candidate_5,candidate_2,candidate_1,5,0.028000000000000004
34,candidate_3,candidate_4,candidate_5,candidate_2,candidate_1,5,0.028000000000000004
35,candidate_3,candidate_4,candidate_5,candidate_2,candidate_1,5,0.028000000000000004
36,candidate_3,candidate_4,candidate_5,candidate_2,candidate_1,5,0.028000000000000004
37,candidate_3,candidate_4,candidate_5,candidate_2,candidate_1,5,0.028000000000000004
38,candidate_3,candidate_4,candidate_5,candidate_2,candidate_1,5,0.028000000000000004
39,candidate_3,candidate_4,candidate_5,candidate_2,candidate_1,5,0.028000000000000004
40,candidate_3,candidate_4,candidate_5,candidate_2,candidate_1,5,0.028000000000000004
41,candidate_3,candidate_4,candidate_5,candidate_2,candidate_1,5,0.028000000000000004
42,candidate_3,candidate_4,candidate_5,candidate_2,candidate_1,5,0.028000000000000004
43,candidate_3,candidate_4,candidate_5,candidate_2,candidate_1,5,0.028000000000000004
44,candidate_3,candidate_4,candidate_5,candidate_2,0,5,0.028000000000000004
45,candidate_3,candidate_4,candidate_5,candidate_2,candidate_1,5,0.028000000000000004
46,candidate_3,candidate_4,candidate_5,candidate_2,candidate_1,5,0.028000000000000004
47,candidate_3,candidate_4,candidate_5,candidate_2,candidate_1,5,0.028000000000000004
48,candidate_3,candidate_4,candidate_5,candidate_2,candidate_1,5,0.028000000000000004
49,candidate_3,candidate_4,candidate_5,0,candidate_1,5,0.028000000000000004
50,candidate_3,candidate_4,candidate_5,candidate_2,candidate_1,5,0.028000000000000004
51,candidate_3,candidate_4,candidate_5,candidate_2,candidate_1,5,0.028000000000000004
52,candidate_3,candidate_4,candidate_5,candidate_2,candidate_1,5,0.028000000000000004
53,candidate_3,candidate_4,candidate_5,candidate_2,candidate_1,5,0.028000000000000004
54,candidate_3,candidate_4,candidate_5,candidate_2,candidate_1,5,0.028000000000000004
55,candidate_3,candidate_4,candidate_5,candidate_2,candidate_1,5,0.028000000000000004
56,candidate_3,candidate_4,candidate_5,candidate_2,candidate_1,5,0.028000000000000004
57,candidate_3,candidate_4,candidate_5,candidate_2,candidate_1,5,0.028000000000000004
58,candidate_3,candidate_4,candidate_5,candidate_2,candidate_1,5,0.028000000000000004
59,candidate_3,candidate_4,candidate_5,candidate_2,candidate_1,5,0.028000000000000004
60,candidate_3,candidate_4,candidate_5,candidate_2,candidate_1,5,0.028000000000000004
61,candidate_3,candidate_4,candidate_5,candidate_2,candidate_1,5,0.028000000000000004
62,candidate_3,candidate_4,candidate_5,candidate_2,candidate_1,5,0.028000000000000004
63,candidate_3,candidate_4,0,candidate_2,candidate_1,5,0.028000000000000004
64,candidate_3,candidate_4,candidate_5,candidate_2,candidate_1,5,0.028000000000000004
65,candidate_3,candidate_4,candidate_5,candidate_2,candidate_1,5,0.028000000000000004
66,candidate_3,candidate_4,candidate_5,candidate_2,0,5,0.028000000000000004
67,candidate_3,candidate_4,candidate_5,candidate_2,candidate_1,5,0.028000000000000004
68,candidate_3,candidate_4,candidate_5,candidate_2,candidate_1,5,0.028000000000000004
69,candidate_3,candidate_4,candidate_5,candidate_2,candidate_1,5,0.028000000000000004
70,candidate_3,candidate_4,0,candidate_2,candidate_1,5,0.028000000000000004
71,candidate_3,candidate_4,candidate_5,candidate_2,candidate_1,5,0.028000000000000004
72,candidate_3,candidate_4,candidate_5,candidate_2,candidate_1,5,0.028000000000000004
73,0,0,candidate_5,candidate_2,candidate_1,5,0.028000000000000004
74,candidate_3,candidate_4,candidate_5,candidate_2,candidate_1,5,0.028000000000000004
75,candidate_3,candidate_4,candidate_5,candidate_2,candidate_1,5,0.028000000000000004
76,candidate_3,candidate_4,candidate_5,candidate_2,candidate_1,5,0.028000000000000004
77,candidate_3,candidate_4,candidate_5,candidate_2,candidate_1,5,0.028000000000000004
78,candidate_3,candidate_4,0,candidate_2,candidate_1,5,0.028000000000000004
79,candidate_3,candidate_4,candidate_5,candidate_2,candidate_1,5,0.028000000000000004
80,candidate_3,candidate_4,candidate_5,candidate_2,candidate_1,5,0.028000000000000004
81,candidate_3,candidate_4,candidate_5,candidate_2,candidate_1,5,0.028000000000000004
82,candidate_3,candidate_4,candidate_5,candidate_2,candidate_1,5,0.028000000000000004
83,candidate_3,0,candidate_5,candidate_2,candidate_1,5,0.028000000000000004
84,candidate_3,candidate_4,candidate_5,candidate_2,candidate_1,5,0.028000000000000004
85,candidate_3,candidate_4,candidate_5,candidate_2,candidate_1,5,0.028000000000000004
86,candidate_3,candidate_4,candidate_5,candidate_2,candidate_1,5,0.028000000000000004
87,candidate_3,candidate_4,candidate_5,candidate_2,candidate_1,5,0.028000000000000004
88,candidate_3,candidate_4,candidate_5,candidate_2,candidate_1,5,0.028000000000000004
89,candidate_3,candidate_4,candidate_5,candidate_2,candidate_1,5,0.028000000000000004
90,candidate_3,candidate_4,0,candidate_2,candidate_1,5,0.028000000000000004
91,candidate_3,candidate_4,candidate_5,candidate_2,candidate_1,5,0.028000000000000004
0,candidate_3,candidate_5,candidate_1,candidate_2,candidate_4,5,0.028000000000000004
1,candidate_3,candidate_5,candidate_1,candidate_2,candidate_4,5,0.028000000000000004
2,candidate_3,candidate_5,candidate_1,candidate_2,candidate_4,5,0.028000000000000004
3,candidate_3,candidate_5,candidate_1,candidate_2,candidate_4,5,0.028000000000000004
4,candidate_3,candidate_5,candidate_1,candidate_2,candidate_4,5,0.028000000000000004
5,candidate_3,candidate_5,candidate_1,candidate_2,candidate_4,5,0.028000000000000004
6,candidate_3,candidate_5,candidate_1,candidate_2,candidate_4,5,0.028000000000000004
7,candidate_3,candidate_5,candidate_1,candidate_2,candidate_4,5,0.028000000000000004
8,candidate_3,candidate_5,candidate_1,candidate_2,candidate_4,5,0.028000000000000004
9,candidate_3,candidate_5,candidate_1,candidate_2,candidate_4,5,0.028000000000000004
10,candidate_3,0,candidate_1,candidate_2,candidate_4,5,0.028000000000000004
11,candidate_3,candidate_5,candidate_1,candidate_2,candidate_4,5,0.028000000000000004
12,candidate_3,candidate_5,0,candidate_2,candidate_4,5,0.028000000000000004
13,candidate_3,candidate_5,candidate_1,candidate_2,candidate_4,5,0.028000000000000004
14,candidate_3,candidate_5,candidate_1,candidate_2,candidate_4,5,0.028000000000000004
15,candidate_3,candidate_5,candidate_1,candidate_2,candidate_4,5,0.028000000000000004
16,candidate_3,candidate_5,candidate_1,candidate_2,candidate_4,5,0.028000000000000004
17,candidate_3,0,candidate_1,candidate_2,candidate_4,5,0.028000000000000004
18,candidate_3,candidate_5,candidate_1,candidate_2,candidate_4,5,0.028000000000000004
19,candidate_3,candidate_5,candidate_1,candidate_2,candidate_4,5,0.028000000000000004
20,candidate_3,candidate_5,candidate_1,candidate_2,candidate_4,5,0.028000000000000004
21,candidate_3,candidate_5,candidate_1,candidate_2,candidate_4,5,0.028000000000000004
22,candidate_3,candidate_5,candidate_1,candidate_2,candidate_4,5,0.028000000000000004
23,candidate_3,candidate_5,candidate_1,candidate_2,candidate_4,5,0.028000000000000004
24,candidate_3,candidate_5,candidate_1,candidate_2,candidate_4,5,0.028000000000000004
25,candidate_3,candidate_5,candidate_1,candidate_2,candidate_4,5,0.028000000000000004
26,candidate_3,candidate_5,candidate_1,candidate_2,candidate_4,5,0.028000000000000004
27,candidate_3,candidate_5,candidate_1,candidate_2,candidate_4,5,0.028000000000000004
28,candidate_3,candidate_5,candidate_1,candidate_2,candidate_4,5,0.028000000000000004
29,candidate_3,candidate_5,candidate_1,candidate_2,candidate_4,5,0.028000000000000004
30,candidate_3,candidate_5,candidate_1,candidate_2,candidate_4,5,0.028000000000000004
31,candidate_3,candidate_5,candidate_1,candidate_2,candidate_4,5,0.028000000000000004
32,candidate_3,candidate_5,candidate_1,candidate_2,candidate_4,5,0.028000000000000004
33,candidate_3,candidate_5,candidate_1,candidate_2,candidate_4,5,0.028000000000000004
34,candidate_3,candidate_5,candidate_1,candidate_2,candidate_4,5,0.028000000000000004
35,candidate_3,candidate_5,candidate_1,candidate_2,candidate_4,5,0.028000000000000004
36,candidate_3,candidate_5,candidate_1,candidate_2,candidate_4,5,0.028000000000000004
37,candidate_3,candidate_5,candidate_1,0,candidate_4,5,0.028000000000000004
38,candidate_3,candidate_5,candidate_1,candidate_2,candidate_4,5,0.028000000000000004
39,candidate_3,candidate_5,candidate_1,candidate_2,candidate_4,5,0.028000000000000004
40,candidate_3,0,candidate_1,candidate_2,candidate_4,5,0.028000000000000004
41,candidate_3,candidate_5,candidate_1,candidate_2,candidate_4,5,0.028000000000000004
42,candidate_3,candidate_5,candidate_1,candidate_2,candidate_4,5,0.028000000000000004
43,candidate_3,candidate_5,candidate_1,candidate_2,candidate_4,5,0.028000000000000004
44,candidate_3,candidate_5,candidate_1,candidate_2,candidate_4,5,0.028000000000000004
45,candidate_3,candidate_5,candidate_1,candidate_2,candidate_4,5,0.028000000000000004
46,candidate_3,candidate_5,candidate_1,candidate_2,candidate_4,5,0.028000000000000004
47,candidate_3,candidate_5,candidate_1,candidate_2,candidate_4,5,0.028000000000000004
48,candidate_3,candidate_5,candidate_1,candidate_2,candidate_4,5,0.028000000000000004
49,candidate_3,candidate_5,candidate_1,candidate_2,candidate_4,5,0.028000000000000004
50,candidate_3,candidate_5,candidate_1,candidate_2,candidate_4,5,0.028000000000000004
51,candidate_3,candidate_5,candidate_1,candidate_2,candidate_4,5,0.028000000000000004
52,candidate_3,candidate_5,candidate_1,candidate_2,candidate_4,5,0.028000000000000004
53,candidate_3,candidate_5,candidate_1,candidate_2,candidate_4,5,0.028000000000000004
54,candidate_3,candidate_5,candidate_1,candidate_2,candidate_4,5,0.028000000000000004
55,candidate_3,candidate_5,candidate_1,candidate_2,candidate_4,5,0.028000000000000004
56,candidate_3,candidate_5,candidate_1,candidate_2,candidate_4,5,0.028000000000000004
57,candidate_3,candidate_5,candidate_1,candidate_2,candidate_4,5,0.028000000000000004
58,candidate_3,candidate_5,candidate_1,candidate_2,candidate_4,5,0.028000000000000004
59,candidate_3,candidate_5,candidate_1,candidate_2,candidate_4,5,0.028000000000000004
60,candidate_3,candidate_5,candidate_1,candidate_2,0,5,0.028000000000000004
61,candidate_3,candidate_5,candidate_1,candidate_2,candidate_4,5,0.028000000000000004
62,candidate_3,candidate_5,candidate_1,candidate_2,candidate_4,5,0.028000000000000004
63,candidate_3,candidate_5,candidate_1,candidate_2,candidate_4,5,0.028000000000000004
64,candidate_3,candidate_5,candidate_1,candidate_2,candidate_4,5,0.028000000000000004
65,candidate_3,candidate_5,candidate_1,0,candidate_4,5,0.028000000000000004
66,candidate_3,candidate_5,candidate_1,candidate_2,candidate_4,5,0.028000000000000004
67,candidate_3,candidate_5,candidate_1,candidate_2,candidate_4,5,0.028000000000000004
68,candidate_3,candidate_5,candidate_1,candidate_2,candidate_4,5,0.028000000000000004
69,candidate_3,candidate_5,candidate_1,candidate_2,0,5,0.028000000000000004
70,candidate_3,candidate_5,candidate_1,candidate_2,candidate_4,5,0.028000000000000004
71,candidate_3,candidate_5,candidate_1,candidate_2,candidate_4,5,0.028000000000000004
72,candidate_3,candidate_5,candidate_1,candidate_2,candidate_4,5,0.028000000000000004
73,candidate_3,candidate_5,candidate_1,candidate_2,candidate_4,5,0.028000000000000004
74,candidate_3,candidate_5,candidate_1,candidate_2,candidate_4,5,0.028000000000000004
75,candidate_3,0,candidate_1,candidate_2,candidate_4,5,0.028000000000000004
76,candidate_3,candidate_5,candidate_1,candidate_2,candidate_4,5,0.028000000000000004
77,candidate_3,candidate_5,candidate_1,candidate_2,candidate_4,5,0.028000000000000004
78,candidate_3,candidate_5,candidate_1,candidate_2,candidate_4,5,0.028000000000000004
79,candidate_3,candidate_5,candidate_1,candidate_2,candidate_4,5,0.028000000000000004
80,candidate_3,candidate_5,candidate_1,candidate_2,candidate_4,5,0.028000000000000004
81,candidate_3,candidate_5,candidate_1,candidate_2,candidate_4,5,0.028000000000000004
82,candidate_3,candidate_5,candidate_1,candidate_2,candidate_4,5,0.028000000000000004
83,candidate_3,candidate_5,candidate_1,candidate_2,candidate_4,5,0.028000000000000004
84,candidate_3,candidate_5,candidate_1,candidate_2,candidate_4,5,0.028000000000000004
85,candidate_3,candidate_5,candidate_1,candidate_2,candidate_4,5,0.028000000000000004
86,candidate_3,candidate_5,candidate_1,candidate_2,candidate_4,5,0.028000000000000004
87,candidate_3,candidate_5,candidate_1,candidate_2,candidate_4,5,0.028000000000000004
88,candidate_3,candidate_5,candidate_1,candidate_2,candidate_4,5,0.028000000000000004
89,candidate_3,candidate_5,candidate_1,candidate_2,candidate_4,5,0.028000000000000004
90,candidate_3,candidate_5,candidate_1,candidate_2,candidate_4,5,0.028000000000000004
91,candidate_3,candidate_5,candidate_1,candidate_2,candidate_4,5,0.028000000000000004
92,candidate_3,candidate_5,candidate_1,candidate_2,candidate_4,5,0.028000000000000004
93,candidate_3,candidate_5,candidate_1,0,candidate_4,5,0.028000000000000004
94,candidate_3,candidate_5,candidate_1,0,candidate_4,5,0.028000000000000004
95,candidate_3,candidate_5,candidate_1,candidate_2,candidate_4,5,0.028000000000000004
96,candidate_3,candidate_5,candidate_1,candidate_2,candidate_4,5,0.028000000000000004
97,candidate_3,candidate_5,candidate_1,candidate_2,candidate_4,5,0.028000000000000004
98,candidate_3,candidate_5,candidate_1,candidate_2,candidate_4,5,0.028000000000000004
99,candidate_3,candidate_5,candidate_1,candidate_2,candidate_4,5,0.028000000000000004
100,candidate_3,candidate_5,candidate_1,candidate_2,candidate_4,5,0.028000000000000004
101,candidate_3,0,candidate_1,candidate_2,candidate_4,5,0.028000000000000004
102,candidate_3,candidate_5,candidate_1,candidate_2,candidate_4,5,0.028000000000000004
103,candidate_3,candidate_5,candidate_1,candidate_2,candidate_4,5,0.028000000000000004
104,candidate_3,candidate_5,candidate_1,candidate_2,candidate_4,5,0.028000000000000004
105,candidate_3,candidate_5,candidate_1,candidate_2,candidate_4,5,0.028000000000000004
106,candidate_3,candidate_5,candidate_1,candidate_2,candidate_4,5,0.028000000000000004
107,candidate_3,candidate_5,candidate_1,candidate_2,candidate_4,5,0.028000000000000004
108,candidate_3,candidate_5,candidate_1,candidate_2,candidate_4,5,0.028000000000000004
109,candidate_3,candidate_5,candidate_1,candidate_2,candidate_4,5,0.028000000000000004
110,candidate_3,candidate_5,candidate_1,candidate_2,candidate_4,5,0.028000000000000004
111,candidate_3,candidate_5,candidate_1,candidate_2,candidate_4,5,0.028000000000000004
112,candidate_3,candidate_5,candidate_1,candidate_2,candidate_4,5,0.028000000000000004
113,candidate_3,candidate_5,candidate_1,candidate_2,candidate_4,5,0.028000000000000004
114,candidate_3,candidate_5,candidate_1,candidate_2,candidate_4,5,0.028000000000000004
115,candidate_3,candidate_5,candidate_1,0,candidate_4,5,0.028000000000000004
116,candidate_3,candidate_5,candidate_1,candidate_2,candidate_4,5,0.028000000000000004
117,candidate_3,candidate_5,candidate_1,candidate_2,candidate_4,5,0.028000000000000004
118,candidate_3,candidate_5,candidate_1,candidate_2,candidate_4,5,0.028000000000000004
119,candidate_3,candidate_5,candidate_1,candidate_2,candidate_4,5,0.028000000000000004
120,candidate_3,candidate_5,candidate_1,candidate_2,candidate_4,5,0.028000000000000004
121,candidate_3,candidate_5,candidate_1,candidate_2,candidate_4,5,0.028000000000000004
122,candidate_3,candidate_5,candidate_1,candidate_2,candidate_4,5,0.028000000000000004
123,candidate_3,candidate_5,candidate_1,candidate_2,candidate_4,5,0.028000000000000004
124,candidate_3,candidate_5,candidate_1,candidate_2,candidate_4,5,0.028000000000000004
125,candidate_3,candidate_5,candidate_1,candidate_2,candidate_4,5,0.028000000000000004
126,candidate_3,candidate_5,candidate_1,candidate_2,candidate_4,5,0.028000000000000004
127,candidate_3,candidate_5,candidate_1,candidate_2,candidate_4,5,0.028000000000000004
128,candidate_3,candidate_5,candidate_1,candidate_2,candidate_4,5,0.028000000000000004
129,candidate_3,candidate_5,candidate_1,candidate_2,candidate_4,5,0.028000000000000004
130,candidate_3,candidate_5,candidate_1,candidate_2,candidate_4,5,0.028000000000000004
131,candidate_3,candidate_5,candidate_1,candidate_2,candidate_4,5,0.028000000000000004
132,candidate_3,candidate_5,candidate_1,candidate_2,candidate_4,5,0.028000000000000004
133,candidate_3,candidate_5,candidate_1,candidate_2,candidate_4,5,0.028000000000000004
134,0,candidate_5,candidate_1,candidate_2,candidate_4,5,0.028000000000000004
135,candidate_3,candidate_5,candidate_1,candidate_2,candidate_4,5,0.028000000000000004
136,candidate_3,candidate_5,candidate_1,candidate_2,candidate_4,5,0.028000000000000004
137,candidate_3,candidate_5,candidate_1,0,candidate_4,5,0.028000000000000004
138,candidate_3,candidate_5,candidate_1,candidate_2,candidate_4,5,0.028000000000000004
139,candidate_3,candidate_5,candidate_1,candidate_2,candidate_4,5,0.028000000000000004
140,candidate_3,candidate_5,candidate_1,candidate_2,candidate_4,5,0.028000000000000004
141,candidate_3,candidate_5,candidate_1,candidate_2,candidate_4,5,0.028000000000000004
142,candidate_3,candidate_5,candidate_1,candidate_2,candidate_4,5,0.028000000000000004
143,candidate_3,candidate_5,candidate_1,candidate_2,candidate_4,5,0.028000000000000004
144,candidate_3,candidate_5,candidate_1,candidate_2,candidate_4,5,0.028000000000000004
145,candidate_3,candidate_5,candidate_1,candidate_2,candidate_4,5,0.028000000000000004
146,candidate_3,candidate_5,candidate_1,candidate_2,candidate_4,5,0.028000000000000004
147,candidate_3,candidate_5,candidate_1,candidate_2,candidate_4,5,0.028000000000000004
148,candidate_3,candidate_5,candidate_1,candidate_2,candidate_4,5,0.028000000000000004
149,candidate_3,candidate_5,candidate_1,candidate_2,0,5,0.028000000000000004
150,candidate_3,candidate_5,candidate_1,candidate_2,candidate_4,5,0.028000000000000004
151,candidate_3,candidate_5,candidate_1,candidate_2,candidate_4,5,0.028000000000000004
152,candidate_3,candidate_5,candidate_1,candidate_2,candidate_4,5,0.028000000000000004
153,candidate_3,0,candidate_1,candidate_2,candidate_4,5,0.028000000000000004
154,candidate_3,candidate_5,candidate_1,candidate_2,candidate_4,5,0.028000000000000004
155,candidate_3,candidate_5,candidate_1,candidate_2,candidate_4,5,0.028000000000000004
156,candidate_3,candidate_5,candidate_1,candidate_2,candidate_4,5,0.028000000000000004
157,candidate_3,0,candidate_1,0,candidate_4,5,0.028000000000000004
158,candidate_3,candidate_5,candidate_1,candidate_2,candidate_4,5,0.028000000000000004
159,candidate_3,candidate_5,candidate_1,candidate_2,candidate_4,5,0.028000000000000004
160,candidate_3,candidate_5,candidate_1,candidate_2,candidate_4,5,0.028000000000000004
161,candidate_3,candidate_5,candidate_1,0,candidate_4,5,0.028000000000000004
162,candidate_3,candidate_5,candidate_1,candidate_2,candidate_4,5,0.028000000000000004
163,candidate_3,candidate_5,candidate_1,candidate_2,candidate_4,5,0.028000000000000004
164,candidate_3,candidate_5,candidate_1,candidate_2,candidate_4,5,0.028000000000000004
165,candidate_3,candidate_5,candidate_1,candidate_2,candidate_4,5,0.028000000000000004
166,candidate_3,candidate_5,candidate_1,candidate_2,candidate_4,5,0.028000000000000004
167,candidate_3,candidate_5,candidate_1,candidate_2,candidate_4,5,0.028000000000000004
168,candidate_3,candidate_5,candidate_1,candidate_2,candidate_4,5,0.028000000000000004
169,candidate_3,candidate_5,candidate_1,candidate_2,candidate_4,5,0.028000000000000004
170,candidate_3,candidate_5,candidate_1,candidate_2,0,5,0.028000000000000004
171,candidate_3,candidate_5,candidate_1,candidate_2,candidate_4,5,0.028000000000000004
172,candidate_3,candidate_5,0,candidate_2,candidate_4,5,0.028000000000000004
173,candidate_3,candidate_5,candidate_1,candidate_2,candidate_4,5,0.028000000000000004
174,candidate_3,candidate_5,candidate_1,candidate_2,candidate_4,5,0.028000000000000004
175,candidate_3,candidate_5,candidate_1,candidate_2,candidate_4,5,0.028000000000000004
176,candidate_3,candidate_5,candidate_1,candidate_2,candidate_4,5,0.028000000000000004
177,candidate_3,candidate_5,candidate_1,candidate_2,candidate_4,5,0.028000000000000004
178,candidate_3,0,candidate_1,candidate_2,candidate_4,5,0.028000000000000004
179,candidate_3,candidate_5,candidate_1,candidate_2,candidate_4,5,0.028000000000000004
180,candidate_3,candidate_5,candidate_1,candidate_2,candidate_4,5,0.028000000000000004
181,candidate_3,candidate_5,candidate_1,candidate_2,candidate_4,5,0.028000000000000004
182,candidate_3,candidate_5,candidate_1,candidate_2,candidate_4,5,0.028000000000000004
183,candidate_3,candidate_5,candidate_1,candidate_2,candidate_4,5,0.028000000000000004
184,candidate_3,candidate_5,candidate_1,candidate_2,candidate_4,5,0.028000000000000004
185,candidate_3,candidate_5,candidate_1,candidate_2,candidate_4,5,0.028000000000000004
186,candidate_3,candidate_5,candidate_1,candidate_2,candidate_4,5,0.028000000000000004
187,candidate_3,candidate_5,candidate_1,candidate_2,candidate_4,5,0.028000000000000004
188,candidate_3,candidate_5,candidate_1,candidate_2,candidate_4,5,0.028000000000000004
189,0,candidate_5,candidate_1,candidate_2,candidate_4,5,0.028000000000000004
190,candidate_3,candidate_5,candidate_1,candidate_2,candidate_4,5,0.028000000000000004
191,candidate_3,candidate_5,candidate_1,candidate_2,candidate_4,5,0.028000000000000004
192,candidate_3,candidate_5,candidate_1,candidate_2,candidate_4,5,0.028000000000000004
193,candidate_3,candidate_5,candidate_1,candidate_2,candidate_4,5,0.028000000000000004
194,candidate_3,candidate_5,candidate_1,candidate_2,candidate_4,5,0.028000000000000004
195,candidate_3,candidate_5,candidate_1,candidate_2,candidate_4,5,0.028000000000000004
196,candidate_3,candidate_5,candidate_1,candidate_2,candidate_4,5,0.028000000000000004
197,candidate_3,candidate_5,candidate_1,candidate_2,candidate_4,5,0.028000000000000004
198,candidate_3,candidate_5,candidate_1,candidate_2,candidate_4,5,0.028000000000000004
199,candidate_3,candidate_5,candidate_1,candidate_2,candidate_4,5,0.028000000000000004
200,candidate_3,candidate_5,candidate_1,candidate_2,candidate_4,5,0.028000000000000004
201,candidate_3,candidate_5,candidate_1,candidate_2,candidate_4,5,0.028000000000000004
202,candidate_3,candidate_5,candidate_1,candidate_2,candidate_4,5,0.028000000000000004
203,candidate_3,candidate_5,candidate_1,candidate_2,candidate_4,5,0.028000000000000004
204,candidate_3,candidate_5,0,candidate_2,candidate_4,5,0.028000000000000004
205,candidate_3,candidate_5,candidate_1,0,candidate_4,5,0.028000000000000004
206,candidate_3,candidate_5,candidate_1,candidate_2,candidate_4,5,0.028000000000000004
207,candidate_3,candidate_5,candidate_1,candidate_2,candidate_4,5,0.028000000000000004
208,candidate_3,candidate_5,candidate_1,candidate_2,candidate_4,5,0.028000000000000004
209,candidate_3,candidate_5,candidate_1,candidate_2,candidate_4,5,0.028000000000000004
210,candidate_3,candidate_5,candidate_1,candidate_2,candidate_4,5,0.028000000000000004
211,candidate_3,candidate_5,candidate_1,candidate_2,candidate_4,5,0.028000000000000004
212,0,candidate_5,candidate_1,candidate_2,candidate_4,5,0.028000000000000004
213,candidate_3,candidate_5,candidate_1,candidate_2,candidate_4,5,0.028000000000000004
214,candidate_3,candidate_5,candidate_1,candidate_2,0,5,0.028000000000000004
215,candidate_3,candidate_5,candidate_1,candidate_2,candidate_4,5,0.028000000000000004
216,0,candidate_5,candidate_1,candidate_2,0,5,0.028000000000000004
217,candidate_3,candidate_5,candidate_1,candidate_2,candidate_4,5,0.028000000000000004
218,candidate_3,candidate_5,candidate_1,candidate_2,candidate_4,5,0.028000000000000004
219,candidate_3,candidate_5,candidate_1,candidate_2,candidate_4,5,0.028000000000000004
220,candidate_3,candidate_5,candidate_1,candidate_2,candidate_4,5,0.028000000000000004
221,candidate_3,candidate_5,candidate_1,candidate_2,candidate_4,5,0.028000000000000004
222,candidate_3,candidate_5,candidate_1,candidate_2,candidate_4,5,0.028000000000000004
223,0,candidate_5,candidate_1,candidate_2,candidate_4,5,0.028000000000000004
224,candidate_3,candidate_5,candidate_1,candidate_2,candidate_4,5,0.028000000000000004
225,candidate_3,candidate_5,candidate_1,candidate_2,candidate_4,5,0.028000000000000004
226,candidate_3,candidate_5,candidate_1,candidate_2,candidate_4,5,0.028000000000000004
227,candidate_3,candidate_5,candidate_1,candidate_2,candidate_4,5,0.028000000000000004
228,candidate_3,candidate_5,candidate_1,candidate_2,candidate_4,5,0.028000000000000004
229,candidate_3,candidate_5,candidate_1,candidate_2,candidate_4,5,0.028000000000000004
230,candidate_3,candidate_5,candidate_1,candidate_2,candidate_4,5,0.028000000000000004
231,candidate_3,candidate_5,candidate_1,candidate_2,candidate_4,5,0.028000000000000004
232,candidate_3,candidate_5,candidate_1,candidate_2,candidate_4,5,0.028000000000000004
233,candidate_3,candidate_5,candidate_1,candidate_2,candidate_4,5,0.028000000000000004
234,candidate_3,candidate_5,candidate_1,0,candidate_4,5,0.028000000000000004
235,candidate_3,candidate_5,candidate_1,candidate_2,candidate_4,5,0.028000000000000004
236,candidate_3,candidate_5,candidate_1,candidate_2,candidate_4,5,0.028000000000000004
237,candidate_3,candidate_5,candidate_1,candidate_2,candidate_4,5,0.028000000000000004
238,candidate_3,candidate_5,candidate_1,candidate_2,candidate_4,5,0.028000000000000004
239,candidate_3,candidate_5,candidate_1,candidate_2,candidate_4,5,0.028000000000000004
240,candidate_3,candidate_5,candidate_1,candidate_2,candidate_4,5,0.028000000000000004
241,candidate_3,candidate_5,candidate_1,candidate_2,candidate_4,5,0.028000000000000004
242,candidate_3,candidate_5,candidate_1,candidate_2,candidate_4,5,0.028000000000000004
243,candidate_3,candidate_5,candidate_1,candidate_2,candidate_4,5,0.028000000000000004
244,candidate_3,candidate_5,candidate_1,candidate_2,candidate_4,5,0.028000000000000004
245,candidate_3,candidate_5,0,candidate_2,candidate_4,5,0.028000000000000004
246,candidate_3,candidate_5,candidate_1,candidate_2,candidate_4,5,0.028000000000000004
247,candidate_3,candidate_5,candidate_1,candidate_2,candidate_4,5,0.028000000000000004
248,candidate_3,candidate_5,candidate_1,candidate_2,candidate_4,5,0.028000000000000004
249,candidate_3,candidate_5,candidate_1,candidate_2,candidate_4,5,0.028000000000000004
250,candidate_3,candidate_5,candidate_1,candidate_2,0,5,0.028000000000000004
251,candidate_3,candidate_5,candidate_1,candidate_2,candidate_4,5,0.028000000000000004
252,candidate_3,candidate_5,candidate_1,candidate_2,candidate_4,5,0.028000000000000004
253,candidate_3,candidate_5,candidate_1,candidate_2,candidate_4,5,0.028000000000000004
254,candidate_3,candidate_5,candidate_1,candidate_2,candidate_4,5,0.028000000000000004
255,candidate_3,candidate_5,candidate_1,candidate_2,candidate_4,5,0.028000000000000004
256,candidate_3,candidate_5,candidate_1,candidate_2,candidate_4,5,0.028000000000000004
257,candidate_3,candidate_5,candidate_1,candidate_2,candidate_4,5,0.028000000000000004
258,candidate_3,candidate_5,candidate_1,candidate_2,candidate_4,5,0.028000000000000004
259,candidate_3,candidate_5,candidate_1,candidate_2,candidate_4,5,0.028000000000000004
260,candidate_3,candidate_5,candidate_1,candidate_2,candidate_4,5,0.028000000000000004
261,candidate_3,candidate_5,candidate_1,candidate_2,candidate_4,5,0.028000000000000004
262,candidate_3,candidate_5,candidate_1,candidate_2,candidate_4,5,0.028000000000000004
263,candidate_3,candidate_5,candidate_1,candidate_2,candidate_4,5,0.028000000000000004
264,candidate_3,candidate_5,candidate_1,candidate_2,candidate_4,5,0.028000000000000004
265,candidate_3,candidate_5,candidate_1,candidate_2,candidate_4,5,0.028000000000000004
266,candidate_3,candidate_5,candidate_1,candidate_2,candidate_4,5,0.028000000000000004
267,candidate_3,candidate_5,candidate_1,candidate_2,candidate_4,5,0.028000000000000004
268,candidate_3,candidate_5,candidate_1,candidate_2,candidate_4,5,0.028000000000000004
269,candidate_3,candidate_5,candidate_1,candidate_2,candidate_4,5,0.028000000000000004
270,candidate_3,candidate_5,candidate_1,candidate_2,candidate_4,5,0.028000000000000004
271,candidate_3,candidate_5,candidate_1,candidate_2,candidate_4,5,0.028000000000000004
272,candidate_3,candidate_5,candidate_1,candidate_2,candidate_4,5,0.028000000000000004
273,candidate_3,candidate_5,candidate_1,candidate_2,candidate_4,5,0.028000000000000004
274,candidate_3,candidate_5,candidate_1,candidate_2,candidate_4,5,0.028000000000000004
275,candidate_3,candidate_5,candidate_1,candidate_2,candidate_4,5,0.028000000000000004
276,candidate_3,candidate_5,0,candidate_2,candidate_4,5,0.028000000000000004
277,candidate_3,candidate_5,candidate_1,candidate_2,candidate_4,5,0.028000000000000004
278,candidate_3,candidate_5,candidate_1,candidate_2,candidate_4,5,0.028000000000000004
279,candidate_3,candidate_5,candidate_1,candidate_2,candidate_4,5,0.028000000000000004
280,candidate_3,candidate_5,candidate_1,candidate_2,0,5,0.028000000000000004
281,candidate_3,candidate_5,candidate_1,candidate_2,candidate_4,5,0.028000000000000004
282,candidate_3,candidate_5,candidate_1,candidate_2,candidate_4,5,0.028000000000000004
283,candidate_3,candidate_5,candidate_1,candidate_2,candidate_4,5,0.028000000000000004
284,candidate_3,candidate_5,candidate_1,candidate_2,candidate_4,5,0.028000000000000004
285,candidate_3,candidate_5,candidate_1,candidate_2,candidate_4,5,0.028000000000000004
286,candidate_3,candidate_5,candidate_1,candidate_2,candidate_4,5,0.028000000000000004
287,candidate_3,candidate_5,candidate_1,candidate_2,candidate_4,5,0.028000000000000004
288,candidate_3,candidate_5,candidate_1,candidate_2,candidate_4,5,0.028000000000000004
289,candidate_3,candidate_5,candidate_1,candidate_2,candidate_4,5,0.028000000000000004
290,candidate_3,candidate_5,candidate_1,candidate_2,candidate_4,5,0.028000000000000004
291,candidate_3,candidate_5,candidate_1,0,0,5,0.028000000000000004
292,candidate_3,candidate_5,candidate_1,candidate_2,candidate_4,5,0.028000000000000004
293,candidate_3,candidate_5,candidate_1,candidate_2,candidate_4,5,0.028000000000000004
294,candidate_3,candidate_5,candidate_1,candidate_2,candidate_4,5,0.028000000000000004
295,candidate_3,candidate_5,candidate_1,candidate_2,candidate_4,5,0.028000000000000004
296,candidate_3,candidate_5,candidate_1,candidate_2,candidate_4,5,0.028000000000000004
297,candidate_3,candidate_5,candidate_1,candidate_2,candidate_4,5,0.028000000000000004
298,candidate_3,candidate_5,candidate_1,candidate_2,candidate_4,5,0.028000000000000004
299,candidate_3,candidate_5,candidate_1,candidate_2,candidate_4,5,0.028000000000000004
300,candidate_3,candidate_5,candidate_1,candidate_2,candidate_4,5,0.028000000000000004
301,candidate_3,candidate_5,candidate_1,candidate_2,candidate_4,5,0.028000000000000004
302,candidate_3,candidate_5,candidate_1,candidate_2,candidate_4,5,0.028000000000000004
303,candidate_3,candidate_5,candidate_1,candidate_2,candidate_4,5,0.028000000000000004
304,candidate_3,candidate_5,candidate_1,candidate_2,candidate_4,5,0.028000000000000004
305,candidate_3,candidate_5,candidate_1,candidate_2,candidate_4,5,0.028000000000000004
306,candidate_3,candidate_5,candidate_1,candidate_2,candidate_4,5,0.028000000000000004
307,candidate_3,candidate_5,candidate_1,candidate_2,candidate_4,5,0.028000000000000004
308,candidate_3,candidate_5,candidate_1,candidate_2,candidate_4,5,0.028000000000000004
309,candidate_3,candidate_5,candidate_1,candidate_2,candidate_4,5,0.028000000000000004
310,candidate_3,candidate_5,candidate_1,candidate_2,candidate_4,5,0.028000000000000004
311,candidate_3,candidate_5,candidate_1,candidate_2,candidate_4,5,0.028000000000000004
312,candidate_3,candidate_5,candidate_1,candidate_2,candidate_4,5,0.028000000000000004
313,candidate_3,candidate_5,candidate_1,candidate_2,candidate_4,5,0.028000000000000004
314,candidate_3,candidate_5,candidate_1,candidate_2,candidate_4,5,0.028000000000000004
315,candidate_3,candidate_5,candidate_1,0,candidate_4,5,0.028000000000000004
316,candidate_3,candidate_5,candidate_1,candidate_2,candidate_4,5,0.028000000000000004
317,candidate_3,candidate_5,candidate_1,candidate_2,candidate_4,5,0.028000000000000004
318,candidate_3,candidate_5,candidate_1,candidate_2,candidate_4,5,0.028000000000000004
319,candidate_3,candidate_5,candidate_1,candidate_2,candidate_4,5,0.028000000000000004
320,candidate_3,candidate_5,candidate_1,candidate_2,candidate_4,5,0.028000000000000004
321,candidate_3,candidate_5,0,candidate_2,candidate_4,5,0.028000000000000004
322,candidate_3,candidate_5,candidate_1,candidate_2,candidate_4,5,0.028000000000000004
323,candidate_3,candidate_5,candidate_1,candidate_2,candidate_4,5,0.028000000000000004
324,candidate_3,candidate_5,candidate_1,candidate_2,candidate_4,5,0.028000000000000004
325,candidate_3,candidate_5,candidate_1,candidate_2,candidate_4,5,0.028000000000000004
326,candidate_3,candidate_5,candidate_1,candidate_2,candidate_4,5,0.028000000000000004
327,candidate_3,candidate_5,candidate_1,0,candidate_4,5,0.028000000000000004
328,candidate_3,candidate_5,candidate_1,candidate_2,candidate_4,5,0.028000000000000004
329,candidate_3,candidate_5,candidate_1,candidate_2,candidate_4,5,0.028000000000000004
330,candidate_3,candidate_5,candidate_1,candidate_2,candidate_4,5,0.028000000000000004
331,candidate_3,candidate_5,candidate_1,candidate_2,candidate_4,5,0.028000000000000004
332,candidate_3,candidate_5,candidate_1,candidate_2,candidate_4,5,0.028000000000000004
333,candidate_3,candidate_5,candidate_1,candidate_2,candidate_4,5,0.028000000000000004
334,candidate_3,candidate_5,candidate_1,candidate_2,candidate_4,5,0.028000000000000004
335,candidate_3,candidate_5,candidate_1,candidate_2,candidate_4,5,0.028000000000000004
336,candidate_3,candidate_5,candidate_1,candidate_2,candidate_4,5,0.028000000000000004
337,candidate_3,candidate_5,0,candidate_2,candidate_4,5,0.028000000000000004
338,candidate_3,candidate_5,candidate_1,candidate_2,candidate_4,5,0.028000000000000004
339,candidate_3,candidate_5,candidate_1,candidate_2,candidate_4,5,0.028000000000000004
340,candidate_3,candidate_5,candidate_1,candidate_2,candidate_4,5,0.028000000000000004
341,candidate_3,candidate_5,candidate_1,candidate_2,candidate_4,5,0.028000000000000004
342,candidate_3,candidate_5,candidate_1,candidate_2,candidate_4,5,0.028000000000000004
343,candidate_3,candidate_5,candidate_1,candidate_2,candidate_4,5,0.028000000000000004
344,candidate_3,candidate_5,candidate_1,0,candidate_4,5,0.028000000000000004
345,candidate_3,candidate_5,candidate_1,candidate_2,candidate_4,5,0.028000000000000004
346,candidate_3,candidate_5,candidate_1,candidate_2,candidate_4,5,0.028000000000000004
347,candidate_3,candidate_5,candidate_1,candidate_2,candidate_4,5,0.028000000000000004
348,candidate_3,candidate_5,candidate_1,candidate_2,candidate_4,5,0.028000000000000004
349,candidate_3,candidate_5,candidate_1,candidate_2,candidate_4,5,0.028000000000000004
350,candidate_3,candidate_5,candidate_1,candidate_2,candidate_4,5,0.028000000000000004
351,candidate_3,candidate_5,candidate_1,candidate_2,candidate_4,5,0.028000000000000004
352,candidate_3,candidate_5,candidate_1,candidate_2,candidate_4,5,0.028000000000000004
353,candidate_3,candidate_5,candidate_1,candidate_2,candidate_4,5,0.028000000000000004
354,candidate_3,candidate_5,candidate_1,candidate_2,candidate_4,5,0.028000000000000004
355,0,candidate_5,candidate_1,candidate_2,candidate_4,5,0.028000000000000004
356,candidate_3,candidate_5,candidate_1,candidate_2,candidate_4,5,0.028000000000000004
357,candidate_3,candidate_5,candidate_1,candidate_2,candidate_4,5,0.028000000000000004
358,candidate_3,candidate_5,candidate_1,candidate_2,candidate_4,5,0.028000000000000004
359,candidate_3,candidate_5,candidate_1,candidate_2,candidate_4,5,0.028000000000000004
360,candidate_3,candidate_5,candidate_1,candidate_2,candidate_4,5,0.028000000000000004
361,candidate_3,candidate_5,candidate_1,candidate_2,candidate_4,5,0.028000000000000004
362,candidate_3,candidate_5,candidate_1,candidate_2,candidate_4,5,0.028000000000000004
363,candidate_3,candidate_5,candidate_1,candidate_2,candidate_4,5,0.028000000000000004
364,candidate_3,candidate_5,candidate_1,candidate_2,candidate_4,5,0.028000000000000004
365,candidate_3,candidate_5,candidate_1,candidate_2,candidate_4,5,0.028000000000000004
366,candidate_3,candidate_5,candidate_1,candidate_2,candidate_4,5,0.028000000000000004
367,candidate_3,candidate_5,candidate_1,candidate_2,candidate_4,5,0.028000000000000004
368,0,candidate_5,candidate_1,candidate_2,candidate_4,5,0.028000000000000004
369,candidate_3,candidate_5,candidate_1,candidate_2,candidate_4,5,0.028000000000000004
370,candidate_3,candidate_5,candidate_1,candidate_2,candidate_4,5,0.028000000000000004
371,candidate_3,candidate_5,candidate_1,0,candidate_4,5,0.028000000000000004
372,candidate_3,candidate_5,candidate_1,candidate_2,candidate_4,5,0.028000000000000004
373,candidate_3,candidate_5,candidate_1,candidate_2,candidate_4,5,0.028000000000000004
374,candidate_3,candidate_5,candidate_1,candidate_2,candidate_4,5,0.028000000000000004
375,candidate_3,candidate_5,candidate_1,candidate_2,candidate_4,5,0.028000000000000004
376,candidate_3,candidate_5,candidate_1,candidate_2,candidate_4,5,0.028000000000000004
377,candidate_3,candidate_5,candidate_1,candidate_2,candidate_4,5,0.028000000000000004
378,candidate_3,candidate_5,candidate_1,candidate_2,candidate_4,5,0.028000000000000004
379,candidate_3,candidate_5,candidate_1,candidate_2,candidate_4,5,0.028000000000000004
380,candidate_3,candidate_5,candidate_1,candidate_2,candidate_4,5,0.028000000000000004
381,candidate_3,candidate_5,candidate_1,candidate_2,candidate_4,5,0.028000000000000004
382,candidate_3,candidate_5,candidate_1,candidate_2,candidate_4,5,0.028000000000000004
383,candidate_3,candidate_5,candidate_1,candidate_2,candidate_4,5,0.028000000000000004
384,candidate_3,candidate_5,candidate_1,candidate_2,candidate_4,5,0.028000000000000004
385,candidate_3,candidate_5,candidate_1,candidate_2,0,5,0.028000000000000004
386,candidate_3,candidate_5,candidate_1,candidate_2,candidate_4,5,0.028000000000000004
387,candidate_3,candidate_5,candidate_1,candidate_2,candidate_4,5,0.028000000000000004
388,candidate_3,candidate_5,candidate_1,candidate_2,candidate_4,5,0.028000000000000004
389,candidate_3,candidate_5,candidate_1,candidate_2,candidate_4,5,0.028000000000000004
390,candidate_3,candidate_5,candidate_1,candidate_2,candidate_4,5,0.028000000000000004
391,candidate_3,candidate_5,candidate_1,candidate_2,candidate_4,5,0.028000000000000004
392,candidate_3,candidate_5,candidate_1,candidate_2,candidate_4,5,0.028000000000000004
393,candidate_3,candidate_5,candidate_1,candidate_2,candidate_4,5,0.028000000000000004
394,candidate_3,candidate_5,candidate_1,candidate_2,candidate_4,5,0.028000000000000004
395,candidate_3,candidate_5,candidate_1,candidate_2,candidate_4,5,0.028000000000000004
396,candidate_3,candidate_5,candidate_1,candidate_2,candidate_4,5,0.028000000000000004
397,candidate_3,candidate_5,candidate_1,candidate_2,candidate_4,5,0.028000000000000004
398,candidate_3,candidate_5,candidate_1,candidate_2,candidate_4,5,0.028000000000000004
399,0,candidate_5,candidate_1,candidate_2,candidate_4,5,0.028000000000000004
400,candidate_3,candidate_5,candidate_1,candidate_2,candidate_4,5,0.028000000000000004
401,candidate_3,candidate_5,candidate_1,candidate_2,candidate_4,5,0.028000000000000004
402,candidate_3,candidate_5,candidate_1,candidate_2,candidate_4,5,0.028000000000000004
403,candidate_3,candidate_5,candidate_1,candidate_2,candidate_4,5,0.028000000000000004
404,candidate_3,candidate_5,candidate_1,candidate_2,candidate_4,5,0.028000000000000004
405,candidate_3,candidate_5,candidate_1,candidate_2,candidate_4,5,0.028000000000000004
406,candidate_3,candidate_5,candidate_1,candidate_2,candidate_4,5,0.028000000000000004
407,candidate_3,candidate_5,candidate_1,candidate_2,candidate_4,5,0.028000000000000004
408,candidate_3,candidate_5,candidate_1,candidate_2,candidate_4,5,0.028000000000000004
409,candidate_3,candidate_5,candidate_1,0,candidate_4,5,0.028000000000000004
410,candidate_3,candidate_5,candidate_1,candidate_2,candidate_4,5,0.028000000000000004
411,candidate_3,candidate_5,0,candidate_2,candidate_4,5,0.028000000000000004
412,candidate_3,candidate_5,candidate_1,candidate_2,candidate_4,5,0.028000000000000004
413,candidate_3,candidate_5,candidate_1,candidate_2,candidate_4,5,0.028000000000000004
414,candidate_3,candidate_5,candidate_1,candidate_2,candidate_4,5,0.028000000000000004
415,candidate_3,candidate_5,0,candidate_2,candidate_4,5,0.028000000000000004
416,0,candidate_5,candidate_1,candidate_2,candidate_4,5,0.028000000000000004
417,candidate_3,0,candidate_1,candidate_2,candidate_4,5,0.028000000000000004
418,candidate_3,candidate_5,candidate_1,candidate_2,candidate_4,5,0.028000000000000004
419,candidate_3,candidate_5,candidate_1,candidate_2,candidate_4,5,0.028000000000000004
420,candidate_3,candidate_5,candidate_1,candidate_2,candidate_4,5,0.028000000000000004
421,candidate_3,candidate_5,candidate_1,candidate_2,candidate_4,5,0.028000000000000004
422,candidate_3,candidate_5,0,candidate_2,candidate_4,5,0.028000000000000004
423,candidate_3,candidate_5,candidate_1,candidate_2,candidate_4,5,0.028000000000000004
424,candidate_3,candidate_5,candidate_1,candidate_2,candidate_4,5,0.028000000000000004
425,candidate_3,candidate_5,candidate_1,candidate_2,candidate_4,5,0.028000000000000004
426,candidate_3,0,candidate_1,candidate_2,candidate_4,5,0.028000000000000004
427,candidate_3,candidate_5,candidate_1,candidate_2,candidate_4,5,0.028000000000000004
428,candidate_3,candidate_5,candidate_1,candidate_2,candidate_4,5,0.028000000000000004
429,candidate_3,candidate_5,candidate_1,candidate_2,candidate_4,5,0.028000000000000004
430,candidate_3,candidate_5,candidate_1,candidate_2,candidate_4,5,0.028000000000000004
431,candidate_3,candidate_5,candidate_1,candidate_2,candidate_4,5,0.028000000000000004
432,candidate_3,candidate_5,candidate_1,candidate_2,candidate_4,5,0.028000000000000004
433,candidate_3,candidate_5,candidate_1,candidate_2,candidate_4,5,0.028000000000000004
434,candidate_3,candidate_5,candidate_1,candidate_2,candidate_4,5,0.028000000000000004
435,candidate_3,candidate_5,candidate_1,candidate_2,candidate_4,5,0.028000000000000004
436,candidate_3,candidate_5,candidate_1,candidate_2,candidate_4,5,0.028000000000000004
437,candidate_3,candidate_5,candidate_1,candidate_2,candidate_4,5,0.028000000000000004
438,candidate_3,candidate_5,candidate_1,candidate_2,candidate_4,5,0.028000000000000004
439,candidate_3,candidate_5,candidate_1,candidate_2,candidate_4,5,0.028000000000000004
440,candidate_3,candidate_5,candidate_1,candidate_2,candidate_4,5,0.028000000000000004
441,candidate_3,candidate_5,candidate_1,candidate_2,candidate_4,5,0.028000000000000004
442,candidate_3,candidate_5,candidate_1,candidate_2,candidate_4,5,0.028000000000000004
443,candidate_3,candidate_5,candidate_1,candidate_2,candidate_4,5,0.028000000000000004
444,candidate_3,candidate_5,candidate_1,candidate_2,candidate_4,5,0.028000000000000004
445,candidate_3,candidate_5,candidate_1,candidate_2,candidate_4,5,0.028000000000000004
446,candidate_3,candidate_5,candidate_1,candidate_2,candidate_4,5,0.028000000000000004
447,candidate_3,candidate_5,candidate_1,candidate_2,candidate_4,5,0.028000000000000004
448,candidate_3,candidate_5,candidate_1,candidate_2,candidate_4,5,0.028000000000000004
449,candidate_3,candidate_5,candidate_1,candidate_2,candidate_4,5,0.028000000000000004
450,candidate_3,candidate_5,candidate_1,candidate_2,candidate_4,5,0.028000000000000004
451,candidate_3,candidate_5,candidate_1,candidate_2,candidate_4,5,0.028000000000000004
452,candidate_3,candidate_5,candidate_1,candidate_2,candidate_4,5,0.028000000000000004
453,candidate_3,candidate_5,candidate_1,candidate_2,candidate_4,5,0.028000000000000004
454,candidate_3,candidate_5,candidate_1,candidate_2,candidate_4,5,0.028000000000000004
455,candidate_3,candidate_5,0,candidate_2,candidate_4,5,0.028000000000000004
456,0,candidate_5,candidate_1,candidate_2,candidate_4,5,0.028000000000000004
457,candidate_3,candidate_5,candidate_1,candidate_2,candidate_4,5,0.028000000000000004
458,candidate_3,candidate_5,candidate_1,candidate_2,candidate_4,5,0.028000000000000004
459,candidate_3,candidate_5,candidate_1,candidate_2,candidate_4,5,0.028000000000000004
460,candidate_3,candidate_5,candidate_1,candidate_2,candidate_4,5,0.028000000000000004
461,candidate_3,candidate_5,candidate_1,candidate_2,candidate_4,5,0.028000000000000004
462,candidate_3,candidate_5,candidate_1,candidate_2,candidate_4,5,0.028000000000000004
463,candidate_3,candidate_5,candidate_1,candidate_2,candidate_4,5,0.028000000000000004
464,candidate_3,candidate_5,candidate_1,candidate_2,candidate_4,5,0.028000000000000004
465,candidate_3,candidate_5,candidate_1,candidate_2,candidate_4,5,0.028000000000000004
466,candidate_3,candidate_5,candidate_1,candidate_2,candidate_4,5,0.028000000000000004
467,0,candidate_5,candidate_1,candidate_2,candidate_4,5,0.028000000000000004
468,candidate_3,candidate_5,candidate_1,candidate_2,candidate_4,5,0.028000000000000004
469,candidate_3,candidate_5,candidate_1,candidate_2,candidate_4,5,0.028000000000000004
470,candidate_3,candidate_5,candidate_1,candidate_2,candidate_4,5,0.028000000000000004
471,candidate_3,candidate_5,candidate_1,candidate_2,candidate_4,5,0.028000000000000004
472,candidate_3,candidate_5,candidate_1,candidate_2,candidate_4,5,0.028000000000000004
473,candidate_3,candidate_5,candidate_1,candidate_2,candidate_4,5,0.028000000000000004
474,candidate_3,candidate_5,candidate_1,candidate_2,candidate_4,5,0.028000000000000004
475,candidate_3,candidate_5,candidate_1,candidate_2,candidate_4,5,0.028000000000000004
476,candidate_3,candidate_5,candidate_1,candidate_2,candidate_4,5,0.028000000000000004
477,candidate_3,candidate_5,candidate_1,candidate_2,candidate_4,5,0.028000000000000004
478,candidate_3,candidate_5,candidate_1,candidate_2,candidate_4,5,0.028000000000000004
479,candidate_3,candidate_5,0,candidate_2,candidate_4,5,0.028000000000000004
480,candidate_3,candidate_5,candidate_1,candidate_2,candidate_4,5,0.028000000000000004
481,candidate_3,candidate_5,candidate_1,candidate_2,candidate_4,5,0.028000000000000004
482,candidate_3,candidate_5,candidate_1,candidate_2,candidate_4,5,0.028000000000000004
483,candidate_3,candidate_5,candidate_1,candidate_2,candidate_4,5,0.028000000000000004
484,candidate_3,candidate_5,candidate_1,candidate_2,candidate_4,5,0.028000000000000004
485,candidate_3,candidate_5,0,candidate_2,candidate_4,5,0.028000000000000004
486,candidate_3,candidate_5,candidate_1,candidate_2,candidate_4,5,0.028000000000000004
487,candidate_3,candidate_5,candidate_1,candidate_2,candidate_4,5,0.028000000000000004
488,candidate_3,candidate_5,candidate_1,candidate_2,candidate_4,5,0.028000000000000004
489,candidate_3,candidate_5,candidate_1,candidate_2,candidate_4,5,0.028000000000000004
490,candidate_3,candidate_5,candidate_1,candidate_2,candidate_4,5,0.028000000000000004
491,candidate_3,candidate_5,candidate_1,candidate_2,candidate_4,5,0.028000000000000004
492,candidate_3,candidate_5,candidate_1,candidate_2,candidate_4,5,0.028000000000000004
493,candidate_3,candidate_5,candidate_1,candidate_2,candidate_4,5,0.028000000000000004
494,candidate_3,candidate_5,candidate_1,candidate_2,candidate_4,5,0.028000000000000004
495,candidate_3,candidate_5,candidate_1,candidate_2,candidate_4,5,0.028000000000000004
496,candidate_3,candidate_5,candidate_1,candidate_2,candidate_4,5,0.028000000000000004
497,candidate_3,candidate_5,candidate_1,candidate_2,candidate_4,5,0.028000000000000004
498,candidate_3,candidate_5,candidate_1,candidate_2,candidate_4,5,0.028000000000000004
499,candidate_3,candidate_5,candidate_1,candidate_2,candidate_4,5,0.028000000000000004
500,candidate_3,candidate_5,candidate_1,candidate_2,candidate_4,5,0.028000000000000004
501,candidate_3,candidate_5,candidate_1,candidate_2,candidate_4,5,0.028000000000000004
502,candidate_3,candidate_5,candidate_1,candidate_2,candidate_4,5,0.028000000000000004
503,candidate_3,candidate_5,candidate_1,candidate_2,candidate_4,5,0.028000000000000004
504,candidate_3,candidate_5,candidate_1,candidate_2,candidate_4,5,0.028000000000000004
505,candidate_3,candidate_5,candidate_1,candidate_2,candidate_4,5,0.028000000000000004
506,candidate_3,candidate_5,candidate_1,candidate_2,candidate_4,5,0.028000000000000004
507,candidate_3,candidate_5,candidate_1,candidate_2,candidate_4,5,0.028000000000000004
508,candidate_3,candidate_5,candidate_1,candidate_2,candidate_4,5,0.028000000000000004
509,candidate_3,candidate_5,candidate_1,candidate_2,candidate_4,5,0.028000000000000004
510,candidate_3,candidate_5,candidate_1,candidate_2,candidate_4,5,0.028000000000000004
511,candidate_3,candidate_5,candidate_1,candidate_2,candidate_4,5,0.028000000000000004
512,candidate_3,candidate_5,candidate_1,candidate_2,0,5,0.028000000000000004
513,candidate_3,candidate_5,candidate_1,candidate_2,candidate_4,5,0.028000000000000004
514,candidate_3,candidate_5,candidate_1,candidate_2,candidate_4,5,0.028000000000000004
515,0,candidate_5,candidate_1,candidate_2,candidate_4,5,0.028000000000000004
516,candidate_3,candidate_5,candidate_1,candidate_2,candidate_4,5,0.028000000000000004
517,candidate_3,candidate_5,candidate_1,candidate_2,candidate_4,5,0.028000000000000004
518,candidate_3,candidate_5,candidate_1,candidate_2,candidate_4,5,0.028000000000000004
519,candidate_3,candidate_5,candidate_1,candidate_2,candidate_4,5,0.028000000000000004
520,candidate_3,candidate_5,candidate_1,candidate_2,candidate_4,5,0.028000000000000004
521,candidate_3,candidate_5,candidate_1,candidate_2,candidate_4,5,0.028000000000000004
522,candidate_3,candidate_5,candidate_1,candidate_2,candidate_4,5,0.028000000000000004
523,candidate_3,candidate_5,candidate_1,0,candidate_4,5,0.028000000000000004
524,candidate_3,candidate_5,candidate_1,candidate_2,candidate_4,5,0.028000000000000004
525,candidate_3,candidate_5,candidate_1,candidate_2,candidate_4,5,0.028000000000000004
526,candidate_3,candidate_5,candidate_1,candidate_2,candidate_4,5,0.028000000000000004
527,candidate_3,candidate_5,candidate_1,candidate_2,candidate_4,5,0.028000000000000004
528,candidate_3,candidate_5,candidate_1,candidate_2,candidate_4,5,0.028000000000000004
529,candidate_3,candidate_5,candidate_1,candidate_2,candidate_4,5,0.028000000000000004
530,candidate_3,candidate_5,candidate_1,candidate_2,candidate_4,5,0.028000000000000004
531,candidate_3,candidate_5,candidate_1,candidate_2,candidate_4,5,0.028000000000000004
532,candidate_3,candidate_5,candidate_1,candidate_2,candidate_4,5,0.028000000000000004
533,candidate_3,candidate_5,candidate_1,candidate_2,candidate_4,5,0.028000000000000004
534,candidate_3,candidate_5,candidate_1,candidate_2,candidate_4,5,0.028000000000000004
535,candidate_3,candidate_5,candidate_1,candidate_2,candidate_4,5,0.028000000000000004
536,candidate_3,candidate_5,candidate_1,candidate_2,candidate_4,5,0.028000000000000004
537,candidate_3,candidate_5,candidate_1,candidate_2,candidate_4,5,0.028000000000000004
538,candidate_3,candidate_5,candidate_1,candidate_2,candidate_4,5,0.028000000000000004
539,candidate_3,candidate_5,candidate_1,candidate_2,candidate_4,5,0.028000000000000004
540,candidate_3,candidate_5,candidate_1,candidate_2,candidate_4,5,0.028000000000000004
541,candidate_3,candidate_5,candidate_1,candidate_2,candidate_4,5,0.028000000000000004
542,candidate_3,candidate_5,candidate_1,candidate_2,candidate_4,5,0.028000000000000004
543,candidate_3,candidate_5,candidate_1,candidate_2,candidate_4,5,0.028000000000000004
544,candidate_3,candidate_5,candidate_1,candidate_2,candidate_4,5,0.028000000000000004
545,candidate_3,candidate_5,candidate_1,candidate_2,candidate_4,5,0.028000000000000004
546,candidate_3,candidate_5,0,candidate_2,candidate_4,5,0.028000000000000004
547,candidate_3,candidate_5,candidate_1,candidate_2,candidate_4,5,0.028000000000000004
548,candidate_3,candidate_5,candidate_1,candidate_2,candidate_4,5,0.028000000000000004
549,candidate_3,candidate_5,candidate_1,candidate_2,candidate_4,5,0.028000000000000004
550,candidate_3,candidate_5,candidate_1,candidate_2,candidate_4,5,0.028000000000000004
551,candidate_3,candidate_5,candidate_1,candidate_2,candidate_4,5,0.028000000000000004
552,candidate_3,candidate_5,candidate_1,candidate_2,candidate_4,5,0.028000000000000004
553,candidate_3,candidate_5,candidate_1,candidate_2,candidate_4,5,0.028000000000000004
554,0,0,candidate_1,candidate_2,candidate_4,5,0.028000000000000004
555,candidate_3,candidate_5,candidate_1,candidate_2,candidate_4,5,0.028000000000000004
556,candidate_3,candidate_5,candidate_1,candidate_2,candidate_4,5,0.028000000000000004
557,candidate_3,candidate_5,candidate_1,candidate_2,candidate_4,5,0.028000000000000004
558,candidate_3,candidate_5,0,candidate_2,candidate_4,5,0.028000000000000004
559,candidate_3,candidate_5,candidate_1,candidate_2,candidate_4,5,0.028000000000000004
560,candidate_3,candidate_5,candidate_1,candidate_2,candidate_4,5,0.028000000000000004
561,candidate_3,candidate_5,candidate_1,candidate_2,candidate_4,5,0.028000000000000004
562,candidate_3,candidate_5,candidate_1,candidate_2,candidate_4,5,0.028000000000000004
563,candidate_3,candidate_5,candidate_1,0,candidate_4,5,0.028000000000000004
564,candidate_3,candidate_5,candidate_1,candidate_2,candidate_4,5,0.028000000000000004
565,candidate_3,candidate_5,candidate_1,candidate_2,candidate_4,5,0.028000000000000004
566,candidate_3,candidate_5,candidate_1,candidate_2,candidate_4,5,0.028000000000000004
567,candidate_3,candidate_5,candidate_1,candidate_2,candidate_4,5,0.028000000000000004
568,candidate_3,candidate_5,candidate_1,candidate_2,candidate_4,5,0.028000000000000004
569,candidate_3,candidate_5,0,candidate_2,candidate_4,5,0.028000000000000004
570,candidate_3,candidate_5,candidate_1,candidate_2,candidate_4,5,0.028000000000000004
571,candidate_3,candidate_5,candidate_1,candidate_2,candidate_4,5,0.028000000000000004
572,candidate_3,candidate_5,candidate_1,candidate_2,candidate_4,5,0.028000000000000004
573,candidate_3,candidate_5,candidate_1,candidate_2,candidate_4,5,0.028000000000000004
574,candidate_3,candidate_5,candidate_1,candidate_2,candidate_4,5,0.028000000000000004
575,candidate_3,candidate_5,candidate_1,candidate_2,candidate_4,5,0.028000000000000004
576,candidate_3,candidate_5,candidate_1,candidate_2,candidate_4,5,0.028000000000000004
577,candidate_3,candidate_5,candidate_1,candidate_2,candidate_4,5,0.028000000000000004
578,candidate_3,candidate_5,candidate_1,candidate_2,candidate_4,5,0.028000000000000004
579,candidate_3,candidate_5,candidate_1,0,candidate_4,5,0.028000000000000004
580,candidate_3,candidate_5,candidate_1,candidate_2,candidate_4,5,0.028000000000000004
581,candidate_3,candidate_5,candidate_1,candidate_2,candidate_4,5,0.028000000000000004
582,candidate_3,candidate_5,candidate_1,candidate_2,candidate_4,5,0.028000000000000004
583,candidate_3,candidate_5,candidate_1,candidate_2,candidate_4,5,0.028000000000000004
584,candidate_3,candidate_5,candidate_1,candidate_2,candidate_4,5,0.028000000000000004
585,candidate_3,candidate_5,candidate_1,candidate_2,candidate_4,5,0.028000000000000004
586,candidate_3,0,0,candidate_2,candidate_4,5,0.028000000000000004
587,candidate_3,candidate_5,candidate_1,candidate_2,candidate_4,5,0.028000000000000004
588,candidate_3,candidate_5,candidate_1,candidate_2,candidate_4,5,0.028000000000000004
589,candidate_3,candidate_5,candidate_1,candidate_2,candidate_4,5,0.028000000000000004
590,candidate_3,candidate_5,candidate_1,candidate_2,candidate_4,5,0.028000000000000004
591,candidate_3,candidate_5,candidate_1,candidate_2,candidate_4,5,0.028000000000000004
592,candidate_3,candidate_5,candidate_1,candidate_2,candidate_4,5,0.028000000000000004
593,candidate_3,candidate_5,candidate_1,candidate_2,candidate_4,5,0.028000000000000004
594,candidate_3,candidate_5,candidate_1,candidate_2,candidate_4,5,0.028000000000000004
595,candidate_3,candidate_5,candidate_1,candidate_2,candidate_4,5,0.028000000000000004
596,candidate_3,candidate_5,candidate_1,candidate_2,candidate_4,5,0.028000000000000004
597,candidate_3,candidate_5,candidate_1,candidate_2,candidate_4,5,0.028000000000000004
598,candidate_3,candidate_5,candidate_1,candidate_2,candidate_4,5,0.028000000000000004
599,candidate_3,candidate_5,candidate_1,candidate_2,candidate_4,5,0.028000000000000004
600,candidate_3,candidate_5,candidate_1,candidate_2,candidate_4,5,0.028000000000000004
601,candidate_3,candidate_5,candidate_1,candidate_2,candidate_4,5,0.028000000000000004
602,candidate_3,candidate_5,candidate_1,candidate_2,candidate_4,5,0.028000000000000004
0,candidate_3,candidate_5,candidate_1,candidate_4,candidate_2,5,0.028000000000000004
1,candidate_3,candidate_5,candidate_1,candidate_4,candidate_2,5,0.028000000000000004
2,candidate_3,candidate_5,0,candidate_4,candidate_2,5,0.028000000000000004
3,candidate_3,candidate_5,candidate_1,candidate_4,0,5,0.028000000000000004
4,candidate_3,candidate_5,candidate_1,candidate_4,candidate_2,5,0.028000000000000004
5,candidate_3,candidate_5,0,candidate_4,candidate_2,5,0.028000000000000004
6,candidate_3,candidate_5,candidate_1,candidate_4,candidate_2,5,0.028000000000000004
7,candidate_3,candidate_5,candidate_1,candidate_4,candidate_2,5,0.028000000000000004
8,candidate_3,candidate_5,candidate_1,candidate_4,candidate_2,5,0.028000000000000004
9,candidate_3,candidate_5,candidate_1,candidate_4,candidate_2,5,0.028000000000000004
10,candidate_3,candidate_5,candidate_1,candidate_4,candidate_2,5,0.028000000000000004
11,candidate_3,candidate_5,candidate_1,candidate_4,candidate_2,5,0.028000000000000004
12,candidate_3,candidate_5,candidate_1,candidate_4,candidate_2,5,0.028000000000000004
13,candidate_3,candidate_5,candidate_1,candidate_4,candidate_2,5,0.028000000000000004
14,candidate_3,candidate_5,candidate_1,candidate_4,candidate_2,5,0.028000000000000004
15,candidate_3,candidate_5,candidate_1,candidate_4,candidate_2,5,0.028000000000000004
16,candidate_3,candidate_5,candidate_1,candidate_4,candidate_2,5,0.028000000000000004
17,candidate_3,candidate_5,candidate_1,candidate_4,candidate_2,5,0.028000000000000004
18,candidate_3,candidate_5,candidate_1,candidate_4,candidate_2,5,0.028000000000000004
19,candidate_3,candidate_5,candidate_1,candidate_4,candidate_2,5,0.028000000000000004
20,candidate_3,candidate_5,candidate_1,candidate_4,candidate_2,5,0.028000000000000004
21,candidate_3,candidate_5,candidate_1,candidate_4,candidate_2,5,0.028000000000000004
22,candidate_3,candidate_5,candidate_1,candidate_4,candidate_2,5,0.028000000000000004
23,candidate_3,candidate_5,candidate_1,candidate_4,candidate_2,5,0.028000000000000004
24,candidate_3,candidate_5,candidate_1,0,candidate_2,5,0.028000000000000004
25,candidate_3,candidate_5,candidate_1,candidate_4,candidate_2,5,0.028000000000000004
26,candidate_3,candidate_5,candidate_1,candidate_4,candidate_2,5,0.028000000000000004
27,candidate_3,candidate_5,candidate_1,candidate_4,candidate_2,5,0.028000000000000004
28,candidate_3,candidate_5,candidate_1,candidate_4,candidate_2,5,0.028000000000000004
29,candidate_3,candidate_5,candidate_1,candidate_4,candidate_2,5,0.028000000000000004
30,candidate_3,candidate_5,candidate_1,candidate_4,candidate_2,5,0.028000000000000004
31,candidate_3,candidate_5,candidate_1,candidate_4,candidate_2,5,0.028000000000000004
32,candidate_3,candidate_5,candidate_1,candidate_4,candidate_2,5,0.028000000000000004
33,candidate_3,candidate_5,candidate_1,candidate_4,candidate_2,5,0.028000000000000004
34,candidate_3,candidate_5,candidate_1,candidate_4,0,5,0.028000000000000004
35,candidate_3,candidate_5,candidate_1,candidate_4,candidate_2,5,0.028000000000000004
36,candidate_3,candidate_5,candidate_1,candidate_4,candidate_2,5,0.028000000000000004
37,candidate_3,candidate_5,candidate_1,candidate_4,candidate_2,5,0.028000000000000004
38,candidate_3,candidate_5,candidate_1,candidate_4,candidate_2,5,0.028000000000000004
39,candidate_3,0,candidate_1,candidate_4,candidate_2,5,0.028000000000000004
40,candidate_3,candidate_5,candidate_1,candidate_4,candidate_2,5,0.028000000000000004
41,candidate_3,candidate_5,candidate_1,candidate_4,candidate_2,5,0.028000000000000004
42,candidate_3,candidate_5,candidate_1,candidate_4,candidate_2,5,0.028000000000000004
43,candidate_3,candidate_5,candidate_1,candidate_4,candidate_2,5,0.028000000000000004
44,candidate_3,candidate_5,candidate_1,candidate_4,candidate_2,5,0.028000000000000004
45,candidate_3,candidate_5,candidate_1,candidate_4,candidate_2,5,0.028000000000000004
46,candidate_3,candidate_5,candidate_1,candidate_4,candidate_2,5,0.028000000000000004
47,candidate_3,candidate_5,candidate_1,candidate_4,candidate_2,5,0.028000000000000004
48,candidate_3,candidate_5,candidate_1,candidate_4,candidate_2,5,0.028000000000000004
49,candidate_3,candidate_5,candidate_1,candidate_4,candidate_2,5,0.028000000000000004
50,candidate_3,candidate_5,candidate_1,candidate_4,candidate_2,5,0.028000000000000004
51,candidate_3,candidate_5,candidate_1,candidate_4,candidate_2,5,0.028000000000000004
52,candidate_3,candidate_5,candidate_1,candidate_4,candidate_2,5,0.028000000000000004
53,candidate_3,candidate_5,candidate_1,candidate_4,candidate_2,5,0.028000000000000004
54,candidate_3,candidate_5,candidate_1,candidate_4,candidate_2,5,0.028000000000000004
55,candidate_3,candidate_5,candidate_1,candidate_4,candidate_2,5,0.028000000000000004
56,candidate_3,candidate_5,candidate_1,candidate_4,candidate_2,5,0.028000000000000004
57,candidate_3,candidate_5,candidate_1,candidate_4,candidate_2,5,0.028000000000000004
58,candidate_3,candidate_5,candidate_1,candidate_4,candidate_2,5,0.028000000000000004
59,candidate_3,candidate_5,candidate_1,candidate_4,candidate_2,5,0.028000000000000004
60,candidate_3,candidate_5,candidate_1,candidate_4,candidate_2,5,0.028000000000000004
61,candidate_3,candidate_5,candidate_1,candidate_4,candidate_2,5,0.028000000000000004
62,candidate_3,candidate_5,candidate_1,candidate_4,candidate_2,5,0.028000000000000004
63,candidate_3,candidate_5,candidate_1,candidate_4,candidate_2,5,0.028000000000000004
64,candidate_3,candidate_5,candidate_1,candidate_4,candidate_2,5,0.028000000000000004
65,candidate_3,candidate_5,candidate_1,candidate_4,candidate_2,5,0.028000000000000004
66,candidate_3,candidate_5,candidate_1,candidate_4,candidate_2,5,0.028000000000000004
67,candidate_3,candidate_5,candidate_1,candidate_4,candidate_2,5,0.028000000000000004
68,candidate_3,candidate_5,candidate_1,candidate_4,candidate_2,5,0.028000000000000004
69,candidate_3,candidate_5,candidate_1,candidate_4,candidate_2,5,0.028000000000000004
70,candidate_3,candidate_5,candidate_1,candidate_4,candidate_2,5,0.028000000000000004
71,candidate_3,candidate_5,candidate_1,0,candidate_2,5,0.028000000000000004
72,candidate_3,candidate_5,candidate_1,candidate_4,candidate_2,5,0.028000000000000004
73,candidate_3,candidate_5,candidate_1,candidate_4,candidate_2,5,0.028000000000000004
74,candidate_3,candidate_5,candidate_1,candidate_4,candidate_2,5,0.028000000000000004
75,candidate_3,candidate_5,candidate_1,candidate_4,candidate_2,5,0.028000000000000004
76,candidate_3,candidate_5,candidate_1,candidate_4,candidate_2,5,0.028000000000000004
77,candidate_3,candidate_5,candidate_1,candidate_4,candidate_2,5,0.028000000000000004
78,candidate_3,candidate_5,candidate_1,candidate_4,candidate_2,5,0.028000000000000004
79,candidate_3,candidate_5,candidate_1,candidate_4,candidate_2,5,0.028000000000000004
80,candidate_3,candidate_5,candidate_1,candidate_4,candidate_2,5,0.028000000000000004
81,candidate_3,candidate_5,candidate_1,candidate_4,candidate_2,5,0.028000000000000004
82,candidate_3,candidate_5,candidate_1,candidate_4,candidate_2,5,0.028000000000000004
83,candidate_3,candidate_5,candidate_1,candidate_4,candidate_2,5,0.028000000000000004
84,candidate_3,candidate_5,candidate_1,candidate_4,candidate_2,5,0.028000000000000004
85,candidate_3,candidate_5,candidate_1,candidate_4,candidate_2,5,0.028000000000000004
86,candidate_3,candidate_5,candidate_1,candidate_4,candidate_2,5,0.028000000000000004
87,candidate_3,candidate_5,candidate_1,candidate_4,candidate_2,5,0.028000000000000004
88,candidate_3,candidate_5,candidate_1,candidate_4,candidate_2,5,0.028000000000000004
89,candidate_3,candidate_5,candidate_1,candidate_4,candidate_2,5,0.028000000000000004
90,candidate_3,candidate_5,candidate_1,candidate_4,candidate_2,5,0.028000000000000004
91,candidate_3,candidate_5,candidate_1,candidate_4,candidate_2,5,0.028000000000000004
92,candidate_3,candidate_5,candidate_1,candidate_4,candidate_2,5,0.028000000000000004
93,candidate_3,candidate_5,candidate_1,candidate_4,candidate_2,5,0.028000000000000004
94,candidate_3,candidate_5,candidate_1,0,candidate_2,5,0.028000000000000004
95,candidate_3,candidate_5,candidate_1,candidate_4,candidate_2,5,0.028000000000000004
96,candidate_3,candidate_5,candidate_1,candidate_4,candidate_2,5,0.028000000000000004
97,candidate_3,candidate_5,candidate_1,candidate_4,candidate_2,5,0.028000000000000004
98,candidate_3,candidate_5,candidate_1,candidate_4,candidate_2,5,0.028000000000000004
99,candidate_3,candidate_5,candidate_1,candidate_4,candidate_2,5,0.028000000000000004
100,candidate_3,candidate_5,candidate_1,candidate_4,candidate_2,5,0.028000000000000004
101,candidate_3,candidate_5,candidate_1,candidate_4,candidate_2,5,0.028000000000000004
102,candidate_3,candidate_5,candidate_1,candidate_4,candidate_2,5,0.028000000000000004
103,candidate_3,candidate_5,candidate_1,candidate_4,candidate_2,5,0.028000000000000004
104,candidate_3,candidate_5,candidate_1,candidate_4,candidate_2,5,0.028000000000000004
105,candidate_3,candidate_5,candidate_1,0,candidate_2,5,0.028000000000000004
106,candidate_3,candidate_5,candidate_1,candidate_4,candidate_2,5,0.028000000000000004
107,candidate_3,candidate_5,candidate_1,candidate_4,candidate_2,5,0.028000000000000004
108,candidate_3,candidate_5,candidate_1,candidate_4,candidate_2,5,0.028000000000000004
109,candidate_3,candidate_5,candidate_1,candidate_4,candidate_2,5,0.028000000000000004
110,candidate_3,candidate_5,candidate_1,candidate_4,candidate_2,5,0.028000000000000004
111,candidate_3,candidate_5,candidate_1,candidate_4,candidate_2,5,0.028000000000000004
112,candidate_3,candidate_5,candidate_1,candidate_4,candidate_2,5,0.028000000000000004
113,candidate_3,candidate_5,candidate_1,candidate_4,candidate_2,5,0.028000000000000004
114,candidate_3,candidate_5,candidate_1,candidate_4,candidate_2,5,0.028000000000000004
115,candidate_3,candidate_5,candidate_1,candidate_4,candidate_2,5,0.028000000000000004
116,candidate_3,candidate_5,candidate_1,candidate_4,candidate_2,5,0.028000000000000004
117,candidate_3,candidate_5,candidate_1,candidate_4,candidate_2,5,0.028000000000000004
118,candidate_3,candidate_5,candidate_1,candidate_4,candidate_2,5,0.028000000000000004
119,candidate_3,candidate_5,candidate_1,candidate_4,candidate_2,5,0.028000000000000004
120,candidate_3,candidate_5,candidate_1,candidate_4,candidate_2,5,0.028000000000000004
121,candidate_3,candidate_5,candidate_1,0,candidate_2,5,0.028000000000000004
122,candidate_3,candidate_5,candidate_1,candidate_4,candidate_2,5,0.028000000000000004
0,candidate_3,candidate_5,candidate_2,candidate_1,candidate_4,5,0.028000000000000004
1,candidate_3,candidate_5,candidate_2,candidate_1,candidate_4,5,0.028000000000000004
2,candidate_3,candidate_5,candidate_2,candidate_1,candidate_4,5,0.028000000000000004
3,candidate_3,candidate_5,candidate_2,candidate_1,candidate_4,5,0.028000000000000004
4,candidate_3,candidate_5,candidate_2,candidate_1,candidate_4,5,0.028000000000000004
5,candidate_3,candidate_5,candidate_2,candidate_1,candidate_4,5,0.028000000000000004
6,candidate_3,candidate_5,candidate_2,candidate_1,candidate_4,5,0.028000000000000004
7,candidate_3,candidate_5,candidate_2,candidate_1,candidate_4,5,0.028000000000000004
8,candidate_3,candidate_5,candidate_2,candidate_1,candidate_4,5,0.028000000000000004
9,0,candidate_5,candidate_2,candidate_1,candidate_4,5,0.028000000000000004
10,candidate_3,candidate_5,candidate_2,candidate_1,candidate_4,5,0.028000000000000004
11,candidate_3,candidate_5,candidate_2,candidate_1,candidate_4,5,0.028000000000000004
12,candidate_3,candidate_5,candidate_2,candidate_1,candidate_4,5,0.028000000000000004
13,candidate_3,candidate_5,candidate_2,candidate_1,candidate_4,5,0.028000000000000004
14,candidate_3,candidate_5,candidate_2,candidate_1,candidate_4,5,0.028000000000000004
15,candidate_3,candidate_5,candidate_2,candidate_1,candidate_4,5,0.028000000000000004
16,candidate_3,candidate_5,candidate_2,candidate_1,candidate_4,5,0.028000000000000004
17,candidate_3,candidate_5,candidate_2,candidate_1,candidate_4,5,0.028000000000000004
18,candidate_3,candidate_5,candidate_2,candidate_1,candidate_4,5,0.028000000000000004
19,candidate_3,candidate_5,candidate_2,candidate_1,candidate_4,5,0.028000000000000004
20,candidate_3,candidate_5,candidate_2,candidate_1,candidate_4,5,0.028000000000000004
21,candidate_3,candidate_5,candidate_2,0,candidate_4,5,0.028000000000000004
22,candidate_3,candidate_5,candidate_2,candidate_1,candidate_4,5,0.028000000000000004
23,candidate_3,candidate_5,candidate_2,candidate_1,candidate_4,5,0.028000000000000004
24,candidate_3,candidate_5,candidate_2,candidate_1,candidate_4,5,0.028000000000000004
25,0,candidate_5,candidate_2,candidate_1,candidate_4,5,0.028000000000000004
26,candidate_3,candidate_5,candidate_2,candidate_1,candidate_4,5,0.028000000000000004
27,candidate_3,candidate_5,candidate_2,candidate_1,candidate_4,5,0.028000000000000004
28,candidate_3,candidate_5,candidate_2,candidate_1,candidate_4,5,0.028000000000000004
29,candidate_3,candidate_5,candidate_2,candidate_1,candidate_4,5,0.028000000000000004
30,candidate_3,0,candidate_2,candidate_1,candidate_4,5,0.028000000000000004
31,candidate_3,candidate_5,candidate_2,candidate_1,candidate_4,5,0.028000000000000004
32,candidate_3,candidate_5,candidate_2,candidate_1,candidate_4,5,0.028000000000000004
33,candidate_3,candidate_5,candidate_2,candidate_1,candidate_4,5,0.028000000000000004
34,candidate_3,candidate_5,candidate_2,candidate_1,candidate_4,5,0.028000000000000004
35,candidate_3,candidate_5,candidate_2,0,candidate_4,5,0.028000000000000004
36,candidate_3,0,candidate_2,candidate_1,0,5,0.028000000000000004
37,candidate_3,candidate_5,candidate_2,candidate_1,candidate_4,5,0.028000000000000004
38,candidate_3,candidate_5,candidate_2,candidate_1,candidate_4,5,0.028000000000000004
39,candidate_3,candidate_5,candidate_2,candidate_1,candidate_4,5,0.028000000000000004
40,candidate_3,candidate_5,candidate_2,candidate_1,candidate_4,5,0.028000000000000004
41,candidate_3,candidate_5,candidate_2,candidate_1,candidate_4,5,0.028000000000000004
42,candidate_3,candidate_5,candidate_2,candidate_1,candidate_4,5,0.028000000000000004
43,candidate_3,candidate_5,candidate_2,candidate_1,candidate_4,5,0.028000000000000004
44,candidate_3,candidate_5,candidate_2,candidate_1,candidate_4,5,0.028000000000000004
45,candidate_3,candidate_5,candidate_2,0,candidate_4,5,0.028000000000000004
46,candidate_3,candidate_5,candidate_2,candidate_1,candidate_4,5,0.028000000000000004
47,candidate_3,candidate_5,candidate_2,candidate_1,candidate_4,5,0.028000000000000004
48,candidate_3,candidate_5,candidate_2,candidate_1,candidate_4,5,0.028000000000000004
49,candidate_3,candidate_5,candidate_2,0,candidate_4,5,0.028000000000000004
50,candidate_3,candidate_5,candidate_2,candidate_1,candidate_4,5,0.028000000000000004
51,candidate_3,candidate_5,candidate_2,candidate_1,candidate_4,5,0.028000000000000004
52,candidate_3,candidate_5,0,candidate_1,candidate_4,5,0.028000000000000004
53,candidate_3,candidate_5,candidate_2,candidate_1,candidate_4,5,0.028000000000000004
54,candidate_3,candidate_5,candidate_2,candidate_1,candidate_4,5,0.028000000000000004
55,candidate_3,0,candidate_2,candidate_1,candidate_4,5,0.028000000000000004
56,candidate_3,candidate_5,candidate_2,candidate_1,0,5,0.028000000000000004
57,candidate_3,candidate_5,candidate_2,candidate_1,candidate_4,5,0.028000000000000004
58,candidate_3,candidate_5,candidate_2,candidate_1,candidate_4,5,0.028000000000000004
59,candidate_3,candidate_5,candidate_2,candidate_1,candidate_4,5,0.028000000000000004
60,candidate_3,candidate_5,candidate_2,candidate_1,candidate_4,5,0.028000000000000004
61,candidate_3,0,candidate_2,candidate_1,candidate_4,5,0.028000000000000004
62,candidate_3,candidate_5,candidate_2,candidate_1,0,5,0.028000000000000004
63,candidate_3,candidate_5,candidate_2,candidate_1,candidate_4,5,0.028000000000000004
64,candidate_3,candidate_5,candidate_2,candidate_1,candidate_4,5,0.028000000000000004
65,candidate_3,candidate_5,candidate_2,candidate_1,candidate_4,5,0.028000000000000004
66,candidate_3,candidate_5,candidate_2,candidate_1,candidate_4,5,0.028000000000000004
67,candidate_3,candidate_5,candidate_2,candidate_1,candidate_4,5,0.028000000000000004
68,candidate_3,candidate_5,candidate_2,candidate_1,candidate_4,5,0.028000000000000004
69,candidate_3,candidate_5,candidate_2,candidate_1,candidate_4,5,0.028000000000000004
70,candidate_3,candidate_5,candidate_2,candidate_1,candidate_4,5,0.028000000000000004
71,candidate_3,0,candidate_2,candidate_1,candidate_4,5,0.028000000000000004
72,candidate_3,candidate_5,candidate_2,candidate_1,candidate_4,5,0.028000000000000004
73,candidate_3,candidate_5,candidate_2,candidate_1,candidate_4,5,0.028000000000000004
74,candidate_3,candidate_5,candidate_2,candidate_1,candidate_4,5,0.028000000000000004
75,candidate_3,candidate_5,candidate_2,candidate_1,candidate_4,5,0.028000000000000004
76,candidate_3,0,candidate_2,candidate_1,candidate_4,5,0.028000000000000004
77,candidate_3,candidate_5,candidate_2,candidate_1,candidate_4,5,0.028000000000000004
78,candidate_3,candidate_5,candidate_2,candidate_1,candidate_4,5,0.028000000000000004
79,candidate_3,candidate_5,candidate_2,candidate_1,candidate_4,5,0.028000000000000004
80,candidate_3,candidate_5,candidate_2,candidate_1,candidate_4,5,0.028000000000000004
81,candidate_3,candidate_5,candidate_2,candidate_1,candidate_4,5,0.028000000000000004
82,candidate_3,candidate_5,candidate_2,candidate_1,candidate_4,5,0.028000000000000004
83,candidate_3,candidate_5,candidate_2,candidate_1,candidate_4,5,0.028000000000000004
84,candidate_3,candidate_5,candidate_2,candidate_1,candidate_4,5,0.028000000000000004
85,candidate_3,0,candidate_2,candidate_1,candidate_4,5,0.028000000000000004
86,candidate_3,candidate_5,candidate_2,candidate_1,candidate_4,5,0.028000000000000004
87,candidate_3,candidate_5,candidate_2,candidate_1,candidate_4,5,0.028000000000000004
88,candidate_3,candidate_5,candidate_2,candidate_1,candidate_4,5,0.028000000000000004
89,candidate_3,candidate_5,candidate_2,candidate_1,candidate_4,5,0.028000000000000004
90,candidate_3,candidate_5,candidate_2,candidate_1,candidate_4,5,0.028000000000000004
91,candidate_3,0,candidate_2,candidate_1,candidate_4,5,0.028000000000000004
92,candidate_3,candidate_5,candidate_2,candidate_1,candidate_4,5,0.028000000000000004
93,candidate_3,candidate_5,candidate_2,candidate_1,candidate_4,5,0.028000000000000004
94,candidate_3,candidate_5,candidate_2,candidate_1,candidate_4,5,0.028000000000000004
95,candidate_3,candidate_5,candidate_2,0,candidate_4,5,0.028000000000000004
96,candidate_3,candidate_5,candidate_2,candidate_1,candidate_4,5,0.028000000000000004
97,candidate_3,candidate_5,candidate_2,candidate_1,candidate_4,5,0.028000000000000004
98,candidate_3,candidate_5,candidate_2,candidate_1,candidate_4,5,0.028000000000000004
99,candidate_3,candidate_5,candidate_2,candidate_1,candidate_4,5,0.028000000000000004
100,candidate_3,candidate_5,candidate_2,candidate_1,candidate_4,5,0.028000000000000004
101,candidate_3,candidate_5,candidate_2,candidate_1,candidate_4,5,0.028000000000000004
102,candidate_3,candidate_5,candidate_2,candidate_1,candidate_4,5,0.028000000000000004
103,candidate_3,candidate_5,candidate_2,candidate_1,candidate_4,5,0.028000000000000004
104,candidate_3,candidate_5,candidate_2,candidate_1,candidate_4,5,0.028000000000000004
105,candidate_3,candidate_5,candidate_2,candidate_1,candidate_4,5,0.028000000000000004
106,candidate_3,candidate_5,candidate_2,candidate_1,candidate_4,5,0.028000000000000004
107,candidate_3,candidate_5,candidate_2,candidate_1,candidate_4,5,0.028000000000000004
108,candidate_3,candidate_5,candidate_2,candidate_1,candidate_4,5,0.028000000000000004
109,candidate_3,candidate_5,candidate_2,candidate_1,candidate_4,5,0.028000000000000004
110,candidate_3,candidate_5,candidate_2,candidate_1,candidate_4,5,0.028000000000000004
111,candidate_3,candidate_5,candidate_2,candidate_1,candidate_4,5,0.028000000000000004
112,candidate_3,candidate_5,candidate_2,candidate_1,candidate_4,5,0.028000000000000004
113,candidate_3,candidate_5,candidate_2,candidate_1,candidate_4,5,0.028000000000000004
114,candidate_3,candidate_5,candidate_2,candidate_1,candidate_4,5,0.028000000000000004
115,candidate_3,candidate_5,candidate_2,candidate_1,candidate_4,5,0.028000000000000004
116,candidate_3,candidate_5,candidate_2,candidate_1,candidate_4,5,0.028000000000000004
117,candidate_3,candidate_5,candidate_2,candidate_1,candidate_4,5,0.028000000000000004
118,candidate_3,candidate_5,candidate_2,candidate_1,candidate_4,5,0.028000000000000004
119,candidate_3,candidate_5,candidate_2,candidate_1,candidate_4,5,0.028000000000000004
120,candidate_3,candidate_5,candidate_2,candidate_1,candidate_4,5,0.028000000000000004
121,candidate_3,candidate_5,candidate_2,candidate_1,candidate_4,5,0.028000000000000004
122,candidate_3,candidate_5,candidate_2,candidate_1,candidate_4,5,0.028000000000000004
123,candidate_3,candidate_5,candidate_2,candidate_1,candidate_4,5,0.028000000000000004
124,candidate_3,candidate_5,candidate_2,candidate_1,candidate_4,5,0.028000000000000004
125,candidate_3,candidate_5,candidate_2,candidate_1,candidate_4,5,0.028000000000000004
126,candidate_3,candidate_5,candidate_2,candidate_1,candidate_4,5,0.028000000000000004
127,candidate_3,candidate_5,candidate_2,candidate_1,candidate_4,5,0.028000000000000004
128,candidate_3,candidate_5,candidate_2,candidate_1,candidate_4,5,0.028000000000000004
129,candidate_3,candidate_5,candidate_2,candidate_1,candidate_4,5,0.028000000000000004
130,candidate_3,candidate_5,candidate_2,candidate_1,candidate_4,5,0.028000000000000004
131,candidate_3,candidate_5,candidate_2,candidate_1,candidate_4,5,0.028000000000000004
132,candidate_3,candidate_5,0,candidate_1,candidate_4,5,0.028000000000000004
133,candidate_3,candidate_5,candidate_2,candidate_1,candidate_4,5,0.028000000000000004
134,candidate_3,candidate_5,candidate_2,candidate_1,candidate_4,5,0.028000000000000004
135,candidate_3,candidate_5,candidate_2,candidate_1,candidate_4,5,0.028000000000000004
136,candidate_3,candidate_5,candidate_2,candidate_1,candidate_4,5,0.028000000000000004
137,candidate_3,candidate_5,candidate_2,candidate_1,candidate_4,5,0.028000000000000004
138,0,candidate_5,candidate_2,candidate_1,candidate_4,5,0.028000000000000004
139,candidate_3,candidate_5,candidate_2,candidate_1,candidate_4,5,0.028000000000000004
140,candidate_3,candidate_5,candidate_2,candidate_1,candidate_4,5,0.028000000000000004
141,candidate_3,candidate_5,candidate_2,candidate_1,candidate_4,5,0.028000000000000004
142,candidate_3,candidate_5,candidate_2,candidate_1,candidate_4,5,0.028000000000000004
143,candidate_3,candidate_5,candidate_2,candidate_1,candidate_4,5,0.028000000000000004
144,candidate_3,candidate_5,candidate_2,candidate_1,candidate_4,5,0.028000000000000004
145,candidate_3,candidate_5,candidate_2,candidate_1,candidate_4,5,0.028000000000000004
146,candidate_3,candidate_5,candidate_2,candidate_1,candidate_4,5,0.028000000000000004
147,candidate_3,candidate_5,candidate_2,candidate_1,candidate_4,5,0.028000000000000004
148,candidate_3,candidate_5,candidate_2,candidate_1,candidate_4,5,0.028000000000000004
149,candidate_3,candidate_5,candidate_2,candidate_1,candidate_4,5,0.028000000000000004
150,candidate_3,candidate_5,candidate_2,candidate_1,candidate_4,5,0.028000000000000004
151,candidate_3,candidate_5,candidate_2,candidate_1,candidate_4,5,0.028000000000000004
152,candidate_3,candidate_5,candidate_2,candidate_1,candidate_4,5,0.028000000000000004
153,candidate_3,candidate_5,candidate_2,candidate_1,candidate_4,5,0.028000000000000004
154,candidate_3,candidate_5,candidate_2,candidate_1,candidate_4,5,0.028000000000000004
155,candidate_3,candidate_5,candidate_2,candidate_1,candidate_4,5,0.028000000000000004
156,candidate_3,candidate_5,candidate_2,candidate_1,candidate_4,5,0.028000000000000004
157,0,candidate_5,candidate_2,candidate_1,candidate_4,5,0.028000000000000004
158,candidate_3,candidate_5,candidate_2,candidate_1,candidate_4,5,0.028000000000000004
159,candidate_3,candidate_5,candidate_2,candidate_1,candidate_4,5,0.028000000000000004
160,candidate_3,candidate_5,candidate_2,candidate_1,candidate_4,5,0.028000000000000004
161,candidate_3,candidate_5,candidate_2,candidate_1,candidate_4,5,0.028000000000000004
162,candidate_3,candidate_5,candidate_2,0,candidate_4,5,0.028000000000000004
163,candidate_3,candidate_5,candidate_2,candidate_1,candidate_4,5,0.028000000000000004
164,candidate_3,candidate_5,candidate_2,candidate_1,candidate_4,5,0.028000000000000004
165,candidate_3,candidate_5,candidate_2,candidate_1,candidate_4,5,0.028000000000000004
166,candidate_3,candidate_5,candidate_2,candidate_1,candidate_4,5,0.028000000000000004
167,candidate_3,candidate_5,0,candidate_1,candidate_4,5,0.028000000000000004
168,candidate_3,candidate_5,candidate_2,candidate_1,candidate_4,5,0.028000000000000004
169,candidate_3,candidate_5,candidate_2,candidate_1,candidate_4,5,0.028000000000000004
170,candidate_3,candidate_5,candidate_2,candidate_1,candidate_4,5,0.028000000000000004
171,candidate_3,candidate_5,candidate_2,candidate_1,candidate_4,5,0.028000000000000004
172,candidate_3,candidate_5,candidate_2,candidate_1,candidate_4,5,0.028000000000000004
173,candidate_3,0,candidate_2,candidate_1,candidate_4,5,0.028000000000000004
174,candidate_3,candidate_5,candidate_2,candidate_1,candidate_4,5,0.028000000000000004
175,candidate_3,candidate_5,candidate_2,candidate_1,candidate_4,5,0.028000000000000004
176,candidate_3,candidate_5,candidate_2,candidate_1,candidate_4,5,0.028000000000000004
177,candidate_3,candidate_5,candidate_2,candidate_1,candidate_4,5,0.028000000000000004
178,candidate_3,candidate_5,candidate_2,candidate_1,candidate_4,5,0.028000000000000004
179,candidate_3,candidate_5,candidate_2,candidate_1,candidate_4,5,0.028000000000000004
180,candidate_3,candidate_5,candidate_2,candidate_1,candidate_4,5,0.028000000000000004
181,candidate_3,candidate_5,candidate_2,candidate_1,candidate_4,5,0.028000000000000004
182,candidate_3,candidate_5,candidate_2,candidate_1,candidate_4,5,0.028000000000000004
183,candidate_3,candidate_5,candidate_2,candidate_1,candidate_4,5,0.028000000000000004
184,candidate_3,candidate_5,candidate_2,candidate_1,candidate_4,5,0.028000000000000004
185,candidate_3,candidate_5,candidate_2,candidate_1,candidate_4,5,0.028000000000000004
186,candidate_3,candidate_5,candidate_2,candidate_1,candidate_4,5,0.028000000000000004
187,candidate_3,candidate_5,candidate_2,candidate_1,candidate_4,5,0.028000000000000004
188,candidate_3,candidate_5,candidate_2,candidate_1,candidate_4,5,0.028000000000000004
189,candidate_3,candidate_5,candidate_2,candidate_1,candidate_4,5,0.028000000000000004
190,candidate_3,candidate_5,candidate_2,candidate_1,candidate_4,5,0.028000000000000004
191,candidate_3,candidate_5,candidate_2,candidate_1,candidate_4,5,0.028000000000000004
192,candidate_3,candidate_5,candidate_2,candidate_1,candidate_4,5,0.028000000000000004
193,candidate_3,candidate_5,candidate_2,candidate_1,candidate_4,5,0.028000000000000004
194,candidate_3,candidate_5,candidate_2,candidate_1,candidate_4,5,0.028000000000000004
195,candidate_3,candidate_5,candidate_2,candidate_1,candidate_4,5,0.028000000000000004
196,candidate_3,candidate_5,candidate_2,candidate_1,candidate_4,5,0.028000000000000004
197,candidate_3,candidate_5,candidate_2,candidate_1,candidate_4,5,0.028000000000000004
198,candidate_3,candidate_5,candidate_2,candidate_1,candidate_4,5,0.028000000000000004
199,candidate_3,candidate_5,candidate_2,candidate_1,candidate_4,5,0.028000000000000004
200,candidate_3,candidate_5,candidate_2,candidate_1,candidate_4,5,0.028000000000000004
201,candidate_3,candidate_5,candidate_2,candidate_1,candidate_4,5,0.028000000000000004
202,candidate_3,candidate_5,candidate_2,candidate_1,candidate_4,5,0.028000000000000004
203,candidate_3,candidate_5,candidate_2,candidate_1,candidate_4,5,0.028000000000000004
204,candidate_3,candidate_5,candidate_2,candidate_1,candidate_4,5,0.028000000000000004
205,candidate_3,candidate_5,candidate_2,candidate_1,candidate_4,5,0.028000000000000004
206,candidate_3,candidate_5,candidate_2,candidate_1,candidate_4,5,0.028000000000000004
207,candidate_3,candidate_5,candidate_2,candidate_1,candidate_4,5,0.028000000000000004
208,candidate_3,candidate_5,candidate_2,candidate_1,candidate_4,5,0.028000000000000004
209,candidate_3,candidate_5,candidate_2,candidate_1,candidate_4,5,0.028000000000000004
210,candidate_3,candidate_5,candidate_2,candidate_1,candidate_4,5,0.028000000000000004
211,candidate_3,candidate_5,candidate_2,candidate_1,candidate_4,5,0.028000000000000004
212,candidate_3,candidate_5,candidate_2,candidate_1,candidate_4,5,0.028000000000000004
213,candidate_3,candidate_5,candidate_2,candidate_1,candidate_4,5,0.028000000000000004
214,candidate_3,candidate_5,candidate_2,candidate_1,candidate_4,5,0.028000000000000004
215,candidate_3,candidate_5,candidate_2,candidate_1,candidate_4,5,0.028000000000000004
216,candidate_3,candidate_5,candidate_2,candidate_1,candidate_4,5,0.028000000000000004
217,candidate_3,candidate_5,candidate_2,candidate_1,candidate_4,5,0.028000000000000004
218,candidate_3,candidate_5,candidate_2,candidate_1,candidate_4,5,0.028000000000000004
219,candidate_3,candidate_5,candidate_2,candidate_1,candidate_4,5,0.028000000000000004
220,candidate_3,candidate_5,candidate_2,candidate_1,candidate_4,5,0.028000000000000004
221,candidate_3,candidate_5,candidate_2,candidate_1,candidate_4,5,0.028000000000000004
222,candidate_3,candidate_5,candidate_2,candidate_1,0,5,0.028000000000000004
223,candidate_3,candidate_5,candidate_2,candidate_1,candidate_4,5,0.028000000000000004
224,candidate_3,candidate_5,candidate_2,candidate_1,candidate_4,5,0.028000000000000004
225,candidate_3,candidate_5,candidate_2,candidate_1,candidate_4,5,0.028000000000000004
226,candidate_3,candidate_5,candidate_2,candidate_1,candidate_4,5,0.028000000000000004
227,candidate_3,candidate_5,candidate_2,candidate_1,candidate_4,5,0.028000000000000004
228,candidate_3,candidate_5,candidate_2,candidate_1,candidate_4,5,0.028000000000000004
229,candidate_3,candidate_5,candidate_2,candidate_1,candidate_4,5,0.028000000000000004
230,candidate_3,candidate_5,candidate_2,candidate_1,candidate_4,5,0.028000000000000004
231,candidate_3,candidate_5,candidate_2,candidate_1,candidate_4,5,0.028000000000000004
232,candidate_3,candidate_5,candidate_2,candidate_1,candidate_4,5,0.028000000000000004
233,candidate_3,candidate_5,candidate_2,candidate_1,candidate_4,5,0.028000000000000004
234,candidate_3,candidate_5,candidate_2,candidate_1,candidate_4,5,0.028000000000000004
235,candidate_3,candidate_5,candidate_2,candidate_1,candidate_4,5,0.028000000000000004
236,candidate_3,candidate_5,candidate_2,candidate_1,candidate_4,5,0.028000000000000004
237,candidate_3,candidate_5,candidate_2,candidate_1,candidate_4,5,0.028000000000000004
238,candidate_3,candidate_5,candidate_2,candidate_1,candidate_4,5,0.028000000000000004
239,candidate_3,candidate_5,candidate_2,candidate_1,candidate_4,5,0.028000000000000004
240,candidate_3,candidate_5,candidate_2,candidate_1,candidate_4,5,0.028000000000000004
241,candidate_3,candidate_5,candidate_2,candidate_1,candidate_4,5,0.028000000000000004
242,candidate_3,candidate_5,candidate_2,candidate_1,candidate_4,5,0.028000000000000004
243,candidate_3,candidate_5,candidate_2,candidate_1,candidate_4,5,0.028000000000000004
244,candidate_3,candidate_5,candidate_2,candidate_1,candidate_4,5,0.028000000000000004
245,candidate_3,candidate_5,candidate_2,candidate_1,candidate_4,5,0.028000000000000004
246,candidate_3,candidate_5,candidate_2,candidate_1,candidate_4,5,0.028000000000000004
247,candidate_3,candidate_5,candidate_2,candidate_1,candidate_4,5,0.028000000000000004
248,candidate_3,candidate_5,candidate_2,candidate_1,candidate_4,5,0.028000000000000004
249,candidate_3,candidate_5,candidate_2,candidate_1,candidate_4,5,0.028000000000000004
250,candidate_3,candidate_5,candidate_2,candidate_1,candidate_4,5,0.028000000000000004
251,candidate_3,candidate_5,candidate_2,candidate_1,candidate_4,5,0.028000000000000004
252,candidate_3,candidate_5,candidate_2,candidate_1,candidate_4,5,0.028000000000000004
253,candidate_3,candidate_5,candidate_2,candidate_1,candidate_4,5,0.028000000000000004
254,candidate_3,candidate_5,candidate_2,candidate_1,candidate_4,5,0.028000000000000004
255,candidate_3,candidate_5,candidate_2,candidate_1,candidate_4,5,0.028000000000000004
256,candidate_3,candidate_5,candidate_2,candidate_1,candidate_4,5,0.028000000000000004
257,candidate_3,candidate_5,candidate_2,candidate_1,candidate_4,5,0.028000000000000004
258,candidate_3,candidate_5,candidate_2,0,candidate_4,5,0.028000000000000004
259,candidate_3,candidate_5,candidate_2,candidate_1,candidate_4,5,0.028000000000000004
260,candidate_3,candidate_5,candidate_2,candidate_1,candidate_4,5,0.028000000000000004
261,candidate_3,candidate_5,candidate_2,candidate_1,candidate_4,5,0.028000000000000004
262,candidate_3,candidate_5,candidate_2,0,candidate_4,5,0.028000000000000004
263,candidate_3,candidate_5,candidate_2,candidate_1,candidate_4,5,0.028000000000000004
264,candidate_3,candidate_5,candidate_2,candidate_1,candidate_4,5,0.028000000000000004
265,candidate_3,candidate_5,candidate_2,candidate_1,candidate_4,5,0.028000000000000004
266,candidate_3,candidate_5,candidate_2,candidate_1,candidate_4,5,0.028000000000000004
267,candidate_3,candidate_5,candidate_2,candidate_1,candidate_4,5,0.028000000000000004
268,0,candidate_5,candidate_2,candidate_1,candidate_4,5,0.028000000000000004
269,candidate_3,candidate_5,candidate_2,candidate_1,0,5,0.028000000000000004
270,candidate_3,candidate_5,candidate_2,candidate_1,candidate_4,5,0.028000000000000004
271,candidate_3,candidate_5,candidate_2,candidate_1,candidate_4,5,0.028000000000000004
272,candidate_3,candidate_5,candidate_2,candidate_1,candidate_4,5,0.028000000000000004
273,candidate_3,candidate_5,candidate_2,candidate_1,candidate_4,5,0.028000000000000004
274,candidate_3,candidate_5,candidate_2,candidate_1,candidate_4,5,0.028000000000000004
275,candidate_3,candidate_5,candidate_2,candidate_1,candidate_4,5,0.028000000000000004
276,candidate_3,candidate_5,candidate_2,candidate_1,candidate_4,5,0.028000000000000004
277,candidate_3,candidate_5,candidate_2,candidate_1,candidate_4,5,0.028000000000000004
278,candidate_3,candidate_5,candidate_2,candidate_1,candidate_4,5,0.028000000000000004
279,candidate_3,candidate_5,candidate_2,0,candidate_4,5,0.028000000000000004
280,candidate_3,candidate_5,candidate_2,0,candidate_4,5,0.028000000000000004
281,candidate_3,candidate_5,candidate_2,candidate_1,candidate_4,5,0.028000000000000004
282,candidate_3,candidate_5,candidate_2,candidate_1,candidate_4,5,0.028000000000000004
283,candidate_3,candidate_5,candidate_2,candidate_1,candidate_4,5,0.028000000000000004
284,candidate_3,candidate_5,candidate_2,candidate_1,candidate_4,5,0.028000000000000004
285,candidate_3,0,candidate_2,candidate_1,candidate_4,5,0.028000000000000004
286,candidate_3,candidate_5,candidate_2,candidate_1,candidate_4,5,0.028000000000000004
287,0,candidate_5,candidate_2,candidate_1,candidate_4,5,0.028000000000000004
288,candidate_3,candidate_5,candidate_2,candidate_1,candidate_4,5,0.028000000000000004
289,candidate_3,candidate_5,candidate_2,candidate_1,candidate_4,5,0.028000000000000004
290,candidate_3,candidate_5,candidate_2,candidate_1,candidate_4,5,0.028000000000000004
291,candidate_3,candidate_5,candidate_2,candidate_1,candidate_4,5,0.028000000000000004
292,candidate_3,candidate_5,candidate_2,candidate_1,candidate_4,5,0.028000000000000004
293,candidate_3,candidate_5,candidate_2,candidate_1,candidate_4,5,0.028000000000000004
294,candidate_3,candidate_5,candidate_2,candidate_1,candidate_4,5,0.028000000000000004
295,candidate_3,candidate_5,candidate_2,0,candidate_4,5,0.028000000000000004
296,candidate_3,0,candidate_2,candidate_1,candidate_4,5,0.028000000000000004
297,candidate_3,candidate_5,candidate_2,0,candidate_4,5,0.028000000000000004
298,candidate_3,candidate_5,candidate_2,candidate_1,candidate_4,5,0.028000000000000004
299,candidate_3,candidate_5,0,candidate_1,candidate_4,5,0.028000000000000004
300,candidate_3,candidate_5,candidate_2,candidate_1,candidate_4,5,0.028000000000000004
301,candidate_3,candidate_5,candidate_2,candidate_1,candidate_4,5,0.028000000000000004
302,candidate_3,candidate_5,candidate_2,candidate_1,candidate_4,5,0.028000000000000004
303,candidate_3,candidate_5,candidate_2,candidate_1,candidate_4,5,0.028000000000000004
304,candidate_3,candidate_5,candidate_2,candidate_1,candidate_4,5,0.028000000000000004
305,candidate_3,candidate_5,candidate_2,candidate_1,candidate_4,5,0.028000000000000004
306,candidate_3,candidate_5,candidate_2,candidate_1,candidate_4,5,0.028000000000000004
307,candidate_3,candidate_5,candidate_2,candidate_1,candidate_4,5,0.028000000000000004
308,candidate_3,candidate_5,candidate_2,candidate_1,candidate_4,5,0.028000000000000004
309,candidate_3,candidate_5,candidate_2,0,candidate_4,5,0.028000000000000004
310,candidate_3,candidate_5,candidate_2,candidate_1,candidate_4,5,0.028000000000000004
311,candidate_3,candidate_5,candidate_2,candidate_1,candidate_4,5,0.028000000000000004
312,candidate_3,candidate_5,candidate_2,0,candidate_4,5,0.028000000000000004
313,candidate_3,candidate_5,candidate_2,candidate_1,candidate_4,5,0.028000000000000004
314,candidate_3,candidate_5,candidate_2,candidate_1,candidate_4,5,0.028000000000000004
315,candidate_3,candidate_5,candidate_2,candidate_1,candidate_4,5,0.028000000000000004
316,candidate_3,candidate_5,candidate_2,candidate_1,candidate_4,5,0.028000000000000004
317,candidate_3,candidate_5,candidate_2,candidate_1,candidate_4,5,0.028000000000000004
318,candidate_3,candidate_5,candidate_2,candidate_1,candidate_4,5,0.028000000000000004
319,candidate_3,candidate_5,candidate_2,candidate_1,candidate_4,5,0.028000000000000004
320,candidate_3,candidate_5,candidate_2,candidate_1,candidate_4,5,0.028000000000000004
321,candidate_3,candidate_5,candidate_2,candidate_1,candidate_4,5,0.028000000000000004
322,candidate_3,candidate_5,candidate_2,candidate_1,candidate_4,5,0.028000000000000004
323,candidate_3,candidate_5,candidate_2,candidate_1,candidate_4,5,0.028000000000000004
324,candidate_3,candidate_5,candidate_2,candidate_1,candidate_4,5,0.028000000000000004
325,candidate_3,candidate_5,candidate_2,candidate_1,candidate_4,5,0.028000000000000004
326,candidate_3,candidate_5,candidate_2,0,candidate_4,5,0.028000000000000004
327,candidate_3,candidate_5,candidate_2,candidate_1,candidate_4,5,0.028000000000000004
328,candidate_3,candidate_5,candidate_2,candidate_1,candidate_4,5,0.028000000000000004
329,candidate_3,candidate_5,candidate_2,candidate_1,candidate_4,5,0.028000000000000004
330,candidate_3,candidate_5,candidate_2,candidate_1,candidate_4,5,0.028000000000000004
331,candidate_3,candidate_5,candidate_2,candidate_1,candidate_4,5,0.028000000000000004
332,candidate_3,candidate_5,candidate_2,candidate_1,candidate_4,5,0.028000000000000004
333,candidate_3,candidate_5,candidate_2,candidate_1,candidate_4,5,0.028000000000000004
334,candidate_3,candidate_5,candidate_2,0,candidate_4,5,0.028000000000000004
335,candidate_3,candidate_5,candidate_2,candidate_1,candidate_4,5,0.028000000000000004
336,candidate_3,candidate_5,candidate_2,candidate_1,candidate_4,5,0.028000000000000004
337,0,candidate_5,candidate_2,candidate_1,candidate_4,5,0.028000000000000004
338,candidate_3,candidate_5,candidate_2,0,candidate_4,5,0.028000000000000004
339,candidate_3,candidate_5,candidate_2,candidate_1,candidate_4,5,0.028000000000000004
340,candidate_3,candidate_5,candidate_2,candidate_1,0,5,0.028000000000000004
341,candidate_3,candidate_5,candidate_2,candidate_1,candidate_4,5,0.028000000000000004
342,candidate_3,candidate_5,candidate_2,candidate_1,candidate_4,5,0.028000000000000004
343,candidate_3,candidate_5,candidate_2,candidate_1,candidate_4,5,0.028000000000000004
344,candidate_3,candidate_5,candidate_2,candidate_1,candidate_4,5,0.028000000000000004
345,candidate_3,candidate_5,candidate_2,candidate_1,candidate_4,5,0.028000000000000004
346,candidate_3,candidate_5,candidate_2,candidate_1,candidate_4,5,0.028000000000000004
347,candidate_3,candidate_5,candidate_2,candidate_1,candidate_4,5,0.028000000000000004
348,candidate_3,candidate_5,candidate_2,candidate_1,candidate_4,5,0.028000000000000004
349,candidate_3,candidate_5,candidate_2,candidate_1,candidate_4,5,0.028000000000000004
350,candidate_3,candidate_5,candidate_2,candidate_1,candidate_4,5,0.028000000000000004
351,candidate_3,candidate_5,0,candidate_1,candidate_4,5,0.028000000000000004
352,candidate_3,candidate_5,candidate_2,candidate_1,candidate_4,5,0.028000000000000004
353,candidate_3,candidate_5,candidate_2,candidate_1,candidate_4,5,0.028000000000000004
354,candidate_3,candidate_5,candidate_2,candidate_1,candidate_4,5,0.028000000000000004
355,candidate_3,candidate_5,candidate_2,candidate_1,candidate_4,5,0.028000000000000004
356,candidate_3,candidate_5,candidate_2,candidate_1,candidate_4,5,0.028000000000000004
357,candidate_3,candidate_5,candidate_2,candidate_1,candidate_4,5,0.028000000000000004
358,candidate_3,candidate_5,candidate_2,candidate_1,candidate_4,5,0.028000000000000004
359,candidate_3,candidate_5,candidate_2,candidate_1,candidate_4,5,0.028000000000000004
360,candidate_3,candidate_5,0,candidate_1,candidate_4,5,0.028000000000000004
361,candidate_3,candidate_5,candidate_2,candidate_1,candidate_4,5,0.028000000000000004
362,candidate_3,candidate_5,candidate_2,candidate_1,candidate_4,5,0.028000000000000004
363,candidate_3,candidate_5,candidate_2,candidate_1,candidate_4,5,0.028000000000000004
364,candidate_3,candidate_5,candidate_2,candidate_1,candidate_4,5,0.028000000000000004
365,candidate_3,candidate_5,candidate_2,candidate_1,candidate_4,5,0.028000000000000004
366,candidate_3,candidate_5,candidate_2,candidate_1,candidate_4,5,0.028000000000000004
367,candidate_3,candidate_5,candidate_2,candidate_1,candidate_4,5,0.028000000000000004
368,candidate_3,candidate_5,candidate_2,candidate_1,candidate_4,5,0.028000000000000004
369,candidate_3,candidate_5,candidate_2,candidate_1,0,5,0.028000000000000004
370,candidate_3,candidate_5,candidate_2,candidate_1,candidate_4,5,0.028000000000000004
371,candidate_3,candidate_5,candidate_2,candidate_1,candidate_4,5,0.028000000000000004
372,candidate_3,candidate_5,candidate_2,candidate_1,candidate_4,5,0.028000000000000004
373,candidate_3,candidate_5,candidate_2,candidate_1,candidate_4,5,0.028000000000000004
374,candidate_3,0,candidate_2,candidate_1,candidate_4,5,0.028000000000000004
375,candidate_3,candidate_5,candidate_2,candidate_1,candidate_4,5,0.028000000000000004
376,candidate_3,candidate_5,candidate_2,candidate_1,0,5,0.028000000000000004
377,candidate_3,candidate_5,candidate_2,candidate_1,candidate_4,5,0.028000000000000004
378,candidate_3,candidate_5,candidate_2,candidate_1,candidate_4,5,0.028000000000000004
379,candidate_3,candidate_5,candidate_2,candidate_1,candidate_4,5,0.028000000000000004
380,0,candidate_5,0,candidate_1,candidate_4,5,0.028000000000000004
381,candidate_3,candidate_5,candidate_2,candidate_1,candidate_4,5,0.028000000000000004
382,0,candidate_5,candidate_2,candidate_1,candidate_4,5,0.028000000000000004
383,candidate_3,candidate_5,candidate_2,candidate_1,0,5,0.028000000000000004
384,candidate_3,candidate_5,candidate_2,candidate_1,candidate_4,5,0.028000000000000004
385,candidate_3,candidate_5,candidate_2,candidate_1,candidate_4,5,0.028000000000000004
386,candidate_3,candidate_5,candidate_2,candidate_1,candidate_4,5,0.028000000000000004
387,candidate_3,candidate_5,candidate_2,candidate_1,candidate_4,5,0.028000000000000004
388,candidate_3,candidate_5,0,candidate_1,candidate_4,5,0.028000000000000004
389,candidate_3,candidate_5,candidate_2,candidate_1,candidate_4,5,0.028000000000000004
390,candidate_3,candidate_5,candidate_2,candidate_1,candidate_4,5,0.028000000000000004
391,candidate_3,candidate_5,candidate_2,candidate_1,candidate_4,5,0.028000000000000004
392,candidate_3,candidate_5,candidate_2,candidate_1,candidate_4,5,0.028000000000000004
393,candidate_3,candidate_5,candidate_2,candidate_1,candidate_4,5,0.028000000000000004
394,candidate_3,candidate_5,candidate_2,candidate_1,candidate_4,5,0.028000000000000004
395,candidate_3,candidate_5,candidate_2,candidate_1,candidate_4,5,0.028000000000000004
396,candidate_3,candidate_5,candidate_2,candidate_1,candidate_4,5,0.028000000000000004
397,candidate_3,candidate_5,candidate_2,candidate_1,candidate_4,5,0.028000000000000004
398,candidate_3,candidate_5,candidate_2,candidate_1,candidate_4,5,0.028000000000000004
399,candidate_3,candidate_5,candidate_2,candidate_1,candidate_4,5,0.028000000000000004
400,candidate_3,0,candidate_2,candidate_1,candidate_4,5,0.028000000000000004
401,candidate_3,candidate_5,candidate_2,candidate_1,candidate_4,5,0.028000000000000004
402,candidate_3,candidate_5,candidate_2,candidate_1,candidate_4,5,0.028000000000000004
403,candidate_3,candidate_5,candidate_2,candidate_1,candidate_4,5,0.028000000000000004
404,candidate_3,candidate_5,candidate_2,candidate_1,candidate_4,5,0.028000000000000004
405,candidate_3,candidate_5,candidate_2,candidate_1,candidate_4,5,0.028000000000000004
406,candidate_3,candidate_5,candidate_2,candidate_1,candidate_4,5,0.028000000000000004
407,candidate_3,candidate_5,candidate_2,candidate_1,candidate_4,5,0.028000000000000004
408,candidate_3,candidate_5,0,0,candidate_4,5,0.028000000000000004
409,candidate_3,candidate_5,candidate_2,candidate_1,candidate_4,5,0.028000000000000004
410,candidate_3,candidate_5,candidate_2,candidate_1,candidate_4,5,0.028000000000000004
411,candidate_3,candidate_5,candidate_2,candidate_1,candidate_4,5,0.028000000000000004
412,0,candidate_5,candidate_2,candidate_1,candidate_4,5,0.028000000000000004
413,0,candidate_5,candidate_2,candidate_1,candidate_4,5,0.028000000000000004
414,candidate_3,candidate_5,candidate_2,candidate_1,candidate_4,5,0.028000000000000004
415,candidate_3,candidate_5,candidate_2,candidate_1,candidate_4,5,0.028000000000000004
416,candidate_3,candidate_5,candidate_2,candidate_1,0,5,0.028000000000000004
417,candidate_3,candidate_5,candidate_2,candidate_1,candidate_4,5,0.028000000000000004
418,candidate_3,candidate_5,candidate_2,candidate_1,candidate_4,5,0.028000000000000004
419,candidate_3,candidate_5,candidate_2,candidate_1,candidate_4,5,0.028000000000000004
420,candidate_3,0,candidate_2,candidate_1,0,5,0.028000000000000004
421,candidate_3,candidate_5,candidate_2,candidate_1,candidate_4,5,0.028000000000000004
422,0,candidate_5,candidate_2,candidate_1,candidate_4,5,0.028000000000000004
423,candidate_3,candidate_5,candidate_2,candidate_1,candidate_4,5,0.028000000000000004
424,candidate_3,candidate_5,candidate_2,candidate_1,candidate_4,5,0.028000000000000004
425,candidate_3,candidate_5,candidate_2,candidate_1,candidate_4,5,0.028000000000000004
426,candidate_3,candidate_5,candidate_2,candidate_1,candidate_4,5,0.028000000000000004
427,candidate_3,candidate_5,candidate_2,candidate_1,candidate_4,5,0.028000000000000004
428,candidate_3,candidate_5,candidate_2,candidate_1,candidate_4,5,0.028000000000000004
429,candidate_3,candidate_5,candidate_2,candidate_1,candidate_4,5,0.028000000000000004
430,candidate_3,candidate_5,candidate_2,candidate_1,candidate_4,5,0.028000000000000004
431,candidate_3,candidate_5,candidate_2,candidate_1,candidate_4,5,0.028000000000000004
432,candidate_3,candidate_5,candidate_2,candidate_1,candidate_4,5,0.028000000000000004
433,candidate_3,candidate_5,candidate_2,candidate_1,candidate_4,5,0.028000000000000004
434,candidate_3,candidate_5,candidate_2,candidate_1,candidate_4,5,0.028000000000000004
435,candidate_3,candidate_5,candidate_2,candidate_1,candidate_4,5,0.028000000000000004
436,candidate_3,candidate_5,candidate_2,candidate_1,candidate_4,5,0.028000000000000004
437,candidate_3,candidate_5,candidate_2,candidate_1,candidate_4,5,0.028000000000000004
438,candidate_3,candidate_5,candidate_2,candidate_1,candidate_4,5,0.028000000000000004
439,candidate_3,candidate_5,candidate_2,candidate_1,candidate_4,5,0.028000000000000004
440,candidate_3,candidate_5,candidate_2,candidate_1,candidate_4,5,0.028000000000000004
441,candidate_3,candidate_5,candidate_2,candidate_1,candidate_4,5,0.028000000000000004
442,candidate_3,candidate_5,candidate_2,candidate_1,candidate_4,5,0.028000000000000004
443,candidate_3,candidate_5,candidate_2,candidate_1,candidate_4,5,0.028000000000000004
444,candidate_3,candidate_5,candidate_2,candidate_1,candidate_4,5,0.028000000000000004
445,candidate_3,candidate_5,candidate_2,candidate_1,candidate_4,5,0.028000000000000004
446,candidate_3,candidate_5,candidate_2,candidate_1,candidate_4,5,0.028000000000000004
447,candidate_3,candidate_5,candidate_2,candidate_1,candidate_4,5,0.028000000000000004
448,candidate_3,candidate_5,candidate_2,candidate_1,candidate_4,5,0.028000000000000004
449,candidate_3,candidate_5,candidate_2,candidate_1,candidate_4,5,0.028000000000000004
450,candidate_3,candidate_5,candidate_2,candidate_1,candidate_4,5,0.028000000000000004
451,candidate_3,candidate_5,candidate_2,candidate_1,candidate_4,5,0.028000000000000004
452,candidate_3,candidate_5,candidate_2,candidate_1,candidate_4,5,0.028000000000000004
453,candidate_3,candidate_5,candidate_2,candidate_1,candidate_4,5,0.028000000000000004
454,candidate_3,candidate_5,candidate_2,candidate_1,candidate_4,5,0.028000000000000004
455,candidate_3,candidate_5,candidate_2,candidate_1,candidate_4,5,0.028000000000000004
456,candidate_3,candidate_5,candidate_2,candidate_1,candidate_4,5,0.028000000000000004
457,candidate_3,candidate_5,candidate_2,candidate_1,candidate_4,5,0.028000000000000004
458,candidate_3,candidate_5,candidate_2,candidate_1,candidate_4,5,0.028000000000000004
459,candidate_3,candidate_5,candidate_2,candidate_1,candidate_4,5,0.028000000000000004
460,candidate_3,candidate_5,candidate_2,candidate_1,candidate_4,5,0.028000000000000004
461,candidate_3,candidate_5,candidate_2,0,candidate_4,5,0.028000000000000004
462,candidate_3,candidate_5,candidate_2,candidate_1,candidate_4,5,0.028000000000000004
463,candidate_3,candidate_5,candidate_2,candidate_1,candidate_4,5,0.028000000000000004
464,candidate_3,candidate_5,candidate_2,candidate_1,candidate_4,5,0.028000000000000004
465,candidate_3,candidate_5,candidate_2,0,candidate_4,5,0.028000000000000004
466,candidate_3,candidate_5,candidate_2,candidate_1,candidate_4,5,0.028000000000000004
467,candidate_3,candidate_5,candidate_2,candidate_1,candidate_4,5,0.028000000000000004
468,candidate_3,candidate_5,candidate_2,0,0,5,0.028000000000000004
469,candidate_3,candidate_5,candidate_2,candidate_1,candidate_4,5,0.028000000000000004
470,0,candidate_5,candidate_2,candidate_1,candidate_4,5,0.028000000000000004
471,candidate_3,candidate_5,candidate_2,candidate_1,candidate_4,5,0.028000000000000004
472,candidate_3,candidate_5,candidate_2,candidate_1,candidate_4,5,0.028000000000000004
473,candidate_3,candidate_5,candidate_2,candidate_1,candidate_4,5,0.028000000000000004
474,candidate_3,candidate_5,candidate_2,candidate_1,candidate_4,5,0.028000000000000004
475,candidate_3,candidate_5,candidate_2,candidate_1,candidate_4,5,0.028000000000000004
476,candidate_3,candidate_5,candidate_2,candidate_1,candidate_4,5,0.028000000000000004
477,candidate_3,candidate_5,candidate_2,candidate_1,0,5,0.028000000000000004
478,candidate_3,candidate_5,0,candidate_1,candidate_4,5,0.028000000000000004
479,candidate_3,candidate_5,candidate_2,candidate_1,candidate_4,5,0.028000000000000004
480,candidate_3,candidate_5,0,candidate_1,candidate_4,5,0.028000000000000004
481,candidate_3,candidate_5,candidate_2,candidate_1,candidate_4,5,0.028000000000000004
482,candidate_3,candidate_5,candidate_2,candidate_1,candidate_4,5,0.028000000000000004
483,0,candidate_5,candidate_2,candidate_1,candidate_4,5,0.028000000000000004
484,candidate_3,candidate_5,0,candidate_1,candidate_4,5,0.028000000000000004
485,candidate_3,candidate_5,candidate_2,candidate_1,candidate_4,5,0.028000000000000004
486,candidate_3,candidate_5,candidate_2,candidate_1,candidate_4,5,0.028000000000000004
487,candidate_3,candidate_5,candidate_2,candidate_1,candidate_4,5,0.028000000000000004
488,candidate_3,candidate_5,candidate_2,candidate_1,candidate_4,5,0.028000000000000004
489,candidate_3,candidate_5,candidate_2,candidate_1,candidate_4,5,0.028000000000000004
490,candidate_3,candidate_5,candidate_2,candidate_1,candidate_4,5,0.028000000000000004
491,candidate_3,candidate_5,candidate_2,candidate_1,candidate_4,5,0.028000000000000004
492,candidate_3,candidate_5,candidate_2,candidate_1,candidate_4,5,0.028000000000000004
493,candidate_3,candidate_5,candidate_2,candidate_1,candidate_4,5,0.028000000000000004
494,candidate_3,candidate_5,candidate_2,candidate_1,candidate_4,5,0.028000000000000004
495,candidate_3,candidate_5,candidate_2,candidate_1,candidate_4,5,0.028000000000000004
496,candidate_3,candidate_5,candidate_2,candidate_1,candidate_4,5,0.028000000000000004
497,candidate_3,candidate_5,candidate_2,candidate_1,candidate_4,5,0.028000000000000004
498,candidate_3,candidate_5,candidate_2,candidate_1,candidate_4,5,0.028000000000000004
499,candidate_3,candidate_5,candidate_2,candidate_1,candidate_4,5,0.028000000000000004
500,candidate_3,candidate_5,candidate_2,candidate_1,candidate_4,5,0.028000000000000004
501,candidate_3,candidate_5,candidate_2,candidate_1,candidate_4,5,0.028000000000000004
502,candidate_3,candidate_5,candidate_2,candidate_1,candidate_4,5,0.028000000000000004
503,candidate_3,candidate_5,candidate_2,candidate_1,candidate_4,5,0.028000000000000004
504,candidate_3,candidate_5,candidate_2,candidate_1,candidate_4,5,0.028000000000000004
505,candidate_3,candidate_5,candidate_2,candidate_1,candidate_4,5,0.028000000000000004
506,candidate_3,candidate_5,candidate_2,candidate_1,candidate_4,5,0.028000000000000004
507,candidate_3,candidate_5,0,candidate_1,candidate_4,5,0.028000000000000004
508,candidate_3,candidate_5,candidate_2,candidate_1,candidate_4,5,0.028000000000000004
509,candidate_3,candidate_5,candidate_2,candidate_1,candidate_4,5,0.028000000000000004
510,candidate_3,candidate_5,candidate_2,candidate_1,candidate_4,5,0.028000000000000004
511,candidate_3,candidate_5,candidate_2,candidate_1,candidate_4,5,0.028000000000000004
512,0,candidate_5,candidate_2,candidate_1,candidate_4,5,0.028000000000000004
513,candidate_3,candidate_5,candidate_2,candidate_1,candidate_4,5,0.028000000000000004
514,candidate_3,candidate_5,candidate_2,candidate_1,candidate_4,5,0.028000000000000004
515,candidate_3,candidate_5,candidate_2,candidate_1,candidate_4,5,0.028000000000000004
516,candidate_3,candidate_5,candidate_2,candidate_1,candidate_4,5,0.028000000000000004
517,candidate_3,candidate_5,candidate_2,candidate_1,candidate_4,5,0.028000000000000004
518,candidate_3,candidate_5,candidate_2,candidate_1,candidate_4,5,0.028000000000000004
519,candidate_3,candidate_5,candidate_2,candidate_1,candidate_4,5,0.028000000000000004
520,candidate_3,candidate_5,candidate_2,candidate_1,candidate_4,5,0.028000000000000004
521,candidate_3,candidate_5,candidate_2,candidate_1,0,5,0.028000000000000004
522,candidate_3,candidate_5,candidate_2,candidate_1,candidate_4,5,0.028000000000000004
523,candidate_3,candidate_5,candidate_2,candidate_1,candidate_4,5,0.028000000000000004
524,candidate_3,candidate_5,candidate_2,candidate_1,candidate_4,5,0.028000000000000004
525,candidate_3,candidate_5,candidate_2,candidate_1,candidate_4,5,0.028000000000000004
526,candidate_3,candidate_5,candidate_2,0,candidate_4,5,0.028000000000000004
527,candidate_3,candidate_5,candidate_2,candidate_1,candidate_4,5,0.028000000000000004
528,candidate_3,candidate_5,candidate_2,candidate_1,candidate_4,5,0.028000000000000004
529,candidate_3,candidate_5,candidate_2,candidate_1,candidate_4,5,0.028000000000000004
530,candidate_3,candidate_5,candidate_2,candidate_1,candidate_4,5,0.028000000000000004
531,candidate_3,candidate_5,candidate_2,candidate_1,candidate_4,5,0.028000000000000004
532,candidate_3,candidate_5,candidate_2,candidate_1,candidate_4,5,0.028000000000000004
533,candidate_3,candidate_5,candidate_2,candidate_1,candidate_4,5,0.028000000000000004
534,candidate_3,candidate_5,candidate_2,candidate_1,candidate_4,5,0.028000000000000004
535,candidate_3,candidate_5,candidate_2,candidate_1,candidate_4,5,0.028000000000000004
536,candidate_3,candidate_5,candidate_2,candidate_1,candidate_4,5,0.028000000000000004
537,candidate_3,candidate_5,candidate_2,candidate_1,candidate_4,5,0.028000000000000004
538,candidate_3,candidate_5,candidate_2,candidate_1,candidate_4,5,0.028000000000000004
539,candidate_3,candidate_5,candidate_2,candidate_1,candidate_4,5,0.028000000000000004
540,candidate_3,candidate_5,candidate_2,candidate_1,candidate_4,5,0.028000000000000004
541,candidate_3,0,candidate_2,candidate_1,candidate_4,5,0.028000000000000004
542,candidate_3,candidate_5,candidate_2,candidate_1,0,5,0.028000000000000004
543,candidate_3,candidate_5,candidate_2,candidate_1,candidate_4,5,0.028000000000000004
544,candidate_3,candidate_5,0,candidate_1,candidate_4,5,0.028000000000000004
545,candidate_3,candidate_5,candidate_2,candidate_1,candidate_4,5,0.028000000000000004
546,candidate_3,candidate_5,candidate_2,candidate_1,candidate_4,5,0.028000000000000004
547,candidate_3,candidate_5,candidate_2,candidate_1,candidate_4,5,0.028000000000000004
548,candidate_3,candidate_5,candidate_2,candidate_1,candidate_4,5,0.028000000000000004
549,candidate_3,candidate_5,candidate_2,candidate_1,candidate_4,5,0.028000000000000004
550,candidate_3,candidate_5,candidate_2,candidate_1,candidate_4,5,0.028000000000000004
551,candidate_3,candidate_5,candidate_2,candidate_1,candidate_4,5,0.028000000000000004
552,candidate_3,candidate_5,0,candidate_1,candidate_4,5,0.028000000000000004
553,candidate_3,candidate_5,candidate_2,candidate_1,candidate_4,5,0.028000000000000004
554,candidate_3,candidate_5,candidate_2,candidate_1,candidate_4,5,0.028000000000000004
555,candidate_3,candidate_5,candidate_2,candidate_1,candidate_4,5,0.028000000000000004
556,candidate_3,candidate_5,candidate_2,candidate_1,candidate_4,5,0.028000000000000004
557,candidate_3,candidate_5,candidate_2,candidate_1,candidate_4,5,0.028000000000000004
558,candidate_3,candidate_5,candidate_2,candidate_1,candidate_4,5,0.028000000000000004
559,candidate_3,candidate_5,candidate_2,candidate_1,candidate_4,5,0.028000000000000004
560,0,candidate_5,candidate_2,candidate_1,candidate_4,5,0.028000000000000004
561,candidate_3,candidate_5,candidate_2,0,candidate_4,5,0.028000000000000004
562,candidate_3,candidate_5,candidate_2,candidate_1,candidate_4,5,0.028000000000000004
563,candidate_3,candidate_5,candidate_2,candidate_1,0,5,0.028000000000000004
564,candidate_3,candidate_5,candidate_2,candidate_1,candidate_4,5,0.028000000000000004
565,candidate_3,candidate_5,candidate_2,candidate_1,candidate_4,5,0.028000000000000004
566,candidate_3,candidate_5,candidate_2,candidate_1,candidate_4,5,0.028000000000000004
567,candidate_3,0,candidate_2,candidate_1,candidate_4,5,0.028000000000000004
568,0,candidate_5,candidate_2,candidate_1,candidate_4,5,0.028000000000000004
569,candidate_3,candidate_5,candidate_2,candidate_1,candidate_4,5,0.028000000000000004
570,0,candidate_5,candidate_2,candidate_1,candidate_4,5,0.028000000000000004
571,candidate_3,candidate_5,candidate_2,candidate_1,candidate_4,5,0.028000000000000004
572,candidate_3,candidate_5,candidate_2,candidate_1,candidate_4,5,0.028000000000000004
573,candidate_3,candidate_5,candidate_2,candidate_1,candidate_4,5,0.028000000000000004
574,candidate_3,candidate_5,candidate_2,candidate_1,candidate_4,5,0.028000000000000004
575,candidate_3,candidate_5,candidate_2,candidate_1,candidate_4,5,0.028000000000000004
576,candidate_3,candidate_5,candidate_2,candidate_1,candidate_4,5,0.028000000000000004
577,candidate_3,candidate_5,candidate_2,candidate_1,candidate_4,5,0.028000000000000004
578,0,candidate_5,candidate_2,candidate_1,candidate_4,5,0.028000000000000004
579,candidate_3,candidate_5,candidate_2,candidate_1,candidate_4,5,0.028000000000000004
580,candidate_3,candidate_5,candidate_2,candidate_1,candidate_4,5,0.028000000000000004
581,candidate_3,candidate_5,candidate_2,candidate_1,candidate_4,5,0.028000000000000004
582,candidate_3,candidate_5,candidate_2,candidate_1,candidate_4,5,0.028000000000000004
583,candidate_3,candidate_5,candidate_2,candidate_1,candidate_4,5,0.028000000000000004
584,candidate_3,candidate_5,candidate_2,candidate_1,candidate_4,5,0.028000000000000004
585,candidate_3,candidate_5,candidate_2,candidate_1,candidate_4,5,0.028000000000000004
586,candidate_3,candidate_5,candidate_2,candidate_1,candidate_4,5,0.028000000000000004
587,candidate_3,candidate_5,candidate_2,candidate_1,candidate_4,5,0.028000000000000004
588,candidate_3,candidate_5,candidate_2,candidate_1,candidate_4,5,0.028000000000000004
589,candidate_3,candidate_5,candidate_2,candidate_1,candidate_4,5,0.028000000000000004
0,candidate_3,candidate_5,candidate_2,candidate_4,candidate_1,5,0.028000000000000004
1,candidate_3,candidate_5,candidate_2,candidate_4,candidate_1,5,0.028000000000000004
2,candidate_3,candidate_5,candidate_2,candidate_4,candidate_1,5,0.028000000000000004
3,candidate_3,candidate_5,candidate_2,candidate_4,candidate_1,5,0.028000000000000004
4,candidate_3,candidate_5,candidate_2,candidate_4,candidate_1,5,0.028000000000000004
5,candidate_3,candidate_5,candidate_2,candidate_4,candidate_1,5,0.028000000000000004
6,candidate_3,candidate_5,candidate_2,candidate_4,candidate_1,5,0.028000000000000004
7,candidate_3,candidate_5,candidate_2,candidate_4,candidate_1,5,0.028000000000000004
8,candidate_3,candidate_5,candidate_2,candidate_4,candidate_1,5,0.028000000000000004
9,candidate_3,candidate_5,candidate_2,candidate_4,candidate_1,5,0.028000000000000004
10,candidate_3,candidate_5,candidate_2,candidate_4,candidate_1,5,0.028000000000000004
11,candidate_3,candidate_5,candidate_2,candidate_4,0,5,0.028000000000000004
12,candidate_3,candidate_5,candidate_2,candidate_4,candidate_1,5,0.028000000000000004
13,0,candidate_5,candidate_2,candidate_4,candidate_1,5,0.028000000000000004
14,candidate_3,candidate_5,candidate_2,candidate_4,candidate_1,5,0.028000000000000004
15,candidate_3,candidate_5,candidate_2,candidate_4,candidate_1,5,0.028000000000000004
16,candidate_3,candidate_5,candidate_2,candidate_4,candidate_1,5,0.028000000000000004
17,0,candidate_5,candidate_2,candidate_4,candidate_1,5,0.028000000000000004
18,candidate_3,candidate_5,candidate_2,candidate_4,candidate_1,5,0.028000000000000004
19,candidate_3,candidate_5,candidate_2,candidate_4,candidate_1,5,0.028000000000000004
20,candidate_3,candidate_5,candidate_2,candidate_4,candidate_1,5,0.028000000000000004
21,candidate_3,candidate_5,candidate_2,candidate_4,candidate_1,5,0.028000000000000004
22,candidate_3,candidate_5,candidate_2,candidate_4,candidate_1,5,0.028000000000000004
23,candidate_3,candidate_5,candidate_2,candidate_4,candidate_1,5,0.028000000000000004
24,candidate_3,candidate_5,candidate_2,candidate_4,candidate_1,5,0.028000000000000004
25,candidate_3,candidate_5,candidate_2,candidate_4,candidate_1,5,0.028000000000000004
26,candidate_3,candidate_5,candidate_2,candidate_4,candidate_1,5,0.028000000000000004
27,candidate_3,candidate_5,candidate_2,candidate_4,candidate_1,5,0.028000000000000004
28,candidate_3,candidate_5,candidate_2,candidate_4,candidate_1,5,0.028000000000000004
29,candidate_3,candidate_5,candidate_2,candidate_4,candidate_1,5,0.028000000000000004
30,candidate_3,candidate_5,candidate_2,candidate_4,candidate_1,5,0.028000000000000004
31,candidate_3,candidate_5,candidate_2,candidate_4,candidate_1,5,0.028000000000000004
32,candidate_3,candidate_5,candidate_2,candidate_4,candidate_1,5,0.028000000000000004
33,candidate_3,candidate_5,candidate_2,candidate_4,candidate_1,5,0.028000000000000004
34,candidate_3,candidate_5,candidate_2,candidate_4,candidate_1,5,0.028000000000000004
35,candidate_3,candidate_5,candidate_2,candidate_4,candidate_1,5,0.028000000000000004
36,candidate_3,candidate_5,candidate_2,candidate_4,candidate_1,5,0.028000000000000004
37,candidate_3,candidate_5,candidate_2,candidate_4,candidate_1,5,0.028000000000000004
38,candidate_3,0,candidate_2,candidate_4,candidate_1,5,0.028000000000000004
39,candidate_3,candidate_5,candidate_2,candidate_4,candidate_1,5,0.028000000000000004
40,candidate_3,candidate_5,candidate_2,candidate_4,candidate_1,5,0.028000000000000004
41,candidate_3,candidate_5,candidate_2,candidate_4,candidate_1,5,0.028000000000000004
42,candidate_3,candidate_5,candidate_2,candidate_4,candidate_1,5,0.028000000000000004
43,candidate_3,candidate_5,candidate_2,candidate_4,candidate_1,5,0.028000000000000004
44,candidate_3,candidate_5,candidate_2,candidate_4,candidate_1,5,0.028000000000000004
45,candidate_3,candidate_5,candidate_2,candidate_4,candidate_1,5,0.028000000000000004
46,candidate_3,candidate_5,candidate_2,candidate_4,candidate_1,5,0.028000000000000004
47,candidate_3,candidate_5,candidate_2,candidate_4,candidate_1,5,0.028000000000000004
48,candidate_3,candidate_5,candidate_2,candidate_4,candidate_1,5,0.028000000000000004
49,candidate_3,candidate_5,0,candidate_4,candidate_1,5,0.028000000000000004
50,candidate_3,candidate_5,candidate_2,candidate_4,candidate_1,5,0.028000000000000004
51,candidate_3,candidate_5,candidate_2,candidate_4,candidate_1,5,0.028000000000000004
52,candidate_3,candidate_5,candidate_2,candidate_4,candidate_1,5,0.028000000000000004
53,0,0,candidate_2,candidate_4,candidate_1,5,0.028000000000000004
54,candidate_3,candidate_5,candidate_2,candidate_4,candidate_1,5,0.028000000000000004
55,candidate_3,candidate_5,candidate_2,candidate_4,candidate_1,5,0.028000000000000004
56,candidate_3,candidate_5,candidate_2,candidate_4,candidate_1,5,0.028000000000000004
57,candidate_3,candidate_5,candidate_2,candidate_4,candidate_1,5,0.028000000000000004
58,candidate_3,candidate_5,candidate_2,candidate_4,candidate_1,5,0.028000000000000004
59,candidate_3,candidate_5,candidate_2,candidate_4,candidate_1,5,0.028000000000000004
60,candidate_3,candidate_5,candidate_2,candidate_4,candidate_1,5,0.028000000000000004
61,candidate_3,candidate_5,candidate_2,candidate_4,candidate_1,5,0.028000000000000004
62,candidate_3,candidate_5,0,candidate_4,candidate_1,5,0.028000000000000004
63,candidate_3,candidate_5,candidate_2,candidate_4,candidate_1,5,0.028000000000000004
64,candidate_3,candidate_5,candidate_2,candidate_4,candidate_1,5,0.028000000000000004
65,candidate_3,candidate_5,candidate_2,candidate_4,candidate_1,5,0.028000000000000004
66,candidate_3,candidate_5,candidate_2,candidate_4,0,5,0.028000000000000004
67,candidate_3,candidate_5,candidate_2,candidate_4,candidate_1,5,0.028000000000000004
68,candidate_3,candidate_5,candidate_2,candidate_4,candidate_1,5,0.028000000000000004
69,candidate_3,candidate_5,candidate_2,candidate_4,candidate_1,5,0.028000000000000004
70,candidate_3,candidate_5,0,candidate_4,candidate_1,5,0.028000000000000004
71,candidate_3,candidate_5,candidate_2,candidate_4,candidate_1,5,0.028000000000000004
72,candidate_3,candidate_5,candidate_2,candidate_4,candidate_1,5,0.028000000000000004
73,candidate_3,candidate_5,candidate_2,candidate_4,candidate_1,5,0.028000000000000004
0,candidate_3,candidate_5,candidate_4,candidate_1,candidate_2,5,0.028000000000000004
1,candidate_3,candidate_5,candidate_4,candidate_1,candidate_2,5,0.028000000000000004
2,candidate_3,candidate_5,candidate_4,candidate_1,candidate_2,5,0.028000000000000004
3,candidate_3,candidate_5,candidate_4,candidate_1,candidate_2,5,0.028000000000000004
4,candidate_3,candidate_5,candidate_4,candidate_1,0,5,0.028000000000000004
5,candidate_3,candidate_5,candidate_4,candidate_1,candidate_2,5,0.028000000000000004
6,candidate_3,candidate_5,candidate_4,0,candidate_2,5,0.028000000000000004
7,candidate_3,candidate_5,candidate_4,candidate_1,candidate_2,5,0.028000000000000004
8,candidate_3,candidate_5,candidate_4,candidate_1,candidate_2,5,0.028000000000000004
9,candidate_3,candidate_5,candidate_4,candidate_1,candidate_2,5,0.028000000000000004
10,candidate_3,candidate_5,candidate_4,candidate_1,candidate_2,5,0.028000000000000004
11,candidate_3,candidate_5,candidate_4,candidate_1,candidate_2,5,0.028000000000000004
12,candidate_3,candidate_5,candidate_4,candidate_1,candidate_2,5,0.028000000000000004
13,candidate_3,candidate_5,candidate_4,candidate_1,candidate_2,5,0.028000000000000004
14,candidate_3,candidate_5,candidate_4,candidate_1,candidate_2,5,0.028000000000000004
15,candidate_3,candidate_5,candidate_4,candidate_1,candidate_2,5,0.028000000000000004
16,candidate_3,candidate_5,candidate_4,0,candidate_2,5,0.028000000000000004
17,candidate_3,candidate_5,candidate_4,candidate_1,candidate_2,5,0.028000000000000004
18,candidate_3,candidate_5,candidate_4,candidate_1,candidate_2,5,0.028000000000000004
19,candidate_3,candidate_5,candidate_4,candidate_1,candidate_2,5,0.028000000000000004
20,candidate_3,candidate_5,candidate_4,candidate_1,candidate_2,5,0.028000000000000004
21,candidate_3,candidate_5,candidate_4,candidate_1,candidate_2,5,0.028000000000000004
22,candidate_3,candidate_5,candidate_4,candidate_1,candidate_2,5,0.028000000000000004
23,candidate_3,candidate_5,candidate_4,candidate_1,candidate_2,5,0.028000000000000004
24,candidate_3,candidate_5,candidate_4,candidate_1,candidate_2,5,0.028000000000000004
25,candidate_3,candidate_5,candidate_4,candidate_1,candidate_2,5,0.028000000000000004
26,candidate_3,candidate_5,candidate_4,candidate_1,candidate_2,5,0.028000000000000004
27,candidate_3,candidate_5,candidate_4,candidate_1,candidate_2,5,0.028000000000000004
28,candidate_3,candidate_5,candidate_4,candidate_1,candidate_2,5,0.028000000000000004
29,candidate_3,candidate_5,candidate_4,candidate_1,candidate_2,5,0.028000000000000004
30,candidate_3,candidate_5,0,candidate_1,candidate_2,5,0.028000000000000004
31,candidate_3,candidate_5,candidate_4,candidate_1,candidate_2,5,0.028000000000000004
32,0,candidate_5,candidate_4,candidate_1,candidate_2,5,0.028000000000000004
33,candidate_3,candidate_5,candidate_4,candidate_1,candidate_2,5,0.028000000000000004
34,candidate_3,candidate_5,candidate_4,candidate_1,candidate_2,5,0.028000000000000004
35,candidate_3,candidate_5,candidate_4,candidate_1,candidate_2,5,0.028000000000000004
36,candidate_3,candidate_5,candidate_4,candidate_1,candidate_2,5,0.028000000000000004
37,candidate_3,candidate_5,candidate_4,candidate_1,candidate_2,5,0.028000000000000004
38,candidate_3,candidate_5,candidate_4,candidate_1,candidate_2,5,0.028000000000000004
39,candidate_3,candidate_5,candidate_4,candidate_1,candidate_2,5,0.028000000000000004
40,candidate_3,candidate_5,candidate_4,candidate_1,candidate_2,5,0.028000000000000004
41,candidate_3,candidate_5,candidate_4,candidate_1,candidate_2,5,0.028000000000000004
42,candidate_3,candidate_5,candidate_4,candidate_1,candidate_2,5,0.028000000000000004
43,candidate_3,0,candidate_4,candidate_1,candidate_2,5,0.028000000000000004
44,candidate_3,candidate_5,candidate_4,candidate_1,candidate_2,5,0.028000000000000004
45,candidate_3,candidate_5,candidate_4,candidate_1,candidate_2,5,0.028000000000000004
46,candidate_3,candidate_5,candidate_4,candidate_1,candidate_2,5,0.028000000000000004
47,candidate_3,candidate_5,candidate_4,candidate_1,candidate_2,5,0.028000000000000004
48,candidate_3,candidate_5,candidate_4,candidate_1,candidate_2,5,0.028000000000000004
49,candidate_3,candidate_5,candidate_4,candidate_1,candidate_2,5,0.028000000000000004
50,candidate_3,candidate_5,candidate_4,candidate_1,candidate_2,5,0.028000000000000004
51,candidate_3,candidate_5,candidate_4,0,candidate_2,5,0.028000000000000004
52,candidate_3,candidate_5,candidate_4,candidate_1,candidate_2,5,0.028000000000000004
53,candidate_3,candidate_5,candidate_4,candidate_1,candidate_2,5,0.028000000000000004
54,candidate_3,candidate_5,candidate_4,candidate_1,candidate_2,5,0.028000000000000004
55,candidate_3,candidate_5,candidate_4,candidate_1,candidate_2,5,0.028000000000000004
56,candidate_3,candidate_5,candidate_4,candidate_1,candidate_2,5,0.028000000000000004
57,candidate_3,candidate_5,candidate_4,candidate_1,candidate_2,5,0.028000000000000004
58,candidate_3,candidate_5,candidate_4,candidate_1,candidate_2,5,0.028000000000000004
59,candidate_3,candidate_5,candidate_4,candidate_1,candidate_2,5,0.028000000000000004
60,candidate_3,candidate_5,candidate_4,candidate_1,candidate_2,5,0.028000000000000004
61,candidate_3,candidate_5,candidate_4,candidate_1,candidate_2,5,0.028000000000000004
62,candidate_3,candidate_5,candidate_4,candidate_1,candidate_2,5,0.028000000000000004
63,candidate_3,candidate_5,candidate_4,candidate_1,candidate_2,5,0.028000000000000004
64,candidate_3,candidate_5,candidate_4,candidate_1,candidate_2,5,0.028000000000000004
65,candidate_3,candidate_5,candidate_4,candidate_1,candidate_2,5,0.028000000000000004
66,candidate_3,candidate_5,candidate_4,candidate_1,candidate_2,5,0.028000000000000004
67,candidate_3,candidate_5,candidate_4,candidate_1,candidate_2,5,0.028000000000000004
68,candidate_3,candidate_5,candidate_4,candidate_1,candidate_2,5,0.028000000000000004
69,candidate_3,0,candidate_4,candidate_1,0,5,0.028000000000000004
70,candidate_3,candidate_5,candidate_4,candidate_1,candidate_2,5,0.028000000000000004
71,candidate_3,candidate_5,candidate_4,candidate_1,candidate_2,5,0.028000000000000004
72,candidate_3,candidate_5,candidate_4,candidate_1,candidate_2,5,0.028000000000000004
73,candidate_3,candidate_5,candidate_4,candidate_1,candidate_2,5,0.028000000000000004
0,candidate_3,candidate_5,candidate_4,0,candidate_1,5,0.028000000000000004
1,candidate_3,candidate_5,candidate_4,candidate_2,candidate_1,5,0.028000000000000004
2,candidate_3,candidate_5,candidate_4,candidate_2,candidate_1,5,0.028000000000000004
3,candidate_3,candidate_5,candidate_4,candidate_2,candidate_1,5,0.028000000000000004
4,candidate_3,candidate_5,candidate_4,candidate_2,candidate_1,5,0.028000000000000004
5,candidate_3,candidate_5,candidate_4,candidate_2,candidate_1,5,0.028000000000000004
6,candidate_3,candidate_5,candidate_4,candidate_2,candidate_1,5,0.028000000000000004
7,candidate_3,candidate_5,candidate_4,candidate_2,0,5,0.028000000000000004
8,candidate_3,candidate_5,candidate_4,candidate_2,candidate_1,5,0.028000000000000004
9,candidate_3,candidate_5,candidate_4,candidate_2,candidate_1,5,0.028000000000000004
10,0,candidate_5,candidate_4,candidate_2,candidate_1,5,0.028000000000000004
11,candidate_3,candidate_5,candidate_4,candidate_2,candidate_1,5,0.028000000000000004
12,candidate_3,candidate_5,candidate_4,candidate_2,candidate_1,5,0.028000000000000004
13,candidate_3,candidate_5,candidate_4,candidate_2,candidate_1,5,0.028000000000000004
14,candidate_3,candidate_5,candidate_4,candidate_2,candidate_1,5,0.028000000000000004
15,candidate_3,candidate_5,candidate_4,candidate_2,candidate_1,5,0.028000000000000004
16,candidate_3,candidate_5,candidate_4,candidate_2,candidate_1,5,0.028000000000000004
17,candidate_3,candidate_5,candidate_4,candidate_2,candidate_1,5,0.028000000000000004
18,candidate_3,candidate_5,candidate_4,0,candidate_1,5,0.028000000000000004
19,candidate_3,candidate_5,candidate_4,candidate_2,candidate_1,5,0.028000000000000004
20,candidate_3,candidate_5,candidate_4,candidate_2,candidate_1,5,0.028000000000000004
21,candidate_3,candidate_5,candidate_4,candidate_2,candidate_1,5,0.028000000000000004
22,candidate_3,candidate_5,candidate_4,candidate_2,candidate_1,5,0.028000000000000004
23,candidate_3,candidate_5,candidate_4,candidate_2,candidate_1,5,0.028000000000000004
24,candidate_3,candidate_5,candidate_4,candidate_2,candidate_1,5,0.028000000000000004
25,candidate_3,candidate_5,candidate_4,candidate_2,candidate_1,5,0.028000000000000004
26,candidate_3,candidate_5,candidate_4,candidate_2,candidate_1,5,0.028000000000000004
27,candidate_3,candidate_5,candidate_4,candidate_2,candidate_1,5,0.028000000000000004
28,candidate_3,candidate_5,candidate_4,candidate_2,candidate_1,5,0.028000000000000004
29,candidate_3,candidate_5,candidate_4,candidate_2,candidate_1,5,0.028000000000000004
30,candidate_3,candidate_5,candidate_4,candidate_2,candidate_1,5,0.028000000000000004
31,candidate_3,candidate_5,candidate_4,candidate_2,candidate_1,5,0.028000000000000004
32,candidate_3,candidate_5,candidate_4,candidate_2,candidate_1,5,0.028000000000000004
33,candidate_3,candidate_5,candidate_4,candidate_2,candidate_1,5,0.028000000000000004
34,candidate_3,candidate_5,candidate_4,candidate_2,candidate_1,5,0.028000000000000004
35,candidate_3,candidate_5,candidate_4,candidate_2,candidate_1,5,0.028000000000000004
36,candidate_3,candidate_5,candidate_4,candidate_2,candidate_1,5,0.028000000000000004
37,candidate_3,candidate_5,candidate_4,candidate_2,candidate_1,5,0.028000000000000004
38,candidate_3,candidate_5,candidate_4,candidate_2,candidate_1,5,0.028000000000000004
39,candidate_3,candidate_5,candidate_4,candidate_2,candidate_1,5,0.028000000000000004
40,candidate_3,candidate_5,0,candidate_2,candidate_1,5,0.028000000000000004
41,0,candidate_5,candidate_4,candidate_2,candidate_1,5,0.028000000000000004
42,candidate_3,candidate_5,candidate_4,candidate_2,candidate_1,5,0.028000000000000004
43,candidate_3,candidate_5,candidate_4,candidate_2,candidate_1,5,0.028000000000000004
44,candidate_3,candidate_5,candidate_4,candidate_2,candidate_1,5,0.028000000000000004
45,candidate_3,candidate_5,candidate_4,candidate_2,candidate_1,5,0.028000000000000004
46,candidate_3,candidate_5,candidate_4,candidate_2,candidate_1,5,0.028000000000000004
47,candidate_3,0,candidate_4,candidate_2,candidate_1,5,0.028000000000000004
48,candidate_3,candidate_5,candidate_4,candidate_2,candidate_1,5,0.028000000000000004
49,candidate_3,candidate_5,candidate_4,candidate_2,candidate_1,5,0.028000000000000004
50,candidate_3,0,candidate_4,candidate_2,candidate_1,5,0.028000000000000004
51,candidate_3,candidate_5,candidate_4,candidate_2,candidate_1,5,0.028000000000000004
52,candidate_3,candidate_5,candidate_4,candidate_2,candidate_1,5,0.028000000000000004
53,candidate_3,candidate_5,candidate_4,candidate_2,candidate_1,5,0.028000000000000004
54,candidate_3,candidate_5,candidate_4,candidate_2,candidate_1,5,0.028000000000000004
55,candidate_3,0,candidate_4,candidate_2,candidate_1,5,0.028000000000000004
56,candidate_3,candidate_5,candidate_4,candidate_2,candidate_1,5,0.028000000000000004
57,candidate_3,candidate_5,candidate_4,candidate_2,candidate_1,5,0.028000000000000004
58,candidate_3,candidate_5,candidate_4,candidate_2,candidate_1,5,0.028000000000000004
59,candidate_3,candidate_5,candidate_4,candidate_2,candidate_1,5,0.028000000000000004
60,candidate_3,candidate_5,candidate_4,candidate_2,candidate_1,5,0.028000000000000004
61,0,candidate_5,candidate_4,candidate_2,candidate_1,5,0.028000000000000004
62,candidate_3,candidate_5,candidate_4,candidate_2,candidate_1,5,0.028000000000000004
63,candidate_3,candidate_5,0,candidate_2,candidate_1,5,0.028000000000000004
64,candidate_3,candidate_5,candidate_4,candidate_2,candidate_1,5,0.028000000000000004
65,candidate_3,candidate_5,candidate_4,candidate_2,candidate_1,5,0.028000000000000004
66,candidate_3,candidate_5,candidate_4,candidate_2,candidate_1,5,0.028000000000000004
67,candidate_3,candidate_5,candidate_4,candidate_2,candidate_1,5,0.028000000000000004
68,candidate_3,candidate_5,candidate_4,candidate_2,candidate_1,5,0.028000000000000004
69,candidate_3,candidate_5,candidate_4,0,candidate_1,5,0.028000000000000004
70,candidate_3,candidate_5,candidate_4,candidate_2,candidate_1,5,0.028000000000000004
71,candidate_3,candidate_5,candidate_4,candidate_2,candidate_1,5,0.028000000000000004
72,candidate_3,candidate_5,candidate_4,candidate_2,candidate_1,5,0.028000000000000004
73,candidate_3,candidate_5,candidate_4,candidate_2,0,5,0.028000000000000004
74,candidate_3,candidate_5,candidate_4,candidate_2,candidate_1,5,0.028000000000000004
75,candidate_3,candidate_5,candidate_4,candidate_2,candidate_1,5,0.028000000000000004
76,candidate_3,candidate_5,candidate_4,candidate_2,candidate_1,5,0.028000000000000004
77,candidate_3,candidate_5,candidate_4,candidate_2,candidate_1,5,0.028000000000000004
78,candidate_3,candidate_5,candidate_4,candidate_2,candidate_1,5,0.028000000000000004
79,candidate_3,candidate_5,candidate_4,candidate_2,candidate_1,5,0.028000000000000004
80,candidate_3,candidate_5,candidate_4,candidate_2,candidate_1,5,0.028000000000000004
81,candidate_3,candidate_5,candidate_4,candidate_2,candidate_1,5,0.028000000000000004
82,candidate_3,candidate_5,candidate_4,candidate_2,candidate_1,5,0.028000000000000004
83,candidate_3,candidate_5,candidate_4,candidate_2,candidate_1,5,0.028000000000000004
84,candidate_3,candidate_5,candidate_4,candidate_2,candidate_1,5,0.028000000000000004
85,candidate_3,candidate_5,candidate_4,candidate_2,candidate_1,5,0.028000000000000004
86,candidate_3,candidate_5,candidate_4,candidate_2,candidate_1,5,0.028000000000000004
87,candidate_3,candidate_5,candidate_4,candidate_2,candidate_1,5,0.028000000000000004
88,candidate_3,candidate_5,candidate_4,candidate_2,candidate_1,5,0.028000000000000004
89,candidate_3,candidate_5,candidate_4,candidate_2,candidate_1,5,0.028000000000000004
90,candidate_3,candidate_5,candidate_4,candidate_2,candidate_1,5,0.028000000000000004
91,candidate_3,candidate_5,candidate_4,candidate_2,candidate_1,5,0.028000000000000004
92,candidate_3,candidate_5,candidate_4,candidate_2,candidate_1,5,0.028000000000000004
93,candidate_3,candidate_5,candidate_4,candidate_2,candidate_1,5,0.028000000000000004
94,candidate_3,candidate_5,candidate_4,candidate_2,candidate_1,5,0.028000000000000004
95,candidate_3,candidate_5,candidate_4,candidate_2,candidate_1,5,0.028000000000000004
96,candidate_3,candidate_5,candidate_4,candidate_2,candidate_1,5,0.028000000000000004
97,candidate_3,candidate_5,candidate_4,candidate_2,candidate_1,5,0.028000000000000004
98,candidate_3,candidate_5,candidate_4,candidate_2,candidate_1,5,0.028000000000000004
99,candidate_3,candidate_5,candidate_4,candidate_2,candidate_1,5,0.028000000000000004
100,candidate_3,candidate_5,candidate_4,candidate_2,candidate_1,5,0.028000000000000004
101,candidate_3,candidate_5,candidate_4,candidate_2,candidate_1,5,0.028000000000000004
102,candidate_3,candidate_5,candidate_4,candidate_2,candidate_1,5,0.028000000000000004
103,candidate_3,candidate_5,candidate_4,candidate_2,candidate_1,5,0.028000000000000004
104,candidate_3,candidate_5,candidate_4,candidate_2,candidate_1,5,0.028000000000000004
105,candidate_3,candidate_5,candidate_4,candidate_2,candidate_1,5,0.028000000000000004
106,candidate_3,candidate_5,candidate_4,candidate_2,candidate_1,5,0.028000000000000004
107,candidate_3,candidate_5,candidate_4,candidate_2,candidate_1,5,0.028000000000000004
108,candidate_3,candidate_5,candidate_4,candidate_2,candidate_1,5,0.028000000000000004
109,candidate_3,candidate_5,candidate_4,candidate_2,candidate_1,5,0.028000000000000004
110,candidate_3,candidate_5,candidate_4,candidate_2,candidate_1,5,0.028000000000000004
111,candidate_3,candidate_5,candidate_4,candidate_2,candidate_1,5,0.028000000000000004
112,candidate_3,candidate_5,candidate_4,candidate_2,candidate_1,5,0.028000000000000004
113,0,candidate_5,candidate_4,candidate_2,candidate_1,5,0.028000000000000004
114,candidate_3,candidate_5,candidate_4,candidate_2,candidate_1,5,0.028000000000000004
115,candidate_3,candidate_5,candidate_4,candidate_2,candidate_1,5,0.028000000000000004
116,candidate_3,candidate_5,candidate_4,candidate_2,candidate_1,5,0.028000000000000004
117,candidate_3,candidate_5,candidate_4,candidate_2,candidate_1,5,0.028000000000000004
118,candidate_3,candidate_5,0,candidate_2,candidate_1,5,0.028000000000000004
119,candidate_3,candidate_5,candidate_4,candidate_2,candidate_1,5,0.028000000000000004
120,candidate_3,candidate_5,0,candidate_2,candidate_1,5,0.028000000000000004
121,candidate_3,candidate_5,candidate_4,candidate_2,candidate_1,5,0.028000000000000004
122,candidate_3,candidate_5,candidate_4,candidate_2,candidate_1,5,0.028000000000000004
123,candidate_3,candidate_5,candidate_4,candidate_2,candidate_1,5,0.028000000000000004
124,candidate_3,candidate_5,candidate_4,candidate_2,candidate_1,5,0.028000000000000004
125,candidate_3,candidate_5,candidate_4,candidate_2,candidate_1,5,0.028000000000000004
126,candidate_3,candidate_5,candidate_4,candidate_2,candidate_1,5,0.028000000000000004
127,candidate_3,candidate_5,candidate_4,candidate_2,candidate_1,5,0.028000000000000004
128,candidate_3,candidate_5,candidate_4,candidate_2,candidate_1,5,0.028000000000000004
129,candidate_3,candidate_5,candidate_4,candidate_2,candidate_1,5,0.028000000000000004
130,candidate_3,candidate_5,candidate_4,candidate_2,candidate_1,5,0.028000000000000004
131,candidate_3,candidate_5,candidate_4,candidate_2,candidate_1,5,0.028000000000000004
132,candidate_3,0,candidate_4,candidate_2,candidate_1,5,0.028000000000000004
133,candidate_3,candidate_5,candidate_4,candidate_2,candidate_1,5,0.028000000000000004
134,candidate_3,candidate_5,candidate_4,candidate_2,candidate_1,5,0.028000000000000004
135,candidate_3,candidate_5,candidate_4,candidate_2,candidate_1,5,0.028000000000000004
136,candidate_3,0,candidate_4,candidate_2,candidate_1,5,0.028000000000000004
137,candidate_3,candidate_5,candidate_4,candidate_2,candidate_1,5,0.028000000000000004
138,candidate_3,candidate_5,candidate_4,candidate_2,candidate_1,5,0.028000000000000004
139,candidate_3,candidate_5,candidate_4,candidate_2,candidate_1,5,0.028000000000000004
140,candidate_3,candidate_5,candidate_4,candidate_2,candidate_1,5,0.028000000000000004
141,0,candidate_5,candidate_4,candidate_2,candidate_1,5,0.028000000000000004
142,candidate_3,candidate_5,candidate_4,candidate_2,candidate_1,5,0.028000000000000004
143,0,candidate_5,candidate_4,candidate_2,candidate_1,5,0.028000000000000004
144,candidate_3,0,candidate_4,candidate_2,candidate_1,5,0.028000000000000004
145,candidate_3,candidate_5,candidate_4,candidate_2,candidate_1,5,0.028000000000000004
146,candidate_3,candidate_5,0,candidate_2,candidate_1,5,0.028000000000000004
147,candidate_3,candidate_5,candidate_4,candidate_2,candidate_1,5,0.028000000000000004
148,candidate_3,candidate_5,candidate_4,candidate_2,candidate_1,5,0.028000000000000004
149,candidate_3,candidate_5,candidate_4,candidate_2,candidate_1,5,0.028000000000000004
150,candidate_3,candidate_5,candidate_4,candidate_2,candidate_1,5,0.028000000000000004
151,candidate_3,candidate_5,candidate_4,candidate_2,candidate_1,5,0.028000000000000004
152,candidate_3,candidate_5,candidate_4,candidate_2,candidate_1,5,0.028000000000000004
153,candidate_3,candidate_5,candidate_4,candidate_2,candidate_1,5,0.028000000000000004
154,candidate_3,candidate_5,candidate_4,candidate_2,candidate_1,5,0.028000000000000004
155,candidate_3,candidate_5,candidate_4,candidate_2,candidate_1,5,0.028000000000000004
156,candidate_3,0,candidate_4,candidate_2,candidate_1,5,0.028000000000000004
157,candidate_3,candidate_5,candidate_4,candidate_2,candidate_1,5,0.028000000000000004
158,candidate_3,candidate_5,candidate_4,candidate_2,candidate_1,5,0.028000000000000004
159,candidate_3,candidate_5,candidate_4,candidate_2,candidate_1,5,0.028000000000000004
160,candidate_3,candidate_5,candidate_4,candidate_2,candidate_1,5,0.028000000000000004
161,candidate_3,candidate_5,candidate_4,candidate_2,candidate_1,5,0.028000000000000004
162,candidate_3,candidate_5,candidate_4,candidate_2,candidate_1,5,0.028000000000000004
163,candidate_3,candidate_5,candidate_4,candidate_2,candidate_1,5,0.028000000000000004
164,candidate_3,candidate_5,candidate_4,candidate_2,candidate_1,5,0.028000000000000004
165,0,candidate_5,candidate_4,candidate_2,candidate_1,5,0.028000000000000004
166,candidate_3,candidate_5,candidate_4,candidate_2,candidate_1,5,0.028000000000000004
167,candidate_3,candidate_5,candidate_4,candidate_2,candidate_1,5,0.028000000000000004
168,candidate_3,0,candidate_4,candidate_2,candidate_1,5,0.028000000000000004
169,candidate_3,candidate_5,candidate_4,candidate_2,candidate_1,5,0.028000000000000004
170,candidate_3,candidate_5,candidate_4,candidate_2,candidate_1,5,0.028000000000000004
171,candidate_3,candidate_5,candidate_4,candidate_2,candidate_1,5,0.028000000000000004
172,candidate_3,candidate_5,candidate_4,candidate_2,candidate_1,5,0.028000000000000004
173,candidate_3,candidate_5,candidate_4,candidate_2,candidate_1,5,0.028000000000000004
174,candidate_3,candidate_5,candidate_4,candidate_2,candidate_1,5,0.028000000000000004
175,candidate_3,candidate_5,candidate_4,candidate_2,candidate_1,5,0.028000000000000004
176,candidate_3,candidate_5,candidate_4,candidate_2,candidate_1,5,0.028000000000000004
177,candidate_3,candidate_5,candidate_4,candidate_2,candidate_1,5,0.028000000000000004
178,candidate_3,candidate_5,candidate_4,candidate_2,candidate_1,5,0.028000000000000004
179,candidate_3,candidate_5,candidate_4,candidate_2,candidate_1,5,0.028000000000000004
180,candidate_3,candidate_5,candidate_4,candidate_2,candidate_1,5,0.028000000000000004
181,candidate_3,candidate_5,candidate_4,candidate_2,candidate_1,5,0.028000000000000004
182,candidate_3,candidate_5,candidate_4,candidate_2,candidate_1,5,0.028000000000000004
183,candidate_3,candidate_5,candidate_4,candidate_2,candidate_1,5,0.028000000000000004
184,candidate_3,candidate_5,candidate_4,candidate_2,candidate_1,5,0.028000000000000004
185,0,0,candidate_4,candidate_2,candidate_1,5,0.028000000000000004
186,candidate_3,candidate_5,candidate_4,candidate_2,candidate_1,5,0.028000000000000004
187,candidate_3,candidate_5,candidate_4,candidate_2,candidate_1,5,0.028000000000000004
188,candidate_3,candidate_5,candidate_4,candidate_2,candidate_1,5,0.028000000000000004
189,candidate_3,candidate_5,candidate_4,candidate_2,candidate_1,5,0.028000000000000004
190,candidate_3,candidate_5,candidate_4,candidate_2,candidate_1,5,0.028000000000000004
191,candidate_3,candidate_5,candidate_4,0,candidate_1,5,0.028000000000000004
192,candidate_3,candidate_5,candidate_4,candidate_2,candidate_1,5,0.028000000000000004
193,candidate_3,candidate_5,candidate_4,candidate_2,candidate_1,5,0.028000000000000004
194,candidate_3,candidate_5,candidate_4,candidate_2,candidate_1,5,0.028000000000000004
195,candidate_3,candidate_5,candidate_4,candidate_2,candidate_1,5,0.028000000000000004
196,candidate_3,candidate_5,candidate_4,candidate_2,candidate_1,5,0.028000000000000004
197,candidate_3,candidate_5,candidate_4,candidate_2,candidate_1,5,0.028000000000000004
198,0,candidate_5,candidate_4,candidate_2,0,5,0.028000000000000004
199,candidate_3,candidate_5,candidate_4,0,candidate_1,5,0.028000000000000004
200,candidate_3,candidate_5,candidate_4,candidate_2,candidate_1,5,0.028000000000000004
201,candidate_3,candidate_5,candidate_4,candidate_2,candidate_1,5,0.028000000000000004
202,candidate_3,candidate_5,candidate_4,candidate_2,candidate_1,5,0.028000000000000004
203,candidate_3,candidate_5,candidate_4,candidate_2,candidate_1,5,0.028000000000000004
204,candidate_3,candidate_5,candidate_4,candidate_2,candidate_1,5,0.028000000000000004
205,candidate_3,candidate_5,candidate_4,candidate_2,candidate_1,5,0.028000000000000004
206,candidate_3,candidate_5,candidate_4,candidate_2,candidate_1,5,0.028000000000000004
207,candidate_3,candidate_5,candidate_4,candidate_2,candidate_1,5,0.028000000000000004
208,candidate_3,candidate_5,candidate_4,candidate_2,candidate_1,5,0.028000000000000004
209,candidate_3,candidate_5,candidate_4,candidate_2,candidate_1,5,0.028000000000000004
210,candidate_3,0,candidate_4,candidate_2,candidate_1,5,0.028000000000000004
211,candidate_3,candidate_5,candidate_4,candidate_2,candidate_1,5,0.028000000000000004
212,candidate_3,candidate_5,candidate_4,candidate_2,0,5,0.028000000000000004
213,candidate_3,candidate_5,candidate_4,candidate_2,candidate_1,5,0.028000000000000004
214,candidate_3,candidate_5,candidate_4,candidate_2,candidate_1,5,0.028000000000000004
215,candidate_3,candidate_5,candidate_4,candidate_2,candidate_1,5,0.028000000000000004
216,candidate_3,candidate_5,candidate_4,candidate_2,candidate_1,5,0.028000000000000004
217,candidate_3,candidate_5,candidate_4,candidate_2,candidate_1,5,0.028000000000000004
218,candidate_3,candidate_5,candidate_4,candidate_2,candidate_1,5,0.028000000000000004
219,candidate_3,candidate_5,candidate_4,candidate_2,candidate_1,5,0.028000000000000004
220,candidate_3,candidate_5,candidate_4,candidate_2,candidate_1,5,0.028000000000000004
221,candidate_3,candidate_5,candidate_4,candidate_2,candidate_1,5,0.028000000000000004
222,candidate_3,candidate_5,candidate_4,candidate_2,candidate_1,5,0.028000000000000004
223,candidate_3,candidate_5,candidate_4,candidate_2,candidate_1,5,0.028000000000000004
224,candidate_3,candidate_5,candidate_4,candidate_2,0,5,0.028000000000000004
225,candidate_3,candidate_5,candidate_4,candidate_2,candidate_1,5,0.028000000000000004
226,candidate_3,candidate_5,candidate_4,candidate_2,candidate_1,5,0.028000000000000004
227,candidate_3,candidate_5,candidate_4,candidate_2,candidate_1,5,0.028000000000000004
228,candidate_3,candidate_5,candidate_4,candidate_2,candidate_1,5,0.028000000000000004
229,candidate_3,candidate_5,candidate_4,candidate_2,candidate_1,5,0.028000000000000004
230,candidate_3,candidate_5,candidate_4,candidate_2,candidate_1,5,0.028000000000000004
231,candidate_3,candidate_5,candidate_4,candidate_2,candidate_1,5,0.028000000000000004
232,candidate_3,candidate_5,candidate_4,candidate_2,candidate_1,5,0.028000000000000004
233,candidate_3,candidate_5,candidate_4,candidate_2,candidate_1,5,0.028000000000000004
234,candidate_3,candidate_5,candidate_4,candidate_2,candidate_1,5,0.028000000000000004
235,candidate_3,candidate_5,candidate_4,candidate_2,candidate_1,5,0.028000000000000004
236,candidate_3,candidate_5,candidate_4,candidate_2,candidate_1,5,0.028000000000000004
237,candidate_3,candidate_5,candidate_4,candidate_2,candidate_1,5,0.028000000000000004
238,candidate_3,candidate_5,candidate_4,candidate_2,candidate_1,5,0.028000000000000004
239,candidate_3,candidate_5,candidate_4,candidate_2,candidate_1,5,0.028000000000000004
240,candidate_3,candidate_5,candidate_4,candidate_2,candidate_1,5,0.028000000000000004
241,candidate_3,candidate_5,candidate_4,candidate_2,candidate_1,5,0.028000000000000004
242,candidate_3,candidate_5,candidate_4,candidate_2,candidate_1,5,0.028000000000000004
243,candidate_3,candidate_5,candidate_4,candidate_2,candidate_1,5,0.028000000000000004
244,candidate_3,candidate_5,candidate_4,candidate_2,candidate_1,5,0.028000000000000004
245,candidate_3,candidate_5,candidate_4,candidate_2,candidate_1,5,0.028000000000000004
246,candidate_3,candidate_5,candidate_4,candidate_2,candidate_1,5,0.028000000000000004
247,candidate_3,candidate_5,candidate_4,candidate_2,candidate_1,5,0.028000000000000004
248,candidate_3,candidate_5,candidate_4,candidate_2,candidate_1,5,0.028000000000000004
249,candidate_3,candidate_5,candidate_4,candidate_2,candidate_1,5,0.028000000000000004
250,candidate_3,candidate_5,candidate_4,candidate_2,candidate_1,5,0.028000000000000004
251,candidate_3,candidate_5,candidate_4,candidate_2,candidate_1,5,0.028000000000000004
252,candidate_3,candidate_5,candidate_4,candidate_2,candidate_1,5,0.028000000000000004
253,candidate_3,candidate_5,candidate_4,candidate_2,candidate_1,5,0.028000000000000004
254,0,candidate_5,candidate_4,candidate_2,candidate_1,5,0.028000000000000004
255,candidate_3,candidate_5,candidate_4,candidate_2,candidate_1,5,0.028000000000000004
256,candidate_3,0,candidate_4,candidate_2,candidate_1,5,0.028000000000000004
257,candidate_3,candidate_5,candidate_4,candidate_2,candidate_1,5,0.028000000000000004
258,candidate_3,candidate_5,candidate_4,candidate_2,candidate_1,5,0.028000000000000004
259,candidate_3,candidate_5,0,candidate_2,candidate_1,5,0.028000000000000004
260,candidate_3,candidate_5,candidate_4,candidate_2,candidate_1,5,0.028000000000000004
261,candidate_3,candidate_5,candidate_4,candidate_2,candidate_1,5,0.028000000000000004
262,candidate_3,candidate_5,candidate_4,candidate_2,candidate_1,5,0.028000000000000004
263,candidate_3,candidate_5,candidate_4,candidate_2,candidate_1,5,0.028000000000000004
264,candidate_3,candidate_5,candidate_4,candidate_2,candidate_1,5,0.028000000000000004
265,candidate_3,candidate_5,candidate_4,candidate_2,candidate_1,5,0.028000000000000004
266,candidate_3,candidate_5,candidate_4,candidate_2,candidate_1,5,0.028000000000000004
267,candidate_3,candidate_5,candidate_4,0,candidate_1,5,0.028000000000000004
268,0,candidate_5,candidate_4,candidate_2,0,5,0.028000000000000004
269,candidate_3,candidate_5,candidate_4,candidate_2,candidate_1,5,0.028000000000000004
270,candidate_3,candidate_5,candidate_4,candidate_2,candidate_1,5,0.028000000000000004
271,candidate_3,candidate_5,candidate_4,candidate_2,candidate_1,5,0.028000000000000004
272,candidate_3,candidate_5,candidate_4,0,candidate_1,5,0.028000000000000004
273,candidate_3,candidate_5,candidate_4,candidate_2,candidate_1,5,0.028000000000000004
274,candidate_3,candidate_5,0,candidate_2,candidate_1,5,0.028000000000000004
275,candidate_3,candidate_5,candidate_4,candidate_2,candidate_1,5,0.028000000000000004
276,candidate_3,candidate_5,candidate_4,candidate_2,candidate_1,5,0.028000000000000004
277,candidate_3,candidate_5,candidate_4,candidate_2,candidate_1,5,0.028000000000000004
278,candidate_3,candidate_5,candidate_4,candidate_2,candidate_1,5,0.028000000000000004
279,candidate_3,candidate_5,candidate_4,candidate_2,candidate_1,5,0.028000000000000004
280,candidate_3,candidate_5,candidate_4,candidate_2,candidate_1,5,0.028000000000000004
281,candidate_3,candidate_5,candidate_4,candidate_2,candidate_1,5,0.028000000000000004
282,candidate_3,candidate_5,candidate_4,candidate_2,candidate_1,5,0.028000000000000004
283,candidate_3,candidate_5,candidate_4,candidate_2,candidate_1,5,0.028000000000000004
284,candidate_3,candidate_5,candidate_4,candidate_2,candidate_1,5,0.028000000000000004
285,0,candidate_5,candidate_4,candidate_2,candidate_1,5,0.028000000000000004
286,candidate_3,candidate_5,candidate_4,candidate_2,candidate_1,5,0.028000000000000004
287,candidate_3,candidate_5,candidate_4,candidate_2,candidate_1,5,0.028000000000000004
288,candidate_3,candidate_5,candidate_4,candidate_2,candidate_1,5,0.028000000000000004
289,candidate_3,candidate_5,candidate_4,0,candidate_1,5,0.028000000000000004
290,candidate_3,candidate_5,candidate_4,candidate_2,candidate_1,5,0.028000000000000004
291,candidate_3,candidate_5,candidate_4,candidate_2,candidate_1,5,0.028000000000000004
292,candidate_3,candidate_5,candidate_4,candidate_2,candidate_1,5,0.028000000000000004
293,candidate_3,candidate_5,candidate_4,candidate_2,candidate_1,5,0.028000000000000004
294,candidate_3,candidate_5,0,candidate_2,candidate_1,5,0.028000000000000004
295,candidate_3,candidate_5,candidate_4,candidate_2,candidate_1,5,0.028000000000000004
296,candidate_3,candidate_5,candidate_4,candidate_2,candidate_1,5,0.028000000000000004
297,candidate_3,candidate_5,candidate_4,candidate_2,candidate_1,5,0.028000000000000004
298,0,candidate_5,candidate_4,candidate_2,0,5,0.028000000000000004
299,0,candidate_5,candidate_4,candidate_2,candidate_1,5,0.028000000000000004
300,candidate_3,candidate_5,candidate_4,candidate_2,candidate_1,5,0.028000000000000004
301,candidate_3,candidate_5,candidate_4,candidate_2,candidate_1,5,0.028000000000000004
302,candidate_3,candidate_5,candidate_4,candidate_2,candidate_1,5,0.028000000000000004
303,candidate_3,candidate_5,candidate_4,candidate_2,candidate_1,5,0.028000000000000004
304,candidate_3,candidate_5,candidate_4,candidate_2,candidate_1,5,0.028000000000000004
305,0,candidate_5,candidate_4,candidate_2,candidate_1,5,0.028000000000000004
306,candidate_3,candidate_5,candidate_4,candidate_2,candidate_1,5,0.028000000000000004
307,candidate_3,candidate_5,candidate_4,0,candidate_1,5,0.028000000000000004
308,candidate_3,candidate_5,candidate_4,0,candidate_1,5,0.028000000000000004
309,candidate_3,candidate_5,candidate_4,candidate_2,candidate_1,5,0.028000000000000004
310,candidate_3,0,candidate_4,candidate_2,candidate_1,5,0.028000000000000004
311,0,candidate_5,candidate_4,candidate_2,candidate_1,5,0.028000000000000004
312,candidate_3,candidate_5,candidate_4,candidate_2,candidate_1,5,0.028000000000000004
313,candidate_3,candidate_5,candidate_4,candidate_2,candidate_1,5,0.028000000000000004
314,candidate_3,candidate_5,0,candidate_2,candidate_1,5,0.028000000000000004
315,candidate_3,0,candidate_4,candidate_2,candidate_1,5,0.028000000000000004
316,candidate_3,candidate_5,candidate_4,candidate_2,0,5,0.028000000000000004
317,candidate_3,candidate_5,candidate_4,candidate_2,candidate_1,5,0.028000000000000004
318,candidate_3,candidate_5,candidate_4,candidate_2,candidate_1,5,0.028000000000000004
319,candidate_3,candidate_5,candidate_4,candidate_2,candidate_1,5,0.028000000000000004
320,candidate_3,candidate_5,candidate_4,candidate_2,candidate_1,5,0.028000000000000004
321,candidate_3,candidate_5,candidate_4,candidate_2,candidate_1,5,0.028000000000000004
322,candidate_3,candidate_5,candidate_4,candidate_2,candidate_1,5,0.028000000000000004
323,candidate_3,candidate_5,candidate_4,candidate_2,candidate_1,5,0.028000000000000004
324,candidate_3,candidate_5,candidate_4,candidate_2,candidate_1,5,0.028000000000000004
325,candidate_3,candidate_5,candidate_4,candidate_2,candidate_1,5,0.028000000000000004
326,candidate_3,candidate_5,candidate_4,candidate_2,candidate_1,5,0.028000000000000004
327,candidate_3,candidate_5,candidate_4,candidate_2,candidate_1,5,0.028000000000000004
328,candidate_3,candidate_5,candidate_4,candidate_2,candidate_1,5,0.028000000000000004
329,candidate_3,candidate_5,candidate_4,candidate_2,candidate_1,5,0.028000000000000004
330,candidate_3,candidate_5,candidate_4,candidate_2,0,5,0.028000000000000004
331,0,candidate_5,candidate_4,candidate_2,candidate_1,5,0.028000000000000004
332,candidate_3,candidate_5,candidate_4,candidate_2,candidate_1,5,0.028000000000000004
333,candidate_3,candidate_5,candidate_4,candidate_2,candidate_1,5,0.028000000000000004
334,candidate_3,candidate_5,candidate_4,candidate_2,candidate_1,5,0.028000000000000004
335,candidate_3,candidate_5,candidate_4,0,candidate_1,5,0.028000000000000004
336,candidate_3,candidate_5,candidate_4,candidate_2,candidate_1,5,0.028000000000000004
337,candidate_3,candidate_5,candidate_4,candidate_2,candidate_1,5,0.028000000000000004
338,candidate_3,candidate_5,candidate_4,candidate_2,candidate_1,5,0.028000000000000004
339,candidate_3,candidate_5,candidate_4,candidate_2,candidate_1,5,0.028000000000000004
340,candidate_3,candidate_5,candidate_4,candidate_2,candidate_1,5,0.028000000000000004
341,candidate_3,candidate_5,candidate_4,candidate_2,candidate_1,5,0.028000000000000004
342,candidate_3,candidate_5,candidate_4,candidate_2,candidate_1,5,0.028000000000000004
343,candidate_3,candidate_5,candidate_4,candidate_2,candidate_1,5,0.028000000000000004
344,candidate_3,candidate_5,candidate_4,candidate_2,candidate_1,5,0.028000000000000004
345,candidate_3,candidate_5,candidate_4,candidate_2,candidate_1,5,0.028000000000000004
346,candidate_3,candidate_5,candidate_4,candidate_2,candidate_1,5,0.028000000000000004
347,candidate_3,candidate_5,candidate_4,candidate_2,candidate_1,5,0.028000000000000004
348,candidate_3,candidate_5,candidate_4,candidate_2,candidate_1,5,0.028000000000000004
349,candidate_3,candidate_5,candidate_4,candidate_2,candidate_1,5,0.028000000000000004
350,candidate_3,candidate_5,candidate_4,candidate_2,candidate_1,5,0.028000000000000004
351,candidate_3,candidate_5,candidate_4,candidate_2,candidate_1,5,0.028000000000000004
352,candidate_3,candidate_5,candidate_4,candidate_2,candidate_1,5,0.028000000000000004
353,candidate_3,candidate_5,candidate_4,candidate_2,candidate_1,5,0.028000000000000004
354,candidate_3,candidate_5,candidate_4,candidate_2,candidate_1,5,0.028000000000000004
355,candidate_3,candidate_5,candidate_4,candidate_2,candidate_1,5,0.028000000000000004
356,0,candidate_5,candidate_4,candidate_2,candidate_1,5,0.028000000000000004
357,candidate_3,candidate_5,candidate_4,candidate_2,candidate_1,5,0.028000000000000004
358,candidate_3,candidate_5,candidate_4,candidate_2,candidate_1,5,0.028000000000000004
359,candidate_3,candidate_5,candidate_4,candidate_2,candidate_1,5,0.028000000000000004
360,candidate_3,candidate_5,candidate_4,candidate_2,candidate_1,5,0.028000000000000004
361,candidate_3,candidate_5,candidate_4,candidate_2,candidate_1,5,0.028000000000000004
362,candidate_3,candidate_5,0,candidate_2,candidate_1,5,0.028000000000000004
363,candidate_3,candidate_5,candidate_4,candidate_2,candidate_1,5,0.028000000000000004
364,candidate_3,candidate_5,candidate_4,candidate_2,candidate_1,5,0.028000000000000004
365,candidate_3,candidate_5,candidate_4,candidate_2,candidate_1,5,0.028000000000000004
366,candidate_3,candidate_5,candidate_4,candidate_2,candidate_1,5,0.028000000000000004
367,candidate_3,candidate_5,candidate_4,candidate_2,candidate_1,5,0.028000000000000004
368,candidate_3,candidate_5,candidate_4,candidate_2,candidate_1,5,0.028000000000000004
369,candidate_3,candidate_5,candidate_4,candidate_2,candidate_1,5,0.028000000000000004
370,candidate_3,candidate_5,candidate_4,candidate_2,candidate_1,5,0.028000000000000004
371,candidate_3,candidate_5,candidate_4,candidate_2,candidate_1,5,0.028000000000000004
372,candidate_3,candidate_5,candidate_4,candidate_2,candidate_1,5,0.028000000000000004
373,candidate_3,candidate_5,candidate_4,candidate_2,candidate_1,5,0.028000000000000004
374,candidate_3,candidate_5,candidate_4,candidate_2,candidate_1,5,0.028000000000000004
375,candidate_3,candidate_5,candidate_4,candidate_2,candidate_1,5,0.028000000000000004
376,candidate_3,candidate_5,candidate_4,candidate_2,candidate_1,5,0.028000000000000004
377,candidate_3,candidate_5,candidate_4,candidate_2,candidate_1,5,0.028000000000000004
378,candidate_3,candidate_5,candidate_4,candidate_2,candidate_1,5,0.028000000000000004
379,0,candidate_5,candidate_4,candidate_2,candidate_1,5,0.028000000000000004
380,candidate_3,0,candidate_4,candidate_2,candidate_1,5,0.028000000000000004
381,candidate_3,candidate_5,candidate_4,candidate_2,candidate_1,5,0.028000000000000004
382,candidate_3,candidate_5,candidate_4,candidate_2,candidate_1,5,0.028000000000000004
383,candidate_3,candidate_5,candidate_4,candidate_2,candidate_1,5,0.028000000000000004
384,candidate_3,candidate_5,candidate_4,candidate_2,candidate_1,5,0.028000000000000004
385,candidate_3,candidate_5,candidate_4,candidate_2,candidate_1,5,0.028000000000000004
386,candidate_3,candidate_5,candidate_4,candidate_2,candidate_1,5,0.028000000000000004
387,candidate_3,candidate_5,candidate_4,candidate_2,candidate_1,5,0.028000000000000004
388,candidate_3,candidate_5,candidate_4,candidate_2,candidate_1,5,0.028000000000000004
389,candidate_3,candidate_5,candidate_4,candidate_2,candidate_1,5,0.028000000000000004
390,candidate_3,candidate_5,candidate_4,candidate_2,candidate_1,5,0.028000000000000004
391,candidate_3,candidate_5,candidate_4,candidate_2,0,5,0.028000000000000004
392,candidate_3,candidate_5,candidate_4,candidate_2,candidate_1,5,0.028000000000000004
393,candidate_3,candidate_5,candidate_4,candidate_2,candidate_1,5,0.028000000000000004
394,candidate_3,candidate_5,candidate_4,candidate_2,candidate_1,5,0.028000000000000004
395,candidate_3,candidate_5,candidate_4,candidate_2,candidate_1,5,0.028000000000000004
396,candidate_3,candidate_5,candidate_4,candidate_2,candidate_1,5,0.028000000000000004
397,candidate_3,candidate_5,candidate_4,candidate_2,candidate_1,5,0.028000000000000004
398,candidate_3,candidate_5,candidate_4,candidate_2,candidate_1,5,0.028000000000000004
399,candidate_3,candidate_5,candidate_4,candidate_2,0,5,0.028000000000000004
0,candidate_4,candidate_1,candidate_2,candidate_3,candidate_5,5,0.028000000000000004
1,candidate_4,candidate_1,0,candidate_3,candidate_5,5,0.028000000000000004
2,candidate_4,candidate_1,candidate_2,candidate_3,candidate_5,5,0.028000000000000004
3,candidate_4,candidate_1,candidate_2,candidate_3,candidate_5,5,0.028000000000000004
4,candidate_4,candidate_1,candidate_2,candidate_3,candidate_5,5,0.028000000000000004
5,candidate_4,candidate_1,candidate_2,candidate_3,candidate_5,5,0.028000000000000004
6,candidate_4,candidate_1,candidate_2,candidate_3,candidate_5,5,0.028000000000000004
7,candidate_4,candidate_1,candidate_2,candidate_3,candidate_5,5,0.028000000000000004
8,candidate_4,candidate_1,candidate_2,candidate_3,candidate_5,5,0.028000000000000004
9,candidate_4,candidate_1,candidate_2,candidate_3,candidate_5,5,0.028000000000000004
10,candidate_4,candidate_1,candidate_2,candidate_3,candidate_5,5,0.028000000000000004
11,candidate_4,candidate_1,candidate_2,candidate_3,candidate_5,5,0.028000000000000004
12,candidate_4,candidate_1,candidate_2,candidate_3,candidate_5,5,0.028000000000000004
13,candidate_4,candidate_1,candidate_2,candidate_3,candidate_5,5,0.028000000000000004
14,candidate_4,candidate_1,candidate_2,candidate_3,candidate_5,5,0.028000000000000004
15,candidate_4,candidate_1,candidate_2,candidate_3,candidate_5,5,0.028000000000000004
16,candidate_4,candidate_1,candidate_2,candidate_3,candidate_5,5,0.028000000000000004
17,candidate_4,candidate_1,candidate_2,candidate_3,candidate_5,5,0.028000000000000004
18,candidate_4,candidate_1,candidate_2,candidate_3,candidate_5,5,0.028000000000000004
19,candidate_4,candidate_1,candidate_2,candidate_3,candidate_5,5,0.028000000000000004
20,candidate_4,candidate_1,candidate_2,candidate_3,candidate_5,5,0.028000000000000004
21,candidate_4,candidate_1,candidate_2,candidate_3,candidate_5,5,0.028000000000000004
22,candidate_4,candidate_1,candidate_2,candidate_3,candidate_5,5,0.028000000000000004
23,candidate_4,candidate_1,candidate_2,candidate_3,candidate_5,5,0.028000000000000004
24,candidate_4,candidate_1,candidate_2,candidate_3,candidate_5,5,0.028000000000000004
25,candidate_4,candidate_1,candidate_2,candidate_3,candidate_5,5,0.028000000000000004
26,candidate_4,candidate_1,candidate_2,candidate_3,candidate_5,5,0.028000000000000004
27,candidate_4,candidate_1,candidate_2,candidate_3,candidate_5,5,0.028000000000000004
28,candidate_4,candidate_1,candidate_2,candidate_3,candidate_5,5,0.028000000000000004
29,candidate_4,candidate_1,candidate_2,candidate_3,candidate_5,5,0.028000000000000004
30,candidate_4,candidate_1,candidate_2,candidate_3,candidate_5,5,0.028000000000000004
31,candidate_4,candidate_1,candidate_2,candidate_3,candidate_5,5,0.028000000000000004
32,candidate_4,candidate_1,candidate_2,candidate_3,candidate_5,5,0.028000000000000004
33,candidate_4,candidate_1,candidate_2,candidate_3,candidate_5,5,0.028000000000000004
34,candidate_4,0,candidate_2,candidate_3,candidate_5,5,0.028000000000000004
35,candidate_4,candidate_1,candidate_2,candidate_3,candidate_5,5,0.028000000000000004
36,candidate_4,candidate_1,candidate_2,candidate_3,candidate_5,5,0.028000000000000004
37,candidate_4,candidate_1,candidate_2,candidate_3,candidate_5,5,0.028000000000000004
38,candidate_4,candidate_1,candidate_2,candidate_3,candidate_5,5,0.028000000000000004
39,candidate_4,candidate_1,candidate_2,candidate_3,candidate_5,5,0.028000000000000004
40,candidate_4,candidate_1,candidate_2,candidate_3,candidate_5,5,0.028000000000000004
41,candidate_4,0,candidate_2,candidate_3,candidate_5,5,0.028000000000000004
42,candidate_4,candidate_1,candidate_2,candidate_3,candidate_5,5,0.028000000000000004
43,candidate_4,candidate_1,candidate_2,candidate_3,candidate_5,5,0.028000000000000004
44,candidate_4,candidate_1,candidate_2,candidate_3,candidate_5,5,0.028000000000000004
45,candidate_4,candidate_1,candidate_2,candidate_3,candidate_5,5,0.028000000000000004
46,candidate_4,candidate_1,candidate_2,candidate_3,candidate_5,5,0.028000000000000004
47,candidate_4,candidate_1,candidate_2,candidate_3,candidate_5,5,0.028000000000000004
48,candidate_4,candidate_1,candidate_2,candidate_3,candidate_5,5,0.028000000000000004
49,candidate_4,candidate_1,candidate_2,candidate_3,candidate_5,5,0.028000000000000004
50,candidate_4,candidate_1,candidate_2,candidate_3,candidate_5,5,0.028000000000000004
51,candidate_4,candidate_1,candidate_2,0,candidate_5,5,0.028000000000000004
52,candidate_4,candidate_1,candidate_2,candidate_3,candidate_5,5,0.028000000000000004
53,candidate_4,candidate_1,candidate_2,candidate_3,candidate_5,5,0.028000000000000004
54,candidate_4,candidate_1,candidate_2,candidate_3,candidate_5,5,0.028000000000000004
55,candidate_4,candidate_1,0,candidate_3,candidate_5,5,0.028000000000000004
56,candidate_4,candidate_1,candidate_2,candidate_3,candidate_5,5,0.028000000000000004
57,candidate_4,0,candidate_2,candidate_3,candidate_5,5,0.028000000000000004
58,candidate_4,candidate_1,candidate_2,candidate_3,candidate_5,5,0.028000000000000004
59,candidate_4,candidate_1,candidate_2,candidate_3,candidate_5,5,0.028000000000000004
60,candidate_4,candidate_1,candidate_2,candidate_3,candidate_5,5,0.028000000000000004
61,candidate_4,candidate_1,candidate_2,candidate_3,candidate_5,5,0.028000000000000004
62,candidate_4,candidate_1,candidate_2,candidate_3,candidate_5,5,0.028000000000000004
63,candidate_4,candidate_1,candidate_2,candidate_3,candidate_5,5,0.028000000000000004
64,candidate_4,candidate_1,candidate_2,candidate_3,candidate_5,5,0.028000000000000004
65,candidate_4,candidate_1,candidate_2,candidate_3,candidate_5,5,0.028000000000000004
66,candidate_4,candidate_1,candidate_2,candidate_3,candidate_5,5,0.028000000000000004
67,0,candidate_1,candidate_2,candidate_3,candidate_5,5,0.028000000000000004
68,candidate_4,candidate_1,candidate_2,candidate_3,candidate_5,5,0.028000000000000004
69,candidate_4,candidate_1,candidate_2,candidate_3,candidate_5,5,0.028000000000000004
70,candidate_4,candidate_1,candidate_2,candidate_3,candidate_5,5,0.028000000000000004
71,candidate_4,candidate_1,candidate_2,candidate_3,candidate_5,5,0.028000000000000004
72,candidate_4,candidate_1,candidate_2,candidate_3,candidate_5,5,0.028000000000000004
73,candidate_4,candidate_1,candidate_2,candidate_3,candidate_5,5,0.028000000000000004
74,candidate_4,candidate_1,candidate_2,candidate_3,candidate_5,5,0.028000000000000004
75,candidate_4,candidate_1,candidate_2,candidate_3,candidate_5,5,0.028000000000000004
76,candidate_4,candidate_1,candidate_2,candidate_3,candidate_5,5,0.028000000000000004
77,candidate_4,candidate_1,candidate_2,candidate_3,candidate_5,5,0.028000000000000004
78,candidate_4,candidate_1,candidate_2,candidate_3,candidate_5,5,0.028000000000000004
79,candidate_4,candidate_1,candidate_2,candidate_3,candidate_5,5,0.028000000000000004
80,candidate_4,candidate_1,candidate_2,candidate_3,candidate_5,5,0.028000000000000004
81,candidate_4,candidate_1,candidate_2,candidate_3,candidate_5,5,0.028000000000000004
82,candidate_4,candidate_1,candidate_2,candidate_3,candidate_5,5,0.028000000000000004
83,candidate_4,candidate_1,candidate_2,candidate_3,candidate_5,5,0.028000000000000004
84,candidate_4,candidate_1,candidate_2,candidate_3,candidate_5,5,0.028000000000000004
85,candidate_4,candidate_1,candidate_2,candidate_3,candidate_5,5,0.028000000000000004
86,0,candidate_1,candidate_2,candidate_3,candidate_5,5,0.028000000000000004
87,candidate_4,candidate_1,candidate_2,candidate_3,candidate_5,5,0.028000000000000004
88,candidate_4,candidate_1,candidate_2,candidate_3,candidate_5,5,0.028000000000000004
89,candidate_4,candidate_1,candidate_2,candidate_3,candidate_5,5,0.028000000000000004
90,candidate_4,candidate_1,candidate_2,candidate_3,candidate_5,5,0.028000000000000004
91,candidate_4,candidate_1,candidate_2,candidate_3,candidate_5,5,0.028000000000000004
92,candidate_4,candidate_1,candidate_2,candidate_3,candidate_5,5,0.028000000000000004
93,candidate_4,candidate_1,candidate_2,candidate_3,candidate_5,5,0.028000000000000004
94,candidate_4,candidate_1,candidate_2,candidate_3,candidate_5,5,0.028000000000000004
95,candidate_4,candidate_1,candidate_2,candidate_3,candidate_5,5,0.028000000000000004
96,candidate_4,candidate_1,candidate_2,candidate_3,candidate_5,5,0.028000000000000004
97,candidate_4,candidate_1,candidate_2,candidate_3,candidate_5,5,0.028000000000000004
98,candidate_4,candidate_1,candidate_2,0,candidate_5,5,0.028000000000000004
99,candidate_4,candidate_1,candidate_2,candidate_3,candidate_5,5,0.028000000000000004
100,candidate_4,candidate_1,candidate_2,candidate_3,candidate_5,5,0.028000000000000004
101,candidate_4,candidate_1,candidate_2,candidate_3,candidate_5,5,0.028000000000000004
102,0,candidate_1,candidate_2,candidate_3,candidate_5,5,0.028000000000000004
103,candidate_4,candidate_1,candidate_2,candidate_3,candidate_5,5,0.028000000000000004
104,candidate_4,candidate_1,candidate_2,candidate_3,candidate_5,5,0.028000000000000004
105,candidate_4,candidate_1,candidate_2,candidate_3,candidate_5,5,0.028000000000000004
106,candidate_4,candidate_1,candidate_2,candidate_3,candidate_5,5,0.028000000000000004
107,candidate_4,candidate_1,candidate_2,candidate_3,candidate_5,5,0.028000000000000004
108,candidate_4,candidate_1,candidate_2,candidate_3,candidate_5,5,0.028000000000000004
109,candidate_4,candidate_1,candidate_2,candidate_3,candidate_5,5,0.028000000000000004
110,candidate_4,candidate_1,candidate_2,candidate_3,candidate_5,5,0.028000000000000004
111,candidate_4,candidate_1,candidate_2,candidate_3,0,5,0.028000000000000004
112,candidate_4,candidate_1,candidate_2,candidate_3,candidate_5,5,0.028000000000000004
113,candidate_4,candidate_1,candidate_2,candidate_3,candidate_5,5,0.028000000000000004
114,candidate_4,candidate_1,candidate_2,candidate_3,candidate_5,5,0.028000000000000004
115,candidate_4,candidate_1,candidate_2,candidate_3,candidate_5,5,0.028000000000000004
116,candidate_4,candidate_1,candidate_2,candidate_3,candidate_5,5,0.028000000000000004
117,candidate_4,candidate_1,candidate_2,candidate_3,candidate_5,5,0.028000000000000004
118,candidate_4,candidate_1,candidate_2,candidate_3,candidate_5,5,0.028000000000000004
119,candidate_4,candidate_1,candidate_2,candidate_3,candidate_5,5,0.028000000000000004
120,candidate_4,candidate_1,candidate_2,candidate_3,candidate_5,5,0.028000000000000004
121,candidate_4,candidate_1,candidate_2,candidate_3,candidate_5,5,0.028000000000000004
122,candidate_4,candidate_1,candidate_2,candidate_3,candidate_5,5,0.028000000000000004
123,candidate_4,candidate_1,candidate_2,candidate_3,candidate_5,5,0.028000000000000004
124,candidate_4,candidate_1,candidate_2,candidate_3,candidate_5,5,0.028000000000000004
125,candidate_4,candidate_1,candidate_2,candidate_3,candidate_5,5,0.028000000000000004
126,candidate_4,candidate_1,candidate_2,candidate_3,candidate_5,5,0.028000000000000004
127,candidate_4,candidate_1,candidate_2,candidate_3,0,5,0.028000000000000004
128,candidate_4,candidate_1,candidate_2,candidate_3,candidate_5,5,0.028000000000000004
129,candidate_4,candidate_1,candidate_2,candidate_3,candidate_5,5,0.028000000000000004
130,candidate_4,candidate_1,candidate_2,candidate_3,candidate_5,5,0.028000000000000004
131,candidate_4,candidate_1,candidate_2,candidate_3,candidate_5,5,0.028000000000000004
132,candidate_4,candidate_1,candidate_2,candidate_3,candidate_5,5,0.028000000000000004
133,candidate_4,candidate_1,0,candidate_3,candidate_5,5,0.028000000000000004
134,candidate_4,candidate_1,candidate_2,candidate_3,candidate_5,5,0.028000000000000004
135,candidate_4,candidate_1,candidate_2,candidate_3,0,5,0.028000000000000004
136,candidate_4,candidate_1,candidate_2,candidate_3,candidate_5,5,0.028000000000000004
137,candidate_4,candidate_1,candidate_2,candidate_3,candidate_5,5,0.028000000000000004
138,candidate_4,candidate_1,candidate_2,candidate_3,candidate_5,5,0.028000000000000004
139,candidate_4,candidate_1,candidate_2,candidate_3,candidate_5,5,0.028000000000000004
140,candidate_4,candidate_1,candidate_2,candidate_3,candidate_5,5,0.028000000000000004
141,candidate_4,candidate_1,candidate_2,candidate_3,candidate_5,5,0.028000000000000004
142,candidate_4,candidate_1,candidate_2,candidate_3,candidate_5,5,0.028000000000000004
143,candidate_4,candidate_1,candidate_2,candidate_3,candidate_5,5,0.028000000000000004
144,candidate_4,candidate_1,candidate_2,candidate_3,candidate_5,5,0.028000000000000004
145,candidate_4,candidate_1,candidate_2,candidate_3,candidate_5,5,0.028000000000000004
146,candidate_4,0,candidate_2,candidate_3,candidate_5,5,0.028000000000000004
147,candidate_4,candidate_1,candidate_2,candidate_3,0,5,0.028000000000000004
148,candidate_4,candidate_1,candidate_2,candidate_3,candidate_5,5,0.028000000000000004
149,candidate_4,candidate_1,candidate_2,candidate_3,candidate_5,5,0.028000000000000004
150,candidate_4,candidate_1,candidate_2,candidate_3,candidate_5,5,0.028000000000000004
151,candidate_4,candidate_1,0,candidate_3,candidate_5,5,0.028000000000000004
152,candidate_4,candidate_1,candidate_2,candidate_3,candidate_5,5,0.028000000000000004
153,candidate_4,candidate_1,candidate_2,candidate_3,candidate_5,5,0.028000000000000004
154,candidate_4,candidate_1,candidate_2,0,candidate_5,5,0.028000000000000004
155,candidate_4,candidate_1,candidate_2,candidate_3,candidate_5,5,0.028000000000000004
156,candidate_4,candidate_1,candidate_2,candidate_3,candidate_5,5,0.028000000000000004
157,candidate_4,candidate_1,candidate_2,candidate_3,candidate_5,5,0.028000000000000004
158,candidate_4,candidate_1,candidate_2,candidate_3,candidate_5,5,0.028000000000000004
159,candidate_4,candidate_1,candidate_2,candidate_3,candidate_5,5,0.028000000000000004
160,candidate_4,candidate_1,candidate_2,candidate_3,0,5,0.028000000000000004
161,candidate_4,candidate_1,candidate_2,candidate_3,candidate_5,5,0.028000000000000004
162,candidate_4,candidate_1,candidate_2,candidate_3,candidate_5,5,0.028000000000000004
163,candidate_4,candidate_1,candidate_2,candidate_3,candidate_5,5,0.028000000000000004
164,candidate_4,candidate_1,candidate_2,candidate_3,candidate_5,5,0.028000000000000004
165,candidate_4,candidate_1,candidate_2,candidate_3,candidate_5,5,0.028000000000000004
166,candidate_4,candidate_1,candidate_2,candidate_3,candidate_5,5,0.028000000000000004
167,candidate_4,candidate_1,candidate_2,candidate_3,candidate_5,5,0.028000000000000004
168,candidate_4,candidate_1,candidate_2,candidate_3,candidate_5,5,0.028000000000000004
169,candidate_4,candidate_1,candidate_2,candidate_3,0,5,0.028000000000000004
170,candidate_4,candidate_1,candidate_2,candidate_3,candidate_5,5,0.028000000000000004
171,candidate_4,candidate_1,candidate_2,candidate_3,candidate_5,5,0.028000000000000004
172,candidate_4,candidate_1,candidate_2,candidate_3,candidate_5,5,0.028000000000000004
173,candidate_4,candidate_1,candidate_2,candidate_3,candidate_5,5,0.028000000000000004
174,candidate_4,candidate_1,candidate_2,candidate_3,candidate_5,5,0.028000000000000004
175,candidate_4,candidate_1,candidate_2,candidate_3,candidate_5,5,0.028000000000000004
176,candidate_4,candidate_1,candidate_2,candidate_3,candidate_5,5,0.028000000000000004
177,candidate_4,candidate_1,candidate_2,candidate_3,candidate_5,5,0.028000000000000004
178,candidate_4,candidate_1,candidate_2,candidate_3,candidate_5,5,0.028000000000000004
179,candidate_4,candidate_1,candidate_2,candidate_3,candidate_5,5,0.028000000000000004
180,candidate_4,candidate_1,candidate_2,candidate_3,candidate_5,5,0.028000000000000004
181,candidate_4,candidate_1,candidate_2,candidate_3,candidate_5,5,0.028000000000000004
182,candidate_4,candidate_1,candidate_2,candidate_3,candidate_5,5,0.028000000000000004
183,candidate_4,candidate_1,candidate_2,candidate_3,candidate_5,5,0.028000000000000004
184,candidate_4,candidate_1,candidate_2,candidate_3,candidate_5,5,0.028000000000000004
185,candidate_4,candidate_1,candidate_2,candidate_3,candidate_5,5,0.028000000000000004
186,candidate_4,candidate_1,candidate_2,candidate_3,candidate_5,5,0.028000000000000004
187,candidate_4,candidate_1,candidate_2,candidate_3,candidate_5,5,0.028000000000000004
188,candidate_4,candidate_1,candidate_2,candidate_3,candidate_5,5,0.028000000000000004
189,candidate_4,candidate_1,candidate_2,candidate_3,candidate_5,5,0.028000000000000004
190,candidate_4,candidate_1,candidate_2,candidate_3,candidate_5,5,0.028000000000000004
191,candidate_4,candidate_1,candidate_2,candidate_3,candidate_5,5,0.028000000000000004
192,candidate_4,candidate_1,candidate_2,candidate_3,candidate_5,5,0.028000000000000004
193,candidate_4,candidate_1,candidate_2,candidate_3,candidate_5,5,0.028000000000000004
194,candidate_4,candidate_1,candidate_2,candidate_3,candidate_5,5,0.028000000000000004
195,candidate_4,candidate_1,candidate_2,candidate_3,candidate_5,5,0.028000000000000004
196,candidate_4,candidate_1,candidate_2,candidate_3,candidate_5,5,0.028000000000000004
197,candidate_4,candidate_1,candidate_2,candidate_3,candidate_5,5,0.028000000000000004
198,candidate_4,candidate_1,candidate_2,candidate_3,candidate_5,5,0.028000000000000004
199,candidate_4,candidate_1,candidate_2,0,candidate_5,5,0.028000000000000004
200,candidate_4,candidate_1,candidate_2,candidate_3,candidate_5,5,0.028000000000000004
201,candidate_4,candidate_1,candidate_2,0,candidate_5,5,0.028000000000000004
202,candidate_4,candidate_1,candidate_2,candidate_3,candidate_5,5,0.028000000000000004
203,candidate_4,candidate_1,candidate_2,candidate_3,candidate_5,5,0.028000000000000004
204,candidate_4,candidate_1,candidate_2,candidate_3,candidate_5,5,0.028000000000000004
205,candidate_4,candidate_1,candidate_2,candidate_3,candidate_5,5,0.028000000000000004
206,candidate_4,candidate_1,candidate_2,candidate_3,candidate_5,5,0.028000000000000004
207,candidate_4,candidate_1,candidate_2,candidate_3,candidate_5,5,0.028000000000000004
208,candidate_4,candidate_1,candidate_2,candidate_3,candidate_5,5,0.028000000000000004
209,candidate_4,candidate_1,candidate_2,candidate_3,candidate_5,5,0.028000000000000004
210,candidate_4,candidate_1,candidate_2,candidate_3,candidate_5,5,0.028000000000000004
211,candidate_4,candidate_1,candidate_2,candidate_3,candidate_5,5,0.028000000000000004
212,candidate_4,candidate_1,candidate_2,candidate_3,candidate_5,5,0.028000000000000004
213,candidate_4,candidate_1,candidate_2,candidate_3,candidate_5,5,0.028000000000000004
214,candidate_4,candidate_1,candidate_2,candidate_3,candidate_5,5,0.028000000000000004
215,candidate_4,candidate_1,candidate_2,candidate_3,0,5,0.028000000000000004
216,candidate_4,candidate_1,candidate_2,candidate_3,0,5,0.028000000000000004
217,candidate_4,candidate_1,candidate_2,candidate_3,candidate_5,5,0.028000000000000004
218,candidate_4,candidate_1,candidate_2,candidate_3,candidate_5,5,0.028000000000000004
219,candidate_4,candidate_1,candidate_2,candidate_3,candidate_5,5,0.028000000000000004
220,candidate_4,candidate_1,candidate_2,candidate_3,candidate_5,5,0.028000000000000004
221,candidate_4,candidate_1,candidate_2,candidate_3,candidate_5,5,0.028000000000000004
222,candidate_4,candidate_1,candidate_2,candidate_3,candidate_5,5,0.028000000000000004
223,candidate_4,candidate_1,candidate_2,candidate_3,candidate_5,5,0.028000000000000004
224,candidate_4,candidate_1,candidate_2,candidate_3,candidate_5,5,0.028000000000000004
225,candidate_4,candidate_1,candidate_2,candidate_3,candidate_5,5,0.028000000000000004
226,candidate_4,candidate_1,candidate_2,candidate_3,candidate_5,5,0.028000000000000004
227,candidate_4,candidate_1,candidate_2,candidate_3,candidate_5,5,0.028000000000000004
228,candidate_4,candidate_1,candidate_2,candidate_3,0,5,0.028000000000000004
229,candidate_4,candidate_1,candidate_2,candidate_3,candidate_5,5,0.028000000000000004
230,candidate_4,candidate_1,0,candidate_3,candidate_5,5,0.028000000000000004
231,candidate_4,candidate_1,candidate_2,candidate_3,candidate_5,5,0.028000000000000004
232,candidate_4,candidate_1,candidate_2,candidate_3,candidate_5,5,0.028000000000000004
233,candidate_4,candidate_1,candidate_2,candidate_3,candidate_5,5,0.028000000000000004
234,candidate_4,candidate_1,candidate_2,candidate_3,candidate_5,5,0.028000000000000004
235,candidate_4,candidate_1,0,candidate_3,candidate_5,5,0.028000000000000004
236,candidate_4,candidate_1,candidate_2,candidate_3,candidate_5,5,0.028000000000000004
237,candidate_4,candidate_1,candidate_2,candidate_3,candidate_5,5,0.028000000000000004
238,candidate_4,candidate_1,candidate_2,candidate_3,candidate_5,5,0.028000000000000004
239,candidate_4,candidate_1,candidate_2,candidate_3,candidate_5,5,0.028000000000000004
240,candidate_4,candidate_1,candidate_2,candidate_3,candidate_5,5,0.028000000000000004
241,candidate_4,candidate_1,candidate_2,candidate_3,candidate_5,5,0.028000000000000004
242,candidate_4,candidate_1,candidate_2,candidate_3,candidate_5,5,0.028000000000000004
243,candidate_4,candidate_1,candidate_2,candidate_3,candidate_5,5,0.028000000000000004
244,candidate_4,candidate_1,candidate_2,candidate_3,candidate_5,5,0.028000000000000004
245,candidate_4,candidate_1,candidate_2,candidate_3,candidate_5,5,0.028000000000000004
246,candidate_4,candidate_1,candidate_2,candidate_3,candidate_5,5,0.028000000000000004
247,candidate_4,candidate_1,candidate_2,candidate_3,candidate_5,5,0.028000000000000004
248,candidate_4,candidate_1,candidate_2,candidate_3,candidate_5,5,0.028000000000000004
249,candidate_4,candidate_1,candidate_2,candidate_3,candidate_5,5,0.028000000000000004
250,candidate_4,candidate_1,candidate_2,candidate_3,candidate_5,5,0.028000000000000004
251,candidate_4,candidate_1,candidate_2,candidate_3,candidate_5,5,0.028000000000000004
252,candidate_4,candidate_1,candidate_2,0,candidate_5,5,0.028000000000000004
253,candidate_4,candidate_1,candidate_2,candidate_3,candidate_5,5,0.028000000000000004
254,candidate_4,candidate_1,candidate_2,candidate_3,candidate_5,5,0.028000000000000004
255,candidate_4,candidate_1,candidate_2,candidate_3,candidate_5,5,0.028000000000000004
256,candidate_4,candidate_1,candidate_2,candidate_3,candidate_5,5,0.028000000000000004
257,candidate_4,candidate_1,candidate_2,candidate_3,candidate_5,5,0.028000000000000004
258,candidate_4,candidate_1,candidate_2,candidate_3,candidate_5,5,0.028000000000000004
259,candidate_4,candidate_1,candidate_2,0,candidate_5,5,0.028000000000000004
260,candidate_4,candidate_1,candidate_2,candidate_3,candidate_5,5,0.028000000000000004
261,candidate_4,candidate_1,candidate_2,candidate_3,candidate_5,5,0.028000000000000004
262,candidate_4,candidate_1,candidate_2,candidate_3,candidate_5,5,0.028000000000000004
263,candidate_4,candidate_1,candidate_2,candidate_3,candidate_5,5,0.028000000000000004
264,candidate_4,candidate_1,candidate_2,candidate_3,candidate_5,5,0.028000000000000004
265,candidate_4,candidate_1,candidate_2,candidate_3,candidate_5,5,0.028000000000000004
266,candidate_4,candidate_1,candidate_2,candidate_3,candidate_5,5,0.028000000000000004
267,candidate_4,candidate_1,candidate_2,candidate_3,candidate_5,5,0.028000000000000004
268,candidate_4,candidate_1,candidate_2,candidate_3,candidate_5,5,0.028000000000000004
269,candidate_4,candidate_1,candidate_2,candidate_3,candidate_5,5,0.028000000000000004
270,candidate_4,candidate_1,candidate_2,candidate_3,0,5,0.028000000000000004
271,candidate_4,candidate_1,candidate_2,candidate_3,candidate_5,5,0.028000000000000004
272,candidate_4,candidate_1,candidate_2,candidate_3,candidate_5,5,0.028000000000000004
273,candidate_4,candidate_1,candidate_2,candidate_3,candidate_5,5,0.028000000000000004
274,candidate_4,candidate_1,0,candidate_3,candidate_5,5,0.028000000000000004
275,candidate_4,candidate_1,candidate_2,candidate_3,candidate_5,5,0.028000000000000004
276,candidate_4,candidate_1,candidate_2,candidate_3,candidate_5,5,0.028000000000000004
277,candidate_4,candidate_1,candidate_2,candidate_3,candidate_5,5,0.028000000000000004
278,candidate_4,candidate_1,candidate_2,candidate_3,candidate_5,5,0.028000000000000004
279,candidate_4,candidate_1,candidate_2,candidate_3,candidate_5,5,0.028000000000000004
280,candidate_4,candidate_1,candidate_2,candidate_3,candidate_5,5,0.028000000000000004
281,candidate_4,candidate_1,candidate_2,candidate_3,candidate_5,5,0.028000000000000004
282,candidate_4,candidate_1,candidate_2,candidate_3,candidate_5,5,0.028000000000000004
0,candidate_4,candidate_1,candidate_2,candidate_5,candidate_3,5,0.028000000000000004
1,0,candidate_1,candidate_2,candidate_5,candidate_3,5,0.028000000000000004
2,candidate_4,candidate_1,candidate_2,candidate_5,candidate_3,5,0.028000000000000004
3,candidate_4,candidate_1,candidate_2,candidate_5,candidate_3,5,0.028000000000000004
4,candidate_4,candidate_1,candidate_2,candidate_5,candidate_3,5,0.028000000000000004
5,candidate_4,candidate_1,candidate_2,candidate_5,candidate_3,5,0.028000000000000004
6,candidate_4,candidate_1,candidate_2,candidate_5,candidate_3,5,0.028000000000000004
7,candidate_4,candidate_1,candidate_2,candidate_5,candidate_3,5,0.028000000000000004
8,candidate_4,candidate_1,candidate_2,candidate_5,candidate_3,5,0.028000000000000004
9,candidate_4,candidate_1,candidate_2,candidate_5,candidate_3,5,0.028000000000000004
10,candidate_4,candidate_1,candidate_2,candidate_5,candidate_3,5,0.028000000000000004
11,candidate_4,candidate_1,candidate_2,candidate_5,candidate_3,5,0.028000000000000004
12,candidate_4,candidate_1,candidate_2,candidate_5,candidate_3,5,0.028000000000000004
13,candidate_4,candidate_1,candidate_2,candidate_5,candidate_3,5,0.028000000000000004
14,candidate_4,candidate_1,candidate_2,candidate_5,candidate_3,5,0.028000000000000004
15,candidate_4,candidate_1,candidate_2,candidate_5,candidate_3,5,0.028000000000000004
16,candidate_4,candidate_1,candidate_2,0,candidate_3,5,0.028000000000000004
17,candidate_4,candidate_1,candidate_2,0,candidate_3,5,0.028000000000000004
18,candidate_4,candidate_1,candidate_2,candidate_5,candidate_3,5,0.028000000000000004
19,candidate_4,candidate_1,candidate_2,0,candidate_3,5,0.028000000000000004
20,candidate_4,candidate_1,candidate_2,candidate_5,candidate_3,5,0.028000000000000004
21,candidate_4,candidate_1,candidate_2,candidate_5,candidate_3,5,0.028000000000000004
22,candidate_4,candidate_1,candidate_2,candidate_5,candidate_3,5,0.028000000000000004
23,candidate_4,candidate_1,0,candidate_5,candidate_3,5,0.028000000000000004
24,candidate_4,candidate_1,candidate_2,candidate_5,candidate_3,5,0.028000000000000004
25,candidate_4,candidate_1,candidate_2,candidate_5,candidate_3,5,0.028000000000000004
26,candidate_4,candidate_1,candidate_2,candidate_5,candidate_3,5,0.028000000000000004
27,candidate_4,candidate_1,candidate_2,candidate_5,candidate_3,5,0.028000000000000004
28,candidate_4,candidate_1,candidate_2,candidate_5,candidate_3,5,0.028000000000000004
29,candidate_4,candidate_1,candidate_2,candidate_5,candidate_3,5,0.028000000000000004
30,candidate_4,candidate_1,candidate_2,candidate_5,candidate_3,5,0.028000000000000004
31,candidate_4,candidate_1,candidate_2,candidate_5,candidate_3,5,0.028000000000000004
32,candidate_4,candidate_1,candidate_2,candidate_5,candidate_3,5,0.028000000000000004
33,candidate_4,candidate_1,candidate_2,candidate_5,candidate_3,5,0.028000000000000004
34,candidate_4,candidate_1,candidate_2,candidate_5,candidate_3,5,0.028000000000000004
35,candidate_4,candidate_1,candidate_2,candidate_5,candidate_3,5,0.028000000000000004
36,candidate_4,candidate_1,candidate_2,candidate_5,candidate_3,5,0.028000000000000004
37,candidate_4,candidate_1,candidate_2,candidate_5,candidate_3,5,0.028000000000000004
38,candidate_4,candidate_1,candidate_2,candidate_5,candidate_3,5,0.028000000000000004
39,candidate_4,candidate_1,candidate_2,candidate_5,candidate_3,5,0.028000000000000004
40,0,candidate_1,candidate_2,candidate_5,candidate_3,5,0.028000000000000004
41,candidate_4,candidate_1,candidate_2,0,candidate_3,5,0.028000000000000004
42,candidate_4,candidate_1,candidate_2,candidate_5,0,5,0.028000000000000004
43,candidate_4,candidate_1,candidate_2,candidate_5,candidate_3,5,0.028000000000000004
44,candidate_4,candidate_1,candidate_2,candidate_5,candidate_3,5,0.028000000000000004
45,candidate_4,candidate_1,candidate_2,candidate_5,candidate_3,5,0.028000000000000004
46,candidate_4,candidate_1,candidate_2,candidate_5,candidate_3,5,0.028000000000000004
47,candidate_4,candidate_1,candidate_2,candidate_5,candidate_3,5,0.028000000000000004
48,candidate_4,candidate_1,candidate_2,candidate_5,candidate_3,5,0.028000000000000004
49,candidate_4,candidate_1,candidate_2,candidate_5,candidate_3,5,0.028000000000000004
50,candidate_4,candidate_1,candidate_2,candidate_5,candidate_3,5,0.028000000000000004
51,candidate_4,candidate_1,candidate_2,0,candidate_3,5,0.028000000000000004
52,candidate_4,candidate_1,candidate_2,candidate_5,candidate_3,5,0.028000000000000004
53,candidate_4,candidate_1,candidate_2,candidate_5,candidate_3,5,0.028000000000000004
54,candidate_4,candidate_1,candidate_2,candidate_5,candidate_3,5,0.028000000000000004
55,candidate_4,candidate_1,candidate_2,candidate_5,candidate_3,5,0.028000000000000004
56,candidate_4,candidate_1,candidate_2,candidate_5,candidate_3,5,0.028000000000000004
57,candidate_4,candidate_1,candidate_2,candidate_5,candidate_3,5,0.028000000000000004
58,candidate_4,candidate_1,candidate_2,candidate_5,candidate_3,5,0.028000000000000004
59,candidate_4,candidate_1,candidate_2,candidate_5,candidate_3,5,0.028000000000000004
60,candidate_4,candidate_1,candidate_2,candidate_5,candidate_3,5,0.028000000000000004
61,candidate_4,candidate_1,candidate_2,candidate_5,candidate_3,5,0.028000000000000004
62,candidate_4,candidate_1,candidate_2,candidate_5,candidate_3,5,0.028000000000000004
63,candidate_4,candidate_1,candidate_2,candidate_5,candidate_3,5,0.028000000000000004
64,candidate_4,candidate_1,candidate_2,candidate_5,candidate_3,5,0.028000000000000004
65,candidate_4,candidate_1,candidate_2,candidate_5,candidate_3,5,0.028000000000000004
66,candidate_4,candidate_1,candidate_2,candidate_5,candidate_3,5,0.028000000000000004
67,candidate_4,candidate_1,candidate_2,candidate_5,candidate_3,5,0.028000000000000004
68,candidate_4,candidate_1,candidate_2,candidate_5,candidate_3,5,0.028000000000000004
69,candidate_4,candidate_1,candidate_2,candidate_5,candidate_3,5,0.028000000000000004
70,candidate_4,candidate_1,candidate_2,candidate_5,candidate_3,5,0.028000000000000004
71,candidate_4,candidate_1,candidate_2,candidate_5,candidate_3,5,0.028000000000000004
72,candidate_4,candidate_1,candidate_2,candidate_5,candidate_3,5,0.028000000000000004
73,candidate_4,candidate_1,candidate_2,candidate_5,candidate_3,5,0.028000000000000004
74,candidate_4,0,candidate_2,candidate_5,candidate_3,5,0.028000000000000004
75,candidate_4,candidate_1,candidate_2,candidate_5,candidate_3,5,0.028000000000000004
76,candidate_4,candidate_1,candidate_2,candidate_5,candidate_3,5,0.028000000000000004
77,candidate_4,candidate_1,candidate_2,candidate_5,candidate_3,5,0.028000000000000004
78,candidate_4,candidate_1,candidate_2,candidate_5,candidate_3,5,0.028000000000000004
79,candidate_4,candidate_1,candidate_2,candidate_5,candidate_3,5,0.028000000000000004
80,candidate_4,candidate_1,candidate_2,candidate_5,candidate_3,5,0.028000000000000004
81,candidate_4,candidate_1,candidate_2,candidate_5,0,5,0.028000000000000004
82,candidate_4,candidate_1,candidate_2,candidate_5,candidate_3,5,0.028000000000000004
83,candidate_4,candidate_1,candidate_2,candidate_5,candidate_3,5,0.028000000000000004
84,candidate_4,candidate_1,candidate_2,candidate_5,candidate_3,5,0.028000000000000004
85,candidate_4,candidate_1,candidate_2,candidate_5,candidate_3,5,0.028000000000000004
86,candidate_4,candidate_1,candidate_2,candidate_5,candidate_3,5,0.028000000000000004
87,candidate_4,candidate_1,candidate_2,candidate_5,candidate_3,5,0.028000000000000004
88,candidate_4,candidate_1,candidate_2,0,candidate_3,5,0.028000000000000004
89,candidate_4,candidate_1,candidate_2,candidate_5,candidate_3,5,0.028000000000000004
90,candidate_4,candidate_1,candidate_2,candidate_5,candidate_3,5,0.028000000000000004
91,0,candidate_1,candidate_2,candidate_5,candidate_3,5,0.028000000000000004
92,candidate_4,candidate_1,candidate_2,candidate_5,candidate_3,5,0.028000000000000004
93,candidate_4,candidate_1,candidate_2,candidate_5,candidate_3,5,0.028000000000000004
94,candidate_4,candidate_1,candidate_2,candidate_5,candidate_3,5,0.028000000000000004
95,candidate_4,candidate_1,candidate_2,candidate_5,candidate_3,5,0.028000000000000004
96,candidate_4,candidate_1,candidate_2,candidate_5,candidate_3,5,0.028000000000000004
97,candidate_4,candidate_1,0,0,candidate_3,5,0.028000000000000004
98,candidate_4,candidate_1,candidate_2,candidate_5,candidate_3,5,0.028000000000000004
99,candidate_4,candidate_1,candidate_2,candidate_5,candidate_3,5,0.028000000000000004
100,candidate_4,candidate_1,candidate_2,candidate_5,0,5,0.028000000000000004
101,candidate_4,candidate_1,candidate_2,candidate_5,candidate_3,5,0.028000000000000004
102,candidate_4,candidate_1,candidate_2,candidate_5,candidate_3,5,0.028000000000000004
103,candidate_4,candidate_1,candidate_2,candidate_5,candidate_3,5,0.028000000000000004
104,candidate_4,candidate_1,candidate_2,candidate_5,candidate_3,5,0.028000000000000004
105,candidate_4,candidate_1,candidate_2,candidate_5,candidate_3,5,0.028000000000000004
106,candidate_4,candidate_1,candidate_2,candidate_5,candidate_3,5,0.028000000000000004
107,candidate_4,candidate_1,candidate_2,candidate_5,candidate_3,5,0.028000000000000004
108,candidate_4,candidate_1,candidate_2,candidate_5,candidate_3,5,0.028000000000000004
109,candidate_4,candidate_1,candidate_2,candidate_5,candidate_3,5,0.028000000000000004
110,candidate_4,candidate_1,candidate_2,candidate_5,candidate_3,5,0.028000000000000004
111,candidate_4,candidate_1,candidate_2,candidate_5,0,5,0.028000000000000004
112,candidate_4,candidate_1,candidate_2,candidate_5,candidate_3,5,0.028000000000000004
113,candidate_4,candidate_1,candidate_2,candidate_5,candidate_3,5,0.028000000000000004
114,candidate_4,candidate_1,candidate_2,candidate_5,candidate_3,5,0.028000000000000004
115,candidate_4,candidate_1,candidate_2,candidate_5,candidate_3,5,0.028000000000000004
116,candidate_4,candidate_1,candidate_2,candidate_5,candidate_3,5,0.028000000000000004
117,candidate_4,candidate_1,candidate_2,candidate_5,0,5,0.028000000000000004
118,candidate_4,candidate_1,candidate_2,candidate_5,candidate_3,5,0.028000000000000004
119,candidate_4,candidate_1,candidate_2,candidate_5,candidate_3,5,0.028000000000000004
120,candidate_4,candidate_1,candidate_2,candidate_5,candidate_3,5,0.028000000000000004
121,candidate_4,candidate_1,candidate_2,candidate_5,candidate_3,5,0.028000000000000004
122,candidate_4,candidate_1,candidate_2,candidate_5,candidate_3,5,0.028000000000000004
123,candidate_4,0,candidate_2,candidate_5,candidate_3,5,0.028000000000000004
124,candidate_4,candidate_1,candidate_2,candidate_5,candidate_3,5,0.028000000000000004
125,candidate_4,candidate_1,candidate_2,candidate_5,candidate_3,5,0.028000000000000004
126,0,candidate_1,candidate_2,candidate_5,candidate_3,5,0.028000000000000004
127,candidate_4,candidate_1,candidate_2,candidate_5,candidate_3,5,0.028000000000000004
128,candidate_4,candidate_1,candidate_2,candidate_5,candidate_3,5,0.028000000000000004
129,candidate_4,candidate_1,candidate_2,candidate_5,candidate_3,5,0.028000000000000004
130,candidate_4,candidate_1,candidate_2,candidate_5,candidate_3,5,0.028000000000000004
131,candidate_4,candidate_1,candidate_2,candidate_5,candidate_3,5,0.028000000000000004
132,candidate_4,candidate_1,candidate_2,candidate_5,0,5,0.028000000000000004
133,candidate_4,candidate_1,candidate_2,candidate_5,candidate_3,5,0.028000000000000004
134,candidate_4,candidate_1,candidate_2,candidate_5,candidate_3,5,0.028000000000000004
135,candidate_4,candidate_1,candidate_2,candidate_5,candidate_3,5,0.028000000000000004
136,candidate_4,candidate_1,candidate_2,candidate_5,candidate_3,5,0.028000000000000004
137,candidate_4,candidate_1,candidate_2,candidate_5,candidate_3,5,0.028000000000000004
138,candidate_4,candidate_1,candidate_2,candidate_5,candidate_3,5,0.028000000000000004
139,candidate_4,candidate_1,candidate_2,candidate_5,0,5,0.028000000000000004
140,candidate_4,candidate_1,candidate_2,candidate_5,candidate_3,5,0.028000000000000004
141,candidate_4,candidate_1,candidate_2,candidate_5,candidate_3,5,0.028000000000000004
142,candidate_4,candidate_1,candidate_2,candidate_5,candidate_3,5,0.028000000000000004
143,candidate_4,candidate_1,candidate_2,candidate_5,candidate_3,5,0.028000000000000004
144,candidate_4,candidate_1,candidate_2,candidate_5,candidate_3,5,0.028000000000000004
145,candidate_4,candidate_1,candidate_2,candidate_5,candidate_3,5,0.028000000000000004
146,candidate_4,candidate_1,candidate_2,candidate_5,candidate_3,5,0.028000000000000004
147,candidate_4,candidate_1,candidate_2,candidate_5,candidate_3,5,0.028000000000000004
148,candidate_4,candidate_1,0,candidate_5,candidate_3,5,0.028000000000000004
149,candidate_4,candidate_1,candidate_2,candidate_5,candidate_3,5,0.028000000000000004
150,candidate_4,candidate_1,candidate_2,candidate_5,candidate_3,5,0.028000000000000004
151,candidate_4,candidate_1,candidate_2,candidate_5,candidate_3,5,0.028000000000000004
152,candidate_4,candidate_1,candidate_2,candidate_5,candidate_3,5,0.028000000000000004
153,candidate_4,candidate_1,candidate_2,candidate_5,candidate_3,5,0.028000000000000004
154,candidate_4,candidate_1,candidate_2,candidate_5,candidate_3,5,0.028000000000000004
155,candidate_4,candidate_1,0,candidate_5,candidate_3,5,0.028000000000000004
156,candidate_4,candidate_1,candidate_2,candidate_5,candidate_3,5,0.028000000000000004
157,candidate_4,candidate_1,candidate_2,candidate_5,candidate_3,5,0.028000000000000004
158,candidate_4,candidate_1,candidate_2,candidate_5,candidate_3,5,0.028000000000000004
159,candidate_4,candidate_1,candidate_2,candidate_5,candidate_3,5,0.028000000000000004
160,candidate_4,candidate_1,candidate_2,0,candidate_3,5,0.028000000000000004
161,candidate_4,candidate_1,candidate_2,candidate_5,candidate_3,5,0.028000000000000004
162,candidate_4,candidate_1,candidate_2,candidate_5,candidate_3,5,0.028000000000000004
163,candidate_4,candidate_1,candidate_2,candidate_5,candidate_3,5,0.028000000000000004
164,candidate_4,candidate_1,candidate_2,candidate_5,0,5,0.028000000000000004
165,candidate_4,candidate_1,candidate_2,candidate_5,candidate_3,5,0.028000000000000004
166,candidate_4,candidate_1,candidate_2,candidate_5,candidate_3,5,0.028000000000000004
167,candidate_4,candidate_1,candidate_2,candidate_5,candidate_3,5,0.028000000000000004
168,candidate_4,candidate_1,candidate_2,candidate_5,candidate_3,5,0.028000000000000004
169,candidate_4,candidate_1,candidate_2,candidate_5,candidate_3,5,0.028000000000000004
170,candidate_4,candidate_1,candidate_2,candidate_5,candidate_3,5,0.028000000000000004
171,candidate_4,candidate_1,candidate_2,candidate_5,candidate_3,5,0.028000000000000004
172,candidate_4,candidate_1,candidate_2,candidate_5,candidate_3,5,0.028000000000000004
173,candidate_4,candidate_1,candidate_2,candidate_5,candidate_3,5,0.028000000000000004
174,candidate_4,candidate_1,candidate_2,candidate_5,candidate_3,5,0.028000000000000004
175,candidate_4,candidate_1,candidate_2,candidate_5,candidate_3,5,0.028000000000000004
176,candidate_4,candidate_1,candidate_2,candidate_5,candidate_3,5,0.028000000000000004
177,candidate_4,candidate_1,0,candidate_5,candidate_3,5,0.028000000000000004
178,candidate_4,candidate_1,candidate_2,candidate_5,candidate_3,5,0.028000000000000004
179,candidate_4,candidate_1,candidate_2,candidate_5,candidate_3,5,0.028000000000000004
180,candidate_4,candidate_1,candidate_2,candidate_5,candidate_3,5,0.028000000000000004
181,candidate_4,candidate_1,candidate_2,candidate_5,candidate_3,5,0.028000000000000004
182,candidate_4,candidate_1,candidate_2,candidate_5,candidate_3,5,0.028000000000000004
183,candidate_4,0,candidate_2,candidate_5,candidate_3,5,0.028000000000000004
184,candidate_4,candidate_1,candidate_2,candidate_5,candidate_3,5,0.028000000000000004
185,candidate_4,candidate_1,candidate_2,candidate_5,candidate_3,5,0.028000000000000004
186,candidate_4,candidate_1,candidate_2,candidate_5,candidate_3,5,0.028000000000000004
187,candidate_4,candidate_1,candidate_2,candidate_5,candidate_3,5,0.028000000000000004
188,candidate_4,candidate_1,candidate_2,candidate_5,candidate_3,5,0.028000000000000004
189,candidate_4,candidate_1,candidate_2,candidate_5,candidate_3,5,0.028000000000000004
190,candidate_4,candidate_1,candidate_2,candidate_5,candidate_3,5,0.028000000000000004
191,candidate_4,candidate_1,candidate_2,candidate_5,candidate_3,5,0.028000000000000004
192,candidate_4,candidate_1,candidate_2,candidate_5,candidate_3,5,0.028000000000000004
193,candidate_4,candidate_1,candidate_2,candidate_5,candidate_3,5,0.028000000000000004
194,candidate_4,candidate_1,candidate_2,candidate_5,candidate_3,5,0.028000000000000004
195,candidate_4,candidate_1,candidate_2,candidate_5,candidate_3,5,0.028000000000000004
196,candidate_4,candidate_1,candidate_2,candidate_5,candidate_3,5,0.028000000000000004
197,candidate_4,candidate_1,candidate_2,candidate_5,candidate_3,5,0.028000000000000004
198,candidate_4,candidate_1,candidate_2,candidate_5,candidate_3,5,0.028000000000000004
199,candidate_4,candidate_1,candidate_2,candidate_5,candidate_3,5,0.028000000000000004
200,candidate_4,candidate_1,candidate_2,candidate_5,candidate_3,5,0.028000000000000004
201,candidate_4,candidate_1,candidate_2,candidate_5,candidate_3,5,0.028000000000000004
202,candidate_4,candidate_1,candidate_2,candidate_5,candidate_3,5,0.028000000000000004
203,candidate_4,candidate_1,candidate_2,candidate_5,candidate_3,5,0.028000000000000004
204,candidate_4,candidate_1,candidate_2,candidate_5,candidate_3,5,0.028000000000000004
205,candidate_4,candidate_1,candidate_2,candidate_5,candidate_3,5,0.028000000000000004
206,candidate_4,candidate_1,candidate_2,candidate_5,candidate_3,5,0.028000000000000004
207,candidate_4,candidate_1,candidate_2,candidate_5,candidate_3,5,0.028000000000000004
208,candidate_4,candidate_1,candidate_2,candidate_5,candidate_3,5,0.028000000000000004
0,candidate_4,candidate_1,0,candidate_2,candidate_5,5,0.028000000000000004
1,candidate_4,candidate_1,candidate_3,candidate_2,candidate_5,5,0.028000000000000004
2,candidate_4,candidate_1,candidate_3,candidate_2,candidate_5,5,0.028000000000000004
3,candidate_4,candidate_1,candidate_3,candidate_2,candidate_5,5,0.028000000000000004
4,candidate_4,candidate_1,candidate_3,candidate_2,candidate_5,5,0.028000000000000004
5,candidate_4,candidate_1,candidate_3,candidate_2,candidate_5,5,0.028000000000000004
6,candidate_4,candidate_1,candidate_3,candidate_2,candidate_5,5,0.028000000000000004
7,candidate_4,candidate_1,candidate_3,candidate_2,candidate_5,5,0.028000000000000004
8,candidate_4,candidate_1,candidate_3,candidate_2,candidate_5,5,0.028000000000000004
9,candidate_4,candidate_1,candidate_3,candidate_2,candidate_5,5,0.028000000000000004
10,candidate_4,candidate_1,candidate_3,candidate_2,candidate_5,5,0.028000000000000004
11,candidate_4,candidate_1,candidate_3,candidate_2,candidate_5,5,0.028000000000000004
12,candidate_4,candidate_1,candidate_3,candidate_2,candidate_5,5,0.028000000000000004
13,candidate_4,candidate_1,candidate_3,candidate_2,candidate_5,5,0.028000000000000004
14,0,0,candidate_3,candidate_2,candidate_5,5,0.028000000000000004
15,candidate_4,candidate_1,candidate_3,candidate_2,candidate_5,5,0.028000000000000004
16,candidate_4,candidate_1,candidate_3,candidate_2,candidate_5,5,0.028000000000000004
17,candidate_4,candidate_1,candidate_3,candidate_2,candidate_5,5,0.028000000000000004
18,candidate_4,candidate_1,candidate_3,candidate_2,candidate_5,5,0.028000000000000004
19,candidate_4,candidate_1,candidate_3,candidate_2,candidate_5,5,0.028000000000000004
20,candidate_4,candidate_1,candidate_3,candidate_2,candidate_5,5,0.028000000000000004
21,candidate_4,0,candidate_3,candidate_2,candidate_5,5,0.028000000000000004
22,candidate_4,candidate_1,candidate_3,candidate_2,candidate_5,5,0.028000000000000004
23,candidate_4,0,candidate_3,candidate_2,candidate_5,5,0.028000000000000004
24,candidate_4,candidate_1,candidate_3,candidate_2,candidate_5,5,0.028000000000000004
25,candidate_4,candidate_1,candidate_3,candidate_2,candidate_5,5,0.028000000000000004
26,candidate_4,candidate_1,candidate_3,candidate_2,candidate_5,5,0.028000000000000004
27,candidate_4,candidate_1,candidate_3,candidate_2,candidate_5,5,0.028000000000000004
28,candidate_4,candidate_1,candidate_3,candidate_2,candidate_5,5,0.028000000000000004
29,candidate_4,candidate_1,candidate_3,candidate_2,candidate_5,5,0.028000000000000004
30,candidate_4,candidate_1,candidate_3,candidate_2,candidate_5,5,0.028000000000000004
31,candidate_4,candidate_1,candidate_3,0,candidate_5,5,0.028000000000000004
32,candidate_4,candidate_1,candidate_3,candidate_2,candidate_5,5,0.028000000000000004
33,candidate_4,candidate_1,candidate_3,candidate_2,candidate_5,5,0.028000000000000004
34,candidate_4,candidate_1,candidate_3,candidate_2,candidate_5,5,0.028000000000000004
35,candidate_4,candidate_1,candidate_3,candidate_2,candidate_5,5,0.028000000000000004
36,candidate_4,candidate_1,candidate_3,candidate_2,candidate_5,5,0.028000000000000004
37,candidate_4,candidate_1,candidate_3,candidate_2,candidate_5,5,0.028000000000000004
38,candidate_4,candidate_1,candidate_3,candidate_2,candidate_5,5,0.028000000000000004
39,candidate_4,candidate_1,candidate_3,candidate_2,candidate_5,5,0.028000000000000004
40,candidate_4,candidate_1,candidate_3,candidate_2,candidate_5,5,0.028000000000000004
41,candidate_4,candidate_1,candidate_3,candidate_2,candidate_5,5,0.028000000000000004
42,candidate_4,candidate_1,candidate_3,0,candidate_5,5,0.028000000000000004
43,candidate_4,candidate_1,candidate_3,candidate_2,candidate_5,5,0.028000000000000004
44,candidate_4,candidate_1,candidate_3,candidate_2,candidate_5,5,0.028000000000000004
45,candidate_4,candidate_1,candidate_3,candidate_2,0,5,0.028000000000000004
46,candidate_4,candidate_1,candidate_3,candidate_2,candidate_5,5,0.028000000000000004
47,candidate_4,candidate_1,candidate_3,candidate_2,candidate_5,5,0.028000000000000004
48,candidate_4,candidate_1,candidate_3,candidate_2,candidate_5,5,0.028000000000000004
49,candidate_4,candidate_1,candidate_3,candidate_2,candidate_5,5,0.028000000000000004
50,candidate_4,candidate_1,candidate_3,candidate_2,candidate_5,5,0.028000000000000004
51,0,candidate_1,candidate_3,candidate_2,candidate_5,5,0.028000000000000004
52,0,candidate_1,candidate_3,candidate_2,candidate_5,5,0.028000000000000004
53,candidate_4,candidate_1,candidate_3,candidate_2,candidate_5,5,0.028000000000000004
54,candidate_4,candidate_1,0,candidate_2,candidate_5,5,0.028000000000000004
55,candidate_4,candidate_1,candidate_3,candidate_2,candidate_5,5,0.028000000000000004
56,candidate_4,candidate_1,candidate_3,candidate_2,candidate_5,5,0.028000000000000004
57,candidate_4,candidate_1,candidate_3,candidate_2,candidate_5,5,0.028000000000000004
58,candidate_4,candidate_1,candidate_3,candidate_2,candidate_5,5,0.028000000000000004
59,candidate_4,candidate_1,candidate_3,candidate_2,candidate_5,5,0.028000000000000004
60,candidate_4,candidate_1,candidate_3,candidate_2,candidate_5,5,0.028000000000000004
61,0,candidate_1,candidate_3,candidate_2,candidate_5,5,0.028000000000000004
62,candidate_4,candidate_1,candidate_3,candidate_2,candidate_5,5,0.028000000000000004
63,candidate_4,candidate_1,candidate_3,candidate_2,candidate_5,5,0.028000000000000004
64,0,candidate_1,candidate_3,candidate_2,candidate_5,5,0.028000000000000004
65,candidate_4,candidate_1,candidate_3,candidate_2,candidate_5,5,0.028000000000000004
66,candidate_4,candidate_1,candidate_3,candidate_2,candidate_5,5,0.028000000000000004
67,candidate_4,candidate_1,candidate_3,candidate_2,candidate_5,5,0.028000000000000004
68,candidate_4,candidate_1,candidate_3,candidate_2,candidate_5,5,0.028000000000000004
69,candidate_4,candidate_1,candidate_3,candidate_2,candidate_5,5,0.028000000000000004
70,candidate_4,candidate_1,candidate_3,candidate_2,candidate_5,5,0.028000000000000004
71,candidate_4,candidate_1,candidate_3,candidate_2,candidate_5,5,0.028000000000000004
72,candidate_4,candidate_1,candidate_3,0,candidate_5,5,0.028000000000000004
73,0,candidate_1,candidate_3,candidate_2,candidate_5,5,0.028000000000000004
74,candidate_4,candidate_1,candidate_3,candidate_2,candidate_5,5,0.028000000000000004
75,candidate_4,candidate_1,candidate_3,candidate_2,candidate_5,5,0.028000000000000004
76,candidate_4,candidate_1,candidate_3,candidate_2,0,5,0.028000000000000004
77,candidate_4,candidate_1,candidate_3,candidate_2,candidate_5,5,0.028000000000000004
78,candidate_4,candidate_1,candidate_3,0,candidate_5,5,0.028000000000000004
79,candidate_4,candidate_1,candidate_3,candidate_2,candidate_5,5,0.028000000000000004
80,candidate_4,candidate_1,candidate_3,candidate_2,candidate_5,5,0.028000000000000004
81,candidate_4,candidate_1,candidate_3,candidate_2,candidate_5,5,0.028000000000000004
82,candidate_4,candidate_1,candidate_3,candidate_2,candidate_5,5,0.028000000000000004
83,candidate_4,candidate_1,candidate_3,candidate_2,candidate_5,5,0.028000000000000004
84,candidate_4,candidate_1,candidate_3,candidate_2,candidate_5,5,0.028000000000000004
85,candidate_4,candidate_1,candidate_3,candidate_2,candidate_5,5,0.028000000000000004
86,candidate_4,candidate_1,candidate_3,candidate_2,candidate_5,5,0.028000000000000004
87,candidate_4,candidate_1,candidate_3,candidate_2,candidate_5,5,0.028000000000000004
88,candidate_4,0,candidate_3,candidate_2,candidate_5,5,0.028000000000000004
89,candidate_4,candidate_1,candidate_3,candidate_2,candidate_5,5,0.028000000000000004
90,candidate_4,candidate_1,candidate_3,candidate_2,candidate_5,5,0.028000000000000004
91,candidate_4,candidate_1,candidate_3,candidate_2,candidate_5,5,0.028000000000000004
92,candidate_4,candidate_1,candidate_3,candidate_2,candidate_5,5,0.028000000000000004
93,candidate_4,candidate_1,candidate_3,candidate_2,candidate_5,5,0.028000000000000004
94,candidate_4,candidate_1,candidate_3,candidate_2,candidate_5,5,0.028000000000000004
95,candidate_4,candidate_1,candidate_3,candidate_2,candidate_5,5,0.028000000000000004
96,candidate_4,candidate_1,candidate_3,candidate_2,candidate_5,5,0.028000000000000004
97,candidate_4,candidate_1,candidate_3,candidate_2,candidate_5,5,0.028000000000000004
98,candidate_4,candidate_1,candidate_3,candidate_2,candidate_5,5,0.028000000000000004
99,candidate_4,candidate_1,candidate_3,candidate_2,candidate_5,5,0.028000000000000004
100,candidate_4,candidate_1,candidate_3,candidate_2,candidate_5,5,0.028000000000000004
101,candidate_4,candidate_1,candidate_3,candidate_2,candidate_5,5,0.028000000000000004
102,candidate_4,candidate_1,candidate_3,candidate_2,candidate_5,5,0.028000000000000004
103,candidate_4,candidate_1,candidate_3,candidate_2,candidate_5,5,0.028000000000000004
104,candidate_4,candidate_1,candidate_3,candidate_2,candidate_5,5,0.028000000000000004
105,candidate_4,candidate_1,candidate_3,candidate_2,candidate_5,5,0.028000000000000004
106,candidate_4,candidate_1,candidate_3,candidate_2,candidate_5,5,0.028000000000000004
107,candidate_4,candidate_1,candidate_3,candidate_2,candidate_5,5,0.028000000000000004
108,candidate_4,candidate_1,candidate_3,candidate_2,candidate_5,5,0.028000000000000004
109,candidate_4,candidate_1,candidate_3,candidate_2,0,5,0.028000000000000004
110,candidate_4,candidate_1,candidate_3,candidate_2,candidate_5,5,0.028000000000000004
111,candidate_4,candidate_1,candidate_3,candidate_2,candidate_5,5,0.028000000000000004
112,candidate_4,candidate_1,candidate_3,candidate_2,candidate_5,5,0.028000000000000004
113,candidate_4,candidate_1,candidate_3,candidate_2,candidate_5,5,0.028000000000000004
114,candidate_4,candidate_1,candidate_3,candidate_2,candidate_5,5,0.028000000000000004
115,candidate_4,candidate_1,candidate_3,candidate_2,candidate_5,5,0.028000000000000004
116,candidate_4,candidate_1,candidate_3,candidate_2,candidate_5,5,0.028000000000000004
117,candidate_4,candidate_1,candidate_3,candidate_2,candidate_5,5,0.028000000000000004
118,candidate_4,candidate_1,candidate_3,candidate_2,candidate_5,5,0.028000000000000004
119,candidate_4,candidate_1,candidate_3,candidate_2,candidate_5,5,0.028000000000000004
120,candidate_4,candidate_1,candidate_3,candidate_2,candidate_5,5,0.028000000000000004
121,candidate_4,candidate_1,candidate_3,candidate_2,candidate_5,5,0.028000000000000004
122,candidate_4,candidate_1,candidate_3,candidate_2,candidate_5,5,0.028000000000000004
123,candidate_4,candidate_1,candidate_3,candidate_2,candidate_5,5,0.028000000000000004
124,candidate_4,candidate_1,candidate_3,candidate_2,candidate_5,5,0.028000000000000004
125,candidate_4,candidate_1,candidate_3,candidate_2,candidate_5,5,0.028000000000000004
126,candidate_4,candidate_1,candidate_3,candidate_2,candidate_5,5,0.028000000000000004
127,candidate_4,candidate_1,candidate_3,candidate_2,candidate_5,5,0.028000000000000004
128,candidate_4,candidate_1,candidate_3,candidate_2,candidate_5,5,0.028000000000000004
129,candidate_4,candidate_1,candidate_3,candidate_2,candidate_5,5,0.028000000000000004
130,candidate_4,candidate_1,candidate_3,candidate_2,candidate_5,5,0.028000000000000004
131,candidate_4,candidate_1,candidate_3,candidate_2,candidate_5,5,0.028000000000000004
132,candidate_4,candidate_1,candidate_3,candidate_2,candidate_5,5,0.028000000000000004
133,candidate_4,candidate_1,candidate_3,candidate_2,candidate_5,5,0.028000000000000004
134,candidate_4,candidate_1,candidate_3,candidate_2,candidate_5,5,0.028000000000000004
135,candidate_4,candidate_1,candidate_3,candidate_2,candidate_5,5,0.028000000000000004
136,candidate_4,candidate_1,candidate_3,candidate_2,candidate_5,5,0.028000000000000004
137,candidate_4,candidate_1,candidate_3,candidate_2,candidate_5,5,0.028000000000000004
138,candidate_4,candidate_1,candidate_3,candidate_2,candidate_5,5,0.028000000000000004
139,candidate_4,candidate_1,candidate_3,candidate_2,candidate_5,5,0.028000000000000004
140,candidate_4,candidate_1,candidate_3,candidate_2,candidate_5,5,0.028000000000000004
141,candidate_4,candidate_1,candidate_3,candidate_2,candidate_5,5,0.028000000000000004
142,candidate_4,candidate_1,candidate_3,candidate_2,candidate_5,5,0.028000000000000004
143,candidate_4,candidate_1,candidate_3,candidate_2,0,5,0.028000000000000004
144,candidate_4,candidate_1,candidate_3,candidate_2,candidate_5,5,0.028000000000000004
145,candidate_4,candidate_1,candidate_3,candidate_2,candidate_5,5,0.028000000000000004
146,candidate_4,candidate_1,candidate_3,candidate_2,candidate_5,5,0.028000000000000004
147,candidate_4,candidate_1,candidate_3,candidate_2,candidate_5,5,0.028000000000000004
148,candidate_4,candidate_1,candidate_3,candidate_2,candidate_5,5,0.028000000000000004
149,candidate_4,candidate_1,0,0,candidate_5,5,0.028000000000000004
150,candidate_4,candidate_1,candidate_3,candidate_2,candidate_5,5,0.028000000000000004
151,candidate_4,candidate_1,candidate_3,candidate_2,candidate_5,5,0.028000000000000004
152,candidate_4,candidate_1,candidate_3,candidate_2,candidate_5,5,0.028000000000000004
153,candidate_4,candidate_1,candidate_3,candidate_2,candidate_5,5,0.028000000000000004
154,candidate_4,candidate_1,candidate_3,candidate_2,candidate_5,5,0.028000000000000004
155,candidate_4,candidate_1,0,candidate_2,candidate_5,5,0.028000000000000004
156,candidate_4,candidate_1,candidate_3,candidate_2,candidate_5,5,0.028000000000000004
157,candidate_4,candidate_1,candidate_3,candidate_2,candidate_5,5,0.028000000000000004
158,candidate_4,candidate_1,candidate_3,candidate_2,candidate_5,5,0.028000000000000004
159,candidate_4,candidate_1,candidate_3,candidate_2,candidate_5,5,0.028000000000000004
160,candidate_4,candidate_1,candidate_3,candidate_2,candidate_5,5,0.028000000000000004
161,candidate_4,candidate_1,candidate_3,candidate_2,candidate_5,5,0.028000000000000004
162,candidate_4,candidate_1,candidate_3,candidate_2,candidate_5,5,0.028000000000000004
163,candidate_4,candidate_1,candidate_3,candidate_2,candidate_5,5,0.028000000000000004
164,candidate_4,candidate_1,candidate_3,candidate_2,candidate_5,5,0.028000000000000004
165,candidate_4,candidate_1,candidate_3,candidate_2,candidate_5,5,0.028000000000000004
166,candidate_4,candidate_1,candidate_3,candidate_2,candidate_5,5,0.028000000000000004
167,candidate_4,candidate_1,0,candidate_2,candidate_5,5,0.028000000000000004
168,candidate_4,candidate_1,candidate_3,candidate_2,0,5,0.028000000000000004
169,candidate_4,candidate_1,candidate_3,candidate_2,candidate_5,5,0.028000000000000004
170,candidate_4,candidate_1,candidate_3,candidate_2,candidate_5,5,0.028000000000000004
171,candidate_4,candidate_1,candidate_3,candidate_2,candidate_5,5,0.028000000000000004
172,candidate_4,candidate_1,candidate_3,candidate_2,candidate_5,5,0.028000000000000004
173,candidate_4,candidate_1,candidate_3,candidate_2,candidate_5,5,0.028000000000000004
174,candidate_4,candidate_1,candidate_3,candidate_2,candidate_5,5,0.028000000000000004
175,candidate_4,candidate_1,candidate_3,candidate_2,candidate_5,5,0.028000000000000004
176,candidate_4,candidate_1,candidate_3,candidate_2,candidate_5,5,0.028000000000000004
177,candidate_4,candidate_1,candidate_3,candidate_2,candidate_5,5,0.028000000000000004
178,candidate_4,candidate_1,candidate_3,candidate_2,candidate_5,5,0.028000000000000004
179,candidate_4,candidate_1,candidate_3,candidate_2,candidate_5,5,0.028000000000000004
180,candidate_4,candidate_1,candidate_3,candidate_2,candidate_5,5,0.028000000000000004
181,candidate_4,candidate_1,candidate_3,candidate_2,candidate_5,5,0.028000000000000004
182,candidate_4,candidate_1,candidate_3,candidate_2,candidate_5,5,0.028000000000000004
183,candidate_4,candidate_1,candidate_3,candidate_2,candidate_5,5,0.028000000000000004
184,candidate_4,candidate_1,candidate_3,candidate_2,candidate_5,5,0.028000000000000004
185,candidate_4,candidate_1,candidate_3,candidate_2,candidate_5,5,0.028000000000000004
186,candidate_4,candidate_1,candidate_3,candidate_2,candidate_5,5,0.028000000000000004
187,candidate_4,candidate_1,candidate_3,candidate_2,candidate_5,5,0.028000000000000004
188,candidate_4,0,0,candidate_2,candidate_5,5,0.028000000000000004
189,candidate_4,candidate_1,candidate_3,candidate_2,candidate_5,5,0.028000000000000004
190,candidate_4,0,candidate_3,candidate_2,candidate_5,5,0.028000000000000004
191,candidate_4,candidate_1,candidate_3,candidate_2,candidate_5,5,0.028000000000000004
192,candidate_4,candidate_1,candidate_3,candidate_2,candidate_5,5,0.028000000000000004
193,candidate_4,candidate_1,candidate_3,candidate_2,candidate_5,5,0.028000000000000004
194,candidate_4,candidate_1,candidate_3,candidate_2,candidate_5,5,0.028000000000000004
195,candidate_4,candidate_1,candidate_3,candidate_2,candidate_5,5,0.028000000000000004
196,candidate_4,candidate_1,candidate_3,candidate_2,candidate_5,5,0.028000000000000004
197,candidate_4,candidate_1,candidate_3,candidate_2,candidate_5,5,0.028000000000000004
198,candidate_4,candidate_1,candidate_3,candidate_2,candidate_5,5,0.028000000000000004
199,candidate_4,candidate_1,candidate_3,0,candidate_5,5,0.028000000000000004
200,candidate_4,candidate_1,candidate_3,candidate_2,candidate_5,5,0.028000000000000004
201,candidate_4,candidate_1,candidate_3,candidate_2,candidate_5,5,0.028000000000000004
202,candidate_4,candidate_1,candidate_3,candidate_2,candidate_5,5,0.028000000000000004
203,candidate_4,candidate_1,candidate_3,candidate_2,candidate_5,5,0.028000000000000004
204,candidate_4,candidate_1,candidate_3,candidate_2,candidate_5,5,0.028000000000000004
205,candidate_4,candidate_1,candidate_3,candidate_2,candidate_5,5,0.028000000000000004
206,candidate_4,candidate_1,candidate_3,candidate_2,candidate_5,5,0.028000000000000004
207,candidate_4,candidate_1,candidate_3,candidate_2,candidate_5,5,0.028000000000000004
208,candidate_4,candidate_1,candidate_3,candidate_2,candidate_5,5,0.028000000000000004
209,candidate_4,candidate_1,candidate_3,candidate_2,candidate_5,5,0.028000000000000004
210,candidate_4,candidate_1,candidate_3,candidate_2,candidate_5,5,0.028000000000000004
211,candidate_4,candidate_1,candidate_3,candidate_2,candidate_5,5,0.028000000000000004
212,0,candidate_1,candidate_3,0,candidate_5,5,0.028000000000000004
213,0,candidate_1,candidate_3,candidate_2,candidate_5,5,0.028000000000000004
214,candidate_4,candidate_1,candidate_3,candidate_2,candidate_5,5,0.028000000000000004
215,candidate_4,candidate_1,candidate_3,candidate_2,candidate_5,5,0.028000000000000004
216,candidate_4,candidate_1,candidate_3,candidate_2,candidate_5,5,0.028000000000000004
217,candidate_4,candidate_1,candidate_3,candidate_2,candidate_5,5,0.028000000000000004
218,candidate_4,candidate_1,candidate_3,candidate_2,candidate_5,5,0.028000000000000004
219,candidate_4,candidate_1,candidate_3,candidate_2,candidate_5,5,0.028000000000000004
220,candidate_4,candidate_1,candidate_3,candidate_2,candidate_5,5,0.028000000000000004
221,candidate_4,candidate_1,candidate_3,candidate_2,candidate_5,5,0.028000000000000004
222,candidate_4,candidate_1,candidate_3,candidate_2,candidate_5,5,0.028000000000000004
223,candidate_4,candidate_1,candidate_3,candidate_2,candidate_5,5,0.028000000000000004
224,candidate_4,candidate_1,candidate_3,candidate_2,candidate_5,5,0.028000000000000004
225,candidate_4,candidate_1,candidate_3,candidate_2,candidate_5,5,0.028000000000000004
226,candidate_4,candidate_1,candidate_3,candidate_2,candidate_5,5,0.028000000000000004
227,candidate_4,candidate_1,candidate_3,candidate_2,candidate_5,5,0.028000000000000004
228,candidate_4,candidate_1,candidate_3,candidate_2,candidate_5,5,0.028000000000000004
229,candidate_4,candidate_1,candidate_3,candidate_2,candidate_5,5,0.028000000000000004
230,0,0,candidate_3,candidate_2,candidate_5,5,0.028000000000000004
231,candidate_4,candidate_1,candidate_3,candidate_2,candidate_5,5,0.028000000000000004
232,candidate_4,candidate_1,candidate_3,candidate_2,0,5,0.028000000000000004
233,candidate_4,candidate_1,candidate_3,candidate_2,candidate_5,5,0.028000000000000004
234,candidate_4,candidate_1,candidate_3,candidate_2,candidate_5,5,0.028000000000000004
235,candidate_4,candidate_1,candidate_3,candidate_2,candidate_5,5,0.028000000000000004
236,candidate_4,candidate_1,candidate_3,candidate_2,candidate_5,5,0.028000000000000004
237,candidate_4,candidate_1,0,candidate_2,candidate_5,5,0.028000000000000004
238,candidate_4,candidate_1,candidate_3,candidate_2,candidate_5,5,0.028000000000000004
239,candidate_4,candidate_1,candidate_3,candidate_2,candidate_5,5,0.028000000000000004
240,candidate_4,candidate_1,candidate_3,candidate_2,candidate_5,5,0.028000000000000004
241,candidate_4,candidate_1,candidate_3,candidate_2,candidate_5,5,0.028000000000000004
242,candidate_4,candidate_1,candidate_3,candidate_2,candidate_5,5,0.028000000000000004
243,candidate_4,candidate_1,0,candidate_2,candidate_5,5,0.028000000000000004
244,candidate_4,candidate_1,candidate_3,candidate_2,candidate_5,5,0.028000000000000004
245,candidate_4,candidate_1,candidate_3,candidate_2,candidate_5,5,0.028000000000000004
246,candidate_4,candidate_1,candidate_3,candidate_2,candidate_5,5,0.028000000000000004
247,candidate_4,candidate_1,candidate_3,candidate_2,candidate_5,5,0.028000000000000004
248,candidate_4,candidate_1,candidate_3,candidate_2,candidate_5,5,0.028000000000000004
249,candidate_4,candidate_1,candidate_3,candidate_2,candidate_5,5,0.028000000000000004
250,candidate_4,candidate_1,candidate_3,candidate_2,candidate_5,5,0.028000000000000004
251,candidate_4,candidate_1,candidate_3,candidate_2,candidate_5,5,0.028000000000000004
252,candidate_4,candidate_1,candidate_3,candidate_2,candidate_5,5,0.028000000000000004
253,0,candidate_1,candidate_3,candidate_2,candidate_5,5,0.028000000000000004
254,candidate_4,candidate_1,candidate_3,candidate_2,candidate_5,5,0.028000000000000004
255,candidate_4,candidate_1,candidate_3,candidate_2,candidate_5,5,0.028000000000000004
256,candidate_4,candidate_1,candidate_3,candidate_2,candidate_5,5,0.028000000000000004
257,candidate_4,candidate_1,candidate_3,candidate_2,candidate_5,5,0.028000000000000004
258,candidate_4,candidate_1,candidate_3,candidate_2,candidate_5,5,0.028000000000000004
259,candidate_4,candidate_1,candidate_3,candidate_2,candidate_5,5,0.028000000000000004
260,candidate_4,candidate_1,candidate_3,candidate_2,candidate_5,5,0.028000000000000004
261,candidate_4,candidate_1,candidate_3,candidate_2,candidate_5,5,0.028000000000000004
262,candidate_4,candidate_1,candidate_3,candidate_2,candidate_5,5,0.028000000000000004
263,candidate_4,candidate_1,candidate_3,candidate_2,candidate_5,5,0.028000000000000004
264,candidate_4,candidate_1,candidate_3,candidate_2,candidate_5,5,0.028000000000000004
265,candidate_4,candidate_1,candidate_3,candidate_2,candidate_5,5,0.028000000000000004
266,candidate_4,candidate_1,0,candidate_2,candidate_5,5,0.028000000000000004
267,candidate_4,candidate_1,candidate_3,candidate_2,candidate_5,5,0.028000000000000004
268,candidate_4,candidate_1,candidate_3,candidate_2,candidate_5,5,0.028000000000000004
269,candidate_4,candidate_1,candidate_3,candidate_2,candidate_5,5,0.028000000000000004
270,candidate_4,candidate_1,candidate_3,candidate_2,candidate_5,5,0.028000000000000004
271,candidate_4,candidate_1,candidate_3,candidate_2,candidate_5,5,0.028000000000000004
272,candidate_4,candidate_1,candidate_3,candidate_2,candidate_5,5,0.028000000000000004
273,candidate_4,0,candidate_3,candidate_2,candidate_5,5,0.028000000000000004
274,candidate_4,candidate_1,candidate_3,candidate_2,candidate_5,5,0.028000000000000004
275,candidate_4,candidate_1,candidate_3,candidate_2,candidate_5,5,0.028000000000000004
276,candidate_4,candidate_1,candidate_3,candidate_2,candidate_5,5,0.028000000000000004
277,candidate_4,candidate_1,candidate_3,candidate_2,candidate_5,5,0.028000000000000004
278,candidate_4,candidate_1,candidate_3,candidate_2,0,5,0.028000000000000004
279,candidate_4,candidate_1,candidate_3,candidate_2,candidate_5,5,0.028000000000000004
280,candidate_4,candidate_1,candidate_3,candidate_2,candidate_5,5,0.028000000000000004
281,candidate_4,candidate_1,candidate_3,candidate_2,candidate_5,5,0.028000000000000004
282,candidate_4,candidate_1,0,candidate_2,candidate_5,5,0.028000000000000004
283,candidate_4,candidate_1,candidate_3,candidate_2,candidate_5,5,0.028000000000000004
284,candidate_4,candidate_1,candidate_3,candidate_2,candidate_5,5,0.028000000000000004
285,candidate_4,candidate_1,candidate_3,candidate_2,candidate_5,5,0.028000000000000004
286,candidate_4,candidate_1,candidate_3,candidate_2,candidate_5,5,0.028000000000000004
287,candidate_4,candidate_1,candidate_3,candidate_2,candidate_5,5,0.028000000000000004
288,candidate_4,candidate_1,candidate_3,candidate_2,candidate_5,5,0.028000000000000004
289,candidate_4,candidate_1,candidate_3,candidate_2,candidate_5,5,0.028000000000000004
290,candidate_4,candidate_1,candidate_3,candidate_2,candidate_5,5,0.028000000000000004
291,candidate_4,candidate_1,candidate_3,candidate_2,candidate_5,5,0.028000000000000004
292,candidate_4,candidate_1,candidate_3,candidate_2,candidate_5,5,0.028000000000000004
293,candidate_4,candidate_1,candidate_3,candidate_2,candidate_5,5,0.028000000000000004
294,candidate_4,candidate_1,candidate_3,candidate_2,candidate_5,5,0.028000000000000004
295,candidate_4,candidate_1,candidate_3,candidate_2,candidate_5,5,0.028000000000000004
296,0,candidate_1,candidate_3,candidate_2,candidate_5,5,0.028000000000000004
297,candidate_4,candidate_1,candidate_3,candidate_2,candidate_5,5,0.028000000000000004
298,candidate_4,candidate_1,candidate_3,candidate_2,candidate_5,5,0.028000000000000004
299,candidate_4,candidate_1,candidate_3,candidate_2,candidate_5,5,0.028000000000000004
300,candidate_4,candidate_1,candidate_3,candidate_2,candidate_5,5,0.028000000000000004
301,candidate_4,candidate_1,candidate_3,0,candidate_5,5,0.028000000000000004
302,candidate_4,candidate_1,candidate_3,candidate_2,0,5,0.028000000000000004
303,candidate_4,candidate_1,candidate_3,candidate_2,candidate_5,5,0.028000000000000004
304,candidate_4,candidate_1,candidate_3,candidate_2,candidate_5,5,0.028000000000000004
305,candidate_4,candidate_1,candidate_3,candidate_2,candidate_5,5,0.028000000000000004
306,candidate_4,candidate_1,candidate_3,candidate_2,candidate_5,5,0.028000000000000004
307,candidate_4,candidate_1,candidate_3,candidate_2,candidate_5,5,0.028000000000000004
308,candidate_4,candidate_1,candidate_3,candidate_2,candidate_5,5,0.028000000000000004
309,candidate_4,candidate_1,candidate_3,candidate_2,candidate_5,5,0.028000000000000004
310,candidate_4,candidate_1,candidate_3,candidate_2,candidate_5,5,0.028000000000000004
311,candidate_4,candidate_1,candidate_3,candidate_2,candidate_5,5,0.028000000000000004
312,candidate_4,candidate_1,candidate_3,candidate_2,candidate_5,5,0.028000000000000004
313,candidate_4,candidate_1,candidate_3,candidate_2,candidate_5,5,0.028000000000000004
314,candidate_4,candidate_1,candidate_3,candidate_2,candidate_5,5,0.028000000000000004
315,candidate_4,candidate_1,candidate_3,candidate_2,candidate_5,5,0.028000000000000004
316,candidate_4,candidate_1,candidate_3,candidate_2,candidate_5,5,0.028000000000000004
317,candidate_4,candidate_1,candidate_3,candidate_2,candidate_5,5,0.028000000000000004
318,candidate_4,candidate_1,candidate_3,candidate_2,candidate_5,5,0.028000000000000004
319,candidate_4,candidate_1,candidate_3,candidate_2,candidate_5,5,0.028000000000000004
320,candidate_4,candidate_1,candidate_3,candidate_2,candidate_5,5,0.028000000000000004
321,candidate_4,candidate_1,candidate_3,candidate_2,candidate_5,5,0.028000000000000004
322,candidate_4,candidate_1,candidate_3,candidate_2,candidate_5,5,0.028000000000000004
323,candidate_4,candidate_1,candidate_3,candidate_2,candidate_5,5,0.028000000000000004
324,candidate_4,candidate_1,candidate_3,0,candidate_5,5,0.028000000000000004
325,candidate_4,candidate_1,candidate_3,candidate_2,candidate_5,5,0.028000000000000004
326,candidate_4,candidate_1,candidate_3,candidate_2,candidate_5,5,0.028000000000000004
327,candidate_4,candidate_1,candidate_3,candidate_2,0,5,0.028000000000000004
328,candidate_4,candidate_1,candidate_3,candidate_2,candidate_5,5,0.028000000000000004
329,candidate_4,candidate_1,candidate_3,candidate_2,candidate_5,5,0.028000000000000004
330,candidate_4,candidate_1,candidate_3,candidate_2,candidate_5,5,0.028000000000000004
331,candidate_4,candidate_1,candidate_3,candidate_2,candidate_5,5,0.028000000000000004
332,candidate_4,candidate_1,candidate_3,candidate_2,candidate_5,5,0.028000000000000004
333,candidate_4,candidate_1,candidate_3,candidate_2,candidate_5,5,0.028000000000000004
334,candidate_4,candidate_1,candidate_3,candidate_2,candidate_5,5,0.028000000000000004
335,candidate_4,candidate_1,candidate_3,candidate_2,candidate_5,5,0.028000000000000004
336,candidate_4,candidate_1,candidate_3,candidate_2,candidate_5,5,0.028000000000000004
337,candidate_4,candidate_1,candidate_3,candidate_2,0,5,0.028000000000000004
338,candidate_4,candidate_1,candidate_3,candidate_2,0,5,0.028000000000000004
339,candidate_4,candidate_1,candidate_3,candidate_2,candidate_5,5,0.028000000000000004
340,candidate_4,candidate_1,candidate_3,candidate_2,candidate_5,5,0.028000000000000004
341,candidate_4,candidate_1,candidate_3,candidate_2,candidate_5,5,0.028000000000000004
342,candidate_4,candidate_1,candidate_3,candidate_2,candidate_5,5,0.028000000000000004
343,candidate_4,candidate_1,candidate_3,candidate_2,candidate_5,5,0.028000000000000004
344,candidate_4,candidate_1,candidate_3,candidate_2,candidate_5,5,0.028000000000000004
345,candidate_4,candidate_1,candidate_3,candidate_2,candidate_5,5,0.028000000000000004
346,candidate_4,candidate_1,candidate_3,candidate_2,candidate_5,5,0.028000000000000004
347,candidate_4,candidate_1,candidate_3,candidate_2,candidate_5,5,0.028000000000000004
348,candidate_4,candidate_1,candidate_3,candidate_2,candidate_5,5,0.028000000000000004
349,candidate_4,candidate_1,candidate_3,candidate_2,candidate_5,5,0.028000000000000004
350,candidate_4,candidate_1,candidate_3,candidate_2,candidate_5,5,0.028000000000000004
351,candidate_4,candidate_1,candidate_3,candidate_2,candidate_5,5,0.028000000000000004
352,candidate_4,candidate_1,candidate_3,candidate_2,candidate_5,5,0.028000000000000004
353,candidate_4,candidate_1,candidate_3,candidate_2,candidate_5,5,0.028000000000000004
354,candidate_4,candidate_1,candidate_3,candidate_2,candidate_5,5,0.028000000000000004
355,candidate_4,candidate_1,candidate_3,candidate_2,candidate_5,5,0.028000000000000004
356,candidate_4,candidate_1,candidate_3,candidate_2,candidate_5,5,0.028000000000000004
357,candidate_4,candidate_1,candidate_3,candidate_2,candidate_5,5,0.028000000000000004
358,candidate_4,candidate_1,candidate_3,candidate_2,candidate_5,5,0.028000000000000004
359,candidate_4,candidate_1,candidate_3,candidate_2,candidate_5,5,0.028000000000000004
360,0,candidate_1,candidate_3,candidate_2,candidate_5,5,0.028000000000000004
361,candidate_4,candidate_1,candidate_3,0,candidate_5,5,0.028000000000000004
362,candidate_4,candidate_1,candidate_3,candidate_2,candidate_5,5,0.028000000000000004
363,candidate_4,candidate_1,candidate_3,candidate_2,candidate_5,5,0.028000000000000004
364,candidate_4,candidate_1,candidate_3,candidate_2,candidate_5,5,0.028000000000000004
365,candidate_4,candidate_1,candidate_3,candidate_2,candidate_5,5,0.028000000000000004
366,candidate_4,candidate_1,candidate_3,candidate_2,candidate_5,5,0.028000000000000004
367,candidate_4,candidate_1,candidate_3,candidate_2,candidate_5,5,0.028000000000000004
368,candidate_4,candidate_1,candidate_3,candidate_2,candidate_5,5,0.028000000000000004
369,candidate_4,candidate_1,candidate_3,candidate_2,candidate_5,5,0.028000000000000004
370,candidate_4,0,candidate_3,candidate_2,candidate_5,5,0.028000000000000004
371,candidate_4,candidate_1,candidate_3,candidate_2,candidate_5,5,0.028000000000000004
372,candidate_4,candidate_1,candidate_3,candidate_2,candidate_5,5,0.028000000000000004
373,candidate_4,candidate_1,candidate_3,candidate_2,candidate_5,5,0.028000000000000004
374,candidate_4,candidate_1,candidate_3,candidate_2,candidate_5,5,0.028000000000000004
375,0,candidate_1,candidate_3,candidate_2,candidate_5,5,0.028000000000000004
376,candidate_4,candidate_1,candidate_3,candidate_2,candidate_5,5,0.028000000000000004
377,candidate_4,candidate_1,candidate_3,candidate_2,candidate_5,5,0.028000000000000004
378,candidate_4,candidate_1,candidate_3,candidate_2,candidate_5,5,0.028000000000000004
379,candidate_4,candidate_1,candidate_3,candidate_2,candidate_5,5,0.028000000000000004
380,candidate_4,0,candidate_3,candidate_2,candidate_5,5,0.028000000000000004
381,candidate_4,candidate_1,candidate_3,candidate_2,candidate_5,5,0.028000000000000004
382,candidate_4,candidate_1,candidate_3,candidate_2,candidate_5,5,0.028000000000000004
383,candidate_4,candidate_1,candidate_3,candidate_2,candidate_5,5,0.028000000000000004
384,candidate_4,candidate_1,candidate_3,candidate_2,candidate_5,5,0.028000000000000004
385,candidate_4,candidate_1,candidate_3,candidate_2,0,5,0.028000000000000004
386,candidate_4,candidate_1,candidate_3,candidate_2,candidate_5,5,0.028000000000000004
387,candidate_4,candidate_1,0,0,candidate_5,5,0.028000000000000004
388,candidate_4,candidate_1,candidate_3,candidate_2,candidate_5,5,0.028000000000000004
389,candidate_4,candidate_1,candidate_3,candidate_2,candidate_5,5,0.028000000000000004
390,candidate_4,candidate_1,candidate_3,candidate_2,candidate_5,5,0.028000000000000004
391,candidate_4,candidate_1,candidate_3,candidate_2,candidate_5,5,0.028000000000000004
392,candidate_4,candidate_1,candidate_3,candidate_2,candidate_5,5,0.028000000000000004
393,candidate_4,candidate_1,candidate_3,candidate_2,candidate_5,5,0.028000000000000004
394,candidate_4,candidate_1,candidate_3,candidate_2,candidate_5,5,0.028000000000000004
395,candidate_4,candidate_1,candidate_3,candidate_2,candidate_5,5,0.028000000000000004
396,candidate_4,candidate_1,candidate_3,candidate_2,candidate_5,5,0.028000000000000004
397,candidate_4,candidate_1,candidate_3,candidate_2,candidate_5,5,0.028000000000000004
398,candidate_4,candidate_1,candidate_3,candidate_2,candidate_5,5,0.028000000000000004
399,candidate_4,candidate_1,candidate_3,candidate_2,candidate_5,5,0.028000000000000004
400,candidate_4,candidate_1,candidate_3,candidate_2,candidate_5,5,0.028000000000000004
401,candidate_4,candidate_1,candidate_3,candidate_2,candidate_5,5,0.028000000000000004
402,candidate_4,candidate_1,candidate_3,candidate_2,candidate_5,5,0.028000000000000004
403,candidate_4,candidate_1,candidate_3,candidate_2,candidate_5,5,0.028000000000000004
404,candidate_4,0,candidate_3,candidate_2,candidate_5,5,0.028000000000000004
405,candidate_4,candidate_1,candidate_3,candidate_2,candidate_5,5,0.028000000000000004
406,candidate_4,candidate_1,candidate_3,candidate_2,candidate_5,5,0.028000000000000004
407,candidate_4,candidate_1,candidate_3,candidate_2,candidate_5,5,0.028000000000000004
408,candidate_4,candidate_1,candidate_3,candidate_2,candidate_5,5,0.028000000000000004
409,candidate_4,candidate_1,candidate_3,candidate_2,candidate_5,5,0.028000000000000004
410,candidate_4,candidate_1,candidate_3,candidate_2,candidate_5,5,0.028000000000000004
411,0,candidate_1,candidate_3,candidate_2,candidate_5,5,0.028000000000000004
412,candidate_4,candidate_1,candidate_3,candidate_2,candidate_5,5,0.028000000000000004
413,candidate_4,candidate_1,candidate_3,candidate_2,0,5,0.028000000000000004
414,0,candidate_1,candidate_3,candidate_2,candidate_5,5,0.028000000000000004
415,candidate_4,candidate_1,candidate_3,candidate_2,candidate_5,5,0.028000000000000004
416,0,candidate_1,candidate_3,candidate_2,candidate_5,5,0.028000000000000004
417,candidate_4,candidate_1,candidate_3,candidate_2,candidate_5,5,0.028000000000000004
418,candidate_4,candidate_1,candidate_3,candidate_2,candidate_5,5,0.028000000000000004
419,candidate_4,candidate_1,candidate_3,candidate_2,candidate_5,5,0.028000000000000004
420,candidate_4,candidate_1,candidate_3,candidate_2,candidate_5,5,0.028000000000000004
421,candidate_4,candidate_1,candidate_3,candidate_2,candidate_5,5,0.028000000000000004
422,candidate_4,candidate_1,candidate_3,candidate_2,0,5,0.028000000000000004
423,candidate_4,candidate_1,candidate_3,candidate_2,candidate_5,5,0.028000000000000004
424,candidate_4,candidate_1,candidate_3,candidate_2,candidate_5,5,0.028000000000000004
425,candidate_4,candidate_1,candidate_3,candidate_2,candidate_5,5,0.028000000000000004
426,candidate_4,candidate_1,candidate_3,candidate_2,candidate_5,5,0.028000000000000004
427,candidate_4,candidate_1,candidate_3,candidate_2,candidate_5,5,0.028000000000000004
428,candidate_4,candidate_1,candidate_3,candidate_2,candidate_5,5,0.028000000000000004
429,candidate_4,candidate_1,candidate_3,candidate_2,candidate_5,5,0.028000000000000004
430,candidate_4,candidate_1,0,candidate_2,candidate_5,5,0.028000000000000004
431,candidate_4,candidate_1,candidate_3,candidate_2,candidate_5,5,0.028000000000000004
432,candidate_4,candidate_1,candidate_3,candidate_2,candidate_5,5,0.028000000000000004
433,candidate_4,0,candidate_3,candidate_2,candidate_5,5,0.028000000000000004
434,candidate_4,candidate_1,candidate_3,candidate_2,candidate_5,5,0.028000000000000004
435,candidate_4,candidate_1,candidate_3,candidate_2,candidate_5,5,0.028000000000000004
436,candidate_4,candidate_1,candidate_3,candidate_2,candidate_5,5,0.028000000000000004
437,candidate_4,candidate_1,candidate_3,candidate_2,candidate_5,5,0.028000000000000004
438,candidate_4,candidate_1,candidate_3,candidate_2,candidate_5,5,0.028000000000000004
439,candidate_4,candidate_1,candidate_3,candidate_2,candidate_5,5,0.028000000000000004
440,candidate_4,candidate_1,candidate_3,candidate_2,candidate_5,5,0.028000000000000004
441,candidate_4,candidate_1,candidate_3,candidate_2,candidate_5,5,0.028000000000000004
442,candidate_4,candidate_1,candidate_3,candidate_2,candidate_5,5,0.028000000000000004
443,candidate_4,candidate_1,candidate_3,candidate_2,candidate_5,5,0.028000000000000004
444,candidate_4,candidate_1,candidate_3,candidate_2,candidate_5,5,0.028000000000000004
445,candidate_4,candidate_1,candidate_3,candidate_2,candidate_5,5,0.028000000000000004
446,candidate_4,candidate_1,candidate_3,0,candidate_5,5,0.028000000000000004
447,candidate_4,candidate_1,candidate_3,candidate_2,candidate_5,5,0.028000000000000004
448,candidate_4,candidate_1,candidate_3,0,candidate_5,5,0.028000000000000004
449,candidate_4,candidate_1,candidate_3,candidate_2,candidate_5,5,0.028000000000000004
450,candidate_4,candidate_1,candidate_3,candidate_2,candidate_5,5,0.028000000000000004
451,candidate_4,candidate_1,candidate_3,candidate_2,candidate_5,5,0.028000000000000004
452,0,candidate_1,candidate_3,candidate_2,candidate_5,5,0.028000000000000004
453,candidate_4,candidate_1,candidate_3,candidate_2,candidate_5,5,0.028000000000000004
454,candidate_4,candidate_1,candidate_3,candidate_2,candidate_5,5,0.028000000000000004
455,candidate_4,candidate_1,candidate_3,candidate_2,candidate_5,5,0.028000000000000004
456,candidate_4,candidate_1,candidate_3,candidate_2,candidate_5,5,0.028000000000000004
457,candidate_4,candidate_1,candidate_3,candidate_2,candidate_5,5,0.028000000000000004
458,candidate_4,candidate_1,candidate_3,candidate_2,candidate_5,5,0.028000000000000004
459,candidate_4,candidate_1,candidate_3,candidate_2,candidate_5,5,0.028000000000000004
460,candidate_4,candidate_1,candidate_3,candidate_2,candidate_5,5,0.028000000000000004
461,candidate_4,candidate_1,candidate_3,candidate_2,candidate_5,5,0.028000000000000004
462,candidate_4,candidate_1,candidate_3,candidate_2,candidate_5,5,0.028000000000000004
463,candidate_4,candidate_1,candidate_3,candidate_2,candidate_5,5,0.028000000000000004
464,candidate_4,candidate_1,candidate_3,candidate_2,candidate_5,5,0.028000000000000004
465,candidate_4,candidate_1,candidate_3,candidate_2,candidate_5,5,0.028000000000000004
466,candidate_4,candidate_1,candidate_3,candidate_2,candidate_5,5,0.028000000000000004
467,candidate_4,candidate_1,candidate_3,candidate_2,candidate_5,5,0.028000000000000004
468,candidate_4,candidate_1,candidate_3,candidate_2,candidate_5,5,0.028000000000000004
469,candidate_4,candidate_1,candidate_3,candidate_2,candidate_5,5,0.028000000000000004
470,0,candidate_1,candidate_3,candidate_2,candidate_5,5,0.028000000000000004
471,candidate_4,candidate_1,candidate_3,candidate_2,candidate_5,5,0.028000000000000004
472,candidate_4,candidate_1,candidate_3,candidate_2,candidate_5,5,0.028000000000000004
473,candidate_4,candidate_1,candidate_3,candidate_2,candidate_5,5,0.028000000000000004
474,candidate_4,candidate_1,candidate_3,candidate_2,candidate_5,5,0.028000000000000004
475,candidate_4,candidate_1,candidate_3,candidate_2,candidate_5,5,0.028000000000000004
476,candidate_4,candidate_1,candidate_3,candidate_2,candidate_5,5,0.028000000000000004
477,candidate_4,candidate_1,candidate_3,candidate_2,candidate_5,5,0.028000000000000004
478,candidate_4,candidate_1,candidate_3,candidate_2,candidate_5,5,0.028000000000000004
479,candidate_4,candidate_1,0,candidate_2,candidate_5,5,0.028000000000000004
480,candidate_4,candidate_1,candidate_3,candidate_2,0,5,0.028000000000000004
481,candidate_4,candidate_1,candidate_3,candidate_2,candidate_5,5,0.028000000000000004
482,candidate_4,candidate_1,candidate_3,candidate_2,candidate_5,5,0.028000000000000004
483,candidate_4,candidate_1,candidate_3,candidate_2,candidate_5,5,0.028000000000000004
484,candidate_4,candidate_1,candidate_3,candidate_2,candidate_5,5,0.028000000000000004
485,candidate_4,candidate_1,candidate_3,candidate_2,candidate_5,5,0.028000000000000004
486,candidate_4,candidate_1,candidate_3,candidate_2,candidate_5,5,0.028000000000000004
487,candidate_4,candidate_1,candidate_3,candidate_2,candidate_5,5,0.028000000000000004
488,candidate_4,candidate_1,candidate_3,candidate_2,candidate_5,5,0.028000000000000004
489,candidate_4,candidate_1,candidate_3,candidate_2,candidate_5,5,0.028000000000000004
490,0,candidate_1,candidate_3,candidate_2,candidate_5,5,0.028000000000000004
491,candidate_4,candidate_1,candidate_3,candidate_2,candidate_5,5,0.028000000000000004
492,candidate_4,candidate_1,candidate_3,candidate_2,candidate_5,5,0.028000000000000004
493,candidate_4,candidate_1,candidate_3,candidate_2,candidate_5,5,0.028000000000000004
494,0,candidate_1,candidate_3,candidate_2,candidate_5,5,0.028000000000000004
495,candidate_4,candidate_1,candidate_3,candidate_2,candidate_5,5,0.028000000000000004
496,candidate_4,candidate_1,candidate_3,candidate_2,candidate_5,5,0.028000000000000004
497,candidate_4,candidate_1,candidate_3,candidate_2,candidate_5,5,0.028000000000000004
498,candidate_4,candidate_1,candidate_3,candidate_2,candidate_5,5,0.028000000000000004
499,candidate_4,candidate_1,candidate_3,candidate_2,candidate_5,5,0.028000000000000004
500,candidate_4,candidate_1,candidate_3,0,candidate_5,5,0.028000000000000004
501,candidate_4,candidate_1,candidate_3,candidate_2,candidate_5,5,0.028000000000000004
502,candidate_4,candidate_1,candidate_3,candidate_2,candidate_5,5,0.028000000000000004
503,candidate_4,candidate_1,candidate_3,candidate_2,candidate_5,5,0.028000000000000004
0,candidate_4,candidate_1,candidate_3,candidate_5,candidate_2,5,0.028000000000000004
1,candidate_4,candidate_1,0,candidate_5,candidate_2,5,0.028000000000000004
2,candidate_4,candidate_1,candidate_3,candidate_5,candidate_2,5,0.028000000000000004
3,candidate_4,candidate_1,candidate_3,candidate_5,candidate_2,5,0.028000000000000004
4,candidate_4,candidate_1,candidate_3,0,candidate_2,5,0.028000000000000004
5,candidate_4,candidate_1,candidate_3,candidate_5,candidate_2,5,0.028000000000000004
6,candidate_4,candidate_1,candidate_3,candidate_5,candidate_2,5,0.028000000000000004
7,candidate_4,candidate_1,candidate_3,candidate_5,candidate_2,5,0.028000000000000004
8,candidate_4,candidate_1,candidate_3,candidate_5,candidate_2,5,0.028000000000000004
9,candidate_4,candidate_1,candidate_3,candidate_5,candidate_2,5,0.028000000000000004
10,candidate_4,candidate_1,candidate_3,candidate_5,candidate_2,5,0.028000000000000004
11,candidate_4,candidate_1,candidate_3,candidate_5,candidate_2,5,0.028000000000000004
12,candidate_4,candidate_1,candidate_3,candidate_5,candidate_2,5,0.028000000000000004
13,candidate_4,candidate_1,candidate_3,candidate_5,candidate_2,5,0.028000000000000004
14,candidate_4,candidate_1,candidate_3,candidate_5,candidate_2,5,0.028000000000000004
15,candidate_4,candidate_1,candidate_3,candidate_5,candidate_2,5,0.028000000000000004
16,candidate_4,candidate_1,candidate_3,candidate_5,candidate_2,5,0.028000000000000004
17,candidate_4,candidate_1,candidate_3,candidate_5,candidate_2,5,0.028000000000000004
18,candidate_4,candidate_1,candidate_3,candidate_5,candidate_2,5,0.028000000000000004
19,candidate_4,candidate_1,candidate_3,candidate_5,candidate_2,5,0.028000000000000004
20,candidate_4,candidate_1,candidate_3,candidate_5,candidate_2,5,0.028000000000000004
21,candidate_4,candidate_1,candidate_3,candidate_5,candidate_2,5,0.028000000000000004
22,candidate_4,candidate_1,candidate_3,candidate_5,candidate_2,5,0.028000000000000004
23,candidate_4,candidate_1,candidate_3,candidate_5,candidate_2,5,0.028000000000000004
24,candidate_4,candidate_1,candidate_3,candidate_5,candidate_2,5,0.028000000000000004
25,candidate_4,candidate_1,candidate_3,candidate_5,candidate_2,5,0.028000000000000004
26,candidate_4,candidate_1,candidate_3,candidate_5,candidate_2,5,0.028000000000000004
27,candidate_4,candidate_1,candidate_3,0,candidate_2,5,0.028000000000000004
28,candidate_4,candidate_1,0,candidate_5,candidate_2,5,0.028000000000000004
29,candidate_4,candidate_1,candidate_3,candidate_5,candidate_2,5,0.028000000000000004
30,candidate_4,candidate_1,candidate_3,candidate_5,candidate_2,5,0.028000000000000004
31,candidate_4,candidate_1,candidate_3,candidate_5,candidate_2,5,0.028000000000000004
32,candidate_4,candidate_1,candidate_3,candidate_5,candidate_2,5,0.028000000000000004
33,candidate_4,candidate_1,candidate_3,candidate_5,candidate_2,5,0.028000000000000004
34,candidate_4,candidate_1,candidate_3,candidate_5,candidate_2,5,0.028000000000000004
35,candidate_4,candidate_1,candidate_3,candidate_5,candidate_2,5,0.028000000000000004
36,candidate_4,candidate_1,candidate_3,0,candidate_2,5,0.028000000000000004
37,candidate_4,candidate_1,candidate_3,candidate_5,candidate_2,5,0.028000000000000004
38,candidate_4,candidate_1,candidate_3,candidate_5,candidate_2,5,0.028000000000000004
39,candidate_4,candidate_1,candidate_3,candidate_5,candidate_2,5,0.028000000000000004
40,candidate_4,candidate_1,candidate_3,candidate_5,candidate_2,5,0.028000000000000004
41,candidate_4,candidate_1,candidate_3,candidate_5,candidate_2,5,0.028000000000000004
42,candidate_4,candidate_1,candidate_3,candidate_5,candidate_2,5,0.028000000000000004
43,candidate_4,candidate_1,candidate_3,candidate_5,candidate_2,5,0.028000000000000004
44,candidate_4,candidate_1,candidate_3,candidate_5,candidate_2,5,0.028000000000000004
45,candidate_4,candidate_1,0,candidate_5,candidate_2,5,0.028000000000000004
46,candidate_4,0,candidate_3,candidate_5,candidate_2,5,0.028000000000000004
47,candidate_4,candidate_1,candidate_3,candidate_5,candidate_2,5,0.028000000000000004
48,candidate_4,candidate_1,candidate_3,candidate_5,candidate_2,5,0.028000000000000004
49,candidate_4,candidate_1,candidate_3,candidate_5,candidate_2,5,0.028000000000000004
50,candidate_4,candidate_1,candidate_3,candidate_5,candidate_2,5,0.028000000000000004
51,candidate_4,candidate_1,candidate_3,candidate_5,candidate_2,5,0.028000000000000004
52,candidate_4,candidate_1,candidate_3,candidate_5,candidate_2,5,0.028000000000000004
53,candidate_4,candidate_1,candidate_3,candidate_5,candidate_2,5,0.028000000000000004
54,candidate_4,candidate_1,candidate_3,candidate_5,candidate_2,5,0.028000000000000004
55,candidate_4,candidate_1,candidate_3,candidate_5,candidate_2,5,0.028000000000000004
56,candidate_4,candidate_1,candidate_3,candidate_5,candidate_2,5,0.028000000000000004
57,candidate_4,candidate_1,candidate_3,candidate_5,candidate_2,5,0.028000000000000004
58,candidate_4,candidate_1,candidate_3,candidate_5,candidate_2,5,0.028000000000000004
59,candidate_4,candidate_1,candidate_3,candidate_5,candidate_2,5,0.028000000000000004
60,candidate_4,candidate_1,candidate_3,candidate_5,candidate_2,5,0.028000000000000004
61,candidate_4,candidate_1,candidate_3,candidate_5,candidate_2,5,0.028000000000000004
62,candidate_4,candidate_1,0,candidate_5,candidate_2,5,0.028000000000000004
63,candidate_4,candidate_1,candidate_3,candidate_5,candidate_2,5,0.028000000000000004
64,candidate_4,candidate_1,candidate_3,candidate_5,candidate_2,5,0.028000000000000004
65,candidate_4,candidate_1,candidate_3,candidate_5,candidate_2,5,0.028000000000000004
66,candidate_4,candidate_1,candidate_3,candidate_5,candidate_2,5,0.028000000000000004
67,candidate_4,candidate_1,candidate_3,candidate_5,candidate_2,5,0.028000000000000004
68,candidate_4,candidate_1,candidate_3,candidate_5,candidate_2,5,0.028000000000000004
69,candidate_4,candidate_1,candidate_3,candidate_5,candidate_2,5,0.028000000000000004
70,candidate_4,candidate_1,candidate_3,candidate_5,candidate_2,5,0.028000000000000004
71,candidate_4,candidate_1,0,candidate_5,candidate_2,5,0.028000000000000004
72,candidate_4,candidate_1,candidate_3,candidate_5,candidate_2,5,0.028000000000000004
73,candidate_4,candidate_1,candidate_3,candidate_5,candidate_2,5,0.028000000000000004
74,candidate_4,candidate_1,candidate_3,candidate_5,candidate_2,5,0.028000000000000004
75,candidate_4,candidate_1,candidate_3,candidate_5,candidate_2,5,0.028000000000000004
76,candidate_4,candidate_1,candidate_3,candidate_5,candidate_2,5,0.028000000000000004
77,candidate_4,candidate_1,candidate_3,candidate_5,candidate_2,5,0.028000000000000004
78,candidate_4,candidate_1,candidate_3,candidate_5,candidate_2,5,0.028000000000000004
79,candidate_4,candidate_1,candidate_3,candidate_5,candidate_2,5,0.028000000000000004
80,candidate_4,candidate_1,candidate_3,candidate_5,candidate_2,5,0.028000000000000004
81,candidate_4,candidate_1,candidate_3,candidate_5,candidate_2,5,0.028000000000000004
82,candidate_4,candidate_1,candidate_3,candidate_5,candidate_2,5,0.028000000000000004
83,candidate_4,candidate_1,candidate_3,candidate_5,0,5,0.028000000000000004
84,candidate_4,candidate_1,candidate_3,candidate_5,candidate_2,5,0.028000000000000004
85,candidate_4,candidate_1,candidate_3,candidate_5,candidate_2,5,0.028000000000000004
86,candidate_4,0,candidate_3,candidate_5,candidate_2,5,0.028000000000000004
87,candidate_4,candidate_1,candidate_3,candidate_5,candidate_2,5,0.028000000000000004
88,candidate_4,candidate_1,candidate_3,candidate_5,0,5,0.028000000000000004
89,candidate_4,candidate_1,candidate_3,candidate_5,candidate_2,5,0.028000000000000004
90,candidate_4,candidate_1,candidate_3,candidate_5,candidate_2,5,0.028000000000000004
91,candidate_4,candidate_1,candidate_3,candidate_5,candidate_2,5,0.028000000000000004
92,candidate_4,candidate_1,candidate_3,candidate_5,candidate_2,5,0.028000000000000004
93,candidate_4,candidate_1,candidate_3,candidate_5,candidate_2,5,0.028000000000000004
94,candidate_4,candidate_1,candidate_3,candidate_5,candidate_2,5,0.028000000000000004
95,candidate_4,0,candidate_3,candidate_5,candidate_2,5,0.028000000000000004
96,candidate_4,candidate_1,candidate_3,candidate_5,candidate_2,5,0.028000000000000004
97,candidate_4,candidate_1,candidate_3,candidate_5,candidate_2,5,0.028000000000000004
98,candidate_4,candidate_1,candidate_3,candidate_5,candidate_2,5,0.028000000000000004
99,candidate_4,candidate_1,candidate_3,candidate_5,candidate_2,5,0.028000000000000004
100,candidate_4,candidate_1,candidate_3,candidate_5,candidate_2,5,0.028000000000000004
101,candidate_4,candidate_1,candidate_3,candidate_5,candidate_2,5,0.028000000000000004
102,candidate_4,candidate_1,candidate_3,candidate_5,candidate_2,5,0.028000000000000004
103,candidate_4,candidate_1,candidate_3,candidate_5,candidate_2,5,0.028000000000000004
104,candidate_4,candidate_1,candidate_3,candidate_5,candidate_2,5,0.028000000000000004
105,candidate_4,candidate_1,candidate_3,candidate_5,candidate_2,5,0.028000000000000004
106,0,candidate_1,candidate_3,candidate_5,candidate_2,5,0.028000000000000004
107,candidate_4,candidate_1,candidate_3,candidate_5,candidate_2,5,0.028000000000000004
108,candidate_4,candidate_1,candidate_3,candidate_5,candidate_2,5,0.028000000000000004
109,candidate_4,candidate_1,candidate_3,candidate_5,candidate_2,5,0.028000000000000004
110,candidate_4,candidate_1,candidate_3,candidate_5,candidate_2,5,0.028000000000000004
111,candidate_4,candidate_1,candidate_3,candidate_5,candidate_2,5,0.028000000000000004
112,candidate_4,candidate_1,candidate_3,candidate_5,candidate_2,5,0.028000000000000004
113,candidate_4,candidate_1,candidate_3,candidate_5,candidate_2,5,0.028000000000000004
114,candidate_4,candidate_1,candidate_3,candidate_5,candidate_2,5,0.028000000000000004
115,candidate_4,candidate_1,candidate_3,candidate_5,candidate_2,5,0.028000000000000004
116,candidate_4,candidate_1,candidate_3,candidate_5,candidate_2,5,0.028000000000000004
117,candidate_4,candidate_1,candidate_3,candidate_5,candidate_2,5,0.028000000000000004
118,candidate_4,candidate_1,candidate_3,candidate_5,candidate_2,5,0.028000000000000004
119,candidate_4,candidate_1,candidate_3,candidate_5,candidate_2,5,0.028000000000000004
120,candidate_4,candidate_1,candidate_3,candidate_5,candidate_2,5,0.028000000000000004
121,candidate_4,candidate_1,candidate_3,candidate_5,candidate_2,5,0.028000000000000004
122,candidate_4,candidate_1,candidate_3,candidate_5,candidate_2,5,0.028000000000000004
123,candidate_4,candidate_1,candidate_3,candidate_5,candidate_2,5,0.028000000000000004
124,candidate_4,candidate_1,candidate_3,candidate_5,candidate_2,5,0.028000000000000004
125,candidate_4,candidate_1,candidate_3,candidate_5,candidate_2,5,0.028000000000000004
126,candidate_4,candidate_1,candidate_3,candidate_5,candidate_2,5,0.028000000000000004
127,candidate_4,candidate_1,candidate_3,candidate_5,candidate_2,5,0.028000000000000004
128,candidate_4,candidate_1,candidate_3,candidate_5,candidate_2,5,0.028000000000000004
129,candidate_4,candidate_1,candidate_3,candidate_5,candidate_2,5,0.028000000000000004
130,candidate_4,candidate_1,candidate_3,candidate_5,candidate_2,5,0.028000000000000004
131,candidate_4,candidate_1,candidate_3,candidate_5,candidate_2,5,0.028000000000000004
132,candidate_4,candidate_1,candidate_3,candidate_5,candidate_2,5,0.028000000000000004
133,candidate_4,candidate_1,candidate_3,candidate_5,candidate_2,5,0.028000000000000004
134,candidate_4,candidate_1,candidate_3,candidate_5,candidate_2,5,0.028000000000000004
135,candidate_4,candidate_1,candidate_3,candidate_5,candidate_2,5,0.028000000000000004
136,candidate_4,candidate_1,candidate_3,candidate_5,candidate_2,5,0.028000000000000004
137,candidate_4,candidate_1,candidate_3,candidate_5,candidate_2,5,0.028000000000000004
138,candidate_4,candidate_1,candidate_3,candidate_5,candidate_2,5,0.028000000000000004
139,candidate_4,candidate_1,candidate_3,candidate_5,candidate_2,5,0.028000000000000004
140,candidate_4,candidate_1,candidate_3,candidate_5,candidate_2,5,0.028000000000000004
141,candidate_4,candidate_1,candidate_3,candidate_5,candidate_2,5,0.028000000000000004
142,candidate_4,candidate_1,candidate_3,candidate_5,candidate_2,5,0.028000000000000004
143,candidate_4,candidate_1,candidate_3,candidate_5,candidate_2,5,0.028000000000000004
144,candidate_4,candidate_1,candidate_3,candidate_5,candidate_2,5,0.028000000000000004
145,candidate_4,candidate_1,candidate_3,candidate_5,candidate_2,5,0.028000000000000004
146,candidate_4,candidate_1,candidate_3,0,candidate_2,5,0.028000000000000004
147,candidate_4,candidate_1,candidate_3,candidate_5,candidate_2,5,0.028000000000000004
148,candidate_4,candidate_1,candidate_3,candidate_5,candidate_2,5,0.028000000000000004
149,candidate_4,candidate_1,candidate_3,candidate_5,candidate_2,5,0.028000000000000004
150,candidate_4,candidate_1,candidate_3,candidate_5,candidate_2,5,0.028000000000000004
151,candidate_4,candidate_1,candidate_3,candidate_5,candidate_2,5,0.028000000000000004
152,candidate_4,candidate_1,candidate_3,0,candidate_2,5,0.028000000000000004
153,candidate_4,candidate_1,candidate_3,0,0,5,0.028000000000000004
154,candidate_4,candidate_1,candidate_3,candidate_5,candidate_2,5,0.028000000000000004
155,candidate_4,candidate_1,candidate_3,candidate_5,candidate_2,5,0.028000000000000004
156,candidate_4,candidate_1,candidate_3,candidate_5,candidate_2,5,0.028000000000000004
157,candidate_4,candidate_1,candidate_3,candidate_5,candidate_2,5,0.028000000000000004
158,candidate_4,candidate_1,candidate_3,candidate_5,candidate_2,5,0.028000000000000004
159,candidate_4,candidate_1,candidate_3,candidate_5,candidate_2,5,0.028000000000000004
160,candidate_4,candidate_1,candidate_3,candidate_5,candidate_2,5,0.028000000000000004
161,candidate_4,candidate_1,candidate_3,candidate_5,candidate_2,5,0.028000000000000004
162,candidate_4,candidate_1,candidate_3,candidate_5,candidate_2,5,0.028000000000000004
163,candidate_4,candidate_1,candidate_3,candidate_5,candidate_2,5,0.028000000000000004
164,candidate_4,candidate_1,candidate_3,candidate_5,candidate_2,5,0.028000000000000004
165,candidate_4,candidate_1,candidate_3,candidate_5,candidate_2,5,0.028000000000000004
166,candidate_4,candidate_1,candidate_3,candidate_5,candidate_2,5,0.028000000000000004
167,candidate_4,candidate_1,0,candidate_5,candidate_2,5,0.028000000000000004
168,candidate_4,candidate_1,candidate_3,candidate_5,candidate_2,5,0.028000000000000004
169,candidate_4,candidate_1,candidate_3,0,0,5,0.028000000000000004
170,candidate_4,candidate_1,candidate_3,candidate_5,candidate_2,5,0.028000000000000004
171,candidate_4,candidate_1,candidate_3,candidate_5,candidate_2,5,0.028000000000000004
172,candidate_4,candidate_1,candidate_3,candidate_5,candidate_2,5,0.028000000000000004
173,candidate_4,candidate_1,candidate_3,candidate_5,candidate_2,5,0.028000000000000004
174,candidate_4,candidate_1,candidate_3,candidate_5,candidate_2,5,0.028000000000000004
175,candidate_4,candidate_1,candidate_3,candidate_5,candidate_2,5,0.028000000000000004
176,candidate_4,candidate_1,candidate_3,candidate_5,candidate_2,5,0.028000000000000004
177,candidate_4,candidate_1,candidate_3,candidate_5,candidate_2,5,0.028000000000000004
178,candidate_4,candidate_1,candidate_3,candidate_5,candidate_2,5,0.028000000000000004
179,candidate_4,candidate_1,candidate_3,candidate_5,candidate_2,5,0.028000000000000004
180,candidate_4,candidate_1,0,candidate_5,candidate_2,5,0.028000000000000004
181,candidate_4,candidate_1,candidate_3,candidate_5,candidate_2,5,0.028000000000000004
182,candidate_4,candidate_1,candidate_3,candidate_5,candidate_2,5,0.028000000000000004
183,candidate_4,candidate_1,candidate_3,candidate_5,candidate_2,5,0.028000000000000004
184,candidate_4,0,candidate_3,candidate_5,candidate_2,5,0.028000000000000004
185,candidate_4,0,candidate_3,candidate_5,candidate_2,5,0.028000000000000004
186,candidate_4,candidate_1,candidate_3,candidate_5,candidate_2,5,0.028000000000000004
187,candidate_4,candidate_1,candidate_3,candidate_5,candidate_2,5,0.028000000000000004
188,candidate_4,candidate_1,candidate_3,candidate_5,candidate_2,5,0.028000000000000004
189,candidate_4,candidate_1,candidate_3,candidate_5,candidate_2,5,0.028000000000000004
190,candidate_4,candidate_1,candidate_3,candidate_5,candidate_2,5,0.028000000000000004
191,candidate_4,candidate_1,candidate_3,candidate_5,candidate_2,5,0.028000000000000004
192,candidate_4,candidate_1,candidate_3,candidate_5,candidate_2,5,0.028000000000000004
193,candidate_4,candidate_1,candidate_3,candidate_5,candidate_2,5,0.028000000000000004
194,0,0,candidate_3,candidate_5,candidate_2,5,0.028000000000000004
195,candidate_4,candidate_1,candidate_3,candidate_5,candidate_2,5,0.028000000000000004
196,candidate_4,candidate_1,candidate_3,candidate_5,candidate_2,5,0.028000000000000004
197,candidate_4,candidate_1,candidate_3,candidate_5,candidate_2,5,0.028000000000000004
198,candidate_4,candidate_1,candidate_3,candidate_5,candidate_2,5,0.028000000000000004
199,candidate_4,candidate_1,candidate_3,candidate_5,candidate_2,5,0.028000000000000004
200,candidate_4,candidate_1,candidate_3,candidate_5,candidate_2,5,0.028000000000000004
201,candidate_4,candidate_1,candidate_3,candidate_5,candidate_2,5,0.028000000000000004
202,candidate_4,candidate_1,candidate_3,candidate_5,candidate_2,5,0.028000000000000004
203,candidate_4,candidate_1,candidate_3,candidate_5,candidate_2,5,0.028000000000000004
204,candidate_4,candidate_1,candidate_3,candidate_5,candidate_2,5,0.028000000000000004
205,candidate_4,candidate_1,candidate_3,candidate_5,candidate_2,5,0.028000000000000004
206,candidate_4,candidate_1,candidate_3,candidate_5,candidate_2,5,0.028000000000000004
207,candidate_4,0,candidate_3,candidate_5,candidate_2,5,0.028000000000000004
208,candidate_4,candidate_1,candidate_3,candidate_5,candidate_2,5,0.028000000000000004
209,candidate_4,candidate_1,candidate_3,candidate_5,candidate_2,5,0.028000000000000004
210,candidate_4,candidate_1,candidate_3,candidate_5,candidate_2,5,0.028000000000000004
211,candidate_4,candidate_1,candidate_3,candidate_5,candidate_2,5,0.028000000000000004
212,candidate_4,candidate_1,candidate_3,candidate_5,candidate_2,5,0.028000000000000004
213,candidate_4,candidate_1,candidate_3,candidate_5,candidate_2,5,0.028000000000000004
214,candidate_4,candidate_1,candidate_3,candidate_5,candidate_2,5,0.028000000000000004
215,candidate_4,candidate_1,candidate_3,0,candidate_2,5,0.028000000000000004
216,candidate_4,candidate_1,candidate_3,candidate_5,candidate_2,5,0.028000000000000004
217,candidate_4,candidate_1,candidate_3,candidate_5,candidate_2,5,0.028000000000000004
218,candidate_4,candidate_1,candidate_3,candidate_5,candidate_2,5,0.028000000000000004
219,candidate_4,candidate_1,candidate_3,candidate_5,candidate_2,5,0.028000000000000004
220,candidate_4,candidate_1,candidate_3,candidate_5,candidate_2,5,0.028000000000000004
221,candidate_4,candidate_1,candidate_3,candidate_5,candidate_2,5,0.028000000000000004
222,candidate_4,candidate_1,candidate_3,candidate_5,candidate_2,5,0.028000000000000004
223,candidate_4,candidate_1,candidate_3,candidate_5,candidate_2,5,0.028000000000000004
224,candidate_4,candidate_1,candidate_3,candidate_5,candidate_2,5,0.028000000000000004
225,candidate_4,candidate_1,candidate_3,candidate_5,candidate_2,5,0.028000000000000004
226,candidate_4,candidate_1,candidate_3,candidate_5,candidate_2,5,0.028000000000000004
227,candidate_4,candidate_1,candidate_3,candidate_5,candidate_2,5,0.028000000000000004
228,candidate_4,candidate_1,candidate_3,candidate_5,candidate_2,5,0.028000000000000004
229,candidate_4,candidate_1,candidate_3,candidate_5,candidate_2,5,0.028000000000000004
230,candidate_4,candidate_1,candidate_3,candidate_5,candidate_2,5,0.028000000000000004
231,candidate_4,candidate_1,candidate_3,candidate_5,candidate_2,5,0.028000000000000004
232,candidate_4,candidate_1,candidate_3,candidate_5,candidate_2,5,0.028000000000000004
233,candidate_4,candidate_1,candidate_3,candidate_5,candidate_2,5,0.028000000000000004
234,0,candidate_1,candidate_3,candidate_5,candidate_2,5,0.028000000000000004
235,candidate_4,candidate_1,candidate_3,candidate_5,candidate_2,5,0.028000000000000004
236,candidate_4,candidate_1,candidate_3,candidate_5,candidate_2,5,0.028000000000000004
237,candidate_4,candidate_1,candidate_3,candidate_5,candidate_2,5,0.028000000000000004
238,candidate_4,candidate_1,candidate_3,candidate_5,candidate_2,5,0.028000000000000004
239,candidate_4,candidate_1,candidate_3,candidate_5,candidate_2,5,0.028000000000000004
240,candidate_4,candidate_1,candidate_3,candidate_5,candidate_2,5,0.028000000000000004
241,candidate_4,candidate_1,candidate_3,candidate_5,candidate_2,5,0.028000000000000004
242,candidate_4,candidate_1,candidate_3,candidate_5,candidate_2,5,0.028000000000000004
243,candidate_4,candidate_1,candidate_3,candidate_5,candidate_2,5,0.028000000000000004
244,candidate_4,candidate_1,candidate_3,candidate_5,candidate_2,5,0.028000000000000004
245,candidate_4,candidate_1,candidate_3,candidate_5,candidate_2,5,0.028000000000000004
246,candidate_4,candidate_1,candidate_3,candidate_5,candidate_2,5,0.028000000000000004
247,candidate_4,candidate_1,candidate_3,candidate_5,candidate_2,5,0.028000000000000004
248,candidate_4,candidate_1,candidate_3,candidate_5,candidate_2,5,0.028000000000000004
249,candidate_4,candidate_1,candidate_3,candidate_5,candidate_2,5,0.028000000000000004
250,candidate_4,candidate_1,candidate_3,candidate_5,candidate_2,5,0.028000000000000004
251,candidate_4,0,candidate_3,candidate_5,candidate_2,5,0.028000000000000004
252,candidate_4,candidate_1,candidate_3,candidate_5,candidate_2,5,0.028000000000000004
253,candidate_4,candidate_1,candidate_3,candidate_5,candidate_2,5,0.028000000000000004
254,candidate_4,candidate_1,candidate_3,candidate_5,candidate_2,5,0.028000000000000004
255,candidate_4,candidate_1,candidate_3,candidate_5,candidate_2,5,0.028000000000000004
256,candidate_4,candidate_1,candidate_3,candidate_5,candidate_2,5,0.028000000000000004
257,candidate_4,candidate_1,candidate_3,candidate_5,candidate_2,5,0.028000000000000004
258,candidate_4,candidate_1,candidate_3,candidate_5,candidate_2,5,0.028000000000000004
259,candidate_4,candidate_1,candidate_3,candidate_5,candidate_2,5,0.028000000000000004
260,candidate_4,candidate_1,candidate_3,candidate_5,candidate_2,5,0.028000000000000004
261,candidate_4,candidate_1,candidate_3,candidate_5,candidate_2,5,0.028000000000000004
262,candidate_4,candidate_1,candidate_3,candidate_5,candidate_2,5,0.028000000000000004
263,candidate_4,candidate_1,candidate_3,candidate_5,candidate_2,5,0.028000000000000004
264,candidate_4,candidate_1,candidate_3,candidate_5,candidate_2,5,0.028000000000000004
265,candidate_4,candidate_1,candidate_3,candidate_5,candidate_2,5,0.028000000000000004
266,candidate_4,candidate_1,candidate_3,candidate_5,candidate_2,5,0.028000000000000004
267,candidate_4,candidate_1,candidate_3,candidate_5,candidate_2,5,0.028000000000000004
268,candidate_4,candidate_1,candidate_3,candidate_5,candidate_2,5,0.028000000000000004
269,candidate_4,candidate_1,candidate_3,candidate_5,candidate_2,5,0.028000000000000004
270,candidate_4,candidate_1,candidate_3,candidate_5,candidate_2,5,0.028000000000000004
271,0,candidate_1,candidate_3,0,candidate_2,5,0.028000000000000004
272,candidate_4,candidate_1,0,0,candidate_2,5,0.028000000000000004
273,0,candidate_1,candidate_3,candidate_5,candidate_2,5,0.028000000000000004
274,candidate_4,candidate_1,candidate_3,candidate_5,candidate_2,5,0.028000000000000004
275,candidate_4,candidate_1,candidate_3,candidate_5,candidate_2,5,0.028000000000000004
276,candidate_4,candidate_1,candidate_3,candidate_5,candidate_2,5,0.028000000000000004
277,candidate_4,candidate_1,candidate_3,candidate_5,candidate_2,5,0.028000000000000004
278,candidate_4,candidate_1,candidate_3,candidate_5,candidate_2,5,0.028000000000000004
279,candidate_4,candidate_1,candidate_3,candidate_5,candidate_2,5,0.028000000000000004
280,candidate_4,candidate_1,candidate_3,candidate_5,candidate_2,5,0.028000000000000004
281,candidate_4,candidate_1,candidate_3,candidate_5,candidate_2,5,0.028000000000000004
282,candidate_4,candidate_1,candidate_3,candidate_5,candidate_2,5,0.028000000000000004
283,candidate_4,candidate_1,candidate_3,candidate_5,candidate_2,5,0.028000000000000004
284,candidate_4,candidate_1,candidate_3,candidate_5,candidate_2,5,0.028000000000000004
285,candidate_4,candidate_1,candidate_3,candidate_5,candidate_2,5,0.028000000000000004
286,candidate_4,candidate_1,candidate_3,candidate_5,0,5,0.028000000000000004
287,candidate_4,candidate_1,candidate_3,candidate_5,candidate_2,5,0.028000000000000004
288,candidate_4,candidate_1,candidate_3,candidate_5,candidate_2,5,0.028000000000000004
289,candidate_4,candidate_1,candidate_3,candidate_5,candidate_2,5,0.028000000000000004
290,candidate_4,candidate_1,candidate_3,candidate_5,candidate_2,5,0.028000000000000004
291,candidate_4,candidate_1,candidate_3,candidate_5,candidate_2,5,0.028000000000000004
292,candidate_4,candidate_1,candidate_3,0,candidate_2,5,0.028000000000000004
293,candidate_4,candidate_1,candidate_3,candidate_5,candidate_2,5,0.028000000000000004
294,candidate_4,candidate_1,candidate_3,candidate_5,candidate_2,5,0.028000000000000004
295,candidate_4,candidate_1,candidate_3,candidate_5,candidate_2,5,0.028000000000000004
296,candidate_4,candidate_1,candidate_3,candidate_5,candidate_2,5,0.028000000000000004
297,candidate_4,candidate_1,candidate_3,candidate_5,candidate_2,5,0.028000000000000004
298,candidate_4,candidate_1,candidate_3,candidate_5,candidate_2,5,0.028000000000000004
299,candidate_4,candidate_1,candidate_3,candidate_5,candidate_2,5,0.028000000000000004
300,candidate_4,candidate_1,candidate_3,candidate_5,candidate_2,5,0.028000000000000004
301,candidate_4,candidate_1,candidate_3,candidate_5,candidate_2,5,0.028000000000000004
302,candidate_4,candidate_1,candidate_3,candidate_5,candidate_2,5,0.028000000000000004
303,candidate_4,candidate_1,candidate_3,candidate_5,candidate_2,5,0.028000000000000004
304,candidate_4,candidate_1,candidate_3,candidate_5,candidate_2,5,0.028000000000000004
305,candidate_4,candidate_1,candidate_3,candidate_5,candidate_2,5,0.028000000000000004
306,candidate_4,candidate_1,candidate_3,candidate_5,candidate_2,5,0.028000000000000004
307,candidate_4,candidate_1,candidate_3,candidate_5,candidate_2,5,0.028000000000000004
308,candidate_4,candidate_1,candidate_3,candidate_5,candidate_2,5,0.028000000000000004
309,candidate_4,candidate_1,candidate_3,candidate_5,candidate_2,5,0.028000000000000004
310,0,candidate_1,candidate_3,candidate_5,candidate_2,5,0.028000000000000004
311,candidate_4,candidate_1,candidate_3,candidate_5,candidate_2,5,0.028000000000000004
312,candidate_4,candidate_1,candidate_3,candidate_5,candidate_2,5,0.028000000000000004
313,candidate_4,candidate_1,candidate_3,candidate_5,candidate_2,5,0.028000000000000004
314,candidate_4,candidate_1,candidate_3,candidate_5,candidate_2,5,0.028000000000000004
315,candidate_4,candidate_1,candidate_3,candidate_5,candidate_2,5,0.028000000000000004
316,candidate_4,candidate_1,candidate_3,candidate_5,candidate_2,5,0.028000000000000004
317,candidate_4,candidate_1,candidate_3,candidate_5,candidate_2,5,0.028000000000000004
318,candidate_4,candidate_1,candidate_3,candidate_5,0,5,0.028000000000000004
319,candidate_4,0,candidate_3,candidate_5,candidate_2,5,0.028000000000000004
320,candidate_4,candidate_1,candidate_3,candidate_5,candidate_2,5,0.028000000000000004
321,candidate_4,candidate_1,candidate_3,candidate_5,candidate_2,5,0.028000000000000004
322,candidate_4,candidate_1,candidate_3,candidate_5,candidate_2,5,0.028000000000000004
323,candidate_4,candidate_1,candidate_3,candidate_5,candidate_2,5,0.028000000000000004
324,candidate_4,candidate_1,candidate_3,0,candidate_2,5,0.028000000000000004
325,candidate_4,candidate_1,candidate_3,candidate_5,candidate_2,5,0.028000000000000004
326,candidate_4,candidate_1,candidate_3,candidate_5,candidate_2,5,0.028000000000000004
327,candidate_4,candidate_1,candidate_3,candidate_5,candidate_2,5,0.028000000000000004
328,candidate_4,candidate_1,candidate_3,candidate_5,candidate_2,5,0.028000000000000004
329,candidate_4,candidate_1,candidate_3,candidate_5,candidate_2,5,0.028000000000000004
330,candidate_4,candidate_1,candidate_3,candidate_5,candidate_2,5,0.028000000000000004
331,candidate_4,0,candidate_3,candidate_5,candidate_2,5,0.028000000000000004
332,candidate_4,candidate_1,candidate_3,candidate_5,candidate_2,5,0.028000000000000004
333,candidate_4,candidate_1,candidate_3,candidate_5,candidate_2,5,0.028000000000000004
334,candidate_4,candidate_1,candidate_3,candidate_5,candidate_2,5,0.028000000000000004
335,candidate_4,candidate_1,candidate_3,candidate_5,candidate_2,5,0.028000000000000004
336,candidate_4,candidate_1,candidate_3,candidate_5,candidate_2,5,0.028000000000000004
337,candidate_4,candidate_1,candidate_3,candidate_5,candidate_2,5,0.028000000000000004
338,candidate_4,candidate_1,candidate_3,candidate_5,candidate_2,5,0.028000000000000004
339,candidate_4,candidate_1,0,candidate_5,candidate_2,5,0.028000000000000004
340,candidate_4,candidate_1,candidate_3,candidate_5,candidate_2,5,0.028000000000000004
341,candidate_4,candidate_1,candidate_3,candidate_5,candidate_2,5,0.028000000000000004
342,candidate_4,candidate_1,candidate_3,candidate_5,candidate_2,5,0.028000000000000004
343,candidate_4,candidate_1,candidate_3,candidate_5,candidate_2,5,0.028000000000000004
344,candidate_4,candidate_1,candidate_3,candidate_5,candidate_2,5,0.028000000000000004
345,candidate_4,candidate_1,candidate_3,candidate_5,candidate_2,5,0.028000000000000004
346,candidate_4,candidate_1,candidate_3,candidate_5,candidate_2,5,0.028000000000000004
347,candidate_4,candidate_1,candidate_3,candidate_5,candidate_2,5,0.028000000000000004
348,candidate_4,candidate_1,candidate_3,candidate_5,candidate_2,5,0.028000000000000004
349,candidate_4,candidate_1,candidate_3,candidate_5,candidate_2,5,0.028000000000000004
350,candidate_4,0,candidate_3,candidate_5,candidate_2,5,0.028000000000000004
351,candidate_4,candidate_1,candidate_3,candidate_5,candidate_2,5,0.028000000000000004
352,candidate_4,candidate_1,candidate_3,candidate_5,candidate_2,5,0.028000000000000004
353,candidate_4,candidate_1,candidate_3,candidate_5,candidate_2,5,0.028000000000000004
354,candidate_4,candidate_1,candidate_3,candidate_5,candidate_2,5,0.028000000000000004
355,candidate_4,candidate_1,candidate_3,candidate_5,0,5,0.028000000000000004
356,candidate_4,candidate_1,candidate_3,candidate_5,candidate_2,5,0.028000000000000004
357,candidate_4,candidate_1,candidate_3,candidate_5,candidate_2,5,0.028000000000000004
358,candidate_4,candidate_1,candidate_3,candidate_5,candidate_2,5,0.028000000000000004
359,candidate_4,candidate_1,candidate_3,candidate_5,candidate_2,5,0.028000000000000004
360,candidate_4,candidate_1,candidate_3,candidate_5,candidate_2,5,0.028000000000000004
361,candidate_4,candidate_1,candidate_3,candidate_5,candidate_2,5,0.028000000000000004
362,candidate_4,candidate_1,candidate_3,candidate_5,candidate_2,5,0.028000000000000004
363,candidate_4,candidate_1,candidate_3,candidate_5,candidate_2,5,0.028000000000000004
364,candidate_4,candidate_1,candidate_3,candidate_5,candidate_2,5,0.028000000000000004
365,0,candidate_1,candidate_3,candidate_5,candidate_2,5,0.028000000000000004
366,candidate_4,candidate_1,candidate_3,candidate_5,candidate_2,5,0.028000000000000004
367,candidate_4,candidate_1,candidate_3,candidate_5,candidate_2,5,0.028000000000000004
368,candidate_4,candidate_1,candidate_3,candidate_5,candidate_2,5,0.028000000000000004
369,candidate_4,candidate_1,candidate_3,candidate_5,candidate_2,5,0.028000000000000004
370,candidate_4,candidate_1,candidate_3,candidate_5,candidate_2,5,0.028000000000000004
371,candidate_4,candidate_1,candidate_3,candidate_5,candidate_2,5,0.028000000000000004
372,candidate_4,candidate_1,candidate_3,candidate_5,candidate_2,5,0.028000000000000004
373,candidate_4,candidate_1,candidate_3,candidate_5,candidate_2,5,0.028000000000000004
374,candidate_4,candidate_1,candidate_3,candidate_5,candidate_2,5,0.028000000000000004
375,candidate_4,candidate_1,candidate_3,candidate_5,candidate_2,5,0.028000000000000004
376,candidate_4,candidate_1,candidate_3,candidate_5,candidate_2,5,0.028000000000000004
377,candidate_4,candidate_1,candidate_3,candidate_5,candidate_2,5,0.028000000000000004
378,candidate_4,candidate_1,candidate_3,candidate_5,candidate_2,5,0.028000000000000004
379,candidate_4,candidate_1,candidate_3,candidate_5,candidate_2,5,0.028000000000000004
380,candidate_4,candidate_1,candidate_3,candidate_5,candidate_2,5,0.028000000000000004
381,candidate_4,candidate_1,candidate_3,candidate_5,candidate_2,5,0.028000000000000004
382,candidate_4,candidate_1,candidate_3,candidate_5,candidate_2,5,0.028000000000000004
383,candidate_4,candidate_1,candidate_3,candidate_5,candidate_2,5,0.028000000000000004
384,candidate_4,candidate_1,candidate_3,candidate_5,candidate_2,5,0.028000000000000004
385,candidate_4,candidate_1,candidate_3,candidate_5,candidate_2,5,0.028000000000000004
386,candidate_4,candidate_1,candidate_3,candidate_5,candidate_2,5,0.028000000000000004
387,candidate_4,candidate_1,candidate_3,candidate_5,candidate_2,5,0.028000000000000004
388,candidate_4,candidate_1,candidate_3,candidate_5,candidate_2,5,0.028000000000000004
389,candidate_4,candidate_1,candidate_3,candidate_5,candidate_2,5,0.028000000000000004
390,candidate_4,candidate_1,candidate_3,candidate_5,candidate_2,5,0.028000000000000004
391,candidate_4,candidate_1,0,candidate_5,candidate_2,5,0.028000000000000004
392,candidate_4,candidate_1,candidate_3,candidate_5,candidate_2,5,0.028000000000000004
393,candidate_4,candidate_1,candidate_3,candidate_5,candidate_2,5,0.028000000000000004
394,candidate_4,candidate_1,candidate_3,candidate_5,candidate_2,5,0.028000000000000004
395,candidate_4,candidate_1,candidate_3,candidate_5,candidate_2,5,0.028000000000000004
396,candidate_4,candidate_1,candidate_3,candidate_5,candidate_2,5,0.028000000000000004
397,candidate_4,candidate_1,candidate_3,candidate_5,candidate_2,5,0.028000000000000004
398,candidate_4,candidate_1,candidate_3,candidate_5,candidate_2,5,0.028000000000000004
399,candidate_4,candidate_1,candidate_3,candidate_5,candidate_2,5,0.028000000000000004
400,candidate_4,candidate_1,candidate_3,candidate_5,candidate_2,5,0.028000000000000004
401,candidate_4,candidate_1,candidate_3,candidate_5,0,5,0.028000000000000004
402,candidate_4,candidate_1,candidate_3,candidate_5,0,5,0.028000000000000004
403,candidate_4,candidate_1,candidate_3,candidate_5,candidate_2,5,0.028000000000000004
404,candidate_4,candidate_1,candidate_3,candidate_5,candidate_2,5,0.028000000000000004
405,candidate_4,candidate_1,candidate_3,candidate_5,candidate_2,5,0.028000000000000004
406,candidate_4,candidate_1,candidate_3,candidate_5,candidate_2,5,0.028000000000000004
407,candidate_4,candidate_1,candidate_3,candidate_5,candidate_2,5,0.028000000000000004
408,0,candidate_1,candidate_3,candidate_5,candidate_2,5,0.028000000000000004
409,candidate_4,candidate_1,candidate_3,candidate_5,candidate_2,5,0.028000000000000004
410,candidate_4,candidate_1,candidate_3,candidate_5,candidate_2,5,0.028000000000000004
411,candidate_4,candidate_1,candidate_3,candidate_5,candidate_2,5,0.028000000000000004
412,candidate_4,candidate_1,candidate_3,candidate_5,candidate_2,5,0.028000000000000004
413,candidate_4,candidate_1,candidate_3,candidate_5,candidate_2,5,0.028000000000000004
414,candidate_4,0,candidate_3,candidate_5,candidate_2,5,0.028000000000000004
415,candidate_4,0,candidate_3,candidate_5,candidate_2,5,0.028000000000000004
416,candidate_4,candidate_1,candidate_3,candidate_5,candidate_2,5,0.028000000000000004
417,candidate_4,candidate_1,candidate_3,candidate_5,candidate_2,5,0.028000000000000004
418,candidate_4,candidate_1,candidate_3,candidate_5,candidate_2,5,0.028000000000000004
419,candidate_4,candidate_1,candidate_3,candidate_5,candidate_2,5,0.028000000000000004
420,0,candidate_1,candidate_3,candidate_5,candidate_2,5,0.028000000000000004
421,candidate_4,candidate_1,candidate_3,candidate_5,candidate_2,5,0.028000000000000004
422,candidate_4,candidate_1,candidate_3,candidate_5,candidate_2,5,0.028000000000000004
423,candidate_4,candidate_1,candidate_3,candidate_5,candidate_2,5,0.028000000000000004
424,0,candidate_1,candidate_3,candidate_5,candidate_2,5,0.028000000000000004
425,candidate_4,candidate_1,candidate_3,candidate_5,candidate_2,5,0.028000000000000004
426,candidate_4,candidate_1,candidate_3,candidate_5,candidate_2,5,0.028000000000000004
427,candidate_4,candidate_1,candidate_3,candidate_5,candidate_2,5,0.028000000000000004
428,candidate_4,candidate_1,candidate_3,candidate_5,candidate_2,5,0.028000000000000004
429,candidate_4,candidate_1,candidate_3,candidate_5,candidate_2,5,0.028000000000000004
430,candidate_4,candidate_1,candidate_3,candidate_5,candidate_2,5,0.028000000000000004
431,candidate_4,candidate_1,candidate_3,candidate_5,candidate_2,5,0.028000000000000004
432,candidate_4,candidate_1,candidate_3,candidate_5,candidate_2,5,0.028000000000000004
433,candidate_4,candidate_1,candidate_3,candidate_5,candidate_2,5,0.028000000000000004
434,0,candidate_1,candidate_3,candidate_5,candidate_2,5,0.028000000000000004
435,candidate_4,candidate_1,candidate_3,candidate_5,candidate_2,5,0.028000000000000004
436,candidate_4,candidate_1,candidate_3,candidate_5,candidate_2,5,0.028000000000000004
437,candidate_4,candidate_1,candidate_3,candidate_5,candidate_2,5,0.028000000000000004
438,candidate_4,candidate_1,candidate_3,candidate_5,candidate_2,5,0.028000000000000004
439,candidate_4,candidate_1,candidate_3,candidate_5,candidate_2,5,0.028000000000000004
440,candidate_4,candidate_1,candidate_3,candidate_5,candidate_2,5,0.028000000000000004
441,candidate_4,candidate_1,candidate_3,candidate_5,candidate_2,5,0.028000000000000004
442,candidate_4,candidate_1,candidate_3,candidate_5,candidate_2,5,0.028000000000000004
443,candidate_4,candidate_1,candidate_3,candidate_5,candidate_2,5,0.028000000000000004
444,candidate_4,candidate_1,candidate_3,candidate_5,candidate_2,5,0.028000000000000004
445,candidate_4,candidate_1,candidate_3,candidate_5,candidate_2,5,0.028000000000000004
446,candidate_4,candidate_1,candidate_3,candidate_5,candidate_2,5,0.028000000000000004
447,candidate_4,candidate_1,candidate_3,candidate_5,candidate_2,5,0.028000000000000004
448,candidate_4,candidate_1,candidate_3,candidate_5,candidate_2,5,0.028000000000000004
449,candidate_4,candidate_1,candidate_3,candidate_5,candidate_2,5,0.028000000000000004
450,candidate_4,candidate_1,candidate_3,candidate_5,candidate_2,5,0.028000000000000004
451,candidate_4,candidate_1,candidate_3,candidate_5,candidate_2,5,0.028000000000000004
452,candidate_4,candidate_1,candidate_3,candidate_5,candidate_2,5,0.028000000000000004
453,candidate_4,0,candidate_3,candidate_5,candidate_2,5,0.028000000000000004
454,candidate_4,candidate_1,candidate_3,candidate_5,candidate_2,5,0.028000000000000004
455,candidate_4,candidate_1,candidate_3,candidate_5,candidate_2,5,0.028000000000000004
456,candidate_4,candidate_1,candidate_3,candidate_5,candidate_2,5,0.028000000000000004
457,candidate_4,candidate_1,candidate_3,candidate_5,candidate_2,5,0.028000000000000004
458,candidate_4,candidate_1,candidate_3,candidate_5,candidate_2,5,0.028000000000000004
459,candidate_4,candidate_1,candidate_3,candidate_5,candidate_2,5,0.028000000000000004
460,candidate_4,candidate_1,candidate_3,candidate_5,candidate_2,5,0.028000000000000004
461,candidate_4,candidate_1,candidate_3,candidate_5,candidate_2,5,0.028000000000000004
462,candidate_4,candidate_1,candidate_3,candidate_5,candidate_2,5,0.028000000000000004
463,candidate_4,candidate_1,candidate_3,candidate_5,candidate_2,5,0.028000000000000004
464,candidate_4,candidate_1,candidate_3,candidate_5,candidate_2,5,0.028000000000000004
465,candidate_4,candidate_1,candidate_3,candidate_5,candidate_2,5,0.028000000000000004
466,candidate_4,candidate_1,candidate_3,candidate_5,candidate_2,5,0.028000000000000004
467,candidate_4,candidate_1,candidate_3,candidate_5,candidate_2,5,0.028000000000000004
468,candidate_4,candidate_1,candidate_3,candidate_5,candidate_2,5,0.028000000000000004
469,candidate_4,candidate_1,candidate_3,candidate_5,candidate_2,5,0.028000000000000004
470,candidate_4,candidate_1,candidate_3,candidate_5,candidate_2,5,0.028000000000000004
471,candidate_4,candidate_1,candidate_3,candidate_5,candidate_2,5,0.028000000000000004
472,candidate_4,candidate_1,candidate_3,candidate_5,candidate_2,5,0.028000000000000004
473,candidate_4,candidate_1,candidate_3,candidate_5,candidate_2,5,0.028000000000000004
474,candidate_4,candidate_1,candidate_3,candidate_5,candidate_2,5,0.028000000000000004
475,candidate_4,candidate_1,candidate_3,candidate_5,candidate_2,5,0.028000000000000004
476,candidate_4,candidate_1,candidate_3,candidate_5,0,5,0.028000000000000004
477,candidate_4,candidate_1,candidate_3,candidate_5,candidate_2,5,0.028000000000000004
478,candidate_4,candidate_1,candidate_3,candidate_5,candidate_2,5,0.028000000000000004
479,candidate_4,candidate_1,candidate_3,candidate_5,candidate_2,5,0.028000000000000004
480,candidate_4,candidate_1,candidate_3,candidate_5,candidate_2,5,0.028000000000000004
481,0,candidate_1,candidate_3,candidate_5,candidate_2,5,0.028000000000000004
482,candidate_4,candidate_1,candidate_3,candidate_5,candidate_2,5,0.028000000000000004
483,candidate_4,candidate_1,candidate_3,candidate_5,candidate_2,5,0.028000000000000004
484,candidate_4,candidate_1,candidate_3,candidate_5,candidate_2,5,0.028000000000000004
485,candidate_4,candidate_1,candidate_3,candidate_5,candidate_2,5,0.028000000000000004
486,candidate_4,candidate_1,candidate_3,candidate_5,candidate_2,5,0.028000000000000004
487,candidate_4,candidate_1,candidate_3,candidate_5,candidate_2,5,0.028000000000000004
488,0,candidate_1,candidate_3,candidate_5,0,5,0.028000000000000004
489,candidate_4,candidate_1,candidate_3,candidate_5,candidate_2,5,0.028000000000000004
490,candidate_4,candidate_1,candidate_3,candidate_5,candidate_2,5,0.028000000000000004
491,candidate_4,candidate_1,candidate_3,candidate_5,candidate_2,5,0.028000000000000004
492,candidate_4,candidate_1,candidate_3,candidate_5,candidate_2,5,0.028000000000000004
493,candidate_4,candidate_1,candidate_3,candidate_5,0,5,0.028000000000000004
494,candidate_4,candidate_1,candidate_3,candidate_5,0,5,0.028000000000000004
495,candidate_4,candidate_1,candidate_3,candidate_5,candidate_2,5,0.028000000000000004
496,candidate_4,candidate_1,candidate_3,candidate_5,candidate_2,5,0.028000000000000004
497,candidate_4,0,candidate_3,candidate_5,candidate_2,5,0.028000000000000004
498,candidate_4,candidate_1,candidate_3,candidate_5,candidate_2,5,0.028000000000000004
499,candidate_4,candidate_1,candidate_3,candidate_5,candidate_2,5,0.028000000000000004
500,candidate_4,candidate_1,candidate_3,candidate_5,candidate_2,5,0.028000000000000004
501,candidate_4,candidate_1,candidate_3,candidate_5,candidate_2,5,0.028000000000000004
502,candidate_4,candidate_1,candidate_3,candidate_5,candidate_2,5,0.028000000000000004
503,candidate_4,candidate_1,candidate_3,candidate_5,candidate_2,5,0.028000000000000004
504,candidate_4,candidate_1,0,candidate_5,candidate_2,5,0.028000000000000004
505,candidate_4,0,candidate_3,candidate_5,candidate_2,5,0.028000000000000004
506,candidate_4,0,candidate_3,candidate_5,candidate_2,5,0.028000000000000004
507,candidate_4,candidate_1,candidate_3,candidate_5,candidate_2,5,0.028000000000000004
508,candidate_4,candidate_1,candidate_3,candidate_5,candidate_2,5,0.028000000000000004
509,candidate_4,candidate_1,candidate_3,candidate_5,candidate_2,5,0.028000000000000004
510,candidate_4,candidate_1,candidate_3,candidate_5,candidate_2,5,0.028000000000000004
511,candidate_4,candidate_1,candidate_3,candidate_5,candidate_2,5,0.028000000000000004
512,candidate_4,candidate_1,candidate_3,candidate_5,candidate_2,5,0.028000000000000004
513,candidate_4,candidate_1,candidate_3,candidate_5,candidate_2,5,0.028000000000000004
514,candidate_4,candidate_1,candidate_3,candidate_5,candidate_2,5,0.028000000000000004
515,candidate_4,candidate_1,candidate_3,candidate_5,candidate_2,5,0.028000000000000004
516,candidate_4,candidate_1,candidate_3,candidate_5,candidate_2,5,0.028000000000000004
517,candidate_4,candidate_1,candidate_3,candidate_5,candidate_2,5,0.028000000000000004
518,candidate_4,candidate_1,candidate_3,candidate_5,candidate_2,5,0.028000000000000004
519,candidate_4,candidate_1,0,candidate_5,candidate_2,5,0.028000000000000004
520,candidate_4,candidate_1,candidate_3,candidate_5,candidate_2,5,0.028000000000000004
521,candidate_4,candidate_1,candidate_3,candidate_5,candidate_2,5,0.028000000000000004
522,candidate_4,candidate_1,candidate_3,0,candidate_2,5,0.028000000000000004
523,candidate_4,candidate_1,candidate_3,candidate_5,candidate_2,5,0.028000000000000004
524,candidate_4,candidate_1,candidate_3,candidate_5,candidate_2,5,0.028000000000000004
525,candidate_4,candidate_1,candidate_3,candidate_5,candidate_2,5,0.028000000000000004
526,candidate_4,candidate_1,candidate_3,candidate_5,candidate_2,5,0.028000000000000004
527,candidate_4,candidate_1,candidate_3,candidate_5,candidate_2,5,0.028000000000000004
528,candidate_4,candidate_1,candidate_3,candidate_5,candidate_2,5,0.028000000000000004
529,candidate_4,candidate_1,candidate_3,candidate_5,candidate_2,5,0.028000000000000004
530,candidate_4,candidate_1,candidate_3,candidate_5,candidate_2,5,0.028000000000000004
531,candidate_4,candidate_1,candidate_3,candidate_5,candidate_2,5,0.028000000000000004
532,candidate_4,candidate_1,candidate_3,candidate_5,candidate_2,5,0.028000000000000004
533,candidate_4,candidate_1,candidate_3,0,candidate_2,5,0.028000000000000004
534,candidate_4,candidate_1,candidate_3,candidate_5,candidate_2,5,0.028000000000000004
535,candidate_4,candidate_1,candidate_3,candidate_5,candidate_2,5,0.028000000000000004
536,candidate_4,candidate_1,candidate_3,candidate_5,candidate_2,5,0.028000000000000004
537,candidate_4,candidate_1,candidate_3,candidate_5,candidate_2,5,0.028000000000000004
538,candidate_4,candidate_1,candidate_3,candidate_5,candidate_2,5,0.028000000000000004
539,candidate_4,candidate_1,candidate_3,candidate_5,candidate_2,5,0.028000000000000004
540,candidate_4,candidate_1,candidate_3,candidate_5,candidate_2,5,0.028000000000000004
541,candidate_4,candidate_1,candidate_3,candidate_5,candidate_2,5,0.028000000000000004
542,candidate_4,candidate_1,candidate_3,candidate_5,candidate_2,5,0.028000000000000004
543,candidate_4,candidate_1,candidate_3,candidate_5,candidate_2,5,0.028000000000000004
544,candidate_4,candidate_1,candidate_3,candidate_5,candidate_2,5,0.028000000000000004
545,candidate_4,candidate_1,candidate_3,candidate_5,candidate_2,5,0.028000000000000004
546,candidate_4,candidate_1,candidate_3,candidate_5,candidate_2,5,0.028000000000000004
547,candidate_4,candidate_1,candidate_3,candidate_5,candidate_2,5,0.028000000000000004
548,candidate_4,candidate_1,candidate_3,candidate_5,candidate_2,5,0.028000000000000004
549,candidate_4,candidate_1,candidate_3,candidate_5,candidate_2,5,0.028000000000000004
550,candidate_4,candidate_1,candidate_3,candidate_5,candidate_2,5,0.028000000000000004
551,candidate_4,candidate_1,candidate_3,candidate_5,candidate_2,5,0.028000000000000004
552,candidate_4,candidate_1,candidate_3,candidate_5,candidate_2,5,0.028000000000000004
553,candidate_4,candidate_1,0,candidate_5,candidate_2,5,0.028000000000000004
554,candidate_4,candidate_1,candidate_3,candidate_5,candidate_2,5,0.028000000000000004
555,candidate_4,0,candidate_3,candidate_5,candidate_2,5,0.028000000000000004
556,candidate_4,candidate_1,candidate_3,candidate_5,candidate_2,5,0.028000000000000004
557,candidate_4,candidate_1,candidate_3,candidate_5,candidate_2,5,0.028000000000000004
558,candidate_4,candidate_1,candidate_3,candidate_5,candidate_2,5,0.028000000000000004
559,candidate_4,candidate_1,candidate_3,candidate_5,candidate_2,5,0.028000000000000004
560,candidate_4,candidate_1,candidate_3,candidate_5,candidate_2,5,0.028000000000000004
561,candidate_4,candidate_1,candidate_3,candidate_5,candidate_2,5,0.028000000000000004
562,candidate_4,candidate_1,candidate_3,candidate_5,candidate_2,5,0.028000000000000004
563,candidate_4,candidate_1,candidate_3,candidate_5,candidate_2,5,0.028000000000000004
564,candidate_4,candidate_1,candidate_3,candidate_5,candidate_2,5,0.028000000000000004
565,candidate_4,candidate_1,candidate_3,candidate_5,candidate_2,5,0.028000000000000004
566,candidate_4,candidate_1,candidate_3,candidate_5,candidate_2,5,0.028000000000000004
567,candidate_4,candidate_1,candidate_3,candidate_5,candidate_2,5,0.028000000000000004
568,candidate_4,candidate_1,candidate_3,candidate_5,candidate_2,5,0.028000000000000004
569,candidate_4,candidate_1,candidate_3,candidate_5,candidate_2,5,0.028000000000000004
570,candidate_4,candidate_1,candidate_3,candidate_5,candidate_2,5,0.028000000000000004
571,candidate_4,candidate_1,candidate_3,candidate_5,candidate_2,5,0.028000000000000004
572,candidate_4,candidate_1,candidate_3,candidate_5,candidate_2,5,0.028000000000000004
573,candidate_4,candidate_1,candidate_3,candidate_5,candidate_2,5,0.028000000000000004
574,candidate_4,candidate_1,candidate_3,candidate_5,candidate_2,5,0.028000000000000004
575,candidate_4,candidate_1,candidate_3,candidate_5,candidate_2,5,0.028000000000000004
576,candidate_4,candidate_1,candidate_3,candidate_5,candidate_2,5,0.028000000000000004
577,candidate_4,candidate_1,candidate_3,candidate_5,candidate_2,5,0.028000000000000004
578,candidate_4,candidate_1,candidate_3,candidate_5,candidate_2,5,0.028000000000000004
579,candidate_4,candidate_1,candidate_3,candidate_5,candidate_2,5,0.028000000000000004
580,candidate_4,candidate_1,candidate_3,candidate_5,candidate_2,5,0.028000000000000004
581,candidate_4,candidate_1,candidate_3,candidate_5,candidate_2,5,0.028000000000000004
582,candidate_4,candidate_1,candidate_3,candidate_5,candidate_2,5,0.028000000000000004
583,candidate_4,candidate_1,candidate_3,candidate_5,candidate_2,5,0.028000000000000004
584,candidate_4,candidate_1,candidate_3,candidate_5,candidate_2,5,0.028000000000000004
585,candidate_4,candidate_1,candidate_3,candidate_5,candidate_2,5,0.028000000000000004
586,candidate_4,candidate_1,candidate_3,candidate_5,candidate_2,5,0.028000000000000004
587,candidate_4,candidate_1,candidate_3,candidate_5,candidate_2,5,0.028000000000000004
588,candidate_4,candidate_1,candidate_3,candidate_5,candidate_2,5,0.028000000000000004
589,candidate_4,candidate_1,candidate_3,candidate_5,0,5,0.028000000000000004
590,candidate_4,candidate_1,candidate_3,candidate_5,candidate_2,5,0.028000000000000004
591,candidate_4,candidate_1,candidate_3,candidate_5,candidate_2,5,0.028000000000000004
592,candidate_4,candidate_1,candidate_3,candidate_5,candidate_2,5,0.028000000000000004
593,0,candidate_1,candidate_3,candidate_5,candidate_2,5,0.028000000000000004
594,candidate_4,candidate_1,candidate_3,candidate_5,candidate_2,5,0.028000000000000004
595,candidate_4,candidate_1,candidate_3,candidate_5,candidate_2,5,0.028000000000000004
596,candidate_4,candidate_1,candidate_3,candidate_5,candidate_2,5,0.028000000000000004
0,candidate_4,candidate_1,candidate_5,candidate_2,candidate_3,5,0.028000000000000004
1,candidate_4,candidate_1,candidate_5,candidate_2,candidate_3,5,0.028000000000000004
2,candidate_4,candidate_1,candidate_5,candidate_2,candidate_3,5,0.028000000000000004
3,candidate_4,0,candidate_5,candidate_2,candidate_3,5,0.028000000000000004
4,candidate_4,candidate_1,candidate_5,candidate_2,candidate_3,5,0.028000000000000004
5,candidate_4,candidate_1,candidate_5,candidate_2,candidate_3,5,0.028000000000000004
6,candidate_4,candidate_1,0,candidate_2,0,5,0.028000000000000004
7,candidate_4,candidate_1,candidate_5,candidate_2,candidate_3,5,0.028000000000000004
8,0,candidate_1,candidate_5,candidate_2,candidate_3,5,0.028000000000000004
9,candidate_4,candidate_1,candidate_5,candidate_2,candidate_3,5,0.028000000000000004
10,candidate_4,candidate_1,candidate_5,candidate_2,candidate_3,5,0.028000000000000004
11,candidate_4,candidate_1,candidate_5,candidate_2,candidate_3,5,0.028000000000000004
12,candidate_4,candidate_1,candidate_5,candidate_2,candidate_3,5,0.028000000000000004
13,candidate_4,candidate_1,candidate_5,candidate_2,candidate_3,5,0.028000000000000004
14,candidate_4,candidate_1,candidate_5,candidate_2,candidate_3,5,0.028000000000000004
15,candidate_4,candidate_1,candidate_5,candidate_2,candidate_3,5,0.028000000000000004
16,candidate_4,candidate_1,0,candidate_2,candidate_3,5,0.028000000000000004
17,candidate_4,candidate_1,candidate_5,candidate_2,candidate_3,5,0.028000000000000004
18,candidate_4,candidate_1,candidate_5,candidate_2,candidate_3,5,0.028000000000000004
19,candidate_4,candidate_1,candidate_5,candidate_2,candidate_3,5,0.028000000000000004
20,candidate_4,candidate_1,0,candidate_2,candidate_3,5,0.028000000000000004
21,candidate_4,candidate_1,candidate_5,candidate_2,candidate_3,5,0.028000000000000004
22,candidate_4,candidate_1,candidate_5,candidate_2,candidate_3,5,0.028000000000000004
23,candidate_4,candidate_1,candidate_5,candidate_2,candidate_3,5,0.028000000000000004
24,candidate_4,candidate_1,candidate_5,candidate_2,candidate_3,5,0.028000000000000004
25,candidate_4,candidate_1,0,candidate_2,candidate_3,5,0.028000000000000004
26,candidate_4,candidate_1,candidate_5,candidate_2,candidate_3,5,0.028000000000000004
27,candidate_4,candidate_1,candidate_5,candidate_2,candidate_3,5,0.028000000000000004
28,candidate_4,candidate_1,candidate_5,candidate_2,candidate_3,5,0.028000000000000004
29,candidate_4,candidate_1,candidate_5,candidate_2,candidate_3,5,0.028000000000000004
30,candidate_4,candidate_1,candidate_5,candidate_2,candidate_3,5,0.028000000000000004
31,candidate_4,candidate_1,candidate_5,candidate_2,candidate_3,5,0.028000000000000004
32,candidate_4,candidate_1,candidate_5,candidate_2,candidate_3,5,0.028000000000000004
33,candidate_4,candidate_1,candidate_5,candidate_2,candidate_3,5,0.028000000000000004
34,candidate_4,candidate_1,candidate_5,candidate_2,candidate_3,5,0.028000000000000004
35,candidate_4,candidate_1,candidate_5,candidate_2,candidate_3,5,0.028000000000000004
36,candidate_4,candidate_1,candidate_5,candidate_2,candidate_3,5,0.028000000000000004
37,candidate_4,candidate_1,candidate_5,candidate_2,candidate_3,5,0.028000000000000004
38,candidate_4,candidate_1,candidate_5,candidate_2,candidate_3,5,0.028000000000000004
39,candidate_4,candidate_1,candidate_5,candidate_2,candidate_3,5,0.028000000000000004
40,candidate_4,candidate_1,candidate_5,candidate_2,candidate_3,5,0.028000000000000004
41,candidate_4,candidate_1,candidate_5,candidate_2,candidate_3,5,0.028000000000000004
42,candidate_4,candidate_1,candidate_5,0,candidate_3,5,0.028000000000000004
43,candidate_4,candidate_1,candidate_5,candidate_2,candidate_3,5,0.028000000000000004
44,candidate_4,candidate_1,candidate_5,candidate_2,candidate_3,5,0.028000000000000004
45,candidate_4,candidate_1,candidate_5,candidate_2,candidate_3,5,0.028000000000000004
46,candidate_4,candidate_1,candidate_5,candidate_2,candidate_3,5,0.028000000000000004
47,candidate_4,candidate_1,candidate_5,candidate_2,candidate_3,5,0.028000000000000004
48,candidate_4,candidate_1,candidate_5,candidate_2,candidate_3,5,0.028000000000000004
49,candidate_4,candidate_1,candidate_5,candidate_2,candidate_3,5,0.028000000000000004
50,candidate_4,candidate_1,candidate_5,candidate_2,candidate_3,5,0.028000000000000004
51,candidate_4,candidate_1,candidate_5,candidate_2,candidate_3,5,0.028000000000000004
52,candidate_4,candidate_1,candidate_5,candidate_2,0,5,0.028000000000000004
53,candidate_4,candidate_1,candidate_5,candidate_2,candidate_3,5,0.028000000000000004
54,candidate_4,candidate_1,candidate_5,candidate_2,candidate_3,5,0.028000000000000004
55,candidate_4,candidate_1,candidate_5,candidate_2,candidate_3,5,0.028000000000000004
56,candidate_4,candidate_1,candidate_5,candidate_2,candidate_3,5,0.028000000000000004
57,candidate_4,candidate_1,candidate_5,candidate_2,candidate_3,5,0.028000000000000004
58,candidate_4,candidate_1,candidate_5,candidate_2,candidate_3,5,0.028000000000000004
59,candidate_4,candidate_1,candidate_5,candidate_2,candidate_3,5,0.028000000000000004
60,candidate_4,candidate_1,candidate_5,candidate_2,candidate_3,5,0.028000000000000004
61,candidate_4,candidate_1,candidate_5,candidate_2,candidate_3,5,0.028000000000000004
62,candidate_4,candidate_1,candidate_5,candidate_2,candidate_3,5,0.028000000000000004
63,candidate_4,candidate_1,candidate_5,candidate_2,candidate_3,5,0.028000000000000004
64,candidate_4,candidate_1,candidate_5,candidate_2,candidate_3,5,0.028000000000000004
65,candidate_4,candidate_1,candidate_5,candidate_2,candidate_3,5,0.028000000000000004
66,candidate_4,candidate_1,candidate_5,candidate_2,candidate_3,5,0.028000000000000004
67,candidate_4,candidate_1,candidate_5,candidate_2,candidate_3,5,0.028000000000000004
68,candidate_4,candidate_1,candidate_5,candidate_2,candidate_3,5,0.028000000000000004
69,candidate_4,candidate_1,candidate_5,candidate_2,candidate_3,5,0.028000000000000004
70,candidate_4,candidate_1,candidate_5,candidate_2,candidate_3,5,0.028000000000000004
71,candidate_4,candidate_1,candidate_5,candidate_2,candidate_3,5,0.028000000000000004
72,candidate_4,candidate_1,candidate_5,candidate_2,candidate_3,5,0.028000000000000004
73,candidate_4,candidate_1,0,candidate_2,candidate_3,5,0.028000000000000004
74,candidate_4,candidate_1,candidate_5,candidate_2,candidate_3,5,0.028000000000000004
75,candidate_4,candidate_1,candidate_5,candidate_2,candidate_3,5,0.028000000000000004
76,candidate_4,candidate_1,candidate_5,candidate_2,candidate_3,5,0.028000000000000004
77,candidate_4,candidate_1,candidate_5,candidate_2,candidate_3,5,0.028000000000000004
78,candidate_4,candidate_1,candidate_5,candidate_2,candidate_3,5,0.028000000000000004
79,candidate_4,candidate_1,candidate_5,candidate_2,candidate_3,5,0.028000000000000004
80,candidate_4,candidate_1,candidate_5,candidate_2,candidate_3,5,0.028000000000000004
81,candidate_4,candidate_1,candidate_5,candidate_2,candidate_3,5,0.028000000000000004
82,candidate_4,candidate_1,candidate_5,candidate_2,candidate_3,5,0.028000000000000004
83,candidate_4,candidate_1,candidate_5,candidate_2,candidate_3,5,0.028000000000000004
84,candidate_4,candidate_1,candidate_5,candidate_2,candidate_3,5,0.028000000000000004
85,candidate_4,candidate_1,candidate_5,candidate_2,candidate_3,5,0.028000000000000004
0,candidate_4,0,candidate_5,candidate_3,candidate_2,5,0.028000000000000004
1,candidate_4,candidate_1,candidate_5,candidate_3,candidate_2,5,0.028000000000000004
2,candidate_4,candidate_1,candidate_5,candidate_3,candidate_2,5,0.028000000000000004
3,candidate_4,candidate_1,candidate_5,candidate_3,candidate_2,5,0.028000000000000004
4,candidate_4,candidate_1,candidate_5,candidate_3,candidate_2,5,0.028000000000000004
5,candidate_4,candidate_1,candidate_5,candidate_3,candidate_2,5,0.028000000000000004
6,candidate_4,candidate_1,0,candidate_3,candidate_2,5,0.028000000000000004
7,candidate_4,candidate_1,candidate_5,candidate_3,candidate_2,5,0.028000000000000004
8,candidate_4,candidate_1,candidate_5,candidate_3,candidate_2,5,0.028000000000000004
9,candidate_4,candidate_1,candidate_5,candidate_3,candidate_2,5,0.028000000000000004
10,candidate_4,candidate_1,candidate_5,candidate_3,candidate_2,5,0.028000000000000004
11,candidate_4,candidate_1,candidate_5,candidate_3,candidate_2,5,0.028000000000000004
12,candidate_4,candidate_1,candidate_5,candidate_3,candidate_2,5,0.028000000000000004
13,candidate_4,candidate_1,candidate_5,candidate_3,candidate_2,5,0.028000000000000004
14,0,candidate_1,candidate_5,candidate_3,candidate_2,5,0.028000000000000004
15,candidate_4,candidate_1,candidate_5,candidate_3,candidate_2,5,0.028000000000000004
16,candidate_4,candidate_1,candidate_5,candidate_3,candidate_2,5,0.028000000000000004
17,0,candidate_1,candidate_5,candidate_3,candidate_2,5,0.028000000000000004
18,candidate_4,candidate_1,candidate_5,candidate_3,candidate_2,5,0.028000000000000004
19,candidate_4,candidate_1,candidate_5,candidate_3,candidate_2,5,0.028000000000000004
20,candidate_4,candidate_1,candidate_5,candidate_3,candidate_2,5,0.028000000000000004
21,candidate_4,candidate_1,candidate_5,candidate_3,candidate_2,5,0.028000000000000004
22,candidate_4,candidate_1,candidate_5,candidate_3,candidate_2,5,0.028000000000000004
23,candidate_4,0,candidate_5,candidate_3,candidate_2,5,0.028000000000000004
24,candidate_4,candidate_1,candidate_5,candidate_3,0,5,0.028000000000000004
25,candidate_4,candidate_1,candidate_5,candidate_3,candidate_2,5,0.028000000000000004
26,candidate_4,candidate_1,candidate_5,candidate_3,candidate_2,5,0.028000000000000004
27,candidate_4,candidate_1,candidate_5,candidate_3,candidate_2,5,0.028000000000000004
28,candidate_4,candidate_1,candidate_5,candidate_3,candidate_2,5,0.028000000000000004
29,candidate_4,candidate_1,candidate_5,candidate_3,candidate_2,5,0.028000000000000004
30,candidate_4,candidate_1,candidate_5,candidate_3,candidate_2,5,0.028000000000000004
31,candidate_4,candidate_1,candidate_5,candidate_3,candidate_2,5,0.028000000000000004
32,candidate_4,candidate_1,candidate_5,candidate_3,candidate_2,5,0.028000000000000004
33,candidate_4,candidate_1,candidate_5,candidate_3,candidate_2,5,0.028000000000000004
34,candidate_4,candidate_1,candidate_5,candidate_3,candidate_2,5,0.028000000000000004
35,candidate_4,candidate_1,candidate_5,candidate_3,candidate_2,5,0.028000000000000004
36,candidate_4,candidate_1,candidate_5,candidate_3,candidate_2,5,0.028000000000000004
37,candidate_4,candidate_1,candidate_5,candidate_3,candidate_2,5,0.028000000000000004
38,candidate_4,candidate_1,candidate_5,candidate_3,candidate_2,5,0.028000000000000004
39,candidate_4,candidate_1,candidate_5,candidate_3,candidate_2,5,0.028000000000000004
40,candidate_4,candidate_1,candidate_5,candidate_3,candidate_2,5,0.028000000000000004
41,candidate_4,candidate_1,candidate_5,candidate_3,candidate_2,5,0.028000000000000004
42,candidate_4,candidate_1,candidate_5,candidate_3,candidate_2,5,0.028000000000000004
43,candidate_4,candidate_1,candidate_5,candidate_3,candidate_2,5,0.028000000000000004
44,candidate_4,candidate_1,candidate_5,candidate_3,candidate_2,5,0.028000000000000004
45,candidate_4,candidate_1,candidate_5,candidate_3,candidate_2,5,0.028000000000000004
46,candidate_4,candidate_1,candidate_5,candidate_3,candidate_2,5,0.028000000000000004
47,candidate_4,candidate_1,candidate_5,candidate_3,candidate_2,5,0.028000000000000004
48,candidate_4,candidate_1,candidate_5,candidate_3,0,5,0.028000000000000004
49,candidate_4,candidate_1,candidate_5,candidate_3,candidate_2,5,0.028000000000000004
50,candidate_4,candidate_1,candidate_5,candidate_3,candidate_2,5,0.028000000000000004
51,candidate_4,candidate_1,candidate_5,candidate_3,candidate_2,5,0.028000000000000004
52,candidate_4,candidate_1,candidate_5,candidate_3,candidate_2,5,0.028000000000000004
53,candidate_4,candidate_1,candidate_5,candidate_3,candidate_2,5,0.028000000000000004
54,candidate_4,candidate_1,candidate_5,candidate_3,candidate_2,5,0.028000000000000004
55,candidate_4,candidate_1,candidate_5,candidate_3,candidate_2,5,0.028000000000000004
56,candidate_4,0,candidate_5,candidate_3,candidate_2,5,0.028000000000000004
57,candidate_4,candidate_1,candidate_5,candidate_3,candidate_2,5,0.028000000000000004
58,candidate_4,candidate_1,candidate_5,candidate_3,candidate_2,5,0.028000000000000004
59,candidate_4,0,candidate_5,candidate_3,candidate_2,5,0.028000000000000004
60,candidate_4,candidate_1,candidate_5,candidate_3,candidate_2,5,0.028000000000000004
61,candidate_4,candidate_1,candidate_5,0,candidate_2,5,0.028000000000000004
62,candidate_4,candidate_1,candidate_5,candidate_3,candidate_2,5,0.028000000000000004
63,candidate_4,candidate_1,candidate_5,candidate_3,candidate_2,5,0.028000000000000004
64,candidate_4,candidate_1,candidate_5,candidate_3,candidate_2,5,0.028000000000000004
65,candidate_4,candidate_1,candidate_5,candidate_3,candidate_2,5,0.028000000000000004
66,candidate_4,candidate_1,candidate_5,candidate_3,candidate_2,5,0.028000000000000004
67,candidate_4,candidate_1,candidate_5,candidate_3,candidate_2,5,0.028000000000000004
68,candidate_4,candidate_1,candidate_5,candidate_3,candidate_2,5,0.028000000000000004
69,candidate_4,candidate_1,candidate_5,candidate_3,candidate_2,5,0.028000000000000004
70,candidate_4,candidate_1,candidate_5,candidate_3,candidate_2,5,0.028000000000000004
71,candidate_4,candidate_1,candidate_5,candidate_3,candidate_2,5,0.028000000000000004
72,candidate_4,candidate_1,0,0,candidate_2,5,0.028000000000000004
73,candidate_4,candidate_1,candidate_5,candidate_3,candidate_2,5,0.028000000000000004
0,candidate_4,candidate_2,candidate_1,candidate_3,candidate_5,5,0.028000000000000004
1,candidate_4,candidate_2,candidate_1,candidate_3,candidate_5,5,0.028000000000000004
2,candidate_4,candidate_2,candidate_1,candidate_3,candidate_5,5,0.028000000000000004
3,candidate_4,candidate_2,candidate_1,candidate_3,candidate_5,5,0.028000000000000004
4,candidate_4,candidate_2,candidate_1,candidate_3,candidate_5,5,0.028000000000000004
5,candidate_4,candidate_2,candidate_1,candidate_3,candidate_5,5,0.028000000000000004
6,candidate_4,candidate_2,candidate_1,candidate_3,candidate_5,5,0.028000000000000004
7,candidate_4,candidate_2,candidate_1,candidate_3,candidate_5,5,0.028000000000000004
8,candidate_4,candidate_2,candidate_1,candidate_3,candidate_5,5,0.028000000000000004
9,candidate_4,candidate_2,candidate_1,candidate_3,candidate_5,5,0.028000000000000004
10,candidate_4,candidate_2,candidate_1,candidate_3,candidate_5,5,0.028000000000000004
11,candidate_4,candidate_2,candidate_1,candidate_3,candidate_5,5,0.028000000000000004
12,candidate_4,candidate_2,candidate_1,candidate_3,candidate_5,5,0.028000000000000004
13,candidate_4,candidate_2,candidate_1,candidate_3,candidate_5,5,0.028000000000000004
14,candidate_4,candidate_2,candidate_1,candidate_3,candidate_5,5,0.028000000000000004
15,candidate_4,candidate_2,candidate_1,candidate_3,candidate_5,5,0.028000000000000004
16,candidate_4,candidate_2,candidate_1,candidate_3,candidate_5,5,0.028000000000000004
17,candidate_4,candidate_2,candidate_1,candidate_3,candidate_5,5,0.028000000000000004
18,candidate_4,candidate_2,candidate_1,candidate_3,candidate_5,5,0.028000000000000004
19,candidate_4,candidate_2,candidate_1,candidate_3,candidate_5,5,0.028000000000000004
20,candidate_4,candidate_2,candidate_1,candidate_3,candidate_5,5,0.028000000000000004
21,candidate_4,candidate_2,candidate_1,0,candidate_5,5,0.028000000000000004
22,candidate_4,candidate_2,candidate_1,candidate_3,candidate_5,5,0.028000000000000004
23,candidate_4,candidate_2,candidate_1,candidate_3,candidate_5,5,0.028000000000000004
24,candidate_4,candidate_2,candidate_1,candidate_3,candidate_5,5,0.028000000000000004
25,candidate_4,candidate_2,candidate_1,candidate_3,candidate_5,5,0.028000000000000004
26,candidate_4,candidate_2,candidate_1,candidate_3,candidate_5,5,0.028000000000000004
27,candidate_4,candidate_2,candidate_1,candidate_3,candidate_5,5,0.028000000000000004
28,candidate_4,candidate_2,candidate_1,candidate_3,candidate_5,5,0.028000000000000004
29,candidate_4,candidate_2,candidate_1,candidate_3,candidate_5,5,0.028000000000000004
30,candidate_4,candidate_2,candidate_1,candidate_3,candidate_5,5,0.028000000000000004
31,candidate_4,candidate_2,candidate_1,candidate_3,candidate_5,5,0.028000000000000004
32,candidate_4,candidate_2,candidate_1,candidate_3,candidate_5,5,0.028000000000000004
33,candidate_4,candidate_2,candidate_1,candidate_3,candidate_5,5,0.028000000000000004
34,candidate_4,candidate_2,candidate_1,candidate_3,candidate_5,5,0.028000000000000004
35,candidate_4,candidate_2,candidate_1,candidate_3,candidate_5,5,0.028000000000000004
36,candidate_4,candidate_2,candidate_1,candidate_3,candidate_5,5,0.028000000000000004
37,candidate_4,candidate_2,candidate_1,candidate_3,candidate_5,5,0.028000000000000004
38,candidate_4,candidate_2,candidate_1,candidate_3,candidate_5,5,0.028000000000000004
39,candidate_4,candidate_2,candidate_1,candidate_3,candidate_5,5,0.028000000000000004
40,candidate_4,candidate_2,candidate_1,candidate_3,candidate_5,5,0.028000000000000004
41,candidate_4,candidate_2,candidate_1,candidate_3,candidate_5,5,0.028000000000000004
42,candidate_4,candidate_2,candidate_1,candidate_3,candidate_5,5,0.028000000000000004
43,candidate_4,candidate_2,candidate_1,candidate_3,candidate_5,5,0.028000000000000004
44,candidate_4,candidate_2,0,candidate_3,candidate_5,5,0.028000000000000004
45,candidate_4,candidate_2,candidate_1,candidate_3,candidate_5,5,0.028000000000000004
46,candidate_4,candidate_2,candidate_1,candidate_3,candidate_5,5,0.028000000000000004
47,candidate_4,candidate_2,candidate_1,candidate_3,candidate_5,5,0.028000000000000004
48,candidate_4,candidate_2,candidate_1,candidate_3,candidate_5,5,0.028000000000000004
49,candidate_4,candidate_2,candidate_1,candidate_3,candidate_5,5,0.028000000000000004
50,candidate_4,candidate_2,candidate_1,candidate_3,candidate_5,5,0.028000000000000004
51,candidate_4,candidate_2,candidate_1,candidate_3,candidate_5,5,0.028000000000000004
52,candidate_4,candidate_2,candidate_1,candidate_3,candidate_5,5,0.028000000000000004
53,candidate_4,candidate_2,candidate_1,candidate_3,candidate_5,5,0.028000000000000004
54,0,candidate_2,candidate_1,candidate_3,candidate_5,5,0.028000000000000004
55,candidate_4,candidate_2,candidate_1,candidate_3,candidate_5,5,0.028000000000000004
56,candidate_4,candidate_2,candidate_1,candidate_3,candidate_5,5,0.028000000000000004
57,candidate_4,candidate_2,candidate_1,candidate_3,candidate_5,5,0.028000000000000004
58,candidate_4,candidate_2,candidate_1,candidate_3,candidate_5,5,0.028000000000000004
59,candidate_4,candidate_2,candidate_1,candidate_3,candidate_5,5,0.028000000000000004
60,candidate_4,candidate_2,candidate_1,candidate_3,candidate_5,5,0.028000000000000004
61,candidate_4,candidate_2,candidate_1,candidate_3,candidate_5,5,0.028000000000000004
62,candidate_4,candidate_2,candidate_1,candidate_3,candidate_5,5,0.028000000000000004
63,candidate_4,candidate_2,candidate_1,candidate_3,candidate_5,5,0.028000000000000004
64,candidate_4,candidate_2,candidate_1,candidate_3,candidate_5,5,0.028000000000000004
65,candidate_4,candidate_2,candidate_1,candidate_3,candidate_5,5,0.028000000000000004
66,candidate_4,candidate_2,candidate_1,candidate_3,candidate_5,5,0.028000000000000004
67,candidate_4,candidate_2,candidate_1,candidate_3,candidate_5,5,0.028000000000000004
68,candidate_4,candidate_2,candidate_1,candidate_3,candidate_5,5,0.028000000000000004
69,candidate_4,candidate_2,candidate_1,candidate_3,candidate_5,5,0.028000000000000004
70,candidate_4,candidate_2,candidate_1,candidate_3,candidate_5,5,0.028000000000000004
71,candidate_4,candidate_2,candidate_1,candidate_3,candidate_5,5,0.028000000000000004
72,candidate_4,candidate_2,candidate_1,candidate_3,candidate_5,5,0.028000000000000004
73,candidate_4,0,candidate_1,candidate_3,candidate_5,5,0.028000000000000004
74,candidate_4,candidate_2,candidate_1,candidate_3,candidate_5,5,0.028000000000000004
75,candidate_4,candidate_2,candidate_1,candidate_3,candidate_5,5,0.028000000000000004
76,candidate_4,candidate_2,candidate_1,candidate_3,candidate_5,5,0.028000000000000004
77,candidate_4,candidate_2,candidate_1,candidate_3,candidate_5,5,0.028000000000000004
78,candidate_4,candidate_2,candidate_1,candidate_3,candidate_5,5,0.028000000000000004
79,candidate_4,candidate_2,candidate_1,candidate_3,candidate_5,5,0.028000000000000004
80,candidate_4,candidate_2,0,candidate_3,candidate_5,5,0.028000000000000004
81,candidate_4,candidate_2,candidate_1,candidate_3,candidate_5,5,0.028000000000000004
82,candidate_4,candidate_2,candidate_1,candidate_3,candidate_5,5,0.028000000000000004
83,candidate_4,0,candidate_1,candidate_3,candidate_5,5,0.028000000000000004
84,candidate_4,candidate_2,0,candidate_3,candidate_5,5,0.028000000000000004
85,candidate_4,candidate_2,candidate_1,candidate_3,candidate_5,5,0.028000000000000004
86,candidate_4,candidate_2,candidate_1,candidate_3,candidate_5,5,0.028000000000000004
87,candidate_4,candidate_2,candidate_1,candidate_3,candidate_5,5,0.028000000000000004
88,candidate_4,candidate_2,candidate_1,candidate_3,candidate_5,5,0.028000000000000004
89,candidate_4,candidate_2,candidate_1,candidate_3,candidate_5,5,0.028000000000000004
90,candidate_4,candidate_2,candidate_1,0,candidate_5,5,0.028000000000000004
91,candidate_4,candidate_2,candidate_1,candidate_3,candidate_5,5,0.028000000000000004
92,candidate_4,candidate_2,candidate_1,candidate_3,candidate_5,5,0.028000000000000004
93,candidate_4,candidate_2,candidate_1,candidate_3,candidate_5,5,0.028000000000000004
94,candidate_4,candidate_2,candidate_1,candidate_3,candidate_5,5,0.028000000000000004
95,candidate_4,candidate_2,candidate_1,candidate_3,candidate_5,5,0.028000000000000004
96,candidate_4,candidate_2,candidate_1,candidate_3,candidate_5,5,0.028000000000000004
97,candidate_4,candidate_2,candidate_1,0,candidate_5,5,0.028000000000000004
98,candidate_4,candidate_2,candidate_1,candidate_3,candidate_5,5,0.028000000000000004
99,0,candidate_2,candidate_1,candidate_3,candidate_5,5,0.028000000000000004
100,candidate_4,candidate_2,candidate_1,candidate_3,candidate_5,5,0.028000000000000004
101,candidate_4,candidate_2,candidate_1,candidate_3,candidate_5,5,0.028000000000000004
102,0,candidate_2,candidate_1,candidate_3,candidate_5,5,0.028000000000000004
103,candidate_4,candidate_2,candidate_1,candidate_3,candidate_5,5,0.028000000000000004
104,candidate_4,candidate_2,candidate_1,candidate_3,candidate_5,5,0.028000000000000004
105,candidate_4,candidate_2,0,candidate_3,candidate_5,5,0.028000000000000004
106,candidate_4,candidate_2,candidate_1,candidate_3,candidate_5,5,0.028000000000000004
107,candidate_4,candidate_2,candidate_1,candidate_3,candidate_5,5,0.028000000000000004
108,candidate_4,candidate_2,candidate_1,candidate_3,candidate_5,5,0.028000000000000004
109,candidate_4,candidate_2,candidate_1,candidate_3,candidate_5,5,0.028000000000000004
110,candidate_4,candidate_2,candidate_1,candidate_3,candidate_5,5,0.028000000000000004
111,candidate_4,candidate_2,candidate_1,candidate_3,candidate_5,5,0.028000000000000004
112,candidate_4,0,candidate_1,candidate_3,candidate_5,5,0.028000000000000004
113,candidate_4,candidate_2,candidate_1,candidate_3,candidate_5,5,0.028000000000000004
114,candidate_4,candidate_2,candidate_1,candidate_3,candidate_5,5,0.028000000000000004
115,candidate_4,candidate_2,candidate_1,candidate_3,candidate_5,5,0.028000000000000004
116,candidate_4,candidate_2,candidate_1,candidate_3,candidate_5,5,0.028000000000000004
117,candidate_4,candidate_2,candidate_1,candidate_3,candidate_5,5,0.028000000000000004
118,candidate_4,candidate_2,candidate_1,candidate_3,candidate_5,5,0.028000000000000004
119,candidate_4,candidate_2,candidate_1,candidate_3,candidate_5,5,0.028000000000000004
120,candidate_4,candidate_2,candidate_1,candidate_3,candidate_5,5,0.028000000000000004
121,candidate_4,candidate_2,candidate_1,candidate_3,candidate_5,5,0.028000000000000004
122,candidate_4,candidate_2,candidate_1,candidate_3,candidate_5,5,0.028000000000000004
123,candidate_4,candidate_2,candidate_1,candidate_3,candidate_5,5,0.028000000000000004
124,candidate_4,candidate_2,candidate_1,candidate_3,candidate_5,5,0.028000000000000004
125,candidate_4,candidate_2,candidate_1,candidate_3,candidate_5,5,0.028000000000000004
126,candidate_4,candidate_2,candidate_1,candidate_3,candidate_5,5,0.028000000000000004
127,candidate_4,candidate_2,candidate_1,0,candidate_5,5,0.028000000000000004
128,candidate_4,candidate_2,candidate_1,candidate_3,candidate_5,5,0.028000000000000004
129,candidate_4,candidate_2,candidate_1,candidate_3,candidate_5,5,0.028000000000000004
130,candidate_4,candidate_2,candidate_1,candidate_3,candidate_5,5,0.028000000000000004
131,candidate_4,candidate_2,candidate_1,candidate_3,candidate_5,5,0.028000000000000004
132,candidate_4,candidate_2,candidate_1,candidate_3,candidate_5,5,0.028000000000000004
133,candidate_4,candidate_2,candidate_1,candidate_3,candidate_5,5,0.028000000000000004
134,candidate_4,candidate_2,candidate_1,candidate_3,candidate_5,5,0.028000000000000004
135,candidate_4,candidate_2,candidate_1,candidate_3,candidate_5,5,0.028000000000000004
136,candidate_4,0,candidate_1,candidate_3,candidate_5,5,0.028000000000000004
137,candidate_4,candidate_2,candidate_1,candidate_3,candidate_5,5,0.028000000000000004
138,candidate_4,candidate_2,candidate_1,candidate_3,candidate_5,5,0.028000000000000004
139,candidate_4,candidate_2,candidate_1,candidate_3,candidate_5,5,0.028000000000000004
140,candidate_4,candidate_2,candidate_1,candidate_3,candidate_5,5,0.028000000000000004
141,candidate_4,candidate_2,candidate_1,candidate_3,candidate_5,5,0.028000000000000004
142,candidate_4,candidate_2,candidate_1,candidate_3,candidate_5,5,0.028000000000000004
143,candidate_4,candidate_2,candidate_1,candidate_3,candidate_5,5,0.028000000000000004
144,candidate_4,candidate_2,candidate_1,candidate_3,candidate_5,5,0.028000000000000004
145,candidate_4,candidate_2,candidate_1,candidate_3,candidate_5,5,0.028000000000000004
146,candidate_4,candidate_2,candidate_1,candidate_3,candidate_5,5,0.028000000000000004
147,candidate_4,candidate_2,candidate_1,candidate_3,candidate_5,5,0.028000000000000004
148,candidate_4,candidate_2,candidate_1,candidate_3,candidate_5,5,0.028000000000000004
149,0,candidate_2,candidate_1,candidate_3,candidate_5,5,0.028000000000000004
150,candidate_4,candidate_2,candidate_1,candidate_3,candidate_5,5,0.028000000000000004
151,candidate_4,candidate_2,candidate_1,candidate_3,candidate_5,5,0.028000000000000004
152,candidate_4,candidate_2,candidate_1,candidate_3,candidate_5,5,0.028000000000000004
153,candidate_4,candidate_2,candidate_1,candidate_3,candidate_5,5,0.028000000000000004
154,candidate_4,candidate_2,candidate_1,candidate_3,candidate_5,5,0.028000000000000004
155,candidate_4,candidate_2,candidate_1,candidate_3,candidate_5,5,0.028000000000000004
156,candidate_4,candidate_2,candidate_1,candidate_3,candidate_5,5,0.028000000000000004
157,candidate_4,candidate_2,candidate_1,candidate_3,candidate_5,5,0.028000000000000004
158,candidate_4,candidate_2,candidate_1,candidate_3,candidate_5,5,0.028000000000000004
159,candidate_4,candidate_2,0,candidate_3,candidate_5,5,0.028000000000000004
160,candidate_4,candidate_2,candidate_1,candidate_3,candidate_5,5,0.028000000000000004
161,candidate_4,candidate_2,candidate_1,candidate_3,0,5,0.028000000000000004
162,candidate_4,candidate_2,candidate_1,candidate_3,candidate_5,5,0.028000000000000004
163,candidate_4,candidate_2,candidate_1,candidate_3,candidate_5,5,0.028000000000000004
164,candidate_4,candidate_2,candidate_1,candidate_3,candidate_5,5,0.028000000000000004
165,candidate_4,candidate_2,candidate_1,candidate_3,candidate_5,5,0.028000000000000004
166,candidate_4,candidate_2,candidate_1,candidate_3,candidate_5,5,0.028000000000000004
167,candidate_4,candidate_2,candidate_1,candidate_3,candidate_5,5,0.028000000000000004
168,candidate_4,candidate_2,candidate_1,candidate_3,candidate_5,5,0.028000000000000004
169,candidate_4,candidate_2,candidate_1,candidate_3,candidate_5,5,0.028000000000000004
170,candidate_4,candidate_2,candidate_1,candidate_3,candidate_5,5,0.028000000000000004
171,candidate_4,candidate_2,candidate_1,candidate_3,0,5,0.028000000000000004
172,candidate_4,candidate_2,candidate_1,candidate_3,candidate_5,5,0.028000000000000004
173,0,candidate_2,candidate_1,candidate_3,candidate_5,5,0.028000000000000004
174,candidate_4,candidate_2,candidate_1,candidate_3,candidate_5,5,0.028000000000000004
175,0,candidate_2,candidate_1,candidate_3,candidate_5,5,0.028000000000000004
176,candidate_4,candidate_2,candidate_1,candidate_3,candidate_5,5,0.028000000000000004
177,candidate_4,candidate_2,candidate_1,candidate_3,candidate_5,5,0.028000000000000004
178,candidate_4,candidate_2,candidate_1,0,candidate_5,5,0.028000000000000004
179,candidate_4,candidate_2,candidate_1,candidate_3,candidate_5,5,0.028000000000000004
180,candidate_4,candidate_2,candidate_1,candidate_3,candidate_5,5,0.028000000000000004
181,candidate_4,candidate_2,candidate_1,candidate_3,candidate_5,5,0.028000000000000004
182,candidate_4,candidate_2,candidate_1,candidate_3,candidate_5,5,0.028000000000000004
183,0,candidate_2,candidate_1,0,candidate_5,5,0.028000000000000004
184,candidate_4,candidate_2,candidate_1,candidate_3,0,5,0.028000000000000004
185,candidate_4,candidate_2,candidate_1,candidate_3,candidate_5,5,0.028000000000000004
186,candidate_4,candidate_2,candidate_1,candidate_3,candidate_5,5,0.028000000000000004
187,candidate_4,candidate_2,candidate_1,candidate_3,candidate_5,5,0.028000000000000004
188,candidate_4,candidate_2,candidate_1,candidate_3,candidate_5,5,0.028000000000000004
189,candidate_4,candidate_2,0,candidate_3,candidate_5,5,0.028000000000000004
190,candidate_4,candidate_2,candidate_1,candidate_3,candidate_5,5,0.028000000000000004
191,candidate_4,candidate_2,candidate_1,candidate_3,candidate_5,5,0.028000000000000004
192,candidate_4,0,0,candidate_3,candidate_5,5,0.028000000000000004
193,candidate_4,candidate_2,candidate_1,candidate_3,candidate_5,5,0.028000000000000004
194,candidate_4,candidate_2,candidate_1,candidate_3,candidate_5,5,0.028000000000000004
195,candidate_4,candidate_2,candidate_1,candidate_3,candidate_5,5,0.028000000000000004
196,candidate_4,candidate_2,candidate_1,candidate_3,candidate_5,5,0.028000000000000004
197,candidate_4,candidate_2,candidate_1,candidate_3,candidate_5,5,0.028000000000000004
198,candidate_4,candidate_2,candidate_1,candidate_3,candidate_5,5,0.028000000000000004
199,candidate_4,candidate_2,candidate_1,candidate_3,candidate_5,5,0.028000000000000004
200,candidate_4,candidate_2,candidate_1,candidate_3,candidate_5,5,0.028000000000000004
201,candidate_4,candidate_2,0,candidate_3,candidate_5,5,0.028000000000000004
202,candidate_4,candidate_2,candidate_1,candidate_3,candidate_5,5,0.028000000000000004
203,candidate_4,candidate_2,candidate_1,candidate_3,candidate_5,5,0.028000000000000004
204,candidate_4,candidate_2,candidate_1,candidate_3,candidate_5,5,0.028000000000000004
205,candidate_4,candidate_2,candidate_1,candidate_3,candidate_5,5,0.028000000000000004
206,candidate_4,candidate_2,candidate_1,candidate_3,candidate_5,5,0.028000000000000004
207,candidate_4,candidate_2,candidate_1,candidate_3,candidate_5,5,0.028000000000000004
208,candidate_4,candidate_2,candidate_1,candidate_3,candidate_5,5,0.028000000000000004
209,0,candidate_2,candidate_1,candidate_3,candidate_5,5,0.028000000000000004
210,0,candidate_2,0,candidate_3,candidate_5,5,0.028000000000000004
211,candidate_4,candidate_2,candidate_1,candidate_3,candidate_5,5,0.028000000000000004
212,candidate_4,candidate_2,candidate_1,candidate_3,candidate_5,5,0.028000000000000004
213,candidate_4,candidate_2,candidate_1,candidate_3,candidate_5,5,0.028000000000000004
214,candidate_4,candidate_2,candidate_1,candidate_3,candidate_5,5,0.028000000000000004
215,candidate_4,candidate_2,candidate_1,candidate_3,candidate_5,5,0.028000000000000004
216,candidate_4,candidate_2,candidate_1,candidate_3,candidate_5,5,0.028000000000000004
217,candidate_4,candidate_2,candidate_1,candidate_3,candidate_5,5,0.028000000000000004
218,candidate_4,candidate_2,candidate_1,candidate_3,candidate_5,5,0.028000000000000004
219,candidate_4,candidate_2,candidate_1,0,candidate_5,5,0.028000000000000004
220,candidate_4,candidate_2,candidate_1,candidate_3,candidate_5,5,0.028000000000000004
221,candidate_4,candidate_2,candidate_1,candidate_3,0,5,0.028000000000000004
222,candidate_4,candidate_2,candidate_1,candidate_3,candidate_5,5,0.028000000000000004
223,candidate_4,candidate_2,0,candidate_3,candidate_5,5,0.028000000000000004
224,candidate_4,candidate_2,candidate_1,candidate_3,candidate_5,5,0.028000000000000004
225,candidate_4,candidate_2,candidate_1,candidate_3,candidate_5,5,0.028000000000000004
226,candidate_4,candidate_2,candidate_1,candidate_3,candidate_5,5,0.028000000000000004
227,candidate_4,candidate_2,candidate_1,candidate_3,candidate_5,5,0.028000000000000004
228,candidate_4,candidate_2,candidate_1,candidate_3,candidate_5,5,0.028000000000000004
229,candidate_4,candidate_2,candidate_1,candidate_3,candidate_5,5,0.028000000000000004
230,candidate_4,candidate_2,candidate_1,candidate_3,candidate_5,5,0.028000000000000004
231,candidate_4,candidate_2,candidate_1,candidate_3,candidate_5,5,0.028000000000000004
232,candidate_4,candidate_2,candidate_1,candidate_3,candidate_5,5,0.028000000000000004
233,candidate_4,candidate_2,candidate_1,candidate_3,candidate_5,5,0.028000000000000004
234,0,candidate_2,candidate_1,candidate_3,candidate_5,5,0.028000000000000004
235,candidate_4,candidate_2,candidate_1,candidate_3,candidate_5,5,0.028000000000000004
236,candidate_4,candidate_2,candidate_1,candidate_3,candidate_5,5,0.028000000000000004
237,candidate_4,candidate_2,candidate_1,candidate_3,candidate_5,5,0.028000000000000004
238,candidate_4,candidate_2,candidate_1,candidate_3,candidate_5,5,0.028000000000000004
239,candidate_4,candidate_2,candidate_1,candidate_3,candidate_5,5,0.028000000000000004
240,candidate_4,candidate_2,candidate_1,candidate_3,candidate_5,5,0.028000000000000004
241,candidate_4,candidate_2,candidate_1,candidate_3,candidate_5,5,0.028000000000000004
242,candidate_4,candidate_2,candidate_1,candidate_3,candidate_5,5,0.028000000000000004
243,candidate_4,candidate_2,candidate_1,candidate_3,candidate_5,5,0.028000000000000004
244,candidate_4,candidate_2,candidate_1,candidate_3,candidate_5,5,0.028000000000000004
245,candidate_4,candidate_2,candidate_1,candidate_3,candidate_5,5,0.028000000000000004
246,candidate_4,candidate_2,candidate_1,candidate_3,candidate_5,5,0.028000000000000004
247,candidate_4,candidate_2,candidate_1,candidate_3,candidate_5,5,0.028000000000000004
248,candidate_4,candidate_2,candidate_1,candidate_3,candidate_5,5,0.028000000000000004
249,candidate_4,candidate_2,candidate_1,candidate_3,candidate_5,5,0.028000000000000004
250,candidate_4,0,candidate_1,candidate_3,candidate_5,5,0.028000000000000004
251,candidate_4,candidate_2,candidate_1,candidate_3,candidate_5,5,0.028000000000000004
252,candidate_4,candidate_2,candidate_1,candidate_3,candidate_5,5,0.028000000000000004
253,candidate_4,candidate_2,candidate_1,candidate_3,candidate_5,5,0.028000000000000004
254,candidate_4,candidate_2,candidate_1,candidate_3,candidate_5,5,0.028000000000000004
255,candidate_4,candidate_2,candidate_1,candidate_3,0,5,0.028000000000000004
256,candidate_4,candidate_2,candidate_1,candidate_3,candidate_5,5,0.028000000000000004
257,candidate_4,candidate_2,candidate_1,candidate_3,candidate_5,5,0.028000000000000004
258,candidate_4,0,candidate_1,candidate_3,candidate_5,5,0.028000000000000004
259,candidate_4,candidate_2,candidate_1,candidate_3,candidate_5,5,0.028000000000000004
260,candidate_4,candidate_2,candidate_1,candidate_3,candidate_5,5,0.028000000000000004
261,candidate_4,candidate_2,candidate_1,candidate_3,candidate_5,5,0.028000000000000004
262,candidate_4,candidate_2,candidate_1,candidate_3,candidate_5,5,0.028000000000000004
263,candidate_4,candidate_2,candidate_1,candidate_3,candidate_5,5,0.028000000000000004
264,candidate_4,candidate_2,candidate_1,candidate_3,candidate_5,5,0.028000000000000004
265,candidate_4,candidate_2,candidate_1,candidate_3,candidate_5,5,0.028000000000000004
266,candidate_4,candidate_2,0,0,candidate_5,5,0.028000000000000004
267,candidate_4,candidate_2,candidate_1,candidate_3,candidate_5,5,0.028000000000000004
268,candidate_4,candidate_2,candidate_1,candidate_3,candidate_5,5,0.028000000000000004
269,candidate_4,candidate_2,candidate_1,candidate_3,candidate_5,5,0.028000000000000004
270,candidate_4,candidate_2,candidate_1,candidate_3,candidate_5,5,0.028000000000000004
271,0,candidate_2,candidate_1,candidate_3,candidate_5,5,0.028000000000000004
272,candidate_4,candidate_2,candidate_1,candidate_3,candidate_5,5,0.028000000000000004
273,candidate_4,candidate_2,candidate_1,candidate_3,candidate_5,5,0.028000000000000004
274,candidate_4,candidate_2,candidate_1,candidate_3,candidate_5,5,0.028000000000000004
275,candidate_4,candidate_2,candidate_1,candidate_3,candidate_5,5,0.028000000000000004
276,candidate_4,candidate_2,candidate_1,candidate_3,candidate_5,5,0.028000000000000004
277,candidate_4,candidate_2,candidate_1,candidate_3,candidate_5,5,0.028000000000000004
278,candidate_4,candidate_2,candidate_1,candidate_3,candidate_5,5,0.028000000000000004
279,candidate_4,candidate_2,candidate_1,candidate_3,candidate_5,5,0.028000000000000004
280,candidate_4,candidate_2,candidate_1,candidate_3,candidate_5,5,0.028000000000000004
281,candidate_4,candidate_2,candidate_1,candidate_3,candidate_5,5,0.028000000000000004
282,candidate_4,candidate_2,candidate_1,candidate_3,candidate_5,5,0.028000000000000004
283,candidate_4,candidate_2,candidate_1,candidate_3,candidate_5,5,0.028000000000000004
284,candidate_4,candidate_2,candidate_1,candidate_3,candidate_5,5,0.028000000000000004
285,candidate_4,candidate_2,candidate_1,candidate_3,candidate_5,5,0.028000000000000004
286,candidate_4,candidate_2,candidate_1,candidate_3,candidate_5,5,0.028000000000000004
287,candidate_4,candidate_2,candidate_1,candidate_3,candidate_5,5,0.028000000000000004
288,candidate_4,candidate_2,candidate_1,candidate_3,candidate_5,5,0.028000000000000004
289,candidate_4,candidate_2,candidate_1,candidate_3,candidate_5,5,0.028000000000000004
290,candidate_4,candidate_2,candidate_1,candidate_3,candidate_5,5,0.028000000000000004
291,candidate_4,candidate_2,candidate_1,candidate_3,candidate_5,5,0.028000000000000004
292,candidate_4,candidate_2,candidate_1,candidate_3,0,5,0.028000000000000004
293,candidate_4,candidate_2,candidate_1,candidate_3,candidate_5,5,0.028000000000000004
294,candidate_4,candidate_2,candidate_1,candidate_3,candidate_5,5,0.028000000000000004
295,candidate_4,candidate_2,candidate_1,candidate_3,candidate_5,5,0.028000000000000004
296,candidate_4,candidate_2,candidate_1,candidate_3,candidate_5,5,0.028000000000000004
297,candidate_4,candidate_2,candidate_1,candidate_3,candidate_5,5,0.028000000000000004
298,candidate_4,candidate_2,candidate_1,candidate_3,candidate_5,5,0.028000000000000004
299,candidate_4,candidate_2,candidate_1,candidate_3,candidate_5,5,0.028000000000000004
300,candidate_4,candidate_2,candidate_1,candidate_3,candidate_5,5,0.028000000000000004
301,candidate_4,candidate_2,candidate_1,candidate_3,candidate_5,5,0.028000000000000004
302,candidate_4,candidate_2,candidate_1,candidate_3,candidate_5,5,0.028000000000000004
303,candidate_4,candidate_2,candidate_1,candidate_3,candidate_5,5,0.028000000000000004
304,candidate_4,candidate_2,candidate_1,candidate_3,candidate_5,5,0.028000000000000004
305,candidate_4,candidate_2,candidate_1,candidate_3,candidate_5,5,0.028000000000000004
306,candidate_4,0,candidate_1,candidate_3,candidate_5,5,0.028000000000000004
307,candidate_4,candidate_2,candidate_1,candidate_3,candidate_5,5,0.028000000000000004
308,candidate_4,candidate_2,candidate_1,candidate_3,candidate_5,5,0.028000000000000004
309,candidate_4,candidate_2,candidate_1,candidate_3,candidate_5,5,0.028000000000000004
310,candidate_4,candidate_2,candidate_1,candidate_3,candidate_5,5,0.028000000000000004
311,candidate_4,candidate_2,candidate_1,candidate_3,candidate_5,5,0.028000000000000004
312,candidate_4,candidate_2,0,candidate_3,candidate_5,5,0.028000000000000004
313,candidate_4,candidate_2,candidate_1,candidate_3,candidate_5,5,0.028000000000000004
314,candidate_4,candidate_2,candidate_1,candidate_3,candidate_5,5,0.028000000000000004
315,candidate_4,candidate_2,candidate_1,candidate_3,candidate_5,5,0.028000000000000004
316,candidate_4,candidate_2,candidate_1,candidate_3,candidate_5,5,0.028000000000000004
317,candidate_4,candidate_2,candidate_1,candidate_3,candidate_5,5,0.028000000000000004
318,candidate_4,candidate_2,candidate_1,candidate_3,candidate_5,5,0.028000000000000004
319,candidate_4,candidate_2,candidate_1,candidate_3,candidate_5,5,0.028000000000000004
320,candidate_4,candidate_2,candidate_1,candidate_3,candidate_5,5,0.028000000000000004
321,candidate_4,candidate_2,candidate_1,0,candidate_5,5,0.028000000000000004
322,candidate_4,candidate_2,candidate_1,candidate_3,candidate_5,5,0.028000000000000004
323,candidate_4,0,candidate_1,candidate_3,candidate_5,5,0.028000000000000004
324,candidate_4,candidate_2,candidate_1,candidate_3,candidate_5,5,0.028000000000000004
325,candidate_4,candidate_2,candidate_1,candidate_3,candidate_5,5,0.028000000000000004
326,candidate_4,candidate_2,candidate_1,candidate_3,candidate_5,5,0.028000000000000004
327,candidate_4,candidate_2,candidate_1,candidate_3,candidate_5,5,0.028000000000000004
328,candidate_4,candidate_2,candidate_1,candidate_3,candidate_5,5,0.028000000000000004
329,candidate_4,candidate_2,candidate_1,candidate_3,candidate_5,5,0.028000000000000004
330,candidate_4,candidate_2,candidate_1,candidate_3,candidate_5,5,0.028000000000000004
331,candidate_4,candidate_2,candidate_1,candidate_3,candidate_5,5,0.028000000000000004
332,candidate_4,candidate_2,candidate_1,candidate_3,candidate_5,5,0.028000000000000004
333,candidate_4,candidate_2,candidate_1,candidate_3,candidate_5,5,0.028000000000000004
334,candidate_4,candidate_2,candidate_1,candidate_3,candidate_5,5,0.028000000000000004
335,candidate_4,candidate_2,candidate_1,candidate_3,candidate_5,5,0.028000000000000004
336,candidate_4,candidate_2,candidate_1,candidate_3,candidate_5,5,0.028000000000000004
337,candidate_4,candidate_2,candidate_1,candidate_3,candidate_5,5,0.028000000000000004
338,candidate_4,candidate_2,candidate_1,candidate_3,candidate_5,5,0.028000000000000004
339,candidate_4,candidate_2,candidate_1,candidate_3,candidate_5,5,0.028000000000000004
340,candidate_4,candidate_2,candidate_1,candidate_3,candidate_5,5,0.028000000000000004
341,candidate_4,candidate_2,candidate_1,candidate_3,0,5,0.028000000000000004
342,candidate_4,candidate_2,candidate_1,candidate_3,candidate_5,5,0.028000000000000004
343,candidate_4,candidate_2,candidate_1,candidate_3,candidate_5,5,0.028000000000000004
344,candidate_4,candidate_2,candidate_1,candidate_3,candidate_5,5,0.028000000000000004
345,candidate_4,candidate_2,candidate_1,candidate_3,candidate_5,5,0.028000000000000004
346,candidate_4,candidate_2,candidate_1,candidate_3,candidate_5,5,0.028000000000000004
347,candidate_4,candidate_2,candidate_1,candidate_3,candidate_5,5,0.028000000000000004
348,candidate_4,candidate_2,candidate_1,candidate_3,0,5,0.028000000000000004
349,candidate_4,candidate_2,candidate_1,candidate_3,candidate_5,5,0.028000000000000004
350,candidate_4,candidate_2,candidate_1,candidate_3,candidate_5,5,0.028000000000000004
351,candidate_4,candidate_2,candidate_1,candidate_3,candidate_5,5,0.028000000000000004
352,candidate_4,candidate_2,candidate_1,candidate_3,candidate_5,5,0.028000000000000004
353,candidate_4,candidate_2,candidate_1,candidate_3,candidate_5,5,0.028000000000000004
354,candidate_4,candidate_2,candidate_1,candidate_3,candidate_5,5,0.028000000000000004
355,candidate_4,candidate_2,candidate_1,candidate_3,candidate_5,5,0.028000000000000004
356,candidate_4,candidate_2,candidate_1,candidate_3,candidate_5,5,0.028000000000000004
357,candidate_4,candidate_2,candidate_1,candidate_3,candidate_5,5,0.028000000000000004
358,candidate_4,candidate_2,candidate_1,candidate_3,candidate_5,5,0.028000000000000004
359,candidate_4,candidate_2,candidate_1,candidate_3,candidate_5,5,0.028000000000000004
360,candidate_4,candidate_2,candidate_1,candidate_3,candidate_5,5,0.028000000000000004
361,candidate_4,candidate_2,candidate_1,candidate_3,candidate_5,5,0.028000000000000004
362,candidate_4,candidate_2,candidate_1,candidate_3,candidate_5,5,0.028000000000000004
363,candidate_4,candidate_2,candidate_1,candidate_3,candidate_5,5,0.028000000000000004
364,candidate_4,candidate_2,candidate_1,candidate_3,candidate_5,5,0.028000000000000004
365,candidate_4,candidate_2,0,candidate_3,candidate_5,5,0.028000000000000004
366,candidate_4,candidate_2,candidate_1,candidate_3,candidate_5,5,0.028000000000000004
367,candidate_4,candidate_2,candidate_1,candidate_3,candidate_5,5,0.028000000000000004
368,candidate_4,candidate_2,0,candidate_3,candidate_5,5,0.028000000000000004
369,candidate_4,candidate_2,candidate_1,candidate_3,candidate_5,5,0.028000000000000004
370,candidate_4,candidate_2,candidate_1,candidate_3,candidate_5,5,0.028000000000000004
371,candidate_4,candidate_2,candidate_1,candidate_3,candidate_5,5,0.028000000000000004
372,candidate_4,candidate_2,candidate_1,candidate_3,candidate_5,5,0.028000000000000004
373,candidate_4,candidate_2,candidate_1,candidate_3,candidate_5,5,0.028000000000000004
374,candidate_4,candidate_2,candidate_1,candidate_3,candidate_5,5,0.028000000000000004
375,candidate_4,candidate_2,candidate_1,candidate_3,candidate_5,5,0.028000000000000004
376,candidate_4,candidate_2,candidate_1,candidate_3,candidate_5,5,0.028000000000000004
377,candidate_4,candidate_2,candidate_1,candidate_3,candidate_5,5,0.028000000000000004
378,0,candidate_2,candidate_1,candidate_3,candidate_5,5,0.028000000000000004
379,candidate_4,candidate_2,candidate_1,candidate_3,candidate_5,5,0.028000000000000004
380,candidate_4,candidate_2,candidate_1,0,candidate_5,5,0.028000000000000004
381,candidate_4,candidate_2,candidate_1,candidate_3,candidate_5,5,0.028000000000000004
382,candidate_4,candidate_2,candidate_1,candidate_3,candidate_5,5,0.028000000000000004
383,candidate_4,candidate_2,candidate_1,candidate_3,candidate_5,5,0.028000000000000004
384,candidate_4,candidate_2,candidate_1,candidate_3,candidate_5,5,0.028000000000000004
385,candidate_4,candidate_2,candidate_1,candidate_3,candidate_5,5,0.028000000000000004
386,candidate_4,candidate_2,candidate_1,candidate_3,candidate_5,5,0.028000000000000004
387,0,candidate_2,candidate_1,candidate_3,candidate_5,5,0.028000000000000004
388,candidate_4,candidate_2,candidate_1,candidate_3,candidate_5,5,0.028000000000000004
389,candidate_4,candidate_2,candidate_1,candidate_3,candidate_5,5,0.028000000000000004
390,candidate_4,candidate_2,candidate_1,candidate_3,candidate_5,5,0.028000000000000004
391,candidate_4,candidate_2,candidate_1,candidate_3,candidate_5,5,0.028000000000000004
392,candidate_4,candidate_2,candidate_1,0,candidate_5,5,0.028000000000000004
393,candidate_4,candidate_2,candidate_1,candidate_3,candidate_5,5,0.028000000000000004
394,candidate_4,candidate_2,candidate_1,candidate_3,candidate_5,5,0.028000000000000004
395,candidate_4,candidate_2,candidate_1,candidate_3,candidate_5,5,0.028000000000000004
396,candidate_4,candidate_2,candidate_1,candidate_3,candidate_5,5,0.028000000000000004
397,candidate_4,candidate_2,candidate_1,candidate_3,candidate_5,5,0.028000000000000004
398,candidate_4,candidate_2,candidate_1,candidate_3,candidate_5,5,0.028000000000000004
399,candidate_4,candidate_2,candidate_1,candidate_3,candidate_5,5,0.028000000000000004
400,candidate_4,candidate_2,candidate_1,candidate_3,candidate_5,5,0.028000000000000004
401,candidate_4,candidate_2,candidate_1,candidate_3,candidate_5,5,0.028000000000000004
402,candidate_4,candidate_2,candidate_1,candidate_3,candidate_5,5,0.028000000000000004
403,candidate_4,candidate_2,candidate_1,candidate_3,candidate_5,5,0.028000000000000004
404,candidate_4,candidate_2,candidate_1,candidate_3,candidate_5,5,0.028000000000000004
405,candidate_4,candidate_2,candidate_1,candidate_3,candidate_5,5,0.028000000000000004
406,candidate_4,candidate_2,candidate_1,candidate_3,candidate_5,5,0.028000000000000004
407,candidate_4,candidate_2,candidate_1,candidate_3,candidate_5,5,0.028000000000000004
408,candidate_4,candidate_2,candidate_1,candidate_3,candidate_5,5,0.028000000000000004
409,candidate_4,candidate_2,candidate_1,candidate_3,candidate_5,5,0.028000000000000004
410,candidate_4,candidate_2,candidate_1,candidate_3,candidate_5,5,0.028000000000000004
411,candidate_4,candidate_2,candidate_1,candidate_3,candidate_5,5,0.028000000000000004
412,candidate_4,candidate_2,candidate_1,candidate_3,candidate_5,5,0.028000000000000004
413,candidate_4,candidate_2,candidate_1,candidate_3,candidate_5,5,0.028000000000000004
414,candidate_4,candidate_2,candidate_1,candidate_3,candidate_5,5,0.028000000000000004
415,candidate_4,candidate_2,candidate_1,candidate_3,candidate_5,5,0.028000000000000004
416,candidate_4,candidate_2,candidate_1,candidate_3,candidate_5,5,0.028000000000000004
417,candidate_4,candidate_2,candidate_1,candidate_3,candidate_5,5,0.028000000000000004
418,candidate_4,candidate_2,candidate_1,candidate_3,candidate_5,5,0.028000000000000004
419,candidate_4,candidate_2,candidate_1,candidate_3,candidate_5,5,0.028000000000000004
420,candidate_4,candidate_2,candidate_1,candidate_3,candidate_5,5,0.028000000000000004
421,candidate_4,candidate_2,candidate_1,candidate_3,candidate_5,5,0.028000000000000004
422,candidate_4,candidate_2,candidate_1,candidate_3,candidate_5,5,0.028000000000000004
423,candidate_4,candidate_2,candidate_1,candidate_3,candidate_5,5,0.028000000000000004
424,candidate_4,0,candidate_1,candidate_3,candidate_5,5,0.028000000000000004
425,candidate_4,candidate_2,candidate_1,candidate_3,candidate_5,5,0.028000000000000004
426,candidate_4,candidate_2,candidate_1,candidate_3,candidate_5,5,0.028000000000000004
427,candidate_4,candidate_2,candidate_1,candidate_3,candidate_5,5,0.028000000000000004
428,candidate_4,candidate_2,candidate_1,candidate_3,candidate_5,5,0.028000000000000004
429,candidate_4,candidate_2,candidate_1,candidate_3,candidate_5,5,0.028000000000000004
430,candidate_4,candidate_2,candidate_1,candidate_3,0,5,0.028000000000000004
431,candidate_4,candidate_2,candidate_1,candidate_3,candidate_5,5,0.028000000000000004
432,candidate_4,candidate_2,candidate_1,candidate_3,candidate_5,5,0.028000000000000004
433,candidate_4,candidate_2,candidate_1,candidate_3,candidate_5,5,0.028000000000000004
434,candidate_4,candidate_2,candidate_1,candidate_3,candidate_5,5,0.028000000000000004
435,candidate_4,candidate_2,candidate_1,candidate_3,candidate_5,5,0.028000000000000004
436,candidate_4,candidate_2,candidate_1,candidate_3,candidate_5,5,0.028000000000000004
437,candidate_4,candidate_2,candidate_1,candidate_3,candidate_5,5,0.028000000000000004
438,candidate_4,candidate_2,candidate_1,candidate_3,candidate_5,5,0.028000000000000004
439,candidate_4,candidate_2,candidate_1,candidate_3,candidate_5,5,0.028000000000000004
440,candidate_4,candidate_2,candidate_1,candidate_3,candidate_5,5,0.028000000000000004
441,candidate_4,candidate_2,candidate_1,candidate_3,candidate_5,5,0.028000000000000004
442,candidate_4,candidate_2,candidate_1,candidate_3,candidate_5,5,0.028000000000000004
443,candidate_4,candidate_2,candidate_1,candidate_3,candidate_5,5,0.028000000000000004
444,candidate_4,candidate_2,candidate_1,candidate_3,candidate_5,5,0.028000000000000004
445,candidate_4,candidate_2,candidate_1,candidate_3,candidate_5,5,0.028000000000000004
446,candidate_4,candidate_2,candidate_1,candidate_3,0,5,0.028000000000000004
447,candidate_4,candidate_2,candidate_1,candidate_3,candidate_5,5,0.028000000000000004
448,candidate_4,candidate_2,candidate_1,candidate_3,candidate_5,5,0.028000000000000004
449,candidate_4,candidate_2,candidate_1,candidate_3,candidate_5,5,0.028000000000000004
450,candidate_4,candidate_2,candidate_1,candidate_3,candidate_5,5,0.028000000000000004
451,candidate_4,candidate_2,candidate_1,candidate_3,candidate_5,5,0.028000000000000004
452,candidate_4,candidate_2,candidate_1,0,candidate_5,5,0.028000000000000004
453,candidate_4,candidate_2,candidate_1,candidate_3,candidate_5,5,0.028000000000000004
454,candidate_4,candidate_2,0,candidate_3,candidate_5,5,0.028000000000000004
455,candidate_4,candidate_2,candidate_1,candidate_3,candidate_5,5,0.028000000000000004
456,candidate_4,candidate_2,candidate_1,candidate_3,candidate_5,5,0.028000000000000004
457,candidate_4,candidate_2,candidate_1,candidate_3,candidate_5,5,0.028000000000000004
458,candidate_4,candidate_2,candidate_1,candidate_3,candidate_5,5,0.028000000000000004
459,candidate_4,candidate_2,candidate_1,candidate_3,candidate_5,5,0.028000000000000004
460,candidate_4,candidate_2,candidate_1,candidate_3,candidate_5,5,0.028000000000000004
461,candidate_4,candidate_2,candidate_1,candidate_3,candidate_5,5,0.028000000000000004
462,candidate_4,candidate_2,candidate_1,candidate_3,candidate_5,5,0.028000000000000004
463,candidate_4,candidate_2,candidate_1,candidate_3,candidate_5,5,0.028000000000000004
464,candidate_4,candidate_2,candidate_1,candidate_3,candidate_5,5,0.028000000000000004
465,candidate_4,candidate_2,candidate_1,candidate_3,candidate_5,5,0.028000000000000004
466,candidate_4,candidate_2,candidate_1,candidate_3,candidate_5,5,0.028000000000000004
467,candidate_4,candidate_2,candidate_1,candidate_3,candidate_5,5,0.028000000000000004
468,candidate_4,candidate_2,candidate_1,candidate_3,candidate_5,5,0.028000000000000004
469,candidate_4,candidate_2,candidate_1,candidate_3,candidate_5,5,0.028000000000000004
470,candidate_4,candidate_2,candidate_1,candidate_3,candidate_5,5,0.028000000000000004
471,candidate_4,candidate_2,candidate_1,candidate_3,candidate_5,5,0.028000000000000004
472,candidate_4,candidate_2,candidate_1,candidate_3,candidate_5,5,0.028000000000000004
473,candidate_4,candidate_2,candidate_1,candidate_3,candidate_5,5,0.028000000000000004
474,candidate_4,candidate_2,candidate_1,candidate_3,candidate_5,5,0.028000000000000004
475,candidate_4,candidate_2,candidate_1,candidate_3,candidate_5,5,0.028000000000000004
476,0,candidate_2,candidate_1,candidate_3,candidate_5,5,0.028000000000000004
477,candidate_4,candidate_2,candidate_1,candidate_3,candidate_5,5,0.028000000000000004
478,candidate_4,candidate_2,candidate_1,candidate_3,candidate_5,5,0.028000000000000004
479,candidate_4,0,candidate_1,candidate_3,candidate_5,5,0.028000000000000004
480,candidate_4,candidate_2,candidate_1,candidate_3,candidate_5,5,0.028000000000000004
481,candidate_4,candidate_2,candidate_1,candidate_3,candidate_5,5,0.028000000000000004
482,candidate_4,0,0,candidate_3,candidate_5,5,0.028000000000000004
483,candidate_4,candidate_2,candidate_1,0,candidate_5,5,0.028000000000000004
484,candidate_4,candidate_2,candidate_1,candidate_3,candidate_5,5,0.028000000000000004
485,candidate_4,candidate_2,candidate_1,candidate_3,candidate_5,5,0.028000000000000004
486,candidate_4,candidate_2,candidate_1,candidate_3,candidate_5,5,0.028000000000000004
487,candidate_4,candidate_2,candidate_1,candidate_3,candidate_5,5,0.028000000000000004
488,candidate_4,candidate_2,candidate_1,candidate_3,candidate_5,5,0.028000000000000004
489,candidate_4,candidate_2,0,candidate_3,candidate_5,5,0.028000000000000004
490,candidate_4,candidate_2,candidate_1,candidate_3,candidate_5,5,0.028000000000000004
491,candidate_4,candidate_2,candidate_1,candidate_3,candidate_5,5,0.028000000000000004
492,candidate_4,candidate_2,candidate_1,candidate_3,candidate_5,5,0.028000000000000004
493,candidate_4,candidate_2,candidate_1,candidate_3,candidate_5,5,0.028000000000000004
494,candidate_4,candidate_2,candidate_1,candidate_3,candidate_5,5,0.028000000000000004
495,candidate_4,candidate_2,candidate_1,candidate_3,candidate_5,5,0.028000000000000004
496,candidate_4,candidate_2,candidate_1,candidate_3,0,5,0.028000000000000004
497,candidate_4,candidate_2,candidate_1,candidate_3,candidate_5,5,0.028000000000000004
498,candidate_4,candidate_2,candidate_1,candidate_3,candidate_5,5,0.028000000000000004
499,candidate_4,candidate_2,candidate_1,candidate_3,candidate_5,5,0.028000000000000004
500,candidate_4,candidate_2,candidate_1,candidate_3,candidate_5,5,0.028000000000000004
501,candidate_4,candidate_2,candidate_1,candidate_3,candidate_5,5,0.028000000000000004
502,candidate_4,candidate_2,candidate_1,candidate_3,candidate_5,5,0.028000000000000004
503,candidate_4,candidate_2,candidate_1,candidate_3,candidate_5,5,0.028000000000000004
504,candidate_4,candidate_2,candidate_1,candidate_3,candidate_5,5,0.028000000000000004
505,candidate_4,candidate_2,candidate_1,candidate_3,candidate_5,5,0.028000000000000004
506,candidate_4,candidate_2,candidate_1,candidate_3,candidate_5,5,0.028000000000000004
507,candidate_4,candidate_2,candidate_1,candidate_3,candidate_5,5,0.028000000000000004
508,candidate_4,candidate_2,candidate_1,candidate_3,candidate_5,5,0.028000000000000004
509,candidate_4,candidate_2,candidate_1,0,candidate_5,5,0.028000000000000004
510,candidate_4,candidate_2,candidate_1,candidate_3,candidate_5,5,0.028000000000000004
511,candidate_4,candidate_2,candidate_1,candidate_3,candidate_5,5,0.028000000000000004
512,candidate_4,candidate_2,candidate_1,candidate_3,candidate_5,5,0.028000000000000004
513,candidate_4,candidate_2,candidate_1,candidate_3,candidate_5,5,0.028000000000000004
514,candidate_4,candidate_2,candidate_1,candidate_3,candidate_5,5,0.028000000000000004
515,candidate_4,0,candidate_1,candidate_3,candidate_5,5,0.028000000000000004
516,candidate_4,candidate_2,candidate_1,0,0,5,0.028000000000000004
0,candidate_4,candidate_2,0,candidate_5,candidate_3,5,0.028000000000000004
1,candidate_4,candidate_2,candidate_1,candidate_5,candidate_3,5,0.028000000000000004
2,candidate_4,candidate_2,candidate_1,candidate_5,candidate_3,5,0.028000000000000004
3,candidate_4,candidate_2,candidate_1,candidate_5,candidate_3,5,0.028000000000000004
4,candidate_4,candidate_2,candidate_1,candidate_5,candidate_3,5,0.028000000000000004
5,candidate_4,candidate_2,candidate_1,candidate_5,candidate_3,5,0.028000000000000004
6,candidate_4,candidate_2,candidate_1,candidate_5,candidate_3,5,0.028000000000000004
7,candidate_4,candidate_2,candidate_1,candidate_5,candidate_3,5,0.028000000000000004
8,candidate_4,candidate_2,candidate_1,candidate_5,candidate_3,5,0.028000000000000004
9,candidate_4,candidate_2,candidate_1,candidate_5,candidate_3,5,0.028000000000000004
10,candidate_4,candidate_2,candidate_1,candidate_5,candidate_3,5,0.028000000000000004
11,candidate_4,candidate_2,candidate_1,candidate_5,candidate_3,5,0.028000000000000004
12,candidate_4,candidate_2,candidate_1,candidate_5,candidate_3,5,0.028000000000000004
13,candidate_4,candidate_2,candidate_1,candidate_5,candidate_3,5,0.028000000000000004
14,candidate_4,candidate_2,candidate_1,candidate_5,candidate_3,5,0.028000000000000004
15,candidate_4,candidate_2,candidate_1,candidate_5,candidate_3,5,0.028000000000000004
16,candidate_4,0,candidate_1,candidate_5,candidate_3,5,0.028000000000000004
17,candidate_4,candidate_2,candidate_1,candidate_5,candidate_3,5,0.028000000000000004
18,candidate_4,candidate_2,candidate_1,candidate_5,candidate_3,5,0.028000000000000004
19,candidate_4,candidate_2,candidate_1,candidate_5,candidate_3,5,0.028000000000000004
20,candidate_4,candidate_2,candidate_1,candidate_5,candidate_3,5,0.028000000000000004
21,candidate_4,candidate_2,candidate_1,candidate_5,candidate_3,5,0.028000000000000004
22,candidate_4,candidate_2,candidate_1,candidate_5,candidate_3,5,0.028000000000000004
23,candidate_4,candidate_2,candidate_1,candidate_5,candidate_3,5,0.028000000000000004
24,candidate_4,candidate_2,candidate_1,candidate_5,candidate_3,5,0.028000000000000004
25,candidate_4,candidate_2,candidate_1,candidate_5,candidate_3,5,0.028000000000000004
26,candidate_4,candidate_2,candidate_1,candidate_5,candidate_3,5,0.028000000000000004
27,candidate_4,candidate_2,candidate_1,candidate_5,candidate_3,5,0.028000000000000004
28,candidate_4,candidate_2,candidate_1,candidate_5,candidate_3,5,0.028000000000000004
29,candidate_4,candidate_2,candidate_1,candidate_5,candidate_3,5,0.028000000000000004
30,candidate_4,candidate_2,candidate_1,candidate_5,candidate_3,5,0.028000000000000004
31,candidate_4,candidate_2,candidate_1,candidate_5,candidate_3,5,0.028000000000000004
32,candidate_4,candidate_2,candidate_1,candidate_5,candidate_3,5,0.028000000000000004
33,candidate_4,candidate_2,candidate_1,candidate_5,candidate_3,5,0.028000000000000004
34,candidate_4,candidate_2,candidate_1,candidate_5,candidate_3,5,0.028000000000000004
35,candidate_4,candidate_2,candidate_1,candidate_5,candidate_3,5,0.028000000000000004
36,candidate_4,candidate_2,candidate_1,candidate_5,candidate_3,5,0.028000000000000004
37,candidate_4,candidate_2,candidate_1,candidate_5,candidate_3,5,0.028000000000000004
38,candidate_4,candidate_2,candidate_1,candidate_5,candidate_3,5,0.028000000000000004
39,candidate_4,0,candidate_1,candidate_5,candidate_3,5,0.028000000000000004
40,candidate_4,candidate_2,candidate_1,candidate_5,candidate_3,5,0.028000000000000004
41,0,candidate_2,candidate_1,candidate_5,candidate_3,5,0.028000000000000004
42,candidate_4,candidate_2,candidate_1,candidate_5,candidate_3,5,0.028000000000000004
43,candidate_4,candidate_2,candidate_1,candidate_5,candidate_3,5,0.028000000000000004
44,candidate_4,candidate_2,candidate_1,candidate_5,candidate_3,5,0.028000000000000004
45,candidate_4,candidate_2,candidate_1,candidate_5,candidate_3,5,0.028000000000000004
46,candidate_4,candidate_2,candidate_1,candidate_5,candidate_3,5,0.028000000000000004
47,candidate_4,candidate_2,candidate_1,candidate_5,candidate_3,5,0.028000000000000004
48,candidate_4,candidate_2,candidate_1,candidate_5,candidate_3,5,0.028000000000000004
49,candidate_4,candidate_2,candidate_1,candidate_5,candidate_3,5,0.028000000000000004
50,candidate_4,candidate_2,candidate_1,candidate_5,candidate_3,5,0.028000000000000004
51,candidate_4,candidate_2,candidate_1,candidate_5,candidate_3,5,0.028000000000000004
52,candidate_4,candidate_2,candidate_1,candidate_5,candidate_3,5,0.028000000000000004
53,candidate_4,candidate_2,candidate_1,candidate_5,candidate_3,5,0.028000000000000004
54,candidate_4,candidate_2,candidate_1,0,candidate_3,5,0.028000000000000004
55,candidate_4,candidate_2,candidate_1,candidate_5,candidate_3,5,0.028000000000000004
56,candidate_4,candidate_2,candidate_1,candidate_5,candidate_3,5,0.028000000000000004
57,candidate_4,candidate_2,candidate_1,candidate_5,candidate_3,5,0.028000000000000004
58,candidate_4,candidate_2,candidate_1,candidate_5,candidate_3,5,0.028000000000000004
59,candidate_4,candidate_2,candidate_1,candidate_5,candidate_3,5,0.028000000000000004
60,candidate_4,candidate_2,candidate_1,candidate_5,candidate_3,5,0.028000000000000004
61,candidate_4,candidate_2,candidate_1,candidate_5,candidate_3,5,0.028000000000000004
62,candidate_4,candidate_2,candidate_1,0,candidate_3,5,0.028000000000000004
63,candidate_4,candidate_2,candidate_1,candidate_5,candidate_3,5,0.028000000000000004
64,candidate_4,candidate_2,candidate_1,candidate_5,candidate_3,5,0.028000000000000004
65,candidate_4,candidate_2,candidate_1,candidate_5,candidate_3,5,0.028000000000000004
66,candidate_4,candidate_2,candidate_1,candidate_5,candidate_3,5,0.028000000000000004
67,candidate_4,candidate_2,candidate_1,candidate_5,candidate_3,5,0.028000000000000004
68,candidate_4,candidate_2,candidate_1,candidate_5,candidate_3,5,0.028000000000000004
69,candidate_4,candidate_2,candidate_1,candidate_5,candidate_3,5,0.028000000000000004
70,candidate_4,candidate_2,candidate_1,candidate_5,candidate_3,5,0.028000000000000004
71,0,candidate_2,candidate_1,0,candidate_3,5,0.028000000000000004
72,candidate_4,candidate_2,candidate_1,0,candidate_3,5,0.028000000000000004
73,candidate_4,candidate_2,candidate_1,candidate_5,candidate_3,5,0.028000000000000004
74,candidate_4,candidate_2,candidate_1,candidate_5,candidate_3,5,0.028000000000000004
75,candidate_4,candidate_2,candidate_1,candidate_5,candidate_3,5,0.028000000000000004
76,candidate_4,candidate_2,candidate_1,candidate_5,candidate_3,5,0.028000000000000004
77,candidate_4,candidate_2,candidate_1,candidate_5,candidate_3,5,0.028000000000000004
78,candidate_4,candidate_2,candidate_1,candidate_5,candidate_3,5,0.028000000000000004
79,candidate_4,candidate_2,candidate_1,candidate_5,candidate_3,5,0.028000000000000004
80,candidate_4,0,candidate_1,candidate_5,candidate_3,5,0.028000000000000004
81,candidate_4,candidate_2,candidate_1,candidate_5,candidate_3,5,0.028000000000000004
82,candidate_4,candidate_2,candidate_1,candidate_5,candidate_3,5,0.028000000000000004
83,candidate_4,candidate_2,candidate_1,candidate_5,candidate_3,5,0.028000000000000004
84,candidate_4,candidate_2,candidate_1,candidate_5,candidate_3,5,0.028000000000000004
85,candidate_4,candidate_2,candidate_1,candidate_5,candidate_3,5,0.028000000000000004
86,candidate_4,candidate_2,candidate_1,candidate_5,candidate_3,5,0.028000000000000004
87,candidate_4,candidate_2,candidate_1,candidate_5,candidate_3,5,0.028000000000000004
88,candidate_4,candidate_2,candidate_1,candidate_5,candidate_3,5,0.028000000000000004
89,candidate_4,candidate_2,candidate_1,candidate_5,candidate_3,5,0.028000000000000004
90,candidate_4,candidate_2,candidate_1,candidate_5,candidate_3,5,0.028000000000000004
91,candidate_4,candidate_2,candidate_1,candidate_5,candidate_3,5,0.028000000000000004
0,candidate_4,candidate_2,candidate_3,candidate_1,candidate_5,5,0.028000000000000004
1,candidate_4,candidate_2,candidate_3,candidate_1,candidate_5,5,0.028000000000000004
2,candidate_4,candidate_2,candidate_3,candidate_1,0,5,0.028000000000000004
3,candidate_4,candidate_2,candidate_3,candidate_1,candidate_5,5,0.028000000000000004
4,candidate_4,candidate_2,candidate_3,candidate_1,candidate_5,5,0.028000000000000004
5,candidate_4,candidate_2,candidate_3,candidate_1,candidate_5,5,0.028000000000000004
6,candidate_4,candidate_2,candidate_3,candidate_1,candidate_5,5,0.028000000000000004
7,candidate_4,candidate_2,candidate_3,candidate_1,candidate_5,5,0.028000000000000004
8,candidate_4,0,candidate_3,candidate_1,candidate_5,5,0.028000000000000004
9,candidate_4,candidate_2,candidate_3,candidate_1,candidate_5,5,0.028000000000000004
10,candidate_4,candidate_2,candidate_3,candidate_1,candidate_5,5,0.028000000000000004
11,candidate_4,candidate_2,candidate_3,candidate_1,candidate_5,5,0.028000000000000004
12,candidate_4,candidate_2,candidate_3,candidate_1,candidate_5,5,0.028000000000000004
13,candidate_4,candidate_2,candidate_3,candidate_1,candidate_5,5,0.028000000000000004
14,candidate_4,candidate_2,candidate_3,candidate_1,candidate_5,5,0.028000000000000004
15,candidate_4,candidate_2,candidate_3,candidate_1,candidate_5,5,0.028000000000000004
16,candidate_4,candidate_2,candidate_3,candidate_1,candidate_5,5,0.028000000000000004
17,candidate_4,candidate_2,candidate_3,candidate_1,candidate_5,5,0.028000000000000004
18,candidate_4,candidate_2,candidate_3,candidate_1,candidate_5,5,0.028000000000000004
19,candidate_4,0,candidate_3,candidate_1,candidate_5,5,0.028000000000000004
20,candidate_4,candidate_2,candidate_3,candidate_1,candidate_5,5,0.028000000000000004
21,candidate_4,candidate_2,candidate_3,candidate_1,candidate_5,5,0.028000000000000004
22,candidate_4,candidate_2,candidate_3,candidate_1,candidate_5,5,0.028000000000000004
23,candidate_4,candidate_2,candidate_3,candidate_1,candidate_5,5,0.028000000000000004
24,candidate_4,candidate_2,candidate_3,candidate_1,candidate_5,5,0.028000000000000004
25,candidate_4,candidate_2,candidate_3,candidate_1,candidate_5,5,0.028000000000000004
26,candidate_4,candidate_2,candidate_3,0,candidate_5,5,0.028000000000000004
27,candidate_4,candidate_2,candidate_3,candidate_1,candidate_5,5,0.028000000000000004
28,candidate_4,candidate_2,candidate_3,candidate_1,candidate_5,5,0.028000000000000004
29,candidate_4,candidate_2,candidate_3,candidate_1,candidate_5,5,0.028000000000000004
30,candidate_4,candidate_2,candidate_3,candidate_1,candidate_5,5,0.028000000000000004
31,candidate_4,candidate_2,candidate_3,candidate_1,candidate_5,5,0.028000000000000004
32,candidate_4,candidate_2,candidate_3,candidate_1,candidate_5,5,0.028000000000000004
33,candidate_4,candidate_2,candidate_3,candidate_1,candidate_5,5,0.028000000000000004
34,candidate_4,candidate_2,candidate_3,candidate_1,0,5,0.028000000000000004
35,candidate_4,candidate_2,candidate_3,candidate_1,candidate_5,5,0.028000000000000004
36,candidate_4,candidate_2,candidate_3,candidate_1,candidate_5,5,0.028000000000000004
37,candidate_4,candidate_2,candidate_3,candidate_1,candidate_5,5,0.028000000000000004
38,candidate_4,candidate_2,candidate_3,candidate_1,candidate_5,5,0.028000000000000004
39,candidate_4,candidate_2,candidate_3,candidate_1,candidate_5,5,0.028000000000000004
40,candidate_4,candidate_2,candidate_3,candidate_1,candidate_5,5,0.028000000000000004
41,candidate_4,candidate_2,candidate_3,candidate_1,candidate_5,5,0.028000000000000004
42,candidate_4,candidate_2,candidate_3,candidate_1,candidate_5,5,0.028000000000000004
43,candidate_4,candidate_2,candidate_3,candidate_1,candidate_5,5,0.028000000000000004
44,candidate_4,candidate_2,candidate_3,candidate_1,candidate_5,5,0.028000000000000004
45,candidate_4,candidate_2,candidate_3,candidate_1,candidate_5,5,0.028000000000000004
46,candidate_4,candidate_2,candidate_3,candidate_1,candidate_5,5,0.028000000000000004
47,candidate_4,candidate_2,candidate_3,0,candidate_5,5,0.028000000000000004
48,candidate_4,candidate_2,candidate_3,candidate_1,candidate_5,5,0.028000000000000004
49,candidate_4,candidate_2,candidate_3,candidate_1,candidate_5,5,0.028000000000000004
50,candidate_4,candidate_2,candidate_3,candidate_1,candidate_5,5,0.028000000000000004
51,candidate_4,candidate_2,candidate_3,candidate_1,candidate_5,5,0.028000000000000004
52,candidate_4,candidate_2,candidate_3,candidate_1,candidate_5,5,0.028000000000000004
53,candidate_4,candidate_2,candidate_3,candidate_1,candidate_5,5,0.028000000000000004
54,candidate_4,candidate_2,candidate_3,candidate_1,candidate_5,5,0.028000000000000004
55,candidate_4,candidate_2,candidate_3,candidate_1,candidate_5,5,0.028000000000000004
56,candidate_4,candidate_2,candidate_3,candidate_1,candidate_5,5,0.028000000000000004
57,candidate_4,candidate_2,candidate_3,candidate_1,candidate_5,5,0.028000000000000004
58,candidate_4,candidate_2,candidate_3,candidate_1,candidate_5,5,0.028000000000000004
59,candidate_4,candidate_2,candidate_3,candidate_1,candidate_5,5,0.028000000000000004
60,candidate_4,candidate_2,candidate_3,candidate_1,candidate_5,5,0.028000000000000004
61,candidate_4,candidate_2,candidate_3,candidate_1,candidate_5,5,0.028000000000000004
62,candidate_4,candidate_2,candidate_3,candidate_1,candidate_5,5,0.028000000000000004
63,candidate_4,candidate_2,candidate_3,candidate_1,candidate_5,5,0.028000000000000004
64,candidate_4,candidate_2,candidate_3,candidate_1,candidate_5,5,0.028000000000000004
65,candidate_4,candidate_2,candidate_3,candidate_1,candidate_5,5,0.028000000000000004
66,candidate_4,candidate_2,candidate_3,candidate_1,candidate_5,5,0.028000000000000004
67,candidate_4,candidate_2,candidate_3,candidate_1,candidate_5,5,0.028000000000000004
68,candidate_4,candidate_2,candidate_3,candidate_1,candidate_5,5,0.028000000000000004
69,candidate_4,candidate_2,candidate_3,candidate_1,candidate_5,5,0.028000000000000004
70,candidate_4,candidate_2,candidate_3,candidate_1,candidate_5,5,0.028000000000000004
71,candidate_4,candidate_2,candidate_3,candidate_1,candidate_5,5,0.028000000000000004
72,candidate_4,candidate_2,candidate_3,candidate_1,candidate_5,5,0.028000000000000004
73,candidate_4,candidate_2,candidate_3,candidate_1,candidate_5,5,0.028000000000000004
74,candidate_4,candidate_2,0,candidate_1,candidate_5,5,0.028000000000000004
75,candidate_4,candidate_2,candidate_3,candidate_1,candidate_5,5,0.028000000000000004
76,candidate_4,candidate_2,candidate_3,candidate_1,candidate_5,5,0.028000000000000004
77,candidate_4,0,candidate_3,candidate_1,candidate_5,5,0.028000000000000004
78,candidate_4,candidate_2,candidate_3,candidate_1,candidate_5,5,0.028000000000000004
79,candidate_4,candidate_2,candidate_3,candidate_1,candidate_5,5,0.028000000000000004
80,candidate_4,candidate_2,candidate_3,candidate_1,candidate_5,5,0.028000000000000004
81,candidate_4,candidate_2,candidate_3,candidate_1,candidate_5,5,0.028000000000000004
82,candidate_4,candidate_2,candidate_3,candidate_1,candidate_5,5,0.028000000000000004
83,candidate_4,candidate_2,candidate_3,candidate_1,candidate_5,5,0.028000000000000004
84,candidate_4,candidate_2,candidate_3,candidate_1,candidate_5,5,0.028000000000000004
85,candidate_4,candidate_2,candidate_3,candidate_1,candidate_5,5,0.028000000000000004
86,candidate_4,candidate_2,candidate_3,candidate_1,candidate_5,5,0.028000000000000004
87,candidate_4,candidate_2,candidate_3,candidate_1,candidate_5,5,0.028000000000000004
88,candidate_4,candidate_2,candidate_3,candidate_1,candidate_5,5,0.028000000000000004
89,candidate_4,candidate_2,candidate_3,candidate_1,candidate_5,5,0.028000000000000004
90,candidate_4,candidate_2,candidate_3,candidate_1,candidate_5,5,0.028000000000000004
91,candidate_4,candidate_2,candidate_3,candidate_1,candidate_5,5,0.028000000000000004
92,candidate_4,candidate_2,candidate_3,candidate_1,candidate_5,5,0.028000000000000004
93,candidate_4,candidate_2,candidate_3,candidate_1,candidate_5,5,0.028000000000000004
94,candidate_4,candidate_2,candidate_3,candidate_1,candidate_5,5,0.028000000000000004
95,0,candidate_2,candidate_3,candidate_1,candidate_5,5,0.028000000000000004
96,candidate_4,candidate_2,candidate_3,candidate_1,candidate_5,5,0.028000000000000004
97,candidate_4,candidate_2,candidate_3,candidate_1,candidate_5,5,0.028000000000000004
98,candidate_4,candidate_2,candidate_3,candidate_1,candidate_5,5,0.028000000000000004
99,candidate_4,candidate_2,candidate_3,candidate_1,candidate_5,5,0.028000000000000004
100,candidate_4,candidate_2,candidate_3,candidate_1,candidate_5,5,0.028000000000000004
101,candidate_4,candidate_2,candidate_3,candidate_1,candidate_5,5,0.028000000000000004
102,candidate_4,candidate_2,candidate_3,candidate_1,candidate_5,5,0.028000000000000004
103,candidate_4,candidate_2,candidate_3,candidate_1,candidate_5,5,0.028000000000000004
104,candidate_4,candidate_2,candidate_3,candidate_1,candidate_5,5,0.028000000000000004
105,candidate_4,candidate_2,candidate_3,candidate_1,candidate_5,5,0.028000000000000004
106,candidate_4,candidate_2,candidate_3,candidate_1,candidate_5,5,0.028000000000000004
107,candidate_4,candidate_2,candidate_3,candidate_1,candidate_5,5,0.028000000000000004
108,candidate_4,candidate_2,candidate_3,candidate_1,candidate_5,5,0.028000000000000004
109,candidate_4,candidate_2,candidate_3,candidate_1,candidate_5,5,0.028000000000000004
110,candidate_4,candidate_2,candidate_3,candidate_1,candidate_5,5,0.028000000000000004
111,candidate_4,candidate_2,candidate_3,candidate_1,candidate_5,5,0.028000000000000004
112,candidate_4,0,candidate_3,candidate_1,0,5,0.028000000000000004
113,candidate_4,candidate_2,candidate_3,candidate_1,candidate_5,5,0.028000000000000004
114,candidate_4,candidate_2,candidate_3,candidate_1,candidate_5,5,0.028000000000000004
115,candidate_4,candidate_2,candidate_3,candidate_1,candidate_5,5,0.028000000000000004
116,candidate_4,candidate_2,candidate_3,candidate_1,0,5,0.028000000000000004
0,candidate_4,candidate_2,candidate_3,candidate_5,candidate_1,5,0.028000000000000004
1,candidate_4,candidate_2,candidate_3,candidate_5,candidate_1,5,0.028000000000000004
2,candidate_4,candidate_2,candidate_3,candidate_5,candidate_1,5,0.028000000000000004
3,candidate_4,candidate_2,candidate_3,candidate_5,0,5,0.028000000000000004
4,candidate_4,candidate_2,candidate_3,candidate_5,candidate_1,5,0.028000000000000004
5,candidate_4,candidate_2,candidate_3,candidate_5,candidate_1,5,0.028000000000000004
6,candidate_4,candidate_2,candidate_3,candidate_5,candidate_1,5,0.028000000000000004
7,candidate_4,candidate_2,candidate_3,candidate_5,candidate_1,5,0.028000000000000004
8,candidate_4,candidate_2,candidate_3,candidate_5,candidate_1,5,0.028000000000000004
9,candidate_4,candidate_2,candidate_3,candidate_5,candidate_1,5,0.028000000000000004
10,candidate_4,candidate_2,candidate_3,candidate_5,candidate_1,5,0.028000000000000004
11,candidate_4,candidate_2,candidate_3,candidate_5,candidate_1,5,0.028000000000000004
12,candidate_4,candidate_2,0,0,candidate_1,5,0.028000000000000004
13,candidate_4,candidate_2,candidate_3,candidate_5,candidate_1,5,0.028000000000000004
14,candidate_4,candidate_2,candidate_3,candidate_5,candidate_1,5,0.028000000000000004
15,candidate_4,candidate_2,candidate_3,candidate_5,candidate_1,5,0.028000000000000004
16,candidate_4,candidate_2,candidate_3,candidate_5,candidate_1,5,0.028000000000000004
17,candidate_4,0,candidate_3,candidate_5,candidate_1,5,0.028000000000000004
18,candidate_4,candidate_2,candidate_3,candidate_5,0,5,0.028000000000000004
19,candidate_4,candidate_2,candidate_3,candidate_5,candidate_1,5,0.028000000000000004
20,candidate_4,candidate_2,candidate_3,candidate_5,candidate_1,5,0.028000000000000004
21,candidate_4,candidate_2,candidate_3,candidate_5,candidate_1,5,0.028000000000000004
22,candidate_4,candidate_2,candidate_3,candidate_5,candidate_1,5,0.028000000000000004
23,candidate_4,candidate_2,candidate_3,candidate_5,candidate_1,5,0.028000000000000004
24,candidate_4,candidate_2,candidate_3,candidate_5,candidate_1,5,0.028000000000000004
25,candidate_4,candidate_2,candidate_3,candidate_5,candidate_1,5,0.028000000000000004
26,candidate_4,candidate_2,candidate_3,candidate_5,candidate_1,5,0.028000000000000004
27,candidate_4,candidate_2,candidate_3,candidate_5,candidate_1,5,0.028000000000000004
28,candidate_4,candidate_2,candidate_3,candidate_5,candidate_1,5,0.028000000000000004
29,0,candidate_2,candidate_3,candidate_5,candidate_1,5,0.028000000000000004
30,candidate_4,0,candidate_3,candidate_5,candidate_1,5,0.028000000000000004
31,candidate_4,candidate_2,candidate_3,candidate_5,candidate_1,5,0.028000000000000004
32,candidate_4,candidate_2,candidate_3,candidate_5,candidate_1,5,0.028000000000000004
33,candidate_4,candidate_2,0,candidate_5,candidate_1,5,0.028000000000000004
34,candidate_4,candidate_2,candidate_3,candidate_5,candidate_1,5,0.028000000000000004
35,candidate_4,candidate_2,0,candidate_5,candidate_1,5,0.028000000000000004
36,candidate_4,candidate_2,candidate_3,candidate_5,candidate_1,5,0.028000000000000004
37,candidate_4,candidate_2,candidate_3,candidate_5,candidate_1,5,0.028000000000000004
38,candidate_4,candidate_2,candidate_3,candidate_5,candidate_1,5,0.028000000000000004
39,candidate_4,candidate_2,candidate_3,candidate_5,candidate_1,5,0.028000000000000004
40,candidate_4,candidate_2,candidate_3,candidate_5,candidate_1,5,0.028000000000000004
41,candidate_4,candidate_2,candidate_3,candidate_5,candidate_1,5,0.028000000000000004
42,candidate_4,candidate_2,candidate_3,candidate_5,candidate_1,5,0.028000000000000004
43,candidate_4,candidate_2,candidate_3,candidate_5,candidate_1,5,0.028000000000000004
44,candidate_4,candidate_2,candidate_3,candidate_5,candidate_1,5,0.028000000000000004
45,candidate_4,candidate_2,candidate_3,candidate_5,candidate_1,5,0.028000000000000004
46,candidate_4,candidate_2,candidate_3,candidate_5,candidate_1,5,0.028000000000000004
47,candidate_4,candidate_2,candidate_3,candidate_5,candidate_1,5,0.028000000000000004
48,candidate_4,candidate_2,candidate_3,candidate_5,candidate_1,5,0.028000000000000004
49,candidate_4,candidate_2,candidate_3,candidate_5,candidate_1,5,0.028000000000000004
50,candidate_4,candidate_2,candidate_3,candidate_5,candidate_1,5,0.028000000000000004
51,candidate_4,candidate_2,candidate_3,candidate_5,candidate_1,5,0.028000000000000004
52,candidate_4,candidate_2,candidate_3,candidate_5,candidate_1,5,0.028000000000000004
53,candidate_4,candidate_2,candidate_3,candidate_5,candidate_1,5,0.028000000000000004
54,candidate_4,candidate_2,candidate_3,0,candidate_1,5,0.028000000000000004
55,candidate_4,candidate_2,candidate_3,candidate_5,candidate_1,5,0.028000000000000004
56,candidate_4,0,candidate_3,candidate_5,candidate_1,5,0.028000000000000004
57,candidate_4,candidate_2,candidate_3,candidate_5,candidate_1,5,0.028000000000000004
58,candidate_4,candidate_2,candidate_3,candidate_5,candidate_1,5,0.028000000000000004
59,candidate_4,candidate_2,candidate_3,0,candidate_1,5,0.028000000000000004
60,candidate_4,candidate_2,candidate_3,candidate_5,candidate_1,5,0.028000000000000004
61,candidate_4,candidate_2,candidate_3,candidate_5,candidate_1,5,0.028000000000000004
62,candidate_4,candidate_2,candidate_3,candidate_5,candidate_1,5,0.028000000000000004
63,candidate_4,candidate_2,candidate_3,candidate_5,candidate_1,5,0.028000000000000004
64,candidate_4,candidate_2,candidate_3,candidate_5,candidate_1,5,0.028000000000000004
65,candidate_4,candidate_2,candidate_3,candidate_5,candidate_1,5,0.028000000000000004
66,candidate_4,candidate_2,candidate_3,candidate_5,candidate_1,5,0.028000000000000004
67,candidate_4,candidate_2,candidate_3,candidate_5,candidate_1,5,0.028000000000000004
68,candidate_4,candidate_2,candidate_3,candidate_5,candidate_1,5,0.028000000000000004
69,candidate_4,candidate_2,candidate_3,candidate_5,candidate_1,5,0.028000000000000004
70,0,candidate_2,candidate_3,candidate_5,candidate_1,5,0.028000000000000004
71,candidate_4,candidate_2,candidate_3,candidate_5,candidate_1,5,0.028000000000000004
72,candidate_4,candidate_2,candidate_3,candidate_5,candidate_1,5,0.028000000000000004
73,candidate_4,candidate_2,candidate_3,candidate_5,candidate_1,5,0.028000000000000004
74,candidate_4,candidate_2,candidate_3,candidate_5,candidate_1,5,0.028000000000000004
75,candidate_4,candidate_2,candidate_3,candidate_5,candidate_1,5,0.028000000000000004
76,candidate_4,candidate_2,candidate_3,candidate_5,candidate_1,5,0.028000000000000004
77,candidate_4,candidate_2,candidate_3,candidate_5,candidate_1,5,0.028000000000000004
78,candidate_4,candidate_2,candidate_3,candidate_5,candidate_1,5,0.028000000000000004
79,candidate_4,candidate_2,candidate_3,candidate_5,candidate_1,5,0.028000000000000004
80,candidate_4,candidate_2,candidate_3,candidate_5,candidate_1,5,0.028000000000000004
81,0,candidate_2,candidate_3,candidate_5,candidate_1,5,0.028000000000000004
82,candidate_4,candidate_2,candidate_3,candidate_5,candidate_1,5,0.028000000000000004
83,candidate_4,candidate_2,candidate_3,candidate_5,candidate_1,5,0.028000000000000004
84,candidate_4,candidate_2,candidate_3,candidate_5,candidate_1,5,0.028000000000000004
85,candidate_4,candidate_2,candidate_3,candidate_5,candidate_1,5,0.028000000000000004
86,candidate_4,candidate_2,candidate_3,candidate_5,candidate_1,5,0.028000000000000004
87,candidate_4,candidate_2,candidate_3,candidate_5,candidate_1,5,0.028000000000000004
88,candidate_4,candidate_2,candidate_3,candidate_5,candidate_1,5,0.028000000000000004
89,candidate_4,candidate_2,candidate_3,candidate_5,candidate_1,5,0.028000000000000004
90,candidate_4,candidate_2,candidate_3,candidate_5,candidate_1,5,0.028000000000000004
91,candidate_4,candidate_2,0,candidate_5,candidate_1,5,0.028000000000000004
92,candidate_4,candidate_2,candidate_3,candidate_5,candidate_1,5,0.028000000000000004
93,candidate_4,candidate_2,candidate_3,candidate_5,candidate_1,5,0.028000000000000004
94,candidate_4,candidate_2,candidate_3,candidate_5,candidate_1,5,0.028000000000000004
95,candidate_4,candidate_2,candidate_3,candidate_5,candidate_1,5,0.028000000000000004
96,candidate_4,candidate_2,candidate_3,candidate_5,candidate_1,5,0.028000000000000004
97,candidate_4,candidate_2,candidate_3,candidate_5,candidate_1,5,0.028000000000000004
98,candidate_4,candidate_2,candidate_3,candidate_5,candidate_1,5,0.028000000000000004
99,candidate_4,candidate_2,candidate_3,candidate_5,candidate_1,5,0.028000000000000004
100,candidate_4,candidate_2,candidate_3,candidate_5,candidate_1,5,0.028000000000000004
101,candidate_4,candidate_2,candidate_3,candidate_5,candidate_1,5,0.028000000000000004
102,candidate_4,candidate_2,candidate_3,candidate_5,candidate_1,5,0.028000000000000004
103,candidate_4,candidate_2,candidate_3,0,candidate_1,5,0.028000000000000004
104,candidate_4,candidate_2,candidate_3,candidate_5,candidate_1,5,0.028000000000000004
105,candidate_4,candidate_2,candidate_3,candidate_5,candidate_1,5,0.028000000000000004
106,candidate_4,candidate_2,candidate_3,candidate_5,candidate_1,5,0.028000000000000004
107,candidate_4,candidate_2,candidate_3,candidate_5,candidate_1,5,0.028000000000000004
108,candidate_4,candidate_2,candidate_3,candidate_5,candidate_1,5,0.028000000000000004
109,candidate_4,0,candidate_3,candidate_5,candidate_1,5,0.028000000000000004
110,candidate_4,candidate_2,candidate_3,candidate_5,candidate_1,5,0.028000000000000004
111,candidate_4,0,candidate_3,candidate_5,candidate_1,5,0.028000000000000004
112,candidate_4,candidate_2,candidate_3,candidate_5,candidate_1,5,0.028000000000000004
113,candidate_4,candidate_2,candidate_3,candidate_5,candidate_1,5,0.028000000000000004
114,candidate_4,candidate_2,candidate_3,candidate_5,candidate_1,5,0.028000000000000004
115,candidate_4,candidate_2,candidate_3,candidate_5,candidate_1,5,0.028000000000000004
116,candidate_4,candidate_2,candidate_3,candidate_5,candidate_1,5,0.028000000000000004
117,0,candidate_2,candidate_3,candidate_5,candidate_1,5,0.028000000000000004
118,candidate_4,candidate_2,candidate_3,candidate_5,candidate_1,5,0.028000000000000004
119,candidate_4,candidate_2,candidate_3,candidate_5,candidate_1,5,0.028000000000000004
120,candidate_4,candidate_2,candidate_3,candidate_5,candidate_1,5,0.028000000000000004
121,candidate_4,candidate_2,candidate_3,candidate_5,candidate_1,5,0.028000000000000004
122,candidate_4,candidate_2,candidate_3,candidate_5,candidate_1,5,0.028000000000000004
123,candidate_4,candidate_2,candidate_3,candidate_5,candidate_1,5,0.028000000000000004
124,candidate_4,candidate_2,candidate_3,candidate_5,candidate_1,5,0.028000000000000004
125,candidate_4,0,candidate_3,candidate_5,candidate_1,5,0.028000000000000004
126,candidate_4,candidate_2,candidate_3,candidate_5,candidate_1,5,0.028000000000000004
127,candidate_4,candidate_2,0,candidate_5,candidate_1,5,0.028000000000000004
128,candidate_4,candidate_2,candidate_3,candidate_5,candidate_1,5,0.028000000000000004
129,candidate_4,candidate_2,candidate_3,candidate_5,candidate_1,5,0.028000000000000004
130,candidate_4,candidate_2,candidate_3,candidate_5,candidate_1,5,0.028000000000000004
131,candidate_4,candidate_2,0,candidate_5,candidate_1,5,0.028000000000000004
132,candidate_4,candidate_2,candidate_3,candidate_5,candidate_1,5,0.028000000000000004
133,candidate_4,candidate_2,0,candidate_5,candidate_1,5,0.028000000000000004
134,candidate_4,0,candidate_3,candidate_5,candidate_1,5,0.028000000000000004
135,0,0,candidate_3,candidate_5,candidate_1,5,0.028000000000000004
136,candidate_4,candidate_2,candidate_3,candidate_5,candidate_1,5,0.028000000000000004
137,candidate_4,candidate_2,candidate_3,candidate_5,0,5,0.028000000000000004
138,candidate_4,candidate_2,candidate_3,candidate_5,candidate_1,5,0.028000000000000004
139,candidate_4,candidate_2,candidate_3,candidate_5,candidate_1,5,0.028000000000000004
140,candidate_4,candidate_2,candidate_3,candidate_5,candidate_1,5,0.028000000000000004
141,candidate_4,candidate_2,candidate_3,candidate_5,candidate_1,5,0.028000000000000004
142,candidate_4,candidate_2,candidate_3,candidate_5,candidate_1,5,0.028000000000000004
143,candidate_4,candidate_2,candidate_3,candidate_5,0,5,0.028000000000000004
144,candidate_4,candidate_2,candidate_3,candidate_5,candidate_1,5,0.028000000000000004
145,candidate_4,candidate_2,candidate_3,candidate_5,candidate_1,5,0.028000000000000004
146,candidate_4,candidate_2,candidate_3,candidate_5,0,5,0.028000000000000004
147,candidate_4,candidate_2,candidate_3,candidate_5,candidate_1,5,0.028000000000000004
148,candidate_4,candidate_2,candidate_3,candidate_5,candidate_1,5,0.028000000000000004
149,candidate_4,candidate_2,candidate_3,candidate_5,candidate_1,5,0.028000000000000004
150,candidate_4,candidate_2,candidate_3,candidate_5,candidate_1,5,0.028000000000000004
151,candidate_4,candidate_2,candidate_3,candidate_5,candidate_1,5,0.028000000000000004
152,candidate_4,candidate_2,candidate_3,0,candidate_1,5,0.028000000000000004
153,candidate_4,candidate_2,candidate_3,candidate_5,candidate_1,5,0.028000000000000004
154,candidate_4,candidate_2,candidate_3,candidate_5,0,5,0.028000000000000004
155,candidate_4,candidate_2,candidate_3,candidate_5,0,5,0.028000000000000004
156,candidate_4,candidate_2,candidate_3,candidate_5,candidate_1,5,0.028000000000000004
157,candidate_4,candidate_2,candidate_3,candidate_5,candidate_1,5,0.028000000000000004
158,candidate_4,candidate_2,candidate_3,candidate_5,candidate_1,5,0.028000000000000004
159,candidate_4,candidate_2,candidate_3,candidate_5,candidate_1,5,0.028000000000000004
160,candidate_4,candidate_2,candidate_3,candidate_5,candidate_1,5,0.028000000000000004
161,candidate_4,candidate_2,candidate_3,candidate_5,candidate_1,5,0.028000000000000004
162,candidate_4,candidate_2,candidate_3,candidate_5,candidate_1,5,0.028000000000000004
163,0,candidate_2,candidate_3,candidate_5,candidate_1,5,0.028000000000000004
164,candidate_4,candidate_2,candidate_3,candidate_5,candidate_1,5,0.028000000000000004
165,candidate_4,candidate_2,candidate_3,candidate_5,candidate_1,5,0.028000000000000004
166,candidate_4,candidate_2,candidate_3,candidate_5,candidate_1,5,0.028000000000000004
167,candidate_4,candidate_2,candidate_3,candidate_5,candidate_1,5,0.028000000000000004
168,candidate_4,candidate_2,candidate_3,candidate_5,candidate_1,5,0.028000000000000004
169,candidate_4,candidate_2,candidate_3,candidate_5,candidate_1,5,0.028000000000000004
170,candidate_4,candidate_2,candidate_3,candidate_5,candidate_1,5,0.028000000000000004
171,candidate_4,candidate_2,candidate_3,candidate_5,candidate_1,5,0.028000000000000004
172,candidate_4,candidate_2,candidate_3,candidate_5,candidate_1,5,0.028000000000000004
173,candidate_4,candidate_2,candidate_3,candidate_5,candidate_1,5,0.028000000000000004
174,0,candidate_2,candidate_3,candidate_5,candidate_1,5,0.028000000000000004
175,candidate_4,candidate_2,candidate_3,candidate_5,candidate_1,5,0.028000000000000004
176,candidate_4,candidate_2,candidate_3,candidate_5,candidate_1,5,0.028000000000000004
177,candidate_4,candidate_2,candidate_3,0,candidate_1,5,0.028000000000000004
178,candidate_4,candidate_2,candidate_3,candidate_5,candidate_1,5,0.028000000000000004
179,candidate_4,candidate_2,candidate_3,candidate_5,candidate_1,5,0.028000000000000004
180,candidate_4,candidate_2,candidate_3,candidate_5,candidate_1,5,0.028000000000000004
181,candidate_4,candidate_2,candidate_3,candidate_5,candidate_1,5,0.028000000000000004
182,candidate_4,candidate_2,candidate_3,candidate_5,candidate_1,5,0.028000000000000004
183,candidate_4,candidate_2,candidate_3,candidate_5,candidate_1,5,0.028000000000000004
184,candidate_4,candidate_2,candidate_3,candidate_5,candidate_1,5,0.028000000000000004
185,candidate_4,candidate_2,candidate_3,candidate_5,candidate_1,5,0.028000000000000004
186,candidate_4,candidate_2,candidate_3,candidate_5,candidate_1,5,0.028000000000000004
187,candidate_4,candidate_2,candidate_3,candidate_5,candidate_1,5,0.028000000000000004
188,candidate_4,candidate_2,candidate_3,candidate_5,candidate_1,5,0.028000000000000004
189,candidate_4,candidate_2,candidate_3,candidate_5,candidate_1,5,0.028000000000000004
190,candidate_4,candidate_2,candidate_3,candidate_5,candidate_1,5,0.028000000000000004
191,candidate_4,candidate_2,candidate_3,candidate_5,candidate_1,5,0.028000000000000004
192,candidate_4,candidate_2,candidate_3,candidate_5,candidate_1,5,0.028000000000000004
193,candidate_4,candidate_2,candidate_3,candidate_5,candidate_1,5,0.028000000000000004
194,candidate_4,candidate_2,candidate_3,candidate_5,candidate_1,5,0.028000000000000004
195,candidate_4,candidate_2,candidate_3,candidate_5,candidate_1,5,0.028000000000000004
196,candidate_4,candidate_2,candidate_3,candidate_5,candidate_1,5,0.028000000000000004
197,candidate_4,candidate_2,candidate_3,candidate_5,candidate_1,5,0.028000000000000004
198,candidate_4,candidate_2,candidate_3,candidate_5,candidate_1,5,0.028000000000000004
199,candidate_4,candidate_2,candidate_3,candidate_5,candidate_1,5,0.028000000000000004
200,candidate_4,candidate_2,candidate_3,candidate_5,candidate_1,5,0.028000000000000004
201,candidate_4,candidate_2,candidate_3,candidate_5,candidate_1,5,0.028000000000000004
202,candidate_4,candidate_2,candidate_3,candidate_5,candidate_1,5,0.028000000000000004
203,candidate_4,candidate_2,candidate_3,candidate_5,candidate_1,5,0.028000000000000004
204,candidate_4,candidate_2,candidate_3,candidate_5,candidate_1,5,0.028000000000000004
205,candidate_4,candidate_2,candidate_3,candidate_5,candidate_1,5,0.028000000000000004
206,candidate_4,candidate_2,candidate_3,candidate_5,candidate_1,5,0.028000000000000004
207,candidate_4,candidate_2,candidate_3,candidate_5,candidate_1,5,0.028000000000000004
208,candidate_4,candidate_2,candidate_3,candidate_5,candidate_1,5,0.028000000000000004
209,candidate_4,candidate_2,candidate_3,candidate_5,candidate_1,5,0.028000000000000004
210,candidate_4,candidate_2,candidate_3,candidate_5,candidate_1,5,0.028000000000000004
211,candidate_4,candidate_2,candidate_3,candidate_5,candidate_1,5,0.028000000000000004
212,candidate_4,candidate_2,candidate_3,candidate_5,candidate_1,5,0.028000000000000004
213,candidate_4,candidate_2,candidate_3,candidate_5,candidate_1,5,0.028000000000000004
214,candidate_4,candidate_2,0,candidate_5,candidate_1,5,0.028000000000000004
215,candidate_4,candidate_2,candidate_3,candidate_5,candidate_1,5,0.028000000000000004
216,candidate_4,candidate_2,candidate_3,0,candidate_1,5,0.028000000000000004
217,candidate_4,candidate_2,candidate_3,candidate_5,candidate_1,5,0.028000000000000004
218,candidate_4,candidate_2,candidate_3,candidate_5,candidate_1,5,0.028000000000000004
219,candidate_4,candidate_2,candidate_3,0,candidate_1,5,0.028000000000000004
220,candidate_4,candidate_2,candidate_3,candidate_5,candidate_1,5,0.028000000000000004
221,candidate_4,candidate_2,candidate_3,candidate_5,candidate_1,5,0.028000000000000004
222,candidate_4,candidate_2,candidate_3,candidate_5,candidate_1,5,0.028000000000000004
223,candidate_4,candidate_2,candidate_3,candidate_5,candidate_1,5,0.028000000000000004
224,candidate_4,candidate_2,candidate_3,candidate_5,candidate_1,5,0.028000000000000004
225,candidate_4,candidate_2,candidate_3,candidate_5,0,5,0.028000000000000004
226,candidate_4,candidate_2,candidate_3,candidate_5,candidate_1,5,0.028000000000000004
227,0,candidate_2,candidate_3,candidate_5,candidate_1,5,0.028000000000000004
228,candidate_4,candidate_2,candidate_3,candidate_5,candidate_1,5,0.028000000000000004
229,candidate_4,candidate_2,candidate_3,candidate_5,candidate_1,5,0.028000000000000004
230,candidate_4,candidate_2,candidate_3,candidate_5,candidate_1,5,0.028000000000000004
231,candidate_4,candidate_2,candidate_3,candidate_5,candidate_1,5,0.028000000000000004
232,candidate_4,candidate_2,candidate_3,candidate_5,candidate_1,5,0.028000000000000004
233,candidate_4,candidate_2,candidate_3,candidate_5,candidate_1,5,0.028000000000000004
234,candidate_4,candidate_2,candidate_3,candidate_5,candidate_1,5,0.028000000000000004
235,candidate_4,candidate_2,candidate_3,candidate_5,candidate_1,5,0.028000000000000004
236,candidate_4,candidate_2,candidate_3,0,candidate_1,5,0.028000000000000004
237,candidate_4,0,candidate_3,candidate_5,candidate_1,5,0.028000000000000004
238,candidate_4,candidate_2,candidate_3,candidate_5,0,5,0.028000000000000004
239,candidate_4,candidate_2,candidate_3,candidate_5,candidate_1,5,0.028000000000000004
240,candidate_4,candidate_2,candidate_3,candidate_5,candidate_1,5,0.028000000000000004
241,candidate_4,candidate_2,candidate_3,candidate_5,candidate_1,5,0.028000000000000004
242,candidate_4,candidate_2,candidate_3,candidate_5,candidate_1,5,0.028000000000000004
243,candidate_4,candidate_2,candidate_3,candidate_5,candidate_1,5,0.028000000000000004
244,candidate_4,candidate_2,candidate_3,candidate_5,candidate_1,5,0.028000000000000004
245,candidate_4,candidate_2,candidate_3,candidate_5,candidate_1,5,0.028000000000000004
246,candidate_4,candidate_2,candidate_3,candidate_5,candidate_1,5,0.028000000000000004
247,candidate_4,candidate_2,candidate_3,candidate_5,candidate_1,5,0.028000000000000004
248,candidate_4,0,candidate_3,candidate_5,candidate_1,5,0.028000000000000004
249,candidate_4,candidate_2,candidate_3,candidate_5,candidate_1,5,0.028000000000000004
250,candidate_4,candidate_2,candidate_3,candidate_5,candidate_1,5,0.028000000000000004
251,candidate_4,candidate_2,candidate_3,candidate_5,candidate_1,5,0.028000000000000004
252,candidate_4,candidate_2,candidate_3,candidate_5,candidate_1,5,0.028000000000000004
253,candidate_4,candidate_2,candidate_3,candidate_5,candidate_1,5,0.028000000000000004
254,candidate_4,candidate_2,candidate_3,candidate_5,candidate_1,5,0.028000000000000004
255,candidate_4,candidate_2,candidate_3,candidate_5,candidate_1,5,0.028000000000000004
256,candidate_4,candidate_2,candidate_3,candidate_5,candidate_1,5,0.028000000000000004
257,candidate_4,candidate_2,candidate_3,candidate_5,candidate_1,5,0.028000000000000004
258,candidate_4,candidate_2,candidate_3,candidate_5,candidate_1,5,0.028000000000000004
259,candidate_4,0,candidate_3,candidate_5,candidate_1,5,0.028000000000000004
260,candidate_4,candidate_2,candidate_3,candidate_5,candidate_1,5,0.028000000000000004
261,candidate_4,candidate_2,candidate_3,candidate_5,candidate_1,5,0.028000000000000004
262,candidate_4,0,candidate_3,candidate_5,candidate_1,5,0.028000000000000004
263,candidate_4,candidate_2,candidate_3,candidate_5,candidate_1,5,0.028000000000000004
264,candidate_4,candidate_2,candidate_3,candidate_5,candidate_1,5,0.028000000000000004
265,candidate_4,candidate_2,candidate_3,candidate_5,candidate_1,5,0.028000000000000004
266,candidate_4,candidate_2,0,candidate_5,candidate_1,5,0.028000000000000004
267,candidate_4,candidate_2,candidate_3,candidate_5,candidate_1,5,0.028000000000000004
268,0,candidate_2,candidate_3,candidate_5,candidate_1,5,0.028000000000000004
269,candidate_4,candidate_2,candidate_3,candidate_5,candidate_1,5,0.028000000000000004
270,candidate_4,candidate_2,candidate_3,candidate_5,candidate_1,5,0.028000000000000004
271,candidate_4,candidate_2,candidate_3,candidate_5,candidate_1,5,0.028000000000000004
272,candidate_4,candidate_2,candidate_3,candidate_5,candidate_1,5,0.028000000000000004
273,candidate_4,candidate_2,candidate_3,candidate_5,candidate_1,5,0.028000000000000004
274,candidate_4,candidate_2,candidate_3,candidate_5,candidate_1,5,0.028000000000000004
275,candidate_4,candidate_2,candidate_3,candidate_5,candidate_1,5,0.028000000000000004
276,candidate_4,candidate_2,candidate_3,candidate_5,candidate_1,5,0.028000000000000004
277,candidate_4,candidate_2,0,candidate_5,candidate_1,5,0.028000000000000004
278,candidate_4,candidate_2,candidate_3,candidate_5,candidate_1,5,0.028000000000000004
279,candidate_4,candidate_2,candidate_3,candidate_5,candidate_1,5,0.028000000000000004
280,candidate_4,candidate_2,candidate_3,candidate_5,candidate_1,5,0.028000000000000004
281,candidate_4,candidate_2,candidate_3,candidate_5,candidate_1,5,0.028000000000000004
282,candidate_4,candidate_2,candidate_3,candidate_5,candidate_1,5,0.028000000000000004
283,candidate_4,candidate_2,candidate_3,candidate_5,candidate_1,5,0.028000000000000004
284,candidate_4,candidate_2,candidate_3,candidate_5,candidate_1,5,0.028000000000000004
285,candidate_4,candidate_2,candidate_3,candidate_5,candidate_1,5,0.028000000000000004
286,candidate_4,0,candidate_3,candidate_5,candidate_1,5,0.028000000000000004
287,candidate_4,candidate_2,candidate_3,candidate_5,candidate_1,5,0.028000000000000004
288,candidate_4,candidate_2,candidate_3,candidate_5,candidate_1,5,0.028000000000000004
289,candidate_4,candidate_2,candidate_3,candidate_5,candidate_1,5,0.028000000000000004
290,candidate_4,candidate_2,candidate_3,candidate_5,candidate_1,5,0.028000000000000004
291,candidate_4,candidate_2,candidate_3,candidate_5,candidate_1,5,0.028000000000000004
292,candidate_4,candidate_2,candidate_3,candidate_5,candidate_1,5,0.028000000000000004
293,candidate_4,candidate_2,candidate_3,candidate_5,candidate_1,5,0.028000000000000004
294,candidate_4,candidate_2,candidate_3,candidate_5,0,5,0.028000000000000004
295,candidate_4,candidate_2,candidate_3,candidate_5,candidate_1,5,0.028000000000000004
296,candidate_4,candidate_2,candidate_3,candidate_5,candidate_1,5,0.028000000000000004
297,candidate_4,candidate_2,candidate_3,candidate_5,candidate_1,5,0.028000000000000004
298,candidate_4,candidate_2,candidate_3,candidate_5,candidate_1,5,0.028000000000000004
299,candidate_4,candidate_2,candidate_3,candidate_5,candidate_1,5,0.028000000000000004
300,candidate_4,candidate_2,candidate_3,candidate_5,candidate_1,5,0.028000000000000004
301,0,candidate_2,candidate_3,candidate_5,candidate_1,5,0.028000000000000004
302,candidate_4,candidate_2,candidate_3,candidate_5,0,5,0.028000000000000004
303,candidate_4,candidate_2,candidate_3,candidate_5,candidate_1,5,0.028000000000000004
304,candidate_4,candidate_2,candidate_3,candidate_5,candidate_1,5,0.028000000000000004
305,candidate_4,candidate_2,candidate_3,candidate_5,candidate_1,5,0.028000000000000004
306,candidate_4,candidate_2,candidate_3,0,candidate_1,5,0.028000000000000004
307,candidate_4,candidate_2,candidate_3,candidate_5,candidate_1,5,0.028000000000000004
308,candidate_4,candidate_2,candidate_3,candidate_5,candidate_1,5,0.028000000000000004
309,candidate_4,candidate_2,candidate_3,candidate_5,candidate_1,5,0.028000000000000004
310,candidate_4,candidate_2,candidate_3,candidate_5,candidate_1,5,0.028000000000000004
311,0,candidate_2,candidate_3,candidate_5,candidate_1,5,0.028000000000000004
312,candidate_4,candidate_2,candidate_3,candidate_5,0,5,0.028000000000000004
313,candidate_4,candidate_2,candidate_3,candidate_5,candidate_1,5,0.028000000000000004
314,candidate_4,candidate_2,candidate_3,candidate_5,candidate_1,5,0.028000000000000004
315,candidate_4,candidate_2,candidate_3,candidate_5,candidate_1,5,0.028000000000000004
316,candidate_4,candidate_2,0,candidate_5,candidate_1,5,0.028000000000000004
317,candidate_4,candidate_2,candidate_3,candidate_5,candidate_1,5,0.028000000000000004
318,candidate_4,candidate_2,candidate_3,candidate_5,candidate_1,5,0.028000000000000004
319,candidate_4,candidate_2,candidate_3,candidate_5,candidate_1,5,0.028000000000000004
320,candidate_4,candidate_2,candidate_3,candidate_5,candidate_1,5,0.028000000000000004
321,candidate_4,candidate_2,candidate_3,candidate_5,candidate_1,5,0.028000000000000004
322,candidate_4,candidate_2,candidate_3,candidate_5,0,5,0.028000000000000004
323,candidate_4,candidate_2,0,candidate_5,candidate_1,5,0.028000000000000004
324,candidate_4,candidate_2,candidate_3,candidate_5,candidate_1,5,0.028000000000000004
325,candidate_4,candidate_2,candidate_3,candidate_5,candidate_1,5,0.028000000000000004
326,candidate_4,candidate_2,candidate_3,candidate_5,0,5,0.028000000000000004
327,candidate_4,candidate_2,candidate_3,candidate_5,candidate_1,5,0.028000000000000004
328,candidate_4,candidate_2,candidate_3,candidate_5,candidate_1,5,0.028000000000000004
329,candidate_4,candidate_2,candidate_3,candidate_5,candidate_1,5,0.028000000000000004
330,candidate_4,candidate_2,candidate_3,candidate_5,candidate_1,5,0.028000000000000004
331,candidate_4,candidate_2,candidate_3,candidate_5,candidate_1,5,0.028000000000000004
332,candidate_4,candidate_2,candidate_3,candidate_5,candidate_1,5,0.028000000000000004
333,candidate_4,candidate_2,candidate_3,candidate_5,candidate_1,5,0.028000000000000004
334,candidate_4,candidate_2,candidate_3,candidate_5,candidate_1,5,0.028000000000000004
335,candidate_4,candidate_2,candidate_3,candidate_5,candidate_1,5,0.028000000000000004
336,candidate_4,candidate_2,candidate_3,candidate_5,candidate_1,5,0.028000000000000004
337,candidate_4,candidate_2,candidate_3,candidate_5,candidate_1,5,0.028000000000000004
338,candidate_4,candidate_2,candidate_3,candidate_5,candidate_1,5,0.028000000000000004
339,candidate_4,candidate_2,candidate_3,candidate_5,candidate_1,5,0.028000000000000004
340,candidate_4,candidate_2,candidate_3,candidate_5,candidate_1,5,0.028000000000000004
341,candidate_4,candidate_2,candidate_3,candidate_5,candidate_1,5,0.028000000000000004
342,candidate_4,candidate_2,0,candidate_5,candidate_1,5,0.028000000000000004
343,candidate_4,candidate_2,candidate_3,candidate_5,candidate_1,5,0.028000000000000004
344,candidate_4,candidate_2,candidate_3,candidate_5,candidate_1,5,0.028000000000000004
345,candidate_4,candidate_2,candidate_3,candidate_5,candidate_1,5,0.028000000000000004
346,candidate_4,candidate_2,candidate_3,candidate_5,candidate_1,5,0.028000000000000004
347,candidate_4,candidate_2,candidate_3,candidate_5,candidate_1,5,0.028000000000000004
348,candidate_4,candidate_2,candidate_3,candidate_5,candidate_1,5,0.028000000000000004
349,candidate_4,candidate_2,candidate_3,candidate_5,candidate_1,5,0.028000000000000004
350,candidate_4,candidate_2,candidate_3,candidate_5,candidate_1,5,0.028000000000000004
351,candidate_4,candidate_2,candidate_3,candidate_5,candidate_1,5,0.028000000000000004
352,candidate_4,candidate_2,candidate_3,candidate_5,candidate_1,5,0.028000000000000004
353,candidate_4,candidate_2,candidate_3,candidate_5,candidate_1,5,0.028000000000000004
354,candidate_4,candidate_2,candidate_3,candidate_5,candidate_1,5,0.028000000000000004
355,candidate_4,candidate_2,candidate_3,candidate_5,candidate_1,5,0.028000000000000004
356,candidate_4,candidate_2,candidate_3,candidate_5,candidate_1,5,0.028000000000000004
357,candidate_4,candidate_2,candidate_3,candidate_5,candidate_1,5,0.028000000000000004
358,candidate_4,candidate_2,candidate_3,candidate_5,candidate_1,5,0.028000000000000004
359,candidate_4,candidate_2,candidate_3,candidate_5,candidate_1,5,0.028000000000000004
360,candidate_4,0,candidate_3,candidate_5,candidate_1,5,0.028000000000000004
361,candidate_4,candidate_2,candidate_3,candidate_5,candidate_1,5,0.028000000000000004
362,candidate_4,candidate_2,candidate_3,candidate_5,candidate_1,5,0.028000000000000004
363,candidate_4,candidate_2,candidate_3,candidate_5,candidate_1,5,0.028000000000000004
364,candidate_4,candidate_2,candidate_3,candidate_5,candidate_1,5,0.028000000000000004
365,candidate_4,candidate_2,candidate_3,candidate_5,candidate_1,5,0.028000000000000004
366,candidate_4,candidate_2,candidate_3,candidate_5,candidate_1,5,0.028000000000000004
367,candidate_4,candidate_2,candidate_3,candidate_5,candidate_1,5,0.028000000000000004
368,candidate_4,candidate_2,candidate_3,candidate_5,candidate_1,5,0.028000000000000004
369,candidate_4,candidate_2,candidate_3,candidate_5,candidate_1,5,0.028000000000000004
370,candidate_4,candidate_2,candidate_3,candidate_5,candidate_1,5,0.028000000000000004
371,candidate_4,candidate_2,candidate_3,candidate_5,0,5,0.028000000000000004
372,candidate_4,candidate_2,candidate_3,candidate_5,candidate_1,5,0.028000000000000004
373,candidate_4,candidate_2,candidate_3,candidate_5,candidate_1,5,0.028000000000000004
374,candidate_4,candidate_2,candidate_3,candidate_5,candidate_1,5,0.028000000000000004
375,candidate_4,candidate_2,candidate_3,candidate_5,candidate_1,5,0.028000000000000004
376,candidate_4,candidate_2,candidate_3,candidate_5,candidate_1,5,0.028000000000000004
377,candidate_4,candidate_2,candidate_3,candidate_5,candidate_1,5,0.028000000000000004
378,candidate_4,candidate_2,candidate_3,candidate_5,candidate_1,5,0.028000000000000004
379,candidate_4,candidate_2,candidate_3,0,candidate_1,5,0.028000000000000004
380,candidate_4,candidate_2,candidate_3,candidate_5,candidate_1,5,0.028000000000000004
381,candidate_4,candidate_2,candidate_3,candidate_5,candidate_1,5,0.028000000000000004
382,candidate_4,candidate_2,candidate_3,candidate_5,candidate_1,5,0.028000000000000004
383,candidate_4,candidate_2,candidate_3,candidate_5,candidate_1,5,0.028000000000000004
384,candidate_4,candidate_2,candidate_3,candidate_5,candidate_1,5,0.028000000000000004
385,candidate_4,candidate_2,candidate_3,candidate_5,candidate_1,5,0.028000000000000004
386,candidate_4,candidate_2,candidate_3,candidate_5,candidate_1,5,0.028000000000000004
387,candidate_4,candidate_2,candidate_3,candidate_5,candidate_1,5,0.028000000000000004
388,candidate_4,candidate_2,candidate_3,candidate_5,candidate_1,5,0.028000000000000004
389,candidate_4,candidate_2,candidate_3,candidate_5,candidate_1,5,0.028000000000000004
390,candidate_4,candidate_2,candidate_3,candidate_5,candidate_1,5,0.028000000000000004
391,candidate_4,candidate_2,candidate_3,candidate_5,candidate_1,5,0.028000000000000004
392,candidate_4,candidate_2,candidate_3,0,candidate_1,5,0.028000000000000004
393,candidate_4,candidate_2,candidate_3,candidate_5,candidate_1,5,0.028000000000000004
394,candidate_4,candidate_2,candidate_3,candidate_5,candidate_1,5,0.028000000000000004
395,candidate_4,candidate_2,candidate_3,candidate_5,candidate_1,5,0.028000000000000004
396,candidate_4,candidate_2,candidate_3,candidate_5,candidate_1,5,0.028000000000000004
397,candidate_4,0,candidate_3,candidate_5,candidate_1,5,0.028000000000000004
398,candidate_4,candidate_2,candidate_3,candidate_5,candidate_1,5,0.028000000000000004
399,candidate_4,candidate_2,candidate_3,candidate_5,candidate_1,5,0.028000000000000004
400,candidate_4,candidate_2,candidate_3,candidate_5,candidate_1,5,0.028000000000000004
401,candidate_4,candidate_2,candidate_3,candidate_5,candidate_1,5,0.028000000000000004
402,candidate_4,candidate_2,candidate_3,candidate_5,candidate_1,5,0.028000000000000004
403,0,candidate_2,candidate_3,candidate_5,candidate_1,5,0.028000000000000004
404,candidate_4,candidate_2,0,candidate_5,candidate_1,5,0.028000000000000004
405,candidate_4,candidate_2,candidate_3,candidate_5,candidate_1,5,0.028000000000000004
406,candidate_4,candidate_2,0,candidate_5,candidate_1,5,0.028000000000000004
407,candidate_4,candidate_2,candidate_3,candidate_5,candidate_1,5,0.028000000000000004
408,candidate_4,candidate_2,candidate_3,candidate_5,candidate_1,5,0.028000000000000004
409,candidate_4,candidate_2,candidate_3,candidate_5,candidate_1,5,0.028000000000000004
410,candidate_4,candidate_2,candidate_3,candidate_5,candidate_1,5,0.028000000000000004
411,candidate_4,candidate_2,candidate_3,candidate_5,candidate_1,5,0.028000000000000004
412,candidate_4,candidate_2,candidate_3,candidate_5,candidate_1,5,0.028000000000000004
413,candidate_4,candidate_2,candidate_3,candidate_5,candidate_1,5,0.028000000000000004
414,candidate_4,candidate_2,candidate_3,candidate_5,candidate_1,5,0.028000000000000004
415,candidate_4,candidate_2,candidate_3,candidate_5,candidate_1,5,0.028000000000000004
416,candidate_4,candidate_2,candidate_3,candidate_5,candidate_1,5,0.028000000000000004
417,candidate_4,candidate_2,candidate_3,candidate_5,candidate_1,5,0.028000000000000004
418,candidate_4,candidate_2,0,candidate_5,candidate_1,5,0.028000000000000004
419,candidate_4,candidate_2,candidate_3,candidate_5,candidate_1,5,0.028000000000000004
420,candidate_4,candidate_2,candidate_3,candidate_5,candidate_1,5,0.028000000000000004
421,candidate_4,candidate_2,candidate_3,candidate_5,candidate_1,5,0.028000000000000004
422,candidate_4,candidate_2,candidate_3,candidate_5,candidate_1,5,0.028000000000000004
423,candidate_4,0,candidate_3,candidate_5,candidate_1,5,0.028000000000000004
424,candidate_4,candidate_2,candidate_3,candidate_5,0,5,0.028000000000000004
425,candidate_4,candidate_2,0,candidate_5,candidate_1,5,0.028000000000000004
426,candidate_4,candidate_2,candidate_3,candidate_5,candidate_1,5,0.028000000000000004
427,candidate_4,candidate_2,candidate_3,candidate_5,candidate_1,5,0.028000000000000004
428,candidate_4,candidate_2,candidate_3,candidate_5,candidate_1,5,0.028000000000000004
429,candidate_4,candidate_2,candidate_3,candidate_5,candidate_1,5,0.028000000000000004
430,candidate_4,candidate_2,0,candidate_5,candidate_1,5,0.028000000000000004
431,candidate_4,candidate_2,candidate_3,candidate_5,candidate_1,5,0.028000000000000004
432,candidate_4,candidate_2,candidate_3,candidate_5,candidate_1,5,0.028000000000000004
433,candidate_4,candidate_2,candidate_3,candidate_5,candidate_1,5,0.028000000000000004
434,candidate_4,candidate_2,candidate_3,candidate_5,candidate_1,5,0.028000000000000004
435,candidate_4,candidate_2,candidate_3,candidate_5,candidate_1,5,0.028000000000000004
436,candidate_4,candidate_2,candidate_3,candidate_5,0,5,0.028000000000000004
437,candidate_4,candidate_2,candidate_3,candidate_5,candidate_1,5,0.028000000000000004
438,candidate_4,candidate_2,candidate_3,candidate_5,candidate_1,5,0.028000000000000004
439,candidate_4,candidate_2,candidate_3,candidate_5,candidate_1,5,0.028000000000000004
440,candidate_4,candidate_2,candidate_3,candidate_5,candidate_1,5,0.028000000000000004
441,candidate_4,candidate_2,candidate_3,candidate_5,candidate_1,5,0.028000000000000004
442,candidate_4,candidate_2,candidate_3,candidate_5,candidate_1,5,0.028000000000000004
443,candidate_4,candidate_2,candidate_3,candidate_5,candidate_1,5,0.028000000000000004
444,candidate_4,candidate_2,candidate_3,candidate_5,candidate_1,5,0.028000000000000004
445,candidate_4,candidate_2,candidate_3,candidate_5,candidate_1,5,0.028000000000000004
446,candidate_4,0,candidate_3,candidate_5,candidate_1,5,0.028000000000000004
447,candidate_4,candidate_2,candidate_3,candidate_5,candidate_1,5,0.028000000000000004
448,candidate_4,candidate_2,candidate_3,candidate_5,candidate_1,5,0.028000000000000004
449,candidate_4,candidate_2,candidate_3,0,candidate_1,5,0.028000000000000004
450,candidate_4,candidate_2,candidate_3,candidate_5,candidate_1,5,0.028000000000000004
451,candidate_4,candidate_2,candidate_3,candidate_5,candidate_1,5,0.028000000000000004
452,candidate_4,candidate_2,candidate_3,candidate_5,candidate_1,5,0.028000000000000004
453,candidate_4,0,candidate_3,candidate_5,candidate_1,5,0.028000000000000004
454,candidate_4,candidate_2,candidate_3,candidate_5,candidate_1,5,0.028000000000000004
455,candidate_4,candidate_2,candidate_3,candidate_5,candidate_1,5,0.028000000000000004
456,candidate_4,candidate_2,candidate_3,candidate_5,candidate_1,5,0.028000000000000004
457,candidate_4,candidate_2,candidate_3,candidate_5,candidate_1,5,0.028000000000000004
458,candidate_4,candidate_2,candidate_3,candidate_5,candidate_1,5,0.028000000000000004
459,candidate_4,candidate_2,candidate_3,candidate_5,candidate_1,5,0.028000000000000004
460,candidate_4,candidate_2,candidate_3,candidate_5,candidate_1,5,0.028000000000000004
461,candidate_4,candidate_2,candidate_3,candidate_5,candidate_1,5,0.028000000000000004
462,candidate_4,candidate_2,candidate_3,candidate_5,candidate_1,5,0.028000000000000004
463,candidate_4,candidate_2,candidate_3,candidate_5,candidate_1,5,0.028000000000000004
464,candidate_4,candidate_2,candidate_3,candidate_5,candidate_1,5,0.028000000000000004
465,candidate_4,candidate_2,candidate_3,candidate_5,candidate_1,5,0.028000000000000004
466,candidate_4,candidate_2,candidate_3,candidate_5,candidate_1,5,0.028000000000000004
467,candidate_4,candidate_2,candidate_3,candidate_5,candidate_1,5,0.028000000000000004
468,candidate_4,candidate_2,candidate_3,candidate_5,candidate_1,5,0.028000000000000004
469,candidate_4,candidate_2,candidate_3,candidate_5,candidate_1,5,0.028000000000000004
470,candidate_4,candidate_2,candidate_3,candidate_5,candidate_1,5,0.028000000000000004
471,candidate_4,candidate_2,candidate_3,candidate_5,candidate_1,5,0.028000000000000004
472,candidate_4,0,candidate_3,candidate_5,candidate_1,5,0.028000000000000004
473,candidate_4,candidate_2,candidate_3,candidate_5,candidate_1,5,0.028000000000000004
0,candidate_4,candidate_2,candidate_5,candidate_1,candidate_3,5,0.028000000000000004
1,candidate_4,candidate_2,candidate_5,candidate_1,candidate_3,5,0.028000000000000004
2,candidate_4,candidate_2,candidate_5,candidate_1,candidate_3,5,0.028000000000000004
3,candidate_4,0,candidate_5,candidate_1,candidate_3,5,0.028000000000000004
4,candidate_4,candidate_2,candidate_5,candidate_1,candidate_3,5,0.028000000000000004
5,candidate_4,candidate_2,candidate_5,candidate_1,candidate_3,5,0.028000000000000004
6,candidate_4,candidate_2,candidate_5,candidate_1,candidate_3,5,0.028000000000000004
7,candidate_4,candidate_2,candidate_5,candidate_1,candidate_3,5,0.028000000000000004
8,candidate_4,candidate_2,candidate_5,candidate_1,candidate_3,5,0.028000000000000004
9,candidate_4,candidate_2,candidate_5,candidate_1,candidate_3,5,0.028000000000000004
10,candidate_4,candidate_2,candidate_5,candidate_1,candidate_3,5,0.028000000000000004
11,candidate_4,candidate_2,candidate_5,candidate_1,candidate_3,5,0.028000000000000004
12,candidate_4,candidate_2,candidate_5,candidate_1,candidate_3,5,0.028000000000000004
13,candidate_4,candidate_2,candidate_5,candidate_1,candidate_3,5,0.028000000000000004
14,candidate_4,candidate_2,candidate_5,candidate_1,candidate_3,5,0.028000000000000004
15,candidate_4,0,candidate_5,candidate_1,0,5,0.028000000000000004
16,candidate_4,candidate_2,candidate_5,candidate_1,candidate_3,5,0.028000000000000004
17,candidate_4,candidate_2,candidate_5,candidate_1,candidate_3,5,0.028000000000000004
18,candidate_4,candidate_2,candidate_5,candidate_1,candidate_3,5,0.028000000000000004
19,candidate_4,candidate_2,candidate_5,candidate_1,candidate_3,5,0.028000000000000004
20,candidate_4,candidate_2,candidate_5,candidate_1,candidate_3,5,0.028000000000000004
21,candidate_4,candidate_2,candidate_5,candidate_1,candidate_3,5,0.028000000000000004
22,candidate_4,candidate_2,candidate_5,candidate_1,candidate_3,5,0.028000000000000004
23,candidate_4,candidate_2,candidate_5,candidate_1,candidate_3,5,0.028000000000000004
24,candidate_4,candidate_2,candidate_5,candidate_1,candidate_3,5,0.028000000000000004
25,candidate_4,candidate_2,candidate_5,candidate_1,candidate_3,5,0.028000000000000004
26,candidate_4,candidate_2,candidate_5,candidate_1,candidate_3,5,0.028000000000000004
27,candidate_4,candidate_2,candidate_5,candidate_1,0,5,0.028000000000000004
28,candidate_4,candidate_2,candidate_5,candidate_1,candidate_3,5,0.028000000000000004
29,candidate_4,candidate_2,candidate_5,candidate_1,candidate_3,5,0.028000000000000004
30,candidate_4,candidate_2,candidate_5,candidate_1,candidate_3,5,0.028000000000000004
31,candidate_4,candidate_2,candidate_5,candidate_1,candidate_3,5,0.028000000000000004
32,candidate_4,candidate_2,candidate_5,candidate_1,candidate_3,5,0.028000000000000004
33,candidate_4,candidate_2,candidate_5,candidate_1,candidate_3,5,0.028000000000000004
34,candidate_4,candidate_2,candidate_5,candidate_1,candidate_3,5,0.028000000000000004
35,candidate_4,candidate_2,candidate_5,candidate_1,candidate_3,5,0.028000000000000004
36,candidate_4,candidate_2,candidate_5,candidate_1,candidate_3,5,0.028000000000000004
37,candidate_4,candidate_2,candidate_5,candidate_1,candidate_3,5,0.028000000000000004
38,candidate_4,candidate_2,candidate_5,candidate_1,candidate_3,5,0.028000000000000004
39,candidate_4,candidate_2,candidate_5,candidate_1,candidate_3,5,0.028000000000000004
40,candidate_4,candidate_2,candidate_5,candidate_1,candidate_3,5,0.028000000000000004
41,candidate_4,candidate_2,candidate_5,candidate_1,candidate_3,5,0.028000000000000004
42,candidate_4,candidate_2,candidate_5,candidate_1,candidate_3,5,0.028000000000000004
43,candidate_4,candidate_2,candidate_5,candidate_1,0,5,0.028000000000000004
44,candidate_4,candidate_2,candidate_5,candidate_1,candidate_3,5,0.028000000000000004
45,candidate_4,candidate_2,candidate_5,candidate_1,candidate_3,5,0.028000000000000004
46,candidate_4,candidate_2,candidate_5,candidate_1,candidate_3,5,0.028000000000000004
47,candidate_4,candidate_2,candidate_5,candidate_1,candidate_3,5,0.028000000000000004
48,candidate_4,candidate_2,candidate_5,candidate_1,candidate_3,5,0.028000000000000004
49,candidate_4,candidate_2,candidate_5,candidate_1,candidate_3,5,0.028000000000000004
50,candidate_4,candidate_2,candidate_5,candidate_1,candidate_3,5,0.028000000000000004
51,candidate_4,candidate_2,candidate_5,candidate_1,candidate_3,5,0.028000000000000004
52,candidate_4,candidate_2,candidate_5,candidate_1,candidate_3,5,0.028000000000000004
53,candidate_4,candidate_2,candidate_5,candidate_1,candidate_3,5,0.028000000000000004
54,candidate_4,candidate_2,candidate_5,candidate_1,candidate_3,5,0.028000000000000004
55,candidate_4,candidate_2,candidate_5,candidate_1,candidate_3,5,0.028000000000000004
56,candidate_4,candidate_2,candidate_5,candidate_1,candidate_3,5,0.028000000000000004
57,candidate_4,candidate_2,candidate_5,candidate_1,candidate_3,5,0.028000000000000004
58,candidate_4,candidate_2,candidate_5,candidate_1,candidate_3,5,0.028000000000000004
59,candidate_4,candidate_2,candidate_5,candidate_1,candidate_3,5,0.028000000000000004
60,candidate_4,candidate_2,candidate_5,candidate_1,candidate_3,5,0.028000000000000004
61,candidate_4,candidate_2,candidate_5,candidate_1,candidate_3,5,0.028000000000000004
62,candidate_4,candidate_2,candidate_5,candidate_1,candidate_3,5,0.028000000000000004
63,candidate_4,candidate_2,candidate_5,candidate_1,candidate_3,5,0.028000000000000004
64,candidate_4,candidate_2,candidate_5,candidate_1,candidate_3,5,0.028000000000000004
65,candidate_4,candidate_2,candidate_5,candidate_1,candidate_3,5,0.028000000000000004
66,candidate_4,candidate_2,candidate_5,candidate_1,candidate_3,5,0.028000000000000004
67,candidate_4,candidate_2,candidate_5,candidate_1,candidate_3,5,0.028000000000000004
68,candidate_4,candidate_2,candidate_5,candidate_1,candidate_3,5,0.028000000000000004
69,candidate_4,candidate_2,0,candidate_1,candidate_3,5,0.028000000000000004
70,candidate_4,candidate_2,candidate_5,candidate_1,0,5,0.028000000000000004
71,candidate_4,candidate_2,candidate_5,candidate_1,candidate_3,5,0.028000000000000004
72,candidate_4,candidate_2,candidate_5,candidate_1,candidate_3,5,0.028000000000000004
73,candidate_4,candidate_2,candidate_5,candidate_1,candidate_3,5,0.028000000000000004
74,candidate_4,candidate_2,candidate_5,candidate_1,candidate_3,5,0.028000000000000004
75,candidate_4,candidate_2,candidate_5,candidate_1,candidate_3,5,0.028000000000000004
76,candidate_4,candidate_2,candidate_5,candidate_1,candidate_3,5,0.028000000000000004
77,candidate_4,candidate_2,candidate_5,candidate_1,candidate_3,5,0.028000000000000004
78,candidate_4,candidate_2,candidate_5,candidate_1,candidate_3,5,0.028000000000000004
79,candidate_4,candidate_2,candidate_5,candidate_1,candidate_3,5,0.028000000000000004
80,candidate_4,candidate_2,candidate_5,candidate_1,candidate_3,5,0.028000000000000004
81,candidate_4,candidate_2,candidate_5,candidate_1,candidate_3,5,0.028000000000000004
82,candidate_4,candidate_2,candidate_5,candidate_1,candidate_3,5,0.028000000000000004
83,candidate_4,0,candidate_5,candidate_1,candidate_3,5,0.028000000000000004
84,candidate_4,candidate_2,candidate_5,candidate_1,candidate_3,5,0.028000000000000004
85,candidate_4,candidate_2,candidate_5,candidate_1,candidate_3,5,0.028000000000000004
86,candidate_4,candidate_2,candidate_5,candidate_1,0,5,0.028000000000000004
87,candidate_4,candidate_2,candidate_5,candidate_1,candidate_3,5,0.028000000000000004
88,candidate_4,candidate_2,candidate_5,candidate_1,candidate_3,5,0.028000000000000004
89,candidate_4,candidate_2,candidate_5,candidate_1,candidate_3,5,0.028000000000000004
90,candidate_4,candidate_2,candidate_5,candidate_1,0,5,0.028000000000000004
91,candidate_4,candidate_2,candidate_5,candidate_1,candidate_3,5,0.028000000000000004
92,candidate_4,candidate_2,candidate_5,candidate_1,candidate_3,5,0.028000000000000004
93,candidate_4,candidate_2,candidate_5,candidate_1,candidate_3,5,0.028000000000000004
94,candidate_4,candidate_2,candidate_5,candidate_1,candidate_3,5,0.028000000000000004
95,candidate_4,candidate_2,candidate_5,candidate_1,candidate_3,5,0.028000000000000004
96,candidate_4,candidate_2,candidate_5,candidate_1,candidate_3,5,0.028000000000000004
97,candidate_4,candidate_2,candidate_5,candidate_1,candidate_3,5,0.028000000000000004
98,candidate_4,candidate_2,candidate_5,candidate_1,candidate_3,5,0.028000000000000004
99,candidate_4,candidate_2,candidate_5,candidate_1,candidate_3,5,0.028000000000000004
100,candidate_4,candidate_2,candidate_5,candidate_1,candidate_3,5,0.028000000000000004
101,candidate_4,candidate_2,candidate_5,candidate_1,candidate_3,5,0.028000000000000004
102,candidate_4,candidate_2,candidate_5,candidate_1,candidate_3,5,0.028000000000000004
103,candidate_4,candidate_2,candidate_5,candidate_1,candidate_3,5,0.028000000000000004
104,candidate_4,candidate_2,candidate_5,candidate_1,candidate_3,5,0.028000000000000004
105,candidate_4,candidate_2,candidate_5,candidate_1,candidate_3,5,0.028000000000000004
106,candidate_4,candidate_2,candidate_5,candidate_1,candidate_3,5,0.028000000000000004
107,candidate_4,candidate_2,candidate_5,candidate_1,candidate_3,5,0.028000000000000004
108,candidate_4,candidate_2,candidate_5,candidate_1,candidate_3,5,0.028000000000000004
109,candidate_4,0,candidate_5,candidate_1,candidate_3,5,0.028000000000000004
110,candidate_4,candidate_2,candidate_5,candidate_1,candidate_3,5,0.028000000000000004
111,candidate_4,candidate_2,candidate_5,candidate_1,candidate_3,5,0.028000000000000004
112,candidate_4,candidate_2,candidate_5,0,candidate_3,5,0.028000000000000004
113,candidate_4,candidate_2,candidate_5,candidate_1,candidate_3,5,0.028000000000000004
114,candidate_4,candidate_2,candidate_5,candidate_1,candidate_3,5,0.028000000000000004
115,candidate_4,candidate_2,candidate_5,candidate_1,candidate_3,5,0.028000000000000004
116,candidate_4,candidate_2,candidate_5,candidate_1,candidate_3,5,0.028000000000000004
117,candidate_4,candidate_2,candidate_5,candidate_1,candidate_3,5,0.028000000000000004
118,candidate_4,candidate_2,candidate_5,candidate_1,candidate_3,5,0.028000000000000004
119,candidate_4,candidate_2,candidate_5,candidate_1,candidate_3,5,0.028000000000000004
120,candidate_4,candidate_2,candidate_5,candidate_1,candidate_3,5,0.028000000000000004
121,candidate_4,candidate_2,candidate_5,candidate_1,candidate_3,5,0.028000000000000004
122,candidate_4,candidate_2,candidate_5,candidate_1,candidate_3,5,0.028000000000000004
123,candidate_4,candidate_2,candidate_5,candidate_1,candidate_3,5,0.028000000000000004
124,candidate_4,candidate_2,candidate_5,candidate_1,candidate_3,5,0.028000000000000004
125,candidate_4,candidate_2,candidate_5,candidate_1,candidate_3,5,0.028000000000000004
126,candidate_4,0,0,candidate_1,candidate_3,5,0.028000000000000004
127,candidate_4,candidate_2,candidate_5,candidate_1,candidate_3,5,0.028000000000000004
128,candidate_4,candidate_2,candidate_5,candidate_1,candidate_3,5,0.028000000000000004
129,candidate_4,candidate_2,candidate_5,candidate_1,candidate_3,5,0.028000000000000004
130,candidate_4,candidate_2,candidate_5,candidate_1,candidate_3,5,0.028000000000000004
131,candidate_4,candidate_2,candidate_5,candidate_1,candidate_3,5,0.028000000000000004
132,0,candidate_2,candidate_5,candidate_1,candidate_3,5,0.028000000000000004
133,candidate_4,candidate_2,candidate_5,candidate_1,candidate_3,5,0.028000000000000004
134,candidate_4,0,candidate_5,candidate_1,candidate_3,5,0.028000000000000004
135,candidate_4,candidate_2,candidate_5,candidate_1,candidate_3,5,0.028000000000000004
136,candidate_4,candidate_2,candidate_5,candidate_1,candidate_3,5,0.028000000000000004
137,candidate_4,candidate_2,candidate_5,candidate_1,candidate_3,5,0.028000000000000004
138,candidate_4,candidate_2,candidate_5,candidate_1,candidate_3,5,0.028000000000000004
139,candidate_4,candidate_2,candidate_5,candidate_1,candidate_3,5,0.028000000000000004
140,candidate_4,candidate_2,candidate_5,candidate_1,candidate_3,5,0.028000000000000004
141,candidate_4,candidate_2,candidate_5,candidate_1,candidate_3,5,0.028000000000000004
142,candidate_4,candidate_2,candidate_5,candidate_1,candidate_3,5,0.028000000000000004
143,candidate_4,candidate_2,candidate_5,candidate_1,candidate_3,5,0.028000000000000004
144,candidate_4,candidate_2,candidate_5,candidate_1,candidate_3,5,0.028000000000000004
145,candidate_4,candidate_2,candidate_5,candidate_1,candidate_3,5,0.028000000000000004
146,candidate_4,candidate_2,candidate_5,candidate_1,candidate_3,5,0.028000000000000004
147,candidate_4,candidate_2,candidate_5,candidate_1,candidate_3,5,0.028000000000000004
148,candidate_4,candidate_2,candidate_5,candidate_1,candidate_3,5,0.028000000000000004
149,candidate_4,candidate_2,candidate_5,0,candidate_3,5,0.028000000000000004
150,candidate_4,candidate_2,candidate_5,candidate_1,candidate_3,5,0.028000000000000004
151,candidate_4,candidate_2,candidate_5,candidate_1,candidate_3,5,0.028000000000000004
152,candidate_4,candidate_2,candidate_5,candidate_1,candidate_3,5,0.028000000000000004
153,candidate_4,candidate_2,candidate_5,candidate_1,0,5,0.028000000000000004
154,candidate_4,0,candidate_5,candidate_1,candidate_3,5,0.028000000000000004
155,candidate_4,candidate_2,candidate_5,candidate_1,candidate_3,5,0.028000000000000004
156,candidate_4,candidate_2,candidate_5,candidate_1,candidate_3,5,0.028000000000000004
157,candidate_4,0,candidate_5,candidate_1,candidate_3,5,0.028000000000000004
158,candidate_4,candidate_2,candidate_5,candidate_1,candidate_3,5,0.028000000000000004
159,candidate_4,candidate_2,candidate_5,candidate_1,candidate_3,5,0.028000000000000004
160,candidate_4,candidate_2,candidate_5,candidate_1,candidate_3,5,0.028000000000000004
161,candidate_4,candidate_2,candidate_5,candidate_1,candidate_3,5,0.028000000000000004
162,candidate_4,candidate_2,candidate_5,candidate_1,candidate_3,5,0.028000000000000004
163,0,candidate_2,candidate_5,candidate_1,candidate_3,5,0.028000000000000004
164,candidate_4,candidate_2,candidate_5,candidate_1,candidate_3,5,0.028000000000000004
165,candidate_4,candidate_2,candidate_5,candidate_1,candidate_3,5,0.028000000000000004
166,candidate_4,candidate_2,candidate_5,candidate_1,candidate_3,5,0.028000000000000004
167,candidate_4,candidate_2,candidate_5,candidate_1,candidate_3,5,0.028000000000000004
168,candidate_4,candidate_2,candidate_5,candidate_1,candidate_3,5,0.028000000000000004
169,candidate_4,candidate_2,candidate_5,candidate_1,candidate_3,5,0.028000000000000004
170,candidate_4,candidate_2,0,candidate_1,candidate_3,5,0.028000000000000004
171,candidate_4,candidate_2,candidate_5,candidate_1,candidate_3,5,0.028000000000000004
172,candidate_4,candidate_2,candidate_5,candidate_1,candidate_3,5,0.028000000000000004
173,candidate_4,candidate_2,candidate_5,candidate_1,candidate_3,5,0.028000000000000004
174,candidate_4,candidate_2,candidate_5,candidate_1,candidate_3,5,0.028000000000000004
175,candidate_4,candidate_2,candidate_5,candidate_1,candidate_3,5,0.028000000000000004
176,candidate_4,candidate_2,candidate_5,candidate_1,candidate_3,5,0.028000000000000004
177,candidate_4,candidate_2,candidate_5,candidate_1,candidate_3,5,0.028000000000000004
178,candidate_4,candidate_2,candidate_5,candidate_1,candidate_3,5,0.028000000000000004
179,candidate_4,candidate_2,candidate_5,candidate_1,candidate_3,5,0.028000000000000004
180,candidate_4,candidate_2,candidate_5,candidate_1,candidate_3,5,0.028000000000000004
181,candidate_4,candidate_2,candidate_5,candidate_1,candidate_3,5,0.028000000000000004
182,candidate_4,candidate_2,candidate_5,candidate_1,candidate_3,5,0.028000000000000004
183,candidate_4,candidate_2,candidate_5,candidate_1,candidate_3,5,0.028000000000000004
184,0,candidate_2,candidate_5,candidate_1,candidate_3,5,0.028000000000000004
185,candidate_4,candidate_2,candidate_5,candidate_1,candidate_3,5,0.028000000000000004
186,candidate_4,candidate_2,candidate_5,candidate_1,candidate_3,5,0.028000000000000004
187,candidate_4,candidate_2,candidate_5,candidate_1,candidate_3,5,0.028000000000000004
188,candidate_4,candidate_2,candidate_5,candidate_1,candidate_3,5,0.028000000000000004
189,candidate_4,candidate_2,candidate_5,candidate_1,candidate_3,5,0.028000000000000004
190,candidate_4,candidate_2,candidate_5,candidate_1,candidate_3,5,0.028000000000000004
191,candidate_4,candidate_2,candidate_5,candidate_1,candidate_3,5,0.028000000000000004
192,candidate_4,candidate_2,candidate_5,candidate_1,candidate_3,5,0.028000000000000004
193,candidate_4,candidate_2,candidate_5,candidate_1,candidate_3,5,0.028000000000000004
194,candidate_4,candidate_2,candidate_5,candidate_1,candidate_3,5,0.028000000000000004
195,candidate_4,candidate_2,candidate_5,0,candidate_3,5,0.028000000000000004
196,candidate_4,candidate_2,candidate_5,candidate_1,candidate_3,5,0.028000000000000004
197,candidate_4,candidate_2,candidate_5,candidate_1,candidate_3,5,0.028000000000000004
198,candidate_4,candidate_2,candidate_5,candidate_1,candidate_3,5,0.028000000000000004
199,candidate_4,candidate_2,candidate_5,candidate_1,candidate_3,5,0.028000000000000004
200,candidate_4,candidate_2,candidate_5,candidate_1,candidate_3,5,0.028000000000000004
201,candidate_4,candidate_2,candidate_5,candidate_1,candidate_3,5,0.028000000000000004
202,candidate_4,candidate_2,candidate_5,candidate_1,candidate_3,5,0.028000000000000004
203,candidate_4,candidate_2,candidate_5,candidate_1,candidate_3,5,0.028000000000000004
204,candidate_4,candidate_2,candidate_5,candidate_1,candidate_3,5,0.028000000000000004
205,candidate_4,candidate_2,candidate_5,candidate_1,candidate_3,5,0.028000000000000004
206,candidate_4,candidate_2,candidate_5,candidate_1,candidate_3,5,0.028000000000000004
207,candidate_4,candidate_2,candidate_5,candidate_1,candidate_3,5,0.028000000000000004
208,candidate_4,candidate_2,candidate_5,candidate_1,candidate_3,5,0.028000000000000004
209,candidate_4,candidate_2,candidate_5,candidate_1,candidate_3,5,0.028000000000000004
210,candidate_4,candidate_2,candidate_5,candidate_1,candidate_3,5,0.028000000000000004
211,candidate_4,candidate_2,candidate_5,candidate_1,candidate_3,5,0.028000000000000004
212,candidate_4,candidate_2,candidate_5,candidate_1,candidate_3,5,0.028000000000000004
213,candidate_4,candidate_2,candidate_5,candidate_1,candidate_3,5,0.028000000000000004
214,candidate_4,candidate_2,candidate_5,candidate_1,candidate_3,5,0.028000000000000004
215,candidate_4,candidate_2,candidate_5,candidate_1,candidate_3,5,0.028000000000000004
216,candidate_4,candidate_2,candidate_5,candidate_1,candidate_3,5,0.028000000000000004
217,candidate_4,candidate_2,candidate_5,candidate_1,candidate_3,5,0.028000000000000004
218,candidate_4,candidate_2,candidate_5,candidate_1,candidate_3,5,0.028000000000000004
219,candidate_4,candidate_2,candidate_5,candidate_1,candidate_3,5,0.028000000000000004
220,candidate_4,candidate_2,candidate_5,candidate_1,candidate_3,5,0.028000000000000004
221,candidate_4,candidate_2,candidate_5,candidate_1,candidate_3,5,0.028000000000000004
222,candidate_4,candidate_2,candidate_5,candidate_1,candidate_3,5,0.028000000000000004
223,candidate_4,candidate_2,candidate_5,candidate_1,candidate_3,5,0.028000000000000004
224,candidate_4,candidate_2,candidate_5,candidate_1,0,5,0.028000000000000004
225,candidate_4,candidate_2,candidate_5,candidate_1,candidate_3,5,0.028000000000000004
226,candidate_4,candidate_2,candidate_5,candidate_1,candidate_3,5,0.028000000000000004
227,candidate_4,candidate_2,candidate_5,candidate_1,candidate_3,5,0.028000000000000004
228,candidate_4,candidate_2,candidate_5,candidate_1,candidate_3,5,0.028000000000000004
229,candidate_4,candidate_2,candidate_5,candidate_1,candidate_3,5,0.028000000000000004
230,candidate_4,candidate_2,candidate_5,candidate_1,candidate_3,5,0.028000000000000004
231,candidate_4,candidate_2,candidate_5,candidate_1,candidate_3,5,0.028000000000000004
232,candidate_4,candidate_2,candidate_5,candidate_1,candidate_3,5,0.028000000000000004
233,candidate_4,candidate_2,candidate_5,candidate_1,candidate_3,5,0.028000000000000004
234,candidate_4,candidate_2,candidate_5,candidate_1,candidate_3,5,0.028000000000000004
235,candidate_4,candidate_2,candidate_5,candidate_1,candidate_3,5,0.028000000000000004
236,candidate_4,candidate_2,candidate_5,candidate_1,candidate_3,5,0.028000000000000004
237,candidate_4,candidate_2,candidate_5,candidate_1,candidate_3,5,0.028000000000000004
238,candidate_4,candidate_2,candidate_5,candidate_1,candidate_3,5,0.028000000000000004
239,candidate_4,candidate_2,candidate_5,candidate_1,candidate_3,5,0.028000000000000004
240,candidate_4,candidate_2,candidate_5,candidate_1,candidate_3,5,0.028000000000000004
241,candidate_4,candidate_2,candidate_5,candidate_1,candidate_3,5,0.028000000000000004
242,candidate_4,candidate_2,candidate_5,candidate_1,candidate_3,5,0.028000000000000004
243,candidate_4,candidate_2,candidate_5,0,0,5,0.028000000000000004
244,candidate_4,candidate_2,candidate_5,candidate_1,candidate_3,5,0.028000000000000004
245,candidate_4,candidate_2,candidate_5,candidate_1,candidate_3,5,0.028000000000000004
246,candidate_4,candidate_2,candidate_5,candidate_1,candidate_3,5,0.028000000000000004
247,candidate_4,candidate_2,candidate_5,candidate_1,candidate_3,5,0.028000000000000004
248,candidate_4,candidate_2,candidate_5,candidate_1,candidate_3,5,0.028000000000000004
249,candidate_4,candidate_2,candidate_5,candidate_1,candidate_3,5,0.028000000000000004
250,candidate_4,candidate_2,candidate_5,candidate_1,candidate_3,5,0.028000000000000004
251,candidate_4,candidate_2,candidate_5,candidate_1,candidate_3,5,0.028000000000000004
252,candidate_4,candidate_2,candidate_5,candidate_1,candidate_3,5,0.028000000000000004
253,candidate_4,candidate_2,candidate_5,candidate_1,candidate_3,5,0.028000000000000004
254,candidate_4,candidate_2,candidate_5,candidate_1,candidate_3,5,0.028000000000000004
255,candidate_4,candidate_2,candidate_5,candidate_1,candidate_3,5,0.028000000000000004
256,candidate_4,candidate_2,candidate_5,candidate_1,candidate_3,5,0.028000000000000004
257,candidate_4,candidate_2,candidate_5,candidate_1,candidate_3,5,0.028000000000000004
258,candidate_4,candidate_2,candidate_5,candidate_1,candidate_3,5,0.028000000000000004
259,candidate_4,candidate_2,candidate_5,candidate_1,candidate_3,5,0.028000000000000004
260,0,candidate_2,candidate_5,candidate_1,candidate_3,5,0.028000000000000004
261,candidate_4,candidate_2,candidate_5,candidate_1,candidate_3,5,0.028000000000000004
262,candidate_4,candidate_2,candidate_5,candidate_1,candidate_3,5,0.028000000000000004
263,candidate_4,candidate_2,candidate_5,candidate_1,candidate_3,5,0.028000000000000004
264,candidate_4,candidate_2,candidate_5,candidate_1,candidate_3,5,0.028000000000000004
265,candidate_4,candidate_2,candidate_5,candidate_1,candidate_3,5,0.028000000000000004
266,candidate_4,candidate_2,candidate_5,candidate_1,candidate_3,5,0.028000000000000004
267,candidate_4,candidate_2,candidate_5,0,candidate_3,5,0.028000000000000004
268,candidate_4,candidate_2,candidate_5,candidate_1,candidate_3,5,0.028000000000000004
269,candidate_4,candidate_2,candidate_5,candidate_1,candidate_3,5,0.028000000000000004
270,candidate_4,candidate_2,candidate_5,candidate_1,candidate_3,5,0.028000000000000004
271,candidate_4,candidate_2,candidate_5,candidate_1,candidate_3,5,0.028000000000000004
272,candidate_4,candidate_2,candidate_5,candidate_1,candidate_3,5,0.028000000000000004
273,candidate_4,candidate_2,candidate_5,candidate_1,candidate_3,5,0.028000000000000004
274,candidate_4,candidate_2,candidate_5,candidate_1,candidate_3,5,0.028000000000000004
275,candidate_4,candidate_2,candidate_5,candidate_1,candidate_3,5,0.028000000000000004
276,candidate_4,candidate_2,candidate_5,candidate_1,candidate_3,5,0.028000000000000004
277,candidate_4,candidate_2,candidate_5,candidate_1,candidate_3,5,0.028000000000000004
278,candidate_4,candidate_2,candidate_5,candidate_1,candidate_3,5,0.028000000000000004
279,candidate_4,candidate_2,candidate_5,candidate_1,candidate_3,5,0.028000000000000004
280,candidate_4,candidate_2,candidate_5,candidate_1,candidate_3,5,0.028000000000000004
281,candidate_4,candidate_2,candidate_5,candidate_1,candidate_3,5,0.028000000000000004
282,candidate_4,candidate_2,candidate_5,candidate_1,candidate_3,5,0.028000000000000004
283,candidate_4,candidate_2,candidate_5,candidate_1,candidate_3,5,0.028000000000000004
284,candidate_4,candidate_2,candidate_5,candidate_1,candidate_3,5,0.028000000000000004
285,candidate_4,candidate_2,candidate_5,candidate_1,candidate_3,5,0.028000000000000004
286,candidate_4,candidate_2,candidate_5,candidate_1,candidate_3,5,0.028000000000000004
287,candidate_4,0,candidate_5,candidate_1,candidate_3,5,0.028000000000000004
288,candidate_4,candidate_2,candidate_5,candidate_1,candidate_3,5,0.028000000000000004
289,candidate_4,candidate_2,0,candidate_1,candidate_3,5,0.028000000000000004
290,candidate_4,candidate_2,candidate_5,candidate_1,candidate_3,5,0.028000000000000004
291,candidate_4,candidate_2,candidate_5,candidate_1,candidate_3,5,0.028000000000000004
292,candidate_4,candidate_2,candidate_5,candidate_1,candidate_3,5,0.028000000000000004
293,candidate_4,candidate_2,candidate_5,0,candidate_3,5,0.028000000000000004
294,candidate_4,candidate_2,candidate_5,candidate_1,candidate_3,5,0.028000000000000004
295,candidate_4,candidate_2,candidate_5,candidate_1,candidate_3,5,0.028000000000000004
296,candidate_4,candidate_2,candidate_5,candidate_1,candidate_3,5,0.028000000000000004
297,candidate_4,candidate_2,candidate_5,candidate_1,candidate_3,5,0.028000000000000004
298,candidate_4,candidate_2,candidate_5,candidate_1,candidate_3,5,0.028000000000000004
299,candidate_4,candidate_2,candidate_5,candidate_1,candidate_3,5,0.028000000000000004
300,candidate_4,candidate_2,candidate_5,candidate_1,candidate_3,5,0.028000000000000004
301,candidate_4,candidate_2,candidate_5,candidate_1,candidate_3,5,0.028000000000000004
302,candidate_4,candidate_2,candidate_5,candidate_1,candidate_3,5,0.028000000000000004
303,candidate_4,candidate_2,0,candidate_1,candidate_3,5,0.028000000000000004
304,candidate_4,candidate_2,candidate_5,candidate_1,candidate_3,5,0.028000000000000004
305,0,candidate_2,candidate_5,candidate_1,candidate_3,5,0.028000000000000004
306,candidate_4,candidate_2,candidate_5,candidate_1,candidate_3,5,0.028000000000000004
307,candidate_4,candidate_2,candidate_5,candidate_1,candidate_3,5,0.028000000000000004
308,candidate_4,candidate_2,candidate_5,candidate_1,candidate_3,5,0.028000000000000004
309,candidate_4,candidate_2,candidate_5,0,candidate_3,5,0.028000000000000004
310,candidate_4,candidate_2,candidate_5,candidate_1,candidate_3,5,0.028000000000000004
311,candidate_4,candidate_2,candidate_5,candidate_1,candidate_3,5,0.028000000000000004
312,candidate_4,candidate_2,candidate_5,candidate_1,candidate_3,5,0.028000000000000004
313,candidate_4,candidate_2,candidate_5,candidate_1,candidate_3,5,0.028000000000000004
314,candidate_4,candidate_2,candidate_5,candidate_1,candidate_3,5,0.028000000000000004
315,candidate_4,candidate_2,0,candidate_1,candidate_3,5,0.028000000000000004
316,candidate_4,candidate_2,candidate_5,candidate_1,candidate_3,5,0.028000000000000004
317,candidate_4,candidate_2,candidate_5,candidate_1,candidate_3,5,0.028000000000000004
318,candidate_4,candidate_2,candidate_5,candidate_1,candidate_3,5,0.028000000000000004
319,candidate_4,candidate_2,candidate_5,candidate_1,candidate_3,5,0.028000000000000004
320,candidate_4,candidate_2,candidate_5,candidate_1,0,5,0.028000000000000004
321,0,candidate_2,candidate_5,candidate_1,candidate_3,5,0.028000000000000004
322,candidate_4,candidate_2,candidate_5,candidate_1,candidate_3,5,0.028000000000000004
323,candidate_4,candidate_2,candidate_5,candidate_1,candidate_3,5,0.028000000000000004
324,candidate_4,candidate_2,candidate_5,candidate_1,candidate_3,5,0.028000000000000004
325,candidate_4,candidate_2,candidate_5,candidate_1,candidate_3,5,0.028000000000000004
326,candidate_4,candidate_2,candidate_5,candidate_1,candidate_3,5,0.028000000000000004
327,candidate_4,candidate_2,candidate_5,candidate_1,candidate_3,5,0.028000000000000004
328,candidate_4,candidate_2,candidate_5,candidate_1,candidate_3,5,0.028000000000000004
329,candidate_4,candidate_2,candidate_5,candidate_1,candidate_3,5,0.028000000000000004
330,candidate_4,candidate_2,candidate_5,candidate_1,candidate_3,5,0.028000000000000004
331,candidate_4,candidate_2,candidate_5,candidate_1,candidate_3,5,0.028000000000000004
332,candidate_4,candidate_2,candidate_5,candidate_1,candidate_3,5,0.028000000000000004
333,candidate_4,candidate_2,candidate_5,candidate_1,candidate_3,5,0.028000000000000004
334,candidate_4,candidate_2,candidate_5,candidate_1,candidate_3,5,0.028000000000000004
335,candidate_4,candidate_2,candidate_5,candidate_1,candidate_3,5,0.028000000000000004
336,candidate_4,candidate_2,candidate_5,candidate_1,candidate_3,5,0.028000000000000004
337,candidate_4,candidate_2,candidate_5,candidate_1,candidate_3,5,0.028000000000000004
338,candidate_4,candidate_2,candidate_5,candidate_1,candidate_3,5,0.028000000000000004
339,candidate_4,candidate_2,candidate_5,candidate_1,candidate_3,5,0.028000000000000004
340,candidate_4,candidate_2,candidate_5,candidate_1,candidate_3,5,0.028000000000000004
341,candidate_4,candidate_2,candidate_5,candidate_1,candidate_3,5,0.028000000000000004
342,candidate_4,candidate_2,candidate_5,candidate_1,candidate_3,5,0.028000000000000004
343,candidate_4,candidate_2,candidate_5,candidate_1,candidate_3,5,0.028000000000000004
344,candidate_4,candidate_2,candidate_5,candidate_1,candidate_3,5,0.028000000000000004
345,candidate_4,candidate_2,candidate_5,candidate_1,candidate_3,5,0.028000000000000004
346,candidate_4,candidate_2,candidate_5,candidate_1,candidate_3,5,0.028000000000000004
347,candidate_4,candidate_2,candidate_5,candidate_1,candidate_3,5,0.028000000000000004
348,candidate_4,candidate_2,candidate_5,candidate_1,candidate_3,5,0.028000000000000004
349,candidate_4,0,candidate_5,candidate_1,candidate_3,5,0.028000000000000004
350,candidate_4,candidate_2,candidate_5,candidate_1,candidate_3,5,0.028000000000000004
351,candidate_4,candidate_2,candidate_5,candidate_1,candidate_3,5,0.028000000000000004
352,candidate_4,candidate_2,candidate_5,candidate_1,candidate_3,5,0.028000000000000004
353,candidate_4,candidate_2,candidate_5,candidate_1,candidate_3,5,0.028000000000000004
354,candidate_4,candidate_2,candidate_5,candidate_1,candidate_3,5,0.028000000000000004
355,candidate_4,candidate_2,candidate_5,candidate_1,candidate_3,5,0.028000000000000004
356,candidate_4,candidate_2,candidate_5,candidate_1,candidate_3,5,0.028000000000000004
357,candidate_4,candidate_2,candidate_5,candidate_1,candidate_3,5,0.028000000000000004
358,candidate_4,candidate_2,candidate_5,candidate_1,candidate_3,5,0.028000000000000004
359,candidate_4,candidate_2,candidate_5,candidate_1,candidate_3,5,0.028000000000000004
360,candidate_4,candidate_2,candidate_5,candidate_1,candidate_3,5,0.028000000000000004
361,candidate_4,candidate_2,candidate_5,candidate_1,candidate_3,5,0.028000000000000004
362,candidate_4,candidate_2,candidate_5,0,candidate_3,5,0.028000000000000004
363,candidate_4,candidate_2,candidate_5,candidate_1,candidate_3,5,0.028000000000000004
364,candidate_4,candidate_2,candidate_5,candidate_1,candidate_3,5,0.028000000000000004
365,candidate_4,candidate_2,candidate_5,candidate_1,candidate_3,5,0.028000000000000004
366,candidate_4,candidate_2,candidate_5,candidate_1,candidate_3,5,0.028000000000000004
367,candidate_4,candidate_2,candidate_5,candidate_1,candidate_3,5,0.028000000000000004
368,candidate_4,candidate_2,candidate_5,candidate_1,candidate_3,5,0.028000000000000004
369,candidate_4,candidate_2,candidate_5,candidate_1,candidate_3,5,0.028000000000000004
370,candidate_4,candidate_2,candidate_5,candidate_1,candidate_3,5,0.028000000000000004
371,candidate_4,candidate_2,candidate_5,candidate_1,candidate_3,5,0.028000000000000004
372,candidate_4,candidate_2,candidate_5,candidate_1,candidate_3,5,0.028000000000000004
373,candidate_4,candidate_2,candidate_5,candidate_1,0,5,0.028000000000000004
374,candidate_4,candidate_2,candidate_5,candidate_1,candidate_3,5,0.028000000000000004
375,candidate_4,candidate_2,candidate_5,candidate_1,candidate_3,5,0.028000000000000004
376,candidate_4,candidate_2,candidate_5,candidate_1,candidate_3,5,0.028000000000000004
377,candidate_4,candidate_2,candidate_5,candidate_1,candidate_3,5,0.028000000000000004
378,candidate_4,candidate_2,candidate_5,candidate_1,candidate_3,5,0.028000000000000004
379,candidate_4,candidate_2,candidate_5,candidate_1,candidate_3,5,0.028000000000000004
380,candidate_4,candidate_2,candidate_5,candidate_1,candidate_3,5,0.028000000000000004
381,candidate_4,candidate_2,candidate_5,candidate_1,candidate_3,5,0.028000000000000004
382,candidate_4,candidate_2,candidate_5,candidate_1,candidate_3,5,0.028000000000000004
383,candidate_4,candidate_2,candidate_5,candidate_1,candidate_3,5,0.028000000000000004
384,candidate_4,candidate_2,0,candidate_1,candidate_3,5,0.028000000000000004
385,candidate_4,candidate_2,candidate_5,candidate_1,candidate_3,5,0.028000000000000004
386,candidate_4,candidate_2,candidate_5,candidate_1,candidate_3,5,0.028000000000000004
387,candidate_4,candidate_2,candidate_5,candidate_1,candidate_3,5,0.028000000000000004
388,candidate_4,candidate_2,candidate_5,candidate_1,candidate_3,5,0.028000000000000004
389,candidate_4,candidate_2,candidate_5,candidate_1,candidate_3,5,0.028000000000000004
390,candidate_4,candidate_2,candidate_5,candidate_1,candidate_3,5,0.028000000000000004
391,candidate_4,candidate_2,candidate_5,candidate_1,candidate_3,5,0.028000000000000004
392,candidate_4,candidate_2,candidate_5,candidate_1,candidate_3,5,0.028000000000000004
393,candidate_4,candidate_2,candidate_5,candidate_1,candidate_3,5,0.028000000000000004
394,candidate_4,candidate_2,candidate_5,candidate_1,candidate_3,5,0.028000000000000004
395,candidate_4,candidate_2,candidate_5,candidate_1,candidate_3,5,0.028000000000000004
396,candidate_4,candidate_2,candidate_5,candidate_1,candidate_3,5,0.028000000000000004
397,candidate_4,candidate_2,candidate_5,candidate_1,candidate_3,5,0.028000000000000004
398,candidate_4,candidate_2,candidate_5,candidate_1,candidate_3,5,0.028000000000000004
399,candidate_4,candidate_2,candidate_5,0,candidate_3,5,0.028000000000000004
400,candidate_4,candidate_2,candidate_5,candidate_1,candidate_3,5,0.028000000000000004
401,candidate_4,candidate_2,candidate_5,candidate_1,candidate_3,5,0.028000000000000004
402,candidate_4,candidate_2,candidate_5,candidate_1,candidate_3,5,0.028000000000000004
403,candidate_4,candidate_2,candidate_5,candidate_1,candidate_3,5,0.028000000000000004
404,candidate_4,candidate_2,candidate_5,candidate_1,candidate_3,5,0.028000000000000004
405,candidate_4,candidate_2,candidate_5,candidate_1,candidate_3,5,0.028000000000000004
406,candidate_4,candidate_2,candidate_5,candidate_1,candidate_3,5,0.028000000000000004
407,candidate_4,candidate_2,candidate_5,candidate_1,candidate_3,5,0.028000000000000004
408,candidate_4,candidate_2,candidate_5,candidate_1,candidate_3,5,0.028000000000000004
409,candidate_4,candidate_2,candidate_5,candidate_1,candidate_3,5,0.028000000000000004
410,candidate_4,candidate_2,candidate_5,candidate_1,candidate_3,5,0.028000000000000004
411,candidate_4,candidate_2,candidate_5,candidate_1,candidate_3,5,0.028000000000000004
412,candidate_4,candidate_2,candidate_5,candidate_1,candidate_3,5,0.028000000000000004
413,candidate_4,candidate_2,candidate_5,candidate_1,candidate_3,5,0.028000000000000004
414,candidate_4,candidate_2,candidate_5,candidate_1,0,5,0.028000000000000004
415,candidate_4,candidate_2,candidate_5,candidate_1,candidate_3,5,0.028000000000000004
416,candidate_4,candidate_2,candidate_5,candidate_1,candidate_3,5,0.028000000000000004
417,candidate_4,candidate_2,candidate_5,0,candidate_3,5,0.028000000000000004
418,candidate_4,candidate_2,candidate_5,candidate_1,candidate_3,5,0.028000000000000004
419,candidate_4,candidate_2,candidate_5,candidate_1,candidate_3,5,0.028000000000000004
420,candidate_4,candidate_2,candidate_5,candidate_1,candidate_3,5,0.028000000000000004
421,candidate_4,candidate_2,candidate_5,candidate_1,candidate_3,5,0.028000000000000004
422,candidate_4,candidate_2,candidate_5,candidate_1,candidate_3,5,0.028000000000000004
423,candidate_4,candidate_2,candidate_5,candidate_1,candidate_3,5,0.028000000000000004
424,candidate_4,candidate_2,candidate_5,candidate_1,candidate_3,5,0.028000000000000004
425,candidate_4,candidate_2,candidate_5,candidate_1,candidate_3,5,0.028000000000000004
426,candidate_4,candidate_2,candidate_5,candidate_1,candidate_3,5,0.028000000000000004
427,candidate_4,candidate_2,candidate_5,candidate_1,candidate_3,5,0.028000000000000004
428,candidate_4,candidate_2,candidate_5,candidate_1,candidate_3,5,0.028000000000000004
429,candidate_4,candidate_2,candidate_5,candidate_1,candidate_3,5,0.028000000000000004
430,candidate_4,candidate_2,0,candidate_1,candidate_3,5,0.028000000000000004
431,candidate_4,candidate_2,candidate_5,candidate_1,candidate_3,5,0.028000000000000004
432,candidate_4,candidate_2,candidate_5,candidate_1,candidate_3,5,0.028000000000000004
433,candidate_4,candidate_2,candidate_5,candidate_1,candidate_3,5,0.028000000000000004
434,candidate_4,candidate_2,candidate_5,candidate_1,candidate_3,5,0.028000000000000004
435,candidate_4,candidate_2,candidate_5,candidate_1,candidate_3,5,0.028000000000000004
436,candidate_4,candidate_2,candidate_5,candidate_1,candidate_3,5,0.028000000000000004
437,candidate_4,candidate_2,candidate_5,candidate_1,candidate_3,5,0.028000000000000004
438,candidate_4,candidate_2,candidate_5,candidate_1,candidate_3,5,0.028000000000000004
439,candidate_4,candidate_2,candidate_5,candidate_1,candidate_3,5,0.028000000000000004
440,candidate_4,candidate_2,candidate_5,candidate_1,candidate_3,5,0.028000000000000004
441,candidate_4,candidate_2,candidate_5,candidate_1,candidate_3,5,0.028000000000000004
442,candidate_4,candidate_2,candidate_5,candidate_1,candidate_3,5,0.028000000000000004
443,0,candidate_2,candidate_5,candidate_1,candidate_3,5,0.028000000000000004
444,candidate_4,candidate_2,candidate_5,candidate_1,candidate_3,5,0.028000000000000004
445,candidate_4,candidate_2,0,candidate_1,candidate_3,5,0.028000000000000004
446,0,candidate_2,0,candidate_1,candidate_3,5,0.028000000000000004
447,candidate_4,candidate_2,candidate_5,candidate_1,candidate_3,5,0.028000000000000004
448,candidate_4,candidate_2,candidate_5,candidate_1,0,5,0.028000000000000004
0,candidate_4,candidate_2,candidate_5,candidate_3,candidate_1,5,0.028000000000000004
1,candidate_4,candidate_2,candidate_5,candidate_3,candidate_1,5,0.028000000000000004
2,candidate_4,candidate_2,candidate_5,candidate_3,candidate_1,5,0.028000000000000004
3,candidate_4,candidate_2,candidate_5,candidate_3,candidate_1,5,0.028000000000000004
4,candidate_4,candidate_2,candidate_5,candidate_3,candidate_1,5,0.028000000000000004
5,candidate_4,candidate_2,candidate_5,candidate_3,candidate_1,5,0.028000000000000004
6,candidate_4,candidate_2,candidate_5,candidate_3,0,5,0.028000000000000004
7,0,candidate_2,candidate_5,candidate_3,candidate_1,5,0.028000000000000004
8,candidate_4,candidate_2,candidate_5,candidate_3,candidate_1,5,0.028000000000000004
9,candidate_4,0,candidate_5,candidate_3,candidate_1,5,0.028000000000000004
10,candidate_4,candidate_2,candidate_5,candidate_3,candidate_1,5,0.028000000000000004
11,candidate_4,candidate_2,candidate_5,candidate_3,candidate_1,5,0.028000000000000004
12,candidate_4,candidate_2,candidate_5,candidate_3,candidate_1,5,0.028000000000000004
13,candidate_4,candidate_2,candidate_5,candidate_3,candidate_1,5,0.028000000000000004
14,candidate_4,candidate_2,candidate_5,candidate_3,candidate_1,5,0.028000000000000004
15,candidate_4,candidate_2,candidate_5,candidate_3,candidate_1,5,0.028000000000000004
16,candidate_4,candidate_2,candidate_5,candidate_3,candidate_1,5,0.028000000000000004
17,candidate_4,candidate_2,candidate_5,candidate_3,candidate_1,5,0.028000000000000004
18,candidate_4,candidate_2,candidate_5,candidate_3,candidate_1,5,0.028000000000000004
19,candidate_4,candidate_2,candidate_5,candidate_3,candidate_1,5,0.028000000000000004
20,candidate_4,candidate_2,candidate_5,candidate_3,candidate_1,5,0.028000000000000004
21,candidate_4,candidate_2,candidate_5,candidate_3,candidate_1,5,0.028000000000000004
22,candidate_4,candidate_2,candidate_5,candidate_3,candidate_1,5,0.028000000000000004
23,candidate_4,candidate_2,candidate_5,candidate_3,candidate_1,5,0.028000000000000004
24,candidate_4,candidate_2,candidate_5,candidate_3,candidate_1,5,0.028000000000000004
25,candidate_4,candidate_2,candidate_5,candidate_3,candidate_1,5,0.028000000000000004
26,candidate_4,candidate_2,candidate_5,candidate_3,candidate_1,5,0.028000000000000004
27,candidate_4,candidate_2,candidate_5,candidate_3,0,5,0.028000000000000004
28,candidate_4,candidate_2,candidate_5,candidate_3,candidate_1,5,0.028000000000000004
29,candidate_4,candidate_2,candidate_5,candidate_3,candidate_1,5,0.028000000000000004
30,candidate_4,candidate_2,candidate_5,candidate_3,candidate_1,5,0.028000000000000004
31,candidate_4,candidate_2,candidate_5,candidate_3,candidate_1,5,0.028000000000000004
32,candidate_4,candidate_2,0,candidate_3,candidate_1,5,0.028000000000000004
33,candidate_4,candidate_2,candidate_5,candidate_3,candidate_1,5,0.028000000000000004
34,candidate_4,candidate_2,candidate_5,candidate_3,candidate_1,5,0.028000000000000004
35,candidate_4,candidate_2,candidate_5,candidate_3,candidate_1,5,0.028000000000000004
36,candidate_4,candidate_2,candidate_5,candidate_3,candidate_1,5,0.028000000000000004
37,candidate_4,candidate_2,candidate_5,candidate_3,candidate_1,5,0.028000000000000004
38,candidate_4,candidate_2,candidate_5,candidate_3,candidate_1,5,0.028000000000000004
39,candidate_4,candidate_2,candidate_5,candidate_3,candidate_1,5,0.028000000000000004
40,candidate_4,candidate_2,candidate_5,candidate_3,candidate_1,5,0.028000000000000004
41,candidate_4,candidate_2,candidate_5,candidate_3,candidate_1,5,0.028000000000000004
42,candidate_4,candidate_2,candidate_5,candidate_3,candidate_1,5,0.028000000000000004
43,candidate_4,candidate_2,candidate_5,candidate_3,candidate_1,5,0.028000000000000004
44,candidate_4,candidate_2,candidate_5,candidate_3,candidate_1,5,0.028000000000000004
45,candidate_4,candidate_2,candidate_5,candidate_3,candidate_1,5,0.028000000000000004
46,candidate_4,candidate_2,0,candidate_3,candidate_1,5,0.028000000000000004
47,candidate_4,candidate_2,candidate_5,candidate_3,candidate_1,5,0.028000000000000004
48,candidate_4,candidate_2,candidate_5,candidate_3,candidate_1,5,0.028000000000000004
49,candidate_4,candidate_2,candidate_5,candidate_3,candidate_1,5,0.028000000000000004
50,candidate_4,candidate_2,candidate_5,candidate_3,candidate_1,5,0.028000000000000004
51,candidate_4,candidate_2,candidate_5,candidate_3,candidate_1,5,0.028000000000000004
52,candidate_4,candidate_2,candidate_5,candidate_3,candidate_1,5,0.028000000000000004
53,candidate_4,candidate_2,candidate_5,candidate_3,candidate_1,5,0.028000000000000004
54,candidate_4,candidate_2,candidate_5,candidate_3,candidate_1,5,0.028000000000000004
55,candidate_4,candidate_2,candidate_5,candidate_3,candidate_1,5,0.028000000000000004
56,candidate_4,candidate_2,candidate_5,candidate_3,candidate_1,5,0.028000000000000004
57,candidate_4,candidate_2,candidate_5,candidate_3,candidate_1,5,0.028000000000000004
58,candidate_4,candidate_2,candidate_5,candidate_3,candidate_1,5,0.028000000000000004
59,candidate_4,candidate_2,candidate_5,candidate_3,candidate_1,5,0.028000000000000004
60,candidate_4,candidate_2,candidate_5,candidate_3,candidate_1,5,0.028000000000000004
61,candidate_4,candidate_2,candidate_5,candidate_3,candidate_1,5,0.028000000000000004
62,candidate_4,candidate_2,candidate_5,candidate_3,candidate_1,5,0.028000000000000004
63,candidate_4,candidate_2,candidate_5,candidate_3,candidate_1,5,0.028000000000000004
64,candidate_4,candidate_2,candidate_5,candidate_3,candidate_1,5,0.028000000000000004
65,candidate_4,candidate_2,candidate_5,candidate_3,candidate_1,5,0.028000000000000004
66,candidate_4,candidate_2,candidate_5,candidate_3,candidate_1,5,0.028000000000000004
67,0,candidate_2,candidate_5,candidate_3,candidate_1,5,0.028000000000000004
68,candidate_4,candidate_2,candidate_5,candidate_3,candidate_1,5,0.028000000000000004
69,candidate_4,candidate_2,candidate_5,candidate_3,candidate_1,5,0.028000000000000004
70,candidate_4,candidate_2,0,candidate_3,candidate_1,5,0.028000000000000004
71,candidate_4,candidate_2,candidate_5,candidate_3,candidate_1,5,0.028000000000000004
72,candidate_4,candidate_2,candidate_5,candidate_3,candidate_1,5,0.028000000000000004
73,candidate_4,candidate_2,candidate_5,candidate_3,candidate_1,5,0.028000000000000004
74,candidate_4,candidate_2,candidate_5,candidate_3,candidate_1,5,0.028000000000000004
75,candidate_4,candidate_2,candidate_5,candidate_3,candidate_1,5,0.028000000000000004
76,candidate_4,candidate_2,candidate_5,candidate_3,candidate_1,5,0.028000000000000004
77,candidate_4,candidate_2,candidate_5,candidate_3,0,5,0.028000000000000004
78,candidate_4,candidate_2,candidate_5,candidate_3,candidate_1,5,0.028000000000000004
79,candidate_4,candidate_2,candidate_5,0,candidate_1,5,0.028000000000000004
80,candidate_4,candidate_2,candidate_5,candidate_3,candidate_1,5,0.028000000000000004
81,candidate_4,candidate_2,candidate_5,candidate_3,candidate_1,5,0.028000000000000004
82,candidate_4,candidate_2,candidate_5,candidate_3,candidate_1,5,0.028000000000000004
83,candidate_4,candidate_2,candidate_5,candidate_3,candidate_1,5,0.028000000000000004
84,candidate_4,candidate_2,candidate_5,candidate_3,candidate_1,5,0.028000000000000004
85,candidate_4,candidate_2,candidate_5,candidate_3,candidate_1,5,0.028000000000000004
86,candidate_4,candidate_2,candidate_5,candidate_3,candidate_1,5,0.028000000000000004
87,candidate_4,candidate_2,candidate_5,candidate_3,candidate_1,5,0.028000000000000004
88,candidate_4,candidate_2,candidate_5,candidate_3,candidate_1,5,0.028000000000000004
89,candidate_4,candidate_2,candidate_5,candidate_3,candidate_1,5,0.028000000000000004
90,candidate_4,candidate_2,candidate_5,candidate_3,candidate_1,5,0.028000000000000004
91,candidate_4,candidate_2,candidate_5,candidate_3,candidate_1,5,0.028000000000000004
92,candidate_4,candidate_2,candidate_5,candidate_3,candidate_1,5,0.028000000000000004
93,candidate_4,candidate_2,candidate_5,candidate_3,0,5,0.028000000000000004
94,candidate_4,candidate_2,candidate_5,candidate_3,candidate_1,5,0.028000000000000004
95,candidate_4,candidate_2,candidate_5,candidate_3,candidate_1,5,0.028000000000000004
96,candidate_4,candidate_2,candidate_5,candidate_3,candidate_1,5,0.028000000000000004
97,candidate_4,candidate_2,candidate_5,candidate_3,candidate_1,5,0.028000000000000004
98,candidate_4,candidate_2,candidate_5,candidate_3,candidate_1,5,0.028000000000000004
99,candidate_4,candidate_2,candidate_5,candidate_3,candidate_1,5,0.028000000000000004
100,candidate_4,candidate_2,candidate_5,candidate_3,candidate_1,5,0.028000000000000004
101,candidate_4,candidate_2,candidate_5,candidate_3,candidate_1,5,0.028000000000000004
102,candidate_4,candidate_2,candidate_5,candidate_3,candidate_1,5,0.028000000000000004
103,candidate_4,candidate_2,candidate_5,candidate_3,candidate_1,5,0.028000000000000004
104,candidate_4,candidate_2,candidate_5,candidate_3,candidate_1,5,0.028000000000000004
105,candidate_4,candidate_2,candidate_5,candidate_3,candidate_1,5,0.028000000000000004
106,candidate_4,candidate_2,candidate_5,candidate_3,candidate_1,5,0.028000000000000004
107,0,candidate_2,candidate_5,candidate_3,candidate_1,5,0.028000000000000004
108,candidate_4,candidate_2,candidate_5,candidate_3,0,5,0.028000000000000004
109,candidate_4,candidate_2,candidate_5,candidate_3,candidate_1,5,0.028000000000000004
110,candidate_4,candidate_2,candidate_5,candidate_3,candidate_1,5,0.028000000000000004
111,candidate_4,candidate_2,candidate_5,candidate_3,candidate_1,5,0.028000000000000004
112,candidate_4,candidate_2,candidate_5,candidate_3,candidate_1,5,0.028000000000000004
113,candidate_4,candidate_2,candidate_5,candidate_3,candidate_1,5,0.028000000000000004
114,candidate_4,candidate_2,candidate_5,candidate_3,candidate_1,5,0.028000000000000004
115,candidate_4,candidate_2,candidate_5,candidate_3,candidate_1,5,0.028000000000000004
116,candidate_4,candidate_2,candidate_5,candidate_3,candidate_1,5,0.028000000000000004
117,candidate_4,candidate_2,candidate_5,candidate_3,candidate_1,5,0.028000000000000004
118,candidate_4,candidate_2,candidate_5,candidate_3,candidate_1,5,0.028000000000000004
119,candidate_4,candidate_2,candidate_5,candidate_3,candidate_1,5,0.028000000000000004
120,candidate_4,candidate_2,candidate_5,candidate_3,candidate_1,5,0.028000000000000004
121,candidate_4,candidate_2,candidate_5,candidate_3,candidate_1,5,0.028000000000000004
122,candidate_4,candidate_2,candidate_5,candidate_3,candidate_1,5,0.028000000000000004
123,candidate_4,candidate_2,candidate_5,candidate_3,candidate_1,5,0.028000000000000004
124,0,candidate_2,candidate_5,candidate_3,candidate_1,5,0.028000000000000004
125,candidate_4,candidate_2,candidate_5,candidate_3,candidate_1,5,0.028000000000000004
126,candidate_4,candidate_2,candidate_5,candidate_3,candidate_1,5,0.028000000000000004
127,candidate_4,candidate_2,candidate_5,candidate_3,candidate_1,5,0.028000000000000004
128,candidate_4,candidate_2,candidate_5,candidate_3,candidate_1,5,0.028000000000000004
129,candidate_4,candidate_2,candidate_5,candidate_3,candidate_1,5,0.028000000000000004
130,candidate_4,candidate_2,candidate_5,candidate_3,candidate_1,5,0.028000000000000004
131,candidate_4,candidate_2,candidate_5,candidate_3,candidate_1,5,0.028000000000000004
132,candidate_4,candidate_2,candidate_5,candidate_3,candidate_1,5,0.028000000000000004
133,candidate_4,candidate_2,0,candidate_3,candidate_1,5,0.028000000000000004
134,candidate_4,candidate_2,candidate_5,candidate_3,candidate_1,5,0.028000000000000004
135,candidate_4,candidate_2,candidate_5,candidate_3,candidate_1,5,0.028000000000000004
136,candidate_4,candidate_2,candidate_5,candidate_3,candidate_1,5,0.028000000000000004
137,candidate_4,0,candidate_5,candidate_3,candidate_1,5,0.028000000000000004
138,candidate_4,candidate_2,candidate_5,candidate_3,candidate_1,5,0.028000000000000004
139,candidate_4,candidate_2,candidate_5,candidate_3,candidate_1,5,0.028000000000000004
140,candidate_4,candidate_2,candidate_5,candidate_3,candidate_1,5,0.028000000000000004
141,candidate_4,candidate_2,candidate_5,candidate_3,candidate_1,5,0.028000000000000004
142,candidate_4,candidate_2,candidate_5,candidate_3,candidate_1,5,0.028000000000000004
143,candidate_4,candidate_2,candidate_5,0,candidate_1,5,0.028000000000000004
144,candidate_4,candidate_2,candidate_5,candidate_3,candidate_1,5,0.028000000000000004
145,candidate_4,candidate_2,candidate_5,candidate_3,candidate_1,5,0.028000000000000004
146,candidate_4,candidate_2,candidate_5,candidate_3,candidate_1,5,0.028000000000000004
147,candidate_4,candidate_2,candidate_5,candidate_3,candidate_1,5,0.028000000000000004
148,candidate_4,0,candidate_5,candidate_3,candidate_1,5,0.028000000000000004
149,candidate_4,candidate_2,candidate_5,candidate_3,candidate_1,5,0.028000000000000004
150,candidate_4,candidate_2,candidate_5,candidate_3,candidate_1,5,0.028000000000000004
151,candidate_4,candidate_2,0,candidate_3,candidate_1,5,0.028000000000000004
152,candidate_4,candidate_2,candidate_5,candidate_3,candidate_1,5,0.028000000000000004
153,0,candidate_2,0,candidate_3,candidate_1,5,0.028000000000000004
154,candidate_4,candidate_2,candidate_5,candidate_3,candidate_1,5,0.028000000000000004
155,candidate_4,candidate_2,candidate_5,candidate_3,candidate_1,5,0.028000000000000004
156,candidate_4,candidate_2,candidate_5,candidate_3,candidate_1,5,0.028000000000000004
157,candidate_4,candidate_2,candidate_5,candidate_3,candidate_1,5,0.028000000000000004
158,candidate_4,candidate_2,candidate_5,candidate_3,candidate_1,5,0.028000000000000004
159,0,candidate_2,candidate_5,candidate_3,candidate_1,5,0.028000000000000004
160,candidate_4,candidate_2,candidate_5,candidate_3,candidate_1,5,0.028000000000000004
161,candidate_4,candidate_2,candidate_5,candidate_3,candidate_1,5,0.028000000000000004
162,0,candidate_2,candidate_5,candidate_3,candidate_1,5,0.028000000000000004
163,candidate_4,candidate_2,candidate_5,candidate_3,candidate_1,5,0.028000000000000004
164,candidate_4,0,candidate_5,candidate_3,candidate_1,5,0.028000000000000004
165,candidate_4,candidate_2,candidate_5,candidate_3,candidate_1,5,0.028000000000000004
166,candidate_4,candidate_2,candidate_5,candidate_3,candidate_1,5,0.028000000000000004
167,candidate_4,candidate_2,candidate_5,candidate_3,candidate_1,5,0.028000000000000004
168,candidate_4,candidate_2,candidate_5,candidate_3,candidate_1,5,0.028000000000000004
169,candidate_4,candidate_2,candidate_5,candidate_3,candidate_1,5,0.028000000000000004
170,candidate_4,candidate_2,candidate_5,candidate_3,candidate_1,5,0.028000000000000004
171,candidate_4,candidate_2,candidate_5,candidate_3,candidate_1,5,0.028000000000000004
172,candidate_4,candidate_2,candidate_5,candidate_3,candidate_1,5,0.028000000000000004
173,candidate_4,candidate_2,candidate_5,candidate_3,candidate_1,5,0.028000000000000004
174,candidate_4,candidate_2,candidate_5,candidate_3,candidate_1,5,0.028000000000000004
175,candidate_4,candidate_2,candidate_5,candidate_3,candidate_1,5,0.028000000000000004
176,candidate_4,candidate_2,candidate_5,candidate_3,candidate_1,5,0.028000000000000004
177,0,0,candidate_5,candidate_3,candidate_1,5,0.028000000000000004
178,candidate_4,candidate_2,candidate_5,candidate_3,candidate_1,5,0.028000000000000004
179,candidate_4,candidate_2,candidate_5,candidate_3,candidate_1,5,0.028000000000000004
180,candidate_4,candidate_2,candidate_5,candidate_3,candidate_1,5,0.028000000000000004
181,candidate_4,candidate_2,candidate_5,candidate_3,candidate_1,5,0.028000000000000004
182,candidate_4,candidate_2,candidate_5,candidate_3,candidate_1,5,0.028000000000000004
183,candidate_4,candidate_2,candidate_5,candidate_3,candidate_1,5,0.028000000000000004
184,candidate_4,candidate_2,candidate_5,candidate_3,candidate_1,5,0.028000000000000004
185,candidate_4,candidate_2,candidate_5,candidate_3,candidate_1,5,0.028000000000000004
186,candidate_4,candidate_2,candidate_5,candidate_3,candidate_1,5,0.028000000000000004
187,candidate_4,candidate_2,candidate_5,candidate_3,candidate_1,5,0.028000000000000004
188,candidate_4,candidate_2,candidate_5,candidate_3,candidate_1,5,0.028000000000000004
189,candidate_4,candidate_2,candidate_5,candidate_3,candidate_1,5,0.028000000000000004
190,candidate_4,candidate_2,candidate_5,candidate_3,candidate_1,5,0.028000000000000004
191,candidate_4,candidate_2,candidate_5,candidate_3,candidate_1,5,0.028000000000000004
192,candidate_4,candidate_2,candidate_5,candidate_3,candidate_1,5,0.028000000000000004
193,candidate_4,candidate_2,candidate_5,candidate_3,candidate_1,5,0.028000000000000004
194,candidate_4,candidate_2,candidate_5,candidate_3,candidate_1,5,0.028000000000000004
195,candidate_4,candidate_2,candidate_5,candidate_3,candidate_1,5,0.028000000000000004
196,candidate_4,candidate_2,candidate_5,candidate_3,candidate_1,5,0.028000000000000004
197,candidate_4,candidate_2,candidate_5,candidate_3,candidate_1,5,0.028000000000000004
198,candidate_4,candidate_2,candidate_5,candidate_3,candidate_1,5,0.028000000000000004
199,candidate_4,candidate_2,candidate_5,candidate_3,candidate_1,5,0.028000000000000004
200,candidate_4,candidate_2,candidate_5,candidate_3,candidate_1,5,0.028000000000000004
201,candidate_4,candidate_2,candidate_5,candidate_3,candidate_1,5,0.028000000000000004
202,candidate_4,candidate_2,candidate_5,candidate_3,candidate_1,5,0.028000000000000004
203,candidate_4,candidate_2,candidate_5,candidate_3,candidate_1,5,0.028000000000000004
204,candidate_4,candidate_2,candidate_5,candidate_3,candidate_1,5,0.028000000000000004
205,candidate_4,candidate_2,candidate_5,candidate_3,candidate_1,5,0.028000000000000004
206,candidate_4,candidate_2,candidate_5,candidate_3,candidate_1,5,0.028000000000000004
207,candidate_4,candidate_2,candidate_5,candidate_3,candidate_1,5,0.028000000000000004
208,candidate_4,candidate_2,candidate_5,candidate_3,candidate_1,5,0.028000000000000004
209,candidate_4,candidate_2,candidate_5,candidate_3,candidate_1,5,0.028000000000000004
210,candidate_4,candidate_2,candidate_5,candidate_3,candidate_1,5,0.028000000000000004
211,candidate_4,candidate_2,candidate_5,candidate_3,candidate_1,5,0.028000000000000004
212,candidate_4,candidate_2,candidate_5,candidate_3,candidate_1,5,0.028000000000000004
213,candidate_4,candidate_2,candidate_5,candidate_3,candidate_1,5,0.028000000000000004
214,candidate_4,candidate_2,candidate_5,candidate_3,candidate_1,5,0.028000000000000004
215,candidate_4,candidate_2,candidate_5,candidate_3,candidate_1,5,0.028000000000000004
216,candidate_4,candidate_2,candidate_5,candidate_3,candidate_1,5,0.028000000000000004
217,candidate_4,candidate_2,candidate_5,candidate_3,candidate_1,5,0.028000000000000004
218,candidate_4,candidate_2,candidate_5,candidate_3,candidate_1,5,0.028000000000000004
219,candidate_4,candidate_2,candidate_5,candidate_3,candidate_1,5,0.028000000000000004
220,candidate_4,candidate_2,candidate_5,candidate_3,candidate_1,5,0.028000000000000004
221,candidate_4,candidate_2,candidate_5,candidate_3,candidate_1,5,0.028000000000000004
222,candidate_4,candidate_2,0,candidate_3,candidate_1,5,0.028000000000000004
223,candidate_4,candidate_2,candidate_5,candidate_3,candidate_1,5,0.028000000000000004
224,candidate_4,candidate_2,candidate_5,candidate_3,candidate_1,5,0.028000000000000004
225,candidate_4,candidate_2,candidate_5,candidate_3,candidate_1,5,0.028000000000000004
226,candidate_4,candidate_2,candidate_5,candidate_3,candidate_1,5,0.028000000000000004
227,candidate_4,candidate_2,candidate_5,candidate_3,candidate_1,5,0.028000000000000004
228,candidate_4,candidate_2,candidate_5,candidate_3,candidate_1,5,0.028000000000000004
229,candidate_4,candidate_2,candidate_5,candidate_3,candidate_1,5,0.028000000000000004
230,candidate_4,candidate_2,candidate_5,candidate_3,candidate_1,5,0.028000000000000004
231,candidate_4,candidate_2,candidate_5,candidate_3,0,5,0.028000000000000004
232,candidate_4,candidate_2,0,candidate_3,candidate_1,5,0.028000000000000004
233,candidate_4,candidate_2,candidate_5,candidate_3,candidate_1,5,0.028000000000000004
234,candidate_4,candidate_2,candidate_5,candidate_3,candidate_1,5,0.028000000000000004
235,candidate_4,candidate_2,candidate_5,candidate_3,candidate_1,5,0.028000000000000004
236,candidate_4,candidate_2,candidate_5,candidate_3,candidate_1,5,0.028000000000000004
237,candidate_4,candidate_2,candidate_5,candidate_3,candidate_1,5,0.028000000000000004
238,candidate_4,candidate_2,candidate_5,candidate_3,candidate_1,5,0.028000000000000004
239,candidate_4,candidate_2,candidate_5,candidate_3,candidate_1,5,0.028000000000000004
240,0,candidate_2,candidate_5,candidate_3,candidate_1,5,0.028000000000000004
241,candidate_4,candidate_2,candidate_5,candidate_3,0,5,0.028000000000000004
242,candidate_4,candidate_2,candidate_5,candidate_3,candidate_1,5,0.028000000000000004
243,candidate_4,candidate_2,candidate_5,candidate_3,candidate_1,5,0.028000000000000004
244,candidate_4,candidate_2,candidate_5,candidate_3,candidate_1,5,0.028000000000000004
245,candidate_4,candidate_2,candidate_5,candidate_3,candidate_1,5,0.028000000000000004
246,candidate_4,candidate_2,0,candidate_3,0,5,0.028000000000000004
247,candidate_4,candidate_2,candidate_5,candidate_3,candidate_1,5,0.028000000000000004
248,candidate_4,candidate_2,candidate_5,candidate_3,candidate_1,5,0.028000000000000004
249,candidate_4,candidate_2,candidate_5,candidate_3,candidate_1,5,0.028000000000000004
250,candidate_4,candidate_2,candidate_5,candidate_3,candidate_1,5,0.028000000000000004
251,candidate_4,candidate_2,candidate_5,candidate_3,candidate_1,5,0.028000000000000004
252,0,candidate_2,candidate_5,candidate_3,candidate_1,5,0.028000000000000004
253,candidate_4,candidate_2,candidate_5,candidate_3,candidate_1,5,0.028000000000000004
254,candidate_4,candidate_2,candidate_5,candidate_3,candidate_1,5,0.028000000000000004
255,0,candidate_2,candidate_5,candidate_3,candidate_1,5,0.028000000000000004
256,candidate_4,candidate_2,candidate_5,candidate_3,candidate_1,5,0.028000000000000004
257,candidate_4,candidate_2,candidate_5,candidate_3,candidate_1,5,0.028000000000000004
258,candidate_4,candidate_2,candidate_5,candidate_3,candidate_1,5,0.028000000000000004
259,candidate_4,candidate_2,candidate_5,candidate_3,candidate_1,5,0.028000000000000004
260,candidate_4,candidate_2,candidate_5,candidate_3,candidate_1,5,0.028000000000000004
261,0,candidate_2,candidate_5,candidate_3,candidate_1,5,0.028000000000000004
262,candidate_4,candidate_2,candidate_5,candidate_3,candidate_1,5,0.028000000000000004
263,candidate_4,candidate_2,candidate_5,candidate_3,candidate_1,5,0.028000000000000004
264,candidate_4,candidate_2,candidate_5,candidate_3,candidate_1,5,0.028000000000000004
265,0,candidate_2,candidate_5,candidate_3,candidate_1,5,0.028000000000000004
266,candidate_4,candidate_2,candidate_5,candidate_3,candidate_1,5,0.028000000000000004
267,candidate_4,0,candidate_5,candidate_3,candidate_1,5,0.028000000000000004
268,candidate_4,candidate_2,candidate_5,candidate_3,candidate_1,5,0.028000000000000004
269,candidate_4,candidate_2,candidate_5,candidate_3,candidate_1,5,0.028000000000000004
270,candidate_4,candidate_2,candidate_5,candidate_3,candidate_1,5,0.028000000000000004
271,candidate_4,candidate_2,candidate_5,candidate_3,candidate_1,5,0.028000000000000004
272,candidate_4,candidate_2,candidate_5,candidate_3,candidate_1,5,0.028000000000000004
273,candidate_4,candidate_2,candidate_5,candidate_3,candidate_1,5,0.028000000000000004
274,candidate_4,candidate_2,candidate_5,candidate_3,candidate_1,5,0.028000000000000004
275,candidate_4,candidate_2,candidate_5,candidate_3,candidate_1,5,0.028000000000000004
276,candidate_4,candidate_2,candidate_5,candidate_3,candidate_1,5,0.028000000000000004
277,candidate_4,candidate_2,candidate_5,candidate_3,candidate_1,5,0.028000000000000004
278,candidate_4,candidate_2,candidate_5,candidate_3,candidate_1,5,0.028000000000000004
279,candidate_4,candidate_2,candidate_5,candidate_3,candidate_1,5,0.028000000000000004
280,candidate_4,candidate_2,candidate_5,candidate_3,candidate_1,5,0.028000000000000004
281,candidate_4,candidate_2,candidate_5,candidate_3,candidate_1,5,0.028000000000000004
282,candidate_4,candidate_2,candidate_5,candidate_3,candidate_1,5,0.028000000000000004
283,candidate_4,candidate_2,candidate_5,candidate_3,candidate_1,5,0.028000000000000004
284,candidate_4,candidate_2,candidate_5,candidate_3,candidate_1,5,0.028000000000000004
285,candidate_4,candidate_2,candidate_5,candidate_3,candidate_1,5,0.028000000000000004
286,candidate_4,candidate_2,candidate_5,candidate_3,candidate_1,5,0.028000000000000004
287,candidate_4,candidate_2,candidate_5,candidate_3,candidate_1,5,0.028000000000000004
288,candidate_4,candidate_2,candidate_5,candidate_3,candidate_1,5,0.028000000000000004
289,candidate_4,candidate_2,0,candidate_3,candidate_1,5,0.028000000000000004
290,candidate_4,candidate_2,candidate_5,candidate_3,candidate_1,5,0.028000000000000004
291,candidate_4,candidate_2,candidate_5,candidate_3,candidate_1,5,0.028000000000000004
292,candidate_4,candidate_2,candidate_5,candidate_3,candidate_1,5,0.028000000000000004
293,candidate_4,candidate_2,candidate_5,candidate_3,candidate_1,5,0.028000000000000004
294,candidate_4,candidate_2,candidate_5,candidate_3,candidate_1,5,0.028000000000000004
295,candidate_4,candidate_2,candidate_5,candidate_3,candidate_1,5,0.028000000000000004
296,candidate_4,candidate_2,candidate_5,candidate_3,candidate_1,5,0.028000000000000004
297,candidate_4,candidate_2,candidate_5,candidate_3,candidate_1,5,0.028000000000000004
298,candidate_4,candidate_2,candidate_5,candidate_3,candidate_1,5,0.028000000000000004
299,candidate_4,candidate_2,candidate_5,candidate_3,candidate_1,5,0.028000000000000004
300,candidate_4,candidate_2,0,candidate_3,candidate_1,5,0.028000000000000004
301,candidate_4,candidate_2,candidate_5,candidate_3,candidate_1,5,0.028000000000000004
302,candidate_4,candidate_2,candidate_5,candidate_3,candidate_1,5,0.028000000000000004
303,candidate_4,candidate_2,candidate_5,candidate_3,candidate_1,5,0.028000000000000004
304,candidate_4,candidate_2,candidate_5,candidate_3,candidate_1,5,0.028000000000000004
305,candidate_4,candidate_2,candidate_5,candidate_3,0,5,0.028000000000000004
306,candidate_4,candidate_2,candidate_5,candidate_3,candidate_1,5,0.028000000000000004
307,candidate_4,candidate_2,candidate_5,candidate_3,candidate_1,5,0.028000000000000004
308,candidate_4,candidate_2,candidate_5,candidate_3,candidate_1,5,0.028000000000000004
309,candidate_4,candidate_2,candidate_5,candidate_3,candidate_1,5,0.028000000000000004
310,candidate_4,candidate_2,candidate_5,candidate_3,candidate_1,5,0.028000000000000004
311,candidate_4,candidate_2,candidate_5,candidate_3,candidate_1,5,0.028000000000000004
312,candidate_4,candidate_2,candidate_5,candidate_3,candidate_1,5,0.028000000000000004
313,candidate_4,candidate_2,candidate_5,candidate_3,candidate_1,5,0.028000000000000004
314,candidate_4,candidate_2,candidate_5,candidate_3,candidate_1,5,0.028000000000000004
315,candidate_4,candidate_2,candidate_5,candidate_3,candidate_1,5,0.028000000000000004
316,candidate_4,candidate_2,candidate_5,candidate_3,candidate_1,5,0.028000000000000004
317,candidate_4,candidate_2,candidate_5,candidate_3,candidate_1,5,0.028000000000000004
318,candidate_4,candidate_2,candidate_5,candidate_3,candidate_1,5,0.028000000000000004
319,candidate_4,candidate_2,candidate_5,candidate_3,candidate_1,5,0.028000000000000004
320,candidate_4,candidate_2,candidate_5,candidate_3,candidate_1,5,0.028000000000000004
321,candidate_4,candidate_2,candidate_5,candidate_3,candidate_1,5,0.028000000000000004
322,candidate_4,candidate_2,candidate_5,candidate_3,candidate_1,5,0.028000000000000004
323,candidate_4,candidate_2,candidate_5,candidate_3,candidate_1,5,0.028000000000000004
324,candidate_4,candidate_2,candidate_5,candidate_3,candidate_1,5,0.028000000000000004
325,candidate_4,candidate_2,candidate_5,candidate_3,candidate_1,5,0.028000000000000004
326,candidate_4,candidate_2,candidate_5,candidate_3,candidate_1,5,0.028000000000000004
327,candidate_4,candidate_2,candidate_5,candidate_3,candidate_1,5,0.028000000000000004
328,candidate_4,candidate_2,candidate_5,candidate_3,candidate_1,5,0.028000000000000004
329,candidate_4,candidate_2,candidate_5,candidate_3,candidate_1,5,0.028000000000000004
330,candidate_4,candidate_2,candidate_5,candidate_3,candidate_1,5,0.028000000000000004
331,candidate_4,candidate_2,candidate_5,candidate_3,candidate_1,5,0.028000000000000004
332,candidate_4,candidate_2,candidate_5,candidate_3,candidate_1,5,0.028000000000000004
333,candidate_4,candidate_2,candidate_5,candidate_3,candidate_1,5,0.028000000000000004
334,candidate_4,candidate_2,candidate_5,candidate_3,candidate_1,5,0.028000000000000004
335,candidate_4,candidate_2,candidate_5,candidate_3,candidate_1,5,0.028000000000000004
336,candidate_4,candidate_2,candidate_5,candidate_3,candidate_1,5,0.028000000000000004
337,candidate_4,candidate_2,candidate_5,candidate_3,candidate_1,5,0.028000000000000004
338,candidate_4,candidate_2,candidate_5,candidate_3,candidate_1,5,0.028000000000000004
339,candidate_4,0,candidate_5,candidate_3,candidate_1,5,0.028000000000000004
340,candidate_4,candidate_2,candidate_5,candidate_3,candidate_1,5,0.028000000000000004
341,candidate_4,candidate_2,candidate_5,candidate_3,candidate_1,5,0.028000000000000004
342,candidate_4,0,candidate_5,candidate_3,candidate_1,5,0.028000000000000004
343,candidate_4,candidate_2,0,candidate_3,candidate_1,5,0.028000000000000004
344,candidate_4,candidate_2,candidate_5,candidate_3,candidate_1,5,0.028000000000000004
345,candidate_4,candidate_2,candidate_5,candidate_3,candidate_1,5,0.028000000000000004
346,candidate_4,candidate_2,candidate_5,candidate_3,candidate_1,5,0.028000000000000004
347,candidate_4,candidate_2,candidate_5,candidate_3,candidate_1,5,0.028000000000000004
348,candidate_4,candidate_2,candidate_5,candidate_3,candidate_1,5,0.028000000000000004
349,candidate_4,candidate_2,candidate_5,0,candidate_1,5,0.028000000000000004
350,candidate_4,candidate_2,candidate_5,candidate_3,candidate_1,5,0.028000000000000004
351,candidate_4,candidate_2,candidate_5,candidate_3,0,5,0.028000000000000004
352,candidate_4,candidate_2,candidate_5,candidate_3,candidate_1,5,0.028000000000000004
353,candidate_4,candidate_2,candidate_5,candidate_3,candidate_1,5,0.028000000000000004
354,candidate_4,candidate_2,candidate_5,candidate_3,candidate_1,5,0.028000000000000004
355,candidate_4,candidate_2,candidate_5,candidate_3,candidate_1,5,0.028000000000000004
356,candidate_4,candidate_2,candidate_5,candidate_3,candidate_1,5,0.028000000000000004
357,candidate_4,candidate_2,candidate_5,candidate_3,candidate_1,5,0.028000000000000004
358,candidate_4,candidate_2,candidate_5,candidate_3,candidate_1,5,0.028000000000000004
359,candidate_4,candidate_2,candidate_5,0,candidate_1,5,0.028000000000000004
360,candidate_4,candidate_2,0,candidate_3,candidate_1,5,0.028000000000000004
361,candidate_4,candidate_2,candidate_5,candidate_3,candidate_1,5,0.028000000000000004
362,candidate_4,candidate_2,candidate_5,candidate_3,candidate_1,5,0.028000000000000004
363,candidate_4,candidate_2,candidate_5,candidate_3,candidate_1,5,0.028000000000000004
364,candidate_4,candidate_2,candidate_5,candidate_3,candidate_1,5,0.028000000000000004
365,candidate_4,candidate_2,candidate_5,candidate_3,candidate_1,5,0.028000000000000004
366,candidate_4,candidate_2,candidate_5,candidate_3,candidate_1,5,0.028000000000000004
367,candidate_4,candidate_2,candidate_5,candidate_3,candidate_1,5,0.028000000000000004
368,candidate_4,candidate_2,candidate_5,candidate_3,candidate_1,5,0.028000000000000004
369,candidate_4,candidate_2,candidate_5,candidate_3,candidate_1,5,0.028000000000000004
370,candidate_4,0,candidate_5,candidate_3,candidate_1,5,0.028000000000000004
371,candidate_4,candidate_2,candidate_5,candidate_3,candidate_1,5,0.028000000000000004
372,candidate_4,candidate_2,candidate_5,candidate_3,candidate_1,5,0.028000000000000004
373,candidate_4,candidate_2,candidate_5,candidate_3,candidate_1,5,0.028000000000000004
374,candidate_4,candidate_2,candidate_5,candidate_3,candidate_1,5,0.028000000000000004
375,candidate_4,candidate_2,candidate_5,candidate_3,candidate_1,5,0.028000000000000004
376,candidate_4,candidate_2,candidate_5,candidate_3,candidate_1,5,0.028000000000000004
377,candidate_4,candidate_2,candidate_5,candidate_3,candidate_1,5,0.028000000000000004
378,candidate_4,0,candidate_5,candidate_3,candidate_1,5,0.028000000000000004
379,candidate_4,0,candidate_5,candidate_3,candidate_1,5,0.028000000000000004
380,candidate_4,candidate_2,candidate_5,candidate_3,candidate_1,5,0.028000000000000004
381,candidate_4,candidate_2,candidate_5,candidate_3,candidate_1,5,0.028000000000000004
382,candidate_4,candidate_2,candidate_5,candidate_3,candidate_1,5,0.028000000000000004
383,candidate_4,candidate_2,candidate_5,candidate_3,candidate_1,5,0.028000000000000004
384,candidate_4,candidate_2,candidate_5,candidate_3,candidate_1,5,0.028000000000000004
385,candidate_4,candidate_2,candidate_5,0,0,5,0.028000000000000004
386,candidate_4,candidate_2,candidate_5,candidate_3,candidate_1,5,0.028000000000000004
387,candidate_4,candidate_2,candidate_5,candidate_3,candidate_1,5,0.028000000000000004
388,candidate_4,candidate_2,candidate_5,candidate_3,candidate_1,5,0.028000000000000004
389,candidate_4,candidate_2,candidate_5,candidate_3,candidate_1,5,0.028000000000000004
390,candidate_4,candidate_2,candidate_5,candidate_3,candidate_1,5,0.028000000000000004
391,candidate_4,candidate_2,candidate_5,candidate_3,candidate_1,5,0.028000000000000004
392,candidate_4,candidate_2,candidate_5,candidate_3,candidate_1,5,0.028000000000000004
393,candidate_4,candidate_2,candidate_5,candidate_3,candidate_1,5,0.028000000000000004
394,candidate_4,candidate_2,candidate_5,candidate_3,candidate_1,5,0.028000000000000004
395,candidate_4,candidate_2,candidate_5,candidate_3,candidate_1,5,0.028000000000000004
396,candidate_4,candidate_2,candidate_5,candidate_3,candidate_1,5,0.028000000000000004
397,candidate_4,candidate_2,candidate_5,candidate_3,candidate_1,5,0.028000000000000004
398,candidate_4,candidate_2,candidate_5,candidate_3,candidate_1,5,0.028000000000000004
399,candidate_4,candidate_2,candidate_5,candidate_3,candidate_1,5,0.028000000000000004
400,candidate_4,candidate_2,candidate_5,candidate_3,candidate_1,5,0.028000000000000004
401,candidate_4,candidate_2,candidate_5,candidate_3,candidate_1,5,0.028000000000000004
402,candidate_4,candidate_2,candidate_5,candidate_3,candidate_1,5,0.028000000000000004
403,candidate_4,candidate_2,candidate_5,candidate_3,candidate_1,5,0.028000000000000004
404,candidate_4,candidate_2,candidate_5,0,candidate_1,5,0.028000000000000004
405,candidate_4,candidate_2,candidate_5,candidate_3,candidate_1,5,0.028000000000000004
406,candidate_4,candidate_2,candidate_5,candidate_3,candidate_1,5,0.028000000000000004
407,candidate_4,candidate_2,candidate_5,candidate_3,candidate_1,5,0.028000000000000004
408,candidate_4,candidate_2,candidate_5,candidate_3,candidate_1,5,0.028000000000000004
409,candidate_4,candidate_2,candidate_5,candidate_3,candidate_1,5,0.028000000000000004
410,candidate_4,candidate_2,candidate_5,candidate_3,candidate_1,5,0.028000000000000004
411,candidate_4,candidate_2,candidate_5,candidate_3,candidate_1,5,0.028000000000000004
412,candidate_4,candidate_2,candidate_5,candidate_3,candidate_1,5,0.028000000000000004
413,candidate_4,candidate_2,candidate_5,candidate_3,candidate_1,5,0.028000000000000004
414,candidate_4,candidate_2,candidate_5,candidate_3,candidate_1,5,0.028000000000000004
415,candidate_4,candidate_2,0,candidate_3,candidate_1,5,0.028000000000000004
416,candidate_4,candidate_2,candidate_5,candidate_3,candidate_1,5,0.028000000000000004
417,candidate_4,candidate_2,candidate_5,candidate_3,candidate_1,5,0.028000000000000004
418,candidate_4,candidate_2,candidate_5,candidate_3,candidate_1,5,0.028000000000000004
419,candidate_4,candidate_2,candidate_5,candidate_3,candidate_1,5,0.028000000000000004
420,candidate_4,candidate_2,candidate_5,candidate_3,candidate_1,5,0.028000000000000004
421,0,candidate_2,candidate_5,candidate_3,candidate_1,5,0.028000000000000004
422,candidate_4,candidate_2,candidate_5,candidate_3,candidate_1,5,0.028000000000000004
423,candidate_4,candidate_2,candidate_5,0,candidate_1,5,0.028000000000000004
424,candidate_4,candidate_2,candidate_5,candidate_3,candidate_1,5,0.028000000000000004
425,candidate_4,candidate_2,candidate_5,candidate_3,candidate_1,5,0.028000000000000004
426,candidate_4,candidate_2,candidate_5,candidate_3,candidate_1,5,0.028000000000000004
427,candidate_4,candidate_2,candidate_5,candidate_3,0,5,0.028000000000000004
428,candidate_4,candidate_2,candidate_5,candidate_3,candidate_1,5,0.028000000000000004
429,candidate_4,candidate_2,candidate_5,candidate_3,candidate_1,5,0.028000000000000004
430,candidate_4,candidate_2,candidate_5,candidate_3,candidate_1,5,0.028000000000000004
431,candidate_4,0,candidate_5,candidate_3,candidate_1,5,0.028000000000000004
432,candidate_4,0,candidate_5,candidate_3,candidate_1,5,0.028000000000000004
433,candidate_4,candidate_2,candidate_5,candidate_3,candidate_1,5,0.028000000000000004
434,candidate_4,candidate_2,candidate_5,candidate_3,candidate_1,5,0.028000000000000004
435,candidate_4,candidate_2,candidate_5,candidate_3,candidate_1,5,0.028000000000000004
436,candidate_4,candidate_2,candidate_5,candidate_3,candidate_1,5,0.028000000000000004
437,candidate_4,candidate_2,candidate_5,candidate_3,candidate_1,5,0.028000000000000004
438,candidate_4,candidate_2,candidate_5,candidate_3,candidate_1,5,0.028000000000000004
439,candidate_4,candidate_2,0,candidate_3,candidate_1,5,0.028000000000000004
440,candidate_4,0,candidate_5,candidate_3,candidate_1,5,0.028000000000000004
441,candidate_4,0,candidate_5,candidate_3,candidate_1,5,0.028000000000000004
442,candidate_4,candidate_2,candidate_5,candidate_3,candidate_1,5,0.028000000000000004
443,candidate_4,candidate_2,candidate_5,candidate_3,candidate_1,5,0.028000000000000004
444,candidate_4,candidate_2,candidate_5,candidate_3,candidate_1,5,0.028000000000000004
445,candidate_4,0,candidate_5,candidate_3,0,5,0.028000000000000004
446,candidate_4,candidate_2,candidate_5,candidate_3,candidate_1,5,0.028000000000000004
447,candidate_4,candidate_2,candidate_5,candidate_3,candidate_1,5,0.028000000000000004
448,candidate_4,candidate_2,candidate_5,candidate_3,candidate_1,5,0.028000000000000004
449,candidate_4,candidate_2,candidate_5,candidate_3,candidate_1,5,0.028000000000000004
450,candidate_4,candidate_2,candidate_5,candidate_3,candidate_1,5,0.028000000000000004
451,candidate_4,candidate_2,candidate_5,candidate_3,0,5,0.028000000000000004
452,candidate_4,candidate_2,candidate_5,candidate_3,candidate_1,5,0.028000000000000004
453,candidate_4,candidate_2,candidate_5,candidate_3,candidate_1,5,0.028000000000000004
454,candidate_4,candidate_2,candidate_5,candidate_3,candidate_1,5,0.028000000000000004
455,candidate_4,candidate_2,candidate_5,candidate_3,candidate_1,5,0.028000000000000004
456,candidate_4,candidate_2,candidate_5,candidate_3,candidate_1,5,0.028000000000000004
457,candidate_4,candidate_2,candidate_5,candidate_3,candidate_1,5,0.028000000000000004
458,candidate_4,candidate_2,candidate_5,candidate_3,candidate_1,5,0.028000000000000004
459,candidate_4,0,candidate_5,candidate_3,candidate_1,5,0.028000000000000004
460,candidate_4,candidate_2,candidate_5,candidate_3,candidate_1,5,0.028000000000000004
461,candidate_4,candidate_2,candidate_5,candidate_3,candidate_1,5,0.028000000000000004
462,candidate_4,candidate_2,candidate_5,candidate_3,0,5,0.028000000000000004
463,candidate_4,candidate_2,candidate_5,candidate_3,candidate_1,5,0.028000000000000004
464,candidate_4,candidate_2,candidate_5,candidate_3,candidate_1,5,0.028000000000000004
465,candidate_4,candidate_2,candidate_5,candidate_3,candidate_1,5,0.028000000000000004
466,candidate_4,candidate_2,candidate_5,candidate_3,candidate_1,5,0.028000000000000004
467,candidate_4,candidate_2,candidate_5,0,candidate_1,5,0.028000000000000004
468,candidate_4,candidate_2,candidate_5,candidate_3,candidate_1,5,0.028000000000000004
469,candidate_4,candidate_2,candidate_5,candidate_3,candidate_1,5,0.028000000000000004
470,candidate_4,candidate_2,candidate_5,candidate_3,candidate_1,5,0.028000000000000004
471,candidate_4,candidate_2,candidate_5,candidate_3,candidate_1,5,0.028000000000000004
472,candidate_4,candidate_2,candidate_5,candidate_3,candidate_1,5,0.028000000000000004
473,candidate_4,candidate_2,candidate_5,candidate_3,candidate_1,5,0.028000000000000004
474,candidate_4,candidate_2,candidate_5,candidate_3,candidate_1,5,0.028000000000000004
475,candidate_4,candidate_2,candidate_5,candidate_3,candidate_1,5,0.028000000000000004
476,candidate_4,candidate_2,candidate_5,candidate_3,candidate_1,5,0.028000000000000004
477,candidate_4,candidate_2,candidate_5,candidate_3,candidate_1,5,0.028000000000000004
478,candidate_4,candidate_2,candidate_5,candidate_3,candidate_1,5,0.028000000000000004
479,candidate_4,candidate_2,candidate_5,candidate_3,candidate_1,5,0.028000000000000004
480,candidate_4,candidate_2,candidate_5,0,candidate_1,5,0.028000000000000004
481,candidate_4,candidate_2,candidate_5,candidate_3,candidate_1,5,0.028000000000000004
482,candidate_4,candidate_2,candidate_5,candidate_3,candidate_1,5,0.028000000000000004
483,candidate_4,candidate_2,candidate_5,candidate_3,candidate_1,5,0.028000000000000004
484,candidate_4,candidate_2,candidate_5,candidate_3,candidate_1,5,0.028000000000000004
485,candidate_4,0,candidate_5,candidate_3,candidate_1,5,0.028000000000000004
486,candidate_4,candidate_2,candidate_5,candidate_3,candidate_1,5,0.028000000000000004
487,candidate_4,candidate_2,candidate_5,candidate_3,candidate_1,5,0.028000000000000004
488,candidate_4,candidate_2,candidate_5,candidate_3,candidate_1,5,0.028000000000000004
489,candidate_4,candidate_2,candidate_5,candidate_3,candidate_1,5,0.028000000000000004
490,candidate_4,candidate_2,candidate_5,candidate_3,candidate_1,5,0.028000000000000004
491,candidate_4,candidate_2,candidate_5,candidate_3,candidate_1,5,0.028000000000000004
492,candidate_4,candidate_2,candidate_5,candidate_3,candidate_1,5,0.028000000000000004
493,candidate_4,candidate_2,candidate_5,candidate_3,candidate_1,5,0.028000000000000004
494,candidate_4,candidate_2,candidate_5,candidate_3,candidate_1,5,0.028000000000000004
495,candidate_4,candidate_2,candidate_5,candidate_3,candidate_1,5,0.028000000000000004
496,candidate_4,candidate_2,candidate_5,candidate_3,candidate_1,5,0.028000000000000004
497,candidate_4,candidate_2,candidate_5,candidate_3,candidate_1,5,0.028000000000000004
498,candidate_4,candidate_2,candidate_5,candidate_3,candidate_1,5,0.028000000000000004
499,candidate_4,candidate_2,candidate_5,candidate_3,candidate_1,5,0.028000000000000004
500,0,candidate_2,candidate_5,candidate_3,candidate_1,5,0.028000000000000004
501,candidate_4,candidate_2,candidate_5,candidate_3,candidate_1,5,0.028000000000000004
502,candidate_4,candidate_2,candidate_5,candidate_3,candidate_1,5,0.028000000000000004
503,candidate_4,candidate_2,candidate_5,candidate_3,candidate_1,5,0.028000000000000004
504,candidate_4,candidate_2,candidate_5,candidate_3,candidate_1,5,0.028000000000000004
505,candidate_4,candidate_2,0,candidate_3,candidate_1,5,0.028000000000000004
506,candidate_4,candidate_2,candidate_5,candidate_3,candidate_1,5,0.028000000000000004
507,candidate_4,candidate_2,candidate_5,candidate_3,candidate_1,5,0.028000000000000004
508,candidate_4,candidate_2,candidate_5,0,candidate_1,5,0.028000000000000004
509,candidate_4,candidate_2,candidate_5,candidate_3,candidate_1,5,0.028000000000000004
510,candidate_4,0,candidate_5,candidate_3,candidate_1,5,0.028000000000000004
511,candidate_4,candidate_2,candidate_5,candidate_3,0,5,0.028000000000000004
512,candidate_4,candidate_2,candidate_5,candidate_3,candidate_1,5,0.028000000000000004
513,candidate_4,candidate_2,candidate_5,candidate_3,candidate_1,5,0.028000000000000004
514,candidate_4,candidate_2,candidate_5,candidate_3,candidate_1,5,0.028000000000000004
515,candidate_4,candidate_2,candidate_5,candidate_3,candidate_1,5,0.028000000000000004
516,candidate_4,candidate_2,candidate_5,candidate_3,candidate_1,5,0.028000000000000004
517,candidate_4,candidate_2,candidate_5,candidate_3,candidate_1,5,0.028000000000000004
518,candidate_4,candidate_2,candidate_5,candidate_3,candidate_1,5,0.028000000000000004
519,candidate_4,candidate_2,candidate_5,candidate_3,candidate_1,5,0.028000000000000004
520,candidate_4,candidate_2,candidate_5,candidate_3,candidate_1,5,0.028000000000000004
521,candidate_4,candidate_2,candidate_5,candidate_3,candidate_1,5,0.028000000000000004
522,candidate_4,candidate_2,candidate_5,candidate_3,candidate_1,5,0.028000000000000004
0,candidate_4,candidate_3,candidate_1,candidate_2,candidate_5,5,0.028000000000000004
1,candidate_4,candidate_3,candidate_1,candidate_2,candidate_5,5,0.028000000000000004
2,candidate_4,candidate_3,candidate_1,candidate_2,candidate_5,5,0.028000000000000004
3,candidate_4,candidate_3,candidate_1,candidate_2,candidate_5,5,0.028000000000000004
4,candidate_4,candidate_3,candidate_1,candidate_2,candidate_5,5,0.028000000000000004
5,candidate_4,candidate_3,candidate_1,candidate_2,candidate_5,5,0.028000000000000004
6,candidate_4,candidate_3,candidate_1,candidate_2,candidate_5,5,0.028000000000000004
7,candidate_4,candidate_3,candidate_1,candidate_2,candidate_5,5,0.028000000000000004
8,candidate_4,candidate_3,candidate_1,candidate_2,candidate_5,5,0.028000000000000004
9,candidate_4,candidate_3,candidate_1,candidate_2,candidate_5,5,0.028000000000000004
10,candidate_4,candidate_3,candidate_1,candidate_2,candidate_5,5,0.028000000000000004
11,candidate_4,candidate_3,candidate_1,candidate_2,candidate_5,5,0.028000000000000004
12,candidate_4,candidate_3,candidate_1,candidate_2,candidate_5,5,0.028000000000000004
13,candidate_4,candidate_3,candidate_1,candidate_2,0,5,0.028000000000000004
14,candidate_4,candidate_3,candidate_1,candidate_2,candidate_5,5,0.028000000000000004
15,candidate_4,candidate_3,candidate_1,candidate_2,candidate_5,5,0.028000000000000004
16,candidate_4,candidate_3,candidate_1,candidate_2,candidate_5,5,0.028000000000000004
17,candidate_4,candidate_3,candidate_1,candidate_2,candidate_5,5,0.028000000000000004
18,candidate_4,candidate_3,candidate_1,candidate_2,candidate_5,5,0.028000000000000004
19,candidate_4,candidate_3,candidate_1,candidate_2,candidate_5,5,0.028000000000000004
20,candidate_4,candidate_3,candidate_1,candidate_2,candidate_5,5,0.028000000000000004
21,candidate_4,candidate_3,candidate_1,candidate_2,candidate_5,5,0.028000000000000004
22,candidate_4,candidate_3,candidate_1,candidate_2,candidate_5,5,0.028000000000000004
23,candidate_4,candidate_3,candidate_1,candidate_2,candidate_5,5,0.028000000000000004
24,candidate_4,candidate_3,candidate_1,candidate_2,candidate_5,5,0.028000000000000004
25,candidate_4,candidate_3,candidate_1,candidate_2,candidate_5,5,0.028000000000000004
26,candidate_4,candidate_3,candidate_1,candidate_2,0,5,0.028000000000000004
27,candidate_4,candidate_3,candidate_1,candidate_2,candidate_5,5,0.028000000000000004
28,candidate_4,candidate_3,candidate_1,candidate_2,candidate_5,5,0.028000000000000004
29,candidate_4,candidate_3,candidate_1,candidate_2,candidate_5,5,0.028000000000000004
30,candidate_4,candidate_3,candidate_1,candidate_2,candidate_5,5,0.028000000000000004
31,candidate_4,candidate_3,candidate_1,candidate_2,candidate_5,5,0.028000000000000004
32,candidate_4,candidate_3,candidate_1,candidate_2,candidate_5,5,0.028000000000000004
33,candidate_4,candidate_3,candidate_1,candidate_2,candidate_5,5,0.028000000000000004
34,candidate_4,candidate_3,candidate_1,candidate_2,candidate_5,5,0.028000000000000004
35,candidate_4,candidate_3,candidate_1,candidate_2,candidate_5,5,0.028000000000000004
36,candidate_4,0,candidate_1,candidate_2,candidate_5,5,0.028000000000000004
37,candidate_4,candidate_3,candidate_1,candidate_2,0,5,0.028000000000000004
38,candidate_4,0,candidate_1,candidate_2,candidate_5,5,0.028000000000000004
39,candidate_4,candidate_3,candidate_1,candidate_2,candidate_5,5,0.028000000000000004
40,candidate_4,candidate_3,candidate_1,candidate_2,candidate_5,5,0.028000000000000004
41,candidate_4,candidate_3,candidate_1,candidate_2,candidate_5,5,0.028000000000000004
42,candidate_4,candidate_3,candidate_1,candidate_2,candidate_5,5,0.028000000000000004
43,candidate_4,candidate_3,candidate_1,candidate_2,candidate_5,5,0.028000000000000004
44,candidate_4,candidate_3,candidate_1,candidate_2,candidate_5,5,0.028000000000000004
45,candidate_4,candidate_3,candidate_1,candidate_2,candidate_5,5,0.028000000000000004
46,candidate_4,candidate_3,candidate_1,candidate_2,candidate_5,5,0.028000000000000004
47,0,candidate_3,candidate_1,candidate_2,candidate_5,5,0.028000000000000004
48,candidate_4,candidate_3,candidate_1,candidate_2,candidate_5,5,0.028000000000000004
49,candidate_4,candidate_3,0,candidate_2,0,5,0.028000000000000004
50,candidate_4,candidate_3,candidate_1,candidate_2,candidate_5,5,0.028000000000000004
51,candidate_4,candidate_3,candidate_1,candidate_2,candidate_5,5,0.028000000000000004
52,candidate_4,candidate_3,candidate_1,candidate_2,candidate_5,5,0.028000000000000004
53,candidate_4,candidate_3,candidate_1,candidate_2,candidate_5,5,0.028000000000000004
54,candidate_4,candidate_3,candidate_1,candidate_2,candidate_5,5,0.028000000000000004
55,candidate_4,candidate_3,candidate_1,candidate_2,candidate_5,5,0.028000000000000004
56,0,candidate_3,candidate_1,candidate_2,candidate_5,5,0.028000000000000004
57,candidate_4,candidate_3,candidate_1,candidate_2,0,5,0.028000000000000004
58,candidate_4,candidate_3,candidate_1,candidate_2,candidate_5,5,0.028000000000000004
59,0,candidate_3,candidate_1,candidate_2,candidate_5,5,0.028000000000000004
60,candidate_4,candidate_3,candidate_1,candidate_2,candidate_5,5,0.028000000000000004
61,candidate_4,candidate_3,candidate_1,candidate_2,candidate_5,5,0.028000000000000004
62,candidate_4,candidate_3,candidate_1,candidate_2,candidate_5,5,0.028000000000000004
63,candidate_4,0,candidate_1,candidate_2,candidate_5,5,0.028000000000000004
64,candidate_4,candidate_3,candidate_1,candidate_2,candidate_5,5,0.028000000000000004
65,candidate_4,candidate_3,candidate_1,candidate_2,candidate_5,5,0.028000000000000004
66,candidate_4,candidate_3,candidate_1,candidate_2,candidate_5,5,0.028000000000000004
67,candidate_4,0,candidate_1,candidate_2,candidate_5,5,0.028000000000000004
68,candidate_4,candidate_3,candidate_1,candidate_2,candidate_5,5,0.028000000000000004
69,candidate_4,candidate_3,candidate_1,candidate_2,candidate_5,5,0.028000000000000004
70,candidate_4,candidate_3,candidate_1,candidate_2,candidate_5,5,0.028000000000000004
71,candidate_4,candidate_3,candidate_1,candidate_2,candidate_5,5,0.028000000000000004
72,candidate_4,candidate_3,candidate_1,candidate_2,candidate_5,5,0.028000000000000004
73,candidate_4,candidate_3,candidate_1,candidate_2,candidate_5,5,0.028000000000000004
74,candidate_4,candidate_3,candidate_1,candidate_2,candidate_5,5,0.028000000000000004
75,0,candidate_3,candidate_1,candidate_2,candidate_5,5,0.028000000000000004
76,candidate_4,candidate_3,candidate_1,candidate_2,candidate_5,5,0.028000000000000004
77,candidate_4,candidate_3,candidate_1,candidate_2,candidate_5,5,0.028000000000000004
78,candidate_4,candidate_3,candidate_1,candidate_2,candidate_5,5,0.028000000000000004
79,candidate_4,candidate_3,candidate_1,candidate_2,candidate_5,5,0.028000000000000004
80,candidate_4,candidate_3,candidate_1,candidate_2,candidate_5,5,0.028000000000000004
81,candidate_4,candidate_3,candidate_1,candidate_2,candidate_5,5,0.028000000000000004
82,candidate_4,candidate_3,candidate_1,candidate_2,candidate_5,5,0.028000000000000004
83,0,candidate_3,candidate_1,candidate_2,candidate_5,5,0.028000000000000004
84,candidate_4,candidate_3,candidate_1,candidate_2,candidate_5,5,0.028000000000000004
85,candidate_4,candidate_3,candidate_1,candidate_2,candidate_5,5,0.028000000000000004
86,candidate_4,candidate_3,candidate_1,candidate_2,candidate_5,5,0.028000000000000004
87,0,candidate_3,candidate_1,candidate_2,candidate_5,5,0.028000000000000004
88,candidate_4,candidate_3,candidate_1,candidate_2,candidate_5,5,0.028000000000000004
89,candidate_4,candidate_3,candidate_1,candidate_2,candidate_5,5,0.028000000000000004
90,0,candidate_3,0,candidate_2,candidate_5,5,0.028000000000000004
91,candidate_4,candidate_3,candidate_1,candidate_2,candidate_5,5,0.028000000000000004
92,candidate_4,candidate_3,candidate_1,candidate_2,candidate_5,5,0.028000000000000004
93,candidate_4,candidate_3,candidate_1,candidate_2,candidate_5,5,0.028000000000000004
94,candidate_4,candidate_3,candidate_1,candidate_2,candidate_5,5,0.028000000000000004
95,candidate_4,candidate_3,candidate_1,candidate_2,candidate_5,5,0.028000000000000004
96,candidate_4,candidate_3,candidate_1,candidate_2,candidate_5,5,0.028000000000000004
97,candidate_4,candidate_3,candidate_1,candidate_2,candidate_5,5,0.028000000000000004
98,candidate_4,candidate_3,candidate_1,candidate_2,candidate_5,5,0.028000000000000004
99,candidate_4,candidate_3,candidate_1,candidate_2,candidate_5,5,0.028000000000000004
100,candidate_4,candidate_3,candidate_1,candidate_2,candidate_5,5,0.028000000000000004
101,candidate_4,candidate_3,candidate_1,candidate_2,candidate_5,5,0.028000000000000004
102,candidate_4,candidate_3,candidate_1,candidate_2,candidate_5,5,0.028000000000000004
103,candidate_4,candidate_3,candidate_1,candidate_2,candidate_5,5,0.028000000000000004
104,candidate_4,candidate_3,candidate_1,candidate_2,candidate_5,5,0.028000000000000004
105,candidate_4,candidate_3,candidate_1,candidate_2,candidate_5,5,0.028000000000000004
106,candidate_4,candidate_3,candidate_1,candidate_2,0,5,0.028000000000000004
107,candidate_4,candidate_3,candidate_1,candidate_2,candidate_5,5,0.028000000000000004
108,candidate_4,candidate_3,candidate_1,candidate_2,candidate_5,5,0.028000000000000004
109,candidate_4,candidate_3,candidate_1,candidate_2,candidate_5,5,0.028000000000000004
110,candidate_4,candidate_3,candidate_1,candidate_2,candidate_5,5,0.028000000000000004
111,candidate_4,candidate_3,candidate_1,candidate_2,0,5,0.028000000000000004
112,candidate_4,candidate_3,candidate_1,candidate_2,candidate_5,5,0.028000000000000004
113,candidate_4,candidate_3,candidate_1,candidate_2,candidate_5,5,0.028000000000000004
114,candidate_4,candidate_3,candidate_1,candidate_2,candidate_5,5,0.028000000000000004
115,candidate_4,candidate_3,candidate_1,0,candidate_5,5,0.028000000000000004
116,candidate_4,candidate_3,candidate_1,0,candidate_5,5,0.028000000000000004
117,candidate_4,candidate_3,candidate_1,candidate_2,candidate_5,5,0.028000000000000004
118,candidate_4,candidate_3,candidate_1,candidate_2,candidate_5,5,0.028000000000000004
119,candidate_4,candidate_3,candidate_1,candidate_2,candidate_5,5,0.028000000000000004
120,candidate_4,candidate_3,candidate_1,candidate_2,candidate_5,5,0.028000000000000004
121,candidate_4,candidate_3,candidate_1,candidate_2,candidate_5,5,0.028000000000000004
122,candidate_4,candidate_3,candidate_1,candidate_2,candidate_5,5,0.028000000000000004
123,candidate_4,candidate_3,candidate_1,candidate_2,candidate_5,5,0.028000000000000004
124,candidate_4,candidate_3,candidate_1,candidate_2,candidate_5,5,0.028000000000000004
125,candidate_4,candidate_3,candidate_1,candidate_2,candidate_5,5,0.028000000000000004
126,0,candidate_3,candidate_1,candidate_2,candidate_5,5,0.028000000000000004
127,candidate_4,candidate_3,candidate_1,candidate_2,candidate_5,5,0.028000000000000004
128,candidate_4,candidate_3,candidate_1,candidate_2,candidate_5,5,0.028000000000000004
129,candidate_4,candidate_3,candidate_1,candidate_2,candidate_5,5,0.028000000000000004
130,candidate_4,candidate_3,candidate_1,candidate_2,candidate_5,5,0.028000000000000004
131,candidate_4,candidate_3,candidate_1,candidate_2,candidate_5,5,0.028000000000000004
132,candidate_4,candidate_3,candidate_1,candidate_2,candidate_5,5,0.028000000000000004
133,candidate_4,candidate_3,candidate_1,candidate_2,candidate_5,5,0.028000000000000004
134,candidate_4,candidate_3,candidate_1,candidate_2,candidate_5,5,0.028000000000000004
135,candidate_4,candidate_3,candidate_1,candidate_2,candidate_5,5,0.028000000000000004
136,candidate_4,candidate_3,candidate_1,candidate_2,candidate_5,5,0.028000000000000004
137,candidate_4,candidate_3,candidate_1,candidate_2,candidate_5,5,0.028000000000000004
138,candidate_4,candidate_3,candidate_1,candidate_2,candidate_5,5,0.028000000000000004
139,candidate_4,candidate_3,candidate_1,candidate_2,candidate_5,5,0.028000000000000004
140,candidate_4,candidate_3,candidate_1,candidate_2,candidate_5,5,0.028000000000000004
141,candidate_4,candidate_3,candidate_1,candidate_2,candidate_5,5,0.028000000000000004
142,0,candidate_3,candidate_1,candidate_2,candidate_5,5,0.028000000000000004
143,candidate_4,candidate_3,candidate_1,candidate_2,candidate_5,5,0.028000000000000004
144,candidate_4,candidate_3,candidate_1,candidate_2,candidate_5,5,0.028000000000000004
145,candidate_4,candidate_3,candidate_1,candidate_2,candidate_5,5,0.028000000000000004
146,candidate_4,candidate_3,candidate_1,candidate_2,candidate_5,5,0.028000000000000004
147,candidate_4,candidate_3,candidate_1,candidate_2,candidate_5,5,0.028000000000000004
148,candidate_4,candidate_3,candidate_1,candidate_2,candidate_5,5,0.028000000000000004
149,candidate_4,candidate_3,candidate_1,candidate_2,candidate_5,5,0.028000000000000004
150,candidate_4,candidate_3,candidate_1,candidate_2,candidate_5,5,0.028000000000000004
151,candidate_4,candidate_3,candidate_1,candidate_2,candidate_5,5,0.028000000000000004
152,candidate_4,candidate_3,candidate_1,candidate_2,candidate_5,5,0.028000000000000004
153,candidate_4,candidate_3,candidate_1,candidate_2,candidate_5,5,0.028000000000000004
154,candidate_4,candidate_3,candidate_1,candidate_2,candidate_5,5,0.028000000000000004
155,candidate_4,candidate_3,candidate_1,candidate_2,candidate_5,5,0.028000000000000004
156,candidate_4,candidate_3,candidate_1,candidate_2,candidate_5,5,0.028000000000000004
157,candidate_4,candidate_3,candidate_1,candidate_2,candidate_5,5,0.028000000000000004
158,candidate_4,candidate_3,candidate_1,candidate_2,0,5,0.028000000000000004
159,candidate_4,candidate_3,candidate_1,candidate_2,candidate_5,5,0.028000000000000004
160,candidate_4,candidate_3,candidate_1,candidate_2,candidate_5,5,0.028000000000000004
161,candidate_4,candidate_3,candidate_1,candidate_2,candidate_5,5,0.028000000000000004
162,candidate_4,candidate_3,candidate_1,candidate_2,candidate_5,5,0.028000000000000004
163,candidate_4,candidate_3,candidate_1,candidate_2,candidate_5,5,0.028000000000000004
164,candidate_4,candidate_3,candidate_1,candidate_2,candidate_5,5,0.028000000000000004
165,candidate_4,candidate_3,candidate_1,candidate_2,candidate_5,5,0.028000000000000004
166,candidate_4,candidate_3,candidate_1,candidate_2,candidate_5,5,0.028000000000000004
167,candidate_4,candidate_3,candidate_1,0,candidate_5,5,0.028000000000000004
168,candidate_4,candidate_3,candidate_1,candidate_2,candidate_5,5,0.028000000000000004
169,candidate_4,candidate_3,candidate_1,candidate_2,candidate_5,5,0.028000000000000004
170,candidate_4,candidate_3,candidate_1,candidate_2,candidate_5,5,0.028000000000000004
171,candidate_4,candidate_3,candidate_1,candidate_2,candidate_5,5,0.028000000000000004
172,candidate_4,candidate_3,candidate_1,candidate_2,candidate_5,5,0.028000000000000004
173,candidate_4,candidate_3,candidate_1,candidate_2,candidate_5,5,0.028000000000000004
174,candidate_4,candidate_3,candidate_1,candidate_2,candidate_5,5,0.028000000000000004
175,candidate_4,candidate_3,candidate_1,candidate_2,candidate_5,5,0.028000000000000004
176,candidate_4,0,candidate_1,candidate_2,candidate_5,5,0.028000000000000004
177,candidate_4,candidate_3,0,candidate_2,candidate_5,5,0.028000000000000004
178,candidate_4,candidate_3,candidate_1,candidate_2,candidate_5,5,0.028000000000000004
179,candidate_4,candidate_3,candidate_1,candidate_2,candidate_5,5,0.028000000000000004
180,candidate_4,candidate_3,candidate_1,candidate_2,candidate_5,5,0.028000000000000004
181,candidate_4,candidate_3,0,candidate_2,candidate_5,5,0.028000000000000004
182,candidate_4,candidate_3,candidate_1,candidate_2,candidate_5,5,0.028000000000000004
183,candidate_4,candidate_3,candidate_1,candidate_2,candidate_5,5,0.028000000000000004
184,candidate_4,candidate_3,candidate_1,candidate_2,candidate_5,5,0.028000000000000004
185,candidate_4,candidate_3,candidate_1,candidate_2,candidate_5,5,0.028000000000000004
186,candidate_4,candidate_3,candidate_1,candidate_2,candidate_5,5,0.028000000000000004
187,candidate_4,candidate_3,candidate_1,candidate_2,candidate_5,5,0.028000000000000004
188,candidate_4,candidate_3,candidate_1,candidate_2,candidate_5,5,0.028000000000000004
189,candidate_4,candidate_3,candidate_1,candidate_2,candidate_5,5,0.028000000000000004
190,candidate_4,candidate_3,candidate_1,candidate_2,candidate_5,5,0.028000000000000004
191,candidate_4,candidate_3,candidate_1,candidate_2,candidate_5,5,0.028000000000000004
192,candidate_4,candidate_3,candidate_1,0,candidate_5,5,0.028000000000000004
193,candidate_4,candidate_3,candidate_1,candidate_2,0,5,0.028000000000000004
194,candidate_4,candidate_3,candidate_1,candidate_2,candidate_5,5,0.028000000000000004
195,candidate_4,candidate_3,candidate_1,candidate_2,candidate_5,5,0.028000000000000004
196,candidate_4,candidate_3,candidate_1,candidate_2,candidate_5,5,0.028000000000000004
197,candidate_4,candidate_3,candidate_1,candidate_2,candidate_5,5,0.028000000000000004
198,0,candidate_3,candidate_1,candidate_2,candidate_5,5,0.028000000000000004
199,candidate_4,candidate_3,0,candidate_2,candidate_5,5,0.028000000000000004
200,candidate_4,candidate_3,candidate_1,candidate_2,candidate_5,5,0.028000000000000004
201,candidate_4,candidate_3,candidate_1,candidate_2,candidate_5,5,0.028000000000000004
202,candidate_4,candidate_3,candidate_1,candidate_2,candidate_5,5,0.028000000000000004
0,0,candidate_3,candidate_1,candidate_5,candidate_2,5,0.028000000000000004
1,candidate_4,candidate_3,candidate_1,candidate_5,candidate_2,5,0.028000000000000004
2,candidate_4,candidate_3,candidate_1,candidate_5,candidate_2,5,0.028000000000000004
3,candidate_4,candidate_3,candidate_1,candidate_5,candidate_2,5,0.028000000000000004
4,candidate_4,candidate_3,candidate_1,candidate_5,candidate_2,5,0.028000000000000004
5,candidate_4,candidate_3,candidate_1,candidate_5,candidate_2,5,0.028000000000000004
6,candidate_4,candidate_3,candidate_1,candidate_5,candidate_2,5,0.028000000000000004
7,candidate_4,candidate_3,candidate_1,candidate_5,candidate_2,5,0.028000000000000004
8,candidate_4,candidate_3,candidate_1,candidate_5,candidate_2,5,0.028000000000000004
9,0,candidate_3,candidate_1,candidate_5,candidate_2,5,0.028000000000000004
10,candidate_4,candidate_3,0,candidate_5,candidate_2,5,0.028000000000000004
11,candidate_4,candidate_3,candidate_1,candidate_5,candidate_2,5,0.028000000000000004
12,candidate_4,candidate_3,candidate_1,candidate_5,candidate_2,5,0.028000000000000004
13,candidate_4,candidate_3,candidate_1,candidate_5,candidate_2,5,0.028000000000000004
14,candidate_4,candidate_3,candidate_1,candidate_5,candidate_2,5,0.028000000000000004
15,candidate_4,candidate_3,candidate_1,candidate_5,candidate_2,5,0.028000000000000004
16,candidate_4,candidate_3,candidate_1,candidate_5,candidate_2,5,0.028000000000000004
17,candidate_4,candidate_3,0,candidate_5,candidate_2,5,0.028000000000000004
18,candidate_4,candidate_3,candidate_1,candidate_5,candidate_2,5,0.028000000000000004
19,candidate_4,candidate_3,0,candidate_5,candidate_2,5,0.028000000000000004
20,candidate_4,candidate_3,candidate_1,candidate_5,candidate_2,5,0.028000000000000004
21,candidate_4,candidate_3,candidate_1,candidate_5,candidate_2,5,0.028000000000000004
22,candidate_4,candidate_3,candidate_1,candidate_5,candidate_2,5,0.028000000000000004
23,candidate_4,candidate_3,candidate_1,candidate_5,candidate_2,5,0.028000000000000004
24,candidate_4,candidate_3,candidate_1,candidate_5,candidate_2,5,0.028000000000000004
25,candidate_4,candidate_3,candidate_1,candidate_5,candidate_2,5,0.028000000000000004
26,candidate_4,candidate_3,candidate_1,candidate_5,candidate_2,5,0.028000000000000004
27,candidate_4,candidate_3,candidate_1,candidate_5,candidate_2,5,0.028000000000000004
28,candidate_4,candidate_3,candidate_1,candidate_5,candidate_2,5,0.028000000000000004
29,candidate_4,candidate_3,candidate_1,candidate_5,candidate_2,5,0.028000000000000004
30,candidate_4,candidate_3,candidate_1,candidate_5,candidate_2,5,0.028000000000000004
31,candidate_4,candidate_3,candidate_1,candidate_5,candidate_2,5,0.028000000000000004
32,candidate_4,candidate_3,candidate_1,candidate_5,candidate_2,5,0.028000000000000004
33,candidate_4,candidate_3,candidate_1,candidate_5,candidate_2,5,0.028000000000000004
34,0,0,candidate_1,candidate_5,candidate_2,5,0.028000000000000004
35,candidate_4,candidate_3,candidate_1,candidate_5,candidate_2,5,0.028000000000000004
36,candidate_4,candidate_3,candidate_1,candidate_5,candidate_2,5,0.028000000000000004
37,candidate_4,candidate_3,candidate_1,candidate_5,candidate_2,5,0.028000000000000004
38,candidate_4,candidate_3,candidate_1,candidate_5,candidate_2,5,0.028000000000000004
39,candidate_4,candidate_3,candidate_1,candidate_5,candidate_2,5,0.028000000000000004
40,candidate_4,candidate_3,candidate_1,candidate_5,candidate_2,5,0.028000000000000004
41,candidate_4,candidate_3,candidate_1,candidate_5,candidate_2,5,0.028000000000000004
42,candidate_4,candidate_3,candidate_1,candidate_5,candidate_2,5,0.028000000000000004
43,candidate_4,candidate_3,candidate_1,0,candidate_2,5,0.028000000000000004
44,candidate_4,candidate_3,candidate_1,candidate_5,candidate_2,5,0.028000000000000004
45,candidate_4,candidate_3,candidate_1,candidate_5,candidate_2,5,0.028000000000000004
46,candidate_4,candidate_3,candidate_1,candidate_5,candidate_2,5,0.028000000000000004
47,candidate_4,candidate_3,candidate_1,candidate_5,candidate_2,5,0.028000000000000004
48,candidate_4,candidate_3,candidate_1,candidate_5,candidate_2,5,0.028000000000000004
49,candidate_4,candidate_3,candidate_1,candidate_5,candidate_2,5,0.028000000000000004
50,candidate_4,candidate_3,candidate_1,candidate_5,candidate_2,5,0.028000000000000004
51,candidate_4,candidate_3,candidate_1,candidate_5,candidate_2,5,0.028000000000000004
52,candidate_4,candidate_3,candidate_1,candidate_5,candidate_2,5,0.028000000000000004
53,candidate_4,candidate_3,candidate_1,candidate_5,candidate_2,5,0.028000000000000004
54,candidate_4,candidate_3,candidate_1,candidate_5,candidate_2,5,0.028000000000000004
55,candidate_4,candidate_3,candidate_1,candidate_5,candidate_2,5,0.028000000000000004
56,candidate_4,candidate_3,candidate_1,candidate_5,candidate_2,5,0.028000000000000004
57,candidate_4,candidate_3,candidate_1,candidate_5,candidate_2,5,0.028000000000000004
58,candidate_4,candidate_3,0,candidate_5,candidate_2,5,0.028000000000000004
59,candidate_4,candidate_3,candidate_1,candidate_5,candidate_2,5,0.028000000000000004
60,candidate_4,candidate_3,candidate_1,candidate_5,candidate_2,5,0.028000000000000004
61,candidate_4,candidate_3,candidate_1,candidate_5,candidate_2,5,0.028000000000000004
62,candidate_4,candidate_3,candidate_1,candidate_5,candidate_2,5,0.028000000000000004
63,candidate_4,candidate_3,candidate_1,candidate_5,candidate_2,5,0.028000000000000004
64,candidate_4,candidate_3,candidate_1,candidate_5,0,5,0.028000000000000004
65,candidate_4,candidate_3,candidate_1,candidate_5,candidate_2,5,0.028000000000000004
66,candidate_4,candidate_3,candidate_1,candidate_5,candidate_2,5,0.028000000000000004
67,candidate_4,candidate_3,candidate_1,candidate_5,candidate_2,5,0.028000000000000004
68,candidate_4,candidate_3,candidate_1,candidate_5,candidate_2,5,0.028000000000000004
69,candidate_4,candidate_3,candidate_1,candidate_5,candidate_2,5,0.028000000000000004
70,candidate_4,candidate_3,candidate_1,candidate_5,candidate_2,5,0.028000000000000004
71,candidate_4,candidate_3,candidate_1,candidate_5,candidate_2,5,0.028000000000000004
72,candidate_4,candidate_3,candidate_1,candidate_5,candidate_2,5,0.028000000000000004
73,candidate_4,candidate_3,candidate_1,candidate_5,candidate_2,5,0.028000000000000004
74,candidate_4,candidate_3,candidate_1,candidate_5,candidate_2,5,0.028000000000000004
75,candidate_4,candidate_3,0,candidate_5,candidate_2,5,0.028000000000000004
76,candidate_4,candidate_3,candidate_1,candidate_5,candidate_2,5,0.028000000000000004
77,candidate_4,candidate_3,candidate_1,candidate_5,candidate_2,5,0.028000000000000004
78,candidate_4,candidate_3,candidate_1,candidate_5,candidate_2,5,0.028000000000000004
79,candidate_4,candidate_3,candidate_1,candidate_5,candidate_2,5,0.028000000000000004
80,candidate_4,candidate_3,candidate_1,candidate_5,candidate_2,5,0.028000000000000004
81,candidate_4,candidate_3,candidate_1,candidate_5,candidate_2,5,0.028000000000000004
82,candidate_4,candidate_3,candidate_1,candidate_5,candidate_2,5,0.028000000000000004
83,candidate_4,candidate_3,candidate_1,candidate_5,candidate_2,5,0.028000000000000004
84,candidate_4,candidate_3,candidate_1,candidate_5,candidate_2,5,0.028000000000000004
85,candidate_4,candidate_3,candidate_1,0,candidate_2,5,0.028000000000000004
86,candidate_4,candidate_3,candidate_1,0,candidate_2,5,0.028000000000000004
87,candidate_4,candidate_3,candidate_1,candidate_5,candidate_2,5,0.028000000000000004
88,candidate_4,candidate_3,candidate_1,candidate_5,candidate_2,5,0.028000000000000004
89,candidate_4,candidate_3,candidate_1,candidate_5,candidate_2,5,0.028000000000000004
90,candidate_4,candidate_3,candidate_1,candidate_5,candidate_2,5,0.028000000000000004
91,candidate_4,candidate_3,candidate_1,candidate_5,0,5,0.028000000000000004
92,candidate_4,candidate_3,candidate_1,candidate_5,candidate_2,5,0.028000000000000004
93,candidate_4,candidate_3,candidate_1,candidate_5,candidate_2,5,0.028000000000000004
94,candidate_4,candidate_3,candidate_1,candidate_5,candidate_2,5,0.028000000000000004
95,candidate_4,candidate_3,candidate_1,candidate_5,candidate_2,5,0.028000000000000004
96,candidate_4,candidate_3,candidate_1,candidate_5,candidate_2,5,0.028000000000000004
97,candidate_4,candidate_3,candidate_1,candidate_5,candidate_2,5,0.028000000000000004
98,candidate_4,candidate_3,candidate_1,candidate_5,candidate_2,5,0.028000000000000004
99,candidate_4,0,candidate_1,candidate_5,candidate_2,5,0.028000000000000004
100,candidate_4,candidate_3,candidate_1,candidate_5,candidate_2,5,0.028000000000000004
101,candidate_4,candidate_3,candidate_1,candidate_5,candidate_2,5,0.028000000000000004
102,candidate_4,candidate_3,candidate_1,candidate_5,candidate_2,5,0.028000000000000004
103,candidate_4,candidate_3,candidate_1,candidate_5,candidate_2,5,0.028000000000000004
104,candidate_4,candidate_3,candidate_1,candidate_5,candidate_2,5,0.028000000000000004
105,candidate_4,candidate_3,candidate_1,candidate_5,candidate_2,5,0.028000000000000004
106,candidate_4,0,candidate_1,candidate_5,candidate_2,5,0.028000000000000004
107,candidate_4,candidate_3,candidate_1,candidate_5,candidate_2,5,0.028000000000000004
108,candidate_4,candidate_3,candidate_1,candidate_5,candidate_2,5,0.028000000000000004
109,candidate_4,candidate_3,candidate_1,candidate_5,candidate_2,5,0.028000000000000004
110,candidate_4,candidate_3,candidate_1,candidate_5,candidate_2,5,0.028000000000000004
111,candidate_4,candidate_3,candidate_1,candidate_5,candidate_2,5,0.028000000000000004
112,candidate_4,candidate_3,candidate_1,candidate_5,candidate_2,5,0.028000000000000004
113,candidate_4,candidate_3,candidate_1,candidate_5,candidate_2,5,0.028000000000000004
114,candidate_4,candidate_3,candidate_1,candidate_5,candidate_2,5,0.028000000000000004
115,candidate_4,candidate_3,candidate_1,candidate_5,candidate_2,5,0.028000000000000004
116,candidate_4,candidate_3,0,candidate_5,candidate_2,5,0.028000000000000004
117,candidate_4,candidate_3,candidate_1,candidate_5,candidate_2,5,0.028000000000000004
118,candidate_4,candidate_3,candidate_1,candidate_5,candidate_2,5,0.028000000000000004
119,candidate_4,candidate_3,candidate_1,candidate_5,candidate_2,5,0.028000000000000004
120,candidate_4,candidate_3,candidate_1,candidate_5,candidate_2,5,0.028000000000000004
121,candidate_4,candidate_3,candidate_1,candidate_5,candidate_2,5,0.028000000000000004
122,candidate_4,candidate_3,candidate_1,candidate_5,candidate_2,5,0.028000000000000004
123,candidate_4,candidate_3,candidate_1,candidate_5,candidate_2,5,0.028000000000000004
124,0,candidate_3,candidate_1,candidate_5,candidate_2,5,0.028000000000000004
125,candidate_4,candidate_3,candidate_1,candidate_5,candidate_2,5,0.028000000000000004
126,candidate_4,candidate_3,candidate_1,candidate_5,candidate_2,5,0.028000000000000004
127,candidate_4,candidate_3,candidate_1,candidate_5,candidate_2,5,0.028000000000000004
128,candidate_4,candidate_3,candidate_1,candidate_5,0,5,0.028000000000000004
129,candidate_4,candidate_3,candidate_1,candidate_5,candidate_2,5,0.028000000000000004
130,0,candidate_3,candidate_1,candidate_5,candidate_2,5,0.028000000000000004
131,candidate_4,candidate_3,candidate_1,candidate_5,candidate_2,5,0.028000000000000004
132,0,candidate_3,candidate_1,candidate_5,candidate_2,5,0.028000000000000004
133,candidate_4,candidate_3,candidate_1,candidate_5,candidate_2,5,0.028000000000000004
134,candidate_4,candidate_3,candidate_1,candidate_5,candidate_2,5,0.028000000000000004
0,candidate_4,candidate_3,candidate_2,candidate_1,candidate_5,5,0.028000000000000004
1,candidate_4,candidate_3,candidate_2,candidate_1,candidate_5,5,0.028000000000000004
2,candidate_4,candidate_3,candidate_2,candidate_1,candidate_5,5,0.028000000000000004
3,candidate_4,candidate_3,candidate_2,candidate_1,candidate_5,5,0.028000000000000004
4,candidate_4,candidate_3,candidate_2,candidate_1,candidate_5,5,0.028000000000000004
5,candidate_4,candidate_3,candidate_2,candidate_1,candidate_5,5,0.028000000000000004
6,candidate_4,candidate_3,candidate_2,candidate_1,candidate_5,5,0.028000000000000004
7,candidate_4,candidate_3,candidate_2,candidate_1,candidate_5,5,0.028000000000000004
8,candidate_4,candidate_3,candidate_2,candidate_1,0,5,0.028000000000000004
9,candidate_4,candidate_3,candidate_2,candidate_1,candidate_5,5,0.028000000000000004
10,candidate_4,candidate_3,candidate_2,candidate_1,candidate_5,5,0.028000000000000004
11,candidate_4,candidate_3,candidate_2,candidate_1,candidate_5,5,0.028000000000000004
12,candidate_4,candidate_3,candidate_2,candidate_1,candidate_5,5,0.028000000000000004
13,candidate_4,candidate_3,candidate_2,candidate_1,candidate_5,5,0.028000000000000004
14,candidate_4,candidate_3,candidate_2,candidate_1,candidate_5,5,0.028000000000000004
15,candidate_4,candidate_3,candidate_2,candidate_1,candidate_5,5,0.028000000000000004
16,candidate_4,candidate_3,candidate_2,candidate_1,candidate_5,5,0.028000000000000004
17,candidate_4,candidate_3,candidate_2,candidate_1,candidate_5,5,0.028000000000000004
18,candidate_4,candidate_3,candidate_2,candidate_1,0,5,0.028000000000000004
19,candidate_4,candidate_3,candidate_2,candidate_1,candidate_5,5,0.028000000000000004
20,candidate_4,candidate_3,candidate_2,candidate_1,candidate_5,5,0.028000000000000004
21,candidate_4,candidate_3,candidate_2,candidate_1,candidate_5,5,0.028000000000000004
22,candidate_4,candidate_3,candidate_2,candidate_1,candidate_5,5,0.028000000000000004
23,candidate_4,candidate_3,candidate_2,candidate_1,candidate_5,5,0.028000000000000004
24,candidate_4,candidate_3,candidate_2,candidate_1,candidate_5,5,0.028000000000000004
25,candidate_4,candidate_3,candidate_2,candidate_1,candidate_5,5,0.028000000000000004
26,candidate_4,candidate_3,candidate_2,candidate_1,candidate_5,5,0.028000000000000004
27,candidate_4,candidate_3,candidate_2,candidate_1,candidate_5,5,0.028000000000000004
28,candidate_4,candidate_3,candidate_2,candidate_1,candidate_5,5,0.028000000000000004
29,candidate_4,candidate_3,candidate_2,candidate_1,candidate_5,5,0.028000000000000004
30,candidate_4,candidate_3,candidate_2,candidate_1,candidate_5,5,0.028000000000000004
31,candidate_4,candidate_3,candidate_2,candidate_1,candidate_5,5,0.028000000000000004
32,candidate_4,candidate_3,candidate_2,candidate_1,0,5,0.028000000000000004
33,candidate_4,candidate_3,candidate_2,candidate_1,candidate_5,5,0.028000000000000004
34,candidate_4,candidate_3,candidate_2,candidate_1,candidate_5,5,0.028000000000000004
35,candidate_4,candidate_3,candidate_2,candidate_1,candidate_5,5,0.028000000000000004
36,candidate_4,candidate_3,0,candidate_1,candidate_5,5,0.028000000000000004
37,candidate_4,candidate_3,candidate_2,candidate_1,candidate_5,5,0.028000000000000004
38,candidate_4,candidate_3,candidate_2,candidate_1,candidate_5,5,0.028000000000000004
39,candidate_4,candidate_3,candidate_2,candidate_1,candidate_5,5,0.028000000000000004
40,candidate_4,candidate_3,candidate_2,candidate_1,candidate_5,5,0.028000000000000004
41,candidate_4,candidate_3,0,candidate_1,candidate_5,5,0.028000000000000004
42,candidate_4,candidate_3,candidate_2,candidate_1,candidate_5,5,0.028000000000000004
43,candidate_4,candidate_3,candidate_2,candidate_1,candidate_5,5,0.028000000000000004
44,candidate_4,0,candidate_2,candidate_1,0,5,0.028000000000000004
45,candidate_4,candidate_3,candidate_2,candidate_1,candidate_5,5,0.028000000000000004
46,candidate_4,candidate_3,candidate_2,candidate_1,candidate_5,5,0.028000000000000004
47,candidate_4,candidate_3,candidate_2,candidate_1,candidate_5,5,0.028000000000000004
48,candidate_4,candidate_3,candidate_2,candidate_1,candidate_5,5,0.028000000000000004
49,candidate_4,candidate_3,candidate_2,candidate_1,candidate_5,5,0.028000000000000004
50,candidate_4,candidate_3,candidate_2,candidate_1,candidate_5,5,0.028000000000000004
51,candidate_4,candidate_3,candidate_2,candidate_1,candidate_5,5,0.028000000000000004
52,candidate_4,candidate_3,candidate_2,candidate_1,candidate_5,5,0.028000000000000004
53,candidate_4,candidate_3,candidate_2,candidate_1,candidate_5,5,0.028000000000000004
54,candidate_4,candidate_3,candidate_2,candidate_1,candidate_5,5,0.028000000000000004
55,candidate_4,candidate_3,candidate_2,candidate_1,candidate_5,5,0.028000000000000004
56,candidate_4,candidate_3,candidate_2,candidate_1,candidate_5,5,0.028000000000000004
57,candidate_4,candidate_3,candidate_2,candidate_1,candidate_5,5,0.028000000000000004
58,candidate_4,candidate_3,candidate_2,candidate_1,candidate_5,5,0.028000000000000004
59,candidate_4,candidate_3,candidate_2,candidate_1,candidate_5,5,0.028000000000000004
60,candidate_4,0,candidate_2,candidate_1,candidate_5,5,0.028000000000000004
61,candidate_4,candidate_3,candidate_2,candidate_1,candidate_5,5,0.028000000000000004
62,candidate_4,candidate_3,candidate_2,candidate_1,0,5,0.028000000000000004
63,candidate_4,candidate_3,candidate_2,0,candidate_5,5,0.028000000000000004
64,candidate_4,candidate_3,candidate_2,candidate_1,candidate_5,5,0.028000000000000004
65,candidate_4,candidate_3,candidate_2,candidate_1,candidate_5,5,0.028000000000000004
66,candidate_4,candidate_3,candidate_2,candidate_1,candidate_5,5,0.028000000000000004
67,candidate_4,candidate_3,candidate_2,candidate_1,0,5,0.028000000000000004
68,candidate_4,candidate_3,candidate_2,candidate_1,candidate_5,5,0.028000000000000004
69,candidate_4,candidate_3,candidate_2,candidate_1,candidate_5,5,0.028000000000000004
70,candidate_4,candidate_3,candidate_2,candidate_1,candidate_5,5,0.028000000000000004
71,candidate_4,0,candidate_2,candidate_1,candidate_5,5,0.028000000000000004
72,candidate_4,candidate_3,candidate_2,candidate_1,candidate_5,5,0.028000000000000004
73,candidate_4,candidate_3,candidate_2,candidate_1,candidate_5,5,0.028000000000000004
74,candidate_4,candidate_3,candidate_2,candidate_1,candidate_5,5,0.028000000000000004
75,candidate_4,candidate_3,candidate_2,candidate_1,candidate_5,5,0.028000000000000004
76,candidate_4,candidate_3,candidate_2,candidate_1,candidate_5,5,0.028000000000000004
77,candidate_4,candidate_3,candidate_2,candidate_1,candidate_5,5,0.028000000000000004
78,candidate_4,candidate_3,candidate_2,candidate_1,candidate_5,5,0.028000000000000004
79,candidate_4,candidate_3,candidate_2,candidate_1,candidate_5,5,0.028000000000000004
80,candidate_4,candidate_3,candidate_2,candidate_1,candidate_5,5,0.028000000000000004
81,candidate_4,candidate_3,candidate_2,candidate_1,candidate_5,5,0.028000000000000004
82,candidate_4,candidate_3,candidate_2,candidate_1,candidate_5,5,0.028000000000000004
83,candidate_4,candidate_3,candidate_2,candidate_1,candidate_5,5,0.028000000000000004
84,candidate_4,candidate_3,candidate_2,candidate_1,candidate_5,5,0.028000000000000004
85,candidate_4,candidate_3,candidate_2,candidate_1,candidate_5,5,0.028000000000000004
86,candidate_4,candidate_3,candidate_2,candidate_1,candidate_5,5,0.028000000000000004
87,candidate_4,candidate_3,candidate_2,candidate_1,candidate_5,5,0.028000000000000004
88,candidate_4,candidate_3,candidate_2,candidate_1,candidate_5,5,0.028000000000000004
89,candidate_4,candidate_3,candidate_2,candidate_1,candidate_5,5,0.028000000000000004
90,candidate_4,candidate_3,candidate_2,candidate_1,candidate_5,5,0.028000000000000004
91,candidate_4,candidate_3,candidate_2,candidate_1,candidate_5,5,0.028000000000000004
92,candidate_4,candidate_3,candidate_2,candidate_1,candidate_5,5,0.028000000000000004
93,candidate_4,candidate_3,candidate_2,candidate_1,candidate_5,5,0.028000000000000004
94,candidate_4,candidate_3,candidate_2,candidate_1,candidate_5,5,0.028000000000000004
95,candidate_4,candidate_3,candidate_2,candidate_1,candidate_5,5,0.028000000000000004
96,candidate_4,candidate_3,candidate_2,candidate_1,candidate_5,5,0.028000000000000004
97,candidate_4,candidate_3,candidate_2,candidate_1,candidate_5,5,0.028000000000000004
98,candidate_4,candidate_3,candidate_2,candidate_1,candidate_5,5,0.028000000000000004
99,candidate_4,candidate_3,candidate_2,candidate_1,candidate_5,5,0.028000000000000004
100,candidate_4,candidate_3,candidate_2,candidate_1,candidate_5,5,0.028000000000000004
101,candidate_4,candidate_3,candidate_2,candidate_1,candidate_5,5,0.028000000000000004
102,candidate_4,candidate_3,candidate_2,candidate_1,candidate_5,5,0.028000000000000004
103,candidate_4,candidate_3,candidate_2,candidate_1,candidate_5,5,0.028000000000000004
104,candidate_4,candidate_3,candidate_2,candidate_1,candidate_5,5,0.028000000000000004
105,candidate_4,candidate_3,candidate_2,candidate_1,candidate_5,5,0.028000000000000004
106,candidate_4,candidate_3,candidate_2,candidate_1,candidate_5,5,0.028000000000000004
107,candidate_4,candidate_3,candidate_2,candidate_1,candidate_5,5,0.028000000000000004
108,candidate_4,candidate_3,candidate_2,candidate_1,candidate_5,5,0.028000000000000004
109,candidate_4,candidate_3,candidate_2,candidate_1,candidate_5,5,0.028000000000000004
110,0,candidate_3,candidate_2,candidate_1,candidate_5,5,0.028000000000000004
111,candidate_4,candidate_3,candidate_2,candidate_1,candidate_5,5,0.028000000000000004
112,candidate_4,candidate_3,candidate_2,candidate_1,candidate_5,5,0.028000000000000004
113,candidate_4,candidate_3,candidate_2,candidate_1,candidate_5,5,0.028000000000000004
114,candidate_4,candidate_3,candidate_2,candidate_1,candidate_5,5,0.028000000000000004
115,candidate_4,candidate_3,candidate_2,candidate_1,candidate_5,5,0.028000000000000004
116,candidate_4,0,candidate_2,candidate_1,candidate_5,5,0.028000000000000004
117,candidate_4,candidate_3,candidate_2,candidate_1,candidate_5,5,0.028000000000000004
118,candidate_4,candidate_3,candidate_2,candidate_1,candidate_5,5,0.028000000000000004
119,candidate_4,candidate_3,candidate_2,candidate_1,candidate_5,5,0.028000000000000004
120,candidate_4,candidate_3,candidate_2,candidate_1,candidate_5,5,0.028000000000000004
121,candidate_4,candidate_3,candidate_2,candidate_1,candidate_5,5,0.028000000000000004
122,candidate_4,candidate_3,candidate_2,candidate_1,candidate_5,5,0.028000000000000004
123,candidate_4,candidate_3,candidate_2,candidate_1,candidate_5,5,0.028000000000000004
124,0,candidate_3,candidate_2,candidate_1,candidate_5,5,0.028000000000000004
125,candidate_4,candidate_3,candidate_2,0,candidate_5,5,0.028000000000000004
126,candidate_4,candidate_3,0,candidate_1,candidate_5,5,0.028000000000000004
127,candidate_4,candidate_3,candidate_2,0,candidate_5,5,0.028000000000000004
128,candidate_4,candidate_3,candidate_2,0,candidate_5,5,0.028000000000000004
129,candidate_4,candidate_3,candidate_2,candidate_1,candidate_5,5,0.028000000000000004
130,candidate_4,candidate_3,candidate_2,candidate_1,candidate_5,5,0.028000000000000004
131,candidate_4,candidate_3,candidate_2,candidate_1,candidate_5,5,0.028000000000000004
132,candidate_4,candidate_3,candidate_2,candidate_1,candidate_5,5,0.028000000000000004
133,candidate_4,candidate_3,candidate_2,candidate_1,candidate_5,5,0.028000000000000004
134,candidate_4,candidate_3,candidate_2,candidate_1,candidate_5,5,0.028000000000000004
135,candidate_4,candidate_3,candidate_2,candidate_1,candidate_5,5,0.028000000000000004
136,candidate_4,candidate_3,candidate_2,candidate_1,candidate_5,5,0.028000000000000004
137,candidate_4,candidate_3,candidate_2,candidate_1,candidate_5,5,0.028000000000000004
138,candidate_4,candidate_3,candidate_2,candidate_1,candidate_5,5,0.028000000000000004
139,candidate_4,candidate_3,candidate_2,candidate_1,candidate_5,5,0.028000000000000004
140,candidate_4,candidate_3,candidate_2,candidate_1,candidate_5,5,0.028000000000000004
141,candidate_4,candidate_3,candidate_2,candidate_1,candidate_5,5,0.028000000000000004
142,candidate_4,candidate_3,candidate_2,candidate_1,candidate_5,5,0.028000000000000004
143,candidate_4,candidate_3,candidate_2,candidate_1,0,5,0.028000000000000004
144,candidate_4,candidate_3,candidate_2,candidate_1,candidate_5,5,0.028000000000000004
145,candidate_4,candidate_3,candidate_2,candidate_1,candidate_5,5,0.028000000000000004
146,candidate_4,candidate_3,candidate_2,candidate_1,candidate_5,5,0.028000000000000004
147,candidate_4,candidate_3,candidate_2,candidate_1,0,5,0.028000000000000004
148,candidate_4,candidate_3,candidate_2,candidate_1,candidate_5,5,0.028000000000000004
149,candidate_4,candidate_3,candidate_2,candidate_1,candidate_5,5,0.028000000000000004
150,candidate_4,candidate_3,candidate_2,candidate_1,candidate_5,5,0.028000000000000004
151,candidate_4,0,candidate_2,candidate_1,candidate_5,5,0.028000000000000004
152,candidate_4,candidate_3,candidate_2,0,candidate_5,5,0.028000000000000004
153,candidate_4,candidate_3,candidate_2,candidate_1,candidate_5,5,0.028000000000000004
154,candidate_4,candidate_3,candidate_2,candidate_1,candidate_5,5,0.028000000000000004
155,candidate_4,candidate_3,candidate_2,candidate_1,candidate_5,5,0.028000000000000004
156,candidate_4,candidate_3,candidate_2,candidate_1,candidate_5,5,0.028000000000000004
157,candidate_4,candidate_3,candidate_2,candidate_1,candidate_5,5,0.028000000000000004
158,candidate_4,candidate_3,candidate_2,candidate_1,candidate_5,5,0.028000000000000004
159,candidate_4,candidate_3,candidate_2,candidate_1,candidate_5,5,0.028000000000000004
160,candidate_4,candidate_3,candidate_2,candidate_1,candidate_5,5,0.028000000000000004
161,candidate_4,candidate_3,candidate_2,candidate_1,candidate_5,5,0.028000000000000004
162,candidate_4,candidate_3,candidate_2,candidate_1,candidate_5,5,0.028000000000000004
163,candidate_4,candidate_3,candidate_2,candidate_1,candidate_5,5,0.028000000000000004
164,candidate_4,candidate_3,candidate_2,candidate_1,candidate_5,5,0.028000000000000004
165,candidate_4,candidate_3,candidate_2,0,candidate_5,5,0.028000000000000004
166,candidate_4,candidate_3,candidate_2,candidate_1,candidate_5,5,0.028000000000000004
167,candidate_4,candidate_3,candidate_2,candidate_1,candidate_5,5,0.028000000000000004
168,candidate_4,candidate_3,candidate_2,candidate_1,candidate_5,5,0.028000000000000004
169,candidate_4,candidate_3,candidate_2,candidate_1,candidate_5,5,0.028000000000000004
170,candidate_4,candidate_3,candidate_2,candidate_1,candidate_5,5,0.028000000000000004
171,candidate_4,candidate_3,candidate_2,candidate_1,0,5,0.028000000000000004
172,candidate_4,candidate_3,candidate_2,candidate_1,0,5,0.028000000000000004
173,candidate_4,candidate_3,candidate_2,candidate_1,candidate_5,5,0.028000000000000004
174,candidate_4,candidate_3,candidate_2,candidate_1,candidate_5,5,0.028000000000000004
175,candidate_4,candidate_3,candidate_2,candidate_1,candidate_5,5,0.028000000000000004
176,candidate_4,candidate_3,candidate_2,candidate_1,candidate_5,5,0.028000000000000004
177,candidate_4,candidate_3,candidate_2,candidate_1,candidate_5,5,0.028000000000000004
178,candidate_4,candidate_3,candidate_2,candidate_1,candidate_5,5,0.028000000000000004
179,candidate_4,candidate_3,0,candidate_1,candidate_5,5,0.028000000000000004
180,candidate_4,candidate_3,candidate_2,candidate_1,candidate_5,5,0.028000000000000004
181,candidate_4,candidate_3,candidate_2,candidate_1,candidate_5,5,0.028000000000000004
182,candidate_4,candidate_3,candidate_2,candidate_1,candidate_5,5,0.028000000000000004
183,candidate_4,candidate_3,candidate_2,candidate_1,candidate_5,5,0.028000000000000004
184,candidate_4,candidate_3,candidate_2,candidate_1,candidate_5,5,0.028000000000000004
185,candidate_4,candidate_3,candidate_2,candidate_1,candidate_5,5,0.028000000000000004
186,0,candidate_3,candidate_2,candidate_1,candidate_5,5,0.028000000000000004
187,candidate_4,candidate_3,candidate_2,candidate_1,candidate_5,5,0.028000000000000004
188,candidate_4,candidate_3,candidate_2,candidate_1,candidate_5,5,0.028000000000000004
189,candidate_4,candidate_3,candidate_2,candidate_1,0,5,0.028000000000000004
190,candidate_4,candidate_3,candidate_2,candidate_1,candidate_5,5,0.028000000000000004
191,candidate_4,candidate_3,candidate_2,candidate_1,candidate_5,5,0.028000000000000004
192,candidate_4,candidate_3,candidate_2,candidate_1,candidate_5,5,0.028000000000000004
193,candidate_4,candidate_3,candidate_2,candidate_1,candidate_5,5,0.028000000000000004
194,candidate_4,candidate_3,candidate_2,candidate_1,candidate_5,5,0.028000000000000004
195,candidate_4,candidate_3,candidate_2,candidate_1,candidate_5,5,0.028000000000000004
196,candidate_4,candidate_3,candidate_2,candidate_1,candidate_5,5,0.028000000000000004
197,candidate_4,candidate_3,candidate_2,candidate_1,candidate_5,5,0.028000000000000004
198,candidate_4,candidate_3,candidate_2,candidate_1,candidate_5,5,0.028000000000000004
199,candidate_4,candidate_3,candidate_2,candidate_1,candidate_5,5,0.028000000000000004
200,candidate_4,candidate_3,candidate_2,candidate_1,candidate_5,5,0.028000000000000004
201,candidate_4,candidate_3,candidate_2,candidate_1,candidate_5,5,0.028000000000000004
202,0,candidate_3,candidate_2,0,candidate_5,5,0.028000000000000004
203,candidate_4,candidate_3,0,candidate_1,candidate_5,5,0.028000000000000004
204,candidate_4,candidate_3,candidate_2,candidate_1,candidate_5,5,0.028000000000000004
205,candidate_4,candidate_3,candidate_2,candidate_1,candidate_5,5,0.028000000000000004
206,candidate_4,0,candidate_2,candidate_1,candidate_5,5,0.028000000000000004
207,candidate_4,candidate_3,candidate_2,candidate_1,candidate_5,5,0.028000000000000004
208,candidate_4,0,candidate_2,candidate_1,candidate_5,5,0.028000000000000004
209,candidate_4,candidate_3,candidate_2,candidate_1,candidate_5,5,0.028000000000000004
210,candidate_4,candidate_3,candidate_2,candidate_1,candidate_5,5,0.028000000000000004
211,candidate_4,candidate_3,candidate_2,candidate_1,candidate_5,5,0.028000000000000004
212,candidate_4,candidate_3,candidate_2,candidate_1,candidate_5,5,0.028000000000000004
213,candidate_4,candidate_3,candidate_2,candidate_1,candidate_5,5,0.028000000000000004
214,candidate_4,candidate_3,candidate_2,candidate_1,candidate_5,5,0.028000000000000004
215,0,candidate_3,candidate_2,candidate_1,candidate_5,5,0.028000000000000004
216,candidate_4,candidate_3,candidate_2,candidate_1,candidate_5,5,0.028000000000000004
217,candidate_4,0,candidate_2,candidate_1,candidate_5,5,0.028000000000000004
218,candidate_4,candidate_3,candidate_2,candidate_1,candidate_5,5,0.028000000000000004
219,candidate_4,candidate_3,candidate_2,candidate_1,candidate_5,5,0.028000000000000004
220,candidate_4,candidate_3,candidate_2,candidate_1,candidate_5,5,0.028000000000000004
221,candidate_4,candidate_3,candidate_2,candidate_1,candidate_5,5,0.028000000000000004
222,candidate_4,candidate_3,candidate_2,candidate_1,candidate_5,5,0.028000000000000004
223,candidate_4,candidate_3,candidate_2,candidate_1,candidate_5,5,0.028000000000000004
224,candidate_4,candidate_3,candidate_2,candidate_1,candidate_5,5,0.028000000000000004
225,candidate_4,candidate_3,candidate_2,candidate_1,candidate_5,5,0.028000000000000004
226,candidate_4,candidate_3,candidate_2,candidate_1,candidate_5,5,0.028000000000000004
227,candidate_4,candidate_3,candidate_2,candidate_1,candidate_5,5,0.028000000000000004
228,candidate_4,candidate_3,candidate_2,candidate_1,candidate_5,5,0.028000000000000004
229,candidate_4,candidate_3,candidate_2,candidate_1,candidate_5,5,0.028000000000000004
230,candidate_4,candidate_3,candidate_2,candidate_1,candidate_5,5,0.028000000000000004
231,candidate_4,candidate_3,candidate_2,candidate_1,candidate_5,5,0.028000000000000004
232,candidate_4,candidate_3,candidate_2,candidate_1,0,5,0.028000000000000004
233,candidate_4,0,candidate_2,candidate_1,candidate_5,5,0.028000000000000004
234,candidate_4,candidate_3,candidate_2,candidate_1,candidate_5,5,0.028000000000000004
235,candidate_4,candidate_3,candidate_2,candidate_1,candidate_5,5,0.028000000000000004
236,candidate_4,candidate_3,candidate_2,candidate_1,candidate_5,5,0.028000000000000004
237,candidate_4,candidate_3,candidate_2,candidate_1,candidate_5,5,0.028000000000000004
238,candidate_4,candidate_3,candidate_2,candidate_1,candidate_5,5,0.028000000000000004
239,candidate_4,candidate_3,candidate_2,candidate_1,candidate_5,5,0.028000000000000004
240,candidate_4,candidate_3,candidate_2,candidate_1,candidate_5,5,0.028000000000000004
241,candidate_4,0,candidate_2,candidate_1,candidate_5,5,0.028000000000000004
242,candidate_4,candidate_3,candidate_2,candidate_1,candidate_5,5,0.028000000000000004
243,candidate_4,candidate_3,candidate_2,candidate_1,candidate_5,5,0.028000000000000004
244,candidate_4,candidate_3,candidate_2,candidate_1,candidate_5,5,0.028000000000000004
245,candidate_4,candidate_3,candidate_2,candidate_1,candidate_5,5,0.028000000000000004
246,candidate_4,candidate_3,candidate_2,candidate_1,candidate_5,5,0.028000000000000004
247,candidate_4,candidate_3,candidate_2,candidate_1,candidate_5,5,0.028000000000000004
248,candidate_4,candidate_3,candidate_2,candidate_1,candidate_5,5,0.028000000000000004
249,candidate_4,candidate_3,candidate_2,candidate_1,candidate_5,5,0.028000000000000004
250,candidate_4,candidate_3,candidate_2,candidate_1,candidate_5,5,0.028000000000000004
251,candidate_4,candidate_3,candidate_2,candidate_1,candidate_5,5,0.028000000000000004
252,candidate_4,candidate_3,candidate_2,candidate_1,candidate_5,5,0.028000000000000004
253,candidate_4,candidate_3,candidate_2,candidate_1,candidate_5,5,0.028000000000000004
254,candidate_4,candidate_3,candidate_2,candidate_1,candidate_5,5,0.028000000000000004
255,candidate_4,candidate_3,candidate_2,candidate_1,candidate_5,5,0.028000000000000004
256,candidate_4,candidate_3,candidate_2,candidate_1,candidate_5,5,0.028000000000000004
257,candidate_4,candidate_3,candidate_2,candidate_1,candidate_5,5,0.028000000000000004
258,candidate_4,candidate_3,candidate_2,candidate_1,candidate_5,5,0.028000000000000004
259,candidate_4,candidate_3,candidate_2,candidate_1,candidate_5,5,0.028000000000000004
260,0,candidate_3,candidate_2,candidate_1,candidate_5,5,0.028000000000000004
261,candidate_4,candidate_3,candidate_2,candidate_1,candidate_5,5,0.028000000000000004
262,candidate_4,candidate_3,candidate_2,candidate_1,candidate_5,5,0.028000000000000004
263,candidate_4,candidate_3,candidate_2,candidate_1,candidate_5,5,0.028000000000000004
264,candidate_4,candidate_3,candidate_2,candidate_1,candidate_5,5,0.028000000000000004
265,0,candidate_3,candidate_2,candidate_1,0,5,0.028000000000000004
266,candidate_4,candidate_3,candidate_2,candidate_1,candidate_5,5,0.028000000000000004
267,candidate_4,candidate_3,candidate_2,candidate_1,candidate_5,5,0.028000000000000004
268,candidate_4,candidate_3,candidate_2,candidate_1,candidate_5,5,0.028000000000000004
269,candidate_4,candidate_3,candidate_2,candidate_1,candidate_5,5,0.028000000000000004
270,candidate_4,candidate_3,candidate_2,candidate_1,candidate_5,5,0.028000000000000004
271,candidate_4,candidate_3,candidate_2,candidate_1,candidate_5,5,0.028000000000000004
272,candidate_4,candidate_3,0,candidate_1,candidate_5,5,0.028000000000000004
273,candidate_4,candidate_3,candidate_2,candidate_1,candidate_5,5,0.028000000000000004
274,candidate_4,candidate_3,candidate_2,candidate_1,candidate_5,5,0.028000000000000004
275,candidate_4,candidate_3,candidate_2,candidate_1,candidate_5,5,0.028000000000000004
276,candidate_4,candidate_3,candidate_2,candidate_1,candidate_5,5,0.028000000000000004
277,candidate_4,candidate_3,candidate_2,candidate_1,candidate_5,5,0.028000000000000004
278,candidate_4,candidate_3,candidate_2,candidate_1,candidate_5,5,0.028000000000000004
279,candidate_4,candidate_3,candidate_2,candidate_1,candidate_5,5,0.028000000000000004
280,candidate_4,candidate_3,candidate_2,candidate_1,candidate_5,5,0.028000000000000004
281,candidate_4,candidate_3,candidate_2,candidate_1,candidate_5,5,0.028000000000000004
282,candidate_4,candidate_3,0,candidate_1,candidate_5,5,0.028000000000000004
283,candidate_4,candidate_3,0,candidate_1,candidate_5,5,0.028000000000000004
284,candidate_4,candidate_3,candidate_2,candidate_1,candidate_5,5,0.028000000000000004
285,candidate_4,candidate_3,candidate_2,candidate_1,candidate_5,5,0.028000000000000004
286,candidate_4,candidate_3,candidate_2,candidate_1,candidate_5,5,0.028000000000000004
287,candidate_4,candidate_3,candidate_2,candidate_1,candidate_5,5,0.028000000000000004
288,candidate_4,candidate_3,candidate_2,candidate_1,candidate_5,5,0.028000000000000004
289,candidate_4,candidate_3,candidate_2,candidate_1,candidate_5,5,0.028000000000000004
290,candidate_4,candidate_3,candidate_2,candidate_1,candidate_5,5,0.028000000000000004
291,candidate_4,candidate_3,candidate_2,candidate_1,candidate_5,5,0.028000000000000004
292,candidate_4,candidate_3,candidate_2,candidate_1,candidate_5,5,0.028000000000000004
293,candidate_4,candidate_3,candidate_2,candidate_1,candidate_5,5,0.028000000000000004
294,candidate_4,candidate_3,candidate_2,0,candidate_5,5,0.028000000000000004
295,candidate_4,candidate_3,candidate_2,candidate_1,candidate_5,5,0.028000000000000004
296,candidate_4,candidate_3,candidate_2,candidate_1,candidate_5,5,0.028000000000000004
297,candidate_4,candidate_3,candidate_2,candidate_1,candidate_5,5,0.028000000000000004
298,candidate_4,candidate_3,candidate_2,candidate_1,candidate_5,5,0.028000000000000004
299,candidate_4,candidate_3,candidate_2,candidate_1,candidate_5,5,0.028000000000000004
300,candidate_4,candidate_3,candidate_2,candidate_1,candidate_5,5,0.028000000000000004
301,candidate_4,candidate_3,candidate_2,candidate_1,candidate_5,5,0.028000000000000004
302,candidate_4,candidate_3,candidate_2,candidate_1,candidate_5,5,0.028000000000000004
303,candidate_4,candidate_3,candidate_2,candidate_1,candidate_5,5,0.028000000000000004
304,candidate_4,candidate_3,candidate_2,candidate_1,candidate_5,5,0.028000000000000004
305,candidate_4,candidate_3,candidate_2,candidate_1,candidate_5,5,0.028000000000000004
306,candidate_4,candidate_3,candidate_2,candidate_1,candidate_5,5,0.028000000000000004
307,candidate_4,candidate_3,candidate_2,candidate_1,candidate_5,5,0.028000000000000004
308,candidate_4,candidate_3,candidate_2,candidate_1,candidate_5,5,0.028000000000000004
309,candidate_4,candidate_3,candidate_2,candidate_1,candidate_5,5,0.028000000000000004
310,candidate_4,candidate_3,candidate_2,candidate_1,candidate_5,5,0.028000000000000004
311,candidate_4,candidate_3,candidate_2,candidate_1,candidate_5,5,0.028000000000000004
312,candidate_4,candidate_3,candidate_2,candidate_1,candidate_5,5,0.028000000000000004
313,candidate_4,candidate_3,candidate_2,candidate_1,candidate_5,5,0.028000000000000004
314,candidate_4,candidate_3,candidate_2,candidate_1,candidate_5,5,0.028000000000000004
315,candidate_4,candidate_3,candidate_2,candidate_1,candidate_5,5,0.028000000000000004
316,candidate_4,candidate_3,candidate_2,candidate_1,candidate_5,5,0.028000000000000004
317,candidate_4,candidate_3,candidate_2,candidate_1,candidate_5,5,0.028000000000000004
318,candidate_4,candidate_3,candidate_2,candidate_1,candidate_5,5,0.028000000000000004
319,candidate_4,candidate_3,candidate_2,candidate_1,candidate_5,5,0.028000000000000004
320,candidate_4,candidate_3,candidate_2,candidate_1,candidate_5,5,0.028000000000000004
321,candidate_4,candidate_3,candidate_2,candidate_1,candidate_5,5,0.028000000000000004
322,candidate_4,candidate_3,candidate_2,candidate_1,candidate_5,5,0.028000000000000004
323,candidate_4,candidate_3,candidate_2,candidate_1,candidate_5,5,0.028000000000000004
324,0,candidate_3,0,candidate_1,candidate_5,5,0.028000000000000004
325,candidate_4,candidate_3,candidate_2,candidate_1,candidate_5,5,0.028000000000000004
326,candidate_4,candidate_3,candidate_2,candidate_1,candidate_5,5,0.028000000000000004
327,candidate_4,candidate_3,candidate_2,0,candidate_5,5,0.028000000000000004
328,candidate_4,candidate_3,candidate_2,candidate_1,candidate_5,5,0.028000000000000004
329,candidate_4,candidate_3,candidate_2,candidate_1,candidate_5,5,0.028000000000000004
330,candidate_4,candidate_3,candidate_2,candidate_1,candidate_5,5,0.028000000000000004
331,candidate_4,candidate_3,candidate_2,candidate_1,candidate_5,5,0.028000000000000004
332,candidate_4,candidate_3,candidate_2,candidate_1,candidate_5,5,0.028000000000000004
333,candidate_4,candidate_3,candidate_2,candidate_1,candidate_5,5,0.028000000000000004
334,candidate_4,candidate_3,candidate_2,candidate_1,candidate_5,5,0.028000000000000004
335,candidate_4,candidate_3,candidate_2,candidate_1,candidate_5,5,0.028000000000000004
336,candidate_4,candidate_3,candidate_2,candidate_1,candidate_5,5,0.028000000000000004
337,candidate_4,candidate_3,candidate_2,candidate_1,candidate_5,5,0.028000000000000004
338,candidate_4,candidate_3,candidate_2,candidate_1,candidate_5,5,0.028000000000000004
339,candidate_4,candidate_3,candidate_2,candidate_1,candidate_5,5,0.028000000000000004
340,candidate_4,candidate_3,candidate_2,candidate_1,candidate_5,5,0.028000000000000004
341,0,candidate_3,candidate_2,candidate_1,candidate_5,5,0.028000000000000004
342,candidate_4,candidate_3,0,candidate_1,candidate_5,5,0.028000000000000004
343,candidate_4,candidate_3,candidate_2,candidate_1,candidate_5,5,0.028000000000000004
344,candidate_4,candidate_3,candidate_2,candidate_1,candidate_5,5,0.028000000000000004
345,candidate_4,candidate_3,candidate_2,candidate_1,candidate_5,5,0.028000000000000004
346,candidate_4,candidate_3,candidate_2,candidate_1,candidate_5,5,0.028000000000000004
347,candidate_4,candidate_3,candidate_2,candidate_1,candidate_5,5,0.028000000000000004
348,candidate_4,candidate_3,candidate_2,candidate_1,candidate_5,5,0.028000000000000004
349,candidate_4,candidate_3,candidate_2,candidate_1,candidate_5,5,0.028000000000000004
350,candidate_4,candidate_3,candidate_2,candidate_1,candidate_5,5,0.028000000000000004
351,candidate_4,candidate_3,candidate_2,candidate_1,candidate_5,5,0.028000000000000004
352,candidate_4,candidate_3,candidate_2,candidate_1,candidate_5,5,0.028000000000000004
353,candidate_4,candidate_3,candidate_2,candidate_1,candidate_5,5,0.028000000000000004
354,candidate_4,candidate_3,candidate_2,candidate_1,candidate_5,5,0.028000000000000004
355,0,candidate_3,candidate_2,candidate_1,candidate_5,5,0.028000000000000004
356,candidate_4,0,candidate_2,candidate_1,candidate_5,5,0.028000000000000004
357,candidate_4,candidate_3,candidate_2,candidate_1,candidate_5,5,0.028000000000000004
358,candidate_4,candidate_3,candidate_2,candidate_1,candidate_5,5,0.028000000000000004
359,candidate_4,candidate_3,candidate_2,candidate_1,candidate_5,5,0.028000000000000004
360,candidate_4,candidate_3,candidate_2,candidate_1,candidate_5,5,0.028000000000000004
361,candidate_4,candidate_3,candidate_2,candidate_1,candidate_5,5,0.028000000000000004
362,candidate_4,candidate_3,candidate_2,candidate_1,candidate_5,5,0.028000000000000004
363,candidate_4,candidate_3,candidate_2,candidate_1,candidate_5,5,0.028000000000000004
364,candidate_4,candidate_3,candidate_2,candidate_1,candidate_5,5,0.028000000000000004
365,candidate_4,candidate_3,candidate_2,candidate_1,candidate_5,5,0.028000000000000004
366,candidate_4,candidate_3,candidate_2,candidate_1,candidate_5,5,0.028000000000000004
367,candidate_4,candidate_3,candidate_2,candidate_1,candidate_5,5,0.028000000000000004
368,candidate_4,candidate_3,candidate_2,candidate_1,candidate_5,5,0.028000000000000004
369,candidate_4,candidate_3,candidate_2,candidate_1,candidate_5,5,0.028000000000000004
370,candidate_4,candidate_3,candidate_2,candidate_1,candidate_5,5,0.028000000000000004
371,candidate_4,candidate_3,candidate_2,candidate_1,candidate_5,5,0.028000000000000004
372,candidate_4,candidate_3,candidate_2,0,candidate_5,5,0.028000000000000004
373,0,candidate_3,candidate_2,candidate_1,candidate_5,5,0.028000000000000004
374,candidate_4,candidate_3,candidate_2,candidate_1,candidate_5,5,0.028000000000000004
375,candidate_4,candidate_3,candidate_2,candidate_1,candidate_5,5,0.028000000000000004
376,candidate_4,candidate_3,candidate_2,candidate_1,candidate_5,5,0.028000000000000004
377,candidate_4,candidate_3,candidate_2,candidate_1,candidate_5,5,0.028000000000000004
378,candidate_4,candidate_3,candidate_2,candidate_1,candidate_5,5,0.028000000000000004
379,candidate_4,candidate_3,candidate_2,0,candidate_5,5,0.028000000000000004
380,candidate_4,candidate_3,candidate_2,candidate_1,candidate_5,5,0.028000000000000004
381,candidate_4,candidate_3,candidate_2,candidate_1,candidate_5,5,0.028000000000000004
382,candidate_4,candidate_3,candidate_2,candidate_1,candidate_5,5,0.028000000000000004
383,candidate_4,candidate_3,candidate_2,candidate_1,candidate_5,5,0.028000000000000004
384,candidate_4,candidate_3,candidate_2,candidate_1,candidate_5,5,0.028000000000000004
385,candidate_4,candidate_3,candidate_2,candidate_1,candidate_5,5,0.028000000000000004
386,candidate_4,candidate_3,candidate_2,candidate_1,candidate_5,5,0.028000000000000004
387,candidate_4,candidate_3,candidate_2,candidate_1,candidate_5,5,0.028000000000000004
388,candidate_4,candidate_3,candidate_2,candidate_1,candidate_5,5,0.028000000000000004
389,candidate_4,candidate_3,candidate_2,candidate_1,candidate_5,5,0.028000000000000004
390,candidate_4,candidate_3,candidate_2,candidate_1,candidate_5,5,0.028000000000000004
391,candidate_4,candidate_3,candidate_2,candidate_1,candidate_5,5,0.028000000000000004
392,candidate_4,0,candidate_2,candidate_1,candidate_5,5,0.028000000000000004
393,candidate_4,candidate_3,candidate_2,candidate_1,0,5,0.028000000000000004
394,candidate_4,candidate_3,candidate_2,candidate_1,candidate_5,5,0.028000000000000004
395,candidate_4,candidate_3,candidate_2,candidate_1,candidate_5,5,0.028000000000000004
396,candidate_4,candidate_3,candidate_2,candidate_1,candidate_5,5,0.028000000000000004
397,candidate_4,candidate_3,candidate_2,candidate_1,candidate_5,5,0.028000000000000004
398,candidate_4,candidate_3,candidate_2,candidate_1,candidate_5,5,0.028000000000000004
399,candidate_4,candidate_3,candidate_2,candidate_1,candidate_5,5,0.028000000000000004
400,candidate_4,candidate_3,candidate_2,candidate_1,candidate_5,5,0.028000000000000004
401,candidate_4,candidate_3,0,candidate_1,candidate_5,5,0.028000000000000004
402,candidate_4,candidate_3,candidate_2,candidate_1,candidate_5,5,0.028000000000000004
403,candidate_4,candidate_3,candidate_2,0,candidate_5,5,0.028000000000000004
404,candidate_4,candidate_3,candidate_2,candidate_1,candidate_5,5,0.028000000000000004
405,candidate_4,candidate_3,candidate_2,0,candidate_5,5,0.028000000000000004
0,candidate_4,candidate_3,candidate_2,candidate_5,candidate_1,5,0.028000000000000004
1,candidate_4,candidate_3,candidate_2,candidate_5,candidate_1,5,0.028000000000000004
2,candidate_4,candidate_3,candidate_2,candidate_5,candidate_1,5,0.028000000000000004
3,candidate_4,candidate_3,candidate_2,candidate_5,candidate_1,5,0.028000000000000004
4,candidate_4,candidate_3,candidate_2,candidate_5,candidate_1,5,0.028000000000000004
5,candidate_4,candidate_3,candidate_2,candidate_5,candidate_1,5,0.028000000000000004
6,candidate_4,candidate_3,candidate_2,candidate_5,candidate_1,5,0.028000000000000004
7,candidate_4,candidate_3,candidate_2,candidate_5,candidate_1,5,0.028000000000000004
8,candidate_4,candidate_3,candidate_2,candidate_5,candidate_1,5,0.028000000000000004
9,candidate_4,candidate_3,candidate_2,candidate_5,candidate_1,5,0.028000000000000004
10,candidate_4,candidate_3,candidate_2,candidate_5,candidate_1,5,0.028000000000000004
11,candidate_4,candidate_3,candidate_2,candidate_5,candidate_1,5,0.028000000000000004
12,candidate_4,candidate_3,candidate_2,candidate_5,candidate_1,5,0.028000000000000004
13,candidate_4,candidate_3,candidate_2,candidate_5,candidate_1,5,0.028000000000000004
14,candidate_4,candidate_3,candidate_2,candidate_5,candidate_1,5,0.028000000000000004
15,candidate_4,candidate_3,candidate_2,candidate_5,candidate_1,5,0.028000000000000004
16,0,candidate_3,candidate_2,candidate_5,candidate_1,5,0.028000000000000004
17,candidate_4,candidate_3,candidate_2,candidate_5,candidate_1,5,0.028000000000000004
18,candidate_4,candidate_3,candidate_2,candidate_5,candidate_1,5,0.028000000000000004
19,candidate_4,candidate_3,candidate_2,candidate_5,candidate_1,5,0.028000000000000004
20,candidate_4,candidate_3,candidate_2,candidate_5,candidate_1,5,0.028000000000000004
21,candidate_4,candidate_3,candidate_2,candidate_5,candidate_1,5,0.028000000000000004
22,candidate_4,candidate_3,candidate_2,candidate_5,candidate_1,5,0.028000000000000004
23,candidate_4,candidate_3,candidate_2,candidate_5,candidate_1,5,0.028000000000000004
24,candidate_4,candidate_3,candidate_2,candidate_5,candidate_1,5,0.028000000000000004
25,candidate_4,candidate_3,candidate_2,candidate_5,candidate_1,5,0.028000000000000004
26,candidate_4,candidate_3,candidate_2,candidate_5,candidate_1,5,0.028000000000000004
27,candidate_4,candidate_3,candidate_2,candidate_5,candidate_1,5,0.028000000000000004
28,candidate_4,0,candidate_2,candidate_5,candidate_1,5,0.028000000000000004
29,candidate_4,candidate_3,candidate_2,candidate_5,candidate_1,5,0.028000000000000004
30,candidate_4,candidate_3,candidate_2,candidate_5,candidate_1,5,0.028000000000000004
31,candidate_4,candidate_3,candidate_2,candidate_5,candidate_1,5,0.028000000000000004
32,candidate_4,candidate_3,candidate_2,candidate_5,candidate_1,5,0.028000000000000004
33,candidate_4,candidate_3,candidate_2,candidate_5,candidate_1,5,0.028000000000000004
34,candidate_4,candidate_3,candidate_2,candidate_5,candidate_1,5,0.028000000000000004
35,candidate_4,candidate_3,candidate_2,candidate_5,candidate_1,5,0.028000000000000004
36,candidate_4,candidate_3,candidate_2,candidate_5,0,5,0.028000000000000004
37,candidate_4,candidate_3,candidate_2,candidate_5,candidate_1,5,0.028000000000000004
38,candidate_4,candidate_3,candidate_2,candidate_5,candidate_1,5,0.028000000000000004
39,candidate_4,candidate_3,candidate_2,candidate_5,candidate_1,5,0.028000000000000004
40,candidate_4,candidate_3,candidate_2,candidate_5,candidate_1,5,0.028000000000000004
41,candidate_4,candidate_3,candidate_2,candidate_5,candidate_1,5,0.028000000000000004
42,candidate_4,candidate_3,candidate_2,0,candidate_1,5,0.028000000000000004
43,candidate_4,candidate_3,candidate_2,candidate_5,candidate_1,5,0.028000000000000004
44,candidate_4,candidate_3,candidate_2,candidate_5,candidate_1,5,0.028000000000000004
45,candidate_4,candidate_3,candidate_2,candidate_5,0,5,0.028000000000000004
46,candidate_4,candidate_3,candidate_2,candidate_5,candidate_1,5,0.028000000000000004
47,candidate_4,candidate_3,candidate_2,candidate_5,candidate_1,5,0.028000000000000004
48,candidate_4,candidate_3,candidate_2,candidate_5,candidate_1,5,0.028000000000000004
49,candidate_4,candidate_3,0,candidate_5,candidate_1,5,0.028000000000000004
50,candidate_4,candidate_3,candidate_2,candidate_5,candidate_1,5,0.028000000000000004
51,candidate_4,candidate_3,candidate_2,candidate_5,candidate_1,5,0.028000000000000004
52,0,candidate_3,candidate_2,candidate_5,candidate_1,5,0.028000000000000004
53,candidate_4,0,candidate_2,candidate_5,candidate_1,5,0.028000000000000004
54,candidate_4,candidate_3,candidate_2,candidate_5,0,5,0.028000000000000004
55,candidate_4,0,candidate_2,candidate_5,candidate_1,5,0.028000000000000004
56,candidate_4,candidate_3,candidate_2,candidate_5,candidate_1,5,0.028000000000000004
57,candidate_4,candidate_3,candidate_2,candidate_5,candidate_1,5,0.028000000000000004
58,candidate_4,candidate_3,candidate_2,candidate_5,candidate_1,5,0.028000000000000004
59,candidate_4,candidate_3,0,candidate_5,candidate_1,5,0.028000000000000004
60,candidate_4,candidate_3,candidate_2,candidate_5,candidate_1,5,0.028000000000000004
61,candidate_4,candidate_3,candidate_2,candidate_5,candidate_1,5,0.028000000000000004
62,candidate_4,candidate_3,candidate_2,candidate_5,candidate_1,5,0.028000000000000004
63,candidate_4,candidate_3,candidate_2,candidate_5,candidate_1,5,0.028000000000000004
64,candidate_4,candidate_3,candidate_2,candidate_5,candidate_1,5,0.028000000000000004
65,candidate_4,candidate_3,candidate_2,candidate_5,candidate_1,5,0.028000000000000004
66,candidate_4,candidate_3,candidate_2,candidate_5,candidate_1,5,0.028000000000000004
67,candidate_4,candidate_3,candidate_2,candidate_5,candidate_1,5,0.028000000000000004
68,candidate_4,candidate_3,candidate_2,candidate_5,candidate_1,5,0.028000000000000004
69,candidate_4,candidate_3,candidate_2,candidate_5,candidate_1,5,0.028000000000000004
70,candidate_4,candidate_3,candidate_2,candidate_5,candidate_1,5,0.028000000000000004
71,candidate_4,candidate_3,candidate_2,candidate_5,candidate_1,5,0.028000000000000004
72,candidate_4,candidate_3,candidate_2,candidate_5,candidate_1,5,0.028000000000000004
73,candidate_4,candidate_3,candidate_2,candidate_5,candidate_1,5,0.028000000000000004
74,candidate_4,candidate_3,candidate_2,candidate_5,candidate_1,5,0.028000000000000004
75,candidate_4,candidate_3,candidate_2,candidate_5,candidate_1,5,0.028000000000000004
76,candidate_4,candidate_3,candidate_2,candidate_5,candidate_1,5,0.028000000000000004
77,candidate_4,candidate_3,candidate_2,candidate_5,candidate_1,5,0.028000000000000004
78,candidate_4,candidate_3,candidate_2,candidate_5,candidate_1,5,0.028000000000000004
79,candidate_4,candidate_3,candidate_2,candidate_5,candidate_1,5,0.028000000000000004
80,candidate_4,candidate_3,candidate_2,candidate_5,candidate_1,5,0.028000000000000004
81,candidate_4,candidate_3,candidate_2,candidate_5,candidate_1,5,0.028000000000000004
82,candidate_4,candidate_3,candidate_2,candidate_5,candidate_1,5,0.028000000000000004
83,0,candidate_3,candidate_2,candidate_5,candidate_1,5,0.028000000000000004
84,candidate_4,candidate_3,candidate_2,candidate_5,candidate_1,5,0.028000000000000004
85,candidate_4,candidate_3,candidate_2,candidate_5,candidate_1,5,0.028000000000000004
86,candidate_4,candidate_3,candidate_2,candidate_5,candidate_1,5,0.028000000000000004
87,candidate_4,candidate_3,candidate_2,candidate_5,candidate_1,5,0.028000000000000004
88,candidate_4,candidate_3,candidate_2,candidate_5,candidate_1,5,0.028000000000000004
89,candidate_4,candidate_3,candidate_2,candidate_5,candidate_1,5,0.028000000000000004
90,candidate_4,candidate_3,candidate_2,candidate_5,candidate_1,5,0.028000000000000004
91,candidate_4,candidate_3,candidate_2,candidate_5,candidate_1,5,0.028000000000000004
92,candidate_4,candidate_3,candidate_2,candidate_5,candidate_1,5,0.028000000000000004
93,candidate_4,candidate_3,candidate_2,candidate_5,candidate_1,5,0.028000000000000004
94,candidate_4,candidate_3,candidate_2,candidate_5,candidate_1,5,0.028000000000000004
95,candidate_4,candidate_3,candidate_2,candidate_5,candidate_1,5,0.028000000000000004
96,candidate_4,candidate_3,candidate_2,candidate_5,candidate_1,5,0.028000000000000004
97,candidate_4,candidate_3,candidate_2,candidate_5,0,5,0.028000000000000004
98,candidate_4,candidate_3,candidate_2,candidate_5,candidate_1,5,0.028000000000000004
99,candidate_4,candidate_3,candidate_2,candidate_5,candidate_1,5,0.028000000000000004
100,candidate_4,candidate_3,candidate_2,candidate_5,candidate_1,5,0.028000000000000004
101,candidate_4,candidate_3,candidate_2,candidate_5,candidate_1,5,0.028000000000000004
102,candidate_4,candidate_3,candidate_2,candidate_5,candidate_1,5,0.028000000000000004
103,candidate_4,candidate_3,candidate_2,candidate_5,candidate_1,5,0.028000000000000004
104,candidate_4,candidate_3,candidate_2,candidate_5,candidate_1,5,0.028000000000000004
105,candidate_4,candidate_3,candidate_2,candidate_5,candidate_1,5,0.028000000000000004
106,candidate_4,candidate_3,candidate_2,candidate_5,candidate_1,5,0.028000000000000004
107,candidate_4,candidate_3,candidate_2,candidate_5,candidate_1,5,0.028000000000000004
108,candidate_4,candidate_3,candidate_2,candidate_5,candidate_1,5,0.028000000000000004
109,0,candidate_3,0,candidate_5,candidate_1,5,0.028000000000000004
110,candidate_4,candidate_3,candidate_2,candidate_5,candidate_1,5,0.028000000000000004
111,candidate_4,candidate_3,candidate_2,candidate_5,candidate_1,5,0.028000000000000004
112,candidate_4,candidate_3,0,candidate_5,candidate_1,5,0.028000000000000004
113,candidate_4,candidate_3,candidate_2,candidate_5,candidate_1,5,0.028000000000000004
114,candidate_4,candidate_3,candidate_2,candidate_5,candidate_1,5,0.028000000000000004
115,candidate_4,candidate_3,candidate_2,candidate_5,candidate_1,5,0.028000000000000004
116,candidate_4,candidate_3,candidate_2,candidate_5,candidate_1,5,0.028000000000000004
117,candidate_4,candidate_3,candidate_2,0,candidate_1,5,0.028000000000000004
118,candidate_4,candidate_3,candidate_2,candidate_5,candidate_1,5,0.028000000000000004
119,candidate_4,candidate_3,candidate_2,candidate_5,candidate_1,5,0.028000000000000004
120,candidate_4,0,candidate_2,candidate_5,candidate_1,5,0.028000000000000004
121,candidate_4,candidate_3,candidate_2,candidate_5,0,5,0.028000000000000004
122,candidate_4,candidate_3,candidate_2,candidate_5,candidate_1,5,0.028000000000000004
123,candidate_4,candidate_3,candidate_2,candidate_5,candidate_1,5,0.028000000000000004
124,candidate_4,candidate_3,candidate_2,candidate_5,candidate_1,5,0.028000000000000004
125,candidate_4,candidate_3,candidate_2,candidate_5,candidate_1,5,0.028000000000000004
126,candidate_4,candidate_3,candidate_2,candidate_5,candidate_1,5,0.028000000000000004
127,candidate_4,candidate_3,candidate_2,candidate_5,0,5,0.028000000000000004
128,candidate_4,candidate_3,candidate_2,candidate_5,candidate_1,5,0.028000000000000004
129,candidate_4,candidate_3,candidate_2,candidate_5,candidate_1,5,0.028000000000000004
130,candidate_4,candidate_3,candidate_2,0,candidate_1,5,0.028000000000000004
131,candidate_4,candidate_3,candidate_2,candidate_5,candidate_1,5,0.028000000000000004
132,candidate_4,candidate_3,candidate_2,candidate_5,0,5,0.028000000000000004
133,candidate_4,candidate_3,candidate_2,candidate_5,candidate_1,5,0.028000000000000004
134,candidate_4,candidate_3,candidate_2,candidate_5,candidate_1,5,0.028000000000000004
135,candidate_4,candidate_3,candidate_2,candidate_5,candidate_1,5,0.028000000000000004
136,0,candidate_3,candidate_2,candidate_5,candidate_1,5,0.028000000000000004
137,candidate_4,candidate_3,candidate_2,candidate_5,candidate_1,5,0.028000000000000004
138,candidate_4,candidate_3,candidate_2,candidate_5,candidate_1,5,0.028000000000000004
139,candidate_4,candidate_3,candidate_2,candidate_5,candidate_1,5,0.028000000000000004
140,candidate_4,candidate_3,candidate_2,candidate_5,candidate_1,5,0.028000000000000004
141,candidate_4,candidate_3,candidate_2,candidate_5,candidate_1,5,0.028000000000000004
142,candidate_4,candidate_3,candidate_2,candidate_5,candidate_1,5,0.028000000000000004
143,candidate_4,candidate_3,candidate_2,candidate_5,candidate_1,5,0.028000000000000004
144,0,candidate_3,candidate_2,candidate_5,candidate_1,5,0.028000000000000004
145,candidate_4,candidate_3,candidate_2,candidate_5,candidate_1,5,0.028000000000000004
146,candidate_4,candidate_3,candidate_2,candidate_5,candidate_1,5,0.028000000000000004
147,candidate_4,candidate_3,candidate_2,candidate_5,candidate_1,5,0.028000000000000004
148,candidate_4,candidate_3,candidate_2,candidate_5,candidate_1,5,0.028000000000000004
149,candidate_4,candidate_3,candidate_2,candidate_5,candidate_1,5,0.028000000000000004
150,candidate_4,candidate_3,candidate_2,candidate_5,candidate_1,5,0.028000000000000004
151,candidate_4,candidate_3,candidate_2,candidate_5,candidate_1,5,0.028000000000000004
152,candidate_4,candidate_3,candidate_2,candidate_5,candidate_1,5,0.028000000000000004
153,candidate_4,candidate_3,candidate_2,candidate_5,candidate_1,5,0.028000000000000004
154,candidate_4,candidate_3,candidate_2,candidate_5,candidate_1,5,0.028000000000000004
155,candidate_4,candidate_3,candidate_2,candidate_5,candidate_1,5,0.028000000000000004
156,candidate_4,candidate_3,candidate_2,candidate_5,candidate_1,5,0.028000000000000004
157,candidate_4,candidate_3,candidate_2,0,candidate_1,5,0.028000000000000004
158,candidate_4,candidate_3,candidate_2,candidate_5,candidate_1,5,0.028000000000000004
159,candidate_4,candidate_3,candidate_2,candidate_5,candidate_1,5,0.028000000000000004
160,candidate_4,candidate_3,candidate_2,candidate_5,candidate_1,5,0.028000000000000004
161,candidate_4,candidate_3,candidate_2,candidate_5,candidate_1,5,0.028000000000000004
162,candidate_4,candidate_3,candidate_2,candidate_5,candidate_1,5,0.028000000000000004
163,candidate_4,candidate_3,candidate_2,candidate_5,candidate_1,5,0.028000000000000004
164,candidate_4,candidate_3,candidate_2,candidate_5,candidate_1,5,0.028000000000000004
165,candidate_4,candidate_3,candidate_2,candidate_5,candidate_1,5,0.028000000000000004
166,candidate_4,candidate_3,candidate_2,candidate_5,candidate_1,5,0.028000000000000004
167,candidate_4,candidate_3,candidate_2,candidate_5,candidate_1,5,0.028000000000000004
168,candidate_4,candidate_3,candidate_2,candidate_5,candidate_1,5,0.028000000000000004
169,candidate_4,candidate_3,candidate_2,candidate_5,candidate_1,5,0.028000000000000004
170,candidate_4,candidate_3,candidate_2,candidate_5,candidate_1,5,0.028000000000000004
171,candidate_4,candidate_3,candidate_2,candidate_5,0,5,0.028000000000000004
172,candidate_4,candidate_3,candidate_2,candidate_5,candidate_1,5,0.028000000000000004
173,candidate_4,candidate_3,candidate_2,candidate_5,candidate_1,5,0.028000000000000004
174,candidate_4,candidate_3,candidate_2,candidate_5,candidate_1,5,0.028000000000000004
175,candidate_4,candidate_3,candidate_2,candidate_5,candidate_1,5,0.028000000000000004
176,candidate_4,candidate_3,candidate_2,candidate_5,candidate_1,5,0.028000000000000004
177,candidate_4,candidate_3,candidate_2,candidate_5,candidate_1,5,0.028000000000000004
178,candidate_4,candidate_3,0,candidate_5,0,5,0.028000000000000004
179,candidate_4,candidate_3,candidate_2,candidate_5,candidate_1,5,0.028000000000000004
180,candidate_4,candidate_3,candidate_2,candidate_5,candidate_1,5,0.028000000000000004
181,candidate_4,candidate_3,candidate_2,candidate_5,candidate_1,5,0.028000000000000004
182,candidate_4,candidate_3,0,candidate_5,candidate_1,5,0.028000000000000004
183,candidate_4,candidate_3,candidate_2,candidate_5,candidate_1,5,0.028000000000000004
184,candidate_4,candidate_3,candidate_2,candidate_5,candidate_1,5,0.028000000000000004
185,candidate_4,candidate_3,candidate_2,candidate_5,candidate_1,5,0.028000000000000004
186,candidate_4,candidate_3,candidate_2,candidate_5,candidate_1,5,0.028000000000000004
187,candidate_4,candidate_3,candidate_2,candidate_5,candidate_1,5,0.028000000000000004
188,candidate_4,candidate_3,candidate_2,candidate_5,candidate_1,5,0.028000000000000004
189,candidate_4,candidate_3,candidate_2,candidate_5,candidate_1,5,0.028000000000000004
190,candidate_4,candidate_3,candidate_2,candidate_5,candidate_1,5,0.028000000000000004
191,candidate_4,candidate_3,candidate_2,candidate_5,candidate_1,5,0.028000000000000004
192,candidate_4,candidate_3,candidate_2,candidate_5,candidate_1,5,0.028000000000000004
193,candidate_4,candidate_3,candidate_2,candidate_5,candidate_1,5,0.028000000000000004
194,candidate_4,candidate_3,candidate_2,candidate_5,candidate_1,5,0.028000000000000004
195,candidate_4,candidate_3,candidate_2,candidate_5,candidate_1,5,0.028000000000000004
196,candidate_4,candidate_3,candidate_2,candidate_5,candidate_1,5,0.028000000000000004
197,candidate_4,candidate_3,candidate_2,candidate_5,candidate_1,5,0.028000000000000004
198,0,candidate_3,candidate_2,candidate_5,candidate_1,5,0.028000000000000004
199,candidate_4,candidate_3,candidate_2,candidate_5,candidate_1,5,0.028000000000000004
200,candidate_4,candidate_3,candidate_2,candidate_5,candidate_1,5,0.028000000000000004
201,candidate_4,candidate_3,candidate_2,candidate_5,candidate_1,5,0.028000000000000004
202,candidate_4,candidate_3,candidate_2,candidate_5,candidate_1,5,0.028000000000000004
203,candidate_4,candidate_3,candidate_2,candidate_5,candidate_1,5,0.028000000000000004
204,candidate_4,candidate_3,candidate_2,candidate_5,candidate_1,5,0.028000000000000004
205,candidate_4,candidate_3,candidate_2,candidate_5,candidate_1,5,0.028000000000000004
206,candidate_4,candidate_3,candidate_2,candidate_5,candidate_1,5,0.028000000000000004
207,candidate_4,candidate_3,candidate_2,candidate_5,candidate_1,5,0.028000000000000004
208,candidate_4,candidate_3,candidate_2,candidate_5,candidate_1,5,0.028000000000000004
209,candidate_4,candidate_3,candidate_2,candidate_5,candidate_1,5,0.028000000000000004
210,candidate_4,candidate_3,candidate_2,candidate_5,candidate_1,5,0.028000000000000004
211,candidate_4,candidate_3,candidate_2,candidate_5,candidate_1,5,0.028000000000000004
212,candidate_4,candidate_3,candidate_2,candidate_5,candidate_1,5,0.028000000000000004
213,candidate_4,candidate_3,candidate_2,candidate_5,candidate_1,5,0.028000000000000004
214,candidate_4,candidate_3,candidate_2,candidate_5,candidate_1,5,0.028000000000000004
0,candidate_4,candidate_3,candidate_5,candidate_1,candidate_2,5,0.028000000000000004
1,candidate_4,candidate_3,candidate_5,candidate_1,candidate_2,5,0.028000000000000004
2,candidate_4,candidate_3,candidate_5,candidate_1,candidate_2,5,0.028000000000000004
3,candidate_4,candidate_3,candidate_5,candidate_1,candidate_2,5,0.028000000000000004
4,candidate_4,candidate_3,candidate_5,candidate_1,candidate_2,5,0.028000000000000004
5,candidate_4,candidate_3,candidate_5,candidate_1,candidate_2,5,0.028000000000000004
6,candidate_4,candidate_3,candidate_5,candidate_1,candidate_2,5,0.028000000000000004
7,candidate_4,candidate_3,candidate_5,candidate_1,candidate_2,5,0.028000000000000004
8,candidate_4,candidate_3,candidate_5,candidate_1,candidate_2,5,0.028000000000000004
9,candidate_4,candidate_3,candidate_5,candidate_1,candidate_2,5,0.028000000000000004
10,candidate_4,candidate_3,candidate_5,candidate_1,candidate_2,5,0.028000000000000004
11,candidate_4,candidate_3,candidate_5,candidate_1,candidate_2,5,0.028000000000000004
12,candidate_4,candidate_3,candidate_5,candidate_1,candidate_2,5,0.028000000000000004
13,candidate_4,candidate_3,candidate_5,0,candidate_2,5,0.028000000000000004
14,candidate_4,candidate_3,candidate_5,candidate_1,candidate_2,5,0.028000000000000004
15,candidate_4,candidate_3,candidate_5,candidate_1,candidate_2,5,0.028000000000000004
16,candidate_4,candidate_3,candidate_5,candidate_1,candidate_2,5,0.028000000000000004
17,candidate_4,candidate_3,candidate_5,candidate_1,candidate_2,5,0.028000000000000004
18,candidate_4,candidate_3,candidate_5,candidate_1,candidate_2,5,0.028000000000000004
19,0,candidate_3,candidate_5,candidate_1,candidate_2,5,0.028000000000000004
20,candidate_4,candidate_3,candidate_5,candidate_1,candidate_2,5,0.028000000000000004
21,candidate_4,candidate_3,candidate_5,candidate_1,candidate_2,5,0.028000000000000004
22,candidate_4,candidate_3,candidate_5,candidate_1,candidate_2,5,0.028000000000000004
23,candidate_4,candidate_3,candidate_5,candidate_1,candidate_2,5,0.028000000000000004
24,candidate_4,candidate_3,candidate_5,candidate_1,candidate_2,5,0.028000000000000004
25,candidate_4,candidate_3,candidate_5,candidate_1,candidate_2,5,0.028000000000000004
26,candidate_4,candidate_3,candidate_5,candidate_1,candidate_2,5,0.028000000000000004
27,candidate_4,candidate_3,candidate_5,candidate_1,candidate_2,5,0.028000000000000004
28,candidate_4,candidate_3,candidate_5,candidate_1,candidate_2,5,0.028000000000000004
29,candidate_4,candidate_3,candidate_5,candidate_1,candidate_2,5,0.028000000000000004
30,candidate_4,candidate_3,candidate_5,candidate_1,candidate_2,5,0.028000000000000004
31,candidate_4,0,candidate_5,candidate_1,candidate_2,5,0.028000000000000004
32,candidate_4,candidate_3,candidate_5,candidate_1,candidate_2,5,0.028000000000000004
33,candidate_4,candidate_3,candidate_5,candidate_1,candidate_2,5,0.028000000000000004
34,candidate_4,candidate_3,candidate_5,candidate_1,candidate_2,5,0.028000000000000004
35,candidate_4,candidate_3,candidate_5,candidate_1,candidate_2,5,0.028000000000000004
36,candidate_4,candidate_3,candidate_5,candidate_1,candidate_2,5,0.028000000000000004
37,candidate_4,candidate_3,candidate_5,candidate_1,candidate_2,5,0.028000000000000004
38,candidate_4,candidate_3,candidate_5,candidate_1,candidate_2,5,0.028000000000000004
39,candidate_4,candidate_3,candidate_5,0,candidate_2,5,0.028000000000000004
40,candidate_4,candidate_3,candidate_5,candidate_1,candidate_2,5,0.028000000000000004
41,candidate_4,candidate_3,candidate_5,candidate_1,0,5,0.028000000000000004
42,0,candidate_3,candidate_5,candidate_1,candidate_2,5,0.028000000000000004
43,candidate_4,candidate_3,candidate_5,candidate_1,candidate_2,5,0.028000000000000004
44,candidate_4,candidate_3,candidate_5,candidate_1,candidate_2,5,0.028000000000000004
45,candidate_4,candidate_3,candidate_5,candidate_1,candidate_2,5,0.028000000000000004
46,candidate_4,candidate_3,candidate_5,candidate_1,candidate_2,5,0.028000000000000004
47,candidate_4,candidate_3,candidate_5,candidate_1,candidate_2,5,0.028000000000000004
48,candidate_4,candidate_3,candidate_5,candidate_1,candidate_2,5,0.028000000000000004
49,candidate_4,candidate_3,candidate_5,candidate_1,candidate_2,5,0.028000000000000004
50,candidate_4,candidate_3,candidate_5,candidate_1,candidate_2,5,0.028000000000000004
51,candidate_4,candidate_3,candidate_5,candidate_1,candidate_2,5,0.028000000000000004
52,candidate_4,candidate_3,candidate_5,candidate_1,candidate_2,5,0.028000000000000004
53,candidate_4,candidate_3,candidate_5,candidate_1,candidate_2,5,0.028000000000000004
54,candidate_4,candidate_3,candidate_5,candidate_1,candidate_2,5,0.028000000000000004
55,candidate_4,candidate_3,candidate_5,candidate_1,candidate_2,5,0.028000000000000004
56,candidate_4,candidate_3,0,candidate_1,candidate_2,5,0.028000000000000004
57,candidate_4,candidate_3,candidate_5,candidate_1,candidate_2,5,0.028000000000000004
58,candidate_4,candidate_3,candidate_5,candidate_1,candidate_2,5,0.028000000000000004
59,candidate_4,candidate_3,candidate_5,candidate_1,candidate_2,5,0.028000000000000004
60,candidate_4,candidate_3,candidate_5,candidate_1,candidate_2,5,0.028000000000000004
61,candidate_4,0,candidate_5,candidate_1,candidate_2,5,0.028000000000000004
62,candidate_4,candidate_3,candidate_5,candidate_1,candidate_2,5,0.028000000000000004
63,candidate_4,candidate_3,candidate_5,candidate_1,candidate_2,5,0.028000000000000004
64,candidate_4,0,candidate_5,candidate_1,candidate_2,5,0.028000000000000004
65,candidate_4,candidate_3,candidate_5,candidate_1,candidate_2,5,0.028000000000000004
66,candidate_4,candidate_3,candidate_5,candidate_1,candidate_2,5,0.028000000000000004
67,candidate_4,candidate_3,candidate_5,candidate_1,candidate_2,5,0.028000000000000004
68,candidate_4,candidate_3,candidate_5,candidate_1,candidate_2,5,0.028000000000000004
69,candidate_4,candidate_3,candidate_5,candidate_1,candidate_2,5,0.028000000000000004
70,candidate_4,candidate_3,candidate_5,candidate_1,candidate_2,5,0.028000000000000004
71,candidate_4,candidate_3,candidate_5,candidate_1,candidate_2,5,0.028000000000000004
72,candidate_4,candidate_3,candidate_5,candidate_1,candidate_2,5,0.028000000000000004
73,candidate_4,candidate_3,candidate_5,candidate_1,candidate_2,5,0.028000000000000004
74,candidate_4,candidate_3,candidate_5,candidate_1,candidate_2,5,0.028000000000000004
75,candidate_4,candidate_3,candidate_5,candidate_1,candidate_2,5,0.028000000000000004
76,candidate_4,candidate_3,candidate_5,candidate_1,candidate_2,5,0.028000000000000004
77,candidate_4,candidate_3,candidate_5,candidate_1,candidate_2,5,0.028000000000000004
78,candidate_4,candidate_3,candidate_5,candidate_1,candidate_2,5,0.028000000000000004
79,candidate_4,candidate_3,candidate_5,candidate_1,candidate_2,5,0.028000000000000004
80,0,candidate_3,candidate_5,candidate_1,candidate_2,5,0.028000000000000004
81,candidate_4,candidate_3,candidate_5,candidate_1,candidate_2,5,0.028000000000000004
82,candidate_4,candidate_3,candidate_5,candidate_1,candidate_2,5,0.028000000000000004
83,candidate_4,candidate_3,candidate_5,candidate_1,candidate_2,5,0.028000000000000004
84,candidate_4,candidate_3,candidate_5,candidate_1,candidate_2,5,0.028000000000000004
85,candidate_4,candidate_3,candidate_5,candidate_1,candidate_2,5,0.028000000000000004
86,candidate_4,candidate_3,candidate_5,candidate_1,candidate_2,5,0.028000000000000004
87,candidate_4,candidate_3,candidate_5,candidate_1,candidate_2,5,0.028000000000000004
88,candidate_4,candidate_3,candidate_5,candidate_1,candidate_2,5,0.028000000000000004
89,candidate_4,candidate_3,candidate_5,candidate_1,candidate_2,5,0.028000000000000004
90,candidate_4,candidate_3,candidate_5,candidate_1,candidate_2,5,0.028000000000000004
91,candidate_4,candidate_3,candidate_5,candidate_1,candidate_2,5,0.028000000000000004
92,candidate_4,candidate_3,candidate_5,candidate_1,candidate_2,5,0.028000000000000004
93,candidate_4,candidate_3,candidate_5,candidate_1,candidate_2,5,0.028000000000000004
94,candidate_4,candidate_3,candidate_5,candidate_1,candidate_2,5,0.028000000000000004
95,candidate_4,candidate_3,candidate_5,candidate_1,candidate_2,5,0.028000000000000004
96,candidate_4,candidate_3,candidate_5,candidate_1,candidate_2,5,0.028000000000000004
97,candidate_4,candidate_3,candidate_5,candidate_1,candidate_2,5,0.028000000000000004
98,candidate_4,candidate_3,candidate_5,candidate_1,candidate_2,5,0.028000000000000004
99,candidate_4,candidate_3,candidate_5,candidate_1,candidate_2,5,0.028000000000000004
100,candidate_4,candidate_3,candidate_5,candidate_1,candidate_2,5,0.028000000000000004
101,candidate_4,candidate_3,candidate_5,candidate_1,candidate_2,5,0.028000000000000004
102,0,candidate_3,candidate_5,candidate_1,candidate_2,5,0.028000000000000004
103,candidate_4,candidate_3,0,candidate_1,candidate_2,5,0.028000000000000004
104,candidate_4,candidate_3,candidate_5,candidate_1,candidate_2,5,0.028000000000000004
105,candidate_4,candidate_3,0,candidate_1,candidate_2,5,0.028000000000000004
106,candidate_4,candidate_3,candidate_5,candidate_1,candidate_2,5,0.028000000000000004
107,candidate_4,candidate_3,candidate_5,candidate_1,candidate_2,5,0.028000000000000004
108,candidate_4,candidate_3,candidate_5,candidate_1,candidate_2,5,0.028000000000000004
109,0,candidate_3,candidate_5,candidate_1,candidate_2,5,0.028000000000000004
110,candidate_4,candidate_3,candidate_5,candidate_1,candidate_2,5,0.028000000000000004
111,candidate_4,candidate_3,candidate_5,candidate_1,candidate_2,5,0.028000000000000004
112,candidate_4,0,candidate_5,candidate_1,candidate_2,5,0.028000000000000004
113,candidate_4,candidate_3,candidate_5,candidate_1,candidate_2,5,0.028000000000000004
114,candidate_4,candidate_3,candidate_5,candidate_1,candidate_2,5,0.028000000000000004
115,candidate_4,candidate_3,0,candidate_1,candidate_2,5,0.028000000000000004
116,0,candidate_3,candidate_5,candidate_1,candidate_2,5,0.028000000000000004
117,candidate_4,candidate_3,candidate_5,candidate_1,candidate_2,5,0.028000000000000004
118,candidate_4,candidate_3,candidate_5,candidate_1,candidate_2,5,0.028000000000000004
119,candidate_4,candidate_3,candidate_5,candidate_1,candidate_2,5,0.028000000000000004
120,candidate_4,candidate_3,candidate_5,candidate_1,candidate_2,5,0.028000000000000004
121,candidate_4,candidate_3,candidate_5,candidate_1,candidate_2,5,0.028000000000000004
122,candidate_4,candidate_3,candidate_5,candidate_1,candidate_2,5,0.028000000000000004
123,candidate_4,candidate_3,candidate_5,candidate_1,candidate_2,5,0.028000000000000004
124,candidate_4,candidate_3,candidate_5,candidate_1,candidate_2,5,0.028000000000000004
125,candidate_4,candidate_3,candidate_5,candidate_1,candidate_2,5,0.028000000000000004
126,candidate_4,candidate_3,candidate_5,candidate_1,candidate_2,5,0.028000000000000004
127,candidate_4,candidate_3,candidate_5,candidate_1,candidate_2,5,0.028000000000000004
128,candidate_4,candidate_3,candidate_5,candidate_1,candidate_2,5,0.028000000000000004
129,candidate_4,candidate_3,candidate_5,candidate_1,candidate_2,5,0.028000000000000004
130,candidate_4,candidate_3,candidate_5,candidate_1,candidate_2,5,0.028000000000000004
131,candidate_4,candidate_3,candidate_5,candidate_1,candidate_2,5,0.028000000000000004
132,candidate_4,candidate_3,candidate_5,candidate_1,candidate_2,5,0.028000000000000004
133,candidate_4,candidate_3,candidate_5,candidate_1,candidate_2,5,0.028000000000000004
134,candidate_4,candidate_3,candidate_5,candidate_1,candidate_2,5,0.028000000000000004
135,candidate_4,candidate_3,candidate_5,candidate_1,candidate_2,5,0.028000000000000004
136,candidate_4,candidate_3,candidate_5,candidate_1,candidate_2,5,0.028000000000000004
137,candidate_4,candidate_3,candidate_5,candidate_1,candidate_2,5,0.028000000000000004
138,candidate_4,candidate_3,candidate_5,candidate_1,candidate_2,5,0.028000000000000004
139,candidate_4,candidate_3,candidate_5,candidate_1,candidate_2,5,0.028000000000000004
140,0,candidate_3,candidate_5,candidate_1,candidate_2,5,0.028000000000000004
141,candidate_4,candidate_3,candidate_5,0,candidate_2,5,0.028000000000000004
142,candidate_4,candidate_3,candidate_5,candidate_1,candidate_2,5,0.028000000000000004
143,candidate_4,candidate_3,candidate_5,candidate_1,candidate_2,5,0.028000000000000004
144,candidate_4,candidate_3,candidate_5,candidate_1,candidate_2,5,0.028000000000000004
145,candidate_4,candidate_3,candidate_5,candidate_1,candidate_2,5,0.028000000000000004
146,candidate_4,candidate_3,candidate_5,candidate_1,candidate_2,5,0.028000000000000004
147,candidate_4,candidate_3,candidate_5,candidate_1,candidate_2,5,0.028000000000000004
148,candidate_4,0,candidate_5,candidate_1,candidate_2,5,0.028000000000000004
149,candidate_4,candidate_3,candidate_5,candidate_1,candidate_2,5,0.028000000000000004
150,candidate_4,candidate_3,candidate_5,candidate_1,candidate_2,5,0.028000000000000004
151,candidate_4,candidate_3,candidate_5,candidate_1,candidate_2,5,0.028000000000000004
152,candidate_4,candidate_3,candidate_5,candidate_1,candidate_2,5,0.028000000000000004
153,candidate_4,candidate_3,candidate_5,candidate_1,0,5,0.028000000000000004
154,candidate_4,candidate_3,candidate_5,0,candidate_2,5,0.028000000000000004
155,candidate_4,candidate_3,candidate_5,candidate_1,candidate_2,5,0.028000000000000004
156,candidate_4,candidate_3,candidate_5,candidate_1,candidate_2,5,0.028000000000000004
157,candidate_4,candidate_3,candidate_5,candidate_1,candidate_2,5,0.028000000000000004
158,candidate_4,candidate_3,candidate_5,candidate_1,candidate_2,5,0.028000000000000004
159,candidate_4,candidate_3,candidate_5,candidate_1,candidate_2,5,0.028000000000000004
160,candidate_4,candidate_3,candidate_5,candidate_1,candidate_2,5,0.028000000000000004
161,candidate_4,candidate_3,candidate_5,candidate_1,candidate_2,5,0.028000000000000004
162,candidate_4,candidate_3,candidate_5,candidate_1,candidate_2,5,0.028000000000000004
163,candidate_4,candidate_3,candidate_5,candidate_1,candidate_2,5,0.028000000000000004
164,candidate_4,candidate_3,candidate_5,candidate_1,candidate_2,5,0.028000000000000004
165,candidate_4,candidate_3,candidate_5,0,candidate_2,5,0.028000000000000004
166,candidate_4,candidate_3,candidate_5,candidate_1,candidate_2,5,0.028000000000000004
167,candidate_4,candidate_3,0,candidate_1,candidate_2,5,0.028000000000000004
168,candidate_4,candidate_3,candidate_5,candidate_1,candidate_2,5,0.028000000000000004
169,candidate_4,candidate_3,candidate_5,candidate_1,candidate_2,5,0.028000000000000004
170,candidate_4,candidate_3,candidate_5,candidate_1,candidate_2,5,0.028000000000000004
171,candidate_4,candidate_3,candidate_5,candidate_1,candidate_2,5,0.028000000000000004
172,candidate_4,candidate_3,candidate_5,candidate_1,candidate_2,5,0.028000000000000004
173,candidate_4,candidate_3,candidate_5,candidate_1,candidate_2,5,0.028000000000000004
174,0,candidate_3,candidate_5,candidate_1,candidate_2,5,0.028000000000000004
175,candidate_4,candidate_3,candidate_5,candidate_1,candidate_2,5,0.028000000000000004
176,candidate_4,candidate_3,candidate_5,candidate_1,candidate_2,5,0.028000000000000004
177,candidate_4,candidate_3,candidate_5,candidate_1,candidate_2,5,0.028000000000000004
178,candidate_4,candidate_3,candidate_5,candidate_1,candidate_2,5,0.028000000000000004
179,candidate_4,candidate_3,candidate_5,candidate_1,candidate_2,5,0.028000000000000004
180,candidate_4,candidate_3,candidate_5,candidate_1,candidate_2,5,0.028000000000000004
181,candidate_4,candidate_3,candidate_5,candidate_1,candidate_2,5,0.028000000000000004
182,candidate_4,candidate_3,candidate_5,candidate_1,candidate_2,5,0.028000000000000004
183,candidate_4,candidate_3,candidate_5,candidate_1,candidate_2,5,0.028000000000000004
184,candidate_4,candidate_3,candidate_5,candidate_1,candidate_2,5,0.028000000000000004
185,candidate_4,candidate_3,candidate_5,candidate_1,candidate_2,5,0.028000000000000004
186,candidate_4,candidate_3,candidate_5,candidate_1,candidate_2,5,0.028000000000000004
187,candidate_4,candidate_3,candidate_5,candidate_1,candidate_2,5,0.028000000000000004
188,candidate_4,candidate_3,candidate_5,candidate_1,candidate_2,5,0.028000000000000004
189,candidate_4,candidate_3,candidate_5,candidate_1,candidate_2,5,0.028000000000000004
190,candidate_4,candidate_3,candidate_5,candidate_1,candidate_2,5,0.028000000000000004
191,candidate_4,candidate_3,candidate_5,candidate_1,candidate_2,5,0.028000000000000004
192,candidate_4,candidate_3,candidate_5,candidate_1,candidate_2,5,0.028000000000000004
193,candidate_4,candidate_3,candidate_5,candidate_1,candidate_2,5,0.028000000000000004
194,candidate_4,candidate_3,candidate_5,candidate_1,candidate_2,5,0.028000000000000004
195,candidate_4,candidate_3,candidate_5,candidate_1,candidate_2,5,0.028000000000000004
196,candidate_4,candidate_3,candidate_5,candidate_1,candidate_2,5,0.028000000000000004
197,candidate_4,candidate_3,candidate_5,candidate_1,candidate_2,5,0.028000000000000004
198,candidate_4,candidate_3,candidate_5,0,candidate_2,5,0.028000000000000004
199,0,0,candidate_5,candidate_1,candidate_2,5,0.028000000000000004
200,candidate_4,candidate_3,candidate_5,candidate_1,candidate_2,5,0.028000000000000004
201,candidate_4,candidate_3,candidate_5,candidate_1,candidate_2,5,0.028000000000000004
202,candidate_4,candidate_3,candidate_5,candidate_1,candidate_2,5,0.028000000000000004
203,candidate_4,candidate_3,candidate_5,candidate_1,candidate_2,5,0.028000000000000004
204,candidate_4,candidate_3,candidate_5,candidate_1,candidate_2,5,0.028000000000000004
205,candidate_4,candidate_3,candidate_5,candidate_1,candidate_2,5,0.028000000000000004
206,candidate_4,candidate_3,candidate_5,candidate_1,candidate_2,5,0.028000000000000004
207,candidate_4,candidate_3,candidate_5,candidate_1,candidate_2,5,0.028000000000000004
208,candidate_4,candidate_3,candidate_5,candidate_1,candidate_2,5,0.028000000000000004
209,candidate_4,0,candidate_5,candidate_1,0,5,0.028000000000000004
210,candidate_4,candidate_3,candidate_5,candidate_1,candidate_2,5,0.028000000000000004
211,candidate_4,candidate_3,candidate_5,candidate_1,candidate_2,5,0.028000000000000004
212,candidate_4,0,candidate_5,candidate_1,candidate_2,5,0.028000000000000004
213,candidate_4,candidate_3,candidate_5,candidate_1,candidate_2,5,0.028000000000000004
214,candidate_4,candidate_3,candidate_5,candidate_1,candidate_2,5,0.028000000000000004
215,candidate_4,candidate_3,candidate_5,candidate_1,candidate_2,5,0.028000000000000004
216,candidate_4,candidate_3,candidate_5,0,candidate_2,5,0.028000000000000004
217,candidate_4,candidate_3,candidate_5,candidate_1,candidate_2,5,0.028000000000000004
218,candidate_4,candidate_3,0,candidate_1,candidate_2,5,0.028000000000000004
219,candidate_4,candidate_3,candidate_5,candidate_1,candidate_2,5,0.028000000000000004
220,candidate_4,0,candidate_5,candidate_1,candidate_2,5,0.028000000000000004
221,candidate_4,candidate_3,candidate_5,candidate_1,candidate_2,5,0.028000000000000004
222,0,candidate_3,candidate_5,candidate_1,candidate_2,5,0.028000000000000004
223,candidate_4,candidate_3,candidate_5,candidate_1,candidate_2,5,0.028000000000000004
224,candidate_4,candidate_3,candidate_5,candidate_1,candidate_2,5,0.028000000000000004
225,candidate_4,candidate_3,candidate_5,candidate_1,candidate_2,5,0.028000000000000004
226,candidate_4,candidate_3,candidate_5,candidate_1,candidate_2,5,0.028000000000000004
227,candidate_4,candidate_3,candidate_5,candidate_1,candidate_2,5,0.028000000000000004
228,candidate_4,candidate_3,candidate_5,candidate_1,candidate_2,5,0.028000000000000004
229,candidate_4,candidate_3,candidate_5,candidate_1,candidate_2,5,0.028000000000000004
230,candidate_4,candidate_3,candidate_5,candidate_1,candidate_2,5,0.028000000000000004
231,candidate_4,candidate_3,candidate_5,candidate_1,candidate_2,5,0.028000000000000004
232,candidate_4,candidate_3,candidate_5,candidate_1,candidate_2,5,0.028000000000000004
233,candidate_4,candidate_3,candidate_5,candidate_1,candidate_2,5,0.028000000000000004
234,candidate_4,candidate_3,candidate_5,candidate_1,candidate_2,5,0.028000000000000004
235,candidate_4,candidate_3,candidate_5,candidate_1,candidate_2,5,0.028000000000000004
236,candidate_4,candidate_3,candidate_5,candidate_1,candidate_2,5,0.028000000000000004
237,candidate_4,candidate_3,candidate_5,candidate_1,candidate_2,5,0.028000000000000004
238,candidate_4,candidate_3,candidate_5,candidate_1,candidate_2,5,0.028000000000000004
239,0,candidate_3,candidate_5,candidate_1,candidate_2,5,0.028000000000000004
240,candidate_4,candidate_3,candidate_5,candidate_1,candidate_2,5,0.028000000000000004
241,candidate_4,candidate_3,candidate_5,candidate_1,candidate_2,5,0.028000000000000004
242,candidate_4,candidate_3,candidate_5,candidate_1,candidate_2,5,0.028000000000000004
243,candidate_4,candidate_3,candidate_5,candidate_1,candidate_2,5,0.028000000000000004
244,candidate_4,candidate_3,0,0,candidate_2,5,0.028000000000000004
245,candidate_4,candidate_3,candidate_5,0,candidate_2,5,0.028000000000000004
246,candidate_4,candidate_3,candidate_5,candidate_1,candidate_2,5,0.028000000000000004
247,candidate_4,candidate_3,candidate_5,candidate_1,candidate_2,5,0.028000000000000004
248,candidate_4,candidate_3,candidate_5,candidate_1,candidate_2,5,0.028000000000000004
249,candidate_4,candidate_3,candidate_5,candidate_1,candidate_2,5,0.028000000000000004
250,candidate_4,candidate_3,candidate_5,candidate_1,candidate_2,5,0.028000000000000004
251,candidate_4,candidate_3,candidate_5,candidate_1,candidate_2,5,0.028000000000000004
252,candidate_4,candidate_3,candidate_5,candidate_1,candidate_2,5,0.028000000000000004
253,candidate_4,candidate_3,candidate_5,candidate_1,candidate_2,5,0.028000000000000004
254,candidate_4,candidate_3,candidate_5,candidate_1,0,5,0.028000000000000004
255,candidate_4,candidate_3,candidate_5,candidate_1,candidate_2,5,0.028000000000000004
256,candidate_4,candidate_3,candidate_5,candidate_1,candidate_2,5,0.028000000000000004
257,candidate_4,candidate_3,candidate_5,candidate_1,candidate_2,5,0.028000000000000004
258,candidate_4,candidate_3,candidate_5,0,candidate_2,5,0.028000000000000004
259,candidate_4,candidate_3,candidate_5,candidate_1,candidate_2,5,0.028000000000000004
260,candidate_4,candidate_3,candidate_5,candidate_1,candidate_2,5,0.028000000000000004
261,candidate_4,candidate_3,candidate_5,candidate_1,candidate_2,5,0.028000000000000004
262,candidate_4,candidate_3,candidate_5,candidate_1,candidate_2,5,0.028000000000000004
263,0,candidate_3,candidate_5,candidate_1,candidate_2,5,0.028000000000000004
264,candidate_4,candidate_3,candidate_5,candidate_1,candidate_2,5,0.028000000000000004
265,candidate_4,candidate_3,candidate_5,candidate_1,candidate_2,5,0.028000000000000004
266,candidate_4,candidate_3,candidate_5,0,candidate_2,5,0.028000000000000004
267,candidate_4,candidate_3,candidate_5,candidate_1,candidate_2,5,0.028000000000000004
268,candidate_4,candidate_3,candidate_5,candidate_1,candidate_2,5,0.028000000000000004
269,candidate_4,candidate_3,candidate_5,candidate_1,candidate_2,5,0.028000000000000004
270,candidate_4,candidate_3,candidate_5,candidate_1,candidate_2,5,0.028000000000000004
271,candidate_4,candidate_3,candidate_5,candidate_1,candidate_2,5,0.028000000000000004
272,candidate_4,candidate_3,0,candidate_1,candidate_2,5,0.028000000000000004
273,candidate_4,candidate_3,candidate_5,candidate_1,candidate_2,5,0.028000000000000004
274,candidate_4,candidate_3,candidate_5,candidate_1,candidate_2,5,0.028000000000000004
275,candidate_4,candidate_3,candidate_5,candidate_1,candidate_2,5,0.028000000000000004
276,candidate_4,candidate_3,candidate_5,candidate_1,candidate_2,5,0.028000000000000004
277,candidate_4,candidate_3,candidate_5,candidate_1,candidate_2,5,0.028000000000000004
278,candidate_4,candidate_3,candidate_5,candidate_1,candidate_2,5,0.028000000000000004
279,candidate_4,candidate_3,candidate_5,candidate_1,candidate_2,5,0.028000000000000004
280,candidate_4,candidate_3,candidate_5,candidate_1,candidate_2,5,0.028000000000000004
281,candidate_4,candidate_3,candidate_5,candidate_1,candidate_2,5,0.028000000000000004
282,candidate_4,candidate_3,candidate_5,candidate_1,candidate_2,5,0.028000000000000004
0,candidate_4,candidate_3,candidate_5,candidate_2,candidate_1,5,0.028000000000000004
1,candidate_4,0,candidate_5,candidate_2,candidate_1,5,0.028000000000000004
2,candidate_4,candidate_3,candidate_5,candidate_2,candidate_1,5,0.028000000000000004
3,candidate_4,candidate_3,candidate_5,candidate_2,candidate_1,5,0.028000000000000004
4,candidate_4,candidate_3,candidate_5,candidate_2,candidate_1,5,0.028000000000000004
5,candidate_4,candidate_3,candidate_5,candidate_2,candidate_1,5,0.028000000000000004
6,candidate_4,candidate_3,candidate_5,candidate_2,candidate_1,5,0.028000000000000004
7,candidate_4,candidate_3,candidate_5,candidate_2,candidate_1,5,0.028000000000000004
8,candidate_4,candidate_3,candidate_5,candidate_2,candidate_1,5,0.028000000000000004
9,0,candidate_3,candidate_5,candidate_2,candidate_1,5,0.028000000000000004
10,candidate_4,candidate_3,candidate_5,candidate_2,candidate_1,5,0.028000000000000004
11,candidate_4,candidate_3,candidate_5,candidate_2,candidate_1,5,0.028000000000000004
12,candidate_4,candidate_3,candidate_5,candidate_2,candidate_1,5,0.028000000000000004
13,candidate_4,candidate_3,candidate_5,candidate_2,candidate_1,5,0.028000000000000004
14,candidate_4,candidate_3,candidate_5,candidate_2,candidate_1,5,0.028000000000000004
15,candidate_4,candidate_3,candidate_5,candidate_2,candidate_1,5,0.028000000000000004
16,candidate_4,candidate_3,candidate_5,candidate_2,candidate_1,5,0.028000000000000004
17,candidate_4,candidate_3,candidate_5,candidate_2,candidate_1,5,0.028000000000000004
18,candidate_4,candidate_3,candidate_5,candidate_2,candidate_1,5,0.028000000000000004
19,candidate_4,candidate_3,candidate_5,candidate_2,candidate_1,5,0.028000000000000004
20,candidate_4,candidate_3,candidate_5,candidate_2,candidate_1,5,0.028000000000000004
21,candidate_4,candidate_3,candidate_5,candidate_2,candidate_1,5,0.028000000000000004
22,candidate_4,candidate_3,0,candidate_2,candidate_1,5,0.028000000000000004
23,candidate_4,candidate_3,candidate_5,candidate_2,candidate_1,5,0.028000000000000004
24,candidate_4,candidate_3,candidate_5,candidate_2,candidate_1,5,0.028000000000000004
25,candidate_4,candidate_3,candidate_5,candidate_2,candidate_1,5,0.028000000000000004
26,candidate_4,candidate_3,candidate_5,candidate_2,candidate_1,5,0.028000000000000004
27,candidate_4,candidate_3,candidate_5,candidate_2,candidate_1,5,0.028000000000000004
28,candidate_4,candidate_3,candidate_5,candidate_2,candidate_1,5,0.028000000000000004
29,candidate_4,candidate_3,candidate_5,candidate_2,candidate_1,5,0.028000000000000004
30,candidate_4,candidate_3,candidate_5,candidate_2,candidate_1,5,0.028000000000000004
31,candidate_4,candidate_3,candidate_5,candidate_2,candidate_1,5,0.028000000000000004
32,candidate_4,candidate_3,0,candidate_2,candidate_1,5,0.028000000000000004
33,candidate_4,candidate_3,candidate_5,candidate_2,candidate_1,5,0.028000000000000004
34,candidate_4,candidate_3,candidate_5,candidate_2,candidate_1,5,0.028000000000000004
35,candidate_4,candidate_3,candidate_5,candidate_2,candidate_1,5,0.028000000000000004
36,candidate_4,candidate_3,candidate_5,candidate_2,candidate_1,5,0.028000000000000004
37,candidate_4,candidate_3,candidate_5,candidate_2,candidate_1,5,0.028000000000000004
38,candidate_4,candidate_3,candidate_5,candidate_2,candidate_1,5,0.028000000000000004
39,candidate_4,candidate_3,candidate_5,candidate_2,candidate_1,5,0.028000000000000004
40,candidate_4,candidate_3,candidate_5,candidate_2,candidate_1,5,0.028000000000000004
41,candidate_4,candidate_3,candidate_5,candidate_2,candidate_1,5,0.028000000000000004
42,candidate_4,candidate_3,candidate_5,candidate_2,candidate_1,5,0.028000000000000004
43,candidate_4,candidate_3,candidate_5,candidate_2,candidate_1,5,0.028000000000000004
44,0,candidate_3,candidate_5,candidate_2,candidate_1,5,0.028000000000000004
45,candidate_4,candidate_3,candidate_5,candidate_2,candidate_1,5,0.028000000000000004
46,candidate_4,candidate_3,candidate_5,candidate_2,candidate_1,5,0.028000000000000004
47,candidate_4,candidate_3,candidate_5,candidate_2,candidate_1,5,0.028000000000000004
48,candidate_4,candidate_3,candidate_5,candidate_2,candidate_1,5,0.028000000000000004
49,candidate_4,candidate_3,candidate_5,candidate_2,candidate_1,5,0.028000000000000004
50,candidate_4,candidate_3,candidate_5,candidate_2,candidate_1,5,0.028000000000000004
51,candidate_4,candidate_3,candidate_5,candidate_2,candidate_1,5,0.028000000000000004
52,candidate_4,0,candidate_5,candidate_2,candidate_1,5,0.028000000000000004
53,candidate_4,candidate_3,candidate_5,candidate_2,candidate_1,5,0.028000000000000004
54,candidate_4,candidate_3,candidate_5,candidate_2,candidate_1,5,0.028000000000000004
55,candidate_4,candidate_3,candidate_5,candidate_2,candidate_1,5,0.028000000000000004
56,candidate_4,candidate_3,candidate_5,candidate_2,candidate_1,5,0.028000000000000004
57,0,candidate_3,candidate_5,candidate_2,candidate_1,5,0.028000000000000004
58,candidate_4,candidate_3,candidate_5,candidate_2,candidate_1,5,0.028000000000000004
59,candidate_4,candidate_3,candidate_5,candidate_2,candidate_1,5,0.028000000000000004
60,candidate_4,candidate_3,candidate_5,candidate_2,candidate_1,5,0.028000000000000004
61,candidate_4,candidate_3,candidate_5,candidate_2,candidate_1,5,0.028000000000000004
62,candidate_4,candidate_3,candidate_5,candidate_2,candidate_1,5,0.028000000000000004
63,candidate_4,candidate_3,candidate_5,candidate_2,candidate_1,5,0.028000000000000004
64,candidate_4,candidate_3,candidate_5,candidate_2,candidate_1,5,0.028000000000000004
65,candidate_4,candidate_3,candidate_5,candidate_2,candidate_1,5,0.028000000000000004
66,candidate_4,candidate_3,candidate_5,candidate_2,candidate_1,5,0.028000000000000004
67,candidate_4,candidate_3,candidate_5,candidate_2,candidate_1,5,0.028000000000000004
68,candidate_4,candidate_3,candidate_5,candidate_2,candidate_1,5,0.028000000000000004
69,candidate_4,candidate_3,candidate_5,candidate_2,candidate_1,5,0.028000000000000004
70,candidate_4,candidate_3,candidate_5,candidate_2,candidate_1,5,0.028000000000000004
71,candidate_4,candidate_3,candidate_5,candidate_2,candidate_1,5,0.028000000000000004
72,candidate_4,candidate_3,candidate_5,candidate_2,candidate_1,5,0.028000000000000004
73,candidate_4,candidate_3,candidate_5,candidate_2,candidate_1,5,0.028000000000000004
74,candidate_4,candidate_3,candidate_5,candidate_2,candidate_1,5,0.028000000000000004
75,candidate_4,candidate_3,candidate_5,candidate_2,candidate_1,5,0.028000000000000004
76,candidate_4,0,candidate_5,candidate_2,candidate_1,5,0.028000000000000004
77,candidate_4,candidate_3,candidate_5,candidate_2,candidate_1,5,0.028000000000000004
78,candidate_4,candidate_3,candidate_5,candidate_2,0,5,0.028000000000000004
79,candidate_4,candidate_3,0,candidate_2,candidate_1,5,0.028000000000000004
80,candidate_4,candidate_3,0,candidate_2,candidate_1,5,0.028000000000000004
81,candidate_4,candidate_3,candidate_5,candidate_2,candidate_1,5,0.028000000000000004
82,candidate_4,candidate_3,candidate_5,candidate_2,candidate_1,5,0.028000000000000004
83,candidate_4,candidate_3,candidate_5,candidate_2,candidate_1,5,0.028000000000000004
84,candidate_4,candidate_3,candidate_5,candidate_2,candidate_1,5,0.028000000000000004
85,candidate_4,candidate_3,candidate_5,candidate_2,candidate_1,5,0.028000000000000004
86,candidate_4,candidate_3,candidate_5,candidate_2,candidate_1,5,0.028000000000000004
87,candidate_4,candidate_3,candidate_5,candidate_2,candidate_1,5,0.028000000000000004
88,candidate_4,candidate_3,candidate_5,candidate_2,candidate_1,5,0.028000000000000004
89,candidate_4,candidate_3,0,candidate_2,candidate_1,5,0.028000000000000004
90,candidate_4,candidate_3,candidate_5,candidate_2,candidate_1,5,0.028000000000000004
91,candidate_4,candidate_3,candidate_5,candidate_2,candidate_1,5,0.028000000000000004
92,candidate_4,candidate_3,candidate_5,candidate_2,candidate_1,5,0.028000000000000004
93,candidate_4,candidate_3,candidate_5,candidate_2,candidate_1,5,0.028000000000000004
94,candidate_4,candidate_3,candidate_5,candidate_2,candidate_1,5,0.028000000000000004
95,candidate_4,candidate_3,candidate_5,candidate_2,candidate_1,5,0.028000000000000004
96,candidate_4,candidate_3,candidate_5,candidate_2,candidate_1,5,0.028000000000000004
97,candidate_4,candidate_3,candidate_5,candidate_2,candidate_1,5,0.028000000000000004
98,candidate_4,candidate_3,candidate_5,candidate_2,0,5,0.028000000000000004
99,candidate_4,candidate_3,candidate_5,candidate_2,candidate_1,5,0.028000000000000004
100,candidate_4,candidate_3,candidate_5,candidate_2,candidate_1,5,0.028000000000000004
101,candidate_4,candidate_3,candidate_5,candidate_2,candidate_1,5,0.028000000000000004
102,candidate_4,candidate_3,candidate_5,candidate_2,candidate_1,5,0.028000000000000004
103,candidate_4,candidate_3,candidate_5,candidate_2,candidate_1,5,0.028000000000000004
104,candidate_4,candidate_3,candidate_5,candidate_2,candidate_1,5,0.028000000000000004
105,candidate_4,candidate_3,candidate_5,candidate_2,candidate_1,5,0.028000000000000004
106,0,candidate_3,0,candidate_2,candidate_1,5,0.028000000000000004
107,candidate_4,candidate_3,candidate_5,candidate_2,candidate_1,5,0.028000000000000004
108,candidate_4,candidate_3,candidate_5,candidate_2,candidate_1,5,0.028000000000000004
109,candidate_4,candidate_3,candidate_5,candidate_2,candidate_1,5,0.028000000000000004
110,candidate_4,candidate_3,candidate_5,candidate_2,candidate_1,5,0.028000000000000004
111,candidate_4,candidate_3,candidate_5,candidate_2,candidate_1,5,0.028000000000000004
112,candidate_4,0,candidate_5,candidate_2,candidate_1,5,0.028000000000000004
113,candidate_4,candidate_3,candidate_5,candidate_2,candidate_1,5,0.028000000000000004
114,candidate_4,candidate_3,candidate_5,candidate_2,candidate_1,5,0.028000000000000004
115,candidate_4,candidate_3,candidate_5,candidate_2,candidate_1,5,0.028000000000000004
116,candidate_4,candidate_3,candidate_5,candidate_2,candidate_1,5,0.028000000000000004
117,candidate_4,candidate_3,candidate_5,candidate_2,candidate_1,5,0.028000000000000004
118,candidate_4,candidate_3,candidate_5,candidate_2,candidate_1,5,0.028000000000000004
119,candidate_4,candidate_3,candidate_5,candidate_2,candidate_1,5,0.028000000000000004
120,candidate_4,candidate_3,candidate_5,candidate_2,candidate_1,5,0.028000000000000004
121,candidate_4,candidate_3,candidate_5,candidate_2,candidate_1,5,0.028000000000000004
122,candidate_4,candidate_3,candidate_5,candidate_2,candidate_1,5,0.028000000000000004
123,candidate_4,0,candidate_5,candidate_2,candidate_1,5,0.028000000000000004
124,candidate_4,candidate_3,candidate_5,candidate_2,candidate_1,5,0.028000000000000004
125,candidate_4,candidate_3,candidate_5,candidate_2,candidate_1,5,0.028000000000000004
126,candidate_4,candidate_3,candidate_5,candidate_2,candidate_1,5,0.028000000000000004
127,candidate_4,0,candidate_5,candidate_2,candidate_1,5,0.028000000000000004
128,candidate_4,candidate_3,candidate_5,candidate_2,candidate_1,5,0.028000000000000004
129,candidate_4,candidate_3,candidate_5,candidate_2,candidate_1,5,0.028000000000000004
130,candidate_4,candidate_3,candidate_5,candidate_2,candidate_1,5,0.028000000000000004
131,candidate_4,candidate_3,candidate_5,candidate_2,candidate_1,5,0.028000000000000004
132,candidate_4,candidate_3,candidate_5,candidate_2,candidate_1,5,0.028000000000000004
133,candidate_4,candidate_3,candidate_5,candidate_2,candidate_1,5,0.028000000000000004
134,candidate_4,candidate_3,candidate_5,candidate_2,candidate_1,5,0.028000000000000004
135,candidate_4,candidate_3,candidate_5,candidate_2,candidate_1,5,0.028000000000000004
136,candidate_4,candidate_3,candidate_5,candidate_2,candidate_1,5,0.028000000000000004
137,candidate_4,candidate_3,candidate_5,candidate_2,candidate_1,5,0.028000000000000004
138,0,candidate_3,candidate_5,candidate_2,candidate_1,5,0.028000000000000004
139,candidate_4,candidate_3,candidate_5,candidate_2,candidate_1,5,0.028000000000000004
140,candidate_4,candidate_3,candidate_5,candidate_2,candidate_1,5,0.028000000000000004
141,candidate_4,candidate_3,candidate_5,candidate_2,candidate_1,5,0.028000000000000004
142,candidate_4,candidate_3,candidate_5,candidate_2,candidate_1,5,0.028000000000000004
143,candidate_4,candidate_3,candidate_5,candidate_2,candidate_1,5,0.028000000000000004
144,candidate_4,candidate_3,candidate_5,candidate_2,candidate_1,5,0.028000000000000004
145,0,candidate_3,candidate_5,candidate_2,candidate_1,5,0.028000000000000004
146,candidate_4,candidate_3,candidate_5,candidate_2,candidate_1,5,0.028000000000000004
147,candidate_4,candidate_3,candidate_5,candidate_2,candidate_1,5,0.028000000000000004
148,candidate_4,candidate_3,candidate_5,candidate_2,candidate_1,5,0.028000000000000004
149,candidate_4,candidate_3,candidate_5,candidate_2,candidate_1,5,0.028000000000000004
150,candidate_4,candidate_3,candidate_5,candidate_2,candidate_1,5,0.028000000000000004
151,candidate_4,candidate_3,candidate_5,candidate_2,candidate_1,5,0.028000000000000004
152,candidate_4,0,candidate_5,candidate_2,candidate_1,5,0.028000000000000004
153,candidate_4,candidate_3,candidate_5,candidate_2,candidate_1,5,0.028000000000000004
154,candidate_4,candidate_3,candidate_5,candidate_2,candidate_1,5,0.028000000000000004
155,candidate_4,candidate_3,candidate_5,candidate_2,candidate_1,5,0.028000000000000004
156,candidate_4,candidate_3,candidate_5,candidate_2,candidate_1,5,0.028000000000000004
157,candidate_4,candidate_3,candidate_5,candidate_2,candidate_1,5,0.028000000000000004
158,candidate_4,candidate_3,candidate_5,candidate_2,candidate_1,5,0.028000000000000004
159,candidate_4,candidate_3,candidate_5,candidate_2,candidate_1,5,0.028000000000000004
160,candidate_4,candidate_3,candidate_5,candidate_2,candidate_1,5,0.028000000000000004
161,candidate_4,candidate_3,candidate_5,candidate_2,candidate_1,5,0.028000000000000004
162,candidate_4,candidate_3,candidate_5,candidate_2,candidate_1,5,0.028000000000000004
163,candidate_4,candidate_3,candidate_5,candidate_2,candidate_1,5,0.028000000000000004
164,candidate_4,candidate_3,candidate_5,candidate_2,candidate_1,5,0.028000000000000004
165,candidate_4,candidate_3,candidate_5,candidate_2,candidate_1,5,0.028000000000000004
166,candidate_4,candidate_3,candidate_5,candidate_2,candidate_1,5,0.028000000000000004
167,candidate_4,candidate_3,candidate_5,candidate_2,candidate_1,5,0.028000000000000004
168,candidate_4,candidate_3,candidate_5,candidate_2,candidate_1,5,0.028000000000000004
169,candidate_4,candidate_3,candidate_5,candidate_2,candidate_1,5,0.028000000000000004
170,candidate_4,candidate_3,candidate_5,candidate_2,candidate_1,5,0.028000000000000004
171,candidate_4,candidate_3,candidate_5,candidate_2,candidate_1,5,0.028000000000000004
172,candidate_4,candidate_3,candidate_5,candidate_2,candidate_1,5,0.028000000000000004
173,candidate_4,candidate_3,candidate_5,candidate_2,candidate_1,5,0.028000000000000004
174,candidate_4,candidate_3,candidate_5,candidate_2,candidate_1,5,0.028000000000000004
175,candidate_4,candidate_3,candidate_5,candidate_2,candidate_1,5,0.028000000000000004
176,candidate_4,candidate_3,candidate_5,candidate_2,candidate_1,5,0.028000000000000004
177,candidate_4,candidate_3,candidate_5,candidate_2,candidate_1,5,0.028000000000000004
178,candidate_4,candidate_3,candidate_5,candidate_2,candidate_1,5,0.028000000000000004
179,candidate_4,candidate_3,candidate_5,candidate_2,candidate_1,5,0.028000000000000004
180,candidate_4,candidate_3,candidate_5,candidate_2,candidate_1,5,0.028000000000000004
181,candidate_4,candidate_3,candidate_5,candidate_2,candidate_1,5,0.028000000000000004
182,candidate_4,candidate_3,candidate_5,candidate_2,candidate_1,5,0.028000000000000004
183,candidate_4,candidate_3,0,candidate_2,candidate_1,5,0.028000000000000004
184,candidate_4,candidate_3,candidate_5,candidate_2,candidate_1,5,0.028000000000000004
185,candidate_4,candidate_3,candidate_5,candidate_2,candidate_1,5,0.028000000000000004
186,candidate_4,candidate_3,candidate_5,candidate_2,candidate_1,5,0.028000000000000004
187,candidate_4,candidate_3,candidate_5,candidate_2,candidate_1,5,0.028000000000000004
188,candidate_4,candidate_3,candidate_5,candidate_2,candidate_1,5,0.028000000000000004
189,candidate_4,candidate_3,candidate_5,candidate_2,candidate_1,5,0.028000000000000004
190,candidate_4,candidate_3,candidate_5,candidate_2,candidate_1,5,0.028000000000000004
191,candidate_4,candidate_3,candidate_5,candidate_2,candidate_1,5,0.028000000000000004
192,candidate_4,candidate_3,candidate_5,candidate_2,candidate_1,5,0.028000000000000004
193,candidate_4,candidate_3,candidate_5,candidate_2,candidate_1,5,0.028000000000000004
194,candidate_4,candidate_3,candidate_5,candidate_2,candidate_1,5,0.028000000000000004
195,candidate_4,candidate_3,candidate_5,candidate_2,candidate_1,5,0.028000000000000004
196,candidate_4,candidate_3,candidate_5,candidate_2,candidate_1,5,0.028000000000000004
197,candidate_4,candidate_3,candidate_5,candidate_2,candidate_1,5,0.028000000000000004
198,candidate_4,candidate_3,candidate_5,candidate_2,candidate_1,5,0.028000000000000004
199,candidate_4,candidate_3,candidate_5,candidate_2,0,5,0.028000000000000004
200,candidate_4,candidate_3,candidate_5,candidate_2,candidate_1,5,0.028000000000000004
201,candidate_4,candidate_3,candidate_5,candidate_2,candidate_1,5,0.028000000000000004
202,candidate_4,candidate_3,candidate_5,candidate_2,candidate_1,5,0.028000000000000004
203,candidate_4,candidate_3,candidate_5,candidate_2,candidate_1,5,0.028000000000000004
204,candidate_4,candidate_3,candidate_5,candidate_2,candidate_1,5,0.028000000000000004
205,candidate_4,candidate_3,candidate_5,candidate_2,candidate_1,5,0.028000000000000004
206,candidate_4,candidate_3,candidate_5,candidate_2,candidate_1,5,0.028000000000000004
207,candidate_4,candidate_3,candidate_5,candidate_2,candidate_1,5,0.028000000000000004
208,candidate_4,candidate_3,candidate_5,candidate_2,candidate_1,5,0.028000000000000004
209,candidate_4,candidate_3,candidate_5,candidate_2,candidate_1,5,0.028000000000000004
210,candidate_4,candidate_3,candidate_5,candidate_2,candidate_1,5,0.028000000000000004
211,candidate_4,candidate_3,candidate_5,candidate_2,candidate_1,5,0.028000000000000004
212,candidate_4,candidate_3,candidate_5,candidate_2,candidate_1,5,0.028000000000000004
213,candidate_4,candidate_3,candidate_5,candidate_2,candidate_1,5,0.028000000000000004
214,candidate_4,candidate_3,candidate_5,candidate_2,candidate_1,5,0.028000000000000004
215,candidate_4,candidate_3,candidate_5,candidate_2,candidate_1,5,0.028000000000000004
216,0,candidate_3,candidate_5,candidate_2,candidate_1,5,0.028000000000000004
217,0,candidate_3,candidate_5,candidate_2,candidate_1,5,0.028000000000000004
218,candidate_4,candidate_3,candidate_5,candidate_2,candidate_1,5,0.028000000000000004
219,candidate_4,candidate_3,candidate_5,candidate_2,candidate_1,5,0.028000000000000004
220,candidate_4,candidate_3,candidate_5,candidate_2,candidate_1,5,0.028000000000000004
221,candidate_4,candidate_3,candidate_5,candidate_2,candidate_1,5,0.028000000000000004
222,candidate_4,candidate_3,candidate_5,candidate_2,candidate_1,5,0.028000000000000004
223,candidate_4,candidate_3,candidate_5,candidate_2,candidate_1,5,0.028000000000000004
224,candidate_4,candidate_3,candidate_5,candidate_2,candidate_1,5,0.028000000000000004
225,candidate_4,candidate_3,candidate_5,candidate_2,candidate_1,5,0.028000000000000004
226,candidate_4,candidate_3,candidate_5,candidate_2,candidate_1,5,0.028000000000000004
227,candidate_4,candidate_3,candidate_5,candidate_2,candidate_1,5,0.028000000000000004
228,candidate_4,candidate_3,candidate_5,candidate_2,candidate_1,5,0.028000000000000004
229,candidate_4,candidate_3,candidate_5,candidate_2,candidate_1,5,0.028000000000000004
230,candidate_4,candidate_3,candidate_5,candidate_2,candidate_1,5,0.028000000000000004
231,candidate_4,candidate_3,candidate_5,candidate_2,candidate_1,5,0.028000000000000004
232,candidate_4,candidate_3,candidate_5,candidate_2,candidate_1,5,0.028000000000000004
233,candidate_4,candidate_3,candidate_5,candidate_2,candidate_1,5,0.028000000000000004
234,candidate_4,candidate_3,candidate_5,candidate_2,candidate_1,5,0.028000000000000004
235,candidate_4,candidate_3,candidate_5,candidate_2,candidate_1,5,0.028000000000000004
236,candidate_4,candidate_3,candidate_5,candidate_2,0,5,0.028000000000000004
237,candidate_4,candidate_3,candidate_5,0,candidate_1,5,0.028000000000000004
238,candidate_4,candidate_3,candidate_5,candidate_2,candidate_1,5,0.028000000000000004
239,candidate_4,candidate_3,candidate_5,candidate_2,candidate_1,5,0.028000000000000004
240,candidate_4,candidate_3,candidate_5,candidate_2,candidate_1,5,0.028000000000000004
241,candidate_4,candidate_3,candidate_5,candidate_2,candidate_1,5,0.028000000000000004
242,candidate_4,candidate_3,candidate_5,candidate_2,candidate_1,5,0.028000000000000004
243,candidate_4,candidate_3,candidate_5,candidate_2,candidate_1,5,0.028000000000000004
244,candidate_4,candidate_3,candidate_5,candidate_2,candidate_1,5,0.028000000000000004
245,candidate_4,candidate_3,candidate_5,candidate_2,candidate_1,5,0.028000000000000004
246,candidate_4,candidate_3,candidate_5,candidate_2,candidate_1,5,0.028000000000000004
247,candidate_4,candidate_3,candidate_5,candidate_2,candidate_1,5,0.028000000000000004
248,candidate_4,candidate_3,candidate_5,candidate_2,candidate_1,5,0.028000000000000004
249,candidate_4,candidate_3,candidate_5,candidate_2,candidate_1,5,0.028000000000000004
250,candidate_4,candidate_3,candidate_5,candidate_2,candidate_1,5,0.028000000000000004
251,candidate_4,candidate_3,candidate_5,candidate_2,0,5,0.028000000000000004
252,candidate_4,candidate_3,candidate_5,candidate_2,candidate_1,5,0.028000000000000004
253,candidate_4,candidate_3,candidate_5,candidate_2,candidate_1,5,0.028000000000000004
254,candidate_4,candidate_3,candidate_5,candidate_2,candidate_1,5,0.028000000000000004
255,candidate_4,candidate_3,candidate_5,candidate_2,candidate_1,5,0.028000000000000004
256,candidate_4,candidate_3,candidate_5,candidate_2,candidate_1,5,0.028000000000000004
257,candidate_4,candidate_3,candidate_5,candidate_2,candidate_1,5,0.028000000000000004
258,candidate_4,candidate_3,candidate_5,candidate_2,candidate_1,5,0.028000000000000004
259,candidate_4,candidate_3,candidate_5,candidate_2,candidate_1,5,0.028000000000000004
260,candidate_4,candidate_3,candidate_5,candidate_2,candidate_1,5,0.028000000000000004
261,candidate_4,candidate_3,candidate_5,candidate_2,candidate_1,5,0.028000000000000004
262,candidate_4,candidate_3,candidate_5,candidate_2,candidate_1,5,0.028000000000000004
263,candidate_4,candidate_3,candidate_5,candidate_2,0,5,0.028000000000000004
264,candidate_4,candidate_3,candidate_5,candidate_2,candidate_1,5,0.028000000000000004
265,candidate_4,candidate_3,candidate_5,candidate_2,candidate_1,5,0.028000000000000004
266,candidate_4,candidate_3,candidate_5,candidate_2,candidate_1,5,0.028000000000000004
267,candidate_4,candidate_3,candidate_5,candidate_2,candidate_1,5,0.028000000000000004
268,candidate_4,candidate_3,candidate_5,candidate_2,candidate_1,5,0.028000000000000004
269,candidate_4,candidate_3,candidate_5,candidate_2,candidate_1,5,0.028000000000000004
270,candidate_4,candidate_3,candidate_5,candidate_2,candidate_1,5,0.028000000000000004
271,candidate_4,candidate_3,candidate_5,candidate_2,candidate_1,5,0.028000000000000004
272,candidate_4,0,candidate_5,candidate_2,candidate_1,5,0.028000000000000004
273,candidate_4,candidate_3,candidate_5,candidate_2,candidate_1,5,0.028000000000000004
274,candidate_4,candidate_3,candidate_5,candidate_2,candidate_1,5,0.028000000000000004
275,candidate_4,candidate_3,candidate_5,candidate_2,candidate_1,5,0.028000000000000004
276,candidate_4,candidate_3,candidate_5,candidate_2,candidate_1,5,0.028000000000000004
277,candidate_4,candidate_3,candidate_5,candidate_2,candidate_1,5,0.028000000000000004
278,candidate_4,candidate_3,candidate_5,candidate_2,candidate_1,5,0.028000000000000004
279,candidate_4,candidate_3,candidate_5,candidate_2,candidate_1,5,0.028000000000000004
280,candidate_4,candidate_3,candidate_5,candidate_2,candidate_1,5,0.028000000000000004
281,candidate_4,candidate_3,candidate_5,candidate_2,candidate_1,5,0.028000000000000004
282,candidate_4,candidate_3,candidate_5,candidate_2,candidate_1,5,0.028000000000000004
283,candidate_4,candidate_3,candidate_5,candidate_2,candidate_1,5,0.028000000000000004
284,candidate_4,candidate_3,candidate_5,candidate_2,candidate_1,5,0.028000000000000004
285,candidate_4,candidate_3,candidate_5,0,candidate_1,5,0.028000000000000004
286,candidate_4,candidate_3,candidate_5,candidate_2,candidate_1,5,0.028000000000000004
287,candidate_4,candidate_3,candidate_5,candidate_2,candidate_1,5,0.028000000000000004
288,candidate_4,candidate_3,candidate_5,candidate_2,candidate_1,5,0.028000000000000004
289,candidate_4,candidate_3,candidate_5,candidate_2,candidate_1,5,0.028000000000000004
290,candidate_4,candidate_3,candidate_5,candidate_2,candidate_1,5,0.028000000000000004
291,candidate_4,candidate_3,candidate_5,candidate_2,candidate_1,5,0.028000000000000004
292,candidate_4,candidate_3,candidate_5,candidate_2,candidate_1,5,0.028000000000000004
293,candidate_4,candidate_3,candidate_5,0,candidate_1,5,0.028000000000000004
294,candidate_4,candidate_3,candidate_5,candidate_2,candidate_1,5,0.028000000000000004
295,candidate_4,candidate_3,candidate_5,candidate_2,candidate_1,5,0.028000000000000004
296,candidate_4,candidate_3,candidate_5,candidate_2,candidate_1,5,0.028000000000000004
297,candidate_4,candidate_3,candidate_5,candidate_2,candidate_1,5,0.028000000000000004
298,candidate_4,candidate_3,candidate_5,candidate_2,candidate_1,5,0.028000000000000004
299,candidate_4,candidate_3,candidate_5,candidate_2,candidate_1,5,0.028000000000000004
300,candidate_4,candidate_3,candidate_5,candidate_2,candidate_1,5,0.028000000000000004
301,candidate_4,candidate_3,candidate_5,candidate_2,candidate_1,5,0.028000000000000004
302,candidate_4,candidate_3,candidate_5,candidate_2,candidate_1,5,0.028000000000000004
303,candidate_4,candidate_3,candidate_5,candidate_2,candidate_1,5,0.028000000000000004
304,candidate_4,candidate_3,candidate_5,candidate_2,candidate_1,5,0.028000000000000004
305,candidate_4,candidate_3,candidate_5,candidate_2,candidate_1,5,0.028000000000000004
306,candidate_4,candidate_3,candidate_5,candidate_2,candidate_1,5,0.028000000000000004
307,candidate_4,candidate_3,candidate_5,candidate_2,candidate_1,5,0.028000000000000004
308,0,candidate_3,candidate_5,candidate_2,candidate_1,5,0.028000000000000004
309,candidate_4,candidate_3,candidate_5,candidate_2,candidate_1,5,0.028000000000000004
310,candidate_4,candidate_3,candidate_5,candidate_2,candidate_1,5,0.028000000000000004
311,candidate_4,candidate_3,candidate_5,candidate_2,candidate_1,5,0.028000000000000004
312,candidate_4,candidate_3,candidate_5,candidate_2,candidate_1,5,0.028000000000000004
313,candidate_4,candidate_3,candidate_5,0,candidate_1,5,0.028000000000000004
314,candidate_4,candidate_3,candidate_5,candidate_2,candidate_1,5,0.028000000000000004
315,candidate_4,candidate_3,candidate_5,candidate_2,candidate_1,5,0.028000000000000004
316,candidate_4,candidate_3,candidate_5,candidate_2,candidate_1,5,0.028000000000000004
317,candidate_4,candidate_3,candidate_5,candidate_2,candidate_1,5,0.028000000000000004
318,candidate_4,candidate_3,candidate_5,candidate_2,candidate_1,5,0.028000000000000004
319,candidate_4,candidate_3,candidate_5,candidate_2,candidate_1,5,0.028000000000000004
320,candidate_4,candidate_3,candidate_5,candidate_2,candidate_1,5,0.028000000000000004
321,candidate_4,candidate_3,candidate_5,candidate_2,candidate_1,5,0.028000000000000004
322,candidate_4,candidate_3,candidate_5,candidate_2,candidate_1,5,0.028000000000000004
323,candidate_4,candidate_3,candidate_5,candidate_2,candidate_1,5,0.028000000000000004
324,candidate_4,candidate_3,candidate_5,candidate_2,candidate_1,5,0.028000000000000004
325,candidate_4,candidate_3,candidate_5,candidate_2,candidate_1,5,0.028000000000000004
326,candidate_4,candidate_3,candidate_5,candidate_2,candidate_1,5,0.028000000000000004
327,candidate_4,candidate_3,candidate_5,candidate_2,candidate_1,5,0.028000000000000004
328,candidate_4,candidate_3,candidate_5,candidate_2,candidate_1,5,0.028000000000000004
329,candidate_4,candidate_3,candidate_5,candidate_2,candidate_1,5,0.028000000000000004
330,candidate_4,candidate_3,candidate_5,candidate_2,candidate_1,5,0.028000000000000004
331,candidate_4,candidate_3,candidate_5,candidate_2,candidate_1,5,0.028000000000000004
332,candidate_4,candidate_3,candidate_5,candidate_2,candidate_1,5,0.028000000000000004
333,candidate_4,candidate_3,candidate_5,candidate_2,candidate_1,5,0.028000000000000004
334,candidate_4,candidate_3,candidate_5,candidate_2,candidate_1,5,0.028000000000000004
335,candidate_4,candidate_3,candidate_5,candidate_2,candidate_1,5,0.028000000000000004
336,candidate_4,candidate_3,candidate_5,0,candidate_1,5,0.028000000000000004
337,candidate_4,0,candidate_5,candidate_2,candidate_1,5,0.028000000000000004
338,candidate_4,candidate_3,candidate_5,candidate_2,candidate_1,5,0.028000000000000004
339,candidate_4,candidate_3,candidate_5,candidate_2,candidate_1,5,0.028000000000000004
340,candidate_4,candidate_3,candidate_5,candidate_2,candidate_1,5,0.028000000000000004
341,candidate_4,candidate_3,candidate_5,candidate_2,candidate_1,5,0.028000000000000004
342,candidate_4,candidate_3,candidate_5,candidate_2,candidate_1,5,0.028000000000000004
343,candidate_4,candidate_3,candidate_5,candidate_2,candidate_1,5,0.028000000000000004
344,candidate_4,candidate_3,candidate_5,candidate_2,candidate_1,5,0.028000000000000004
345,candidate_4,candidate_3,candidate_5,candidate_2,candidate_1,5,0.028000000000000004
346,candidate_4,candidate_3,candidate_5,candidate_2,candidate_1,5,0.028000000000000004
347,candidate_4,candidate_3,candidate_5,candidate_2,candidate_1,5,0.028000000000000004
348,candidate_4,candidate_3,candidate_5,candidate_2,candidate_1,5,0.028000000000000004
349,candidate_4,candidate_3,candidate_5,candidate_2,candidate_1,5,0.028000000000000004
350,candidate_4,candidate_3,candidate_5,candidate_2,candidate_1,5,0.028000000000000004
351,candidate_4,candidate_3,candidate_5,candidate_2,candidate_1,5,0.028000000000000004
352,candidate_4,candidate_3,candidate_5,candidate_2,candidate_1,5,0.028000000000000004
353,candidate_4,candidate_3,candidate_5,candidate_2,candidate_1,5,0.028000000000000004
354,candidate_4,candidate_3,candidate_5,candidate_2,candidate_1,5,0.028000000000000004
355,candidate_4,candidate_3,candidate_5,candidate_2,candidate_1,5,0.028000000000000004
356,candidate_4,candidate_3,candidate_5,candidate_2,candidate_1,5,0.028000000000000004
357,candidate_4,candidate_3,candidate_5,candidate_2,candidate_1,5,0.028000000000000004
358,candidate_4,candidate_3,candidate_5,candidate_2,candidate_1,5,0.028000000000000004
359,candidate_4,candidate_3,candidate_5,0,candidate_1,5,0.028000000000000004
360,candidate_4,candidate_3,candidate_5,candidate_2,candidate_1,5,0.028000000000000004
361,candidate_4,candidate_3,candidate_5,candidate_2,candidate_1,5,0.028000000000000004
362,candidate_4,candidate_3,candidate_5,candidate_2,candidate_1,5,0.028000000000000004
363,candidate_4,candidate_3,candidate_5,candidate_2,candidate_1,5,0.028000000000000004
364,candidate_4,candidate_3,candidate_5,candidate_2,candidate_1,5,0.028000000000000004
365,candidate_4,candidate_3,candidate_5,candidate_2,candidate_1,5,0.028000000000000004
366,candidate_4,candidate_3,candidate_5,candidate_2,candidate_1,5,0.028000000000000004
367,candidate_4,candidate_3,candidate_5,candidate_2,candidate_1,5,0.028000000000000004
368,candidate_4,candidate_3,candidate_5,candidate_2,candidate_1,5,0.028000000000000004
369,candidate_4,candidate_3,candidate_5,candidate_2,candidate_1,5,0.028000000000000004
370,candidate_4,candidate_3,candidate_5,candidate_2,candidate_1,5,0.028000000000000004
371,candidate_4,candidate_3,candidate_5,candidate_2,candidate_1,5,0.028000000000000004
372,candidate_4,candidate_3,candidate_5,candidate_2,candidate_1,5,0.028000000000000004
373,candidate_4,candidate_3,candidate_5,candidate_2,candidate_1,5,0.028000000000000004
374,candidate_4,candidate_3,candidate_5,candidate_2,candidate_1,5,0.028000000000000004
375,candidate_4,candidate_3,candidate_5,candidate_2,candidate_1,5,0.028000000000000004
376,candidate_4,candidate_3,candidate_5,candidate_2,candidate_1,5,0.028000000000000004
377,candidate_4,candidate_3,candidate_5,candidate_2,candidate_1,5,0.028000000000000004
378,candidate_4,candidate_3,candidate_5,candidate_2,candidate_1,5,0.028000000000000004
379,candidate_4,candidate_3,candidate_5,0,candidate_1,5,0.028000000000000004
380,candidate_4,candidate_3,candidate_5,candidate_2,candidate_1,5,0.028000000000000004
381,candidate_4,candidate_3,candidate_5,candidate_2,candidate_1,5,0.028000000000000004
382,candidate_4,candidate_3,candidate_5,candidate_2,candidate_1,5,0.028000000000000004
383,candidate_4,candidate_3,candidate_5,candidate_2,candidate_1,5,0.028000000000000004
384,candidate_4,0,candidate_5,candidate_2,candidate_1,5,0.028000000000000004
385,candidate_4,candidate_3,candidate_5,candidate_2,candidate_1,5,0.028000000000000004
386,candidate_4,candidate_3,candidate_5,candidate_2,candidate_1,5,0.028000000000000004
387,candidate_4,candidate_3,candidate_5,candidate_2,candidate_1,5,0.028000000000000004
388,candidate_4,candidate_3,candidate_5,candidate_2,candidate_1,5,0.028000000000000004
389,candidate_4,candidate_3,candidate_5,candidate_2,candidate_1,5,0.028000000000000004
390,candidate_4,candidate_3,candidate_5,candidate_2,candidate_1,5,0.028000000000000004
391,candidate_4,candidate_3,candidate_5,candidate_2,candidate_1,5,0.028000000000000004
392,candidate_4,candidate_3,candidate_5,candidate_2,candidate_1,5,0.028000000000000004
393,candidate_4,candidate_3,candidate_5,candidate_2,candidate_1,5,0.028000000000000004
394,candidate_4,candidate_3,candidate_5,candidate_2,candidate_1,5,0.028000000000000004
395,candidate_4,candidate_3,candidate_5,candidate_2,candidate_1,5,0.028000000000000004
396,candidate_4,candidate_3,candidate_5,candidate_2,candidate_1,5,0.028000000000000004
397,candidate_4,0,candidate_5,candidate_2,candidate_1,5,0.028000000000000004
398,candidate_4,candidate_3,candidate_5,candidate_2,candidate_1,5,0.028000000000000004
399,candidate_4,candidate_3,candidate_5,candidate_2,candidate_1,5,0.028000000000000004
400,candidate_4,candidate_3,candidate_5,candidate_2,candidate_1,5,0.028000000000000004
401,candidate_4,candidate_3,candidate_5,candidate_2,candidate_1,5,0.028000000000000004
402,candidate_4,candidate_3,candidate_5,candidate_2,candidate_1,5,0.028000000000000004
403,candidate_4,candidate_3,candidate_5,candidate_2,candidate_1,5,0.028000000000000004
404,candidate_4,candidate_3,candidate_5,candidate_2,candidate_1,5,0.028000000000000004
405,candidate_4,candidate_3,candidate_5,candidate_2,candidate_1,5,0.028000000000000004
406,candidate_4,candidate_3,candidate_5,candidate_2,candidate_1,5,0.028000000000000004
407,candidate_4,candidate_3,candidate_5,candidate_2,candidate_1,5,0.028000000000000004
408,candidate_4,candidate_3,candidate_5,candidate_2,candidate_1,5,0.028000000000000004
409,candidate_4,candidate_3,candidate_5,candidate_2,0,5,0.028000000000000004
410,candidate_4,candidate_3,candidate_5,candidate_2,candidate_1,5,0.028000000000000004
411,candidate_4,candidate_3,candidate_5,candidate_2,candidate_1,5,0.028000000000000004
412,candidate_4,candidate_3,candidate_5,candidate_2,candidate_1,5,0.028000000000000004
413,candidate_4,candidate_3,candidate_5,candidate_2,candidate_1,5,0.028000000000000004
414,candidate_4,candidate_3,candidate_5,candidate_2,candidate_1,5,0.028000000000000004
415,candidate_4,candidate_3,candidate_5,candidate_2,candidate_1,5,0.028000000000000004
416,candidate_4,candidate_3,candidate_5,candidate_2,candidate_1,5,0.028000000000000004
417,candidate_4,candidate_3,candidate_5,candidate_2,0,5,0.028000000000000004
418,candidate_4,candidate_3,candidate_5,candidate_2,candidate_1,5,0.028000000000000004
419,0,candidate_3,candidate_5,candidate_2,candidate_1,5,0.028000000000000004
420,candidate_4,candidate_3,candidate_5,candidate_2,0,5,0.028000000000000004
421,candidate_4,candidate_3,candidate_5,candidate_2,candidate_1,5,0.028000000000000004
422,candidate_4,candidate_3,candidate_5,candidate_2,candidate_1,5,0.028000000000000004
423,candidate_4,candidate_3,candidate_5,candidate_2,candidate_1,5,0.028000000000000004
424,candidate_4,candidate_3,candidate_5,candidate_2,candidate_1,5,0.028000000000000004
425,candidate_4,candidate_3,candidate_5,candidate_2,candidate_1,5,0.028000000000000004
426,candidate_4,candidate_3,candidate_5,candidate_2,candidate_1,5,0.028000000000000004
427,candidate_4,candidate_3,candidate_5,0,candidate_1,5,0.028000000000000004
428,candidate_4,0,candidate_5,candidate_2,candidate_1,5,0.028000000000000004
429,candidate_4,candidate_3,candidate_5,candidate_2,candidate_1,5,0.028000000000000004
430,candidate_4,candidate_3,candidate_5,candidate_2,candidate_1,5,0.028000000000000004
431,candidate_4,candidate_3,candidate_5,candidate_2,candidate_1,5,0.028000000000000004
432,candidate_4,candidate_3,candidate_5,candidate_2,candidate_1,5,0.028000000000000004
433,candidate_4,candidate_3,candidate_5,candidate_2,candidate_1,5,0.028000000000000004
434,candidate_4,candidate_3,candidate_5,candidate_2,candidate_1,5,0.028000000000000004
435,candidate_4,candidate_3,candidate_5,candidate_2,candidate_1,5,0.028000000000000004
436,candidate_4,candidate_3,candidate_5,candidate_2,candidate_1,5,0.028000000000000004
437,candidate_4,candidate_3,candidate_5,candidate_2,candidate_1,5,0.028000000000000004
438,candidate_4,candidate_3,candidate_5,candidate_2,candidate_1,5,0.028000000000000004
439,candidate_4,candidate_3,candidate_5,candidate_2,candidate_1,5,0.028000000000000004
440,candidate_4,candidate_3,candidate_5,candidate_2,candidate_1,5,0.028000000000000004
441,candidate_4,candidate_3,candidate_5,candidate_2,candidate_1,5,0.028000000000000004
442,candidate_4,candidate_3,candidate_5,candidate_2,candidate_1,5,0.028000000000000004
443,candidate_4,candidate_3,candidate_5,candidate_2,candidate_1,5,0.028000000000000004
444,candidate_4,candidate_3,candidate_5,candidate_2,candidate_1,5,0.028000000000000004
445,candidate_4,candidate_3,candidate_5,candidate_2,candidate_1,5,0.028000000000000004
446,0,candidate_3,candidate_5,candidate_2,0,5,0.028000000000000004
447,candidate_4,candidate_3,candidate_5,candidate_2,candidate_1,5,0.028000000000000004
448,candidate_4,candidate_3,candidate_5,candidate_2,candidate_1,5,0.028000000000000004
449,0,0,candidate_5,candidate_2,candidate_1,5,0.028000000000000004
450,candidate_4,candidate_3,candidate_5,candidate_2,candidate_1,5,0.028000000000000004
451,candidate_4,candidate_3,candidate_5,candidate_2,candidate_1,5,0.028000000000000004
452,candidate_4,candidate_3,candidate_5,candidate_2,candidate_1,5,0.028000000000000004
453,candidate_4,candidate_3,candidate_5,candidate_2,candidate_1,5,0.028000000000000004
454,candidate_4,candidate_3,candidate_5,candidate_2,candidate_1,5,0.028000000000000004
455,candidate_4,candidate_3,candidate_5,candidate_2,candidate_1,5,0.028000000000000004
456,candidate_4,0,candidate_5,candidate_2,0,5,0.028000000000000004
457,candidate_4,candidate_3,candidate_5,candidate_2,candidate_1,5,0.028000000000000004
458,candidate_4,candidate_3,candidate_5,candidate_2,candidate_1,5,0.028000000000000004
459,candidate_4,candidate_3,candidate_5,candidate_2,candidate_1,5,0.028000000000000004
460,candidate_4,candidate_3,0,candidate_2,candidate_1,5,0.028000000000000004
461,candidate_4,candidate_3,candidate_5,candidate_2,candidate_1,5,0.028000000000000004
462,candidate_4,candidate_3,candidate_5,candidate_2,candidate_1,5,0.028000000000000004
463,candidate_4,candidate_3,candidate_5,candidate_2,candidate_1,5,0.028000000000000004
464,candidate_4,candidate_3,candidate_5,candidate_2,candidate_1,5,0.028000000000000004
465,candidate_4,candidate_3,candidate_5,candidate_2,candidate_1,5,0.028000000000000004
466,candidate_4,candidate_3,candidate_5,candidate_2,candidate_1,5,0.028000000000000004
467,candidate_4,candidate_3,candidate_5,candidate_2,candidate_1,5,0.028000000000000004
468,candidate_4,candidate_3,candidate_5,candidate_2,candidate_1,5,0.028000000000000004
469,candidate_4,candidate_3,candidate_5,candidate_2,candidate_1,5,0.028000000000000004
470,candidate_4,candidate_3,candidate_5,candidate_2,candidate_1,5,0.028000000000000004
471,candidate_4,candidate_3,candidate_5,candidate_2,candidate_1,5,0.028000000000000004
472,candidate_4,candidate_3,candidate_5,candidate_2,candidate_1,5,0.028000000000000004
473,candidate_4,candidate_3,candidate_5,candidate_2,candidate_1,5,0.028000000000000004
474,candidate_4,candidate_3,candidate_5,candidate_2,candidate_1,5,0.028000000000000004
475,candidate_4,candidate_3,candidate_5,candidate_2,0,5,0.028000000000000004
476,candidate_4,candidate_3,candidate_5,candidate_2,candidate_1,5,0.028000000000000004
477,candidate_4,candidate_3,candidate_5,candidate_2,candidate_1,5,0.028000000000000004
478,candidate_4,candidate_3,candidate_5,candidate_2,candidate_1,5,0.028000000000000004
479,candidate_4,candidate_3,candidate_5,candidate_2,0,5,0.028000000000000004
480,candidate_4,candidate_3,candidate_5,0,candidate_1,5,0.028000000000000004
481,candidate_4,candidate_3,candidate_5,candidate_2,candidate_1,5,0.028000000000000004
482,candidate_4,candidate_3,candidate_5,candidate_2,candidate_1,5,0.028000000000000004
483,candidate_4,candidate_3,candidate_5,candidate_2,candidate_1,5,0.028000000000000004
484,candidate_4,candidate_3,candidate_5,candidate_2,candidate_1,5,0.028000000000000004
485,candidate_4,candidate_3,candidate_5,candidate_2,candidate_1,5,0.028000000000000004
486,candidate_4,0,candidate_5,candidate_2,candidate_1,5,0.028000000000000004
487,candidate_4,candidate_3,candidate_5,candidate_2,candidate_1,5,0.028000000000000004
488,candidate_4,candidate_3,candidate_5,candidate_2,candidate_1,5,0.028000000000000004
489,candidate_4,candidate_3,candidate_5,candidate_2,candidate_1,5,0.028000000000000004
490,candidate_4,candidate_3,candidate_5,candidate_2,candidate_1,5,0.028000000000000004
491,candidate_4,candidate_3,candidate_5,candidate_2,candidate_1,5,0.028000000000000004
492,candidate_4,candidate_3,candidate_5,0,candidate_1,5,0.028000000000000004
493,candidate_4,candidate_3,candidate_5,candidate_2,candidate_1,5,0.028000000000000004
494,candidate_4,candidate_3,0,candidate_2,candidate_1,5,0.028000000000000004
495,candidate_4,candidate_3,candidate_5,candidate_2,candidate_1,5,0.028000000000000004
496,candidate_4,candidate_3,candidate_5,candidate_2,candidate_1,5,0.028000000000000004
497,candidate_4,candidate_3,candidate_5,0,candidate_1,5,0.028000000000000004
498,candidate_4,candidate_3,candidate_5,candidate_2,candidate_1,5,0.028000000000000004
499,candidate_4,candidate_3,candidate_5,candidate_2,candidate_1,5,0.028000000000000004
500,candidate_4,candidate_3,candidate_5,candidate_2,candidate_1,5,0.028000000000000004
501,candidate_4,candidate_3,candidate_5,candidate_2,candidate_1,5,0.028000000000000004
502,candidate_4,candidate_3,candidate_5,candidate_2,candidate_1,5,0.028000000000000004
503,candidate_4,0,candidate_5,candidate_2,candidate_1,5,0.028000000000000004
504,candidate_4,candidate_3,candidate_5,candidate_2,candidate_1,5,0.028000000000000004
505,candidate_4,candidate_3,candidate_5,candidate_2,candidate_1,5,0.028000000000000004
506,candidate_4,candidate_3,0,candidate_2,candidate_1,5,0.028000000000000004
507,candidate_4,candidate_3,candidate_5,candidate_2,candidate_1,5,0.028000000000000004
508,candidate_4,candidate_3,candidate_5,0,candidate_1,5,0.028000000000000004
509,candidate_4,candidate_3,candidate_5,candidate_2,candidate_1,5,0.028000000000000004
510,candidate_4,candidate_3,candidate_5,candidate_2,candidate_1,5,0.028000000000000004
511,candidate_4,candidate_3,candidate_5,candidate_2,candidate_1,5,0.028000000000000004
512,candidate_4,0,candidate_5,candidate_2,candidate_1,5,0.028000000000000004
513,candidate_4,candidate_3,candidate_5,candidate_2,candidate_1,5,0.028000000000000004
514,candidate_4,candidate_3,candidate_5,candidate_2,candidate_1,5,0.028000000000000004
515,0,candidate_3,candidate_5,candidate_2,0,5,0.028000000000000004
516,candidate_4,candidate_3,candidate_5,candidate_2,candidate_1,5,0.028000000000000004
517,candidate_4,0,candidate_5,candidate_2,candidate_1,5,0.028000000000000004
518,candidate_4,candidate_3,candidate_5,candidate_2,candidate_1,5,0.028000000000000004
519,candidate_4,candidate_3,candidate_5,candidate_2,0,5,0.028000000000000004
520,candidate_4,0,candidate_5,candidate_2,candidate_1,5,0.028000000000000004
521,candidate_4,candidate_3,candidate_5,candidate_2,candidate_1,5,0.028000000000000004
522,candidate_4,candidate_3,0,candidate_2,candidate_1,5,0.028000000000000004
523,candidate_4,candidate_3,candidate_5,candidate_2,candidate_1,5,0.028000000000000004
524,candidate_4,candidate_3,candidate_5,candidate_2,candidate_1,5,0.028000000000000004
525,candidate_4,candidate_3,candidate_5,candidate_2,candidate_1,5,0.028000000000000004
526,candidate_4,candidate_3,candidate_5,candidate_2,candidate_1,5,0.028000000000000004
527,candidate_4,candidate_3,candidate_5,candidate_2,candidate_1,5,0.028000000000000004
528,candidate_4,candidate_3,candidate_5,candidate_2,candidate_1,5,0.028000000000000004
529,candidate_4,candidate_3,candidate_5,candidate_2,candidate_1,5,0.028000000000000004
530,candidate_4,candidate_3,candidate_5,candidate_2,candidate_1,5,0.028000000000000004
531,candidate_4,candidate_3,candidate_5,candidate_2,candidate_1,5,0.028000000000000004
532,candidate_4,candidate_3,candidate_5,candidate_2,candidate_1,5,0.028000000000000004
533,candidate_4,candidate_3,candidate_5,candidate_2,candidate_1,5,0.028000000000000004
534,candidate_4,candidate_3,candidate_5,candidate_2,candidate_1,5,0.028000000000000004
0,candidate_4,candidate_5,candidate_1,candidate_2,candidate_3,5,0.028000000000000004
1,candidate_4,candidate_5,candidate_1,candidate_2,candidate_3,5,0.028000000000000004
2,candidate_4,candidate_5,candidate_1,candidate_2,candidate_3,5,0.028000000000000004
3,candidate_4,candidate_5,candidate_1,candidate_2,candidate_3,5,0.028000000000000004
4,candidate_4,candidate_5,candidate_1,candidate_2,candidate_3,5,0.028000000000000004
5,candidate_4,candidate_5,candidate_1,candidate_2,candidate_3,5,0.028000000000000004
6,candidate_4,candidate_5,candidate_1,candidate_2,candidate_3,5,0.028000000000000004
7,candidate_4,candidate_5,candidate_1,candidate_2,candidate_3,5,0.028000000000000004
8,candidate_4,candidate_5,candidate_1,candidate_2,candidate_3,5,0.028000000000000004
9,candidate_4,candidate_5,candidate_1,candidate_2,candidate_3,5,0.028000000000000004
10,candidate_4,candidate_5,candidate_1,candidate_2,candidate_3,5,0.028000000000000004
11,candidate_4,candidate_5,candidate_1,candidate_2,candidate_3,5,0.028000000000000004
12,candidate_4,0,candidate_1,candidate_2,candidate_3,5,0.028000000000000004
13,candidate_4,candidate_5,candidate_1,0,candidate_3,5,0.028000000000000004
14,candidate_4,candidate_5,candidate_1,candidate_2,candidate_3,5,0.028000000000000004
15,candidate_4,candidate_5,candidate_1,candidate_2,candidate_3,5,0.028000000000000004
16,candidate_4,candidate_5,candidate_1,candidate_2,candidate_3,5,0.028000000000000004
17,candidate_4,candidate_5,candidate_1,candidate_2,candidate_3,5,0.028000000000000004
18,candidate_4,candidate_5,candidate_1,candidate_2,candidate_3,5,0.028000000000000004
19,candidate_4,candidate_5,candidate_1,candidate_2,candidate_3,5,0.028000000000000004
20,candidate_4,candidate_5,candidate_1,candidate_2,candidate_3,5,0.028000000000000004
21,candidate_4,candidate_5,candidate_1,candidate_2,candidate_3,5,0.028000000000000004
22,candidate_4,candidate_5,candidate_1,candidate_2,candidate_3,5,0.028000000000000004
23,candidate_4,candidate_5,candidate_1,candidate_2,candidate_3,5,0.028000000000000004
24,candidate_4,candidate_5,candidate_1,candidate_2,candidate_3,5,0.028000000000000004
25,candidate_4,candidate_5,candidate_1,candidate_2,candidate_3,5,0.028000000000000004
26,candidate_4,candidate_5,candidate_1,candidate_2,candidate_3,5,0.028000000000000004
27,candidate_4,candidate_5,candidate_1,candidate_2,candidate_3,5,0.028000000000000004
28,candidate_4,candidate_5,candidate_1,candidate_2,candidate_3,5,0.028000000000000004
29,candidate_4,candidate_5,candidate_1,candidate_2,candidate_3,5,0.028000000000000004
30,candidate_4,candidate_5,candidate_1,candidate_2,candidate_3,5,0.028000000000000004
31,candidate_4,candidate_5,candidate_1,candidate_2,candidate_3,5,0.028000000000000004
32,candidate_4,candidate_5,candidate_1,candidate_2,candidate_3,5,0.028000000000000004
33,candidate_4,candidate_5,candidate_1,candidate_2,candidate_3,5,0.028000000000000004
34,candidate_4,candidate_5,candidate_1,candidate_2,candidate_3,5,0.028000000000000004
35,candidate_4,candidate_5,candidate_1,candidate_2,candidate_3,5,0.028000000000000004
36,candidate_4,candidate_5,candidate_1,candidate_2,candidate_3,5,0.028000000000000004
37,candidate_4,candidate_5,candidate_1,candidate_2,candidate_3,5,0.028000000000000004
38,candidate_4,candidate_5,candidate_1,candidate_2,candidate_3,5,0.028000000000000004
39,0,candidate_5,candidate_1,candidate_2,candidate_3,5,0.028000000000000004
40,candidate_4,candidate_5,candidate_1,candidate_2,candidate_3,5,0.028000000000000004
41,candidate_4,candidate_5,candidate_1,candidate_2,candidate_3,5,0.028000000000000004
42,candidate_4,candidate_5,candidate_1,candidate_2,candidate_3,5,0.028000000000000004
43,0,candidate_5,candidate_1,candidate_2,candidate_3,5,0.028000000000000004
44,candidate_4,candidate_5,candidate_1,candidate_2,candidate_3,5,0.028000000000000004
45,0,candidate_5,candidate_1,candidate_2,candidate_3,5,0.028000000000000004
46,candidate_4,candidate_5,0,candidate_2,0,5,0.028000000000000004
47,candidate_4,candidate_5,candidate_1,candidate_2,candidate_3,5,0.028000000000000004
48,candidate_4,candidate_5,candidate_1,candidate_2,candidate_3,5,0.028000000000000004
49,candidate_4,candidate_5,candidate_1,candidate_2,candidate_3,5,0.028000000000000004
50,candidate_4,candidate_5,candidate_1,candidate_2,candidate_3,5,0.028000000000000004
51,candidate_4,candidate_5,candidate_1,candidate_2,candidate_3,5,0.028000000000000004
52,candidate_4,candidate_5,candidate_1,candidate_2,candidate_3,5,0.028000000000000004
53,candidate_4,candidate_5,candidate_1,candidate_2,candidate_3,5,0.028000000000000004
54,candidate_4,candidate_5,candidate_1,candidate_2,candidate_3,5,0.028000000000000004
55,candidate_4,candidate_5,candidate_1,candidate_2,candidate_3,5,0.028000000000000004
56,candidate_4,candidate_5,candidate_1,candidate_2,candidate_3,5,0.028000000000000004
57,candidate_4,candidate_5,candidate_1,candidate_2,candidate_3,5,0.028000000000000004
58,candidate_4,candidate_5,candidate_1,candidate_2,candidate_3,5,0.028000000000000004
59,candidate_4,candidate_5,candidate_1,candidate_2,candidate_3,5,0.028000000000000004
60,candidate_4,candidate_5,candidate_1,candidate_2,candidate_3,5,0.028000000000000004
61,candidate_4,candidate_5,candidate_1,candidate_2,candidate_3,5,0.028000000000000004
62,candidate_4,candidate_5,candidate_1,candidate_2,candidate_3,5,0.028000000000000004
63,candidate_4,candidate_5,candidate_1,candidate_2,candidate_3,5,0.028000000000000004
64,candidate_4,candidate_5,candidate_1,candidate_2,candidate_3,5,0.028000000000000004
65,candidate_4,candidate_5,candidate_1,candidate_2,candidate_3,5,0.028000000000000004
66,candidate_4,0,candidate_1,candidate_2,candidate_3,5,0.028000000000000004
67,candidate_4,candidate_5,candidate_1,candidate_2,candidate_3,5,0.028000000000000004
68,candidate_4,candidate_5,candidate_1,candidate_2,candidate_3,5,0.028000000000000004
69,candidate_4,candidate_5,candidate_1,candidate_2,candidate_3,5,0.028000000000000004
70,candidate_4,candidate_5,candidate_1,candidate_2,candidate_3,5,0.028000000000000004
71,candidate_4,candidate_5,candidate_1,candidate_2,candidate_3,5,0.028000000000000004
72,candidate_4,candidate_5,candidate_1,candidate_2,candidate_3,5,0.028000000000000004
73,candidate_4,candidate_5,candidate_1,candidate_2,candidate_3,5,0.028000000000000004
74,candidate_4,candidate_5,candidate_1,0,candidate_3,5,0.028000000000000004
75,candidate_4,candidate_5,candidate_1,candidate_2,candidate_3,5,0.028000000000000004
76,candidate_4,candidate_5,candidate_1,candidate_2,candidate_3,5,0.028000000000000004
77,candidate_4,candidate_5,candidate_1,candidate_2,candidate_3,5,0.028000000000000004
78,candidate_4,candidate_5,candidate_1,candidate_2,candidate_3,5,0.028000000000000004
79,candidate_4,candidate_5,candidate_1,candidate_2,candidate_3,5,0.028000000000000004
80,candidate_4,candidate_5,candidate_1,candidate_2,candidate_3,5,0.028000000000000004
81,candidate_4,candidate_5,candidate_1,candidate_2,candidate_3,5,0.028000000000000004
82,candidate_4,candidate_5,candidate_1,candidate_2,candidate_3,5,0.028000000000000004
83,candidate_4,candidate_5,candidate_1,candidate_2,candidate_3,5,0.028000000000000004
84,candidate_4,candidate_5,candidate_1,candidate_2,candidate_3,5,0.028000000000000004
85,candidate_4,candidate_5,candidate_1,candidate_2,candidate_3,5,0.028000000000000004
86,candidate_4,candidate_5,candidate_1,candidate_2,candidate_3,5,0.028000000000000004
87,candidate_4,candidate_5,candidate_1,candidate_2,candidate_3,5,0.028000000000000004
88,candidate_4,candidate_5,candidate_1,candidate_2,0,5,0.028000000000000004
89,candidate_4,candidate_5,candidate_1,candidate_2,candidate_3,5,0.028000000000000004
90,candidate_4,candidate_5,candidate_1,candidate_2,candidate_3,5,0.028000000000000004
91,candidate_4,candidate_5,candidate_1,candidate_2,candidate_3,5,0.028000000000000004
92,candidate_4,candidate_5,candidate_1,candidate_2,candidate_3,5,0.028000000000000004
93,candidate_4,candidate_5,candidate_1,candidate_2,candidate_3,5,0.028000000000000004
94,candidate_4,candidate_5,candidate_1,candidate_2,candidate_3,5,0.028000000000000004
95,candidate_4,candidate_5,candidate_1,candidate_2,candidate_3,5,0.028000000000000004
96,candidate_4,candidate_5,candidate_1,candidate_2,candidate_3,5,0.028000000000000004
97,candidate_4,candidate_5,candidate_1,candidate_2,candidate_3,5,0.028000000000000004
98,candidate_4,candidate_5,candidate_1,candidate_2,candidate_3,5,0.028000000000000004
99,candidate_4,candidate_5,candidate_1,candidate_2,candidate_3,5,0.028000000000000004
100,candidate_4,candidate_5,candidate_1,candidate_2,candidate_3,5,0.028000000000000004
101,candidate_4,candidate_5,candidate_1,candidate_2,candidate_3,5,0.028000000000000004
102,candidate_4,candidate_5,candidate_1,candidate_2,candidate_3,5,0.028000000000000004
103,candidate_4,candidate_5,candidate_1,candidate_2,candidate_3,5,0.028000000000000004
104,candidate_4,candidate_5,candidate_1,candidate_2,candidate_3,5,0.028000000000000004
105,candidate_4,candidate_5,candidate_1,candidate_2,candidate_3,5,0.028000000000000004
106,candidate_4,0,candidate_1,candidate_2,candidate_3,5,0.028000000000000004
107,candidate_4,candidate_5,candidate_1,candidate_2,candidate_3,5,0.028000000000000004
108,candidate_4,candidate_5,candidate_1,candidate_2,candidate_3,5,0.028000000000000004
109,candidate_4,candidate_5,candidate_1,candidate_2,candidate_3,5,0.028000000000000004
110,candidate_4,candidate_5,candidate_1,candidate_2,candidate_3,5,0.028000000000000004
111,candidate_4,candidate_5,candidate_1,candidate_2,candidate_3,5,0.028000000000000004
112,candidate_4,candidate_5,candidate_1,candidate_2,candidate_3,5,0.028000000000000004
113,candidate_4,candidate_5,candidate_1,candidate_2,candidate_3,5,0.028000000000000004
114,candidate_4,candidate_5,candidate_1,candidate_2,candidate_3,5,0.028000000000000004
115,0,candidate_5,candidate_1,candidate_2,candidate_3,5,0.028000000000000004
116,candidate_4,candidate_5,candidate_1,candidate_2,candidate_3,5,0.028000000000000004
117,candidate_4,candidate_5,candidate_1,candidate_2,candidate_3,5,0.028000000000000004
118,candidate_4,candidate_5,candidate_1,candidate_2,candidate_3,5,0.028000000000000004
119,candidate_4,candidate_5,candidate_1,candidate_2,candidate_3,5,0.028000000000000004
120,candidate_4,candidate_5,candidate_1,candidate_2,candidate_3,5,0.028000000000000004
121,candidate_4,candidate_5,candidate_1,candidate_2,candidate_3,5,0.028000000000000004
122,candidate_4,candidate_5,candidate_1,candidate_2,candidate_3,5,0.028000000000000004
123,candidate_4,candidate_5,candidate_1,candidate_2,candidate_3,5,0.028000000000000004
124,candidate_4,candidate_5,candidate_1,candidate_2,candidate_3,5,0.028000000000000004
125,candidate_4,candidate_5,candidate_1,candidate_2,candidate_3,5,0.028000000000000004
126,candidate_4,candidate_5,candidate_1,candidate_2,candidate_3,5,0.028000000000000004
127,candidate_4,candidate_5,candidate_1,candidate_2,candidate_3,5,0.028000000000000004
128,candidate_4,candidate_5,candidate_1,candidate_2,candidate_3,5,0.028000000000000004
129,candidate_4,candidate_5,candidate_1,candidate_2,candidate_3,5,0.028000000000000004
130,candidate_4,candidate_5,candidate_1,candidate_2,candidate_3,5,0.028000000000000004
131,candidate_4,candidate_5,candidate_1,candidate_2,candidate_3,5,0.028000000000000004
132,candidate_4,candidate_5,candidate_1,candidate_2,candidate_3,5,0.028000000000000004
133,candidate_4,candidate_5,candidate_1,candidate_2,candidate_3,5,0.028000000000000004
134,candidate_4,candidate_5,candidate_1,candidate_2,candidate_3,5,0.028000000000000004
135,candidate_4,candidate_5,candidate_1,candidate_2,candidate_3,5,0.028000000000000004
136,candidate_4,candidate_5,candidate_1,candidate_2,0,5,0.028000000000000004
137,candidate_4,candidate_5,candidate_1,candidate_2,candidate_3,5,0.028000000000000004
138,candidate_4,candidate_5,candidate_1,candidate_2,candidate_3,5,0.028000000000000004
139,candidate_4,candidate_5,candidate_1,0,candidate_3,5,0.028000000000000004
140,candidate_4,candidate_5,candidate_1,candidate_2,candidate_3,5,0.028000000000000004
141,candidate_4,candidate_5,0,candidate_2,candidate_3,5,0.028000000000000004
142,candidate_4,candidate_5,candidate_1,candidate_2,candidate_3,5,0.028000000000000004
143,candidate_4,candidate_5,candidate_1,candidate_2,candidate_3,5,0.028000000000000004
144,candidate_4,candidate_5,0,candidate_2,candidate_3,5,0.028000000000000004
145,candidate_4,candidate_5,candidate_1,candidate_2,candidate_3,5,0.028000000000000004
146,candidate_4,candidate_5,candidate_1,candidate_2,candidate_3,5,0.028000000000000004
147,candidate_4,candidate_5,candidate_1,candidate_2,candidate_3,5,0.028000000000000004
148,candidate_4,candidate_5,candidate_1,candidate_2,candidate_3,5,0.028000000000000004
149,candidate_4,candidate_5,candidate_1,candidate_2,candidate_3,5,0.028000000000000004
150,candidate_4,candidate_5,candidate_1,candidate_2,candidate_3,5,0.028000000000000004
151,candidate_4,candidate_5,candidate_1,candidate_2,candidate_3,5,0.028000000000000004
152,candidate_4,candidate_5,candidate_1,candidate_2,candidate_3,5,0.028000000000000004
153,candidate_4,candidate_5,candidate_1,candidate_2,candidate_3,5,0.028000000000000004
154,candidate_4,candidate_5,candidate_1,candidate_2,candidate_3,5,0.028000000000000004
155,candidate_4,candidate_5,candidate_1,candidate_2,candidate_3,5,0.028000000000000004
156,candidate_4,candidate_5,candidate_1,candidate_2,candidate_3,5,0.028000000000000004
157,0,0,candidate_1,candidate_2,candidate_3,5,0.028000000000000004
158,candidate_4,candidate_5,candidate_1,candidate_2,candidate_3,5,0.028000000000000004
159,candidate_4,candidate_5,candidate_1,candidate_2,candidate_3,5,0.028000000000000004
160,candidate_4,candidate_5,candidate_1,0,candidate_3,5,0.028000000000000004
161,candidate_4,candidate_5,candidate_1,candidate_2,candidate_3,5,0.028000000000000004
162,candidate_4,candidate_5,0,candidate_2,candidate_3,5,0.028000000000000004
163,candidate_4,candidate_5,candidate_1,candidate_2,candidate_3,5,0.028000000000000004
164,candidate_4,candidate_5,candidate_1,candidate_2,candidate_3,5,0.028000000000000004
165,candidate_4,candidate_5,candidate_1,candidate_2,candidate_3,5,0.028000000000000004
0,candidate_4,candidate_5,candidate_1,candidate_3,candidate_2,5,0.028000000000000004
1,candidate_4,candidate_5,candidate_1,candidate_3,candidate_2,5,0.028000000000000004
2,candidate_4,candidate_5,candidate_1,candidate_3,candidate_2,5,0.028000000000000004
3,candidate_4,candidate_5,candidate_1,candidate_3,candidate_2,5,0.028000000000000004
4,0,candidate_5,candidate_1,candidate_3,candidate_2,5,0.028000000000000004
5,candidate_4,candidate_5,candidate_1,0,candidate_2,5,0.028000000000000004
6,candidate_4,candidate_5,candidate_1,candidate_3,candidate_2,5,0.028000000000000004
7,candidate_4,candidate_5,candidate_1,candidate_3,0,5,0.028000000000000004
8,candidate_4,candidate_5,candidate_1,candidate_3,candidate_2,5,0.028000000000000004
9,candidate_4,candidate_5,candidate_1,0,candidate_2,5,0.028000000000000004
10,candidate_4,candidate_5,candidate_1,candidate_3,candidate_2,5,0.028000000000000004
11,candidate_4,candidate_5,candidate_1,candidate_3,candidate_2,5,0.028000000000000004
12,candidate_4,candidate_5,candidate_1,candidate_3,candidate_2,5,0.028000000000000004
13,candidate_4,candidate_5,candidate_1,0,candidate_2,5,0.028000000000000004
14,candidate_4,candidate_5,candidate_1,candidate_3,candidate_2,5,0.028000000000000004
15,candidate_4,candidate_5,candidate_1,candidate_3,candidate_2,5,0.028000000000000004
16,candidate_4,candidate_5,candidate_1,candidate_3,candidate_2,5,0.028000000000000004
17,candidate_4,candidate_5,candidate_1,candidate_3,candidate_2,5,0.028000000000000004
18,candidate_4,candidate_5,candidate_1,candidate_3,candidate_2,5,0.028000000000000004
19,candidate_4,candidate_5,candidate_1,candidate_3,candidate_2,5,0.028000000000000004
20,candidate_4,candidate_5,candidate_1,candidate_3,candidate_2,5,0.028000000000000004
21,candidate_4,candidate_5,candidate_1,candidate_3,candidate_2,5,0.028000000000000004
22,candidate_4,candidate_5,candidate_1,candidate_3,candidate_2,5,0.028000000000000004
23,candidate_4,candidate_5,candidate_1,candidate_3,candidate_2,5,0.028000000000000004
24,candidate_4,candidate_5,candidate_1,candidate_3,0,5,0.028000000000000004
25,candidate_4,candidate_5,candidate_1,candidate_3,candidate_2,5,0.028000000000000004
26,candidate_4,candidate_5,candidate_1,candidate_3,candidate_2,5,0.028000000000000004
27,candidate_4,candidate_5,candidate_1,candidate_3,candidate_2,5,0.028000000000000004
28,candidate_4,candidate_5,candidate_1,candidate_3,candidate_2,5,0.028000000000000004
29,candidate_4,candidate_5,candidate_1,candidate_3,candidate_2,5,0.028000000000000004
30,0,candidate_5,candidate_1,candidate_3,candidate_2,5,0.028000000000000004
31,candidate_4,candidate_5,candidate_1,candidate_3,candidate_2,5,0.028000000000000004
32,candidate_4,candidate_5,candidate_1,candidate_3,candidate_2,5,0.028000000000000004
33,candidate_4,candidate_5,candidate_1,candidate_3,candidate_2,5,0.028000000000000004
34,candidate_4,candidate_5,candidate_1,candidate_3,candidate_2,5,0.028000000000000004
35,candidate_4,candidate_5,candidate_1,candidate_3,candidate_2,5,0.028000000000000004
36,candidate_4,candidate_5,candidate_1,candidate_3,candidate_2,5,0.028000000000000004
37,candidate_4,candidate_5,candidate_1,candidate_3,candidate_2,5,0.028000000000000004
38,candidate_4,candidate_5,candidate_1,candidate_3,candidate_2,5,0.028000000000000004
39,candidate_4,candidate_5,candidate_1,candidate_3,candidate_2,5,0.028000000000000004
40,candidate_4,candidate_5,candidate_1,candidate_3,candidate_2,5,0.028000000000000004
41,candidate_4,candidate_5,candidate_1,candidate_3,candidate_2,5,0.028000000000000004
42,candidate_4,candidate_5,candidate_1,candidate_3,candidate_2,5,0.028000000000000004
43,candidate_4,candidate_5,candidate_1,candidate_3,candidate_2,5,0.028000000000000004
44,candidate_4,candidate_5,candidate_1,candidate_3,candidate_2,5,0.028000000000000004
45,candidate_4,candidate_5,candidate_1,candidate_3,candidate_2,5,0.028000000000000004
46,candidate_4,candidate_5,candidate_1,candidate_3,candidate_2,5,0.028000000000000004
47,candidate_4,candidate_5,candidate_1,candidate_3,candidate_2,5,0.028000000000000004
48,candidate_4,candidate_5,candidate_1,candidate_3,candidate_2,5,0.028000000000000004
49,candidate_4,candidate_5,candidate_1,candidate_3,candidate_2,5,0.028000000000000004
50,candidate_4,candidate_5,candidate_1,candidate_3,candidate_2,5,0.028000000000000004
51,candidate_4,candidate_5,candidate_1,candidate_3,candidate_2,5,0.028000000000000004
52,candidate_4,candidate_5,candidate_1,candidate_3,candidate_2,5,0.028000000000000004
53,candidate_4,candidate_5,candidate_1,candidate_3,candidate_2,5,0.028000000000000004
54,candidate_4,candidate_5,candidate_1,candidate_3,candidate_2,5,0.028000000000000004
55,candidate_4,candidate_5,candidate_1,candidate_3,candidate_2,5,0.028000000000000004
56,candidate_4,candidate_5,candidate_1,candidate_3,candidate_2,5,0.028000000000000004
57,candidate_4,candidate_5,candidate_1,0,candidate_2,5,0.028000000000000004
58,candidate_4,candidate_5,candidate_1,candidate_3,candidate_2,5,0.028000000000000004
59,candidate_4,candidate_5,candidate_1,0,candidate_2,5,0.028000000000000004
60,candidate_4,candidate_5,candidate_1,candidate_3,candidate_2,5,0.028000000000000004
61,candidate_4,candidate_5,candidate_1,candidate_3,candidate_2,5,0.028000000000000004
62,candidate_4,candidate_5,candidate_1,candidate_3,candidate_2,5,0.028000000000000004
63,candidate_4,candidate_5,candidate_1,candidate_3,candidate_2,5,0.028000000000000004
64,candidate_4,candidate_5,candidate_1,candidate_3,candidate_2,5,0.028000000000000004
65,candidate_4,candidate_5,candidate_1,candidate_3,candidate_2,5,0.028000000000000004
66,candidate_4,candidate_5,candidate_1,candidate_3,candidate_2,5,0.028000000000000004
67,candidate_4,candidate_5,candidate_1,candidate_3,candidate_2,5,0.028000000000000004
68,candidate_4,candidate_5,candidate_1,candidate_3,candidate_2,5,0.028000000000000004
69,candidate_4,candidate_5,candidate_1,candidate_3,candidate_2,5,0.028000000000000004
70,candidate_4,candidate_5,candidate_1,candidate_3,candidate_2,5,0.028000000000000004
71,candidate_4,candidate_5,candidate_1,candidate_3,candidate_2,5,0.028000000000000004
72,candidate_4,candidate_5,candidate_1,candidate_3,0,5,0.028000000000000004
73,candidate_4,candidate_5,candidate_1,candidate_3,candidate_2,5,0.028000000000000004
74,candidate_4,candidate_5,candidate_1,candidate_3,candidate_2,5,0.028000000000000004
75,candidate_4,candidate_5,candidate_1,candidate_3,candidate_2,5,0.028000000000000004
76,candidate_4,candidate_5,candidate_1,candidate_3,candidate_2,5,0.028000000000000004
77,candidate_4,candidate_5,candidate_1,candidate_3,candidate_2,5,0.028000000000000004
78,candidate_4,candidate_5,candidate_1,candidate_3,candidate_2,5,0.028000000000000004
79,candidate_4,candidate_5,candidate_1,candidate_3,candidate_2,5,0.028000000000000004
80,candidate_4,candidate_5,0,candidate_3,candidate_2,5,0.028000000000000004
81,candidate_4,candidate_5,candidate_1,candidate_3,candidate_2,5,0.028000000000000004
82,candidate_4,candidate_5,candidate_1,candidate_3,candidate_2,5,0.028000000000000004
83,candidate_4,candidate_5,candidate_1,candidate_3,candidate_2,5,0.028000000000000004
84,candidate_4,candidate_5,candidate_1,candidate_3,candidate_2,5,0.028000000000000004
85,candidate_4,candidate_5,candidate_1,candidate_3,candidate_2,5,0.028000000000000004
86,candidate_4,candidate_5,candidate_1,candidate_3,candidate_2,5,0.028000000000000004
87,candidate_4,candidate_5,candidate_1,candidate_3,candidate_2,5,0.028000000000000004
88,candidate_4,candidate_5,candidate_1,candidate_3,candidate_2,5,0.028000000000000004
89,candidate_4,candidate_5,candidate_1,candidate_3,candidate_2,5,0.028000000000000004
90,candidate_4,candidate_5,candidate_1,candidate_3,candidate_2,5,0.028000000000000004
91,candidate_4,0,candidate_1,candidate_3,candidate_2,5,0.028000000000000004
92,candidate_4,candidate_5,candidate_1,candidate_3,candidate_2,5,0.028000000000000004
93,candidate_4,candidate_5,candidate_1,candidate_3,candidate_2,5,0.028000000000000004
94,candidate_4,candidate_5,candidate_1,candidate_3,candidate_2,5,0.028000000000000004
95,candidate_4,candidate_5,candidate_1,candidate_3,candidate_2,5,0.028000000000000004
96,candidate_4,candidate_5,candidate_1,candidate_3,candidate_2,5,0.028000000000000004
97,candidate_4,candidate_5,candidate_1,candidate_3,candidate_2,5,0.028000000000000004
98,candidate_4,candidate_5,candidate_1,candidate_3,candidate_2,5,0.028000000000000004
99,candidate_4,candidate_5,candidate_1,candidate_3,candidate_2,5,0.028000000000000004
100,candidate_4,candidate_5,candidate_1,candidate_3,candidate_2,5,0.028000000000000004
101,0,candidate_5,candidate_1,candidate_3,candidate_2,5,0.028000000000000004
102,candidate_4,candidate_5,candidate_1,candidate_3,candidate_2,5,0.028000000000000004
103,candidate_4,candidate_5,candidate_1,candidate_3,candidate_2,5,0.028000000000000004
104,candidate_4,candidate_5,candidate_1,candidate_3,candidate_2,5,0.028000000000000004
105,candidate_4,candidate_5,candidate_1,candidate_3,candidate_2,5,0.028000000000000004
106,candidate_4,candidate_5,candidate_1,candidate_3,candidate_2,5,0.028000000000000004
107,candidate_4,candidate_5,candidate_1,candidate_3,candidate_2,5,0.028000000000000004
108,candidate_4,candidate_5,candidate_1,candidate_3,candidate_2,5,0.028000000000000004
109,candidate_4,candidate_5,candidate_1,candidate_3,candidate_2,5,0.028000000000000004
110,candidate_4,candidate_5,candidate_1,candidate_3,candidate_2,5,0.028000000000000004
111,candidate_4,candidate_5,candidate_1,candidate_3,candidate_2,5,0.028000000000000004
112,candidate_4,candidate_5,candidate_1,candidate_3,candidate_2,5,0.028000000000000004
113,candidate_4,candidate_5,candidate_1,candidate_3,candidate_2,5,0.028000000000000004
114,candidate_4,candidate_5,candidate_1,candidate_3,candidate_2,5,0.028000000000000004
115,candidate_4,candidate_5,candidate_1,candidate_3,candidate_2,5,0.028000000000000004
116,candidate_4,candidate_5,candidate_1,candidate_3,candidate_2,5,0.028000000000000004
117,candidate_4,candidate_5,candidate_1,candidate_3,candidate_2,5,0.028000000000000004
118,candidate_4,candidate_5,candidate_1,candidate_3,candidate_2,5,0.028000000000000004
119,candidate_4,candidate_5,candidate_1,candidate_3,candidate_2,5,0.028000000000000004
120,candidate_4,candidate_5,candidate_1,candidate_3,candidate_2,5,0.028000000000000004
121,candidate_4,candidate_5,candidate_1,candidate_3,candidate_2,5,0.028000000000000004
122,candidate_4,candidate_5,candidate_1,candidate_3,candidate_2,5,0.028000000000000004
123,candidate_4,candidate_5,candidate_1,candidate_3,candidate_2,5,0.028000000000000004
124,candidate_4,candidate_5,0,candidate_3,candidate_2,5,0.028000000000000004
125,candidate_4,candidate_5,candidate_1,candidate_3,candidate_2,5,0.028000000000000004
126,candidate_4,candidate_5,candidate_1,candidate_3,candidate_2,5,0.028000000000000004
127,candidate_4,candidate_5,candidate_1,0,candidate_2,5,0.028000000000000004
128,candidate_4,candidate_5,0,candidate_3,candidate_2,5,0.028000000000000004
129,candidate_4,candidate_5,candidate_1,candidate_3,candidate_2,5,0.028000000000000004
130,candidate_4,candidate_5,candidate_1,candidate_3,0,5,0.028000000000000004
131,candidate_4,candidate_5,candidate_1,candidate_3,candidate_2,5,0.028000000000000004
132,candidate_4,candidate_5,candidate_1,candidate_3,0,5,0.028000000000000004
133,candidate_4,candidate_5,candidate_1,candidate_3,candidate_2,5,0.028000000000000004
134,candidate_4,candidate_5,candidate_1,candidate_3,candidate_2,5,0.028000000000000004
135,candidate_4,candidate_5,candidate_1,candidate_3,candidate_2,5,0.028000000000000004
136,candidate_4,candidate_5,candidate_1,candidate_3,candidate_2,5,0.028000000000000004
137,candidate_4,candidate_5,candidate_1,candidate_3,0,5,0.028000000000000004
138,candidate_4,candidate_5,candidate_1,candidate_3,candidate_2,5,0.028000000000000004
139,0,candidate_5,candidate_1,candidate_3,candidate_2,5,0.028000000000000004
140,candidate_4,candidate_5,candidate_1,candidate_3,candidate_2,5,0.028000000000000004
141,candidate_4,candidate_5,candidate_1,candidate_3,candidate_2,5,0.028000000000000004
142,candidate_4,candidate_5,candidate_1,candidate_3,candidate_2,5,0.028000000000000004
143,candidate_4,candidate_5,candidate_1,candidate_3,candidate_2,5,0.028000000000000004
144,candidate_4,candidate_5,candidate_1,candidate_3,candidate_2,5,0.028000000000000004
145,candidate_4,candidate_5,0,candidate_3,candidate_2,5,0.028000000000000004
146,candidate_4,candidate_5,candidate_1,candidate_3,candidate_2,5,0.028000000000000004
147,candidate_4,0,candidate_1,candidate_3,candidate_2,5,0.028000000000000004
148,candidate_4,candidate_5,candidate_1,candidate_3,candidate_2,5,0.028000000000000004
149,candidate_4,candidate_5,candidate_1,candidate_3,candidate_2,5,0.028000000000000004
150,candidate_4,candidate_5,candidate_1,candidate_3,candidate_2,5,0.028000000000000004
151,candidate_4,candidate_5,candidate_1,candidate_3,candidate_2,5,0.028000000000000004
152,candidate_4,candidate_5,candidate_1,candidate_3,candidate_2,5,0.028000000000000004
153,candidate_4,candidate_5,candidate_1,candidate_3,0,5,0.028000000000000004
154,candidate_4,candidate_5,candidate_1,candidate_3,candidate_2,5,0.028000000000000004
155,candidate_4,candidate_5,candidate_1,candidate_3,candidate_2,5,0.028000000000000004
156,candidate_4,candidate_5,candidate_1,candidate_3,candidate_2,5,0.028000000000000004
157,candidate_4,candidate_5,candidate_1,candidate_3,candidate_2,5,0.028000000000000004
158,candidate_4,candidate_5,candidate_1,candidate_3,candidate_2,5,0.028000000000000004
159,candidate_4,candidate_5,candidate_1,candidate_3,candidate_2,5,0.028000000000000004
160,candidate_4,candidate_5,candidate_1,candidate_3,candidate_2,5,0.028000000000000004
161,candidate_4,candidate_5,candidate_1,0,candidate_2,5,0.028000000000000004
162,candidate_4,candidate_5,candidate_1,candidate_3,candidate_2,5,0.028000000000000004
163,candidate_4,candidate_5,candidate_1,candidate_3,candidate_2,5,0.028000000000000004
164,candidate_4,candidate_5,candidate_1,candidate_3,candidate_2,5,0.028000000000000004
165,candidate_4,candidate_5,candidate_1,candidate_3,candidate_2,5,0.028000000000000004
166,candidate_4,candidate_5,candidate_1,candidate_3,candidate_2,5,0.028000000000000004
167,candidate_4,candidate_5,candidate_1,candidate_3,candidate_2,5,0.028000000000000004
168,candidate_4,candidate_5,candidate_1,candidate_3,candidate_2,5,0.028000000000000004
169,candidate_4,candidate_5,candidate_1,candidate_3,candidate_2,5,0.028000000000000004
170,0,candidate_5,candidate_1,candidate_3,candidate_2,5,0.028000000000000004
171,candidate_4,candidate_5,candidate_1,candidate_3,candidate_2,5,0.028000000000000004
172,candidate_4,candidate_5,candidate_1,candidate_3,0,5,0.028000000000000004
173,candidate_4,candidate_5,candidate_1,candidate_3,candidate_2,5,0.028000000000000004
174,candidate_4,candidate_5,candidate_1,candidate_3,candidate_2,5,0.028000000000000004
175,candidate_4,candidate_5,candidate_1,candidate_3,candidate_2,5,0.028000000000000004
176,candidate_4,candidate_5,candidate_1,candidate_3,candidate_2,5,0.028000000000000004
177,candidate_4,candidate_5,candidate_1,candidate_3,candidate_2,5,0.028000000000000004
178,candidate_4,candidate_5,candidate_1,candidate_3,candidate_2,5,0.028000000000000004
179,candidate_4,candidate_5,candidate_1,candidate_3,candidate_2,5,0.028000000000000004
180,candidate_4,candidate_5,candidate_1,candidate_3,candidate_2,5,0.028000000000000004
181,candidate_4,candidate_5,candidate_1,candidate_3,candidate_2,5,0.028000000000000004
182,candidate_4,candidate_5,candidate_1,candidate_3,candidate_2,5,0.028000000000000004
183,candidate_4,candidate_5,candidate_1,candidate_3,candidate_2,5,0.028000000000000004
184,candidate_4,candidate_5,candidate_1,candidate_3,candidate_2,5,0.028000000000000004
185,candidate_4,candidate_5,candidate_1,candidate_3,candidate_2,5,0.028000000000000004
186,candidate_4,candidate_5,candidate_1,candidate_3,candidate_2,5,0.028000000000000004
187,candidate_4,candidate_5,candidate_1,candidate_3,candidate_2,5,0.028000000000000004
188,candidate_4,candidate_5,candidate_1,candidate_3,candidate_2,5,0.028000000000000004
189,candidate_4,candidate_5,candidate_1,candidate_3,candidate_2,5,0.028000000000000004
190,candidate_4,candidate_5,candidate_1,candidate_3,candidate_2,5,0.028000000000000004
191,candidate_4,candidate_5,candidate_1,candidate_3,candidate_2,5,0.028000000000000004
192,candidate_4,candidate_5,candidate_1,candidate_3,candidate_2,5,0.028000000000000004
193,candidate_4,candidate_5,candidate_1,candidate_3,candidate_2,5,0.028000000000000004
194,candidate_4,candidate_5,candidate_1,candidate_3,candidate_2,5,0.028000000000000004
195,candidate_4,candidate_5,candidate_1,candidate_3,candidate_2,5,0.028000000000000004
196,candidate_4,candidate_5,candidate_1,candidate_3,candidate_2,5,0.028000000000000004
197,candidate_4,candidate_5,candidate_1,0,candidate_2,5,0.028000000000000004
198,0,candidate_5,candidate_1,candidate_3,candidate_2,5,0.028000000000000004
199,candidate_4,candidate_5,candidate_1,candidate_3,candidate_2,5,0.028000000000000004
200,candidate_4,candidate_5,candidate_1,candidate_3,candidate_2,5,0.028000000000000004
201,candidate_4,candidate_5,candidate_1,candidate_3,candidate_2,5,0.028000000000000004
202,candidate_4,candidate_5,candidate_1,candidate_3,candidate_2,5,0.028000000000000004
203,candidate_4,0,candidate_1,candidate_3,candidate_2,5,0.028000000000000004
204,candidate_4,candidate_5,candidate_1,candidate_3,candidate_2,5,0.028000000000000004
205,candidate_4,candidate_5,candidate_1,candidate_3,candidate_2,5,0.028000000000000004
206,candidate_4,candidate_5,candidate_1,candidate_3,candidate_2,5,0.028000000000000004
207,candidate_4,candidate_5,candidate_1,candidate_3,candidate_2,5,0.028000000000000004
208,candidate_4,candidate_5,candidate_1,candidate_3,candidate_2,5,0.028000000000000004
209,candidate_4,candidate_5,candidate_1,candidate_3,candidate_2,5,0.028000000000000004
210,candidate_4,candidate_5,candidate_1,candidate_3,candidate_2,5,0.028000000000000004
211,candidate_4,candidate_5,candidate_1,candidate_3,candidate_2,5,0.028000000000000004
212,candidate_4,candidate_5,candidate_1,candidate_3,candidate_2,5,0.028000000000000004
213,candidate_4,candidate_5,candidate_1,candidate_3,candidate_2,5,0.028000000000000004
214,candidate_4,candidate_5,candidate_1,candidate_3,candidate_2,5,0.028000000000000004
215,candidate_4,candidate_5,candidate_1,candidate_3,candidate_2,5,0.028000000000000004
216,candidate_4,candidate_5,candidate_1,candidate_3,candidate_2,5,0.028000000000000004
217,candidate_4,candidate_5,candidate_1,candidate_3,candidate_2,5,0.028000000000000004
218,candidate_4,candidate_5,candidate_1,candidate_3,candidate_2,5,0.028000000000000004
219,candidate_4,candidate_5,candidate_1,candidate_3,candidate_2,5,0.028000000000000004
220,candidate_4,candidate_5,candidate_1,candidate_3,candidate_2,5,0.028000000000000004
221,candidate_4,candidate_5,candidate_1,candidate_3,candidate_2,5,0.028000000000000004
222,candidate_4,candidate_5,candidate_1,candidate_3,candidate_2,5,0.028000000000000004
223,0,candidate_5,candidate_1,candidate_3,candidate_2,5,0.028000000000000004
224,candidate_4,candidate_5,candidate_1,candidate_3,candidate_2,5,0.028000000000000004
225,candidate_4,candidate_5,candidate_1,candidate_3,candidate_2,5,0.028000000000000004
226,candidate_4,candidate_5,candidate_1,candidate_3,candidate_2,5,0.028000000000000004
227,candidate_4,candidate_5,candidate_1,candidate_3,candidate_2,5,0.028000000000000004
228,candidate_4,candidate_5,candidate_1,candidate_3,candidate_2,5,0.028000000000000004
229,candidate_4,candidate_5,candidate_1,candidate_3,candidate_2,5,0.028000000000000004
230,candidate_4,candidate_5,candidate_1,candidate_3,candidate_2,5,0.028000000000000004
231,candidate_4,candidate_5,candidate_1,candidate_3,candidate_2,5,0.028000000000000004
232,candidate_4,candidate_5,candidate_1,candidate_3,candidate_2,5,0.028000000000000004
233,candidate_4,candidate_5,candidate_1,candidate_3,candidate_2,5,0.028000000000000004
234,candidate_4,candidate_5,candidate_1,candidate_3,candidate_2,5,0.028000000000000004
235,candidate_4,candidate_5,candidate_1,candidate_3,candidate_2,5,0.028000000000000004
236,candidate_4,candidate_5,candidate_1,candidate_3,candidate_2,5,0.028000000000000004
237,candidate_4,candidate_5,candidate_1,candidate_3,candidate_2,5,0.028000000000000004
238,candidate_4,candidate_5,candidate_1,candidate_3,candidate_2,5,0.028000000000000004
239,candidate_4,candidate_5,0,candidate_3,candidate_2,5,0.028000000000000004
240,candidate_4,candidate_5,candidate_1,candidate_3,candidate_2,5,0.028000000000000004
241,candidate_4,candidate_5,candidate_1,candidate_3,candidate_2,5,0.028000000000000004
242,candidate_4,candidate_5,candidate_1,candidate_3,candidate_2,5,0.028000000000000004
243,candidate_4,candidate_5,candidate_1,candidate_3,candidate_2,5,0.028000000000000004
244,candidate_4,candidate_5,candidate_1,candidate_3,candidate_2,5,0.028000000000000004
245,candidate_4,candidate_5,candidate_1,candidate_3,candidate_2,5,0.028000000000000004
246,candidate_4,candidate_5,candidate_1,candidate_3,candidate_2,5,0.028000000000000004
247,candidate_4,candidate_5,candidate_1,candidate_3,candidate_2,5,0.028000000000000004
248,candidate_4,candidate_5,candidate_1,candidate_3,candidate_2,5,0.028000000000000004
249,candidate_4,candidate_5,candidate_1,candidate_3,candidate_2,5,0.028000000000000004
250,candidate_4,candidate_5,candidate_1,candidate_3,candidate_2,5,0.028000000000000004
251,candidate_4,0,candidate_1,candidate_3,candidate_2,5,0.028000000000000004
252,candidate_4,candidate_5,candidate_1,candidate_3,candidate_2,5,0.028000000000000004
253,candidate_4,candidate_5,candidate_1,candidate_3,candidate_2,5,0.028000000000000004
254,candidate_4,candidate_5,candidate_1,candidate_3,candidate_2,5,0.028000000000000004
255,candidate_4,candidate_5,candidate_1,candidate_3,candidate_2,5,0.028000000000000004
256,candidate_4,candidate_5,candidate_1,candidate_3,candidate_2,5,0.028000000000000004
257,candidate_4,candidate_5,candidate_1,candidate_3,candidate_2,5,0.028000000000000004
258,candidate_4,candidate_5,candidate_1,candidate_3,candidate_2,5,0.028000000000000004
259,candidate_4,candidate_5,candidate_1,candidate_3,candidate_2,5,0.028000000000000004
260,candidate_4,candidate_5,candidate_1,0,0,5,0.028000000000000004
261,candidate_4,candidate_5,candidate_1,candidate_3,candidate_2,5,0.028000000000000004
262,candidate_4,candidate_5,candidate_1,candidate_3,candidate_2,5,0.028000000000000004
263,candidate_4,candidate_5,0,candidate_3,candidate_2,5,0.028000000000000004
264,candidate_4,candidate_5,candidate_1,candidate_3,candidate_2,5,0.028000000000000004
265,candidate_4,candidate_5,candidate_1,candidate_3,candidate_2,5,0.028000000000000004
266,candidate_4,candidate_5,candidate_1,candidate_3,candidate_2,5,0.028000000000000004
267,candidate_4,candidate_5,candidate_1,candidate_3,candidate_2,5,0.028000000000000004
268,candidate_4,candidate_5,candidate_1,candidate_3,candidate_2,5,0.028000000000000004
269,candidate_4,candidate_5,candidate_1,candidate_3,candidate_2,5,0.028000000000000004
270,candidate_4,candidate_5,candidate_1,candidate_3,candidate_2,5,0.028000000000000004
271,candidate_4,0,candidate_1,candidate_3,candidate_2,5,0.028000000000000004
272,candidate_4,candidate_5,candidate_1,candidate_3,candidate_2,5,0.028000000000000004
273,candidate_4,candidate_5,candidate_1,candidate_3,candidate_2,5,0.028000000000000004
274,candidate_4,candidate_5,candidate_1,candidate_3,candidate_2,5,0.028000000000000004
275,0,candidate_5,candidate_1,candidate_3,candidate_2,5,0.028000000000000004
276,candidate_4,candidate_5,candidate_1,candidate_3,candidate_2,5,0.028000000000000004
0,candidate_4,candidate_5,candidate_2,candidate_1,candidate_3,5,0.028000000000000004
1,candidate_4,candidate_5,candidate_2,candidate_1,candidate_3,5,0.028000000000000004
2,candidate_4,candidate_5,candidate_2,candidate_1,0,5,0.028000000000000004
3,candidate_4,0,candidate_2,candidate_1,candidate_3,5,0.028000000000000004
4,candidate_4,candidate_5,candidate_2,candidate_1,candidate_3,5,0.028000000000000004
5,candidate_4,candidate_5,candidate_2,candidate_1,candidate_3,5,0.028000000000000004
6,candidate_4,candidate_5,candidate_2,candidate_1,candidate_3,5,0.028000000000000004
7,candidate_4,candidate_5,candidate_2,candidate_1,candidate_3,5,0.028000000000000004
8,candidate_4,candidate_5,0,candidate_1,0,5,0.028000000000000004
9,candidate_4,candidate_5,candidate_2,candidate_1,candidate_3,5,0.028000000000000004
10,candidate_4,candidate_5,candidate_2,candidate_1,candidate_3,5,0.028000000000000004
11,candidate_4,candidate_5,candidate_2,candidate_1,candidate_3,5,0.028000000000000004
12,candidate_4,candidate_5,candidate_2,candidate_1,candidate_3,5,0.028000000000000004
13,candidate_4,0,candidate_2,candidate_1,candidate_3,5,0.028000000000000004
14,candidate_4,candidate_5,candidate_2,candidate_1,candidate_3,5,0.028000000000000004
15,candidate_4,candidate_5,candidate_2,candidate_1,candidate_3,5,0.028000000000000004
16,candidate_4,candidate_5,candidate_2,candidate_1,candidate_3,5,0.028000000000000004
17,0,candidate_5,candidate_2,candidate_1,candidate_3,5,0.028000000000000004
18,candidate_4,candidate_5,candidate_2,candidate_1,candidate_3,5,0.028000000000000004
19,0,candidate_5,candidate_2,candidate_1,candidate_3,5,0.028000000000000004
20,candidate_4,candidate_5,candidate_2,candidate_1,candidate_3,5,0.028000000000000004
21,candidate_4,candidate_5,candidate_2,candidate_1,candidate_3,5,0.028000000000000004
22,candidate_4,0,candidate_2,candidate_1,candidate_3,5,0.028000000000000004
23,candidate_4,0,candidate_2,candidate_1,candidate_3,5,0.028000000000000004
24,candidate_4,candidate_5,candidate_2,candidate_1,candidate_3,5,0.028000000000000004
25,candidate_4,candidate_5,candidate_2,candidate_1,candidate_3,5,0.028000000000000004
26,candidate_4,candidate_5,candidate_2,candidate_1,candidate_3,5,0.028000000000000004
27,candidate_4,candidate_5,candidate_2,candidate_1,candidate_3,5,0.028000000000000004
28,candidate_4,candidate_5,candidate_2,candidate_1,candidate_3,5,0.028000000000000004
29,candidate_4,candidate_5,candidate_2,candidate_1,candidate_3,5,0.028000000000000004
30,candidate_4,candidate_5,candidate_2,candidate_1,candidate_3,5,0.028000000000000004
31,0,candidate_5,candidate_2,candidate_1,candidate_3,5,0.028000000000000004
32,candidate_4,0,candidate_2,candidate_1,candidate_3,5,0.028000000000000004
33,candidate_4,candidate_5,candidate_2,candidate_1,candidate_3,5,0.028000000000000004
34,candidate_4,candidate_5,candidate_2,candidate_1,candidate_3,5,0.028000000000000004
35,candidate_4,candidate_5,candidate_2,candidate_1,candidate_3,5,0.028000000000000004
36,candidate_4,candidate_5,candidate_2,candidate_1,candidate_3,5,0.028000000000000004
37,candidate_4,candidate_5,candidate_2,candidate_1,candidate_3,5,0.028000000000000004
38,candidate_4,candidate_5,candidate_2,candidate_1,candidate_3,5,0.028000000000000004
39,candidate_4,candidate_5,candidate_2,candidate_1,candidate_3,5,0.028000000000000004
40,candidate_4,candidate_5,candidate_2,candidate_1,candidate_3,5,0.028000000000000004
41,candidate_4,candidate_5,candidate_2,candidate_1,candidate_3,5,0.028000000000000004
42,candidate_4,candidate_5,candidate_2,candidate_1,candidate_3,5,0.028000000000000004
43,candidate_4,candidate_5,candidate_2,candidate_1,candidate_3,5,0.028000000000000004
44,candidate_4,candidate_5,candidate_2,candidate_1,candidate_3,5,0.028000000000000004
45,candidate_4,candidate_5,candidate_2,candidate_1,candidate_3,5,0.028000000000000004
46,candidate_4,candidate_5,candidate_2,candidate_1,candidate_3,5,0.028000000000000004
47,candidate_4,candidate_5,candidate_2,candidate_1,candidate_3,5,0.028000000000000004
48,candidate_4,candidate_5,0,candidate_1,candidate_3,5,0.028000000000000004
49,candidate_4,candidate_5,candidate_2,candidate_1,candidate_3,5,0.028000000000000004
50,candidate_4,candidate_5,candidate_2,candidate_1,candidate_3,5,0.028000000000000004
51,candidate_4,candidate_5,candidate_2,candidate_1,candidate_3,5,0.028000000000000004
52,candidate_4,candidate_5,candidate_2,candidate_1,candidate_3,5,0.028000000000000004
53,candidate_4,candidate_5,candidate_2,candidate_1,candidate_3,5,0.028000000000000004
54,candidate_4,candidate_5,candidate_2,candidate_1,candidate_3,5,0.028000000000000004
55,candidate_4,candidate_5,candidate_2,0,candidate_3,5,0.028000000000000004
56,candidate_4,candidate_5,candidate_2,candidate_1,candidate_3,5,0.028000000000000004
57,candidate_4,candidate_5,candidate_2,candidate_1,candidate_3,5,0.028000000000000004
58,candidate_4,candidate_5,candidate_2,candidate_1,candidate_3,5,0.028000000000000004
59,candidate_4,candidate_5,candidate_2,candidate_1,candidate_3,5,0.028000000000000004
60,candidate_4,candidate_5,candidate_2,candidate_1,candidate_3,5,0.028000000000000004
61,candidate_4,candidate_5,candidate_2,candidate_1,candidate_3,5,0.028000000000000004
62,candidate_4,candidate_5,candidate_2,candidate_1,candidate_3,5,0.028000000000000004
63,candidate_4,candidate_5,candidate_2,candidate_1,candidate_3,5,0.028000000000000004
64,0,candidate_5,candidate_2,candidate_1,candidate_3,5,0.028000000000000004
65,candidate_4,candidate_5,candidate_2,candidate_1,candidate_3,5,0.028000000000000004
66,0,candidate_5,candidate_2,candidate_1,candidate_3,5,0.028000000000000004
67,candidate_4,candidate_5,candidate_2,candidate_1,candidate_3,5,0.028000000000000004
68,candidate_4,candidate_5,candidate_2,candidate_1,candidate_3,5,0.028000000000000004
69,candidate_4,candidate_5,candidate_2,candidate_1,candidate_3,5,0.028000000000000004
70,candidate_4,candidate_5,candidate_2,candidate_1,candidate_3,5,0.028000000000000004
71,candidate_4,candidate_5,candidate_2,candidate_1,candidate_3,5,0.028000000000000004
72,candidate_4,candidate_5,candidate_2,candidate_1,candidate_3,5,0.028000000000000004
73,candidate_4,candidate_5,candidate_2,candidate_1,candidate_3,5,0.028000000000000004
74,candidate_4,candidate_5,candidate_2,candidate_1,candidate_3,5,0.028000000000000004
75,candidate_4,candidate_5,candidate_2,candidate_1,candidate_3,5,0.028000000000000004
76,0,candidate_5,candidate_2,candidate_1,candidate_3,5,0.028000000000000004
77,candidate_4,candidate_5,candidate_2,candidate_1,candidate_3,5,0.028000000000000004
78,candidate_4,candidate_5,candidate_2,candidate_1,candidate_3,5,0.028000000000000004
79,candidate_4,candidate_5,candidate_2,candidate_1,candidate_3,5,0.028000000000000004
80,candidate_4,candidate_5,candidate_2,candidate_1,candidate_3,5,0.028000000000000004
81,candidate_4,candidate_5,candidate_2,candidate_1,candidate_3,5,0.028000000000000004
82,candidate_4,candidate_5,candidate_2,candidate_1,candidate_3,5,0.028000000000000004
83,candidate_4,candidate_5,candidate_2,candidate_1,candidate_3,5,0.028000000000000004
84,candidate_4,candidate_5,candidate_2,candidate_1,candidate_3,5,0.028000000000000004
85,candidate_4,candidate_5,candidate_2,candidate_1,candidate_3,5,0.028000000000000004
86,candidate_4,candidate_5,candidate_2,candidate_1,candidate_3,5,0.028000000000000004
87,candidate_4,candidate_5,candidate_2,candidate_1,candidate_3,5,0.028000000000000004
88,candidate_4,candidate_5,candidate_2,candidate_1,candidate_3,5,0.028000000000000004
89,candidate_4,candidate_5,0,candidate_1,candidate_3,5,0.028000000000000004
90,candidate_4,candidate_5,candidate_2,candidate_1,candidate_3,5,0.028000000000000004
91,candidate_4,candidate_5,candidate_2,candidate_1,candidate_3,5,0.028000000000000004
92,candidate_4,candidate_5,candidate_2,candidate_1,candidate_3,5,0.028000000000000004
93,candidate_4,candidate_5,candidate_2,candidate_1,candidate_3,5,0.028000000000000004
94,candidate_4,candidate_5,candidate_2,candidate_1,candidate_3,5,0.028000000000000004
95,candidate_4,candidate_5,candidate_2,candidate_1,candidate_3,5,0.028000000000000004
96,candidate_4,candidate_5,candidate_2,candidate_1,candidate_3,5,0.028000000000000004
97,candidate_4,candidate_5,candidate_2,candidate_1,candidate_3,5,0.028000000000000004
98,candidate_4,candidate_5,candidate_2,candidate_1,candidate_3,5,0.028000000000000004
99,candidate_4,candidate_5,candidate_2,0,candidate_3,5,0.028000000000000004
100,candidate_4,candidate_5,candidate_2,candidate_1,candidate_3,5,0.028000000000000004
101,candidate_4,candidate_5,candidate_2,candidate_1,candidate_3,5,0.028000000000000004
102,candidate_4,candidate_5,candidate_2,candidate_1,candidate_3,5,0.028000000000000004
103,candidate_4,candidate_5,candidate_2,candidate_1,candidate_3,5,0.028000000000000004
104,candidate_4,candidate_5,candidate_2,candidate_1,candidate_3,5,0.028000000000000004
105,candidate_4,candidate_5,candidate_2,candidate_1,candidate_3,5,0.028000000000000004
106,candidate_4,candidate_5,candidate_2,candidate_1,candidate_3,5,0.028000000000000004
107,candidate_4,candidate_5,candidate_2,candidate_1,candidate_3,5,0.028000000000000004
108,candidate_4,candidate_5,candidate_2,candidate_1,candidate_3,5,0.028000000000000004
109,candidate_4,candidate_5,candidate_2,candidate_1,candidate_3,5,0.028000000000000004
110,candidate_4,candidate_5,0,candidate_1,candidate_3,5,0.028000000000000004
111,candidate_4,candidate_5,candidate_2,candidate_1,candidate_3,5,0.028000000000000004
112,candidate_4,candidate_5,candidate_2,candidate_1,candidate_3,5,0.028000000000000004
113,candidate_4,candidate_5,candidate_2,candidate_1,candidate_3,5,0.028000000000000004
114,candidate_4,candidate_5,candidate_2,candidate_1,candidate_3,5,0.028000000000000004
115,candidate_4,candidate_5,candidate_2,candidate_1,candidate_3,5,0.028000000000000004
116,candidate_4,candidate_5,candidate_2,candidate_1,candidate_3,5,0.028000000000000004
117,candidate_4,candidate_5,candidate_2,candidate_1,candidate_3,5,0.028000000000000004
118,candidate_4,candidate_5,candidate_2,candidate_1,candidate_3,5,0.028000000000000004
119,candidate_4,candidate_5,candidate_2,candidate_1,candidate_3,5,0.028000000000000004
120,candidate_4,candidate_5,candidate_2,candidate_1,candidate_3,5,0.028000000000000004
121,candidate_4,candidate_5,candidate_2,candidate_1,candidate_3,5,0.028000000000000004
122,candidate_4,candidate_5,candidate_2,candidate_1,candidate_3,5,0.028000000000000004
123,candidate_4,candidate_5,candidate_2,candidate_1,candidate_3,5,0.028000000000000004
124,candidate_4,candidate_5,candidate_2,candidate_1,candidate_3,5,0.028000000000000004
125,candidate_4,candidate_5,candidate_2,candidate_1,candidate_3,5,0.028000000000000004
126,candidate_4,candidate_5,candidate_2,candidate_1,candidate_3,5,0.028000000000000004
127,candidate_4,candidate_5,candidate_2,candidate_1,candidate_3,5,0.028000000000000004
128,candidate_4,candidate_5,candidate_2,candidate_1,candidate_3,5,0.028000000000000004
129,candidate_4,candidate_5,candidate_2,candidate_1,candidate_3,5,0.028000000000000004
130,0,candidate_5,candidate_2,candidate_1,candidate_3,5,0.028000000000000004
131,candidate_4,candidate_5,candidate_2,candidate_1,candidate_3,5,0.028000000000000004
132,0,candidate_5,candidate_2,0,candidate_3,5,0.028000000000000004
133,candidate_4,candidate_5,candidate_2,0,0,5,0.028000000000000004
134,candidate_4,candidate_5,candidate_2,candidate_1,candidate_3,5,0.028000000000000004
135,candidate_4,candidate_5,candidate_2,candidate_1,candidate_3,5,0.028000000000000004
136,candidate_4,candidate_5,candidate_2,candidate_1,candidate_3,5,0.028000000000000004
137,candidate_4,candidate_5,candidate_2,candidate_1,candidate_3,5,0.028000000000000004
138,candidate_4,candidate_5,candidate_2,candidate_1,candidate_3,5,0.028000000000000004
139,candidate_4,candidate_5,candidate_2,candidate_1,candidate_3,5,0.028000000000000004
140,candidate_4,candidate_5,candidate_2,candidate_1,candidate_3,5,0.028000000000000004
141,candidate_4,candidate_5,candidate_2,candidate_1,candidate_3,5,0.028000000000000004
142,candidate_4,candidate_5,0,candidate_1,candidate_3,5,0.028000000000000004
143,candidate_4,0,candidate_2,candidate_1,candidate_3,5,0.028000000000000004
144,candidate_4,candidate_5,candidate_2,0,0,5,0.028000000000000004
145,candidate_4,candidate_5,candidate_2,candidate_1,candidate_3,5,0.028000000000000004
146,candidate_4,candidate_5,candidate_2,candidate_1,candidate_3,5,0.028000000000000004
147,candidate_4,candidate_5,candidate_2,candidate_1,candidate_3,5,0.028000000000000004
148,candidate_4,candidate_5,candidate_2,candidate_1,candidate_3,5,0.028000000000000004
149,candidate_4,candidate_5,candidate_2,candidate_1,candidate_3,5,0.028000000000000004
150,candidate_4,candidate_5,candidate_2,candidate_1,candidate_3,5,0.028000000000000004
151,candidate_4,candidate_5,candidate_2,candidate_1,candidate_3,5,0.028000000000000004
152,candidate_4,candidate_5,candidate_2,candidate_1,candidate_3,5,0.028000000000000004
153,candidate_4,candidate_5,candidate_2,candidate_1,candidate_3,5,0.028000000000000004
154,candidate_4,candidate_5,candidate_2,candidate_1,candidate_3,5,0.028000000000000004
155,candidate_4,0,candidate_2,candidate_1,candidate_3,5,0.028000000000000004
156,candidate_4,candidate_5,candidate_2,candidate_1,candidate_3,5,0.028000000000000004
157,candidate_4,candidate_5,candidate_2,candidate_1,candidate_3,5,0.028000000000000004
158,candidate_4,candidate_5,candidate_2,candidate_1,candidate_3,5,0.028000000000000004
159,candidate_4,candidate_5,candidate_2,candidate_1,candidate_3,5,0.028000000000000004
160,candidate_4,candidate_5,candidate_2,candidate_1,candidate_3,5,0.028000000000000004
161,candidate_4,candidate_5,candidate_2,candidate_1,candidate_3,5,0.028000000000000004
162,candidate_4,candidate_5,candidate_2,candidate_1,candidate_3,5,0.028000000000000004
163,candidate_4,candidate_5,candidate_2,candidate_1,candidate_3,5,0.028000000000000004
164,candidate_4,candidate_5,candidate_2,candidate_1,candidate_3,5,0.028000000000000004
165,candidate_4,candidate_5,candidate_2,candidate_1,candidate_3,5,0.028000000000000004
166,candidate_4,candidate_5,candidate_2,candidate_1,candidate_3,5,0.028000000000000004
167,candidate_4,candidate_5,candidate_2,candidate_1,candidate_3,5,0.028000000000000004
168,candidate_4,candidate_5,candidate_2,candidate_1,candidate_3,5,0.028000000000000004
169,candidate_4,candidate_5,candidate_2,candidate_1,candidate_3,5,0.028000000000000004
170,candidate_4,candidate_5,candidate_2,candidate_1,candidate_3,5,0.028000000000000004
171,candidate_4,candidate_5,candidate_2,candidate_1,candidate_3,5,0.028000000000000004
172,candidate_4,candidate_5,candidate_2,candidate_1,candidate_3,5,0.028000000000000004
173,candidate_4,candidate_5,candidate_2,candidate_1,0,5,0.028000000000000004
174,candidate_4,candidate_5,candidate_2,candidate_1,candidate_3,5,0.028000000000000004
175,candidate_4,candidate_5,candidate_2,candidate_1,candidate_3,5,0.028000000000000004
176,candidate_4,candidate_5,candidate_2,candidate_1,candidate_3,5,0.028000000000000004
177,candidate_4,candidate_5,0,0,candidate_3,5,0.028000000000000004
178,candidate_4,candidate_5,candidate_2,candidate_1,candidate_3,5,0.028000000000000004
179,candidate_4,candidate_5,candidate_2,candidate_1,candidate_3,5,0.028000000000000004
180,candidate_4,candidate_5,candidate_2,candidate_1,candidate_3,5,0.028000000000000004
181,candidate_4,candidate_5,candidate_2,candidate_1,candidate_3,5,0.028000000000000004
182,candidate_4,candidate_5,candidate_2,candidate_1,candidate_3,5,0.028000000000000004
183,candidate_4,candidate_5,candidate_2,candidate_1,candidate_3,5,0.028000000000000004
184,candidate_4,candidate_5,candidate_2,candidate_1,candidate_3,5,0.028000000000000004
185,candidate_4,candidate_5,candidate_2,candidate_1,candidate_3,5,0.028000000000000004
186,candidate_4,candidate_5,candidate_2,candidate_1,candidate_3,5,0.028000000000000004
187,candidate_4,candidate_5,candidate_2,candidate_1,candidate_3,5,0.028000000000000004
188,candidate_4,candidate_5,candidate_2,candidate_1,candidate_3,5,0.028000000000000004
189,candidate_4,candidate_5,candidate_2,candidate_1,candidate_3,5,0.028000000000000004
190,candidate_4,candidate_5,candidate_2,candidate_1,candidate_3,5,0.028000000000000004
191,candidate_4,candidate_5,candidate_2,candidate_1,candidate_3,5,0.028000000000000004
192,candidate_4,candidate_5,candidate_2,candidate_1,candidate_3,5,0.028000000000000004
193,candidate_4,candidate_5,candidate_2,candidate_1,candidate_3,5,0.028000000000000004
194,candidate_4,candidate_5,candidate_2,candidate_1,candidate_3,5,0.028000000000000004
195,candidate_4,candidate_5,candidate_2,candidate_1,candidate_3,5,0.028000000000000004
196,candidate_4,candidate_5,0,candidate_1,candidate_3,5,0.028000000000000004
197,candidate_4,candidate_5,candidate_2,candidate_1,candidate_3,5,0.028000000000000004
198,candidate_4,candidate_5,candidate_2,candidate_1,candidate_3,5,0.028000000000000004
199,candidate_4,candidate_5,candidate_2,candidate_1,candidate_3,5,0.028000000000000004
200,candidate_4,candidate_5,candidate_2,candidate_1,candidate_3,5,0.028000000000000004
201,candidate_4,candidate_5,0,candidate_1,candidate_3,5,0.028000000000000004
202,candidate_4,candidate_5,candidate_2,candidate_1,0,5,0.028000000000000004
203,0,candidate_5,candidate_2,candidate_1,candidate_3,5,0.028000000000000004
204,0,candidate_5,candidate_2,candidate_1,candidate_3,5,0.028000000000000004
205,candidate_4,candidate_5,candidate_2,candidate_1,0,5,0.028000000000000004
206,candidate_4,candidate_5,candidate_2,candidate_1,candidate_3,5,0.028000000000000004
207,candidate_4,candidate_5,candidate_2,candidate_1,candidate_3,5,0.028000000000000004
208,candidate_4,candidate_5,candidate_2,candidate_1,candidate_3,5,0.028000000000000004
209,candidate_4,candidate_5,candidate_2,candidate_1,candidate_3,5,0.028000000000000004
210,candidate_4,0,candidate_2,candidate_1,candidate_3,5,0.028000000000000004
211,candidate_4,candidate_5,candidate_2,candidate_1,candidate_3,5,0.028000000000000004
212,candidate_4,0,candidate_2,candidate_1,candidate_3,5,0.028000000000000004
213,candidate_4,candidate_5,candidate_2,candidate_1,candidate_3,5,0.028000000000000004
214,candidate_4,candidate_5,candidate_2,candidate_1,candidate_3,5,0.028000000000000004
215,candidate_4,candidate_5,candidate_2,0,candidate_3,5,0.028000000000000004
216,candidate_4,candidate_5,candidate_2,candidate_1,candidate_3,5,0.028000000000000004
217,candidate_4,candidate_5,candidate_2,candidate_1,candidate_3,5,0.028000000000000004
218,candidate_4,candidate_5,candidate_2,candidate_1,candidate_3,5,0.028000000000000004
219,candidate_4,candidate_5,candidate_2,candidate_1,candidate_3,5,0.028000000000000004
220,candidate_4,candidate_5,candidate_2,candidate_1,candidate_3,5,0.028000000000000004
221,candidate_4,candidate_5,candidate_2,candidate_1,candidate_3,5,0.028000000000000004
222,candidate_4,candidate_5,candidate_2,candidate_1,candidate_3,5,0.028000000000000004
223,candidate_4,candidate_5,candidate_2,candidate_1,candidate_3,5,0.028000000000000004
224,0,candidate_5,candidate_2,candidate_1,candidate_3,5,0.028000000000000004
225,candidate_4,candidate_5,candidate_2,candidate_1,candidate_3,5,0.028000000000000004
226,candidate_4,candidate_5,candidate_2,candidate_1,candidate_3,5,0.028000000000000004
227,candidate_4,candidate_5,candidate_2,candidate_1,candidate_3,5,0.028000000000000004
228,candidate_4,candidate_5,candidate_2,candidate_1,candidate_3,5,0.028000000000000004
229,candidate_4,candidate_5,candidate_2,candidate_1,candidate_3,5,0.028000000000000004
230,candidate_4,candidate_5,candidate_2,candidate_1,candidate_3,5,0.028000000000000004
231,candidate_4,candidate_5,candidate_2,candidate_1,0,5,0.028000000000000004
232,candidate_4,candidate_5,candidate_2,candidate_1,candidate_3,5,0.028000000000000004
233,candidate_4,0,candidate_2,candidate_1,candidate_3,5,0.028000000000000004
234,candidate_4,candidate_5,candidate_2,candidate_1,candidate_3,5,0.028000000000000004
235,candidate_4,candidate_5,candidate_2,candidate_1,candidate_3,5,0.028000000000000004
236,candidate_4,candidate_5,candidate_2,candidate_1,candidate_3,5,0.028000000000000004
237,candidate_4,candidate_5,candidate_2,candidate_1,candidate_3,5,0.028000000000000004
238,candidate_4,candidate_5,candidate_2,candidate_1,candidate_3,5,0.028000000000000004
239,candidate_4,candidate_5,candidate_2,candidate_1,candidate_3,5,0.028000000000000004
240,candidate_4,candidate_5,candidate_2,candidate_1,candidate_3,5,0.028000000000000004
241,candidate_4,candidate_5,candidate_2,0,candidate_3,5,0.028000000000000004
242,candidate_4,candidate_5,candidate_2,candidate_1,candidate_3,5,0.028000000000000004
243,candidate_4,candidate_5,candidate_2,candidate_1,candidate_3,5,0.028000000000000004
244,candidate_4,candidate_5,candidate_2,candidate_1,candidate_3,5,0.028000000000000004
245,candidate_4,candidate_5,candidate_2,candidate_1,candidate_3,5,0.028000000000000004
246,candidate_4,candidate_5,candidate_2,candidate_1,candidate_3,5,0.028000000000000004
247,candidate_4,candidate_5,candidate_2,candidate_1,candidate_3,5,0.028000000000000004
248,candidate_4,candidate_5,candidate_2,candidate_1,candidate_3,5,0.028000000000000004
249,candidate_4,candidate_5,candidate_2,candidate_1,candidate_3,5,0.028000000000000004
250,0,candidate_5,candidate_2,candidate_1,candidate_3,5,0.028000000000000004
251,candidate_4,candidate_5,candidate_2,candidate_1,candidate_3,5,0.028000000000000004
252,candidate_4,candidate_5,candidate_2,candidate_1,candidate_3,5,0.028000000000000004
253,candidate_4,candidate_5,candidate_2,candidate_1,candidate_3,5,0.028000000000000004
254,candidate_4,candidate_5,candidate_2,candidate_1,candidate_3,5,0.028000000000000004
255,candidate_4,candidate_5,candidate_2,candidate_1,candidate_3,5,0.028000000000000004
256,candidate_4,candidate_5,0,candidate_1,candidate_3,5,0.028000000000000004
257,candidate_4,candidate_5,candidate_2,0,candidate_3,5,0.028000000000000004
258,candidate_4,candidate_5,candidate_2,candidate_1,candidate_3,5,0.028000000000000004
259,candidate_4,candidate_5,candidate_2,candidate_1,candidate_3,5,0.028000000000000004
260,candidate_4,candidate_5,candidate_2,candidate_1,candidate_3,5,0.028000000000000004
261,candidate_4,candidate_5,candidate_2,candidate_1,candidate_3,5,0.028000000000000004
262,candidate_4,candidate_5,candidate_2,candidate_1,candidate_3,5,0.028000000000000004
263,candidate_4,candidate_5,candidate_2,candidate_1,candidate_3,5,0.028000000000000004
264,candidate_4,candidate_5,candidate_2,candidate_1,candidate_3,5,0.028000000000000004
265,candidate_4,candidate_5,candidate_2,candidate_1,candidate_3,5,0.028000000000000004
266,candidate_4,candidate_5,candidate_2,candidate_1,candidate_3,5,0.028000000000000004
267,candidate_4,candidate_5,candidate_2,candidate_1,candidate_3,5,0.028000000000000004
268,candidate_4,candidate_5,candidate_2,candidate_1,candidate_3,5,0.028000000000000004
269,candidate_4,candidate_5,candidate_2,candidate_1,candidate_3,5,0.028000000000000004
270,candidate_4,candidate_5,candidate_2,candidate_1,candidate_3,5,0.028000000000000004
271,candidate_4,candidate_5,candidate_2,candidate_1,candidate_3,5,0.028000000000000004
272,candidate_4,0,candidate_2,candidate_1,candidate_3,5,0.028000000000000004
273,candidate_4,candidate_5,candidate_2,candidate_1,candidate_3,5,0.028000000000000004
274,candidate_4,candidate_5,0,candidate_1,candidate_3,5,0.028000000000000004
275,candidate_4,candidate_5,candidate_2,candidate_1,candidate_3,5,0.028000000000000004
276,candidate_4,candidate_5,candidate_2,candidate_1,candidate_3,5,0.028000000000000004
277,candidate_4,candidate_5,candidate_2,candidate_1,candidate_3,5,0.028000000000000004
278,candidate_4,candidate_5,candidate_2,candidate_1,candidate_3,5,0.028000000000000004
279,candidate_4,candidate_5,candidate_2,candidate_1,0,5,0.028000000000000004
280,candidate_4,candidate_5,candidate_2,candidate_1,candidate_3,5,0.028000000000000004
281,candidate_4,candidate_5,candidate_2,candidate_1,candidate_3,5,0.028000000000000004
282,candidate_4,candidate_5,candidate_2,candidate_1,candidate_3,5,0.028000000000000004
283,candidate_4,candidate_5,candidate_2,candidate_1,candidate_3,5,0.028000000000000004
284,candidate_4,candidate_5,candidate_2,candidate_1,candidate_3,5,0.028000000000000004
285,candidate_4,candidate_5,candidate_2,candidate_1,candidate_3,5,0.028000000000000004
286,candidate_4,candidate_5,candidate_2,candidate_1,candidate_3,5,0.028000000000000004
287,candidate_4,candidate_5,candidate_2,candidate_1,candidate_3,5,0.028000000000000004
288,candidate_4,candidate_5,candidate_2,candidate_1,candidate_3,5,0.028000000000000004
289,candidate_4,candidate_5,candidate_2,candidate_1,candidate_3,5,0.028000000000000004
290,candidate_4,candidate_5,candidate_2,candidate_1,candidate_3,5,0.028000000000000004
291,candidate_4,candidate_5,candidate_2,candidate_1,candidate_3,5,0.028000000000000004
292,candidate_4,candidate_5,candidate_2,candidate_1,candidate_3,5,0.028000000000000004
293,candidate_4,candidate_5,candidate_2,candidate_1,candidate_3,5,0.028000000000000004
294,candidate_4,candidate_5,candidate_2,candidate_1,candidate_3,5,0.028000000000000004
295,candidate_4,candidate_5,candidate_2,candidate_1,candidate_3,5,0.028000000000000004
296,candidate_4,candidate_5,candidate_2,candidate_1,candidate_3,5,0.028000000000000004
297,candidate_4,candidate_5,candidate_2,candidate_1,candidate_3,5,0.028000000000000004
298,candidate_4,candidate_5,candidate_2,candidate_1,candidate_3,5,0.028000000000000004
299,candidate_4,candidate_5,candidate_2,candidate_1,candidate_3,5,0.028000000000000004
300,candidate_4,candidate_5,candidate_2,candidate_1,candidate_3,5,0.028000000000000004
301,candidate_4,candidate_5,candidate_2,candidate_1,candidate_3,5,0.028000000000000004
302,candidate_4,candidate_5,candidate_2,candidate_1,candidate_3,5,0.028000000000000004
303,candidate_4,candidate_5,candidate_2,candidate_1,candidate_3,5,0.028000000000000004
304,candidate_4,candidate_5,candidate_2,candidate_1,candidate_3,5,0.028000000000000004
305,candidate_4,candidate_5,candidate_2,candidate_1,candidate_3,5,0.028000000000000004
306,candidate_4,0,candidate_2,candidate_1,candidate_3,5,0.028000000000000004
307,candidate_4,candidate_5,candidate_2,candidate_1,candidate_3,5,0.028000000000000004
308,candidate_4,candidate_5,candidate_2,candidate_1,candidate_3,5,0.028000000000000004
309,candidate_4,candidate_5,candidate_2,candidate_1,0,5,0.028000000000000004
310,candidate_4,candidate_5,candidate_2,candidate_1,candidate_3,5,0.028000000000000004
311,candidate_4,candidate_5,candidate_2,candidate_1,0,5,0.028000000000000004
312,candidate_4,candidate_5,candidate_2,candidate_1,candidate_3,5,0.028000000000000004
313,candidate_4,candidate_5,candidate_2,candidate_1,candidate_3,5,0.028000000000000004
314,0,candidate_5,candidate_2,candidate_1,candidate_3,5,0.028000000000000004
315,candidate_4,candidate_5,candidate_2,candidate_1,candidate_3,5,0.028000000000000004
316,candidate_4,candidate_5,candidate_2,candidate_1,candidate_3,5,0.028000000000000004
317,candidate_4,candidate_5,candidate_2,candidate_1,candidate_3,5,0.028000000000000004
318,candidate_4,candidate_5,candidate_2,candidate_1,candidate_3,5,0.028000000000000004
319,candidate_4,candidate_5,candidate_2,candidate_1,candidate_3,5,0.028000000000000004
320,candidate_4,candidate_5,candidate_2,0,candidate_3,5,0.028000000000000004
321,candidate_4,candidate_5,candidate_2,0,candidate_3,5,0.028000000000000004
322,candidate_4,candidate_5,candidate_2,candidate_1,candidate_3,5,0.028000000000000004
323,candidate_4,candidate_5,candidate_2,candidate_1,candidate_3,5,0.028000000000000004
324,candidate_4,0,candidate_2,candidate_1,0,5,0.028000000000000004
325,candidate_4,candidate_5,candidate_2,candidate_1,candidate_3,5,0.028000000000000004
326,candidate_4,candidate_5,candidate_2,candidate_1,candidate_3,5,0.028000000000000004
327,candidate_4,candidate_5,candidate_2,candidate_1,candidate_3,5,0.028000000000000004
328,candidate_4,candidate_5,candidate_2,candidate_1,candidate_3,5,0.028000000000000004
329,candidate_4,candidate_5,candidate_2,candidate_1,candidate_3,5,0.028000000000000004
330,candidate_4,candidate_5,candidate_2,candidate_1,candidate_3,5,0.028000000000000004
331,candidate_4,candidate_5,candidate_2,candidate_1,candidate_3,5,0.028000000000000004
332,candidate_4,candidate_5,candidate_2,candidate_1,candidate_3,5,0.028000000000000004
333,candidate_4,candidate_5,candidate_2,candidate_1,candidate_3,5,0.028000000000000004
334,candidate_4,candidate_5,candidate_2,candidate_1,candidate_3,5,0.028000000000000004
335,candidate_4,candidate_5,candidate_2,candidate_1,candidate_3,5,0.028000000000000004
336,candidate_4,candidate_5,candidate_2,candidate_1,candidate_3,5,0.028000000000000004
337,candidate_4,candidate_5,candidate_2,candidate_1,candidate_3,5,0.028000000000000004
338,candidate_4,candidate_5,candidate_2,candidate_1,candidate_3,5,0.028000000000000004
339,candidate_4,candidate_5,candidate_2,0,candidate_3,5,0.028000000000000004
340,candidate_4,candidate_5,candidate_2,candidate_1,candidate_3,5,0.028000000000000004
341,candidate_4,candidate_5,candidate_2,candidate_1,candidate_3,5,0.028000000000000004
342,candidate_4,candidate_5,candidate_2,candidate_1,candidate_3,5,0.028000000000000004
343,candidate_4,candidate_5,candidate_2,candidate_1,candidate_3,5,0.028000000000000004
344,candidate_4,candidate_5,candidate_2,candidate_1,candidate_3,5,0.028000000000000004
345,candidate_4,candidate_5,candidate_2,candidate_1,candidate_3,5,0.028000000000000004
346,candidate_4,candidate_5,candidate_2,candidate_1,candidate_3,5,0.028000000000000004
347,candidate_4,candidate_5,candidate_2,candidate_1,candidate_3,5,0.028000000000000004
348,candidate_4,candidate_5,candidate_2,candidate_1,candidate_3,5,0.028000000000000004
349,candidate_4,candidate_5,candidate_2,candidate_1,candidate_3,5,0.028000000000000004
350,candidate_4,candidate_5,0,candidate_1,candidate_3,5,0.028000000000000004
351,candidate_4,candidate_5,candidate_2,candidate_1,candidate_3,5,0.028000000000000004
352,candidate_4,candidate_5,candidate_2,candidate_1,candidate_3,5,0.028000000000000004
353,candidate_4,candidate_5,candidate_2,candidate_1,candidate_3,5,0.028000000000000004
354,candidate_4,candidate_5,candidate_2,candidate_1,candidate_3,5,0.028000000000000004
355,candidate_4,candidate_5,candidate_2,candidate_1,candidate_3,5,0.028000000000000004
356,candidate_4,candidate_5,candidate_2,candidate_1,candidate_3,5,0.028000000000000004
357,candidate_4,candidate_5,candidate_2,candidate_1,candidate_3,5,0.028000000000000004
358,candidate_4,candidate_5,candidate_2,candidate_1,candidate_3,5,0.028000000000000004
359,candidate_4,candidate_5,candidate_2,candidate_1,candidate_3,5,0.028000000000000004
360,candidate_4,candidate_5,candidate_2,candidate_1,candidate_3,5,0.028000000000000004
361,candidate_4,candidate_5,candidate_2,candidate_1,candidate_3,5,0.028000000000000004
362,candidate_4,candidate_5,candidate_2,candidate_1,candidate_3,5,0.028000000000000004
363,candidate_4,candidate_5,candidate_2,candidate_1,candidate_3,5,0.028000000000000004
364,candidate_4,candidate_5,candidate_2,candidate_1,candidate_3,5,0.028000000000000004
365,candidate_4,candidate_5,candidate_2,candidate_1,candidate_3,5,0.028000000000000004
366,candidate_4,candidate_5,candidate_2,candidate_1,candidate_3,5,0.028000000000000004
367,candidate_4,candidate_5,candidate_2,candidate_1,candidate_3,5,0.028000000000000004
368,candidate_4,candidate_5,candidate_2,candidate_1,candidate_3,5,0.028000000000000004
369,candidate_4,candidate_5,candidate_2,candidate_1,candidate_3,5,0.028000000000000004
370,candidate_4,candidate_5,candidate_2,candidate_1,0,5,0.028000000000000004
371,candidate_4,candidate_5,candidate_2,candidate_1,candidate_3,5,0.028000000000000004
372,candidate_4,candidate_5,candidate_2,candidate_1,candidate_3,5,0.028000000000000004
373,candidate_4,candidate_5,candidate_2,candidate_1,candidate_3,5,0.028000000000000004
374,candidate_4,candidate_5,candidate_2,candidate_1,candidate_3,5,0.028000000000000004
375,candidate_4,candidate_5,0,candidate_1,candidate_3,5,0.028000000000000004
376,candidate_4,candidate_5,candidate_2,candidate_1,candidate_3,5,0.028000000000000004
377,candidate_4,candidate_5,candidate_2,candidate_1,candidate_3,5,0.028000000000000004
378,candidate_4,candidate_5,candidate_2,candidate_1,candidate_3,5,0.028000000000000004
379,candidate_4,candidate_5,candidate_2,candidate_1,candidate_3,5,0.028000000000000004
380,candidate_4,candidate_5,candidate_2,candidate_1,candidate_3,5,0.028000000000000004
381,candidate_4,candidate_5,candidate_2,0,candidate_3,5,0.028000000000000004
382,candidate_4,0,candidate_2,candidate_1,candidate_3,5,0.028000000000000004
383,candidate_4,candidate_5,candidate_2,candidate_1,candidate_3,5,0.028000000000000004
384,candidate_4,candidate_5,candidate_2,candidate_1,candidate_3,5,0.028000000000000004
385,candidate_4,candidate_5,candidate_2,candidate_1,candidate_3,5,0.028000000000000004
386,candidate_4,candidate_5,candidate_2,candidate_1,candidate_3,5,0.028000000000000004
387,candidate_4,candidate_5,candidate_2,candidate_1,candidate_3,5,0.028000000000000004
388,candidate_4,candidate_5,candidate_2,candidate_1,candidate_3,5,0.028000000000000004
389,candidate_4,candidate_5,candidate_2,candidate_1,candidate_3,5,0.028000000000000004
390,candidate_4,candidate_5,candidate_2,candidate_1,candidate_3,5,0.028000000000000004
391,candidate_4,candidate_5,candidate_2,candidate_1,candidate_3,5,0.028000000000000004
392,candidate_4,candidate_5,candidate_2,candidate_1,0,5,0.028000000000000004
393,candidate_4,candidate_5,candidate_2,candidate_1,candidate_3,5,0.028000000000000004
394,candidate_4,candidate_5,candidate_2,candidate_1,candidate_3,5,0.028000000000000004
395,candidate_4,candidate_5,candidate_2,candidate_1,candidate_3,5,0.028000000000000004
396,candidate_4,candidate_5,candidate_2,candidate_1,candidate_3,5,0.028000000000000004
397,candidate_4,candidate_5,candidate_2,candidate_1,candidate_3,5,0.028000000000000004
398,candidate_4,candidate_5,candidate_2,candidate_1,candidate_3,5,0.028000000000000004
399,candidate_4,0,candidate_2,candidate_1,candidate_3,5,0.028000000000000004
400,candidate_4,candidate_5,candidate_2,candidate_1,candidate_3,5,0.028000000000000004
401,candidate_4,candidate_5,candidate_2,candidate_1,candidate_3,5,0.028000000000000004
402,candidate_4,candidate_5,candidate_2,candidate_1,candidate_3,5,0.028000000000000004
403,candidate_4,candidate_5,candidate_2,candidate_1,candidate_3,5,0.028000000000000004
404,candidate_4,candidate_5,candidate_2,candidate_1,candidate_3,5,0.028000000000000004
405,candidate_4,candidate_5,candidate_2,candidate_1,candidate_3,5,0.028000000000000004
406,candidate_4,candidate_5,candidate_2,candidate_1,candidate_3,5,0.028000000000000004
407,candidate_4,candidate_5,candidate_2,candidate_1,candidate_3,5,0.028000000000000004
408,candidate_4,candidate_5,candidate_2,candidate_1,candidate_3,5,0.028000000000000004
409,candidate_4,candidate_5,candidate_2,candidate_1,candidate_3,5,0.028000000000000004
410,candidate_4,candidate_5,candidate_2,candidate_1,candidate_3,5,0.028000000000000004
411,candidate_4,candidate_5,candidate_2,candidate_1,candidate_3,5,0.028000000000000004
412,candidate_4,candidate_5,candidate_2,candidate_1,candidate_3,5,0.028000000000000004
413,candidate_4,candidate_5,candidate_2,candidate_1,candidate_3,5,0.028000000000000004
414,candidate_4,candidate_5,candidate_2,candidate_1,candidate_3,5,0.028000000000000004
415,candidate_4,candidate_5,candidate_2,candidate_1,candidate_3,5,0.028000000000000004
416,candidate_4,candidate_5,candidate_2,candidate_1,candidate_3,5,0.028000000000000004
417,candidate_4,candidate_5,candidate_2,candidate_1,candidate_3,5,0.028000000000000004
418,candidate_4,candidate_5,candidate_2,candidate_1,candidate_3,5,0.028000000000000004
419,candidate_4,candidate_5,candidate_2,candidate_1,candidate_3,5,0.028000000000000004
420,candidate_4,candidate_5,candidate_2,candidate_1,candidate_3,5,0.028000000000000004
421,candidate_4,candidate_5,candidate_2,candidate_1,candidate_3,5,0.028000000000000004
422,candidate_4,candidate_5,candidate_2,candidate_1,candidate_3,5,0.028000000000000004
423,candidate_4,candidate_5,candidate_2,candidate_1,candidate_3,5,0.028000000000000004
424,candidate_4,candidate_5,candidate_2,candidate_1,candidate_3,5,0.028000000000000004
425,candidate_4,candidate_5,candidate_2,candidate_1,candidate_3,5,0.028000000000000004
426,candidate_4,candidate_5,candidate_2,candidate_1,candidate_3,5,0.028000000000000004
427,candidate_4,candidate_5,candidate_2,candidate_1,candidate_3,5,0.028000000000000004
428,candidate_4,candidate_5,candidate_2,candidate_1,candidate_3,5,0.028000000000000004
429,candidate_4,candidate_5,candidate_2,candidate_1,candidate_3,5,0.028000000000000004
430,candidate_4,candidate_5,candidate_2,candidate_1,candidate_3,5,0.028000000000000004
431,candidate_4,candidate_5,candidate_2,candidate_1,candidate_3,5,0.028000000000000004
432,candidate_4,candidate_5,candidate_2,candidate_1,candidate_3,5,0.028000000000000004
433,candidate_4,candidate_5,candidate_2,candidate_1,candidate_3,5,0.028000000000000004
434,candidate_4,candidate_5,candidate_2,candidate_1,candidate_3,5,0.028000000000000004
435,candidate_4,candidate_5,candidate_2,candidate_1,candidate_3,5,0.028000000000000004
436,candidate_4,candidate_5,candidate_2,candidate_1,candidate_3,5,0.028000000000000004
437,candidate_4,candidate_5,candidate_2,candidate_1,candidate_3,5,0.028000000000000004
438,candidate_4,candidate_5,candidate_2,candidate_1,candidate_3,5,0.028000000000000004
439,candidate_4,candidate_5,candidate_2,candidate_1,candidate_3,5,0.028000000000000004
440,candidate_4,candidate_5,candidate_2,candidate_1,candidate_3,5,0.028000000000000004
441,candidate_4,candidate_5,candidate_2,candidate_1,candidate_3,5,0.028000000000000004
442,candidate_4,candidate_5,candidate_2,candidate_1,candidate_3,5,0.028000000000000004
443,candidate_4,candidate_5,candidate_2,candidate_1,candidate_3,5,0.028000000000000004
444,candidate_4,candidate_5,candidate_2,candidate_1,candidate_3,5,0.028000000000000004
445,candidate_4,candidate_5,candidate_2,candidate_1,candidate_3,5,0.028000000000000004
446,candidate_4,candidate_5,candidate_2,candidate_1,candidate_3,5,0.028000000000000004
447,candidate_4,candidate_5,candidate_2,candidate_1,candidate_3,5,0.028000000000000004
448,candidate_4,candidate_5,candidate_2,candidate_1,candidate_3,5,0.028000000000000004
449,candidate_4,candidate_5,candidate_2,candidate_1,candidate_3,5,0.028000000000000004
450,candidate_4,candidate_5,candidate_2,candidate_1,candidate_3,5,0.028000000000000004
451,candidate_4,candidate_5,candidate_2,candidate_1,candidate_3,5,0.028000000000000004
452,candidate_4,candidate_5,candidate_2,candidate_1,candidate_3,5,0.028000000000000004
453,candidate_4,candidate_5,candidate_2,candidate_1,candidate_3,5,0.028000000000000004
454,candidate_4,candidate_5,candidate_2,candidate_1,candidate_3,5,0.028000000000000004
455,candidate_4,candidate_5,candidate_2,candidate_1,candidate_3,5,0.028000000000000004
456,candidate_4,candidate_5,candidate_2,candidate_1,candidate_3,5,0.028000000000000004
457,candidate_4,candidate_5,candidate_2,candidate_1,candidate_3,5,0.028000000000000004
458,candidate_4,candidate_5,candidate_2,candidate_1,candidate_3,5,0.028000000000000004
459,candidate_4,candidate_5,candidate_2,0,candidate_3,5,0.028000000000000004
460,candidate_4,candidate_5,candidate_2,candidate_1,candidate_3,5,0.028000000000000004
461,candidate_4,candidate_5,candidate_2,candidate_1,candidate_3,5,0.028000000000000004
462,candidate_4,candidate_5,candidate_2,candidate_1,candidate_3,5,0.028000000000000004
463,candidate_4,candidate_5,candidate_2,candidate_1,candidate_3,5,0.028000000000000004
464,candidate_4,candidate_5,candidate_2,candidate_1,candidate_3,5,0.028000000000000004
465,candidate_4,candidate_5,candidate_2,candidate_1,candidate_3,5,0.028000000000000004
466,0,candidate_5,0,candidate_1,candidate_3,5,0.028000000000000004
467,candidate_4,candidate_5,candidate_2,candidate_1,candidate_3,5,0.028000000000000004
468,candidate_4,candidate_5,candidate_2,candidate_1,candidate_3,5,0.028000000000000004
469,candidate_4,candidate_5,candidate_2,candidate_1,candidate_3,5,0.028000000000000004
470,candidate_4,candidate_5,candidate_2,candidate_1,candidate_3,5,0.028000000000000004
471,candidate_4,candidate_5,candidate_2,candidate_1,candidate_3,5,0.028000000000000004
472,candidate_4,candidate_5,candidate_2,candidate_1,candidate_3,5,0.028000000000000004
473,candidate_4,candidate_5,candidate_2,candidate_1,candidate_3,5,0.028000000000000004
474,candidate_4,candidate_5,candidate_2,candidate_1,candidate_3,5,0.028000000000000004
475,candidate_4,candidate_5,candidate_2,candidate_1,candidate_3,5,0.028000000000000004
476,candidate_4,candidate_5,candidate_2,candidate_1,candidate_3,5,0.028000000000000004
477,candidate_4,candidate_5,candidate_2,candidate_1,candidate_3,5,0.028000000000000004
478,candidate_4,candidate_5,candidate_2,candidate_1,candidate_3,5,0.028000000000000004
479,candidate_4,candidate_5,candidate_2,candidate_1,candidate_3,5,0.028000000000000004
0,candidate_4,candidate_5,candidate_2,candidate_3,candidate_1,5,0.028000000000000004
1,candidate_4,candidate_5,candidate_2,candidate_3,candidate_1,5,0.028000000000000004
2,candidate_4,candidate_5,candidate_2,candidate_3,candidate_1,5,0.028000000000000004
3,candidate_4,candidate_5,candidate_2,candidate_3,candidate_1,5,0.028000000000000004
4,candidate_4,candidate_5,candidate_2,candidate_3,candidate_1,5,0.028000000000000004
5,candidate_4,candidate_5,candidate_2,candidate_3,candidate_1,5,0.028000000000000004
6,candidate_4,candidate_5,candidate_2,candidate_3,candidate_1,5,0.028000000000000004
7,candidate_4,candidate_5,candidate_2,candidate_3,candidate_1,5,0.028000000000000004
8,candidate_4,candidate_5,candidate_2,candidate_3,candidate_1,5,0.028000000000000004
9,candidate_4,candidate_5,candidate_2,candidate_3,candidate_1,5,0.028000000000000004
10,candidate_4,candidate_5,candidate_2,candidate_3,candidate_1,5,0.028000000000000004
11,candidate_4,candidate_5,candidate_2,candidate_3,candidate_1,5,0.028000000000000004
12,candidate_4,candidate_5,candidate_2,candidate_3,candidate_1,5,0.028000000000000004
13,candidate_4,candidate_5,candidate_2,candidate_3,candidate_1,5,0.028000000000000004
14,candidate_4,candidate_5,candidate_2,candidate_3,candidate_1,5,0.028000000000000004
15,candidate_4,candidate_5,candidate_2,candidate_3,candidate_1,5,0.028000000000000004
16,candidate_4,candidate_5,candidate_2,candidate_3,candidate_1,5,0.028000000000000004
17,candidate_4,candidate_5,candidate_2,candidate_3,candidate_1,5,0.028000000000000004
18,candidate_4,candidate_5,candidate_2,candidate_3,candidate_1,5,0.028000000000000004
19,candidate_4,candidate_5,candidate_2,candidate_3,candidate_1,5,0.028000000000000004
20,candidate_4,candidate_5,candidate_2,candidate_3,candidate_1,5,0.028000000000000004
21,candidate_4,candidate_5,candidate_2,candidate_3,candidate_1,5,0.028000000000000004
22,candidate_4,candidate_5,candidate_2,candidate_3,candidate_1,5,0.028000000000000004
23,candidate_4,candidate_5,candidate_2,candidate_3,candidate_1,5,0.028000000000000004
24,candidate_4,candidate_5,candidate_2,candidate_3,candidate_1,5,0.028000000000000004
25,candidate_4,candidate_5,candidate_2,candidate_3,candidate_1,5,0.028000000000000004
26,candidate_4,candidate_5,candidate_2,candidate_3,candidate_1,5,0.028000000000000004
27,candidate_4,candidate_5,candidate_2,candidate_3,candidate_1,5,0.028000000000000004
28,candidate_4,candidate_5,candidate_2,candidate_3,candidate_1,5,0.028000000000000004
29,candidate_4,candidate_5,candidate_2,candidate_3,candidate_1,5,0.028000000000000004
30,candidate_4,candidate_5,candidate_2,candidate_3,candidate_1,5,0.028000000000000004
31,candidate_4,candidate_5,candidate_2,candidate_3,candidate_1,5,0.028000000000000004
32,candidate_4,candidate_5,candidate_2,candidate_3,candidate_1,5,0.028000000000000004
33,candidate_4,candidate_5,candidate_2,candidate_3,candidate_1,5,0.028000000000000004
34,candidate_4,candidate_5,candidate_2,candidate_3,candidate_1,5,0.028000000000000004
35,candidate_4,candidate_5,candidate_2,0,candidate_1,5,0.028000000000000004
36,candidate_4,candidate_5,candidate_2,candidate_3,candidate_1,5,0.028000000000000004
37,0,candidate_5,candidate_2,candidate_3,candidate_1,5,0.028000000000000004
38,candidate_4,candidate_5,candidate_2,candidate_3,candidate_1,5,0.028000000000000004
39,candidate_4,candidate_5,candidate_2,candidate_3,candidate_1,5,0.028000000000000004
40,candidate_4,candidate_5,candidate_2,candidate_3,candidate_1,5,0.028000000000000004
41,candidate_4,candidate_5,candidate_2,candidate_3,candidate_1,5,0.028000000000000004
42,candidate_4,candidate_5,candidate_2,candidate_3,candidate_1,5,0.028000000000000004
43,candidate_4,candidate_5,candidate_2,candidate_3,candidate_1,5,0.028000000000000004
44,candidate_4,0,candidate_2,candidate_3,candidate_1,5,0.028000000000000004
45,candidate_4,candidate_5,candidate_2,candidate_3,candidate_1,5,0.028000000000000004
46,candidate_4,candidate_5,candidate_2,candidate_3,candidate_1,5,0.028000000000000004
47,candidate_4,candidate_5,candidate_2,candidate_3,candidate_1,5,0.028000000000000004
48,candidate_4,candidate_5,candidate_2,candidate_3,candidate_1,5,0.028000000000000004
49,candidate_4,candidate_5,candidate_2,candidate_3,candidate_1,5,0.028000000000000004
50,candidate_4,candidate_5,candidate_2,candidate_3,candidate_1,5,0.028000000000000004
51,candidate_4,candidate_5,candidate_2,candidate_3,candidate_1,5,0.028000000000000004
52,candidate_4,candidate_5,candidate_2,candidate_3,candidate_1,5,0.028000000000000004
53,candidate_4,candidate_5,candidate_2,candidate_3,candidate_1,5,0.028000000000000004
54,candidate_4,candidate_5,0,candidate_3,candidate_1,5,0.028000000000000004
55,candidate_4,candidate_5,candidate_2,candidate_3,candidate_1,5,0.028000000000000004
56,candidate_4,candidate_5,candidate_2,candidate_3,candidate_1,5,0.028000000000000004
57,candidate_4,candidate_5,candidate_2,candidate_3,candidate_1,5,0.028000000000000004
58,candidate_4,candidate_5,candidate_2,candidate_3,candidate_1,5,0.028000000000000004
59,candidate_4,candidate_5,candidate_2,candidate_3,candidate_1,5,0.028000000000000004
60,candidate_4,candidate_5,candidate_2,candidate_3,candidate_1,5,0.028000000000000004
61,candidate_4,candidate_5,candidate_2,candidate_3,candidate_1,5,0.028000000000000004
62,candidate_4,0,candidate_2,candidate_3,candidate_1,5,0.028000000000000004
63,candidate_4,candidate_5,candidate_2,candidate_3,candidate_1,5,0.028000000000000004
64,candidate_4,candidate_5,candidate_2,candidate_3,candidate_1,5,0.028000000000000004
65,candidate_4,candidate_5,candidate_2,candidate_3,candidate_1,5,0.028000000000000004
66,candidate_4,candidate_5,candidate_2,0,candidate_1,5,0.028000000000000004
67,candidate_4,candidate_5,candidate_2,candidate_3,candidate_1,5,0.028000000000000004
68,candidate_4,candidate_5,candidate_2,candidate_3,candidate_1,5,0.028000000000000004
69,candidate_4,candidate_5,candidate_2,candidate_3,candidate_1,5,0.028000000000000004
70,candidate_4,candidate_5,candidate_2,candidate_3,candidate_1,5,0.028000000000000004
71,candidate_4,candidate_5,candidate_2,candidate_3,candidate_1,5,0.028000000000000004
72,candidate_4,candidate_5,candidate_2,candidate_3,candidate_1,5,0.028000000000000004
73,candidate_4,candidate_5,candidate_2,candidate_3,candidate_1,5,0.028000000000000004
74,candidate_4,candidate_5,candidate_2,candidate_3,candidate_1,5,0.028000000000000004
75,candidate_4,candidate_5,candidate_2,candidate_3,candidate_1,5,0.028000000000000004
76,candidate_4,candidate_5,candidate_2,candidate_3,candidate_1,5,0.028000000000000004
77,candidate_4,candidate_5,candidate_2,candidate_3,candidate_1,5,0.028000000000000004
78,candidate_4,candidate_5,candidate_2,candidate_3,candidate_1,5,0.028000000000000004
79,candidate_4,candidate_5,candidate_2,candidate_3,candidate_1,5,0.028000000000000004
80,candidate_4,candidate_5,candidate_2,candidate_3,candidate_1,5,0.028000000000000004
81,candidate_4,candidate_5,candidate_2,candidate_3,candidate_1,5,0.028000000000000004
82,candidate_4,candidate_5,candidate_2,candidate_3,candidate_1,5,0.028000000000000004
83,candidate_4,0,candidate_2,candidate_3,candidate_1,5,0.028000000000000004
84,candidate_4,candidate_5,candidate_2,candidate_3,candidate_1,5,0.028000000000000004
85,candidate_4,candidate_5,candidate_2,candidate_3,candidate_1,5,0.028000000000000004
86,candidate_4,candidate_5,candidate_2,candidate_3,candidate_1,5,0.028000000000000004
87,candidate_4,candidate_5,candidate_2,candidate_3,candidate_1,5,0.028000000000000004
88,candidate_4,candidate_5,candidate_2,candidate_3,candidate_1,5,0.028000000000000004
89,candidate_4,candidate_5,candidate_2,0,candidate_1,5,0.028000000000000004
90,candidate_4,candidate_5,0,0,candidate_1,5,0.028000000000000004
91,candidate_4,candidate_5,candidate_2,candidate_3,candidate_1,5,0.028000000000000004
92,candidate_4,candidate_5,candidate_2,candidate_3,candidate_1,5,0.028000000000000004
93,candidate_4,candidate_5,0,candidate_3,candidate_1,5,0.028000000000000004
94,candidate_4,candidate_5,candidate_2,candidate_3,candidate_1,5,0.028000000000000004
95,candidate_4,candidate_5,candidate_2,candidate_3,candidate_1,5,0.028000000000000004
96,candidate_4,candidate_5,candidate_2,candidate_3,candidate_1,5,0.028000000000000004
97,candidate_4,candidate_5,candidate_2,candidate_3,candidate_1,5,0.028000000000000004
98,candidate_4,candidate_5,candidate_2,candidate_3,candidate_1,5,0.028000000000000004
99,candidate_4,candidate_5,candidate_2,candidate_3,candidate_1,5,0.028000000000000004
100,candidate_4,candidate_5,candidate_2,candidate_3,candidate_1,5,0.028000000000000004
101,candidate_4,candidate_5,candidate_2,candidate_3,candidate_1,5,0.028000000000000004
102,candidate_4,candidate_5,candidate_2,candidate_3,candidate_1,5,0.028000000000000004
103,candidate_4,candidate_5,candidate_2,candidate_3,candidate_1,5,0.028000000000000004
104,candidate_4,candidate_5,candidate_2,candidate_3,candidate_1,5,0.028000000000000004
105,candidate_4,candidate_5,candidate_2,candidate_3,candidate_1,5,0.028000000000000004
106,candidate_4,candidate_5,candidate_2,candidate_3,candidate_1,5,0.028000000000000004
107,candidate_4,candidate_5,candidate_2,candidate_3,candidate_1,5,0.028000000000000004
108,candidate_4,candidate_5,candidate_2,candidate_3,candidate_1,5,0.028000000000000004
109,candidate_4,candidate_5,candidate_2,candidate_3,candidate_1,5,0.028000000000000004
110,candidate_4,candidate_5,candidate_2,candidate_3,candidate_1,5,0.028000000000000004
111,candidate_4,candidate_5,candidate_2,candidate_3,candidate_1,5,0.028000000000000004
112,candidate_4,candidate_5,candidate_2,candidate_3,candidate_1,5,0.028000000000000004
113,candidate_4,candidate_5,candidate_2,candidate_3,candidate_1,5,0.028000000000000004
114,candidate_4,candidate_5,candidate_2,candidate_3,candidate_1,5,0.028000000000000004
115,candidate_4,candidate_5,0,candidate_3,candidate_1,5,0.028000000000000004
116,candidate_4,candidate_5,candidate_2,candidate_3,candidate_1,5,0.028000000000000004
117,candidate_4,candidate_5,candidate_2,candidate_3,candidate_1,5,0.028000000000000004
118,candidate_4,candidate_5,candidate_2,candidate_3,candidate_1,5,0.028000000000000004
119,candidate_4,candidate_5,candidate_2,candidate_3,candidate_1,5,0.028000000000000004
120,candidate_4,candidate_5,candidate_2,candidate_3,candidate_1,5,0.028000000000000004
121,candidate_4,candidate_5,candidate_2,candidate_3,candidate_1,5,0.028000000000000004
122,candidate_4,candidate_5,candidate_2,0,candidate_1,5,0.028000000000000004
123,0,candidate_5,candidate_2,candidate_3,candidate_1,5,0.028000000000000004
124,candidate_4,candidate_5,candidate_2,candidate_3,candidate_1,5,0.028000000000000004
125,candidate_4,candidate_5,candidate_2,candidate_3,candidate_1,5,0.028000000000000004
126,candidate_4,candidate_5,candidate_2,candidate_3,candidate_1,5,0.028000000000000004
127,candidate_4,candidate_5,0,candidate_3,candidate_1,5,0.028000000000000004
128,candidate_4,candidate_5,candidate_2,candidate_3,candidate_1,5,0.028000000000000004
129,candidate_4,candidate_5,candidate_2,candidate_3,candidate_1,5,0.028000000000000004
130,candidate_4,candidate_5,candidate_2,candidate_3,candidate_1,5,0.028000000000000004
131,candidate_4,candidate_5,candidate_2,candidate_3,candidate_1,5,0.028000000000000004
132,0,candidate_5,candidate_2,candidate_3,candidate_1,5,0.028000000000000004
133,candidate_4,candidate_5,candidate_2,candidate_3,candidate_1,5,0.028000000000000004
134,candidate_4,candidate_5,candidate_2,candidate_3,candidate_1,5,0.028000000000000004
135,candidate_4,candidate_5,candidate_2,0,candidate_1,5,0.028000000000000004
136,candidate_4,candidate_5,candidate_2,candidate_3,candidate_1,5,0.028000000000000004
137,candidate_4,candidate_5,candidate_2,candidate_3,candidate_1,5,0.028000000000000004
138,candidate_4,candidate_5,candidate_2,candidate_3,candidate_1,5,0.028000000000000004
139,0,candidate_5,candidate_2,candidate_3,candidate_1,5,0.028000000000000004
140,candidate_4,candidate_5,candidate_2,candidate_3,candidate_1,5,0.028000000000000004
141,candidate_4,candidate_5,candidate_2,candidate_3,candidate_1,5,0.028000000000000004
142,candidate_4,0,candidate_2,candidate_3,0,5,0.028000000000000004
143,candidate_4,candidate_5,candidate_2,candidate_3,candidate_1,5,0.028000000000000004
144,candidate_4,candidate_5,candidate_2,candidate_3,0,5,0.028000000000000004
145,candidate_4,candidate_5,candidate_2,0,candidate_1,5,0.028000000000000004
146,candidate_4,candidate_5,candidate_2,candidate_3,candidate_1,5,0.028000000000000004
147,candidate_4,candidate_5,candidate_2,candidate_3,candidate_1,5,0.028000000000000004
148,candidate_4,candidate_5,candidate_2,candidate_3,candidate_1,5,0.028000000000000004
149,candidate_4,candidate_5,candidate_2,candidate_3,candidate_1,5,0.028000000000000004
150,candidate_4,candidate_5,candidate_2,candidate_3,candidate_1,5,0.028000000000000004
151,candidate_4,candidate_5,candidate_2,candidate_3,candidate_1,5,0.028000000000000004
152,candidate_4,candidate_5,candidate_2,candidate_3,candidate_1,5,0.028000000000000004
153,candidate_4,candidate_5,candidate_2,candidate_3,candidate_1,5,0.028000000000000004
154,candidate_4,candidate_5,candidate_2,candidate_3,candidate_1,5,0.028000000000000004
155,candidate_4,candidate_5,candidate_2,candidate_3,candidate_1,5,0.028000000000000004
156,candidate_4,candidate_5,candidate_2,candidate_3,candidate_1,5,0.028000000000000004
157,candidate_4,candidate_5,candidate_2,candidate_3,candidate_1,5,0.028000000000000004
158,candidate_4,candidate_5,candidate_2,candidate_3,candidate_1,5,0.028000000000000004
159,candidate_4,candidate_5,candidate_2,candidate_3,candidate_1,5,0.028000000000000004
160,candidate_4,candidate_5,candidate_2,candidate_3,0,5,0.028000000000000004
161,candidate_4,candidate_5,candidate_2,candidate_3,0,5,0.028000000000000004
162,candidate_4,candidate_5,candidate_2,candidate_3,candidate_1,5,0.028000000000000004
163,candidate_4,candidate_5,candidate_2,candidate_3,candidate_1,5,0.028000000000000004
164,candidate_4,candidate_5,candidate_2,0,candidate_1,5,0.028000000000000004
165,candidate_4,candidate_5,candidate_2,candidate_3,candidate_1,5,0.028000000000000004
166,candidate_4,candidate_5,0,candidate_3,candidate_1,5,0.028000000000000004
167,candidate_4,candidate_5,candidate_2,candidate_3,candidate_1,5,0.028000000000000004
168,candidate_4,candidate_5,candidate_2,candidate_3,candidate_1,5,0.028000000000000004
169,candidate_4,candidate_5,candidate_2,candidate_3,candidate_1,5,0.028000000000000004
170,candidate_4,candidate_5,candidate_2,candidate_3,candidate_1,5,0.028000000000000004
171,candidate_4,candidate_5,candidate_2,candidate_3,candidate_1,5,0.028000000000000004
172,candidate_4,candidate_5,candidate_2,candidate_3,candidate_1,5,0.028000000000000004
173,candidate_4,candidate_5,candidate_2,candidate_3,candidate_1,5,0.028000000000000004
174,candidate_4,candidate_5,candidate_2,candidate_3,candidate_1,5,0.028000000000000004
175,candidate_4,candidate_5,candidate_2,candidate_3,candidate_1,5,0.028000000000000004
176,candidate_4,candidate_5,candidate_2,candidate_3,candidate_1,5,0.028000000000000004
177,candidate_4,candidate_5,candidate_2,candidate_3,candidate_1,5,0.028000000000000004
178,candidate_4,candidate_5,candidate_2,candidate_3,candidate_1,5,0.028000000000000004
179,candidate_4,candidate_5,candidate_2,candidate_3,candidate_1,5,0.028000000000000004
180,candidate_4,candidate_5,candidate_2,candidate_3,candidate_1,5,0.028000000000000004
181,candidate_4,candidate_5,candidate_2,candidate_3,candidate_1,5,0.028000000000000004
182,candidate_4,candidate_5,candidate_2,candidate_3,candidate_1,5,0.028000000000000004
183,candidate_4,candidate_5,candidate_2,candidate_3,candidate_1,5,0.028000000000000004
184,candidate_4,candidate_5,candidate_2,candidate_3,candidate_1,5,0.028000000000000004
185,candidate_4,candidate_5,candidate_2,candidate_3,candidate_1,5,0.028000000000000004
186,candidate_4,candidate_5,candidate_2,candidate_3,candidate_1,5,0.028000000000000004
187,candidate_4,candidate_5,candidate_2,candidate_3,candidate_1,5,0.028000000000000004
188,candidate_4,candidate_5,0,candidate_3,candidate_1,5,0.028000000000000004
189,candidate_4,candidate_5,candidate_2,candidate_3,candidate_1,5,0.028000000000000004
190,candidate_4,candidate_5,candidate_2,candidate_3,candidate_1,5,0.028000000000000004
0,candidate_4,candidate_5,0,candidate_1,candidate_2,5,0.028000000000000004
1,candidate_4,candidate_5,candidate_3,candidate_1,candidate_2,5,0.028000000000000004
2,candidate_4,candidate_5,candidate_3,candidate_1,candidate_2,5,0.028000000000000004
3,candidate_4,candidate_5,candidate_3,candidate_1,candidate_2,5,0.028000000000000004
4,candidate_4,candidate_5,candidate_3,candidate_1,candidate_2,5,0.028000000000000004
5,candidate_4,candidate_5,candidate_3,candidate_1,candidate_2,5,0.028000000000000004
6,candidate_4,candidate_5,candidate_3,candidate_1,candidate_2,5,0.028000000000000004
7,candidate_4,candidate_5,candidate_3,0,candidate_2,5,0.028000000000000004
8,candidate_4,candidate_5,candidate_3,candidate_1,candidate_2,5,0.028000000000000004
9,candidate_4,candidate_5,candidate_3,candidate_1,candidate_2,5,0.028000000000000004
10,candidate_4,candidate_5,candidate_3,candidate_1,0,5,0.028000000000000004
11,candidate_4,candidate_5,candidate_3,candidate_1,candidate_2,5,0.028000000000000004
12,candidate_4,candidate_5,candidate_3,candidate_1,candidate_2,5,0.028000000000000004
13,candidate_4,candidate_5,candidate_3,candidate_1,candidate_2,5,0.028000000000000004
14,candidate_4,candidate_5,candidate_3,candidate_1,candidate_2,5,0.028000000000000004
15,candidate_4,candidate_5,candidate_3,candidate_1,candidate_2,5,0.028000000000000004
16,candidate_4,candidate_5,candidate_3,candidate_1,candidate_2,5,0.028000000000000004
17,candidate_4,candidate_5,candidate_3,candidate_1,candidate_2,5,0.028000000000000004
18,candidate_4,candidate_5,candidate_3,candidate_1,candidate_2,5,0.028000000000000004
19,candidate_4,candidate_5,candidate_3,candidate_1,candidate_2,5,0.028000000000000004
20,candidate_4,candidate_5,candidate_3,candidate_1,candidate_2,5,0.028000000000000004
21,candidate_4,candidate_5,candidate_3,candidate_1,candidate_2,5,0.028000000000000004
22,candidate_4,candidate_5,candidate_3,candidate_1,candidate_2,5,0.028000000000000004
23,candidate_4,candidate_5,candidate_3,candidate_1,candidate_2,5,0.028000000000000004
24,candidate_4,candidate_5,candidate_3,candidate_1,candidate_2,5,0.028000000000000004
25,candidate_4,candidate_5,candidate_3,candidate_1,candidate_2,5,0.028000000000000004
26,candidate_4,candidate_5,candidate_3,candidate_1,candidate_2,5,0.028000000000000004
27,candidate_4,candidate_5,candidate_3,candidate_1,candidate_2,5,0.028000000000000004
28,candidate_4,candidate_5,candidate_3,candidate_1,candidate_2,5,0.028000000000000004
29,candidate_4,candidate_5,candidate_3,candidate_1,candidate_2,5,0.028000000000000004
30,candidate_4,candidate_5,candidate_3,candidate_1,candidate_2,5,0.028000000000000004
0,candidate_4,candidate_5,candidate_3,candidate_2,candidate_1,5,0.028000000000000004
1,candidate_4,candidate_5,candidate_3,candidate_2,candidate_1,5,0.028000000000000004
2,candidate_4,candidate_5,candidate_3,candidate_2,candidate_1,5,0.028000000000000004
3,candidate_4,candidate_5,candidate_3,0,candidate_1,5,0.028000000000000004
4,candidate_4,candidate_5,candidate_3,candidate_2,candidate_1,5,0.028000000000000004
5,candidate_4,candidate_5,candidate_3,candidate_2,candidate_1,5,0.028000000000000004
6,candidate_4,candidate_5,candidate_3,candidate_2,candidate_1,5,0.028000000000000004
7,candidate_4,candidate_5,candidate_3,candidate_2,candidate_1,5,0.028000000000000004
8,candidate_4,candidate_5,candidate_3,candidate_2,candidate_1,5,0.028000000000000004
9,candidate_4,candidate_5,candidate_3,candidate_2,candidate_1,5,0.028000000000000004
10,0,candidate_5,candidate_3,candidate_2,candidate_1,5,0.028000000000000004
11,candidate_4,candidate_5,candidate_3,candidate_2,candidate_1,5,0.028000000000000004
12,candidate_4,candidate_5,candidate_3,candidate_2,candidate_1,5,0.028000000000000004
13,candidate_4,candidate_5,candidate_3,candidate_2,candidate_1,5,0.028000000000000004
14,candidate_4,candidate_5,candidate_3,candidate_2,candidate_1,5,0.028000000000000004
15,candidate_4,candidate_5,candidate_3,candidate_2,candidate_1,5,0.028000000000000004
16,0,candidate_5,candidate_3,candidate_2,candidate_1,5,0.028000000000000004
17,candidate_4,0,candidate_3,candidate_2,candidate_1,5,0.028000000000000004
18,candidate_4,candidate_5,candidate_3,0,candidate_1,5,0.028000000000000004
19,candidate_4,candidate_5,candidate_3,candidate_2,candidate_1,5,0.028000000000000004
20,candidate_4,candidate_5,candidate_3,candidate_2,candidate_1,5,0.028000000000000004
21,candidate_4,candidate_5,candidate_3,candidate_2,candidate_1,5,0.028000000000000004
22,candidate_4,candidate_5,candidate_3,candidate_2,candidate_1,5,0.028000000000000004
23,candidate_4,candidate_5,candidate_3,candidate_2,candidate_1,5,0.028000000000000004
24,candidate_4,candidate_5,0,candidate_2,candidate_1,5,0.028000000000000004
25,candidate_4,candidate_5,candidate_3,candidate_2,candidate_1,5,0.028000000000000004
26,candidate_4,0,candidate_3,candidate_2,candidate_1,5,0.028000000000000004
27,candidate_4,candidate_5,candidate_3,candidate_2,candidate_1,5,0.028000000000000004
28,candidate_4,candidate_5,candidate_3,candidate_2,candidate_1,5,0.028000000000000004
29,candidate_4,candidate_5,candidate_3,candidate_2,candidate_1,5,0.028000000000000004
30,candidate_4,candidate_5,candidate_3,0,candidate_1,5,0.028000000000000004
31,candidate_4,candidate_5,candidate_3,candidate_2,candidate_1,5,0.028000000000000004
32,candidate_4,candidate_5,candidate_3,candidate_2,candidate_1,5,0.028000000000000004
33,candidate_4,candidate_5,candidate_3,candidate_2,candidate_1,5,0.028000000000000004
34,candidate_4,candidate_5,candidate_3,candidate_2,candidate_1,5,0.028000000000000004
35,candidate_4,candidate_5,candidate_3,candidate_2,candidate_1,5,0.028000000000000004
36,candidate_4,candidate_5,candidate_3,candidate_2,candidate_1,5,0.028000000000000004
37,candidate_4,candidate_5,candidate_3,candidate_2,candidate_1,5,0.028000000000000004
38,candidate_4,candidate_5,candidate_3,candidate_2,candidate_1,5,0.028000000000000004
39,candidate_4,candidate_5,candidate_3,candidate_2,candidate_1,5,0.028000000000000004
40,candidate_4,candidate_5,candidate_3,candidate_2,candidate_1,5,0.028000000000000004
41,candidate_4,candidate_5,candidate_3,candidate_2,candidate_1,5,0.028000000000000004
42,candidate_4,candidate_5,candidate_3,candidate_2,candidate_1,5,0.028000000000000004
43,candidate_4,candidate_5,candidate_3,candidate_2,candidate_1,5,0.028000000000000004
44,candidate_4,candidate_5,candidate_3,candidate_2,candidate_1,5,0.028000000000000004
45,candidate_4,candidate_5,candidate_3,candidate_2,candidate_1,5,0.028000000000000004
46,candidate_4,candidate_5,candidate_3,candidate_2,candidate_1,5,0.028000000000000004
47,candidate_4,candidate_5,candidate_3,candidate_2,candidate_1,5,0.028000000000000004
48,candidate_4,candidate_5,candidate_3,candidate_2,candidate_1,5,0.028000000000000004
49,candidate_4,candidate_5,candidate_3,candidate_2,candidate_1,5,0.028000000000000004
50,candidate_4,candidate_5,candidate_3,candidate_2,candidate_1,5,0.028000000000000004
51,candidate_4,candidate_5,candidate_3,candidate_2,0,5,0.028000000000000004
52,candidate_4,candidate_5,candidate_3,candidate_2,candidate_1,5,0.028000000000000004
53,candidate_4,candidate_5,candidate_3,candidate_2,candidate_1,5,0.028000000000000004
54,candidate_4,candidate_5,0,candidate_2,candidate_1,5,0.028000000000000004
55,candidate_4,candidate_5,candidate_3,candidate_2,candidate_1,5,0.028000000000000004
56,candidate_4,candidate_5,candidate_3,candidate_2,candidate_1,5,0.028000000000000004
57,candidate_4,candidate_5,candidate_3,candidate_2,candidate_1,5,0.028000000000000004
58,candidate_4,candidate_5,candidate_3,candidate_2,candidate_1,5,0.028000000000000004
59,candidate_4,candidate_5,candidate_3,candidate_2,candidate_1,5,0.028000000000000004
60,candidate_4,candidate_5,candidate_3,candidate_2,candidate_1,5,0.028000000000000004
61,candidate_4,candidate_5,candidate_3,candidate_2,candidate_1,5,0.028000000000000004
62,candidate_4,candidate_5,candidate_3,candidate_2,candidate_1,5,0.028000000000000004
63,candidate_4,candidate_5,candidate_3,candidate_2,candidate_1,5,0.028000000000000004
64,candidate_4,candidate_5,candidate_3,candidate_2,candidate_1,5,0.028000000000000004
65,candidate_4,candidate_5,candidate_3,candidate_2,candidate_1,5,0.028000000000000004
66,candidate_4,candidate_5,candidate_3,candidate_2,candidate_1,5,0.028000000000000004
67,candidate_4,candidate_5,candidate_3,candidate_2,candidate_1,5,0.028000000000000004
68,candidate_4,candidate_5,candidate_3,candidate_2,candidate_1,5,0.028000000000000004
69,candidate_4,candidate_5,candidate_3,candidate_2,candidate_1,5,0.028000000000000004
70,candidate_4,candidate_5,candidate_3,candidate_2,candidate_1,5,0.028000000000000004
71,candidate_4,candidate_5,candidate_3,candidate_2,candidate_1,5,0.028000000000000004
72,candidate_4,candidate_5,candidate_3,candidate_2,candidate_1,5,0.028000000000000004
73,candidate_4,candidate_5,candidate_3,candidate_2,candidate_1,5,0.028000000000000004
74,candidate_4,candidate_5,candidate_3,candidate_2,candidate_1,5,0.028000000000000004
75,candidate_4,candidate_5,0,candidate_2,candidate_1,5,0.028000000000000004
76,candidate_4,candidate_5,candidate_3,candidate_2,candidate_1,5,0.028000000000000004
77,candidate_4,candidate_5,candidate_3,candidate_2,candidate_1,5,0.028000000000000004
78,candidate_4,candidate_5,candidate_3,candidate_2,candidate_1,5,0.028000000000000004
79,candidate_4,candidate_5,candidate_3,candidate_2,candidate_1,5,0.028000000000000004
80,candidate_4,candidate_5,candidate_3,candidate_2,candidate_1,5,0.028000000000000004
81,candidate_4,candidate_5,candidate_3,candidate_2,candidate_1,5,0.028000000000000004
82,candidate_4,candidate_5,candidate_3,candidate_2,candidate_1,5,0.028000000000000004
83,candidate_4,candidate_5,candidate_3,candidate_2,candidate_1,5,0.028000000000000004
84,candidate_4,candidate_5,candidate_3,candidate_2,candidate_1,5,0.028000000000000004
85,candidate_4,candidate_5,candidate_3,candidate_2,candidate_1,5,0.028000000000000004
86,candidate_4,candidate_5,candidate_3,candidate_2,candidate_1,5,0.028000000000000004
87,candidate_4,candidate_5,candidate_3,candidate_2,candidate_1,5,0.028000000000000004
88,candidate_4,candidate_5,candidate_3,candidate_2,candidate_1,5,0.028000000000000004
89,candidate_4,candidate_5,candidate_3,candidate_2,candidate_1,5,0.028000000000000004
90,candidate_4,candidate_5,candidate_3,candidate_2,candidate_1,5,0.028000000000000004
91,candidate_4,candidate_5,candidate_3,candidate_2,candidate_1,5,0.028000000000000004
92,candidate_4,candidate_5,candidate_3,candidate_2,candidate_1,5,0.028000000000000004
93,0,candidate_5,candidate_3,candidate_2,candidate_1,5,0.028000000000000004
94,candidate_4,candidate_5,candidate_3,candidate_2,candidate_1,5,0.028000000000000004
95,candidate_4,candidate_5,candidate_3,candidate_2,candidate_1,5,0.028000000000000004
96,candidate_4,candidate_5,candidate_3,candidate_2,candidate_1,5,0.028000000000000004
97,candidate_4,candidate_5,candidate_3,candidate_2,candidate_1,5,0.028000000000000004
98,candidate_4,candidate_5,candidate_3,candidate_2,candidate_1,5,0.028000000000000004
99,candidate_4,candidate_5,candidate_3,candidate_2,candidate_1,5,0.028000000000000004
100,candidate_4,candidate_5,candidate_3,candidate_2,candidate_1,5,0.028000000000000004
101,candidate_4,candidate_5,candidate_3,candidate_2,candidate_1,5,0.028000000000000004
102,candidate_4,candidate_5,candidate_3,candidate_2,candidate_1,5,0.028000000000000004
103,candidate_4,candidate_5,candidate_3,candidate_2,candidate_1,5,0.028000000000000004
104,candidate_4,candidate_5,candidate_3,candidate_2,candidate_1,5,0.028000000000000004
105,candidate_4,candidate_5,candidate_3,candidate_2,candidate_1,5,0.028000000000000004
106,candidate_4,candidate_5,candidate_3,candidate_2,candidate_1,5,0.028000000000000004
107,candidate_4,candidate_5,candidate_3,candidate_2,candidate_1,5,0.028000000000000004
108,candidate_4,candidate_5,candidate_3,candidate_2,candidate_1,5,0.028000000000000004
109,candidate_4,candidate_5,candidate_3,candidate_2,candidate_1,5,0.028000000000000004
110,candidate_4,candidate_5,candidate_3,candidate_2,candidate_1,5,0.028000000000000004
111,candidate_4,candidate_5,candidate_3,candidate_2,candidate_1,5,0.028000000000000004
112,candidate_4,candidate_5,candidate_3,candidate_2,candidate_1,5,0.028000000000000004
113,candidate_4,candidate_5,candidate_3,candidate_2,candidate_1,5,0.028000000000000004
114,candidate_4,candidate_5,candidate_3,candidate_2,candidate_1,5,0.028000000000000004
115,candidate_4,candidate_5,candidate_3,candidate_2,candidate_1,5,0.028000000000000004
116,candidate_4,candidate_5,candidate_3,candidate_2,candidate_1,5,0.028000000000000004
117,candidate_4,candidate_5,candidate_3,candidate_2,candidate_1,5,0.028000000000000004
118,candidate_4,candidate_5,candidate_3,candidate_2,candidate_1,5,0.028000000000000004
119,candidate_4,candidate_5,candidate_3,candidate_2,candidate_1,5,0.028000000000000004
120,candidate_4,candidate_5,candidate_3,candidate_2,candidate_1,5,0.028000000000000004
121,candidate_4,candidate_5,candidate_3,candidate_2,candidate_1,5,0.028000000000000004
122,candidate_4,candidate_5,candidate_3,candidate_2,candidate_1,5,0.028000000000000004
123,candidate_4,candidate_5,candidate_3,candidate_2,candidate_1,5,0.028000000000000004
124,candidate_4,candidate_5,candidate_3,candidate_2,candidate_1,5,0.028000000000000004
125,candidate_4,candidate_5,candidate_3,candidate_2,candidate_1,5,0.028000000000000004
126,0,candidate_5,candidate_3,candidate_2,candidate_1,5,0.028000000000000004
127,candidate_4,candidate_5,candidate_3,candidate_2,candidate_1,5,0.028000000000000004
128,candidate_4,candidate_5,candidate_3,candidate_2,candidate_1,5,0.028000000000000004
129,candidate_4,candidate_5,candidate_3,candidate_2,candidate_1,5,0.028000000000000004
130,candidate_4,candidate_5,candidate_3,candidate_2,candidate_1,5,0.028000000000000004
131,0,candidate_5,candidate_3,candidate_2,candidate_1,5,0.028000000000000004
132,candidate_4,candidate_5,candidate_3,candidate_2,candidate_1,5,0.028000000000000004
133,candidate_4,candidate_5,candidate_3,candidate_2,candidate_1,5,0.028000000000000004
134,candidate_4,candidate_5,candidate_3,candidate_2,candidate_1,5,0.028000000000000004
135,candidate_4,candidate_5,candidate_3,candidate_2,candidate_1,5,0.028000000000000004
136,candidate_4,candidate_5,0,candidate_2,candidate_1,5,0.028000000000000004
137,candidate_4,candidate_5,candidate_3,candidate_2,candidate_1,5,0.028000000000000004
138,candidate_4,candidate_5,candidate_3,candidate_2,candidate_1,5,0.028000000000000004
139,candidate_4,candidate_5,candidate_3,candidate_2,candidate_1,5,0.028000000000000004
140,candidate_4,candidate_5,candidate_3,candidate_2,candidate_1,5,0.028000000000000004
141,candidate_4,candidate_5,candidate_3,candidate_2,candidate_1,5,0.028000000000000004
142,candidate_4,candidate_5,candidate_3,candidate_2,candidate_1,5,0.028000000000000004
143,candidate_4,candidate_5,candidate_3,candidate_2,candidate_1,5,0.028000000000000004
144,candidate_4,candidate_5,candidate_3,candidate_2,candidate_1,5,0.028000000000000004
145,candidate_4,0,candidate_3,candidate_2,candidate_1,5,0.028000000000000004
146,candidate_4,candidate_5,candidate_3,candidate_2,candidate_1,5,0.028000000000000004
147,candidate_4,candidate_5,candidate_3,candidate_2,candidate_1,5,0.028000000000000004
148,candidate_4,candidate_5,candidate_3,candidate_2,candidate_1,5,0.028000000000000004
149,candidate_4,candidate_5,candidate_3,candidate_2,candidate_1,5,0.028000000000000004
150,candidate_4,candidate_5,candidate_3,candidate_2,candidate_1,5,0.028000000000000004
151,candidate_4,candidate_5,candidate_3,candidate_2,candidate_1,5,0.028000000000000004
152,candidate_4,candidate_5,candidate_3,candidate_2,0,5,0.028000000000000004
153,candidate_4,candidate_5,candidate_3,candidate_2,candidate_1,5,0.028000000000000004
154,candidate_4,candidate_5,candidate_3,candidate_2,candidate_1,5,0.028000000000000004
155,candidate_4,candidate_5,candidate_3,candidate_2,candidate_1,5,0.028000000000000004
156,candidate_4,candidate_5,candidate_3,candidate_2,candidate_1,5,0.028000000000000004
157,candidate_4,candidate_5,candidate_3,candidate_2,candidate_1,5,0.028000000000000004
158,candidate_4,candidate_5,candidate_3,candidate_2,candidate_1,5,0.028000000000000004
159,candidate_4,candidate_5,candidate_3,0,candidate_1,5,0.028000000000000004
160,candidate_4,candidate_5,candidate_3,candidate_2,candidate_1,5,0.028000000000000004
161,candidate_4,candidate_5,candidate_3,candidate_2,candidate_1,5,0.028000000000000004
162,candidate_4,candidate_5,candidate_3,candidate_2,candidate_1,5,0.028000000000000004
163,candidate_4,candidate_5,candidate_3,candidate_2,candidate_1,5,0.028000000000000004
164,candidate_4,candidate_5,candidate_3,candidate_2,candidate_1,5,0.028000000000000004
165,candidate_4,candidate_5,candidate_3,candidate_2,candidate_1,5,0.028000000000000004
166,candidate_4,candidate_5,candidate_3,candidate_2,candidate_1,5,0.028000000000000004
167,candidate_4,candidate_5,0,candidate_2,candidate_1,5,0.028000000000000004
168,candidate_4,candidate_5,candidate_3,candidate_2,candidate_1,5,0.028000000000000004
169,candidate_4,candidate_5,candidate_3,candidate_2,candidate_1,5,0.028000000000000004
170,candidate_4,candidate_5,candidate_3,candidate_2,candidate_1,5,0.028000000000000004
171,candidate_4,candidate_5,candidate_3,candidate_2,candidate_1,5,0.028000000000000004
172,candidate_4,candidate_5,candidate_3,candidate_2,candidate_1,5,0.028000000000000004
173,candidate_4,candidate_5,candidate_3,candidate_2,candidate_1,5,0.028000000000000004
174,candidate_4,candidate_5,candidate_3,candidate_2,candidate_1,5,0.028000000000000004
175,candidate_4,candidate_5,candidate_3,candidate_2,candidate_1,5,0.028000000000000004
176,candidate_4,candidate_5,candidate_3,candidate_2,candidate_1,5,0.028000000000000004
177,0,candidate_5,candidate_3,candidate_2,candidate_1,5,0.028000000000000004
178,candidate_4,candidate_5,candidate_3,candidate_2,candidate_1,5,0.028000000000000004
179,candidate_4,candidate_5,candidate_3,candidate_2,candidate_1,5,0.028000000000000004
180,candidate_4,candidate_5,candidate_3,candidate_2,candidate_1,5,0.028000000000000004
181,candidate_4,candidate_5,candidate_3,candidate_2,candidate_1,5,0.028000000000000004
182,candidate_4,0,candidate_3,candidate_2,candidate_1,5,0.028000000000000004
183,candidate_4,candidate_5,candidate_3,candidate_2,candidate_1,5,0.028000000000000004
184,0,candidate_5,candidate_3,candidate_2,candidate_1,5,0.028000000000000004
185,0,candidate_5,candidate_3,candidate_2,candidate_1,5,0.028000000000000004
186,candidate_4,candidate_5,candidate_3,candidate_2,candidate_1,5,0.028000000000000004
187,candidate_4,candidate_5,candidate_3,candidate_2,candidate_1,5,0.028000000000000004
188,candidate_4,candidate_5,0,candidate_2,candidate_1,5,0.028000000000000004
189,candidate_4,candidate_5,candidate_3,candidate_2,candidate_1,5,0.028000000000000004
190,candidate_4,candidate_5,candidate_3,candidate_2,candidate_1,5,0.028000000000000004
191,candidate_4,candidate_5,candidate_3,candidate_2,candidate_1,5,0.028000000000000004
192,candidate_4,candidate_5,candidate_3,candidate_2,candidate_1,5,0.028000000000000004
193,candidate_4,candidate_5,candidate_3,candidate_2,candidate_1,5,0.028000000000000004
194,0,candidate_5,candidate_3,candidate_2,candidate_1,5,0.028000000000000004
195,candidate_4,candidate_5,candidate_3,candidate_2,candidate_1,5,0.028000000000000004
196,candidate_4,candidate_5,candidate_3,candidate_2,candidate_1,5,0.028000000000000004
197,candidate_4,candidate_5,candidate_3,candidate_2,candidate_1,5,0.028000000000000004
198,candidate_4,0,candidate_3,candidate_2,candidate_1,5,0.028000000000000004
199,candidate_4,candidate_5,candidate_3,candidate_2,candidate_1,5,0.028000000000000004
200,candidate_4,candidate_5,candidate_3,candidate_2,candidate_1,5,0.028000000000000004
201,candidate_4,candidate_5,candidate_3,candidate_2,candidate_1,5,0.028000000000000004
202,candidate_4,candidate_5,candidate_3,candidate_2,candidate_1,5,0.028000000000000004
203,candidate_4,candidate_5,candidate_3,candidate_2,candidate_1,5,0.028000000000000004
204,candidate_4,candidate_5,candidate_3,candidate_2,candidate_1,5,0.028000000000000004
205,candidate_4,candidate_5,candidate_3,candidate_2,candidate_1,5,0.028000000000000004
206,candidate_4,candidate_5,candidate_3,candidate_2,candidate_1,5,0.028000000000000004
207,candidate_4,candidate_5,candidate_3,candidate_2,candidate_1,5,0.028000000000000004
208,candidate_4,candidate_5,candidate_3,candidate_2,candidate_1,5,0.028000000000000004
209,candidate_4,candidate_5,candidate_3,candidate_2,candidate_1,5,0.028000000000000004
210,candidate_4,candidate_5,candidate_3,candidate_2,candidate_1,5,0.028000000000000004
211,candidate_4,candidate_5,candidate_3,candidate_2,candidate_1,5,0.028000000000000004
212,candidate_4,candidate_5,0,candidate_2,candidate_1,5,0.028000000000000004
213,candidate_4,candidate_5,candidate_3,candidate_2,0,5,0.028000000000000004
214,candidate_4,candidate_5,candidate_3,candidate_2,candidate_1,5,0.028000000000000004
215,candidate_4,candidate_5,candidate_3,candidate_2,candidate_1,5,0.028000000000000004
216,candidate_4,candidate_5,candidate_3,candidate_2,candidate_1,5,0.028000000000000004
217,candidate_4,candidate_5,candidate_3,candidate_2,candidate_1,5,0.028000000000000004
218,candidate_4,candidate_5,candidate_3,candidate_2,candidate_1,5,0.028000000000000004
219,candidate_4,candidate_5,candidate_3,candidate_2,candidate_1,5,0.028000000000000004
220,candidate_4,candidate_5,candidate_3,candidate_2,candidate_1,5,0.028000000000000004
221,candidate_4,candidate_5,candidate_3,candidate_2,candidate_1,5,0.028000000000000004
222,candidate_4,candidate_5,candidate_3,candidate_2,candidate_1,5,0.028000000000000004
223,candidate_4,candidate_5,candidate_3,candidate_2,candidate_1,5,0.028000000000000004
224,candidate_4,candidate_5,candidate_3,candidate_2,candidate_1,5,0.028000000000000004
225,candidate_4,candidate_5,candidate_3,candidate_2,candidate_1,5,0.028000000000000004
226,candidate_4,candidate_5,candidate_3,candidate_2,candidate_1,5,0.028000000000000004
227,candidate_4,candidate_5,candidate_3,0,candidate_1,5,0.028000000000000004
228,candidate_4,candidate_5,candidate_3,candidate_2,candidate_1,5,0.028000000000000004
229,candidate_4,candidate_5,candidate_3,candidate_2,candidate_1,5,0.028000000000000004
230,candidate_4,candidate_5,candidate_3,candidate_2,candidate_1,5,0.028000000000000004
231,candidate_4,candidate_5,candidate_3,candidate_2,candidate_1,5,0.028000000000000004
232,candidate_4,candidate_5,candidate_3,candidate_2,candidate_1,5,0.028000000000000004
233,candidate_4,candidate_5,candidate_3,candidate_2,0,5,0.028000000000000004
234,candidate_4,candidate_5,candidate_3,candidate_2,candidate_1,5,0.028000000000000004
235,candidate_4,candidate_5,candidate_3,candidate_2,candidate_1,5,0.028000000000000004
236,candidate_4,candidate_5,candidate_3,candidate_2,candidate_1,5,0.028000000000000004
237,0,candidate_5,candidate_3,candidate_2,candidate_1,5,0.028000000000000004
238,candidate_4,0,candidate_3,candidate_2,candidate_1,5,0.028000000000000004
239,candidate_4,candidate_5,candidate_3,candidate_2,candidate_1,5,0.028000000000000004
240,candidate_4,candidate_5,candidate_3,candidate_2,candidate_1,5,0.028000000000000004
241,candidate_4,candidate_5,candidate_3,candidate_2,candidate_1,5,0.028000000000000004
242,candidate_4,candidate_5,candidate_3,candidate_2,candidate_1,5,0.028000000000000004
243,candidate_4,candidate_5,candidate_3,candidate_2,candidate_1,5,0.028000000000000004
244,candidate_4,candidate_5,candidate_3,candidate_2,candidate_1,5,0.028000000000000004
245,candidate_4,candidate_5,candidate_3,candidate_2,candidate_1,5,0.028000000000000004
246,candidate_4,candidate_5,candidate_3,candidate_2,candidate_1,5,0.028000000000000004
247,candidate_4,candidate_5,candidate_3,candidate_2,candidate_1,5,0.028000000000000004
248,candidate_4,candidate_5,candidate_3,candidate_2,candidate_1,5,0.028000000000000004
249,candidate_4,candidate_5,candidate_3,candidate_2,candidate_1,5,0.028000000000000004
250,candidate_4,candidate_5,candidate_3,candidate_2,candidate_1,5,0.028000000000000004
251,candidate_4,candidate_5,candidate_3,candidate_2,candidate_1,5,0.028000000000000004
252,candidate_4,candidate_5,candidate_3,candidate_2,candidate_1,5,0.028000000000000004
253,candidate_4,candidate_5,candidate_3,0,candidate_1,5,0.028000000000000004
254,candidate_4,candidate_5,candidate_3,candidate_2,candidate_1,5,0.028000000000000004
255,candidate_4,candidate_5,candidate_3,candidate_2,candidate_1,5,0.028000000000000004
256,candidate_4,candidate_5,0,candidate_2,candidate_1,5,0.028000000000000004
257,candidate_4,candidate_5,candidate_3,candidate_2,candidate_1,5,0.028000000000000004
258,candidate_4,candidate_5,candidate_3,candidate_2,candidate_1,5,0.028000000000000004
259,candidate_4,candidate_5,candidate_3,candidate_2,candidate_1,5,0.028000000000000004
260,0,candidate_5,0,candidate_2,candidate_1,5,0.028000000000000004
261,candidate_4,candidate_5,candidate_3,candidate_2,candidate_1,5,0.028000000000000004
262,candidate_4,candidate_5,candidate_3,candidate_2,candidate_1,5,0.028000000000000004
263,0,candidate_5,candidate_3,0,candidate_1,5,0.028000000000000004
264,candidate_4,candidate_5,candidate_3,candidate_2,candidate_1,5,0.028000000000000004
265,candidate_4,candidate_5,candidate_3,candidate_2,candidate_1,5,0.028000000000000004
266,0,candidate_5,candidate_3,candidate_2,candidate_1,5,0.028000000000000004
267,candidate_4,candidate_5,candidate_3,candidate_2,0,5,0.028000000000000004
268,candidate_4,candidate_5,candidate_3,candidate_2,candidate_1,5,0.028000000000000004
269,candidate_4,candidate_5,candidate_3,candidate_2,candidate_1,5,0.028000000000000004
270,candidate_4,candidate_5,candidate_3,candidate_2,candidate_1,5,0.028000000000000004
271,candidate_4,candidate_5,candidate_3,candidate_2,candidate_1,5,0.028000000000000004
272,candidate_4,0,candidate_3,candidate_2,candidate_1,5,0.028000000000000004
273,0,candidate_5,candidate_3,candidate_2,candidate_1,5,0.028000000000000004
274,candidate_4,candidate_5,0,candidate_2,candidate_1,5,0.028000000000000004
275,candidate_4,candidate_5,candidate_3,candidate_2,candidate_1,5,0.028000000000000004
276,candidate_4,candidate_5,candidate_3,candidate_2,candidate_1,5,0.028000000000000004
277,candidate_4,candidate_5,candidate_3,candidate_2,candidate_1,5,0.028000000000000004
278,candidate_4,candidate_5,candidate_3,candidate_2,0,5,0.028000000000000004
279,candidate_4,candidate_5,candidate_3,candidate_2,candidate_1,5,0.028000000000000004
280,candidate_4,candidate_5,0,candidate_2,candidate_1,5,0.028000000000000004
281,candidate_4,candidate_5,candidate_3,candidate_2,candidate_1,5,0.028000000000000004
282,candidate_4,candidate_5,candidate_3,candidate_2,candidate_1,5,0.028000000000000004
283,candidate_4,candidate_5,candidate_3,candidate_2,candidate_1,5,0.028000000000000004
284,candidate_4,candidate_5,0,candidate_2,candidate_1,5,0.028000000000000004
285,candidate_4,0,candidate_3,candidate_2,candidate_1,5,0.028000000000000004
286,candidate_4,candidate_5,candidate_3,candidate_2,candidate_1,5,0.028000000000000004
287,candidate_4,candidate_5,candidate_3,candidate_2,candidate_1,5,0.028000000000000004
288,candidate_4,candidate_5,candidate_3,candidate_2,candidate_1,5,0.028000000000000004
289,candidate_4,candidate_5,candidate_3,candidate_2,candidate_1,5,0.028000000000000004
290,candidate_4,candidate_5,candidate_3,candidate_2,candidate_1,5,0.028000000000000004
291,candidate_4,candidate_5,candidate_3,candidate_2,candidate_1,5,0.028000000000000004
292,candidate_4,candidate_5,candidate_3,candidate_2,candidate_1,5,0.028000000000000004
293,candidate_4,candidate_5,candidate_3,candidate_2,candidate_1,5,0.028000000000000004
294,candidate_4,candidate_5,candidate_3,candidate_2,candidate_1,5,0.028000000000000004
295,candidate_4,candidate_5,0,candidate_2,candidate_1,5,0.028000000000000004
296,candidate_4,candidate_5,candidate_3,candidate_2,candidate_1,5,0.028000000000000004
297,candidate_4,candidate_5,candidate_3,candidate_2,candidate_1,5,0.028000000000000004
298,candidate_4,candidate_5,candidate_3,candidate_2,candidate_1,5,0.028000000000000004
299,candidate_4,candidate_5,0,candidate_2,candidate_1,5,0.028000000000000004
300,candidate_4,candidate_5,candidate_3,candidate_2,candidate_1,5,0.028000000000000004
301,candidate_4,candidate_5,candidate_3,0,candidate_1,5,0.028000000000000004
302,candidate_4,candidate_5,candidate_3,candidate_2,candidate_1,5,0.028000000000000004
303,candidate_4,candidate_5,candidate_3,candidate_2,candidate_1,5,0.028000000000000004
304,candidate_4,candidate_5,candidate_3,candidate_2,candidate_1,5,0.028000000000000004
305,candidate_4,candidate_5,candidate_3,candidate_2,candidate_1,5,0.028000000000000004
306,candidate_4,candidate_5,candidate_3,candidate_2,candidate_1,5,0.028000000000000004
307,candidate_4,candidate_5,candidate_3,candidate_2,candidate_1,5,0.028000000000000004
308,candidate_4,candidate_5,candidate_3,candidate_2,candidate_1,5,0.028000000000000004
309,candidate_4,candidate_5,candidate_3,candidate_2,candidate_1,5,0.028000000000000004
310,candidate_4,candidate_5,candidate_3,candidate_2,candidate_1,5,0.028000000000000004
311,candidate_4,candidate_5,candidate_3,candidate_2,candidate_1,5,0.028000000000000004
312,0,candidate_5,candidate_3,candidate_2,candidate_1,5,0.028000000000000004
313,candidate_4,candidate_5,candidate_3,candidate_2,candidate_1,5,0.028000000000000004
314,candidate_4,candidate_5,candidate_3,candidate_2,candidate_1,5,0.028000000000000004
315,candidate_4,candidate_5,candidate_3,candidate_2,candidate_1,5,0.028000000000000004
316,candidate_4,candidate_5,candidate_3,candidate_2,0,5,0.028000000000000004
317,candidate_4,candidate_5,candidate_3,candidate_2,candidate_1,5,0.028000000000000004
318,candidate_4,candidate_5,candidate_3,candidate_2,candidate_1,5,0.028000000000000004
319,candidate_4,candidate_5,candidate_3,candidate_2,candidate_1,5,0.028000000000000004
320,candidate_4,candidate_5,candidate_3,candidate_2,candidate_1,5,0.028000000000000004
321,candidate_4,candidate_5,candidate_3,candidate_2,candidate_1,5,0.028000000000000004
322,candidate_4,candidate_5,candidate_3,candidate_2,candidate_1,5,0.028000000000000004
323,candidate_4,candidate_5,candidate_3,candidate_2,candidate_1,5,0.028000000000000004
324,candidate_4,candidate_5,candidate_3,candidate_2,candidate_1,5,0.028000000000000004
325,candidate_4,candidate_5,candidate_3,candidate_2,candidate_1,5,0.028000000000000004
326,candidate_4,candidate_5,candidate_3,candidate_2,candidate_1,5,0.028000000000000004
327,candidate_4,candidate_5,candidate_3,candidate_2,candidate_1,5,0.028000000000000004
328,candidate_4,candidate_5,candidate_3,candidate_2,candidate_1,5,0.028000000000000004
329,candidate_4,candidate_5,candidate_3,candidate_2,candidate_1,5,0.028000000000000004
330,candidate_4,candidate_5,candidate_3,candidate_2,candidate_1,5,0.028000000000000004
331,candidate_4,candidate_5,candidate_3,candidate_2,candidate_1,5,0.028000000000000004
332,candidate_4,candidate_5,candidate_3,candidate_2,candidate_1,5,0.028000000000000004
333,candidate_4,candidate_5,candidate_3,candidate_2,candidate_1,5,0.028000000000000004
334,candidate_4,candidate_5,candidate_3,candidate_2,candidate_1,5,0.028000000000000004
335,candidate_4,candidate_5,candidate_3,candidate_2,candidate_1,5,0.028000000000000004
336,candidate_4,candidate_5,candidate_3,candidate_2,candidate_1,5,0.028000000000000004
337,candidate_4,candidate_5,candidate_3,candidate_2,candidate_1,5,0.028000000000000004
338,candidate_4,candidate_5,candidate_3,candidate_2,candidate_1,5,0.028000000000000004
339,candidate_4,candidate_5,candidate_3,candidate_2,candidate_1,5,0.028000000000000004
340,candidate_4,candidate_5,candidate_3,candidate_2,candidate_1,5,0.028000000000000004
341,candidate_4,candidate_5,candidate_3,candidate_2,candidate_1,5,0.028000000000000004
342,candidate_4,candidate_5,candidate_3,candidate_2,candidate_1,5,0.028000000000000004
343,candidate_4,candidate_5,candidate_3,candidate_2,candidate_1,5,0.028000000000000004
0,candidate_5,candidate_1,candidate_2,candidate_3,candidate_4,5,0.028000000000000004
1,candidate_5,candidate_1,candidate_2,candidate_3,candidate_4,5,0.028000000000000004
2,candidate_5,candidate_1,candidate_2,candidate_3,candidate_4,5,0.028000000000000004
3,candidate_5,candidate_1,candidate_2,candidate_3,candidate_4,5,0.028000000000000004
4,candidate_5,0,candidate_2,candidate_3,candidate_4,5,0.028000000000000004
5,0,candidate_1,candidate_2,candidate_3,candidate_4,5,0.028000000000000004
6,candidate_5,candidate_1,candidate_2,candidate_3,candidate_4,5,0.028000000000000004
7,candidate_5,candidate_1,candidate_2,candidate_3,candidate_4,5,0.028000000000000004
8,candidate_5,candidate_1,candidate_2,candidate_3,candidate_4,5,0.028000000000000004
9,candidate_5,candidate_1,candidate_2,candidate_3,candidate_4,5,0.028000000000000004
10,candidate_5,candidate_1,candidate_2,candidate_3,candidate_4,5,0.028000000000000004
11,candidate_5,candidate_1,candidate_2,candidate_3,0,5,0.028000000000000004
12,candidate_5,candidate_1,0,0,candidate_4,5,0.028000000000000004
13,candidate_5,candidate_1,candidate_2,candidate_3,candidate_4,5,0.028000000000000004
14,candidate_5,candidate_1,candidate_2,candidate_3,candidate_4,5,0.028000000000000004
15,candidate_5,candidate_1,candidate_2,candidate_3,candidate_4,5,0.028000000000000004
16,candidate_5,candidate_1,0,candidate_3,candidate_4,5,0.028000000000000004
17,candidate_5,candidate_1,candidate_2,candidate_3,candidate_4,5,0.028000000000000004
18,candidate_5,candidate_1,candidate_2,candidate_3,candidate_4,5,0.028000000000000004
19,candidate_5,candidate_1,candidate_2,candidate_3,candidate_4,5,0.028000000000000004
20,candidate_5,candidate_1,candidate_2,candidate_3,candidate_4,5,0.028000000000000004
21,candidate_5,candidate_1,candidate_2,candidate_3,candidate_4,5,0.028000000000000004
22,candidate_5,candidate_1,candidate_2,candidate_3,candidate_4,5,0.028000000000000004
23,candidate_5,candidate_1,candidate_2,candidate_3,candidate_4,5,0.028000000000000004
24,candidate_5,candidate_1,candidate_2,candidate_3,candidate_4,5,0.028000000000000004
25,candidate_5,candidate_1,candidate_2,candidate_3,candidate_4,5,0.028000000000000004
26,candidate_5,0,candidate_2,candidate_3,candidate_4,5,0.028000000000000004
27,candidate_5,candidate_1,candidate_2,candidate_3,candidate_4,5,0.028000000000000004
28,candidate_5,candidate_1,candidate_2,candidate_3,candidate_4,5,0.028000000000000004
29,candidate_5,candidate_1,candidate_2,candidate_3,candidate_4,5,0.028000000000000004
30,candidate_5,candidate_1,candidate_2,candidate_3,candidate_4,5,0.028000000000000004
31,candidate_5,0,candidate_2,candidate_3,candidate_4,5,0.028000000000000004
32,candidate_5,candidate_1,candidate_2,candidate_3,candidate_4,5,0.028000000000000004
33,candidate_5,candidate_1,0,candidate_3,candidate_4,5,0.028000000000000004
34,candidate_5,candidate_1,candidate_2,candidate_3,candidate_4,5,0.028000000000000004
35,candidate_5,candidate_1,candidate_2,candidate_3,candidate_4,5,0.028000000000000004
36,candidate_5,candidate_1,candidate_2,candidate_3,candidate_4,5,0.028000000000000004
37,candidate_5,candidate_1,candidate_2,candidate_3,candidate_4,5,0.028000000000000004
38,candidate_5,candidate_1,candidate_2,candidate_3,candidate_4,5,0.028000000000000004
39,candidate_5,candidate_1,candidate_2,candidate_3,candidate_4,5,0.028000000000000004
40,candidate_5,candidate_1,candidate_2,candidate_3,candidate_4,5,0.028000000000000004
41,candidate_5,candidate_1,candidate_2,candidate_3,candidate_4,5,0.028000000000000004
42,candidate_5,candidate_1,candidate_2,candidate_3,candidate_4,5,0.028000000000000004
43,candidate_5,candidate_1,candidate_2,candidate_3,candidate_4,5,0.028000000000000004
44,0,candidate_1,candidate_2,0,candidate_4,5,0.028000000000000004
45,candidate_5,candidate_1,candidate_2,candidate_3,candidate_4,5,0.028000000000000004
46,candidate_5,candidate_1,candidate_2,candidate_3,candidate_4,5,0.028000000000000004
47,candidate_5,candidate_1,candidate_2,candidate_3,candidate_4,5,0.028000000000000004
48,candidate_5,candidate_1,0,candidate_3,candidate_4,5,0.028000000000000004
49,candidate_5,candidate_1,candidate_2,candidate_3,candidate_4,5,0.028000000000000004
50,candidate_5,candidate_1,candidate_2,candidate_3,candidate_4,5,0.028000000000000004
51,candidate_5,candidate_1,candidate_2,candidate_3,candidate_4,5,0.028000000000000004
52,candidate_5,candidate_1,candidate_2,candidate_3,candidate_4,5,0.028000000000000004
53,candidate_5,candidate_1,candidate_2,candidate_3,candidate_4,5,0.028000000000000004
54,candidate_5,candidate_1,candidate_2,candidate_3,candidate_4,5,0.028000000000000004
55,candidate_5,candidate_1,candidate_2,candidate_3,candidate_4,5,0.028000000000000004
56,candidate_5,candidate_1,candidate_2,candidate_3,candidate_4,5,0.028000000000000004
57,candidate_5,candidate_1,candidate_2,candidate_3,candidate_4,5,0.028000000000000004
58,candidate_5,candidate_1,candidate_2,candidate_3,candidate_4,5,0.028000000000000004
59,candidate_5,candidate_1,candidate_2,candidate_3,candidate_4,5,0.028000000000000004
60,candidate_5,candidate_1,candidate_2,candidate_3,candidate_4,5,0.028000000000000004
61,candidate_5,candidate_1,candidate_2,candidate_3,candidate_4,5,0.028000000000000004
62,candidate_5,candidate_1,candidate_2,candidate_3,candidate_4,5,0.028000000000000004
63,candidate_5,candidate_1,candidate_2,candidate_3,candidate_4,5,0.028000000000000004
64,candidate_5,candidate_1,candidate_2,0,candidate_4,5,0.028000000000000004
65,candidate_5,candidate_1,candidate_2,candidate_3,candidate_4,5,0.028000000000000004
66,candidate_5,candidate_1,candidate_2,candidate_3,candidate_4,5,0.028000000000000004
67,candidate_5,candidate_1,candidate_2,candidate_3,candidate_4,5,0.028000000000000004
68,candidate_5,candidate_1,candidate_2,candidate_3,candidate_4,5,0.028000000000000004
69,candidate_5,candidate_1,candidate_2,candidate_3,candidate_4,5,0.028000000000000004
70,candidate_5,candidate_1,candidate_2,candidate_3,candidate_4,5,0.028000000000000004
71,candidate_5,candidate_1,candidate_2,candidate_3,candidate_4,5,0.028000000000000004
72,candidate_5,candidate_1,candidate_2,0,candidate_4,5,0.028000000000000004
73,candidate_5,candidate_1,candidate_2,candidate_3,candidate_4,5,0.028000000000000004
74,candidate_5,candidate_1,candidate_2,candidate_3,candidate_4,5,0.028000000000000004
75,candidate_5,candidate_1,candidate_2,candidate_3,candidate_4,5,0.028000000000000004
76,candidate_5,candidate_1,candidate_2,candidate_3,0,5,0.028000000000000004
77,candidate_5,candidate_1,candidate_2,candidate_3,candidate_4,5,0.028000000000000004
78,candidate_5,candidate_1,candidate_2,candidate_3,candidate_4,5,0.028000000000000004
79,candidate_5,candidate_1,candidate_2,candidate_3,candidate_4,5,0.028000000000000004
80,candidate_5,0,candidate_2,candidate_3,candidate_4,5,0.028000000000000004
81,candidate_5,candidate_1,candidate_2,candidate_3,candidate_4,5,0.028000000000000004
82,candidate_5,candidate_1,candidate_2,candidate_3,candidate_4,5,0.028000000000000004
83,candidate_5,candidate_1,candidate_2,candidate_3,candidate_4,5,0.028000000000000004
84,candidate_5,candidate_1,candidate_2,candidate_3,candidate_4,5,0.028000000000000004
85,candidate_5,candidate_1,candidate_2,candidate_3,candidate_4,5,0.028000000000000004
86,candidate_5,candidate_1,candidate_2,candidate_3,candidate_4,5,0.028000000000000004
87,candidate_5,candidate_1,candidate_2,candidate_3,candidate_4,5,0.028000000000000004
88,candidate_5,candidate_1,candidate_2,candidate_3,candidate_4,5,0.028000000000000004
89,candidate_5,candidate_1,candidate_2,candidate_3,candidate_4,5,0.028000000000000004
90,candidate_5,candidate_1,candidate_2,candidate_3,candidate_4,5,0.028000000000000004
91,candidate_5,candidate_1,candidate_2,candidate_3,candidate_4,5,0.028000000000000004
92,candidate_5,candidate_1,candidate_2,candidate_3,candidate_4,5,0.028000000000000004
93,candidate_5,candidate_1,candidate_2,candidate_3,candidate_4,5,0.028000000000000004
94,candidate_5,candidate_1,candidate_2,candidate_3,candidate_4,5,0.028000000000000004
95,candidate_5,candidate_1,candidate_2,candidate_3,candidate_4,5,0.028000000000000004
96,candidate_5,candidate_1,candidate_2,candidate_3,candidate_4,5,0.028000000000000004
97,candidate_5,candidate_1,candidate_2,candidate_3,candidate_4,5,0.028000000000000004
98,candidate_5,candidate_1,candidate_2,candidate_3,candidate_4,5,0.028000000000000004
99,candidate_5,candidate_1,candidate_2,candidate_3,candidate_4,5,0.028000000000000004
100,candidate_5,candidate_1,candidate_2,candidate_3,candidate_4,5,0.028000000000000004
101,candidate_5,candidate_1,candidate_2,candidate_3,candidate_4,5,0.028000000000000004
102,candidate_5,candidate_1,candidate_2,candidate_3,candidate_4,5,0.028000000000000004
103,0,candidate_1,candidate_2,candidate_3,candidate_4,5,0.028000000000000004
104,candidate_5,candidate_1,candidate_2,candidate_3,candidate_4,5,0.028000000000000004
105,candidate_5,candidate_1,candidate_2,candidate_3,candidate_4,5,0.028000000000000004
106,candidate_5,candidate_1,candidate_2,candidate_3,candidate_4,5,0.028000000000000004
107,candidate_5,candidate_1,candidate_2,candidate_3,candidate_4,5,0.028000000000000004
108,candidate_5,candidate_1,0,candidate_3,candidate_4,5,0.028000000000000004
109,candidate_5,candidate_1,candidate_2,candidate_3,candidate_4,5,0.028000000000000004
110,candidate_5,candidate_1,candidate_2,candidate_3,candidate_4,5,0.028000000000000004
111,candidate_5,candidate_1,candidate_2,candidate_3,candidate_4,5,0.028000000000000004
112,candidate_5,candidate_1,candidate_2,candidate_3,candidate_4,5,0.028000000000000004
113,candidate_5,candidate_1,candidate_2,candidate_3,candidate_4,5,0.028000000000000004
114,candidate_5,0,candidate_2,candidate_3,candidate_4,5,0.028000000000000004
115,candidate_5,candidate_1,candidate_2,candidate_3,candidate_4,5,0.028000000000000004
116,0,candidate_1,candidate_2,candidate_3,candidate_4,5,0.028000000000000004
117,candidate_5,candidate_1,candidate_2,candidate_3,candidate_4,5,0.028000000000000004
118,candidate_5,candidate_1,candidate_2,candidate_3,candidate_4,5,0.028000000000000004
119,candidate_5,candidate_1,candidate_2,candidate_3,candidate_4,5,0.028000000000000004
120,candidate_5,candidate_1,candidate_2,candidate_3,candidate_4,5,0.028000000000000004
121,candidate_5,candidate_1,candidate_2,candidate_3,candidate_4,5,0.028000000000000004
122,candidate_5,candidate_1,candidate_2,candidate_3,candidate_4,5,0.028000000000000004
123,candidate_5,candidate_1,candidate_2,candidate_3,candidate_4,5,0.028000000000000004
124,candidate_5,candidate_1,candidate_2,candidate_3,candidate_4,5,0.028000000000000004
125,candidate_5,candidate_1,candidate_2,candidate_3,candidate_4,5,0.028000000000000004
126,candidate_5,candidate_1,candidate_2,candidate_3,candidate_4,5,0.028000000000000004
127,candidate_5,candidate_1,candidate_2,candidate_3,candidate_4,5,0.028000000000000004
128,candidate_5,candidate_1,candidate_2,candidate_3,candidate_4,5,0.028000000000000004
129,candidate_5,candidate_1,candidate_2,candidate_3,candidate_4,5,0.028000000000000004
130,candidate_5,candidate_1,candidate_2,candidate_3,candidate_4,5,0.028000000000000004
131,candidate_5,candidate_1,candidate_2,candidate_3,candidate_4,5,0.028000000000000004
132,candidate_5,candidate_1,candidate_2,candidate_3,candidate_4,5,0.028000000000000004
133,candidate_5,candidate_1,candidate_2,candidate_3,candidate_4,5,0.028000000000000004
134,candidate_5,candidate_1,candidate_2,candidate_3,candidate_4,5,0.028000000000000004
135,candidate_5,candidate_1,candidate_2,candidate_3,candidate_4,5,0.028000000000000004
136,candidate_5,candidate_1,candidate_2,candidate_3,candidate_4,5,0.028000000000000004
137,candidate_5,candidate_1,candidate_2,candidate_3,candidate_4,5,0.028000000000000004
138,candidate_5,candidate_1,candidate_2,candidate_3,candidate_4,5,0.028000000000000004
139,0,candidate_1,candidate_2,candidate_3,candidate_4,5,0.028000000000000004
140,candidate_5,candidate_1,candidate_2,candidate_3,candidate_4,5,0.028000000000000004
0,candidate_5,candidate_1,candidate_2,candidate_4,candidate_3,5,0.028000000000000004
1,candidate_5,candidate_1,candidate_2,candidate_4,candidate_3,5,0.028000000000000004
2,candidate_5,candidate_1,candidate_2,candidate_4,candidate_3,5,0.028000000000000004
3,candidate_5,candidate_1,candidate_2,candidate_4,candidate_3,5,0.028000000000000004
4,candidate_5,candidate_1,candidate_2,candidate_4,candidate_3,5,0.028000000000000004
5,candidate_5,candidate_1,candidate_2,candidate_4,candidate_3,5,0.028000000000000004
6,candidate_5,candidate_1,candidate_2,candidate_4,candidate_3,5,0.028000000000000004
7,candidate_5,candidate_1,candidate_2,candidate_4,candidate_3,5,0.028000000000000004
8,0,candidate_1,candidate_2,candidate_4,candidate_3,5,0.028000000000000004
9,candidate_5,candidate_1,candidate_2,candidate_4,candidate_3,5,0.028000000000000004
10,candidate_5,candidate_1,candidate_2,candidate_4,candidate_3,5,0.028000000000000004
11,candidate_5,candidate_1,candidate_2,candidate_4,candidate_3,5,0.028000000000000004
12,candidate_5,candidate_1,candidate_2,candidate_4,candidate_3,5,0.028000000000000004
13,candidate_5,candidate_1,candidate_2,candidate_4,candidate_3,5,0.028000000000000004
14,candidate_5,candidate_1,candidate_2,candidate_4,candidate_3,5,0.028000000000000004
15,candidate_5,0,candidate_2,candidate_4,candidate_3,5,0.028000000000000004
16,candidate_5,candidate_1,candidate_2,candidate_4,candidate_3,5,0.028000000000000004
17,candidate_5,candidate_1,candidate_2,candidate_4,candidate_3,5,0.028000000000000004
18,candidate_5,candidate_1,candidate_2,candidate_4,candidate_3,5,0.028000000000000004
19,candidate_5,candidate_1,candidate_2,candidate_4,candidate_3,5,0.028000000000000004
20,candidate_5,candidate_1,candidate_2,candidate_4,candidate_3,5,0.028000000000000004
21,candidate_5,candidate_1,candidate_2,candidate_4,candidate_3,5,0.028000000000000004
22,candidate_5,candidate_1,candidate_2,candidate_4,candidate_3,5,0.028000000000000004
23,candidate_5,candidate_1,0,candidate_4,candidate_3,5,0.028000000000000004
24,candidate_5,candidate_1,candidate_2,candidate_4,candidate_3,5,0.028000000000000004
25,candidate_5,candidate_1,candidate_2,candidate_4,candidate_3,5,0.028000000000000004
26,candidate_5,candidate_1,candidate_2,candidate_4,candidate_3,5,0.028000000000000004
27,candidate_5,candidate_1,candidate_2,candidate_4,candidate_3,5,0.028000000000000004
28,candidate_5,candidate_1,candidate_2,candidate_4,candidate_3,5,0.028000000000000004
29,candidate_5,candidate_1,candidate_2,candidate_4,candidate_3,5,0.028000000000000004
30,candidate_5,candidate_1,candidate_2,candidate_4,candidate_3,5,0.028000000000000004
31,candidate_5,candidate_1,candidate_2,candidate_4,candidate_3,5,0.028000000000000004
32,candidate_5,candidate_1,candidate_2,candidate_4,candidate_3,5,0.028000000000000004
33,candidate_5,candidate_1,candidate_2,candidate_4,candidate_3,5,0.028000000000000004
34,candidate_5,candidate_1,candidate_2,candidate_4,candidate_3,5,0.028000000000000004
35,candidate_5,candidate_1,candidate_2,candidate_4,candidate_3,5,0.028000000000000004
36,candidate_5,candidate_1,candidate_2,candidate_4,candidate_3,5,0.028000000000000004
37,candidate_5,candidate_1,candidate_2,candidate_4,candidate_3,5,0.028000000000000004
38,candidate_5,candidate_1,candidate_2,candidate_4,candidate_3,5,0.028000000000000004
39,candidate_5,candidate_1,candidate_2,0,candidate_3,5,0.028000000000000004
40,candidate_5,candidate_1,candidate_2,candidate_4,candidate_3,5,0.028000000000000004
41,candidate_5,0,candidate_2,candidate_4,candidate_3,5,0.028000000000000004
42,candidate_5,candidate_1,candidate_2,candidate_4,candidate_3,5,0.028000000000000004
43,candidate_5,candidate_1,candidate_2,candidate_4,candidate_3,5,0.028000000000000004
44,candidate_5,candidate_1,candidate_2,candidate_4,candidate_3,5,0.028000000000000004
45,candidate_5,candidate_1,candidate_2,candidate_4,candidate_3,5,0.028000000000000004
46,candidate_5,candidate_1,candidate_2,candidate_4,candidate_3,5,0.028000000000000004
47,candidate_5,candidate_1,candidate_2,candidate_4,candidate_3,5,0.028000000000000004
48,candidate_5,candidate_1,candidate_2,candidate_4,0,5,0.028000000000000004
49,candidate_5,candidate_1,candidate_2,candidate_4,candidate_3,5,0.028000000000000004
50,candidate_5,candidate_1,candidate_2,candidate_4,candidate_3,5,0.028000000000000004
51,candidate_5,candidate_1,candidate_2,candidate_4,candidate_3,5,0.028000000000000004
52,candidate_5,candidate_1,candidate_2,candidate_4,candidate_3,5,0.028000000000000004
53,candidate_5,candidate_1,candidate_2,candidate_4,candidate_3,5,0.028000000000000004
54,candidate_5,candidate_1,candidate_2,candidate_4,candidate_3,5,0.028000000000000004
55,candidate_5,candidate_1,0,candidate_4,candidate_3,5,0.028000000000000004
56,candidate_5,candidate_1,candidate_2,candidate_4,candidate_3,5,0.028000000000000004
57,candidate_5,candidate_1,candidate_2,candidate_4,candidate_3,5,0.028000000000000004
58,candidate_5,candidate_1,0,candidate_4,candidate_3,5,0.028000000000000004
59,candidate_5,candidate_1,candidate_2,0,candidate_3,5,0.028000000000000004
60,candidate_5,candidate_1,candidate_2,candidate_4,candidate_3,5,0.028000000000000004
61,candidate_5,candidate_1,candidate_2,candidate_4,candidate_3,5,0.028000000000000004
62,candidate_5,candidate_1,candidate_2,candidate_4,candidate_3,5,0.028000000000000004
63,candidate_5,candidate_1,candidate_2,candidate_4,candidate_3,5,0.028000000000000004
64,candidate_5,candidate_1,candidate_2,candidate_4,candidate_3,5,0.028000000000000004
65,candidate_5,candidate_1,candidate_2,candidate_4,candidate_3,5,0.028000000000000004
66,candidate_5,candidate_1,candidate_2,candidate_4,candidate_3,5,0.028000000000000004
67,candidate_5,candidate_1,candidate_2,candidate_4,candidate_3,5,0.028000000000000004
68,candidate_5,candidate_1,candidate_2,candidate_4,candidate_3,5,0.028000000000000004
69,0,candidate_1,candidate_2,candidate_4,candidate_3,5,0.028000000000000004
70,candidate_5,candidate_1,candidate_2,candidate_4,candidate_3,5,0.028000000000000004
71,candidate_5,candidate_1,candidate_2,candidate_4,candidate_3,5,0.028000000000000004
72,candidate_5,candidate_1,candidate_2,candidate_4,candidate_3,5,0.028000000000000004
73,candidate_5,candidate_1,candidate_2,candidate_4,candidate_3,5,0.028000000000000004
74,candidate_5,candidate_1,candidate_2,candidate_4,candidate_3,5,0.028000000000000004
75,candidate_5,candidate_1,candidate_2,candidate_4,candidate_3,5,0.028000000000000004
76,candidate_5,candidate_1,candidate_2,candidate_4,candidate_3,5,0.028000000000000004
77,candidate_5,candidate_1,candidate_2,candidate_4,candidate_3,5,0.028000000000000004
78,candidate_5,candidate_1,candidate_2,candidate_4,candidate_3,5,0.028000000000000004
79,candidate_5,candidate_1,candidate_2,candidate_4,candidate_3,5,0.028000000000000004
80,candidate_5,candidate_1,candidate_2,candidate_4,candidate_3,5,0.028000000000000004
81,candidate_5,candidate_1,candidate_2,candidate_4,candidate_3,5,0.028000000000000004
82,candidate_5,candidate_1,candidate_2,candidate_4,candidate_3,5,0.028000000000000004
83,candidate_5,candidate_1,candidate_2,candidate_4,candidate_3,5,0.028000000000000004
84,candidate_5,candidate_1,candidate_2,candidate_4,candidate_3,5,0.028000000000000004
85,candidate_5,candidate_1,candidate_2,candidate_4,candidate_3,5,0.028000000000000004
86,candidate_5,candidate_1,candidate_2,candidate_4,candidate_3,5,0.028000000000000004
87,candidate_5,candidate_1,candidate_2,candidate_4,candidate_3,5,0.028000000000000004
88,candidate_5,candidate_1,candidate_2,candidate_4,candidate_3,5,0.028000000000000004
89,candidate_5,candidate_1,candidate_2,candidate_4,candidate_3,5,0.028000000000000004
90,candidate_5,candidate_1,candidate_2,candidate_4,candidate_3,5,0.028000000000000004
91,candidate_5,candidate_1,candidate_2,candidate_4,candidate_3,5,0.028000000000000004
92,candidate_5,candidate_1,candidate_2,candidate_4,candidate_3,5,0.028000000000000004
93,candidate_5,candidate_1,candidate_2,candidate_4,candidate_3,5,0.028000000000000004
94,candidate_5,candidate_1,candidate_2,candidate_4,candidate_3,5,0.028000000000000004
95,candidate_5,candidate_1,candidate_2,candidate_4,candidate_3,5,0.028000000000000004
96,candidate_5,candidate_1,candidate_2,candidate_4,candidate_3,5,0.028000000000000004
97,candidate_5,candidate_1,candidate_2,candidate_4,candidate_3,5,0.028000000000000004
98,candidate_5,candidate_1,candidate_2,0,candidate_3,5,0.028000000000000004
99,candidate_5,candidate_1,candidate_2,candidate_4,candidate_3,5,0.028000000000000004
100,candidate_5,candidate_1,candidate_2,candidate_4,candidate_3,5,0.028000000000000004
101,candidate_5,candidate_1,candidate_2,candidate_4,candidate_3,5,0.028000000000000004
102,candidate_5,candidate_1,candidate_2,candidate_4,candidate_3,5,0.028000000000000004
103,candidate_5,candidate_1,candidate_2,candidate_4,candidate_3,5,0.028000000000000004
104,candidate_5,candidate_1,candidate_2,candidate_4,candidate_3,5,0.028000000000000004
105,0,candidate_1,candidate_2,candidate_4,candidate_3,5,0.028000000000000004
106,candidate_5,candidate_1,candidate_2,candidate_4,candidate_3,5,0.028000000000000004
107,candidate_5,candidate_1,candidate_2,candidate_4,candidate_3,5,0.028000000000000004
108,candidate_5,candidate_1,candidate_2,candidate_4,candidate_3,5,0.028000000000000004
109,candidate_5,candidate_1,candidate_2,candidate_4,candidate_3,5,0.028000000000000004
110,candidate_5,candidate_1,candidate_2,candidate_4,candidate_3,5,0.028000000000000004
111,candidate_5,candidate_1,candidate_2,candidate_4,candidate_3,5,0.028000000000000004
112,candidate_5,candidate_1,candidate_2,candidate_4,candidate_3,5,0.028000000000000004
113,0,candidate_1,candidate_2,candidate_4,candidate_3,5,0.028000000000000004
114,candidate_5,candidate_1,candidate_2,candidate_4,candidate_3,5,0.028000000000000004
115,candidate_5,candidate_1,candidate_2,candidate_4,candidate_3,5,0.028000000000000004
116,candidate_5,candidate_1,candidate_2,candidate_4,candidate_3,5,0.028000000000000004
117,candidate_5,candidate_1,candidate_2,candidate_4,candidate_3,5,0.028000000000000004
118,candidate_5,candidate_1,candidate_2,candidate_4,candidate_3,5,0.028000000000000004
119,candidate_5,candidate_1,candidate_2,candidate_4,candidate_3,5,0.028000000000000004
120,candidate_5,candidate_1,candidate_2,candidate_4,candidate_3,5,0.028000000000000004
121,candidate_5,candidate_1,candidate_2,0,candidate_3,5,0.028000000000000004
122,candidate_5,candidate_1,0,candidate_4,candidate_3,5,0.028000000000000004
123,candidate_5,candidate_1,candidate_2,candidate_4,candidate_3,5,0.028000000000000004
124,candidate_5,candidate_1,candidate_2,candidate_4,candidate_3,5,0.028000000000000004
125,candidate_5,candidate_1,candidate_2,candidate_4,candidate_3,5,0.028000000000000004
126,candidate_5,candidate_1,candidate_2,candidate_4,candidate_3,5,0.028000000000000004
127,candidate_5,candidate_1,candidate_2,candidate_4,candidate_3,5,0.028000000000000004
128,candidate_5,candidate_1,candidate_2,candidate_4,candidate_3,5,0.028000000000000004
129,candidate_5,candidate_1,candidate_2,candidate_4,candidate_3,5,0.028000000000000004
130,candidate_5,candidate_1,candidate_2,candidate_4,candidate_3,5,0.028000000000000004
131,candidate_5,candidate_1,candidate_2,candidate_4,candidate_3,5,0.028000000000000004
132,0,candidate_1,candidate_2,candidate_4,candidate_3,5,0.028000000000000004
133,candidate_5,candidate_1,candidate_2,candidate_4,candidate_3,5,0.028000000000000004
134,candidate_5,candidate_1,candidate_2,candidate_4,candidate_3,5,0.028000000000000004
135,candidate_5,candidate_1,candidate_2,candidate_4,candidate_3,5,0.028000000000000004
136,candidate_5,candidate_1,candidate_2,candidate_4,candidate_3,5,0.028000000000000004
137,candidate_5,candidate_1,0,candidate_4,candidate_3,5,0.028000000000000004
138,candidate_5,candidate_1,candidate_2,candidate_4,candidate_3,5,0.028000000000000004
139,0,candidate_1,candidate_2,candidate_4,candidate_3,5,0.028000000000000004
140,candidate_5,candidate_1,candidate_2,candidate_4,candidate_3,5,0.028000000000000004
141,candidate_5,candidate_1,candidate_2,candidate_4,candidate_3,5,0.028000000000000004
142,candidate_5,candidate_1,candidate_2,candidate_4,candidate_3,5,0.028000000000000004
143,candidate_5,candidate_1,candidate_2,candidate_4,candidate_3,5,0.028000000000000004
144,candidate_5,candidate_1,candidate_2,candidate_4,candidate_3,5,0.028000000000000004
145,candidate_5,candidate_1,candidate_2,candidate_4,candidate_3,5,0.028000000000000004
146,candidate_5,candidate_1,candidate_2,candidate_4,candidate_3,5,0.028000000000000004
147,candidate_5,0,candidate_2,candidate_4,candidate_3,5,0.028000000000000004
148,candidate_5,candidate_1,candidate_2,candidate_4,candidate_3,5,0.028000000000000004
149,candidate_5,candidate_1,candidate_2,candidate_4,candidate_3,5,0.028000000000000004
150,candidate_5,candidate_1,candidate_2,candidate_4,candidate_3,5,0.028000000000000004
151,candidate_5,candidate_1,candidate_2,candidate_4,candidate_3,5,0.028000000000000004
152,candidate_5,candidate_1,candidate_2,candidate_4,candidate_3,5,0.028000000000000004
153,candidate_5,candidate_1,candidate_2,candidate_4,candidate_3,5,0.028000000000000004
154,candidate_5,candidate_1,candidate_2,candidate_4,candidate_3,5,0.028000000000000004
155,candidate_5,candidate_1,candidate_2,candidate_4,candidate_3,5,0.028000000000000004
156,0,candidate_1,candidate_2,candidate_4,candidate_3,5,0.028000000000000004
157,candidate_5,candidate_1,candidate_2,candidate_4,candidate_3,5,0.028000000000000004
158,candidate_5,candidate_1,candidate_2,candidate_4,candidate_3,5,0.028000000000000004
159,candidate_5,candidate_1,candidate_2,candidate_4,candidate_3,5,0.028000000000000004
160,candidate_5,candidate_1,candidate_2,candidate_4,candidate_3,5,0.028000000000000004
161,candidate_5,candidate_1,candidate_2,candidate_4,candidate_3,5,0.028000000000000004
162,candidate_5,candidate_1,candidate_2,candidate_4,candidate_3,5,0.028000000000000004
163,candidate_5,candidate_1,candidate_2,candidate_4,candidate_3,5,0.028000000000000004
164,candidate_5,candidate_1,candidate_2,candidate_4,candidate_3,5,0.028000000000000004
165,candidate_5,candidate_1,candidate_2,candidate_4,candidate_3,5,0.028000000000000004
0,candidate_5,candidate_1,candidate_3,candidate_2,candidate_4,5,0.028000000000000004
1,0,candidate_1,candidate_3,candidate_2,candidate_4,5,0.028000000000000004
2,candidate_5,candidate_1,candidate_3,candidate_2,candidate_4,5,0.028000000000000004
3,candidate_5,candidate_1,candidate_3,candidate_2,candidate_4,5,0.028000000000000004
4,candidate_5,candidate_1,candidate_3,candidate_2,candidate_4,5,0.028000000000000004
5,candidate_5,candidate_1,candidate_3,candidate_2,candidate_4,5,0.028000000000000004
6,candidate_5,candidate_1,candidate_3,candidate_2,candidate_4,5,0.028000000000000004
7,candidate_5,0,candidate_3,candidate_2,candidate_4,5,0.028000000000000004
8,candidate_5,candidate_1,candidate_3,candidate_2,candidate_4,5,0.028000000000000004
9,candidate_5,candidate_1,candidate_3,candidate_2,candidate_4,5,0.028000000000000004
10,candidate_5,candidate_1,candidate_3,candidate_2,candidate_4,5,0.028000000000000004
11,candidate_5,candidate_1,candidate_3,candidate_2,candidate_4,5,0.028000000000000004
12,candidate_5,candidate_1,0,candidate_2,candidate_4,5,0.028000000000000004
13,candidate_5,candidate_1,candidate_3,candidate_2,candidate_4,5,0.028000000000000004
14,candidate_5,candidate_1,candidate_3,candidate_2,candidate_4,5,0.028000000000000004
15,candidate_5,candidate_1,candidate_3,candidate_2,candidate_4,5,0.028000000000000004
16,candidate_5,candidate_1,candidate_3,candidate_2,candidate_4,5,0.028000000000000004
17,candidate_5,candidate_1,candidate_3,candidate_2,candidate_4,5,0.028000000000000004
18,candidate_5,candidate_1,candidate_3,candidate_2,candidate_4,5,0.028000000000000004
19,candidate_5,candidate_1,candidate_3,candidate_2,candidate_4,5,0.028000000000000004
20,candidate_5,candidate_1,candidate_3,candidate_2,candidate_4,5,0.028000000000000004
21,candidate_5,candidate_1,candidate_3,candidate_2,candidate_4,5,0.028000000000000004
22,candidate_5,candidate_1,candidate_3,candidate_2,candidate_4,5,0.028000000000000004
23,candidate_5,candidate_1,candidate_3,candidate_2,candidate_4,5,0.028000000000000004
24,0,candidate_1,candidate_3,candidate_2,candidate_4,5,0.028000000000000004
25,candidate_5,candidate_1,candidate_3,candidate_2,candidate_4,5,0.028000000000000004
26,candidate_5,candidate_1,candidate_3,candidate_2,candidate_4,5,0.028000000000000004
27,candidate_5,candidate_1,candidate_3,candidate_2,candidate_4,5,0.028000000000000004
28,candidate_5,candidate_1,candidate_3,0,candidate_4,5,0.028000000000000004
29,candidate_5,candidate_1,candidate_3,candidate_2,candidate_4,5,0.028000000000000004
30,candidate_5,candidate_1,candidate_3,candidate_2,candidate_4,5,0.028000000000000004
31,0,candidate_1,candidate_3,candidate_2,candidate_4,5,0.028000000000000004
32,candidate_5,candidate_1,candidate_3,candidate_2,candidate_4,5,0.028000000000000004
33,candidate_5,candidate_1,candidate_3,candidate_2,candidate_4,5,0.028000000000000004
34,candidate_5,candidate_1,candidate_3,candidate_2,candidate_4,5,0.028000000000000004
35,candidate_5,candidate_1,candidate_3,candidate_2,candidate_4,5,0.028000000000000004
36,candidate_5,candidate_1,candidate_3,candidate_2,candidate_4,5,0.028000000000000004
37,candidate_5,candidate_1,candidate_3,candidate_2,candidate_4,5,0.028000000000000004
38,candidate_5,0,candidate_3,candidate_2,0,5,0.028000000000000004
39,candidate_5,candidate_1,candidate_3,candidate_2,candidate_4,5,0.028000000000000004
40,candidate_5,candidate_1,candidate_3,candidate_2,candidate_4,5,0.028000000000000004
41,candidate_5,candidate_1,candidate_3,candidate_2,candidate_4,5,0.028000000000000004
42,candidate_5,candidate_1,0,candidate_2,candidate_4,5,0.028000000000000004
43,candidate_5,candidate_1,candidate_3,candidate_2,candidate_4,5,0.028000000000000004
44,candidate_5,candidate_1,candidate_3,candidate_2,candidate_4,5,0.028000000000000004
45,candidate_5,candidate_1,candidate_3,candidate_2,candidate_4,5,0.028000000000000004
46,candidate_5,candidate_1,candidate_3,candidate_2,0,5,0.028000000000000004
47,candidate_5,candidate_1,candidate_3,candidate_2,candidate_4,5,0.028000000000000004
48,candidate_5,candidate_1,candidate_3,candidate_2,candidate_4,5,0.028000000000000004
49,candidate_5,candidate_1,candidate_3,candidate_2,candidate_4,5,0.028000000000000004
50,candidate_5,candidate_1,candidate_3,candidate_2,candidate_4,5,0.028000000000000004
51,candidate_5,candidate_1,candidate_3,candidate_2,candidate_4,5,0.028000000000000004
52,candidate_5,candidate_1,candidate_3,candidate_2,candidate_4,5,0.028000000000000004
53,candidate_5,candidate_1,candidate_3,candidate_2,candidate_4,5,0.028000000000000004
54,candidate_5,candidate_1,candidate_3,candidate_2,candidate_4,5,0.028000000000000004
55,candidate_5,candidate_1,candidate_3,candidate_2,candidate_4,5,0.028000000000000004
56,candidate_5,candidate_1,candidate_3,candidate_2,candidate_4,5,0.028000000000000004
57,candidate_5,candidate_1,candidate_3,candidate_2,candidate_4,5,0.028000000000000004
58,candidate_5,candidate_1,candidate_3,candidate_2,candidate_4,5,0.028000000000000004
59,candidate_5,candidate_1,candidate_3,candidate_2,candidate_4,5,0.028000000000000004
60,candidate_5,candidate_1,candidate_3,candidate_2,candidate_4,5,0.028000000000000004
61,candidate_5,0,candidate_3,candidate_2,candidate_4,5,0.028000000000000004
62,candidate_5,candidate_1,candidate_3,candidate_2,candidate_4,5,0.028000000000000004
63,candidate_5,candidate_1,candidate_3,candidate_2,candidate_4,5,0.028000000000000004
64,candidate_5,candidate_1,candidate_3,candidate_2,candidate_4,5,0.028000000000000004
65,candidate_5,candidate_1,candidate_3,candidate_2,candidate_4,5,0.028000000000000004
66,candidate_5,candidate_1,candidate_3,candidate_2,candidate_4,5,0.028000000000000004
67,candidate_5,candidate_1,candidate_3,candidate_2,candidate_4,5,0.028000000000000004
68,candidate_5,candidate_1,candidate_3,candidate_2,candidate_4,5,0.028000000000000004
69,candidate_5,candidate_1,candidate_3,candidate_2,candidate_4,5,0.028000000000000004
70,candidate_5,candidate_1,candidate_3,candidate_2,candidate_4,5,0.028000000000000004
71,candidate_5,candidate_1,candidate_3,candidate_2,candidate_4,5,0.028000000000000004
72,candidate_5,candidate_1,candidate_3,candidate_2,candidate_4,5,0.028000000000000004
73,candidate_5,candidate_1,candidate_3,candidate_2,candidate_4,5,0.028000000000000004
74,candidate_5,candidate_1,candidate_3,candidate_2,candidate_4,5,0.028000000000000004
75,candidate_5,candidate_1,candidate_3,candidate_2,candidate_4,5,0.028000000000000004
76,candidate_5,candidate_1,candidate_3,candidate_2,candidate_4,5,0.028000000000000004
77,candidate_5,candidate_1,candidate_3,candidate_2,candidate_4,5,0.028000000000000004
78,candidate_5,candidate_1,candidate_3,candidate_2,candidate_4,5,0.028000000000000004
79,candidate_5,candidate_1,candidate_3,candidate_2,candidate_4,5,0.028000000000000004
80,candidate_5,candidate_1,candidate_3,candidate_2,candidate_4,5,0.028000000000000004
81,candidate_5,candidate_1,candidate_3,candidate_2,candidate_4,5,0.028000000000000004
82,0,candidate_1,0,candidate_2,candidate_4,5,0.028000000000000004
83,0,candidate_1,candidate_3,candidate_2,candidate_4,5,0.028000000000000004
84,candidate_5,candidate_1,candidate_3,candidate_2,candidate_4,5,0.028000000000000004
85,candidate_5,candidate_1,candidate_3,candidate_2,candidate_4,5,0.028000000000000004
86,candidate_5,candidate_1,candidate_3,candidate_2,candidate_4,5,0.028000000000000004
87,candidate_5,candidate_1,candidate_3,candidate_2,candidate_4,5,0.028000000000000004
88,candidate_5,candidate_1,candidate_3,candidate_2,candidate_4,5,0.028000000000000004
89,candidate_5,candidate_1,candidate_3,candidate_2,candidate_4,5,0.028000000000000004
90,candidate_5,candidate_1,candidate_3,candidate_2,candidate_4,5,0.028000000000000004
91,candidate_5,candidate_1,candidate_3,candidate_2,candidate_4,5,0.028000000000000004
92,candidate_5,candidate_1,candidate_3,candidate_2,candidate_4,5,0.028000000000000004
93,candidate_5,candidate_1,candidate_3,candidate_2,candidate_4,5,0.028000000000000004
94,candidate_5,candidate_1,candidate_3,candidate_2,candidate_4,5,0.028000000000000004
95,candidate_5,candidate_1,candidate_3,candidate_2,candidate_4,5,0.028000000000000004
96,candidate_5,candidate_1,candidate_3,candidate_2,candidate_4,5,0.028000000000000004
97,candidate_5,candidate_1,candidate_3,candidate_2,candidate_4,5,0.028000000000000004
98,candidate_5,candidate_1,candidate_3,candidate_2,candidate_4,5,0.028000000000000004
99,candidate_5,candidate_1,candidate_3,candidate_2,candidate_4,5,0.028000000000000004
100,candidate_5,candidate_1,candidate_3,candidate_2,candidate_4,5,0.028000000000000004
101,candidate_5,candidate_1,candidate_3,candidate_2,candidate_4,5,0.028000000000000004
102,candidate_5,candidate_1,candidate_3,candidate_2,0,5,0.028000000000000004
103,candidate_5,candidate_1,candidate_3,candidate_2,candidate_4,5,0.028000000000000004
104,candidate_5,candidate_1,candidate_3,candidate_2,candidate_4,5,0.028000000000000004
105,candidate_5,candidate_1,candidate_3,candidate_2,candidate_4,5,0.028000000000000004
106,candidate_5,candidate_1,candidate_3,candidate_2,candidate_4,5,0.028000000000000004
107,0,candidate_1,candidate_3,candidate_2,candidate_4,5,0.028000000000000004
108,candidate_5,candidate_1,candidate_3,candidate_2,candidate_4,5,0.028000000000000004
109,candidate_5,candidate_1,candidate_3,candidate_2,candidate_4,5,0.028000000000000004
110,candidate_5,candidate_1,candidate_3,candidate_2,candidate_4,5,0.028000000000000004
111,candidate_5,candidate_1,candidate_3,candidate_2,candidate_4,5,0.028000000000000004
112,candidate_5,candidate_1,candidate_3,candidate_2,candidate_4,5,0.028000000000000004
113,candidate_5,candidate_1,candidate_3,candidate_2,candidate_4,5,0.028000000000000004
114,candidate_5,candidate_1,candidate_3,candidate_2,candidate_4,5,0.028000000000000004
115,candidate_5,candidate_1,candidate_3,candidate_2,candidate_4,5,0.028000000000000004
116,candidate_5,candidate_1,candidate_3,candidate_2,candidate_4,5,0.028000000000000004
117,candidate_5,candidate_1,candidate_3,candidate_2,candidate_4,5,0.028000000000000004
118,candidate_5,0,candidate_3,candidate_2,0,5,0.028000000000000004
119,candidate_5,candidate_1,candidate_3,candidate_2,candidate_4,5,0.028000000000000004
120,candidate_5,candidate_1,candidate_3,candidate_2,candidate_4,5,0.028000000000000004
121,candidate_5,candidate_1,candidate_3,0,candidate_4,5,0.028000000000000004
122,candidate_5,candidate_1,candidate_3,candidate_2,candidate_4,5,0.028000000000000004
123,candidate_5,candidate_1,candidate_3,candidate_2,candidate_4,5,0.028000000000000004
124,candidate_5,candidate_1,candidate_3,candidate_2,candidate_4,5,0.028000000000000004
125,candidate_5,candidate_1,candidate_3,candidate_2,candidate_4,5,0.028000000000000004
126,candidate_5,candidate_1,candidate_3,candidate_2,candidate_4,5,0.028000000000000004
127,candidate_5,candidate_1,candidate_3,candidate_2,candidate_4,5,0.028000000000000004
128,candidate_5,candidate_1,candidate_3,candidate_2,candidate_4,5,0.028000000000000004
129,candidate_5,candidate_1,candidate_3,candidate_2,candidate_4,5,0.028000000000000004
130,candidate_5,candidate_1,0,candidate_2,candidate_4,5,0.028000000000000004
131,candidate_5,candidate_1,candidate_3,0,candidate_4,5,0.028000000000000004
132,0,candidate_1,candidate_3,candidate_2,candidate_4,5,0.028000000000000004
133,candidate_5,candidate_1,candidate_3,candidate_2,candidate_4,5,0.028000000000000004
134,candidate_5,candidate_1,candidate_3,candidate_2,candidate_4,5,0.028000000000000004
135,candidate_5,candidate_1,candidate_3,candidate_2,candidate_4,5,0.028000000000000004
136,candidate_5,0,candidate_3,candidate_2,candidate_4,5,0.028000000000000004
137,candidate_5,candidate_1,candidate_3,candidate_2,candidate_4,5,0.028000000000000004
138,candidate_5,candidate_1,candidate_3,candidate_2,candidate_4,5,0.028000000000000004
139,0,candidate_1,candidate_3,candidate_2,candidate_4,5,0.028000000000000004
140,candidate_5,candidate_1,candidate_3,candidate_2,candidate_4,5,0.028000000000000004
141,candidate_5,candidate_1,candidate_3,candidate_2,candidate_4,5,0.028000000000000004
142,candidate_5,candidate_1,candidate_3,candidate_2,candidate_4,5,0.028000000000000004
143,candidate_5,candidate_1,candidate_3,candidate_2,candidate_4,5,0.028000000000000004
144,candidate_5,candidate_1,candidate_3,candidate_2,candidate_4,5,0.028000000000000004
145,candidate_5,candidate_1,candidate_3,candidate_2,candidate_4,5,0.028000000000000004
146,candidate_5,candidate_1,candidate_3,candidate_2,0,5,0.028000000000000004
147,candidate_5,candidate_1,candidate_3,candidate_2,candidate_4,5,0.028000000000000004
148,candidate_5,candidate_1,candidate_3,candidate_2,candidate_4,5,0.028000000000000004
149,0,candidate_1,candidate_3,candidate_2,candidate_4,5,0.028000000000000004
150,0,candidate_1,candidate_3,candidate_2,candidate_4,5,0.028000000000000004
151,candidate_5,candidate_1,candidate_3,candidate_2,candidate_4,5,0.028000000000000004
152,candidate_5,candidate_1,candidate_3,candidate_2,candidate_4,5,0.028000000000000004
153,candidate_5,candidate_1,candidate_3,candidate_2,candidate_4,5,0.028000000000000004
154,candidate_5,candidate_1,candidate_3,candidate_2,candidate_4,5,0.028000000000000004
155,candidate_5,candidate_1,candidate_3,candidate_2,candidate_4,5,0.028000000000000004
156,candidate_5,candidate_1,candidate_3,0,candidate_4,5,0.028000000000000004
157,candidate_5,candidate_1,candidate_3,candidate_2,candidate_4,5,0.028000000000000004
158,candidate_5,candidate_1,candidate_3,candidate_2,candidate_4,5,0.028000000000000004
159,candidate_5,candidate_1,candidate_3,candidate_2,candidate_4,5,0.028000000000000004
160,candidate_5,candidate_1,candidate_3,candidate_2,candidate_4,5,0.028000000000000004
161,candidate_5,candidate_1,candidate_3,candidate_2,candidate_4,5,0.028000000000000004
162,candidate_5,candidate_1,candidate_3,candidate_2,candidate_4,5,0.028000000000000004
163,candidate_5,candidate_1,candidate_3,candidate_2,candidate_4,5,0.028000000000000004
164,candidate_5,candidate_1,candidate_3,candidate_2,candidate_4,5,0.028000000000000004
165,candidate_5,candidate_1,candidate_3,candidate_2,candidate_4,5,0.028000000000000004
166,candidate_5,candidate_1,candidate_3,candidate_2,candidate_4,5,0.028000000000000004
167,candidate_5,candidate_1,candidate_3,candidate_2,candidate_4,5,0.028000000000000004
168,candidate_5,candidate_1,candidate_3,candidate_2,candidate_4,5,0.028000000000000004
169,candidate_5,candidate_1,candidate_3,candidate_2,candidate_4,5,0.028000000000000004
170,candidate_5,candidate_1,candidate_3,candidate_2,candidate_4,5,0.028000000000000004
171,candidate_5,candidate_1,candidate_3,candidate_2,candidate_4,5,0.028000000000000004
172,candidate_5,candidate_1,candidate_3,candidate_2,candidate_4,5,0.028000000000000004
173,candidate_5,candidate_1,candidate_3,candidate_2,candidate_4,5,0.028000000000000004
174,candidate_5,candidate_1,candidate_3,candidate_2,candidate_4,5,0.028000000000000004
175,candidate_5,candidate_1,0,candidate_2,candidate_4,5,0.028000000000000004
176,candidate_5,candidate_1,candidate_3,candidate_2,candidate_4,5,0.028000000000000004
177,candidate_5,candidate_1,candidate_3,candidate_2,candidate_4,5,0.028000000000000004
178,candidate_5,candidate_1,candidate_3,candidate_2,candidate_4,5,0.028000000000000004
179,candidate_5,candidate_1,candidate_3,candidate_2,candidate_4,5,0.028000000000000004
180,candidate_5,candidate_1,candidate_3,candidate_2,candidate_4,5,0.028000000000000004
181,candidate_5,candidate_1,candidate_3,candidate_2,candidate_4,5,0.028000000000000004
182,candidate_5,candidate_1,candidate_3,candidate_2,candidate_4,5,0.028000000000000004
183,candidate_5,0,candidate_3,candidate_2,candidate_4,5,0.028000000000000004
184,candidate_5,candidate_1,candidate_3,candidate_2,candidate_4,5,0.028000000000000004
185,candidate_5,candidate_1,candidate_3,candidate_2,candidate_4,5,0.028000000000000004
186,candidate_5,candidate_1,candidate_3,candidate_2,candidate_4,5,0.028000000000000004
187,candidate_5,candidate_1,candidate_3,candidate_2,candidate_4,5,0.028000000000000004
188,candidate_5,candidate_1,candidate_3,candidate_2,candidate_4,5,0.028000000000000004
189,candidate_5,candidate_1,candidate_3,candidate_2,candidate_4,5,0.028000000000000004
190,candidate_5,candidate_1,candidate_3,candidate_2,candidate_4,5,0.028000000000000004
191,candidate_5,candidate_1,candidate_3,candidate_2,candidate_4,5,0.028000000000000004
192,candidate_5,candidate_1,candidate_3,candidate_2,candidate_4,5,0.028000000000000004
193,candidate_5,candidate_1,candidate_3,candidate_2,candidate_4,5,0.028000000000000004
194,0,candidate_1,candidate_3,candidate_2,candidate_4,5,0.028000000000000004
195,candidate_5,candidate_1,candidate_3,candidate_2,candidate_4,5,0.028000000000000004
196,candidate_5,candidate_1,candidate_3,candidate_2,candidate_4,5,0.028000000000000004
197,candidate_5,candidate_1,candidate_3,candidate_2,candidate_4,5,0.028000000000000004
198,candidate_5,candidate_1,candidate_3,candidate_2,candidate_4,5,0.028000000000000004
199,candidate_5,candidate_1,candidate_3,candidate_2,candidate_4,5,0.028000000000000004
200,candidate_5,candidate_1,candidate_3,candidate_2,candidate_4,5,0.028000000000000004
201,candidate_5,candidate_1,candidate_3,candidate_2,candidate_4,5,0.028000000000000004
202,candidate_5,candidate_1,candidate_3,candidate_2,candidate_4,5,0.028000000000000004
203,candidate_5,candidate_1,candidate_3,candidate_2,candidate_4,5,0.028000000000000004
204,candidate_5,candidate_1,candidate_3,candidate_2,candidate_4,5,0.028000000000000004
205,candidate_5,candidate_1,candidate_3,candidate_2,candidate_4,5,0.028000000000000004
206,candidate_5,candidate_1,candidate_3,candidate_2,candidate_4,5,0.028000000000000004
207,candidate_5,candidate_1,candidate_3,candidate_2,0,5,0.028000000000000004
208,candidate_5,candidate_1,candidate_3,candidate_2,candidate_4,5,0.028000000000000004
209,candidate_5,candidate_1,candidate_3,candidate_2,candidate_4,5,0.028000000000000004
210,candidate_5,candidate_1,candidate_3,candidate_2,candidate_4,5,0.028000000000000004
211,candidate_5,candidate_1,candidate_3,candidate_2,candidate_4,5,0.028000000000000004
212,candidate_5,candidate_1,candidate_3,candidate_2,candidate_4,5,0.028000000000000004
213,candidate_5,candidate_1,candidate_3,candidate_2,candidate_4,5,0.028000000000000004
214,candidate_5,candidate_1,candidate_3,candidate_2,candidate_4,5,0.028000000000000004
215,candidate_5,candidate_1,candidate_3,candidate_2,candidate_4,5,0.028000000000000004
216,candidate_5,candidate_1,candidate_3,candidate_2,candidate_4,5,0.028000000000000004
217,candidate_5,candidate_1,candidate_3,candidate_2,candidate_4,5,0.028000000000000004
218,candidate_5,candidate_1,candidate_3,candidate_2,candidate_4,5,0.028000000000000004
219,candidate_5,candidate_1,candidate_3,0,candidate_4,5,0.028000000000000004
220,candidate_5,candidate_1,candidate_3,candidate_2,candidate_4,5,0.028000000000000004
221,candidate_5,candidate_1,candidate_3,0,candidate_4,5,0.028000000000000004
222,candidate_5,candidate_1,candidate_3,candidate_2,candidate_4,5,0.028000000000000004
223,candidate_5,candidate_1,candidate_3,candidate_2,candidate_4,5,0.028000000000000004
224,candidate_5,candidate_1,candidate_3,candidate_2,0,5,0.028000000000000004
225,candidate_5,candidate_1,candidate_3,candidate_2,candidate_4,5,0.028000000000000004
226,candidate_5,candidate_1,candidate_3,candidate_2,candidate_4,5,0.028000000000000004
227,candidate_5,candidate_1,candidate_3,candidate_2,candidate_4,5,0.028000000000000004
228,candidate_5,0,candidate_3,candidate_2,candidate_4,5,0.028000000000000004
229,candidate_5,0,candidate_3,candidate_2,candidate_4,5,0.028000000000000004
230,candidate_5,candidate_1,candidate_3,candidate_2,candidate_4,5,0.028000000000000004
231,candidate_5,candidate_1,candidate_3,candidate_2,candidate_4,5,0.028000000000000004
232,candidate_5,candidate_1,candidate_3,candidate_2,candidate_4,5,0.028000000000000004
233,candidate_5,candidate_1,candidate_3,candidate_2,candidate_4,5,0.028000000000000004
234,candidate_5,candidate_1,candidate_3,candidate_2,candidate_4,5,0.028000000000000004
235,candidate_5,candidate_1,candidate_3,candidate_2,candidate_4,5,0.028000000000000004
236,candidate_5,candidate_1,candidate_3,candidate_2,candidate_4,5,0.028000000000000004
237,candidate_5,candidate_1,candidate_3,candidate_2,candidate_4,5,0.028000000000000004
238,candidate_5,candidate_1,candidate_3,candidate_2,candidate_4,5,0.028000000000000004
239,candidate_5,candidate_1,candidate_3,candidate_2,candidate_4,5,0.028000000000000004
240,candidate_5,candidate_1,candidate_3,candidate_2,candidate_4,5,0.028000000000000004
241,candidate_5,candidate_1,candidate_3,candidate_2,candidate_4,5,0.028000000000000004
242,candidate_5,candidate_1,candidate_3,candidate_2,candidate_4,5,0.028000000000000004
243,candidate_5,candidate_1,candidate_3,candidate_2,candidate_4,5,0.028000000000000004
244,candidate_5,candidate_1,candidate_3,candidate_2,0,5,0.028000000000000004
245,candidate_5,candidate_1,candidate_3,candidate_2,candidate_4,5,0.028000000000000004
246,candidate_5,candidate_1,candidate_3,candidate_2,candidate_4,5,0.028000000000000004
247,candidate_5,candidate_1,candidate_3,candidate_2,candidate_4,5,0.028000000000000004
248,candidate_5,candidate_1,candidate_3,candidate_2,candidate_4,5,0.028000000000000004
249,candidate_5,candidate_1,candidate_3,candidate_2,candidate_4,5,0.028000000000000004
250,candidate_5,candidate_1,candidate_3,candidate_2,candidate_4,5,0.028000000000000004
251,candidate_5,candidate_1,candidate_3,candidate_2,candidate_4,5,0.028000000000000004
252,candidate_5,candidate_1,candidate_3,candidate_2,candidate_4,5,0.028000000000000004
253,candidate_5,candidate_1,candidate_3,candidate_2,candidate_4,5,0.028000000000000004
254,candidate_5,candidate_1,candidate_3,candidate_2,candidate_4,5,0.028000000000000004
255,candidate_5,candidate_1,candidate_3,candidate_2,candidate_4,5,0.028000000000000004
256,0,candidate_1,candidate_3,candidate_2,candidate_4,5,0.028000000000000004
257,candidate_5,candidate_1,candidate_3,candidate_2,candidate_4,5,0.028000000000000004
258,candidate_5,candidate_1,candidate_3,candidate_2,candidate_4,5,0.028000000000000004
259,candidate_5,candidate_1,candidate_3,candidate_2,candidate_4,5,0.028000000000000004
260,candidate_5,candidate_1,candidate_3,candidate_2,candidate_4,5,0.028000000000000004
261,candidate_5,candidate_1,candidate_3,candidate_2,candidate_4,5,0.028000000000000004
262,candidate_5,candidate_1,candidate_3,candidate_2,candidate_4,5,0.028000000000000004
263,candidate_5,candidate_1,candidate_3,candidate_2,candidate_4,5,0.028000000000000004
264,candidate_5,candidate_1,candidate_3,candidate_2,candidate_4,5,0.028000000000000004
265,candidate_5,candidate_1,candidate_3,0,candidate_4,5,0.028000000000000004
266,candidate_5,candidate_1,candidate_3,candidate_2,candidate_4,5,0.028000000000000004
267,candidate_5,candidate_1,candidate_3,candidate_2,candidate_4,5,0.028000000000000004
268,candidate_5,candidate_1,candidate_3,candidate_2,candidate_4,5,0.028000000000000004
269,candidate_5,candidate_1,candidate_3,candidate_2,candidate_4,5,0.028000000000000004
270,candidate_5,candidate_1,candidate_3,candidate_2,candidate_4,5,0.028000000000000004
271,candidate_5,candidate_1,candidate_3,candidate_2,candidate_4,5,0.028000000000000004
272,candidate_5,candidate_1,candidate_3,candidate_2,candidate_4,5,0.028000000000000004
273,candidate_5,candidate_1,candidate_3,0,candidate_4,5,0.028000000000000004
274,candidate_5,candidate_1,candidate_3,candidate_2,candidate_4,5,0.028000000000000004
275,candidate_5,candidate_1,candidate_3,candidate_2,candidate_4,5,0.028000000000000004
276,candidate_5,candidate_1,candidate_3,candidate_2,candidate_4,5,0.028000000000000004
277,candidate_5,candidate_1,candidate_3,candidate_2,candidate_4,5,0.028000000000000004
278,candidate_5,candidate_1,candidate_3,candidate_2,0,5,0.028000000000000004
279,candidate_5,candidate_1,candidate_3,candidate_2,candidate_4,5,0.028000000000000004
280,candidate_5,candidate_1,candidate_3,candidate_2,candidate_4,5,0.028000000000000004
281,candidate_5,candidate_1,candidate_3,candidate_2,candidate_4,5,0.028000000000000004
282,candidate_5,candidate_1,candidate_3,candidate_2,candidate_4,5,0.028000000000000004
283,candidate_5,candidate_1,candidate_3,candidate_2,candidate_4,5,0.028000000000000004
284,candidate_5,candidate_1,candidate_3,candidate_2,candidate_4,5,0.028000000000000004
285,candidate_5,candidate_1,candidate_3,candidate_2,candidate_4,5,0.028000000000000004
286,candidate_5,candidate_1,candidate_3,0,candidate_4,5,0.028000000000000004
287,candidate_5,0,candidate_3,candidate_2,candidate_4,5,0.028000000000000004
288,candidate_5,candidate_1,candidate_3,candidate_2,candidate_4,5,0.028000000000000004
289,candidate_5,candidate_1,candidate_3,candidate_2,candidate_4,5,0.028000000000000004
290,candidate_5,candidate_1,candidate_3,candidate_2,candidate_4,5,0.028000000000000004
291,candidate_5,candidate_1,candidate_3,candidate_2,candidate_4,5,0.028000000000000004
292,candidate_5,candidate_1,candidate_3,candidate_2,candidate_4,5,0.028000000000000004
293,candidate_5,candidate_1,candidate_3,candidate_2,candidate_4,5,0.028000000000000004
294,candidate_5,candidate_1,candidate_3,candidate_2,candidate_4,5,0.028000000000000004
295,candidate_5,candidate_1,candidate_3,0,candidate_4,5,0.028000000000000004
296,candidate_5,candidate_1,candidate_3,candidate_2,candidate_4,5,0.028000000000000004
297,candidate_5,candidate_1,candidate_3,0,candidate_4,5,0.028000000000000004
298,candidate_5,candidate_1,candidate_3,candidate_2,candidate_4,5,0.028000000000000004
299,candidate_5,candidate_1,candidate_3,candidate_2,candidate_4,5,0.028000000000000004
300,candidate_5,candidate_1,candidate_3,candidate_2,candidate_4,5,0.028000000000000004
301,candidate_5,candidate_1,candidate_3,candidate_2,candidate_4,5,0.028000000000000004
302,candidate_5,candidate_1,candidate_3,candidate_2,candidate_4,5,0.028000000000000004
303,candidate_5,candidate_1,candidate_3,candidate_2,candidate_4,5,0.028000000000000004
304,candidate_5,candidate_1,candidate_3,candidate_2,candidate_4,5,0.028000000000000004
305,candidate_5,candidate_1,candidate_3,candidate_2,candidate_4,5,0.028000000000000004
306,candidate_5,candidate_1,candidate_3,candidate_2,candidate_4,5,0.028000000000000004
307,candidate_5,candidate_1,candidate_3,candidate_2,candidate_4,5,0.028000000000000004
308,candidate_5,candidate_1,candidate_3,candidate_2,candidate_4,5,0.028000000000000004
309,candidate_5,candidate_1,candidate_3,candidate_2,candidate_4,5,0.028000000000000004
310,candidate_5,candidate_1,candidate_3,candidate_2,candidate_4,5,0.028000000000000004
311,candidate_5,candidate_1,candidate_3,candidate_2,candidate_4,5,0.028000000000000004
312,candidate_5,candidate_1,0,candidate_2,candidate_4,5,0.028000000000000004
313,candidate_5,candidate_1,candidate_3,candidate_2,candidate_4,5,0.028000000000000004
314,candidate_5,candidate_1,candidate_3,candidate_2,candidate_4,5,0.028000000000000004
315,candidate_5,candidate_1,candidate_3,candidate_2,candidate_4,5,0.028000000000000004
316,candidate_5,candidate_1,candidate_3,candidate_2,candidate_4,5,0.028000000000000004
317,candidate_5,candidate_1,candidate_3,candidate_2,candidate_4,5,0.028000000000000004
318,candidate_5,candidate_1,candidate_3,candidate_2,candidate_4,5,0.028000000000000004
319,candidate_5,candidate_1,candidate_3,candidate_2,candidate_4,5,0.028000000000000004
320,candidate_5,candidate_1,candidate_3,candidate_2,candidate_4,5,0.028000000000000004
321,candidate_5,candidate_1,candidate_3,candidate_2,candidate_4,5,0.028000000000000004
322,candidate_5,candidate_1,candidate_3,0,candidate_4,5,0.028000000000000004
323,candidate_5,candidate_1,candidate_3,candidate_2,candidate_4,5,0.028000000000000004
324,candidate_5,candidate_1,candidate_3,candidate_2,candidate_4,5,0.028000000000000004
325,candidate_5,candidate_1,candidate_3,0,candidate_4,5,0.028000000000000004
326,candidate_5,candidate_1,candidate_3,candidate_2,candidate_4,5,0.028000000000000004
327,candidate_5,candidate_1,candidate_3,candidate_2,candidate_4,5,0.028000000000000004
328,candidate_5,candidate_1,candidate_3,candidate_2,candidate_4,5,0.028000000000000004
329,candidate_5,candidate_1,candidate_3,candidate_2,candidate_4,5,0.028000000000000004
330,candidate_5,candidate_1,candidate_3,candidate_2,candidate_4,5,0.028000000000000004
331,candidate_5,candidate_1,candidate_3,candidate_2,candidate_4,5,0.028000000000000004
332,candidate_5,candidate_1,candidate_3,candidate_2,candidate_4,5,0.028000000000000004
333,candidate_5,candidate_1,candidate_3,candidate_2,candidate_4,5,0.028000000000000004
334,candidate_5,candidate_1,candidate_3,candidate_2,candidate_4,5,0.028000000000000004
335,candidate_5,candidate_1,candidate_3,candidate_2,candidate_4,5,0.028000000000000004
336,candidate_5,candidate_1,candidate_3,candidate_2,candidate_4,5,0.028000000000000004
337,candidate_5,candidate_1,candidate_3,candidate_2,candidate_4,5,0.028000000000000004
338,candidate_5,candidate_1,candidate_3,candidate_2,candidate_4,5,0.028000000000000004
339,candidate_5,candidate_1,candidate_3,candidate_2,candidate_4,5,0.028000000000000004
340,candidate_5,0,candidate_3,candidate_2,candidate_4,5,0.028000000000000004
341,candidate_5,candidate_1,candidate_3,candidate_2,candidate_4,5,0.028000000000000004
342,candidate_5,candidate_1,candidate_3,candidate_2,candidate_4,5,0.028000000000000004
343,candidate_5,candidate_1,candidate_3,candidate_2,candidate_4,5,0.028000000000000004
344,candidate_5,candidate_1,0,0,candidate_4,5,0.028000000000000004
345,candidate_5,candidate_1,candidate_3,candidate_2,candidate_4,5,0.028000000000000004
346,candidate_5,candidate_1,candidate_3,candidate_2,candidate_4,5,0.028000000000000004
347,candidate_5,candidate_1,candidate_3,candidate_2,candidate_4,5,0.028000000000000004
348,candidate_5,candidate_1,candidate_3,candidate_2,candidate_4,5,0.028000000000000004
349,candidate_5,candidate_1,candidate_3,candidate_2,candidate_4,5,0.028000000000000004
350,candidate_5,candidate_1,candidate_3,candidate_2,candidate_4,5,0.028000000000000004
351,candidate_5,candidate_1,candidate_3,candidate_2,candidate_4,5,0.028000000000000004
352,candidate_5,candidate_1,candidate_3,candidate_2,candidate_4,5,0.028000000000000004
353,candidate_5,candidate_1,candidate_3,candidate_2,candidate_4,5,0.028000000000000004
354,candidate_5,candidate_1,candidate_3,candidate_2,candidate_4,5,0.028000000000000004
355,candidate_5,candidate_1,candidate_3,candidate_2,candidate_4,5,0.028000000000000004
356,0,candidate_1,candidate_3,candidate_2,candidate_4,5,0.028000000000000004
357,candidate_5,candidate_1,candidate_3,candidate_2,candidate_4,5,0.028000000000000004
358,candidate_5,candidate_1,candidate_3,candidate_2,candidate_4,5,0.028000000000000004
359,candidate_5,candidate_1,candidate_3,candidate_2,candidate_4,5,0.028000000000000004
360,candidate_5,candidate_1,candidate_3,candidate_2,candidate_4,5,0.028000000000000004
361,candidate_5,candidate_1,candidate_3,candidate_2,candidate_4,5,0.028000000000000004
362,candidate_5,candidate_1,candidate_3,candidate_2,candidate_4,5,0.028000000000000004
363,candidate_5,candidate_1,candidate_3,candidate_2,candidate_4,5,0.028000000000000004
364,candidate_5,candidate_1,candidate_3,candidate_2,candidate_4,5,0.028000000000000004
365,candidate_5,candidate_1,candidate_3,candidate_2,candidate_4,5,0.028000000000000004
366,candidate_5,candidate_1,candidate_3,candidate_2,candidate_4,5,0.028000000000000004
367,candidate_5,candidate_1,candidate_3,candidate_2,candidate_4,5,0.028000000000000004
368,candidate_5,candidate_1,candidate_3,candidate_2,candidate_4,5,0.028000000000000004
369,candidate_5,candidate_1,0,candidate_2,candidate_4,5,0.028000000000000004
370,candidate_5,candidate_1,candidate_3,candidate_2,candidate_4,5,0.028000000000000004
371,candidate_5,candidate_1,candidate_3,candidate_2,candidate_4,5,0.028000000000000004
372,candidate_5,candidate_1,candidate_3,candidate_2,candidate_4,5,0.028000000000000004
373,candidate_5,candidate_1,candidate_3,0,candidate_4,5,0.028000000000000004
374,candidate_5,candidate_1,candidate_3,candidate_2,candidate_4,5,0.028000000000000004
375,candidate_5,candidate_1,candidate_3,candidate_2,candidate_4,5,0.028000000000000004
376,candidate_5,candidate_1,candidate_3,candidate_2,candidate_4,5,0.028000000000000004
377,candidate_5,candidate_1,candidate_3,candidate_2,candidate_4,5,0.028000000000000004
378,candidate_5,candidate_1,candidate_3,candidate_2,candidate_4,5,0.028000000000000004
379,candidate_5,candidate_1,candidate_3,candidate_2,candidate_4,5,0.028000000000000004
380,candidate_5,candidate_1,candidate_3,candidate_2,candidate_4,5,0.028000000000000004
381,candidate_5,candidate_1,candidate_3,candidate_2,candidate_4,5,0.028000000000000004
382,candidate_5,candidate_1,candidate_3,candidate_2,candidate_4,5,0.028000000000000004
383,candidate_5,candidate_1,candidate_3,candidate_2,candidate_4,5,0.028000000000000004
384,candidate_5,candidate_1,candidate_3,candidate_2,candidate_4,5,0.028000000000000004
385,candidate_5,candidate_1,candidate_3,0,candidate_4,5,0.028000000000000004
386,candidate_5,candidate_1,candidate_3,candidate_2,candidate_4,5,0.028000000000000004
387,candidate_5,candidate_1,0,candidate_2,candidate_4,5,0.028000000000000004
388,0,candidate_1,candidate_3,candidate_2,candidate_4,5,0.028000000000000004
389,candidate_5,candidate_1,candidate_3,candidate_2,candidate_4,5,0.028000000000000004
390,candidate_5,candidate_1,candidate_3,candidate_2,candidate_4,5,0.028000000000000004
391,candidate_5,candidate_1,candidate_3,candidate_2,candidate_4,5,0.028000000000000004
392,candidate_5,candidate_1,candidate_3,candidate_2,candidate_4,5,0.028000000000000004
393,candidate_5,candidate_1,candidate_3,candidate_2,candidate_4,5,0.028000000000000004
394,candidate_5,candidate_1,candidate_3,candidate_2,candidate_4,5,0.028000000000000004
395,candidate_5,candidate_1,candidate_3,candidate_2,candidate_4,5,0.028000000000000004
396,candidate_5,candidate_1,candidate_3,candidate_2,candidate_4,5,0.028000000000000004
397,candidate_5,candidate_1,candidate_3,candidate_2,candidate_4,5,0.028000000000000004
398,candidate_5,candidate_1,candidate_3,candidate_2,candidate_4,5,0.028000000000000004
399,candidate_5,candidate_1,candidate_3,candidate_2,candidate_4,5,0.028000000000000004
400,candidate_5,candidate_1,candidate_3,candidate_2,candidate_4,5,0.028000000000000004
401,candidate_5,candidate_1,candidate_3,candidate_2,candidate_4,5,0.028000000000000004
402,candidate_5,candidate_1,candidate_3,candidate_2,candidate_4,5,0.028000000000000004
403,candidate_5,candidate_1,candidate_3,candidate_2,candidate_4,5,0.028000000000000004
404,0,candidate_1,candidate_3,candidate_2,candidate_4,5,0.028000000000000004
405,candidate_5,candidate_1,candidate_3,candidate_2,candidate_4,5,0.028000000000000004
406,candidate_5,candidate_1,candidate_3,candidate_2,candidate_4,5,0.028000000000000004
407,candidate_5,candidate_1,candidate_3,candidate_2,candidate_4,5,0.028000000000000004
408,candidate_5,candidate_1,candidate_3,candidate_2,candidate_4,5,0.028000000000000004
409,candidate_5,candidate_1,candidate_3,candidate_2,candidate_4,5,0.028000000000000004
410,candidate_5,candidate_1,candidate_3,candidate_2,candidate_4,5,0.028000000000000004
411,candidate_5,candidate_1,candidate_3,candidate_2,candidate_4,5,0.028000000000000004
412,candidate_5,candidate_1,candidate_3,candidate_2,candidate_4,5,0.028000000000000004
413,candidate_5,candidate_1,candidate_3,candidate_2,candidate_4,5,0.028000000000000004
414,candidate_5,candidate_1,candidate_3,candidate_2,0,5,0.028000000000000004
415,candidate_5,candidate_1,candidate_3,candidate_2,candidate_4,5,0.028000000000000004
416,candidate_5,candidate_1,candidate_3,candidate_2,candidate_4,5,0.028000000000000004
417,candidate_5,candidate_1,candidate_3,candidate_2,candidate_4,5,0.028000000000000004
418,candidate_5,candidate_1,candidate_3,candidate_2,candidate_4,5,0.028000000000000004
419,candidate_5,candidate_1,candidate_3,candidate_2,candidate_4,5,0.028000000000000004
420,candidate_5,candidate_1,candidate_3,candidate_2,candidate_4,5,0.028000000000000004
421,candidate_5,candidate_1,candidate_3,candidate_2,candidate_4,5,0.028000000000000004
422,candidate_5,candidate_1,candidate_3,candidate_2,candidate_4,5,0.028000000000000004
423,candidate_5,candidate_1,candidate_3,candidate_2,candidate_4,5,0.028000000000000004
424,candidate_5,candidate_1,candidate_3,candidate_2,candidate_4,5,0.028000000000000004
425,candidate_5,candidate_1,candidate_3,candidate_2,candidate_4,5,0.028000000000000004
426,candidate_5,0,candidate_3,0,candidate_4,5,0.028000000000000004
427,candidate_5,candidate_1,0,candidate_2,candidate_4,5,0.028000000000000004
428,candidate_5,candidate_1,candidate_3,candidate_2,candidate_4,5,0.028000000000000004
429,candidate_5,candidate_1,candidate_3,candidate_2,candidate_4,5,0.028000000000000004
430,candidate_5,candidate_1,candidate_3,candidate_2,candidate_4,5,0.028000000000000004
431,candidate_5,candidate_1,candidate_3,candidate_2,candidate_4,5,0.028000000000000004
432,candidate_5,candidate_1,candidate_3,candidate_2,candidate_4,5,0.028000000000000004
433,candidate_5,candidate_1,candidate_3,candidate_2,candidate_4,5,0.028000000000000004
434,candidate_5,candidate_1,candidate_3,candidate_2,candidate_4,5,0.028000000000000004
435,candidate_5,candidate_1,candidate_3,candidate_2,candidate_4,5,0.028000000000000004
436,candidate_5,candidate_1,candidate_3,candidate_2,candidate_4,5,0.028000000000000004
437,candidate_5,candidate_1,candidate_3,candidate_2,0,5,0.028000000000000004
438,candidate_5,candidate_1,candidate_3,candidate_2,0,5,0.028000000000000004
439,candidate_5,candidate_1,candidate_3,candidate_2,candidate_4,5,0.028000000000000004
440,candidate_5,candidate_1,candidate_3,candidate_2,candidate_4,5,0.028000000000000004
441,candidate_5,candidate_1,candidate_3,candidate_2,candidate_4,5,0.028000000000000004
442,candidate_5,candidate_1,candidate_3,candidate_2,candidate_4,5,0.028000000000000004
443,0,candidate_1,candidate_3,candidate_2,candidate_4,5,0.028000000000000004
444,candidate_5,candidate_1,candidate_3,candidate_2,candidate_4,5,0.028000000000000004
445,candidate_5,candidate_1,candidate_3,candidate_2,candidate_4,5,0.028000000000000004
446,candidate_5,candidate_1,candidate_3,candidate_2,candidate_4,5,0.028000000000000004
447,candidate_5,candidate_1,candidate_3,candidate_2,candidate_4,5,0.028000000000000004
448,candidate_5,candidate_1,candidate_3,candidate_2,candidate_4,5,0.028000000000000004
449,candidate_5,candidate_1,candidate_3,candidate_2,candidate_4,5,0.028000000000000004
450,candidate_5,candidate_1,candidate_3,candidate_2,candidate_4,5,0.028000000000000004
451,candidate_5,candidate_1,candidate_3,candidate_2,candidate_4,5,0.028000000000000004
452,candidate_5,candidate_1,candidate_3,candidate_2,candidate_4,5,0.028000000000000004
453,candidate_5,candidate_1,candidate_3,candidate_2,candidate_4,5,0.028000000000000004
454,candidate_5,candidate_1,candidate_3,0,candidate_4,5,0.028000000000000004
455,candidate_5,candidate_1,candidate_3,candidate_2,candidate_4,5,0.028000000000000004
456,candidate_5,candidate_1,candidate_3,candidate_2,candidate_4,5,0.028000000000000004
457,candidate_5,candidate_1,candidate_3,candidate_2,candidate_4,5,0.028000000000000004
458,candidate_5,candidate_1,candidate_3,candidate_2,candidate_4,5,0.028000000000000004
459,candidate_5,candidate_1,candidate_3,candidate_2,candidate_4,5,0.028000000000000004
460,candidate_5,candidate_1,candidate_3,candidate_2,candidate_4,5,0.028000000000000004
461,candidate_5,candidate_1,candidate_3,candidate_2,candidate_4,5,0.028000000000000004
462,candidate_5,candidate_1,candidate_3,candidate_2,candidate_4,5,0.028000000000000004
463,0,candidate_1,candidate_3,candidate_2,candidate_4,5,0.028000000000000004
464,candidate_5,candidate_1,candidate_3,candidate_2,candidate_4,5,0.028000000000000004
465,candidate_5,candidate_1,candidate_3,candidate_2,candidate_4,5,0.028000000000000004
466,candidate_5,candidate_1,candidate_3,candidate_2,candidate_4,5,0.028000000000000004
467,candidate_5,0,candidate_3,candidate_2,candidate_4,5,0.028000000000000004
468,candidate_5,candidate_1,candidate_3,0,candidate_4,5,0.028000000000000004
469,candidate_5,candidate_1,candidate_3,candidate_2,candidate_4,5,0.028000000000000004
470,candidate_5,candidate_1,candidate_3,candidate_2,candidate_4,5,0.028000000000000004
471,candidate_5,candidate_1,candidate_3,candidate_2,candidate_4,5,0.028000000000000004
472,candidate_5,candidate_1,candidate_3,candidate_2,candidate_4,5,0.028000000000000004
473,candidate_5,candidate_1,candidate_3,candidate_2,candidate_4,5,0.028000000000000004
474,candidate_5,candidate_1,candidate_3,candidate_2,candidate_4,5,0.028000000000000004
475,candidate_5,candidate_1,candidate_3,candidate_2,candidate_4,5,0.028000000000000004
476,candidate_5,candidate_1,candidate_3,candidate_2,candidate_4,5,0.028000000000000004
477,candidate_5,candidate_1,candidate_3,candidate_2,candidate_4,5,0.028000000000000004
478,candidate_5,candidate_1,candidate_3,candidate_2,candidate_4,5,0.028000000000000004
479,candidate_5,candidate_1,candidate_3,candidate_2,candidate_4,5,0.028000000000000004
480,candidate_5,candidate_1,candidate_3,candidate_2,candidate_4,5,0.028000000000000004
481,candidate_5,candidate_1,candidate_3,candidate_2,candidate_4,5,0.028000000000000004
482,candidate_5,candidate_1,candidate_3,candidate_2,candidate_4,5,0.028000000000000004
483,candidate_5,candidate_1,candidate_3,candidate_2,candidate_4,5,0.028000000000000004
484,candidate_5,candidate_1,candidate_3,candidate_2,candidate_4,5,0.028000000000000004
485,candidate_5,candidate_1,candidate_3,candidate_2,candidate_4,5,0.028000000000000004
486,candidate_5,candidate_1,candidate_3,candidate_2,candidate_4,5,0.028000000000000004
487,candidate_5,candidate_1,candidate_3,candidate_2,candidate_4,5,0.028000000000000004
488,candidate_5,candidate_1,candidate_3,candidate_2,candidate_4,5,0.028000000000000004
489,candidate_5,candidate_1,candidate_3,candidate_2,candidate_4,5,0.028000000000000004
490,candidate_5,candidate_1,candidate_3,candidate_2,candidate_4,5,0.028000000000000004
491,candidate_5,candidate_1,candidate_3,candidate_2,candidate_4,5,0.028000000000000004
492,candidate_5,candidate_1,candidate_3,candidate_2,candidate_4,5,0.028000000000000004
493,candidate_5,candidate_1,candidate_3,candidate_2,candidate_4,5,0.028000000000000004
494,candidate_5,candidate_1,candidate_3,candidate_2,candidate_4,5,0.028000000000000004
495,candidate_5,candidate_1,candidate_3,0,candidate_4,5,0.028000000000000004
496,candidate_5,candidate_1,candidate_3,candidate_2,candidate_4,5,0.028000000000000004
497,candidate_5,candidate_1,candidate_3,candidate_2,candidate_4,5,0.028000000000000004
498,candidate_5,candidate_1,candidate_3,candidate_2,candidate_4,5,0.028000000000000004
499,candidate_5,candidate_1,candidate_3,candidate_2,candidate_4,5,0.028000000000000004
500,candidate_5,candidate_1,candidate_3,candidate_2,candidate_4,5,0.028000000000000004
501,candidate_5,candidate_1,candidate_3,candidate_2,candidate_4,5,0.028000000000000004
502,candidate_5,candidate_1,candidate_3,candidate_2,candidate_4,5,0.028000000000000004
503,candidate_5,candidate_1,candidate_3,candidate_2,candidate_4,5,0.028000000000000004
504,candidate_5,candidate_1,candidate_3,candidate_2,candidate_4,5,0.028000000000000004
505,candidate_5,candidate_1,candidate_3,candidate_2,candidate_4,5,0.028000000000000004
506,candidate_5,candidate_1,candidate_3,candidate_2,candidate_4,5,0.028000000000000004
507,candidate_5,candidate_1,candidate_3,candidate_2,candidate_4,5,0.028000000000000004
508,candidate_5,candidate_1,candidate_3,candidate_2,candidate_4,5,0.028000000000000004
509,candidate_5,candidate_1,candidate_3,candidate_2,candidate_4,5,0.028000000000000004
510,candidate_5,candidate_1,candidate_3,candidate_2,candidate_4,5,0.028000000000000004
511,candidate_5,candidate_1,candidate_3,candidate_2,candidate_4,5,0.028000000000000004
512,candidate_5,candidate_1,candidate_3,candidate_2,candidate_4,5,0.028000000000000004
513,0,0,candidate_3,candidate_2,candidate_4,5,0.028000000000000004
514,candidate_5,candidate_1,candidate_3,candidate_2,candidate_4,5,0.028000000000000004
515,candidate_5,candidate_1,candidate_3,candidate_2,candidate_4,5,0.028000000000000004
516,candidate_5,candidate_1,candidate_3,candidate_2,candidate_4,5,0.028000000000000004
517,0,candidate_1,candidate_3,candidate_2,candidate_4,5,0.028000000000000004
518,candidate_5,candidate_1,candidate_3,candidate_2,candidate_4,5,0.028000000000000004
519,candidate_5,candidate_1,candidate_3,candidate_2,candidate_4,5,0.028000000000000004
520,candidate_5,candidate_1,candidate_3,candidate_2,candidate_4,5,0.028000000000000004
521,candidate_5,candidate_1,candidate_3,0,candidate_4,5,0.028000000000000004
522,candidate_5,candidate_1,candidate_3,candidate_2,candidate_4,5,0.028000000000000004
0,candidate_5,candidate_1,0,candidate_4,candidate_2,5,0.028000000000000004
1,candidate_5,candidate_1,candidate_3,candidate_4,candidate_2,5,0.028000000000000004
2,candidate_5,candidate_1,candidate_3,candidate_4,candidate_2,5,0.028000000000000004
3,candidate_5,candidate_1,candidate_3,candidate_4,candidate_2,5,0.028000000000000004
4,candidate_5,candidate_1,candidate_3,candidate_4,candidate_2,5,0.028000000000000004
5,candidate_5,candidate_1,candidate_3,candidate_4,candidate_2,5,0.028000000000000004
6,candidate_5,candidate_1,candidate_3,candidate_4,candidate_2,5,0.028000000000000004
7,candidate_5,candidate_1,candidate_3,candidate_4,candidate_2,5,0.028000000000000004
8,candidate_5,candidate_1,candidate_3,candidate_4,candidate_2,5,0.028000000000000004
9,candidate_5,candidate_1,candidate_3,candidate_4,candidate_2,5,0.028000000000000004
10,candidate_5,candidate_1,candidate_3,candidate_4,candidate_2,5,0.028000000000000004
11,candidate_5,0,candidate_3,candidate_4,candidate_2,5,0.028000000000000004
12,candidate_5,candidate_1,candidate_3,candidate_4,candidate_2,5,0.028000000000000004
13,candidate_5,candidate_1,candidate_3,candidate_4,candidate_2,5,0.028000000000000004
14,candidate_5,candidate_1,candidate_3,candidate_4,0,5,0.028000000000000004
15,candidate_5,candidate_1,candidate_3,candidate_4,candidate_2,5,0.028000000000000004
16,candidate_5,candidate_1,candidate_3,candidate_4,candidate_2,5,0.028000000000000004
17,candidate_5,candidate_1,candidate_3,candidate_4,candidate_2,5,0.028000000000000004
18,candidate_5,candidate_1,candidate_3,candidate_4,candidate_2,5,0.028000000000000004
19,candidate_5,candidate_1,candidate_3,candidate_4,candidate_2,5,0.028000000000000004
20,candidate_5,candidate_1,candidate_3,candidate_4,candidate_2,5,0.028000000000000004
21,candidate_5,candidate_1,candidate_3,candidate_4,candidate_2,5,0.028000000000000004
22,candidate_5,candidate_1,candidate_3,candidate_4,candidate_2,5,0.028000000000000004
23,candidate_5,candidate_1,candidate_3,candidate_4,candidate_2,5,0.028000000000000004
24,0,candidate_1,candidate_3,candidate_4,candidate_2,5,0.028000000000000004
25,0,candidate_1,candidate_3,candidate_4,candidate_2,5,0.028000000000000004
26,candidate_5,candidate_1,candidate_3,candidate_4,candidate_2,5,0.028000000000000004
27,candidate_5,candidate_1,candidate_3,candidate_4,candidate_2,5,0.028000000000000004
28,candidate_5,candidate_1,candidate_3,candidate_4,candidate_2,5,0.028000000000000004
29,0,candidate_1,candidate_3,candidate_4,candidate_2,5,0.028000000000000004
30,candidate_5,candidate_1,candidate_3,candidate_4,candidate_2,5,0.028000000000000004
31,candidate_5,candidate_1,candidate_3,candidate_4,candidate_2,5,0.028000000000000004
32,candidate_5,candidate_1,candidate_3,candidate_4,candidate_2,5,0.028000000000000004
33,candidate_5,candidate_1,candidate_3,candidate_4,candidate_2,5,0.028000000000000004
34,candidate_5,candidate_1,candidate_3,candidate_4,candidate_2,5,0.028000000000000004
35,candidate_5,candidate_1,candidate_3,candidate_4,candidate_2,5,0.028000000000000004
36,candidate_5,candidate_1,candidate_3,candidate_4,candidate_2,5,0.028000000000000004
37,candidate_5,candidate_1,candidate_3,candidate_4,candidate_2,5,0.028000000000000004
38,candidate_5,candidate_1,candidate_3,candidate_4,candidate_2,5,0.028000000000000004
39,candidate_5,candidate_1,candidate_3,candidate_4,candidate_2,5,0.028000000000000004
40,candidate_5,candidate_1,candidate_3,candidate_4,candidate_2,5,0.028000000000000004
41,candidate_5,candidate_1,candidate_3,candidate_4,candidate_2,5,0.028000000000000004
42,candidate_5,candidate_1,candidate_3,candidate_4,candidate_2,5,0.028000000000000004
43,candidate_5,candidate_1,candidate_3,candidate_4,candidate_2,5,0.028000000000000004
44,candidate_5,candidate_1,candidate_3,candidate_4,candidate_2,5,0.028000000000000004
45,candidate_5,candidate_1,candidate_3,candidate_4,candidate_2,5,0.028000000000000004
46,candidate_5,candidate_1,candidate_3,candidate_4,candidate_2,5,0.028000000000000004
47,candidate_5,candidate_1,candidate_3,candidate_4,candidate_2,5,0.028000000000000004
48,candidate_5,candidate_1,candidate_3,candidate_4,candidate_2,5,0.028000000000000004
49,candidate_5,candidate_1,candidate_3,candidate_4,candidate_2,5,0.028000000000000004
50,candidate_5,candidate_1,candidate_3,candidate_4,candidate_2,5,0.028000000000000004
51,candidate_5,candidate_1,candidate_3,candidate_4,candidate_2,5,0.028000000000000004
52,candidate_5,candidate_1,candidate_3,candidate_4,candidate_2,5,0.028000000000000004
53,candidate_5,candidate_1,candidate_3,candidate_4,candidate_2,5,0.028000000000000004
54,candidate_5,candidate_1,candidate_3,candidate_4,candidate_2,5,0.028000000000000004
55,candidate_5,candidate_1,candidate_3,candidate_4,candidate_2,5,0.028000000000000004
56,candidate_5,candidate_1,candidate_3,candidate_4,candidate_2,5,0.028000000000000004
57,candidate_5,candidate_1,candidate_3,candidate_4,candidate_2,5,0.028000000000000004
58,candidate_5,candidate_1,candidate_3,candidate_4,candidate_2,5,0.028000000000000004
59,candidate_5,candidate_1,candidate_3,candidate_4,candidate_2,5,0.028000000000000004
60,candidate_5,candidate_1,candidate_3,candidate_4,candidate_2,5,0.028000000000000004
61,candidate_5,candidate_1,candidate_3,candidate_4,candidate_2,5,0.028000000000000004
62,candidate_5,candidate_1,candidate_3,candidate_4,candidate_2,5,0.028000000000000004
63,candidate_5,candidate_1,candidate_3,candidate_4,candidate_2,5,0.028000000000000004
64,candidate_5,candidate_1,candidate_3,candidate_4,candidate_2,5,0.028000000000000004
65,candidate_5,candidate_1,candidate_3,candidate_4,candidate_2,5,0.028000000000000004
66,candidate_5,candidate_1,candidate_3,candidate_4,candidate_2,5,0.028000000000000004
67,candidate_5,candidate_1,candidate_3,candidate_4,candidate_2,5,0.028000000000000004
68,candidate_5,candidate_1,candidate_3,candidate_4,candidate_2,5,0.028000000000000004
69,candidate_5,candidate_1,candidate_3,candidate_4,candidate_2,5,0.028000000000000004
70,candidate_5,candidate_1,candidate_3,candidate_4,candidate_2,5,0.028000000000000004
71,candidate_5,candidate_1,candidate_3,candidate_4,candidate_2,5,0.028000000000000004
72,candidate_5,candidate_1,candidate_3,candidate_4,candidate_2,5,0.028000000000000004
73,candidate_5,candidate_1,candidate_3,candidate_4,candidate_2,5,0.028000000000000004
74,candidate_5,candidate_1,candidate_3,candidate_4,candidate_2,5,0.028000000000000004
75,0,candidate_1,candidate_3,candidate_4,candidate_2,5,0.028000000000000004
76,candidate_5,candidate_1,candidate_3,candidate_4,candidate_2,5,0.028000000000000004
77,candidate_5,0,candidate_3,candidate_4,candidate_2,5,0.028000000000000004
78,candidate_5,candidate_1,0,candidate_4,candidate_2,5,0.028000000000000004
79,candidate_5,candidate_1,candidate_3,candidate_4,candidate_2,5,0.028000000000000004
80,candidate_5,candidate_1,candidate_3,candidate_4,candidate_2,5,0.028000000000000004
81,candidate_5,candidate_1,candidate_3,candidate_4,candidate_2,5,0.028000000000000004
82,candidate_5,candidate_1,candidate_3,candidate_4,candidate_2,5,0.028000000000000004
83,candidate_5,candidate_1,candidate_3,candidate_4,candidate_2,5,0.028000000000000004
84,candidate_5,candidate_1,candidate_3,candidate_4,candidate_2,5,0.028000000000000004
85,candidate_5,candidate_1,candidate_3,candidate_4,candidate_2,5,0.028000000000000004
86,candidate_5,candidate_1,candidate_3,candidate_4,candidate_2,5,0.028000000000000004
87,candidate_5,candidate_1,candidate_3,candidate_4,candidate_2,5,0.028000000000000004
88,candidate_5,candidate_1,candidate_3,candidate_4,candidate_2,5,0.028000000000000004
89,candidate_5,candidate_1,candidate_3,candidate_4,candidate_2,5,0.028000000000000004
90,candidate_5,candidate_1,candidate_3,candidate_4,candidate_2,5,0.028000000000000004
91,candidate_5,candidate_1,candidate_3,candidate_4,candidate_2,5,0.028000000000000004
92,candidate_5,candidate_1,candidate_3,candidate_4,candidate_2,5,0.028000000000000004
93,candidate_5,candidate_1,candidate_3,candidate_4,candidate_2,5,0.028000000000000004
94,candidate_5,candidate_1,candidate_3,candidate_4,candidate_2,5,0.028000000000000004
95,candidate_5,candidate_1,candidate_3,candidate_4,candidate_2,5,0.028000000000000004
96,candidate_5,candidate_1,candidate_3,candidate_4,candidate_2,5,0.028000000000000004
97,candidate_5,candidate_1,candidate_3,candidate_4,candidate_2,5,0.028000000000000004
98,candidate_5,candidate_1,candidate_3,candidate_4,candidate_2,5,0.028000000000000004
99,candidate_5,candidate_1,candidate_3,candidate_4,candidate_2,5,0.028000000000000004
100,0,candidate_1,candidate_3,candidate_4,candidate_2,5,0.028000000000000004
101,candidate_5,candidate_1,candidate_3,candidate_4,candidate_2,5,0.028000000000000004
102,candidate_5,candidate_1,candidate_3,candidate_4,candidate_2,5,0.028000000000000004
103,candidate_5,candidate_1,candidate_3,candidate_4,candidate_2,5,0.028000000000000004
104,candidate_5,candidate_1,candidate_3,candidate_4,candidate_2,5,0.028000000000000004
105,candidate_5,candidate_1,candidate_3,candidate_4,candidate_2,5,0.028000000000000004
106,candidate_5,candidate_1,candidate_3,candidate_4,candidate_2,5,0.028000000000000004
107,candidate_5,candidate_1,candidate_3,candidate_4,candidate_2,5,0.028000000000000004
108,candidate_5,candidate_1,candidate_3,candidate_4,candidate_2,5,0.028000000000000004
109,candidate_5,candidate_1,candidate_3,candidate_4,candidate_2,5,0.028000000000000004
110,candidate_5,candidate_1,candidate_3,candidate_4,candidate_2,5,0.028000000000000004
111,candidate_5,candidate_1,candidate_3,candidate_4,candidate_2,5,0.028000000000000004
112,candidate_5,candidate_1,candidate_3,candidate_4,candidate_2,5,0.028000000000000004
113,candidate_5,candidate_1,candidate_3,candidate_4,candidate_2,5,0.028000000000000004
114,candidate_5,candidate_1,candidate_3,candidate_4,candidate_2,5,0.028000000000000004
115,candidate_5,candidate_1,candidate_3,candidate_4,candidate_2,5,0.028000000000000004
116,candidate_5,candidate_1,candidate_3,candidate_4,candidate_2,5,0.028000000000000004
117,candidate_5,candidate_1,candidate_3,candidate_4,candidate_2,5,0.028000000000000004
118,candidate_5,candidate_1,candidate_3,candidate_4,candidate_2,5,0.028000000000000004
119,candidate_5,candidate_1,candidate_3,candidate_4,candidate_2,5,0.028000000000000004
120,candidate_5,candidate_1,candidate_3,candidate_4,candidate_2,5,0.028000000000000004
121,candidate_5,candidate_1,candidate_3,candidate_4,candidate_2,5,0.028000000000000004
122,candidate_5,candidate_1,candidate_3,candidate_4,candidate_2,5,0.028000000000000004
123,candidate_5,candidate_1,candidate_3,candidate_4,candidate_2,5,0.028000000000000004
124,candidate_5,candidate_1,candidate_3,candidate_4,candidate_2,5,0.028000000000000004
125,candidate_5,candidate_1,candidate_3,candidate_4,0,5,0.028000000000000004
126,candidate_5,candidate_1,candidate_3,candidate_4,candidate_2,5,0.028000000000000004
127,candidate_5,candidate_1,candidate_3,candidate_4,candidate_2,5,0.028000000000000004
128,candidate_5,candidate_1,candidate_3,candidate_4,candidate_2,5,0.028000000000000004
129,candidate_5,candidate_1,candidate_3,candidate_4,candidate_2,5,0.028000000000000004
130,candidate_5,candidate_1,candidate_3,candidate_4,candidate_2,5,0.028000000000000004
131,candidate_5,candidate_1,candidate_3,candidate_4,candidate_2,5,0.028000000000000004
132,candidate_5,candidate_1,candidate_3,candidate_4,candidate_2,5,0.028000000000000004
133,candidate_5,candidate_1,candidate_3,candidate_4,candidate_2,5,0.028000000000000004
134,candidate_5,candidate_1,candidate_3,candidate_4,candidate_2,5,0.028000000000000004
135,candidate_5,candidate_1,candidate_3,candidate_4,candidate_2,5,0.028000000000000004
136,candidate_5,candidate_1,candidate_3,candidate_4,candidate_2,5,0.028000000000000004
137,candidate_5,candidate_1,candidate_3,candidate_4,candidate_2,5,0.028000000000000004
138,candidate_5,candidate_1,candidate_3,candidate_4,candidate_2,5,0.028000000000000004
139,candidate_5,candidate_1,candidate_3,candidate_4,candidate_2,5,0.028000000000000004
140,candidate_5,candidate_1,candidate_3,candidate_4,candidate_2,5,0.028000000000000004
141,candidate_5,candidate_1,candidate_3,candidate_4,candidate_2,5,0.028000000000000004
142,candidate_5,candidate_1,0,candidate_4,candidate_2,5,0.028000000000000004
143,candidate_5,candidate_1,0,candidate_4,candidate_2,5,0.028000000000000004
144,candidate_5,candidate_1,candidate_3,candidate_4,candidate_2,5,0.028000000000000004
145,candidate_5,candidate_1,candidate_3,candidate_4,candidate_2,5,0.028000000000000004
146,candidate_5,candidate_1,candidate_3,candidate_4,candidate_2,5,0.028000000000000004
147,candidate_5,candidate_1,candidate_3,candidate_4,0,5,0.028000000000000004
148,candidate_5,candidate_1,candidate_3,candidate_4,candidate_2,5,0.028000000000000004
149,candidate_5,candidate_1,candidate_3,candidate_4,candidate_2,5,0.028000000000000004
150,candidate_5,candidate_1,candidate_3,candidate_4,candidate_2,5,0.028000000000000004
151,candidate_5,candidate_1,candidate_3,candidate_4,candidate_2,5,0.028000000000000004
152,candidate_5,0,candidate_3,candidate_4,candidate_2,5,0.028000000000000004
153,candidate_5,candidate_1,candidate_3,candidate_4,candidate_2,5,0.028000000000000004
154,candidate_5,candidate_1,0,candidate_4,candidate_2,5,0.028000000000000004
155,candidate_5,candidate_1,candidate_3,candidate_4,candidate_2,5,0.028000000000000004
156,candidate_5,candidate_1,candidate_3,candidate_4,candidate_2,5,0.028000000000000004
157,0,candidate_1,candidate_3,candidate_4,candidate_2,5,0.028000000000000004
158,candidate_5,candidate_1,candidate_3,candidate_4,candidate_2,5,0.028000000000000004
159,candidate_5,candidate_1,candidate_3,candidate_4,candidate_2,5,0.028000000000000004
160,candidate_5,candidate_1,candidate_3,candidate_4,candidate_2,5,0.028000000000000004
161,candidate_5,candidate_1,candidate_3,0,candidate_2,5,0.028000000000000004
162,candidate_5,candidate_1,candidate_3,candidate_4,candidate_2,5,0.028000000000000004
163,candidate_5,candidate_1,candidate_3,candidate_4,candidate_2,5,0.028000000000000004
164,candidate_5,candidate_1,candidate_3,candidate_4,candidate_2,5,0.028000000000000004
165,candidate_5,candidate_1,candidate_3,candidate_4,candidate_2,5,0.028000000000000004
166,candidate_5,candidate_1,0,candidate_4,candidate_2,5,0.028000000000000004
167,candidate_5,candidate_1,candidate_3,candidate_4,0,5,0.028000000000000004
168,candidate_5,candidate_1,candidate_3,candidate_4,candidate_2,5,0.028000000000000004
169,candidate_5,candidate_1,candidate_3,candidate_4,candidate_2,5,0.028000000000000004
170,candidate_5,candidate_1,candidate_3,candidate_4,candidate_2,5,0.028000000000000004
171,candidate_5,candidate_1,candidate_3,candidate_4,candidate_2,5,0.028000000000000004
172,candidate_5,candidate_1,candidate_3,candidate_4,candidate_2,5,0.028000000000000004
173,0,candidate_1,candidate_3,candidate_4,candidate_2,5,0.028000000000000004
174,candidate_5,candidate_1,candidate_3,candidate_4,candidate_2,5,0.028000000000000004
175,candidate_5,candidate_1,candidate_3,candidate_4,candidate_2,5,0.028000000000000004
176,candidate_5,candidate_1,candidate_3,candidate_4,candidate_2,5,0.028000000000000004
177,candidate_5,candidate_1,candidate_3,candidate_4,candidate_2,5,0.028000000000000004
178,candidate_5,candidate_1,candidate_3,candidate_4,candidate_2,5,0.028000000000000004
179,candidate_5,candidate_1,candidate_3,0,candidate_2,5,0.028000000000000004
180,candidate_5,candidate_1,candidate_3,candidate_4,candidate_2,5,0.028000000000000004
181,candidate_5,candidate_1,candidate_3,candidate_4,candidate_2,5,0.028000000000000004
182,candidate_5,candidate_1,candidate_3,candidate_4,candidate_2,5,0.028000000000000004
183,candidate_5,candidate_1,candidate_3,candidate_4,candidate_2,5,0.028000000000000004
184,candidate_5,candidate_1,candidate_3,candidate_4,candidate_2,5,0.028000000000000004
185,candidate_5,candidate_1,candidate_3,0,candidate_2,5,0.028000000000000004
186,candidate_5,candidate_1,candidate_3,candidate_4,candidate_2,5,0.028000000000000004
187,candidate_5,candidate_1,candidate_3,candidate_4,candidate_2,5,0.028000000000000004
188,candidate_5,candidate_1,candidate_3,candidate_4,candidate_2,5,0.028000000000000004
189,candidate_5,candidate_1,candidate_3,candidate_4,candidate_2,5,0.028000000000000004
190,candidate_5,candidate_1,candidate_3,candidate_4,candidate_2,5,0.028000000000000004
191,candidate_5,candidate_1,candidate_3,candidate_4,candidate_2,5,0.028000000000000004
192,candidate_5,candidate_1,candidate_3,candidate_4,candidate_2,5,0.028000000000000004
193,candidate_5,candidate_1,candidate_3,candidate_4,candidate_2,5,0.028000000000000004
194,candidate_5,0,candidate_3,candidate_4,candidate_2,5,0.028000000000000004
195,candidate_5,candidate_1,candidate_3,candidate_4,candidate_2,5,0.028000000000000004
196,candidate_5,candidate_1,candidate_3,candidate_4,candidate_2,5,0.028000000000000004
197,candidate_5,candidate_1,candidate_3,candidate_4,candidate_2,5,0.028000000000000004
198,candidate_5,candidate_1,candidate_3,candidate_4,candidate_2,5,0.028000000000000004
199,candidate_5,candidate_1,candidate_3,candidate_4,candidate_2,5,0.028000000000000004
200,candidate_5,candidate_1,candidate_3,candidate_4,candidate_2,5,0.028000000000000004
201,candidate_5,candidate_1,candidate_3,candidate_4,candidate_2,5,0.028000000000000004
202,candidate_5,candidate_1,candidate_3,candidate_4,candidate_2,5,0.028000000000000004
203,0,candidate_1,candidate_3,candidate_4,candidate_2,5,0.028000000000000004
204,candidate_5,candidate_1,candidate_3,candidate_4,candidate_2,5,0.028000000000000004
205,candidate_5,candidate_1,candidate_3,candidate_4,candidate_2,5,0.028000000000000004
206,candidate_5,candidate_1,candidate_3,candidate_4,candidate_2,5,0.028000000000000004
207,candidate_5,candidate_1,candidate_3,candidate_4,candidate_2,5,0.028000000000000004
208,candidate_5,candidate_1,candidate_3,candidate_4,candidate_2,5,0.028000000000000004
209,candidate_5,candidate_1,candidate_3,candidate_4,candidate_2,5,0.028000000000000004
210,candidate_5,candidate_1,candidate_3,candidate_4,candidate_2,5,0.028000000000000004
211,candidate_5,candidate_1,candidate_3,candidate_4,candidate_2,5,0.028000000000000004
212,candidate_5,candidate_1,candidate_3,candidate_4,candidate_2,5,0.028000000000000004
213,candidate_5,candidate_1,candidate_3,candidate_4,candidate_2,5,0.028000000000000004
214,candidate_5,candidate_1,candidate_3,candidate_4,candidate_2,5,0.028000000000000004
215,candidate_5,candidate_1,candidate_3,candidate_4,candidate_2,5,0.028000000000000004
216,candidate_5,candidate_1,candidate_3,candidate_4,candidate_2,5,0.028000000000000004
217,candidate_5,candidate_1,candidate_3,candidate_4,candidate_2,5,0.028000000000000004
218,candidate_5,candidate_1,candidate_3,0,candidate_2,5,0.028000000000000004
219,candidate_5,candidate_1,candidate_3,candidate_4,candidate_2,5,0.028000000000000004
220,candidate_5,candidate_1,candidate_3,candidate_4,candidate_2,5,0.028000000000000004
221,candidate_5,candidate_1,candidate_3,candidate_4,candidate_2,5,0.028000000000000004
222,candidate_5,candidate_1,candidate_3,candidate_4,candidate_2,5,0.028000000000000004
223,candidate_5,candidate_1,candidate_3,candidate_4,candidate_2,5,0.028000000000000004
224,candidate_5,candidate_1,candidate_3,candidate_4,candidate_2,5,0.028000000000000004
225,candidate_5,candidate_1,candidate_3,candidate_4,candidate_2,5,0.028000000000000004
226,candidate_5,candidate_1,candidate_3,candidate_4,candidate_2,5,0.028000000000000004
227,candidate_5,candidate_1,candidate_3,candidate_4,candidate_2,5,0.028000000000000004
228,candidate_5,candidate_1,candidate_3,candidate_4,candidate_2,5,0.028000000000000004
229,candidate_5,candidate_1,candidate_3,candidate_4,candidate_2,5,0.028000000000000004
230,candidate_5,candidate_1,candidate_3,candidate_4,candidate_2,5,0.028000000000000004
231,candidate_5,candidate_1,candidate_3,candidate_4,candidate_2,5,0.028000000000000004
232,candidate_5,candidate_1,candidate_3,candidate_4,candidate_2,5,0.028000000000000004
233,candidate_5,candidate_1,candidate_3,candidate_4,candidate_2,5,0.028000000000000004
234,candidate_5,candidate_1,candidate_3,candidate_4,candidate_2,5,0.028000000000000004
235,candidate_5,candidate_1,candidate_3,candidate_4,candidate_2,5,0.028000000000000004
236,candidate_5,candidate_1,candidate_3,candidate_4,candidate_2,5,0.028000000000000004
237,candidate_5,candidate_1,candidate_3,candidate_4,candidate_2,5,0.028000000000000004
238,candidate_5,candidate_1,candidate_3,candidate_4,candidate_2,5,0.028000000000000004
239,candidate_5,candidate_1,candidate_3,candidate_4,candidate_2,5,0.028000000000000004
240,candidate_5,candidate_1,candidate_3,candidate_4,candidate_2,5,0.028000000000000004
241,candidate_5,candidate_1,candidate_3,candidate_4,candidate_2,5,0.028000000000000004
242,candidate_5,candidate_1,candidate_3,candidate_4,candidate_2,5,0.028000000000000004
243,candidate_5,candidate_1,candidate_3,candidate_4,candidate_2,5,0.028000000000000004
244,candidate_5,candidate_1,candidate_3,candidate_4,candidate_2,5,0.028000000000000004
245,candidate_5,candidate_1,candidate_3,0,candidate_2,5,0.028000000000000004
246,candidate_5,candidate_1,candidate_3,candidate_4,candidate_2,5,0.028000000000000004
247,candidate_5,candidate_1,candidate_3,candidate_4,candidate_2,5,0.028000000000000004
248,candidate_5,candidate_1,candidate_3,candidate_4,candidate_2,5,0.028000000000000004
249,candidate_5,candidate_1,candidate_3,candidate_4,candidate_2,5,0.028000000000000004
250,candidate_5,candidate_1,candidate_3,candidate_4,candidate_2,5,0.028000000000000004
251,candidate_5,candidate_1,candidate_3,candidate_4,candidate_2,5,0.028000000000000004
252,candidate_5,candidate_1,candidate_3,candidate_4,candidate_2,5,0.028000000000000004
253,candidate_5,candidate_1,candidate_3,candidate_4,candidate_2,5,0.028000000000000004
254,candidate_5,candidate_1,candidate_3,candidate_4,candidate_2,5,0.028000000000000004
255,candidate_5,candidate_1,candidate_3,candidate_4,candidate_2,5,0.028000000000000004
256,candidate_5,0,candidate_3,candidate_4,candidate_2,5,0.028000000000000004
257,candidate_5,candidate_1,candidate_3,candidate_4,candidate_2,5,0.028000000000000004
258,candidate_5,candidate_1,candidate_3,candidate_4,candidate_2,5,0.028000000000000004
259,candidate_5,candidate_1,candidate_3,candidate_4,candidate_2,5,0.028000000000000004
260,candidate_5,candidate_1,candidate_3,candidate_4,candidate_2,5,0.028000000000000004
261,candidate_5,candidate_1,candidate_3,candidate_4,candidate_2,5,0.028000000000000004
262,candidate_5,candidate_1,candidate_3,0,candidate_2,5,0.028000000000000004
263,candidate_5,candidate_1,0,candidate_4,candidate_2,5,0.028000000000000004
264,candidate_5,candidate_1,candidate_3,candidate_4,candidate_2,5,0.028000000000000004
265,candidate_5,0,candidate_3,candidate_4,candidate_2,5,0.028000000000000004
266,candidate_5,candidate_1,candidate_3,candidate_4,candidate_2,5,0.028000000000000004
267,candidate_5,candidate_1,candidate_3,candidate_4,0,5,0.028000000000000004
268,candidate_5,candidate_1,candidate_3,candidate_4,candidate_2,5,0.028000000000000004
269,0,candidate_1,candidate_3,candidate_4,candidate_2,5,0.028000000000000004
270,candidate_5,candidate_1,candidate_3,candidate_4,candidate_2,5,0.028000000000000004
271,candidate_5,candidate_1,candidate_3,candidate_4,candidate_2,5,0.028000000000000004
272,candidate_5,candidate_1,candidate_3,candidate_4,candidate_2,5,0.028000000000000004
273,candidate_5,candidate_1,candidate_3,candidate_4,candidate_2,5,0.028000000000000004
274,candidate_5,candidate_1,candidate_3,candidate_4,candidate_2,5,0.028000000000000004
275,candidate_5,candidate_1,candidate_3,candidate_4,candidate_2,5,0.028000000000000004
276,candidate_5,candidate_1,candidate_3,candidate_4,candidate_2,5,0.028000000000000004
277,candidate_5,candidate_1,candidate_3,candidate_4,candidate_2,5,0.028000000000000004
278,candidate_5,candidate_1,candidate_3,candidate_4,candidate_2,5,0.028000000000000004
279,candidate_5,candidate_1,candidate_3,candidate_4,candidate_2,5,0.028000000000000004
280,candidate_5,candidate_1,candidate_3,candidate_4,candidate_2,5,0.028000000000000004
281,candidate_5,candidate_1,candidate_3,candidate_4,candidate_2,5,0.028000000000000004
282,candidate_5,candidate_1,candidate_3,candidate_4,candidate_2,5,0.028000000000000004
283,candidate_5,candidate_1,candidate_3,candidate_4,candidate_2,5,0.028000000000000004
284,candidate_5,candidate_1,candidate_3,candidate_4,candidate_2,5,0.028000000000000004
285,candidate_5,candidate_1,candidate_3,candidate_4,candidate_2,5,0.028000000000000004
286,candidate_5,candidate_1,candidate_3,candidate_4,candidate_2,5,0.028000000000000004
287,candidate_5,candidate_1,candidate_3,candidate_4,candidate_2,5,0.028000000000000004
288,candidate_5,candidate_1,candidate_3,candidate_4,candidate_2,5,0.028000000000000004
289,candidate_5,candidate_1,candidate_3,candidate_4,candidate_2,5,0.028000000000000004
290,candidate_5,candidate_1,candidate_3,candidate_4,candidate_2,5,0.028000000000000004
291,candidate_5,candidate_1,candidate_3,candidate_4,candidate_2,5,0.028000000000000004
292,candidate_5,candidate_1,candidate_3,candidate_4,candidate_2,5,0.028000000000000004
293,candidate_5,candidate_1,candidate_3,candidate_4,candidate_2,5,0.028000000000000004
294,candidate_5,candidate_1,candidate_3,candidate_4,candidate_2,5,0.028000000000000004
295,candidate_5,candidate_1,candidate_3,candidate_4,candidate_2,5,0.028000000000000004
296,candidate_5,candidate_1,candidate_3,candidate_4,candidate_2,5,0.028000000000000004
297,candidate_5,candidate_1,candidate_3,candidate_4,candidate_2,5,0.028000000000000004
298,candidate_5,candidate_1,candidate_3,candidate_4,candidate_2,5,0.028000000000000004
299,candidate_5,candidate_1,candidate_3,candidate_4,candidate_2,5,0.028000000000000004
300,candidate_5,candidate_1,candidate_3,candidate_4,candidate_2,5,0.028000000000000004
301,candidate_5,candidate_1,candidate_3,candidate_4,candidate_2,5,0.028000000000000004
302,candidate_5,candidate_1,candidate_3,candidate_4,candidate_2,5,0.028000000000000004
303,candidate_5,candidate_1,candidate_3,candidate_4,candidate_2,5,0.028000000000000004
304,candidate_5,candidate_1,candidate_3,candidate_4,candidate_2,5,0.028000000000000004
305,candidate_5,candidate_1,candidate_3,candidate_4,candidate_2,5,0.028000000000000004
306,candidate_5,candidate_1,candidate_3,candidate_4,candidate_2,5,0.028000000000000004
307,candidate_5,candidate_1,candidate_3,candidate_4,candidate_2,5,0.028000000000000004
308,candidate_5,candidate_1,candidate_3,candidate_4,candidate_2,5,0.028000000000000004
309,candidate_5,candidate_1,candidate_3,candidate_4,candidate_2,5,0.028000000000000004
310,candidate_5,candidate_1,candidate_3,candidate_4,candidate_2,5,0.028000000000000004
311,candidate_5,candidate_1,candidate_3,candidate_4,candidate_2,5,0.028000000000000004
312,candidate_5,candidate_1,candidate_3,candidate_4,candidate_2,5,0.028000000000000004
313,candidate_5,candidate_1,candidate_3,candidate_4,candidate_2,5,0.028000000000000004
314,candidate_5,candidate_1,candidate_3,candidate_4,candidate_2,5,0.028000000000000004
315,candidate_5,candidate_1,candidate_3,candidate_4,candidate_2,5,0.028000000000000004
316,candidate_5,candidate_1,candidate_3,candidate_4,candidate_2,5,0.028000000000000004
317,candidate_5,candidate_1,candidate_3,candidate_4,candidate_2,5,0.028000000000000004
318,candidate_5,candidate_1,candidate_3,candidate_4,candidate_2,5,0.028000000000000004
319,candidate_5,candidate_1,candidate_3,candidate_4,candidate_2,5,0.028000000000000004
320,candidate_5,candidate_1,candidate_3,candidate_4,candidate_2,5,0.028000000000000004
321,candidate_5,candidate_1,candidate_3,candidate_4,candidate_2,5,0.028000000000000004
322,candidate_5,candidate_1,candidate_3,candidate_4,candidate_2,5,0.028000000000000004
323,candidate_5,candidate_1,candidate_3,candidate_4,candidate_2,5,0.028000000000000004
324,candidate_5,candidate_1,candidate_3,candidate_4,candidate_2,5,0.028000000000000004
325,candidate_5,candidate_1,candidate_3,candidate_4,candidate_2,5,0.028000000000000004
326,0,candidate_1,candidate_3,candidate_4,candidate_2,5,0.028000000000000004
327,candidate_5,candidate_1,candidate_3,candidate_4,candidate_2,5,0.028000000000000004
328,candidate_5,candidate_1,candidate_3,candidate_4,candidate_2,5,0.028000000000000004
329,candidate_5,candidate_1,candidate_3,candidate_4,candidate_2,5,0.028000000000000004
330,candidate_5,candidate_1,candidate_3,candidate_4,candidate_2,5,0.028000000000000004
331,candidate_5,candidate_1,candidate_3,candidate_4,candidate_2,5,0.028000000000000004
332,candidate_5,candidate_1,candidate_3,candidate_4,candidate_2,5,0.028000000000000004
333,candidate_5,candidate_1,candidate_3,candidate_4,candidate_2,5,0.028000000000000004
334,candidate_5,candidate_1,candidate_3,candidate_4,candidate_2,5,0.028000000000000004
335,candidate_5,candidate_1,candidate_3,candidate_4,candidate_2,5,0.028000000000000004
336,candidate_5,candidate_1,candidate_3,candidate_4,candidate_2,5,0.028000000000000004
337,candidate_5,candidate_1,candidate_3,candidate_4,candidate_2,5,0.028000000000000004
338,candidate_5,candidate_1,candidate_3,candidate_4,candidate_2,5,0.028000000000000004
339,candidate_5,candidate_1,candidate_3,candidate_4,candidate_2,5,0.028000000000000004
340,candidate_5,candidate_1,candidate_3,candidate_4,candidate_2,5,0.028000000000000004
341,candidate_5,candidate_1,candidate_3,candidate_4,candidate_2,5,0.028000000000000004
342,candidate_5,candidate_1,candidate_3,candidate_4,candidate_2,5,0.028000000000000004
343,candidate_5,candidate_1,candidate_3,candidate_4,candidate_2,5,0.028000000000000004
344,candidate_5,0,candidate_3,candidate_4,candidate_2,5,0.028000000000000004
345,candidate_5,candidate_1,candidate_3,candidate_4,candidate_2,5,0.028000000000000004
346,candidate_5,candidate_1,candidate_3,candidate_4,candidate_2,5,0.028000000000000004
347,candidate_5,candidate_1,candidate_3,candidate_4,candidate_2,5,0.028000000000000004
348,candidate_5,candidate_1,candidate_3,candidate_4,candidate_2,5,0.028000000000000004
349,candidate_5,candidate_1,candidate_3,candidate_4,candidate_2,5,0.028000000000000004
350,candidate_5,candidate_1,candidate_3,candidate_4,candidate_2,5,0.028000000000000004
351,candidate_5,candidate_1,candidate_3,candidate_4,candidate_2,5,0.028000000000000004
352,candidate_5,candidate_1,candidate_3,candidate_4,candidate_2,5,0.028000000000000004
353,candidate_5,candidate_1,candidate_3,candidate_4,candidate_2,5,0.028000000000000004
354,candidate_5,candidate_1,0,candidate_4,0,5,0.028000000000000004
355,candidate_5,candidate_1,candidate_3,candidate_4,0,5,0.028000000000000004
356,candidate_5,candidate_1,candidate_3,candidate_4,candidate_2,5,0.028000000000000004
0,candidate_5,candidate_1,candidate_4,candidate_2,candidate_3,5,0.028000000000000004
1,candidate_5,candidate_1,0,candidate_2,candidate_3,5,0.028000000000000004
2,candidate_5,0,candidate_4,candidate_2,candidate_3,5,0.028000000000000004
3,candidate_5,candidate_1,candidate_4,candidate_2,candidate_3,5,0.028000000000000004
4,candidate_5,candidate_1,candidate_4,candidate_2,candidate_3,5,0.028000000000000004
5,candidate_5,candidate_1,candidate_4,candidate_2,candidate_3,5,0.028000000000000004
6,candidate_5,candidate_1,candidate_4,candidate_2,candidate_3,5,0.028000000000000004
7,candidate_5,candidate_1,candidate_4,candidate_2,candidate_3,5,0.028000000000000004
8,candidate_5,candidate_1,candidate_4,candidate_2,candidate_3,5,0.028000000000000004
9,candidate_5,candidate_1,candidate_4,candidate_2,candidate_3,5,0.028000000000000004
10,candidate_5,candidate_1,candidate_4,candidate_2,candidate_3,5,0.028000000000000004
11,candidate_5,0,candidate_4,candidate_2,candidate_3,5,0.028000000000000004
12,candidate_5,candidate_1,candidate_4,candidate_2,candidate_3,5,0.028000000000000004
13,candidate_5,candidate_1,0,candidate_2,candidate_3,5,0.028000000000000004
14,candidate_5,candidate_1,0,candidate_2,0,5,0.028000000000000004
15,candidate_5,candidate_1,candidate_4,candidate_2,candidate_3,5,0.028000000000000004
16,candidate_5,candidate_1,candidate_4,candidate_2,candidate_3,5,0.028000000000000004
17,candidate_5,candidate_1,candidate_4,0,candidate_3,5,0.028000000000000004
18,candidate_5,candidate_1,candidate_4,candidate_2,candidate_3,5,0.028000000000000004
19,candidate_5,candidate_1,candidate_4,candidate_2,candidate_3,5,0.028000000000000004
20,candidate_5,candidate_1,candidate_4,candidate_2,candidate_3,5,0.028000000000000004
21,candidate_5,0,candidate_4,candidate_2,candidate_3,5,0.028000000000000004
22,candidate_5,candidate_1,candidate_4,candidate_2,candidate_3,5,0.028000000000000004
23,candidate_5,candidate_1,candidate_4,candidate_2,candidate_3,5,0.028000000000000004
24,candidate_5,candidate_1,candidate_4,candidate_2,candidate_3,5,0.028000000000000004
25,candidate_5,candidate_1,candidate_4,candidate_2,candidate_3,5,0.028000000000000004
26,candidate_5,candidate_1,candidate_4,candidate_2,candidate_3,5,0.028000000000000004
27,candidate_5,candidate_1,candidate_4,candidate_2,candidate_3,5,0.028000000000000004
28,candidate_5,candidate_1,candidate_4,candidate_2,candidate_3,5,0.028000000000000004
29,candidate_5,candidate_1,candidate_4,candidate_2,candidate_3,5,0.028000000000000004
30,candidate_5,candidate_1,candidate_4,candidate_2,candidate_3,5,0.028000000000000004
31,candidate_5,candidate_1,candidate_4,candidate_2,candidate_3,5,0.028000000000000004
32,candidate_5,candidate_1,candidate_4,candidate_2,candidate_3,5,0.028000000000000004
33,candidate_5,candidate_1,candidate_4,candidate_2,candidate_3,5,0.028000000000000004
34,candidate_5,candidate_1,candidate_4,candidate_2,candidate_3,5,0.028000000000000004
35,candidate_5,candidate_1,candidate_4,candidate_2,candidate_3,5,0.028000000000000004
36,candidate_5,candidate_1,candidate_4,candidate_2,candidate_3,5,0.028000000000000004
37,candidate_5,candidate_1,candidate_4,candidate_2,candidate_3,5,0.028000000000000004
38,candidate_5,candidate_1,candidate_4,candidate_2,candidate_3,5,0.028000000000000004
39,candidate_5,candidate_1,candidate_4,candidate_2,candidate_3,5,0.028000000000000004
40,candidate_5,candidate_1,candidate_4,candidate_2,candidate_3,5,0.028000000000000004
41,candidate_5,candidate_1,candidate_4,candidate_2,candidate_3,5,0.028000000000000004
42,candidate_5,candidate_1,candidate_4,candidate_2,candidate_3,5,0.028000000000000004
43,0,candidate_1,candidate_4,candidate_2,candidate_3,5,0.028000000000000004
44,candidate_5,candidate_1,candidate_4,candidate_2,candidate_3,5,0.028000000000000004
45,candidate_5,candidate_1,candidate_4,candidate_2,candidate_3,5,0.028000000000000004
46,candidate_5,candidate_1,candidate_4,candidate_2,candidate_3,5,0.028000000000000004
47,candidate_5,candidate_1,candidate_4,candidate_2,candidate_3,5,0.028000000000000004
48,candidate_5,candidate_1,candidate_4,candidate_2,candidate_3,5,0.028000000000000004
49,candidate_5,candidate_1,candidate_4,candidate_2,candidate_3,5,0.028000000000000004
50,candidate_5,candidate_1,candidate_4,candidate_2,candidate_3,5,0.028000000000000004
51,candidate_5,0,candidate_4,candidate_2,candidate_3,5,0.028000000000000004
52,candidate_5,candidate_1,candidate_4,candidate_2,candidate_3,5,0.028000000000000004
53,candidate_5,candidate_1,candidate_4,candidate_2,candidate_3,5,0.028000000000000004
54,candidate_5,candidate_1,candidate_4,candidate_2,candidate_3,5,0.028000000000000004
55,candidate_5,candidate_1,candidate_4,candidate_2,candidate_3,5,0.028000000000000004
56,candidate_5,candidate_1,candidate_4,candidate_2,candidate_3,5,0.028000000000000004
57,candidate_5,candidate_1,candidate_4,candidate_2,candidate_3,5,0.028000000000000004
58,candidate_5,candidate_1,candidate_4,candidate_2,candidate_3,5,0.028000000000000004
59,candidate_5,candidate_1,candidate_4,candidate_2,candidate_3,5,0.028000000000000004
60,candidate_5,candidate_1,candidate_4,candidate_2,candidate_3,5,0.028000000000000004
61,candidate_5,candidate_1,candidate_4,candidate_2,candidate_3,5,0.028000000000000004
62,candidate_5,candidate_1,candidate_4,candidate_2,candidate_3,5,0.028000000000000004
63,candidate_5,candidate_1,candidate_4,candidate_2,candidate_3,5,0.028000000000000004
64,candidate_5,candidate_1,candidate_4,candidate_2,candidate_3,5,0.028000000000000004
65,candidate_5,candidate_1,candidate_4,candidate_2,candidate_3,5,0.028000000000000004
66,candidate_5,candidate_1,candidate_4,candidate_2,candidate_3,5,0.028000000000000004
67,candidate_5,candidate_1,candidate_4,candidate_2,candidate_3,5,0.028000000000000004
68,candidate_5,candidate_1,candidate_4,candidate_2,candidate_3,5,0.028000000000000004
69,candidate_5,0,candidate_4,candidate_2,candidate_3,5,0.028000000000000004
70,candidate_5,candidate_1,candidate_4,candidate_2,candidate_3,5,0.028000000000000004
71,candidate_5,candidate_1,candidate_4,candidate_2,candidate_3,5,0.028000000000000004
72,candidate_5,candidate_1,candidate_4,candidate_2,candidate_3,5,0.028000000000000004
73,candidate_5,candidate_1,candidate_4,candidate_2,candidate_3,5,0.028000000000000004
74,0,candidate_1,candidate_4,0,candidate_3,5,0.028000000000000004
75,candidate_5,candidate_1,candidate_4,candidate_2,candidate_3,5,0.028000000000000004
76,candidate_5,candidate_1,candidate_4,candidate_2,candidate_3,5,0.028000000000000004
77,candidate_5,candidate_1,candidate_4,candidate_2,candidate_3,5,0.028000000000000004
78,candidate_5,candidate_1,candidate_4,0,0,5,0.028000000000000004
79,candidate_5,candidate_1,candidate_4,candidate_2,candidate_3,5,0.028000000000000004
80,candidate_5,candidate_1,candidate_4,candidate_2,candidate_3,5,0.028000000000000004
81,candidate_5,candidate_1,candidate_4,candidate_2,candidate_3,5,0.028000000000000004
82,candidate_5,candidate_1,candidate_4,candidate_2,candidate_3,5,0.028000000000000004
83,candidate_5,candidate_1,candidate_4,candidate_2,candidate_3,5,0.028000000000000004
84,candidate_5,candidate_1,candidate_4,candidate_2,candidate_3,5,0.028000000000000004
85,candidate_5,candidate_1,candidate_4,candidate_2,candidate_3,5,0.028000000000000004
86,candidate_5,candidate_1,candidate_4,candidate_2,candidate_3,5,0.028000000000000004
87,candidate_5,candidate_1,candidate_4,candidate_2,candidate_3,5,0.028000000000000004
88,candidate_5,candidate_1,candidate_4,candidate_2,candidate_3,5,0.028000000000000004
89,candidate_5,candidate_1,candidate_4,candidate_2,candidate_3,5,0.028000000000000004
90,candidate_5,candidate_1,candidate_4,candidate_2,candidate_3,5,0.028000000000000004
91,candidate_5,0,candidate_4,candidate_2,candidate_3,5,0.028000000000000004
92,candidate_5,candidate_1,candidate_4,candidate_2,candidate_3,5,0.028000000000000004
93,candidate_5,candidate_1,candidate_4,0,candidate_3,5,0.028000000000000004
94,candidate_5,candidate_1,candidate_4,0,candidate_3,5,0.028000000000000004
95,candidate_5,candidate_1,candidate_4,candidate_2,0,5,0.028000000000000004
96,candidate_5,candidate_1,candidate_4,candidate_2,candidate_3,5,0.028000000000000004
97,candidate_5,candidate_1,candidate_4,candidate_2,candidate_3,5,0.028000000000000004
98,candidate_5,candidate_1,candidate_4,candidate_2,candidate_3,5,0.028000000000000004
99,candidate_5,candidate_1,candidate_4,candidate_2,candidate_3,5,0.028000000000000004
100,candidate_5,candidate_1,candidate_4,candidate_2,candidate_3,5,0.028000000000000004
101,candidate_5,candidate_1,candidate_4,candidate_2,candidate_3,5,0.028000000000000004
102,candidate_5,candidate_1,candidate_4,candidate_2,0,5,0.028000000000000004
103,candidate_5,candidate_1,candidate_4,candidate_2,candidate_3,5,0.028000000000000004
104,candidate_5,candidate_1,candidate_4,candidate_2,candidate_3,5,0.028000000000000004
105,candidate_5,candidate_1,candidate_4,candidate_2,candidate_3,5,0.028000000000000004
106,candidate_5,candidate_1,candidate_4,candidate_2,candidate_3,5,0.028000000000000004
107,candidate_5,candidate_1,candidate_4,candidate_2,candidate_3,5,0.028000000000000004
108,candidate_5,candidate_1,candidate_4,candidate_2,candidate_3,5,0.028000000000000004
109,candidate_5,candidate_1,candidate_4,candidate_2,candidate_3,5,0.028000000000000004
110,candidate_5,candidate_1,candidate_4,candidate_2,candidate_3,5,0.028000000000000004
111,candidate_5,candidate_1,candidate_4,candidate_2,candidate_3,5,0.028000000000000004
112,0,candidate_1,candidate_4,candidate_2,candidate_3,5,0.028000000000000004
113,candidate_5,candidate_1,candidate_4,candidate_2,candidate_3,5,0.028000000000000004
114,candidate_5,candidate_1,candidate_4,candidate_2,candidate_3,5,0.028000000000000004
115,candidate_5,candidate_1,candidate_4,candidate_2,candidate_3,5,0.028000000000000004
116,candidate_5,candidate_1,candidate_4,candidate_2,candidate_3,5,0.028000000000000004
117,candidate_5,candidate_1,candidate_4,candidate_2,candidate_3,5,0.028000000000000004
118,candidate_5,candidate_1,candidate_4,candidate_2,candidate_3,5,0.028000000000000004
119,candidate_5,candidate_1,0,candidate_2,candidate_3,5,0.028000000000000004
120,candidate_5,candidate_1,candidate_4,candidate_2,candidate_3,5,0.028000000000000004
121,candidate_5,candidate_1,candidate_4,candidate_2,candidate_3,5,0.028000000000000004
122,candidate_5,candidate_1,candidate_4,candidate_2,candidate_3,5,0.028000000000000004
123,candidate_5,candidate_1,candidate_4,candidate_2,candidate_3,5,0.028000000000000004
124,candidate_5,candidate_1,candidate_4,candidate_2,0,5,0.028000000000000004
125,candidate_5,candidate_1,candidate_4,candidate_2,candidate_3,5,0.028000000000000004
126,candidate_5,candidate_1,candidate_4,candidate_2,candidate_3,5,0.028000000000000004
127,candidate_5,candidate_1,candidate_4,candidate_2,candidate_3,5,0.028000000000000004
128,candidate_5,candidate_1,candidate_4,candidate_2,candidate_3,5,0.028000000000000004
129,candidate_5,candidate_1,candidate_4,candidate_2,candidate_3,5,0.028000000000000004
130,candidate_5,candidate_1,candidate_4,candidate_2,candidate_3,5,0.028000000000000004
131,candidate_5,candidate_1,candidate_4,candidate_2,candidate_3,5,0.028000000000000004
132,candidate_5,candidate_1,candidate_4,candidate_2,candidate_3,5,0.028000000000000004
133,candidate_5,candidate_1,candidate_4,candidate_2,candidate_3,5,0.028000000000000004
134,candidate_5,candidate_1,candidate_4,candidate_2,candidate_3,5,0.028000000000000004
135,candidate_5,candidate_1,candidate_4,candidate_2,candidate_3,5,0.028000000000000004
136,candidate_5,candidate_1,candidate_4,candidate_2,candidate_3,5,0.028000000000000004
137,candidate_5,candidate_1,candidate_4,candidate_2,0,5,0.028000000000000004
138,candidate_5,candidate_1,0,candidate_2,candidate_3,5,0.028000000000000004
139,candidate_5,candidate_1,candidate_4,candidate_2,candidate_3,5,0.028000000000000004
140,candidate_5,candidate_1,candidate_4,candidate_2,candidate_3,5,0.028000000000000004
141,0,candidate_1,candidate_4,candidate_2,candidate_3,5,0.028000000000000004
142,candidate_5,candidate_1,candidate_4,candidate_2,candidate_3,5,0.028000000000000004
143,candidate_5,candidate_1,candidate_4,candidate_2,candidate_3,5,0.028000000000000004
144,candidate_5,candidate_1,candidate_4,candidate_2,candidate_3,5,0.028000000000000004
145,candidate_5,candidate_1,candidate_4,candidate_2,candidate_3,5,0.028000000000000004
146,candidate_5,candidate_1,candidate_4,candidate_2,candidate_3,5,0.028000000000000004
147,candidate_5,candidate_1,candidate_4,candidate_2,candidate_3,5,0.028000000000000004
148,candidate_5,candidate_1,candidate_4,candidate_2,candidate_3,5,0.028000000000000004
149,candidate_5,candidate_1,candidate_4,candidate_2,candidate_3,5,0.028000000000000004
150,candidate_5,candidate_1,candidate_4,candidate_2,candidate_3,5,0.028000000000000004
151,0,candidate_1,candidate_4,candidate_2,candidate_3,5,0.028000000000000004
152,candidate_5,candidate_1,candidate_4,candidate_2,candidate_3,5,0.028000000000000004
153,candidate_5,candidate_1,candidate_4,candidate_2,candidate_3,5,0.028000000000000004
154,candidate_5,candidate_1,candidate_4,candidate_2,candidate_3,5,0.028000000000000004
155,candidate_5,candidate_1,candidate_4,candidate_2,candidate_3,5,0.028000000000000004
156,candidate_5,candidate_1,candidate_4,candidate_2,candidate_3,5,0.028000000000000004
157,candidate_5,candidate_1,candidate_4,candidate_2,candidate_3,5,0.028000000000000004
158,candidate_5,candidate_1,0,candidate_2,candidate_3,5,0.028000000000000004
159,candidate_5,candidate_1,candidate_4,candidate_2,candidate_3,5,0.028000000000000004
160,candidate_5,candidate_1,candidate_4,candidate_2,candidate_3,5,0.028000000000000004
161,candidate_5,candidate_1,candidate_4,candidate_2,candidate_3,5,0.028000000000000004
162,candidate_5,candidate_1,0,candidate_2,candidate_3,5,0.028000000000000004
163,candidate_5,candidate_1,candidate_4,candidate_2,candidate_3,5,0.028000000000000004
164,candidate_5,candidate_1,candidate_4,candidate_2,candidate_3,5,0.028000000000000004
165,candidate_5,candidate_1,candidate_4,candidate_2,candidate_3,5,0.028000000000000004
166,candidate_5,candidate_1,candidate_4,candidate_2,candidate_3,5,0.028000000000000004
167,candidate_5,candidate_1,candidate_4,candidate_2,candidate_3,5,0.028000000000000004
168,candidate_5,0,candidate_4,candidate_2,candidate_3,5,0.028000000000000004
169,candidate_5,candidate_1,candidate_4,candidate_2,candidate_3,5,0.028000000000000004
170,candidate_5,candidate_1,candidate_4,candidate_2,candidate_3,5,0.028000000000000004
171,candidate_5,candidate_1,candidate_4,candidate_2,candidate_3,5,0.028000000000000004
172,candidate_5,candidate_1,candidate_4,candidate_2,candidate_3,5,0.028000000000000004
173,candidate_5,candidate_1,candidate_4,candidate_2,candidate_3,5,0.028000000000000004
174,candidate_5,candidate_1,candidate_4,candidate_2,candidate_3,5,0.028000000000000004
175,candidate_5,candidate_1,candidate_4,candidate_2,candidate_3,5,0.028000000000000004
176,candidate_5,candidate_1,candidate_4,candidate_2,candidate_3,5,0.028000000000000004
177,candidate_5,0,candidate_4,candidate_2,candidate_3,5,0.028000000000000004
178,candidate_5,candidate_1,candidate_4,candidate_2,candidate_3,5,0.028000000000000004
179,candidate_5,candidate_1,candidate_4,candidate_2,candidate_3,5,0.028000000000000004
180,candidate_5,candidate_1,candidate_4,candidate_2,candidate_3,5,0.028000000000000004
181,candidate_5,candidate_1,candidate_4,candidate_2,candidate_3,5,0.028000000000000004
182,0,candidate_1,candidate_4,candidate_2,candidate_3,5,0.028000000000000004
183,candidate_5,candidate_1,candidate_4,candidate_2,candidate_3,5,0.028000000000000004
184,candidate_5,candidate_1,candidate_4,candidate_2,candidate_3,5,0.028000000000000004
185,candidate_5,candidate_1,candidate_4,candidate_2,candidate_3,5,0.028000000000000004
186,candidate_5,candidate_1,candidate_4,candidate_2,candidate_3,5,0.028000000000000004
187,candidate_5,candidate_1,candidate_4,candidate_2,candidate_3,5,0.028000000000000004
188,candidate_5,candidate_1,candidate_4,candidate_2,candidate_3,5,0.028000000000000004
189,candidate_5,candidate_1,candidate_4,candidate_2,candidate_3,5,0.028000000000000004
190,candidate_5,candidate_1,candidate_4,candidate_2,candidate_3,5,0.028000000000000004
191,candidate_5,candidate_1,candidate_4,candidate_2,candidate_3,5,0.028000000000000004
192,candidate_5,candidate_1,candidate_4,candidate_2,candidate_3,5,0.028000000000000004
193,candidate_5,candidate_1,candidate_4,candidate_2,candidate_3,5,0.028000000000000004
194,candidate_5,candidate_1,candidate_4,candidate_2,candidate_3,5,0.028000000000000004
195,candidate_5,candidate_1,candidate_4,candidate_2,candidate_3,5,0.028000000000000004
196,candidate_5,candidate_1,candidate_4,candidate_2,candidate_3,5,0.028000000000000004
197,candidate_5,candidate_1,candidate_4,0,candidate_3,5,0.028000000000000004
198,candidate_5,candidate_1,candidate_4,candidate_2,candidate_3,5,0.028000000000000004
199,candidate_5,candidate_1,candidate_4,candidate_2,candidate_3,5,0.028000000000000004
200,candidate_5,candidate_1,candidate_4,candidate_2,candidate_3,5,0.028000000000000004
201,candidate_5,candidate_1,candidate_4,candidate_2,candidate_3,5,0.028000000000000004
202,candidate_5,candidate_1,candidate_4,candidate_2,candidate_3,5,0.028000000000000004
203,candidate_5,candidate_1,candidate_4,candidate_2,candidate_3,5,0.028000000000000004
204,candidate_5,candidate_1,candidate_4,candidate_2,candidate_3,5,0.028000000000000004
205,candidate_5,candidate_1,0,candidate_2,candidate_3,5,0.028000000000000004
206,candidate_5,candidate_1,candidate_4,candidate_2,candidate_3,5,0.028000000000000004
207,candidate_5,0,candidate_4,candidate_2,candidate_3,5,0.028000000000000004
208,candidate_5,candidate_1,candidate_4,candidate_2,candidate_3,5,0.028000000000000004
209,candidate_5,candidate_1,candidate_4,candidate_2,candidate_3,5,0.028000000000000004
210,candidate_5,candidate_1,candidate_4,candidate_2,candidate_3,5,0.028000000000000004
211,candidate_5,candidate_1,candidate_4,candidate_2,candidate_3,5,0.028000000000000004
212,candidate_5,candidate_1,candidate_4,candidate_2,candidate_3,5,0.028000000000000004
213,candidate_5,candidate_1,candidate_4,candidate_2,candidate_3,5,0.028000000000000004
214,candidate_5,candidate_1,candidate_4,candidate_2,candidate_3,5,0.028000000000000004
215,candidate_5,candidate_1,candidate_4,candidate_2,candidate_3,5,0.028000000000000004
216,candidate_5,candidate_1,candidate_4,candidate_2,candidate_3,5,0.028000000000000004
217,candidate_5,candidate_1,candidate_4,candidate_2,candidate_3,5,0.028000000000000004
218,candidate_5,0,candidate_4,candidate_2,candidate_3,5,0.028000000000000004
219,candidate_5,candidate_1,candidate_4,candidate_2,candidate_3,5,0.028000000000000004
220,candidate_5,candidate_1,candidate_4,candidate_2,candidate_3,5,0.028000000000000004
221,candidate_5,candidate_1,candidate_4,candidate_2,candidate_3,5,0.028000000000000004
222,candidate_5,0,candidate_4,candidate_2,candidate_3,5,0.028000000000000004
223,candidate_5,candidate_1,candidate_4,0,candidate_3,5,0.028000000000000004
224,candidate_5,candidate_1,candidate_4,candidate_2,candidate_3,5,0.028000000000000004
225,candidate_5,candidate_1,candidate_4,candidate_2,candidate_3,5,0.028000000000000004
226,candidate_5,candidate_1,candidate_4,candidate_2,candidate_3,5,0.028000000000000004
227,candidate_5,candidate_1,candidate_4,candidate_2,candidate_3,5,0.028000000000000004
228,candidate_5,candidate_1,candidate_4,candidate_2,candidate_3,5,0.028000000000000004
229,candidate_5,candidate_1,candidate_4,candidate_2,candidate_3,5,0.028000000000000004
230,candidate_5,candidate_1,candidate_4,candidate_2,candidate_3,5,0.028000000000000004
231,candidate_5,candidate_1,candidate_4,candidate_2,candidate_3,5,0.028000000000000004
232,candidate_5,candidate_1,candidate_4,candidate_2,candidate_3,5,0.028000000000000004
233,candidate_5,candidate_1,candidate_4,candidate_2,candidate_3,5,0.028000000000000004
234,candidate_5,candidate_1,candidate_4,candidate_2,candidate_3,5,0.028000000000000004
235,candidate_5,candidate_1,candidate_4,candidate_2,candidate_3,5,0.028000000000000004
236,candidate_5,candidate_1,candidate_4,candidate_2,candidate_3,5,0.028000000000000004
237,candidate_5,candidate_1,candidate_4,candidate_2,candidate_3,5,0.028000000000000004
238,candidate_5,candidate_1,candidate_4,candidate_2,candidate_3,5,0.028000000000000004
239,candidate_5,candidate_1,candidate_4,candidate_2,candidate_3,5,0.028000000000000004
240,candidate_5,candidate_1,candidate_4,candidate_2,candidate_3,5,0.028000000000000004
241,candidate_5,candidate_1,candidate_4,candidate_2,candidate_3,5,0.028000000000000004
242,candidate_5,candidate_1,candidate_4,candidate_2,candidate_3,5,0.028000000000000004
243,candidate_5,candidate_1,candidate_4,candidate_2,0,5,0.028000000000000004
244,candidate_5,candidate_1,candidate_4,candidate_2,candidate_3,5,0.028000000000000004
245,candidate_5,candidate_1,candidate_4,candidate_2,candidate_3,5,0.028000000000000004
246,candidate_5,candidate_1,candidate_4,candidate_2,candidate_3,5,0.028000000000000004
247,candidate_5,candidate_1,candidate_4,candidate_2,candidate_3,5,0.028000000000000004
248,candidate_5,candidate_1,candidate_4,candidate_2,candidate_3,5,0.028000000000000004
249,candidate_5,candidate_1,candidate_4,candidate_2,candidate_3,5,0.028000000000000004
250,candidate_5,candidate_1,candidate_4,candidate_2,candidate_3,5,0.028000000000000004
251,candidate_5,candidate_1,candidate_4,candidate_2,candidate_3,5,0.028000000000000004
252,candidate_5,candidate_1,candidate_4,candidate_2,candidate_3,5,0.028000000000000004
253,candidate_5,candidate_1,candidate_4,candidate_2,candidate_3,5,0.028000000000000004
254,candidate_5,candidate_1,candidate_4,candidate_2,candidate_3,5,0.028000000000000004
255,candidate_5,candidate_1,candidate_4,candidate_2,candidate_3,5,0.028000000000000004
256,candidate_5,candidate_1,candidate_4,candidate_2,candidate_3,5,0.028000000000000004
257,candidate_5,candidate_1,candidate_4,candidate_2,candidate_3,5,0.028000000000000004
258,candidate_5,candidate_1,candidate_4,candidate_2,candidate_3,5,0.028000000000000004
259,candidate_5,candidate_1,candidate_4,0,candidate_3,5,0.028000000000000004
260,0,candidate_1,candidate_4,candidate_2,candidate_3,5,0.028000000000000004
261,candidate_5,candidate_1,candidate_4,candidate_2,candidate_3,5,0.028000000000000004
262,candidate_5,candidate_1,candidate_4,candidate_2,candidate_3,5,0.028000000000000004
263,candidate_5,candidate_1,candidate_4,candidate_2,candidate_3,5,0.028000000000000004
264,candidate_5,candidate_1,candidate_4,candidate_2,candidate_3,5,0.028000000000000004
265,candidate_5,candidate_1,candidate_4,0,0,5,0.028000000000000004
266,candidate_5,candidate_1,candidate_4,0,candidate_3,5,0.028000000000000004
267,candidate_5,candidate_1,candidate_4,candidate_2,candidate_3,5,0.028000000000000004
268,candidate_5,candidate_1,candidate_4,candidate_2,candidate_3,5,0.028000000000000004
269,candidate_5,candidate_1,candidate_4,candidate_2,candidate_3,5,0.028000000000000004
270,candidate_5,candidate_1,candidate_4,candidate_2,candidate_3,5,0.028000000000000004
271,candidate_5,candidate_1,candidate_4,candidate_2,candidate_3,5,0.028000000000000004
272,candidate_5,candidate_1,candidate_4,candidate_2,candidate_3,5,0.028000000000000004
273,candidate_5,candidate_1,candidate_4,0,candidate_3,5,0.028000000000000004
274,candidate_5,candidate_1,candidate_4,candidate_2,candidate_3,5,0.028000000000000004
275,candidate_5,candidate_1,candidate_4,candidate_2,candidate_3,5,0.028000000000000004
276,candidate_5,candidate_1,candidate_4,candidate_2,candidate_3,5,0.028000000000000004
277,candidate_5,candidate_1,candidate_4,candidate_2,candidate_3,5,0.028000000000000004
278,candidate_5,candidate_1,candidate_4,candidate_2,candidate_3,5,0.028000000000000004
279,candidate_5,candidate_1,candidate_4,candidate_2,candidate_3,5,0.028000000000000004
280,candidate_5,candidate_1,candidate_4,candidate_2,candidate_3,5,0.028000000000000004
281,candidate_5,candidate_1,candidate_4,candidate_2,candidate_3,5,0.028000000000000004
282,candidate_5,candidate_1,candidate_4,candidate_2,candidate_3,5,0.028000000000000004
283,candidate_5,candidate_1,candidate_4,candidate_2,candidate_3,5,0.028000000000000004
284,candidate_5,candidate_1,candidate_4,candidate_2,candidate_3,5,0.028000000000000004
285,candidate_5,candidate_1,candidate_4,candidate_2,candidate_3,5,0.028000000000000004
286,candidate_5,0,candidate_4,candidate_2,candidate_3,5,0.028000000000000004
287,candidate_5,candidate_1,candidate_4,candidate_2,candidate_3,5,0.028000000000000004
288,candidate_5,candidate_1,candidate_4,candidate_2,candidate_3,5,0.028000000000000004
289,candidate_5,candidate_1,candidate_4,candidate_2,candidate_3,5,0.028000000000000004
290,candidate_5,candidate_1,candidate_4,candidate_2,candidate_3,5,0.028000000000000004
291,candidate_5,candidate_1,candidate_4,candidate_2,candidate_3,5,0.028000000000000004
292,candidate_5,candidate_1,candidate_4,candidate_2,candidate_3,5,0.028000000000000004
293,candidate_5,candidate_1,candidate_4,candidate_2,candidate_3,5,0.028000000000000004
294,candidate_5,candidate_1,candidate_4,candidate_2,candidate_3,5,0.028000000000000004
295,candidate_5,candidate_1,candidate_4,candidate_2,candidate_3,5,0.028000000000000004
296,candidate_5,candidate_1,candidate_4,0,candidate_3,5,0.028000000000000004
297,candidate_5,candidate_1,candidate_4,candidate_2,candidate_3,5,0.028000000000000004
298,candidate_5,candidate_1,candidate_4,candidate_2,candidate_3,5,0.028000000000000004
299,candidate_5,candidate_1,candidate_4,candidate_2,candidate_3,5,0.028000000000000004
300,candidate_5,candidate_1,candidate_4,candidate_2,candidate_3,5,0.028000000000000004
301,0,candidate_1,candidate_4,candidate_2,candidate_3,5,0.028000000000000004
302,candidate_5,candidate_1,candidate_4,candidate_2,candidate_3,5,0.028000000000000004
303,candidate_5,candidate_1,candidate_4,candidate_2,candidate_3,5,0.028000000000000004
304,candidate_5,candidate_1,candidate_4,candidate_2,candidate_3,5,0.028000000000000004
305,candidate_5,candidate_1,candidate_4,candidate_2,candidate_3,5,0.028000000000000004
306,candidate_5,candidate_1,candidate_4,candidate_2,candidate_3,5,0.028000000000000004
307,candidate_5,candidate_1,candidate_4,candidate_2,candidate_3,5,0.028000000000000004
308,candidate_5,candidate_1,candidate_4,candidate_2,candidate_3,5,0.028000000000000004
309,candidate_5,candidate_1,candidate_4,candidate_2,candidate_3,5,0.028000000000000004
310,candidate_5,candidate_1,candidate_4,candidate_2,0,5,0.028000000000000004
311,candidate_5,candidate_1,candidate_4,candidate_2,candidate_3,5,0.028000000000000004
312,candidate_5,candidate_1,candidate_4,candidate_2,candidate_3,5,0.028000000000000004
313,candidate_5,candidate_1,candidate_4,candidate_2,candidate_3,5,0.028000000000000004
314,candidate_5,candidate_1,candidate_4,candidate_2,candidate_3,5,0.028000000000000004
315,candidate_5,candidate_1,candidate_4,candidate_2,candidate_3,5,0.028000000000000004
316,candidate_5,candidate_1,candidate_4,candidate_2,candidate_3,5,0.028000000000000004
317,candidate_5,candidate_1,candidate_4,candidate_2,candidate_3,5,0.028000000000000004
318,candidate_5,candidate_1,candidate_4,candidate_2,candidate_3,5,0.028000000000000004
319,candidate_5,candidate_1,candidate_4,0,candidate_3,5,0.028000000000000004
320,candidate_5,candidate_1,candidate_4,candidate_2,candidate_3,5,0.028000000000000004
321,candidate_5,candidate_1,candidate_4,candidate_2,candidate_3,5,0.028000000000000004
322,candidate_5,candidate_1,candidate_4,candidate_2,candidate_3,5,0.028000000000000004
323,candidate_5,candidate_1,candidate_4,candidate_2,candidate_3,5,0.028000000000000004
324,candidate_5,candidate_1,candidate_4,candidate_2,candidate_3,5,0.028000000000000004
325,candidate_5,candidate_1,candidate_4,candidate_2,candidate_3,5,0.028000000000000004
326,candidate_5,candidate_1,candidate_4,candidate_2,candidate_3,5,0.028000000000000004
327,candidate_5,candidate_1,candidate_4,candidate_2,candidate_3,5,0.028000000000000004
328,candidate_5,candidate_1,candidate_4,candidate_2,candidate_3,5,0.028000000000000004
329,0,candidate_1,candidate_4,candidate_2,candidate_3,5,0.028000000000000004
330,candidate_5,candidate_1,candidate_4,candidate_2,candidate_3,5,0.028000000000000004
331,candidate_5,candidate_1,candidate_4,candidate_2,candidate_3,5,0.028000000000000004
332,candidate_5,candidate_1,candidate_4,candidate_2,candidate_3,5,0.028000000000000004
333,candidate_5,candidate_1,candidate_4,candidate_2,candidate_3,5,0.028000000000000004
334,candidate_5,candidate_1,candidate_4,candidate_2,candidate_3,5,0.028000000000000004
335,candidate_5,candidate_1,candidate_4,candidate_2,candidate_3,5,0.028000000000000004
336,candidate_5,candidate_1,candidate_4,candidate_2,candidate_3,5,0.028000000000000004
337,candidate_5,candidate_1,candidate_4,candidate_2,candidate_3,5,0.028000000000000004
338,candidate_5,candidate_1,candidate_4,candidate_2,candidate_3,5,0.028000000000000004
339,candidate_5,candidate_1,candidate_4,candidate_2,candidate_3,5,0.028000000000000004
340,candidate_5,candidate_1,candidate_4,candidate_2,candidate_3,5,0.028000000000000004
341,candidate_5,candidate_1,candidate_4,candidate_2,candidate_3,5,0.028000000000000004
342,candidate_5,candidate_1,candidate_4,candidate_2,0,5,0.028000000000000004
343,candidate_5,candidate_1,candidate_4,candidate_2,candidate_3,5,0.028000000000000004
344,candidate_5,candidate_1,candidate_4,candidate_2,candidate_3,5,0.028000000000000004
345,candidate_5,candidate_1,candidate_4,candidate_2,candidate_3,5,0.028000000000000004
346,candidate_5,candidate_1,candidate_4,candidate_2,candidate_3,5,0.028000000000000004
347,candidate_5,candidate_1,candidate_4,candidate_2,candidate_3,5,0.028000000000000004
348,candidate_5,candidate_1,candidate_4,candidate_2,candidate_3,5,0.028000000000000004
349,candidate_5,candidate_1,candidate_4,candidate_2,candidate_3,5,0.028000000000000004
350,candidate_5,candidate_1,candidate_4,candidate_2,candidate_3,5,0.028000000000000004
351,candidate_5,candidate_1,candidate_4,candidate_2,candidate_3,5,0.028000000000000004
352,candidate_5,candidate_1,candidate_4,candidate_2,candidate_3,5,0.028000000000000004
353,candidate_5,candidate_1,candidate_4,candidate_2,candidate_3,5,0.028000000000000004
354,candidate_5,candidate_1,candidate_4,candidate_2,candidate_3,5,0.028000000000000004
355,candidate_5,candidate_1,candidate_4,candidate_2,candidate_3,5,0.028000000000000004
356,candidate_5,candidate_1,candidate_4,candidate_2,candidate_3,5,0.028000000000000004
357,candidate_5,candidate_1,candidate_4,candidate_2,candidate_3,5,0.028000000000000004
358,candidate_5,candidate_1,candidate_4,candidate_2,candidate_3,5,0.028000000000000004
359,candidate_5,candidate_1,candidate_4,candidate_2,candidate_3,5,0.028000000000000004
360,candidate_5,candidate_1,candidate_4,candidate_2,candidate_3,5,0.028000000000000004
361,candidate_5,candidate_1,candidate_4,candidate_2,candidate_3,5,0.028000000000000004
362,candidate_5,candidate_1,candidate_4,candidate_2,candidate_3,5,0.028000000000000004
363,candidate_5,candidate_1,candidate_4,candidate_2,candidate_3,5,0.028000000000000004
364,candidate_5,candidate_1,candidate_4,0,candidate_3,5,0.028000000000000004
365,candidate_5,candidate_1,candidate_4,candidate_2,candidate_3,5,0.028000000000000004
366,candidate_5,candidate_1,candidate_4,candidate_2,candidate_3,5,0.028000000000000004
367,candidate_5,candidate_1,candidate_4,candidate_2,candidate_3,5,0.028000000000000004
368,candidate_5,candidate_1,candidate_4,candidate_2,candidate_3,5,0.028000000000000004
369,candidate_5,candidate_1,candidate_4,candidate_2,candidate_3,5,0.028000000000000004
370,candidate_5,candidate_1,candidate_4,candidate_2,candidate_3,5,0.028000000000000004
371,candidate_5,candidate_1,candidate_4,candidate_2,candidate_3,5,0.028000000000000004
372,candidate_5,candidate_1,candidate_4,candidate_2,candidate_3,5,0.028000000000000004
373,candidate_5,candidate_1,candidate_4,candidate_2,candidate_3,5,0.028000000000000004
374,candidate_5,candidate_1,candidate_4,candidate_2,candidate_3,5,0.028000000000000004
375,candidate_5,candidate_1,candidate_4,candidate_2,candidate_3,5,0.028000000000000004
376,candidate_5,candidate_1,candidate_4,0,candidate_3,5,0.028000000000000004
377,candidate_5,candidate_1,candidate_4,candidate_2,candidate_3,5,0.028000000000000004
378,candidate_5,candidate_1,candidate_4,candidate_2,candidate_3,5,0.028000000000000004
379,candidate_5,candidate_1,candidate_4,candidate_2,candidate_3,5,0.028000000000000004
380,candidate_5,candidate_1,candidate_4,candidate_2,candidate_3,5,0.028000000000000004
381,candidate_5,candidate_1,candidate_4,candidate_2,candidate_3,5,0.028000000000000004
382,candidate_5,candidate_1,candidate_4,candidate_2,candidate_3,5,0.028000000000000004
383,candidate_5,candidate_1,candidate_4,candidate_2,candidate_3,5,0.028000000000000004
384,candidate_5,candidate_1,candidate_4,candidate_2,candidate_3,5,0.028000000000000004
385,candidate_5,candidate_1,candidate_4,candidate_2,candidate_3,5,0.028000000000000004
386,candidate_5,candidate_1,candidate_4,candidate_2,candidate_3,5,0.028000000000000004
387,candidate_5,candidate_1,candidate_4,candidate_2,candidate_3,5,0.028000000000000004
388,candidate_5,candidate_1,candidate_4,candidate_2,candidate_3,5,0.028000000000000004
389,candidate_5,candidate_1,candidate_4,candidate_2,candidate_3,5,0.028000000000000004
390,candidate_5,0,candidate_4,candidate_2,candidate_3,5,0.028000000000000004
391,candidate_5,candidate_1,candidate_4,candidate_2,candidate_3,5,0.028000000000000004
392,candidate_5,0,candidate_4,candidate_2,candidate_3,5,0.028000000000000004
393,candidate_5,candidate_1,candidate_4,candidate_2,candidate_3,5,0.028000000000000004
394,candidate_5,candidate_1,candidate_4,0,candidate_3,5,0.028000000000000004
395,candidate_5,candidate_1,candidate_4,candidate_2,candidate_3,5,0.028000000000000004
396,candidate_5,0,candidate_4,candidate_2,candidate_3,5,0.028000000000000004
397,candidate_5,candidate_1,candidate_4,candidate_2,candidate_3,5,0.028000000000000004
398,candidate_5,candidate_1,candidate_4,candidate_2,candidate_3,5,0.028000000000000004
399,candidate_5,candidate_1,candidate_4,candidate_2,candidate_3,5,0.028000000000000004
400,candidate_5,candidate_1,candidate_4,candidate_2,candidate_3,5,0.028000000000000004
401,candidate_5,candidate_1,candidate_4,candidate_2,candidate_3,5,0.028000000000000004
402,candidate_5,candidate_1,candidate_4,0,0,5,0.028000000000000004
403,candidate_5,candidate_1,candidate_4,candidate_2,candidate_3,5,0.028000000000000004
404,candidate_5,candidate_1,candidate_4,candidate_2,candidate_3,5,0.028000000000000004
405,candidate_5,candidate_1,candidate_4,candidate_2,candidate_3,5,0.028000000000000004
406,0,candidate_1,candidate_4,0,candidate_3,5,0.028000000000000004
407,candidate_5,candidate_1,candidate_4,candidate_2,candidate_3,5,0.028000000000000004
408,candidate_5,candidate_1,candidate_4,candidate_2,candidate_3,5,0.028000000000000004
409,candidate_5,candidate_1,candidate_4,candidate_2,candidate_3,5,0.028000000000000004
410,candidate_5,candidate_1,candidate_4,candidate_2,candidate_3,5,0.028000000000000004
411,candidate_5,candidate_1,candidate_4,candidate_2,candidate_3,5,0.028000000000000004
412,candidate_5,candidate_1,candidate_4,candidate_2,candidate_3,5,0.028000000000000004
413,candidate_5,candidate_1,candidate_4,candidate_2,candidate_3,5,0.028000000000000004
414,candidate_5,candidate_1,candidate_4,candidate_2,candidate_3,5,0.028000000000000004
415,candidate_5,candidate_1,candidate_4,candidate_2,candidate_3,5,0.028000000000000004
416,candidate_5,candidate_1,candidate_4,candidate_2,candidate_3,5,0.028000000000000004
417,candidate_5,candidate_1,candidate_4,candidate_2,candidate_3,5,0.028000000000000004
418,candidate_5,candidate_1,candidate_4,candidate_2,candidate_3,5,0.028000000000000004
419,candidate_5,candidate_1,candidate_4,candidate_2,candidate_3,5,0.028000000000000004
420,candidate_5,candidate_1,candidate_4,candidate_2,candidate_3,5,0.028000000000000004
421,candidate_5,candidate_1,candidate_4,candidate_2,candidate_3,5,0.028000000000000004
422,candidate_5,candidate_1,candidate_4,candidate_2,candidate_3,5,0.028000000000000004
423,candidate_5,candidate_1,candidate_4,candidate_2,candidate_3,5,0.028000000000000004
424,candidate_5,candidate_1,candidate_4,candidate_2,candidate_3,5,0.028000000000000004
425,0,candidate_1,candidate_4,candidate_2,candidate_3,5,0.028000000000000004
426,candidate_5,candidate_1,candidate_4,candidate_2,candidate_3,5,0.028000000000000004
427,candidate_5,candidate_1,0,candidate_2,candidate_3,5,0.028000000000000004
428,candidate_5,candidate_1,candidate_4,candidate_2,candidate_3,5,0.028000000000000004
429,candidate_5,candidate_1,candidate_4,candidate_2,candidate_3,5,0.028000000000000004
430,candidate_5,candidate_1,candidate_4,candidate_2,candidate_3,5,0.028000000000000004
431,candidate_5,candidate_1,candidate_4,candidate_2,candidate_3,5,0.028000000000000004
432,candidate_5,candidate_1,0,0,candidate_3,5,0.028000000000000004
433,candidate_5,candidate_1,candidate_4,candidate_2,candidate_3,5,0.028000000000000004
434,candidate_5,candidate_1,candidate_4,candidate_2,candidate_3,5,0.028000000000000004
435,candidate_5,candidate_1,candidate_4,0,candidate_3,5,0.028000000000000004
436,candidate_5,candidate_1,candidate_4,candidate_2,candidate_3,5,0.028000000000000004
437,candidate_5,candidate_1,candidate_4,candidate_2,candidate_3,5,0.028000000000000004
438,candidate_5,candidate_1,candidate_4,candidate_2,candidate_3,5,0.028000000000000004
439,candidate_5,candidate_1,candidate_4,candidate_2,candidate_3,5,0.028000000000000004
440,candidate_5,candidate_1,candidate_4,candidate_2,candidate_3,5,0.028000000000000004
441,candidate_5,candidate_1,candidate_4,candidate_2,candidate_3,5,0.028000000000000004
442,candidate_5,candidate_1,candidate_4,candidate_2,candidate_3,5,0.028000000000000004
443,candidate_5,candidate_1,candidate_4,candidate_2,candidate_3,5,0.028000000000000004
444,candidate_5,candidate_1,candidate_4,candidate_2,candidate_3,5,0.028000000000000004
445,candidate_5,candidate_1,candidate_4,candidate_2,candidate_3,5,0.028000000000000004
446,candidate_5,candidate_1,candidate_4,candidate_2,candidate_3,5,0.028000000000000004
447,candidate_5,candidate_1,candidate_4,candidate_2,candidate_3,5,0.028000000000000004
448,candidate_5,candidate_1,candidate_4,candidate_2,candidate_3,5,0.028000000000000004
449,candidate_5,candidate_1,candidate_4,candidate_2,candidate_3,5,0.028000000000000004
450,candidate_5,candidate_1,candidate_4,candidate_2,candidate_3,5,0.028000000000000004
451,candidate_5,candidate_1,candidate_4,candidate_2,candidate_3,5,0.028000000000000004
452,candidate_5,candidate_1,candidate_4,candidate_2,candidate_3,5,0.028000000000000004
453,candidate_5,candidate_1,candidate_4,candidate_2,candidate_3,5,0.028000000000000004
454,candidate_5,candidate_1,candidate_4,candidate_2,candidate_3,5,0.028000000000000004
0,candidate_5,candidate_1,candidate_4,candidate_3,candidate_2,5,0.028000000000000004
1,candidate_5,candidate_1,candidate_4,candidate_3,candidate_2,5,0.028000000000000004
2,candidate_5,candidate_1,candidate_4,candidate_3,candidate_2,5,0.028000000000000004
3,candidate_5,candidate_1,candidate_4,candidate_3,candidate_2,5,0.028000000000000004
4,candidate_5,candidate_1,candidate_4,candidate_3,candidate_2,5,0.028000000000000004
5,candidate_5,candidate_1,candidate_4,candidate_3,candidate_2,5,0.028000000000000004
0,candidate_5,candidate_2,candidate_1,candidate_3,candidate_4,5,0.028000000000000004
1,candidate_5,candidate_2,candidate_1,candidate_3,candidate_4,5,0.028000000000000004
2,candidate_5,candidate_2,candidate_1,candidate_3,candidate_4,5,0.028000000000000004
3,candidate_5,candidate_2,candidate_1,candidate_3,candidate_4,5,0.028000000000000004
4,candidate_5,candidate_2,candidate_1,candidate_3,candidate_4,5,0.028000000000000004
5,candidate_5,candidate_2,candidate_1,candidate_3,candidate_4,5,0.028000000000000004
6,candidate_5,candidate_2,candidate_1,candidate_3,candidate_4,5,0.028000000000000004
7,candidate_5,candidate_2,candidate_1,candidate_3,candidate_4,5,0.028000000000000004
8,candidate_5,candidate_2,candidate_1,candidate_3,candidate_4,5,0.028000000000000004
9,candidate_5,candidate_2,candidate_1,candidate_3,candidate_4,5,0.028000000000000004
10,candidate_5,candidate_2,candidate_1,0,candidate_4,5,0.028000000000000004
11,candidate_5,candidate_2,candidate_1,candidate_3,candidate_4,5,0.028000000000000004
12,candidate_5,candidate_2,candidate_1,candidate_3,candidate_4,5,0.028000000000000004
13,candidate_5,candidate_2,0,candidate_3,0,5,0.028000000000000004
14,candidate_5,candidate_2,candidate_1,candidate_3,0,5,0.028000000000000004
15,candidate_5,candidate_2,candidate_1,candidate_3,candidate_4,5,0.028000000000000004
16,candidate_5,candidate_2,candidate_1,candidate_3,candidate_4,5,0.028000000000000004
17,candidate_5,candidate_2,candidate_1,candidate_3,candidate_4,5,0.028000000000000004
18,candidate_5,candidate_2,candidate_1,candidate_3,candidate_4,5,0.028000000000000004
19,candidate_5,candidate_2,candidate_1,candidate_3,candidate_4,5,0.028000000000000004
20,candidate_5,candidate_2,candidate_1,candidate_3,candidate_4,5,0.028000000000000004
21,candidate_5,candidate_2,candidate_1,candidate_3,candidate_4,5,0.028000000000000004
22,candidate_5,candidate_2,candidate_1,candidate_3,candidate_4,5,0.028000000000000004
23,candidate_5,candidate_2,candidate_1,candidate_3,candidate_4,5,0.028000000000000004
24,candidate_5,candidate_2,candidate_1,candidate_3,candidate_4,5,0.028000000000000004
25,candidate_5,0,candidate_1,candidate_3,candidate_4,5,0.028000000000000004
26,candidate_5,candidate_2,candidate_1,candidate_3,candidate_4,5,0.028000000000000004
27,candidate_5,candidate_2,candidate_1,candidate_3,candidate_4,5,0.028000000000000004
28,candidate_5,candidate_2,candidate_1,candidate_3,candidate_4,5,0.028000000000000004
29,candidate_5,candidate_2,candidate_1,candidate_3,candidate_4,5,0.028000000000000004
30,candidate_5,candidate_2,candidate_1,candidate_3,candidate_4,5,0.028000000000000004
31,candidate_5,candidate_2,candidate_1,candidate_3,candidate_4,5,0.028000000000000004
32,candidate_5,candidate_2,candidate_1,candidate_3,candidate_4,5,0.028000000000000004
33,candidate_5,candidate_2,candidate_1,candidate_3,candidate_4,5,0.028000000000000004
34,candidate_5,candidate_2,candidate_1,candidate_3,candidate_4,5,0.028000000000000004
35,candidate_5,candidate_2,candidate_1,candidate_3,candidate_4,5,0.028000000000000004
36,candidate_5,candidate_2,candidate_1,candidate_3,candidate_4,5,0.028000000000000004
37,candidate_5,candidate_2,candidate_1,candidate_3,candidate_4,5,0.028000000000000004
38,candidate_5,candidate_2,candidate_1,candidate_3,candidate_4,5,0.028000000000000004
39,candidate_5,candidate_2,0,candidate_3,candidate_4,5,0.028000000000000004
40,candidate_5,candidate_2,candidate_1,candidate_3,candidate_4,5,0.028000000000000004
41,candidate_5,candidate_2,candidate_1,candidate_3,candidate_4,5,0.028000000000000004
42,candidate_5,candidate_2,candidate_1,candidate_3,candidate_4,5,0.028000000000000004
43,candidate_5,candidate_2,0,candidate_3,candidate_4,5,0.028000000000000004
44,candidate_5,candidate_2,candidate_1,candidate_3,candidate_4,5,0.028000000000000004
45,candidate_5,candidate_2,candidate_1,candidate_3,candidate_4,5,0.028000000000000004
46,candidate_5,candidate_2,candidate_1,candidate_3,candidate_4,5,0.028000000000000004
47,candidate_5,candidate_2,candidate_1,candidate_3,candidate_4,5,0.028000000000000004
48,candidate_5,candidate_2,candidate_1,candidate_3,candidate_4,5,0.028000000000000004
49,0,candidate_2,candidate_1,candidate_3,candidate_4,5,0.028000000000000004
50,candidate_5,candidate_2,candidate_1,candidate_3,candidate_4,5,0.028000000000000004
51,candidate_5,candidate_2,candidate_1,candidate_3,candidate_4,5,0.028000000000000004
52,candidate_5,candidate_2,0,candidate_3,candidate_4,5,0.028000000000000004
53,candidate_5,candidate_2,candidate_1,candidate_3,candidate_4,5,0.028000000000000004
54,candidate_5,candidate_2,candidate_1,candidate_3,candidate_4,5,0.028000000000000004
55,candidate_5,candidate_2,candidate_1,candidate_3,candidate_4,5,0.028000000000000004
56,candidate_5,candidate_2,candidate_1,candidate_3,candidate_4,5,0.028000000000000004
57,candidate_5,candidate_2,candidate_1,candidate_3,candidate_4,5,0.028000000000000004
58,candidate_5,candidate_2,candidate_1,candidate_3,candidate_4,5,0.028000000000000004
59,candidate_5,candidate_2,candidate_1,candidate_3,candidate_4,5,0.028000000000000004
60,candidate_5,candidate_2,candidate_1,candidate_3,candidate_4,5,0.028000000000000004
61,candidate_5,candidate_2,candidate_1,candidate_3,candidate_4,5,0.028000000000000004
62,candidate_5,candidate_2,candidate_1,candidate_3,candidate_4,5,0.028000000000000004
63,candidate_5,candidate_2,candidate_1,candidate_3,candidate_4,5,0.028000000000000004
64,candidate_5,candidate_2,candidate_1,candidate_3,candidate_4,5,0.028000000000000004
65,candidate_5,0,candidate_1,candidate_3,candidate_4,5,0.028000000000000004
66,candidate_5,candidate_2,candidate_1,candidate_3,candidate_4,5,0.028000000000000004
67,candidate_5,candidate_2,candidate_1,candidate_3,candidate_4,5,0.028000000000000004
68,candidate_5,candidate_2,candidate_1,candidate_3,candidate_4,5,0.028000000000000004
69,candidate_5,candidate_2,candidate_1,candidate_3,candidate_4,5,0.028000000000000004
70,candidate_5,candidate_2,candidate_1,candidate_3,candidate_4,5,0.028000000000000004
71,candidate_5,candidate_2,candidate_1,candidate_3,candidate_4,5,0.028000000000000004
72,candidate_5,candidate_2,candidate_1,candidate_3,candidate_4,5,0.028000000000000004
73,candidate_5,candidate_2,candidate_1,candidate_3,candidate_4,5,0.028000000000000004
74,candidate_5,candidate_2,candidate_1,candidate_3,candidate_4,5,0.028000000000000004
75,candidate_5,candidate_2,candidate_1,candidate_3,candidate_4,5,0.028000000000000004
76,candidate_5,candidate_2,candidate_1,candidate_3,candidate_4,5,0.028000000000000004
77,candidate_5,0,candidate_1,candidate_3,candidate_4,5,0.028000000000000004
78,candidate_5,candidate_2,candidate_1,candidate_3,candidate_4,5,0.028000000000000004
79,candidate_5,candidate_2,candidate_1,candidate_3,candidate_4,5,0.028000000000000004
80,candidate_5,candidate_2,candidate_1,candidate_3,candidate_4,5,0.028000000000000004
81,candidate_5,candidate_2,candidate_1,candidate_3,candidate_4,5,0.028000000000000004
82,candidate_5,0,candidate_1,candidate_3,candidate_4,5,0.028000000000000004
83,candidate_5,candidate_2,candidate_1,candidate_3,candidate_4,5,0.028000000000000004
84,candidate_5,candidate_2,candidate_1,candidate_3,candidate_4,5,0.028000000000000004
85,candidate_5,candidate_2,candidate_1,candidate_3,candidate_4,5,0.028000000000000004
86,candidate_5,candidate_2,candidate_1,candidate_3,candidate_4,5,0.028000000000000004
87,candidate_5,candidate_2,candidate_1,candidate_3,candidate_4,5,0.028000000000000004
88,candidate_5,candidate_2,0,candidate_3,candidate_4,5,0.028000000000000004
89,0,candidate_2,candidate_1,candidate_3,candidate_4,5,0.028000000000000004
90,candidate_5,candidate_2,candidate_1,candidate_3,candidate_4,5,0.028000000000000004
91,candidate_5,candidate_2,candidate_1,candidate_3,candidate_4,5,0.028000000000000004
92,candidate_5,candidate_2,candidate_1,candidate_3,candidate_4,5,0.028000000000000004
93,candidate_5,candidate_2,candidate_1,candidate_3,candidate_4,5,0.028000000000000004
94,candidate_5,candidate_2,candidate_1,candidate_3,candidate_4,5,0.028000000000000004
95,candidate_5,candidate_2,candidate_1,0,candidate_4,5,0.028000000000000004
96,candidate_5,candidate_2,candidate_1,candidate_3,candidate_4,5,0.028000000000000004
97,candidate_5,candidate_2,candidate_1,candidate_3,candidate_4,5,0.028000000000000004
98,candidate_5,candidate_2,0,candidate_3,candidate_4,5,0.028000000000000004
99,candidate_5,candidate_2,candidate_1,candidate_3,candidate_4,5,0.028000000000000004
100,candidate_5,candidate_2,candidate_1,candidate_3,candidate_4,5,0.028000000000000004
101,candidate_5,candidate_2,candidate_1,candidate_3,candidate_4,5,0.028000000000000004
102,candidate_5,candidate_2,candidate_1,candidate_3,candidate_4,5,0.028000000000000004
103,candidate_5,candidate_2,candidate_1,candidate_3,candidate_4,5,0.028000000000000004
104,candidate_5,candidate_2,0,candidate_3,candidate_4,5,0.028000000000000004
105,candidate_5,candidate_2,candidate_1,candidate_3,candidate_4,5,0.028000000000000004
106,candidate_5,candidate_2,candidate_1,candidate_3,candidate_4,5,0.028000000000000004
107,candidate_5,candidate_2,candidate_1,candidate_3,candidate_4,5,0.028000000000000004
108,candidate_5,candidate_2,candidate_1,candidate_3,candidate_4,5,0.028000000000000004
109,candidate_5,candidate_2,0,candidate_3,candidate_4,5,0.028000000000000004
110,candidate_5,candidate_2,candidate_1,candidate_3,candidate_4,5,0.028000000000000004
111,0,candidate_2,candidate_1,candidate_3,candidate_4,5,0.028000000000000004
112,candidate_5,candidate_2,candidate_1,candidate_3,candidate_4,5,0.028000000000000004
113,candidate_5,candidate_2,candidate_1,candidate_3,candidate_4,5,0.028000000000000004
114,candidate_5,candidate_2,candidate_1,candidate_3,candidate_4,5,0.028000000000000004
115,candidate_5,candidate_2,candidate_1,candidate_3,candidate_4,5,0.028000000000000004
116,0,candidate_2,candidate_1,candidate_3,candidate_4,5,0.028000000000000004
117,candidate_5,candidate_2,candidate_1,candidate_3,candidate_4,5,0.028000000000000004
118,candidate_5,candidate_2,candidate_1,candidate_3,candidate_4,5,0.028000000000000004
119,candidate_5,0,candidate_1,candidate_3,candidate_4,5,0.028000000000000004
120,candidate_5,candidate_2,candidate_1,candidate_3,candidate_4,5,0.028000000000000004
121,candidate_5,candidate_2,candidate_1,candidate_3,candidate_4,5,0.028000000000000004
122,candidate_5,candidate_2,candidate_1,candidate_3,candidate_4,5,0.028000000000000004
123,candidate_5,candidate_2,candidate_1,candidate_3,0,5,0.028000000000000004
124,candidate_5,candidate_2,candidate_1,candidate_3,candidate_4,5,0.028000000000000004
125,candidate_5,candidate_2,0,candidate_3,candidate_4,5,0.028000000000000004
126,candidate_5,candidate_2,candidate_1,candidate_3,candidate_4,5,0.028000000000000004
127,candidate_5,candidate_2,candidate_1,candidate_3,candidate_4,5,0.028000000000000004
128,candidate_5,candidate_2,candidate_1,candidate_3,candidate_4,5,0.028000000000000004
129,candidate_5,candidate_2,candidate_1,candidate_3,candidate_4,5,0.028000000000000004
130,candidate_5,candidate_2,candidate_1,candidate_3,candidate_4,5,0.028000000000000004
131,candidate_5,candidate_2,candidate_1,candidate_3,candidate_4,5,0.028000000000000004
132,candidate_5,candidate_2,candidate_1,candidate_3,candidate_4,5,0.028000000000000004
133,candidate_5,candidate_2,candidate_1,candidate_3,candidate_4,5,0.028000000000000004
134,candidate_5,candidate_2,candidate_1,candidate_3,candidate_4,5,0.028000000000000004
135,candidate_5,candidate_2,candidate_1,candidate_3,candidate_4,5,0.028000000000000004
136,candidate_5,candidate_2,candidate_1,candidate_3,candidate_4,5,0.028000000000000004
137,candidate_5,candidate_2,candidate_1,candidate_3,candidate_4,5,0.028000000000000004
138,candidate_5,candidate_2,candidate_1,candidate_3,candidate_4,5,0.028000000000000004
139,candidate_5,candidate_2,candidate_1,candidate_3,candidate_4,5,0.028000000000000004
140,candidate_5,candidate_2,candidate_1,candidate_3,candidate_4,5,0.028000000000000004
141,candidate_5,candidate_2,candidate_1,candidate_3,candidate_4,5,0.028000000000000004
142,candidate_5,candidate_2,candidate_1,candidate_3,candidate_4,5,0.028000000000000004
143,candidate_5,candidate_2,candidate_1,candidate_3,0,5,0.028000000000000004
144,candidate_5,candidate_2,candidate_1,candidate_3,candidate_4,5,0.028000000000000004
145,candidate_5,candidate_2,candidate_1,candidate_3,candidate_4,5,0.028000000000000004
146,candidate_5,candidate_2,candidate_1,candidate_3,candidate_4,5,0.028000000000000004
147,candidate_5,candidate_2,candidate_1,candidate_3,candidate_4,5,0.028000000000000004
148,candidate_5,candidate_2,candidate_1,candidate_3,candidate_4,5,0.028000000000000004
149,candidate_5,candidate_2,candidate_1,candidate_3,candidate_4,5,0.028000000000000004
150,candidate_5,candidate_2,candidate_1,candidate_3,candidate_4,5,0.028000000000000004
151,candidate_5,candidate_2,candidate_1,candidate_3,candidate_4,5,0.028000000000000004
152,candidate_5,candidate_2,candidate_1,candidate_3,0,5,0.028000000000000004
153,candidate_5,candidate_2,candidate_1,candidate_3,candidate_4,5,0.028000000000000004
154,candidate_5,candidate_2,candidate_1,candidate_3,candidate_4,5,0.028000000000000004
155,candidate_5,candidate_2,candidate_1,candidate_3,candidate_4,5,0.028000000000000004
156,0,candidate_2,candidate_1,candidate_3,candidate_4,5,0.028000000000000004
157,candidate_5,candidate_2,candidate_1,candidate_3,candidate_4,5,0.028000000000000004
158,candidate_5,candidate_2,candidate_1,candidate_3,candidate_4,5,0.028000000000000004
159,candidate_5,candidate_2,candidate_1,candidate_3,candidate_4,5,0.028000000000000004
160,candidate_5,candidate_2,candidate_1,candidate_3,candidate_4,5,0.028000000000000004
161,candidate_5,candidate_2,candidate_1,candidate_3,candidate_4,5,0.028000000000000004
162,candidate_5,candidate_2,candidate_1,candidate_3,candidate_4,5,0.028000000000000004
163,candidate_5,candidate_2,candidate_1,candidate_3,candidate_4,5,0.028000000000000004
164,candidate_5,candidate_2,candidate_1,0,candidate_4,5,0.028000000000000004
165,candidate_5,candidate_2,candidate_1,candidate_3,candidate_4,5,0.028000000000000004
166,candidate_5,candidate_2,candidate_1,0,candidate_4,5,0.028000000000000004
167,candidate_5,candidate_2,candidate_1,candidate_3,candidate_4,5,0.028000000000000004
168,candidate_5,candidate_2,candidate_1,candidate_3,candidate_4,5,0.028000000000000004
169,candidate_5,candidate_2,candidate_1,candidate_3,candidate_4,5,0.028000000000000004
170,candidate_5,candidate_2,candidate_1,candidate_3,candidate_4,5,0.028000000000000004
171,candidate_5,candidate_2,candidate_1,candidate_3,candidate_4,5,0.028000000000000004
172,candidate_5,candidate_2,candidate_1,candidate_3,candidate_4,5,0.028000000000000004
173,candidate_5,candidate_2,candidate_1,candidate_3,candidate_4,5,0.028000000000000004
174,candidate_5,candidate_2,candidate_1,candidate_3,candidate_4,5,0.028000000000000004
175,0,candidate_2,candidate_1,candidate_3,candidate_4,5,0.028000000000000004
176,candidate_5,candidate_2,candidate_1,candidate_3,candidate_4,5,0.028000000000000004
177,candidate_5,candidate_2,candidate_1,candidate_3,candidate_4,5,0.028000000000000004
178,candidate_5,candidate_2,candidate_1,candidate_3,candidate_4,5,0.028000000000000004
179,candidate_5,candidate_2,candidate_1,0,candidate_4,5,0.028000000000000004
180,candidate_5,candidate_2,candidate_1,candidate_3,candidate_4,5,0.028000000000000004
181,candidate_5,candidate_2,candidate_1,candidate_3,candidate_4,5,0.028000000000000004
182,candidate_5,candidate_2,candidate_1,candidate_3,candidate_4,5,0.028000000000000004
183,candidate_5,candidate_2,candidate_1,candidate_3,candidate_4,5,0.028000000000000004
184,candidate_5,candidate_2,candidate_1,candidate_3,candidate_4,5,0.028000000000000004
185,candidate_5,candidate_2,candidate_1,candidate_3,candidate_4,5,0.028000000000000004
186,candidate_5,candidate_2,candidate_1,candidate_3,candidate_4,5,0.028000000000000004
187,candidate_5,candidate_2,candidate_1,candidate_3,candidate_4,5,0.028000000000000004
188,candidate_5,candidate_2,candidate_1,candidate_3,candidate_4,5,0.028000000000000004
189,candidate_5,candidate_2,candidate_1,candidate_3,candidate_4,5,0.028000000000000004
190,candidate_5,candidate_2,candidate_1,candidate_3,candidate_4,5,0.028000000000000004
191,candidate_5,candidate_2,candidate_1,candidate_3,candidate_4,5,0.028000000000000004
192,candidate_5,candidate_2,candidate_1,candidate_3,candidate_4,5,0.028000000000000004
193,candidate_5,candidate_2,candidate_1,candidate_3,candidate_4,5,0.028000000000000004
194,candidate_5,candidate_2,candidate_1,candidate_3,candidate_4,5,0.028000000000000004
195,candidate_5,candidate_2,candidate_1,candidate_3,0,5,0.028000000000000004
196,0,candidate_2,candidate_1,0,candidate_4,5,0.028000000000000004
0,candidate_5,candidate_2,candidate_1,candidate_4,candidate_3,5,0.028000000000000004
1,candidate_5,candidate_2,candidate_1,candidate_4,0,5,0.028000000000000004
2,candidate_5,candidate_2,candidate_1,candidate_4,candidate_3,5,0.028000000000000004
3,candidate_5,candidate_2,candidate_1,candidate_4,candidate_3,5,0.028000000000000004
4,candidate_5,candidate_2,candidate_1,candidate_4,candidate_3,5,0.028000000000000004
5,candidate_5,candidate_2,candidate_1,candidate_4,candidate_3,5,0.028000000000000004
6,0,candidate_2,candidate_1,candidate_4,candidate_3,5,0.028000000000000004
7,candidate_5,candidate_2,candidate_1,candidate_4,candidate_3,5,0.028000000000000004
8,candidate_5,candidate_2,candidate_1,candidate_4,candidate_3,5,0.028000000000000004
9,candidate_5,candidate_2,candidate_1,candidate_4,candidate_3,5,0.028000000000000004
10,candidate_5,candidate_2,candidate_1,candidate_4,candidate_3,5,0.028000000000000004
11,candidate_5,candidate_2,candidate_1,candidate_4,candidate_3,5,0.028000000000000004
12,candidate_5,candidate_2,candidate_1,candidate_4,candidate_3,5,0.028000000000000004
13,candidate_5,0,candidate_1,candidate_4,candidate_3,5,0.028000000000000004
14,candidate_5,candidate_2,candidate_1,candidate_4,candidate_3,5,0.028000000000000004
15,candidate_5,candidate_2,candidate_1,candidate_4,candidate_3,5,0.028000000000000004
16,0,candidate_2,candidate_1,candidate_4,candidate_3,5,0.028000000000000004
17,candidate_5,candidate_2,candidate_1,candidate_4,candidate_3,5,0.028000000000000004
18,candidate_5,candidate_2,candidate_1,candidate_4,candidate_3,5,0.028000000000000004
19,candidate_5,candidate_2,candidate_1,candidate_4,candidate_3,5,0.028000000000000004
20,candidate_5,candidate_2,candidate_1,candidate_4,candidate_3,5,0.028000000000000004
21,candidate_5,candidate_2,candidate_1,candidate_4,candidate_3,5,0.028000000000000004
22,candidate_5,candidate_2,candidate_1,candidate_4,candidate_3,5,0.028000000000000004
23,candidate_5,0,candidate_1,candidate_4,candidate_3,5,0.028000000000000004
24,candidate_5,candidate_2,candidate_1,candidate_4,candidate_3,5,0.028000000000000004
25,candidate_5,candidate_2,candidate_1,candidate_4,candidate_3,5,0.028000000000000004
26,candidate_5,candidate_2,candidate_1,candidate_4,candidate_3,5,0.028000000000000004
27,candidate_5,candidate_2,candidate_1,candidate_4,candidate_3,5,0.028000000000000004
28,candidate_5,candidate_2,candidate_1,candidate_4,candidate_3,5,0.028000000000000004
29,candidate_5,candidate_2,candidate_1,candidate_4,candidate_3,5,0.028000000000000004
30,candidate_5,candidate_2,candidate_1,candidate_4,candidate_3,5,0.028000000000000004
31,candidate_5,candidate_2,candidate_1,candidate_4,candidate_3,5,0.028000000000000004
32,candidate_5,candidate_2,candidate_1,candidate_4,0,5,0.028000000000000004
33,candidate_5,candidate_2,candidate_1,candidate_4,candidate_3,5,0.028000000000000004
34,candidate_5,candidate_2,candidate_1,candidate_4,candidate_3,5,0.028000000000000004
35,candidate_5,candidate_2,candidate_1,candidate_4,candidate_3,5,0.028000000000000004
36,candidate_5,candidate_2,candidate_1,candidate_4,candidate_3,5,0.028000000000000004
37,candidate_5,candidate_2,candidate_1,candidate_4,candidate_3,5,0.028000000000000004
38,candidate_5,candidate_2,candidate_1,candidate_4,candidate_3,5,0.028000000000000004
39,candidate_5,candidate_2,candidate_1,candidate_4,candidate_3,5,0.028000000000000004
40,candidate_5,candidate_2,candidate_1,candidate_4,candidate_3,5,0.028000000000000004
41,candidate_5,candidate_2,candidate_1,candidate_4,candidate_3,5,0.028000000000000004
42,candidate_5,candidate_2,candidate_1,candidate_4,candidate_3,5,0.028000000000000004
43,candidate_5,candidate_2,candidate_1,candidate_4,candidate_3,5,0.028000000000000004
44,candidate_5,candidate_2,candidate_1,candidate_4,candidate_3,5,0.028000000000000004
45,candidate_5,candidate_2,candidate_1,candidate_4,candidate_3,5,0.028000000000000004
46,candidate_5,candidate_2,candidate_1,candidate_4,candidate_3,5,0.028000000000000004
47,candidate_5,candidate_2,candidate_1,candidate_4,candidate_3,5,0.028000000000000004
48,candidate_5,candidate_2,0,candidate_4,candidate_3,5,0.028000000000000004
49,candidate_5,candidate_2,candidate_1,candidate_4,0,5,0.028000000000000004
50,candidate_5,candidate_2,candidate_1,candidate_4,candidate_3,5,0.028000000000000004
51,candidate_5,candidate_2,candidate_1,candidate_4,candidate_3,5,0.028000000000000004
52,candidate_5,candidate_2,candidate_1,candidate_4,candidate_3,5,0.028000000000000004
53,candidate_5,candidate_2,candidate_1,candidate_4,candidate_3,5,0.028000000000000004
54,candidate_5,candidate_2,candidate_1,candidate_4,candidate_3,5,0.028000000000000004
55,candidate_5,candidate_2,candidate_1,candidate_4,candidate_3,5,0.028000000000000004
56,candidate_5,candidate_2,candidate_1,candidate_4,candidate_3,5,0.028000000000000004
57,candidate_5,candidate_2,candidate_1,candidate_4,candidate_3,5,0.028000000000000004
58,candidate_5,candidate_2,candidate_1,candidate_4,candidate_3,5,0.028000000000000004
59,candidate_5,candidate_2,candidate_1,candidate_4,candidate_3,5,0.028000000000000004
60,candidate_5,candidate_2,candidate_1,candidate_4,candidate_3,5,0.028000000000000004
61,candidate_5,candidate_2,candidate_1,candidate_4,candidate_3,5,0.028000000000000004
62,candidate_5,candidate_2,candidate_1,candidate_4,candidate_3,5,0.028000000000000004
63,candidate_5,candidate_2,candidate_1,candidate_4,candidate_3,5,0.028000000000000004
64,candidate_5,candidate_2,candidate_1,candidate_4,candidate_3,5,0.028000000000000004
65,candidate_5,candidate_2,candidate_1,candidate_4,candidate_3,5,0.028000000000000004
66,candidate_5,candidate_2,candidate_1,candidate_4,candidate_3,5,0.028000000000000004
67,candidate_5,candidate_2,candidate_1,candidate_4,candidate_3,5,0.028000000000000004
68,candidate_5,candidate_2,candidate_1,candidate_4,candidate_3,5,0.028000000000000004
69,candidate_5,candidate_2,candidate_1,candidate_4,candidate_3,5,0.028000000000000004
70,candidate_5,0,candidate_1,candidate_4,candidate_3,5,0.028000000000000004
71,candidate_5,candidate_2,candidate_1,candidate_4,candidate_3,5,0.028000000000000004
72,candidate_5,candidate_2,candidate_1,candidate_4,candidate_3,5,0.028000000000000004
73,candidate_5,candidate_2,candidate_1,0,candidate_3,5,0.028000000000000004
74,candidate_5,candidate_2,candidate_1,candidate_4,candidate_3,5,0.028000000000000004
75,candidate_5,candidate_2,candidate_1,candidate_4,candidate_3,5,0.028000000000000004
76,candidate_5,candidate_2,candidate_1,candidate_4,candidate_3,5,0.028000000000000004
77,candidate_5,candidate_2,candidate_1,candidate_4,candidate_3,5,0.028000000000000004
78,candidate_5,candidate_2,candidate_1,candidate_4,candidate_3,5,0.028000000000000004
79,candidate_5,candidate_2,candidate_1,candidate_4,candidate_3,5,0.028000000000000004
80,candidate_5,candidate_2,candidate_1,candidate_4,candidate_3,5,0.028000000000000004
81,candidate_5,candidate_2,candidate_1,candidate_4,candidate_3,5,0.028000000000000004
82,candidate_5,candidate_2,candidate_1,candidate_4,candidate_3,5,0.028000000000000004
83,candidate_5,candidate_2,candidate_1,candidate_4,candidate_3,5,0.028000000000000004
84,candidate_5,candidate_2,candidate_1,candidate_4,candidate_3,5,0.028000000000000004
85,candidate_5,candidate_2,candidate_1,candidate_4,candidate_3,5,0.028000000000000004
86,candidate_5,candidate_2,candidate_1,candidate_4,candidate_3,5,0.028000000000000004
87,candidate_5,candidate_2,candidate_1,candidate_4,candidate_3,5,0.028000000000000004
88,candidate_5,0,candidate_1,candidate_4,candidate_3,5,0.028000000000000004
89,candidate_5,0,candidate_1,candidate_4,candidate_3,5,0.028000000000000004
90,candidate_5,candidate_2,candidate_1,candidate_4,candidate_3,5,0.028000000000000004
91,candidate_5,candidate_2,0,candidate_4,candidate_3,5,0.028000000000000004
92,candidate_5,candidate_2,candidate_1,candidate_4,candidate_3,5,0.028000000000000004
93,candidate_5,candidate_2,candidate_1,candidate_4,candidate_3,5,0.028000000000000004
94,candidate_5,candidate_2,candidate_1,candidate_4,candidate_3,5,0.028000000000000004
95,candidate_5,candidate_2,candidate_1,candidate_4,candidate_3,5,0.028000000000000004
96,candidate_5,candidate_2,candidate_1,candidate_4,candidate_3,5,0.028000000000000004
97,candidate_5,candidate_2,candidate_1,candidate_4,0,5,0.028000000000000004
98,candidate_5,candidate_2,candidate_1,candidate_4,candidate_3,5,0.028000000000000004
99,candidate_5,candidate_2,candidate_1,candidate_4,candidate_3,5,0.028000000000000004
100,candidate_5,candidate_2,0,candidate_4,candidate_3,5,0.028000000000000004
101,candidate_5,candidate_2,candidate_1,candidate_4,candidate_3,5,0.028000000000000004
102,candidate_5,candidate_2,candidate_1,candidate_4,candidate_3,5,0.028000000000000004
103,candidate_5,candidate_2,candidate_1,candidate_4,candidate_3,5,0.028000000000000004
104,candidate_5,candidate_2,candidate_1,candidate_4,candidate_3,5,0.028000000000000004
105,candidate_5,candidate_2,candidate_1,candidate_4,candidate_3,5,0.028000000000000004
106,candidate_5,candidate_2,candidate_1,candidate_4,candidate_3,5,0.028000000000000004
107,candidate_5,candidate_2,candidate_1,candidate_4,candidate_3,5,0.028000000000000004
108,candidate_5,candidate_2,candidate_1,candidate_4,candidate_3,5,0.028000000000000004
109,candidate_5,candidate_2,candidate_1,candidate_4,candidate_3,5,0.028000000000000004
110,candidate_5,candidate_2,candidate_1,candidate_4,candidate_3,5,0.028000000000000004
111,candidate_5,candidate_2,candidate_1,candidate_4,candidate_3,5,0.028000000000000004
112,candidate_5,candidate_2,candidate_1,candidate_4,candidate_3,5,0.028000000000000004
113,candidate_5,candidate_2,candidate_1,candidate_4,candidate_3,5,0.028000000000000004
114,candidate_5,0,candidate_1,candidate_4,candidate_3,5,0.028000000000000004
115,candidate_5,candidate_2,candidate_1,candidate_4,candidate_3,5,0.028000000000000004
116,candidate_5,candidate_2,candidate_1,0,candidate_3,5,0.028000000000000004
117,candidate_5,candidate_2,candidate_1,candidate_4,candidate_3,5,0.028000000000000004
118,candidate_5,candidate_2,candidate_1,candidate_4,candidate_3,5,0.028000000000000004
119,candidate_5,candidate_2,candidate_1,candidate_4,candidate_3,5,0.028000000000000004
120,candidate_5,candidate_2,candidate_1,candidate_4,candidate_3,5,0.028000000000000004
121,candidate_5,candidate_2,candidate_1,candidate_4,candidate_3,5,0.028000000000000004
122,candidate_5,candidate_2,candidate_1,candidate_4,candidate_3,5,0.028000000000000004
123,candidate_5,candidate_2,candidate_1,candidate_4,candidate_3,5,0.028000000000000004
124,candidate_5,candidate_2,candidate_1,0,candidate_3,5,0.028000000000000004
125,candidate_5,candidate_2,candidate_1,candidate_4,candidate_3,5,0.028000000000000004
126,candidate_5,0,candidate_1,candidate_4,candidate_3,5,0.028000000000000004
127,candidate_5,candidate_2,candidate_1,candidate_4,candidate_3,5,0.028000000000000004
128,candidate_5,candidate_2,0,candidate_4,candidate_3,5,0.028000000000000004
129,candidate_5,candidate_2,candidate_1,candidate_4,candidate_3,5,0.028000000000000004
130,candidate_5,candidate_2,candidate_1,candidate_4,candidate_3,5,0.028000000000000004
131,candidate_5,candidate_2,candidate_1,candidate_4,candidate_3,5,0.028000000000000004
132,candidate_5,candidate_2,candidate_1,candidate_4,candidate_3,5,0.028000000000000004
133,candidate_5,candidate_2,candidate_1,candidate_4,candidate_3,5,0.028000000000000004
134,candidate_5,candidate_2,0,candidate_4,candidate_3,5,0.028000000000000004
135,candidate_5,candidate_2,candidate_1,candidate_4,candidate_3,5,0.028000000000000004
136,candidate_5,candidate_2,candidate_1,candidate_4,candidate_3,5,0.028000000000000004
137,candidate_5,candidate_2,candidate_1,candidate_4,candidate_3,5,0.028000000000000004
138,candidate_5,candidate_2,candidate_1,candidate_4,candidate_3,5,0.028000000000000004
139,candidate_5,candidate_2,candidate_1,candidate_4,candidate_3,5,0.028000000000000004
140,candidate_5,candidate_2,candidate_1,candidate_4,candidate_3,5,0.028000000000000004
141,candidate_5,candidate_2,candidate_1,candidate_4,candidate_3,5,0.028000000000000004
142,candidate_5,candidate_2,candidate_1,candidate_4,candidate_3,5,0.028000000000000004
143,candidate_5,candidate_2,candidate_1,candidate_4,candidate_3,5,0.028000000000000004
144,candidate_5,candidate_2,candidate_1,candidate_4,candidate_3,5,0.028000000000000004
145,candidate_5,candidate_2,candidate_1,candidate_4,candidate_3,5,0.028000000000000004
146,candidate_5,candidate_2,candidate_1,candidate_4,candidate_3,5,0.028000000000000004
147,candidate_5,candidate_2,candidate_1,candidate_4,candidate_3,5,0.028000000000000004
148,candidate_5,candidate_2,0,candidate_4,candidate_3,5,0.028000000000000004
149,candidate_5,candidate_2,candidate_1,candidate_4,candidate_3,5,0.028000000000000004
150,candidate_5,candidate_2,candidate_1,0,candidate_3,5,0.028000000000000004
151,candidate_5,candidate_2,candidate_1,candidate_4,candidate_3,5,0.028000000000000004
152,candidate_5,candidate_2,candidate_1,candidate_4,candidate_3,5,0.028000000000000004
153,candidate_5,candidate_2,candidate_1,candidate_4,candidate_3,5,0.028000000000000004
154,candidate_5,candidate_2,candidate_1,candidate_4,candidate_3,5,0.028000000000000004
155,candidate_5,candidate_2,candidate_1,candidate_4,candidate_3,5,0.028000000000000004
156,candidate_5,candidate_2,candidate_1,candidate_4,candidate_3,5,0.028000000000000004
157,candidate_5,candidate_2,candidate_1,candidate_4,candidate_3,5,0.028000000000000004
158,candidate_5,candidate_2,candidate_1,candidate_4,candidate_3,5,0.028000000000000004
159,candidate_5,candidate_2,candidate_1,candidate_4,candidate_3,5,0.028000000000000004
160,candidate_5,candidate_2,candidate_1,candidate_4,candidate_3,5,0.028000000000000004
161,candidate_5,candidate_2,candidate_1,candidate_4,candidate_3,5,0.028000000000000004
162,candidate_5,candidate_2,candidate_1,candidate_4,0,5,0.028000000000000004
163,candidate_5,candidate_2,candidate_1,candidate_4,candidate_3,5,0.028000000000000004
164,candidate_5,candidate_2,candidate_1,candidate_4,candidate_3,5,0.028000000000000004
165,candidate_5,candidate_2,candidate_1,candidate_4,candidate_3,5,0.028000000000000004
166,candidate_5,0,candidate_1,candidate_4,candidate_3,5,0.028000000000000004
167,candidate_5,candidate_2,0,candidate_4,candidate_3,5,0.028000000000000004
168,candidate_5,candidate_2,candidate_1,candidate_4,candidate_3,5,0.028000000000000004
169,candidate_5,0,candidate_1,candidate_4,candidate_3,5,0.028000000000000004
170,candidate_5,candidate_2,candidate_1,candidate_4,candidate_3,5,0.028000000000000004
171,candidate_5,candidate_2,candidate_1,candidate_4,candidate_3,5,0.028000000000000004
172,candidate_5,candidate_2,candidate_1,candidate_4,candidate_3,5,0.028000000000000004
173,candidate_5,candidate_2,candidate_1,candidate_4,candidate_3,5,0.028000000000000004
174,candidate_5,candidate_2,0,0,candidate_3,5,0.028000000000000004
175,candidate_5,candidate_2,candidate_1,candidate_4,candidate_3,5,0.028000000000000004
176,candidate_5,candidate_2,candidate_1,candidate_4,candidate_3,5,0.028000000000000004
177,candidate_5,candidate_2,candidate_1,candidate_4,candidate_3,5,0.028000000000000004
178,candidate_5,candidate_2,candidate_1,candidate_4,candidate_3,5,0.028000000000000004
179,candidate_5,candidate_2,candidate_1,candidate_4,candidate_3,5,0.028000000000000004
180,candidate_5,candidate_2,candidate_1,candidate_4,candidate_3,5,0.028000000000000004
181,candidate_5,candidate_2,candidate_1,candidate_4,candidate_3,5,0.028000000000000004
182,candidate_5,candidate_2,candidate_1,candidate_4,candidate_3,5,0.028000000000000004
183,candidate_5,candidate_2,candidate_1,candidate_4,candidate_3,5,0.028000000000000004
184,candidate_5,candidate_2,candidate_1,candidate_4,candidate_3,5,0.028000000000000004
185,candidate_5,candidate_2,candidate_1,candidate_4,candidate_3,5,0.028000000000000004
186,candidate_5,candidate_2,candidate_1,candidate_4,candidate_3,5,0.028000000000000004
187,candidate_5,candidate_2,candidate_1,candidate_4,candidate_3,5,0.028000000000000004
188,candidate_5,candidate_2,candidate_1,candidate_4,candidate_3,5,0.028000000000000004
189,candidate_5,candidate_2,candidate_1,candidate_4,candidate_3,5,0.028000000000000004
190,candidate_5,candidate_2,candidate_1,candidate_4,candidate_3,5,0.028000000000000004
191,candidate_5,candidate_2,candidate_1,candidate_4,candidate_3,5,0.028000000000000004
192,candidate_5,candidate_2,candidate_1,candidate_4,candidate_3,5,0.028000000000000004
193,candidate_5,candidate_2,candidate_1,candidate_4,candidate_3,5,0.028000000000000004
194,candidate_5,candidate_2,candidate_1,candidate_4,candidate_3,5,0.028000000000000004
195,candidate_5,candidate_2,candidate_1,candidate_4,candidate_3,5,0.028000000000000004
196,candidate_5,candidate_2,candidate_1,candidate_4,candidate_3,5,0.028000000000000004
197,candidate_5,candidate_2,0,candidate_4,candidate_3,5,0.028000000000000004
198,candidate_5,candidate_2,candidate_1,candidate_4,candidate_3,5,0.028000000000000004
199,candidate_5,candidate_2,candidate_1,candidate_4,candidate_3,5,0.028000000000000004
200,candidate_5,candidate_2,candidate_1,candidate_4,candidate_3,5,0.028000000000000004
201,candidate_5,candidate_2,candidate_1,candidate_4,candidate_3,5,0.028000000000000004
202,candidate_5,candidate_2,candidate_1,candidate_4,candidate_3,5,0.028000000000000004
203,candidate_5,candidate_2,0,candidate_4,candidate_3,5,0.028000000000000004
204,candidate_5,candidate_2,candidate_1,candidate_4,candidate_3,5,0.028000000000000004
205,candidate_5,0,candidate_1,candidate_4,candidate_3,5,0.028000000000000004
206,candidate_5,candidate_2,candidate_1,candidate_4,candidate_3,5,0.028000000000000004
207,candidate_5,candidate_2,candidate_1,candidate_4,candidate_3,5,0.028000000000000004
208,candidate_5,candidate_2,0,candidate_4,candidate_3,5,0.028000000000000004
209,candidate_5,candidate_2,candidate_1,candidate_4,candidate_3,5,0.028000000000000004
210,candidate_5,candidate_2,candidate_1,candidate_4,candidate_3,5,0.028000000000000004
211,candidate_5,candidate_2,candidate_1,candidate_4,candidate_3,5,0.028000000000000004
212,candidate_5,candidate_2,candidate_1,candidate_4,candidate_3,5,0.028000000000000004
213,candidate_5,candidate_2,candidate_1,candidate_4,0,5,0.028000000000000004
214,candidate_5,candidate_2,candidate_1,candidate_4,candidate_3,5,0.028000000000000004
215,candidate_5,candidate_2,candidate_1,candidate_4,candidate_3,5,0.028000000000000004
216,candidate_5,candidate_2,candidate_1,candidate_4,candidate_3,5,0.028000000000000004
217,candidate_5,candidate_2,candidate_1,candidate_4,candidate_3,5,0.028000000000000004
218,candidate_5,candidate_2,candidate_1,candidate_4,candidate_3,5,0.028000000000000004
219,candidate_5,candidate_2,candidate_1,candidate_4,candidate_3,5,0.028000000000000004
220,candidate_5,candidate_2,candidate_1,candidate_4,candidate_3,5,0.028000000000000004
221,candidate_5,candidate_2,candidate_1,candidate_4,candidate_3,5,0.028000000000000004
222,candidate_5,candidate_2,candidate_1,candidate_4,candidate_3,5,0.028000000000000004
223,candidate_5,candidate_2,candidate_1,candidate_4,candidate_3,5,0.028000000000000004
224,candidate_5,candidate_2,0,candidate_4,candidate_3,5,0.028000000000000004
225,candidate_5,candidate_2,candidate_1,candidate_4,candidate_3,5,0.028000000000000004
226,candidate_5,candidate_2,candidate_1,candidate_4,candidate_3,5,0.028000000000000004
227,candidate_5,candidate_2,candidate_1,candidate_4,candidate_3,5,0.028000000000000004
228,candidate_5,candidate_2,candidate_1,candidate_4,candidate_3,5,0.028000000000000004
229,candidate_5,candidate_2,candidate_1,candidate_4,candidate_3,5,0.028000000000000004
230,candidate_5,candidate_2,candidate_1,candidate_4,candidate_3,5,0.028000000000000004
231,candidate_5,candidate_2,candidate_1,candidate_4,candidate_3,5,0.028000000000000004
232,candidate_5,candidate_2,candidate_1,candidate_4,candidate_3,5,0.028000000000000004
233,candidate_5,candidate_2,candidate_1,candidate_4,0,5,0.028000000000000004
234,candidate_5,candidate_2,candidate_1,candidate_4,candidate_3,5,0.028000000000000004
235,candidate_5,candidate_2,candidate_1,candidate_4,candidate_3,5,0.028000000000000004
236,candidate_5,candidate_2,candidate_1,candidate_4,candidate_3,5,0.028000000000000004
237,candidate_5,candidate_2,candidate_1,candidate_4,candidate_3,5,0.028000000000000004
238,candidate_5,candidate_2,candidate_1,candidate_4,candidate_3,5,0.028000000000000004
239,candidate_5,candidate_2,candidate_1,candidate_4,candidate_3,5,0.028000000000000004
240,candidate_5,candidate_2,candidate_1,candidate_4,candidate_3,5,0.028000000000000004
241,candidate_5,candidate_2,candidate_1,candidate_4,candidate_3,5,0.028000000000000004
242,candidate_5,candidate_2,candidate_1,0,candidate_3,5,0.028000000000000004
243,candidate_5,candidate_2,candidate_1,candidate_4,candidate_3,5,0.028000000000000004
244,candidate_5,candidate_2,candidate_1,candidate_4,candidate_3,5,0.028000000000000004
245,candidate_5,candidate_2,candidate_1,candidate_4,candidate_3,5,0.028000000000000004
246,candidate_5,candidate_2,candidate_1,candidate_4,candidate_3,5,0.028000000000000004
247,candidate_5,candidate_2,candidate_1,candidate_4,candidate_3,5,0.028000000000000004
248,candidate_5,candidate_2,candidate_1,candidate_4,candidate_3,5,0.028000000000000004
249,candidate_5,candidate_2,candidate_1,candidate_4,candidate_3,5,0.028000000000000004
250,candidate_5,candidate_2,candidate_1,candidate_4,candidate_3,5,0.028000000000000004
251,candidate_5,candidate_2,candidate_1,candidate_4,candidate_3,5,0.028000000000000004
252,candidate_5,candidate_2,candidate_1,candidate_4,candidate_3,5,0.028000000000000004
253,candidate_5,candidate_2,candidate_1,candidate_4,candidate_3,5,0.028000000000000004
254,candidate_5,candidate_2,candidate_1,candidate_4,candidate_3,5,0.028000000000000004
255,candidate_5,candidate_2,candidate_1,candidate_4,candidate_3,5,0.028000000000000004
256,candidate_5,candidate_2,candidate_1,candidate_4,candidate_3,5,0.028000000000000004
257,candidate_5,candidate_2,candidate_1,candidate_4,candidate_3,5,0.028000000000000004
258,candidate_5,candidate_2,candidate_1,candidate_4,candidate_3,5,0.028000000000000004
259,candidate_5,candidate_2,candidate_1,candidate_4,candidate_3,5,0.028000000000000004
260,candidate_5,candidate_2,candidate_1,candidate_4,candidate_3,5,0.028000000000000004
261,candidate_5,candidate_2,candidate_1,candidate_4,candidate_3,5,0.028000000000000004
262,candidate_5,candidate_2,candidate_1,candidate_4,candidate_3,5,0.028000000000000004
263,candidate_5,candidate_2,candidate_1,candidate_4,candidate_3,5,0.028000000000000004
264,candidate_5,candidate_2,candidate_1,candidate_4,candidate_3,5,0.028000000000000004
265,candidate_5,candidate_2,candidate_1,candidate_4,candidate_3,5,0.028000000000000004
266,candidate_5,candidate_2,candidate_1,candidate_4,candidate_3,5,0.028000000000000004
267,candidate_5,candidate_2,candidate_1,candidate_4,candidate_3,5,0.028000000000000004
268,candidate_5,candidate_2,candidate_1,candidate_4,candidate_3,5,0.028000000000000004
269,candidate_5,candidate_2,candidate_1,candidate_4,candidate_3,5,0.028000000000000004
270,candidate_5,candidate_2,candidate_1,candidate_4,candidate_3,5,0.028000000000000004
271,candidate_5,0,candidate_1,candidate_4,candidate_3,5,0.028000000000000004
272,candidate_5,candidate_2,candidate_1,candidate_4,candidate_3,5,0.028000000000000004
273,candidate_5,0,candidate_1,candidate_4,candidate_3,5,0.028000000000000004
274,candidate_5,candidate_2,candidate_1,candidate_4,candidate_3,5,0.028000000000000004
275,candidate_5,candidate_2,candidate_1,candidate_4,candidate_3,5,0.028000000000000004
276,candidate_5,candidate_2,candidate_1,candidate_4,candidate_3,5,0.028000000000000004
277,candidate_5,candidate_2,candidate_1,candidate_4,candidate_3,5,0.028000000000000004
278,candidate_5,candidate_2,candidate_1,candidate_4,candidate_3,5,0.028000000000000004
279,candidate_5,candidate_2,candidate_1,candidate_4,candidate_3,5,0.028000000000000004
280,candidate_5,candidate_2,candidate_1,0,candidate_3,5,0.028000000000000004
281,candidate_5,candidate_2,candidate_1,candidate_4,candidate_3,5,0.028000000000000004
282,candidate_5,candidate_2,candidate_1,0,candidate_3,5,0.028000000000000004
283,candidate_5,candidate_2,candidate_1,candidate_4,candidate_3,5,0.028000000000000004
284,candidate_5,candidate_2,candidate_1,candidate_4,candidate_3,5,0.028000000000000004
285,candidate_5,candidate_2,candidate_1,0,candidate_3,5,0.028000000000000004
286,candidate_5,candidate_2,candidate_1,candidate_4,candidate_3,5,0.028000000000000004
287,candidate_5,candidate_2,candidate_1,candidate_4,candidate_3,5,0.028000000000000004
288,candidate_5,candidate_2,candidate_1,candidate_4,candidate_3,5,0.028000000000000004
289,candidate_5,candidate_2,candidate_1,candidate_4,candidate_3,5,0.028000000000000004
290,candidate_5,candidate_2,candidate_1,candidate_4,candidate_3,5,0.028000000000000004
291,candidate_5,candidate_2,candidate_1,candidate_4,candidate_3,5,0.028000000000000004
292,candidate_5,candidate_2,candidate_1,candidate_4,candidate_3,5,0.028000000000000004
293,candidate_5,candidate_2,candidate_1,candidate_4,candidate_3,5,0.028000000000000004
294,candidate_5,candidate_2,candidate_1,candidate_4,candidate_3,5,0.028000000000000004
295,candidate_5,candidate_2,candidate_1,candidate_4,candidate_3,5,0.028000000000000004
296,candidate_5,candidate_2,candidate_1,candidate_4,candidate_3,5,0.028000000000000004
297,candidate_5,candidate_2,candidate_1,candidate_4,candidate_3,5,0.028000000000000004
298,candidate_5,candidate_2,candidate_1,candidate_4,candidate_3,5,0.028000000000000004
299,candidate_5,candidate_2,candidate_1,candidate_4,candidate_3,5,0.028000000000000004
300,candidate_5,candidate_2,candidate_1,candidate_4,candidate_3,5,0.028000000000000004
301,candidate_5,0,candidate_1,candidate_4,candidate_3,5,0.028000000000000004
302,candidate_5,candidate_2,candidate_1,candidate_4,candidate_3,5,0.028000000000000004
303,candidate_5,candidate_2,candidate_1,candidate_4,candidate_3,5,0.028000000000000004
304,candidate_5,candidate_2,candidate_1,candidate_4,candidate_3,5,0.028000000000000004
305,candidate_5,candidate_2,candidate_1,candidate_4,candidate_3,5,0.028000000000000004
306,candidate_5,0,candidate_1,candidate_4,candidate_3,5,0.028000000000000004
307,candidate_5,candidate_2,candidate_1,candidate_4,candidate_3,5,0.028000000000000004
308,candidate_5,candidate_2,candidate_1,candidate_4,candidate_3,5,0.028000000000000004
309,candidate_5,candidate_2,candidate_1,candidate_4,candidate_3,5,0.028000000000000004
310,candidate_5,candidate_2,candidate_1,candidate_4,candidate_3,5,0.028000000000000004
311,candidate_5,candidate_2,candidate_1,0,candidate_3,5,0.028000000000000004
312,candidate_5,candidate_2,candidate_1,candidate_4,candidate_3,5,0.028000000000000004
313,candidate_5,candidate_2,candidate_1,candidate_4,candidate_3,5,0.028000000000000004
314,candidate_5,candidate_2,candidate_1,candidate_4,candidate_3,5,0.028000000000000004
315,candidate_5,candidate_2,candidate_1,candidate_4,candidate_3,5,0.028000000000000004
316,candidate_5,candidate_2,candidate_1,candidate_4,candidate_3,5,0.028000000000000004
317,candidate_5,candidate_2,candidate_1,candidate_4,candidate_3,5,0.028000000000000004
318,candidate_5,candidate_2,candidate_1,candidate_4,candidate_3,5,0.028000000000000004
319,candidate_5,candidate_2,candidate_1,candidate_4,candidate_3,5,0.028000000000000004
320,candidate_5,candidate_2,candidate_1,candidate_4,candidate_3,5,0.028000000000000004
321,candidate_5,candidate_2,candidate_1,candidate_4,0,5,0.028000000000000004
322,candidate_5,candidate_2,candidate_1,candidate_4,candidate_3,5,0.028000000000000004
323,candidate_5,candidate_2,candidate_1,candidate_4,candidate_3,5,0.028000000000000004
324,candidate_5,candidate_2,candidate_1,candidate_4,candidate_3,5,0.028000000000000004
325,candidate_5,candidate_2,candidate_1,candidate_4,candidate_3,5,0.028000000000000004
326,candidate_5,candidate_2,candidate_1,candidate_4,candidate_3,5,0.028000000000000004
327,candidate_5,candidate_2,candidate_1,candidate_4,candidate_3,5,0.028000000000000004
328,candidate_5,candidate_2,candidate_1,candidate_4,candidate_3,5,0.028000000000000004
329,candidate_5,candidate_2,candidate_1,candidate_4,candidate_3,5,0.028000000000000004
330,candidate_5,candidate_2,0,candidate_4,candidate_3,5,0.028000000000000004
331,candidate_5,candidate_2,candidate_1,candidate_4,0,5,0.028000000000000004
332,candidate_5,candidate_2,candidate_1,0,candidate_3,5,0.028000000000000004
333,candidate_5,candidate_2,candidate_1,candidate_4,candidate_3,5,0.028000000000000004
334,candidate_5,candidate_2,candidate_1,candidate_4,candidate_3,5,0.028000000000000004
335,candidate_5,0,candidate_1,candidate_4,candidate_3,5,0.028000000000000004
336,candidate_5,candidate_2,candidate_1,candidate_4,candidate_3,5,0.028000000000000004
337,candidate_5,candidate_2,candidate_1,candidate_4,candidate_3,5,0.028000000000000004
338,candidate_5,candidate_2,candidate_1,candidate_4,candidate_3,5,0.028000000000000004
339,candidate_5,candidate_2,candidate_1,candidate_4,candidate_3,5,0.028000000000000004
340,0,candidate_2,candidate_1,candidate_4,candidate_3,5,0.028000000000000004
341,candidate_5,candidate_2,candidate_1,candidate_4,candidate_3,5,0.028000000000000004
342,candidate_5,candidate_2,candidate_1,candidate_4,candidate_3,5,0.028000000000000004
343,candidate_5,candidate_2,candidate_1,candidate_4,candidate_3,5,0.028000000000000004
344,candidate_5,candidate_2,candidate_1,0,candidate_3,5,0.028000000000000004
345,candidate_5,candidate_2,candidate_1,candidate_4,candidate_3,5,0.028000000000000004
346,candidate_5,candidate_2,candidate_1,candidate_4,candidate_3,5,0.028000000000000004
347,candidate_5,candidate_2,candidate_1,candidate_4,0,5,0.028000000000000004
348,candidate_5,candidate_2,candidate_1,candidate_4,candidate_3,5,0.028000000000000004
349,candidate_5,candidate_2,candidate_1,candidate_4,candidate_3,5,0.028000000000000004
350,candidate_5,candidate_2,0,candidate_4,candidate_3,5,0.028000000000000004
351,candidate_5,candidate_2,candidate_1,candidate_4,candidate_3,5,0.028000000000000004
352,candidate_5,candidate_2,candidate_1,candidate_4,candidate_3,5,0.028000000000000004
353,candidate_5,candidate_2,candidate_1,candidate_4,candidate_3,5,0.028000000000000004
354,candidate_5,candidate_2,candidate_1,candidate_4,candidate_3,5,0.028000000000000004
355,candidate_5,candidate_2,candidate_1,candidate_4,candidate_3,5,0.028000000000000004
356,candidate_5,candidate_2,candidate_1,candidate_4,candidate_3,5,0.028000000000000004
357,candidate_5,candidate_2,candidate_1,candidate_4,candidate_3,5,0.028000000000000004
358,candidate_5,candidate_2,candidate_1,candidate_4,candidate_3,5,0.028000000000000004
359,candidate_5,candidate_2,candidate_1,candidate_4,candidate_3,5,0.028000000000000004
360,candidate_5,candidate_2,0,candidate_4,candidate_3,5,0.028000000000000004
361,candidate_5,candidate_2,candidate_1,candidate_4,candidate_3,5,0.028000000000000004
362,candidate_5,candidate_2,candidate_1,candidate_4,candidate_3,5,0.028000000000000004
363,0,candidate_2,0,candidate_4,candidate_3,5,0.028000000000000004
364,candidate_5,candidate_2,candidate_1,candidate_4,candidate_3,5,0.028000000000000004
365,candidate_5,candidate_2,candidate_1,candidate_4,candidate_3,5,0.028000000000000004
366,candidate_5,candidate_2,candidate_1,candidate_4,candidate_3,5,0.028000000000000004
367,candidate_5,candidate_2,candidate_1,candidate_4,candidate_3,5,0.028000000000000004
368,candidate_5,candidate_2,candidate_1,candidate_4,candidate_3,5,0.028000000000000004
369,candidate_5,candidate_2,candidate_1,candidate_4,candidate_3,5,0.028000000000000004
370,candidate_5,candidate_2,candidate_1,candidate_4,candidate_3,5,0.028000000000000004
371,candidate_5,candidate_2,candidate_1,candidate_4,candidate_3,5,0.028000000000000004
372,candidate_5,candidate_2,candidate_1,candidate_4,candidate_3,5,0.028000000000000004
373,candidate_5,candidate_2,candidate_1,candidate_4,candidate_3,5,0.028000000000000004
374,candidate_5,candidate_2,candidate_1,candidate_4,candidate_3,5,0.028000000000000004
375,candidate_5,candidate_2,candidate_1,candidate_4,candidate_3,5,0.028000000000000004
376,candidate_5,candidate_2,candidate_1,candidate_4,candidate_3,5,0.028000000000000004
377,candidate_5,candidate_2,candidate_1,candidate_4,candidate_3,5,0.028000000000000004
378,candidate_5,candidate_2,candidate_1,candidate_4,candidate_3,5,0.028000000000000004
379,candidate_5,candidate_2,candidate_1,candidate_4,candidate_3,5,0.028000000000000004
380,candidate_5,candidate_2,candidate_1,candidate_4,candidate_3,5,0.028000000000000004
381,candidate_5,candidate_2,candidate_1,candidate_4,candidate_3,5,0.028000000000000004
382,candidate_5,candidate_2,candidate_1,candidate_4,candidate_3,5,0.028000000000000004
383,candidate_5,candidate_2,candidate_1,candidate_4,candidate_3,5,0.028000000000000004
384,candidate_5,candidate_2,candidate_1,candidate_4,candidate_3,5,0.028000000000000004
385,candidate_5,candidate_2,candidate_1,candidate_4,candidate_3,5,0.028000000000000004
386,candidate_5,candidate_2,candidate_1,candidate_4,candidate_3,5,0.028000000000000004
387,candidate_5,candidate_2,candidate_1,candidate_4,candidate_3,5,0.028000000000000004
388,candidate_5,candidate_2,candidate_1,candidate_4,candidate_3,5,0.028000000000000004
389,candidate_5,candidate_2,candidate_1,candidate_4,candidate_3,5,0.028000000000000004
390,candidate_5,candidate_2,candidate_1,candidate_4,candidate_3,5,0.028000000000000004
391,candidate_5,candidate_2,candidate_1,candidate_4,candidate_3,5,0.028000000000000004
392,candidate_5,candidate_2,candidate_1,candidate_4,candidate_3,5,0.028000000000000004
393,candidate_5,candidate_2,candidate_1,candidate_4,candidate_3,5,0.028000000000000004
394,0,candidate_2,candidate_1,candidate_4,candidate_3,5,0.028000000000000004
395,candidate_5,candidate_2,candidate_1,candidate_4,candidate_3,5,0.028000000000000004
396,candidate_5,candidate_2,candidate_1,candidate_4,candidate_3,5,0.028000000000000004
397,candidate_5,candidate_2,candidate_1,candidate_4,candidate_3,5,0.028000000000000004
398,candidate_5,candidate_2,candidate_1,candidate_4,candidate_3,5,0.028000000000000004
399,candidate_5,0,candidate_1,candidate_4,candidate_3,5,0.028000000000000004
400,candidate_5,candidate_2,candidate_1,candidate_4,candidate_3,5,0.028000000000000004
401,candidate_5,candidate_2,candidate_1,candidate_4,candidate_3,5,0.028000000000000004
402,candidate_5,candidate_2,candidate_1,candidate_4,candidate_3,5,0.028000000000000004
403,candidate_5,candidate_2,candidate_1,candidate_4,candidate_3,5,0.028000000000000004
404,candidate_5,candidate_2,candidate_1,candidate_4,candidate_3,5,0.028000000000000004
405,candidate_5,candidate_2,candidate_1,candidate_4,candidate_3,5,0.028000000000000004
406,candidate_5,candidate_2,candidate_1,candidate_4,candidate_3,5,0.028000000000000004
407,candidate_5,candidate_2,candidate_1,candidate_4,candidate_3,5,0.028000000000000004
408,candidate_5,candidate_2,candidate_1,candidate_4,candidate_3,5,0.028000000000000004
409,candidate_5,candidate_2,candidate_1,candidate_4,candidate_3,5,0.028000000000000004
410,0,0,candidate_1,candidate_4,candidate_3,5,0.028000000000000004
411,candidate_5,candidate_2,candidate_1,candidate_4,candidate_3,5,0.028000000000000004
412,candidate_5,candidate_2,candidate_1,candidate_4,candidate_3,5,0.028000000000000004
413,candidate_5,candidate_2,candidate_1,candidate_4,candidate_3,5,0.028000000000000004
414,candidate_5,candidate_2,candidate_1,candidate_4,candidate_3,5,0.028000000000000004
415,candidate_5,candidate_2,candidate_1,candidate_4,candidate_3,5,0.028000000000000004
416,candidate_5,candidate_2,candidate_1,candidate_4,0,5,0.028000000000000004
417,candidate_5,candidate_2,candidate_1,candidate_4,candidate_3,5,0.028000000000000004
418,candidate_5,candidate_2,candidate_1,candidate_4,candidate_3,5,0.028000000000000004
419,candidate_5,candidate_2,candidate_1,candidate_4,candidate_3,5,0.028000000000000004
420,0,candidate_2,candidate_1,candidate_4,candidate_3,5,0.028000000000000004
421,candidate_5,candidate_2,candidate_1,candidate_4,candidate_3,5,0.028000000000000004
422,candidate_5,candidate_2,candidate_1,candidate_4,candidate_3,5,0.028000000000000004
423,candidate_5,candidate_2,candidate_1,candidate_4,candidate_3,5,0.028000000000000004
424,candidate_5,candidate_2,candidate_1,candidate_4,candidate_3,5,0.028000000000000004
425,candidate_5,candidate_2,candidate_1,candidate_4,candidate_3,5,0.028000000000000004
426,candidate_5,candidate_2,candidate_1,candidate_4,candidate_3,5,0.028000000000000004
427,candidate_5,candidate_2,candidate_1,candidate_4,candidate_3,5,0.028000000000000004
428,candidate_5,candidate_2,candidate_1,candidate_4,candidate_3,5,0.028000000000000004
429,candidate_5,candidate_2,candidate_1,candidate_4,candidate_3,5,0.028000000000000004
430,candidate_5,candidate_2,candidate_1,candidate_4,candidate_3,5,0.028000000000000004
431,candidate_5,candidate_2,candidate_1,candidate_4,candidate_3,5,0.028000000000000004
432,candidate_5,candidate_2,candidate_1,candidate_4,candidate_3,5,0.028000000000000004
433,candidate_5,candidate_2,candidate_1,0,candidate_3,5,0.028000000000000004
434,candidate_5,candidate_2,candidate_1,candidate_4,candidate_3,5,0.028000000000000004
435,candidate_5,candidate_2,candidate_1,candidate_4,candidate_3,5,0.028000000000000004
436,candidate_5,candidate_2,candidate_1,candidate_4,candidate_3,5,0.028000000000000004
437,candidate_5,candidate_2,candidate_1,candidate_4,candidate_3,5,0.028000000000000004
438,candidate_5,candidate_2,candidate_1,candidate_4,candidate_3,5,0.028000000000000004
439,candidate_5,candidate_2,candidate_1,candidate_4,candidate_3,5,0.028000000000000004
440,candidate_5,candidate_2,candidate_1,candidate_4,candidate_3,5,0.028000000000000004
441,candidate_5,candidate_2,candidate_1,candidate_4,candidate_3,5,0.028000000000000004
442,candidate_5,candidate_2,candidate_1,candidate_4,candidate_3,5,0.028000000000000004
443,candidate_5,candidate_2,candidate_1,candidate_4,candidate_3,5,0.028000000000000004
444,candidate_5,candidate_2,candidate_1,candidate_4,candidate_3,5,0.028000000000000004
445,candidate_5,candidate_2,0,candidate_4,candidate_3,5,0.028000000000000004
446,candidate_5,candidate_2,candidate_1,candidate_4,candidate_3,5,0.028000000000000004
447,candidate_5,candidate_2,candidate_1,candidate_4,candidate_3,5,0.028000000000000004
448,candidate_5,candidate_2,candidate_1,candidate_4,candidate_3,5,0.028000000000000004
449,candidate_5,candidate_2,candidate_1,candidate_4,candidate_3,5,0.028000000000000004
450,candidate_5,candidate_2,candidate_1,candidate_4,candidate_3,5,0.028000000000000004
451,candidate_5,candidate_2,candidate_1,candidate_4,candidate_3,5,0.028000000000000004
452,candidate_5,candidate_2,candidate_1,candidate_4,candidate_3,5,0.028000000000000004
453,candidate_5,candidate_2,candidate_1,candidate_4,candidate_3,5,0.028000000000000004
454,candidate_5,candidate_2,candidate_1,candidate_4,candidate_3,5,0.028000000000000004
455,candidate_5,candidate_2,candidate_1,candidate_4,candidate_3,5,0.028000000000000004
456,0,candidate_2,candidate_1,candidate_4,candidate_3,5,0.028000000000000004
457,candidate_5,candidate_2,candidate_1,candidate_4,candidate_3,5,0.028000000000000004
458,candidate_5,candidate_2,candidate_1,candidate_4,candidate_3,5,0.028000000000000004
459,candidate_5,candidate_2,candidate_1,candidate_4,candidate_3,5,0.028000000000000004
460,candidate_5,candidate_2,candidate_1,candidate_4,candidate_3,5,0.028000000000000004
461,candidate_5,candidate_2,candidate_1,candidate_4,candidate_3,5,0.028000000000000004
462,candidate_5,candidate_2,candidate_1,candidate_4,candidate_3,5,0.028000000000000004
463,candidate_5,candidate_2,candidate_1,candidate_4,candidate_3,5,0.028000000000000004
464,candidate_5,candidate_2,candidate_1,candidate_4,candidate_3,5,0.028000000000000004
465,candidate_5,candidate_2,candidate_1,candidate_4,candidate_3,5,0.028000000000000004
466,candidate_5,candidate_2,candidate_1,candidate_4,candidate_3,5,0.028000000000000004
467,candidate_5,candidate_2,candidate_1,candidate_4,candidate_3,5,0.028000000000000004
468,candidate_5,candidate_2,candidate_1,candidate_4,candidate_3,5,0.028000000000000004
469,candidate_5,candidate_2,candidate_1,candidate_4,candidate_3,5,0.028000000000000004
470,candidate_5,candidate_2,candidate_1,candidate_4,candidate_3,5,0.028000000000000004
471,candidate_5,candidate_2,candidate_1,candidate_4,candidate_3,5,0.028000000000000004
472,candidate_5,candidate_2,candidate_1,candidate_4,candidate_3,5,0.028000000000000004
473,candidate_5,candidate_2,candidate_1,candidate_4,candidate_3,5,0.028000000000000004
474,candidate_5,candidate_2,candidate_1,0,candidate_3,5,0.028000000000000004
475,candidate_5,candidate_2,candidate_1,candidate_4,candidate_3,5,0.028000000000000004
476,candidate_5,candidate_2,0,candidate_4,candidate_3,5,0.028000000000000004
477,candidate_5,candidate_2,candidate_1,candidate_4,candidate_3,5,0.028000000000000004
478,candidate_5,candidate_2,candidate_1,candidate_4,candidate_3,5,0.028000000000000004
479,candidate_5,candidate_2,candidate_1,candidate_4,candidate_3,5,0.028000000000000004
480,candidate_5,candidate_2,candidate_1,candidate_4,candidate_3,5,0.028000000000000004
481,candidate_5,0,candidate_1,candidate_4,candidate_3,5,0.028000000000000004
482,candidate_5,candidate_2,candidate_1,candidate_4,candidate_3,5,0.028000000000000004
483,candidate_5,candidate_2,candidate_1,candidate_4,candidate_3,5,0.028000000000000004
484,candidate_5,candidate_2,candidate_1,candidate_4,candidate_3,5,0.028000000000000004
485,candidate_5,0,candidate_1,candidate_4,candidate_3,5,0.028000000000000004
486,candidate_5,0,candidate_1,candidate_4,candidate_3,5,0.028000000000000004
487,candidate_5,candidate_2,candidate_1,candidate_4,candidate_3,5,0.028000000000000004
488,candidate_5,candidate_2,candidate_1,candidate_4,candidate_3,5,0.028000000000000004
489,candidate_5,candidate_2,candidate_1,0,candidate_3,5,0.028000000000000004
490,candidate_5,candidate_2,candidate_1,candidate_4,candidate_3,5,0.028000000000000004
491,candidate_5,candidate_2,candidate_1,candidate_4,candidate_3,5,0.028000000000000004
492,candidate_5,candidate_2,candidate_1,0,candidate_3,5,0.028000000000000004
493,candidate_5,candidate_2,candidate_1,candidate_4,candidate_3,5,0.028000000000000004
494,candidate_5,candidate_2,candidate_1,candidate_4,candidate_3,5,0.028000000000000004
495,candidate_5,candidate_2,candidate_1,candidate_4,candidate_3,5,0.028000000000000004
496,candidate_5,candidate_2,candidate_1,candidate_4,candidate_3,5,0.028000000000000004
497,candidate_5,candidate_2,candidate_1,candidate_4,candidate_3,5,0.028000000000000004
498,candidate_5,candidate_2,candidate_1,candidate_4,candidate_3,5,0.028000000000000004
499,candidate_5,candidate_2,candidate_1,candidate_4,candidate_3,5,0.028000000000000004
500,candidate_5,candidate_2,candidate_1,candidate_4,candidate_3,5,0.028000000000000004
501,candidate_5,candidate_2,candidate_1,candidate_4,candidate_3,5,0.028000000000000004
502,candidate_5,candidate_2,candidate_1,candidate_4,candidate_3,5,0.028000000000000004
503,candidate_5,candidate_2,candidate_1,candidate_4,candidate_3,5,0.028000000000000004
504,candidate_5,candidate_2,candidate_1,candidate_4,candidate_3,5,0.028000000000000004
505,candidate_5,candidate_2,candidate_1,candidate_4,candidate_3,5,0.028000000000000004
506,candidate_5,candidate_2,candidate_1,candidate_4,candidate_3,5,0.028000000000000004
507,candidate_5,candidate_2,candidate_1,candidate_4,candidate_3,5,0.028000000000000004
508,candidate_5,candidate_2,candidate_1,candidate_4,candidate_3,5,0.028000000000000004
509,candidate_5,candidate_2,candidate_1,candidate_4,candidate_3,5,0.028000000000000004
510,candidate_5,candidate_2,candidate_1,candidate_4,0,5,0.028000000000000004
511,candidate_5,candidate_2,candidate_1,candidate_4,candidate_3,5,0.028000000000000004
512,candidate_5,candidate_2,candidate_1,candidate_4,candidate_3,5,0.028000000000000004
513,candidate_5,candidate_2,candidate_1,candidate_4,candidate_3,5,0.028000000000000004
514,candidate_5,candidate_2,candidate_1,candidate_4,candidate_3,5,0.028000000000000004
515,0,candidate_2,candidate_1,candidate_4,candidate_3,5,0.028000000000000004
516,candidate_5,candidate_2,candidate_1,candidate_4,candidate_3,5,0.028000000000000004
517,candidate_5,candidate_2,candidate_1,candidate_4,candidate_3,5,0.028000000000000004
518,candidate_5,candidate_2,candidate_1,candidate_4,candidate_3,5,0.028000000000000004
519,0,candidate_2,candidate_1,candidate_4,candidate_3,5,0.028000000000000004
520,candidate_5,candidate_2,candidate_1,candidate_4,candidate_3,5,0.028000000000000004
521,candidate_5,candidate_2,candidate_1,candidate_4,candidate_3,5,0.028000000000000004
522,candidate_5,candidate_2,candidate_1,candidate_4,candidate_3,5,0.028000000000000004
523,candidate_5,candidate_2,candidate_1,candidate_4,candidate_3,5,0.028000000000000004
524,candidate_5,candidate_2,candidate_1,candidate_4,candidate_3,5,0.028000000000000004
525,candidate_5,candidate_2,candidate_1,candidate_4,candidate_3,5,0.028000000000000004
526,candidate_5,candidate_2,candidate_1,0,candidate_3,5,0.028000000000000004
527,candidate_5,candidate_2,candidate_1,candidate_4,candidate_3,5,0.028000000000000004
528,candidate_5,candidate_2,candidate_1,candidate_4,candidate_3,5,0.028000000000000004
529,candidate_5,candidate_2,candidate_1,candidate_4,candidate_3,5,0.028000000000000004
530,candidate_5,candidate_2,candidate_1,candidate_4,candidate_3,5,0.028000000000000004
531,candidate_5,candidate_2,candidate_1,candidate_4,candidate_3,5,0.028000000000000004
532,candidate_5,candidate_2,candidate_1,candidate_4,candidate_3,5,0.028000000000000004
533,candidate_5,candidate_2,candidate_1,candidate_4,candidate_3,5,0.028000000000000004
534,candidate_5,candidate_2,candidate_1,candidate_4,candidate_3,5,0.028000000000000004
535,candidate_5,candidate_2,candidate_1,candidate_4,candidate_3,5,0.028000000000000004
536,candidate_5,candidate_2,candidate_1,candidate_4,candidate_3,5,0.028000000000000004
537,candidate_5,candidate_2,candidate_1,0,candidate_3,5,0.028000000000000004
538,candidate_5,candidate_2,candidate_1,candidate_4,candidate_3,5,0.028000000000000004
539,candidate_5,candidate_2,candidate_1,candidate_4,candidate_3,5,0.028000000000000004
540,candidate_5,candidate_2,candidate_1,candidate_4,candidate_3,5,0.028000000000000004
541,candidate_5,candidate_2,candidate_1,candidate_4,candidate_3,5,0.028000000000000004
542,candidate_5,candidate_2,candidate_1,candidate_4,candidate_3,5,0.028000000000000004
543,candidate_5,candidate_2,candidate_1,candidate_4,candidate_3,5,0.028000000000000004
544,candidate_5,candidate_2,candidate_1,candidate_4,candidate_3,5,0.028000000000000004
545,candidate_5,candidate_2,candidate_1,candidate_4,candidate_3,5,0.028000000000000004
546,candidate_5,candidate_2,candidate_1,candidate_4,candidate_3,5,0.028000000000000004
547,candidate_5,candidate_2,candidate_1,candidate_4,candidate_3,5,0.028000000000000004
548,candidate_5,candidate_2,candidate_1,0,candidate_3,5,0.028000000000000004
549,candidate_5,candidate_2,candidate_1,candidate_4,candidate_3,5,0.028000000000000004
550,candidate_5,candidate_2,candidate_1,candidate_4,candidate_3,5,0.028000000000000004
551,candidate_5,candidate_2,candidate_1,candidate_4,candidate_3,5,0.028000000000000004
552,candidate_5,candidate_2,candidate_1,candidate_4,0,5,0.028000000000000004
553,candidate_5,candidate_2,candidate_1,candidate_4,candidate_3,5,0.028000000000000004
554,candidate_5,candidate_2,candidate_1,candidate_4,candidate_3,5,0.028000000000000004
555,candidate_5,0,candidate_1,0,candidate_3,5,0.028000000000000004
556,candidate_5,candidate_2,candidate_1,candidate_4,candidate_3,5,0.028000000000000004
557,candidate_5,candidate_2,candidate_1,candidate_4,candidate_3,5,0.028000000000000004
558,candidate_5,candidate_2,candidate_1,candidate_4,candidate_3,5,0.028000000000000004
559,candidate_5,candidate_2,candidate_1,candidate_4,candidate_3,5,0.028000000000000004
560,candidate_5,candidate_2,candidate_1,candidate_4,candidate_3,5,0.028000000000000004
561,candidate_5,candidate_2,candidate_1,candidate_4,candidate_3,5,0.028000000000000004
562,candidate_5,candidate_2,candidate_1,candidate_4,candidate_3,5,0.028000000000000004
563,candidate_5,candidate_2,candidate_1,candidate_4,candidate_3,5,0.028000000000000004
564,candidate_5,candidate_2,candidate_1,candidate_4,candidate_3,5,0.028000000000000004
565,candidate_5,candidate_2,candidate_1,candidate_4,candidate_3,5,0.028000000000000004
566,candidate_5,candidate_2,candidate_1,candidate_4,candidate_3,5,0.028000000000000004
567,candidate_5,candidate_2,candidate_1,candidate_4,candidate_3,5,0.028000000000000004
568,candidate_5,candidate_2,candidate_1,candidate_4,candidate_3,5,0.028000000000000004
569,candidate_5,candidate_2,candidate_1,candidate_4,candidate_3,5,0.028000000000000004
570,candidate_5,candidate_2,candidate_1,candidate_4,candidate_3,5,0.028000000000000004
571,candidate_5,0,candidate_1,candidate_4,candidate_3,5,0.028000000000000004
572,candidate_5,candidate_2,candidate_1,candidate_4,candidate_3,5,0.028000000000000004
573,candidate_5,candidate_2,candidate_1,candidate_4,candidate_3,5,0.028000000000000004
574,candidate_5,candidate_2,candidate_1,candidate_4,candidate_3,5,0.028000000000000004
575,candidate_5,candidate_2,candidate_1,candidate_4,candidate_3,5,0.028000000000000004
576,candidate_5,candidate_2,candidate_1,candidate_4,candidate_3,5,0.028000000000000004
577,candidate_5,candidate_2,candidate_1,candidate_4,candidate_3,5,0.028000000000000004
578,candidate_5,candidate_2,candidate_1,candidate_4,candidate_3,5,0.028000000000000004
579,candidate_5,candidate_2,candidate_1,candidate_4,candidate_3,5,0.028000000000000004
580,candidate_5,candidate_2,candidate_1,candidate_4,candidate_3,5,0.028000000000000004
581,candidate_5,candidate_2,candidate_1,candidate_4,candidate_3,5,0.028000000000000004
582,candidate_5,candidate_2,0,candidate_4,candidate_3,5,0.028000000000000004
583,candidate_5,candidate_2,candidate_1,candidate_4,candidate_3,5,0.028000000000000004
584,candidate_5,candidate_2,candidate_1,candidate_4,candidate_3,5,0.028000000000000004
585,candidate_5,candidate_2,candidate_1,0,candidate_3,5,0.028000000000000004
586,candidate_5,candidate_2,candidate_1,candidate_4,candidate_3,5,0.028000000000000004
587,candidate_5,0,candidate_1,candidate_4,candidate_3,5,0.028000000000000004
588,candidate_5,candidate_2,candidate_1,candidate_4,candidate_3,5,0.028000000000000004
589,candidate_5,candidate_2,candidate_1,0,candidate_3,5,0.028000000000000004
0,candidate_5,candidate_2,candidate_3,candidate_1,candidate_4,5,0.028000000000000004
1,candidate_5,candidate_2,candidate_3,candidate_1,candidate_4,5,0.028000000000000004
2,candidate_5,candidate_2,candidate_3,candidate_1,candidate_4,5,0.028000000000000004
3,candidate_5,0,0,candidate_1,candidate_4,5,0.028000000000000004
4,candidate_5,candidate_2,candidate_3,candidate_1,candidate_4,5,0.028000000000000004
5,candidate_5,candidate_2,candidate_3,candidate_1,candidate_4,5,0.028000000000000004
6,candidate_5,candidate_2,candidate_3,candidate_1,candidate_4,5,0.028000000000000004
7,candidate_5,candidate_2,candidate_3,candidate_1,candidate_4,5,0.028000000000000004
8,candidate_5,candidate_2,candidate_3,candidate_1,candidate_4,5,0.028000000000000004
9,candidate_5,candidate_2,candidate_3,candidate_1,candidate_4,5,0.028000000000000004
10,candidate_5,candidate_2,0,candidate_1,candidate_4,5,0.028000000000000004
11,candidate_5,candidate_2,candidate_3,candidate_1,candidate_4,5,0.028000000000000004
12,candidate_5,candidate_2,candidate_3,candidate_1,candidate_4,5,0.028000000000000004
13,candidate_5,candidate_2,candidate_3,candidate_1,candidate_4,5,0.028000000000000004
14,candidate_5,candidate_2,candidate_3,candidate_1,candidate_4,5,0.028000000000000004
15,candidate_5,candidate_2,candidate_3,candidate_1,candidate_4,5,0.028000000000000004
16,candidate_5,candidate_2,candidate_3,candidate_1,candidate_4,5,0.028000000000000004
17,candidate_5,candidate_2,candidate_3,candidate_1,0,5,0.028000000000000004
18,candidate_5,candidate_2,candidate_3,candidate_1,candidate_4,5,0.028000000000000004
19,candidate_5,candidate_2,candidate_3,candidate_1,candidate_4,5,0.028000000000000004
20,candidate_5,candidate_2,candidate_3,candidate_1,candidate_4,5,0.028000000000000004
21,candidate_5,candidate_2,candidate_3,candidate_1,candidate_4,5,0.028000000000000004
22,candidate_5,candidate_2,candidate_3,candidate_1,candidate_4,5,0.028000000000000004
23,candidate_5,candidate_2,candidate_3,candidate_1,candidate_4,5,0.028000000000000004
24,candidate_5,candidate_2,candidate_3,candidate_1,candidate_4,5,0.028000000000000004
25,candidate_5,candidate_2,0,candidate_1,candidate_4,5,0.028000000000000004
26,candidate_5,candidate_2,candidate_3,candidate_1,candidate_4,5,0.028000000000000004
27,candidate_5,candidate_2,candidate_3,candidate_1,candidate_4,5,0.028000000000000004
28,candidate_5,candidate_2,candidate_3,candidate_1,candidate_4,5,0.028000000000000004
29,candidate_5,candidate_2,candidate_3,candidate_1,candidate_4,5,0.028000000000000004
30,candidate_5,candidate_2,candidate_3,0,0,5,0.028000000000000004
31,candidate_5,candidate_2,candidate_3,candidate_1,candidate_4,5,0.028000000000000004
32,candidate_5,candidate_2,candidate_3,candidate_1,candidate_4,5,0.028000000000000004
33,candidate_5,candidate_2,candidate_3,candidate_1,candidate_4,5,0.028000000000000004
34,candidate_5,candidate_2,candidate_3,candidate_1,candidate_4,5,0.028000000000000004
35,candidate_5,candidate_2,candidate_3,candidate_1,candidate_4,5,0.028000000000000004
36,candidate_5,candidate_2,candidate_3,candidate_1,candidate_4,5,0.028000000000000004
37,candidate_5,candidate_2,candidate_3,candidate_1,candidate_4,5,0.028000000000000004
38,candidate_5,candidate_2,candidate_3,candidate_1,candidate_4,5,0.028000000000000004
39,candidate_5,candidate_2,candidate_3,candidate_1,candidate_4,5,0.028000000000000004
40,candidate_5,candidate_2,candidate_3,candidate_1,candidate_4,5,0.028000000000000004
41,candidate_5,candidate_2,candidate_3,candidate_1,candidate_4,5,0.028000000000000004
42,candidate_5,candidate_2,candidate_3,candidate_1,candidate_4,5,0.028000000000000004
43,0,0,candidate_3,candidate_1,candidate_4,5,0.028000000000000004
44,candidate_5,candidate_2,candidate_3,candidate_1,candidate_4,5,0.028000000000000004
45,candidate_5,candidate_2,candidate_3,candidate_1,candidate_4,5,0.028000000000000004
46,candidate_5,candidate_2,candidate_3,candidate_1,candidate_4,5,0.028000000000000004
47,candidate_5,candidate_2,candidate_3,candidate_1,candidate_4,5,0.028000000000000004
48,candidate_5,candidate_2,candidate_3,candidate_1,candidate_4,5,0.028000000000000004
49,candidate_5,candidate_2,candidate_3,candidate_1,candidate_4,5,0.028000000000000004
50,candidate_5,candidate_2,candidate_3,candidate_1,candidate_4,5,0.028000000000000004
51,candidate_5,candidate_2,candidate_3,candidate_1,candidate_4,5,0.028000000000000004
52,candidate_5,candidate_2,candidate_3,candidate_1,candidate_4,5,0.028000000000000004
53,candidate_5,candidate_2,candidate_3,candidate_1,candidate_4,5,0.028000000000000004
54,candidate_5,candidate_2,candidate_3,candidate_1,candidate_4,5,0.028000000000000004
55,candidate_5,candidate_2,candidate_3,candidate_1,candidate_4,5,0.028000000000000004
56,candidate_5,candidate_2,candidate_3,candidate_1,candidate_4,5,0.028000000000000004
57,candidate_5,candidate_2,candidate_3,candidate_1,candidate_4,5,0.028000000000000004
58,candidate_5,candidate_2,candidate_3,candidate_1,candidate_4,5,0.028000000000000004
59,candidate_5,candidate_2,candidate_3,candidate_1,candidate_4,5,0.028000000000000004
60,candidate_5,candidate_2,0,candidate_1,candidate_4,5,0.028000000000000004
61,candidate_5,candidate_2,candidate_3,candidate_1,candidate_4,5,0.028000000000000004
62,candidate_5,candidate_2,candidate_3,candidate_1,candidate_4,5,0.028000000000000004
63,candidate_5,candidate_2,0,candidate_1,candidate_4,5,0.028000000000000004
64,candidate_5,candidate_2,0,candidate_1,candidate_4,5,0.028000000000000004
65,candidate_5,candidate_2,candidate_3,candidate_1,candidate_4,5,0.028000000000000004
66,candidate_5,candidate_2,candidate_3,candidate_1,candidate_4,5,0.028000000000000004
67,candidate_5,candidate_2,candidate_3,candidate_1,candidate_4,5,0.028000000000000004
68,candidate_5,candidate_2,0,candidate_1,0,5,0.028000000000000004
69,candidate_5,candidate_2,candidate_3,candidate_1,candidate_4,5,0.028000000000000004
70,candidate_5,candidate_2,candidate_3,candidate_1,candidate_4,5,0.028000000000000004
71,candidate_5,candidate_2,candidate_3,candidate_1,candidate_4,5,0.028000000000000004
72,candidate_5,candidate_2,candidate_3,candidate_1,candidate_4,5,0.028000000000000004
73,candidate_5,candidate_2,candidate_3,candidate_1,candidate_4,5,0.028000000000000004
74,candidate_5,candidate_2,candidate_3,candidate_1,candidate_4,5,0.028000000000000004
75,candidate_5,candidate_2,candidate_3,candidate_1,candidate_4,5,0.028000000000000004
76,candidate_5,candidate_2,candidate_3,candidate_1,candidate_4,5,0.028000000000000004
77,candidate_5,candidate_2,candidate_3,candidate_1,candidate_4,5,0.028000000000000004
78,candidate_5,candidate_2,candidate_3,candidate_1,candidate_4,5,0.028000000000000004
79,candidate_5,candidate_2,candidate_3,candidate_1,candidate_4,5,0.028000000000000004
80,candidate_5,candidate_2,candidate_3,candidate_1,candidate_4,5,0.028000000000000004
81,candidate_5,candidate_2,candidate_3,candidate_1,candidate_4,5,0.028000000000000004
82,candidate_5,candidate_2,candidate_3,candidate_1,candidate_4,5,0.028000000000000004
83,candidate_5,candidate_2,candidate_3,candidate_1,candidate_4,5,0.028000000000000004
84,candidate_5,candidate_2,candidate_3,candidate_1,candidate_4,5,0.028000000000000004
85,candidate_5,0,candidate_3,candidate_1,candidate_4,5,0.028000000000000004
86,candidate_5,candidate_2,candidate_3,candidate_1,candidate_4,5,0.028000000000000004
87,candidate_5,candidate_2,candidate_3,candidate_1,candidate_4,5,0.028000000000000004
88,candidate_5,candidate_2,candidate_3,candidate_1,candidate_4,5,0.028000000000000004
89,candidate_5,candidate_2,candidate_3,candidate_1,candidate_4,5,0.028000000000000004
90,candidate_5,candidate_2,candidate_3,candidate_1,candidate_4,5,0.028000000000000004
91,candidate_5,candidate_2,candidate_3,candidate_1,candidate_4,5,0.028000000000000004
0,candidate_5,candidate_2,candidate_3,candidate_4,candidate_1,5,0.028000000000000004
1,candidate_5,candidate_2,candidate_3,candidate_4,candidate_1,5,0.028000000000000004
2,candidate_5,candidate_2,candidate_3,candidate_4,candidate_1,5,0.028000000000000004
3,candidate_5,candidate_2,candidate_3,candidate_4,candidate_1,5,0.028000000000000004
4,candidate_5,candidate_2,candidate_3,candidate_4,candidate_1,5,0.028000000000000004
5,candidate_5,candidate_2,candidate_3,candidate_4,candidate_1,5,0.028000000000000004
6,candidate_5,candidate_2,candidate_3,candidate_4,candidate_1,5,0.028000000000000004
7,candidate_5,candidate_2,candidate_3,candidate_4,candidate_1,5,0.028000000000000004
8,candidate_5,candidate_2,0,candidate_4,candidate_1,5,0.028000000000000004
9,candidate_5,candidate_2,candidate_3,candidate_4,candidate_1,5,0.028000000000000004
10,candidate_5,candidate_2,candidate_3,candidate_4,candidate_1,5,0.028000000000000004
11,candidate_5,candidate_2,candidate_3,candidate_4,candidate_1,5,0.028000000000000004
12,candidate_5,candidate_2,candidate_3,candidate_4,candidate_1,5,0.028000000000000004
13,candidate_5,candidate_2,candidate_3,candidate_4,candidate_1,5,0.028000000000000004
14,candidate_5,candidate_2,candidate_3,candidate_4,candidate_1,5,0.028000000000000004
15,candidate_5,candidate_2,candidate_3,candidate_4,candidate_1,5,0.028000000000000004
16,candidate_5,candidate_2,candidate_3,candidate_4,candidate_1,5,0.028000000000000004
17,candidate_5,candidate_2,candidate_3,candidate_4,candidate_1,5,0.028000000000000004
18,candidate_5,candidate_2,candidate_3,candidate_4,candidate_1,5,0.028000000000000004
19,candidate_5,candidate_2,candidate_3,candidate_4,candidate_1,5,0.028000000000000004
20,candidate_5,candidate_2,candidate_3,0,candidate_1,5,0.028000000000000004
21,candidate_5,candidate_2,candidate_3,candidate_4,candidate_1,5,0.028000000000000004
22,candidate_5,candidate_2,candidate_3,candidate_4,candidate_1,5,0.028000000000000004
23,candidate_5,candidate_2,candidate_3,candidate_4,candidate_1,5,0.028000000000000004
24,candidate_5,candidate_2,0,candidate_4,candidate_1,5,0.028000000000000004
25,candidate_5,candidate_2,candidate_3,candidate_4,candidate_1,5,0.028000000000000004
26,candidate_5,candidate_2,candidate_3,candidate_4,candidate_1,5,0.028000000000000004
27,candidate_5,candidate_2,candidate_3,candidate_4,candidate_1,5,0.028000000000000004
28,candidate_5,candidate_2,candidate_3,candidate_4,candidate_1,5,0.028000000000000004
29,candidate_5,candidate_2,candidate_3,candidate_4,candidate_1,5,0.028000000000000004
30,candidate_5,candidate_2,candidate_3,candidate_4,candidate_1,5,0.028000000000000004
31,candidate_5,candidate_2,candidate_3,candidate_4,candidate_1,5,0.028000000000000004
32,candidate_5,candidate_2,candidate_3,candidate_4,candidate_1,5,0.028000000000000004
33,candidate_5,candidate_2,candidate_3,candidate_4,candidate_1,5,0.028000000000000004
34,candidate_5,candidate_2,candidate_3,candidate_4,candidate_1,5,0.028000000000000004
35,candidate_5,candidate_2,candidate_3,candidate_4,candidate_1,5,0.028000000000000004
36,candidate_5,candidate_2,candidate_3,candidate_4,candidate_1,5,0.028000000000000004
37,candidate_5,candidate_2,candidate_3,candidate_4,candidate_1,5,0.028000000000000004
38,candidate_5,candidate_2,candidate_3,candidate_4,candidate_1,5,0.028000000000000004
39,candidate_5,candidate_2,candidate_3,candidate_4,candidate_1,5,0.028000000000000004
40,candidate_5,candidate_2,candidate_3,candidate_4,candidate_1,5,0.028000000000000004
41,candidate_5,candidate_2,candidate_3,candidate_4,candidate_1,5,0.028000000000000004
42,candidate_5,candidate_2,candidate_3,candidate_4,candidate_1,5,0.028000000000000004
43,candidate_5,candidate_2,candidate_3,candidate_4,candidate_1,5,0.028000000000000004
44,candidate_5,candidate_2,candidate_3,candidate_4,candidate_1,5,0.028000000000000004
45,candidate_5,candidate_2,candidate_3,candidate_4,candidate_1,5,0.028000000000000004
46,candidate_5,candidate_2,candidate_3,candidate_4,candidate_1,5,0.028000000000000004
47,candidate_5,candidate_2,candidate_3,candidate_4,candidate_1,5,0.028000000000000004
48,candidate_5,candidate_2,candidate_3,candidate_4,candidate_1,5,0.028000000000000004
49,candidate_5,candidate_2,candidate_3,candidate_4,candidate_1,5,0.028000000000000004
50,candidate_5,candidate_2,candidate_3,candidate_4,candidate_1,5,0.028000000000000004
51,candidate_5,candidate_2,candidate_3,candidate_4,candidate_1,5,0.028000000000000004
52,candidate_5,candidate_2,candidate_3,candidate_4,candidate_1,5,0.028000000000000004
53,candidate_5,candidate_2,candidate_3,candidate_4,candidate_1,5,0.028000000000000004
54,candidate_5,candidate_2,candidate_3,candidate_4,candidate_1,5,0.028000000000000004
55,candidate_5,candidate_2,candidate_3,candidate_4,candidate_1,5,0.028000000000000004
56,candidate_5,candidate_2,candidate_3,0,candidate_1,5,0.028000000000000004
57,candidate_5,candidate_2,candidate_3,candidate_4,candidate_1,5,0.028000000000000004
58,candidate_5,candidate_2,candidate_3,candidate_4,candidate_1,5,0.028000000000000004
59,candidate_5,candidate_2,candidate_3,candidate_4,candidate_1,5,0.028000000000000004
60,candidate_5,candidate_2,candidate_3,candidate_4,candidate_1,5,0.028000000000000004
61,candidate_5,candidate_2,0,candidate_4,candidate_1,5,0.028000000000000004
62,candidate_5,candidate_2,candidate_3,candidate_4,candidate_1,5,0.028000000000000004
63,candidate_5,candidate_2,candidate_3,candidate_4,candidate_1,5,0.028000000000000004
64,0,candidate_2,candidate_3,candidate_4,candidate_1,5,0.028000000000000004
65,candidate_5,candidate_2,candidate_3,candidate_4,candidate_1,5,0.028000000000000004
66,candidate_5,candidate_2,candidate_3,candidate_4,candidate_1,5,0.028000000000000004
67,candidate_5,candidate_2,candidate_3,candidate_4,candidate_1,5,0.028000000000000004
68,candidate_5,candidate_2,candidate_3,candidate_4,candidate_1,5,0.028000000000000004
69,candidate_5,candidate_2,candidate_3,candidate_4,candidate_1,5,0.028000000000000004
70,candidate_5,candidate_2,candidate_3,candidate_4,candidate_1,5,0.028000000000000004
71,candidate_5,0,candidate_3,candidate_4,candidate_1,5,0.028000000000000004
72,candidate_5,candidate_2,candidate_3,candidate_4,candidate_1,5,0.028000000000000004
73,candidate_5,candidate_2,candidate_3,candidate_4,candidate_1,5,0.028000000000000004
74,candidate_5,candidate_2,candidate_3,candidate_4,candidate_1,5,0.028000000000000004
75,candidate_5,candidate_2,candidate_3,candidate_4,candidate_1,5,0.028000000000000004
76,candidate_5,candidate_2,candidate_3,candidate_4,candidate_1,5,0.028000000000000004
77,candidate_5,candidate_2,candidate_3,candidate_4,candidate_1,5,0.028000000000000004
78,candidate_5,candidate_2,candidate_3,candidate_4,candidate_1,5,0.028000000000000004
79,candidate_5,candidate_2,candidate_3,candidate_4,candidate_1,5,0.028000000000000004
80,candidate_5,candidate_2,candidate_3,candidate_4,candidate_1,5,0.028000000000000004
81,candidate_5,candidate_2,candidate_3,candidate_4,candidate_1,5,0.028000000000000004
82,candidate_5,candidate_2,candidate_3,candidate_4,candidate_1,5,0.028000000000000004
83,candidate_5,candidate_2,candidate_3,candidate_4,candidate_1,5,0.028000000000000004
84,candidate_5,candidate_2,candidate_3,candidate_4,candidate_1,5,0.028000000000000004
85,candidate_5,candidate_2,candidate_3,candidate_4,candidate_1,5,0.028000000000000004
86,candidate_5,candidate_2,candidate_3,candidate_4,candidate_1,5,0.028000000000000004
87,candidate_5,candidate_2,candidate_3,candidate_4,candidate_1,5,0.028000000000000004
88,candidate_5,candidate_2,candidate_3,candidate_4,candidate_1,5,0.028000000000000004
89,candidate_5,candidate_2,candidate_3,candidate_4,candidate_1,5,0.028000000000000004
90,candidate_5,candidate_2,candidate_3,candidate_4,candidate_1,5,0.028000000000000004
91,candidate_5,candidate_2,candidate_3,candidate_4,candidate_1,5,0.028000000000000004
92,candidate_5,candidate_2,candidate_3,candidate_4,candidate_1,5,0.028000000000000004
93,candidate_5,candidate_2,candidate_3,candidate_4,candidate_1,5,0.028000000000000004
94,candidate_5,candidate_2,0,candidate_4,candidate_1,5,0.028000000000000004
95,candidate_5,candidate_2,candidate_3,candidate_4,candidate_1,5,0.028000000000000004
96,candidate_5,candidate_2,candidate_3,candidate_4,candidate_1,5,0.028000000000000004
97,candidate_5,candidate_2,candidate_3,candidate_4,candidate_1,5,0.028000000000000004
98,candidate_5,candidate_2,candidate_3,candidate_4,candidate_1,5,0.028000000000000004
99,candidate_5,candidate_2,0,candidate_4,candidate_1,5,0.028000000000000004
100,candidate_5,candidate_2,candidate_3,candidate_4,candidate_1,5,0.028000000000000004
101,candidate_5,candidate_2,candidate_3,candidate_4,candidate_1,5,0.028000000000000004
102,candidate_5,candidate_2,candidate_3,candidate_4,candidate_1,5,0.028000000000000004
103,candidate_5,candidate_2,candidate_3,candidate_4,candidate_1,5,0.028000000000000004
104,candidate_5,candidate_2,candidate_3,candidate_4,candidate_1,5,0.028000000000000004
105,candidate_5,candidate_2,candidate_3,candidate_4,candidate_1,5,0.028000000000000004
106,candidate_5,candidate_2,candidate_3,candidate_4,candidate_1,5,0.028000000000000004
107,candidate_5,candidate_2,candidate_3,candidate_4,candidate_1,5,0.028000000000000004
108,candidate_5,candidate_2,candidate_3,candidate_4,candidate_1,5,0.028000000000000004
109,candidate_5,candidate_2,candidate_3,candidate_4,candidate_1,5,0.028000000000000004
110,candidate_5,candidate_2,candidate_3,candidate_4,candidate_1,5,0.028000000000000004
111,candidate_5,candidate_2,candidate_3,candidate_4,candidate_1,5,0.028000000000000004
112,candidate_5,candidate_2,candidate_3,candidate_4,candidate_1,5,0.028000000000000004
113,candidate_5,candidate_2,candidate_3,candidate_4,candidate_1,5,0.028000000000000004
114,candidate_5,candidate_2,candidate_3,candidate_4,0,5,0.028000000000000004
115,candidate_5,0,candidate_3,candidate_4,candidate_1,5,0.028000000000000004
116,candidate_5,candidate_2,candidate_3,candidate_4,candidate_1,5,0.028000000000000004
117,candidate_5,candidate_2,candidate_3,candidate_4,candidate_1,5,0.028000000000000004
118,candidate_5,candidate_2,candidate_3,candidate_4,candidate_1,5,0.028000000000000004
119,candidate_5,candidate_2,candidate_3,candidate_4,candidate_1,5,0.028000000000000004
120,candidate_5,candidate_2,candidate_3,candidate_4,candidate_1,5,0.028000000000000004
121,candidate_5,candidate_2,candidate_3,candidate_4,candidate_1,5,0.028000000000000004
122,candidate_5,candidate_2,candidate_3,candidate_4,candidate_1,5,0.028000000000000004
123,0,candidate_2,candidate_3,candidate_4,candidate_1,5,0.028000000000000004
124,candidate_5,candidate_2,candidate_3,0,candidate_1,5,0.028000000000000004
125,candidate_5,candidate_2,candidate_3,candidate_4,candidate_1,5,0.028000000000000004
126,candidate_5,candidate_2,candidate_3,candidate_4,candidate_1,5,0.028000000000000004
127,candidate_5,candidate_2,candidate_3,0,candidate_1,5,0.028000000000000004
128,candidate_5,candidate_2,candidate_3,candidate_4,candidate_1,5,0.028000000000000004
129,candidate_5,candidate_2,candidate_3,candidate_4,candidate_1,5,0.028000000000000004
130,candidate_5,candidate_2,candidate_3,candidate_4,candidate_1,5,0.028000000000000004
131,candidate_5,candidate_2,candidate_3,candidate_4,candidate_1,5,0.028000000000000004
132,candidate_5,candidate_2,candidate_3,candidate_4,candidate_1,5,0.028000000000000004
133,candidate_5,candidate_2,candidate_3,candidate_4,candidate_1,5,0.028000000000000004
134,candidate_5,0,candidate_3,candidate_4,candidate_1,5,0.028000000000000004
135,candidate_5,candidate_2,candidate_3,candidate_4,candidate_1,5,0.028000000000000004
136,candidate_5,candidate_2,candidate_3,candidate_4,candidate_1,5,0.028000000000000004
137,candidate_5,candidate_2,candidate_3,candidate_4,candidate_1,5,0.028000000000000004
138,candidate_5,candidate_2,candidate_3,candidate_4,candidate_1,5,0.028000000000000004
139,candidate_5,candidate_2,candidate_3,candidate_4,candidate_1,5,0.028000000000000004
140,candidate_5,candidate_2,candidate_3,candidate_4,candidate_1,5,0.028000000000000004
141,candidate_5,candidate_2,candidate_3,candidate_4,candidate_1,5,0.028000000000000004
142,candidate_5,candidate_2,candidate_3,candidate_4,candidate_1,5,0.028000000000000004
143,candidate_5,candidate_2,candidate_3,candidate_4,candidate_1,5,0.028000000000000004
144,candidate_5,candidate_2,candidate_3,candidate_4,candidate_1,5,0.028000000000000004
145,candidate_5,candidate_2,candidate_3,candidate_4,candidate_1,5,0.028000000000000004
146,candidate_5,candidate_2,candidate_3,candidate_4,candidate_1,5,0.028000000000000004
147,candidate_5,candidate_2,candidate_3,0,candidate_1,5,0.028000000000000004
148,candidate_5,candidate_2,candidate_3,candidate_4,candidate_1,5,0.028000000000000004
149,candidate_5,candidate_2,candidate_3,candidate_4,candidate_1,5,0.028000000000000004
150,candidate_5,candidate_2,candidate_3,candidate_4,candidate_1,5,0.028000000000000004
151,candidate_5,candidate_2,candidate_3,candidate_4,candidate_1,5,0.028000000000000004
152,candidate_5,candidate_2,candidate_3,candidate_4,candidate_1,5,0.028000000000000004
153,candidate_5,candidate_2,candidate_3,candidate_4,candidate_1,5,0.028000000000000004
154,candidate_5,candidate_2,candidate_3,candidate_4,candidate_1,5,0.028000000000000004
155,candidate_5,candidate_2,candidate_3,candidate_4,candidate_1,5,0.028000000000000004
156,candidate_5,candidate_2,candidate_3,candidate_4,candidate_1,5,0.028000000000000004
157,candidate_5,candidate_2,candidate_3,candidate_4,candidate_1,5,0.028000000000000004
158,candidate_5,candidate_2,candidate_3,candidate_4,candidate_1,5,0.028000000000000004
159,candidate_5,candidate_2,candidate_3,candidate_4,candidate_1,5,0.028000000000000004
160,candidate_5,candidate_2,candidate_3,candidate_4,candidate_1,5,0.028000000000000004
161,candidate_5,candidate_2,candidate_3,candidate_4,candidate_1,5,0.028000000000000004
162,candidate_5,candidate_2,candidate_3,candidate_4,candidate_1,5,0.028000000000000004
163,candidate_5,candidate_2,0,candidate_4,candidate_1,5,0.028000000000000004
164,candidate_5,candidate_2,candidate_3,candidate_4,candidate_1,5,0.028000000000000004
165,candidate_5,candidate_2,candidate_3,candidate_4,candidate_1,5,0.028000000000000004
166,candidate_5,candidate_2,candidate_3,candidate_4,candidate_1,5,0.028000000000000004
167,candidate_5,candidate_2,candidate_3,candidate_4,candidate_1,5,0.028000000000000004
168,candidate_5,candidate_2,candidate_3,candidate_4,candidate_1,5,0.028000000000000004
169,candidate_5,candidate_2,candidate_3,candidate_4,candidate_1,5,0.028000000000000004
170,candidate_5,candidate_2,candidate_3,candidate_4,candidate_1,5,0.028000000000000004
171,candidate_5,candidate_2,candidate_3,candidate_4,candidate_1,5,0.028000000000000004
172,candidate_5,candidate_2,candidate_3,candidate_4,candidate_1,5,0.028000000000000004
173,candidate_5,candidate_2,candidate_3,candidate_4,candidate_1,5,0.028000000000000004
174,candidate_5,candidate_2,candidate_3,candidate_4,candidate_1,5,0.028000000000000004
175,candidate_5,candidate_2,candidate_3,candidate_4,0,5,0.028000000000000004
176,candidate_5,candidate_2,candidate_3,candidate_4,candidate_1,5,0.028000000000000004
177,candidate_5,candidate_2,candidate_3,0,candidate_1,5,0.028000000000000004
178,candidate_5,candidate_2,candidate_3,candidate_4,candidate_1,5,0.028000000000000004
179,candidate_5,candidate_2,candidate_3,candidate_4,candidate_1,5,0.028000000000000004
180,candidate_5,candidate_2,candidate_3,candidate_4,candidate_1,5,0.028000000000000004
181,candidate_5,candidate_2,candidate_3,candidate_4,candidate_1,5,0.028000000000000004
182,candidate_5,candidate_2,candidate_3,candidate_4,candidate_1,5,0.028000000000000004
183,candidate_5,candidate_2,candidate_3,candidate_4,candidate_1,5,0.028000000000000004
184,candidate_5,candidate_2,candidate_3,candidate_4,candidate_1,5,0.028000000000000004
185,candidate_5,candidate_2,candidate_3,candidate_4,candidate_1,5,0.028000000000000004
186,candidate_5,0,0,candidate_4,candidate_1,5,0.028000000000000004
187,candidate_5,candidate_2,0,candidate_4,candidate_1,5,0.028000000000000004
188,candidate_5,candidate_2,candidate_3,candidate_4,0,5,0.028000000000000004
189,candidate_5,candidate_2,candidate_3,candidate_4,candidate_1,5,0.028000000000000004
190,candidate_5,candidate_2,candidate_3,candidate_4,candidate_1,5,0.028000000000000004
191,candidate_5,candidate_2,candidate_3,candidate_4,0,5,0.028000000000000004
192,candidate_5,candidate_2,candidate_3,candidate_4,candidate_1,5,0.028000000000000004
193,candidate_5,candidate_2,candidate_3,candidate_4,candidate_1,5,0.028000000000000004
194,candidate_5,candidate_2,candidate_3,candidate_4,candidate_1,5,0.028000000000000004
195,candidate_5,candidate_2,candidate_3,candidate_4,candidate_1,5,0.028000000000000004
196,candidate_5,candidate_2,candidate_3,candidate_4,candidate_1,5,0.028000000000000004
197,candidate_5,candidate_2,candidate_3,candidate_4,candidate_1,5,0.028000000000000004
198,candidate_5,candidate_2,candidate_3,candidate_4,candidate_1,5,0.028000000000000004
199,candidate_5,candidate_2,candidate_3,candidate_4,candidate_1,5,0.028000000000000004
200,candidate_5,candidate_2,candidate_3,candidate_4,candidate_1,5,0.028000000000000004
201,candidate_5,candidate_2,candidate_3,candidate_4,candidate_1,5,0.028000000000000004
202,candidate_5,candidate_2,candidate_3,candidate_4,candidate_1,5,0.028000000000000004
203,candidate_5,candidate_2,candidate_3,candidate_4,candidate_1,5,0.028000000000000004
204,candidate_5,candidate_2,candidate_3,candidate_4,candidate_1,5,0.028000000000000004
205,candidate_5,candidate_2,candidate_3,candidate_4,candidate_1,5,0.028000000000000004
206,candidate_5,candidate_2,candidate_3,candidate_4,candidate_1,5,0.028000000000000004
207,candidate_5,candidate_2,candidate_3,candidate_4,candidate_1,5,0.028000000000000004
208,candidate_5,candidate_2,candidate_3,candidate_4,candidate_1,5,0.028000000000000004
209,candidate_5,candidate_2,candidate_3,candidate_4,candidate_1,5,0.028000000000000004
210,candidate_5,candidate_2,candidate_3,candidate_4,candidate_1,5,0.028000000000000004
211,candidate_5,candidate_2,candidate_3,candidate_4,candidate_1,5,0.028000000000000004
212,candidate_5,0,candidate_3,candidate_4,candidate_1,5,0.028000000000000004
213,candidate_5,candidate_2,candidate_3,candidate_4,candidate_1,5,0.028000000000000004
214,candidate_5,candidate_2,candidate_3,candidate_4,candidate_1,5,0.028000000000000004
215,candidate_5,candidate_2,candidate_3,candidate_4,candidate_1,5,0.028000000000000004
216,candidate_5,candidate_2,candidate_3,candidate_4,candidate_1,5,0.028000000000000004
217,candidate_5,candidate_2,candidate_3,0,candidate_1,5,0.028000000000000004
218,candidate_5,candidate_2,candidate_3,candidate_4,candidate_1,5,0.028000000000000004
219,candidate_5,candidate_2,candidate_3,candidate_4,candidate_1,5,0.028000000000000004
220,candidate_5,candidate_2,candidate_3,candidate_4,candidate_1,5,0.028000000000000004
221,candidate_5,candidate_2,candidate_3,candidate_4,candidate_1,5,0.028000000000000004
222,candidate_5,candidate_2,candidate_3,candidate_4,candidate_1,5,0.028000000000000004
223,candidate_5,candidate_2,candidate_3,candidate_4,candidate_1,5,0.028000000000000004
224,0,candidate_2,candidate_3,candidate_4,candidate_1,5,0.028000000000000004
225,candidate_5,candidate_2,candidate_3,candidate_4,candidate_1,5,0.028000000000000004
226,candidate_5,candidate_2,candidate_3,candidate_4,candidate_1,5,0.028000000000000004
227,candidate_5,candidate_2,candidate_3,candidate_4,candidate_1,5,0.028000000000000004
228,candidate_5,candidate_2,candidate_3,candidate_4,candidate_1,5,0.028000000000000004
229,candidate_5,candidate_2,candidate_3,candidate_4,candidate_1,5,0.028000000000000004
230,candidate_5,candidate_2,candidate_3,candidate_4,candidate_1,5,0.028000000000000004
231,0,candidate_2,candidate_3,candidate_4,candidate_1,5,0.028000000000000004
232,candidate_5,candidate_2,candidate_3,candidate_4,candidate_1,5,0.028000000000000004
233,candidate_5,candidate_2,candidate_3,candidate_4,candidate_1,5,0.028000000000000004
234,candidate_5,candidate_2,candidate_3,candidate_4,candidate_1,5,0.028000000000000004
235,candidate_5,candidate_2,candidate_3,candidate_4,candidate_1,5,0.028000000000000004
236,candidate_5,candidate_2,candidate_3,candidate_4,candidate_1,5,0.028000000000000004
237,candidate_5,candidate_2,candidate_3,candidate_4,candidate_1,5,0.028000000000000004
238,candidate_5,candidate_2,candidate_3,candidate_4,candidate_1,5,0.028000000000000004
239,candidate_5,candidate_2,candidate_3,candidate_4,0,5,0.028000000000000004
240,candidate_5,candidate_2,candidate_3,candidate_4,candidate_1,5,0.028000000000000004
241,candidate_5,candidate_2,candidate_3,candidate_4,candidate_1,5,0.028000000000000004
242,candidate_5,candidate_2,candidate_3,candidate_4,candidate_1,5,0.028000000000000004
243,candidate_5,candidate_2,candidate_3,candidate_4,candidate_1,5,0.028000000000000004
244,candidate_5,candidate_2,candidate_3,0,candidate_1,5,0.028000000000000004
245,0,candidate_2,candidate_3,candidate_4,candidate_1,5,0.028000000000000004
246,candidate_5,candidate_2,candidate_3,candidate_4,candidate_1,5,0.028000000000000004
247,candidate_5,candidate_2,candidate_3,candidate_4,candidate_1,5,0.028000000000000004
248,candidate_5,candidate_2,candidate_3,candidate_4,candidate_1,5,0.028000000000000004
249,candidate_5,candidate_2,candidate_3,candidate_4,candidate_1,5,0.028000000000000004
250,candidate_5,candidate_2,candidate_3,candidate_4,candidate_1,5,0.028000000000000004
251,candidate_5,candidate_2,candidate_3,candidate_4,candidate_1,5,0.028000000000000004
252,candidate_5,candidate_2,candidate_3,candidate_4,candidate_1,5,0.028000000000000004
253,candidate_5,candidate_2,candidate_3,candidate_4,candidate_1,5,0.028000000000000004
254,candidate_5,candidate_2,candidate_3,candidate_4,candidate_1,5,0.028000000000000004
255,candidate_5,candidate_2,candidate_3,candidate_4,candidate_1,5,0.028000000000000004
256,candidate_5,candidate_2,candidate_3,candidate_4,candidate_1,5,0.028000000000000004
257,candidate_5,candidate_2,candidate_3,candidate_4,0,5,0.028000000000000004
258,0,candidate_2,candidate_3,candidate_4,candidate_1,5,0.028000000000000004
259,candidate_5,candidate_2,candidate_3,candidate_4,candidate_1,5,0.028000000000000004
260,candidate_5,candidate_2,candidate_3,candidate_4,candidate_1,5,0.028000000000000004
261,candidate_5,candidate_2,candidate_3,candidate_4,candidate_1,5,0.028000000000000004
262,candidate_5,candidate_2,candidate_3,candidate_4,candidate_1,5,0.028000000000000004
263,candidate_5,candidate_2,candidate_3,candidate_4,candidate_1,5,0.028000000000000004
264,0,candidate_2,candidate_3,candidate_4,candidate_1,5,0.028000000000000004
265,candidate_5,candidate_2,candidate_3,candidate_4,candidate_1,5,0.028000000000000004
266,candidate_5,0,candidate_3,candidate_4,candidate_1,5,0.028000000000000004
267,candidate_5,candidate_2,candidate_3,candidate_4,candidate_1,5,0.028000000000000004
268,candidate_5,candidate_2,candidate_3,candidate_4,candidate_1,5,0.028000000000000004
269,candidate_5,candidate_2,candidate_3,candidate_4,candidate_1,5,0.028000000000000004
270,candidate_5,candidate_2,candidate_3,candidate_4,0,5,0.028000000000000004
271,candidate_5,candidate_2,candidate_3,candidate_4,candidate_1,5,0.028000000000000004
272,candidate_5,candidate_2,candidate_3,candidate_4,candidate_1,5,0.028000000000000004
273,candidate_5,candidate_2,candidate_3,candidate_4,candidate_1,5,0.028000000000000004
274,candidate_5,candidate_2,candidate_3,candidate_4,candidate_1,5,0.028000000000000004
275,candidate_5,candidate_2,candidate_3,candidate_4,candidate_1,5,0.028000000000000004
276,candidate_5,candidate_2,candidate_3,candidate_4,candidate_1,5,0.028000000000000004
277,candidate_5,0,candidate_3,candidate_4,candidate_1,5,0.028000000000000004
278,candidate_5,0,candidate_3,candidate_4,candidate_1,5,0.028000000000000004
279,candidate_5,candidate_2,candidate_3,candidate_4,candidate_1,5,0.028000000000000004
280,candidate_5,candidate_2,candidate_3,candidate_4,candidate_1,5,0.028000000000000004
281,candidate_5,candidate_2,candidate_3,candidate_4,candidate_1,5,0.028000000000000004
282,candidate_5,candidate_2,candidate_3,0,candidate_1,5,0.028000000000000004
283,candidate_5,candidate_2,candidate_3,candidate_4,candidate_1,5,0.028000000000000004
284,candidate_5,candidate_2,0,candidate_4,candidate_1,5,0.028000000000000004
285,candidate_5,candidate_2,candidate_3,candidate_4,candidate_1,5,0.028000000000000004
286,candidate_5,candidate_2,candidate_3,candidate_4,candidate_1,5,0.028000000000000004
287,candidate_5,candidate_2,candidate_3,candidate_4,candidate_1,5,0.028000000000000004
288,candidate_5,candidate_2,candidate_3,candidate_4,candidate_1,5,0.028000000000000004
289,candidate_5,candidate_2,candidate_3,candidate_4,candidate_1,5,0.028000000000000004
290,candidate_5,candidate_2,candidate_3,candidate_4,candidate_1,5,0.028000000000000004
291,candidate_5,candidate_2,candidate_3,candidate_4,candidate_1,5,0.028000000000000004
292,candidate_5,candidate_2,candidate_3,candidate_4,candidate_1,5,0.028000000000000004
293,candidate_5,candidate_2,candidate_3,candidate_4,candidate_1,5,0.028000000000000004
294,candidate_5,candidate_2,candidate_3,candidate_4,candidate_1,5,0.028000000000000004
295,candidate_5,candidate_2,candidate_3,candidate_4,candidate_1,5,0.028000000000000004
296,candidate_5,candidate_2,candidate_3,candidate_4,candidate_1,5,0.028000000000000004
297,candidate_5,candidate_2,candidate_3,candidate_4,candidate_1,5,0.028000000000000004
298,candidate_5,candidate_2,candidate_3,candidate_4,candidate_1,5,0.028000000000000004
299,candidate_5,candidate_2,candidate_3,candidate_4,candidate_1,5,0.028000000000000004
300,candidate_5,candidate_2,candidate_3,candidate_4,candidate_1,5,0.028000000000000004
301,candidate_5,candidate_2,candidate_3,candidate_4,candidate_1,5,0.028000000000000004
302,candidate_5,candidate_2,candidate_3,candidate_4,candidate_1,5,0.028000000000000004
303,candidate_5,candidate_2,candidate_3,candidate_4,candidate_1,5,0.028000000000000004
304,candidate_5,candidate_2,candidate_3,candidate_4,candidate_1,5,0.028000000000000004
305,candidate_5,candidate_2,candidate_3,candidate_4,candidate_1,5,0.028000000000000004
306,candidate_5,candidate_2,candidate_3,candidate_4,candidate_1,5,0.028000000000000004
307,candidate_5,candidate_2,candidate_3,candidate_4,candidate_1,5,0.028000000000000004
308,candidate_5,candidate_2,candidate_3,candidate_4,candidate_1,5,0.028000000000000004
309,candidate_5,candidate_2,candidate_3,candidate_4,0,5,0.028000000000000004
310,candidate_5,candidate_2,candidate_3,candidate_4,candidate_1,5,0.028000000000000004
311,candidate_5,candidate_2,candidate_3,candidate_4,0,5,0.028000000000000004
312,candidate_5,candidate_2,candidate_3,candidate_4,candidate_1,5,0.028000000000000004
313,candidate_5,candidate_2,candidate_3,candidate_4,candidate_1,5,0.028000000000000004
314,candidate_5,candidate_2,candidate_3,candidate_4,candidate_1,5,0.028000000000000004
315,candidate_5,candidate_2,candidate_3,candidate_4,candidate_1,5,0.028000000000000004
316,candidate_5,candidate_2,candidate_3,candidate_4,candidate_1,5,0.028000000000000004
317,candidate_5,candidate_2,candidate_3,candidate_4,candidate_1,5,0.028000000000000004
318,0,candidate_2,candidate_3,candidate_4,candidate_1,5,0.028000000000000004
319,candidate_5,candidate_2,candidate_3,candidate_4,candidate_1,5,0.028000000000000004
320,0,candidate_2,candidate_3,candidate_4,candidate_1,5,0.028000000000000004
321,candidate_5,candidate_2,candidate_3,candidate_4,0,5,0.028000000000000004
322,candidate_5,candidate_2,candidate_3,candidate_4,candidate_1,5,0.028000000000000004
323,candidate_5,candidate_2,candidate_3,candidate_4,candidate_1,5,0.028000000000000004
324,candidate_5,candidate_2,candidate_3,0,candidate_1,5,0.028000000000000004
325,candidate_5,candidate_2,candidate_3,candidate_4,candidate_1,5,0.028000000000000004
326,candidate_5,candidate_2,candidate_3,candidate_4,candidate_1,5,0.028000000000000004
327,candidate_5,candidate_2,candidate_3,candidate_4,candidate_1,5,0.028000000000000004
328,candidate_5,candidate_2,candidate_3,candidate_4,candidate_1,5,0.028000000000000004
329,candidate_5,candidate_2,candidate_3,candidate_4,candidate_1,5,0.028000000000000004
330,candidate_5,candidate_2,0,candidate_4,candidate_1,5,0.028000000000000004
331,candidate_5,candidate_2,candidate_3,candidate_4,candidate_1,5,0.028000000000000004
332,candidate_5,candidate_2,candidate_3,candidate_4,candidate_1,5,0.028000000000000004
333,candidate_5,candidate_2,candidate_3,candidate_4,candidate_1,5,0.028000000000000004
334,candidate_5,candidate_2,candidate_3,candidate_4,candidate_1,5,0.028000000000000004
335,candidate_5,candidate_2,candidate_3,0,candidate_1,5,0.028000000000000004
336,candidate_5,candidate_2,candidate_3,candidate_4,candidate_1,5,0.028000000000000004
337,candidate_5,candidate_2,candidate_3,candidate_4,candidate_1,5,0.028000000000000004
338,candidate_5,candidate_2,candidate_3,candidate_4,candidate_1,5,0.028000000000000004
339,candidate_5,candidate_2,candidate_3,candidate_4,candidate_1,5,0.028000000000000004
340,candidate_5,candidate_2,candidate_3,candidate_4,0,5,0.028000000000000004
341,candidate_5,candidate_2,candidate_3,candidate_4,candidate_1,5,0.028000000000000004
342,candidate_5,candidate_2,candidate_3,candidate_4,candidate_1,5,0.028000000000000004
343,candidate_5,candidate_2,candidate_3,candidate_4,candidate_1,5,0.028000000000000004
344,candidate_5,candidate_2,candidate_3,candidate_4,candidate_1,5,0.028000000000000004
345,candidate_5,candidate_2,candidate_3,candidate_4,candidate_1,5,0.028000000000000004
346,candidate_5,candidate_2,candidate_3,candidate_4,candidate_1,5,0.028000000000000004
347,candidate_5,candidate_2,candidate_3,candidate_4,candidate_1,5,0.028000000000000004
348,candidate_5,candidate_2,candidate_3,candidate_4,candidate_1,5,0.028000000000000004
349,candidate_5,candidate_2,candidate_3,candidate_4,candidate_1,5,0.028000000000000004
350,candidate_5,candidate_2,candidate_3,candidate_4,candidate_1,5,0.028000000000000004
351,candidate_5,candidate_2,candidate_3,candidate_4,candidate_1,5,0.028000000000000004
352,candidate_5,candidate_2,candidate_3,candidate_4,candidate_1,5,0.028000000000000004
353,candidate_5,candidate_2,candidate_3,candidate_4,candidate_1,5,0.028000000000000004
354,candidate_5,candidate_2,candidate_3,candidate_4,candidate_1,5,0.028000000000000004
355,candidate_5,candidate_2,candidate_3,candidate_4,candidate_1,5,0.028000000000000004
356,candidate_5,candidate_2,candidate_3,candidate_4,candidate_1,5,0.028000000000000004
357,candidate_5,candidate_2,candidate_3,candidate_4,candidate_1,5,0.028000000000000004
358,candidate_5,candidate_2,candidate_3,candidate_4,candidate_1,5,0.028000000000000004
359,candidate_5,candidate_2,candidate_3,candidate_4,candidate_1,5,0.028000000000000004
360,candidate_5,candidate_2,candidate_3,candidate_4,candidate_1,5,0.028000000000000004
361,candidate_5,candidate_2,candidate_3,candidate_4,candidate_1,5,0.028000000000000004
362,candidate_5,candidate_2,candidate_3,candidate_4,candidate_1,5,0.028000000000000004
363,candidate_5,candidate_2,candidate_3,candidate_4,candidate_1,5,0.028000000000000004
364,candidate_5,candidate_2,candidate_3,candidate_4,candidate_1,5,0.028000000000000004
365,candidate_5,candidate_2,candidate_3,candidate_4,candidate_1,5,0.028000000000000004
366,candidate_5,candidate_2,candidate_3,candidate_4,candidate_1,5,0.028000000000000004
367,candidate_5,candidate_2,0,candidate_4,candidate_1,5,0.028000000000000004
368,0,candidate_2,candidate_3,candidate_4,candidate_1,5,0.028000000000000004
369,candidate_5,candidate_2,0,candidate_4,candidate_1,5,0.028000000000000004
370,candidate_5,candidate_2,candidate_3,candidate_4,0,5,0.028000000000000004
371,candidate_5,candidate_2,candidate_3,candidate_4,candidate_1,5,0.028000000000000004
372,candidate_5,candidate_2,candidate_3,candidate_4,candidate_1,5,0.028000000000000004
373,0,candidate_2,candidate_3,candidate_4,candidate_1,5,0.028000000000000004
374,candidate_5,candidate_2,candidate_3,candidate_4,candidate_1,5,0.028000000000000004
375,candidate_5,candidate_2,candidate_3,0,candidate_1,5,0.028000000000000004
376,candidate_5,candidate_2,candidate_3,candidate_4,candidate_1,5,0.028000000000000004
377,candidate_5,candidate_2,candidate_3,candidate_4,candidate_1,5,0.028000000000000004
378,candidate_5,0,candidate_3,candidate_4,candidate_1,5,0.028000000000000004
379,candidate_5,candidate_2,candidate_3,candidate_4,candidate_1,5,0.028000000000000004
380,candidate_5,candidate_2,candidate_3,candidate_4,candidate_1,5,0.028000000000000004
381,candidate_5,candidate_2,candidate_3,candidate_4,candidate_1,5,0.028000000000000004
382,candidate_5,candidate_2,candidate_3,candidate_4,candidate_1,5,0.028000000000000004
383,candidate_5,candidate_2,candidate_3,candidate_4,candidate_1,5,0.028000000000000004
384,candidate_5,candidate_2,candidate_3,candidate_4,candidate_1,5,0.028000000000000004
385,candidate_5,candidate_2,candidate_3,candidate_4,candidate_1,5,0.028000000000000004
386,candidate_5,candidate_2,candidate_3,candidate_4,candidate_1,5,0.028000000000000004
387,candidate_5,candidate_2,candidate_3,candidate_4,candidate_1,5,0.028000000000000004
388,candidate_5,candidate_2,0,candidate_4,candidate_1,5,0.028000000000000004
389,candidate_5,candidate_2,candidate_3,candidate_4,candidate_1,5,0.028000000000000004
390,candidate_5,candidate_2,candidate_3,candidate_4,candidate_1,5,0.028000000000000004
391,candidate_5,candidate_2,candidate_3,candidate_4,candidate_1,5,0.028000000000000004
392,candidate_5,candidate_2,candidate_3,candidate_4,candidate_1,5,0.028000000000000004
393,candidate_5,candidate_2,candidate_3,candidate_4,candidate_1,5,0.028000000000000004
394,candidate_5,candidate_2,candidate_3,candidate_4,candidate_1,5,0.028000000000000004
395,candidate_5,candidate_2,candidate_3,candidate_4,candidate_1,5,0.028000000000000004
396,candidate_5,candidate_2,candidate_3,candidate_4,candidate_1,5,0.028000000000000004
397,candidate_5,candidate_2,candidate_3,candidate_4,candidate_1,5,0.028000000000000004
398,candidate_5,candidate_2,candidate_3,candidate_4,candidate_1,5,0.028000000000000004
399,candidate_5,candidate_2,candidate_3,candidate_4,candidate_1,5,0.028000000000000004
400,candidate_5,candidate_2,candidate_3,candidate_4,candidate_1,5,0.028000000000000004
401,candidate_5,candidate_2,candidate_3,candidate_4,candidate_1,5,0.028000000000000004
402,candidate_5,candidate_2,candidate_3,candidate_4,candidate_1,5,0.028000000000000004
403,candidate_5,candidate_2,candidate_3,candidate_4,candidate_1,5,0.028000000000000004
404,candidate_5,candidate_2,candidate_3,candidate_4,candidate_1,5,0.028000000000000004
405,candidate_5,candidate_2,candidate_3,candidate_4,candidate_1,5,0.028000000000000004
406,candidate_5,0,candidate_3,candidate_4,candidate_1,5,0.028000000000000004
407,candidate_5,candidate_2,candidate_3,candidate_4,candidate_1,5,0.028000000000000004
408,candidate_5,candidate_2,candidate_3,0,candidate_1,5,0.028000000000000004
409,candidate_5,candidate_2,candidate_3,candidate_4,candidate_1,5,0.028000000000000004
410,candidate_5,candidate_2,candidate_3,candidate_4,candidate_1,5,0.028000000000000004
411,candidate_5,candidate_2,0,candidate_4,candidate_1,5,0.028000000000000004
412,candidate_5,candidate_2,candidate_3,candidate_4,candidate_1,5,0.028000000000000004
413,candidate_5,candidate_2,candidate_3,candidate_4,candidate_1,5,0.028000000000000004
414,candidate_5,candidate_2,candidate_3,candidate_4,candidate_1,5,0.028000000000000004
415,candidate_5,candidate_2,candidate_3,candidate_4,candidate_1,5,0.028000000000000004
416,candidate_5,candidate_2,candidate_3,candidate_4,candidate_1,5,0.028000000000000004
417,candidate_5,candidate_2,candidate_3,candidate_4,candidate_1,5,0.028000000000000004
418,candidate_5,candidate_2,candidate_3,candidate_4,candidate_1,5,0.028000000000000004
419,candidate_5,candidate_2,candidate_3,candidate_4,candidate_1,5,0.028000000000000004
420,candidate_5,candidate_2,candidate_3,candidate_4,candidate_1,5,0.028000000000000004
421,candidate_5,candidate_2,candidate_3,candidate_4,candidate_1,5,0.028000000000000004
422,candidate_5,candidate_2,candidate_3,candidate_4,candidate_1,5,0.028000000000000004
423,candidate_5,candidate_2,candidate_3,candidate_4,candidate_1,5,0.028000000000000004
424,candidate_5,candidate_2,candidate_3,candidate_4,candidate_1,5,0.028000000000000004
425,candidate_5,candidate_2,candidate_3,candidate_4,candidate_1,5,0.028000000000000004
426,candidate_5,candidate_2,candidate_3,candidate_4,candidate_1,5,0.028000000000000004
427,candidate_5,candidate_2,candidate_3,candidate_4,candidate_1,5,0.028000000000000004
428,candidate_5,0,candidate_3,candidate_4,candidate_1,5,0.028000000000000004
429,candidate_5,candidate_2,candidate_3,candidate_4,candidate_1,5,0.028000000000000004
430,candidate_5,candidate_2,candidate_3,candidate_4,candidate_1,5,0.028000000000000004
431,candidate_5,candidate_2,candidate_3,candidate_4,candidate_1,5,0.028000000000000004
432,candidate_5,candidate_2,candidate_3,candidate_4,candidate_1,5,0.028000000000000004
433,candidate_5,0,candidate_3,candidate_4,candidate_1,5,0.028000000000000004
434,candidate_5,candidate_2,candidate_3,candidate_4,candidate_1,5,0.028000000000000004
435,candidate_5,candidate_2,candidate_3,candidate_4,candidate_1,5,0.028000000000000004
436,candidate_5,candidate_2,candidate_3,candidate_4,candidate_1,5,0.028000000000000004
437,candidate_5,candidate_2,candidate_3,candidate_4,candidate_1,5,0.028000000000000004
438,candidate_5,candidate_2,candidate_3,candidate_4,candidate_1,5,0.028000000000000004
439,candidate_5,candidate_2,candidate_3,candidate_4,candidate_1,5,0.028000000000000004
440,candidate_5,candidate_2,candidate_3,0,candidate_1,5,0.028000000000000004
441,candidate_5,candidate_2,candidate_3,candidate_4,candidate_1,5,0.028000000000000004
442,candidate_5,candidate_2,candidate_3,candidate_4,candidate_1,5,0.028000000000000004
443,candidate_5,candidate_2,candidate_3,candidate_4,candidate_1,5,0.028000000000000004
444,candidate_5,candidate_2,candidate_3,candidate_4,candidate_1,5,0.028000000000000004
445,candidate_5,candidate_2,candidate_3,candidate_4,candidate_1,5,0.028000000000000004
446,candidate_5,candidate_2,candidate_3,candidate_4,candidate_1,5,0.028000000000000004
447,candidate_5,candidate_2,candidate_3,candidate_4,candidate_1,5,0.028000000000000004
448,candidate_5,candidate_2,candidate_3,0,candidate_1,5,0.028000000000000004
449,candidate_5,candidate_2,candidate_3,candidate_4,candidate_1,5,0.028000000000000004
450,candidate_5,candidate_2,candidate_3,candidate_4,candidate_1,5,0.028000000000000004
451,candidate_5,candidate_2,candidate_3,candidate_4,candidate_1,5,0.028000000000000004
452,candidate_5,candidate_2,0,candidate_4,candidate_1,5,0.028000000000000004
453,candidate_5,candidate_2,candidate_3,candidate_4,candidate_1,5,0.028000000000000004
454,candidate_5,candidate_2,candidate_3,candidate_4,candidate_1,5,0.028000000000000004
455,candidate_5,candidate_2,candidate_3,candidate_4,candidate_1,5,0.028000000000000004
456,candidate_5,candidate_2,candidate_3,candidate_4,candidate_1,5,0.028000000000000004
457,candidate_5,candidate_2,candidate_3,candidate_4,candidate_1,5,0.028000000000000004
458,candidate_5,candidate_2,candidate_3,candidate_4,candidate_1,5,0.028000000000000004
459,candidate_5,candidate_2,candidate_3,candidate_4,candidate_1,5,0.028000000000000004
460,candidate_5,candidate_2,candidate_3,candidate_4,candidate_1,5,0.028000000000000004
461,candidate_5,candidate_2,candidate_3,candidate_4,candidate_1,5,0.028000000000000004
462,candidate_5,candidate_2,candidate_3,candidate_4,candidate_1,5,0.028000000000000004
463,candidate_5,candidate_2,candidate_3,candidate_4,candidate_1,5,0.028000000000000004
464,candidate_5,candidate_2,candidate_3,0,candidate_1,5,0.028000000000000004
465,0,candidate_2,candidate_3,candidate_4,candidate_1,5,0.028000000000000004
466,candidate_5,candidate_2,candidate_3,candidate_4,candidate_1,5,0.028000000000000004
467,candidate_5,candidate_2,candidate_3,candidate_4,candidate_1,5,0.028000000000000004
468,candidate_5,candidate_2,candidate_3,candidate_4,candidate_1,5,0.028000000000000004
469,candidate_5,candidate_2,candidate_3,candidate_4,candidate_1,5,0.028000000000000004
470,candidate_5,candidate_2,candidate_3,candidate_4,candidate_1,5,0.028000000000000004
471,candidate_5,candidate_2,candidate_3,candidate_4,candidate_1,5,0.028000000000000004
472,candidate_5,candidate_2,candidate_3,candidate_4,candidate_1,5,0.028000000000000004
473,candidate_5,candidate_2,candidate_3,candidate_4,candidate_1,5,0.028000000000000004
474,candidate_5,candidate_2,candidate_3,candidate_4,candidate_1,5,0.028000000000000004
475,candidate_5,candidate_2,candidate_3,candidate_4,0,5,0.028000000000000004
476,candidate_5,candidate_2,candidate_3,candidate_4,candidate_1,5,0.028000000000000004
477,candidate_5,candidate_2,candidate_3,candidate_4,candidate_1,5,0.028000000000000004
478,candidate_5,candidate_2,candidate_3,candidate_4,candidate_1,5,0.028000000000000004
479,candidate_5,candidate_2,candidate_3,candidate_4,0,5,0.028000000000000004
480,candidate_5,candidate_2,candidate_3,candidate_4,candidate_1,5,0.028000000000000004
481,candidate_5,candidate_2,candidate_3,candidate_4,candidate_1,5,0.028000000000000004
482,candidate_5,candidate_2,candidate_3,candidate_4,candidate_1,5,0.028000000000000004
483,candidate_5,candidate_2,candidate_3,candidate_4,candidate_1,5,0.028000000000000004
484,candidate_5,candidate_2,candidate_3,candidate_4,candidate_1,5,0.028000000000000004
485,candidate_5,candidate_2,candidate_3,candidate_4,candidate_1,5,0.028000000000000004
486,candidate_5,candidate_2,candidate_3,candidate_4,candidate_1,5,0.028000000000000004
487,candidate_5,candidate_2,candidate_3,candidate_4,candidate_1,5,0.028000000000000004
488,candidate_5,candidate_2,candidate_3,candidate_4,candidate_1,5,0.028000000000000004
489,candidate_5,candidate_2,candidate_3,candidate_4,candidate_1,5,0.028000000000000004
490,candidate_5,candidate_2,candidate_3,candidate_4,candidate_1,5,0.028000000000000004
491,candidate_5,candidate_2,candidate_3,candidate_4,candidate_1,5,0.028000000000000004
492,candidate_5,candidate_2,candidate_3,candidate_4,candidate_1,5,0.028000000000000004
493,candidate_5,candidate_2,candidate_3,candidate_4,candidate_1,5,0.028000000000000004
494,candidate_5,candidate_2,candidate_3,candidate_4,candidate_1,5,0.028000000000000004
495,0,candidate_2,candidate_3,candidate_4,candidate_1,5,0.028000000000000004
496,candidate_5,candidate_2,candidate_3,candidate_4,candidate_1,5,0.028000000000000004
497,candidate_5,candidate_2,candidate_3,candidate_4,candidate_1,5,0.028000000000000004
498,candidate_5,candidate_2,candidate_3,candidate_4,candidate_1,5,0.028000000000000004
499,candidate_5,candidate_2,candidate_3,candidate_4,candidate_1,5,0.028000000000000004
500,candidate_5,candidate_2,candidate_3,candidate_4,candidate_1,5,0.028000000000000004
501,candidate_5,candidate_2,candidate_3,candidate_4,candidate_1,5,0.028000000000000004
502,candidate_5,candidate_2,candidate_3,candidate_4,candidate_1,5,0.028000000000000004
503,candidate_5,0,candidate_3,candidate_4,candidate_1,5,0.028000000000000004
504,candidate_5,candidate_2,candidate_3,candidate_4,candidate_1,5,0.028000000000000004
505,candidate_5,0,candidate_3,candidate_4,candidate_1,5,0.028000000000000004
506,candidate_5,candidate_2,candidate_3,candidate_4,candidate_1,5,0.028000000000000004
507,candidate_5,candidate_2,candidate_3,candidate_4,candidate_1,5,0.028000000000000004
508,candidate_5,candidate_2,candidate_3,candidate_4,candidate_1,5,0.028000000000000004
509,candidate_5,candidate_2,candidate_3,candidate_4,candidate_1,5,0.028000000000000004
510,candidate_5,candidate_2,candidate_3,candidate_4,candidate_1,5,0.028000000000000004
511,candidate_5,candidate_2,candidate_3,candidate_4,candidate_1,5,0.028000000000000004
512,candidate_5,candidate_2,candidate_3,candidate_4,candidate_1,5,0.028000000000000004
513,candidate_5,candidate_2,candidate_3,candidate_4,candidate_1,5,0.028000000000000004
514,candidate_5,candidate_2,candidate_3,candidate_4,candidate_1,5,0.028000000000000004
515,candidate_5,candidate_2,candidate_3,candidate_4,candidate_1,5,0.028000000000000004
516,candidate_5,candidate_2,candidate_3,candidate_4,candidate_1,5,0.028000000000000004
517,candidate_5,candidate_2,candidate_3,candidate_4,candidate_1,5,0.028000000000000004
518,candidate_5,candidate_2,candidate_3,candidate_4,candidate_1,5,0.028000000000000004
519,candidate_5,candidate_2,candidate_3,candidate_4,candidate_1,5,0.028000000000000004
520,candidate_5,candidate_2,candidate_3,candidate_4,candidate_1,5,0.028000000000000004
521,candidate_5,candidate_2,candidate_3,candidate_4,candidate_1,5,0.028000000000000004
522,candidate_5,candidate_2,candidate_3,candidate_4,0,5,0.028000000000000004
523,candidate_5,candidate_2,candidate_3,candidate_4,candidate_1,5,0.028000000000000004
524,candidate_5,candidate_2,candidate_3,candidate_4,candidate_1,5,0.028000000000000004
525,candidate_5,candidate_2,candidate_3,candidate_4,candidate_1,5,0.028000000000000004
526,candidate_5,candidate_2,candidate_3,candidate_4,candidate_1,5,0.028000000000000004
527,candidate_5,candidate_2,candidate_3,candidate_4,candidate_1,5,0.028000000000000004
528,candidate_5,candidate_2,candidate_3,candidate_4,candidate_1,5,0.028000000000000004
529,candidate_5,candidate_2,candidate_3,candidate_4,candidate_1,5,0.028000000000000004
530,candidate_5,candidate_2,candidate_3,candidate_4,candidate_1,5,0.028000000000000004
531,candidate_5,candidate_2,candidate_3,candidate_4,candidate_1,5,0.028000000000000004
532,candidate_5,candidate_2,candidate_3,candidate_4,candidate_1,5,0.028000000000000004
533,candidate_5,candidate_2,candidate_3,candidate_4,candidate_1,5,0.028000000000000004
534,candidate_5,candidate_2,candidate_3,candidate_4,candidate_1,5,0.028000000000000004
535,candidate_5,candidate_2,candidate_3,candidate_4,candidate_1,5,0.028000000000000004
536,candidate_5,candidate_2,candidate_3,candidate_4,candidate_1,5,0.028000000000000004
537,candidate_5,candidate_2,candidate_3,candidate_4,candidate_1,5,0.028000000000000004
538,candidate_5,candidate_2,candidate_3,candidate_4,candidate_1,5,0.028000000000000004
539,candidate_5,candidate_2,candidate_3,candidate_4,candidate_1,5,0.028000000000000004
540,candidate_5,candidate_2,candidate_3,candidate_4,candidate_1,5,0.028000000000000004
541,candidate_5,candidate_2,candidate_3,candidate_4,candidate_1,5,0.028000000000000004
542,candidate_5,candidate_2,candidate_3,candidate_4,candidate_1,5,0.028000000000000004
543,candidate_5,candidate_2,0,candidate_4,candidate_1,5,0.028000000000000004
544,candidate_5,candidate_2,candidate_3,candidate_4,candidate_1,5,0.028000000000000004
545,candidate_5,candidate_2,candidate_3,candidate_4,candidate_1,5,0.028000000000000004
546,candidate_5,candidate_2,candidate_3,candidate_4,candidate_1,5,0.028000000000000004
547,candidate_5,candidate_2,candidate_3,candidate_4,candidate_1,5,0.028000000000000004
548,candidate_5,candidate_2,0,candidate_4,0,5,0.028000000000000004
549,candidate_5,candidate_2,candidate_3,candidate_4,0,5,0.028000000000000004
550,candidate_5,candidate_2,candidate_3,candidate_4,candidate_1,5,0.028000000000000004
551,candidate_5,candidate_2,candidate_3,candidate_4,candidate_1,5,0.028000000000000004
552,candidate_5,candidate_2,candidate_3,candidate_4,candidate_1,5,0.028000000000000004
553,candidate_5,candidate_2,candidate_3,candidate_4,candidate_1,5,0.028000000000000004
554,candidate_5,candidate_2,candidate_3,candidate_4,candidate_1,5,0.028000000000000004
555,candidate_5,candidate_2,candidate_3,candidate_4,candidate_1,5,0.028000000000000004
556,candidate_5,candidate_2,candidate_3,candidate_4,candidate_1,5,0.028000000000000004
557,candidate_5,candidate_2,candidate_3,candidate_4,candidate_1,5,0.028000000000000004
558,candidate_5,candidate_2,candidate_3,candidate_4,candidate_1,5,0.028000000000000004
559,candidate_5,candidate_2,0,candidate_4,candidate_1,5,0.028000000000000004
560,candidate_5,candidate_2,candidate_3,candidate_4,candidate_1,5,0.028000000000000004
561,candidate_5,0,candidate_3,candidate_4,candidate_1,5,0.028000000000000004
562,candidate_5,candidate_2,candidate_3,candidate_4,candidate_1,5,0.028000000000000004
563,candidate_5,candidate_2,candidate_3,candidate_4,candidate_1,5,0.028000000000000004
564,candidate_5,candidate_2,candidate_3,candidate_4,candidate_1,5,0.028000000000000004
565,candidate_5,candidate_2,candidate_3,candidate_4,candidate_1,5,0.028000000000000004
566,candidate_5,candidate_2,candidate_3,candidate_4,candidate_1,5,0.028000000000000004
567,candidate_5,candidate_2,candidate_3,candidate_4,candidate_1,5,0.028000000000000004
568,candidate_5,candidate_2,candidate_3,candidate_4,candidate_1,5,0.028000000000000004
569,candidate_5,candidate_2,candidate_3,candidate_4,candidate_1,5,0.028000000000000004
570,candidate_5,candidate_2,candidate_3,candidate_4,candidate_1,5,0.028000000000000004
571,candidate_5,candidate_2,candidate_3,candidate_4,candidate_1,5,0.028000000000000004
572,candidate_5,candidate_2,candidate_3,candidate_4,candidate_1,5,0.028000000000000004
573,candidate_5,candidate_2,candidate_3,candidate_4,candidate_1,5,0.028000000000000004
574,candidate_5,candidate_2,candidate_3,candidate_4,candidate_1,5,0.028000000000000004
575,candidate_5,candidate_2,candidate_3,candidate_4,candidate_1,5,0.028000000000000004
576,candidate_5,candidate_2,candidate_3,candidate_4,candidate_1,5,0.028000000000000004
577,candidate_5,candidate_2,candidate_3,candidate_4,candidate_1,5,0.028000000000000004
578,candidate_5,candidate_2,candidate_3,candidate_4,candidate_1,5,0.028000000000000004
579,candidate_5,candidate_2,candidate_3,candidate_4,candidate_1,5,0.028000000000000004
580,candidate_5,candidate_2,candidate_3,candidate_4,candidate_1,5,0.028000000000000004
581,candidate_5,candidate_2,candidate_3,candidate_4,candidate_1,5,0.028000000000000004
582,candidate_5,candidate_2,candidate_3,candidate_4,candidate_1,5,0.028000000000000004
583,candidate_5,candidate_2,candidate_3,candidate_4,candidate_1,5,0.028000000000000004
584,candidate_5,candidate_2,candidate_3,candidate_4,candidate_1,5,0.028000000000000004
585,candidate_5,candidate_2,0,candidate_4,candidate_1,5,0.028000000000000004
586,candidate_5,candidate_2,candidate_3,candidate_4,candidate_1,5,0.028000000000000004
587,candidate_5,candidate_2,candidate_3,candidate_4,candidate_1,5,0.028000000000000004
588,candidate_5,candidate_2,candidate_3,candidate_4,candidate_1,5,0.028000000000000004
589,candidate_5,candidate_2,candidate_3,candidate_4,candidate_1,5,0.028000000000000004
590,candidate_5,candidate_2,candidate_3,candidate_4,candidate_1,5,0.028000000000000004
591,candidate_5,candidate_2,candidate_3,candidate_4,candidate_1,5,0.028000000000000004
592,candidate_5,candidate_2,candidate_3,candidate_4,candidate_1,5,0.028000000000000004
593,candidate_5,candidate_2,candidate_3,0,candidate_1,5,0.028000000000000004
594,candidate_5,candidate_2,candidate_3,candidate_4,candidate_1,5,0.028000000000000004
595,candidate_5,candidate_2,candidate_3,candidate_4,candidate_1,5,0.028000000000000004
596,candidate_5,candidate_2,candidate_3,candidate_4,candidate_1,5,0.028000000000000004
0,candidate_5,candidate_2,candidate_4,candidate_1,candidate_3,5,0.028000000000000004
1,candidate_5,candidate_2,candidate_4,candidate_1,candidate_3,5,0.028000000000000004
2,candidate_5,candidate_2,candidate_4,candidate_1,candidate_3,5,0.028000000000000004
3,candidate_5,0,candidate_4,candidate_1,candidate_3,5,0.028000000000000004
4,0,candidate_2,candidate_4,candidate_1,candidate_3,5,0.028000000000000004
5,candidate_5,candidate_2,candidate_4,candidate_1,candidate_3,5,0.028000000000000004
6,candidate_5,candidate_2,candidate_4,candidate_1,candidate_3,5,0.028000000000000004
7,candidate_5,candidate_2,candidate_4,candidate_1,candidate_3,5,0.028000000000000004
8,candidate_5,candidate_2,candidate_4,candidate_1,candidate_3,5,0.028000000000000004
9,candidate_5,candidate_2,candidate_4,candidate_1,candidate_3,5,0.028000000000000004
10,candidate_5,candidate_2,candidate_4,candidate_1,candidate_3,5,0.028000000000000004
11,candidate_5,candidate_2,candidate_4,candidate_1,candidate_3,5,0.028000000000000004
12,candidate_5,0,candidate_4,candidate_1,candidate_3,5,0.028000000000000004
13,candidate_5,candidate_2,candidate_4,candidate_1,candidate_3,5,0.028000000000000004
14,candidate_5,candidate_2,candidate_4,candidate_1,candidate_3,5,0.028000000000000004
15,candidate_5,candidate_2,candidate_4,candidate_1,candidate_3,5,0.028000000000000004
16,candidate_5,candidate_2,candidate_4,candidate_1,candidate_3,5,0.028000000000000004
17,candidate_5,candidate_2,candidate_4,candidate_1,candidate_3,5,0.028000000000000004
18,candidate_5,candidate_2,candidate_4,candidate_1,candidate_3,5,0.028000000000000004
19,candidate_5,candidate_2,candidate_4,candidate_1,candidate_3,5,0.028000000000000004
20,candidate_5,candidate_2,candidate_4,candidate_1,candidate_3,5,0.028000000000000004
21,candidate_5,candidate_2,candidate_4,candidate_1,candidate_3,5,0.028000000000000004
22,candidate_5,candidate_2,candidate_4,candidate_1,candidate_3,5,0.028000000000000004
23,candidate_5,candidate_2,candidate_4,candidate_1,candidate_3,5,0.028000000000000004
24,candidate_5,candidate_2,candidate_4,candidate_1,candidate_3,5,0.028000000000000004
25,candidate_5,candidate_2,candidate_4,candidate_1,candidate_3,5,0.028000000000000004
26,0,candidate_2,candidate_4,candidate_1,candidate_3,5,0.028000000000000004
27,candidate_5,0,candidate_4,candidate_1,candidate_3,5,0.028000000000000004
28,candidate_5,candidate_2,candidate_4,candidate_1,candidate_3,5,0.028000000000000004
29,candidate_5,candidate_2,candidate_4,candidate_1,candidate_3,5,0.028000000000000004
30,candidate_5,candidate_2,candidate_4,candidate_1,candidate_3,5,0.028000000000000004
31,candidate_5,candidate_2,candidate_4,candidate_1,candidate_3,5,0.028000000000000004
32,candidate_5,candidate_2,candidate_4,candidate_1,candidate_3,5,0.028000000000000004
33,candidate_5,candidate_2,candidate_4,candidate_1,candidate_3,5,0.028000000000000004
34,candidate_5,candidate_2,candidate_4,candidate_1,candidate_3,5,0.028000000000000004
35,candidate_5,candidate_2,candidate_4,candidate_1,candidate_3,5,0.028000000000000004
36,candidate_5,0,candidate_4,candidate_1,candidate_3,5,0.028000000000000004
37,candidate_5,candidate_2,candidate_4,candidate_1,candidate_3,5,0.028000000000000004
38,candidate_5,candidate_2,candidate_4,candidate_1,candidate_3,5,0.028000000000000004
39,candidate_5,0,candidate_4,candidate_1,candidate_3,5,0.028000000000000004
40,candidate_5,candidate_2,candidate_4,candidate_1,candidate_3,5,0.028000000000000004
41,candidate_5,candidate_2,candidate_4,0,candidate_3,5,0.028000000000000004
42,candidate_5,candidate_2,candidate_4,candidate_1,candidate_3,5,0.028000000000000004
43,candidate_5,candidate_2,candidate_4,candidate_1,candidate_3,5,0.028000000000000004
44,candidate_5,candidate_2,candidate_4,candidate_1,candidate_3,5,0.028000000000000004
45,candidate_5,candidate_2,candidate_4,candidate_1,candidate_3,5,0.028000000000000004
46,candidate_5,candidate_2,candidate_4,candidate_1,candidate_3,5,0.028000000000000004
47,0,candidate_2,candidate_4,candidate_1,candidate_3,5,0.028000000000000004
48,candidate_5,candidate_2,candidate_4,candidate_1,candidate_3,5,0.028000000000000004
49,candidate_5,candidate_2,candidate_4,candidate_1,candidate_3,5,0.028000000000000004
50,candidate_5,candidate_2,candidate_4,candidate_1,candidate_3,5,0.028000000000000004
51,candidate_5,candidate_2,candidate_4,candidate_1,candidate_3,5,0.028000000000000004
52,candidate_5,candidate_2,candidate_4,candidate_1,candidate_3,5,0.028000000000000004
53,candidate_5,candidate_2,candidate_4,candidate_1,candidate_3,5,0.028000000000000004
54,candidate_5,candidate_2,candidate_4,candidate_1,candidate_3,5,0.028000000000000004
55,candidate_5,candidate_2,candidate_4,candidate_1,candidate_3,5,0.028000000000000004
56,candidate_5,candidate_2,candidate_4,candidate_1,candidate_3,5,0.028000000000000004
57,candidate_5,candidate_2,candidate_4,candidate_1,candidate_3,5,0.028000000000000004
58,candidate_5,candidate_2,candidate_4,candidate_1,candidate_3,5,0.028000000000000004
59,candidate_5,candidate_2,candidate_4,candidate_1,candidate_3,5,0.028000000000000004
60,candidate_5,candidate_2,candidate_4,candidate_1,candidate_3,5,0.028000000000000004
61,candidate_5,candidate_2,candidate_4,candidate_1,candidate_3,5,0.028000000000000004
62,candidate_5,candidate_2,candidate_4,candidate_1,candidate_3,5,0.028000000000000004
63,candidate_5,candidate_2,candidate_4,candidate_1,candidate_3,5,0.028000000000000004
64,candidate_5,candidate_2,candidate_4,candidate_1,candidate_3,5,0.028000000000000004
65,candidate_5,candidate_2,candidate_4,candidate_1,candidate_3,5,0.028000000000000004
66,candidate_5,candidate_2,candidate_4,candidate_1,candidate_3,5,0.028000000000000004
67,candidate_5,candidate_2,candidate_4,candidate_1,candidate_3,5,0.028000000000000004
68,candidate_5,candidate_2,candidate_4,0,candidate_3,5,0.028000000000000004
69,candidate_5,candidate_2,candidate_4,candidate_1,candidate_3,5,0.028000000000000004
70,candidate_5,candidate_2,candidate_4,candidate_1,candidate_3,5,0.028000000000000004
71,candidate_5,candidate_2,candidate_4,candidate_1,candidate_3,5,0.028000000000000004
72,candidate_5,candidate_2,candidate_4,candidate_1,candidate_3,5,0.028000000000000004
73,candidate_5,candidate_2,candidate_4,candidate_1,candidate_3,5,0.028000000000000004
74,candidate_5,candidate_2,candidate_4,candidate_1,candidate_3,5,0.028000000000000004
75,candidate_5,candidate_2,candidate_4,candidate_1,candidate_3,5,0.028000000000000004
76,candidate_5,candidate_2,candidate_4,candidate_1,candidate_3,5,0.028000000000000004
77,candidate_5,candidate_2,candidate_4,candidate_1,candidate_3,5,0.028000000000000004
78,candidate_5,candidate_2,candidate_4,candidate_1,candidate_3,5,0.028000000000000004
79,candidate_5,candidate_2,candidate_4,candidate_1,candidate_3,5,0.028000000000000004
80,candidate_5,candidate_2,candidate_4,candidate_1,candidate_3,5,0.028000000000000004
81,candidate_5,candidate_2,candidate_4,candidate_1,candidate_3,5,0.028000000000000004
82,candidate_5,candidate_2,candidate_4,candidate_1,candidate_3,5,0.028000000000000004
83,candidate_5,candidate_2,candidate_4,candidate_1,candidate_3,5,0.028000000000000004
84,candidate_5,candidate_2,candidate_4,candidate_1,candidate_3,5,0.028000000000000004
85,candidate_5,candidate_2,candidate_4,candidate_1,candidate_3,5,0.028000000000000004
86,candidate_5,candidate_2,candidate_4,candidate_1,candidate_3,5,0.028000000000000004
87,candidate_5,candidate_2,candidate_4,candidate_1,candidate_3,5,0.028000000000000004
88,candidate_5,candidate_2,candidate_4,candidate_1,candidate_3,5,0.028000000000000004
89,candidate_5,candidate_2,candidate_4,candidate_1,candidate_3,5,0.028000000000000004
90,candidate_5,candidate_2,candidate_4,candidate_1,candidate_3,5,0.028000000000000004
91,candidate_5,candidate_2,candidate_4,candidate_1,candidate_3,5,0.028000000000000004
92,candidate_5,candidate_2,candidate_4,candidate_1,candidate_3,5,0.028000000000000004
93,candidate_5,candidate_2,candidate_4,candidate_1,candidate_3,5,0.028000000000000004
94,candidate_5,candidate_2,candidate_4,candidate_1,candidate_3,5,0.028000000000000004
95,candidate_5,candidate_2,candidate_4,candidate_1,candidate_3,5,0.028000000000000004
96,candidate_5,candidate_2,0,candidate_1,candidate_3,5,0.028000000000000004
97,candidate_5,candidate_2,candidate_4,candidate_1,candidate_3,5,0.028000000000000004
98,candidate_5,candidate_2,candidate_4,candidate_1,candidate_3,5,0.028000000000000004
99,candidate_5,candidate_2,candidate_4,candidate_1,candidate_3,5,0.028000000000000004
100,candidate_5,candidate_2,candidate_4,candidate_1,candidate_3,5,0.028000000000000004
101,candidate_5,candidate_2,candidate_4,candidate_1,candidate_3,5,0.028000000000000004
102,candidate_5,candidate_2,candidate_4,candidate_1,candidate_3,5,0.028000000000000004
103,candidate_5,candidate_2,candidate_4,candidate_1,candidate_3,5,0.028000000000000004
104,candidate_5,candidate_2,candidate_4,candidate_1,candidate_3,5,0.028000000000000004
105,candidate_5,candidate_2,candidate_4,candidate_1,candidate_3,5,0.028000000000000004
106,candidate_5,candidate_2,candidate_4,candidate_1,candidate_3,5,0.028000000000000004
107,candidate_5,candidate_2,candidate_4,candidate_1,candidate_3,5,0.028000000000000004
108,candidate_5,candidate_2,candidate_4,candidate_1,candidate_3,5,0.028000000000000004
109,candidate_5,candidate_2,candidate_4,candidate_1,candidate_3,5,0.028000000000000004
110,candidate_5,candidate_2,candidate_4,candidate_1,candidate_3,5,0.028000000000000004
111,candidate_5,candidate_2,candidate_4,candidate_1,candidate_3,5,0.028000000000000004
112,candidate_5,candidate_2,candidate_4,candidate_1,candidate_3,5,0.028000000000000004
113,candidate_5,candidate_2,candidate_4,candidate_1,candidate_3,5,0.028000000000000004
114,candidate_5,candidate_2,candidate_4,candidate_1,candidate_3,5,0.028000000000000004
115,candidate_5,candidate_2,candidate_4,candidate_1,candidate_3,5,0.028000000000000004
116,candidate_5,candidate_2,candidate_4,candidate_1,candidate_3,5,0.028000000000000004
117,candidate_5,candidate_2,candidate_4,candidate_1,candidate_3,5,0.028000000000000004
118,candidate_5,candidate_2,candidate_4,candidate_1,0,5,0.028000000000000004
119,candidate_5,candidate_2,candidate_4,candidate_1,candidate_3,5,0.028000000000000004
120,candidate_5,candidate_2,candidate_4,candidate_1,candidate_3,5,0.028000000000000004
121,candidate_5,candidate_2,candidate_4,candidate_1,candidate_3,5,0.028000000000000004
122,candidate_5,candidate_2,candidate_4,candidate_1,candidate_3,5,0.028000000000000004
123,candidate_5,candidate_2,candidate_4,candidate_1,0,5,0.028000000000000004
124,candidate_5,candidate_2,candidate_4,candidate_1,candidate_3,5,0.028000000000000004
125,candidate_5,candidate_2,candidate_4,candidate_1,candidate_3,5,0.028000000000000004
126,candidate_5,candidate_2,candidate_4,candidate_1,candidate_3,5,0.028000000000000004
127,candidate_5,candidate_2,candidate_4,candidate_1,candidate_3,5,0.028000000000000004
128,candidate_5,candidate_2,0,candidate_1,candidate_3,5,0.028000000000000004
129,candidate_5,candidate_2,candidate_4,candidate_1,candidate_3,5,0.028000000000000004
130,candidate_5,candidate_2,candidate_4,candidate_1,candidate_3,5,0.028000000000000004
131,candidate_5,candidate_2,candidate_4,candidate_1,candidate_3,5,0.028000000000000004
132,candidate_5,candidate_2,candidate_4,candidate_1,candidate_3,5,0.028000000000000004
133,candidate_5,candidate_2,candidate_4,candidate_1,candidate_3,5,0.028000000000000004
134,candidate_5,candidate_2,candidate_4,candidate_1,candidate_3,5,0.028000000000000004
135,candidate_5,candidate_2,candidate_4,candidate_1,candidate_3,5,0.028000000000000004
136,candidate_5,candidate_2,candidate_4,candidate_1,candidate_3,5,0.028000000000000004
137,candidate_5,candidate_2,candidate_4,candidate_1,candidate_3,5,0.028000000000000004
138,candidate_5,candidate_2,candidate_4,candidate_1,candidate_3,5,0.028000000000000004
139,candidate_5,candidate_2,candidate_4,candidate_1,candidate_3,5,0.028000000000000004
140,0,candidate_2,candidate_4,candidate_1,candidate_3,5,0.028000000000000004
141,candidate_5,candidate_2,candidate_4,candidate_1,candidate_3,5,0.028000000000000004
142,candidate_5,candidate_2,candidate_4,candidate_1,candidate_3,5,0.028000000000000004
143,candidate_5,candidate_2,candidate_4,candidate_1,candidate_3,5,0.028000000000000004
144,candidate_5,candidate_2,candidate_4,candidate_1,0,5,0.028000000000000004
145,candidate_5,candidate_2,candidate_4,candidate_1,candidate_3,5,0.028000000000000004
146,candidate_5,candidate_2,candidate_4,candidate_1,candidate_3,5,0.028000000000000004
147,0,candidate_2,candidate_4,candidate_1,candidate_3,5,0.028000000000000004
148,candidate_5,0,candidate_4,candidate_1,candidate_3,5,0.028000000000000004
149,0,candidate_2,0,candidate_1,candidate_3,5,0.028000000000000004
150,candidate_5,candidate_2,candidate_4,candidate_1,candidate_3,5,0.028000000000000004
151,candidate_5,candidate_2,candidate_4,candidate_1,candidate_3,5,0.028000000000000004
152,candidate_5,candidate_2,candidate_4,candidate_1,candidate_3,5,0.028000000000000004
153,candidate_5,candidate_2,candidate_4,candidate_1,candidate_3,5,0.028000000000000004
154,candidate_5,candidate_2,candidate_4,candidate_1,candidate_3,5,0.028000000000000004
155,candidate_5,candidate_2,candidate_4,candidate_1,candidate_3,5,0.028000000000000004
156,candidate_5,candidate_2,candidate_4,candidate_1,candidate_3,5,0.028000000000000004
157,candidate_5,candidate_2,candidate_4,candidate_1,candidate_3,5,0.028000000000000004
158,candidate_5,candidate_2,candidate_4,candidate_1,candidate_3,5,0.028000000000000004
159,candidate_5,candidate_2,candidate_4,candidate_1,candidate_3,5,0.028000000000000004
160,candidate_5,candidate_2,candidate_4,candidate_1,candidate_3,5,0.028000000000000004
161,candidate_5,candidate_2,candidate_4,candidate_1,candidate_3,5,0.028000000000000004
162,candidate_5,candidate_2,candidate_4,candidate_1,candidate_3,5,0.028000000000000004
163,candidate_5,candidate_2,candidate_4,candidate_1,candidate_3,5,0.028000000000000004
164,candidate_5,candidate_2,candidate_4,candidate_1,candidate_3,5,0.028000000000000004
165,candidate_5,candidate_2,candidate_4,candidate_1,candidate_3,5,0.028000000000000004
166,candidate_5,candidate_2,candidate_4,candidate_1,candidate_3,5,0.028000000000000004
167,candidate_5,candidate_2,candidate_4,candidate_1,candidate_3,5,0.028000000000000004
168,candidate_5,candidate_2,0,candidate_1,candidate_3,5,0.028000000000000004
169,candidate_5,candidate_2,candidate_4,candidate_1,candidate_3,5,0.028000000000000004
170,candidate_5,candidate_2,candidate_4,candidate_1,candidate_3,5,0.028000000000000004
171,candidate_5,candidate_2,candidate_4,candidate_1,candidate_3,5,0.028000000000000004
172,candidate_5,candidate_2,candidate_4,candidate_1,candidate_3,5,0.028000000000000004
173,candidate_5,candidate_2,candidate_4,candidate_1,candidate_3,5,0.028000000000000004
174,candidate_5,candidate_2,candidate_4,candidate_1,candidate_3,5,0.028000000000000004
175,candidate_5,candidate_2,0,candidate_1,candidate_3,5,0.028000000000000004
176,candidate_5,candidate_2,candidate_4,candidate_1,candidate_3,5,0.028000000000000004
177,candidate_5,candidate_2,candidate_4,candidate_1,candidate_3,5,0.028000000000000004
178,candidate_5,candidate_2,candidate_4,candidate_1,candidate_3,5,0.028000000000000004
179,candidate_5,candidate_2,candidate_4,candidate_1,candidate_3,5,0.028000000000000004
180,candidate_5,candidate_2,candidate_4,candidate_1,candidate_3,5,0.028000000000000004
181,candidate_5,candidate_2,candidate_4,candidate_1,candidate_3,5,0.028000000000000004
182,candidate_5,candidate_2,candidate_4,candidate_1,candidate_3,5,0.028000000000000004
183,candidate_5,candidate_2,candidate_4,candidate_1,candidate_3,5,0.028000000000000004
184,candidate_5,candidate_2,candidate_4,candidate_1,candidate_3,5,0.028000000000000004
185,candidate_5,candidate_2,candidate_4,candidate_1,candidate_3,5,0.028000000000000004
186,candidate_5,candidate_2,candidate_4,candidate_1,candidate_3,5,0.028000000000000004
187,candidate_5,candidate_2,candidate_4,candidate_1,candidate_3,5,0.028000000000000004
188,candidate_5,candidate_2,candidate_4,candidate_1,candidate_3,5,0.028000000000000004
189,candidate_5,candidate_2,candidate_4,candidate_1,candidate_3,5,0.028000000000000004
190,candidate_5,candidate_2,candidate_4,0,candidate_3,5,0.028000000000000004
191,candidate_5,0,candidate_4,candidate_1,candidate_3,5,0.028000000000000004
192,candidate_5,candidate_2,candidate_4,candidate_1,candidate_3,5,0.028000000000000004
193,candidate_5,candidate_2,candidate_4,candidate_1,candidate_3,5,0.028000000000000004
194,candidate_5,candidate_2,candidate_4,candidate_1,candidate_3,5,0.028000000000000004
195,candidate_5,candidate_2,candidate_4,candidate_1,candidate_3,5,0.028000000000000004
196,candidate_5,candidate_2,candidate_4,candidate_1,candidate_3,5,0.028000000000000004
197,candidate_5,candidate_2,candidate_4,candidate_1,candidate_3,5,0.028000000000000004
198,candidate_5,candidate_2,candidate_4,candidate_1,candidate_3,5,0.028000000000000004
199,candidate_5,candidate_2,candidate_4,candidate_1,candidate_3,5,0.028000000000000004
200,candidate_5,candidate_2,0,candidate_1,candidate_3,5,0.028000000000000004
201,candidate_5,candidate_2,candidate_4,candidate_1,candidate_3,5,0.028000000000000004
202,candidate_5,candidate_2,candidate_4,candidate_1,candidate_3,5,0.028000000000000004
203,candidate_5,candidate_2,candidate_4,0,candidate_3,5,0.028000000000000004
204,candidate_5,candidate_2,candidate_4,candidate_1,candidate_3,5,0.028000000000000004
205,candidate_5,candidate_2,candidate_4,candidate_1,candidate_3,5,0.028000000000000004
206,candidate_5,candidate_2,candidate_4,candidate_1,candidate_3,5,0.028000000000000004
207,candidate_5,candidate_2,0,candidate_1,candidate_3,5,0.028000000000000004
208,candidate_5,candidate_2,candidate_4,candidate_1,candidate_3,5,0.028000000000000004
209,candidate_5,candidate_2,candidate_4,candidate_1,candidate_3,5,0.028000000000000004
210,candidate_5,candidate_2,candidate_4,candidate_1,candidate_3,5,0.028000000000000004
211,candidate_5,candidate_2,0,candidate_1,candidate_3,5,0.028000000000000004
212,candidate_5,candidate_2,candidate_4,candidate_1,candidate_3,5,0.028000000000000004
213,candidate_5,candidate_2,candidate_4,candidate_1,candidate_3,5,0.028000000000000004
214,candidate_5,candidate_2,candidate_4,candidate_1,candidate_3,5,0.028000000000000004
215,candidate_5,candidate_2,0,candidate_1,candidate_3,5,0.028000000000000004
216,candidate_5,candidate_2,candidate_4,candidate_1,candidate_3,5,0.028000000000000004
217,candidate_5,candidate_2,candidate_4,candidate_1,candidate_3,5,0.028000000000000004
218,candidate_5,candidate_2,candidate_4,candidate_1,candidate_3,5,0.028000000000000004
219,candidate_5,candidate_2,candidate_4,candidate_1,candidate_3,5,0.028000000000000004
220,candidate_5,candidate_2,candidate_4,candidate_1,candidate_3,5,0.028000000000000004
221,candidate_5,candidate_2,candidate_4,candidate_1,candidate_3,5,0.028000000000000004
222,candidate_5,candidate_2,candidate_4,candidate_1,candidate_3,5,0.028000000000000004
223,candidate_5,candidate_2,candidate_4,candidate_1,candidate_3,5,0.028000000000000004
224,candidate_5,candidate_2,candidate_4,candidate_1,candidate_3,5,0.028000000000000004
225,candidate_5,candidate_2,candidate_4,candidate_1,candidate_3,5,0.028000000000000004
226,candidate_5,candidate_2,candidate_4,candidate_1,candidate_3,5,0.028000000000000004
227,candidate_5,candidate_2,candidate_4,candidate_1,candidate_3,5,0.028000000000000004
228,candidate_5,candidate_2,candidate_4,candidate_1,candidate_3,5,0.028000000000000004
229,candidate_5,candidate_2,candidate_4,candidate_1,candidate_3,5,0.028000000000000004
230,candidate_5,candidate_2,candidate_4,candidate_1,0,5,0.028000000000000004
231,candidate_5,candidate_2,candidate_4,candidate_1,candidate_3,5,0.028000000000000004
232,candidate_5,candidate_2,candidate_4,candidate_1,candidate_3,5,0.028000000000000004
233,candidate_5,candidate_2,candidate_4,0,candidate_3,5,0.028000000000000004
234,candidate_5,candidate_2,candidate_4,candidate_1,candidate_3,5,0.028000000000000004
235,candidate_5,candidate_2,candidate_4,candidate_1,candidate_3,5,0.028000000000000004
236,candidate_5,candidate_2,candidate_4,candidate_1,candidate_3,5,0.028000000000000004
237,candidate_5,candidate_2,candidate_4,candidate_1,candidate_3,5,0.028000000000000004
238,candidate_5,candidate_2,candidate_4,candidate_1,candidate_3,5,0.028000000000000004
239,candidate_5,candidate_2,candidate_4,candidate_1,candidate_3,5,0.028000000000000004
240,candidate_5,candidate_2,candidate_4,candidate_1,candidate_3,5,0.028000000000000004
241,candidate_5,candidate_2,candidate_4,candidate_1,candidate_3,5,0.028000000000000004
242,candidate_5,candidate_2,candidate_4,candidate_1,candidate_3,5,0.028000000000000004
243,candidate_5,candidate_2,candidate_4,candidate_1,candidate_3,5,0.028000000000000004
244,candidate_5,candidate_2,candidate_4,candidate_1,candidate_3,5,0.028000000000000004
245,candidate_5,candidate_2,candidate_4,candidate_1,candidate_3,5,0.028000000000000004
246,candidate_5,candidate_2,candidate_4,candidate_1,candidate_3,5,0.028000000000000004
247,candidate_5,candidate_2,candidate_4,candidate_1,candidate_3,5,0.028000000000000004
248,candidate_5,0,candidate_4,candidate_1,0,5,0.028000000000000004
249,candidate_5,candidate_2,candidate_4,candidate_1,candidate_3,5,0.028000000000000004
250,candidate_5,candidate_2,candidate_4,candidate_1,candidate_3,5,0.028000000000000004
251,candidate_5,candidate_2,candidate_4,candidate_1,candidate_3,5,0.028000000000000004
252,candidate_5,candidate_2,candidate_4,candidate_1,candidate_3,5,0.028000000000000004
253,candidate_5,candidate_2,candidate_4,candidate_1,candidate_3,5,0.028000000000000004
254,candidate_5,candidate_2,candidate_4,0,candidate_3,5,0.028000000000000004
255,candidate_5,candidate_2,candidate_4,candidate_1,candidate_3,5,0.028000000000000004
256,candidate_5,candidate_2,candidate_4,candidate_1,0,5,0.028000000000000004
257,candidate_5,candidate_2,candidate_4,candidate_1,candidate_3,5,0.028000000000000004
258,candidate_5,candidate_2,candidate_4,candidate_1,candidate_3,5,0.028000000000000004
259,candidate_5,candidate_2,candidate_4,candidate_1,candidate_3,5,0.028000000000000004
260,candidate_5,candidate_2,candidate_4,candidate_1,candidate_3,5,0.028000000000000004
261,candidate_5,candidate_2,candidate_4,candidate_1,candidate_3,5,0.028000000000000004
262,candidate_5,candidate_2,candidate_4,candidate_1,0,5,0.028000000000000004
263,candidate_5,candidate_2,candidate_4,0,candidate_3,5,0.028000000000000004
264,candidate_5,0,candidate_4,candidate_1,candidate_3,5,0.028000000000000004
265,candidate_5,candidate_2,candidate_4,candidate_1,candidate_3,5,0.028000000000000004
266,candidate_5,candidate_2,candidate_4,candidate_1,candidate_3,5,0.028000000000000004
267,candidate_5,candidate_2,candidate_4,candidate_1,candidate_3,5,0.028000000000000004
268,candidate_5,candidate_2,0,candidate_1,candidate_3,5,0.028000000000000004
269,candidate_5,candidate_2,candidate_4,0,candidate_3,5,0.028000000000000004
270,candidate_5,candidate_2,candidate_4,candidate_1,candidate_3,5,0.028000000000000004
271,candidate_5,candidate_2,candidate_4,candidate_1,candidate_3,5,0.028000000000000004
272,candidate_5,candidate_2,candidate_4,candidate_1,candidate_3,5,0.028000000000000004
273,candidate_5,candidate_2,candidate_4,candidate_1,candidate_3,5,0.028000000000000004
274,candidate_5,candidate_2,candidate_4,candidate_1,candidate_3,5,0.028000000000000004
275,candidate_5,candidate_2,candidate_4,candidate_1,candidate_3,5,0.028000000000000004
276,candidate_5,candidate_2,candidate_4,candidate_1,candidate_3,5,0.028000000000000004
277,candidate_5,candidate_2,candidate_4,candidate_1,candidate_3,5,0.028000000000000004
278,candidate_5,candidate_2,candidate_4,candidate_1,candidate_3,5,0.028000000000000004
279,candidate_5,candidate_2,candidate_4,candidate_1,candidate_3,5,0.028000000000000004
280,candidate_5,candidate_2,candidate_4,candidate_1,candidate_3,5,0.028000000000000004
281,candidate_5,candidate_2,candidate_4,candidate_1,candidate_3,5,0.028000000000000004
282,candidate_5,candidate_2,candidate_4,candidate_1,candidate_3,5,0.028000000000000004
283,candidate_5,candidate_2,candidate_4,candidate_1,candidate_3,5,0.028000000000000004
284,candidate_5,candidate_2,candidate_4,candidate_1,candidate_3,5,0.028000000000000004
285,candidate_5,candidate_2,candidate_4,candidate_1,candidate_3,5,0.028000000000000004
286,candidate_5,candidate_2,candidate_4,candidate_1,candidate_3,5,0.028000000000000004
287,candidate_5,candidate_2,candidate_4,candidate_1,candidate_3,5,0.028000000000000004
288,candidate_5,candidate_2,candidate_4,candidate_1,candidate_3,5,0.028000000000000004
289,0,candidate_2,candidate_4,candidate_1,candidate_3,5,0.028000000000000004
290,candidate_5,candidate_2,candidate_4,candidate_1,candidate_3,5,0.028000000000000004
291,candidate_5,candidate_2,candidate_4,candidate_1,candidate_3,5,0.028000000000000004
292,candidate_5,candidate_2,candidate_4,0,candidate_3,5,0.028000000000000004
293,candidate_5,candidate_2,candidate_4,candidate_1,candidate_3,5,0.028000000000000004
294,candidate_5,candidate_2,candidate_4,candidate_1,candidate_3,5,0.028000000000000004
295,candidate_5,candidate_2,candidate_4,candidate_1,candidate_3,5,0.028000000000000004
296,candidate_5,candidate_2,candidate_4,candidate_1,candidate_3,5,0.028000000000000004
297,candidate_5,candidate_2,candidate_4,candidate_1,candidate_3,5,0.028000000000000004
298,candidate_5,candidate_2,candidate_4,candidate_1,candidate_3,5,0.028000000000000004
299,candidate_5,candidate_2,candidate_4,candidate_1,candidate_3,5,0.028000000000000004
300,candidate_5,candidate_2,candidate_4,candidate_1,candidate_3,5,0.028000000000000004
301,candidate_5,candidate_2,candidate_4,0,candidate_3,5,0.028000000000000004
302,candidate_5,candidate_2,candidate_4,candidate_1,candidate_3,5,0.028000000000000004
303,candidate_5,candidate_2,candidate_4,candidate_1,candidate_3,5,0.028000000000000004
304,candidate_5,candidate_2,candidate_4,candidate_1,candidate_3,5,0.028000000000000004
305,candidate_5,candidate_2,candidate_4,candidate_1,candidate_3,5,0.028000000000000004
306,candidate_5,candidate_2,candidate_4,candidate_1,candidate_3,5,0.028000000000000004
307,candidate_5,candidate_2,candidate_4,candidate_1,candidate_3,5,0.028000000000000004
308,candidate_5,candidate_2,candidate_4,candidate_1,candidate_3,5,0.028000000000000004
309,candidate_5,candidate_2,candidate_4,candidate_1,candidate_3,5,0.028000000000000004
310,candidate_5,candidate_2,candidate_4,candidate_1,candidate_3,5,0.028000000000000004
311,candidate_5,candidate_2,candidate_4,candidate_1,candidate_3,5,0.028000000000000004
312,candidate_5,candidate_2,candidate_4,candidate_1,candidate_3,5,0.028000000000000004
313,candidate_5,candidate_2,candidate_4,candidate_1,candidate_3,5,0.028000000000000004
314,candidate_5,candidate_2,candidate_4,candidate_1,candidate_3,5,0.028000000000000004
315,candidate_5,candidate_2,candidate_4,candidate_1,candidate_3,5,0.028000000000000004
316,candidate_5,candidate_2,candidate_4,candidate_1,candidate_3,5,0.028000000000000004
317,candidate_5,candidate_2,candidate_4,candidate_1,candidate_3,5,0.028000000000000004
318,candidate_5,candidate_2,candidate_4,candidate_1,candidate_3,5,0.028000000000000004
319,0,candidate_2,candidate_4,candidate_1,candidate_3,5,0.028000000000000004
320,candidate_5,candidate_2,candidate_4,candidate_1,candidate_3,5,0.028000000000000004
321,candidate_5,candidate_2,candidate_4,candidate_1,candidate_3,5,0.028000000000000004
322,candidate_5,candidate_2,candidate_4,candidate_1,candidate_3,5,0.028000000000000004
323,candidate_5,candidate_2,candidate_4,candidate_1,candidate_3,5,0.028000000000000004
324,candidate_5,candidate_2,candidate_4,candidate_1,candidate_3,5,0.028000000000000004
325,candidate_5,candidate_2,candidate_4,candidate_1,candidate_3,5,0.028000000000000004
326,candidate_5,candidate_2,candidate_4,candidate_1,candidate_3,5,0.028000000000000004
327,candidate_5,candidate_2,candidate_4,candidate_1,candidate_3,5,0.028000000000000004
328,candidate_5,candidate_2,candidate_4,candidate_1,candidate_3,5,0.028000000000000004
329,candidate_5,candidate_2,candidate_4,candidate_1,candidate_3,5,0.028000000000000004
330,candidate_5,candidate_2,candidate_4,candidate_1,candidate_3,5,0.028000000000000004
331,candidate_5,candidate_2,candidate_4,candidate_1,candidate_3,5,0.028000000000000004
332,candidate_5,candidate_2,candidate_4,candidate_1,candidate_3,5,0.028000000000000004
333,candidate_5,candidate_2,candidate_4,candidate_1,candidate_3,5,0.028000000000000004
334,candidate_5,candidate_2,candidate_4,candidate_1,candidate_3,5,0.028000000000000004
335,candidate_5,candidate_2,candidate_4,candidate_1,candidate_3,5,0.028000000000000004
336,candidate_5,candidate_2,candidate_4,candidate_1,0,5,0.028000000000000004
337,candidate_5,candidate_2,candidate_4,candidate_1,candidate_3,5,0.028000000000000004
338,candidate_5,candidate_2,candidate_4,candidate_1,candidate_3,5,0.028000000000000004
339,candidate_5,candidate_2,candidate_4,candidate_1,candidate_3,5,0.028000000000000004
340,candidate_5,candidate_2,candidate_4,candidate_1,candidate_3,5,0.028000000000000004
341,candidate_5,candidate_2,candidate_4,candidate_1,candidate_3,5,0.028000000000000004
342,candidate_5,candidate_2,candidate_4,candidate_1,candidate_3,5,0.028000000000000004
343,candidate_5,candidate_2,candidate_4,candidate_1,candidate_3,5,0.028000000000000004
344,candidate_5,candidate_2,candidate_4,candidate_1,candidate_3,5,0.028000000000000004
345,candidate_5,candidate_2,candidate_4,candidate_1,candidate_3,5,0.028000000000000004
346,candidate_5,candidate_2,candidate_4,candidate_1,candidate_3,5,0.028000000000000004
347,candidate_5,candidate_2,candidate_4,candidate_1,candidate_3,5,0.028000000000000004
348,candidate_5,candidate_2,0,candidate_1,candidate_3,5,0.028000000000000004
349,candidate_5,candidate_2,candidate_4,candidate_1,candidate_3,5,0.028000000000000004
350,candidate_5,candidate_2,candidate_4,candidate_1,candidate_3,5,0.028000000000000004
351,candidate_5,0,candidate_4,candidate_1,candidate_3,5,0.028000000000000004
352,candidate_5,0,candidate_4,candidate_1,candidate_3,5,0.028000000000000004
353,candidate_5,candidate_2,0,candidate_1,candidate_3,5,0.028000000000000004
354,candidate_5,candidate_2,candidate_4,candidate_1,candidate_3,5,0.028000000000000004
355,candidate_5,candidate_2,candidate_4,candidate_1,0,5,0.028000000000000004
356,candidate_5,candidate_2,candidate_4,candidate_1,candidate_3,5,0.028000000000000004
0,candidate_5,candidate_2,candidate_4,candidate_3,candidate_1,5,0.028000000000000004
1,candidate_5,candidate_2,candidate_4,candidate_3,candidate_1,5,0.028000000000000004
2,candidate_5,candidate_2,candidate_4,candidate_3,candidate_1,5,0.028000000000000004
3,candidate_5,candidate_2,candidate_4,candidate_3,candidate_1,5,0.028000000000000004
4,candidate_5,candidate_2,candidate_4,candidate_3,candidate_1,5,0.028000000000000004
5,candidate_5,candidate_2,candidate_4,candidate_3,candidate_1,5,0.028000000000000004
6,candidate_5,candidate_2,candidate_4,candidate_3,candidate_1,5,0.028000000000000004
7,candidate_5,candidate_2,candidate_4,candidate_3,candidate_1,5,0.028000000000000004
8,candidate_5,candidate_2,candidate_4,candidate_3,candidate_1,5,0.028000000000000004
9,candidate_5,candidate_2,candidate_4,candidate_3,candidate_1,5,0.028000000000000004
10,candidate_5,candidate_2,candidate_4,candidate_3,candidate_1,5,0.028000000000000004
11,candidate_5,candidate_2,candidate_4,candidate_3,candidate_1,5,0.028000000000000004
12,candidate_5,candidate_2,candidate_4,candidate_3,candidate_1,5,0.028000000000000004
13,candidate_5,candidate_2,0,candidate_3,candidate_1,5,0.028000000000000004
14,candidate_5,candidate_2,candidate_4,candidate_3,candidate_1,5,0.028000000000000004
15,candidate_5,candidate_2,candidate_4,candidate_3,candidate_1,5,0.028000000000000004
16,candidate_5,candidate_2,candidate_4,candidate_3,candidate_1,5,0.028000000000000004
17,candidate_5,candidate_2,candidate_4,candidate_3,candidate_1,5,0.028000000000000004
18,candidate_5,candidate_2,candidate_4,candidate_3,candidate_1,5,0.028000000000000004
19,candidate_5,candidate_2,candidate_4,candidate_3,candidate_1,5,0.028000000000000004
20,candidate_5,candidate_2,candidate_4,candidate_3,candidate_1,5,0.028000000000000004
21,candidate_5,candidate_2,candidate_4,candidate_3,candidate_1,5,0.028000000000000004
22,candidate_5,candidate_2,candidate_4,candidate_3,candidate_1,5,0.028000000000000004
23,candidate_5,candidate_2,candidate_4,candidate_3,candidate_1,5,0.028000000000000004
24,candidate_5,candidate_2,candidate_4,candidate_3,candidate_1,5,0.028000000000000004
25,candidate_5,candidate_2,candidate_4,candidate_3,candidate_1,5,0.028000000000000004
26,candidate_5,candidate_2,candidate_4,0,candidate_1,5,0.028000000000000004
27,candidate_5,candidate_2,candidate_4,candidate_3,candidate_1,5,0.028000000000000004
28,candidate_5,candidate_2,candidate_4,candidate_3,candidate_1,5,0.028000000000000004
29,candidate_5,candidate_2,candidate_4,candidate_3,candidate_1,5,0.028000000000000004
30,candidate_5,candidate_2,candidate_4,candidate_3,candidate_1,5,0.028000000000000004
31,candidate_5,candidate_2,candidate_4,candidate_3,candidate_1,5,0.028000000000000004
32,candidate_5,candidate_2,candidate_4,candidate_3,candidate_1,5,0.028000000000000004
33,candidate_5,candidate_2,candidate_4,candidate_3,candidate_1,5,0.028000000000000004
34,candidate_5,candidate_2,candidate_4,candidate_3,candidate_1,5,0.028000000000000004
35,candidate_5,candidate_2,candidate_4,candidate_3,candidate_1,5,0.028000000000000004
36,candidate_5,candidate_2,candidate_4,candidate_3,candidate_1,5,0.028000000000000004
37,candidate_5,candidate_2,candidate_4,candidate_3,candidate_1,5,0.028000000000000004
38,candidate_5,candidate_2,candidate_4,candidate_3,candidate_1,5,0.028000000000000004
39,candidate_5,candidate_2,candidate_4,candidate_3,candidate_1,5,0.028000000000000004
40,candidate_5,candidate_2,candidate_4,candidate_3,candidate_1,5,0.028000000000000004
41,candidate_5,candidate_2,candidate_4,candidate_3,candidate_1,5,0.028000000000000004
42,candidate_5,candidate_2,candidate_4,candidate_3,candidate_1,5,0.028000000000000004
43,candidate_5,candidate_2,candidate_4,candidate_3,0,5,0.028000000000000004
44,candidate_5,candidate_2,candidate_4,candidate_3,candidate_1,5,0.028000000000000004
45,candidate_5,0,candidate_4,candidate_3,candidate_1,5,0.028000000000000004
46,candidate_5,candidate_2,0,candidate_3,candidate_1,5,0.028000000000000004
47,candidate_5,candidate_2,candidate_4,candidate_3,candidate_1,5,0.028000000000000004
48,candidate_5,candidate_2,candidate_4,candidate_3,candidate_1,5,0.028000000000000004
49,candidate_5,candidate_2,candidate_4,candidate_3,candidate_1,5,0.028000000000000004
50,0,candidate_2,candidate_4,candidate_3,candidate_1,5,0.028000000000000004
51,candidate_5,0,candidate_4,candidate_3,candidate_1,5,0.028000000000000004
52,candidate_5,candidate_2,candidate_4,candidate_3,candidate_1,5,0.028000000000000004
53,candidate_5,candidate_2,candidate_4,candidate_3,candidate_1,5,0.028000000000000004
54,candidate_5,candidate_2,candidate_4,candidate_3,candidate_1,5,0.028000000000000004
55,candidate_5,candidate_2,candidate_4,candidate_3,candidate_1,5,0.028000000000000004
56,candidate_5,candidate_2,candidate_4,candidate_3,candidate_1,5,0.028000000000000004
57,candidate_5,candidate_2,candidate_4,candidate_3,candidate_1,5,0.028000000000000004
58,candidate_5,candidate_2,candidate_4,0,candidate_1,5,0.028000000000000004
59,candidate_5,candidate_2,candidate_4,candidate_3,candidate_1,5,0.028000000000000004
60,candidate_5,candidate_2,candidate_4,candidate_3,candidate_1,5,0.028000000000000004
61,candidate_5,candidate_2,candidate_4,0,candidate_1,5,0.028000000000000004
62,candidate_5,candidate_2,candidate_4,candidate_3,candidate_1,5,0.028000000000000004
63,candidate_5,candidate_2,candidate_4,candidate_3,candidate_1,5,0.028000000000000004
64,candidate_5,candidate_2,candidate_4,candidate_3,candidate_1,5,0.028000000000000004
65,candidate_5,candidate_2,candidate_4,candidate_3,candidate_1,5,0.028000000000000004
66,candidate_5,candidate_2,candidate_4,candidate_3,candidate_1,5,0.028000000000000004
67,candidate_5,candidate_2,candidate_4,candidate_3,candidate_1,5,0.028000000000000004
68,candidate_5,candidate_2,candidate_4,candidate_3,candidate_1,5,0.028000000000000004
69,candidate_5,candidate_2,candidate_4,candidate_3,candidate_1,5,0.028000000000000004
70,candidate_5,candidate_2,candidate_4,candidate_3,candidate_1,5,0.028000000000000004
71,candidate_5,candidate_2,candidate_4,candidate_3,candidate_1,5,0.028000000000000004
72,candidate_5,candidate_2,candidate_4,candidate_3,candidate_1,5,0.028000000000000004
73,candidate_5,candidate_2,candidate_4,candidate_3,candidate_1,5,0.028000000000000004
74,candidate_5,candidate_2,candidate_4,candidate_3,candidate_1,5,0.028000000000000004
75,candidate_5,candidate_2,candidate_4,candidate_3,candidate_1,5,0.028000000000000004
76,candidate_5,0,candidate_4,candidate_3,candidate_1,5,0.028000000000000004
77,candidate_5,candidate_2,0,candidate_3,candidate_1,5,0.028000000000000004
78,candidate_5,candidate_2,candidate_4,candidate_3,candidate_1,5,0.028000000000000004
79,candidate_5,candidate_2,candidate_4,candidate_3,candidate_1,5,0.028000000000000004
80,candidate_5,candidate_2,candidate_4,candidate_3,candidate_1,5,0.028000000000000004
81,candidate_5,candidate_2,0,candidate_3,candidate_1,5,0.028000000000000004
82,candidate_5,candidate_2,candidate_4,candidate_3,candidate_1,5,0.028000000000000004
83,candidate_5,candidate_2,0,candidate_3,candidate_1,5,0.028000000000000004
84,candidate_5,candidate_2,candidate_4,candidate_3,candidate_1,5,0.028000000000000004
85,candidate_5,candidate_2,candidate_4,candidate_3,candidate_1,5,0.028000000000000004
86,candidate_5,0,candidate_4,candidate_3,candidate_1,5,0.028000000000000004
87,candidate_5,candidate_2,candidate_4,candidate_3,candidate_1,5,0.028000000000000004
88,candidate_5,candidate_2,candidate_4,candidate_3,candidate_1,5,0.028000000000000004
89,candidate_5,candidate_2,candidate_4,candidate_3,candidate_1,5,0.028000000000000004
90,candidate_5,candidate_2,candidate_4,candidate_3,candidate_1,5,0.028000000000000004
91,candidate_5,candidate_2,candidate_4,candidate_3,candidate_1,5,0.028000000000000004
92,candidate_5,candidate_2,candidate_4,candidate_3,candidate_1,5,0.028000000000000004
93,candidate_5,candidate_2,candidate_4,candidate_3,candidate_1,5,0.028000000000000004
94,candidate_5,candidate_2,candidate_4,candidate_3,candidate_1,5,0.028000000000000004
95,candidate_5,candidate_2,candidate_4,candidate_3,candidate_1,5,0.028000000000000004
96,candidate_5,candidate_2,candidate_4,candidate_3,candidate_1,5,0.028000000000000004
97,candidate_5,candidate_2,candidate_4,candidate_3,candidate_1,5,0.028000000000000004
98,candidate_5,candidate_2,candidate_4,candidate_3,candidate_1,5,0.028000000000000004
99,candidate_5,candidate_2,candidate_4,candidate_3,candidate_1,5,0.028000000000000004
100,candidate_5,candidate_2,candidate_4,candidate_3,candidate_1,5,0.028000000000000004
101,candidate_5,candidate_2,candidate_4,candidate_3,candidate_1,5,0.028000000000000004
102,candidate_5,candidate_2,candidate_4,candidate_3,candidate_1,5,0.028000000000000004
103,candidate_5,candidate_2,candidate_4,candidate_3,candidate_1,5,0.028000000000000004
104,candidate_5,candidate_2,candidate_4,candidate_3,candidate_1,5,0.028000000000000004
105,candidate_5,candidate_2,candidate_4,candidate_3,candidate_1,5,0.028000000000000004
106,candidate_5,0,candidate_4,candidate_3,candidate_1,5,0.028000000000000004
107,candidate_5,candidate_2,candidate_4,candidate_3,candidate_1,5,0.028000000000000004
108,candidate_5,candidate_2,candidate_4,candidate_3,candidate_1,5,0.028000000000000004
109,candidate_5,candidate_2,candidate_4,candidate_3,candidate_1,5,0.028000000000000004
110,candidate_5,candidate_2,candidate_4,candidate_3,candidate_1,5,0.028000000000000004
111,candidate_5,candidate_2,candidate_4,candidate_3,candidate_1,5,0.028000000000000004
112,candidate_5,candidate_2,candidate_4,candidate_3,candidate_1,5,0.028000000000000004
113,candidate_5,candidate_2,candidate_4,candidate_3,candidate_1,5,0.028000000000000004
114,candidate_5,candidate_2,candidate_4,candidate_3,candidate_1,5,0.028000000000000004
115,candidate_5,candidate_2,candidate_4,candidate_3,candidate_1,5,0.028000000000000004
116,candidate_5,candidate_2,candidate_4,candidate_3,candidate_1,5,0.028000000000000004
117,candidate_5,candidate_2,candidate_4,candidate_3,candidate_1,5,0.028000000000000004
118,candidate_5,candidate_2,candidate_4,candidate_3,candidate_1,5,0.028000000000000004
119,candidate_5,candidate_2,candidate_4,candidate_3,candidate_1,5,0.028000000000000004
120,candidate_5,candidate_2,candidate_4,candidate_3,candidate_1,5,0.028000000000000004
121,candidate_5,candidate_2,candidate_4,candidate_3,candidate_1,5,0.028000000000000004
122,candidate_5,candidate_2,candidate_4,candidate_3,candidate_1,5,0.028000000000000004
123,candidate_5,candidate_2,candidate_4,candidate_3,candidate_1,5,0.028000000000000004
124,candidate_5,candidate_2,candidate_4,candidate_3,candidate_1,5,0.028000000000000004
125,candidate_5,candidate_2,candidate_4,candidate_3,candidate_1,5,0.028000000000000004
126,candidate_5,candidate_2,candidate_4,candidate_3,candidate_1,5,0.028000000000000004
127,candidate_5,candidate_2,candidate_4,candidate_3,candidate_1,5,0.028000000000000004
128,candidate_5,candidate_2,candidate_4,candidate_3,candidate_1,5,0.028000000000000004
129,candidate_5,candidate_2,candidate_4,candidate_3,candidate_1,5,0.028000000000000004
130,0,candidate_2,candidate_4,candidate_3,candidate_1,5,0.028000000000000004
131,candidate_5,candidate_2,candidate_4,candidate_3,candidate_1,5,0.028000000000000004
132,candidate_5,candidate_2,candidate_4,candidate_3,candidate_1,5,0.028000000000000004
133,candidate_5,candidate_2,candidate_4,candidate_3,candidate_1,5,0.028000000000000004
134,candidate_5,candidate_2,candidate_4,candidate_3,candidate_1,5,0.028000000000000004
135,candidate_5,candidate_2,candidate_4,candidate_3,candidate_1,5,0.028000000000000004
136,candidate_5,candidate_2,candidate_4,candidate_3,candidate_1,5,0.028000000000000004
137,0,candidate_2,candidate_4,candidate_3,candidate_1,5,0.028000000000000004
138,candidate_5,candidate_2,candidate_4,candidate_3,candidate_1,5,0.028000000000000004
139,candidate_5,candidate_2,candidate_4,candidate_3,candidate_1,5,0.028000000000000004
140,candidate_5,candidate_2,candidate_4,candidate_3,candidate_1,5,0.028000000000000004
141,candidate_5,candidate_2,candidate_4,candidate_3,candidate_1,5,0.028000000000000004
142,candidate_5,candidate_2,candidate_4,candidate_3,candidate_1,5,0.028000000000000004
143,candidate_5,candidate_2,candidate_4,candidate_3,candidate_1,5,0.028000000000000004
144,candidate_5,candidate_2,candidate_4,candidate_3,candidate_1,5,0.028000000000000004
145,0,candidate_2,candidate_4,candidate_3,candidate_1,5,0.028000000000000004
146,candidate_5,candidate_2,candidate_4,candidate_3,candidate_1,5,0.028000000000000004
147,candidate_5,candidate_2,candidate_4,candidate_3,candidate_1,5,0.028000000000000004
148,candidate_5,candidate_2,candidate_4,candidate_3,candidate_1,5,0.028000000000000004
149,candidate_5,candidate_2,candidate_4,candidate_3,candidate_1,5,0.028000000000000004
150,candidate_5,candidate_2,candidate_4,candidate_3,candidate_1,5,0.028000000000000004
151,candidate_5,candidate_2,candidate_4,candidate_3,candidate_1,5,0.028000000000000004
152,candidate_5,candidate_2,candidate_4,candidate_3,candidate_1,5,0.028000000000000004
153,candidate_5,candidate_2,candidate_4,candidate_3,candidate_1,5,0.028000000000000004
154,candidate_5,candidate_2,candidate_4,candidate_3,candidate_1,5,0.028000000000000004
155,candidate_5,candidate_2,candidate_4,candidate_3,candidate_1,5,0.028000000000000004
156,candidate_5,candidate_2,candidate_4,candidate_3,candidate_1,5,0.028000000000000004
157,candidate_5,candidate_2,candidate_4,candidate_3,candidate_1,5,0.028000000000000004
158,candidate_5,candidate_2,candidate_4,candidate_3,candidate_1,5,0.028000000000000004
159,candidate_5,candidate_2,candidate_4,candidate_3,candidate_1,5,0.028000000000000004
160,candidate_5,candidate_2,candidate_4,candidate_3,candidate_1,5,0.028000000000000004
161,candidate_5,candidate_2,candidate_4,candidate_3,candidate_1,5,0.028000000000000004
162,candidate_5,candidate_2,candidate_4,candidate_3,candidate_1,5,0.028000000000000004
163,candidate_5,candidate_2,candidate_4,candidate_3,candidate_1,5,0.028000000000000004
164,candidate_5,candidate_2,candidate_4,candidate_3,candidate_1,5,0.028000000000000004
165,candidate_5,candidate_2,candidate_4,candidate_3,candidate_1,5,0.028000000000000004
166,candidate_5,candidate_2,candidate_4,candidate_3,candidate_1,5,0.028000000000000004
167,candidate_5,candidate_2,candidate_4,candidate_3,candidate_1,5,0.028000000000000004
168,candidate_5,candidate_2,candidate_4,candidate_3,candidate_1,5,0.028000000000000004
169,candidate_5,candidate_2,candidate_4,0,candidate_1,5,0.028000000000000004
170,candidate_5,candidate_2,candidate_4,candidate_3,candidate_1,5,0.028000000000000004
171,candidate_5,candidate_2,candidate_4,candidate_3,candidate_1,5,0.028000000000000004
172,candidate_5,candidate_2,candidate_4,candidate_3,candidate_1,5,0.028000000000000004
173,candidate_5,candidate_2,0,candidate_3,candidate_1,5,0.028000000000000004
174,candidate_5,0,candidate_4,candidate_3,candidate_1,5,0.028000000000000004
175,candidate_5,candidate_2,candidate_4,candidate_3,candidate_1,5,0.028000000000000004
176,candidate_5,candidate_2,candidate_4,candidate_3,candidate_1,5,0.028000000000000004
177,candidate_5,candidate_2,candidate_4,candidate_3,candidate_1,5,0.028000000000000004
178,candidate_5,candidate_2,0,candidate_3,candidate_1,5,0.028000000000000004
179,candidate_5,candidate_2,candidate_4,candidate_3,candidate_1,5,0.028000000000000004
180,candidate_5,candidate_2,candidate_4,candidate_3,candidate_1,5,0.028000000000000004
181,0,candidate_2,candidate_4,candidate_3,candidate_1,5,0.028000000000000004
182,candidate_5,candidate_2,candidate_4,candidate_3,candidate_1,5,0.028000000000000004
183,candidate_5,candidate_2,candidate_4,candidate_3,candidate_1,5,0.028000000000000004
184,candidate_5,candidate_2,candidate_4,candidate_3,candidate_1,5,0.028000000000000004
185,candidate_5,candidate_2,candidate_4,candidate_3,candidate_1,5,0.028000000000000004
186,candidate_5,candidate_2,candidate_4,candidate_3,candidate_1,5,0.028000000000000004
187,candidate_5,candidate_2,candidate_4,candidate_3,candidate_1,5,0.028000000000000004
188,candidate_5,candidate_2,candidate_4,candidate_3,candidate_1,5,0.028000000000000004
189,candidate_5,candidate_2,candidate_4,candidate_3,candidate_1,5,0.028000000000000004
190,candidate_5,candidate_2,candidate_4,candidate_3,candidate_1,5,0.028000000000000004
191,candidate_5,candidate_2,candidate_4,candidate_3,candidate_1,5,0.028000000000000004
192,candidate_5,candidate_2,candidate_4,candidate_3,candidate_1,5,0.028000000000000004
193,candidate_5,candidate_2,candidate_4,candidate_3,candidate_1,5,0.028000000000000004
194,candidate_5,candidate_2,candidate_4,candidate_3,candidate_1,5,0.028000000000000004
195,candidate_5,candidate_2,candidate_4,candidate_3,candidate_1,5,0.028000000000000004
196,candidate_5,candidate_2,candidate_4,candidate_3,candidate_1,5,0.028000000000000004
197,candidate_5,candidate_2,candidate_4,candidate_3,candidate_1,5,0.028000000000000004
198,candidate_5,candidate_2,candidate_4,0,0,5,0.028000000000000004
199,candidate_5,candidate_2,0,candidate_3,candidate_1,5,0.028000000000000004
200,candidate_5,candidate_2,candidate_4,candidate_3,candidate_1,5,0.028000000000000004
201,candidate_5,candidate_2,candidate_4,candidate_3,candidate_1,5,0.028000000000000004
202,candidate_5,candidate_2,candidate_4,candidate_3,candidate_1,5,0.028000000000000004
203,candidate_5,candidate_2,candidate_4,candidate_3,candidate_1,5,0.028000000000000004
204,candidate_5,candidate_2,candidate_4,candidate_3,candidate_1,5,0.028000000000000004
205,candidate_5,candidate_2,candidate_4,candidate_3,candidate_1,5,0.028000000000000004
206,candidate_5,candidate_2,candidate_4,candidate_3,candidate_1,5,0.028000000000000004
207,candidate_5,candidate_2,candidate_4,candidate_3,candidate_1,5,0.028000000000000004
208,candidate_5,candidate_2,candidate_4,candidate_3,candidate_1,5,0.028000000000000004
209,candidate_5,candidate_2,candidate_4,candidate_3,candidate_1,5,0.028000000000000004
210,candidate_5,candidate_2,candidate_4,candidate_3,candidate_1,5,0.028000000000000004
211,candidate_5,candidate_2,candidate_4,candidate_3,candidate_1,5,0.028000000000000004
212,0,candidate_2,candidate_4,candidate_3,candidate_1,5,0.028000000000000004
213,candidate_5,candidate_2,candidate_4,candidate_3,candidate_1,5,0.028000000000000004
214,candidate_5,candidate_2,candidate_4,candidate_3,candidate_1,5,0.028000000000000004
215,candidate_5,candidate_2,candidate_4,candidate_3,candidate_1,5,0.028000000000000004
216,candidate_5,candidate_2,candidate_4,candidate_3,candidate_1,5,0.028000000000000004
217,candidate_5,candidate_2,candidate_4,candidate_3,candidate_1,5,0.028000000000000004
218,candidate_5,candidate_2,candidate_4,candidate_3,candidate_1,5,0.028000000000000004
219,candidate_5,candidate_2,candidate_4,candidate_3,candidate_1,5,0.028000000000000004
220,candidate_5,candidate_2,candidate_4,candidate_3,candidate_1,5,0.028000000000000004
221,candidate_5,candidate_2,candidate_4,candidate_3,candidate_1,5,0.028000000000000004
222,candidate_5,candidate_2,candidate_4,candidate_3,candidate_1,5,0.028000000000000004
223,candidate_5,candidate_2,candidate_4,candidate_3,candidate_1,5,0.028000000000000004
224,candidate_5,candidate_2,candidate_4,candidate_3,candidate_1,5,0.028000000000000004
225,candidate_5,candidate_2,candidate_4,candidate_3,0,5,0.028000000000000004
226,candidate_5,candidate_2,candidate_4,candidate_3,candidate_1,5,0.028000000000000004
227,candidate_5,candidate_2,candidate_4,candidate_3,candidate_1,5,0.028000000000000004
228,candidate_5,candidate_2,0,candidate_3,candidate_1,5,0.028000000000000004
229,candidate_5,candidate_2,candidate_4,candidate_3,candidate_1,5,0.028000000000000004
230,candidate_5,candidate_2,candidate_4,candidate_3,candidate_1,5,0.028000000000000004
231,candidate_5,candidate_2,candidate_4,candidate_3,candidate_1,5,0.028000000000000004
232,candidate_5,candidate_2,candidate_4,candidate_3,candidate_1,5,0.028000000000000004
233,candidate_5,candidate_2,candidate_4,candidate_3,candidate_1,5,0.028000000000000004
234,candidate_5,candidate_2,candidate_4,candidate_3,candidate_1,5,0.028000000000000004
235,candidate_5,candidate_2,candidate_4,candidate_3,candidate_1,5,0.028000000000000004
236,candidate_5,candidate_2,candidate_4,candidate_3,candidate_1,5,0.028000000000000004
237,candidate_5,candidate_2,candidate_4,candidate_3,candidate_1,5,0.028000000000000004
238,candidate_5,candidate_2,candidate_4,candidate_3,candidate_1,5,0.028000000000000004
239,candidate_5,candidate_2,candidate_4,candidate_3,candidate_1,5,0.028000000000000004
240,candidate_5,0,candidate_4,candidate_3,candidate_1,5,0.028000000000000004
241,candidate_5,candidate_2,candidate_4,0,candidate_1,5,0.028000000000000004
242,candidate_5,candidate_2,candidate_4,candidate_3,0,5,0.028000000000000004
243,candidate_5,candidate_2,candidate_4,candidate_3,candidate_1,5,0.028000000000000004
244,candidate_5,candidate_2,candidate_4,candidate_3,candidate_1,5,0.028000000000000004
245,candidate_5,candidate_2,candidate_4,candidate_3,candidate_1,5,0.028000000000000004
246,candidate_5,candidate_2,0,candidate_3,candidate_1,5,0.028000000000000004
247,candidate_5,candidate_2,candidate_4,candidate_3,candidate_1,5,0.028000000000000004
248,candidate_5,candidate_2,candidate_4,0,candidate_1,5,0.028000000000000004
249,candidate_5,candidate_2,candidate_4,candidate_3,candidate_1,5,0.028000000000000004
250,candidate_5,candidate_2,candidate_4,candidate_3,candidate_1,5,0.028000000000000004
251,candidate_5,candidate_2,candidate_4,candidate_3,candidate_1,5,0.028000000000000004
252,candidate_5,candidate_2,candidate_4,candidate_3,candidate_1,5,0.028000000000000004
253,candidate_5,candidate_2,candidate_4,candidate_3,candidate_1,5,0.028000000000000004
254,candidate_5,candidate_2,candidate_4,candidate_3,candidate_1,5,0.028000000000000004
255,candidate_5,candidate_2,candidate_4,candidate_3,candidate_1,5,0.028000000000000004
256,candidate_5,candidate_2,candidate_4,0,candidate_1,5,0.028000000000000004
257,candidate_5,candidate_2,candidate_4,candidate_3,0,5,0.028000000000000004
258,candidate_5,candidate_2,candidate_4,candidate_3,candidate_1,5,0.028000000000000004
259,0,candidate_2,candidate_4,candidate_3,candidate_1,5,0.028000000000000004
260,candidate_5,candidate_2,candidate_4,candidate_3,candidate_1,5,0.028000000000000004
261,candidate_5,candidate_2,candidate_4,candidate_3,candidate_1,5,0.028000000000000004
262,candidate_5,candidate_2,candidate_4,0,candidate_1,5,0.028000000000000004
263,candidate_5,candidate_2,candidate_4,candidate_3,candidate_1,5,0.028000000000000004
264,candidate_5,candidate_2,candidate_4,candidate_3,candidate_1,5,0.028000000000000004
265,candidate_5,candidate_2,candidate_4,candidate_3,candidate_1,5,0.028000000000000004
266,candidate_5,candidate_2,candidate_4,candidate_3,candidate_1,5,0.028000000000000004
267,candidate_5,candidate_2,candidate_4,candidate_3,candidate_1,5,0.028000000000000004
268,candidate_5,candidate_2,candidate_4,candidate_3,candidate_1,5,0.028000000000000004
269,candidate_5,candidate_2,candidate_4,0,candidate_1,5,0.028000000000000004
270,candidate_5,candidate_2,candidate_4,candidate_3,candidate_1,5,0.028000000000000004
271,candidate_5,candidate_2,candidate_4,candidate_3,candidate_1,5,0.028000000000000004
272,candidate_5,candidate_2,candidate_4,candidate_3,candidate_1,5,0.028000000000000004
273,candidate_5,candidate_2,candidate_4,candidate_3,candidate_1,5,0.028000000000000004
274,candidate_5,candidate_2,candidate_4,candidate_3,candidate_1,5,0.028000000000000004
275,candidate_5,candidate_2,candidate_4,candidate_3,0,5,0.028000000000000004
276,candidate_5,candidate_2,candidate_4,candidate_3,candidate_1,5,0.028000000000000004
277,candidate_5,candidate_2,candidate_4,candidate_3,candidate_1,5,0.028000000000000004
278,candidate_5,candidate_2,candidate_4,candidate_3,candidate_1,5,0.028000000000000004
279,candidate_5,candidate_2,candidate_4,0,candidate_1,5,0.028000000000000004
280,candidate_5,candidate_2,candidate_4,candidate_3,candidate_1,5,0.028000000000000004
281,candidate_5,candidate_2,candidate_4,candidate_3,candidate_1,5,0.028000000000000004
282,candidate_5,candidate_2,candidate_4,candidate_3,candidate_1,5,0.028000000000000004
283,candidate_5,candidate_2,candidate_4,candidate_3,candidate_1,5,0.028000000000000004
284,candidate_5,candidate_2,candidate_4,candidate_3,candidate_1,5,0.028000000000000004
285,candidate_5,candidate_2,candidate_4,candidate_3,candidate_1,5,0.028000000000000004
286,0,candidate_2,candidate_4,candidate_3,candidate_1,5,0.028000000000000004
287,0,candidate_2,candidate_4,candidate_3,candidate_1,5,0.028000000000000004
288,candidate_5,0,candidate_4,candidate_3,candidate_1,5,0.028000000000000004
289,candidate_5,candidate_2,candidate_4,candidate_3,candidate_1,5,0.028000000000000004
290,candidate_5,candidate_2,candidate_4,candidate_3,candidate_1,5,0.028000000000000004
291,candidate_5,candidate_2,candidate_4,candidate_3,candidate_1,5,0.028000000000000004
292,candidate_5,candidate_2,candidate_4,candidate_3,candidate_1,5,0.028000000000000004
293,candidate_5,candidate_2,candidate_4,candidate_3,candidate_1,5,0.028000000000000004
294,0,candidate_2,candidate_4,candidate_3,candidate_1,5,0.028000000000000004
295,candidate_5,0,candidate_4,candidate_3,candidate_1,5,0.028000000000000004
296,candidate_5,candidate_2,candidate_4,candidate_3,candidate_1,5,0.028000000000000004
297,candidate_5,candidate_2,candidate_4,candidate_3,candidate_1,5,0.028000000000000004
298,candidate_5,candidate_2,candidate_4,candidate_3,candidate_1,5,0.028000000000000004
299,candidate_5,0,0,candidate_3,candidate_1,5,0.028000000000000004
300,candidate_5,candidate_2,candidate_4,candidate_3,candidate_1,5,0.028000000000000004
301,candidate_5,candidate_2,candidate_4,candidate_3,candidate_1,5,0.028000000000000004
302,candidate_5,candidate_2,candidate_4,candidate_3,candidate_1,5,0.028000000000000004
303,0,candidate_2,0,candidate_3,candidate_1,5,0.028000000000000004
304,candidate_5,candidate_2,candidate_4,candidate_3,candidate_1,5,0.028000000000000004
305,candidate_5,candidate_2,candidate_4,candidate_3,candidate_1,5,0.028000000000000004
306,candidate_5,candidate_2,candidate_4,0,candidate_1,5,0.028000000000000004
307,candidate_5,candidate_2,candidate_4,candidate_3,candidate_1,5,0.028000000000000004
308,candidate_5,candidate_2,candidate_4,candidate_3,candidate_1,5,0.028000000000000004
309,candidate_5,candidate_2,candidate_4,candidate_3,0,5,0.028000000000000004
310,candidate_5,candidate_2,candidate_4,candidate_3,candidate_1,5,0.028000000000000004
311,candidate_5,candidate_2,candidate_4,candidate_3,candidate_1,5,0.028000000000000004
312,candidate_5,candidate_2,candidate_4,candidate_3,candidate_1,5,0.028000000000000004
313,candidate_5,candidate_2,candidate_4,candidate_3,candidate_1,5,0.028000000000000004
314,candidate_5,candidate_2,candidate_4,candidate_3,candidate_1,5,0.028000000000000004
315,candidate_5,candidate_2,candidate_4,candidate_3,candidate_1,5,0.028000000000000004
316,candidate_5,candidate_2,candidate_4,candidate_3,candidate_1,5,0.028000000000000004
317,candidate_5,candidate_2,candidate_4,candidate_3,candidate_1,5,0.028000000000000004
318,candidate_5,candidate_2,candidate_4,candidate_3,candidate_1,5,0.028000000000000004
319,candidate_5,candidate_2,candidate_4,candidate_3,candidate_1,5,0.028000000000000004
320,candidate_5,candidate_2,candidate_4,candidate_3,candidate_1,5,0.028000000000000004
321,candidate_5,candidate_2,candidate_4,candidate_3,candidate_1,5,0.028000000000000004
322,candidate_5,candidate_2,candidate_4,candidate_3,candidate_1,5,0.028000000000000004
323,candidate_5,candidate_2,candidate_4,candidate_3,candidate_1,5,0.028000000000000004
324,candidate_5,candidate_2,candidate_4,candidate_3,candidate_1,5,0.028000000000000004
325,candidate_5,candidate_2,candidate_4,candidate_3,candidate_1,5,0.028000000000000004
326,candidate_5,0,candidate_4,candidate_3,candidate_1,5,0.028000000000000004
327,candidate_5,candidate_2,candidate_4,candidate_3,candidate_1,5,0.028000000000000004
328,candidate_5,candidate_2,candidate_4,candidate_3,0,5,0.028000000000000004
329,0,candidate_2,candidate_4,candidate_3,candidate_1,5,0.028000000000000004
330,candidate_5,candidate_2,candidate_4,candidate_3,candidate_1,5,0.028000000000000004
331,candidate_5,candidate_2,candidate_4,candidate_3,candidate_1,5,0.028000000000000004
332,candidate_5,candidate_2,candidate_4,candidate_3,candidate_1,5,0.028000000000000004
333,candidate_5,0,candidate_4,candidate_3,candidate_1,5,0.028000000000000004
334,candidate_5,candidate_2,candidate_4,candidate_3,candidate_1,5,0.028000000000000004
335,candidate_5,candidate_2,candidate_4,candidate_3,candidate_1,5,0.028000000000000004
336,candidate_5,candidate_2,candidate_4,candidate_3,candidate_1,5,0.028000000000000004
337,candidate_5,candidate_2,candidate_4,candidate_3,candidate_1,5,0.028000000000000004
338,candidate_5,candidate_2,candidate_4,candidate_3,candidate_1,5,0.028000000000000004
339,candidate_5,candidate_2,candidate_4,candidate_3,candidate_1,5,0.028000000000000004
340,candidate_5,candidate_2,candidate_4,candidate_3,candidate_1,5,0.028000000000000004
341,candidate_5,candidate_2,candidate_4,candidate_3,candidate_1,5,0.028000000000000004
342,candidate_5,candidate_2,candidate_4,candidate_3,candidate_1,5,0.028000000000000004
343,candidate_5,candidate_2,candidate_4,candidate_3,candidate_1,5,0.028000000000000004
344,candidate_5,candidate_2,candidate_4,candidate_3,candidate_1,5,0.028000000000000004
345,candidate_5,candidate_2,candidate_4,candidate_3,candidate_1,5,0.028000000000000004
346,candidate_5,candidate_2,candidate_4,candidate_3,candidate_1,5,0.028000000000000004
347,candidate_5,candidate_2,0,candidate_3,candidate_1,5,0.028000000000000004
348,candidate_5,candidate_2,candidate_4,candidate_3,candidate_1,5,0.028000000000000004
349,candidate_5,candidate_2,candidate_4,candidate_3,candidate_1,5,0.028000000000000004
350,candidate_5,candidate_2,candidate_4,candidate_3,candidate_1,5,0.028000000000000004
351,candidate_5,candidate_2,candidate_4,candidate_3,candidate_1,5,0.028000000000000004
352,candidate_5,candidate_2,candidate_4,candidate_3,candidate_1,5,0.028000000000000004
353,candidate_5,candidate_2,candidate_4,candidate_3,candidate_1,5,0.028000000000000004
354,candidate_5,candidate_2,candidate_4,candidate_3,candidate_1,5,0.028000000000000004
355,candidate_5,candidate_2,candidate_4,candidate_3,candidate_1,5,0.028000000000000004
356,candidate_5,candidate_2,candidate_4,candidate_3,candidate_1,5,0.028000000000000004
357,candidate_5,candidate_2,candidate_4,candidate_3,candidate_1,5,0.028000000000000004
358,candidate_5,candidate_2,candidate_4,candidate_3,candidate_1,5,0.028000000000000004
359,candidate_5,candidate_2,candidate_4,candidate_3,candidate_1,5,0.028000000000000004
360,candidate_5,candidate_2,candidate_4,candidate_3,candidate_1,5,0.028000000000000004
361,candidate_5,candidate_2,candidate_4,candidate_3,candidate_1,5,0.028000000000000004
362,candidate_5,candidate_2,candidate_4,candidate_3,candidate_1,5,0.028000000000000004
363,candidate_5,candidate_2,candidate_4,candidate_3,candidate_1,5,0.028000000000000004
364,candidate_5,candidate_2,candidate_4,candidate_3,candidate_1,5,0.028000000000000004
365,candidate_5,candidate_2,candidate_4,candidate_3,candidate_1,5,0.028000000000000004
366,candidate_5,candidate_2,candidate_4,0,candidate_1,5,0.028000000000000004
367,candidate_5,candidate_2,candidate_4,candidate_3,candidate_1,5,0.028000000000000004
368,candidate_5,candidate_2,candidate_4,candidate_3,candidate_1,5,0.028000000000000004
369,candidate_5,candidate_2,candidate_4,candidate_3,candidate_1,5,0.028000000000000004
370,candidate_5,candidate_2,candidate_4,0,candidate_1,5,0.028000000000000004
371,candidate_5,candidate_2,0,candidate_3,candidate_1,5,0.028000000000000004
372,candidate_5,candidate_2,candidate_4,candidate_3,candidate_1,5,0.028000000000000004
373,candidate_5,candidate_2,candidate_4,candidate_3,candidate_1,5,0.028000000000000004
374,candidate_5,candidate_2,candidate_4,candidate_3,candidate_1,5,0.028000000000000004
375,candidate_5,candidate_2,candidate_4,0,candidate_1,5,0.028000000000000004
376,candidate_5,candidate_2,candidate_4,candidate_3,candidate_1,5,0.028000000000000004
377,candidate_5,candidate_2,candidate_4,candidate_3,candidate_1,5,0.028000000000000004
378,candidate_5,candidate_2,candidate_4,candidate_3,candidate_1,5,0.028000000000000004
379,candidate_5,candidate_2,candidate_4,candidate_3,candidate_1,5,0.028000000000000004
380,candidate_5,candidate_2,candidate_4,candidate_3,candidate_1,5,0.028000000000000004
381,candidate_5,candidate_2,candidate_4,candidate_3,candidate_1,5,0.028000000000000004
382,candidate_5,candidate_2,candidate_4,candidate_3,candidate_1,5,0.028000000000000004
383,candidate_5,candidate_2,candidate_4,candidate_3,candidate_1,5,0.028000000000000004
384,candidate_5,candidate_2,candidate_4,candidate_3,candidate_1,5,0.028000000000000004
385,candidate_5,candidate_2,candidate_4,candidate_3,candidate_1,5,0.028000000000000004
386,candidate_5,candidate_2,candidate_4,candidate_3,candidate_1,5,0.028000000000000004
387,candidate_5,candidate_2,candidate_4,candidate_3,candidate_1,5,0.028000000000000004
388,candidate_5,candidate_2,candidate_4,candidate_3,candidate_1,5,0.028000000000000004
389,candidate_5,candidate_2,candidate_4,candidate_3,candidate_1,5,0.028000000000000004
390,candidate_5,candidate_2,candidate_4,candidate_3,candidate_1,5,0.028000000000000004
391,candidate_5,candidate_2,candidate_4,candidate_3,candidate_1,5,0.028000000000000004
392,candidate_5,candidate_2,candidate_4,0,candidate_1,5,0.028000000000000004
393,candidate_5,candidate_2,candidate_4,candidate_3,candidate_1,5,0.028000000000000004
394,candidate_5,candidate_2,0,candidate_3,candidate_1,5,0.028000000000000004
395,candidate_5,candidate_2,candidate_4,candidate_3,candidate_1,5,0.028000000000000004
396,candidate_5,candidate_2,candidate_4,candidate_3,candidate_1,5,0.028000000000000004
397,candidate_5,candidate_2,candidate_4,candidate_3,candidate_1,5,0.028000000000000004
398,candidate_5,candidate_2,candidate_4,candidate_3,candidate_1,5,0.028000000000000004
399,candidate_5,candidate_2,candidate_4,candidate_3,candidate_1,5,0.028000000000000004
400,candidate_5,candidate_2,candidate_4,candidate_3,candidate_1,5,0.028000000000000004
401,candidate_5,candidate_2,candidate_4,candidate_3,candidate_1,5,0.028000000000000004
402,candidate_5,candidate_2,candidate_4,candidate_3,candidate_1,5,0.028000000000000004
403,candidate_5,candidate_2,candidate_4,candidate_3,candidate_1,5,0.028000000000000004
404,candidate_5,candidate_2,candidate_4,candidate_3,candidate_1,5,0.028000000000000004
405,candidate_5,candidate_2,candidate_4,candidate_3,candidate_1,5,0.028000000000000004
406,candidate_5,candidate_2,candidate_4,candidate_3,candidate_1,5,0.028000000000000004
407,candidate_5,candidate_2,candidate_4,candidate_3,candidate_1,5,0.028000000000000004
408,0,candidate_2,candidate_4,candidate_3,candidate_1,5,0.028000000000000004
409,candidate_5,candidate_2,candidate_4,candidate_3,candidate_1,5,0.028000000000000004
410,candidate_5,candidate_2,candidate_4,candidate_3,candidate_1,5,0.028000000000000004
411,candidate_5,candidate_2,candidate_4,candidate_3,candidate_1,5,0.028000000000000004
412,candidate_5,candidate_2,candidate_4,candidate_3,candidate_1,5,0.028000000000000004
413,candidate_5,candidate_2,candidate_4,candidate_3,candidate_1,5,0.028000000000000004
414,candidate_5,candidate_2,candidate_4,candidate_3,candidate_1,5,0.028000000000000004
415,candidate_5,candidate_2,candidate_4,candidate_3,candidate_1,5,0.028000000000000004
416,candidate_5,candidate_2,candidate_4,candidate_3,candidate_1,5,0.028000000000000004
417,candidate_5,candidate_2,candidate_4,candidate_3,candidate_1,5,0.028000000000000004
418,candidate_5,candidate_2,candidate_4,candidate_3,candidate_1,5,0.028000000000000004
419,candidate_5,candidate_2,candidate_4,candidate_3,candidate_1,5,0.028000000000000004
420,candidate_5,candidate_2,candidate_4,candidate_3,candidate_1,5,0.028000000000000004
421,candidate_5,candidate_2,candidate_4,candidate_3,candidate_1,5,0.028000000000000004
422,candidate_5,candidate_2,candidate_4,candidate_3,candidate_1,5,0.028000000000000004
423,candidate_5,candidate_2,candidate_4,candidate_3,candidate_1,5,0.028000000000000004
424,0,candidate_2,candidate_4,candidate_3,candidate_1,5,0.028000000000000004
425,candidate_5,candidate_2,candidate_4,candidate_3,candidate_1,5,0.028000000000000004
426,candidate_5,candidate_2,candidate_4,candidate_3,candidate_1,5,0.028000000000000004
427,candidate_5,candidate_2,candidate_4,candidate_3,candidate_1,5,0.028000000000000004
428,candidate_5,candidate_2,candidate_4,candidate_3,candidate_1,5,0.028000000000000004
429,candidate_5,candidate_2,candidate_4,candidate_3,candidate_1,5,0.028000000000000004
430,candidate_5,candidate_2,candidate_4,candidate_3,candidate_1,5,0.028000000000000004
431,candidate_5,candidate_2,candidate_4,candidate_3,candidate_1,5,0.028000000000000004
432,candidate_5,candidate_2,candidate_4,candidate_3,candidate_1,5,0.028000000000000004
433,candidate_5,candidate_2,candidate_4,candidate_3,candidate_1,5,0.028000000000000004
434,candidate_5,candidate_2,candidate_4,candidate_3,candidate_1,5,0.028000000000000004
435,candidate_5,candidate_2,candidate_4,candidate_3,candidate_1,5,0.028000000000000004
436,candidate_5,candidate_2,candidate_4,0,candidate_1,5,0.028000000000000004
437,candidate_5,candidate_2,candidate_4,candidate_3,candidate_1,5,0.028000000000000004
438,candidate_5,candidate_2,candidate_4,candidate_3,candidate_1,5,0.028000000000000004
439,candidate_5,candidate_2,candidate_4,candidate_3,candidate_1,5,0.028000000000000004
440,candidate_5,candidate_2,candidate_4,candidate_3,candidate_1,5,0.028000000000000004
441,candidate_5,candidate_2,candidate_4,candidate_3,candidate_1,5,0.028000000000000004
442,candidate_5,0,candidate_4,0,candidate_1,5,0.028000000000000004
443,candidate_5,candidate_2,candidate_4,candidate_3,candidate_1,5,0.028000000000000004
444,candidate_5,candidate_2,candidate_4,candidate_3,candidate_1,5,0.028000000000000004
445,candidate_5,candidate_2,candidate_4,candidate_3,candidate_1,5,0.028000000000000004
446,candidate_5,candidate_2,0,candidate_3,candidate_1,5,0.028000000000000004
447,candidate_5,candidate_2,candidate_4,candidate_3,candidate_1,5,0.028000000000000004
448,candidate_5,candidate_2,candidate_4,candidate_3,candidate_1,5,0.028000000000000004
449,candidate_5,candidate_2,candidate_4,0,candidate_1,5,0.028000000000000004
450,candidate_5,candidate_2,candidate_4,candidate_3,candidate_1,5,0.028000000000000004
451,candidate_5,candidate_2,candidate_4,candidate_3,candidate_1,5,0.028000000000000004
452,candidate_5,candidate_2,candidate_4,candidate_3,candidate_1,5,0.028000000000000004
453,candidate_5,candidate_2,candidate_4,candidate_3,candidate_1,5,0.028000000000000004
454,candidate_5,candidate_2,candidate_4,candidate_3,candidate_1,5,0.028000000000000004
455,candidate_5,candidate_2,candidate_4,candidate_3,candidate_1,5,0.028000000000000004
456,candidate_5,candidate_2,candidate_4,candidate_3,candidate_1,5,0.028000000000000004
457,candidate_5,candidate_2,candidate_4,candidate_3,candidate_1,5,0.028000000000000004
458,candidate_5,candidate_2,candidate_4,candidate_3,candidate_1,5,0.028000000000000004
459,candidate_5,0,candidate_4,candidate_3,candidate_1,5,0.028000000000000004
460,candidate_5,candidate_2,candidate_4,candidate_3,candidate_1,5,0.028000000000000004
461,candidate_5,0,candidate_4,candidate_3,candidate_1,5,0.028000000000000004
462,candidate_5,candidate_2,candidate_4,candidate_3,candidate_1,5,0.028000000000000004
463,candidate_5,candidate_2,candidate_4,candidate_3,candidate_1,5,0.028000000000000004
464,0,candidate_2,candidate_4,candidate_3,candidate_1,5,0.028000000000000004
465,candidate_5,candidate_2,candidate_4,candidate_3,candidate_1,5,0.028000000000000004
466,candidate_5,candidate_2,candidate_4,candidate_3,candidate_1,5,0.028000000000000004
467,candidate_5,candidate_2,candidate_4,candidate_3,candidate_1,5,0.028000000000000004
468,candidate_5,candidate_2,candidate_4,candidate_3,candidate_1,5,0.028000000000000004
469,candidate_5,candidate_2,candidate_4,candidate_3,candidate_1,5,0.028000000000000004
470,candidate_5,candidate_2,0,candidate_3,candidate_1,5,0.028000000000000004
471,candidate_5,candidate_2,candidate_4,candidate_3,candidate_1,5,0.028000000000000004
472,candidate_5,candidate_2,candidate_4,candidate_3,candidate_1,5,0.028000000000000004
473,candidate_5,candidate_2,candidate_4,candidate_3,candidate_1,5,0.028000000000000004
474,0,candidate_2,candidate_4,candidate_3,candidate_1,5,0.028000000000000004
475,candidate_5,candidate_2,candidate_4,candidate_3,candidate_1,5,0.028000000000000004
476,candidate_5,candidate_2,candidate_4,candidate_3,candidate_1,5,0.028000000000000004
477,candidate_5,candidate_2,candidate_4,candidate_3,candidate_1,5,0.028000000000000004
478,candidate_5,candidate_2,candidate_4,candidate_3,candidate_1,5,0.028000000000000004
479,candidate_5,candidate_2,candidate_4,candidate_3,candidate_1,5,0.028000000000000004
480,candidate_5,candidate_2,candidate_4,candidate_3,candidate_1,5,0.028000000000000004
481,candidate_5,candidate_2,candidate_4,candidate_3,candidate_1,5,0.028000000000000004
482,candidate_5,candidate_2,candidate_4,candidate_3,candidate_1,5,0.028000000000000004
483,candidate_5,candidate_2,candidate_4,candidate_3,candidate_1,5,0.028000000000000004
484,candidate_5,candidate_2,candidate_4,candidate_3,candidate_1,5,0.028000000000000004
485,candidate_5,candidate_2,candidate_4,candidate_3,candidate_1,5,0.028000000000000004
486,candidate_5,candidate_2,candidate_4,candidate_3,candidate_1,5,0.028000000000000004
487,candidate_5,candidate_2,candidate_4,candidate_3,candidate_1,5,0.028000000000000004
488,candidate_5,candidate_2,candidate_4,candidate_3,candidate_1,5,0.028000000000000004
489,candidate_5,candidate_2,candidate_4,candidate_3,candidate_1,5,0.028000000000000004
490,candidate_5,candidate_2,candidate_4,candidate_3,candidate_1,5,0.028000000000000004
491,candidate_5,candidate_2,candidate_4,candidate_3,candidate_1,5,0.028000000000000004
492,candidate_5,candidate_2,candidate_4,0,candidate_1,5,0.028000000000000004
493,candidate_5,candidate_2,candidate_4,candidate_3,candidate_1,5,0.028000000000000004
494,candidate_5,candidate_2,candidate_4,candidate_3,candidate_1,5,0.028000000000000004
495,candidate_5,candidate_2,candidate_4,candidate_3,candidate_1,5,0.028000000000000004
496,candidate_5,candidate_2,candidate_4,candidate_3,candidate_1,5,0.028000000000000004
497,candidate_5,candidate_2,candidate_4,candidate_3,candidate_1,5,0.028000000000000004
498,candidate_5,candidate_2,candidate_4,candidate_3,candidate_1,5,0.028000000000000004
499,candidate_5,candidate_2,candidate_4,candidate_3,candidate_1,5,0.028000000000000004
500,candidate_5,candidate_2,candidate_4,candidate_3,candidate_1,5,0.028000000000000004
501,candidate_5,candidate_2,candidate_4,candidate_3,candidate_1,5,0.028000000000000004
502,candidate_5,candidate_2,candidate_4,candidate_3,candidate_1,5,0.028000000000000004
503,candidate_5,candidate_2,candidate_4,candidate_3,candidate_1,5,0.028000000000000004
0,candidate_5,candidate_3,candidate_1,candidate_2,candidate_4,5,0.028000000000000004
1,candidate_5,candidate_3,candidate_1,candidate_2,candidate_4,5,0.028000000000000004
2,candidate_5,candidate_3,candidate_1,candidate_2,candidate_4,5,0.028000000000000004
3,candidate_5,candidate_3,candidate_1,candidate_2,candidate_4,5,0.028000000000000004
4,candidate_5,candidate_3,candidate_1,candidate_2,candidate_4,5,0.028000000000000004
5,candidate_5,candidate_3,candidate_1,candidate_2,candidate_4,5,0.028000000000000004
6,candidate_5,candidate_3,candidate_1,candidate_2,candidate_4,5,0.028000000000000004
7,candidate_5,candidate_3,candidate_1,candidate_2,candidate_4,5,0.028000000000000004
8,candidate_5,candidate_3,candidate_1,candidate_2,candidate_4,5,0.028000000000000004
9,candidate_5,candidate_3,candidate_1,candidate_2,0,5,0.028000000000000004
10,candidate_5,candidate_3,candidate_1,candidate_2,candidate_4,5,0.028000000000000004
11,candidate_5,candidate_3,candidate_1,candidate_2,candidate_4,5,0.028000000000000004
12,candidate_5,candidate_3,candidate_1,candidate_2,candidate_4,5,0.028000000000000004
13,candidate_5,candidate_3,candidate_1,candidate_2,candidate_4,5,0.028000000000000004
14,candidate_5,candidate_3,candidate_1,candidate_2,candidate_4,5,0.028000000000000004
15,candidate_5,candidate_3,candidate_1,candidate_2,candidate_4,5,0.028000000000000004
16,candidate_5,candidate_3,candidate_1,candidate_2,candidate_4,5,0.028000000000000004
17,candidate_5,candidate_3,candidate_1,candidate_2,candidate_4,5,0.028000000000000004
18,candidate_5,candidate_3,candidate_1,candidate_2,candidate_4,5,0.028000000000000004
19,candidate_5,candidate_3,0,candidate_2,candidate_4,5,0.028000000000000004
20,candidate_5,candidate_3,candidate_1,candidate_2,candidate_4,5,0.028000000000000004
21,candidate_5,candidate_3,candidate_1,candidate_2,candidate_4,5,0.028000000000000004
22,candidate_5,candidate_3,candidate_1,candidate_2,candidate_4,5,0.028000000000000004
23,candidate_5,candidate_3,candidate_1,candidate_2,candidate_4,5,0.028000000000000004
24,candidate_5,candidate_3,candidate_1,candidate_2,candidate_4,5,0.028000000000000004
25,candidate_5,candidate_3,candidate_1,candidate_2,candidate_4,5,0.028000000000000004
26,candidate_5,candidate_3,candidate_1,candidate_2,candidate_4,5,0.028000000000000004
27,candidate_5,candidate_3,candidate_1,candidate_2,candidate_4,5,0.028000000000000004
28,candidate_5,candidate_3,candidate_1,candidate_2,candidate_4,5,0.028000000000000004
29,candidate_5,candidate_3,candidate_1,candidate_2,candidate_4,5,0.028000000000000004
30,candidate_5,candidate_3,candidate_1,candidate_2,candidate_4,5,0.028000000000000004
31,candidate_5,candidate_3,candidate_1,candidate_2,candidate_4,5,0.028000000000000004
32,candidate_5,candidate_3,candidate_1,candidate_2,candidate_4,5,0.028000000000000004
33,candidate_5,candidate_3,candidate_1,candidate_2,candidate_4,5,0.028000000000000004
34,candidate_5,candidate_3,candidate_1,candidate_2,candidate_4,5,0.028000000000000004
35,candidate_5,candidate_3,candidate_1,candidate_2,candidate_4,5,0.028000000000000004
36,candidate_5,candidate_3,candidate_1,candidate_2,candidate_4,5,0.028000000000000004
37,candidate_5,candidate_3,candidate_1,candidate_2,candidate_4,5,0.028000000000000004
38,candidate_5,candidate_3,candidate_1,candidate_2,candidate_4,5,0.028000000000000004
39,candidate_5,candidate_3,candidate_1,candidate_2,candidate_4,5,0.028000000000000004
40,candidate_5,0,candidate_1,candidate_2,0,5,0.028000000000000004
41,candidate_5,candidate_3,candidate_1,candidate_2,candidate_4,5,0.028000000000000004
42,candidate_5,candidate_3,candidate_1,candidate_2,candidate_4,5,0.028000000000000004
43,candidate_5,candidate_3,candidate_1,candidate_2,candidate_4,5,0.028000000000000004
44,candidate_5,candidate_3,candidate_1,candidate_2,candidate_4,5,0.028000000000000004
45,candidate_5,candidate_3,candidate_1,candidate_2,candidate_4,5,0.028000000000000004
46,candidate_5,0,candidate_1,candidate_2,candidate_4,5,0.028000000000000004
47,candidate_5,candidate_3,candidate_1,candidate_2,candidate_4,5,0.028000000000000004
48,candidate_5,candidate_3,candidate_1,candidate_2,candidate_4,5,0.028000000000000004
49,candidate_5,candidate_3,candidate_1,candidate_2,candidate_4,5,0.028000000000000004
50,candidate_5,candidate_3,candidate_1,candidate_2,candidate_4,5,0.028000000000000004
51,candidate_5,candidate_3,candidate_1,0,candidate_4,5,0.028000000000000004
52,candidate_5,candidate_3,candidate_1,candidate_2,candidate_4,5,0.028000000000000004
53,candidate_5,candidate_3,candidate_1,candidate_2,candidate_4,5,0.028000000000000004
54,candidate_5,candidate_3,candidate_1,candidate_2,candidate_4,5,0.028000000000000004
55,candidate_5,candidate_3,candidate_1,candidate_2,candidate_4,5,0.028000000000000004
56,candidate_5,candidate_3,candidate_1,candidate_2,candidate_4,5,0.028000000000000004
57,candidate_5,candidate_3,0,candidate_2,0,5,0.028000000000000004
58,candidate_5,candidate_3,candidate_1,candidate_2,candidate_4,5,0.028000000000000004
59,candidate_5,candidate_3,candidate_1,candidate_2,candidate_4,5,0.028000000000000004
60,candidate_5,candidate_3,candidate_1,candidate_2,candidate_4,5,0.028000000000000004
61,candidate_5,candidate_3,candidate_1,candidate_2,candidate_4,5,0.028000000000000004
62,candidate_5,candidate_3,candidate_1,candidate_2,candidate_4,5,0.028000000000000004
63,candidate_5,candidate_3,candidate_1,candidate_2,candidate_4,5,0.028000000000000004
64,candidate_5,candidate_3,candidate_1,candidate_2,candidate_4,5,0.028000000000000004
65,candidate_5,candidate_3,candidate_1,candidate_2,candidate_4,5,0.028000000000000004
66,candidate_5,candidate_3,candidate_1,candidate_2,candidate_4,5,0.028000000000000004
67,candidate_5,candidate_3,candidate_1,candidate_2,candidate_4,5,0.028000000000000004
68,candidate_5,candidate_3,candidate_1,candidate_2,candidate_4,5,0.028000000000000004
69,candidate_5,candidate_3,candidate_1,candidate_2,candidate_4,5,0.028000000000000004
70,candidate_5,candidate_3,candidate_1,candidate_2,candidate_4,5,0.028000000000000004
71,candidate_5,candidate_3,candidate_1,candidate_2,candidate_4,5,0.028000000000000004
72,candidate_5,candidate_3,candidate_1,candidate_2,0,5,0.028000000000000004
73,candidate_5,candidate_3,candidate_1,candidate_2,candidate_4,5,0.028000000000000004
74,candidate_5,candidate_3,candidate_1,candidate_2,candidate_4,5,0.028000000000000004
75,candidate_5,candidate_3,candidate_1,candidate_2,candidate_4,5,0.028000000000000004
76,candidate_5,candidate_3,candidate_1,candidate_2,candidate_4,5,0.028000000000000004
77,candidate_5,candidate_3,candidate_1,candidate_2,candidate_4,5,0.028000000000000004
78,candidate_5,candidate_3,candidate_1,candidate_2,candidate_4,5,0.028000000000000004
79,candidate_5,candidate_3,candidate_1,candidate_2,candidate_4,5,0.028000000000000004
80,candidate_5,candidate_3,candidate_1,candidate_2,candidate_4,5,0.028000000000000004
81,candidate_5,candidate_3,candidate_1,candidate_2,candidate_4,5,0.028000000000000004
82,candidate_5,candidate_3,candidate_1,candidate_2,candidate_4,5,0.028000000000000004
83,candidate_5,candidate_3,candidate_1,candidate_2,candidate_4,5,0.028000000000000004
84,candidate_5,candidate_3,candidate_1,candidate_2,candidate_4,5,0.028000000000000004
85,candidate_5,candidate_3,candidate_1,candidate_2,candidate_4,5,0.028000000000000004
86,candidate_5,candidate_3,candidate_1,candidate_2,candidate_4,5,0.028000000000000004
87,candidate_5,candidate_3,candidate_1,candidate_2,candidate_4,5,0.028000000000000004
88,candidate_5,candidate_3,candidate_1,candidate_2,candidate_4,5,0.028000000000000004
89,candidate_5,candidate_3,candidate_1,candidate_2,candidate_4,5,0.028000000000000004
90,candidate_5,candidate_3,candidate_1,candidate_2,candidate_4,5,0.028000000000000004
91,candidate_5,0,candidate_1,candidate_2,candidate_4,5,0.028000000000000004
92,candidate_5,candidate_3,candidate_1,candidate_2,candidate_4,5,0.028000000000000004
93,candidate_5,candidate_3,candidate_1,candidate_2,candidate_4,5,0.028000000000000004
94,candidate_5,candidate_3,candidate_1,candidate_2,candidate_4,5,0.028000000000000004
95,candidate_5,candidate_3,candidate_1,candidate_2,candidate_4,5,0.028000000000000004
96,candidate_5,candidate_3,candidate_1,candidate_2,candidate_4,5,0.028000000000000004
97,candidate_5,candidate_3,candidate_1,candidate_2,candidate_4,5,0.028000000000000004
98,candidate_5,candidate_3,candidate_1,candidate_2,candidate_4,5,0.028000000000000004
99,candidate_5,candidate_3,candidate_1,candidate_2,candidate_4,5,0.028000000000000004
100,candidate_5,candidate_3,0,candidate_2,candidate_4,5,0.028000000000000004
101,candidate_5,candidate_3,candidate_1,candidate_2,candidate_4,5,0.028000000000000004
102,candidate_5,candidate_3,candidate_1,candidate_2,candidate_4,5,0.028000000000000004
103,candidate_5,candidate_3,candidate_1,0,candidate_4,5,0.028000000000000004
104,candidate_5,candidate_3,candidate_1,candidate_2,candidate_4,5,0.028000000000000004
105,candidate_5,candidate_3,candidate_1,candidate_2,candidate_4,5,0.028000000000000004
106,candidate_5,candidate_3,candidate_1,candidate_2,candidate_4,5,0.028000000000000004
107,candidate_5,candidate_3,candidate_1,candidate_2,candidate_4,5,0.028000000000000004
108,candidate_5,candidate_3,candidate_1,candidate_2,candidate_4,5,0.028000000000000004
109,candidate_5,candidate_3,candidate_1,candidate_2,candidate_4,5,0.028000000000000004
110,candidate_5,candidate_3,candidate_1,candidate_2,candidate_4,5,0.028000000000000004
111,candidate_5,candidate_3,candidate_1,candidate_2,candidate_4,5,0.028000000000000004
112,candidate_5,candidate_3,candidate_1,candidate_2,candidate_4,5,0.028000000000000004
113,candidate_5,candidate_3,candidate_1,candidate_2,candidate_4,5,0.028000000000000004
114,candidate_5,candidate_3,candidate_1,candidate_2,candidate_4,5,0.028000000000000004
115,candidate_5,candidate_3,candidate_1,candidate_2,candidate_4,5,0.028000000000000004
116,candidate_5,candidate_3,candidate_1,candidate_2,candidate_4,5,0.028000000000000004
117,candidate_5,candidate_3,candidate_1,candidate_2,candidate_4,5,0.028000000000000004
118,candidate_5,candidate_3,candidate_1,candidate_2,candidate_4,5,0.028000000000000004
119,candidate_5,candidate_3,0,candidate_2,candidate_4,5,0.028000000000000004
120,candidate_5,candidate_3,candidate_1,candidate_2,candidate_4,5,0.028000000000000004
121,candidate_5,candidate_3,candidate_1,candidate_2,candidate_4,5,0.028000000000000004
122,candidate_5,candidate_3,candidate_1,candidate_2,candidate_4,5,0.028000000000000004
123,candidate_5,candidate_3,candidate_1,candidate_2,candidate_4,5,0.028000000000000004
124,candidate_5,candidate_3,candidate_1,candidate_2,candidate_4,5,0.028000000000000004
125,candidate_5,candidate_3,candidate_1,candidate_2,candidate_4,5,0.028000000000000004
126,candidate_5,candidate_3,candidate_1,candidate_2,candidate_4,5,0.028000000000000004
127,candidate_5,candidate_3,candidate_1,candidate_2,candidate_4,5,0.028000000000000004
128,candidate_5,candidate_3,candidate_1,candidate_2,candidate_4,5,0.028000000000000004
129,candidate_5,candidate_3,candidate_1,candidate_2,candidate_4,5,0.028000000000000004
130,candidate_5,candidate_3,candidate_1,candidate_2,candidate_4,5,0.028000000000000004
131,candidate_5,candidate_3,candidate_1,0,candidate_4,5,0.028000000000000004
132,candidate_5,candidate_3,candidate_1,candidate_2,candidate_4,5,0.028000000000000004
133,candidate_5,candidate_3,candidate_1,candidate_2,candidate_4,5,0.028000000000000004
134,candidate_5,candidate_3,candidate_1,candidate_2,candidate_4,5,0.028000000000000004
135,candidate_5,candidate_3,candidate_1,candidate_2,candidate_4,5,0.028000000000000004
136,candidate_5,candidate_3,candidate_1,candidate_2,candidate_4,5,0.028000000000000004
137,candidate_5,candidate_3,candidate_1,candidate_2,candidate_4,5,0.028000000000000004
138,candidate_5,candidate_3,candidate_1,candidate_2,candidate_4,5,0.028000000000000004
139,candidate_5,candidate_3,candidate_1,candidate_2,candidate_4,5,0.028000000000000004
140,candidate_5,candidate_3,candidate_1,candidate_2,candidate_4,5,0.028000000000000004
141,candidate_5,candidate_3,candidate_1,candidate_2,candidate_4,5,0.028000000000000004
142,candidate_5,candidate_3,candidate_1,candidate_2,candidate_4,5,0.028000000000000004
143,candidate_5,candidate_3,candidate_1,candidate_2,candidate_4,5,0.028000000000000004
144,candidate_5,candidate_3,candidate_1,candidate_2,candidate_4,5,0.028000000000000004
145,candidate_5,candidate_3,candidate_1,candidate_2,candidate_4,5,0.028000000000000004
146,candidate_5,candidate_3,candidate_1,candidate_2,candidate_4,5,0.028000000000000004
147,candidate_5,candidate_3,candidate_1,candidate_2,candidate_4,5,0.028000000000000004
148,candidate_5,candidate_3,candidate_1,candidate_2,candidate_4,5,0.028000000000000004
149,candidate_5,candidate_3,candidate_1,candidate_2,candidate_4,5,0.028000000000000004
150,candidate_5,candidate_3,candidate_1,candidate_2,candidate_4,5,0.028000000000000004
151,candidate_5,candidate_3,candidate_1,candidate_2,candidate_4,5,0.028000000000000004
152,candidate_5,candidate_3,candidate_1,candidate_2,candidate_4,5,0.028000000000000004
153,candidate_5,candidate_3,candidate_1,candidate_2,candidate_4,5,0.028000000000000004
154,candidate_5,candidate_3,candidate_1,candidate_2,candidate_4,5,0.028000000000000004
155,candidate_5,candidate_3,candidate_1,candidate_2,candidate_4,5,0.028000000000000004
156,candidate_5,candidate_3,candidate_1,candidate_2,candidate_4,5,0.028000000000000004
157,candidate_5,candidate_3,candidate_1,candidate_2,candidate_4,5,0.028000000000000004
158,candidate_5,candidate_3,candidate_1,candidate_2,candidate_4,5,0.028000000000000004
159,0,candidate_3,candidate_1,candidate_2,candidate_4,5,0.028000000000000004
160,candidate_5,candidate_3,candidate_1,candidate_2,candidate_4,5,0.028000000000000004
161,candidate_5,candidate_3,candidate_1,candidate_2,candidate_4,5,0.028000000000000004
162,candidate_5,candidate_3,candidate_1,candidate_2,candidate_4,5,0.028000000000000004
163,candidate_5,candidate_3,candidate_1,candidate_2,candidate_4,5,0.028000000000000004
164,candidate_5,candidate_3,candidate_1,candidate_2,candidate_4,5,0.028000000000000004
165,candidate_5,candidate_3,candidate_1,candidate_2,candidate_4,5,0.028000000000000004
166,candidate_5,candidate_3,candidate_1,candidate_2,candidate_4,5,0.028000000000000004
167,candidate_5,candidate_3,candidate_1,candidate_2,candidate_4,5,0.028000000000000004
168,candidate_5,candidate_3,candidate_1,candidate_2,candidate_4,5,0.028000000000000004
169,candidate_5,candidate_3,candidate_1,candidate_2,candidate_4,5,0.028000000000000004
170,candidate_5,candidate_3,candidate_1,candidate_2,candidate_4,5,0.028000000000000004
171,candidate_5,candidate_3,candidate_1,candidate_2,candidate_4,5,0.028000000000000004
172,candidate_5,candidate_3,candidate_1,candidate_2,candidate_4,5,0.028000000000000004
173,candidate_5,candidate_3,candidate_1,candidate_2,candidate_4,5,0.028000000000000004
174,candidate_5,candidate_3,candidate_1,candidate_2,candidate_4,5,0.028000000000000004
175,candidate_5,candidate_3,candidate_1,candidate_2,candidate_4,5,0.028000000000000004
176,candidate_5,candidate_3,candidate_1,candidate_2,candidate_4,5,0.028000000000000004
177,candidate_5,candidate_3,candidate_1,candidate_2,candidate_4,5,0.028000000000000004
178,candidate_5,candidate_3,candidate_1,candidate_2,candidate_4,5,0.028000000000000004
179,candidate_5,candidate_3,candidate_1,candidate_2,candidate_4,5,0.028000000000000004
180,candidate_5,candidate_3,candidate_1,candidate_2,candidate_4,5,0.028000000000000004
181,candidate_5,candidate_3,candidate_1,candidate_2,candidate_4,5,0.028000000000000004
182,candidate_5,candidate_3,candidate_1,candidate_2,candidate_4,5,0.028000000000000004
183,candidate_5,candidate_3,candidate_1,candidate_2,candidate_4,5,0.028000000000000004
184,0,candidate_3,candidate_1,candidate_2,candidate_4,5,0.028000000000000004
185,candidate_5,candidate_3,candidate_1,candidate_2,candidate_4,5,0.028000000000000004
186,candidate_5,candidate_3,candidate_1,candidate_2,candidate_4,5,0.028000000000000004
187,candidate_5,candidate_3,candidate_1,candidate_2,candidate_4,5,0.028000000000000004
188,candidate_5,candidate_3,candidate_1,candidate_2,candidate_4,5,0.028000000000000004
189,candidate_5,candidate_3,candidate_1,candidate_2,candidate_4,5,0.028000000000000004
190,candidate_5,candidate_3,candidate_1,candidate_2,candidate_4,5,0.028000000000000004
191,candidate_5,candidate_3,candidate_1,candidate_2,candidate_4,5,0.028000000000000004
192,candidate_5,candidate_3,0,candidate_2,candidate_4,5,0.028000000000000004
193,candidate_5,candidate_3,candidate_1,candidate_2,candidate_4,5,0.028000000000000004
194,candidate_5,candidate_3,candidate_1,candidate_2,candidate_4,5,0.028000000000000004
195,candidate_5,candidate_3,candidate_1,candidate_2,candidate_4,5,0.028000000000000004
196,candidate_5,candidate_3,candidate_1,candidate_2,candidate_4,5,0.028000000000000004
197,candidate_5,candidate_3,candidate_1,candidate_2,candidate_4,5,0.028000000000000004
198,candidate_5,candidate_3,candidate_1,candidate_2,candidate_4,5,0.028000000000000004
199,candidate_5,candidate_3,candidate_1,candidate_2,candidate_4,5,0.028000000000000004
200,candidate_5,candidate_3,candidate_1,candidate_2,candidate_4,5,0.028000000000000004
201,candidate_5,candidate_3,candidate_1,candidate_2,candidate_4,5,0.028000000000000004
202,candidate_5,candidate_3,candidate_1,candidate_2,candidate_4,5,0.028000000000000004
203,candidate_5,candidate_3,candidate_1,candidate_2,candidate_4,5,0.028000000000000004
204,candidate_5,candidate_3,candidate_1,candidate_2,candidate_4,5,0.028000000000000004
205,candidate_5,candidate_3,candidate_1,candidate_2,candidate_4,5,0.028000000000000004
206,candidate_5,candidate_3,candidate_1,candidate_2,candidate_4,5,0.028000000000000004
207,candidate_5,candidate_3,candidate_1,candidate_2,candidate_4,5,0.028000000000000004
208,0,candidate_3,candidate_1,candidate_2,candidate_4,5,0.028000000000000004
209,candidate_5,candidate_3,candidate_1,candidate_2,candidate_4,5,0.028000000000000004
210,candidate_5,candidate_3,candidate_1,candidate_2,candidate_4,5,0.028000000000000004
211,0,candidate_3,candidate_1,candidate_2,candidate_4,5,0.028000000000000004
212,candidate_5,candidate_3,candidate_1,candidate_2,candidate_4,5,0.028000000000000004
213,candidate_5,candidate_3,candidate_1,candidate_2,candidate_4,5,0.028000000000000004
214,candidate_5,candidate_3,candidate_1,candidate_2,candidate_4,5,0.028000000000000004
215,candidate_5,candidate_3,candidate_1,candidate_2,candidate_4,5,0.028000000000000004
216,candidate_5,candidate_3,candidate_1,candidate_2,candidate_4,5,0.028000000000000004
217,candidate_5,candidate_3,candidate_1,candidate_2,candidate_4,5,0.028000000000000004
218,0,candidate_3,candidate_1,candidate_2,candidate_4,5,0.028000000000000004
219,candidate_5,candidate_3,candidate_1,candidate_2,candidate_4,5,0.028000000000000004
220,candidate_5,candidate_3,candidate_1,candidate_2,candidate_4,5,0.028000000000000004
221,candidate_5,candidate_3,candidate_1,candidate_2,candidate_4,5,0.028000000000000004
222,candidate_5,candidate_3,candidate_1,candidate_2,candidate_4,5,0.028000000000000004
223,candidate_5,candidate_3,candidate_1,candidate_2,candidate_4,5,0.028000000000000004
224,candidate_5,candidate_3,candidate_1,0,candidate_4,5,0.028000000000000004
225,candidate_5,candidate_3,candidate_1,candidate_2,candidate_4,5,0.028000000000000004
226,0,candidate_3,candidate_1,candidate_2,candidate_4,5,0.028000000000000004
227,candidate_5,0,candidate_1,candidate_2,candidate_4,5,0.028000000000000004
228,candidate_5,candidate_3,candidate_1,candidate_2,candidate_4,5,0.028000000000000004
229,candidate_5,candidate_3,candidate_1,candidate_2,candidate_4,5,0.028000000000000004
230,candidate_5,candidate_3,candidate_1,candidate_2,candidate_4,5,0.028000000000000004
231,candidate_5,candidate_3,candidate_1,candidate_2,candidate_4,5,0.028000000000000004
232,candidate_5,candidate_3,candidate_1,candidate_2,candidate_4,5,0.028000000000000004
233,0,candidate_3,candidate_1,candidate_2,candidate_4,5,0.028000000000000004
234,candidate_5,candidate_3,candidate_1,candidate_2,candidate_4,5,0.028000000000000004
235,candidate_5,candidate_3,candidate_1,candidate_2,candidate_4,5,0.028000000000000004
236,candidate_5,candidate_3,candidate_1,candidate_2,candidate_4,5,0.028000000000000004
237,candidate_5,candidate_3,candidate_1,candidate_2,candidate_4,5,0.028000000000000004
238,candidate_5,candidate_3,candidate_1,candidate_2,candidate_4,5,0.028000000000000004
239,candidate_5,candidate_3,candidate_1,candidate_2,candidate_4,5,0.028000000000000004
240,candidate_5,candidate_3,candidate_1,candidate_2,candidate_4,5,0.028000000000000004
241,candidate_5,candidate_3,candidate_1,candidate_2,candidate_4,5,0.028000000000000004
242,candidate_5,0,0,candidate_2,candidate_4,5,0.028000000000000004
243,candidate_5,candidate_3,candidate_1,candidate_2,candidate_4,5,0.028000000000000004
244,candidate_5,candidate_3,candidate_1,candidate_2,candidate_4,5,0.028000000000000004
245,candidate_5,candidate_3,candidate_1,candidate_2,candidate_4,5,0.028000000000000004
246,candidate_5,candidate_3,candidate_1,candidate_2,candidate_4,5,0.028000000000000004
247,candidate_5,candidate_3,candidate_1,candidate_2,candidate_4,5,0.028000000000000004
248,candidate_5,candidate_3,candidate_1,candidate_2,candidate_4,5,0.028000000000000004
249,candidate_5,candidate_3,candidate_1,candidate_2,candidate_4,5,0.028000000000000004
250,candidate_5,candidate_3,candidate_1,candidate_2,candidate_4,5,0.028000000000000004
251,candidate_5,candidate_3,candidate_1,candidate_2,candidate_4,5,0.028000000000000004
252,candidate_5,candidate_3,candidate_1,candidate_2,candidate_4,5,0.028000000000000004
253,candidate_5,candidate_3,candidate_1,candidate_2,candidate_4,5,0.028000000000000004
254,candidate_5,candidate_3,candidate_1,candidate_2,candidate_4,5,0.028000000000000004
255,candidate_5,candidate_3,candidate_1,candidate_2,candidate_4,5,0.028000000000000004
256,candidate_5,candidate_3,candidate_1,candidate_2,candidate_4,5,0.028000000000000004
257,candidate_5,candidate_3,candidate_1,candidate_2,candidate_4,5,0.028000000000000004
258,candidate_5,candidate_3,candidate_1,candidate_2,candidate_4,5,0.028000000000000004
259,candidate_5,candidate_3,candidate_1,candidate_2,candidate_4,5,0.028000000000000004
260,candidate_5,candidate_3,candidate_1,candidate_2,candidate_4,5,0.028000000000000004
261,candidate_5,candidate_3,candidate_1,candidate_2,candidate_4,5,0.028000000000000004
262,candidate_5,candidate_3,candidate_1,candidate_2,candidate_4,5,0.028000000000000004
263,candidate_5,candidate_3,candidate_1,candidate_2,candidate_4,5,0.028000000000000004
264,candidate_5,candidate_3,candidate_1,candidate_2,candidate_4,5,0.028000000000000004
265,candidate_5,candidate_3,candidate_1,candidate_2,candidate_4,5,0.028000000000000004
266,candidate_5,candidate_3,candidate_1,candidate_2,candidate_4,5,0.028000000000000004
267,candidate_5,0,0,candidate_2,candidate_4,5,0.028000000000000004
268,candidate_5,candidate_3,candidate_1,candidate_2,candidate_4,5,0.028000000000000004
269,candidate_5,candidate_3,candidate_1,candidate_2,candidate_4,5,0.028000000000000004
270,candidate_5,candidate_3,candidate_1,candidate_2,candidate_4,5,0.028000000000000004
271,candidate_5,candidate_3,candidate_1,candidate_2,candidate_4,5,0.028000000000000004
272,candidate_5,candidate_3,candidate_1,candidate_2,candidate_4,5,0.028000000000000004
273,candidate_5,candidate_3,candidate_1,candidate_2,candidate_4,5,0.028000000000000004
274,candidate_5,candidate_3,candidate_1,candidate_2,candidate_4,5,0.028000000000000004
275,candidate_5,candidate_3,candidate_1,candidate_2,candidate_4,5,0.028000000000000004
276,candidate_5,candidate_3,candidate_1,candidate_2,candidate_4,5,0.028000000000000004
277,candidate_5,candidate_3,candidate_1,candidate_2,candidate_4,5,0.028000000000000004
278,candidate_5,candidate_3,candidate_1,candidate_2,candidate_4,5,0.028000000000000004
279,candidate_5,candidate_3,candidate_1,candidate_2,candidate_4,5,0.028000000000000004
280,candidate_5,candidate_3,candidate_1,candidate_2,candidate_4,5,0.028000000000000004
281,candidate_5,candidate_3,candidate_1,candidate_2,candidate_4,5,0.028000000000000004
282,candidate_5,candidate_3,candidate_1,candidate_2,candidate_4,5,0.028000000000000004
283,candidate_5,candidate_3,candidate_1,candidate_2,candidate_4,5,0.028000000000000004
284,candidate_5,candidate_3,candidate_1,candidate_2,candidate_4,5,0.028000000000000004
285,candidate_5,candidate_3,candidate_1,candidate_2,candidate_4,5,0.028000000000000004
286,candidate_5,candidate_3,candidate_1,candidate_2,candidate_4,5,0.028000000000000004
287,candidate_5,candidate_3,candidate_1,candidate_2,candidate_4,5,0.028000000000000004
288,candidate_5,candidate_3,candidate_1,candidate_2,candidate_4,5,0.028000000000000004
289,candidate_5,candidate_3,candidate_1,candidate_2,candidate_4,5,0.028000000000000004
290,candidate_5,candidate_3,candidate_1,candidate_2,candidate_4,5,0.028000000000000004
291,candidate_5,candidate_3,candidate_1,candidate_2,candidate_4,5,0.028000000000000004
292,candidate_5,candidate_3,candidate_1,candidate_2,candidate_4,5,0.028000000000000004
293,candidate_5,candidate_3,candidate_1,candidate_2,candidate_4,5,0.028000000000000004
294,candidate_5,candidate_3,candidate_1,candidate_2,candidate_4,5,0.028000000000000004
295,candidate_5,candidate_3,candidate_1,candidate_2,candidate_4,5,0.028000000000000004
296,candidate_5,candidate_3,0,candidate_2,candidate_4,5,0.028000000000000004
297,candidate_5,candidate_3,candidate_1,0,candidate_4,5,0.028000000000000004
298,candidate_5,candidate_3,candidate_1,candidate_2,candidate_4,5,0.028000000000000004
299,0,candidate_3,candidate_1,candidate_2,candidate_4,5,0.028000000000000004
300,candidate_5,candidate_3,candidate_1,candidate_2,candidate_4,5,0.028000000000000004
301,candidate_5,candidate_3,candidate_1,candidate_2,candidate_4,5,0.028000000000000004
302,candidate_5,candidate_3,candidate_1,0,candidate_4,5,0.028000000000000004
303,candidate_5,candidate_3,candidate_1,candidate_2,candidate_4,5,0.028000000000000004
304,candidate_5,candidate_3,candidate_1,candidate_2,candidate_4,5,0.028000000000000004
305,candidate_5,candidate_3,candidate_1,candidate_2,candidate_4,5,0.028000000000000004
306,candidate_5,candidate_3,candidate_1,candidate_2,candidate_4,5,0.028000000000000004
307,candidate_5,candidate_3,candidate_1,candidate_2,candidate_4,5,0.028000000000000004
308,candidate_5,candidate_3,candidate_1,candidate_2,candidate_4,5,0.028000000000000004
309,candidate_5,candidate_3,candidate_1,candidate_2,candidate_4,5,0.028000000000000004
310,candidate_5,candidate_3,candidate_1,candidate_2,candidate_4,5,0.028000000000000004
311,candidate_5,candidate_3,candidate_1,candidate_2,candidate_4,5,0.028000000000000004
312,candidate_5,candidate_3,candidate_1,candidate_2,candidate_4,5,0.028000000000000004
313,candidate_5,candidate_3,candidate_1,candidate_2,candidate_4,5,0.028000000000000004
314,candidate_5,candidate_3,candidate_1,candidate_2,candidate_4,5,0.028000000000000004
315,candidate_5,candidate_3,candidate_1,candidate_2,candidate_4,5,0.028000000000000004
316,candidate_5,candidate_3,candidate_1,candidate_2,candidate_4,5,0.028000000000000004
317,candidate_5,candidate_3,candidate_1,candidate_2,candidate_4,5,0.028000000000000004
318,candidate_5,candidate_3,0,candidate_2,candidate_4,5,0.028000000000000004
319,candidate_5,candidate_3,candidate_1,candidate_2,candidate_4,5,0.028000000000000004
320,candidate_5,candidate_3,candidate_1,candidate_2,candidate_4,5,0.028000000000000004
321,candidate_5,candidate_3,candidate_1,candidate_2,candidate_4,5,0.028000000000000004
322,candidate_5,candidate_3,candidate_1,candidate_2,candidate_4,5,0.028000000000000004
323,candidate_5,candidate_3,candidate_1,candidate_2,candidate_4,5,0.028000000000000004
324,candidate_5,candidate_3,candidate_1,candidate_2,candidate_4,5,0.028000000000000004
325,candidate_5,candidate_3,candidate_1,candidate_2,candidate_4,5,0.028000000000000004
326,0,candidate_3,candidate_1,candidate_2,candidate_4,5,0.028000000000000004
327,candidate_5,candidate_3,candidate_1,candidate_2,candidate_4,5,0.028000000000000004
328,candidate_5,candidate_3,candidate_1,candidate_2,candidate_4,5,0.028000000000000004
329,candidate_5,candidate_3,candidate_1,candidate_2,candidate_4,5,0.028000000000000004
330,candidate_5,candidate_3,candidate_1,candidate_2,candidate_4,5,0.028000000000000004
331,candidate_5,candidate_3,0,candidate_2,candidate_4,5,0.028000000000000004
332,candidate_5,candidate_3,candidate_1,candidate_2,candidate_4,5,0.028000000000000004
333,candidate_5,candidate_3,candidate_1,candidate_2,candidate_4,5,0.028000000000000004
334,candidate_5,candidate_3,candidate_1,candidate_2,candidate_4,5,0.028000000000000004
335,candidate_5,candidate_3,candidate_1,candidate_2,0,5,0.028000000000000004
336,candidate_5,candidate_3,candidate_1,0,0,5,0.028000000000000004
337,candidate_5,candidate_3,candidate_1,candidate_2,candidate_4,5,0.028000000000000004
338,candidate_5,candidate_3,candidate_1,candidate_2,candidate_4,5,0.028000000000000004
339,candidate_5,candidate_3,candidate_1,candidate_2,candidate_4,5,0.028000000000000004
340,candidate_5,candidate_3,0,candidate_2,candidate_4,5,0.028000000000000004
341,candidate_5,candidate_3,candidate_1,candidate_2,candidate_4,5,0.028000000000000004
342,candidate_5,candidate_3,candidate_1,candidate_2,candidate_4,5,0.028000000000000004
343,candidate_5,candidate_3,candidate_1,candidate_2,candidate_4,5,0.028000000000000004
344,candidate_5,candidate_3,candidate_1,candidate_2,candidate_4,5,0.028000000000000004
345,candidate_5,candidate_3,candidate_1,candidate_2,candidate_4,5,0.028000000000000004
346,candidate_5,candidate_3,candidate_1,candidate_2,candidate_4,5,0.028000000000000004
347,candidate_5,candidate_3,candidate_1,candidate_2,candidate_4,5,0.028000000000000004
348,candidate_5,candidate_3,candidate_1,candidate_2,candidate_4,5,0.028000000000000004
349,candidate_5,candidate_3,candidate_1,candidate_2,candidate_4,5,0.028000000000000004
350,candidate_5,candidate_3,candidate_1,candidate_2,candidate_4,5,0.028000000000000004
351,candidate_5,candidate_3,candidate_1,candidate_2,candidate_4,5,0.028000000000000004
352,candidate_5,candidate_3,candidate_1,candidate_2,candidate_4,5,0.028000000000000004
353,candidate_5,candidate_3,candidate_1,candidate_2,candidate_4,5,0.028000000000000004
354,candidate_5,candidate_3,candidate_1,candidate_2,candidate_4,5,0.028000000000000004
355,candidate_5,candidate_3,candidate_1,candidate_2,candidate_4,5,0.028000000000000004
356,candidate_5,candidate_3,candidate_1,candidate_2,candidate_4,5,0.028000000000000004
357,candidate_5,candidate_3,candidate_1,candidate_2,candidate_4,5,0.028000000000000004
358,candidate_5,candidate_3,candidate_1,candidate_2,candidate_4,5,0.028000000000000004
359,candidate_5,candidate_3,0,candidate_2,candidate_4,5,0.028000000000000004
360,candidate_5,candidate_3,candidate_1,candidate_2,candidate_4,5,0.028000000000000004
361,candidate_5,candidate_3,candidate_1,candidate_2,candidate_4,5,0.028000000000000004
362,candidate_5,candidate_3,candidate_1,candidate_2,candidate_4,5,0.028000000000000004
363,candidate_5,candidate_3,candidate_1,candidate_2,candidate_4,5,0.028000000000000004
364,candidate_5,candidate_3,candidate_1,candidate_2,candidate_4,5,0.028000000000000004
365,candidate_5,candidate_3,candidate_1,candidate_2,candidate_4,5,0.028000000000000004
366,candidate_5,candidate_3,candidate_1,candidate_2,candidate_4,5,0.028000000000000004
367,candidate_5,candidate_3,candidate_1,candidate_2,candidate_4,5,0.028000000000000004
368,candidate_5,candidate_3,candidate_1,candidate_2,candidate_4,5,0.028000000000000004
369,candidate_5,candidate_3,0,candidate_2,candidate_4,5,0.028000000000000004
370,candidate_5,candidate_3,candidate_1,candidate_2,candidate_4,5,0.028000000000000004
371,candidate_5,candidate_3,candidate_1,candidate_2,candidate_4,5,0.028000000000000004
372,candidate_5,candidate_3,candidate_1,candidate_2,candidate_4,5,0.028000000000000004
373,candidate_5,candidate_3,candidate_1,candidate_2,0,5,0.028000000000000004
374,candidate_5,candidate_3,candidate_1,candidate_2,candidate_4,5,0.028000000000000004
375,candidate_5,candidate_3,candidate_1,candidate_2,candidate_4,5,0.028000000000000004
376,candidate_5,candidate_3,candidate_1,candidate_2,candidate_4,5,0.028000000000000004
377,candidate_5,candidate_3,candidate_1,candidate_2,candidate_4,5,0.028000000000000004
378,candidate_5,candidate_3,candidate_1,candidate_2,candidate_4,5,0.028000000000000004
379,candidate_5,candidate_3,candidate_1,candidate_2,candidate_4,5,0.028000000000000004
380,candidate_5,candidate_3,candidate_1,candidate_2,candidate_4,5,0.028000000000000004
381,candidate_5,candidate_3,candidate_1,candidate_2,candidate_4,5,0.028000000000000004
382,candidate_5,candidate_3,0,candidate_2,candidate_4,5,0.028000000000000004
383,candidate_5,candidate_3,candidate_1,candidate_2,candidate_4,5,0.028000000000000004
384,candidate_5,candidate_3,candidate_1,candidate_2,candidate_4,5,0.028000000000000004
385,candidate_5,candidate_3,candidate_1,candidate_2,candidate_4,5,0.028000000000000004
386,candidate_5,candidate_3,candidate_1,candidate_2,candidate_4,5,0.028000000000000004
387,candidate_5,candidate_3,candidate_1,candidate_2,candidate_4,5,0.028000000000000004
388,candidate_5,candidate_3,candidate_1,candidate_2,candidate_4,5,0.028000000000000004
389,candidate_5,candidate_3,candidate_1,candidate_2,candidate_4,5,0.028000000000000004
390,candidate_5,candidate_3,candidate_1,candidate_2,candidate_4,5,0.028000000000000004
391,candidate_5,candidate_3,candidate_1,candidate_2,candidate_4,5,0.028000000000000004
392,candidate_5,candidate_3,candidate_1,candidate_2,0,5,0.028000000000000004
393,candidate_5,candidate_3,candidate_1,candidate_2,candidate_4,5,0.028000000000000004
394,candidate_5,candidate_3,candidate_1,candidate_2,candidate_4,5,0.028000000000000004
395,candidate_5,candidate_3,candidate_1,candidate_2,candidate_4,5,0.028000000000000004
396,candidate_5,candidate_3,candidate_1,candidate_2,candidate_4,5,0.028000000000000004
397,candidate_5,candidate_3,candidate_1,candidate_2,candidate_4,5,0.028000000000000004
398,candidate_5,candidate_3,candidate_1,candidate_2,candidate_4,5,0.028000000000000004
399,candidate_5,candidate_3,candidate_1,candidate_2,candidate_4,5,0.028000000000000004
400,candidate_5,candidate_3,candidate_1,candidate_2,candidate_4,5,0.028000000000000004
401,candidate_5,candidate_3,candidate_1,candidate_2,0,5,0.028000000000000004
402,candidate_5,candidate_3,candidate_1,candidate_2,candidate_4,5,0.028000000000000004
403,candidate_5,candidate_3,candidate_1,candidate_2,candidate_4,5,0.028000000000000004
404,candidate_5,candidate_3,candidate_1,candidate_2,candidate_4,5,0.028000000000000004
405,candidate_5,candidate_3,candidate_1,candidate_2,candidate_4,5,0.028000000000000004
406,candidate_5,candidate_3,candidate_1,candidate_2,candidate_4,5,0.028000000000000004
407,candidate_5,candidate_3,candidate_1,candidate_2,candidate_4,5,0.028000000000000004
408,candidate_5,candidate_3,candidate_1,candidate_2,candidate_4,5,0.028000000000000004
409,candidate_5,candidate_3,candidate_1,candidate_2,candidate_4,5,0.028000000000000004
410,candidate_5,candidate_3,candidate_1,candidate_2,0,5,0.028000000000000004
411,candidate_5,candidate_3,candidate_1,candidate_2,candidate_4,5,0.028000000000000004
412,candidate_5,candidate_3,candidate_1,candidate_2,candidate_4,5,0.028000000000000004
413,candidate_5,candidate_3,candidate_1,candidate_2,candidate_4,5,0.028000000000000004
414,candidate_5,candidate_3,candidate_1,candidate_2,candidate_4,5,0.028000000000000004
415,candidate_5,candidate_3,candidate_1,candidate_2,candidate_4,5,0.028000000000000004
416,candidate_5,candidate_3,candidate_1,candidate_2,candidate_4,5,0.028000000000000004
417,candidate_5,candidate_3,candidate_1,candidate_2,0,5,0.028000000000000004
418,candidate_5,candidate_3,candidate_1,candidate_2,candidate_4,5,0.028000000000000004
419,candidate_5,candidate_3,candidate_1,candidate_2,candidate_4,5,0.028000000000000004
420,candidate_5,candidate_3,candidate_1,candidate_2,candidate_4,5,0.028000000000000004
421,candidate_5,candidate_3,candidate_1,candidate_2,candidate_4,5,0.028000000000000004
422,candidate_5,candidate_3,candidate_1,candidate_2,candidate_4,5,0.028000000000000004
423,candidate_5,candidate_3,candidate_1,candidate_2,candidate_4,5,0.028000000000000004
424,candidate_5,candidate_3,candidate_1,candidate_2,candidate_4,5,0.028000000000000004
425,candidate_5,candidate_3,candidate_1,candidate_2,candidate_4,5,0.028000000000000004
426,candidate_5,candidate_3,candidate_1,candidate_2,candidate_4,5,0.028000000000000004
427,candidate_5,candidate_3,candidate_1,candidate_2,candidate_4,5,0.028000000000000004
428,candidate_5,candidate_3,candidate_1,candidate_2,candidate_4,5,0.028000000000000004
429,candidate_5,candidate_3,candidate_1,candidate_2,candidate_4,5,0.028000000000000004
430,candidate_5,candidate_3,candidate_1,candidate_2,candidate_4,5,0.028000000000000004
431,candidate_5,candidate_3,candidate_1,candidate_2,candidate_4,5,0.028000000000000004
432,candidate_5,candidate_3,candidate_1,candidate_2,candidate_4,5,0.028000000000000004
433,candidate_5,candidate_3,candidate_1,candidate_2,candidate_4,5,0.028000000000000004
434,candidate_5,candidate_3,candidate_1,candidate_2,candidate_4,5,0.028000000000000004
435,candidate_5,candidate_3,candidate_1,candidate_2,candidate_4,5,0.028000000000000004
436,candidate_5,candidate_3,candidate_1,candidate_2,candidate_4,5,0.028000000000000004
437,candidate_5,candidate_3,candidate_1,candidate_2,candidate_4,5,0.028000000000000004
438,candidate_5,candidate_3,candidate_1,candidate_2,candidate_4,5,0.028000000000000004
439,candidate_5,candidate_3,candidate_1,candidate_2,candidate_4,5,0.028000000000000004
440,candidate_5,candidate_3,candidate_1,candidate_2,candidate_4,5,0.028000000000000004
441,candidate_5,candidate_3,candidate_1,candidate_2,candidate_4,5,0.028000000000000004
442,candidate_5,candidate_3,candidate_1,candidate_2,candidate_4,5,0.028000000000000004
443,candidate_5,candidate_3,candidate_1,candidate_2,candidate_4,5,0.028000000000000004
444,candidate_5,candidate_3,candidate_1,candidate_2,candidate_4,5,0.028000000000000004
445,candidate_5,candidate_3,candidate_1,candidate_2,candidate_4,5,0.028000000000000004
446,candidate_5,candidate_3,candidate_1,candidate_2,candidate_4,5,0.028000000000000004
447,0,candidate_3,candidate_1,candidate_2,candidate_4,5,0.028000000000000004
448,candidate_5,candidate_3,candidate_1,candidate_2,candidate_4,5,0.028000000000000004
449,candidate_5,candidate_3,candidate_1,candidate_2,candidate_4,5,0.028000000000000004
450,candidate_5,candidate_3,candidate_1,candidate_2,candidate_4,5,0.028000000000000004
451,candidate_5,candidate_3,candidate_1,candidate_2,0,5,0.028000000000000004
452,candidate_5,candidate_3,candidate_1,candidate_2,candidate_4,5,0.028000000000000004
453,candidate_5,candidate_3,candidate_1,candidate_2,candidate_4,5,0.028000000000000004
454,candidate_5,candidate_3,candidate_1,candidate_2,candidate_4,5,0.028000000000000004
455,candidate_5,candidate_3,candidate_1,candidate_2,candidate_4,5,0.028000000000000004
456,candidate_5,candidate_3,candidate_1,candidate_2,candidate_4,5,0.028000000000000004
457,candidate_5,candidate_3,candidate_1,candidate_2,candidate_4,5,0.028000000000000004
458,candidate_5,candidate_3,candidate_1,candidate_2,candidate_4,5,0.028000000000000004
459,candidate_5,candidate_3,candidate_1,candidate_2,candidate_4,5,0.028000000000000004
460,candidate_5,candidate_3,candidate_1,candidate_2,candidate_4,5,0.028000000000000004
461,candidate_5,candidate_3,candidate_1,candidate_2,candidate_4,5,0.028000000000000004
462,candidate_5,candidate_3,candidate_1,candidate_2,candidate_4,5,0.028000000000000004
463,candidate_5,candidate_3,candidate_1,candidate_2,candidate_4,5,0.028000000000000004
464,candidate_5,candidate_3,candidate_1,candidate_2,candidate_4,5,0.028000000000000004
465,candidate_5,candidate_3,candidate_1,candidate_2,candidate_4,5,0.028000000000000004
466,candidate_5,candidate_3,candidate_1,candidate_2,candidate_4,5,0.028000000000000004
467,candidate_5,candidate_3,0,candidate_2,candidate_4,5,0.028000000000000004
468,candidate_5,candidate_3,candidate_1,candidate_2,candidate_4,5,0.028000000000000004
469,candidate_5,candidate_3,candidate_1,candidate_2,candidate_4,5,0.028000000000000004
470,candidate_5,candidate_3,candidate_1,candidate_2,candidate_4,5,0.028000000000000004
471,candidate_5,candidate_3,candidate_1,candidate_2,candidate_4,5,0.028000000000000004
472,candidate_5,candidate_3,candidate_1,candidate_2,candidate_4,5,0.028000000000000004
473,candidate_5,candidate_3,candidate_1,candidate_2,candidate_4,5,0.028000000000000004
474,candidate_5,candidate_3,candidate_1,candidate_2,candidate_4,5,0.028000000000000004
475,candidate_5,candidate_3,candidate_1,candidate_2,candidate_4,5,0.028000000000000004
476,candidate_5,candidate_3,candidate_1,candidate_2,candidate_4,5,0.028000000000000004
477,candidate_5,candidate_3,candidate_1,candidate_2,candidate_4,5,0.028000000000000004
478,candidate_5,candidate_3,candidate_1,candidate_2,candidate_4,5,0.028000000000000004
479,candidate_5,candidate_3,candidate_1,candidate_2,candidate_4,5,0.028000000000000004
480,candidate_5,candidate_3,candidate_1,candidate_2,candidate_4,5,0.028000000000000004
481,candidate_5,candidate_3,candidate_1,candidate_2,candidate_4,5,0.028000000000000004
482,candidate_5,candidate_3,candidate_1,candidate_2,candidate_4,5,0.028000000000000004
483,candidate_5,candidate_3,candidate_1,candidate_2,candidate_4,5,0.028000000000000004
484,candidate_5,candidate_3,candidate_1,candidate_2,candidate_4,5,0.028000000000000004
485,candidate_5,candidate_3,candidate_1,candidate_2,candidate_4,5,0.028000000000000004
486,candidate_5,candidate_3,candidate_1,candidate_2,candidate_4,5,0.028000000000000004
487,candidate_5,candidate_3,candidate_1,candidate_2,candidate_4,5,0.028000000000000004
488,candidate_5,candidate_3,candidate_1,candidate_2,candidate_4,5,0.028000000000000004
489,candidate_5,candidate_3,candidate_1,candidate_2,candidate_4,5,0.028000000000000004
490,candidate_5,candidate_3,0,candidate_2,candidate_4,5,0.028000000000000004
491,candidate_5,candidate_3,candidate_1,candidate_2,candidate_4,5,0.028000000000000004
492,candidate_5,candidate_3,candidate_1,candidate_2,candidate_4,5,0.028000000000000004
493,candidate_5,candidate_3,candidate_1,candidate_2,candidate_4,5,0.028000000000000004
494,candidate_5,candidate_3,candidate_1,candidate_2,candidate_4,5,0.028000000000000004
495,candidate_5,candidate_3,candidate_1,candidate_2,candidate_4,5,0.028000000000000004
496,candidate_5,candidate_3,candidate_1,candidate_2,candidate_4,5,0.028000000000000004
497,0,candidate_3,candidate_1,candidate_2,candidate_4,5,0.028000000000000004
498,candidate_5,candidate_3,candidate_1,candidate_2,candidate_4,5,0.028000000000000004
499,candidate_5,candidate_3,candidate_1,candidate_2,candidate_4,5,0.028000000000000004
500,candidate_5,candidate_3,candidate_1,candidate_2,candidate_4,5,0.028000000000000004
501,candidate_5,candidate_3,candidate_1,candidate_2,candidate_4,5,0.028000000000000004
502,candidate_5,candidate_3,candidate_1,candidate_2,candidate_4,5,0.028000000000000004
503,candidate_5,candidate_3,candidate_1,0,candidate_4,5,0.028000000000000004
504,candidate_5,candidate_3,candidate_1,candidate_2,0,5,0.028000000000000004
505,candidate_5,candidate_3,candidate_1,candidate_2,candidate_4,5,0.028000000000000004
506,candidate_5,candidate_3,candidate_1,0,candidate_4,5,0.028000000000000004
507,candidate_5,candidate_3,candidate_1,candidate_2,candidate_4,5,0.028000000000000004
508,candidate_5,candidate_3,candidate_1,candidate_2,candidate_4,5,0.028000000000000004
509,candidate_5,candidate_3,candidate_1,candidate_2,candidate_4,5,0.028000000000000004
510,candidate_5,candidate_3,candidate_1,candidate_2,candidate_4,5,0.028000000000000004
511,candidate_5,candidate_3,candidate_1,candidate_2,candidate_4,5,0.028000000000000004
512,candidate_5,candidate_3,candidate_1,candidate_2,candidate_4,5,0.028000000000000004
513,candidate_5,candidate_3,candidate_1,candidate_2,candidate_4,5,0.028000000000000004
514,candidate_5,candidate_3,candidate_1,candidate_2,candidate_4,5,0.028000000000000004
515,candidate_5,candidate_3,candidate_1,candidate_2,candidate_4,5,0.028000000000000004
516,candidate_5,0,candidate_1,candidate_2,candidate_4,5,0.028000000000000004
517,candidate_5,candidate_3,candidate_1,candidate_2,candidate_4,5,0.028000000000000004
518,candidate_5,candidate_3,candidate_1,candidate_2,candidate_4,5,0.028000000000000004
519,0,candidate_3,candidate_1,candidate_2,candidate_4,5,0.028000000000000004
520,candidate_5,candidate_3,candidate_1,candidate_2,candidate_4,5,0.028000000000000004
521,candidate_5,candidate_3,candidate_1,candidate_2,candidate_4,5,0.028000000000000004
522,candidate_5,candidate_3,candidate_1,candidate_2,candidate_4,5,0.028000000000000004
0,candidate_5,candidate_3,candidate_1,candidate_4,candidate_2,5,0.028000000000000004
1,candidate_5,candidate_3,candidate_1,candidate_4,candidate_2,5,0.028000000000000004
2,candidate_5,candidate_3,candidate_1,candidate_4,candidate_2,5,0.028000000000000004
3,candidate_5,candidate_3,candidate_1,candidate_4,0,5,0.028000000000000004
4,candidate_5,candidate_3,candidate_1,candidate_4,candidate_2,5,0.028000000000000004
5,candidate_5,candidate_3,candidate_1,candidate_4,candidate_2,5,0.028000000000000004
6,candidate_5,0,candidate_1,candidate_4,candidate_2,5,0.028000000000000004
7,candidate_5,candidate_3,candidate_1,candidate_4,candidate_2,5,0.028000000000000004
8,candidate_5,candidate_3,candidate_1,candidate_4,candidate_2,5,0.028000000000000004
9,candidate_5,candidate_3,candidate_1,candidate_4,candidate_2,5,0.028000000000000004
10,candidate_5,candidate_3,candidate_1,candidate_4,0,5,0.028000000000000004
11,candidate_5,candidate_3,candidate_1,candidate_4,candidate_2,5,0.028000000000000004
12,candidate_5,candidate_3,candidate_1,candidate_4,candidate_2,5,0.028000000000000004
13,candidate_5,candidate_3,candidate_1,candidate_4,candidate_2,5,0.028000000000000004
14,candidate_5,candidate_3,candidate_1,candidate_4,candidate_2,5,0.028000000000000004
15,candidate_5,candidate_3,0,candidate_4,candidate_2,5,0.028000000000000004
16,candidate_5,candidate_3,candidate_1,candidate_4,candidate_2,5,0.028000000000000004
17,candidate_5,candidate_3,candidate_1,candidate_4,candidate_2,5,0.028000000000000004
18,candidate_5,candidate_3,candidate_1,candidate_4,candidate_2,5,0.028000000000000004
19,candidate_5,candidate_3,candidate_1,candidate_4,candidate_2,5,0.028000000000000004
20,candidate_5,candidate_3,candidate_1,candidate_4,candidate_2,5,0.028000000000000004
21,candidate_5,candidate_3,candidate_1,candidate_4,candidate_2,5,0.028000000000000004
22,candidate_5,candidate_3,candidate_1,candidate_4,candidate_2,5,0.028000000000000004
23,candidate_5,candidate_3,candidate_1,candidate_4,candidate_2,5,0.028000000000000004
24,candidate_5,candidate_3,candidate_1,candidate_4,candidate_2,5,0.028000000000000004
25,candidate_5,candidate_3,candidate_1,candidate_4,candidate_2,5,0.028000000000000004
26,candidate_5,candidate_3,candidate_1,candidate_4,candidate_2,5,0.028000000000000004
27,candidate_5,candidate_3,candidate_1,candidate_4,candidate_2,5,0.028000000000000004
28,candidate_5,candidate_3,candidate_1,candidate_4,candidate_2,5,0.028000000000000004
29,0,candidate_3,candidate_1,candidate_4,candidate_2,5,0.028000000000000004
30,candidate_5,candidate_3,candidate_1,candidate_4,candidate_2,5,0.028000000000000004
31,candidate_5,candidate_3,candidate_1,candidate_4,candidate_2,5,0.028000000000000004
32,candidate_5,candidate_3,candidate_1,candidate_4,candidate_2,5,0.028000000000000004
33,candidate_5,candidate_3,candidate_1,candidate_4,candidate_2,5,0.028000000000000004
34,candidate_5,candidate_3,0,candidate_4,candidate_2,5,0.028000000000000004
35,candidate_5,candidate_3,candidate_1,0,candidate_2,5,0.028000000000000004
36,candidate_5,candidate_3,candidate_1,candidate_4,candidate_2,5,0.028000000000000004
37,candidate_5,candidate_3,candidate_1,candidate_4,candidate_2,5,0.028000000000000004
38,candidate_5,candidate_3,candidate_1,candidate_4,candidate_2,5,0.028000000000000004
39,candidate_5,candidate_3,candidate_1,candidate_4,candidate_2,5,0.028000000000000004
40,candidate_5,candidate_3,candidate_1,candidate_4,candidate_2,5,0.028000000000000004
41,candidate_5,candidate_3,candidate_1,candidate_4,candidate_2,5,0.028000000000000004
42,candidate_5,candidate_3,candidate_1,candidate_4,candidate_2,5,0.028000000000000004
43,candidate_5,candidate_3,0,candidate_4,candidate_2,5,0.028000000000000004
44,candidate_5,candidate_3,candidate_1,candidate_4,candidate_2,5,0.028000000000000004
45,candidate_5,candidate_3,candidate_1,candidate_4,candidate_2,5,0.028000000000000004
46,candidate_5,candidate_3,candidate_1,candidate_4,candidate_2,5,0.028000000000000004
47,candidate_5,candidate_3,candidate_1,candidate_4,candidate_2,5,0.028000000000000004
48,candidate_5,candidate_3,candidate_1,candidate_4,candidate_2,5,0.028000000000000004
49,candidate_5,candidate_3,candidate_1,candidate_4,candidate_2,5,0.028000000000000004
50,candidate_5,candidate_3,candidate_1,candidate_4,candidate_2,5,0.028000000000000004
51,candidate_5,candidate_3,candidate_1,candidate_4,candidate_2,5,0.028000000000000004
52,candidate_5,candidate_3,candidate_1,candidate_4,candidate_2,5,0.028000000000000004
53,candidate_5,0,candidate_1,candidate_4,0,5,0.028000000000000004
54,candidate_5,candidate_3,candidate_1,candidate_4,candidate_2,5,0.028000000000000004
55,candidate_5,candidate_3,0,candidate_4,candidate_2,5,0.028000000000000004
56,candidate_5,candidate_3,candidate_1,candidate_4,candidate_2,5,0.028000000000000004
57,candidate_5,candidate_3,candidate_1,candidate_4,candidate_2,5,0.028000000000000004
58,candidate_5,candidate_3,candidate_1,candidate_4,candidate_2,5,0.028000000000000004
59,candidate_5,candidate_3,candidate_1,candidate_4,candidate_2,5,0.028000000000000004
60,candidate_5,candidate_3,candidate_1,candidate_4,candidate_2,5,0.028000000000000004
61,candidate_5,0,candidate_1,candidate_4,candidate_2,5,0.028000000000000004
62,candidate_5,candidate_3,candidate_1,candidate_4,candidate_2,5,0.028000000000000004
63,candidate_5,candidate_3,candidate_1,candidate_4,candidate_2,5,0.028000000000000004
64,candidate_5,candidate_3,candidate_1,candidate_4,candidate_2,5,0.028000000000000004
65,candidate_5,candidate_3,candidate_1,0,candidate_2,5,0.028000000000000004
66,candidate_5,candidate_3,candidate_1,candidate_4,candidate_2,5,0.028000000000000004
67,0,candidate_3,candidate_1,candidate_4,candidate_2,5,0.028000000000000004
68,candidate_5,candidate_3,candidate_1,candidate_4,candidate_2,5,0.028000000000000004
69,candidate_5,candidate_3,candidate_1,candidate_4,candidate_2,5,0.028000000000000004
70,candidate_5,candidate_3,candidate_1,candidate_4,candidate_2,5,0.028000000000000004
71,candidate_5,0,candidate_1,candidate_4,candidate_2,5,0.028000000000000004
72,candidate_5,candidate_3,candidate_1,candidate_4,candidate_2,5,0.028000000000000004
73,candidate_5,candidate_3,candidate_1,candidate_4,candidate_2,5,0.028000000000000004
0,candidate_5,candidate_3,candidate_2,candidate_1,candidate_4,5,0.028000000000000004
1,candidate_5,candidate_3,candidate_2,candidate_1,candidate_4,5,0.028000000000000004
2,candidate_5,candidate_3,candidate_2,candidate_1,candidate_4,5,0.028000000000000004
3,candidate_5,candidate_3,candidate_2,candidate_1,candidate_4,5,0.028000000000000004
4,candidate_5,candidate_3,candidate_2,candidate_1,candidate_4,5,0.028000000000000004
5,candidate_5,candidate_3,candidate_2,candidate_1,candidate_4,5,0.028000000000000004
6,candidate_5,candidate_3,candidate_2,candidate_1,candidate_4,5,0.028000000000000004
7,candidate_5,candidate_3,candidate_2,candidate_1,candidate_4,5,0.028000000000000004
8,candidate_5,candidate_3,candidate_2,candidate_1,candidate_4,5,0.028000000000000004
9,candidate_5,candidate_3,candidate_2,candidate_1,candidate_4,5,0.028000000000000004
10,candidate_5,candidate_3,candidate_2,candidate_1,candidate_4,5,0.028000000000000004
11,candidate_5,candidate_3,candidate_2,candidate_1,candidate_4,5,0.028000000000000004
12,0,candidate_3,candidate_2,candidate_1,candidate_4,5,0.028000000000000004
13,candidate_5,candidate_3,candidate_2,candidate_1,candidate_4,5,0.028000000000000004
14,candidate_5,candidate_3,candidate_2,candidate_1,candidate_4,5,0.028000000000000004
15,candidate_5,candidate_3,candidate_2,candidate_1,candidate_4,5,0.028000000000000004
16,candidate_5,candidate_3,candidate_2,candidate_1,candidate_4,5,0.028000000000000004
17,candidate_5,candidate_3,candidate_2,candidate_1,candidate_4,5,0.028000000000000004
18,candidate_5,candidate_3,candidate_2,candidate_1,candidate_4,5,0.028000000000000004
19,candidate_5,candidate_3,0,candidate_1,candidate_4,5,0.028000000000000004
20,candidate_5,candidate_3,candidate_2,candidate_1,candidate_4,5,0.028000000000000004
21,candidate_5,candidate_3,candidate_2,candidate_1,candidate_4,5,0.028000000000000004
22,candidate_5,candidate_3,candidate_2,candidate_1,candidate_4,5,0.028000000000000004
23,candidate_5,candidate_3,candidate_2,candidate_1,candidate_4,5,0.028000000000000004
24,0,candidate_3,candidate_2,candidate_1,candidate_4,5,0.028000000000000004
25,candidate_5,candidate_3,candidate_2,candidate_1,candidate_4,5,0.028000000000000004
26,candidate_5,candidate_3,candidate_2,candidate_1,candidate_4,5,0.028000000000000004
27,candidate_5,candidate_3,candidate_2,candidate_1,candidate_4,5,0.028000000000000004
28,candidate_5,candidate_3,candidate_2,candidate_1,candidate_4,5,0.028000000000000004
29,0,candidate_3,candidate_2,candidate_1,candidate_4,5,0.028000000000000004
30,candidate_5,candidate_3,candidate_2,candidate_1,candidate_4,5,0.028000000000000004
31,candidate_5,candidate_3,candidate_2,candidate_1,candidate_4,5,0.028000000000000004
32,candidate_5,candidate_3,candidate_2,candidate_1,candidate_4,5,0.028000000000000004
33,candidate_5,candidate_3,candidate_2,candidate_1,candidate_4,5,0.028000000000000004
34,candidate_5,candidate_3,candidate_2,candidate_1,candidate_4,5,0.028000000000000004
35,candidate_5,0,candidate_2,candidate_1,candidate_4,5,0.028000000000000004
36,candidate_5,candidate_3,candidate_2,candidate_1,candidate_4,5,0.028000000000000004
37,candidate_5,candidate_3,candidate_2,candidate_1,candidate_4,5,0.028000000000000004
38,candidate_5,candidate_3,candidate_2,candidate_1,candidate_4,5,0.028000000000000004
39,candidate_5,candidate_3,candidate_2,candidate_1,candidate_4,5,0.028000000000000004
40,candidate_5,candidate_3,candidate_2,candidate_1,candidate_4,5,0.028000000000000004
41,candidate_5,candidate_3,candidate_2,candidate_1,candidate_4,5,0.028000000000000004
42,candidate_5,candidate_3,candidate_2,candidate_1,candidate_4,5,0.028000000000000004
43,candidate_5,candidate_3,candidate_2,candidate_1,candidate_4,5,0.028000000000000004
44,candidate_5,candidate_3,candidate_2,candidate_1,candidate_4,5,0.028000000000000004
45,0,candidate_3,candidate_2,candidate_1,candidate_4,5,0.028000000000000004
46,candidate_5,candidate_3,candidate_2,candidate_1,candidate_4,5,0.028000000000000004
47,candidate_5,candidate_3,candidate_2,candidate_1,candidate_4,5,0.028000000000000004
48,candidate_5,candidate_3,0,candidate_1,candidate_4,5,0.028000000000000004
49,0,candidate_3,candidate_2,candidate_1,candidate_4,5,0.028000000000000004
50,candidate_5,candidate_3,candidate_2,candidate_1,candidate_4,5,0.028000000000000004
51,candidate_5,candidate_3,candidate_2,candidate_1,candidate_4,5,0.028000000000000004
52,candidate_5,candidate_3,candidate_2,candidate_1,candidate_4,5,0.028000000000000004
53,candidate_5,candidate_3,candidate_2,candidate_1,candidate_4,5,0.028000000000000004
54,candidate_5,candidate_3,candidate_2,candidate_1,candidate_4,5,0.028000000000000004
55,candidate_5,candidate_3,candidate_2,candidate_1,candidate_4,5,0.028000000000000004
56,candidate_5,candidate_3,0,candidate_1,candidate_4,5,0.028000000000000004
57,candidate_5,candidate_3,candidate_2,candidate_1,candidate_4,5,0.028000000000000004
58,candidate_5,candidate_3,candidate_2,candidate_1,candidate_4,5,0.028000000000000004
59,candidate_5,candidate_3,candidate_2,candidate_1,candidate_4,5,0.028000000000000004
60,candidate_5,candidate_3,candidate_2,candidate_1,candidate_4,5,0.028000000000000004
61,candidate_5,candidate_3,candidate_2,candidate_1,candidate_4,5,0.028000000000000004
62,candidate_5,candidate_3,candidate_2,candidate_1,candidate_4,5,0.028000000000000004
63,candidate_5,candidate_3,candidate_2,candidate_1,candidate_4,5,0.028000000000000004
64,candidate_5,candidate_3,candidate_2,candidate_1,candidate_4,5,0.028000000000000004
65,candidate_5,candidate_3,candidate_2,candidate_1,candidate_4,5,0.028000000000000004
66,candidate_5,candidate_3,candidate_2,candidate_1,candidate_4,5,0.028000000000000004
67,candidate_5,candidate_3,candidate_2,candidate_1,candidate_4,5,0.028000000000000004
68,candidate_5,candidate_3,0,candidate_1,candidate_4,5,0.028000000000000004
69,candidate_5,candidate_3,candidate_2,candidate_1,candidate_4,5,0.028000000000000004
70,candidate_5,candidate_3,candidate_2,candidate_1,candidate_4,5,0.028000000000000004
71,candidate_5,0,candidate_2,candidate_1,candidate_4,5,0.028000000000000004
72,candidate_5,candidate_3,candidate_2,candidate_1,candidate_4,5,0.028000000000000004
73,candidate_5,candidate_3,candidate_2,candidate_1,candidate_4,5,0.028000000000000004
74,candidate_5,candidate_3,candidate_2,candidate_1,candidate_4,5,0.028000000000000004
75,candidate_5,candidate_3,candidate_2,candidate_1,candidate_4,5,0.028000000000000004
76,candidate_5,candidate_3,candidate_2,candidate_1,candidate_4,5,0.028000000000000004
77,candidate_5,candidate_3,candidate_2,candidate_1,candidate_4,5,0.028000000000000004
78,candidate_5,candidate_3,candidate_2,candidate_1,candidate_4,5,0.028000000000000004
79,candidate_5,candidate_3,candidate_2,candidate_1,candidate_4,5,0.028000000000000004
80,candidate_5,candidate_3,candidate_2,candidate_1,candidate_4,5,0.028000000000000004
81,candidate_5,candidate_3,candidate_2,candidate_1,candidate_4,5,0.028000000000000004
82,candidate_5,candidate_3,candidate_2,candidate_1,candidate_4,5,0.028000000000000004
83,candidate_5,candidate_3,candidate_2,candidate_1,candidate_4,5,0.028000000000000004
84,candidate_5,candidate_3,candidate_2,candidate_1,candidate_4,5,0.028000000000000004
85,candidate_5,candidate_3,candidate_2,candidate_1,candidate_4,5,0.028000000000000004
86,candidate_5,candidate_3,candidate_2,candidate_1,candidate_4,5,0.028000000000000004
87,candidate_5,candidate_3,candidate_2,candidate_1,candidate_4,5,0.028000000000000004
88,candidate_5,candidate_3,0,candidate_1,candidate_4,5,0.028000000000000004
89,candidate_5,candidate_3,candidate_2,candidate_1,candidate_4,5,0.028000000000000004
90,candidate_5,candidate_3,candidate_2,candidate_1,0,5,0.028000000000000004
91,candidate_5,candidate_3,0,candidate_1,candidate_4,5,0.028000000000000004
92,candidate_5,candidate_3,candidate_2,candidate_1,candidate_4,5,0.028000000000000004
93,candidate_5,candidate_3,candidate_2,candidate_1,candidate_4,5,0.028000000000000004
94,candidate_5,candidate_3,candidate_2,candidate_1,candidate_4,5,0.028000000000000004
95,candidate_5,candidate_3,candidate_2,candidate_1,candidate_4,5,0.028000000000000004
96,candidate_5,candidate_3,candidate_2,candidate_1,candidate_4,5,0.028000000000000004
97,candidate_5,candidate_3,candidate_2,candidate_1,candidate_4,5,0.028000000000000004
98,candidate_5,candidate_3,candidate_2,candidate_1,candidate_4,5,0.028000000000000004
99,candidate_5,candidate_3,candidate_2,candidate_1,candidate_4,5,0.028000000000000004
100,candidate_5,candidate_3,candidate_2,candidate_1,candidate_4,5,0.028000000000000004
101,candidate_5,candidate_3,candidate_2,candidate_1,candidate_4,5,0.028000000000000004
102,candidate_5,candidate_3,candidate_2,candidate_1,candidate_4,5,0.028000000000000004
103,candidate_5,candidate_3,candidate_2,candidate_1,candidate_4,5,0.028000000000000004
104,candidate_5,candidate_3,candidate_2,candidate_1,candidate_4,5,0.028000000000000004
105,candidate_5,candidate_3,candidate_2,candidate_1,candidate_4,5,0.028000000000000004
106,candidate_5,candidate_3,candidate_2,candidate_1,candidate_4,5,0.028000000000000004
107,candidate_5,candidate_3,candidate_2,candidate_1,candidate_4,5,0.028000000000000004
108,candidate_5,candidate_3,candidate_2,candidate_1,candidate_4,5,0.028000000000000004
109,candidate_5,candidate_3,candidate_2,candidate_1,candidate_4,5,0.028000000000000004
110,candidate_5,candidate_3,candidate_2,candidate_1,candidate_4,5,0.028000000000000004
111,candidate_5,0,candidate_2,candidate_1,candidate_4,5,0.028000000000000004
112,candidate_5,candidate_3,candidate_2,candidate_1,candidate_4,5,0.028000000000000004
113,candidate_5,candidate_3,candidate_2,candidate_1,candidate_4,5,0.028000000000000004
114,candidate_5,candidate_3,0,candidate_1,candidate_4,5,0.028000000000000004
115,candidate_5,candidate_3,0,candidate_1,candidate_4,5,0.028000000000000004
116,candidate_5,candidate_3,candidate_2,candidate_1,0,5,0.028000000000000004
117,candidate_5,candidate_3,candidate_2,candidate_1,candidate_4,5,0.028000000000000004
118,candidate_5,candidate_3,candidate_2,candidate_1,candidate_4,5,0.028000000000000004
119,candidate_5,candidate_3,candidate_2,candidate_1,candidate_4,5,0.028000000000000004
120,candidate_5,candidate_3,candidate_2,candidate_1,candidate_4,5,0.028000000000000004
121,candidate_5,candidate_3,candidate_2,candidate_1,candidate_4,5,0.028000000000000004
122,candidate_5,candidate_3,candidate_2,candidate_1,candidate_4,5,0.028000000000000004
123,candidate_5,candidate_3,candidate_2,candidate_1,candidate_4,5,0.028000000000000004
124,candidate_5,candidate_3,candidate_2,candidate_1,candidate_4,5,0.028000000000000004
125,candidate_5,candidate_3,candidate_2,candidate_1,candidate_4,5,0.028000000000000004
126,candidate_5,candidate_3,candidate_2,candidate_1,candidate_4,5,0.028000000000000004
127,candidate_5,candidate_3,candidate_2,candidate_1,candidate_4,5,0.028000000000000004
128,candidate_5,candidate_3,candidate_2,candidate_1,candidate_4,5,0.028000000000000004
129,candidate_5,candidate_3,candidate_2,0,candidate_4,5,0.028000000000000004
130,candidate_5,candidate_3,candidate_2,candidate_1,candidate_4,5,0.028000000000000004
131,candidate_5,candidate_3,candidate_2,candidate_1,candidate_4,5,0.028000000000000004
132,candidate_5,candidate_3,candidate_2,candidate_1,candidate_4,5,0.028000000000000004
133,candidate_5,candidate_3,candidate_2,candidate_1,candidate_4,5,0.028000000000000004
134,candidate_5,candidate_3,candidate_2,candidate_1,candidate_4,5,0.028000000000000004
135,candidate_5,candidate_3,candidate_2,candidate_1,candidate_4,5,0.028000000000000004
136,candidate_5,candidate_3,candidate_2,candidate_1,candidate_4,5,0.028000000000000004
137,candidate_5,candidate_3,candidate_2,candidate_1,candidate_4,5,0.028000000000000004
138,0,candidate_3,candidate_2,candidate_1,candidate_4,5,0.028000000000000004
139,candidate_5,candidate_3,candidate_2,candidate_1,candidate_4,5,0.028000000000000004
140,candidate_5,candidate_3,candidate_2,candidate_1,candidate_4,5,0.028000000000000004
141,candidate_5,candidate_3,candidate_2,candidate_1,candidate_4,5,0.028000000000000004
142,candidate_5,candidate_3,candidate_2,0,candidate_4,5,0.028000000000000004
143,candidate_5,candidate_3,0,candidate_1,candidate_4,5,0.028000000000000004
144,candidate_5,candidate_3,candidate_2,candidate_1,candidate_4,5,0.028000000000000004
145,candidate_5,candidate_3,candidate_2,candidate_1,candidate_4,5,0.028000000000000004
146,candidate_5,candidate_3,candidate_2,candidate_1,candidate_4,5,0.028000000000000004
147,candidate_5,candidate_3,candidate_2,candidate_1,candidate_4,5,0.028000000000000004
148,candidate_5,candidate_3,candidate_2,candidate_1,candidate_4,5,0.028000000000000004
149,candidate_5,candidate_3,candidate_2,candidate_1,candidate_4,5,0.028000000000000004
150,candidate_5,candidate_3,candidate_2,candidate_1,candidate_4,5,0.028000000000000004
151,candidate_5,candidate_3,candidate_2,candidate_1,candidate_4,5,0.028000000000000004
152,candidate_5,candidate_3,0,candidate_1,candidate_4,5,0.028000000000000004
153,candidate_5,candidate_3,0,candidate_1,candidate_4,5,0.028000000000000004
154,candidate_5,candidate_3,candidate_2,candidate_1,candidate_4,5,0.028000000000000004
155,candidate_5,candidate_3,candidate_2,candidate_1,candidate_4,5,0.028000000000000004
156,candidate_5,candidate_3,candidate_2,candidate_1,candidate_4,5,0.028000000000000004
157,candidate_5,candidate_3,candidate_2,candidate_1,candidate_4,5,0.028000000000000004
158,candidate_5,candidate_3,candidate_2,candidate_1,candidate_4,5,0.028000000000000004
159,candidate_5,candidate_3,candidate_2,candidate_1,candidate_4,5,0.028000000000000004
160,candidate_5,candidate_3,candidate_2,candidate_1,candidate_4,5,0.028000000000000004
161,candidate_5,candidate_3,candidate_2,0,candidate_4,5,0.028000000000000004
162,candidate_5,candidate_3,candidate_2,candidate_1,candidate_4,5,0.028000000000000004
163,candidate_5,candidate_3,candidate_2,candidate_1,candidate_4,5,0.028000000000000004
164,candidate_5,candidate_3,candidate_2,candidate_1,candidate_4,5,0.028000000000000004
165,candidate_5,candidate_3,candidate_2,candidate_1,candidate_4,5,0.028000000000000004
166,candidate_5,candidate_3,candidate_2,candidate_1,candidate_4,5,0.028000000000000004
167,candidate_5,candidate_3,candidate_2,candidate_1,candidate_4,5,0.028000000000000004
168,candidate_5,candidate_3,candidate_2,candidate_1,candidate_4,5,0.028000000000000004
169,0,candidate_3,candidate_2,candidate_1,candidate_4,5,0.028000000000000004
170,candidate_5,candidate_3,candidate_2,candidate_1,candidate_4,5,0.028000000000000004
171,candidate_5,candidate_3,candidate_2,candidate_1,candidate_4,5,0.028000000000000004
172,candidate_5,candidate_3,candidate_2,candidate_1,candidate_4,5,0.028000000000000004
173,candidate_5,candidate_3,candidate_2,candidate_1,candidate_4,5,0.028000000000000004
174,candidate_5,candidate_3,candidate_2,candidate_1,candidate_4,5,0.028000000000000004
175,candidate_5,candidate_3,candidate_2,candidate_1,candidate_4,5,0.028000000000000004
176,candidate_5,candidate_3,candidate_2,candidate_1,candidate_4,5,0.028000000000000004
177,candidate_5,candidate_3,candidate_2,candidate_1,candidate_4,5,0.028000000000000004
178,candidate_5,candidate_3,candidate_2,0,candidate_4,5,0.028000000000000004
179,candidate_5,candidate_3,candidate_2,candidate_1,candidate_4,5,0.028000000000000004
180,candidate_5,candidate_3,candidate_2,candidate_1,candidate_4,5,0.028000000000000004
181,candidate_5,candidate_3,candidate_2,candidate_1,candidate_4,5,0.028000000000000004
182,candidate_5,candidate_3,candidate_2,candidate_1,candidate_4,5,0.028000000000000004
183,candidate_5,candidate_3,candidate_2,candidate_1,candidate_4,5,0.028000000000000004
184,candidate_5,candidate_3,candidate_2,candidate_1,candidate_4,5,0.028000000000000004
185,candidate_5,candidate_3,candidate_2,candidate_1,candidate_4,5,0.028000000000000004
186,candidate_5,candidate_3,candidate_2,candidate_1,candidate_4,5,0.028000000000000004
187,candidate_5,candidate_3,candidate_2,candidate_1,candidate_4,5,0.028000000000000004
188,candidate_5,candidate_3,candidate_2,candidate_1,candidate_4,5,0.028000000000000004
189,candidate_5,candidate_3,candidate_2,candidate_1,candidate_4,5,0.028000000000000004
190,candidate_5,candidate_3,candidate_2,candidate_1,candidate_4,5,0.028000000000000004
191,candidate_5,candidate_3,candidate_2,candidate_1,candidate_4,5,0.028000000000000004
192,candidate_5,candidate_3,candidate_2,candidate_1,candidate_4,5,0.028000000000000004
193,candidate_5,candidate_3,candidate_2,candidate_1,candidate_4,5,0.028000000000000004
194,candidate_5,candidate_3,candidate_2,candidate_1,candidate_4,5,0.028000000000000004
195,candidate_5,candidate_3,candidate_2,candidate_1,candidate_4,5,0.028000000000000004
196,candidate_5,candidate_3,candidate_2,candidate_1,candidate_4,5,0.028000000000000004
197,candidate_5,candidate_3,candidate_2,candidate_1,0,5,0.028000000000000004
198,candidate_5,candidate_3,candidate_2,candidate_1,candidate_4,5,0.028000000000000004
199,candidate_5,candidate_3,candidate_2,candidate_1,candidate_4,5,0.028000000000000004
200,candidate_5,candidate_3,candidate_2,candidate_1,candidate_4,5,0.028000000000000004
201,candidate_5,candidate_3,candidate_2,candidate_1,candidate_4,5,0.028000000000000004
202,candidate_5,candidate_3,candidate_2,candidate_1,candidate_4,5,0.028000000000000004
203,candidate_5,candidate_3,candidate_2,candidate_1,candidate_4,5,0.028000000000000004
204,candidate_5,candidate_3,candidate_2,candidate_1,candidate_4,5,0.028000000000000004
205,candidate_5,candidate_3,candidate_2,candidate_1,candidate_4,5,0.028000000000000004
206,candidate_5,candidate_3,candidate_2,candidate_1,candidate_4,5,0.028000000000000004
207,candidate_5,candidate_3,candidate_2,candidate_1,candidate_4,5,0.028000000000000004
208,candidate_5,candidate_3,candidate_2,candidate_1,candidate_4,5,0.028000000000000004
209,candidate_5,candidate_3,candidate_2,candidate_1,candidate_4,5,0.028000000000000004
210,candidate_5,candidate_3,candidate_2,candidate_1,candidate_4,5,0.028000000000000004
211,candidate_5,candidate_3,candidate_2,candidate_1,candidate_4,5,0.028000000000000004
212,candidate_5,candidate_3,candidate_2,candidate_1,candidate_4,5,0.028000000000000004
213,candidate_5,candidate_3,candidate_2,candidate_1,candidate_4,5,0.028000000000000004
214,candidate_5,candidate_3,candidate_2,candidate_1,candidate_4,5,0.028000000000000004
215,candidate_5,candidate_3,candidate_2,candidate_1,candidate_4,5,0.028000000000000004
216,candidate_5,candidate_3,candidate_2,candidate_1,candidate_4,5,0.028000000000000004
217,0,candidate_3,candidate_2,candidate_1,candidate_4,5,0.028000000000000004
218,candidate_5,candidate_3,candidate_2,candidate_1,candidate_4,5,0.028000000000000004
219,candidate_5,candidate_3,candidate_2,candidate_1,candidate_4,5,0.028000000000000004
220,candidate_5,candidate_3,candidate_2,candidate_1,candidate_4,5,0.028000000000000004
221,candidate_5,candidate_3,0,candidate_1,candidate_4,5,0.028000000000000004
222,candidate_5,candidate_3,candidate_2,candidate_1,candidate_4,5,0.028000000000000004
223,candidate_5,candidate_3,candidate_2,candidate_1,candidate_4,5,0.028000000000000004
224,candidate_5,candidate_3,candidate_2,candidate_1,candidate_4,5,0.028000000000000004
225,candidate_5,candidate_3,candidate_2,candidate_1,candidate_4,5,0.028000000000000004
226,candidate_5,candidate_3,candidate_2,candidate_1,candidate_4,5,0.028000000000000004
227,candidate_5,candidate_3,candidate_2,candidate_1,candidate_4,5,0.028000000000000004
228,candidate_5,candidate_3,candidate_2,candidate_1,candidate_4,5,0.028000000000000004
229,candidate_5,candidate_3,0,candidate_1,candidate_4,5,0.028000000000000004
230,candidate_5,candidate_3,candidate_2,candidate_1,candidate_4,5,0.028000000000000004
231,candidate_5,candidate_3,candidate_2,candidate_1,candidate_4,5,0.028000000000000004
232,candidate_5,candidate_3,candidate_2,candidate_1,candidate_4,5,0.028000000000000004
233,candidate_5,candidate_3,candidate_2,candidate_1,candidate_4,5,0.028000000000000004
234,candidate_5,candidate_3,candidate_2,candidate_1,0,5,0.028000000000000004
235,candidate_5,candidate_3,candidate_2,candidate_1,candidate_4,5,0.028000000000000004
236,candidate_5,candidate_3,candidate_2,candidate_1,candidate_4,5,0.028000000000000004
237,candidate_5,candidate_3,candidate_2,candidate_1,candidate_4,5,0.028000000000000004
238,candidate_5,candidate_3,candidate_2,candidate_1,candidate_4,5,0.028000000000000004
239,candidate_5,candidate_3,candidate_2,candidate_1,candidate_4,5,0.028000000000000004
240,candidate_5,candidate_3,candidate_2,candidate_1,candidate_4,5,0.028000000000000004
241,candidate_5,candidate_3,candidate_2,0,candidate_4,5,0.028000000000000004
242,candidate_5,candidate_3,candidate_2,candidate_1,candidate_4,5,0.028000000000000004
243,candidate_5,candidate_3,candidate_2,candidate_1,candidate_4,5,0.028000000000000004
244,candidate_5,candidate_3,candidate_2,candidate_1,candidate_4,5,0.028000000000000004
245,candidate_5,candidate_3,candidate_2,candidate_1,candidate_4,5,0.028000000000000004
246,candidate_5,candidate_3,candidate_2,candidate_1,candidate_4,5,0.028000000000000004
247,candidate_5,candidate_3,candidate_2,candidate_1,candidate_4,5,0.028000000000000004
248,candidate_5,candidate_3,candidate_2,candidate_1,candidate_4,5,0.028000000000000004
249,candidate_5,candidate_3,candidate_2,candidate_1,candidate_4,5,0.028000000000000004
250,candidate_5,candidate_3,candidate_2,candidate_1,candidate_4,5,0.028000000000000004
251,candidate_5,candidate_3,candidate_2,candidate_1,candidate_4,5,0.028000000000000004
252,candidate_5,candidate_3,candidate_2,candidate_1,candidate_4,5,0.028000000000000004
253,candidate_5,candidate_3,candidate_2,candidate_1,candidate_4,5,0.028000000000000004
254,candidate_5,candidate_3,candidate_2,candidate_1,candidate_4,5,0.028000000000000004
255,candidate_5,candidate_3,candidate_2,candidate_1,candidate_4,5,0.028000000000000004
256,candidate_5,candidate_3,candidate_2,candidate_1,candidate_4,5,0.028000000000000004
257,candidate_5,candidate_3,candidate_2,candidate_1,candidate_4,5,0.028000000000000004
258,candidate_5,candidate_3,candidate_2,candidate_1,candidate_4,5,0.028000000000000004
259,candidate_5,candidate_3,candidate_2,candidate_1,candidate_4,5,0.028000000000000004
260,candidate_5,candidate_3,candidate_2,candidate_1,candidate_4,5,0.028000000000000004
261,candidate_5,candidate_3,candidate_2,candidate_1,candidate_4,5,0.028000000000000004
262,candidate_5,candidate_3,candidate_2,candidate_1,candidate_4,5,0.028000000000000004
263,candidate_5,candidate_3,candidate_2,candidate_1,candidate_4,5,0.028000000000000004
264,candidate_5,candidate_3,candidate_2,candidate_1,candidate_4,5,0.028000000000000004
265,candidate_5,candidate_3,candidate_2,candidate_1,candidate_4,5,0.028000000000000004
266,candidate_5,candidate_3,candidate_2,candidate_1,candidate_4,5,0.028000000000000004
267,candidate_5,candidate_3,candidate_2,candidate_1,0,5,0.028000000000000004
268,candidate_5,candidate_3,candidate_2,candidate_1,candidate_4,5,0.028000000000000004
269,candidate_5,candidate_3,candidate_2,candidate_1,candidate_4,5,0.028000000000000004
270,0,candidate_3,candidate_2,candidate_1,candidate_4,5,0.028000000000000004
271,candidate_5,candidate_3,candidate_2,candidate_1,candidate_4,5,0.028000000000000004
272,candidate_5,candidate_3,candidate_2,candidate_1,candidate_4,5,0.028000000000000004
273,candidate_5,candidate_3,candidate_2,candidate_1,candidate_4,5,0.028000000000000004
274,candidate_5,candidate_3,candidate_2,candidate_1,candidate_4,5,0.028000000000000004
275,candidate_5,candidate_3,candidate_2,candidate_1,candidate_4,5,0.028000000000000004
276,candidate_5,candidate_3,candidate_2,0,candidate_4,5,0.028000000000000004
277,candidate_5,candidate_3,candidate_2,candidate_1,candidate_4,5,0.028000000000000004
278,candidate_5,candidate_3,candidate_2,candidate_1,candidate_4,5,0.028000000000000004
279,candidate_5,0,candidate_2,candidate_1,candidate_4,5,0.028000000000000004
280,candidate_5,candidate_3,candidate_2,candidate_1,candidate_4,5,0.028000000000000004
281,candidate_5,candidate_3,candidate_2,candidate_1,candidate_4,5,0.028000000000000004
282,candidate_5,candidate_3,candidate_2,candidate_1,candidate_4,5,0.028000000000000004
283,0,candidate_3,candidate_2,candidate_1,candidate_4,5,0.028000000000000004
284,candidate_5,candidate_3,candidate_2,candidate_1,candidate_4,5,0.028000000000000004
285,0,candidate_3,candidate_2,candidate_1,candidate_4,5,0.028000000000000004
286,candidate_5,candidate_3,candidate_2,candidate_1,candidate_4,5,0.028000000000000004
287,candidate_5,candidate_3,candidate_2,candidate_1,candidate_4,5,0.028000000000000004
288,candidate_5,candidate_3,candidate_2,candidate_1,candidate_4,5,0.028000000000000004
289,candidate_5,candidate_3,candidate_2,candidate_1,candidate_4,5,0.028000000000000004
290,candidate_5,candidate_3,candidate_2,candidate_1,candidate_4,5,0.028000000000000004
291,0,candidate_3,candidate_2,candidate_1,candidate_4,5,0.028000000000000004
292,candidate_5,candidate_3,candidate_2,candidate_1,candidate_4,5,0.028000000000000004
293,candidate_5,candidate_3,candidate_2,candidate_1,candidate_4,5,0.028000000000000004
294,candidate_5,candidate_3,candidate_2,candidate_1,candidate_4,5,0.028000000000000004
295,candidate_5,candidate_3,candidate_2,candidate_1,candidate_4,5,0.028000000000000004
296,candidate_5,candidate_3,candidate_2,candidate_1,candidate_4,5,0.028000000000000004
297,candidate_5,candidate_3,candidate_2,candidate_1,candidate_4,5,0.028000000000000004
298,candidate_5,candidate_3,candidate_2,candidate_1,candidate_4,5,0.028000000000000004
299,candidate_5,candidate_3,candidate_2,0,candidate_4,5,0.028000000000000004
300,candidate_5,candidate_3,candidate_2,candidate_1,candidate_4,5,0.028000000000000004
301,candidate_5,candidate_3,candidate_2,candidate_1,candidate_4,5,0.028000000000000004
302,candidate_5,candidate_3,candidate_2,candidate_1,candidate_4,5,0.028000000000000004
303,candidate_5,candidate_3,candidate_2,0,candidate_4,5,0.028000000000000004
304,candidate_5,candidate_3,candidate_2,candidate_1,candidate_4,5,0.028000000000000004
305,candidate_5,candidate_3,candidate_2,candidate_1,candidate_4,5,0.028000000000000004
306,candidate_5,0,candidate_2,candidate_1,candidate_4,5,0.028000000000000004
307,candidate_5,candidate_3,candidate_2,candidate_1,candidate_4,5,0.028000000000000004
308,candidate_5,candidate_3,candidate_2,candidate_1,candidate_4,5,0.028000000000000004
309,candidate_5,candidate_3,candidate_2,candidate_1,candidate_4,5,0.028000000000000004
310,candidate_5,candidate_3,candidate_2,candidate_1,candidate_4,5,0.028000000000000004
311,candidate_5,candidate_3,candidate_2,candidate_1,candidate_4,5,0.028000000000000004
312,candidate_5,candidate_3,candidate_2,candidate_1,candidate_4,5,0.028000000000000004
313,candidate_5,candidate_3,candidate_2,candidate_1,candidate_4,5,0.028000000000000004
314,candidate_5,candidate_3,candidate_2,candidate_1,candidate_4,5,0.028000000000000004
315,candidate_5,candidate_3,candidate_2,candidate_1,candidate_4,5,0.028000000000000004
316,candidate_5,candidate_3,candidate_2,candidate_1,candidate_4,5,0.028000000000000004
317,candidate_5,candidate_3,candidate_2,candidate_1,candidate_4,5,0.028000000000000004
318,candidate_5,candidate_3,candidate_2,candidate_1,candidate_4,5,0.028000000000000004
319,candidate_5,candidate_3,candidate_2,candidate_1,candidate_4,5,0.028000000000000004
320,candidate_5,candidate_3,candidate_2,candidate_1,candidate_4,5,0.028000000000000004
321,candidate_5,candidate_3,candidate_2,candidate_1,candidate_4,5,0.028000000000000004
322,0,candidate_3,candidate_2,candidate_1,candidate_4,5,0.028000000000000004
323,candidate_5,candidate_3,candidate_2,candidate_1,candidate_4,5,0.028000000000000004
324,candidate_5,candidate_3,candidate_2,candidate_1,candidate_4,5,0.028000000000000004
325,candidate_5,candidate_3,candidate_2,candidate_1,candidate_4,5,0.028000000000000004
326,candidate_5,candidate_3,candidate_2,candidate_1,candidate_4,5,0.028000000000000004
327,candidate_5,candidate_3,candidate_2,candidate_1,candidate_4,5,0.028000000000000004
328,candidate_5,candidate_3,candidate_2,candidate_1,candidate_4,5,0.028000000000000004
329,candidate_5,candidate_3,candidate_2,candidate_1,candidate_4,5,0.028000000000000004
330,candidate_5,candidate_3,candidate_2,candidate_1,0,5,0.028000000000000004
331,candidate_5,candidate_3,candidate_2,candidate_1,candidate_4,5,0.028000000000000004
332,candidate_5,candidate_3,candidate_2,candidate_1,candidate_4,5,0.028000000000000004
333,candidate_5,candidate_3,candidate_2,candidate_1,candidate_4,5,0.028000000000000004
334,candidate_5,candidate_3,candidate_2,candidate_1,candidate_4,5,0.028000000000000004
335,0,candidate_3,candidate_2,candidate_1,candidate_4,5,0.028000000000000004
336,candidate_5,candidate_3,candidate_2,candidate_1,candidate_4,5,0.028000000000000004
337,candidate_5,candidate_3,candidate_2,candidate_1,candidate_4,5,0.028000000000000004
338,candidate_5,candidate_3,candidate_2,candidate_1,candidate_4,5,0.028000000000000004
339,candidate_5,candidate_3,candidate_2,candidate_1,candidate_4,5,0.028000000000000004
340,candidate_5,candidate_3,candidate_2,candidate_1,candidate_4,5,0.028000000000000004
341,candidate_5,candidate_3,candidate_2,candidate_1,candidate_4,5,0.028000000000000004
342,candidate_5,candidate_3,candidate_2,candidate_1,candidate_4,5,0.028000000000000004
343,candidate_5,candidate_3,candidate_2,candidate_1,candidate_4,5,0.028000000000000004
344,candidate_5,candidate_3,candidate_2,candidate_1,candidate_4,5,0.028000000000000004
345,candidate_5,candidate_3,candidate_2,candidate_1,candidate_4,5,0.028000000000000004
346,candidate_5,candidate_3,candidate_2,candidate_1,candidate_4,5,0.028000000000000004
347,candidate_5,candidate_3,candidate_2,candidate_1,candidate_4,5,0.028000000000000004
348,candidate_5,candidate_3,candidate_2,candidate_1,candidate_4,5,0.028000000000000004
349,candidate_5,candidate_3,candidate_2,candidate_1,candidate_4,5,0.028000000000000004
350,candidate_5,candidate_3,candidate_2,candidate_1,candidate_4,5,0.028000000000000004
351,candidate_5,candidate_3,candidate_2,candidate_1,candidate_4,5,0.028000000000000004
352,candidate_5,candidate_3,candidate_2,candidate_1,candidate_4,5,0.028000000000000004
353,candidate_5,candidate_3,candidate_2,candidate_1,candidate_4,5,0.028000000000000004
354,candidate_5,candidate_3,candidate_2,candidate_1,candidate_4,5,0.028000000000000004
355,candidate_5,candidate_3,candidate_2,candidate_1,candidate_4,5,0.028000000000000004
356,candidate_5,candidate_3,candidate_2,candidate_1,candidate_4,5,0.028000000000000004
357,candidate_5,candidate_3,candidate_2,candidate_1,candidate_4,5,0.028000000000000004
358,candidate_5,candidate_3,candidate_2,candidate_1,candidate_4,5,0.028000000000000004
359,candidate_5,candidate_3,candidate_2,candidate_1,candidate_4,5,0.028000000000000004
360,candidate_5,candidate_3,candidate_2,candidate_1,candidate_4,5,0.028000000000000004
361,candidate_5,candidate_3,candidate_2,candidate_1,candidate_4,5,0.028000000000000004
362,candidate_5,candidate_3,candidate_2,candidate_1,candidate_4,5,0.028000000000000004
363,candidate_5,candidate_3,candidate_2,candidate_1,candidate_4,5,0.028000000000000004
364,candidate_5,candidate_3,candidate_2,candidate_1,candidate_4,5,0.028000000000000004
365,candidate_5,candidate_3,candidate_2,candidate_1,candidate_4,5,0.028000000000000004
366,candidate_5,candidate_3,candidate_2,candidate_1,candidate_4,5,0.028000000000000004
367,candidate_5,candidate_3,candidate_2,candidate_1,candidate_4,5,0.028000000000000004
368,candidate_5,candidate_3,candidate_2,candidate_1,candidate_4,5,0.028000000000000004
369,candidate_5,candidate_3,candidate_2,candidate_1,candidate_4,5,0.028000000000000004
370,candidate_5,candidate_3,candidate_2,candidate_1,candidate_4,5,0.028000000000000004
371,candidate_5,candidate_3,candidate_2,candidate_1,candidate_4,5,0.028000000000000004
372,candidate_5,candidate_3,candidate_2,candidate_1,candidate_4,5,0.028000000000000004
373,candidate_5,candidate_3,candidate_2,candidate_1,candidate_4,5,0.028000000000000004
374,candidate_5,candidate_3,candidate_2,candidate_1,candidate_4,5,0.028000000000000004
375,candidate_5,candidate_3,candidate_2,candidate_1,candidate_4,5,0.028000000000000004
376,candidate_5,candidate_3,0,candidate_1,candidate_4,5,0.028000000000000004
377,candidate_5,candidate_3,candidate_2,candidate_1,candidate_4,5,0.028000000000000004
378,candidate_5,candidate_3,candidate_2,candidate_1,candidate_4,5,0.028000000000000004
379,candidate_5,candidate_3,candidate_2,candidate_1,candidate_4,5,0.028000000000000004
380,candidate_5,candidate_3,candidate_2,candidate_1,candidate_4,5,0.028000000000000004
381,candidate_5,candidate_3,candidate_2,candidate_1,candidate_4,5,0.028000000000000004
382,candidate_5,candidate_3,candidate_2,candidate_1,candidate_4,5,0.028000000000000004
383,candidate_5,candidate_3,candidate_2,candidate_1,0,5,0.028000000000000004
384,candidate_5,candidate_3,candidate_2,candidate_1,candidate_4,5,0.028000000000000004
385,candidate_5,candidate_3,candidate_2,candidate_1,candidate_4,5,0.028000000000000004
386,candidate_5,candidate_3,candidate_2,candidate_1,candidate_4,5,0.028000000000000004
387,candidate_5,candidate_3,candidate_2,candidate_1,candidate_4,5,0.028000000000000004
388,candidate_5,candidate_3,candidate_2,candidate_1,candidate_4,5,0.028000000000000004
389,candidate_5,candidate_3,candidate_2,candidate_1,candidate_4,5,0.028000000000000004
390,candidate_5,candidate_3,candidate_2,candidate_1,candidate_4,5,0.028000000000000004
391,candidate_5,candidate_3,candidate_2,candidate_1,candidate_4,5,0.028000000000000004
392,candidate_5,candidate_3,candidate_2,candidate_1,candidate_4,5,0.028000000000000004
393,candidate_5,candidate_3,candidate_2,candidate_1,candidate_4,5,0.028000000000000004
394,candidate_5,candidate_3,candidate_2,candidate_1,candidate_4,5,0.028000000000000004
395,candidate_5,candidate_3,candidate_2,candidate_1,candidate_4,5,0.028000000000000004
396,candidate_5,candidate_3,candidate_2,candidate_1,candidate_4,5,0.028000000000000004
397,candidate_5,candidate_3,0,candidate_1,candidate_4,5,0.028000000000000004
398,candidate_5,candidate_3,candidate_2,candidate_1,candidate_4,5,0.028000000000000004
399,candidate_5,0,candidate_2,candidate_1,candidate_4,5,0.028000000000000004
400,candidate_5,candidate_3,candidate_2,candidate_1,candidate_4,5,0.028000000000000004
401,candidate_5,candidate_3,candidate_2,candidate_1,0,5,0.028000000000000004
402,candidate_5,candidate_3,candidate_2,candidate_1,candidate_4,5,0.028000000000000004
403,candidate_5,candidate_3,candidate_2,candidate_1,candidate_4,5,0.028000000000000004
404,candidate_5,candidate_3,candidate_2,candidate_1,candidate_4,5,0.028000000000000004
405,candidate_5,candidate_3,candidate_2,candidate_1,candidate_4,5,0.028000000000000004
406,candidate_5,candidate_3,candidate_2,candidate_1,candidate_4,5,0.028000000000000004
407,candidate_5,candidate_3,candidate_2,candidate_1,candidate_4,5,0.028000000000000004
408,candidate_5,candidate_3,candidate_2,candidate_1,candidate_4,5,0.028000000000000004
409,candidate_5,candidate_3,candidate_2,candidate_1,candidate_4,5,0.028000000000000004
410,candidate_5,candidate_3,candidate_2,candidate_1,candidate_4,5,0.028000000000000004
411,candidate_5,candidate_3,candidate_2,candidate_1,candidate_4,5,0.028000000000000004
412,candidate_5,candidate_3,candidate_2,candidate_1,candidate_4,5,0.028000000000000004
413,candidate_5,candidate_3,candidate_2,candidate_1,candidate_4,5,0.028000000000000004
414,candidate_5,candidate_3,candidate_2,candidate_1,candidate_4,5,0.028000000000000004
415,candidate_5,candidate_3,candidate_2,candidate_1,candidate_4,5,0.028000000000000004
416,candidate_5,candidate_3,candidate_2,candidate_1,candidate_4,5,0.028000000000000004
417,candidate_5,candidate_3,candidate_2,candidate_1,candidate_4,5,0.028000000000000004
418,candidate_5,candidate_3,candidate_2,candidate_1,candidate_4,5,0.028000000000000004
419,candidate_5,candidate_3,candidate_2,candidate_1,candidate_4,5,0.028000000000000004
420,candidate_5,candidate_3,candidate_2,candidate_1,candidate_4,5,0.028000000000000004
421,candidate_5,candidate_3,candidate_2,candidate_1,0,5,0.028000000000000004
422,candidate_5,candidate_3,candidate_2,candidate_1,candidate_4,5,0.028000000000000004
423,candidate_5,candidate_3,candidate_2,candidate_1,candidate_4,5,0.028000000000000004
424,candidate_5,candidate_3,candidate_2,candidate_1,candidate_4,5,0.028000000000000004
425,candidate_5,candidate_3,candidate_2,candidate_1,candidate_4,5,0.028000000000000004
426,candidate_5,candidate_3,candidate_2,candidate_1,candidate_4,5,0.028000000000000004
427,candidate_5,candidate_3,candidate_2,candidate_1,candidate_4,5,0.028000000000000004
428,0,candidate_3,candidate_2,candidate_1,candidate_4,5,0.028000000000000004
429,candidate_5,candidate_3,candidate_2,candidate_1,candidate_4,5,0.028000000000000004
430,candidate_5,candidate_3,candidate_2,candidate_1,candidate_4,5,0.028000000000000004
431,candidate_5,candidate_3,candidate_2,candidate_1,candidate_4,5,0.028000000000000004
432,candidate_5,candidate_3,candidate_2,candidate_1,candidate_4,5,0.028000000000000004
433,candidate_5,candidate_3,candidate_2,candidate_1,candidate_4,5,0.028000000000000004
434,candidate_5,candidate_3,candidate_2,candidate_1,candidate_4,5,0.028000000000000004
435,candidate_5,candidate_3,candidate_2,candidate_1,candidate_4,5,0.028000000000000004
436,candidate_5,candidate_3,candidate_2,candidate_1,candidate_4,5,0.028000000000000004
0,candidate_5,candidate_3,candidate_2,candidate_4,candidate_1,5,0.028000000000000004
1,candidate_5,candidate_3,candidate_2,candidate_4,candidate_1,5,0.028000000000000004
2,candidate_5,candidate_3,candidate_2,candidate_4,candidate_1,5,0.028000000000000004
3,candidate_5,candidate_3,candidate_2,candidate_4,candidate_1,5,0.028000000000000004
4,candidate_5,candidate_3,candidate_2,candidate_4,candidate_1,5,0.028000000000000004
5,candidate_5,candidate_3,candidate_2,candidate_4,candidate_1,5,0.028000000000000004
6,candidate_5,candidate_3,0,candidate_4,candidate_1,5,0.028000000000000004
7,candidate_5,candidate_3,candidate_2,candidate_4,candidate_1,5,0.028000000000000004
8,candidate_5,candidate_3,candidate_2,candidate_4,candidate_1,5,0.028000000000000004
9,candidate_5,candidate_3,candidate_2,candidate_4,candidate_1,5,0.028000000000000004
10,candidate_5,candidate_3,candidate_2,candidate_4,candidate_1,5,0.028000000000000004
11,candidate_5,candidate_3,0,candidate_4,candidate_1,5,0.028000000000000004
12,candidate_5,candidate_3,candidate_2,candidate_4,candidate_1,5,0.028000000000000004
13,candidate_5,candidate_3,candidate_2,candidate_4,candidate_1,5,0.028000000000000004
14,candidate_5,candidate_3,candidate_2,candidate_4,candidate_1,5,0.028000000000000004
15,candidate_5,candidate_3,candidate_2,candidate_4,candidate_1,5,0.028000000000000004
16,candidate_5,candidate_3,candidate_2,candidate_4,candidate_1,5,0.028000000000000004
17,candidate_5,candidate_3,candidate_2,candidate_4,candidate_1,5,0.028000000000000004
18,candidate_5,candidate_3,candidate_2,candidate_4,candidate_1,5,0.028000000000000004
19,candidate_5,candidate_3,candidate_2,candidate_4,candidate_1,5,0.028000000000000004
20,candidate_5,candidate_3,candidate_2,candidate_4,candidate_1,5,0.028000000000000004
21,candidate_5,candidate_3,candidate_2,candidate_4,candidate_1,5,0.028000000000000004
22,candidate_5,candidate_3,0,candidate_4,candidate_1,5,0.028000000000000004
23,candidate_5,candidate_3,candidate_2,candidate_4,candidate_1,5,0.028000000000000004
24,candidate_5,candidate_3,candidate_2,candidate_4,candidate_1,5,0.028000000000000004
25,candidate_5,candidate_3,candidate_2,candidate_4,candidate_1,5,0.028000000000000004
26,candidate_5,candidate_3,candidate_2,candidate_4,candidate_1,5,0.028000000000000004
27,candidate_5,candidate_3,0,candidate_4,candidate_1,5,0.028000000000000004
28,candidate_5,candidate_3,candidate_2,candidate_4,candidate_1,5,0.028000000000000004
29,candidate_5,candidate_3,candidate_2,candidate_4,candidate_1,5,0.028000000000000004
30,candidate_5,candidate_3,candidate_2,candidate_4,candidate_1,5,0.028000000000000004
31,candidate_5,candidate_3,0,candidate_4,candidate_1,5,0.028000000000000004
32,candidate_5,candidate_3,candidate_2,candidate_4,candidate_1,5,0.028000000000000004
33,candidate_5,candidate_3,candidate_2,candidate_4,candidate_1,5,0.028000000000000004
34,candidate_5,candidate_3,candidate_2,candidate_4,candidate_1,5,0.028000000000000004
35,candidate_5,candidate_3,candidate_2,candidate_4,candidate_1,5,0.028000000000000004
36,candidate_5,candidate_3,candidate_2,candidate_4,candidate_1,5,0.028000000000000004
37,candidate_5,candidate_3,0,candidate_4,candidate_1,5,0.028000000000000004
38,candidate_5,candidate_3,candidate_2,candidate_4,candidate_1,5,0.028000000000000004
39,candidate_5,candidate_3,candidate_2,candidate_4,candidate_1,5,0.028000000000000004
40,candidate_5,candidate_3,candidate_2,candidate_4,candidate_1,5,0.028000000000000004
41,candidate_5,candidate_3,candidate_2,candidate_4,candidate_1,5,0.028000000000000004
42,candidate_5,candidate_3,candidate_2,candidate_4,candidate_1,5,0.028000000000000004
43,candidate_5,candidate_3,candidate_2,0,candidate_1,5,0.028000000000000004
44,candidate_5,candidate_3,candidate_2,candidate_4,candidate_1,5,0.028000000000000004
45,candidate_5,candidate_3,candidate_2,candidate_4,candidate_1,5,0.028000000000000004
46,candidate_5,candidate_3,candidate_2,candidate_4,candidate_1,5,0.028000000000000004
47,candidate_5,candidate_3,candidate_2,candidate_4,candidate_1,5,0.028000000000000004
48,candidate_5,0,candidate_2,candidate_4,candidate_1,5,0.028000000000000004
49,candidate_5,candidate_3,candidate_2,candidate_4,candidate_1,5,0.028000000000000004
50,candidate_5,candidate_3,candidate_2,candidate_4,candidate_1,5,0.028000000000000004
51,candidate_5,candidate_3,candidate_2,candidate_4,candidate_1,5,0.028000000000000004
52,candidate_5,candidate_3,candidate_2,candidate_4,candidate_1,5,0.028000000000000004
53,candidate_5,candidate_3,candidate_2,candidate_4,candidate_1,5,0.028000000000000004
54,candidate_5,candidate_3,candidate_2,candidate_4,candidate_1,5,0.028000000000000004
55,candidate_5,candidate_3,candidate_2,candidate_4,candidate_1,5,0.028000000000000004
56,candidate_5,candidate_3,candidate_2,candidate_4,candidate_1,5,0.028000000000000004
57,candidate_5,candidate_3,candidate_2,candidate_4,candidate_1,5,0.028000000000000004
58,candidate_5,candidate_3,candidate_2,candidate_4,candidate_1,5,0.028000000000000004
59,candidate_5,candidate_3,candidate_2,candidate_4,candidate_1,5,0.028000000000000004
60,candidate_5,candidate_3,candidate_2,candidate_4,candidate_1,5,0.028000000000000004
61,candidate_5,candidate_3,candidate_2,candidate_4,candidate_1,5,0.028000000000000004
62,0,candidate_3,candidate_2,candidate_4,candidate_1,5,0.028000000000000004
63,candidate_5,candidate_3,candidate_2,candidate_4,candidate_1,5,0.028000000000000004
64,candidate_5,candidate_3,candidate_2,candidate_4,candidate_1,5,0.028000000000000004
65,0,candidate_3,candidate_2,candidate_4,candidate_1,5,0.028000000000000004
66,candidate_5,candidate_3,candidate_2,candidate_4,candidate_1,5,0.028000000000000004
67,candidate_5,candidate_3,candidate_2,candidate_4,candidate_1,5,0.028000000000000004
68,candidate_5,candidate_3,candidate_2,candidate_4,candidate_1,5,0.028000000000000004
69,candidate_5,candidate_3,candidate_2,candidate_4,candidate_1,5,0.028000000000000004
70,candidate_5,candidate_3,candidate_2,candidate_4,candidate_1,5,0.028000000000000004
71,candidate_5,candidate_3,candidate_2,candidate_4,candidate_1,5,0.028000000000000004
72,candidate_5,candidate_3,candidate_2,0,candidate_1,5,0.028000000000000004
73,candidate_5,candidate_3,candidate_2,candidate_4,candidate_1,5,0.028000000000000004
74,candidate_5,candidate_3,candidate_2,candidate_4,candidate_1,5,0.028000000000000004
75,candidate_5,candidate_3,0,candidate_4,candidate_1,5,0.028000000000000004
76,candidate_5,candidate_3,candidate_2,candidate_4,candidate_1,5,0.028000000000000004
77,candidate_5,candidate_3,candidate_2,candidate_4,candidate_1,5,0.028000000000000004
78,candidate_5,candidate_3,candidate_2,candidate_4,candidate_1,5,0.028000000000000004
79,candidate_5,candidate_3,0,candidate_4,candidate_1,5,0.028000000000000004
80,candidate_5,candidate_3,candidate_2,candidate_4,candidate_1,5,0.028000000000000004
81,candidate_5,candidate_3,candidate_2,candidate_4,candidate_1,5,0.028000000000000004
82,candidate_5,candidate_3,candidate_2,candidate_4,candidate_1,5,0.028000000000000004
83,candidate_5,candidate_3,candidate_2,candidate_4,candidate_1,5,0.028000000000000004
84,candidate_5,candidate_3,candidate_2,candidate_4,candidate_1,5,0.028000000000000004
85,candidate_5,0,candidate_2,candidate_4,candidate_1,5,0.028000000000000004
86,candidate_5,candidate_3,candidate_2,candidate_4,candidate_1,5,0.028000000000000004
87,candidate_5,candidate_3,candidate_2,candidate_4,0,5,0.028000000000000004
88,candidate_5,candidate_3,candidate_2,candidate_4,candidate_1,5,0.028000000000000004
89,candidate_5,candidate_3,candidate_2,candidate_4,candidate_1,5,0.028000000000000004
90,candidate_5,candidate_3,0,candidate_4,candidate_1,5,0.028000000000000004
91,candidate_5,candidate_3,candidate_2,candidate_4,candidate_1,5,0.028000000000000004
92,0,candidate_3,candidate_2,candidate_4,candidate_1,5,0.028000000000000004
93,candidate_5,candidate_3,candidate_2,candidate_4,candidate_1,5,0.028000000000000004
94,candidate_5,candidate_3,candidate_2,candidate_4,candidate_1,5,0.028000000000000004
95,candidate_5,candidate_3,candidate_2,candidate_4,candidate_1,5,0.028000000000000004
96,candidate_5,candidate_3,candidate_2,candidate_4,candidate_1,5,0.028000000000000004
97,candidate_5,candidate_3,candidate_2,candidate_4,candidate_1,5,0.028000000000000004
98,candidate_5,candidate_3,candidate_2,candidate_4,candidate_1,5,0.028000000000000004
99,candidate_5,candidate_3,candidate_2,candidate_4,candidate_1,5,0.028000000000000004
100,candidate_5,candidate_3,candidate_2,candidate_4,candidate_1,5,0.028000000000000004
101,candidate_5,candidate_3,candidate_2,candidate_4,candidate_1,5,0.028000000000000004
102,candidate_5,candidate_3,candidate_2,candidate_4,candidate_1,5,0.028000000000000004
103,candidate_5,candidate_3,candidate_2,candidate_4,candidate_1,5,0.028000000000000004
104,candidate_5,candidate_3,candidate_2,candidate_4,candidate_1,5,0.028000000000000004
105,candidate_5,candidate_3,candidate_2,candidate_4,candidate_1,5,0.028000000000000004
106,candidate_5,candidate_3,candidate_2,candidate_4,candidate_1,5,0.028000000000000004
107,candidate_5,candidate_3,candidate_2,candidate_4,candidate_1,5,0.028000000000000004
108,candidate_5,candidate_3,candidate_2,candidate_4,candidate_1,5,0.028000000000000004
109,candidate_5,candidate_3,candidate_2,0,candidate_1,5,0.028000000000000004
110,candidate_5,candidate_3,candidate_2,candidate_4,candidate_1,5,0.028000000000000004
111,candidate_5,candidate_3,candidate_2,candidate_4,candidate_1,5,0.028000000000000004
112,candidate_5,candidate_3,candidate_2,candidate_4,candidate_1,5,0.028000000000000004
113,candidate_5,candidate_3,candidate_2,candidate_4,candidate_1,5,0.028000000000000004
114,candidate_5,candidate_3,candidate_2,candidate_4,candidate_1,5,0.028000000000000004
115,candidate_5,candidate_3,candidate_2,0,candidate_1,5,0.028000000000000004
116,candidate_5,candidate_3,candidate_2,candidate_4,candidate_1,5,0.028000000000000004
117,candidate_5,candidate_3,candidate_2,candidate_4,candidate_1,5,0.028000000000000004
118,candidate_5,candidate_3,candidate_2,candidate_4,candidate_1,5,0.028000000000000004
119,candidate_5,candidate_3,0,candidate_4,candidate_1,5,0.028000000000000004
120,0,candidate_3,candidate_2,candidate_4,candidate_1,5,0.028000000000000004
121,candidate_5,candidate_3,candidate_2,candidate_4,candidate_1,5,0.028000000000000004
122,candidate_5,candidate_3,candidate_2,candidate_4,candidate_1,5,0.028000000000000004
123,candidate_5,candidate_3,candidate_2,candidate_4,candidate_1,5,0.028000000000000004
124,candidate_5,candidate_3,candidate_2,candidate_4,candidate_1,5,0.028000000000000004
125,candidate_5,candidate_3,candidate_2,candidate_4,candidate_1,5,0.028000000000000004
126,candidate_5,candidate_3,candidate_2,candidate_4,candidate_1,5,0.028000000000000004
127,candidate_5,candidate_3,candidate_2,candidate_4,candidate_1,5,0.028000000000000004
128,candidate_5,candidate_3,candidate_2,candidate_4,candidate_1,5,0.028000000000000004
129,candidate_5,candidate_3,candidate_2,candidate_4,candidate_1,5,0.028000000000000004
130,candidate_5,candidate_3,candidate_2,candidate_4,candidate_1,5,0.028000000000000004
131,candidate_5,candidate_3,0,candidate_4,candidate_1,5,0.028000000000000004
132,candidate_5,candidate_3,candidate_2,candidate_4,candidate_1,5,0.028000000000000004
133,candidate_5,candidate_3,candidate_2,candidate_4,candidate_1,5,0.028000000000000004
134,candidate_5,candidate_3,candidate_2,candidate_4,candidate_1,5,0.028000000000000004
135,candidate_5,candidate_3,candidate_2,candidate_4,candidate_1,5,0.028000000000000004
136,candidate_5,candidate_3,candidate_2,0,candidate_1,5,0.028000000000000004
137,candidate_5,candidate_3,candidate_2,candidate_4,candidate_1,5,0.028000000000000004
138,candidate_5,candidate_3,candidate_2,candidate_4,candidate_1,5,0.028000000000000004
139,candidate_5,candidate_3,candidate_2,candidate_4,candidate_1,5,0.028000000000000004
140,candidate_5,candidate_3,candidate_2,candidate_4,candidate_1,5,0.028000000000000004
141,candidate_5,candidate_3,candidate_2,candidate_4,candidate_1,5,0.028000000000000004
142,candidate_5,candidate_3,candidate_2,candidate_4,candidate_1,5,0.028000000000000004
143,candidate_5,candidate_3,candidate_2,candidate_4,0,5,0.028000000000000004
144,candidate_5,candidate_3,candidate_2,candidate_4,candidate_1,5,0.028000000000000004
145,candidate_5,candidate_3,candidate_2,candidate_4,candidate_1,5,0.028000000000000004
146,candidate_5,candidate_3,candidate_2,candidate_4,candidate_1,5,0.028000000000000004
147,candidate_5,candidate_3,candidate_2,candidate_4,candidate_1,5,0.028000000000000004
148,candidate_5,candidate_3,candidate_2,candidate_4,candidate_1,5,0.028000000000000004
149,candidate_5,candidate_3,candidate_2,candidate_4,candidate_1,5,0.028000000000000004
150,candidate_5,candidate_3,candidate_2,candidate_4,candidate_1,5,0.028000000000000004
151,candidate_5,candidate_3,candidate_2,candidate_4,candidate_1,5,0.028000000000000004
152,0,candidate_3,candidate_2,candidate_4,candidate_1,5,0.028000000000000004
153,candidate_5,candidate_3,candidate_2,candidate_4,candidate_1,5,0.028000000000000004
154,candidate_5,candidate_3,candidate_2,candidate_4,candidate_1,5,0.028000000000000004
155,candidate_5,candidate_3,candidate_2,candidate_4,candidate_1,5,0.028000000000000004
156,candidate_5,candidate_3,0,candidate_4,candidate_1,5,0.028000000000000004
157,candidate_5,candidate_3,candidate_2,candidate_4,candidate_1,5,0.028000000000000004
158,candidate_5,candidate_3,candidate_2,candidate_4,candidate_1,5,0.028000000000000004
159,candidate_5,candidate_3,candidate_2,candidate_4,candidate_1,5,0.028000000000000004
160,candidate_5,candidate_3,candidate_2,candidate_4,candidate_1,5,0.028000000000000004
161,candidate_5,candidate_3,candidate_2,candidate_4,candidate_1,5,0.028000000000000004
162,candidate_5,candidate_3,candidate_2,candidate_4,candidate_1,5,0.028000000000000004
163,candidate_5,candidate_3,candidate_2,candidate_4,candidate_1,5,0.028000000000000004
164,candidate_5,candidate_3,candidate_2,candidate_4,candidate_1,5,0.028000000000000004
165,candidate_5,candidate_3,candidate_2,candidate_4,candidate_1,5,0.028000000000000004
166,candidate_5,candidate_3,candidate_2,candidate_4,candidate_1,5,0.028000000000000004
167,candidate_5,candidate_3,candidate_2,candidate_4,candidate_1,5,0.028000000000000004
168,candidate_5,candidate_3,candidate_2,candidate_4,candidate_1,5,0.028000000000000004
169,candidate_5,candidate_3,candidate_2,candidate_4,candidate_1,5,0.028000000000000004
170,candidate_5,candidate_3,candidate_2,candidate_4,candidate_1,5,0.028000000000000004
171,candidate_5,candidate_3,candidate_2,candidate_4,candidate_1,5,0.028000000000000004
172,candidate_5,candidate_3,candidate_2,candidate_4,candidate_1,5,0.028000000000000004
173,candidate_5,candidate_3,candidate_2,candidate_4,candidate_1,5,0.028000000000000004
174,candidate_5,candidate_3,candidate_2,candidate_4,candidate_1,5,0.028000000000000004
175,candidate_5,candidate_3,candidate_2,candidate_4,candidate_1,5,0.028000000000000004
176,candidate_5,candidate_3,candidate_2,candidate_4,candidate_1,5,0.028000000000000004
177,candidate_5,candidate_3,candidate_2,candidate_4,candidate_1,5,0.028000000000000004
178,0,candidate_3,candidate_2,candidate_4,candidate_1,5,0.028000000000000004
179,candidate_5,candidate_3,candidate_2,candidate_4,candidate_1,5,0.028000000000000004
180,candidate_5,candidate_3,candidate_2,candidate_4,candidate_1,5,0.028000000000000004
181,candidate_5,0,candidate_2,candidate_4,candidate_1,5,0.028000000000000004
182,candidate_5,candidate_3,candidate_2,candidate_4,candidate_1,5,0.028000000000000004
183,candidate_5,candidate_3,candidate_2,candidate_4,candidate_1,5,0.028000000000000004
184,candidate_5,candidate_3,0,candidate_4,candidate_1,5,0.028000000000000004
185,candidate_5,candidate_3,candidate_2,candidate_4,candidate_1,5,0.028000000000000004
186,candidate_5,candidate_3,candidate_2,candidate_4,candidate_1,5,0.028000000000000004
187,candidate_5,candidate_3,candidate_2,candidate_4,candidate_1,5,0.028000000000000004
188,candidate_5,candidate_3,candidate_2,candidate_4,candidate_1,5,0.028000000000000004
189,candidate_5,candidate_3,candidate_2,candidate_4,0,5,0.028000000000000004
190,candidate_5,candidate_3,candidate_2,candidate_4,candidate_1,5,0.028000000000000004
191,candidate_5,candidate_3,candidate_2,candidate_4,candidate_1,5,0.028000000000000004
192,candidate_5,candidate_3,candidate_2,candidate_4,candidate_1,5,0.028000000000000004
193,candidate_5,candidate_3,candidate_2,candidate_4,candidate_1,5,0.028000000000000004
194,candidate_5,candidate_3,candidate_2,candidate_4,candidate_1,5,0.028000000000000004
195,candidate_5,candidate_3,candidate_2,candidate_4,candidate_1,5,0.028000000000000004
196,candidate_5,candidate_3,candidate_2,candidate_4,candidate_1,5,0.028000000000000004
197,candidate_5,candidate_3,candidate_2,candidate_4,candidate_1,5,0.028000000000000004
198,candidate_5,candidate_3,candidate_2,candidate_4,candidate_1,5,0.028000000000000004
199,candidate_5,candidate_3,candidate_2,candidate_4,candidate_1,5,0.028000000000000004
200,0,candidate_3,candidate_2,candidate_4,candidate_1,5,0.028000000000000004
201,candidate_5,candidate_3,candidate_2,candidate_4,candidate_1,5,0.028000000000000004
202,candidate_5,candidate_3,candidate_2,candidate_4,candidate_1,5,0.028000000000000004
203,candidate_5,candidate_3,candidate_2,candidate_4,0,5,0.028000000000000004
204,candidate_5,candidate_3,candidate_2,candidate_4,candidate_1,5,0.028000000000000004
205,candidate_5,candidate_3,candidate_2,candidate_4,candidate_1,5,0.028000000000000004
206,candidate_5,candidate_3,candidate_2,candidate_4,candidate_1,5,0.028000000000000004
207,candidate_5,0,candidate_2,candidate_4,candidate_1,5,0.028000000000000004
208,candidate_5,candidate_3,candidate_2,candidate_4,candidate_1,5,0.028000000000000004
209,candidate_5,candidate_3,candidate_2,candidate_4,candidate_1,5,0.028000000000000004
210,candidate_5,candidate_3,candidate_2,0,candidate_1,5,0.028000000000000004
211,candidate_5,candidate_3,candidate_2,candidate_4,candidate_1,5,0.028000000000000004
212,candidate_5,candidate_3,candidate_2,candidate_4,candidate_1,5,0.028000000000000004
213,candidate_5,candidate_3,candidate_2,candidate_4,candidate_1,5,0.028000000000000004
214,candidate_5,candidate_3,candidate_2,0,candidate_1,5,0.028000000000000004
215,candidate_5,candidate_3,candidate_2,candidate_4,candidate_1,5,0.028000000000000004
216,candidate_5,candidate_3,candidate_2,candidate_4,candidate_1,5,0.028000000000000004
217,candidate_5,0,candidate_2,0,candidate_1,5,0.028000000000000004
218,candidate_5,0,candidate_2,0,candidate_1,5,0.028000000000000004
219,candidate_5,candidate_3,candidate_2,candidate_4,candidate_1,5,0.028000000000000004
220,candidate_5,candidate_3,candidate_2,candidate_4,candidate_1,5,0.028000000000000004
221,candidate_5,candidate_3,candidate_2,candidate_4,candidate_1,5,0.028000000000000004
222,candidate_5,candidate_3,candidate_2,candidate_4,candidate_1,5,0.028000000000000004
223,candidate_5,candidate_3,candidate_2,candidate_4,candidate_1,5,0.028000000000000004
224,candidate_5,candidate_3,candidate_2,candidate_4,candidate_1,5,0.028000000000000004
225,candidate_5,candidate_3,candidate_2,candidate_4,candidate_1,5,0.028000000000000004
226,candidate_5,candidate_3,candidate_2,candidate_4,candidate_1,5,0.028000000000000004
227,candidate_5,candidate_3,candidate_2,candidate_4,0,5,0.028000000000000004
228,candidate_5,candidate_3,candidate_2,candidate_4,candidate_1,5,0.028000000000000004
229,candidate_5,candidate_3,candidate_2,candidate_4,candidate_1,5,0.028000000000000004
230,candidate_5,candidate_3,candidate_2,candidate_4,candidate_1,5,0.028000000000000004
231,candidate_5,candidate_3,candidate_2,candidate_4,candidate_1,5,0.028000000000000004
232,0,candidate_3,0,candidate_4,candidate_1,5,0.028000000000000004
233,candidate_5,candidate_3,candidate_2,candidate_4,candidate_1,5,0.028000000000000004
234,candidate_5,candidate_3,candidate_2,candidate_4,candidate_1,5,0.028000000000000004
235,candidate_5,candidate_3,candidate_2,candidate_4,candidate_1,5,0.028000000000000004
236,candidate_5,candidate_3,candidate_2,0,candidate_1,5,0.028000000000000004
237,candidate_5,candidate_3,candidate_2,candidate_4,0,5,0.028000000000000004
238,candidate_5,candidate_3,candidate_2,candidate_4,candidate_1,5,0.028000000000000004
239,candidate_5,candidate_3,candidate_2,0,candidate_1,5,0.028000000000000004
240,candidate_5,candidate_3,candidate_2,candidate_4,candidate_1,5,0.028000000000000004
241,candidate_5,candidate_3,candidate_2,candidate_4,candidate_1,5,0.028000000000000004
242,candidate_5,candidate_3,candidate_2,candidate_4,candidate_1,5,0.028000000000000004
243,candidate_5,candidate_3,candidate_2,candidate_4,candidate_1,5,0.028000000000000004
244,candidate_5,candidate_3,candidate_2,candidate_4,candidate_1,5,0.028000000000000004
245,candidate_5,candidate_3,candidate_2,candidate_4,candidate_1,5,0.028000000000000004
246,candidate_5,candidate_3,candidate_2,candidate_4,candidate_1,5,0.028000000000000004
247,candidate_5,candidate_3,candidate_2,candidate_4,candidate_1,5,0.028000000000000004
248,candidate_5,candidate_3,candidate_2,candidate_4,candidate_1,5,0.028000000000000004
249,candidate_5,candidate_3,candidate_2,candidate_4,candidate_1,5,0.028000000000000004
250,candidate_5,candidate_3,candidate_2,candidate_4,candidate_1,5,0.028000000000000004
251,candidate_5,candidate_3,0,0,candidate_1,5,0.028000000000000004
252,candidate_5,candidate_3,candidate_2,candidate_4,candidate_1,5,0.028000000000000004
253,candidate_5,candidate_3,candidate_2,candidate_4,candidate_1,5,0.028000000000000004
254,candidate_5,candidate_3,candidate_2,candidate_4,candidate_1,5,0.028000000000000004
255,candidate_5,candidate_3,candidate_2,candidate_4,candidate_1,5,0.028000000000000004
256,candidate_5,candidate_3,candidate_2,candidate_4,candidate_1,5,0.028000000000000004
257,candidate_5,candidate_3,candidate_2,candidate_4,candidate_1,5,0.028000000000000004
258,candidate_5,candidate_3,candidate_2,candidate_4,candidate_1,5,0.028000000000000004
259,candidate_5,candidate_3,candidate_2,candidate_4,candidate_1,5,0.028000000000000004
260,candidate_5,candidate_3,candidate_2,candidate_4,candidate_1,5,0.028000000000000004
261,candidate_5,candidate_3,candidate_2,candidate_4,candidate_1,5,0.028000000000000004
262,candidate_5,0,candidate_2,candidate_4,candidate_1,5,0.028000000000000004
263,candidate_5,candidate_3,candidate_2,candidate_4,candidate_1,5,0.028000000000000004
264,candidate_5,candidate_3,candidate_2,candidate_4,candidate_1,5,0.028000000000000004
265,candidate_5,candidate_3,candidate_2,candidate_4,candidate_1,5,0.028000000000000004
266,candidate_5,candidate_3,candidate_2,candidate_4,candidate_1,5,0.028000000000000004
267,candidate_5,candidate_3,candidate_2,candidate_4,candidate_1,5,0.028000000000000004
268,candidate_5,candidate_3,candidate_2,candidate_4,candidate_1,5,0.028000000000000004
269,candidate_5,candidate_3,candidate_2,candidate_4,candidate_1,5,0.028000000000000004
270,candidate_5,candidate_3,candidate_2,candidate_4,candidate_1,5,0.028000000000000004
271,candidate_5,candidate_3,candidate_2,candidate_4,candidate_1,5,0.028000000000000004
272,candidate_5,candidate_3,candidate_2,0,candidate_1,5,0.028000000000000004
273,candidate_5,candidate_3,candidate_2,candidate_4,candidate_1,5,0.028000000000000004
274,candidate_5,candidate_3,candidate_2,candidate_4,candidate_1,5,0.028000000000000004
275,candidate_5,candidate_3,candidate_2,candidate_4,candidate_1,5,0.028000000000000004
276,candidate_5,candidate_3,candidate_2,candidate_4,candidate_1,5,0.028000000000000004
277,candidate_5,candidate_3,candidate_2,candidate_4,candidate_1,5,0.028000000000000004
278,candidate_5,candidate_3,candidate_2,candidate_4,candidate_1,5,0.028000000000000004
279,candidate_5,candidate_3,candidate_2,candidate_4,candidate_1,5,0.028000000000000004
280,candidate_5,candidate_3,candidate_2,candidate_4,candidate_1,5,0.028000000000000004
281,candidate_5,candidate_3,candidate_2,candidate_4,candidate_1,5,0.028000000000000004
282,candidate_5,0,candidate_2,candidate_4,candidate_1,5,0.028000000000000004
283,candidate_5,candidate_3,candidate_2,candidate_4,candidate_1,5,0.028000000000000004
284,candidate_5,candidate_3,candidate_2,candidate_4,candidate_1,5,0.028000000000000004
285,candidate_5,candidate_3,candidate_2,candidate_4,candidate_1,5,0.028000000000000004
286,candidate_5,candidate_3,candidate_2,candidate_4,candidate_1,5,0.028000000000000004
287,candidate_5,candidate_3,candidate_2,candidate_4,candidate_1,5,0.028000000000000004
288,candidate_5,candidate_3,candidate_2,candidate_4,candidate_1,5,0.028000000000000004
289,candidate_5,candidate_3,candidate_2,candidate_4,candidate_1,5,0.028000000000000004
290,candidate_5,candidate_3,candidate_2,0,candidate_1,5,0.028000000000000004
291,candidate_5,candidate_3,candidate_2,candidate_4,candidate_1,5,0.028000000000000004
292,candidate_5,candidate_3,candidate_2,candidate_4,candidate_1,5,0.028000000000000004
293,candidate_5,candidate_3,candidate_2,candidate_4,candidate_1,5,0.028000000000000004
294,candidate_5,candidate_3,candidate_2,candidate_4,candidate_1,5,0.028000000000000004
295,candidate_5,candidate_3,candidate_2,candidate_4,candidate_1,5,0.028000000000000004
296,candidate_5,candidate_3,candidate_2,candidate_4,candidate_1,5,0.028000000000000004
297,candidate_5,candidate_3,candidate_2,candidate_4,candidate_1,5,0.028000000000000004
298,candidate_5,candidate_3,0,candidate_4,candidate_1,5,0.028000000000000004
299,candidate_5,candidate_3,candidate_2,0,candidate_1,5,0.028000000000000004
300,candidate_5,candidate_3,candidate_2,candidate_4,candidate_1,5,0.028000000000000004
301,candidate_5,candidate_3,candidate_2,candidate_4,candidate_1,5,0.028000000000000004
302,candidate_5,candidate_3,candidate_2,candidate_4,candidate_1,5,0.028000000000000004
303,candidate_5,candidate_3,candidate_2,candidate_4,candidate_1,5,0.028000000000000004
304,candidate_5,candidate_3,candidate_2,candidate_4,candidate_1,5,0.028000000000000004
305,candidate_5,candidate_3,candidate_2,candidate_4,candidate_1,5,0.028000000000000004
306,candidate_5,candidate_3,candidate_2,candidate_4,candidate_1,5,0.028000000000000004
307,candidate_5,candidate_3,candidate_2,candidate_4,candidate_1,5,0.028000000000000004
308,candidate_5,candidate_3,candidate_2,candidate_4,candidate_1,5,0.028000000000000004
309,candidate_5,candidate_3,0,candidate_4,candidate_1,5,0.028000000000000004
310,candidate_5,candidate_3,candidate_2,candidate_4,candidate_1,5,0.028000000000000004
311,candidate_5,0,candidate_2,0,candidate_1,5,0.028000000000000004
312,candidate_5,candidate_3,candidate_2,candidate_4,candidate_1,5,0.028000000000000004
313,candidate_5,candidate_3,candidate_2,candidate_4,candidate_1,5,0.028000000000000004
314,candidate_5,candidate_3,candidate_2,candidate_4,candidate_1,5,0.028000000000000004
315,candidate_5,candidate_3,candidate_2,candidate_4,candidate_1,5,0.028000000000000004
316,0,candidate_3,candidate_2,candidate_4,candidate_1,5,0.028000000000000004
317,candidate_5,candidate_3,candidate_2,candidate_4,candidate_1,5,0.028000000000000004
318,candidate_5,candidate_3,candidate_2,candidate_4,candidate_1,5,0.028000000000000004
319,candidate_5,candidate_3,candidate_2,candidate_4,candidate_1,5,0.028000000000000004
320,candidate_5,candidate_3,candidate_2,candidate_4,candidate_1,5,0.028000000000000004
321,candidate_5,candidate_3,candidate_2,candidate_4,candidate_1,5,0.028000000000000004
322,candidate_5,candidate_3,candidate_2,candidate_4,candidate_1,5,0.028000000000000004
323,candidate_5,candidate_3,candidate_2,candidate_4,candidate_1,5,0.028000000000000004
324,candidate_5,candidate_3,candidate_2,0,candidate_1,5,0.028000000000000004
325,candidate_5,candidate_3,candidate_2,candidate_4,0,5,0.028000000000000004
326,candidate_5,candidate_3,candidate_2,candidate_4,candidate_1,5,0.028000000000000004
327,candidate_5,candidate_3,candidate_2,candidate_4,candidate_1,5,0.028000000000000004
328,candidate_5,candidate_3,candidate_2,candidate_4,candidate_1,5,0.028000000000000004
329,candidate_5,candidate_3,candidate_2,candidate_4,candidate_1,5,0.028000000000000004
330,candidate_5,candidate_3,candidate_2,candidate_4,candidate_1,5,0.028000000000000004
331,candidate_5,candidate_3,candidate_2,candidate_4,candidate_1,5,0.028000000000000004
332,candidate_5,candidate_3,candidate_2,candidate_4,candidate_1,5,0.028000000000000004
333,candidate_5,candidate_3,candidate_2,candidate_4,candidate_1,5,0.028000000000000004
334,candidate_5,candidate_3,candidate_2,candidate_4,candidate_1,5,0.028000000000000004
335,candidate_5,candidate_3,candidate_2,candidate_4,candidate_1,5,0.028000000000000004
336,candidate_5,candidate_3,candidate_2,candidate_4,0,5,0.028000000000000004
337,candidate_5,candidate_3,candidate_2,candidate_4,candidate_1,5,0.028000000000000004
338,candidate_5,candidate_3,candidate_2,candidate_4,candidate_1,5,0.028000000000000004
339,candidate_5,candidate_3,candidate_2,candidate_4,candidate_1,5,0.028000000000000004
340,candidate_5,candidate_3,candidate_2,candidate_4,candidate_1,5,0.028000000000000004
341,candidate_5,candidate_3,candidate_2,candidate_4,candidate_1,5,0.028000000000000004
342,candidate_5,candidate_3,candidate_2,candidate_4,candidate_1,5,0.028000000000000004
343,candidate_5,candidate_3,candidate_2,candidate_4,candidate_1,5,0.028000000000000004
344,candidate_5,candidate_3,candidate_2,candidate_4,candidate_1,5,0.028000000000000004
345,candidate_5,candidate_3,candidate_2,candidate_4,0,5,0.028000000000000004
346,candidate_5,candidate_3,candidate_2,candidate_4,candidate_1,5,0.028000000000000004
347,candidate_5,candidate_3,candidate_2,candidate_4,candidate_1,5,0.028000000000000004
348,candidate_5,candidate_3,candidate_2,candidate_4,candidate_1,5,0.028000000000000004
349,candidate_5,candidate_3,candidate_2,candidate_4,candidate_1,5,0.028000000000000004
350,candidate_5,candidate_3,candidate_2,candidate_4,candidate_1,5,0.028000000000000004
351,candidate_5,candidate_3,candidate_2,candidate_4,candidate_1,5,0.028000000000000004
352,candidate_5,candidate_3,candidate_2,candidate_4,candidate_1,5,0.028000000000000004
353,candidate_5,candidate_3,candidate_2,candidate_4,candidate_1,5,0.028000000000000004
354,candidate_5,candidate_3,candidate_2,candidate_4,candidate_1,5,0.028000000000000004
355,candidate_5,candidate_3,candidate_2,candidate_4,candidate_1,5,0.028000000000000004
356,candidate_5,candidate_3,candidate_2,candidate_4,candidate_1,5,0.028000000000000004
357,candidate_5,candidate_3,candidate_2,candidate_4,candidate_1,5,0.028000000000000004
358,candidate_5,candidate_3,candidate_2,0,candidate_1,5,0.028000000000000004
359,candidate_5,candidate_3,candidate_2,candidate_4,candidate_1,5,0.028000000000000004
360,candidate_5,candidate_3,candidate_2,candidate_4,candidate_1,5,0.028000000000000004
361,candidate_5,candidate_3,candidate_2,candidate_4,candidate_1,5,0.028000000000000004
362,candidate_5,candidate_3,candidate_2,candidate_4,candidate_1,5,0.028000000000000004
363,candidate_5,candidate_3,candidate_2,candidate_4,candidate_1,5,0.028000000000000004
364,candidate_5,candidate_3,candidate_2,candidate_4,candidate_1,5,0.028000000000000004
365,candidate_5,candidate_3,candidate_2,candidate_4,candidate_1,5,0.028000000000000004
366,candidate_5,candidate_3,candidate_2,candidate_4,candidate_1,5,0.028000000000000004
367,candidate_5,candidate_3,candidate_2,candidate_4,candidate_1,5,0.028000000000000004
368,candidate_5,candidate_3,candidate_2,candidate_4,candidate_1,5,0.028000000000000004
369,candidate_5,candidate_3,candidate_2,candidate_4,candidate_1,5,0.028000000000000004
370,candidate_5,candidate_3,candidate_2,candidate_4,candidate_1,5,0.028000000000000004
371,candidate_5,candidate_3,candidate_2,candidate_4,candidate_1,5,0.028000000000000004
372,candidate_5,candidate_3,candidate_2,candidate_4,0,5,0.028000000000000004
373,candidate_5,candidate_3,candidate_2,candidate_4,candidate_1,5,0.028000000000000004
374,candidate_5,candidate_3,candidate_2,candidate_4,candidate_1,5,0.028000000000000004
375,candidate_5,candidate_3,candidate_2,candidate_4,candidate_1,5,0.028000000000000004
376,0,candidate_3,candidate_2,candidate_4,candidate_1,5,0.028000000000000004
377,candidate_5,candidate_3,candidate_2,candidate_4,candidate_1,5,0.028000000000000004
378,candidate_5,candidate_3,candidate_2,candidate_4,candidate_1,5,0.028000000000000004
379,candidate_5,candidate_3,0,candidate_4,candidate_1,5,0.028000000000000004
380,candidate_5,candidate_3,0,candidate_4,candidate_1,5,0.028000000000000004
381,candidate_5,candidate_3,candidate_2,candidate_4,candidate_1,5,0.028000000000000004
382,candidate_5,candidate_3,candidate_2,candidate_4,candidate_1,5,0.028000000000000004
383,candidate_5,candidate_3,candidate_2,candidate_4,candidate_1,5,0.028000000000000004
384,candidate_5,candidate_3,candidate_2,candidate_4,candidate_1,5,0.028000000000000004
385,candidate_5,candidate_3,candidate_2,candidate_4,candidate_1,5,0.028000000000000004
386,candidate_5,candidate_3,candidate_2,candidate_4,candidate_1,5,0.028000000000000004
387,candidate_5,candidate_3,candidate_2,candidate_4,candidate_1,5,0.028000000000000004
388,candidate_5,candidate_3,candidate_2,candidate_4,candidate_1,5,0.028000000000000004
389,0,candidate_3,candidate_2,candidate_4,candidate_1,5,0.028000000000000004
390,candidate_5,candidate_3,candidate_2,candidate_4,candidate_1,5,0.028000000000000004
391,candidate_5,candidate_3,candidate_2,candidate_4,candidate_1,5,0.028000000000000004
392,candidate_5,candidate_3,candidate_2,candidate_4,candidate_1,5,0.028000000000000004
393,candidate_5,candidate_3,0,candidate_4,candidate_1,5,0.028000000000000004
394,candidate_5,candidate_3,0,candidate_4,candidate_1,5,0.028000000000000004
395,candidate_5,candidate_3,candidate_2,candidate_4,candidate_1,5,0.028000000000000004
396,candidate_5,candidate_3,candidate_2,candidate_4,candidate_1,5,0.028000000000000004
397,candidate_5,candidate_3,candidate_2,candidate_4,candidate_1,5,0.028000000000000004
398,candidate_5,candidate_3,candidate_2,candidate_4,candidate_1,5,0.028000000000000004
399,candidate_5,candidate_3,candidate_2,candidate_4,candidate_1,5,0.028000000000000004
400,candidate_5,candidate_3,candidate_2,candidate_4,candidate_1,5,0.028000000000000004
401,candidate_5,candidate_3,candidate_2,candidate_4,candidate_1,5,0.028000000000000004
402,candidate_5,candidate_3,candidate_2,candidate_4,candidate_1,5,0.028000000000000004
403,candidate_5,candidate_3,candidate_2,candidate_4,candidate_1,5,0.028000000000000004
404,candidate_5,candidate_3,candidate_2,candidate_4,candidate_1,5,0.028000000000000004
405,candidate_5,candidate_3,candidate_2,candidate_4,candidate_1,5,0.028000000000000004
406,candidate_5,candidate_3,candidate_2,candidate_4,candidate_1,5,0.028000000000000004
407,candidate_5,candidate_3,candidate_2,candidate_4,candidate_1,5,0.028000000000000004
408,candidate_5,candidate_3,candidate_2,candidate_4,candidate_1,5,0.028000000000000004
409,candidate_5,candidate_3,candidate_2,candidate_4,candidate_1,5,0.028000000000000004
410,candidate_5,candidate_3,candidate_2,candidate_4,candidate_1,5,0.028000000000000004
411,candidate_5,candidate_3,candidate_2,candidate_4,candidate_1,5,0.028000000000000004
0,candidate_5,candidate_3,candidate_4,candidate_1,candidate_2,5,0.028000000000000004
1,candidate_5,candidate_3,candidate_4,candidate_1,candidate_2,5,0.028000000000000004
2,candidate_5,candidate_3,candidate_4,candidate_1,candidate_2,5,0.028000000000000004
3,candidate_5,candidate_3,candidate_4,candidate_1,candidate_2,5,0.028000000000000004
4,candidate_5,candidate_3,candidate_4,candidate_1,candidate_2,5,0.028000000000000004
5,candidate_5,candidate_3,candidate_4,candidate_1,candidate_2,5,0.028000000000000004
6,candidate_5,candidate_3,candidate_4,candidate_1,candidate_2,5,0.028000000000000004
7,candidate_5,candidate_3,candidate_4,candidate_1,candidate_2,5,0.028000000000000004
8,candidate_5,candidate_3,candidate_4,candidate_1,candidate_2,5,0.028000000000000004
9,candidate_5,candidate_3,candidate_4,candidate_1,candidate_2,5,0.028000000000000004
10,candidate_5,candidate_3,candidate_4,candidate_1,candidate_2,5,0.028000000000000004
11,candidate_5,candidate_3,candidate_4,candidate_1,candidate_2,5,0.028000000000000004
12,candidate_5,candidate_3,0,candidate_1,candidate_2,5,0.028000000000000004
13,candidate_5,candidate_3,candidate_4,0,candidate_2,5,0.028000000000000004
14,candidate_5,candidate_3,candidate_4,candidate_1,candidate_2,5,0.028000000000000004
15,candidate_5,candidate_3,candidate_4,candidate_1,candidate_2,5,0.028000000000000004
16,candidate_5,candidate_3,candidate_4,candidate_1,candidate_2,5,0.028000000000000004
17,candidate_5,candidate_3,candidate_4,candidate_1,candidate_2,5,0.028000000000000004
18,candidate_5,candidate_3,candidate_4,candidate_1,candidate_2,5,0.028000000000000004
19,candidate_5,candidate_3,candidate_4,candidate_1,candidate_2,5,0.028000000000000004
20,candidate_5,candidate_3,candidate_4,0,candidate_2,5,0.028000000000000004
21,candidate_5,candidate_3,candidate_4,0,candidate_2,5,0.028000000000000004
22,candidate_5,candidate_3,candidate_4,candidate_1,candidate_2,5,0.028000000000000004
23,candidate_5,candidate_3,candidate_4,candidate_1,candidate_2,5,0.028000000000000004
24,candidate_5,candidate_3,candidate_4,candidate_1,candidate_2,5,0.028000000000000004
25,candidate_5,candidate_3,candidate_4,candidate_1,candidate_2,5,0.028000000000000004
26,candidate_5,candidate_3,candidate_4,candidate_1,candidate_2,5,0.028000000000000004
27,candidate_5,candidate_3,candidate_4,candidate_1,candidate_2,5,0.028000000000000004
28,candidate_5,candidate_3,candidate_4,candidate_1,candidate_2,5,0.028000000000000004
29,candidate_5,candidate_3,candidate_4,candidate_1,candidate_2,5,0.028000000000000004
30,candidate_5,candidate_3,candidate_4,candidate_1,candidate_2,5,0.028000000000000004
31,candidate_5,candidate_3,0,candidate_1,candidate_2,5,0.028000000000000004
32,candidate_5,candidate_3,candidate_4,candidate_1,candidate_2,5,0.028000000000000004
33,candidate_5,candidate_3,candidate_4,candidate_1,candidate_2,5,0.028000000000000004
34,candidate_5,candidate_3,candidate_4,candidate_1,candidate_2,5,0.028000000000000004
35,candidate_5,candidate_3,candidate_4,candidate_1,candidate_2,5,0.028000000000000004
36,candidate_5,candidate_3,candidate_4,candidate_1,candidate_2,5,0.028000000000000004
37,candidate_5,candidate_3,candidate_4,candidate_1,candidate_2,5,0.028000000000000004
38,candidate_5,candidate_3,candidate_4,candidate_1,candidate_2,5,0.028000000000000004
39,candidate_5,candidate_3,candidate_4,candidate_1,candidate_2,5,0.028000000000000004
40,candidate_5,candidate_3,candidate_4,candidate_1,candidate_2,5,0.028000000000000004
41,candidate_5,candidate_3,candidate_4,candidate_1,candidate_2,5,0.028000000000000004
42,candidate_5,candidate_3,candidate_4,candidate_1,candidate_2,5,0.028000000000000004
43,candidate_5,candidate_3,candidate_4,candidate_1,candidate_2,5,0.028000000000000004
44,candidate_5,candidate_3,candidate_4,candidate_1,candidate_2,5,0.028000000000000004
45,candidate_5,candidate_3,candidate_4,candidate_1,candidate_2,5,0.028000000000000004
46,candidate_5,candidate_3,candidate_4,candidate_1,candidate_2,5,0.028000000000000004
47,candidate_5,candidate_3,candidate_4,0,candidate_2,5,0.028000000000000004
48,candidate_5,candidate_3,candidate_4,candidate_1,candidate_2,5,0.028000000000000004
49,candidate_5,candidate_3,candidate_4,candidate_1,candidate_2,5,0.028000000000000004
50,candidate_5,candidate_3,candidate_4,candidate_1,candidate_2,5,0.028000000000000004
51,candidate_5,candidate_3,candidate_4,candidate_1,candidate_2,5,0.028000000000000004
52,candidate_5,candidate_3,candidate_4,candidate_1,candidate_2,5,0.028000000000000004
53,candidate_5,candidate_3,candidate_4,candidate_1,candidate_2,5,0.028000000000000004
54,candidate_5,candidate_3,candidate_4,0,candidate_2,5,0.028000000000000004
55,candidate_5,candidate_3,candidate_4,candidate_1,candidate_2,5,0.028000000000000004
56,candidate_5,candidate_3,candidate_4,candidate_1,candidate_2,5,0.028000000000000004
57,candidate_5,candidate_3,0,candidate_1,candidate_2,5,0.028000000000000004
58,candidate_5,candidate_3,candidate_4,candidate_1,candidate_2,5,0.028000000000000004
59,candidate_5,candidate_3,candidate_4,candidate_1,candidate_2,5,0.028000000000000004
60,candidate_5,candidate_3,candidate_4,candidate_1,candidate_2,5,0.028000000000000004
61,candidate_5,candidate_3,candidate_4,candidate_1,candidate_2,5,0.028000000000000004
62,candidate_5,candidate_3,candidate_4,candidate_1,candidate_2,5,0.028000000000000004
63,candidate_5,candidate_3,candidate_4,candidate_1,candidate_2,5,0.028000000000000004
64,candidate_5,candidate_3,candidate_4,candidate_1,candidate_2,5,0.028000000000000004
65,candidate_5,candidate_3,candidate_4,candidate_1,candidate_2,5,0.028000000000000004
66,candidate_5,candidate_3,candidate_4,candidate_1,candidate_2,5,0.028000000000000004
67,candidate_5,candidate_3,candidate_4,candidate_1,candidate_2,5,0.028000000000000004
68,candidate_5,candidate_3,candidate_4,candidate_1,candidate_2,5,0.028000000000000004
69,candidate_5,candidate_3,candidate_4,candidate_1,candidate_2,5,0.028000000000000004
70,candidate_5,candidate_3,candidate_4,candidate_1,candidate_2,5,0.028000000000000004
71,candidate_5,candidate_3,candidate_4,candidate_1,candidate_2,5,0.028000000000000004
72,candidate_5,candidate_3,candidate_4,candidate_1,candidate_2,5,0.028000000000000004
73,candidate_5,candidate_3,candidate_4,candidate_1,candidate_2,5,0.028000000000000004
74,candidate_5,candidate_3,candidate_4,candidate_1,candidate_2,5,0.028000000000000004
75,candidate_5,candidate_3,candidate_4,candidate_1,candidate_2,5,0.028000000000000004
76,candidate_5,candidate_3,candidate_4,candidate_1,candidate_2,5,0.028000000000000004
77,candidate_5,candidate_3,candidate_4,candidate_1,candidate_2,5,0.028000000000000004
78,candidate_5,0,candidate_4,candidate_1,candidate_2,5,0.028000000000000004
79,candidate_5,candidate_3,candidate_4,candidate_1,candidate_2,5,0.028000000000000004
80,candidate_5,candidate_3,candidate_4,candidate_1,candidate_2,5,0.028000000000000004
81,candidate_5,candidate_3,candidate_4,candidate_1,candidate_2,5,0.028000000000000004
82,candidate_5,candidate_3,candidate_4,candidate_1,candidate_2,5,0.028000000000000004
83,candidate_5,candidate_3,candidate_4,candidate_1,candidate_2,5,0.028000000000000004
84,candidate_5,candidate_3,candidate_4,candidate_1,candidate_2,5,0.028000000000000004
85,candidate_5,candidate_3,candidate_4,candidate_1,candidate_2,5,0.028000000000000004
86,candidate_5,candidate_3,candidate_4,candidate_1,candidate_2,5,0.028000000000000004
87,candidate_5,candidate_3,candidate_4,candidate_1,candidate_2,5,0.028000000000000004
88,candidate_5,candidate_3,candidate_4,candidate_1,candidate_2,5,0.028000000000000004
89,candidate_5,candidate_3,candidate_4,candidate_1,candidate_2,5,0.028000000000000004
90,candidate_5,candidate_3,candidate_4,candidate_1,candidate_2,5,0.028000000000000004
91,candidate_5,candidate_3,candidate_4,candidate_1,candidate_2,5,0.028000000000000004
92,candidate_5,candidate_3,candidate_4,candidate_1,candidate_2,5,0.028000000000000004
93,candidate_5,candidate_3,candidate_4,candidate_1,candidate_2,5,0.028000000000000004
94,candidate_5,candidate_3,candidate_4,candidate_1,candidate_2,5,0.028000000000000004
95,candidate_5,candidate_3,candidate_4,candidate_1,candidate_2,5,0.028000000000000004
96,candidate_5,candidate_3,candidate_4,candidate_1,candidate_2,5,0.028000000000000004
97,candidate_5,candidate_3,candidate_4,candidate_1,candidate_2,5,0.028000000000000004
98,candidate_5,candidate_3,candidate_4,candidate_1,candidate_2,5,0.028000000000000004
99,candidate_5,candidate_3,candidate_4,candidate_1,candidate_2,5,0.028000000000000004
100,candidate_5,candidate_3,candidate_4,0,candidate_2,5,0.028000000000000004
101,candidate_5,candidate_3,candidate_4,candidate_1,candidate_2,5,0.028000000000000004
102,candidate_5,candidate_3,candidate_4,candidate_1,candidate_2,5,0.028000000000000004
103,candidate_5,candidate_3,candidate_4,candidate_1,candidate_2,5,0.028000000000000004
104,candidate_5,candidate_3,candidate_4,0,candidate_2,5,0.028000000000000004
105,candidate_5,candidate_3,candidate_4,candidate_1,candidate_2,5,0.028000000000000004
106,candidate_5,candidate_3,candidate_4,candidate_1,candidate_2,5,0.028000000000000004
107,candidate_5,candidate_3,candidate_4,candidate_1,candidate_2,5,0.028000000000000004
108,candidate_5,candidate_3,candidate_4,candidate_1,candidate_2,5,0.028000000000000004
109,candidate_5,candidate_3,candidate_4,candidate_1,candidate_2,5,0.028000000000000004
110,candidate_5,candidate_3,candidate_4,candidate_1,candidate_2,5,0.028000000000000004
111,candidate_5,candidate_3,candidate_4,candidate_1,candidate_2,5,0.028000000000000004
112,candidate_5,candidate_3,candidate_4,candidate_1,candidate_2,5,0.028000000000000004
113,candidate_5,candidate_3,candidate_4,candidate_1,candidate_2,5,0.028000000000000004
114,candidate_5,candidate_3,candidate_4,candidate_1,candidate_2,5,0.028000000000000004
115,candidate_5,candidate_3,candidate_4,candidate_1,candidate_2,5,0.028000000000000004
116,candidate_5,candidate_3,candidate_4,candidate_1,candidate_2,5,0.028000000000000004
117,candidate_5,candidate_3,candidate_4,candidate_1,0,5,0.028000000000000004
118,candidate_5,candidate_3,candidate_4,candidate_1,candidate_2,5,0.028000000000000004
119,candidate_5,candidate_3,candidate_4,candidate_1,candidate_2,5,0.028000000000000004
120,candidate_5,candidate_3,candidate_4,candidate_1,candidate_2,5,0.028000000000000004
121,candidate_5,candidate_3,candidate_4,candidate_1,candidate_2,5,0.028000000000000004
122,candidate_5,candidate_3,candidate_4,candidate_1,candidate_2,5,0.028000000000000004
123,candidate_5,candidate_3,candidate_4,candidate_1,candidate_2,5,0.028000000000000004
124,candidate_5,candidate_3,candidate_4,candidate_1,candidate_2,5,0.028000000000000004
125,candidate_5,candidate_3,candidate_4,candidate_1,candidate_2,5,0.028000000000000004
126,candidate_5,candidate_3,candidate_4,candidate_1,candidate_2,5,0.028000000000000004
127,candidate_5,candidate_3,candidate_4,candidate_1,candidate_2,5,0.028000000000000004
128,candidate_5,candidate_3,candidate_4,candidate_1,candidate_2,5,0.028000000000000004
129,candidate_5,candidate_3,candidate_4,candidate_1,candidate_2,5,0.028000000000000004
130,candidate_5,candidate_3,candidate_4,candidate_1,candidate_2,5,0.028000000000000004
131,candidate_5,candidate_3,candidate_4,candidate_1,candidate_2,5,0.028000000000000004
132,candidate_5,candidate_3,candidate_4,candidate_1,candidate_2,5,0.028000000000000004
133,candidate_5,candidate_3,candidate_4,candidate_1,candidate_2,5,0.028000000000000004
134,candidate_5,candidate_3,candidate_4,candidate_1,candidate_2,5,0.028000000000000004
135,candidate_5,candidate_3,candidate_4,candidate_1,candidate_2,5,0.028000000000000004
136,candidate_5,candidate_3,candidate_4,candidate_1,candidate_2,5,0.028000000000000004
137,candidate_5,candidate_3,candidate_4,candidate_1,candidate_2,5,0.028000000000000004
138,candidate_5,candidate_3,candidate_4,candidate_1,candidate_2,5,0.028000000000000004
139,candidate_5,candidate_3,candidate_4,candidate_1,candidate_2,5,0.028000000000000004
140,candidate_5,candidate_3,candidate_4,candidate_1,candidate_2,5,0.028000000000000004
141,candidate_5,candidate_3,candidate_4,candidate_1,candidate_2,5,0.028000000000000004
142,candidate_5,0,candidate_4,candidate_1,candidate_2,5,0.028000000000000004
143,candidate_5,candidate_3,candidate_4,candidate_1,candidate_2,5,0.028000000000000004
144,candidate_5,candidate_3,candidate_4,candidate_1,candidate_2,5,0.028000000000000004
145,candidate_5,candidate_3,candidate_4,candidate_1,candidate_2,5,0.028000000000000004
146,candidate_5,candidate_3,candidate_4,candidate_1,candidate_2,5,0.028000000000000004
147,candidate_5,candidate_3,candidate_4,candidate_1,candidate_2,5,0.028000000000000004
148,candidate_5,candidate_3,candidate_4,candidate_1,candidate_2,5,0.028000000000000004
149,candidate_5,candidate_3,candidate_4,candidate_1,candidate_2,5,0.028000000000000004
150,candidate_5,candidate_3,candidate_4,candidate_1,candidate_2,5,0.028000000000000004
151,candidate_5,candidate_3,candidate_4,candidate_1,candidate_2,5,0.028000000000000004
152,candidate_5,candidate_3,candidate_4,candidate_1,candidate_2,5,0.028000000000000004
153,candidate_5,candidate_3,candidate_4,candidate_1,candidate_2,5,0.028000000000000004
154,candidate_5,candidate_3,candidate_4,candidate_1,candidate_2,5,0.028000000000000004
155,candidate_5,candidate_3,candidate_4,candidate_1,candidate_2,5,0.028000000000000004
156,candidate_5,candidate_3,candidate_4,0,candidate_2,5,0.028000000000000004
157,candidate_5,candidate_3,candidate_4,candidate_1,candidate_2,5,0.028000000000000004
158,candidate_5,candidate_3,candidate_4,candidate_1,candidate_2,5,0.028000000000000004
159,candidate_5,candidate_3,candidate_4,0,candidate_2,5,0.028000000000000004
160,candidate_5,candidate_3,candidate_4,0,candidate_2,5,0.028000000000000004
161,candidate_5,candidate_3,candidate_4,candidate_1,candidate_2,5,0.028000000000000004
162,candidate_5,candidate_3,candidate_4,candidate_1,0,5,0.028000000000000004
163,candidate_5,0,candidate_4,candidate_1,candidate_2,5,0.028000000000000004
164,candidate_5,candidate_3,candidate_4,candidate_1,candidate_2,5,0.028000000000000004
165,candidate_5,candidate_3,candidate_4,candidate_1,candidate_2,5,0.028000000000000004
166,candidate_5,candidate_3,candidate_4,candidate_1,candidate_2,5,0.028000000000000004
167,candidate_5,candidate_3,candidate_4,candidate_1,candidate_2,5,0.028000000000000004
168,candidate_5,candidate_3,candidate_4,candidate_1,candidate_2,5,0.028000000000000004
169,candidate_5,0,candidate_4,candidate_1,candidate_2,5,0.028000000000000004
170,candidate_5,candidate_3,candidate_4,candidate_1,candidate_2,5,0.028000000000000004
171,candidate_5,candidate_3,candidate_4,candidate_1,candidate_2,5,0.028000000000000004
172,candidate_5,candidate_3,candidate_4,0,candidate_2,5,0.028000000000000004
173,candidate_5,candidate_3,candidate_4,candidate_1,candidate_2,5,0.028000000000000004
174,candidate_5,candidate_3,candidate_4,candidate_1,candidate_2,5,0.028000000000000004
175,candidate_5,candidate_3,candidate_4,candidate_1,candidate_2,5,0.028000000000000004
176,candidate_5,candidate_3,candidate_4,candidate_1,candidate_2,5,0.028000000000000004
177,candidate_5,candidate_3,candidate_4,candidate_1,0,5,0.028000000000000004
178,candidate_5,candidate_3,candidate_4,candidate_1,candidate_2,5,0.028000000000000004
179,candidate_5,candidate_3,candidate_4,candidate_1,candidate_2,5,0.028000000000000004
180,candidate_5,candidate_3,candidate_4,candidate_1,candidate_2,5,0.028000000000000004
181,candidate_5,candidate_3,candidate_4,candidate_1,candidate_2,5,0.028000000000000004
182,candidate_5,candidate_3,candidate_4,candidate_1,candidate_2,5,0.028000000000000004
183,candidate_5,candidate_3,candidate_4,candidate_1,candidate_2,5,0.028000000000000004
184,candidate_5,candidate_3,candidate_4,candidate_1,candidate_2,5,0.028000000000000004
185,candidate_5,candidate_3,candidate_4,candidate_1,candidate_2,5,0.028000000000000004
186,candidate_5,candidate_3,candidate_4,0,candidate_2,5,0.028000000000000004
187,candidate_5,candidate_3,candidate_4,candidate_1,candidate_2,5,0.028000000000000004
188,candidate_5,candidate_3,candidate_4,candidate_1,candidate_2,5,0.028000000000000004
189,candidate_5,candidate_3,candidate_4,candidate_1,candidate_2,5,0.028000000000000004
190,candidate_5,candidate_3,candidate_4,candidate_1,candidate_2,5,0.028000000000000004
191,candidate_5,candidate_3,candidate_4,candidate_1,candidate_2,5,0.028000000000000004
192,candidate_5,candidate_3,candidate_4,candidate_1,candidate_2,5,0.028000000000000004
193,candidate_5,candidate_3,candidate_4,candidate_1,candidate_2,5,0.028000000000000004
194,candidate_5,candidate_3,candidate_4,candidate_1,candidate_2,5,0.028000000000000004
195,candidate_5,candidate_3,candidate_4,candidate_1,candidate_2,5,0.028000000000000004
196,candidate_5,candidate_3,candidate_4,candidate_1,candidate_2,5,0.028000000000000004
197,candidate_5,candidate_3,candidate_4,candidate_1,candidate_2,5,0.028000000000000004
198,candidate_5,candidate_3,candidate_4,candidate_1,candidate_2,5,0.028000000000000004
199,candidate_5,candidate_3,candidate_4,candidate_1,candidate_2,5,0.028000000000000004
200,candidate_5,candidate_3,candidate_4,candidate_1,candidate_2,5,0.028000000000000004
201,candidate_5,candidate_3,candidate_4,candidate_1,candidate_2,5,0.028000000000000004
202,candidate_5,candidate_3,candidate_4,candidate_1,candidate_2,5,0.028000000000000004
203,0,candidate_3,candidate_4,candidate_1,candidate_2,5,0.028000000000000004
204,candidate_5,candidate_3,candidate_4,candidate_1,candidate_2,5,0.028000000000000004
205,candidate_5,candidate_3,candidate_4,candidate_1,0,5,0.028000000000000004
206,candidate_5,candidate_3,candidate_4,candidate_1,candidate_2,5,0.028000000000000004
207,candidate_5,candidate_3,candidate_4,candidate_1,candidate_2,5,0.028000000000000004
208,candidate_5,candidate_3,candidate_4,candidate_1,candidate_2,5,0.028000000000000004
209,candidate_5,candidate_3,candidate_4,candidate_1,candidate_2,5,0.028000000000000004
210,candidate_5,candidate_3,candidate_4,candidate_1,candidate_2,5,0.028000000000000004
211,candidate_5,candidate_3,candidate_4,candidate_1,candidate_2,5,0.028000000000000004
212,candidate_5,candidate_3,candidate_4,candidate_1,candidate_2,5,0.028000000000000004
213,candidate_5,candidate_3,candidate_4,candidate_1,candidate_2,5,0.028000000000000004
214,candidate_5,candidate_3,candidate_4,0,candidate_2,5,0.028000000000000004
215,candidate_5,candidate_3,candidate_4,candidate_1,candidate_2,5,0.028000000000000004
216,candidate_5,candidate_3,candidate_4,candidate_1,candidate_2,5,0.028000000000000004
217,candidate_5,0,candidate_4,candidate_1,candidate_2,5,0.028000000000000004
218,candidate_5,candidate_3,candidate_4,candidate_1,candidate_2,5,0.028000000000000004
219,candidate_5,candidate_3,candidate_4,candidate_1,candidate_2,5,0.028000000000000004
220,candidate_5,candidate_3,candidate_4,candidate_1,candidate_2,5,0.028000000000000004
221,candidate_5,candidate_3,candidate_4,candidate_1,candidate_2,5,0.028000000000000004
222,candidate_5,candidate_3,candidate_4,0,candidate_2,5,0.028000000000000004
223,candidate_5,candidate_3,candidate_4,candidate_1,candidate_2,5,0.028000000000000004
224,candidate_5,candidate_3,candidate_4,candidate_1,candidate_2,5,0.028000000000000004
225,candidate_5,candidate_3,candidate_4,candidate_1,candidate_2,5,0.028000000000000004
226,candidate_5,candidate_3,candidate_4,candidate_1,candidate_2,5,0.028000000000000004
227,candidate_5,candidate_3,candidate_4,candidate_1,candidate_2,5,0.028000000000000004
228,candidate_5,candidate_3,candidate_4,candidate_1,candidate_2,5,0.028000000000000004
229,candidate_5,candidate_3,candidate_4,candidate_1,candidate_2,5,0.028000000000000004
230,candidate_5,candidate_3,candidate_4,candidate_1,0,5,0.028000000000000004
231,candidate_5,candidate_3,candidate_4,candidate_1,candidate_2,5,0.028000000000000004
232,candidate_5,candidate_3,0,candidate_1,candidate_2,5,0.028000000000000004
233,candidate_5,candidate_3,candidate_4,candidate_1,candidate_2,5,0.028000000000000004
234,candidate_5,candidate_3,candidate_4,candidate_1,candidate_2,5,0.028000000000000004
235,candidate_5,candidate_3,candidate_4,candidate_1,candidate_2,5,0.028000000000000004
236,candidate_5,candidate_3,candidate_4,candidate_1,candidate_2,5,0.028000000000000004
237,candidate_5,candidate_3,candidate_4,candidate_1,candidate_2,5,0.028000000000000004
238,candidate_5,candidate_3,candidate_4,candidate_1,candidate_2,5,0.028000000000000004
239,candidate_5,candidate_3,candidate_4,candidate_1,candidate_2,5,0.028000000000000004
240,candidate_5,candidate_3,candidate_4,candidate_1,candidate_2,5,0.028000000000000004
241,candidate_5,candidate_3,candidate_4,candidate_1,candidate_2,5,0.028000000000000004
242,candidate_5,candidate_3,candidate_4,candidate_1,candidate_2,5,0.028000000000000004
243,candidate_5,candidate_3,candidate_4,0,candidate_2,5,0.028000000000000004
244,candidate_5,candidate_3,candidate_4,candidate_1,candidate_2,5,0.028000000000000004
245,candidate_5,candidate_3,candidate_4,candidate_1,candidate_2,5,0.028000000000000004
246,candidate_5,candidate_3,candidate_4,candidate_1,candidate_2,5,0.028000000000000004
247,candidate_5,candidate_3,candidate_4,candidate_1,candidate_2,5,0.028000000000000004
248,candidate_5,candidate_3,candidate_4,candidate_1,candidate_2,5,0.028000000000000004
249,candidate_5,candidate_3,candidate_4,candidate_1,candidate_2,5,0.028000000000000004
250,candidate_5,candidate_3,candidate_4,candidate_1,candidate_2,5,0.028000000000000004
251,candidate_5,candidate_3,candidate_4,candidate_1,candidate_2,5,0.028000000000000004
252,candidate_5,candidate_3,candidate_4,candidate_1,candidate_2,5,0.028000000000000004
253,candidate_5,candidate_3,candidate_4,candidate_1,candidate_2,5,0.028000000000000004
254,candidate_5,candidate_3,candidate_4,candidate_1,candidate_2,5,0.028000000000000004
255,candidate_5,candidate_3,candidate_4,candidate_1,candidate_2,5,0.028000000000000004
256,candidate_5,candidate_3,candidate_4,candidate_1,candidate_2,5,0.028000000000000004
257,candidate_5,candidate_3,0,candidate_1,candidate_2,5,0.028000000000000004
258,candidate_5,candidate_3,candidate_4,candidate_1,candidate_2,5,0.028000000000000004
259,candidate_5,candidate_3,candidate_4,candidate_1,candidate_2,5,0.028000000000000004
260,candidate_5,candidate_3,candidate_4,candidate_1,candidate_2,5,0.028000000000000004
261,candidate_5,candidate_3,candidate_4,candidate_1,candidate_2,5,0.028000000000000004
262,candidate_5,candidate_3,candidate_4,candidate_1,candidate_2,5,0.028000000000000004
263,candidate_5,candidate_3,candidate_4,candidate_1,candidate_2,5,0.028000000000000004
264,candidate_5,candidate_3,candidate_4,0,0,5,0.028000000000000004
265,candidate_5,candidate_3,candidate_4,candidate_1,candidate_2,5,0.028000000000000004
266,candidate_5,candidate_3,candidate_4,candidate_1,candidate_2,5,0.028000000000000004
267,candidate_5,candidate_3,candidate_4,candidate_1,candidate_2,5,0.028000000000000004
268,candidate_5,candidate_3,candidate_4,candidate_1,candidate_2,5,0.028000000000000004
269,candidate_5,0,candidate_4,candidate_1,candidate_2,5,0.028000000000000004
270,candidate_5,candidate_3,candidate_4,candidate_1,candidate_2,5,0.028000000000000004
271,candidate_5,candidate_3,candidate_4,candidate_1,candidate_2,5,0.028000000000000004
272,candidate_5,candidate_3,candidate_4,candidate_1,candidate_2,5,0.028000000000000004
273,candidate_5,candidate_3,candidate_4,candidate_1,candidate_2,5,0.028000000000000004
274,candidate_5,candidate_3,candidate_4,candidate_1,candidate_2,5,0.028000000000000004
275,candidate_5,candidate_3,candidate_4,candidate_1,candidate_2,5,0.028000000000000004
276,candidate_5,candidate_3,candidate_4,candidate_1,candidate_2,5,0.028000000000000004
277,candidate_5,candidate_3,candidate_4,candidate_1,candidate_2,5,0.028000000000000004
278,candidate_5,candidate_3,candidate_4,candidate_1,candidate_2,5,0.028000000000000004
279,candidate_5,candidate_3,candidate_4,candidate_1,candidate_2,5,0.028000000000000004
280,candidate_5,candidate_3,candidate_4,candidate_1,candidate_2,5,0.028000000000000004
281,candidate_5,candidate_3,candidate_4,candidate_1,candidate_2,5,0.028000000000000004
282,candidate_5,candidate_3,candidate_4,candidate_1,candidate_2,5,0.028000000000000004
283,candidate_5,candidate_3,candidate_4,candidate_1,candidate_2,5,0.028000000000000004
284,candidate_5,candidate_3,candidate_4,candidate_1,candidate_2,5,0.028000000000000004
285,candidate_5,candidate_3,candidate_4,candidate_1,candidate_2,5,0.028000000000000004
286,candidate_5,candidate_3,candidate_4,candidate_1,candidate_2,5,0.028000000000000004
287,candidate_5,candidate_3,candidate_4,candidate_1,candidate_2,5,0.028000000000000004
288,candidate_5,candidate_3,candidate_4,candidate_1,candidate_2,5,0.028000000000000004
289,candidate_5,candidate_3,candidate_4,candidate_1,candidate_2,5,0.028000000000000004
290,candidate_5,candidate_3,candidate_4,candidate_1,candidate_2,5,0.028000000000000004
291,candidate_5,candidate_3,candidate_4,candidate_1,candidate_2,5,0.028000000000000004
292,candidate_5,candidate_3,candidate_4,candidate_1,candidate_2,5,0.028000000000000004
293,candidate_5,candidate_3,candidate_4,candidate_1,candidate_2,5,0.028000000000000004
294,candidate_5,candidate_3,candidate_4,candidate_1,candidate_2,5,0.028000000000000004
295,candidate_5,candidate_3,candidate_4,candidate_1,candidate_2,5,0.028000000000000004
296,candidate_5,candidate_3,candidate_4,candidate_1,candidate_2,5,0.028000000000000004
297,candidate_5,candidate_3,candidate_4,candidate_1,candidate_2,5,0.028000000000000004
298,candidate_5,candidate_3,candidate_4,candidate_1,candidate_2,5,0.028000000000000004
299,candidate_5,candidate_3,candidate_4,candidate_1,candidate_2,5,0.028000000000000004
300,candidate_5,candidate_3,candidate_4,candidate_1,candidate_2,5,0.028000000000000004
301,candidate_5,candidate_3,candidate_4,candidate_1,candidate_2,5,0.028000000000000004
302,candidate_5,candidate_3,candidate_4,candidate_1,candidate_2,5,0.028000000000000004
303,candidate_5,candidate_3,candidate_4,candidate_1,candidate_2,5,0.028000000000000004
304,candidate_5,candidate_3,candidate_4,candidate_1,candidate_2,5,0.028000000000000004
305,candidate_5,candidate_3,candidate_4,candidate_1,candidate_2,5,0.028000000000000004
306,candidate_5,candidate_3,candidate_4,candidate_1,candidate_2,5,0.028000000000000004
307,candidate_5,candidate_3,candidate_4,candidate_1,candidate_2,5,0.028000000000000004
308,candidate_5,0,candidate_4,candidate_1,candidate_2,5,0.028000000000000004
309,candidate_5,candidate_3,candidate_4,candidate_1,candidate_2,5,0.028000000000000004
310,candidate_5,candidate_3,candidate_4,candidate_1,candidate_2,5,0.028000000000000004
311,candidate_5,0,candidate_4,candidate_1,candidate_2,5,0.028000000000000004
312,candidate_5,candidate_3,candidate_4,candidate_1,candidate_2,5,0.028000000000000004
313,candidate_5,candidate_3,candidate_4,candidate_1,candidate_2,5,0.028000000000000004
314,candidate_5,candidate_3,candidate_4,candidate_1,candidate_2,5,0.028000000000000004
315,candidate_5,candidate_3,candidate_4,candidate_1,candidate_2,5,0.028000000000000004
316,candidate_5,candidate_3,candidate_4,candidate_1,candidate_2,5,0.028000000000000004
317,candidate_5,candidate_3,candidate_4,candidate_1,candidate_2,5,0.028000000000000004
318,candidate_5,candidate_3,candidate_4,candidate_1,candidate_2,5,0.028000000000000004
319,candidate_5,candidate_3,candidate_4,candidate_1,candidate_2,5,0.028000000000000004
320,candidate_5,candidate_3,candidate_4,candidate_1,candidate_2,5,0.028000000000000004
321,candidate_5,candidate_3,candidate_4,candidate_1,candidate_2,5,0.028000000000000004
322,candidate_5,candidate_3,candidate_4,candidate_1,candidate_2,5,0.028000000000000004
323,candidate_5,candidate_3,candidate_4,candidate_1,candidate_2,5,0.028000000000000004
324,candidate_5,candidate_3,candidate_4,candidate_1,candidate_2,5,0.028000000000000004
325,candidate_5,candidate_3,candidate_4,candidate_1,candidate_2,5,0.028000000000000004
326,candidate_5,candidate_3,candidate_4,candidate_1,candidate_2,5,0.028000000000000004
327,candidate_5,candidate_3,candidate_4,candidate_1,candidate_2,5,0.028000000000000004
328,candidate_5,candidate_3,candidate_4,candidate_1,candidate_2,5,0.028000000000000004
329,candidate_5,candidate_3,candidate_4,candidate_1,candidate_2,5,0.028000000000000004
330,candidate_5,candidate_3,candidate_4,candidate_1,candidate_2,5,0.028000000000000004
331,candidate_5,candidate_3,candidate_4,candidate_1,candidate_2,5,0.028000000000000004
332,candidate_5,candidate_3,candidate_4,candidate_1,candidate_2,5,0.028000000000000004
333,candidate_5,candidate_3,candidate_4,candidate_1,candidate_2,5,0.028000000000000004
334,candidate_5,candidate_3,candidate_4,candidate_1,candidate_2,5,0.028000000000000004
335,candidate_5,candidate_3,candidate_4,candidate_1,candidate_2,5,0.028000000000000004
336,candidate_5,candidate_3,candidate_4,candidate_1,candidate_2,5,0.028000000000000004
337,candidate_5,0,candidate_4,candidate_1,candidate_2,5,0.028000000000000004
338,candidate_5,candidate_3,candidate_4,candidate_1,candidate_2,5,0.028000000000000004
339,candidate_5,candidate_3,candidate_4,candidate_1,0,5,0.028000000000000004
340,candidate_5,candidate_3,candidate_4,candidate_1,candidate_2,5,0.028000000000000004
341,candidate_5,candidate_3,candidate_4,candidate_1,candidate_2,5,0.028000000000000004
342,candidate_5,candidate_3,candidate_4,candidate_1,candidate_2,5,0.028000000000000004
343,candidate_5,candidate_3,candidate_4,candidate_1,candidate_2,5,0.028000000000000004
344,candidate_5,candidate_3,candidate_4,candidate_1,candidate_2,5,0.028000000000000004
345,candidate_5,candidate_3,candidate_4,candidate_1,candidate_2,5,0.028000000000000004
346,candidate_5,candidate_3,candidate_4,candidate_1,candidate_2,5,0.028000000000000004
347,candidate_5,candidate_3,candidate_4,candidate_1,candidate_2,5,0.028000000000000004
348,candidate_5,candidate_3,candidate_4,candidate_1,candidate_2,5,0.028000000000000004
349,candidate_5,candidate_3,0,candidate_1,candidate_2,5,0.028000000000000004
350,candidate_5,candidate_3,candidate_4,candidate_1,candidate_2,5,0.028000000000000004
351,candidate_5,candidate_3,0,candidate_1,candidate_2,5,0.028000000000000004
352,candidate_5,candidate_3,candidate_4,candidate_1,candidate_2,5,0.028000000000000004
353,candidate_5,candidate_3,candidate_4,candidate_1,candidate_2,5,0.028000000000000004
354,candidate_5,candidate_3,candidate_4,candidate_1,candidate_2,5,0.028000000000000004
355,candidate_5,candidate_3,candidate_4,candidate_1,candidate_2,5,0.028000000000000004
356,candidate_5,candidate_3,candidate_4,candidate_1,candidate_2,5,0.028000000000000004
0,candidate_5,candidate_3,candidate_4,candidate_2,candidate_1,5,0.028000000000000004
1,candidate_5,candidate_3,candidate_4,candidate_2,candidate_1,5,0.028000000000000004
2,candidate_5,candidate_3,candidate_4,candidate_2,candidate_1,5,0.028000000000000004
3,candidate_5,candidate_3,candidate_4,candidate_2,candidate_1,5,0.028000000000000004
4,candidate_5,candidate_3,candidate_4,candidate_2,candidate_1,5,0.028000000000000004
5,candidate_5,candidate_3,candidate_4,candidate_2,candidate_1,5,0.028000000000000004
6,candidate_5,candidate_3,candidate_4,candidate_2,candidate_1,5,0.028000000000000004
7,candidate_5,candidate_3,candidate_4,candidate_2,candidate_1,5,0.028000000000000004
8,candidate_5,candidate_3,candidate_4,candidate_2,candidate_1,5,0.028000000000000004
9,candidate_5,candidate_3,candidate_4,0,candidate_1,5,0.028000000000000004
10,candidate_5,candidate_3,candidate_4,candidate_2,candidate_1,5,0.028000000000000004
11,candidate_5,candidate_3,candidate_4,candidate_2,candidate_1,5,0.028000000000000004
12,candidate_5,candidate_3,candidate_4,candidate_2,candidate_1,5,0.028000000000000004
13,candidate_5,candidate_3,candidate_4,candidate_2,candidate_1,5,0.028000000000000004
14,candidate_5,candidate_3,candidate_4,candidate_2,candidate_1,5,0.028000000000000004
15,0,candidate_3,candidate_4,candidate_2,candidate_1,5,0.028000000000000004
16,candidate_5,candidate_3,candidate_4,candidate_2,0,5,0.028000000000000004
17,candidate_5,candidate_3,candidate_4,candidate_2,candidate_1,5,0.028000000000000004
18,candidate_5,candidate_3,candidate_4,candidate_2,candidate_1,5,0.028000000000000004
19,candidate_5,candidate_3,candidate_4,candidate_2,candidate_1,5,0.028000000000000004
20,candidate_5,candidate_3,candidate_4,candidate_2,candidate_1,5,0.028000000000000004
21,candidate_5,candidate_3,0,candidate_2,candidate_1,5,0.028000000000000004
22,candidate_5,candidate_3,candidate_4,candidate_2,candidate_1,5,0.028000000000000004
23,candidate_5,candidate_3,candidate_4,candidate_2,candidate_1,5,0.028000000000000004
24,candidate_5,candidate_3,candidate_4,candidate_2,candidate_1,5,0.028000000000000004
25,candidate_5,candidate_3,candidate_4,candidate_2,0,5,0.028000000000000004
26,candidate_5,candidate_3,candidate_4,candidate_2,candidate_1,5,0.028000000000000004
27,candidate_5,candidate_3,candidate_4,candidate_2,candidate_1,5,0.028000000000000004
28,candidate_5,candidate_3,candidate_4,candidate_2,candidate_1,5,0.028000000000000004
29,candidate_5,candidate_3,candidate_4,candidate_2,candidate_1,5,0.028000000000000004
30,candidate_5,candidate_3,candidate_4,candidate_2,candidate_1,5,0.028000000000000004
31,candidate_5,0,candidate_4,candidate_2,candidate_1,5,0.028000000000000004
32,candidate_5,candidate_3,candidate_4,candidate_2,0,5,0.028000000000000004
33,candidate_5,candidate_3,candidate_4,candidate_2,candidate_1,5,0.028000000000000004
34,candidate_5,candidate_3,candidate_4,candidate_2,candidate_1,5,0.028000000000000004
35,candidate_5,candidate_3,candidate_4,candidate_2,candidate_1,5,0.028000000000000004
36,candidate_5,candidate_3,candidate_4,candidate_2,candidate_1,5,0.028000000000000004
37,candidate_5,candidate_3,candidate_4,candidate_2,candidate_1,5,0.028000000000000004
38,candidate_5,candidate_3,candidate_4,candidate_2,candidate_1,5,0.028000000000000004
39,candidate_5,candidate_3,candidate_4,candidate_2,candidate_1,5,0.028000000000000004
40,candidate_5,candidate_3,candidate_4,candidate_2,candidate_1,5,0.028000000000000004
41,candidate_5,candidate_3,candidate_4,candidate_2,candidate_1,5,0.028000000000000004
42,candidate_5,candidate_3,candidate_4,candidate_2,candidate_1,5,0.028000000000000004
43,candidate_5,candidate_3,candidate_4,candidate_2,candidate_1,5,0.028000000000000004
44,candidate_5,candidate_3,candidate_4,candidate_2,candidate_1,5,0.028000000000000004
45,candidate_5,candidate_3,candidate_4,candidate_2,candidate_1,5,0.028000000000000004
46,candidate_5,candidate_3,candidate_4,candidate_2,candidate_1,5,0.028000000000000004
47,candidate_5,candidate_3,candidate_4,candidate_2,candidate_1,5,0.028000000000000004
48,candidate_5,candidate_3,candidate_4,0,0,5,0.028000000000000004
49,candidate_5,candidate_3,candidate_4,candidate_2,candidate_1,5,0.028000000000000004
50,candidate_5,candidate_3,candidate_4,candidate_2,candidate_1,5,0.028000000000000004
51,candidate_5,candidate_3,candidate_4,candidate_2,candidate_1,5,0.028000000000000004
52,candidate_5,candidate_3,candidate_4,candidate_2,candidate_1,5,0.028000000000000004
53,candidate_5,candidate_3,candidate_4,candidate_2,candidate_1,5,0.028000000000000004
54,candidate_5,candidate_3,candidate_4,candidate_2,candidate_1,5,0.028000000000000004
55,candidate_5,candidate_3,candidate_4,candidate_2,candidate_1,5,0.028000000000000004
56,candidate_5,candidate_3,candidate_4,candidate_2,candidate_1,5,0.028000000000000004
57,candidate_5,candidate_3,candidate_4,candidate_2,candidate_1,5,0.028000000000000004
58,candidate_5,candidate_3,candidate_4,candidate_2,candidate_1,5,0.028000000000000004
59,candidate_5,candidate_3,candidate_4,candidate_2,candidate_1,5,0.028000000000000004
60,candidate_5,candidate_3,candidate_4,candidate_2,candidate_1,5,0.028000000000000004
61,candidate_5,candidate_3,candidate_4,candidate_2,candidate_1,5,0.028000000000000004
62,candidate_5,candidate_3,candidate_4,candidate_2,candidate_1,5,0.028000000000000004
63,candidate_5,candidate_3,0,candidate_2,candidate_1,5,0.028000000000000004
64,candidate_5,candidate_3,candidate_4,candidate_2,candidate_1,5,0.028000000000000004
65,candidate_5,candidate_3,candidate_4,candidate_2,candidate_1,5,0.028000000000000004
66,candidate_5,candidate_3,candidate_4,candidate_2,candidate_1,5,0.028000000000000004
67,candidate_5,candidate_3,candidate_4,candidate_2,candidate_1,5,0.028000000000000004
68,candidate_5,candidate_3,candidate_4,candidate_2,candidate_1,5,0.028000000000000004
69,candidate_5,0,candidate_4,candidate_2,candidate_1,5,0.028000000000000004
70,candidate_5,candidate_3,candidate_4,candidate_2,candidate_1,5,0.028000000000000004
71,candidate_5,candidate_3,candidate_4,candidate_2,candidate_1,5,0.028000000000000004
72,candidate_5,candidate_3,candidate_4,candidate_2,candidate_1,5,0.028000000000000004
73,candidate_5,candidate_3,candidate_4,candidate_2,candidate_1,5,0.028000000000000004
74,0,candidate_3,candidate_4,candidate_2,candidate_1,5,0.028000000000000004
75,candidate_5,candidate_3,candidate_4,candidate_2,candidate_1,5,0.028000000000000004
76,candidate_5,candidate_3,candidate_4,candidate_2,candidate_1,5,0.028000000000000004
77,candidate_5,candidate_3,0,candidate_2,candidate_1,5,0.028000000000000004
78,candidate_5,candidate_3,candidate_4,candidate_2,candidate_1,5,0.028000000000000004
79,candidate_5,candidate_3,candidate_4,candidate_2,candidate_1,5,0.028000000000000004
80,candidate_5,candidate_3,candidate_4,candidate_2,candidate_1,5,0.028000000000000004
81,candidate_5,candidate_3,candidate_4,candidate_2,candidate_1,5,0.028000000000000004
82,candidate_5,0,candidate_4,candidate_2,candidate_1,5,0.028000000000000004
83,candidate_5,candidate_3,candidate_4,candidate_2,candidate_1,5,0.028000000000000004
84,candidate_5,candidate_3,candidate_4,candidate_2,candidate_1,5,0.028000000000000004
85,candidate_5,candidate_3,candidate_4,candidate_2,candidate_1,5,0.028000000000000004
86,candidate_5,candidate_3,candidate_4,candidate_2,candidate_1,5,0.028000000000000004
87,candidate_5,candidate_3,candidate_4,candidate_2,candidate_1,5,0.028000000000000004
88,candidate_5,candidate_3,candidate_4,candidate_2,candidate_1,5,0.028000000000000004
89,candidate_5,candidate_3,candidate_4,candidate_2,candidate_1,5,0.028000000000000004
90,candidate_5,candidate_3,candidate_4,candidate_2,candidate_1,5,0.028000000000000004
91,candidate_5,candidate_3,candidate_4,candidate_2,candidate_1,5,0.028000000000000004
92,candidate_5,candidate_3,candidate_4,candidate_2,candidate_1,5,0.028000000000000004
93,candidate_5,candidate_3,candidate_4,candidate_2,candidate_1,5,0.028000000000000004
94,candidate_5,candidate_3,candidate_4,candidate_2,candidate_1,5,0.028000000000000004
95,candidate_5,candidate_3,candidate_4,0,candidate_1,5,0.028000000000000004
96,candidate_5,candidate_3,candidate_4,candidate_2,candidate_1,5,0.028000000000000004
97,candidate_5,candidate_3,candidate_4,candidate_2,candidate_1,5,0.028000000000000004
98,candidate_5,candidate_3,candidate_4,candidate_2,candidate_1,5,0.028000000000000004
99,candidate_5,candidate_3,candidate_4,candidate_2,candidate_1,5,0.028000000000000004
100,candidate_5,candidate_3,candidate_4,candidate_2,candidate_1,5,0.028000000000000004
101,candidate_5,candidate_3,candidate_4,candidate_2,candidate_1,5,0.028000000000000004
102,candidate_5,candidate_3,candidate_4,candidate_2,candidate_1,5,0.028000000000000004
103,candidate_5,candidate_3,candidate_4,candidate_2,candidate_1,5,0.028000000000000004
104,candidate_5,candidate_3,candidate_4,candidate_2,candidate_1,5,0.028000000000000004
105,candidate_5,candidate_3,candidate_4,candidate_2,candidate_1,5,0.028000000000000004
106,candidate_5,candidate_3,candidate_4,candidate_2,candidate_1,5,0.028000000000000004
107,candidate_5,candidate_3,candidate_4,candidate_2,candidate_1,5,0.028000000000000004
108,0,candidate_3,candidate_4,candidate_2,candidate_1,5,0.028000000000000004
109,candidate_5,candidate_3,candidate_4,candidate_2,candidate_1,5,0.028000000000000004
110,candidate_5,candidate_3,candidate_4,candidate_2,candidate_1,5,0.028000000000000004
111,candidate_5,candidate_3,candidate_4,candidate_2,candidate_1,5,0.028000000000000004
112,candidate_5,candidate_3,candidate_4,candidate_2,candidate_1,5,0.028000000000000004
113,candidate_5,candidate_3,candidate_4,candidate_2,candidate_1,5,0.028000000000000004
114,candidate_5,candidate_3,candidate_4,candidate_2,candidate_1,5,0.028000000000000004
115,candidate_5,candidate_3,candidate_4,candidate_2,candidate_1,5,0.028000000000000004
116,candidate_5,candidate_3,candidate_4,candidate_2,candidate_1,5,0.028000000000000004
117,candidate_5,candidate_3,candidate_4,candidate_2,candidate_1,5,0.028000000000000004
118,candidate_5,0,candidate_4,candidate_2,candidate_1,5,0.028000000000000004
119,candidate_5,candidate_3,candidate_4,candidate_2,candidate_1,5,0.028000000000000004
120,candidate_5,candidate_3,candidate_4,candidate_2,candidate_1,5,0.028000000000000004
121,candidate_5,candidate_3,candidate_4,candidate_2,candidate_1,5,0.028000000000000004
122,candidate_5,candidate_3,candidate_4,candidate_2,candidate_1,5,0.028000000000000004
123,candidate_5,candidate_3,candidate_4,candidate_2,candidate_1,5,0.028000000000000004
124,candidate_5,candidate_3,candidate_4,candidate_2,candidate_1,5,0.028000000000000004
125,candidate_5,candidate_3,candidate_4,candidate_2,candidate_1,5,0.028000000000000004
126,candidate_5,candidate_3,candidate_4,candidate_2,candidate_1,5,0.028000000000000004
127,candidate_5,candidate_3,candidate_4,candidate_2,candidate_1,5,0.028000000000000004
128,candidate_5,candidate_3,candidate_4,candidate_2,candidate_1,5,0.028000000000000004
129,candidate_5,candidate_3,candidate_4,candidate_2,candidate_1,5,0.028000000000000004
130,candidate_5,candidate_3,candidate_4,candidate_2,candidate_1,5,0.028000000000000004
131,candidate_5,0,candidate_4,candidate_2,candidate_1,5,0.028000000000000004
132,candidate_5,candidate_3,candidate_4,candidate_2,candidate_1,5,0.028000000000000004
133,candidate_5,candidate_3,candidate_4,candidate_2,candidate_1,5,0.028000000000000004
134,candidate_5,candidate_3,candidate_4,candidate_2,candidate_1,5,0.028000000000000004
135,candidate_5,candidate_3,candidate_4,candidate_2,candidate_1,5,0.028000000000000004
136,candidate_5,candidate_3,candidate_4,candidate_2,candidate_1,5,0.028000000000000004
137,candidate_5,candidate_3,candidate_4,candidate_2,candidate_1,5,0.028000000000000004
138,candidate_5,candidate_3,candidate_4,candidate_2,candidate_1,5,0.028000000000000004
139,candidate_5,candidate_3,candidate_4,candidate_2,candidate_1,5,0.028000000000000004
140,candidate_5,candidate_3,candidate_4,candidate_2,candidate_1,5,0.028000000000000004
141,candidate_5,candidate_3,candidate_4,candidate_2,candidate_1,5,0.028000000000000004
142,candidate_5,candidate_3,candidate_4,candidate_2,candidate_1,5,0.028000000000000004
143,candidate_5,candidate_3,candidate_4,candidate_2,candidate_1,5,0.028000000000000004
144,candidate_5,candidate_3,candidate_4,candidate_2,candidate_1,5,0.028000000000000004
145,candidate_5,candidate_3,candidate_4,candidate_2,candidate_1,5,0.028000000000000004
146,candidate_5,candidate_3,candidate_4,candidate_2,candidate_1,5,0.028000000000000004
147,candidate_5,candidate_3,candidate_4,candidate_2,candidate_1,5,0.028000000000000004
148,candidate_5,candidate_3,candidate_4,candidate_2,candidate_1,5,0.028000000000000004
149,candidate_5,candidate_3,candidate_4,candidate_2,candidate_1,5,0.028000000000000004
150,candidate_5,candidate_3,candidate_4,0,candidate_1,5,0.028000000000000004
151,candidate_5,candidate_3,candidate_4,0,candidate_1,5,0.028000000000000004
152,candidate_5,candidate_3,candidate_4,candidate_2,candidate_1,5,0.028000000000000004
153,candidate_5,candidate_3,candidate_4,candidate_2,candidate_1,5,0.028000000000000004
0,candidate_5,candidate_4,candidate_1,candidate_2,candidate_3,5,0.028000000000000004
1,candidate_5,candidate_4,candidate_1,candidate_2,candidate_3,5,0.028000000000000004
2,candidate_5,candidate_4,candidate_1,candidate_2,candidate_3,5,0.028000000000000004
3,candidate_5,candidate_4,candidate_1,candidate_2,candidate_3,5,0.028000000000000004
4,candidate_5,candidate_4,0,candidate_2,candidate_3,5,0.028000000000000004
5,candidate_5,candidate_4,0,candidate_2,candidate_3,5,0.028000000000000004
6,candidate_5,candidate_4,candidate_1,candidate_2,candidate_3,5,0.028000000000000004
7,candidate_5,candidate_4,candidate_1,candidate_2,candidate_3,5,0.028000000000000004
8,candidate_5,candidate_4,candidate_1,candidate_2,candidate_3,5,0.028000000000000004
9,candidate_5,candidate_4,candidate_1,candidate_2,candidate_3,5,0.028000000000000004
10,candidate_5,candidate_4,candidate_1,candidate_2,candidate_3,5,0.028000000000000004
11,candidate_5,candidate_4,candidate_1,candidate_2,candidate_3,5,0.028000000000000004
12,candidate_5,candidate_4,candidate_1,candidate_2,candidate_3,5,0.028000000000000004
13,candidate_5,candidate_4,candidate_1,candidate_2,candidate_3,5,0.028000000000000004
14,candidate_5,candidate_4,candidate_1,candidate_2,candidate_3,5,0.028000000000000004
15,candidate_5,candidate_4,candidate_1,candidate_2,candidate_3,5,0.028000000000000004
16,candidate_5,candidate_4,candidate_1,candidate_2,candidate_3,5,0.028000000000000004
17,candidate_5,candidate_4,candidate_1,candidate_2,candidate_3,5,0.028000000000000004
18,candidate_5,candidate_4,candidate_1,candidate_2,candidate_3,5,0.028000000000000004
19,candidate_5,candidate_4,candidate_1,candidate_2,candidate_3,5,0.028000000000000004
20,candidate_5,candidate_4,candidate_1,candidate_2,candidate_3,5,0.028000000000000004
21,candidate_5,candidate_4,candidate_1,candidate_2,0,5,0.028000000000000004
22,0,candidate_4,candidate_1,candidate_2,candidate_3,5,0.028000000000000004
23,candidate_5,candidate_4,candidate_1,candidate_2,candidate_3,5,0.028000000000000004
24,candidate_5,candidate_4,candidate_1,candidate_2,candidate_3,5,0.028000000000000004
25,candidate_5,candidate_4,candidate_1,candidate_2,candidate_3,5,0.028000000000000004
26,candidate_5,candidate_4,candidate_1,candidate_2,candidate_3,5,0.028000000000000004
27,candidate_5,candidate_4,candidate_1,candidate_2,candidate_3,5,0.028000000000000004
28,candidate_5,candidate_4,candidate_1,0,candidate_3,5,0.028000000000000004
29,candidate_5,candidate_4,candidate_1,candidate_2,candidate_3,5,0.028000000000000004
30,candidate_5,candidate_4,candidate_1,candidate_2,candidate_3,5,0.028000000000000004
31,candidate_5,candidate_4,0,candidate_2,candidate_3,5,0.028000000000000004
32,candidate_5,candidate_4,candidate_1,candidate_2,candidate_3,5,0.028000000000000004
33,candidate_5,candidate_4,candidate_1,candidate_2,candidate_3,5,0.028000000000000004
34,candidate_5,candidate_4,candidate_1,candidate_2,candidate_3,5,0.028000000000000004
35,candidate_5,candidate_4,candidate_1,candidate_2,candidate_3,5,0.028000000000000004
36,candidate_5,candidate_4,candidate_1,candidate_2,candidate_3,5,0.028000000000000004
37,candidate_5,candidate_4,candidate_1,candidate_2,candidate_3,5,0.028000000000000004
38,candidate_5,candidate_4,candidate_1,candidate_2,candidate_3,5,0.028000000000000004
39,candidate_5,candidate_4,candidate_1,candidate_2,candidate_3,5,0.028000000000000004
40,candidate_5,candidate_4,candidate_1,candidate_2,candidate_3,5,0.028000000000000004
41,candidate_5,0,candidate_1,candidate_2,candidate_3,5,0.028000000000000004
42,candidate_5,candidate_4,candidate_1,candidate_2,candidate_3,5,0.028000000000000004
43,candidate_5,candidate_4,candidate_1,candidate_2,candidate_3,5,0.028000000000000004
44,candidate_5,candidate_4,candidate_1,candidate_2,candidate_3,5,0.028000000000000004
45,candidate_5,candidate_4,candidate_1,candidate_2,candidate_3,5,0.028000000000000004
46,candidate_5,candidate_4,candidate_1,candidate_2,candidate_3,5,0.028000000000000004
47,candidate_5,candidate_4,candidate_1,candidate_2,candidate_3,5,0.028000000000000004
48,candidate_5,candidate_4,candidate_1,candidate_2,candidate_3,5,0.028000000000000004
49,candidate_5,candidate_4,candidate_1,candidate_2,candidate_3,5,0.028000000000000004
50,candidate_5,candidate_4,candidate_1,candidate_2,candidate_3,5,0.028000000000000004
51,candidate_5,candidate_4,candidate_1,candidate_2,candidate_3,5,0.028000000000000004
52,candidate_5,candidate_4,candidate_1,candidate_2,candidate_3,5,0.028000000000000004
53,candidate_5,candidate_4,candidate_1,candidate_2,candidate_3,5,0.028000000000000004
54,candidate_5,candidate_4,candidate_1,candidate_2,candidate_3,5,0.028000000000000004
55,candidate_5,candidate_4,candidate_1,candidate_2,candidate_3,5,0.028000000000000004
56,candidate_5,candidate_4,candidate_1,candidate_2,candidate_3,5,0.028000000000000004
57,candidate_5,candidate_4,candidate_1,candidate_2,candidate_3,5,0.028000000000000004
58,candidate_5,0,candidate_1,candidate_2,candidate_3,5,0.028000000000000004
59,candidate_5,candidate_4,candidate_1,candidate_2,candidate_3,5,0.028000000000000004
60,candidate_5,candidate_4,candidate_1,candidate_2,candidate_3,5,0.028000000000000004
61,candidate_5,candidate_4,candidate_1,candidate_2,candidate_3,5,0.028000000000000004
62,candidate_5,candidate_4,candidate_1,candidate_2,candidate_3,5,0.028000000000000004
63,candidate_5,candidate_4,candidate_1,candidate_2,candidate_3,5,0.028000000000000004
64,candidate_5,candidate_4,candidate_1,candidate_2,candidate_3,5,0.028000000000000004
65,candidate_5,candidate_4,candidate_1,candidate_2,candidate_3,5,0.028000000000000004
66,candidate_5,candidate_4,candidate_1,0,candidate_3,5,0.028000000000000004
67,candidate_5,candidate_4,candidate_1,candidate_2,candidate_3,5,0.028000000000000004
68,candidate_5,candidate_4,candidate_1,candidate_2,candidate_3,5,0.028000000000000004
69,candidate_5,candidate_4,candidate_1,candidate_2,candidate_3,5,0.028000000000000004
70,candidate_5,candidate_4,candidate_1,candidate_2,candidate_3,5,0.028000000000000004
71,candidate_5,candidate_4,candidate_1,candidate_2,candidate_3,5,0.028000000000000004
72,candidate_5,candidate_4,candidate_1,candidate_2,candidate_3,5,0.028000000000000004
73,candidate_5,candidate_4,candidate_1,candidate_2,candidate_3,5,0.028000000000000004
74,candidate_5,candidate_4,candidate_1,candidate_2,0,5,0.028000000000000004
75,candidate_5,candidate_4,candidate_1,candidate_2,candidate_3,5,0.028000000000000004
76,candidate_5,candidate_4,candidate_1,candidate_2,candidate_3,5,0.028000000000000004
77,candidate_5,0,candidate_1,candidate_2,0,5,0.028000000000000004
78,candidate_5,candidate_4,candidate_1,0,candidate_3,5,0.028000000000000004
79,candidate_5,candidate_4,candidate_1,candidate_2,candidate_3,5,0.028000000000000004
80,candidate_5,candidate_4,candidate_1,candidate_2,candidate_3,5,0.028000000000000004
81,candidate_5,candidate_4,candidate_1,candidate_2,candidate_3,5,0.028000000000000004
82,candidate_5,candidate_4,candidate_1,candidate_2,candidate_3,5,0.028000000000000004
83,candidate_5,candidate_4,candidate_1,candidate_2,candidate_3,5,0.028000000000000004
84,candidate_5,0,candidate_1,0,candidate_3,5,0.028000000000000004
85,candidate_5,candidate_4,candidate_1,candidate_2,candidate_3,5,0.028000000000000004
86,candidate_5,candidate_4,candidate_1,candidate_2,candidate_3,5,0.028000000000000004
87,candidate_5,candidate_4,candidate_1,candidate_2,candidate_3,5,0.028000000000000004
88,candidate_5,candidate_4,candidate_1,candidate_2,candidate_3,5,0.028000000000000004
89,candidate_5,candidate_4,candidate_1,candidate_2,0,5,0.028000000000000004
90,candidate_5,candidate_4,candidate_1,candidate_2,candidate_3,5,0.028000000000000004
91,candidate_5,candidate_4,candidate_1,candidate_2,candidate_3,5,0.028000000000000004
92,candidate_5,candidate_4,candidate_1,candidate_2,candidate_3,5,0.028000000000000004
93,candidate_5,candidate_4,candidate_1,candidate_2,candidate_3,5,0.028000000000000004
94,candidate_5,candidate_4,candidate_1,candidate_2,candidate_3,5,0.028000000000000004
95,candidate_5,candidate_4,candidate_1,candidate_2,candidate_3,5,0.028000000000000004
96,candidate_5,candidate_4,candidate_1,candidate_2,candidate_3,5,0.028000000000000004
97,candidate_5,candidate_4,candidate_1,candidate_2,candidate_3,5,0.028000000000000004
98,candidate_5,candidate_4,candidate_1,candidate_2,candidate_3,5,0.028000000000000004
99,candidate_5,candidate_4,candidate_1,candidate_2,candidate_3,5,0.028000000000000004
100,candidate_5,candidate_4,candidate_1,candidate_2,candidate_3,5,0.028000000000000004
101,candidate_5,candidate_4,candidate_1,candidate_2,candidate_3,5,0.028000000000000004
102,candidate_5,candidate_4,candidate_1,candidate_2,candidate_3,5,0.028000000000000004
103,candidate_5,candidate_4,candidate_1,candidate_2,0,5,0.028000000000000004
104,candidate_5,candidate_4,candidate_1,candidate_2,candidate_3,5,0.028000000000000004
105,candidate_5,candidate_4,candidate_1,candidate_2,candidate_3,5,0.028000000000000004
106,candidate_5,candidate_4,candidate_1,candidate_2,candidate_3,5,0.028000000000000004
107,candidate_5,candidate_4,candidate_1,candidate_2,candidate_3,5,0.028000000000000004
108,candidate_5,candidate_4,candidate_1,candidate_2,candidate_3,5,0.028000000000000004
109,candidate_5,0,candidate_1,candidate_2,candidate_3,5,0.028000000000000004
110,candidate_5,candidate_4,candidate_1,candidate_2,candidate_3,5,0.028000000000000004
111,candidate_5,candidate_4,candidate_1,candidate_2,candidate_3,5,0.028000000000000004
112,candidate_5,candidate_4,candidate_1,candidate_2,candidate_3,5,0.028000000000000004
113,candidate_5,candidate_4,candidate_1,candidate_2,candidate_3,5,0.028000000000000004
114,candidate_5,candidate_4,candidate_1,candidate_2,candidate_3,5,0.028000000000000004
115,candidate_5,candidate_4,candidate_1,candidate_2,candidate_3,5,0.028000000000000004
116,candidate_5,candidate_4,candidate_1,candidate_2,candidate_3,5,0.028000000000000004
117,candidate_5,candidate_4,candidate_1,candidate_2,candidate_3,5,0.028000000000000004
118,candidate_5,candidate_4,candidate_1,candidate_2,candidate_3,5,0.028000000000000004
119,candidate_5,candidate_4,candidate_1,candidate_2,candidate_3,5,0.028000000000000004
120,candidate_5,candidate_4,candidate_1,candidate_2,candidate_3,5,0.028000000000000004
121,candidate_5,candidate_4,0,candidate_2,candidate_3,5,0.028000000000000004
122,candidate_5,candidate_4,candidate_1,candidate_2,candidate_3,5,0.028000000000000004
123,candidate_5,candidate_4,candidate_1,candidate_2,candidate_3,5,0.028000000000000004
124,candidate_5,candidate_4,candidate_1,candidate_2,candidate_3,5,0.028000000000000004
125,candidate_5,candidate_4,candidate_1,candidate_2,candidate_3,5,0.028000000000000004
126,candidate_5,candidate_4,candidate_1,candidate_2,candidate_3,5,0.028000000000000004
127,candidate_5,candidate_4,candidate_1,candidate_2,candidate_3,5,0.028000000000000004
128,candidate_5,candidate_4,candidate_1,candidate_2,candidate_3,5,0.028000000000000004
129,candidate_5,candidate_4,candidate_1,candidate_2,candidate_3,5,0.028000000000000004
130,candidate_5,candidate_4,candidate_1,candidate_2,candidate_3,5,0.028000000000000004
131,candidate_5,candidate_4,candidate_1,candidate_2,candidate_3,5,0.028000000000000004
132,0,candidate_4,candidate_1,candidate_2,candidate_3,5,0.028000000000000004
133,candidate_5,candidate_4,0,candidate_2,candidate_3,5,0.028000000000000004
134,candidate_5,candidate_4,candidate_1,candidate_2,candidate_3,5,0.028000000000000004
135,candidate_5,candidate_4,0,candidate_2,candidate_3,5,0.028000000000000004
136,candidate_5,candidate_4,candidate_1,candidate_2,candidate_3,5,0.028000000000000004
137,candidate_5,candidate_4,candidate_1,candidate_2,candidate_3,5,0.028000000000000004
138,candidate_5,candidate_4,candidate_1,candidate_2,candidate_3,5,0.028000000000000004
139,candidate_5,candidate_4,candidate_1,candidate_2,candidate_3,5,0.028000000000000004
140,candidate_5,candidate_4,candidate_1,candidate_2,candidate_3,5,0.028000000000000004
141,candidate_5,candidate_4,candidate_1,candidate_2,candidate_3,5,0.028000000000000004
142,candidate_5,candidate_4,candidate_1,candidate_2,candidate_3,5,0.028000000000000004
143,candidate_5,0,candidate_1,candidate_2,candidate_3,5,0.028000000000000004
144,candidate_5,candidate_4,candidate_1,candidate_2,candidate_3,5,0.028000000000000004
145,candidate_5,candidate_4,candidate_1,candidate_2,candidate_3,5,0.028000000000000004
146,candidate_5,candidate_4,candidate_1,candidate_2,candidate_3,5,0.028000000000000004
147,candidate_5,candidate_4,candidate_1,candidate_2,candidate_3,5,0.028000000000000004
148,candidate_5,candidate_4,candidate_1,candidate_2,candidate_3,5,0.028000000000000004
149,candidate_5,candidate_4,candidate_1,candidate_2,candidate_3,5,0.028000000000000004
150,candidate_5,candidate_4,candidate_1,candidate_2,candidate_3,5,0.028000000000000004
151,candidate_5,candidate_4,candidate_1,candidate_2,candidate_3,5,0.028000000000000004
152,candidate_5,candidate_4,candidate_1,candidate_2,candidate_3,5,0.028000000000000004
153,candidate_5,candidate_4,candidate_1,candidate_2,candidate_3,5,0.028000000000000004
154,candidate_5,candidate_4,candidate_1,candidate_2,candidate_3,5,0.028000000000000004
155,candidate_5,candidate_4,candidate_1,candidate_2,candidate_3,5,0.028000000000000004
156,candidate_5,candidate_4,candidate_1,candidate_2,candidate_3,5,0.028000000000000004
157,candidate_5,candidate_4,candidate_1,candidate_2,candidate_3,5,0.028000000000000004
158,candidate_5,candidate_4,candidate_1,candidate_2,candidate_3,5,0.028000000000000004
159,candidate_5,candidate_4,candidate_1,candidate_2,candidate_3,5,0.028000000000000004
160,candidate_5,candidate_4,candidate_1,candidate_2,candidate_3,5,0.028000000000000004
161,candidate_5,candidate_4,candidate_1,candidate_2,candidate_3,5,0.028000000000000004
162,candidate_5,candidate_4,candidate_1,candidate_2,candidate_3,5,0.028000000000000004
163,candidate_5,candidate_4,candidate_1,candidate_2,candidate_3,5,0.028000000000000004
164,candidate_5,0,candidate_1,candidate_2,candidate_3,5,0.028000000000000004
165,candidate_5,candidate_4,0,candidate_2,candidate_3,5,0.028000000000000004
166,candidate_5,candidate_4,candidate_1,candidate_2,candidate_3,5,0.028000000000000004
167,candidate_5,candidate_4,candidate_1,candidate_2,candidate_3,5,0.028000000000000004
168,candidate_5,candidate_4,candidate_1,candidate_2,candidate_3,5,0.028000000000000004
169,candidate_5,candidate_4,candidate_1,candidate_2,candidate_3,5,0.028000000000000004
170,candidate_5,candidate_4,candidate_1,candidate_2,candidate_3,5,0.028000000000000004
171,candidate_5,candidate_4,candidate_1,candidate_2,candidate_3,5,0.028000000000000004
172,candidate_5,candidate_4,candidate_1,candidate_2,candidate_3,5,0.028000000000000004
173,candidate_5,candidate_4,candidate_1,candidate_2,candidate_3,5,0.028000000000000004
174,candidate_5,candidate_4,candidate_1,candidate_2,candidate_3,5,0.028000000000000004
175,candidate_5,candidate_4,candidate_1,candidate_2,candidate_3,5,0.028000000000000004
176,candidate_5,candidate_4,candidate_1,candidate_2,candidate_3,5,0.028000000000000004
177,candidate_5,candidate_4,candidate_1,candidate_2,candidate_3,5,0.028000000000000004
178,0,candidate_4,candidate_1,candidate_2,candidate_3,5,0.028000000000000004
179,candidate_5,candidate_4,candidate_1,candidate_2,candidate_3,5,0.028000000000000004
180,candidate_5,candidate_4,candidate_1,candidate_2,candidate_3,5,0.028000000000000004
181,candidate_5,candidate_4,candidate_1,candidate_2,candidate_3,5,0.028000000000000004
182,candidate_5,0,candidate_1,candidate_2,candidate_3,5,0.028000000000000004
183,candidate_5,candidate_4,candidate_1,candidate_2,candidate_3,5,0.028000000000000004
184,candidate_5,candidate_4,candidate_1,candidate_2,candidate_3,5,0.028000000000000004
185,candidate_5,candidate_4,candidate_1,candidate_2,candidate_3,5,0.028000000000000004
186,candidate_5,candidate_4,candidate_1,candidate_2,candidate_3,5,0.028000000000000004
187,candidate_5,candidate_4,candidate_1,candidate_2,candidate_3,5,0.028000000000000004
188,candidate_5,candidate_4,candidate_1,candidate_2,candidate_3,5,0.028000000000000004
189,candidate_5,0,candidate_1,candidate_2,candidate_3,5,0.028000000000000004
190,candidate_5,0,candidate_1,candidate_2,candidate_3,5,0.028000000000000004
191,candidate_5,candidate_4,candidate_1,candidate_2,candidate_3,5,0.028000000000000004
192,candidate_5,candidate_4,candidate_1,0,candidate_3,5,0.028000000000000004
193,candidate_5,candidate_4,candidate_1,candidate_2,candidate_3,5,0.028000000000000004
194,candidate_5,candidate_4,candidate_1,candidate_2,candidate_3,5,0.028000000000000004
195,candidate_5,candidate_4,candidate_1,candidate_2,candidate_3,5,0.028000000000000004
196,candidate_5,candidate_4,candidate_1,candidate_2,candidate_3,5,0.028000000000000004
197,candidate_5,candidate_4,candidate_1,candidate_2,candidate_3,5,0.028000000000000004
198,candidate_5,candidate_4,candidate_1,candidate_2,candidate_3,5,0.028000000000000004
199,candidate_5,candidate_4,candidate_1,candidate_2,candidate_3,5,0.028000000000000004
200,candidate_5,candidate_4,candidate_1,candidate_2,candidate_3,5,0.028000000000000004
201,candidate_5,candidate_4,candidate_1,candidate_2,candidate_3,5,0.028000000000000004
202,candidate_5,candidate_4,candidate_1,candidate_2,candidate_3,5,0.028000000000000004
203,candidate_5,candidate_4,candidate_1,candidate_2,candidate_3,5,0.028000000000000004
204,candidate_5,candidate_4,candidate_1,candidate_2,candidate_3,5,0.028000000000000004
205,candidate_5,candidate_4,candidate_1,candidate_2,candidate_3,5,0.028000000000000004
206,candidate_5,0,candidate_1,candidate_2,candidate_3,5,0.028000000000000004
207,candidate_5,candidate_4,candidate_1,candidate_2,candidate_3,5,0.028000000000000004
208,candidate_5,candidate_4,candidate_1,candidate_2,candidate_3,5,0.028000000000000004
209,candidate_5,candidate_4,candidate_1,candidate_2,candidate_3,5,0.028000000000000004
210,candidate_5,candidate_4,candidate_1,candidate_2,candidate_3,5,0.028000000000000004
211,candidate_5,candidate_4,candidate_1,candidate_2,candidate_3,5,0.028000000000000004
212,candidate_5,candidate_4,candidate_1,candidate_2,candidate_3,5,0.028000000000000004
213,candidate_5,candidate_4,candidate_1,candidate_2,candidate_3,5,0.028000000000000004
214,candidate_5,candidate_4,candidate_1,candidate_2,candidate_3,5,0.028000000000000004
215,candidate_5,candidate_4,candidate_1,candidate_2,candidate_3,5,0.028000000000000004
216,candidate_5,candidate_4,candidate_1,candidate_2,candidate_3,5,0.028000000000000004
217,candidate_5,candidate_4,candidate_1,candidate_2,candidate_3,5,0.028000000000000004
218,0,candidate_4,candidate_1,candidate_2,candidate_3,5,0.028000000000000004
219,candidate_5,candidate_4,candidate_1,candidate_2,candidate_3,5,0.028000000000000004
220,candidate_5,candidate_4,candidate_1,candidate_2,candidate_3,5,0.028000000000000004
221,candidate_5,candidate_4,candidate_1,candidate_2,candidate_3,5,0.028000000000000004
222,candidate_5,candidate_4,candidate_1,candidate_2,candidate_3,5,0.028000000000000004
223,candidate_5,candidate_4,candidate_1,candidate_2,candidate_3,5,0.028000000000000004
224,candidate_5,candidate_4,candidate_1,candidate_2,candidate_3,5,0.028000000000000004
225,candidate_5,candidate_4,candidate_1,candidate_2,candidate_3,5,0.028000000000000004
226,candidate_5,candidate_4,candidate_1,candidate_2,candidate_3,5,0.028000000000000004
227,0,candidate_4,candidate_1,candidate_2,0,5,0.028000000000000004
228,candidate_5,candidate_4,candidate_1,candidate_2,candidate_3,5,0.028000000000000004
229,candidate_5,candidate_4,candidate_1,candidate_2,candidate_3,5,0.028000000000000004
230,candidate_5,candidate_4,candidate_1,candidate_2,candidate_3,5,0.028000000000000004
231,candidate_5,candidate_4,candidate_1,candidate_2,candidate_3,5,0.028000000000000004
232,0,candidate_4,candidate_1,candidate_2,candidate_3,5,0.028000000000000004
233,candidate_5,candidate_4,candidate_1,candidate_2,candidate_3,5,0.028000000000000004
234,candidate_5,candidate_4,candidate_1,candidate_2,candidate_3,5,0.028000000000000004
235,candidate_5,candidate_4,candidate_1,candidate_2,candidate_3,5,0.028000000000000004
236,candidate_5,candidate_4,candidate_1,candidate_2,candidate_3,5,0.028000000000000004
237,candidate_5,candidate_4,0,candidate_2,candidate_3,5,0.028000000000000004
238,candidate_5,candidate_4,candidate_1,candidate_2,0,5,0.028000000000000004
239,candidate_5,candidate_4,candidate_1,candidate_2,candidate_3,5,0.028000000000000004
240,candidate_5,0,candidate_1,candidate_2,candidate_3,5,0.028000000000000004
241,candidate_5,candidate_4,candidate_1,candidate_2,candidate_3,5,0.028000000000000004
242,candidate_5,candidate_4,candidate_1,candidate_2,candidate_3,5,0.028000000000000004
243,candidate_5,candidate_4,candidate_1,0,candidate_3,5,0.028000000000000004
244,candidate_5,candidate_4,candidate_1,candidate_2,candidate_3,5,0.028000000000000004
245,candidate_5,candidate_4,candidate_1,candidate_2,candidate_3,5,0.028000000000000004
246,candidate_5,candidate_4,candidate_1,candidate_2,candidate_3,5,0.028000000000000004
247,candidate_5,candidate_4,candidate_1,candidate_2,candidate_3,5,0.028000000000000004
248,candidate_5,candidate_4,candidate_1,candidate_2,candidate_3,5,0.028000000000000004
249,candidate_5,candidate_4,candidate_1,candidate_2,candidate_3,5,0.028000000000000004
250,candidate_5,candidate_4,candidate_1,candidate_2,candidate_3,5,0.028000000000000004
251,candidate_5,candidate_4,candidate_1,candidate_2,candidate_3,5,0.028000000000000004
252,candidate_5,candidate_4,candidate_1,candidate_2,candidate_3,5,0.028000000000000004
253,candidate_5,candidate_4,candidate_1,candidate_2,candidate_3,5,0.028000000000000004
254,0,candidate_4,candidate_1,candidate_2,candidate_3,5,0.028000000000000004
255,candidate_5,candidate_4,candidate_1,candidate_2,candidate_3,5,0.028000000000000004
256,candidate_5,candidate_4,candidate_1,candidate_2,candidate_3,5,0.028000000000000004
257,candidate_5,candidate_4,candidate_1,candidate_2,0,5,0.028000000000000004
258,candidate_5,candidate_4,candidate_1,candidate_2,candidate_3,5,0.028000000000000004
259,candidate_5,candidate_4,candidate_1,candidate_2,candidate_3,5,0.028000000000000004
260,candidate_5,candidate_4,candidate_1,candidate_2,candidate_3,5,0.028000000000000004
261,candidate_5,candidate_4,candidate_1,candidate_2,candidate_3,5,0.028000000000000004
262,candidate_5,candidate_4,candidate_1,candidate_2,candidate_3,5,0.028000000000000004
263,candidate_5,candidate_4,candidate_1,candidate_2,candidate_3,5,0.028000000000000004
264,candidate_5,candidate_4,candidate_1,0,candidate_3,5,0.028000000000000004
265,candidate_5,candidate_4,candidate_1,candidate_2,candidate_3,5,0.028000000000000004
266,candidate_5,candidate_4,candidate_1,candidate_2,candidate_3,5,0.028000000000000004
267,candidate_5,candidate_4,candidate_1,candidate_2,candidate_3,5,0.028000000000000004
268,candidate_5,candidate_4,candidate_1,candidate_2,candidate_3,5,0.028000000000000004
269,candidate_5,candidate_4,candidate_1,candidate_2,candidate_3,5,0.028000000000000004
270,candidate_5,candidate_4,candidate_1,candidate_2,candidate_3,5,0.028000000000000004
271,candidate_5,candidate_4,candidate_1,candidate_2,candidate_3,5,0.028000000000000004
272,candidate_5,candidate_4,candidate_1,candidate_2,candidate_3,5,0.028000000000000004
273,candidate_5,candidate_4,candidate_1,candidate_2,candidate_3,5,0.028000000000000004
274,candidate_5,candidate_4,candidate_1,candidate_2,candidate_3,5,0.028000000000000004
275,candidate_5,candidate_4,candidate_1,candidate_2,0,5,0.028000000000000004
276,candidate_5,candidate_4,0,candidate_2,candidate_3,5,0.028000000000000004
277,candidate_5,candidate_4,candidate_1,candidate_2,candidate_3,5,0.028000000000000004
278,candidate_5,candidate_4,candidate_1,candidate_2,candidate_3,5,0.028000000000000004
279,candidate_5,candidate_4,candidate_1,candidate_2,candidate_3,5,0.028000000000000004
280,candidate_5,candidate_4,candidate_1,candidate_2,candidate_3,5,0.028000000000000004
281,candidate_5,candidate_4,candidate_1,candidate_2,candidate_3,5,0.028000000000000004
282,candidate_5,candidate_4,candidate_1,candidate_2,candidate_3,5,0.028000000000000004
283,candidate_5,candidate_4,candidate_1,candidate_2,candidate_3,5,0.028000000000000004
284,candidate_5,0,candidate_1,candidate_2,candidate_3,5,0.028000000000000004
285,candidate_5,candidate_4,candidate_1,candidate_2,candidate_3,5,0.028000000000000004
286,candidate_5,candidate_4,candidate_1,candidate_2,candidate_3,5,0.028000000000000004
287,candidate_5,candidate_4,candidate_1,candidate_2,0,5,0.028000000000000004
288,candidate_5,candidate_4,candidate_1,candidate_2,candidate_3,5,0.028000000000000004
289,candidate_5,candidate_4,candidate_1,candidate_2,candidate_3,5,0.028000000000000004
290,candidate_5,candidate_4,candidate_1,0,candidate_3,5,0.028000000000000004
291,candidate_5,candidate_4,candidate_1,candidate_2,candidate_3,5,0.028000000000000004
292,candidate_5,candidate_4,candidate_1,candidate_2,candidate_3,5,0.028000000000000004
293,candidate_5,candidate_4,candidate_1,candidate_2,candidate_3,5,0.028000000000000004
294,candidate_5,candidate_4,candidate_1,candidate_2,candidate_3,5,0.028000000000000004
295,candidate_5,candidate_4,candidate_1,candidate_2,candidate_3,5,0.028000000000000004
296,candidate_5,candidate_4,candidate_1,candidate_2,candidate_3,5,0.028000000000000004
297,candidate_5,candidate_4,candidate_1,candidate_2,candidate_3,5,0.028000000000000004
298,candidate_5,candidate_4,candidate_1,candidate_2,candidate_3,5,0.028000000000000004
299,candidate_5,candidate_4,candidate_1,candidate_2,candidate_3,5,0.028000000000000004
300,candidate_5,candidate_4,candidate_1,candidate_2,candidate_3,5,0.028000000000000004
301,candidate_5,candidate_4,candidate_1,candidate_2,candidate_3,5,0.028000000000000004
302,candidate_5,candidate_4,candidate_1,candidate_2,candidate_3,5,0.028000000000000004
303,candidate_5,candidate_4,candidate_1,candidate_2,candidate_3,5,0.028000000000000004
304,candidate_5,candidate_4,candidate_1,candidate_2,candidate_3,5,0.028000000000000004
305,candidate_5,candidate_4,candidate_1,candidate_2,candidate_3,5,0.028000000000000004
306,candidate_5,candidate_4,candidate_1,candidate_2,candidate_3,5,0.028000000000000004
307,candidate_5,candidate_4,candidate_1,candidate_2,candidate_3,5,0.028000000000000004
308,candidate_5,candidate_4,candidate_1,candidate_2,candidate_3,5,0.028000000000000004
309,candidate_5,candidate_4,candidate_1,candidate_2,candidate_3,5,0.028000000000000004
310,candidate_5,candidate_4,0,candidate_2,candidate_3,5,0.028000000000000004
311,candidate_5,candidate_4,candidate_1,candidate_2,candidate_3,5,0.028000000000000004
312,candidate_5,candidate_4,candidate_1,candidate_2,0,5,0.028000000000000004
313,candidate_5,candidate_4,candidate_1,candidate_2,candidate_3,5,0.028000000000000004
314,candidate_5,candidate_4,candidate_1,candidate_2,candidate_3,5,0.028000000000000004
315,candidate_5,candidate_4,candidate_1,candidate_2,candidate_3,5,0.028000000000000004
316,candidate_5,candidate_4,candidate_1,0,candidate_3,5,0.028000000000000004
317,candidate_5,candidate_4,candidate_1,candidate_2,candidate_3,5,0.028000000000000004
318,candidate_5,candidate_4,candidate_1,candidate_2,candidate_3,5,0.028000000000000004
319,candidate_5,candidate_4,candidate_1,candidate_2,candidate_3,5,0.028000000000000004
320,candidate_5,candidate_4,0,candidate_2,candidate_3,5,0.028000000000000004
321,candidate_5,candidate_4,candidate_1,candidate_2,candidate_3,5,0.028000000000000004
322,candidate_5,candidate_4,candidate_1,candidate_2,candidate_3,5,0.028000000000000004
323,candidate_5,0,candidate_1,0,candidate_3,5,0.028000000000000004
324,candidate_5,candidate_4,candidate_1,candidate_2,candidate_3,5,0.028000000000000004
325,candidate_5,candidate_4,candidate_1,candidate_2,candidate_3,5,0.028000000000000004
326,candidate_5,candidate_4,candidate_1,candidate_2,candidate_3,5,0.028000000000000004
327,candidate_5,candidate_4,candidate_1,candidate_2,candidate_3,5,0.028000000000000004
328,candidate_5,candidate_4,candidate_1,candidate_2,candidate_3,5,0.028000000000000004
329,candidate_5,candidate_4,candidate_1,candidate_2,candidate_3,5,0.028000000000000004
330,candidate_5,candidate_4,candidate_1,0,candidate_3,5,0.028000000000000004
331,candidate_5,candidate_4,candidate_1,candidate_2,candidate_3,5,0.028000000000000004
332,candidate_5,candidate_4,candidate_1,candidate_2,candidate_3,5,0.028000000000000004
333,candidate_5,candidate_4,candidate_1,candidate_2,candidate_3,5,0.028000000000000004
334,candidate_5,candidate_4,candidate_1,candidate_2,candidate_3,5,0.028000000000000004
335,candidate_5,0,candidate_1,candidate_2,candidate_3,5,0.028000000000000004
336,candidate_5,candidate_4,candidate_1,candidate_2,candidate_3,5,0.028000000000000004
337,candidate_5,candidate_4,candidate_1,candidate_2,candidate_3,5,0.028000000000000004
338,candidate_5,candidate_4,candidate_1,candidate_2,candidate_3,5,0.028000000000000004
339,candidate_5,candidate_4,candidate_1,candidate_2,candidate_3,5,0.028000000000000004
340,candidate_5,candidate_4,candidate_1,candidate_2,candidate_3,5,0.028000000000000004
341,candidate_5,candidate_4,0,candidate_2,candidate_3,5,0.028000000000000004
342,candidate_5,candidate_4,candidate_1,candidate_2,candidate_3,5,0.028000000000000004
343,candidate_5,candidate_4,candidate_1,candidate_2,candidate_3,5,0.028000000000000004
344,candidate_5,candidate_4,candidate_1,candidate_2,candidate_3,5,0.028000000000000004
345,candidate_5,candidate_4,candidate_1,candidate_2,0,5,0.028000000000000004
346,candidate_5,candidate_4,candidate_1,candidate_2,candidate_3,5,0.028000000000000004
347,candidate_5,candidate_4,candidate_1,candidate_2,candidate_3,5,0.028000000000000004
348,candidate_5,candidate_4,candidate_1,candidate_2,candidate_3,5,0.028000000000000004
349,candidate_5,candidate_4,candidate_1,candidate_2,candidate_3,5,0.028000000000000004
350,0,candidate_4,candidate_1,candidate_2,candidate_3,5,0.028000000000000004
351,candidate_5,candidate_4,candidate_1,candidate_2,candidate_3,5,0.028000000000000004
352,candidate_5,candidate_4,candidate_1,candidate_2,candidate_3,5,0.028000000000000004
353,candidate_5,candidate_4,candidate_1,candidate_2,candidate_3,5,0.028000000000000004
354,candidate_5,candidate_4,candidate_1,candidate_2,candidate_3,5,0.028000000000000004
355,candidate_5,candidate_4,candidate_1,candidate_2,candidate_3,5,0.028000000000000004
356,candidate_5,candidate_4,candidate_1,candidate_2,candidate_3,5,0.028000000000000004
357,candidate_5,candidate_4,candidate_1,candidate_2,candidate_3,5,0.028000000000000004
358,candidate_5,candidate_4,candidate_1,candidate_2,candidate_3,5,0.028000000000000004
359,candidate_5,candidate_4,candidate_1,candidate_2,candidate_3,5,0.028000000000000004
360,candidate_5,candidate_4,candidate_1,candidate_2,candidate_3,5,0.028000000000000004
361,candidate_5,candidate_4,candidate_1,candidate_2,candidate_3,5,0.028000000000000004
362,candidate_5,candidate_4,candidate_1,candidate_2,candidate_3,5,0.028000000000000004
363,candidate_5,candidate_4,candidate_1,candidate_2,candidate_3,5,0.028000000000000004
364,candidate_5,candidate_4,candidate_1,candidate_2,candidate_3,5,0.028000000000000004
365,candidate_5,0,candidate_1,candidate_2,candidate_3,5,0.028000000000000004
366,candidate_5,candidate_4,candidate_1,candidate_2,candidate_3,5,0.028000000000000004
367,candidate_5,candidate_4,candidate_1,candidate_2,candidate_3,5,0.028000000000000004
368,candidate_5,candidate_4,candidate_1,candidate_2,candidate_3,5,0.028000000000000004
369,candidate_5,candidate_4,candidate_1,candidate_2,candidate_3,5,0.028000000000000004
370,candidate_5,candidate_4,candidate_1,candidate_2,candidate_3,5,0.028000000000000004
371,candidate_5,candidate_4,candidate_1,candidate_2,candidate_3,5,0.028000000000000004
372,candidate_5,candidate_4,candidate_1,candidate_2,candidate_3,5,0.028000000000000004
373,candidate_5,candidate_4,candidate_1,candidate_2,candidate_3,5,0.028000000000000004
374,candidate_5,candidate_4,candidate_1,candidate_2,0,5,0.028000000000000004
375,candidate_5,candidate_4,candidate_1,candidate_2,candidate_3,5,0.028000000000000004
376,candidate_5,candidate_4,candidate_1,candidate_2,candidate_3,5,0.028000000000000004
377,candidate_5,candidate_4,candidate_1,candidate_2,candidate_3,5,0.028000000000000004
378,candidate_5,candidate_4,candidate_1,candidate_2,candidate_3,5,0.028000000000000004
379,candidate_5,candidate_4,candidate_1,candidate_2,candidate_3,5,0.028000000000000004
380,candidate_5,candidate_4,candidate_1,candidate_2,candidate_3,5,0.028000000000000004
381,candidate_5,candidate_4,candidate_1,0,candidate_3,5,0.028000000000000004
382,candidate_5,candidate_4,candidate_1,candidate_2,candidate_3,5,0.028000000000000004
383,candidate_5,candidate_4,candidate_1,candidate_2,candidate_3,5,0.028000000000000004
384,candidate_5,candidate_4,candidate_1,candidate_2,candidate_3,5,0.028000000000000004
385,candidate_5,candidate_4,candidate_1,candidate_2,candidate_3,5,0.028000000000000004
386,candidate_5,candidate_4,candidate_1,candidate_2,candidate_3,5,0.028000000000000004
387,candidate_5,candidate_4,candidate_1,candidate_2,candidate_3,5,0.028000000000000004
388,candidate_5,candidate_4,candidate_1,candidate_2,0,5,0.028000000000000004
389,candidate_5,0,candidate_1,candidate_2,candidate_3,5,0.028000000000000004
390,candidate_5,candidate_4,candidate_1,candidate_2,candidate_3,5,0.028000000000000004
391,candidate_5,candidate_4,candidate_1,candidate_2,candidate_3,5,0.028000000000000004
392,candidate_5,candidate_4,candidate_1,candidate_2,candidate_3,5,0.028000000000000004
393,candidate_5,candidate_4,candidate_1,candidate_2,candidate_3,5,0.028000000000000004
394,candidate_5,candidate_4,candidate_1,candidate_2,candidate_3,5,0.028000000000000004
395,candidate_5,candidate_4,candidate_1,candidate_2,candidate_3,5,0.028000000000000004
396,candidate_5,candidate_4,candidate_1,candidate_2,candidate_3,5,0.028000000000000004
397,candidate_5,candidate_4,candidate_1,candidate_2,candidate_3,5,0.028000000000000004
398,candidate_5,candidate_4,candidate_1,candidate_2,candidate_3,5,0.028000000000000004
399,candidate_5,candidate_4,0,candidate_2,candidate_3,5,0.028000000000000004
400,candidate_5,0,candidate_1,candidate_2,candidate_3,5,0.028000000000000004
401,candidate_5,candidate_4,candidate_1,candidate_2,candidate_3,5,0.028000000000000004
402,candidate_5,candidate_4,candidate_1,candidate_2,candidate_3,5,0.028000000000000004
403,candidate_5,candidate_4,candidate_1,candidate_2,candidate_3,5,0.028000000000000004
404,candidate_5,candidate_4,candidate_1,candidate_2,candidate_3,5,0.028000000000000004
405,candidate_5,candidate_4,candidate_1,candidate_2,candidate_3,5,0.028000000000000004
406,candidate_5,candidate_4,candidate_1,candidate_2,candidate_3,5,0.028000000000000004
407,candidate_5,candidate_4,candidate_1,candidate_2,candidate_3,5,0.028000000000000004
408,candidate_5,candidate_4,candidate_1,candidate_2,candidate_3,5,0.028000000000000004
409,candidate_5,candidate_4,candidate_1,candidate_2,candidate_3,5,0.028000000000000004
410,candidate_5,candidate_4,candidate_1,candidate_2,candidate_3,5,0.028000000000000004
411,candidate_5,candidate_4,candidate_1,candidate_2,candidate_3,5,0.028000000000000004
412,candidate_5,candidate_4,candidate_1,candidate_2,candidate_3,5,0.028000000000000004
413,candidate_5,candidate_4,candidate_1,candidate_2,candidate_3,5,0.028000000000000004
414,candidate_5,candidate_4,candidate_1,candidate_2,candidate_3,5,0.028000000000000004
415,candidate_5,candidate_4,candidate_1,candidate_2,candidate_3,5,0.028000000000000004
416,candidate_5,0,candidate_1,candidate_2,candidate_3,5,0.028000000000000004
417,candidate_5,candidate_4,candidate_1,candidate_2,candidate_3,5,0.028000000000000004
418,candidate_5,candidate_4,candidate_1,candidate_2,candidate_3,5,0.028000000000000004
419,candidate_5,candidate_4,candidate_1,candidate_2,candidate_3,5,0.028000000000000004
420,candidate_5,candidate_4,candidate_1,candidate_2,candidate_3,5,0.028000000000000004
421,candidate_5,candidate_4,candidate_1,candidate_2,candidate_3,5,0.028000000000000004
422,candidate_5,candidate_4,candidate_1,candidate_2,candidate_3,5,0.028000000000000004
423,candidate_5,candidate_4,candidate_1,candidate_2,candidate_3,5,0.028000000000000004
424,candidate_5,candidate_4,candidate_1,candidate_2,candidate_3,5,0.028000000000000004
425,candidate_5,candidate_4,candidate_1,candidate_2,candidate_3,5,0.028000000000000004
426,candidate_5,candidate_4,candidate_1,candidate_2,candidate_3,5,0.028000000000000004
427,candidate_5,candidate_4,candidate_1,candidate_2,candidate_3,5,0.028000000000000004
428,candidate_5,candidate_4,candidate_1,candidate_2,candidate_3,5,0.028000000000000004
429,candidate_5,candidate_4,candidate_1,candidate_2,candidate_3,5,0.028000000000000004
430,candidate_5,candidate_4,candidate_1,candidate_2,candidate_3,5,0.028000000000000004
431,candidate_5,0,candidate_1,candidate_2,candidate_3,5,0.028000000000000004
432,candidate_5,candidate_4,candidate_1,candidate_2,candidate_3,5,0.028000000000000004
433,candidate_5,candidate_4,candidate_1,candidate_2,candidate_3,5,0.028000000000000004
434,candidate_5,candidate_4,candidate_1,candidate_2,candidate_3,5,0.028000000000000004
435,candidate_5,candidate_4,candidate_1,candidate_2,candidate_3,5,0.028000000000000004
436,candidate_5,0,candidate_1,candidate_2,candidate_3,5,0.028000000000000004
437,candidate_5,candidate_4,candidate_1,candidate_2,candidate_3,5,0.028000000000000004
438,candidate_5,candidate_4,candidate_1,candidate_2,candidate_3,5,0.028000000000000004
439,candidate_5,0,candidate_1,candidate_2,candidate_3,5,0.028000000000000004
440,candidate_5,candidate_4,candidate_1,candidate_2,candidate_3,5,0.028000000000000004
441,candidate_5,candidate_4,candidate_1,candidate_2,candidate_3,5,0.028000000000000004
442,candidate_5,candidate_4,0,candidate_2,candidate_3,5,0.028000000000000004
443,candidate_5,candidate_4,candidate_1,candidate_2,candidate_3,5,0.028000000000000004
444,candidate_5,candidate_4,candidate_1,candidate_2,candidate_3,5,0.028000000000000004
445,candidate_5,candidate_4,candidate_1,candidate_2,candidate_3,5,0.028000000000000004
446,candidate_5,candidate_4,candidate_1,candidate_2,candidate_3,5,0.028000000000000004
447,candidate_5,candidate_4,candidate_1,candidate_2,candidate_3,5,0.028000000000000004
448,candidate_5,candidate_4,candidate_1,candidate_2,candidate_3,5,0.028000000000000004
449,candidate_5,candidate_4,candidate_1,candidate_2,candidate_3,5,0.028000000000000004
450,candidate_5,candidate_4,candidate_1,candidate_2,candidate_3,5,0.028000000000000004
451,candidate_5,candidate_4,candidate_1,candidate_2,candidate_3,5,0.028000000000000004
452,candidate_5,candidate_4,candidate_1,candidate_2,candidate_3,5,0.028000000000000004
453,candidate_5,candidate_4,candidate_1,candidate_2,candidate_3,5,0.028000000000000004
454,candidate_5,candidate_4,candidate_1,candidate_2,candidate_3,5,0.028000000000000004
455,candidate_5,candidate_4,candidate_1,candidate_2,candidate_3,5,0.028000000000000004
456,candidate_5,candidate_4,candidate_1,0,candidate_3,5,0.028000000000000004
457,candidate_5,candidate_4,candidate_1,candidate_2,candidate_3,5,0.028000000000000004
458,candidate_5,candidate_4,candidate_1,candidate_2,candidate_3,5,0.028000000000000004
459,candidate_5,candidate_4,candidate_1,candidate_2,candidate_3,5,0.028000000000000004
460,candidate_5,candidate_4,candidate_1,0,candidate_3,5,0.028000000000000004
461,candidate_5,candidate_4,candidate_1,candidate_2,candidate_3,5,0.028000000000000004
462,candidate_5,candidate_4,candidate_1,candidate_2,candidate_3,5,0.028000000000000004
463,candidate_5,candidate_4,candidate_1,candidate_2,candidate_3,5,0.028000000000000004
464,candidate_5,candidate_4,candidate_1,candidate_2,candidate_3,5,0.028000000000000004
465,candidate_5,candidate_4,candidate_1,candidate_2,candidate_3,5,0.028000000000000004
466,candidate_5,candidate_4,candidate_1,candidate_2,candidate_3,5,0.028000000000000004
467,candidate_5,candidate_4,candidate_1,candidate_2,candidate_3,5,0.028000000000000004
468,candidate_5,candidate_4,candidate_1,candidate_2,candidate_3,5,0.028000000000000004
469,candidate_5,candidate_4,candidate_1,candidate_2,candidate_3,5,0.028000000000000004
470,candidate_5,candidate_4,candidate_1,candidate_2,candidate_3,5,0.028000000000000004
471,candidate_5,candidate_4,candidate_1,candidate_2,candidate_3,5,0.028000000000000004
472,candidate_5,candidate_4,candidate_1,candidate_2,candidate_3,5,0.028000000000000004
473,0,candidate_4,candidate_1,candidate_2,candidate_3,5,0.028000000000000004
474,candidate_5,candidate_4,candidate_1,candidate_2,candidate_3,5,0.028000000000000004
475,candidate_5,candidate_4,candidate_1,candidate_2,candidate_3,5,0.028000000000000004
476,candidate_5,candidate_4,candidate_1,candidate_2,candidate_3,5,0.028000000000000004
477,candidate_5,candidate_4,candidate_1,candidate_2,candidate_3,5,0.028000000000000004
478,candidate_5,candidate_4,candidate_1,candidate_2,candidate_3,5,0.028000000000000004
479,candidate_5,candidate_4,0,candidate_2,candidate_3,5,0.028000000000000004
480,candidate_5,candidate_4,candidate_1,candidate_2,candidate_3,5,0.028000000000000004
481,candidate_5,candidate_4,candidate_1,candidate_2,candidate_3,5,0.028000000000000004
482,candidate_5,candidate_4,candidate_1,candidate_2,candidate_3,5,0.028000000000000004
483,candidate_5,candidate_4,candidate_1,candidate_2,candidate_3,5,0.028000000000000004
484,candidate_5,candidate_4,candidate_1,candidate_2,candidate_3,5,0.028000000000000004
485,candidate_5,candidate_4,candidate_1,candidate_2,candidate_3,5,0.028000000000000004
486,candidate_5,candidate_4,candidate_1,candidate_2,candidate_3,5,0.028000000000000004
487,candidate_5,candidate_4,candidate_1,candidate_2,candidate_3,5,0.028000000000000004
488,candidate_5,candidate_4,candidate_1,candidate_2,candidate_3,5,0.028000000000000004
489,candidate_5,candidate_4,candidate_1,candidate_2,candidate_3,5,0.028000000000000004
490,candidate_5,candidate_4,candidate_1,candidate_2,candidate_3,5,0.028000000000000004
491,candidate_5,candidate_4,candidate_1,candidate_2,candidate_3,5,0.028000000000000004
492,candidate_5,candidate_4,candidate_1,candidate_2,candidate_3,5,0.028000000000000004
493,candidate_5,candidate_4,candidate_1,candidate_2,candidate_3,5,0.028000000000000004
494,candidate_5,candidate_4,candidate_1,candidate_2,candidate_3,5,0.028000000000000004
495,candidate_5,candidate_4,candidate_1,candidate_2,candidate_3,5,0.028000000000000004
496,candidate_5,candidate_4,candidate_1,candidate_2,candidate_3,5,0.028000000000000004
497,candidate_5,candidate_4,candidate_1,candidate_2,candidate_3,5,0.028000000000000004
498,candidate_5,candidate_4,candidate_1,candidate_2,candidate_3,5,0.028000000000000004
499,candidate_5,candidate_4,candidate_1,candidate_2,candidate_3,5,0.028000000000000004
500,candidate_5,candidate_4,candidate_1,candidate_2,candidate_3,5,0.028000000000000004
501,candidate_5,candidate_4,candidate_1,candidate_2,candidate_3,5,0.028000000000000004
502,candidate_5,candidate_4,candidate_1,candidate_2,candidate_3,5,0.028000000000000004
503,candidate_5,candidate_4,candidate_1,candidate_2,candidate_3,5,0.028000000000000004
504,candidate_5,candidate_4,candidate_1,candidate_2,candidate_3,5,0.028000000000000004
505,candidate_5,candidate_4,candidate_1,candidate_2,candidate_3,5,0.028000000000000004
506,candidate_5,candidate_4,candidate_1,candidate_2,candidate_3,5,0.028000000000000004
507,candidate_5,candidate_4,candidate_1,candidate_2,candidate_3,5,0.028000000000000004
508,candidate_5,candidate_4,candidate_1,candidate_2,candidate_3,5,0.028000000000000004
509,candidate_5,candidate_4,candidate_1,candidate_2,candidate_3,5,0.028000000000000004
510,candidate_5,candidate_4,candidate_1,candidate_2,candidate_3,5,0.028000000000000004
511,candidate_5,candidate_4,candidate_1,candidate_2,candidate_3,5,0.028000000000000004
512,candidate_5,candidate_4,candidate_1,candidate_2,candidate_3,5,0.028000000000000004
513,candidate_5,candidate_4,0,candidate_2,candidate_3,5,0.028000000000000004
514,0,candidate_4,candidate_1,candidate_2,candidate_3,5,0.028000000000000004
515,candidate_5,candidate_4,candidate_1,candidate_2,candidate_3,5,0.028000000000000004
516,candidate_5,candidate_4,candidate_1,candidate_2,candidate_3,5,0.028000000000000004
0,candidate_5,candidate_4,candidate_1,candidate_3,candidate_2,5,0.028000000000000004
1,candidate_5,candidate_4,candidate_1,candidate_3,candidate_2,5,0.028000000000000004
2,0,candidate_4,0,candidate_3,candidate_2,5,0.028000000000000004
3,candidate_5,candidate_4,candidate_1,candidate_3,candidate_2,5,0.028000000000000004
4,candidate_5,candidate_4,candidate_1,candidate_3,candidate_2,5,0.028000000000000004
5,candidate_5,candidate_4,candidate_1,candidate_3,candidate_2,5,0.028000000000000004
6,candidate_5,candidate_4,candidate_1,candidate_3,candidate_2,5,0.028000000000000004
7,0,candidate_4,candidate_1,candidate_3,candidate_2,5,0.028000000000000004
8,candidate_5,candidate_4,candidate_1,candidate_3,candidate_2,5,0.028000000000000004
9,candidate_5,candidate_4,candidate_1,0,candidate_2,5,0.028000000000000004
10,candidate_5,candidate_4,candidate_1,candidate_3,candidate_2,5,0.028000000000000004
11,candidate_5,candidate_4,candidate_1,candidate_3,candidate_2,5,0.028000000000000004
12,candidate_5,candidate_4,candidate_1,candidate_3,0,5,0.028000000000000004
13,candidate_5,candidate_4,candidate_1,candidate_3,candidate_2,5,0.028000000000000004
14,candidate_5,candidate_4,candidate_1,candidate_3,candidate_2,5,0.028000000000000004
15,candidate_5,0,candidate_1,candidate_3,0,5,0.028000000000000004
16,candidate_5,candidate_4,candidate_1,candidate_3,candidate_2,5,0.028000000000000004
17,candidate_5,candidate_4,candidate_1,candidate_3,candidate_2,5,0.028000000000000004
18,candidate_5,candidate_4,candidate_1,candidate_3,candidate_2,5,0.028000000000000004
19,candidate_5,candidate_4,candidate_1,candidate_3,candidate_2,5,0.028000000000000004
20,candidate_5,candidate_4,candidate_1,candidate_3,candidate_2,5,0.028000000000000004
21,candidate_5,candidate_4,candidate_1,candidate_3,candidate_2,5,0.028000000000000004
22,candidate_5,candidate_4,candidate_1,candidate_3,candidate_2,5,0.028000000000000004
23,candidate_5,candidate_4,candidate_1,candidate_3,candidate_2,5,0.028000000000000004
24,candidate_5,candidate_4,candidate_1,candidate_3,candidate_2,5,0.028000000000000004
25,candidate_5,candidate_4,candidate_1,candidate_3,candidate_2,5,0.028000000000000004
26,candidate_5,candidate_4,candidate_1,candidate_3,candidate_2,5,0.028000000000000004
27,candidate_5,candidate_4,candidate_1,candidate_3,candidate_2,5,0.028000000000000004
28,candidate_5,candidate_4,candidate_1,candidate_3,candidate_2,5,0.028000000000000004
29,candidate_5,candidate_4,candidate_1,candidate_3,candidate_2,5,0.028000000000000004
30,candidate_5,candidate_4,candidate_1,candidate_3,candidate_2,5,0.028000000000000004
31,candidate_5,candidate_4,candidate_1,candidate_3,candidate_2,5,0.028000000000000004
32,candidate_5,candidate_4,candidate_1,candidate_3,candidate_2,5,0.028000000000000004
33,candidate_5,candidate_4,candidate_1,candidate_3,candidate_2,5,0.028000000000000004
34,candidate_5,candidate_4,candidate_1,candidate_3,candidate_2,5,0.028000000000000004
35,candidate_5,candidate_4,candidate_1,candidate_3,candidate_2,5,0.028000000000000004
36,candidate_5,candidate_4,candidate_1,candidate_3,candidate_2,5,0.028000000000000004
37,candidate_5,candidate_4,candidate_1,candidate_3,candidate_2,5,0.028000000000000004
38,candidate_5,candidate_4,candidate_1,candidate_3,candidate_2,5,0.028000000000000004
39,candidate_5,candidate_4,candidate_1,candidate_3,candidate_2,5,0.028000000000000004
40,candidate_5,candidate_4,candidate_1,candidate_3,candidate_2,5,0.028000000000000004
41,candidate_5,candidate_4,candidate_1,candidate_3,candidate_2,5,0.028000000000000004
42,candidate_5,candidate_4,candidate_1,candidate_3,candidate_2,5,0.028000000000000004
43,candidate_5,candidate_4,candidate_1,candidate_3,candidate_2,5,0.028000000000000004
44,candidate_5,candidate_4,candidate_1,candidate_3,candidate_2,5,0.028000000000000004
45,candidate_5,candidate_4,candidate_1,0,candidate_2,5,0.028000000000000004
46,candidate_5,candidate_4,candidate_1,candidate_3,candidate_2,5,0.028000000000000004
47,candidate_5,candidate_4,candidate_1,candidate_3,candidate_2,5,0.028000000000000004
48,candidate_5,candidate_4,candidate_1,candidate_3,candidate_2,5,0.028000000000000004
49,candidate_5,candidate_4,candidate_1,candidate_3,candidate_2,5,0.028000000000000004
50,candidate_5,candidate_4,candidate_1,candidate_3,candidate_2,5,0.028000000000000004
51,candidate_5,candidate_4,candidate_1,candidate_3,candidate_2,5,0.028000000000000004
52,candidate_5,candidate_4,candidate_1,candidate_3,candidate_2,5,0.028000000000000004
53,candidate_5,candidate_4,candidate_1,candidate_3,candidate_2,5,0.028000000000000004
54,candidate_5,candidate_4,candidate_1,candidate_3,candidate_2,5,0.028000000000000004
55,candidate_5,candidate_4,candidate_1,candidate_3,candidate_2,5,0.028000000000000004
56,candidate_5,candidate_4,candidate_1,candidate_3,candidate_2,5,0.028000000000000004
57,candidate_5,candidate_4,candidate_1,candidate_3,candidate_2,5,0.028000000000000004
58,candidate_5,candidate_4,candidate_1,candidate_3,candidate_2,5,0.028000000000000004
59,candidate_5,candidate_4,candidate_1,candidate_3,candidate_2,5,0.028000000000000004
60,candidate_5,candidate_4,candidate_1,candidate_3,candidate_2,5,0.028000000000000004
61,candidate_5,candidate_4,candidate_1,candidate_3,candidate_2,5,0.028000000000000004
62,candidate_5,candidate_4,candidate_1,candidate_3,candidate_2,5,0.028000000000000004
63,candidate_5,0,candidate_1,candidate_3,candidate_2,5,0.028000000000000004
64,candidate_5,candidate_4,candidate_1,candidate_3,candidate_2,5,0.028000000000000004
65,candidate_5,candidate_4,candidate_1,candidate_3,candidate_2,5,0.028000000000000004
66,candidate_5,candidate_4,candidate_1,candidate_3,candidate_2,5,0.028000000000000004
67,candidate_5,candidate_4,0,candidate_3,candidate_2,5,0.028000000000000004
68,candidate_5,candidate_4,candidate_1,candidate_3,candidate_2,5,0.028000000000000004
69,candidate_5,candidate_4,candidate_1,candidate_3,candidate_2,5,0.028000000000000004
70,candidate_5,candidate_4,0,candidate_3,candidate_2,5,0.028000000000000004
71,candidate_5,candidate_4,candidate_1,candidate_3,candidate_2,5,0.028000000000000004
72,candidate_5,candidate_4,candidate_1,0,candidate_2,5,0.028000000000000004
73,candidate_5,candidate_4,candidate_1,candidate_3,candidate_2,5,0.028000000000000004
74,candidate_5,candidate_4,0,candidate_3,candidate_2,5,0.028000000000000004
75,candidate_5,candidate_4,candidate_1,candidate_3,candidate_2,5,0.028000000000000004
76,candidate_5,candidate_4,candidate_1,candidate_3,candidate_2,5,0.028000000000000004
77,candidate_5,candidate_4,candidate_1,candidate_3,candidate_2,5,0.028000000000000004
78,candidate_5,candidate_4,candidate_1,candidate_3,candidate_2,5,0.028000000000000004
79,candidate_5,candidate_4,candidate_1,candidate_3,0,5,0.028000000000000004
80,candidate_5,candidate_4,candidate_1,candidate_3,candidate_2,5,0.028000000000000004
81,candidate_5,candidate_4,candidate_1,candidate_3,candidate_2,5,0.028000000000000004
82,candidate_5,candidate_4,candidate_1,candidate_3,candidate_2,5,0.028000000000000004
83,candidate_5,candidate_4,candidate_1,candidate_3,candidate_2,5,0.028000000000000004
84,candidate_5,candidate_4,candidate_1,candidate_3,candidate_2,5,0.028000000000000004
85,0,candidate_4,candidate_1,candidate_3,candidate_2,5,0.028000000000000004
86,candidate_5,candidate_4,candidate_1,candidate_3,0,5,0.028000000000000004
87,candidate_5,candidate_4,candidate_1,candidate_3,candidate_2,5,0.028000000000000004
88,candidate_5,candidate_4,candidate_1,candidate_3,candidate_2,5,0.028000000000000004
89,candidate_5,candidate_4,candidate_1,candidate_3,candidate_2,5,0.028000000000000004
90,candidate_5,candidate_4,candidate_1,candidate_3,candidate_2,5,0.028000000000000004
91,candidate_5,candidate_4,candidate_1,candidate_3,candidate_2,5,0.028000000000000004
92,candidate_5,candidate_4,candidate_1,candidate_3,candidate_2,5,0.028000000000000004
93,candidate_5,candidate_4,0,candidate_3,candidate_2,5,0.028000000000000004
94,candidate_5,candidate_4,candidate_1,candidate_3,candidate_2,5,0.028000000000000004
95,candidate_5,candidate_4,candidate_1,candidate_3,candidate_2,5,0.028000000000000004
96,candidate_5,candidate_4,candidate_1,candidate_3,candidate_2,5,0.028000000000000004
97,candidate_5,candidate_4,candidate_1,candidate_3,candidate_2,5,0.028000000000000004
98,candidate_5,candidate_4,candidate_1,candidate_3,candidate_2,5,0.028000000000000004
99,candidate_5,candidate_4,candidate_1,candidate_3,0,5,0.028000000000000004
100,candidate_5,candidate_4,0,candidate_3,candidate_2,5,0.028000000000000004
101,candidate_5,candidate_4,candidate_1,candidate_3,candidate_2,5,0.028000000000000004
102,candidate_5,candidate_4,candidate_1,candidate_3,candidate_2,5,0.028000000000000004
103,candidate_5,candidate_4,candidate_1,candidate_3,candidate_2,5,0.028000000000000004
104,candidate_5,candidate_4,candidate_1,candidate_3,candidate_2,5,0.028000000000000004
105,candidate_5,candidate_4,candidate_1,candidate_3,candidate_2,5,0.028000000000000004
106,candidate_5,candidate_4,candidate_1,candidate_3,candidate_2,5,0.028000000000000004
107,candidate_5,candidate_4,candidate_1,candidate_3,candidate_2,5,0.028000000000000004
108,candidate_5,candidate_4,candidate_1,candidate_3,candidate_2,5,0.028000000000000004
109,candidate_5,candidate_4,candidate_1,0,candidate_2,5,0.028000000000000004
110,candidate_5,candidate_4,candidate_1,candidate_3,candidate_2,5,0.028000000000000004
111,candidate_5,candidate_4,candidate_1,candidate_3,candidate_2,5,0.028000000000000004
112,candidate_5,candidate_4,candidate_1,candidate_3,candidate_2,5,0.028000000000000004
113,candidate_5,candidate_4,candidate_1,candidate_3,candidate_2,5,0.028000000000000004
114,candidate_5,candidate_4,candidate_1,candidate_3,candidate_2,5,0.028000000000000004
115,candidate_5,candidate_4,0,candidate_3,candidate_2,5,0.028000000000000004
116,candidate_5,candidate_4,candidate_1,candidate_3,candidate_2,5,0.028000000000000004
117,candidate_5,candidate_4,candidate_1,candidate_3,candidate_2,5,0.028000000000000004
118,candidate_5,candidate_4,candidate_1,candidate_3,candidate_2,5,0.028000000000000004
119,candidate_5,candidate_4,candidate_1,candidate_3,candidate_2,5,0.028000000000000004
120,candidate_5,candidate_4,candidate_1,candidate_3,candidate_2,5,0.028000000000000004
121,candidate_5,candidate_4,candidate_1,candidate_3,candidate_2,5,0.028000000000000004
122,candidate_5,candidate_4,candidate_1,candidate_3,candidate_2,5,0.028000000000000004
123,candidate_5,candidate_4,candidate_1,candidate_3,candidate_2,5,0.028000000000000004
124,candidate_5,candidate_4,candidate_1,candidate_3,candidate_2,5,0.028000000000000004
125,candidate_5,candidate_4,candidate_1,candidate_3,candidate_2,5,0.028000000000000004
126,candidate_5,candidate_4,candidate_1,candidate_3,candidate_2,5,0.028000000000000004
127,candidate_5,candidate_4,candidate_1,candidate_3,candidate_2,5,0.028000000000000004
128,candidate_5,candidate_4,candidate_1,candidate_3,candidate_2,5,0.028000000000000004
129,candidate_5,candidate_4,candidate_1,candidate_3,candidate_2,5,0.028000000000000004
130,candidate_5,candidate_4,candidate_1,candidate_3,candidate_2,5,0.028000000000000004
131,candidate_5,0,candidate_1,0,candidate_2,5,0.028000000000000004
132,candidate_5,candidate_4,candidate_1,candidate_3,candidate_2,5,0.028000000000000004
133,candidate_5,candidate_4,candidate_1,candidate_3,candidate_2,5,0.028000000000000004
134,candidate_5,candidate_4,candidate_1,candidate_3,candidate_2,5,0.028000000000000004
135,candidate_5,candidate_4,candidate_1,candidate_3,candidate_2,5,0.028000000000000004
136,candidate_5,candidate_4,candidate_1,candidate_3,candidate_2,5,0.028000000000000004
137,candidate_5,candidate_4,candidate_1,0,candidate_2,5,0.028000000000000004
138,candidate_5,candidate_4,candidate_1,candidate_3,candidate_2,5,0.028000000000000004
139,candidate_5,candidate_4,candidate_1,candidate_3,candidate_2,5,0.028000000000000004
140,candidate_5,candidate_4,candidate_1,candidate_3,candidate_2,5,0.028000000000000004
141,candidate_5,candidate_4,candidate_1,candidate_3,candidate_2,5,0.028000000000000004
142,candidate_5,candidate_4,candidate_1,candidate_3,candidate_2,5,0.028000000000000004
143,candidate_5,candidate_4,candidate_1,candidate_3,candidate_2,5,0.028000000000000004
144,candidate_5,candidate_4,candidate_1,candidate_3,candidate_2,5,0.028000000000000004
145,candidate_5,candidate_4,candidate_1,candidate_3,candidate_2,5,0.028000000000000004
146,candidate_5,candidate_4,candidate_1,candidate_3,candidate_2,5,0.028000000000000004
147,candidate_5,candidate_4,candidate_1,candidate_3,candidate_2,5,0.028000000000000004
148,candidate_5,candidate_4,candidate_1,candidate_3,candidate_2,5,0.028000000000000004
149,candidate_5,candidate_4,candidate_1,candidate_3,candidate_2,5,0.028000000000000004
150,candidate_5,candidate_4,candidate_1,candidate_3,candidate_2,5,0.028000000000000004
151,candidate_5,candidate_4,0,candidate_3,candidate_2,5,0.028000000000000004
152,candidate_5,candidate_4,candidate_1,candidate_3,candidate_2,5,0.028000000000000004
153,candidate_5,candidate_4,candidate_1,candidate_3,candidate_2,5,0.028000000000000004
154,candidate_5,candidate_4,candidate_1,candidate_3,candidate_2,5,0.028000000000000004
155,candidate_5,candidate_4,candidate_1,candidate_3,candidate_2,5,0.028000000000000004
156,candidate_5,candidate_4,candidate_1,candidate_3,candidate_2,5,0.028000000000000004
157,candidate_5,candidate_4,0,candidate_3,candidate_2,5,0.028000000000000004
158,candidate_5,candidate_4,candidate_1,candidate_3,candidate_2,5,0.028000000000000004
159,candidate_5,candidate_4,candidate_1,candidate_3,candidate_2,5,0.028000000000000004
160,candidate_5,candidate_4,candidate_1,candidate_3,candidate_2,5,0.028000000000000004
161,candidate_5,candidate_4,candidate_1,candidate_3,candidate_2,5,0.028000000000000004
162,candidate_5,candidate_4,candidate_1,candidate_3,candidate_2,5,0.028000000000000004
163,candidate_5,candidate_4,candidate_1,candidate_3,candidate_2,5,0.028000000000000004
164,candidate_5,candidate_4,candidate_1,candidate_3,candidate_2,5,0.028000000000000004
165,candidate_5,candidate_4,candidate_1,0,candidate_2,5,0.028000000000000004
166,candidate_5,candidate_4,candidate_1,candidate_3,candidate_2,5,0.028000000000000004
167,candidate_5,candidate_4,candidate_1,candidate_3,0,5,0.028000000000000004
168,candidate_5,candidate_4,candidate_1,candidate_3,candidate_2,5,0.028000000000000004
169,candidate_5,candidate_4,candidate_1,candidate_3,candidate_2,5,0.028000000000000004
170,candidate_5,0,candidate_1,candidate_3,candidate_2,5,0.028000000000000004
171,candidate_5,candidate_4,candidate_1,0,candidate_2,5,0.028000000000000004
172,candidate_5,candidate_4,candidate_1,candidate_3,candidate_2,5,0.028000000000000004
173,candidate_5,candidate_4,candidate_1,candidate_3,candidate_2,5,0.028000000000000004
174,candidate_5,candidate_4,candidate_1,candidate_3,candidate_2,5,0.028000000000000004
175,candidate_5,candidate_4,candidate_1,candidate_3,candidate_2,5,0.028000000000000004
176,candidate_5,candidate_4,candidate_1,candidate_3,candidate_2,5,0.028000000000000004
177,candidate_5,candidate_4,candidate_1,candidate_3,candidate_2,5,0.028000000000000004
178,candidate_5,candidate_4,candidate_1,candidate_3,candidate_2,5,0.028000000000000004
179,candidate_5,candidate_4,candidate_1,candidate_3,candidate_2,5,0.028000000000000004
180,candidate_5,candidate_4,candidate_1,candidate_3,candidate_2,5,0.028000000000000004
181,candidate_5,candidate_4,candidate_1,candidate_3,candidate_2,5,0.028000000000000004
182,candidate_5,candidate_4,candidate_1,candidate_3,candidate_2,5,0.028000000000000004
183,candidate_5,0,candidate_1,candidate_3,candidate_2,5,0.028000000000000004
184,candidate_5,candidate_4,candidate_1,candidate_3,candidate_2,5,0.028000000000000004
185,candidate_5,candidate_4,candidate_1,candidate_3,candidate_2,5,0.028000000000000004
186,0,candidate_4,candidate_1,candidate_3,candidate_2,5,0.028000000000000004
187,candidate_5,candidate_4,candidate_1,candidate_3,candidate_2,5,0.028000000000000004
188,candidate_5,candidate_4,candidate_1,candidate_3,candidate_2,5,0.028000000000000004
189,candidate_5,candidate_4,candidate_1,candidate_3,candidate_2,5,0.028000000000000004
190,candidate_5,candidate_4,candidate_1,candidate_3,candidate_2,5,0.028000000000000004
191,candidate_5,candidate_4,candidate_1,candidate_3,candidate_2,5,0.028000000000000004
192,candidate_5,candidate_4,candidate_1,candidate_3,candidate_2,5,0.028000000000000004
193,candidate_5,candidate_4,candidate_1,candidate_3,candidate_2,5,0.028000000000000004
194,candidate_5,candidate_4,candidate_1,candidate_3,0,5,0.028000000000000004
195,candidate_5,0,candidate_1,candidate_3,candidate_2,5,0.028000000000000004
196,candidate_5,candidate_4,candidate_1,candidate_3,candidate_2,5,0.028000000000000004
197,candidate_5,candidate_4,candidate_1,candidate_3,candidate_2,5,0.028000000000000004
198,candidate_5,candidate_4,candidate_1,candidate_3,candidate_2,5,0.028000000000000004
199,candidate_5,candidate_4,candidate_1,candidate_3,candidate_2,5,0.028000000000000004
200,candidate_5,candidate_4,candidate_1,candidate_3,candidate_2,5,0.028000000000000004
201,candidate_5,candidate_4,candidate_1,candidate_3,candidate_2,5,0.028000000000000004
202,candidate_5,candidate_4,candidate_1,candidate_3,candidate_2,5,0.028000000000000004
203,candidate_5,candidate_4,candidate_1,candidate_3,candidate_2,5,0.028000000000000004
204,candidate_5,candidate_4,candidate_1,candidate_3,candidate_2,5,0.028000000000000004
205,candidate_5,candidate_4,candidate_1,candidate_3,candidate_2,5,0.028000000000000004
206,candidate_5,candidate_4,candidate_1,candidate_3,candidate_2,5,0.028000000000000004
207,candidate_5,candidate_4,candidate_1,candidate_3,candidate_2,5,0.028000000000000004
208,candidate_5,candidate_4,candidate_1,candidate_3,candidate_2,5,0.028000000000000004
209,candidate_5,candidate_4,candidate_1,candidate_3,candidate_2,5,0.028000000000000004
210,candidate_5,candidate_4,candidate_1,candidate_3,candidate_2,5,0.028000000000000004
211,candidate_5,candidate_4,candidate_1,candidate_3,candidate_2,5,0.028000000000000004
212,candidate_5,candidate_4,candidate_1,candidate_3,candidate_2,5,0.028000000000000004
213,candidate_5,candidate_4,candidate_1,candidate_3,candidate_2,5,0.028000000000000004
214,candidate_5,candidate_4,candidate_1,candidate_3,candidate_2,5,0.028000000000000004
215,candidate_5,candidate_4,candidate_1,candidate_3,candidate_2,5,0.028000000000000004
216,candidate_5,candidate_4,candidate_1,candidate_3,candidate_2,5,0.028000000000000004
217,candidate_5,candidate_4,candidate_1,candidate_3,candidate_2,5,0.028000000000000004
218,candidate_5,candidate_4,candidate_1,candidate_3,candidate_2,5,0.028000000000000004
219,candidate_5,candidate_4,candidate_1,candidate_3,candidate_2,5,0.028000000000000004
220,candidate_5,candidate_4,candidate_1,candidate_3,candidate_2,5,0.028000000000000004
221,candidate_5,candidate_4,candidate_1,candidate_3,candidate_2,5,0.028000000000000004
222,candidate_5,candidate_4,candidate_1,candidate_3,candidate_2,5,0.028000000000000004
223,candidate_5,0,0,candidate_3,candidate_2,5,0.028000000000000004
224,candidate_5,candidate_4,candidate_1,candidate_3,candidate_2,5,0.028000000000000004
225,candidate_5,candidate_4,candidate_1,candidate_3,candidate_2,5,0.028000000000000004
226,candidate_5,candidate_4,candidate_1,candidate_3,candidate_2,5,0.028000000000000004
227,candidate_5,candidate_4,candidate_1,candidate_3,candidate_2,5,0.028000000000000004
228,candidate_5,candidate_4,candidate_1,candidate_3,candidate_2,5,0.028000000000000004
229,candidate_5,candidate_4,candidate_1,candidate_3,candidate_2,5,0.028000000000000004
230,candidate_5,candidate_4,candidate_1,candidate_3,candidate_2,5,0.028000000000000004
231,candidate_5,candidate_4,candidate_1,candidate_3,candidate_2,5,0.028000000000000004
232,candidate_5,candidate_4,candidate_1,candidate_3,candidate_2,5,0.028000000000000004
233,candidate_5,candidate_4,candidate_1,candidate_3,candidate_2,5,0.028000000000000004
234,candidate_5,candidate_4,candidate_1,candidate_3,candidate_2,5,0.028000000000000004
235,candidate_5,candidate_4,candidate_1,candidate_3,candidate_2,5,0.028000000000000004
236,candidate_5,candidate_4,candidate_1,candidate_3,candidate_2,5,0.028000000000000004
237,candidate_5,candidate_4,candidate_1,candidate_3,candidate_2,5,0.028000000000000004
238,candidate_5,candidate_4,candidate_1,candidate_3,candidate_2,5,0.028000000000000004
239,candidate_5,candidate_4,candidate_1,candidate_3,candidate_2,5,0.028000000000000004
240,candidate_5,candidate_4,candidate_1,candidate_3,candidate_2,5,0.028000000000000004
241,candidate_5,candidate_4,candidate_1,candidate_3,candidate_2,5,0.028000000000000004
242,candidate_5,candidate_4,candidate_1,candidate_3,candidate_2,5,0.028000000000000004
243,candidate_5,candidate_4,candidate_1,candidate_3,candidate_2,5,0.028000000000000004
244,candidate_5,0,candidate_1,candidate_3,candidate_2,5,0.028000000000000004
245,candidate_5,candidate_4,candidate_1,candidate_3,candidate_2,5,0.028000000000000004
246,candidate_5,candidate_4,candidate_1,candidate_3,candidate_2,5,0.028000000000000004
247,candidate_5,candidate_4,candidate_1,candidate_3,candidate_2,5,0.028000000000000004
248,candidate_5,candidate_4,candidate_1,candidate_3,candidate_2,5,0.028000000000000004
249,candidate_5,candidate_4,candidate_1,candidate_3,candidate_2,5,0.028000000000000004
250,candidate_5,candidate_4,candidate_1,candidate_3,candidate_2,5,0.028000000000000004
251,candidate_5,candidate_4,candidate_1,candidate_3,candidate_2,5,0.028000000000000004
252,candidate_5,candidate_4,candidate_1,0,candidate_2,5,0.028000000000000004
253,candidate_5,candidate_4,candidate_1,candidate_3,candidate_2,5,0.028000000000000004
254,candidate_5,candidate_4,candidate_1,candidate_3,candidate_2,5,0.028000000000000004
255,candidate_5,candidate_4,candidate_1,candidate_3,candidate_2,5,0.028000000000000004
256,candidate_5,candidate_4,candidate_1,candidate_3,candidate_2,5,0.028000000000000004
257,candidate_5,candidate_4,candidate_1,candidate_3,candidate_2,5,0.028000000000000004
258,candidate_5,candidate_4,candidate_1,candidate_3,candidate_2,5,0.028000000000000004
259,candidate_5,candidate_4,candidate_1,candidate_3,candidate_2,5,0.028000000000000004
260,candidate_5,candidate_4,candidate_1,candidate_3,candidate_2,5,0.028000000000000004
261,candidate_5,candidate_4,candidate_1,candidate_3,candidate_2,5,0.028000000000000004
262,candidate_5,candidate_4,candidate_1,candidate_3,candidate_2,5,0.028000000000000004
263,candidate_5,candidate_4,candidate_1,candidate_3,candidate_2,5,0.028000000000000004
264,candidate_5,candidate_4,candidate_1,candidate_3,candidate_2,5,0.028000000000000004
265,candidate_5,candidate_4,candidate_1,candidate_3,candidate_2,5,0.028000000000000004
266,candidate_5,0,candidate_1,candidate_3,candidate_2,5,0.028000000000000004
267,candidate_5,candidate_4,candidate_1,candidate_3,candidate_2,5,0.028000000000000004
268,candidate_5,candidate_4,candidate_1,candidate_3,candidate_2,5,0.028000000000000004
269,candidate_5,candidate_4,candidate_1,candidate_3,candidate_2,5,0.028000000000000004
270,candidate_5,candidate_4,candidate_1,candidate_3,candidate_2,5,0.028000000000000004
271,candidate_5,candidate_4,candidate_1,candidate_3,candidate_2,5,0.028000000000000004
272,candidate_5,candidate_4,candidate_1,candidate_3,candidate_2,5,0.028000000000000004
273,candidate_5,candidate_4,candidate_1,candidate_3,candidate_2,5,0.028000000000000004
274,candidate_5,candidate_4,candidate_1,candidate_3,candidate_2,5,0.028000000000000004
275,candidate_5,candidate_4,candidate_1,candidate_3,candidate_2,5,0.028000000000000004
276,candidate_5,candidate_4,candidate_1,candidate_3,candidate_2,5,0.028000000000000004
277,candidate_5,candidate_4,candidate_1,candidate_3,candidate_2,5,0.028000000000000004
278,candidate_5,candidate_4,candidate_1,candidate_3,candidate_2,5,0.028000000000000004
279,candidate_5,candidate_4,candidate_1,candidate_3,candidate_2,5,0.028000000000000004
280,candidate_5,candidate_4,candidate_1,candidate_3,candidate_2,5,0.028000000000000004
281,candidate_5,candidate_4,0,candidate_3,candidate_2,5,0.028000000000000004
282,candidate_5,candidate_4,candidate_1,candidate_3,candidate_2,5,0.028000000000000004
283,candidate_5,candidate_4,candidate_1,candidate_3,candidate_2,5,0.028000000000000004
284,candidate_5,candidate_4,candidate_1,candidate_3,candidate_2,5,0.028000000000000004
285,candidate_5,candidate_4,candidate_1,0,candidate_2,5,0.028000000000000004
286,candidate_5,candidate_4,candidate_1,candidate_3,candidate_2,5,0.028000000000000004
287,candidate_5,candidate_4,candidate_1,candidate_3,candidate_2,5,0.028000000000000004
288,candidate_5,candidate_4,candidate_1,0,candidate_2,5,0.028000000000000004
289,candidate_5,candidate_4,candidate_1,candidate_3,candidate_2,5,0.028000000000000004
290,candidate_5,candidate_4,candidate_1,candidate_3,candidate_2,5,0.028000000000000004
291,candidate_5,candidate_4,candidate_1,candidate_3,candidate_2,5,0.028000000000000004
292,candidate_5,candidate_4,candidate_1,candidate_3,candidate_2,5,0.028000000000000004
293,candidate_5,candidate_4,candidate_1,candidate_3,candidate_2,5,0.028000000000000004
294,candidate_5,candidate_4,candidate_1,candidate_3,candidate_2,5,0.028000000000000004
295,candidate_5,candidate_4,candidate_1,candidate_3,candidate_2,5,0.028000000000000004
296,candidate_5,candidate_4,candidate_1,candidate_3,candidate_2,5,0.028000000000000004
297,candidate_5,candidate_4,candidate_1,candidate_3,candidate_2,5,0.028000000000000004
298,candidate_5,candidate_4,candidate_1,candidate_3,candidate_2,5,0.028000000000000004
299,candidate_5,candidate_4,candidate_1,candidate_3,candidate_2,5,0.028000000000000004
300,candidate_5,candidate_4,candidate_1,candidate_3,candidate_2,5,0.028000000000000004
301,candidate_5,candidate_4,candidate_1,candidate_3,candidate_2,5,0.028000000000000004
302,candidate_5,candidate_4,candidate_1,candidate_3,candidate_2,5,0.028000000000000004
303,candidate_5,candidate_4,candidate_1,0,candidate_2,5,0.028000000000000004
304,candidate_5,candidate_4,0,candidate_3,candidate_2,5,0.028000000000000004
305,candidate_5,candidate_4,candidate_1,candidate_3,candidate_2,5,0.028000000000000004
306,candidate_5,candidate_4,candidate_1,0,candidate_2,5,0.028000000000000004
307,candidate_5,candidate_4,candidate_1,candidate_3,candidate_2,5,0.028000000000000004
308,candidate_5,candidate_4,candidate_1,candidate_3,candidate_2,5,0.028000000000000004
309,candidate_5,candidate_4,candidate_1,candidate_3,candidate_2,5,0.028000000000000004
310,candidate_5,candidate_4,candidate_1,candidate_3,candidate_2,5,0.028000000000000004
311,candidate_5,candidate_4,candidate_1,candidate_3,candidate_2,5,0.028000000000000004
312,candidate_5,candidate_4,candidate_1,candidate_3,0,5,0.028000000000000004
313,candidate_5,candidate_4,candidate_1,0,candidate_2,5,0.028000000000000004
314,candidate_5,candidate_4,candidate_1,candidate_3,candidate_2,5,0.028000000000000004
315,candidate_5,candidate_4,candidate_1,candidate_3,candidate_2,5,0.028000000000000004
316,candidate_5,candidate_4,candidate_1,candidate_3,candidate_2,5,0.028000000000000004
317,candidate_5,candidate_4,candidate_1,candidate_3,candidate_2,5,0.028000000000000004
318,candidate_5,candidate_4,candidate_1,candidate_3,candidate_2,5,0.028000000000000004
319,candidate_5,candidate_4,candidate_1,candidate_3,candidate_2,5,0.028000000000000004
320,candidate_5,candidate_4,candidate_1,0,candidate_2,5,0.028000000000000004
321,candidate_5,0,candidate_1,candidate_3,candidate_2,5,0.028000000000000004
322,candidate_5,candidate_4,candidate_1,candidate_3,candidate_2,5,0.028000000000000004
323,candidate_5,candidate_4,candidate_1,candidate_3,candidate_2,5,0.028000000000000004
324,candidate_5,candidate_4,candidate_1,candidate_3,candidate_2,5,0.028000000000000004
325,candidate_5,candidate_4,candidate_1,candidate_3,candidate_2,5,0.028000000000000004
326,candidate_5,candidate_4,candidate_1,candidate_3,candidate_2,5,0.028000000000000004
327,candidate_5,candidate_4,candidate_1,candidate_3,candidate_2,5,0.028000000000000004
328,candidate_5,candidate_4,candidate_1,candidate_3,candidate_2,5,0.028000000000000004
329,candidate_5,candidate_4,candidate_1,candidate_3,candidate_2,5,0.028000000000000004
330,candidate_5,candidate_4,candidate_1,candidate_3,candidate_2,5,0.028000000000000004
331,candidate_5,candidate_4,candidate_1,candidate_3,candidate_2,5,0.028000000000000004
0,candidate_5,candidate_4,candidate_2,candidate_1,candidate_3,5,0.028000000000000004
1,candidate_5,candidate_4,0,candidate_1,candidate_3,5,0.028000000000000004
2,candidate_5,candidate_4,candidate_2,candidate_1,candidate_3,5,0.028000000000000004
3,candidate_5,candidate_4,candidate_2,candidate_1,candidate_3,5,0.028000000000000004
4,0,candidate_4,candidate_2,candidate_1,candidate_3,5,0.028000000000000004
5,candidate_5,candidate_4,candidate_2,candidate_1,candidate_3,5,0.028000000000000004
6,candidate_5,candidate_4,candidate_2,candidate_1,candidate_3,5,0.028000000000000004
7,candidate_5,candidate_4,candidate_2,candidate_1,candidate_3,5,0.028000000000000004
8,candidate_5,candidate_4,candidate_2,candidate_1,candidate_3,5,0.028000000000000004
9,candidate_5,candidate_4,candidate_2,candidate_1,candidate_3,5,0.028000000000000004
10,candidate_5,candidate_4,candidate_2,candidate_1,candidate_3,5,0.028000000000000004
11,candidate_5,candidate_4,candidate_2,candidate_1,candidate_3,5,0.028000000000000004
12,candidate_5,0,candidate_2,candidate_1,candidate_3,5,0.028000000000000004
13,candidate_5,candidate_4,candidate_2,candidate_1,candidate_3,5,0.028000000000000004
14,candidate_5,candidate_4,candidate_2,candidate_1,candidate_3,5,0.028000000000000004
15,candidate_5,candidate_4,candidate_2,candidate_1,candidate_3,5,0.028000000000000004
16,candidate_5,candidate_4,candidate_2,candidate_1,candidate_3,5,0.028000000000000004
17,candidate_5,candidate_4,candidate_2,candidate_1,candidate_3,5,0.028000000000000004
18,candidate_5,candidate_4,candidate_2,candidate_1,candidate_3,5,0.028000000000000004
19,candidate_5,candidate_4,candidate_2,candidate_1,candidate_3,5,0.028000000000000004
20,candidate_5,candidate_4,candidate_2,candidate_1,candidate_3,5,0.028000000000000004
21,candidate_5,0,candidate_2,candidate_1,candidate_3,5,0.028000000000000004
22,candidate_5,candidate_4,candidate_2,candidate_1,candidate_3,5,0.028000000000000004
23,candidate_5,candidate_4,candidate_2,candidate_1,candidate_3,5,0.028000000000000004
24,candidate_5,candidate_4,candidate_2,candidate_1,candidate_3,5,0.028000000000000004
25,candidate_5,candidate_4,candidate_2,candidate_1,candidate_3,5,0.028000000000000004
26,candidate_5,candidate_4,candidate_2,candidate_1,0,5,0.028000000000000004
27,candidate_5,candidate_4,candidate_2,candidate_1,candidate_3,5,0.028000000000000004
28,0,candidate_4,candidate_2,candidate_1,candidate_3,5,0.028000000000000004
29,candidate_5,candidate_4,candidate_2,candidate_1,candidate_3,5,0.028000000000000004
30,candidate_5,candidate_4,candidate_2,candidate_1,0,5,0.028000000000000004
31,candidate_5,candidate_4,candidate_2,candidate_1,candidate_3,5,0.028000000000000004
32,candidate_5,candidate_4,candidate_2,candidate_1,candidate_3,5,0.028000000000000004
33,candidate_5,candidate_4,candidate_2,candidate_1,candidate_3,5,0.028000000000000004
34,candidate_5,candidate_4,candidate_2,candidate_1,candidate_3,5,0.028000000000000004
35,candidate_5,candidate_4,candidate_2,candidate_1,candidate_3,5,0.028000000000000004
36,candidate_5,candidate_4,candidate_2,candidate_1,candidate_3,5,0.028000000000000004
37,candidate_5,candidate_4,candidate_2,candidate_1,candidate_3,5,0.028000000000000004
38,candidate_5,candidate_4,candidate_2,candidate_1,candidate_3,5,0.028000000000000004
39,candidate_5,candidate_4,candidate_2,candidate_1,candidate_3,5,0.028000000000000004
40,candidate_5,candidate_4,candidate_2,candidate_1,candidate_3,5,0.028000000000000004
41,candidate_5,candidate_4,candidate_2,candidate_1,candidate_3,5,0.028000000000000004
42,0,candidate_4,candidate_2,candidate_1,candidate_3,5,0.028000000000000004
43,candidate_5,candidate_4,candidate_2,candidate_1,candidate_3,5,0.028000000000000004
44,candidate_5,candidate_4,candidate_2,candidate_1,candidate_3,5,0.028000000000000004
45,candidate_5,0,candidate_2,candidate_1,candidate_3,5,0.028000000000000004
46,candidate_5,candidate_4,0,candidate_1,candidate_3,5,0.028000000000000004
47,candidate_5,candidate_4,candidate_2,candidate_1,candidate_3,5,0.028000000000000004
48,candidate_5,candidate_4,candidate_2,candidate_1,candidate_3,5,0.028000000000000004
49,candidate_5,candidate_4,candidate_2,candidate_1,candidate_3,5,0.028000000000000004
50,candidate_5,candidate_4,candidate_2,candidate_1,candidate_3,5,0.028000000000000004
51,candidate_5,0,candidate_2,candidate_1,candidate_3,5,0.028000000000000004
52,candidate_5,0,candidate_2,candidate_1,candidate_3,5,0.028000000000000004
53,candidate_5,candidate_4,candidate_2,candidate_1,candidate_3,5,0.028000000000000004
54,candidate_5,candidate_4,candidate_2,candidate_1,candidate_3,5,0.028000000000000004
55,candidate_5,candidate_4,candidate_2,candidate_1,candidate_3,5,0.028000000000000004
56,candidate_5,candidate_4,candidate_2,candidate_1,candidate_3,5,0.028000000000000004
57,candidate_5,candidate_4,candidate_2,candidate_1,candidate_3,5,0.028000000000000004
58,candidate_5,candidate_4,candidate_2,candidate_1,candidate_3,5,0.028000000000000004
59,candidate_5,candidate_4,candidate_2,candidate_1,0,5,0.028000000000000004
60,candidate_5,candidate_4,candidate_2,candidate_1,candidate_3,5,0.028000000000000004
61,candidate_5,candidate_4,0,candidate_1,candidate_3,5,0.028000000000000004
62,candidate_5,candidate_4,candidate_2,candidate_1,candidate_3,5,0.028000000000000004
63,0,candidate_4,candidate_2,candidate_1,candidate_3,5,0.028000000000000004
64,candidate_5,candidate_4,candidate_2,candidate_1,candidate_3,5,0.028000000000000004
65,candidate_5,candidate_4,candidate_2,candidate_1,candidate_3,5,0.028000000000000004
66,candidate_5,candidate_4,candidate_2,candidate_1,candidate_3,5,0.028000000000000004
67,candidate_5,candidate_4,candidate_2,candidate_1,candidate_3,5,0.028000000000000004
68,candidate_5,candidate_4,candidate_2,0,candidate_3,5,0.028000000000000004
69,candidate_5,candidate_4,candidate_2,candidate_1,candidate_3,5,0.028000000000000004
70,candidate_5,candidate_4,candidate_2,candidate_1,candidate_3,5,0.028000000000000004
71,candidate_5,candidate_4,candidate_2,candidate_1,candidate_3,5,0.028000000000000004
72,candidate_5,candidate_4,candidate_2,candidate_1,candidate_3,5,0.028000000000000004
73,candidate_5,candidate_4,candidate_2,candidate_1,candidate_3,5,0.028000000000000004
74,candidate_5,candidate_4,candidate_2,candidate_1,candidate_3,5,0.028000000000000004
75,candidate_5,candidate_4,candidate_2,candidate_1,candidate_3,5,0.028000000000000004
76,candidate_5,candidate_4,candidate_2,candidate_1,candidate_3,5,0.028000000000000004
77,candidate_5,candidate_4,candidate_2,candidate_1,candidate_3,5,0.028000000000000004
78,candidate_5,candidate_4,candidate_2,candidate_1,candidate_3,5,0.028000000000000004
79,candidate_5,candidate_4,candidate_2,candidate_1,candidate_3,5,0.028000000000000004
80,candidate_5,candidate_4,candidate_2,candidate_1,candidate_3,5,0.028000000000000004
81,candidate_5,candidate_4,candidate_2,candidate_1,candidate_3,5,0.028000000000000004
82,candidate_5,0,candidate_2,candidate_1,candidate_3,5,0.028000000000000004
83,candidate_5,candidate_4,candidate_2,candidate_1,candidate_3,5,0.028000000000000004
84,candidate_5,candidate_4,candidate_2,candidate_1,candidate_3,5,0.028000000000000004
85,candidate_5,candidate_4,candidate_2,0,candidate_3,5,0.028000000000000004
86,0,candidate_4,candidate_2,candidate_1,candidate_3,5,0.028000000000000004
87,candidate_5,candidate_4,candidate_2,candidate_1,candidate_3,5,0.028000000000000004
88,candidate_5,candidate_4,candidate_2,candidate_1,candidate_3,5,0.028000000000000004
89,candidate_5,candidate_4,candidate_2,candidate_1,candidate_3,5,0.028000000000000004
90,candidate_5,candidate_4,candidate_2,candidate_1,candidate_3,5,0.028000000000000004
91,candidate_5,candidate_4,candidate_2,candidate_1,candidate_3,5,0.028000000000000004
0,candidate_5,candidate_4,candidate_2,candidate_3,candidate_1,5,0.028000000000000004
1,candidate_5,candidate_4,candidate_2,candidate_3,candidate_1,5,0.028000000000000004
2,candidate_5,candidate_4,candidate_2,candidate_3,candidate_1,5,0.028000000000000004
3,candidate_5,candidate_4,candidate_2,candidate_3,candidate_1,5,0.028000000000000004
4,candidate_5,candidate_4,candidate_2,candidate_3,candidate_1,5,0.028000000000000004
5,candidate_5,candidate_4,candidate_2,candidate_3,candidate_1,5,0.028000000000000004
6,candidate_5,candidate_4,candidate_2,candidate_3,candidate_1,5,0.028000000000000004
7,candidate_5,0,candidate_2,candidate_3,candidate_1,5,0.028000000000000004
8,candidate_5,candidate_4,candidate_2,candidate_3,candidate_1,5,0.028000000000000004
9,candidate_5,candidate_4,candidate_2,candidate_3,candidate_1,5,0.028000000000000004
10,candidate_5,candidate_4,candidate_2,candidate_3,candidate_1,5,0.028000000000000004
11,candidate_5,candidate_4,candidate_2,candidate_3,candidate_1,5,0.028000000000000004
12,candidate_5,candidate_4,candidate_2,candidate_3,candidate_1,5,0.028000000000000004
13,candidate_5,candidate_4,candidate_2,candidate_3,candidate_1,5,0.028000000000000004
14,candidate_5,candidate_4,candidate_2,candidate_3,candidate_1,5,0.028000000000000004
15,candidate_5,candidate_4,0,candidate_3,candidate_1,5,0.028000000000000004
16,candidate_5,candidate_4,candidate_2,candidate_3,candidate_1,5,0.028000000000000004
17,candidate_5,candidate_4,candidate_2,candidate_3,candidate_1,5,0.028000000000000004
18,candidate_5,candidate_4,candidate_2,candidate_3,candidate_1,5,0.028000000000000004
19,candidate_5,candidate_4,candidate_2,candidate_3,candidate_1,5,0.028000000000000004
20,candidate_5,candidate_4,candidate_2,candidate_3,candidate_1,5,0.028000000000000004
21,candidate_5,candidate_4,candidate_2,candidate_3,candidate_1,5,0.028000000000000004
22,candidate_5,candidate_4,candidate_2,candidate_3,candidate_1,5,0.028000000000000004
23,candidate_5,candidate_4,candidate_2,0,candidate_1,5,0.028000000000000004
24,candidate_5,candidate_4,candidate_2,candidate_3,candidate_1,5,0.028000000000000004
25,candidate_5,candidate_4,candidate_2,candidate_3,candidate_1,5,0.028000000000000004
26,candidate_5,candidate_4,candidate_2,candidate_3,candidate_1,5,0.028000000000000004
27,candidate_5,candidate_4,candidate_2,candidate_3,candidate_1,5,0.028000000000000004
28,candidate_5,candidate_4,candidate_2,candidate_3,candidate_1,5,0.028000000000000004
29,candidate_5,0,candidate_2,candidate_3,candidate_1,5,0.028000000000000004
30,candidate_5,candidate_4,candidate_2,candidate_3,candidate_1,5,0.028000000000000004
31,candidate_5,candidate_4,candidate_2,candidate_3,candidate_1,5,0.028000000000000004
32,candidate_5,candidate_4,candidate_2,candidate_3,candidate_1,5,0.028000000000000004
33,candidate_5,candidate_4,candidate_2,candidate_3,candidate_1,5,0.028000000000000004
34,candidate_5,candidate_4,candidate_2,candidate_3,candidate_1,5,0.028000000000000004
35,candidate_5,candidate_4,candidate_2,candidate_3,candidate_1,5,0.028000000000000004
36,candidate_5,candidate_4,candidate_2,candidate_3,candidate_1,5,0.028000000000000004
37,candidate_5,candidate_4,candidate_2,candidate_3,candidate_1,5,0.028000000000000004
38,candidate_5,candidate_4,candidate_2,candidate_3,candidate_1,5,0.028000000000000004
39,candidate_5,candidate_4,candidate_2,candidate_3,candidate_1,5,0.028000000000000004
40,candidate_5,candidate_4,candidate_2,candidate_3,candidate_1,5,0.028000000000000004
41,candidate_5,candidate_4,candidate_2,candidate_3,candidate_1,5,0.028000000000000004
42,candidate_5,candidate_4,candidate_2,candidate_3,candidate_1,5,0.028000000000000004
43,candidate_5,candidate_4,candidate_2,candidate_3,candidate_1,5,0.028000000000000004
44,candidate_5,candidate_4,candidate_2,candidate_3,candidate_1,5,0.028000000000000004
45,candidate_5,0,candidate_2,candidate_3,candidate_1,5,0.028000000000000004
46,candidate_5,candidate_4,candidate_2,candidate_3,candidate_1,5,0.028000000000000004
47,candidate_5,candidate_4,candidate_2,0,candidate_1,5,0.028000000000000004
48,candidate_5,candidate_4,candidate_2,candidate_3,candidate_1,5,0.028000000000000004
49,candidate_5,candidate_4,candidate_2,candidate_3,candidate_1,5,0.028000000000000004
50,candidate_5,candidate_4,candidate_2,candidate_3,candidate_1,5,0.028000000000000004
51,candidate_5,candidate_4,candidate_2,candidate_3,candidate_1,5,0.028000000000000004
52,candidate_5,candidate_4,candidate_2,candidate_3,candidate_1,5,0.028000000000000004
53,candidate_5,candidate_4,candidate_2,candidate_3,candidate_1,5,0.028000000000000004
54,candidate_5,candidate_4,candidate_2,candidate_3,candidate_1,5,0.028000000000000004
55,candidate_5,candidate_4,candidate_2,candidate_3,candidate_1,5,0.028000000000000004
56,candidate_5,candidate_4,candidate_2,candidate_3,candidate_1,5,0.028000000000000004
57,candidate_5,candidate_4,candidate_2,candidate_3,candidate_1,5,0.028000000000000004
58,candidate_5,candidate_4,candidate_2,candidate_3,candidate_1,5,0.028000000000000004
59,candidate_5,candidate_4,candidate_2,candidate_3,candidate_1,5,0.028000000000000004
60,candidate_5,candidate_4,candidate_2,candidate_3,candidate_1,5,0.028000000000000004
61,candidate_5,candidate_4,candidate_2,candidate_3,candidate_1,5,0.028000000000000004
62,candidate_5,candidate_4,candidate_2,candidate_3,candidate_1,5,0.028000000000000004
63,candidate_5,0,candidate_2,candidate_3,candidate_1,5,0.028000000000000004
64,candidate_5,candidate_4,candidate_2,candidate_3,candidate_1,5,0.028000000000000004
65,candidate_5,candidate_4,candidate_2,candidate_3,candidate_1,5,0.028000000000000004
66,candidate_5,candidate_4,candidate_2,candidate_3,candidate_1,5,0.028000000000000004
67,candidate_5,candidate_4,candidate_2,candidate_3,candidate_1,5,0.028000000000000004
68,candidate_5,candidate_4,candidate_2,candidate_3,candidate_1,5,0.028000000000000004
69,candidate_5,candidate_4,candidate_2,candidate_3,candidate_1,5,0.028000000000000004
70,candidate_5,candidate_4,candidate_2,candidate_3,candidate_1,5,0.028000000000000004
71,candidate_5,candidate_4,candidate_2,candidate_3,candidate_1,5,0.028000000000000004
72,candidate_5,candidate_4,candidate_2,candidate_3,candidate_1,5,0.028000000000000004
73,candidate_5,candidate_4,candidate_2,candidate_3,candidate_1,5,0.028000000000000004
74,candidate_5,candidate_4,candidate_2,candidate_3,candidate_1,5,0.028000000000000004
75,candidate_5,candidate_4,candidate_2,candidate_3,candidate_1,5,0.028000000000000004
76,candidate_5,candidate_4,candidate_2,candidate_3,candidate_1,5,0.028000000000000004
77,candidate_5,candidate_4,candidate_2,candidate_3,candidate_1,5,0.028000000000000004
78,candidate_5,candidate_4,candidate_2,candidate_3,candidate_1,5,0.028000000000000004
79,candidate_5,candidate_4,candidate_2,candidate_3,candidate_1,5,0.028000000000000004
80,candidate_5,candidate_4,candidate_2,candidate_3,candidate_1,5,0.028000000000000004
81,candidate_5,candidate_4,candidate_2,candidate_3,candidate_1,5,0.028000000000000004
82,0,candidate_4,candidate_2,candidate_3,candidate_1,5,0.028000000000000004
83,candidate_5,candidate_4,candidate_2,candidate_3,candidate_1,5,0.028000000000000004
84,candidate_5,candidate_4,candidate_2,candidate_3,candidate_1,5,0.028000000000000004
85,candidate_5,candidate_4,candidate_2,candidate_3,candidate_1,5,0.028000000000000004
86,0,candidate_4,candidate_2,candidate_3,candidate_1,5,0.028000000000000004
87,candidate_5,candidate_4,candidate_2,candidate_3,candidate_1,5,0.028000000000000004
88,candidate_5,candidate_4,candidate_2,candidate_3,candidate_1,5,0.028000000000000004
89,candidate_5,candidate_4,candidate_2,candidate_3,candidate_1,5,0.028000000000000004
90,candidate_5,candidate_4,candidate_2,candidate_3,candidate_1,5,0.028000000000000004
91,candidate_5,candidate_4,candidate_2,candidate_3,candidate_1,5,0.028000000000000004
92,candidate_5,candidate_4,candidate_2,candidate_3,candidate_1,5,0.028000000000000004
93,candidate_5,candidate_4,candidate_2,candidate_3,candidate_1,5,0.028000000000000004
94,candidate_5,candidate_4,candidate_2,candidate_3,candidate_1,5,0.028000000000000004
95,candidate_5,candidate_4,candidate_2,candidate_3,candidate_1,5,0.028000000000000004
96,candidate_5,candidate_4,candidate_2,candidate_3,candidate_1,5,0.028000000000000004
97,candidate_5,candidate_4,candidate_2,candidate_3,candidate_1,5,0.028000000000000004
98,candidate_5,candidate_4,candidate_2,candidate_3,candidate_1,5,0.028000000000000004
99,candidate_5,candidate_4,0,candidate_3,candidate_1,5,0.028000000000000004
100,candidate_5,candidate_4,candidate_2,candidate_3,candidate_1,5,0.028000000000000004
101,candidate_5,candidate_4,candidate_2,candidate_3,candidate_1,5,0.028000000000000004
102,candidate_5,candidate_4,candidate_2,candidate_3,candidate_1,5,0.028000000000000004
103,candidate_5,candidate_4,candidate_2,candidate_3,candidate_1,5,0.028000000000000004
104,candidate_5,candidate_4,candidate_2,candidate_3,candidate_1,5,0.028000000000000004
105,candidate_5,candidate_4,candidate_2,candidate_3,candidate_1,5,0.028000000000000004
106,candidate_5,candidate_4,candidate_2,candidate_3,candidate_1,5,0.028000000000000004
107,candidate_5,candidate_4,candidate_2,candidate_3,candidate_1,5,0.028000000000000004
108,candidate_5,candidate_4,candidate_2,0,0,5,0.028000000000000004
109,candidate_5,candidate_4,candidate_2,candidate_3,candidate_1,5,0.028000000000000004
110,candidate_5,0,candidate_2,candidate_3,candidate_1,5,0.028000000000000004
111,candidate_5,candidate_4,candidate_2,candidate_3,candidate_1,5,0.028000000000000004
112,candidate_5,candidate_4,candidate_2,0,candidate_1,5,0.028000000000000004
113,candidate_5,candidate_4,candidate_2,candidate_3,candidate_1,5,0.028000000000000004
114,candidate_5,candidate_4,candidate_2,candidate_3,candidate_1,5,0.028000000000000004
115,candidate_5,candidate_4,candidate_2,candidate_3,candidate_1,5,0.028000000000000004
116,candidate_5,candidate_4,candidate_2,candidate_3,candidate_1,5,0.028000000000000004
117,candidate_5,candidate_4,candidate_2,candidate_3,candidate_1,5,0.028000000000000004
118,candidate_5,candidate_4,candidate_2,candidate_3,candidate_1,5,0.028000000000000004
119,candidate_5,candidate_4,candidate_2,candidate_3,candidate_1,5,0.028000000000000004
120,candidate_5,candidate_4,candidate_2,candidate_3,candidate_1,5,0.028000000000000004
121,candidate_5,candidate_4,candidate_2,candidate_3,candidate_1,5,0.028000000000000004
122,candidate_5,candidate_4,candidate_2,candidate_3,candidate_1,5,0.028000000000000004
123,candidate_5,candidate_4,candidate_2,candidate_3,candidate_1,5,0.028000000000000004
124,candidate_5,candidate_4,candidate_2,candidate_3,candidate_1,5,0.028000000000000004
125,candidate_5,candidate_4,candidate_2,candidate_3,candidate_1,5,0.028000000000000004
126,candidate_5,candidate_4,candidate_2,candidate_3,candidate_1,5,0.028000000000000004
127,candidate_5,candidate_4,candidate_2,candidate_3,candidate_1,5,0.028000000000000004
128,candidate_5,candidate_4,candidate_2,candidate_3,candidate_1,5,0.028000000000000004
129,candidate_5,candidate_4,candidate_2,candidate_3,candidate_1,5,0.028000000000000004
130,candidate_5,candidate_4,candidate_2,candidate_3,candidate_1,5,0.028000000000000004
131,candidate_5,candidate_4,candidate_2,candidate_3,candidate_1,5,0.028000000000000004
132,candidate_5,candidate_4,candidate_2,candidate_3,candidate_1,5,0.028000000000000004
133,candidate_5,candidate_4,candidate_2,candidate_3,candidate_1,5,0.028000000000000004
134,candidate_5,candidate_4,candidate_2,candidate_3,candidate_1,5,0.028000000000000004
135,candidate_5,0,candidate_2,candidate_3,candidate_1,5,0.028000000000000004
136,candidate_5,candidate_4,candidate_2,candidate_3,candidate_1,5,0.028000000000000004
137,candidate_5,candidate_4,candidate_2,candidate_3,candidate_1,5,0.028000000000000004
138,candidate_5,candidate_4,0,candidate_3,candidate_1,5,0.028000000000000004
139,candidate_5,candidate_4,candidate_2,candidate_3,candidate_1,5,0.028000000000000004
140,candidate_5,candidate_4,candidate_2,candidate_3,candidate_1,5,0.028000000000000004
141,candidate_5,candidate_4,candidate_2,candidate_3,candidate_1,5,0.028000000000000004
142,candidate_5,candidate_4,candidate_2,candidate_3,candidate_1,5,0.028000000000000004
143,candidate_5,candidate_4,candidate_2,candidate_3,candidate_1,5,0.028000000000000004
144,candidate_5,candidate_4,candidate_2,candidate_3,candidate_1,5,0.028000000000000004
145,candidate_5,candidate_4,candidate_2,candidate_3,candidate_1,5,0.028000000000000004
146,candidate_5,candidate_4,candidate_2,candidate_3,candidate_1,5,0.028000000000000004
147,candidate_5,candidate_4,candidate_2,candidate_3,candidate_1,5,0.028000000000000004
148,candidate_5,candidate_4,candidate_2,candidate_3,candidate_1,5,0.028000000000000004
149,candidate_5,candidate_4,candidate_2,candidate_3,candidate_1,5,0.028000000000000004
150,candidate_5,candidate_4,candidate_2,candidate_3,candidate_1,5,0.028000000000000004
151,candidate_5,candidate_4,candidate_2,candidate_3,candidate_1,5,0.028000000000000004
152,0,candidate_4,candidate_2,candidate_3,candidate_1,5,0.028000000000000004
153,candidate_5,candidate_4,candidate_2,candidate_3,candidate_1,5,0.028000000000000004
154,candidate_5,candidate_4,candidate_2,candidate_3,candidate_1,5,0.028000000000000004
155,candidate_5,candidate_4,candidate_2,candidate_3,candidate_1,5,0.028000000000000004
156,candidate_5,candidate_4,candidate_2,candidate_3,candidate_1,5,0.028000000000000004
157,candidate_5,candidate_4,candidate_2,candidate_3,candidate_1,5,0.028000000000000004
158,candidate_5,candidate_4,candidate_2,candidate_3,candidate_1,5,0.028000000000000004
159,candidate_5,candidate_4,candidate_2,candidate_3,candidate_1,5,0.028000000000000004
160,candidate_5,candidate_4,candidate_2,candidate_3,candidate_1,5,0.028000000000000004
161,candidate_5,candidate_4,candidate_2,candidate_3,candidate_1,5,0.028000000000000004
162,candidate_5,candidate_4,candidate_2,candidate_3,candidate_1,5,0.028000000000000004
163,candidate_5,candidate_4,candidate_2,candidate_3,candidate_1,5,0.028000000000000004
164,candidate_5,candidate_4,candidate_2,candidate_3,candidate_1,5,0.028000000000000004
165,candidate_5,candidate_4,candidate_2,candidate_3,candidate_1,5,0.028000000000000004
166,candidate_5,candidate_4,candidate_2,candidate_3,candidate_1,5,0.028000000000000004
167,candidate_5,candidate_4,candidate_2,candidate_3,candidate_1,5,0.028000000000000004
168,candidate_5,candidate_4,candidate_2,candidate_3,candidate_1,5,0.028000000000000004
169,candidate_5,candidate_4,candidate_2,candidate_3,candidate_1,5,0.028000000000000004
170,candidate_5,candidate_4,candidate_2,candidate_3,candidate_1,5,0.028000000000000004
171,candidate_5,candidate_4,candidate_2,candidate_3,candidate_1,5,0.028000000000000004
172,candidate_5,candidate_4,candidate_2,candidate_3,0,5,0.028000000000000004
173,candidate_5,candidate_4,candidate_2,candidate_3,candidate_1,5,0.028000000000000004
174,candidate_5,candidate_4,candidate_2,candidate_3,candidate_1,5,0.028000000000000004
175,0,candidate_4,candidate_2,candidate_3,candidate_1,5,0.028000000000000004
176,candidate_5,candidate_4,candidate_2,candidate_3,candidate_1,5,0.028000000000000004
177,candidate_5,candidate_4,candidate_2,candidate_3,candidate_1,5,0.028000000000000004
178,candidate_5,candidate_4,candidate_2,candidate_3,candidate_1,5,0.028000000000000004
179,candidate_5,candidate_4,candidate_2,candidate_3,candidate_1,5,0.028000000000000004
180,candidate_5,0,candidate_2,candidate_3,candidate_1,5,0.028000000000000004
181,candidate_5,candidate_4,candidate_2,candidate_3,candidate_1,5,0.028000000000000004
182,0,candidate_4,candidate_2,candidate_3,candidate_1,5,0.028000000000000004
183,candidate_5,candidate_4,candidate_2,candidate_3,candidate_1,5,0.028000000000000004
184,candidate_5,candidate_4,candidate_2,candidate_3,candidate_1,5,0.028000000000000004
185,candidate_5,candidate_4,candidate_2,candidate_3,candidate_1,5,0.028000000000000004
186,candidate_5,candidate_4,candidate_2,candidate_3,candidate_1,5,0.028000000000000004
187,candidate_5,candidate_4,candidate_2,candidate_3,candidate_1,5,0.028000000000000004
188,candidate_5,candidate_4,candidate_2,candidate_3,candidate_1,5,0.028000000000000004
189,candidate_5,candidate_4,candidate_2,candidate_3,candidate_1,5,0.028000000000000004
190,candidate_5,candidate_4,candidate_2,candidate_3,candidate_1,5,0.028000000000000004
191,candidate_5,candidate_4,candidate_2,candidate_3,candidate_1,5,0.028000000000000004
192,candidate_5,candidate_4,candidate_2,candidate_3,candidate_1,5,0.028000000000000004
193,candidate_5,candidate_4,0,candidate_3,0,5,0.028000000000000004
194,candidate_5,candidate_4,candidate_2,candidate_3,candidate_1,5,0.028000000000000004
195,0,candidate_4,candidate_2,candidate_3,candidate_1,5,0.028000000000000004
196,candidate_5,candidate_4,candidate_2,candidate_3,candidate_1,5,0.028000000000000004
197,candidate_5,candidate_4,candidate_2,candidate_3,candidate_1,5,0.028000000000000004
198,candidate_5,candidate_4,candidate_2,candidate_3,candidate_1,5,0.028000000000000004
199,candidate_5,candidate_4,candidate_2,candidate_3,candidate_1,5,0.028000000000000004
200,0,candidate_4,candidate_2,candidate_3,candidate_1,5,0.028000000000000004
201,candidate_5,candidate_4,candidate_2,candidate_3,candidate_1,5,0.028000000000000004
202,candidate_5,candidate_4,candidate_2,candidate_3,candidate_1,5,0.028000000000000004
203,candidate_5,candidate_4,candidate_2,candidate_3,candidate_1,5,0.028000000000000004
204,candidate_5,candidate_4,candidate_2,candidate_3,candidate_1,5,0.028000000000000004
205,candidate_5,candidate_4,candidate_2,candidate_3,candidate_1,5,0.028000000000000004
206,candidate_5,candidate_4,candidate_2,candidate_3,candidate_1,5,0.028000000000000004
207,candidate_5,candidate_4,candidate_2,candidate_3,candidate_1,5,0.028000000000000004
208,candidate_5,candidate_4,candidate_2,candidate_3,candidate_1,5,0.028000000000000004
209,candidate_5,candidate_4,candidate_2,candidate_3,candidate_1,5,0.028000000000000004
210,candidate_5,candidate_4,candidate_2,candidate_3,candidate_1,5,0.028000000000000004
211,candidate_5,candidate_4,candidate_2,candidate_3,candidate_1,5,0.028000000000000004
212,candidate_5,candidate_4,candidate_2,candidate_3,candidate_1,5,0.028000000000000004
213,candidate_5,candidate_4,candidate_2,candidate_3,candidate_1,5,0.028000000000000004
214,candidate_5,candidate_4,candidate_2,candidate_3,candidate_1,5,0.028000000000000004
215,candidate_5,candidate_4,candidate_2,candidate_3,candidate_1,5,0.028000000000000004
216,candidate_5,candidate_4,candidate_2,candidate_3,candidate_1,5,0.028000000000000004
217,candidate_5,candidate_4,candidate_2,candidate_3,candidate_1,5,0.028000000000000004
218,candidate_5,candidate_4,candidate_2,candidate_3,candidate_1,5,0.028000000000000004
219,candidate_5,candidate_4,candidate_2,candidate_3,candidate_1,5,0.028000000000000004
220,candidate_5,candidate_4,candidate_2,candidate_3,candidate_1,5,0.028000000000000004
221,candidate_5,candidate_4,candidate_2,candidate_3,candidate_1,5,0.028000000000000004
222,candidate_5,candidate_4,candidate_2,candidate_3,candidate_1,5,0.028000000000000004
223,candidate_5,candidate_4,candidate_2,candidate_3,candidate_1,5,0.028000000000000004
224,candidate_5,candidate_4,candidate_2,candidate_3,candidate_1,5,0.028000000000000004
225,candidate_5,candidate_4,candidate_2,candidate_3,candidate_1,5,0.028000000000000004
226,candidate_5,candidate_4,candidate_2,candidate_3,candidate_1,5,0.028000000000000004
227,candidate_5,candidate_4,candidate_2,candidate_3,candidate_1,5,0.028000000000000004
228,candidate_5,candidate_4,candidate_2,candidate_3,candidate_1,5,0.028000000000000004
229,candidate_5,candidate_4,candidate_2,candidate_3,candidate_1,5,0.028000000000000004
230,candidate_5,candidate_4,candidate_2,candidate_3,candidate_1,5,0.028000000000000004
231,candidate_5,candidate_4,candidate_2,candidate_3,candidate_1,5,0.028000000000000004
232,candidate_5,candidate_4,candidate_2,candidate_3,candidate_1,5,0.028000000000000004
233,candidate_5,0,candidate_2,candidate_3,candidate_1,5,0.028000000000000004
234,candidate_5,candidate_4,candidate_2,candidate_3,candidate_1,5,0.028000000000000004
235,candidate_5,candidate_4,candidate_2,candidate_3,candidate_1,5,0.028000000000000004
236,candidate_5,candidate_4,candidate_2,candidate_3,candidate_1,5,0.028000000000000004
237,candidate_5,candidate_4,candidate_2,candidate_3,candidate_1,5,0.028000000000000004
238,candidate_5,candidate_4,candidate_2,candidate_3,candidate_1,5,0.028000000000000004
239,0,candidate_4,candidate_2,candidate_3,candidate_1,5,0.028000000000000004
240,candidate_5,candidate_4,candidate_2,candidate_3,candidate_1,5,0.028000000000000004
241,candidate_5,candidate_4,candidate_2,candidate_3,candidate_1,5,0.028000000000000004
242,candidate_5,candidate_4,candidate_2,candidate_3,candidate_1,5,0.028000000000000004
243,candidate_5,candidate_4,candidate_2,candidate_3,candidate_1,5,0.028000000000000004
244,candidate_5,candidate_4,candidate_2,candidate_3,candidate_1,5,0.028000000000000004
245,candidate_5,candidate_4,candidate_2,candidate_3,candidate_1,5,0.028000000000000004
246,candidate_5,candidate_4,candidate_2,candidate_3,candidate_1,5,0.028000000000000004
247,candidate_5,candidate_4,candidate_2,candidate_3,candidate_1,5,0.028000000000000004
248,candidate_5,candidate_4,candidate_2,candidate_3,0,5,0.028000000000000004
249,candidate_5,candidate_4,candidate_2,candidate_3,candidate_1,5,0.028000000000000004
250,candidate_5,candidate_4,candidate_2,candidate_3,candidate_1,5,0.028000000000000004
251,candidate_5,candidate_4,candidate_2,candidate_3,candidate_1,5,0.028000000000000004
252,candidate_5,candidate_4,candidate_2,candidate_3,candidate_1,5,0.028000000000000004
253,candidate_5,candidate_4,candidate_2,candidate_3,candidate_1,5,0.028000000000000004
254,candidate_5,candidate_4,candidate_2,candidate_3,candidate_1,5,0.028000000000000004
255,candidate_5,candidate_4,candidate_2,candidate_3,candidate_1,5,0.028000000000000004
256,candidate_5,candidate_4,candidate_2,candidate_3,candidate_1,5,0.028000000000000004
257,candidate_5,candidate_4,candidate_2,candidate_3,candidate_1,5,0.028000000000000004
258,candidate_5,candidate_4,candidate_2,candidate_3,candidate_1,5,0.028000000000000004
259,candidate_5,candidate_4,candidate_2,candidate_3,0,5,0.028000000000000004
260,candidate_5,candidate_4,candidate_2,candidate_3,candidate_1,5,0.028000000000000004
261,candidate_5,candidate_4,candidate_2,candidate_3,candidate_1,5,0.028000000000000004
262,candidate_5,candidate_4,candidate_2,candidate_3,candidate_1,5,0.028000000000000004
263,candidate_5,candidate_4,candidate_2,candidate_3,candidate_1,5,0.028000000000000004
264,candidate_5,candidate_4,candidate_2,candidate_3,candidate_1,5,0.028000000000000004
265,candidate_5,candidate_4,candidate_2,candidate_3,candidate_1,5,0.028000000000000004
266,candidate_5,candidate_4,candidate_2,candidate_3,candidate_1,5,0.028000000000000004
267,candidate_5,candidate_4,candidate_2,candidate_3,candidate_1,5,0.028000000000000004
268,candidate_5,candidate_4,candidate_2,candidate_3,candidate_1,5,0.028000000000000004
269,candidate_5,candidate_4,candidate_2,candidate_3,candidate_1,5,0.028000000000000004
270,0,candidate_4,candidate_2,candidate_3,candidate_1,5,0.028000000000000004
271,candidate_5,candidate_4,candidate_2,candidate_3,candidate_1,5,0.028000000000000004
272,candidate_5,candidate_4,candidate_2,candidate_3,candidate_1,5,0.028000000000000004
273,candidate_5,candidate_4,candidate_2,candidate_3,candidate_1,5,0.028000000000000004
274,candidate_5,candidate_4,candidate_2,candidate_3,candidate_1,5,0.028000000000000004
275,candidate_5,candidate_4,candidate_2,candidate_3,candidate_1,5,0.028000000000000004
276,candidate_5,candidate_4,candidate_2,candidate_3,0,5,0.028000000000000004
277,candidate_5,candidate_4,candidate_2,candidate_3,candidate_1,5,0.028000000000000004
278,candidate_5,candidate_4,candidate_2,candidate_3,candidate_1,5,0.028000000000000004
279,candidate_5,candidate_4,candidate_2,candidate_3,candidate_1,5,0.028000000000000004
280,candidate_5,candidate_4,candidate_2,candidate_3,candidate_1,5,0.028000000000000004
281,candidate_5,candidate_4,candidate_2,candidate_3,candidate_1,5,0.028000000000000004
282,candidate_5,candidate_4,0,candidate_3,candidate_1,5,0.028000000000000004
283,candidate_5,candidate_4,candidate_2,candidate_3,candidate_1,5,0.028000000000000004
284,candidate_5,candidate_4,candidate_2,0,candidate_1,5,0.028000000000000004
285,candidate_5,candidate_4,candidate_2,candidate_3,candidate_1,5,0.028000000000000004
286,candidate_5,candidate_4,candidate_2,candidate_3,candidate_1,5,0.028000000000000004
287,candidate_5,candidate_4,candidate_2,candidate_3,candidate_1,5,0.028000000000000004
288,candidate_5,candidate_4,candidate_2,candidate_3,candidate_1,5,0.028000000000000004
289,candidate_5,candidate_4,candidate_2,candidate_3,candidate_1,5,0.028000000000000004
290,candidate_5,candidate_4,candidate_2,candidate_3,candidate_1,5,0.028000000000000004
291,0,candidate_4,candidate_2,candidate_3,candidate_1,5,0.028000000000000004
292,candidate_5,candidate_4,candidate_2,candidate_3,candidate_1,5,0.028000000000000004
293,candidate_5,candidate_4,candidate_2,candidate_3,candidate_1,5,0.028000000000000004
294,candidate_5,candidate_4,candidate_2,candidate_3,candidate_1,5,0.028000000000000004
295,candidate_5,candidate_4,candidate_2,candidate_3,candidate_1,5,0.028000000000000004
296,candidate_5,candidate_4,candidate_2,0,candidate_1,5,0.028000000000000004
297,candidate_5,candidate_4,candidate_2,candidate_3,candidate_1,5,0.028000000000000004
298,candidate_5,candidate_4,candidate_2,candidate_3,candidate_1,5,0.028000000000000004
299,candidate_5,candidate_4,candidate_2,0,candidate_1,5,0.028000000000000004
300,candidate_5,candidate_4,candidate_2,candidate_3,candidate_1,5,0.028000000000000004
301,candidate_5,candidate_4,candidate_2,candidate_3,candidate_1,5,0.028000000000000004
302,candidate_5,candidate_4,candidate_2,candidate_3,candidate_1,5,0.028000000000000004
303,candidate_5,candidate_4,candidate_2,candidate_3,candidate_1,5,0.028000000000000004
304,candidate_5,candidate_4,candidate_2,candidate_3,candidate_1,5,0.028000000000000004
305,candidate_5,candidate_4,candidate_2,candidate_3,candidate_1,5,0.028000000000000004
306,candidate_5,candidate_4,candidate_2,candidate_3,candidate_1,5,0.028000000000000004
307,candidate_5,candidate_4,candidate_2,candidate_3,candidate_1,5,0.028000000000000004
308,candidate_5,candidate_4,candidate_2,candidate_3,candidate_1,5,0.028000000000000004
309,candidate_5,candidate_4,candidate_2,candidate_3,candidate_1,5,0.028000000000000004
310,candidate_5,candidate_4,candidate_2,candidate_3,candidate_1,5,0.028000000000000004
311,candidate_5,candidate_4,candidate_2,candidate_3,candidate_1,5,0.028000000000000004
312,candidate_5,candidate_4,candidate_2,candidate_3,candidate_1,5,0.028000000000000004
313,candidate_5,candidate_4,candidate_2,candidate_3,candidate_1,5,0.028000000000000004
314,candidate_5,candidate_4,candidate_2,candidate_3,candidate_1,5,0.028000000000000004
315,candidate_5,candidate_4,candidate_2,candidate_3,candidate_1,5,0.028000000000000004
316,candidate_5,candidate_4,candidate_2,candidate_3,candidate_1,5,0.028000000000000004
317,candidate_5,candidate_4,candidate_2,candidate_3,candidate_1,5,0.028000000000000004
318,candidate_5,candidate_4,candidate_2,candidate_3,candidate_1,5,0.028000000000000004
319,candidate_5,candidate_4,candidate_2,candidate_3,candidate_1,5,0.028000000000000004
320,candidate_5,candidate_4,candidate_2,candidate_3,candidate_1,5,0.028000000000000004
321,candidate_5,candidate_4,candidate_2,candidate_3,candidate_1,5,0.028000000000000004
322,candidate_5,candidate_4,candidate_2,candidate_3,candidate_1,5,0.028000000000000004
323,candidate_5,candidate_4,candidate_2,candidate_3,candidate_1,5,0.028000000000000004
324,candidate_5,candidate_4,candidate_2,candidate_3,candidate_1,5,0.028000000000000004
325,candidate_5,candidate_4,candidate_2,candidate_3,candidate_1,5,0.028000000000000004
326,candidate_5,candidate_4,candidate_2,candidate_3,candidate_1,5,0.028000000000000004
327,candidate_5,candidate_4,candidate_2,candidate_3,candidate_1,5,0.028000000000000004
328,candidate_5,candidate_4,candidate_2,candidate_3,candidate_1,5,0.028000000000000004
329,candidate_5,candidate_4,candidate_2,candidate_3,0,5,0.028000000000000004
330,candidate_5,candidate_4,0,candidate_3,candidate_1,5,0.028000000000000004
331,candidate_5,candidate_4,candidate_2,candidate_3,candidate_1,5,0.028000000000000004
332,candidate_5,candidate_4,candidate_2,candidate_3,candidate_1,5,0.028000000000000004
333,candidate_5,candidate_4,candidate_2,candidate_3,candidate_1,5,0.028000000000000004
334,candidate_5,candidate_4,candidate_2,candidate_3,candidate_1,5,0.028000000000000004
335,candidate_5,candidate_4,candidate_2,candidate_3,candidate_1,5,0.028000000000000004
336,candidate_5,candidate_4,candidate_2,candidate_3,candidate_1,5,0.028000000000000004
337,candidate_5,candidate_4,candidate_2,candidate_3,candidate_1,5,0.028000000000000004
338,candidate_5,candidate_4,0,candidate_3,candidate_1,5,0.028000000000000004
339,candidate_5,candidate_4,candidate_2,candidate_3,candidate_1,5,0.028000000000000004
340,candidate_5,candidate_4,candidate_2,candidate_3,candidate_1,5,0.028000000000000004
341,candidate_5,candidate_4,candidate_2,candidate_3,candidate_1,5,0.028000000000000004
342,candidate_5,candidate_4,candidate_2,candidate_3,candidate_1,5,0.028000000000000004
343,0,candidate_4,candidate_2,candidate_3,candidate_1,5,0.028000000000000004
344,candidate_5,candidate_4,candidate_2,candidate_3,candidate_1,5,0.028000000000000004
345,candidate_5,candidate_4,candidate_2,candidate_3,candidate_1,5,0.028000000000000004
346,0,candidate_4,candidate_2,candidate_3,candidate_1,5,0.028000000000000004
347,candidate_5,candidate_4,candidate_2,candidate_3,candidate_1,5,0.028000000000000004
348,candidate_5,candidate_4,candidate_2,candidate_3,candidate_1,5,0.028000000000000004
349,candidate_5,candidate_4,candidate_2,candidate_3,candidate_1,5,0.028000000000000004
350,candidate_5,candidate_4,candidate_2,candidate_3,candidate_1,5,0.028000000000000004
351,candidate_5,candidate_4,candidate_2,candidate_3,candidate_1,5,0.028000000000000004
352,candidate_5,candidate_4,candidate_2,candidate_3,candidate_1,5,0.028000000000000004
353,candidate_5,candidate_4,candidate_2,candidate_3,candidate_1,5,0.028000000000000004
354,candidate_5,candidate_4,candidate_2,candidate_3,candidate_1,5,0.028000000000000004
355,candidate_5,candidate_4,candidate_2,candidate_3,candidate_1,5,0.028000000000000004
356,candidate_5,candidate_4,candidate_2,candidate_3,candidate_1,5,0.028000000000000004
357,candidate_5,candidate_4,candidate_2,candidate_3,candidate_1,5,0.028000000000000004
358,candidate_5,candidate_4,candidate_2,candidate_3,candidate_1,5,0.028000000000000004
359,candidate_5,candidate_4,candidate_2,candidate_3,candidate_1,5,0.028000000000000004
360,candidate_5,candidate_4,candidate_2,candidate_3,candidate_1,5,0.028000000000000004
361,candidate_5,candidate_4,candidate_2,candidate_3,candidate_1,5,0.028000000000000004
362,candidate_5,candidate_4,candidate_2,0,candidate_1,5,0.028000000000000004
363,candidate_5,candidate_4,candidate_2,candidate_3,candidate_1,5,0.028000000000000004
364,candidate_5,candidate_4,candidate_2,candidate_3,candidate_1,5,0.028000000000000004
365,candidate_5,candidate_4,candidate_2,candidate_3,candidate_1,5,0.028000000000000004
366,candidate_5,candidate_4,candidate_2,candidate_3,candidate_1,5,0.028000000000000004
367,candidate_5,candidate_4,candidate_2,candidate_3,candidate_1,5,0.028000000000000004
368,candidate_5,candidate_4,candidate_2,candidate_3,candidate_1,5,0.028000000000000004
369,candidate_5,candidate_4,candidate_2,candidate_3,candidate_1,5,0.028000000000000004
370,candidate_5,candidate_4,candidate_2,candidate_3,candidate_1,5,0.028000000000000004
371,candidate_5,candidate_4,candidate_2,candidate_3,candidate_1,5,0.028000000000000004
372,candidate_5,0,candidate_2,candidate_3,candidate_1,5,0.028000000000000004
373,candidate_5,candidate_4,candidate_2,candidate_3,candidate_1,5,0.028000000000000004
374,candidate_5,candidate_4,candidate_2,candidate_3,candidate_1,5,0.028000000000000004
375,candidate_5,candidate_4,candidate_2,candidate_3,candidate_1,5,0.028000000000000004
376,candidate_5,candidate_4,candidate_2,candidate_3,candidate_1,5,0.028000000000000004
377,candidate_5,candidate_4,candidate_2,candidate_3,candidate_1,5,0.028000000000000004
378,candidate_5,0,candidate_2,candidate_3,candidate_1,5,0.028000000000000004
379,candidate_5,candidate_4,candidate_2,candidate_3,candidate_1,5,0.028000000000000004
380,candidate_5,candidate_4,candidate_2,candidate_3,candidate_1,5,0.028000000000000004
381,candidate_5,candidate_4,candidate_2,candidate_3,candidate_1,5,0.028000000000000004
382,candidate_5,candidate_4,candidate_2,candidate_3,candidate_1,5,0.028000000000000004
383,candidate_5,candidate_4,0,candidate_3,candidate_1,5,0.028000000000000004
384,candidate_5,candidate_4,candidate_2,candidate_3,candidate_1,5,0.028000000000000004
385,candidate_5,candidate_4,candidate_2,candidate_3,candidate_1,5,0.028000000000000004
386,candidate_5,candidate_4,candidate_2,candidate_3,candidate_1,5,0.028000000000000004
387,candidate_5,candidate_4,candidate_2,candidate_3,candidate_1,5,0.028000000000000004
388,candidate_5,candidate_4,candidate_2,candidate_3,candidate_1,5,0.028000000000000004
389,candidate_5,candidate_4,candidate_2,candidate_3,candidate_1,5,0.028000000000000004
390,candidate_5,candidate_4,candidate_2,candidate_3,candidate_1,5,0.028000000000000004
391,candidate_5,candidate_4,candidate_2,candidate_3,candidate_1,5,0.028000000000000004
392,candidate_5,candidate_4,candidate_2,candidate_3,candidate_1,5,0.028000000000000004
393,candidate_5,candidate_4,candidate_2,candidate_3,candidate_1,5,0.028000000000000004
394,candidate_5,candidate_4,candidate_2,candidate_3,candidate_1,5,0.028000000000000004
395,candidate_5,candidate_4,candidate_2,candidate_3,candidate_1,5,0.028000000000000004
396,candidate_5,candidate_4,candidate_2,candidate_3,candidate_1,5,0.028000000000000004
397,candidate_5,candidate_4,candidate_2,candidate_3,0,5,0.028000000000000004
398,candidate_5,candidate_4,candidate_2,candidate_3,candidate_1,5,0.028000000000000004
399,candidate_5,candidate_4,candidate_2,candidate_3,candidate_1,5,0.028000000000000004
400,candidate_5,candidate_4,candidate_2,candidate_3,candidate_1,5,0.028000000000000004
401,candidate_5,candidate_4,candidate_2,candidate_3,candidate_1,5,0.028000000000000004
402,candidate_5,candidate_4,candidate_2,candidate_3,candidate_1,5,0.028000000000000004
403,candidate_5,candidate_4,candidate_2,candidate_3,candidate_1,5,0.028000000000000004
404,candidate_5,candidate_4,candidate_2,candidate_3,candidate_1,5,0.028000000000000004
405,candidate_5,candidate_4,candidate_2,candidate_3,candidate_1,5,0.028000000000000004
406,candidate_5,candidate_4,candidate_2,candidate_3,candidate_1,5,0.028000000000000004
407,candidate_5,candidate_4,candidate_2,candidate_3,candidate_1,5,0.028000000000000004
408,candidate_5,candidate_4,candidate_2,candidate_3,candidate_1,5,0.028000000000000004
409,candidate_5,candidate_4,candidate_2,candidate_3,candidate_1,5,0.028000000000000004
410,candidate_5,candidate_4,candidate_2,candidate_3,candidate_1,5,0.028000000000000004
411,candidate_5,candidate_4,0,candidate_3,candidate_1,5,0.028000000000000004
412,candidate_5,candidate_4,candidate_2,candidate_3,candidate_1,5,0.028000000000000004
413,candidate_5,candidate_4,candidate_2,candidate_3,candidate_1,5,0.028000000000000004
414,candidate_5,candidate_4,candidate_2,candidate_3,candidate_1,5,0.028000000000000004
415,candidate_5,candidate_4,candidate_2,candidate_3,candidate_1,5,0.028000000000000004
416,candidate_5,candidate_4,candidate_2,candidate_3,candidate_1,5,0.028000000000000004
417,candidate_5,candidate_4,candidate_2,candidate_3,candidate_1,5,0.028000000000000004
418,candidate_5,candidate_4,candidate_2,candidate_3,candidate_1,5,0.028000000000000004
419,candidate_5,candidate_4,candidate_2,candidate_3,candidate_1,5,0.028000000000000004
420,candidate_5,candidate_4,candidate_2,candidate_3,candidate_1,5,0.028000000000000004
421,candidate_5,candidate_4,candidate_2,candidate_3,candidate_1,5,0.028000000000000004
422,candidate_5,candidate_4,candidate_2,0,candidate_1,5,0.028000000000000004
423,candidate_5,candidate_4,candidate_2,candidate_3,candidate_1,5,0.028000000000000004
424,candidate_5,0,candidate_2,candidate_3,candidate_1,5,0.028000000000000004
425,candidate_5,candidate_4,candidate_2,candidate_3,candidate_1,5,0.028000000000000004
426,candidate_5,candidate_4,candidate_2,0,candidate_1,5,0.028000000000000004
427,candidate_5,candidate_4,candidate_2,candidate_3,candidate_1,5,0.028000000000000004
428,candidate_5,candidate_4,candidate_2,candidate_3,candidate_1,5,0.028000000000000004
429,candidate_5,candidate_4,candidate_2,candidate_3,candidate_1,5,0.028000000000000004
430,candidate_5,candidate_4,candidate_2,candidate_3,candidate_1,5,0.028000000000000004
431,candidate_5,candidate_4,candidate_2,candidate_3,candidate_1,5,0.028000000000000004
432,candidate_5,candidate_4,candidate_2,candidate_3,candidate_1,5,0.028000000000000004
433,candidate_5,candidate_4,candidate_2,candidate_3,candidate_1,5,0.028000000000000004
434,candidate_5,candidate_4,candidate_2,candidate_3,candidate_1,5,0.028000000000000004
435,candidate_5,candidate_4,candidate_2,candidate_3,candidate_1,5,0.028000000000000004
436,0,candidate_4,candidate_2,candidate_3,candidate_1,5,0.028000000000000004
437,candidate_5,0,0,candidate_3,candidate_1,5,0.028000000000000004
438,candidate_5,candidate_4,candidate_2,candidate_3,candidate_1,5,0.028000000000000004
439,candidate_5,candidate_4,candidate_2,candidate_3,candidate_1,5,0.028000000000000004
440,candidate_5,candidate_4,candidate_2,candidate_3,candidate_1,5,0.028000000000000004
441,candidate_5,candidate_4,candidate_2,candidate_3,candidate_1,5,0.028000000000000004
442,candidate_5,candidate_4,candidate_2,candidate_3,candidate_1,5,0.028000000000000004
443,candidate_5,candidate_4,candidate_2,candidate_3,candidate_1,5,0.028000000000000004
444,candidate_5,candidate_4,candidate_2,candidate_3,candidate_1,5,0.028000000000000004
445,candidate_5,candidate_4,0,candidate_3,candidate_1,5,0.028000000000000004
446,candidate_5,candidate_4,candidate_2,candidate_3,candidate_1,5,0.028000000000000004
447,candidate_5,candidate_4,candidate_2,candidate_3,candidate_1,5,0.028000000000000004
448,candidate_5,candidate_4,candidate_2,candidate_3,candidate_1,5,0.028000000000000004
449,candidate_5,candidate_4,candidate_2,candidate_3,candidate_1,5,0.028000000000000004
450,candidate_5,candidate_4,candidate_2,candidate_3,candidate_1,5,0.028000000000000004
451,candidate_5,candidate_4,candidate_2,candidate_3,candidate_1,5,0.028000000000000004
452,candidate_5,candidate_4,candidate_2,candidate_3,candidate_1,5,0.028000000000000004
453,0,candidate_4,candidate_2,candidate_3,candidate_1,5,0.028000000000000004
454,candidate_5,candidate_4,candidate_2,candidate_3,0,5,0.028000000000000004
455,candidate_5,0,candidate_2,candidate_3,candidate_1,5,0.028000000000000004
456,candidate_5,candidate_4,candidate_2,candidate_3,candidate_1,5,0.028000000000000004
457,candidate_5,candidate_4,candidate_2,candidate_3,candidate_1,5,0.028000000000000004
458,candidate_5,candidate_4,candidate_2,candidate_3,candidate_1,5,0.028000000000000004
459,candidate_5,candidate_4,candidate_2,0,candidate_1,5,0.028000000000000004
460,candidate_5,candidate_4,candidate_2,candidate_3,candidate_1,5,0.028000000000000004
461,candidate_5,candidate_4,candidate_2,candidate_3,candidate_1,5,0.028000000000000004
462,candidate_5,candidate_4,candidate_2,candidate_3,candidate_1,5,0.028000000000000004
463,candidate_5,candidate_4,candidate_2,candidate_3,candidate_1,5,0.028000000000000004
464,candidate_5,candidate_4,candidate_2,candidate_3,candidate_1,5,0.028000000000000004
465,candidate_5,candidate_4,candidate_2,candidate_3,candidate_1,5,0.028000000000000004
466,candidate_5,candidate_4,candidate_2,candidate_3,candidate_1,5,0.028000000000000004
467,candidate_5,candidate_4,candidate_2,candidate_3,candidate_1,5,0.028000000000000004
468,candidate_5,candidate_4,candidate_2,candidate_3,candidate_1,5,0.028000000000000004
469,candidate_5,candidate_4,candidate_2,candidate_3,candidate_1,5,0.028000000000000004
470,candidate_5,candidate_4,candidate_2,candidate_3,candidate_1,5,0.028000000000000004
471,candidate_5,candidate_4,candidate_2,candidate_3,candidate_1,5,0.028000000000000004
472,candidate_5,candidate_4,candidate_2,candidate_3,candidate_1,5,0.028000000000000004
473,candidate_5,candidate_4,candidate_2,candidate_3,candidate_1,5,0.028000000000000004
474,candidate_5,candidate_4,candidate_2,candidate_3,candidate_1,5,0.028000000000000004
475,candidate_5,candidate_4,candidate_2,candidate_3,candidate_1,5,0.028000000000000004
476,candidate_5,candidate_4,candidate_2,candidate_3,candidate_1,5,0.028000000000000004
477,candidate_5,candidate_4,candidate_2,candidate_3,candidate_1,5,0.028000000000000004
478,candidate_5,candidate_4,candidate_2,candidate_3,candidate_1,5,0.028000000000000004
479,candidate_5,0,candidate_2,candidate_3,candidate_1,5,0.028000000000000004
480,candidate_5,candidate_4,candidate_2,candidate_3,candidate_1,5,0.028000000000000004
481,candidate_5,candidate_4,candidate_2,candidate_3,candidate_1,5,0.028000000000000004
482,candidate_5,candidate_4,candidate_2,candidate_3,candidate_1,5,0.028000000000000004
483,candidate_5,candidate_4,candidate_2,candidate_3,candidate_1,5,0.028000000000000004
484,candidate_5,candidate_4,candidate_2,candidate_3,candidate_1,5,0.028000000000000004
485,candidate_5,candidate_4,candidate_2,candidate_3,candidate_1,5,0.028000000000000004
486,candidate_5,candidate_4,candidate_2,candidate_3,candidate_1,5,0.028000000000000004
487,candidate_5,candidate_4,candidate_2,candidate_3,candidate_1,5,0.028000000000000004
488,candidate_5,candidate_4,candidate_2,candidate_3,candidate_1,5,0.028000000000000004
489,candidate_5,candidate_4,candidate_2,candidate_3,candidate_1,5,0.028000000000000004
490,candidate_5,candidate_4,candidate_2,candidate_3,candidate_1,5,0.028000000000000004
491,candidate_5,candidate_4,candidate_2,candidate_3,candidate_1,5,0.028000000000000004
492,candidate_5,candidate_4,candidate_2,candidate_3,candidate_1,5,0.028000000000000004
493,candidate_5,candidate_4,candidate_2,candidate_3,candidate_1,5,0.028000000000000004
494,candidate_5,candidate_4,candidate_2,candidate_3,candidate_1,5,0.028000000000000004
495,candidate_5,candidate_4,candidate_2,candidate_3,candidate_1,5,0.028000000000000004
496,candidate_5,candidate_4,candidate_2,candidate_3,candidate_1,5,0.028000000000000004
497,candidate_5,candidate_4,candidate_2,candidate_3,candidate_1,5,0.028000000000000004
498,candidate_5,candidate_4,candidate_2,candidate_3,candidate_1,5,0.028000000000000004
499,candidate_5,candidate_4,candidate_2,candidate_3,candidate_1,5,0.028000000000000004
500,candidate_5,candidate_4,candidate_2,candidate_3,candidate_1,5,0.028000000000000004
501,candidate_5,candidate_4,candidate_2,candidate_3,candidate_1,5,0.028000000000000004
502,candidate_5,candidate_4,candidate_2,candidate_3,candidate_1,5,0.028000000000000004
503,candidate_5,candidate_4,candidate_2,candidate_3,candidate_1,5,0.028000000000000004
504,candidate_5,candidate_4,candidate_2,candidate_3,candidate_1,5,0.028000000000000004
505,candidate_5,candidate_4,candidate_2,candidate_3,candidate_1,5,0.028000000000000004
506,candidate_5,candidate_4,candidate_2,candidate_3,candidate_1,5,0.028000000000000004
507,candidate_5,candidate_4,candidate_2,candidate_3,candidate_1,5,0.028000000000000004
508,candidate_5,candidate_4,candidate_2,candidate_3,candidate_1,5,0.028000000000000004
509,candidate_5,candidate_4,candidate_2,candidate_3,candidate_1,5,0.028000000000000004
510,candidate_5,candidate_4,candidate_2,candidate_3,candidate_1,5,0.028000000000000004
511,candidate_5,candidate_4,candidate_2,candidate_3,candidate_1,5,0.028000000000000004
512,candidate_5,candidate_4,candidate_2,candidate_3,candidate_1,5,0.028000000000000004
513,candidate_5,candidate_4,candidate_2,0,candidate_1,5,0.028000000000000004
514,candidate_5,candidate_4,candidate_2,candidate_3,candidate_1,5,0.028000000000000004
515,candidate_5,candidate_4,candidate_2,candidate_3,candidate_1,5,0.028000000000000004
516,candidate_5,candidate_4,candidate_2,candidate_3,candidate_1,5,0.028000000000000004
517,candidate_5,candidate_4,candidate_2,candidate_3,candidate_1,5,0.028000000000000004
518,candidate_5,candidate_4,candidate_2,candidate_3,candidate_1,5,0.028000000000000004
519,candidate_5,candidate_4,candidate_2,candidate_3,candidate_1,5,0.028000000000000004
520,candidate_5,candidate_4,candidate_2,candidate_3,candidate_1,5,0.028000000000000004
521,candidate_5,candidate_4,candidate_2,candidate_3,candidate_1,5,0.028000000000000004
522,candidate_5,candidate_4,candidate_2,candidate_3,candidate_1,5,0.028000000000000004
523,candidate_5,candidate_4,candidate_2,candidate_3,0,5,0.028000000000000004
524,candidate_5,candidate_4,candidate_2,candidate_3,candidate_1,5,0.028000000000000004
525,candidate_5,candidate_4,candidate_2,candidate_3,candidate_1,5,0.028000000000000004
526,candidate_5,candidate_4,candidate_2,candidate_3,candidate_1,5,0.028000000000000004
527,candidate_5,candidate_4,candidate_2,candidate_3,candidate_1,5,0.028000000000000004
528,candidate_5,candidate_4,candidate_2,candidate_3,0,5,0.028000000000000004
529,candidate_5,candidate_4,candidate_2,candidate_3,candidate_1,5,0.028000000000000004
530,candidate_5,candidate_4,candidate_2,candidate_3,candidate_1,5,0.028000000000000004
531,candidate_5,candidate_4,candidate_2,candidate_3,candidate_1,5,0.028000000000000004
532,candidate_5,candidate_4,candidate_2,candidate_3,candidate_1,5,0.028000000000000004
533,candidate_5,candidate_4,candidate_2,candidate_3,candidate_1,5,0.028000000000000004
534,0,candidate_4,candidate_2,candidate_3,candidate_1,5,0.028000000000000004
535,candidate_5,candidate_4,candidate_2,candidate_3,candidate_1,5,0.028000000000000004
536,candidate_5,candidate_4,candidate_2,candidate_3,candidate_1,5,0.028000000000000004
537,candidate_5,candidate_4,candidate_2,candidate_3,candidate_1,5,0.028000000000000004
538,candidate_5,candidate_4,candidate_2,candidate_3,candidate_1,5,0.028000000000000004
539,candidate_5,candidate_4,candidate_2,candidate_3,candidate_1,5,0.028000000000000004
540,candidate_5,candidate_4,candidate_2,candidate_3,candidate_1,5,0.028000000000000004
541,candidate_5,candidate_4,candidate_2,candidate_3,candidate_1,5,0.028000000000000004
542,candidate_5,candidate_4,candidate_2,candidate_3,candidate_1,5,0.028000000000000004
543,candidate_5,candidate_4,candidate_2,candidate_3,candidate_1,5,0.028000000000000004
544,candidate_5,candidate_4,candidate_2,candidate_3,candidate_1,5,0.028000000000000004
545,candidate_5,candidate_4,candidate_2,candidate_3,candidate_1,5,0.028000000000000004
546,candidate_5,candidate_4,candidate_2,candidate_3,candidate_1,5,0.028000000000000004
547,candidate_5,candidate_4,candidate_2,candidate_3,candidate_1,5,0.028000000000000004
548,candidate_5,candidate_4,candidate_2,candidate_3,candidate_1,5,0.028000000000000004
549,candidate_5,candidate_4,candidate_2,candidate_3,candidate_1,5,0.028000000000000004
550,candidate_5,candidate_4,candidate_2,candidate_3,candidate_1,5,0.028000000000000004
551,candidate_5,candidate_4,candidate_2,candidate_3,candidate_1,5,0.028000000000000004
552,candidate_5,candidate_4,candidate_2,candidate_3,candidate_1,5,0.028000000000000004
553,candidate_5,candidate_4,candidate_2,candidate_3,candidate_1,5,0.028000000000000004
554,candidate_5,candidate_4,candidate_2,candidate_3,candidate_1,5,0.028000000000000004
555,candidate_5,candidate_4,candidate_2,candidate_3,candidate_1,5,0.028000000000000004
556,candidate_5,candidate_4,candidate_2,candidate_3,candidate_1,5,0.028000000000000004
557,candidate_5,candidate_4,candidate_2,candidate_3,candidate_1,5,0.028000000000000004
558,candidate_5,candidate_4,candidate_2,candidate_3,candidate_1,5,0.028000000000000004
559,candidate_5,candidate_4,candidate_2,candidate_3,candidate_1,5,0.028000000000000004
560,candidate_5,candidate_4,candidate_2,candidate_3,candidate_1,5,0.028000000000000004
561,candidate_5,candidate_4,candidate_2,0,candidate_1,5,0.028000000000000004
562,candidate_5,candidate_4,candidate_2,candidate_3,candidate_1,5,0.028000000000000004
563,candidate_5,candidate_4,candidate_2,candidate_3,candidate_1,5,0.028000000000000004
564,candidate_5,candidate_4,candidate_2,candidate_3,candidate_1,5,0.028000000000000004
565,candidate_5,candidate_4,candidate_2,candidate_3,candidate_1,5,0.028000000000000004
566,candidate_5,candidate_4,candidate_2,candidate_3,candidate_1,5,0.028000000000000004
567,candidate_5,candidate_4,candidate_2,candidate_3,candidate_1,5,0.028000000000000004
568,candidate_5,candidate_4,candidate_2,candidate_3,candidate_1,5,0.028000000000000004
569,candidate_5,candidate_4,candidate_2,candidate_3,candidate_1,5,0.028000000000000004
570,candidate_5,candidate_4,candidate_2,candidate_3,candidate_1,5,0.028000000000000004
571,candidate_5,candidate_4,candidate_2,candidate_3,candidate_1,5,0.028000000000000004
572,candidate_5,candidate_4,candidate_2,candidate_3,candidate_1,5,0.028000000000000004
573,candidate_5,candidate_4,candidate_2,candidate_3,candidate_1,5,0.028000000000000004
574,candidate_5,candidate_4,candidate_2,candidate_3,candidate_1,5,0.028000000000000004
575,candidate_5,candidate_4,candidate_2,candidate_3,candidate_1,5,0.028000000000000004
576,candidate_5,candidate_4,candidate_2,candidate_3,candidate_1,5,0.028000000000000004
577,candidate_5,candidate_4,candidate_2,candidate_3,candidate_1,5,0.028000000000000004
578,candidate_5,candidate_4,candidate_2,candidate_3,candidate_1,5,0.028000000000000004
579,candidate_5,candidate_4,candidate_2,candidate_3,candidate_1,5,0.028000000000000004
580,candidate_5,candidate_4,candidate_2,candidate_3,candidate_1,5,0.028000000000000004
581,candidate_5,candidate_4,candidate_2,candidate_3,candidate_1,5,0.028000000000000004
582,candidate_5,candidate_4,candidate_2,candidate_3,candidate_1,5,0.028000000000000004
583,candidate_5,candidate_4,candidate_2,candidate_3,candidate_1,5,0.028000000000000004
584,candidate_5,candidate_4,candidate_2,candidate_3,candidate_1,5,0.028000000000000004
585,candidate_5,candidate_4,candidate_2,candidate_3,candidate_1,5,0.028000000000000004
586,candidate_5,candidate_4,candidate_2,candidate_3,candidate_1,5,0.028000000000000004
587,candidate_5,candidate_4,candidate_2,candidate_3,candidate_1,5,0.028000000000000004
588,candidate_5,candidate_4,candidate_2,candidate_3,candidate_1,5,0.028000000000000004
589,candidate_5,candidate_4,candidate_2,candidate_3,candidate_1,5,0.028000000000000004
590,candidate_5,candidate_4,candidate_2,candidate_3,candidate_1,5,0.028000000000000004
591,candidate_5,candidate_4,candidate_2,candidate_3,candidate_1,5,0.028000000000000004
592,candidate_5,candidate_4,candidate_2,candidate_3,candidate_1,5,0.028000000000000004
593,candidate_5,candidate_4,candidate_2,candidate_3,candidate_1,5,0.028000000000000004
594,candidate_5,candidate_4,candidate_2,candidate_3,candidate_1,5,0.028000000000000004
595,candidate_5,candidate_4,candidate_2,candidate_3,candidate_1,5,0.028000000000000004
596,candidate_5,candidate_4,candidate_2,candidate_3,candidate_1,5,0.028000000000000004
597,candidate_5,candidate_4,candidate_2,candidate_3,candidate_1,5,0.028000000000000004
598,candidate_5,candidate_4,candidate_2,candidate_3,candidate_1,5,0.028000000000000004
599,candidate_5,candidate_4,candidate_2,candidate_3,candidate_1,5,0.028000000000000004
600,candidate_5,candidate_4,candidate_2,candidate_3,candidate_1,5,0.028000000000000004
601,candidate_5,candidate_4,candidate_2,candidate_3,candidate_1,5,0.028000000000000004
602,candidate_5,candidate_4,candidate_2,candidate_3,candidate_1,5,0.028000000000000004
603,candidate_5,candidate_4,candidate_2,candidate_3,candidate_1,5,0.028000000000000004
604,candidate_5,candidate_4,candidate_2,candidate_3,candidate_1,5,0.028000000000000004
605,candidate_5,candidate_4,candidate_2,candidate_3,candidate_1,5,0.028000000000000004
606,0,candidate_4,candidate_2,candidate_3,candidate_1,5,0.028000000000000004
607,candidate_5,candidate_4,candidate_2,candidate_3,candidate_1,5,0.028000000000000004
608,candidate_5,candidate_4,candidate_2,candidate_3,candidate_1,5,0.028000000000000004
609,candidate_5,candidate_4,candidate_2,candidate_3,candidate_1,5,0.028000000000000004
610,candidate_5,candidate_4,candidate_2,0,candidate_1,5,0.028000000000000004
611,candidate_5,candidate_4,candidate_2,candidate_3,candidate_1,5,0.028000000000000004
612,candidate_5,candidate_4,candidate_2,candidate_3,candidate_1,5,0.028000000000000004
613,candidate_5,candidate_4,candidate_2,candidate_3,candidate_1,5,0.028000000000000004
614,candidate_5,candidate_4,candidate_2,candidate_3,candidate_1,5,0.028000000000000004
0,candidate_5,candidate_4,candidate_3,candidate_1,candidate_2,5,0.028000000000000004
1,candidate_5,candidate_4,0,0,candidate_2,5,0.028000000000000004
2,candidate_5,candidate_4,candidate_3,candidate_1,candidate_2,5,0.028000000000000004
3,candidate_5,candidate_4,candidate_3,candidate_1,candidate_2,5,0.028000000000000004
4,candidate_5,candidate_4,candidate_3,candidate_1,candidate_2,5,0.028000000000000004
5,candidate_5,candidate_4,candidate_3,candidate_1,candidate_2,5,0.028000000000000004
6,candidate_5,candidate_4,candidate_3,candidate_1,candidate_2,5,0.028000000000000004
7,candidate_5,candidate_4,candidate_3,candidate_1,candidate_2,5,0.028000000000000004
8,candidate_5,candidate_4,candidate_3,candidate_1,candidate_2,5,0.028000000000000004
9,candidate_5,candidate_4,candidate_3,candidate_1,candidate_2,5,0.028000000000000004
10,candidate_5,candidate_4,candidate_3,candidate_1,candidate_2,5,0.028000000000000004
11,candidate_5,candidate_4,candidate_3,candidate_1,candidate_2,5,0.028000000000000004
12,candidate_5,candidate_4,candidate_3,candidate_1,candidate_2,5,0.028000000000000004
13,candidate_5,candidate_4,candidate_3,candidate_1,candidate_2,5,0.028000000000000004
14,candidate_5,candidate_4,candidate_3,candidate_1,candidate_2,5,0.028000000000000004
15,0,candidate_4,candidate_3,candidate_1,candidate_2,5,0.028000000000000004
16,candidate_5,candidate_4,candidate_3,candidate_1,candidate_2,5,0.028000000000000004
17,candidate_5,0,candidate_3,candidate_1,candidate_2,5,0.028000000000000004
18,candidate_5,candidate_4,candidate_3,candidate_1,candidate_2,5,0.028000000000000004
19,candidate_5,candidate_4,candidate_3,candidate_1,candidate_2,5,0.028000000000000004
20,candidate_5,candidate_4,candidate_3,candidate_1,candidate_2,5,0.028000000000000004
21,candidate_5,candidate_4,candidate_3,candidate_1,candidate_2,5,0.028000000000000004
22,candidate_5,candidate_4,candidate_3,candidate_1,candidate_2,5,0.028000000000000004
23,candidate_5,candidate_4,candidate_3,candidate_1,candidate_2,5,0.028000000000000004
24,candidate_5,candidate_4,candidate_3,candidate_1,candidate_2,5,0.028000000000000004
25,candidate_5,candidate_4,candidate_3,candidate_1,candidate_2,5,0.028000000000000004
26,candidate_5,candidate_4,candidate_3,candidate_1,candidate_2,5,0.028000000000000004
27,candidate_5,candidate_4,candidate_3,candidate_1,candidate_2,5,0.028000000000000004
28,candidate_5,candidate_4,candidate_3,candidate_1,candidate_2,5,0.028000000000000004
29,candidate_5,candidate_4,candidate_3,candidate_1,candidate_2,5,0.028000000000000004
30,candidate_5,candidate_4,candidate_3,candidate_1,candidate_2,5,0.028000000000000004
31,candidate_5,candidate_4,candidate_3,candidate_1,candidate_2,5,0.028000000000000004
32,candidate_5,candidate_4,candidate_3,candidate_1,candidate_2,5,0.028000000000000004
33,candidate_5,candidate_4,candidate_3,candidate_1,candidate_2,5,0.028000000000000004
34,candidate_5,candidate_4,candidate_3,candidate_1,candidate_2,5,0.028000000000000004
35,candidate_5,candidate_4,candidate_3,candidate_1,candidate_2,5,0.028000000000000004
36,candidate_5,candidate_4,candidate_3,candidate_1,candidate_2,5,0.028000000000000004
37,candidate_5,candidate_4,candidate_3,candidate_1,candidate_2,5,0.028000000000000004
38,candidate_5,candidate_4,candidate_3,candidate_1,candidate_2,5,0.028000000000000004
39,candidate_5,candidate_4,candidate_3,0,candidate_2,5,0.028000000000000004
40,candidate_5,candidate_4,candidate_3,candidate_1,candidate_2,5,0.028000000000000004
41,candidate_5,candidate_4,candidate_3,candidate_1,candidate_2,5,0.028000000000000004
42,candidate_5,candidate_4,candidate_3,candidate_1,candidate_2,5,0.028000000000000004
43,candidate_5,candidate_4,candidate_3,candidate_1,candidate_2,5,0.028000000000000004
44,candidate_5,candidate_4,candidate_3,candidate_1,candidate_2,5,0.028000000000000004
45,candidate_5,candidate_4,candidate_3,candidate_1,candidate_2,5,0.028000000000000004
46,candidate_5,candidate_4,candidate_3,candidate_1,candidate_2,5,0.028000000000000004
47,candidate_5,candidate_4,candidate_3,candidate_1,candidate_2,5,0.028000000000000004
48,candidate_5,candidate_4,candidate_3,candidate_1,candidate_2,5,0.028000000000000004
49,candidate_5,candidate_4,candidate_3,candidate_1,candidate_2,5,0.028000000000000004
50,candidate_5,candidate_4,candidate_3,candidate_1,candidate_2,5,0.028000000000000004
51,candidate_5,candidate_4,candidate_3,candidate_1,candidate_2,5,0.028000000000000004
52,candidate_5,candidate_4,candidate_3,candidate_1,candidate_2,5,0.028000000000000004
53,candidate_5,candidate_4,candidate_3,candidate_1,candidate_2,5,0.028000000000000004
54,candidate_5,candidate_4,candidate_3,candidate_1,candidate_2,5,0.028000000000000004
55,candidate_5,candidate_4,candidate_3,candidate_1,candidate_2,5,0.028000000000000004
56,candidate_5,candidate_4,0,candidate_1,candidate_2,5,0.028000000000000004
57,candidate_5,candidate_4,candidate_3,candidate_1,candidate_2,5,0.028000000000000004
58,candidate_5,candidate_4,candidate_3,candidate_1,candidate_2,5,0.028000000000000004
59,candidate_5,candidate_4,candidate_3,candidate_1,candidate_2,5,0.028000000000000004
60,candidate_5,candidate_4,candidate_3,candidate_1,candidate_2,5,0.028000000000000004
61,candidate_5,candidate_4,candidate_3,candidate_1,candidate_2,5,0.028000000000000004
62,candidate_5,candidate_4,candidate_3,0,candidate_2,5,0.028000000000000004
63,candidate_5,candidate_4,candidate_3,candidate_1,candidate_2,5,0.028000000000000004
64,candidate_5,candidate_4,candidate_3,0,candidate_2,5,0.028000000000000004
65,candidate_5,0,candidate_3,candidate_1,candidate_2,5,0.028000000000000004
66,candidate_5,candidate_4,candidate_3,candidate_1,candidate_2,5,0.028000000000000004
67,0,candidate_4,candidate_3,candidate_1,candidate_2,5,0.028000000000000004
68,candidate_5,candidate_4,candidate_3,candidate_1,candidate_2,5,0.028000000000000004
69,candidate_5,candidate_4,candidate_3,candidate_1,candidate_2,5,0.028000000000000004
70,candidate_5,candidate_4,candidate_3,candidate_1,candidate_2,5,0.028000000000000004
71,candidate_5,candidate_4,candidate_3,candidate_1,candidate_2,5,0.028000000000000004
72,candidate_5,candidate_4,candidate_3,candidate_1,candidate_2,5,0.028000000000000004
73,candidate_5,candidate_4,candidate_3,candidate_1,candidate_2,5,0.028000000000000004
74,candidate_5,candidate_4,candidate_3,candidate_1,candidate_2,5,0.028000000000000004
75,candidate_5,candidate_4,candidate_3,candidate_1,candidate_2,5,0.028000000000000004
76,candidate_5,0,candidate_3,candidate_1,candidate_2,5,0.028000000000000004
77,candidate_5,candidate_4,candidate_3,candidate_1,candidate_2,5,0.028000000000000004
78,candidate_5,candidate_4,candidate_3,candidate_1,candidate_2,5,0.028000000000000004
79,candidate_5,candidate_4,candidate_3,candidate_1,candidate_2,5,0.028000000000000004
80,candidate_5,candidate_4,candidate_3,candidate_1,candidate_2,5,0.028000000000000004
81,candidate_5,candidate_4,candidate_3,candidate_1,candidate_2,5,0.028000000000000004
82,candidate_5,candidate_4,candidate_3,candidate_1,candidate_2,5,0.028000000000000004
83,candidate_5,candidate_4,candidate_3,candidate_1,candidate_2,5,0.028000000000000004
84,candidate_5,candidate_4,candidate_3,candidate_1,candidate_2,5,0.028000000000000004
85,candidate_5,candidate_4,candidate_3,candidate_1,candidate_2,5,0.028000000000000004
86,candidate_5,candidate_4,candidate_3,candidate_1,candidate_2,5,0.028000000000000004
87,candidate_5,candidate_4,candidate_3,candidate_1,candidate_2,5,0.028000000000000004
88,candidate_5,candidate_4,candidate_3,candidate_1,candidate_2,5,0.028000000000000004
89,candidate_5,candidate_4,candidate_3,candidate_1,candidate_2,5,0.028000000000000004
90,candidate_5,candidate_4,0,candidate_1,candidate_2,5,0.028000000000000004
91,candidate_5,candidate_4,candidate_3,candidate_1,candidate_2,5,0.028000000000000004
92,candidate_5,candidate_4,candidate_3,candidate_1,candidate_2,5,0.028000000000000004
93,candidate_5,candidate_4,candidate_3,candidate_1,candidate_2,5,0.028000000000000004
94,candidate_5,candidate_4,candidate_3,candidate_1,candidate_2,5,0.028000000000000004
95,candidate_5,candidate_4,candidate_3,candidate_1,candidate_2,5,0.028000000000000004
96,candidate_5,candidate_4,candidate_3,candidate_1,candidate_2,5,0.028000000000000004
97,candidate_5,candidate_4,candidate_3,candidate_1,candidate_2,5,0.028000000000000004
98,candidate_5,candidate_4,candidate_3,candidate_1,candidate_2,5,0.028000000000000004
99,candidate_5,candidate_4,candidate_3,candidate_1,candidate_2,5,0.028000000000000004
100,candidate_5,candidate_4,candidate_3,candidate_1,candidate_2,5,0.028000000000000004
101,candidate_5,candidate_4,0,candidate_1,candidate_2,5,0.028000000000000004
102,candidate_5,candidate_4,candidate_3,candidate_1,candidate_2,5,0.028000000000000004
103,candidate_5,candidate_4,candidate_3,candidate_1,candidate_2,5,0.028000000000000004
104,candidate_5,candidate_4,candidate_3,candidate_1,candidate_2,5,0.028000000000000004
105,candidate_5,0,candidate_3,candidate_1,candidate_2,5,0.028000000000000004
106,candidate_5,candidate_4,candidate_3,candidate_1,candidate_2,5,0.028000000000000004
107,candidate_5,candidate_4,candidate_3,candidate_1,candidate_2,5,0.028000000000000004
108,0,candidate_4,candidate_3,candidate_1,candidate_2,5,0.028000000000000004
109,candidate_5,candidate_4,candidate_3,candidate_1,candidate_2,5,0.028000000000000004
110,candidate_5,candidate_4,candidate_3,candidate_1,candidate_2,5,0.028000000000000004
111,candidate_5,candidate_4,candidate_3,candidate_1,candidate_2,5,0.028000000000000004
112,candidate_5,0,candidate_3,candidate_1,candidate_2,5,0.028000000000000004
113,candidate_5,candidate_4,candidate_3,candidate_1,candidate_2,5,0.028000000000000004
114,candidate_5,candidate_4,candidate_3,candidate_1,candidate_2,5,0.028000000000000004
115,candidate_5,candidate_4,candidate_3,candidate_1,candidate_2,5,0.028000000000000004
116,candidate_5,candidate_4,candidate_3,candidate_1,candidate_2,5,0.028000000000000004
117,candidate_5,candidate_4,candidate_3,candidate_1,candidate_2,5,0.028000000000000004
118,candidate_5,candidate_4,candidate_3,candidate_1,candidate_2,5,0.028000000000000004
119,candidate_5,candidate_4,candidate_3,candidate_1,candidate_2,5,0.028000000000000004
120,candidate_5,candidate_4,candidate_3,candidate_1,candidate_2,5,0.028000000000000004
121,candidate_5,candidate_4,candidate_3,candidate_1,candidate_2,5,0.028000000000000004
122,candidate_5,candidate_4,candidate_3,candidate_1,candidate_2,5,0.028000000000000004
123,candidate_5,candidate_4,candidate_3,candidate_1,0,5,0.028000000000000004
124,candidate_5,candidate_4,candidate_3,candidate_1,candidate_2,5,0.028000000000000004
125,candidate_5,candidate_4,candidate_3,candidate_1,candidate_2,5,0.028000000000000004
126,candidate_5,candidate_4,candidate_3,candidate_1,candidate_2,5,0.028000000000000004
127,candidate_5,candidate_4,candidate_3,candidate_1,candidate_2,5,0.028000000000000004
128,candidate_5,candidate_4,candidate_3,candidate_1,candidate_2,5,0.028000000000000004
129,candidate_5,candidate_4,candidate_3,candidate_1,candidate_2,5,0.028000000000000004
130,candidate_5,candidate_4,candidate_3,candidate_1,0,5,0.028000000000000004
131,candidate_5,candidate_4,candidate_3,candidate_1,candidate_2,5,0.028000000000000004
132,candidate_5,candidate_4,candidate_3,candidate_1,candidate_2,5,0.028000000000000004
133,candidate_5,candidate_4,candidate_3,candidate_1,candidate_2,5,0.028000000000000004
134,candidate_5,candidate_4,candidate_3,candidate_1,candidate_2,5,0.028000000000000004
135,candidate_5,candidate_4,candidate_3,candidate_1,candidate_2,5,0.028000000000000004
136,candidate_5,candidate_4,candidate_3,candidate_1,candidate_2,5,0.028000000000000004
137,candidate_5,candidate_4,candidate_3,candidate_1,candidate_2,5,0.028000000000000004
138,0,candidate_4,candidate_3,candidate_1,candidate_2,5,0.028000000000000004
139,candidate_5,candidate_4,candidate_3,candidate_1,candidate_2,5,0.028000000000000004
140,candidate_5,candidate_4,candidate_3,candidate_1,candidate_2,5,0.028000000000000004
141,candidate_5,candidate_4,candidate_3,candidate_1,candidate_2,5,0.028000000000000004
142,candidate_5,candidate_4,candidate_3,candidate_1,candidate_2,5,0.028000000000000004
143,candidate_5,candidate_4,candidate_3,candidate_1,candidate_2,5,0.028000000000000004
144,candidate_5,candidate_4,candidate_3,candidate_1,candidate_2,5,0.028000000000000004
145,candidate_5,candidate_4,candidate_3,candidate_1,candidate_2,5,0.028000000000000004
146,candidate_5,candidate_4,candidate_3,candidate_1,candidate_2,5,0.028000000000000004
147,candidate_5,candidate_4,candidate_3,candidate_1,candidate_2,5,0.028000000000000004
148,candidate_5,candidate_4,candidate_3,candidate_1,candidate_2,5,0.028000000000000004
149,candidate_5,candidate_4,candidate_3,candidate_1,candidate_2,5,0.028000000000000004
150,candidate_5,candidate_4,candidate_3,candidate_1,candidate_2,5,0.028000000000000004
151,candidate_5,candidate_4,candidate_3,candidate_1,candidate_2,5,0.028000000000000004
152,candidate_5,candidate_4,candidate_3,candidate_1,candidate_2,5,0.028000000000000004
153,candidate_5,candidate_4,0,candidate_1,candidate_2,5,0.028000000000000004
154,candidate_5,candidate_4,0,candidate_1,candidate_2,5,0.028000000000000004
155,candidate_5,candidate_4,candidate_3,candidate_1,candidate_2,5,0.028000000000000004
156,candidate_5,candidate_4,candidate_3,candidate_1,candidate_2,5,0.028000000000000004
157,candidate_5,candidate_4,candidate_3,candidate_1,candidate_2,5,0.028000000000000004
158,candidate_5,candidate_4,candidate_3,candidate_1,candidate_2,5,0.028000000000000004
159,candidate_5,candidate_4,candidate_3,candidate_1,candidate_2,5,0.028000000000000004
160,candidate_5,candidate_4,candidate_3,candidate_1,candidate_2,5,0.028000000000000004
161,candidate_5,candidate_4,candidate_3,candidate_1,candidate_2,5,0.028000000000000004
162,candidate_5,candidate_4,candidate_3,candidate_1,candidate_2,5,0.028000000000000004
163,candidate_5,0,candidate_3,candidate_1,candidate_2,5,0.028000000000000004
164,candidate_5,candidate_4,candidate_3,candidate_1,candidate_2,5,0.028000000000000004
165,candidate_5,candidate_4,candidate_3,candidate_1,candidate_2,5,0.028000000000000004
166,candidate_5,candidate_4,candidate_3,candidate_1,candidate_2,5,0.028000000000000004
167,candidate_5,candidate_4,candidate_3,candidate_1,candidate_2,5,0.028000000000000004
168,candidate_5,candidate_4,candidate_3,candidate_1,candidate_2,5,0.028000000000000004
169,candidate_5,candidate_4,candidate_3,candidate_1,candidate_2,5,0.028000000000000004
170,candidate_5,candidate_4,candidate_3,candidate_1,candidate_2,5,0.028000000000000004
171,candidate_5,candidate_4,candidate_3,candidate_1,candidate_2,5,0.028000000000000004
172,candidate_5,candidate_4,0,candidate_1,candidate_2,5,0.028000000000000004
173,candidate_5,candidate_4,candidate_3,candidate_1,candidate_2,5,0.028000000000000004
174,candidate_5,candidate_4,candidate_3,candidate_1,candidate_2,5,0.028000000000000004
175,candidate_5,candidate_4,candidate_3,candidate_1,candidate_2,5,0.028000000000000004
176,candidate_5,candidate_4,candidate_3,candidate_1,candidate_2,5,0.028000000000000004
177,candidate_5,candidate_4,candidate_3,candidate_1,candidate_2,5,0.028000000000000004
178,candidate_5,candidate_4,candidate_3,candidate_1,candidate_2,5,0.028000000000000004
179,candidate_5,candidate_4,candidate_3,candidate_1,candidate_2,5,0.028000000000000004
180,candidate_5,candidate_4,candidate_3,candidate_1,candidate_2,5,0.028000000000000004
181,candidate_5,candidate_4,candidate_3,candidate_1,candidate_2,5,0.028000000000000004
182,candidate_5,candidate_4,0,candidate_1,candidate_2,5,0.028000000000000004
183,candidate_5,candidate_4,0,candidate_1,candidate_2,5,0.028000000000000004
184,candidate_5,candidate_4,candidate_3,candidate_1,candidate_2,5,0.028000000000000004
185,candidate_5,candidate_4,candidate_3,candidate_1,candidate_2,5,0.028000000000000004
186,candidate_5,candidate_4,candidate_3,candidate_1,candidate_2,5,0.028000000000000004
187,candidate_5,candidate_4,candidate_3,candidate_1,candidate_2,5,0.028000000000000004
188,candidate_5,candidate_4,candidate_3,candidate_1,candidate_2,5,0.028000000000000004
189,candidate_5,0,candidate_3,candidate_1,candidate_2,5,0.028000000000000004
190,candidate_5,candidate_4,candidate_3,candidate_1,candidate_2,5,0.028000000000000004
191,candidate_5,0,candidate_3,candidate_1,candidate_2,5,0.028000000000000004
192,candidate_5,candidate_4,candidate_3,candidate_1,candidate_2,5,0.028000000000000004
193,candidate_5,candidate_4,candidate_3,0,candidate_2,5,0.028000000000000004
194,candidate_5,candidate_4,candidate_3,candidate_1,candidate_2,5,0.028000000000000004
195,candidate_5,candidate_4,candidate_3,candidate_1,candidate_2,5,0.028000000000000004
196,candidate_5,candidate_4,candidate_3,candidate_1,candidate_2,5,0.028000000000000004
197,candidate_5,candidate_4,candidate_3,candidate_1,candidate_2,5,0.028000000000000004
198,candidate_5,candidate_4,candidate_3,candidate_1,candidate_2,5,0.028000000000000004
199,candidate_5,candidate_4,candidate_3,candidate_1,candidate_2,5,0.028000000000000004
200,candidate_5,candidate_4,candidate_3,candidate_1,candidate_2,5,0.028000000000000004
201,candidate_5,candidate_4,candidate_3,candidate_1,candidate_2,5,0.028000000000000004
202,candidate_5,candidate_4,candidate_3,candidate_1,candidate_2,5,0.028000000000000004
203,candidate_5,candidate_4,candidate_3,candidate_1,candidate_2,5,0.028000000000000004
204,candidate_5,candidate_4,candidate_3,candidate_1,candidate_2,5,0.028000000000000004
205,candidate_5,candidate_4,candidate_3,candidate_1,candidate_2,5,0.028000000000000004
206,candidate_5,candidate_4,candidate_3,candidate_1,candidate_2,5,0.028000000000000004
207,candidate_5,candidate_4,candidate_3,candidate_1,candidate_2,5,0.028000000000000004
208,candidate_5,candidate_4,candidate_3,candidate_1,candidate_2,5,0.028000000000000004
209,candidate_5,candidate_4,candidate_3,candidate_1,candidate_2,5,0.028000000000000004
210,candidate_5,candidate_4,candidate_3,candidate_1,candidate_2,5,0.028000000000000004
211,candidate_5,candidate_4,candidate_3,candidate_1,candidate_2,5,0.028000000000000004
212,candidate_5,candidate_4,candidate_3,candidate_1,candidate_2,5,0.028000000000000004
213,candidate_5,candidate_4,candidate_3,candidate_1,candidate_2,5,0.028000000000000004
214,candidate_5,candidate_4,candidate_3,candidate_1,candidate_2,5,0.028000000000000004
215,candidate_5,candidate_4,0,candidate_1,candidate_2,5,0.028000000000000004
216,candidate_5,candidate_4,candidate_3,candidate_1,candidate_2,5,0.028000000000000004
217,candidate_5,candidate_4,candidate_3,candidate_1,candidate_2,5,0.028000000000000004
218,candidate_5,candidate_4,candidate_3,candidate_1,candidate_2,5,0.028000000000000004
219,candidate_5,candidate_4,candidate_3,candidate_1,candidate_2,5,0.028000000000000004
220,candidate_5,candidate_4,candidate_3,candidate_1,candidate_2,5,0.028000000000000004
221,candidate_5,candidate_4,candidate_3,candidate_1,candidate_2,5,0.028000000000000004
222,candidate_5,candidate_4,candidate_3,candidate_1,candidate_2,5,0.028000000000000004
223,candidate_5,candidate_4,candidate_3,candidate_1,candidate_2,5,0.028000000000000004
224,candidate_5,candidate_4,candidate_3,candidate_1,candidate_2,5,0.028000000000000004
225,candidate_5,candidate_4,candidate_3,candidate_1,candidate_2,5,0.028000000000000004
226,candidate_5,candidate_4,candidate_3,candidate_1,candidate_2,5,0.028000000000000004
227,candidate_5,candidate_4,candidate_3,candidate_1,candidate_2,5,0.028000000000000004
228,candidate_5,candidate_4,candidate_3,candidate_1,candidate_2,5,0.028000000000000004
229,candidate_5,candidate_4,candidate_3,candidate_1,candidate_2,5,0.028000000000000004
230,candidate_5,candidate_4,candidate_3,candidate_1,candidate_2,5,0.028000000000000004
231,candidate_5,candidate_4,candidate_3,candidate_1,candidate_2,5,0.028000000000000004
232,candidate_5,candidate_4,candidate_3,candidate_1,0,5,0.028000000000000004
233,0,candidate_4,0,candidate_1,candidate_2,5,0.028000000000000004
234,candidate_5,candidate_4,candidate_3,candidate_1,candidate_2,5,0.028000000000000004
235,candidate_5,candidate_4,candidate_3,candidate_1,candidate_2,5,0.028000000000000004
236,candidate_5,candidate_4,candidate_3,candidate_1,candidate_2,5,0.028000000000000004
237,candidate_5,candidate_4,candidate_3,candidate_1,candidate_2,5,0.028000000000000004
238,candidate_5,candidate_4,candidate_3,candidate_1,0,5,0.028000000000000004
239,candidate_5,candidate_4,candidate_3,candidate_1,candidate_2,5,0.028000000000000004
0,candidate_5,candidate_4,candidate_3,candidate_2,candidate_1,5,0.028000000000000004
1,candidate_5,candidate_4,candidate_3,candidate_2,candidate_1,5,0.028000000000000004
2,candidate_5,candidate_4,candidate_3,candidate_2,candidate_1,5,0.028000000000000004
3,candidate_5,candidate_4,candidate_3,candidate_2,candidate_1,5,0.028000000000000004
4,candidate_5,candidate_4,candidate_3,candidate_2,candidate_1,5,0.028000000000000004
5,candidate_5,candidate_4,candidate_3,candidate_2,candidate_1,5,0.028000000000000004
6,candidate_5,candidate_4,candidate_3,candidate_2,candidate_1,5,0.028000000000000004
7,candidate_5,candidate_4,candidate_3,0,candidate_1,5,0.028000000000000004
8,candidate_5,candidate_4,candidate_3,candidate_2,0,5,0.028000000000000004
9,candidate_5,candidate_4,candidate_3,candidate_2,candidate_1,5,0.028000000000000004
10,candidate_5,candidate_4,candidate_3,candidate_2,candidate_1,5,0.028000000000000004
11,candidate_5,candidate_4,candidate_3,0,candidate_1,5,0.028000000000000004
12,candidate_5,candidate_4,candidate_3,candidate_2,candidate_1,5,0.028000000000000004
13,candidate_5,candidate_4,candidate_3,candidate_2,candidate_1,5,0.028000000000000004
14,candidate_5,candidate_4,candidate_3,candidate_2,candidate_1,5,0.028000000000000004
15,candidate_5,0,candidate_3,candidate_2,candidate_1,5,0.028000000000000004
16,candidate_5,candidate_4,candidate_3,candidate_2,candidate_1,5,0.028000000000000004
17,candidate_5,candidate_4,candidate_3,candidate_2,candidate_1,5,0.028000000000000004
18,candidate_5,candidate_4,candidate_3,candidate_2,candidate_1,5,0.028000000000000004
19,candidate_5,candidate_4,candidate_3,candidate_2,candidate_1,5,0.028000000000000004
20,candidate_5,candidate_4,candidate_3,candidate_2,candidate_1,5,0.028000000000000004
21,candidate_5,candidate_4,candidate_3,candidate_2,candidate_1,5,0.028000000000000004
22,candidate_5,0,candidate_3,candidate_2,candidate_1,5,0.028000000000000004
23,candidate_5,candidate_4,candidate_3,candidate_2,candidate_1,5,0.028000000000000004
24,candidate_5,candidate_4,candidate_3,candidate_2,candidate_1,5,0.028000000000000004
25,candidate_5,candidate_4,candidate_3,candidate_2,candidate_1,5,0.028000000000000004
26,candidate_5,candidate_4,candidate_3,candidate_2,candidate_1,5,0.028000000000000004
27,candidate_5,candidate_4,candidate_3,candidate_2,candidate_1,5,0.028000000000000004
28,candidate_5,candidate_4,candidate_3,candidate_2,candidate_1,5,0.028000000000000004
29,candidate_5,candidate_4,candidate_3,candidate_2,candidate_1,5,0.028000000000000004
30,candidate_5,candidate_4,candidate_3,candidate_2,candidate_1,5,0.028000000000000004
31,candidate_5,candidate_4,candidate_3,candidate_2,candidate_1,5,0.028000000000000004
32,candidate_5,candidate_4,candidate_3,candidate_2,candidate_1,5,0.028000000000000004
33,0,candidate_4,candidate_3,candidate_2,candidate_1,5,0.028000000000000004
34,candidate_5,candidate_4,candidate_3,candidate_2,candidate_1,5,0.028000000000000004
35,candidate_5,candidate_4,candidate_3,candidate_2,candidate_1,5,0.028000000000000004
36,candidate_5,candidate_4,candidate_3,candidate_2,candidate_1,5,0.028000000000000004
37,candidate_5,candidate_4,candidate_3,candidate_2,candidate_1,5,0.028000000000000004
38,candidate_5,candidate_4,candidate_3,candidate_2,candidate_1,5,0.028000000000000004
39,candidate_5,candidate_4,candidate_3,candidate_2,candidate_1,5,0.028000000000000004
40,candidate_5,candidate_4,candidate_3,candidate_2,candidate_1,5,0.028000000000000004
41,candidate_5,candidate_4,candidate_3,candidate_2,candidate_1,5,0.028000000000000004
42,candidate_5,candidate_4,candidate_3,candidate_2,0,5,0.028000000000000004
43,candidate_5,candidate_4,candidate_3,candidate_2,candidate_1,5,0.028000000000000004
44,candidate_5,candidate_4,candidate_3,candidate_2,candidate_1,5,0.028000000000000004
45,candidate_5,candidate_4,candidate_3,candidate_2,candidate_1,5,0.028000000000000004
46,candidate_5,candidate_4,candidate_3,candidate_2,candidate_1,5,0.028000000000000004
47,candidate_5,candidate_4,candidate_3,candidate_2,candidate_1,5,0.028000000000000004
48,candidate_5,0,candidate_3,candidate_2,candidate_1,5,0.028000000000000004
49,candidate_5,candidate_4,candidate_3,candidate_2,candidate_1,5,0.028000000000000004
50,candidate_5,candidate_4,candidate_3,0,candidate_1,5,0.028000000000000004
51,candidate_5,candidate_4,candidate_3,candidate_2,candidate_1,5,0.028000000000000004
52,candidate_5,candidate_4,candidate_3,candidate_2,candidate_1,5,0.028000000000000004
53,candidate_5,candidate_4,candidate_3,candidate_2,candidate_1,5,0.028000000000000004
54,candidate_5,0,candidate_3,candidate_2,0,5,0.028000000000000004
55,candidate_5,candidate_4,candidate_3,0,candidate_1,5,0.028000000000000004
56,candidate_5,candidate_4,candidate_3,candidate_2,candidate_1,5,0.028000000000000004
57,candidate_5,candidate_4,candidate_3,candidate_2,candidate_1,5,0.028000000000000004
58,candidate_5,candidate_4,candidate_3,candidate_2,candidate_1,5,0.028000000000000004
59,candidate_5,candidate_4,candidate_3,candidate_2,candidate_1,5,0.028000000000000004
60,candidate_5,candidate_4,candidate_3,candidate_2,candidate_1,5,0.028000000000000004
61,candidate_5,candidate_4,candidate_3,candidate_2,candidate_1,5,0.028000000000000004
62,candidate_5,candidate_4,candidate_3,candidate_2,candidate_1,5,0.028000000000000004
63,candidate_5,candidate_4,candidate_3,candidate_2,candidate_1,5,0.028000000000000004
64,candidate_5,candidate_4,candidate_3,candidate_2,candidate_1,5,0.028000000000000004
65,candidate_5,candidate_4,candidate_3,candidate_2,candidate_1,5,0.028000000000000004
66,candidate_5,candidate_4,candidate_3,candidate_2,candidate_1,5,0.028000000000000004
67,candidate_5,candidate_4,candidate_3,candidate_2,candidate_1,5,0.028000000000000004
68,candidate_5,candidate_4,candidate_3,candidate_2,candidate_1,5,0.028000000000000004
69,candidate_5,candidate_4,candidate_3,candidate_2,candidate_1,5,0.028000000000000004
70,candidate_5,candidate_4,candidate_3,candidate_2,candidate_1,5,0.028000000000000004
71,candidate_5,candidate_4,candidate_3,candidate_2,candidate_1,5,0.028000000000000004
72,candidate_5,candidate_4,candidate_3,candidate_2,0,5,0.028000000000000004
73,candidate_5,candidate_4,candidate_3,candidate_2,candidate_1,5,0.028000000000000004
74,candidate_5,candidate_4,candidate_3,candidate_2,candidate_1,5,0.028000000000000004
75,0,candidate_4,candidate_3,candidate_2,candidate_1,5,0.028000000000000004
76,candidate_5,candidate_4,candidate_3,candidate_2,candidate_1,5,0.028000000000000004
77,candidate_5,candidate_4,candidate_3,candidate_2,candidate_1,5,0.028000000000000004
78,candidate_5,candidate_4,candidate_3,candidate_2,candidate_1,5,0.028000000000000004
79,candidate_5,candidate_4,candidate_3,candidate_2,0,5,0.028000000000000004
80,candidate_5,candidate_4,candidate_3,candidate_2,candidate_1,5,0.028000000000000004
81,candidate_5,candidate_4,candidate_3,candidate_2,candidate_1,5,0.028000000000000004
82,candidate_5,candidate_4,candidate_3,candidate_2,candidate_1,5,0.028000000000000004
83,candidate_5,candidate_4,0,candidate_2,candidate_1,5,0.028000000000000004
84,candidate_5,candidate_4,candidate_3,candidate_2,candidate_1,5,0.028000000000000004
85,candidate_5,candidate_4,candidate_3,candidate_2,candidate_1,5,0.028000000000000004
86,candidate_5,candidate_4,candidate_3,candidate_2,candidate_1,5,0.028000000000000004
87,candidate_5,candidate_4,candidate_3,candidate_2,candidate_1,5,0.028000000000000004
88,candidate_5,candidate_4,candidate_3,candidate_2,candidate_1,5,0.028000000000000004
89,candidate_5,candidate_4,candidate_3,candidate_2,candidate_1,5,0.028000000000000004
90,candidate_5,candidate_4,candidate_3,candidate_2,candidate_1,5,0.028000000000000004
91,candidate_5,candidate_4,candidate_3,candidate_2,candidate_1,5,0.028000000000000004
92,0,candidate_4,candidate_3,candidate_2,candidate_1,5,0.028000000000000004
93,candidate_5,candidate_4,candidate_3,candidate_2,candidate_1,5,0.028000000000000004
94,candidate_5,candidate_4,candidate_3,0,candidate_1,5,0.028000000000000004
95,candidate_5,candidate_4,candidate_3,candidate_2,candidate_1,5,0.028000000000000004
96,candidate_5,candidate_4,candidate_3,candidate_2,candidate_1,5,0.028000000000000004
97,candidate_5,candidate_4,candidate_3,candidate_2,candidate_1,5,0.028000000000000004
98,candidate_5,candidate_4,candidate_3,candidate_2,candidate_1,5,0.028000000000000004
99,candidate_5,candidate_4,candidate_3,candidate_2,candidate_1,5,0.028000000000000004
100,candidate_5,candidate_4,candidate_3,candidate_2,candidate_1,5,0.028000000000000004
101,candidate_5,candidate_4,candidate_3,candidate_2,candidate_1,5,0.028000000000000004
102,candidate_5,candidate_4,candidate_3,candidate_2,candidate_1,5,0.028000000000000004
103,candidate_5,candidate_4,candidate_3,0,candidate_1,5,0.028000000000000004
104,candidate_5,candidate_4,candidate_3,candidate_2,candidate_1,5,0.028000000000000004
105,candidate_5,candidate_4,candidate_3,candidate_2,candidate_1,5,0.028000000000000004
