,candidate_1,candidate_2,candidate_3,num_candidates,noise
0,candidate_1,candidate_2,candidate_3,3,0.0
1,candidate_1,candidate_2,candidate_3,3,0.0
2,candidate_1,candidate_2,candidate_3,3,0.0
3,candidate_1,candidate_2,candidate_3,3,0.0
4,candidate_1,candidate_2,candidate_3,3,0.0
5,candidate_1,candidate_2,candidate_3,3,0.0
6,candidate_1,candidate_2,candidate_3,3,0.0
7,candidate_1,candidate_2,candidate_3,3,0.0
8,candidate_1,candidate_2,candidate_3,3,0.0
9,candidate_1,candidate_2,candidate_3,3,0.0
10,candidate_1,candidate_2,candidate_3,3,0.0
11,candidate_1,candidate_2,candidate_3,3,0.0
12,candidate_1,candidate_2,candidate_3,3,0.0
13,candidate_1,candidate_2,candidate_3,3,0.0
14,candidate_1,candidate_2,candidate_3,3,0.0
15,candidate_1,candidate_2,candidate_3,3,0.0
16,candidate_1,candidate_2,candidate_3,3,0.0
17,candidate_1,candidate_2,candidate_3,3,0.0
18,candidate_1,candidate_2,candidate_3,3,0.0
19,candidate_1,candidate_2,candidate_3,3,0.0
20,candidate_1,candidate_2,candidate_3,3,0.0
21,candidate_1,candidate_2,candidate_3,3,0.0
22,candidate_1,candidate_2,candidate_3,3,0.0
23,candidate_1,candidate_2,candidate_3,3,0.0
24,candidate_1,candidate_2,candidate_3,3,0.0
25,candidate_1,candidate_2,candidate_3,3,0.0
26,candidate_1,candidate_2,candidate_3,3,0.0
27,candidate_1,candidate_2,candidate_3,3,0.0
28,candidate_1,candidate_2,candidate_3,3,0.0
29,candidate_1,candidate_2,candidate_3,3,0.0
30,candidate_1,candidate_2,candidate_3,3,0.0
31,candidate_1,candidate_2,candidate_3,3,0.0
32,candidate_1,candidate_2,candidate_3,3,0.0
33,candidate_1,candidate_2,candidate_3,3,0.0
34,candidate_1,candidate_2,candidate_3,3,0.0
35,candidate_1,candidate_2,candidate_3,3,0.0
36,candidate_1,candidate_2,candidate_3,3,0.0
37,candidate_1,candidate_2,candidate_3,3,0.0
38,candidate_1,candidate_2,candidate_3,3,0.0
39,candidate_1,candidate_2,candidate_3,3,0.0
40,candidate_1,candidate_2,candidate_3,3,0.0
41,candidate_1,candidate_2,candidate_3,3,0.0
42,candidate_1,candidate_2,candidate_3,3,0.0
43,candidate_1,candidate_2,candidate_3,3,0.0
44,candidate_1,candidate_2,candidate_3,3,0.0
45,candidate_1,candidate_2,candidate_3,3,0.0
46,candidate_1,candidate_2,candidate_3,3,0.0
47,candidate_1,candidate_2,candidate_3,3,0.0
48,candidate_1,candidate_2,candidate_3,3,0.0
49,candidate_1,candidate_2,candidate_3,3,0.0
50,candidate_1,candidate_2,candidate_3,3,0.0
51,candidate_1,candidate_2,candidate_3,3,0.0
52,candidate_1,candidate_2,candidate_3,3,0.0
53,candidate_1,candidate_2,candidate_3,3,0.0
54,candidate_1,candidate_2,candidate_3,3,0.0
55,candidate_1,candidate_2,candidate_3,3,0.0
56,candidate_1,candidate_2,candidate_3,3,0.0
57,candidate_1,candidate_2,candidate_3,3,0.0
58,candidate_1,candidate_2,candidate_3,3,0.0
59,candidate_1,candidate_2,candidate_3,3,0.0
60,candidate_1,candidate_2,candidate_3,3,0.0
61,candidate_1,candidate_2,candidate_3,3,0.0
62,candidate_1,candidate_2,candidate_3,3,0.0
63,candidate_1,candidate_2,candidate_3,3,0.0
64,candidate_1,candidate_2,candidate_3,3,0.0
65,candidate_1,candidate_2,candidate_3,3,0.0
66,candidate_1,candidate_2,candidate_3,3,0.0
67,candidate_1,candidate_2,candidate_3,3,0.0
68,candidate_1,candidate_2,candidate_3,3,0.0
69,candidate_1,candidate_2,candidate_3,3,0.0
70,candidate_1,candidate_2,candidate_3,3,0.0
71,candidate_1,candidate_2,candidate_3,3,0.0
72,candidate_1,candidate_2,candidate_3,3,0.0
73,candidate_1,candidate_2,candidate_3,3,0.0
74,candidate_1,candidate_2,candidate_3,3,0.0
75,candidate_1,candidate_2,candidate_3,3,0.0
76,candidate_1,candidate_2,candidate_3,3,0.0
77,candidate_1,candidate_2,candidate_3,3,0.0
78,candidate_1,candidate_2,candidate_3,3,0.0
79,candidate_1,candidate_2,candidate_3,3,0.0
80,candidate_1,candidate_2,candidate_3,3,0.0
81,candidate_1,candidate_2,candidate_3,3,0.0
82,candidate_1,candidate_2,candidate_3,3,0.0
83,candidate_1,candidate_2,candidate_3,3,0.0
84,candidate_1,candidate_2,candidate_3,3,0.0
85,candidate_1,candidate_2,candidate_3,3,0.0
86,candidate_1,candidate_2,candidate_3,3,0.0
87,candidate_1,candidate_2,candidate_3,3,0.0
88,candidate_1,candidate_2,candidate_3,3,0.0
89,candidate_1,candidate_2,candidate_3,3,0.0
90,candidate_1,candidate_2,candidate_3,3,0.0
91,candidate_1,candidate_2,candidate_3,3,0.0
92,candidate_1,candidate_2,candidate_3,3,0.0
93,candidate_1,candidate_2,candidate_3,3,0.0
94,candidate_1,candidate_2,candidate_3,3,0.0
95,candidate_1,candidate_2,candidate_3,3,0.0
96,candidate_1,candidate_2,candidate_3,3,0.0
97,candidate_1,candidate_2,candidate_3,3,0.0
98,candidate_1,candidate_2,candidate_3,3,0.0
99,candidate_1,candidate_2,candidate_3,3,0.0
100,candidate_1,candidate_2,candidate_3,3,0.0
101,candidate_1,candidate_2,candidate_3,3,0.0
102,candidate_1,candidate_2,candidate_3,3,0.0
103,candidate_1,candidate_2,candidate_3,3,0.0
104,candidate_1,candidate_2,candidate_3,3,0.0
105,candidate_1,candidate_2,candidate_3,3,0.0
106,candidate_1,candidate_2,candidate_3,3,0.0
107,candidate_1,candidate_2,candidate_3,3,0.0
108,candidate_1,candidate_2,candidate_3,3,0.0
109,candidate_1,candidate_2,candidate_3,3,0.0
110,candidate_1,candidate_2,candidate_3,3,0.0
111,candidate_1,candidate_2,candidate_3,3,0.0
112,candidate_1,candidate_2,candidate_3,3,0.0
113,candidate_1,candidate_2,candidate_3,3,0.0
114,candidate_1,candidate_2,candidate_3,3,0.0
115,candidate_1,candidate_2,candidate_3,3,0.0
116,candidate_1,candidate_2,candidate_3,3,0.0
117,candidate_1,candidate_2,candidate_3,3,0.0
118,candidate_1,candidate_2,candidate_3,3,0.0
119,candidate_1,candidate_2,candidate_3,3,0.0
120,candidate_1,candidate_2,candidate_3,3,0.0
121,candidate_1,candidate_2,candidate_3,3,0.0
122,candidate_1,candidate_2,candidate_3,3,0.0
123,candidate_1,candidate_2,candidate_3,3,0.0
124,candidate_1,candidate_2,candidate_3,3,0.0
125,candidate_1,candidate_2,candidate_3,3,0.0
126,candidate_1,candidate_2,candidate_3,3,0.0
127,candidate_1,candidate_2,candidate_3,3,0.0
128,candidate_1,candidate_2,candidate_3,3,0.0
129,candidate_1,candidate_2,candidate_3,3,0.0
130,candidate_1,candidate_2,candidate_3,3,0.0
131,candidate_1,candidate_2,candidate_3,3,0.0
132,candidate_1,candidate_2,candidate_3,3,0.0
133,candidate_1,candidate_2,candidate_3,3,0.0
134,candidate_1,candidate_2,candidate_3,3,0.0
135,candidate_1,candidate_2,candidate_3,3,0.0
136,candidate_1,candidate_2,candidate_3,3,0.0
137,candidate_1,candidate_2,candidate_3,3,0.0
138,candidate_1,candidate_2,candidate_3,3,0.0
139,candidate_1,candidate_2,candidate_3,3,0.0
140,candidate_1,candidate_2,candidate_3,3,0.0
141,candidate_1,candidate_2,candidate_3,3,0.0
142,candidate_1,candidate_2,candidate_3,3,0.0
143,candidate_1,candidate_2,candidate_3,3,0.0
144,candidate_1,candidate_2,candidate_3,3,0.0
145,candidate_1,candidate_2,candidate_3,3,0.0
146,candidate_1,candidate_2,candidate_3,3,0.0
147,candidate_1,candidate_2,candidate_3,3,0.0
148,candidate_1,candidate_2,candidate_3,3,0.0
149,candidate_1,candidate_2,candidate_3,3,0.0
150,candidate_1,candidate_2,candidate_3,3,0.0
151,candidate_1,candidate_2,candidate_3,3,0.0
152,candidate_1,candidate_2,candidate_3,3,0.0
153,candidate_1,candidate_2,candidate_3,3,0.0
154,candidate_1,candidate_2,candidate_3,3,0.0
155,candidate_1,candidate_2,candidate_3,3,0.0
156,candidate_1,candidate_2,candidate_3,3,0.0
157,candidate_1,candidate_2,candidate_3,3,0.0
158,candidate_1,candidate_2,candidate_3,3,0.0
159,candidate_1,candidate_2,candidate_3,3,0.0
160,candidate_1,candidate_2,candidate_3,3,0.0
161,candidate_1,candidate_2,candidate_3,3,0.0
162,candidate_1,candidate_2,candidate_3,3,0.0
163,candidate_1,candidate_2,candidate_3,3,0.0
164,candidate_1,candidate_2,candidate_3,3,0.0
165,candidate_1,candidate_2,candidate_3,3,0.0
166,candidate_1,candidate_2,candidate_3,3,0.0
167,candidate_1,candidate_2,candidate_3,3,0.0
168,candidate_1,candidate_2,candidate_3,3,0.0
169,candidate_1,candidate_2,candidate_3,3,0.0
170,candidate_1,candidate_2,candidate_3,3,0.0
171,candidate_1,candidate_2,candidate_3,3,0.0
172,candidate_1,candidate_2,candidate_3,3,0.0
173,candidate_1,candidate_2,candidate_3,3,0.0
174,candidate_1,candidate_2,candidate_3,3,0.0
175,candidate_1,candidate_2,candidate_3,3,0.0
176,candidate_1,candidate_2,candidate_3,3,0.0
177,candidate_1,candidate_2,candidate_3,3,0.0
178,candidate_1,candidate_2,candidate_3,3,0.0
179,candidate_1,candidate_2,candidate_3,3,0.0
180,candidate_1,candidate_2,candidate_3,3,0.0
181,candidate_1,candidate_2,candidate_3,3,0.0
182,candidate_1,candidate_2,candidate_3,3,0.0
183,candidate_1,candidate_2,candidate_3,3,0.0
184,candidate_1,candidate_2,candidate_3,3,0.0
185,candidate_1,candidate_2,candidate_3,3,0.0
186,candidate_1,candidate_2,candidate_3,3,0.0
187,candidate_1,candidate_2,candidate_3,3,0.0
188,candidate_1,candidate_2,candidate_3,3,0.0
189,candidate_1,candidate_2,candidate_3,3,0.0
190,candidate_1,candidate_2,candidate_3,3,0.0
191,candidate_1,candidate_2,candidate_3,3,0.0
192,candidate_1,candidate_2,candidate_3,3,0.0
193,candidate_1,candidate_2,candidate_3,3,0.0
194,candidate_1,candidate_2,candidate_3,3,0.0
195,candidate_1,candidate_2,candidate_3,3,0.0
196,candidate_1,candidate_2,candidate_3,3,0.0
197,candidate_1,candidate_2,candidate_3,3,0.0
198,candidate_1,candidate_2,candidate_3,3,0.0
199,candidate_1,candidate_2,candidate_3,3,0.0
200,candidate_1,candidate_2,candidate_3,3,0.0
201,candidate_1,candidate_2,candidate_3,3,0.0
202,candidate_1,candidate_2,candidate_3,3,0.0
203,candidate_1,candidate_2,candidate_3,3,0.0
204,candidate_1,candidate_2,candidate_3,3,0.0
205,candidate_1,candidate_2,candidate_3,3,0.0
206,candidate_1,candidate_2,candidate_3,3,0.0
207,candidate_1,candidate_2,candidate_3,3,0.0
208,candidate_1,candidate_2,candidate_3,3,0.0
209,candidate_1,candidate_2,candidate_3,3,0.0
210,candidate_1,candidate_2,candidate_3,3,0.0
211,candidate_1,candidate_2,candidate_3,3,0.0
212,candidate_1,candidate_2,candidate_3,3,0.0
213,candidate_1,candidate_2,candidate_3,3,0.0
214,candidate_1,candidate_2,candidate_3,3,0.0
215,candidate_1,candidate_2,candidate_3,3,0.0
216,candidate_1,candidate_2,candidate_3,3,0.0
217,candidate_1,candidate_2,candidate_3,3,0.0
218,candidate_1,candidate_2,candidate_3,3,0.0
219,candidate_1,candidate_2,candidate_3,3,0.0
220,candidate_1,candidate_2,candidate_3,3,0.0
221,candidate_1,candidate_2,candidate_3,3,0.0
222,candidate_1,candidate_2,candidate_3,3,0.0
223,candidate_1,candidate_2,candidate_3,3,0.0
224,candidate_1,candidate_2,candidate_3,3,0.0
225,candidate_1,candidate_2,candidate_3,3,0.0
226,candidate_1,candidate_2,candidate_3,3,0.0
227,candidate_1,candidate_2,candidate_3,3,0.0
228,candidate_1,candidate_2,candidate_3,3,0.0
229,candidate_1,candidate_2,candidate_3,3,0.0
230,candidate_1,candidate_2,candidate_3,3,0.0
231,candidate_1,candidate_2,candidate_3,3,0.0
232,candidate_1,candidate_2,candidate_3,3,0.0
233,candidate_1,candidate_2,candidate_3,3,0.0
234,candidate_1,candidate_2,candidate_3,3,0.0
235,candidate_1,candidate_2,candidate_3,3,0.0
236,candidate_1,candidate_2,candidate_3,3,0.0
237,candidate_1,candidate_2,candidate_3,3,0.0
238,candidate_1,candidate_2,candidate_3,3,0.0
239,candidate_1,candidate_2,candidate_3,3,0.0
240,candidate_1,candidate_2,candidate_3,3,0.0
241,candidate_1,candidate_2,candidate_3,3,0.0
242,candidate_1,candidate_2,candidate_3,3,0.0
243,candidate_1,candidate_2,candidate_3,3,0.0
244,candidate_1,candidate_2,candidate_3,3,0.0
245,candidate_1,candidate_2,candidate_3,3,0.0
246,candidate_1,candidate_2,candidate_3,3,0.0
247,candidate_1,candidate_2,candidate_3,3,0.0
248,candidate_1,candidate_2,candidate_3,3,0.0
249,candidate_1,candidate_2,candidate_3,3,0.0
250,candidate_1,candidate_2,candidate_3,3,0.0
251,candidate_1,candidate_2,candidate_3,3,0.0
252,candidate_1,candidate_2,candidate_3,3,0.0
253,candidate_1,candidate_2,candidate_3,3,0.0
254,candidate_1,candidate_2,candidate_3,3,0.0
255,candidate_1,candidate_2,candidate_3,3,0.0
256,candidate_1,candidate_2,candidate_3,3,0.0
257,candidate_1,candidate_2,candidate_3,3,0.0
258,candidate_1,candidate_2,candidate_3,3,0.0
259,candidate_1,candidate_2,candidate_3,3,0.0
260,candidate_1,candidate_2,candidate_3,3,0.0
261,candidate_1,candidate_2,candidate_3,3,0.0
262,candidate_1,candidate_2,candidate_3,3,0.0
263,candidate_1,candidate_2,candidate_3,3,0.0
264,candidate_1,candidate_2,candidate_3,3,0.0
265,candidate_1,candidate_2,candidate_3,3,0.0
266,candidate_1,candidate_2,candidate_3,3,0.0
267,candidate_1,candidate_2,candidate_3,3,0.0
268,candidate_1,candidate_2,candidate_3,3,0.0
269,candidate_1,candidate_2,candidate_3,3,0.0
270,candidate_1,candidate_2,candidate_3,3,0.0
271,candidate_1,candidate_2,candidate_3,3,0.0
272,candidate_1,candidate_2,candidate_3,3,0.0
273,candidate_1,candidate_2,candidate_3,3,0.0
274,candidate_1,candidate_2,candidate_3,3,0.0
275,candidate_1,candidate_2,candidate_3,3,0.0
276,candidate_1,candidate_2,candidate_3,3,0.0
277,candidate_1,candidate_2,candidate_3,3,0.0
278,candidate_1,candidate_2,candidate_3,3,0.0
279,candidate_1,candidate_2,candidate_3,3,0.0
280,candidate_1,candidate_2,candidate_3,3,0.0
281,candidate_1,candidate_2,candidate_3,3,0.0
282,candidate_1,candidate_2,candidate_3,3,0.0
283,candidate_1,candidate_2,candidate_3,3,0.0
284,candidate_1,candidate_2,candidate_3,3,0.0
285,candidate_1,candidate_2,candidate_3,3,0.0
286,candidate_1,candidate_2,candidate_3,3,0.0
287,candidate_1,candidate_2,candidate_3,3,0.0
288,candidate_1,candidate_2,candidate_3,3,0.0
289,candidate_1,candidate_2,candidate_3,3,0.0
290,candidate_1,candidate_2,candidate_3,3,0.0
291,candidate_1,candidate_2,candidate_3,3,0.0
292,candidate_1,candidate_2,candidate_3,3,0.0
293,candidate_1,candidate_2,candidate_3,3,0.0
294,candidate_1,candidate_2,candidate_3,3,0.0
295,candidate_1,candidate_2,candidate_3,3,0.0
296,candidate_1,candidate_2,candidate_3,3,0.0
297,candidate_1,candidate_2,candidate_3,3,0.0
298,candidate_1,candidate_2,candidate_3,3,0.0
299,candidate_1,candidate_2,candidate_3,3,0.0
300,candidate_1,candidate_2,candidate_3,3,0.0
301,candidate_1,candidate_2,candidate_3,3,0.0
302,candidate_1,candidate_2,candidate_3,3,0.0
303,candidate_1,candidate_2,candidate_3,3,0.0
304,candidate_1,candidate_2,candidate_3,3,0.0
305,candidate_1,candidate_2,candidate_3,3,0.0
306,candidate_1,candidate_2,candidate_3,3,0.0
307,candidate_1,candidate_2,candidate_3,3,0.0
308,candidate_1,candidate_2,candidate_3,3,0.0
309,candidate_1,candidate_2,candidate_3,3,0.0
310,candidate_1,candidate_2,candidate_3,3,0.0
311,candidate_1,candidate_2,candidate_3,3,0.0
312,candidate_1,candidate_2,candidate_3,3,0.0
313,candidate_1,candidate_2,candidate_3,3,0.0
314,candidate_1,candidate_2,candidate_3,3,0.0
315,candidate_1,candidate_2,candidate_3,3,0.0
316,candidate_1,candidate_2,candidate_3,3,0.0
317,candidate_1,candidate_2,candidate_3,3,0.0
318,candidate_1,candidate_2,candidate_3,3,0.0
319,candidate_1,candidate_2,candidate_3,3,0.0
320,candidate_1,candidate_2,candidate_3,3,0.0
321,candidate_1,candidate_2,candidate_3,3,0.0
322,candidate_1,candidate_2,candidate_3,3,0.0
323,candidate_1,candidate_2,candidate_3,3,0.0
324,candidate_1,candidate_2,candidate_3,3,0.0
325,candidate_1,candidate_2,candidate_3,3,0.0
326,candidate_1,candidate_2,candidate_3,3,0.0
327,candidate_1,candidate_2,candidate_3,3,0.0
328,candidate_1,candidate_2,candidate_3,3,0.0
329,candidate_1,candidate_2,candidate_3,3,0.0
330,candidate_1,candidate_2,candidate_3,3,0.0
331,candidate_1,candidate_2,candidate_3,3,0.0
332,candidate_1,candidate_2,candidate_3,3,0.0
333,candidate_1,candidate_2,candidate_3,3,0.0
334,candidate_1,candidate_2,candidate_3,3,0.0
335,candidate_1,candidate_2,candidate_3,3,0.0
336,candidate_1,candidate_2,candidate_3,3,0.0
337,candidate_1,candidate_2,candidate_3,3,0.0
338,candidate_1,candidate_2,candidate_3,3,0.0
339,candidate_1,candidate_2,candidate_3,3,0.0
340,candidate_1,candidate_2,candidate_3,3,0.0
341,candidate_1,candidate_2,candidate_3,3,0.0
342,candidate_1,candidate_2,candidate_3,3,0.0
343,candidate_1,candidate_2,candidate_3,3,0.0
344,candidate_1,candidate_2,candidate_3,3,0.0
345,candidate_1,candidate_2,candidate_3,3,0.0
346,candidate_1,candidate_2,candidate_3,3,0.0
347,candidate_1,candidate_2,candidate_3,3,0.0
348,candidate_1,candidate_2,candidate_3,3,0.0
349,candidate_1,candidate_2,candidate_3,3,0.0
350,candidate_1,candidate_2,candidate_3,3,0.0
351,candidate_1,candidate_2,candidate_3,3,0.0
352,candidate_1,candidate_2,candidate_3,3,0.0
353,candidate_1,candidate_2,candidate_3,3,0.0
354,candidate_1,candidate_2,candidate_3,3,0.0
355,candidate_1,candidate_2,candidate_3,3,0.0
356,candidate_1,candidate_2,candidate_3,3,0.0
357,candidate_1,candidate_2,candidate_3,3,0.0
358,candidate_1,candidate_2,candidate_3,3,0.0
359,candidate_1,candidate_2,candidate_3,3,0.0
360,candidate_1,candidate_2,candidate_3,3,0.0
361,candidate_1,candidate_2,candidate_3,3,0.0
362,candidate_1,candidate_2,candidate_3,3,0.0
363,candidate_1,candidate_2,candidate_3,3,0.0
364,candidate_1,candidate_2,candidate_3,3,0.0
365,candidate_1,candidate_2,candidate_3,3,0.0
366,candidate_1,candidate_2,candidate_3,3,0.0
367,candidate_1,candidate_2,candidate_3,3,0.0
368,candidate_1,candidate_2,candidate_3,3,0.0
369,candidate_1,candidate_2,candidate_3,3,0.0
370,candidate_1,candidate_2,candidate_3,3,0.0
371,candidate_1,candidate_2,candidate_3,3,0.0
372,candidate_1,candidate_2,candidate_3,3,0.0
373,candidate_1,candidate_2,candidate_3,3,0.0
374,candidate_1,candidate_2,candidate_3,3,0.0
375,candidate_1,candidate_2,candidate_3,3,0.0
376,candidate_1,candidate_2,candidate_3,3,0.0
377,candidate_1,candidate_2,candidate_3,3,0.0
378,candidate_1,candidate_2,candidate_3,3,0.0
379,candidate_1,candidate_2,candidate_3,3,0.0
380,candidate_1,candidate_2,candidate_3,3,0.0
381,candidate_1,candidate_2,candidate_3,3,0.0
382,candidate_1,candidate_2,candidate_3,3,0.0
383,candidate_1,candidate_2,candidate_3,3,0.0
384,candidate_1,candidate_2,candidate_3,3,0.0
385,candidate_1,candidate_2,candidate_3,3,0.0
386,candidate_1,candidate_2,candidate_3,3,0.0
387,candidate_1,candidate_2,candidate_3,3,0.0
388,candidate_1,candidate_2,candidate_3,3,0.0
389,candidate_1,candidate_2,candidate_3,3,0.0
390,candidate_1,candidate_2,candidate_3,3,0.0
391,candidate_1,candidate_2,candidate_3,3,0.0
392,candidate_1,candidate_2,candidate_3,3,0.0
393,candidate_1,candidate_2,candidate_3,3,0.0
394,candidate_1,candidate_2,candidate_3,3,0.0
395,candidate_1,candidate_2,candidate_3,3,0.0
396,candidate_1,candidate_2,candidate_3,3,0.0
397,candidate_1,candidate_2,candidate_3,3,0.0
398,candidate_1,candidate_2,candidate_3,3,0.0
399,candidate_1,candidate_2,candidate_3,3,0.0
400,candidate_1,candidate_2,candidate_3,3,0.0
401,candidate_1,candidate_2,candidate_3,3,0.0
402,candidate_1,candidate_2,candidate_3,3,0.0
403,candidate_1,candidate_2,candidate_3,3,0.0
404,candidate_1,candidate_2,candidate_3,3,0.0
405,candidate_1,candidate_2,candidate_3,3,0.0
406,candidate_1,candidate_2,candidate_3,3,0.0
407,candidate_1,candidate_2,candidate_3,3,0.0
408,candidate_1,candidate_2,candidate_3,3,0.0
409,candidate_1,candidate_2,candidate_3,3,0.0
410,candidate_1,candidate_2,candidate_3,3,0.0
411,candidate_1,candidate_2,candidate_3,3,0.0
412,candidate_1,candidate_2,candidate_3,3,0.0
413,candidate_1,candidate_2,candidate_3,3,0.0
414,candidate_1,candidate_2,candidate_3,3,0.0
415,candidate_1,candidate_2,candidate_3,3,0.0
416,candidate_1,candidate_2,candidate_3,3,0.0
417,candidate_1,candidate_2,candidate_3,3,0.0
418,candidate_1,candidate_2,candidate_3,3,0.0
419,candidate_1,candidate_2,candidate_3,3,0.0
420,candidate_1,candidate_2,candidate_3,3,0.0
421,candidate_1,candidate_2,candidate_3,3,0.0
422,candidate_1,candidate_2,candidate_3,3,0.0
423,candidate_1,candidate_2,candidate_3,3,0.0
424,candidate_1,candidate_2,candidate_3,3,0.0
425,candidate_1,candidate_2,candidate_3,3,0.0
426,candidate_1,candidate_2,candidate_3,3,0.0
427,candidate_1,candidate_2,candidate_3,3,0.0
428,candidate_1,candidate_2,candidate_3,3,0.0
429,candidate_1,candidate_2,candidate_3,3,0.0
430,candidate_1,candidate_2,candidate_3,3,0.0
431,candidate_1,candidate_2,candidate_3,3,0.0
432,candidate_1,candidate_2,candidate_3,3,0.0
433,candidate_1,candidate_2,candidate_3,3,0.0
434,candidate_1,candidate_2,candidate_3,3,0.0
435,candidate_1,candidate_2,candidate_3,3,0.0
436,candidate_1,candidate_2,candidate_3,3,0.0
437,candidate_1,candidate_2,candidate_3,3,0.0
438,candidate_1,candidate_2,candidate_3,3,0.0
439,candidate_1,candidate_2,candidate_3,3,0.0
440,candidate_1,candidate_2,candidate_3,3,0.0
441,candidate_1,candidate_2,candidate_3,3,0.0
442,candidate_1,candidate_2,candidate_3,3,0.0
443,candidate_1,candidate_2,candidate_3,3,0.0
444,candidate_1,candidate_2,candidate_3,3,0.0
445,candidate_1,candidate_2,candidate_3,3,0.0
446,candidate_1,candidate_2,candidate_3,3,0.0
447,candidate_1,candidate_2,candidate_3,3,0.0
448,candidate_1,candidate_2,candidate_3,3,0.0
449,candidate_1,candidate_2,candidate_3,3,0.0
450,candidate_1,candidate_2,candidate_3,3,0.0
451,candidate_1,candidate_2,candidate_3,3,0.0
452,candidate_1,candidate_2,candidate_3,3,0.0
453,candidate_1,candidate_2,candidate_3,3,0.0
454,candidate_1,candidate_2,candidate_3,3,0.0
455,candidate_1,candidate_2,candidate_3,3,0.0
456,candidate_1,candidate_2,candidate_3,3,0.0
457,candidate_1,candidate_2,candidate_3,3,0.0
458,candidate_1,candidate_2,candidate_3,3,0.0
459,candidate_1,candidate_2,candidate_3,3,0.0
460,candidate_1,candidate_2,candidate_3,3,0.0
461,candidate_1,candidate_2,candidate_3,3,0.0
462,candidate_1,candidate_2,candidate_3,3,0.0
463,candidate_1,candidate_2,candidate_3,3,0.0
464,candidate_1,candidate_2,candidate_3,3,0.0
465,candidate_1,candidate_2,candidate_3,3,0.0
466,candidate_1,candidate_2,candidate_3,3,0.0
467,candidate_1,candidate_2,candidate_3,3,0.0
468,candidate_1,candidate_2,candidate_3,3,0.0
469,candidate_1,candidate_2,candidate_3,3,0.0
470,candidate_1,candidate_2,candidate_3,3,0.0
471,candidate_1,candidate_2,candidate_3,3,0.0
472,candidate_1,candidate_2,candidate_3,3,0.0
473,candidate_1,candidate_2,candidate_3,3,0.0
474,candidate_1,candidate_2,candidate_3,3,0.0
475,candidate_1,candidate_2,candidate_3,3,0.0
476,candidate_1,candidate_2,candidate_3,3,0.0
477,candidate_1,candidate_2,candidate_3,3,0.0
478,candidate_1,candidate_2,candidate_3,3,0.0
479,candidate_1,candidate_2,candidate_3,3,0.0
480,candidate_1,candidate_2,candidate_3,3,0.0
481,candidate_1,candidate_2,candidate_3,3,0.0
482,candidate_1,candidate_2,candidate_3,3,0.0
483,candidate_1,candidate_2,candidate_3,3,0.0
484,candidate_1,candidate_2,candidate_3,3,0.0
485,candidate_1,candidate_2,candidate_3,3,0.0
486,candidate_1,candidate_2,candidate_3,3,0.0
487,candidate_1,candidate_2,candidate_3,3,0.0
488,candidate_1,candidate_2,candidate_3,3,0.0
489,candidate_1,candidate_2,candidate_3,3,0.0
490,candidate_1,candidate_2,candidate_3,3,0.0
491,candidate_1,candidate_2,candidate_3,3,0.0
492,candidate_1,candidate_2,candidate_3,3,0.0
493,candidate_1,candidate_2,candidate_3,3,0.0
494,candidate_1,candidate_2,candidate_3,3,0.0
495,candidate_1,candidate_2,candidate_3,3,0.0
496,candidate_1,candidate_2,candidate_3,3,0.0
497,candidate_1,candidate_2,candidate_3,3,0.0
498,candidate_1,candidate_2,candidate_3,3,0.0
499,candidate_1,candidate_2,candidate_3,3,0.0
500,candidate_1,candidate_2,candidate_3,3,0.0
501,candidate_1,candidate_2,candidate_3,3,0.0
502,candidate_1,candidate_2,candidate_3,3,0.0
503,candidate_1,candidate_2,candidate_3,3,0.0
504,candidate_1,candidate_2,candidate_3,3,0.0
505,candidate_1,candidate_2,candidate_3,3,0.0
506,candidate_1,candidate_2,candidate_3,3,0.0
507,candidate_1,candidate_2,candidate_3,3,0.0
508,candidate_1,candidate_2,candidate_3,3,0.0
509,candidate_1,candidate_2,candidate_3,3,0.0
510,candidate_1,candidate_2,candidate_3,3,0.0
511,candidate_1,candidate_2,candidate_3,3,0.0
512,candidate_1,candidate_2,candidate_3,3,0.0
513,candidate_1,candidate_2,candidate_3,3,0.0
514,candidate_1,candidate_2,candidate_3,3,0.0
515,candidate_1,candidate_2,candidate_3,3,0.0
516,candidate_1,candidate_2,candidate_3,3,0.0
517,candidate_1,candidate_2,candidate_3,3,0.0
518,candidate_1,candidate_2,candidate_3,3,0.0
519,candidate_1,candidate_2,candidate_3,3,0.0
520,candidate_1,candidate_2,candidate_3,3,0.0
521,candidate_1,candidate_2,candidate_3,3,0.0
522,candidate_1,candidate_2,candidate_3,3,0.0
523,candidate_1,candidate_2,candidate_3,3,0.0
524,candidate_1,candidate_2,candidate_3,3,0.0
525,candidate_1,candidate_2,candidate_3,3,0.0
526,candidate_1,candidate_2,candidate_3,3,0.0
527,candidate_1,candidate_2,candidate_3,3,0.0
528,candidate_1,candidate_2,candidate_3,3,0.0
529,candidate_1,candidate_2,candidate_3,3,0.0
530,candidate_1,candidate_2,candidate_3,3,0.0
531,candidate_1,candidate_2,candidate_3,3,0.0
532,candidate_1,candidate_2,candidate_3,3,0.0
533,candidate_1,candidate_2,candidate_3,3,0.0
534,candidate_1,candidate_2,candidate_3,3,0.0
535,candidate_1,candidate_2,candidate_3,3,0.0
536,candidate_1,candidate_2,candidate_3,3,0.0
537,candidate_1,candidate_2,candidate_3,3,0.0
538,candidate_1,candidate_2,candidate_3,3,0.0
539,candidate_1,candidate_2,candidate_3,3,0.0
540,candidate_1,candidate_2,candidate_3,3,0.0
541,candidate_1,candidate_2,candidate_3,3,0.0
542,candidate_1,candidate_2,candidate_3,3,0.0
543,candidate_1,candidate_2,candidate_3,3,0.0
544,candidate_1,candidate_2,candidate_3,3,0.0
545,candidate_1,candidate_2,candidate_3,3,0.0
546,candidate_1,candidate_2,candidate_3,3,0.0
547,candidate_1,candidate_2,candidate_3,3,0.0
548,candidate_1,candidate_2,candidate_3,3,0.0
549,candidate_1,candidate_2,candidate_3,3,0.0
550,candidate_1,candidate_2,candidate_3,3,0.0
551,candidate_1,candidate_2,candidate_3,3,0.0
552,candidate_1,candidate_2,candidate_3,3,0.0
553,candidate_1,candidate_2,candidate_3,3,0.0
554,candidate_1,candidate_2,candidate_3,3,0.0
555,candidate_1,candidate_2,candidate_3,3,0.0
556,candidate_1,candidate_2,candidate_3,3,0.0
557,candidate_1,candidate_2,candidate_3,3,0.0
558,candidate_1,candidate_2,candidate_3,3,0.0
559,candidate_1,candidate_2,candidate_3,3,0.0
560,candidate_1,candidate_2,candidate_3,3,0.0
561,candidate_1,candidate_2,candidate_3,3,0.0
562,candidate_1,candidate_2,candidate_3,3,0.0
563,candidate_1,candidate_2,candidate_3,3,0.0
564,candidate_1,candidate_2,candidate_3,3,0.0
565,candidate_1,candidate_2,candidate_3,3,0.0
566,candidate_1,candidate_2,candidate_3,3,0.0
567,candidate_1,candidate_2,candidate_3,3,0.0
568,candidate_1,candidate_2,candidate_3,3,0.0
569,candidate_1,candidate_2,candidate_3,3,0.0
570,candidate_1,candidate_2,candidate_3,3,0.0
571,candidate_1,candidate_2,candidate_3,3,0.0
572,candidate_1,candidate_2,candidate_3,3,0.0
573,candidate_1,candidate_2,candidate_3,3,0.0
574,candidate_1,candidate_2,candidate_3,3,0.0
575,candidate_1,candidate_2,candidate_3,3,0.0
576,candidate_1,candidate_2,candidate_3,3,0.0
577,candidate_1,candidate_2,candidate_3,3,0.0
578,candidate_1,candidate_2,candidate_3,3,0.0
579,candidate_1,candidate_2,candidate_3,3,0.0
580,candidate_1,candidate_2,candidate_3,3,0.0
581,candidate_1,candidate_2,candidate_3,3,0.0
582,candidate_1,candidate_2,candidate_3,3,0.0
583,candidate_1,candidate_2,candidate_3,3,0.0
584,candidate_1,candidate_2,candidate_3,3,0.0
585,candidate_1,candidate_2,candidate_3,3,0.0
586,candidate_1,candidate_2,candidate_3,3,0.0
587,candidate_1,candidate_2,candidate_3,3,0.0
588,candidate_1,candidate_2,candidate_3,3,0.0
589,candidate_1,candidate_2,candidate_3,3,0.0
590,candidate_1,candidate_2,candidate_3,3,0.0
591,candidate_1,candidate_2,candidate_3,3,0.0
592,candidate_1,candidate_2,candidate_3,3,0.0
593,candidate_1,candidate_2,candidate_3,3,0.0
594,candidate_1,candidate_2,candidate_3,3,0.0
595,candidate_1,candidate_2,candidate_3,3,0.0
596,candidate_1,candidate_2,candidate_3,3,0.0
597,candidate_1,candidate_2,candidate_3,3,0.0
598,candidate_1,candidate_2,candidate_3,3,0.0
599,candidate_1,candidate_2,candidate_3,3,0.0
600,candidate_1,candidate_2,candidate_3,3,0.0
601,candidate_1,candidate_2,candidate_3,3,0.0
602,candidate_1,candidate_2,candidate_3,3,0.0
603,candidate_1,candidate_2,candidate_3,3,0.0
604,candidate_1,candidate_2,candidate_3,3,0.0
605,candidate_1,candidate_2,candidate_3,3,0.0
606,candidate_1,candidate_2,candidate_3,3,0.0
607,candidate_1,candidate_2,candidate_3,3,0.0
608,candidate_1,candidate_2,candidate_3,3,0.0
609,candidate_1,candidate_2,candidate_3,3,0.0
610,candidate_1,candidate_2,candidate_3,3,0.0
611,candidate_1,candidate_2,candidate_3,3,0.0
612,candidate_1,candidate_2,candidate_3,3,0.0
613,candidate_1,candidate_2,candidate_3,3,0.0
614,candidate_1,candidate_2,candidate_3,3,0.0
615,candidate_1,candidate_2,candidate_3,3,0.0
616,candidate_1,candidate_2,candidate_3,3,0.0
617,candidate_1,candidate_2,candidate_3,3,0.0
618,candidate_1,candidate_2,candidate_3,3,0.0
619,candidate_1,candidate_2,candidate_3,3,0.0
620,candidate_1,candidate_2,candidate_3,3,0.0
621,candidate_1,candidate_2,candidate_3,3,0.0
622,candidate_1,candidate_2,candidate_3,3,0.0
623,candidate_1,candidate_2,candidate_3,3,0.0
624,candidate_1,candidate_2,candidate_3,3,0.0
625,candidate_1,candidate_2,candidate_3,3,0.0
626,candidate_1,candidate_2,candidate_3,3,0.0
627,candidate_1,candidate_2,candidate_3,3,0.0
628,candidate_1,candidate_2,candidate_3,3,0.0
629,candidate_1,candidate_2,candidate_3,3,0.0
630,candidate_1,candidate_2,candidate_3,3,0.0
631,candidate_1,candidate_2,candidate_3,3,0.0
632,candidate_1,candidate_2,candidate_3,3,0.0
633,candidate_1,candidate_2,candidate_3,3,0.0
634,candidate_1,candidate_2,candidate_3,3,0.0
635,candidate_1,candidate_2,candidate_3,3,0.0
636,candidate_1,candidate_2,candidate_3,3,0.0
637,candidate_1,candidate_2,candidate_3,3,0.0
638,candidate_1,candidate_2,candidate_3,3,0.0
639,candidate_1,candidate_2,candidate_3,3,0.0
640,candidate_1,candidate_2,candidate_3,3,0.0
641,candidate_1,candidate_2,candidate_3,3,0.0
642,candidate_1,candidate_2,candidate_3,3,0.0
643,candidate_1,candidate_2,candidate_3,3,0.0
644,candidate_1,candidate_2,candidate_3,3,0.0
645,candidate_1,candidate_2,candidate_3,3,0.0
646,candidate_1,candidate_2,candidate_3,3,0.0
647,candidate_1,candidate_2,candidate_3,3,0.0
648,candidate_1,candidate_2,candidate_3,3,0.0
649,candidate_1,candidate_2,candidate_3,3,0.0
650,candidate_1,candidate_2,candidate_3,3,0.0
651,candidate_1,candidate_2,candidate_3,3,0.0
652,candidate_1,candidate_2,candidate_3,3,0.0
653,candidate_1,candidate_2,candidate_3,3,0.0
654,candidate_1,candidate_2,candidate_3,3,0.0
655,candidate_1,candidate_2,candidate_3,3,0.0
656,candidate_1,candidate_2,candidate_3,3,0.0
657,candidate_1,candidate_2,candidate_3,3,0.0
658,candidate_1,candidate_2,candidate_3,3,0.0
659,candidate_1,candidate_2,candidate_3,3,0.0
660,candidate_1,candidate_2,candidate_3,3,0.0
661,candidate_1,candidate_2,candidate_3,3,0.0
662,candidate_1,candidate_2,candidate_3,3,0.0
663,candidate_1,candidate_2,candidate_3,3,0.0
664,candidate_1,candidate_2,candidate_3,3,0.0
665,candidate_1,candidate_2,candidate_3,3,0.0
666,candidate_1,candidate_2,candidate_3,3,0.0
667,candidate_1,candidate_2,candidate_3,3,0.0
668,candidate_1,candidate_2,candidate_3,3,0.0
669,candidate_1,candidate_2,candidate_3,3,0.0
670,candidate_1,candidate_2,candidate_3,3,0.0
671,candidate_1,candidate_2,candidate_3,3,0.0
672,candidate_1,candidate_2,candidate_3,3,0.0
673,candidate_1,candidate_2,candidate_3,3,0.0
674,candidate_1,candidate_2,candidate_3,3,0.0
675,candidate_1,candidate_2,candidate_3,3,0.0
676,candidate_1,candidate_2,candidate_3,3,0.0
677,candidate_1,candidate_2,candidate_3,3,0.0
678,candidate_1,candidate_2,candidate_3,3,0.0
679,candidate_1,candidate_2,candidate_3,3,0.0
680,candidate_1,candidate_2,candidate_3,3,0.0
681,candidate_1,candidate_2,candidate_3,3,0.0
682,candidate_1,candidate_2,candidate_3,3,0.0
683,candidate_1,candidate_2,candidate_3,3,0.0
684,candidate_1,candidate_2,candidate_3,3,0.0
685,candidate_1,candidate_2,candidate_3,3,0.0
686,candidate_1,candidate_2,candidate_3,3,0.0
687,candidate_1,candidate_2,candidate_3,3,0.0
688,candidate_1,candidate_2,candidate_3,3,0.0
689,candidate_1,candidate_2,candidate_3,3,0.0
690,candidate_1,candidate_2,candidate_3,3,0.0
691,candidate_1,candidate_2,candidate_3,3,0.0
692,candidate_1,candidate_2,candidate_3,3,0.0
693,candidate_1,candidate_2,candidate_3,3,0.0
694,candidate_1,candidate_2,candidate_3,3,0.0
695,candidate_1,candidate_2,candidate_3,3,0.0
696,candidate_1,candidate_2,candidate_3,3,0.0
697,candidate_1,candidate_2,candidate_3,3,0.0
698,candidate_1,candidate_2,candidate_3,3,0.0
699,candidate_1,candidate_2,candidate_3,3,0.0
700,candidate_1,candidate_2,candidate_3,3,0.0
701,candidate_1,candidate_2,candidate_3,3,0.0
702,candidate_1,candidate_2,candidate_3,3,0.0
703,candidate_1,candidate_2,candidate_3,3,0.0
704,candidate_1,candidate_2,candidate_3,3,0.0
705,candidate_1,candidate_2,candidate_3,3,0.0
706,candidate_1,candidate_2,candidate_3,3,0.0
707,candidate_1,candidate_2,candidate_3,3,0.0
708,candidate_1,candidate_2,candidate_3,3,0.0
709,candidate_1,candidate_2,candidate_3,3,0.0
710,candidate_1,candidate_2,candidate_3,3,0.0
711,candidate_1,candidate_2,candidate_3,3,0.0
712,candidate_1,candidate_2,candidate_3,3,0.0
713,candidate_1,candidate_2,candidate_3,3,0.0
714,candidate_1,candidate_2,candidate_3,3,0.0
715,candidate_1,candidate_2,candidate_3,3,0.0
716,candidate_1,candidate_2,candidate_3,3,0.0
717,candidate_1,candidate_2,candidate_3,3,0.0
718,candidate_1,candidate_2,candidate_3,3,0.0
719,candidate_1,candidate_2,candidate_3,3,0.0
720,candidate_1,candidate_2,candidate_3,3,0.0
721,candidate_1,candidate_2,candidate_3,3,0.0
722,candidate_1,candidate_2,candidate_3,3,0.0
723,candidate_1,candidate_2,candidate_3,3,0.0
724,candidate_1,candidate_2,candidate_3,3,0.0
725,candidate_1,candidate_2,candidate_3,3,0.0
726,candidate_1,candidate_2,candidate_3,3,0.0
727,candidate_1,candidate_2,candidate_3,3,0.0
728,candidate_1,candidate_2,candidate_3,3,0.0
729,candidate_1,candidate_2,candidate_3,3,0.0
730,candidate_1,candidate_2,candidate_3,3,0.0
731,candidate_1,candidate_2,candidate_3,3,0.0
732,candidate_1,candidate_2,candidate_3,3,0.0
733,candidate_1,candidate_2,candidate_3,3,0.0
734,candidate_1,candidate_2,candidate_3,3,0.0
735,candidate_1,candidate_2,candidate_3,3,0.0
736,candidate_1,candidate_2,candidate_3,3,0.0
737,candidate_1,candidate_2,candidate_3,3,0.0
738,candidate_1,candidate_2,candidate_3,3,0.0
739,candidate_1,candidate_2,candidate_3,3,0.0
740,candidate_1,candidate_2,candidate_3,3,0.0
741,candidate_1,candidate_2,candidate_3,3,0.0
742,candidate_1,candidate_2,candidate_3,3,0.0
743,candidate_1,candidate_2,candidate_3,3,0.0
744,candidate_1,candidate_2,candidate_3,3,0.0
745,candidate_1,candidate_2,candidate_3,3,0.0
746,candidate_1,candidate_2,candidate_3,3,0.0
747,candidate_1,candidate_2,candidate_3,3,0.0
748,candidate_1,candidate_2,candidate_3,3,0.0
749,candidate_1,candidate_2,candidate_3,3,0.0
750,candidate_1,candidate_2,candidate_3,3,0.0
751,candidate_1,candidate_2,candidate_3,3,0.0
752,candidate_1,candidate_2,candidate_3,3,0.0
753,candidate_1,candidate_2,candidate_3,3,0.0
754,candidate_1,candidate_2,candidate_3,3,0.0
755,candidate_1,candidate_2,candidate_3,3,0.0
756,candidate_1,candidate_2,candidate_3,3,0.0
757,candidate_1,candidate_2,candidate_3,3,0.0
758,candidate_1,candidate_2,candidate_3,3,0.0
759,candidate_1,candidate_2,candidate_3,3,0.0
760,candidate_1,candidate_2,candidate_3,3,0.0
761,candidate_1,candidate_2,candidate_3,3,0.0
762,candidate_1,candidate_2,candidate_3,3,0.0
763,candidate_1,candidate_2,candidate_3,3,0.0
764,candidate_1,candidate_2,candidate_3,3,0.0
765,candidate_1,candidate_2,candidate_3,3,0.0
766,candidate_1,candidate_2,candidate_3,3,0.0
767,candidate_1,candidate_2,candidate_3,3,0.0
768,candidate_1,candidate_2,candidate_3,3,0.0
769,candidate_1,candidate_2,candidate_3,3,0.0
770,candidate_1,candidate_2,candidate_3,3,0.0
771,candidate_1,candidate_2,candidate_3,3,0.0
772,candidate_1,candidate_2,candidate_3,3,0.0
773,candidate_1,candidate_2,candidate_3,3,0.0
774,candidate_1,candidate_2,candidate_3,3,0.0
775,candidate_1,candidate_2,candidate_3,3,0.0
776,candidate_1,candidate_2,candidate_3,3,0.0
777,candidate_1,candidate_2,candidate_3,3,0.0
778,candidate_1,candidate_2,candidate_3,3,0.0
779,candidate_1,candidate_2,candidate_3,3,0.0
780,candidate_1,candidate_2,candidate_3,3,0.0
781,candidate_1,candidate_2,candidate_3,3,0.0
782,candidate_1,candidate_2,candidate_3,3,0.0
783,candidate_1,candidate_2,candidate_3,3,0.0
784,candidate_1,candidate_2,candidate_3,3,0.0
785,candidate_1,candidate_2,candidate_3,3,0.0
786,candidate_1,candidate_2,candidate_3,3,0.0
787,candidate_1,candidate_2,candidate_3,3,0.0
788,candidate_1,candidate_2,candidate_3,3,0.0
789,candidate_1,candidate_2,candidate_3,3,0.0
790,candidate_1,candidate_2,candidate_3,3,0.0
791,candidate_1,candidate_2,candidate_3,3,0.0
792,candidate_1,candidate_2,candidate_3,3,0.0
793,candidate_1,candidate_2,candidate_3,3,0.0
794,candidate_1,candidate_2,candidate_3,3,0.0
795,candidate_1,candidate_2,candidate_3,3,0.0
796,candidate_1,candidate_2,candidate_3,3,0.0
797,candidate_1,candidate_2,candidate_3,3,0.0
798,candidate_1,candidate_2,candidate_3,3,0.0
799,candidate_1,candidate_2,candidate_3,3,0.0
800,candidate_1,candidate_2,candidate_3,3,0.0
801,candidate_1,candidate_2,candidate_3,3,0.0
802,candidate_1,candidate_2,candidate_3,3,0.0
803,candidate_1,candidate_2,candidate_3,3,0.0
804,candidate_1,candidate_2,candidate_3,3,0.0
805,candidate_1,candidate_2,candidate_3,3,0.0
806,candidate_1,candidate_2,candidate_3,3,0.0
807,candidate_1,candidate_2,candidate_3,3,0.0
808,candidate_1,candidate_2,candidate_3,3,0.0
809,candidate_1,candidate_2,candidate_3,3,0.0
810,candidate_1,candidate_2,candidate_3,3,0.0
811,candidate_1,candidate_2,candidate_3,3,0.0
812,candidate_1,candidate_2,candidate_3,3,0.0
813,candidate_1,candidate_2,candidate_3,3,0.0
814,candidate_1,candidate_2,candidate_3,3,0.0
815,candidate_1,candidate_2,candidate_3,3,0.0
816,candidate_1,candidate_2,candidate_3,3,0.0
817,candidate_1,candidate_2,candidate_3,3,0.0
818,candidate_1,candidate_2,candidate_3,3,0.0
819,candidate_1,candidate_2,candidate_3,3,0.0
820,candidate_1,candidate_2,candidate_3,3,0.0
821,candidate_1,candidate_2,candidate_3,3,0.0
822,candidate_1,candidate_2,candidate_3,3,0.0
823,candidate_1,candidate_2,candidate_3,3,0.0
824,candidate_1,candidate_2,candidate_3,3,0.0
825,candidate_1,candidate_2,candidate_3,3,0.0
826,candidate_1,candidate_2,candidate_3,3,0.0
827,candidate_1,candidate_2,candidate_3,3,0.0
828,candidate_1,candidate_2,candidate_3,3,0.0
829,candidate_1,candidate_2,candidate_3,3,0.0
830,candidate_1,candidate_2,candidate_3,3,0.0
831,candidate_1,candidate_2,candidate_3,3,0.0
832,candidate_1,candidate_2,candidate_3,3,0.0
833,candidate_1,candidate_2,candidate_3,3,0.0
834,candidate_1,candidate_2,candidate_3,3,0.0
835,candidate_1,candidate_2,candidate_3,3,0.0
836,candidate_1,candidate_2,candidate_3,3,0.0
837,candidate_1,candidate_2,candidate_3,3,0.0
838,candidate_1,candidate_2,candidate_3,3,0.0
839,candidate_1,candidate_2,candidate_3,3,0.0
840,candidate_1,candidate_2,candidate_3,3,0.0
841,candidate_1,candidate_2,candidate_3,3,0.0
842,candidate_1,candidate_2,candidate_3,3,0.0
843,candidate_1,candidate_2,candidate_3,3,0.0
844,candidate_1,candidate_2,candidate_3,3,0.0
845,candidate_1,candidate_2,candidate_3,3,0.0
846,candidate_1,candidate_2,candidate_3,3,0.0
847,candidate_1,candidate_2,candidate_3,3,0.0
848,candidate_1,candidate_2,candidate_3,3,0.0
849,candidate_1,candidate_2,candidate_3,3,0.0
850,candidate_1,candidate_2,candidate_3,3,0.0
851,candidate_1,candidate_2,candidate_3,3,0.0
852,candidate_1,candidate_2,candidate_3,3,0.0
853,candidate_1,candidate_2,candidate_3,3,0.0
854,candidate_1,candidate_2,candidate_3,3,0.0
855,candidate_1,candidate_2,candidate_3,3,0.0
856,candidate_1,candidate_2,candidate_3,3,0.0
857,candidate_1,candidate_2,candidate_3,3,0.0
858,candidate_1,candidate_2,candidate_3,3,0.0
859,candidate_1,candidate_2,candidate_3,3,0.0
860,candidate_1,candidate_2,candidate_3,3,0.0
861,candidate_1,candidate_2,candidate_3,3,0.0
862,candidate_1,candidate_2,candidate_3,3,0.0
863,candidate_1,candidate_2,candidate_3,3,0.0
864,candidate_1,candidate_2,candidate_3,3,0.0
865,candidate_1,candidate_2,candidate_3,3,0.0
866,candidate_1,candidate_2,candidate_3,3,0.0
867,candidate_1,candidate_2,candidate_3,3,0.0
868,candidate_1,candidate_2,candidate_3,3,0.0
869,candidate_1,candidate_2,candidate_3,3,0.0
870,candidate_1,candidate_2,candidate_3,3,0.0
871,candidate_1,candidate_2,candidate_3,3,0.0
872,candidate_1,candidate_2,candidate_3,3,0.0
873,candidate_1,candidate_2,candidate_3,3,0.0
874,candidate_1,candidate_2,candidate_3,3,0.0
875,candidate_1,candidate_2,candidate_3,3,0.0
876,candidate_1,candidate_2,candidate_3,3,0.0
877,candidate_1,candidate_2,candidate_3,3,0.0
878,candidate_1,candidate_2,candidate_3,3,0.0
879,candidate_1,candidate_2,candidate_3,3,0.0
880,candidate_1,candidate_2,candidate_3,3,0.0
881,candidate_1,candidate_2,candidate_3,3,0.0
882,candidate_1,candidate_2,candidate_3,3,0.0
883,candidate_1,candidate_2,candidate_3,3,0.0
884,candidate_1,candidate_2,candidate_3,3,0.0
885,candidate_1,candidate_2,candidate_3,3,0.0
886,candidate_1,candidate_2,candidate_3,3,0.0
887,candidate_1,candidate_2,candidate_3,3,0.0
888,candidate_1,candidate_2,candidate_3,3,0.0
889,candidate_1,candidate_2,candidate_3,3,0.0
890,candidate_1,candidate_2,candidate_3,3,0.0
891,candidate_1,candidate_2,candidate_3,3,0.0
892,candidate_1,candidate_2,candidate_3,3,0.0
893,candidate_1,candidate_2,candidate_3,3,0.0
894,candidate_1,candidate_2,candidate_3,3,0.0
895,candidate_1,candidate_2,candidate_3,3,0.0
896,candidate_1,candidate_2,candidate_3,3,0.0
897,candidate_1,candidate_2,candidate_3,3,0.0
898,candidate_1,candidate_2,candidate_3,3,0.0
899,candidate_1,candidate_2,candidate_3,3,0.0
900,candidate_1,candidate_2,candidate_3,3,0.0
901,candidate_1,candidate_2,candidate_3,3,0.0
902,candidate_1,candidate_2,candidate_3,3,0.0
903,candidate_1,candidate_2,candidate_3,3,0.0
904,candidate_1,candidate_2,candidate_3,3,0.0
905,candidate_1,candidate_2,candidate_3,3,0.0
906,candidate_1,candidate_2,candidate_3,3,0.0
907,candidate_1,candidate_2,candidate_3,3,0.0
908,candidate_1,candidate_2,candidate_3,3,0.0
909,candidate_1,candidate_2,candidate_3,3,0.0
910,candidate_1,candidate_2,candidate_3,3,0.0
911,candidate_1,candidate_2,candidate_3,3,0.0
912,candidate_1,candidate_2,candidate_3,3,0.0
913,candidate_1,candidate_2,candidate_3,3,0.0
914,candidate_1,candidate_2,candidate_3,3,0.0
915,candidate_1,candidate_2,candidate_3,3,0.0
916,candidate_1,candidate_2,candidate_3,3,0.0
917,candidate_1,candidate_2,candidate_3,3,0.0
918,candidate_1,candidate_2,candidate_3,3,0.0
919,candidate_1,candidate_2,candidate_3,3,0.0
920,candidate_1,candidate_2,candidate_3,3,0.0
921,candidate_1,candidate_2,candidate_3,3,0.0
922,candidate_1,candidate_2,candidate_3,3,0.0
923,candidate_1,candidate_2,candidate_3,3,0.0
924,candidate_1,candidate_2,candidate_3,3,0.0
925,candidate_1,candidate_2,candidate_3,3,0.0
926,candidate_1,candidate_2,candidate_3,3,0.0
927,candidate_1,candidate_2,candidate_3,3,0.0
928,candidate_1,candidate_2,candidate_3,3,0.0
929,candidate_1,candidate_2,candidate_3,3,0.0
930,candidate_1,candidate_2,candidate_3,3,0.0
931,candidate_1,candidate_2,candidate_3,3,0.0
932,candidate_1,candidate_2,candidate_3,3,0.0
933,candidate_1,candidate_2,candidate_3,3,0.0
934,candidate_1,candidate_2,candidate_3,3,0.0
935,candidate_1,candidate_2,candidate_3,3,0.0
936,candidate_1,candidate_2,candidate_3,3,0.0
937,candidate_1,candidate_2,candidate_3,3,0.0
938,candidate_1,candidate_2,candidate_3,3,0.0
939,candidate_1,candidate_2,candidate_3,3,0.0
940,candidate_1,candidate_2,candidate_3,3,0.0
941,candidate_1,candidate_2,candidate_3,3,0.0
942,candidate_1,candidate_2,candidate_3,3,0.0
943,candidate_1,candidate_2,candidate_3,3,0.0
944,candidate_1,candidate_2,candidate_3,3,0.0
945,candidate_1,candidate_2,candidate_3,3,0.0
946,candidate_1,candidate_2,candidate_3,3,0.0
947,candidate_1,candidate_2,candidate_3,3,0.0
948,candidate_1,candidate_2,candidate_3,3,0.0
949,candidate_1,candidate_2,candidate_3,3,0.0
950,candidate_1,candidate_2,candidate_3,3,0.0
951,candidate_1,candidate_2,candidate_3,3,0.0
952,candidate_1,candidate_2,candidate_3,3,0.0
953,candidate_1,candidate_2,candidate_3,3,0.0
954,candidate_1,candidate_2,candidate_3,3,0.0
955,candidate_1,candidate_2,candidate_3,3,0.0
956,candidate_1,candidate_2,candidate_3,3,0.0
957,candidate_1,candidate_2,candidate_3,3,0.0
958,candidate_1,candidate_2,candidate_3,3,0.0
959,candidate_1,candidate_2,candidate_3,3,0.0
960,candidate_1,candidate_2,candidate_3,3,0.0
961,candidate_1,candidate_2,candidate_3,3,0.0
962,candidate_1,candidate_2,candidate_3,3,0.0
963,candidate_1,candidate_2,candidate_3,3,0.0
964,candidate_1,candidate_2,candidate_3,3,0.0
965,candidate_1,candidate_2,candidate_3,3,0.0
966,candidate_1,candidate_2,candidate_3,3,0.0
967,candidate_1,candidate_2,candidate_3,3,0.0
968,candidate_1,candidate_2,candidate_3,3,0.0
969,candidate_1,candidate_2,candidate_3,3,0.0
970,candidate_1,candidate_2,candidate_3,3,0.0
971,candidate_1,candidate_2,candidate_3,3,0.0
972,candidate_1,candidate_2,candidate_3,3,0.0
973,candidate_1,candidate_2,candidate_3,3,0.0
974,candidate_1,candidate_2,candidate_3,3,0.0
975,candidate_1,candidate_2,candidate_3,3,0.0
976,candidate_1,candidate_2,candidate_3,3,0.0
977,candidate_1,candidate_2,candidate_3,3,0.0
978,candidate_1,candidate_2,candidate_3,3,0.0
979,candidate_1,candidate_2,candidate_3,3,0.0
980,candidate_1,candidate_2,candidate_3,3,0.0
981,candidate_1,candidate_2,candidate_3,3,0.0
982,candidate_1,candidate_2,candidate_3,3,0.0
983,candidate_1,candidate_2,candidate_3,3,0.0
984,candidate_1,candidate_2,candidate_3,3,0.0
985,candidate_1,candidate_2,candidate_3,3,0.0
986,candidate_1,candidate_2,candidate_3,3,0.0
987,candidate_1,candidate_2,candidate_3,3,0.0
988,candidate_1,candidate_2,candidate_3,3,0.0
989,candidate_1,candidate_2,candidate_3,3,0.0
990,candidate_1,candidate_2,candidate_3,3,0.0
991,candidate_1,candidate_2,candidate_3,3,0.0
992,candidate_1,candidate_2,candidate_3,3,0.0
993,candidate_1,candidate_2,candidate_3,3,0.0
994,candidate_1,candidate_2,candidate_3,3,0.0
995,candidate_1,candidate_2,candidate_3,3,0.0
996,candidate_1,candidate_2,candidate_3,3,0.0
997,candidate_1,candidate_2,candidate_3,3,0.0
998,candidate_1,candidate_2,candidate_3,3,0.0
999,candidate_1,candidate_2,candidate_3,3,0.0
1000,candidate_1,candidate_2,candidate_3,3,0.0
1001,candidate_1,candidate_2,candidate_3,3,0.0
1002,candidate_1,candidate_2,candidate_3,3,0.0
1003,candidate_1,candidate_2,candidate_3,3,0.0
1004,candidate_1,candidate_2,candidate_3,3,0.0
1005,candidate_1,candidate_2,candidate_3,3,0.0
1006,candidate_1,candidate_2,candidate_3,3,0.0
1007,candidate_1,candidate_2,candidate_3,3,0.0
1008,candidate_1,candidate_2,candidate_3,3,0.0
1009,candidate_1,candidate_2,candidate_3,3,0.0
1010,candidate_1,candidate_2,candidate_3,3,0.0
1011,candidate_1,candidate_2,candidate_3,3,0.0
1012,candidate_1,candidate_2,candidate_3,3,0.0
1013,candidate_1,candidate_2,candidate_3,3,0.0
1014,candidate_1,candidate_2,candidate_3,3,0.0
1015,candidate_1,candidate_2,candidate_3,3,0.0
1016,candidate_1,candidate_2,candidate_3,3,0.0
1017,candidate_1,candidate_2,candidate_3,3,0.0
1018,candidate_1,candidate_2,candidate_3,3,0.0
1019,candidate_1,candidate_2,candidate_3,3,0.0
1020,candidate_1,candidate_2,candidate_3,3,0.0
1021,candidate_1,candidate_2,candidate_3,3,0.0
1022,candidate_1,candidate_2,candidate_3,3,0.0
1023,candidate_1,candidate_2,candidate_3,3,0.0
1024,candidate_1,candidate_2,candidate_3,3,0.0
1025,candidate_1,candidate_2,candidate_3,3,0.0
1026,candidate_1,candidate_2,candidate_3,3,0.0
1027,candidate_1,candidate_2,candidate_3,3,0.0
1028,candidate_1,candidate_2,candidate_3,3,0.0
1029,candidate_1,candidate_2,candidate_3,3,0.0
1030,candidate_1,candidate_2,candidate_3,3,0.0
1031,candidate_1,candidate_2,candidate_3,3,0.0
1032,candidate_1,candidate_2,candidate_3,3,0.0
1033,candidate_1,candidate_2,candidate_3,3,0.0
1034,candidate_1,candidate_2,candidate_3,3,0.0
1035,candidate_1,candidate_2,candidate_3,3,0.0
1036,candidate_1,candidate_2,candidate_3,3,0.0
1037,candidate_1,candidate_2,candidate_3,3,0.0
1038,candidate_1,candidate_2,candidate_3,3,0.0
1039,candidate_1,candidate_2,candidate_3,3,0.0
1040,candidate_1,candidate_2,candidate_3,3,0.0
1041,candidate_1,candidate_2,candidate_3,3,0.0
1042,candidate_1,candidate_2,candidate_3,3,0.0
1043,candidate_1,candidate_2,candidate_3,3,0.0
1044,candidate_1,candidate_2,candidate_3,3,0.0
1045,candidate_1,candidate_2,candidate_3,3,0.0
1046,candidate_1,candidate_2,candidate_3,3,0.0
1047,candidate_1,candidate_2,candidate_3,3,0.0
1048,candidate_1,candidate_2,candidate_3,3,0.0
1049,candidate_1,candidate_2,candidate_3,3,0.0
1050,candidate_1,candidate_2,candidate_3,3,0.0
1051,candidate_1,candidate_2,candidate_3,3,0.0
1052,candidate_1,candidate_2,candidate_3,3,0.0
1053,candidate_1,candidate_2,candidate_3,3,0.0
1054,candidate_1,candidate_2,candidate_3,3,0.0
1055,candidate_1,candidate_2,candidate_3,3,0.0
1056,candidate_1,candidate_2,candidate_3,3,0.0
1057,candidate_1,candidate_2,candidate_3,3,0.0
1058,candidate_1,candidate_2,candidate_3,3,0.0
1059,candidate_1,candidate_2,candidate_3,3,0.0
1060,candidate_1,candidate_2,candidate_3,3,0.0
1061,candidate_1,candidate_2,candidate_3,3,0.0
1062,candidate_1,candidate_2,candidate_3,3,0.0
1063,candidate_1,candidate_2,candidate_3,3,0.0
1064,candidate_1,candidate_2,candidate_3,3,0.0
1065,candidate_1,candidate_2,candidate_3,3,0.0
1066,candidate_1,candidate_2,candidate_3,3,0.0
1067,candidate_1,candidate_2,candidate_3,3,0.0
1068,candidate_1,candidate_2,candidate_3,3,0.0
1069,candidate_1,candidate_2,candidate_3,3,0.0
1070,candidate_1,candidate_2,candidate_3,3,0.0
1071,candidate_1,candidate_2,candidate_3,3,0.0
1072,candidate_1,candidate_2,candidate_3,3,0.0
1073,candidate_1,candidate_2,candidate_3,3,0.0
1074,candidate_1,candidate_2,candidate_3,3,0.0
1075,candidate_1,candidate_2,candidate_3,3,0.0
1076,candidate_1,candidate_2,candidate_3,3,0.0
1077,candidate_1,candidate_2,candidate_3,3,0.0
1078,candidate_1,candidate_2,candidate_3,3,0.0
1079,candidate_1,candidate_2,candidate_3,3,0.0
1080,candidate_1,candidate_2,candidate_3,3,0.0
1081,candidate_1,candidate_2,candidate_3,3,0.0
1082,candidate_1,candidate_2,candidate_3,3,0.0
1083,candidate_1,candidate_2,candidate_3,3,0.0
1084,candidate_1,candidate_2,candidate_3,3,0.0
1085,candidate_1,candidate_2,candidate_3,3,0.0
1086,candidate_1,candidate_2,candidate_3,3,0.0
1087,candidate_1,candidate_2,candidate_3,3,0.0
1088,candidate_1,candidate_2,candidate_3,3,0.0
1089,candidate_1,candidate_2,candidate_3,3,0.0
1090,candidate_1,candidate_2,candidate_3,3,0.0
1091,candidate_1,candidate_2,candidate_3,3,0.0
1092,candidate_1,candidate_2,candidate_3,3,0.0
1093,candidate_1,candidate_2,candidate_3,3,0.0
1094,candidate_1,candidate_2,candidate_3,3,0.0
1095,candidate_1,candidate_2,candidate_3,3,0.0
1096,candidate_1,candidate_2,candidate_3,3,0.0
1097,candidate_1,candidate_2,candidate_3,3,0.0
1098,candidate_1,candidate_2,candidate_3,3,0.0
1099,candidate_1,candidate_2,candidate_3,3,0.0
1100,candidate_1,candidate_2,candidate_3,3,0.0
1101,candidate_1,candidate_2,candidate_3,3,0.0
1102,candidate_1,candidate_2,candidate_3,3,0.0
1103,candidate_1,candidate_2,candidate_3,3,0.0
1104,candidate_1,candidate_2,candidate_3,3,0.0
1105,candidate_1,candidate_2,candidate_3,3,0.0
1106,candidate_1,candidate_2,candidate_3,3,0.0
1107,candidate_1,candidate_2,candidate_3,3,0.0
1108,candidate_1,candidate_2,candidate_3,3,0.0
1109,candidate_1,candidate_2,candidate_3,3,0.0
1110,candidate_1,candidate_2,candidate_3,3,0.0
1111,candidate_1,candidate_2,candidate_3,3,0.0
1112,candidate_1,candidate_2,candidate_3,3,0.0
1113,candidate_1,candidate_2,candidate_3,3,0.0
1114,candidate_1,candidate_2,candidate_3,3,0.0
1115,candidate_1,candidate_2,candidate_3,3,0.0
1116,candidate_1,candidate_2,candidate_3,3,0.0
1117,candidate_1,candidate_2,candidate_3,3,0.0
1118,candidate_1,candidate_2,candidate_3,3,0.0
1119,candidate_1,candidate_2,candidate_3,3,0.0
1120,candidate_1,candidate_2,candidate_3,3,0.0
1121,candidate_1,candidate_2,candidate_3,3,0.0
1122,candidate_1,candidate_2,candidate_3,3,0.0
1123,candidate_1,candidate_2,candidate_3,3,0.0
1124,candidate_1,candidate_2,candidate_3,3,0.0
1125,candidate_1,candidate_2,candidate_3,3,0.0
1126,candidate_1,candidate_2,candidate_3,3,0.0
1127,candidate_1,candidate_2,candidate_3,3,0.0
1128,candidate_1,candidate_2,candidate_3,3,0.0
1129,candidate_1,candidate_2,candidate_3,3,0.0
1130,candidate_1,candidate_2,candidate_3,3,0.0
1131,candidate_1,candidate_2,candidate_3,3,0.0
1132,candidate_1,candidate_2,candidate_3,3,0.0
1133,candidate_1,candidate_2,candidate_3,3,0.0
1134,candidate_1,candidate_2,candidate_3,3,0.0
1135,candidate_1,candidate_2,candidate_3,3,0.0
1136,candidate_1,candidate_2,candidate_3,3,0.0
1137,candidate_1,candidate_2,candidate_3,3,0.0
1138,candidate_1,candidate_2,candidate_3,3,0.0
1139,candidate_1,candidate_2,candidate_3,3,0.0
1140,candidate_1,candidate_2,candidate_3,3,0.0
1141,candidate_1,candidate_2,candidate_3,3,0.0
1142,candidate_1,candidate_2,candidate_3,3,0.0
1143,candidate_1,candidate_2,candidate_3,3,0.0
1144,candidate_1,candidate_2,candidate_3,3,0.0
1145,candidate_1,candidate_2,candidate_3,3,0.0
1146,candidate_1,candidate_2,candidate_3,3,0.0
1147,candidate_1,candidate_2,candidate_3,3,0.0
1148,candidate_1,candidate_2,candidate_3,3,0.0
1149,candidate_1,candidate_2,candidate_3,3,0.0
1150,candidate_1,candidate_2,candidate_3,3,0.0
1151,candidate_1,candidate_2,candidate_3,3,0.0
1152,candidate_1,candidate_2,candidate_3,3,0.0
1153,candidate_1,candidate_2,candidate_3,3,0.0
1154,candidate_1,candidate_2,candidate_3,3,0.0
1155,candidate_1,candidate_2,candidate_3,3,0.0
1156,candidate_1,candidate_2,candidate_3,3,0.0
1157,candidate_1,candidate_2,candidate_3,3,0.0
1158,candidate_1,candidate_2,candidate_3,3,0.0
1159,candidate_1,candidate_2,candidate_3,3,0.0
1160,candidate_1,candidate_2,candidate_3,3,0.0
1161,candidate_1,candidate_2,candidate_3,3,0.0
1162,candidate_1,candidate_2,candidate_3,3,0.0
1163,candidate_1,candidate_2,candidate_3,3,0.0
1164,candidate_1,candidate_2,candidate_3,3,0.0
1165,candidate_1,candidate_2,candidate_3,3,0.0
1166,candidate_1,candidate_2,candidate_3,3,0.0
1167,candidate_1,candidate_2,candidate_3,3,0.0
1168,candidate_1,candidate_2,candidate_3,3,0.0
1169,candidate_1,candidate_2,candidate_3,3,0.0
1170,candidate_1,candidate_2,candidate_3,3,0.0
1171,candidate_1,candidate_2,candidate_3,3,0.0
1172,candidate_1,candidate_2,candidate_3,3,0.0
1173,candidate_1,candidate_2,candidate_3,3,0.0
1174,candidate_1,candidate_2,candidate_3,3,0.0
1175,candidate_1,candidate_2,candidate_3,3,0.0
1176,candidate_1,candidate_2,candidate_3,3,0.0
1177,candidate_1,candidate_2,candidate_3,3,0.0
1178,candidate_1,candidate_2,candidate_3,3,0.0
1179,candidate_1,candidate_2,candidate_3,3,0.0
1180,candidate_1,candidate_2,candidate_3,3,0.0
1181,candidate_1,candidate_2,candidate_3,3,0.0
1182,candidate_1,candidate_2,candidate_3,3,0.0
1183,candidate_1,candidate_2,candidate_3,3,0.0
1184,candidate_1,candidate_2,candidate_3,3,0.0
1185,candidate_1,candidate_2,candidate_3,3,0.0
1186,candidate_1,candidate_2,candidate_3,3,0.0
1187,candidate_1,candidate_2,candidate_3,3,0.0
1188,candidate_1,candidate_2,candidate_3,3,0.0
1189,candidate_1,candidate_2,candidate_3,3,0.0
1190,candidate_1,candidate_2,candidate_3,3,0.0
1191,candidate_1,candidate_2,candidate_3,3,0.0
1192,candidate_1,candidate_2,candidate_3,3,0.0
1193,candidate_1,candidate_2,candidate_3,3,0.0
1194,candidate_1,candidate_2,candidate_3,3,0.0
1195,candidate_1,candidate_2,candidate_3,3,0.0
1196,candidate_1,candidate_2,candidate_3,3,0.0
1197,candidate_1,candidate_2,candidate_3,3,0.0
1198,candidate_1,candidate_2,candidate_3,3,0.0
1199,candidate_1,candidate_2,candidate_3,3,0.0
1200,candidate_1,candidate_2,candidate_3,3,0.0
1201,candidate_1,candidate_2,candidate_3,3,0.0
1202,candidate_1,candidate_2,candidate_3,3,0.0
1203,candidate_1,candidate_2,candidate_3,3,0.0
1204,candidate_1,candidate_2,candidate_3,3,0.0
1205,candidate_1,candidate_2,candidate_3,3,0.0
1206,candidate_1,candidate_2,candidate_3,3,0.0
1207,candidate_1,candidate_2,candidate_3,3,0.0
1208,candidate_1,candidate_2,candidate_3,3,0.0
1209,candidate_1,candidate_2,candidate_3,3,0.0
1210,candidate_1,candidate_2,candidate_3,3,0.0
1211,candidate_1,candidate_2,candidate_3,3,0.0
1212,candidate_1,candidate_2,candidate_3,3,0.0
1213,candidate_1,candidate_2,candidate_3,3,0.0
1214,candidate_1,candidate_2,candidate_3,3,0.0
1215,candidate_1,candidate_2,candidate_3,3,0.0
1216,candidate_1,candidate_2,candidate_3,3,0.0
1217,candidate_1,candidate_2,candidate_3,3,0.0
1218,candidate_1,candidate_2,candidate_3,3,0.0
1219,candidate_1,candidate_2,candidate_3,3,0.0
1220,candidate_1,candidate_2,candidate_3,3,0.0
1221,candidate_1,candidate_2,candidate_3,3,0.0
1222,candidate_1,candidate_2,candidate_3,3,0.0
1223,candidate_1,candidate_2,candidate_3,3,0.0
1224,candidate_1,candidate_2,candidate_3,3,0.0
1225,candidate_1,candidate_2,candidate_3,3,0.0
1226,candidate_1,candidate_2,candidate_3,3,0.0
1227,candidate_1,candidate_2,candidate_3,3,0.0
1228,candidate_1,candidate_2,candidate_3,3,0.0
1229,candidate_1,candidate_2,candidate_3,3,0.0
1230,candidate_1,candidate_2,candidate_3,3,0.0
1231,candidate_1,candidate_2,candidate_3,3,0.0
1232,candidate_1,candidate_2,candidate_3,3,0.0
1233,candidate_1,candidate_2,candidate_3,3,0.0
1234,candidate_1,candidate_2,candidate_3,3,0.0
1235,candidate_1,candidate_2,candidate_3,3,0.0
1236,candidate_1,candidate_2,candidate_3,3,0.0
1237,candidate_1,candidate_2,candidate_3,3,0.0
1238,candidate_1,candidate_2,candidate_3,3,0.0
1239,candidate_1,candidate_2,candidate_3,3,0.0
1240,candidate_1,candidate_2,candidate_3,3,0.0
1241,candidate_1,candidate_2,candidate_3,3,0.0
1242,candidate_1,candidate_2,candidate_3,3,0.0
1243,candidate_1,candidate_2,candidate_3,3,0.0
1244,candidate_1,candidate_2,candidate_3,3,0.0
1245,candidate_1,candidate_2,candidate_3,3,0.0
1246,candidate_1,candidate_2,candidate_3,3,0.0
1247,candidate_1,candidate_2,candidate_3,3,0.0
1248,candidate_1,candidate_2,candidate_3,3,0.0
1249,candidate_1,candidate_2,candidate_3,3,0.0
1250,candidate_1,candidate_2,candidate_3,3,0.0
1251,candidate_1,candidate_2,candidate_3,3,0.0
1252,candidate_1,candidate_2,candidate_3,3,0.0
1253,candidate_1,candidate_2,candidate_3,3,0.0
1254,candidate_1,candidate_2,candidate_3,3,0.0
1255,candidate_1,candidate_2,candidate_3,3,0.0
1256,candidate_1,candidate_2,candidate_3,3,0.0
1257,candidate_1,candidate_2,candidate_3,3,0.0
1258,candidate_1,candidate_2,candidate_3,3,0.0
1259,candidate_1,candidate_2,candidate_3,3,0.0
1260,candidate_1,candidate_2,candidate_3,3,0.0
1261,candidate_1,candidate_2,candidate_3,3,0.0
1262,candidate_1,candidate_2,candidate_3,3,0.0
1263,candidate_1,candidate_2,candidate_3,3,0.0
1264,candidate_1,candidate_2,candidate_3,3,0.0
1265,candidate_1,candidate_2,candidate_3,3,0.0
1266,candidate_1,candidate_2,candidate_3,3,0.0
1267,candidate_1,candidate_2,candidate_3,3,0.0
1268,candidate_1,candidate_2,candidate_3,3,0.0
1269,candidate_1,candidate_2,candidate_3,3,0.0
1270,candidate_1,candidate_2,candidate_3,3,0.0
1271,candidate_1,candidate_2,candidate_3,3,0.0
1272,candidate_1,candidate_2,candidate_3,3,0.0
1273,candidate_1,candidate_2,candidate_3,3,0.0
1274,candidate_1,candidate_2,candidate_3,3,0.0
1275,candidate_1,candidate_2,candidate_3,3,0.0
1276,candidate_1,candidate_2,candidate_3,3,0.0
1277,candidate_1,candidate_2,candidate_3,3,0.0
1278,candidate_1,candidate_2,candidate_3,3,0.0
1279,candidate_1,candidate_2,candidate_3,3,0.0
1280,candidate_1,candidate_2,candidate_3,3,0.0
1281,candidate_1,candidate_2,candidate_3,3,0.0
1282,candidate_1,candidate_2,candidate_3,3,0.0
1283,candidate_1,candidate_2,candidate_3,3,0.0
1284,candidate_1,candidate_2,candidate_3,3,0.0
1285,candidate_1,candidate_2,candidate_3,3,0.0
1286,candidate_1,candidate_2,candidate_3,3,0.0
1287,candidate_1,candidate_2,candidate_3,3,0.0
1288,candidate_1,candidate_2,candidate_3,3,0.0
1289,candidate_1,candidate_2,candidate_3,3,0.0
1290,candidate_1,candidate_2,candidate_3,3,0.0
1291,candidate_1,candidate_2,candidate_3,3,0.0
1292,candidate_1,candidate_2,candidate_3,3,0.0
1293,candidate_1,candidate_2,candidate_3,3,0.0
1294,candidate_1,candidate_2,candidate_3,3,0.0
1295,candidate_1,candidate_2,candidate_3,3,0.0
1296,candidate_1,candidate_2,candidate_3,3,0.0
1297,candidate_1,candidate_2,candidate_3,3,0.0
1298,candidate_1,candidate_2,candidate_3,3,0.0
1299,candidate_1,candidate_2,candidate_3,3,0.0
1300,candidate_1,candidate_2,candidate_3,3,0.0
1301,candidate_1,candidate_2,candidate_3,3,0.0
1302,candidate_1,candidate_2,candidate_3,3,0.0
1303,candidate_1,candidate_2,candidate_3,3,0.0
1304,candidate_1,candidate_2,candidate_3,3,0.0
1305,candidate_1,candidate_2,candidate_3,3,0.0
1306,candidate_1,candidate_2,candidate_3,3,0.0
1307,candidate_1,candidate_2,candidate_3,3,0.0
1308,candidate_1,candidate_2,candidate_3,3,0.0
1309,candidate_1,candidate_2,candidate_3,3,0.0
1310,candidate_1,candidate_2,candidate_3,3,0.0
1311,candidate_1,candidate_2,candidate_3,3,0.0
1312,candidate_1,candidate_2,candidate_3,3,0.0
1313,candidate_1,candidate_2,candidate_3,3,0.0
1314,candidate_1,candidate_2,candidate_3,3,0.0
1315,candidate_1,candidate_2,candidate_3,3,0.0
1316,candidate_1,candidate_2,candidate_3,3,0.0
1317,candidate_1,candidate_2,candidate_3,3,0.0
1318,candidate_1,candidate_2,candidate_3,3,0.0
1319,candidate_1,candidate_2,candidate_3,3,0.0
1320,candidate_1,candidate_2,candidate_3,3,0.0
1321,candidate_1,candidate_2,candidate_3,3,0.0
1322,candidate_1,candidate_2,candidate_3,3,0.0
1323,candidate_1,candidate_2,candidate_3,3,0.0
1324,candidate_1,candidate_2,candidate_3,3,0.0
1325,candidate_1,candidate_2,candidate_3,3,0.0
1326,candidate_1,candidate_2,candidate_3,3,0.0
1327,candidate_1,candidate_2,candidate_3,3,0.0
1328,candidate_1,candidate_2,candidate_3,3,0.0
1329,candidate_1,candidate_2,candidate_3,3,0.0
1330,candidate_1,candidate_2,candidate_3,3,0.0
1331,candidate_1,candidate_2,candidate_3,3,0.0
1332,candidate_1,candidate_2,candidate_3,3,0.0
1333,candidate_1,candidate_2,candidate_3,3,0.0
1334,candidate_1,candidate_2,candidate_3,3,0.0
1335,candidate_1,candidate_2,candidate_3,3,0.0
1336,candidate_1,candidate_2,candidate_3,3,0.0
1337,candidate_1,candidate_2,candidate_3,3,0.0
1338,candidate_1,candidate_2,candidate_3,3,0.0
1339,candidate_1,candidate_2,candidate_3,3,0.0
1340,candidate_1,candidate_2,candidate_3,3,0.0
1341,candidate_1,candidate_2,candidate_3,3,0.0
1342,candidate_1,candidate_2,candidate_3,3,0.0
1343,candidate_1,candidate_2,candidate_3,3,0.0
1344,candidate_1,candidate_2,candidate_3,3,0.0
1345,candidate_1,candidate_2,candidate_3,3,0.0
1346,candidate_1,candidate_2,candidate_3,3,0.0
1347,candidate_1,candidate_2,candidate_3,3,0.0
1348,candidate_1,candidate_2,candidate_3,3,0.0
1349,candidate_1,candidate_2,candidate_3,3,0.0
1350,candidate_1,candidate_2,candidate_3,3,0.0
1351,candidate_1,candidate_2,candidate_3,3,0.0
1352,candidate_1,candidate_2,candidate_3,3,0.0
1353,candidate_1,candidate_2,candidate_3,3,0.0
1354,candidate_1,candidate_2,candidate_3,3,0.0
1355,candidate_1,candidate_2,candidate_3,3,0.0
1356,candidate_1,candidate_2,candidate_3,3,0.0
1357,candidate_1,candidate_2,candidate_3,3,0.0
1358,candidate_1,candidate_2,candidate_3,3,0.0
1359,candidate_1,candidate_2,candidate_3,3,0.0
1360,candidate_1,candidate_2,candidate_3,3,0.0
1361,candidate_1,candidate_2,candidate_3,3,0.0
1362,candidate_1,candidate_2,candidate_3,3,0.0
1363,candidate_1,candidate_2,candidate_3,3,0.0
1364,candidate_1,candidate_2,candidate_3,3,0.0
1365,candidate_1,candidate_2,candidate_3,3,0.0
1366,candidate_1,candidate_2,candidate_3,3,0.0
1367,candidate_1,candidate_2,candidate_3,3,0.0
1368,candidate_1,candidate_2,candidate_3,3,0.0
1369,candidate_1,candidate_2,candidate_3,3,0.0
1370,candidate_1,candidate_2,candidate_3,3,0.0
1371,candidate_1,candidate_2,candidate_3,3,0.0
1372,candidate_1,candidate_2,candidate_3,3,0.0
1373,candidate_1,candidate_2,candidate_3,3,0.0
1374,candidate_1,candidate_2,candidate_3,3,0.0
1375,candidate_1,candidate_2,candidate_3,3,0.0
1376,candidate_1,candidate_2,candidate_3,3,0.0
1377,candidate_1,candidate_2,candidate_3,3,0.0
1378,candidate_1,candidate_2,candidate_3,3,0.0
1379,candidate_1,candidate_2,candidate_3,3,0.0
1380,candidate_1,candidate_2,candidate_3,3,0.0
1381,candidate_1,candidate_2,candidate_3,3,0.0
1382,candidate_1,candidate_2,candidate_3,3,0.0
1383,candidate_1,candidate_2,candidate_3,3,0.0
1384,candidate_1,candidate_2,candidate_3,3,0.0
1385,candidate_1,candidate_2,candidate_3,3,0.0
1386,candidate_1,candidate_2,candidate_3,3,0.0
1387,candidate_1,candidate_2,candidate_3,3,0.0
1388,candidate_1,candidate_2,candidate_3,3,0.0
1389,candidate_1,candidate_2,candidate_3,3,0.0
1390,candidate_1,candidate_2,candidate_3,3,0.0
1391,candidate_1,candidate_2,candidate_3,3,0.0
1392,candidate_1,candidate_2,candidate_3,3,0.0
1393,candidate_1,candidate_2,candidate_3,3,0.0
1394,candidate_1,candidate_2,candidate_3,3,0.0
1395,candidate_1,candidate_2,candidate_3,3,0.0
1396,candidate_1,candidate_2,candidate_3,3,0.0
1397,candidate_1,candidate_2,candidate_3,3,0.0
1398,candidate_1,candidate_2,candidate_3,3,0.0
1399,candidate_1,candidate_2,candidate_3,3,0.0
1400,candidate_1,candidate_2,candidate_3,3,0.0
1401,candidate_1,candidate_2,candidate_3,3,0.0
1402,candidate_1,candidate_2,candidate_3,3,0.0
1403,candidate_1,candidate_2,candidate_3,3,0.0
1404,candidate_1,candidate_2,candidate_3,3,0.0
1405,candidate_1,candidate_2,candidate_3,3,0.0
1406,candidate_1,candidate_2,candidate_3,3,0.0
1407,candidate_1,candidate_2,candidate_3,3,0.0
1408,candidate_1,candidate_2,candidate_3,3,0.0
1409,candidate_1,candidate_2,candidate_3,3,0.0
1410,candidate_1,candidate_2,candidate_3,3,0.0
1411,candidate_1,candidate_2,candidate_3,3,0.0
1412,candidate_1,candidate_2,candidate_3,3,0.0
1413,candidate_1,candidate_2,candidate_3,3,0.0
1414,candidate_1,candidate_2,candidate_3,3,0.0
1415,candidate_1,candidate_2,candidate_3,3,0.0
1416,candidate_1,candidate_2,candidate_3,3,0.0
1417,candidate_1,candidate_2,candidate_3,3,0.0
1418,candidate_1,candidate_2,candidate_3,3,0.0
1419,candidate_1,candidate_2,candidate_3,3,0.0
1420,candidate_1,candidate_2,candidate_3,3,0.0
1421,candidate_1,candidate_2,candidate_3,3,0.0
1422,candidate_1,candidate_2,candidate_3,3,0.0
1423,candidate_1,candidate_2,candidate_3,3,0.0
1424,candidate_1,candidate_2,candidate_3,3,0.0
1425,candidate_1,candidate_2,candidate_3,3,0.0
1426,candidate_1,candidate_2,candidate_3,3,0.0
1427,candidate_1,candidate_2,candidate_3,3,0.0
1428,candidate_1,candidate_2,candidate_3,3,0.0
1429,candidate_1,candidate_2,candidate_3,3,0.0
1430,candidate_1,candidate_2,candidate_3,3,0.0
1431,candidate_1,candidate_2,candidate_3,3,0.0
1432,candidate_1,candidate_2,candidate_3,3,0.0
1433,candidate_1,candidate_2,candidate_3,3,0.0
1434,candidate_1,candidate_2,candidate_3,3,0.0
1435,candidate_1,candidate_2,candidate_3,3,0.0
1436,candidate_1,candidate_2,candidate_3,3,0.0
1437,candidate_1,candidate_2,candidate_3,3,0.0
1438,candidate_1,candidate_2,candidate_3,3,0.0
1439,candidate_1,candidate_2,candidate_3,3,0.0
1440,candidate_1,candidate_2,candidate_3,3,0.0
1441,candidate_1,candidate_2,candidate_3,3,0.0
1442,candidate_1,candidate_2,candidate_3,3,0.0
1443,candidate_1,candidate_2,candidate_3,3,0.0
1444,candidate_1,candidate_2,candidate_3,3,0.0
1445,candidate_1,candidate_2,candidate_3,3,0.0
1446,candidate_1,candidate_2,candidate_3,3,0.0
1447,candidate_1,candidate_2,candidate_3,3,0.0
1448,candidate_1,candidate_2,candidate_3,3,0.0
1449,candidate_1,candidate_2,candidate_3,3,0.0
1450,candidate_1,candidate_2,candidate_3,3,0.0
1451,candidate_1,candidate_2,candidate_3,3,0.0
1452,candidate_1,candidate_2,candidate_3,3,0.0
1453,candidate_1,candidate_2,candidate_3,3,0.0
1454,candidate_1,candidate_2,candidate_3,3,0.0
1455,candidate_1,candidate_2,candidate_3,3,0.0
1456,candidate_1,candidate_2,candidate_3,3,0.0
1457,candidate_1,candidate_2,candidate_3,3,0.0
1458,candidate_1,candidate_2,candidate_3,3,0.0
1459,candidate_1,candidate_2,candidate_3,3,0.0
1460,candidate_1,candidate_2,candidate_3,3,0.0
1461,candidate_1,candidate_2,candidate_3,3,0.0
1462,candidate_1,candidate_2,candidate_3,3,0.0
1463,candidate_1,candidate_2,candidate_3,3,0.0
1464,candidate_1,candidate_2,candidate_3,3,0.0
1465,candidate_1,candidate_2,candidate_3,3,0.0
1466,candidate_1,candidate_2,candidate_3,3,0.0
1467,candidate_1,candidate_2,candidate_3,3,0.0
1468,candidate_1,candidate_2,candidate_3,3,0.0
1469,candidate_1,candidate_2,candidate_3,3,0.0
1470,candidate_1,candidate_2,candidate_3,3,0.0
1471,candidate_1,candidate_2,candidate_3,3,0.0
1472,candidate_1,candidate_2,candidate_3,3,0.0
1473,candidate_1,candidate_2,candidate_3,3,0.0
1474,candidate_1,candidate_2,candidate_3,3,0.0
1475,candidate_1,candidate_2,candidate_3,3,0.0
1476,candidate_1,candidate_2,candidate_3,3,0.0
1477,candidate_1,candidate_2,candidate_3,3,0.0
1478,candidate_1,candidate_2,candidate_3,3,0.0
1479,candidate_1,candidate_2,candidate_3,3,0.0
1480,candidate_1,candidate_2,candidate_3,3,0.0
1481,candidate_1,candidate_2,candidate_3,3,0.0
1482,candidate_1,candidate_2,candidate_3,3,0.0
1483,candidate_1,candidate_2,candidate_3,3,0.0
1484,candidate_1,candidate_2,candidate_3,3,0.0
1485,candidate_1,candidate_2,candidate_3,3,0.0
1486,candidate_1,candidate_2,candidate_3,3,0.0
1487,candidate_1,candidate_2,candidate_3,3,0.0
1488,candidate_1,candidate_2,candidate_3,3,0.0
1489,candidate_1,candidate_2,candidate_3,3,0.0
1490,candidate_1,candidate_2,candidate_3,3,0.0
1491,candidate_1,candidate_2,candidate_3,3,0.0
1492,candidate_1,candidate_2,candidate_3,3,0.0
1493,candidate_1,candidate_2,candidate_3,3,0.0
1494,candidate_1,candidate_2,candidate_3,3,0.0
1495,candidate_1,candidate_2,candidate_3,3,0.0
1496,candidate_1,candidate_2,candidate_3,3,0.0
1497,candidate_1,candidate_2,candidate_3,3,0.0
1498,candidate_1,candidate_2,candidate_3,3,0.0
1499,candidate_1,candidate_2,candidate_3,3,0.0
1500,candidate_1,candidate_2,candidate_3,3,0.0
1501,candidate_1,candidate_2,candidate_3,3,0.0
1502,candidate_1,candidate_2,candidate_3,3,0.0
1503,candidate_1,candidate_2,candidate_3,3,0.0
1504,candidate_1,candidate_2,candidate_3,3,0.0
1505,candidate_1,candidate_2,candidate_3,3,0.0
1506,candidate_1,candidate_2,candidate_3,3,0.0
1507,candidate_1,candidate_2,candidate_3,3,0.0
1508,candidate_1,candidate_2,candidate_3,3,0.0
1509,candidate_1,candidate_2,candidate_3,3,0.0
1510,candidate_1,candidate_2,candidate_3,3,0.0
1511,candidate_1,candidate_2,candidate_3,3,0.0
1512,candidate_1,candidate_2,candidate_3,3,0.0
1513,candidate_1,candidate_2,candidate_3,3,0.0
1514,candidate_1,candidate_2,candidate_3,3,0.0
1515,candidate_1,candidate_2,candidate_3,3,0.0
1516,candidate_1,candidate_2,candidate_3,3,0.0
1517,candidate_1,candidate_2,candidate_3,3,0.0
1518,candidate_1,candidate_2,candidate_3,3,0.0
1519,candidate_1,candidate_2,candidate_3,3,0.0
1520,candidate_1,candidate_2,candidate_3,3,0.0
1521,candidate_1,candidate_2,candidate_3,3,0.0
1522,candidate_1,candidate_2,candidate_3,3,0.0
1523,candidate_1,candidate_2,candidate_3,3,0.0
1524,candidate_1,candidate_2,candidate_3,3,0.0
1525,candidate_1,candidate_2,candidate_3,3,0.0
1526,candidate_1,candidate_2,candidate_3,3,0.0
1527,candidate_1,candidate_2,candidate_3,3,0.0
1528,candidate_1,candidate_2,candidate_3,3,0.0
1529,candidate_1,candidate_2,candidate_3,3,0.0
1530,candidate_1,candidate_2,candidate_3,3,0.0
1531,candidate_1,candidate_2,candidate_3,3,0.0
1532,candidate_1,candidate_2,candidate_3,3,0.0
1533,candidate_1,candidate_2,candidate_3,3,0.0
1534,candidate_1,candidate_2,candidate_3,3,0.0
1535,candidate_1,candidate_2,candidate_3,3,0.0
1536,candidate_1,candidate_2,candidate_3,3,0.0
1537,candidate_1,candidate_2,candidate_3,3,0.0
1538,candidate_1,candidate_2,candidate_3,3,0.0
1539,candidate_1,candidate_2,candidate_3,3,0.0
1540,candidate_1,candidate_2,candidate_3,3,0.0
1541,candidate_1,candidate_2,candidate_3,3,0.0
1542,candidate_1,candidate_2,candidate_3,3,0.0
1543,candidate_1,candidate_2,candidate_3,3,0.0
1544,candidate_1,candidate_2,candidate_3,3,0.0
1545,candidate_1,candidate_2,candidate_3,3,0.0
1546,candidate_1,candidate_2,candidate_3,3,0.0
1547,candidate_1,candidate_2,candidate_3,3,0.0
1548,candidate_1,candidate_2,candidate_3,3,0.0
1549,candidate_1,candidate_2,candidate_3,3,0.0
1550,candidate_1,candidate_2,candidate_3,3,0.0
1551,candidate_1,candidate_2,candidate_3,3,0.0
1552,candidate_1,candidate_2,candidate_3,3,0.0
1553,candidate_1,candidate_2,candidate_3,3,0.0
1554,candidate_1,candidate_2,candidate_3,3,0.0
1555,candidate_1,candidate_2,candidate_3,3,0.0
1556,candidate_1,candidate_2,candidate_3,3,0.0
1557,candidate_1,candidate_2,candidate_3,3,0.0
1558,candidate_1,candidate_2,candidate_3,3,0.0
1559,candidate_1,candidate_2,candidate_3,3,0.0
1560,candidate_1,candidate_2,candidate_3,3,0.0
1561,candidate_1,candidate_2,candidate_3,3,0.0
1562,candidate_1,candidate_2,candidate_3,3,0.0
1563,candidate_1,candidate_2,candidate_3,3,0.0
1564,candidate_1,candidate_2,candidate_3,3,0.0
1565,candidate_1,candidate_2,candidate_3,3,0.0
1566,candidate_1,candidate_2,candidate_3,3,0.0
1567,candidate_1,candidate_2,candidate_3,3,0.0
1568,candidate_1,candidate_2,candidate_3,3,0.0
1569,candidate_1,candidate_2,candidate_3,3,0.0
1570,candidate_1,candidate_2,candidate_3,3,0.0
1571,candidate_1,candidate_2,candidate_3,3,0.0
1572,candidate_1,candidate_2,candidate_3,3,0.0
1573,candidate_1,candidate_2,candidate_3,3,0.0
0,candidate_1,candidate_3,candidate_2,3,0.0
1,candidate_1,candidate_3,candidate_2,3,0.0
2,candidate_1,candidate_3,candidate_2,3,0.0
3,candidate_1,candidate_3,candidate_2,3,0.0
4,candidate_1,candidate_3,candidate_2,3,0.0
5,candidate_1,candidate_3,candidate_2,3,0.0
6,candidate_1,candidate_3,candidate_2,3,0.0
7,candidate_1,candidate_3,candidate_2,3,0.0
8,candidate_1,candidate_3,candidate_2,3,0.0
9,candidate_1,candidate_3,candidate_2,3,0.0
10,candidate_1,candidate_3,candidate_2,3,0.0
11,candidate_1,candidate_3,candidate_2,3,0.0
12,candidate_1,candidate_3,candidate_2,3,0.0
13,candidate_1,candidate_3,candidate_2,3,0.0
14,candidate_1,candidate_3,candidate_2,3,0.0
15,candidate_1,candidate_3,candidate_2,3,0.0
16,candidate_1,candidate_3,candidate_2,3,0.0
17,candidate_1,candidate_3,candidate_2,3,0.0
18,candidate_1,candidate_3,candidate_2,3,0.0
19,candidate_1,candidate_3,candidate_2,3,0.0
20,candidate_1,candidate_3,candidate_2,3,0.0
21,candidate_1,candidate_3,candidate_2,3,0.0
22,candidate_1,candidate_3,candidate_2,3,0.0
23,candidate_1,candidate_3,candidate_2,3,0.0
24,candidate_1,candidate_3,candidate_2,3,0.0
25,candidate_1,candidate_3,candidate_2,3,0.0
26,candidate_1,candidate_3,candidate_2,3,0.0
27,candidate_1,candidate_3,candidate_2,3,0.0
28,candidate_1,candidate_3,candidate_2,3,0.0
29,candidate_1,candidate_3,candidate_2,3,0.0
30,candidate_1,candidate_3,candidate_2,3,0.0
31,candidate_1,candidate_3,candidate_2,3,0.0
32,candidate_1,candidate_3,candidate_2,3,0.0
33,candidate_1,candidate_3,candidate_2,3,0.0
34,candidate_1,candidate_3,candidate_2,3,0.0
35,candidate_1,candidate_3,candidate_2,3,0.0
36,candidate_1,candidate_3,candidate_2,3,0.0
37,candidate_1,candidate_3,candidate_2,3,0.0
38,candidate_1,candidate_3,candidate_2,3,0.0
39,candidate_1,candidate_3,candidate_2,3,0.0
40,candidate_1,candidate_3,candidate_2,3,0.0
41,candidate_1,candidate_3,candidate_2,3,0.0
42,candidate_1,candidate_3,candidate_2,3,0.0
43,candidate_1,candidate_3,candidate_2,3,0.0
44,candidate_1,candidate_3,candidate_2,3,0.0
45,candidate_1,candidate_3,candidate_2,3,0.0
46,candidate_1,candidate_3,candidate_2,3,0.0
47,candidate_1,candidate_3,candidate_2,3,0.0
48,candidate_1,candidate_3,candidate_2,3,0.0
49,candidate_1,candidate_3,candidate_2,3,0.0
50,candidate_1,candidate_3,candidate_2,3,0.0
51,candidate_1,candidate_3,candidate_2,3,0.0
52,candidate_1,candidate_3,candidate_2,3,0.0
53,candidate_1,candidate_3,candidate_2,3,0.0
54,candidate_1,candidate_3,candidate_2,3,0.0
55,candidate_1,candidate_3,candidate_2,3,0.0
56,candidate_1,candidate_3,candidate_2,3,0.0
57,candidate_1,candidate_3,candidate_2,3,0.0
58,candidate_1,candidate_3,candidate_2,3,0.0
59,candidate_1,candidate_3,candidate_2,3,0.0
60,candidate_1,candidate_3,candidate_2,3,0.0
61,candidate_1,candidate_3,candidate_2,3,0.0
62,candidate_1,candidate_3,candidate_2,3,0.0
63,candidate_1,candidate_3,candidate_2,3,0.0
64,candidate_1,candidate_3,candidate_2,3,0.0
65,candidate_1,candidate_3,candidate_2,3,0.0
66,candidate_1,candidate_3,candidate_2,3,0.0
67,candidate_1,candidate_3,candidate_2,3,0.0
68,candidate_1,candidate_3,candidate_2,3,0.0
69,candidate_1,candidate_3,candidate_2,3,0.0
70,candidate_1,candidate_3,candidate_2,3,0.0
71,candidate_1,candidate_3,candidate_2,3,0.0
72,candidate_1,candidate_3,candidate_2,3,0.0
73,candidate_1,candidate_3,candidate_2,3,0.0
74,candidate_1,candidate_3,candidate_2,3,0.0
75,candidate_1,candidate_3,candidate_2,3,0.0
76,candidate_1,candidate_3,candidate_2,3,0.0
77,candidate_1,candidate_3,candidate_2,3,0.0
78,candidate_1,candidate_3,candidate_2,3,0.0
79,candidate_1,candidate_3,candidate_2,3,0.0
80,candidate_1,candidate_3,candidate_2,3,0.0
81,candidate_1,candidate_3,candidate_2,3,0.0
82,candidate_1,candidate_3,candidate_2,3,0.0
83,candidate_1,candidate_3,candidate_2,3,0.0
84,candidate_1,candidate_3,candidate_2,3,0.0
85,candidate_1,candidate_3,candidate_2,3,0.0
86,candidate_1,candidate_3,candidate_2,3,0.0
87,candidate_1,candidate_3,candidate_2,3,0.0
88,candidate_1,candidate_3,candidate_2,3,0.0
89,candidate_1,candidate_3,candidate_2,3,0.0
90,candidate_1,candidate_3,candidate_2,3,0.0
91,candidate_1,candidate_3,candidate_2,3,0.0
92,candidate_1,candidate_3,candidate_2,3,0.0
93,candidate_1,candidate_3,candidate_2,3,0.0
94,candidate_1,candidate_3,candidate_2,3,0.0
95,candidate_1,candidate_3,candidate_2,3,0.0
96,candidate_1,candidate_3,candidate_2,3,0.0
97,candidate_1,candidate_3,candidate_2,3,0.0
98,candidate_1,candidate_3,candidate_2,3,0.0
99,candidate_1,candidate_3,candidate_2,3,0.0
100,candidate_1,candidate_3,candidate_2,3,0.0
101,candidate_1,candidate_3,candidate_2,3,0.0
102,candidate_1,candidate_3,candidate_2,3,0.0
103,candidate_1,candidate_3,candidate_2,3,0.0
104,candidate_1,candidate_3,candidate_2,3,0.0
105,candidate_1,candidate_3,candidate_2,3,0.0
106,candidate_1,candidate_3,candidate_2,3,0.0
107,candidate_1,candidate_3,candidate_2,3,0.0
108,candidate_1,candidate_3,candidate_2,3,0.0
109,candidate_1,candidate_3,candidate_2,3,0.0
110,candidate_1,candidate_3,candidate_2,3,0.0
111,candidate_1,candidate_3,candidate_2,3,0.0
112,candidate_1,candidate_3,candidate_2,3,0.0
113,candidate_1,candidate_3,candidate_2,3,0.0
114,candidate_1,candidate_3,candidate_2,3,0.0
115,candidate_1,candidate_3,candidate_2,3,0.0
116,candidate_1,candidate_3,candidate_2,3,0.0
117,candidate_1,candidate_3,candidate_2,3,0.0
118,candidate_1,candidate_3,candidate_2,3,0.0
119,candidate_1,candidate_3,candidate_2,3,0.0
120,candidate_1,candidate_3,candidate_2,3,0.0
121,candidate_1,candidate_3,candidate_2,3,0.0
122,candidate_1,candidate_3,candidate_2,3,0.0
123,candidate_1,candidate_3,candidate_2,3,0.0
124,candidate_1,candidate_3,candidate_2,3,0.0
125,candidate_1,candidate_3,candidate_2,3,0.0
126,candidate_1,candidate_3,candidate_2,3,0.0
127,candidate_1,candidate_3,candidate_2,3,0.0
128,candidate_1,candidate_3,candidate_2,3,0.0
129,candidate_1,candidate_3,candidate_2,3,0.0
130,candidate_1,candidate_3,candidate_2,3,0.0
131,candidate_1,candidate_3,candidate_2,3,0.0
132,candidate_1,candidate_3,candidate_2,3,0.0
133,candidate_1,candidate_3,candidate_2,3,0.0
134,candidate_1,candidate_3,candidate_2,3,0.0
135,candidate_1,candidate_3,candidate_2,3,0.0
136,candidate_1,candidate_3,candidate_2,3,0.0
137,candidate_1,candidate_3,candidate_2,3,0.0
138,candidate_1,candidate_3,candidate_2,3,0.0
139,candidate_1,candidate_3,candidate_2,3,0.0
140,candidate_1,candidate_3,candidate_2,3,0.0
141,candidate_1,candidate_3,candidate_2,3,0.0
142,candidate_1,candidate_3,candidate_2,3,0.0
143,candidate_1,candidate_3,candidate_2,3,0.0
144,candidate_1,candidate_3,candidate_2,3,0.0
145,candidate_1,candidate_3,candidate_2,3,0.0
146,candidate_1,candidate_3,candidate_2,3,0.0
147,candidate_1,candidate_3,candidate_2,3,0.0
148,candidate_1,candidate_3,candidate_2,3,0.0
149,candidate_1,candidate_3,candidate_2,3,0.0
150,candidate_1,candidate_3,candidate_2,3,0.0
151,candidate_1,candidate_3,candidate_2,3,0.0
152,candidate_1,candidate_3,candidate_2,3,0.0
153,candidate_1,candidate_3,candidate_2,3,0.0
154,candidate_1,candidate_3,candidate_2,3,0.0
155,candidate_1,candidate_3,candidate_2,3,0.0
156,candidate_1,candidate_3,candidate_2,3,0.0
157,candidate_1,candidate_3,candidate_2,3,0.0
158,candidate_1,candidate_3,candidate_2,3,0.0
159,candidate_1,candidate_3,candidate_2,3,0.0
160,candidate_1,candidate_3,candidate_2,3,0.0
161,candidate_1,candidate_3,candidate_2,3,0.0
162,candidate_1,candidate_3,candidate_2,3,0.0
163,candidate_1,candidate_3,candidate_2,3,0.0
164,candidate_1,candidate_3,candidate_2,3,0.0
165,candidate_1,candidate_3,candidate_2,3,0.0
166,candidate_1,candidate_3,candidate_2,3,0.0
167,candidate_1,candidate_3,candidate_2,3,0.0
168,candidate_1,candidate_3,candidate_2,3,0.0
169,candidate_1,candidate_3,candidate_2,3,0.0
170,candidate_1,candidate_3,candidate_2,3,0.0
171,candidate_1,candidate_3,candidate_2,3,0.0
172,candidate_1,candidate_3,candidate_2,3,0.0
173,candidate_1,candidate_3,candidate_2,3,0.0
174,candidate_1,candidate_3,candidate_2,3,0.0
175,candidate_1,candidate_3,candidate_2,3,0.0
176,candidate_1,candidate_3,candidate_2,3,0.0
177,candidate_1,candidate_3,candidate_2,3,0.0
178,candidate_1,candidate_3,candidate_2,3,0.0
179,candidate_1,candidate_3,candidate_2,3,0.0
180,candidate_1,candidate_3,candidate_2,3,0.0
181,candidate_1,candidate_3,candidate_2,3,0.0
182,candidate_1,candidate_3,candidate_2,3,0.0
183,candidate_1,candidate_3,candidate_2,3,0.0
184,candidate_1,candidate_3,candidate_2,3,0.0
185,candidate_1,candidate_3,candidate_2,3,0.0
186,candidate_1,candidate_3,candidate_2,3,0.0
187,candidate_1,candidate_3,candidate_2,3,0.0
188,candidate_1,candidate_3,candidate_2,3,0.0
189,candidate_1,candidate_3,candidate_2,3,0.0
190,candidate_1,candidate_3,candidate_2,3,0.0
191,candidate_1,candidate_3,candidate_2,3,0.0
192,candidate_1,candidate_3,candidate_2,3,0.0
193,candidate_1,candidate_3,candidate_2,3,0.0
194,candidate_1,candidate_3,candidate_2,3,0.0
195,candidate_1,candidate_3,candidate_2,3,0.0
196,candidate_1,candidate_3,candidate_2,3,0.0
197,candidate_1,candidate_3,candidate_2,3,0.0
198,candidate_1,candidate_3,candidate_2,3,0.0
199,candidate_1,candidate_3,candidate_2,3,0.0
200,candidate_1,candidate_3,candidate_2,3,0.0
201,candidate_1,candidate_3,candidate_2,3,0.0
202,candidate_1,candidate_3,candidate_2,3,0.0
203,candidate_1,candidate_3,candidate_2,3,0.0
204,candidate_1,candidate_3,candidate_2,3,0.0
205,candidate_1,candidate_3,candidate_2,3,0.0
206,candidate_1,candidate_3,candidate_2,3,0.0
207,candidate_1,candidate_3,candidate_2,3,0.0
208,candidate_1,candidate_3,candidate_2,3,0.0
209,candidate_1,candidate_3,candidate_2,3,0.0
210,candidate_1,candidate_3,candidate_2,3,0.0
211,candidate_1,candidate_3,candidate_2,3,0.0
212,candidate_1,candidate_3,candidate_2,3,0.0
213,candidate_1,candidate_3,candidate_2,3,0.0
214,candidate_1,candidate_3,candidate_2,3,0.0
215,candidate_1,candidate_3,candidate_2,3,0.0
216,candidate_1,candidate_3,candidate_2,3,0.0
217,candidate_1,candidate_3,candidate_2,3,0.0
218,candidate_1,candidate_3,candidate_2,3,0.0
219,candidate_1,candidate_3,candidate_2,3,0.0
220,candidate_1,candidate_3,candidate_2,3,0.0
221,candidate_1,candidate_3,candidate_2,3,0.0
222,candidate_1,candidate_3,candidate_2,3,0.0
223,candidate_1,candidate_3,candidate_2,3,0.0
224,candidate_1,candidate_3,candidate_2,3,0.0
225,candidate_1,candidate_3,candidate_2,3,0.0
226,candidate_1,candidate_3,candidate_2,3,0.0
227,candidate_1,candidate_3,candidate_2,3,0.0
228,candidate_1,candidate_3,candidate_2,3,0.0
229,candidate_1,candidate_3,candidate_2,3,0.0
230,candidate_1,candidate_3,candidate_2,3,0.0
231,candidate_1,candidate_3,candidate_2,3,0.0
232,candidate_1,candidate_3,candidate_2,3,0.0
233,candidate_1,candidate_3,candidate_2,3,0.0
234,candidate_1,candidate_3,candidate_2,3,0.0
235,candidate_1,candidate_3,candidate_2,3,0.0
236,candidate_1,candidate_3,candidate_2,3,0.0
237,candidate_1,candidate_3,candidate_2,3,0.0
238,candidate_1,candidate_3,candidate_2,3,0.0
239,candidate_1,candidate_3,candidate_2,3,0.0
240,candidate_1,candidate_3,candidate_2,3,0.0
241,candidate_1,candidate_3,candidate_2,3,0.0
242,candidate_1,candidate_3,candidate_2,3,0.0
243,candidate_1,candidate_3,candidate_2,3,0.0
244,candidate_1,candidate_3,candidate_2,3,0.0
245,candidate_1,candidate_3,candidate_2,3,0.0
246,candidate_1,candidate_3,candidate_2,3,0.0
247,candidate_1,candidate_3,candidate_2,3,0.0
248,candidate_1,candidate_3,candidate_2,3,0.0
249,candidate_1,candidate_3,candidate_2,3,0.0
250,candidate_1,candidate_3,candidate_2,3,0.0
251,candidate_1,candidate_3,candidate_2,3,0.0
252,candidate_1,candidate_3,candidate_2,3,0.0
253,candidate_1,candidate_3,candidate_2,3,0.0
254,candidate_1,candidate_3,candidate_2,3,0.0
255,candidate_1,candidate_3,candidate_2,3,0.0
256,candidate_1,candidate_3,candidate_2,3,0.0
257,candidate_1,candidate_3,candidate_2,3,0.0
258,candidate_1,candidate_3,candidate_2,3,0.0
259,candidate_1,candidate_3,candidate_2,3,0.0
260,candidate_1,candidate_3,candidate_2,3,0.0
261,candidate_1,candidate_3,candidate_2,3,0.0
262,candidate_1,candidate_3,candidate_2,3,0.0
263,candidate_1,candidate_3,candidate_2,3,0.0
264,candidate_1,candidate_3,candidate_2,3,0.0
265,candidate_1,candidate_3,candidate_2,3,0.0
266,candidate_1,candidate_3,candidate_2,3,0.0
267,candidate_1,candidate_3,candidate_2,3,0.0
268,candidate_1,candidate_3,candidate_2,3,0.0
269,candidate_1,candidate_3,candidate_2,3,0.0
270,candidate_1,candidate_3,candidate_2,3,0.0
271,candidate_1,candidate_3,candidate_2,3,0.0
272,candidate_1,candidate_3,candidate_2,3,0.0
273,candidate_1,candidate_3,candidate_2,3,0.0
274,candidate_1,candidate_3,candidate_2,3,0.0
275,candidate_1,candidate_3,candidate_2,3,0.0
276,candidate_1,candidate_3,candidate_2,3,0.0
277,candidate_1,candidate_3,candidate_2,3,0.0
278,candidate_1,candidate_3,candidate_2,3,0.0
279,candidate_1,candidate_3,candidate_2,3,0.0
280,candidate_1,candidate_3,candidate_2,3,0.0
281,candidate_1,candidate_3,candidate_2,3,0.0
282,candidate_1,candidate_3,candidate_2,3,0.0
283,candidate_1,candidate_3,candidate_2,3,0.0
284,candidate_1,candidate_3,candidate_2,3,0.0
285,candidate_1,candidate_3,candidate_2,3,0.0
286,candidate_1,candidate_3,candidate_2,3,0.0
287,candidate_1,candidate_3,candidate_2,3,0.0
288,candidate_1,candidate_3,candidate_2,3,0.0
289,candidate_1,candidate_3,candidate_2,3,0.0
290,candidate_1,candidate_3,candidate_2,3,0.0
291,candidate_1,candidate_3,candidate_2,3,0.0
292,candidate_1,candidate_3,candidate_2,3,0.0
293,candidate_1,candidate_3,candidate_2,3,0.0
294,candidate_1,candidate_3,candidate_2,3,0.0
295,candidate_1,candidate_3,candidate_2,3,0.0
296,candidate_1,candidate_3,candidate_2,3,0.0
297,candidate_1,candidate_3,candidate_2,3,0.0
298,candidate_1,candidate_3,candidate_2,3,0.0
299,candidate_1,candidate_3,candidate_2,3,0.0
300,candidate_1,candidate_3,candidate_2,3,0.0
301,candidate_1,candidate_3,candidate_2,3,0.0
302,candidate_1,candidate_3,candidate_2,3,0.0
303,candidate_1,candidate_3,candidate_2,3,0.0
304,candidate_1,candidate_3,candidate_2,3,0.0
305,candidate_1,candidate_3,candidate_2,3,0.0
306,candidate_1,candidate_3,candidate_2,3,0.0
307,candidate_1,candidate_3,candidate_2,3,0.0
308,candidate_1,candidate_3,candidate_2,3,0.0
309,candidate_1,candidate_3,candidate_2,3,0.0
310,candidate_1,candidate_3,candidate_2,3,0.0
311,candidate_1,candidate_3,candidate_2,3,0.0
312,candidate_1,candidate_3,candidate_2,3,0.0
313,candidate_1,candidate_3,candidate_2,3,0.0
314,candidate_1,candidate_3,candidate_2,3,0.0
315,candidate_1,candidate_3,candidate_2,3,0.0
316,candidate_1,candidate_3,candidate_2,3,0.0
317,candidate_1,candidate_3,candidate_2,3,0.0
318,candidate_1,candidate_3,candidate_2,3,0.0
319,candidate_1,candidate_3,candidate_2,3,0.0
320,candidate_1,candidate_3,candidate_2,3,0.0
321,candidate_1,candidate_3,candidate_2,3,0.0
322,candidate_1,candidate_3,candidate_2,3,0.0
323,candidate_1,candidate_3,candidate_2,3,0.0
324,candidate_1,candidate_3,candidate_2,3,0.0
325,candidate_1,candidate_3,candidate_2,3,0.0
326,candidate_1,candidate_3,candidate_2,3,0.0
327,candidate_1,candidate_3,candidate_2,3,0.0
328,candidate_1,candidate_3,candidate_2,3,0.0
329,candidate_1,candidate_3,candidate_2,3,0.0
330,candidate_1,candidate_3,candidate_2,3,0.0
331,candidate_1,candidate_3,candidate_2,3,0.0
332,candidate_1,candidate_3,candidate_2,3,0.0
333,candidate_1,candidate_3,candidate_2,3,0.0
334,candidate_1,candidate_3,candidate_2,3,0.0
335,candidate_1,candidate_3,candidate_2,3,0.0
336,candidate_1,candidate_3,candidate_2,3,0.0
337,candidate_1,candidate_3,candidate_2,3,0.0
338,candidate_1,candidate_3,candidate_2,3,0.0
339,candidate_1,candidate_3,candidate_2,3,0.0
340,candidate_1,candidate_3,candidate_2,3,0.0
341,candidate_1,candidate_3,candidate_2,3,0.0
342,candidate_1,candidate_3,candidate_2,3,0.0
343,candidate_1,candidate_3,candidate_2,3,0.0
344,candidate_1,candidate_3,candidate_2,3,0.0
345,candidate_1,candidate_3,candidate_2,3,0.0
346,candidate_1,candidate_3,candidate_2,3,0.0
347,candidate_1,candidate_3,candidate_2,3,0.0
348,candidate_1,candidate_3,candidate_2,3,0.0
349,candidate_1,candidate_3,candidate_2,3,0.0
350,candidate_1,candidate_3,candidate_2,3,0.0
351,candidate_1,candidate_3,candidate_2,3,0.0
352,candidate_1,candidate_3,candidate_2,3,0.0
353,candidate_1,candidate_3,candidate_2,3,0.0
354,candidate_1,candidate_3,candidate_2,3,0.0
355,candidate_1,candidate_3,candidate_2,3,0.0
356,candidate_1,candidate_3,candidate_2,3,0.0
357,candidate_1,candidate_3,candidate_2,3,0.0
358,candidate_1,candidate_3,candidate_2,3,0.0
359,candidate_1,candidate_3,candidate_2,3,0.0
360,candidate_1,candidate_3,candidate_2,3,0.0
361,candidate_1,candidate_3,candidate_2,3,0.0
362,candidate_1,candidate_3,candidate_2,3,0.0
363,candidate_1,candidate_3,candidate_2,3,0.0
364,candidate_1,candidate_3,candidate_2,3,0.0
365,candidate_1,candidate_3,candidate_2,3,0.0
366,candidate_1,candidate_3,candidate_2,3,0.0
367,candidate_1,candidate_3,candidate_2,3,0.0
368,candidate_1,candidate_3,candidate_2,3,0.0
369,candidate_1,candidate_3,candidate_2,3,0.0
370,candidate_1,candidate_3,candidate_2,3,0.0
371,candidate_1,candidate_3,candidate_2,3,0.0
372,candidate_1,candidate_3,candidate_2,3,0.0
373,candidate_1,candidate_3,candidate_2,3,0.0
374,candidate_1,candidate_3,candidate_2,3,0.0
375,candidate_1,candidate_3,candidate_2,3,0.0
376,candidate_1,candidate_3,candidate_2,3,0.0
377,candidate_1,candidate_3,candidate_2,3,0.0
378,candidate_1,candidate_3,candidate_2,3,0.0
379,candidate_1,candidate_3,candidate_2,3,0.0
380,candidate_1,candidate_3,candidate_2,3,0.0
381,candidate_1,candidate_3,candidate_2,3,0.0
382,candidate_1,candidate_3,candidate_2,3,0.0
383,candidate_1,candidate_3,candidate_2,3,0.0
384,candidate_1,candidate_3,candidate_2,3,0.0
385,candidate_1,candidate_3,candidate_2,3,0.0
386,candidate_1,candidate_3,candidate_2,3,0.0
387,candidate_1,candidate_3,candidate_2,3,0.0
388,candidate_1,candidate_3,candidate_2,3,0.0
389,candidate_1,candidate_3,candidate_2,3,0.0
390,candidate_1,candidate_3,candidate_2,3,0.0
391,candidate_1,candidate_3,candidate_2,3,0.0
392,candidate_1,candidate_3,candidate_2,3,0.0
393,candidate_1,candidate_3,candidate_2,3,0.0
394,candidate_1,candidate_3,candidate_2,3,0.0
395,candidate_1,candidate_3,candidate_2,3,0.0
396,candidate_1,candidate_3,candidate_2,3,0.0
397,candidate_1,candidate_3,candidate_2,3,0.0
398,candidate_1,candidate_3,candidate_2,3,0.0
399,candidate_1,candidate_3,candidate_2,3,0.0
400,candidate_1,candidate_3,candidate_2,3,0.0
401,candidate_1,candidate_3,candidate_2,3,0.0
402,candidate_1,candidate_3,candidate_2,3,0.0
403,candidate_1,candidate_3,candidate_2,3,0.0
404,candidate_1,candidate_3,candidate_2,3,0.0
405,candidate_1,candidate_3,candidate_2,3,0.0
406,candidate_1,candidate_3,candidate_2,3,0.0
407,candidate_1,candidate_3,candidate_2,3,0.0
408,candidate_1,candidate_3,candidate_2,3,0.0
409,candidate_1,candidate_3,candidate_2,3,0.0
410,candidate_1,candidate_3,candidate_2,3,0.0
411,candidate_1,candidate_3,candidate_2,3,0.0
412,candidate_1,candidate_3,candidate_2,3,0.0
413,candidate_1,candidate_3,candidate_2,3,0.0
414,candidate_1,candidate_3,candidate_2,3,0.0
415,candidate_1,candidate_3,candidate_2,3,0.0
416,candidate_1,candidate_3,candidate_2,3,0.0
417,candidate_1,candidate_3,candidate_2,3,0.0
418,candidate_1,candidate_3,candidate_2,3,0.0
419,candidate_1,candidate_3,candidate_2,3,0.0
420,candidate_1,candidate_3,candidate_2,3,0.0
421,candidate_1,candidate_3,candidate_2,3,0.0
422,candidate_1,candidate_3,candidate_2,3,0.0
423,candidate_1,candidate_3,candidate_2,3,0.0
424,candidate_1,candidate_3,candidate_2,3,0.0
425,candidate_1,candidate_3,candidate_2,3,0.0
426,candidate_1,candidate_3,candidate_2,3,0.0
427,candidate_1,candidate_3,candidate_2,3,0.0
428,candidate_1,candidate_3,candidate_2,3,0.0
429,candidate_1,candidate_3,candidate_2,3,0.0
430,candidate_1,candidate_3,candidate_2,3,0.0
431,candidate_1,candidate_3,candidate_2,3,0.0
432,candidate_1,candidate_3,candidate_2,3,0.0
433,candidate_1,candidate_3,candidate_2,3,0.0
434,candidate_1,candidate_3,candidate_2,3,0.0
435,candidate_1,candidate_3,candidate_2,3,0.0
436,candidate_1,candidate_3,candidate_2,3,0.0
437,candidate_1,candidate_3,candidate_2,3,0.0
438,candidate_1,candidate_3,candidate_2,3,0.0
439,candidate_1,candidate_3,candidate_2,3,0.0
440,candidate_1,candidate_3,candidate_2,3,0.0
441,candidate_1,candidate_3,candidate_2,3,0.0
442,candidate_1,candidate_3,candidate_2,3,0.0
443,candidate_1,candidate_3,candidate_2,3,0.0
444,candidate_1,candidate_3,candidate_2,3,0.0
445,candidate_1,candidate_3,candidate_2,3,0.0
446,candidate_1,candidate_3,candidate_2,3,0.0
447,candidate_1,candidate_3,candidate_2,3,0.0
448,candidate_1,candidate_3,candidate_2,3,0.0
449,candidate_1,candidate_3,candidate_2,3,0.0
450,candidate_1,candidate_3,candidate_2,3,0.0
451,candidate_1,candidate_3,candidate_2,3,0.0
452,candidate_1,candidate_3,candidate_2,3,0.0
453,candidate_1,candidate_3,candidate_2,3,0.0
454,candidate_1,candidate_3,candidate_2,3,0.0
455,candidate_1,candidate_3,candidate_2,3,0.0
456,candidate_1,candidate_3,candidate_2,3,0.0
457,candidate_1,candidate_3,candidate_2,3,0.0
458,candidate_1,candidate_3,candidate_2,3,0.0
459,candidate_1,candidate_3,candidate_2,3,0.0
460,candidate_1,candidate_3,candidate_2,3,0.0
461,candidate_1,candidate_3,candidate_2,3,0.0
462,candidate_1,candidate_3,candidate_2,3,0.0
463,candidate_1,candidate_3,candidate_2,3,0.0
464,candidate_1,candidate_3,candidate_2,3,0.0
465,candidate_1,candidate_3,candidate_2,3,0.0
466,candidate_1,candidate_3,candidate_2,3,0.0
467,candidate_1,candidate_3,candidate_2,3,0.0
468,candidate_1,candidate_3,candidate_2,3,0.0
469,candidate_1,candidate_3,candidate_2,3,0.0
470,candidate_1,candidate_3,candidate_2,3,0.0
471,candidate_1,candidate_3,candidate_2,3,0.0
472,candidate_1,candidate_3,candidate_2,3,0.0
473,candidate_1,candidate_3,candidate_2,3,0.0
474,candidate_1,candidate_3,candidate_2,3,0.0
475,candidate_1,candidate_3,candidate_2,3,0.0
476,candidate_1,candidate_3,candidate_2,3,0.0
477,candidate_1,candidate_3,candidate_2,3,0.0
478,candidate_1,candidate_3,candidate_2,3,0.0
479,candidate_1,candidate_3,candidate_2,3,0.0
480,candidate_1,candidate_3,candidate_2,3,0.0
481,candidate_1,candidate_3,candidate_2,3,0.0
482,candidate_1,candidate_3,candidate_2,3,0.0
483,candidate_1,candidate_3,candidate_2,3,0.0
484,candidate_1,candidate_3,candidate_2,3,0.0
485,candidate_1,candidate_3,candidate_2,3,0.0
486,candidate_1,candidate_3,candidate_2,3,0.0
487,candidate_1,candidate_3,candidate_2,3,0.0
488,candidate_1,candidate_3,candidate_2,3,0.0
489,candidate_1,candidate_3,candidate_2,3,0.0
490,candidate_1,candidate_3,candidate_2,3,0.0
491,candidate_1,candidate_3,candidate_2,3,0.0
492,candidate_1,candidate_3,candidate_2,3,0.0
493,candidate_1,candidate_3,candidate_2,3,0.0
494,candidate_1,candidate_3,candidate_2,3,0.0
495,candidate_1,candidate_3,candidate_2,3,0.0
496,candidate_1,candidate_3,candidate_2,3,0.0
497,candidate_1,candidate_3,candidate_2,3,0.0
498,candidate_1,candidate_3,candidate_2,3,0.0
499,candidate_1,candidate_3,candidate_2,3,0.0
500,candidate_1,candidate_3,candidate_2,3,0.0
501,candidate_1,candidate_3,candidate_2,3,0.0
502,candidate_1,candidate_3,candidate_2,3,0.0
503,candidate_1,candidate_3,candidate_2,3,0.0
504,candidate_1,candidate_3,candidate_2,3,0.0
505,candidate_1,candidate_3,candidate_2,3,0.0
506,candidate_1,candidate_3,candidate_2,3,0.0
507,candidate_1,candidate_3,candidate_2,3,0.0
508,candidate_1,candidate_3,candidate_2,3,0.0
509,candidate_1,candidate_3,candidate_2,3,0.0
510,candidate_1,candidate_3,candidate_2,3,0.0
511,candidate_1,candidate_3,candidate_2,3,0.0
512,candidate_1,candidate_3,candidate_2,3,0.0
513,candidate_1,candidate_3,candidate_2,3,0.0
514,candidate_1,candidate_3,candidate_2,3,0.0
515,candidate_1,candidate_3,candidate_2,3,0.0
516,candidate_1,candidate_3,candidate_2,3,0.0
517,candidate_1,candidate_3,candidate_2,3,0.0
518,candidate_1,candidate_3,candidate_2,3,0.0
519,candidate_1,candidate_3,candidate_2,3,0.0
520,candidate_1,candidate_3,candidate_2,3,0.0
521,candidate_1,candidate_3,candidate_2,3,0.0
522,candidate_1,candidate_3,candidate_2,3,0.0
523,candidate_1,candidate_3,candidate_2,3,0.0
524,candidate_1,candidate_3,candidate_2,3,0.0
525,candidate_1,candidate_3,candidate_2,3,0.0
526,candidate_1,candidate_3,candidate_2,3,0.0
527,candidate_1,candidate_3,candidate_2,3,0.0
528,candidate_1,candidate_3,candidate_2,3,0.0
529,candidate_1,candidate_3,candidate_2,3,0.0
530,candidate_1,candidate_3,candidate_2,3,0.0
531,candidate_1,candidate_3,candidate_2,3,0.0
532,candidate_1,candidate_3,candidate_2,3,0.0
533,candidate_1,candidate_3,candidate_2,3,0.0
534,candidate_1,candidate_3,candidate_2,3,0.0
535,candidate_1,candidate_3,candidate_2,3,0.0
536,candidate_1,candidate_3,candidate_2,3,0.0
537,candidate_1,candidate_3,candidate_2,3,0.0
538,candidate_1,candidate_3,candidate_2,3,0.0
539,candidate_1,candidate_3,candidate_2,3,0.0
540,candidate_1,candidate_3,candidate_2,3,0.0
541,candidate_1,candidate_3,candidate_2,3,0.0
542,candidate_1,candidate_3,candidate_2,3,0.0
543,candidate_1,candidate_3,candidate_2,3,0.0
544,candidate_1,candidate_3,candidate_2,3,0.0
545,candidate_1,candidate_3,candidate_2,3,0.0
546,candidate_1,candidate_3,candidate_2,3,0.0
547,candidate_1,candidate_3,candidate_2,3,0.0
548,candidate_1,candidate_3,candidate_2,3,0.0
549,candidate_1,candidate_3,candidate_2,3,0.0
550,candidate_1,candidate_3,candidate_2,3,0.0
551,candidate_1,candidate_3,candidate_2,3,0.0
552,candidate_1,candidate_3,candidate_2,3,0.0
553,candidate_1,candidate_3,candidate_2,3,0.0
554,candidate_1,candidate_3,candidate_2,3,0.0
555,candidate_1,candidate_3,candidate_2,3,0.0
556,candidate_1,candidate_3,candidate_2,3,0.0
557,candidate_1,candidate_3,candidate_2,3,0.0
558,candidate_1,candidate_3,candidate_2,3,0.0
559,candidate_1,candidate_3,candidate_2,3,0.0
560,candidate_1,candidate_3,candidate_2,3,0.0
561,candidate_1,candidate_3,candidate_2,3,0.0
562,candidate_1,candidate_3,candidate_2,3,0.0
563,candidate_1,candidate_3,candidate_2,3,0.0
564,candidate_1,candidate_3,candidate_2,3,0.0
565,candidate_1,candidate_3,candidate_2,3,0.0
566,candidate_1,candidate_3,candidate_2,3,0.0
567,candidate_1,candidate_3,candidate_2,3,0.0
568,candidate_1,candidate_3,candidate_2,3,0.0
569,candidate_1,candidate_3,candidate_2,3,0.0
570,candidate_1,candidate_3,candidate_2,3,0.0
571,candidate_1,candidate_3,candidate_2,3,0.0
572,candidate_1,candidate_3,candidate_2,3,0.0
573,candidate_1,candidate_3,candidate_2,3,0.0
574,candidate_1,candidate_3,candidate_2,3,0.0
575,candidate_1,candidate_3,candidate_2,3,0.0
576,candidate_1,candidate_3,candidate_2,3,0.0
577,candidate_1,candidate_3,candidate_2,3,0.0
578,candidate_1,candidate_3,candidate_2,3,0.0
579,candidate_1,candidate_3,candidate_2,3,0.0
580,candidate_1,candidate_3,candidate_2,3,0.0
581,candidate_1,candidate_3,candidate_2,3,0.0
582,candidate_1,candidate_3,candidate_2,3,0.0
583,candidate_1,candidate_3,candidate_2,3,0.0
584,candidate_1,candidate_3,candidate_2,3,0.0
585,candidate_1,candidate_3,candidate_2,3,0.0
586,candidate_1,candidate_3,candidate_2,3,0.0
587,candidate_1,candidate_3,candidate_2,3,0.0
588,candidate_1,candidate_3,candidate_2,3,0.0
589,candidate_1,candidate_3,candidate_2,3,0.0
590,candidate_1,candidate_3,candidate_2,3,0.0
591,candidate_1,candidate_3,candidate_2,3,0.0
592,candidate_1,candidate_3,candidate_2,3,0.0
593,candidate_1,candidate_3,candidate_2,3,0.0
594,candidate_1,candidate_3,candidate_2,3,0.0
595,candidate_1,candidate_3,candidate_2,3,0.0
596,candidate_1,candidate_3,candidate_2,3,0.0
597,candidate_1,candidate_3,candidate_2,3,0.0
598,candidate_1,candidate_3,candidate_2,3,0.0
599,candidate_1,candidate_3,candidate_2,3,0.0
600,candidate_1,candidate_3,candidate_2,3,0.0
601,candidate_1,candidate_3,candidate_2,3,0.0
602,candidate_1,candidate_3,candidate_2,3,0.0
603,candidate_1,candidate_3,candidate_2,3,0.0
604,candidate_1,candidate_3,candidate_2,3,0.0
605,candidate_1,candidate_3,candidate_2,3,0.0
606,candidate_1,candidate_3,candidate_2,3,0.0
607,candidate_1,candidate_3,candidate_2,3,0.0
608,candidate_1,candidate_3,candidate_2,3,0.0
609,candidate_1,candidate_3,candidate_2,3,0.0
610,candidate_1,candidate_3,candidate_2,3,0.0
611,candidate_1,candidate_3,candidate_2,3,0.0
612,candidate_1,candidate_3,candidate_2,3,0.0
613,candidate_1,candidate_3,candidate_2,3,0.0
614,candidate_1,candidate_3,candidate_2,3,0.0
615,candidate_1,candidate_3,candidate_2,3,0.0
616,candidate_1,candidate_3,candidate_2,3,0.0
617,candidate_1,candidate_3,candidate_2,3,0.0
618,candidate_1,candidate_3,candidate_2,3,0.0
619,candidate_1,candidate_3,candidate_2,3,0.0
620,candidate_1,candidate_3,candidate_2,3,0.0
621,candidate_1,candidate_3,candidate_2,3,0.0
622,candidate_1,candidate_3,candidate_2,3,0.0
623,candidate_1,candidate_3,candidate_2,3,0.0
624,candidate_1,candidate_3,candidate_2,3,0.0
625,candidate_1,candidate_3,candidate_2,3,0.0
626,candidate_1,candidate_3,candidate_2,3,0.0
627,candidate_1,candidate_3,candidate_2,3,0.0
628,candidate_1,candidate_3,candidate_2,3,0.0
629,candidate_1,candidate_3,candidate_2,3,0.0
630,candidate_1,candidate_3,candidate_2,3,0.0
631,candidate_1,candidate_3,candidate_2,3,0.0
632,candidate_1,candidate_3,candidate_2,3,0.0
633,candidate_1,candidate_3,candidate_2,3,0.0
634,candidate_1,candidate_3,candidate_2,3,0.0
635,candidate_1,candidate_3,candidate_2,3,0.0
636,candidate_1,candidate_3,candidate_2,3,0.0
637,candidate_1,candidate_3,candidate_2,3,0.0
638,candidate_1,candidate_3,candidate_2,3,0.0
639,candidate_1,candidate_3,candidate_2,3,0.0
640,candidate_1,candidate_3,candidate_2,3,0.0
641,candidate_1,candidate_3,candidate_2,3,0.0
642,candidate_1,candidate_3,candidate_2,3,0.0
643,candidate_1,candidate_3,candidate_2,3,0.0
644,candidate_1,candidate_3,candidate_2,3,0.0
645,candidate_1,candidate_3,candidate_2,3,0.0
646,candidate_1,candidate_3,candidate_2,3,0.0
647,candidate_1,candidate_3,candidate_2,3,0.0
648,candidate_1,candidate_3,candidate_2,3,0.0
649,candidate_1,candidate_3,candidate_2,3,0.0
650,candidate_1,candidate_3,candidate_2,3,0.0
651,candidate_1,candidate_3,candidate_2,3,0.0
652,candidate_1,candidate_3,candidate_2,3,0.0
653,candidate_1,candidate_3,candidate_2,3,0.0
654,candidate_1,candidate_3,candidate_2,3,0.0
655,candidate_1,candidate_3,candidate_2,3,0.0
656,candidate_1,candidate_3,candidate_2,3,0.0
657,candidate_1,candidate_3,candidate_2,3,0.0
658,candidate_1,candidate_3,candidate_2,3,0.0
659,candidate_1,candidate_3,candidate_2,3,0.0
660,candidate_1,candidate_3,candidate_2,3,0.0
661,candidate_1,candidate_3,candidate_2,3,0.0
662,candidate_1,candidate_3,candidate_2,3,0.0
663,candidate_1,candidate_3,candidate_2,3,0.0
664,candidate_1,candidate_3,candidate_2,3,0.0
665,candidate_1,candidate_3,candidate_2,3,0.0
666,candidate_1,candidate_3,candidate_2,3,0.0
667,candidate_1,candidate_3,candidate_2,3,0.0
668,candidate_1,candidate_3,candidate_2,3,0.0
669,candidate_1,candidate_3,candidate_2,3,0.0
670,candidate_1,candidate_3,candidate_2,3,0.0
671,candidate_1,candidate_3,candidate_2,3,0.0
672,candidate_1,candidate_3,candidate_2,3,0.0
673,candidate_1,candidate_3,candidate_2,3,0.0
674,candidate_1,candidate_3,candidate_2,3,0.0
675,candidate_1,candidate_3,candidate_2,3,0.0
676,candidate_1,candidate_3,candidate_2,3,0.0
677,candidate_1,candidate_3,candidate_2,3,0.0
678,candidate_1,candidate_3,candidate_2,3,0.0
679,candidate_1,candidate_3,candidate_2,3,0.0
680,candidate_1,candidate_3,candidate_2,3,0.0
681,candidate_1,candidate_3,candidate_2,3,0.0
682,candidate_1,candidate_3,candidate_2,3,0.0
683,candidate_1,candidate_3,candidate_2,3,0.0
684,candidate_1,candidate_3,candidate_2,3,0.0
685,candidate_1,candidate_3,candidate_2,3,0.0
686,candidate_1,candidate_3,candidate_2,3,0.0
687,candidate_1,candidate_3,candidate_2,3,0.0
688,candidate_1,candidate_3,candidate_2,3,0.0
689,candidate_1,candidate_3,candidate_2,3,0.0
690,candidate_1,candidate_3,candidate_2,3,0.0
691,candidate_1,candidate_3,candidate_2,3,0.0
692,candidate_1,candidate_3,candidate_2,3,0.0
693,candidate_1,candidate_3,candidate_2,3,0.0
694,candidate_1,candidate_3,candidate_2,3,0.0
695,candidate_1,candidate_3,candidate_2,3,0.0
696,candidate_1,candidate_3,candidate_2,3,0.0
697,candidate_1,candidate_3,candidate_2,3,0.0
698,candidate_1,candidate_3,candidate_2,3,0.0
699,candidate_1,candidate_3,candidate_2,3,0.0
700,candidate_1,candidate_3,candidate_2,3,0.0
701,candidate_1,candidate_3,candidate_2,3,0.0
702,candidate_1,candidate_3,candidate_2,3,0.0
703,candidate_1,candidate_3,candidate_2,3,0.0
704,candidate_1,candidate_3,candidate_2,3,0.0
705,candidate_1,candidate_3,candidate_2,3,0.0
706,candidate_1,candidate_3,candidate_2,3,0.0
707,candidate_1,candidate_3,candidate_2,3,0.0
708,candidate_1,candidate_3,candidate_2,3,0.0
709,candidate_1,candidate_3,candidate_2,3,0.0
710,candidate_1,candidate_3,candidate_2,3,0.0
711,candidate_1,candidate_3,candidate_2,3,0.0
712,candidate_1,candidate_3,candidate_2,3,0.0
713,candidate_1,candidate_3,candidate_2,3,0.0
714,candidate_1,candidate_3,candidate_2,3,0.0
715,candidate_1,candidate_3,candidate_2,3,0.0
716,candidate_1,candidate_3,candidate_2,3,0.0
717,candidate_1,candidate_3,candidate_2,3,0.0
718,candidate_1,candidate_3,candidate_2,3,0.0
719,candidate_1,candidate_3,candidate_2,3,0.0
720,candidate_1,candidate_3,candidate_2,3,0.0
721,candidate_1,candidate_3,candidate_2,3,0.0
722,candidate_1,candidate_3,candidate_2,3,0.0
723,candidate_1,candidate_3,candidate_2,3,0.0
724,candidate_1,candidate_3,candidate_2,3,0.0
725,candidate_1,candidate_3,candidate_2,3,0.0
726,candidate_1,candidate_3,candidate_2,3,0.0
727,candidate_1,candidate_3,candidate_2,3,0.0
728,candidate_1,candidate_3,candidate_2,3,0.0
729,candidate_1,candidate_3,candidate_2,3,0.0
730,candidate_1,candidate_3,candidate_2,3,0.0
731,candidate_1,candidate_3,candidate_2,3,0.0
732,candidate_1,candidate_3,candidate_2,3,0.0
733,candidate_1,candidate_3,candidate_2,3,0.0
734,candidate_1,candidate_3,candidate_2,3,0.0
735,candidate_1,candidate_3,candidate_2,3,0.0
736,candidate_1,candidate_3,candidate_2,3,0.0
737,candidate_1,candidate_3,candidate_2,3,0.0
738,candidate_1,candidate_3,candidate_2,3,0.0
739,candidate_1,candidate_3,candidate_2,3,0.0
740,candidate_1,candidate_3,candidate_2,3,0.0
741,candidate_1,candidate_3,candidate_2,3,0.0
742,candidate_1,candidate_3,candidate_2,3,0.0
743,candidate_1,candidate_3,candidate_2,3,0.0
744,candidate_1,candidate_3,candidate_2,3,0.0
745,candidate_1,candidate_3,candidate_2,3,0.0
746,candidate_1,candidate_3,candidate_2,3,0.0
747,candidate_1,candidate_3,candidate_2,3,0.0
748,candidate_1,candidate_3,candidate_2,3,0.0
749,candidate_1,candidate_3,candidate_2,3,0.0
750,candidate_1,candidate_3,candidate_2,3,0.0
751,candidate_1,candidate_3,candidate_2,3,0.0
752,candidate_1,candidate_3,candidate_2,3,0.0
753,candidate_1,candidate_3,candidate_2,3,0.0
754,candidate_1,candidate_3,candidate_2,3,0.0
755,candidate_1,candidate_3,candidate_2,3,0.0
756,candidate_1,candidate_3,candidate_2,3,0.0
757,candidate_1,candidate_3,candidate_2,3,0.0
758,candidate_1,candidate_3,candidate_2,3,0.0
759,candidate_1,candidate_3,candidate_2,3,0.0
760,candidate_1,candidate_3,candidate_2,3,0.0
761,candidate_1,candidate_3,candidate_2,3,0.0
762,candidate_1,candidate_3,candidate_2,3,0.0
763,candidate_1,candidate_3,candidate_2,3,0.0
764,candidate_1,candidate_3,candidate_2,3,0.0
765,candidate_1,candidate_3,candidate_2,3,0.0
766,candidate_1,candidate_3,candidate_2,3,0.0
767,candidate_1,candidate_3,candidate_2,3,0.0
768,candidate_1,candidate_3,candidate_2,3,0.0
769,candidate_1,candidate_3,candidate_2,3,0.0
770,candidate_1,candidate_3,candidate_2,3,0.0
771,candidate_1,candidate_3,candidate_2,3,0.0
772,candidate_1,candidate_3,candidate_2,3,0.0
773,candidate_1,candidate_3,candidate_2,3,0.0
774,candidate_1,candidate_3,candidate_2,3,0.0
775,candidate_1,candidate_3,candidate_2,3,0.0
776,candidate_1,candidate_3,candidate_2,3,0.0
777,candidate_1,candidate_3,candidate_2,3,0.0
778,candidate_1,candidate_3,candidate_2,3,0.0
779,candidate_1,candidate_3,candidate_2,3,0.0
780,candidate_1,candidate_3,candidate_2,3,0.0
781,candidate_1,candidate_3,candidate_2,3,0.0
782,candidate_1,candidate_3,candidate_2,3,0.0
783,candidate_1,candidate_3,candidate_2,3,0.0
784,candidate_1,candidate_3,candidate_2,3,0.0
785,candidate_1,candidate_3,candidate_2,3,0.0
786,candidate_1,candidate_3,candidate_2,3,0.0
787,candidate_1,candidate_3,candidate_2,3,0.0
788,candidate_1,candidate_3,candidate_2,3,0.0
789,candidate_1,candidate_3,candidate_2,3,0.0
790,candidate_1,candidate_3,candidate_2,3,0.0
791,candidate_1,candidate_3,candidate_2,3,0.0
792,candidate_1,candidate_3,candidate_2,3,0.0
793,candidate_1,candidate_3,candidate_2,3,0.0
794,candidate_1,candidate_3,candidate_2,3,0.0
795,candidate_1,candidate_3,candidate_2,3,0.0
796,candidate_1,candidate_3,candidate_2,3,0.0
797,candidate_1,candidate_3,candidate_2,3,0.0
798,candidate_1,candidate_3,candidate_2,3,0.0
799,candidate_1,candidate_3,candidate_2,3,0.0
800,candidate_1,candidate_3,candidate_2,3,0.0
801,candidate_1,candidate_3,candidate_2,3,0.0
802,candidate_1,candidate_3,candidate_2,3,0.0
803,candidate_1,candidate_3,candidate_2,3,0.0
804,candidate_1,candidate_3,candidate_2,3,0.0
805,candidate_1,candidate_3,candidate_2,3,0.0
806,candidate_1,candidate_3,candidate_2,3,0.0
807,candidate_1,candidate_3,candidate_2,3,0.0
808,candidate_1,candidate_3,candidate_2,3,0.0
809,candidate_1,candidate_3,candidate_2,3,0.0
810,candidate_1,candidate_3,candidate_2,3,0.0
811,candidate_1,candidate_3,candidate_2,3,0.0
812,candidate_1,candidate_3,candidate_2,3,0.0
813,candidate_1,candidate_3,candidate_2,3,0.0
814,candidate_1,candidate_3,candidate_2,3,0.0
815,candidate_1,candidate_3,candidate_2,3,0.0
816,candidate_1,candidate_3,candidate_2,3,0.0
817,candidate_1,candidate_3,candidate_2,3,0.0
818,candidate_1,candidate_3,candidate_2,3,0.0
819,candidate_1,candidate_3,candidate_2,3,0.0
820,candidate_1,candidate_3,candidate_2,3,0.0
821,candidate_1,candidate_3,candidate_2,3,0.0
822,candidate_1,candidate_3,candidate_2,3,0.0
823,candidate_1,candidate_3,candidate_2,3,0.0
824,candidate_1,candidate_3,candidate_2,3,0.0
825,candidate_1,candidate_3,candidate_2,3,0.0
826,candidate_1,candidate_3,candidate_2,3,0.0
827,candidate_1,candidate_3,candidate_2,3,0.0
828,candidate_1,candidate_3,candidate_2,3,0.0
829,candidate_1,candidate_3,candidate_2,3,0.0
830,candidate_1,candidate_3,candidate_2,3,0.0
831,candidate_1,candidate_3,candidate_2,3,0.0
832,candidate_1,candidate_3,candidate_2,3,0.0
833,candidate_1,candidate_3,candidate_2,3,0.0
834,candidate_1,candidate_3,candidate_2,3,0.0
835,candidate_1,candidate_3,candidate_2,3,0.0
836,candidate_1,candidate_3,candidate_2,3,0.0
837,candidate_1,candidate_3,candidate_2,3,0.0
838,candidate_1,candidate_3,candidate_2,3,0.0
839,candidate_1,candidate_3,candidate_2,3,0.0
840,candidate_1,candidate_3,candidate_2,3,0.0
841,candidate_1,candidate_3,candidate_2,3,0.0
842,candidate_1,candidate_3,candidate_2,3,0.0
843,candidate_1,candidate_3,candidate_2,3,0.0
844,candidate_1,candidate_3,candidate_2,3,0.0
845,candidate_1,candidate_3,candidate_2,3,0.0
846,candidate_1,candidate_3,candidate_2,3,0.0
847,candidate_1,candidate_3,candidate_2,3,0.0
848,candidate_1,candidate_3,candidate_2,3,0.0
849,candidate_1,candidate_3,candidate_2,3,0.0
850,candidate_1,candidate_3,candidate_2,3,0.0
851,candidate_1,candidate_3,candidate_2,3,0.0
852,candidate_1,candidate_3,candidate_2,3,0.0
853,candidate_1,candidate_3,candidate_2,3,0.0
854,candidate_1,candidate_3,candidate_2,3,0.0
855,candidate_1,candidate_3,candidate_2,3,0.0
856,candidate_1,candidate_3,candidate_2,3,0.0
857,candidate_1,candidate_3,candidate_2,3,0.0
858,candidate_1,candidate_3,candidate_2,3,0.0
859,candidate_1,candidate_3,candidate_2,3,0.0
860,candidate_1,candidate_3,candidate_2,3,0.0
861,candidate_1,candidate_3,candidate_2,3,0.0
862,candidate_1,candidate_3,candidate_2,3,0.0
863,candidate_1,candidate_3,candidate_2,3,0.0
864,candidate_1,candidate_3,candidate_2,3,0.0
865,candidate_1,candidate_3,candidate_2,3,0.0
866,candidate_1,candidate_3,candidate_2,3,0.0
867,candidate_1,candidate_3,candidate_2,3,0.0
868,candidate_1,candidate_3,candidate_2,3,0.0
869,candidate_1,candidate_3,candidate_2,3,0.0
870,candidate_1,candidate_3,candidate_2,3,0.0
871,candidate_1,candidate_3,candidate_2,3,0.0
872,candidate_1,candidate_3,candidate_2,3,0.0
873,candidate_1,candidate_3,candidate_2,3,0.0
874,candidate_1,candidate_3,candidate_2,3,0.0
875,candidate_1,candidate_3,candidate_2,3,0.0
876,candidate_1,candidate_3,candidate_2,3,0.0
877,candidate_1,candidate_3,candidate_2,3,0.0
878,candidate_1,candidate_3,candidate_2,3,0.0
879,candidate_1,candidate_3,candidate_2,3,0.0
880,candidate_1,candidate_3,candidate_2,3,0.0
881,candidate_1,candidate_3,candidate_2,3,0.0
882,candidate_1,candidate_3,candidate_2,3,0.0
883,candidate_1,candidate_3,candidate_2,3,0.0
884,candidate_1,candidate_3,candidate_2,3,0.0
885,candidate_1,candidate_3,candidate_2,3,0.0
886,candidate_1,candidate_3,candidate_2,3,0.0
887,candidate_1,candidate_3,candidate_2,3,0.0
888,candidate_1,candidate_3,candidate_2,3,0.0
889,candidate_1,candidate_3,candidate_2,3,0.0
890,candidate_1,candidate_3,candidate_2,3,0.0
891,candidate_1,candidate_3,candidate_2,3,0.0
892,candidate_1,candidate_3,candidate_2,3,0.0
893,candidate_1,candidate_3,candidate_2,3,0.0
894,candidate_1,candidate_3,candidate_2,3,0.0
895,candidate_1,candidate_3,candidate_2,3,0.0
896,candidate_1,candidate_3,candidate_2,3,0.0
897,candidate_1,candidate_3,candidate_2,3,0.0
898,candidate_1,candidate_3,candidate_2,3,0.0
899,candidate_1,candidate_3,candidate_2,3,0.0
900,candidate_1,candidate_3,candidate_2,3,0.0
901,candidate_1,candidate_3,candidate_2,3,0.0
902,candidate_1,candidate_3,candidate_2,3,0.0
903,candidate_1,candidate_3,candidate_2,3,0.0
904,candidate_1,candidate_3,candidate_2,3,0.0
905,candidate_1,candidate_3,candidate_2,3,0.0
906,candidate_1,candidate_3,candidate_2,3,0.0
907,candidate_1,candidate_3,candidate_2,3,0.0
908,candidate_1,candidate_3,candidate_2,3,0.0
909,candidate_1,candidate_3,candidate_2,3,0.0
910,candidate_1,candidate_3,candidate_2,3,0.0
911,candidate_1,candidate_3,candidate_2,3,0.0
912,candidate_1,candidate_3,candidate_2,3,0.0
913,candidate_1,candidate_3,candidate_2,3,0.0
914,candidate_1,candidate_3,candidate_2,3,0.0
915,candidate_1,candidate_3,candidate_2,3,0.0
916,candidate_1,candidate_3,candidate_2,3,0.0
917,candidate_1,candidate_3,candidate_2,3,0.0
918,candidate_1,candidate_3,candidate_2,3,0.0
919,candidate_1,candidate_3,candidate_2,3,0.0
920,candidate_1,candidate_3,candidate_2,3,0.0
921,candidate_1,candidate_3,candidate_2,3,0.0
922,candidate_1,candidate_3,candidate_2,3,0.0
923,candidate_1,candidate_3,candidate_2,3,0.0
924,candidate_1,candidate_3,candidate_2,3,0.0
925,candidate_1,candidate_3,candidate_2,3,0.0
926,candidate_1,candidate_3,candidate_2,3,0.0
927,candidate_1,candidate_3,candidate_2,3,0.0
928,candidate_1,candidate_3,candidate_2,3,0.0
929,candidate_1,candidate_3,candidate_2,3,0.0
930,candidate_1,candidate_3,candidate_2,3,0.0
931,candidate_1,candidate_3,candidate_2,3,0.0
932,candidate_1,candidate_3,candidate_2,3,0.0
933,candidate_1,candidate_3,candidate_2,3,0.0
934,candidate_1,candidate_3,candidate_2,3,0.0
935,candidate_1,candidate_3,candidate_2,3,0.0
936,candidate_1,candidate_3,candidate_2,3,0.0
937,candidate_1,candidate_3,candidate_2,3,0.0
938,candidate_1,candidate_3,candidate_2,3,0.0
939,candidate_1,candidate_3,candidate_2,3,0.0
940,candidate_1,candidate_3,candidate_2,3,0.0
941,candidate_1,candidate_3,candidate_2,3,0.0
942,candidate_1,candidate_3,candidate_2,3,0.0
943,candidate_1,candidate_3,candidate_2,3,0.0
944,candidate_1,candidate_3,candidate_2,3,0.0
945,candidate_1,candidate_3,candidate_2,3,0.0
946,candidate_1,candidate_3,candidate_2,3,0.0
947,candidate_1,candidate_3,candidate_2,3,0.0
948,candidate_1,candidate_3,candidate_2,3,0.0
949,candidate_1,candidate_3,candidate_2,3,0.0
950,candidate_1,candidate_3,candidate_2,3,0.0
951,candidate_1,candidate_3,candidate_2,3,0.0
952,candidate_1,candidate_3,candidate_2,3,0.0
953,candidate_1,candidate_3,candidate_2,3,0.0
954,candidate_1,candidate_3,candidate_2,3,0.0
955,candidate_1,candidate_3,candidate_2,3,0.0
956,candidate_1,candidate_3,candidate_2,3,0.0
957,candidate_1,candidate_3,candidate_2,3,0.0
958,candidate_1,candidate_3,candidate_2,3,0.0
959,candidate_1,candidate_3,candidate_2,3,0.0
960,candidate_1,candidate_3,candidate_2,3,0.0
961,candidate_1,candidate_3,candidate_2,3,0.0
962,candidate_1,candidate_3,candidate_2,3,0.0
963,candidate_1,candidate_3,candidate_2,3,0.0
964,candidate_1,candidate_3,candidate_2,3,0.0
965,candidate_1,candidate_3,candidate_2,3,0.0
966,candidate_1,candidate_3,candidate_2,3,0.0
967,candidate_1,candidate_3,candidate_2,3,0.0
968,candidate_1,candidate_3,candidate_2,3,0.0
969,candidate_1,candidate_3,candidate_2,3,0.0
970,candidate_1,candidate_3,candidate_2,3,0.0
971,candidate_1,candidate_3,candidate_2,3,0.0
972,candidate_1,candidate_3,candidate_2,3,0.0
973,candidate_1,candidate_3,candidate_2,3,0.0
974,candidate_1,candidate_3,candidate_2,3,0.0
975,candidate_1,candidate_3,candidate_2,3,0.0
976,candidate_1,candidate_3,candidate_2,3,0.0
977,candidate_1,candidate_3,candidate_2,3,0.0
978,candidate_1,candidate_3,candidate_2,3,0.0
979,candidate_1,candidate_3,candidate_2,3,0.0
980,candidate_1,candidate_3,candidate_2,3,0.0
981,candidate_1,candidate_3,candidate_2,3,0.0
982,candidate_1,candidate_3,candidate_2,3,0.0
983,candidate_1,candidate_3,candidate_2,3,0.0
984,candidate_1,candidate_3,candidate_2,3,0.0
985,candidate_1,candidate_3,candidate_2,3,0.0
986,candidate_1,candidate_3,candidate_2,3,0.0
987,candidate_1,candidate_3,candidate_2,3,0.0
988,candidate_1,candidate_3,candidate_2,3,0.0
989,candidate_1,candidate_3,candidate_2,3,0.0
990,candidate_1,candidate_3,candidate_2,3,0.0
991,candidate_1,candidate_3,candidate_2,3,0.0
992,candidate_1,candidate_3,candidate_2,3,0.0
993,candidate_1,candidate_3,candidate_2,3,0.0
994,candidate_1,candidate_3,candidate_2,3,0.0
995,candidate_1,candidate_3,candidate_2,3,0.0
996,candidate_1,candidate_3,candidate_2,3,0.0
997,candidate_1,candidate_3,candidate_2,3,0.0
998,candidate_1,candidate_3,candidate_2,3,0.0
999,candidate_1,candidate_3,candidate_2,3,0.0
1000,candidate_1,candidate_3,candidate_2,3,0.0
1001,candidate_1,candidate_3,candidate_2,3,0.0
1002,candidate_1,candidate_3,candidate_2,3,0.0
1003,candidate_1,candidate_3,candidate_2,3,0.0
1004,candidate_1,candidate_3,candidate_2,3,0.0
1005,candidate_1,candidate_3,candidate_2,3,0.0
1006,candidate_1,candidate_3,candidate_2,3,0.0
1007,candidate_1,candidate_3,candidate_2,3,0.0
1008,candidate_1,candidate_3,candidate_2,3,0.0
1009,candidate_1,candidate_3,candidate_2,3,0.0
1010,candidate_1,candidate_3,candidate_2,3,0.0
1011,candidate_1,candidate_3,candidate_2,3,0.0
1012,candidate_1,candidate_3,candidate_2,3,0.0
1013,candidate_1,candidate_3,candidate_2,3,0.0
1014,candidate_1,candidate_3,candidate_2,3,0.0
1015,candidate_1,candidate_3,candidate_2,3,0.0
1016,candidate_1,candidate_3,candidate_2,3,0.0
1017,candidate_1,candidate_3,candidate_2,3,0.0
1018,candidate_1,candidate_3,candidate_2,3,0.0
1019,candidate_1,candidate_3,candidate_2,3,0.0
1020,candidate_1,candidate_3,candidate_2,3,0.0
1021,candidate_1,candidate_3,candidate_2,3,0.0
1022,candidate_1,candidate_3,candidate_2,3,0.0
1023,candidate_1,candidate_3,candidate_2,3,0.0
1024,candidate_1,candidate_3,candidate_2,3,0.0
1025,candidate_1,candidate_3,candidate_2,3,0.0
1026,candidate_1,candidate_3,candidate_2,3,0.0
1027,candidate_1,candidate_3,candidate_2,3,0.0
1028,candidate_1,candidate_3,candidate_2,3,0.0
1029,candidate_1,candidate_3,candidate_2,3,0.0
1030,candidate_1,candidate_3,candidate_2,3,0.0
1031,candidate_1,candidate_3,candidate_2,3,0.0
1032,candidate_1,candidate_3,candidate_2,3,0.0
1033,candidate_1,candidate_3,candidate_2,3,0.0
1034,candidate_1,candidate_3,candidate_2,3,0.0
1035,candidate_1,candidate_3,candidate_2,3,0.0
1036,candidate_1,candidate_3,candidate_2,3,0.0
1037,candidate_1,candidate_3,candidate_2,3,0.0
1038,candidate_1,candidate_3,candidate_2,3,0.0
1039,candidate_1,candidate_3,candidate_2,3,0.0
1040,candidate_1,candidate_3,candidate_2,3,0.0
1041,candidate_1,candidate_3,candidate_2,3,0.0
1042,candidate_1,candidate_3,candidate_2,3,0.0
1043,candidate_1,candidate_3,candidate_2,3,0.0
1044,candidate_1,candidate_3,candidate_2,3,0.0
1045,candidate_1,candidate_3,candidate_2,3,0.0
1046,candidate_1,candidate_3,candidate_2,3,0.0
1047,candidate_1,candidate_3,candidate_2,3,0.0
1048,candidate_1,candidate_3,candidate_2,3,0.0
1049,candidate_1,candidate_3,candidate_2,3,0.0
1050,candidate_1,candidate_3,candidate_2,3,0.0
1051,candidate_1,candidate_3,candidate_2,3,0.0
1052,candidate_1,candidate_3,candidate_2,3,0.0
1053,candidate_1,candidate_3,candidate_2,3,0.0
1054,candidate_1,candidate_3,candidate_2,3,0.0
1055,candidate_1,candidate_3,candidate_2,3,0.0
1056,candidate_1,candidate_3,candidate_2,3,0.0
1057,candidate_1,candidate_3,candidate_2,3,0.0
1058,candidate_1,candidate_3,candidate_2,3,0.0
1059,candidate_1,candidate_3,candidate_2,3,0.0
1060,candidate_1,candidate_3,candidate_2,3,0.0
1061,candidate_1,candidate_3,candidate_2,3,0.0
1062,candidate_1,candidate_3,candidate_2,3,0.0
1063,candidate_1,candidate_3,candidate_2,3,0.0
1064,candidate_1,candidate_3,candidate_2,3,0.0
1065,candidate_1,candidate_3,candidate_2,3,0.0
1066,candidate_1,candidate_3,candidate_2,3,0.0
1067,candidate_1,candidate_3,candidate_2,3,0.0
1068,candidate_1,candidate_3,candidate_2,3,0.0
1069,candidate_1,candidate_3,candidate_2,3,0.0
1070,candidate_1,candidate_3,candidate_2,3,0.0
1071,candidate_1,candidate_3,candidate_2,3,0.0
1072,candidate_1,candidate_3,candidate_2,3,0.0
1073,candidate_1,candidate_3,candidate_2,3,0.0
1074,candidate_1,candidate_3,candidate_2,3,0.0
1075,candidate_1,candidate_3,candidate_2,3,0.0
1076,candidate_1,candidate_3,candidate_2,3,0.0
1077,candidate_1,candidate_3,candidate_2,3,0.0
1078,candidate_1,candidate_3,candidate_2,3,0.0
1079,candidate_1,candidate_3,candidate_2,3,0.0
1080,candidate_1,candidate_3,candidate_2,3,0.0
1081,candidate_1,candidate_3,candidate_2,3,0.0
1082,candidate_1,candidate_3,candidate_2,3,0.0
1083,candidate_1,candidate_3,candidate_2,3,0.0
1084,candidate_1,candidate_3,candidate_2,3,0.0
1085,candidate_1,candidate_3,candidate_2,3,0.0
1086,candidate_1,candidate_3,candidate_2,3,0.0
1087,candidate_1,candidate_3,candidate_2,3,0.0
1088,candidate_1,candidate_3,candidate_2,3,0.0
1089,candidate_1,candidate_3,candidate_2,3,0.0
1090,candidate_1,candidate_3,candidate_2,3,0.0
1091,candidate_1,candidate_3,candidate_2,3,0.0
1092,candidate_1,candidate_3,candidate_2,3,0.0
1093,candidate_1,candidate_3,candidate_2,3,0.0
1094,candidate_1,candidate_3,candidate_2,3,0.0
1095,candidate_1,candidate_3,candidate_2,3,0.0
1096,candidate_1,candidate_3,candidate_2,3,0.0
1097,candidate_1,candidate_3,candidate_2,3,0.0
1098,candidate_1,candidate_3,candidate_2,3,0.0
1099,candidate_1,candidate_3,candidate_2,3,0.0
1100,candidate_1,candidate_3,candidate_2,3,0.0
1101,candidate_1,candidate_3,candidate_2,3,0.0
1102,candidate_1,candidate_3,candidate_2,3,0.0
1103,candidate_1,candidate_3,candidate_2,3,0.0
1104,candidate_1,candidate_3,candidate_2,3,0.0
1105,candidate_1,candidate_3,candidate_2,3,0.0
1106,candidate_1,candidate_3,candidate_2,3,0.0
1107,candidate_1,candidate_3,candidate_2,3,0.0
1108,candidate_1,candidate_3,candidate_2,3,0.0
1109,candidate_1,candidate_3,candidate_2,3,0.0
1110,candidate_1,candidate_3,candidate_2,3,0.0
1111,candidate_1,candidate_3,candidate_2,3,0.0
1112,candidate_1,candidate_3,candidate_2,3,0.0
1113,candidate_1,candidate_3,candidate_2,3,0.0
1114,candidate_1,candidate_3,candidate_2,3,0.0
1115,candidate_1,candidate_3,candidate_2,3,0.0
1116,candidate_1,candidate_3,candidate_2,3,0.0
1117,candidate_1,candidate_3,candidate_2,3,0.0
1118,candidate_1,candidate_3,candidate_2,3,0.0
1119,candidate_1,candidate_3,candidate_2,3,0.0
1120,candidate_1,candidate_3,candidate_2,3,0.0
1121,candidate_1,candidate_3,candidate_2,3,0.0
1122,candidate_1,candidate_3,candidate_2,3,0.0
1123,candidate_1,candidate_3,candidate_2,3,0.0
1124,candidate_1,candidate_3,candidate_2,3,0.0
1125,candidate_1,candidate_3,candidate_2,3,0.0
1126,candidate_1,candidate_3,candidate_2,3,0.0
1127,candidate_1,candidate_3,candidate_2,3,0.0
1128,candidate_1,candidate_3,candidate_2,3,0.0
1129,candidate_1,candidate_3,candidate_2,3,0.0
1130,candidate_1,candidate_3,candidate_2,3,0.0
1131,candidate_1,candidate_3,candidate_2,3,0.0
1132,candidate_1,candidate_3,candidate_2,3,0.0
1133,candidate_1,candidate_3,candidate_2,3,0.0
1134,candidate_1,candidate_3,candidate_2,3,0.0
1135,candidate_1,candidate_3,candidate_2,3,0.0
1136,candidate_1,candidate_3,candidate_2,3,0.0
1137,candidate_1,candidate_3,candidate_2,3,0.0
1138,candidate_1,candidate_3,candidate_2,3,0.0
1139,candidate_1,candidate_3,candidate_2,3,0.0
1140,candidate_1,candidate_3,candidate_2,3,0.0
1141,candidate_1,candidate_3,candidate_2,3,0.0
1142,candidate_1,candidate_3,candidate_2,3,0.0
1143,candidate_1,candidate_3,candidate_2,3,0.0
1144,candidate_1,candidate_3,candidate_2,3,0.0
1145,candidate_1,candidate_3,candidate_2,3,0.0
1146,candidate_1,candidate_3,candidate_2,3,0.0
1147,candidate_1,candidate_3,candidate_2,3,0.0
1148,candidate_1,candidate_3,candidate_2,3,0.0
1149,candidate_1,candidate_3,candidate_2,3,0.0
1150,candidate_1,candidate_3,candidate_2,3,0.0
1151,candidate_1,candidate_3,candidate_2,3,0.0
1152,candidate_1,candidate_3,candidate_2,3,0.0
1153,candidate_1,candidate_3,candidate_2,3,0.0
1154,candidate_1,candidate_3,candidate_2,3,0.0
1155,candidate_1,candidate_3,candidate_2,3,0.0
1156,candidate_1,candidate_3,candidate_2,3,0.0
1157,candidate_1,candidate_3,candidate_2,3,0.0
1158,candidate_1,candidate_3,candidate_2,3,0.0
1159,candidate_1,candidate_3,candidate_2,3,0.0
1160,candidate_1,candidate_3,candidate_2,3,0.0
1161,candidate_1,candidate_3,candidate_2,3,0.0
1162,candidate_1,candidate_3,candidate_2,3,0.0
1163,candidate_1,candidate_3,candidate_2,3,0.0
1164,candidate_1,candidate_3,candidate_2,3,0.0
1165,candidate_1,candidate_3,candidate_2,3,0.0
1166,candidate_1,candidate_3,candidate_2,3,0.0
1167,candidate_1,candidate_3,candidate_2,3,0.0
1168,candidate_1,candidate_3,candidate_2,3,0.0
1169,candidate_1,candidate_3,candidate_2,3,0.0
1170,candidate_1,candidate_3,candidate_2,3,0.0
1171,candidate_1,candidate_3,candidate_2,3,0.0
1172,candidate_1,candidate_3,candidate_2,3,0.0
1173,candidate_1,candidate_3,candidate_2,3,0.0
1174,candidate_1,candidate_3,candidate_2,3,0.0
1175,candidate_1,candidate_3,candidate_2,3,0.0
1176,candidate_1,candidate_3,candidate_2,3,0.0
1177,candidate_1,candidate_3,candidate_2,3,0.0
1178,candidate_1,candidate_3,candidate_2,3,0.0
1179,candidate_1,candidate_3,candidate_2,3,0.0
1180,candidate_1,candidate_3,candidate_2,3,0.0
1181,candidate_1,candidate_3,candidate_2,3,0.0
1182,candidate_1,candidate_3,candidate_2,3,0.0
1183,candidate_1,candidate_3,candidate_2,3,0.0
1184,candidate_1,candidate_3,candidate_2,3,0.0
1185,candidate_1,candidate_3,candidate_2,3,0.0
1186,candidate_1,candidate_3,candidate_2,3,0.0
1187,candidate_1,candidate_3,candidate_2,3,0.0
1188,candidate_1,candidate_3,candidate_2,3,0.0
1189,candidate_1,candidate_3,candidate_2,3,0.0
1190,candidate_1,candidate_3,candidate_2,3,0.0
1191,candidate_1,candidate_3,candidate_2,3,0.0
1192,candidate_1,candidate_3,candidate_2,3,0.0
1193,candidate_1,candidate_3,candidate_2,3,0.0
1194,candidate_1,candidate_3,candidate_2,3,0.0
1195,candidate_1,candidate_3,candidate_2,3,0.0
1196,candidate_1,candidate_3,candidate_2,3,0.0
1197,candidate_1,candidate_3,candidate_2,3,0.0
1198,candidate_1,candidate_3,candidate_2,3,0.0
1199,candidate_1,candidate_3,candidate_2,3,0.0
1200,candidate_1,candidate_3,candidate_2,3,0.0
1201,candidate_1,candidate_3,candidate_2,3,0.0
1202,candidate_1,candidate_3,candidate_2,3,0.0
1203,candidate_1,candidate_3,candidate_2,3,0.0
1204,candidate_1,candidate_3,candidate_2,3,0.0
1205,candidate_1,candidate_3,candidate_2,3,0.0
1206,candidate_1,candidate_3,candidate_2,3,0.0
1207,candidate_1,candidate_3,candidate_2,3,0.0
1208,candidate_1,candidate_3,candidate_2,3,0.0
1209,candidate_1,candidate_3,candidate_2,3,0.0
1210,candidate_1,candidate_3,candidate_2,3,0.0
1211,candidate_1,candidate_3,candidate_2,3,0.0
1212,candidate_1,candidate_3,candidate_2,3,0.0
1213,candidate_1,candidate_3,candidate_2,3,0.0
1214,candidate_1,candidate_3,candidate_2,3,0.0
1215,candidate_1,candidate_3,candidate_2,3,0.0
1216,candidate_1,candidate_3,candidate_2,3,0.0
1217,candidate_1,candidate_3,candidate_2,3,0.0
1218,candidate_1,candidate_3,candidate_2,3,0.0
1219,candidate_1,candidate_3,candidate_2,3,0.0
1220,candidate_1,candidate_3,candidate_2,3,0.0
1221,candidate_1,candidate_3,candidate_2,3,0.0
1222,candidate_1,candidate_3,candidate_2,3,0.0
1223,candidate_1,candidate_3,candidate_2,3,0.0
1224,candidate_1,candidate_3,candidate_2,3,0.0
1225,candidate_1,candidate_3,candidate_2,3,0.0
1226,candidate_1,candidate_3,candidate_2,3,0.0
1227,candidate_1,candidate_3,candidate_2,3,0.0
1228,candidate_1,candidate_3,candidate_2,3,0.0
1229,candidate_1,candidate_3,candidate_2,3,0.0
1230,candidate_1,candidate_3,candidate_2,3,0.0
1231,candidate_1,candidate_3,candidate_2,3,0.0
1232,candidate_1,candidate_3,candidate_2,3,0.0
1233,candidate_1,candidate_3,candidate_2,3,0.0
1234,candidate_1,candidate_3,candidate_2,3,0.0
1235,candidate_1,candidate_3,candidate_2,3,0.0
1236,candidate_1,candidate_3,candidate_2,3,0.0
1237,candidate_1,candidate_3,candidate_2,3,0.0
1238,candidate_1,candidate_3,candidate_2,3,0.0
1239,candidate_1,candidate_3,candidate_2,3,0.0
1240,candidate_1,candidate_3,candidate_2,3,0.0
1241,candidate_1,candidate_3,candidate_2,3,0.0
1242,candidate_1,candidate_3,candidate_2,3,0.0
1243,candidate_1,candidate_3,candidate_2,3,0.0
1244,candidate_1,candidate_3,candidate_2,3,0.0
1245,candidate_1,candidate_3,candidate_2,3,0.0
1246,candidate_1,candidate_3,candidate_2,3,0.0
1247,candidate_1,candidate_3,candidate_2,3,0.0
1248,candidate_1,candidate_3,candidate_2,3,0.0
1249,candidate_1,candidate_3,candidate_2,3,0.0
1250,candidate_1,candidate_3,candidate_2,3,0.0
1251,candidate_1,candidate_3,candidate_2,3,0.0
1252,candidate_1,candidate_3,candidate_2,3,0.0
1253,candidate_1,candidate_3,candidate_2,3,0.0
1254,candidate_1,candidate_3,candidate_2,3,0.0
1255,candidate_1,candidate_3,candidate_2,3,0.0
1256,candidate_1,candidate_3,candidate_2,3,0.0
1257,candidate_1,candidate_3,candidate_2,3,0.0
1258,candidate_1,candidate_3,candidate_2,3,0.0
1259,candidate_1,candidate_3,candidate_2,3,0.0
1260,candidate_1,candidate_3,candidate_2,3,0.0
1261,candidate_1,candidate_3,candidate_2,3,0.0
1262,candidate_1,candidate_3,candidate_2,3,0.0
1263,candidate_1,candidate_3,candidate_2,3,0.0
1264,candidate_1,candidate_3,candidate_2,3,0.0
1265,candidate_1,candidate_3,candidate_2,3,0.0
1266,candidate_1,candidate_3,candidate_2,3,0.0
1267,candidate_1,candidate_3,candidate_2,3,0.0
1268,candidate_1,candidate_3,candidate_2,3,0.0
1269,candidate_1,candidate_3,candidate_2,3,0.0
1270,candidate_1,candidate_3,candidate_2,3,0.0
1271,candidate_1,candidate_3,candidate_2,3,0.0
1272,candidate_1,candidate_3,candidate_2,3,0.0
1273,candidate_1,candidate_3,candidate_2,3,0.0
1274,candidate_1,candidate_3,candidate_2,3,0.0
1275,candidate_1,candidate_3,candidate_2,3,0.0
1276,candidate_1,candidate_3,candidate_2,3,0.0
1277,candidate_1,candidate_3,candidate_2,3,0.0
1278,candidate_1,candidate_3,candidate_2,3,0.0
1279,candidate_1,candidate_3,candidate_2,3,0.0
1280,candidate_1,candidate_3,candidate_2,3,0.0
1281,candidate_1,candidate_3,candidate_2,3,0.0
1282,candidate_1,candidate_3,candidate_2,3,0.0
1283,candidate_1,candidate_3,candidate_2,3,0.0
1284,candidate_1,candidate_3,candidate_2,3,0.0
1285,candidate_1,candidate_3,candidate_2,3,0.0
1286,candidate_1,candidate_3,candidate_2,3,0.0
1287,candidate_1,candidate_3,candidate_2,3,0.0
1288,candidate_1,candidate_3,candidate_2,3,0.0
1289,candidate_1,candidate_3,candidate_2,3,0.0
1290,candidate_1,candidate_3,candidate_2,3,0.0
1291,candidate_1,candidate_3,candidate_2,3,0.0
1292,candidate_1,candidate_3,candidate_2,3,0.0
1293,candidate_1,candidate_3,candidate_2,3,0.0
1294,candidate_1,candidate_3,candidate_2,3,0.0
1295,candidate_1,candidate_3,candidate_2,3,0.0
1296,candidate_1,candidate_3,candidate_2,3,0.0
1297,candidate_1,candidate_3,candidate_2,3,0.0
1298,candidate_1,candidate_3,candidate_2,3,0.0
1299,candidate_1,candidate_3,candidate_2,3,0.0
1300,candidate_1,candidate_3,candidate_2,3,0.0
1301,candidate_1,candidate_3,candidate_2,3,0.0
1302,candidate_1,candidate_3,candidate_2,3,0.0
1303,candidate_1,candidate_3,candidate_2,3,0.0
1304,candidate_1,candidate_3,candidate_2,3,0.0
1305,candidate_1,candidate_3,candidate_2,3,0.0
1306,candidate_1,candidate_3,candidate_2,3,0.0
1307,candidate_1,candidate_3,candidate_2,3,0.0
1308,candidate_1,candidate_3,candidate_2,3,0.0
1309,candidate_1,candidate_3,candidate_2,3,0.0
1310,candidate_1,candidate_3,candidate_2,3,0.0
1311,candidate_1,candidate_3,candidate_2,3,0.0
1312,candidate_1,candidate_3,candidate_2,3,0.0
1313,candidate_1,candidate_3,candidate_2,3,0.0
1314,candidate_1,candidate_3,candidate_2,3,0.0
1315,candidate_1,candidate_3,candidate_2,3,0.0
1316,candidate_1,candidate_3,candidate_2,3,0.0
1317,candidate_1,candidate_3,candidate_2,3,0.0
1318,candidate_1,candidate_3,candidate_2,3,0.0
1319,candidate_1,candidate_3,candidate_2,3,0.0
1320,candidate_1,candidate_3,candidate_2,3,0.0
1321,candidate_1,candidate_3,candidate_2,3,0.0
1322,candidate_1,candidate_3,candidate_2,3,0.0
1323,candidate_1,candidate_3,candidate_2,3,0.0
1324,candidate_1,candidate_3,candidate_2,3,0.0
1325,candidate_1,candidate_3,candidate_2,3,0.0
1326,candidate_1,candidate_3,candidate_2,3,0.0
1327,candidate_1,candidate_3,candidate_2,3,0.0
1328,candidate_1,candidate_3,candidate_2,3,0.0
1329,candidate_1,candidate_3,candidate_2,3,0.0
1330,candidate_1,candidate_3,candidate_2,3,0.0
1331,candidate_1,candidate_3,candidate_2,3,0.0
1332,candidate_1,candidate_3,candidate_2,3,0.0
1333,candidate_1,candidate_3,candidate_2,3,0.0
1334,candidate_1,candidate_3,candidate_2,3,0.0
1335,candidate_1,candidate_3,candidate_2,3,0.0
1336,candidate_1,candidate_3,candidate_2,3,0.0
1337,candidate_1,candidate_3,candidate_2,3,0.0
1338,candidate_1,candidate_3,candidate_2,3,0.0
1339,candidate_1,candidate_3,candidate_2,3,0.0
1340,candidate_1,candidate_3,candidate_2,3,0.0
1341,candidate_1,candidate_3,candidate_2,3,0.0
1342,candidate_1,candidate_3,candidate_2,3,0.0
1343,candidate_1,candidate_3,candidate_2,3,0.0
1344,candidate_1,candidate_3,candidate_2,3,0.0
1345,candidate_1,candidate_3,candidate_2,3,0.0
1346,candidate_1,candidate_3,candidate_2,3,0.0
1347,candidate_1,candidate_3,candidate_2,3,0.0
1348,candidate_1,candidate_3,candidate_2,3,0.0
1349,candidate_1,candidate_3,candidate_2,3,0.0
1350,candidate_1,candidate_3,candidate_2,3,0.0
1351,candidate_1,candidate_3,candidate_2,3,0.0
1352,candidate_1,candidate_3,candidate_2,3,0.0
1353,candidate_1,candidate_3,candidate_2,3,0.0
1354,candidate_1,candidate_3,candidate_2,3,0.0
1355,candidate_1,candidate_3,candidate_2,3,0.0
1356,candidate_1,candidate_3,candidate_2,3,0.0
1357,candidate_1,candidate_3,candidate_2,3,0.0
1358,candidate_1,candidate_3,candidate_2,3,0.0
1359,candidate_1,candidate_3,candidate_2,3,0.0
1360,candidate_1,candidate_3,candidate_2,3,0.0
1361,candidate_1,candidate_3,candidate_2,3,0.0
1362,candidate_1,candidate_3,candidate_2,3,0.0
1363,candidate_1,candidate_3,candidate_2,3,0.0
1364,candidate_1,candidate_3,candidate_2,3,0.0
1365,candidate_1,candidate_3,candidate_2,3,0.0
1366,candidate_1,candidate_3,candidate_2,3,0.0
1367,candidate_1,candidate_3,candidate_2,3,0.0
1368,candidate_1,candidate_3,candidate_2,3,0.0
1369,candidate_1,candidate_3,candidate_2,3,0.0
1370,candidate_1,candidate_3,candidate_2,3,0.0
1371,candidate_1,candidate_3,candidate_2,3,0.0
1372,candidate_1,candidate_3,candidate_2,3,0.0
1373,candidate_1,candidate_3,candidate_2,3,0.0
1374,candidate_1,candidate_3,candidate_2,3,0.0
1375,candidate_1,candidate_3,candidate_2,3,0.0
1376,candidate_1,candidate_3,candidate_2,3,0.0
1377,candidate_1,candidate_3,candidate_2,3,0.0
1378,candidate_1,candidate_3,candidate_2,3,0.0
1379,candidate_1,candidate_3,candidate_2,3,0.0
1380,candidate_1,candidate_3,candidate_2,3,0.0
1381,candidate_1,candidate_3,candidate_2,3,0.0
1382,candidate_1,candidate_3,candidate_2,3,0.0
1383,candidate_1,candidate_3,candidate_2,3,0.0
1384,candidate_1,candidate_3,candidate_2,3,0.0
1385,candidate_1,candidate_3,candidate_2,3,0.0
1386,candidate_1,candidate_3,candidate_2,3,0.0
1387,candidate_1,candidate_3,candidate_2,3,0.0
1388,candidate_1,candidate_3,candidate_2,3,0.0
1389,candidate_1,candidate_3,candidate_2,3,0.0
1390,candidate_1,candidate_3,candidate_2,3,0.0
1391,candidate_1,candidate_3,candidate_2,3,0.0
1392,candidate_1,candidate_3,candidate_2,3,0.0
1393,candidate_1,candidate_3,candidate_2,3,0.0
1394,candidate_1,candidate_3,candidate_2,3,0.0
1395,candidate_1,candidate_3,candidate_2,3,0.0
1396,candidate_1,candidate_3,candidate_2,3,0.0
1397,candidate_1,candidate_3,candidate_2,3,0.0
1398,candidate_1,candidate_3,candidate_2,3,0.0
1399,candidate_1,candidate_3,candidate_2,3,0.0
1400,candidate_1,candidate_3,candidate_2,3,0.0
1401,candidate_1,candidate_3,candidate_2,3,0.0
1402,candidate_1,candidate_3,candidate_2,3,0.0
1403,candidate_1,candidate_3,candidate_2,3,0.0
1404,candidate_1,candidate_3,candidate_2,3,0.0
1405,candidate_1,candidate_3,candidate_2,3,0.0
1406,candidate_1,candidate_3,candidate_2,3,0.0
1407,candidate_1,candidate_3,candidate_2,3,0.0
1408,candidate_1,candidate_3,candidate_2,3,0.0
1409,candidate_1,candidate_3,candidate_2,3,0.0
1410,candidate_1,candidate_3,candidate_2,3,0.0
1411,candidate_1,candidate_3,candidate_2,3,0.0
1412,candidate_1,candidate_3,candidate_2,3,0.0
1413,candidate_1,candidate_3,candidate_2,3,0.0
1414,candidate_1,candidate_3,candidate_2,3,0.0
1415,candidate_1,candidate_3,candidate_2,3,0.0
1416,candidate_1,candidate_3,candidate_2,3,0.0
1417,candidate_1,candidate_3,candidate_2,3,0.0
1418,candidate_1,candidate_3,candidate_2,3,0.0
1419,candidate_1,candidate_3,candidate_2,3,0.0
1420,candidate_1,candidate_3,candidate_2,3,0.0
1421,candidate_1,candidate_3,candidate_2,3,0.0
1422,candidate_1,candidate_3,candidate_2,3,0.0
1423,candidate_1,candidate_3,candidate_2,3,0.0
1424,candidate_1,candidate_3,candidate_2,3,0.0
1425,candidate_1,candidate_3,candidate_2,3,0.0
1426,candidate_1,candidate_3,candidate_2,3,0.0
1427,candidate_1,candidate_3,candidate_2,3,0.0
1428,candidate_1,candidate_3,candidate_2,3,0.0
1429,candidate_1,candidate_3,candidate_2,3,0.0
1430,candidate_1,candidate_3,candidate_2,3,0.0
1431,candidate_1,candidate_3,candidate_2,3,0.0
1432,candidate_1,candidate_3,candidate_2,3,0.0
1433,candidate_1,candidate_3,candidate_2,3,0.0
1434,candidate_1,candidate_3,candidate_2,3,0.0
1435,candidate_1,candidate_3,candidate_2,3,0.0
1436,candidate_1,candidate_3,candidate_2,3,0.0
1437,candidate_1,candidate_3,candidate_2,3,0.0
1438,candidate_1,candidate_3,candidate_2,3,0.0
1439,candidate_1,candidate_3,candidate_2,3,0.0
1440,candidate_1,candidate_3,candidate_2,3,0.0
1441,candidate_1,candidate_3,candidate_2,3,0.0
1442,candidate_1,candidate_3,candidate_2,3,0.0
1443,candidate_1,candidate_3,candidate_2,3,0.0
1444,candidate_1,candidate_3,candidate_2,3,0.0
1445,candidate_1,candidate_3,candidate_2,3,0.0
1446,candidate_1,candidate_3,candidate_2,3,0.0
1447,candidate_1,candidate_3,candidate_2,3,0.0
1448,candidate_1,candidate_3,candidate_2,3,0.0
1449,candidate_1,candidate_3,candidate_2,3,0.0
1450,candidate_1,candidate_3,candidate_2,3,0.0
1451,candidate_1,candidate_3,candidate_2,3,0.0
1452,candidate_1,candidate_3,candidate_2,3,0.0
1453,candidate_1,candidate_3,candidate_2,3,0.0
1454,candidate_1,candidate_3,candidate_2,3,0.0
1455,candidate_1,candidate_3,candidate_2,3,0.0
1456,candidate_1,candidate_3,candidate_2,3,0.0
1457,candidate_1,candidate_3,candidate_2,3,0.0
1458,candidate_1,candidate_3,candidate_2,3,0.0
1459,candidate_1,candidate_3,candidate_2,3,0.0
1460,candidate_1,candidate_3,candidate_2,3,0.0
1461,candidate_1,candidate_3,candidate_2,3,0.0
1462,candidate_1,candidate_3,candidate_2,3,0.0
1463,candidate_1,candidate_3,candidate_2,3,0.0
1464,candidate_1,candidate_3,candidate_2,3,0.0
1465,candidate_1,candidate_3,candidate_2,3,0.0
1466,candidate_1,candidate_3,candidate_2,3,0.0
1467,candidate_1,candidate_3,candidate_2,3,0.0
1468,candidate_1,candidate_3,candidate_2,3,0.0
1469,candidate_1,candidate_3,candidate_2,3,0.0
1470,candidate_1,candidate_3,candidate_2,3,0.0
1471,candidate_1,candidate_3,candidate_2,3,0.0
1472,candidate_1,candidate_3,candidate_2,3,0.0
1473,candidate_1,candidate_3,candidate_2,3,0.0
1474,candidate_1,candidate_3,candidate_2,3,0.0
1475,candidate_1,candidate_3,candidate_2,3,0.0
1476,candidate_1,candidate_3,candidate_2,3,0.0
1477,candidate_1,candidate_3,candidate_2,3,0.0
1478,candidate_1,candidate_3,candidate_2,3,0.0
1479,candidate_1,candidate_3,candidate_2,3,0.0
1480,candidate_1,candidate_3,candidate_2,3,0.0
1481,candidate_1,candidate_3,candidate_2,3,0.0
1482,candidate_1,candidate_3,candidate_2,3,0.0
1483,candidate_1,candidate_3,candidate_2,3,0.0
1484,candidate_1,candidate_3,candidate_2,3,0.0
1485,candidate_1,candidate_3,candidate_2,3,0.0
1486,candidate_1,candidate_3,candidate_2,3,0.0
1487,candidate_1,candidate_3,candidate_2,3,0.0
1488,candidate_1,candidate_3,candidate_2,3,0.0
1489,candidate_1,candidate_3,candidate_2,3,0.0
1490,candidate_1,candidate_3,candidate_2,3,0.0
1491,candidate_1,candidate_3,candidate_2,3,0.0
1492,candidate_1,candidate_3,candidate_2,3,0.0
1493,candidate_1,candidate_3,candidate_2,3,0.0
1494,candidate_1,candidate_3,candidate_2,3,0.0
1495,candidate_1,candidate_3,candidate_2,3,0.0
1496,candidate_1,candidate_3,candidate_2,3,0.0
1497,candidate_1,candidate_3,candidate_2,3,0.0
1498,candidate_1,candidate_3,candidate_2,3,0.0
1499,candidate_1,candidate_3,candidate_2,3,0.0
1500,candidate_1,candidate_3,candidate_2,3,0.0
1501,candidate_1,candidate_3,candidate_2,3,0.0
1502,candidate_1,candidate_3,candidate_2,3,0.0
1503,candidate_1,candidate_3,candidate_2,3,0.0
1504,candidate_1,candidate_3,candidate_2,3,0.0
1505,candidate_1,candidate_3,candidate_2,3,0.0
1506,candidate_1,candidate_3,candidate_2,3,0.0
1507,candidate_1,candidate_3,candidate_2,3,0.0
1508,candidate_1,candidate_3,candidate_2,3,0.0
1509,candidate_1,candidate_3,candidate_2,3,0.0
1510,candidate_1,candidate_3,candidate_2,3,0.0
1511,candidate_1,candidate_3,candidate_2,3,0.0
1512,candidate_1,candidate_3,candidate_2,3,0.0
1513,candidate_1,candidate_3,candidate_2,3,0.0
1514,candidate_1,candidate_3,candidate_2,3,0.0
1515,candidate_1,candidate_3,candidate_2,3,0.0
1516,candidate_1,candidate_3,candidate_2,3,0.0
1517,candidate_1,candidate_3,candidate_2,3,0.0
1518,candidate_1,candidate_3,candidate_2,3,0.0
1519,candidate_1,candidate_3,candidate_2,3,0.0
1520,candidate_1,candidate_3,candidate_2,3,0.0
1521,candidate_1,candidate_3,candidate_2,3,0.0
1522,candidate_1,candidate_3,candidate_2,3,0.0
1523,candidate_1,candidate_3,candidate_2,3,0.0
1524,candidate_1,candidate_3,candidate_2,3,0.0
1525,candidate_1,candidate_3,candidate_2,3,0.0
1526,candidate_1,candidate_3,candidate_2,3,0.0
1527,candidate_1,candidate_3,candidate_2,3,0.0
1528,candidate_1,candidate_3,candidate_2,3,0.0
1529,candidate_1,candidate_3,candidate_2,3,0.0
1530,candidate_1,candidate_3,candidate_2,3,0.0
1531,candidate_1,candidate_3,candidate_2,3,0.0
1532,candidate_1,candidate_3,candidate_2,3,0.0
1533,candidate_1,candidate_3,candidate_2,3,0.0
1534,candidate_1,candidate_3,candidate_2,3,0.0
1535,candidate_1,candidate_3,candidate_2,3,0.0
1536,candidate_1,candidate_3,candidate_2,3,0.0
1537,candidate_1,candidate_3,candidate_2,3,0.0
1538,candidate_1,candidate_3,candidate_2,3,0.0
1539,candidate_1,candidate_3,candidate_2,3,0.0
1540,candidate_1,candidate_3,candidate_2,3,0.0
1541,candidate_1,candidate_3,candidate_2,3,0.0
1542,candidate_1,candidate_3,candidate_2,3,0.0
1543,candidate_1,candidate_3,candidate_2,3,0.0
1544,candidate_1,candidate_3,candidate_2,3,0.0
1545,candidate_1,candidate_3,candidate_2,3,0.0
1546,candidate_1,candidate_3,candidate_2,3,0.0
1547,candidate_1,candidate_3,candidate_2,3,0.0
1548,candidate_1,candidate_3,candidate_2,3,0.0
1549,candidate_1,candidate_3,candidate_2,3,0.0
1550,candidate_1,candidate_3,candidate_2,3,0.0
1551,candidate_1,candidate_3,candidate_2,3,0.0
1552,candidate_1,candidate_3,candidate_2,3,0.0
1553,candidate_1,candidate_3,candidate_2,3,0.0
1554,candidate_1,candidate_3,candidate_2,3,0.0
1555,candidate_1,candidate_3,candidate_2,3,0.0
1556,candidate_1,candidate_3,candidate_2,3,0.0
1557,candidate_1,candidate_3,candidate_2,3,0.0
1558,candidate_1,candidate_3,candidate_2,3,0.0
1559,candidate_1,candidate_3,candidate_2,3,0.0
1560,candidate_1,candidate_3,candidate_2,3,0.0
1561,candidate_1,candidate_3,candidate_2,3,0.0
1562,candidate_1,candidate_3,candidate_2,3,0.0
1563,candidate_1,candidate_3,candidate_2,3,0.0
1564,candidate_1,candidate_3,candidate_2,3,0.0
1565,candidate_1,candidate_3,candidate_2,3,0.0
1566,candidate_1,candidate_3,candidate_2,3,0.0
1567,candidate_1,candidate_3,candidate_2,3,0.0
1568,candidate_1,candidate_3,candidate_2,3,0.0
1569,candidate_1,candidate_3,candidate_2,3,0.0
1570,candidate_1,candidate_3,candidate_2,3,0.0
1571,candidate_1,candidate_3,candidate_2,3,0.0
1572,candidate_1,candidate_3,candidate_2,3,0.0
1573,candidate_1,candidate_3,candidate_2,3,0.0
1574,candidate_1,candidate_3,candidate_2,3,0.0
1575,candidate_1,candidate_3,candidate_2,3,0.0
1576,candidate_1,candidate_3,candidate_2,3,0.0
1577,candidate_1,candidate_3,candidate_2,3,0.0
1578,candidate_1,candidate_3,candidate_2,3,0.0
1579,candidate_1,candidate_3,candidate_2,3,0.0
1580,candidate_1,candidate_3,candidate_2,3,0.0
1581,candidate_1,candidate_3,candidate_2,3,0.0
1582,candidate_1,candidate_3,candidate_2,3,0.0
1583,candidate_1,candidate_3,candidate_2,3,0.0
1584,candidate_1,candidate_3,candidate_2,3,0.0
1585,candidate_1,candidate_3,candidate_2,3,0.0
1586,candidate_1,candidate_3,candidate_2,3,0.0
1587,candidate_1,candidate_3,candidate_2,3,0.0
1588,candidate_1,candidate_3,candidate_2,3,0.0
1589,candidate_1,candidate_3,candidate_2,3,0.0
1590,candidate_1,candidate_3,candidate_2,3,0.0
1591,candidate_1,candidate_3,candidate_2,3,0.0
1592,candidate_1,candidate_3,candidate_2,3,0.0
1593,candidate_1,candidate_3,candidate_2,3,0.0
1594,candidate_1,candidate_3,candidate_2,3,0.0
1595,candidate_1,candidate_3,candidate_2,3,0.0
1596,candidate_1,candidate_3,candidate_2,3,0.0
1597,candidate_1,candidate_3,candidate_2,3,0.0
1598,candidate_1,candidate_3,candidate_2,3,0.0
1599,candidate_1,candidate_3,candidate_2,3,0.0
1600,candidate_1,candidate_3,candidate_2,3,0.0
1601,candidate_1,candidate_3,candidate_2,3,0.0
1602,candidate_1,candidate_3,candidate_2,3,0.0
1603,candidate_1,candidate_3,candidate_2,3,0.0
1604,candidate_1,candidate_3,candidate_2,3,0.0
1605,candidate_1,candidate_3,candidate_2,3,0.0
1606,candidate_1,candidate_3,candidate_2,3,0.0
1607,candidate_1,candidate_3,candidate_2,3,0.0
1608,candidate_1,candidate_3,candidate_2,3,0.0
1609,candidate_1,candidate_3,candidate_2,3,0.0
1610,candidate_1,candidate_3,candidate_2,3,0.0
1611,candidate_1,candidate_3,candidate_2,3,0.0
1612,candidate_1,candidate_3,candidate_2,3,0.0
1613,candidate_1,candidate_3,candidate_2,3,0.0
1614,candidate_1,candidate_3,candidate_2,3,0.0
1615,candidate_1,candidate_3,candidate_2,3,0.0
1616,candidate_1,candidate_3,candidate_2,3,0.0
1617,candidate_1,candidate_3,candidate_2,3,0.0
1618,candidate_1,candidate_3,candidate_2,3,0.0
1619,candidate_1,candidate_3,candidate_2,3,0.0
1620,candidate_1,candidate_3,candidate_2,3,0.0
1621,candidate_1,candidate_3,candidate_2,3,0.0
1622,candidate_1,candidate_3,candidate_2,3,0.0
1623,candidate_1,candidate_3,candidate_2,3,0.0
1624,candidate_1,candidate_3,candidate_2,3,0.0
1625,candidate_1,candidate_3,candidate_2,3,0.0
1626,candidate_1,candidate_3,candidate_2,3,0.0
1627,candidate_1,candidate_3,candidate_2,3,0.0
1628,candidate_1,candidate_3,candidate_2,3,0.0
1629,candidate_1,candidate_3,candidate_2,3,0.0
1630,candidate_1,candidate_3,candidate_2,3,0.0
1631,candidate_1,candidate_3,candidate_2,3,0.0
1632,candidate_1,candidate_3,candidate_2,3,0.0
1633,candidate_1,candidate_3,candidate_2,3,0.0
1634,candidate_1,candidate_3,candidate_2,3,0.0
1635,candidate_1,candidate_3,candidate_2,3,0.0
1636,candidate_1,candidate_3,candidate_2,3,0.0
1637,candidate_1,candidate_3,candidate_2,3,0.0
1638,candidate_1,candidate_3,candidate_2,3,0.0
1639,candidate_1,candidate_3,candidate_2,3,0.0
1640,candidate_1,candidate_3,candidate_2,3,0.0
1641,candidate_1,candidate_3,candidate_2,3,0.0
1642,candidate_1,candidate_3,candidate_2,3,0.0
1643,candidate_1,candidate_3,candidate_2,3,0.0
1644,candidate_1,candidate_3,candidate_2,3,0.0
1645,candidate_1,candidate_3,candidate_2,3,0.0
1646,candidate_1,candidate_3,candidate_2,3,0.0
1647,candidate_1,candidate_3,candidate_2,3,0.0
1648,candidate_1,candidate_3,candidate_2,3,0.0
1649,candidate_1,candidate_3,candidate_2,3,0.0
1650,candidate_1,candidate_3,candidate_2,3,0.0
1651,candidate_1,candidate_3,candidate_2,3,0.0
1652,candidate_1,candidate_3,candidate_2,3,0.0
1653,candidate_1,candidate_3,candidate_2,3,0.0
1654,candidate_1,candidate_3,candidate_2,3,0.0
1655,candidate_1,candidate_3,candidate_2,3,0.0
1656,candidate_1,candidate_3,candidate_2,3,0.0
1657,candidate_1,candidate_3,candidate_2,3,0.0
1658,candidate_1,candidate_3,candidate_2,3,0.0
1659,candidate_1,candidate_3,candidate_2,3,0.0
1660,candidate_1,candidate_3,candidate_2,3,0.0
1661,candidate_1,candidate_3,candidate_2,3,0.0
1662,candidate_1,candidate_3,candidate_2,3,0.0
1663,candidate_1,candidate_3,candidate_2,3,0.0
1664,candidate_1,candidate_3,candidate_2,3,0.0
1665,candidate_1,candidate_3,candidate_2,3,0.0
1666,candidate_1,candidate_3,candidate_2,3,0.0
1667,candidate_1,candidate_3,candidate_2,3,0.0
1668,candidate_1,candidate_3,candidate_2,3,0.0
1669,candidate_1,candidate_3,candidate_2,3,0.0
1670,candidate_1,candidate_3,candidate_2,3,0.0
1671,candidate_1,candidate_3,candidate_2,3,0.0
1672,candidate_1,candidate_3,candidate_2,3,0.0
1673,candidate_1,candidate_3,candidate_2,3,0.0
1674,candidate_1,candidate_3,candidate_2,3,0.0
1675,candidate_1,candidate_3,candidate_2,3,0.0
1676,candidate_1,candidate_3,candidate_2,3,0.0
1677,candidate_1,candidate_3,candidate_2,3,0.0
1678,candidate_1,candidate_3,candidate_2,3,0.0
1679,candidate_1,candidate_3,candidate_2,3,0.0
1680,candidate_1,candidate_3,candidate_2,3,0.0
1681,candidate_1,candidate_3,candidate_2,3,0.0
1682,candidate_1,candidate_3,candidate_2,3,0.0
1683,candidate_1,candidate_3,candidate_2,3,0.0
1684,candidate_1,candidate_3,candidate_2,3,0.0
1685,candidate_1,candidate_3,candidate_2,3,0.0
1686,candidate_1,candidate_3,candidate_2,3,0.0
1687,candidate_1,candidate_3,candidate_2,3,0.0
1688,candidate_1,candidate_3,candidate_2,3,0.0
1689,candidate_1,candidate_3,candidate_2,3,0.0
1690,candidate_1,candidate_3,candidate_2,3,0.0
1691,candidate_1,candidate_3,candidate_2,3,0.0
1692,candidate_1,candidate_3,candidate_2,3,0.0
1693,candidate_1,candidate_3,candidate_2,3,0.0
1694,candidate_1,candidate_3,candidate_2,3,0.0
1695,candidate_1,candidate_3,candidate_2,3,0.0
1696,candidate_1,candidate_3,candidate_2,3,0.0
1697,candidate_1,candidate_3,candidate_2,3,0.0
1698,candidate_1,candidate_3,candidate_2,3,0.0
1699,candidate_1,candidate_3,candidate_2,3,0.0
1700,candidate_1,candidate_3,candidate_2,3,0.0
1701,candidate_1,candidate_3,candidate_2,3,0.0
1702,candidate_1,candidate_3,candidate_2,3,0.0
1703,candidate_1,candidate_3,candidate_2,3,0.0
1704,candidate_1,candidate_3,candidate_2,3,0.0
1705,candidate_1,candidate_3,candidate_2,3,0.0
1706,candidate_1,candidate_3,candidate_2,3,0.0
1707,candidate_1,candidate_3,candidate_2,3,0.0
1708,candidate_1,candidate_3,candidate_2,3,0.0
1709,candidate_1,candidate_3,candidate_2,3,0.0
1710,candidate_1,candidate_3,candidate_2,3,0.0
1711,candidate_1,candidate_3,candidate_2,3,0.0
1712,candidate_1,candidate_3,candidate_2,3,0.0
1713,candidate_1,candidate_3,candidate_2,3,0.0
1714,candidate_1,candidate_3,candidate_2,3,0.0
1715,candidate_1,candidate_3,candidate_2,3,0.0
1716,candidate_1,candidate_3,candidate_2,3,0.0
1717,candidate_1,candidate_3,candidate_2,3,0.0
1718,candidate_1,candidate_3,candidate_2,3,0.0
1719,candidate_1,candidate_3,candidate_2,3,0.0
1720,candidate_1,candidate_3,candidate_2,3,0.0
1721,candidate_1,candidate_3,candidate_2,3,0.0
1722,candidate_1,candidate_3,candidate_2,3,0.0
1723,candidate_1,candidate_3,candidate_2,3,0.0
1724,candidate_1,candidate_3,candidate_2,3,0.0
1725,candidate_1,candidate_3,candidate_2,3,0.0
1726,candidate_1,candidate_3,candidate_2,3,0.0
1727,candidate_1,candidate_3,candidate_2,3,0.0
1728,candidate_1,candidate_3,candidate_2,3,0.0
1729,candidate_1,candidate_3,candidate_2,3,0.0
1730,candidate_1,candidate_3,candidate_2,3,0.0
1731,candidate_1,candidate_3,candidate_2,3,0.0
1732,candidate_1,candidate_3,candidate_2,3,0.0
1733,candidate_1,candidate_3,candidate_2,3,0.0
1734,candidate_1,candidate_3,candidate_2,3,0.0
1735,candidate_1,candidate_3,candidate_2,3,0.0
1736,candidate_1,candidate_3,candidate_2,3,0.0
1737,candidate_1,candidate_3,candidate_2,3,0.0
1738,candidate_1,candidate_3,candidate_2,3,0.0
1739,candidate_1,candidate_3,candidate_2,3,0.0
1740,candidate_1,candidate_3,candidate_2,3,0.0
1741,candidate_1,candidate_3,candidate_2,3,0.0
1742,candidate_1,candidate_3,candidate_2,3,0.0
1743,candidate_1,candidate_3,candidate_2,3,0.0
1744,candidate_1,candidate_3,candidate_2,3,0.0
1745,candidate_1,candidate_3,candidate_2,3,0.0
1746,candidate_1,candidate_3,candidate_2,3,0.0
1747,candidate_1,candidate_3,candidate_2,3,0.0
1748,candidate_1,candidate_3,candidate_2,3,0.0
1749,candidate_1,candidate_3,candidate_2,3,0.0
1750,candidate_1,candidate_3,candidate_2,3,0.0
1751,candidate_1,candidate_3,candidate_2,3,0.0
1752,candidate_1,candidate_3,candidate_2,3,0.0
1753,candidate_1,candidate_3,candidate_2,3,0.0
1754,candidate_1,candidate_3,candidate_2,3,0.0
1755,candidate_1,candidate_3,candidate_2,3,0.0
1756,candidate_1,candidate_3,candidate_2,3,0.0
1757,candidate_1,candidate_3,candidate_2,3,0.0
1758,candidate_1,candidate_3,candidate_2,3,0.0
1759,candidate_1,candidate_3,candidate_2,3,0.0
1760,candidate_1,candidate_3,candidate_2,3,0.0
1761,candidate_1,candidate_3,candidate_2,3,0.0
1762,candidate_1,candidate_3,candidate_2,3,0.0
1763,candidate_1,candidate_3,candidate_2,3,0.0
1764,candidate_1,candidate_3,candidate_2,3,0.0
1765,candidate_1,candidate_3,candidate_2,3,0.0
1766,candidate_1,candidate_3,candidate_2,3,0.0
1767,candidate_1,candidate_3,candidate_2,3,0.0
1768,candidate_1,candidate_3,candidate_2,3,0.0
1769,candidate_1,candidate_3,candidate_2,3,0.0
1770,candidate_1,candidate_3,candidate_2,3,0.0
1771,candidate_1,candidate_3,candidate_2,3,0.0
1772,candidate_1,candidate_3,candidate_2,3,0.0
1773,candidate_1,candidate_3,candidate_2,3,0.0
1774,candidate_1,candidate_3,candidate_2,3,0.0
1775,candidate_1,candidate_3,candidate_2,3,0.0
1776,candidate_1,candidate_3,candidate_2,3,0.0
1777,candidate_1,candidate_3,candidate_2,3,0.0
1778,candidate_1,candidate_3,candidate_2,3,0.0
1779,candidate_1,candidate_3,candidate_2,3,0.0
1780,candidate_1,candidate_3,candidate_2,3,0.0
1781,candidate_1,candidate_3,candidate_2,3,0.0
1782,candidate_1,candidate_3,candidate_2,3,0.0
1783,candidate_1,candidate_3,candidate_2,3,0.0
1784,candidate_1,candidate_3,candidate_2,3,0.0
1785,candidate_1,candidate_3,candidate_2,3,0.0
1786,candidate_1,candidate_3,candidate_2,3,0.0
1787,candidate_1,candidate_3,candidate_2,3,0.0
1788,candidate_1,candidate_3,candidate_2,3,0.0
1789,candidate_1,candidate_3,candidate_2,3,0.0
1790,candidate_1,candidate_3,candidate_2,3,0.0
1791,candidate_1,candidate_3,candidate_2,3,0.0
1792,candidate_1,candidate_3,candidate_2,3,0.0
1793,candidate_1,candidate_3,candidate_2,3,0.0
1794,candidate_1,candidate_3,candidate_2,3,0.0
1795,candidate_1,candidate_3,candidate_2,3,0.0
1796,candidate_1,candidate_3,candidate_2,3,0.0
1797,candidate_1,candidate_3,candidate_2,3,0.0
1798,candidate_1,candidate_3,candidate_2,3,0.0
1799,candidate_1,candidate_3,candidate_2,3,0.0
1800,candidate_1,candidate_3,candidate_2,3,0.0
1801,candidate_1,candidate_3,candidate_2,3,0.0
1802,candidate_1,candidate_3,candidate_2,3,0.0
1803,candidate_1,candidate_3,candidate_2,3,0.0
1804,candidate_1,candidate_3,candidate_2,3,0.0
1805,candidate_1,candidate_3,candidate_2,3,0.0
1806,candidate_1,candidate_3,candidate_2,3,0.0
1807,candidate_1,candidate_3,candidate_2,3,0.0
1808,candidate_1,candidate_3,candidate_2,3,0.0
1809,candidate_1,candidate_3,candidate_2,3,0.0
1810,candidate_1,candidate_3,candidate_2,3,0.0
1811,candidate_1,candidate_3,candidate_2,3,0.0
1812,candidate_1,candidate_3,candidate_2,3,0.0
1813,candidate_1,candidate_3,candidate_2,3,0.0
1814,candidate_1,candidate_3,candidate_2,3,0.0
1815,candidate_1,candidate_3,candidate_2,3,0.0
1816,candidate_1,candidate_3,candidate_2,3,0.0
1817,candidate_1,candidate_3,candidate_2,3,0.0
1818,candidate_1,candidate_3,candidate_2,3,0.0
1819,candidate_1,candidate_3,candidate_2,3,0.0
1820,candidate_1,candidate_3,candidate_2,3,0.0
1821,candidate_1,candidate_3,candidate_2,3,0.0
1822,candidate_1,candidate_3,candidate_2,3,0.0
1823,candidate_1,candidate_3,candidate_2,3,0.0
1824,candidate_1,candidate_3,candidate_2,3,0.0
1825,candidate_1,candidate_3,candidate_2,3,0.0
1826,candidate_1,candidate_3,candidate_2,3,0.0
1827,candidate_1,candidate_3,candidate_2,3,0.0
1828,candidate_1,candidate_3,candidate_2,3,0.0
1829,candidate_1,candidate_3,candidate_2,3,0.0
1830,candidate_1,candidate_3,candidate_2,3,0.0
1831,candidate_1,candidate_3,candidate_2,3,0.0
1832,candidate_1,candidate_3,candidate_2,3,0.0
1833,candidate_1,candidate_3,candidate_2,3,0.0
1834,candidate_1,candidate_3,candidate_2,3,0.0
1835,candidate_1,candidate_3,candidate_2,3,0.0
1836,candidate_1,candidate_3,candidate_2,3,0.0
1837,candidate_1,candidate_3,candidate_2,3,0.0
1838,candidate_1,candidate_3,candidate_2,3,0.0
1839,candidate_1,candidate_3,candidate_2,3,0.0
1840,candidate_1,candidate_3,candidate_2,3,0.0
1841,candidate_1,candidate_3,candidate_2,3,0.0
1842,candidate_1,candidate_3,candidate_2,3,0.0
1843,candidate_1,candidate_3,candidate_2,3,0.0
1844,candidate_1,candidate_3,candidate_2,3,0.0
1845,candidate_1,candidate_3,candidate_2,3,0.0
1846,candidate_1,candidate_3,candidate_2,3,0.0
1847,candidate_1,candidate_3,candidate_2,3,0.0
1848,candidate_1,candidate_3,candidate_2,3,0.0
1849,candidate_1,candidate_3,candidate_2,3,0.0
1850,candidate_1,candidate_3,candidate_2,3,0.0
1851,candidate_1,candidate_3,candidate_2,3,0.0
1852,candidate_1,candidate_3,candidate_2,3,0.0
1853,candidate_1,candidate_3,candidate_2,3,0.0
1854,candidate_1,candidate_3,candidate_2,3,0.0
1855,candidate_1,candidate_3,candidate_2,3,0.0
1856,candidate_1,candidate_3,candidate_2,3,0.0
1857,candidate_1,candidate_3,candidate_2,3,0.0
1858,candidate_1,candidate_3,candidate_2,3,0.0
1859,candidate_1,candidate_3,candidate_2,3,0.0
1860,candidate_1,candidate_3,candidate_2,3,0.0
1861,candidate_1,candidate_3,candidate_2,3,0.0
1862,candidate_1,candidate_3,candidate_2,3,0.0
1863,candidate_1,candidate_3,candidate_2,3,0.0
1864,candidate_1,candidate_3,candidate_2,3,0.0
1865,candidate_1,candidate_3,candidate_2,3,0.0
1866,candidate_1,candidate_3,candidate_2,3,0.0
1867,candidate_1,candidate_3,candidate_2,3,0.0
1868,candidate_1,candidate_3,candidate_2,3,0.0
1869,candidate_1,candidate_3,candidate_2,3,0.0
1870,candidate_1,candidate_3,candidate_2,3,0.0
1871,candidate_1,candidate_3,candidate_2,3,0.0
1872,candidate_1,candidate_3,candidate_2,3,0.0
1873,candidate_1,candidate_3,candidate_2,3,0.0
1874,candidate_1,candidate_3,candidate_2,3,0.0
1875,candidate_1,candidate_3,candidate_2,3,0.0
1876,candidate_1,candidate_3,candidate_2,3,0.0
1877,candidate_1,candidate_3,candidate_2,3,0.0
1878,candidate_1,candidate_3,candidate_2,3,0.0
1879,candidate_1,candidate_3,candidate_2,3,0.0
1880,candidate_1,candidate_3,candidate_2,3,0.0
1881,candidate_1,candidate_3,candidate_2,3,0.0
1882,candidate_1,candidate_3,candidate_2,3,0.0
1883,candidate_1,candidate_3,candidate_2,3,0.0
1884,candidate_1,candidate_3,candidate_2,3,0.0
1885,candidate_1,candidate_3,candidate_2,3,0.0
1886,candidate_1,candidate_3,candidate_2,3,0.0
1887,candidate_1,candidate_3,candidate_2,3,0.0
1888,candidate_1,candidate_3,candidate_2,3,0.0
1889,candidate_1,candidate_3,candidate_2,3,0.0
1890,candidate_1,candidate_3,candidate_2,3,0.0
1891,candidate_1,candidate_3,candidate_2,3,0.0
1892,candidate_1,candidate_3,candidate_2,3,0.0
1893,candidate_1,candidate_3,candidate_2,3,0.0
1894,candidate_1,candidate_3,candidate_2,3,0.0
1895,candidate_1,candidate_3,candidate_2,3,0.0
1896,candidate_1,candidate_3,candidate_2,3,0.0
1897,candidate_1,candidate_3,candidate_2,3,0.0
1898,candidate_1,candidate_3,candidate_2,3,0.0
1899,candidate_1,candidate_3,candidate_2,3,0.0
1900,candidate_1,candidate_3,candidate_2,3,0.0
1901,candidate_1,candidate_3,candidate_2,3,0.0
1902,candidate_1,candidate_3,candidate_2,3,0.0
1903,candidate_1,candidate_3,candidate_2,3,0.0
1904,candidate_1,candidate_3,candidate_2,3,0.0
1905,candidate_1,candidate_3,candidate_2,3,0.0
1906,candidate_1,candidate_3,candidate_2,3,0.0
1907,candidate_1,candidate_3,candidate_2,3,0.0
1908,candidate_1,candidate_3,candidate_2,3,0.0
1909,candidate_1,candidate_3,candidate_2,3,0.0
1910,candidate_1,candidate_3,candidate_2,3,0.0
1911,candidate_1,candidate_3,candidate_2,3,0.0
1912,candidate_1,candidate_3,candidate_2,3,0.0
1913,candidate_1,candidate_3,candidate_2,3,0.0
1914,candidate_1,candidate_3,candidate_2,3,0.0
1915,candidate_1,candidate_3,candidate_2,3,0.0
1916,candidate_1,candidate_3,candidate_2,3,0.0
1917,candidate_1,candidate_3,candidate_2,3,0.0
1918,candidate_1,candidate_3,candidate_2,3,0.0
1919,candidate_1,candidate_3,candidate_2,3,0.0
1920,candidate_1,candidate_3,candidate_2,3,0.0
1921,candidate_1,candidate_3,candidate_2,3,0.0
1922,candidate_1,candidate_3,candidate_2,3,0.0
1923,candidate_1,candidate_3,candidate_2,3,0.0
1924,candidate_1,candidate_3,candidate_2,3,0.0
1925,candidate_1,candidate_3,candidate_2,3,0.0
1926,candidate_1,candidate_3,candidate_2,3,0.0
1927,candidate_1,candidate_3,candidate_2,3,0.0
1928,candidate_1,candidate_3,candidate_2,3,0.0
1929,candidate_1,candidate_3,candidate_2,3,0.0
1930,candidate_1,candidate_3,candidate_2,3,0.0
1931,candidate_1,candidate_3,candidate_2,3,0.0
1932,candidate_1,candidate_3,candidate_2,3,0.0
1933,candidate_1,candidate_3,candidate_2,3,0.0
1934,candidate_1,candidate_3,candidate_2,3,0.0
1935,candidate_1,candidate_3,candidate_2,3,0.0
1936,candidate_1,candidate_3,candidate_2,3,0.0
1937,candidate_1,candidate_3,candidate_2,3,0.0
1938,candidate_1,candidate_3,candidate_2,3,0.0
1939,candidate_1,candidate_3,candidate_2,3,0.0
1940,candidate_1,candidate_3,candidate_2,3,0.0
1941,candidate_1,candidate_3,candidate_2,3,0.0
1942,candidate_1,candidate_3,candidate_2,3,0.0
1943,candidate_1,candidate_3,candidate_2,3,0.0
1944,candidate_1,candidate_3,candidate_2,3,0.0
1945,candidate_1,candidate_3,candidate_2,3,0.0
1946,candidate_1,candidate_3,candidate_2,3,0.0
1947,candidate_1,candidate_3,candidate_2,3,0.0
1948,candidate_1,candidate_3,candidate_2,3,0.0
1949,candidate_1,candidate_3,candidate_2,3,0.0
1950,candidate_1,candidate_3,candidate_2,3,0.0
1951,candidate_1,candidate_3,candidate_2,3,0.0
1952,candidate_1,candidate_3,candidate_2,3,0.0
1953,candidate_1,candidate_3,candidate_2,3,0.0
1954,candidate_1,candidate_3,candidate_2,3,0.0
1955,candidate_1,candidate_3,candidate_2,3,0.0
1956,candidate_1,candidate_3,candidate_2,3,0.0
1957,candidate_1,candidate_3,candidate_2,3,0.0
1958,candidate_1,candidate_3,candidate_2,3,0.0
1959,candidate_1,candidate_3,candidate_2,3,0.0
1960,candidate_1,candidate_3,candidate_2,3,0.0
1961,candidate_1,candidate_3,candidate_2,3,0.0
1962,candidate_1,candidate_3,candidate_2,3,0.0
1963,candidate_1,candidate_3,candidate_2,3,0.0
1964,candidate_1,candidate_3,candidate_2,3,0.0
1965,candidate_1,candidate_3,candidate_2,3,0.0
1966,candidate_1,candidate_3,candidate_2,3,0.0
1967,candidate_1,candidate_3,candidate_2,3,0.0
1968,candidate_1,candidate_3,candidate_2,3,0.0
1969,candidate_1,candidate_3,candidate_2,3,0.0
1970,candidate_1,candidate_3,candidate_2,3,0.0
1971,candidate_1,candidate_3,candidate_2,3,0.0
1972,candidate_1,candidate_3,candidate_2,3,0.0
1973,candidate_1,candidate_3,candidate_2,3,0.0
1974,candidate_1,candidate_3,candidate_2,3,0.0
1975,candidate_1,candidate_3,candidate_2,3,0.0
1976,candidate_1,candidate_3,candidate_2,3,0.0
1977,candidate_1,candidate_3,candidate_2,3,0.0
1978,candidate_1,candidate_3,candidate_2,3,0.0
1979,candidate_1,candidate_3,candidate_2,3,0.0
1980,candidate_1,candidate_3,candidate_2,3,0.0
1981,candidate_1,candidate_3,candidate_2,3,0.0
1982,candidate_1,candidate_3,candidate_2,3,0.0
1983,candidate_1,candidate_3,candidate_2,3,0.0
1984,candidate_1,candidate_3,candidate_2,3,0.0
1985,candidate_1,candidate_3,candidate_2,3,0.0
1986,candidate_1,candidate_3,candidate_2,3,0.0
1987,candidate_1,candidate_3,candidate_2,3,0.0
1988,candidate_1,candidate_3,candidate_2,3,0.0
1989,candidate_1,candidate_3,candidate_2,3,0.0
0,candidate_2,candidate_1,candidate_3,3,0.0
1,candidate_2,candidate_1,candidate_3,3,0.0
2,candidate_2,candidate_1,candidate_3,3,0.0
3,candidate_2,candidate_1,candidate_3,3,0.0
4,candidate_2,candidate_1,candidate_3,3,0.0
5,candidate_2,candidate_1,candidate_3,3,0.0
6,candidate_2,candidate_1,candidate_3,3,0.0
7,candidate_2,candidate_1,candidate_3,3,0.0
8,candidate_2,candidate_1,candidate_3,3,0.0
9,candidate_2,candidate_1,candidate_3,3,0.0
10,candidate_2,candidate_1,candidate_3,3,0.0
11,candidate_2,candidate_1,candidate_3,3,0.0
12,candidate_2,candidate_1,candidate_3,3,0.0
13,candidate_2,candidate_1,candidate_3,3,0.0
14,candidate_2,candidate_1,candidate_3,3,0.0
15,candidate_2,candidate_1,candidate_3,3,0.0
16,candidate_2,candidate_1,candidate_3,3,0.0
17,candidate_2,candidate_1,candidate_3,3,0.0
18,candidate_2,candidate_1,candidate_3,3,0.0
19,candidate_2,candidate_1,candidate_3,3,0.0
20,candidate_2,candidate_1,candidate_3,3,0.0
21,candidate_2,candidate_1,candidate_3,3,0.0
22,candidate_2,candidate_1,candidate_3,3,0.0
23,candidate_2,candidate_1,candidate_3,3,0.0
24,candidate_2,candidate_1,candidate_3,3,0.0
25,candidate_2,candidate_1,candidate_3,3,0.0
26,candidate_2,candidate_1,candidate_3,3,0.0
27,candidate_2,candidate_1,candidate_3,3,0.0
28,candidate_2,candidate_1,candidate_3,3,0.0
29,candidate_2,candidate_1,candidate_3,3,0.0
30,candidate_2,candidate_1,candidate_3,3,0.0
31,candidate_2,candidate_1,candidate_3,3,0.0
32,candidate_2,candidate_1,candidate_3,3,0.0
33,candidate_2,candidate_1,candidate_3,3,0.0
34,candidate_2,candidate_1,candidate_3,3,0.0
35,candidate_2,candidate_1,candidate_3,3,0.0
36,candidate_2,candidate_1,candidate_3,3,0.0
37,candidate_2,candidate_1,candidate_3,3,0.0
38,candidate_2,candidate_1,candidate_3,3,0.0
39,candidate_2,candidate_1,candidate_3,3,0.0
40,candidate_2,candidate_1,candidate_3,3,0.0
41,candidate_2,candidate_1,candidate_3,3,0.0
42,candidate_2,candidate_1,candidate_3,3,0.0
43,candidate_2,candidate_1,candidate_3,3,0.0
44,candidate_2,candidate_1,candidate_3,3,0.0
45,candidate_2,candidate_1,candidate_3,3,0.0
46,candidate_2,candidate_1,candidate_3,3,0.0
47,candidate_2,candidate_1,candidate_3,3,0.0
48,candidate_2,candidate_1,candidate_3,3,0.0
49,candidate_2,candidate_1,candidate_3,3,0.0
50,candidate_2,candidate_1,candidate_3,3,0.0
51,candidate_2,candidate_1,candidate_3,3,0.0
52,candidate_2,candidate_1,candidate_3,3,0.0
53,candidate_2,candidate_1,candidate_3,3,0.0
54,candidate_2,candidate_1,candidate_3,3,0.0
55,candidate_2,candidate_1,candidate_3,3,0.0
56,candidate_2,candidate_1,candidate_3,3,0.0
57,candidate_2,candidate_1,candidate_3,3,0.0
58,candidate_2,candidate_1,candidate_3,3,0.0
59,candidate_2,candidate_1,candidate_3,3,0.0
60,candidate_2,candidate_1,candidate_3,3,0.0
61,candidate_2,candidate_1,candidate_3,3,0.0
62,candidate_2,candidate_1,candidate_3,3,0.0
63,candidate_2,candidate_1,candidate_3,3,0.0
64,candidate_2,candidate_1,candidate_3,3,0.0
65,candidate_2,candidate_1,candidate_3,3,0.0
66,candidate_2,candidate_1,candidate_3,3,0.0
67,candidate_2,candidate_1,candidate_3,3,0.0
68,candidate_2,candidate_1,candidate_3,3,0.0
69,candidate_2,candidate_1,candidate_3,3,0.0
70,candidate_2,candidate_1,candidate_3,3,0.0
71,candidate_2,candidate_1,candidate_3,3,0.0
72,candidate_2,candidate_1,candidate_3,3,0.0
73,candidate_2,candidate_1,candidate_3,3,0.0
74,candidate_2,candidate_1,candidate_3,3,0.0
75,candidate_2,candidate_1,candidate_3,3,0.0
76,candidate_2,candidate_1,candidate_3,3,0.0
77,candidate_2,candidate_1,candidate_3,3,0.0
78,candidate_2,candidate_1,candidate_3,3,0.0
79,candidate_2,candidate_1,candidate_3,3,0.0
80,candidate_2,candidate_1,candidate_3,3,0.0
81,candidate_2,candidate_1,candidate_3,3,0.0
82,candidate_2,candidate_1,candidate_3,3,0.0
83,candidate_2,candidate_1,candidate_3,3,0.0
84,candidate_2,candidate_1,candidate_3,3,0.0
85,candidate_2,candidate_1,candidate_3,3,0.0
86,candidate_2,candidate_1,candidate_3,3,0.0
87,candidate_2,candidate_1,candidate_3,3,0.0
88,candidate_2,candidate_1,candidate_3,3,0.0
89,candidate_2,candidate_1,candidate_3,3,0.0
90,candidate_2,candidate_1,candidate_3,3,0.0
91,candidate_2,candidate_1,candidate_3,3,0.0
92,candidate_2,candidate_1,candidate_3,3,0.0
93,candidate_2,candidate_1,candidate_3,3,0.0
94,candidate_2,candidate_1,candidate_3,3,0.0
95,candidate_2,candidate_1,candidate_3,3,0.0
96,candidate_2,candidate_1,candidate_3,3,0.0
97,candidate_2,candidate_1,candidate_3,3,0.0
98,candidate_2,candidate_1,candidate_3,3,0.0
99,candidate_2,candidate_1,candidate_3,3,0.0
100,candidate_2,candidate_1,candidate_3,3,0.0
101,candidate_2,candidate_1,candidate_3,3,0.0
102,candidate_2,candidate_1,candidate_3,3,0.0
103,candidate_2,candidate_1,candidate_3,3,0.0
104,candidate_2,candidate_1,candidate_3,3,0.0
105,candidate_2,candidate_1,candidate_3,3,0.0
106,candidate_2,candidate_1,candidate_3,3,0.0
107,candidate_2,candidate_1,candidate_3,3,0.0
108,candidate_2,candidate_1,candidate_3,3,0.0
109,candidate_2,candidate_1,candidate_3,3,0.0
110,candidate_2,candidate_1,candidate_3,3,0.0
111,candidate_2,candidate_1,candidate_3,3,0.0
112,candidate_2,candidate_1,candidate_3,3,0.0
113,candidate_2,candidate_1,candidate_3,3,0.0
114,candidate_2,candidate_1,candidate_3,3,0.0
115,candidate_2,candidate_1,candidate_3,3,0.0
116,candidate_2,candidate_1,candidate_3,3,0.0
117,candidate_2,candidate_1,candidate_3,3,0.0
118,candidate_2,candidate_1,candidate_3,3,0.0
119,candidate_2,candidate_1,candidate_3,3,0.0
120,candidate_2,candidate_1,candidate_3,3,0.0
121,candidate_2,candidate_1,candidate_3,3,0.0
122,candidate_2,candidate_1,candidate_3,3,0.0
123,candidate_2,candidate_1,candidate_3,3,0.0
124,candidate_2,candidate_1,candidate_3,3,0.0
125,candidate_2,candidate_1,candidate_3,3,0.0
126,candidate_2,candidate_1,candidate_3,3,0.0
127,candidate_2,candidate_1,candidate_3,3,0.0
128,candidate_2,candidate_1,candidate_3,3,0.0
129,candidate_2,candidate_1,candidate_3,3,0.0
130,candidate_2,candidate_1,candidate_3,3,0.0
131,candidate_2,candidate_1,candidate_3,3,0.0
132,candidate_2,candidate_1,candidate_3,3,0.0
133,candidate_2,candidate_1,candidate_3,3,0.0
134,candidate_2,candidate_1,candidate_3,3,0.0
135,candidate_2,candidate_1,candidate_3,3,0.0
136,candidate_2,candidate_1,candidate_3,3,0.0
137,candidate_2,candidate_1,candidate_3,3,0.0
138,candidate_2,candidate_1,candidate_3,3,0.0
139,candidate_2,candidate_1,candidate_3,3,0.0
140,candidate_2,candidate_1,candidate_3,3,0.0
141,candidate_2,candidate_1,candidate_3,3,0.0
142,candidate_2,candidate_1,candidate_3,3,0.0
143,candidate_2,candidate_1,candidate_3,3,0.0
144,candidate_2,candidate_1,candidate_3,3,0.0
145,candidate_2,candidate_1,candidate_3,3,0.0
146,candidate_2,candidate_1,candidate_3,3,0.0
147,candidate_2,candidate_1,candidate_3,3,0.0
148,candidate_2,candidate_1,candidate_3,3,0.0
149,candidate_2,candidate_1,candidate_3,3,0.0
150,candidate_2,candidate_1,candidate_3,3,0.0
151,candidate_2,candidate_1,candidate_3,3,0.0
152,candidate_2,candidate_1,candidate_3,3,0.0
153,candidate_2,candidate_1,candidate_3,3,0.0
154,candidate_2,candidate_1,candidate_3,3,0.0
155,candidate_2,candidate_1,candidate_3,3,0.0
156,candidate_2,candidate_1,candidate_3,3,0.0
157,candidate_2,candidate_1,candidate_3,3,0.0
158,candidate_2,candidate_1,candidate_3,3,0.0
159,candidate_2,candidate_1,candidate_3,3,0.0
160,candidate_2,candidate_1,candidate_3,3,0.0
161,candidate_2,candidate_1,candidate_3,3,0.0
162,candidate_2,candidate_1,candidate_3,3,0.0
163,candidate_2,candidate_1,candidate_3,3,0.0
164,candidate_2,candidate_1,candidate_3,3,0.0
165,candidate_2,candidate_1,candidate_3,3,0.0
166,candidate_2,candidate_1,candidate_3,3,0.0
167,candidate_2,candidate_1,candidate_3,3,0.0
168,candidate_2,candidate_1,candidate_3,3,0.0
169,candidate_2,candidate_1,candidate_3,3,0.0
170,candidate_2,candidate_1,candidate_3,3,0.0
171,candidate_2,candidate_1,candidate_3,3,0.0
172,candidate_2,candidate_1,candidate_3,3,0.0
173,candidate_2,candidate_1,candidate_3,3,0.0
174,candidate_2,candidate_1,candidate_3,3,0.0
175,candidate_2,candidate_1,candidate_3,3,0.0
176,candidate_2,candidate_1,candidate_3,3,0.0
177,candidate_2,candidate_1,candidate_3,3,0.0
178,candidate_2,candidate_1,candidate_3,3,0.0
179,candidate_2,candidate_1,candidate_3,3,0.0
180,candidate_2,candidate_1,candidate_3,3,0.0
181,candidate_2,candidate_1,candidate_3,3,0.0
182,candidate_2,candidate_1,candidate_3,3,0.0
183,candidate_2,candidate_1,candidate_3,3,0.0
184,candidate_2,candidate_1,candidate_3,3,0.0
185,candidate_2,candidate_1,candidate_3,3,0.0
186,candidate_2,candidate_1,candidate_3,3,0.0
187,candidate_2,candidate_1,candidate_3,3,0.0
188,candidate_2,candidate_1,candidate_3,3,0.0
189,candidate_2,candidate_1,candidate_3,3,0.0
190,candidate_2,candidate_1,candidate_3,3,0.0
191,candidate_2,candidate_1,candidate_3,3,0.0
192,candidate_2,candidate_1,candidate_3,3,0.0
193,candidate_2,candidate_1,candidate_3,3,0.0
194,candidate_2,candidate_1,candidate_3,3,0.0
195,candidate_2,candidate_1,candidate_3,3,0.0
196,candidate_2,candidate_1,candidate_3,3,0.0
197,candidate_2,candidate_1,candidate_3,3,0.0
198,candidate_2,candidate_1,candidate_3,3,0.0
199,candidate_2,candidate_1,candidate_3,3,0.0
200,candidate_2,candidate_1,candidate_3,3,0.0
201,candidate_2,candidate_1,candidate_3,3,0.0
202,candidate_2,candidate_1,candidate_3,3,0.0
203,candidate_2,candidate_1,candidate_3,3,0.0
204,candidate_2,candidate_1,candidate_3,3,0.0
205,candidate_2,candidate_1,candidate_3,3,0.0
206,candidate_2,candidate_1,candidate_3,3,0.0
207,candidate_2,candidate_1,candidate_3,3,0.0
208,candidate_2,candidate_1,candidate_3,3,0.0
209,candidate_2,candidate_1,candidate_3,3,0.0
210,candidate_2,candidate_1,candidate_3,3,0.0
211,candidate_2,candidate_1,candidate_3,3,0.0
212,candidate_2,candidate_1,candidate_3,3,0.0
213,candidate_2,candidate_1,candidate_3,3,0.0
214,candidate_2,candidate_1,candidate_3,3,0.0
215,candidate_2,candidate_1,candidate_3,3,0.0
216,candidate_2,candidate_1,candidate_3,3,0.0
217,candidate_2,candidate_1,candidate_3,3,0.0
218,candidate_2,candidate_1,candidate_3,3,0.0
219,candidate_2,candidate_1,candidate_3,3,0.0
220,candidate_2,candidate_1,candidate_3,3,0.0
221,candidate_2,candidate_1,candidate_3,3,0.0
222,candidate_2,candidate_1,candidate_3,3,0.0
223,candidate_2,candidate_1,candidate_3,3,0.0
224,candidate_2,candidate_1,candidate_3,3,0.0
225,candidate_2,candidate_1,candidate_3,3,0.0
226,candidate_2,candidate_1,candidate_3,3,0.0
227,candidate_2,candidate_1,candidate_3,3,0.0
228,candidate_2,candidate_1,candidate_3,3,0.0
229,candidate_2,candidate_1,candidate_3,3,0.0
230,candidate_2,candidate_1,candidate_3,3,0.0
231,candidate_2,candidate_1,candidate_3,3,0.0
232,candidate_2,candidate_1,candidate_3,3,0.0
233,candidate_2,candidate_1,candidate_3,3,0.0
234,candidate_2,candidate_1,candidate_3,3,0.0
235,candidate_2,candidate_1,candidate_3,3,0.0
236,candidate_2,candidate_1,candidate_3,3,0.0
237,candidate_2,candidate_1,candidate_3,3,0.0
238,candidate_2,candidate_1,candidate_3,3,0.0
239,candidate_2,candidate_1,candidate_3,3,0.0
240,candidate_2,candidate_1,candidate_3,3,0.0
241,candidate_2,candidate_1,candidate_3,3,0.0
242,candidate_2,candidate_1,candidate_3,3,0.0
243,candidate_2,candidate_1,candidate_3,3,0.0
244,candidate_2,candidate_1,candidate_3,3,0.0
245,candidate_2,candidate_1,candidate_3,3,0.0
246,candidate_2,candidate_1,candidate_3,3,0.0
247,candidate_2,candidate_1,candidate_3,3,0.0
248,candidate_2,candidate_1,candidate_3,3,0.0
249,candidate_2,candidate_1,candidate_3,3,0.0
250,candidate_2,candidate_1,candidate_3,3,0.0
251,candidate_2,candidate_1,candidate_3,3,0.0
252,candidate_2,candidate_1,candidate_3,3,0.0
253,candidate_2,candidate_1,candidate_3,3,0.0
254,candidate_2,candidate_1,candidate_3,3,0.0
255,candidate_2,candidate_1,candidate_3,3,0.0
256,candidate_2,candidate_1,candidate_3,3,0.0
257,candidate_2,candidate_1,candidate_3,3,0.0
258,candidate_2,candidate_1,candidate_3,3,0.0
259,candidate_2,candidate_1,candidate_3,3,0.0
260,candidate_2,candidate_1,candidate_3,3,0.0
261,candidate_2,candidate_1,candidate_3,3,0.0
262,candidate_2,candidate_1,candidate_3,3,0.0
263,candidate_2,candidate_1,candidate_3,3,0.0
264,candidate_2,candidate_1,candidate_3,3,0.0
265,candidate_2,candidate_1,candidate_3,3,0.0
266,candidate_2,candidate_1,candidate_3,3,0.0
267,candidate_2,candidate_1,candidate_3,3,0.0
268,candidate_2,candidate_1,candidate_3,3,0.0
269,candidate_2,candidate_1,candidate_3,3,0.0
270,candidate_2,candidate_1,candidate_3,3,0.0
271,candidate_2,candidate_1,candidate_3,3,0.0
272,candidate_2,candidate_1,candidate_3,3,0.0
273,candidate_2,candidate_1,candidate_3,3,0.0
274,candidate_2,candidate_1,candidate_3,3,0.0
275,candidate_2,candidate_1,candidate_3,3,0.0
276,candidate_2,candidate_1,candidate_3,3,0.0
277,candidate_2,candidate_1,candidate_3,3,0.0
278,candidate_2,candidate_1,candidate_3,3,0.0
279,candidate_2,candidate_1,candidate_3,3,0.0
280,candidate_2,candidate_1,candidate_3,3,0.0
281,candidate_2,candidate_1,candidate_3,3,0.0
282,candidate_2,candidate_1,candidate_3,3,0.0
283,candidate_2,candidate_1,candidate_3,3,0.0
284,candidate_2,candidate_1,candidate_3,3,0.0
285,candidate_2,candidate_1,candidate_3,3,0.0
286,candidate_2,candidate_1,candidate_3,3,0.0
287,candidate_2,candidate_1,candidate_3,3,0.0
288,candidate_2,candidate_1,candidate_3,3,0.0
289,candidate_2,candidate_1,candidate_3,3,0.0
290,candidate_2,candidate_1,candidate_3,3,0.0
291,candidate_2,candidate_1,candidate_3,3,0.0
292,candidate_2,candidate_1,candidate_3,3,0.0
293,candidate_2,candidate_1,candidate_3,3,0.0
294,candidate_2,candidate_1,candidate_3,3,0.0
295,candidate_2,candidate_1,candidate_3,3,0.0
296,candidate_2,candidate_1,candidate_3,3,0.0
297,candidate_2,candidate_1,candidate_3,3,0.0
298,candidate_2,candidate_1,candidate_3,3,0.0
299,candidate_2,candidate_1,candidate_3,3,0.0
300,candidate_2,candidate_1,candidate_3,3,0.0
301,candidate_2,candidate_1,candidate_3,3,0.0
302,candidate_2,candidate_1,candidate_3,3,0.0
303,candidate_2,candidate_1,candidate_3,3,0.0
304,candidate_2,candidate_1,candidate_3,3,0.0
305,candidate_2,candidate_1,candidate_3,3,0.0
306,candidate_2,candidate_1,candidate_3,3,0.0
307,candidate_2,candidate_1,candidate_3,3,0.0
308,candidate_2,candidate_1,candidate_3,3,0.0
309,candidate_2,candidate_1,candidate_3,3,0.0
310,candidate_2,candidate_1,candidate_3,3,0.0
311,candidate_2,candidate_1,candidate_3,3,0.0
312,candidate_2,candidate_1,candidate_3,3,0.0
313,candidate_2,candidate_1,candidate_3,3,0.0
314,candidate_2,candidate_1,candidate_3,3,0.0
315,candidate_2,candidate_1,candidate_3,3,0.0
316,candidate_2,candidate_1,candidate_3,3,0.0
317,candidate_2,candidate_1,candidate_3,3,0.0
318,candidate_2,candidate_1,candidate_3,3,0.0
319,candidate_2,candidate_1,candidate_3,3,0.0
320,candidate_2,candidate_1,candidate_3,3,0.0
321,candidate_2,candidate_1,candidate_3,3,0.0
322,candidate_2,candidate_1,candidate_3,3,0.0
323,candidate_2,candidate_1,candidate_3,3,0.0
324,candidate_2,candidate_1,candidate_3,3,0.0
325,candidate_2,candidate_1,candidate_3,3,0.0
326,candidate_2,candidate_1,candidate_3,3,0.0
327,candidate_2,candidate_1,candidate_3,3,0.0
328,candidate_2,candidate_1,candidate_3,3,0.0
329,candidate_2,candidate_1,candidate_3,3,0.0
330,candidate_2,candidate_1,candidate_3,3,0.0
331,candidate_2,candidate_1,candidate_3,3,0.0
332,candidate_2,candidate_1,candidate_3,3,0.0
333,candidate_2,candidate_1,candidate_3,3,0.0
334,candidate_2,candidate_1,candidate_3,3,0.0
335,candidate_2,candidate_1,candidate_3,3,0.0
336,candidate_2,candidate_1,candidate_3,3,0.0
337,candidate_2,candidate_1,candidate_3,3,0.0
338,candidate_2,candidate_1,candidate_3,3,0.0
339,candidate_2,candidate_1,candidate_3,3,0.0
340,candidate_2,candidate_1,candidate_3,3,0.0
341,candidate_2,candidate_1,candidate_3,3,0.0
342,candidate_2,candidate_1,candidate_3,3,0.0
343,candidate_2,candidate_1,candidate_3,3,0.0
344,candidate_2,candidate_1,candidate_3,3,0.0
345,candidate_2,candidate_1,candidate_3,3,0.0
346,candidate_2,candidate_1,candidate_3,3,0.0
347,candidate_2,candidate_1,candidate_3,3,0.0
348,candidate_2,candidate_1,candidate_3,3,0.0
349,candidate_2,candidate_1,candidate_3,3,0.0
350,candidate_2,candidate_1,candidate_3,3,0.0
351,candidate_2,candidate_1,candidate_3,3,0.0
352,candidate_2,candidate_1,candidate_3,3,0.0
353,candidate_2,candidate_1,candidate_3,3,0.0
354,candidate_2,candidate_1,candidate_3,3,0.0
355,candidate_2,candidate_1,candidate_3,3,0.0
356,candidate_2,candidate_1,candidate_3,3,0.0
357,candidate_2,candidate_1,candidate_3,3,0.0
358,candidate_2,candidate_1,candidate_3,3,0.0
359,candidate_2,candidate_1,candidate_3,3,0.0
360,candidate_2,candidate_1,candidate_3,3,0.0
361,candidate_2,candidate_1,candidate_3,3,0.0
362,candidate_2,candidate_1,candidate_3,3,0.0
363,candidate_2,candidate_1,candidate_3,3,0.0
364,candidate_2,candidate_1,candidate_3,3,0.0
365,candidate_2,candidate_1,candidate_3,3,0.0
366,candidate_2,candidate_1,candidate_3,3,0.0
367,candidate_2,candidate_1,candidate_3,3,0.0
368,candidate_2,candidate_1,candidate_3,3,0.0
369,candidate_2,candidate_1,candidate_3,3,0.0
370,candidate_2,candidate_1,candidate_3,3,0.0
371,candidate_2,candidate_1,candidate_3,3,0.0
372,candidate_2,candidate_1,candidate_3,3,0.0
373,candidate_2,candidate_1,candidate_3,3,0.0
374,candidate_2,candidate_1,candidate_3,3,0.0
375,candidate_2,candidate_1,candidate_3,3,0.0
376,candidate_2,candidate_1,candidate_3,3,0.0
377,candidate_2,candidate_1,candidate_3,3,0.0
378,candidate_2,candidate_1,candidate_3,3,0.0
379,candidate_2,candidate_1,candidate_3,3,0.0
380,candidate_2,candidate_1,candidate_3,3,0.0
381,candidate_2,candidate_1,candidate_3,3,0.0
382,candidate_2,candidate_1,candidate_3,3,0.0
383,candidate_2,candidate_1,candidate_3,3,0.0
384,candidate_2,candidate_1,candidate_3,3,0.0
385,candidate_2,candidate_1,candidate_3,3,0.0
386,candidate_2,candidate_1,candidate_3,3,0.0
387,candidate_2,candidate_1,candidate_3,3,0.0
388,candidate_2,candidate_1,candidate_3,3,0.0
389,candidate_2,candidate_1,candidate_3,3,0.0
390,candidate_2,candidate_1,candidate_3,3,0.0
391,candidate_2,candidate_1,candidate_3,3,0.0
392,candidate_2,candidate_1,candidate_3,3,0.0
393,candidate_2,candidate_1,candidate_3,3,0.0
394,candidate_2,candidate_1,candidate_3,3,0.0
395,candidate_2,candidate_1,candidate_3,3,0.0
396,candidate_2,candidate_1,candidate_3,3,0.0
397,candidate_2,candidate_1,candidate_3,3,0.0
398,candidate_2,candidate_1,candidate_3,3,0.0
399,candidate_2,candidate_1,candidate_3,3,0.0
400,candidate_2,candidate_1,candidate_3,3,0.0
401,candidate_2,candidate_1,candidate_3,3,0.0
402,candidate_2,candidate_1,candidate_3,3,0.0
403,candidate_2,candidate_1,candidate_3,3,0.0
404,candidate_2,candidate_1,candidate_3,3,0.0
405,candidate_2,candidate_1,candidate_3,3,0.0
406,candidate_2,candidate_1,candidate_3,3,0.0
407,candidate_2,candidate_1,candidate_3,3,0.0
408,candidate_2,candidate_1,candidate_3,3,0.0
409,candidate_2,candidate_1,candidate_3,3,0.0
410,candidate_2,candidate_1,candidate_3,3,0.0
411,candidate_2,candidate_1,candidate_3,3,0.0
412,candidate_2,candidate_1,candidate_3,3,0.0
413,candidate_2,candidate_1,candidate_3,3,0.0
414,candidate_2,candidate_1,candidate_3,3,0.0
415,candidate_2,candidate_1,candidate_3,3,0.0
416,candidate_2,candidate_1,candidate_3,3,0.0
417,candidate_2,candidate_1,candidate_3,3,0.0
418,candidate_2,candidate_1,candidate_3,3,0.0
419,candidate_2,candidate_1,candidate_3,3,0.0
420,candidate_2,candidate_1,candidate_3,3,0.0
421,candidate_2,candidate_1,candidate_3,3,0.0
422,candidate_2,candidate_1,candidate_3,3,0.0
423,candidate_2,candidate_1,candidate_3,3,0.0
424,candidate_2,candidate_1,candidate_3,3,0.0
425,candidate_2,candidate_1,candidate_3,3,0.0
426,candidate_2,candidate_1,candidate_3,3,0.0
427,candidate_2,candidate_1,candidate_3,3,0.0
428,candidate_2,candidate_1,candidate_3,3,0.0
429,candidate_2,candidate_1,candidate_3,3,0.0
430,candidate_2,candidate_1,candidate_3,3,0.0
431,candidate_2,candidate_1,candidate_3,3,0.0
432,candidate_2,candidate_1,candidate_3,3,0.0
433,candidate_2,candidate_1,candidate_3,3,0.0
434,candidate_2,candidate_1,candidate_3,3,0.0
435,candidate_2,candidate_1,candidate_3,3,0.0
436,candidate_2,candidate_1,candidate_3,3,0.0
437,candidate_2,candidate_1,candidate_3,3,0.0
438,candidate_2,candidate_1,candidate_3,3,0.0
439,candidate_2,candidate_1,candidate_3,3,0.0
440,candidate_2,candidate_1,candidate_3,3,0.0
441,candidate_2,candidate_1,candidate_3,3,0.0
442,candidate_2,candidate_1,candidate_3,3,0.0
443,candidate_2,candidate_1,candidate_3,3,0.0
444,candidate_2,candidate_1,candidate_3,3,0.0
445,candidate_2,candidate_1,candidate_3,3,0.0
446,candidate_2,candidate_1,candidate_3,3,0.0
447,candidate_2,candidate_1,candidate_3,3,0.0
448,candidate_2,candidate_1,candidate_3,3,0.0
449,candidate_2,candidate_1,candidate_3,3,0.0
450,candidate_2,candidate_1,candidate_3,3,0.0
451,candidate_2,candidate_1,candidate_3,3,0.0
452,candidate_2,candidate_1,candidate_3,3,0.0
453,candidate_2,candidate_1,candidate_3,3,0.0
454,candidate_2,candidate_1,candidate_3,3,0.0
455,candidate_2,candidate_1,candidate_3,3,0.0
456,candidate_2,candidate_1,candidate_3,3,0.0
457,candidate_2,candidate_1,candidate_3,3,0.0
458,candidate_2,candidate_1,candidate_3,3,0.0
459,candidate_2,candidate_1,candidate_3,3,0.0
460,candidate_2,candidate_1,candidate_3,3,0.0
461,candidate_2,candidate_1,candidate_3,3,0.0
462,candidate_2,candidate_1,candidate_3,3,0.0
463,candidate_2,candidate_1,candidate_3,3,0.0
464,candidate_2,candidate_1,candidate_3,3,0.0
465,candidate_2,candidate_1,candidate_3,3,0.0
466,candidate_2,candidate_1,candidate_3,3,0.0
467,candidate_2,candidate_1,candidate_3,3,0.0
468,candidate_2,candidate_1,candidate_3,3,0.0
469,candidate_2,candidate_1,candidate_3,3,0.0
470,candidate_2,candidate_1,candidate_3,3,0.0
471,candidate_2,candidate_1,candidate_3,3,0.0
472,candidate_2,candidate_1,candidate_3,3,0.0
473,candidate_2,candidate_1,candidate_3,3,0.0
474,candidate_2,candidate_1,candidate_3,3,0.0
475,candidate_2,candidate_1,candidate_3,3,0.0
476,candidate_2,candidate_1,candidate_3,3,0.0
477,candidate_2,candidate_1,candidate_3,3,0.0
478,candidate_2,candidate_1,candidate_3,3,0.0
479,candidate_2,candidate_1,candidate_3,3,0.0
480,candidate_2,candidate_1,candidate_3,3,0.0
481,candidate_2,candidate_1,candidate_3,3,0.0
482,candidate_2,candidate_1,candidate_3,3,0.0
483,candidate_2,candidate_1,candidate_3,3,0.0
484,candidate_2,candidate_1,candidate_3,3,0.0
485,candidate_2,candidate_1,candidate_3,3,0.0
486,candidate_2,candidate_1,candidate_3,3,0.0
487,candidate_2,candidate_1,candidate_3,3,0.0
488,candidate_2,candidate_1,candidate_3,3,0.0
489,candidate_2,candidate_1,candidate_3,3,0.0
490,candidate_2,candidate_1,candidate_3,3,0.0
491,candidate_2,candidate_1,candidate_3,3,0.0
492,candidate_2,candidate_1,candidate_3,3,0.0
493,candidate_2,candidate_1,candidate_3,3,0.0
494,candidate_2,candidate_1,candidate_3,3,0.0
495,candidate_2,candidate_1,candidate_3,3,0.0
496,candidate_2,candidate_1,candidate_3,3,0.0
497,candidate_2,candidate_1,candidate_3,3,0.0
498,candidate_2,candidate_1,candidate_3,3,0.0
499,candidate_2,candidate_1,candidate_3,3,0.0
500,candidate_2,candidate_1,candidate_3,3,0.0
501,candidate_2,candidate_1,candidate_3,3,0.0
502,candidate_2,candidate_1,candidate_3,3,0.0
503,candidate_2,candidate_1,candidate_3,3,0.0
504,candidate_2,candidate_1,candidate_3,3,0.0
505,candidate_2,candidate_1,candidate_3,3,0.0
506,candidate_2,candidate_1,candidate_3,3,0.0
507,candidate_2,candidate_1,candidate_3,3,0.0
508,candidate_2,candidate_1,candidate_3,3,0.0
509,candidate_2,candidate_1,candidate_3,3,0.0
510,candidate_2,candidate_1,candidate_3,3,0.0
511,candidate_2,candidate_1,candidate_3,3,0.0
512,candidate_2,candidate_1,candidate_3,3,0.0
513,candidate_2,candidate_1,candidate_3,3,0.0
514,candidate_2,candidate_1,candidate_3,3,0.0
515,candidate_2,candidate_1,candidate_3,3,0.0
516,candidate_2,candidate_1,candidate_3,3,0.0
517,candidate_2,candidate_1,candidate_3,3,0.0
518,candidate_2,candidate_1,candidate_3,3,0.0
519,candidate_2,candidate_1,candidate_3,3,0.0
520,candidate_2,candidate_1,candidate_3,3,0.0
521,candidate_2,candidate_1,candidate_3,3,0.0
522,candidate_2,candidate_1,candidate_3,3,0.0
523,candidate_2,candidate_1,candidate_3,3,0.0
524,candidate_2,candidate_1,candidate_3,3,0.0
525,candidate_2,candidate_1,candidate_3,3,0.0
526,candidate_2,candidate_1,candidate_3,3,0.0
527,candidate_2,candidate_1,candidate_3,3,0.0
528,candidate_2,candidate_1,candidate_3,3,0.0
529,candidate_2,candidate_1,candidate_3,3,0.0
530,candidate_2,candidate_1,candidate_3,3,0.0
531,candidate_2,candidate_1,candidate_3,3,0.0
532,candidate_2,candidate_1,candidate_3,3,0.0
533,candidate_2,candidate_1,candidate_3,3,0.0
534,candidate_2,candidate_1,candidate_3,3,0.0
535,candidate_2,candidate_1,candidate_3,3,0.0
536,candidate_2,candidate_1,candidate_3,3,0.0
537,candidate_2,candidate_1,candidate_3,3,0.0
538,candidate_2,candidate_1,candidate_3,3,0.0
539,candidate_2,candidate_1,candidate_3,3,0.0
540,candidate_2,candidate_1,candidate_3,3,0.0
541,candidate_2,candidate_1,candidate_3,3,0.0
542,candidate_2,candidate_1,candidate_3,3,0.0
543,candidate_2,candidate_1,candidate_3,3,0.0
544,candidate_2,candidate_1,candidate_3,3,0.0
545,candidate_2,candidate_1,candidate_3,3,0.0
546,candidate_2,candidate_1,candidate_3,3,0.0
547,candidate_2,candidate_1,candidate_3,3,0.0
548,candidate_2,candidate_1,candidate_3,3,0.0
549,candidate_2,candidate_1,candidate_3,3,0.0
550,candidate_2,candidate_1,candidate_3,3,0.0
551,candidate_2,candidate_1,candidate_3,3,0.0
552,candidate_2,candidate_1,candidate_3,3,0.0
553,candidate_2,candidate_1,candidate_3,3,0.0
554,candidate_2,candidate_1,candidate_3,3,0.0
555,candidate_2,candidate_1,candidate_3,3,0.0
556,candidate_2,candidate_1,candidate_3,3,0.0
557,candidate_2,candidate_1,candidate_3,3,0.0
558,candidate_2,candidate_1,candidate_3,3,0.0
559,candidate_2,candidate_1,candidate_3,3,0.0
560,candidate_2,candidate_1,candidate_3,3,0.0
561,candidate_2,candidate_1,candidate_3,3,0.0
562,candidate_2,candidate_1,candidate_3,3,0.0
563,candidate_2,candidate_1,candidate_3,3,0.0
564,candidate_2,candidate_1,candidate_3,3,0.0
565,candidate_2,candidate_1,candidate_3,3,0.0
566,candidate_2,candidate_1,candidate_3,3,0.0
567,candidate_2,candidate_1,candidate_3,3,0.0
568,candidate_2,candidate_1,candidate_3,3,0.0
569,candidate_2,candidate_1,candidate_3,3,0.0
570,candidate_2,candidate_1,candidate_3,3,0.0
571,candidate_2,candidate_1,candidate_3,3,0.0
572,candidate_2,candidate_1,candidate_3,3,0.0
573,candidate_2,candidate_1,candidate_3,3,0.0
574,candidate_2,candidate_1,candidate_3,3,0.0
575,candidate_2,candidate_1,candidate_3,3,0.0
576,candidate_2,candidate_1,candidate_3,3,0.0
577,candidate_2,candidate_1,candidate_3,3,0.0
578,candidate_2,candidate_1,candidate_3,3,0.0
579,candidate_2,candidate_1,candidate_3,3,0.0
580,candidate_2,candidate_1,candidate_3,3,0.0
581,candidate_2,candidate_1,candidate_3,3,0.0
582,candidate_2,candidate_1,candidate_3,3,0.0
583,candidate_2,candidate_1,candidate_3,3,0.0
584,candidate_2,candidate_1,candidate_3,3,0.0
585,candidate_2,candidate_1,candidate_3,3,0.0
586,candidate_2,candidate_1,candidate_3,3,0.0
587,candidate_2,candidate_1,candidate_3,3,0.0
588,candidate_2,candidate_1,candidate_3,3,0.0
589,candidate_2,candidate_1,candidate_3,3,0.0
590,candidate_2,candidate_1,candidate_3,3,0.0
591,candidate_2,candidate_1,candidate_3,3,0.0
592,candidate_2,candidate_1,candidate_3,3,0.0
593,candidate_2,candidate_1,candidate_3,3,0.0
594,candidate_2,candidate_1,candidate_3,3,0.0
595,candidate_2,candidate_1,candidate_3,3,0.0
596,candidate_2,candidate_1,candidate_3,3,0.0
597,candidate_2,candidate_1,candidate_3,3,0.0
598,candidate_2,candidate_1,candidate_3,3,0.0
599,candidate_2,candidate_1,candidate_3,3,0.0
600,candidate_2,candidate_1,candidate_3,3,0.0
601,candidate_2,candidate_1,candidate_3,3,0.0
602,candidate_2,candidate_1,candidate_3,3,0.0
603,candidate_2,candidate_1,candidate_3,3,0.0
604,candidate_2,candidate_1,candidate_3,3,0.0
605,candidate_2,candidate_1,candidate_3,3,0.0
606,candidate_2,candidate_1,candidate_3,3,0.0
607,candidate_2,candidate_1,candidate_3,3,0.0
608,candidate_2,candidate_1,candidate_3,3,0.0
609,candidate_2,candidate_1,candidate_3,3,0.0
610,candidate_2,candidate_1,candidate_3,3,0.0
611,candidate_2,candidate_1,candidate_3,3,0.0
612,candidate_2,candidate_1,candidate_3,3,0.0
613,candidate_2,candidate_1,candidate_3,3,0.0
614,candidate_2,candidate_1,candidate_3,3,0.0
615,candidate_2,candidate_1,candidate_3,3,0.0
616,candidate_2,candidate_1,candidate_3,3,0.0
617,candidate_2,candidate_1,candidate_3,3,0.0
618,candidate_2,candidate_1,candidate_3,3,0.0
619,candidate_2,candidate_1,candidate_3,3,0.0
620,candidate_2,candidate_1,candidate_3,3,0.0
621,candidate_2,candidate_1,candidate_3,3,0.0
622,candidate_2,candidate_1,candidate_3,3,0.0
623,candidate_2,candidate_1,candidate_3,3,0.0
624,candidate_2,candidate_1,candidate_3,3,0.0
625,candidate_2,candidate_1,candidate_3,3,0.0
626,candidate_2,candidate_1,candidate_3,3,0.0
627,candidate_2,candidate_1,candidate_3,3,0.0
628,candidate_2,candidate_1,candidate_3,3,0.0
629,candidate_2,candidate_1,candidate_3,3,0.0
630,candidate_2,candidate_1,candidate_3,3,0.0
631,candidate_2,candidate_1,candidate_3,3,0.0
632,candidate_2,candidate_1,candidate_3,3,0.0
633,candidate_2,candidate_1,candidate_3,3,0.0
634,candidate_2,candidate_1,candidate_3,3,0.0
635,candidate_2,candidate_1,candidate_3,3,0.0
636,candidate_2,candidate_1,candidate_3,3,0.0
637,candidate_2,candidate_1,candidate_3,3,0.0
638,candidate_2,candidate_1,candidate_3,3,0.0
639,candidate_2,candidate_1,candidate_3,3,0.0
640,candidate_2,candidate_1,candidate_3,3,0.0
641,candidate_2,candidate_1,candidate_3,3,0.0
642,candidate_2,candidate_1,candidate_3,3,0.0
643,candidate_2,candidate_1,candidate_3,3,0.0
644,candidate_2,candidate_1,candidate_3,3,0.0
645,candidate_2,candidate_1,candidate_3,3,0.0
646,candidate_2,candidate_1,candidate_3,3,0.0
647,candidate_2,candidate_1,candidate_3,3,0.0
648,candidate_2,candidate_1,candidate_3,3,0.0
649,candidate_2,candidate_1,candidate_3,3,0.0
650,candidate_2,candidate_1,candidate_3,3,0.0
651,candidate_2,candidate_1,candidate_3,3,0.0
652,candidate_2,candidate_1,candidate_3,3,0.0
653,candidate_2,candidate_1,candidate_3,3,0.0
654,candidate_2,candidate_1,candidate_3,3,0.0
655,candidate_2,candidate_1,candidate_3,3,0.0
656,candidate_2,candidate_1,candidate_3,3,0.0
657,candidate_2,candidate_1,candidate_3,3,0.0
658,candidate_2,candidate_1,candidate_3,3,0.0
659,candidate_2,candidate_1,candidate_3,3,0.0
660,candidate_2,candidate_1,candidate_3,3,0.0
661,candidate_2,candidate_1,candidate_3,3,0.0
662,candidate_2,candidate_1,candidate_3,3,0.0
663,candidate_2,candidate_1,candidate_3,3,0.0
664,candidate_2,candidate_1,candidate_3,3,0.0
665,candidate_2,candidate_1,candidate_3,3,0.0
666,candidate_2,candidate_1,candidate_3,3,0.0
667,candidate_2,candidate_1,candidate_3,3,0.0
668,candidate_2,candidate_1,candidate_3,3,0.0
669,candidate_2,candidate_1,candidate_3,3,0.0
670,candidate_2,candidate_1,candidate_3,3,0.0
671,candidate_2,candidate_1,candidate_3,3,0.0
672,candidate_2,candidate_1,candidate_3,3,0.0
673,candidate_2,candidate_1,candidate_3,3,0.0
674,candidate_2,candidate_1,candidate_3,3,0.0
675,candidate_2,candidate_1,candidate_3,3,0.0
676,candidate_2,candidate_1,candidate_3,3,0.0
677,candidate_2,candidate_1,candidate_3,3,0.0
678,candidate_2,candidate_1,candidate_3,3,0.0
679,candidate_2,candidate_1,candidate_3,3,0.0
680,candidate_2,candidate_1,candidate_3,3,0.0
681,candidate_2,candidate_1,candidate_3,3,0.0
682,candidate_2,candidate_1,candidate_3,3,0.0
683,candidate_2,candidate_1,candidate_3,3,0.0
684,candidate_2,candidate_1,candidate_3,3,0.0
685,candidate_2,candidate_1,candidate_3,3,0.0
686,candidate_2,candidate_1,candidate_3,3,0.0
687,candidate_2,candidate_1,candidate_3,3,0.0
688,candidate_2,candidate_1,candidate_3,3,0.0
689,candidate_2,candidate_1,candidate_3,3,0.0
690,candidate_2,candidate_1,candidate_3,3,0.0
691,candidate_2,candidate_1,candidate_3,3,0.0
692,candidate_2,candidate_1,candidate_3,3,0.0
693,candidate_2,candidate_1,candidate_3,3,0.0
694,candidate_2,candidate_1,candidate_3,3,0.0
695,candidate_2,candidate_1,candidate_3,3,0.0
696,candidate_2,candidate_1,candidate_3,3,0.0
697,candidate_2,candidate_1,candidate_3,3,0.0
698,candidate_2,candidate_1,candidate_3,3,0.0
699,candidate_2,candidate_1,candidate_3,3,0.0
700,candidate_2,candidate_1,candidate_3,3,0.0
701,candidate_2,candidate_1,candidate_3,3,0.0
702,candidate_2,candidate_1,candidate_3,3,0.0
703,candidate_2,candidate_1,candidate_3,3,0.0
704,candidate_2,candidate_1,candidate_3,3,0.0
705,candidate_2,candidate_1,candidate_3,3,0.0
706,candidate_2,candidate_1,candidate_3,3,0.0
707,candidate_2,candidate_1,candidate_3,3,0.0
708,candidate_2,candidate_1,candidate_3,3,0.0
709,candidate_2,candidate_1,candidate_3,3,0.0
710,candidate_2,candidate_1,candidate_3,3,0.0
711,candidate_2,candidate_1,candidate_3,3,0.0
712,candidate_2,candidate_1,candidate_3,3,0.0
713,candidate_2,candidate_1,candidate_3,3,0.0
714,candidate_2,candidate_1,candidate_3,3,0.0
715,candidate_2,candidate_1,candidate_3,3,0.0
716,candidate_2,candidate_1,candidate_3,3,0.0
717,candidate_2,candidate_1,candidate_3,3,0.0
718,candidate_2,candidate_1,candidate_3,3,0.0
719,candidate_2,candidate_1,candidate_3,3,0.0
720,candidate_2,candidate_1,candidate_3,3,0.0
721,candidate_2,candidate_1,candidate_3,3,0.0
722,candidate_2,candidate_1,candidate_3,3,0.0
723,candidate_2,candidate_1,candidate_3,3,0.0
724,candidate_2,candidate_1,candidate_3,3,0.0
725,candidate_2,candidate_1,candidate_3,3,0.0
726,candidate_2,candidate_1,candidate_3,3,0.0
727,candidate_2,candidate_1,candidate_3,3,0.0
728,candidate_2,candidate_1,candidate_3,3,0.0
729,candidate_2,candidate_1,candidate_3,3,0.0
730,candidate_2,candidate_1,candidate_3,3,0.0
731,candidate_2,candidate_1,candidate_3,3,0.0
732,candidate_2,candidate_1,candidate_3,3,0.0
733,candidate_2,candidate_1,candidate_3,3,0.0
734,candidate_2,candidate_1,candidate_3,3,0.0
735,candidate_2,candidate_1,candidate_3,3,0.0
736,candidate_2,candidate_1,candidate_3,3,0.0
737,candidate_2,candidate_1,candidate_3,3,0.0
738,candidate_2,candidate_1,candidate_3,3,0.0
739,candidate_2,candidate_1,candidate_3,3,0.0
740,candidate_2,candidate_1,candidate_3,3,0.0
741,candidate_2,candidate_1,candidate_3,3,0.0
742,candidate_2,candidate_1,candidate_3,3,0.0
743,candidate_2,candidate_1,candidate_3,3,0.0
744,candidate_2,candidate_1,candidate_3,3,0.0
745,candidate_2,candidate_1,candidate_3,3,0.0
746,candidate_2,candidate_1,candidate_3,3,0.0
747,candidate_2,candidate_1,candidate_3,3,0.0
748,candidate_2,candidate_1,candidate_3,3,0.0
749,candidate_2,candidate_1,candidate_3,3,0.0
750,candidate_2,candidate_1,candidate_3,3,0.0
751,candidate_2,candidate_1,candidate_3,3,0.0
752,candidate_2,candidate_1,candidate_3,3,0.0
753,candidate_2,candidate_1,candidate_3,3,0.0
754,candidate_2,candidate_1,candidate_3,3,0.0
755,candidate_2,candidate_1,candidate_3,3,0.0
756,candidate_2,candidate_1,candidate_3,3,0.0
757,candidate_2,candidate_1,candidate_3,3,0.0
758,candidate_2,candidate_1,candidate_3,3,0.0
759,candidate_2,candidate_1,candidate_3,3,0.0
760,candidate_2,candidate_1,candidate_3,3,0.0
761,candidate_2,candidate_1,candidate_3,3,0.0
762,candidate_2,candidate_1,candidate_3,3,0.0
763,candidate_2,candidate_1,candidate_3,3,0.0
764,candidate_2,candidate_1,candidate_3,3,0.0
765,candidate_2,candidate_1,candidate_3,3,0.0
766,candidate_2,candidate_1,candidate_3,3,0.0
767,candidate_2,candidate_1,candidate_3,3,0.0
768,candidate_2,candidate_1,candidate_3,3,0.0
769,candidate_2,candidate_1,candidate_3,3,0.0
770,candidate_2,candidate_1,candidate_3,3,0.0
771,candidate_2,candidate_1,candidate_3,3,0.0
772,candidate_2,candidate_1,candidate_3,3,0.0
773,candidate_2,candidate_1,candidate_3,3,0.0
774,candidate_2,candidate_1,candidate_3,3,0.0
775,candidate_2,candidate_1,candidate_3,3,0.0
776,candidate_2,candidate_1,candidate_3,3,0.0
777,candidate_2,candidate_1,candidate_3,3,0.0
778,candidate_2,candidate_1,candidate_3,3,0.0
779,candidate_2,candidate_1,candidate_3,3,0.0
780,candidate_2,candidate_1,candidate_3,3,0.0
781,candidate_2,candidate_1,candidate_3,3,0.0
782,candidate_2,candidate_1,candidate_3,3,0.0
783,candidate_2,candidate_1,candidate_3,3,0.0
784,candidate_2,candidate_1,candidate_3,3,0.0
785,candidate_2,candidate_1,candidate_3,3,0.0
786,candidate_2,candidate_1,candidate_3,3,0.0
787,candidate_2,candidate_1,candidate_3,3,0.0
788,candidate_2,candidate_1,candidate_3,3,0.0
789,candidate_2,candidate_1,candidate_3,3,0.0
790,candidate_2,candidate_1,candidate_3,3,0.0
791,candidate_2,candidate_1,candidate_3,3,0.0
792,candidate_2,candidate_1,candidate_3,3,0.0
793,candidate_2,candidate_1,candidate_3,3,0.0
794,candidate_2,candidate_1,candidate_3,3,0.0
795,candidate_2,candidate_1,candidate_3,3,0.0
796,candidate_2,candidate_1,candidate_3,3,0.0
797,candidate_2,candidate_1,candidate_3,3,0.0
798,candidate_2,candidate_1,candidate_3,3,0.0
799,candidate_2,candidate_1,candidate_3,3,0.0
800,candidate_2,candidate_1,candidate_3,3,0.0
801,candidate_2,candidate_1,candidate_3,3,0.0
802,candidate_2,candidate_1,candidate_3,3,0.0
803,candidate_2,candidate_1,candidate_3,3,0.0
804,candidate_2,candidate_1,candidate_3,3,0.0
805,candidate_2,candidate_1,candidate_3,3,0.0
806,candidate_2,candidate_1,candidate_3,3,0.0
807,candidate_2,candidate_1,candidate_3,3,0.0
808,candidate_2,candidate_1,candidate_3,3,0.0
809,candidate_2,candidate_1,candidate_3,3,0.0
810,candidate_2,candidate_1,candidate_3,3,0.0
811,candidate_2,candidate_1,candidate_3,3,0.0
812,candidate_2,candidate_1,candidate_3,3,0.0
813,candidate_2,candidate_1,candidate_3,3,0.0
814,candidate_2,candidate_1,candidate_3,3,0.0
815,candidate_2,candidate_1,candidate_3,3,0.0
816,candidate_2,candidate_1,candidate_3,3,0.0
817,candidate_2,candidate_1,candidate_3,3,0.0
818,candidate_2,candidate_1,candidate_3,3,0.0
819,candidate_2,candidate_1,candidate_3,3,0.0
820,candidate_2,candidate_1,candidate_3,3,0.0
821,candidate_2,candidate_1,candidate_3,3,0.0
822,candidate_2,candidate_1,candidate_3,3,0.0
823,candidate_2,candidate_1,candidate_3,3,0.0
824,candidate_2,candidate_1,candidate_3,3,0.0
825,candidate_2,candidate_1,candidate_3,3,0.0
826,candidate_2,candidate_1,candidate_3,3,0.0
827,candidate_2,candidate_1,candidate_3,3,0.0
828,candidate_2,candidate_1,candidate_3,3,0.0
829,candidate_2,candidate_1,candidate_3,3,0.0
830,candidate_2,candidate_1,candidate_3,3,0.0
831,candidate_2,candidate_1,candidate_3,3,0.0
832,candidate_2,candidate_1,candidate_3,3,0.0
833,candidate_2,candidate_1,candidate_3,3,0.0
834,candidate_2,candidate_1,candidate_3,3,0.0
835,candidate_2,candidate_1,candidate_3,3,0.0
836,candidate_2,candidate_1,candidate_3,3,0.0
837,candidate_2,candidate_1,candidate_3,3,0.0
838,candidate_2,candidate_1,candidate_3,3,0.0
839,candidate_2,candidate_1,candidate_3,3,0.0
840,candidate_2,candidate_1,candidate_3,3,0.0
841,candidate_2,candidate_1,candidate_3,3,0.0
842,candidate_2,candidate_1,candidate_3,3,0.0
843,candidate_2,candidate_1,candidate_3,3,0.0
844,candidate_2,candidate_1,candidate_3,3,0.0
845,candidate_2,candidate_1,candidate_3,3,0.0
846,candidate_2,candidate_1,candidate_3,3,0.0
847,candidate_2,candidate_1,candidate_3,3,0.0
848,candidate_2,candidate_1,candidate_3,3,0.0
849,candidate_2,candidate_1,candidate_3,3,0.0
850,candidate_2,candidate_1,candidate_3,3,0.0
851,candidate_2,candidate_1,candidate_3,3,0.0
852,candidate_2,candidate_1,candidate_3,3,0.0
853,candidate_2,candidate_1,candidate_3,3,0.0
854,candidate_2,candidate_1,candidate_3,3,0.0
855,candidate_2,candidate_1,candidate_3,3,0.0
856,candidate_2,candidate_1,candidate_3,3,0.0
857,candidate_2,candidate_1,candidate_3,3,0.0
858,candidate_2,candidate_1,candidate_3,3,0.0
859,candidate_2,candidate_1,candidate_3,3,0.0
860,candidate_2,candidate_1,candidate_3,3,0.0
861,candidate_2,candidate_1,candidate_3,3,0.0
862,candidate_2,candidate_1,candidate_3,3,0.0
863,candidate_2,candidate_1,candidate_3,3,0.0
864,candidate_2,candidate_1,candidate_3,3,0.0
865,candidate_2,candidate_1,candidate_3,3,0.0
866,candidate_2,candidate_1,candidate_3,3,0.0
867,candidate_2,candidate_1,candidate_3,3,0.0
868,candidate_2,candidate_1,candidate_3,3,0.0
869,candidate_2,candidate_1,candidate_3,3,0.0
870,candidate_2,candidate_1,candidate_3,3,0.0
871,candidate_2,candidate_1,candidate_3,3,0.0
872,candidate_2,candidate_1,candidate_3,3,0.0
873,candidate_2,candidate_1,candidate_3,3,0.0
874,candidate_2,candidate_1,candidate_3,3,0.0
875,candidate_2,candidate_1,candidate_3,3,0.0
876,candidate_2,candidate_1,candidate_3,3,0.0
877,candidate_2,candidate_1,candidate_3,3,0.0
878,candidate_2,candidate_1,candidate_3,3,0.0
879,candidate_2,candidate_1,candidate_3,3,0.0
880,candidate_2,candidate_1,candidate_3,3,0.0
881,candidate_2,candidate_1,candidate_3,3,0.0
882,candidate_2,candidate_1,candidate_3,3,0.0
883,candidate_2,candidate_1,candidate_3,3,0.0
884,candidate_2,candidate_1,candidate_3,3,0.0
885,candidate_2,candidate_1,candidate_3,3,0.0
886,candidate_2,candidate_1,candidate_3,3,0.0
887,candidate_2,candidate_1,candidate_3,3,0.0
888,candidate_2,candidate_1,candidate_3,3,0.0
889,candidate_2,candidate_1,candidate_3,3,0.0
890,candidate_2,candidate_1,candidate_3,3,0.0
891,candidate_2,candidate_1,candidate_3,3,0.0
892,candidate_2,candidate_1,candidate_3,3,0.0
893,candidate_2,candidate_1,candidate_3,3,0.0
894,candidate_2,candidate_1,candidate_3,3,0.0
895,candidate_2,candidate_1,candidate_3,3,0.0
896,candidate_2,candidate_1,candidate_3,3,0.0
897,candidate_2,candidate_1,candidate_3,3,0.0
898,candidate_2,candidate_1,candidate_3,3,0.0
899,candidate_2,candidate_1,candidate_3,3,0.0
900,candidate_2,candidate_1,candidate_3,3,0.0
901,candidate_2,candidate_1,candidate_3,3,0.0
902,candidate_2,candidate_1,candidate_3,3,0.0
903,candidate_2,candidate_1,candidate_3,3,0.0
904,candidate_2,candidate_1,candidate_3,3,0.0
905,candidate_2,candidate_1,candidate_3,3,0.0
906,candidate_2,candidate_1,candidate_3,3,0.0
907,candidate_2,candidate_1,candidate_3,3,0.0
908,candidate_2,candidate_1,candidate_3,3,0.0
909,candidate_2,candidate_1,candidate_3,3,0.0
910,candidate_2,candidate_1,candidate_3,3,0.0
911,candidate_2,candidate_1,candidate_3,3,0.0
912,candidate_2,candidate_1,candidate_3,3,0.0
913,candidate_2,candidate_1,candidate_3,3,0.0
914,candidate_2,candidate_1,candidate_3,3,0.0
915,candidate_2,candidate_1,candidate_3,3,0.0
916,candidate_2,candidate_1,candidate_3,3,0.0
917,candidate_2,candidate_1,candidate_3,3,0.0
918,candidate_2,candidate_1,candidate_3,3,0.0
919,candidate_2,candidate_1,candidate_3,3,0.0
920,candidate_2,candidate_1,candidate_3,3,0.0
921,candidate_2,candidate_1,candidate_3,3,0.0
922,candidate_2,candidate_1,candidate_3,3,0.0
923,candidate_2,candidate_1,candidate_3,3,0.0
924,candidate_2,candidate_1,candidate_3,3,0.0
925,candidate_2,candidate_1,candidate_3,3,0.0
926,candidate_2,candidate_1,candidate_3,3,0.0
927,candidate_2,candidate_1,candidate_3,3,0.0
928,candidate_2,candidate_1,candidate_3,3,0.0
929,candidate_2,candidate_1,candidate_3,3,0.0
930,candidate_2,candidate_1,candidate_3,3,0.0
931,candidate_2,candidate_1,candidate_3,3,0.0
932,candidate_2,candidate_1,candidate_3,3,0.0
933,candidate_2,candidate_1,candidate_3,3,0.0
934,candidate_2,candidate_1,candidate_3,3,0.0
935,candidate_2,candidate_1,candidate_3,3,0.0
936,candidate_2,candidate_1,candidate_3,3,0.0
937,candidate_2,candidate_1,candidate_3,3,0.0
938,candidate_2,candidate_1,candidate_3,3,0.0
939,candidate_2,candidate_1,candidate_3,3,0.0
940,candidate_2,candidate_1,candidate_3,3,0.0
941,candidate_2,candidate_1,candidate_3,3,0.0
942,candidate_2,candidate_1,candidate_3,3,0.0
943,candidate_2,candidate_1,candidate_3,3,0.0
944,candidate_2,candidate_1,candidate_3,3,0.0
945,candidate_2,candidate_1,candidate_3,3,0.0
946,candidate_2,candidate_1,candidate_3,3,0.0
947,candidate_2,candidate_1,candidate_3,3,0.0
948,candidate_2,candidate_1,candidate_3,3,0.0
949,candidate_2,candidate_1,candidate_3,3,0.0
950,candidate_2,candidate_1,candidate_3,3,0.0
951,candidate_2,candidate_1,candidate_3,3,0.0
952,candidate_2,candidate_1,candidate_3,3,0.0
953,candidate_2,candidate_1,candidate_3,3,0.0
954,candidate_2,candidate_1,candidate_3,3,0.0
955,candidate_2,candidate_1,candidate_3,3,0.0
956,candidate_2,candidate_1,candidate_3,3,0.0
957,candidate_2,candidate_1,candidate_3,3,0.0
958,candidate_2,candidate_1,candidate_3,3,0.0
959,candidate_2,candidate_1,candidate_3,3,0.0
960,candidate_2,candidate_1,candidate_3,3,0.0
961,candidate_2,candidate_1,candidate_3,3,0.0
962,candidate_2,candidate_1,candidate_3,3,0.0
963,candidate_2,candidate_1,candidate_3,3,0.0
964,candidate_2,candidate_1,candidate_3,3,0.0
965,candidate_2,candidate_1,candidate_3,3,0.0
966,candidate_2,candidate_1,candidate_3,3,0.0
967,candidate_2,candidate_1,candidate_3,3,0.0
968,candidate_2,candidate_1,candidate_3,3,0.0
969,candidate_2,candidate_1,candidate_3,3,0.0
970,candidate_2,candidate_1,candidate_3,3,0.0
971,candidate_2,candidate_1,candidate_3,3,0.0
972,candidate_2,candidate_1,candidate_3,3,0.0
973,candidate_2,candidate_1,candidate_3,3,0.0
974,candidate_2,candidate_1,candidate_3,3,0.0
975,candidate_2,candidate_1,candidate_3,3,0.0
976,candidate_2,candidate_1,candidate_3,3,0.0
977,candidate_2,candidate_1,candidate_3,3,0.0
978,candidate_2,candidate_1,candidate_3,3,0.0
979,candidate_2,candidate_1,candidate_3,3,0.0
980,candidate_2,candidate_1,candidate_3,3,0.0
981,candidate_2,candidate_1,candidate_3,3,0.0
982,candidate_2,candidate_1,candidate_3,3,0.0
983,candidate_2,candidate_1,candidate_3,3,0.0
984,candidate_2,candidate_1,candidate_3,3,0.0
985,candidate_2,candidate_1,candidate_3,3,0.0
986,candidate_2,candidate_1,candidate_3,3,0.0
987,candidate_2,candidate_1,candidate_3,3,0.0
988,candidate_2,candidate_1,candidate_3,3,0.0
989,candidate_2,candidate_1,candidate_3,3,0.0
990,candidate_2,candidate_1,candidate_3,3,0.0
991,candidate_2,candidate_1,candidate_3,3,0.0
992,candidate_2,candidate_1,candidate_3,3,0.0
993,candidate_2,candidate_1,candidate_3,3,0.0
994,candidate_2,candidate_1,candidate_3,3,0.0
995,candidate_2,candidate_1,candidate_3,3,0.0
996,candidate_2,candidate_1,candidate_3,3,0.0
997,candidate_2,candidate_1,candidate_3,3,0.0
998,candidate_2,candidate_1,candidate_3,3,0.0
999,candidate_2,candidate_1,candidate_3,3,0.0
1000,candidate_2,candidate_1,candidate_3,3,0.0
1001,candidate_2,candidate_1,candidate_3,3,0.0
1002,candidate_2,candidate_1,candidate_3,3,0.0
1003,candidate_2,candidate_1,candidate_3,3,0.0
1004,candidate_2,candidate_1,candidate_3,3,0.0
1005,candidate_2,candidate_1,candidate_3,3,0.0
1006,candidate_2,candidate_1,candidate_3,3,0.0
1007,candidate_2,candidate_1,candidate_3,3,0.0
1008,candidate_2,candidate_1,candidate_3,3,0.0
1009,candidate_2,candidate_1,candidate_3,3,0.0
1010,candidate_2,candidate_1,candidate_3,3,0.0
1011,candidate_2,candidate_1,candidate_3,3,0.0
1012,candidate_2,candidate_1,candidate_3,3,0.0
1013,candidate_2,candidate_1,candidate_3,3,0.0
1014,candidate_2,candidate_1,candidate_3,3,0.0
1015,candidate_2,candidate_1,candidate_3,3,0.0
1016,candidate_2,candidate_1,candidate_3,3,0.0
1017,candidate_2,candidate_1,candidate_3,3,0.0
1018,candidate_2,candidate_1,candidate_3,3,0.0
1019,candidate_2,candidate_1,candidate_3,3,0.0
1020,candidate_2,candidate_1,candidate_3,3,0.0
1021,candidate_2,candidate_1,candidate_3,3,0.0
1022,candidate_2,candidate_1,candidate_3,3,0.0
1023,candidate_2,candidate_1,candidate_3,3,0.0
1024,candidate_2,candidate_1,candidate_3,3,0.0
1025,candidate_2,candidate_1,candidate_3,3,0.0
1026,candidate_2,candidate_1,candidate_3,3,0.0
1027,candidate_2,candidate_1,candidate_3,3,0.0
1028,candidate_2,candidate_1,candidate_3,3,0.0
1029,candidate_2,candidate_1,candidate_3,3,0.0
1030,candidate_2,candidate_1,candidate_3,3,0.0
1031,candidate_2,candidate_1,candidate_3,3,0.0
1032,candidate_2,candidate_1,candidate_3,3,0.0
1033,candidate_2,candidate_1,candidate_3,3,0.0
1034,candidate_2,candidate_1,candidate_3,3,0.0
1035,candidate_2,candidate_1,candidate_3,3,0.0
1036,candidate_2,candidate_1,candidate_3,3,0.0
1037,candidate_2,candidate_1,candidate_3,3,0.0
1038,candidate_2,candidate_1,candidate_3,3,0.0
1039,candidate_2,candidate_1,candidate_3,3,0.0
1040,candidate_2,candidate_1,candidate_3,3,0.0
1041,candidate_2,candidate_1,candidate_3,3,0.0
1042,candidate_2,candidate_1,candidate_3,3,0.0
1043,candidate_2,candidate_1,candidate_3,3,0.0
1044,candidate_2,candidate_1,candidate_3,3,0.0
1045,candidate_2,candidate_1,candidate_3,3,0.0
1046,candidate_2,candidate_1,candidate_3,3,0.0
1047,candidate_2,candidate_1,candidate_3,3,0.0
1048,candidate_2,candidate_1,candidate_3,3,0.0
1049,candidate_2,candidate_1,candidate_3,3,0.0
1050,candidate_2,candidate_1,candidate_3,3,0.0
1051,candidate_2,candidate_1,candidate_3,3,0.0
1052,candidate_2,candidate_1,candidate_3,3,0.0
1053,candidate_2,candidate_1,candidate_3,3,0.0
1054,candidate_2,candidate_1,candidate_3,3,0.0
1055,candidate_2,candidate_1,candidate_3,3,0.0
1056,candidate_2,candidate_1,candidate_3,3,0.0
1057,candidate_2,candidate_1,candidate_3,3,0.0
1058,candidate_2,candidate_1,candidate_3,3,0.0
1059,candidate_2,candidate_1,candidate_3,3,0.0
1060,candidate_2,candidate_1,candidate_3,3,0.0
1061,candidate_2,candidate_1,candidate_3,3,0.0
1062,candidate_2,candidate_1,candidate_3,3,0.0
1063,candidate_2,candidate_1,candidate_3,3,0.0
1064,candidate_2,candidate_1,candidate_3,3,0.0
1065,candidate_2,candidate_1,candidate_3,3,0.0
1066,candidate_2,candidate_1,candidate_3,3,0.0
1067,candidate_2,candidate_1,candidate_3,3,0.0
1068,candidate_2,candidate_1,candidate_3,3,0.0
1069,candidate_2,candidate_1,candidate_3,3,0.0
1070,candidate_2,candidate_1,candidate_3,3,0.0
1071,candidate_2,candidate_1,candidate_3,3,0.0
1072,candidate_2,candidate_1,candidate_3,3,0.0
1073,candidate_2,candidate_1,candidate_3,3,0.0
1074,candidate_2,candidate_1,candidate_3,3,0.0
1075,candidate_2,candidate_1,candidate_3,3,0.0
1076,candidate_2,candidate_1,candidate_3,3,0.0
1077,candidate_2,candidate_1,candidate_3,3,0.0
1078,candidate_2,candidate_1,candidate_3,3,0.0
1079,candidate_2,candidate_1,candidate_3,3,0.0
1080,candidate_2,candidate_1,candidate_3,3,0.0
1081,candidate_2,candidate_1,candidate_3,3,0.0
1082,candidate_2,candidate_1,candidate_3,3,0.0
1083,candidate_2,candidate_1,candidate_3,3,0.0
1084,candidate_2,candidate_1,candidate_3,3,0.0
1085,candidate_2,candidate_1,candidate_3,3,0.0
1086,candidate_2,candidate_1,candidate_3,3,0.0
1087,candidate_2,candidate_1,candidate_3,3,0.0
1088,candidate_2,candidate_1,candidate_3,3,0.0
1089,candidate_2,candidate_1,candidate_3,3,0.0
1090,candidate_2,candidate_1,candidate_3,3,0.0
1091,candidate_2,candidate_1,candidate_3,3,0.0
1092,candidate_2,candidate_1,candidate_3,3,0.0
1093,candidate_2,candidate_1,candidate_3,3,0.0
1094,candidate_2,candidate_1,candidate_3,3,0.0
1095,candidate_2,candidate_1,candidate_3,3,0.0
1096,candidate_2,candidate_1,candidate_3,3,0.0
1097,candidate_2,candidate_1,candidate_3,3,0.0
1098,candidate_2,candidate_1,candidate_3,3,0.0
1099,candidate_2,candidate_1,candidate_3,3,0.0
1100,candidate_2,candidate_1,candidate_3,3,0.0
1101,candidate_2,candidate_1,candidate_3,3,0.0
1102,candidate_2,candidate_1,candidate_3,3,0.0
1103,candidate_2,candidate_1,candidate_3,3,0.0
1104,candidate_2,candidate_1,candidate_3,3,0.0
1105,candidate_2,candidate_1,candidate_3,3,0.0
1106,candidate_2,candidate_1,candidate_3,3,0.0
1107,candidate_2,candidate_1,candidate_3,3,0.0
1108,candidate_2,candidate_1,candidate_3,3,0.0
1109,candidate_2,candidate_1,candidate_3,3,0.0
1110,candidate_2,candidate_1,candidate_3,3,0.0
1111,candidate_2,candidate_1,candidate_3,3,0.0
1112,candidate_2,candidate_1,candidate_3,3,0.0
1113,candidate_2,candidate_1,candidate_3,3,0.0
1114,candidate_2,candidate_1,candidate_3,3,0.0
1115,candidate_2,candidate_1,candidate_3,3,0.0
1116,candidate_2,candidate_1,candidate_3,3,0.0
1117,candidate_2,candidate_1,candidate_3,3,0.0
1118,candidate_2,candidate_1,candidate_3,3,0.0
1119,candidate_2,candidate_1,candidate_3,3,0.0
1120,candidate_2,candidate_1,candidate_3,3,0.0
1121,candidate_2,candidate_1,candidate_3,3,0.0
1122,candidate_2,candidate_1,candidate_3,3,0.0
1123,candidate_2,candidate_1,candidate_3,3,0.0
1124,candidate_2,candidate_1,candidate_3,3,0.0
1125,candidate_2,candidate_1,candidate_3,3,0.0
1126,candidate_2,candidate_1,candidate_3,3,0.0
1127,candidate_2,candidate_1,candidate_3,3,0.0
1128,candidate_2,candidate_1,candidate_3,3,0.0
1129,candidate_2,candidate_1,candidate_3,3,0.0
1130,candidate_2,candidate_1,candidate_3,3,0.0
1131,candidate_2,candidate_1,candidate_3,3,0.0
1132,candidate_2,candidate_1,candidate_3,3,0.0
1133,candidate_2,candidate_1,candidate_3,3,0.0
1134,candidate_2,candidate_1,candidate_3,3,0.0
1135,candidate_2,candidate_1,candidate_3,3,0.0
1136,candidate_2,candidate_1,candidate_3,3,0.0
1137,candidate_2,candidate_1,candidate_3,3,0.0
1138,candidate_2,candidate_1,candidate_3,3,0.0
1139,candidate_2,candidate_1,candidate_3,3,0.0
1140,candidate_2,candidate_1,candidate_3,3,0.0
1141,candidate_2,candidate_1,candidate_3,3,0.0
1142,candidate_2,candidate_1,candidate_3,3,0.0
1143,candidate_2,candidate_1,candidate_3,3,0.0
1144,candidate_2,candidate_1,candidate_3,3,0.0
1145,candidate_2,candidate_1,candidate_3,3,0.0
1146,candidate_2,candidate_1,candidate_3,3,0.0
1147,candidate_2,candidate_1,candidate_3,3,0.0
1148,candidate_2,candidate_1,candidate_3,3,0.0
1149,candidate_2,candidate_1,candidate_3,3,0.0
1150,candidate_2,candidate_1,candidate_3,3,0.0
1151,candidate_2,candidate_1,candidate_3,3,0.0
1152,candidate_2,candidate_1,candidate_3,3,0.0
1153,candidate_2,candidate_1,candidate_3,3,0.0
1154,candidate_2,candidate_1,candidate_3,3,0.0
1155,candidate_2,candidate_1,candidate_3,3,0.0
1156,candidate_2,candidate_1,candidate_3,3,0.0
1157,candidate_2,candidate_1,candidate_3,3,0.0
1158,candidate_2,candidate_1,candidate_3,3,0.0
1159,candidate_2,candidate_1,candidate_3,3,0.0
1160,candidate_2,candidate_1,candidate_3,3,0.0
1161,candidate_2,candidate_1,candidate_3,3,0.0
1162,candidate_2,candidate_1,candidate_3,3,0.0
1163,candidate_2,candidate_1,candidate_3,3,0.0
1164,candidate_2,candidate_1,candidate_3,3,0.0
1165,candidate_2,candidate_1,candidate_3,3,0.0
1166,candidate_2,candidate_1,candidate_3,3,0.0
1167,candidate_2,candidate_1,candidate_3,3,0.0
1168,candidate_2,candidate_1,candidate_3,3,0.0
1169,candidate_2,candidate_1,candidate_3,3,0.0
1170,candidate_2,candidate_1,candidate_3,3,0.0
1171,candidate_2,candidate_1,candidate_3,3,0.0
1172,candidate_2,candidate_1,candidate_3,3,0.0
1173,candidate_2,candidate_1,candidate_3,3,0.0
1174,candidate_2,candidate_1,candidate_3,3,0.0
1175,candidate_2,candidate_1,candidate_3,3,0.0
1176,candidate_2,candidate_1,candidate_3,3,0.0
1177,candidate_2,candidate_1,candidate_3,3,0.0
1178,candidate_2,candidate_1,candidate_3,3,0.0
1179,candidate_2,candidate_1,candidate_3,3,0.0
1180,candidate_2,candidate_1,candidate_3,3,0.0
1181,candidate_2,candidate_1,candidate_3,3,0.0
1182,candidate_2,candidate_1,candidate_3,3,0.0
1183,candidate_2,candidate_1,candidate_3,3,0.0
1184,candidate_2,candidate_1,candidate_3,3,0.0
1185,candidate_2,candidate_1,candidate_3,3,0.0
1186,candidate_2,candidate_1,candidate_3,3,0.0
1187,candidate_2,candidate_1,candidate_3,3,0.0
1188,candidate_2,candidate_1,candidate_3,3,0.0
1189,candidate_2,candidate_1,candidate_3,3,0.0
1190,candidate_2,candidate_1,candidate_3,3,0.0
1191,candidate_2,candidate_1,candidate_3,3,0.0
1192,candidate_2,candidate_1,candidate_3,3,0.0
1193,candidate_2,candidate_1,candidate_3,3,0.0
1194,candidate_2,candidate_1,candidate_3,3,0.0
1195,candidate_2,candidate_1,candidate_3,3,0.0
1196,candidate_2,candidate_1,candidate_3,3,0.0
1197,candidate_2,candidate_1,candidate_3,3,0.0
1198,candidate_2,candidate_1,candidate_3,3,0.0
1199,candidate_2,candidate_1,candidate_3,3,0.0
1200,candidate_2,candidate_1,candidate_3,3,0.0
1201,candidate_2,candidate_1,candidate_3,3,0.0
1202,candidate_2,candidate_1,candidate_3,3,0.0
1203,candidate_2,candidate_1,candidate_3,3,0.0
1204,candidate_2,candidate_1,candidate_3,3,0.0
1205,candidate_2,candidate_1,candidate_3,3,0.0
1206,candidate_2,candidate_1,candidate_3,3,0.0
1207,candidate_2,candidate_1,candidate_3,3,0.0
1208,candidate_2,candidate_1,candidate_3,3,0.0
1209,candidate_2,candidate_1,candidate_3,3,0.0
1210,candidate_2,candidate_1,candidate_3,3,0.0
1211,candidate_2,candidate_1,candidate_3,3,0.0
1212,candidate_2,candidate_1,candidate_3,3,0.0
1213,candidate_2,candidate_1,candidate_3,3,0.0
1214,candidate_2,candidate_1,candidate_3,3,0.0
1215,candidate_2,candidate_1,candidate_3,3,0.0
1216,candidate_2,candidate_1,candidate_3,3,0.0
1217,candidate_2,candidate_1,candidate_3,3,0.0
1218,candidate_2,candidate_1,candidate_3,3,0.0
1219,candidate_2,candidate_1,candidate_3,3,0.0
1220,candidate_2,candidate_1,candidate_3,3,0.0
1221,candidate_2,candidate_1,candidate_3,3,0.0
1222,candidate_2,candidate_1,candidate_3,3,0.0
1223,candidate_2,candidate_1,candidate_3,3,0.0
1224,candidate_2,candidate_1,candidate_3,3,0.0
1225,candidate_2,candidate_1,candidate_3,3,0.0
1226,candidate_2,candidate_1,candidate_3,3,0.0
1227,candidate_2,candidate_1,candidate_3,3,0.0
1228,candidate_2,candidate_1,candidate_3,3,0.0
1229,candidate_2,candidate_1,candidate_3,3,0.0
1230,candidate_2,candidate_1,candidate_3,3,0.0
1231,candidate_2,candidate_1,candidate_3,3,0.0
1232,candidate_2,candidate_1,candidate_3,3,0.0
1233,candidate_2,candidate_1,candidate_3,3,0.0
1234,candidate_2,candidate_1,candidate_3,3,0.0
1235,candidate_2,candidate_1,candidate_3,3,0.0
1236,candidate_2,candidate_1,candidate_3,3,0.0
1237,candidate_2,candidate_1,candidate_3,3,0.0
1238,candidate_2,candidate_1,candidate_3,3,0.0
1239,candidate_2,candidate_1,candidate_3,3,0.0
1240,candidate_2,candidate_1,candidate_3,3,0.0
1241,candidate_2,candidate_1,candidate_3,3,0.0
1242,candidate_2,candidate_1,candidate_3,3,0.0
1243,candidate_2,candidate_1,candidate_3,3,0.0
1244,candidate_2,candidate_1,candidate_3,3,0.0
1245,candidate_2,candidate_1,candidate_3,3,0.0
1246,candidate_2,candidate_1,candidate_3,3,0.0
1247,candidate_2,candidate_1,candidate_3,3,0.0
1248,candidate_2,candidate_1,candidate_3,3,0.0
1249,candidate_2,candidate_1,candidate_3,3,0.0
1250,candidate_2,candidate_1,candidate_3,3,0.0
1251,candidate_2,candidate_1,candidate_3,3,0.0
1252,candidate_2,candidate_1,candidate_3,3,0.0
1253,candidate_2,candidate_1,candidate_3,3,0.0
1254,candidate_2,candidate_1,candidate_3,3,0.0
1255,candidate_2,candidate_1,candidate_3,3,0.0
1256,candidate_2,candidate_1,candidate_3,3,0.0
1257,candidate_2,candidate_1,candidate_3,3,0.0
1258,candidate_2,candidate_1,candidate_3,3,0.0
1259,candidate_2,candidate_1,candidate_3,3,0.0
1260,candidate_2,candidate_1,candidate_3,3,0.0
1261,candidate_2,candidate_1,candidate_3,3,0.0
1262,candidate_2,candidate_1,candidate_3,3,0.0
1263,candidate_2,candidate_1,candidate_3,3,0.0
1264,candidate_2,candidate_1,candidate_3,3,0.0
1265,candidate_2,candidate_1,candidate_3,3,0.0
1266,candidate_2,candidate_1,candidate_3,3,0.0
1267,candidate_2,candidate_1,candidate_3,3,0.0
1268,candidate_2,candidate_1,candidate_3,3,0.0
1269,candidate_2,candidate_1,candidate_3,3,0.0
1270,candidate_2,candidate_1,candidate_3,3,0.0
1271,candidate_2,candidate_1,candidate_3,3,0.0
1272,candidate_2,candidate_1,candidate_3,3,0.0
1273,candidate_2,candidate_1,candidate_3,3,0.0
1274,candidate_2,candidate_1,candidate_3,3,0.0
1275,candidate_2,candidate_1,candidate_3,3,0.0
1276,candidate_2,candidate_1,candidate_3,3,0.0
1277,candidate_2,candidate_1,candidate_3,3,0.0
1278,candidate_2,candidate_1,candidate_3,3,0.0
1279,candidate_2,candidate_1,candidate_3,3,0.0
1280,candidate_2,candidate_1,candidate_3,3,0.0
1281,candidate_2,candidate_1,candidate_3,3,0.0
1282,candidate_2,candidate_1,candidate_3,3,0.0
1283,candidate_2,candidate_1,candidate_3,3,0.0
1284,candidate_2,candidate_1,candidate_3,3,0.0
1285,candidate_2,candidate_1,candidate_3,3,0.0
1286,candidate_2,candidate_1,candidate_3,3,0.0
1287,candidate_2,candidate_1,candidate_3,3,0.0
1288,candidate_2,candidate_1,candidate_3,3,0.0
1289,candidate_2,candidate_1,candidate_3,3,0.0
1290,candidate_2,candidate_1,candidate_3,3,0.0
1291,candidate_2,candidate_1,candidate_3,3,0.0
1292,candidate_2,candidate_1,candidate_3,3,0.0
1293,candidate_2,candidate_1,candidate_3,3,0.0
1294,candidate_2,candidate_1,candidate_3,3,0.0
1295,candidate_2,candidate_1,candidate_3,3,0.0
1296,candidate_2,candidate_1,candidate_3,3,0.0
1297,candidate_2,candidate_1,candidate_3,3,0.0
1298,candidate_2,candidate_1,candidate_3,3,0.0
1299,candidate_2,candidate_1,candidate_3,3,0.0
1300,candidate_2,candidate_1,candidate_3,3,0.0
1301,candidate_2,candidate_1,candidate_3,3,0.0
1302,candidate_2,candidate_1,candidate_3,3,0.0
1303,candidate_2,candidate_1,candidate_3,3,0.0
1304,candidate_2,candidate_1,candidate_3,3,0.0
1305,candidate_2,candidate_1,candidate_3,3,0.0
1306,candidate_2,candidate_1,candidate_3,3,0.0
1307,candidate_2,candidate_1,candidate_3,3,0.0
1308,candidate_2,candidate_1,candidate_3,3,0.0
1309,candidate_2,candidate_1,candidate_3,3,0.0
1310,candidate_2,candidate_1,candidate_3,3,0.0
1311,candidate_2,candidate_1,candidate_3,3,0.0
1312,candidate_2,candidate_1,candidate_3,3,0.0
1313,candidate_2,candidate_1,candidate_3,3,0.0
1314,candidate_2,candidate_1,candidate_3,3,0.0
1315,candidate_2,candidate_1,candidate_3,3,0.0
1316,candidate_2,candidate_1,candidate_3,3,0.0
1317,candidate_2,candidate_1,candidate_3,3,0.0
1318,candidate_2,candidate_1,candidate_3,3,0.0
1319,candidate_2,candidate_1,candidate_3,3,0.0
1320,candidate_2,candidate_1,candidate_3,3,0.0
1321,candidate_2,candidate_1,candidate_3,3,0.0
1322,candidate_2,candidate_1,candidate_3,3,0.0
1323,candidate_2,candidate_1,candidate_3,3,0.0
1324,candidate_2,candidate_1,candidate_3,3,0.0
1325,candidate_2,candidate_1,candidate_3,3,0.0
1326,candidate_2,candidate_1,candidate_3,3,0.0
1327,candidate_2,candidate_1,candidate_3,3,0.0
1328,candidate_2,candidate_1,candidate_3,3,0.0
1329,candidate_2,candidate_1,candidate_3,3,0.0
1330,candidate_2,candidate_1,candidate_3,3,0.0
1331,candidate_2,candidate_1,candidate_3,3,0.0
1332,candidate_2,candidate_1,candidate_3,3,0.0
1333,candidate_2,candidate_1,candidate_3,3,0.0
1334,candidate_2,candidate_1,candidate_3,3,0.0
1335,candidate_2,candidate_1,candidate_3,3,0.0
1336,candidate_2,candidate_1,candidate_3,3,0.0
1337,candidate_2,candidate_1,candidate_3,3,0.0
1338,candidate_2,candidate_1,candidate_3,3,0.0
1339,candidate_2,candidate_1,candidate_3,3,0.0
1340,candidate_2,candidate_1,candidate_3,3,0.0
1341,candidate_2,candidate_1,candidate_3,3,0.0
1342,candidate_2,candidate_1,candidate_3,3,0.0
1343,candidate_2,candidate_1,candidate_3,3,0.0
1344,candidate_2,candidate_1,candidate_3,3,0.0
1345,candidate_2,candidate_1,candidate_3,3,0.0
1346,candidate_2,candidate_1,candidate_3,3,0.0
1347,candidate_2,candidate_1,candidate_3,3,0.0
1348,candidate_2,candidate_1,candidate_3,3,0.0
1349,candidate_2,candidate_1,candidate_3,3,0.0
1350,candidate_2,candidate_1,candidate_3,3,0.0
1351,candidate_2,candidate_1,candidate_3,3,0.0
1352,candidate_2,candidate_1,candidate_3,3,0.0
1353,candidate_2,candidate_1,candidate_3,3,0.0
1354,candidate_2,candidate_1,candidate_3,3,0.0
1355,candidate_2,candidate_1,candidate_3,3,0.0
1356,candidate_2,candidate_1,candidate_3,3,0.0
1357,candidate_2,candidate_1,candidate_3,3,0.0
1358,candidate_2,candidate_1,candidate_3,3,0.0
1359,candidate_2,candidate_1,candidate_3,3,0.0
1360,candidate_2,candidate_1,candidate_3,3,0.0
1361,candidate_2,candidate_1,candidate_3,3,0.0
1362,candidate_2,candidate_1,candidate_3,3,0.0
1363,candidate_2,candidate_1,candidate_3,3,0.0
1364,candidate_2,candidate_1,candidate_3,3,0.0
1365,candidate_2,candidate_1,candidate_3,3,0.0
1366,candidate_2,candidate_1,candidate_3,3,0.0
1367,candidate_2,candidate_1,candidate_3,3,0.0
1368,candidate_2,candidate_1,candidate_3,3,0.0
1369,candidate_2,candidate_1,candidate_3,3,0.0
1370,candidate_2,candidate_1,candidate_3,3,0.0
1371,candidate_2,candidate_1,candidate_3,3,0.0
1372,candidate_2,candidate_1,candidate_3,3,0.0
1373,candidate_2,candidate_1,candidate_3,3,0.0
1374,candidate_2,candidate_1,candidate_3,3,0.0
1375,candidate_2,candidate_1,candidate_3,3,0.0
1376,candidate_2,candidate_1,candidate_3,3,0.0
1377,candidate_2,candidate_1,candidate_3,3,0.0
1378,candidate_2,candidate_1,candidate_3,3,0.0
1379,candidate_2,candidate_1,candidate_3,3,0.0
1380,candidate_2,candidate_1,candidate_3,3,0.0
1381,candidate_2,candidate_1,candidate_3,3,0.0
1382,candidate_2,candidate_1,candidate_3,3,0.0
1383,candidate_2,candidate_1,candidate_3,3,0.0
1384,candidate_2,candidate_1,candidate_3,3,0.0
1385,candidate_2,candidate_1,candidate_3,3,0.0
1386,candidate_2,candidate_1,candidate_3,3,0.0
1387,candidate_2,candidate_1,candidate_3,3,0.0
1388,candidate_2,candidate_1,candidate_3,3,0.0
1389,candidate_2,candidate_1,candidate_3,3,0.0
1390,candidate_2,candidate_1,candidate_3,3,0.0
1391,candidate_2,candidate_1,candidate_3,3,0.0
1392,candidate_2,candidate_1,candidate_3,3,0.0
1393,candidate_2,candidate_1,candidate_3,3,0.0
1394,candidate_2,candidate_1,candidate_3,3,0.0
1395,candidate_2,candidate_1,candidate_3,3,0.0
1396,candidate_2,candidate_1,candidate_3,3,0.0
1397,candidate_2,candidate_1,candidate_3,3,0.0
1398,candidate_2,candidate_1,candidate_3,3,0.0
1399,candidate_2,candidate_1,candidate_3,3,0.0
1400,candidate_2,candidate_1,candidate_3,3,0.0
1401,candidate_2,candidate_1,candidate_3,3,0.0
1402,candidate_2,candidate_1,candidate_3,3,0.0
1403,candidate_2,candidate_1,candidate_3,3,0.0
1404,candidate_2,candidate_1,candidate_3,3,0.0
1405,candidate_2,candidate_1,candidate_3,3,0.0
1406,candidate_2,candidate_1,candidate_3,3,0.0
1407,candidate_2,candidate_1,candidate_3,3,0.0
1408,candidate_2,candidate_1,candidate_3,3,0.0
1409,candidate_2,candidate_1,candidate_3,3,0.0
1410,candidate_2,candidate_1,candidate_3,3,0.0
1411,candidate_2,candidate_1,candidate_3,3,0.0
1412,candidate_2,candidate_1,candidate_3,3,0.0
1413,candidate_2,candidate_1,candidate_3,3,0.0
1414,candidate_2,candidate_1,candidate_3,3,0.0
1415,candidate_2,candidate_1,candidate_3,3,0.0
1416,candidate_2,candidate_1,candidate_3,3,0.0
1417,candidate_2,candidate_1,candidate_3,3,0.0
1418,candidate_2,candidate_1,candidate_3,3,0.0
1419,candidate_2,candidate_1,candidate_3,3,0.0
1420,candidate_2,candidate_1,candidate_3,3,0.0
1421,candidate_2,candidate_1,candidate_3,3,0.0
1422,candidate_2,candidate_1,candidate_3,3,0.0
1423,candidate_2,candidate_1,candidate_3,3,0.0
1424,candidate_2,candidate_1,candidate_3,3,0.0
1425,candidate_2,candidate_1,candidate_3,3,0.0
1426,candidate_2,candidate_1,candidate_3,3,0.0
1427,candidate_2,candidate_1,candidate_3,3,0.0
1428,candidate_2,candidate_1,candidate_3,3,0.0
1429,candidate_2,candidate_1,candidate_3,3,0.0
1430,candidate_2,candidate_1,candidate_3,3,0.0
1431,candidate_2,candidate_1,candidate_3,3,0.0
1432,candidate_2,candidate_1,candidate_3,3,0.0
1433,candidate_2,candidate_1,candidate_3,3,0.0
1434,candidate_2,candidate_1,candidate_3,3,0.0
1435,candidate_2,candidate_1,candidate_3,3,0.0
1436,candidate_2,candidate_1,candidate_3,3,0.0
1437,candidate_2,candidate_1,candidate_3,3,0.0
1438,candidate_2,candidate_1,candidate_3,3,0.0
1439,candidate_2,candidate_1,candidate_3,3,0.0
1440,candidate_2,candidate_1,candidate_3,3,0.0
1441,candidate_2,candidate_1,candidate_3,3,0.0
1442,candidate_2,candidate_1,candidate_3,3,0.0
1443,candidate_2,candidate_1,candidate_3,3,0.0
1444,candidate_2,candidate_1,candidate_3,3,0.0
1445,candidate_2,candidate_1,candidate_3,3,0.0
1446,candidate_2,candidate_1,candidate_3,3,0.0
1447,candidate_2,candidate_1,candidate_3,3,0.0
1448,candidate_2,candidate_1,candidate_3,3,0.0
1449,candidate_2,candidate_1,candidate_3,3,0.0
1450,candidate_2,candidate_1,candidate_3,3,0.0
1451,candidate_2,candidate_1,candidate_3,3,0.0
1452,candidate_2,candidate_1,candidate_3,3,0.0
1453,candidate_2,candidate_1,candidate_3,3,0.0
1454,candidate_2,candidate_1,candidate_3,3,0.0
1455,candidate_2,candidate_1,candidate_3,3,0.0
1456,candidate_2,candidate_1,candidate_3,3,0.0
1457,candidate_2,candidate_1,candidate_3,3,0.0
1458,candidate_2,candidate_1,candidate_3,3,0.0
1459,candidate_2,candidate_1,candidate_3,3,0.0
1460,candidate_2,candidate_1,candidate_3,3,0.0
1461,candidate_2,candidate_1,candidate_3,3,0.0
1462,candidate_2,candidate_1,candidate_3,3,0.0
1463,candidate_2,candidate_1,candidate_3,3,0.0
1464,candidate_2,candidate_1,candidate_3,3,0.0
1465,candidate_2,candidate_1,candidate_3,3,0.0
1466,candidate_2,candidate_1,candidate_3,3,0.0
1467,candidate_2,candidate_1,candidate_3,3,0.0
1468,candidate_2,candidate_1,candidate_3,3,0.0
1469,candidate_2,candidate_1,candidate_3,3,0.0
1470,candidate_2,candidate_1,candidate_3,3,0.0
1471,candidate_2,candidate_1,candidate_3,3,0.0
1472,candidate_2,candidate_1,candidate_3,3,0.0
1473,candidate_2,candidate_1,candidate_3,3,0.0
1474,candidate_2,candidate_1,candidate_3,3,0.0
1475,candidate_2,candidate_1,candidate_3,3,0.0
1476,candidate_2,candidate_1,candidate_3,3,0.0
1477,candidate_2,candidate_1,candidate_3,3,0.0
1478,candidate_2,candidate_1,candidate_3,3,0.0
1479,candidate_2,candidate_1,candidate_3,3,0.0
1480,candidate_2,candidate_1,candidate_3,3,0.0
1481,candidate_2,candidate_1,candidate_3,3,0.0
1482,candidate_2,candidate_1,candidate_3,3,0.0
1483,candidate_2,candidate_1,candidate_3,3,0.0
1484,candidate_2,candidate_1,candidate_3,3,0.0
1485,candidate_2,candidate_1,candidate_3,3,0.0
1486,candidate_2,candidate_1,candidate_3,3,0.0
1487,candidate_2,candidate_1,candidate_3,3,0.0
1488,candidate_2,candidate_1,candidate_3,3,0.0
1489,candidate_2,candidate_1,candidate_3,3,0.0
1490,candidate_2,candidate_1,candidate_3,3,0.0
1491,candidate_2,candidate_1,candidate_3,3,0.0
1492,candidate_2,candidate_1,candidate_3,3,0.0
1493,candidate_2,candidate_1,candidate_3,3,0.0
1494,candidate_2,candidate_1,candidate_3,3,0.0
1495,candidate_2,candidate_1,candidate_3,3,0.0
1496,candidate_2,candidate_1,candidate_3,3,0.0
1497,candidate_2,candidate_1,candidate_3,3,0.0
1498,candidate_2,candidate_1,candidate_3,3,0.0
1499,candidate_2,candidate_1,candidate_3,3,0.0
1500,candidate_2,candidate_1,candidate_3,3,0.0
1501,candidate_2,candidate_1,candidate_3,3,0.0
1502,candidate_2,candidate_1,candidate_3,3,0.0
1503,candidate_2,candidate_1,candidate_3,3,0.0
1504,candidate_2,candidate_1,candidate_3,3,0.0
1505,candidate_2,candidate_1,candidate_3,3,0.0
1506,candidate_2,candidate_1,candidate_3,3,0.0
1507,candidate_2,candidate_1,candidate_3,3,0.0
1508,candidate_2,candidate_1,candidate_3,3,0.0
1509,candidate_2,candidate_1,candidate_3,3,0.0
1510,candidate_2,candidate_1,candidate_3,3,0.0
1511,candidate_2,candidate_1,candidate_3,3,0.0
1512,candidate_2,candidate_1,candidate_3,3,0.0
1513,candidate_2,candidate_1,candidate_3,3,0.0
1514,candidate_2,candidate_1,candidate_3,3,0.0
1515,candidate_2,candidate_1,candidate_3,3,0.0
1516,candidate_2,candidate_1,candidate_3,3,0.0
1517,candidate_2,candidate_1,candidate_3,3,0.0
1518,candidate_2,candidate_1,candidate_3,3,0.0
1519,candidate_2,candidate_1,candidate_3,3,0.0
1520,candidate_2,candidate_1,candidate_3,3,0.0
1521,candidate_2,candidate_1,candidate_3,3,0.0
1522,candidate_2,candidate_1,candidate_3,3,0.0
1523,candidate_2,candidate_1,candidate_3,3,0.0
1524,candidate_2,candidate_1,candidate_3,3,0.0
1525,candidate_2,candidate_1,candidate_3,3,0.0
1526,candidate_2,candidate_1,candidate_3,3,0.0
1527,candidate_2,candidate_1,candidate_3,3,0.0
1528,candidate_2,candidate_1,candidate_3,3,0.0
1529,candidate_2,candidate_1,candidate_3,3,0.0
1530,candidate_2,candidate_1,candidate_3,3,0.0
1531,candidate_2,candidate_1,candidate_3,3,0.0
1532,candidate_2,candidate_1,candidate_3,3,0.0
1533,candidate_2,candidate_1,candidate_3,3,0.0
1534,candidate_2,candidate_1,candidate_3,3,0.0
1535,candidate_2,candidate_1,candidate_3,3,0.0
1536,candidate_2,candidate_1,candidate_3,3,0.0
1537,candidate_2,candidate_1,candidate_3,3,0.0
1538,candidate_2,candidate_1,candidate_3,3,0.0
1539,candidate_2,candidate_1,candidate_3,3,0.0
1540,candidate_2,candidate_1,candidate_3,3,0.0
1541,candidate_2,candidate_1,candidate_3,3,0.0
1542,candidate_2,candidate_1,candidate_3,3,0.0
1543,candidate_2,candidate_1,candidate_3,3,0.0
1544,candidate_2,candidate_1,candidate_3,3,0.0
1545,candidate_2,candidate_1,candidate_3,3,0.0
1546,candidate_2,candidate_1,candidate_3,3,0.0
1547,candidate_2,candidate_1,candidate_3,3,0.0
1548,candidate_2,candidate_1,candidate_3,3,0.0
1549,candidate_2,candidate_1,candidate_3,3,0.0
1550,candidate_2,candidate_1,candidate_3,3,0.0
1551,candidate_2,candidate_1,candidate_3,3,0.0
1552,candidate_2,candidate_1,candidate_3,3,0.0
1553,candidate_2,candidate_1,candidate_3,3,0.0
1554,candidate_2,candidate_1,candidate_3,3,0.0
1555,candidate_2,candidate_1,candidate_3,3,0.0
1556,candidate_2,candidate_1,candidate_3,3,0.0
1557,candidate_2,candidate_1,candidate_3,3,0.0
1558,candidate_2,candidate_1,candidate_3,3,0.0
1559,candidate_2,candidate_1,candidate_3,3,0.0
1560,candidate_2,candidate_1,candidate_3,3,0.0
1561,candidate_2,candidate_1,candidate_3,3,0.0
1562,candidate_2,candidate_1,candidate_3,3,0.0
1563,candidate_2,candidate_1,candidate_3,3,0.0
1564,candidate_2,candidate_1,candidate_3,3,0.0
1565,candidate_2,candidate_1,candidate_3,3,0.0
1566,candidate_2,candidate_1,candidate_3,3,0.0
1567,candidate_2,candidate_1,candidate_3,3,0.0
1568,candidate_2,candidate_1,candidate_3,3,0.0
1569,candidate_2,candidate_1,candidate_3,3,0.0
1570,candidate_2,candidate_1,candidate_3,3,0.0
1571,candidate_2,candidate_1,candidate_3,3,0.0
1572,candidate_2,candidate_1,candidate_3,3,0.0
1573,candidate_2,candidate_1,candidate_3,3,0.0
1574,candidate_2,candidate_1,candidate_3,3,0.0
1575,candidate_2,candidate_1,candidate_3,3,0.0
1576,candidate_2,candidate_1,candidate_3,3,0.0
1577,candidate_2,candidate_1,candidate_3,3,0.0
1578,candidate_2,candidate_1,candidate_3,3,0.0
1579,candidate_2,candidate_1,candidate_3,3,0.0
1580,candidate_2,candidate_1,candidate_3,3,0.0
1581,candidate_2,candidate_1,candidate_3,3,0.0
1582,candidate_2,candidate_1,candidate_3,3,0.0
1583,candidate_2,candidate_1,candidate_3,3,0.0
1584,candidate_2,candidate_1,candidate_3,3,0.0
1585,candidate_2,candidate_1,candidate_3,3,0.0
1586,candidate_2,candidate_1,candidate_3,3,0.0
1587,candidate_2,candidate_1,candidate_3,3,0.0
1588,candidate_2,candidate_1,candidate_3,3,0.0
1589,candidate_2,candidate_1,candidate_3,3,0.0
1590,candidate_2,candidate_1,candidate_3,3,0.0
1591,candidate_2,candidate_1,candidate_3,3,0.0
1592,candidate_2,candidate_1,candidate_3,3,0.0
1593,candidate_2,candidate_1,candidate_3,3,0.0
1594,candidate_2,candidate_1,candidate_3,3,0.0
1595,candidate_2,candidate_1,candidate_3,3,0.0
1596,candidate_2,candidate_1,candidate_3,3,0.0
1597,candidate_2,candidate_1,candidate_3,3,0.0
1598,candidate_2,candidate_1,candidate_3,3,0.0
1599,candidate_2,candidate_1,candidate_3,3,0.0
1600,candidate_2,candidate_1,candidate_3,3,0.0
1601,candidate_2,candidate_1,candidate_3,3,0.0
1602,candidate_2,candidate_1,candidate_3,3,0.0
1603,candidate_2,candidate_1,candidate_3,3,0.0
1604,candidate_2,candidate_1,candidate_3,3,0.0
1605,candidate_2,candidate_1,candidate_3,3,0.0
1606,candidate_2,candidate_1,candidate_3,3,0.0
1607,candidate_2,candidate_1,candidate_3,3,0.0
1608,candidate_2,candidate_1,candidate_3,3,0.0
1609,candidate_2,candidate_1,candidate_3,3,0.0
1610,candidate_2,candidate_1,candidate_3,3,0.0
1611,candidate_2,candidate_1,candidate_3,3,0.0
1612,candidate_2,candidate_1,candidate_3,3,0.0
1613,candidate_2,candidate_1,candidate_3,3,0.0
1614,candidate_2,candidate_1,candidate_3,3,0.0
1615,candidate_2,candidate_1,candidate_3,3,0.0
1616,candidate_2,candidate_1,candidate_3,3,0.0
1617,candidate_2,candidate_1,candidate_3,3,0.0
1618,candidate_2,candidate_1,candidate_3,3,0.0
1619,candidate_2,candidate_1,candidate_3,3,0.0
1620,candidate_2,candidate_1,candidate_3,3,0.0
1621,candidate_2,candidate_1,candidate_3,3,0.0
1622,candidate_2,candidate_1,candidate_3,3,0.0
1623,candidate_2,candidate_1,candidate_3,3,0.0
1624,candidate_2,candidate_1,candidate_3,3,0.0
1625,candidate_2,candidate_1,candidate_3,3,0.0
1626,candidate_2,candidate_1,candidate_3,3,0.0
1627,candidate_2,candidate_1,candidate_3,3,0.0
1628,candidate_2,candidate_1,candidate_3,3,0.0
1629,candidate_2,candidate_1,candidate_3,3,0.0
1630,candidate_2,candidate_1,candidate_3,3,0.0
1631,candidate_2,candidate_1,candidate_3,3,0.0
1632,candidate_2,candidate_1,candidate_3,3,0.0
1633,candidate_2,candidate_1,candidate_3,3,0.0
1634,candidate_2,candidate_1,candidate_3,3,0.0
1635,candidate_2,candidate_1,candidate_3,3,0.0
1636,candidate_2,candidate_1,candidate_3,3,0.0
1637,candidate_2,candidate_1,candidate_3,3,0.0
1638,candidate_2,candidate_1,candidate_3,3,0.0
1639,candidate_2,candidate_1,candidate_3,3,0.0
1640,candidate_2,candidate_1,candidate_3,3,0.0
1641,candidate_2,candidate_1,candidate_3,3,0.0
1642,candidate_2,candidate_1,candidate_3,3,0.0
1643,candidate_2,candidate_1,candidate_3,3,0.0
1644,candidate_2,candidate_1,candidate_3,3,0.0
1645,candidate_2,candidate_1,candidate_3,3,0.0
1646,candidate_2,candidate_1,candidate_3,3,0.0
1647,candidate_2,candidate_1,candidate_3,3,0.0
1648,candidate_2,candidate_1,candidate_3,3,0.0
1649,candidate_2,candidate_1,candidate_3,3,0.0
1650,candidate_2,candidate_1,candidate_3,3,0.0
1651,candidate_2,candidate_1,candidate_3,3,0.0
1652,candidate_2,candidate_1,candidate_3,3,0.0
1653,candidate_2,candidate_1,candidate_3,3,0.0
1654,candidate_2,candidate_1,candidate_3,3,0.0
1655,candidate_2,candidate_1,candidate_3,3,0.0
1656,candidate_2,candidate_1,candidate_3,3,0.0
1657,candidate_2,candidate_1,candidate_3,3,0.0
1658,candidate_2,candidate_1,candidate_3,3,0.0
1659,candidate_2,candidate_1,candidate_3,3,0.0
1660,candidate_2,candidate_1,candidate_3,3,0.0
1661,candidate_2,candidate_1,candidate_3,3,0.0
1662,candidate_2,candidate_1,candidate_3,3,0.0
1663,candidate_2,candidate_1,candidate_3,3,0.0
1664,candidate_2,candidate_1,candidate_3,3,0.0
1665,candidate_2,candidate_1,candidate_3,3,0.0
1666,candidate_2,candidate_1,candidate_3,3,0.0
1667,candidate_2,candidate_1,candidate_3,3,0.0
1668,candidate_2,candidate_1,candidate_3,3,0.0
1669,candidate_2,candidate_1,candidate_3,3,0.0
1670,candidate_2,candidate_1,candidate_3,3,0.0
1671,candidate_2,candidate_1,candidate_3,3,0.0
1672,candidate_2,candidate_1,candidate_3,3,0.0
1673,candidate_2,candidate_1,candidate_3,3,0.0
1674,candidate_2,candidate_1,candidate_3,3,0.0
1675,candidate_2,candidate_1,candidate_3,3,0.0
1676,candidate_2,candidate_1,candidate_3,3,0.0
1677,candidate_2,candidate_1,candidate_3,3,0.0
1678,candidate_2,candidate_1,candidate_3,3,0.0
1679,candidate_2,candidate_1,candidate_3,3,0.0
1680,candidate_2,candidate_1,candidate_3,3,0.0
1681,candidate_2,candidate_1,candidate_3,3,0.0
1682,candidate_2,candidate_1,candidate_3,3,0.0
1683,candidate_2,candidate_1,candidate_3,3,0.0
1684,candidate_2,candidate_1,candidate_3,3,0.0
1685,candidate_2,candidate_1,candidate_3,3,0.0
1686,candidate_2,candidate_1,candidate_3,3,0.0
1687,candidate_2,candidate_1,candidate_3,3,0.0
1688,candidate_2,candidate_1,candidate_3,3,0.0
1689,candidate_2,candidate_1,candidate_3,3,0.0
1690,candidate_2,candidate_1,candidate_3,3,0.0
1691,candidate_2,candidate_1,candidate_3,3,0.0
1692,candidate_2,candidate_1,candidate_3,3,0.0
1693,candidate_2,candidate_1,candidate_3,3,0.0
1694,candidate_2,candidate_1,candidate_3,3,0.0
1695,candidate_2,candidate_1,candidate_3,3,0.0
1696,candidate_2,candidate_1,candidate_3,3,0.0
1697,candidate_2,candidate_1,candidate_3,3,0.0
1698,candidate_2,candidate_1,candidate_3,3,0.0
1699,candidate_2,candidate_1,candidate_3,3,0.0
1700,candidate_2,candidate_1,candidate_3,3,0.0
1701,candidate_2,candidate_1,candidate_3,3,0.0
1702,candidate_2,candidate_1,candidate_3,3,0.0
1703,candidate_2,candidate_1,candidate_3,3,0.0
1704,candidate_2,candidate_1,candidate_3,3,0.0
1705,candidate_2,candidate_1,candidate_3,3,0.0
1706,candidate_2,candidate_1,candidate_3,3,0.0
1707,candidate_2,candidate_1,candidate_3,3,0.0
1708,candidate_2,candidate_1,candidate_3,3,0.0
1709,candidate_2,candidate_1,candidate_3,3,0.0
1710,candidate_2,candidate_1,candidate_3,3,0.0
1711,candidate_2,candidate_1,candidate_3,3,0.0
1712,candidate_2,candidate_1,candidate_3,3,0.0
1713,candidate_2,candidate_1,candidate_3,3,0.0
1714,candidate_2,candidate_1,candidate_3,3,0.0
1715,candidate_2,candidate_1,candidate_3,3,0.0
1716,candidate_2,candidate_1,candidate_3,3,0.0
1717,candidate_2,candidate_1,candidate_3,3,0.0
1718,candidate_2,candidate_1,candidate_3,3,0.0
1719,candidate_2,candidate_1,candidate_3,3,0.0
1720,candidate_2,candidate_1,candidate_3,3,0.0
1721,candidate_2,candidate_1,candidate_3,3,0.0
1722,candidate_2,candidate_1,candidate_3,3,0.0
1723,candidate_2,candidate_1,candidate_3,3,0.0
1724,candidate_2,candidate_1,candidate_3,3,0.0
1725,candidate_2,candidate_1,candidate_3,3,0.0
1726,candidate_2,candidate_1,candidate_3,3,0.0
1727,candidate_2,candidate_1,candidate_3,3,0.0
1728,candidate_2,candidate_1,candidate_3,3,0.0
1729,candidate_2,candidate_1,candidate_3,3,0.0
1730,candidate_2,candidate_1,candidate_3,3,0.0
1731,candidate_2,candidate_1,candidate_3,3,0.0
1732,candidate_2,candidate_1,candidate_3,3,0.0
1733,candidate_2,candidate_1,candidate_3,3,0.0
1734,candidate_2,candidate_1,candidate_3,3,0.0
1735,candidate_2,candidate_1,candidate_3,3,0.0
1736,candidate_2,candidate_1,candidate_3,3,0.0
1737,candidate_2,candidate_1,candidate_3,3,0.0
1738,candidate_2,candidate_1,candidate_3,3,0.0
1739,candidate_2,candidate_1,candidate_3,3,0.0
1740,candidate_2,candidate_1,candidate_3,3,0.0
1741,candidate_2,candidate_1,candidate_3,3,0.0
1742,candidate_2,candidate_1,candidate_3,3,0.0
1743,candidate_2,candidate_1,candidate_3,3,0.0
1744,candidate_2,candidate_1,candidate_3,3,0.0
1745,candidate_2,candidate_1,candidate_3,3,0.0
1746,candidate_2,candidate_1,candidate_3,3,0.0
1747,candidate_2,candidate_1,candidate_3,3,0.0
1748,candidate_2,candidate_1,candidate_3,3,0.0
1749,candidate_2,candidate_1,candidate_3,3,0.0
1750,candidate_2,candidate_1,candidate_3,3,0.0
1751,candidate_2,candidate_1,candidate_3,3,0.0
1752,candidate_2,candidate_1,candidate_3,3,0.0
1753,candidate_2,candidate_1,candidate_3,3,0.0
1754,candidate_2,candidate_1,candidate_3,3,0.0
1755,candidate_2,candidate_1,candidate_3,3,0.0
1756,candidate_2,candidate_1,candidate_3,3,0.0
1757,candidate_2,candidate_1,candidate_3,3,0.0
1758,candidate_2,candidate_1,candidate_3,3,0.0
1759,candidate_2,candidate_1,candidate_3,3,0.0
1760,candidate_2,candidate_1,candidate_3,3,0.0
1761,candidate_2,candidate_1,candidate_3,3,0.0
1762,candidate_2,candidate_1,candidate_3,3,0.0
1763,candidate_2,candidate_1,candidate_3,3,0.0
1764,candidate_2,candidate_1,candidate_3,3,0.0
1765,candidate_2,candidate_1,candidate_3,3,0.0
1766,candidate_2,candidate_1,candidate_3,3,0.0
1767,candidate_2,candidate_1,candidate_3,3,0.0
1768,candidate_2,candidate_1,candidate_3,3,0.0
1769,candidate_2,candidate_1,candidate_3,3,0.0
1770,candidate_2,candidate_1,candidate_3,3,0.0
1771,candidate_2,candidate_1,candidate_3,3,0.0
1772,candidate_2,candidate_1,candidate_3,3,0.0
1773,candidate_2,candidate_1,candidate_3,3,0.0
1774,candidate_2,candidate_1,candidate_3,3,0.0
1775,candidate_2,candidate_1,candidate_3,3,0.0
1776,candidate_2,candidate_1,candidate_3,3,0.0
1777,candidate_2,candidate_1,candidate_3,3,0.0
1778,candidate_2,candidate_1,candidate_3,3,0.0
1779,candidate_2,candidate_1,candidate_3,3,0.0
1780,candidate_2,candidate_1,candidate_3,3,0.0
1781,candidate_2,candidate_1,candidate_3,3,0.0
1782,candidate_2,candidate_1,candidate_3,3,0.0
1783,candidate_2,candidate_1,candidate_3,3,0.0
1784,candidate_2,candidate_1,candidate_3,3,0.0
1785,candidate_2,candidate_1,candidate_3,3,0.0
1786,candidate_2,candidate_1,candidate_3,3,0.0
1787,candidate_2,candidate_1,candidate_3,3,0.0
1788,candidate_2,candidate_1,candidate_3,3,0.0
1789,candidate_2,candidate_1,candidate_3,3,0.0
1790,candidate_2,candidate_1,candidate_3,3,0.0
1791,candidate_2,candidate_1,candidate_3,3,0.0
1792,candidate_2,candidate_1,candidate_3,3,0.0
1793,candidate_2,candidate_1,candidate_3,3,0.0
1794,candidate_2,candidate_1,candidate_3,3,0.0
1795,candidate_2,candidate_1,candidate_3,3,0.0
1796,candidate_2,candidate_1,candidate_3,3,0.0
1797,candidate_2,candidate_1,candidate_3,3,0.0
1798,candidate_2,candidate_1,candidate_3,3,0.0
1799,candidate_2,candidate_1,candidate_3,3,0.0
1800,candidate_2,candidate_1,candidate_3,3,0.0
1801,candidate_2,candidate_1,candidate_3,3,0.0
1802,candidate_2,candidate_1,candidate_3,3,0.0
1803,candidate_2,candidate_1,candidate_3,3,0.0
1804,candidate_2,candidate_1,candidate_3,3,0.0
1805,candidate_2,candidate_1,candidate_3,3,0.0
1806,candidate_2,candidate_1,candidate_3,3,0.0
1807,candidate_2,candidate_1,candidate_3,3,0.0
1808,candidate_2,candidate_1,candidate_3,3,0.0
1809,candidate_2,candidate_1,candidate_3,3,0.0
1810,candidate_2,candidate_1,candidate_3,3,0.0
1811,candidate_2,candidate_1,candidate_3,3,0.0
1812,candidate_2,candidate_1,candidate_3,3,0.0
1813,candidate_2,candidate_1,candidate_3,3,0.0
1814,candidate_2,candidate_1,candidate_3,3,0.0
1815,candidate_2,candidate_1,candidate_3,3,0.0
1816,candidate_2,candidate_1,candidate_3,3,0.0
1817,candidate_2,candidate_1,candidate_3,3,0.0
1818,candidate_2,candidate_1,candidate_3,3,0.0
1819,candidate_2,candidate_1,candidate_3,3,0.0
1820,candidate_2,candidate_1,candidate_3,3,0.0
1821,candidate_2,candidate_1,candidate_3,3,0.0
1822,candidate_2,candidate_1,candidate_3,3,0.0
1823,candidate_2,candidate_1,candidate_3,3,0.0
1824,candidate_2,candidate_1,candidate_3,3,0.0
1825,candidate_2,candidate_1,candidate_3,3,0.0
1826,candidate_2,candidate_1,candidate_3,3,0.0
1827,candidate_2,candidate_1,candidate_3,3,0.0
1828,candidate_2,candidate_1,candidate_3,3,0.0
1829,candidate_2,candidate_1,candidate_3,3,0.0
1830,candidate_2,candidate_1,candidate_3,3,0.0
1831,candidate_2,candidate_1,candidate_3,3,0.0
1832,candidate_2,candidate_1,candidate_3,3,0.0
1833,candidate_2,candidate_1,candidate_3,3,0.0
1834,candidate_2,candidate_1,candidate_3,3,0.0
1835,candidate_2,candidate_1,candidate_3,3,0.0
1836,candidate_2,candidate_1,candidate_3,3,0.0
1837,candidate_2,candidate_1,candidate_3,3,0.0
1838,candidate_2,candidate_1,candidate_3,3,0.0
1839,candidate_2,candidate_1,candidate_3,3,0.0
1840,candidate_2,candidate_1,candidate_3,3,0.0
1841,candidate_2,candidate_1,candidate_3,3,0.0
1842,candidate_2,candidate_1,candidate_3,3,0.0
1843,candidate_2,candidate_1,candidate_3,3,0.0
1844,candidate_2,candidate_1,candidate_3,3,0.0
1845,candidate_2,candidate_1,candidate_3,3,0.0
1846,candidate_2,candidate_1,candidate_3,3,0.0
1847,candidate_2,candidate_1,candidate_3,3,0.0
1848,candidate_2,candidate_1,candidate_3,3,0.0
1849,candidate_2,candidate_1,candidate_3,3,0.0
1850,candidate_2,candidate_1,candidate_3,3,0.0
1851,candidate_2,candidate_1,candidate_3,3,0.0
1852,candidate_2,candidate_1,candidate_3,3,0.0
1853,candidate_2,candidate_1,candidate_3,3,0.0
1854,candidate_2,candidate_1,candidate_3,3,0.0
1855,candidate_2,candidate_1,candidate_3,3,0.0
1856,candidate_2,candidate_1,candidate_3,3,0.0
1857,candidate_2,candidate_1,candidate_3,3,0.0
1858,candidate_2,candidate_1,candidate_3,3,0.0
1859,candidate_2,candidate_1,candidate_3,3,0.0
1860,candidate_2,candidate_1,candidate_3,3,0.0
1861,candidate_2,candidate_1,candidate_3,3,0.0
1862,candidate_2,candidate_1,candidate_3,3,0.0
1863,candidate_2,candidate_1,candidate_3,3,0.0
1864,candidate_2,candidate_1,candidate_3,3,0.0
1865,candidate_2,candidate_1,candidate_3,3,0.0
1866,candidate_2,candidate_1,candidate_3,3,0.0
1867,candidate_2,candidate_1,candidate_3,3,0.0
1868,candidate_2,candidate_1,candidate_3,3,0.0
1869,candidate_2,candidate_1,candidate_3,3,0.0
1870,candidate_2,candidate_1,candidate_3,3,0.0
1871,candidate_2,candidate_1,candidate_3,3,0.0
1872,candidate_2,candidate_1,candidate_3,3,0.0
1873,candidate_2,candidate_1,candidate_3,3,0.0
1874,candidate_2,candidate_1,candidate_3,3,0.0
1875,candidate_2,candidate_1,candidate_3,3,0.0
1876,candidate_2,candidate_1,candidate_3,3,0.0
1877,candidate_2,candidate_1,candidate_3,3,0.0
1878,candidate_2,candidate_1,candidate_3,3,0.0
1879,candidate_2,candidate_1,candidate_3,3,0.0
1880,candidate_2,candidate_1,candidate_3,3,0.0
1881,candidate_2,candidate_1,candidate_3,3,0.0
1882,candidate_2,candidate_1,candidate_3,3,0.0
1883,candidate_2,candidate_1,candidate_3,3,0.0
1884,candidate_2,candidate_1,candidate_3,3,0.0
1885,candidate_2,candidate_1,candidate_3,3,0.0
1886,candidate_2,candidate_1,candidate_3,3,0.0
1887,candidate_2,candidate_1,candidate_3,3,0.0
1888,candidate_2,candidate_1,candidate_3,3,0.0
1889,candidate_2,candidate_1,candidate_3,3,0.0
1890,candidate_2,candidate_1,candidate_3,3,0.0
1891,candidate_2,candidate_1,candidate_3,3,0.0
1892,candidate_2,candidate_1,candidate_3,3,0.0
1893,candidate_2,candidate_1,candidate_3,3,0.0
1894,candidate_2,candidate_1,candidate_3,3,0.0
1895,candidate_2,candidate_1,candidate_3,3,0.0
1896,candidate_2,candidate_1,candidate_3,3,0.0
1897,candidate_2,candidate_1,candidate_3,3,0.0
1898,candidate_2,candidate_1,candidate_3,3,0.0
1899,candidate_2,candidate_1,candidate_3,3,0.0
1900,candidate_2,candidate_1,candidate_3,3,0.0
1901,candidate_2,candidate_1,candidate_3,3,0.0
1902,candidate_2,candidate_1,candidate_3,3,0.0
1903,candidate_2,candidate_1,candidate_3,3,0.0
1904,candidate_2,candidate_1,candidate_3,3,0.0
1905,candidate_2,candidate_1,candidate_3,3,0.0
1906,candidate_2,candidate_1,candidate_3,3,0.0
1907,candidate_2,candidate_1,candidate_3,3,0.0
1908,candidate_2,candidate_1,candidate_3,3,0.0
1909,candidate_2,candidate_1,candidate_3,3,0.0
1910,candidate_2,candidate_1,candidate_3,3,0.0
1911,candidate_2,candidate_1,candidate_3,3,0.0
1912,candidate_2,candidate_1,candidate_3,3,0.0
1913,candidate_2,candidate_1,candidate_3,3,0.0
1914,candidate_2,candidate_1,candidate_3,3,0.0
1915,candidate_2,candidate_1,candidate_3,3,0.0
1916,candidate_2,candidate_1,candidate_3,3,0.0
1917,candidate_2,candidate_1,candidate_3,3,0.0
1918,candidate_2,candidate_1,candidate_3,3,0.0
1919,candidate_2,candidate_1,candidate_3,3,0.0
1920,candidate_2,candidate_1,candidate_3,3,0.0
1921,candidate_2,candidate_1,candidate_3,3,0.0
1922,candidate_2,candidate_1,candidate_3,3,0.0
1923,candidate_2,candidate_1,candidate_3,3,0.0
1924,candidate_2,candidate_1,candidate_3,3,0.0
1925,candidate_2,candidate_1,candidate_3,3,0.0
1926,candidate_2,candidate_1,candidate_3,3,0.0
1927,candidate_2,candidate_1,candidate_3,3,0.0
1928,candidate_2,candidate_1,candidate_3,3,0.0
1929,candidate_2,candidate_1,candidate_3,3,0.0
1930,candidate_2,candidate_1,candidate_3,3,0.0
1931,candidate_2,candidate_1,candidate_3,3,0.0
1932,candidate_2,candidate_1,candidate_3,3,0.0
1933,candidate_2,candidate_1,candidate_3,3,0.0
1934,candidate_2,candidate_1,candidate_3,3,0.0
1935,candidate_2,candidate_1,candidate_3,3,0.0
1936,candidate_2,candidate_1,candidate_3,3,0.0
1937,candidate_2,candidate_1,candidate_3,3,0.0
1938,candidate_2,candidate_1,candidate_3,3,0.0
1939,candidate_2,candidate_1,candidate_3,3,0.0
1940,candidate_2,candidate_1,candidate_3,3,0.0
1941,candidate_2,candidate_1,candidate_3,3,0.0
1942,candidate_2,candidate_1,candidate_3,3,0.0
1943,candidate_2,candidate_1,candidate_3,3,0.0
1944,candidate_2,candidate_1,candidate_3,3,0.0
1945,candidate_2,candidate_1,candidate_3,3,0.0
1946,candidate_2,candidate_1,candidate_3,3,0.0
1947,candidate_2,candidate_1,candidate_3,3,0.0
1948,candidate_2,candidate_1,candidate_3,3,0.0
1949,candidate_2,candidate_1,candidate_3,3,0.0
1950,candidate_2,candidate_1,candidate_3,3,0.0
1951,candidate_2,candidate_1,candidate_3,3,0.0
1952,candidate_2,candidate_1,candidate_3,3,0.0
1953,candidate_2,candidate_1,candidate_3,3,0.0
1954,candidate_2,candidate_1,candidate_3,3,0.0
1955,candidate_2,candidate_1,candidate_3,3,0.0
1956,candidate_2,candidate_1,candidate_3,3,0.0
1957,candidate_2,candidate_1,candidate_3,3,0.0
1958,candidate_2,candidate_1,candidate_3,3,0.0
1959,candidate_2,candidate_1,candidate_3,3,0.0
1960,candidate_2,candidate_1,candidate_3,3,0.0
1961,candidate_2,candidate_1,candidate_3,3,0.0
1962,candidate_2,candidate_1,candidate_3,3,0.0
1963,candidate_2,candidate_1,candidate_3,3,0.0
1964,candidate_2,candidate_1,candidate_3,3,0.0
1965,candidate_2,candidate_1,candidate_3,3,0.0
1966,candidate_2,candidate_1,candidate_3,3,0.0
1967,candidate_2,candidate_1,candidate_3,3,0.0
1968,candidate_2,candidate_1,candidate_3,3,0.0
1969,candidate_2,candidate_1,candidate_3,3,0.0
1970,candidate_2,candidate_1,candidate_3,3,0.0
1971,candidate_2,candidate_1,candidate_3,3,0.0
1972,candidate_2,candidate_1,candidate_3,3,0.0
1973,candidate_2,candidate_1,candidate_3,3,0.0
1974,candidate_2,candidate_1,candidate_3,3,0.0
1975,candidate_2,candidate_1,candidate_3,3,0.0
1976,candidate_2,candidate_1,candidate_3,3,0.0
1977,candidate_2,candidate_1,candidate_3,3,0.0
1978,candidate_2,candidate_1,candidate_3,3,0.0
1979,candidate_2,candidate_1,candidate_3,3,0.0
1980,candidate_2,candidate_1,candidate_3,3,0.0
1981,candidate_2,candidate_1,candidate_3,3,0.0
1982,candidate_2,candidate_1,candidate_3,3,0.0
1983,candidate_2,candidate_1,candidate_3,3,0.0
1984,candidate_2,candidate_1,candidate_3,3,0.0
1985,candidate_2,candidate_1,candidate_3,3,0.0
1986,candidate_2,candidate_1,candidate_3,3,0.0
1987,candidate_2,candidate_1,candidate_3,3,0.0
1988,candidate_2,candidate_1,candidate_3,3,0.0
1989,candidate_2,candidate_1,candidate_3,3,0.0
1990,candidate_2,candidate_1,candidate_3,3,0.0
1991,candidate_2,candidate_1,candidate_3,3,0.0
1992,candidate_2,candidate_1,candidate_3,3,0.0
1993,candidate_2,candidate_1,candidate_3,3,0.0
1994,candidate_2,candidate_1,candidate_3,3,0.0
1995,candidate_2,candidate_1,candidate_3,3,0.0
1996,candidate_2,candidate_1,candidate_3,3,0.0
1997,candidate_2,candidate_1,candidate_3,3,0.0
1998,candidate_2,candidate_1,candidate_3,3,0.0
1999,candidate_2,candidate_1,candidate_3,3,0.0
2000,candidate_2,candidate_1,candidate_3,3,0.0
2001,candidate_2,candidate_1,candidate_3,3,0.0
2002,candidate_2,candidate_1,candidate_3,3,0.0
2003,candidate_2,candidate_1,candidate_3,3,0.0
2004,candidate_2,candidate_1,candidate_3,3,0.0
2005,candidate_2,candidate_1,candidate_3,3,0.0
2006,candidate_2,candidate_1,candidate_3,3,0.0
2007,candidate_2,candidate_1,candidate_3,3,0.0
2008,candidate_2,candidate_1,candidate_3,3,0.0
2009,candidate_2,candidate_1,candidate_3,3,0.0
2010,candidate_2,candidate_1,candidate_3,3,0.0
2011,candidate_2,candidate_1,candidate_3,3,0.0
2012,candidate_2,candidate_1,candidate_3,3,0.0
2013,candidate_2,candidate_1,candidate_3,3,0.0
2014,candidate_2,candidate_1,candidate_3,3,0.0
2015,candidate_2,candidate_1,candidate_3,3,0.0
2016,candidate_2,candidate_1,candidate_3,3,0.0
2017,candidate_2,candidate_1,candidate_3,3,0.0
2018,candidate_2,candidate_1,candidate_3,3,0.0
2019,candidate_2,candidate_1,candidate_3,3,0.0
2020,candidate_2,candidate_1,candidate_3,3,0.0
2021,candidate_2,candidate_1,candidate_3,3,0.0
2022,candidate_2,candidate_1,candidate_3,3,0.0
2023,candidate_2,candidate_1,candidate_3,3,0.0
2024,candidate_2,candidate_1,candidate_3,3,0.0
2025,candidate_2,candidate_1,candidate_3,3,0.0
2026,candidate_2,candidate_1,candidate_3,3,0.0
2027,candidate_2,candidate_1,candidate_3,3,0.0
2028,candidate_2,candidate_1,candidate_3,3,0.0
2029,candidate_2,candidate_1,candidate_3,3,0.0
2030,candidate_2,candidate_1,candidate_3,3,0.0
2031,candidate_2,candidate_1,candidate_3,3,0.0
2032,candidate_2,candidate_1,candidate_3,3,0.0
2033,candidate_2,candidate_1,candidate_3,3,0.0
2034,candidate_2,candidate_1,candidate_3,3,0.0
2035,candidate_2,candidate_1,candidate_3,3,0.0
2036,candidate_2,candidate_1,candidate_3,3,0.0
2037,candidate_2,candidate_1,candidate_3,3,0.0
2038,candidate_2,candidate_1,candidate_3,3,0.0
2039,candidate_2,candidate_1,candidate_3,3,0.0
2040,candidate_2,candidate_1,candidate_3,3,0.0
2041,candidate_2,candidate_1,candidate_3,3,0.0
2042,candidate_2,candidate_1,candidate_3,3,0.0
2043,candidate_2,candidate_1,candidate_3,3,0.0
2044,candidate_2,candidate_1,candidate_3,3,0.0
2045,candidate_2,candidate_1,candidate_3,3,0.0
2046,candidate_2,candidate_1,candidate_3,3,0.0
2047,candidate_2,candidate_1,candidate_3,3,0.0
2048,candidate_2,candidate_1,candidate_3,3,0.0
2049,candidate_2,candidate_1,candidate_3,3,0.0
2050,candidate_2,candidate_1,candidate_3,3,0.0
2051,candidate_2,candidate_1,candidate_3,3,0.0
2052,candidate_2,candidate_1,candidate_3,3,0.0
2053,candidate_2,candidate_1,candidate_3,3,0.0
2054,candidate_2,candidate_1,candidate_3,3,0.0
2055,candidate_2,candidate_1,candidate_3,3,0.0
2056,candidate_2,candidate_1,candidate_3,3,0.0
2057,candidate_2,candidate_1,candidate_3,3,0.0
2058,candidate_2,candidate_1,candidate_3,3,0.0
2059,candidate_2,candidate_1,candidate_3,3,0.0
2060,candidate_2,candidate_1,candidate_3,3,0.0
2061,candidate_2,candidate_1,candidate_3,3,0.0
2062,candidate_2,candidate_1,candidate_3,3,0.0
2063,candidate_2,candidate_1,candidate_3,3,0.0
2064,candidate_2,candidate_1,candidate_3,3,0.0
2065,candidate_2,candidate_1,candidate_3,3,0.0
2066,candidate_2,candidate_1,candidate_3,3,0.0
2067,candidate_2,candidate_1,candidate_3,3,0.0
2068,candidate_2,candidate_1,candidate_3,3,0.0
2069,candidate_2,candidate_1,candidate_3,3,0.0
2070,candidate_2,candidate_1,candidate_3,3,0.0
2071,candidate_2,candidate_1,candidate_3,3,0.0
2072,candidate_2,candidate_1,candidate_3,3,0.0
2073,candidate_2,candidate_1,candidate_3,3,0.0
2074,candidate_2,candidate_1,candidate_3,3,0.0
2075,candidate_2,candidate_1,candidate_3,3,0.0
2076,candidate_2,candidate_1,candidate_3,3,0.0
2077,candidate_2,candidate_1,candidate_3,3,0.0
2078,candidate_2,candidate_1,candidate_3,3,0.0
2079,candidate_2,candidate_1,candidate_3,3,0.0
2080,candidate_2,candidate_1,candidate_3,3,0.0
2081,candidate_2,candidate_1,candidate_3,3,0.0
2082,candidate_2,candidate_1,candidate_3,3,0.0
2083,candidate_2,candidate_1,candidate_3,3,0.0
2084,candidate_2,candidate_1,candidate_3,3,0.0
2085,candidate_2,candidate_1,candidate_3,3,0.0
2086,candidate_2,candidate_1,candidate_3,3,0.0
2087,candidate_2,candidate_1,candidate_3,3,0.0
2088,candidate_2,candidate_1,candidate_3,3,0.0
2089,candidate_2,candidate_1,candidate_3,3,0.0
2090,candidate_2,candidate_1,candidate_3,3,0.0
2091,candidate_2,candidate_1,candidate_3,3,0.0
2092,candidate_2,candidate_1,candidate_3,3,0.0
2093,candidate_2,candidate_1,candidate_3,3,0.0
2094,candidate_2,candidate_1,candidate_3,3,0.0
2095,candidate_2,candidate_1,candidate_3,3,0.0
2096,candidate_2,candidate_1,candidate_3,3,0.0
2097,candidate_2,candidate_1,candidate_3,3,0.0
2098,candidate_2,candidate_1,candidate_3,3,0.0
2099,candidate_2,candidate_1,candidate_3,3,0.0
2100,candidate_2,candidate_1,candidate_3,3,0.0
2101,candidate_2,candidate_1,candidate_3,3,0.0
2102,candidate_2,candidate_1,candidate_3,3,0.0
2103,candidate_2,candidate_1,candidate_3,3,0.0
2104,candidate_2,candidate_1,candidate_3,3,0.0
2105,candidate_2,candidate_1,candidate_3,3,0.0
2106,candidate_2,candidate_1,candidate_3,3,0.0
2107,candidate_2,candidate_1,candidate_3,3,0.0
2108,candidate_2,candidate_1,candidate_3,3,0.0
2109,candidate_2,candidate_1,candidate_3,3,0.0
2110,candidate_2,candidate_1,candidate_3,3,0.0
2111,candidate_2,candidate_1,candidate_3,3,0.0
2112,candidate_2,candidate_1,candidate_3,3,0.0
2113,candidate_2,candidate_1,candidate_3,3,0.0
2114,candidate_2,candidate_1,candidate_3,3,0.0
2115,candidate_2,candidate_1,candidate_3,3,0.0
2116,candidate_2,candidate_1,candidate_3,3,0.0
2117,candidate_2,candidate_1,candidate_3,3,0.0
2118,candidate_2,candidate_1,candidate_3,3,0.0
2119,candidate_2,candidate_1,candidate_3,3,0.0
2120,candidate_2,candidate_1,candidate_3,3,0.0
2121,candidate_2,candidate_1,candidate_3,3,0.0
2122,candidate_2,candidate_1,candidate_3,3,0.0
2123,candidate_2,candidate_1,candidate_3,3,0.0
2124,candidate_2,candidate_1,candidate_3,3,0.0
2125,candidate_2,candidate_1,candidate_3,3,0.0
2126,candidate_2,candidate_1,candidate_3,3,0.0
2127,candidate_2,candidate_1,candidate_3,3,0.0
2128,candidate_2,candidate_1,candidate_3,3,0.0
2129,candidate_2,candidate_1,candidate_3,3,0.0
2130,candidate_2,candidate_1,candidate_3,3,0.0
2131,candidate_2,candidate_1,candidate_3,3,0.0
2132,candidate_2,candidate_1,candidate_3,3,0.0
2133,candidate_2,candidate_1,candidate_3,3,0.0
2134,candidate_2,candidate_1,candidate_3,3,0.0
2135,candidate_2,candidate_1,candidate_3,3,0.0
2136,candidate_2,candidate_1,candidate_3,3,0.0
2137,candidate_2,candidate_1,candidate_3,3,0.0
2138,candidate_2,candidate_1,candidate_3,3,0.0
2139,candidate_2,candidate_1,candidate_3,3,0.0
2140,candidate_2,candidate_1,candidate_3,3,0.0
2141,candidate_2,candidate_1,candidate_3,3,0.0
2142,candidate_2,candidate_1,candidate_3,3,0.0
2143,candidate_2,candidate_1,candidate_3,3,0.0
2144,candidate_2,candidate_1,candidate_3,3,0.0
2145,candidate_2,candidate_1,candidate_3,3,0.0
2146,candidate_2,candidate_1,candidate_3,3,0.0
2147,candidate_2,candidate_1,candidate_3,3,0.0
2148,candidate_2,candidate_1,candidate_3,3,0.0
2149,candidate_2,candidate_1,candidate_3,3,0.0
2150,candidate_2,candidate_1,candidate_3,3,0.0
2151,candidate_2,candidate_1,candidate_3,3,0.0
2152,candidate_2,candidate_1,candidate_3,3,0.0
2153,candidate_2,candidate_1,candidate_3,3,0.0
2154,candidate_2,candidate_1,candidate_3,3,0.0
2155,candidate_2,candidate_1,candidate_3,3,0.0
2156,candidate_2,candidate_1,candidate_3,3,0.0
2157,candidate_2,candidate_1,candidate_3,3,0.0
2158,candidate_2,candidate_1,candidate_3,3,0.0
2159,candidate_2,candidate_1,candidate_3,3,0.0
2160,candidate_2,candidate_1,candidate_3,3,0.0
2161,candidate_2,candidate_1,candidate_3,3,0.0
2162,candidate_2,candidate_1,candidate_3,3,0.0
2163,candidate_2,candidate_1,candidate_3,3,0.0
2164,candidate_2,candidate_1,candidate_3,3,0.0
2165,candidate_2,candidate_1,candidate_3,3,0.0
2166,candidate_2,candidate_1,candidate_3,3,0.0
2167,candidate_2,candidate_1,candidate_3,3,0.0
2168,candidate_2,candidate_1,candidate_3,3,0.0
2169,candidate_2,candidate_1,candidate_3,3,0.0
2170,candidate_2,candidate_1,candidate_3,3,0.0
2171,candidate_2,candidate_1,candidate_3,3,0.0
2172,candidate_2,candidate_1,candidate_3,3,0.0
2173,candidate_2,candidate_1,candidate_3,3,0.0
2174,candidate_2,candidate_1,candidate_3,3,0.0
2175,candidate_2,candidate_1,candidate_3,3,0.0
2176,candidate_2,candidate_1,candidate_3,3,0.0
2177,candidate_2,candidate_1,candidate_3,3,0.0
2178,candidate_2,candidate_1,candidate_3,3,0.0
2179,candidate_2,candidate_1,candidate_3,3,0.0
2180,candidate_2,candidate_1,candidate_3,3,0.0
2181,candidate_2,candidate_1,candidate_3,3,0.0
2182,candidate_2,candidate_1,candidate_3,3,0.0
2183,candidate_2,candidate_1,candidate_3,3,0.0
2184,candidate_2,candidate_1,candidate_3,3,0.0
2185,candidate_2,candidate_1,candidate_3,3,0.0
2186,candidate_2,candidate_1,candidate_3,3,0.0
2187,candidate_2,candidate_1,candidate_3,3,0.0
2188,candidate_2,candidate_1,candidate_3,3,0.0
2189,candidate_2,candidate_1,candidate_3,3,0.0
2190,candidate_2,candidate_1,candidate_3,3,0.0
2191,candidate_2,candidate_1,candidate_3,3,0.0
2192,candidate_2,candidate_1,candidate_3,3,0.0
2193,candidate_2,candidate_1,candidate_3,3,0.0
2194,candidate_2,candidate_1,candidate_3,3,0.0
2195,candidate_2,candidate_1,candidate_3,3,0.0
2196,candidate_2,candidate_1,candidate_3,3,0.0
2197,candidate_2,candidate_1,candidate_3,3,0.0
0,candidate_2,candidate_3,candidate_1,3,0.0
1,candidate_2,candidate_3,candidate_1,3,0.0
2,candidate_2,candidate_3,candidate_1,3,0.0
3,candidate_2,candidate_3,candidate_1,3,0.0
4,candidate_2,candidate_3,candidate_1,3,0.0
5,candidate_2,candidate_3,candidate_1,3,0.0
6,candidate_2,candidate_3,candidate_1,3,0.0
7,candidate_2,candidate_3,candidate_1,3,0.0
8,candidate_2,candidate_3,candidate_1,3,0.0
9,candidate_2,candidate_3,candidate_1,3,0.0
10,candidate_2,candidate_3,candidate_1,3,0.0
11,candidate_2,candidate_3,candidate_1,3,0.0
12,candidate_2,candidate_3,candidate_1,3,0.0
13,candidate_2,candidate_3,candidate_1,3,0.0
14,candidate_2,candidate_3,candidate_1,3,0.0
15,candidate_2,candidate_3,candidate_1,3,0.0
16,candidate_2,candidate_3,candidate_1,3,0.0
17,candidate_2,candidate_3,candidate_1,3,0.0
18,candidate_2,candidate_3,candidate_1,3,0.0
19,candidate_2,candidate_3,candidate_1,3,0.0
20,candidate_2,candidate_3,candidate_1,3,0.0
21,candidate_2,candidate_3,candidate_1,3,0.0
22,candidate_2,candidate_3,candidate_1,3,0.0
23,candidate_2,candidate_3,candidate_1,3,0.0
24,candidate_2,candidate_3,candidate_1,3,0.0
25,candidate_2,candidate_3,candidate_1,3,0.0
26,candidate_2,candidate_3,candidate_1,3,0.0
27,candidate_2,candidate_3,candidate_1,3,0.0
28,candidate_2,candidate_3,candidate_1,3,0.0
29,candidate_2,candidate_3,candidate_1,3,0.0
30,candidate_2,candidate_3,candidate_1,3,0.0
31,candidate_2,candidate_3,candidate_1,3,0.0
32,candidate_2,candidate_3,candidate_1,3,0.0
33,candidate_2,candidate_3,candidate_1,3,0.0
34,candidate_2,candidate_3,candidate_1,3,0.0
35,candidate_2,candidate_3,candidate_1,3,0.0
36,candidate_2,candidate_3,candidate_1,3,0.0
37,candidate_2,candidate_3,candidate_1,3,0.0
38,candidate_2,candidate_3,candidate_1,3,0.0
39,candidate_2,candidate_3,candidate_1,3,0.0
40,candidate_2,candidate_3,candidate_1,3,0.0
41,candidate_2,candidate_3,candidate_1,3,0.0
42,candidate_2,candidate_3,candidate_1,3,0.0
43,candidate_2,candidate_3,candidate_1,3,0.0
44,candidate_2,candidate_3,candidate_1,3,0.0
45,candidate_2,candidate_3,candidate_1,3,0.0
46,candidate_2,candidate_3,candidate_1,3,0.0
47,candidate_2,candidate_3,candidate_1,3,0.0
48,candidate_2,candidate_3,candidate_1,3,0.0
49,candidate_2,candidate_3,candidate_1,3,0.0
50,candidate_2,candidate_3,candidate_1,3,0.0
51,candidate_2,candidate_3,candidate_1,3,0.0
52,candidate_2,candidate_3,candidate_1,3,0.0
53,candidate_2,candidate_3,candidate_1,3,0.0
54,candidate_2,candidate_3,candidate_1,3,0.0
55,candidate_2,candidate_3,candidate_1,3,0.0
56,candidate_2,candidate_3,candidate_1,3,0.0
57,candidate_2,candidate_3,candidate_1,3,0.0
58,candidate_2,candidate_3,candidate_1,3,0.0
59,candidate_2,candidate_3,candidate_1,3,0.0
60,candidate_2,candidate_3,candidate_1,3,0.0
61,candidate_2,candidate_3,candidate_1,3,0.0
62,candidate_2,candidate_3,candidate_1,3,0.0
63,candidate_2,candidate_3,candidate_1,3,0.0
64,candidate_2,candidate_3,candidate_1,3,0.0
65,candidate_2,candidate_3,candidate_1,3,0.0
66,candidate_2,candidate_3,candidate_1,3,0.0
67,candidate_2,candidate_3,candidate_1,3,0.0
68,candidate_2,candidate_3,candidate_1,3,0.0
69,candidate_2,candidate_3,candidate_1,3,0.0
70,candidate_2,candidate_3,candidate_1,3,0.0
71,candidate_2,candidate_3,candidate_1,3,0.0
72,candidate_2,candidate_3,candidate_1,3,0.0
73,candidate_2,candidate_3,candidate_1,3,0.0
74,candidate_2,candidate_3,candidate_1,3,0.0
75,candidate_2,candidate_3,candidate_1,3,0.0
76,candidate_2,candidate_3,candidate_1,3,0.0
77,candidate_2,candidate_3,candidate_1,3,0.0
78,candidate_2,candidate_3,candidate_1,3,0.0
79,candidate_2,candidate_3,candidate_1,3,0.0
80,candidate_2,candidate_3,candidate_1,3,0.0
81,candidate_2,candidate_3,candidate_1,3,0.0
82,candidate_2,candidate_3,candidate_1,3,0.0
83,candidate_2,candidate_3,candidate_1,3,0.0
84,candidate_2,candidate_3,candidate_1,3,0.0
85,candidate_2,candidate_3,candidate_1,3,0.0
86,candidate_2,candidate_3,candidate_1,3,0.0
87,candidate_2,candidate_3,candidate_1,3,0.0
88,candidate_2,candidate_3,candidate_1,3,0.0
89,candidate_2,candidate_3,candidate_1,3,0.0
90,candidate_2,candidate_3,candidate_1,3,0.0
91,candidate_2,candidate_3,candidate_1,3,0.0
92,candidate_2,candidate_3,candidate_1,3,0.0
93,candidate_2,candidate_3,candidate_1,3,0.0
94,candidate_2,candidate_3,candidate_1,3,0.0
95,candidate_2,candidate_3,candidate_1,3,0.0
96,candidate_2,candidate_3,candidate_1,3,0.0
97,candidate_2,candidate_3,candidate_1,3,0.0
98,candidate_2,candidate_3,candidate_1,3,0.0
99,candidate_2,candidate_3,candidate_1,3,0.0
100,candidate_2,candidate_3,candidate_1,3,0.0
101,candidate_2,candidate_3,candidate_1,3,0.0
102,candidate_2,candidate_3,candidate_1,3,0.0
103,candidate_2,candidate_3,candidate_1,3,0.0
104,candidate_2,candidate_3,candidate_1,3,0.0
105,candidate_2,candidate_3,candidate_1,3,0.0
106,candidate_2,candidate_3,candidate_1,3,0.0
107,candidate_2,candidate_3,candidate_1,3,0.0
108,candidate_2,candidate_3,candidate_1,3,0.0
109,candidate_2,candidate_3,candidate_1,3,0.0
110,candidate_2,candidate_3,candidate_1,3,0.0
111,candidate_2,candidate_3,candidate_1,3,0.0
112,candidate_2,candidate_3,candidate_1,3,0.0
113,candidate_2,candidate_3,candidate_1,3,0.0
114,candidate_2,candidate_3,candidate_1,3,0.0
115,candidate_2,candidate_3,candidate_1,3,0.0
116,candidate_2,candidate_3,candidate_1,3,0.0
117,candidate_2,candidate_3,candidate_1,3,0.0
118,candidate_2,candidate_3,candidate_1,3,0.0
119,candidate_2,candidate_3,candidate_1,3,0.0
120,candidate_2,candidate_3,candidate_1,3,0.0
121,candidate_2,candidate_3,candidate_1,3,0.0
122,candidate_2,candidate_3,candidate_1,3,0.0
123,candidate_2,candidate_3,candidate_1,3,0.0
124,candidate_2,candidate_3,candidate_1,3,0.0
125,candidate_2,candidate_3,candidate_1,3,0.0
126,candidate_2,candidate_3,candidate_1,3,0.0
127,candidate_2,candidate_3,candidate_1,3,0.0
128,candidate_2,candidate_3,candidate_1,3,0.0
129,candidate_2,candidate_3,candidate_1,3,0.0
130,candidate_2,candidate_3,candidate_1,3,0.0
131,candidate_2,candidate_3,candidate_1,3,0.0
132,candidate_2,candidate_3,candidate_1,3,0.0
133,candidate_2,candidate_3,candidate_1,3,0.0
134,candidate_2,candidate_3,candidate_1,3,0.0
135,candidate_2,candidate_3,candidate_1,3,0.0
136,candidate_2,candidate_3,candidate_1,3,0.0
137,candidate_2,candidate_3,candidate_1,3,0.0
138,candidate_2,candidate_3,candidate_1,3,0.0
139,candidate_2,candidate_3,candidate_1,3,0.0
140,candidate_2,candidate_3,candidate_1,3,0.0
141,candidate_2,candidate_3,candidate_1,3,0.0
142,candidate_2,candidate_3,candidate_1,3,0.0
143,candidate_2,candidate_3,candidate_1,3,0.0
144,candidate_2,candidate_3,candidate_1,3,0.0
145,candidate_2,candidate_3,candidate_1,3,0.0
146,candidate_2,candidate_3,candidate_1,3,0.0
147,candidate_2,candidate_3,candidate_1,3,0.0
148,candidate_2,candidate_3,candidate_1,3,0.0
149,candidate_2,candidate_3,candidate_1,3,0.0
150,candidate_2,candidate_3,candidate_1,3,0.0
151,candidate_2,candidate_3,candidate_1,3,0.0
152,candidate_2,candidate_3,candidate_1,3,0.0
153,candidate_2,candidate_3,candidate_1,3,0.0
154,candidate_2,candidate_3,candidate_1,3,0.0
155,candidate_2,candidate_3,candidate_1,3,0.0
156,candidate_2,candidate_3,candidate_1,3,0.0
157,candidate_2,candidate_3,candidate_1,3,0.0
158,candidate_2,candidate_3,candidate_1,3,0.0
159,candidate_2,candidate_3,candidate_1,3,0.0
160,candidate_2,candidate_3,candidate_1,3,0.0
161,candidate_2,candidate_3,candidate_1,3,0.0
162,candidate_2,candidate_3,candidate_1,3,0.0
163,candidate_2,candidate_3,candidate_1,3,0.0
164,candidate_2,candidate_3,candidate_1,3,0.0
165,candidate_2,candidate_3,candidate_1,3,0.0
166,candidate_2,candidate_3,candidate_1,3,0.0
167,candidate_2,candidate_3,candidate_1,3,0.0
168,candidate_2,candidate_3,candidate_1,3,0.0
169,candidate_2,candidate_3,candidate_1,3,0.0
170,candidate_2,candidate_3,candidate_1,3,0.0
171,candidate_2,candidate_3,candidate_1,3,0.0
172,candidate_2,candidate_3,candidate_1,3,0.0
173,candidate_2,candidate_3,candidate_1,3,0.0
174,candidate_2,candidate_3,candidate_1,3,0.0
175,candidate_2,candidate_3,candidate_1,3,0.0
176,candidate_2,candidate_3,candidate_1,3,0.0
177,candidate_2,candidate_3,candidate_1,3,0.0
178,candidate_2,candidate_3,candidate_1,3,0.0
179,candidate_2,candidate_3,candidate_1,3,0.0
180,candidate_2,candidate_3,candidate_1,3,0.0
181,candidate_2,candidate_3,candidate_1,3,0.0
182,candidate_2,candidate_3,candidate_1,3,0.0
183,candidate_2,candidate_3,candidate_1,3,0.0
184,candidate_2,candidate_3,candidate_1,3,0.0
185,candidate_2,candidate_3,candidate_1,3,0.0
186,candidate_2,candidate_3,candidate_1,3,0.0
187,candidate_2,candidate_3,candidate_1,3,0.0
188,candidate_2,candidate_3,candidate_1,3,0.0
189,candidate_2,candidate_3,candidate_1,3,0.0
190,candidate_2,candidate_3,candidate_1,3,0.0
191,candidate_2,candidate_3,candidate_1,3,0.0
192,candidate_2,candidate_3,candidate_1,3,0.0
193,candidate_2,candidate_3,candidate_1,3,0.0
194,candidate_2,candidate_3,candidate_1,3,0.0
195,candidate_2,candidate_3,candidate_1,3,0.0
196,candidate_2,candidate_3,candidate_1,3,0.0
197,candidate_2,candidate_3,candidate_1,3,0.0
198,candidate_2,candidate_3,candidate_1,3,0.0
199,candidate_2,candidate_3,candidate_1,3,0.0
200,candidate_2,candidate_3,candidate_1,3,0.0
201,candidate_2,candidate_3,candidate_1,3,0.0
202,candidate_2,candidate_3,candidate_1,3,0.0
203,candidate_2,candidate_3,candidate_1,3,0.0
204,candidate_2,candidate_3,candidate_1,3,0.0
205,candidate_2,candidate_3,candidate_1,3,0.0
206,candidate_2,candidate_3,candidate_1,3,0.0
207,candidate_2,candidate_3,candidate_1,3,0.0
208,candidate_2,candidate_3,candidate_1,3,0.0
209,candidate_2,candidate_3,candidate_1,3,0.0
210,candidate_2,candidate_3,candidate_1,3,0.0
211,candidate_2,candidate_3,candidate_1,3,0.0
212,candidate_2,candidate_3,candidate_1,3,0.0
213,candidate_2,candidate_3,candidate_1,3,0.0
214,candidate_2,candidate_3,candidate_1,3,0.0
215,candidate_2,candidate_3,candidate_1,3,0.0
216,candidate_2,candidate_3,candidate_1,3,0.0
217,candidate_2,candidate_3,candidate_1,3,0.0
218,candidate_2,candidate_3,candidate_1,3,0.0
219,candidate_2,candidate_3,candidate_1,3,0.0
220,candidate_2,candidate_3,candidate_1,3,0.0
221,candidate_2,candidate_3,candidate_1,3,0.0
222,candidate_2,candidate_3,candidate_1,3,0.0
223,candidate_2,candidate_3,candidate_1,3,0.0
224,candidate_2,candidate_3,candidate_1,3,0.0
225,candidate_2,candidate_3,candidate_1,3,0.0
226,candidate_2,candidate_3,candidate_1,3,0.0
227,candidate_2,candidate_3,candidate_1,3,0.0
228,candidate_2,candidate_3,candidate_1,3,0.0
229,candidate_2,candidate_3,candidate_1,3,0.0
230,candidate_2,candidate_3,candidate_1,3,0.0
231,candidate_2,candidate_3,candidate_1,3,0.0
232,candidate_2,candidate_3,candidate_1,3,0.0
233,candidate_2,candidate_3,candidate_1,3,0.0
234,candidate_2,candidate_3,candidate_1,3,0.0
235,candidate_2,candidate_3,candidate_1,3,0.0
236,candidate_2,candidate_3,candidate_1,3,0.0
237,candidate_2,candidate_3,candidate_1,3,0.0
238,candidate_2,candidate_3,candidate_1,3,0.0
239,candidate_2,candidate_3,candidate_1,3,0.0
240,candidate_2,candidate_3,candidate_1,3,0.0
241,candidate_2,candidate_3,candidate_1,3,0.0
242,candidate_2,candidate_3,candidate_1,3,0.0
243,candidate_2,candidate_3,candidate_1,3,0.0
244,candidate_2,candidate_3,candidate_1,3,0.0
245,candidate_2,candidate_3,candidate_1,3,0.0
246,candidate_2,candidate_3,candidate_1,3,0.0
247,candidate_2,candidate_3,candidate_1,3,0.0
248,candidate_2,candidate_3,candidate_1,3,0.0
249,candidate_2,candidate_3,candidate_1,3,0.0
250,candidate_2,candidate_3,candidate_1,3,0.0
251,candidate_2,candidate_3,candidate_1,3,0.0
252,candidate_2,candidate_3,candidate_1,3,0.0
253,candidate_2,candidate_3,candidate_1,3,0.0
254,candidate_2,candidate_3,candidate_1,3,0.0
255,candidate_2,candidate_3,candidate_1,3,0.0
256,candidate_2,candidate_3,candidate_1,3,0.0
257,candidate_2,candidate_3,candidate_1,3,0.0
258,candidate_2,candidate_3,candidate_1,3,0.0
259,candidate_2,candidate_3,candidate_1,3,0.0
260,candidate_2,candidate_3,candidate_1,3,0.0
261,candidate_2,candidate_3,candidate_1,3,0.0
262,candidate_2,candidate_3,candidate_1,3,0.0
263,candidate_2,candidate_3,candidate_1,3,0.0
264,candidate_2,candidate_3,candidate_1,3,0.0
265,candidate_2,candidate_3,candidate_1,3,0.0
266,candidate_2,candidate_3,candidate_1,3,0.0
267,candidate_2,candidate_3,candidate_1,3,0.0
268,candidate_2,candidate_3,candidate_1,3,0.0
269,candidate_2,candidate_3,candidate_1,3,0.0
270,candidate_2,candidate_3,candidate_1,3,0.0
271,candidate_2,candidate_3,candidate_1,3,0.0
272,candidate_2,candidate_3,candidate_1,3,0.0
273,candidate_2,candidate_3,candidate_1,3,0.0
274,candidate_2,candidate_3,candidate_1,3,0.0
275,candidate_2,candidate_3,candidate_1,3,0.0
276,candidate_2,candidate_3,candidate_1,3,0.0
277,candidate_2,candidate_3,candidate_1,3,0.0
278,candidate_2,candidate_3,candidate_1,3,0.0
279,candidate_2,candidate_3,candidate_1,3,0.0
280,candidate_2,candidate_3,candidate_1,3,0.0
281,candidate_2,candidate_3,candidate_1,3,0.0
282,candidate_2,candidate_3,candidate_1,3,0.0
283,candidate_2,candidate_3,candidate_1,3,0.0
284,candidate_2,candidate_3,candidate_1,3,0.0
285,candidate_2,candidate_3,candidate_1,3,0.0
286,candidate_2,candidate_3,candidate_1,3,0.0
287,candidate_2,candidate_3,candidate_1,3,0.0
288,candidate_2,candidate_3,candidate_1,3,0.0
289,candidate_2,candidate_3,candidate_1,3,0.0
290,candidate_2,candidate_3,candidate_1,3,0.0
291,candidate_2,candidate_3,candidate_1,3,0.0
292,candidate_2,candidate_3,candidate_1,3,0.0
293,candidate_2,candidate_3,candidate_1,3,0.0
294,candidate_2,candidate_3,candidate_1,3,0.0
295,candidate_2,candidate_3,candidate_1,3,0.0
296,candidate_2,candidate_3,candidate_1,3,0.0
297,candidate_2,candidate_3,candidate_1,3,0.0
298,candidate_2,candidate_3,candidate_1,3,0.0
299,candidate_2,candidate_3,candidate_1,3,0.0
300,candidate_2,candidate_3,candidate_1,3,0.0
301,candidate_2,candidate_3,candidate_1,3,0.0
302,candidate_2,candidate_3,candidate_1,3,0.0
303,candidate_2,candidate_3,candidate_1,3,0.0
304,candidate_2,candidate_3,candidate_1,3,0.0
305,candidate_2,candidate_3,candidate_1,3,0.0
306,candidate_2,candidate_3,candidate_1,3,0.0
307,candidate_2,candidate_3,candidate_1,3,0.0
308,candidate_2,candidate_3,candidate_1,3,0.0
309,candidate_2,candidate_3,candidate_1,3,0.0
310,candidate_2,candidate_3,candidate_1,3,0.0
311,candidate_2,candidate_3,candidate_1,3,0.0
312,candidate_2,candidate_3,candidate_1,3,0.0
313,candidate_2,candidate_3,candidate_1,3,0.0
314,candidate_2,candidate_3,candidate_1,3,0.0
315,candidate_2,candidate_3,candidate_1,3,0.0
316,candidate_2,candidate_3,candidate_1,3,0.0
317,candidate_2,candidate_3,candidate_1,3,0.0
318,candidate_2,candidate_3,candidate_1,3,0.0
319,candidate_2,candidate_3,candidate_1,3,0.0
320,candidate_2,candidate_3,candidate_1,3,0.0
321,candidate_2,candidate_3,candidate_1,3,0.0
322,candidate_2,candidate_3,candidate_1,3,0.0
323,candidate_2,candidate_3,candidate_1,3,0.0
324,candidate_2,candidate_3,candidate_1,3,0.0
325,candidate_2,candidate_3,candidate_1,3,0.0
326,candidate_2,candidate_3,candidate_1,3,0.0
327,candidate_2,candidate_3,candidate_1,3,0.0
328,candidate_2,candidate_3,candidate_1,3,0.0
329,candidate_2,candidate_3,candidate_1,3,0.0
330,candidate_2,candidate_3,candidate_1,3,0.0
331,candidate_2,candidate_3,candidate_1,3,0.0
332,candidate_2,candidate_3,candidate_1,3,0.0
333,candidate_2,candidate_3,candidate_1,3,0.0
334,candidate_2,candidate_3,candidate_1,3,0.0
335,candidate_2,candidate_3,candidate_1,3,0.0
336,candidate_2,candidate_3,candidate_1,3,0.0
337,candidate_2,candidate_3,candidate_1,3,0.0
338,candidate_2,candidate_3,candidate_1,3,0.0
339,candidate_2,candidate_3,candidate_1,3,0.0
340,candidate_2,candidate_3,candidate_1,3,0.0
341,candidate_2,candidate_3,candidate_1,3,0.0
342,candidate_2,candidate_3,candidate_1,3,0.0
343,candidate_2,candidate_3,candidate_1,3,0.0
344,candidate_2,candidate_3,candidate_1,3,0.0
345,candidate_2,candidate_3,candidate_1,3,0.0
346,candidate_2,candidate_3,candidate_1,3,0.0
347,candidate_2,candidate_3,candidate_1,3,0.0
348,candidate_2,candidate_3,candidate_1,3,0.0
349,candidate_2,candidate_3,candidate_1,3,0.0
350,candidate_2,candidate_3,candidate_1,3,0.0
351,candidate_2,candidate_3,candidate_1,3,0.0
352,candidate_2,candidate_3,candidate_1,3,0.0
353,candidate_2,candidate_3,candidate_1,3,0.0
354,candidate_2,candidate_3,candidate_1,3,0.0
355,candidate_2,candidate_3,candidate_1,3,0.0
356,candidate_2,candidate_3,candidate_1,3,0.0
357,candidate_2,candidate_3,candidate_1,3,0.0
358,candidate_2,candidate_3,candidate_1,3,0.0
359,candidate_2,candidate_3,candidate_1,3,0.0
360,candidate_2,candidate_3,candidate_1,3,0.0
361,candidate_2,candidate_3,candidate_1,3,0.0
362,candidate_2,candidate_3,candidate_1,3,0.0
363,candidate_2,candidate_3,candidate_1,3,0.0
364,candidate_2,candidate_3,candidate_1,3,0.0
365,candidate_2,candidate_3,candidate_1,3,0.0
366,candidate_2,candidate_3,candidate_1,3,0.0
367,candidate_2,candidate_3,candidate_1,3,0.0
368,candidate_2,candidate_3,candidate_1,3,0.0
369,candidate_2,candidate_3,candidate_1,3,0.0
370,candidate_2,candidate_3,candidate_1,3,0.0
371,candidate_2,candidate_3,candidate_1,3,0.0
372,candidate_2,candidate_3,candidate_1,3,0.0
373,candidate_2,candidate_3,candidate_1,3,0.0
374,candidate_2,candidate_3,candidate_1,3,0.0
375,candidate_2,candidate_3,candidate_1,3,0.0
376,candidate_2,candidate_3,candidate_1,3,0.0
377,candidate_2,candidate_3,candidate_1,3,0.0
378,candidate_2,candidate_3,candidate_1,3,0.0
379,candidate_2,candidate_3,candidate_1,3,0.0
380,candidate_2,candidate_3,candidate_1,3,0.0
381,candidate_2,candidate_3,candidate_1,3,0.0
382,candidate_2,candidate_3,candidate_1,3,0.0
383,candidate_2,candidate_3,candidate_1,3,0.0
384,candidate_2,candidate_3,candidate_1,3,0.0
385,candidate_2,candidate_3,candidate_1,3,0.0
386,candidate_2,candidate_3,candidate_1,3,0.0
387,candidate_2,candidate_3,candidate_1,3,0.0
388,candidate_2,candidate_3,candidate_1,3,0.0
389,candidate_2,candidate_3,candidate_1,3,0.0
390,candidate_2,candidate_3,candidate_1,3,0.0
391,candidate_2,candidate_3,candidate_1,3,0.0
392,candidate_2,candidate_3,candidate_1,3,0.0
393,candidate_2,candidate_3,candidate_1,3,0.0
394,candidate_2,candidate_3,candidate_1,3,0.0
395,candidate_2,candidate_3,candidate_1,3,0.0
396,candidate_2,candidate_3,candidate_1,3,0.0
397,candidate_2,candidate_3,candidate_1,3,0.0
398,candidate_2,candidate_3,candidate_1,3,0.0
399,candidate_2,candidate_3,candidate_1,3,0.0
400,candidate_2,candidate_3,candidate_1,3,0.0
401,candidate_2,candidate_3,candidate_1,3,0.0
402,candidate_2,candidate_3,candidate_1,3,0.0
403,candidate_2,candidate_3,candidate_1,3,0.0
404,candidate_2,candidate_3,candidate_1,3,0.0
405,candidate_2,candidate_3,candidate_1,3,0.0
406,candidate_2,candidate_3,candidate_1,3,0.0
407,candidate_2,candidate_3,candidate_1,3,0.0
408,candidate_2,candidate_3,candidate_1,3,0.0
409,candidate_2,candidate_3,candidate_1,3,0.0
410,candidate_2,candidate_3,candidate_1,3,0.0
411,candidate_2,candidate_3,candidate_1,3,0.0
412,candidate_2,candidate_3,candidate_1,3,0.0
413,candidate_2,candidate_3,candidate_1,3,0.0
414,candidate_2,candidate_3,candidate_1,3,0.0
415,candidate_2,candidate_3,candidate_1,3,0.0
416,candidate_2,candidate_3,candidate_1,3,0.0
417,candidate_2,candidate_3,candidate_1,3,0.0
418,candidate_2,candidate_3,candidate_1,3,0.0
419,candidate_2,candidate_3,candidate_1,3,0.0
420,candidate_2,candidate_3,candidate_1,3,0.0
421,candidate_2,candidate_3,candidate_1,3,0.0
422,candidate_2,candidate_3,candidate_1,3,0.0
423,candidate_2,candidate_3,candidate_1,3,0.0
424,candidate_2,candidate_3,candidate_1,3,0.0
425,candidate_2,candidate_3,candidate_1,3,0.0
426,candidate_2,candidate_3,candidate_1,3,0.0
427,candidate_2,candidate_3,candidate_1,3,0.0
428,candidate_2,candidate_3,candidate_1,3,0.0
429,candidate_2,candidate_3,candidate_1,3,0.0
430,candidate_2,candidate_3,candidate_1,3,0.0
431,candidate_2,candidate_3,candidate_1,3,0.0
432,candidate_2,candidate_3,candidate_1,3,0.0
433,candidate_2,candidate_3,candidate_1,3,0.0
434,candidate_2,candidate_3,candidate_1,3,0.0
435,candidate_2,candidate_3,candidate_1,3,0.0
436,candidate_2,candidate_3,candidate_1,3,0.0
437,candidate_2,candidate_3,candidate_1,3,0.0
438,candidate_2,candidate_3,candidate_1,3,0.0
439,candidate_2,candidate_3,candidate_1,3,0.0
440,candidate_2,candidate_3,candidate_1,3,0.0
441,candidate_2,candidate_3,candidate_1,3,0.0
442,candidate_2,candidate_3,candidate_1,3,0.0
443,candidate_2,candidate_3,candidate_1,3,0.0
444,candidate_2,candidate_3,candidate_1,3,0.0
445,candidate_2,candidate_3,candidate_1,3,0.0
446,candidate_2,candidate_3,candidate_1,3,0.0
447,candidate_2,candidate_3,candidate_1,3,0.0
448,candidate_2,candidate_3,candidate_1,3,0.0
449,candidate_2,candidate_3,candidate_1,3,0.0
450,candidate_2,candidate_3,candidate_1,3,0.0
451,candidate_2,candidate_3,candidate_1,3,0.0
452,candidate_2,candidate_3,candidate_1,3,0.0
453,candidate_2,candidate_3,candidate_1,3,0.0
454,candidate_2,candidate_3,candidate_1,3,0.0
455,candidate_2,candidate_3,candidate_1,3,0.0
456,candidate_2,candidate_3,candidate_1,3,0.0
457,candidate_2,candidate_3,candidate_1,3,0.0
458,candidate_2,candidate_3,candidate_1,3,0.0
459,candidate_2,candidate_3,candidate_1,3,0.0
460,candidate_2,candidate_3,candidate_1,3,0.0
461,candidate_2,candidate_3,candidate_1,3,0.0
462,candidate_2,candidate_3,candidate_1,3,0.0
463,candidate_2,candidate_3,candidate_1,3,0.0
464,candidate_2,candidate_3,candidate_1,3,0.0
465,candidate_2,candidate_3,candidate_1,3,0.0
466,candidate_2,candidate_3,candidate_1,3,0.0
467,candidate_2,candidate_3,candidate_1,3,0.0
468,candidate_2,candidate_3,candidate_1,3,0.0
469,candidate_2,candidate_3,candidate_1,3,0.0
470,candidate_2,candidate_3,candidate_1,3,0.0
471,candidate_2,candidate_3,candidate_1,3,0.0
472,candidate_2,candidate_3,candidate_1,3,0.0
473,candidate_2,candidate_3,candidate_1,3,0.0
474,candidate_2,candidate_3,candidate_1,3,0.0
475,candidate_2,candidate_3,candidate_1,3,0.0
476,candidate_2,candidate_3,candidate_1,3,0.0
477,candidate_2,candidate_3,candidate_1,3,0.0
478,candidate_2,candidate_3,candidate_1,3,0.0
479,candidate_2,candidate_3,candidate_1,3,0.0
480,candidate_2,candidate_3,candidate_1,3,0.0
481,candidate_2,candidate_3,candidate_1,3,0.0
482,candidate_2,candidate_3,candidate_1,3,0.0
483,candidate_2,candidate_3,candidate_1,3,0.0
484,candidate_2,candidate_3,candidate_1,3,0.0
485,candidate_2,candidate_3,candidate_1,3,0.0
486,candidate_2,candidate_3,candidate_1,3,0.0
487,candidate_2,candidate_3,candidate_1,3,0.0
488,candidate_2,candidate_3,candidate_1,3,0.0
489,candidate_2,candidate_3,candidate_1,3,0.0
490,candidate_2,candidate_3,candidate_1,3,0.0
491,candidate_2,candidate_3,candidate_1,3,0.0
492,candidate_2,candidate_3,candidate_1,3,0.0
493,candidate_2,candidate_3,candidate_1,3,0.0
494,candidate_2,candidate_3,candidate_1,3,0.0
495,candidate_2,candidate_3,candidate_1,3,0.0
496,candidate_2,candidate_3,candidate_1,3,0.0
497,candidate_2,candidate_3,candidate_1,3,0.0
498,candidate_2,candidate_3,candidate_1,3,0.0
499,candidate_2,candidate_3,candidate_1,3,0.0
500,candidate_2,candidate_3,candidate_1,3,0.0
501,candidate_2,candidate_3,candidate_1,3,0.0
502,candidate_2,candidate_3,candidate_1,3,0.0
503,candidate_2,candidate_3,candidate_1,3,0.0
504,candidate_2,candidate_3,candidate_1,3,0.0
505,candidate_2,candidate_3,candidate_1,3,0.0
506,candidate_2,candidate_3,candidate_1,3,0.0
507,candidate_2,candidate_3,candidate_1,3,0.0
508,candidate_2,candidate_3,candidate_1,3,0.0
0,candidate_3,candidate_1,candidate_2,3,0.0
1,candidate_3,candidate_1,candidate_2,3,0.0
2,candidate_3,candidate_1,candidate_2,3,0.0
3,candidate_3,candidate_1,candidate_2,3,0.0
4,candidate_3,candidate_1,candidate_2,3,0.0
5,candidate_3,candidate_1,candidate_2,3,0.0
6,candidate_3,candidate_1,candidate_2,3,0.0
7,candidate_3,candidate_1,candidate_2,3,0.0
8,candidate_3,candidate_1,candidate_2,3,0.0
9,candidate_3,candidate_1,candidate_2,3,0.0
10,candidate_3,candidate_1,candidate_2,3,0.0
11,candidate_3,candidate_1,candidate_2,3,0.0
12,candidate_3,candidate_1,candidate_2,3,0.0
13,candidate_3,candidate_1,candidate_2,3,0.0
14,candidate_3,candidate_1,candidate_2,3,0.0
15,candidate_3,candidate_1,candidate_2,3,0.0
16,candidate_3,candidate_1,candidate_2,3,0.0
17,candidate_3,candidate_1,candidate_2,3,0.0
18,candidate_3,candidate_1,candidate_2,3,0.0
19,candidate_3,candidate_1,candidate_2,3,0.0
20,candidate_3,candidate_1,candidate_2,3,0.0
21,candidate_3,candidate_1,candidate_2,3,0.0
22,candidate_3,candidate_1,candidate_2,3,0.0
23,candidate_3,candidate_1,candidate_2,3,0.0
24,candidate_3,candidate_1,candidate_2,3,0.0
25,candidate_3,candidate_1,candidate_2,3,0.0
26,candidate_3,candidate_1,candidate_2,3,0.0
27,candidate_3,candidate_1,candidate_2,3,0.0
28,candidate_3,candidate_1,candidate_2,3,0.0
29,candidate_3,candidate_1,candidate_2,3,0.0
30,candidate_3,candidate_1,candidate_2,3,0.0
31,candidate_3,candidate_1,candidate_2,3,0.0
32,candidate_3,candidate_1,candidate_2,3,0.0
33,candidate_3,candidate_1,candidate_2,3,0.0
34,candidate_3,candidate_1,candidate_2,3,0.0
35,candidate_3,candidate_1,candidate_2,3,0.0
36,candidate_3,candidate_1,candidate_2,3,0.0
37,candidate_3,candidate_1,candidate_2,3,0.0
38,candidate_3,candidate_1,candidate_2,3,0.0
39,candidate_3,candidate_1,candidate_2,3,0.0
40,candidate_3,candidate_1,candidate_2,3,0.0
41,candidate_3,candidate_1,candidate_2,3,0.0
42,candidate_3,candidate_1,candidate_2,3,0.0
43,candidate_3,candidate_1,candidate_2,3,0.0
44,candidate_3,candidate_1,candidate_2,3,0.0
45,candidate_3,candidate_1,candidate_2,3,0.0
46,candidate_3,candidate_1,candidate_2,3,0.0
47,candidate_3,candidate_1,candidate_2,3,0.0
48,candidate_3,candidate_1,candidate_2,3,0.0
49,candidate_3,candidate_1,candidate_2,3,0.0
50,candidate_3,candidate_1,candidate_2,3,0.0
51,candidate_3,candidate_1,candidate_2,3,0.0
52,candidate_3,candidate_1,candidate_2,3,0.0
53,candidate_3,candidate_1,candidate_2,3,0.0
54,candidate_3,candidate_1,candidate_2,3,0.0
55,candidate_3,candidate_1,candidate_2,3,0.0
56,candidate_3,candidate_1,candidate_2,3,0.0
57,candidate_3,candidate_1,candidate_2,3,0.0
58,candidate_3,candidate_1,candidate_2,3,0.0
59,candidate_3,candidate_1,candidate_2,3,0.0
60,candidate_3,candidate_1,candidate_2,3,0.0
61,candidate_3,candidate_1,candidate_2,3,0.0
62,candidate_3,candidate_1,candidate_2,3,0.0
63,candidate_3,candidate_1,candidate_2,3,0.0
64,candidate_3,candidate_1,candidate_2,3,0.0
65,candidate_3,candidate_1,candidate_2,3,0.0
66,candidate_3,candidate_1,candidate_2,3,0.0
67,candidate_3,candidate_1,candidate_2,3,0.0
68,candidate_3,candidate_1,candidate_2,3,0.0
69,candidate_3,candidate_1,candidate_2,3,0.0
70,candidate_3,candidate_1,candidate_2,3,0.0
71,candidate_3,candidate_1,candidate_2,3,0.0
72,candidate_3,candidate_1,candidate_2,3,0.0
73,candidate_3,candidate_1,candidate_2,3,0.0
74,candidate_3,candidate_1,candidate_2,3,0.0
75,candidate_3,candidate_1,candidate_2,3,0.0
76,candidate_3,candidate_1,candidate_2,3,0.0
77,candidate_3,candidate_1,candidate_2,3,0.0
78,candidate_3,candidate_1,candidate_2,3,0.0
79,candidate_3,candidate_1,candidate_2,3,0.0
80,candidate_3,candidate_1,candidate_2,3,0.0
81,candidate_3,candidate_1,candidate_2,3,0.0
82,candidate_3,candidate_1,candidate_2,3,0.0
83,candidate_3,candidate_1,candidate_2,3,0.0
84,candidate_3,candidate_1,candidate_2,3,0.0
85,candidate_3,candidate_1,candidate_2,3,0.0
86,candidate_3,candidate_1,candidate_2,3,0.0
87,candidate_3,candidate_1,candidate_2,3,0.0
88,candidate_3,candidate_1,candidate_2,3,0.0
89,candidate_3,candidate_1,candidate_2,3,0.0
90,candidate_3,candidate_1,candidate_2,3,0.0
91,candidate_3,candidate_1,candidate_2,3,0.0
92,candidate_3,candidate_1,candidate_2,3,0.0
93,candidate_3,candidate_1,candidate_2,3,0.0
94,candidate_3,candidate_1,candidate_2,3,0.0
95,candidate_3,candidate_1,candidate_2,3,0.0
96,candidate_3,candidate_1,candidate_2,3,0.0
97,candidate_3,candidate_1,candidate_2,3,0.0
98,candidate_3,candidate_1,candidate_2,3,0.0
99,candidate_3,candidate_1,candidate_2,3,0.0
100,candidate_3,candidate_1,candidate_2,3,0.0
101,candidate_3,candidate_1,candidate_2,3,0.0
102,candidate_3,candidate_1,candidate_2,3,0.0
103,candidate_3,candidate_1,candidate_2,3,0.0
104,candidate_3,candidate_1,candidate_2,3,0.0
105,candidate_3,candidate_1,candidate_2,3,0.0
106,candidate_3,candidate_1,candidate_2,3,0.0
107,candidate_3,candidate_1,candidate_2,3,0.0
108,candidate_3,candidate_1,candidate_2,3,0.0
109,candidate_3,candidate_1,candidate_2,3,0.0
110,candidate_3,candidate_1,candidate_2,3,0.0
111,candidate_3,candidate_1,candidate_2,3,0.0
112,candidate_3,candidate_1,candidate_2,3,0.0
113,candidate_3,candidate_1,candidate_2,3,0.0
114,candidate_3,candidate_1,candidate_2,3,0.0
115,candidate_3,candidate_1,candidate_2,3,0.0
116,candidate_3,candidate_1,candidate_2,3,0.0
117,candidate_3,candidate_1,candidate_2,3,0.0
118,candidate_3,candidate_1,candidate_2,3,0.0
119,candidate_3,candidate_1,candidate_2,3,0.0
120,candidate_3,candidate_1,candidate_2,3,0.0
121,candidate_3,candidate_1,candidate_2,3,0.0
122,candidate_3,candidate_1,candidate_2,3,0.0
123,candidate_3,candidate_1,candidate_2,3,0.0
124,candidate_3,candidate_1,candidate_2,3,0.0
125,candidate_3,candidate_1,candidate_2,3,0.0
126,candidate_3,candidate_1,candidate_2,3,0.0
127,candidate_3,candidate_1,candidate_2,3,0.0
128,candidate_3,candidate_1,candidate_2,3,0.0
129,candidate_3,candidate_1,candidate_2,3,0.0
130,candidate_3,candidate_1,candidate_2,3,0.0
131,candidate_3,candidate_1,candidate_2,3,0.0
132,candidate_3,candidate_1,candidate_2,3,0.0
133,candidate_3,candidate_1,candidate_2,3,0.0
134,candidate_3,candidate_1,candidate_2,3,0.0
135,candidate_3,candidate_1,candidate_2,3,0.0
136,candidate_3,candidate_1,candidate_2,3,0.0
137,candidate_3,candidate_1,candidate_2,3,0.0
138,candidate_3,candidate_1,candidate_2,3,0.0
139,candidate_3,candidate_1,candidate_2,3,0.0
140,candidate_3,candidate_1,candidate_2,3,0.0
141,candidate_3,candidate_1,candidate_2,3,0.0
142,candidate_3,candidate_1,candidate_2,3,0.0
143,candidate_3,candidate_1,candidate_2,3,0.0
144,candidate_3,candidate_1,candidate_2,3,0.0
145,candidate_3,candidate_1,candidate_2,3,0.0
146,candidate_3,candidate_1,candidate_2,3,0.0
147,candidate_3,candidate_1,candidate_2,3,0.0
148,candidate_3,candidate_1,candidate_2,3,0.0
149,candidate_3,candidate_1,candidate_2,3,0.0
150,candidate_3,candidate_1,candidate_2,3,0.0
151,candidate_3,candidate_1,candidate_2,3,0.0
152,candidate_3,candidate_1,candidate_2,3,0.0
153,candidate_3,candidate_1,candidate_2,3,0.0
154,candidate_3,candidate_1,candidate_2,3,0.0
155,candidate_3,candidate_1,candidate_2,3,0.0
156,candidate_3,candidate_1,candidate_2,3,0.0
157,candidate_3,candidate_1,candidate_2,3,0.0
158,candidate_3,candidate_1,candidate_2,3,0.0
159,candidate_3,candidate_1,candidate_2,3,0.0
160,candidate_3,candidate_1,candidate_2,3,0.0
161,candidate_3,candidate_1,candidate_2,3,0.0
162,candidate_3,candidate_1,candidate_2,3,0.0
163,candidate_3,candidate_1,candidate_2,3,0.0
164,candidate_3,candidate_1,candidate_2,3,0.0
165,candidate_3,candidate_1,candidate_2,3,0.0
166,candidate_3,candidate_1,candidate_2,3,0.0
167,candidate_3,candidate_1,candidate_2,3,0.0
168,candidate_3,candidate_1,candidate_2,3,0.0
169,candidate_3,candidate_1,candidate_2,3,0.0
170,candidate_3,candidate_1,candidate_2,3,0.0
171,candidate_3,candidate_1,candidate_2,3,0.0
172,candidate_3,candidate_1,candidate_2,3,0.0
173,candidate_3,candidate_1,candidate_2,3,0.0
174,candidate_3,candidate_1,candidate_2,3,0.0
175,candidate_3,candidate_1,candidate_2,3,0.0
176,candidate_3,candidate_1,candidate_2,3,0.0
177,candidate_3,candidate_1,candidate_2,3,0.0
178,candidate_3,candidate_1,candidate_2,3,0.0
179,candidate_3,candidate_1,candidate_2,3,0.0
180,candidate_3,candidate_1,candidate_2,3,0.0
181,candidate_3,candidate_1,candidate_2,3,0.0
182,candidate_3,candidate_1,candidate_2,3,0.0
183,candidate_3,candidate_1,candidate_2,3,0.0
184,candidate_3,candidate_1,candidate_2,3,0.0
185,candidate_3,candidate_1,candidate_2,3,0.0
186,candidate_3,candidate_1,candidate_2,3,0.0
187,candidate_3,candidate_1,candidate_2,3,0.0
188,candidate_3,candidate_1,candidate_2,3,0.0
189,candidate_3,candidate_1,candidate_2,3,0.0
190,candidate_3,candidate_1,candidate_2,3,0.0
191,candidate_3,candidate_1,candidate_2,3,0.0
192,candidate_3,candidate_1,candidate_2,3,0.0
193,candidate_3,candidate_1,candidate_2,3,0.0
194,candidate_3,candidate_1,candidate_2,3,0.0
195,candidate_3,candidate_1,candidate_2,3,0.0
196,candidate_3,candidate_1,candidate_2,3,0.0
197,candidate_3,candidate_1,candidate_2,3,0.0
198,candidate_3,candidate_1,candidate_2,3,0.0
199,candidate_3,candidate_1,candidate_2,3,0.0
200,candidate_3,candidate_1,candidate_2,3,0.0
201,candidate_3,candidate_1,candidate_2,3,0.0
202,candidate_3,candidate_1,candidate_2,3,0.0
203,candidate_3,candidate_1,candidate_2,3,0.0
204,candidate_3,candidate_1,candidate_2,3,0.0
205,candidate_3,candidate_1,candidate_2,3,0.0
206,candidate_3,candidate_1,candidate_2,3,0.0
207,candidate_3,candidate_1,candidate_2,3,0.0
208,candidate_3,candidate_1,candidate_2,3,0.0
209,candidate_3,candidate_1,candidate_2,3,0.0
210,candidate_3,candidate_1,candidate_2,3,0.0
211,candidate_3,candidate_1,candidate_2,3,0.0
212,candidate_3,candidate_1,candidate_2,3,0.0
213,candidate_3,candidate_1,candidate_2,3,0.0
214,candidate_3,candidate_1,candidate_2,3,0.0
215,candidate_3,candidate_1,candidate_2,3,0.0
216,candidate_3,candidate_1,candidate_2,3,0.0
217,candidate_3,candidate_1,candidate_2,3,0.0
218,candidate_3,candidate_1,candidate_2,3,0.0
219,candidate_3,candidate_1,candidate_2,3,0.0
220,candidate_3,candidate_1,candidate_2,3,0.0
221,candidate_3,candidate_1,candidate_2,3,0.0
222,candidate_3,candidate_1,candidate_2,3,0.0
223,candidate_3,candidate_1,candidate_2,3,0.0
224,candidate_3,candidate_1,candidate_2,3,0.0
225,candidate_3,candidate_1,candidate_2,3,0.0
226,candidate_3,candidate_1,candidate_2,3,0.0
227,candidate_3,candidate_1,candidate_2,3,0.0
228,candidate_3,candidate_1,candidate_2,3,0.0
229,candidate_3,candidate_1,candidate_2,3,0.0
230,candidate_3,candidate_1,candidate_2,3,0.0
231,candidate_3,candidate_1,candidate_2,3,0.0
232,candidate_3,candidate_1,candidate_2,3,0.0
233,candidate_3,candidate_1,candidate_2,3,0.0
234,candidate_3,candidate_1,candidate_2,3,0.0
235,candidate_3,candidate_1,candidate_2,3,0.0
236,candidate_3,candidate_1,candidate_2,3,0.0
237,candidate_3,candidate_1,candidate_2,3,0.0
238,candidate_3,candidate_1,candidate_2,3,0.0
239,candidate_3,candidate_1,candidate_2,3,0.0
240,candidate_3,candidate_1,candidate_2,3,0.0
241,candidate_3,candidate_1,candidate_2,3,0.0
242,candidate_3,candidate_1,candidate_2,3,0.0
243,candidate_3,candidate_1,candidate_2,3,0.0
244,candidate_3,candidate_1,candidate_2,3,0.0
245,candidate_3,candidate_1,candidate_2,3,0.0
246,candidate_3,candidate_1,candidate_2,3,0.0
247,candidate_3,candidate_1,candidate_2,3,0.0
248,candidate_3,candidate_1,candidate_2,3,0.0
249,candidate_3,candidate_1,candidate_2,3,0.0
250,candidate_3,candidate_1,candidate_2,3,0.0
251,candidate_3,candidate_1,candidate_2,3,0.0
252,candidate_3,candidate_1,candidate_2,3,0.0
253,candidate_3,candidate_1,candidate_2,3,0.0
254,candidate_3,candidate_1,candidate_2,3,0.0
255,candidate_3,candidate_1,candidate_2,3,0.0
256,candidate_3,candidate_1,candidate_2,3,0.0
257,candidate_3,candidate_1,candidate_2,3,0.0
258,candidate_3,candidate_1,candidate_2,3,0.0
259,candidate_3,candidate_1,candidate_2,3,0.0
260,candidate_3,candidate_1,candidate_2,3,0.0
261,candidate_3,candidate_1,candidate_2,3,0.0
262,candidate_3,candidate_1,candidate_2,3,0.0
263,candidate_3,candidate_1,candidate_2,3,0.0
264,candidate_3,candidate_1,candidate_2,3,0.0
265,candidate_3,candidate_1,candidate_2,3,0.0
266,candidate_3,candidate_1,candidate_2,3,0.0
267,candidate_3,candidate_1,candidate_2,3,0.0
268,candidate_3,candidate_1,candidate_2,3,0.0
269,candidate_3,candidate_1,candidate_2,3,0.0
270,candidate_3,candidate_1,candidate_2,3,0.0
271,candidate_3,candidate_1,candidate_2,3,0.0
272,candidate_3,candidate_1,candidate_2,3,0.0
273,candidate_3,candidate_1,candidate_2,3,0.0
274,candidate_3,candidate_1,candidate_2,3,0.0
275,candidate_3,candidate_1,candidate_2,3,0.0
276,candidate_3,candidate_1,candidate_2,3,0.0
277,candidate_3,candidate_1,candidate_2,3,0.0
278,candidate_3,candidate_1,candidate_2,3,0.0
279,candidate_3,candidate_1,candidate_2,3,0.0
280,candidate_3,candidate_1,candidate_2,3,0.0
281,candidate_3,candidate_1,candidate_2,3,0.0
282,candidate_3,candidate_1,candidate_2,3,0.0
283,candidate_3,candidate_1,candidate_2,3,0.0
284,candidate_3,candidate_1,candidate_2,3,0.0
285,candidate_3,candidate_1,candidate_2,3,0.0
286,candidate_3,candidate_1,candidate_2,3,0.0
287,candidate_3,candidate_1,candidate_2,3,0.0
288,candidate_3,candidate_1,candidate_2,3,0.0
289,candidate_3,candidate_1,candidate_2,3,0.0
290,candidate_3,candidate_1,candidate_2,3,0.0
291,candidate_3,candidate_1,candidate_2,3,0.0
292,candidate_3,candidate_1,candidate_2,3,0.0
293,candidate_3,candidate_1,candidate_2,3,0.0
294,candidate_3,candidate_1,candidate_2,3,0.0
295,candidate_3,candidate_1,candidate_2,3,0.0
296,candidate_3,candidate_1,candidate_2,3,0.0
297,candidate_3,candidate_1,candidate_2,3,0.0
298,candidate_3,candidate_1,candidate_2,3,0.0
299,candidate_3,candidate_1,candidate_2,3,0.0
300,candidate_3,candidate_1,candidate_2,3,0.0
301,candidate_3,candidate_1,candidate_2,3,0.0
302,candidate_3,candidate_1,candidate_2,3,0.0
303,candidate_3,candidate_1,candidate_2,3,0.0
304,candidate_3,candidate_1,candidate_2,3,0.0
305,candidate_3,candidate_1,candidate_2,3,0.0
306,candidate_3,candidate_1,candidate_2,3,0.0
307,candidate_3,candidate_1,candidate_2,3,0.0
308,candidate_3,candidate_1,candidate_2,3,0.0
309,candidate_3,candidate_1,candidate_2,3,0.0
310,candidate_3,candidate_1,candidate_2,3,0.0
311,candidate_3,candidate_1,candidate_2,3,0.0
312,candidate_3,candidate_1,candidate_2,3,0.0
313,candidate_3,candidate_1,candidate_2,3,0.0
314,candidate_3,candidate_1,candidate_2,3,0.0
315,candidate_3,candidate_1,candidate_2,3,0.0
316,candidate_3,candidate_1,candidate_2,3,0.0
317,candidate_3,candidate_1,candidate_2,3,0.0
318,candidate_3,candidate_1,candidate_2,3,0.0
319,candidate_3,candidate_1,candidate_2,3,0.0
320,candidate_3,candidate_1,candidate_2,3,0.0
321,candidate_3,candidate_1,candidate_2,3,0.0
322,candidate_3,candidate_1,candidate_2,3,0.0
323,candidate_3,candidate_1,candidate_2,3,0.0
324,candidate_3,candidate_1,candidate_2,3,0.0
325,candidate_3,candidate_1,candidate_2,3,0.0
326,candidate_3,candidate_1,candidate_2,3,0.0
327,candidate_3,candidate_1,candidate_2,3,0.0
328,candidate_3,candidate_1,candidate_2,3,0.0
329,candidate_3,candidate_1,candidate_2,3,0.0
330,candidate_3,candidate_1,candidate_2,3,0.0
331,candidate_3,candidate_1,candidate_2,3,0.0
332,candidate_3,candidate_1,candidate_2,3,0.0
333,candidate_3,candidate_1,candidate_2,3,0.0
334,candidate_3,candidate_1,candidate_2,3,0.0
335,candidate_3,candidate_1,candidate_2,3,0.0
336,candidate_3,candidate_1,candidate_2,3,0.0
337,candidate_3,candidate_1,candidate_2,3,0.0
338,candidate_3,candidate_1,candidate_2,3,0.0
339,candidate_3,candidate_1,candidate_2,3,0.0
340,candidate_3,candidate_1,candidate_2,3,0.0
341,candidate_3,candidate_1,candidate_2,3,0.0
342,candidate_3,candidate_1,candidate_2,3,0.0
343,candidate_3,candidate_1,candidate_2,3,0.0
344,candidate_3,candidate_1,candidate_2,3,0.0
345,candidate_3,candidate_1,candidate_2,3,0.0
346,candidate_3,candidate_1,candidate_2,3,0.0
347,candidate_3,candidate_1,candidate_2,3,0.0
348,candidate_3,candidate_1,candidate_2,3,0.0
349,candidate_3,candidate_1,candidate_2,3,0.0
350,candidate_3,candidate_1,candidate_2,3,0.0
351,candidate_3,candidate_1,candidate_2,3,0.0
352,candidate_3,candidate_1,candidate_2,3,0.0
353,candidate_3,candidate_1,candidate_2,3,0.0
354,candidate_3,candidate_1,candidate_2,3,0.0
355,candidate_3,candidate_1,candidate_2,3,0.0
356,candidate_3,candidate_1,candidate_2,3,0.0
357,candidate_3,candidate_1,candidate_2,3,0.0
358,candidate_3,candidate_1,candidate_2,3,0.0
359,candidate_3,candidate_1,candidate_2,3,0.0
360,candidate_3,candidate_1,candidate_2,3,0.0
361,candidate_3,candidate_1,candidate_2,3,0.0
362,candidate_3,candidate_1,candidate_2,3,0.0
363,candidate_3,candidate_1,candidate_2,3,0.0
364,candidate_3,candidate_1,candidate_2,3,0.0
365,candidate_3,candidate_1,candidate_2,3,0.0
366,candidate_3,candidate_1,candidate_2,3,0.0
367,candidate_3,candidate_1,candidate_2,3,0.0
368,candidate_3,candidate_1,candidate_2,3,0.0
369,candidate_3,candidate_1,candidate_2,3,0.0
370,candidate_3,candidate_1,candidate_2,3,0.0
371,candidate_3,candidate_1,candidate_2,3,0.0
372,candidate_3,candidate_1,candidate_2,3,0.0
373,candidate_3,candidate_1,candidate_2,3,0.0
374,candidate_3,candidate_1,candidate_2,3,0.0
375,candidate_3,candidate_1,candidate_2,3,0.0
376,candidate_3,candidate_1,candidate_2,3,0.0
377,candidate_3,candidate_1,candidate_2,3,0.0
378,candidate_3,candidate_1,candidate_2,3,0.0
379,candidate_3,candidate_1,candidate_2,3,0.0
380,candidate_3,candidate_1,candidate_2,3,0.0
381,candidate_3,candidate_1,candidate_2,3,0.0
382,candidate_3,candidate_1,candidate_2,3,0.0
383,candidate_3,candidate_1,candidate_2,3,0.0
384,candidate_3,candidate_1,candidate_2,3,0.0
385,candidate_3,candidate_1,candidate_2,3,0.0
386,candidate_3,candidate_1,candidate_2,3,0.0
387,candidate_3,candidate_1,candidate_2,3,0.0
388,candidate_3,candidate_1,candidate_2,3,0.0
389,candidate_3,candidate_1,candidate_2,3,0.0
390,candidate_3,candidate_1,candidate_2,3,0.0
391,candidate_3,candidate_1,candidate_2,3,0.0
392,candidate_3,candidate_1,candidate_2,3,0.0
393,candidate_3,candidate_1,candidate_2,3,0.0
394,candidate_3,candidate_1,candidate_2,3,0.0
395,candidate_3,candidate_1,candidate_2,3,0.0
396,candidate_3,candidate_1,candidate_2,3,0.0
397,candidate_3,candidate_1,candidate_2,3,0.0
398,candidate_3,candidate_1,candidate_2,3,0.0
399,candidate_3,candidate_1,candidate_2,3,0.0
400,candidate_3,candidate_1,candidate_2,3,0.0
401,candidate_3,candidate_1,candidate_2,3,0.0
402,candidate_3,candidate_1,candidate_2,3,0.0
403,candidate_3,candidate_1,candidate_2,3,0.0
404,candidate_3,candidate_1,candidate_2,3,0.0
405,candidate_3,candidate_1,candidate_2,3,0.0
406,candidate_3,candidate_1,candidate_2,3,0.0
407,candidate_3,candidate_1,candidate_2,3,0.0
408,candidate_3,candidate_1,candidate_2,3,0.0
409,candidate_3,candidate_1,candidate_2,3,0.0
410,candidate_3,candidate_1,candidate_2,3,0.0
411,candidate_3,candidate_1,candidate_2,3,0.0
412,candidate_3,candidate_1,candidate_2,3,0.0
413,candidate_3,candidate_1,candidate_2,3,0.0
414,candidate_3,candidate_1,candidate_2,3,0.0
415,candidate_3,candidate_1,candidate_2,3,0.0
416,candidate_3,candidate_1,candidate_2,3,0.0
417,candidate_3,candidate_1,candidate_2,3,0.0
418,candidate_3,candidate_1,candidate_2,3,0.0
419,candidate_3,candidate_1,candidate_2,3,0.0
420,candidate_3,candidate_1,candidate_2,3,0.0
421,candidate_3,candidate_1,candidate_2,3,0.0
422,candidate_3,candidate_1,candidate_2,3,0.0
423,candidate_3,candidate_1,candidate_2,3,0.0
424,candidate_3,candidate_1,candidate_2,3,0.0
425,candidate_3,candidate_1,candidate_2,3,0.0
426,candidate_3,candidate_1,candidate_2,3,0.0
427,candidate_3,candidate_1,candidate_2,3,0.0
428,candidate_3,candidate_1,candidate_2,3,0.0
429,candidate_3,candidate_1,candidate_2,3,0.0
430,candidate_3,candidate_1,candidate_2,3,0.0
431,candidate_3,candidate_1,candidate_2,3,0.0
432,candidate_3,candidate_1,candidate_2,3,0.0
433,candidate_3,candidate_1,candidate_2,3,0.0
434,candidate_3,candidate_1,candidate_2,3,0.0
435,candidate_3,candidate_1,candidate_2,3,0.0
436,candidate_3,candidate_1,candidate_2,3,0.0
437,candidate_3,candidate_1,candidate_2,3,0.0
438,candidate_3,candidate_1,candidate_2,3,0.0
439,candidate_3,candidate_1,candidate_2,3,0.0
440,candidate_3,candidate_1,candidate_2,3,0.0
441,candidate_3,candidate_1,candidate_2,3,0.0
442,candidate_3,candidate_1,candidate_2,3,0.0
443,candidate_3,candidate_1,candidate_2,3,0.0
444,candidate_3,candidate_1,candidate_2,3,0.0
445,candidate_3,candidate_1,candidate_2,3,0.0
446,candidate_3,candidate_1,candidate_2,3,0.0
447,candidate_3,candidate_1,candidate_2,3,0.0
448,candidate_3,candidate_1,candidate_2,3,0.0
449,candidate_3,candidate_1,candidate_2,3,0.0
450,candidate_3,candidate_1,candidate_2,3,0.0
451,candidate_3,candidate_1,candidate_2,3,0.0
452,candidate_3,candidate_1,candidate_2,3,0.0
453,candidate_3,candidate_1,candidate_2,3,0.0
454,candidate_3,candidate_1,candidate_2,3,0.0
455,candidate_3,candidate_1,candidate_2,3,0.0
456,candidate_3,candidate_1,candidate_2,3,0.0
457,candidate_3,candidate_1,candidate_2,3,0.0
458,candidate_3,candidate_1,candidate_2,3,0.0
459,candidate_3,candidate_1,candidate_2,3,0.0
460,candidate_3,candidate_1,candidate_2,3,0.0
461,candidate_3,candidate_1,candidate_2,3,0.0
462,candidate_3,candidate_1,candidate_2,3,0.0
463,candidate_3,candidate_1,candidate_2,3,0.0
464,candidate_3,candidate_1,candidate_2,3,0.0
465,candidate_3,candidate_1,candidate_2,3,0.0
466,candidate_3,candidate_1,candidate_2,3,0.0
467,candidate_3,candidate_1,candidate_2,3,0.0
468,candidate_3,candidate_1,candidate_2,3,0.0
469,candidate_3,candidate_1,candidate_2,3,0.0
470,candidate_3,candidate_1,candidate_2,3,0.0
471,candidate_3,candidate_1,candidate_2,3,0.0
472,candidate_3,candidate_1,candidate_2,3,0.0
473,candidate_3,candidate_1,candidate_2,3,0.0
474,candidate_3,candidate_1,candidate_2,3,0.0
475,candidate_3,candidate_1,candidate_2,3,0.0
476,candidate_3,candidate_1,candidate_2,3,0.0
477,candidate_3,candidate_1,candidate_2,3,0.0
478,candidate_3,candidate_1,candidate_2,3,0.0
479,candidate_3,candidate_1,candidate_2,3,0.0
480,candidate_3,candidate_1,candidate_2,3,0.0
481,candidate_3,candidate_1,candidate_2,3,0.0
482,candidate_3,candidate_1,candidate_2,3,0.0
483,candidate_3,candidate_1,candidate_2,3,0.0
484,candidate_3,candidate_1,candidate_2,3,0.0
485,candidate_3,candidate_1,candidate_2,3,0.0
486,candidate_3,candidate_1,candidate_2,3,0.0
487,candidate_3,candidate_1,candidate_2,3,0.0
488,candidate_3,candidate_1,candidate_2,3,0.0
489,candidate_3,candidate_1,candidate_2,3,0.0
490,candidate_3,candidate_1,candidate_2,3,0.0
491,candidate_3,candidate_1,candidate_2,3,0.0
492,candidate_3,candidate_1,candidate_2,3,0.0
493,candidate_3,candidate_1,candidate_2,3,0.0
494,candidate_3,candidate_1,candidate_2,3,0.0
495,candidate_3,candidate_1,candidate_2,3,0.0
496,candidate_3,candidate_1,candidate_2,3,0.0
497,candidate_3,candidate_1,candidate_2,3,0.0
498,candidate_3,candidate_1,candidate_2,3,0.0
499,candidate_3,candidate_1,candidate_2,3,0.0
500,candidate_3,candidate_1,candidate_2,3,0.0
501,candidate_3,candidate_1,candidate_2,3,0.0
502,candidate_3,candidate_1,candidate_2,3,0.0
503,candidate_3,candidate_1,candidate_2,3,0.0
504,candidate_3,candidate_1,candidate_2,3,0.0
505,candidate_3,candidate_1,candidate_2,3,0.0
506,candidate_3,candidate_1,candidate_2,3,0.0
507,candidate_3,candidate_1,candidate_2,3,0.0
508,candidate_3,candidate_1,candidate_2,3,0.0
509,candidate_3,candidate_1,candidate_2,3,0.0
510,candidate_3,candidate_1,candidate_2,3,0.0
511,candidate_3,candidate_1,candidate_2,3,0.0
512,candidate_3,candidate_1,candidate_2,3,0.0
513,candidate_3,candidate_1,candidate_2,3,0.0
514,candidate_3,candidate_1,candidate_2,3,0.0
515,candidate_3,candidate_1,candidate_2,3,0.0
516,candidate_3,candidate_1,candidate_2,3,0.0
517,candidate_3,candidate_1,candidate_2,3,0.0
518,candidate_3,candidate_1,candidate_2,3,0.0
519,candidate_3,candidate_1,candidate_2,3,0.0
520,candidate_3,candidate_1,candidate_2,3,0.0
521,candidate_3,candidate_1,candidate_2,3,0.0
522,candidate_3,candidate_1,candidate_2,3,0.0
523,candidate_3,candidate_1,candidate_2,3,0.0
524,candidate_3,candidate_1,candidate_2,3,0.0
525,candidate_3,candidate_1,candidate_2,3,0.0
526,candidate_3,candidate_1,candidate_2,3,0.0
527,candidate_3,candidate_1,candidate_2,3,0.0
528,candidate_3,candidate_1,candidate_2,3,0.0
529,candidate_3,candidate_1,candidate_2,3,0.0
530,candidate_3,candidate_1,candidate_2,3,0.0
531,candidate_3,candidate_1,candidate_2,3,0.0
532,candidate_3,candidate_1,candidate_2,3,0.0
533,candidate_3,candidate_1,candidate_2,3,0.0
534,candidate_3,candidate_1,candidate_2,3,0.0
535,candidate_3,candidate_1,candidate_2,3,0.0
536,candidate_3,candidate_1,candidate_2,3,0.0
537,candidate_3,candidate_1,candidate_2,3,0.0
538,candidate_3,candidate_1,candidate_2,3,0.0
539,candidate_3,candidate_1,candidate_2,3,0.0
540,candidate_3,candidate_1,candidate_2,3,0.0
541,candidate_3,candidate_1,candidate_2,3,0.0
542,candidate_3,candidate_1,candidate_2,3,0.0
543,candidate_3,candidate_1,candidate_2,3,0.0
544,candidate_3,candidate_1,candidate_2,3,0.0
545,candidate_3,candidate_1,candidate_2,3,0.0
546,candidate_3,candidate_1,candidate_2,3,0.0
547,candidate_3,candidate_1,candidate_2,3,0.0
548,candidate_3,candidate_1,candidate_2,3,0.0
549,candidate_3,candidate_1,candidate_2,3,0.0
550,candidate_3,candidate_1,candidate_2,3,0.0
551,candidate_3,candidate_1,candidate_2,3,0.0
552,candidate_3,candidate_1,candidate_2,3,0.0
553,candidate_3,candidate_1,candidate_2,3,0.0
554,candidate_3,candidate_1,candidate_2,3,0.0
555,candidate_3,candidate_1,candidate_2,3,0.0
556,candidate_3,candidate_1,candidate_2,3,0.0
557,candidate_3,candidate_1,candidate_2,3,0.0
558,candidate_3,candidate_1,candidate_2,3,0.0
559,candidate_3,candidate_1,candidate_2,3,0.0
560,candidate_3,candidate_1,candidate_2,3,0.0
561,candidate_3,candidate_1,candidate_2,3,0.0
562,candidate_3,candidate_1,candidate_2,3,0.0
563,candidate_3,candidate_1,candidate_2,3,0.0
564,candidate_3,candidate_1,candidate_2,3,0.0
565,candidate_3,candidate_1,candidate_2,3,0.0
566,candidate_3,candidate_1,candidate_2,3,0.0
567,candidate_3,candidate_1,candidate_2,3,0.0
568,candidate_3,candidate_1,candidate_2,3,0.0
569,candidate_3,candidate_1,candidate_2,3,0.0
570,candidate_3,candidate_1,candidate_2,3,0.0
571,candidate_3,candidate_1,candidate_2,3,0.0
572,candidate_3,candidate_1,candidate_2,3,0.0
573,candidate_3,candidate_1,candidate_2,3,0.0
574,candidate_3,candidate_1,candidate_2,3,0.0
575,candidate_3,candidate_1,candidate_2,3,0.0
576,candidate_3,candidate_1,candidate_2,3,0.0
577,candidate_3,candidate_1,candidate_2,3,0.0
578,candidate_3,candidate_1,candidate_2,3,0.0
579,candidate_3,candidate_1,candidate_2,3,0.0
580,candidate_3,candidate_1,candidate_2,3,0.0
581,candidate_3,candidate_1,candidate_2,3,0.0
582,candidate_3,candidate_1,candidate_2,3,0.0
583,candidate_3,candidate_1,candidate_2,3,0.0
584,candidate_3,candidate_1,candidate_2,3,0.0
585,candidate_3,candidate_1,candidate_2,3,0.0
586,candidate_3,candidate_1,candidate_2,3,0.0
587,candidate_3,candidate_1,candidate_2,3,0.0
588,candidate_3,candidate_1,candidate_2,3,0.0
589,candidate_3,candidate_1,candidate_2,3,0.0
590,candidate_3,candidate_1,candidate_2,3,0.0
591,candidate_3,candidate_1,candidate_2,3,0.0
592,candidate_3,candidate_1,candidate_2,3,0.0
593,candidate_3,candidate_1,candidate_2,3,0.0
594,candidate_3,candidate_1,candidate_2,3,0.0
595,candidate_3,candidate_1,candidate_2,3,0.0
596,candidate_3,candidate_1,candidate_2,3,0.0
597,candidate_3,candidate_1,candidate_2,3,0.0
598,candidate_3,candidate_1,candidate_2,3,0.0
599,candidate_3,candidate_1,candidate_2,3,0.0
600,candidate_3,candidate_1,candidate_2,3,0.0
601,candidate_3,candidate_1,candidate_2,3,0.0
602,candidate_3,candidate_1,candidate_2,3,0.0
603,candidate_3,candidate_1,candidate_2,3,0.0
604,candidate_3,candidate_1,candidate_2,3,0.0
605,candidate_3,candidate_1,candidate_2,3,0.0
606,candidate_3,candidate_1,candidate_2,3,0.0
607,candidate_3,candidate_1,candidate_2,3,0.0
608,candidate_3,candidate_1,candidate_2,3,0.0
609,candidate_3,candidate_1,candidate_2,3,0.0
610,candidate_3,candidate_1,candidate_2,3,0.0
611,candidate_3,candidate_1,candidate_2,3,0.0
612,candidate_3,candidate_1,candidate_2,3,0.0
613,candidate_3,candidate_1,candidate_2,3,0.0
614,candidate_3,candidate_1,candidate_2,3,0.0
615,candidate_3,candidate_1,candidate_2,3,0.0
616,candidate_3,candidate_1,candidate_2,3,0.0
617,candidate_3,candidate_1,candidate_2,3,0.0
618,candidate_3,candidate_1,candidate_2,3,0.0
619,candidate_3,candidate_1,candidate_2,3,0.0
620,candidate_3,candidate_1,candidate_2,3,0.0
621,candidate_3,candidate_1,candidate_2,3,0.0
622,candidate_3,candidate_1,candidate_2,3,0.0
623,candidate_3,candidate_1,candidate_2,3,0.0
624,candidate_3,candidate_1,candidate_2,3,0.0
625,candidate_3,candidate_1,candidate_2,3,0.0
626,candidate_3,candidate_1,candidate_2,3,0.0
627,candidate_3,candidate_1,candidate_2,3,0.0
628,candidate_3,candidate_1,candidate_2,3,0.0
629,candidate_3,candidate_1,candidate_2,3,0.0
630,candidate_3,candidate_1,candidate_2,3,0.0
631,candidate_3,candidate_1,candidate_2,3,0.0
632,candidate_3,candidate_1,candidate_2,3,0.0
633,candidate_3,candidate_1,candidate_2,3,0.0
634,candidate_3,candidate_1,candidate_2,3,0.0
635,candidate_3,candidate_1,candidate_2,3,0.0
636,candidate_3,candidate_1,candidate_2,3,0.0
637,candidate_3,candidate_1,candidate_2,3,0.0
638,candidate_3,candidate_1,candidate_2,3,0.0
639,candidate_3,candidate_1,candidate_2,3,0.0
640,candidate_3,candidate_1,candidate_2,3,0.0
641,candidate_3,candidate_1,candidate_2,3,0.0
642,candidate_3,candidate_1,candidate_2,3,0.0
643,candidate_3,candidate_1,candidate_2,3,0.0
644,candidate_3,candidate_1,candidate_2,3,0.0
645,candidate_3,candidate_1,candidate_2,3,0.0
646,candidate_3,candidate_1,candidate_2,3,0.0
647,candidate_3,candidate_1,candidate_2,3,0.0
648,candidate_3,candidate_1,candidate_2,3,0.0
649,candidate_3,candidate_1,candidate_2,3,0.0
650,candidate_3,candidate_1,candidate_2,3,0.0
651,candidate_3,candidate_1,candidate_2,3,0.0
652,candidate_3,candidate_1,candidate_2,3,0.0
653,candidate_3,candidate_1,candidate_2,3,0.0
654,candidate_3,candidate_1,candidate_2,3,0.0
655,candidate_3,candidate_1,candidate_2,3,0.0
656,candidate_3,candidate_1,candidate_2,3,0.0
657,candidate_3,candidate_1,candidate_2,3,0.0
658,candidate_3,candidate_1,candidate_2,3,0.0
659,candidate_3,candidate_1,candidate_2,3,0.0
660,candidate_3,candidate_1,candidate_2,3,0.0
661,candidate_3,candidate_1,candidate_2,3,0.0
662,candidate_3,candidate_1,candidate_2,3,0.0
663,candidate_3,candidate_1,candidate_2,3,0.0
664,candidate_3,candidate_1,candidate_2,3,0.0
665,candidate_3,candidate_1,candidate_2,3,0.0
666,candidate_3,candidate_1,candidate_2,3,0.0
667,candidate_3,candidate_1,candidate_2,3,0.0
668,candidate_3,candidate_1,candidate_2,3,0.0
669,candidate_3,candidate_1,candidate_2,3,0.0
670,candidate_3,candidate_1,candidate_2,3,0.0
671,candidate_3,candidate_1,candidate_2,3,0.0
672,candidate_3,candidate_1,candidate_2,3,0.0
673,candidate_3,candidate_1,candidate_2,3,0.0
674,candidate_3,candidate_1,candidate_2,3,0.0
675,candidate_3,candidate_1,candidate_2,3,0.0
676,candidate_3,candidate_1,candidate_2,3,0.0
677,candidate_3,candidate_1,candidate_2,3,0.0
678,candidate_3,candidate_1,candidate_2,3,0.0
679,candidate_3,candidate_1,candidate_2,3,0.0
680,candidate_3,candidate_1,candidate_2,3,0.0
681,candidate_3,candidate_1,candidate_2,3,0.0
682,candidate_3,candidate_1,candidate_2,3,0.0
683,candidate_3,candidate_1,candidate_2,3,0.0
684,candidate_3,candidate_1,candidate_2,3,0.0
685,candidate_3,candidate_1,candidate_2,3,0.0
686,candidate_3,candidate_1,candidate_2,3,0.0
687,candidate_3,candidate_1,candidate_2,3,0.0
688,candidate_3,candidate_1,candidate_2,3,0.0
689,candidate_3,candidate_1,candidate_2,3,0.0
690,candidate_3,candidate_1,candidate_2,3,0.0
691,candidate_3,candidate_1,candidate_2,3,0.0
692,candidate_3,candidate_1,candidate_2,3,0.0
693,candidate_3,candidate_1,candidate_2,3,0.0
0,candidate_3,candidate_2,candidate_1,3,0.0
1,candidate_3,candidate_2,candidate_1,3,0.0
2,candidate_3,candidate_2,candidate_1,3,0.0
3,candidate_3,candidate_2,candidate_1,3,0.0
4,candidate_3,candidate_2,candidate_1,3,0.0
5,candidate_3,candidate_2,candidate_1,3,0.0
6,candidate_3,candidate_2,candidate_1,3,0.0
7,candidate_3,candidate_2,candidate_1,3,0.0
8,candidate_3,candidate_2,candidate_1,3,0.0
9,candidate_3,candidate_2,candidate_1,3,0.0
10,candidate_3,candidate_2,candidate_1,3,0.0
11,candidate_3,candidate_2,candidate_1,3,0.0
12,candidate_3,candidate_2,candidate_1,3,0.0
13,candidate_3,candidate_2,candidate_1,3,0.0
14,candidate_3,candidate_2,candidate_1,3,0.0
15,candidate_3,candidate_2,candidate_1,3,0.0
16,candidate_3,candidate_2,candidate_1,3,0.0
17,candidate_3,candidate_2,candidate_1,3,0.0
18,candidate_3,candidate_2,candidate_1,3,0.0
19,candidate_3,candidate_2,candidate_1,3,0.0
20,candidate_3,candidate_2,candidate_1,3,0.0
21,candidate_3,candidate_2,candidate_1,3,0.0
22,candidate_3,candidate_2,candidate_1,3,0.0
23,candidate_3,candidate_2,candidate_1,3,0.0
24,candidate_3,candidate_2,candidate_1,3,0.0
25,candidate_3,candidate_2,candidate_1,3,0.0
26,candidate_3,candidate_2,candidate_1,3,0.0
27,candidate_3,candidate_2,candidate_1,3,0.0
28,candidate_3,candidate_2,candidate_1,3,0.0
29,candidate_3,candidate_2,candidate_1,3,0.0
30,candidate_3,candidate_2,candidate_1,3,0.0
31,candidate_3,candidate_2,candidate_1,3,0.0
32,candidate_3,candidate_2,candidate_1,3,0.0
33,candidate_3,candidate_2,candidate_1,3,0.0
34,candidate_3,candidate_2,candidate_1,3,0.0
35,candidate_3,candidate_2,candidate_1,3,0.0
36,candidate_3,candidate_2,candidate_1,3,0.0
37,candidate_3,candidate_2,candidate_1,3,0.0
38,candidate_3,candidate_2,candidate_1,3,0.0
39,candidate_3,candidate_2,candidate_1,3,0.0
40,candidate_3,candidate_2,candidate_1,3,0.0
41,candidate_3,candidate_2,candidate_1,3,0.0
42,candidate_3,candidate_2,candidate_1,3,0.0
43,candidate_3,candidate_2,candidate_1,3,0.0
44,candidate_3,candidate_2,candidate_1,3,0.0
45,candidate_3,candidate_2,candidate_1,3,0.0
46,candidate_3,candidate_2,candidate_1,3,0.0
47,candidate_3,candidate_2,candidate_1,3,0.0
48,candidate_3,candidate_2,candidate_1,3,0.0
49,candidate_3,candidate_2,candidate_1,3,0.0
50,candidate_3,candidate_2,candidate_1,3,0.0
51,candidate_3,candidate_2,candidate_1,3,0.0
52,candidate_3,candidate_2,candidate_1,3,0.0
53,candidate_3,candidate_2,candidate_1,3,0.0
54,candidate_3,candidate_2,candidate_1,3,0.0
55,candidate_3,candidate_2,candidate_1,3,0.0
56,candidate_3,candidate_2,candidate_1,3,0.0
57,candidate_3,candidate_2,candidate_1,3,0.0
58,candidate_3,candidate_2,candidate_1,3,0.0
59,candidate_3,candidate_2,candidate_1,3,0.0
60,candidate_3,candidate_2,candidate_1,3,0.0
61,candidate_3,candidate_2,candidate_1,3,0.0
62,candidate_3,candidate_2,candidate_1,3,0.0
63,candidate_3,candidate_2,candidate_1,3,0.0
64,candidate_3,candidate_2,candidate_1,3,0.0
65,candidate_3,candidate_2,candidate_1,3,0.0
66,candidate_3,candidate_2,candidate_1,3,0.0
67,candidate_3,candidate_2,candidate_1,3,0.0
68,candidate_3,candidate_2,candidate_1,3,0.0
69,candidate_3,candidate_2,candidate_1,3,0.0
70,candidate_3,candidate_2,candidate_1,3,0.0
71,candidate_3,candidate_2,candidate_1,3,0.0
72,candidate_3,candidate_2,candidate_1,3,0.0
73,candidate_3,candidate_2,candidate_1,3,0.0
74,candidate_3,candidate_2,candidate_1,3,0.0
75,candidate_3,candidate_2,candidate_1,3,0.0
76,candidate_3,candidate_2,candidate_1,3,0.0
77,candidate_3,candidate_2,candidate_1,3,0.0
78,candidate_3,candidate_2,candidate_1,3,0.0
79,candidate_3,candidate_2,candidate_1,3,0.0
80,candidate_3,candidate_2,candidate_1,3,0.0
81,candidate_3,candidate_2,candidate_1,3,0.0
82,candidate_3,candidate_2,candidate_1,3,0.0
83,candidate_3,candidate_2,candidate_1,3,0.0
84,candidate_3,candidate_2,candidate_1,3,0.0
85,candidate_3,candidate_2,candidate_1,3,0.0
86,candidate_3,candidate_2,candidate_1,3,0.0
87,candidate_3,candidate_2,candidate_1,3,0.0
88,candidate_3,candidate_2,candidate_1,3,0.0
89,candidate_3,candidate_2,candidate_1,3,0.0
90,candidate_3,candidate_2,candidate_1,3,0.0
91,candidate_3,candidate_2,candidate_1,3,0.0
92,candidate_3,candidate_2,candidate_1,3,0.0
93,candidate_3,candidate_2,candidate_1,3,0.0
94,candidate_3,candidate_2,candidate_1,3,0.0
95,candidate_3,candidate_2,candidate_1,3,0.0
96,candidate_3,candidate_2,candidate_1,3,0.0
97,candidate_3,candidate_2,candidate_1,3,0.0
98,candidate_3,candidate_2,candidate_1,3,0.0
99,candidate_3,candidate_2,candidate_1,3,0.0
100,candidate_3,candidate_2,candidate_1,3,0.0
101,candidate_3,candidate_2,candidate_1,3,0.0
102,candidate_3,candidate_2,candidate_1,3,0.0
103,candidate_3,candidate_2,candidate_1,3,0.0
104,candidate_3,candidate_2,candidate_1,3,0.0
105,candidate_3,candidate_2,candidate_1,3,0.0
106,candidate_3,candidate_2,candidate_1,3,0.0
107,candidate_3,candidate_2,candidate_1,3,0.0
108,candidate_3,candidate_2,candidate_1,3,0.0
109,candidate_3,candidate_2,candidate_1,3,0.0
110,candidate_3,candidate_2,candidate_1,3,0.0
111,candidate_3,candidate_2,candidate_1,3,0.0
112,candidate_3,candidate_2,candidate_1,3,0.0
113,candidate_3,candidate_2,candidate_1,3,0.0
114,candidate_3,candidate_2,candidate_1,3,0.0
115,candidate_3,candidate_2,candidate_1,3,0.0
116,candidate_3,candidate_2,candidate_1,3,0.0
117,candidate_3,candidate_2,candidate_1,3,0.0
118,candidate_3,candidate_2,candidate_1,3,0.0
119,candidate_3,candidate_2,candidate_1,3,0.0
120,candidate_3,candidate_2,candidate_1,3,0.0
121,candidate_3,candidate_2,candidate_1,3,0.0
122,candidate_3,candidate_2,candidate_1,3,0.0
123,candidate_3,candidate_2,candidate_1,3,0.0
124,candidate_3,candidate_2,candidate_1,3,0.0
125,candidate_3,candidate_2,candidate_1,3,0.0
126,candidate_3,candidate_2,candidate_1,3,0.0
127,candidate_3,candidate_2,candidate_1,3,0.0
128,candidate_3,candidate_2,candidate_1,3,0.0
129,candidate_3,candidate_2,candidate_1,3,0.0
130,candidate_3,candidate_2,candidate_1,3,0.0
131,candidate_3,candidate_2,candidate_1,3,0.0
132,candidate_3,candidate_2,candidate_1,3,0.0
133,candidate_3,candidate_2,candidate_1,3,0.0
134,candidate_3,candidate_2,candidate_1,3,0.0
135,candidate_3,candidate_2,candidate_1,3,0.0
136,candidate_3,candidate_2,candidate_1,3,0.0
137,candidate_3,candidate_2,candidate_1,3,0.0
138,candidate_3,candidate_2,candidate_1,3,0.0
139,candidate_3,candidate_2,candidate_1,3,0.0
140,candidate_3,candidate_2,candidate_1,3,0.0
141,candidate_3,candidate_2,candidate_1,3,0.0
142,candidate_3,candidate_2,candidate_1,3,0.0
143,candidate_3,candidate_2,candidate_1,3,0.0
144,candidate_3,candidate_2,candidate_1,3,0.0
145,candidate_3,candidate_2,candidate_1,3,0.0
146,candidate_3,candidate_2,candidate_1,3,0.0
147,candidate_3,candidate_2,candidate_1,3,0.0
148,candidate_3,candidate_2,candidate_1,3,0.0
149,candidate_3,candidate_2,candidate_1,3,0.0
150,candidate_3,candidate_2,candidate_1,3,0.0
151,candidate_3,candidate_2,candidate_1,3,0.0
152,candidate_3,candidate_2,candidate_1,3,0.0
153,candidate_3,candidate_2,candidate_1,3,0.0
154,candidate_3,candidate_2,candidate_1,3,0.0
155,candidate_3,candidate_2,candidate_1,3,0.0
156,candidate_3,candidate_2,candidate_1,3,0.0
157,candidate_3,candidate_2,candidate_1,3,0.0
158,candidate_3,candidate_2,candidate_1,3,0.0
159,candidate_3,candidate_2,candidate_1,3,0.0
160,candidate_3,candidate_2,candidate_1,3,0.0
161,candidate_3,candidate_2,candidate_1,3,0.0
162,candidate_3,candidate_2,candidate_1,3,0.0
163,candidate_3,candidate_2,candidate_1,3,0.0
164,candidate_3,candidate_2,candidate_1,3,0.0
165,candidate_3,candidate_2,candidate_1,3,0.0
166,candidate_3,candidate_2,candidate_1,3,0.0
167,candidate_3,candidate_2,candidate_1,3,0.0
168,candidate_3,candidate_2,candidate_1,3,0.0
169,candidate_3,candidate_2,candidate_1,3,0.0
170,candidate_3,candidate_2,candidate_1,3,0.0
171,candidate_3,candidate_2,candidate_1,3,0.0
172,candidate_3,candidate_2,candidate_1,3,0.0
173,candidate_3,candidate_2,candidate_1,3,0.0
174,candidate_3,candidate_2,candidate_1,3,0.0
175,candidate_3,candidate_2,candidate_1,3,0.0
176,candidate_3,candidate_2,candidate_1,3,0.0
177,candidate_3,candidate_2,candidate_1,3,0.0
178,candidate_3,candidate_2,candidate_1,3,0.0
179,candidate_3,candidate_2,candidate_1,3,0.0
180,candidate_3,candidate_2,candidate_1,3,0.0
181,candidate_3,candidate_2,candidate_1,3,0.0
182,candidate_3,candidate_2,candidate_1,3,0.0
183,candidate_3,candidate_2,candidate_1,3,0.0
184,candidate_3,candidate_2,candidate_1,3,0.0
185,candidate_3,candidate_2,candidate_1,3,0.0
186,candidate_3,candidate_2,candidate_1,3,0.0
187,candidate_3,candidate_2,candidate_1,3,0.0
188,candidate_3,candidate_2,candidate_1,3,0.0
189,candidate_3,candidate_2,candidate_1,3,0.0
190,candidate_3,candidate_2,candidate_1,3,0.0
191,candidate_3,candidate_2,candidate_1,3,0.0
192,candidate_3,candidate_2,candidate_1,3,0.0
193,candidate_3,candidate_2,candidate_1,3,0.0
194,candidate_3,candidate_2,candidate_1,3,0.0
195,candidate_3,candidate_2,candidate_1,3,0.0
196,candidate_3,candidate_2,candidate_1,3,0.0
197,candidate_3,candidate_2,candidate_1,3,0.0
198,candidate_3,candidate_2,candidate_1,3,0.0
199,candidate_3,candidate_2,candidate_1,3,0.0
200,candidate_3,candidate_2,candidate_1,3,0.0
201,candidate_3,candidate_2,candidate_1,3,0.0
202,candidate_3,candidate_2,candidate_1,3,0.0
203,candidate_3,candidate_2,candidate_1,3,0.0
204,candidate_3,candidate_2,candidate_1,3,0.0
205,candidate_3,candidate_2,candidate_1,3,0.0
206,candidate_3,candidate_2,candidate_1,3,0.0
207,candidate_3,candidate_2,candidate_1,3,0.0
208,candidate_3,candidate_2,candidate_1,3,0.0
209,candidate_3,candidate_2,candidate_1,3,0.0
210,candidate_3,candidate_2,candidate_1,3,0.0
211,candidate_3,candidate_2,candidate_1,3,0.0
212,candidate_3,candidate_2,candidate_1,3,0.0
213,candidate_3,candidate_2,candidate_1,3,0.0
214,candidate_3,candidate_2,candidate_1,3,0.0
215,candidate_3,candidate_2,candidate_1,3,0.0
216,candidate_3,candidate_2,candidate_1,3,0.0
217,candidate_3,candidate_2,candidate_1,3,0.0
218,candidate_3,candidate_2,candidate_1,3,0.0
219,candidate_3,candidate_2,candidate_1,3,0.0
220,candidate_3,candidate_2,candidate_1,3,0.0
221,candidate_3,candidate_2,candidate_1,3,0.0
222,candidate_3,candidate_2,candidate_1,3,0.0
223,candidate_3,candidate_2,candidate_1,3,0.0
224,candidate_3,candidate_2,candidate_1,3,0.0
225,candidate_3,candidate_2,candidate_1,3,0.0
226,candidate_3,candidate_2,candidate_1,3,0.0
227,candidate_3,candidate_2,candidate_1,3,0.0
228,candidate_3,candidate_2,candidate_1,3,0.0
229,candidate_3,candidate_2,candidate_1,3,0.0
230,candidate_3,candidate_2,candidate_1,3,0.0
231,candidate_3,candidate_2,candidate_1,3,0.0
232,candidate_3,candidate_2,candidate_1,3,0.0
233,candidate_3,candidate_2,candidate_1,3,0.0
234,candidate_3,candidate_2,candidate_1,3,0.0
235,candidate_3,candidate_2,candidate_1,3,0.0
236,candidate_3,candidate_2,candidate_1,3,0.0
237,candidate_3,candidate_2,candidate_1,3,0.0
238,candidate_3,candidate_2,candidate_1,3,0.0
239,candidate_3,candidate_2,candidate_1,3,0.0
240,candidate_3,candidate_2,candidate_1,3,0.0
241,candidate_3,candidate_2,candidate_1,3,0.0
242,candidate_3,candidate_2,candidate_1,3,0.0
243,candidate_3,candidate_2,candidate_1,3,0.0
244,candidate_3,candidate_2,candidate_1,3,0.0
245,candidate_3,candidate_2,candidate_1,3,0.0
246,candidate_3,candidate_2,candidate_1,3,0.0
247,candidate_3,candidate_2,candidate_1,3,0.0
248,candidate_3,candidate_2,candidate_1,3,0.0
249,candidate_3,candidate_2,candidate_1,3,0.0
250,candidate_3,candidate_2,candidate_1,3,0.0
251,candidate_3,candidate_2,candidate_1,3,0.0
252,candidate_3,candidate_2,candidate_1,3,0.0
253,candidate_3,candidate_2,candidate_1,3,0.0
254,candidate_3,candidate_2,candidate_1,3,0.0
255,candidate_3,candidate_2,candidate_1,3,0.0
256,candidate_3,candidate_2,candidate_1,3,0.0
257,candidate_3,candidate_2,candidate_1,3,0.0
258,candidate_3,candidate_2,candidate_1,3,0.0
259,candidate_3,candidate_2,candidate_1,3,0.0
260,candidate_3,candidate_2,candidate_1,3,0.0
261,candidate_3,candidate_2,candidate_1,3,0.0
262,candidate_3,candidate_2,candidate_1,3,0.0
263,candidate_3,candidate_2,candidate_1,3,0.0
264,candidate_3,candidate_2,candidate_1,3,0.0
265,candidate_3,candidate_2,candidate_1,3,0.0
266,candidate_3,candidate_2,candidate_1,3,0.0
267,candidate_3,candidate_2,candidate_1,3,0.0
268,candidate_3,candidate_2,candidate_1,3,0.0
269,candidate_3,candidate_2,candidate_1,3,0.0
270,candidate_3,candidate_2,candidate_1,3,0.0
271,candidate_3,candidate_2,candidate_1,3,0.0
272,candidate_3,candidate_2,candidate_1,3,0.0
273,candidate_3,candidate_2,candidate_1,3,0.0
274,candidate_3,candidate_2,candidate_1,3,0.0
275,candidate_3,candidate_2,candidate_1,3,0.0
276,candidate_3,candidate_2,candidate_1,3,0.0
277,candidate_3,candidate_2,candidate_1,3,0.0
278,candidate_3,candidate_2,candidate_1,3,0.0
279,candidate_3,candidate_2,candidate_1,3,0.0
280,candidate_3,candidate_2,candidate_1,3,0.0
281,candidate_3,candidate_2,candidate_1,3,0.0
282,candidate_3,candidate_2,candidate_1,3,0.0
283,candidate_3,candidate_2,candidate_1,3,0.0
284,candidate_3,candidate_2,candidate_1,3,0.0
285,candidate_3,candidate_2,candidate_1,3,0.0
286,candidate_3,candidate_2,candidate_1,3,0.0
287,candidate_3,candidate_2,candidate_1,3,0.0
288,candidate_3,candidate_2,candidate_1,3,0.0
289,candidate_3,candidate_2,candidate_1,3,0.0
290,candidate_3,candidate_2,candidate_1,3,0.0
291,candidate_3,candidate_2,candidate_1,3,0.0
292,candidate_3,candidate_2,candidate_1,3,0.0
293,candidate_3,candidate_2,candidate_1,3,0.0
294,candidate_3,candidate_2,candidate_1,3,0.0
295,candidate_3,candidate_2,candidate_1,3,0.0
296,candidate_3,candidate_2,candidate_1,3,0.0
297,candidate_3,candidate_2,candidate_1,3,0.0
298,candidate_3,candidate_2,candidate_1,3,0.0
299,candidate_3,candidate_2,candidate_1,3,0.0
300,candidate_3,candidate_2,candidate_1,3,0.0
301,candidate_3,candidate_2,candidate_1,3,0.0
302,candidate_3,candidate_2,candidate_1,3,0.0
303,candidate_3,candidate_2,candidate_1,3,0.0
304,candidate_3,candidate_2,candidate_1,3,0.0
305,candidate_3,candidate_2,candidate_1,3,0.0
306,candidate_3,candidate_2,candidate_1,3,0.0
307,candidate_3,candidate_2,candidate_1,3,0.0
308,candidate_3,candidate_2,candidate_1,3,0.0
309,candidate_3,candidate_2,candidate_1,3,0.0
310,candidate_3,candidate_2,candidate_1,3,0.0
311,candidate_3,candidate_2,candidate_1,3,0.0
312,candidate_3,candidate_2,candidate_1,3,0.0
313,candidate_3,candidate_2,candidate_1,3,0.0
314,candidate_3,candidate_2,candidate_1,3,0.0
315,candidate_3,candidate_2,candidate_1,3,0.0
316,candidate_3,candidate_2,candidate_1,3,0.0
317,candidate_3,candidate_2,candidate_1,3,0.0
318,candidate_3,candidate_2,candidate_1,3,0.0
319,candidate_3,candidate_2,candidate_1,3,0.0
320,candidate_3,candidate_2,candidate_1,3,0.0
321,candidate_3,candidate_2,candidate_1,3,0.0
322,candidate_3,candidate_2,candidate_1,3,0.0
323,candidate_3,candidate_2,candidate_1,3,0.0
324,candidate_3,candidate_2,candidate_1,3,0.0
325,candidate_3,candidate_2,candidate_1,3,0.0
326,candidate_3,candidate_2,candidate_1,3,0.0
327,candidate_3,candidate_2,candidate_1,3,0.0
328,candidate_3,candidate_2,candidate_1,3,0.0
329,candidate_3,candidate_2,candidate_1,3,0.0
330,candidate_3,candidate_2,candidate_1,3,0.0
331,candidate_3,candidate_2,candidate_1,3,0.0
332,candidate_3,candidate_2,candidate_1,3,0.0
333,candidate_3,candidate_2,candidate_1,3,0.0
334,candidate_3,candidate_2,candidate_1,3,0.0
335,candidate_3,candidate_2,candidate_1,3,0.0
336,candidate_3,candidate_2,candidate_1,3,0.0
337,candidate_3,candidate_2,candidate_1,3,0.0
338,candidate_3,candidate_2,candidate_1,3,0.0
339,candidate_3,candidate_2,candidate_1,3,0.0
340,candidate_3,candidate_2,candidate_1,3,0.0
341,candidate_3,candidate_2,candidate_1,3,0.0
342,candidate_3,candidate_2,candidate_1,3,0.0
343,candidate_3,candidate_2,candidate_1,3,0.0
344,candidate_3,candidate_2,candidate_1,3,0.0
345,candidate_3,candidate_2,candidate_1,3,0.0
346,candidate_3,candidate_2,candidate_1,3,0.0
347,candidate_3,candidate_2,candidate_1,3,0.0
348,candidate_3,candidate_2,candidate_1,3,0.0
349,candidate_3,candidate_2,candidate_1,3,0.0
350,candidate_3,candidate_2,candidate_1,3,0.0
351,candidate_3,candidate_2,candidate_1,3,0.0
352,candidate_3,candidate_2,candidate_1,3,0.0
353,candidate_3,candidate_2,candidate_1,3,0.0
354,candidate_3,candidate_2,candidate_1,3,0.0
355,candidate_3,candidate_2,candidate_1,3,0.0
356,candidate_3,candidate_2,candidate_1,3,0.0
357,candidate_3,candidate_2,candidate_1,3,0.0
358,candidate_3,candidate_2,candidate_1,3,0.0
359,candidate_3,candidate_2,candidate_1,3,0.0
360,candidate_3,candidate_2,candidate_1,3,0.0
361,candidate_3,candidate_2,candidate_1,3,0.0
362,candidate_3,candidate_2,candidate_1,3,0.0
363,candidate_3,candidate_2,candidate_1,3,0.0
364,candidate_3,candidate_2,candidate_1,3,0.0
365,candidate_3,candidate_2,candidate_1,3,0.0
366,candidate_3,candidate_2,candidate_1,3,0.0
367,candidate_3,candidate_2,candidate_1,3,0.0
368,candidate_3,candidate_2,candidate_1,3,0.0
369,candidate_3,candidate_2,candidate_1,3,0.0
370,candidate_3,candidate_2,candidate_1,3,0.0
371,candidate_3,candidate_2,candidate_1,3,0.0
372,candidate_3,candidate_2,candidate_1,3,0.0
373,candidate_3,candidate_2,candidate_1,3,0.0
374,candidate_3,candidate_2,candidate_1,3,0.0
375,candidate_3,candidate_2,candidate_1,3,0.0
376,candidate_3,candidate_2,candidate_1,3,0.0
377,candidate_3,candidate_2,candidate_1,3,0.0
378,candidate_3,candidate_2,candidate_1,3,0.0
379,candidate_3,candidate_2,candidate_1,3,0.0
380,candidate_3,candidate_2,candidate_1,3,0.0
381,candidate_3,candidate_2,candidate_1,3,0.0
382,candidate_3,candidate_2,candidate_1,3,0.0
383,candidate_3,candidate_2,candidate_1,3,0.0
384,candidate_3,candidate_2,candidate_1,3,0.0
385,candidate_3,candidate_2,candidate_1,3,0.0
386,candidate_3,candidate_2,candidate_1,3,0.0
387,candidate_3,candidate_2,candidate_1,3,0.0
388,candidate_3,candidate_2,candidate_1,3,0.0
389,candidate_3,candidate_2,candidate_1,3,0.0
390,candidate_3,candidate_2,candidate_1,3,0.0
391,candidate_3,candidate_2,candidate_1,3,0.0
392,candidate_3,candidate_2,candidate_1,3,0.0
393,candidate_3,candidate_2,candidate_1,3,0.0
394,candidate_3,candidate_2,candidate_1,3,0.0
395,candidate_3,candidate_2,candidate_1,3,0.0
396,candidate_3,candidate_2,candidate_1,3,0.0
397,candidate_3,candidate_2,candidate_1,3,0.0
398,candidate_3,candidate_2,candidate_1,3,0.0
399,candidate_3,candidate_2,candidate_1,3,0.0
400,candidate_3,candidate_2,candidate_1,3,0.0
401,candidate_3,candidate_2,candidate_1,3,0.0
402,candidate_3,candidate_2,candidate_1,3,0.0
403,candidate_3,candidate_2,candidate_1,3,0.0
404,candidate_3,candidate_2,candidate_1,3,0.0
405,candidate_3,candidate_2,candidate_1,3,0.0
406,candidate_3,candidate_2,candidate_1,3,0.0
407,candidate_3,candidate_2,candidate_1,3,0.0
408,candidate_3,candidate_2,candidate_1,3,0.0
409,candidate_3,candidate_2,candidate_1,3,0.0
410,candidate_3,candidate_2,candidate_1,3,0.0
411,candidate_3,candidate_2,candidate_1,3,0.0
412,candidate_3,candidate_2,candidate_1,3,0.0
413,candidate_3,candidate_2,candidate_1,3,0.0
414,candidate_3,candidate_2,candidate_1,3,0.0
415,candidate_3,candidate_2,candidate_1,3,0.0
416,candidate_3,candidate_2,candidate_1,3,0.0
417,candidate_3,candidate_2,candidate_1,3,0.0
418,candidate_3,candidate_2,candidate_1,3,0.0
419,candidate_3,candidate_2,candidate_1,3,0.0
420,candidate_3,candidate_2,candidate_1,3,0.0
421,candidate_3,candidate_2,candidate_1,3,0.0
422,candidate_3,candidate_2,candidate_1,3,0.0
423,candidate_3,candidate_2,candidate_1,3,0.0
424,candidate_3,candidate_2,candidate_1,3,0.0
425,candidate_3,candidate_2,candidate_1,3,0.0
426,candidate_3,candidate_2,candidate_1,3,0.0
427,candidate_3,candidate_2,candidate_1,3,0.0
428,candidate_3,candidate_2,candidate_1,3,0.0
429,candidate_3,candidate_2,candidate_1,3,0.0
430,candidate_3,candidate_2,candidate_1,3,0.0
431,candidate_3,candidate_2,candidate_1,3,0.0
432,candidate_3,candidate_2,candidate_1,3,0.0
433,candidate_3,candidate_2,candidate_1,3,0.0
434,candidate_3,candidate_2,candidate_1,3,0.0
435,candidate_3,candidate_2,candidate_1,3,0.0
436,candidate_3,candidate_2,candidate_1,3,0.0
437,candidate_3,candidate_2,candidate_1,3,0.0
438,candidate_3,candidate_2,candidate_1,3,0.0
439,candidate_3,candidate_2,candidate_1,3,0.0
440,candidate_3,candidate_2,candidate_1,3,0.0
441,candidate_3,candidate_2,candidate_1,3,0.0
442,candidate_3,candidate_2,candidate_1,3,0.0
443,candidate_3,candidate_2,candidate_1,3,0.0
444,candidate_3,candidate_2,candidate_1,3,0.0
445,candidate_3,candidate_2,candidate_1,3,0.0
446,candidate_3,candidate_2,candidate_1,3,0.0
447,candidate_3,candidate_2,candidate_1,3,0.0
448,candidate_3,candidate_2,candidate_1,3,0.0
449,candidate_3,candidate_2,candidate_1,3,0.0
450,candidate_3,candidate_2,candidate_1,3,0.0
451,candidate_3,candidate_2,candidate_1,3,0.0
452,candidate_3,candidate_2,candidate_1,3,0.0
453,candidate_3,candidate_2,candidate_1,3,0.0
454,candidate_3,candidate_2,candidate_1,3,0.0
455,candidate_3,candidate_2,candidate_1,3,0.0
456,candidate_3,candidate_2,candidate_1,3,0.0
457,candidate_3,candidate_2,candidate_1,3,0.0
458,candidate_3,candidate_2,candidate_1,3,0.0
459,candidate_3,candidate_2,candidate_1,3,0.0
460,candidate_3,candidate_2,candidate_1,3,0.0
461,candidate_3,candidate_2,candidate_1,3,0.0
462,candidate_3,candidate_2,candidate_1,3,0.0
463,candidate_3,candidate_2,candidate_1,3,0.0
464,candidate_3,candidate_2,candidate_1,3,0.0
465,candidate_3,candidate_2,candidate_1,3,0.0
466,candidate_3,candidate_2,candidate_1,3,0.0
467,candidate_3,candidate_2,candidate_1,3,0.0
468,candidate_3,candidate_2,candidate_1,3,0.0
469,candidate_3,candidate_2,candidate_1,3,0.0
470,candidate_3,candidate_2,candidate_1,3,0.0
471,candidate_3,candidate_2,candidate_1,3,0.0
472,candidate_3,candidate_2,candidate_1,3,0.0
473,candidate_3,candidate_2,candidate_1,3,0.0
474,candidate_3,candidate_2,candidate_1,3,0.0
475,candidate_3,candidate_2,candidate_1,3,0.0
476,candidate_3,candidate_2,candidate_1,3,0.0
477,candidate_3,candidate_2,candidate_1,3,0.0
478,candidate_3,candidate_2,candidate_1,3,0.0
479,candidate_3,candidate_2,candidate_1,3,0.0
480,candidate_3,candidate_2,candidate_1,3,0.0
481,candidate_3,candidate_2,candidate_1,3,0.0
482,candidate_3,candidate_2,candidate_1,3,0.0
483,candidate_3,candidate_2,candidate_1,3,0.0
484,candidate_3,candidate_2,candidate_1,3,0.0
485,candidate_3,candidate_2,candidate_1,3,0.0
486,candidate_3,candidate_2,candidate_1,3,0.0
487,candidate_3,candidate_2,candidate_1,3,0.0
488,candidate_3,candidate_2,candidate_1,3,0.0
489,candidate_3,candidate_2,candidate_1,3,0.0
490,candidate_3,candidate_2,candidate_1,3,0.0
491,candidate_3,candidate_2,candidate_1,3,0.0
492,candidate_3,candidate_2,candidate_1,3,0.0
493,candidate_3,candidate_2,candidate_1,3,0.0
494,candidate_3,candidate_2,candidate_1,3,0.0
495,candidate_3,candidate_2,candidate_1,3,0.0
496,candidate_3,candidate_2,candidate_1,3,0.0
497,candidate_3,candidate_2,candidate_1,3,0.0
498,candidate_3,candidate_2,candidate_1,3,0.0
499,candidate_3,candidate_2,candidate_1,3,0.0
500,candidate_3,candidate_2,candidate_1,3,0.0
501,candidate_3,candidate_2,candidate_1,3,0.0
502,candidate_3,candidate_2,candidate_1,3,0.0
503,candidate_3,candidate_2,candidate_1,3,0.0
504,candidate_3,candidate_2,candidate_1,3,0.0
505,candidate_3,candidate_2,candidate_1,3,0.0
506,candidate_3,candidate_2,candidate_1,3,0.0
507,candidate_3,candidate_2,candidate_1,3,0.0
508,candidate_3,candidate_2,candidate_1,3,0.0
509,candidate_3,candidate_2,candidate_1,3,0.0
510,candidate_3,candidate_2,candidate_1,3,0.0
511,candidate_3,candidate_2,candidate_1,3,0.0
512,candidate_3,candidate_2,candidate_1,3,0.0
513,candidate_3,candidate_2,candidate_1,3,0.0
514,candidate_3,candidate_2,candidate_1,3,0.0
515,candidate_3,candidate_2,candidate_1,3,0.0
516,candidate_3,candidate_2,candidate_1,3,0.0
517,candidate_3,candidate_2,candidate_1,3,0.0
518,candidate_3,candidate_2,candidate_1,3,0.0
519,candidate_3,candidate_2,candidate_1,3,0.0
520,candidate_3,candidate_2,candidate_1,3,0.0
521,candidate_3,candidate_2,candidate_1,3,0.0
522,candidate_3,candidate_2,candidate_1,3,0.0
523,candidate_3,candidate_2,candidate_1,3,0.0
524,candidate_3,candidate_2,candidate_1,3,0.0
525,candidate_3,candidate_2,candidate_1,3,0.0
526,candidate_3,candidate_2,candidate_1,3,0.0
527,candidate_3,candidate_2,candidate_1,3,0.0
528,candidate_3,candidate_2,candidate_1,3,0.0
529,candidate_3,candidate_2,candidate_1,3,0.0
530,candidate_3,candidate_2,candidate_1,3,0.0
531,candidate_3,candidate_2,candidate_1,3,0.0
532,candidate_3,candidate_2,candidate_1,3,0.0
533,candidate_3,candidate_2,candidate_1,3,0.0
534,candidate_3,candidate_2,candidate_1,3,0.0
535,candidate_3,candidate_2,candidate_1,3,0.0
536,candidate_3,candidate_2,candidate_1,3,0.0
537,candidate_3,candidate_2,candidate_1,3,0.0
538,candidate_3,candidate_2,candidate_1,3,0.0
539,candidate_3,candidate_2,candidate_1,3,0.0
540,candidate_3,candidate_2,candidate_1,3,0.0
541,candidate_3,candidate_2,candidate_1,3,0.0
542,candidate_3,candidate_2,candidate_1,3,0.0
543,candidate_3,candidate_2,candidate_1,3,0.0
544,candidate_3,candidate_2,candidate_1,3,0.0
545,candidate_3,candidate_2,candidate_1,3,0.0
546,candidate_3,candidate_2,candidate_1,3,0.0
547,candidate_3,candidate_2,candidate_1,3,0.0
548,candidate_3,candidate_2,candidate_1,3,0.0
549,candidate_3,candidate_2,candidate_1,3,0.0
550,candidate_3,candidate_2,candidate_1,3,0.0
551,candidate_3,candidate_2,candidate_1,3,0.0
552,candidate_3,candidate_2,candidate_1,3,0.0
553,candidate_3,candidate_2,candidate_1,3,0.0
554,candidate_3,candidate_2,candidate_1,3,0.0
555,candidate_3,candidate_2,candidate_1,3,0.0
556,candidate_3,candidate_2,candidate_1,3,0.0
557,candidate_3,candidate_2,candidate_1,3,0.0
558,candidate_3,candidate_2,candidate_1,3,0.0
559,candidate_3,candidate_2,candidate_1,3,0.0
560,candidate_3,candidate_2,candidate_1,3,0.0
561,candidate_3,candidate_2,candidate_1,3,0.0
562,candidate_3,candidate_2,candidate_1,3,0.0
563,candidate_3,candidate_2,candidate_1,3,0.0
564,candidate_3,candidate_2,candidate_1,3,0.0
565,candidate_3,candidate_2,candidate_1,3,0.0
566,candidate_3,candidate_2,candidate_1,3,0.0
567,candidate_3,candidate_2,candidate_1,3,0.0
568,candidate_3,candidate_2,candidate_1,3,0.0
569,candidate_3,candidate_2,candidate_1,3,0.0
570,candidate_3,candidate_2,candidate_1,3,0.0
571,candidate_3,candidate_2,candidate_1,3,0.0
572,candidate_3,candidate_2,candidate_1,3,0.0
573,candidate_3,candidate_2,candidate_1,3,0.0
574,candidate_3,candidate_2,candidate_1,3,0.0
575,candidate_3,candidate_2,candidate_1,3,0.0
576,candidate_3,candidate_2,candidate_1,3,0.0
577,candidate_3,candidate_2,candidate_1,3,0.0
578,candidate_3,candidate_2,candidate_1,3,0.0
579,candidate_3,candidate_2,candidate_1,3,0.0
580,candidate_3,candidate_2,candidate_1,3,0.0
581,candidate_3,candidate_2,candidate_1,3,0.0
582,candidate_3,candidate_2,candidate_1,3,0.0
583,candidate_3,candidate_2,candidate_1,3,0.0
584,candidate_3,candidate_2,candidate_1,3,0.0
585,candidate_3,candidate_2,candidate_1,3,0.0
586,candidate_3,candidate_2,candidate_1,3,0.0
587,candidate_3,candidate_2,candidate_1,3,0.0
588,candidate_3,candidate_2,candidate_1,3,0.0
589,candidate_3,candidate_2,candidate_1,3,0.0
590,candidate_3,candidate_2,candidate_1,3,0.0
591,candidate_3,candidate_2,candidate_1,3,0.0
592,candidate_3,candidate_2,candidate_1,3,0.0
593,candidate_3,candidate_2,candidate_1,3,0.0
594,candidate_3,candidate_2,candidate_1,3,0.0
595,candidate_3,candidate_2,candidate_1,3,0.0
596,candidate_3,candidate_2,candidate_1,3,0.0
597,candidate_3,candidate_2,candidate_1,3,0.0
598,candidate_3,candidate_2,candidate_1,3,0.0
599,candidate_3,candidate_2,candidate_1,3,0.0
600,candidate_3,candidate_2,candidate_1,3,0.0
601,candidate_3,candidate_2,candidate_1,3,0.0
602,candidate_3,candidate_2,candidate_1,3,0.0
603,candidate_3,candidate_2,candidate_1,3,0.0
604,candidate_3,candidate_2,candidate_1,3,0.0
605,candidate_3,candidate_2,candidate_1,3,0.0
606,candidate_3,candidate_2,candidate_1,3,0.0
607,candidate_3,candidate_2,candidate_1,3,0.0
608,candidate_3,candidate_2,candidate_1,3,0.0
609,candidate_3,candidate_2,candidate_1,3,0.0
610,candidate_3,candidate_2,candidate_1,3,0.0
611,candidate_3,candidate_2,candidate_1,3,0.0
612,candidate_3,candidate_2,candidate_1,3,0.0
613,candidate_3,candidate_2,candidate_1,3,0.0
614,candidate_3,candidate_2,candidate_1,3,0.0
615,candidate_3,candidate_2,candidate_1,3,0.0
616,candidate_3,candidate_2,candidate_1,3,0.0
617,candidate_3,candidate_2,candidate_1,3,0.0
618,candidate_3,candidate_2,candidate_1,3,0.0
619,candidate_3,candidate_2,candidate_1,3,0.0
620,candidate_3,candidate_2,candidate_1,3,0.0
621,candidate_3,candidate_2,candidate_1,3,0.0
622,candidate_3,candidate_2,candidate_1,3,0.0
623,candidate_3,candidate_2,candidate_1,3,0.0
624,candidate_3,candidate_2,candidate_1,3,0.0
625,candidate_3,candidate_2,candidate_1,3,0.0
626,candidate_3,candidate_2,candidate_1,3,0.0
627,candidate_3,candidate_2,candidate_1,3,0.0
628,candidate_3,candidate_2,candidate_1,3,0.0
629,candidate_3,candidate_2,candidate_1,3,0.0
630,candidate_3,candidate_2,candidate_1,3,0.0
631,candidate_3,candidate_2,candidate_1,3,0.0
632,candidate_3,candidate_2,candidate_1,3,0.0
633,candidate_3,candidate_2,candidate_1,3,0.0
634,candidate_3,candidate_2,candidate_1,3,0.0
635,candidate_3,candidate_2,candidate_1,3,0.0
636,candidate_3,candidate_2,candidate_1,3,0.0
637,candidate_3,candidate_2,candidate_1,3,0.0
638,candidate_3,candidate_2,candidate_1,3,0.0
639,candidate_3,candidate_2,candidate_1,3,0.0
640,candidate_3,candidate_2,candidate_1,3,0.0
641,candidate_3,candidate_2,candidate_1,3,0.0
642,candidate_3,candidate_2,candidate_1,3,0.0
643,candidate_3,candidate_2,candidate_1,3,0.0
644,candidate_3,candidate_2,candidate_1,3,0.0
645,candidate_3,candidate_2,candidate_1,3,0.0
646,candidate_3,candidate_2,candidate_1,3,0.0
647,candidate_3,candidate_2,candidate_1,3,0.0
648,candidate_3,candidate_2,candidate_1,3,0.0
649,candidate_3,candidate_2,candidate_1,3,0.0
650,candidate_3,candidate_2,candidate_1,3,0.0
651,candidate_3,candidate_2,candidate_1,3,0.0
652,candidate_3,candidate_2,candidate_1,3,0.0
653,candidate_3,candidate_2,candidate_1,3,0.0
654,candidate_3,candidate_2,candidate_1,3,0.0
655,candidate_3,candidate_2,candidate_1,3,0.0
656,candidate_3,candidate_2,candidate_1,3,0.0
657,candidate_3,candidate_2,candidate_1,3,0.0
658,candidate_3,candidate_2,candidate_1,3,0.0
659,candidate_3,candidate_2,candidate_1,3,0.0
660,candidate_3,candidate_2,candidate_1,3,0.0
661,candidate_3,candidate_2,candidate_1,3,0.0
662,candidate_3,candidate_2,candidate_1,3,0.0
663,candidate_3,candidate_2,candidate_1,3,0.0
664,candidate_3,candidate_2,candidate_1,3,0.0
665,candidate_3,candidate_2,candidate_1,3,0.0
666,candidate_3,candidate_2,candidate_1,3,0.0
667,candidate_3,candidate_2,candidate_1,3,0.0
668,candidate_3,candidate_2,candidate_1,3,0.0
669,candidate_3,candidate_2,candidate_1,3,0.0
670,candidate_3,candidate_2,candidate_1,3,0.0
671,candidate_3,candidate_2,candidate_1,3,0.0
672,candidate_3,candidate_2,candidate_1,3,0.0
673,candidate_3,candidate_2,candidate_1,3,0.0
674,candidate_3,candidate_2,candidate_1,3,0.0
675,candidate_3,candidate_2,candidate_1,3,0.0
676,candidate_3,candidate_2,candidate_1,3,0.0
677,candidate_3,candidate_2,candidate_1,3,0.0
678,candidate_3,candidate_2,candidate_1,3,0.0
679,candidate_3,candidate_2,candidate_1,3,0.0
680,candidate_3,candidate_2,candidate_1,3,0.0
681,candidate_3,candidate_2,candidate_1,3,0.0
682,candidate_3,candidate_2,candidate_1,3,0.0
683,candidate_3,candidate_2,candidate_1,3,0.0
684,candidate_3,candidate_2,candidate_1,3,0.0
685,candidate_3,candidate_2,candidate_1,3,0.0
686,candidate_3,candidate_2,candidate_1,3,0.0
687,candidate_3,candidate_2,candidate_1,3,0.0
688,candidate_3,candidate_2,candidate_1,3,0.0
689,candidate_3,candidate_2,candidate_1,3,0.0
690,candidate_3,candidate_2,candidate_1,3,0.0
691,candidate_3,candidate_2,candidate_1,3,0.0
692,candidate_3,candidate_2,candidate_1,3,0.0
693,candidate_3,candidate_2,candidate_1,3,0.0
694,candidate_3,candidate_2,candidate_1,3,0.0
695,candidate_3,candidate_2,candidate_1,3,0.0
696,candidate_3,candidate_2,candidate_1,3,0.0
697,candidate_3,candidate_2,candidate_1,3,0.0
698,candidate_3,candidate_2,candidate_1,3,0.0
699,candidate_3,candidate_2,candidate_1,3,0.0
700,candidate_3,candidate_2,candidate_1,3,0.0
701,candidate_3,candidate_2,candidate_1,3,0.0
702,candidate_3,candidate_2,candidate_1,3,0.0
703,candidate_3,candidate_2,candidate_1,3,0.0
704,candidate_3,candidate_2,candidate_1,3,0.0
705,candidate_3,candidate_2,candidate_1,3,0.0
706,candidate_3,candidate_2,candidate_1,3,0.0
707,candidate_3,candidate_2,candidate_1,3,0.0
708,candidate_3,candidate_2,candidate_1,3,0.0
709,candidate_3,candidate_2,candidate_1,3,0.0
710,candidate_3,candidate_2,candidate_1,3,0.0
711,candidate_3,candidate_2,candidate_1,3,0.0
712,candidate_3,candidate_2,candidate_1,3,0.0
713,candidate_3,candidate_2,candidate_1,3,0.0
714,candidate_3,candidate_2,candidate_1,3,0.0
715,candidate_3,candidate_2,candidate_1,3,0.0
716,candidate_3,candidate_2,candidate_1,3,0.0
717,candidate_3,candidate_2,candidate_1,3,0.0
718,candidate_3,candidate_2,candidate_1,3,0.0
719,candidate_3,candidate_2,candidate_1,3,0.0
720,candidate_3,candidate_2,candidate_1,3,0.0
721,candidate_3,candidate_2,candidate_1,3,0.0
722,candidate_3,candidate_2,candidate_1,3,0.0
723,candidate_3,candidate_2,candidate_1,3,0.0
724,candidate_3,candidate_2,candidate_1,3,0.0
725,candidate_3,candidate_2,candidate_1,3,0.0
726,candidate_3,candidate_2,candidate_1,3,0.0
727,candidate_3,candidate_2,candidate_1,3,0.0
728,candidate_3,candidate_2,candidate_1,3,0.0
729,candidate_3,candidate_2,candidate_1,3,0.0
730,candidate_3,candidate_2,candidate_1,3,0.0
731,candidate_3,candidate_2,candidate_1,3,0.0
732,candidate_3,candidate_2,candidate_1,3,0.0
733,candidate_3,candidate_2,candidate_1,3,0.0
734,candidate_3,candidate_2,candidate_1,3,0.0
735,candidate_3,candidate_2,candidate_1,3,0.0
736,candidate_3,candidate_2,candidate_1,3,0.0
737,candidate_3,candidate_2,candidate_1,3,0.0
738,candidate_3,candidate_2,candidate_1,3,0.0
739,candidate_3,candidate_2,candidate_1,3,0.0
740,candidate_3,candidate_2,candidate_1,3,0.0
741,candidate_3,candidate_2,candidate_1,3,0.0
742,candidate_3,candidate_2,candidate_1,3,0.0
743,candidate_3,candidate_2,candidate_1,3,0.0
744,candidate_3,candidate_2,candidate_1,3,0.0
745,candidate_3,candidate_2,candidate_1,3,0.0
746,candidate_3,candidate_2,candidate_1,3,0.0
747,candidate_3,candidate_2,candidate_1,3,0.0
748,candidate_3,candidate_2,candidate_1,3,0.0
749,candidate_3,candidate_2,candidate_1,3,0.0
750,candidate_3,candidate_2,candidate_1,3,0.0
751,candidate_3,candidate_2,candidate_1,3,0.0
752,candidate_3,candidate_2,candidate_1,3,0.0
753,candidate_3,candidate_2,candidate_1,3,0.0
754,candidate_3,candidate_2,candidate_1,3,0.0
755,candidate_3,candidate_2,candidate_1,3,0.0
756,candidate_3,candidate_2,candidate_1,3,0.0
757,candidate_3,candidate_2,candidate_1,3,0.0
758,candidate_3,candidate_2,candidate_1,3,0.0
759,candidate_3,candidate_2,candidate_1,3,0.0
760,candidate_3,candidate_2,candidate_1,3,0.0
761,candidate_3,candidate_2,candidate_1,3,0.0
762,candidate_3,candidate_2,candidate_1,3,0.0
763,candidate_3,candidate_2,candidate_1,3,0.0
764,candidate_3,candidate_2,candidate_1,3,0.0
765,candidate_3,candidate_2,candidate_1,3,0.0
766,candidate_3,candidate_2,candidate_1,3,0.0
767,candidate_3,candidate_2,candidate_1,3,0.0
768,candidate_3,candidate_2,candidate_1,3,0.0
769,candidate_3,candidate_2,candidate_1,3,0.0
770,candidate_3,candidate_2,candidate_1,3,0.0
771,candidate_3,candidate_2,candidate_1,3,0.0
772,candidate_3,candidate_2,candidate_1,3,0.0
773,candidate_3,candidate_2,candidate_1,3,0.0
774,candidate_3,candidate_2,candidate_1,3,0.0
775,candidate_3,candidate_2,candidate_1,3,0.0
776,candidate_3,candidate_2,candidate_1,3,0.0
777,candidate_3,candidate_2,candidate_1,3,0.0
778,candidate_3,candidate_2,candidate_1,3,0.0
779,candidate_3,candidate_2,candidate_1,3,0.0
780,candidate_3,candidate_2,candidate_1,3,0.0
781,candidate_3,candidate_2,candidate_1,3,0.0
782,candidate_3,candidate_2,candidate_1,3,0.0
783,candidate_3,candidate_2,candidate_1,3,0.0
784,candidate_3,candidate_2,candidate_1,3,0.0
785,candidate_3,candidate_2,candidate_1,3,0.0
786,candidate_3,candidate_2,candidate_1,3,0.0
787,candidate_3,candidate_2,candidate_1,3,0.0
788,candidate_3,candidate_2,candidate_1,3,0.0
789,candidate_3,candidate_2,candidate_1,3,0.0
790,candidate_3,candidate_2,candidate_1,3,0.0
791,candidate_3,candidate_2,candidate_1,3,0.0
792,candidate_3,candidate_2,candidate_1,3,0.0
793,candidate_3,candidate_2,candidate_1,3,0.0
794,candidate_3,candidate_2,candidate_1,3,0.0
795,candidate_3,candidate_2,candidate_1,3,0.0
796,candidate_3,candidate_2,candidate_1,3,0.0
797,candidate_3,candidate_2,candidate_1,3,0.0
798,candidate_3,candidate_2,candidate_1,3,0.0
799,candidate_3,candidate_2,candidate_1,3,0.0
800,candidate_3,candidate_2,candidate_1,3,0.0
801,candidate_3,candidate_2,candidate_1,3,0.0
802,candidate_3,candidate_2,candidate_1,3,0.0
803,candidate_3,candidate_2,candidate_1,3,0.0
804,candidate_3,candidate_2,candidate_1,3,0.0
805,candidate_3,candidate_2,candidate_1,3,0.0
806,candidate_3,candidate_2,candidate_1,3,0.0
807,candidate_3,candidate_2,candidate_1,3,0.0
808,candidate_3,candidate_2,candidate_1,3,0.0
809,candidate_3,candidate_2,candidate_1,3,0.0
810,candidate_3,candidate_2,candidate_1,3,0.0
811,candidate_3,candidate_2,candidate_1,3,0.0
812,candidate_3,candidate_2,candidate_1,3,0.0
813,candidate_3,candidate_2,candidate_1,3,0.0
814,candidate_3,candidate_2,candidate_1,3,0.0
815,candidate_3,candidate_2,candidate_1,3,0.0
816,candidate_3,candidate_2,candidate_1,3,0.0
817,candidate_3,candidate_2,candidate_1,3,0.0
818,candidate_3,candidate_2,candidate_1,3,0.0
819,candidate_3,candidate_2,candidate_1,3,0.0
820,candidate_3,candidate_2,candidate_1,3,0.0
821,candidate_3,candidate_2,candidate_1,3,0.0
822,candidate_3,candidate_2,candidate_1,3,0.0
823,candidate_3,candidate_2,candidate_1,3,0.0
824,candidate_3,candidate_2,candidate_1,3,0.0
825,candidate_3,candidate_2,candidate_1,3,0.0
826,candidate_3,candidate_2,candidate_1,3,0.0
827,candidate_3,candidate_2,candidate_1,3,0.0
828,candidate_3,candidate_2,candidate_1,3,0.0
829,candidate_3,candidate_2,candidate_1,3,0.0
830,candidate_3,candidate_2,candidate_1,3,0.0
831,candidate_3,candidate_2,candidate_1,3,0.0
832,candidate_3,candidate_2,candidate_1,3,0.0
833,candidate_3,candidate_2,candidate_1,3,0.0
834,candidate_3,candidate_2,candidate_1,3,0.0
835,candidate_3,candidate_2,candidate_1,3,0.0
836,candidate_3,candidate_2,candidate_1,3,0.0
837,candidate_3,candidate_2,candidate_1,3,0.0
838,candidate_3,candidate_2,candidate_1,3,0.0
839,candidate_3,candidate_2,candidate_1,3,0.0
840,candidate_3,candidate_2,candidate_1,3,0.0
841,candidate_3,candidate_2,candidate_1,3,0.0
842,candidate_3,candidate_2,candidate_1,3,0.0
843,candidate_3,candidate_2,candidate_1,3,0.0
844,candidate_3,candidate_2,candidate_1,3,0.0
845,candidate_3,candidate_2,candidate_1,3,0.0
846,candidate_3,candidate_2,candidate_1,3,0.0
847,candidate_3,candidate_2,candidate_1,3,0.0
848,candidate_3,candidate_2,candidate_1,3,0.0
849,candidate_3,candidate_2,candidate_1,3,0.0
850,candidate_3,candidate_2,candidate_1,3,0.0
851,candidate_3,candidate_2,candidate_1,3,0.0
852,candidate_3,candidate_2,candidate_1,3,0.0
853,candidate_3,candidate_2,candidate_1,3,0.0
854,candidate_3,candidate_2,candidate_1,3,0.0
855,candidate_3,candidate_2,candidate_1,3,0.0
856,candidate_3,candidate_2,candidate_1,3,0.0
857,candidate_3,candidate_2,candidate_1,3,0.0
858,candidate_3,candidate_2,candidate_1,3,0.0
859,candidate_3,candidate_2,candidate_1,3,0.0
860,candidate_3,candidate_2,candidate_1,3,0.0
861,candidate_3,candidate_2,candidate_1,3,0.0
862,candidate_3,candidate_2,candidate_1,3,0.0
863,candidate_3,candidate_2,candidate_1,3,0.0
864,candidate_3,candidate_2,candidate_1,3,0.0
865,candidate_3,candidate_2,candidate_1,3,0.0
866,candidate_3,candidate_2,candidate_1,3,0.0
867,candidate_3,candidate_2,candidate_1,3,0.0
868,candidate_3,candidate_2,candidate_1,3,0.0
869,candidate_3,candidate_2,candidate_1,3,0.0
870,candidate_3,candidate_2,candidate_1,3,0.0
871,candidate_3,candidate_2,candidate_1,3,0.0
872,candidate_3,candidate_2,candidate_1,3,0.0
873,candidate_3,candidate_2,candidate_1,3,0.0
874,candidate_3,candidate_2,candidate_1,3,0.0
875,candidate_3,candidate_2,candidate_1,3,0.0
876,candidate_3,candidate_2,candidate_1,3,0.0
877,candidate_3,candidate_2,candidate_1,3,0.0
878,candidate_3,candidate_2,candidate_1,3,0.0
879,candidate_3,candidate_2,candidate_1,3,0.0
880,candidate_3,candidate_2,candidate_1,3,0.0
881,candidate_3,candidate_2,candidate_1,3,0.0
882,candidate_3,candidate_2,candidate_1,3,0.0
883,candidate_3,candidate_2,candidate_1,3,0.0
884,candidate_3,candidate_2,candidate_1,3,0.0
885,candidate_3,candidate_2,candidate_1,3,0.0
886,candidate_3,candidate_2,candidate_1,3,0.0
887,candidate_3,candidate_2,candidate_1,3,0.0
888,candidate_3,candidate_2,candidate_1,3,0.0
889,candidate_3,candidate_2,candidate_1,3,0.0
890,candidate_3,candidate_2,candidate_1,3,0.0
891,candidate_3,candidate_2,candidate_1,3,0.0
892,candidate_3,candidate_2,candidate_1,3,0.0
893,candidate_3,candidate_2,candidate_1,3,0.0
894,candidate_3,candidate_2,candidate_1,3,0.0
895,candidate_3,candidate_2,candidate_1,3,0.0
896,candidate_3,candidate_2,candidate_1,3,0.0
897,candidate_3,candidate_2,candidate_1,3,0.0
898,candidate_3,candidate_2,candidate_1,3,0.0
899,candidate_3,candidate_2,candidate_1,3,0.0
900,candidate_3,candidate_2,candidate_1,3,0.0
901,candidate_3,candidate_2,candidate_1,3,0.0
902,candidate_3,candidate_2,candidate_1,3,0.0
903,candidate_3,candidate_2,candidate_1,3,0.0
904,candidate_3,candidate_2,candidate_1,3,0.0
905,candidate_3,candidate_2,candidate_1,3,0.0
906,candidate_3,candidate_2,candidate_1,3,0.0
907,candidate_3,candidate_2,candidate_1,3,0.0
908,candidate_3,candidate_2,candidate_1,3,0.0
909,candidate_3,candidate_2,candidate_1,3,0.0
910,candidate_3,candidate_2,candidate_1,3,0.0
911,candidate_3,candidate_2,candidate_1,3,0.0
912,candidate_3,candidate_2,candidate_1,3,0.0
913,candidate_3,candidate_2,candidate_1,3,0.0
914,candidate_3,candidate_2,candidate_1,3,0.0
915,candidate_3,candidate_2,candidate_1,3,0.0
916,candidate_3,candidate_2,candidate_1,3,0.0
917,candidate_3,candidate_2,candidate_1,3,0.0
918,candidate_3,candidate_2,candidate_1,3,0.0
919,candidate_3,candidate_2,candidate_1,3,0.0
920,candidate_3,candidate_2,candidate_1,3,0.0
921,candidate_3,candidate_2,candidate_1,3,0.0
922,candidate_3,candidate_2,candidate_1,3,0.0
923,candidate_3,candidate_2,candidate_1,3,0.0
924,candidate_3,candidate_2,candidate_1,3,0.0
925,candidate_3,candidate_2,candidate_1,3,0.0
926,candidate_3,candidate_2,candidate_1,3,0.0
927,candidate_3,candidate_2,candidate_1,3,0.0
928,candidate_3,candidate_2,candidate_1,3,0.0
929,candidate_3,candidate_2,candidate_1,3,0.0
930,candidate_3,candidate_2,candidate_1,3,0.0
931,candidate_3,candidate_2,candidate_1,3,0.0
932,candidate_3,candidate_2,candidate_1,3,0.0
933,candidate_3,candidate_2,candidate_1,3,0.0
934,candidate_3,candidate_2,candidate_1,3,0.0
935,candidate_3,candidate_2,candidate_1,3,0.0
936,candidate_3,candidate_2,candidate_1,3,0.0
937,candidate_3,candidate_2,candidate_1,3,0.0
938,candidate_3,candidate_2,candidate_1,3,0.0
939,candidate_3,candidate_2,candidate_1,3,0.0
940,candidate_3,candidate_2,candidate_1,3,0.0
941,candidate_3,candidate_2,candidate_1,3,0.0
942,candidate_3,candidate_2,candidate_1,3,0.0
943,candidate_3,candidate_2,candidate_1,3,0.0
944,candidate_3,candidate_2,candidate_1,3,0.0
945,candidate_3,candidate_2,candidate_1,3,0.0
946,candidate_3,candidate_2,candidate_1,3,0.0
947,candidate_3,candidate_2,candidate_1,3,0.0
948,candidate_3,candidate_2,candidate_1,3,0.0
949,candidate_3,candidate_2,candidate_1,3,0.0
950,candidate_3,candidate_2,candidate_1,3,0.0
951,candidate_3,candidate_2,candidate_1,3,0.0
952,candidate_3,candidate_2,candidate_1,3,0.0
953,candidate_3,candidate_2,candidate_1,3,0.0
954,candidate_3,candidate_2,candidate_1,3,0.0
955,candidate_3,candidate_2,candidate_1,3,0.0
956,candidate_3,candidate_2,candidate_1,3,0.0
957,candidate_3,candidate_2,candidate_1,3,0.0
958,candidate_3,candidate_2,candidate_1,3,0.0
959,candidate_3,candidate_2,candidate_1,3,0.0
960,candidate_3,candidate_2,candidate_1,3,0.0
961,candidate_3,candidate_2,candidate_1,3,0.0
962,candidate_3,candidate_2,candidate_1,3,0.0
963,candidate_3,candidate_2,candidate_1,3,0.0
964,candidate_3,candidate_2,candidate_1,3,0.0
965,candidate_3,candidate_2,candidate_1,3,0.0
966,candidate_3,candidate_2,candidate_1,3,0.0
967,candidate_3,candidate_2,candidate_1,3,0.0
968,candidate_3,candidate_2,candidate_1,3,0.0
969,candidate_3,candidate_2,candidate_1,3,0.0
970,candidate_3,candidate_2,candidate_1,3,0.0
971,candidate_3,candidate_2,candidate_1,3,0.0
972,candidate_3,candidate_2,candidate_1,3,0.0
973,candidate_3,candidate_2,candidate_1,3,0.0
974,candidate_3,candidate_2,candidate_1,3,0.0
975,candidate_3,candidate_2,candidate_1,3,0.0
976,candidate_3,candidate_2,candidate_1,3,0.0
977,candidate_3,candidate_2,candidate_1,3,0.0
978,candidate_3,candidate_2,candidate_1,3,0.0
979,candidate_3,candidate_2,candidate_1,3,0.0
980,candidate_3,candidate_2,candidate_1,3,0.0
981,candidate_3,candidate_2,candidate_1,3,0.0
982,candidate_3,candidate_2,candidate_1,3,0.0
983,candidate_3,candidate_2,candidate_1,3,0.0
984,candidate_3,candidate_2,candidate_1,3,0.0
985,candidate_3,candidate_2,candidate_1,3,0.0
986,candidate_3,candidate_2,candidate_1,3,0.0
987,candidate_3,candidate_2,candidate_1,3,0.0
988,candidate_3,candidate_2,candidate_1,3,0.0
989,candidate_3,candidate_2,candidate_1,3,0.0
990,candidate_3,candidate_2,candidate_1,3,0.0
991,candidate_3,candidate_2,candidate_1,3,0.0
992,candidate_3,candidate_2,candidate_1,3,0.0
993,candidate_3,candidate_2,candidate_1,3,0.0
994,candidate_3,candidate_2,candidate_1,3,0.0
995,candidate_3,candidate_2,candidate_1,3,0.0
996,candidate_3,candidate_2,candidate_1,3,0.0
997,candidate_3,candidate_2,candidate_1,3,0.0
998,candidate_3,candidate_2,candidate_1,3,0.0
999,candidate_3,candidate_2,candidate_1,3,0.0
1000,candidate_3,candidate_2,candidate_1,3,0.0
1001,candidate_3,candidate_2,candidate_1,3,0.0
1002,candidate_3,candidate_2,candidate_1,3,0.0
1003,candidate_3,candidate_2,candidate_1,3,0.0
1004,candidate_3,candidate_2,candidate_1,3,0.0
1005,candidate_3,candidate_2,candidate_1,3,0.0
1006,candidate_3,candidate_2,candidate_1,3,0.0
1007,candidate_3,candidate_2,candidate_1,3,0.0
1008,candidate_3,candidate_2,candidate_1,3,0.0
1009,candidate_3,candidate_2,candidate_1,3,0.0
1010,candidate_3,candidate_2,candidate_1,3,0.0
1011,candidate_3,candidate_2,candidate_1,3,0.0
1012,candidate_3,candidate_2,candidate_1,3,0.0
1013,candidate_3,candidate_2,candidate_1,3,0.0
1014,candidate_3,candidate_2,candidate_1,3,0.0
1015,candidate_3,candidate_2,candidate_1,3,0.0
1016,candidate_3,candidate_2,candidate_1,3,0.0
1017,candidate_3,candidate_2,candidate_1,3,0.0
1018,candidate_3,candidate_2,candidate_1,3,0.0
1019,candidate_3,candidate_2,candidate_1,3,0.0
1020,candidate_3,candidate_2,candidate_1,3,0.0
1021,candidate_3,candidate_2,candidate_1,3,0.0
1022,candidate_3,candidate_2,candidate_1,3,0.0
1023,candidate_3,candidate_2,candidate_1,3,0.0
1024,candidate_3,candidate_2,candidate_1,3,0.0
1025,candidate_3,candidate_2,candidate_1,3,0.0
1026,candidate_3,candidate_2,candidate_1,3,0.0
1027,candidate_3,candidate_2,candidate_1,3,0.0
1028,candidate_3,candidate_2,candidate_1,3,0.0
1029,candidate_3,candidate_2,candidate_1,3,0.0
1030,candidate_3,candidate_2,candidate_1,3,0.0
1031,candidate_3,candidate_2,candidate_1,3,0.0
1032,candidate_3,candidate_2,candidate_1,3,0.0
1033,candidate_3,candidate_2,candidate_1,3,0.0
1034,candidate_3,candidate_2,candidate_1,3,0.0
1035,candidate_3,candidate_2,candidate_1,3,0.0
1036,candidate_3,candidate_2,candidate_1,3,0.0
1037,candidate_3,candidate_2,candidate_1,3,0.0
1038,candidate_3,candidate_2,candidate_1,3,0.0
1039,candidate_3,candidate_2,candidate_1,3,0.0
1040,candidate_3,candidate_2,candidate_1,3,0.0
1041,candidate_3,candidate_2,candidate_1,3,0.0
1042,candidate_3,candidate_2,candidate_1,3,0.0
1043,candidate_3,candidate_2,candidate_1,3,0.0
1044,candidate_3,candidate_2,candidate_1,3,0.0
1045,candidate_3,candidate_2,candidate_1,3,0.0
1046,candidate_3,candidate_2,candidate_1,3,0.0
1047,candidate_3,candidate_2,candidate_1,3,0.0
1048,candidate_3,candidate_2,candidate_1,3,0.0
1049,candidate_3,candidate_2,candidate_1,3,0.0
1050,candidate_3,candidate_2,candidate_1,3,0.0
1051,candidate_3,candidate_2,candidate_1,3,0.0
1052,candidate_3,candidate_2,candidate_1,3,0.0
1053,candidate_3,candidate_2,candidate_1,3,0.0
1054,candidate_3,candidate_2,candidate_1,3,0.0
1055,candidate_3,candidate_2,candidate_1,3,0.0
1056,candidate_3,candidate_2,candidate_1,3,0.0
1057,candidate_3,candidate_2,candidate_1,3,0.0
1058,candidate_3,candidate_2,candidate_1,3,0.0
1059,candidate_3,candidate_2,candidate_1,3,0.0
1060,candidate_3,candidate_2,candidate_1,3,0.0
1061,candidate_3,candidate_2,candidate_1,3,0.0
1062,candidate_3,candidate_2,candidate_1,3,0.0
1063,candidate_3,candidate_2,candidate_1,3,0.0
1064,candidate_3,candidate_2,candidate_1,3,0.0
1065,candidate_3,candidate_2,candidate_1,3,0.0
1066,candidate_3,candidate_2,candidate_1,3,0.0
1067,candidate_3,candidate_2,candidate_1,3,0.0
1068,candidate_3,candidate_2,candidate_1,3,0.0
1069,candidate_3,candidate_2,candidate_1,3,0.0
1070,candidate_3,candidate_2,candidate_1,3,0.0
1071,candidate_3,candidate_2,candidate_1,3,0.0
1072,candidate_3,candidate_2,candidate_1,3,0.0
1073,candidate_3,candidate_2,candidate_1,3,0.0
1074,candidate_3,candidate_2,candidate_1,3,0.0
1075,candidate_3,candidate_2,candidate_1,3,0.0
1076,candidate_3,candidate_2,candidate_1,3,0.0
1077,candidate_3,candidate_2,candidate_1,3,0.0
1078,candidate_3,candidate_2,candidate_1,3,0.0
1079,candidate_3,candidate_2,candidate_1,3,0.0
1080,candidate_3,candidate_2,candidate_1,3,0.0
1081,candidate_3,candidate_2,candidate_1,3,0.0
1082,candidate_3,candidate_2,candidate_1,3,0.0
1083,candidate_3,candidate_2,candidate_1,3,0.0
1084,candidate_3,candidate_2,candidate_1,3,0.0
1085,candidate_3,candidate_2,candidate_1,3,0.0
1086,candidate_3,candidate_2,candidate_1,3,0.0
1087,candidate_3,candidate_2,candidate_1,3,0.0
1088,candidate_3,candidate_2,candidate_1,3,0.0
1089,candidate_3,candidate_2,candidate_1,3,0.0
1090,candidate_3,candidate_2,candidate_1,3,0.0
1091,candidate_3,candidate_2,candidate_1,3,0.0
1092,candidate_3,candidate_2,candidate_1,3,0.0
1093,candidate_3,candidate_2,candidate_1,3,0.0
1094,candidate_3,candidate_2,candidate_1,3,0.0
1095,candidate_3,candidate_2,candidate_1,3,0.0
1096,candidate_3,candidate_2,candidate_1,3,0.0
1097,candidate_3,candidate_2,candidate_1,3,0.0
1098,candidate_3,candidate_2,candidate_1,3,0.0
1099,candidate_3,candidate_2,candidate_1,3,0.0
1100,candidate_3,candidate_2,candidate_1,3,0.0
1101,candidate_3,candidate_2,candidate_1,3,0.0
1102,candidate_3,candidate_2,candidate_1,3,0.0
1103,candidate_3,candidate_2,candidate_1,3,0.0
1104,candidate_3,candidate_2,candidate_1,3,0.0
1105,candidate_3,candidate_2,candidate_1,3,0.0
1106,candidate_3,candidate_2,candidate_1,3,0.0
1107,candidate_3,candidate_2,candidate_1,3,0.0
1108,candidate_3,candidate_2,candidate_1,3,0.0
1109,candidate_3,candidate_2,candidate_1,3,0.0
1110,candidate_3,candidate_2,candidate_1,3,0.0
1111,candidate_3,candidate_2,candidate_1,3,0.0
1112,candidate_3,candidate_2,candidate_1,3,0.0
1113,candidate_3,candidate_2,candidate_1,3,0.0
1114,candidate_3,candidate_2,candidate_1,3,0.0
1115,candidate_3,candidate_2,candidate_1,3,0.0
1116,candidate_3,candidate_2,candidate_1,3,0.0
1117,candidate_3,candidate_2,candidate_1,3,0.0
1118,candidate_3,candidate_2,candidate_1,3,0.0
1119,candidate_3,candidate_2,candidate_1,3,0.0
1120,candidate_3,candidate_2,candidate_1,3,0.0
1121,candidate_3,candidate_2,candidate_1,3,0.0
1122,candidate_3,candidate_2,candidate_1,3,0.0
1123,candidate_3,candidate_2,candidate_1,3,0.0
1124,candidate_3,candidate_2,candidate_1,3,0.0
1125,candidate_3,candidate_2,candidate_1,3,0.0
1126,candidate_3,candidate_2,candidate_1,3,0.0
1127,candidate_3,candidate_2,candidate_1,3,0.0
1128,candidate_3,candidate_2,candidate_1,3,0.0
1129,candidate_3,candidate_2,candidate_1,3,0.0
1130,candidate_3,candidate_2,candidate_1,3,0.0
1131,candidate_3,candidate_2,candidate_1,3,0.0
1132,candidate_3,candidate_2,candidate_1,3,0.0
1133,candidate_3,candidate_2,candidate_1,3,0.0
1134,candidate_3,candidate_2,candidate_1,3,0.0
1135,candidate_3,candidate_2,candidate_1,3,0.0
1136,candidate_3,candidate_2,candidate_1,3,0.0
1137,candidate_3,candidate_2,candidate_1,3,0.0
1138,candidate_3,candidate_2,candidate_1,3,0.0
1139,candidate_3,candidate_2,candidate_1,3,0.0
1140,candidate_3,candidate_2,candidate_1,3,0.0
1141,candidate_3,candidate_2,candidate_1,3,0.0
1142,candidate_3,candidate_2,candidate_1,3,0.0
1143,candidate_3,candidate_2,candidate_1,3,0.0
1144,candidate_3,candidate_2,candidate_1,3,0.0
1145,candidate_3,candidate_2,candidate_1,3,0.0
1146,candidate_3,candidate_2,candidate_1,3,0.0
1147,candidate_3,candidate_2,candidate_1,3,0.0
1148,candidate_3,candidate_2,candidate_1,3,0.0
1149,candidate_3,candidate_2,candidate_1,3,0.0
1150,candidate_3,candidate_2,candidate_1,3,0.0
1151,candidate_3,candidate_2,candidate_1,3,0.0
1152,candidate_3,candidate_2,candidate_1,3,0.0
1153,candidate_3,candidate_2,candidate_1,3,0.0
1154,candidate_3,candidate_2,candidate_1,3,0.0
1155,candidate_3,candidate_2,candidate_1,3,0.0
1156,candidate_3,candidate_2,candidate_1,3,0.0
1157,candidate_3,candidate_2,candidate_1,3,0.0
1158,candidate_3,candidate_2,candidate_1,3,0.0
1159,candidate_3,candidate_2,candidate_1,3,0.0
1160,candidate_3,candidate_2,candidate_1,3,0.0
1161,candidate_3,candidate_2,candidate_1,3,0.0
1162,candidate_3,candidate_2,candidate_1,3,0.0
1163,candidate_3,candidate_2,candidate_1,3,0.0
1164,candidate_3,candidate_2,candidate_1,3,0.0
1165,candidate_3,candidate_2,candidate_1,3,0.0
1166,candidate_3,candidate_2,candidate_1,3,0.0
1167,candidate_3,candidate_2,candidate_1,3,0.0
1168,candidate_3,candidate_2,candidate_1,3,0.0
1169,candidate_3,candidate_2,candidate_1,3,0.0
1170,candidate_3,candidate_2,candidate_1,3,0.0
1171,candidate_3,candidate_2,candidate_1,3,0.0
1172,candidate_3,candidate_2,candidate_1,3,0.0
1173,candidate_3,candidate_2,candidate_1,3,0.0
1174,candidate_3,candidate_2,candidate_1,3,0.0
1175,candidate_3,candidate_2,candidate_1,3,0.0
1176,candidate_3,candidate_2,candidate_1,3,0.0
1177,candidate_3,candidate_2,candidate_1,3,0.0
1178,candidate_3,candidate_2,candidate_1,3,0.0
1179,candidate_3,candidate_2,candidate_1,3,0.0
1180,candidate_3,candidate_2,candidate_1,3,0.0
1181,candidate_3,candidate_2,candidate_1,3,0.0
1182,candidate_3,candidate_2,candidate_1,3,0.0
1183,candidate_3,candidate_2,candidate_1,3,0.0
1184,candidate_3,candidate_2,candidate_1,3,0.0
1185,candidate_3,candidate_2,candidate_1,3,0.0
1186,candidate_3,candidate_2,candidate_1,3,0.0
1187,candidate_3,candidate_2,candidate_1,3,0.0
1188,candidate_3,candidate_2,candidate_1,3,0.0
1189,candidate_3,candidate_2,candidate_1,3,0.0
1190,candidate_3,candidate_2,candidate_1,3,0.0
1191,candidate_3,candidate_2,candidate_1,3,0.0
1192,candidate_3,candidate_2,candidate_1,3,0.0
1193,candidate_3,candidate_2,candidate_1,3,0.0
1194,candidate_3,candidate_2,candidate_1,3,0.0
1195,candidate_3,candidate_2,candidate_1,3,0.0
1196,candidate_3,candidate_2,candidate_1,3,0.0
1197,candidate_3,candidate_2,candidate_1,3,0.0
1198,candidate_3,candidate_2,candidate_1,3,0.0
1199,candidate_3,candidate_2,candidate_1,3,0.0
1200,candidate_3,candidate_2,candidate_1,3,0.0
1201,candidate_3,candidate_2,candidate_1,3,0.0
1202,candidate_3,candidate_2,candidate_1,3,0.0
1203,candidate_3,candidate_2,candidate_1,3,0.0
1204,candidate_3,candidate_2,candidate_1,3,0.0
1205,candidate_3,candidate_2,candidate_1,3,0.0
1206,candidate_3,candidate_2,candidate_1,3,0.0
1207,candidate_3,candidate_2,candidate_1,3,0.0
1208,candidate_3,candidate_2,candidate_1,3,0.0
1209,candidate_3,candidate_2,candidate_1,3,0.0
1210,candidate_3,candidate_2,candidate_1,3,0.0
1211,candidate_3,candidate_2,candidate_1,3,0.0
1212,candidate_3,candidate_2,candidate_1,3,0.0
1213,candidate_3,candidate_2,candidate_1,3,0.0
1214,candidate_3,candidate_2,candidate_1,3,0.0
1215,candidate_3,candidate_2,candidate_1,3,0.0
1216,candidate_3,candidate_2,candidate_1,3,0.0
1217,candidate_3,candidate_2,candidate_1,3,0.0
1218,candidate_3,candidate_2,candidate_1,3,0.0
1219,candidate_3,candidate_2,candidate_1,3,0.0
1220,candidate_3,candidate_2,candidate_1,3,0.0
1221,candidate_3,candidate_2,candidate_1,3,0.0
1222,candidate_3,candidate_2,candidate_1,3,0.0
1223,candidate_3,candidate_2,candidate_1,3,0.0
1224,candidate_3,candidate_2,candidate_1,3,0.0
1225,candidate_3,candidate_2,candidate_1,3,0.0
1226,candidate_3,candidate_2,candidate_1,3,0.0
1227,candidate_3,candidate_2,candidate_1,3,0.0
1228,candidate_3,candidate_2,candidate_1,3,0.0
1229,candidate_3,candidate_2,candidate_1,3,0.0
1230,candidate_3,candidate_2,candidate_1,3,0.0
1231,candidate_3,candidate_2,candidate_1,3,0.0
1232,candidate_3,candidate_2,candidate_1,3,0.0
1233,candidate_3,candidate_2,candidate_1,3,0.0
1234,candidate_3,candidate_2,candidate_1,3,0.0
1235,candidate_3,candidate_2,candidate_1,3,0.0
1236,candidate_3,candidate_2,candidate_1,3,0.0
1237,candidate_3,candidate_2,candidate_1,3,0.0
1238,candidate_3,candidate_2,candidate_1,3,0.0
1239,candidate_3,candidate_2,candidate_1,3,0.0
1240,candidate_3,candidate_2,candidate_1,3,0.0
1241,candidate_3,candidate_2,candidate_1,3,0.0
1242,candidate_3,candidate_2,candidate_1,3,0.0
1243,candidate_3,candidate_2,candidate_1,3,0.0
1244,candidate_3,candidate_2,candidate_1,3,0.0
1245,candidate_3,candidate_2,candidate_1,3,0.0
1246,candidate_3,candidate_2,candidate_1,3,0.0
1247,candidate_3,candidate_2,candidate_1,3,0.0
1248,candidate_3,candidate_2,candidate_1,3,0.0
1249,candidate_3,candidate_2,candidate_1,3,0.0
