,candidate_1,candidate_2,candidate_3,candidate_4,candidate_5,num_candidates,noise
0,candidate_1,candidate_2,candidate_3,candidate_4,0,5,0.024
1,candidate_1,candidate_2,candidate_3,candidate_4,candidate_5,5,0.024
2,candidate_1,candidate_2,candidate_3,candidate_4,candidate_5,5,0.024
3,candidate_1,candidate_2,candidate_3,candidate_4,candidate_5,5,0.024
4,candidate_1,candidate_2,candidate_3,candidate_4,candidate_5,5,0.024
5,candidate_1,candidate_2,candidate_3,candidate_4,candidate_5,5,0.024
6,candidate_1,candidate_2,candidate_3,candidate_4,candidate_5,5,0.024
7,candidate_1,candidate_2,candidate_3,candidate_4,candidate_5,5,0.024
8,candidate_1,0,candidate_3,candidate_4,candidate_5,5,0.024
9,candidate_1,candidate_2,candidate_3,candidate_4,candidate_5,5,0.024
10,candidate_1,candidate_2,candidate_3,candidate_4,candidate_5,5,0.024
11,candidate_1,candidate_2,candidate_3,candidate_4,candidate_5,5,0.024
12,candidate_1,candidate_2,candidate_3,candidate_4,candidate_5,5,0.024
13,candidate_1,candidate_2,candidate_3,0,candidate_5,5,0.024
14,candidate_1,candidate_2,candidate_3,candidate_4,candidate_5,5,0.024
15,candidate_1,candidate_2,candidate_3,candidate_4,candidate_5,5,0.024
16,candidate_1,candidate_2,candidate_3,candidate_4,candidate_5,5,0.024
17,candidate_1,candidate_2,candidate_3,candidate_4,candidate_5,5,0.024
18,candidate_1,candidate_2,candidate_3,candidate_4,candidate_5,5,0.024
19,candidate_1,candidate_2,candidate_3,candidate_4,candidate_5,5,0.024
20,candidate_1,candidate_2,candidate_3,candidate_4,candidate_5,5,0.024
21,candidate_1,candidate_2,candidate_3,candidate_4,candidate_5,5,0.024
22,candidate_1,candidate_2,candidate_3,candidate_4,candidate_5,5,0.024
23,candidate_1,candidate_2,0,candidate_4,candidate_5,5,0.024
24,candidate_1,candidate_2,candidate_3,candidate_4,candidate_5,5,0.024
25,candidate_1,candidate_2,candidate_3,candidate_4,candidate_5,5,0.024
26,candidate_1,candidate_2,candidate_3,candidate_4,candidate_5,5,0.024
27,candidate_1,candidate_2,candidate_3,candidate_4,candidate_5,5,0.024
28,candidate_1,candidate_2,candidate_3,candidate_4,candidate_5,5,0.024
29,candidate_1,candidate_2,candidate_3,candidate_4,candidate_5,5,0.024
30,candidate_1,candidate_2,candidate_3,candidate_4,candidate_5,5,0.024
31,candidate_1,candidate_2,candidate_3,candidate_4,candidate_5,5,0.024
32,candidate_1,candidate_2,candidate_3,candidate_4,candidate_5,5,0.024
33,candidate_1,candidate_2,candidate_3,candidate_4,candidate_5,5,0.024
34,candidate_1,candidate_2,candidate_3,0,candidate_5,5,0.024
35,candidate_1,candidate_2,candidate_3,candidate_4,candidate_5,5,0.024
36,candidate_1,candidate_2,candidate_3,candidate_4,candidate_5,5,0.024
37,candidate_1,candidate_2,candidate_3,candidate_4,candidate_5,5,0.024
38,candidate_1,candidate_2,candidate_3,candidate_4,candidate_5,5,0.024
39,candidate_1,candidate_2,candidate_3,candidate_4,candidate_5,5,0.024
40,candidate_1,0,candidate_3,candidate_4,candidate_5,5,0.024
41,candidate_1,candidate_2,candidate_3,candidate_4,candidate_5,5,0.024
42,candidate_1,candidate_2,candidate_3,candidate_4,candidate_5,5,0.024
43,candidate_1,candidate_2,candidate_3,candidate_4,candidate_5,5,0.024
44,candidate_1,candidate_2,candidate_3,candidate_4,candidate_5,5,0.024
45,candidate_1,candidate_2,candidate_3,candidate_4,candidate_5,5,0.024
46,candidate_1,candidate_2,candidate_3,candidate_4,candidate_5,5,0.024
47,0,candidate_2,candidate_3,candidate_4,candidate_5,5,0.024
48,candidate_1,candidate_2,candidate_3,candidate_4,candidate_5,5,0.024
49,candidate_1,candidate_2,candidate_3,candidate_4,candidate_5,5,0.024
50,candidate_1,candidate_2,candidate_3,0,0,5,0.024
51,candidate_1,candidate_2,candidate_3,candidate_4,candidate_5,5,0.024
52,candidate_1,candidate_2,candidate_3,candidate_4,candidate_5,5,0.024
53,candidate_1,candidate_2,candidate_3,candidate_4,candidate_5,5,0.024
54,candidate_1,candidate_2,candidate_3,candidate_4,candidate_5,5,0.024
55,candidate_1,candidate_2,candidate_3,candidate_4,candidate_5,5,0.024
56,candidate_1,candidate_2,candidate_3,candidate_4,candidate_5,5,0.024
57,candidate_1,candidate_2,candidate_3,candidate_4,candidate_5,5,0.024
58,candidate_1,candidate_2,candidate_3,candidate_4,candidate_5,5,0.024
59,candidate_1,candidate_2,candidate_3,candidate_4,candidate_5,5,0.024
60,candidate_1,candidate_2,candidate_3,candidate_4,candidate_5,5,0.024
61,candidate_1,candidate_2,candidate_3,candidate_4,candidate_5,5,0.024
62,candidate_1,candidate_2,candidate_3,candidate_4,candidate_5,5,0.024
63,candidate_1,candidate_2,candidate_3,0,candidate_5,5,0.024
64,candidate_1,candidate_2,candidate_3,candidate_4,candidate_5,5,0.024
65,candidate_1,candidate_2,candidate_3,candidate_4,candidate_5,5,0.024
66,candidate_1,candidate_2,candidate_3,candidate_4,candidate_5,5,0.024
67,candidate_1,candidate_2,candidate_3,candidate_4,candidate_5,5,0.024
68,candidate_1,candidate_2,candidate_3,candidate_4,candidate_5,5,0.024
69,candidate_1,candidate_2,candidate_3,candidate_4,candidate_5,5,0.024
70,candidate_1,candidate_2,candidate_3,candidate_4,candidate_5,5,0.024
71,candidate_1,candidate_2,candidate_3,candidate_4,candidate_5,5,0.024
72,candidate_1,candidate_2,candidate_3,candidate_4,candidate_5,5,0.024
73,candidate_1,candidate_2,candidate_3,candidate_4,candidate_5,5,0.024
74,candidate_1,candidate_2,candidate_3,candidate_4,0,5,0.024
75,candidate_1,candidate_2,candidate_3,candidate_4,candidate_5,5,0.024
76,candidate_1,candidate_2,candidate_3,candidate_4,candidate_5,5,0.024
77,candidate_1,candidate_2,candidate_3,candidate_4,candidate_5,5,0.024
78,candidate_1,candidate_2,candidate_3,candidate_4,0,5,0.024
79,candidate_1,candidate_2,candidate_3,candidate_4,candidate_5,5,0.024
80,candidate_1,candidate_2,candidate_3,candidate_4,candidate_5,5,0.024
81,candidate_1,candidate_2,candidate_3,candidate_4,candidate_5,5,0.024
82,candidate_1,candidate_2,candidate_3,candidate_4,candidate_5,5,0.024
83,candidate_1,candidate_2,candidate_3,candidate_4,candidate_5,5,0.024
84,candidate_1,candidate_2,candidate_3,candidate_4,candidate_5,5,0.024
85,candidate_1,candidate_2,candidate_3,candidate_4,candidate_5,5,0.024
86,candidate_1,candidate_2,candidate_3,candidate_4,candidate_5,5,0.024
87,candidate_1,candidate_2,candidate_3,candidate_4,candidate_5,5,0.024
88,candidate_1,candidate_2,candidate_3,candidate_4,candidate_5,5,0.024
89,candidate_1,candidate_2,candidate_3,candidate_4,candidate_5,5,0.024
90,candidate_1,candidate_2,candidate_3,candidate_4,candidate_5,5,0.024
91,candidate_1,candidate_2,candidate_3,candidate_4,0,5,0.024
92,candidate_1,candidate_2,candidate_3,candidate_4,0,5,0.024
93,candidate_1,candidate_2,candidate_3,candidate_4,candidate_5,5,0.024
94,candidate_1,candidate_2,candidate_3,candidate_4,candidate_5,5,0.024
95,candidate_1,0,candidate_3,candidate_4,candidate_5,5,0.024
96,candidate_1,candidate_2,candidate_3,candidate_4,candidate_5,5,0.024
97,candidate_1,candidate_2,candidate_3,candidate_4,candidate_5,5,0.024
98,candidate_1,candidate_2,candidate_3,candidate_4,candidate_5,5,0.024
99,candidate_1,candidate_2,candidate_3,candidate_4,candidate_5,5,0.024
100,candidate_1,candidate_2,candidate_3,candidate_4,candidate_5,5,0.024
101,candidate_1,candidate_2,candidate_3,candidate_4,candidate_5,5,0.024
102,candidate_1,candidate_2,candidate_3,candidate_4,candidate_5,5,0.024
103,candidate_1,candidate_2,candidate_3,candidate_4,candidate_5,5,0.024
104,candidate_1,candidate_2,candidate_3,candidate_4,candidate_5,5,0.024
105,candidate_1,candidate_2,candidate_3,candidate_4,candidate_5,5,0.024
106,candidate_1,candidate_2,candidate_3,candidate_4,candidate_5,5,0.024
107,candidate_1,candidate_2,candidate_3,candidate_4,candidate_5,5,0.024
108,candidate_1,candidate_2,candidate_3,candidate_4,candidate_5,5,0.024
109,candidate_1,candidate_2,candidate_3,candidate_4,candidate_5,5,0.024
110,candidate_1,candidate_2,candidate_3,candidate_4,candidate_5,5,0.024
111,candidate_1,candidate_2,candidate_3,candidate_4,candidate_5,5,0.024
112,candidate_1,candidate_2,candidate_3,candidate_4,candidate_5,5,0.024
113,candidate_1,candidate_2,candidate_3,candidate_4,candidate_5,5,0.024
114,candidate_1,candidate_2,candidate_3,candidate_4,candidate_5,5,0.024
115,candidate_1,candidate_2,candidate_3,0,candidate_5,5,0.024
116,candidate_1,candidate_2,candidate_3,candidate_4,candidate_5,5,0.024
117,candidate_1,0,candidate_3,candidate_4,candidate_5,5,0.024
118,candidate_1,candidate_2,candidate_3,0,candidate_5,5,0.024
119,candidate_1,candidate_2,candidate_3,candidate_4,candidate_5,5,0.024
120,candidate_1,candidate_2,candidate_3,candidate_4,candidate_5,5,0.024
121,candidate_1,candidate_2,candidate_3,candidate_4,candidate_5,5,0.024
122,candidate_1,candidate_2,candidate_3,candidate_4,candidate_5,5,0.024
123,candidate_1,candidate_2,candidate_3,candidate_4,candidate_5,5,0.024
124,candidate_1,candidate_2,candidate_3,candidate_4,candidate_5,5,0.024
125,candidate_1,candidate_2,candidate_3,candidate_4,candidate_5,5,0.024
0,candidate_1,candidate_2,candidate_3,candidate_5,candidate_4,5,0.024
1,candidate_1,candidate_2,candidate_3,candidate_5,candidate_4,5,0.024
2,0,candidate_2,candidate_3,candidate_5,candidate_4,5,0.024
3,candidate_1,candidate_2,candidate_3,candidate_5,candidate_4,5,0.024
4,candidate_1,candidate_2,candidate_3,candidate_5,candidate_4,5,0.024
5,candidate_1,candidate_2,candidate_3,candidate_5,candidate_4,5,0.024
6,candidate_1,candidate_2,candidate_3,candidate_5,candidate_4,5,0.024
7,candidate_1,candidate_2,candidate_3,candidate_5,candidate_4,5,0.024
8,candidate_1,candidate_2,candidate_3,candidate_5,candidate_4,5,0.024
9,candidate_1,candidate_2,candidate_3,candidate_5,candidate_4,5,0.024
10,candidate_1,candidate_2,candidate_3,candidate_5,candidate_4,5,0.024
11,candidate_1,candidate_2,candidate_3,candidate_5,candidate_4,5,0.024
12,candidate_1,candidate_2,candidate_3,candidate_5,candidate_4,5,0.024
13,candidate_1,candidate_2,candidate_3,candidate_5,candidate_4,5,0.024
14,candidate_1,candidate_2,candidate_3,candidate_5,candidate_4,5,0.024
15,candidate_1,candidate_2,candidate_3,candidate_5,candidate_4,5,0.024
16,candidate_1,candidate_2,candidate_3,candidate_5,candidate_4,5,0.024
17,candidate_1,candidate_2,candidate_3,candidate_5,candidate_4,5,0.024
18,candidate_1,candidate_2,candidate_3,candidate_5,candidate_4,5,0.024
19,candidate_1,candidate_2,candidate_3,candidate_5,candidate_4,5,0.024
20,candidate_1,candidate_2,candidate_3,candidate_5,candidate_4,5,0.024
21,candidate_1,candidate_2,candidate_3,candidate_5,candidate_4,5,0.024
22,candidate_1,candidate_2,candidate_3,candidate_5,candidate_4,5,0.024
23,candidate_1,candidate_2,candidate_3,candidate_5,candidate_4,5,0.024
24,candidate_1,candidate_2,candidate_3,candidate_5,candidate_4,5,0.024
25,candidate_1,candidate_2,candidate_3,candidate_5,candidate_4,5,0.024
26,candidate_1,candidate_2,candidate_3,candidate_5,candidate_4,5,0.024
27,candidate_1,candidate_2,candidate_3,candidate_5,candidate_4,5,0.024
28,candidate_1,candidate_2,candidate_3,candidate_5,candidate_4,5,0.024
29,candidate_1,candidate_2,candidate_3,candidate_5,candidate_4,5,0.024
30,candidate_1,candidate_2,candidate_3,candidate_5,candidate_4,5,0.024
31,candidate_1,candidate_2,candidate_3,candidate_5,candidate_4,5,0.024
32,candidate_1,candidate_2,candidate_3,candidate_5,candidate_4,5,0.024
33,candidate_1,candidate_2,candidate_3,candidate_5,candidate_4,5,0.024
34,0,candidate_2,candidate_3,candidate_5,candidate_4,5,0.024
35,candidate_1,candidate_2,candidate_3,candidate_5,candidate_4,5,0.024
36,candidate_1,candidate_2,candidate_3,candidate_5,candidate_4,5,0.024
37,candidate_1,candidate_2,candidate_3,candidate_5,candidate_4,5,0.024
38,candidate_1,candidate_2,candidate_3,candidate_5,candidate_4,5,0.024
39,candidate_1,candidate_2,candidate_3,candidate_5,candidate_4,5,0.024
40,candidate_1,candidate_2,0,candidate_5,candidate_4,5,0.024
41,candidate_1,candidate_2,candidate_3,candidate_5,candidate_4,5,0.024
42,candidate_1,candidate_2,candidate_3,candidate_5,candidate_4,5,0.024
43,candidate_1,candidate_2,candidate_3,candidate_5,candidate_4,5,0.024
44,candidate_1,candidate_2,candidate_3,candidate_5,candidate_4,5,0.024
45,candidate_1,candidate_2,candidate_3,candidate_5,candidate_4,5,0.024
46,candidate_1,candidate_2,candidate_3,candidate_5,candidate_4,5,0.024
47,candidate_1,candidate_2,candidate_3,candidate_5,candidate_4,5,0.024
48,candidate_1,candidate_2,candidate_3,candidate_5,candidate_4,5,0.024
49,candidate_1,candidate_2,candidate_3,candidate_5,candidate_4,5,0.024
50,candidate_1,candidate_2,candidate_3,candidate_5,candidate_4,5,0.024
51,0,candidate_2,candidate_3,candidate_5,0,5,0.024
52,candidate_1,candidate_2,candidate_3,candidate_5,candidate_4,5,0.024
53,candidate_1,candidate_2,candidate_3,candidate_5,candidate_4,5,0.024
54,candidate_1,candidate_2,candidate_3,candidate_5,candidate_4,5,0.024
55,candidate_1,candidate_2,candidate_3,candidate_5,candidate_4,5,0.024
56,candidate_1,candidate_2,candidate_3,candidate_5,candidate_4,5,0.024
57,candidate_1,candidate_2,candidate_3,candidate_5,candidate_4,5,0.024
58,candidate_1,candidate_2,candidate_3,candidate_5,candidate_4,5,0.024
59,candidate_1,candidate_2,candidate_3,candidate_5,candidate_4,5,0.024
60,candidate_1,candidate_2,candidate_3,candidate_5,candidate_4,5,0.024
61,candidate_1,candidate_2,candidate_3,candidate_5,candidate_4,5,0.024
62,candidate_1,candidate_2,candidate_3,candidate_5,candidate_4,5,0.024
63,candidate_1,candidate_2,candidate_3,candidate_5,candidate_4,5,0.024
64,candidate_1,candidate_2,candidate_3,candidate_5,candidate_4,5,0.024
65,candidate_1,candidate_2,candidate_3,candidate_5,candidate_4,5,0.024
66,candidate_1,candidate_2,candidate_3,candidate_5,candidate_4,5,0.024
67,candidate_1,candidate_2,candidate_3,candidate_5,candidate_4,5,0.024
68,candidate_1,candidate_2,candidate_3,candidate_5,candidate_4,5,0.024
69,candidate_1,candidate_2,candidate_3,candidate_5,candidate_4,5,0.024
70,candidate_1,candidate_2,candidate_3,candidate_5,candidate_4,5,0.024
71,candidate_1,candidate_2,candidate_3,candidate_5,candidate_4,5,0.024
72,candidate_1,candidate_2,candidate_3,candidate_5,candidate_4,5,0.024
73,candidate_1,candidate_2,candidate_3,candidate_5,candidate_4,5,0.024
74,0,candidate_2,candidate_3,candidate_5,candidate_4,5,0.024
75,candidate_1,candidate_2,candidate_3,candidate_5,candidate_4,5,0.024
76,candidate_1,candidate_2,candidate_3,candidate_5,candidate_4,5,0.024
77,candidate_1,candidate_2,candidate_3,candidate_5,candidate_4,5,0.024
78,candidate_1,candidate_2,candidate_3,candidate_5,candidate_4,5,0.024
79,candidate_1,candidate_2,candidate_3,candidate_5,candidate_4,5,0.024
80,candidate_1,candidate_2,candidate_3,candidate_5,candidate_4,5,0.024
81,candidate_1,0,candidate_3,candidate_5,0,5,0.024
82,candidate_1,candidate_2,candidate_3,candidate_5,candidate_4,5,0.024
83,candidate_1,candidate_2,candidate_3,candidate_5,candidate_4,5,0.024
84,candidate_1,candidate_2,candidate_3,candidate_5,candidate_4,5,0.024
85,candidate_1,candidate_2,candidate_3,candidate_5,candidate_4,5,0.024
86,candidate_1,candidate_2,candidate_3,candidate_5,candidate_4,5,0.024
87,candidate_1,candidate_2,candidate_3,candidate_5,candidate_4,5,0.024
88,candidate_1,candidate_2,candidate_3,candidate_5,candidate_4,5,0.024
89,candidate_1,candidate_2,candidate_3,candidate_5,candidate_4,5,0.024
90,candidate_1,candidate_2,candidate_3,candidate_5,candidate_4,5,0.024
91,candidate_1,candidate_2,candidate_3,candidate_5,candidate_4,5,0.024
92,candidate_1,candidate_2,candidate_3,candidate_5,candidate_4,5,0.024
93,candidate_1,candidate_2,candidate_3,candidate_5,candidate_4,5,0.024
94,candidate_1,candidate_2,candidate_3,candidate_5,candidate_4,5,0.024
95,candidate_1,candidate_2,candidate_3,candidate_5,candidate_4,5,0.024
96,candidate_1,candidate_2,candidate_3,candidate_5,candidate_4,5,0.024
97,candidate_1,candidate_2,candidate_3,candidate_5,candidate_4,5,0.024
98,candidate_1,candidate_2,candidate_3,candidate_5,candidate_4,5,0.024
99,candidate_1,candidate_2,0,candidate_5,candidate_4,5,0.024
100,candidate_1,candidate_2,candidate_3,candidate_5,candidate_4,5,0.024
101,candidate_1,candidate_2,candidate_3,candidate_5,candidate_4,5,0.024
102,candidate_1,candidate_2,candidate_3,candidate_5,candidate_4,5,0.024
103,candidate_1,candidate_2,candidate_3,candidate_5,candidate_4,5,0.024
104,0,candidate_2,candidate_3,candidate_5,candidate_4,5,0.024
105,candidate_1,candidate_2,candidate_3,candidate_5,candidate_4,5,0.024
106,candidate_1,candidate_2,candidate_3,candidate_5,candidate_4,5,0.024
107,candidate_1,candidate_2,candidate_3,candidate_5,candidate_4,5,0.024
108,candidate_1,candidate_2,candidate_3,candidate_5,candidate_4,5,0.024
109,candidate_1,candidate_2,candidate_3,candidate_5,candidate_4,5,0.024
110,candidate_1,candidate_2,candidate_3,candidate_5,candidate_4,5,0.024
111,candidate_1,candidate_2,candidate_3,candidate_5,candidate_4,5,0.024
112,candidate_1,candidate_2,candidate_3,candidate_5,candidate_4,5,0.024
113,candidate_1,candidate_2,candidate_3,candidate_5,candidate_4,5,0.024
114,candidate_1,candidate_2,candidate_3,candidate_5,candidate_4,5,0.024
115,candidate_1,candidate_2,candidate_3,candidate_5,candidate_4,5,0.024
116,candidate_1,candidate_2,candidate_3,candidate_5,candidate_4,5,0.024
117,candidate_1,candidate_2,candidate_3,candidate_5,candidate_4,5,0.024
0,candidate_1,candidate_2,candidate_4,candidate_3,candidate_5,5,0.024
1,candidate_1,candidate_2,candidate_4,candidate_3,candidate_5,5,0.024
2,candidate_1,candidate_2,candidate_4,candidate_3,candidate_5,5,0.024
3,candidate_1,candidate_2,candidate_4,candidate_3,candidate_5,5,0.024
4,candidate_1,candidate_2,candidate_4,candidate_3,candidate_5,5,0.024
5,candidate_1,candidate_2,candidate_4,candidate_3,candidate_5,5,0.024
6,candidate_1,candidate_2,candidate_4,candidate_3,candidate_5,5,0.024
7,candidate_1,candidate_2,candidate_4,candidate_3,candidate_5,5,0.024
8,candidate_1,candidate_2,candidate_4,candidate_3,candidate_5,5,0.024
9,candidate_1,candidate_2,candidate_4,candidate_3,candidate_5,5,0.024
10,candidate_1,candidate_2,candidate_4,candidate_3,candidate_5,5,0.024
11,candidate_1,candidate_2,candidate_4,candidate_3,candidate_5,5,0.024
12,candidate_1,candidate_2,candidate_4,candidate_3,candidate_5,5,0.024
13,candidate_1,candidate_2,candidate_4,candidate_3,candidate_5,5,0.024
14,candidate_1,candidate_2,candidate_4,candidate_3,candidate_5,5,0.024
15,0,candidate_2,candidate_4,candidate_3,candidate_5,5,0.024
16,candidate_1,candidate_2,candidate_4,candidate_3,candidate_5,5,0.024
17,candidate_1,candidate_2,candidate_4,candidate_3,candidate_5,5,0.024
18,candidate_1,candidate_2,0,candidate_3,candidate_5,5,0.024
19,candidate_1,candidate_2,candidate_4,candidate_3,candidate_5,5,0.024
20,candidate_1,candidate_2,candidate_4,candidate_3,candidate_5,5,0.024
21,candidate_1,candidate_2,candidate_4,candidate_3,candidate_5,5,0.024
22,candidate_1,candidate_2,candidate_4,candidate_3,candidate_5,5,0.024
23,candidate_1,candidate_2,0,candidate_3,candidate_5,5,0.024
24,candidate_1,candidate_2,candidate_4,candidate_3,candidate_5,5,0.024
25,candidate_1,candidate_2,candidate_4,candidate_3,candidate_5,5,0.024
26,candidate_1,candidate_2,candidate_4,candidate_3,candidate_5,5,0.024
27,candidate_1,candidate_2,candidate_4,candidate_3,candidate_5,5,0.024
28,candidate_1,candidate_2,candidate_4,candidate_3,candidate_5,5,0.024
29,candidate_1,candidate_2,candidate_4,candidate_3,candidate_5,5,0.024
30,candidate_1,candidate_2,candidate_4,candidate_3,candidate_5,5,0.024
31,candidate_1,candidate_2,candidate_4,candidate_3,candidate_5,5,0.024
32,candidate_1,candidate_2,candidate_4,candidate_3,candidate_5,5,0.024
33,candidate_1,candidate_2,candidate_4,candidate_3,candidate_5,5,0.024
34,candidate_1,candidate_2,candidate_4,candidate_3,candidate_5,5,0.024
35,candidate_1,candidate_2,candidate_4,candidate_3,0,5,0.024
36,candidate_1,candidate_2,candidate_4,candidate_3,candidate_5,5,0.024
37,candidate_1,candidate_2,candidate_4,candidate_3,candidate_5,5,0.024
38,candidate_1,candidate_2,candidate_4,candidate_3,candidate_5,5,0.024
39,candidate_1,candidate_2,candidate_4,candidate_3,0,5,0.024
40,candidate_1,candidate_2,candidate_4,candidate_3,candidate_5,5,0.024
41,candidate_1,candidate_2,candidate_4,candidate_3,candidate_5,5,0.024
42,candidate_1,candidate_2,candidate_4,candidate_3,candidate_5,5,0.024
43,candidate_1,candidate_2,candidate_4,candidate_3,candidate_5,5,0.024
44,candidate_1,candidate_2,candidate_4,candidate_3,candidate_5,5,0.024
45,candidate_1,0,0,candidate_3,candidate_5,5,0.024
46,candidate_1,candidate_2,candidate_4,candidate_3,candidate_5,5,0.024
47,candidate_1,candidate_2,candidate_4,candidate_3,candidate_5,5,0.024
48,candidate_1,candidate_2,candidate_4,candidate_3,candidate_5,5,0.024
49,candidate_1,candidate_2,candidate_4,candidate_3,candidate_5,5,0.024
50,candidate_1,candidate_2,candidate_4,candidate_3,candidate_5,5,0.024
51,candidate_1,candidate_2,candidate_4,candidate_3,candidate_5,5,0.024
52,candidate_1,candidate_2,candidate_4,candidate_3,candidate_5,5,0.024
53,candidate_1,candidate_2,candidate_4,candidate_3,candidate_5,5,0.024
54,candidate_1,candidate_2,candidate_4,candidate_3,candidate_5,5,0.024
55,candidate_1,candidate_2,candidate_4,candidate_3,candidate_5,5,0.024
56,candidate_1,candidate_2,candidate_4,0,candidate_5,5,0.024
57,candidate_1,candidate_2,candidate_4,candidate_3,candidate_5,5,0.024
58,candidate_1,candidate_2,candidate_4,candidate_3,candidate_5,5,0.024
59,candidate_1,candidate_2,candidate_4,candidate_3,candidate_5,5,0.024
60,candidate_1,candidate_2,candidate_4,candidate_3,candidate_5,5,0.024
61,candidate_1,candidate_2,candidate_4,candidate_3,candidate_5,5,0.024
62,candidate_1,candidate_2,candidate_4,candidate_3,candidate_5,5,0.024
63,candidate_1,candidate_2,candidate_4,candidate_3,candidate_5,5,0.024
64,candidate_1,candidate_2,candidate_4,candidate_3,candidate_5,5,0.024
65,candidate_1,candidate_2,candidate_4,candidate_3,candidate_5,5,0.024
66,candidate_1,candidate_2,candidate_4,candidate_3,candidate_5,5,0.024
67,candidate_1,candidate_2,candidate_4,candidate_3,candidate_5,5,0.024
68,candidate_1,candidate_2,candidate_4,candidate_3,candidate_5,5,0.024
69,candidate_1,candidate_2,candidate_4,candidate_3,candidate_5,5,0.024
70,candidate_1,candidate_2,candidate_4,candidate_3,candidate_5,5,0.024
71,candidate_1,candidate_2,0,candidate_3,candidate_5,5,0.024
72,candidate_1,candidate_2,candidate_4,candidate_3,candidate_5,5,0.024
73,candidate_1,candidate_2,candidate_4,candidate_3,candidate_5,5,0.024
74,candidate_1,candidate_2,candidate_4,candidate_3,candidate_5,5,0.024
75,candidate_1,candidate_2,candidate_4,candidate_3,candidate_5,5,0.024
76,candidate_1,candidate_2,candidate_4,candidate_3,candidate_5,5,0.024
77,candidate_1,candidate_2,candidate_4,candidate_3,candidate_5,5,0.024
78,candidate_1,candidate_2,candidate_4,candidate_3,candidate_5,5,0.024
79,candidate_1,candidate_2,candidate_4,candidate_3,candidate_5,5,0.024
80,candidate_1,candidate_2,candidate_4,candidate_3,candidate_5,5,0.024
81,candidate_1,candidate_2,candidate_4,candidate_3,candidate_5,5,0.024
82,candidate_1,candidate_2,candidate_4,candidate_3,candidate_5,5,0.024
83,candidate_1,candidate_2,candidate_4,candidate_3,candidate_5,5,0.024
84,candidate_1,candidate_2,candidate_4,candidate_3,candidate_5,5,0.024
85,candidate_1,0,candidate_4,candidate_3,candidate_5,5,0.024
86,candidate_1,candidate_2,candidate_4,candidate_3,candidate_5,5,0.024
87,candidate_1,candidate_2,candidate_4,candidate_3,candidate_5,5,0.024
88,candidate_1,candidate_2,candidate_4,candidate_3,candidate_5,5,0.024
89,candidate_1,candidate_2,candidate_4,candidate_3,candidate_5,5,0.024
90,candidate_1,candidate_2,candidate_4,candidate_3,candidate_5,5,0.024
91,candidate_1,candidate_2,candidate_4,candidate_3,candidate_5,5,0.024
92,0,candidate_2,candidate_4,candidate_3,candidate_5,5,0.024
93,candidate_1,candidate_2,candidate_4,candidate_3,candidate_5,5,0.024
94,candidate_1,candidate_2,candidate_4,candidate_3,candidate_5,5,0.024
95,candidate_1,candidate_2,candidate_4,candidate_3,candidate_5,5,0.024
96,candidate_1,candidate_2,candidate_4,candidate_3,candidate_5,5,0.024
97,candidate_1,candidate_2,candidate_4,candidate_3,candidate_5,5,0.024
98,candidate_1,candidate_2,candidate_4,candidate_3,0,5,0.024
99,candidate_1,candidate_2,candidate_4,candidate_3,candidate_5,5,0.024
100,candidate_1,candidate_2,candidate_4,candidate_3,candidate_5,5,0.024
101,candidate_1,candidate_2,candidate_4,candidate_3,candidate_5,5,0.024
102,candidate_1,candidate_2,candidate_4,candidate_3,candidate_5,5,0.024
103,candidate_1,candidate_2,candidate_4,candidate_3,candidate_5,5,0.024
104,candidate_1,candidate_2,candidate_4,candidate_3,candidate_5,5,0.024
105,candidate_1,candidate_2,candidate_4,candidate_3,candidate_5,5,0.024
106,candidate_1,candidate_2,candidate_4,candidate_3,candidate_5,5,0.024
107,0,candidate_2,candidate_4,candidate_3,candidate_5,5,0.024
108,candidate_1,candidate_2,candidate_4,candidate_3,candidate_5,5,0.024
109,candidate_1,candidate_2,candidate_4,candidate_3,candidate_5,5,0.024
110,candidate_1,candidate_2,candidate_4,candidate_3,candidate_5,5,0.024
111,candidate_1,candidate_2,candidate_4,candidate_3,candidate_5,5,0.024
112,candidate_1,candidate_2,0,candidate_3,candidate_5,5,0.024
113,candidate_1,candidate_2,candidate_4,candidate_3,candidate_5,5,0.024
114,candidate_1,candidate_2,candidate_4,candidate_3,candidate_5,5,0.024
115,candidate_1,candidate_2,candidate_4,candidate_3,candidate_5,5,0.024
116,candidate_1,candidate_2,candidate_4,candidate_3,candidate_5,5,0.024
117,candidate_1,candidate_2,candidate_4,candidate_3,candidate_5,5,0.024
118,candidate_1,candidate_2,candidate_4,candidate_3,candidate_5,5,0.024
119,candidate_1,candidate_2,candidate_4,candidate_3,candidate_5,5,0.024
120,candidate_1,candidate_2,candidate_4,candidate_3,candidate_5,5,0.024
121,candidate_1,candidate_2,candidate_4,candidate_3,candidate_5,5,0.024
122,candidate_1,candidate_2,candidate_4,candidate_3,candidate_5,5,0.024
0,candidate_1,candidate_2,candidate_4,candidate_5,candidate_3,5,0.024
1,candidate_1,candidate_2,candidate_4,candidate_5,candidate_3,5,0.024
2,candidate_1,candidate_2,candidate_4,candidate_5,candidate_3,5,0.024
3,candidate_1,candidate_2,candidate_4,candidate_5,candidate_3,5,0.024
4,candidate_1,candidate_2,candidate_4,candidate_5,candidate_3,5,0.024
5,candidate_1,candidate_2,candidate_4,candidate_5,candidate_3,5,0.024
6,candidate_1,candidate_2,candidate_4,candidate_5,candidate_3,5,0.024
7,0,candidate_2,candidate_4,candidate_5,candidate_3,5,0.024
8,candidate_1,0,candidate_4,candidate_5,candidate_3,5,0.024
9,candidate_1,candidate_2,candidate_4,candidate_5,candidate_3,5,0.024
10,candidate_1,candidate_2,candidate_4,candidate_5,candidate_3,5,0.024
11,candidate_1,candidate_2,candidate_4,candidate_5,candidate_3,5,0.024
12,candidate_1,candidate_2,candidate_4,candidate_5,candidate_3,5,0.024
13,candidate_1,candidate_2,candidate_4,candidate_5,candidate_3,5,0.024
14,candidate_1,candidate_2,candidate_4,candidate_5,candidate_3,5,0.024
15,candidate_1,candidate_2,candidate_4,candidate_5,candidate_3,5,0.024
16,candidate_1,candidate_2,candidate_4,candidate_5,candidate_3,5,0.024
17,candidate_1,candidate_2,candidate_4,candidate_5,candidate_3,5,0.024
18,candidate_1,candidate_2,candidate_4,candidate_5,candidate_3,5,0.024
19,candidate_1,candidate_2,candidate_4,candidate_5,candidate_3,5,0.024
20,candidate_1,candidate_2,candidate_4,candidate_5,candidate_3,5,0.024
21,candidate_1,candidate_2,candidate_4,candidate_5,candidate_3,5,0.024
22,candidate_1,candidate_2,candidate_4,candidate_5,candidate_3,5,0.024
23,candidate_1,candidate_2,candidate_4,candidate_5,candidate_3,5,0.024
24,candidate_1,candidate_2,candidate_4,candidate_5,0,5,0.024
25,candidate_1,candidate_2,candidate_4,candidate_5,candidate_3,5,0.024
26,candidate_1,candidate_2,candidate_4,candidate_5,candidate_3,5,0.024
27,candidate_1,candidate_2,candidate_4,candidate_5,candidate_3,5,0.024
28,candidate_1,candidate_2,candidate_4,candidate_5,candidate_3,5,0.024
29,candidate_1,candidate_2,candidate_4,candidate_5,candidate_3,5,0.024
30,candidate_1,candidate_2,candidate_4,candidate_5,candidate_3,5,0.024
31,candidate_1,candidate_2,candidate_4,candidate_5,candidate_3,5,0.024
32,candidate_1,candidate_2,candidate_4,candidate_5,candidate_3,5,0.024
33,candidate_1,candidate_2,candidate_4,candidate_5,candidate_3,5,0.024
34,candidate_1,candidate_2,candidate_4,candidate_5,candidate_3,5,0.024
35,candidate_1,candidate_2,candidate_4,candidate_5,candidate_3,5,0.024
36,candidate_1,candidate_2,candidate_4,0,candidate_3,5,0.024
37,candidate_1,candidate_2,candidate_4,candidate_5,candidate_3,5,0.024
38,candidate_1,candidate_2,candidate_4,candidate_5,candidate_3,5,0.024
39,candidate_1,candidate_2,candidate_4,candidate_5,candidate_3,5,0.024
40,candidate_1,candidate_2,candidate_4,candidate_5,0,5,0.024
41,candidate_1,candidate_2,candidate_4,candidate_5,candidate_3,5,0.024
42,candidate_1,candidate_2,candidate_4,candidate_5,candidate_3,5,0.024
43,candidate_1,candidate_2,candidate_4,candidate_5,candidate_3,5,0.024
44,candidate_1,candidate_2,candidate_4,candidate_5,candidate_3,5,0.024
45,candidate_1,candidate_2,candidate_4,candidate_5,candidate_3,5,0.024
46,candidate_1,candidate_2,candidate_4,candidate_5,0,5,0.024
47,candidate_1,candidate_2,candidate_4,candidate_5,candidate_3,5,0.024
48,candidate_1,candidate_2,candidate_4,candidate_5,candidate_3,5,0.024
49,candidate_1,candidate_2,candidate_4,candidate_5,candidate_3,5,0.024
50,candidate_1,candidate_2,candidate_4,candidate_5,candidate_3,5,0.024
51,candidate_1,candidate_2,candidate_4,candidate_5,candidate_3,5,0.024
52,candidate_1,candidate_2,candidate_4,candidate_5,candidate_3,5,0.024
53,candidate_1,candidate_2,candidate_4,candidate_5,candidate_3,5,0.024
54,candidate_1,candidate_2,candidate_4,candidate_5,candidate_3,5,0.024
55,candidate_1,candidate_2,candidate_4,candidate_5,candidate_3,5,0.024
56,candidate_1,candidate_2,candidate_4,candidate_5,candidate_3,5,0.024
57,candidate_1,candidate_2,candidate_4,candidate_5,candidate_3,5,0.024
58,candidate_1,candidate_2,candidate_4,candidate_5,candidate_3,5,0.024
59,candidate_1,candidate_2,candidate_4,candidate_5,0,5,0.024
60,candidate_1,candidate_2,candidate_4,candidate_5,candidate_3,5,0.024
61,candidate_1,candidate_2,candidate_4,candidate_5,candidate_3,5,0.024
62,candidate_1,candidate_2,candidate_4,candidate_5,candidate_3,5,0.024
63,candidate_1,candidate_2,candidate_4,candidate_5,candidate_3,5,0.024
64,candidate_1,candidate_2,candidate_4,candidate_5,candidate_3,5,0.024
65,candidate_1,candidate_2,candidate_4,candidate_5,candidate_3,5,0.024
66,candidate_1,candidate_2,candidate_4,candidate_5,candidate_3,5,0.024
67,candidate_1,candidate_2,candidate_4,candidate_5,candidate_3,5,0.024
68,candidate_1,candidate_2,candidate_4,candidate_5,candidate_3,5,0.024
69,candidate_1,0,candidate_4,candidate_5,candidate_3,5,0.024
70,0,candidate_2,candidate_4,candidate_5,candidate_3,5,0.024
71,candidate_1,candidate_2,candidate_4,candidate_5,candidate_3,5,0.024
72,candidate_1,candidate_2,candidate_4,candidate_5,candidate_3,5,0.024
73,candidate_1,candidate_2,candidate_4,candidate_5,candidate_3,5,0.024
74,candidate_1,candidate_2,candidate_4,candidate_5,candidate_3,5,0.024
75,candidate_1,candidate_2,candidate_4,candidate_5,candidate_3,5,0.024
76,candidate_1,candidate_2,candidate_4,candidate_5,candidate_3,5,0.024
77,candidate_1,candidate_2,candidate_4,candidate_5,candidate_3,5,0.024
78,candidate_1,candidate_2,candidate_4,candidate_5,candidate_3,5,0.024
79,candidate_1,candidate_2,candidate_4,candidate_5,candidate_3,5,0.024
80,candidate_1,candidate_2,candidate_4,candidate_5,candidate_3,5,0.024
81,candidate_1,candidate_2,candidate_4,candidate_5,candidate_3,5,0.024
82,candidate_1,candidate_2,candidate_4,candidate_5,candidate_3,5,0.024
83,candidate_1,candidate_2,candidate_4,candidate_5,candidate_3,5,0.024
84,candidate_1,candidate_2,candidate_4,candidate_5,candidate_3,5,0.024
85,0,candidate_2,candidate_4,candidate_5,candidate_3,5,0.024
86,candidate_1,candidate_2,candidate_4,0,candidate_3,5,0.024
87,candidate_1,candidate_2,candidate_4,candidate_5,candidate_3,5,0.024
88,candidate_1,candidate_2,candidate_4,candidate_5,candidate_3,5,0.024
89,candidate_1,candidate_2,candidate_4,candidate_5,candidate_3,5,0.024
90,candidate_1,candidate_2,candidate_4,candidate_5,candidate_3,5,0.024
91,candidate_1,candidate_2,0,candidate_5,candidate_3,5,0.024
92,candidate_1,candidate_2,candidate_4,candidate_5,candidate_3,5,0.024
93,candidate_1,candidate_2,candidate_4,candidate_5,candidate_3,5,0.024
94,candidate_1,candidate_2,candidate_4,candidate_5,candidate_3,5,0.024
95,candidate_1,candidate_2,candidate_4,candidate_5,candidate_3,5,0.024
96,candidate_1,candidate_2,candidate_4,candidate_5,candidate_3,5,0.024
97,candidate_1,candidate_2,candidate_4,candidate_5,candidate_3,5,0.024
98,candidate_1,candidate_2,candidate_4,candidate_5,candidate_3,5,0.024
99,candidate_1,candidate_2,candidate_4,candidate_5,candidate_3,5,0.024
100,candidate_1,candidate_2,candidate_4,candidate_5,candidate_3,5,0.024
101,candidate_1,candidate_2,candidate_4,candidate_5,candidate_3,5,0.024
102,candidate_1,candidate_2,candidate_4,candidate_5,candidate_3,5,0.024
103,candidate_1,candidate_2,candidate_4,candidate_5,candidate_3,5,0.024
104,candidate_1,candidate_2,candidate_4,candidate_5,candidate_3,5,0.024
105,candidate_1,candidate_2,candidate_4,candidate_5,candidate_3,5,0.024
106,candidate_1,candidate_2,candidate_4,candidate_5,candidate_3,5,0.024
107,candidate_1,candidate_2,candidate_4,candidate_5,candidate_3,5,0.024
108,candidate_1,candidate_2,candidate_4,candidate_5,candidate_3,5,0.024
109,candidate_1,candidate_2,candidate_4,candidate_5,candidate_3,5,0.024
110,candidate_1,candidate_2,candidate_4,candidate_5,candidate_3,5,0.024
111,candidate_1,candidate_2,candidate_4,candidate_5,candidate_3,5,0.024
112,candidate_1,candidate_2,candidate_4,candidate_5,candidate_3,5,0.024
113,candidate_1,candidate_2,candidate_4,candidate_5,candidate_3,5,0.024
114,candidate_1,candidate_2,candidate_4,candidate_5,candidate_3,5,0.024
115,candidate_1,candidate_2,candidate_4,candidate_5,candidate_3,5,0.024
116,candidate_1,candidate_2,candidate_4,candidate_5,candidate_3,5,0.024
117,candidate_1,candidate_2,candidate_4,candidate_5,candidate_3,5,0.024
118,candidate_1,candidate_2,candidate_4,candidate_5,candidate_3,5,0.024
119,candidate_1,candidate_2,candidate_4,candidate_5,candidate_3,5,0.024
120,candidate_1,candidate_2,candidate_4,candidate_5,candidate_3,5,0.024
121,candidate_1,candidate_2,candidate_4,candidate_5,candidate_3,5,0.024
122,candidate_1,candidate_2,candidate_4,candidate_5,candidate_3,5,0.024
123,candidate_1,candidate_2,candidate_4,candidate_5,candidate_3,5,0.024
124,candidate_1,candidate_2,candidate_4,candidate_5,candidate_3,5,0.024
125,candidate_1,candidate_2,candidate_4,candidate_5,candidate_3,5,0.024
126,candidate_1,candidate_2,candidate_4,candidate_5,candidate_3,5,0.024
127,candidate_1,candidate_2,candidate_4,candidate_5,candidate_3,5,0.024
128,candidate_1,candidate_2,candidate_4,candidate_5,0,5,0.024
129,candidate_1,candidate_2,candidate_4,candidate_5,candidate_3,5,0.024
130,candidate_1,candidate_2,candidate_4,candidate_5,candidate_3,5,0.024
131,candidate_1,candidate_2,candidate_4,candidate_5,candidate_3,5,0.024
132,candidate_1,candidate_2,candidate_4,candidate_5,candidate_3,5,0.024
133,candidate_1,candidate_2,candidate_4,candidate_5,candidate_3,5,0.024
134,candidate_1,candidate_2,candidate_4,candidate_5,candidate_3,5,0.024
135,candidate_1,candidate_2,candidate_4,candidate_5,candidate_3,5,0.024
136,candidate_1,candidate_2,candidate_4,candidate_5,candidate_3,5,0.024
137,candidate_1,candidate_2,candidate_4,candidate_5,candidate_3,5,0.024
138,candidate_1,candidate_2,candidate_4,candidate_5,candidate_3,5,0.024
0,candidate_1,candidate_2,candidate_5,candidate_3,candidate_4,5,0.024
1,candidate_1,candidate_2,candidate_5,candidate_3,candidate_4,5,0.024
2,candidate_1,candidate_2,candidate_5,candidate_3,candidate_4,5,0.024
3,candidate_1,candidate_2,candidate_5,candidate_3,candidate_4,5,0.024
4,candidate_1,candidate_2,candidate_5,candidate_3,candidate_4,5,0.024
5,candidate_1,candidate_2,candidate_5,candidate_3,candidate_4,5,0.024
6,candidate_1,candidate_2,candidate_5,candidate_3,candidate_4,5,0.024
7,candidate_1,candidate_2,candidate_5,candidate_3,candidate_4,5,0.024
8,candidate_1,candidate_2,candidate_5,candidate_3,candidate_4,5,0.024
9,candidate_1,candidate_2,candidate_5,candidate_3,candidate_4,5,0.024
10,candidate_1,candidate_2,candidate_5,candidate_3,candidate_4,5,0.024
11,candidate_1,candidate_2,candidate_5,candidate_3,candidate_4,5,0.024
12,candidate_1,candidate_2,candidate_5,candidate_3,candidate_4,5,0.024
13,candidate_1,candidate_2,candidate_5,candidate_3,candidate_4,5,0.024
14,candidate_1,candidate_2,candidate_5,0,candidate_4,5,0.024
15,candidate_1,candidate_2,candidate_5,candidate_3,candidate_4,5,0.024
16,candidate_1,candidate_2,candidate_5,candidate_3,candidate_4,5,0.024
17,candidate_1,candidate_2,candidate_5,candidate_3,candidate_4,5,0.024
18,candidate_1,candidate_2,candidate_5,candidate_3,candidate_4,5,0.024
19,candidate_1,candidate_2,candidate_5,candidate_3,candidate_4,5,0.024
20,candidate_1,candidate_2,candidate_5,candidate_3,candidate_4,5,0.024
21,candidate_1,candidate_2,candidate_5,candidate_3,candidate_4,5,0.024
22,candidate_1,candidate_2,candidate_5,candidate_3,candidate_4,5,0.024
23,candidate_1,candidate_2,candidate_5,candidate_3,candidate_4,5,0.024
24,candidate_1,candidate_2,candidate_5,candidate_3,candidate_4,5,0.024
25,candidate_1,candidate_2,candidate_5,candidate_3,candidate_4,5,0.024
26,candidate_1,candidate_2,candidate_5,candidate_3,candidate_4,5,0.024
27,candidate_1,candidate_2,candidate_5,candidate_3,candidate_4,5,0.024
28,candidate_1,candidate_2,candidate_5,candidate_3,candidate_4,5,0.024
29,candidate_1,candidate_2,candidate_5,candidate_3,candidate_4,5,0.024
30,candidate_1,candidate_2,candidate_5,candidate_3,candidate_4,5,0.024
31,candidate_1,candidate_2,candidate_5,candidate_3,candidate_4,5,0.024
32,candidate_1,candidate_2,candidate_5,candidate_3,candidate_4,5,0.024
33,candidate_1,candidate_2,candidate_5,candidate_3,candidate_4,5,0.024
34,candidate_1,candidate_2,candidate_5,candidate_3,candidate_4,5,0.024
35,candidate_1,candidate_2,candidate_5,candidate_3,candidate_4,5,0.024
36,candidate_1,candidate_2,candidate_5,candidate_3,candidate_4,5,0.024
37,candidate_1,candidate_2,candidate_5,candidate_3,candidate_4,5,0.024
38,candidate_1,candidate_2,candidate_5,candidate_3,candidate_4,5,0.024
39,candidate_1,candidate_2,candidate_5,candidate_3,candidate_4,5,0.024
40,candidate_1,candidate_2,candidate_5,candidate_3,candidate_4,5,0.024
41,candidate_1,candidate_2,candidate_5,candidate_3,candidate_4,5,0.024
42,candidate_1,candidate_2,candidate_5,candidate_3,candidate_4,5,0.024
43,candidate_1,candidate_2,candidate_5,candidate_3,candidate_4,5,0.024
44,candidate_1,candidate_2,candidate_5,candidate_3,candidate_4,5,0.024
45,candidate_1,candidate_2,candidate_5,candidate_3,candidate_4,5,0.024
46,candidate_1,candidate_2,candidate_5,candidate_3,candidate_4,5,0.024
47,candidate_1,candidate_2,candidate_5,candidate_3,candidate_4,5,0.024
48,candidate_1,candidate_2,candidate_5,candidate_3,candidate_4,5,0.024
49,candidate_1,candidate_2,candidate_5,candidate_3,candidate_4,5,0.024
50,candidate_1,candidate_2,candidate_5,candidate_3,0,5,0.024
51,candidate_1,candidate_2,candidate_5,candidate_3,candidate_4,5,0.024
52,candidate_1,candidate_2,candidate_5,candidate_3,candidate_4,5,0.024
53,candidate_1,candidate_2,candidate_5,candidate_3,candidate_4,5,0.024
54,candidate_1,candidate_2,candidate_5,candidate_3,candidate_4,5,0.024
55,candidate_1,candidate_2,candidate_5,candidate_3,candidate_4,5,0.024
56,candidate_1,candidate_2,candidate_5,candidate_3,candidate_4,5,0.024
57,candidate_1,candidate_2,candidate_5,candidate_3,candidate_4,5,0.024
58,candidate_1,candidate_2,candidate_5,candidate_3,candidate_4,5,0.024
59,candidate_1,candidate_2,candidate_5,candidate_3,candidate_4,5,0.024
60,candidate_1,candidate_2,candidate_5,candidate_3,candidate_4,5,0.024
61,candidate_1,candidate_2,candidate_5,candidate_3,candidate_4,5,0.024
62,candidate_1,candidate_2,candidate_5,candidate_3,candidate_4,5,0.024
63,candidate_1,candidate_2,candidate_5,candidate_3,candidate_4,5,0.024
64,candidate_1,candidate_2,candidate_5,candidate_3,candidate_4,5,0.024
65,candidate_1,candidate_2,candidate_5,candidate_3,candidate_4,5,0.024
66,candidate_1,candidate_2,candidate_5,candidate_3,candidate_4,5,0.024
67,candidate_1,candidate_2,candidate_5,candidate_3,candidate_4,5,0.024
68,candidate_1,candidate_2,candidate_5,candidate_3,candidate_4,5,0.024
69,candidate_1,candidate_2,candidate_5,candidate_3,candidate_4,5,0.024
70,candidate_1,candidate_2,candidate_5,candidate_3,candidate_4,5,0.024
71,candidate_1,candidate_2,candidate_5,candidate_3,candidate_4,5,0.024
72,candidate_1,candidate_2,candidate_5,candidate_3,candidate_4,5,0.024
73,candidate_1,candidate_2,candidate_5,candidate_3,candidate_4,5,0.024
74,candidate_1,candidate_2,candidate_5,candidate_3,candidate_4,5,0.024
75,candidate_1,candidate_2,candidate_5,candidate_3,candidate_4,5,0.024
76,candidate_1,candidate_2,candidate_5,candidate_3,candidate_4,5,0.024
77,candidate_1,candidate_2,candidate_5,candidate_3,candidate_4,5,0.024
78,candidate_1,candidate_2,candidate_5,candidate_3,candidate_4,5,0.024
79,candidate_1,candidate_2,candidate_5,candidate_3,candidate_4,5,0.024
80,candidate_1,candidate_2,candidate_5,candidate_3,candidate_4,5,0.024
81,candidate_1,candidate_2,candidate_5,candidate_3,candidate_4,5,0.024
82,candidate_1,candidate_2,candidate_5,candidate_3,candidate_4,5,0.024
83,candidate_1,candidate_2,candidate_5,candidate_3,candidate_4,5,0.024
84,candidate_1,candidate_2,candidate_5,candidate_3,candidate_4,5,0.024
85,candidate_1,candidate_2,candidate_5,candidate_3,candidate_4,5,0.024
86,candidate_1,candidate_2,candidate_5,candidate_3,candidate_4,5,0.024
87,candidate_1,candidate_2,candidate_5,0,candidate_4,5,0.024
88,candidate_1,candidate_2,candidate_5,candidate_3,candidate_4,5,0.024
89,candidate_1,candidate_2,candidate_5,candidate_3,candidate_4,5,0.024
90,candidate_1,candidate_2,candidate_5,candidate_3,candidate_4,5,0.024
91,candidate_1,candidate_2,candidate_5,candidate_3,candidate_4,5,0.024
92,candidate_1,candidate_2,candidate_5,candidate_3,candidate_4,5,0.024
93,candidate_1,candidate_2,candidate_5,candidate_3,candidate_4,5,0.024
94,candidate_1,candidate_2,candidate_5,candidate_3,candidate_4,5,0.024
95,candidate_1,candidate_2,candidate_5,candidate_3,candidate_4,5,0.024
96,candidate_1,candidate_2,candidate_5,candidate_3,candidate_4,5,0.024
0,candidate_1,candidate_2,candidate_5,candidate_4,candidate_3,5,0.024
1,candidate_1,candidate_2,candidate_5,candidate_4,candidate_3,5,0.024
2,candidate_1,candidate_2,candidate_5,candidate_4,candidate_3,5,0.024
3,candidate_1,candidate_2,candidate_5,candidate_4,candidate_3,5,0.024
4,candidate_1,candidate_2,candidate_5,candidate_4,candidate_3,5,0.024
5,candidate_1,candidate_2,candidate_5,candidate_4,candidate_3,5,0.024
6,candidate_1,candidate_2,candidate_5,candidate_4,0,5,0.024
7,candidate_1,candidate_2,candidate_5,candidate_4,candidate_3,5,0.024
8,candidate_1,candidate_2,candidate_5,candidate_4,candidate_3,5,0.024
9,candidate_1,candidate_2,candidate_5,candidate_4,candidate_3,5,0.024
10,candidate_1,candidate_2,candidate_5,candidate_4,candidate_3,5,0.024
11,candidate_1,candidate_2,candidate_5,candidate_4,candidate_3,5,0.024
12,candidate_1,candidate_2,candidate_5,candidate_4,candidate_3,5,0.024
13,candidate_1,candidate_2,0,candidate_4,candidate_3,5,0.024
14,candidate_1,candidate_2,candidate_5,candidate_4,candidate_3,5,0.024
15,candidate_1,candidate_2,candidate_5,candidate_4,candidate_3,5,0.024
16,candidate_1,candidate_2,candidate_5,candidate_4,candidate_3,5,0.024
17,candidate_1,candidate_2,candidate_5,candidate_4,candidate_3,5,0.024
18,candidate_1,candidate_2,candidate_5,candidate_4,candidate_3,5,0.024
19,candidate_1,candidate_2,candidate_5,candidate_4,candidate_3,5,0.024
20,candidate_1,candidate_2,candidate_5,candidate_4,candidate_3,5,0.024
21,candidate_1,candidate_2,candidate_5,candidate_4,candidate_3,5,0.024
22,candidate_1,candidate_2,candidate_5,candidate_4,candidate_3,5,0.024
23,candidate_1,candidate_2,candidate_5,candidate_4,candidate_3,5,0.024
24,candidate_1,candidate_2,candidate_5,candidate_4,candidate_3,5,0.024
25,candidate_1,candidate_2,candidate_5,candidate_4,candidate_3,5,0.024
26,candidate_1,candidate_2,candidate_5,candidate_4,candidate_3,5,0.024
27,candidate_1,candidate_2,candidate_5,candidate_4,candidate_3,5,0.024
28,candidate_1,candidate_2,candidate_5,candidate_4,candidate_3,5,0.024
29,candidate_1,candidate_2,candidate_5,candidate_4,candidate_3,5,0.024
30,candidate_1,candidate_2,candidate_5,candidate_4,candidate_3,5,0.024
31,candidate_1,candidate_2,candidate_5,candidate_4,candidate_3,5,0.024
32,candidate_1,candidate_2,candidate_5,candidate_4,candidate_3,5,0.024
33,candidate_1,candidate_2,candidate_5,candidate_4,candidate_3,5,0.024
34,candidate_1,candidate_2,candidate_5,candidate_4,candidate_3,5,0.024
35,candidate_1,candidate_2,candidate_5,candidate_4,candidate_3,5,0.024
36,0,candidate_2,candidate_5,candidate_4,candidate_3,5,0.024
37,candidate_1,candidate_2,candidate_5,candidate_4,candidate_3,5,0.024
38,candidate_1,candidate_2,candidate_5,candidate_4,candidate_3,5,0.024
39,candidate_1,candidate_2,candidate_5,candidate_4,candidate_3,5,0.024
40,candidate_1,candidate_2,candidate_5,candidate_4,candidate_3,5,0.024
41,candidate_1,candidate_2,candidate_5,candidate_4,candidate_3,5,0.024
42,candidate_1,candidate_2,candidate_5,candidate_4,candidate_3,5,0.024
43,candidate_1,candidate_2,candidate_5,candidate_4,candidate_3,5,0.024
44,candidate_1,candidate_2,candidate_5,candidate_4,candidate_3,5,0.024
45,candidate_1,candidate_2,candidate_5,candidate_4,candidate_3,5,0.024
46,candidate_1,candidate_2,candidate_5,candidate_4,candidate_3,5,0.024
47,candidate_1,candidate_2,candidate_5,candidate_4,candidate_3,5,0.024
48,candidate_1,candidate_2,candidate_5,candidate_4,candidate_3,5,0.024
49,candidate_1,candidate_2,candidate_5,candidate_4,candidate_3,5,0.024
50,candidate_1,candidate_2,candidate_5,candidate_4,candidate_3,5,0.024
0,candidate_1,candidate_3,candidate_2,candidate_4,candidate_5,5,0.024
1,candidate_1,candidate_3,candidate_2,candidate_4,candidate_5,5,0.024
2,candidate_1,candidate_3,candidate_2,candidate_4,candidate_5,5,0.024
3,candidate_1,candidate_3,candidate_2,candidate_4,candidate_5,5,0.024
4,candidate_1,candidate_3,candidate_2,candidate_4,candidate_5,5,0.024
5,candidate_1,candidate_3,candidate_2,candidate_4,candidate_5,5,0.024
6,candidate_1,candidate_3,candidate_2,0,candidate_5,5,0.024
7,candidate_1,candidate_3,candidate_2,candidate_4,candidate_5,5,0.024
8,candidate_1,candidate_3,candidate_2,candidate_4,candidate_5,5,0.024
9,candidate_1,candidate_3,candidate_2,candidate_4,candidate_5,5,0.024
10,candidate_1,candidate_3,candidate_2,candidate_4,candidate_5,5,0.024
11,candidate_1,candidate_3,candidate_2,candidate_4,candidate_5,5,0.024
12,candidate_1,candidate_3,candidate_2,candidate_4,candidate_5,5,0.024
13,candidate_1,candidate_3,candidate_2,candidate_4,candidate_5,5,0.024
14,candidate_1,candidate_3,candidate_2,candidate_4,candidate_5,5,0.024
15,candidate_1,candidate_3,candidate_2,candidate_4,candidate_5,5,0.024
16,candidate_1,candidate_3,candidate_2,candidate_4,candidate_5,5,0.024
17,candidate_1,candidate_3,candidate_2,candidate_4,candidate_5,5,0.024
18,candidate_1,candidate_3,candidate_2,candidate_4,candidate_5,5,0.024
19,candidate_1,candidate_3,candidate_2,candidate_4,candidate_5,5,0.024
20,candidate_1,candidate_3,candidate_2,candidate_4,candidate_5,5,0.024
21,candidate_1,candidate_3,candidate_2,candidate_4,candidate_5,5,0.024
22,candidate_1,candidate_3,candidate_2,candidate_4,candidate_5,5,0.024
23,candidate_1,candidate_3,candidate_2,candidate_4,candidate_5,5,0.024
24,candidate_1,candidate_3,candidate_2,candidate_4,candidate_5,5,0.024
25,candidate_1,candidate_3,candidate_2,candidate_4,candidate_5,5,0.024
26,candidate_1,candidate_3,candidate_2,candidate_4,candidate_5,5,0.024
27,candidate_1,candidate_3,candidate_2,candidate_4,candidate_5,5,0.024
28,candidate_1,candidate_3,candidate_2,candidate_4,candidate_5,5,0.024
29,candidate_1,candidate_3,candidate_2,candidate_4,candidate_5,5,0.024
30,candidate_1,candidate_3,candidate_2,candidate_4,candidate_5,5,0.024
31,candidate_1,candidate_3,candidate_2,candidate_4,candidate_5,5,0.024
32,candidate_1,candidate_3,candidate_2,candidate_4,candidate_5,5,0.024
33,candidate_1,candidate_3,candidate_2,candidate_4,candidate_5,5,0.024
34,candidate_1,candidate_3,candidate_2,candidate_4,candidate_5,5,0.024
35,candidate_1,candidate_3,candidate_2,candidate_4,candidate_5,5,0.024
36,candidate_1,candidate_3,candidate_2,candidate_4,candidate_5,5,0.024
37,candidate_1,candidate_3,candidate_2,candidate_4,candidate_5,5,0.024
38,candidate_1,candidate_3,candidate_2,candidate_4,candidate_5,5,0.024
39,candidate_1,candidate_3,candidate_2,candidate_4,candidate_5,5,0.024
40,candidate_1,candidate_3,candidate_2,candidate_4,candidate_5,5,0.024
41,candidate_1,candidate_3,candidate_2,candidate_4,candidate_5,5,0.024
42,candidate_1,candidate_3,candidate_2,candidate_4,candidate_5,5,0.024
43,candidate_1,0,candidate_2,candidate_4,candidate_5,5,0.024
44,candidate_1,candidate_3,candidate_2,candidate_4,candidate_5,5,0.024
45,candidate_1,candidate_3,candidate_2,candidate_4,candidate_5,5,0.024
46,candidate_1,candidate_3,candidate_2,candidate_4,candidate_5,5,0.024
47,candidate_1,candidate_3,candidate_2,candidate_4,candidate_5,5,0.024
48,candidate_1,candidate_3,candidate_2,candidate_4,candidate_5,5,0.024
49,candidate_1,candidate_3,candidate_2,candidate_4,candidate_5,5,0.024
50,candidate_1,candidate_3,candidate_2,candidate_4,candidate_5,5,0.024
51,candidate_1,candidate_3,candidate_2,candidate_4,candidate_5,5,0.024
52,candidate_1,candidate_3,candidate_2,candidate_4,candidate_5,5,0.024
53,candidate_1,candidate_3,candidate_2,candidate_4,candidate_5,5,0.024
54,candidate_1,candidate_3,candidate_2,candidate_4,candidate_5,5,0.024
55,candidate_1,candidate_3,candidate_2,candidate_4,candidate_5,5,0.024
56,candidate_1,candidate_3,candidate_2,candidate_4,candidate_5,5,0.024
57,candidate_1,candidate_3,candidate_2,candidate_4,candidate_5,5,0.024
58,candidate_1,candidate_3,candidate_2,candidate_4,candidate_5,5,0.024
59,candidate_1,candidate_3,candidate_2,candidate_4,candidate_5,5,0.024
60,candidate_1,candidate_3,candidate_2,candidate_4,candidate_5,5,0.024
61,candidate_1,candidate_3,candidate_2,candidate_4,candidate_5,5,0.024
62,candidate_1,candidate_3,candidate_2,candidate_4,candidate_5,5,0.024
63,candidate_1,candidate_3,candidate_2,candidate_4,candidate_5,5,0.024
64,candidate_1,candidate_3,candidate_2,candidate_4,candidate_5,5,0.024
65,candidate_1,candidate_3,0,candidate_4,candidate_5,5,0.024
66,candidate_1,candidate_3,candidate_2,candidate_4,candidate_5,5,0.024
67,candidate_1,candidate_3,candidate_2,candidate_4,candidate_5,5,0.024
68,candidate_1,candidate_3,candidate_2,candidate_4,candidate_5,5,0.024
69,candidate_1,candidate_3,candidate_2,candidate_4,candidate_5,5,0.024
70,candidate_1,candidate_3,candidate_2,candidate_4,candidate_5,5,0.024
71,candidate_1,candidate_3,candidate_2,candidate_4,candidate_5,5,0.024
72,candidate_1,candidate_3,candidate_2,candidate_4,candidate_5,5,0.024
73,candidate_1,0,candidate_2,candidate_4,candidate_5,5,0.024
74,candidate_1,0,candidate_2,candidate_4,candidate_5,5,0.024
75,candidate_1,candidate_3,candidate_2,candidate_4,candidate_5,5,0.024
76,candidate_1,candidate_3,candidate_2,candidate_4,candidate_5,5,0.024
77,candidate_1,candidate_3,candidate_2,candidate_4,candidate_5,5,0.024
78,candidate_1,candidate_3,candidate_2,candidate_4,candidate_5,5,0.024
0,candidate_1,candidate_3,candidate_2,0,candidate_4,5,0.024
1,candidate_1,candidate_3,candidate_2,candidate_5,candidate_4,5,0.024
2,candidate_1,candidate_3,candidate_2,candidate_5,candidate_4,5,0.024
3,candidate_1,candidate_3,candidate_2,candidate_5,candidate_4,5,0.024
4,candidate_1,candidate_3,candidate_2,candidate_5,candidate_4,5,0.024
5,candidate_1,candidate_3,candidate_2,candidate_5,candidate_4,5,0.024
6,candidate_1,candidate_3,candidate_2,candidate_5,candidate_4,5,0.024
7,candidate_1,candidate_3,candidate_2,candidate_5,candidate_4,5,0.024
8,candidate_1,candidate_3,candidate_2,candidate_5,candidate_4,5,0.024
9,candidate_1,candidate_3,candidate_2,candidate_5,candidate_4,5,0.024
10,candidate_1,candidate_3,candidate_2,candidate_5,candidate_4,5,0.024
11,candidate_1,candidate_3,candidate_2,candidate_5,candidate_4,5,0.024
12,candidate_1,candidate_3,candidate_2,candidate_5,candidate_4,5,0.024
13,candidate_1,candidate_3,candidate_2,candidate_5,candidate_4,5,0.024
14,candidate_1,candidate_3,candidate_2,candidate_5,candidate_4,5,0.024
15,candidate_1,candidate_3,candidate_2,candidate_5,candidate_4,5,0.024
16,candidate_1,candidate_3,candidate_2,candidate_5,candidate_4,5,0.024
17,candidate_1,candidate_3,candidate_2,candidate_5,candidate_4,5,0.024
18,candidate_1,candidate_3,candidate_2,candidate_5,candidate_4,5,0.024
19,candidate_1,candidate_3,candidate_2,candidate_5,candidate_4,5,0.024
20,candidate_1,candidate_3,candidate_2,candidate_5,candidate_4,5,0.024
21,candidate_1,candidate_3,candidate_2,candidate_5,candidate_4,5,0.024
22,candidate_1,candidate_3,candidate_2,candidate_5,candidate_4,5,0.024
23,candidate_1,candidate_3,candidate_2,candidate_5,candidate_4,5,0.024
24,candidate_1,candidate_3,candidate_2,candidate_5,candidate_4,5,0.024
25,candidate_1,candidate_3,candidate_2,candidate_5,candidate_4,5,0.024
26,candidate_1,candidate_3,candidate_2,candidate_5,candidate_4,5,0.024
27,candidate_1,candidate_3,candidate_2,candidate_5,candidate_4,5,0.024
28,candidate_1,candidate_3,candidate_2,candidate_5,candidate_4,5,0.024
29,candidate_1,candidate_3,candidate_2,candidate_5,candidate_4,5,0.024
30,candidate_1,candidate_3,candidate_2,candidate_5,candidate_4,5,0.024
31,candidate_1,candidate_3,candidate_2,candidate_5,candidate_4,5,0.024
32,candidate_1,candidate_3,candidate_2,candidate_5,candidate_4,5,0.024
33,candidate_1,candidate_3,candidate_2,candidate_5,candidate_4,5,0.024
34,candidate_1,candidate_3,candidate_2,candidate_5,candidate_4,5,0.024
35,candidate_1,candidate_3,candidate_2,candidate_5,candidate_4,5,0.024
36,candidate_1,candidate_3,candidate_2,candidate_5,candidate_4,5,0.024
37,candidate_1,0,candidate_2,candidate_5,candidate_4,5,0.024
38,candidate_1,candidate_3,candidate_2,candidate_5,candidate_4,5,0.024
39,candidate_1,candidate_3,candidate_2,candidate_5,candidate_4,5,0.024
40,candidate_1,candidate_3,candidate_2,candidate_5,candidate_4,5,0.024
41,candidate_1,candidate_3,candidate_2,candidate_5,0,5,0.024
42,candidate_1,candidate_3,candidate_2,candidate_5,candidate_4,5,0.024
43,candidate_1,candidate_3,candidate_2,candidate_5,candidate_4,5,0.024
44,candidate_1,candidate_3,candidate_2,candidate_5,candidate_4,5,0.024
45,candidate_1,candidate_3,candidate_2,candidate_5,candidate_4,5,0.024
46,candidate_1,candidate_3,candidate_2,candidate_5,candidate_4,5,0.024
47,candidate_1,candidate_3,candidate_2,candidate_5,candidate_4,5,0.024
48,candidate_1,candidate_3,candidate_2,candidate_5,candidate_4,5,0.024
49,candidate_1,candidate_3,candidate_2,candidate_5,candidate_4,5,0.024
50,candidate_1,candidate_3,candidate_2,candidate_5,candidate_4,5,0.024
51,candidate_1,candidate_3,candidate_2,candidate_5,candidate_4,5,0.024
52,candidate_1,candidate_3,candidate_2,candidate_5,candidate_4,5,0.024
53,candidate_1,candidate_3,candidate_2,candidate_5,candidate_4,5,0.024
54,candidate_1,candidate_3,candidate_2,candidate_5,candidate_4,5,0.024
55,candidate_1,candidate_3,candidate_2,candidate_5,candidate_4,5,0.024
56,candidate_1,candidate_3,candidate_2,candidate_5,candidate_4,5,0.024
57,candidate_1,candidate_3,candidate_2,candidate_5,candidate_4,5,0.024
58,candidate_1,candidate_3,candidate_2,candidate_5,candidate_4,5,0.024
59,candidate_1,candidate_3,candidate_2,candidate_5,candidate_4,5,0.024
60,candidate_1,candidate_3,candidate_2,candidate_5,candidate_4,5,0.024
61,candidate_1,candidate_3,candidate_2,candidate_5,candidate_4,5,0.024
62,candidate_1,candidate_3,candidate_2,candidate_5,candidate_4,5,0.024
63,candidate_1,candidate_3,candidate_2,candidate_5,candidate_4,5,0.024
64,candidate_1,candidate_3,candidate_2,candidate_5,candidate_4,5,0.024
65,candidate_1,candidate_3,candidate_2,candidate_5,0,5,0.024
66,candidate_1,candidate_3,candidate_2,candidate_5,candidate_4,5,0.024
67,candidate_1,candidate_3,candidate_2,candidate_5,candidate_4,5,0.024
68,candidate_1,candidate_3,candidate_2,candidate_5,candidate_4,5,0.024
69,candidate_1,candidate_3,candidate_2,candidate_5,candidate_4,5,0.024
70,candidate_1,candidate_3,candidate_2,candidate_5,candidate_4,5,0.024
71,candidate_1,candidate_3,candidate_2,candidate_5,candidate_4,5,0.024
72,candidate_1,0,candidate_2,candidate_5,candidate_4,5,0.024
73,candidate_1,candidate_3,candidate_2,candidate_5,candidate_4,5,0.024
74,candidate_1,candidate_3,candidate_2,candidate_5,candidate_4,5,0.024
75,candidate_1,candidate_3,candidate_2,candidate_5,candidate_4,5,0.024
76,candidate_1,candidate_3,candidate_2,candidate_5,candidate_4,5,0.024
77,candidate_1,candidate_3,candidate_2,candidate_5,candidate_4,5,0.024
78,candidate_1,candidate_3,candidate_2,candidate_5,candidate_4,5,0.024
79,candidate_1,candidate_3,candidate_2,candidate_5,candidate_4,5,0.024
80,candidate_1,candidate_3,candidate_2,candidate_5,candidate_4,5,0.024
81,candidate_1,candidate_3,candidate_2,candidate_5,candidate_4,5,0.024
82,candidate_1,candidate_3,candidate_2,candidate_5,candidate_4,5,0.024
83,candidate_1,candidate_3,candidate_2,candidate_5,candidate_4,5,0.024
84,candidate_1,candidate_3,candidate_2,candidate_5,candidate_4,5,0.024
85,candidate_1,candidate_3,candidate_2,candidate_5,candidate_4,5,0.024
86,candidate_1,candidate_3,candidate_2,candidate_5,candidate_4,5,0.024
87,candidate_1,candidate_3,candidate_2,candidate_5,candidate_4,5,0.024
88,candidate_1,candidate_3,candidate_2,candidate_5,candidate_4,5,0.024
89,candidate_1,candidate_3,candidate_2,candidate_5,candidate_4,5,0.024
90,candidate_1,candidate_3,candidate_2,candidate_5,candidate_4,5,0.024
91,candidate_1,candidate_3,candidate_2,candidate_5,candidate_4,5,0.024
92,candidate_1,candidate_3,candidate_2,candidate_5,candidate_4,5,0.024
93,candidate_1,candidate_3,candidate_2,candidate_5,candidate_4,5,0.024
94,candidate_1,candidate_3,candidate_2,candidate_5,0,5,0.024
95,0,candidate_3,candidate_2,candidate_5,candidate_4,5,0.024
96,candidate_1,candidate_3,candidate_2,candidate_5,candidate_4,5,0.024
97,candidate_1,candidate_3,candidate_2,candidate_5,candidate_4,5,0.024
98,candidate_1,candidate_3,candidate_2,candidate_5,candidate_4,5,0.024
99,candidate_1,candidate_3,candidate_2,candidate_5,candidate_4,5,0.024
100,candidate_1,candidate_3,candidate_2,candidate_5,candidate_4,5,0.024
101,candidate_1,candidate_3,candidate_2,candidate_5,candidate_4,5,0.024
102,candidate_1,candidate_3,candidate_2,candidate_5,candidate_4,5,0.024
103,candidate_1,candidate_3,candidate_2,candidate_5,candidate_4,5,0.024
104,candidate_1,candidate_3,candidate_2,candidate_5,candidate_4,5,0.024
105,candidate_1,candidate_3,candidate_2,candidate_5,candidate_4,5,0.024
0,candidate_1,candidate_3,candidate_4,candidate_2,candidate_5,5,0.024
1,candidate_1,candidate_3,candidate_4,candidate_2,candidate_5,5,0.024
2,candidate_1,candidate_3,candidate_4,candidate_2,candidate_5,5,0.024
3,candidate_1,candidate_3,candidate_4,candidate_2,candidate_5,5,0.024
4,candidate_1,candidate_3,candidate_4,candidate_2,0,5,0.024
5,candidate_1,candidate_3,candidate_4,candidate_2,candidate_5,5,0.024
6,candidate_1,candidate_3,candidate_4,candidate_2,candidate_5,5,0.024
7,candidate_1,candidate_3,candidate_4,candidate_2,candidate_5,5,0.024
8,candidate_1,candidate_3,candidate_4,candidate_2,candidate_5,5,0.024
9,candidate_1,candidate_3,candidate_4,candidate_2,candidate_5,5,0.024
10,candidate_1,candidate_3,candidate_4,candidate_2,candidate_5,5,0.024
11,candidate_1,candidate_3,candidate_4,candidate_2,candidate_5,5,0.024
12,candidate_1,candidate_3,candidate_4,candidate_2,candidate_5,5,0.024
13,candidate_1,candidate_3,candidate_4,candidate_2,candidate_5,5,0.024
14,candidate_1,candidate_3,candidate_4,candidate_2,candidate_5,5,0.024
15,candidate_1,candidate_3,candidate_4,candidate_2,candidate_5,5,0.024
16,candidate_1,candidate_3,candidate_4,candidate_2,candidate_5,5,0.024
17,candidate_1,0,candidate_4,candidate_2,candidate_5,5,0.024
18,candidate_1,candidate_3,candidate_4,candidate_2,candidate_5,5,0.024
19,candidate_1,candidate_3,candidate_4,candidate_2,candidate_5,5,0.024
20,candidate_1,candidate_3,candidate_4,candidate_2,candidate_5,5,0.024
21,candidate_1,candidate_3,candidate_4,candidate_2,candidate_5,5,0.024
22,candidate_1,0,candidate_4,candidate_2,candidate_5,5,0.024
23,candidate_1,candidate_3,candidate_4,candidate_2,candidate_5,5,0.024
24,candidate_1,candidate_3,candidate_4,candidate_2,candidate_5,5,0.024
25,candidate_1,candidate_3,candidate_4,candidate_2,candidate_5,5,0.024
26,candidate_1,candidate_3,candidate_4,candidate_2,candidate_5,5,0.024
27,candidate_1,candidate_3,candidate_4,candidate_2,candidate_5,5,0.024
28,candidate_1,candidate_3,candidate_4,candidate_2,candidate_5,5,0.024
29,candidate_1,candidate_3,candidate_4,candidate_2,candidate_5,5,0.024
30,candidate_1,candidate_3,candidate_4,candidate_2,candidate_5,5,0.024
31,candidate_1,candidate_3,candidate_4,candidate_2,candidate_5,5,0.024
32,candidate_1,candidate_3,candidate_4,candidate_2,candidate_5,5,0.024
33,candidate_1,candidate_3,candidate_4,candidate_2,candidate_5,5,0.024
34,candidate_1,candidate_3,candidate_4,candidate_2,candidate_5,5,0.024
35,candidate_1,candidate_3,candidate_4,candidate_2,candidate_5,5,0.024
36,candidate_1,candidate_3,0,candidate_2,candidate_5,5,0.024
37,candidate_1,candidate_3,candidate_4,candidate_2,candidate_5,5,0.024
38,candidate_1,candidate_3,candidate_4,candidate_2,candidate_5,5,0.024
39,candidate_1,candidate_3,candidate_4,candidate_2,candidate_5,5,0.024
40,candidate_1,candidate_3,candidate_4,candidate_2,candidate_5,5,0.024
41,candidate_1,candidate_3,candidate_4,candidate_2,candidate_5,5,0.024
42,candidate_1,candidate_3,candidate_4,candidate_2,candidate_5,5,0.024
43,candidate_1,candidate_3,candidate_4,candidate_2,candidate_5,5,0.024
44,candidate_1,candidate_3,candidate_4,candidate_2,candidate_5,5,0.024
45,candidate_1,candidate_3,candidate_4,candidate_2,candidate_5,5,0.024
46,candidate_1,candidate_3,candidate_4,candidate_2,candidate_5,5,0.024
47,candidate_1,candidate_3,candidate_4,0,candidate_5,5,0.024
48,candidate_1,candidate_3,candidate_4,candidate_2,candidate_5,5,0.024
49,candidate_1,candidate_3,candidate_4,0,candidate_5,5,0.024
50,candidate_1,candidate_3,candidate_4,candidate_2,candidate_5,5,0.024
51,candidate_1,candidate_3,candidate_4,candidate_2,candidate_5,5,0.024
52,candidate_1,candidate_3,candidate_4,candidate_2,candidate_5,5,0.024
53,candidate_1,candidate_3,candidate_4,candidate_2,candidate_5,5,0.024
54,candidate_1,candidate_3,candidate_4,candidate_2,candidate_5,5,0.024
55,candidate_1,candidate_3,candidate_4,candidate_2,candidate_5,5,0.024
56,candidate_1,candidate_3,candidate_4,candidate_2,candidate_5,5,0.024
57,candidate_1,candidate_3,candidate_4,candidate_2,candidate_5,5,0.024
58,candidate_1,candidate_3,candidate_4,candidate_2,candidate_5,5,0.024
59,candidate_1,candidate_3,candidate_4,candidate_2,candidate_5,5,0.024
60,candidate_1,candidate_3,candidate_4,candidate_2,candidate_5,5,0.024
61,candidate_1,candidate_3,candidate_4,candidate_2,candidate_5,5,0.024
62,candidate_1,candidate_3,candidate_4,candidate_2,candidate_5,5,0.024
63,candidate_1,0,candidate_4,candidate_2,candidate_5,5,0.024
64,candidate_1,candidate_3,0,candidate_2,candidate_5,5,0.024
65,candidate_1,candidate_3,candidate_4,candidate_2,candidate_5,5,0.024
66,candidate_1,candidate_3,candidate_4,candidate_2,candidate_5,5,0.024
67,candidate_1,candidate_3,candidate_4,candidate_2,candidate_5,5,0.024
68,candidate_1,candidate_3,candidate_4,candidate_2,candidate_5,5,0.024
69,candidate_1,candidate_3,candidate_4,candidate_2,candidate_5,5,0.024
70,candidate_1,candidate_3,candidate_4,candidate_2,candidate_5,5,0.024
71,candidate_1,candidate_3,candidate_4,candidate_2,candidate_5,5,0.024
72,candidate_1,candidate_3,candidate_4,candidate_2,candidate_5,5,0.024
73,candidate_1,candidate_3,candidate_4,candidate_2,candidate_5,5,0.024
74,candidate_1,candidate_3,candidate_4,candidate_2,candidate_5,5,0.024
75,candidate_1,candidate_3,candidate_4,candidate_2,candidate_5,5,0.024
76,candidate_1,candidate_3,candidate_4,candidate_2,candidate_5,5,0.024
77,candidate_1,candidate_3,candidate_4,candidate_2,candidate_5,5,0.024
78,candidate_1,candidate_3,candidate_4,candidate_2,candidate_5,5,0.024
79,candidate_1,candidate_3,candidate_4,candidate_2,candidate_5,5,0.024
80,candidate_1,candidate_3,candidate_4,candidate_2,candidate_5,5,0.024
81,candidate_1,candidate_3,candidate_4,candidate_2,candidate_5,5,0.024
82,candidate_1,candidate_3,candidate_4,candidate_2,candidate_5,5,0.024
83,candidate_1,candidate_3,candidate_4,candidate_2,candidate_5,5,0.024
84,0,candidate_3,candidate_4,candidate_2,candidate_5,5,0.024
85,candidate_1,candidate_3,0,candidate_2,candidate_5,5,0.024
0,candidate_1,candidate_3,candidate_4,candidate_5,candidate_2,5,0.024
1,candidate_1,candidate_3,candidate_4,candidate_5,candidate_2,5,0.024
2,candidate_1,candidate_3,candidate_4,candidate_5,candidate_2,5,0.024
3,candidate_1,candidate_3,candidate_4,candidate_5,candidate_2,5,0.024
4,candidate_1,candidate_3,candidate_4,candidate_5,candidate_2,5,0.024
5,candidate_1,candidate_3,candidate_4,candidate_5,candidate_2,5,0.024
6,candidate_1,candidate_3,candidate_4,candidate_5,candidate_2,5,0.024
7,candidate_1,candidate_3,candidate_4,candidate_5,candidate_2,5,0.024
8,candidate_1,candidate_3,candidate_4,0,candidate_2,5,0.024
9,candidate_1,candidate_3,candidate_4,candidate_5,candidate_2,5,0.024
10,candidate_1,candidate_3,candidate_4,candidate_5,candidate_2,5,0.024
11,candidate_1,candidate_3,candidate_4,candidate_5,candidate_2,5,0.024
12,candidate_1,candidate_3,candidate_4,candidate_5,candidate_2,5,0.024
13,candidate_1,candidate_3,candidate_4,candidate_5,candidate_2,5,0.024
14,candidate_1,candidate_3,candidate_4,candidate_5,candidate_2,5,0.024
15,candidate_1,candidate_3,candidate_4,candidate_5,candidate_2,5,0.024
16,candidate_1,candidate_3,candidate_4,candidate_5,candidate_2,5,0.024
17,candidate_1,candidate_3,candidate_4,candidate_5,candidate_2,5,0.024
18,candidate_1,candidate_3,candidate_4,candidate_5,candidate_2,5,0.024
19,candidate_1,candidate_3,candidate_4,candidate_5,candidate_2,5,0.024
20,candidate_1,candidate_3,candidate_4,candidate_5,candidate_2,5,0.024
21,candidate_1,candidate_3,candidate_4,candidate_5,candidate_2,5,0.024
22,candidate_1,candidate_3,candidate_4,candidate_5,candidate_2,5,0.024
23,candidate_1,candidate_3,candidate_4,candidate_5,candidate_2,5,0.024
24,candidate_1,candidate_3,candidate_4,candidate_5,candidate_2,5,0.024
25,candidate_1,candidate_3,candidate_4,candidate_5,candidate_2,5,0.024
26,candidate_1,candidate_3,candidate_4,candidate_5,candidate_2,5,0.024
27,candidate_1,candidate_3,candidate_4,0,candidate_2,5,0.024
28,candidate_1,candidate_3,candidate_4,candidate_5,candidate_2,5,0.024
29,candidate_1,candidate_3,candidate_4,candidate_5,candidate_2,5,0.024
30,candidate_1,candidate_3,candidate_4,candidate_5,candidate_2,5,0.024
31,0,candidate_3,candidate_4,candidate_5,candidate_2,5,0.024
32,candidate_1,candidate_3,candidate_4,candidate_5,candidate_2,5,0.024
33,candidate_1,candidate_3,candidate_4,candidate_5,candidate_2,5,0.024
34,candidate_1,candidate_3,candidate_4,candidate_5,candidate_2,5,0.024
35,candidate_1,candidate_3,candidate_4,candidate_5,candidate_2,5,0.024
36,candidate_1,candidate_3,candidate_4,candidate_5,candidate_2,5,0.024
37,candidate_1,candidate_3,candidate_4,candidate_5,candidate_2,5,0.024
38,candidate_1,candidate_3,candidate_4,candidate_5,candidate_2,5,0.024
39,candidate_1,candidate_3,candidate_4,candidate_5,candidate_2,5,0.024
40,candidate_1,candidate_3,candidate_4,candidate_5,0,5,0.024
41,candidate_1,candidate_3,candidate_4,candidate_5,candidate_2,5,0.024
42,candidate_1,candidate_3,candidate_4,candidate_5,candidate_2,5,0.024
43,candidate_1,candidate_3,candidate_4,candidate_5,candidate_2,5,0.024
44,candidate_1,candidate_3,candidate_4,candidate_5,candidate_2,5,0.024
45,candidate_1,candidate_3,candidate_4,candidate_5,candidate_2,5,0.024
46,candidate_1,candidate_3,candidate_4,candidate_5,candidate_2,5,0.024
47,candidate_1,candidate_3,candidate_4,candidate_5,candidate_2,5,0.024
48,candidate_1,candidate_3,candidate_4,candidate_5,candidate_2,5,0.024
49,candidate_1,candidate_3,candidate_4,candidate_5,candidate_2,5,0.024
50,candidate_1,candidate_3,candidate_4,candidate_5,candidate_2,5,0.024
51,candidate_1,candidate_3,candidate_4,candidate_5,candidate_2,5,0.024
52,candidate_1,candidate_3,candidate_4,candidate_5,candidate_2,5,0.024
53,candidate_1,candidate_3,candidate_4,candidate_5,candidate_2,5,0.024
54,candidate_1,candidate_3,candidate_4,candidate_5,candidate_2,5,0.024
55,candidate_1,candidate_3,candidate_4,candidate_5,candidate_2,5,0.024
56,candidate_1,candidate_3,candidate_4,candidate_5,candidate_2,5,0.024
57,candidate_1,candidate_3,candidate_4,candidate_5,candidate_2,5,0.024
58,candidate_1,candidate_3,candidate_4,candidate_5,candidate_2,5,0.024
59,candidate_1,candidate_3,candidate_4,candidate_5,candidate_2,5,0.024
60,candidate_1,candidate_3,0,candidate_5,candidate_2,5,0.024
61,candidate_1,candidate_3,candidate_4,candidate_5,candidate_2,5,0.024
62,candidate_1,candidate_3,candidate_4,candidate_5,candidate_2,5,0.024
63,candidate_1,candidate_3,candidate_4,candidate_5,candidate_2,5,0.024
64,candidate_1,candidate_3,candidate_4,candidate_5,candidate_2,5,0.024
65,candidate_1,candidate_3,candidate_4,candidate_5,candidate_2,5,0.024
66,candidate_1,candidate_3,candidate_4,candidate_5,candidate_2,5,0.024
67,candidate_1,candidate_3,candidate_4,candidate_5,candidate_2,5,0.024
68,candidate_1,candidate_3,candidate_4,candidate_5,candidate_2,5,0.024
69,candidate_1,candidate_3,candidate_4,candidate_5,candidate_2,5,0.024
70,candidate_1,candidate_3,candidate_4,candidate_5,candidate_2,5,0.024
71,candidate_1,candidate_3,candidate_4,candidate_5,candidate_2,5,0.024
72,candidate_1,candidate_3,candidate_4,candidate_5,candidate_2,5,0.024
73,candidate_1,candidate_3,candidate_4,candidate_5,candidate_2,5,0.024
74,candidate_1,candidate_3,candidate_4,candidate_5,candidate_2,5,0.024
75,candidate_1,candidate_3,candidate_4,candidate_5,candidate_2,5,0.024
76,candidate_1,candidate_3,candidate_4,candidate_5,candidate_2,5,0.024
77,candidate_1,candidate_3,candidate_4,candidate_5,candidate_2,5,0.024
78,candidate_1,candidate_3,candidate_4,candidate_5,candidate_2,5,0.024
79,candidate_1,candidate_3,candidate_4,candidate_5,candidate_2,5,0.024
80,candidate_1,candidate_3,candidate_4,candidate_5,candidate_2,5,0.024
81,candidate_1,candidate_3,candidate_4,candidate_5,candidate_2,5,0.024
82,candidate_1,candidate_3,candidate_4,candidate_5,candidate_2,5,0.024
83,candidate_1,candidate_3,candidate_4,candidate_5,candidate_2,5,0.024
84,candidate_1,candidate_3,candidate_4,candidate_5,candidate_2,5,0.024
85,candidate_1,candidate_3,candidate_4,candidate_5,candidate_2,5,0.024
86,candidate_1,candidate_3,candidate_4,candidate_5,candidate_2,5,0.024
87,candidate_1,candidate_3,candidate_4,candidate_5,candidate_2,5,0.024
88,candidate_1,candidate_3,candidate_4,candidate_5,candidate_2,5,0.024
89,candidate_1,candidate_3,candidate_4,candidate_5,candidate_2,5,0.024
90,candidate_1,candidate_3,candidate_4,candidate_5,candidate_2,5,0.024
91,candidate_1,candidate_3,candidate_4,candidate_5,candidate_2,5,0.024
92,candidate_1,candidate_3,candidate_4,candidate_5,candidate_2,5,0.024
93,candidate_1,candidate_3,candidate_4,candidate_5,candidate_2,5,0.024
94,candidate_1,candidate_3,candidate_4,candidate_5,candidate_2,5,0.024
95,candidate_1,candidate_3,candidate_4,candidate_5,candidate_2,5,0.024
96,candidate_1,candidate_3,candidate_4,candidate_5,candidate_2,5,0.024
97,candidate_1,candidate_3,candidate_4,candidate_5,candidate_2,5,0.024
98,0,candidate_3,candidate_4,candidate_5,candidate_2,5,0.024
99,candidate_1,candidate_3,candidate_4,candidate_5,candidate_2,5,0.024
100,candidate_1,candidate_3,candidate_4,candidate_5,candidate_2,5,0.024
101,candidate_1,candidate_3,candidate_4,candidate_5,candidate_2,5,0.024
102,candidate_1,candidate_3,candidate_4,candidate_5,candidate_2,5,0.024
103,candidate_1,candidate_3,candidate_4,candidate_5,candidate_2,5,0.024
104,candidate_1,candidate_3,candidate_4,candidate_5,candidate_2,5,0.024
105,candidate_1,candidate_3,candidate_4,candidate_5,candidate_2,5,0.024
106,candidate_1,candidate_3,candidate_4,candidate_5,candidate_2,5,0.024
107,candidate_1,candidate_3,candidate_4,candidate_5,candidate_2,5,0.024
108,candidate_1,candidate_3,candidate_4,candidate_5,candidate_2,5,0.024
109,candidate_1,candidate_3,candidate_4,candidate_5,candidate_2,5,0.024
110,candidate_1,candidate_3,candidate_4,candidate_5,candidate_2,5,0.024
0,candidate_1,candidate_3,candidate_5,candidate_2,candidate_4,5,0.024
1,candidate_1,candidate_3,candidate_5,candidate_2,candidate_4,5,0.024
2,candidate_1,candidate_3,candidate_5,0,candidate_4,5,0.024
3,candidate_1,candidate_3,candidate_5,candidate_2,candidate_4,5,0.024
4,candidate_1,candidate_3,candidate_5,candidate_2,candidate_4,5,0.024
5,candidate_1,candidate_3,candidate_5,candidate_2,candidate_4,5,0.024
6,candidate_1,candidate_3,candidate_5,candidate_2,0,5,0.024
7,candidate_1,candidate_3,candidate_5,candidate_2,candidate_4,5,0.024
8,candidate_1,candidate_3,candidate_5,candidate_2,candidate_4,5,0.024
9,candidate_1,candidate_3,candidate_5,candidate_2,candidate_4,5,0.024
10,candidate_1,candidate_3,candidate_5,0,candidate_4,5,0.024
11,candidate_1,candidate_3,candidate_5,candidate_2,candidate_4,5,0.024
12,candidate_1,candidate_3,candidate_5,candidate_2,candidate_4,5,0.024
13,0,candidate_3,0,candidate_2,candidate_4,5,0.024
14,candidate_1,candidate_3,candidate_5,candidate_2,candidate_4,5,0.024
15,candidate_1,candidate_3,candidate_5,candidate_2,candidate_4,5,0.024
16,candidate_1,candidate_3,candidate_5,candidate_2,candidate_4,5,0.024
17,candidate_1,candidate_3,candidate_5,candidate_2,candidate_4,5,0.024
18,candidate_1,candidate_3,candidate_5,candidate_2,candidate_4,5,0.024
19,candidate_1,candidate_3,candidate_5,candidate_2,candidate_4,5,0.024
20,candidate_1,candidate_3,candidate_5,candidate_2,candidate_4,5,0.024
21,candidate_1,candidate_3,candidate_5,candidate_2,candidate_4,5,0.024
22,candidate_1,candidate_3,candidate_5,candidate_2,candidate_4,5,0.024
23,candidate_1,candidate_3,candidate_5,candidate_2,candidate_4,5,0.024
24,candidate_1,candidate_3,candidate_5,candidate_2,candidate_4,5,0.024
25,candidate_1,candidate_3,candidate_5,candidate_2,candidate_4,5,0.024
26,candidate_1,candidate_3,candidate_5,candidate_2,candidate_4,5,0.024
27,candidate_1,candidate_3,candidate_5,candidate_2,candidate_4,5,0.024
28,candidate_1,candidate_3,candidate_5,candidate_2,candidate_4,5,0.024
29,candidate_1,candidate_3,candidate_5,candidate_2,candidate_4,5,0.024
30,candidate_1,candidate_3,candidate_5,candidate_2,candidate_4,5,0.024
31,candidate_1,candidate_3,candidate_5,candidate_2,candidate_4,5,0.024
32,candidate_1,candidate_3,candidate_5,candidate_2,candidate_4,5,0.024
33,candidate_1,candidate_3,candidate_5,candidate_2,candidate_4,5,0.024
34,candidate_1,candidate_3,candidate_5,candidate_2,candidate_4,5,0.024
35,candidate_1,candidate_3,candidate_5,candidate_2,candidate_4,5,0.024
36,candidate_1,candidate_3,candidate_5,candidate_2,candidate_4,5,0.024
37,candidate_1,candidate_3,candidate_5,candidate_2,candidate_4,5,0.024
38,candidate_1,candidate_3,candidate_5,candidate_2,candidate_4,5,0.024
39,candidate_1,candidate_3,candidate_5,candidate_2,candidate_4,5,0.024
40,candidate_1,candidate_3,candidate_5,candidate_2,candidate_4,5,0.024
41,candidate_1,candidate_3,candidate_5,candidate_2,candidate_4,5,0.024
42,candidate_1,candidate_3,candidate_5,candidate_2,candidate_4,5,0.024
43,candidate_1,candidate_3,candidate_5,candidate_2,candidate_4,5,0.024
44,candidate_1,candidate_3,candidate_5,candidate_2,candidate_4,5,0.024
45,candidate_1,candidate_3,candidate_5,candidate_2,candidate_4,5,0.024
46,candidate_1,candidate_3,candidate_5,candidate_2,candidate_4,5,0.024
47,candidate_1,candidate_3,candidate_5,0,candidate_4,5,0.024
48,candidate_1,candidate_3,0,candidate_2,candidate_4,5,0.024
49,candidate_1,0,candidate_5,candidate_2,candidate_4,5,0.024
50,candidate_1,candidate_3,candidate_5,candidate_2,candidate_4,5,0.024
51,candidate_1,candidate_3,candidate_5,candidate_2,candidate_4,5,0.024
52,candidate_1,candidate_3,candidate_5,candidate_2,candidate_4,5,0.024
53,candidate_1,candidate_3,candidate_5,candidate_2,candidate_4,5,0.024
54,candidate_1,candidate_3,candidate_5,candidate_2,candidate_4,5,0.024
0,candidate_1,candidate_3,candidate_5,candidate_4,candidate_2,5,0.024
1,candidate_1,candidate_3,candidate_5,candidate_4,candidate_2,5,0.024
2,candidate_1,candidate_3,candidate_5,candidate_4,candidate_2,5,0.024
3,candidate_1,candidate_3,candidate_5,candidate_4,candidate_2,5,0.024
4,candidate_1,candidate_3,candidate_5,candidate_4,candidate_2,5,0.024
5,candidate_1,candidate_3,candidate_5,candidate_4,candidate_2,5,0.024
6,candidate_1,candidate_3,candidate_5,candidate_4,candidate_2,5,0.024
7,candidate_1,candidate_3,candidate_5,candidate_4,candidate_2,5,0.024
8,candidate_1,candidate_3,candidate_5,candidate_4,candidate_2,5,0.024
9,candidate_1,candidate_3,candidate_5,candidate_4,candidate_2,5,0.024
10,0,candidate_3,candidate_5,candidate_4,candidate_2,5,0.024
11,candidate_1,candidate_3,candidate_5,candidate_4,candidate_2,5,0.024
12,candidate_1,candidate_3,candidate_5,candidate_4,candidate_2,5,0.024
13,candidate_1,candidate_3,candidate_5,candidate_4,candidate_2,5,0.024
14,candidate_1,candidate_3,candidate_5,candidate_4,candidate_2,5,0.024
15,candidate_1,candidate_3,candidate_5,candidate_4,0,5,0.024
16,0,candidate_3,candidate_5,candidate_4,candidate_2,5,0.024
17,candidate_1,candidate_3,candidate_5,candidate_4,candidate_2,5,0.024
18,candidate_1,candidate_3,candidate_5,candidate_4,candidate_2,5,0.024
19,candidate_1,candidate_3,candidate_5,0,candidate_2,5,0.024
0,candidate_1,candidate_4,candidate_2,candidate_3,candidate_5,5,0.024
1,candidate_1,candidate_4,candidate_2,candidate_3,candidate_5,5,0.024
2,candidate_1,candidate_4,candidate_2,candidate_3,candidate_5,5,0.024
3,candidate_1,candidate_4,candidate_2,candidate_3,candidate_5,5,0.024
4,candidate_1,candidate_4,candidate_2,candidate_3,candidate_5,5,0.024
5,candidate_1,candidate_4,candidate_2,candidate_3,candidate_5,5,0.024
6,candidate_1,candidate_4,candidate_2,candidate_3,candidate_5,5,0.024
7,candidate_1,candidate_4,candidate_2,candidate_3,candidate_5,5,0.024
8,candidate_1,candidate_4,candidate_2,candidate_3,candidate_5,5,0.024
9,candidate_1,candidate_4,candidate_2,candidate_3,candidate_5,5,0.024
10,candidate_1,candidate_4,candidate_2,candidate_3,candidate_5,5,0.024
11,candidate_1,candidate_4,candidate_2,candidate_3,candidate_5,5,0.024
12,candidate_1,candidate_4,candidate_2,candidate_3,candidate_5,5,0.024
13,candidate_1,candidate_4,candidate_2,candidate_3,candidate_5,5,0.024
14,candidate_1,candidate_4,candidate_2,candidate_3,candidate_5,5,0.024
15,candidate_1,candidate_4,candidate_2,candidate_3,candidate_5,5,0.024
16,candidate_1,candidate_4,candidate_2,candidate_3,candidate_5,5,0.024
17,candidate_1,candidate_4,candidate_2,candidate_3,candidate_5,5,0.024
18,candidate_1,candidate_4,candidate_2,candidate_3,candidate_5,5,0.024
19,candidate_1,candidate_4,candidate_2,candidate_3,candidate_5,5,0.024
20,candidate_1,candidate_4,candidate_2,candidate_3,candidate_5,5,0.024
21,candidate_1,candidate_4,candidate_2,candidate_3,candidate_5,5,0.024
22,candidate_1,candidate_4,candidate_2,candidate_3,candidate_5,5,0.024
23,candidate_1,candidate_4,candidate_2,candidate_3,candidate_5,5,0.024
24,candidate_1,candidate_4,candidate_2,candidate_3,candidate_5,5,0.024
25,candidate_1,candidate_4,candidate_2,candidate_3,candidate_5,5,0.024
26,candidate_1,candidate_4,candidate_2,candidate_3,candidate_5,5,0.024
27,candidate_1,candidate_4,candidate_2,candidate_3,candidate_5,5,0.024
28,candidate_1,candidate_4,candidate_2,candidate_3,candidate_5,5,0.024
29,candidate_1,candidate_4,candidate_2,candidate_3,0,5,0.024
30,candidate_1,candidate_4,candidate_2,candidate_3,candidate_5,5,0.024
31,candidate_1,candidate_4,candidate_2,candidate_3,candidate_5,5,0.024
32,candidate_1,candidate_4,candidate_2,candidate_3,candidate_5,5,0.024
33,candidate_1,candidate_4,candidate_2,candidate_3,candidate_5,5,0.024
0,candidate_1,candidate_4,candidate_2,candidate_5,candidate_3,5,0.024
1,candidate_1,candidate_4,candidate_2,candidate_5,candidate_3,5,0.024
0,candidate_1,candidate_4,candidate_3,candidate_2,candidate_5,5,0.024
1,candidate_1,candidate_4,candidate_3,candidate_2,candidate_5,5,0.024
2,candidate_1,candidate_4,candidate_3,candidate_2,candidate_5,5,0.024
3,candidate_1,candidate_4,candidate_3,candidate_2,candidate_5,5,0.024
4,0,candidate_4,candidate_3,candidate_2,candidate_5,5,0.024
5,candidate_1,candidate_4,candidate_3,candidate_2,candidate_5,5,0.024
6,candidate_1,candidate_4,candidate_3,candidate_2,candidate_5,5,0.024
7,candidate_1,candidate_4,candidate_3,candidate_2,candidate_5,5,0.024
8,candidate_1,candidate_4,candidate_3,candidate_2,candidate_5,5,0.024
9,candidate_1,candidate_4,candidate_3,candidate_2,candidate_5,5,0.024
10,candidate_1,candidate_4,candidate_3,candidate_2,candidate_5,5,0.024
11,candidate_1,candidate_4,candidate_3,candidate_2,candidate_5,5,0.024
12,candidate_1,candidate_4,candidate_3,0,candidate_5,5,0.024
13,candidate_1,candidate_4,candidate_3,candidate_2,candidate_5,5,0.024
14,0,candidate_4,candidate_3,candidate_2,candidate_5,5,0.024
15,candidate_1,candidate_4,candidate_3,candidate_2,candidate_5,5,0.024
16,candidate_1,candidate_4,candidate_3,candidate_2,candidate_5,5,0.024
17,candidate_1,candidate_4,candidate_3,candidate_2,candidate_5,5,0.024
18,candidate_1,candidate_4,candidate_3,candidate_2,candidate_5,5,0.024
19,candidate_1,candidate_4,candidate_3,candidate_2,candidate_5,5,0.024
20,candidate_1,candidate_4,candidate_3,candidate_2,candidate_5,5,0.024
21,candidate_1,candidate_4,candidate_3,candidate_2,candidate_5,5,0.024
22,candidate_1,candidate_4,candidate_3,candidate_2,candidate_5,5,0.024
23,candidate_1,candidate_4,candidate_3,candidate_2,candidate_5,5,0.024
24,candidate_1,candidate_4,candidate_3,candidate_2,candidate_5,5,0.024
25,candidate_1,candidate_4,candidate_3,candidate_2,candidate_5,5,0.024
26,candidate_1,candidate_4,candidate_3,candidate_2,candidate_5,5,0.024
27,candidate_1,candidate_4,candidate_3,candidate_2,candidate_5,5,0.024
28,candidate_1,candidate_4,candidate_3,candidate_2,candidate_5,5,0.024
29,candidate_1,candidate_4,candidate_3,candidate_2,candidate_5,5,0.024
30,candidate_1,candidate_4,candidate_3,candidate_2,candidate_5,5,0.024
31,candidate_1,candidate_4,candidate_3,candidate_2,candidate_5,5,0.024
32,candidate_1,candidate_4,candidate_3,candidate_2,candidate_5,5,0.024
33,candidate_1,candidate_4,candidate_3,candidate_2,candidate_5,5,0.024
34,candidate_1,candidate_4,candidate_3,candidate_2,candidate_5,5,0.024
35,candidate_1,candidate_4,candidate_3,candidate_2,candidate_5,5,0.024
36,candidate_1,candidate_4,candidate_3,candidate_2,candidate_5,5,0.024
37,candidate_1,candidate_4,candidate_3,candidate_2,candidate_5,5,0.024
38,candidate_1,candidate_4,candidate_3,candidate_2,candidate_5,5,0.024
39,candidate_1,candidate_4,candidate_3,candidate_2,candidate_5,5,0.024
40,candidate_1,candidate_4,candidate_3,candidate_2,candidate_5,5,0.024
41,candidate_1,candidate_4,candidate_3,candidate_2,candidate_5,5,0.024
42,candidate_1,candidate_4,candidate_3,candidate_2,candidate_5,5,0.024
43,candidate_1,candidate_4,candidate_3,candidate_2,candidate_5,5,0.024
44,candidate_1,candidate_4,candidate_3,candidate_2,candidate_5,5,0.024
45,candidate_1,candidate_4,candidate_3,candidate_2,candidate_5,5,0.024
46,candidate_1,candidate_4,candidate_3,candidate_2,candidate_5,5,0.024
47,candidate_1,candidate_4,candidate_3,candidate_2,candidate_5,5,0.024
48,candidate_1,candidate_4,candidate_3,candidate_2,candidate_5,5,0.024
49,candidate_1,candidate_4,candidate_3,candidate_2,candidate_5,5,0.024
50,candidate_1,candidate_4,candidate_3,candidate_2,candidate_5,5,0.024
51,candidate_1,candidate_4,candidate_3,candidate_2,0,5,0.024
52,candidate_1,candidate_4,candidate_3,candidate_2,candidate_5,5,0.024
53,candidate_1,candidate_4,candidate_3,candidate_2,candidate_5,5,0.024
54,candidate_1,candidate_4,candidate_3,candidate_2,candidate_5,5,0.024
55,candidate_1,candidate_4,candidate_3,candidate_2,candidate_5,5,0.024
56,candidate_1,candidate_4,candidate_3,candidate_2,0,5,0.024
57,candidate_1,candidate_4,candidate_3,candidate_2,candidate_5,5,0.024
58,candidate_1,candidate_4,candidate_3,candidate_2,candidate_5,5,0.024
59,candidate_1,candidate_4,0,candidate_2,candidate_5,5,0.024
60,candidate_1,candidate_4,candidate_3,candidate_2,candidate_5,5,0.024
61,candidate_1,candidate_4,candidate_3,candidate_2,candidate_5,5,0.024
62,candidate_1,candidate_4,candidate_3,candidate_2,candidate_5,5,0.024
63,candidate_1,candidate_4,candidate_3,candidate_2,candidate_5,5,0.024
64,candidate_1,candidate_4,candidate_3,candidate_2,0,5,0.024
65,candidate_1,candidate_4,candidate_3,candidate_2,candidate_5,5,0.024
66,candidate_1,candidate_4,candidate_3,0,candidate_5,5,0.024
67,candidate_1,candidate_4,candidate_3,candidate_2,candidate_5,5,0.024
68,candidate_1,candidate_4,candidate_3,candidate_2,candidate_5,5,0.024
69,candidate_1,candidate_4,candidate_3,candidate_2,candidate_5,5,0.024
70,candidate_1,candidate_4,candidate_3,candidate_2,candidate_5,5,0.024
71,candidate_1,candidate_4,candidate_3,candidate_2,candidate_5,5,0.024
72,candidate_1,candidate_4,candidate_3,candidate_2,0,5,0.024
73,candidate_1,candidate_4,candidate_3,candidate_2,candidate_5,5,0.024
74,candidate_1,candidate_4,candidate_3,candidate_2,0,5,0.024
75,candidate_1,candidate_4,candidate_3,candidate_2,candidate_5,5,0.024
76,candidate_1,candidate_4,0,candidate_2,candidate_5,5,0.024
77,candidate_1,candidate_4,candidate_3,candidate_2,candidate_5,5,0.024
78,0,candidate_4,candidate_3,candidate_2,candidate_5,5,0.024
79,candidate_1,candidate_4,candidate_3,candidate_2,candidate_5,5,0.024
80,candidate_1,candidate_4,candidate_3,candidate_2,candidate_5,5,0.024
81,candidate_1,candidate_4,candidate_3,candidate_2,candidate_5,5,0.024
82,candidate_1,candidate_4,candidate_3,candidate_2,candidate_5,5,0.024
83,candidate_1,candidate_4,candidate_3,candidate_2,candidate_5,5,0.024
84,candidate_1,candidate_4,candidate_3,candidate_2,candidate_5,5,0.024
85,candidate_1,candidate_4,candidate_3,candidate_2,candidate_5,5,0.024
86,candidate_1,candidate_4,candidate_3,candidate_2,candidate_5,5,0.024
87,candidate_1,candidate_4,candidate_3,candidate_2,0,5,0.024
88,candidate_1,candidate_4,candidate_3,candidate_2,candidate_5,5,0.024
89,candidate_1,candidate_4,candidate_3,candidate_2,candidate_5,5,0.024
90,candidate_1,candidate_4,0,candidate_2,candidate_5,5,0.024
91,candidate_1,candidate_4,candidate_3,candidate_2,candidate_5,5,0.024
92,candidate_1,candidate_4,candidate_3,candidate_2,candidate_5,5,0.024
93,candidate_1,candidate_4,candidate_3,candidate_2,candidate_5,5,0.024
94,candidate_1,candidate_4,candidate_3,candidate_2,candidate_5,5,0.024
95,candidate_1,candidate_4,candidate_3,candidate_2,candidate_5,5,0.024
96,candidate_1,candidate_4,candidate_3,candidate_2,candidate_5,5,0.024
97,0,candidate_4,candidate_3,candidate_2,candidate_5,5,0.024
98,candidate_1,candidate_4,candidate_3,candidate_2,candidate_5,5,0.024
99,candidate_1,candidate_4,candidate_3,candidate_2,candidate_5,5,0.024
100,candidate_1,candidate_4,candidate_3,candidate_2,candidate_5,5,0.024
101,candidate_1,candidate_4,candidate_3,candidate_2,candidate_5,5,0.024
102,candidate_1,candidate_4,candidate_3,candidate_2,candidate_5,5,0.024
103,candidate_1,candidate_4,candidate_3,candidate_2,candidate_5,5,0.024
104,candidate_1,candidate_4,candidate_3,candidate_2,candidate_5,5,0.024
105,candidate_1,candidate_4,candidate_3,candidate_2,candidate_5,5,0.024
106,candidate_1,candidate_4,candidate_3,candidate_2,candidate_5,5,0.024
107,candidate_1,candidate_4,candidate_3,candidate_2,candidate_5,5,0.024
108,0,candidate_4,candidate_3,candidate_2,candidate_5,5,0.024
109,candidate_1,candidate_4,candidate_3,candidate_2,candidate_5,5,0.024
110,candidate_1,candidate_4,candidate_3,candidate_2,candidate_5,5,0.024
111,candidate_1,candidate_4,candidate_3,candidate_2,candidate_5,5,0.024
112,candidate_1,candidate_4,candidate_3,candidate_2,candidate_5,5,0.024
113,candidate_1,candidate_4,candidate_3,candidate_2,candidate_5,5,0.024
114,candidate_1,candidate_4,candidate_3,candidate_2,candidate_5,5,0.024
115,candidate_1,candidate_4,candidate_3,candidate_2,candidate_5,5,0.024
116,candidate_1,candidate_4,candidate_3,candidate_2,candidate_5,5,0.024
117,candidate_1,candidate_4,candidate_3,candidate_2,candidate_5,5,0.024
118,candidate_1,candidate_4,candidate_3,candidate_2,candidate_5,5,0.024
119,candidate_1,candidate_4,candidate_3,candidate_2,candidate_5,5,0.024
120,candidate_1,candidate_4,candidate_3,candidate_2,candidate_5,5,0.024
121,candidate_1,candidate_4,candidate_3,candidate_2,candidate_5,5,0.024
122,candidate_1,candidate_4,candidate_3,candidate_2,candidate_5,5,0.024
0,candidate_1,candidate_4,candidate_3,candidate_5,candidate_2,5,0.024
1,candidate_1,candidate_4,candidate_3,candidate_5,candidate_2,5,0.024
2,candidate_1,candidate_4,candidate_3,candidate_5,candidate_2,5,0.024
3,candidate_1,candidate_4,candidate_3,candidate_5,candidate_2,5,0.024
4,candidate_1,candidate_4,candidate_3,candidate_5,candidate_2,5,0.024
5,candidate_1,candidate_4,candidate_3,candidate_5,candidate_2,5,0.024
6,candidate_1,candidate_4,candidate_3,candidate_5,candidate_2,5,0.024
7,candidate_1,candidate_4,candidate_3,candidate_5,candidate_2,5,0.024
8,candidate_1,candidate_4,candidate_3,candidate_5,candidate_2,5,0.024
9,candidate_1,candidate_4,candidate_3,candidate_5,candidate_2,5,0.024
10,candidate_1,candidate_4,candidate_3,candidate_5,candidate_2,5,0.024
11,candidate_1,candidate_4,candidate_3,candidate_5,candidate_2,5,0.024
12,candidate_1,candidate_4,candidate_3,candidate_5,candidate_2,5,0.024
13,candidate_1,candidate_4,candidate_3,candidate_5,candidate_2,5,0.024
14,candidate_1,candidate_4,candidate_3,candidate_5,candidate_2,5,0.024
15,candidate_1,candidate_4,candidate_3,candidate_5,candidate_2,5,0.024
16,candidate_1,candidate_4,candidate_3,0,candidate_2,5,0.024
17,candidate_1,candidate_4,candidate_3,candidate_5,candidate_2,5,0.024
18,candidate_1,candidate_4,candidate_3,candidate_5,candidate_2,5,0.024
19,candidate_1,candidate_4,candidate_3,candidate_5,0,5,0.024
20,candidate_1,candidate_4,candidate_3,candidate_5,candidate_2,5,0.024
21,candidate_1,candidate_4,candidate_3,candidate_5,candidate_2,5,0.024
22,0,candidate_4,candidate_3,candidate_5,candidate_2,5,0.024
23,candidate_1,candidate_4,candidate_3,candidate_5,candidate_2,5,0.024
24,candidate_1,candidate_4,candidate_3,candidate_5,candidate_2,5,0.024
25,candidate_1,candidate_4,candidate_3,candidate_5,candidate_2,5,0.024
26,candidate_1,candidate_4,candidate_3,candidate_5,candidate_2,5,0.024
27,candidate_1,candidate_4,candidate_3,candidate_5,candidate_2,5,0.024
28,candidate_1,candidate_4,candidate_3,candidate_5,candidate_2,5,0.024
29,candidate_1,candidate_4,candidate_3,candidate_5,candidate_2,5,0.024
30,candidate_1,candidate_4,candidate_3,candidate_5,0,5,0.024
31,candidate_1,candidate_4,candidate_3,candidate_5,candidate_2,5,0.024
32,candidate_1,candidate_4,candidate_3,candidate_5,candidate_2,5,0.024
33,candidate_1,candidate_4,candidate_3,candidate_5,candidate_2,5,0.024
34,candidate_1,candidate_4,candidate_3,candidate_5,candidate_2,5,0.024
35,0,candidate_4,candidate_3,candidate_5,candidate_2,5,0.024
36,candidate_1,candidate_4,candidate_3,candidate_5,candidate_2,5,0.024
37,candidate_1,candidate_4,candidate_3,candidate_5,candidate_2,5,0.024
38,candidate_1,candidate_4,candidate_3,candidate_5,candidate_2,5,0.024
39,candidate_1,candidate_4,candidate_3,0,candidate_2,5,0.024
40,candidate_1,candidate_4,candidate_3,candidate_5,candidate_2,5,0.024
41,candidate_1,candidate_4,candidate_3,candidate_5,candidate_2,5,0.024
42,candidate_1,candidate_4,candidate_3,candidate_5,candidate_2,5,0.024
43,candidate_1,candidate_4,candidate_3,candidate_5,candidate_2,5,0.024
44,candidate_1,candidate_4,candidate_3,candidate_5,candidate_2,5,0.024
45,0,candidate_4,candidate_3,candidate_5,candidate_2,5,0.024
46,candidate_1,candidate_4,candidate_3,candidate_5,candidate_2,5,0.024
47,candidate_1,candidate_4,candidate_3,candidate_5,candidate_2,5,0.024
48,candidate_1,candidate_4,candidate_3,candidate_5,candidate_2,5,0.024
49,candidate_1,candidate_4,candidate_3,candidate_5,candidate_2,5,0.024
50,candidate_1,candidate_4,candidate_3,candidate_5,candidate_2,5,0.024
51,candidate_1,candidate_4,candidate_3,candidate_5,candidate_2,5,0.024
52,candidate_1,candidate_4,candidate_3,candidate_5,candidate_2,5,0.024
53,candidate_1,candidate_4,candidate_3,candidate_5,candidate_2,5,0.024
54,candidate_1,candidate_4,candidate_3,candidate_5,candidate_2,5,0.024
55,candidate_1,candidate_4,candidate_3,candidate_5,candidate_2,5,0.024
56,candidate_1,candidate_4,candidate_3,candidate_5,candidate_2,5,0.024
57,candidate_1,candidate_4,candidate_3,candidate_5,candidate_2,5,0.024
58,candidate_1,candidate_4,candidate_3,candidate_5,candidate_2,5,0.024
59,candidate_1,candidate_4,candidate_3,candidate_5,candidate_2,5,0.024
60,candidate_1,candidate_4,candidate_3,candidate_5,candidate_2,5,0.024
61,candidate_1,candidate_4,candidate_3,candidate_5,candidate_2,5,0.024
62,candidate_1,candidate_4,candidate_3,candidate_5,candidate_2,5,0.024
63,candidate_1,candidate_4,candidate_3,candidate_5,candidate_2,5,0.024
64,candidate_1,candidate_4,candidate_3,candidate_5,candidate_2,5,0.024
65,candidate_1,candidate_4,candidate_3,candidate_5,candidate_2,5,0.024
66,candidate_1,candidate_4,candidate_3,candidate_5,candidate_2,5,0.024
67,candidate_1,candidate_4,candidate_3,candidate_5,candidate_2,5,0.024
68,candidate_1,candidate_4,candidate_3,candidate_5,candidate_2,5,0.024
69,candidate_1,candidate_4,candidate_3,candidate_5,candidate_2,5,0.024
70,candidate_1,candidate_4,candidate_3,candidate_5,candidate_2,5,0.024
71,candidate_1,candidate_4,candidate_3,candidate_5,candidate_2,5,0.024
72,candidate_1,candidate_4,candidate_3,candidate_5,candidate_2,5,0.024
73,candidate_1,candidate_4,candidate_3,candidate_5,candidate_2,5,0.024
74,candidate_1,candidate_4,0,candidate_5,candidate_2,5,0.024
75,candidate_1,candidate_4,candidate_3,0,candidate_2,5,0.024
76,candidate_1,candidate_4,candidate_3,candidate_5,candidate_2,5,0.024
77,candidate_1,candidate_4,candidate_3,candidate_5,candidate_2,5,0.024
78,candidate_1,candidate_4,candidate_3,candidate_5,candidate_2,5,0.024
79,candidate_1,candidate_4,candidate_3,candidate_5,candidate_2,5,0.024
80,candidate_1,candidate_4,candidate_3,candidate_5,candidate_2,5,0.024
81,candidate_1,candidate_4,candidate_3,candidate_5,candidate_2,5,0.024
82,candidate_1,candidate_4,candidate_3,candidate_5,candidate_2,5,0.024
83,candidate_1,candidate_4,candidate_3,candidate_5,candidate_2,5,0.024
84,candidate_1,candidate_4,candidate_3,candidate_5,candidate_2,5,0.024
85,candidate_1,candidate_4,candidate_3,candidate_5,candidate_2,5,0.024
86,candidate_1,candidate_4,candidate_3,candidate_5,candidate_2,5,0.024
87,0,candidate_4,candidate_3,candidate_5,candidate_2,5,0.024
88,candidate_1,candidate_4,candidate_3,candidate_5,candidate_2,5,0.024
89,candidate_1,candidate_4,candidate_3,candidate_5,candidate_2,5,0.024
90,candidate_1,candidate_4,candidate_3,candidate_5,candidate_2,5,0.024
91,candidate_1,candidate_4,candidate_3,candidate_5,candidate_2,5,0.024
92,candidate_1,candidate_4,candidate_3,candidate_5,candidate_2,5,0.024
93,candidate_1,candidate_4,candidate_3,candidate_5,candidate_2,5,0.024
94,candidate_1,candidate_4,candidate_3,candidate_5,candidate_2,5,0.024
95,candidate_1,candidate_4,candidate_3,candidate_5,candidate_2,5,0.024
96,candidate_1,candidate_4,candidate_3,candidate_5,candidate_2,5,0.024
97,candidate_1,candidate_4,candidate_3,candidate_5,candidate_2,5,0.024
98,candidate_1,candidate_4,candidate_3,candidate_5,candidate_2,5,0.024
99,candidate_1,candidate_4,candidate_3,candidate_5,candidate_2,5,0.024
100,candidate_1,candidate_4,candidate_3,candidate_5,candidate_2,5,0.024
101,candidate_1,candidate_4,candidate_3,candidate_5,candidate_2,5,0.024
102,candidate_1,candidate_4,candidate_3,candidate_5,candidate_2,5,0.024
103,candidate_1,candidate_4,candidate_3,candidate_5,candidate_2,5,0.024
104,candidate_1,candidate_4,candidate_3,candidate_5,candidate_2,5,0.024
105,candidate_1,candidate_4,candidate_3,candidate_5,candidate_2,5,0.024
106,candidate_1,candidate_4,candidate_3,candidate_5,candidate_2,5,0.024
107,candidate_1,candidate_4,candidate_3,candidate_5,candidate_2,5,0.024
108,candidate_1,candidate_4,candidate_3,candidate_5,candidate_2,5,0.024
109,candidate_1,candidate_4,candidate_3,candidate_5,candidate_2,5,0.024
110,candidate_1,candidate_4,candidate_3,candidate_5,candidate_2,5,0.024
111,candidate_1,candidate_4,candidate_3,candidate_5,candidate_2,5,0.024
112,candidate_1,candidate_4,candidate_3,candidate_5,candidate_2,5,0.024
113,candidate_1,candidate_4,candidate_3,candidate_5,candidate_2,5,0.024
114,candidate_1,candidate_4,candidate_3,candidate_5,0,5,0.024
115,candidate_1,candidate_4,candidate_3,candidate_5,candidate_2,5,0.024
116,candidate_1,candidate_4,candidate_3,candidate_5,candidate_2,5,0.024
117,candidate_1,candidate_4,candidate_3,candidate_5,candidate_2,5,0.024
118,candidate_1,candidate_4,candidate_3,candidate_5,candidate_2,5,0.024
119,candidate_1,candidate_4,candidate_3,candidate_5,candidate_2,5,0.024
120,candidate_1,candidate_4,candidate_3,candidate_5,candidate_2,5,0.024
121,candidate_1,candidate_4,candidate_3,candidate_5,candidate_2,5,0.024
122,candidate_1,candidate_4,candidate_3,candidate_5,candidate_2,5,0.024
123,candidate_1,candidate_4,candidate_3,candidate_5,candidate_2,5,0.024
124,candidate_1,candidate_4,0,candidate_5,candidate_2,5,0.024
0,candidate_1,candidate_4,0,candidate_2,candidate_3,5,0.024
1,candidate_1,candidate_4,candidate_5,candidate_2,candidate_3,5,0.024
2,candidate_1,candidate_4,candidate_5,candidate_2,candidate_3,5,0.024
3,candidate_1,candidate_4,candidate_5,candidate_2,candidate_3,5,0.024
4,candidate_1,candidate_4,candidate_5,candidate_2,candidate_3,5,0.024
5,candidate_1,candidate_4,candidate_5,candidate_2,candidate_3,5,0.024
6,candidate_1,candidate_4,candidate_5,candidate_2,candidate_3,5,0.024
7,candidate_1,candidate_4,candidate_5,candidate_2,candidate_3,5,0.024
8,candidate_1,candidate_4,candidate_5,candidate_2,candidate_3,5,0.024
9,candidate_1,candidate_4,candidate_5,candidate_2,candidate_3,5,0.024
10,candidate_1,candidate_4,candidate_5,candidate_2,candidate_3,5,0.024
11,candidate_1,candidate_4,candidate_5,candidate_2,candidate_3,5,0.024
12,candidate_1,candidate_4,candidate_5,candidate_2,candidate_3,5,0.024
13,candidate_1,candidate_4,candidate_5,candidate_2,candidate_3,5,0.024
14,candidate_1,candidate_4,candidate_5,candidate_2,0,5,0.024
15,candidate_1,candidate_4,candidate_5,candidate_2,candidate_3,5,0.024
16,candidate_1,candidate_4,candidate_5,candidate_2,candidate_3,5,0.024
17,candidate_1,candidate_4,candidate_5,candidate_2,candidate_3,5,0.024
18,candidate_1,candidate_4,candidate_5,candidate_2,candidate_3,5,0.024
19,candidate_1,candidate_4,candidate_5,candidate_2,candidate_3,5,0.024
20,candidate_1,candidate_4,candidate_5,candidate_2,candidate_3,5,0.024
21,candidate_1,candidate_4,candidate_5,candidate_2,candidate_3,5,0.024
22,candidate_1,candidate_4,candidate_5,candidate_2,candidate_3,5,0.024
23,candidate_1,candidate_4,candidate_5,candidate_2,candidate_3,5,0.024
24,candidate_1,candidate_4,candidate_5,candidate_2,candidate_3,5,0.024
25,candidate_1,candidate_4,candidate_5,candidate_2,candidate_3,5,0.024
26,candidate_1,candidate_4,candidate_5,candidate_2,candidate_3,5,0.024
27,candidate_1,candidate_4,candidate_5,candidate_2,candidate_3,5,0.024
28,candidate_1,candidate_4,candidate_5,candidate_2,candidate_3,5,0.024
29,candidate_1,candidate_4,candidate_5,candidate_2,candidate_3,5,0.024
30,candidate_1,candidate_4,candidate_5,candidate_2,candidate_3,5,0.024
31,candidate_1,candidate_4,candidate_5,candidate_2,candidate_3,5,0.024
32,candidate_1,candidate_4,candidate_5,candidate_2,candidate_3,5,0.024
33,candidate_1,candidate_4,candidate_5,candidate_2,candidate_3,5,0.024
34,candidate_1,candidate_4,candidate_5,candidate_2,candidate_3,5,0.024
35,candidate_1,candidate_4,candidate_5,candidate_2,candidate_3,5,0.024
36,candidate_1,candidate_4,candidate_5,candidate_2,candidate_3,5,0.024
37,candidate_1,candidate_4,candidate_5,candidate_2,candidate_3,5,0.024
38,candidate_1,candidate_4,candidate_5,candidate_2,candidate_3,5,0.024
39,0,candidate_4,candidate_5,candidate_2,candidate_3,5,0.024
40,candidate_1,candidate_4,candidate_5,candidate_2,candidate_3,5,0.024
41,candidate_1,candidate_4,candidate_5,candidate_2,candidate_3,5,0.024
42,candidate_1,candidate_4,candidate_5,candidate_2,candidate_3,5,0.024
43,candidate_1,candidate_4,candidate_5,candidate_2,candidate_3,5,0.024
44,candidate_1,candidate_4,candidate_5,candidate_2,candidate_3,5,0.024
45,candidate_1,candidate_4,candidate_5,candidate_2,candidate_3,5,0.024
46,candidate_1,candidate_4,candidate_5,candidate_2,candidate_3,5,0.024
47,candidate_1,candidate_4,candidate_5,candidate_2,candidate_3,5,0.024
48,candidate_1,candidate_4,candidate_5,candidate_2,candidate_3,5,0.024
49,candidate_1,candidate_4,candidate_5,candidate_2,candidate_3,5,0.024
50,candidate_1,candidate_4,candidate_5,candidate_2,0,5,0.024
51,candidate_1,candidate_4,candidate_5,candidate_2,candidate_3,5,0.024
52,candidate_1,candidate_4,candidate_5,candidate_2,candidate_3,5,0.024
53,candidate_1,candidate_4,candidate_5,candidate_2,candidate_3,5,0.024
54,candidate_1,candidate_4,candidate_5,candidate_2,candidate_3,5,0.024
55,candidate_1,candidate_4,candidate_5,candidate_2,candidate_3,5,0.024
56,candidate_1,candidate_4,candidate_5,candidate_2,candidate_3,5,0.024
57,candidate_1,candidate_4,candidate_5,candidate_2,candidate_3,5,0.024
58,candidate_1,candidate_4,candidate_5,candidate_2,candidate_3,5,0.024
59,candidate_1,candidate_4,candidate_5,candidate_2,candidate_3,5,0.024
60,candidate_1,candidate_4,candidate_5,candidate_2,candidate_3,5,0.024
61,candidate_1,candidate_4,0,candidate_2,candidate_3,5,0.024
62,candidate_1,candidate_4,candidate_5,candidate_2,candidate_3,5,0.024
63,candidate_1,candidate_4,0,candidate_2,candidate_3,5,0.024
64,candidate_1,candidate_4,candidate_5,candidate_2,candidate_3,5,0.024
65,candidate_1,candidate_4,candidate_5,candidate_2,candidate_3,5,0.024
66,candidate_1,candidate_4,candidate_5,candidate_2,candidate_3,5,0.024
67,candidate_1,candidate_4,candidate_5,candidate_2,candidate_3,5,0.024
68,candidate_1,candidate_4,candidate_5,candidate_2,candidate_3,5,0.024
69,candidate_1,candidate_4,candidate_5,candidate_2,candidate_3,5,0.024
70,candidate_1,candidate_4,candidate_5,candidate_2,candidate_3,5,0.024
71,candidate_1,candidate_4,candidate_5,candidate_2,candidate_3,5,0.024
72,candidate_1,candidate_4,candidate_5,candidate_2,candidate_3,5,0.024
0,candidate_1,candidate_4,candidate_5,candidate_3,candidate_2,5,0.024
1,candidate_1,candidate_4,candidate_5,candidate_3,candidate_2,5,0.024
2,candidate_1,candidate_4,0,candidate_3,candidate_2,5,0.024
3,candidate_1,candidate_4,candidate_5,candidate_3,candidate_2,5,0.024
4,candidate_1,candidate_4,candidate_5,candidate_3,candidate_2,5,0.024
5,candidate_1,candidate_4,candidate_5,candidate_3,candidate_2,5,0.024
6,candidate_1,candidate_4,candidate_5,candidate_3,candidate_2,5,0.024
7,candidate_1,candidate_4,candidate_5,candidate_3,candidate_2,5,0.024
8,candidate_1,candidate_4,candidate_5,candidate_3,candidate_2,5,0.024
9,candidate_1,candidate_4,candidate_5,candidate_3,candidate_2,5,0.024
10,candidate_1,candidate_4,candidate_5,candidate_3,candidate_2,5,0.024
11,candidate_1,candidate_4,candidate_5,candidate_3,candidate_2,5,0.024
12,candidate_1,candidate_4,candidate_5,candidate_3,candidate_2,5,0.024
13,candidate_1,candidate_4,candidate_5,candidate_3,candidate_2,5,0.024
14,candidate_1,candidate_4,0,candidate_3,candidate_2,5,0.024
15,candidate_1,candidate_4,candidate_5,candidate_3,candidate_2,5,0.024
16,candidate_1,candidate_4,candidate_5,candidate_3,candidate_2,5,0.024
17,candidate_1,candidate_4,candidate_5,candidate_3,candidate_2,5,0.024
18,candidate_1,candidate_4,candidate_5,candidate_3,candidate_2,5,0.024
19,candidate_1,candidate_4,candidate_5,candidate_3,candidate_2,5,0.024
20,candidate_1,candidate_4,candidate_5,candidate_3,candidate_2,5,0.024
21,candidate_1,candidate_4,0,candidate_3,candidate_2,5,0.024
22,candidate_1,candidate_4,candidate_5,candidate_3,candidate_2,5,0.024
23,candidate_1,candidate_4,candidate_5,candidate_3,candidate_2,5,0.024
24,candidate_1,candidate_4,candidate_5,candidate_3,candidate_2,5,0.024
25,candidate_1,candidate_4,candidate_5,candidate_3,candidate_2,5,0.024
26,candidate_1,candidate_4,candidate_5,candidate_3,candidate_2,5,0.024
27,candidate_1,candidate_4,candidate_5,candidate_3,candidate_2,5,0.024
28,candidate_1,candidate_4,candidate_5,candidate_3,candidate_2,5,0.024
29,candidate_1,0,candidate_5,candidate_3,candidate_2,5,0.024
30,candidate_1,candidate_4,candidate_5,candidate_3,candidate_2,5,0.024
31,candidate_1,candidate_4,candidate_5,candidate_3,candidate_2,5,0.024
32,candidate_1,candidate_4,candidate_5,candidate_3,candidate_2,5,0.024
33,candidate_1,candidate_4,candidate_5,candidate_3,candidate_2,5,0.024
34,candidate_1,candidate_4,candidate_5,candidate_3,candidate_2,5,0.024
35,candidate_1,candidate_4,candidate_5,candidate_3,candidate_2,5,0.024
36,candidate_1,candidate_4,candidate_5,candidate_3,candidate_2,5,0.024
37,candidate_1,candidate_4,candidate_5,candidate_3,candidate_2,5,0.024
38,candidate_1,candidate_4,candidate_5,candidate_3,candidate_2,5,0.024
39,candidate_1,candidate_4,candidate_5,candidate_3,candidate_2,5,0.024
40,candidate_1,candidate_4,candidate_5,candidate_3,candidate_2,5,0.024
41,candidate_1,candidate_4,candidate_5,candidate_3,candidate_2,5,0.024
42,candidate_1,candidate_4,candidate_5,candidate_3,candidate_2,5,0.024
43,candidate_1,candidate_4,candidate_5,candidate_3,candidate_2,5,0.024
44,candidate_1,candidate_4,candidate_5,candidate_3,candidate_2,5,0.024
45,0,candidate_4,candidate_5,candidate_3,candidate_2,5,0.024
46,0,candidate_4,candidate_5,candidate_3,candidate_2,5,0.024
47,candidate_1,candidate_4,candidate_5,candidate_3,candidate_2,5,0.024
48,candidate_1,candidate_4,candidate_5,candidate_3,candidate_2,5,0.024
49,candidate_1,candidate_4,candidate_5,candidate_3,candidate_2,5,0.024
50,candidate_1,candidate_4,candidate_5,candidate_3,candidate_2,5,0.024
51,candidate_1,candidate_4,candidate_5,candidate_3,candidate_2,5,0.024
52,candidate_1,candidate_4,candidate_5,candidate_3,candidate_2,5,0.024
53,candidate_1,candidate_4,candidate_5,candidate_3,candidate_2,5,0.024
54,0,candidate_4,0,candidate_3,candidate_2,5,0.024
55,candidate_1,candidate_4,candidate_5,candidate_3,candidate_2,5,0.024
56,candidate_1,candidate_4,candidate_5,candidate_3,candidate_2,5,0.024
57,candidate_1,candidate_4,candidate_5,candidate_3,candidate_2,5,0.024
58,candidate_1,candidate_4,candidate_5,candidate_3,candidate_2,5,0.024
59,candidate_1,candidate_4,candidate_5,candidate_3,candidate_2,5,0.024
60,candidate_1,candidate_4,candidate_5,candidate_3,candidate_2,5,0.024
61,candidate_1,candidate_4,candidate_5,candidate_3,candidate_2,5,0.024
62,candidate_1,candidate_4,candidate_5,candidate_3,candidate_2,5,0.024
63,candidate_1,candidate_4,candidate_5,candidate_3,candidate_2,5,0.024
64,candidate_1,candidate_4,candidate_5,candidate_3,candidate_2,5,0.024
65,candidate_1,candidate_4,candidate_5,candidate_3,candidate_2,5,0.024
66,candidate_1,candidate_4,candidate_5,candidate_3,candidate_2,5,0.024
67,candidate_1,candidate_4,candidate_5,candidate_3,candidate_2,5,0.024
68,candidate_1,candidate_4,candidate_5,candidate_3,candidate_2,5,0.024
69,candidate_1,candidate_4,candidate_5,candidate_3,candidate_2,5,0.024
70,candidate_1,candidate_4,candidate_5,candidate_3,candidate_2,5,0.024
71,candidate_1,0,candidate_5,candidate_3,candidate_2,5,0.024
72,candidate_1,candidate_4,candidate_5,candidate_3,candidate_2,5,0.024
73,candidate_1,candidate_4,candidate_5,candidate_3,candidate_2,5,0.024
74,candidate_1,candidate_4,candidate_5,candidate_3,candidate_2,5,0.024
75,candidate_1,candidate_4,candidate_5,candidate_3,candidate_2,5,0.024
76,candidate_1,candidate_4,candidate_5,candidate_3,candidate_2,5,0.024
77,0,candidate_4,candidate_5,candidate_3,candidate_2,5,0.024
78,candidate_1,candidate_4,candidate_5,candidate_3,candidate_2,5,0.024
79,candidate_1,candidate_4,candidate_5,candidate_3,candidate_2,5,0.024
80,candidate_1,candidate_4,candidate_5,candidate_3,candidate_2,5,0.024
81,candidate_1,candidate_4,candidate_5,candidate_3,candidate_2,5,0.024
82,candidate_1,candidate_4,candidate_5,candidate_3,candidate_2,5,0.024
83,candidate_1,candidate_4,candidate_5,candidate_3,candidate_2,5,0.024
84,candidate_1,candidate_4,candidate_5,candidate_3,candidate_2,5,0.024
85,candidate_1,candidate_4,candidate_5,candidate_3,candidate_2,5,0.024
86,candidate_1,candidate_4,candidate_5,candidate_3,candidate_2,5,0.024
87,candidate_1,candidate_4,candidate_5,candidate_3,candidate_2,5,0.024
88,candidate_1,candidate_4,candidate_5,candidate_3,candidate_2,5,0.024
89,candidate_1,candidate_4,candidate_5,candidate_3,candidate_2,5,0.024
90,candidate_1,candidate_4,candidate_5,candidate_3,candidate_2,5,0.024
91,candidate_1,candidate_4,candidate_5,candidate_3,candidate_2,5,0.024
92,candidate_1,candidate_4,candidate_5,candidate_3,candidate_2,5,0.024
93,candidate_1,candidate_4,candidate_5,candidate_3,candidate_2,5,0.024
94,candidate_1,candidate_4,candidate_5,candidate_3,candidate_2,5,0.024
95,candidate_1,candidate_4,candidate_5,candidate_3,candidate_2,5,0.024
96,candidate_1,candidate_4,candidate_5,candidate_3,candidate_2,5,0.024
97,candidate_1,candidate_4,candidate_5,candidate_3,candidate_2,5,0.024
98,candidate_1,candidate_4,candidate_5,candidate_3,candidate_2,5,0.024
99,candidate_1,candidate_4,candidate_5,candidate_3,candidate_2,5,0.024
100,candidate_1,candidate_4,candidate_5,candidate_3,candidate_2,5,0.024
101,candidate_1,candidate_4,candidate_5,candidate_3,candidate_2,5,0.024
102,candidate_1,candidate_4,candidate_5,candidate_3,candidate_2,5,0.024
103,candidate_1,candidate_4,candidate_5,candidate_3,candidate_2,5,0.024
104,candidate_1,candidate_4,candidate_5,candidate_3,candidate_2,5,0.024
105,candidate_1,candidate_4,candidate_5,candidate_3,candidate_2,5,0.024
106,candidate_1,candidate_4,candidate_5,candidate_3,candidate_2,5,0.024
107,candidate_1,candidate_4,candidate_5,candidate_3,candidate_2,5,0.024
108,candidate_1,candidate_4,candidate_5,candidate_3,candidate_2,5,0.024
109,candidate_1,candidate_4,candidate_5,candidate_3,candidate_2,5,0.024
110,candidate_1,candidate_4,candidate_5,candidate_3,candidate_2,5,0.024
111,candidate_1,candidate_4,candidate_5,candidate_3,candidate_2,5,0.024
112,candidate_1,candidate_4,candidate_5,candidate_3,candidate_2,5,0.024
113,candidate_1,candidate_4,candidate_5,candidate_3,candidate_2,5,0.024
114,candidate_1,candidate_4,candidate_5,candidate_3,candidate_2,5,0.024
115,candidate_1,candidate_4,candidate_5,candidate_3,candidate_2,5,0.024
116,candidate_1,candidate_4,candidate_5,candidate_3,candidate_2,5,0.024
117,candidate_1,candidate_4,candidate_5,0,candidate_2,5,0.024
118,candidate_1,candidate_4,candidate_5,candidate_3,candidate_2,5,0.024
119,candidate_1,candidate_4,candidate_5,candidate_3,candidate_2,5,0.024
120,candidate_1,candidate_4,candidate_5,candidate_3,candidate_2,5,0.024
121,candidate_1,candidate_4,candidate_5,candidate_3,candidate_2,5,0.024
122,candidate_1,candidate_4,candidate_5,candidate_3,candidate_2,5,0.024
123,candidate_1,candidate_4,candidate_5,candidate_3,candidate_2,5,0.024
124,candidate_1,candidate_4,candidate_5,candidate_3,candidate_2,5,0.024
125,candidate_1,candidate_4,candidate_5,candidate_3,candidate_2,5,0.024
126,candidate_1,candidate_4,candidate_5,candidate_3,candidate_2,5,0.024
127,candidate_1,candidate_4,candidate_5,candidate_3,candidate_2,5,0.024
128,candidate_1,candidate_4,candidate_5,candidate_3,candidate_2,5,0.024
129,candidate_1,candidate_4,candidate_5,candidate_3,candidate_2,5,0.024
130,candidate_1,candidate_4,candidate_5,candidate_3,candidate_2,5,0.024
131,candidate_1,candidate_4,candidate_5,0,candidate_2,5,0.024
132,candidate_1,candidate_4,candidate_5,candidate_3,candidate_2,5,0.024
133,candidate_1,candidate_4,candidate_5,candidate_3,candidate_2,5,0.024
134,candidate_1,candidate_4,candidate_5,candidate_3,candidate_2,5,0.024
135,candidate_1,candidate_4,candidate_5,candidate_3,candidate_2,5,0.024
136,candidate_1,candidate_4,candidate_5,candidate_3,candidate_2,5,0.024
137,candidate_1,candidate_4,candidate_5,candidate_3,candidate_2,5,0.024
138,candidate_1,candidate_4,candidate_5,candidate_3,candidate_2,5,0.024
139,candidate_1,candidate_4,candidate_5,candidate_3,candidate_2,5,0.024
140,candidate_1,candidate_4,candidate_5,candidate_3,candidate_2,5,0.024
141,candidate_1,candidate_4,candidate_5,candidate_3,candidate_2,5,0.024
142,candidate_1,candidate_4,candidate_5,candidate_3,candidate_2,5,0.024
0,candidate_1,candidate_5,candidate_2,candidate_3,candidate_4,5,0.024
1,candidate_1,candidate_5,candidate_2,candidate_3,candidate_4,5,0.024
2,candidate_1,candidate_5,candidate_2,candidate_3,candidate_4,5,0.024
3,candidate_1,candidate_5,candidate_2,candidate_3,candidate_4,5,0.024
4,candidate_1,candidate_5,candidate_2,candidate_3,candidate_4,5,0.024
5,candidate_1,candidate_5,candidate_2,candidate_3,candidate_4,5,0.024
6,candidate_1,candidate_5,candidate_2,candidate_3,candidate_4,5,0.024
7,candidate_1,candidate_5,candidate_2,candidate_3,candidate_4,5,0.024
8,candidate_1,candidate_5,candidate_2,candidate_3,candidate_4,5,0.024
9,candidate_1,candidate_5,candidate_2,candidate_3,candidate_4,5,0.024
10,candidate_1,candidate_5,candidate_2,candidate_3,candidate_4,5,0.024
11,candidate_1,candidate_5,candidate_2,candidate_3,candidate_4,5,0.024
12,candidate_1,candidate_5,candidate_2,candidate_3,candidate_4,5,0.024
13,candidate_1,candidate_5,candidate_2,candidate_3,candidate_4,5,0.024
14,candidate_1,candidate_5,candidate_2,candidate_3,candidate_4,5,0.024
15,candidate_1,candidate_5,candidate_2,candidate_3,candidate_4,5,0.024
16,candidate_1,candidate_5,candidate_2,candidate_3,candidate_4,5,0.024
17,candidate_1,candidate_5,candidate_2,candidate_3,candidate_4,5,0.024
18,0,candidate_5,candidate_2,candidate_3,candidate_4,5,0.024
19,candidate_1,candidate_5,candidate_2,candidate_3,candidate_4,5,0.024
20,candidate_1,candidate_5,candidate_2,candidate_3,candidate_4,5,0.024
21,candidate_1,candidate_5,candidate_2,candidate_3,candidate_4,5,0.024
22,candidate_1,candidate_5,candidate_2,candidate_3,candidate_4,5,0.024
23,candidate_1,candidate_5,candidate_2,candidate_3,candidate_4,5,0.024
24,candidate_1,candidate_5,candidate_2,candidate_3,0,5,0.024
25,candidate_1,candidate_5,candidate_2,candidate_3,candidate_4,5,0.024
26,candidate_1,candidate_5,candidate_2,candidate_3,candidate_4,5,0.024
27,candidate_1,candidate_5,candidate_2,candidate_3,candidate_4,5,0.024
28,candidate_1,candidate_5,candidate_2,candidate_3,0,5,0.024
29,candidate_1,candidate_5,candidate_2,candidate_3,candidate_4,5,0.024
30,0,candidate_5,candidate_2,candidate_3,candidate_4,5,0.024
31,candidate_1,candidate_5,candidate_2,0,candidate_4,5,0.024
32,candidate_1,candidate_5,candidate_2,candidate_3,candidate_4,5,0.024
33,candidate_1,candidate_5,candidate_2,candidate_3,candidate_4,5,0.024
34,candidate_1,candidate_5,candidate_2,candidate_3,0,5,0.024
35,candidate_1,candidate_5,candidate_2,candidate_3,candidate_4,5,0.024
36,candidate_1,candidate_5,candidate_2,candidate_3,candidate_4,5,0.024
37,candidate_1,candidate_5,candidate_2,candidate_3,candidate_4,5,0.024
38,candidate_1,candidate_5,candidate_2,candidate_3,candidate_4,5,0.024
39,candidate_1,candidate_5,candidate_2,candidate_3,candidate_4,5,0.024
40,candidate_1,candidate_5,candidate_2,candidate_3,candidate_4,5,0.024
41,candidate_1,candidate_5,candidate_2,candidate_3,candidate_4,5,0.024
42,candidate_1,candidate_5,candidate_2,candidate_3,candidate_4,5,0.024
43,candidate_1,candidate_5,candidate_2,candidate_3,candidate_4,5,0.024
44,candidate_1,candidate_5,candidate_2,candidate_3,candidate_4,5,0.024
45,candidate_1,candidate_5,candidate_2,candidate_3,candidate_4,5,0.024
46,candidate_1,candidate_5,candidate_2,candidate_3,candidate_4,5,0.024
47,candidate_1,candidate_5,candidate_2,candidate_3,candidate_4,5,0.024
48,candidate_1,candidate_5,candidate_2,candidate_3,candidate_4,5,0.024
49,candidate_1,candidate_5,candidate_2,candidate_3,candidate_4,5,0.024
50,candidate_1,candidate_5,candidate_2,0,candidate_4,5,0.024
51,candidate_1,candidate_5,candidate_2,candidate_3,candidate_4,5,0.024
52,candidate_1,candidate_5,candidate_2,candidate_3,candidate_4,5,0.024
53,candidate_1,candidate_5,candidate_2,candidate_3,candidate_4,5,0.024
54,candidate_1,candidate_5,candidate_2,candidate_3,candidate_4,5,0.024
55,candidate_1,candidate_5,candidate_2,candidate_3,candidate_4,5,0.024
56,candidate_1,candidate_5,candidate_2,candidate_3,candidate_4,5,0.024
57,candidate_1,candidate_5,candidate_2,candidate_3,candidate_4,5,0.024
58,candidate_1,candidate_5,candidate_2,candidate_3,candidate_4,5,0.024
59,0,candidate_5,candidate_2,candidate_3,candidate_4,5,0.024
60,candidate_1,candidate_5,candidate_2,candidate_3,candidate_4,5,0.024
61,candidate_1,candidate_5,candidate_2,candidate_3,candidate_4,5,0.024
62,candidate_1,candidate_5,candidate_2,candidate_3,candidate_4,5,0.024
63,candidate_1,candidate_5,candidate_2,candidate_3,candidate_4,5,0.024
64,candidate_1,candidate_5,candidate_2,candidate_3,candidate_4,5,0.024
65,candidate_1,candidate_5,candidate_2,candidate_3,candidate_4,5,0.024
66,candidate_1,candidate_5,candidate_2,candidate_3,candidate_4,5,0.024
67,candidate_1,candidate_5,candidate_2,candidate_3,candidate_4,5,0.024
68,candidate_1,candidate_5,candidate_2,candidate_3,candidate_4,5,0.024
69,candidate_1,0,candidate_2,candidate_3,candidate_4,5,0.024
70,candidate_1,candidate_5,candidate_2,candidate_3,candidate_4,5,0.024
71,candidate_1,candidate_5,candidate_2,candidate_3,candidate_4,5,0.024
72,candidate_1,candidate_5,candidate_2,candidate_3,candidate_4,5,0.024
73,candidate_1,candidate_5,candidate_2,candidate_3,candidate_4,5,0.024
74,candidate_1,candidate_5,candidate_2,candidate_3,candidate_4,5,0.024
75,candidate_1,candidate_5,candidate_2,candidate_3,candidate_4,5,0.024
76,candidate_1,candidate_5,candidate_2,candidate_3,candidate_4,5,0.024
77,candidate_1,candidate_5,candidate_2,candidate_3,candidate_4,5,0.024
78,candidate_1,candidate_5,candidate_2,candidate_3,candidate_4,5,0.024
79,candidate_1,candidate_5,candidate_2,candidate_3,candidate_4,5,0.024
80,candidate_1,candidate_5,candidate_2,candidate_3,candidate_4,5,0.024
81,candidate_1,candidate_5,candidate_2,candidate_3,candidate_4,5,0.024
82,candidate_1,candidate_5,candidate_2,candidate_3,candidate_4,5,0.024
83,candidate_1,candidate_5,candidate_2,candidate_3,candidate_4,5,0.024
84,candidate_1,candidate_5,candidate_2,candidate_3,candidate_4,5,0.024
85,candidate_1,candidate_5,candidate_2,candidate_3,candidate_4,5,0.024
86,candidate_1,candidate_5,candidate_2,candidate_3,candidate_4,5,0.024
87,candidate_1,candidate_5,candidate_2,candidate_3,candidate_4,5,0.024
88,candidate_1,candidate_5,candidate_2,0,candidate_4,5,0.024
89,candidate_1,candidate_5,candidate_2,candidate_3,candidate_4,5,0.024
90,candidate_1,0,candidate_2,candidate_3,candidate_4,5,0.024
91,candidate_1,candidate_5,candidate_2,candidate_3,candidate_4,5,0.024
92,candidate_1,candidate_5,candidate_2,candidate_3,candidate_4,5,0.024
93,candidate_1,candidate_5,candidate_2,candidate_3,candidate_4,5,0.024
94,candidate_1,candidate_5,candidate_2,candidate_3,candidate_4,5,0.024
95,candidate_1,candidate_5,candidate_2,candidate_3,candidate_4,5,0.024
96,candidate_1,candidate_5,candidate_2,candidate_3,candidate_4,5,0.024
97,candidate_1,candidate_5,candidate_2,candidate_3,candidate_4,5,0.024
98,0,candidate_5,candidate_2,candidate_3,candidate_4,5,0.024
99,candidate_1,candidate_5,0,candidate_3,candidate_4,5,0.024
100,candidate_1,candidate_5,candidate_2,candidate_3,candidate_4,5,0.024
101,candidate_1,candidate_5,candidate_2,candidate_3,candidate_4,5,0.024
102,candidate_1,candidate_5,candidate_2,candidate_3,candidate_4,5,0.024
103,candidate_1,candidate_5,candidate_2,candidate_3,candidate_4,5,0.024
104,candidate_1,candidate_5,candidate_2,candidate_3,candidate_4,5,0.024
105,candidate_1,candidate_5,candidate_2,candidate_3,candidate_4,5,0.024
0,candidate_1,candidate_5,candidate_2,candidate_4,candidate_3,5,0.024
1,candidate_1,candidate_5,candidate_2,candidate_4,candidate_3,5,0.024
2,candidate_1,candidate_5,candidate_2,candidate_4,candidate_3,5,0.024
3,candidate_1,candidate_5,candidate_2,candidate_4,candidate_3,5,0.024
4,candidate_1,candidate_5,candidate_2,candidate_4,candidate_3,5,0.024
5,candidate_1,candidate_5,candidate_2,candidate_4,candidate_3,5,0.024
6,candidate_1,candidate_5,candidate_2,candidate_4,candidate_3,5,0.024
7,candidate_1,candidate_5,candidate_2,candidate_4,candidate_3,5,0.024
8,0,candidate_5,candidate_2,candidate_4,candidate_3,5,0.024
9,candidate_1,candidate_5,candidate_2,candidate_4,candidate_3,5,0.024
10,candidate_1,candidate_5,candidate_2,candidate_4,candidate_3,5,0.024
11,candidate_1,candidate_5,candidate_2,candidate_4,candidate_3,5,0.024
12,candidate_1,candidate_5,candidate_2,candidate_4,candidate_3,5,0.024
13,candidate_1,candidate_5,candidate_2,candidate_4,candidate_3,5,0.024
14,candidate_1,candidate_5,candidate_2,candidate_4,candidate_3,5,0.024
15,candidate_1,candidate_5,candidate_2,candidate_4,candidate_3,5,0.024
16,candidate_1,candidate_5,candidate_2,candidate_4,candidate_3,5,0.024
17,candidate_1,candidate_5,candidate_2,candidate_4,candidate_3,5,0.024
18,candidate_1,candidate_5,candidate_2,candidate_4,candidate_3,5,0.024
19,candidate_1,candidate_5,candidate_2,candidate_4,candidate_3,5,0.024
20,candidate_1,candidate_5,candidate_2,candidate_4,candidate_3,5,0.024
21,candidate_1,candidate_5,candidate_2,candidate_4,candidate_3,5,0.024
22,candidate_1,candidate_5,candidate_2,candidate_4,candidate_3,5,0.024
0,candidate_1,candidate_5,candidate_3,candidate_2,candidate_4,5,0.024
1,candidate_1,candidate_5,candidate_3,candidate_2,candidate_4,5,0.024
2,candidate_1,candidate_5,candidate_3,candidate_2,candidate_4,5,0.024
3,candidate_1,candidate_5,candidate_3,candidate_2,candidate_4,5,0.024
4,candidate_1,candidate_5,candidate_3,candidate_2,candidate_4,5,0.024
5,candidate_1,candidate_5,candidate_3,candidate_2,candidate_4,5,0.024
6,candidate_1,candidate_5,candidate_3,candidate_2,candidate_4,5,0.024
7,candidate_1,candidate_5,candidate_3,candidate_2,candidate_4,5,0.024
8,candidate_1,0,candidate_3,candidate_2,candidate_4,5,0.024
9,candidate_1,candidate_5,candidate_3,candidate_2,candidate_4,5,0.024
10,candidate_1,candidate_5,candidate_3,candidate_2,candidate_4,5,0.024
11,candidate_1,candidate_5,candidate_3,candidate_2,candidate_4,5,0.024
12,candidate_1,candidate_5,candidate_3,candidate_2,candidate_4,5,0.024
13,candidate_1,candidate_5,candidate_3,candidate_2,candidate_4,5,0.024
14,candidate_1,candidate_5,candidate_3,candidate_2,candidate_4,5,0.024
15,candidate_1,candidate_5,candidate_3,candidate_2,candidate_4,5,0.024
16,candidate_1,candidate_5,candidate_3,candidate_2,candidate_4,5,0.024
17,candidate_1,candidate_5,candidate_3,candidate_2,candidate_4,5,0.024
18,candidate_1,candidate_5,candidate_3,candidate_2,candidate_4,5,0.024
19,candidate_1,candidate_5,candidate_3,candidate_2,candidate_4,5,0.024
20,candidate_1,candidate_5,candidate_3,candidate_2,candidate_4,5,0.024
21,candidate_1,candidate_5,candidate_3,candidate_2,candidate_4,5,0.024
22,candidate_1,candidate_5,candidate_3,candidate_2,candidate_4,5,0.024
23,candidate_1,candidate_5,candidate_3,candidate_2,candidate_4,5,0.024
24,candidate_1,candidate_5,candidate_3,candidate_2,candidate_4,5,0.024
25,candidate_1,candidate_5,candidate_3,candidate_2,candidate_4,5,0.024
26,candidate_1,candidate_5,candidate_3,candidate_2,candidate_4,5,0.024
27,candidate_1,candidate_5,candidate_3,candidate_2,candidate_4,5,0.024
28,candidate_1,candidate_5,candidate_3,candidate_2,candidate_4,5,0.024
29,candidate_1,candidate_5,candidate_3,candidate_2,candidate_4,5,0.024
30,candidate_1,candidate_5,candidate_3,candidate_2,candidate_4,5,0.024
31,candidate_1,candidate_5,candidate_3,candidate_2,candidate_4,5,0.024
32,candidate_1,candidate_5,candidate_3,candidate_2,candidate_4,5,0.024
33,candidate_1,candidate_5,candidate_3,candidate_2,candidate_4,5,0.024
34,candidate_1,candidate_5,0,candidate_2,candidate_4,5,0.024
35,candidate_1,candidate_5,candidate_3,candidate_2,candidate_4,5,0.024
36,candidate_1,candidate_5,candidate_3,candidate_2,candidate_4,5,0.024
37,candidate_1,candidate_5,0,candidate_2,candidate_4,5,0.024
38,candidate_1,candidate_5,candidate_3,candidate_2,candidate_4,5,0.024
39,candidate_1,candidate_5,candidate_3,candidate_2,candidate_4,5,0.024
40,candidate_1,candidate_5,candidate_3,candidate_2,candidate_4,5,0.024
41,candidate_1,candidate_5,candidate_3,candidate_2,candidate_4,5,0.024
42,candidate_1,candidate_5,candidate_3,candidate_2,candidate_4,5,0.024
43,candidate_1,candidate_5,candidate_3,candidate_2,candidate_4,5,0.024
44,0,candidate_5,candidate_3,candidate_2,candidate_4,5,0.024
45,candidate_1,candidate_5,candidate_3,candidate_2,candidate_4,5,0.024
46,candidate_1,candidate_5,candidate_3,candidate_2,candidate_4,5,0.024
47,candidate_1,candidate_5,candidate_3,candidate_2,candidate_4,5,0.024
48,candidate_1,candidate_5,candidate_3,candidate_2,candidate_4,5,0.024
49,candidate_1,candidate_5,candidate_3,candidate_2,candidate_4,5,0.024
50,0,candidate_5,candidate_3,candidate_2,candidate_4,5,0.024
51,candidate_1,candidate_5,candidate_3,candidate_2,candidate_4,5,0.024
52,candidate_1,candidate_5,candidate_3,candidate_2,candidate_4,5,0.024
53,candidate_1,candidate_5,candidate_3,0,candidate_4,5,0.024
54,candidate_1,candidate_5,candidate_3,candidate_2,candidate_4,5,0.024
55,0,candidate_5,candidate_3,candidate_2,candidate_4,5,0.024
56,candidate_1,candidate_5,candidate_3,candidate_2,candidate_4,5,0.024
57,candidate_1,candidate_5,candidate_3,candidate_2,candidate_4,5,0.024
58,candidate_1,candidate_5,candidate_3,candidate_2,candidate_4,5,0.024
59,candidate_1,candidate_5,candidate_3,candidate_2,candidate_4,5,0.024
60,candidate_1,candidate_5,candidate_3,candidate_2,candidate_4,5,0.024
61,candidate_1,candidate_5,candidate_3,candidate_2,candidate_4,5,0.024
62,candidate_1,candidate_5,candidate_3,candidate_2,candidate_4,5,0.024
63,candidate_1,candidate_5,candidate_3,candidate_2,candidate_4,5,0.024
64,candidate_1,candidate_5,candidate_3,candidate_2,0,5,0.024
65,candidate_1,candidate_5,candidate_3,candidate_2,candidate_4,5,0.024
66,candidate_1,candidate_5,candidate_3,candidate_2,candidate_4,5,0.024
67,candidate_1,candidate_5,candidate_3,candidate_2,candidate_4,5,0.024
68,candidate_1,candidate_5,candidate_3,candidate_2,candidate_4,5,0.024
69,candidate_1,candidate_5,candidate_3,candidate_2,candidate_4,5,0.024
70,candidate_1,candidate_5,candidate_3,candidate_2,candidate_4,5,0.024
71,candidate_1,candidate_5,candidate_3,candidate_2,candidate_4,5,0.024
72,candidate_1,candidate_5,candidate_3,candidate_2,candidate_4,5,0.024
73,candidate_1,candidate_5,candidate_3,candidate_2,candidate_4,5,0.024
74,candidate_1,candidate_5,candidate_3,candidate_2,candidate_4,5,0.024
75,candidate_1,candidate_5,candidate_3,candidate_2,candidate_4,5,0.024
76,candidate_1,candidate_5,candidate_3,candidate_2,candidate_4,5,0.024
77,candidate_1,candidate_5,candidate_3,candidate_2,candidate_4,5,0.024
78,candidate_1,candidate_5,candidate_3,candidate_2,candidate_4,5,0.024
79,candidate_1,candidate_5,candidate_3,candidate_2,candidate_4,5,0.024
80,candidate_1,candidate_5,candidate_3,candidate_2,candidate_4,5,0.024
81,candidate_1,candidate_5,candidate_3,candidate_2,candidate_4,5,0.024
82,candidate_1,candidate_5,candidate_3,candidate_2,candidate_4,5,0.024
83,candidate_1,candidate_5,candidate_3,candidate_2,candidate_4,5,0.024
84,candidate_1,candidate_5,candidate_3,candidate_2,candidate_4,5,0.024
85,candidate_1,candidate_5,candidate_3,candidate_2,candidate_4,5,0.024
86,candidate_1,candidate_5,candidate_3,candidate_2,candidate_4,5,0.024
87,candidate_1,candidate_5,candidate_3,candidate_2,0,5,0.024
88,candidate_1,candidate_5,candidate_3,candidate_2,candidate_4,5,0.024
89,candidate_1,candidate_5,candidate_3,candidate_2,candidate_4,5,0.024
90,candidate_1,candidate_5,candidate_3,candidate_2,candidate_4,5,0.024
91,candidate_1,candidate_5,candidate_3,candidate_2,candidate_4,5,0.024
92,candidate_1,candidate_5,candidate_3,candidate_2,candidate_4,5,0.024
93,candidate_1,candidate_5,candidate_3,candidate_2,candidate_4,5,0.024
94,candidate_1,candidate_5,candidate_3,candidate_2,candidate_4,5,0.024
95,candidate_1,candidate_5,candidate_3,candidate_2,candidate_4,5,0.024
96,candidate_1,candidate_5,candidate_3,candidate_2,candidate_4,5,0.024
97,candidate_1,candidate_5,candidate_3,candidate_2,candidate_4,5,0.024
98,candidate_1,candidate_5,candidate_3,candidate_2,candidate_4,5,0.024
99,candidate_1,candidate_5,candidate_3,candidate_2,candidate_4,5,0.024
100,candidate_1,candidate_5,candidate_3,candidate_2,candidate_4,5,0.024
101,candidate_1,candidate_5,candidate_3,candidate_2,candidate_4,5,0.024
102,candidate_1,candidate_5,candidate_3,0,candidate_4,5,0.024
103,candidate_1,candidate_5,candidate_3,candidate_2,candidate_4,5,0.024
104,candidate_1,candidate_5,candidate_3,candidate_2,candidate_4,5,0.024
105,candidate_1,candidate_5,candidate_3,candidate_2,candidate_4,5,0.024
106,candidate_1,candidate_5,candidate_3,candidate_2,candidate_4,5,0.024
107,candidate_1,candidate_5,candidate_3,candidate_2,candidate_4,5,0.024
108,candidate_1,candidate_5,candidate_3,candidate_2,candidate_4,5,0.024
109,candidate_1,candidate_5,candidate_3,candidate_2,candidate_4,5,0.024
110,candidate_1,candidate_5,candidate_3,candidate_2,candidate_4,5,0.024
111,candidate_1,candidate_5,candidate_3,candidate_2,candidate_4,5,0.024
112,candidate_1,candidate_5,candidate_3,candidate_2,candidate_4,5,0.024
113,candidate_1,candidate_5,candidate_3,0,candidate_4,5,0.024
114,candidate_1,candidate_5,candidate_3,candidate_2,candidate_4,5,0.024
115,candidate_1,candidate_5,candidate_3,candidate_2,candidate_4,5,0.024
116,candidate_1,candidate_5,candidate_3,candidate_2,candidate_4,5,0.024
117,candidate_1,candidate_5,candidate_3,candidate_2,candidate_4,5,0.024
118,candidate_1,candidate_5,candidate_3,candidate_2,candidate_4,5,0.024
119,candidate_1,candidate_5,candidate_3,candidate_2,candidate_4,5,0.024
120,candidate_1,candidate_5,candidate_3,candidate_2,candidate_4,5,0.024
121,candidate_1,candidate_5,candidate_3,candidate_2,candidate_4,5,0.024
122,candidate_1,candidate_5,candidate_3,candidate_2,candidate_4,5,0.024
123,candidate_1,candidate_5,candidate_3,candidate_2,candidate_4,5,0.024
124,candidate_1,candidate_5,candidate_3,candidate_2,candidate_4,5,0.024
125,candidate_1,candidate_5,candidate_3,candidate_2,candidate_4,5,0.024
0,candidate_1,candidate_5,candidate_3,candidate_4,candidate_2,5,0.024
1,candidate_1,candidate_5,candidate_3,candidate_4,candidate_2,5,0.024
2,candidate_1,candidate_5,candidate_3,candidate_4,candidate_2,5,0.024
3,candidate_1,candidate_5,candidate_3,candidate_4,candidate_2,5,0.024
4,candidate_1,candidate_5,candidate_3,candidate_4,candidate_2,5,0.024
5,candidate_1,0,candidate_3,candidate_4,candidate_2,5,0.024
6,candidate_1,candidate_5,candidate_3,candidate_4,candidate_2,5,0.024
7,candidate_1,candidate_5,candidate_3,candidate_4,candidate_2,5,0.024
8,candidate_1,candidate_5,candidate_3,candidate_4,candidate_2,5,0.024
9,candidate_1,candidate_5,candidate_3,candidate_4,candidate_2,5,0.024
10,candidate_1,candidate_5,candidate_3,candidate_4,candidate_2,5,0.024
11,candidate_1,candidate_5,candidate_3,candidate_4,candidate_2,5,0.024
12,candidate_1,candidate_5,candidate_3,candidate_4,candidate_2,5,0.024
13,candidate_1,candidate_5,candidate_3,candidate_4,candidate_2,5,0.024
14,candidate_1,candidate_5,candidate_3,candidate_4,candidate_2,5,0.024
15,candidate_1,candidate_5,candidate_3,candidate_4,candidate_2,5,0.024
16,candidate_1,candidate_5,candidate_3,candidate_4,candidate_2,5,0.024
17,candidate_1,candidate_5,candidate_3,candidate_4,candidate_2,5,0.024
18,candidate_1,candidate_5,candidate_3,candidate_4,candidate_2,5,0.024
19,candidate_1,candidate_5,candidate_3,candidate_4,candidate_2,5,0.024
20,candidate_1,candidate_5,candidate_3,candidate_4,candidate_2,5,0.024
21,candidate_1,candidate_5,candidate_3,candidate_4,candidate_2,5,0.024
22,candidate_1,candidate_5,candidate_3,candidate_4,candidate_2,5,0.024
23,candidate_1,candidate_5,candidate_3,candidate_4,candidate_2,5,0.024
24,candidate_1,candidate_5,candidate_3,candidate_4,candidate_2,5,0.024
25,candidate_1,candidate_5,candidate_3,candidate_4,candidate_2,5,0.024
26,candidate_1,candidate_5,candidate_3,candidate_4,candidate_2,5,0.024
27,candidate_1,candidate_5,candidate_3,candidate_4,candidate_2,5,0.024
28,candidate_1,candidate_5,candidate_3,candidate_4,candidate_2,5,0.024
29,candidate_1,candidate_5,0,candidate_4,candidate_2,5,0.024
30,candidate_1,candidate_5,candidate_3,candidate_4,candidate_2,5,0.024
31,candidate_1,candidate_5,candidate_3,candidate_4,candidate_2,5,0.024
32,candidate_1,candidate_5,candidate_3,candidate_4,candidate_2,5,0.024
33,candidate_1,candidate_5,candidate_3,candidate_4,candidate_2,5,0.024
34,candidate_1,candidate_5,candidate_3,candidate_4,candidate_2,5,0.024
35,candidate_1,candidate_5,candidate_3,candidate_4,0,5,0.024
36,candidate_1,candidate_5,candidate_3,candidate_4,candidate_2,5,0.024
37,candidate_1,candidate_5,candidate_3,candidate_4,candidate_2,5,0.024
38,candidate_1,candidate_5,candidate_3,candidate_4,candidate_2,5,0.024
39,candidate_1,0,candidate_3,candidate_4,candidate_2,5,0.024
40,candidate_1,candidate_5,candidate_3,candidate_4,candidate_2,5,0.024
41,candidate_1,candidate_5,candidate_3,candidate_4,candidate_2,5,0.024
42,candidate_1,candidate_5,candidate_3,candidate_4,candidate_2,5,0.024
43,candidate_1,candidate_5,candidate_3,candidate_4,candidate_2,5,0.024
44,candidate_1,candidate_5,candidate_3,candidate_4,candidate_2,5,0.024
45,candidate_1,candidate_5,candidate_3,candidate_4,candidate_2,5,0.024
46,candidate_1,candidate_5,candidate_3,candidate_4,candidate_2,5,0.024
47,candidate_1,candidate_5,candidate_3,candidate_4,candidate_2,5,0.024
48,candidate_1,candidate_5,candidate_3,candidate_4,candidate_2,5,0.024
49,candidate_1,candidate_5,candidate_3,candidate_4,candidate_2,5,0.024
50,candidate_1,candidate_5,candidate_3,candidate_4,candidate_2,5,0.024
0,candidate_1,candidate_5,candidate_4,candidate_2,candidate_3,5,0.024
1,candidate_1,candidate_5,candidate_4,candidate_2,candidate_3,5,0.024
2,candidate_1,candidate_5,candidate_4,candidate_2,candidate_3,5,0.024
3,candidate_1,candidate_5,candidate_4,candidate_2,candidate_3,5,0.024
4,candidate_1,candidate_5,candidate_4,candidate_2,candidate_3,5,0.024
5,candidate_1,candidate_5,candidate_4,candidate_2,candidate_3,5,0.024
6,candidate_1,candidate_5,candidate_4,candidate_2,candidate_3,5,0.024
7,candidate_1,candidate_5,candidate_4,candidate_2,candidate_3,5,0.024
8,candidate_1,candidate_5,candidate_4,candidate_2,candidate_3,5,0.024
9,candidate_1,candidate_5,candidate_4,candidate_2,candidate_3,5,0.024
10,candidate_1,candidate_5,candidate_4,candidate_2,candidate_3,5,0.024
11,candidate_1,candidate_5,candidate_4,candidate_2,candidate_3,5,0.024
12,candidate_1,candidate_5,candidate_4,candidate_2,candidate_3,5,0.024
13,candidate_1,candidate_5,candidate_4,candidate_2,candidate_3,5,0.024
14,candidate_1,candidate_5,candidate_4,candidate_2,candidate_3,5,0.024
15,candidate_1,candidate_5,candidate_4,candidate_2,candidate_3,5,0.024
16,candidate_1,candidate_5,candidate_4,candidate_2,candidate_3,5,0.024
17,candidate_1,candidate_5,candidate_4,candidate_2,candidate_3,5,0.024
18,candidate_1,candidate_5,candidate_4,candidate_2,0,5,0.024
19,candidate_1,candidate_5,candidate_4,candidate_2,candidate_3,5,0.024
20,candidate_1,candidate_5,candidate_4,candidate_2,candidate_3,5,0.024
21,candidate_1,0,candidate_4,candidate_2,candidate_3,5,0.024
22,candidate_1,candidate_5,candidate_4,candidate_2,candidate_3,5,0.024
23,candidate_1,candidate_5,candidate_4,candidate_2,candidate_3,5,0.024
24,candidate_1,candidate_5,candidate_4,candidate_2,candidate_3,5,0.024
25,candidate_1,candidate_5,candidate_4,candidate_2,candidate_3,5,0.024
26,candidate_1,candidate_5,candidate_4,candidate_2,candidate_3,5,0.024
27,candidate_1,candidate_5,candidate_4,candidate_2,candidate_3,5,0.024
28,candidate_1,candidate_5,candidate_4,candidate_2,candidate_3,5,0.024
29,candidate_1,candidate_5,candidate_4,candidate_2,candidate_3,5,0.024
30,candidate_1,candidate_5,candidate_4,candidate_2,candidate_3,5,0.024
31,candidate_1,candidate_5,candidate_4,candidate_2,candidate_3,5,0.024
32,candidate_1,candidate_5,candidate_4,candidate_2,candidate_3,5,0.024
33,candidate_1,candidate_5,candidate_4,candidate_2,candidate_3,5,0.024
34,candidate_1,candidate_5,candidate_4,candidate_2,candidate_3,5,0.024
35,candidate_1,candidate_5,candidate_4,candidate_2,candidate_3,5,0.024
36,candidate_1,0,candidate_4,candidate_2,candidate_3,5,0.024
37,candidate_1,candidate_5,candidate_4,candidate_2,candidate_3,5,0.024
38,candidate_1,candidate_5,candidate_4,candidate_2,candidate_3,5,0.024
39,candidate_1,candidate_5,candidate_4,candidate_2,candidate_3,5,0.024
40,candidate_1,candidate_5,candidate_4,candidate_2,candidate_3,5,0.024
41,candidate_1,candidate_5,candidate_4,candidate_2,candidate_3,5,0.024
42,candidate_1,candidate_5,candidate_4,candidate_2,candidate_3,5,0.024
43,candidate_1,candidate_5,candidate_4,candidate_2,candidate_3,5,0.024
44,candidate_1,candidate_5,candidate_4,candidate_2,candidate_3,5,0.024
45,candidate_1,candidate_5,candidate_4,candidate_2,candidate_3,5,0.024
46,candidate_1,candidate_5,candidate_4,candidate_2,candidate_3,5,0.024
47,candidate_1,candidate_5,candidate_4,candidate_2,candidate_3,5,0.024
48,candidate_1,candidate_5,candidate_4,candidate_2,candidate_3,5,0.024
49,candidate_1,candidate_5,candidate_4,candidate_2,candidate_3,5,0.024
50,candidate_1,candidate_5,0,candidate_2,candidate_3,5,0.024
51,candidate_1,candidate_5,candidate_4,candidate_2,candidate_3,5,0.024
52,candidate_1,candidate_5,candidate_4,candidate_2,candidate_3,5,0.024
53,candidate_1,candidate_5,candidate_4,candidate_2,candidate_3,5,0.024
54,candidate_1,candidate_5,candidate_4,candidate_2,candidate_3,5,0.024
0,candidate_1,candidate_5,candidate_4,candidate_3,candidate_2,5,0.024
1,candidate_1,candidate_5,candidate_4,candidate_3,candidate_2,5,0.024
2,candidate_1,candidate_5,candidate_4,candidate_3,candidate_2,5,0.024
3,candidate_1,candidate_5,candidate_4,candidate_3,candidate_2,5,0.024
4,candidate_1,candidate_5,candidate_4,candidate_3,candidate_2,5,0.024
5,candidate_1,candidate_5,candidate_4,candidate_3,candidate_2,5,0.024
6,candidate_1,candidate_5,candidate_4,candidate_3,candidate_2,5,0.024
7,candidate_1,candidate_5,candidate_4,candidate_3,candidate_2,5,0.024
8,candidate_1,candidate_5,candidate_4,candidate_3,candidate_2,5,0.024
9,candidate_1,candidate_5,candidate_4,candidate_3,candidate_2,5,0.024
10,candidate_1,candidate_5,candidate_4,candidate_3,candidate_2,5,0.024
11,candidate_1,candidate_5,candidate_4,candidate_3,candidate_2,5,0.024
12,candidate_1,candidate_5,candidate_4,candidate_3,candidate_2,5,0.024
13,candidate_1,candidate_5,candidate_4,candidate_3,candidate_2,5,0.024
14,candidate_1,candidate_5,candidate_4,candidate_3,candidate_2,5,0.024
15,candidate_1,candidate_5,candidate_4,candidate_3,candidate_2,5,0.024
16,0,candidate_5,candidate_4,candidate_3,candidate_2,5,0.024
17,candidate_1,candidate_5,candidate_4,candidate_3,candidate_2,5,0.024
18,candidate_1,candidate_5,candidate_4,candidate_3,candidate_2,5,0.024
19,candidate_1,candidate_5,candidate_4,candidate_3,candidate_2,5,0.024
20,candidate_1,candidate_5,candidate_4,candidate_3,candidate_2,5,0.024
21,candidate_1,candidate_5,candidate_4,candidate_3,candidate_2,5,0.024
22,candidate_1,candidate_5,candidate_4,candidate_3,candidate_2,5,0.024
23,candidate_1,candidate_5,candidate_4,candidate_3,candidate_2,5,0.024
24,candidate_1,candidate_5,candidate_4,candidate_3,candidate_2,5,0.024
25,candidate_1,candidate_5,candidate_4,candidate_3,candidate_2,5,0.024
26,candidate_1,candidate_5,candidate_4,candidate_3,candidate_2,5,0.024
27,candidate_1,candidate_5,candidate_4,candidate_3,candidate_2,5,0.024
28,candidate_1,candidate_5,candidate_4,candidate_3,candidate_2,5,0.024
29,candidate_1,candidate_5,candidate_4,candidate_3,candidate_2,5,0.024
30,candidate_1,candidate_5,candidate_4,candidate_3,candidate_2,5,0.024
31,candidate_1,candidate_5,candidate_4,candidate_3,candidate_2,5,0.024
32,candidate_1,candidate_5,candidate_4,candidate_3,candidate_2,5,0.024
33,candidate_1,candidate_5,0,0,candidate_2,5,0.024
34,candidate_1,candidate_5,candidate_4,candidate_3,candidate_2,5,0.024
35,candidate_1,candidate_5,candidate_4,candidate_3,candidate_2,5,0.024
36,candidate_1,candidate_5,candidate_4,candidate_3,candidate_2,5,0.024
37,candidate_1,candidate_5,candidate_4,candidate_3,candidate_2,5,0.024
38,candidate_1,candidate_5,candidate_4,candidate_3,candidate_2,5,0.024
39,candidate_1,candidate_5,candidate_4,candidate_3,candidate_2,5,0.024
40,candidate_1,candidate_5,candidate_4,candidate_3,candidate_2,5,0.024
41,candidate_1,candidate_5,candidate_4,candidate_3,candidate_2,5,0.024
42,candidate_1,candidate_5,candidate_4,candidate_3,candidate_2,5,0.024
43,candidate_1,candidate_5,candidate_4,candidate_3,candidate_2,5,0.024
44,candidate_1,candidate_5,candidate_4,candidate_3,candidate_2,5,0.024
45,candidate_1,candidate_5,candidate_4,candidate_3,candidate_2,5,0.024
46,candidate_1,candidate_5,candidate_4,candidate_3,candidate_2,5,0.024
47,candidate_1,candidate_5,candidate_4,candidate_3,candidate_2,5,0.024
48,candidate_1,candidate_5,candidate_4,candidate_3,candidate_2,5,0.024
49,candidate_1,candidate_5,candidate_4,candidate_3,candidate_2,5,0.024
50,candidate_1,candidate_5,candidate_4,candidate_3,candidate_2,5,0.024
51,candidate_1,candidate_5,candidate_4,candidate_3,candidate_2,5,0.024
52,candidate_1,candidate_5,0,candidate_3,candidate_2,5,0.024
53,candidate_1,candidate_5,candidate_4,candidate_3,candidate_2,5,0.024
54,candidate_1,candidate_5,candidate_4,candidate_3,candidate_2,5,0.024
55,candidate_1,candidate_5,candidate_4,candidate_3,candidate_2,5,0.024
56,candidate_1,candidate_5,candidate_4,candidate_3,candidate_2,5,0.024
57,candidate_1,candidate_5,candidate_4,candidate_3,candidate_2,5,0.024
58,candidate_1,candidate_5,candidate_4,candidate_3,candidate_2,5,0.024
0,candidate_2,candidate_1,candidate_3,candidate_4,candidate_5,5,0.024
1,candidate_2,candidate_1,candidate_3,candidate_4,candidate_5,5,0.024
2,candidate_2,candidate_1,candidate_3,candidate_4,candidate_5,5,0.024
3,candidate_2,candidate_1,candidate_3,candidate_4,candidate_5,5,0.024
4,candidate_2,candidate_1,candidate_3,candidate_4,candidate_5,5,0.024
5,candidate_2,candidate_1,candidate_3,candidate_4,candidate_5,5,0.024
6,candidate_2,candidate_1,candidate_3,candidate_4,candidate_5,5,0.024
7,candidate_2,candidate_1,candidate_3,candidate_4,candidate_5,5,0.024
8,candidate_2,candidate_1,0,candidate_4,candidate_5,5,0.024
9,candidate_2,candidate_1,candidate_3,candidate_4,candidate_5,5,0.024
10,candidate_2,candidate_1,candidate_3,candidate_4,candidate_5,5,0.024
11,candidate_2,candidate_1,candidate_3,candidate_4,candidate_5,5,0.024
12,candidate_2,candidate_1,candidate_3,candidate_4,candidate_5,5,0.024
13,candidate_2,candidate_1,candidate_3,candidate_4,candidate_5,5,0.024
14,candidate_2,candidate_1,candidate_3,candidate_4,candidate_5,5,0.024
15,candidate_2,candidate_1,candidate_3,candidate_4,candidate_5,5,0.024
16,candidate_2,candidate_1,candidate_3,candidate_4,candidate_5,5,0.024
17,candidate_2,candidate_1,candidate_3,candidate_4,candidate_5,5,0.024
18,0,candidate_1,candidate_3,candidate_4,candidate_5,5,0.024
19,candidate_2,candidate_1,candidate_3,candidate_4,candidate_5,5,0.024
20,candidate_2,candidate_1,candidate_3,candidate_4,candidate_5,5,0.024
21,candidate_2,candidate_1,candidate_3,candidate_4,candidate_5,5,0.024
22,candidate_2,candidate_1,candidate_3,candidate_4,candidate_5,5,0.024
23,candidate_2,candidate_1,candidate_3,candidate_4,candidate_5,5,0.024
24,candidate_2,candidate_1,candidate_3,candidate_4,candidate_5,5,0.024
25,candidate_2,candidate_1,candidate_3,candidate_4,candidate_5,5,0.024
26,candidate_2,candidate_1,candidate_3,0,candidate_5,5,0.024
27,candidate_2,candidate_1,candidate_3,candidate_4,candidate_5,5,0.024
28,candidate_2,candidate_1,candidate_3,candidate_4,candidate_5,5,0.024
29,candidate_2,candidate_1,candidate_3,candidate_4,candidate_5,5,0.024
30,candidate_2,candidate_1,candidate_3,candidate_4,candidate_5,5,0.024
31,candidate_2,candidate_1,candidate_3,candidate_4,candidate_5,5,0.024
32,candidate_2,candidate_1,candidate_3,candidate_4,candidate_5,5,0.024
33,candidate_2,candidate_1,candidate_3,candidate_4,candidate_5,5,0.024
34,candidate_2,candidate_1,candidate_3,candidate_4,candidate_5,5,0.024
35,candidate_2,candidate_1,candidate_3,candidate_4,candidate_5,5,0.024
36,candidate_2,candidate_1,candidate_3,candidate_4,candidate_5,5,0.024
37,candidate_2,candidate_1,candidate_3,candidate_4,candidate_5,5,0.024
38,candidate_2,candidate_1,candidate_3,candidate_4,candidate_5,5,0.024
39,candidate_2,candidate_1,candidate_3,candidate_4,candidate_5,5,0.024
40,candidate_2,candidate_1,candidate_3,candidate_4,candidate_5,5,0.024
41,candidate_2,candidate_1,candidate_3,candidate_4,candidate_5,5,0.024
42,candidate_2,candidate_1,candidate_3,candidate_4,candidate_5,5,0.024
43,candidate_2,candidate_1,candidate_3,candidate_4,candidate_5,5,0.024
44,candidate_2,candidate_1,candidate_3,candidate_4,candidate_5,5,0.024
45,candidate_2,candidate_1,candidate_3,candidate_4,candidate_5,5,0.024
46,candidate_2,candidate_1,candidate_3,candidate_4,candidate_5,5,0.024
47,candidate_2,0,candidate_3,candidate_4,candidate_5,5,0.024
48,candidate_2,candidate_1,0,candidate_4,candidate_5,5,0.024
49,candidate_2,candidate_1,candidate_3,candidate_4,candidate_5,5,0.024
50,candidate_2,candidate_1,candidate_3,candidate_4,candidate_5,5,0.024
51,candidate_2,candidate_1,candidate_3,candidate_4,candidate_5,5,0.024
52,candidate_2,candidate_1,candidate_3,candidate_4,candidate_5,5,0.024
53,candidate_2,candidate_1,candidate_3,candidate_4,candidate_5,5,0.024
54,candidate_2,0,candidate_3,candidate_4,candidate_5,5,0.024
55,candidate_2,candidate_1,candidate_3,candidate_4,candidate_5,5,0.024
56,candidate_2,candidate_1,candidate_3,candidate_4,candidate_5,5,0.024
57,candidate_2,candidate_1,candidate_3,candidate_4,candidate_5,5,0.024
58,candidate_2,candidate_1,candidate_3,candidate_4,candidate_5,5,0.024
59,candidate_2,candidate_1,candidate_3,candidate_4,candidate_5,5,0.024
60,candidate_2,candidate_1,candidate_3,candidate_4,candidate_5,5,0.024
61,candidate_2,candidate_1,candidate_3,candidate_4,candidate_5,5,0.024
62,candidate_2,candidate_1,candidate_3,candidate_4,candidate_5,5,0.024
63,candidate_2,candidate_1,candidate_3,candidate_4,candidate_5,5,0.024
64,candidate_2,candidate_1,candidate_3,candidate_4,candidate_5,5,0.024
65,candidate_2,candidate_1,candidate_3,candidate_4,candidate_5,5,0.024
66,candidate_2,candidate_1,0,candidate_4,candidate_5,5,0.024
67,candidate_2,candidate_1,candidate_3,candidate_4,candidate_5,5,0.024
68,candidate_2,candidate_1,candidate_3,candidate_4,candidate_5,5,0.024
69,candidate_2,candidate_1,0,candidate_4,candidate_5,5,0.024
70,candidate_2,candidate_1,candidate_3,candidate_4,candidate_5,5,0.024
71,candidate_2,candidate_1,candidate_3,candidate_4,candidate_5,5,0.024
72,candidate_2,candidate_1,candidate_3,candidate_4,candidate_5,5,0.024
73,candidate_2,candidate_1,candidate_3,candidate_4,candidate_5,5,0.024
74,candidate_2,candidate_1,candidate_3,candidate_4,candidate_5,5,0.024
75,candidate_2,candidate_1,candidate_3,candidate_4,candidate_5,5,0.024
76,candidate_2,candidate_1,candidate_3,candidate_4,candidate_5,5,0.024
77,candidate_2,candidate_1,candidate_3,candidate_4,candidate_5,5,0.024
78,candidate_2,candidate_1,candidate_3,candidate_4,candidate_5,5,0.024
79,candidate_2,candidate_1,candidate_3,candidate_4,0,5,0.024
80,candidate_2,candidate_1,0,candidate_4,0,5,0.024
81,candidate_2,candidate_1,candidate_3,candidate_4,candidate_5,5,0.024
82,candidate_2,candidate_1,candidate_3,candidate_4,candidate_5,5,0.024
83,candidate_2,candidate_1,candidate_3,candidate_4,candidate_5,5,0.024
84,candidate_2,candidate_1,candidate_3,candidate_4,candidate_5,5,0.024
85,candidate_2,candidate_1,candidate_3,candidate_4,candidate_5,5,0.024
86,candidate_2,candidate_1,candidate_3,candidate_4,candidate_5,5,0.024
87,candidate_2,candidate_1,candidate_3,candidate_4,candidate_5,5,0.024
88,candidate_2,candidate_1,candidate_3,candidate_4,candidate_5,5,0.024
89,candidate_2,candidate_1,candidate_3,candidate_4,candidate_5,5,0.024
90,candidate_2,candidate_1,candidate_3,candidate_4,candidate_5,5,0.024
91,candidate_2,candidate_1,candidate_3,candidate_4,candidate_5,5,0.024
92,candidate_2,candidate_1,candidate_3,candidate_4,candidate_5,5,0.024
93,candidate_2,candidate_1,candidate_3,candidate_4,candidate_5,5,0.024
94,candidate_2,candidate_1,candidate_3,candidate_4,candidate_5,5,0.024
95,candidate_2,candidate_1,candidate_3,candidate_4,candidate_5,5,0.024
96,candidate_2,candidate_1,candidate_3,candidate_4,candidate_5,5,0.024
97,candidate_2,candidate_1,candidate_3,candidate_4,candidate_5,5,0.024
98,candidate_2,candidate_1,candidate_3,candidate_4,candidate_5,5,0.024
99,candidate_2,candidate_1,candidate_3,candidate_4,candidate_5,5,0.024
100,candidate_2,candidate_1,0,candidate_4,candidate_5,5,0.024
101,candidate_2,candidate_1,candidate_3,candidate_4,candidate_5,5,0.024
102,candidate_2,candidate_1,candidate_3,candidate_4,candidate_5,5,0.024
103,candidate_2,candidate_1,candidate_3,candidate_4,candidate_5,5,0.024
104,candidate_2,candidate_1,candidate_3,candidate_4,candidate_5,5,0.024
105,candidate_2,0,candidate_3,candidate_4,candidate_5,5,0.024
106,candidate_2,candidate_1,candidate_3,0,candidate_5,5,0.024
107,candidate_2,candidate_1,candidate_3,candidate_4,candidate_5,5,0.024
108,candidate_2,candidate_1,candidate_3,candidate_4,candidate_5,5,0.024
109,candidate_2,candidate_1,candidate_3,candidate_4,candidate_5,5,0.024
110,candidate_2,candidate_1,candidate_3,candidate_4,candidate_5,5,0.024
111,candidate_2,candidate_1,candidate_3,candidate_4,candidate_5,5,0.024
112,candidate_2,candidate_1,candidate_3,candidate_4,candidate_5,5,0.024
113,candidate_2,candidate_1,candidate_3,candidate_4,candidate_5,5,0.024
114,candidate_2,candidate_1,candidate_3,candidate_4,candidate_5,5,0.024
115,candidate_2,candidate_1,candidate_3,candidate_4,candidate_5,5,0.024
116,candidate_2,candidate_1,candidate_3,candidate_4,candidate_5,5,0.024
117,candidate_2,candidate_1,candidate_3,candidate_4,candidate_5,5,0.024
118,candidate_2,candidate_1,candidate_3,candidate_4,candidate_5,5,0.024
119,candidate_2,candidate_1,candidate_3,candidate_4,candidate_5,5,0.024
120,candidate_2,candidate_1,candidate_3,candidate_4,candidate_5,5,0.024
121,candidate_2,candidate_1,candidate_3,candidate_4,candidate_5,5,0.024
122,candidate_2,candidate_1,candidate_3,candidate_4,candidate_5,5,0.024
123,candidate_2,candidate_1,candidate_3,candidate_4,candidate_5,5,0.024
124,candidate_2,candidate_1,candidate_3,candidate_4,candidate_5,5,0.024
0,candidate_2,candidate_1,candidate_3,candidate_5,candidate_4,5,0.024
1,candidate_2,candidate_1,candidate_3,candidate_5,candidate_4,5,0.024
2,candidate_2,candidate_1,candidate_3,candidate_5,candidate_4,5,0.024
3,candidate_2,candidate_1,candidate_3,candidate_5,candidate_4,5,0.024
4,candidate_2,candidate_1,candidate_3,candidate_5,candidate_4,5,0.024
5,candidate_2,0,candidate_3,candidate_5,candidate_4,5,0.024
6,candidate_2,candidate_1,0,candidate_5,candidate_4,5,0.024
7,candidate_2,candidate_1,candidate_3,0,candidate_4,5,0.024
8,candidate_2,candidate_1,candidate_3,candidate_5,candidate_4,5,0.024
9,candidate_2,candidate_1,candidate_3,candidate_5,candidate_4,5,0.024
10,candidate_2,candidate_1,candidate_3,candidate_5,candidate_4,5,0.024
11,candidate_2,candidate_1,candidate_3,candidate_5,0,5,0.024
12,candidate_2,candidate_1,candidate_3,candidate_5,candidate_4,5,0.024
13,candidate_2,candidate_1,candidate_3,candidate_5,candidate_4,5,0.024
14,candidate_2,candidate_1,candidate_3,candidate_5,candidate_4,5,0.024
15,candidate_2,candidate_1,candidate_3,candidate_5,candidate_4,5,0.024
16,candidate_2,candidate_1,candidate_3,candidate_5,candidate_4,5,0.024
17,candidate_2,candidate_1,candidate_3,candidate_5,candidate_4,5,0.024
18,candidate_2,candidate_1,candidate_3,candidate_5,candidate_4,5,0.024
19,candidate_2,candidate_1,candidate_3,candidate_5,candidate_4,5,0.024
20,candidate_2,candidate_1,candidate_3,candidate_5,candidate_4,5,0.024
21,candidate_2,candidate_1,candidate_3,candidate_5,candidate_4,5,0.024
22,candidate_2,candidate_1,candidate_3,candidate_5,candidate_4,5,0.024
23,candidate_2,candidate_1,candidate_3,candidate_5,candidate_4,5,0.024
24,candidate_2,candidate_1,candidate_3,candidate_5,candidate_4,5,0.024
25,candidate_2,candidate_1,candidate_3,0,candidate_4,5,0.024
26,candidate_2,candidate_1,candidate_3,candidate_5,candidate_4,5,0.024
27,candidate_2,candidate_1,candidate_3,candidate_5,candidate_4,5,0.024
28,candidate_2,candidate_1,candidate_3,candidate_5,candidate_4,5,0.024
29,candidate_2,candidate_1,candidate_3,candidate_5,candidate_4,5,0.024
30,candidate_2,candidate_1,candidate_3,candidate_5,candidate_4,5,0.024
31,candidate_2,candidate_1,candidate_3,candidate_5,candidate_4,5,0.024
32,candidate_2,candidate_1,candidate_3,candidate_5,candidate_4,5,0.024
33,candidate_2,candidate_1,candidate_3,candidate_5,candidate_4,5,0.024
34,candidate_2,candidate_1,candidate_3,candidate_5,candidate_4,5,0.024
35,candidate_2,candidate_1,candidate_3,candidate_5,candidate_4,5,0.024
36,candidate_2,candidate_1,candidate_3,candidate_5,candidate_4,5,0.024
37,candidate_2,candidate_1,candidate_3,candidate_5,candidate_4,5,0.024
38,candidate_2,candidate_1,candidate_3,candidate_5,candidate_4,5,0.024
39,candidate_2,candidate_1,candidate_3,candidate_5,candidate_4,5,0.024
40,candidate_2,candidate_1,candidate_3,candidate_5,candidate_4,5,0.024
41,candidate_2,candidate_1,candidate_3,candidate_5,candidate_4,5,0.024
42,candidate_2,candidate_1,candidate_3,candidate_5,candidate_4,5,0.024
43,candidate_2,candidate_1,candidate_3,candidate_5,candidate_4,5,0.024
44,candidate_2,candidate_1,candidate_3,candidate_5,candidate_4,5,0.024
45,candidate_2,candidate_1,candidate_3,candidate_5,candidate_4,5,0.024
46,candidate_2,candidate_1,candidate_3,candidate_5,candidate_4,5,0.024
47,candidate_2,candidate_1,candidate_3,candidate_5,candidate_4,5,0.024
48,candidate_2,candidate_1,candidate_3,candidate_5,candidate_4,5,0.024
49,candidate_2,candidate_1,candidate_3,candidate_5,candidate_4,5,0.024
50,candidate_2,candidate_1,candidate_3,candidate_5,candidate_4,5,0.024
51,candidate_2,candidate_1,candidate_3,candidate_5,candidate_4,5,0.024
52,candidate_2,candidate_1,candidate_3,candidate_5,candidate_4,5,0.024
53,candidate_2,candidate_1,candidate_3,candidate_5,candidate_4,5,0.024
54,candidate_2,candidate_1,candidate_3,candidate_5,candidate_4,5,0.024
55,candidate_2,0,candidate_3,candidate_5,candidate_4,5,0.024
56,candidate_2,candidate_1,candidate_3,candidate_5,candidate_4,5,0.024
57,candidate_2,candidate_1,candidate_3,candidate_5,candidate_4,5,0.024
58,candidate_2,candidate_1,candidate_3,candidate_5,candidate_4,5,0.024
59,candidate_2,candidate_1,candidate_3,candidate_5,candidate_4,5,0.024
60,candidate_2,candidate_1,candidate_3,candidate_5,candidate_4,5,0.024
61,candidate_2,candidate_1,candidate_3,candidate_5,0,5,0.024
62,candidate_2,candidate_1,candidate_3,candidate_5,candidate_4,5,0.024
63,candidate_2,candidate_1,candidate_3,candidate_5,candidate_4,5,0.024
64,candidate_2,candidate_1,candidate_3,candidate_5,candidate_4,5,0.024
65,candidate_2,candidate_1,candidate_3,candidate_5,candidate_4,5,0.024
66,candidate_2,candidate_1,candidate_3,candidate_5,candidate_4,5,0.024
67,candidate_2,candidate_1,candidate_3,candidate_5,candidate_4,5,0.024
68,candidate_2,candidate_1,candidate_3,candidate_5,candidate_4,5,0.024
69,candidate_2,candidate_1,candidate_3,candidate_5,candidate_4,5,0.024
70,candidate_2,candidate_1,candidate_3,candidate_5,candidate_4,5,0.024
71,candidate_2,candidate_1,candidate_3,candidate_5,candidate_4,5,0.024
72,candidate_2,candidate_1,candidate_3,candidate_5,candidate_4,5,0.024
73,candidate_2,candidate_1,candidate_3,candidate_5,candidate_4,5,0.024
74,candidate_2,candidate_1,candidate_3,candidate_5,candidate_4,5,0.024
75,candidate_2,candidate_1,candidate_3,candidate_5,candidate_4,5,0.024
76,candidate_2,candidate_1,candidate_3,candidate_5,candidate_4,5,0.024
77,candidate_2,candidate_1,candidate_3,candidate_5,candidate_4,5,0.024
78,candidate_2,candidate_1,candidate_3,candidate_5,candidate_4,5,0.024
79,candidate_2,candidate_1,candidate_3,candidate_5,candidate_4,5,0.024
80,candidate_2,candidate_1,candidate_3,candidate_5,candidate_4,5,0.024
81,candidate_2,candidate_1,candidate_3,0,candidate_4,5,0.024
82,candidate_2,candidate_1,candidate_3,candidate_5,candidate_4,5,0.024
83,candidate_2,candidate_1,candidate_3,candidate_5,candidate_4,5,0.024
84,candidate_2,0,candidate_3,candidate_5,candidate_4,5,0.024
85,candidate_2,candidate_1,candidate_3,candidate_5,candidate_4,5,0.024
86,candidate_2,candidate_1,candidate_3,candidate_5,candidate_4,5,0.024
87,candidate_2,candidate_1,candidate_3,candidate_5,candidate_4,5,0.024
88,candidate_2,candidate_1,candidate_3,candidate_5,candidate_4,5,0.024
89,candidate_2,candidate_1,candidate_3,candidate_5,candidate_4,5,0.024
90,candidate_2,candidate_1,candidate_3,candidate_5,candidate_4,5,0.024
91,candidate_2,candidate_1,candidate_3,candidate_5,candidate_4,5,0.024
92,candidate_2,candidate_1,candidate_3,candidate_5,candidate_4,5,0.024
93,candidate_2,candidate_1,candidate_3,candidate_5,candidate_4,5,0.024
94,candidate_2,candidate_1,candidate_3,candidate_5,candidate_4,5,0.024
95,candidate_2,candidate_1,candidate_3,candidate_5,candidate_4,5,0.024
96,candidate_2,candidate_1,candidate_3,candidate_5,candidate_4,5,0.024
97,candidate_2,candidate_1,candidate_3,candidate_5,candidate_4,5,0.024
98,candidate_2,candidate_1,candidate_3,candidate_5,candidate_4,5,0.024
99,candidate_2,candidate_1,candidate_3,candidate_5,candidate_4,5,0.024
100,candidate_2,candidate_1,candidate_3,candidate_5,candidate_4,5,0.024
101,candidate_2,candidate_1,candidate_3,candidate_5,candidate_4,5,0.024
102,candidate_2,candidate_1,candidate_3,candidate_5,candidate_4,5,0.024
103,candidate_2,candidate_1,candidate_3,candidate_5,candidate_4,5,0.024
104,candidate_2,candidate_1,candidate_3,candidate_5,candidate_4,5,0.024
105,candidate_2,candidate_1,candidate_3,candidate_5,candidate_4,5,0.024
106,candidate_2,candidate_1,candidate_3,candidate_5,candidate_4,5,0.024
107,candidate_2,candidate_1,candidate_3,candidate_5,candidate_4,5,0.024
108,candidate_2,candidate_1,candidate_3,candidate_5,0,5,0.024
109,candidate_2,candidate_1,candidate_3,candidate_5,candidate_4,5,0.024
110,candidate_2,candidate_1,candidate_3,candidate_5,candidate_4,5,0.024
111,candidate_2,candidate_1,candidate_3,candidate_5,candidate_4,5,0.024
112,candidate_2,candidate_1,candidate_3,candidate_5,candidate_4,5,0.024
113,candidate_2,candidate_1,candidate_3,candidate_5,candidate_4,5,0.024
114,candidate_2,candidate_1,candidate_3,candidate_5,candidate_4,5,0.024
115,candidate_2,candidate_1,candidate_3,candidate_5,candidate_4,5,0.024
116,candidate_2,candidate_1,candidate_3,candidate_5,0,5,0.024
117,candidate_2,candidate_1,candidate_3,candidate_5,candidate_4,5,0.024
118,candidate_2,candidate_1,candidate_3,candidate_5,candidate_4,5,0.024
119,candidate_2,candidate_1,candidate_3,candidate_5,candidate_4,5,0.024
120,candidate_2,candidate_1,candidate_3,candidate_5,candidate_4,5,0.024
121,candidate_2,candidate_1,candidate_3,candidate_5,candidate_4,5,0.024
122,candidate_2,candidate_1,candidate_3,candidate_5,candidate_4,5,0.024
123,candidate_2,candidate_1,candidate_3,candidate_5,candidate_4,5,0.024
124,candidate_2,candidate_1,candidate_3,candidate_5,candidate_4,5,0.024
125,candidate_2,candidate_1,candidate_3,candidate_5,candidate_4,5,0.024
126,candidate_2,candidate_1,candidate_3,candidate_5,candidate_4,5,0.024
127,candidate_2,candidate_1,candidate_3,candidate_5,candidate_4,5,0.024
128,candidate_2,candidate_1,candidate_3,candidate_5,candidate_4,5,0.024
129,candidate_2,candidate_1,candidate_3,candidate_5,candidate_4,5,0.024
130,candidate_2,candidate_1,candidate_3,candidate_5,candidate_4,5,0.024
131,candidate_2,candidate_1,candidate_3,candidate_5,candidate_4,5,0.024
132,candidate_2,candidate_1,candidate_3,candidate_5,candidate_4,5,0.024
133,candidate_2,candidate_1,candidate_3,candidate_5,candidate_4,5,0.024
134,candidate_2,candidate_1,candidate_3,candidate_5,candidate_4,5,0.024
135,candidate_2,candidate_1,candidate_3,candidate_5,0,5,0.024
136,candidate_2,candidate_1,candidate_3,candidate_5,candidate_4,5,0.024
0,candidate_2,candidate_1,candidate_4,candidate_3,candidate_5,5,0.024
1,candidate_2,candidate_1,candidate_4,candidate_3,candidate_5,5,0.024
2,candidate_2,candidate_1,candidate_4,candidate_3,candidate_5,5,0.024
3,candidate_2,candidate_1,candidate_4,candidate_3,0,5,0.024
4,candidate_2,candidate_1,candidate_4,candidate_3,candidate_5,5,0.024
5,candidate_2,candidate_1,candidate_4,candidate_3,candidate_5,5,0.024
6,candidate_2,candidate_1,candidate_4,candidate_3,candidate_5,5,0.024
7,candidate_2,candidate_1,candidate_4,candidate_3,candidate_5,5,0.024
8,candidate_2,0,0,candidate_3,candidate_5,5,0.024
9,candidate_2,candidate_1,candidate_4,candidate_3,candidate_5,5,0.024
10,candidate_2,candidate_1,candidate_4,candidate_3,candidate_5,5,0.024
11,candidate_2,candidate_1,candidate_4,candidate_3,candidate_5,5,0.024
12,candidate_2,candidate_1,candidate_4,candidate_3,candidate_5,5,0.024
13,candidate_2,candidate_1,candidate_4,candidate_3,0,5,0.024
14,candidate_2,candidate_1,candidate_4,candidate_3,candidate_5,5,0.024
15,candidate_2,candidate_1,candidate_4,candidate_3,candidate_5,5,0.024
16,0,candidate_1,candidate_4,candidate_3,candidate_5,5,0.024
17,candidate_2,candidate_1,candidate_4,candidate_3,candidate_5,5,0.024
18,candidate_2,candidate_1,candidate_4,candidate_3,candidate_5,5,0.024
19,candidate_2,candidate_1,candidate_4,candidate_3,candidate_5,5,0.024
20,candidate_2,candidate_1,candidate_4,candidate_3,candidate_5,5,0.024
21,candidate_2,candidate_1,candidate_4,candidate_3,candidate_5,5,0.024
22,candidate_2,candidate_1,candidate_4,candidate_3,candidate_5,5,0.024
23,candidate_2,candidate_1,candidate_4,candidate_3,candidate_5,5,0.024
24,candidate_2,candidate_1,0,candidate_3,candidate_5,5,0.024
25,candidate_2,candidate_1,candidate_4,candidate_3,candidate_5,5,0.024
26,candidate_2,candidate_1,candidate_4,candidate_3,candidate_5,5,0.024
27,candidate_2,candidate_1,candidate_4,candidate_3,candidate_5,5,0.024
28,candidate_2,candidate_1,candidate_4,candidate_3,candidate_5,5,0.024
29,candidate_2,candidate_1,candidate_4,candidate_3,candidate_5,5,0.024
30,candidate_2,candidate_1,0,candidate_3,candidate_5,5,0.024
31,candidate_2,candidate_1,candidate_4,candidate_3,candidate_5,5,0.024
32,candidate_2,candidate_1,candidate_4,candidate_3,candidate_5,5,0.024
33,candidate_2,candidate_1,candidate_4,candidate_3,candidate_5,5,0.024
34,candidate_2,candidate_1,candidate_4,candidate_3,candidate_5,5,0.024
35,candidate_2,candidate_1,candidate_4,candidate_3,candidate_5,5,0.024
36,candidate_2,candidate_1,candidate_4,candidate_3,candidate_5,5,0.024
37,candidate_2,0,candidate_4,candidate_3,candidate_5,5,0.024
38,candidate_2,candidate_1,candidate_4,candidate_3,candidate_5,5,0.024
39,candidate_2,candidate_1,candidate_4,candidate_3,candidate_5,5,0.024
40,candidate_2,candidate_1,candidate_4,candidate_3,candidate_5,5,0.024
41,candidate_2,candidate_1,candidate_4,candidate_3,candidate_5,5,0.024
42,candidate_2,candidate_1,candidate_4,candidate_3,candidate_5,5,0.024
43,candidate_2,candidate_1,candidate_4,candidate_3,candidate_5,5,0.024
44,0,candidate_1,candidate_4,candidate_3,candidate_5,5,0.024
45,candidate_2,candidate_1,candidate_4,candidate_3,candidate_5,5,0.024
46,candidate_2,candidate_1,candidate_4,candidate_3,candidate_5,5,0.024
47,candidate_2,candidate_1,candidate_4,candidate_3,candidate_5,5,0.024
48,candidate_2,candidate_1,candidate_4,candidate_3,candidate_5,5,0.024
49,candidate_2,candidate_1,candidate_4,candidate_3,candidate_5,5,0.024
50,candidate_2,candidate_1,candidate_4,candidate_3,0,5,0.024
51,candidate_2,candidate_1,candidate_4,candidate_3,candidate_5,5,0.024
52,candidate_2,candidate_1,candidate_4,candidate_3,candidate_5,5,0.024
53,candidate_2,candidate_1,candidate_4,candidate_3,candidate_5,5,0.024
54,candidate_2,candidate_1,candidate_4,candidate_3,candidate_5,5,0.024
55,candidate_2,candidate_1,candidate_4,candidate_3,candidate_5,5,0.024
56,candidate_2,candidate_1,candidate_4,candidate_3,candidate_5,5,0.024
57,candidate_2,candidate_1,candidate_4,candidate_3,candidate_5,5,0.024
58,candidate_2,candidate_1,candidate_4,candidate_3,candidate_5,5,0.024
59,candidate_2,candidate_1,candidate_4,candidate_3,candidate_5,5,0.024
60,candidate_2,0,candidate_4,candidate_3,candidate_5,5,0.024
61,candidate_2,candidate_1,candidate_4,candidate_3,candidate_5,5,0.024
62,candidate_2,candidate_1,candidate_4,candidate_3,candidate_5,5,0.024
63,0,candidate_1,candidate_4,candidate_3,candidate_5,5,0.024
64,candidate_2,candidate_1,candidate_4,candidate_3,candidate_5,5,0.024
65,candidate_2,candidate_1,candidate_4,0,candidate_5,5,0.024
66,candidate_2,candidate_1,candidate_4,candidate_3,candidate_5,5,0.024
67,candidate_2,candidate_1,candidate_4,candidate_3,candidate_5,5,0.024
68,candidate_2,candidate_1,candidate_4,candidate_3,candidate_5,5,0.024
69,candidate_2,candidate_1,candidate_4,candidate_3,candidate_5,5,0.024
70,candidate_2,candidate_1,candidate_4,candidate_3,candidate_5,5,0.024
71,candidate_2,candidate_1,candidate_4,candidate_3,candidate_5,5,0.024
72,candidate_2,candidate_1,0,candidate_3,candidate_5,5,0.024
73,candidate_2,candidate_1,candidate_4,candidate_3,candidate_5,5,0.024
74,candidate_2,candidate_1,candidate_4,candidate_3,candidate_5,5,0.024
75,candidate_2,candidate_1,candidate_4,candidate_3,candidate_5,5,0.024
76,0,candidate_1,candidate_4,candidate_3,candidate_5,5,0.024
77,candidate_2,candidate_1,candidate_4,candidate_3,candidate_5,5,0.024
78,candidate_2,candidate_1,candidate_4,candidate_3,candidate_5,5,0.024
79,candidate_2,candidate_1,candidate_4,candidate_3,candidate_5,5,0.024
80,candidate_2,candidate_1,candidate_4,candidate_3,candidate_5,5,0.024
81,candidate_2,candidate_1,candidate_4,candidate_3,candidate_5,5,0.024
82,candidate_2,candidate_1,candidate_4,candidate_3,candidate_5,5,0.024
83,candidate_2,candidate_1,candidate_4,candidate_3,candidate_5,5,0.024
84,candidate_2,candidate_1,candidate_4,candidate_3,candidate_5,5,0.024
85,candidate_2,candidate_1,candidate_4,candidate_3,candidate_5,5,0.024
86,candidate_2,candidate_1,candidate_4,candidate_3,candidate_5,5,0.024
87,candidate_2,candidate_1,candidate_4,candidate_3,candidate_5,5,0.024
88,candidate_2,candidate_1,candidate_4,candidate_3,candidate_5,5,0.024
89,candidate_2,candidate_1,candidate_4,candidate_3,candidate_5,5,0.024
90,candidate_2,candidate_1,candidate_4,candidate_3,candidate_5,5,0.024
91,candidate_2,candidate_1,candidate_4,candidate_3,candidate_5,5,0.024
92,candidate_2,candidate_1,candidate_4,candidate_3,candidate_5,5,0.024
93,candidate_2,candidate_1,candidate_4,candidate_3,candidate_5,5,0.024
94,candidate_2,candidate_1,candidate_4,candidate_3,candidate_5,5,0.024
95,candidate_2,candidate_1,candidate_4,candidate_3,candidate_5,5,0.024
96,candidate_2,candidate_1,candidate_4,candidate_3,candidate_5,5,0.024
97,candidate_2,candidate_1,candidate_4,candidate_3,candidate_5,5,0.024
98,candidate_2,candidate_1,candidate_4,candidate_3,candidate_5,5,0.024
99,candidate_2,candidate_1,candidate_4,candidate_3,candidate_5,5,0.024
100,candidate_2,candidate_1,candidate_4,candidate_3,candidate_5,5,0.024
101,candidate_2,candidate_1,candidate_4,candidate_3,candidate_5,5,0.024
102,candidate_2,candidate_1,candidate_4,candidate_3,candidate_5,5,0.024
103,candidate_2,candidate_1,candidate_4,candidate_3,candidate_5,5,0.024
104,0,candidate_1,candidate_4,candidate_3,candidate_5,5,0.024
105,candidate_2,candidate_1,candidate_4,candidate_3,candidate_5,5,0.024
106,candidate_2,candidate_1,candidate_4,candidate_3,candidate_5,5,0.024
107,candidate_2,candidate_1,candidate_4,candidate_3,candidate_5,5,0.024
108,candidate_2,candidate_1,candidate_4,candidate_3,candidate_5,5,0.024
109,candidate_2,candidate_1,candidate_4,candidate_3,candidate_5,5,0.024
110,candidate_2,candidate_1,candidate_4,candidate_3,candidate_5,5,0.024
111,candidate_2,candidate_1,candidate_4,candidate_3,candidate_5,5,0.024
112,candidate_2,candidate_1,candidate_4,candidate_3,candidate_5,5,0.024
113,candidate_2,candidate_1,candidate_4,candidate_3,candidate_5,5,0.024
114,candidate_2,candidate_1,candidate_4,candidate_3,candidate_5,5,0.024
115,candidate_2,candidate_1,candidate_4,candidate_3,candidate_5,5,0.024
116,candidate_2,candidate_1,candidate_4,candidate_3,candidate_5,5,0.024
117,candidate_2,candidate_1,candidate_4,candidate_3,candidate_5,5,0.024
118,candidate_2,candidate_1,candidate_4,candidate_3,candidate_5,5,0.024
119,candidate_2,candidate_1,candidate_4,0,candidate_5,5,0.024
120,candidate_2,candidate_1,candidate_4,candidate_3,candidate_5,5,0.024
121,candidate_2,candidate_1,candidate_4,candidate_3,candidate_5,5,0.024
122,candidate_2,candidate_1,candidate_4,candidate_3,candidate_5,5,0.024
123,candidate_2,candidate_1,candidate_4,candidate_3,candidate_5,5,0.024
124,candidate_2,candidate_1,candidate_4,candidate_3,candidate_5,5,0.024
125,candidate_2,candidate_1,candidate_4,candidate_3,candidate_5,5,0.024
126,0,candidate_1,candidate_4,candidate_3,candidate_5,5,0.024
127,candidate_2,candidate_1,candidate_4,candidate_3,candidate_5,5,0.024
128,0,candidate_1,candidate_4,candidate_3,candidate_5,5,0.024
129,candidate_2,candidate_1,candidate_4,candidate_3,candidate_5,5,0.024
130,candidate_2,candidate_1,candidate_4,candidate_3,candidate_5,5,0.024
131,candidate_2,candidate_1,candidate_4,candidate_3,candidate_5,5,0.024
132,candidate_2,candidate_1,candidate_4,candidate_3,candidate_5,5,0.024
133,candidate_2,candidate_1,candidate_4,candidate_3,candidate_5,5,0.024
134,candidate_2,candidate_1,candidate_4,candidate_3,candidate_5,5,0.024
135,candidate_2,candidate_1,candidate_4,candidate_3,candidate_5,5,0.024
136,candidate_2,candidate_1,candidate_4,candidate_3,0,5,0.024
0,candidate_2,candidate_1,candidate_4,candidate_5,candidate_3,5,0.024
1,candidate_2,candidate_1,candidate_4,candidate_5,candidate_3,5,0.024
2,candidate_2,candidate_1,candidate_4,candidate_5,candidate_3,5,0.024
3,candidate_2,candidate_1,candidate_4,candidate_5,candidate_3,5,0.024
4,candidate_2,candidate_1,candidate_4,candidate_5,candidate_3,5,0.024
5,candidate_2,candidate_1,candidate_4,candidate_5,candidate_3,5,0.024
6,candidate_2,candidate_1,candidate_4,candidate_5,candidate_3,5,0.024
7,candidate_2,candidate_1,candidate_4,candidate_5,candidate_3,5,0.024
8,candidate_2,candidate_1,candidate_4,candidate_5,candidate_3,5,0.024
9,candidate_2,candidate_1,candidate_4,candidate_5,candidate_3,5,0.024
10,candidate_2,candidate_1,candidate_4,candidate_5,candidate_3,5,0.024
11,candidate_2,candidate_1,candidate_4,candidate_5,candidate_3,5,0.024
12,candidate_2,candidate_1,candidate_4,candidate_5,candidate_3,5,0.024
13,candidate_2,candidate_1,candidate_4,candidate_5,candidate_3,5,0.024
14,candidate_2,candidate_1,candidate_4,candidate_5,candidate_3,5,0.024
15,candidate_2,candidate_1,candidate_4,candidate_5,candidate_3,5,0.024
16,candidate_2,candidate_1,candidate_4,candidate_5,candidate_3,5,0.024
17,0,candidate_1,candidate_4,candidate_5,candidate_3,5,0.024
18,candidate_2,candidate_1,candidate_4,candidate_5,candidate_3,5,0.024
19,candidate_2,candidate_1,candidate_4,candidate_5,candidate_3,5,0.024
20,candidate_2,candidate_1,candidate_4,candidate_5,candidate_3,5,0.024
21,candidate_2,candidate_1,candidate_4,candidate_5,candidate_3,5,0.024
22,candidate_2,candidate_1,candidate_4,candidate_5,candidate_3,5,0.024
23,candidate_2,0,candidate_4,candidate_5,candidate_3,5,0.024
24,candidate_2,candidate_1,candidate_4,candidate_5,candidate_3,5,0.024
25,candidate_2,candidate_1,candidate_4,candidate_5,candidate_3,5,0.024
26,candidate_2,candidate_1,candidate_4,candidate_5,0,5,0.024
27,candidate_2,candidate_1,candidate_4,candidate_5,candidate_3,5,0.024
28,candidate_2,candidate_1,candidate_4,candidate_5,candidate_3,5,0.024
29,candidate_2,candidate_1,candidate_4,candidate_5,candidate_3,5,0.024
30,candidate_2,candidate_1,candidate_4,candidate_5,candidate_3,5,0.024
31,candidate_2,candidate_1,candidate_4,candidate_5,candidate_3,5,0.024
32,candidate_2,candidate_1,candidate_4,candidate_5,candidate_3,5,0.024
33,candidate_2,candidate_1,candidate_4,candidate_5,candidate_3,5,0.024
34,candidate_2,candidate_1,candidate_4,candidate_5,candidate_3,5,0.024
35,0,candidate_1,candidate_4,candidate_5,candidate_3,5,0.024
36,candidate_2,candidate_1,candidate_4,candidate_5,candidate_3,5,0.024
37,candidate_2,candidate_1,candidate_4,candidate_5,candidate_3,5,0.024
38,0,candidate_1,candidate_4,candidate_5,candidate_3,5,0.024
39,candidate_2,0,candidate_4,candidate_5,candidate_3,5,0.024
40,candidate_2,candidate_1,candidate_4,candidate_5,candidate_3,5,0.024
41,candidate_2,candidate_1,candidate_4,candidate_5,candidate_3,5,0.024
42,candidate_2,candidate_1,candidate_4,candidate_5,candidate_3,5,0.024
43,candidate_2,candidate_1,candidate_4,candidate_5,candidate_3,5,0.024
44,candidate_2,candidate_1,candidate_4,candidate_5,candidate_3,5,0.024
45,candidate_2,candidate_1,candidate_4,candidate_5,candidate_3,5,0.024
46,candidate_2,candidate_1,candidate_4,candidate_5,candidate_3,5,0.024
47,candidate_2,candidate_1,candidate_4,candidate_5,candidate_3,5,0.024
0,candidate_2,candidate_1,candidate_5,candidate_3,candidate_4,5,0.024
1,candidate_2,0,candidate_5,candidate_3,candidate_4,5,0.024
2,candidate_2,candidate_1,candidate_5,candidate_3,candidate_4,5,0.024
3,candidate_2,candidate_1,candidate_5,candidate_3,candidate_4,5,0.024
4,candidate_2,candidate_1,candidate_5,candidate_3,candidate_4,5,0.024
5,candidate_2,candidate_1,candidate_5,candidate_3,candidate_4,5,0.024
6,candidate_2,candidate_1,candidate_5,candidate_3,candidate_4,5,0.024
7,candidate_2,candidate_1,candidate_5,candidate_3,candidate_4,5,0.024
8,candidate_2,candidate_1,candidate_5,candidate_3,candidate_4,5,0.024
9,candidate_2,candidate_1,candidate_5,candidate_3,candidate_4,5,0.024
10,candidate_2,candidate_1,0,candidate_3,candidate_4,5,0.024
11,candidate_2,candidate_1,candidate_5,candidate_3,candidate_4,5,0.024
12,candidate_2,candidate_1,candidate_5,candidate_3,candidate_4,5,0.024
13,candidate_2,candidate_1,candidate_5,candidate_3,candidate_4,5,0.024
14,candidate_2,candidate_1,candidate_5,candidate_3,candidate_4,5,0.024
15,candidate_2,candidate_1,0,candidate_3,candidate_4,5,0.024
16,candidate_2,0,candidate_5,candidate_3,candidate_4,5,0.024
17,candidate_2,candidate_1,candidate_5,candidate_3,candidate_4,5,0.024
18,candidate_2,candidate_1,candidate_5,candidate_3,candidate_4,5,0.024
19,candidate_2,candidate_1,candidate_5,candidate_3,candidate_4,5,0.024
20,candidate_2,candidate_1,candidate_5,candidate_3,candidate_4,5,0.024
21,candidate_2,candidate_1,candidate_5,candidate_3,candidate_4,5,0.024
22,candidate_2,candidate_1,candidate_5,candidate_3,candidate_4,5,0.024
23,candidate_2,candidate_1,candidate_5,candidate_3,candidate_4,5,0.024
24,candidate_2,candidate_1,candidate_5,candidate_3,candidate_4,5,0.024
25,candidate_2,candidate_1,candidate_5,candidate_3,candidate_4,5,0.024
26,candidate_2,candidate_1,candidate_5,candidate_3,candidate_4,5,0.024
27,candidate_2,candidate_1,candidate_5,candidate_3,candidate_4,5,0.024
28,candidate_2,candidate_1,candidate_5,candidate_3,candidate_4,5,0.024
29,candidate_2,candidate_1,candidate_5,candidate_3,candidate_4,5,0.024
30,candidate_2,candidate_1,candidate_5,candidate_3,candidate_4,5,0.024
31,candidate_2,candidate_1,candidate_5,candidate_3,candidate_4,5,0.024
32,candidate_2,candidate_1,candidate_5,candidate_3,candidate_4,5,0.024
33,candidate_2,candidate_1,candidate_5,candidate_3,0,5,0.024
34,candidate_2,candidate_1,candidate_5,candidate_3,candidate_4,5,0.024
35,candidate_2,candidate_1,candidate_5,candidate_3,candidate_4,5,0.024
36,candidate_2,candidate_1,candidate_5,candidate_3,candidate_4,5,0.024
37,candidate_2,candidate_1,candidate_5,candidate_3,candidate_4,5,0.024
38,candidate_2,candidate_1,candidate_5,candidate_3,candidate_4,5,0.024
39,candidate_2,candidate_1,candidate_5,candidate_3,candidate_4,5,0.024
40,candidate_2,candidate_1,candidate_5,candidate_3,candidate_4,5,0.024
41,candidate_2,candidate_1,candidate_5,candidate_3,candidate_4,5,0.024
42,candidate_2,candidate_1,candidate_5,candidate_3,candidate_4,5,0.024
43,candidate_2,candidate_1,candidate_5,candidate_3,candidate_4,5,0.024
44,candidate_2,candidate_1,candidate_5,candidate_3,candidate_4,5,0.024
0,candidate_2,candidate_1,0,candidate_4,candidate_3,5,0.024
1,candidate_2,candidate_1,candidate_5,candidate_4,candidate_3,5,0.024
2,candidate_2,candidate_1,candidate_5,candidate_4,candidate_3,5,0.024
3,candidate_2,candidate_1,candidate_5,candidate_4,candidate_3,5,0.024
4,candidate_2,candidate_1,candidate_5,candidate_4,candidate_3,5,0.024
5,candidate_2,candidate_1,candidate_5,candidate_4,candidate_3,5,0.024
6,candidate_2,candidate_1,candidate_5,candidate_4,candidate_3,5,0.024
7,candidate_2,candidate_1,candidate_5,candidate_4,candidate_3,5,0.024
8,candidate_2,candidate_1,candidate_5,candidate_4,candidate_3,5,0.024
9,candidate_2,candidate_1,candidate_5,candidate_4,candidate_3,5,0.024
10,candidate_2,candidate_1,candidate_5,candidate_4,candidate_3,5,0.024
11,candidate_2,candidate_1,0,candidate_4,candidate_3,5,0.024
12,candidate_2,candidate_1,candidate_5,candidate_4,candidate_3,5,0.024
13,candidate_2,candidate_1,candidate_5,candidate_4,candidate_3,5,0.024
14,candidate_2,candidate_1,candidate_5,candidate_4,candidate_3,5,0.024
15,candidate_2,candidate_1,candidate_5,candidate_4,candidate_3,5,0.024
16,candidate_2,candidate_1,candidate_5,candidate_4,candidate_3,5,0.024
17,candidate_2,candidate_1,candidate_5,candidate_4,candidate_3,5,0.024
18,candidate_2,candidate_1,candidate_5,candidate_4,candidate_3,5,0.024
19,0,candidate_1,candidate_5,candidate_4,candidate_3,5,0.024
20,candidate_2,candidate_1,candidate_5,candidate_4,candidate_3,5,0.024
21,candidate_2,candidate_1,candidate_5,candidate_4,candidate_3,5,0.024
22,candidate_2,candidate_1,candidate_5,candidate_4,candidate_3,5,0.024
23,candidate_2,candidate_1,candidate_5,candidate_4,candidate_3,5,0.024
24,candidate_2,candidate_1,candidate_5,candidate_4,candidate_3,5,0.024
25,candidate_2,candidate_1,candidate_5,candidate_4,candidate_3,5,0.024
26,candidate_2,candidate_1,candidate_5,candidate_4,candidate_3,5,0.024
27,candidate_2,candidate_1,candidate_5,candidate_4,candidate_3,5,0.024
28,candidate_2,candidate_1,candidate_5,candidate_4,candidate_3,5,0.024
29,candidate_2,candidate_1,candidate_5,candidate_4,candidate_3,5,0.024
30,candidate_2,candidate_1,candidate_5,candidate_4,candidate_3,5,0.024
31,candidate_2,candidate_1,candidate_5,candidate_4,candidate_3,5,0.024
32,candidate_2,candidate_1,candidate_5,candidate_4,candidate_3,5,0.024
33,candidate_2,candidate_1,candidate_5,candidate_4,candidate_3,5,0.024
34,candidate_2,candidate_1,candidate_5,candidate_4,candidate_3,5,0.024
35,candidate_2,candidate_1,candidate_5,candidate_4,candidate_3,5,0.024
36,candidate_2,candidate_1,candidate_5,candidate_4,candidate_3,5,0.024
37,candidate_2,candidate_1,0,candidate_4,candidate_3,5,0.024
38,candidate_2,candidate_1,candidate_5,candidate_4,candidate_3,5,0.024
39,candidate_2,candidate_1,candidate_5,candidate_4,candidate_3,5,0.024
40,candidate_2,candidate_1,candidate_5,candidate_4,candidate_3,5,0.024
41,candidate_2,candidate_1,candidate_5,candidate_4,candidate_3,5,0.024
42,candidate_2,candidate_1,candidate_5,candidate_4,candidate_3,5,0.024
43,candidate_2,candidate_1,candidate_5,candidate_4,candidate_3,5,0.024
44,candidate_2,candidate_1,candidate_5,candidate_4,candidate_3,5,0.024
45,candidate_2,candidate_1,candidate_5,candidate_4,candidate_3,5,0.024
46,candidate_2,candidate_1,candidate_5,candidate_4,candidate_3,5,0.024
47,candidate_2,candidate_1,candidate_5,candidate_4,candidate_3,5,0.024
48,candidate_2,candidate_1,candidate_5,candidate_4,candidate_3,5,0.024
49,candidate_2,candidate_1,candidate_5,candidate_4,candidate_3,5,0.024
50,candidate_2,candidate_1,candidate_5,candidate_4,candidate_3,5,0.024
51,candidate_2,candidate_1,candidate_5,candidate_4,candidate_3,5,0.024
52,candidate_2,candidate_1,candidate_5,0,candidate_3,5,0.024
53,candidate_2,candidate_1,candidate_5,candidate_4,candidate_3,5,0.024
54,candidate_2,candidate_1,candidate_5,candidate_4,candidate_3,5,0.024
55,candidate_2,candidate_1,candidate_5,candidate_4,candidate_3,5,0.024
56,candidate_2,candidate_1,candidate_5,candidate_4,candidate_3,5,0.024
57,candidate_2,candidate_1,candidate_5,candidate_4,candidate_3,5,0.024
58,0,candidate_1,candidate_5,candidate_4,candidate_3,5,0.024
59,candidate_2,candidate_1,candidate_5,candidate_4,candidate_3,5,0.024
60,0,candidate_1,candidate_5,candidate_4,candidate_3,5,0.024
61,candidate_2,candidate_1,candidate_5,candidate_4,candidate_3,5,0.024
62,candidate_2,candidate_1,candidate_5,candidate_4,candidate_3,5,0.024
63,0,candidate_1,candidate_5,candidate_4,candidate_3,5,0.024
64,candidate_2,candidate_1,candidate_5,candidate_4,candidate_3,5,0.024
65,candidate_2,candidate_1,candidate_5,candidate_4,candidate_3,5,0.024
66,candidate_2,candidate_1,candidate_5,candidate_4,candidate_3,5,0.024
67,candidate_2,candidate_1,candidate_5,candidate_4,candidate_3,5,0.024
68,candidate_2,candidate_1,candidate_5,candidate_4,candidate_3,5,0.024
69,candidate_2,candidate_1,candidate_5,candidate_4,candidate_3,5,0.024
70,candidate_2,candidate_1,candidate_5,candidate_4,candidate_3,5,0.024
71,candidate_2,candidate_1,candidate_5,candidate_4,candidate_3,5,0.024
72,candidate_2,candidate_1,candidate_5,candidate_4,candidate_3,5,0.024
73,candidate_2,candidate_1,candidate_5,candidate_4,candidate_3,5,0.024
74,candidate_2,candidate_1,candidate_5,candidate_4,candidate_3,5,0.024
75,candidate_2,candidate_1,candidate_5,candidate_4,candidate_3,5,0.024
76,candidate_2,candidate_1,candidate_5,candidate_4,candidate_3,5,0.024
77,candidate_2,candidate_1,candidate_5,candidate_4,0,5,0.024
78,candidate_2,candidate_1,candidate_5,candidate_4,candidate_3,5,0.024
79,candidate_2,candidate_1,candidate_5,candidate_4,candidate_3,5,0.024
80,candidate_2,candidate_1,candidate_5,candidate_4,candidate_3,5,0.024
81,candidate_2,candidate_1,candidate_5,candidate_4,candidate_3,5,0.024
82,candidate_2,candidate_1,candidate_5,candidate_4,candidate_3,5,0.024
83,candidate_2,candidate_1,candidate_5,candidate_4,candidate_3,5,0.024
84,candidate_2,candidate_1,candidate_5,candidate_4,candidate_3,5,0.024
85,candidate_2,candidate_1,candidate_5,candidate_4,candidate_3,5,0.024
86,0,candidate_1,candidate_5,candidate_4,candidate_3,5,0.024
87,candidate_2,candidate_1,candidate_5,candidate_4,candidate_3,5,0.024
88,0,candidate_1,candidate_5,candidate_4,candidate_3,5,0.024
89,candidate_2,candidate_1,candidate_5,candidate_4,candidate_3,5,0.024
90,candidate_2,candidate_1,candidate_5,candidate_4,candidate_3,5,0.024
91,candidate_2,candidate_1,candidate_5,candidate_4,candidate_3,5,0.024
92,candidate_2,candidate_1,candidate_5,candidate_4,candidate_3,5,0.024
93,candidate_2,candidate_1,candidate_5,candidate_4,candidate_3,5,0.024
94,candidate_2,candidate_1,candidate_5,candidate_4,candidate_3,5,0.024
95,candidate_2,candidate_1,candidate_5,candidate_4,candidate_3,5,0.024
96,candidate_2,candidate_1,candidate_5,candidate_4,candidate_3,5,0.024
97,candidate_2,candidate_1,candidate_5,candidate_4,candidate_3,5,0.024
98,candidate_2,candidate_1,candidate_5,candidate_4,candidate_3,5,0.024
99,candidate_2,candidate_1,candidate_5,candidate_4,candidate_3,5,0.024
100,candidate_2,candidate_1,candidate_5,candidate_4,candidate_3,5,0.024
101,candidate_2,candidate_1,candidate_5,candidate_4,candidate_3,5,0.024
102,candidate_2,candidate_1,candidate_5,candidate_4,candidate_3,5,0.024
103,candidate_2,candidate_1,candidate_5,candidate_4,candidate_3,5,0.024
104,candidate_2,candidate_1,candidate_5,candidate_4,candidate_3,5,0.024
105,candidate_2,candidate_1,candidate_5,candidate_4,candidate_3,5,0.024
106,candidate_2,candidate_1,candidate_5,candidate_4,candidate_3,5,0.024
107,candidate_2,candidate_1,candidate_5,candidate_4,candidate_3,5,0.024
108,candidate_2,candidate_1,candidate_5,candidate_4,candidate_3,5,0.024
109,candidate_2,candidate_1,candidate_5,0,candidate_3,5,0.024
110,candidate_2,candidate_1,candidate_5,candidate_4,candidate_3,5,0.024
111,candidate_2,candidate_1,0,candidate_4,candidate_3,5,0.024
112,candidate_2,candidate_1,candidate_5,candidate_4,candidate_3,5,0.024
113,candidate_2,candidate_1,candidate_5,candidate_4,candidate_3,5,0.024
114,candidate_2,candidate_1,candidate_5,candidate_4,candidate_3,5,0.024
115,candidate_2,candidate_1,candidate_5,candidate_4,candidate_3,5,0.024
116,candidate_2,candidate_1,candidate_5,candidate_4,candidate_3,5,0.024
117,candidate_2,candidate_1,candidate_5,candidate_4,candidate_3,5,0.024
118,candidate_2,candidate_1,candidate_5,candidate_4,candidate_3,5,0.024
119,candidate_2,candidate_1,candidate_5,candidate_4,candidate_3,5,0.024
120,candidate_2,candidate_1,candidate_5,candidate_4,candidate_3,5,0.024
121,candidate_2,candidate_1,candidate_5,candidate_4,candidate_3,5,0.024
122,candidate_2,candidate_1,candidate_5,candidate_4,candidate_3,5,0.024
123,candidate_2,candidate_1,candidate_5,candidate_4,candidate_3,5,0.024
124,candidate_2,candidate_1,candidate_5,candidate_4,candidate_3,5,0.024
125,candidate_2,candidate_1,candidate_5,candidate_4,candidate_3,5,0.024
126,candidate_2,candidate_1,candidate_5,candidate_4,candidate_3,5,0.024
127,candidate_2,candidate_1,candidate_5,candidate_4,candidate_3,5,0.024
0,candidate_2,candidate_3,candidate_1,candidate_4,candidate_5,5,0.024
1,candidate_2,candidate_3,candidate_1,candidate_4,candidate_5,5,0.024
2,candidate_2,candidate_3,candidate_1,candidate_4,candidate_5,5,0.024
3,candidate_2,candidate_3,candidate_1,candidate_4,candidate_5,5,0.024
4,candidate_2,candidate_3,candidate_1,candidate_4,candidate_5,5,0.024
5,candidate_2,candidate_3,candidate_1,candidate_4,candidate_5,5,0.024
6,candidate_2,candidate_3,candidate_1,candidate_4,candidate_5,5,0.024
7,candidate_2,candidate_3,candidate_1,candidate_4,candidate_5,5,0.024
8,candidate_2,candidate_3,candidate_1,candidate_4,candidate_5,5,0.024
9,candidate_2,candidate_3,candidate_1,candidate_4,candidate_5,5,0.024
10,candidate_2,candidate_3,0,candidate_4,candidate_5,5,0.024
11,candidate_2,candidate_3,candidate_1,candidate_4,candidate_5,5,0.024
12,candidate_2,candidate_3,0,candidate_4,candidate_5,5,0.024
13,candidate_2,candidate_3,candidate_1,candidate_4,candidate_5,5,0.024
14,candidate_2,candidate_3,candidate_1,candidate_4,candidate_5,5,0.024
15,candidate_2,candidate_3,0,candidate_4,candidate_5,5,0.024
16,candidate_2,candidate_3,candidate_1,candidate_4,candidate_5,5,0.024
17,candidate_2,candidate_3,candidate_1,candidate_4,candidate_5,5,0.024
18,candidate_2,candidate_3,candidate_1,candidate_4,candidate_5,5,0.024
19,candidate_2,candidate_3,candidate_1,candidate_4,candidate_5,5,0.024
20,candidate_2,candidate_3,candidate_1,candidate_4,candidate_5,5,0.024
21,candidate_2,0,candidate_1,candidate_4,candidate_5,5,0.024
22,candidate_2,candidate_3,candidate_1,candidate_4,candidate_5,5,0.024
23,candidate_2,candidate_3,candidate_1,candidate_4,candidate_5,5,0.024
24,candidate_2,0,candidate_1,candidate_4,candidate_5,5,0.024
25,candidate_2,candidate_3,candidate_1,candidate_4,candidate_5,5,0.024
26,candidate_2,candidate_3,candidate_1,0,candidate_5,5,0.024
27,candidate_2,candidate_3,candidate_1,candidate_4,candidate_5,5,0.024
28,candidate_2,candidate_3,candidate_1,candidate_4,candidate_5,5,0.024
29,0,candidate_3,candidate_1,candidate_4,candidate_5,5,0.024
30,candidate_2,candidate_3,candidate_1,candidate_4,candidate_5,5,0.024
31,candidate_2,candidate_3,candidate_1,candidate_4,candidate_5,5,0.024
32,candidate_2,candidate_3,candidate_1,candidate_4,candidate_5,5,0.024
33,candidate_2,candidate_3,candidate_1,candidate_4,candidate_5,5,0.024
34,candidate_2,candidate_3,candidate_1,candidate_4,candidate_5,5,0.024
35,candidate_2,candidate_3,candidate_1,candidate_4,candidate_5,5,0.024
36,candidate_2,candidate_3,candidate_1,candidate_4,candidate_5,5,0.024
37,candidate_2,candidate_3,candidate_1,candidate_4,candidate_5,5,0.024
38,candidate_2,candidate_3,candidate_1,candidate_4,candidate_5,5,0.024
39,candidate_2,candidate_3,candidate_1,candidate_4,candidate_5,5,0.024
40,candidate_2,candidate_3,0,candidate_4,candidate_5,5,0.024
41,candidate_2,candidate_3,candidate_1,candidate_4,candidate_5,5,0.024
42,0,candidate_3,candidate_1,candidate_4,candidate_5,5,0.024
43,candidate_2,candidate_3,candidate_1,candidate_4,0,5,0.024
44,candidate_2,candidate_3,candidate_1,candidate_4,candidate_5,5,0.024
45,candidate_2,candidate_3,candidate_1,candidate_4,candidate_5,5,0.024
46,candidate_2,candidate_3,candidate_1,candidate_4,0,5,0.024
47,candidate_2,candidate_3,candidate_1,candidate_4,candidate_5,5,0.024
48,candidate_2,candidate_3,candidate_1,candidate_4,candidate_5,5,0.024
49,candidate_2,candidate_3,candidate_1,candidate_4,candidate_5,5,0.024
50,candidate_2,candidate_3,candidate_1,candidate_4,candidate_5,5,0.024
51,0,candidate_3,candidate_1,candidate_4,candidate_5,5,0.024
52,candidate_2,candidate_3,candidate_1,candidate_4,candidate_5,5,0.024
53,candidate_2,candidate_3,candidate_1,candidate_4,candidate_5,5,0.024
54,candidate_2,candidate_3,candidate_1,candidate_4,candidate_5,5,0.024
55,candidate_2,candidate_3,candidate_1,candidate_4,candidate_5,5,0.024
56,candidate_2,candidate_3,candidate_1,candidate_4,candidate_5,5,0.024
57,candidate_2,candidate_3,candidate_1,candidate_4,candidate_5,5,0.024
58,candidate_2,candidate_3,candidate_1,candidate_4,candidate_5,5,0.024
59,candidate_2,candidate_3,candidate_1,candidate_4,candidate_5,5,0.024
60,candidate_2,candidate_3,candidate_1,candidate_4,candidate_5,5,0.024
61,candidate_2,candidate_3,candidate_1,candidate_4,candidate_5,5,0.024
62,candidate_2,candidate_3,candidate_1,candidate_4,candidate_5,5,0.024
63,candidate_2,candidate_3,candidate_1,candidate_4,candidate_5,5,0.024
64,candidate_2,candidate_3,candidate_1,candidate_4,candidate_5,5,0.024
65,candidate_2,candidate_3,candidate_1,candidate_4,candidate_5,5,0.024
66,candidate_2,candidate_3,candidate_1,candidate_4,candidate_5,5,0.024
67,candidate_2,candidate_3,candidate_1,candidate_4,candidate_5,5,0.024
68,candidate_2,candidate_3,candidate_1,candidate_4,candidate_5,5,0.024
69,candidate_2,candidate_3,candidate_1,candidate_4,candidate_5,5,0.024
70,candidate_2,candidate_3,candidate_1,candidate_4,candidate_5,5,0.024
71,candidate_2,candidate_3,candidate_1,candidate_4,candidate_5,5,0.024
72,0,candidate_3,candidate_1,candidate_4,candidate_5,5,0.024
73,candidate_2,candidate_3,candidate_1,candidate_4,candidate_5,5,0.024
74,candidate_2,candidate_3,candidate_1,candidate_4,candidate_5,5,0.024
0,candidate_2,candidate_3,candidate_1,candidate_5,candidate_4,5,0.024
1,candidate_2,candidate_3,candidate_1,candidate_5,candidate_4,5,0.024
2,candidate_2,candidate_3,candidate_1,candidate_5,candidate_4,5,0.024
3,candidate_2,candidate_3,candidate_1,candidate_5,candidate_4,5,0.024
4,candidate_2,candidate_3,candidate_1,candidate_5,0,5,0.024
5,candidate_2,candidate_3,candidate_1,candidate_5,candidate_4,5,0.024
6,candidate_2,candidate_3,0,candidate_5,candidate_4,5,0.024
7,candidate_2,candidate_3,candidate_1,candidate_5,candidate_4,5,0.024
8,candidate_2,candidate_3,candidate_1,candidate_5,candidate_4,5,0.024
9,0,candidate_3,candidate_1,candidate_5,candidate_4,5,0.024
10,candidate_2,candidate_3,0,candidate_5,candidate_4,5,0.024
11,candidate_2,candidate_3,candidate_1,candidate_5,candidate_4,5,0.024
12,candidate_2,candidate_3,candidate_1,candidate_5,candidate_4,5,0.024
13,candidate_2,candidate_3,0,candidate_5,candidate_4,5,0.024
14,candidate_2,candidate_3,candidate_1,candidate_5,candidate_4,5,0.024
15,candidate_2,candidate_3,candidate_1,candidate_5,candidate_4,5,0.024
16,candidate_2,candidate_3,candidate_1,candidate_5,candidate_4,5,0.024
17,candidate_2,candidate_3,candidate_1,candidate_5,candidate_4,5,0.024
18,candidate_2,candidate_3,candidate_1,candidate_5,candidate_4,5,0.024
19,candidate_2,candidate_3,candidate_1,candidate_5,candidate_4,5,0.024
20,candidate_2,candidate_3,candidate_1,candidate_5,candidate_4,5,0.024
21,candidate_2,candidate_3,candidate_1,candidate_5,candidate_4,5,0.024
22,candidate_2,candidate_3,candidate_1,candidate_5,candidate_4,5,0.024
23,0,candidate_3,candidate_1,candidate_5,candidate_4,5,0.024
24,candidate_2,candidate_3,candidate_1,candidate_5,candidate_4,5,0.024
25,candidate_2,candidate_3,candidate_1,candidate_5,candidate_4,5,0.024
26,candidate_2,candidate_3,candidate_1,candidate_5,candidate_4,5,0.024
27,candidate_2,candidate_3,candidate_1,candidate_5,candidate_4,5,0.024
28,candidate_2,candidate_3,candidate_1,candidate_5,candidate_4,5,0.024
29,candidate_2,candidate_3,candidate_1,candidate_5,candidate_4,5,0.024
30,candidate_2,candidate_3,candidate_1,candidate_5,candidate_4,5,0.024
31,candidate_2,candidate_3,candidate_1,candidate_5,candidate_4,5,0.024
32,candidate_2,candidate_3,candidate_1,candidate_5,candidate_4,5,0.024
33,candidate_2,0,candidate_1,candidate_5,candidate_4,5,0.024
34,candidate_2,candidate_3,candidate_1,candidate_5,candidate_4,5,0.024
35,candidate_2,candidate_3,candidate_1,candidate_5,candidate_4,5,0.024
36,candidate_2,candidate_3,candidate_1,candidate_5,candidate_4,5,0.024
37,0,candidate_3,candidate_1,candidate_5,candidate_4,5,0.024
38,candidate_2,candidate_3,candidate_1,candidate_5,candidate_4,5,0.024
39,candidate_2,candidate_3,candidate_1,candidate_5,candidate_4,5,0.024
40,candidate_2,candidate_3,candidate_1,candidate_5,candidate_4,5,0.024
41,candidate_2,candidate_3,candidate_1,candidate_5,candidate_4,5,0.024
42,candidate_2,candidate_3,candidate_1,candidate_5,candidate_4,5,0.024
43,candidate_2,candidate_3,candidate_1,candidate_5,candidate_4,5,0.024
44,candidate_2,candidate_3,candidate_1,candidate_5,candidate_4,5,0.024
45,candidate_2,candidate_3,candidate_1,candidate_5,candidate_4,5,0.024
46,candidate_2,candidate_3,candidate_1,candidate_5,candidate_4,5,0.024
47,candidate_2,candidate_3,candidate_1,candidate_5,candidate_4,5,0.024
48,candidate_2,candidate_3,candidate_1,candidate_5,candidate_4,5,0.024
49,candidate_2,candidate_3,candidate_1,candidate_5,candidate_4,5,0.024
50,candidate_2,candidate_3,candidate_1,candidate_5,candidate_4,5,0.024
51,candidate_2,candidate_3,candidate_1,0,candidate_4,5,0.024
52,candidate_2,candidate_3,candidate_1,candidate_5,candidate_4,5,0.024
53,candidate_2,candidate_3,0,candidate_5,candidate_4,5,0.024
54,candidate_2,candidate_3,candidate_1,candidate_5,candidate_4,5,0.024
55,0,candidate_3,candidate_1,candidate_5,candidate_4,5,0.024
56,candidate_2,candidate_3,candidate_1,candidate_5,candidate_4,5,0.024
57,candidate_2,candidate_3,candidate_1,candidate_5,candidate_4,5,0.024
58,candidate_2,candidate_3,candidate_1,candidate_5,candidate_4,5,0.024
59,candidate_2,candidate_3,candidate_1,candidate_5,candidate_4,5,0.024
60,candidate_2,candidate_3,candidate_1,candidate_5,candidate_4,5,0.024
61,candidate_2,candidate_3,candidate_1,candidate_5,candidate_4,5,0.024
62,candidate_2,candidate_3,candidate_1,candidate_5,candidate_4,5,0.024
63,candidate_2,candidate_3,candidate_1,candidate_5,0,5,0.024
64,candidate_2,candidate_3,candidate_1,candidate_5,candidate_4,5,0.024
65,candidate_2,candidate_3,candidate_1,candidate_5,candidate_4,5,0.024
66,candidate_2,candidate_3,candidate_1,candidate_5,candidate_4,5,0.024
67,candidate_2,candidate_3,candidate_1,candidate_5,candidate_4,5,0.024
68,candidate_2,0,candidate_1,candidate_5,candidate_4,5,0.024
69,candidate_2,candidate_3,candidate_1,candidate_5,candidate_4,5,0.024
0,candidate_2,candidate_3,candidate_4,candidate_1,0,5,0.024
1,candidate_2,candidate_3,candidate_4,candidate_1,candidate_5,5,0.024
2,candidate_2,candidate_3,candidate_4,candidate_1,candidate_5,5,0.024
3,candidate_2,0,candidate_4,candidate_1,candidate_5,5,0.024
4,candidate_2,candidate_3,candidate_4,candidate_1,candidate_5,5,0.024
5,candidate_2,candidate_3,candidate_4,candidate_1,candidate_5,5,0.024
6,candidate_2,candidate_3,candidate_4,candidate_1,candidate_5,5,0.024
7,candidate_2,candidate_3,candidate_4,candidate_1,candidate_5,5,0.024
8,candidate_2,candidate_3,candidate_4,candidate_1,candidate_5,5,0.024
9,candidate_2,candidate_3,candidate_4,candidate_1,candidate_5,5,0.024
10,candidate_2,candidate_3,candidate_4,candidate_1,candidate_5,5,0.024
11,candidate_2,candidate_3,candidate_4,candidate_1,candidate_5,5,0.024
12,candidate_2,candidate_3,candidate_4,candidate_1,candidate_5,5,0.024
13,candidate_2,candidate_3,candidate_4,candidate_1,candidate_5,5,0.024
14,candidate_2,candidate_3,candidate_4,candidate_1,candidate_5,5,0.024
15,candidate_2,candidate_3,candidate_4,candidate_1,candidate_5,5,0.024
16,candidate_2,candidate_3,0,candidate_1,candidate_5,5,0.024
17,candidate_2,candidate_3,candidate_4,candidate_1,candidate_5,5,0.024
18,candidate_2,candidate_3,candidate_4,candidate_1,candidate_5,5,0.024
19,candidate_2,candidate_3,candidate_4,candidate_1,candidate_5,5,0.024
20,candidate_2,candidate_3,candidate_4,candidate_1,candidate_5,5,0.024
21,candidate_2,candidate_3,candidate_4,candidate_1,candidate_5,5,0.024
22,candidate_2,candidate_3,candidate_4,candidate_1,candidate_5,5,0.024
23,candidate_2,candidate_3,candidate_4,candidate_1,candidate_5,5,0.024
24,candidate_2,candidate_3,candidate_4,candidate_1,candidate_5,5,0.024
25,candidate_2,candidate_3,candidate_4,candidate_1,candidate_5,5,0.024
26,candidate_2,candidate_3,candidate_4,candidate_1,candidate_5,5,0.024
27,candidate_2,candidate_3,candidate_4,candidate_1,candidate_5,5,0.024
28,candidate_2,candidate_3,candidate_4,candidate_1,candidate_5,5,0.024
29,candidate_2,candidate_3,candidate_4,candidate_1,candidate_5,5,0.024
30,candidate_2,candidate_3,candidate_4,candidate_1,candidate_5,5,0.024
31,candidate_2,candidate_3,candidate_4,candidate_1,candidate_5,5,0.024
32,candidate_2,candidate_3,0,candidate_1,candidate_5,5,0.024
33,candidate_2,candidate_3,candidate_4,candidate_1,candidate_5,5,0.024
34,candidate_2,candidate_3,candidate_4,candidate_1,candidate_5,5,0.024
35,candidate_2,candidate_3,candidate_4,candidate_1,0,5,0.024
36,candidate_2,candidate_3,candidate_4,candidate_1,candidate_5,5,0.024
37,candidate_2,candidate_3,candidate_4,candidate_1,candidate_5,5,0.024
38,candidate_2,candidate_3,candidate_4,candidate_1,candidate_5,5,0.024
39,candidate_2,candidate_3,candidate_4,candidate_1,candidate_5,5,0.024
40,candidate_2,candidate_3,candidate_4,candidate_1,candidate_5,5,0.024
41,candidate_2,candidate_3,candidate_4,candidate_1,candidate_5,5,0.024
42,candidate_2,candidate_3,0,candidate_1,candidate_5,5,0.024
43,candidate_2,candidate_3,candidate_4,candidate_1,candidate_5,5,0.024
44,candidate_2,candidate_3,candidate_4,candidate_1,candidate_5,5,0.024
45,candidate_2,candidate_3,candidate_4,candidate_1,candidate_5,5,0.024
46,candidate_2,candidate_3,candidate_4,candidate_1,candidate_5,5,0.024
47,candidate_2,candidate_3,candidate_4,candidate_1,candidate_5,5,0.024
48,candidate_2,candidate_3,candidate_4,0,candidate_5,5,0.024
49,candidate_2,candidate_3,candidate_4,candidate_1,candidate_5,5,0.024
50,candidate_2,candidate_3,candidate_4,candidate_1,candidate_5,5,0.024
51,candidate_2,candidate_3,candidate_4,candidate_1,candidate_5,5,0.024
52,candidate_2,candidate_3,candidate_4,candidate_1,candidate_5,5,0.024
53,candidate_2,candidate_3,candidate_4,candidate_1,0,5,0.024
54,candidate_2,candidate_3,candidate_4,candidate_1,candidate_5,5,0.024
55,candidate_2,candidate_3,candidate_4,candidate_1,candidate_5,5,0.024
56,candidate_2,candidate_3,candidate_4,candidate_1,candidate_5,5,0.024
57,candidate_2,candidate_3,candidate_4,candidate_1,candidate_5,5,0.024
58,candidate_2,candidate_3,candidate_4,candidate_1,candidate_5,5,0.024
59,candidate_2,candidate_3,candidate_4,candidate_1,candidate_5,5,0.024
60,candidate_2,candidate_3,candidate_4,candidate_1,candidate_5,5,0.024
61,candidate_2,candidate_3,candidate_4,candidate_1,candidate_5,5,0.024
62,candidate_2,candidate_3,candidate_4,candidate_1,candidate_5,5,0.024
63,candidate_2,candidate_3,candidate_4,candidate_1,candidate_5,5,0.024
64,candidate_2,candidate_3,candidate_4,candidate_1,candidate_5,5,0.024
65,candidate_2,candidate_3,candidate_4,candidate_1,candidate_5,5,0.024
66,candidate_2,candidate_3,0,candidate_1,candidate_5,5,0.024
67,candidate_2,candidate_3,candidate_4,candidate_1,candidate_5,5,0.024
68,candidate_2,candidate_3,candidate_4,candidate_1,candidate_5,5,0.024
69,candidate_2,candidate_3,candidate_4,candidate_1,candidate_5,5,0.024
70,candidate_2,0,candidate_4,candidate_1,candidate_5,5,0.024
71,candidate_2,candidate_3,candidate_4,candidate_1,candidate_5,5,0.024
0,candidate_2,candidate_3,candidate_4,candidate_5,candidate_1,5,0.024
1,candidate_2,candidate_3,candidate_4,candidate_5,candidate_1,5,0.024
2,candidate_2,candidate_3,candidate_4,candidate_5,candidate_1,5,0.024
3,candidate_2,candidate_3,candidate_4,candidate_5,candidate_1,5,0.024
4,candidate_2,candidate_3,candidate_4,candidate_5,candidate_1,5,0.024
5,candidate_2,candidate_3,candidate_4,candidate_5,candidate_1,5,0.024
6,candidate_2,candidate_3,candidate_4,candidate_5,candidate_1,5,0.024
7,candidate_2,candidate_3,candidate_4,candidate_5,0,5,0.024
8,0,candidate_3,candidate_4,candidate_5,candidate_1,5,0.024
9,candidate_2,candidate_3,candidate_4,candidate_5,candidate_1,5,0.024
10,candidate_2,candidate_3,candidate_4,candidate_5,candidate_1,5,0.024
11,0,candidate_3,candidate_4,candidate_5,candidate_1,5,0.024
12,candidate_2,candidate_3,candidate_4,candidate_5,candidate_1,5,0.024
13,candidate_2,candidate_3,candidate_4,candidate_5,candidate_1,5,0.024
14,candidate_2,candidate_3,candidate_4,candidate_5,candidate_1,5,0.024
15,candidate_2,candidate_3,candidate_4,candidate_5,candidate_1,5,0.024
16,candidate_2,candidate_3,candidate_4,candidate_5,candidate_1,5,0.024
17,candidate_2,candidate_3,candidate_4,candidate_5,candidate_1,5,0.024
18,candidate_2,candidate_3,candidate_4,candidate_5,candidate_1,5,0.024
19,candidate_2,candidate_3,candidate_4,candidate_5,candidate_1,5,0.024
20,candidate_2,candidate_3,candidate_4,candidate_5,candidate_1,5,0.024
21,candidate_2,candidate_3,candidate_4,candidate_5,candidate_1,5,0.024
22,candidate_2,candidate_3,candidate_4,candidate_5,candidate_1,5,0.024
23,candidate_2,candidate_3,candidate_4,candidate_5,candidate_1,5,0.024
24,candidate_2,candidate_3,candidate_4,candidate_5,candidate_1,5,0.024
25,candidate_2,candidate_3,candidate_4,candidate_5,candidate_1,5,0.024
26,candidate_2,0,candidate_4,candidate_5,candidate_1,5,0.024
27,candidate_2,candidate_3,candidate_4,candidate_5,candidate_1,5,0.024
28,candidate_2,candidate_3,candidate_4,candidate_5,candidate_1,5,0.024
29,candidate_2,candidate_3,candidate_4,candidate_5,candidate_1,5,0.024
30,candidate_2,candidate_3,candidate_4,candidate_5,candidate_1,5,0.024
31,candidate_2,candidate_3,candidate_4,candidate_5,candidate_1,5,0.024
32,candidate_2,candidate_3,candidate_4,candidate_5,candidate_1,5,0.024
33,candidate_2,candidate_3,candidate_4,candidate_5,candidate_1,5,0.024
34,candidate_2,candidate_3,candidate_4,candidate_5,candidate_1,5,0.024
35,candidate_2,candidate_3,candidate_4,candidate_5,candidate_1,5,0.024
36,candidate_2,candidate_3,candidate_4,candidate_5,candidate_1,5,0.024
37,candidate_2,candidate_3,candidate_4,0,candidate_1,5,0.024
38,candidate_2,candidate_3,candidate_4,candidate_5,candidate_1,5,0.024
39,candidate_2,candidate_3,0,candidate_5,candidate_1,5,0.024
40,candidate_2,candidate_3,candidate_4,candidate_5,candidate_1,5,0.024
41,candidate_2,candidate_3,candidate_4,candidate_5,candidate_1,5,0.024
42,candidate_2,candidate_3,candidate_4,candidate_5,candidate_1,5,0.024
43,candidate_2,candidate_3,candidate_4,candidate_5,candidate_1,5,0.024
44,candidate_2,candidate_3,candidate_4,candidate_5,candidate_1,5,0.024
45,candidate_2,candidate_3,candidate_4,candidate_5,candidate_1,5,0.024
46,candidate_2,candidate_3,candidate_4,candidate_5,candidate_1,5,0.024
47,candidate_2,candidate_3,candidate_4,candidate_5,candidate_1,5,0.024
48,candidate_2,candidate_3,candidate_4,candidate_5,candidate_1,5,0.024
49,candidate_2,candidate_3,candidate_4,candidate_5,candidate_1,5,0.024
50,candidate_2,candidate_3,candidate_4,candidate_5,0,5,0.024
51,candidate_2,candidate_3,candidate_4,candidate_5,candidate_1,5,0.024
52,candidate_2,candidate_3,candidate_4,candidate_5,candidate_1,5,0.024
53,candidate_2,candidate_3,candidate_4,candidate_5,candidate_1,5,0.024
54,candidate_2,candidate_3,candidate_4,candidate_5,candidate_1,5,0.024
55,candidate_2,candidate_3,candidate_4,candidate_5,candidate_1,5,0.024
56,candidate_2,0,candidate_4,candidate_5,0,5,0.024
57,candidate_2,candidate_3,candidate_4,candidate_5,candidate_1,5,0.024
58,candidate_2,candidate_3,candidate_4,candidate_5,candidate_1,5,0.024
59,candidate_2,candidate_3,candidate_4,candidate_5,candidate_1,5,0.024
60,candidate_2,candidate_3,candidate_4,candidate_5,candidate_1,5,0.024
0,candidate_2,candidate_3,candidate_5,candidate_1,candidate_4,5,0.024
1,candidate_2,candidate_3,candidate_5,candidate_1,candidate_4,5,0.024
2,candidate_2,candidate_3,candidate_5,candidate_1,candidate_4,5,0.024
3,candidate_2,candidate_3,candidate_5,candidate_1,candidate_4,5,0.024
4,candidate_2,candidate_3,candidate_5,candidate_1,candidate_4,5,0.024
5,candidate_2,candidate_3,candidate_5,candidate_1,candidate_4,5,0.024
6,candidate_2,candidate_3,candidate_5,candidate_1,candidate_4,5,0.024
7,candidate_2,candidate_3,candidate_5,candidate_1,candidate_4,5,0.024
8,candidate_2,candidate_3,candidate_5,candidate_1,candidate_4,5,0.024
9,candidate_2,candidate_3,candidate_5,candidate_1,candidate_4,5,0.024
10,candidate_2,candidate_3,candidate_5,candidate_1,candidate_4,5,0.024
11,candidate_2,candidate_3,candidate_5,candidate_1,candidate_4,5,0.024
12,candidate_2,candidate_3,candidate_5,candidate_1,candidate_4,5,0.024
13,candidate_2,candidate_3,candidate_5,candidate_1,candidate_4,5,0.024
14,candidate_2,candidate_3,candidate_5,candidate_1,candidate_4,5,0.024
15,candidate_2,candidate_3,candidate_5,candidate_1,candidate_4,5,0.024
16,candidate_2,candidate_3,candidate_5,candidate_1,candidate_4,5,0.024
17,candidate_2,candidate_3,candidate_5,candidate_1,candidate_4,5,0.024
18,0,candidate_3,candidate_5,candidate_1,candidate_4,5,0.024
19,candidate_2,candidate_3,candidate_5,candidate_1,candidate_4,5,0.024
20,candidate_2,candidate_3,candidate_5,candidate_1,candidate_4,5,0.024
21,candidate_2,candidate_3,candidate_5,candidate_1,candidate_4,5,0.024
22,candidate_2,candidate_3,candidate_5,candidate_1,candidate_4,5,0.024
23,candidate_2,candidate_3,candidate_5,candidate_1,candidate_4,5,0.024
24,candidate_2,candidate_3,candidate_5,candidate_1,candidate_4,5,0.024
25,candidate_2,candidate_3,candidate_5,candidate_1,candidate_4,5,0.024
26,candidate_2,candidate_3,candidate_5,candidate_1,candidate_4,5,0.024
27,candidate_2,candidate_3,candidate_5,candidate_1,candidate_4,5,0.024
28,candidate_2,candidate_3,candidate_5,candidate_1,candidate_4,5,0.024
29,candidate_2,candidate_3,candidate_5,candidate_1,candidate_4,5,0.024
30,candidate_2,candidate_3,candidate_5,0,candidate_4,5,0.024
31,candidate_2,candidate_3,candidate_5,candidate_1,candidate_4,5,0.024
32,candidate_2,candidate_3,candidate_5,candidate_1,candidate_4,5,0.024
33,candidate_2,candidate_3,candidate_5,candidate_1,candidate_4,5,0.024
34,candidate_2,candidate_3,candidate_5,candidate_1,candidate_4,5,0.024
35,candidate_2,candidate_3,candidate_5,candidate_1,candidate_4,5,0.024
36,candidate_2,candidate_3,candidate_5,candidate_1,candidate_4,5,0.024
37,candidate_2,candidate_3,candidate_5,candidate_1,candidate_4,5,0.024
38,candidate_2,candidate_3,candidate_5,candidate_1,candidate_4,5,0.024
39,candidate_2,candidate_3,candidate_5,candidate_1,0,5,0.024
40,candidate_2,candidate_3,candidate_5,0,candidate_4,5,0.024
41,candidate_2,candidate_3,candidate_5,candidate_1,candidate_4,5,0.024
42,0,candidate_3,candidate_5,candidate_1,candidate_4,5,0.024
43,candidate_2,candidate_3,candidate_5,candidate_1,candidate_4,5,0.024
44,candidate_2,candidate_3,candidate_5,candidate_1,candidate_4,5,0.024
45,candidate_2,candidate_3,candidate_5,candidate_1,candidate_4,5,0.024
46,candidate_2,candidate_3,candidate_5,candidate_1,candidate_4,5,0.024
47,candidate_2,candidate_3,candidate_5,candidate_1,candidate_4,5,0.024
48,candidate_2,candidate_3,candidate_5,candidate_1,candidate_4,5,0.024
49,candidate_2,candidate_3,candidate_5,candidate_1,candidate_4,5,0.024
50,candidate_2,candidate_3,candidate_5,candidate_1,candidate_4,5,0.024
51,candidate_2,candidate_3,candidate_5,candidate_1,candidate_4,5,0.024
52,candidate_2,candidate_3,candidate_5,candidate_1,candidate_4,5,0.024
53,candidate_2,candidate_3,candidate_5,candidate_1,0,5,0.024
54,candidate_2,candidate_3,candidate_5,candidate_1,candidate_4,5,0.024
55,candidate_2,candidate_3,candidate_5,candidate_1,candidate_4,5,0.024
56,candidate_2,candidate_3,candidate_5,candidate_1,candidate_4,5,0.024
57,candidate_2,candidate_3,candidate_5,candidate_1,candidate_4,5,0.024
58,candidate_2,candidate_3,candidate_5,candidate_1,candidate_4,5,0.024
59,candidate_2,candidate_3,candidate_5,candidate_1,candidate_4,5,0.024
60,candidate_2,candidate_3,candidate_5,candidate_1,candidate_4,5,0.024
61,candidate_2,candidate_3,candidate_5,candidate_1,candidate_4,5,0.024
62,candidate_2,candidate_3,candidate_5,candidate_1,candidate_4,5,0.024
63,candidate_2,candidate_3,candidate_5,candidate_1,candidate_4,5,0.024
64,candidate_2,candidate_3,0,candidate_1,candidate_4,5,0.024
65,candidate_2,candidate_3,candidate_5,candidate_1,candidate_4,5,0.024
66,candidate_2,candidate_3,candidate_5,candidate_1,candidate_4,5,0.024
67,0,candidate_3,candidate_5,candidate_1,candidate_4,5,0.024
68,candidate_2,candidate_3,candidate_5,candidate_1,candidate_4,5,0.024
69,candidate_2,candidate_3,candidate_5,candidate_1,candidate_4,5,0.024
70,candidate_2,candidate_3,candidate_5,candidate_1,candidate_4,5,0.024
71,candidate_2,candidate_3,candidate_5,candidate_1,candidate_4,5,0.024
0,candidate_2,candidate_3,candidate_5,candidate_4,candidate_1,5,0.024
1,candidate_2,candidate_3,candidate_5,candidate_4,candidate_1,5,0.024
2,candidate_2,candidate_3,candidate_5,candidate_4,candidate_1,5,0.024
3,candidate_2,candidate_3,candidate_5,candidate_4,candidate_1,5,0.024
4,candidate_2,candidate_3,candidate_5,candidate_4,candidate_1,5,0.024
5,candidate_2,candidate_3,candidate_5,candidate_4,candidate_1,5,0.024
6,candidate_2,candidate_3,candidate_5,candidate_4,candidate_1,5,0.024
7,candidate_2,candidate_3,candidate_5,candidate_4,0,5,0.024
8,candidate_2,candidate_3,candidate_5,candidate_4,candidate_1,5,0.024
9,candidate_2,candidate_3,candidate_5,candidate_4,candidate_1,5,0.024
10,candidate_2,candidate_3,candidate_5,candidate_4,candidate_1,5,0.024
11,candidate_2,candidate_3,candidate_5,candidate_4,candidate_1,5,0.024
12,candidate_2,candidate_3,candidate_5,candidate_4,candidate_1,5,0.024
13,candidate_2,candidate_3,candidate_5,candidate_4,candidate_1,5,0.024
14,candidate_2,candidate_3,candidate_5,candidate_4,candidate_1,5,0.024
15,candidate_2,candidate_3,candidate_5,candidate_4,candidate_1,5,0.024
16,candidate_2,candidate_3,candidate_5,candidate_4,candidate_1,5,0.024
17,candidate_2,candidate_3,candidate_5,candidate_4,candidate_1,5,0.024
18,candidate_2,candidate_3,candidate_5,candidate_4,candidate_1,5,0.024
19,candidate_2,candidate_3,candidate_5,candidate_4,candidate_1,5,0.024
20,candidate_2,candidate_3,candidate_5,candidate_4,candidate_1,5,0.024
21,candidate_2,candidate_3,candidate_5,candidate_4,candidate_1,5,0.024
22,candidate_2,candidate_3,candidate_5,candidate_4,candidate_1,5,0.024
23,candidate_2,candidate_3,candidate_5,candidate_4,candidate_1,5,0.024
24,candidate_2,candidate_3,candidate_5,candidate_4,candidate_1,5,0.024
25,candidate_2,candidate_3,candidate_5,candidate_4,candidate_1,5,0.024
26,candidate_2,candidate_3,candidate_5,candidate_4,candidate_1,5,0.024
27,candidate_2,candidate_3,candidate_5,candidate_4,candidate_1,5,0.024
28,candidate_2,candidate_3,candidate_5,candidate_4,candidate_1,5,0.024
29,candidate_2,candidate_3,candidate_5,candidate_4,candidate_1,5,0.024
30,candidate_2,candidate_3,candidate_5,candidate_4,candidate_1,5,0.024
31,candidate_2,candidate_3,candidate_5,candidate_4,candidate_1,5,0.024
32,candidate_2,candidate_3,candidate_5,candidate_4,candidate_1,5,0.024
33,candidate_2,candidate_3,candidate_5,candidate_4,candidate_1,5,0.024
34,candidate_2,candidate_3,candidate_5,candidate_4,0,5,0.024
35,candidate_2,candidate_3,candidate_5,candidate_4,candidate_1,5,0.024
36,candidate_2,candidate_3,candidate_5,candidate_4,candidate_1,5,0.024
37,candidate_2,candidate_3,candidate_5,candidate_4,candidate_1,5,0.024
38,candidate_2,candidate_3,candidate_5,candidate_4,candidate_1,5,0.024
39,candidate_2,candidate_3,candidate_5,candidate_4,candidate_1,5,0.024
40,candidate_2,candidate_3,candidate_5,candidate_4,candidate_1,5,0.024
41,candidate_2,candidate_3,candidate_5,candidate_4,candidate_1,5,0.024
42,candidate_2,candidate_3,candidate_5,candidate_4,candidate_1,5,0.024
43,candidate_2,candidate_3,candidate_5,candidate_4,candidate_1,5,0.024
44,candidate_2,candidate_3,0,candidate_4,candidate_1,5,0.024
45,candidate_2,candidate_3,candidate_5,candidate_4,candidate_1,5,0.024
46,candidate_2,candidate_3,candidate_5,candidate_4,candidate_1,5,0.024
47,candidate_2,candidate_3,candidate_5,candidate_4,candidate_1,5,0.024
48,candidate_2,candidate_3,candidate_5,candidate_4,candidate_1,5,0.024
49,candidate_2,0,candidate_5,candidate_4,candidate_1,5,0.024
50,candidate_2,candidate_3,candidate_5,0,candidate_1,5,0.024
51,candidate_2,candidate_3,candidate_5,candidate_4,candidate_1,5,0.024
52,candidate_2,candidate_3,candidate_5,candidate_4,candidate_1,5,0.024
53,candidate_2,candidate_3,candidate_5,candidate_4,candidate_1,5,0.024
54,candidate_2,candidate_3,candidate_5,candidate_4,candidate_1,5,0.024
55,candidate_2,candidate_3,0,candidate_4,candidate_1,5,0.024
56,candidate_2,candidate_3,candidate_5,candidate_4,candidate_1,5,0.024
57,candidate_2,candidate_3,candidate_5,candidate_4,candidate_1,5,0.024
58,candidate_2,candidate_3,candidate_5,candidate_4,candidate_1,5,0.024
59,candidate_2,candidate_3,candidate_5,candidate_4,candidate_1,5,0.024
60,candidate_2,candidate_3,candidate_5,candidate_4,candidate_1,5,0.024
61,candidate_2,candidate_3,candidate_5,candidate_4,candidate_1,5,0.024
62,candidate_2,candidate_3,candidate_5,candidate_4,candidate_1,5,0.024
63,candidate_2,candidate_3,candidate_5,candidate_4,candidate_1,5,0.024
64,candidate_2,candidate_3,candidate_5,candidate_4,candidate_1,5,0.024
65,candidate_2,candidate_3,candidate_5,0,candidate_1,5,0.024
66,candidate_2,candidate_3,candidate_5,candidate_4,candidate_1,5,0.024
67,candidate_2,candidate_3,candidate_5,candidate_4,candidate_1,5,0.024
68,candidate_2,candidate_3,candidate_5,candidate_4,candidate_1,5,0.024
69,candidate_2,candidate_3,candidate_5,candidate_4,candidate_1,5,0.024
0,candidate_2,candidate_4,candidate_1,candidate_3,candidate_5,5,0.024
1,candidate_2,candidate_4,candidate_1,candidate_3,candidate_5,5,0.024
2,candidate_2,0,candidate_1,candidate_3,candidate_5,5,0.024
3,candidate_2,candidate_4,candidate_1,candidate_3,candidate_5,5,0.024
4,candidate_2,candidate_4,candidate_1,candidate_3,candidate_5,5,0.024
5,candidate_2,candidate_4,candidate_1,candidate_3,candidate_5,5,0.024
6,candidate_2,candidate_4,candidate_1,candidate_3,candidate_5,5,0.024
7,candidate_2,candidate_4,candidate_1,candidate_3,candidate_5,5,0.024
8,candidate_2,candidate_4,candidate_1,candidate_3,candidate_5,5,0.024
9,candidate_2,candidate_4,candidate_1,candidate_3,candidate_5,5,0.024
10,candidate_2,candidate_4,candidate_1,candidate_3,candidate_5,5,0.024
11,candidate_2,candidate_4,candidate_1,candidate_3,candidate_5,5,0.024
12,candidate_2,candidate_4,0,candidate_3,candidate_5,5,0.024
13,candidate_2,candidate_4,candidate_1,candidate_3,candidate_5,5,0.024
14,candidate_2,candidate_4,candidate_1,candidate_3,candidate_5,5,0.024
15,candidate_2,0,candidate_1,candidate_3,candidate_5,5,0.024
16,candidate_2,candidate_4,candidate_1,candidate_3,candidate_5,5,0.024
17,candidate_2,candidate_4,candidate_1,candidate_3,candidate_5,5,0.024
18,candidate_2,candidate_4,candidate_1,candidate_3,candidate_5,5,0.024
19,candidate_2,candidate_4,candidate_1,candidate_3,candidate_5,5,0.024
20,candidate_2,candidate_4,candidate_1,candidate_3,candidate_5,5,0.024
21,candidate_2,candidate_4,candidate_1,candidate_3,candidate_5,5,0.024
22,candidate_2,candidate_4,candidate_1,candidate_3,candidate_5,5,0.024
23,candidate_2,candidate_4,candidate_1,candidate_3,candidate_5,5,0.024
24,candidate_2,candidate_4,candidate_1,candidate_3,candidate_5,5,0.024
25,candidate_2,candidate_4,candidate_1,candidate_3,candidate_5,5,0.024
26,candidate_2,candidate_4,candidate_1,candidate_3,candidate_5,5,0.024
27,candidate_2,candidate_4,candidate_1,candidate_3,candidate_5,5,0.024
28,candidate_2,candidate_4,candidate_1,candidate_3,candidate_5,5,0.024
29,candidate_2,candidate_4,candidate_1,candidate_3,candidate_5,5,0.024
30,candidate_2,candidate_4,candidate_1,candidate_3,candidate_5,5,0.024
31,0,candidate_4,candidate_1,candidate_3,candidate_5,5,0.024
32,candidate_2,candidate_4,candidate_1,candidate_3,candidate_5,5,0.024
33,candidate_2,candidate_4,candidate_1,candidate_3,candidate_5,5,0.024
34,candidate_2,candidate_4,candidate_1,candidate_3,candidate_5,5,0.024
35,candidate_2,candidate_4,0,candidate_3,candidate_5,5,0.024
36,candidate_2,candidate_4,candidate_1,0,candidate_5,5,0.024
37,candidate_2,candidate_4,candidate_1,candidate_3,candidate_5,5,0.024
38,candidate_2,candidate_4,candidate_1,candidate_3,candidate_5,5,0.024
39,candidate_2,candidate_4,candidate_1,candidate_3,candidate_5,5,0.024
40,candidate_2,candidate_4,candidate_1,candidate_3,candidate_5,5,0.024
41,candidate_2,candidate_4,candidate_1,candidate_3,candidate_5,5,0.024
42,candidate_2,candidate_4,candidate_1,candidate_3,candidate_5,5,0.024
43,candidate_2,candidate_4,candidate_1,candidate_3,candidate_5,5,0.024
44,candidate_2,candidate_4,candidate_1,candidate_3,candidate_5,5,0.024
45,candidate_2,candidate_4,candidate_1,candidate_3,candidate_5,5,0.024
46,candidate_2,candidate_4,candidate_1,candidate_3,candidate_5,5,0.024
47,candidate_2,candidate_4,candidate_1,candidate_3,0,5,0.024
48,candidate_2,candidate_4,candidate_1,candidate_3,candidate_5,5,0.024
49,candidate_2,candidate_4,candidate_1,candidate_3,candidate_5,5,0.024
50,candidate_2,candidate_4,candidate_1,candidate_3,candidate_5,5,0.024
51,candidate_2,candidate_4,candidate_1,candidate_3,candidate_5,5,0.024
52,candidate_2,candidate_4,candidate_1,candidate_3,candidate_5,5,0.024
53,candidate_2,candidate_4,candidate_1,candidate_3,candidate_5,5,0.024
54,candidate_2,candidate_4,candidate_1,candidate_3,candidate_5,5,0.024
55,candidate_2,candidate_4,candidate_1,candidate_3,candidate_5,5,0.024
56,candidate_2,candidate_4,candidate_1,candidate_3,candidate_5,5,0.024
57,candidate_2,candidate_4,candidate_1,candidate_3,candidate_5,5,0.024
58,candidate_2,candidate_4,candidate_1,candidate_3,0,5,0.024
59,candidate_2,candidate_4,candidate_1,candidate_3,candidate_5,5,0.024
60,candidate_2,candidate_4,candidate_1,candidate_3,candidate_5,5,0.024
61,candidate_2,candidate_4,candidate_1,candidate_3,candidate_5,5,0.024
62,candidate_2,candidate_4,candidate_1,candidate_3,candidate_5,5,0.024
63,candidate_2,candidate_4,0,candidate_3,candidate_5,5,0.024
64,candidate_2,candidate_4,candidate_1,candidate_3,candidate_5,5,0.024
65,candidate_2,candidate_4,candidate_1,candidate_3,candidate_5,5,0.024
66,candidate_2,candidate_4,candidate_1,candidate_3,candidate_5,5,0.024
67,candidate_2,candidate_4,candidate_1,candidate_3,candidate_5,5,0.024
68,candidate_2,candidate_4,candidate_1,candidate_3,candidate_5,5,0.024
69,candidate_2,candidate_4,candidate_1,candidate_3,candidate_5,5,0.024
70,candidate_2,candidate_4,candidate_1,candidate_3,candidate_5,5,0.024
71,candidate_2,candidate_4,candidate_1,candidate_3,candidate_5,5,0.024
72,candidate_2,candidate_4,candidate_1,candidate_3,candidate_5,5,0.024
73,candidate_2,candidate_4,candidate_1,candidate_3,candidate_5,5,0.024
74,candidate_2,candidate_4,candidate_1,candidate_3,candidate_5,5,0.024
75,candidate_2,candidate_4,candidate_1,candidate_3,candidate_5,5,0.024
76,candidate_2,candidate_4,candidate_1,candidate_3,candidate_5,5,0.024
77,candidate_2,candidate_4,candidate_1,candidate_3,candidate_5,5,0.024
78,candidate_2,candidate_4,candidate_1,candidate_3,candidate_5,5,0.024
79,candidate_2,candidate_4,candidate_1,candidate_3,candidate_5,5,0.024
80,candidate_2,candidate_4,candidate_1,candidate_3,candidate_5,5,0.024
81,candidate_2,candidate_4,candidate_1,candidate_3,candidate_5,5,0.024
82,candidate_2,candidate_4,candidate_1,candidate_3,0,5,0.024
83,candidate_2,candidate_4,candidate_1,candidate_3,candidate_5,5,0.024
84,candidate_2,candidate_4,candidate_1,candidate_3,candidate_5,5,0.024
85,candidate_2,candidate_4,candidate_1,candidate_3,candidate_5,5,0.024
86,candidate_2,candidate_4,candidate_1,candidate_3,candidate_5,5,0.024
87,candidate_2,candidate_4,candidate_1,candidate_3,candidate_5,5,0.024
88,candidate_2,candidate_4,candidate_1,candidate_3,candidate_5,5,0.024
89,candidate_2,candidate_4,candidate_1,candidate_3,candidate_5,5,0.024
90,candidate_2,candidate_4,candidate_1,candidate_3,candidate_5,5,0.024
91,candidate_2,candidate_4,candidate_1,candidate_3,candidate_5,5,0.024
92,candidate_2,candidate_4,candidate_1,candidate_3,candidate_5,5,0.024
93,candidate_2,candidate_4,candidate_1,candidate_3,candidate_5,5,0.024
94,candidate_2,candidate_4,candidate_1,candidate_3,candidate_5,5,0.024
95,candidate_2,candidate_4,candidate_1,candidate_3,candidate_5,5,0.024
96,candidate_2,candidate_4,candidate_1,candidate_3,candidate_5,5,0.024
97,candidate_2,candidate_4,candidate_1,candidate_3,candidate_5,5,0.024
98,candidate_2,candidate_4,candidate_1,candidate_3,candidate_5,5,0.024
99,candidate_2,candidate_4,candidate_1,candidate_3,candidate_5,5,0.024
100,candidate_2,candidate_4,candidate_1,candidate_3,candidate_5,5,0.024
101,candidate_2,candidate_4,candidate_1,candidate_3,candidate_5,5,0.024
102,candidate_2,candidate_4,candidate_1,candidate_3,candidate_5,5,0.024
103,candidate_2,candidate_4,candidate_1,candidate_3,candidate_5,5,0.024
104,candidate_2,candidate_4,candidate_1,candidate_3,candidate_5,5,0.024
105,candidate_2,candidate_4,candidate_1,candidate_3,candidate_5,5,0.024
106,candidate_2,candidate_4,candidate_1,candidate_3,candidate_5,5,0.024
107,candidate_2,candidate_4,candidate_1,candidate_3,0,5,0.024
108,candidate_2,candidate_4,candidate_1,candidate_3,candidate_5,5,0.024
109,candidate_2,candidate_4,candidate_1,candidate_3,candidate_5,5,0.024
110,candidate_2,candidate_4,candidate_1,candidate_3,candidate_5,5,0.024
111,candidate_2,candidate_4,candidate_1,candidate_3,candidate_5,5,0.024
112,candidate_2,candidate_4,candidate_1,candidate_3,candidate_5,5,0.024
113,candidate_2,candidate_4,candidate_1,candidate_3,candidate_5,5,0.024
114,candidate_2,candidate_4,candidate_1,candidate_3,candidate_5,5,0.024
115,candidate_2,candidate_4,candidate_1,candidate_3,candidate_5,5,0.024
116,candidate_2,candidate_4,candidate_1,candidate_3,candidate_5,5,0.024
117,candidate_2,candidate_4,candidate_1,candidate_3,candidate_5,5,0.024
118,candidate_2,candidate_4,candidate_1,candidate_3,candidate_5,5,0.024
119,candidate_2,candidate_4,candidate_1,0,candidate_5,5,0.024
120,candidate_2,candidate_4,candidate_1,candidate_3,candidate_5,5,0.024
121,candidate_2,candidate_4,candidate_1,candidate_3,candidate_5,5,0.024
122,candidate_2,candidate_4,candidate_1,candidate_3,candidate_5,5,0.024
123,candidate_2,candidate_4,candidate_1,candidate_3,candidate_5,5,0.024
124,candidate_2,candidate_4,candidate_1,candidate_3,candidate_5,5,0.024
125,candidate_2,candidate_4,candidate_1,candidate_3,candidate_5,5,0.024
126,candidate_2,candidate_4,candidate_1,candidate_3,candidate_5,5,0.024
127,candidate_2,candidate_4,candidate_1,candidate_3,candidate_5,5,0.024
128,candidate_2,candidate_4,candidate_1,candidate_3,candidate_5,5,0.024
129,candidate_2,candidate_4,candidate_1,candidate_3,candidate_5,5,0.024
130,candidate_2,candidate_4,candidate_1,candidate_3,candidate_5,5,0.024
0,candidate_2,candidate_4,candidate_1,candidate_5,candidate_3,5,0.024
1,candidate_2,candidate_4,candidate_1,candidate_5,candidate_3,5,0.024
2,candidate_2,candidate_4,candidate_1,candidate_5,candidate_3,5,0.024
3,candidate_2,candidate_4,candidate_1,candidate_5,candidate_3,5,0.024
4,candidate_2,candidate_4,candidate_1,candidate_5,candidate_3,5,0.024
5,0,candidate_4,candidate_1,candidate_5,candidate_3,5,0.024
6,candidate_2,candidate_4,candidate_1,candidate_5,candidate_3,5,0.024
7,candidate_2,candidate_4,candidate_1,0,candidate_3,5,0.024
8,candidate_2,candidate_4,candidate_1,candidate_5,candidate_3,5,0.024
9,candidate_2,candidate_4,candidate_1,candidate_5,candidate_3,5,0.024
10,candidate_2,candidate_4,candidate_1,candidate_5,candidate_3,5,0.024
11,candidate_2,candidate_4,candidate_1,candidate_5,candidate_3,5,0.024
12,candidate_2,candidate_4,candidate_1,candidate_5,candidate_3,5,0.024
13,candidate_2,candidate_4,candidate_1,candidate_5,candidate_3,5,0.024
14,candidate_2,candidate_4,candidate_1,candidate_5,candidate_3,5,0.024
15,candidate_2,candidate_4,candidate_1,candidate_5,candidate_3,5,0.024
16,candidate_2,candidate_4,candidate_1,candidate_5,candidate_3,5,0.024
17,candidate_2,candidate_4,candidate_1,candidate_5,candidate_3,5,0.024
18,candidate_2,candidate_4,candidate_1,candidate_5,candidate_3,5,0.024
19,candidate_2,candidate_4,candidate_1,candidate_5,candidate_3,5,0.024
20,candidate_2,candidate_4,candidate_1,0,candidate_3,5,0.024
21,candidate_2,candidate_4,candidate_1,candidate_5,candidate_3,5,0.024
22,candidate_2,0,candidate_1,candidate_5,candidate_3,5,0.024
23,candidate_2,candidate_4,candidate_1,candidate_5,candidate_3,5,0.024
24,candidate_2,candidate_4,candidate_1,candidate_5,candidate_3,5,0.024
25,candidate_2,candidate_4,candidate_1,candidate_5,candidate_3,5,0.024
26,candidate_2,candidate_4,candidate_1,candidate_5,candidate_3,5,0.024
27,candidate_2,candidate_4,candidate_1,candidate_5,candidate_3,5,0.024
28,candidate_2,candidate_4,candidate_1,candidate_5,candidate_3,5,0.024
29,candidate_2,candidate_4,candidate_1,candidate_5,candidate_3,5,0.024
30,candidate_2,candidate_4,candidate_1,candidate_5,candidate_3,5,0.024
31,candidate_2,candidate_4,candidate_1,candidate_5,0,5,0.024
32,candidate_2,candidate_4,candidate_1,candidate_5,candidate_3,5,0.024
33,candidate_2,candidate_4,candidate_1,candidate_5,candidate_3,5,0.024
34,candidate_2,candidate_4,candidate_1,candidate_5,candidate_3,5,0.024
35,candidate_2,candidate_4,candidate_1,candidate_5,candidate_3,5,0.024
36,candidate_2,candidate_4,candidate_1,candidate_5,candidate_3,5,0.024
37,candidate_2,candidate_4,candidate_1,candidate_5,candidate_3,5,0.024
38,candidate_2,candidate_4,candidate_1,candidate_5,0,5,0.024
39,candidate_2,candidate_4,candidate_1,candidate_5,candidate_3,5,0.024
40,candidate_2,candidate_4,candidate_1,candidate_5,candidate_3,5,0.024
41,candidate_2,candidate_4,candidate_1,candidate_5,candidate_3,5,0.024
42,candidate_2,candidate_4,candidate_1,candidate_5,candidate_3,5,0.024
43,candidate_2,candidate_4,candidate_1,candidate_5,candidate_3,5,0.024
44,candidate_2,candidate_4,candidate_1,candidate_5,candidate_3,5,0.024
45,candidate_2,candidate_4,candidate_1,candidate_5,candidate_3,5,0.024
46,candidate_2,candidate_4,candidate_1,candidate_5,candidate_3,5,0.024
47,candidate_2,candidate_4,candidate_1,candidate_5,candidate_3,5,0.024
48,candidate_2,candidate_4,candidate_1,candidate_5,candidate_3,5,0.024
49,candidate_2,candidate_4,candidate_1,candidate_5,candidate_3,5,0.024
50,candidate_2,candidate_4,candidate_1,candidate_5,candidate_3,5,0.024
51,candidate_2,candidate_4,candidate_1,candidate_5,candidate_3,5,0.024
52,candidate_2,candidate_4,candidate_1,candidate_5,candidate_3,5,0.024
53,candidate_2,candidate_4,candidate_1,candidate_5,candidate_3,5,0.024
54,candidate_2,candidate_4,candidate_1,candidate_5,candidate_3,5,0.024
55,candidate_2,candidate_4,candidate_1,candidate_5,candidate_3,5,0.024
56,candidate_2,candidate_4,candidate_1,candidate_5,candidate_3,5,0.024
57,candidate_2,candidate_4,candidate_1,candidate_5,candidate_3,5,0.024
58,candidate_2,candidate_4,candidate_1,candidate_5,candidate_3,5,0.024
59,candidate_2,candidate_4,candidate_1,candidate_5,candidate_3,5,0.024
60,candidate_2,candidate_4,candidate_1,candidate_5,0,5,0.024
61,candidate_2,candidate_4,candidate_1,candidate_5,candidate_3,5,0.024
62,candidate_2,0,candidate_1,candidate_5,candidate_3,5,0.024
63,candidate_2,candidate_4,candidate_1,candidate_5,candidate_3,5,0.024
64,candidate_2,candidate_4,candidate_1,candidate_5,candidate_3,5,0.024
65,candidate_2,candidate_4,candidate_1,candidate_5,candidate_3,5,0.024
66,candidate_2,candidate_4,candidate_1,candidate_5,candidate_3,5,0.024
67,candidate_2,candidate_4,candidate_1,candidate_5,candidate_3,5,0.024
68,candidate_2,0,candidate_1,candidate_5,candidate_3,5,0.024
0,candidate_2,candidate_4,candidate_3,candidate_1,candidate_5,5,0.024
1,candidate_2,candidate_4,candidate_3,candidate_1,candidate_5,5,0.024
2,candidate_2,candidate_4,candidate_3,candidate_1,candidate_5,5,0.024
3,candidate_2,candidate_4,candidate_3,candidate_1,candidate_5,5,0.024
4,candidate_2,candidate_4,candidate_3,candidate_1,candidate_5,5,0.024
5,candidate_2,candidate_4,candidate_3,candidate_1,candidate_5,5,0.024
6,candidate_2,candidate_4,candidate_3,candidate_1,candidate_5,5,0.024
7,candidate_2,candidate_4,candidate_3,candidate_1,candidate_5,5,0.024
8,candidate_2,candidate_4,candidate_3,candidate_1,candidate_5,5,0.024
9,candidate_2,candidate_4,candidate_3,candidate_1,candidate_5,5,0.024
10,candidate_2,candidate_4,candidate_3,candidate_1,candidate_5,5,0.024
11,candidate_2,candidate_4,candidate_3,candidate_1,candidate_5,5,0.024
12,candidate_2,candidate_4,candidate_3,candidate_1,candidate_5,5,0.024
13,candidate_2,candidate_4,candidate_3,candidate_1,candidate_5,5,0.024
14,candidate_2,candidate_4,candidate_3,candidate_1,0,5,0.024
15,candidate_2,candidate_4,candidate_3,candidate_1,candidate_5,5,0.024
16,candidate_2,candidate_4,candidate_3,candidate_1,candidate_5,5,0.024
17,candidate_2,candidate_4,candidate_3,candidate_1,candidate_5,5,0.024
18,candidate_2,candidate_4,candidate_3,candidate_1,candidate_5,5,0.024
19,candidate_2,candidate_4,candidate_3,candidate_1,candidate_5,5,0.024
20,candidate_2,candidate_4,candidate_3,candidate_1,candidate_5,5,0.024
21,candidate_2,candidate_4,candidate_3,candidate_1,candidate_5,5,0.024
22,candidate_2,candidate_4,candidate_3,candidate_1,candidate_5,5,0.024
23,candidate_2,candidate_4,candidate_3,candidate_1,candidate_5,5,0.024
24,candidate_2,candidate_4,candidate_3,candidate_1,candidate_5,5,0.024
25,candidate_2,candidate_4,candidate_3,candidate_1,candidate_5,5,0.024
26,candidate_2,candidate_4,candidate_3,candidate_1,candidate_5,5,0.024
27,candidate_2,candidate_4,candidate_3,candidate_1,candidate_5,5,0.024
28,candidate_2,candidate_4,candidate_3,candidate_1,candidate_5,5,0.024
29,candidate_2,candidate_4,candidate_3,candidate_1,candidate_5,5,0.024
30,candidate_2,candidate_4,candidate_3,candidate_1,candidate_5,5,0.024
31,candidate_2,candidate_4,candidate_3,candidate_1,candidate_5,5,0.024
32,candidate_2,candidate_4,candidate_3,candidate_1,candidate_5,5,0.024
33,candidate_2,candidate_4,candidate_3,candidate_1,candidate_5,5,0.024
34,candidate_2,candidate_4,candidate_3,candidate_1,candidate_5,5,0.024
35,candidate_2,candidate_4,candidate_3,candidate_1,candidate_5,5,0.024
36,candidate_2,candidate_4,candidate_3,candidate_1,candidate_5,5,0.024
37,candidate_2,candidate_4,candidate_3,candidate_1,candidate_5,5,0.024
38,candidate_2,candidate_4,candidate_3,candidate_1,candidate_5,5,0.024
39,candidate_2,candidate_4,0,candidate_1,candidate_5,5,0.024
40,candidate_2,candidate_4,candidate_3,candidate_1,candidate_5,5,0.024
41,candidate_2,candidate_4,candidate_3,candidate_1,candidate_5,5,0.024
42,candidate_2,candidate_4,candidate_3,candidate_1,candidate_5,5,0.024
43,candidate_2,candidate_4,candidate_3,candidate_1,candidate_5,5,0.024
44,candidate_2,candidate_4,candidate_3,candidate_1,candidate_5,5,0.024
45,candidate_2,candidate_4,candidate_3,candidate_1,candidate_5,5,0.024
46,candidate_2,candidate_4,candidate_3,candidate_1,candidate_5,5,0.024
47,candidate_2,candidate_4,candidate_3,candidate_1,candidate_5,5,0.024
48,candidate_2,candidate_4,candidate_3,candidate_1,candidate_5,5,0.024
49,candidate_2,candidate_4,candidate_3,candidate_1,candidate_5,5,0.024
50,candidate_2,candidate_4,candidate_3,candidate_1,candidate_5,5,0.024
51,candidate_2,candidate_4,candidate_3,0,candidate_5,5,0.024
52,candidate_2,candidate_4,candidate_3,candidate_1,candidate_5,5,0.024
53,candidate_2,candidate_4,candidate_3,candidate_1,candidate_5,5,0.024
54,candidate_2,candidate_4,candidate_3,candidate_1,candidate_5,5,0.024
55,candidate_2,candidate_4,candidate_3,candidate_1,candidate_5,5,0.024
56,candidate_2,candidate_4,candidate_3,candidate_1,candidate_5,5,0.024
57,0,candidate_4,candidate_3,candidate_1,candidate_5,5,0.024
58,candidate_2,candidate_4,candidate_3,candidate_1,candidate_5,5,0.024
59,candidate_2,candidate_4,candidate_3,candidate_1,candidate_5,5,0.024
60,candidate_2,candidate_4,candidate_3,candidate_1,candidate_5,5,0.024
61,candidate_2,candidate_4,candidate_3,candidate_1,candidate_5,5,0.024
62,candidate_2,candidate_4,candidate_3,candidate_1,candidate_5,5,0.024
63,candidate_2,candidate_4,candidate_3,candidate_1,candidate_5,5,0.024
64,candidate_2,candidate_4,candidate_3,candidate_1,candidate_5,5,0.024
65,candidate_2,candidate_4,candidate_3,candidate_1,candidate_5,5,0.024
66,candidate_2,candidate_4,candidate_3,candidate_1,candidate_5,5,0.024
67,candidate_2,candidate_4,candidate_3,candidate_1,candidate_5,5,0.024
68,candidate_2,candidate_4,candidate_3,candidate_1,candidate_5,5,0.024
69,candidate_2,candidate_4,candidate_3,candidate_1,candidate_5,5,0.024
70,candidate_2,candidate_4,candidate_3,candidate_1,candidate_5,5,0.024
71,candidate_2,candidate_4,candidate_3,candidate_1,candidate_5,5,0.024
72,candidate_2,candidate_4,candidate_3,candidate_1,candidate_5,5,0.024
73,candidate_2,candidate_4,candidate_3,candidate_1,candidate_5,5,0.024
74,candidate_2,candidate_4,candidate_3,candidate_1,candidate_5,5,0.024
75,candidate_2,candidate_4,candidate_3,candidate_1,candidate_5,5,0.024
76,candidate_2,candidate_4,candidate_3,candidate_1,candidate_5,5,0.024
77,candidate_2,candidate_4,candidate_3,candidate_1,candidate_5,5,0.024
78,candidate_2,candidate_4,candidate_3,candidate_1,candidate_5,5,0.024
79,candidate_2,candidate_4,candidate_3,candidate_1,candidate_5,5,0.024
80,candidate_2,candidate_4,candidate_3,candidate_1,candidate_5,5,0.024
81,candidate_2,candidate_4,candidate_3,candidate_1,candidate_5,5,0.024
82,candidate_2,candidate_4,candidate_3,candidate_1,candidate_5,5,0.024
83,candidate_2,candidate_4,candidate_3,candidate_1,candidate_5,5,0.024
84,candidate_2,candidate_4,candidate_3,candidate_1,candidate_5,5,0.024
85,candidate_2,candidate_4,candidate_3,candidate_1,candidate_5,5,0.024
86,candidate_2,candidate_4,candidate_3,candidate_1,candidate_5,5,0.024
87,candidate_2,candidate_4,candidate_3,candidate_1,candidate_5,5,0.024
88,candidate_2,0,candidate_3,candidate_1,candidate_5,5,0.024
89,0,candidate_4,candidate_3,candidate_1,candidate_5,5,0.024
90,candidate_2,candidate_4,candidate_3,candidate_1,candidate_5,5,0.024
91,candidate_2,0,candidate_3,candidate_1,candidate_5,5,0.024
92,candidate_2,candidate_4,candidate_3,candidate_1,candidate_5,5,0.024
93,candidate_2,candidate_4,candidate_3,candidate_1,candidate_5,5,0.024
94,candidate_2,candidate_4,candidate_3,candidate_1,candidate_5,5,0.024
95,candidate_2,candidate_4,candidate_3,candidate_1,candidate_5,5,0.024
96,candidate_2,candidate_4,candidate_3,candidate_1,candidate_5,5,0.024
97,candidate_2,candidate_4,candidate_3,candidate_1,candidate_5,5,0.024
98,candidate_2,candidate_4,candidate_3,candidate_1,candidate_5,5,0.024
99,candidate_2,candidate_4,candidate_3,candidate_1,candidate_5,5,0.024
100,candidate_2,candidate_4,candidate_3,candidate_1,candidate_5,5,0.024
101,candidate_2,candidate_4,candidate_3,candidate_1,candidate_5,5,0.024
102,candidate_2,candidate_4,candidate_3,candidate_1,candidate_5,5,0.024
103,candidate_2,candidate_4,candidate_3,candidate_1,candidate_5,5,0.024
0,candidate_2,candidate_4,candidate_3,candidate_5,candidate_1,5,0.024
1,candidate_2,candidate_4,candidate_3,candidate_5,candidate_1,5,0.024
2,candidate_2,candidate_4,candidate_3,candidate_5,candidate_1,5,0.024
3,candidate_2,candidate_4,candidate_3,candidate_5,candidate_1,5,0.024
4,candidate_2,candidate_4,candidate_3,candidate_5,candidate_1,5,0.024
5,candidate_2,candidate_4,0,candidate_5,candidate_1,5,0.024
6,candidate_2,candidate_4,candidate_3,candidate_5,candidate_1,5,0.024
7,0,candidate_4,candidate_3,candidate_5,candidate_1,5,0.024
8,candidate_2,candidate_4,0,candidate_5,candidate_1,5,0.024
9,candidate_2,candidate_4,candidate_3,candidate_5,candidate_1,5,0.024
10,candidate_2,candidate_4,candidate_3,candidate_5,candidate_1,5,0.024
11,candidate_2,candidate_4,candidate_3,candidate_5,candidate_1,5,0.024
12,candidate_2,candidate_4,candidate_3,candidate_5,candidate_1,5,0.024
13,candidate_2,candidate_4,candidate_3,candidate_5,candidate_1,5,0.024
14,candidate_2,candidate_4,candidate_3,candidate_5,candidate_1,5,0.024
15,candidate_2,candidate_4,candidate_3,candidate_5,candidate_1,5,0.024
16,candidate_2,candidate_4,candidate_3,candidate_5,candidate_1,5,0.024
17,candidate_2,candidate_4,candidate_3,candidate_5,candidate_1,5,0.024
18,candidate_2,candidate_4,candidate_3,candidate_5,candidate_1,5,0.024
19,candidate_2,candidate_4,candidate_3,candidate_5,candidate_1,5,0.024
20,candidate_2,candidate_4,candidate_3,candidate_5,candidate_1,5,0.024
21,candidate_2,candidate_4,candidate_3,candidate_5,candidate_1,5,0.024
22,candidate_2,candidate_4,candidate_3,candidate_5,candidate_1,5,0.024
23,candidate_2,candidate_4,candidate_3,candidate_5,candidate_1,5,0.024
24,candidate_2,candidate_4,candidate_3,candidate_5,candidate_1,5,0.024
25,candidate_2,candidate_4,candidate_3,candidate_5,candidate_1,5,0.024
26,candidate_2,candidate_4,candidate_3,0,candidate_1,5,0.024
27,candidate_2,candidate_4,candidate_3,candidate_5,candidate_1,5,0.024
28,candidate_2,candidate_4,candidate_3,candidate_5,candidate_1,5,0.024
29,candidate_2,candidate_4,candidate_3,candidate_5,candidate_1,5,0.024
30,candidate_2,candidate_4,candidate_3,candidate_5,candidate_1,5,0.024
31,candidate_2,candidate_4,candidate_3,candidate_5,candidate_1,5,0.024
32,candidate_2,0,candidate_3,candidate_5,candidate_1,5,0.024
33,candidate_2,candidate_4,candidate_3,candidate_5,candidate_1,5,0.024
34,candidate_2,candidate_4,candidate_3,candidate_5,candidate_1,5,0.024
35,candidate_2,candidate_4,candidate_3,candidate_5,candidate_1,5,0.024
36,candidate_2,candidate_4,candidate_3,candidate_5,candidate_1,5,0.024
37,candidate_2,candidate_4,candidate_3,candidate_5,0,5,0.024
38,candidate_2,candidate_4,candidate_3,candidate_5,candidate_1,5,0.024
39,candidate_2,candidate_4,candidate_3,candidate_5,candidate_1,5,0.024
40,candidate_2,candidate_4,candidate_3,candidate_5,candidate_1,5,0.024
41,candidate_2,candidate_4,candidate_3,candidate_5,candidate_1,5,0.024
42,candidate_2,candidate_4,candidate_3,candidate_5,candidate_1,5,0.024
43,candidate_2,candidate_4,candidate_3,candidate_5,candidate_1,5,0.024
44,candidate_2,candidate_4,candidate_3,candidate_5,candidate_1,5,0.024
45,candidate_2,candidate_4,candidate_3,candidate_5,candidate_1,5,0.024
46,candidate_2,candidate_4,candidate_3,candidate_5,candidate_1,5,0.024
47,candidate_2,candidate_4,candidate_3,candidate_5,candidate_1,5,0.024
48,candidate_2,candidate_4,candidate_3,candidate_5,candidate_1,5,0.024
49,candidate_2,candidate_4,candidate_3,candidate_5,candidate_1,5,0.024
50,0,candidate_4,candidate_3,candidate_5,candidate_1,5,0.024
51,candidate_2,candidate_4,candidate_3,candidate_5,candidate_1,5,0.024
52,candidate_2,candidate_4,candidate_3,candidate_5,candidate_1,5,0.024
53,candidate_2,candidate_4,candidate_3,candidate_5,candidate_1,5,0.024
54,candidate_2,candidate_4,0,candidate_5,candidate_1,5,0.024
55,candidate_2,candidate_4,candidate_3,candidate_5,candidate_1,5,0.024
56,candidate_2,candidate_4,candidate_3,candidate_5,candidate_1,5,0.024
57,candidate_2,candidate_4,candidate_3,candidate_5,candidate_1,5,0.024
58,candidate_2,candidate_4,candidate_3,candidate_5,candidate_1,5,0.024
59,candidate_2,candidate_4,candidate_3,candidate_5,candidate_1,5,0.024
60,candidate_2,candidate_4,candidate_3,candidate_5,candidate_1,5,0.024
61,0,candidate_4,candidate_3,candidate_5,0,5,0.024
62,candidate_2,candidate_4,candidate_3,candidate_5,candidate_1,5,0.024
63,candidate_2,candidate_4,candidate_3,candidate_5,candidate_1,5,0.024
64,candidate_2,candidate_4,candidate_3,candidate_5,candidate_1,5,0.024
65,candidate_2,candidate_4,candidate_3,candidate_5,candidate_1,5,0.024
66,candidate_2,candidate_4,candidate_3,candidate_5,candidate_1,5,0.024
67,candidate_2,candidate_4,candidate_3,candidate_5,candidate_1,5,0.024
68,candidate_2,candidate_4,candidate_3,candidate_5,candidate_1,5,0.024
69,candidate_2,candidate_4,candidate_3,candidate_5,candidate_1,5,0.024
70,candidate_2,candidate_4,candidate_3,candidate_5,candidate_1,5,0.024
71,candidate_2,candidate_4,candidate_3,candidate_5,candidate_1,5,0.024
72,candidate_2,candidate_4,candidate_3,candidate_5,candidate_1,5,0.024
73,candidate_2,0,candidate_3,candidate_5,candidate_1,5,0.024
74,candidate_2,candidate_4,candidate_3,candidate_5,candidate_1,5,0.024
75,candidate_2,candidate_4,candidate_3,candidate_5,candidate_1,5,0.024
76,candidate_2,candidate_4,candidate_3,candidate_5,candidate_1,5,0.024
77,candidate_2,candidate_4,candidate_3,candidate_5,candidate_1,5,0.024
78,candidate_2,candidate_4,candidate_3,candidate_5,candidate_1,5,0.024
79,candidate_2,candidate_4,candidate_3,candidate_5,0,5,0.024
80,candidate_2,candidate_4,candidate_3,candidate_5,candidate_1,5,0.024
81,candidate_2,candidate_4,candidate_3,candidate_5,candidate_1,5,0.024
82,candidate_2,candidate_4,candidate_3,candidate_5,candidate_1,5,0.024
83,candidate_2,candidate_4,candidate_3,candidate_5,candidate_1,5,0.024
84,candidate_2,candidate_4,candidate_3,candidate_5,candidate_1,5,0.024
85,candidate_2,candidate_4,candidate_3,candidate_5,candidate_1,5,0.024
86,candidate_2,candidate_4,candidate_3,candidate_5,candidate_1,5,0.024
87,candidate_2,0,candidate_3,candidate_5,candidate_1,5,0.024
88,candidate_2,candidate_4,candidate_3,candidate_5,candidate_1,5,0.024
89,candidate_2,candidate_4,candidate_3,candidate_5,candidate_1,5,0.024
90,candidate_2,candidate_4,candidate_3,candidate_5,candidate_1,5,0.024
91,candidate_2,candidate_4,candidate_3,candidate_5,candidate_1,5,0.024
92,candidate_2,candidate_4,candidate_3,candidate_5,candidate_1,5,0.024
93,candidate_2,candidate_4,candidate_3,candidate_5,candidate_1,5,0.024
94,candidate_2,candidate_4,candidate_3,candidate_5,candidate_1,5,0.024
95,candidate_2,candidate_4,candidate_3,candidate_5,candidate_1,5,0.024
96,candidate_2,candidate_4,candidate_3,candidate_5,candidate_1,5,0.024
97,candidate_2,candidate_4,candidate_3,candidate_5,candidate_1,5,0.024
98,candidate_2,candidate_4,candidate_3,candidate_5,candidate_1,5,0.024
99,0,candidate_4,candidate_3,candidate_5,candidate_1,5,0.024
100,candidate_2,candidate_4,candidate_3,candidate_5,candidate_1,5,0.024
101,candidate_2,0,0,candidate_5,candidate_1,5,0.024
102,candidate_2,candidate_4,candidate_3,candidate_5,candidate_1,5,0.024
103,candidate_2,candidate_4,candidate_3,candidate_5,candidate_1,5,0.024
104,candidate_2,candidate_4,candidate_3,candidate_5,candidate_1,5,0.024
105,candidate_2,candidate_4,candidate_3,candidate_5,candidate_1,5,0.024
0,candidate_2,candidate_4,candidate_5,candidate_1,candidate_3,5,0.024
1,candidate_2,candidate_4,candidate_5,candidate_1,candidate_3,5,0.024
2,candidate_2,candidate_4,candidate_5,candidate_1,candidate_3,5,0.024
3,candidate_2,candidate_4,candidate_5,candidate_1,candidate_3,5,0.024
4,candidate_2,candidate_4,candidate_5,candidate_1,candidate_3,5,0.024
5,candidate_2,candidate_4,candidate_5,candidate_1,candidate_3,5,0.024
6,candidate_2,candidate_4,candidate_5,candidate_1,candidate_3,5,0.024
7,candidate_2,candidate_4,candidate_5,candidate_1,candidate_3,5,0.024
8,candidate_2,candidate_4,candidate_5,candidate_1,candidate_3,5,0.024
9,candidate_2,candidate_4,0,candidate_1,candidate_3,5,0.024
10,candidate_2,candidate_4,candidate_5,candidate_1,candidate_3,5,0.024
11,candidate_2,candidate_4,candidate_5,candidate_1,candidate_3,5,0.024
12,candidate_2,candidate_4,candidate_5,candidate_1,candidate_3,5,0.024
13,candidate_2,candidate_4,candidate_5,candidate_1,candidate_3,5,0.024
14,candidate_2,candidate_4,candidate_5,candidate_1,candidate_3,5,0.024
15,candidate_2,candidate_4,candidate_5,candidate_1,candidate_3,5,0.024
16,candidate_2,candidate_4,candidate_5,candidate_1,candidate_3,5,0.024
17,candidate_2,candidate_4,candidate_5,candidate_1,candidate_3,5,0.024
18,candidate_2,candidate_4,candidate_5,candidate_1,candidate_3,5,0.024
19,candidate_2,candidate_4,candidate_5,candidate_1,candidate_3,5,0.024
20,candidate_2,candidate_4,candidate_5,candidate_1,candidate_3,5,0.024
21,candidate_2,candidate_4,candidate_5,candidate_1,candidate_3,5,0.024
22,candidate_2,candidate_4,candidate_5,candidate_1,candidate_3,5,0.024
23,candidate_2,candidate_4,candidate_5,candidate_1,candidate_3,5,0.024
24,candidate_2,candidate_4,candidate_5,candidate_1,candidate_3,5,0.024
25,candidate_2,candidate_4,candidate_5,candidate_1,candidate_3,5,0.024
26,candidate_2,candidate_4,candidate_5,candidate_1,candidate_3,5,0.024
27,candidate_2,candidate_4,candidate_5,candidate_1,candidate_3,5,0.024
28,candidate_2,candidate_4,candidate_5,candidate_1,0,5,0.024
29,candidate_2,candidate_4,candidate_5,candidate_1,candidate_3,5,0.024
30,candidate_2,0,candidate_5,candidate_1,candidate_3,5,0.024
31,candidate_2,candidate_4,candidate_5,candidate_1,candidate_3,5,0.024
32,candidate_2,candidate_4,candidate_5,candidate_1,candidate_3,5,0.024
33,candidate_2,candidate_4,candidate_5,candidate_1,candidate_3,5,0.024
34,candidate_2,candidate_4,candidate_5,candidate_1,candidate_3,5,0.024
35,candidate_2,candidate_4,candidate_5,candidate_1,candidate_3,5,0.024
36,candidate_2,candidate_4,candidate_5,candidate_1,candidate_3,5,0.024
37,candidate_2,candidate_4,candidate_5,candidate_1,candidate_3,5,0.024
38,candidate_2,candidate_4,candidate_5,candidate_1,candidate_3,5,0.024
39,candidate_2,candidate_4,candidate_5,candidate_1,candidate_3,5,0.024
40,candidate_2,candidate_4,candidate_5,candidate_1,candidate_3,5,0.024
41,candidate_2,candidate_4,candidate_5,candidate_1,candidate_3,5,0.024
42,candidate_2,candidate_4,candidate_5,candidate_1,candidate_3,5,0.024
43,candidate_2,candidate_4,0,candidate_1,candidate_3,5,0.024
44,candidate_2,candidate_4,candidate_5,candidate_1,candidate_3,5,0.024
45,candidate_2,candidate_4,candidate_5,candidate_1,candidate_3,5,0.024
46,candidate_2,candidate_4,candidate_5,candidate_1,0,5,0.024
47,candidate_2,candidate_4,candidate_5,candidate_1,candidate_3,5,0.024
48,candidate_2,candidate_4,candidate_5,candidate_1,candidate_3,5,0.024
49,candidate_2,candidate_4,candidate_5,candidate_1,candidate_3,5,0.024
50,candidate_2,candidate_4,candidate_5,candidate_1,candidate_3,5,0.024
51,candidate_2,candidate_4,candidate_5,candidate_1,candidate_3,5,0.024
52,candidate_2,candidate_4,candidate_5,candidate_1,candidate_3,5,0.024
53,candidate_2,candidate_4,candidate_5,candidate_1,candidate_3,5,0.024
54,candidate_2,candidate_4,candidate_5,candidate_1,candidate_3,5,0.024
55,candidate_2,candidate_4,candidate_5,candidate_1,candidate_3,5,0.024
56,candidate_2,candidate_4,candidate_5,candidate_1,candidate_3,5,0.024
57,candidate_2,candidate_4,candidate_5,candidate_1,candidate_3,5,0.024
58,candidate_2,candidate_4,candidate_5,0,candidate_3,5,0.024
59,candidate_2,candidate_4,candidate_5,candidate_1,candidate_3,5,0.024
60,0,candidate_4,candidate_5,candidate_1,candidate_3,5,0.024
61,candidate_2,candidate_4,0,candidate_1,candidate_3,5,0.024
62,candidate_2,candidate_4,candidate_5,candidate_1,candidate_3,5,0.024
63,candidate_2,candidate_4,candidate_5,candidate_1,candidate_3,5,0.024
64,candidate_2,candidate_4,candidate_5,candidate_1,candidate_3,5,0.024
65,candidate_2,candidate_4,candidate_5,candidate_1,candidate_3,5,0.024
66,candidate_2,candidate_4,candidate_5,candidate_1,candidate_3,5,0.024
67,candidate_2,candidate_4,candidate_5,candidate_1,candidate_3,5,0.024
68,candidate_2,candidate_4,candidate_5,candidate_1,candidate_3,5,0.024
69,candidate_2,candidate_4,candidate_5,candidate_1,candidate_3,5,0.024
70,candidate_2,candidate_4,candidate_5,candidate_1,candidate_3,5,0.024
71,candidate_2,candidate_4,candidate_5,candidate_1,candidate_3,5,0.024
72,candidate_2,candidate_4,candidate_5,candidate_1,candidate_3,5,0.024
73,candidate_2,candidate_4,candidate_5,candidate_1,candidate_3,5,0.024
74,candidate_2,candidate_4,candidate_5,candidate_1,candidate_3,5,0.024
75,candidate_2,candidate_4,candidate_5,candidate_1,candidate_3,5,0.024
76,candidate_2,candidate_4,0,candidate_1,candidate_3,5,0.024
77,candidate_2,candidate_4,candidate_5,candidate_1,candidate_3,5,0.024
78,candidate_2,candidate_4,candidate_5,candidate_1,candidate_3,5,0.024
79,candidate_2,candidate_4,candidate_5,candidate_1,candidate_3,5,0.024
80,candidate_2,candidate_4,candidate_5,candidate_1,candidate_3,5,0.024
81,candidate_2,candidate_4,candidate_5,candidate_1,candidate_3,5,0.024
82,candidate_2,0,candidate_5,candidate_1,candidate_3,5,0.024
83,candidate_2,candidate_4,candidate_5,candidate_1,candidate_3,5,0.024
84,candidate_2,candidate_4,candidate_5,candidate_1,0,5,0.024
85,candidate_2,candidate_4,candidate_5,candidate_1,candidate_3,5,0.024
86,candidate_2,candidate_4,candidate_5,candidate_1,candidate_3,5,0.024
87,candidate_2,candidate_4,candidate_5,candidate_1,candidate_3,5,0.024
88,candidate_2,candidate_4,candidate_5,candidate_1,0,5,0.024
89,candidate_2,candidate_4,candidate_5,candidate_1,candidate_3,5,0.024
90,candidate_2,candidate_4,candidate_5,candidate_1,candidate_3,5,0.024
91,candidate_2,candidate_4,candidate_5,candidate_1,candidate_3,5,0.024
92,candidate_2,candidate_4,candidate_5,candidate_1,candidate_3,5,0.024
93,candidate_2,candidate_4,candidate_5,candidate_1,candidate_3,5,0.024
94,candidate_2,candidate_4,candidate_5,candidate_1,candidate_3,5,0.024
95,0,candidate_4,candidate_5,candidate_1,candidate_3,5,0.024
96,candidate_2,candidate_4,candidate_5,candidate_1,candidate_3,5,0.024
0,candidate_2,candidate_4,candidate_5,candidate_3,candidate_1,5,0.024
1,candidate_2,candidate_4,candidate_5,candidate_3,candidate_1,5,0.024
2,candidate_2,candidate_4,candidate_5,candidate_3,candidate_1,5,0.024
3,candidate_2,candidate_4,candidate_5,candidate_3,candidate_1,5,0.024
4,candidate_2,candidate_4,candidate_5,candidate_3,candidate_1,5,0.024
5,candidate_2,candidate_4,candidate_5,candidate_3,candidate_1,5,0.024
6,candidate_2,candidate_4,candidate_5,candidate_3,candidate_1,5,0.024
7,candidate_2,candidate_4,candidate_5,candidate_3,candidate_1,5,0.024
8,candidate_2,candidate_4,candidate_5,candidate_3,candidate_1,5,0.024
9,candidate_2,0,candidate_5,candidate_3,candidate_1,5,0.024
10,candidate_2,candidate_4,candidate_5,0,candidate_1,5,0.024
11,candidate_2,candidate_4,candidate_5,candidate_3,candidate_1,5,0.024
12,candidate_2,candidate_4,candidate_5,candidate_3,candidate_1,5,0.024
13,candidate_2,candidate_4,candidate_5,candidate_3,candidate_1,5,0.024
14,candidate_2,candidate_4,candidate_5,candidate_3,candidate_1,5,0.024
15,candidate_2,candidate_4,candidate_5,candidate_3,candidate_1,5,0.024
16,candidate_2,candidate_4,candidate_5,0,candidate_1,5,0.024
17,candidate_2,candidate_4,candidate_5,candidate_3,candidate_1,5,0.024
18,candidate_2,candidate_4,candidate_5,candidate_3,candidate_1,5,0.024
19,candidate_2,candidate_4,0,candidate_3,candidate_1,5,0.024
20,candidate_2,candidate_4,candidate_5,candidate_3,candidate_1,5,0.024
21,0,candidate_4,candidate_5,candidate_3,candidate_1,5,0.024
22,candidate_2,candidate_4,candidate_5,candidate_3,candidate_1,5,0.024
23,candidate_2,candidate_4,candidate_5,candidate_3,candidate_1,5,0.024
24,candidate_2,candidate_4,candidate_5,candidate_3,candidate_1,5,0.024
25,candidate_2,candidate_4,candidate_5,candidate_3,candidate_1,5,0.024
26,candidate_2,candidate_4,candidate_5,candidate_3,candidate_1,5,0.024
27,candidate_2,candidate_4,candidate_5,candidate_3,candidate_1,5,0.024
28,candidate_2,candidate_4,candidate_5,candidate_3,candidate_1,5,0.024
29,candidate_2,candidate_4,candidate_5,candidate_3,candidate_1,5,0.024
30,candidate_2,candidate_4,candidate_5,candidate_3,candidate_1,5,0.024
31,candidate_2,candidate_4,candidate_5,candidate_3,candidate_1,5,0.024
32,candidate_2,candidate_4,candidate_5,candidate_3,candidate_1,5,0.024
33,candidate_2,candidate_4,candidate_5,candidate_3,candidate_1,5,0.024
34,candidate_2,candidate_4,candidate_5,candidate_3,candidate_1,5,0.024
35,candidate_2,candidate_4,candidate_5,candidate_3,candidate_1,5,0.024
36,candidate_2,candidate_4,candidate_5,candidate_3,candidate_1,5,0.024
37,candidate_2,candidate_4,candidate_5,candidate_3,candidate_1,5,0.024
38,candidate_2,candidate_4,candidate_5,candidate_3,candidate_1,5,0.024
39,candidate_2,candidate_4,candidate_5,candidate_3,candidate_1,5,0.024
40,candidate_2,candidate_4,candidate_5,candidate_3,candidate_1,5,0.024
41,candidate_2,candidate_4,candidate_5,candidate_3,candidate_1,5,0.024
42,candidate_2,candidate_4,candidate_5,candidate_3,candidate_1,5,0.024
43,candidate_2,candidate_4,candidate_5,candidate_3,candidate_1,5,0.024
44,candidate_2,candidate_4,candidate_5,candidate_3,candidate_1,5,0.024
45,candidate_2,candidate_4,candidate_5,candidate_3,candidate_1,5,0.024
46,candidate_2,candidate_4,candidate_5,candidate_3,candidate_1,5,0.024
47,candidate_2,candidate_4,candidate_5,candidate_3,candidate_1,5,0.024
48,candidate_2,candidate_4,candidate_5,candidate_3,candidate_1,5,0.024
49,candidate_2,candidate_4,candidate_5,candidate_3,candidate_1,5,0.024
50,candidate_2,candidate_4,candidate_5,candidate_3,candidate_1,5,0.024
51,candidate_2,candidate_4,candidate_5,0,0,5,0.024
52,candidate_2,candidate_4,candidate_5,candidate_3,candidate_1,5,0.024
53,candidate_2,candidate_4,candidate_5,candidate_3,candidate_1,5,0.024
54,candidate_2,candidate_4,candidate_5,candidate_3,candidate_1,5,0.024
55,candidate_2,candidate_4,candidate_5,candidate_3,candidate_1,5,0.024
56,candidate_2,candidate_4,candidate_5,candidate_3,candidate_1,5,0.024
57,candidate_2,candidate_4,candidate_5,candidate_3,candidate_1,5,0.024
58,candidate_2,candidate_4,candidate_5,candidate_3,candidate_1,5,0.024
59,candidate_2,candidate_4,candidate_5,0,candidate_1,5,0.024
60,candidate_2,candidate_4,candidate_5,candidate_3,candidate_1,5,0.024
61,candidate_2,candidate_4,candidate_5,candidate_3,candidate_1,5,0.024
62,candidate_2,candidate_4,candidate_5,candidate_3,candidate_1,5,0.024
63,candidate_2,candidate_4,candidate_5,candidate_3,candidate_1,5,0.024
64,candidate_2,candidate_4,candidate_5,candidate_3,candidate_1,5,0.024
65,candidate_2,candidate_4,candidate_5,candidate_3,candidate_1,5,0.024
66,candidate_2,candidate_4,candidate_5,candidate_3,candidate_1,5,0.024
67,candidate_2,candidate_4,candidate_5,candidate_3,candidate_1,5,0.024
68,candidate_2,candidate_4,candidate_5,candidate_3,candidate_1,5,0.024
69,candidate_2,candidate_4,candidate_5,candidate_3,candidate_1,5,0.024
70,candidate_2,candidate_4,candidate_5,candidate_3,candidate_1,5,0.024
71,candidate_2,candidate_4,candidate_5,candidate_3,candidate_1,5,0.024
72,candidate_2,candidate_4,candidate_5,candidate_3,candidate_1,5,0.024
73,candidate_2,candidate_4,candidate_5,candidate_3,candidate_1,5,0.024
74,candidate_2,candidate_4,candidate_5,candidate_3,candidate_1,5,0.024
75,candidate_2,candidate_4,candidate_5,candidate_3,candidate_1,5,0.024
76,candidate_2,candidate_4,candidate_5,candidate_3,candidate_1,5,0.024
77,candidate_2,candidate_4,candidate_5,candidate_3,candidate_1,5,0.024
78,candidate_2,candidate_4,candidate_5,candidate_3,0,5,0.024
79,candidate_2,candidate_4,candidate_5,candidate_3,candidate_1,5,0.024
80,candidate_2,candidate_4,candidate_5,candidate_3,candidate_1,5,0.024
81,candidate_2,candidate_4,candidate_5,candidate_3,candidate_1,5,0.024
82,candidate_2,0,candidate_5,candidate_3,0,5,0.024
83,candidate_2,candidate_4,candidate_5,candidate_3,candidate_1,5,0.024
84,candidate_2,candidate_4,candidate_5,candidate_3,candidate_1,5,0.024
85,candidate_2,candidate_4,candidate_5,candidate_3,candidate_1,5,0.024
86,candidate_2,candidate_4,candidate_5,candidate_3,candidate_1,5,0.024
87,candidate_2,candidate_4,candidate_5,candidate_3,candidate_1,5,0.024
88,candidate_2,candidate_4,candidate_5,candidate_3,candidate_1,5,0.024
89,candidate_2,candidate_4,candidate_5,candidate_3,candidate_1,5,0.024
90,candidate_2,candidate_4,candidate_5,candidate_3,candidate_1,5,0.024
91,candidate_2,candidate_4,candidate_5,candidate_3,candidate_1,5,0.024
92,candidate_2,candidate_4,candidate_5,candidate_3,candidate_1,5,0.024
93,candidate_2,candidate_4,0,candidate_3,candidate_1,5,0.024
94,candidate_2,candidate_4,candidate_5,candidate_3,candidate_1,5,0.024
95,candidate_2,candidate_4,candidate_5,candidate_3,candidate_1,5,0.024
96,candidate_2,candidate_4,candidate_5,candidate_3,candidate_1,5,0.024
0,candidate_2,candidate_5,candidate_1,candidate_3,candidate_4,5,0.024
1,candidate_2,candidate_5,candidate_1,candidate_3,candidate_4,5,0.024
2,candidate_2,candidate_5,candidate_1,candidate_3,candidate_4,5,0.024
3,candidate_2,candidate_5,candidate_1,candidate_3,candidate_4,5,0.024
4,candidate_2,candidate_5,candidate_1,candidate_3,candidate_4,5,0.024
5,candidate_2,candidate_5,candidate_1,candidate_3,candidate_4,5,0.024
6,candidate_2,candidate_5,candidate_1,candidate_3,candidate_4,5,0.024
7,candidate_2,candidate_5,candidate_1,candidate_3,candidate_4,5,0.024
8,candidate_2,candidate_5,candidate_1,candidate_3,candidate_4,5,0.024
9,candidate_2,candidate_5,candidate_1,candidate_3,candidate_4,5,0.024
10,candidate_2,candidate_5,candidate_1,candidate_3,candidate_4,5,0.024
11,candidate_2,candidate_5,candidate_1,candidate_3,candidate_4,5,0.024
12,candidate_2,candidate_5,candidate_1,candidate_3,0,5,0.024
13,candidate_2,candidate_5,candidate_1,candidate_3,candidate_4,5,0.024
14,candidate_2,candidate_5,candidate_1,candidate_3,candidate_4,5,0.024
15,candidate_2,candidate_5,candidate_1,candidate_3,candidate_4,5,0.024
16,candidate_2,candidate_5,candidate_1,candidate_3,candidate_4,5,0.024
17,candidate_2,candidate_5,candidate_1,candidate_3,candidate_4,5,0.024
18,candidate_2,candidate_5,candidate_1,candidate_3,candidate_4,5,0.024
19,candidate_2,candidate_5,candidate_1,candidate_3,candidate_4,5,0.024
20,candidate_2,candidate_5,candidate_1,candidate_3,candidate_4,5,0.024
21,candidate_2,candidate_5,candidate_1,candidate_3,candidate_4,5,0.024
22,candidate_2,candidate_5,candidate_1,candidate_3,0,5,0.024
23,candidate_2,candidate_5,candidate_1,candidate_3,candidate_4,5,0.024
24,candidate_2,candidate_5,candidate_1,candidate_3,candidate_4,5,0.024
25,candidate_2,candidate_5,candidate_1,candidate_3,candidate_4,5,0.024
26,candidate_2,candidate_5,candidate_1,candidate_3,candidate_4,5,0.024
27,candidate_2,candidate_5,candidate_1,candidate_3,candidate_4,5,0.024
28,candidate_2,candidate_5,candidate_1,candidate_3,candidate_4,5,0.024
29,candidate_2,candidate_5,0,candidate_3,candidate_4,5,0.024
30,candidate_2,candidate_5,candidate_1,candidate_3,candidate_4,5,0.024
31,candidate_2,candidate_5,candidate_1,candidate_3,candidate_4,5,0.024
32,candidate_2,candidate_5,candidate_1,candidate_3,candidate_4,5,0.024
33,candidate_2,candidate_5,candidate_1,candidate_3,candidate_4,5,0.024
34,0,candidate_5,candidate_1,candidate_3,candidate_4,5,0.024
35,candidate_2,candidate_5,candidate_1,candidate_3,candidate_4,5,0.024
36,candidate_2,candidate_5,candidate_1,0,candidate_4,5,0.024
37,candidate_2,candidate_5,candidate_1,candidate_3,candidate_4,5,0.024
38,candidate_2,candidate_5,candidate_1,candidate_3,candidate_4,5,0.024
39,candidate_2,candidate_5,candidate_1,candidate_3,candidate_4,5,0.024
40,candidate_2,candidate_5,0,candidate_3,candidate_4,5,0.024
41,candidate_2,candidate_5,candidate_1,candidate_3,candidate_4,5,0.024
42,candidate_2,candidate_5,candidate_1,candidate_3,candidate_4,5,0.024
43,candidate_2,candidate_5,candidate_1,candidate_3,candidate_4,5,0.024
44,candidate_2,candidate_5,candidate_1,candidate_3,candidate_4,5,0.024
45,candidate_2,candidate_5,0,candidate_3,candidate_4,5,0.024
46,candidate_2,candidate_5,candidate_1,candidate_3,candidate_4,5,0.024
47,candidate_2,candidate_5,candidate_1,candidate_3,candidate_4,5,0.024
48,candidate_2,candidate_5,candidate_1,candidate_3,candidate_4,5,0.024
49,candidate_2,candidate_5,candidate_1,candidate_3,candidate_4,5,0.024
50,candidate_2,candidate_5,candidate_1,candidate_3,candidate_4,5,0.024
51,candidate_2,candidate_5,candidate_1,candidate_3,candidate_4,5,0.024
52,candidate_2,candidate_5,candidate_1,candidate_3,candidate_4,5,0.024
53,candidate_2,candidate_5,candidate_1,candidate_3,candidate_4,5,0.024
54,candidate_2,candidate_5,candidate_1,candidate_3,candidate_4,5,0.024
55,candidate_2,candidate_5,candidate_1,candidate_3,candidate_4,5,0.024
56,candidate_2,candidate_5,candidate_1,candidate_3,candidate_4,5,0.024
57,candidate_2,candidate_5,candidate_1,candidate_3,candidate_4,5,0.024
58,candidate_2,candidate_5,candidate_1,candidate_3,candidate_4,5,0.024
59,candidate_2,candidate_5,candidate_1,candidate_3,candidate_4,5,0.024
60,candidate_2,candidate_5,candidate_1,candidate_3,0,5,0.024
0,candidate_2,candidate_5,candidate_1,candidate_4,candidate_3,5,0.024
1,candidate_2,candidate_5,candidate_1,candidate_4,candidate_3,5,0.024
2,candidate_2,candidate_5,candidate_1,candidate_4,candidate_3,5,0.024
3,candidate_2,0,candidate_1,candidate_4,candidate_3,5,0.024
4,candidate_2,candidate_5,candidate_1,candidate_4,candidate_3,5,0.024
5,candidate_2,candidate_5,candidate_1,candidate_4,candidate_3,5,0.024
6,candidate_2,candidate_5,candidate_1,candidate_4,candidate_3,5,0.024
7,candidate_2,candidate_5,candidate_1,candidate_4,candidate_3,5,0.024
8,candidate_2,candidate_5,candidate_1,candidate_4,candidate_3,5,0.024
9,candidate_2,candidate_5,candidate_1,candidate_4,candidate_3,5,0.024
10,candidate_2,candidate_5,candidate_1,candidate_4,candidate_3,5,0.024
11,candidate_2,candidate_5,candidate_1,candidate_4,candidate_3,5,0.024
12,candidate_2,candidate_5,candidate_1,candidate_4,candidate_3,5,0.024
13,candidate_2,candidate_5,candidate_1,candidate_4,candidate_3,5,0.024
14,candidate_2,candidate_5,candidate_1,candidate_4,candidate_3,5,0.024
15,candidate_2,0,candidate_1,candidate_4,candidate_3,5,0.024
16,candidate_2,candidate_5,candidate_1,candidate_4,candidate_3,5,0.024
17,candidate_2,candidate_5,candidate_1,candidate_4,candidate_3,5,0.024
18,candidate_2,candidate_5,candidate_1,candidate_4,candidate_3,5,0.024
19,candidate_2,candidate_5,candidate_1,candidate_4,candidate_3,5,0.024
20,candidate_2,candidate_5,candidate_1,candidate_4,candidate_3,5,0.024
21,candidate_2,candidate_5,candidate_1,candidate_4,candidate_3,5,0.024
22,candidate_2,candidate_5,candidate_1,candidate_4,candidate_3,5,0.024
23,candidate_2,candidate_5,candidate_1,candidate_4,candidate_3,5,0.024
24,candidate_2,candidate_5,candidate_1,candidate_4,candidate_3,5,0.024
25,candidate_2,candidate_5,candidate_1,0,candidate_3,5,0.024
26,candidate_2,candidate_5,candidate_1,candidate_4,candidate_3,5,0.024
27,candidate_2,candidate_5,candidate_1,candidate_4,candidate_3,5,0.024
28,candidate_2,candidate_5,candidate_1,candidate_4,candidate_3,5,0.024
29,candidate_2,candidate_5,candidate_1,candidate_4,candidate_3,5,0.024
30,candidate_2,candidate_5,candidate_1,candidate_4,candidate_3,5,0.024
31,candidate_2,candidate_5,candidate_1,candidate_4,candidate_3,5,0.024
32,candidate_2,candidate_5,candidate_1,candidate_4,candidate_3,5,0.024
33,candidate_2,candidate_5,candidate_1,candidate_4,candidate_3,5,0.024
34,candidate_2,candidate_5,candidate_1,candidate_4,candidate_3,5,0.024
35,candidate_2,candidate_5,candidate_1,candidate_4,candidate_3,5,0.024
36,candidate_2,candidate_5,candidate_1,candidate_4,candidate_3,5,0.024
37,candidate_2,candidate_5,candidate_1,candidate_4,candidate_3,5,0.024
38,candidate_2,candidate_5,candidate_1,candidate_4,candidate_3,5,0.024
39,candidate_2,candidate_5,candidate_1,candidate_4,candidate_3,5,0.024
40,candidate_2,candidate_5,candidate_1,candidate_4,candidate_3,5,0.024
41,candidate_2,candidate_5,candidate_1,candidate_4,candidate_3,5,0.024
42,candidate_2,candidate_5,candidate_1,candidate_4,candidate_3,5,0.024
43,candidate_2,candidate_5,0,candidate_4,candidate_3,5,0.024
44,candidate_2,candidate_5,candidate_1,candidate_4,candidate_3,5,0.024
45,candidate_2,candidate_5,candidate_1,candidate_4,candidate_3,5,0.024
46,candidate_2,candidate_5,candidate_1,candidate_4,candidate_3,5,0.024
47,candidate_2,candidate_5,candidate_1,candidate_4,candidate_3,5,0.024
48,candidate_2,candidate_5,candidate_1,candidate_4,candidate_3,5,0.024
49,0,candidate_5,candidate_1,candidate_4,candidate_3,5,0.024
50,candidate_2,candidate_5,candidate_1,candidate_4,candidate_3,5,0.024
51,candidate_2,candidate_5,candidate_1,candidate_4,candidate_3,5,0.024
52,candidate_2,candidate_5,candidate_1,candidate_4,candidate_3,5,0.024
53,candidate_2,candidate_5,candidate_1,candidate_4,candidate_3,5,0.024
54,candidate_2,candidate_5,candidate_1,candidate_4,candidate_3,5,0.024
55,candidate_2,0,candidate_1,candidate_4,candidate_3,5,0.024
56,candidate_2,candidate_5,candidate_1,candidate_4,candidate_3,5,0.024
57,candidate_2,candidate_5,candidate_1,candidate_4,candidate_3,5,0.024
58,candidate_2,candidate_5,candidate_1,candidate_4,candidate_3,5,0.024
59,candidate_2,candidate_5,candidate_1,candidate_4,candidate_3,5,0.024
60,candidate_2,candidate_5,candidate_1,candidate_4,candidate_3,5,0.024
61,candidate_2,candidate_5,candidate_1,candidate_4,candidate_3,5,0.024
62,0,candidate_5,candidate_1,candidate_4,candidate_3,5,0.024
63,candidate_2,candidate_5,candidate_1,candidate_4,candidate_3,5,0.024
64,candidate_2,candidate_5,candidate_1,candidate_4,candidate_3,5,0.024
65,candidate_2,candidate_5,candidate_1,candidate_4,candidate_3,5,0.024
66,candidate_2,candidate_5,candidate_1,candidate_4,candidate_3,5,0.024
67,candidate_2,candidate_5,candidate_1,candidate_4,candidate_3,5,0.024
68,candidate_2,candidate_5,candidate_1,candidate_4,candidate_3,5,0.024
69,candidate_2,candidate_5,candidate_1,candidate_4,candidate_3,5,0.024
70,candidate_2,candidate_5,candidate_1,candidate_4,candidate_3,5,0.024
71,candidate_2,candidate_5,candidate_1,candidate_4,candidate_3,5,0.024
72,candidate_2,candidate_5,candidate_1,candidate_4,candidate_3,5,0.024
73,candidate_2,candidate_5,candidate_1,candidate_4,candidate_3,5,0.024
74,candidate_2,candidate_5,candidate_1,candidate_4,candidate_3,5,0.024
75,candidate_2,candidate_5,candidate_1,candidate_4,candidate_3,5,0.024
76,candidate_2,candidate_5,candidate_1,candidate_4,candidate_3,5,0.024
77,candidate_2,candidate_5,candidate_1,candidate_4,candidate_3,5,0.024
78,candidate_2,candidate_5,candidate_1,candidate_4,candidate_3,5,0.024
79,candidate_2,candidate_5,candidate_1,candidate_4,candidate_3,5,0.024
80,candidate_2,candidate_5,candidate_1,candidate_4,candidate_3,5,0.024
81,candidate_2,candidate_5,candidate_1,candidate_4,candidate_3,5,0.024
82,candidate_2,candidate_5,candidate_1,candidate_4,candidate_3,5,0.024
83,candidate_2,candidate_5,candidate_1,candidate_4,candidate_3,5,0.024
84,candidate_2,candidate_5,candidate_1,candidate_4,candidate_3,5,0.024
85,candidate_2,candidate_5,candidate_1,candidate_4,candidate_3,5,0.024
86,candidate_2,candidate_5,candidate_1,candidate_4,candidate_3,5,0.024
87,candidate_2,candidate_5,candidate_1,candidate_4,0,5,0.024
88,candidate_2,candidate_5,candidate_1,candidate_4,candidate_3,5,0.024
89,candidate_2,candidate_5,candidate_1,candidate_4,candidate_3,5,0.024
0,candidate_2,candidate_5,candidate_3,candidate_1,candidate_4,5,0.024
1,candidate_2,candidate_5,candidate_3,candidate_1,candidate_4,5,0.024
2,candidate_2,candidate_5,candidate_3,candidate_1,candidate_4,5,0.024
3,candidate_2,candidate_5,candidate_3,candidate_1,candidate_4,5,0.024
4,candidate_2,candidate_5,candidate_3,candidate_1,candidate_4,5,0.024
5,candidate_2,candidate_5,candidate_3,candidate_1,candidate_4,5,0.024
6,candidate_2,candidate_5,candidate_3,candidate_1,candidate_4,5,0.024
7,candidate_2,candidate_5,candidate_3,candidate_1,candidate_4,5,0.024
8,candidate_2,candidate_5,0,candidate_1,candidate_4,5,0.024
9,candidate_2,candidate_5,candidate_3,candidate_1,candidate_4,5,0.024
10,candidate_2,candidate_5,candidate_3,candidate_1,candidate_4,5,0.024
11,candidate_2,candidate_5,candidate_3,candidate_1,candidate_4,5,0.024
12,candidate_2,candidate_5,candidate_3,candidate_1,candidate_4,5,0.024
13,candidate_2,candidate_5,candidate_3,candidate_1,candidate_4,5,0.024
14,candidate_2,candidate_5,candidate_3,candidate_1,candidate_4,5,0.024
15,candidate_2,candidate_5,candidate_3,candidate_1,candidate_4,5,0.024
16,candidate_2,candidate_5,candidate_3,candidate_1,candidate_4,5,0.024
17,candidate_2,candidate_5,candidate_3,candidate_1,candidate_4,5,0.024
18,candidate_2,candidate_5,candidate_3,candidate_1,candidate_4,5,0.024
19,candidate_2,candidate_5,candidate_3,candidate_1,candidate_4,5,0.024
20,candidate_2,candidate_5,candidate_3,candidate_1,candidate_4,5,0.024
21,candidate_2,candidate_5,candidate_3,candidate_1,0,5,0.024
22,candidate_2,candidate_5,candidate_3,candidate_1,0,5,0.024
23,candidate_2,candidate_5,candidate_3,candidate_1,candidate_4,5,0.024
24,candidate_2,candidate_5,candidate_3,candidate_1,candidate_4,5,0.024
25,candidate_2,candidate_5,0,candidate_1,candidate_4,5,0.024
26,candidate_2,candidate_5,candidate_3,candidate_1,0,5,0.024
27,candidate_2,candidate_5,candidate_3,candidate_1,candidate_4,5,0.024
28,candidate_2,candidate_5,candidate_3,candidate_1,candidate_4,5,0.024
29,candidate_2,candidate_5,candidate_3,candidate_1,candidate_4,5,0.024
30,candidate_2,candidate_5,candidate_3,candidate_1,candidate_4,5,0.024
31,candidate_2,candidate_5,candidate_3,candidate_1,candidate_4,5,0.024
32,candidate_2,candidate_5,candidate_3,candidate_1,candidate_4,5,0.024
33,candidate_2,candidate_5,candidate_3,candidate_1,candidate_4,5,0.024
34,candidate_2,candidate_5,candidate_3,candidate_1,candidate_4,5,0.024
35,candidate_2,candidate_5,candidate_3,candidate_1,candidate_4,5,0.024
36,candidate_2,candidate_5,candidate_3,candidate_1,0,5,0.024
37,candidate_2,candidate_5,candidate_3,candidate_1,candidate_4,5,0.024
38,candidate_2,candidate_5,candidate_3,candidate_1,candidate_4,5,0.024
39,candidate_2,candidate_5,candidate_3,candidate_1,candidate_4,5,0.024
40,candidate_2,candidate_5,candidate_3,candidate_1,candidate_4,5,0.024
41,candidate_2,candidate_5,candidate_3,candidate_1,candidate_4,5,0.024
42,candidate_2,candidate_5,0,candidate_1,candidate_4,5,0.024
43,candidate_2,candidate_5,candidate_3,candidate_1,0,5,0.024
44,candidate_2,candidate_5,candidate_3,candidate_1,candidate_4,5,0.024
45,candidate_2,candidate_5,candidate_3,candidate_1,candidate_4,5,0.024
46,candidate_2,candidate_5,candidate_3,candidate_1,candidate_4,5,0.024
47,candidate_2,candidate_5,candidate_3,candidate_1,candidate_4,5,0.024
48,candidate_2,candidate_5,candidate_3,candidate_1,candidate_4,5,0.024
49,candidate_2,candidate_5,candidate_3,candidate_1,candidate_4,5,0.024
50,candidate_2,candidate_5,candidate_3,candidate_1,candidate_4,5,0.024
51,candidate_2,candidate_5,candidate_3,candidate_1,candidate_4,5,0.024
52,candidate_2,candidate_5,candidate_3,candidate_1,candidate_4,5,0.024
53,candidate_2,candidate_5,candidate_3,candidate_1,candidate_4,5,0.024
54,candidate_2,candidate_5,candidate_3,candidate_1,candidate_4,5,0.024
55,candidate_2,candidate_5,candidate_3,candidate_1,candidate_4,5,0.024
56,candidate_2,candidate_5,candidate_3,candidate_1,candidate_4,5,0.024
57,candidate_2,candidate_5,candidate_3,candidate_1,candidate_4,5,0.024
58,candidate_2,candidate_5,candidate_3,candidate_1,candidate_4,5,0.024
59,candidate_2,candidate_5,candidate_3,candidate_1,candidate_4,5,0.024
60,candidate_2,candidate_5,candidate_3,candidate_1,candidate_4,5,0.024
61,candidate_2,candidate_5,candidate_3,candidate_1,0,5,0.024
62,candidate_2,candidate_5,candidate_3,candidate_1,candidate_4,5,0.024
63,candidate_2,candidate_5,candidate_3,candidate_1,candidate_4,5,0.024
64,candidate_2,candidate_5,candidate_3,candidate_1,candidate_4,5,0.024
65,candidate_2,candidate_5,candidate_3,0,candidate_4,5,0.024
66,candidate_2,candidate_5,candidate_3,candidate_1,candidate_4,5,0.024
67,candidate_2,candidate_5,candidate_3,candidate_1,candidate_4,5,0.024
68,candidate_2,candidate_5,candidate_3,candidate_1,candidate_4,5,0.024
69,candidate_2,candidate_5,candidate_3,0,candidate_4,5,0.024
70,candidate_2,candidate_5,candidate_3,candidate_1,candidate_4,5,0.024
71,candidate_2,candidate_5,candidate_3,candidate_1,candidate_4,5,0.024
72,candidate_2,candidate_5,candidate_3,candidate_1,candidate_4,5,0.024
73,candidate_2,candidate_5,candidate_3,candidate_1,candidate_4,5,0.024
74,candidate_2,candidate_5,candidate_3,candidate_1,candidate_4,5,0.024
75,candidate_2,candidate_5,candidate_3,candidate_1,0,5,0.024
76,candidate_2,candidate_5,candidate_3,0,candidate_4,5,0.024
77,candidate_2,candidate_5,candidate_3,candidate_1,candidate_4,5,0.024
78,candidate_2,candidate_5,candidate_3,candidate_1,candidate_4,5,0.024
79,candidate_2,candidate_5,candidate_3,candidate_1,candidate_4,5,0.024
80,candidate_2,candidate_5,candidate_3,candidate_1,candidate_4,5,0.024
81,candidate_2,candidate_5,candidate_3,candidate_1,candidate_4,5,0.024
82,0,candidate_5,candidate_3,candidate_1,candidate_4,5,0.024
83,candidate_2,candidate_5,candidate_3,candidate_1,candidate_4,5,0.024
0,candidate_2,candidate_5,candidate_3,candidate_4,candidate_1,5,0.024
1,candidate_2,candidate_5,candidate_3,candidate_4,candidate_1,5,0.024
2,candidate_2,candidate_5,candidate_3,candidate_4,candidate_1,5,0.024
3,candidate_2,candidate_5,candidate_3,candidate_4,candidate_1,5,0.024
4,candidate_2,candidate_5,candidate_3,candidate_4,candidate_1,5,0.024
5,candidate_2,candidate_5,candidate_3,candidate_4,candidate_1,5,0.024
6,candidate_2,candidate_5,candidate_3,candidate_4,candidate_1,5,0.024
7,candidate_2,candidate_5,candidate_3,candidate_4,candidate_1,5,0.024
8,candidate_2,candidate_5,candidate_3,candidate_4,candidate_1,5,0.024
9,candidate_2,candidate_5,candidate_3,candidate_4,candidate_1,5,0.024
10,candidate_2,candidate_5,candidate_3,candidate_4,candidate_1,5,0.024
11,candidate_2,candidate_5,candidate_3,candidate_4,candidate_1,5,0.024
12,candidate_2,candidate_5,candidate_3,candidate_4,candidate_1,5,0.024
13,candidate_2,candidate_5,candidate_3,candidate_4,candidate_1,5,0.024
14,candidate_2,candidate_5,candidate_3,candidate_4,candidate_1,5,0.024
15,candidate_2,candidate_5,0,candidate_4,candidate_1,5,0.024
0,candidate_2,candidate_5,candidate_4,candidate_1,candidate_3,5,0.024
1,candidate_2,candidate_5,candidate_4,candidate_1,candidate_3,5,0.024
2,candidate_2,candidate_5,candidate_4,candidate_1,candidate_3,5,0.024
3,candidate_2,candidate_5,candidate_4,candidate_1,candidate_3,5,0.024
4,candidate_2,candidate_5,candidate_4,candidate_1,candidate_3,5,0.024
5,candidate_2,candidate_5,candidate_4,candidate_1,candidate_3,5,0.024
6,candidate_2,0,candidate_4,candidate_1,candidate_3,5,0.024
7,candidate_2,0,candidate_4,candidate_1,candidate_3,5,0.024
8,candidate_2,candidate_5,candidate_4,candidate_1,candidate_3,5,0.024
9,candidate_2,candidate_5,candidate_4,candidate_1,candidate_3,5,0.024
10,candidate_2,candidate_5,candidate_4,candidate_1,candidate_3,5,0.024
11,candidate_2,candidate_5,candidate_4,candidate_1,candidate_3,5,0.024
12,candidate_2,candidate_5,candidate_4,candidate_1,candidate_3,5,0.024
13,candidate_2,candidate_5,candidate_4,candidate_1,candidate_3,5,0.024
14,candidate_2,candidate_5,candidate_4,candidate_1,candidate_3,5,0.024
15,candidate_2,candidate_5,candidate_4,candidate_1,candidate_3,5,0.024
0,candidate_2,candidate_5,candidate_4,candidate_3,candidate_1,5,0.024
1,candidate_2,candidate_5,candidate_4,candidate_3,candidate_1,5,0.024
2,candidate_2,candidate_5,candidate_4,candidate_3,candidate_1,5,0.024
3,candidate_2,candidate_5,candidate_4,candidate_3,candidate_1,5,0.024
4,candidate_2,candidate_5,candidate_4,candidate_3,candidate_1,5,0.024
5,candidate_2,candidate_5,candidate_4,candidate_3,candidate_1,5,0.024
6,candidate_2,candidate_5,candidate_4,candidate_3,candidate_1,5,0.024
7,candidate_2,candidate_5,candidate_4,candidate_3,candidate_1,5,0.024
8,candidate_2,candidate_5,candidate_4,candidate_3,candidate_1,5,0.024
9,candidate_2,candidate_5,candidate_4,candidate_3,candidate_1,5,0.024
10,candidate_2,candidate_5,candidate_4,candidate_3,candidate_1,5,0.024
11,candidate_2,0,0,candidate_3,0,5,0.024
12,candidate_2,candidate_5,candidate_4,candidate_3,candidate_1,5,0.024
13,candidate_2,candidate_5,candidate_4,candidate_3,candidate_1,5,0.024
14,candidate_2,candidate_5,candidate_4,candidate_3,candidate_1,5,0.024
15,candidate_2,candidate_5,candidate_4,candidate_3,candidate_1,5,0.024
16,candidate_2,candidate_5,candidate_4,candidate_3,candidate_1,5,0.024
17,candidate_2,candidate_5,candidate_4,candidate_3,candidate_1,5,0.024
18,candidate_2,candidate_5,candidate_4,candidate_3,candidate_1,5,0.024
19,candidate_2,candidate_5,candidate_4,candidate_3,candidate_1,5,0.024
20,candidate_2,candidate_5,candidate_4,candidate_3,candidate_1,5,0.024
21,candidate_2,candidate_5,candidate_4,candidate_3,candidate_1,5,0.024
22,candidate_2,candidate_5,candidate_4,candidate_3,candidate_1,5,0.024
23,candidate_2,candidate_5,candidate_4,candidate_3,candidate_1,5,0.024
24,0,candidate_5,candidate_4,candidate_3,candidate_1,5,0.024
25,candidate_2,candidate_5,candidate_4,candidate_3,candidate_1,5,0.024
26,candidate_2,candidate_5,candidate_4,candidate_3,candidate_1,5,0.024
27,candidate_2,candidate_5,candidate_4,candidate_3,candidate_1,5,0.024
28,candidate_2,0,candidate_4,candidate_3,candidate_1,5,0.024
29,candidate_2,candidate_5,candidate_4,candidate_3,candidate_1,5,0.024
30,candidate_2,candidate_5,candidate_4,candidate_3,candidate_1,5,0.024
31,candidate_2,candidate_5,candidate_4,candidate_3,0,5,0.024
32,candidate_2,candidate_5,candidate_4,candidate_3,candidate_1,5,0.024
33,candidate_2,candidate_5,candidate_4,candidate_3,candidate_1,5,0.024
34,candidate_2,candidate_5,candidate_4,candidate_3,candidate_1,5,0.024
35,candidate_2,candidate_5,candidate_4,candidate_3,candidate_1,5,0.024
36,candidate_2,candidate_5,candidate_4,candidate_3,candidate_1,5,0.024
37,candidate_2,candidate_5,candidate_4,candidate_3,candidate_1,5,0.024
38,candidate_2,candidate_5,candidate_4,candidate_3,candidate_1,5,0.024
39,candidate_2,candidate_5,candidate_4,candidate_3,candidate_1,5,0.024
40,candidate_2,candidate_5,candidate_4,candidate_3,candidate_1,5,0.024
41,candidate_2,candidate_5,candidate_4,candidate_3,candidate_1,5,0.024
42,candidate_2,candidate_5,candidate_4,candidate_3,candidate_1,5,0.024
43,candidate_2,candidate_5,candidate_4,candidate_3,candidate_1,5,0.024
44,candidate_2,candidate_5,candidate_4,candidate_3,candidate_1,5,0.024
45,candidate_2,candidate_5,candidate_4,candidate_3,candidate_1,5,0.024
46,candidate_2,candidate_5,candidate_4,candidate_3,candidate_1,5,0.024
47,candidate_2,candidate_5,candidate_4,candidate_3,candidate_1,5,0.024
48,candidate_2,candidate_5,candidate_4,candidate_3,candidate_1,5,0.024
49,candidate_2,candidate_5,candidate_4,candidate_3,candidate_1,5,0.024
50,candidate_2,candidate_5,candidate_4,candidate_3,candidate_1,5,0.024
51,candidate_2,candidate_5,candidate_4,candidate_3,candidate_1,5,0.024
52,candidate_2,candidate_5,candidate_4,candidate_3,candidate_1,5,0.024
53,candidate_2,candidate_5,candidate_4,candidate_3,candidate_1,5,0.024
54,candidate_2,candidate_5,candidate_4,candidate_3,candidate_1,5,0.024
55,candidate_2,candidate_5,candidate_4,candidate_3,candidate_1,5,0.024
56,candidate_2,candidate_5,candidate_4,candidate_3,candidate_1,5,0.024
57,candidate_2,candidate_5,candidate_4,candidate_3,candidate_1,5,0.024
58,candidate_2,candidate_5,candidate_4,candidate_3,candidate_1,5,0.024
59,candidate_2,candidate_5,candidate_4,candidate_3,candidate_1,5,0.024
60,candidate_2,candidate_5,candidate_4,candidate_3,candidate_1,5,0.024
61,candidate_2,candidate_5,candidate_4,0,candidate_1,5,0.024
62,candidate_2,candidate_5,candidate_4,candidate_3,candidate_1,5,0.024
63,candidate_2,candidate_5,candidate_4,candidate_3,candidate_1,5,0.024
64,candidate_2,candidate_5,candidate_4,candidate_3,candidate_1,5,0.024
65,candidate_2,candidate_5,candidate_4,candidate_3,candidate_1,5,0.024
66,candidate_2,candidate_5,candidate_4,candidate_3,candidate_1,5,0.024
67,candidate_2,candidate_5,candidate_4,candidate_3,candidate_1,5,0.024
68,candidate_2,candidate_5,candidate_4,candidate_3,candidate_1,5,0.024
69,candidate_2,candidate_5,candidate_4,candidate_3,candidate_1,5,0.024
70,candidate_2,candidate_5,candidate_4,candidate_3,candidate_1,5,0.024
71,candidate_2,candidate_5,candidate_4,candidate_3,candidate_1,5,0.024
72,candidate_2,candidate_5,candidate_4,candidate_3,candidate_1,5,0.024
73,candidate_2,candidate_5,candidate_4,candidate_3,candidate_1,5,0.024
74,candidate_2,candidate_5,0,candidate_3,candidate_1,5,0.024
75,candidate_2,0,candidate_4,candidate_3,candidate_1,5,0.024
76,candidate_2,candidate_5,candidate_4,candidate_3,candidate_1,5,0.024
77,candidate_2,candidate_5,candidate_4,candidate_3,0,5,0.024
78,candidate_2,candidate_5,candidate_4,candidate_3,candidate_1,5,0.024
79,candidate_2,candidate_5,0,candidate_3,candidate_1,5,0.024
80,candidate_2,candidate_5,candidate_4,0,candidate_1,5,0.024
0,candidate_3,candidate_1,candidate_2,candidate_4,candidate_5,5,0.024
1,candidate_3,candidate_1,candidate_2,0,candidate_5,5,0.024
2,candidate_3,candidate_1,candidate_2,candidate_4,candidate_5,5,0.024
3,candidate_3,candidate_1,candidate_2,candidate_4,candidate_5,5,0.024
4,candidate_3,candidate_1,candidate_2,candidate_4,candidate_5,5,0.024
5,candidate_3,candidate_1,candidate_2,candidate_4,candidate_5,5,0.024
6,candidate_3,candidate_1,candidate_2,candidate_4,candidate_5,5,0.024
7,candidate_3,candidate_1,candidate_2,candidate_4,candidate_5,5,0.024
8,candidate_3,candidate_1,candidate_2,candidate_4,candidate_5,5,0.024
9,0,candidate_1,candidate_2,candidate_4,candidate_5,5,0.024
10,candidate_3,candidate_1,candidate_2,candidate_4,candidate_5,5,0.024
11,candidate_3,candidate_1,candidate_2,candidate_4,candidate_5,5,0.024
12,candidate_3,candidate_1,candidate_2,candidate_4,candidate_5,5,0.024
13,candidate_3,candidate_1,candidate_2,candidate_4,candidate_5,5,0.024
14,candidate_3,candidate_1,candidate_2,candidate_4,candidate_5,5,0.024
15,candidate_3,candidate_1,candidate_2,candidate_4,candidate_5,5,0.024
16,candidate_3,candidate_1,candidate_2,candidate_4,candidate_5,5,0.024
17,candidate_3,candidate_1,candidate_2,candidate_4,candidate_5,5,0.024
18,candidate_3,candidate_1,candidate_2,candidate_4,candidate_5,5,0.024
19,candidate_3,candidate_1,candidate_2,candidate_4,candidate_5,5,0.024
20,candidate_3,candidate_1,candidate_2,candidate_4,candidate_5,5,0.024
21,candidate_3,candidate_1,candidate_2,candidate_4,candidate_5,5,0.024
22,candidate_3,candidate_1,candidate_2,candidate_4,candidate_5,5,0.024
23,candidate_3,candidate_1,candidate_2,candidate_4,candidate_5,5,0.024
24,candidate_3,candidate_1,candidate_2,candidate_4,candidate_5,5,0.024
25,candidate_3,candidate_1,candidate_2,candidate_4,candidate_5,5,0.024
26,candidate_3,candidate_1,candidate_2,candidate_4,candidate_5,5,0.024
27,candidate_3,candidate_1,candidate_2,candidate_4,candidate_5,5,0.024
28,candidate_3,candidate_1,candidate_2,candidate_4,candidate_5,5,0.024
29,candidate_3,candidate_1,candidate_2,candidate_4,candidate_5,5,0.024
30,candidate_3,candidate_1,candidate_2,candidate_4,candidate_5,5,0.024
31,candidate_3,candidate_1,candidate_2,candidate_4,candidate_5,5,0.024
32,candidate_3,candidate_1,candidate_2,candidate_4,candidate_5,5,0.024
33,candidate_3,candidate_1,candidate_2,candidate_4,candidate_5,5,0.024
34,candidate_3,candidate_1,candidate_2,candidate_4,candidate_5,5,0.024
35,candidate_3,candidate_1,candidate_2,candidate_4,candidate_5,5,0.024
36,candidate_3,candidate_1,candidate_2,candidate_4,candidate_5,5,0.024
37,candidate_3,candidate_1,candidate_2,candidate_4,candidate_5,5,0.024
38,candidate_3,candidate_1,candidate_2,candidate_4,candidate_5,5,0.024
39,candidate_3,candidate_1,candidate_2,candidate_4,candidate_5,5,0.024
40,candidate_3,candidate_1,candidate_2,candidate_4,candidate_5,5,0.024
41,candidate_3,candidate_1,candidate_2,candidate_4,candidate_5,5,0.024
42,0,candidate_1,candidate_2,candidate_4,candidate_5,5,0.024
43,0,candidate_1,candidate_2,candidate_4,candidate_5,5,0.024
44,candidate_3,candidate_1,candidate_2,candidate_4,candidate_5,5,0.024
45,candidate_3,candidate_1,candidate_2,candidate_4,candidate_5,5,0.024
46,candidate_3,candidate_1,candidate_2,candidate_4,candidate_5,5,0.024
47,candidate_3,candidate_1,candidate_2,candidate_4,candidate_5,5,0.024
48,candidate_3,candidate_1,candidate_2,candidate_4,candidate_5,5,0.024
49,candidate_3,candidate_1,candidate_2,candidate_4,candidate_5,5,0.024
50,candidate_3,candidate_1,candidate_2,candidate_4,candidate_5,5,0.024
51,candidate_3,candidate_1,candidate_2,candidate_4,candidate_5,5,0.024
52,candidate_3,candidate_1,candidate_2,candidate_4,candidate_5,5,0.024
53,candidate_3,candidate_1,candidate_2,candidate_4,candidate_5,5,0.024
54,candidate_3,candidate_1,candidate_2,candidate_4,candidate_5,5,0.024
55,candidate_3,candidate_1,candidate_2,candidate_4,candidate_5,5,0.024
56,candidate_3,candidate_1,candidate_2,candidate_4,candidate_5,5,0.024
57,candidate_3,candidate_1,candidate_2,candidate_4,candidate_5,5,0.024
58,candidate_3,candidate_1,candidate_2,candidate_4,candidate_5,5,0.024
59,candidate_3,candidate_1,candidate_2,candidate_4,candidate_5,5,0.024
60,candidate_3,candidate_1,candidate_2,candidate_4,candidate_5,5,0.024
61,candidate_3,candidate_1,candidate_2,candidate_4,candidate_5,5,0.024
62,candidate_3,0,candidate_2,candidate_4,candidate_5,5,0.024
63,candidate_3,candidate_1,candidate_2,candidate_4,candidate_5,5,0.024
64,0,candidate_1,candidate_2,candidate_4,candidate_5,5,0.024
65,candidate_3,candidate_1,candidate_2,candidate_4,candidate_5,5,0.024
66,candidate_3,candidate_1,candidate_2,candidate_4,candidate_5,5,0.024
67,candidate_3,candidate_1,candidate_2,candidate_4,candidate_5,5,0.024
68,candidate_3,candidate_1,candidate_2,candidate_4,candidate_5,5,0.024
69,candidate_3,candidate_1,candidate_2,candidate_4,candidate_5,5,0.024
70,candidate_3,candidate_1,candidate_2,candidate_4,candidate_5,5,0.024
71,candidate_3,candidate_1,candidate_2,candidate_4,candidate_5,5,0.024
72,candidate_3,candidate_1,candidate_2,candidate_4,candidate_5,5,0.024
73,candidate_3,candidate_1,candidate_2,candidate_4,candidate_5,5,0.024
74,candidate_3,candidate_1,candidate_2,candidate_4,candidate_5,5,0.024
75,candidate_3,candidate_1,candidate_2,candidate_4,candidate_5,5,0.024
76,candidate_3,candidate_1,candidate_2,candidate_4,candidate_5,5,0.024
77,candidate_3,candidate_1,candidate_2,candidate_4,candidate_5,5,0.024
78,candidate_3,candidate_1,candidate_2,candidate_4,candidate_5,5,0.024
79,candidate_3,candidate_1,candidate_2,candidate_4,candidate_5,5,0.024
80,candidate_3,candidate_1,candidate_2,candidate_4,candidate_5,5,0.024
81,candidate_3,candidate_1,candidate_2,candidate_4,candidate_5,5,0.024
82,candidate_3,candidate_1,candidate_2,candidate_4,candidate_5,5,0.024
83,candidate_3,candidate_1,candidate_2,candidate_4,candidate_5,5,0.024
84,candidate_3,candidate_1,candidate_2,candidate_4,candidate_5,5,0.024
85,candidate_3,candidate_1,candidate_2,candidate_4,candidate_5,5,0.024
86,candidate_3,candidate_1,candidate_2,candidate_4,candidate_5,5,0.024
87,candidate_3,candidate_1,candidate_2,candidate_4,candidate_5,5,0.024
88,candidate_3,candidate_1,candidate_2,candidate_4,candidate_5,5,0.024
89,candidate_3,candidate_1,candidate_2,candidate_4,candidate_5,5,0.024
90,candidate_3,candidate_1,candidate_2,candidate_4,candidate_5,5,0.024
91,candidate_3,candidate_1,candidate_2,candidate_4,candidate_5,5,0.024
92,candidate_3,candidate_1,candidate_2,candidate_4,candidate_5,5,0.024
93,candidate_3,candidate_1,candidate_2,candidate_4,candidate_5,5,0.024
94,candidate_3,candidate_1,candidate_2,candidate_4,candidate_5,5,0.024
95,candidate_3,candidate_1,candidate_2,candidate_4,candidate_5,5,0.024
96,candidate_3,candidate_1,candidate_2,candidate_4,candidate_5,5,0.024
97,candidate_3,candidate_1,candidate_2,candidate_4,candidate_5,5,0.024
98,candidate_3,candidate_1,candidate_2,candidate_4,0,5,0.024
99,candidate_3,candidate_1,candidate_2,candidate_4,candidate_5,5,0.024
100,candidate_3,candidate_1,candidate_2,candidate_4,candidate_5,5,0.024
101,candidate_3,candidate_1,candidate_2,candidate_4,candidate_5,5,0.024
102,candidate_3,candidate_1,candidate_2,candidate_4,candidate_5,5,0.024
103,candidate_3,candidate_1,0,candidate_4,candidate_5,5,0.024
104,candidate_3,candidate_1,candidate_2,candidate_4,candidate_5,5,0.024
105,candidate_3,candidate_1,candidate_2,candidate_4,candidate_5,5,0.024
106,candidate_3,candidate_1,candidate_2,candidate_4,candidate_5,5,0.024
107,candidate_3,candidate_1,candidate_2,candidate_4,candidate_5,5,0.024
108,candidate_3,candidate_1,candidate_2,candidate_4,candidate_5,5,0.024
109,candidate_3,candidate_1,candidate_2,candidate_4,candidate_5,5,0.024
110,candidate_3,candidate_1,candidate_2,candidate_4,candidate_5,5,0.024
111,candidate_3,candidate_1,candidate_2,candidate_4,candidate_5,5,0.024
112,candidate_3,candidate_1,candidate_2,candidate_4,candidate_5,5,0.024
113,candidate_3,candidate_1,candidate_2,candidate_4,candidate_5,5,0.024
114,candidate_3,0,candidate_2,candidate_4,candidate_5,5,0.024
115,candidate_3,candidate_1,candidate_2,candidate_4,candidate_5,5,0.024
116,candidate_3,candidate_1,candidate_2,candidate_4,candidate_5,5,0.024
117,candidate_3,candidate_1,candidate_2,candidate_4,candidate_5,5,0.024
118,candidate_3,candidate_1,candidate_2,candidate_4,candidate_5,5,0.024
119,candidate_3,candidate_1,candidate_2,candidate_4,candidate_5,5,0.024
120,candidate_3,candidate_1,candidate_2,candidate_4,candidate_5,5,0.024
121,candidate_3,candidate_1,candidate_2,candidate_4,candidate_5,5,0.024
122,candidate_3,candidate_1,candidate_2,candidate_4,candidate_5,5,0.024
0,candidate_3,candidate_1,candidate_2,candidate_5,candidate_4,5,0.024
1,candidate_3,candidate_1,candidate_2,candidate_5,candidate_4,5,0.024
2,candidate_3,candidate_1,candidate_2,candidate_5,candidate_4,5,0.024
3,candidate_3,candidate_1,candidate_2,candidate_5,candidate_4,5,0.024
4,candidate_3,candidate_1,candidate_2,candidate_5,candidate_4,5,0.024
5,candidate_3,candidate_1,candidate_2,candidate_5,candidate_4,5,0.024
6,candidate_3,candidate_1,candidate_2,candidate_5,candidate_4,5,0.024
7,candidate_3,candidate_1,candidate_2,candidate_5,candidate_4,5,0.024
8,candidate_3,candidate_1,candidate_2,candidate_5,candidate_4,5,0.024
9,candidate_3,candidate_1,candidate_2,candidate_5,candidate_4,5,0.024
10,candidate_3,candidate_1,candidate_2,candidate_5,candidate_4,5,0.024
11,candidate_3,candidate_1,candidate_2,candidate_5,candidate_4,5,0.024
12,candidate_3,candidate_1,candidate_2,candidate_5,candidate_4,5,0.024
13,candidate_3,candidate_1,candidate_2,candidate_5,candidate_4,5,0.024
14,candidate_3,candidate_1,candidate_2,candidate_5,candidate_4,5,0.024
15,0,candidate_1,candidate_2,candidate_5,candidate_4,5,0.024
0,candidate_3,0,candidate_4,candidate_2,candidate_5,5,0.024
1,candidate_3,candidate_1,candidate_4,candidate_2,candidate_5,5,0.024
2,candidate_3,candidate_1,candidate_4,candidate_2,candidate_5,5,0.024
3,candidate_3,candidate_1,candidate_4,candidate_2,candidate_5,5,0.024
4,candidate_3,candidate_1,candidate_4,candidate_2,candidate_5,5,0.024
5,candidate_3,candidate_1,candidate_4,candidate_2,candidate_5,5,0.024
6,candidate_3,candidate_1,candidate_4,candidate_2,candidate_5,5,0.024
7,candidate_3,candidate_1,candidate_4,candidate_2,candidate_5,5,0.024
8,candidate_3,candidate_1,candidate_4,candidate_2,candidate_5,5,0.024
9,candidate_3,candidate_1,candidate_4,candidate_2,candidate_5,5,0.024
10,0,candidate_1,candidate_4,candidate_2,candidate_5,5,0.024
11,candidate_3,candidate_1,candidate_4,candidate_2,candidate_5,5,0.024
12,candidate_3,candidate_1,candidate_4,candidate_2,candidate_5,5,0.024
13,candidate_3,candidate_1,candidate_4,candidate_2,candidate_5,5,0.024
14,candidate_3,candidate_1,candidate_4,candidate_2,candidate_5,5,0.024
15,candidate_3,candidate_1,candidate_4,candidate_2,candidate_5,5,0.024
16,candidate_3,candidate_1,candidate_4,candidate_2,candidate_5,5,0.024
17,candidate_3,candidate_1,0,candidate_2,candidate_5,5,0.024
18,candidate_3,candidate_1,candidate_4,candidate_2,candidate_5,5,0.024
19,candidate_3,candidate_1,candidate_4,candidate_2,candidate_5,5,0.024
20,candidate_3,candidate_1,candidate_4,candidate_2,candidate_5,5,0.024
21,candidate_3,candidate_1,candidate_4,candidate_2,candidate_5,5,0.024
22,candidate_3,candidate_1,candidate_4,candidate_2,candidate_5,5,0.024
23,candidate_3,candidate_1,candidate_4,candidate_2,candidate_5,5,0.024
24,candidate_3,candidate_1,candidate_4,candidate_2,candidate_5,5,0.024
25,candidate_3,candidate_1,candidate_4,candidate_2,candidate_5,5,0.024
26,candidate_3,candidate_1,candidate_4,candidate_2,candidate_5,5,0.024
27,candidate_3,candidate_1,candidate_4,candidate_2,candidate_5,5,0.024
28,candidate_3,candidate_1,candidate_4,0,candidate_5,5,0.024
29,candidate_3,candidate_1,candidate_4,candidate_2,candidate_5,5,0.024
30,candidate_3,candidate_1,candidate_4,candidate_2,candidate_5,5,0.024
31,candidate_3,candidate_1,candidate_4,candidate_2,candidate_5,5,0.024
32,candidate_3,candidate_1,candidate_4,candidate_2,candidate_5,5,0.024
33,candidate_3,candidate_1,candidate_4,candidate_2,candidate_5,5,0.024
34,candidate_3,candidate_1,candidate_4,candidate_2,candidate_5,5,0.024
35,candidate_3,candidate_1,candidate_4,candidate_2,candidate_5,5,0.024
36,candidate_3,0,candidate_4,candidate_2,candidate_5,5,0.024
37,candidate_3,candidate_1,candidate_4,candidate_2,candidate_5,5,0.024
38,candidate_3,candidate_1,candidate_4,candidate_2,candidate_5,5,0.024
39,candidate_3,candidate_1,candidate_4,candidate_2,candidate_5,5,0.024
40,candidate_3,candidate_1,candidate_4,candidate_2,candidate_5,5,0.024
41,candidate_3,candidate_1,candidate_4,candidate_2,candidate_5,5,0.024
42,candidate_3,candidate_1,candidate_4,candidate_2,candidate_5,5,0.024
43,candidate_3,candidate_1,candidate_4,candidate_2,candidate_5,5,0.024
44,candidate_3,candidate_1,candidate_4,candidate_2,candidate_5,5,0.024
45,0,candidate_1,candidate_4,candidate_2,candidate_5,5,0.024
46,candidate_3,candidate_1,candidate_4,candidate_2,candidate_5,5,0.024
47,candidate_3,0,candidate_4,candidate_2,candidate_5,5,0.024
48,candidate_3,candidate_1,candidate_4,candidate_2,candidate_5,5,0.024
49,candidate_3,candidate_1,candidate_4,candidate_2,candidate_5,5,0.024
50,candidate_3,candidate_1,candidate_4,candidate_2,0,5,0.024
51,candidate_3,candidate_1,candidate_4,candidate_2,candidate_5,5,0.024
52,candidate_3,candidate_1,candidate_4,candidate_2,candidate_5,5,0.024
53,candidate_3,0,candidate_4,candidate_2,candidate_5,5,0.024
54,candidate_3,candidate_1,candidate_4,candidate_2,candidate_5,5,0.024
55,candidate_3,candidate_1,candidate_4,candidate_2,candidate_5,5,0.024
56,candidate_3,candidate_1,candidate_4,0,candidate_5,5,0.024
57,candidate_3,candidate_1,candidate_4,candidate_2,candidate_5,5,0.024
58,candidate_3,candidate_1,candidate_4,candidate_2,candidate_5,5,0.024
59,candidate_3,candidate_1,candidate_4,candidate_2,candidate_5,5,0.024
60,candidate_3,candidate_1,candidate_4,candidate_2,candidate_5,5,0.024
61,candidate_3,candidate_1,candidate_4,candidate_2,candidate_5,5,0.024
62,candidate_3,candidate_1,candidate_4,candidate_2,candidate_5,5,0.024
63,candidate_3,candidate_1,candidate_4,candidate_2,candidate_5,5,0.024
64,candidate_3,candidate_1,candidate_4,candidate_2,candidate_5,5,0.024
65,candidate_3,candidate_1,candidate_4,candidate_2,candidate_5,5,0.024
66,candidate_3,candidate_1,candidate_4,candidate_2,candidate_5,5,0.024
67,candidate_3,candidate_1,candidate_4,candidate_2,0,5,0.024
68,candidate_3,candidate_1,candidate_4,candidate_2,candidate_5,5,0.024
69,candidate_3,candidate_1,candidate_4,candidate_2,candidate_5,5,0.024
70,candidate_3,0,candidate_4,candidate_2,candidate_5,5,0.024
71,candidate_3,candidate_1,candidate_4,candidate_2,candidate_5,5,0.024
72,candidate_3,candidate_1,candidate_4,candidate_2,candidate_5,5,0.024
73,candidate_3,candidate_1,candidate_4,candidate_2,candidate_5,5,0.024
74,candidate_3,candidate_1,candidate_4,candidate_2,candidate_5,5,0.024
75,candidate_3,candidate_1,candidate_4,candidate_2,candidate_5,5,0.024
76,candidate_3,candidate_1,candidate_4,candidate_2,candidate_5,5,0.024
77,candidate_3,candidate_1,candidate_4,candidate_2,candidate_5,5,0.024
78,candidate_3,candidate_1,candidate_4,candidate_2,candidate_5,5,0.024
79,candidate_3,candidate_1,candidate_4,candidate_2,candidate_5,5,0.024
80,candidate_3,candidate_1,candidate_4,candidate_2,candidate_5,5,0.024
81,candidate_3,candidate_1,candidate_4,candidate_2,candidate_5,5,0.024
82,candidate_3,candidate_1,candidate_4,candidate_2,candidate_5,5,0.024
83,candidate_3,candidate_1,candidate_4,candidate_2,candidate_5,5,0.024
84,candidate_3,candidate_1,candidate_4,candidate_2,candidate_5,5,0.024
85,candidate_3,candidate_1,candidate_4,candidate_2,candidate_5,5,0.024
86,candidate_3,candidate_1,candidate_4,candidate_2,candidate_5,5,0.024
87,candidate_3,candidate_1,candidate_4,candidate_2,candidate_5,5,0.024
88,candidate_3,candidate_1,candidate_4,candidate_2,candidate_5,5,0.024
89,candidate_3,candidate_1,0,candidate_2,candidate_5,5,0.024
90,candidate_3,candidate_1,candidate_4,candidate_2,candidate_5,5,0.024
91,candidate_3,candidate_1,candidate_4,candidate_2,candidate_5,5,0.024
92,candidate_3,candidate_1,candidate_4,candidate_2,candidate_5,5,0.024
93,candidate_3,0,candidate_4,candidate_2,candidate_5,5,0.024
94,candidate_3,candidate_1,candidate_4,candidate_2,candidate_5,5,0.024
95,candidate_3,0,candidate_4,candidate_2,candidate_5,5,0.024
96,candidate_3,candidate_1,candidate_4,candidate_2,candidate_5,5,0.024
97,candidate_3,0,candidate_4,candidate_2,candidate_5,5,0.024
98,candidate_3,candidate_1,candidate_4,candidate_2,candidate_5,5,0.024
99,candidate_3,candidate_1,candidate_4,candidate_2,candidate_5,5,0.024
100,candidate_3,candidate_1,candidate_4,candidate_2,candidate_5,5,0.024
101,candidate_3,candidate_1,candidate_4,candidate_2,candidate_5,5,0.024
102,candidate_3,candidate_1,candidate_4,candidate_2,candidate_5,5,0.024
103,candidate_3,candidate_1,candidate_4,candidate_2,candidate_5,5,0.024
104,candidate_3,candidate_1,candidate_4,candidate_2,candidate_5,5,0.024
105,candidate_3,candidate_1,candidate_4,candidate_2,candidate_5,5,0.024
106,candidate_3,candidate_1,candidate_4,candidate_2,candidate_5,5,0.024
107,candidate_3,candidate_1,candidate_4,candidate_2,candidate_5,5,0.024
108,candidate_3,candidate_1,candidate_4,candidate_2,candidate_5,5,0.024
109,candidate_3,candidate_1,candidate_4,candidate_2,candidate_5,5,0.024
110,candidate_3,candidate_1,candidate_4,candidate_2,candidate_5,5,0.024
111,candidate_3,candidate_1,candidate_4,candidate_2,candidate_5,5,0.024
112,candidate_3,candidate_1,candidate_4,candidate_2,candidate_5,5,0.024
113,candidate_3,candidate_1,candidate_4,candidate_2,candidate_5,5,0.024
114,candidate_3,candidate_1,candidate_4,candidate_2,candidate_5,5,0.024
115,candidate_3,candidate_1,candidate_4,candidate_2,candidate_5,5,0.024
116,candidate_3,candidate_1,candidate_4,candidate_2,candidate_5,5,0.024
117,candidate_3,candidate_1,candidate_4,candidate_2,candidate_5,5,0.024
118,candidate_3,candidate_1,candidate_4,candidate_2,candidate_5,5,0.024
119,candidate_3,candidate_1,candidate_4,candidate_2,candidate_5,5,0.024
120,candidate_3,candidate_1,candidate_4,candidate_2,0,5,0.024
121,candidate_3,candidate_1,candidate_4,candidate_2,candidate_5,5,0.024
122,candidate_3,candidate_1,candidate_4,candidate_2,candidate_5,5,0.024
123,candidate_3,candidate_1,candidate_4,candidate_2,candidate_5,5,0.024
124,candidate_3,candidate_1,candidate_4,candidate_2,candidate_5,5,0.024
125,candidate_3,candidate_1,candidate_4,candidate_2,candidate_5,5,0.024
126,candidate_3,candidate_1,candidate_4,candidate_2,candidate_5,5,0.024
127,candidate_3,candidate_1,candidate_4,candidate_2,candidate_5,5,0.024
128,candidate_3,candidate_1,candidate_4,candidate_2,candidate_5,5,0.024
129,candidate_3,candidate_1,candidate_4,candidate_2,candidate_5,5,0.024
130,candidate_3,candidate_1,candidate_4,candidate_2,candidate_5,5,0.024
131,candidate_3,candidate_1,candidate_4,candidate_2,candidate_5,5,0.024
132,candidate_3,candidate_1,candidate_4,candidate_2,candidate_5,5,0.024
133,candidate_3,candidate_1,candidate_4,candidate_2,candidate_5,5,0.024
134,candidate_3,candidate_1,candidate_4,candidate_2,candidate_5,5,0.024
135,candidate_3,candidate_1,candidate_4,candidate_2,candidate_5,5,0.024
136,candidate_3,candidate_1,candidate_4,candidate_2,candidate_5,5,0.024
0,candidate_3,candidate_1,candidate_4,candidate_5,candidate_2,5,0.024
1,candidate_3,candidate_1,candidate_4,candidate_5,0,5,0.024
2,candidate_3,candidate_1,candidate_4,candidate_5,candidate_2,5,0.024
3,candidate_3,candidate_1,candidate_4,candidate_5,candidate_2,5,0.024
4,candidate_3,candidate_1,candidate_4,candidate_5,0,5,0.024
5,candidate_3,candidate_1,candidate_4,candidate_5,candidate_2,5,0.024
6,candidate_3,candidate_1,candidate_4,candidate_5,candidate_2,5,0.024
7,candidate_3,candidate_1,candidate_4,candidate_5,candidate_2,5,0.024
8,candidate_3,candidate_1,candidate_4,candidate_5,candidate_2,5,0.024
9,candidate_3,candidate_1,candidate_4,candidate_5,candidate_2,5,0.024
10,candidate_3,candidate_1,candidate_4,candidate_5,candidate_2,5,0.024
11,candidate_3,candidate_1,candidate_4,candidate_5,candidate_2,5,0.024
12,candidate_3,candidate_1,candidate_4,candidate_5,0,5,0.024
13,candidate_3,candidate_1,candidate_4,candidate_5,candidate_2,5,0.024
14,candidate_3,candidate_1,candidate_4,candidate_5,candidate_2,5,0.024
15,candidate_3,candidate_1,candidate_4,candidate_5,candidate_2,5,0.024
16,candidate_3,candidate_1,candidate_4,candidate_5,candidate_2,5,0.024
0,candidate_3,candidate_1,candidate_5,candidate_2,candidate_4,5,0.024
1,candidate_3,candidate_1,candidate_5,candidate_2,candidate_4,5,0.024
2,candidate_3,candidate_1,candidate_5,candidate_2,candidate_4,5,0.024
3,candidate_3,candidate_1,candidate_5,candidate_2,candidate_4,5,0.024
4,candidate_3,candidate_1,candidate_5,candidate_2,candidate_4,5,0.024
5,candidate_3,candidate_1,0,candidate_2,candidate_4,5,0.024
6,candidate_3,candidate_1,0,candidate_2,candidate_4,5,0.024
7,candidate_3,candidate_1,candidate_5,candidate_2,candidate_4,5,0.024
8,candidate_3,candidate_1,candidate_5,candidate_2,candidate_4,5,0.024
9,candidate_3,candidate_1,0,candidate_2,candidate_4,5,0.024
10,candidate_3,candidate_1,candidate_5,candidate_2,candidate_4,5,0.024
11,candidate_3,candidate_1,candidate_5,candidate_2,candidate_4,5,0.024
12,candidate_3,candidate_1,candidate_5,candidate_2,candidate_4,5,0.024
13,candidate_3,candidate_1,candidate_5,candidate_2,candidate_4,5,0.024
14,candidate_3,candidate_1,candidate_5,candidate_2,candidate_4,5,0.024
15,candidate_3,candidate_1,candidate_5,candidate_2,candidate_4,5,0.024
16,candidate_3,candidate_1,candidate_5,candidate_2,candidate_4,5,0.024
17,candidate_3,candidate_1,candidate_5,candidate_2,candidate_4,5,0.024
18,candidate_3,candidate_1,candidate_5,candidate_2,candidate_4,5,0.024
19,candidate_3,candidate_1,candidate_5,candidate_2,candidate_4,5,0.024
20,0,candidate_1,candidate_5,candidate_2,candidate_4,5,0.024
21,candidate_3,candidate_1,candidate_5,candidate_2,candidate_4,5,0.024
22,candidate_3,candidate_1,candidate_5,candidate_2,candidate_4,5,0.024
23,candidate_3,candidate_1,candidate_5,candidate_2,candidate_4,5,0.024
24,candidate_3,candidate_1,candidate_5,candidate_2,candidate_4,5,0.024
25,candidate_3,candidate_1,candidate_5,candidate_2,candidate_4,5,0.024
26,candidate_3,candidate_1,candidate_5,candidate_2,candidate_4,5,0.024
27,candidate_3,candidate_1,candidate_5,candidate_2,candidate_4,5,0.024
28,candidate_3,candidate_1,candidate_5,candidate_2,candidate_4,5,0.024
29,candidate_3,candidate_1,candidate_5,candidate_2,candidate_4,5,0.024
30,candidate_3,candidate_1,candidate_5,candidate_2,candidate_4,5,0.024
31,candidate_3,candidate_1,candidate_5,candidate_2,candidate_4,5,0.024
32,candidate_3,candidate_1,candidate_5,candidate_2,candidate_4,5,0.024
33,candidate_3,candidate_1,candidate_5,candidate_2,candidate_4,5,0.024
34,candidate_3,candidate_1,candidate_5,candidate_2,candidate_4,5,0.024
35,candidate_3,candidate_1,candidate_5,candidate_2,candidate_4,5,0.024
36,candidate_3,candidate_1,candidate_5,candidate_2,candidate_4,5,0.024
37,candidate_3,candidate_1,candidate_5,candidate_2,candidate_4,5,0.024
38,candidate_3,candidate_1,candidate_5,candidate_2,candidate_4,5,0.024
39,candidate_3,candidate_1,candidate_5,candidate_2,candidate_4,5,0.024
40,candidate_3,candidate_1,candidate_5,0,candidate_4,5,0.024
41,candidate_3,candidate_1,candidate_5,candidate_2,candidate_4,5,0.024
42,candidate_3,candidate_1,candidate_5,candidate_2,candidate_4,5,0.024
43,candidate_3,candidate_1,candidate_5,candidate_2,candidate_4,5,0.024
44,candidate_3,candidate_1,0,candidate_2,candidate_4,5,0.024
45,candidate_3,candidate_1,candidate_5,candidate_2,candidate_4,5,0.024
46,candidate_3,candidate_1,candidate_5,candidate_2,candidate_4,5,0.024
47,candidate_3,candidate_1,candidate_5,candidate_2,candidate_4,5,0.024
48,candidate_3,candidate_1,candidate_5,candidate_2,candidate_4,5,0.024
49,candidate_3,candidate_1,candidate_5,candidate_2,candidate_4,5,0.024
50,candidate_3,candidate_1,candidate_5,candidate_2,candidate_4,5,0.024
51,candidate_3,candidate_1,candidate_5,candidate_2,candidate_4,5,0.024
52,candidate_3,candidate_1,candidate_5,candidate_2,candidate_4,5,0.024
53,candidate_3,candidate_1,candidate_5,candidate_2,candidate_4,5,0.024
54,candidate_3,candidate_1,candidate_5,candidate_2,candidate_4,5,0.024
55,candidate_3,candidate_1,candidate_5,candidate_2,candidate_4,5,0.024
56,candidate_3,candidate_1,candidate_5,candidate_2,candidate_4,5,0.024
57,candidate_3,candidate_1,candidate_5,candidate_2,candidate_4,5,0.024
58,candidate_3,candidate_1,candidate_5,candidate_2,candidate_4,5,0.024
59,candidate_3,candidate_1,candidate_5,candidate_2,candidate_4,5,0.024
60,candidate_3,candidate_1,candidate_5,candidate_2,candidate_4,5,0.024
61,candidate_3,candidate_1,candidate_5,candidate_2,candidate_4,5,0.024
62,candidate_3,candidate_1,candidate_5,candidate_2,candidate_4,5,0.024
63,candidate_3,candidate_1,candidate_5,candidate_2,candidate_4,5,0.024
64,candidate_3,candidate_1,candidate_5,candidate_2,candidate_4,5,0.024
65,candidate_3,candidate_1,candidate_5,candidate_2,candidate_4,5,0.024
66,0,candidate_1,candidate_5,candidate_2,candidate_4,5,0.024
67,candidate_3,candidate_1,candidate_5,candidate_2,candidate_4,5,0.024
68,candidate_3,candidate_1,candidate_5,candidate_2,candidate_4,5,0.024
69,candidate_3,candidate_1,candidate_5,candidate_2,candidate_4,5,0.024
70,candidate_3,candidate_1,candidate_5,candidate_2,candidate_4,5,0.024
71,candidate_3,candidate_1,candidate_5,candidate_2,candidate_4,5,0.024
72,candidate_3,candidate_1,0,0,candidate_4,5,0.024
73,candidate_3,candidate_1,candidate_5,candidate_2,candidate_4,5,0.024
74,candidate_3,candidate_1,candidate_5,candidate_2,candidate_4,5,0.024
75,candidate_3,candidate_1,candidate_5,candidate_2,candidate_4,5,0.024
76,candidate_3,candidate_1,candidate_5,candidate_2,candidate_4,5,0.024
77,candidate_3,candidate_1,candidate_5,candidate_2,candidate_4,5,0.024
78,candidate_3,candidate_1,candidate_5,candidate_2,candidate_4,5,0.024
79,candidate_3,candidate_1,candidate_5,candidate_2,candidate_4,5,0.024
80,candidate_3,candidate_1,candidate_5,candidate_2,candidate_4,5,0.024
81,candidate_3,candidate_1,candidate_5,candidate_2,0,5,0.024
82,candidate_3,candidate_1,candidate_5,candidate_2,0,5,0.024
83,candidate_3,candidate_1,candidate_5,candidate_2,candidate_4,5,0.024
84,candidate_3,0,candidate_5,candidate_2,candidate_4,5,0.024
85,candidate_3,candidate_1,candidate_5,candidate_2,candidate_4,5,0.024
86,candidate_3,0,candidate_5,candidate_2,candidate_4,5,0.024
87,candidate_3,candidate_1,candidate_5,candidate_2,candidate_4,5,0.024
88,candidate_3,candidate_1,candidate_5,candidate_2,candidate_4,5,0.024
0,candidate_3,candidate_1,candidate_5,candidate_4,candidate_2,5,0.024
1,candidate_3,candidate_1,candidate_5,candidate_4,candidate_2,5,0.024
2,candidate_3,candidate_1,candidate_5,candidate_4,candidate_2,5,0.024
3,candidate_3,candidate_1,candidate_5,candidate_4,candidate_2,5,0.024
4,candidate_3,candidate_1,candidate_5,candidate_4,candidate_2,5,0.024
5,candidate_3,candidate_1,candidate_5,candidate_4,candidate_2,5,0.024
6,candidate_3,candidate_1,candidate_5,candidate_4,candidate_2,5,0.024
7,candidate_3,candidate_1,candidate_5,candidate_4,candidate_2,5,0.024
8,candidate_3,candidate_1,candidate_5,candidate_4,candidate_2,5,0.024
9,candidate_3,candidate_1,candidate_5,candidate_4,0,5,0.024
10,candidate_3,candidate_1,candidate_5,candidate_4,candidate_2,5,0.024
11,0,candidate_1,candidate_5,candidate_4,candidate_2,5,0.024
12,candidate_3,candidate_1,candidate_5,candidate_4,candidate_2,5,0.024
13,candidate_3,candidate_1,candidate_5,candidate_4,candidate_2,5,0.024
14,candidate_3,candidate_1,candidate_5,candidate_4,candidate_2,5,0.024
15,candidate_3,candidate_1,candidate_5,candidate_4,candidate_2,5,0.024
16,candidate_3,candidate_1,candidate_5,candidate_4,candidate_2,5,0.024
17,candidate_3,candidate_1,candidate_5,candidate_4,candidate_2,5,0.024
18,candidate_3,candidate_1,candidate_5,candidate_4,candidate_2,5,0.024
19,candidate_3,candidate_1,candidate_5,candidate_4,candidate_2,5,0.024
20,candidate_3,candidate_1,candidate_5,candidate_4,candidate_2,5,0.024
21,candidate_3,candidate_1,candidate_5,candidate_4,candidate_2,5,0.024
22,candidate_3,candidate_1,candidate_5,candidate_4,candidate_2,5,0.024
23,candidate_3,0,candidate_5,candidate_4,candidate_2,5,0.024
24,candidate_3,candidate_1,candidate_5,candidate_4,candidate_2,5,0.024
25,0,candidate_1,candidate_5,candidate_4,candidate_2,5,0.024
26,candidate_3,candidate_1,candidate_5,candidate_4,candidate_2,5,0.024
27,candidate_3,candidate_1,candidate_5,candidate_4,candidate_2,5,0.024
28,candidate_3,candidate_1,candidate_5,candidate_4,candidate_2,5,0.024
29,candidate_3,candidate_1,candidate_5,candidate_4,candidate_2,5,0.024
30,candidate_3,candidate_1,candidate_5,candidate_4,candidate_2,5,0.024
31,candidate_3,candidate_1,candidate_5,candidate_4,candidate_2,5,0.024
32,candidate_3,candidate_1,candidate_5,candidate_4,candidate_2,5,0.024
33,candidate_3,candidate_1,candidate_5,0,candidate_2,5,0.024
34,candidate_3,candidate_1,candidate_5,candidate_4,candidate_2,5,0.024
35,candidate_3,candidate_1,candidate_5,candidate_4,candidate_2,5,0.024
36,candidate_3,candidate_1,0,candidate_4,candidate_2,5,0.024
37,candidate_3,candidate_1,candidate_5,candidate_4,candidate_2,5,0.024
38,candidate_3,candidate_1,candidate_5,candidate_4,candidate_2,5,0.024
39,candidate_3,candidate_1,candidate_5,candidate_4,candidate_2,5,0.024
40,candidate_3,candidate_1,candidate_5,candidate_4,candidate_2,5,0.024
41,candidate_3,candidate_1,candidate_5,candidate_4,candidate_2,5,0.024
42,candidate_3,candidate_1,0,candidate_4,candidate_2,5,0.024
43,candidate_3,candidate_1,candidate_5,candidate_4,candidate_2,5,0.024
44,candidate_3,candidate_1,candidate_5,candidate_4,candidate_2,5,0.024
45,candidate_3,candidate_1,candidate_5,candidate_4,candidate_2,5,0.024
46,candidate_3,candidate_1,candidate_5,candidate_4,candidate_2,5,0.024
47,candidate_3,candidate_1,candidate_5,candidate_4,candidate_2,5,0.024
48,candidate_3,candidate_1,candidate_5,candidate_4,candidate_2,5,0.024
49,candidate_3,candidate_1,candidate_5,candidate_4,candidate_2,5,0.024
50,candidate_3,0,candidate_5,candidate_4,candidate_2,5,0.024
51,candidate_3,candidate_1,candidate_5,candidate_4,candidate_2,5,0.024
52,0,candidate_1,candidate_5,candidate_4,0,5,0.024
53,candidate_3,candidate_1,candidate_5,candidate_4,candidate_2,5,0.024
54,candidate_3,candidate_1,candidate_5,candidate_4,candidate_2,5,0.024
55,candidate_3,candidate_1,candidate_5,candidate_4,candidate_2,5,0.024
56,candidate_3,candidate_1,candidate_5,candidate_4,candidate_2,5,0.024
57,candidate_3,candidate_1,candidate_5,candidate_4,candidate_2,5,0.024
58,candidate_3,candidate_1,candidate_5,candidate_4,candidate_2,5,0.024
59,candidate_3,candidate_1,candidate_5,candidate_4,candidate_2,5,0.024
60,candidate_3,candidate_1,candidate_5,candidate_4,candidate_2,5,0.024
61,candidate_3,candidate_1,candidate_5,candidate_4,candidate_2,5,0.024
62,candidate_3,candidate_1,candidate_5,candidate_4,candidate_2,5,0.024
63,candidate_3,candidate_1,0,candidate_4,0,5,0.024
64,candidate_3,candidate_1,candidate_5,candidate_4,candidate_2,5,0.024
65,candidate_3,candidate_1,candidate_5,candidate_4,candidate_2,5,0.024
66,candidate_3,candidate_1,candidate_5,candidate_4,candidate_2,5,0.024
67,candidate_3,candidate_1,candidate_5,candidate_4,candidate_2,5,0.024
68,candidate_3,0,candidate_5,candidate_4,candidate_2,5,0.024
69,candidate_3,candidate_1,candidate_5,candidate_4,candidate_2,5,0.024
70,candidate_3,candidate_1,candidate_5,candidate_4,candidate_2,5,0.024
71,candidate_3,candidate_1,candidate_5,candidate_4,candidate_2,5,0.024
72,candidate_3,candidate_1,candidate_5,candidate_4,candidate_2,5,0.024
73,candidate_3,0,candidate_5,candidate_4,candidate_2,5,0.024
74,candidate_3,candidate_1,candidate_5,candidate_4,candidate_2,5,0.024
75,candidate_3,candidate_1,candidate_5,candidate_4,candidate_2,5,0.024
76,candidate_3,candidate_1,candidate_5,candidate_4,candidate_2,5,0.024
77,candidate_3,candidate_1,candidate_5,candidate_4,candidate_2,5,0.024
78,candidate_3,candidate_1,candidate_5,candidate_4,candidate_2,5,0.024
79,candidate_3,candidate_1,candidate_5,candidate_4,candidate_2,5,0.024
80,candidate_3,candidate_1,candidate_5,candidate_4,candidate_2,5,0.024
81,candidate_3,candidate_1,candidate_5,candidate_4,candidate_2,5,0.024
82,candidate_3,candidate_1,candidate_5,candidate_4,candidate_2,5,0.024
83,candidate_3,candidate_1,candidate_5,candidate_4,candidate_2,5,0.024
84,candidate_3,candidate_1,candidate_5,candidate_4,candidate_2,5,0.024
85,candidate_3,candidate_1,candidate_5,candidate_4,candidate_2,5,0.024
86,candidate_3,0,candidate_5,candidate_4,candidate_2,5,0.024
87,candidate_3,candidate_1,candidate_5,0,candidate_2,5,0.024
88,candidate_3,candidate_1,candidate_5,candidate_4,candidate_2,5,0.024
89,candidate_3,candidate_1,candidate_5,candidate_4,candidate_2,5,0.024
90,candidate_3,candidate_1,candidate_5,candidate_4,candidate_2,5,0.024
91,candidate_3,candidate_1,candidate_5,candidate_4,candidate_2,5,0.024
92,candidate_3,candidate_1,candidate_5,candidate_4,candidate_2,5,0.024
93,candidate_3,candidate_1,candidate_5,candidate_4,candidate_2,5,0.024
94,candidate_3,candidate_1,candidate_5,candidate_4,candidate_2,5,0.024
95,candidate_3,candidate_1,candidate_5,candidate_4,candidate_2,5,0.024
96,candidate_3,candidate_1,candidate_5,candidate_4,candidate_2,5,0.024
97,candidate_3,candidate_1,candidate_5,candidate_4,candidate_2,5,0.024
98,candidate_3,candidate_1,candidate_5,candidate_4,candidate_2,5,0.024
99,candidate_3,candidate_1,candidate_5,candidate_4,candidate_2,5,0.024
100,candidate_3,candidate_1,candidate_5,candidate_4,candidate_2,5,0.024
101,candidate_3,candidate_1,candidate_5,candidate_4,candidate_2,5,0.024
102,candidate_3,candidate_1,candidate_5,candidate_4,candidate_2,5,0.024
103,candidate_3,candidate_1,candidate_5,candidate_4,candidate_2,5,0.024
104,candidate_3,candidate_1,candidate_5,candidate_4,candidate_2,5,0.024
105,candidate_3,candidate_1,candidate_5,candidate_4,candidate_2,5,0.024
106,candidate_3,candidate_1,candidate_5,candidate_4,candidate_2,5,0.024
107,candidate_3,candidate_1,candidate_5,candidate_4,0,5,0.024
108,candidate_3,candidate_1,candidate_5,candidate_4,candidate_2,5,0.024
109,candidate_3,candidate_1,candidate_5,candidate_4,candidate_2,5,0.024
110,candidate_3,candidate_1,candidate_5,candidate_4,candidate_2,5,0.024
111,candidate_3,candidate_1,candidate_5,candidate_4,candidate_2,5,0.024
112,candidate_3,candidate_1,candidate_5,candidate_4,candidate_2,5,0.024
113,candidate_3,candidate_1,candidate_5,candidate_4,candidate_2,5,0.024
114,0,candidate_1,candidate_5,candidate_4,0,5,0.024
115,candidate_3,candidate_1,candidate_5,candidate_4,candidate_2,5,0.024
116,candidate_3,candidate_1,candidate_5,candidate_4,candidate_2,5,0.024
117,candidate_3,candidate_1,candidate_5,candidate_4,candidate_2,5,0.024
118,candidate_3,candidate_1,candidate_5,candidate_4,candidate_2,5,0.024
119,candidate_3,candidate_1,candidate_5,candidate_4,candidate_2,5,0.024
120,candidate_3,candidate_1,candidate_5,candidate_4,candidate_2,5,0.024
121,candidate_3,candidate_1,candidate_5,candidate_4,candidate_2,5,0.024
122,candidate_3,candidate_1,candidate_5,candidate_4,candidate_2,5,0.024
123,0,candidate_1,candidate_5,candidate_4,candidate_2,5,0.024
124,candidate_3,candidate_1,0,candidate_4,candidate_2,5,0.024
125,candidate_3,candidate_1,candidate_5,candidate_4,0,5,0.024
126,candidate_3,candidate_1,candidate_5,candidate_4,candidate_2,5,0.024
127,candidate_3,candidate_1,candidate_5,candidate_4,candidate_2,5,0.024
128,candidate_3,candidate_1,candidate_5,candidate_4,candidate_2,5,0.024
129,candidate_3,candidate_1,candidate_5,candidate_4,candidate_2,5,0.024
130,candidate_3,candidate_1,candidate_5,candidate_4,candidate_2,5,0.024
131,candidate_3,candidate_1,candidate_5,candidate_4,candidate_2,5,0.024
132,candidate_3,candidate_1,candidate_5,candidate_4,candidate_2,5,0.024
133,candidate_3,candidate_1,candidate_5,candidate_4,candidate_2,5,0.024
134,candidate_3,candidate_1,candidate_5,candidate_4,candidate_2,5,0.024
135,candidate_3,candidate_1,candidate_5,candidate_4,candidate_2,5,0.024
136,candidate_3,candidate_1,candidate_5,candidate_4,candidate_2,5,0.024
137,candidate_3,candidate_1,candidate_5,candidate_4,candidate_2,5,0.024
138,candidate_3,candidate_1,candidate_5,candidate_4,candidate_2,5,0.024
139,candidate_3,candidate_1,candidate_5,candidate_4,candidate_2,5,0.024
140,candidate_3,candidate_1,candidate_5,candidate_4,candidate_2,5,0.024
141,candidate_3,candidate_1,candidate_5,candidate_4,candidate_2,5,0.024
142,candidate_3,candidate_1,candidate_5,candidate_4,candidate_2,5,0.024
143,candidate_3,candidate_1,candidate_5,candidate_4,candidate_2,5,0.024
144,candidate_3,candidate_1,candidate_5,candidate_4,candidate_2,5,0.024
145,candidate_3,candidate_1,candidate_5,candidate_4,candidate_2,5,0.024
146,candidate_3,candidate_1,candidate_5,candidate_4,candidate_2,5,0.024
147,candidate_3,candidate_1,candidate_5,candidate_4,candidate_2,5,0.024
148,candidate_3,candidate_1,candidate_5,candidate_4,candidate_2,5,0.024
149,candidate_3,candidate_1,candidate_5,candidate_4,candidate_2,5,0.024
150,candidate_3,candidate_1,candidate_5,candidate_4,candidate_2,5,0.024
151,candidate_3,candidate_1,candidate_5,candidate_4,candidate_2,5,0.024
152,candidate_3,candidate_1,candidate_5,candidate_4,candidate_2,5,0.024
153,candidate_3,candidate_1,candidate_5,candidate_4,candidate_2,5,0.024
0,candidate_3,candidate_2,candidate_1,candidate_4,candidate_5,5,0.024
1,candidate_3,candidate_2,candidate_1,candidate_4,candidate_5,5,0.024
2,candidate_3,candidate_2,candidate_1,candidate_4,candidate_5,5,0.024
3,candidate_3,candidate_2,candidate_1,candidate_4,candidate_5,5,0.024
4,candidate_3,candidate_2,0,candidate_4,candidate_5,5,0.024
5,0,candidate_2,candidate_1,candidate_4,candidate_5,5,0.024
6,candidate_3,candidate_2,candidate_1,candidate_4,candidate_5,5,0.024
7,0,candidate_2,candidate_1,candidate_4,candidate_5,5,0.024
8,candidate_3,candidate_2,candidate_1,candidate_4,candidate_5,5,0.024
9,candidate_3,candidate_2,candidate_1,candidate_4,candidate_5,5,0.024
10,candidate_3,candidate_2,candidate_1,candidate_4,candidate_5,5,0.024
11,candidate_3,candidate_2,candidate_1,candidate_4,candidate_5,5,0.024
12,candidate_3,candidate_2,candidate_1,candidate_4,candidate_5,5,0.024
13,candidate_3,candidate_2,candidate_1,candidate_4,candidate_5,5,0.024
14,candidate_3,candidate_2,candidate_1,candidate_4,candidate_5,5,0.024
15,candidate_3,candidate_2,candidate_1,candidate_4,candidate_5,5,0.024
16,candidate_3,candidate_2,candidate_1,candidate_4,candidate_5,5,0.024
17,candidate_3,candidate_2,candidate_1,candidate_4,candidate_5,5,0.024
18,candidate_3,candidate_2,candidate_1,candidate_4,candidate_5,5,0.024
19,candidate_3,candidate_2,candidate_1,candidate_4,candidate_5,5,0.024
20,candidate_3,candidate_2,candidate_1,candidate_4,candidate_5,5,0.024
21,candidate_3,candidate_2,candidate_1,candidate_4,candidate_5,5,0.024
22,candidate_3,candidate_2,candidate_1,candidate_4,candidate_5,5,0.024
23,candidate_3,candidate_2,candidate_1,candidate_4,candidate_5,5,0.024
24,candidate_3,candidate_2,candidate_1,candidate_4,candidate_5,5,0.024
25,candidate_3,candidate_2,candidate_1,candidate_4,candidate_5,5,0.024
26,candidate_3,candidate_2,candidate_1,candidate_4,candidate_5,5,0.024
27,candidate_3,candidate_2,candidate_1,candidate_4,candidate_5,5,0.024
28,candidate_3,candidate_2,candidate_1,candidate_4,candidate_5,5,0.024
29,candidate_3,candidate_2,candidate_1,candidate_4,candidate_5,5,0.024
30,candidate_3,candidate_2,candidate_1,candidate_4,candidate_5,5,0.024
31,candidate_3,candidate_2,candidate_1,candidate_4,candidate_5,5,0.024
32,candidate_3,candidate_2,candidate_1,candidate_4,candidate_5,5,0.024
33,candidate_3,candidate_2,candidate_1,candidate_4,candidate_5,5,0.024
34,candidate_3,candidate_2,candidate_1,candidate_4,candidate_5,5,0.024
35,candidate_3,candidate_2,candidate_1,candidate_4,candidate_5,5,0.024
36,candidate_3,candidate_2,candidate_1,candidate_4,candidate_5,5,0.024
37,candidate_3,candidate_2,candidate_1,candidate_4,candidate_5,5,0.024
38,candidate_3,candidate_2,candidate_1,candidate_4,candidate_5,5,0.024
39,candidate_3,candidate_2,candidate_1,candidate_4,candidate_5,5,0.024
40,candidate_3,candidate_2,0,0,candidate_5,5,0.024
41,candidate_3,candidate_2,candidate_1,candidate_4,candidate_5,5,0.024
42,candidate_3,candidate_2,candidate_1,candidate_4,candidate_5,5,0.024
43,candidate_3,candidate_2,candidate_1,candidate_4,candidate_5,5,0.024
44,candidate_3,candidate_2,0,candidate_4,candidate_5,5,0.024
45,candidate_3,candidate_2,candidate_1,candidate_4,candidate_5,5,0.024
46,0,candidate_2,candidate_1,candidate_4,candidate_5,5,0.024
47,candidate_3,candidate_2,candidate_1,candidate_4,candidate_5,5,0.024
48,candidate_3,candidate_2,candidate_1,candidate_4,candidate_5,5,0.024
49,candidate_3,candidate_2,candidate_1,candidate_4,candidate_5,5,0.024
50,candidate_3,candidate_2,candidate_1,candidate_4,candidate_5,5,0.024
51,candidate_3,candidate_2,candidate_1,candidate_4,candidate_5,5,0.024
52,candidate_3,candidate_2,candidate_1,candidate_4,candidate_5,5,0.024
53,candidate_3,candidate_2,candidate_1,candidate_4,candidate_5,5,0.024
54,candidate_3,candidate_2,candidate_1,candidate_4,candidate_5,5,0.024
55,candidate_3,candidate_2,candidate_1,candidate_4,0,5,0.024
56,candidate_3,candidate_2,0,candidate_4,candidate_5,5,0.024
57,candidate_3,candidate_2,candidate_1,candidate_4,candidate_5,5,0.024
58,candidate_3,candidate_2,candidate_1,candidate_4,candidate_5,5,0.024
59,candidate_3,candidate_2,candidate_1,candidate_4,candidate_5,5,0.024
60,candidate_3,candidate_2,candidate_1,candidate_4,candidate_5,5,0.024
61,candidate_3,candidate_2,candidate_1,candidate_4,candidate_5,5,0.024
62,candidate_3,candidate_2,candidate_1,candidate_4,candidate_5,5,0.024
63,candidate_3,candidate_2,candidate_1,candidate_4,0,5,0.024
64,candidate_3,candidate_2,candidate_1,candidate_4,candidate_5,5,0.024
65,candidate_3,candidate_2,candidate_1,candidate_4,candidate_5,5,0.024
66,candidate_3,candidate_2,candidate_1,candidate_4,candidate_5,5,0.024
67,candidate_3,0,candidate_1,candidate_4,candidate_5,5,0.024
68,candidate_3,candidate_2,candidate_1,candidate_4,candidate_5,5,0.024
69,candidate_3,candidate_2,candidate_1,candidate_4,candidate_5,5,0.024
70,candidate_3,candidate_2,candidate_1,candidate_4,candidate_5,5,0.024
71,candidate_3,candidate_2,candidate_1,candidate_4,candidate_5,5,0.024
72,candidate_3,candidate_2,0,candidate_4,candidate_5,5,0.024
73,candidate_3,candidate_2,candidate_1,candidate_4,candidate_5,5,0.024
74,candidate_3,candidate_2,candidate_1,candidate_4,candidate_5,5,0.024
75,candidate_3,candidate_2,candidate_1,candidate_4,candidate_5,5,0.024
76,candidate_3,candidate_2,candidate_1,candidate_4,candidate_5,5,0.024
77,candidate_3,candidate_2,candidate_1,candidate_4,candidate_5,5,0.024
78,candidate_3,candidate_2,candidate_1,candidate_4,candidate_5,5,0.024
79,candidate_3,candidate_2,candidate_1,0,candidate_5,5,0.024
80,candidate_3,candidate_2,candidate_1,candidate_4,candidate_5,5,0.024
81,candidate_3,candidate_2,candidate_1,candidate_4,candidate_5,5,0.024
82,candidate_3,candidate_2,candidate_1,candidate_4,candidate_5,5,0.024
0,candidate_3,candidate_2,candidate_1,candidate_5,candidate_4,5,0.024
1,candidate_3,candidate_2,candidate_1,candidate_5,candidate_4,5,0.024
2,candidate_3,candidate_2,candidate_1,candidate_5,candidate_4,5,0.024
3,candidate_3,candidate_2,candidate_1,candidate_5,candidate_4,5,0.024
4,candidate_3,candidate_2,candidate_1,candidate_5,candidate_4,5,0.024
5,candidate_3,candidate_2,candidate_1,candidate_5,candidate_4,5,0.024
6,candidate_3,candidate_2,candidate_1,candidate_5,candidate_4,5,0.024
7,candidate_3,candidate_2,candidate_1,candidate_5,candidate_4,5,0.024
8,candidate_3,candidate_2,candidate_1,candidate_5,candidate_4,5,0.024
9,candidate_3,candidate_2,candidate_1,0,candidate_4,5,0.024
10,candidate_3,candidate_2,candidate_1,candidate_5,candidate_4,5,0.024
11,candidate_3,candidate_2,candidate_1,candidate_5,candidate_4,5,0.024
12,candidate_3,candidate_2,candidate_1,candidate_5,candidate_4,5,0.024
13,candidate_3,candidate_2,candidate_1,candidate_5,candidate_4,5,0.024
14,candidate_3,candidate_2,candidate_1,candidate_5,0,5,0.024
15,candidate_3,candidate_2,candidate_1,candidate_5,candidate_4,5,0.024
16,candidate_3,candidate_2,candidate_1,candidate_5,candidate_4,5,0.024
17,candidate_3,candidate_2,candidate_1,candidate_5,candidate_4,5,0.024
18,candidate_3,candidate_2,candidate_1,candidate_5,candidate_4,5,0.024
19,candidate_3,candidate_2,candidate_1,candidate_5,candidate_4,5,0.024
20,candidate_3,candidate_2,candidate_1,candidate_5,candidate_4,5,0.024
21,candidate_3,candidate_2,candidate_1,candidate_5,candidate_4,5,0.024
22,candidate_3,candidate_2,candidate_1,candidate_5,candidate_4,5,0.024
23,candidate_3,candidate_2,candidate_1,candidate_5,candidate_4,5,0.024
24,candidate_3,candidate_2,candidate_1,candidate_5,candidate_4,5,0.024
25,candidate_3,candidate_2,candidate_1,candidate_5,candidate_4,5,0.024
26,candidate_3,candidate_2,candidate_1,0,candidate_4,5,0.024
27,candidate_3,candidate_2,candidate_1,candidate_5,candidate_4,5,0.024
28,candidate_3,candidate_2,candidate_1,candidate_5,candidate_4,5,0.024
29,candidate_3,candidate_2,candidate_1,candidate_5,candidate_4,5,0.024
30,candidate_3,candidate_2,candidate_1,candidate_5,candidate_4,5,0.024
31,candidate_3,candidate_2,candidate_1,candidate_5,candidate_4,5,0.024
32,candidate_3,candidate_2,candidate_1,candidate_5,candidate_4,5,0.024
33,candidate_3,candidate_2,candidate_1,candidate_5,candidate_4,5,0.024
34,candidate_3,candidate_2,candidate_1,candidate_5,candidate_4,5,0.024
35,candidate_3,candidate_2,candidate_1,candidate_5,candidate_4,5,0.024
36,candidate_3,candidate_2,candidate_1,candidate_5,candidate_4,5,0.024
37,candidate_3,candidate_2,0,candidate_5,0,5,0.024
38,candidate_3,candidate_2,candidate_1,candidate_5,candidate_4,5,0.024
39,candidate_3,candidate_2,candidate_1,candidate_5,candidate_4,5,0.024
40,candidate_3,candidate_2,candidate_1,candidate_5,candidate_4,5,0.024
41,candidate_3,candidate_2,candidate_1,candidate_5,candidate_4,5,0.024
42,candidate_3,candidate_2,candidate_1,candidate_5,candidate_4,5,0.024
43,candidate_3,candidate_2,candidate_1,candidate_5,candidate_4,5,0.024
44,candidate_3,candidate_2,candidate_1,candidate_5,candidate_4,5,0.024
45,candidate_3,candidate_2,candidate_1,candidate_5,0,5,0.024
46,candidate_3,candidate_2,candidate_1,candidate_5,candidate_4,5,0.024
47,candidate_3,candidate_2,candidate_1,candidate_5,candidate_4,5,0.024
48,candidate_3,candidate_2,candidate_1,candidate_5,candidate_4,5,0.024
49,candidate_3,candidate_2,candidate_1,candidate_5,candidate_4,5,0.024
50,candidate_3,candidate_2,candidate_1,candidate_5,candidate_4,5,0.024
51,candidate_3,candidate_2,candidate_1,candidate_5,candidate_4,5,0.024
52,candidate_3,candidate_2,candidate_1,candidate_5,candidate_4,5,0.024
53,candidate_3,candidate_2,candidate_1,candidate_5,candidate_4,5,0.024
54,candidate_3,candidate_2,candidate_1,candidate_5,candidate_4,5,0.024
55,candidate_3,candidate_2,candidate_1,candidate_5,candidate_4,5,0.024
56,candidate_3,candidate_2,candidate_1,candidate_5,candidate_4,5,0.024
57,candidate_3,candidate_2,candidate_1,candidate_5,candidate_4,5,0.024
58,candidate_3,candidate_2,candidate_1,candidate_5,candidate_4,5,0.024
59,candidate_3,candidate_2,candidate_1,candidate_5,candidate_4,5,0.024
60,candidate_3,candidate_2,candidate_1,candidate_5,candidate_4,5,0.024
61,candidate_3,candidate_2,candidate_1,candidate_5,candidate_4,5,0.024
62,candidate_3,candidate_2,candidate_1,candidate_5,candidate_4,5,0.024
63,candidate_3,candidate_2,candidate_1,candidate_5,candidate_4,5,0.024
64,candidate_3,candidate_2,candidate_1,candidate_5,candidate_4,5,0.024
65,candidate_3,candidate_2,candidate_1,candidate_5,candidate_4,5,0.024
66,candidate_3,candidate_2,candidate_1,candidate_5,candidate_4,5,0.024
67,candidate_3,candidate_2,candidate_1,candidate_5,candidate_4,5,0.024
68,0,candidate_2,candidate_1,candidate_5,candidate_4,5,0.024
69,candidate_3,candidate_2,0,candidate_5,candidate_4,5,0.024
70,candidate_3,candidate_2,candidate_1,candidate_5,candidate_4,5,0.024
71,candidate_3,candidate_2,candidate_1,candidate_5,0,5,0.024
72,candidate_3,candidate_2,candidate_1,candidate_5,candidate_4,5,0.024
73,candidate_3,candidate_2,candidate_1,candidate_5,candidate_4,5,0.024
74,candidate_3,candidate_2,candidate_1,candidate_5,candidate_4,5,0.024
75,candidate_3,candidate_2,candidate_1,candidate_5,candidate_4,5,0.024
76,candidate_3,candidate_2,candidate_1,candidate_5,candidate_4,5,0.024
77,candidate_3,0,candidate_1,candidate_5,candidate_4,5,0.024
78,candidate_3,candidate_2,candidate_1,0,candidate_4,5,0.024
79,candidate_3,candidate_2,candidate_1,candidate_5,candidate_4,5,0.024
80,candidate_3,candidate_2,candidate_1,candidate_5,candidate_4,5,0.024
81,candidate_3,candidate_2,candidate_1,candidate_5,candidate_4,5,0.024
82,candidate_3,candidate_2,candidate_1,candidate_5,candidate_4,5,0.024
83,candidate_3,candidate_2,candidate_1,candidate_5,candidate_4,5,0.024
84,candidate_3,candidate_2,candidate_1,candidate_5,0,5,0.024
85,candidate_3,candidate_2,candidate_1,candidate_5,candidate_4,5,0.024
86,candidate_3,candidate_2,candidate_1,candidate_5,candidate_4,5,0.024
87,candidate_3,candidate_2,candidate_1,candidate_5,candidate_4,5,0.024
88,candidate_3,candidate_2,candidate_1,candidate_5,candidate_4,5,0.024
89,candidate_3,candidate_2,candidate_1,candidate_5,candidate_4,5,0.024
90,candidate_3,candidate_2,candidate_1,candidate_5,candidate_4,5,0.024
91,0,candidate_2,candidate_1,candidate_5,candidate_4,5,0.024
92,candidate_3,candidate_2,candidate_1,candidate_5,candidate_4,5,0.024
93,candidate_3,candidate_2,candidate_1,candidate_5,candidate_4,5,0.024
94,candidate_3,candidate_2,candidate_1,candidate_5,candidate_4,5,0.024
95,candidate_3,candidate_2,candidate_1,candidate_5,candidate_4,5,0.024
96,candidate_3,candidate_2,candidate_1,candidate_5,candidate_4,5,0.024
97,candidate_3,candidate_2,candidate_1,candidate_5,candidate_4,5,0.024
98,candidate_3,candidate_2,candidate_1,candidate_5,candidate_4,5,0.024
99,candidate_3,candidate_2,candidate_1,candidate_5,candidate_4,5,0.024
100,0,candidate_2,candidate_1,candidate_5,candidate_4,5,0.024
101,candidate_3,candidate_2,candidate_1,candidate_5,candidate_4,5,0.024
102,candidate_3,candidate_2,candidate_1,candidate_5,candidate_4,5,0.024
103,candidate_3,candidate_2,candidate_1,candidate_5,candidate_4,5,0.024
104,candidate_3,candidate_2,candidate_1,candidate_5,candidate_4,5,0.024
105,candidate_3,candidate_2,candidate_1,candidate_5,candidate_4,5,0.024
106,candidate_3,candidate_2,candidate_1,candidate_5,candidate_4,5,0.024
107,candidate_3,candidate_2,candidate_1,candidate_5,candidate_4,5,0.024
108,candidate_3,candidate_2,candidate_1,candidate_5,candidate_4,5,0.024
109,candidate_3,candidate_2,candidate_1,candidate_5,candidate_4,5,0.024
110,candidate_3,candidate_2,candidate_1,candidate_5,candidate_4,5,0.024
111,candidate_3,candidate_2,candidate_1,candidate_5,candidate_4,5,0.024
112,candidate_3,candidate_2,candidate_1,candidate_5,candidate_4,5,0.024
113,candidate_3,candidate_2,candidate_1,candidate_5,candidate_4,5,0.024
114,candidate_3,candidate_2,candidate_1,candidate_5,candidate_4,5,0.024
115,candidate_3,candidate_2,candidate_1,candidate_5,candidate_4,5,0.024
116,candidate_3,candidate_2,candidate_1,candidate_5,candidate_4,5,0.024
117,candidate_3,candidate_2,candidate_1,candidate_5,candidate_4,5,0.024
118,candidate_3,0,candidate_1,candidate_5,candidate_4,5,0.024
119,candidate_3,candidate_2,candidate_1,candidate_5,candidate_4,5,0.024
120,candidate_3,candidate_2,candidate_1,candidate_5,candidate_4,5,0.024
121,candidate_3,candidate_2,candidate_1,candidate_5,candidate_4,5,0.024
122,candidate_3,candidate_2,candidate_1,candidate_5,candidate_4,5,0.024
123,candidate_3,candidate_2,candidate_1,candidate_5,candidate_4,5,0.024
124,candidate_3,candidate_2,candidate_1,candidate_5,candidate_4,5,0.024
125,candidate_3,candidate_2,candidate_1,candidate_5,candidate_4,5,0.024
0,candidate_3,candidate_2,candidate_4,candidate_1,candidate_5,5,0.024
1,candidate_3,candidate_2,candidate_4,candidate_1,candidate_5,5,0.024
2,candidate_3,candidate_2,candidate_4,candidate_1,candidate_5,5,0.024
3,candidate_3,candidate_2,candidate_4,candidate_1,candidate_5,5,0.024
4,candidate_3,candidate_2,candidate_4,candidate_1,0,5,0.024
5,candidate_3,0,candidate_4,0,candidate_5,5,0.024
6,candidate_3,candidate_2,candidate_4,candidate_1,candidate_5,5,0.024
7,candidate_3,candidate_2,candidate_4,candidate_1,candidate_5,5,0.024
8,candidate_3,candidate_2,candidate_4,candidate_1,candidate_5,5,0.024
9,candidate_3,candidate_2,candidate_4,candidate_1,candidate_5,5,0.024
10,candidate_3,candidate_2,candidate_4,candidate_1,candidate_5,5,0.024
11,candidate_3,candidate_2,candidate_4,candidate_1,candidate_5,5,0.024
12,candidate_3,candidate_2,candidate_4,candidate_1,candidate_5,5,0.024
13,candidate_3,candidate_2,candidate_4,candidate_1,candidate_5,5,0.024
14,candidate_3,candidate_2,candidate_4,candidate_1,candidate_5,5,0.024
15,candidate_3,candidate_2,candidate_4,candidate_1,candidate_5,5,0.024
16,candidate_3,candidate_2,candidate_4,candidate_1,candidate_5,5,0.024
17,candidate_3,candidate_2,candidate_4,candidate_1,candidate_5,5,0.024
18,candidate_3,candidate_2,candidate_4,candidate_1,candidate_5,5,0.024
19,candidate_3,candidate_2,candidate_4,candidate_1,candidate_5,5,0.024
20,candidate_3,candidate_2,0,candidate_1,candidate_5,5,0.024
21,candidate_3,candidate_2,candidate_4,candidate_1,candidate_5,5,0.024
22,candidate_3,candidate_2,candidate_4,candidate_1,candidate_5,5,0.024
23,candidate_3,candidate_2,candidate_4,candidate_1,candidate_5,5,0.024
24,candidate_3,candidate_2,candidate_4,candidate_1,candidate_5,5,0.024
25,candidate_3,candidate_2,candidate_4,candidate_1,candidate_5,5,0.024
26,candidate_3,candidate_2,candidate_4,candidate_1,candidate_5,5,0.024
27,candidate_3,candidate_2,candidate_4,candidate_1,candidate_5,5,0.024
28,candidate_3,candidate_2,candidate_4,candidate_1,candidate_5,5,0.024
29,candidate_3,candidate_2,candidate_4,candidate_1,candidate_5,5,0.024
30,candidate_3,candidate_2,candidate_4,candidate_1,candidate_5,5,0.024
31,candidate_3,candidate_2,candidate_4,candidate_1,candidate_5,5,0.024
32,candidate_3,candidate_2,candidate_4,candidate_1,candidate_5,5,0.024
33,candidate_3,candidate_2,candidate_4,candidate_1,candidate_5,5,0.024
34,candidate_3,candidate_2,candidate_4,candidate_1,candidate_5,5,0.024
35,candidate_3,candidate_2,candidate_4,candidate_1,candidate_5,5,0.024
36,candidate_3,candidate_2,candidate_4,candidate_1,candidate_5,5,0.024
37,candidate_3,candidate_2,candidate_4,0,candidate_5,5,0.024
38,candidate_3,candidate_2,candidate_4,candidate_1,candidate_5,5,0.024
39,candidate_3,candidate_2,candidate_4,candidate_1,candidate_5,5,0.024
40,candidate_3,candidate_2,candidate_4,candidate_1,candidate_5,5,0.024
41,candidate_3,candidate_2,candidate_4,candidate_1,candidate_5,5,0.024
42,candidate_3,candidate_2,candidate_4,candidate_1,candidate_5,5,0.024
43,candidate_3,candidate_2,candidate_4,candidate_1,candidate_5,5,0.024
44,candidate_3,candidate_2,candidate_4,candidate_1,candidate_5,5,0.024
45,candidate_3,candidate_2,candidate_4,candidate_1,candidate_5,5,0.024
46,candidate_3,candidate_2,candidate_4,candidate_1,candidate_5,5,0.024
47,candidate_3,candidate_2,candidate_4,candidate_1,candidate_5,5,0.024
48,candidate_3,candidate_2,candidate_4,candidate_1,candidate_5,5,0.024
49,candidate_3,candidate_2,candidate_4,candidate_1,candidate_5,5,0.024
50,candidate_3,candidate_2,candidate_4,candidate_1,candidate_5,5,0.024
51,candidate_3,candidate_2,candidate_4,candidate_1,candidate_5,5,0.024
52,candidate_3,candidate_2,candidate_4,candidate_1,candidate_5,5,0.024
53,candidate_3,candidate_2,candidate_4,candidate_1,candidate_5,5,0.024
54,candidate_3,candidate_2,candidate_4,candidate_1,candidate_5,5,0.024
55,candidate_3,candidate_2,candidate_4,candidate_1,candidate_5,5,0.024
56,candidate_3,candidate_2,candidate_4,candidate_1,candidate_5,5,0.024
57,candidate_3,candidate_2,candidate_4,candidate_1,candidate_5,5,0.024
58,candidate_3,candidate_2,candidate_4,candidate_1,candidate_5,5,0.024
59,candidate_3,candidate_2,candidate_4,candidate_1,candidate_5,5,0.024
60,candidate_3,candidate_2,candidate_4,candidate_1,candidate_5,5,0.024
61,candidate_3,candidate_2,candidate_4,candidate_1,candidate_5,5,0.024
62,candidate_3,0,candidate_4,candidate_1,candidate_5,5,0.024
63,candidate_3,candidate_2,candidate_4,candidate_1,candidate_5,5,0.024
64,candidate_3,candidate_2,candidate_4,candidate_1,candidate_5,5,0.024
65,candidate_3,candidate_2,candidate_4,candidate_1,candidate_5,5,0.024
66,candidate_3,candidate_2,candidate_4,candidate_1,candidate_5,5,0.024
67,candidate_3,candidate_2,candidate_4,candidate_1,candidate_5,5,0.024
68,0,candidate_2,candidate_4,candidate_1,candidate_5,5,0.024
69,candidate_3,candidate_2,candidate_4,candidate_1,candidate_5,5,0.024
70,candidate_3,candidate_2,candidate_4,candidate_1,candidate_5,5,0.024
71,candidate_3,candidate_2,candidate_4,candidate_1,candidate_5,5,0.024
72,candidate_3,candidate_2,candidate_4,candidate_1,candidate_5,5,0.024
73,candidate_3,candidate_2,candidate_4,candidate_1,candidate_5,5,0.024
74,candidate_3,candidate_2,candidate_4,candidate_1,candidate_5,5,0.024
75,candidate_3,candidate_2,candidate_4,candidate_1,candidate_5,5,0.024
76,candidate_3,candidate_2,candidate_4,candidate_1,candidate_5,5,0.024
77,candidate_3,candidate_2,candidate_4,candidate_1,candidate_5,5,0.024
78,candidate_3,candidate_2,candidate_4,candidate_1,candidate_5,5,0.024
79,candidate_3,candidate_2,candidate_4,candidate_1,candidate_5,5,0.024
80,candidate_3,candidate_2,candidate_4,candidate_1,candidate_5,5,0.024
81,candidate_3,candidate_2,candidate_4,candidate_1,candidate_5,5,0.024
82,candidate_3,candidate_2,candidate_4,candidate_1,candidate_5,5,0.024
83,candidate_3,candidate_2,candidate_4,candidate_1,candidate_5,5,0.024
84,candidate_3,candidate_2,candidate_4,candidate_1,candidate_5,5,0.024
85,candidate_3,candidate_2,candidate_4,candidate_1,candidate_5,5,0.024
86,candidate_3,candidate_2,candidate_4,candidate_1,candidate_5,5,0.024
87,candidate_3,candidate_2,candidate_4,candidate_1,candidate_5,5,0.024
88,candidate_3,candidate_2,candidate_4,candidate_1,candidate_5,5,0.024
89,candidate_3,candidate_2,candidate_4,candidate_1,candidate_5,5,0.024
90,candidate_3,candidate_2,candidate_4,candidate_1,candidate_5,5,0.024
91,candidate_3,candidate_2,candidate_4,candidate_1,candidate_5,5,0.024
92,candidate_3,candidate_2,candidate_4,candidate_1,candidate_5,5,0.024
93,candidate_3,candidate_2,candidate_4,candidate_1,candidate_5,5,0.024
94,candidate_3,candidate_2,candidate_4,candidate_1,candidate_5,5,0.024
95,candidate_3,candidate_2,candidate_4,candidate_1,candidate_5,5,0.024
96,candidate_3,candidate_2,candidate_4,candidate_1,candidate_5,5,0.024
97,candidate_3,candidate_2,candidate_4,candidate_1,candidate_5,5,0.024
98,candidate_3,candidate_2,candidate_4,candidate_1,0,5,0.024
99,candidate_3,candidate_2,candidate_4,candidate_1,candidate_5,5,0.024
100,candidate_3,candidate_2,candidate_4,candidate_1,candidate_5,5,0.024
101,candidate_3,candidate_2,candidate_4,candidate_1,candidate_5,5,0.024
102,candidate_3,candidate_2,candidate_4,candidate_1,candidate_5,5,0.024
103,candidate_3,candidate_2,candidate_4,candidate_1,candidate_5,5,0.024
104,candidate_3,candidate_2,candidate_4,candidate_1,candidate_5,5,0.024
105,candidate_3,candidate_2,candidate_4,candidate_1,candidate_5,5,0.024
106,candidate_3,candidate_2,candidate_4,candidate_1,candidate_5,5,0.024
107,candidate_3,candidate_2,candidate_4,candidate_1,candidate_5,5,0.024
108,candidate_3,candidate_2,candidate_4,candidate_1,candidate_5,5,0.024
109,candidate_3,candidate_2,candidate_4,candidate_1,candidate_5,5,0.024
110,candidate_3,candidate_2,candidate_4,candidate_1,candidate_5,5,0.024
111,candidate_3,candidate_2,candidate_4,candidate_1,candidate_5,5,0.024
112,candidate_3,candidate_2,candidate_4,candidate_1,candidate_5,5,0.024
113,candidate_3,candidate_2,candidate_4,candidate_1,candidate_5,5,0.024
114,candidate_3,candidate_2,candidate_4,candidate_1,candidate_5,5,0.024
115,candidate_3,candidate_2,candidate_4,candidate_1,candidate_5,5,0.024
116,candidate_3,candidate_2,candidate_4,candidate_1,candidate_5,5,0.024
117,candidate_3,candidate_2,candidate_4,candidate_1,candidate_5,5,0.024
118,candidate_3,candidate_2,0,candidate_1,candidate_5,5,0.024
119,candidate_3,candidate_2,candidate_4,candidate_1,candidate_5,5,0.024
0,candidate_3,candidate_2,candidate_4,candidate_5,candidate_1,5,0.024
1,0,candidate_2,candidate_4,candidate_5,candidate_1,5,0.024
2,candidate_3,candidate_2,candidate_4,candidate_5,candidate_1,5,0.024
3,candidate_3,candidate_2,candidate_4,candidate_5,candidate_1,5,0.024
4,candidate_3,candidate_2,candidate_4,candidate_5,candidate_1,5,0.024
5,candidate_3,candidate_2,candidate_4,candidate_5,candidate_1,5,0.024
6,candidate_3,candidate_2,candidate_4,candidate_5,candidate_1,5,0.024
7,candidate_3,candidate_2,candidate_4,candidate_5,candidate_1,5,0.024
8,candidate_3,candidate_2,candidate_4,candidate_5,candidate_1,5,0.024
9,candidate_3,candidate_2,candidate_4,candidate_5,candidate_1,5,0.024
10,candidate_3,candidate_2,candidate_4,candidate_5,candidate_1,5,0.024
11,candidate_3,candidate_2,candidate_4,candidate_5,candidate_1,5,0.024
12,candidate_3,0,candidate_4,candidate_5,candidate_1,5,0.024
13,candidate_3,candidate_2,candidate_4,candidate_5,candidate_1,5,0.024
14,candidate_3,candidate_2,candidate_4,candidate_5,candidate_1,5,0.024
15,candidate_3,candidate_2,candidate_4,candidate_5,candidate_1,5,0.024
16,candidate_3,candidate_2,candidate_4,candidate_5,candidate_1,5,0.024
17,candidate_3,candidate_2,candidate_4,candidate_5,candidate_1,5,0.024
18,candidate_3,candidate_2,candidate_4,candidate_5,candidate_1,5,0.024
19,candidate_3,candidate_2,candidate_4,candidate_5,candidate_1,5,0.024
20,candidate_3,candidate_2,candidate_4,candidate_5,candidate_1,5,0.024
21,candidate_3,candidate_2,candidate_4,candidate_5,candidate_1,5,0.024
22,candidate_3,candidate_2,candidate_4,candidate_5,candidate_1,5,0.024
23,candidate_3,candidate_2,candidate_4,candidate_5,candidate_1,5,0.024
24,candidate_3,candidate_2,candidate_4,candidate_5,candidate_1,5,0.024
25,candidate_3,candidate_2,candidate_4,candidate_5,candidate_1,5,0.024
26,candidate_3,candidate_2,candidate_4,candidate_5,0,5,0.024
27,candidate_3,candidate_2,candidate_4,candidate_5,candidate_1,5,0.024
28,candidate_3,candidate_2,candidate_4,candidate_5,candidate_1,5,0.024
29,candidate_3,candidate_2,candidate_4,candidate_5,candidate_1,5,0.024
30,candidate_3,candidate_2,candidate_4,candidate_5,candidate_1,5,0.024
31,candidate_3,candidate_2,candidate_4,candidate_5,candidate_1,5,0.024
32,candidate_3,candidate_2,candidate_4,candidate_5,candidate_1,5,0.024
33,candidate_3,candidate_2,candidate_4,candidate_5,candidate_1,5,0.024
34,candidate_3,candidate_2,candidate_4,candidate_5,candidate_1,5,0.024
35,candidate_3,candidate_2,candidate_4,candidate_5,candidate_1,5,0.024
36,candidate_3,candidate_2,candidate_4,candidate_5,candidate_1,5,0.024
37,candidate_3,candidate_2,candidate_4,candidate_5,candidate_1,5,0.024
38,candidate_3,candidate_2,candidate_4,candidate_5,candidate_1,5,0.024
39,candidate_3,candidate_2,candidate_4,candidate_5,candidate_1,5,0.024
40,candidate_3,candidate_2,candidate_4,candidate_5,candidate_1,5,0.024
41,candidate_3,candidate_2,candidate_4,candidate_5,candidate_1,5,0.024
42,candidate_3,candidate_2,candidate_4,candidate_5,0,5,0.024
43,candidate_3,candidate_2,0,candidate_5,candidate_1,5,0.024
44,candidate_3,candidate_2,candidate_4,candidate_5,candidate_1,5,0.024
45,candidate_3,candidate_2,candidate_4,candidate_5,candidate_1,5,0.024
46,candidate_3,candidate_2,candidate_4,candidate_5,candidate_1,5,0.024
47,candidate_3,candidate_2,candidate_4,candidate_5,candidate_1,5,0.024
48,candidate_3,candidate_2,candidate_4,candidate_5,candidate_1,5,0.024
49,candidate_3,0,candidate_4,candidate_5,candidate_1,5,0.024
50,candidate_3,candidate_2,candidate_4,candidate_5,candidate_1,5,0.024
51,candidate_3,candidate_2,candidate_4,candidate_5,candidate_1,5,0.024
52,candidate_3,candidate_2,candidate_4,candidate_5,candidate_1,5,0.024
53,candidate_3,candidate_2,candidate_4,candidate_5,candidate_1,5,0.024
54,candidate_3,candidate_2,candidate_4,candidate_5,candidate_1,5,0.024
55,candidate_3,candidate_2,candidate_4,candidate_5,candidate_1,5,0.024
56,candidate_3,candidate_2,candidate_4,candidate_5,candidate_1,5,0.024
57,candidate_3,candidate_2,candidate_4,candidate_5,candidate_1,5,0.024
58,candidate_3,candidate_2,candidate_4,candidate_5,candidate_1,5,0.024
59,candidate_3,candidate_2,candidate_4,candidate_5,candidate_1,5,0.024
60,candidate_3,candidate_2,candidate_4,candidate_5,candidate_1,5,0.024
61,candidate_3,candidate_2,candidate_4,0,candidate_1,5,0.024
62,candidate_3,candidate_2,candidate_4,candidate_5,candidate_1,5,0.024
63,candidate_3,candidate_2,candidate_4,candidate_5,candidate_1,5,0.024
64,candidate_3,candidate_2,candidate_4,candidate_5,candidate_1,5,0.024
65,candidate_3,candidate_2,candidate_4,candidate_5,candidate_1,5,0.024
66,candidate_3,candidate_2,candidate_4,candidate_5,candidate_1,5,0.024
67,candidate_3,candidate_2,candidate_4,candidate_5,candidate_1,5,0.024
68,candidate_3,candidate_2,candidate_4,candidate_5,candidate_1,5,0.024
69,candidate_3,candidate_2,candidate_4,candidate_5,candidate_1,5,0.024
70,candidate_3,candidate_2,candidate_4,candidate_5,0,5,0.024
71,candidate_3,candidate_2,candidate_4,candidate_5,candidate_1,5,0.024
72,candidate_3,candidate_2,candidate_4,candidate_5,candidate_1,5,0.024
73,candidate_3,candidate_2,candidate_4,candidate_5,candidate_1,5,0.024
74,candidate_3,candidate_2,candidate_4,candidate_5,candidate_1,5,0.024
75,candidate_3,0,candidate_4,candidate_5,candidate_1,5,0.024
76,candidate_3,candidate_2,candidate_4,candidate_5,candidate_1,5,0.024
77,candidate_3,candidate_2,candidate_4,candidate_5,candidate_1,5,0.024
78,candidate_3,candidate_2,candidate_4,candidate_5,candidate_1,5,0.024
79,candidate_3,candidate_2,candidate_4,candidate_5,candidate_1,5,0.024
80,candidate_3,candidate_2,candidate_4,candidate_5,candidate_1,5,0.024
81,candidate_3,candidate_2,candidate_4,candidate_5,candidate_1,5,0.024
82,candidate_3,candidate_2,candidate_4,candidate_5,candidate_1,5,0.024
83,candidate_3,candidate_2,candidate_4,candidate_5,candidate_1,5,0.024
84,candidate_3,candidate_2,candidate_4,candidate_5,candidate_1,5,0.024
85,candidate_3,candidate_2,candidate_4,candidate_5,candidate_1,5,0.024
86,candidate_3,candidate_2,candidate_4,candidate_5,candidate_1,5,0.024
87,0,candidate_2,candidate_4,candidate_5,candidate_1,5,0.024
88,candidate_3,candidate_2,0,candidate_5,candidate_1,5,0.024
89,0,candidate_2,candidate_4,candidate_5,candidate_1,5,0.024
90,candidate_3,candidate_2,candidate_4,candidate_5,candidate_1,5,0.024
91,candidate_3,candidate_2,0,candidate_5,candidate_1,5,0.024
92,candidate_3,candidate_2,candidate_4,candidate_5,candidate_1,5,0.024
93,candidate_3,candidate_2,candidate_4,candidate_5,candidate_1,5,0.024
94,candidate_3,candidate_2,candidate_4,candidate_5,candidate_1,5,0.024
95,candidate_3,candidate_2,candidate_4,candidate_5,candidate_1,5,0.024
96,candidate_3,candidate_2,candidate_4,candidate_5,candidate_1,5,0.024
97,candidate_3,candidate_2,candidate_4,candidate_5,candidate_1,5,0.024
98,candidate_3,candidate_2,candidate_4,candidate_5,candidate_1,5,0.024
99,candidate_3,candidate_2,candidate_4,candidate_5,candidate_1,5,0.024
100,candidate_3,candidate_2,candidate_4,candidate_5,candidate_1,5,0.024
101,candidate_3,candidate_2,candidate_4,candidate_5,candidate_1,5,0.024
102,candidate_3,candidate_2,candidate_4,candidate_5,candidate_1,5,0.024
103,candidate_3,candidate_2,candidate_4,candidate_5,candidate_1,5,0.024
104,candidate_3,candidate_2,candidate_4,candidate_5,candidate_1,5,0.024
105,candidate_3,candidate_2,candidate_4,candidate_5,candidate_1,5,0.024
106,candidate_3,candidate_2,candidate_4,candidate_5,candidate_1,5,0.024
107,candidate_3,candidate_2,candidate_4,candidate_5,candidate_1,5,0.024
108,candidate_3,candidate_2,candidate_4,candidate_5,candidate_1,5,0.024
109,candidate_3,candidate_2,candidate_4,candidate_5,candidate_1,5,0.024
110,candidate_3,candidate_2,candidate_4,0,candidate_1,5,0.024
111,candidate_3,candidate_2,candidate_4,candidate_5,candidate_1,5,0.024
112,candidate_3,candidate_2,candidate_4,candidate_5,candidate_1,5,0.024
113,candidate_3,candidate_2,candidate_4,candidate_5,candidate_1,5,0.024
114,candidate_3,candidate_2,candidate_4,candidate_5,candidate_1,5,0.024
115,candidate_3,candidate_2,candidate_4,candidate_5,candidate_1,5,0.024
116,candidate_3,candidate_2,candidate_4,candidate_5,candidate_1,5,0.024
0,candidate_3,candidate_2,candidate_5,candidate_1,candidate_4,5,0.024
1,candidate_3,candidate_2,candidate_5,candidate_1,candidate_4,5,0.024
2,candidate_3,candidate_2,candidate_5,candidate_1,candidate_4,5,0.024
3,candidate_3,candidate_2,0,candidate_1,candidate_4,5,0.024
4,candidate_3,candidate_2,candidate_5,candidate_1,candidate_4,5,0.024
5,candidate_3,candidate_2,candidate_5,candidate_1,candidate_4,5,0.024
6,candidate_3,candidate_2,candidate_5,candidate_1,candidate_4,5,0.024
7,candidate_3,candidate_2,candidate_5,candidate_1,candidate_4,5,0.024
8,candidate_3,candidate_2,candidate_5,candidate_1,candidate_4,5,0.024
9,candidate_3,candidate_2,candidate_5,candidate_1,candidate_4,5,0.024
10,candidate_3,candidate_2,candidate_5,candidate_1,0,5,0.024
11,candidate_3,candidate_2,candidate_5,candidate_1,candidate_4,5,0.024
12,0,candidate_2,candidate_5,candidate_1,candidate_4,5,0.024
13,candidate_3,candidate_2,candidate_5,candidate_1,candidate_4,5,0.024
14,candidate_3,candidate_2,candidate_5,candidate_1,candidate_4,5,0.024
15,candidate_3,candidate_2,candidate_5,candidate_1,candidate_4,5,0.024
16,candidate_3,candidate_2,candidate_5,candidate_1,candidate_4,5,0.024
17,candidate_3,candidate_2,candidate_5,candidate_1,candidate_4,5,0.024
18,candidate_3,candidate_2,candidate_5,candidate_1,candidate_4,5,0.024
19,candidate_3,candidate_2,candidate_5,candidate_1,candidate_4,5,0.024
20,candidate_3,candidate_2,candidate_5,candidate_1,candidate_4,5,0.024
21,candidate_3,candidate_2,candidate_5,candidate_1,candidate_4,5,0.024
22,candidate_3,candidate_2,candidate_5,candidate_1,candidate_4,5,0.024
23,candidate_3,candidate_2,0,candidate_1,candidate_4,5,0.024
24,candidate_3,candidate_2,candidate_5,candidate_1,candidate_4,5,0.024
25,candidate_3,candidate_2,candidate_5,candidate_1,candidate_4,5,0.024
26,0,candidate_2,candidate_5,candidate_1,candidate_4,5,0.024
27,candidate_3,candidate_2,candidate_5,candidate_1,candidate_4,5,0.024
28,candidate_3,candidate_2,candidate_5,candidate_1,candidate_4,5,0.024
29,candidate_3,candidate_2,candidate_5,candidate_1,candidate_4,5,0.024
30,candidate_3,candidate_2,candidate_5,candidate_1,candidate_4,5,0.024
31,candidate_3,candidate_2,candidate_5,candidate_1,candidate_4,5,0.024
32,candidate_3,candidate_2,candidate_5,candidate_1,candidate_4,5,0.024
33,candidate_3,candidate_2,candidate_5,candidate_1,candidate_4,5,0.024
34,candidate_3,candidate_2,candidate_5,candidate_1,candidate_4,5,0.024
35,candidate_3,candidate_2,candidate_5,candidate_1,candidate_4,5,0.024
36,candidate_3,candidate_2,candidate_5,candidate_1,candidate_4,5,0.024
37,candidate_3,candidate_2,candidate_5,candidate_1,candidate_4,5,0.024
38,candidate_3,candidate_2,candidate_5,candidate_1,candidate_4,5,0.024
39,candidate_3,candidate_2,candidate_5,candidate_1,candidate_4,5,0.024
40,candidate_3,candidate_2,candidate_5,candidate_1,candidate_4,5,0.024
41,candidate_3,candidate_2,candidate_5,candidate_1,candidate_4,5,0.024
42,candidate_3,candidate_2,candidate_5,candidate_1,candidate_4,5,0.024
43,candidate_3,candidate_2,candidate_5,candidate_1,candidate_4,5,0.024
44,candidate_3,candidate_2,candidate_5,candidate_1,candidate_4,5,0.024
45,candidate_3,candidate_2,candidate_5,candidate_1,candidate_4,5,0.024
46,candidate_3,candidate_2,candidate_5,candidate_1,0,5,0.024
47,candidate_3,candidate_2,candidate_5,candidate_1,candidate_4,5,0.024
48,candidate_3,candidate_2,candidate_5,candidate_1,candidate_4,5,0.024
49,candidate_3,candidate_2,candidate_5,candidate_1,candidate_4,5,0.024
50,candidate_3,candidate_2,candidate_5,candidate_1,candidate_4,5,0.024
51,candidate_3,candidate_2,candidate_5,candidate_1,candidate_4,5,0.024
52,candidate_3,candidate_2,candidate_5,candidate_1,0,5,0.024
53,candidate_3,candidate_2,candidate_5,candidate_1,candidate_4,5,0.024
54,candidate_3,candidate_2,candidate_5,candidate_1,candidate_4,5,0.024
55,candidate_3,candidate_2,candidate_5,candidate_1,candidate_4,5,0.024
56,candidate_3,candidate_2,candidate_5,candidate_1,candidate_4,5,0.024
57,candidate_3,candidate_2,candidate_5,candidate_1,candidate_4,5,0.024
58,candidate_3,candidate_2,candidate_5,candidate_1,candidate_4,5,0.024
59,candidate_3,candidate_2,candidate_5,candidate_1,candidate_4,5,0.024
60,candidate_3,candidate_2,candidate_5,candidate_1,candidate_4,5,0.024
61,candidate_3,candidate_2,candidate_5,candidate_1,candidate_4,5,0.024
62,candidate_3,candidate_2,candidate_5,candidate_1,candidate_4,5,0.024
63,candidate_3,candidate_2,candidate_5,candidate_1,candidate_4,5,0.024
64,candidate_3,candidate_2,candidate_5,candidate_1,candidate_4,5,0.024
65,candidate_3,candidate_2,candidate_5,candidate_1,0,5,0.024
66,candidate_3,candidate_2,candidate_5,candidate_1,candidate_4,5,0.024
67,candidate_3,candidate_2,candidate_5,candidate_1,candidate_4,5,0.024
68,candidate_3,candidate_2,candidate_5,candidate_1,candidate_4,5,0.024
69,candidate_3,candidate_2,candidate_5,candidate_1,candidate_4,5,0.024
70,candidate_3,candidate_2,candidate_5,candidate_1,candidate_4,5,0.024
71,candidate_3,candidate_2,candidate_5,candidate_1,candidate_4,5,0.024
72,candidate_3,candidate_2,candidate_5,candidate_1,candidate_4,5,0.024
73,candidate_3,candidate_2,candidate_5,candidate_1,candidate_4,5,0.024
74,candidate_3,candidate_2,candidate_5,candidate_1,candidate_4,5,0.024
75,candidate_3,candidate_2,candidate_5,candidate_1,candidate_4,5,0.024
76,candidate_3,candidate_2,candidate_5,candidate_1,0,5,0.024
77,candidate_3,candidate_2,candidate_5,candidate_1,candidate_4,5,0.024
78,candidate_3,candidate_2,candidate_5,candidate_1,candidate_4,5,0.024
79,candidate_3,candidate_2,candidate_5,candidate_1,candidate_4,5,0.024
80,candidate_3,candidate_2,candidate_5,candidate_1,candidate_4,5,0.024
81,candidate_3,candidate_2,candidate_5,candidate_1,0,5,0.024
82,candidate_3,candidate_2,candidate_5,candidate_1,candidate_4,5,0.024
83,candidate_3,candidate_2,candidate_5,candidate_1,candidate_4,5,0.024
84,candidate_3,candidate_2,0,candidate_1,candidate_4,5,0.024
85,candidate_3,candidate_2,candidate_5,candidate_1,candidate_4,5,0.024
86,candidate_3,candidate_2,candidate_5,candidate_1,candidate_4,5,0.024
87,candidate_3,candidate_2,candidate_5,candidate_1,candidate_4,5,0.024
88,candidate_3,candidate_2,candidate_5,0,candidate_4,5,0.024
89,candidate_3,candidate_2,candidate_5,candidate_1,candidate_4,5,0.024
90,candidate_3,candidate_2,candidate_5,candidate_1,candidate_4,5,0.024
91,candidate_3,candidate_2,candidate_5,candidate_1,candidate_4,5,0.024
92,candidate_3,candidate_2,candidate_5,candidate_1,candidate_4,5,0.024
93,candidate_3,candidate_2,candidate_5,candidate_1,candidate_4,5,0.024
94,candidate_3,candidate_2,candidate_5,candidate_1,candidate_4,5,0.024
95,candidate_3,candidate_2,candidate_5,candidate_1,candidate_4,5,0.024
96,candidate_3,candidate_2,candidate_5,candidate_1,candidate_4,5,0.024
97,candidate_3,candidate_2,candidate_5,candidate_1,candidate_4,5,0.024
98,candidate_3,candidate_2,candidate_5,candidate_1,candidate_4,5,0.024
99,candidate_3,candidate_2,candidate_5,candidate_1,candidate_4,5,0.024
100,candidate_3,candidate_2,candidate_5,candidate_1,candidate_4,5,0.024
101,candidate_3,candidate_2,candidate_5,candidate_1,candidate_4,5,0.024
102,candidate_3,candidate_2,candidate_5,candidate_1,candidate_4,5,0.024
103,candidate_3,candidate_2,candidate_5,candidate_1,candidate_4,5,0.024
104,candidate_3,candidate_2,0,candidate_1,candidate_4,5,0.024
105,candidate_3,candidate_2,candidate_5,candidate_1,candidate_4,5,0.024
106,candidate_3,candidate_2,candidate_5,candidate_1,candidate_4,5,0.024
107,candidate_3,candidate_2,candidate_5,candidate_1,candidate_4,5,0.024
108,candidate_3,candidate_2,candidate_5,candidate_1,candidate_4,5,0.024
109,candidate_3,candidate_2,candidate_5,candidate_1,candidate_4,5,0.024
110,candidate_3,candidate_2,candidate_5,candidate_1,candidate_4,5,0.024
111,candidate_3,candidate_2,candidate_5,candidate_1,candidate_4,5,0.024
112,candidate_3,candidate_2,candidate_5,candidate_1,candidate_4,5,0.024
113,candidate_3,candidate_2,candidate_5,candidate_1,candidate_4,5,0.024
114,candidate_3,candidate_2,candidate_5,candidate_1,candidate_4,5,0.024
115,candidate_3,candidate_2,candidate_5,candidate_1,candidate_4,5,0.024
116,candidate_3,candidate_2,candidate_5,candidate_1,candidate_4,5,0.024
117,candidate_3,candidate_2,candidate_5,candidate_1,candidate_4,5,0.024
118,candidate_3,candidate_2,candidate_5,candidate_1,0,5,0.024
119,candidate_3,candidate_2,candidate_5,candidate_1,candidate_4,5,0.024
120,candidate_3,candidate_2,candidate_5,candidate_1,candidate_4,5,0.024
121,candidate_3,candidate_2,candidate_5,candidate_1,candidate_4,5,0.024
122,candidate_3,candidate_2,candidate_5,candidate_1,candidate_4,5,0.024
123,candidate_3,0,candidate_5,candidate_1,candidate_4,5,0.024
124,candidate_3,candidate_2,candidate_5,candidate_1,candidate_4,5,0.024
125,candidate_3,candidate_2,candidate_5,candidate_1,candidate_4,5,0.024
0,candidate_3,candidate_2,candidate_5,candidate_4,candidate_1,5,0.024
1,candidate_3,candidate_2,candidate_5,candidate_4,candidate_1,5,0.024
2,candidate_3,candidate_2,candidate_5,candidate_4,candidate_1,5,0.024
3,candidate_3,candidate_2,candidate_5,candidate_4,candidate_1,5,0.024
4,candidate_3,candidate_2,candidate_5,0,candidate_1,5,0.024
5,candidate_3,candidate_2,candidate_5,candidate_4,candidate_1,5,0.024
6,candidate_3,candidate_2,candidate_5,candidate_4,0,5,0.024
7,candidate_3,candidate_2,candidate_5,candidate_4,candidate_1,5,0.024
8,candidate_3,candidate_2,candidate_5,candidate_4,candidate_1,5,0.024
9,candidate_3,candidate_2,candidate_5,candidate_4,candidate_1,5,0.024
10,candidate_3,candidate_2,candidate_5,candidate_4,candidate_1,5,0.024
11,candidate_3,candidate_2,candidate_5,candidate_4,candidate_1,5,0.024
12,candidate_3,candidate_2,candidate_5,candidate_4,candidate_1,5,0.024
13,candidate_3,candidate_2,candidate_5,candidate_4,candidate_1,5,0.024
14,candidate_3,candidate_2,candidate_5,candidate_4,candidate_1,5,0.024
15,candidate_3,candidate_2,candidate_5,candidate_4,candidate_1,5,0.024
16,candidate_3,candidate_2,candidate_5,candidate_4,candidate_1,5,0.024
17,candidate_3,candidate_2,candidate_5,candidate_4,candidate_1,5,0.024
18,candidate_3,candidate_2,candidate_5,candidate_4,candidate_1,5,0.024
19,candidate_3,candidate_2,candidate_5,candidate_4,candidate_1,5,0.024
20,candidate_3,candidate_2,candidate_5,candidate_4,candidate_1,5,0.024
21,candidate_3,candidate_2,candidate_5,candidate_4,candidate_1,5,0.024
22,0,candidate_2,0,candidate_4,candidate_1,5,0.024
23,candidate_3,candidate_2,candidate_5,candidate_4,candidate_1,5,0.024
24,candidate_3,candidate_2,candidate_5,candidate_4,candidate_1,5,0.024
25,candidate_3,candidate_2,candidate_5,candidate_4,candidate_1,5,0.024
26,candidate_3,candidate_2,0,candidate_4,candidate_1,5,0.024
27,candidate_3,candidate_2,candidate_5,candidate_4,candidate_1,5,0.024
28,candidate_3,candidate_2,candidate_5,candidate_4,candidate_1,5,0.024
29,candidate_3,candidate_2,candidate_5,candidate_4,candidate_1,5,0.024
30,candidate_3,candidate_2,candidate_5,candidate_4,candidate_1,5,0.024
31,candidate_3,candidate_2,candidate_5,candidate_4,candidate_1,5,0.024
32,candidate_3,candidate_2,candidate_5,candidate_4,candidate_1,5,0.024
33,candidate_3,candidate_2,candidate_5,candidate_4,candidate_1,5,0.024
34,candidate_3,candidate_2,0,candidate_4,candidate_1,5,0.024
35,candidate_3,candidate_2,candidate_5,candidate_4,candidate_1,5,0.024
36,candidate_3,candidate_2,candidate_5,candidate_4,candidate_1,5,0.024
37,candidate_3,candidate_2,candidate_5,candidate_4,candidate_1,5,0.024
38,candidate_3,candidate_2,candidate_5,candidate_4,candidate_1,5,0.024
39,candidate_3,candidate_2,candidate_5,candidate_4,candidate_1,5,0.024
40,candidate_3,candidate_2,candidate_5,candidate_4,candidate_1,5,0.024
41,candidate_3,candidate_2,candidate_5,candidate_4,candidate_1,5,0.024
42,candidate_3,candidate_2,candidate_5,candidate_4,candidate_1,5,0.024
43,candidate_3,candidate_2,candidate_5,candidate_4,candidate_1,5,0.024
44,candidate_3,candidate_2,candidate_5,candidate_4,candidate_1,5,0.024
45,candidate_3,candidate_2,candidate_5,0,candidate_1,5,0.024
46,candidate_3,candidate_2,candidate_5,candidate_4,candidate_1,5,0.024
47,candidate_3,candidate_2,candidate_5,candidate_4,candidate_1,5,0.024
48,candidate_3,candidate_2,candidate_5,candidate_4,candidate_1,5,0.024
49,candidate_3,candidate_2,candidate_5,candidate_4,candidate_1,5,0.024
50,candidate_3,candidate_2,candidate_5,candidate_4,candidate_1,5,0.024
51,candidate_3,candidate_2,candidate_5,candidate_4,candidate_1,5,0.024
52,candidate_3,candidate_2,candidate_5,candidate_4,candidate_1,5,0.024
53,candidate_3,candidate_2,candidate_5,candidate_4,candidate_1,5,0.024
54,candidate_3,candidate_2,candidate_5,candidate_4,candidate_1,5,0.024
55,candidate_3,candidate_2,candidate_5,candidate_4,candidate_1,5,0.024
56,candidate_3,candidate_2,candidate_5,candidate_4,candidate_1,5,0.024
57,candidate_3,candidate_2,candidate_5,candidate_4,candidate_1,5,0.024
58,candidate_3,candidate_2,candidate_5,candidate_4,candidate_1,5,0.024
59,candidate_3,candidate_2,candidate_5,candidate_4,candidate_1,5,0.024
60,candidate_3,candidate_2,candidate_5,candidate_4,candidate_1,5,0.024
61,candidate_3,candidate_2,candidate_5,candidate_4,candidate_1,5,0.024
62,candidate_3,candidate_2,candidate_5,candidate_4,candidate_1,5,0.024
63,candidate_3,candidate_2,candidate_5,candidate_4,candidate_1,5,0.024
64,candidate_3,candidate_2,candidate_5,candidate_4,candidate_1,5,0.024
65,candidate_3,candidate_2,candidate_5,candidate_4,candidate_1,5,0.024
66,candidate_3,candidate_2,candidate_5,candidate_4,0,5,0.024
67,candidate_3,candidate_2,candidate_5,candidate_4,candidate_1,5,0.024
68,candidate_3,0,candidate_5,candidate_4,0,5,0.024
69,candidate_3,0,candidate_5,candidate_4,candidate_1,5,0.024
70,candidate_3,candidate_2,candidate_5,candidate_4,candidate_1,5,0.024
71,candidate_3,candidate_2,candidate_5,candidate_4,candidate_1,5,0.024
72,candidate_3,candidate_2,candidate_5,candidate_4,candidate_1,5,0.024
73,candidate_3,candidate_2,candidate_5,candidate_4,candidate_1,5,0.024
74,candidate_3,candidate_2,candidate_5,candidate_4,candidate_1,5,0.024
75,candidate_3,candidate_2,candidate_5,candidate_4,candidate_1,5,0.024
76,candidate_3,candidate_2,candidate_5,candidate_4,candidate_1,5,0.024
77,candidate_3,candidate_2,candidate_5,candidate_4,candidate_1,5,0.024
78,candidate_3,candidate_2,candidate_5,candidate_4,candidate_1,5,0.024
79,candidate_3,candidate_2,candidate_5,candidate_4,candidate_1,5,0.024
80,candidate_3,candidate_2,0,candidate_4,candidate_1,5,0.024
81,candidate_3,candidate_2,candidate_5,candidate_4,candidate_1,5,0.024
82,candidate_3,candidate_2,candidate_5,candidate_4,0,5,0.024
83,candidate_3,candidate_2,candidate_5,candidate_4,candidate_1,5,0.024
84,candidate_3,candidate_2,candidate_5,candidate_4,candidate_1,5,0.024
85,candidate_3,candidate_2,candidate_5,candidate_4,candidate_1,5,0.024
86,candidate_3,candidate_2,0,candidate_4,candidate_1,5,0.024
87,candidate_3,candidate_2,candidate_5,candidate_4,candidate_1,5,0.024
88,candidate_3,candidate_2,candidate_5,candidate_4,candidate_1,5,0.024
89,candidate_3,candidate_2,candidate_5,candidate_4,candidate_1,5,0.024
90,candidate_3,candidate_2,candidate_5,candidate_4,candidate_1,5,0.024
91,candidate_3,candidate_2,candidate_5,candidate_4,candidate_1,5,0.024
92,candidate_3,candidate_2,candidate_5,candidate_4,candidate_1,5,0.024
93,candidate_3,candidate_2,candidate_5,candidate_4,candidate_1,5,0.024
94,candidate_3,candidate_2,candidate_5,candidate_4,candidate_1,5,0.024
95,candidate_3,candidate_2,candidate_5,candidate_4,candidate_1,5,0.024
96,candidate_3,candidate_2,candidate_5,candidate_4,candidate_1,5,0.024
97,candidate_3,candidate_2,candidate_5,candidate_4,candidate_1,5,0.024
98,candidate_3,candidate_2,candidate_5,candidate_4,candidate_1,5,0.024
99,candidate_3,candidate_2,candidate_5,candidate_4,candidate_1,5,0.024
100,candidate_3,candidate_2,candidate_5,candidate_4,candidate_1,5,0.024
101,candidate_3,candidate_2,candidate_5,candidate_4,candidate_1,5,0.024
102,candidate_3,candidate_2,candidate_5,candidate_4,candidate_1,5,0.024
103,candidate_3,candidate_2,candidate_5,candidate_4,candidate_1,5,0.024
104,candidate_3,candidate_2,candidate_5,candidate_4,candidate_1,5,0.024
105,candidate_3,candidate_2,candidate_5,candidate_4,candidate_1,5,0.024
106,candidate_3,candidate_2,candidate_5,candidate_4,candidate_1,5,0.024
107,candidate_3,candidate_2,candidate_5,candidate_4,candidate_1,5,0.024
108,candidate_3,candidate_2,candidate_5,candidate_4,candidate_1,5,0.024
109,candidate_3,candidate_2,candidate_5,candidate_4,candidate_1,5,0.024
110,candidate_3,candidate_2,candidate_5,candidate_4,candidate_1,5,0.024
111,candidate_3,candidate_2,candidate_5,candidate_4,candidate_1,5,0.024
112,candidate_3,candidate_2,candidate_5,candidate_4,candidate_1,5,0.024
113,candidate_3,candidate_2,candidate_5,candidate_4,candidate_1,5,0.024
114,candidate_3,candidate_2,candidate_5,candidate_4,candidate_1,5,0.024
115,candidate_3,candidate_2,candidate_5,candidate_4,candidate_1,5,0.024
116,candidate_3,candidate_2,candidate_5,candidate_4,candidate_1,5,0.024
117,candidate_3,candidate_2,candidate_5,candidate_4,candidate_1,5,0.024
118,candidate_3,candidate_2,candidate_5,candidate_4,candidate_1,5,0.024
119,candidate_3,candidate_2,candidate_5,candidate_4,candidate_1,5,0.024
120,candidate_3,candidate_2,candidate_5,candidate_4,candidate_1,5,0.024
121,candidate_3,candidate_2,candidate_5,candidate_4,candidate_1,5,0.024
122,candidate_3,candidate_2,candidate_5,candidate_4,candidate_1,5,0.024
123,candidate_3,candidate_2,candidate_5,candidate_4,candidate_1,5,0.024
124,candidate_3,candidate_2,candidate_5,candidate_4,candidate_1,5,0.024
125,candidate_3,candidate_2,candidate_5,candidate_4,candidate_1,5,0.024
126,candidate_3,candidate_2,candidate_5,candidate_4,candidate_1,5,0.024
127,candidate_3,candidate_2,candidate_5,candidate_4,candidate_1,5,0.024
128,candidate_3,candidate_2,candidate_5,candidate_4,candidate_1,5,0.024
129,candidate_3,candidate_2,candidate_5,candidate_4,candidate_1,5,0.024
130,candidate_3,candidate_2,candidate_5,candidate_4,candidate_1,5,0.024
131,candidate_3,candidate_2,candidate_5,candidate_4,candidate_1,5,0.024
132,candidate_3,candidate_2,candidate_5,candidate_4,candidate_1,5,0.024
133,candidate_3,candidate_2,candidate_5,candidate_4,candidate_1,5,0.024
134,candidate_3,candidate_2,candidate_5,candidate_4,candidate_1,5,0.024
135,candidate_3,candidate_2,candidate_5,candidate_4,candidate_1,5,0.024
0,candidate_3,candidate_4,candidate_1,candidate_2,candidate_5,5,0.024
1,candidate_3,candidate_4,candidate_1,candidate_2,0,5,0.024
2,candidate_3,candidate_4,candidate_1,candidate_2,candidate_5,5,0.024
3,0,candidate_4,candidate_1,candidate_2,candidate_5,5,0.024
4,0,candidate_4,candidate_1,candidate_2,candidate_5,5,0.024
5,candidate_3,candidate_4,candidate_1,candidate_2,candidate_5,5,0.024
6,candidate_3,candidate_4,candidate_1,candidate_2,candidate_5,5,0.024
7,candidate_3,candidate_4,candidate_1,candidate_2,candidate_5,5,0.024
8,candidate_3,candidate_4,candidate_1,candidate_2,0,5,0.024
9,candidate_3,candidate_4,candidate_1,candidate_2,candidate_5,5,0.024
10,candidate_3,candidate_4,candidate_1,candidate_2,candidate_5,5,0.024
11,candidate_3,candidate_4,candidate_1,candidate_2,0,5,0.024
12,candidate_3,candidate_4,candidate_1,candidate_2,candidate_5,5,0.024
13,candidate_3,candidate_4,candidate_1,candidate_2,candidate_5,5,0.024
14,candidate_3,candidate_4,candidate_1,candidate_2,candidate_5,5,0.024
15,candidate_3,0,candidate_1,candidate_2,candidate_5,5,0.024
16,candidate_3,candidate_4,candidate_1,candidate_2,candidate_5,5,0.024
17,candidate_3,candidate_4,candidate_1,candidate_2,candidate_5,5,0.024
18,candidate_3,candidate_4,candidate_1,candidate_2,candidate_5,5,0.024
19,candidate_3,candidate_4,candidate_1,candidate_2,candidate_5,5,0.024
20,candidate_3,candidate_4,candidate_1,candidate_2,candidate_5,5,0.024
21,candidate_3,candidate_4,candidate_1,candidate_2,candidate_5,5,0.024
22,candidate_3,candidate_4,candidate_1,candidate_2,candidate_5,5,0.024
23,candidate_3,candidate_4,candidate_1,candidate_2,candidate_5,5,0.024
24,candidate_3,candidate_4,candidate_1,candidate_2,candidate_5,5,0.024
25,candidate_3,candidate_4,candidate_1,candidate_2,candidate_5,5,0.024
26,candidate_3,candidate_4,candidate_1,candidate_2,candidate_5,5,0.024
27,candidate_3,candidate_4,candidate_1,candidate_2,candidate_5,5,0.024
28,candidate_3,candidate_4,candidate_1,candidate_2,candidate_5,5,0.024
29,candidate_3,candidate_4,candidate_1,candidate_2,candidate_5,5,0.024
30,candidate_3,candidate_4,candidate_1,candidate_2,candidate_5,5,0.024
31,candidate_3,candidate_4,candidate_1,candidate_2,candidate_5,5,0.024
32,candidate_3,candidate_4,candidate_1,candidate_2,candidate_5,5,0.024
33,candidate_3,candidate_4,candidate_1,candidate_2,candidate_5,5,0.024
34,candidate_3,candidate_4,candidate_1,candidate_2,candidate_5,5,0.024
35,candidate_3,candidate_4,candidate_1,candidate_2,candidate_5,5,0.024
36,candidate_3,candidate_4,candidate_1,candidate_2,candidate_5,5,0.024
37,candidate_3,0,candidate_1,candidate_2,candidate_5,5,0.024
38,candidate_3,candidate_4,candidate_1,candidate_2,candidate_5,5,0.024
39,candidate_3,candidate_4,candidate_1,candidate_2,candidate_5,5,0.024
40,candidate_3,candidate_4,candidate_1,candidate_2,candidate_5,5,0.024
41,candidate_3,candidate_4,candidate_1,candidate_2,candidate_5,5,0.024
42,candidate_3,candidate_4,candidate_1,0,candidate_5,5,0.024
43,candidate_3,candidate_4,candidate_1,candidate_2,candidate_5,5,0.024
44,candidate_3,candidate_4,candidate_1,candidate_2,candidate_5,5,0.024
45,candidate_3,candidate_4,candidate_1,candidate_2,candidate_5,5,0.024
46,candidate_3,candidate_4,candidate_1,candidate_2,candidate_5,5,0.024
47,candidate_3,candidate_4,candidate_1,candidate_2,candidate_5,5,0.024
48,candidate_3,0,candidate_1,candidate_2,candidate_5,5,0.024
49,candidate_3,candidate_4,candidate_1,candidate_2,candidate_5,5,0.024
50,candidate_3,candidate_4,candidate_1,candidate_2,candidate_5,5,0.024
0,candidate_3,candidate_4,candidate_1,candidate_5,candidate_2,5,0.024
1,candidate_3,candidate_4,candidate_1,candidate_5,candidate_2,5,0.024
2,candidate_3,candidate_4,candidate_1,candidate_5,candidate_2,5,0.024
3,candidate_3,candidate_4,candidate_1,candidate_5,candidate_2,5,0.024
4,candidate_3,candidate_4,candidate_1,candidate_5,candidate_2,5,0.024
5,candidate_3,candidate_4,candidate_1,candidate_5,candidate_2,5,0.024
6,candidate_3,candidate_4,candidate_1,candidate_5,candidate_2,5,0.024
7,candidate_3,0,candidate_1,candidate_5,candidate_2,5,0.024
8,candidate_3,candidate_4,candidate_1,candidate_5,candidate_2,5,0.024
9,candidate_3,candidate_4,candidate_1,candidate_5,candidate_2,5,0.024
10,candidate_3,candidate_4,candidate_1,candidate_5,candidate_2,5,0.024
11,candidate_3,candidate_4,candidate_1,candidate_5,candidate_2,5,0.024
12,candidate_3,candidate_4,candidate_1,candidate_5,candidate_2,5,0.024
13,candidate_3,candidate_4,candidate_1,candidate_5,candidate_2,5,0.024
14,candidate_3,candidate_4,candidate_1,candidate_5,candidate_2,5,0.024
15,candidate_3,candidate_4,candidate_1,candidate_5,candidate_2,5,0.024
16,candidate_3,candidate_4,candidate_1,candidate_5,candidate_2,5,0.024
17,candidate_3,candidate_4,candidate_1,candidate_5,candidate_2,5,0.024
18,candidate_3,candidate_4,candidate_1,candidate_5,candidate_2,5,0.024
19,candidate_3,candidate_4,candidate_1,candidate_5,candidate_2,5,0.024
20,candidate_3,candidate_4,candidate_1,candidate_5,candidate_2,5,0.024
21,candidate_3,candidate_4,candidate_1,candidate_5,candidate_2,5,0.024
22,candidate_3,candidate_4,candidate_1,candidate_5,candidate_2,5,0.024
23,candidate_3,candidate_4,candidate_1,candidate_5,candidate_2,5,0.024
24,candidate_3,candidate_4,candidate_1,candidate_5,candidate_2,5,0.024
25,candidate_3,candidate_4,candidate_1,candidate_5,candidate_2,5,0.024
26,candidate_3,candidate_4,candidate_1,candidate_5,candidate_2,5,0.024
27,candidate_3,candidate_4,0,candidate_5,candidate_2,5,0.024
28,candidate_3,candidate_4,candidate_1,candidate_5,candidate_2,5,0.024
29,candidate_3,candidate_4,candidate_1,candidate_5,candidate_2,5,0.024
30,candidate_3,candidate_4,candidate_1,candidate_5,candidate_2,5,0.024
31,candidate_3,candidate_4,candidate_1,candidate_5,candidate_2,5,0.024
32,candidate_3,candidate_4,candidate_1,candidate_5,candidate_2,5,0.024
33,candidate_3,candidate_4,candidate_1,candidate_5,candidate_2,5,0.024
34,candidate_3,candidate_4,candidate_1,candidate_5,candidate_2,5,0.024
35,candidate_3,candidate_4,candidate_1,candidate_5,candidate_2,5,0.024
0,candidate_3,candidate_4,candidate_2,candidate_1,candidate_5,5,0.024
1,candidate_3,candidate_4,candidate_2,candidate_1,candidate_5,5,0.024
2,candidate_3,candidate_4,candidate_2,candidate_1,candidate_5,5,0.024
3,candidate_3,candidate_4,candidate_2,candidate_1,0,5,0.024
4,candidate_3,candidate_4,candidate_2,candidate_1,candidate_5,5,0.024
5,candidate_3,candidate_4,candidate_2,candidate_1,candidate_5,5,0.024
6,candidate_3,candidate_4,candidate_2,candidate_1,candidate_5,5,0.024
7,candidate_3,candidate_4,candidate_2,candidate_1,candidate_5,5,0.024
8,candidate_3,candidate_4,candidate_2,candidate_1,candidate_5,5,0.024
9,candidate_3,candidate_4,candidate_2,candidate_1,candidate_5,5,0.024
10,candidate_3,candidate_4,candidate_2,candidate_1,candidate_5,5,0.024
11,candidate_3,candidate_4,candidate_2,candidate_1,candidate_5,5,0.024
12,candidate_3,candidate_4,candidate_2,candidate_1,0,5,0.024
13,candidate_3,candidate_4,candidate_2,candidate_1,candidate_5,5,0.024
14,candidate_3,candidate_4,candidate_2,candidate_1,candidate_5,5,0.024
15,candidate_3,candidate_4,candidate_2,candidate_1,candidate_5,5,0.024
16,candidate_3,candidate_4,candidate_2,candidate_1,candidate_5,5,0.024
17,candidate_3,candidate_4,candidate_2,candidate_1,candidate_5,5,0.024
18,candidate_3,candidate_4,candidate_2,candidate_1,candidate_5,5,0.024
19,candidate_3,candidate_4,candidate_2,candidate_1,candidate_5,5,0.024
20,candidate_3,candidate_4,candidate_2,0,candidate_5,5,0.024
21,candidate_3,candidate_4,candidate_2,candidate_1,candidate_5,5,0.024
22,candidate_3,candidate_4,candidate_2,candidate_1,candidate_5,5,0.024
23,candidate_3,candidate_4,candidate_2,candidate_1,candidate_5,5,0.024
24,candidate_3,candidate_4,candidate_2,candidate_1,candidate_5,5,0.024
25,candidate_3,candidate_4,candidate_2,candidate_1,candidate_5,5,0.024
26,candidate_3,candidate_4,candidate_2,candidate_1,candidate_5,5,0.024
27,candidate_3,candidate_4,candidate_2,candidate_1,candidate_5,5,0.024
28,candidate_3,candidate_4,candidate_2,candidate_1,candidate_5,5,0.024
29,candidate_3,candidate_4,candidate_2,candidate_1,candidate_5,5,0.024
30,candidate_3,candidate_4,candidate_2,candidate_1,candidate_5,5,0.024
31,candidate_3,candidate_4,candidate_2,candidate_1,candidate_5,5,0.024
32,candidate_3,candidate_4,candidate_2,candidate_1,candidate_5,5,0.024
33,candidate_3,candidate_4,0,candidate_1,candidate_5,5,0.024
34,candidate_3,candidate_4,candidate_2,candidate_1,candidate_5,5,0.024
35,candidate_3,candidate_4,candidate_2,candidate_1,candidate_5,5,0.024
36,candidate_3,candidate_4,candidate_2,candidate_1,candidate_5,5,0.024
37,candidate_3,candidate_4,candidate_2,candidate_1,candidate_5,5,0.024
38,candidate_3,candidate_4,candidate_2,candidate_1,candidate_5,5,0.024
39,candidate_3,candidate_4,candidate_2,candidate_1,candidate_5,5,0.024
40,candidate_3,candidate_4,candidate_2,candidate_1,candidate_5,5,0.024
41,candidate_3,candidate_4,candidate_2,candidate_1,candidate_5,5,0.024
42,candidate_3,candidate_4,candidate_2,candidate_1,candidate_5,5,0.024
43,candidate_3,candidate_4,candidate_2,candidate_1,candidate_5,5,0.024
44,candidate_3,candidate_4,candidate_2,candidate_1,candidate_5,5,0.024
45,candidate_3,candidate_4,candidate_2,candidate_1,candidate_5,5,0.024
46,candidate_3,candidate_4,candidate_2,candidate_1,candidate_5,5,0.024
47,candidate_3,candidate_4,candidate_2,candidate_1,candidate_5,5,0.024
48,candidate_3,candidate_4,candidate_2,candidate_1,candidate_5,5,0.024
49,candidate_3,candidate_4,candidate_2,candidate_1,candidate_5,5,0.024
50,candidate_3,candidate_4,candidate_2,candidate_1,candidate_5,5,0.024
51,candidate_3,candidate_4,0,candidate_1,candidate_5,5,0.024
52,0,candidate_4,candidate_2,candidate_1,candidate_5,5,0.024
53,candidate_3,candidate_4,candidate_2,candidate_1,candidate_5,5,0.024
54,candidate_3,candidate_4,candidate_2,candidate_1,candidate_5,5,0.024
55,candidate_3,candidate_4,candidate_2,candidate_1,candidate_5,5,0.024
56,candidate_3,candidate_4,candidate_2,candidate_1,candidate_5,5,0.024
57,candidate_3,candidate_4,candidate_2,candidate_1,candidate_5,5,0.024
58,candidate_3,candidate_4,candidate_2,candidate_1,candidate_5,5,0.024
59,candidate_3,candidate_4,candidate_2,candidate_1,candidate_5,5,0.024
60,candidate_3,candidate_4,candidate_2,candidate_1,candidate_5,5,0.024
61,candidate_3,candidate_4,candidate_2,candidate_1,candidate_5,5,0.024
62,candidate_3,candidate_4,candidate_2,candidate_1,candidate_5,5,0.024
63,candidate_3,candidate_4,candidate_2,0,candidate_5,5,0.024
64,candidate_3,candidate_4,candidate_2,candidate_1,candidate_5,5,0.024
65,candidate_3,candidate_4,candidate_2,candidate_1,candidate_5,5,0.024
66,candidate_3,candidate_4,candidate_2,candidate_1,candidate_5,5,0.024
67,candidate_3,candidate_4,candidate_2,candidate_1,candidate_5,5,0.024
68,0,candidate_4,candidate_2,candidate_1,0,5,0.024
69,0,candidate_4,candidate_2,candidate_1,candidate_5,5,0.024
70,candidate_3,candidate_4,candidate_2,candidate_1,candidate_5,5,0.024
71,candidate_3,candidate_4,candidate_2,candidate_1,candidate_5,5,0.024
72,candidate_3,candidate_4,candidate_2,candidate_1,candidate_5,5,0.024
73,candidate_3,candidate_4,candidate_2,candidate_1,candidate_5,5,0.024
74,candidate_3,candidate_4,candidate_2,candidate_1,candidate_5,5,0.024
75,candidate_3,candidate_4,candidate_2,candidate_1,candidate_5,5,0.024
76,candidate_3,candidate_4,candidate_2,candidate_1,candidate_5,5,0.024
77,candidate_3,candidate_4,candidate_2,candidate_1,candidate_5,5,0.024
78,candidate_3,candidate_4,candidate_2,candidate_1,candidate_5,5,0.024
79,candidate_3,candidate_4,candidate_2,candidate_1,candidate_5,5,0.024
80,candidate_3,candidate_4,candidate_2,candidate_1,candidate_5,5,0.024
81,candidate_3,candidate_4,candidate_2,candidate_1,candidate_5,5,0.024
82,0,candidate_4,candidate_2,candidate_1,candidate_5,5,0.024
83,candidate_3,candidate_4,candidate_2,candidate_1,candidate_5,5,0.024
84,candidate_3,candidate_4,candidate_2,candidate_1,candidate_5,5,0.024
85,candidate_3,candidate_4,candidate_2,candidate_1,candidate_5,5,0.024
86,candidate_3,candidate_4,candidate_2,candidate_1,candidate_5,5,0.024
87,candidate_3,candidate_4,candidate_2,candidate_1,candidate_5,5,0.024
88,candidate_3,candidate_4,candidate_2,candidate_1,candidate_5,5,0.024
89,candidate_3,candidate_4,candidate_2,candidate_1,candidate_5,5,0.024
90,candidate_3,candidate_4,candidate_2,candidate_1,candidate_5,5,0.024
91,candidate_3,0,candidate_2,candidate_1,candidate_5,5,0.024
92,candidate_3,candidate_4,candidate_2,candidate_1,candidate_5,5,0.024
93,candidate_3,candidate_4,candidate_2,candidate_1,candidate_5,5,0.024
94,candidate_3,candidate_4,candidate_2,candidate_1,candidate_5,5,0.024
95,candidate_3,candidate_4,candidate_2,candidate_1,candidate_5,5,0.024
96,candidate_3,candidate_4,candidate_2,candidate_1,candidate_5,5,0.024
97,candidate_3,candidate_4,candidate_2,candidate_1,candidate_5,5,0.024
98,candidate_3,candidate_4,candidate_2,candidate_1,candidate_5,5,0.024
99,candidate_3,candidate_4,candidate_2,candidate_1,0,5,0.024
100,candidate_3,candidate_4,candidate_2,candidate_1,candidate_5,5,0.024
101,candidate_3,candidate_4,candidate_2,candidate_1,candidate_5,5,0.024
102,candidate_3,candidate_4,candidate_2,candidate_1,candidate_5,5,0.024
103,candidate_3,candidate_4,candidate_2,candidate_1,candidate_5,5,0.024
104,candidate_3,candidate_4,candidate_2,candidate_1,candidate_5,5,0.024
105,candidate_3,candidate_4,0,candidate_1,candidate_5,5,0.024
106,candidate_3,candidate_4,candidate_2,candidate_1,candidate_5,5,0.024
107,0,candidate_4,candidate_2,candidate_1,candidate_5,5,0.024
108,candidate_3,candidate_4,candidate_2,candidate_1,candidate_5,5,0.024
109,candidate_3,candidate_4,candidate_2,candidate_1,candidate_5,5,0.024
110,candidate_3,candidate_4,candidate_2,candidate_1,candidate_5,5,0.024
111,candidate_3,candidate_4,candidate_2,candidate_1,candidate_5,5,0.024
112,candidate_3,candidate_4,candidate_2,candidate_1,candidate_5,5,0.024
113,candidate_3,candidate_4,candidate_2,candidate_1,candidate_5,5,0.024
114,candidate_3,candidate_4,candidate_2,candidate_1,candidate_5,5,0.024
115,candidate_3,candidate_4,candidate_2,candidate_1,candidate_5,5,0.024
116,candidate_3,candidate_4,candidate_2,candidate_1,candidate_5,5,0.024
117,candidate_3,candidate_4,candidate_2,candidate_1,candidate_5,5,0.024
118,candidate_3,candidate_4,candidate_2,candidate_1,candidate_5,5,0.024
119,candidate_3,candidate_4,candidate_2,candidate_1,candidate_5,5,0.024
120,candidate_3,candidate_4,0,candidate_1,candidate_5,5,0.024
121,candidate_3,candidate_4,candidate_2,candidate_1,candidate_5,5,0.024
122,candidate_3,candidate_4,candidate_2,candidate_1,candidate_5,5,0.024
123,candidate_3,candidate_4,candidate_2,candidate_1,candidate_5,5,0.024
124,candidate_3,candidate_4,candidate_2,candidate_1,candidate_5,5,0.024
125,0,candidate_4,candidate_2,candidate_1,candidate_5,5,0.024
126,candidate_3,candidate_4,candidate_2,candidate_1,candidate_5,5,0.024
127,candidate_3,candidate_4,candidate_2,candidate_1,candidate_5,5,0.024
128,candidate_3,0,candidate_2,candidate_1,candidate_5,5,0.024
129,candidate_3,candidate_4,candidate_2,candidate_1,candidate_5,5,0.024
130,candidate_3,candidate_4,candidate_2,candidate_1,candidate_5,5,0.024
131,candidate_3,candidate_4,candidate_2,candidate_1,candidate_5,5,0.024
132,candidate_3,candidate_4,candidate_2,candidate_1,candidate_5,5,0.024
133,candidate_3,candidate_4,candidate_2,candidate_1,candidate_5,5,0.024
134,candidate_3,candidate_4,candidate_2,candidate_1,0,5,0.024
135,candidate_3,candidate_4,candidate_2,candidate_1,candidate_5,5,0.024
136,candidate_3,candidate_4,candidate_2,candidate_1,candidate_5,5,0.024
137,candidate_3,candidate_4,candidate_2,candidate_1,candidate_5,5,0.024
138,candidate_3,candidate_4,candidate_2,candidate_1,candidate_5,5,0.024
139,candidate_3,candidate_4,candidate_2,candidate_1,candidate_5,5,0.024
140,candidate_3,candidate_4,candidate_2,0,candidate_5,5,0.024
141,candidate_3,candidate_4,candidate_2,candidate_1,candidate_5,5,0.024
0,candidate_3,candidate_4,0,candidate_5,candidate_1,5,0.024
1,candidate_3,candidate_4,candidate_2,candidate_5,candidate_1,5,0.024
2,candidate_3,candidate_4,0,candidate_5,candidate_1,5,0.024
3,candidate_3,candidate_4,candidate_2,candidate_5,candidate_1,5,0.024
4,candidate_3,candidate_4,candidate_2,candidate_5,candidate_1,5,0.024
5,candidate_3,candidate_4,candidate_2,candidate_5,candidate_1,5,0.024
6,candidate_3,candidate_4,candidate_2,candidate_5,candidate_1,5,0.024
7,candidate_3,candidate_4,0,candidate_5,candidate_1,5,0.024
8,candidate_3,candidate_4,candidate_2,candidate_5,candidate_1,5,0.024
9,candidate_3,candidate_4,candidate_2,candidate_5,candidate_1,5,0.024
10,candidate_3,candidate_4,candidate_2,candidate_5,candidate_1,5,0.024
11,candidate_3,candidate_4,candidate_2,candidate_5,candidate_1,5,0.024
12,candidate_3,candidate_4,candidate_2,candidate_5,candidate_1,5,0.024
13,candidate_3,candidate_4,candidate_2,candidate_5,0,5,0.024
14,candidate_3,candidate_4,candidate_2,candidate_5,candidate_1,5,0.024
15,0,0,candidate_2,candidate_5,candidate_1,5,0.024
16,candidate_3,candidate_4,candidate_2,candidate_5,0,5,0.024
17,candidate_3,candidate_4,candidate_2,candidate_5,candidate_1,5,0.024
18,candidate_3,candidate_4,candidate_2,candidate_5,candidate_1,5,0.024
19,candidate_3,candidate_4,candidate_2,candidate_5,candidate_1,5,0.024
20,candidate_3,candidate_4,candidate_2,candidate_5,candidate_1,5,0.024
21,candidate_3,candidate_4,candidate_2,candidate_5,candidate_1,5,0.024
22,candidate_3,candidate_4,0,candidate_5,candidate_1,5,0.024
23,candidate_3,candidate_4,candidate_2,candidate_5,candidate_1,5,0.024
24,candidate_3,0,candidate_2,candidate_5,candidate_1,5,0.024
25,candidate_3,candidate_4,candidate_2,candidate_5,candidate_1,5,0.024
26,candidate_3,candidate_4,candidate_2,candidate_5,candidate_1,5,0.024
27,candidate_3,candidate_4,candidate_2,candidate_5,candidate_1,5,0.024
28,candidate_3,candidate_4,candidate_2,candidate_5,candidate_1,5,0.024
29,candidate_3,candidate_4,candidate_2,candidate_5,candidate_1,5,0.024
30,candidate_3,candidate_4,candidate_2,candidate_5,candidate_1,5,0.024
31,candidate_3,candidate_4,candidate_2,candidate_5,candidate_1,5,0.024
32,candidate_3,candidate_4,candidate_2,0,candidate_1,5,0.024
33,candidate_3,candidate_4,candidate_2,candidate_5,candidate_1,5,0.024
34,candidate_3,candidate_4,candidate_2,candidate_5,0,5,0.024
35,candidate_3,candidate_4,candidate_2,candidate_5,candidate_1,5,0.024
36,candidate_3,candidate_4,candidate_2,candidate_5,candidate_1,5,0.024
37,candidate_3,candidate_4,candidate_2,candidate_5,candidate_1,5,0.024
38,candidate_3,candidate_4,candidate_2,candidate_5,candidate_1,5,0.024
39,candidate_3,candidate_4,candidate_2,candidate_5,candidate_1,5,0.024
40,candidate_3,candidate_4,candidate_2,candidate_5,candidate_1,5,0.024
41,candidate_3,candidate_4,candidate_2,candidate_5,candidate_1,5,0.024
42,candidate_3,candidate_4,candidate_2,candidate_5,candidate_1,5,0.024
43,candidate_3,candidate_4,candidate_2,candidate_5,candidate_1,5,0.024
44,candidate_3,candidate_4,candidate_2,candidate_5,candidate_1,5,0.024
45,candidate_3,candidate_4,candidate_2,candidate_5,candidate_1,5,0.024
46,candidate_3,candidate_4,candidate_2,candidate_5,candidate_1,5,0.024
47,candidate_3,candidate_4,candidate_2,candidate_5,candidate_1,5,0.024
48,candidate_3,candidate_4,candidate_2,candidate_5,candidate_1,5,0.024
49,candidate_3,candidate_4,candidate_2,candidate_5,candidate_1,5,0.024
50,candidate_3,candidate_4,candidate_2,0,candidate_1,5,0.024
51,candidate_3,candidate_4,0,candidate_5,candidate_1,5,0.024
52,candidate_3,candidate_4,candidate_2,candidate_5,candidate_1,5,0.024
53,0,candidate_4,candidate_2,candidate_5,candidate_1,5,0.024
54,candidate_3,candidate_4,candidate_2,candidate_5,candidate_1,5,0.024
55,candidate_3,candidate_4,candidate_2,candidate_5,candidate_1,5,0.024
56,candidate_3,candidate_4,candidate_2,candidate_5,candidate_1,5,0.024
57,candidate_3,candidate_4,candidate_2,0,candidate_1,5,0.024
58,candidate_3,candidate_4,candidate_2,candidate_5,candidate_1,5,0.024
59,candidate_3,candidate_4,candidate_2,candidate_5,candidate_1,5,0.024
60,candidate_3,candidate_4,candidate_2,candidate_5,candidate_1,5,0.024
61,candidate_3,candidate_4,candidate_2,candidate_5,candidate_1,5,0.024
62,candidate_3,candidate_4,candidate_2,candidate_5,candidate_1,5,0.024
63,candidate_3,candidate_4,candidate_2,candidate_5,candidate_1,5,0.024
64,candidate_3,candidate_4,candidate_2,candidate_5,candidate_1,5,0.024
65,candidate_3,candidate_4,candidate_2,candidate_5,candidate_1,5,0.024
66,candidate_3,candidate_4,candidate_2,candidate_5,candidate_1,5,0.024
67,candidate_3,candidate_4,candidate_2,candidate_5,candidate_1,5,0.024
68,candidate_3,candidate_4,candidate_2,candidate_5,candidate_1,5,0.024
69,candidate_3,candidate_4,candidate_2,candidate_5,candidate_1,5,0.024
70,candidate_3,candidate_4,candidate_2,0,candidate_1,5,0.024
71,candidate_3,candidate_4,0,candidate_5,candidate_1,5,0.024
72,candidate_3,candidate_4,candidate_2,candidate_5,candidate_1,5,0.024
73,candidate_3,candidate_4,candidate_2,candidate_5,candidate_1,5,0.024
74,candidate_3,candidate_4,candidate_2,candidate_5,candidate_1,5,0.024
75,candidate_3,candidate_4,candidate_2,candidate_5,0,5,0.024
76,candidate_3,candidate_4,candidate_2,candidate_5,candidate_1,5,0.024
77,candidate_3,candidate_4,candidate_2,candidate_5,candidate_1,5,0.024
78,candidate_3,candidate_4,candidate_2,candidate_5,candidate_1,5,0.024
79,candidate_3,candidate_4,candidate_2,candidate_5,candidate_1,5,0.024
80,candidate_3,candidate_4,candidate_2,candidate_5,candidate_1,5,0.024
81,candidate_3,candidate_4,candidate_2,candidate_5,candidate_1,5,0.024
82,candidate_3,candidate_4,candidate_2,candidate_5,candidate_1,5,0.024
83,candidate_3,candidate_4,candidate_2,candidate_5,candidate_1,5,0.024
84,candidate_3,candidate_4,candidate_2,candidate_5,candidate_1,5,0.024
85,candidate_3,candidate_4,candidate_2,candidate_5,candidate_1,5,0.024
86,candidate_3,candidate_4,candidate_2,candidate_5,candidate_1,5,0.024
87,candidate_3,candidate_4,candidate_2,candidate_5,candidate_1,5,0.024
88,candidate_3,candidate_4,candidate_2,candidate_5,candidate_1,5,0.024
89,candidate_3,candidate_4,candidate_2,candidate_5,candidate_1,5,0.024
90,candidate_3,candidate_4,candidate_2,candidate_5,0,5,0.024
91,candidate_3,candidate_4,candidate_2,candidate_5,candidate_1,5,0.024
92,candidate_3,candidate_4,candidate_2,0,candidate_1,5,0.024
93,candidate_3,candidate_4,candidate_2,candidate_5,candidate_1,5,0.024
94,0,candidate_4,candidate_2,candidate_5,candidate_1,5,0.024
95,candidate_3,candidate_4,candidate_2,candidate_5,candidate_1,5,0.024
96,candidate_3,candidate_4,candidate_2,candidate_5,candidate_1,5,0.024
97,candidate_3,candidate_4,candidate_2,candidate_5,candidate_1,5,0.024
98,candidate_3,candidate_4,candidate_2,candidate_5,candidate_1,5,0.024
99,candidate_3,candidate_4,candidate_2,candidate_5,candidate_1,5,0.024
100,0,candidate_4,candidate_2,candidate_5,candidate_1,5,0.024
101,candidate_3,candidate_4,candidate_2,candidate_5,candidate_1,5,0.024
102,candidate_3,candidate_4,candidate_2,candidate_5,candidate_1,5,0.024
103,candidate_3,candidate_4,candidate_2,candidate_5,candidate_1,5,0.024
104,candidate_3,candidate_4,candidate_2,candidate_5,candidate_1,5,0.024
105,candidate_3,candidate_4,candidate_2,candidate_5,candidate_1,5,0.024
106,candidate_3,candidate_4,candidate_2,candidate_5,candidate_1,5,0.024
107,candidate_3,candidate_4,candidate_2,candidate_5,candidate_1,5,0.024
108,candidate_3,candidate_4,0,candidate_5,candidate_1,5,0.024
109,candidate_3,candidate_4,candidate_2,candidate_5,candidate_1,5,0.024
110,candidate_3,candidate_4,candidate_2,candidate_5,candidate_1,5,0.024
111,candidate_3,candidate_4,candidate_2,candidate_5,candidate_1,5,0.024
112,candidate_3,candidate_4,candidate_2,candidate_5,candidate_1,5,0.024
113,candidate_3,candidate_4,candidate_2,candidate_5,candidate_1,5,0.024
114,candidate_3,candidate_4,candidate_2,candidate_5,candidate_1,5,0.024
115,candidate_3,candidate_4,candidate_2,candidate_5,0,5,0.024
116,candidate_3,candidate_4,candidate_2,candidate_5,candidate_1,5,0.024
117,candidate_3,candidate_4,candidate_2,candidate_5,candidate_1,5,0.024
118,candidate_3,candidate_4,candidate_2,candidate_5,candidate_1,5,0.024
119,candidate_3,candidate_4,candidate_2,candidate_5,candidate_1,5,0.024
120,candidate_3,candidate_4,candidate_2,candidate_5,candidate_1,5,0.024
121,candidate_3,0,candidate_2,candidate_5,candidate_1,5,0.024
122,candidate_3,candidate_4,candidate_2,candidate_5,candidate_1,5,0.024
123,candidate_3,candidate_4,candidate_2,candidate_5,candidate_1,5,0.024
124,candidate_3,candidate_4,candidate_2,candidate_5,candidate_1,5,0.024
125,candidate_3,candidate_4,candidate_2,candidate_5,candidate_1,5,0.024
126,candidate_3,candidate_4,candidate_2,candidate_5,candidate_1,5,0.024
127,candidate_3,candidate_4,candidate_2,candidate_5,candidate_1,5,0.024
128,candidate_3,candidate_4,candidate_2,candidate_5,candidate_1,5,0.024
129,candidate_3,candidate_4,candidate_2,0,candidate_1,5,0.024
130,candidate_3,candidate_4,candidate_2,candidate_5,candidate_1,5,0.024
0,candidate_3,candidate_4,candidate_5,candidate_1,candidate_2,5,0.024
1,candidate_3,candidate_4,candidate_5,candidate_1,candidate_2,5,0.024
2,candidate_3,candidate_4,candidate_5,candidate_1,candidate_2,5,0.024
3,candidate_3,candidate_4,candidate_5,candidate_1,candidate_2,5,0.024
4,candidate_3,candidate_4,candidate_5,candidate_1,candidate_2,5,0.024
5,candidate_3,candidate_4,candidate_5,candidate_1,candidate_2,5,0.024
6,candidate_3,candidate_4,candidate_5,candidate_1,candidate_2,5,0.024
7,candidate_3,candidate_4,candidate_5,candidate_1,candidate_2,5,0.024
8,candidate_3,candidate_4,candidate_5,candidate_1,candidate_2,5,0.024
9,candidate_3,candidate_4,candidate_5,candidate_1,candidate_2,5,0.024
10,candidate_3,candidate_4,candidate_5,candidate_1,candidate_2,5,0.024
11,candidate_3,candidate_4,candidate_5,candidate_1,candidate_2,5,0.024
12,candidate_3,candidate_4,candidate_5,candidate_1,candidate_2,5,0.024
13,candidate_3,candidate_4,candidate_5,candidate_1,candidate_2,5,0.024
14,candidate_3,candidate_4,candidate_5,candidate_1,candidate_2,5,0.024
15,candidate_3,candidate_4,candidate_5,candidate_1,candidate_2,5,0.024
16,candidate_3,candidate_4,candidate_5,candidate_1,candidate_2,5,0.024
17,candidate_3,candidate_4,candidate_5,candidate_1,candidate_2,5,0.024
18,candidate_3,candidate_4,candidate_5,candidate_1,candidate_2,5,0.024
19,candidate_3,0,candidate_5,candidate_1,candidate_2,5,0.024
20,candidate_3,candidate_4,candidate_5,candidate_1,candidate_2,5,0.024
21,candidate_3,candidate_4,candidate_5,candidate_1,candidate_2,5,0.024
22,candidate_3,candidate_4,candidate_5,candidate_1,candidate_2,5,0.024
23,candidate_3,candidate_4,candidate_5,candidate_1,candidate_2,5,0.024
24,candidate_3,candidate_4,candidate_5,candidate_1,candidate_2,5,0.024
25,candidate_3,candidate_4,candidate_5,candidate_1,candidate_2,5,0.024
26,candidate_3,candidate_4,candidate_5,candidate_1,candidate_2,5,0.024
27,candidate_3,candidate_4,candidate_5,candidate_1,candidate_2,5,0.024
28,candidate_3,candidate_4,candidate_5,candidate_1,candidate_2,5,0.024
29,candidate_3,candidate_4,candidate_5,candidate_1,candidate_2,5,0.024
30,candidate_3,0,0,candidate_1,candidate_2,5,0.024
31,candidate_3,candidate_4,candidate_5,candidate_1,candidate_2,5,0.024
32,candidate_3,candidate_4,candidate_5,candidate_1,candidate_2,5,0.024
33,candidate_3,candidate_4,candidate_5,candidate_1,candidate_2,5,0.024
34,candidate_3,candidate_4,candidate_5,candidate_1,candidate_2,5,0.024
35,candidate_3,candidate_4,candidate_5,candidate_1,candidate_2,5,0.024
36,candidate_3,candidate_4,candidate_5,candidate_1,candidate_2,5,0.024
37,candidate_3,candidate_4,candidate_5,candidate_1,candidate_2,5,0.024
38,candidate_3,candidate_4,candidate_5,candidate_1,candidate_2,5,0.024
39,candidate_3,candidate_4,candidate_5,candidate_1,candidate_2,5,0.024
40,candidate_3,candidate_4,candidate_5,candidate_1,0,5,0.024
41,candidate_3,candidate_4,candidate_5,candidate_1,0,5,0.024
42,candidate_3,candidate_4,candidate_5,candidate_1,candidate_2,5,0.024
43,candidate_3,candidate_4,candidate_5,candidate_1,candidate_2,5,0.024
44,candidate_3,candidate_4,candidate_5,candidate_1,candidate_2,5,0.024
45,candidate_3,candidate_4,candidate_5,candidate_1,candidate_2,5,0.024
46,candidate_3,candidate_4,candidate_5,candidate_1,candidate_2,5,0.024
47,candidate_3,candidate_4,candidate_5,candidate_1,candidate_2,5,0.024
48,candidate_3,candidate_4,candidate_5,candidate_1,candidate_2,5,0.024
49,candidate_3,candidate_4,candidate_5,candidate_1,candidate_2,5,0.024
50,candidate_3,candidate_4,candidate_5,candidate_1,candidate_2,5,0.024
51,candidate_3,candidate_4,candidate_5,candidate_1,candidate_2,5,0.024
52,candidate_3,candidate_4,candidate_5,candidate_1,candidate_2,5,0.024
53,candidate_3,candidate_4,candidate_5,candidate_1,candidate_2,5,0.024
54,candidate_3,candidate_4,candidate_5,candidate_1,candidate_2,5,0.024
55,candidate_3,candidate_4,candidate_5,candidate_1,candidate_2,5,0.024
56,candidate_3,candidate_4,candidate_5,candidate_1,candidate_2,5,0.024
57,candidate_3,candidate_4,candidate_5,candidate_1,candidate_2,5,0.024
58,candidate_3,candidate_4,candidate_5,candidate_1,candidate_2,5,0.024
59,candidate_3,candidate_4,candidate_5,candidate_1,candidate_2,5,0.024
60,candidate_3,candidate_4,candidate_5,candidate_1,candidate_2,5,0.024
61,candidate_3,candidate_4,candidate_5,candidate_1,candidate_2,5,0.024
62,candidate_3,candidate_4,candidate_5,candidate_1,candidate_2,5,0.024
63,candidate_3,candidate_4,candidate_5,candidate_1,candidate_2,5,0.024
64,candidate_3,candidate_4,candidate_5,candidate_1,candidate_2,5,0.024
65,candidate_3,candidate_4,candidate_5,candidate_1,candidate_2,5,0.024
66,candidate_3,candidate_4,candidate_5,candidate_1,candidate_2,5,0.024
67,candidate_3,candidate_4,candidate_5,candidate_1,candidate_2,5,0.024
68,candidate_3,candidate_4,candidate_5,candidate_1,candidate_2,5,0.024
69,candidate_3,candidate_4,candidate_5,candidate_1,candidate_2,5,0.024
70,candidate_3,candidate_4,candidate_5,candidate_1,candidate_2,5,0.024
71,candidate_3,candidate_4,candidate_5,candidate_1,candidate_2,5,0.024
72,candidate_3,candidate_4,candidate_5,candidate_1,candidate_2,5,0.024
73,candidate_3,candidate_4,candidate_5,candidate_1,candidate_2,5,0.024
74,candidate_3,candidate_4,candidate_5,candidate_1,candidate_2,5,0.024
75,candidate_3,candidate_4,0,candidate_1,candidate_2,5,0.024
76,candidate_3,candidate_4,candidate_5,candidate_1,candidate_2,5,0.024
77,candidate_3,candidate_4,candidate_5,candidate_1,candidate_2,5,0.024
78,candidate_3,candidate_4,candidate_5,candidate_1,candidate_2,5,0.024
79,candidate_3,candidate_4,candidate_5,candidate_1,0,5,0.024
80,candidate_3,candidate_4,candidate_5,candidate_1,candidate_2,5,0.024
81,candidate_3,candidate_4,candidate_5,candidate_1,candidate_2,5,0.024
82,candidate_3,candidate_4,candidate_5,candidate_1,candidate_2,5,0.024
83,candidate_3,candidate_4,candidate_5,candidate_1,candidate_2,5,0.024
84,candidate_3,candidate_4,candidate_5,candidate_1,candidate_2,5,0.024
85,0,candidate_4,candidate_5,candidate_1,candidate_2,5,0.024
86,candidate_3,candidate_4,candidate_5,candidate_1,candidate_2,5,0.024
87,candidate_3,candidate_4,candidate_5,candidate_1,candidate_2,5,0.024
88,candidate_3,candidate_4,candidate_5,candidate_1,candidate_2,5,0.024
89,candidate_3,0,candidate_5,candidate_1,candidate_2,5,0.024
90,candidate_3,candidate_4,candidate_5,candidate_1,candidate_2,5,0.024
91,candidate_3,candidate_4,candidate_5,candidate_1,candidate_2,5,0.024
92,candidate_3,candidate_4,candidate_5,candidate_1,candidate_2,5,0.024
93,candidate_3,candidate_4,candidate_5,candidate_1,candidate_2,5,0.024
94,candidate_3,candidate_4,candidate_5,candidate_1,candidate_2,5,0.024
95,candidate_3,candidate_4,candidate_5,candidate_1,candidate_2,5,0.024
96,candidate_3,candidate_4,candidate_5,candidate_1,candidate_2,5,0.024
97,candidate_3,candidate_4,candidate_5,candidate_1,candidate_2,5,0.024
98,candidate_3,candidate_4,candidate_5,candidate_1,candidate_2,5,0.024
99,candidate_3,candidate_4,candidate_5,candidate_1,candidate_2,5,0.024
100,candidate_3,candidate_4,candidate_5,candidate_1,candidate_2,5,0.024
101,candidate_3,candidate_4,candidate_5,candidate_1,candidate_2,5,0.024
102,candidate_3,candidate_4,candidate_5,candidate_1,candidate_2,5,0.024
103,candidate_3,candidate_4,candidate_5,candidate_1,candidate_2,5,0.024
0,candidate_3,candidate_4,candidate_5,candidate_2,candidate_1,5,0.024
1,candidate_3,candidate_4,candidate_5,candidate_2,candidate_1,5,0.024
2,candidate_3,candidate_4,candidate_5,candidate_2,candidate_1,5,0.024
3,candidate_3,candidate_4,candidate_5,candidate_2,candidate_1,5,0.024
4,candidate_3,candidate_4,candidate_5,candidate_2,candidate_1,5,0.024
5,candidate_3,candidate_4,candidate_5,candidate_2,candidate_1,5,0.024
6,candidate_3,0,candidate_5,candidate_2,candidate_1,5,0.024
7,candidate_3,candidate_4,candidate_5,candidate_2,candidate_1,5,0.024
8,candidate_3,candidate_4,candidate_5,candidate_2,candidate_1,5,0.024
9,candidate_3,candidate_4,candidate_5,candidate_2,candidate_1,5,0.024
10,candidate_3,candidate_4,candidate_5,candidate_2,candidate_1,5,0.024
11,candidate_3,candidate_4,candidate_5,candidate_2,candidate_1,5,0.024
12,candidate_3,candidate_4,candidate_5,candidate_2,candidate_1,5,0.024
13,candidate_3,candidate_4,candidate_5,candidate_2,candidate_1,5,0.024
14,candidate_3,candidate_4,candidate_5,0,candidate_1,5,0.024
15,candidate_3,candidate_4,candidate_5,candidate_2,candidate_1,5,0.024
16,candidate_3,candidate_4,candidate_5,candidate_2,candidate_1,5,0.024
17,candidate_3,candidate_4,candidate_5,candidate_2,candidate_1,5,0.024
18,candidate_3,candidate_4,candidate_5,candidate_2,candidate_1,5,0.024
19,candidate_3,candidate_4,candidate_5,candidate_2,candidate_1,5,0.024
20,candidate_3,candidate_4,candidate_5,candidate_2,candidate_1,5,0.024
21,candidate_3,candidate_4,candidate_5,candidate_2,candidate_1,5,0.024
22,candidate_3,candidate_4,candidate_5,candidate_2,candidate_1,5,0.024
23,candidate_3,candidate_4,candidate_5,candidate_2,candidate_1,5,0.024
24,candidate_3,candidate_4,candidate_5,candidate_2,candidate_1,5,0.024
25,candidate_3,candidate_4,candidate_5,candidate_2,candidate_1,5,0.024
26,candidate_3,candidate_4,candidate_5,candidate_2,candidate_1,5,0.024
27,candidate_3,candidate_4,candidate_5,candidate_2,candidate_1,5,0.024
28,candidate_3,candidate_4,candidate_5,candidate_2,candidate_1,5,0.024
29,candidate_3,candidate_4,candidate_5,candidate_2,candidate_1,5,0.024
30,candidate_3,candidate_4,candidate_5,candidate_2,candidate_1,5,0.024
31,0,candidate_4,candidate_5,candidate_2,candidate_1,5,0.024
32,candidate_3,candidate_4,candidate_5,candidate_2,candidate_1,5,0.024
33,candidate_3,candidate_4,candidate_5,candidate_2,candidate_1,5,0.024
34,candidate_3,candidate_4,candidate_5,candidate_2,candidate_1,5,0.024
35,candidate_3,candidate_4,candidate_5,candidate_2,candidate_1,5,0.024
36,candidate_3,candidate_4,candidate_5,candidate_2,candidate_1,5,0.024
37,candidate_3,candidate_4,candidate_5,candidate_2,candidate_1,5,0.024
38,candidate_3,candidate_4,candidate_5,candidate_2,candidate_1,5,0.024
39,candidate_3,candidate_4,candidate_5,candidate_2,candidate_1,5,0.024
40,candidate_3,candidate_4,candidate_5,candidate_2,candidate_1,5,0.024
41,candidate_3,0,candidate_5,candidate_2,candidate_1,5,0.024
42,candidate_3,candidate_4,candidate_5,candidate_2,candidate_1,5,0.024
43,candidate_3,candidate_4,candidate_5,candidate_2,candidate_1,5,0.024
44,candidate_3,candidate_4,candidate_5,candidate_2,candidate_1,5,0.024
45,candidate_3,candidate_4,candidate_5,candidate_2,0,5,0.024
46,candidate_3,candidate_4,candidate_5,candidate_2,candidate_1,5,0.024
47,candidate_3,candidate_4,candidate_5,candidate_2,candidate_1,5,0.024
48,0,candidate_4,candidate_5,candidate_2,candidate_1,5,0.024
49,candidate_3,candidate_4,candidate_5,candidate_2,candidate_1,5,0.024
50,candidate_3,candidate_4,candidate_5,candidate_2,candidate_1,5,0.024
51,candidate_3,candidate_4,candidate_5,candidate_2,candidate_1,5,0.024
52,candidate_3,candidate_4,candidate_5,candidate_2,candidate_1,5,0.024
53,candidate_3,candidate_4,candidate_5,candidate_2,candidate_1,5,0.024
54,candidate_3,candidate_4,candidate_5,candidate_2,candidate_1,5,0.024
55,candidate_3,candidate_4,candidate_5,candidate_2,candidate_1,5,0.024
56,candidate_3,candidate_4,candidate_5,candidate_2,candidate_1,5,0.024
57,candidate_3,candidate_4,candidate_5,candidate_2,candidate_1,5,0.024
58,candidate_3,candidate_4,candidate_5,candidate_2,candidate_1,5,0.024
59,candidate_3,candidate_4,candidate_5,candidate_2,candidate_1,5,0.024
60,candidate_3,candidate_4,candidate_5,candidate_2,candidate_1,5,0.024
61,candidate_3,candidate_4,candidate_5,candidate_2,candidate_1,5,0.024
62,0,candidate_4,candidate_5,candidate_2,candidate_1,5,0.024
63,candidate_3,candidate_4,candidate_5,candidate_2,candidate_1,5,0.024
64,candidate_3,candidate_4,candidate_5,candidate_2,candidate_1,5,0.024
65,candidate_3,candidate_4,candidate_5,candidate_2,candidate_1,5,0.024
66,candidate_3,candidate_4,candidate_5,candidate_2,candidate_1,5,0.024
67,candidate_3,candidate_4,candidate_5,candidate_2,candidate_1,5,0.024
68,candidate_3,candidate_4,candidate_5,candidate_2,candidate_1,5,0.024
69,candidate_3,candidate_4,candidate_5,candidate_2,candidate_1,5,0.024
70,candidate_3,candidate_4,candidate_5,candidate_2,candidate_1,5,0.024
71,candidate_3,candidate_4,candidate_5,candidate_2,candidate_1,5,0.024
72,candidate_3,candidate_4,candidate_5,candidate_2,candidate_1,5,0.024
73,candidate_3,candidate_4,candidate_5,candidate_2,candidate_1,5,0.024
74,candidate_3,candidate_4,candidate_5,candidate_2,candidate_1,5,0.024
75,candidate_3,candidate_4,candidate_5,candidate_2,candidate_1,5,0.024
76,candidate_3,candidate_4,candidate_5,candidate_2,candidate_1,5,0.024
77,candidate_3,candidate_4,0,candidate_2,candidate_1,5,0.024
78,candidate_3,candidate_4,candidate_5,candidate_2,0,5,0.024
79,candidate_3,candidate_4,candidate_5,candidate_2,candidate_1,5,0.024
80,candidate_3,candidate_4,candidate_5,candidate_2,candidate_1,5,0.024
81,candidate_3,candidate_4,candidate_5,candidate_2,candidate_1,5,0.024
82,candidate_3,candidate_4,candidate_5,candidate_2,candidate_1,5,0.024
83,candidate_3,candidate_4,candidate_5,candidate_2,candidate_1,5,0.024
84,candidate_3,candidate_4,candidate_5,candidate_2,candidate_1,5,0.024
85,candidate_3,candidate_4,candidate_5,candidate_2,candidate_1,5,0.024
86,candidate_3,candidate_4,candidate_5,candidate_2,candidate_1,5,0.024
87,candidate_3,candidate_4,candidate_5,candidate_2,candidate_1,5,0.024
88,candidate_3,candidate_4,candidate_5,candidate_2,candidate_1,5,0.024
89,candidate_3,candidate_4,candidate_5,candidate_2,candidate_1,5,0.024
90,candidate_3,candidate_4,candidate_5,candidate_2,candidate_1,5,0.024
91,candidate_3,candidate_4,candidate_5,candidate_2,candidate_1,5,0.024
92,candidate_3,candidate_4,candidate_5,candidate_2,candidate_1,5,0.024
93,candidate_3,candidate_4,candidate_5,candidate_2,candidate_1,5,0.024
94,candidate_3,candidate_4,candidate_5,candidate_2,candidate_1,5,0.024
95,candidate_3,candidate_4,candidate_5,candidate_2,candidate_1,5,0.024
96,candidate_3,candidate_4,candidate_5,candidate_2,candidate_1,5,0.024
97,candidate_3,candidate_4,candidate_5,candidate_2,candidate_1,5,0.024
98,candidate_3,candidate_4,candidate_5,candidate_2,candidate_1,5,0.024
99,candidate_3,candidate_4,candidate_5,candidate_2,candidate_1,5,0.024
100,candidate_3,candidate_4,candidate_5,candidate_2,candidate_1,5,0.024
101,candidate_3,candidate_4,candidate_5,candidate_2,candidate_1,5,0.024
102,candidate_3,candidate_4,0,candidate_2,candidate_1,5,0.024
103,candidate_3,candidate_4,candidate_5,candidate_2,candidate_1,5,0.024
104,candidate_3,candidate_4,candidate_5,candidate_2,candidate_1,5,0.024
105,candidate_3,candidate_4,candidate_5,candidate_2,candidate_1,5,0.024
106,candidate_3,candidate_4,candidate_5,candidate_2,candidate_1,5,0.024
107,candidate_3,candidate_4,candidate_5,candidate_2,candidate_1,5,0.024
108,candidate_3,candidate_4,candidate_5,candidate_2,candidate_1,5,0.024
109,candidate_3,candidate_4,candidate_5,candidate_2,candidate_1,5,0.024
110,candidate_3,candidate_4,candidate_5,candidate_2,candidate_1,5,0.024
111,candidate_3,candidate_4,candidate_5,candidate_2,candidate_1,5,0.024
112,candidate_3,candidate_4,candidate_5,candidate_2,candidate_1,5,0.024
113,candidate_3,candidate_4,candidate_5,candidate_2,candidate_1,5,0.024
114,candidate_3,candidate_4,candidate_5,candidate_2,candidate_1,5,0.024
115,candidate_3,candidate_4,candidate_5,candidate_2,candidate_1,5,0.024
116,candidate_3,candidate_4,candidate_5,candidate_2,candidate_1,5,0.024
117,candidate_3,candidate_4,candidate_5,candidate_2,candidate_1,5,0.024
118,candidate_3,candidate_4,candidate_5,candidate_2,candidate_1,5,0.024
119,candidate_3,candidate_4,candidate_5,candidate_2,candidate_1,5,0.024
120,candidate_3,candidate_4,candidate_5,candidate_2,candidate_1,5,0.024
121,candidate_3,candidate_4,candidate_5,candidate_2,candidate_1,5,0.024
122,candidate_3,candidate_4,candidate_5,candidate_2,candidate_1,5,0.024
123,candidate_3,candidate_4,candidate_5,candidate_2,candidate_1,5,0.024
124,candidate_3,candidate_4,candidate_5,candidate_2,candidate_1,5,0.024
125,candidate_3,candidate_4,candidate_5,candidate_2,candidate_1,5,0.024
126,candidate_3,candidate_4,candidate_5,candidate_2,candidate_1,5,0.024
127,candidate_3,0,candidate_5,candidate_2,candidate_1,5,0.024
128,candidate_3,candidate_4,candidate_5,candidate_2,candidate_1,5,0.024
129,candidate_3,candidate_4,candidate_5,candidate_2,candidate_1,5,0.024
130,candidate_3,candidate_4,candidate_5,candidate_2,candidate_1,5,0.024
131,candidate_3,candidate_4,candidate_5,candidate_2,candidate_1,5,0.024
0,candidate_3,candidate_5,candidate_1,candidate_2,candidate_4,5,0.024
1,candidate_3,candidate_5,candidate_1,candidate_2,candidate_4,5,0.024
2,candidate_3,candidate_5,candidate_1,candidate_2,candidate_4,5,0.024
3,candidate_3,candidate_5,candidate_1,candidate_2,candidate_4,5,0.024
4,0,candidate_5,candidate_1,candidate_2,candidate_4,5,0.024
5,candidate_3,candidate_5,candidate_1,candidate_2,candidate_4,5,0.024
6,candidate_3,candidate_5,0,candidate_2,candidate_4,5,0.024
7,candidate_3,candidate_5,candidate_1,candidate_2,candidate_4,5,0.024
8,candidate_3,candidate_5,candidate_1,0,candidate_4,5,0.024
9,candidate_3,candidate_5,candidate_1,candidate_2,candidate_4,5,0.024
10,candidate_3,candidate_5,candidate_1,candidate_2,candidate_4,5,0.024
11,candidate_3,candidate_5,candidate_1,candidate_2,candidate_4,5,0.024
12,candidate_3,candidate_5,0,candidate_2,candidate_4,5,0.024
13,candidate_3,candidate_5,candidate_1,candidate_2,candidate_4,5,0.024
14,candidate_3,candidate_5,candidate_1,candidate_2,candidate_4,5,0.024
15,candidate_3,candidate_5,candidate_1,candidate_2,candidate_4,5,0.024
16,candidate_3,candidate_5,candidate_1,candidate_2,candidate_4,5,0.024
17,candidate_3,candidate_5,candidate_1,candidate_2,candidate_4,5,0.024
18,candidate_3,candidate_5,candidate_1,candidate_2,0,5,0.024
19,candidate_3,candidate_5,candidate_1,candidate_2,candidate_4,5,0.024
20,candidate_3,candidate_5,candidate_1,candidate_2,candidate_4,5,0.024
21,candidate_3,candidate_5,candidate_1,candidate_2,0,5,0.024
22,candidate_3,candidate_5,candidate_1,candidate_2,candidate_4,5,0.024
23,candidate_3,candidate_5,candidate_1,candidate_2,candidate_4,5,0.024
24,candidate_3,candidate_5,0,candidate_2,candidate_4,5,0.024
25,candidate_3,candidate_5,candidate_1,candidate_2,candidate_4,5,0.024
26,candidate_3,candidate_5,candidate_1,candidate_2,candidate_4,5,0.024
27,candidate_3,candidate_5,candidate_1,candidate_2,candidate_4,5,0.024
28,candidate_3,candidate_5,candidate_1,0,candidate_4,5,0.024
29,candidate_3,candidate_5,candidate_1,candidate_2,candidate_4,5,0.024
30,candidate_3,candidate_5,candidate_1,candidate_2,candidate_4,5,0.024
31,candidate_3,candidate_5,candidate_1,candidate_2,0,5,0.024
32,candidate_3,candidate_5,candidate_1,candidate_2,candidate_4,5,0.024
33,candidate_3,candidate_5,candidate_1,candidate_2,candidate_4,5,0.024
34,candidate_3,candidate_5,candidate_1,candidate_2,candidate_4,5,0.024
35,candidate_3,candidate_5,candidate_1,candidate_2,candidate_4,5,0.024
36,candidate_3,candidate_5,candidate_1,candidate_2,candidate_4,5,0.024
37,candidate_3,candidate_5,candidate_1,candidate_2,candidate_4,5,0.024
38,candidate_3,candidate_5,candidate_1,candidate_2,candidate_4,5,0.024
39,candidate_3,candidate_5,candidate_1,candidate_2,candidate_4,5,0.024
40,candidate_3,candidate_5,candidate_1,candidate_2,candidate_4,5,0.024
41,candidate_3,candidate_5,candidate_1,candidate_2,candidate_4,5,0.024
42,0,candidate_5,candidate_1,candidate_2,candidate_4,5,0.024
43,candidate_3,candidate_5,candidate_1,candidate_2,candidate_4,5,0.024
44,candidate_3,candidate_5,candidate_1,candidate_2,candidate_4,5,0.024
45,candidate_3,candidate_5,candidate_1,candidate_2,candidate_4,5,0.024
46,candidate_3,candidate_5,candidate_1,candidate_2,candidate_4,5,0.024
47,candidate_3,candidate_5,candidate_1,candidate_2,candidate_4,5,0.024
48,candidate_3,candidate_5,candidate_1,candidate_2,candidate_4,5,0.024
49,candidate_3,candidate_5,candidate_1,candidate_2,candidate_4,5,0.024
50,candidate_3,candidate_5,candidate_1,candidate_2,candidate_4,5,0.024
51,candidate_3,candidate_5,candidate_1,candidate_2,candidate_4,5,0.024
52,candidate_3,candidate_5,candidate_1,candidate_2,candidate_4,5,0.024
53,candidate_3,candidate_5,candidate_1,candidate_2,candidate_4,5,0.024
54,candidate_3,candidate_5,candidate_1,candidate_2,candidate_4,5,0.024
55,candidate_3,0,candidate_1,candidate_2,candidate_4,5,0.024
56,candidate_3,candidate_5,candidate_1,candidate_2,candidate_4,5,0.024
57,candidate_3,candidate_5,candidate_1,candidate_2,candidate_4,5,0.024
58,candidate_3,candidate_5,candidate_1,candidate_2,candidate_4,5,0.024
59,candidate_3,candidate_5,candidate_1,candidate_2,candidate_4,5,0.024
60,candidate_3,candidate_5,candidate_1,candidate_2,candidate_4,5,0.024
61,candidate_3,candidate_5,candidate_1,candidate_2,candidate_4,5,0.024
62,candidate_3,candidate_5,candidate_1,candidate_2,candidate_4,5,0.024
63,candidate_3,candidate_5,candidate_1,candidate_2,candidate_4,5,0.024
64,candidate_3,candidate_5,candidate_1,candidate_2,0,5,0.024
65,candidate_3,candidate_5,candidate_1,candidate_2,candidate_4,5,0.024
66,candidate_3,candidate_5,candidate_1,candidate_2,candidate_4,5,0.024
67,candidate_3,candidate_5,candidate_1,candidate_2,candidate_4,5,0.024
68,0,candidate_5,candidate_1,candidate_2,candidate_4,5,0.024
69,candidate_3,candidate_5,candidate_1,candidate_2,candidate_4,5,0.024
70,candidate_3,candidate_5,candidate_1,candidate_2,candidate_4,5,0.024
71,candidate_3,candidate_5,candidate_1,candidate_2,candidate_4,5,0.024
72,0,candidate_5,candidate_1,candidate_2,candidate_4,5,0.024
73,candidate_3,candidate_5,candidate_1,candidate_2,candidate_4,5,0.024
74,candidate_3,candidate_5,candidate_1,candidate_2,candidate_4,5,0.024
75,candidate_3,candidate_5,candidate_1,candidate_2,candidate_4,5,0.024
76,candidate_3,candidate_5,candidate_1,candidate_2,0,5,0.024
77,candidate_3,candidate_5,candidate_1,0,candidate_4,5,0.024
78,candidate_3,0,candidate_1,candidate_2,candidate_4,5,0.024
79,candidate_3,candidate_5,candidate_1,candidate_2,candidate_4,5,0.024
80,candidate_3,candidate_5,candidate_1,candidate_2,candidate_4,5,0.024
81,candidate_3,candidate_5,candidate_1,candidate_2,candidate_4,5,0.024
82,candidate_3,candidate_5,candidate_1,candidate_2,candidate_4,5,0.024
83,candidate_3,candidate_5,candidate_1,candidate_2,candidate_4,5,0.024
84,candidate_3,candidate_5,candidate_1,candidate_2,candidate_4,5,0.024
85,candidate_3,candidate_5,candidate_1,candidate_2,candidate_4,5,0.024
86,candidate_3,candidate_5,candidate_1,candidate_2,candidate_4,5,0.024
87,candidate_3,candidate_5,candidate_1,candidate_2,candidate_4,5,0.024
88,candidate_3,candidate_5,candidate_1,candidate_2,candidate_4,5,0.024
89,candidate_3,candidate_5,candidate_1,candidate_2,candidate_4,5,0.024
90,candidate_3,candidate_5,candidate_1,candidate_2,candidate_4,5,0.024
91,candidate_3,candidate_5,candidate_1,candidate_2,candidate_4,5,0.024
92,candidate_3,candidate_5,candidate_1,candidate_2,candidate_4,5,0.024
93,candidate_3,candidate_5,candidate_1,candidate_2,candidate_4,5,0.024
94,candidate_3,candidate_5,candidate_1,candidate_2,candidate_4,5,0.024
95,candidate_3,candidate_5,candidate_1,candidate_2,candidate_4,5,0.024
96,candidate_3,candidate_5,candidate_1,candidate_2,candidate_4,5,0.024
97,candidate_3,candidate_5,candidate_1,candidate_2,candidate_4,5,0.024
98,candidate_3,candidate_5,candidate_1,candidate_2,candidate_4,5,0.024
99,candidate_3,candidate_5,candidate_1,candidate_2,candidate_4,5,0.024
100,candidate_3,candidate_5,candidate_1,candidate_2,candidate_4,5,0.024
101,candidate_3,candidate_5,candidate_1,candidate_2,candidate_4,5,0.024
102,candidate_3,candidate_5,candidate_1,candidate_2,candidate_4,5,0.024
103,candidate_3,candidate_5,candidate_1,candidate_2,candidate_4,5,0.024
104,candidate_3,candidate_5,candidate_1,0,candidate_4,5,0.024
105,0,candidate_5,candidate_1,candidate_2,candidate_4,5,0.024
106,candidate_3,candidate_5,candidate_1,candidate_2,candidate_4,5,0.024
107,candidate_3,candidate_5,candidate_1,candidate_2,candidate_4,5,0.024
108,candidate_3,candidate_5,candidate_1,candidate_2,candidate_4,5,0.024
109,candidate_3,candidate_5,candidate_1,candidate_2,candidate_4,5,0.024
110,candidate_3,candidate_5,candidate_1,candidate_2,candidate_4,5,0.024
111,candidate_3,candidate_5,candidate_1,candidate_2,candidate_4,5,0.024
112,candidate_3,candidate_5,candidate_1,candidate_2,candidate_4,5,0.024
113,candidate_3,candidate_5,candidate_1,candidate_2,candidate_4,5,0.024
114,candidate_3,candidate_5,candidate_1,candidate_2,candidate_4,5,0.024
115,candidate_3,candidate_5,candidate_1,candidate_2,candidate_4,5,0.024
116,candidate_3,candidate_5,candidate_1,candidate_2,0,5,0.024
117,candidate_3,candidate_5,candidate_1,candidate_2,candidate_4,5,0.024
118,candidate_3,candidate_5,0,candidate_2,candidate_4,5,0.024
119,candidate_3,candidate_5,candidate_1,candidate_2,candidate_4,5,0.024
120,candidate_3,candidate_5,candidate_1,candidate_2,candidate_4,5,0.024
121,candidate_3,candidate_5,candidate_1,candidate_2,0,5,0.024
122,candidate_3,candidate_5,candidate_1,candidate_2,candidate_4,5,0.024
123,candidate_3,candidate_5,candidate_1,candidate_2,candidate_4,5,0.024
124,candidate_3,candidate_5,candidate_1,candidate_2,candidate_4,5,0.024
125,candidate_3,candidate_5,candidate_1,candidate_2,0,5,0.024
126,candidate_3,candidate_5,candidate_1,candidate_2,candidate_4,5,0.024
127,candidate_3,candidate_5,candidate_1,candidate_2,candidate_4,5,0.024
128,candidate_3,candidate_5,candidate_1,candidate_2,candidate_4,5,0.024
129,candidate_3,candidate_5,0,candidate_2,candidate_4,5,0.024
130,candidate_3,candidate_5,candidate_1,candidate_2,candidate_4,5,0.024
131,candidate_3,candidate_5,candidate_1,candidate_2,candidate_4,5,0.024
132,candidate_3,candidate_5,candidate_1,candidate_2,candidate_4,5,0.024
133,candidate_3,candidate_5,candidate_1,candidate_2,candidate_4,5,0.024
134,candidate_3,candidate_5,candidate_1,candidate_2,candidate_4,5,0.024
135,0,candidate_5,candidate_1,candidate_2,candidate_4,5,0.024
136,candidate_3,candidate_5,candidate_1,candidate_2,candidate_4,5,0.024
0,candidate_3,candidate_5,candidate_1,candidate_4,candidate_2,5,0.024
1,candidate_3,candidate_5,candidate_1,candidate_4,candidate_2,5,0.024
2,candidate_3,candidate_5,candidate_1,candidate_4,candidate_2,5,0.024
3,candidate_3,candidate_5,candidate_1,candidate_4,candidate_2,5,0.024
4,candidate_3,candidate_5,candidate_1,candidate_4,candidate_2,5,0.024
5,candidate_3,candidate_5,candidate_1,candidate_4,candidate_2,5,0.024
6,candidate_3,candidate_5,candidate_1,candidate_4,candidate_2,5,0.024
7,candidate_3,candidate_5,candidate_1,candidate_4,candidate_2,5,0.024
8,candidate_3,candidate_5,candidate_1,candidate_4,candidate_2,5,0.024
9,candidate_3,candidate_5,candidate_1,candidate_4,candidate_2,5,0.024
10,candidate_3,candidate_5,candidate_1,candidate_4,candidate_2,5,0.024
11,candidate_3,candidate_5,candidate_1,candidate_4,candidate_2,5,0.024
12,candidate_3,candidate_5,candidate_1,candidate_4,candidate_2,5,0.024
13,candidate_3,candidate_5,candidate_1,candidate_4,candidate_2,5,0.024
14,candidate_3,candidate_5,candidate_1,candidate_4,candidate_2,5,0.024
15,candidate_3,candidate_5,candidate_1,candidate_4,candidate_2,5,0.024
16,candidate_3,candidate_5,candidate_1,candidate_4,candidate_2,5,0.024
17,candidate_3,candidate_5,candidate_1,candidate_4,0,5,0.024
18,candidate_3,candidate_5,candidate_1,0,candidate_2,5,0.024
19,candidate_3,candidate_5,candidate_1,candidate_4,candidate_2,5,0.024
20,0,candidate_5,candidate_1,candidate_4,candidate_2,5,0.024
21,0,candidate_5,candidate_1,candidate_4,candidate_2,5,0.024
22,candidate_3,candidate_5,candidate_1,candidate_4,candidate_2,5,0.024
23,candidate_3,candidate_5,candidate_1,candidate_4,candidate_2,5,0.024
24,candidate_3,candidate_5,candidate_1,candidate_4,candidate_2,5,0.024
25,candidate_3,candidate_5,candidate_1,candidate_4,candidate_2,5,0.024
26,candidate_3,candidate_5,candidate_1,candidate_4,candidate_2,5,0.024
27,candidate_3,candidate_5,candidate_1,candidate_4,candidate_2,5,0.024
28,candidate_3,candidate_5,candidate_1,candidate_4,candidate_2,5,0.024
29,candidate_3,candidate_5,0,candidate_4,candidate_2,5,0.024
30,candidate_3,candidate_5,candidate_1,candidate_4,candidate_2,5,0.024
31,candidate_3,candidate_5,candidate_1,candidate_4,candidate_2,5,0.024
32,candidate_3,candidate_5,candidate_1,candidate_4,0,5,0.024
33,candidate_3,candidate_5,candidate_1,candidate_4,candidate_2,5,0.024
34,candidate_3,candidate_5,candidate_1,candidate_4,candidate_2,5,0.024
35,candidate_3,candidate_5,candidate_1,candidate_4,candidate_2,5,0.024
36,candidate_3,candidate_5,candidate_1,candidate_4,candidate_2,5,0.024
37,candidate_3,candidate_5,candidate_1,candidate_4,candidate_2,5,0.024
38,candidate_3,candidate_5,candidate_1,candidate_4,candidate_2,5,0.024
39,candidate_3,candidate_5,candidate_1,candidate_4,candidate_2,5,0.024
40,candidate_3,candidate_5,candidate_1,candidate_4,candidate_2,5,0.024
41,candidate_3,candidate_5,candidate_1,candidate_4,candidate_2,5,0.024
42,candidate_3,candidate_5,candidate_1,candidate_4,candidate_2,5,0.024
43,candidate_3,candidate_5,candidate_1,candidate_4,candidate_2,5,0.024
44,candidate_3,candidate_5,candidate_1,candidate_4,candidate_2,5,0.024
45,candidate_3,candidate_5,candidate_1,candidate_4,candidate_2,5,0.024
46,candidate_3,candidate_5,candidate_1,candidate_4,candidate_2,5,0.024
47,candidate_3,candidate_5,candidate_1,candidate_4,candidate_2,5,0.024
48,candidate_3,candidate_5,candidate_1,candidate_4,candidate_2,5,0.024
49,candidate_3,candidate_5,0,candidate_4,candidate_2,5,0.024
50,candidate_3,candidate_5,candidate_1,candidate_4,candidate_2,5,0.024
51,candidate_3,candidate_5,candidate_1,candidate_4,candidate_2,5,0.024
52,candidate_3,candidate_5,candidate_1,candidate_4,candidate_2,5,0.024
53,candidate_3,candidate_5,candidate_1,candidate_4,candidate_2,5,0.024
54,candidate_3,candidate_5,candidate_1,candidate_4,candidate_2,5,0.024
55,candidate_3,candidate_5,candidate_1,candidate_4,candidate_2,5,0.024
56,candidate_3,candidate_5,candidate_1,candidate_4,candidate_2,5,0.024
57,candidate_3,candidate_5,candidate_1,candidate_4,candidate_2,5,0.024
58,candidate_3,candidate_5,candidate_1,candidate_4,candidate_2,5,0.024
59,candidate_3,candidate_5,candidate_1,candidate_4,candidate_2,5,0.024
60,candidate_3,candidate_5,candidate_1,candidate_4,candidate_2,5,0.024
61,candidate_3,candidate_5,0,candidate_4,candidate_2,5,0.024
62,candidate_3,candidate_5,candidate_1,candidate_4,candidate_2,5,0.024
63,candidate_3,candidate_5,candidate_1,candidate_4,candidate_2,5,0.024
64,candidate_3,candidate_5,candidate_1,0,candidate_2,5,0.024
65,candidate_3,candidate_5,candidate_1,candidate_4,candidate_2,5,0.024
66,candidate_3,candidate_5,candidate_1,candidate_4,candidate_2,5,0.024
67,candidate_3,candidate_5,candidate_1,candidate_4,candidate_2,5,0.024
68,candidate_3,candidate_5,candidate_1,0,candidate_2,5,0.024
69,candidate_3,candidate_5,candidate_1,candidate_4,candidate_2,5,0.024
70,candidate_3,candidate_5,candidate_1,candidate_4,candidate_2,5,0.024
71,candidate_3,candidate_5,candidate_1,candidate_4,candidate_2,5,0.024
72,candidate_3,candidate_5,candidate_1,candidate_4,candidate_2,5,0.024
73,candidate_3,candidate_5,candidate_1,candidate_4,candidate_2,5,0.024
74,candidate_3,candidate_5,candidate_1,candidate_4,candidate_2,5,0.024
75,candidate_3,candidate_5,candidate_1,candidate_4,candidate_2,5,0.024
76,candidate_3,candidate_5,candidate_1,candidate_4,candidate_2,5,0.024
77,candidate_3,candidate_5,0,candidate_4,candidate_2,5,0.024
78,candidate_3,candidate_5,candidate_1,candidate_4,candidate_2,5,0.024
79,candidate_3,candidate_5,candidate_1,candidate_4,candidate_2,5,0.024
80,candidate_3,candidate_5,candidate_1,candidate_4,candidate_2,5,0.024
81,candidate_3,candidate_5,candidate_1,candidate_4,candidate_2,5,0.024
82,candidate_3,candidate_5,candidate_1,candidate_4,candidate_2,5,0.024
83,candidate_3,candidate_5,candidate_1,candidate_4,candidate_2,5,0.024
84,candidate_3,candidate_5,candidate_1,candidate_4,candidate_2,5,0.024
85,candidate_3,candidate_5,candidate_1,candidate_4,candidate_2,5,0.024
86,candidate_3,candidate_5,candidate_1,candidate_4,candidate_2,5,0.024
87,candidate_3,candidate_5,candidate_1,candidate_4,candidate_2,5,0.024
88,candidate_3,candidate_5,candidate_1,candidate_4,candidate_2,5,0.024
89,candidate_3,candidate_5,candidate_1,candidate_4,candidate_2,5,0.024
90,candidate_3,candidate_5,0,candidate_4,candidate_2,5,0.024
91,candidate_3,candidate_5,candidate_1,candidate_4,candidate_2,5,0.024
92,candidate_3,candidate_5,candidate_1,candidate_4,candidate_2,5,0.024
93,candidate_3,candidate_5,candidate_1,candidate_4,candidate_2,5,0.024
94,candidate_3,candidate_5,candidate_1,candidate_4,candidate_2,5,0.024
95,candidate_3,candidate_5,candidate_1,candidate_4,candidate_2,5,0.024
96,candidate_3,candidate_5,candidate_1,candidate_4,candidate_2,5,0.024
97,candidate_3,candidate_5,candidate_1,candidate_4,candidate_2,5,0.024
98,candidate_3,candidate_5,candidate_1,candidate_4,candidate_2,5,0.024
99,candidate_3,candidate_5,candidate_1,candidate_4,candidate_2,5,0.024
100,candidate_3,candidate_5,candidate_1,candidate_4,candidate_2,5,0.024
101,candidate_3,candidate_5,candidate_1,candidate_4,candidate_2,5,0.024
102,candidate_3,candidate_5,candidate_1,candidate_4,candidate_2,5,0.024
103,candidate_3,candidate_5,candidate_1,candidate_4,candidate_2,5,0.024
104,candidate_3,candidate_5,candidate_1,candidate_4,candidate_2,5,0.024
105,candidate_3,candidate_5,candidate_1,candidate_4,candidate_2,5,0.024
106,candidate_3,candidate_5,candidate_1,candidate_4,candidate_2,5,0.024
107,candidate_3,candidate_5,candidate_1,candidate_4,candidate_2,5,0.024
108,candidate_3,candidate_5,candidate_1,candidate_4,candidate_2,5,0.024
109,candidate_3,candidate_5,candidate_1,candidate_4,candidate_2,5,0.024
110,candidate_3,candidate_5,candidate_1,candidate_4,candidate_2,5,0.024
111,candidate_3,candidate_5,candidate_1,candidate_4,candidate_2,5,0.024
112,candidate_3,candidate_5,candidate_1,candidate_4,candidate_2,5,0.024
113,candidate_3,candidate_5,candidate_1,candidate_4,candidate_2,5,0.024
114,candidate_3,candidate_5,candidate_1,0,candidate_2,5,0.024
115,candidate_3,candidate_5,candidate_1,candidate_4,candidate_2,5,0.024
116,candidate_3,candidate_5,candidate_1,candidate_4,candidate_2,5,0.024
117,candidate_3,candidate_5,candidate_1,candidate_4,candidate_2,5,0.024
118,candidate_3,candidate_5,candidate_1,candidate_4,candidate_2,5,0.024
119,candidate_3,candidate_5,candidate_1,candidate_4,candidate_2,5,0.024
120,candidate_3,candidate_5,candidate_1,candidate_4,candidate_2,5,0.024
121,candidate_3,candidate_5,candidate_1,candidate_4,candidate_2,5,0.024
122,candidate_3,candidate_5,candidate_1,candidate_4,candidate_2,5,0.024
123,candidate_3,candidate_5,candidate_1,candidate_4,candidate_2,5,0.024
124,candidate_3,candidate_5,candidate_1,candidate_4,candidate_2,5,0.024
125,candidate_3,candidate_5,candidate_1,candidate_4,0,5,0.024
126,candidate_3,candidate_5,0,candidate_4,candidate_2,5,0.024
127,candidate_3,candidate_5,candidate_1,candidate_4,candidate_2,5,0.024
128,candidate_3,candidate_5,candidate_1,candidate_4,candidate_2,5,0.024
129,candidate_3,candidate_5,candidate_1,candidate_4,candidate_2,5,0.024
130,candidate_3,candidate_5,candidate_1,candidate_4,candidate_2,5,0.024
131,candidate_3,candidate_5,candidate_1,0,candidate_2,5,0.024
132,candidate_3,candidate_5,candidate_1,candidate_4,candidate_2,5,0.024
133,candidate_3,candidate_5,candidate_1,candidate_4,candidate_2,5,0.024
134,candidate_3,candidate_5,candidate_1,candidate_4,candidate_2,5,0.024
135,candidate_3,candidate_5,candidate_1,candidate_4,candidate_2,5,0.024
136,candidate_3,candidate_5,candidate_1,candidate_4,candidate_2,5,0.024
137,candidate_3,candidate_5,candidate_1,candidate_4,candidate_2,5,0.024
138,candidate_3,candidate_5,candidate_1,candidate_4,candidate_2,5,0.024
139,candidate_3,candidate_5,candidate_1,candidate_4,candidate_2,5,0.024
140,candidate_3,candidate_5,candidate_1,candidate_4,candidate_2,5,0.024
141,candidate_3,candidate_5,candidate_1,candidate_4,candidate_2,5,0.024
142,candidate_3,candidate_5,candidate_1,candidate_4,candidate_2,5,0.024
143,candidate_3,candidate_5,0,candidate_4,candidate_2,5,0.024
144,candidate_3,candidate_5,candidate_1,candidate_4,candidate_2,5,0.024
145,candidate_3,candidate_5,candidate_1,candidate_4,0,5,0.024
0,candidate_3,candidate_5,candidate_2,candidate_1,candidate_4,5,0.024
1,candidate_3,candidate_5,candidate_2,candidate_1,candidate_4,5,0.024
2,candidate_3,candidate_5,candidate_2,candidate_1,candidate_4,5,0.024
3,candidate_3,candidate_5,candidate_2,candidate_1,candidate_4,5,0.024
4,candidate_3,candidate_5,candidate_2,candidate_1,candidate_4,5,0.024
5,candidate_3,candidate_5,candidate_2,candidate_1,candidate_4,5,0.024
6,candidate_3,candidate_5,0,candidate_1,candidate_4,5,0.024
7,candidate_3,candidate_5,candidate_2,candidate_1,candidate_4,5,0.024
8,candidate_3,candidate_5,candidate_2,candidate_1,candidate_4,5,0.024
9,candidate_3,candidate_5,candidate_2,candidate_1,candidate_4,5,0.024
10,candidate_3,candidate_5,candidate_2,candidate_1,candidate_4,5,0.024
11,candidate_3,candidate_5,candidate_2,candidate_1,candidate_4,5,0.024
12,candidate_3,candidate_5,candidate_2,candidate_1,candidate_4,5,0.024
13,candidate_3,candidate_5,candidate_2,candidate_1,candidate_4,5,0.024
14,candidate_3,candidate_5,candidate_2,candidate_1,candidate_4,5,0.024
15,candidate_3,candidate_5,candidate_2,candidate_1,candidate_4,5,0.024
16,candidate_3,candidate_5,candidate_2,candidate_1,candidate_4,5,0.024
17,candidate_3,candidate_5,candidate_2,candidate_1,candidate_4,5,0.024
18,candidate_3,candidate_5,candidate_2,candidate_1,candidate_4,5,0.024
19,candidate_3,candidate_5,candidate_2,candidate_1,candidate_4,5,0.024
20,candidate_3,candidate_5,candidate_2,candidate_1,candidate_4,5,0.024
21,candidate_3,candidate_5,candidate_2,0,candidate_4,5,0.024
22,candidate_3,candidate_5,candidate_2,candidate_1,candidate_4,5,0.024
23,candidate_3,candidate_5,candidate_2,candidate_1,candidate_4,5,0.024
24,candidate_3,candidate_5,candidate_2,candidate_1,candidate_4,5,0.024
25,candidate_3,candidate_5,candidate_2,candidate_1,candidate_4,5,0.024
26,candidate_3,candidate_5,candidate_2,candidate_1,candidate_4,5,0.024
27,candidate_3,candidate_5,candidate_2,candidate_1,candidate_4,5,0.024
28,candidate_3,candidate_5,candidate_2,candidate_1,candidate_4,5,0.024
29,candidate_3,candidate_5,candidate_2,candidate_1,candidate_4,5,0.024
30,candidate_3,candidate_5,candidate_2,candidate_1,candidate_4,5,0.024
31,candidate_3,candidate_5,candidate_2,candidate_1,candidate_4,5,0.024
32,candidate_3,0,candidate_2,candidate_1,candidate_4,5,0.024
33,0,candidate_5,candidate_2,candidate_1,candidate_4,5,0.024
34,candidate_3,candidate_5,0,candidate_1,candidate_4,5,0.024
35,candidate_3,candidate_5,candidate_2,candidate_1,candidate_4,5,0.024
36,candidate_3,candidate_5,candidate_2,candidate_1,candidate_4,5,0.024
37,candidate_3,candidate_5,0,candidate_1,candidate_4,5,0.024
38,candidate_3,candidate_5,candidate_2,candidate_1,candidate_4,5,0.024
39,candidate_3,candidate_5,candidate_2,candidate_1,candidate_4,5,0.024
40,candidate_3,candidate_5,candidate_2,candidate_1,candidate_4,5,0.024
41,candidate_3,candidate_5,candidate_2,candidate_1,candidate_4,5,0.024
42,candidate_3,candidate_5,candidate_2,candidate_1,candidate_4,5,0.024
43,candidate_3,candidate_5,candidate_2,candidate_1,candidate_4,5,0.024
44,candidate_3,candidate_5,candidate_2,candidate_1,candidate_4,5,0.024
45,candidate_3,candidate_5,candidate_2,candidate_1,candidate_4,5,0.024
46,candidate_3,candidate_5,candidate_2,candidate_1,candidate_4,5,0.024
47,candidate_3,candidate_5,candidate_2,candidate_1,candidate_4,5,0.024
48,candidate_3,candidate_5,candidate_2,candidate_1,candidate_4,5,0.024
49,candidate_3,candidate_5,candidate_2,candidate_1,candidate_4,5,0.024
50,candidate_3,candidate_5,candidate_2,candidate_1,candidate_4,5,0.024
51,candidate_3,candidate_5,candidate_2,0,candidate_4,5,0.024
52,candidate_3,candidate_5,candidate_2,candidate_1,candidate_4,5,0.024
53,candidate_3,candidate_5,candidate_2,candidate_1,candidate_4,5,0.024
54,candidate_3,candidate_5,candidate_2,candidate_1,candidate_4,5,0.024
55,candidate_3,candidate_5,candidate_2,candidate_1,0,5,0.024
56,candidate_3,candidate_5,candidate_2,candidate_1,candidate_4,5,0.024
57,candidate_3,candidate_5,candidate_2,candidate_1,candidate_4,5,0.024
58,0,candidate_5,candidate_2,candidate_1,candidate_4,5,0.024
59,candidate_3,candidate_5,candidate_2,candidate_1,candidate_4,5,0.024
60,candidate_3,candidate_5,candidate_2,candidate_1,candidate_4,5,0.024
61,candidate_3,0,candidate_2,candidate_1,candidate_4,5,0.024
62,candidate_3,candidate_5,candidate_2,candidate_1,candidate_4,5,0.024
63,0,candidate_5,candidate_2,candidate_1,candidate_4,5,0.024
64,candidate_3,candidate_5,candidate_2,candidate_1,candidate_4,5,0.024
65,candidate_3,candidate_5,candidate_2,candidate_1,candidate_4,5,0.024
66,candidate_3,candidate_5,candidate_2,candidate_1,candidate_4,5,0.024
67,candidate_3,candidate_5,candidate_2,candidate_1,candidate_4,5,0.024
68,0,candidate_5,candidate_2,candidate_1,candidate_4,5,0.024
69,candidate_3,candidate_5,candidate_2,candidate_1,candidate_4,5,0.024
70,candidate_3,candidate_5,candidate_2,candidate_1,candidate_4,5,0.024
71,candidate_3,candidate_5,candidate_2,candidate_1,candidate_4,5,0.024
72,candidate_3,candidate_5,candidate_2,candidate_1,candidate_4,5,0.024
73,candidate_3,candidate_5,candidate_2,candidate_1,candidate_4,5,0.024
74,candidate_3,candidate_5,candidate_2,candidate_1,0,5,0.024
75,candidate_3,candidate_5,candidate_2,candidate_1,candidate_4,5,0.024
76,candidate_3,candidate_5,candidate_2,candidate_1,candidate_4,5,0.024
77,candidate_3,candidate_5,candidate_2,candidate_1,candidate_4,5,0.024
78,candidate_3,candidate_5,candidate_2,candidate_1,candidate_4,5,0.024
79,candidate_3,candidate_5,candidate_2,candidate_1,candidate_4,5,0.024
80,candidate_3,candidate_5,candidate_2,candidate_1,candidate_4,5,0.024
81,candidate_3,candidate_5,candidate_2,candidate_1,candidate_4,5,0.024
82,candidate_3,candidate_5,candidate_2,candidate_1,candidate_4,5,0.024
83,candidate_3,candidate_5,candidate_2,candidate_1,candidate_4,5,0.024
84,candidate_3,0,candidate_2,candidate_1,candidate_4,5,0.024
85,candidate_3,candidate_5,candidate_2,candidate_1,candidate_4,5,0.024
86,candidate_3,candidate_5,candidate_2,candidate_1,candidate_4,5,0.024
87,candidate_3,candidate_5,candidate_2,candidate_1,candidate_4,5,0.024
88,candidate_3,candidate_5,candidate_2,candidate_1,candidate_4,5,0.024
89,candidate_3,candidate_5,candidate_2,candidate_1,candidate_4,5,0.024
90,candidate_3,candidate_5,candidate_2,candidate_1,candidate_4,5,0.024
91,candidate_3,candidate_5,candidate_2,candidate_1,candidate_4,5,0.024
92,candidate_3,candidate_5,candidate_2,candidate_1,candidate_4,5,0.024
93,candidate_3,candidate_5,candidate_2,candidate_1,candidate_4,5,0.024
94,candidate_3,candidate_5,candidate_2,candidate_1,candidate_4,5,0.024
95,candidate_3,candidate_5,candidate_2,candidate_1,candidate_4,5,0.024
96,candidate_3,candidate_5,candidate_2,candidate_1,candidate_4,5,0.024
97,candidate_3,candidate_5,candidate_2,candidate_1,candidate_4,5,0.024
98,candidate_3,candidate_5,candidate_2,candidate_1,candidate_4,5,0.024
99,candidate_3,candidate_5,candidate_2,candidate_1,candidate_4,5,0.024
100,candidate_3,candidate_5,candidate_2,candidate_1,candidate_4,5,0.024
101,candidate_3,candidate_5,0,candidate_1,candidate_4,5,0.024
102,candidate_3,candidate_5,candidate_2,candidate_1,candidate_4,5,0.024
103,candidate_3,candidate_5,candidate_2,candidate_1,candidate_4,5,0.024
104,candidate_3,candidate_5,candidate_2,candidate_1,candidate_4,5,0.024
105,candidate_3,candidate_5,candidate_2,candidate_1,candidate_4,5,0.024
106,candidate_3,candidate_5,candidate_2,candidate_1,candidate_4,5,0.024
107,candidate_3,candidate_5,candidate_2,candidate_1,candidate_4,5,0.024
108,candidate_3,candidate_5,candidate_2,candidate_1,candidate_4,5,0.024
109,candidate_3,candidate_5,candidate_2,candidate_1,candidate_4,5,0.024
110,candidate_3,candidate_5,candidate_2,candidate_1,candidate_4,5,0.024
111,candidate_3,candidate_5,candidate_2,candidate_1,candidate_4,5,0.024
112,0,candidate_5,candidate_2,candidate_1,candidate_4,5,0.024
113,candidate_3,candidate_5,candidate_2,candidate_1,candidate_4,5,0.024
114,candidate_3,candidate_5,candidate_2,candidate_1,candidate_4,5,0.024
115,candidate_3,0,candidate_2,candidate_1,candidate_4,5,0.024
116,candidate_3,candidate_5,candidate_2,0,candidate_4,5,0.024
117,candidate_3,candidate_5,candidate_2,candidate_1,candidate_4,5,0.024
118,candidate_3,candidate_5,candidate_2,candidate_1,candidate_4,5,0.024
119,candidate_3,candidate_5,candidate_2,candidate_1,candidate_4,5,0.024
120,candidate_3,candidate_5,candidate_2,candidate_1,candidate_4,5,0.024
121,candidate_3,candidate_5,candidate_2,candidate_1,candidate_4,5,0.024
122,candidate_3,candidate_5,candidate_2,candidate_1,candidate_4,5,0.024
123,candidate_3,candidate_5,candidate_2,candidate_1,candidate_4,5,0.024
124,candidate_3,candidate_5,candidate_2,candidate_1,candidate_4,5,0.024
125,candidate_3,candidate_5,candidate_2,candidate_1,candidate_4,5,0.024
126,candidate_3,candidate_5,candidate_2,candidate_1,candidate_4,5,0.024
127,candidate_3,candidate_5,candidate_2,candidate_1,candidate_4,5,0.024
128,candidate_3,candidate_5,candidate_2,candidate_1,candidate_4,5,0.024
129,candidate_3,candidate_5,candidate_2,candidate_1,candidate_4,5,0.024
130,candidate_3,candidate_5,candidate_2,candidate_1,candidate_4,5,0.024
131,candidate_3,candidate_5,candidate_2,candidate_1,candidate_4,5,0.024
132,candidate_3,candidate_5,candidate_2,candidate_1,candidate_4,5,0.024
133,candidate_3,candidate_5,candidate_2,candidate_1,candidate_4,5,0.024
134,candidate_3,candidate_5,candidate_2,candidate_1,candidate_4,5,0.024
135,candidate_3,candidate_5,candidate_2,candidate_1,candidate_4,5,0.024
136,candidate_3,candidate_5,candidate_2,candidate_1,candidate_4,5,0.024
137,candidate_3,candidate_5,candidate_2,candidate_1,candidate_4,5,0.024
138,candidate_3,candidate_5,candidate_2,candidate_1,candidate_4,5,0.024
0,candidate_3,candidate_5,candidate_2,candidate_4,candidate_1,5,0.024
1,candidate_3,candidate_5,candidate_2,candidate_4,candidate_1,5,0.024
2,candidate_3,candidate_5,candidate_2,candidate_4,candidate_1,5,0.024
3,candidate_3,candidate_5,candidate_2,candidate_4,candidate_1,5,0.024
4,candidate_3,candidate_5,candidate_2,candidate_4,candidate_1,5,0.024
5,candidate_3,candidate_5,candidate_2,candidate_4,candidate_1,5,0.024
6,candidate_3,candidate_5,candidate_2,candidate_4,candidate_1,5,0.024
7,candidate_3,candidate_5,candidate_2,candidate_4,candidate_1,5,0.024
8,0,candidate_5,candidate_2,candidate_4,candidate_1,5,0.024
9,candidate_3,candidate_5,candidate_2,candidate_4,candidate_1,5,0.024
10,candidate_3,candidate_5,candidate_2,candidate_4,candidate_1,5,0.024
11,candidate_3,candidate_5,candidate_2,candidate_4,candidate_1,5,0.024
12,candidate_3,candidate_5,candidate_2,candidate_4,candidate_1,5,0.024
13,candidate_3,candidate_5,candidate_2,candidate_4,candidate_1,5,0.024
14,candidate_3,candidate_5,candidate_2,candidate_4,candidate_1,5,0.024
15,candidate_3,candidate_5,candidate_2,candidate_4,candidate_1,5,0.024
16,candidate_3,candidate_5,candidate_2,candidate_4,candidate_1,5,0.024
17,candidate_3,candidate_5,candidate_2,candidate_4,candidate_1,5,0.024
18,candidate_3,candidate_5,candidate_2,candidate_4,candidate_1,5,0.024
19,candidate_3,candidate_5,candidate_2,candidate_4,candidate_1,5,0.024
20,candidate_3,candidate_5,candidate_2,candidate_4,candidate_1,5,0.024
21,candidate_3,candidate_5,candidate_2,candidate_4,candidate_1,5,0.024
22,candidate_3,candidate_5,candidate_2,candidate_4,0,5,0.024
23,candidate_3,candidate_5,candidate_2,candidate_4,candidate_1,5,0.024
24,candidate_3,candidate_5,candidate_2,candidate_4,candidate_1,5,0.024
25,candidate_3,candidate_5,candidate_2,candidate_4,candidate_1,5,0.024
26,candidate_3,candidate_5,candidate_2,candidate_4,candidate_1,5,0.024
27,candidate_3,candidate_5,candidate_2,candidate_4,candidate_1,5,0.024
28,candidate_3,candidate_5,candidate_2,candidate_4,candidate_1,5,0.024
29,candidate_3,candidate_5,candidate_2,candidate_4,candidate_1,5,0.024
30,candidate_3,candidate_5,candidate_2,candidate_4,candidate_1,5,0.024
31,candidate_3,candidate_5,candidate_2,candidate_4,candidate_1,5,0.024
32,candidate_3,candidate_5,candidate_2,candidate_4,candidate_1,5,0.024
33,candidate_3,candidate_5,0,candidate_4,candidate_1,5,0.024
34,candidate_3,candidate_5,candidate_2,candidate_4,candidate_1,5,0.024
35,candidate_3,candidate_5,candidate_2,candidate_4,candidate_1,5,0.024
36,candidate_3,candidate_5,candidate_2,candidate_4,candidate_1,5,0.024
37,candidate_3,candidate_5,candidate_2,candidate_4,candidate_1,5,0.024
38,candidate_3,candidate_5,candidate_2,candidate_4,candidate_1,5,0.024
39,candidate_3,candidate_5,candidate_2,candidate_4,0,5,0.024
40,candidate_3,candidate_5,candidate_2,candidate_4,candidate_1,5,0.024
41,candidate_3,candidate_5,candidate_2,candidate_4,candidate_1,5,0.024
42,candidate_3,candidate_5,candidate_2,candidate_4,candidate_1,5,0.024
43,candidate_3,candidate_5,candidate_2,candidate_4,candidate_1,5,0.024
44,candidate_3,candidate_5,candidate_2,candidate_4,candidate_1,5,0.024
45,candidate_3,candidate_5,candidate_2,candidate_4,candidate_1,5,0.024
46,candidate_3,candidate_5,candidate_2,candidate_4,candidate_1,5,0.024
47,0,candidate_5,candidate_2,candidate_4,candidate_1,5,0.024
48,candidate_3,candidate_5,candidate_2,candidate_4,candidate_1,5,0.024
49,candidate_3,candidate_5,candidate_2,candidate_4,candidate_1,5,0.024
50,candidate_3,candidate_5,candidate_2,candidate_4,candidate_1,5,0.024
51,candidate_3,candidate_5,candidate_2,candidate_4,candidate_1,5,0.024
52,candidate_3,candidate_5,candidate_2,candidate_4,candidate_1,5,0.024
53,candidate_3,candidate_5,candidate_2,candidate_4,candidate_1,5,0.024
54,candidate_3,candidate_5,candidate_2,candidate_4,candidate_1,5,0.024
55,candidate_3,candidate_5,0,candidate_4,candidate_1,5,0.024
56,candidate_3,candidate_5,candidate_2,candidate_4,candidate_1,5,0.024
57,candidate_3,candidate_5,candidate_2,candidate_4,candidate_1,5,0.024
58,candidate_3,candidate_5,candidate_2,candidate_4,candidate_1,5,0.024
59,candidate_3,candidate_5,candidate_2,candidate_4,candidate_1,5,0.024
60,candidate_3,candidate_5,candidate_2,candidate_4,candidate_1,5,0.024
61,candidate_3,candidate_5,0,candidate_4,candidate_1,5,0.024
62,candidate_3,candidate_5,candidate_2,candidate_4,candidate_1,5,0.024
63,candidate_3,candidate_5,candidate_2,candidate_4,candidate_1,5,0.024
64,candidate_3,candidate_5,candidate_2,candidate_4,0,5,0.024
65,candidate_3,candidate_5,candidate_2,candidate_4,candidate_1,5,0.024
66,candidate_3,candidate_5,candidate_2,candidate_4,candidate_1,5,0.024
67,candidate_3,candidate_5,candidate_2,candidate_4,candidate_1,5,0.024
68,candidate_3,candidate_5,candidate_2,candidate_4,candidate_1,5,0.024
69,candidate_3,candidate_5,0,candidate_4,candidate_1,5,0.024
70,candidate_3,candidate_5,candidate_2,candidate_4,candidate_1,5,0.024
71,candidate_3,candidate_5,candidate_2,candidate_4,candidate_1,5,0.024
72,candidate_3,candidate_5,candidate_2,0,candidate_1,5,0.024
0,candidate_3,candidate_5,candidate_4,candidate_1,candidate_2,5,0.024
1,candidate_3,candidate_5,candidate_4,0,candidate_2,5,0.024
2,candidate_3,candidate_5,candidate_4,candidate_1,candidate_2,5,0.024
3,candidate_3,candidate_5,candidate_4,candidate_1,candidate_2,5,0.024
4,candidate_3,candidate_5,candidate_4,candidate_1,candidate_2,5,0.024
5,candidate_3,candidate_5,candidate_4,candidate_1,candidate_2,5,0.024
6,candidate_3,candidate_5,candidate_4,candidate_1,candidate_2,5,0.024
7,candidate_3,candidate_5,candidate_4,candidate_1,candidate_2,5,0.024
8,candidate_3,candidate_5,candidate_4,candidate_1,candidate_2,5,0.024
9,candidate_3,0,candidate_4,candidate_1,candidate_2,5,0.024
10,candidate_3,candidate_5,candidate_4,candidate_1,candidate_2,5,0.024
11,candidate_3,candidate_5,candidate_4,candidate_1,candidate_2,5,0.024
12,candidate_3,candidate_5,candidate_4,candidate_1,candidate_2,5,0.024
13,candidate_3,candidate_5,candidate_4,candidate_1,candidate_2,5,0.024
14,candidate_3,candidate_5,candidate_4,candidate_1,candidate_2,5,0.024
15,candidate_3,candidate_5,candidate_4,candidate_1,candidate_2,5,0.024
16,candidate_3,candidate_5,candidate_4,candidate_1,candidate_2,5,0.024
17,candidate_3,candidate_5,candidate_4,candidate_1,candidate_2,5,0.024
18,candidate_3,candidate_5,candidate_4,candidate_1,candidate_2,5,0.024
19,candidate_3,candidate_5,candidate_4,candidate_1,candidate_2,5,0.024
20,candidate_3,candidate_5,candidate_4,candidate_1,candidate_2,5,0.024
21,candidate_3,candidate_5,candidate_4,candidate_1,candidate_2,5,0.024
22,candidate_3,candidate_5,candidate_4,candidate_1,candidate_2,5,0.024
23,candidate_3,candidate_5,candidate_4,candidate_1,candidate_2,5,0.024
24,candidate_3,candidate_5,candidate_4,candidate_1,candidate_2,5,0.024
25,candidate_3,candidate_5,candidate_4,candidate_1,candidate_2,5,0.024
26,candidate_3,candidate_5,candidate_4,candidate_1,candidate_2,5,0.024
27,candidate_3,candidate_5,candidate_4,candidate_1,candidate_2,5,0.024
28,candidate_3,candidate_5,candidate_4,candidate_1,candidate_2,5,0.024
29,candidate_3,candidate_5,candidate_4,candidate_1,candidate_2,5,0.024
30,candidate_3,candidate_5,candidate_4,candidate_1,candidate_2,5,0.024
31,candidate_3,candidate_5,candidate_4,candidate_1,candidate_2,5,0.024
32,candidate_3,candidate_5,candidate_4,candidate_1,candidate_2,5,0.024
33,candidate_3,candidate_5,candidate_4,candidate_1,candidate_2,5,0.024
34,candidate_3,candidate_5,candidate_4,candidate_1,candidate_2,5,0.024
35,candidate_3,candidate_5,candidate_4,candidate_1,candidate_2,5,0.024
36,candidate_3,candidate_5,candidate_4,candidate_1,candidate_2,5,0.024
37,candidate_3,candidate_5,candidate_4,candidate_1,candidate_2,5,0.024
38,candidate_3,candidate_5,candidate_4,candidate_1,candidate_2,5,0.024
39,candidate_3,candidate_5,candidate_4,candidate_1,candidate_2,5,0.024
40,candidate_3,candidate_5,candidate_4,candidate_1,candidate_2,5,0.024
41,candidate_3,candidate_5,0,candidate_1,candidate_2,5,0.024
42,candidate_3,candidate_5,candidate_4,candidate_1,candidate_2,5,0.024
43,candidate_3,candidate_5,candidate_4,0,candidate_2,5,0.024
44,candidate_3,candidate_5,candidate_4,candidate_1,candidate_2,5,0.024
45,candidate_3,candidate_5,candidate_4,candidate_1,candidate_2,5,0.024
46,candidate_3,candidate_5,candidate_4,candidate_1,candidate_2,5,0.024
47,candidate_3,candidate_5,candidate_4,candidate_1,candidate_2,5,0.024
48,candidate_3,candidate_5,candidate_4,candidate_1,candidate_2,5,0.024
49,candidate_3,candidate_5,candidate_4,candidate_1,candidate_2,5,0.024
50,candidate_3,candidate_5,candidate_4,candidate_1,candidate_2,5,0.024
51,candidate_3,candidate_5,candidate_4,candidate_1,candidate_2,5,0.024
52,candidate_3,candidate_5,candidate_4,candidate_1,candidate_2,5,0.024
53,candidate_3,candidate_5,candidate_4,candidate_1,candidate_2,5,0.024
54,candidate_3,candidate_5,candidate_4,candidate_1,candidate_2,5,0.024
55,candidate_3,candidate_5,candidate_4,candidate_1,candidate_2,5,0.024
56,candidate_3,candidate_5,candidate_4,candidate_1,candidate_2,5,0.024
57,candidate_3,candidate_5,candidate_4,candidate_1,candidate_2,5,0.024
58,candidate_3,candidate_5,candidate_4,candidate_1,candidate_2,5,0.024
59,candidate_3,candidate_5,candidate_4,candidate_1,candidate_2,5,0.024
60,candidate_3,candidate_5,candidate_4,candidate_1,candidate_2,5,0.024
61,candidate_3,candidate_5,candidate_4,candidate_1,candidate_2,5,0.024
62,candidate_3,candidate_5,candidate_4,candidate_1,candidate_2,5,0.024
63,candidate_3,candidate_5,candidate_4,candidate_1,candidate_2,5,0.024
64,candidate_3,candidate_5,candidate_4,candidate_1,candidate_2,5,0.024
65,candidate_3,candidate_5,candidate_4,candidate_1,candidate_2,5,0.024
66,candidate_3,candidate_5,candidate_4,candidate_1,candidate_2,5,0.024
67,candidate_3,candidate_5,candidate_4,candidate_1,candidate_2,5,0.024
68,0,candidate_5,candidate_4,candidate_1,candidate_2,5,0.024
69,candidate_3,candidate_5,candidate_4,candidate_1,candidate_2,5,0.024
70,candidate_3,candidate_5,candidate_4,candidate_1,candidate_2,5,0.024
71,candidate_3,candidate_5,candidate_4,candidate_1,candidate_2,5,0.024
72,candidate_3,candidate_5,candidate_4,candidate_1,0,5,0.024
73,candidate_3,candidate_5,candidate_4,candidate_1,candidate_2,5,0.024
74,candidate_3,candidate_5,candidate_4,candidate_1,candidate_2,5,0.024
75,candidate_3,candidate_5,candidate_4,candidate_1,candidate_2,5,0.024
76,candidate_3,candidate_5,candidate_4,0,0,5,0.024
77,candidate_3,candidate_5,candidate_4,candidate_1,candidate_2,5,0.024
78,candidate_3,candidate_5,candidate_4,candidate_1,candidate_2,5,0.024
79,candidate_3,candidate_5,candidate_4,candidate_1,candidate_2,5,0.024
80,candidate_3,candidate_5,candidate_4,candidate_1,candidate_2,5,0.024
81,candidate_3,candidate_5,candidate_4,candidate_1,candidate_2,5,0.024
82,candidate_3,candidate_5,candidate_4,candidate_1,candidate_2,5,0.024
83,candidate_3,candidate_5,candidate_4,candidate_1,candidate_2,5,0.024
84,candidate_3,candidate_5,candidate_4,candidate_1,candidate_2,5,0.024
85,candidate_3,candidate_5,candidate_4,candidate_1,candidate_2,5,0.024
86,candidate_3,candidate_5,candidate_4,candidate_1,candidate_2,5,0.024
87,candidate_3,candidate_5,candidate_4,candidate_1,candidate_2,5,0.024
88,candidate_3,candidate_5,candidate_4,candidate_1,candidate_2,5,0.024
89,candidate_3,candidate_5,candidate_4,candidate_1,candidate_2,5,0.024
90,candidate_3,candidate_5,candidate_4,candidate_1,candidate_2,5,0.024
91,candidate_3,candidate_5,candidate_4,candidate_1,candidate_2,5,0.024
92,candidate_3,candidate_5,candidate_4,candidate_1,candidate_2,5,0.024
93,candidate_3,candidate_5,candidate_4,candidate_1,candidate_2,5,0.024
94,candidate_3,candidate_5,candidate_4,candidate_1,candidate_2,5,0.024
95,candidate_3,candidate_5,candidate_4,candidate_1,candidate_2,5,0.024
96,candidate_3,candidate_5,candidate_4,candidate_1,candidate_2,5,0.024
97,candidate_3,candidate_5,candidate_4,candidate_1,candidate_2,5,0.024
98,candidate_3,candidate_5,candidate_4,candidate_1,candidate_2,5,0.024
99,candidate_3,candidate_5,candidate_4,candidate_1,candidate_2,5,0.024
100,candidate_3,candidate_5,candidate_4,candidate_1,candidate_2,5,0.024
101,candidate_3,candidate_5,candidate_4,candidate_1,candidate_2,5,0.024
102,candidate_3,candidate_5,candidate_4,candidate_1,0,5,0.024
103,candidate_3,candidate_5,candidate_4,candidate_1,candidate_2,5,0.024
104,candidate_3,candidate_5,candidate_4,candidate_1,candidate_2,5,0.024
105,candidate_3,candidate_5,candidate_4,candidate_1,candidate_2,5,0.024
106,candidate_3,candidate_5,candidate_4,candidate_1,candidate_2,5,0.024
107,candidate_3,candidate_5,candidate_4,candidate_1,candidate_2,5,0.024
108,candidate_3,candidate_5,candidate_4,candidate_1,candidate_2,5,0.024
109,candidate_3,candidate_5,candidate_4,candidate_1,candidate_2,5,0.024
110,candidate_3,candidate_5,candidate_4,candidate_1,candidate_2,5,0.024
111,candidate_3,candidate_5,candidate_4,candidate_1,candidate_2,5,0.024
112,candidate_3,0,candidate_4,candidate_1,candidate_2,5,0.024
113,candidate_3,candidate_5,candidate_4,candidate_1,candidate_2,5,0.024
114,candidate_3,candidate_5,candidate_4,candidate_1,candidate_2,5,0.024
115,candidate_3,candidate_5,candidate_4,candidate_1,candidate_2,5,0.024
116,candidate_3,candidate_5,candidate_4,candidate_1,candidate_2,5,0.024
117,candidate_3,candidate_5,candidate_4,candidate_1,candidate_2,5,0.024
118,candidate_3,0,candidate_4,candidate_1,candidate_2,5,0.024
119,candidate_3,candidate_5,candidate_4,candidate_1,candidate_2,5,0.024
120,candidate_3,candidate_5,candidate_4,candidate_1,candidate_2,5,0.024
121,candidate_3,candidate_5,candidate_4,candidate_1,candidate_2,5,0.024
122,candidate_3,candidate_5,candidate_4,candidate_1,candidate_2,5,0.024
123,candidate_3,0,candidate_4,candidate_1,candidate_2,5,0.024
124,candidate_3,candidate_5,candidate_4,candidate_1,candidate_2,5,0.024
125,candidate_3,candidate_5,candidate_4,candidate_1,candidate_2,5,0.024
126,candidate_3,candidate_5,candidate_4,candidate_1,candidate_2,5,0.024
127,candidate_3,candidate_5,0,candidate_1,candidate_2,5,0.024
128,candidate_3,candidate_5,candidate_4,candidate_1,candidate_2,5,0.024
129,candidate_3,candidate_5,candidate_4,candidate_1,candidate_2,5,0.024
130,candidate_3,candidate_5,0,candidate_1,candidate_2,5,0.024
131,candidate_3,candidate_5,candidate_4,candidate_1,candidate_2,5,0.024
132,candidate_3,candidate_5,candidate_4,candidate_1,candidate_2,5,0.024
133,candidate_3,candidate_5,candidate_4,candidate_1,candidate_2,5,0.024
134,candidate_3,candidate_5,candidate_4,candidate_1,candidate_2,5,0.024
135,candidate_3,candidate_5,candidate_4,candidate_1,candidate_2,5,0.024
136,candidate_3,candidate_5,candidate_4,candidate_1,candidate_2,5,0.024
137,candidate_3,candidate_5,candidate_4,candidate_1,candidate_2,5,0.024
138,candidate_3,candidate_5,candidate_4,candidate_1,candidate_2,5,0.024
139,candidate_3,candidate_5,candidate_4,candidate_1,candidate_2,5,0.024
140,candidate_3,candidate_5,candidate_4,candidate_1,candidate_2,5,0.024
141,candidate_3,candidate_5,candidate_4,0,candidate_2,5,0.024
142,candidate_3,candidate_5,candidate_4,0,candidate_2,5,0.024
0,candidate_3,candidate_5,candidate_4,candidate_2,candidate_1,5,0.024
1,candidate_3,candidate_5,candidate_4,candidate_2,candidate_1,5,0.024
2,candidate_3,candidate_5,candidate_4,0,candidate_1,5,0.024
3,candidate_3,candidate_5,candidate_4,candidate_2,candidate_1,5,0.024
4,candidate_3,candidate_5,candidate_4,candidate_2,candidate_1,5,0.024
5,candidate_3,candidate_5,candidate_4,candidate_2,candidate_1,5,0.024
6,candidate_3,candidate_5,candidate_4,candidate_2,candidate_1,5,0.024
7,candidate_3,candidate_5,candidate_4,candidate_2,candidate_1,5,0.024
8,candidate_3,candidate_5,candidate_4,candidate_2,candidate_1,5,0.024
9,candidate_3,candidate_5,candidate_4,candidate_2,candidate_1,5,0.024
10,candidate_3,candidate_5,candidate_4,candidate_2,candidate_1,5,0.024
11,candidate_3,candidate_5,candidate_4,candidate_2,candidate_1,5,0.024
12,candidate_3,candidate_5,candidate_4,candidate_2,candidate_1,5,0.024
13,candidate_3,candidate_5,candidate_4,candidate_2,candidate_1,5,0.024
14,candidate_3,candidate_5,candidate_4,candidate_2,candidate_1,5,0.024
15,candidate_3,0,candidate_4,candidate_2,candidate_1,5,0.024
16,candidate_3,0,candidate_4,candidate_2,candidate_1,5,0.024
17,candidate_3,candidate_5,candidate_4,candidate_2,candidate_1,5,0.024
18,candidate_3,candidate_5,candidate_4,candidate_2,candidate_1,5,0.024
19,candidate_3,candidate_5,0,candidate_2,candidate_1,5,0.024
20,candidate_3,candidate_5,candidate_4,candidate_2,candidate_1,5,0.024
21,candidate_3,candidate_5,candidate_4,candidate_2,candidate_1,5,0.024
22,candidate_3,0,candidate_4,candidate_2,candidate_1,5,0.024
23,candidate_3,candidate_5,candidate_4,candidate_2,candidate_1,5,0.024
24,candidate_3,candidate_5,0,candidate_2,candidate_1,5,0.024
25,candidate_3,candidate_5,candidate_4,candidate_2,candidate_1,5,0.024
26,candidate_3,candidate_5,candidate_4,candidate_2,candidate_1,5,0.024
27,candidate_3,candidate_5,candidate_4,candidate_2,candidate_1,5,0.024
28,candidate_3,candidate_5,candidate_4,candidate_2,candidate_1,5,0.024
29,candidate_3,candidate_5,candidate_4,candidate_2,candidate_1,5,0.024
30,candidate_3,candidate_5,candidate_4,candidate_2,candidate_1,5,0.024
31,candidate_3,candidate_5,candidate_4,candidate_2,candidate_1,5,0.024
32,candidate_3,candidate_5,candidate_4,candidate_2,candidate_1,5,0.024
33,candidate_3,candidate_5,candidate_4,candidate_2,candidate_1,5,0.024
34,candidate_3,candidate_5,candidate_4,candidate_2,candidate_1,5,0.024
35,candidate_3,candidate_5,candidate_4,candidate_2,candidate_1,5,0.024
36,candidate_3,candidate_5,candidate_4,candidate_2,candidate_1,5,0.024
37,candidate_3,candidate_5,candidate_4,candidate_2,candidate_1,5,0.024
38,candidate_3,candidate_5,candidate_4,candidate_2,candidate_1,5,0.024
39,candidate_3,candidate_5,candidate_4,candidate_2,candidate_1,5,0.024
40,candidate_3,candidate_5,candidate_4,candidate_2,candidate_1,5,0.024
41,candidate_3,candidate_5,candidate_4,candidate_2,candidate_1,5,0.024
42,candidate_3,candidate_5,candidate_4,candidate_2,0,5,0.024
43,candidate_3,candidate_5,candidate_4,candidate_2,candidate_1,5,0.024
44,candidate_3,candidate_5,candidate_4,candidate_2,candidate_1,5,0.024
45,candidate_3,candidate_5,candidate_4,candidate_2,candidate_1,5,0.024
46,candidate_3,candidate_5,candidate_4,candidate_2,candidate_1,5,0.024
47,candidate_3,candidate_5,candidate_4,candidate_2,candidate_1,5,0.024
48,candidate_3,candidate_5,candidate_4,candidate_2,candidate_1,5,0.024
49,candidate_3,candidate_5,candidate_4,candidate_2,candidate_1,5,0.024
50,candidate_3,candidate_5,candidate_4,candidate_2,candidate_1,5,0.024
51,candidate_3,candidate_5,candidate_4,candidate_2,candidate_1,5,0.024
52,candidate_3,candidate_5,candidate_4,candidate_2,candidate_1,5,0.024
53,candidate_3,candidate_5,candidate_4,candidate_2,0,5,0.024
54,candidate_3,candidate_5,candidate_4,candidate_2,candidate_1,5,0.024
55,candidate_3,candidate_5,candidate_4,candidate_2,candidate_1,5,0.024
0,candidate_4,candidate_1,candidate_2,candidate_3,candidate_5,5,0.024
1,candidate_4,candidate_1,candidate_2,candidate_3,candidate_5,5,0.024
2,candidate_4,candidate_1,candidate_2,candidate_3,candidate_5,5,0.024
3,candidate_4,candidate_1,candidate_2,candidate_3,candidate_5,5,0.024
4,candidate_4,candidate_1,candidate_2,candidate_3,0,5,0.024
5,candidate_4,candidate_1,candidate_2,candidate_3,candidate_5,5,0.024
6,candidate_4,candidate_1,candidate_2,candidate_3,candidate_5,5,0.024
7,candidate_4,candidate_1,candidate_2,candidate_3,candidate_5,5,0.024
8,candidate_4,candidate_1,candidate_2,candidate_3,candidate_5,5,0.024
9,candidate_4,candidate_1,candidate_2,candidate_3,candidate_5,5,0.024
10,candidate_4,0,candidate_2,candidate_3,candidate_5,5,0.024
11,candidate_4,candidate_1,candidate_2,candidate_3,candidate_5,5,0.024
12,candidate_4,candidate_1,candidate_2,candidate_3,candidate_5,5,0.024
13,candidate_4,candidate_1,candidate_2,candidate_3,candidate_5,5,0.024
14,candidate_4,candidate_1,candidate_2,candidate_3,candidate_5,5,0.024
15,candidate_4,candidate_1,candidate_2,candidate_3,candidate_5,5,0.024
16,candidate_4,candidate_1,candidate_2,candidate_3,candidate_5,5,0.024
17,candidate_4,candidate_1,candidate_2,candidate_3,candidate_5,5,0.024
18,candidate_4,candidate_1,candidate_2,candidate_3,candidate_5,5,0.024
19,candidate_4,candidate_1,candidate_2,candidate_3,candidate_5,5,0.024
20,candidate_4,candidate_1,candidate_2,candidate_3,candidate_5,5,0.024
21,candidate_4,candidate_1,candidate_2,candidate_3,candidate_5,5,0.024
22,candidate_4,candidate_1,candidate_2,candidate_3,candidate_5,5,0.024
23,candidate_4,candidate_1,candidate_2,candidate_3,candidate_5,5,0.024
24,candidate_4,0,candidate_2,candidate_3,candidate_5,5,0.024
25,candidate_4,candidate_1,candidate_2,candidate_3,candidate_5,5,0.024
26,candidate_4,candidate_1,candidate_2,candidate_3,candidate_5,5,0.024
27,candidate_4,candidate_1,candidate_2,candidate_3,candidate_5,5,0.024
28,candidate_4,candidate_1,candidate_2,candidate_3,candidate_5,5,0.024
29,candidate_4,candidate_1,candidate_2,candidate_3,candidate_5,5,0.024
30,candidate_4,candidate_1,candidate_2,candidate_3,candidate_5,5,0.024
31,candidate_4,candidate_1,candidate_2,candidate_3,candidate_5,5,0.024
32,candidate_4,candidate_1,candidate_2,candidate_3,candidate_5,5,0.024
33,candidate_4,candidate_1,candidate_2,candidate_3,candidate_5,5,0.024
34,candidate_4,candidate_1,candidate_2,candidate_3,candidate_5,5,0.024
35,candidate_4,candidate_1,candidate_2,candidate_3,candidate_5,5,0.024
36,candidate_4,candidate_1,candidate_2,candidate_3,candidate_5,5,0.024
37,candidate_4,candidate_1,candidate_2,candidate_3,candidate_5,5,0.024
38,candidate_4,candidate_1,candidate_2,candidate_3,candidate_5,5,0.024
39,candidate_4,candidate_1,candidate_2,candidate_3,candidate_5,5,0.024
40,candidate_4,candidate_1,candidate_2,candidate_3,candidate_5,5,0.024
0,candidate_4,candidate_1,candidate_2,candidate_5,candidate_3,5,0.024
1,candidate_4,candidate_1,candidate_2,candidate_5,candidate_3,5,0.024
2,candidate_4,candidate_1,candidate_2,candidate_5,candidate_3,5,0.024
3,candidate_4,candidate_1,candidate_2,candidate_5,candidate_3,5,0.024
4,candidate_4,candidate_1,candidate_2,candidate_5,candidate_3,5,0.024
5,candidate_4,candidate_1,candidate_2,candidate_5,candidate_3,5,0.024
6,candidate_4,candidate_1,candidate_2,0,candidate_3,5,0.024
7,candidate_4,candidate_1,candidate_2,candidate_5,candidate_3,5,0.024
8,candidate_4,candidate_1,candidate_2,candidate_5,candidate_3,5,0.024
9,candidate_4,candidate_1,candidate_2,candidate_5,candidate_3,5,0.024
10,candidate_4,candidate_1,candidate_2,candidate_5,candidate_3,5,0.024
11,candidate_4,candidate_1,candidate_2,candidate_5,candidate_3,5,0.024
12,candidate_4,candidate_1,candidate_2,candidate_5,candidate_3,5,0.024
13,candidate_4,candidate_1,candidate_2,candidate_5,candidate_3,5,0.024
14,candidate_4,candidate_1,candidate_2,0,candidate_3,5,0.024
15,candidate_4,candidate_1,candidate_2,candidate_5,candidate_3,5,0.024
16,candidate_4,candidate_1,candidate_2,candidate_5,candidate_3,5,0.024
17,candidate_4,candidate_1,candidate_2,candidate_5,candidate_3,5,0.024
18,candidate_4,candidate_1,candidate_2,candidate_5,candidate_3,5,0.024
19,candidate_4,candidate_1,candidate_2,candidate_5,candidate_3,5,0.024
20,candidate_4,candidate_1,candidate_2,candidate_5,candidate_3,5,0.024
21,candidate_4,candidate_1,candidate_2,candidate_5,candidate_3,5,0.024
22,candidate_4,candidate_1,candidate_2,candidate_5,candidate_3,5,0.024
23,0,candidate_1,candidate_2,candidate_5,candidate_3,5,0.024
24,candidate_4,candidate_1,candidate_2,candidate_5,candidate_3,5,0.024
25,candidate_4,candidate_1,candidate_2,candidate_5,candidate_3,5,0.024
26,candidate_4,candidate_1,candidate_2,candidate_5,candidate_3,5,0.024
27,candidate_4,candidate_1,candidate_2,candidate_5,candidate_3,5,0.024
28,candidate_4,candidate_1,candidate_2,candidate_5,candidate_3,5,0.024
29,candidate_4,candidate_1,candidate_2,candidate_5,candidate_3,5,0.024
30,candidate_4,candidate_1,candidate_2,candidate_5,candidate_3,5,0.024
31,candidate_4,candidate_1,candidate_2,candidate_5,candidate_3,5,0.024
32,candidate_4,candidate_1,candidate_2,candidate_5,candidate_3,5,0.024
33,candidate_4,candidate_1,candidate_2,candidate_5,candidate_3,5,0.024
34,candidate_4,candidate_1,candidate_2,candidate_5,candidate_3,5,0.024
35,candidate_4,candidate_1,0,candidate_5,0,5,0.024
36,candidate_4,candidate_1,candidate_2,candidate_5,candidate_3,5,0.024
37,candidate_4,0,candidate_2,candidate_5,candidate_3,5,0.024
38,candidate_4,candidate_1,candidate_2,candidate_5,candidate_3,5,0.024
39,candidate_4,candidate_1,candidate_2,candidate_5,candidate_3,5,0.024
40,candidate_4,candidate_1,candidate_2,candidate_5,candidate_3,5,0.024
41,candidate_4,candidate_1,candidate_2,candidate_5,candidate_3,5,0.024
42,candidate_4,candidate_1,candidate_2,candidate_5,candidate_3,5,0.024
43,candidate_4,candidate_1,candidate_2,candidate_5,candidate_3,5,0.024
44,candidate_4,candidate_1,candidate_2,candidate_5,candidate_3,5,0.024
45,0,candidate_1,candidate_2,candidate_5,candidate_3,5,0.024
46,candidate_4,candidate_1,candidate_2,candidate_5,candidate_3,5,0.024
47,candidate_4,candidate_1,candidate_2,candidate_5,candidate_3,5,0.024
48,candidate_4,candidate_1,candidate_2,candidate_5,candidate_3,5,0.024
49,candidate_4,candidate_1,candidate_2,candidate_5,candidate_3,5,0.024
50,candidate_4,candidate_1,candidate_2,candidate_5,candidate_3,5,0.024
51,candidate_4,candidate_1,candidate_2,candidate_5,candidate_3,5,0.024
52,candidate_4,0,candidate_2,candidate_5,candidate_3,5,0.024
53,candidate_4,candidate_1,candidate_2,candidate_5,candidate_3,5,0.024
54,candidate_4,candidate_1,candidate_2,candidate_5,candidate_3,5,0.024
55,candidate_4,candidate_1,candidate_2,candidate_5,candidate_3,5,0.024
56,candidate_4,candidate_1,candidate_2,candidate_5,candidate_3,5,0.024
57,candidate_4,candidate_1,candidate_2,candidate_5,candidate_3,5,0.024
58,candidate_4,candidate_1,candidate_2,candidate_5,candidate_3,5,0.024
59,candidate_4,candidate_1,candidate_2,candidate_5,candidate_3,5,0.024
60,candidate_4,candidate_1,candidate_2,candidate_5,candidate_3,5,0.024
61,candidate_4,candidate_1,candidate_2,candidate_5,candidate_3,5,0.024
62,candidate_4,candidate_1,candidate_2,0,candidate_3,5,0.024
63,candidate_4,candidate_1,candidate_2,candidate_5,candidate_3,5,0.024
64,candidate_4,candidate_1,candidate_2,candidate_5,candidate_3,5,0.024
65,candidate_4,candidate_1,candidate_2,candidate_5,candidate_3,5,0.024
66,0,candidate_1,candidate_2,candidate_5,candidate_3,5,0.024
67,candidate_4,candidate_1,candidate_2,candidate_5,candidate_3,5,0.024
68,candidate_4,candidate_1,candidate_2,candidate_5,candidate_3,5,0.024
69,candidate_4,candidate_1,candidate_2,candidate_5,0,5,0.024
70,candidate_4,candidate_1,candidate_2,candidate_5,candidate_3,5,0.024
71,candidate_4,candidate_1,candidate_2,candidate_5,candidate_3,5,0.024
72,candidate_4,candidate_1,candidate_2,candidate_5,candidate_3,5,0.024
73,candidate_4,candidate_1,candidate_2,candidate_5,candidate_3,5,0.024
74,candidate_4,candidate_1,candidate_2,candidate_5,candidate_3,5,0.024
75,candidate_4,candidate_1,candidate_2,candidate_5,candidate_3,5,0.024
76,candidate_4,candidate_1,candidate_2,candidate_5,candidate_3,5,0.024
77,candidate_4,candidate_1,candidate_2,candidate_5,candidate_3,5,0.024
78,candidate_4,candidate_1,candidate_2,candidate_5,candidate_3,5,0.024
79,candidate_4,candidate_1,candidate_2,candidate_5,candidate_3,5,0.024
80,candidate_4,candidate_1,candidate_2,candidate_5,candidate_3,5,0.024
81,candidate_4,candidate_1,candidate_2,candidate_5,candidate_3,5,0.024
82,candidate_4,candidate_1,candidate_2,candidate_5,candidate_3,5,0.024
83,candidate_4,candidate_1,candidate_2,candidate_5,candidate_3,5,0.024
84,candidate_4,candidate_1,candidate_2,candidate_5,candidate_3,5,0.024
85,candidate_4,candidate_1,candidate_2,candidate_5,candidate_3,5,0.024
86,candidate_4,candidate_1,candidate_2,candidate_5,candidate_3,5,0.024
87,candidate_4,candidate_1,candidate_2,candidate_5,candidate_3,5,0.024
88,candidate_4,candidate_1,candidate_2,candidate_5,candidate_3,5,0.024
89,candidate_4,candidate_1,candidate_2,candidate_5,candidate_3,5,0.024
90,candidate_4,candidate_1,candidate_2,candidate_5,candidate_3,5,0.024
91,candidate_4,candidate_1,candidate_2,candidate_5,candidate_3,5,0.024
92,candidate_4,candidate_1,0,candidate_5,candidate_3,5,0.024
93,candidate_4,candidate_1,candidate_2,candidate_5,candidate_3,5,0.024
94,candidate_4,candidate_1,candidate_2,candidate_5,candidate_3,5,0.024
95,candidate_4,candidate_1,0,candidate_5,candidate_3,5,0.024
96,candidate_4,candidate_1,candidate_2,candidate_5,candidate_3,5,0.024
97,candidate_4,candidate_1,candidate_2,candidate_5,candidate_3,5,0.024
98,0,candidate_1,candidate_2,candidate_5,candidate_3,5,0.024
99,candidate_4,candidate_1,candidate_2,candidate_5,candidate_3,5,0.024
0,candidate_4,candidate_1,candidate_3,candidate_2,candidate_5,5,0.024
1,candidate_4,candidate_1,candidate_3,candidate_2,candidate_5,5,0.024
2,candidate_4,candidate_1,candidate_3,candidate_2,candidate_5,5,0.024
3,candidate_4,candidate_1,candidate_3,candidate_2,candidate_5,5,0.024
4,candidate_4,candidate_1,candidate_3,candidate_2,candidate_5,5,0.024
5,candidate_4,candidate_1,candidate_3,candidate_2,candidate_5,5,0.024
6,candidate_4,candidate_1,candidate_3,candidate_2,candidate_5,5,0.024
7,candidate_4,candidate_1,candidate_3,candidate_2,candidate_5,5,0.024
8,candidate_4,candidate_1,candidate_3,candidate_2,candidate_5,5,0.024
9,candidate_4,candidate_1,candidate_3,candidate_2,candidate_5,5,0.024
10,candidate_4,candidate_1,candidate_3,candidate_2,candidate_5,5,0.024
11,0,candidate_1,candidate_3,candidate_2,candidate_5,5,0.024
12,candidate_4,candidate_1,candidate_3,candidate_2,candidate_5,5,0.024
13,candidate_4,candidate_1,candidate_3,candidate_2,candidate_5,5,0.024
14,candidate_4,candidate_1,candidate_3,candidate_2,candidate_5,5,0.024
15,candidate_4,candidate_1,candidate_3,candidate_2,candidate_5,5,0.024
16,candidate_4,candidate_1,candidate_3,candidate_2,candidate_5,5,0.024
17,candidate_4,candidate_1,candidate_3,candidate_2,candidate_5,5,0.024
18,candidate_4,candidate_1,candidate_3,candidate_2,candidate_5,5,0.024
0,candidate_4,candidate_1,candidate_3,candidate_5,candidate_2,5,0.024
1,candidate_4,candidate_1,candidate_3,candidate_5,candidate_2,5,0.024
2,candidate_4,candidate_1,candidate_3,candidate_5,candidate_2,5,0.024
3,candidate_4,candidate_1,candidate_3,candidate_5,candidate_2,5,0.024
4,candidate_4,candidate_1,candidate_3,candidate_5,candidate_2,5,0.024
5,candidate_4,candidate_1,candidate_3,candidate_5,candidate_2,5,0.024
6,candidate_4,candidate_1,candidate_3,candidate_5,candidate_2,5,0.024
7,candidate_4,candidate_1,candidate_3,candidate_5,candidate_2,5,0.024
8,candidate_4,candidate_1,candidate_3,candidate_5,candidate_2,5,0.024
9,candidate_4,candidate_1,candidate_3,candidate_5,candidate_2,5,0.024
10,candidate_4,candidate_1,candidate_3,candidate_5,candidate_2,5,0.024
11,candidate_4,candidate_1,candidate_3,candidate_5,candidate_2,5,0.024
12,candidate_4,candidate_1,candidate_3,candidate_5,candidate_2,5,0.024
13,candidate_4,candidate_1,candidate_3,candidate_5,candidate_2,5,0.024
14,candidate_4,candidate_1,candidate_3,0,candidate_2,5,0.024
15,candidate_4,0,candidate_3,candidate_5,candidate_2,5,0.024
16,candidate_4,candidate_1,candidate_3,candidate_5,candidate_2,5,0.024
17,candidate_4,candidate_1,candidate_3,candidate_5,candidate_2,5,0.024
18,candidate_4,candidate_1,candidate_3,candidate_5,candidate_2,5,0.024
19,candidate_4,candidate_1,candidate_3,candidate_5,candidate_2,5,0.024
20,candidate_4,candidate_1,candidate_3,candidate_5,candidate_2,5,0.024
21,candidate_4,candidate_1,candidate_3,candidate_5,candidate_2,5,0.024
22,candidate_4,candidate_1,candidate_3,candidate_5,candidate_2,5,0.024
23,candidate_4,candidate_1,candidate_3,candidate_5,candidate_2,5,0.024
24,candidate_4,candidate_1,0,candidate_5,candidate_2,5,0.024
25,candidate_4,candidate_1,candidate_3,candidate_5,candidate_2,5,0.024
26,candidate_4,candidate_1,candidate_3,candidate_5,candidate_2,5,0.024
27,candidate_4,candidate_1,candidate_3,candidate_5,0,5,0.024
28,candidate_4,candidate_1,candidate_3,candidate_5,0,5,0.024
29,candidate_4,candidate_1,candidate_3,candidate_5,candidate_2,5,0.024
30,0,candidate_1,candidate_3,candidate_5,candidate_2,5,0.024
31,candidate_4,candidate_1,candidate_3,candidate_5,candidate_2,5,0.024
32,candidate_4,candidate_1,candidate_3,candidate_5,0,5,0.024
33,candidate_4,candidate_1,candidate_3,candidate_5,candidate_2,5,0.024
34,candidate_4,candidate_1,candidate_3,candidate_5,candidate_2,5,0.024
35,0,candidate_1,candidate_3,0,candidate_2,5,0.024
36,candidate_4,candidate_1,0,candidate_5,candidate_2,5,0.024
37,candidate_4,candidate_1,candidate_3,candidate_5,candidate_2,5,0.024
38,candidate_4,candidate_1,candidate_3,candidate_5,candidate_2,5,0.024
39,candidate_4,candidate_1,candidate_3,candidate_5,candidate_2,5,0.024
40,candidate_4,candidate_1,candidate_3,candidate_5,candidate_2,5,0.024
41,candidate_4,candidate_1,candidate_3,candidate_5,candidate_2,5,0.024
42,candidate_4,candidate_1,candidate_3,candidate_5,candidate_2,5,0.024
43,candidate_4,0,candidate_3,candidate_5,candidate_2,5,0.024
44,0,candidate_1,candidate_3,candidate_5,candidate_2,5,0.024
45,candidate_4,candidate_1,candidate_3,candidate_5,candidate_2,5,0.024
46,candidate_4,candidate_1,candidate_3,candidate_5,candidate_2,5,0.024
47,candidate_4,candidate_1,candidate_3,candidate_5,candidate_2,5,0.024
48,candidate_4,candidate_1,candidate_3,candidate_5,candidate_2,5,0.024
49,candidate_4,candidate_1,candidate_3,candidate_5,candidate_2,5,0.024
50,candidate_4,candidate_1,candidate_3,candidate_5,candidate_2,5,0.024
51,candidate_4,candidate_1,candidate_3,candidate_5,candidate_2,5,0.024
52,candidate_4,candidate_1,candidate_3,candidate_5,candidate_2,5,0.024
53,candidate_4,candidate_1,candidate_3,candidate_5,candidate_2,5,0.024
54,candidate_4,candidate_1,candidate_3,candidate_5,candidate_2,5,0.024
55,candidate_4,candidate_1,candidate_3,candidate_5,candidate_2,5,0.024
56,candidate_4,candidate_1,candidate_3,candidate_5,candidate_2,5,0.024
57,candidate_4,candidate_1,candidate_3,candidate_5,candidate_2,5,0.024
0,candidate_4,candidate_1,candidate_5,candidate_2,candidate_3,5,0.024
1,candidate_4,candidate_1,candidate_5,candidate_2,candidate_3,5,0.024
2,candidate_4,candidate_1,candidate_5,candidate_2,candidate_3,5,0.024
3,candidate_4,candidate_1,candidate_5,candidate_2,candidate_3,5,0.024
4,candidate_4,candidate_1,candidate_5,candidate_2,candidate_3,5,0.024
5,candidate_4,candidate_1,candidate_5,candidate_2,candidate_3,5,0.024
6,candidate_4,candidate_1,candidate_5,candidate_2,candidate_3,5,0.024
7,candidate_4,candidate_1,candidate_5,candidate_2,candidate_3,5,0.024
8,candidate_4,candidate_1,candidate_5,candidate_2,candidate_3,5,0.024
9,candidate_4,candidate_1,candidate_5,candidate_2,candidate_3,5,0.024
10,candidate_4,candidate_1,candidate_5,candidate_2,candidate_3,5,0.024
11,candidate_4,candidate_1,candidate_5,candidate_2,candidate_3,5,0.024
12,candidate_4,candidate_1,candidate_5,candidate_2,candidate_3,5,0.024
13,candidate_4,candidate_1,candidate_5,candidate_2,candidate_3,5,0.024
14,candidate_4,candidate_1,candidate_5,candidate_2,candidate_3,5,0.024
15,candidate_4,candidate_1,candidate_5,0,candidate_3,5,0.024
16,candidate_4,candidate_1,candidate_5,candidate_2,candidate_3,5,0.024
17,candidate_4,candidate_1,candidate_5,candidate_2,candidate_3,5,0.024
18,0,candidate_1,candidate_5,candidate_2,0,5,0.024
19,candidate_4,candidate_1,candidate_5,candidate_2,candidate_3,5,0.024
20,candidate_4,candidate_1,candidate_5,candidate_2,candidate_3,5,0.024
21,candidate_4,candidate_1,candidate_5,candidate_2,candidate_3,5,0.024
22,candidate_4,candidate_1,candidate_5,candidate_2,candidate_3,5,0.024
23,candidate_4,candidate_1,candidate_5,candidate_2,candidate_3,5,0.024
24,candidate_4,candidate_1,candidate_5,candidate_2,candidate_3,5,0.024
25,candidate_4,candidate_1,candidate_5,candidate_2,candidate_3,5,0.024
26,candidate_4,candidate_1,candidate_5,candidate_2,candidate_3,5,0.024
27,candidate_4,candidate_1,candidate_5,candidate_2,candidate_3,5,0.024
28,candidate_4,candidate_1,candidate_5,candidate_2,candidate_3,5,0.024
29,candidate_4,candidate_1,candidate_5,candidate_2,candidate_3,5,0.024
30,candidate_4,candidate_1,candidate_5,candidate_2,candidate_3,5,0.024
31,candidate_4,candidate_1,candidate_5,candidate_2,candidate_3,5,0.024
32,candidate_4,candidate_1,candidate_5,candidate_2,candidate_3,5,0.024
33,candidate_4,candidate_1,candidate_5,candidate_2,0,5,0.024
34,candidate_4,candidate_1,candidate_5,candidate_2,candidate_3,5,0.024
35,candidate_4,candidate_1,candidate_5,candidate_2,candidate_3,5,0.024
36,candidate_4,candidate_1,candidate_5,candidate_2,candidate_3,5,0.024
37,candidate_4,candidate_1,candidate_5,candidate_2,candidate_3,5,0.024
38,candidate_4,candidate_1,candidate_5,candidate_2,candidate_3,5,0.024
39,candidate_4,candidate_1,candidate_5,candidate_2,candidate_3,5,0.024
40,candidate_4,candidate_1,candidate_5,candidate_2,candidate_3,5,0.024
41,candidate_4,0,candidate_5,candidate_2,candidate_3,5,0.024
42,candidate_4,candidate_1,candidate_5,candidate_2,candidate_3,5,0.024
43,candidate_4,candidate_1,candidate_5,candidate_2,candidate_3,5,0.024
44,candidate_4,candidate_1,0,candidate_2,candidate_3,5,0.024
45,candidate_4,candidate_1,candidate_5,candidate_2,candidate_3,5,0.024
46,candidate_4,candidate_1,candidate_5,0,candidate_3,5,0.024
47,candidate_4,candidate_1,candidate_5,candidate_2,candidate_3,5,0.024
48,candidate_4,candidate_1,candidate_5,candidate_2,candidate_3,5,0.024
49,candidate_4,candidate_1,candidate_5,candidate_2,candidate_3,5,0.024
50,candidate_4,candidate_1,candidate_5,candidate_2,candidate_3,5,0.024
51,candidate_4,candidate_1,candidate_5,candidate_2,candidate_3,5,0.024
52,candidate_4,candidate_1,candidate_5,candidate_2,candidate_3,5,0.024
53,candidate_4,candidate_1,candidate_5,candidate_2,candidate_3,5,0.024
54,candidate_4,candidate_1,0,candidate_2,candidate_3,5,0.024
55,candidate_4,candidate_1,candidate_5,candidate_2,candidate_3,5,0.024
56,candidate_4,candidate_1,candidate_5,candidate_2,candidate_3,5,0.024
57,candidate_4,candidate_1,candidate_5,candidate_2,candidate_3,5,0.024
58,candidate_4,candidate_1,candidate_5,candidate_2,candidate_3,5,0.024
59,candidate_4,candidate_1,candidate_5,candidate_2,candidate_3,5,0.024
60,candidate_4,candidate_1,candidate_5,candidate_2,candidate_3,5,0.024
61,candidate_4,candidate_1,candidate_5,candidate_2,candidate_3,5,0.024
62,candidate_4,candidate_1,candidate_5,candidate_2,candidate_3,5,0.024
63,candidate_4,candidate_1,candidate_5,candidate_2,candidate_3,5,0.024
64,candidate_4,candidate_1,candidate_5,candidate_2,candidate_3,5,0.024
65,candidate_4,candidate_1,candidate_5,candidate_2,candidate_3,5,0.024
66,candidate_4,candidate_1,candidate_5,candidate_2,candidate_3,5,0.024
67,candidate_4,candidate_1,candidate_5,candidate_2,candidate_3,5,0.024
68,candidate_4,candidate_1,candidate_5,candidate_2,candidate_3,5,0.024
69,candidate_4,candidate_1,candidate_5,candidate_2,candidate_3,5,0.024
70,candidate_4,candidate_1,candidate_5,candidate_2,candidate_3,5,0.024
71,candidate_4,candidate_1,candidate_5,candidate_2,candidate_3,5,0.024
72,candidate_4,candidate_1,candidate_5,candidate_2,candidate_3,5,0.024
73,candidate_4,candidate_1,candidate_5,candidate_2,candidate_3,5,0.024
74,candidate_4,candidate_1,candidate_5,0,candidate_3,5,0.024
75,candidate_4,0,candidate_5,0,candidate_3,5,0.024
76,candidate_4,candidate_1,candidate_5,candidate_2,candidate_3,5,0.024
77,candidate_4,candidate_1,candidate_5,candidate_2,candidate_3,5,0.024
78,candidate_4,candidate_1,candidate_5,candidate_2,candidate_3,5,0.024
79,candidate_4,candidate_1,candidate_5,candidate_2,candidate_3,5,0.024
80,candidate_4,candidate_1,candidate_5,candidate_2,candidate_3,5,0.024
81,candidate_4,candidate_1,candidate_5,candidate_2,candidate_3,5,0.024
82,candidate_4,0,candidate_5,candidate_2,candidate_3,5,0.024
83,candidate_4,candidate_1,candidate_5,candidate_2,candidate_3,5,0.024
84,candidate_4,candidate_1,candidate_5,candidate_2,candidate_3,5,0.024
85,candidate_4,candidate_1,candidate_5,candidate_2,candidate_3,5,0.024
86,candidate_4,candidate_1,candidate_5,candidate_2,candidate_3,5,0.024
87,candidate_4,candidate_1,candidate_5,candidate_2,candidate_3,5,0.024
88,candidate_4,candidate_1,candidate_5,candidate_2,candidate_3,5,0.024
89,candidate_4,candidate_1,candidate_5,candidate_2,candidate_3,5,0.024
90,candidate_4,candidate_1,candidate_5,candidate_2,candidate_3,5,0.024
91,candidate_4,candidate_1,candidate_5,0,candidate_3,5,0.024
92,candidate_4,candidate_1,candidate_5,candidate_2,candidate_3,5,0.024
93,candidate_4,candidate_1,candidate_5,candidate_2,candidate_3,5,0.024
94,candidate_4,candidate_1,candidate_5,candidate_2,candidate_3,5,0.024
95,candidate_4,candidate_1,candidate_5,candidate_2,candidate_3,5,0.024
96,candidate_4,candidate_1,candidate_5,candidate_2,candidate_3,5,0.024
97,candidate_4,candidate_1,candidate_5,candidate_2,candidate_3,5,0.024
98,candidate_4,candidate_1,candidate_5,candidate_2,candidate_3,5,0.024
99,candidate_4,candidate_1,candidate_5,candidate_2,candidate_3,5,0.024
100,candidate_4,candidate_1,candidate_5,candidate_2,candidate_3,5,0.024
101,candidate_4,candidate_1,candidate_5,candidate_2,candidate_3,5,0.024
102,candidate_4,candidate_1,candidate_5,candidate_2,candidate_3,5,0.024
103,candidate_4,candidate_1,candidate_5,candidate_2,candidate_3,5,0.024
104,candidate_4,candidate_1,candidate_5,candidate_2,candidate_3,5,0.024
105,candidate_4,candidate_1,candidate_5,candidate_2,candidate_3,5,0.024
0,candidate_4,candidate_1,candidate_5,candidate_3,candidate_2,5,0.024
1,candidate_4,candidate_1,candidate_5,candidate_3,candidate_2,5,0.024
2,candidate_4,0,candidate_5,candidate_3,candidate_2,5,0.024
3,candidate_4,candidate_1,candidate_5,candidate_3,candidate_2,5,0.024
4,candidate_4,candidate_1,candidate_5,candidate_3,candidate_2,5,0.024
5,candidate_4,candidate_1,candidate_5,candidate_3,candidate_2,5,0.024
6,candidate_4,candidate_1,candidate_5,candidate_3,candidate_2,5,0.024
7,candidate_4,candidate_1,candidate_5,candidate_3,candidate_2,5,0.024
8,candidate_4,candidate_1,candidate_5,candidate_3,candidate_2,5,0.024
9,candidate_4,candidate_1,0,candidate_3,candidate_2,5,0.024
10,candidate_4,candidate_1,candidate_5,candidate_3,candidate_2,5,0.024
11,candidate_4,candidate_1,candidate_5,candidate_3,candidate_2,5,0.024
12,candidate_4,candidate_1,candidate_5,candidate_3,candidate_2,5,0.024
13,candidate_4,candidate_1,candidate_5,candidate_3,candidate_2,5,0.024
14,candidate_4,candidate_1,candidate_5,candidate_3,candidate_2,5,0.024
15,candidate_4,candidate_1,candidate_5,candidate_3,candidate_2,5,0.024
0,candidate_4,candidate_2,candidate_1,candidate_3,candidate_5,5,0.024
1,candidate_4,0,candidate_1,candidate_3,candidate_5,5,0.024
2,candidate_4,candidate_2,candidate_1,candidate_3,candidate_5,5,0.024
3,candidate_4,0,candidate_1,candidate_3,candidate_5,5,0.024
4,candidate_4,candidate_2,candidate_1,candidate_3,candidate_5,5,0.024
5,candidate_4,candidate_2,candidate_1,candidate_3,candidate_5,5,0.024
6,candidate_4,candidate_2,candidate_1,candidate_3,candidate_5,5,0.024
7,candidate_4,candidate_2,candidate_1,candidate_3,candidate_5,5,0.024
8,candidate_4,candidate_2,candidate_1,candidate_3,candidate_5,5,0.024
9,candidate_4,candidate_2,candidate_1,candidate_3,candidate_5,5,0.024
10,candidate_4,candidate_2,candidate_1,candidate_3,candidate_5,5,0.024
11,candidate_4,candidate_2,candidate_1,candidate_3,candidate_5,5,0.024
12,candidate_4,candidate_2,candidate_1,candidate_3,candidate_5,5,0.024
13,candidate_4,candidate_2,candidate_1,candidate_3,candidate_5,5,0.024
14,candidate_4,candidate_2,candidate_1,candidate_3,candidate_5,5,0.024
15,candidate_4,candidate_2,candidate_1,candidate_3,0,5,0.024
16,candidate_4,candidate_2,candidate_1,candidate_3,candidate_5,5,0.024
17,candidate_4,candidate_2,candidate_1,candidate_3,candidate_5,5,0.024
18,candidate_4,candidate_2,candidate_1,candidate_3,candidate_5,5,0.024
19,candidate_4,candidate_2,candidate_1,0,candidate_5,5,0.024
20,candidate_4,0,candidate_1,candidate_3,candidate_5,5,0.024
21,candidate_4,candidate_2,candidate_1,candidate_3,candidate_5,5,0.024
22,candidate_4,0,candidate_1,candidate_3,candidate_5,5,0.024
23,candidate_4,candidate_2,candidate_1,candidate_3,candidate_5,5,0.024
24,candidate_4,candidate_2,candidate_1,candidate_3,candidate_5,5,0.024
25,candidate_4,candidate_2,candidate_1,candidate_3,candidate_5,5,0.024
26,candidate_4,candidate_2,candidate_1,candidate_3,candidate_5,5,0.024
27,candidate_4,candidate_2,0,candidate_3,candidate_5,5,0.024
28,candidate_4,candidate_2,candidate_1,candidate_3,0,5,0.024
29,candidate_4,candidate_2,candidate_1,candidate_3,candidate_5,5,0.024
30,candidate_4,candidate_2,candidate_1,0,candidate_5,5,0.024
31,candidate_4,candidate_2,candidate_1,candidate_3,candidate_5,5,0.024
32,candidate_4,candidate_2,candidate_1,candidate_3,candidate_5,5,0.024
33,candidate_4,candidate_2,candidate_1,candidate_3,candidate_5,5,0.024
34,candidate_4,candidate_2,candidate_1,candidate_3,candidate_5,5,0.024
35,candidate_4,candidate_2,candidate_1,candidate_3,candidate_5,5,0.024
36,candidate_4,candidate_2,candidate_1,candidate_3,candidate_5,5,0.024
37,candidate_4,candidate_2,candidate_1,candidate_3,candidate_5,5,0.024
38,candidate_4,candidate_2,candidate_1,candidate_3,candidate_5,5,0.024
39,candidate_4,candidate_2,candidate_1,candidate_3,candidate_5,5,0.024
40,candidate_4,candidate_2,candidate_1,candidate_3,candidate_5,5,0.024
41,candidate_4,candidate_2,candidate_1,candidate_3,candidate_5,5,0.024
42,candidate_4,candidate_2,candidate_1,candidate_3,candidate_5,5,0.024
43,candidate_4,candidate_2,candidate_1,candidate_3,candidate_5,5,0.024
44,candidate_4,candidate_2,candidate_1,candidate_3,candidate_5,5,0.024
45,0,candidate_2,candidate_1,candidate_3,candidate_5,5,0.024
46,candidate_4,candidate_2,candidate_1,candidate_3,candidate_5,5,0.024
47,0,candidate_2,candidate_1,candidate_3,candidate_5,5,0.024
48,candidate_4,candidate_2,candidate_1,candidate_3,candidate_5,5,0.024
49,candidate_4,candidate_2,candidate_1,candidate_3,candidate_5,5,0.024
50,candidate_4,candidate_2,candidate_1,candidate_3,candidate_5,5,0.024
51,candidate_4,candidate_2,candidate_1,candidate_3,candidate_5,5,0.024
52,candidate_4,candidate_2,candidate_1,candidate_3,candidate_5,5,0.024
53,candidate_4,0,candidate_1,candidate_3,candidate_5,5,0.024
54,candidate_4,candidate_2,candidate_1,candidate_3,candidate_5,5,0.024
55,candidate_4,candidate_2,candidate_1,candidate_3,candidate_5,5,0.024
56,candidate_4,candidate_2,candidate_1,candidate_3,candidate_5,5,0.024
57,candidate_4,candidate_2,candidate_1,candidate_3,candidate_5,5,0.024
58,candidate_4,candidate_2,candidate_1,candidate_3,candidate_5,5,0.024
59,candidate_4,candidate_2,candidate_1,candidate_3,candidate_5,5,0.024
60,candidate_4,candidate_2,candidate_1,candidate_3,candidate_5,5,0.024
61,candidate_4,candidate_2,candidate_1,candidate_3,candidate_5,5,0.024
62,candidate_4,candidate_2,candidate_1,candidate_3,candidate_5,5,0.024
63,candidate_4,candidate_2,candidate_1,candidate_3,candidate_5,5,0.024
64,candidate_4,candidate_2,candidate_1,candidate_3,candidate_5,5,0.024
65,candidate_4,candidate_2,candidate_1,candidate_3,candidate_5,5,0.024
66,candidate_4,candidate_2,candidate_1,candidate_3,candidate_5,5,0.024
67,candidate_4,candidate_2,candidate_1,candidate_3,candidate_5,5,0.024
68,candidate_4,candidate_2,candidate_1,candidate_3,candidate_5,5,0.024
69,candidate_4,candidate_2,candidate_1,candidate_3,candidate_5,5,0.024
70,candidate_4,candidate_2,candidate_1,candidate_3,candidate_5,5,0.024
71,candidate_4,candidate_2,candidate_1,candidate_3,candidate_5,5,0.024
72,candidate_4,candidate_2,candidate_1,candidate_3,candidate_5,5,0.024
73,candidate_4,candidate_2,candidate_1,candidate_3,candidate_5,5,0.024
74,candidate_4,candidate_2,0,candidate_3,candidate_5,5,0.024
75,candidate_4,candidate_2,candidate_1,candidate_3,candidate_5,5,0.024
76,candidate_4,candidate_2,candidate_1,candidate_3,candidate_5,5,0.024
77,candidate_4,candidate_2,0,candidate_3,candidate_5,5,0.024
78,candidate_4,candidate_2,candidate_1,candidate_3,0,5,0.024
79,candidate_4,candidate_2,candidate_1,candidate_3,candidate_5,5,0.024
80,candidate_4,candidate_2,candidate_1,candidate_3,candidate_5,5,0.024
81,candidate_4,candidate_2,candidate_1,candidate_3,candidate_5,5,0.024
82,candidate_4,candidate_2,candidate_1,candidate_3,candidate_5,5,0.024
83,candidate_4,candidate_2,candidate_1,candidate_3,candidate_5,5,0.024
84,candidate_4,candidate_2,candidate_1,candidate_3,candidate_5,5,0.024
85,candidate_4,candidate_2,candidate_1,candidate_3,0,5,0.024
86,candidate_4,candidate_2,candidate_1,candidate_3,candidate_5,5,0.024
87,candidate_4,candidate_2,candidate_1,candidate_3,candidate_5,5,0.024
88,candidate_4,candidate_2,candidate_1,candidate_3,candidate_5,5,0.024
89,candidate_4,candidate_2,candidate_1,candidate_3,candidate_5,5,0.024
90,candidate_4,candidate_2,candidate_1,candidate_3,candidate_5,5,0.024
91,candidate_4,candidate_2,candidate_1,candidate_3,candidate_5,5,0.024
92,candidate_4,candidate_2,candidate_1,candidate_3,candidate_5,5,0.024
93,candidate_4,candidate_2,candidate_1,candidate_3,candidate_5,5,0.024
94,candidate_4,candidate_2,candidate_1,candidate_3,candidate_5,5,0.024
95,candidate_4,candidate_2,candidate_1,candidate_3,candidate_5,5,0.024
96,candidate_4,candidate_2,candidate_1,candidate_3,candidate_5,5,0.024
97,candidate_4,candidate_2,candidate_1,candidate_3,candidate_5,5,0.024
98,candidate_4,candidate_2,candidate_1,candidate_3,candidate_5,5,0.024
99,candidate_4,candidate_2,candidate_1,candidate_3,candidate_5,5,0.024
100,candidate_4,candidate_2,candidate_1,candidate_3,candidate_5,5,0.024
101,candidate_4,candidate_2,candidate_1,candidate_3,candidate_5,5,0.024
102,candidate_4,candidate_2,candidate_1,candidate_3,candidate_5,5,0.024
103,candidate_4,0,candidate_1,candidate_3,candidate_5,5,0.024
104,candidate_4,candidate_2,candidate_1,candidate_3,candidate_5,5,0.024
105,candidate_4,candidate_2,candidate_1,candidate_3,candidate_5,5,0.024
106,candidate_4,candidate_2,candidate_1,candidate_3,candidate_5,5,0.024
107,0,candidate_2,candidate_1,candidate_3,candidate_5,5,0.024
108,candidate_4,candidate_2,candidate_1,candidate_3,candidate_5,5,0.024
109,candidate_4,candidate_2,candidate_1,candidate_3,candidate_5,5,0.024
110,candidate_4,candidate_2,0,candidate_3,candidate_5,5,0.024
111,candidate_4,candidate_2,candidate_1,candidate_3,candidate_5,5,0.024
112,candidate_4,candidate_2,candidate_1,candidate_3,candidate_5,5,0.024
113,candidate_4,candidate_2,candidate_1,candidate_3,candidate_5,5,0.024
114,candidate_4,candidate_2,candidate_1,candidate_3,candidate_5,5,0.024
115,candidate_4,candidate_2,candidate_1,candidate_3,candidate_5,5,0.024
116,candidate_4,candidate_2,candidate_1,candidate_3,candidate_5,5,0.024
117,candidate_4,candidate_2,candidate_1,candidate_3,candidate_5,5,0.024
118,candidate_4,candidate_2,candidate_1,candidate_3,candidate_5,5,0.024
119,candidate_4,candidate_2,candidate_1,candidate_3,0,5,0.024
120,candidate_4,candidate_2,candidate_1,candidate_3,candidate_5,5,0.024
121,candidate_4,candidate_2,candidate_1,candidate_3,candidate_5,5,0.024
122,candidate_4,candidate_2,0,candidate_3,candidate_5,5,0.024
123,candidate_4,candidate_2,candidate_1,candidate_3,candidate_5,5,0.024
124,candidate_4,candidate_2,candidate_1,candidate_3,candidate_5,5,0.024
125,candidate_4,candidate_2,candidate_1,candidate_3,candidate_5,5,0.024
126,candidate_4,candidate_2,candidate_1,candidate_3,candidate_5,5,0.024
127,candidate_4,candidate_2,candidate_1,candidate_3,candidate_5,5,0.024
128,candidate_4,candidate_2,candidate_1,candidate_3,candidate_5,5,0.024
129,candidate_4,candidate_2,candidate_1,candidate_3,candidate_5,5,0.024
130,candidate_4,candidate_2,candidate_1,candidate_3,candidate_5,5,0.024
131,candidate_4,candidate_2,candidate_1,candidate_3,candidate_5,5,0.024
132,candidate_4,candidate_2,candidate_1,candidate_3,candidate_5,5,0.024
133,candidate_4,candidate_2,candidate_1,candidate_3,candidate_5,5,0.024
0,candidate_4,candidate_2,candidate_1,candidate_5,candidate_3,5,0.024
1,candidate_4,candidate_2,candidate_1,candidate_5,candidate_3,5,0.024
2,candidate_4,candidate_2,candidate_1,candidate_5,candidate_3,5,0.024
3,candidate_4,candidate_2,candidate_1,candidate_5,candidate_3,5,0.024
4,candidate_4,candidate_2,candidate_1,candidate_5,candidate_3,5,0.024
5,candidate_4,candidate_2,candidate_1,candidate_5,candidate_3,5,0.024
6,candidate_4,candidate_2,candidate_1,candidate_5,candidate_3,5,0.024
7,candidate_4,candidate_2,candidate_1,candidate_5,candidate_3,5,0.024
8,candidate_4,candidate_2,candidate_1,candidate_5,candidate_3,5,0.024
9,candidate_4,0,candidate_1,candidate_5,candidate_3,5,0.024
10,candidate_4,candidate_2,candidate_1,candidate_5,candidate_3,5,0.024
11,candidate_4,candidate_2,candidate_1,candidate_5,candidate_3,5,0.024
12,0,candidate_2,candidate_1,candidate_5,candidate_3,5,0.024
13,candidate_4,candidate_2,candidate_1,candidate_5,candidate_3,5,0.024
14,candidate_4,0,candidate_1,candidate_5,candidate_3,5,0.024
15,candidate_4,candidate_2,candidate_1,candidate_5,candidate_3,5,0.024
16,candidate_4,candidate_2,candidate_1,candidate_5,candidate_3,5,0.024
17,candidate_4,candidate_2,candidate_1,candidate_5,candidate_3,5,0.024
18,candidate_4,candidate_2,candidate_1,candidate_5,candidate_3,5,0.024
19,candidate_4,candidate_2,candidate_1,candidate_5,candidate_3,5,0.024
20,candidate_4,candidate_2,candidate_1,candidate_5,candidate_3,5,0.024
21,candidate_4,candidate_2,candidate_1,candidate_5,candidate_3,5,0.024
22,candidate_4,candidate_2,candidate_1,candidate_5,candidate_3,5,0.024
23,candidate_4,candidate_2,candidate_1,candidate_5,candidate_3,5,0.024
24,candidate_4,candidate_2,candidate_1,candidate_5,candidate_3,5,0.024
25,candidate_4,candidate_2,candidate_1,candidate_5,candidate_3,5,0.024
26,candidate_4,candidate_2,candidate_1,candidate_5,candidate_3,5,0.024
27,candidate_4,candidate_2,candidate_1,candidate_5,candidate_3,5,0.024
28,candidate_4,candidate_2,candidate_1,candidate_5,candidate_3,5,0.024
29,candidate_4,candidate_2,candidate_1,candidate_5,candidate_3,5,0.024
30,candidate_4,candidate_2,candidate_1,candidate_5,candidate_3,5,0.024
31,candidate_4,candidate_2,candidate_1,candidate_5,candidate_3,5,0.024
32,candidate_4,candidate_2,candidate_1,candidate_5,candidate_3,5,0.024
33,candidate_4,candidate_2,candidate_1,candidate_5,candidate_3,5,0.024
34,candidate_4,candidate_2,candidate_1,candidate_5,candidate_3,5,0.024
35,candidate_4,candidate_2,candidate_1,0,candidate_3,5,0.024
36,candidate_4,candidate_2,candidate_1,candidate_5,candidate_3,5,0.024
37,candidate_4,candidate_2,candidate_1,candidate_5,candidate_3,5,0.024
38,candidate_4,candidate_2,candidate_1,0,candidate_3,5,0.024
39,candidate_4,candidate_2,candidate_1,candidate_5,candidate_3,5,0.024
40,candidate_4,candidate_2,candidate_1,candidate_5,candidate_3,5,0.024
41,candidate_4,0,candidate_1,candidate_5,candidate_3,5,0.024
42,candidate_4,candidate_2,candidate_1,candidate_5,candidate_3,5,0.024
43,candidate_4,candidate_2,candidate_1,candidate_5,candidate_3,5,0.024
44,candidate_4,candidate_2,candidate_1,candidate_5,candidate_3,5,0.024
45,candidate_4,candidate_2,candidate_1,candidate_5,candidate_3,5,0.024
46,candidate_4,candidate_2,candidate_1,candidate_5,candidate_3,5,0.024
47,candidate_4,candidate_2,candidate_1,candidate_5,candidate_3,5,0.024
48,candidate_4,candidate_2,candidate_1,candidate_5,candidate_3,5,0.024
49,candidate_4,candidate_2,candidate_1,candidate_5,candidate_3,5,0.024
50,candidate_4,candidate_2,candidate_1,candidate_5,candidate_3,5,0.024
51,candidate_4,candidate_2,candidate_1,candidate_5,candidate_3,5,0.024
52,candidate_4,candidate_2,candidate_1,candidate_5,candidate_3,5,0.024
53,candidate_4,candidate_2,candidate_1,candidate_5,candidate_3,5,0.024
54,candidate_4,candidate_2,candidate_1,candidate_5,candidate_3,5,0.024
55,candidate_4,candidate_2,candidate_1,0,candidate_3,5,0.024
56,candidate_4,candidate_2,candidate_1,candidate_5,candidate_3,5,0.024
57,candidate_4,candidate_2,0,candidate_5,candidate_3,5,0.024
58,candidate_4,candidate_2,candidate_1,0,candidate_3,5,0.024
59,candidate_4,candidate_2,candidate_1,candidate_5,candidate_3,5,0.024
60,candidate_4,candidate_2,candidate_1,candidate_5,candidate_3,5,0.024
61,candidate_4,candidate_2,candidate_1,candidate_5,candidate_3,5,0.024
62,candidate_4,candidate_2,candidate_1,candidate_5,candidate_3,5,0.024
63,candidate_4,candidate_2,candidate_1,candidate_5,candidate_3,5,0.024
64,candidate_4,candidate_2,candidate_1,candidate_5,0,5,0.024
65,candidate_4,0,candidate_1,candidate_5,candidate_3,5,0.024
66,candidate_4,candidate_2,candidate_1,candidate_5,candidate_3,5,0.024
67,candidate_4,candidate_2,candidate_1,candidate_5,candidate_3,5,0.024
68,candidate_4,candidate_2,candidate_1,candidate_5,candidate_3,5,0.024
69,candidate_4,candidate_2,candidate_1,candidate_5,candidate_3,5,0.024
70,candidate_4,candidate_2,candidate_1,candidate_5,candidate_3,5,0.024
71,candidate_4,candidate_2,candidate_1,candidate_5,candidate_3,5,0.024
72,candidate_4,candidate_2,candidate_1,candidate_5,candidate_3,5,0.024
73,candidate_4,candidate_2,candidate_1,candidate_5,candidate_3,5,0.024
74,candidate_4,candidate_2,candidate_1,candidate_5,candidate_3,5,0.024
75,candidate_4,candidate_2,candidate_1,candidate_5,candidate_3,5,0.024
0,candidate_4,candidate_2,candidate_3,candidate_1,candidate_5,5,0.024
1,candidate_4,candidate_2,candidate_3,candidate_1,candidate_5,5,0.024
2,candidate_4,candidate_2,candidate_3,candidate_1,candidate_5,5,0.024
3,candidate_4,candidate_2,candidate_3,candidate_1,candidate_5,5,0.024
4,candidate_4,candidate_2,candidate_3,candidate_1,candidate_5,5,0.024
5,candidate_4,candidate_2,candidate_3,candidate_1,candidate_5,5,0.024
6,candidate_4,candidate_2,candidate_3,candidate_1,candidate_5,5,0.024
7,candidate_4,candidate_2,candidate_3,candidate_1,candidate_5,5,0.024
8,candidate_4,candidate_2,candidate_3,candidate_1,candidate_5,5,0.024
9,candidate_4,candidate_2,candidate_3,candidate_1,candidate_5,5,0.024
10,candidate_4,candidate_2,candidate_3,candidate_1,candidate_5,5,0.024
11,candidate_4,candidate_2,candidate_3,candidate_1,candidate_5,5,0.024
12,candidate_4,candidate_2,candidate_3,candidate_1,candidate_5,5,0.024
13,candidate_4,candidate_2,candidate_3,candidate_1,candidate_5,5,0.024
14,candidate_4,candidate_2,candidate_3,candidate_1,candidate_5,5,0.024
15,candidate_4,candidate_2,candidate_3,candidate_1,candidate_5,5,0.024
16,candidate_4,candidate_2,candidate_3,candidate_1,candidate_5,5,0.024
17,candidate_4,candidate_2,candidate_3,candidate_1,candidate_5,5,0.024
18,candidate_4,candidate_2,candidate_3,candidate_1,candidate_5,5,0.024
19,candidate_4,candidate_2,candidate_3,candidate_1,candidate_5,5,0.024
20,candidate_4,candidate_2,candidate_3,candidate_1,candidate_5,5,0.024
21,candidate_4,candidate_2,candidate_3,candidate_1,candidate_5,5,0.024
22,candidate_4,candidate_2,candidate_3,candidate_1,candidate_5,5,0.024
23,candidate_4,0,candidate_3,candidate_1,candidate_5,5,0.024
24,candidate_4,candidate_2,candidate_3,candidate_1,candidate_5,5,0.024
25,candidate_4,candidate_2,candidate_3,candidate_1,candidate_5,5,0.024
26,candidate_4,candidate_2,candidate_3,candidate_1,candidate_5,5,0.024
27,candidate_4,candidate_2,candidate_3,candidate_1,candidate_5,5,0.024
28,candidate_4,candidate_2,candidate_3,candidate_1,candidate_5,5,0.024
29,candidate_4,candidate_2,candidate_3,candidate_1,candidate_5,5,0.024
30,candidate_4,candidate_2,candidate_3,candidate_1,candidate_5,5,0.024
31,candidate_4,candidate_2,candidate_3,candidate_1,candidate_5,5,0.024
32,candidate_4,candidate_2,candidate_3,candidate_1,candidate_5,5,0.024
33,candidate_4,candidate_2,candidate_3,candidate_1,candidate_5,5,0.024
34,candidate_4,candidate_2,candidate_3,candidate_1,candidate_5,5,0.024
35,candidate_4,candidate_2,candidate_3,candidate_1,candidate_5,5,0.024
36,candidate_4,candidate_2,candidate_3,candidate_1,0,5,0.024
37,candidate_4,candidate_2,candidate_3,candidate_1,candidate_5,5,0.024
38,candidate_4,candidate_2,candidate_3,candidate_1,candidate_5,5,0.024
39,candidate_4,candidate_2,candidate_3,candidate_1,candidate_5,5,0.024
40,candidate_4,candidate_2,candidate_3,candidate_1,candidate_5,5,0.024
41,candidate_4,candidate_2,candidate_3,candidate_1,candidate_5,5,0.024
42,candidate_4,candidate_2,candidate_3,candidate_1,0,5,0.024
43,candidate_4,candidate_2,candidate_3,candidate_1,candidate_5,5,0.024
44,candidate_4,candidate_2,candidate_3,candidate_1,candidate_5,5,0.024
45,candidate_4,candidate_2,candidate_3,candidate_1,candidate_5,5,0.024
46,candidate_4,candidate_2,candidate_3,candidate_1,candidate_5,5,0.024
47,candidate_4,candidate_2,candidate_3,candidate_1,candidate_5,5,0.024
48,candidate_4,candidate_2,candidate_3,candidate_1,candidate_5,5,0.024
49,candidate_4,candidate_2,candidate_3,0,candidate_5,5,0.024
50,candidate_4,candidate_2,candidate_3,candidate_1,candidate_5,5,0.024
51,candidate_4,candidate_2,candidate_3,0,candidate_5,5,0.024
52,0,candidate_2,candidate_3,candidate_1,candidate_5,5,0.024
53,candidate_4,candidate_2,candidate_3,candidate_1,candidate_5,5,0.024
54,candidate_4,candidate_2,candidate_3,candidate_1,candidate_5,5,0.024
55,candidate_4,candidate_2,candidate_3,candidate_1,candidate_5,5,0.024
56,candidate_4,candidate_2,candidate_3,candidate_1,candidate_5,5,0.024
57,candidate_4,candidate_2,candidate_3,candidate_1,candidate_5,5,0.024
58,candidate_4,candidate_2,candidate_3,candidate_1,candidate_5,5,0.024
59,candidate_4,candidate_2,candidate_3,candidate_1,candidate_5,5,0.024
60,candidate_4,candidate_2,candidate_3,candidate_1,candidate_5,5,0.024
61,0,candidate_2,candidate_3,candidate_1,candidate_5,5,0.024
62,candidate_4,candidate_2,candidate_3,candidate_1,candidate_5,5,0.024
63,candidate_4,candidate_2,candidate_3,candidate_1,candidate_5,5,0.024
64,candidate_4,candidate_2,candidate_3,candidate_1,candidate_5,5,0.024
0,candidate_4,candidate_2,candidate_3,candidate_5,candidate_1,5,0.024
1,candidate_4,candidate_2,candidate_3,0,candidate_1,5,0.024
2,candidate_4,0,candidate_3,candidate_5,candidate_1,5,0.024
3,candidate_4,candidate_2,candidate_3,candidate_5,candidate_1,5,0.024
4,candidate_4,candidate_2,0,candidate_5,candidate_1,5,0.024
5,candidate_4,candidate_2,candidate_3,candidate_5,candidate_1,5,0.024
6,candidate_4,candidate_2,candidate_3,candidate_5,candidate_1,5,0.024
7,candidate_4,candidate_2,candidate_3,candidate_5,candidate_1,5,0.024
8,candidate_4,candidate_2,candidate_3,candidate_5,candidate_1,5,0.024
9,candidate_4,candidate_2,candidate_3,candidate_5,candidate_1,5,0.024
10,candidate_4,candidate_2,candidate_3,candidate_5,candidate_1,5,0.024
11,candidate_4,candidate_2,candidate_3,candidate_5,candidate_1,5,0.024
12,0,candidate_2,candidate_3,candidate_5,candidate_1,5,0.024
13,candidate_4,candidate_2,candidate_3,candidate_5,candidate_1,5,0.024
14,candidate_4,candidate_2,candidate_3,candidate_5,candidate_1,5,0.024
15,candidate_4,candidate_2,candidate_3,candidate_5,candidate_1,5,0.024
16,0,0,candidate_3,candidate_5,candidate_1,5,0.024
17,candidate_4,candidate_2,candidate_3,candidate_5,candidate_1,5,0.024
18,candidate_4,candidate_2,0,candidate_5,candidate_1,5,0.024
19,candidate_4,candidate_2,candidate_3,candidate_5,candidate_1,5,0.024
20,candidate_4,candidate_2,candidate_3,candidate_5,candidate_1,5,0.024
21,candidate_4,candidate_2,candidate_3,candidate_5,candidate_1,5,0.024
22,candidate_4,candidate_2,candidate_3,candidate_5,candidate_1,5,0.024
23,candidate_4,candidate_2,candidate_3,candidate_5,candidate_1,5,0.024
24,candidate_4,candidate_2,candidate_3,candidate_5,candidate_1,5,0.024
25,candidate_4,candidate_2,candidate_3,candidate_5,candidate_1,5,0.024
26,candidate_4,candidate_2,candidate_3,candidate_5,candidate_1,5,0.024
27,candidate_4,candidate_2,candidate_3,candidate_5,candidate_1,5,0.024
28,candidate_4,candidate_2,candidate_3,candidate_5,candidate_1,5,0.024
29,candidate_4,candidate_2,candidate_3,candidate_5,candidate_1,5,0.024
30,candidate_4,candidate_2,candidate_3,candidate_5,candidate_1,5,0.024
31,candidate_4,candidate_2,candidate_3,candidate_5,candidate_1,5,0.024
32,candidate_4,candidate_2,candidate_3,candidate_5,candidate_1,5,0.024
33,candidate_4,candidate_2,0,candidate_5,candidate_1,5,0.024
34,candidate_4,candidate_2,candidate_3,candidate_5,candidate_1,5,0.024
35,candidate_4,candidate_2,candidate_3,candidate_5,candidate_1,5,0.024
36,candidate_4,candidate_2,candidate_3,candidate_5,candidate_1,5,0.024
37,candidate_4,candidate_2,candidate_3,candidate_5,candidate_1,5,0.024
38,candidate_4,candidate_2,candidate_3,candidate_5,candidate_1,5,0.024
39,candidate_4,candidate_2,candidate_3,candidate_5,candidate_1,5,0.024
40,candidate_4,candidate_2,candidate_3,candidate_5,candidate_1,5,0.024
41,candidate_4,candidate_2,candidate_3,candidate_5,candidate_1,5,0.024
42,candidate_4,candidate_2,candidate_3,candidate_5,candidate_1,5,0.024
43,candidate_4,candidate_2,candidate_3,candidate_5,candidate_1,5,0.024
44,candidate_4,candidate_2,candidate_3,candidate_5,candidate_1,5,0.024
45,candidate_4,candidate_2,candidate_3,candidate_5,candidate_1,5,0.024
46,candidate_4,candidate_2,candidate_3,candidate_5,candidate_1,5,0.024
47,0,candidate_2,candidate_3,candidate_5,candidate_1,5,0.024
0,candidate_4,candidate_2,candidate_5,candidate_1,candidate_3,5,0.024
1,candidate_4,candidate_2,candidate_5,candidate_1,candidate_3,5,0.024
2,candidate_4,candidate_2,candidate_5,candidate_1,candidate_3,5,0.024
3,candidate_4,candidate_2,candidate_5,candidate_1,candidate_3,5,0.024
4,candidate_4,candidate_2,candidate_5,candidate_1,candidate_3,5,0.024
5,candidate_4,candidate_2,candidate_5,candidate_1,candidate_3,5,0.024
6,candidate_4,candidate_2,candidate_5,candidate_1,candidate_3,5,0.024
7,candidate_4,candidate_2,candidate_5,candidate_1,candidate_3,5,0.024
8,candidate_4,candidate_2,candidate_5,candidate_1,candidate_3,5,0.024
9,candidate_4,candidate_2,candidate_5,candidate_1,candidate_3,5,0.024
10,candidate_4,candidate_2,candidate_5,candidate_1,candidate_3,5,0.024
11,candidate_4,candidate_2,candidate_5,candidate_1,candidate_3,5,0.024
12,candidate_4,candidate_2,candidate_5,candidate_1,0,5,0.024
13,candidate_4,candidate_2,candidate_5,candidate_1,candidate_3,5,0.024
14,candidate_4,candidate_2,candidate_5,candidate_1,candidate_3,5,0.024
15,candidate_4,candidate_2,candidate_5,candidate_1,candidate_3,5,0.024
16,candidate_4,candidate_2,candidate_5,candidate_1,candidate_3,5,0.024
17,candidate_4,candidate_2,candidate_5,candidate_1,candidate_3,5,0.024
18,candidate_4,candidate_2,candidate_5,candidate_1,candidate_3,5,0.024
19,candidate_4,candidate_2,candidate_5,candidate_1,candidate_3,5,0.024
20,candidate_4,candidate_2,candidate_5,candidate_1,candidate_3,5,0.024
21,candidate_4,candidate_2,candidate_5,candidate_1,candidate_3,5,0.024
22,candidate_4,candidate_2,candidate_5,candidate_1,candidate_3,5,0.024
23,candidate_4,candidate_2,candidate_5,candidate_1,candidate_3,5,0.024
24,candidate_4,candidate_2,candidate_5,candidate_1,candidate_3,5,0.024
25,candidate_4,candidate_2,candidate_5,candidate_1,candidate_3,5,0.024
26,candidate_4,candidate_2,candidate_5,candidate_1,candidate_3,5,0.024
27,candidate_4,candidate_2,candidate_5,candidate_1,candidate_3,5,0.024
28,candidate_4,candidate_2,candidate_5,candidate_1,candidate_3,5,0.024
29,candidate_4,candidate_2,candidate_5,candidate_1,candidate_3,5,0.024
30,candidate_4,candidate_2,candidate_5,candidate_1,candidate_3,5,0.024
31,candidate_4,candidate_2,candidate_5,candidate_1,candidate_3,5,0.024
32,candidate_4,candidate_2,candidate_5,candidate_1,candidate_3,5,0.024
33,candidate_4,candidate_2,candidate_5,candidate_1,candidate_3,5,0.024
34,candidate_4,candidate_2,candidate_5,candidate_1,candidate_3,5,0.024
35,candidate_4,candidate_2,candidate_5,candidate_1,candidate_3,5,0.024
36,candidate_4,candidate_2,candidate_5,candidate_1,candidate_3,5,0.024
37,candidate_4,candidate_2,candidate_5,candidate_1,candidate_3,5,0.024
38,candidate_4,candidate_2,candidate_5,candidate_1,candidate_3,5,0.024
39,candidate_4,candidate_2,candidate_5,candidate_1,candidate_3,5,0.024
40,candidate_4,candidate_2,candidate_5,candidate_1,candidate_3,5,0.024
41,candidate_4,candidate_2,candidate_5,candidate_1,candidate_3,5,0.024
42,candidate_4,candidate_2,candidate_5,candidate_1,candidate_3,5,0.024
43,candidate_4,candidate_2,candidate_5,candidate_1,candidate_3,5,0.024
44,candidate_4,candidate_2,candidate_5,candidate_1,candidate_3,5,0.024
45,candidate_4,candidate_2,candidate_5,candidate_1,candidate_3,5,0.024
46,candidate_4,candidate_2,candidate_5,candidate_1,candidate_3,5,0.024
47,candidate_4,candidate_2,candidate_5,candidate_1,candidate_3,5,0.024
48,candidate_4,candidate_2,candidate_5,candidate_1,candidate_3,5,0.024
49,candidate_4,candidate_2,candidate_5,candidate_1,candidate_3,5,0.024
50,candidate_4,candidate_2,candidate_5,candidate_1,candidate_3,5,0.024
51,candidate_4,candidate_2,candidate_5,candidate_1,candidate_3,5,0.024
52,candidate_4,candidate_2,candidate_5,candidate_1,candidate_3,5,0.024
53,candidate_4,candidate_2,candidate_5,candidate_1,candidate_3,5,0.024
54,0,candidate_2,candidate_5,candidate_1,candidate_3,5,0.024
55,candidate_4,candidate_2,candidate_5,candidate_1,candidate_3,5,0.024
56,candidate_4,candidate_2,candidate_5,candidate_1,candidate_3,5,0.024
57,candidate_4,candidate_2,candidate_5,candidate_1,candidate_3,5,0.024
58,candidate_4,candidate_2,0,0,candidate_3,5,0.024
59,candidate_4,candidate_2,candidate_5,candidate_1,candidate_3,5,0.024
60,candidate_4,candidate_2,candidate_5,candidate_1,candidate_3,5,0.024
61,candidate_4,candidate_2,candidate_5,candidate_1,candidate_3,5,0.024
62,candidate_4,candidate_2,candidate_5,candidate_1,candidate_3,5,0.024
63,candidate_4,candidate_2,candidate_5,candidate_1,candidate_3,5,0.024
64,candidate_4,candidate_2,candidate_5,candidate_1,candidate_3,5,0.024
65,candidate_4,candidate_2,candidate_5,candidate_1,candidate_3,5,0.024
66,candidate_4,candidate_2,candidate_5,candidate_1,candidate_3,5,0.024
67,candidate_4,candidate_2,candidate_5,candidate_1,candidate_3,5,0.024
68,candidate_4,candidate_2,candidate_5,candidate_1,candidate_3,5,0.024
69,candidate_4,candidate_2,candidate_5,candidate_1,candidate_3,5,0.024
70,candidate_4,candidate_2,candidate_5,candidate_1,candidate_3,5,0.024
71,candidate_4,candidate_2,candidate_5,candidate_1,candidate_3,5,0.024
0,candidate_4,candidate_2,candidate_5,candidate_3,candidate_1,5,0.024
1,candidate_4,candidate_2,candidate_5,candidate_3,candidate_1,5,0.024
2,candidate_4,candidate_2,candidate_5,candidate_3,candidate_1,5,0.024
3,candidate_4,candidate_2,candidate_5,candidate_3,candidate_1,5,0.024
4,candidate_4,candidate_2,candidate_5,candidate_3,candidate_1,5,0.024
5,candidate_4,candidate_2,candidate_5,candidate_3,candidate_1,5,0.024
6,candidate_4,candidate_2,candidate_5,candidate_3,candidate_1,5,0.024
7,candidate_4,candidate_2,candidate_5,candidate_3,candidate_1,5,0.024
8,0,candidate_2,candidate_5,candidate_3,candidate_1,5,0.024
9,candidate_4,0,candidate_5,candidate_3,candidate_1,5,0.024
10,candidate_4,candidate_2,candidate_5,candidate_3,candidate_1,5,0.024
11,candidate_4,candidate_2,candidate_5,candidate_3,candidate_1,5,0.024
12,candidate_4,candidate_2,candidate_5,candidate_3,candidate_1,5,0.024
13,candidate_4,candidate_2,candidate_5,candidate_3,candidate_1,5,0.024
14,candidate_4,candidate_2,candidate_5,candidate_3,candidate_1,5,0.024
15,candidate_4,candidate_2,candidate_5,candidate_3,candidate_1,5,0.024
16,0,candidate_2,candidate_5,candidate_3,candidate_1,5,0.024
17,candidate_4,candidate_2,0,candidate_3,candidate_1,5,0.024
18,candidate_4,candidate_2,candidate_5,candidate_3,candidate_1,5,0.024
19,candidate_4,candidate_2,candidate_5,candidate_3,candidate_1,5,0.024
20,candidate_4,candidate_2,candidate_5,candidate_3,candidate_1,5,0.024
21,candidate_4,candidate_2,0,candidate_3,candidate_1,5,0.024
22,candidate_4,candidate_2,candidate_5,candidate_3,candidate_1,5,0.024
23,candidate_4,candidate_2,candidate_5,candidate_3,candidate_1,5,0.024
24,candidate_4,candidate_2,candidate_5,candidate_3,candidate_1,5,0.024
25,candidate_4,candidate_2,candidate_5,candidate_3,candidate_1,5,0.024
26,candidate_4,candidate_2,candidate_5,candidate_3,candidate_1,5,0.024
27,candidate_4,candidate_2,candidate_5,candidate_3,candidate_1,5,0.024
28,candidate_4,candidate_2,candidate_5,0,candidate_1,5,0.024
29,candidate_4,candidate_2,candidate_5,candidate_3,candidate_1,5,0.024
30,candidate_4,candidate_2,candidate_5,candidate_3,candidate_1,5,0.024
31,candidate_4,candidate_2,candidate_5,candidate_3,candidate_1,5,0.024
32,candidate_4,candidate_2,candidate_5,candidate_3,candidate_1,5,0.024
33,candidate_4,candidate_2,candidate_5,candidate_3,candidate_1,5,0.024
34,candidate_4,candidate_2,candidate_5,candidate_3,candidate_1,5,0.024
35,candidate_4,candidate_2,candidate_5,candidate_3,candidate_1,5,0.024
36,candidate_4,candidate_2,candidate_5,candidate_3,candidate_1,5,0.024
37,candidate_4,candidate_2,candidate_5,candidate_3,candidate_1,5,0.024
38,candidate_4,candidate_2,candidate_5,candidate_3,candidate_1,5,0.024
39,candidate_4,candidate_2,candidate_5,candidate_3,candidate_1,5,0.024
40,candidate_4,candidate_2,candidate_5,candidate_3,candidate_1,5,0.024
41,candidate_4,candidate_2,candidate_5,candidate_3,candidate_1,5,0.024
42,candidate_4,candidate_2,candidate_5,candidate_3,candidate_1,5,0.024
43,0,candidate_2,candidate_5,candidate_3,candidate_1,5,0.024
44,candidate_4,candidate_2,candidate_5,candidate_3,candidate_1,5,0.024
45,candidate_4,candidate_2,candidate_5,candidate_3,candidate_1,5,0.024
46,candidate_4,candidate_2,candidate_5,candidate_3,candidate_1,5,0.024
47,candidate_4,candidate_2,candidate_5,candidate_3,candidate_1,5,0.024
48,candidate_4,candidate_2,candidate_5,candidate_3,0,5,0.024
49,candidate_4,candidate_2,candidate_5,candidate_3,candidate_1,5,0.024
50,candidate_4,candidate_2,candidate_5,candidate_3,0,5,0.024
51,candidate_4,candidate_2,candidate_5,candidate_3,candidate_1,5,0.024
52,candidate_4,candidate_2,candidate_5,candidate_3,candidate_1,5,0.024
53,candidate_4,candidate_2,0,candidate_3,candidate_1,5,0.024
54,candidate_4,candidate_2,candidate_5,candidate_3,candidate_1,5,0.024
55,candidate_4,candidate_2,candidate_5,candidate_3,candidate_1,5,0.024
56,candidate_4,candidate_2,candidate_5,candidate_3,candidate_1,5,0.024
57,candidate_4,candidate_2,candidate_5,candidate_3,candidate_1,5,0.024
58,candidate_4,candidate_2,candidate_5,candidate_3,candidate_1,5,0.024
59,candidate_4,candidate_2,candidate_5,candidate_3,candidate_1,5,0.024
60,candidate_4,candidate_2,candidate_5,candidate_3,candidate_1,5,0.024
61,candidate_4,candidate_2,candidate_5,candidate_3,candidate_1,5,0.024
62,candidate_4,candidate_2,candidate_5,candidate_3,candidate_1,5,0.024
63,candidate_4,candidate_2,candidate_5,candidate_3,candidate_1,5,0.024
64,candidate_4,candidate_2,candidate_5,candidate_3,candidate_1,5,0.024
65,candidate_4,candidate_2,candidate_5,candidate_3,candidate_1,5,0.024
66,candidate_4,candidate_2,candidate_5,candidate_3,candidate_1,5,0.024
67,candidate_4,candidate_2,candidate_5,candidate_3,candidate_1,5,0.024
68,candidate_4,candidate_2,candidate_5,candidate_3,candidate_1,5,0.024
69,candidate_4,candidate_2,candidate_5,candidate_3,candidate_1,5,0.024
70,candidate_4,candidate_2,candidate_5,candidate_3,candidate_1,5,0.024
71,candidate_4,candidate_2,candidate_5,candidate_3,candidate_1,5,0.024
72,candidate_4,candidate_2,candidate_5,candidate_3,candidate_1,5,0.024
73,candidate_4,candidate_2,candidate_5,candidate_3,candidate_1,5,0.024
74,candidate_4,candidate_2,candidate_5,candidate_3,candidate_1,5,0.024
75,candidate_4,candidate_2,candidate_5,candidate_3,candidate_1,5,0.024
76,candidate_4,candidate_2,candidate_5,candidate_3,candidate_1,5,0.024
77,0,0,candidate_5,candidate_3,candidate_1,5,0.024
78,candidate_4,candidate_2,candidate_5,candidate_3,candidate_1,5,0.024
79,candidate_4,candidate_2,candidate_5,0,candidate_1,5,0.024
80,candidate_4,candidate_2,candidate_5,candidate_3,candidate_1,5,0.024
81,candidate_4,candidate_2,candidate_5,candidate_3,candidate_1,5,0.024
82,candidate_4,candidate_2,candidate_5,candidate_3,candidate_1,5,0.024
83,candidate_4,candidate_2,candidate_5,candidate_3,candidate_1,5,0.024
84,candidate_4,candidate_2,candidate_5,candidate_3,candidate_1,5,0.024
85,candidate_4,candidate_2,candidate_5,candidate_3,candidate_1,5,0.024
86,candidate_4,candidate_2,candidate_5,candidate_3,candidate_1,5,0.024
87,candidate_4,candidate_2,candidate_5,candidate_3,candidate_1,5,0.024
88,candidate_4,candidate_2,candidate_5,candidate_3,candidate_1,5,0.024
89,candidate_4,candidate_2,candidate_5,candidate_3,candidate_1,5,0.024
90,candidate_4,candidate_2,candidate_5,candidate_3,candidate_1,5,0.024
91,candidate_4,candidate_2,candidate_5,candidate_3,candidate_1,5,0.024
92,candidate_4,candidate_2,candidate_5,candidate_3,candidate_1,5,0.024
93,candidate_4,0,candidate_5,candidate_3,candidate_1,5,0.024
94,candidate_4,candidate_2,candidate_5,candidate_3,candidate_1,5,0.024
95,candidate_4,candidate_2,candidate_5,candidate_3,candidate_1,5,0.024
96,candidate_4,candidate_2,candidate_5,candidate_3,candidate_1,5,0.024
97,candidate_4,candidate_2,candidate_5,candidate_3,candidate_1,5,0.024
98,candidate_4,candidate_2,candidate_5,candidate_3,candidate_1,5,0.024
99,candidate_4,candidate_2,candidate_5,candidate_3,candidate_1,5,0.024
100,candidate_4,candidate_2,candidate_5,candidate_3,candidate_1,5,0.024
0,candidate_4,candidate_3,candidate_1,candidate_2,candidate_5,5,0.024
1,candidate_4,candidate_3,candidate_1,candidate_2,candidate_5,5,0.024
2,candidate_4,candidate_3,candidate_1,candidate_2,candidate_5,5,0.024
3,candidate_4,candidate_3,candidate_1,candidate_2,candidate_5,5,0.024
4,candidate_4,candidate_3,candidate_1,candidate_2,candidate_5,5,0.024
5,candidate_4,candidate_3,candidate_1,candidate_2,candidate_5,5,0.024
6,candidate_4,candidate_3,candidate_1,candidate_2,candidate_5,5,0.024
7,candidate_4,candidate_3,candidate_1,candidate_2,candidate_5,5,0.024
8,candidate_4,candidate_3,candidate_1,candidate_2,candidate_5,5,0.024
9,candidate_4,candidate_3,candidate_1,candidate_2,candidate_5,5,0.024
10,candidate_4,candidate_3,candidate_1,candidate_2,candidate_5,5,0.024
11,candidate_4,candidate_3,candidate_1,candidate_2,candidate_5,5,0.024
12,candidate_4,candidate_3,candidate_1,candidate_2,candidate_5,5,0.024
13,candidate_4,candidate_3,candidate_1,candidate_2,candidate_5,5,0.024
14,candidate_4,candidate_3,candidate_1,candidate_2,candidate_5,5,0.024
15,candidate_4,candidate_3,0,candidate_2,candidate_5,5,0.024
16,candidate_4,candidate_3,candidate_1,candidate_2,candidate_5,5,0.024
17,candidate_4,candidate_3,candidate_1,candidate_2,candidate_5,5,0.024
18,candidate_4,candidate_3,candidate_1,candidate_2,candidate_5,5,0.024
19,candidate_4,candidate_3,candidate_1,candidate_2,candidate_5,5,0.024
20,candidate_4,candidate_3,candidate_1,candidate_2,candidate_5,5,0.024
21,candidate_4,candidate_3,candidate_1,candidate_2,candidate_5,5,0.024
22,candidate_4,candidate_3,candidate_1,candidate_2,candidate_5,5,0.024
23,candidate_4,candidate_3,candidate_1,candidate_2,candidate_5,5,0.024
24,candidate_4,candidate_3,candidate_1,candidate_2,candidate_5,5,0.024
25,candidate_4,candidate_3,candidate_1,candidate_2,candidate_5,5,0.024
26,candidate_4,candidate_3,candidate_1,candidate_2,candidate_5,5,0.024
27,candidate_4,candidate_3,candidate_1,candidate_2,candidate_5,5,0.024
28,candidate_4,candidate_3,candidate_1,candidate_2,candidate_5,5,0.024
29,candidate_4,0,candidate_1,candidate_2,candidate_5,5,0.024
30,candidate_4,0,candidate_1,candidate_2,candidate_5,5,0.024
31,candidate_4,candidate_3,candidate_1,candidate_2,candidate_5,5,0.024
32,candidate_4,candidate_3,candidate_1,candidate_2,candidate_5,5,0.024
33,candidate_4,candidate_3,candidate_1,candidate_2,candidate_5,5,0.024
34,candidate_4,candidate_3,candidate_1,candidate_2,candidate_5,5,0.024
35,candidate_4,candidate_3,candidate_1,candidate_2,candidate_5,5,0.024
36,candidate_4,candidate_3,candidate_1,candidate_2,candidate_5,5,0.024
37,candidate_4,candidate_3,candidate_1,candidate_2,candidate_5,5,0.024
38,candidate_4,candidate_3,candidate_1,candidate_2,candidate_5,5,0.024
39,candidate_4,candidate_3,candidate_1,candidate_2,candidate_5,5,0.024
40,candidate_4,candidate_3,candidate_1,candidate_2,candidate_5,5,0.024
41,candidate_4,candidate_3,candidate_1,candidate_2,candidate_5,5,0.024
42,candidate_4,candidate_3,candidate_1,candidate_2,candidate_5,5,0.024
43,candidate_4,candidate_3,candidate_1,candidate_2,candidate_5,5,0.024
44,candidate_4,candidate_3,candidate_1,candidate_2,candidate_5,5,0.024
45,candidate_4,candidate_3,candidate_1,candidate_2,candidate_5,5,0.024
46,candidate_4,candidate_3,candidate_1,candidate_2,candidate_5,5,0.024
47,candidate_4,candidate_3,candidate_1,candidate_2,candidate_5,5,0.024
48,candidate_4,candidate_3,candidate_1,candidate_2,candidate_5,5,0.024
49,candidate_4,candidate_3,candidate_1,candidate_2,candidate_5,5,0.024
50,candidate_4,candidate_3,candidate_1,candidate_2,candidate_5,5,0.024
51,candidate_4,candidate_3,candidate_1,candidate_2,candidate_5,5,0.024
52,candidate_4,candidate_3,candidate_1,candidate_2,candidate_5,5,0.024
53,candidate_4,candidate_3,candidate_1,candidate_2,candidate_5,5,0.024
54,candidate_4,candidate_3,candidate_1,candidate_2,candidate_5,5,0.024
55,candidate_4,candidate_3,candidate_1,candidate_2,candidate_5,5,0.024
56,candidate_4,candidate_3,candidate_1,candidate_2,candidate_5,5,0.024
57,candidate_4,candidate_3,candidate_1,candidate_2,candidate_5,5,0.024
58,candidate_4,candidate_3,candidate_1,candidate_2,candidate_5,5,0.024
59,0,candidate_3,candidate_1,candidate_2,candidate_5,5,0.024
60,candidate_4,candidate_3,candidate_1,candidate_2,candidate_5,5,0.024
61,candidate_4,candidate_3,candidate_1,candidate_2,candidate_5,5,0.024
62,candidate_4,candidate_3,candidate_1,candidate_2,candidate_5,5,0.024
63,candidate_4,candidate_3,candidate_1,candidate_2,candidate_5,5,0.024
64,candidate_4,candidate_3,candidate_1,candidate_2,candidate_5,5,0.024
65,candidate_4,candidate_3,candidate_1,candidate_2,candidate_5,5,0.024
66,candidate_4,candidate_3,candidate_1,candidate_2,candidate_5,5,0.024
67,candidate_4,candidate_3,candidate_1,candidate_2,candidate_5,5,0.024
68,candidate_4,candidate_3,candidate_1,candidate_2,candidate_5,5,0.024
69,candidate_4,candidate_3,candidate_1,candidate_2,candidate_5,5,0.024
70,candidate_4,candidate_3,candidate_1,candidate_2,candidate_5,5,0.024
71,candidate_4,candidate_3,candidate_1,candidate_2,candidate_5,5,0.024
72,candidate_4,candidate_3,candidate_1,candidate_2,candidate_5,5,0.024
73,candidate_4,candidate_3,candidate_1,candidate_2,candidate_5,5,0.024
74,candidate_4,candidate_3,candidate_1,candidate_2,candidate_5,5,0.024
75,candidate_4,candidate_3,candidate_1,candidate_2,candidate_5,5,0.024
76,candidate_4,candidate_3,candidate_1,candidate_2,candidate_5,5,0.024
77,candidate_4,0,candidate_1,candidate_2,candidate_5,5,0.024
78,candidate_4,candidate_3,candidate_1,0,candidate_5,5,0.024
79,candidate_4,candidate_3,candidate_1,candidate_2,candidate_5,5,0.024
80,candidate_4,candidate_3,candidate_1,candidate_2,candidate_5,5,0.024
81,candidate_4,candidate_3,candidate_1,candidate_2,candidate_5,5,0.024
82,candidate_4,candidate_3,candidate_1,candidate_2,candidate_5,5,0.024
83,candidate_4,candidate_3,candidate_1,candidate_2,candidate_5,5,0.024
84,candidate_4,candidate_3,candidate_1,0,candidate_5,5,0.024
85,candidate_4,candidate_3,candidate_1,candidate_2,candidate_5,5,0.024
86,candidate_4,candidate_3,candidate_1,candidate_2,candidate_5,5,0.024
87,candidate_4,candidate_3,candidate_1,candidate_2,candidate_5,5,0.024
88,candidate_4,candidate_3,candidate_1,candidate_2,candidate_5,5,0.024
89,candidate_4,candidate_3,candidate_1,candidate_2,candidate_5,5,0.024
90,candidate_4,candidate_3,candidate_1,candidate_2,candidate_5,5,0.024
91,candidate_4,candidate_3,0,candidate_2,candidate_5,5,0.024
92,candidate_4,candidate_3,candidate_1,candidate_2,candidate_5,5,0.024
93,candidate_4,candidate_3,candidate_1,candidate_2,candidate_5,5,0.024
94,candidate_4,candidate_3,candidate_1,candidate_2,candidate_5,5,0.024
95,candidate_4,0,candidate_1,candidate_2,candidate_5,5,0.024
96,candidate_4,candidate_3,candidate_1,candidate_2,candidate_5,5,0.024
97,candidate_4,candidate_3,candidate_1,candidate_2,candidate_5,5,0.024
98,candidate_4,0,candidate_1,candidate_2,candidate_5,5,0.024
99,candidate_4,0,candidate_1,candidate_2,candidate_5,5,0.024
100,candidate_4,candidate_3,candidate_1,candidate_2,candidate_5,5,0.024
101,candidate_4,candidate_3,candidate_1,candidate_2,candidate_5,5,0.024
102,candidate_4,candidate_3,candidate_1,candidate_2,candidate_5,5,0.024
103,candidate_4,candidate_3,candidate_1,candidate_2,candidate_5,5,0.024
104,candidate_4,candidate_3,candidate_1,candidate_2,candidate_5,5,0.024
105,candidate_4,candidate_3,candidate_1,candidate_2,candidate_5,5,0.024
106,candidate_4,candidate_3,candidate_1,candidate_2,candidate_5,5,0.024
107,candidate_4,candidate_3,candidate_1,candidate_2,candidate_5,5,0.024
108,candidate_4,candidate_3,candidate_1,candidate_2,candidate_5,5,0.024
109,candidate_4,candidate_3,candidate_1,candidate_2,candidate_5,5,0.024
110,candidate_4,candidate_3,candidate_1,candidate_2,candidate_5,5,0.024
111,candidate_4,candidate_3,candidate_1,candidate_2,candidate_5,5,0.024
112,candidate_4,candidate_3,candidate_1,candidate_2,candidate_5,5,0.024
113,candidate_4,candidate_3,candidate_1,candidate_2,candidate_5,5,0.024
114,candidate_4,0,candidate_1,candidate_2,candidate_5,5,0.024
115,candidate_4,candidate_3,candidate_1,candidate_2,candidate_5,5,0.024
116,candidate_4,0,candidate_1,candidate_2,candidate_5,5,0.024
117,candidate_4,candidate_3,candidate_1,candidate_2,candidate_5,5,0.024
118,candidate_4,candidate_3,candidate_1,candidate_2,candidate_5,5,0.024
119,candidate_4,candidate_3,candidate_1,candidate_2,candidate_5,5,0.024
120,candidate_4,candidate_3,candidate_1,candidate_2,candidate_5,5,0.024
121,candidate_4,candidate_3,candidate_1,candidate_2,candidate_5,5,0.024
122,candidate_4,candidate_3,candidate_1,candidate_2,candidate_5,5,0.024
123,candidate_4,candidate_3,candidate_1,candidate_2,candidate_5,5,0.024
124,candidate_4,candidate_3,candidate_1,candidate_2,candidate_5,5,0.024
125,candidate_4,candidate_3,candidate_1,candidate_2,candidate_5,5,0.024
126,candidate_4,candidate_3,candidate_1,candidate_2,candidate_5,5,0.024
127,candidate_4,candidate_3,candidate_1,candidate_2,candidate_5,5,0.024
0,candidate_4,candidate_3,candidate_1,0,candidate_2,5,0.024
1,candidate_4,candidate_3,candidate_1,candidate_5,candidate_2,5,0.024
2,candidate_4,candidate_3,candidate_1,candidate_5,candidate_2,5,0.024
3,0,candidate_3,candidate_1,candidate_5,candidate_2,5,0.024
4,candidate_4,candidate_3,candidate_1,candidate_5,candidate_2,5,0.024
5,candidate_4,candidate_3,candidate_1,candidate_5,candidate_2,5,0.024
6,candidate_4,0,candidate_1,candidate_5,candidate_2,5,0.024
7,candidate_4,candidate_3,candidate_1,candidate_5,candidate_2,5,0.024
8,candidate_4,candidate_3,candidate_1,candidate_5,candidate_2,5,0.024
9,candidate_4,candidate_3,candidate_1,candidate_5,candidate_2,5,0.024
10,candidate_4,candidate_3,candidate_1,candidate_5,candidate_2,5,0.024
11,candidate_4,candidate_3,candidate_1,candidate_5,candidate_2,5,0.024
12,candidate_4,candidate_3,candidate_1,candidate_5,candidate_2,5,0.024
13,candidate_4,candidate_3,candidate_1,candidate_5,candidate_2,5,0.024
14,candidate_4,0,candidate_1,candidate_5,candidate_2,5,0.024
15,candidate_4,candidate_3,candidate_1,candidate_5,candidate_2,5,0.024
16,candidate_4,candidate_3,candidate_1,candidate_5,candidate_2,5,0.024
17,candidate_4,candidate_3,candidate_1,candidate_5,candidate_2,5,0.024
18,candidate_4,candidate_3,candidate_1,candidate_5,candidate_2,5,0.024
19,candidate_4,candidate_3,candidate_1,candidate_5,candidate_2,5,0.024
20,candidate_4,candidate_3,candidate_1,candidate_5,candidate_2,5,0.024
21,candidate_4,candidate_3,candidate_1,candidate_5,candidate_2,5,0.024
22,candidate_4,candidate_3,candidate_1,candidate_5,candidate_2,5,0.024
23,candidate_4,candidate_3,candidate_1,candidate_5,0,5,0.024
24,candidate_4,candidate_3,candidate_1,candidate_5,candidate_2,5,0.024
25,candidate_4,candidate_3,candidate_1,candidate_5,candidate_2,5,0.024
26,candidate_4,candidate_3,candidate_1,candidate_5,candidate_2,5,0.024
27,candidate_4,candidate_3,candidate_1,candidate_5,candidate_2,5,0.024
28,candidate_4,candidate_3,candidate_1,candidate_5,candidate_2,5,0.024
29,candidate_4,candidate_3,candidate_1,candidate_5,candidate_2,5,0.024
30,candidate_4,candidate_3,candidate_1,candidate_5,candidate_2,5,0.024
31,candidate_4,candidate_3,candidate_1,candidate_5,candidate_2,5,0.024
32,candidate_4,candidate_3,candidate_1,candidate_5,candidate_2,5,0.024
33,candidate_4,candidate_3,candidate_1,candidate_5,candidate_2,5,0.024
34,candidate_4,candidate_3,candidate_1,candidate_5,candidate_2,5,0.024
35,candidate_4,candidate_3,candidate_1,candidate_5,candidate_2,5,0.024
36,candidate_4,candidate_3,candidate_1,candidate_5,candidate_2,5,0.024
37,candidate_4,candidate_3,candidate_1,candidate_5,candidate_2,5,0.024
38,candidate_4,candidate_3,candidate_1,candidate_5,candidate_2,5,0.024
39,candidate_4,candidate_3,candidate_1,candidate_5,candidate_2,5,0.024
40,candidate_4,candidate_3,0,candidate_5,candidate_2,5,0.024
41,candidate_4,candidate_3,candidate_1,candidate_5,candidate_2,5,0.024
42,candidate_4,candidate_3,candidate_1,candidate_5,candidate_2,5,0.024
43,candidate_4,candidate_3,candidate_1,candidate_5,candidate_2,5,0.024
44,candidate_4,candidate_3,candidate_1,candidate_5,candidate_2,5,0.024
45,candidate_4,candidate_3,candidate_1,candidate_5,candidate_2,5,0.024
46,candidate_4,candidate_3,candidate_1,candidate_5,candidate_2,5,0.024
47,candidate_4,candidate_3,candidate_1,candidate_5,candidate_2,5,0.024
48,candidate_4,candidate_3,candidate_1,candidate_5,candidate_2,5,0.024
49,candidate_4,candidate_3,candidate_1,candidate_5,candidate_2,5,0.024
50,candidate_4,candidate_3,candidate_1,candidate_5,candidate_2,5,0.024
51,candidate_4,candidate_3,candidate_1,candidate_5,candidate_2,5,0.024
52,candidate_4,candidate_3,candidate_1,candidate_5,candidate_2,5,0.024
53,candidate_4,candidate_3,candidate_1,candidate_5,candidate_2,5,0.024
54,candidate_4,candidate_3,candidate_1,candidate_5,candidate_2,5,0.024
55,candidate_4,candidate_3,candidate_1,candidate_5,candidate_2,5,0.024
56,candidate_4,candidate_3,candidate_1,candidate_5,candidate_2,5,0.024
57,candidate_4,candidate_3,candidate_1,candidate_5,candidate_2,5,0.024
58,candidate_4,candidate_3,candidate_1,candidate_5,candidate_2,5,0.024
59,candidate_4,candidate_3,candidate_1,candidate_5,candidate_2,5,0.024
60,candidate_4,candidate_3,candidate_1,candidate_5,candidate_2,5,0.024
61,0,candidate_3,candidate_1,candidate_5,candidate_2,5,0.024
62,candidate_4,candidate_3,candidate_1,candidate_5,candidate_2,5,0.024
63,candidate_4,candidate_3,candidate_1,candidate_5,candidate_2,5,0.024
64,candidate_4,candidate_3,candidate_1,candidate_5,candidate_2,5,0.024
65,candidate_4,candidate_3,candidate_1,candidate_5,candidate_2,5,0.024
66,candidate_4,candidate_3,candidate_1,candidate_5,candidate_2,5,0.024
67,candidate_4,candidate_3,candidate_1,candidate_5,candidate_2,5,0.024
68,candidate_4,candidate_3,candidate_1,candidate_5,candidate_2,5,0.024
69,candidate_4,candidate_3,candidate_1,candidate_5,candidate_2,5,0.024
70,candidate_4,candidate_3,candidate_1,candidate_5,candidate_2,5,0.024
71,candidate_4,candidate_3,candidate_1,candidate_5,candidate_2,5,0.024
72,candidate_4,candidate_3,candidate_1,candidate_5,candidate_2,5,0.024
73,candidate_4,candidate_3,candidate_1,candidate_5,candidate_2,5,0.024
74,candidate_4,candidate_3,candidate_1,candidate_5,candidate_2,5,0.024
75,candidate_4,candidate_3,candidate_1,candidate_5,candidate_2,5,0.024
76,candidate_4,candidate_3,candidate_1,candidate_5,candidate_2,5,0.024
77,candidate_4,candidate_3,candidate_1,candidate_5,candidate_2,5,0.024
78,candidate_4,candidate_3,candidate_1,candidate_5,candidate_2,5,0.024
79,candidate_4,candidate_3,candidate_1,candidate_5,candidate_2,5,0.024
80,candidate_4,candidate_3,candidate_1,candidate_5,candidate_2,5,0.024
81,candidate_4,candidate_3,candidate_1,0,candidate_2,5,0.024
82,candidate_4,candidate_3,candidate_1,candidate_5,candidate_2,5,0.024
83,candidate_4,candidate_3,candidate_1,candidate_5,candidate_2,5,0.024
84,candidate_4,candidate_3,candidate_1,candidate_5,candidate_2,5,0.024
85,candidate_4,candidate_3,candidate_1,candidate_5,candidate_2,5,0.024
86,candidate_4,candidate_3,candidate_1,candidate_5,candidate_2,5,0.024
87,candidate_4,candidate_3,candidate_1,candidate_5,candidate_2,5,0.024
88,candidate_4,candidate_3,candidate_1,candidate_5,candidate_2,5,0.024
89,candidate_4,candidate_3,candidate_1,candidate_5,candidate_2,5,0.024
90,candidate_4,candidate_3,candidate_1,candidate_5,candidate_2,5,0.024
91,candidate_4,candidate_3,candidate_1,candidate_5,candidate_2,5,0.024
92,candidate_4,candidate_3,candidate_1,candidate_5,candidate_2,5,0.024
93,candidate_4,candidate_3,candidate_1,candidate_5,candidate_2,5,0.024
94,candidate_4,candidate_3,candidate_1,candidate_5,candidate_2,5,0.024
95,candidate_4,candidate_3,candidate_1,candidate_5,candidate_2,5,0.024
96,candidate_4,candidate_3,candidate_1,candidate_5,candidate_2,5,0.024
97,candidate_4,candidate_3,candidate_1,candidate_5,candidate_2,5,0.024
98,candidate_4,candidate_3,candidate_1,candidate_5,candidate_2,5,0.024
99,candidate_4,candidate_3,candidate_1,candidate_5,0,5,0.024
100,candidate_4,candidate_3,candidate_1,candidate_5,candidate_2,5,0.024
101,candidate_4,candidate_3,candidate_1,candidate_5,candidate_2,5,0.024
102,candidate_4,candidate_3,candidate_1,candidate_5,candidate_2,5,0.024
103,candidate_4,candidate_3,candidate_1,candidate_5,candidate_2,5,0.024
104,candidate_4,candidate_3,candidate_1,candidate_5,candidate_2,5,0.024
105,candidate_4,candidate_3,candidate_1,candidate_5,candidate_2,5,0.024
106,candidate_4,candidate_3,candidate_1,candidate_5,candidate_2,5,0.024
107,candidate_4,candidate_3,candidate_1,candidate_5,candidate_2,5,0.024
108,candidate_4,candidate_3,candidate_1,candidate_5,candidate_2,5,0.024
109,candidate_4,candidate_3,candidate_1,candidate_5,candidate_2,5,0.024
110,candidate_4,candidate_3,candidate_1,candidate_5,candidate_2,5,0.024
111,candidate_4,candidate_3,candidate_1,candidate_5,candidate_2,5,0.024
112,candidate_4,candidate_3,candidate_1,candidate_5,candidate_2,5,0.024
113,candidate_4,candidate_3,candidate_1,candidate_5,candidate_2,5,0.024
114,candidate_4,candidate_3,candidate_1,candidate_5,candidate_2,5,0.024
115,candidate_4,candidate_3,candidate_1,candidate_5,candidate_2,5,0.024
116,candidate_4,candidate_3,candidate_1,candidate_5,candidate_2,5,0.024
117,candidate_4,candidate_3,candidate_1,candidate_5,candidate_2,5,0.024
118,candidate_4,candidate_3,0,candidate_5,candidate_2,5,0.024
119,candidate_4,candidate_3,candidate_1,candidate_5,candidate_2,5,0.024
120,candidate_4,candidate_3,candidate_1,candidate_5,candidate_2,5,0.024
121,candidate_4,candidate_3,candidate_1,candidate_5,candidate_2,5,0.024
122,candidate_4,candidate_3,candidate_1,candidate_5,candidate_2,5,0.024
123,candidate_4,0,candidate_1,candidate_5,candidate_2,5,0.024
124,candidate_4,candidate_3,candidate_1,candidate_5,candidate_2,5,0.024
125,candidate_4,candidate_3,candidate_1,candidate_5,candidate_2,5,0.024
126,candidate_4,candidate_3,candidate_1,candidate_5,candidate_2,5,0.024
127,candidate_4,candidate_3,candidate_1,candidate_5,candidate_2,5,0.024
128,candidate_4,candidate_3,candidate_1,candidate_5,candidate_2,5,0.024
129,candidate_4,candidate_3,candidate_1,candidate_5,candidate_2,5,0.024
130,candidate_4,candidate_3,candidate_1,candidate_5,candidate_2,5,0.024
131,candidate_4,candidate_3,candidate_1,candidate_5,candidate_2,5,0.024
132,candidate_4,candidate_3,candidate_1,candidate_5,candidate_2,5,0.024
133,candidate_4,candidate_3,candidate_1,candidate_5,candidate_2,5,0.024
0,candidate_4,candidate_3,0,candidate_1,candidate_5,5,0.024
1,candidate_4,candidate_3,candidate_2,candidate_1,candidate_5,5,0.024
2,candidate_4,candidate_3,candidate_2,candidate_1,candidate_5,5,0.024
3,candidate_4,candidate_3,candidate_2,candidate_1,candidate_5,5,0.024
4,candidate_4,candidate_3,candidate_2,candidate_1,candidate_5,5,0.024
5,candidate_4,candidate_3,candidate_2,candidate_1,candidate_5,5,0.024
6,candidate_4,candidate_3,candidate_2,candidate_1,candidate_5,5,0.024
7,candidate_4,candidate_3,candidate_2,candidate_1,candidate_5,5,0.024
8,candidate_4,candidate_3,candidate_2,candidate_1,candidate_5,5,0.024
9,candidate_4,candidate_3,candidate_2,candidate_1,candidate_5,5,0.024
10,candidate_4,candidate_3,candidate_2,candidate_1,candidate_5,5,0.024
11,candidate_4,candidate_3,candidate_2,candidate_1,candidate_5,5,0.024
12,candidate_4,candidate_3,candidate_2,candidate_1,candidate_5,5,0.024
13,candidate_4,candidate_3,candidate_2,candidate_1,candidate_5,5,0.024
14,candidate_4,candidate_3,candidate_2,candidate_1,candidate_5,5,0.024
15,candidate_4,candidate_3,candidate_2,candidate_1,candidate_5,5,0.024
16,candidate_4,candidate_3,candidate_2,candidate_1,0,5,0.024
17,candidate_4,candidate_3,candidate_2,candidate_1,candidate_5,5,0.024
18,candidate_4,candidate_3,candidate_2,candidate_1,candidate_5,5,0.024
19,candidate_4,candidate_3,candidate_2,candidate_1,candidate_5,5,0.024
20,candidate_4,candidate_3,candidate_2,candidate_1,candidate_5,5,0.024
21,candidate_4,candidate_3,candidate_2,candidate_1,candidate_5,5,0.024
22,candidate_4,candidate_3,candidate_2,candidate_1,candidate_5,5,0.024
23,candidate_4,candidate_3,candidate_2,0,candidate_5,5,0.024
24,candidate_4,candidate_3,candidate_2,candidate_1,candidate_5,5,0.024
25,candidate_4,candidate_3,candidate_2,candidate_1,candidate_5,5,0.024
26,0,candidate_3,candidate_2,0,candidate_5,5,0.024
27,candidate_4,candidate_3,candidate_2,candidate_1,candidate_5,5,0.024
28,candidate_4,candidate_3,candidate_2,candidate_1,candidate_5,5,0.024
29,candidate_4,candidate_3,candidate_2,candidate_1,candidate_5,5,0.024
30,candidate_4,candidate_3,candidate_2,candidate_1,candidate_5,5,0.024
31,candidate_4,candidate_3,candidate_2,candidate_1,candidate_5,5,0.024
32,candidate_4,candidate_3,candidate_2,candidate_1,candidate_5,5,0.024
33,candidate_4,candidate_3,candidate_2,candidate_1,candidate_5,5,0.024
34,candidate_4,candidate_3,candidate_2,candidate_1,candidate_5,5,0.024
35,candidate_4,candidate_3,candidate_2,candidate_1,candidate_5,5,0.024
36,candidate_4,candidate_3,candidate_2,candidate_1,candidate_5,5,0.024
37,candidate_4,candidate_3,candidate_2,candidate_1,candidate_5,5,0.024
38,candidate_4,candidate_3,candidate_2,candidate_1,candidate_5,5,0.024
39,candidate_4,candidate_3,candidate_2,candidate_1,candidate_5,5,0.024
40,candidate_4,candidate_3,candidate_2,candidate_1,candidate_5,5,0.024
41,candidate_4,candidate_3,candidate_2,candidate_1,candidate_5,5,0.024
42,candidate_4,candidate_3,candidate_2,candidate_1,candidate_5,5,0.024
43,candidate_4,candidate_3,candidate_2,candidate_1,candidate_5,5,0.024
44,candidate_4,candidate_3,candidate_2,candidate_1,candidate_5,5,0.024
45,candidate_4,candidate_3,candidate_2,candidate_1,candidate_5,5,0.024
46,candidate_4,candidate_3,candidate_2,candidate_1,candidate_5,5,0.024
47,candidate_4,candidate_3,candidate_2,candidate_1,candidate_5,5,0.024
48,candidate_4,candidate_3,candidate_2,candidate_1,candidate_5,5,0.024
49,0,candidate_3,candidate_2,candidate_1,candidate_5,5,0.024
50,candidate_4,candidate_3,candidate_2,candidate_1,candidate_5,5,0.024
51,candidate_4,candidate_3,candidate_2,candidate_1,candidate_5,5,0.024
52,candidate_4,candidate_3,candidate_2,candidate_1,candidate_5,5,0.024
53,candidate_4,candidate_3,candidate_2,candidate_1,candidate_5,5,0.024
54,candidate_4,candidate_3,candidate_2,candidate_1,candidate_5,5,0.024
55,candidate_4,candidate_3,candidate_2,candidate_1,candidate_5,5,0.024
56,candidate_4,candidate_3,candidate_2,candidate_1,candidate_5,5,0.024
57,candidate_4,candidate_3,candidate_2,candidate_1,candidate_5,5,0.024
58,candidate_4,candidate_3,candidate_2,candidate_1,candidate_5,5,0.024
59,candidate_4,candidate_3,candidate_2,candidate_1,candidate_5,5,0.024
60,candidate_4,candidate_3,candidate_2,candidate_1,candidate_5,5,0.024
61,candidate_4,candidate_3,candidate_2,candidate_1,candidate_5,5,0.024
62,candidate_4,candidate_3,candidate_2,candidate_1,candidate_5,5,0.024
63,candidate_4,candidate_3,candidate_2,candidate_1,candidate_5,5,0.024
64,candidate_4,candidate_3,candidate_2,candidate_1,candidate_5,5,0.024
65,candidate_4,candidate_3,candidate_2,candidate_1,candidate_5,5,0.024
66,candidate_4,candidate_3,candidate_2,candidate_1,candidate_5,5,0.024
67,candidate_4,candidate_3,candidate_2,candidate_1,candidate_5,5,0.024
68,candidate_4,candidate_3,candidate_2,candidate_1,candidate_5,5,0.024
69,candidate_4,candidate_3,candidate_2,candidate_1,candidate_5,5,0.024
70,candidate_4,candidate_3,candidate_2,candidate_1,candidate_5,5,0.024
71,candidate_4,candidate_3,0,candidate_1,candidate_5,5,0.024
72,candidate_4,candidate_3,candidate_2,candidate_1,candidate_5,5,0.024
73,candidate_4,candidate_3,candidate_2,candidate_1,candidate_5,5,0.024
74,candidate_4,candidate_3,candidate_2,candidate_1,candidate_5,5,0.024
75,candidate_4,candidate_3,candidate_2,candidate_1,candidate_5,5,0.024
76,candidate_4,candidate_3,candidate_2,candidate_1,candidate_5,5,0.024
77,candidate_4,candidate_3,candidate_2,candidate_1,candidate_5,5,0.024
78,candidate_4,candidate_3,candidate_2,candidate_1,candidate_5,5,0.024
79,candidate_4,candidate_3,candidate_2,candidate_1,candidate_5,5,0.024
80,candidate_4,candidate_3,candidate_2,candidate_1,candidate_5,5,0.024
81,candidate_4,candidate_3,candidate_2,candidate_1,candidate_5,5,0.024
82,candidate_4,candidate_3,candidate_2,candidate_1,candidate_5,5,0.024
83,candidate_4,candidate_3,candidate_2,candidate_1,candidate_5,5,0.024
84,candidate_4,candidate_3,candidate_2,candidate_1,candidate_5,5,0.024
85,candidate_4,0,candidate_2,candidate_1,candidate_5,5,0.024
86,candidate_4,candidate_3,candidate_2,candidate_1,candidate_5,5,0.024
87,candidate_4,candidate_3,candidate_2,candidate_1,candidate_5,5,0.024
88,candidate_4,candidate_3,candidate_2,candidate_1,candidate_5,5,0.024
89,candidate_4,candidate_3,candidate_2,candidate_1,candidate_5,5,0.024
90,candidate_4,candidate_3,candidate_2,0,candidate_5,5,0.024
91,candidate_4,candidate_3,candidate_2,candidate_1,candidate_5,5,0.024
92,candidate_4,candidate_3,candidate_2,candidate_1,candidate_5,5,0.024
93,0,candidate_3,candidate_2,candidate_1,candidate_5,5,0.024
94,candidate_4,candidate_3,candidate_2,candidate_1,candidate_5,5,0.024
95,candidate_4,candidate_3,candidate_2,candidate_1,candidate_5,5,0.024
96,candidate_4,candidate_3,candidate_2,candidate_1,candidate_5,5,0.024
97,candidate_4,candidate_3,candidate_2,candidate_1,candidate_5,5,0.024
98,candidate_4,candidate_3,candidate_2,candidate_1,candidate_5,5,0.024
99,candidate_4,candidate_3,candidate_2,candidate_1,candidate_5,5,0.024
100,candidate_4,candidate_3,candidate_2,candidate_1,candidate_5,5,0.024
101,candidate_4,candidate_3,candidate_2,candidate_1,candidate_5,5,0.024
102,candidate_4,candidate_3,candidate_2,candidate_1,candidate_5,5,0.024
103,candidate_4,candidate_3,candidate_2,candidate_1,candidate_5,5,0.024
104,candidate_4,candidate_3,candidate_2,candidate_1,candidate_5,5,0.024
105,candidate_4,candidate_3,candidate_2,candidate_1,candidate_5,5,0.024
106,candidate_4,candidate_3,candidate_2,candidate_1,candidate_5,5,0.024
107,candidate_4,candidate_3,candidate_2,candidate_1,candidate_5,5,0.024
108,candidate_4,candidate_3,candidate_2,candidate_1,candidate_5,5,0.024
109,candidate_4,candidate_3,candidate_2,candidate_1,candidate_5,5,0.024
110,candidate_4,candidate_3,candidate_2,candidate_1,candidate_5,5,0.024
111,candidate_4,candidate_3,candidate_2,candidate_1,candidate_5,5,0.024
112,candidate_4,candidate_3,candidate_2,candidate_1,candidate_5,5,0.024
113,candidate_4,candidate_3,candidate_2,candidate_1,candidate_5,5,0.024
114,candidate_4,candidate_3,candidate_2,candidate_1,candidate_5,5,0.024
115,candidate_4,candidate_3,candidate_2,candidate_1,candidate_5,5,0.024
116,candidate_4,candidate_3,candidate_2,candidate_1,candidate_5,5,0.024
117,candidate_4,candidate_3,candidate_2,candidate_1,candidate_5,5,0.024
118,candidate_4,candidate_3,candidate_2,candidate_1,candidate_5,5,0.024
119,candidate_4,0,candidate_2,candidate_1,candidate_5,5,0.024
0,candidate_4,candidate_3,candidate_2,candidate_5,candidate_1,5,0.024
1,candidate_4,candidate_3,candidate_2,candidate_5,candidate_1,5,0.024
2,candidate_4,candidate_3,candidate_2,candidate_5,candidate_1,5,0.024
3,candidate_4,candidate_3,candidate_2,candidate_5,candidate_1,5,0.024
4,candidate_4,candidate_3,candidate_2,candidate_5,candidate_1,5,0.024
5,candidate_4,candidate_3,candidate_2,candidate_5,candidate_1,5,0.024
6,candidate_4,candidate_3,candidate_2,candidate_5,candidate_1,5,0.024
7,candidate_4,candidate_3,candidate_2,candidate_5,candidate_1,5,0.024
8,candidate_4,0,candidate_2,candidate_5,candidate_1,5,0.024
9,candidate_4,candidate_3,candidate_2,candidate_5,candidate_1,5,0.024
10,candidate_4,candidate_3,candidate_2,candidate_5,candidate_1,5,0.024
11,candidate_4,candidate_3,candidate_2,candidate_5,candidate_1,5,0.024
12,candidate_4,candidate_3,candidate_2,candidate_5,candidate_1,5,0.024
13,candidate_4,0,candidate_2,candidate_5,candidate_1,5,0.024
14,candidate_4,candidate_3,candidate_2,candidate_5,candidate_1,5,0.024
15,candidate_4,candidate_3,candidate_2,candidate_5,candidate_1,5,0.024
16,candidate_4,candidate_3,candidate_2,candidate_5,candidate_1,5,0.024
17,candidate_4,candidate_3,candidate_2,candidate_5,candidate_1,5,0.024
18,candidate_4,candidate_3,candidate_2,candidate_5,candidate_1,5,0.024
19,candidate_4,candidate_3,candidate_2,candidate_5,candidate_1,5,0.024
20,candidate_4,candidate_3,candidate_2,0,candidate_1,5,0.024
21,candidate_4,0,candidate_2,candidate_5,candidate_1,5,0.024
22,candidate_4,candidate_3,candidate_2,candidate_5,candidate_1,5,0.024
23,candidate_4,candidate_3,candidate_2,candidate_5,candidate_1,5,0.024
24,candidate_4,candidate_3,candidate_2,candidate_5,candidate_1,5,0.024
25,candidate_4,candidate_3,candidate_2,candidate_5,candidate_1,5,0.024
26,candidate_4,candidate_3,candidate_2,candidate_5,candidate_1,5,0.024
27,candidate_4,candidate_3,candidate_2,candidate_5,candidate_1,5,0.024
28,candidate_4,0,candidate_2,candidate_5,candidate_1,5,0.024
29,candidate_4,candidate_3,candidate_2,candidate_5,candidate_1,5,0.024
30,candidate_4,candidate_3,candidate_2,0,candidate_1,5,0.024
31,candidate_4,candidate_3,candidate_2,candidate_5,candidate_1,5,0.024
32,candidate_4,candidate_3,candidate_2,candidate_5,candidate_1,5,0.024
33,candidate_4,candidate_3,candidate_2,candidate_5,candidate_1,5,0.024
34,candidate_4,candidate_3,candidate_2,candidate_5,candidate_1,5,0.024
35,candidate_4,candidate_3,candidate_2,candidate_5,candidate_1,5,0.024
36,candidate_4,candidate_3,candidate_2,candidate_5,candidate_1,5,0.024
37,candidate_4,candidate_3,candidate_2,candidate_5,candidate_1,5,0.024
38,candidate_4,candidate_3,candidate_2,candidate_5,candidate_1,5,0.024
39,candidate_4,candidate_3,candidate_2,candidate_5,candidate_1,5,0.024
40,candidate_4,candidate_3,candidate_2,candidate_5,candidate_1,5,0.024
41,candidate_4,candidate_3,candidate_2,candidate_5,candidate_1,5,0.024
42,0,candidate_3,candidate_2,candidate_5,candidate_1,5,0.024
43,candidate_4,candidate_3,candidate_2,candidate_5,candidate_1,5,0.024
44,candidate_4,candidate_3,candidate_2,candidate_5,candidate_1,5,0.024
45,candidate_4,candidate_3,0,candidate_5,candidate_1,5,0.024
46,candidate_4,candidate_3,candidate_2,candidate_5,candidate_1,5,0.024
47,candidate_4,candidate_3,candidate_2,candidate_5,candidate_1,5,0.024
48,0,candidate_3,candidate_2,candidate_5,candidate_1,5,0.024
49,candidate_4,candidate_3,candidate_2,candidate_5,candidate_1,5,0.024
50,candidate_4,candidate_3,candidate_2,candidate_5,candidate_1,5,0.024
51,candidate_4,candidate_3,candidate_2,candidate_5,candidate_1,5,0.024
52,candidate_4,candidate_3,candidate_2,candidate_5,candidate_1,5,0.024
53,candidate_4,candidate_3,candidate_2,candidate_5,candidate_1,5,0.024
54,candidate_4,candidate_3,candidate_2,candidate_5,candidate_1,5,0.024
55,candidate_4,candidate_3,candidate_2,candidate_5,candidate_1,5,0.024
56,0,candidate_3,candidate_2,candidate_5,candidate_1,5,0.024
57,candidate_4,candidate_3,candidate_2,candidate_5,candidate_1,5,0.024
58,candidate_4,candidate_3,candidate_2,candidate_5,candidate_1,5,0.024
59,candidate_4,candidate_3,candidate_2,candidate_5,candidate_1,5,0.024
60,candidate_4,candidate_3,candidate_2,candidate_5,candidate_1,5,0.024
61,candidate_4,candidate_3,0,candidate_5,candidate_1,5,0.024
62,candidate_4,candidate_3,candidate_2,candidate_5,candidate_1,5,0.024
63,candidate_4,candidate_3,candidate_2,candidate_5,candidate_1,5,0.024
64,candidate_4,candidate_3,candidate_2,candidate_5,candidate_1,5,0.024
65,candidate_4,candidate_3,candidate_2,candidate_5,candidate_1,5,0.024
66,candidate_4,candidate_3,candidate_2,candidate_5,candidate_1,5,0.024
67,candidate_4,candidate_3,candidate_2,candidate_5,candidate_1,5,0.024
68,candidate_4,candidate_3,candidate_2,candidate_5,candidate_1,5,0.024
69,candidate_4,candidate_3,candidate_2,candidate_5,candidate_1,5,0.024
70,candidate_4,candidate_3,candidate_2,candidate_5,candidate_1,5,0.024
71,candidate_4,candidate_3,candidate_2,candidate_5,candidate_1,5,0.024
72,candidate_4,candidate_3,candidate_2,candidate_5,candidate_1,5,0.024
73,candidate_4,candidate_3,candidate_2,candidate_5,candidate_1,5,0.024
74,candidate_4,candidate_3,candidate_2,candidate_5,candidate_1,5,0.024
75,candidate_4,candidate_3,candidate_2,candidate_5,candidate_1,5,0.024
76,candidate_4,candidate_3,candidate_2,candidate_5,candidate_1,5,0.024
77,candidate_4,candidate_3,candidate_2,candidate_5,candidate_1,5,0.024
78,candidate_4,candidate_3,candidate_2,candidate_5,candidate_1,5,0.024
79,candidate_4,candidate_3,candidate_2,0,candidate_1,5,0.024
80,candidate_4,candidate_3,candidate_2,candidate_5,candidate_1,5,0.024
81,candidate_4,candidate_3,candidate_2,0,candidate_1,5,0.024
82,candidate_4,candidate_3,candidate_2,candidate_5,candidate_1,5,0.024
83,candidate_4,candidate_3,candidate_2,candidate_5,candidate_1,5,0.024
84,candidate_4,candidate_3,candidate_2,candidate_5,candidate_1,5,0.024
85,candidate_4,candidate_3,candidate_2,candidate_5,candidate_1,5,0.024
0,candidate_4,candidate_3,candidate_5,candidate_1,candidate_2,5,0.024
1,candidate_4,candidate_3,candidate_5,candidate_1,candidate_2,5,0.024
2,candidate_4,candidate_3,candidate_5,candidate_1,candidate_2,5,0.024
0,candidate_4,candidate_3,candidate_5,candidate_2,candidate_1,5,0.024
1,candidate_4,candidate_3,candidate_5,candidate_2,candidate_1,5,0.024
2,candidate_4,candidate_3,candidate_5,candidate_2,candidate_1,5,0.024
3,candidate_4,0,candidate_5,candidate_2,candidate_1,5,0.024
4,candidate_4,candidate_3,candidate_5,candidate_2,0,5,0.024
5,candidate_4,candidate_3,candidate_5,candidate_2,candidate_1,5,0.024
6,candidate_4,candidate_3,candidate_5,candidate_2,candidate_1,5,0.024
7,candidate_4,candidate_3,candidate_5,candidate_2,candidate_1,5,0.024
8,candidate_4,candidate_3,candidate_5,candidate_2,candidate_1,5,0.024
9,candidate_4,0,candidate_5,candidate_2,candidate_1,5,0.024
10,candidate_4,candidate_3,candidate_5,candidate_2,candidate_1,5,0.024
11,candidate_4,candidate_3,candidate_5,candidate_2,candidate_1,5,0.024
12,candidate_4,candidate_3,candidate_5,candidate_2,candidate_1,5,0.024
13,candidate_4,candidate_3,candidate_5,candidate_2,candidate_1,5,0.024
14,candidate_4,candidate_3,candidate_5,candidate_2,candidate_1,5,0.024
15,candidate_4,candidate_3,candidate_5,candidate_2,candidate_1,5,0.024
16,candidate_4,candidate_3,candidate_5,candidate_2,candidate_1,5,0.024
17,candidate_4,candidate_3,candidate_5,candidate_2,candidate_1,5,0.024
18,candidate_4,candidate_3,candidate_5,candidate_2,candidate_1,5,0.024
19,candidate_4,candidate_3,candidate_5,candidate_2,candidate_1,5,0.024
20,candidate_4,candidate_3,candidate_5,candidate_2,candidate_1,5,0.024
21,candidate_4,candidate_3,candidate_5,candidate_2,candidate_1,5,0.024
22,candidate_4,candidate_3,candidate_5,candidate_2,candidate_1,5,0.024
23,candidate_4,candidate_3,candidate_5,candidate_2,candidate_1,5,0.024
24,candidate_4,candidate_3,candidate_5,candidate_2,candidate_1,5,0.024
25,candidate_4,candidate_3,candidate_5,candidate_2,candidate_1,5,0.024
26,candidate_4,candidate_3,candidate_5,candidate_2,candidate_1,5,0.024
27,candidate_4,candidate_3,candidate_5,candidate_2,candidate_1,5,0.024
28,candidate_4,candidate_3,candidate_5,candidate_2,candidate_1,5,0.024
29,candidate_4,candidate_3,candidate_5,candidate_2,candidate_1,5,0.024
30,candidate_4,candidate_3,candidate_5,candidate_2,0,5,0.024
31,candidate_4,candidate_3,candidate_5,candidate_2,candidate_1,5,0.024
32,candidate_4,candidate_3,0,candidate_2,candidate_1,5,0.024
33,candidate_4,candidate_3,candidate_5,candidate_2,candidate_1,5,0.024
34,candidate_4,candidate_3,candidate_5,candidate_2,candidate_1,5,0.024
35,candidate_4,candidate_3,candidate_5,candidate_2,candidate_1,5,0.024
36,candidate_4,candidate_3,candidate_5,candidate_2,candidate_1,5,0.024
37,candidate_4,candidate_3,candidate_5,candidate_2,candidate_1,5,0.024
38,candidate_4,candidate_3,candidate_5,candidate_2,candidate_1,5,0.024
39,candidate_4,candidate_3,candidate_5,candidate_2,candidate_1,5,0.024
40,candidate_4,candidate_3,candidate_5,0,candidate_1,5,0.024
41,candidate_4,candidate_3,candidate_5,candidate_2,candidate_1,5,0.024
42,candidate_4,candidate_3,candidate_5,candidate_2,candidate_1,5,0.024
43,candidate_4,candidate_3,candidate_5,candidate_2,candidate_1,5,0.024
44,candidate_4,candidate_3,candidate_5,candidate_2,candidate_1,5,0.024
45,candidate_4,candidate_3,candidate_5,candidate_2,candidate_1,5,0.024
46,candidate_4,candidate_3,candidate_5,candidate_2,candidate_1,5,0.024
47,candidate_4,candidate_3,candidate_5,candidate_2,candidate_1,5,0.024
48,candidate_4,candidate_3,candidate_5,candidate_2,candidate_1,5,0.024
49,candidate_4,candidate_3,candidate_5,candidate_2,candidate_1,5,0.024
50,candidate_4,candidate_3,candidate_5,candidate_2,candidate_1,5,0.024
51,candidate_4,candidate_3,candidate_5,candidate_2,candidate_1,5,0.024
52,candidate_4,candidate_3,candidate_5,candidate_2,candidate_1,5,0.024
53,candidate_4,candidate_3,candidate_5,candidate_2,candidate_1,5,0.024
54,candidate_4,candidate_3,candidate_5,candidate_2,candidate_1,5,0.024
55,candidate_4,candidate_3,candidate_5,candidate_2,candidate_1,5,0.024
56,candidate_4,candidate_3,candidate_5,candidate_2,candidate_1,5,0.024
57,candidate_4,candidate_3,candidate_5,candidate_2,candidate_1,5,0.024
58,candidate_4,candidate_3,candidate_5,candidate_2,candidate_1,5,0.024
59,candidate_4,candidate_3,candidate_5,candidate_2,candidate_1,5,0.024
60,candidate_4,candidate_3,candidate_5,candidate_2,candidate_1,5,0.024
61,candidate_4,candidate_3,candidate_5,candidate_2,candidate_1,5,0.024
62,candidate_4,candidate_3,candidate_5,candidate_2,candidate_1,5,0.024
63,candidate_4,candidate_3,candidate_5,0,candidate_1,5,0.024
64,candidate_4,candidate_3,candidate_5,candidate_2,candidate_1,5,0.024
65,candidate_4,candidate_3,candidate_5,candidate_2,candidate_1,5,0.024
66,candidate_4,candidate_3,candidate_5,candidate_2,candidate_1,5,0.024
67,candidate_4,candidate_3,candidate_5,candidate_2,candidate_1,5,0.024
68,candidate_4,candidate_3,candidate_5,candidate_2,candidate_1,5,0.024
69,candidate_4,candidate_3,candidate_5,candidate_2,candidate_1,5,0.024
70,candidate_4,candidate_3,candidate_5,candidate_2,candidate_1,5,0.024
71,candidate_4,candidate_3,candidate_5,candidate_2,candidate_1,5,0.024
72,candidate_4,candidate_3,candidate_5,candidate_2,candidate_1,5,0.024
73,candidate_4,candidate_3,candidate_5,candidate_2,candidate_1,5,0.024
74,candidate_4,candidate_3,candidate_5,candidate_2,candidate_1,5,0.024
75,candidate_4,candidate_3,0,candidate_2,candidate_1,5,0.024
76,candidate_4,candidate_3,candidate_5,candidate_2,candidate_1,5,0.024
77,candidate_4,candidate_3,candidate_5,candidate_2,candidate_1,5,0.024
78,candidate_4,candidate_3,candidate_5,candidate_2,0,5,0.024
79,candidate_4,candidate_3,candidate_5,candidate_2,0,5,0.024
80,candidate_4,candidate_3,candidate_5,candidate_2,candidate_1,5,0.024
81,candidate_4,candidate_3,candidate_5,candidate_2,candidate_1,5,0.024
82,candidate_4,candidate_3,candidate_5,candidate_2,candidate_1,5,0.024
0,candidate_4,candidate_5,candidate_1,candidate_2,candidate_3,5,0.024
1,candidate_4,0,candidate_1,candidate_2,candidate_3,5,0.024
2,candidate_4,candidate_5,candidate_1,candidate_2,0,5,0.024
3,candidate_4,candidate_5,candidate_1,candidate_2,0,5,0.024
4,candidate_4,candidate_5,candidate_1,candidate_2,candidate_3,5,0.024
5,candidate_4,candidate_5,candidate_1,candidate_2,candidate_3,5,0.024
6,candidate_4,candidate_5,candidate_1,candidate_2,candidate_3,5,0.024
7,candidate_4,candidate_5,candidate_1,candidate_2,candidate_3,5,0.024
8,candidate_4,candidate_5,candidate_1,candidate_2,candidate_3,5,0.024
9,candidate_4,candidate_5,candidate_1,candidate_2,candidate_3,5,0.024
10,candidate_4,candidate_5,candidate_1,candidate_2,candidate_3,5,0.024
11,candidate_4,candidate_5,candidate_1,candidate_2,candidate_3,5,0.024
12,candidate_4,candidate_5,candidate_1,candidate_2,candidate_3,5,0.024
13,candidate_4,candidate_5,0,candidate_2,candidate_3,5,0.024
14,candidate_4,candidate_5,0,candidate_2,candidate_3,5,0.024
15,candidate_4,candidate_5,candidate_1,candidate_2,candidate_3,5,0.024
16,candidate_4,candidate_5,candidate_1,candidate_2,candidate_3,5,0.024
17,candidate_4,candidate_5,0,candidate_2,candidate_3,5,0.024
18,candidate_4,candidate_5,candidate_1,candidate_2,candidate_3,5,0.024
19,candidate_4,candidate_5,candidate_1,candidate_2,candidate_3,5,0.024
20,candidate_4,candidate_5,candidate_1,candidate_2,candidate_3,5,0.024
21,candidate_4,candidate_5,candidate_1,candidate_2,candidate_3,5,0.024
22,candidate_4,candidate_5,0,candidate_2,candidate_3,5,0.024
23,candidate_4,candidate_5,candidate_1,candidate_2,candidate_3,5,0.024
24,candidate_4,candidate_5,candidate_1,candidate_2,candidate_3,5,0.024
25,candidate_4,0,candidate_1,candidate_2,candidate_3,5,0.024
26,candidate_4,candidate_5,candidate_1,candidate_2,candidate_3,5,0.024
27,candidate_4,candidate_5,candidate_1,candidate_2,candidate_3,5,0.024
28,candidate_4,candidate_5,candidate_1,candidate_2,candidate_3,5,0.024
29,candidate_4,candidate_5,candidate_1,candidate_2,candidate_3,5,0.024
30,candidate_4,candidate_5,candidate_1,0,0,5,0.024
31,candidate_4,candidate_5,candidate_1,candidate_2,candidate_3,5,0.024
32,candidate_4,candidate_5,candidate_1,candidate_2,candidate_3,5,0.024
33,candidate_4,candidate_5,candidate_1,candidate_2,candidate_3,5,0.024
34,0,candidate_5,candidate_1,candidate_2,candidate_3,5,0.024
35,candidate_4,candidate_5,candidate_1,candidate_2,candidate_3,5,0.024
36,candidate_4,candidate_5,candidate_1,candidate_2,candidate_3,5,0.024
37,candidate_4,candidate_5,candidate_1,candidate_2,candidate_3,5,0.024
38,candidate_4,candidate_5,candidate_1,candidate_2,candidate_3,5,0.024
39,candidate_4,candidate_5,candidate_1,candidate_2,candidate_3,5,0.024
40,candidate_4,candidate_5,candidate_1,candidate_2,candidate_3,5,0.024
41,candidate_4,candidate_5,candidate_1,candidate_2,candidate_3,5,0.024
42,candidate_4,candidate_5,candidate_1,candidate_2,candidate_3,5,0.024
43,candidate_4,candidate_5,candidate_1,candidate_2,candidate_3,5,0.024
44,candidate_4,candidate_5,candidate_1,candidate_2,candidate_3,5,0.024
45,candidate_4,candidate_5,candidate_1,candidate_2,candidate_3,5,0.024
46,candidate_4,candidate_5,candidate_1,candidate_2,candidate_3,5,0.024
47,candidate_4,candidate_5,candidate_1,candidate_2,candidate_3,5,0.024
48,candidate_4,candidate_5,candidate_1,candidate_2,candidate_3,5,0.024
49,candidate_4,candidate_5,candidate_1,candidate_2,candidate_3,5,0.024
50,candidate_4,candidate_5,candidate_1,candidate_2,candidate_3,5,0.024
51,candidate_4,candidate_5,candidate_1,candidate_2,candidate_3,5,0.024
52,candidate_4,candidate_5,candidate_1,candidate_2,candidate_3,5,0.024
53,candidate_4,candidate_5,candidate_1,candidate_2,candidate_3,5,0.024
54,candidate_4,candidate_5,candidate_1,candidate_2,candidate_3,5,0.024
55,candidate_4,candidate_5,candidate_1,candidate_2,candidate_3,5,0.024
56,candidate_4,candidate_5,candidate_1,candidate_2,candidate_3,5,0.024
57,candidate_4,candidate_5,candidate_1,candidate_2,candidate_3,5,0.024
58,candidate_4,candidate_5,candidate_1,candidate_2,candidate_3,5,0.024
59,candidate_4,candidate_5,candidate_1,candidate_2,candidate_3,5,0.024
60,candidate_4,candidate_5,candidate_1,candidate_2,0,5,0.024
61,candidate_4,candidate_5,candidate_1,candidate_2,candidate_3,5,0.024
62,candidate_4,candidate_5,candidate_1,candidate_2,candidate_3,5,0.024
63,candidate_4,candidate_5,candidate_1,candidate_2,candidate_3,5,0.024
64,candidate_4,candidate_5,candidate_1,candidate_2,candidate_3,5,0.024
65,candidate_4,candidate_5,candidate_1,candidate_2,candidate_3,5,0.024
66,candidate_4,candidate_5,candidate_1,candidate_2,candidate_3,5,0.024
67,0,candidate_5,candidate_1,candidate_2,candidate_3,5,0.024
68,candidate_4,candidate_5,candidate_1,candidate_2,candidate_3,5,0.024
69,candidate_4,candidate_5,candidate_1,candidate_2,0,5,0.024
70,candidate_4,candidate_5,candidate_1,candidate_2,candidate_3,5,0.024
71,candidate_4,0,candidate_1,candidate_2,candidate_3,5,0.024
72,candidate_4,candidate_5,candidate_1,candidate_2,candidate_3,5,0.024
73,candidate_4,candidate_5,candidate_1,candidate_2,candidate_3,5,0.024
74,candidate_4,candidate_5,candidate_1,candidate_2,candidate_3,5,0.024
75,candidate_4,candidate_5,candidate_1,candidate_2,candidate_3,5,0.024
76,candidate_4,candidate_5,candidate_1,candidate_2,candidate_3,5,0.024
77,candidate_4,candidate_5,candidate_1,candidate_2,candidate_3,5,0.024
78,candidate_4,candidate_5,candidate_1,candidate_2,candidate_3,5,0.024
79,candidate_4,candidate_5,candidate_1,candidate_2,candidate_3,5,0.024
80,candidate_4,candidate_5,candidate_1,candidate_2,candidate_3,5,0.024
81,candidate_4,candidate_5,candidate_1,candidate_2,candidate_3,5,0.024
82,candidate_4,candidate_5,candidate_1,candidate_2,candidate_3,5,0.024
83,candidate_4,candidate_5,candidate_1,candidate_2,candidate_3,5,0.024
84,candidate_4,candidate_5,candidate_1,candidate_2,candidate_3,5,0.024
85,candidate_4,candidate_5,0,candidate_2,candidate_3,5,0.024
86,candidate_4,candidate_5,candidate_1,candidate_2,candidate_3,5,0.024
87,candidate_4,candidate_5,candidate_1,candidate_2,candidate_3,5,0.024
88,candidate_4,candidate_5,candidate_1,candidate_2,candidate_3,5,0.024
89,candidate_4,candidate_5,candidate_1,candidate_2,candidate_3,5,0.024
90,candidate_4,candidate_5,candidate_1,candidate_2,candidate_3,5,0.024
91,candidate_4,candidate_5,candidate_1,candidate_2,candidate_3,5,0.024
92,candidate_4,candidate_5,candidate_1,candidate_2,candidate_3,5,0.024
93,candidate_4,candidate_5,candidate_1,candidate_2,candidate_3,5,0.024
94,candidate_4,candidate_5,candidate_1,candidate_2,candidate_3,5,0.024
95,candidate_4,candidate_5,candidate_1,candidate_2,candidate_3,5,0.024
96,candidate_4,candidate_5,candidate_1,candidate_2,candidate_3,5,0.024
97,candidate_4,candidate_5,candidate_1,candidate_2,candidate_3,5,0.024
98,candidate_4,candidate_5,candidate_1,candidate_2,candidate_3,5,0.024
99,candidate_4,candidate_5,candidate_1,candidate_2,candidate_3,5,0.024
100,candidate_4,candidate_5,candidate_1,candidate_2,candidate_3,5,0.024
101,candidate_4,candidate_5,candidate_1,candidate_2,candidate_3,5,0.024
102,candidate_4,candidate_5,candidate_1,candidate_2,candidate_3,5,0.024
103,candidate_4,candidate_5,candidate_1,candidate_2,candidate_3,5,0.024
104,candidate_4,candidate_5,candidate_1,candidate_2,candidate_3,5,0.024
105,candidate_4,candidate_5,candidate_1,candidate_2,candidate_3,5,0.024
106,candidate_4,candidate_5,candidate_1,candidate_2,candidate_3,5,0.024
107,candidate_4,candidate_5,candidate_1,candidate_2,candidate_3,5,0.024
108,candidate_4,candidate_5,candidate_1,candidate_2,candidate_3,5,0.024
109,candidate_4,candidate_5,candidate_1,candidate_2,candidate_3,5,0.024
110,candidate_4,candidate_5,candidate_1,candidate_2,candidate_3,5,0.024
111,candidate_4,candidate_5,candidate_1,candidate_2,candidate_3,5,0.024
112,candidate_4,candidate_5,candidate_1,candidate_2,candidate_3,5,0.024
113,candidate_4,candidate_5,candidate_1,candidate_2,candidate_3,5,0.024
114,candidate_4,candidate_5,candidate_1,candidate_2,candidate_3,5,0.024
115,candidate_4,candidate_5,candidate_1,candidate_2,candidate_3,5,0.024
116,candidate_4,candidate_5,candidate_1,candidate_2,candidate_3,5,0.024
117,candidate_4,candidate_5,candidate_1,candidate_2,candidate_3,5,0.024
118,candidate_4,candidate_5,candidate_1,candidate_2,candidate_3,5,0.024
119,candidate_4,candidate_5,candidate_1,candidate_2,candidate_3,5,0.024
120,candidate_4,candidate_5,0,candidate_2,candidate_3,5,0.024
121,candidate_4,candidate_5,candidate_1,candidate_2,candidate_3,5,0.024
122,candidate_4,candidate_5,candidate_1,candidate_2,candidate_3,5,0.024
123,candidate_4,candidate_5,candidate_1,candidate_2,candidate_3,5,0.024
124,candidate_4,candidate_5,candidate_1,candidate_2,candidate_3,5,0.024
125,candidate_4,candidate_5,candidate_1,candidate_2,candidate_3,5,0.024
126,candidate_4,candidate_5,candidate_1,candidate_2,candidate_3,5,0.024
127,candidate_4,candidate_5,candidate_1,candidate_2,candidate_3,5,0.024
128,candidate_4,candidate_5,candidate_1,candidate_2,candidate_3,5,0.024
129,candidate_4,candidate_5,candidate_1,candidate_2,candidate_3,5,0.024
130,candidate_4,candidate_5,candidate_1,candidate_2,candidate_3,5,0.024
131,candidate_4,candidate_5,candidate_1,candidate_2,candidate_3,5,0.024
132,candidate_4,candidate_5,candidate_1,candidate_2,candidate_3,5,0.024
133,candidate_4,candidate_5,candidate_1,candidate_2,candidate_3,5,0.024
134,candidate_4,candidate_5,candidate_1,candidate_2,candidate_3,5,0.024
135,candidate_4,candidate_5,candidate_1,candidate_2,candidate_3,5,0.024
136,candidate_4,candidate_5,candidate_1,candidate_2,candidate_3,5,0.024
0,candidate_4,candidate_5,candidate_1,candidate_3,candidate_2,5,0.024
1,candidate_4,candidate_5,candidate_1,candidate_3,candidate_2,5,0.024
2,candidate_4,candidate_5,candidate_1,candidate_3,candidate_2,5,0.024
3,candidate_4,candidate_5,candidate_1,candidate_3,candidate_2,5,0.024
4,candidate_4,candidate_5,candidate_1,candidate_3,candidate_2,5,0.024
5,candidate_4,candidate_5,candidate_1,candidate_3,candidate_2,5,0.024
6,candidate_4,candidate_5,0,candidate_3,candidate_2,5,0.024
7,candidate_4,candidate_5,0,candidate_3,candidate_2,5,0.024
8,candidate_4,candidate_5,candidate_1,candidate_3,candidate_2,5,0.024
9,candidate_4,candidate_5,candidate_1,candidate_3,candidate_2,5,0.024
10,0,candidate_5,candidate_1,candidate_3,candidate_2,5,0.024
11,candidate_4,candidate_5,candidate_1,candidate_3,candidate_2,5,0.024
12,candidate_4,candidate_5,candidate_1,candidate_3,candidate_2,5,0.024
13,candidate_4,candidate_5,candidate_1,candidate_3,candidate_2,5,0.024
14,candidate_4,candidate_5,candidate_1,candidate_3,candidate_2,5,0.024
15,candidate_4,candidate_5,candidate_1,candidate_3,candidate_2,5,0.024
16,candidate_4,candidate_5,candidate_1,candidate_3,candidate_2,5,0.024
17,candidate_4,candidate_5,candidate_1,candidate_3,candidate_2,5,0.024
18,0,candidate_5,candidate_1,candidate_3,candidate_2,5,0.024
19,candidate_4,candidate_5,candidate_1,candidate_3,candidate_2,5,0.024
20,candidate_4,candidate_5,candidate_1,candidate_3,candidate_2,5,0.024
21,candidate_4,candidate_5,candidate_1,candidate_3,candidate_2,5,0.024
22,candidate_4,candidate_5,candidate_1,0,candidate_2,5,0.024
23,candidate_4,candidate_5,candidate_1,candidate_3,0,5,0.024
24,candidate_4,candidate_5,candidate_1,candidate_3,candidate_2,5,0.024
25,candidate_4,candidate_5,candidate_1,candidate_3,candidate_2,5,0.024
26,candidate_4,candidate_5,candidate_1,candidate_3,candidate_2,5,0.024
27,candidate_4,candidate_5,candidate_1,candidate_3,candidate_2,5,0.024
28,candidate_4,candidate_5,candidate_1,candidate_3,candidate_2,5,0.024
29,candidate_4,candidate_5,candidate_1,candidate_3,candidate_2,5,0.024
30,candidate_4,candidate_5,candidate_1,candidate_3,candidate_2,5,0.024
31,candidate_4,candidate_5,candidate_1,candidate_3,candidate_2,5,0.024
32,candidate_4,candidate_5,candidate_1,candidate_3,candidate_2,5,0.024
33,candidate_4,candidate_5,candidate_1,candidate_3,candidate_2,5,0.024
34,candidate_4,candidate_5,candidate_1,candidate_3,candidate_2,5,0.024
35,candidate_4,candidate_5,candidate_1,candidate_3,candidate_2,5,0.024
36,candidate_4,candidate_5,candidate_1,candidate_3,candidate_2,5,0.024
0,candidate_4,candidate_5,candidate_2,candidate_1,candidate_3,5,0.024
1,candidate_4,candidate_5,candidate_2,candidate_1,candidate_3,5,0.024
2,candidate_4,candidate_5,candidate_2,candidate_1,candidate_3,5,0.024
3,candidate_4,candidate_5,candidate_2,candidate_1,candidate_3,5,0.024
4,candidate_4,candidate_5,candidate_2,candidate_1,0,5,0.024
5,candidate_4,candidate_5,candidate_2,candidate_1,candidate_3,5,0.024
6,candidate_4,candidate_5,candidate_2,candidate_1,0,5,0.024
7,candidate_4,candidate_5,candidate_2,candidate_1,candidate_3,5,0.024
8,candidate_4,candidate_5,candidate_2,candidate_1,candidate_3,5,0.024
9,candidate_4,candidate_5,candidate_2,candidate_1,candidate_3,5,0.024
10,candidate_4,candidate_5,candidate_2,candidate_1,candidate_3,5,0.024
11,candidate_4,candidate_5,candidate_2,candidate_1,candidate_3,5,0.024
12,candidate_4,candidate_5,candidate_2,candidate_1,candidate_3,5,0.024
13,candidate_4,candidate_5,candidate_2,candidate_1,candidate_3,5,0.024
14,candidate_4,candidate_5,candidate_2,candidate_1,candidate_3,5,0.024
15,candidate_4,candidate_5,candidate_2,candidate_1,candidate_3,5,0.024
16,candidate_4,candidate_5,candidate_2,0,candidate_3,5,0.024
17,candidate_4,candidate_5,candidate_2,candidate_1,candidate_3,5,0.024
18,candidate_4,candidate_5,candidate_2,candidate_1,candidate_3,5,0.024
19,candidate_4,candidate_5,candidate_2,candidate_1,candidate_3,5,0.024
20,candidate_4,candidate_5,candidate_2,candidate_1,candidate_3,5,0.024
21,candidate_4,candidate_5,candidate_2,candidate_1,candidate_3,5,0.024
22,candidate_4,candidate_5,candidate_2,candidate_1,candidate_3,5,0.024
23,candidate_4,candidate_5,candidate_2,candidate_1,candidate_3,5,0.024
24,candidate_4,0,candidate_2,candidate_1,candidate_3,5,0.024
25,candidate_4,candidate_5,candidate_2,candidate_1,candidate_3,5,0.024
26,candidate_4,candidate_5,candidate_2,candidate_1,candidate_3,5,0.024
27,candidate_4,candidate_5,candidate_2,candidate_1,candidate_3,5,0.024
28,candidate_4,0,candidate_2,candidate_1,candidate_3,5,0.024
29,candidate_4,candidate_5,0,candidate_1,candidate_3,5,0.024
30,candidate_4,candidate_5,candidate_2,candidate_1,candidate_3,5,0.024
31,candidate_4,candidate_5,candidate_2,candidate_1,candidate_3,5,0.024
32,candidate_4,candidate_5,candidate_2,candidate_1,candidate_3,5,0.024
33,candidate_4,candidate_5,candidate_2,candidate_1,candidate_3,5,0.024
34,candidate_4,candidate_5,candidate_2,candidate_1,candidate_3,5,0.024
35,candidate_4,candidate_5,candidate_2,candidate_1,candidate_3,5,0.024
36,candidate_4,candidate_5,0,candidate_1,candidate_3,5,0.024
37,candidate_4,candidate_5,candidate_2,candidate_1,candidate_3,5,0.024
38,candidate_4,candidate_5,candidate_2,candidate_1,candidate_3,5,0.024
39,candidate_4,candidate_5,candidate_2,candidate_1,candidate_3,5,0.024
40,candidate_4,candidate_5,candidate_2,candidate_1,candidate_3,5,0.024
41,candidate_4,candidate_5,candidate_2,candidate_1,candidate_3,5,0.024
42,candidate_4,candidate_5,candidate_2,candidate_1,candidate_3,5,0.024
43,candidate_4,candidate_5,candidate_2,candidate_1,candidate_3,5,0.024
44,candidate_4,candidate_5,candidate_2,candidate_1,candidate_3,5,0.024
45,candidate_4,candidate_5,candidate_2,candidate_1,candidate_3,5,0.024
46,candidate_4,candidate_5,candidate_2,candidate_1,candidate_3,5,0.024
47,candidate_4,candidate_5,0,candidate_1,candidate_3,5,0.024
48,candidate_4,candidate_5,candidate_2,candidate_1,candidate_3,5,0.024
49,candidate_4,candidate_5,candidate_2,candidate_1,candidate_3,5,0.024
50,candidate_4,candidate_5,candidate_2,candidate_1,candidate_3,5,0.024
51,candidate_4,candidate_5,candidate_2,candidate_1,candidate_3,5,0.024
52,candidate_4,candidate_5,candidate_2,candidate_1,candidate_3,5,0.024
53,candidate_4,candidate_5,candidate_2,candidate_1,candidate_3,5,0.024
54,candidate_4,candidate_5,candidate_2,candidate_1,candidate_3,5,0.024
55,candidate_4,0,candidate_2,candidate_1,candidate_3,5,0.024
56,candidate_4,candidate_5,candidate_2,candidate_1,candidate_3,5,0.024
57,candidate_4,candidate_5,candidate_2,candidate_1,candidate_3,5,0.024
58,candidate_4,candidate_5,candidate_2,candidate_1,candidate_3,5,0.024
59,0,candidate_5,candidate_2,candidate_1,candidate_3,5,0.024
60,candidate_4,candidate_5,candidate_2,candidate_1,candidate_3,5,0.024
61,candidate_4,candidate_5,candidate_2,candidate_1,candidate_3,5,0.024
62,candidate_4,candidate_5,candidate_2,candidate_1,candidate_3,5,0.024
63,candidate_4,candidate_5,candidate_2,candidate_1,candidate_3,5,0.024
64,candidate_4,candidate_5,candidate_2,candidate_1,candidate_3,5,0.024
0,candidate_4,candidate_5,candidate_2,candidate_3,candidate_1,5,0.024
1,candidate_4,candidate_5,candidate_2,candidate_3,candidate_1,5,0.024
2,candidate_4,candidate_5,candidate_2,candidate_3,0,5,0.024
3,0,candidate_5,candidate_2,candidate_3,0,5,0.024
4,candidate_4,candidate_5,candidate_2,candidate_3,candidate_1,5,0.024
5,candidate_4,candidate_5,candidate_2,candidate_3,candidate_1,5,0.024
6,candidate_4,candidate_5,candidate_2,candidate_3,candidate_1,5,0.024
7,candidate_4,candidate_5,candidate_2,candidate_3,candidate_1,5,0.024
8,candidate_4,0,candidate_2,candidate_3,candidate_1,5,0.024
9,candidate_4,candidate_5,0,candidate_3,candidate_1,5,0.024
10,candidate_4,candidate_5,candidate_2,candidate_3,candidate_1,5,0.024
11,candidate_4,candidate_5,candidate_2,candidate_3,candidate_1,5,0.024
12,candidate_4,candidate_5,candidate_2,candidate_3,candidate_1,5,0.024
13,candidate_4,candidate_5,candidate_2,candidate_3,candidate_1,5,0.024
14,candidate_4,candidate_5,candidate_2,candidate_3,candidate_1,5,0.024
15,candidate_4,candidate_5,candidate_2,candidate_3,candidate_1,5,0.024
16,candidate_4,candidate_5,candidate_2,candidate_3,candidate_1,5,0.024
17,candidate_4,candidate_5,candidate_2,candidate_3,candidate_1,5,0.024
18,candidate_4,candidate_5,candidate_2,candidate_3,candidate_1,5,0.024
19,candidate_4,candidate_5,candidate_2,candidate_3,candidate_1,5,0.024
20,candidate_4,candidate_5,candidate_2,candidate_3,candidate_1,5,0.024
21,candidate_4,0,candidate_2,candidate_3,candidate_1,5,0.024
22,candidate_4,candidate_5,candidate_2,candidate_3,candidate_1,5,0.024
23,candidate_4,candidate_5,candidate_2,candidate_3,candidate_1,5,0.024
24,candidate_4,candidate_5,candidate_2,candidate_3,candidate_1,5,0.024
25,candidate_4,candidate_5,candidate_2,candidate_3,candidate_1,5,0.024
26,candidate_4,candidate_5,candidate_2,candidate_3,candidate_1,5,0.024
27,candidate_4,candidate_5,candidate_2,candidate_3,candidate_1,5,0.024
28,candidate_4,candidate_5,candidate_2,candidate_3,candidate_1,5,0.024
29,candidate_4,candidate_5,candidate_2,candidate_3,candidate_1,5,0.024
30,candidate_4,candidate_5,candidate_2,candidate_3,candidate_1,5,0.024
31,candidate_4,candidate_5,candidate_2,candidate_3,candidate_1,5,0.024
32,candidate_4,candidate_5,candidate_2,candidate_3,candidate_1,5,0.024
33,candidate_4,candidate_5,candidate_2,candidate_3,candidate_1,5,0.024
34,candidate_4,candidate_5,candidate_2,candidate_3,candidate_1,5,0.024
35,0,candidate_5,candidate_2,candidate_3,candidate_1,5,0.024
36,candidate_4,candidate_5,candidate_2,candidate_3,candidate_1,5,0.024
37,candidate_4,candidate_5,candidate_2,candidate_3,candidate_1,5,0.024
38,candidate_4,candidate_5,candidate_2,candidate_3,candidate_1,5,0.024
39,candidate_4,0,candidate_2,candidate_3,candidate_1,5,0.024
40,candidate_4,candidate_5,candidate_2,candidate_3,candidate_1,5,0.024
41,candidate_4,candidate_5,candidate_2,candidate_3,candidate_1,5,0.024
42,candidate_4,candidate_5,candidate_2,candidate_3,candidate_1,5,0.024
43,candidate_4,candidate_5,candidate_2,candidate_3,candidate_1,5,0.024
44,candidate_4,candidate_5,candidate_2,candidate_3,candidate_1,5,0.024
45,candidate_4,candidate_5,candidate_2,candidate_3,candidate_1,5,0.024
46,candidate_4,candidate_5,candidate_2,candidate_3,candidate_1,5,0.024
47,candidate_4,candidate_5,candidate_2,candidate_3,candidate_1,5,0.024
48,candidate_4,candidate_5,candidate_2,candidate_3,candidate_1,5,0.024
49,candidate_4,candidate_5,candidate_2,candidate_3,candidate_1,5,0.024
50,candidate_4,candidate_5,candidate_2,candidate_3,candidate_1,5,0.024
51,candidate_4,candidate_5,candidate_2,candidate_3,candidate_1,5,0.024
52,candidate_4,candidate_5,candidate_2,candidate_3,candidate_1,5,0.024
53,candidate_4,candidate_5,candidate_2,candidate_3,candidate_1,5,0.024
54,candidate_4,candidate_5,candidate_2,candidate_3,candidate_1,5,0.024
55,candidate_4,candidate_5,candidate_2,candidate_3,candidate_1,5,0.024
56,candidate_4,candidate_5,candidate_2,candidate_3,candidate_1,5,0.024
57,candidate_4,candidate_5,candidate_2,candidate_3,candidate_1,5,0.024
58,candidate_4,candidate_5,candidate_2,candidate_3,candidate_1,5,0.024
59,candidate_4,candidate_5,candidate_2,candidate_3,candidate_1,5,0.024
60,candidate_4,candidate_5,candidate_2,candidate_3,candidate_1,5,0.024
61,candidate_4,candidate_5,candidate_2,candidate_3,candidate_1,5,0.024
62,candidate_4,candidate_5,candidate_2,candidate_3,candidate_1,5,0.024
63,candidate_4,candidate_5,candidate_2,candidate_3,candidate_1,5,0.024
64,candidate_4,candidate_5,candidate_2,candidate_3,candidate_1,5,0.024
65,candidate_4,candidate_5,candidate_2,candidate_3,candidate_1,5,0.024
66,candidate_4,candidate_5,candidate_2,candidate_3,candidate_1,5,0.024
67,candidate_4,candidate_5,candidate_2,0,candidate_1,5,0.024
68,0,candidate_5,candidate_2,candidate_3,candidate_1,5,0.024
0,candidate_4,candidate_5,candidate_3,candidate_1,candidate_2,5,0.024
1,candidate_4,candidate_5,candidate_3,candidate_1,candidate_2,5,0.024
2,candidate_4,candidate_5,candidate_3,candidate_1,candidate_2,5,0.024
3,candidate_4,candidate_5,candidate_3,candidate_1,candidate_2,5,0.024
4,candidate_4,candidate_5,candidate_3,candidate_1,candidate_2,5,0.024
5,candidate_4,candidate_5,candidate_3,candidate_1,candidate_2,5,0.024
6,candidate_4,candidate_5,candidate_3,candidate_1,candidate_2,5,0.024
7,candidate_4,candidate_5,candidate_3,candidate_1,candidate_2,5,0.024
8,candidate_4,candidate_5,candidate_3,candidate_1,0,5,0.024
9,candidate_4,candidate_5,candidate_3,candidate_1,candidate_2,5,0.024
10,candidate_4,candidate_5,candidate_3,candidate_1,candidate_2,5,0.024
11,candidate_4,candidate_5,candidate_3,candidate_1,0,5,0.024
12,candidate_4,candidate_5,candidate_3,candidate_1,candidate_2,5,0.024
13,candidate_4,candidate_5,candidate_3,candidate_1,candidate_2,5,0.024
14,candidate_4,candidate_5,candidate_3,candidate_1,candidate_2,5,0.024
15,candidate_4,candidate_5,0,candidate_1,candidate_2,5,0.024
16,candidate_4,candidate_5,candidate_3,candidate_1,candidate_2,5,0.024
17,candidate_4,candidate_5,candidate_3,candidate_1,0,5,0.024
18,candidate_4,candidate_5,candidate_3,candidate_1,candidate_2,5,0.024
19,candidate_4,candidate_5,candidate_3,candidate_1,candidate_2,5,0.024
20,candidate_4,candidate_5,candidate_3,candidate_1,candidate_2,5,0.024
21,candidate_4,candidate_5,candidate_3,candidate_1,candidate_2,5,0.024
22,candidate_4,candidate_5,candidate_3,candidate_1,candidate_2,5,0.024
23,candidate_4,candidate_5,candidate_3,candidate_1,0,5,0.024
24,candidate_4,candidate_5,candidate_3,candidate_1,candidate_2,5,0.024
25,candidate_4,candidate_5,candidate_3,candidate_1,candidate_2,5,0.024
26,candidate_4,candidate_5,candidate_3,candidate_1,candidate_2,5,0.024
27,candidate_4,candidate_5,0,candidate_1,candidate_2,5,0.024
28,candidate_4,candidate_5,candidate_3,candidate_1,candidate_2,5,0.024
29,candidate_4,candidate_5,candidate_3,candidate_1,candidate_2,5,0.024
30,candidate_4,candidate_5,candidate_3,candidate_1,candidate_2,5,0.024
31,candidate_4,candidate_5,candidate_3,candidate_1,candidate_2,5,0.024
32,candidate_4,candidate_5,candidate_3,candidate_1,candidate_2,5,0.024
33,candidate_4,candidate_5,candidate_3,candidate_1,candidate_2,5,0.024
34,candidate_4,candidate_5,candidate_3,candidate_1,candidate_2,5,0.024
35,candidate_4,candidate_5,candidate_3,candidate_1,candidate_2,5,0.024
36,candidate_4,candidate_5,candidate_3,candidate_1,candidate_2,5,0.024
37,candidate_4,candidate_5,candidate_3,candidate_1,candidate_2,5,0.024
38,candidate_4,candidate_5,candidate_3,candidate_1,candidate_2,5,0.024
39,candidate_4,candidate_5,candidate_3,candidate_1,candidate_2,5,0.024
40,candidate_4,candidate_5,candidate_3,candidate_1,candidate_2,5,0.024
41,candidate_4,candidate_5,candidate_3,0,candidate_2,5,0.024
42,candidate_4,candidate_5,candidate_3,candidate_1,candidate_2,5,0.024
43,candidate_4,candidate_5,candidate_3,candidate_1,candidate_2,5,0.024
44,candidate_4,candidate_5,candidate_3,candidate_1,candidate_2,5,0.024
45,candidate_4,candidate_5,candidate_3,candidate_1,candidate_2,5,0.024
46,candidate_4,candidate_5,candidate_3,candidate_1,candidate_2,5,0.024
47,candidate_4,candidate_5,candidate_3,candidate_1,candidate_2,5,0.024
48,candidate_4,candidate_5,candidate_3,candidate_1,candidate_2,5,0.024
49,candidate_4,candidate_5,candidate_3,candidate_1,candidate_2,5,0.024
50,candidate_4,candidate_5,candidate_3,candidate_1,candidate_2,5,0.024
51,candidate_4,candidate_5,candidate_3,candidate_1,candidate_2,5,0.024
52,candidate_4,candidate_5,candidate_3,candidate_1,candidate_2,5,0.024
53,candidate_4,candidate_5,candidate_3,candidate_1,0,5,0.024
54,candidate_4,candidate_5,candidate_3,candidate_1,candidate_2,5,0.024
55,candidate_4,candidate_5,candidate_3,candidate_1,candidate_2,5,0.024
56,candidate_4,candidate_5,candidate_3,candidate_1,candidate_2,5,0.024
57,candidate_4,candidate_5,candidate_3,candidate_1,candidate_2,5,0.024
58,candidate_4,candidate_5,candidate_3,candidate_1,candidate_2,5,0.024
59,candidate_4,candidate_5,candidate_3,0,candidate_2,5,0.024
60,candidate_4,candidate_5,candidate_3,candidate_1,candidate_2,5,0.024
61,candidate_4,candidate_5,candidate_3,candidate_1,candidate_2,5,0.024
62,candidate_4,candidate_5,candidate_3,candidate_1,candidate_2,5,0.024
63,candidate_4,candidate_5,candidate_3,candidate_1,candidate_2,5,0.024
64,candidate_4,candidate_5,candidate_3,candidate_1,candidate_2,5,0.024
65,candidate_4,candidate_5,candidate_3,candidate_1,candidate_2,5,0.024
66,candidate_4,candidate_5,candidate_3,candidate_1,candidate_2,5,0.024
67,candidate_4,candidate_5,candidate_3,candidate_1,candidate_2,5,0.024
68,candidate_4,candidate_5,candidate_3,candidate_1,candidate_2,5,0.024
69,candidate_4,candidate_5,candidate_3,candidate_1,candidate_2,5,0.024
70,candidate_4,candidate_5,candidate_3,candidate_1,candidate_2,5,0.024
71,candidate_4,candidate_5,candidate_3,candidate_1,candidate_2,5,0.024
72,candidate_4,candidate_5,candidate_3,candidate_1,candidate_2,5,0.024
73,candidate_4,0,candidate_3,candidate_1,candidate_2,5,0.024
74,candidate_4,candidate_5,candidate_3,candidate_1,0,5,0.024
75,candidate_4,candidate_5,candidate_3,candidate_1,candidate_2,5,0.024
76,candidate_4,candidate_5,candidate_3,candidate_1,candidate_2,5,0.024
77,candidate_4,candidate_5,candidate_3,candidate_1,candidate_2,5,0.024
78,candidate_4,0,candidate_3,candidate_1,candidate_2,5,0.024
79,candidate_4,candidate_5,candidate_3,candidate_1,candidate_2,5,0.024
80,0,candidate_5,candidate_3,candidate_1,candidate_2,5,0.024
81,candidate_4,candidate_5,candidate_3,candidate_1,candidate_2,5,0.024
82,candidate_4,candidate_5,candidate_3,candidate_1,candidate_2,5,0.024
83,candidate_4,candidate_5,candidate_3,candidate_1,candidate_2,5,0.024
84,candidate_4,candidate_5,candidate_3,candidate_1,candidate_2,5,0.024
85,candidate_4,candidate_5,candidate_3,candidate_1,candidate_2,5,0.024
86,candidate_4,0,candidate_3,candidate_1,candidate_2,5,0.024
87,candidate_4,candidate_5,candidate_3,candidate_1,candidate_2,5,0.024
88,candidate_4,candidate_5,candidate_3,candidate_1,candidate_2,5,0.024
89,candidate_4,candidate_5,candidate_3,candidate_1,candidate_2,5,0.024
90,candidate_4,candidate_5,candidate_3,candidate_1,candidate_2,5,0.024
91,candidate_4,candidate_5,0,candidate_1,candidate_2,5,0.024
0,candidate_4,candidate_5,candidate_3,candidate_2,candidate_1,5,0.024
1,candidate_4,candidate_5,candidate_3,candidate_2,candidate_1,5,0.024
2,candidate_4,candidate_5,candidate_3,candidate_2,candidate_1,5,0.024
3,candidate_4,candidate_5,candidate_3,candidate_2,candidate_1,5,0.024
4,candidate_4,candidate_5,candidate_3,candidate_2,candidate_1,5,0.024
5,candidate_4,candidate_5,candidate_3,candidate_2,candidate_1,5,0.024
6,candidate_4,candidate_5,candidate_3,candidate_2,candidate_1,5,0.024
7,candidate_4,candidate_5,candidate_3,candidate_2,candidate_1,5,0.024
8,candidate_4,candidate_5,candidate_3,candidate_2,candidate_1,5,0.024
9,candidate_4,candidate_5,candidate_3,candidate_2,candidate_1,5,0.024
10,candidate_4,candidate_5,candidate_3,candidate_2,candidate_1,5,0.024
11,candidate_4,candidate_5,candidate_3,candidate_2,candidate_1,5,0.024
12,candidate_4,candidate_5,candidate_3,candidate_2,candidate_1,5,0.024
13,candidate_4,candidate_5,candidate_3,candidate_2,candidate_1,5,0.024
14,candidate_4,candidate_5,candidate_3,candidate_2,candidate_1,5,0.024
15,0,candidate_5,candidate_3,candidate_2,candidate_1,5,0.024
16,candidate_4,candidate_5,candidate_3,candidate_2,candidate_1,5,0.024
17,candidate_4,candidate_5,candidate_3,candidate_2,candidate_1,5,0.024
18,candidate_4,candidate_5,candidate_3,candidate_2,candidate_1,5,0.024
19,candidate_4,candidate_5,candidate_3,candidate_2,candidate_1,5,0.024
20,candidate_4,candidate_5,candidate_3,candidate_2,candidate_1,5,0.024
21,candidate_4,candidate_5,candidate_3,candidate_2,candidate_1,5,0.024
22,candidate_4,candidate_5,candidate_3,candidate_2,candidate_1,5,0.024
23,candidate_4,candidate_5,candidate_3,candidate_2,candidate_1,5,0.024
24,candidate_4,candidate_5,candidate_3,candidate_2,candidate_1,5,0.024
25,candidate_4,candidate_5,candidate_3,candidate_2,candidate_1,5,0.024
26,candidate_4,candidate_5,candidate_3,candidate_2,candidate_1,5,0.024
27,candidate_4,candidate_5,candidate_3,candidate_2,candidate_1,5,0.024
28,candidate_4,0,candidate_3,candidate_2,candidate_1,5,0.024
29,candidate_4,candidate_5,candidate_3,candidate_2,candidate_1,5,0.024
30,candidate_4,candidate_5,candidate_3,candidate_2,candidate_1,5,0.024
31,candidate_4,candidate_5,candidate_3,candidate_2,candidate_1,5,0.024
32,candidate_4,candidate_5,candidate_3,candidate_2,candidate_1,5,0.024
33,candidate_4,candidate_5,candidate_3,candidate_2,candidate_1,5,0.024
34,candidate_4,candidate_5,candidate_3,candidate_2,candidate_1,5,0.024
35,candidate_4,candidate_5,candidate_3,candidate_2,candidate_1,5,0.024
36,candidate_4,0,candidate_3,candidate_2,candidate_1,5,0.024
37,candidate_4,candidate_5,candidate_3,candidate_2,candidate_1,5,0.024
38,candidate_4,candidate_5,candidate_3,candidate_2,candidate_1,5,0.024
39,candidate_4,candidate_5,candidate_3,candidate_2,candidate_1,5,0.024
40,candidate_4,candidate_5,candidate_3,candidate_2,candidate_1,5,0.024
41,candidate_4,candidate_5,candidate_3,candidate_2,candidate_1,5,0.024
42,candidate_4,candidate_5,candidate_3,candidate_2,candidate_1,5,0.024
43,candidate_4,candidate_5,candidate_3,candidate_2,candidate_1,5,0.024
44,candidate_4,candidate_5,candidate_3,candidate_2,candidate_1,5,0.024
45,candidate_4,candidate_5,candidate_3,candidate_2,candidate_1,5,0.024
46,candidate_4,candidate_5,candidate_3,candidate_2,candidate_1,5,0.024
47,candidate_4,candidate_5,candidate_3,candidate_2,candidate_1,5,0.024
48,candidate_4,candidate_5,candidate_3,candidate_2,candidate_1,5,0.024
49,candidate_4,candidate_5,candidate_3,candidate_2,candidate_1,5,0.024
50,candidate_4,candidate_5,candidate_3,candidate_2,candidate_1,5,0.024
51,candidate_4,candidate_5,candidate_3,candidate_2,0,5,0.024
52,candidate_4,candidate_5,candidate_3,candidate_2,candidate_1,5,0.024
53,candidate_4,candidate_5,candidate_3,candidate_2,candidate_1,5,0.024
54,candidate_4,candidate_5,candidate_3,candidate_2,candidate_1,5,0.024
55,candidate_4,candidate_5,candidate_3,candidate_2,candidate_1,5,0.024
56,candidate_4,candidate_5,candidate_3,candidate_2,candidate_1,5,0.024
57,candidate_4,candidate_5,candidate_3,candidate_2,candidate_1,5,0.024
58,candidate_4,candidate_5,candidate_3,candidate_2,candidate_1,5,0.024
59,candidate_4,candidate_5,candidate_3,candidate_2,candidate_1,5,0.024
60,candidate_4,candidate_5,candidate_3,candidate_2,candidate_1,5,0.024
61,candidate_4,candidate_5,candidate_3,candidate_2,candidate_1,5,0.024
62,candidate_4,candidate_5,candidate_3,candidate_2,0,5,0.024
63,0,candidate_5,candidate_3,candidate_2,candidate_1,5,0.024
64,candidate_4,candidate_5,candidate_3,candidate_2,candidate_1,5,0.024
65,candidate_4,0,candidate_3,candidate_2,candidate_1,5,0.024
66,candidate_4,candidate_5,candidate_3,candidate_2,candidate_1,5,0.024
67,candidate_4,candidate_5,candidate_3,candidate_2,candidate_1,5,0.024
68,candidate_4,candidate_5,candidate_3,candidate_2,candidate_1,5,0.024
69,candidate_4,candidate_5,candidate_3,candidate_2,candidate_1,5,0.024
70,candidate_4,candidate_5,candidate_3,candidate_2,candidate_1,5,0.024
71,candidate_4,candidate_5,candidate_3,candidate_2,candidate_1,5,0.024
72,candidate_4,candidate_5,candidate_3,candidate_2,candidate_1,5,0.024
73,candidate_4,candidate_5,candidate_3,candidate_2,candidate_1,5,0.024
74,candidate_4,0,candidate_3,candidate_2,candidate_1,5,0.024
75,candidate_4,candidate_5,candidate_3,candidate_2,candidate_1,5,0.024
76,candidate_4,candidate_5,candidate_3,0,candidate_1,5,0.024
77,candidate_4,candidate_5,candidate_3,candidate_2,candidate_1,5,0.024
78,candidate_4,candidate_5,candidate_3,candidate_2,candidate_1,5,0.024
79,candidate_4,candidate_5,candidate_3,candidate_2,candidate_1,5,0.024
80,candidate_4,candidate_5,candidate_3,candidate_2,candidate_1,5,0.024
81,candidate_4,candidate_5,candidate_3,candidate_2,candidate_1,5,0.024
82,candidate_4,candidate_5,candidate_3,candidate_2,candidate_1,5,0.024
83,candidate_4,candidate_5,candidate_3,candidate_2,candidate_1,5,0.024
84,candidate_4,candidate_5,candidate_3,candidate_2,candidate_1,5,0.024
85,candidate_4,candidate_5,candidate_3,candidate_2,candidate_1,5,0.024
86,candidate_4,candidate_5,candidate_3,candidate_2,candidate_1,5,0.024
87,candidate_4,candidate_5,0,candidate_2,candidate_1,5,0.024
88,candidate_4,candidate_5,candidate_3,candidate_2,candidate_1,5,0.024
89,candidate_4,candidate_5,candidate_3,candidate_2,candidate_1,5,0.024
90,candidate_4,candidate_5,candidate_3,candidate_2,candidate_1,5,0.024
91,candidate_4,candidate_5,candidate_3,candidate_2,candidate_1,5,0.024
92,candidate_4,candidate_5,candidate_3,candidate_2,candidate_1,5,0.024
93,candidate_4,candidate_5,candidate_3,0,candidate_1,5,0.024
94,candidate_4,candidate_5,candidate_3,candidate_2,candidate_1,5,0.024
95,candidate_4,candidate_5,candidate_3,candidate_2,candidate_1,5,0.024
96,candidate_4,candidate_5,candidate_3,candidate_2,candidate_1,5,0.024
97,candidate_4,candidate_5,candidate_3,candidate_2,candidate_1,5,0.024
98,candidate_4,candidate_5,candidate_3,candidate_2,candidate_1,5,0.024
99,candidate_4,candidate_5,candidate_3,candidate_2,candidate_1,5,0.024
100,candidate_4,candidate_5,candidate_3,candidate_2,0,5,0.024
101,candidate_4,candidate_5,candidate_3,candidate_2,candidate_1,5,0.024
102,candidate_4,candidate_5,candidate_3,candidate_2,candidate_1,5,0.024
103,candidate_4,candidate_5,candidate_3,0,candidate_1,5,0.024
104,candidate_4,candidate_5,0,candidate_2,candidate_1,5,0.024
105,candidate_4,candidate_5,candidate_3,candidate_2,candidate_1,5,0.024
106,candidate_4,candidate_5,candidate_3,candidate_2,candidate_1,5,0.024
107,candidate_4,candidate_5,candidate_3,candidate_2,candidate_1,5,0.024
108,candidate_4,candidate_5,candidate_3,candidate_2,candidate_1,5,0.024
109,candidate_4,candidate_5,candidate_3,candidate_2,candidate_1,5,0.024
110,candidate_4,candidate_5,candidate_3,candidate_2,candidate_1,5,0.024
111,candidate_4,candidate_5,candidate_3,candidate_2,candidate_1,5,0.024
112,candidate_4,candidate_5,candidate_3,candidate_2,candidate_1,5,0.024
113,candidate_4,candidate_5,candidate_3,candidate_2,candidate_1,5,0.024
114,candidate_4,candidate_5,candidate_3,candidate_2,candidate_1,5,0.024
115,candidate_4,candidate_5,candidate_3,candidate_2,candidate_1,5,0.024
116,candidate_4,candidate_5,candidate_3,candidate_2,candidate_1,5,0.024
117,candidate_4,candidate_5,candidate_3,candidate_2,candidate_1,5,0.024
118,candidate_4,candidate_5,candidate_3,candidate_2,candidate_1,5,0.024
119,candidate_4,candidate_5,candidate_3,candidate_2,candidate_1,5,0.024
120,candidate_4,candidate_5,candidate_3,candidate_2,candidate_1,5,0.024
121,candidate_4,candidate_5,candidate_3,candidate_2,candidate_1,5,0.024
122,candidate_4,candidate_5,candidate_3,candidate_2,candidate_1,5,0.024
123,candidate_4,candidate_5,candidate_3,candidate_2,candidate_1,5,0.024
124,candidate_4,candidate_5,candidate_3,candidate_2,candidate_1,5,0.024
125,candidate_4,candidate_5,candidate_3,candidate_2,candidate_1,5,0.024
126,candidate_4,candidate_5,candidate_3,candidate_2,candidate_1,5,0.024
127,candidate_4,candidate_5,candidate_3,candidate_2,candidate_1,5,0.024
128,candidate_4,candidate_5,candidate_3,candidate_2,candidate_1,5,0.024
129,candidate_4,candidate_5,candidate_3,candidate_2,candidate_1,5,0.024
130,candidate_4,candidate_5,candidate_3,candidate_2,candidate_1,5,0.024
131,candidate_4,candidate_5,candidate_3,candidate_2,candidate_1,5,0.024
132,candidate_4,candidate_5,candidate_3,candidate_2,candidate_1,5,0.024
133,candidate_4,candidate_5,candidate_3,candidate_2,candidate_1,5,0.024
134,candidate_4,candidate_5,candidate_3,candidate_2,candidate_1,5,0.024
135,candidate_4,candidate_5,candidate_3,candidate_2,candidate_1,5,0.024
136,candidate_4,candidate_5,candidate_3,candidate_2,candidate_1,5,0.024
0,candidate_5,candidate_1,candidate_2,candidate_3,candidate_4,5,0.024
1,candidate_5,candidate_1,candidate_2,candidate_3,candidate_4,5,0.024
2,candidate_5,candidate_1,candidate_2,candidate_3,candidate_4,5,0.024
3,candidate_5,candidate_1,candidate_2,candidate_3,candidate_4,5,0.024
4,candidate_5,candidate_1,candidate_2,candidate_3,candidate_4,5,0.024
5,candidate_5,candidate_1,candidate_2,candidate_3,candidate_4,5,0.024
0,candidate_5,candidate_1,candidate_2,candidate_4,candidate_3,5,0.024
1,candidate_5,candidate_1,candidate_2,candidate_4,candidate_3,5,0.024
2,candidate_5,candidate_1,candidate_2,candidate_4,candidate_3,5,0.024
3,candidate_5,candidate_1,candidate_2,candidate_4,candidate_3,5,0.024
4,candidate_5,candidate_1,candidate_2,candidate_4,candidate_3,5,0.024
5,candidate_5,candidate_1,candidate_2,candidate_4,candidate_3,5,0.024
6,candidate_5,candidate_1,candidate_2,candidate_4,candidate_3,5,0.024
7,candidate_5,candidate_1,candidate_2,candidate_4,candidate_3,5,0.024
8,candidate_5,0,candidate_2,candidate_4,candidate_3,5,0.024
9,candidate_5,candidate_1,candidate_2,candidate_4,candidate_3,5,0.024
10,candidate_5,candidate_1,candidate_2,candidate_4,candidate_3,5,0.024
11,candidate_5,candidate_1,candidate_2,candidate_4,candidate_3,5,0.024
12,candidate_5,candidate_1,candidate_2,candidate_4,candidate_3,5,0.024
13,candidate_5,candidate_1,candidate_2,candidate_4,candidate_3,5,0.024
0,candidate_5,candidate_1,candidate_3,candidate_2,candidate_4,5,0.024
1,candidate_5,candidate_1,candidate_3,candidate_2,candidate_4,5,0.024
2,candidate_5,candidate_1,candidate_3,candidate_2,candidate_4,5,0.024
3,candidate_5,candidate_1,candidate_3,candidate_2,candidate_4,5,0.024
4,candidate_5,candidate_1,candidate_3,candidate_2,candidate_4,5,0.024
5,candidate_5,candidate_1,candidate_3,candidate_2,candidate_4,5,0.024
6,candidate_5,candidate_1,candidate_3,candidate_2,candidate_4,5,0.024
7,candidate_5,candidate_1,candidate_3,candidate_2,candidate_4,5,0.024
8,candidate_5,candidate_1,candidate_3,candidate_2,candidate_4,5,0.024
9,candidate_5,candidate_1,candidate_3,candidate_2,candidate_4,5,0.024
10,candidate_5,candidate_1,candidate_3,candidate_2,candidate_4,5,0.024
11,candidate_5,candidate_1,candidate_3,candidate_2,candidate_4,5,0.024
12,candidate_5,candidate_1,candidate_3,candidate_2,candidate_4,5,0.024
13,candidate_5,candidate_1,candidate_3,candidate_2,candidate_4,5,0.024
14,candidate_5,candidate_1,candidate_3,candidate_2,candidate_4,5,0.024
15,candidate_5,candidate_1,candidate_3,candidate_2,candidate_4,5,0.024
16,candidate_5,candidate_1,candidate_3,candidate_2,candidate_4,5,0.024
17,candidate_5,candidate_1,candidate_3,candidate_2,candidate_4,5,0.024
18,candidate_5,candidate_1,candidate_3,candidate_2,candidate_4,5,0.024
19,candidate_5,candidate_1,candidate_3,candidate_2,candidate_4,5,0.024
20,candidate_5,candidate_1,candidate_3,candidate_2,candidate_4,5,0.024
21,candidate_5,candidate_1,candidate_3,candidate_2,candidate_4,5,0.024
22,candidate_5,candidate_1,candidate_3,candidate_2,candidate_4,5,0.024
23,candidate_5,candidate_1,candidate_3,candidate_2,candidate_4,5,0.024
24,candidate_5,candidate_1,candidate_3,candidate_2,candidate_4,5,0.024
25,candidate_5,candidate_1,candidate_3,candidate_2,candidate_4,5,0.024
26,candidate_5,candidate_1,candidate_3,candidate_2,candidate_4,5,0.024
27,candidate_5,candidate_1,candidate_3,candidate_2,candidate_4,5,0.024
28,candidate_5,candidate_1,candidate_3,candidate_2,candidate_4,5,0.024
29,candidate_5,candidate_1,candidate_3,candidate_2,candidate_4,5,0.024
30,candidate_5,candidate_1,candidate_3,candidate_2,candidate_4,5,0.024
31,candidate_5,candidate_1,candidate_3,candidate_2,candidate_4,5,0.024
32,candidate_5,candidate_1,candidate_3,candidate_2,candidate_4,5,0.024
33,candidate_5,candidate_1,candidate_3,candidate_2,0,5,0.024
34,candidate_5,candidate_1,candidate_3,candidate_2,candidate_4,5,0.024
35,candidate_5,candidate_1,candidate_3,candidate_2,candidate_4,5,0.024
36,candidate_5,candidate_1,candidate_3,candidate_2,candidate_4,5,0.024
37,candidate_5,candidate_1,candidate_3,candidate_2,candidate_4,5,0.024
38,candidate_5,candidate_1,candidate_3,candidate_2,candidate_4,5,0.024
39,candidate_5,candidate_1,candidate_3,candidate_2,candidate_4,5,0.024
40,candidate_5,candidate_1,candidate_3,candidate_2,candidate_4,5,0.024
41,candidate_5,candidate_1,candidate_3,candidate_2,candidate_4,5,0.024
42,candidate_5,candidate_1,candidate_3,candidate_2,candidate_4,5,0.024
43,candidate_5,candidate_1,candidate_3,candidate_2,candidate_4,5,0.024
44,candidate_5,candidate_1,candidate_3,candidate_2,candidate_4,5,0.024
45,candidate_5,candidate_1,candidate_3,candidate_2,candidate_4,5,0.024
46,candidate_5,candidate_1,candidate_3,candidate_2,candidate_4,5,0.024
47,candidate_5,candidate_1,candidate_3,candidate_2,candidate_4,5,0.024
48,candidate_5,candidate_1,candidate_3,candidate_2,candidate_4,5,0.024
49,candidate_5,candidate_1,candidate_3,candidate_2,candidate_4,5,0.024
50,candidate_5,candidate_1,candidate_3,candidate_2,candidate_4,5,0.024
51,candidate_5,candidate_1,candidate_3,candidate_2,candidate_4,5,0.024
52,candidate_5,candidate_1,candidate_3,candidate_2,candidate_4,5,0.024
53,0,candidate_1,candidate_3,candidate_2,candidate_4,5,0.024
54,0,candidate_1,candidate_3,candidate_2,candidate_4,5,0.024
55,candidate_5,candidate_1,candidate_3,candidate_2,candidate_4,5,0.024
56,candidate_5,candidate_1,candidate_3,candidate_2,candidate_4,5,0.024
57,candidate_5,candidate_1,candidate_3,candidate_2,candidate_4,5,0.024
58,candidate_5,candidate_1,candidate_3,candidate_2,candidate_4,5,0.024
59,candidate_5,candidate_1,candidate_3,candidate_2,candidate_4,5,0.024
60,candidate_5,candidate_1,candidate_3,candidate_2,candidate_4,5,0.024
61,candidate_5,candidate_1,0,candidate_2,candidate_4,5,0.024
62,candidate_5,candidate_1,candidate_3,candidate_2,candidate_4,5,0.024
63,candidate_5,candidate_1,candidate_3,candidate_2,candidate_4,5,0.024
64,candidate_5,candidate_1,candidate_3,candidate_2,candidate_4,5,0.024
65,candidate_5,candidate_1,candidate_3,candidate_2,candidate_4,5,0.024
66,candidate_5,candidate_1,candidate_3,candidate_2,candidate_4,5,0.024
67,candidate_5,candidate_1,candidate_3,candidate_2,candidate_4,5,0.024
68,candidate_5,candidate_1,candidate_3,candidate_2,0,5,0.024
69,candidate_5,candidate_1,candidate_3,candidate_2,candidate_4,5,0.024
70,candidate_5,candidate_1,candidate_3,candidate_2,candidate_4,5,0.024
71,candidate_5,candidate_1,candidate_3,candidate_2,candidate_4,5,0.024
72,candidate_5,candidate_1,candidate_3,candidate_2,candidate_4,5,0.024
73,candidate_5,candidate_1,candidate_3,candidate_2,candidate_4,5,0.024
74,candidate_5,candidate_1,candidate_3,candidate_2,candidate_4,5,0.024
75,candidate_5,candidate_1,candidate_3,candidate_2,candidate_4,5,0.024
76,candidate_5,candidate_1,0,candidate_2,candidate_4,5,0.024
77,candidate_5,0,candidate_3,candidate_2,candidate_4,5,0.024
78,candidate_5,candidate_1,candidate_3,candidate_2,candidate_4,5,0.024
79,candidate_5,candidate_1,candidate_3,candidate_2,candidate_4,5,0.024
80,candidate_5,candidate_1,candidate_3,candidate_2,candidate_4,5,0.024
81,candidate_5,candidate_1,candidate_3,candidate_2,candidate_4,5,0.024
82,candidate_5,candidate_1,candidate_3,candidate_2,candidate_4,5,0.024
83,candidate_5,candidate_1,candidate_3,candidate_2,candidate_4,5,0.024
84,candidate_5,candidate_1,candidate_3,candidate_2,candidate_4,5,0.024
85,candidate_5,candidate_1,candidate_3,candidate_2,candidate_4,5,0.024
86,candidate_5,candidate_1,0,candidate_2,candidate_4,5,0.024
87,candidate_5,candidate_1,candidate_3,candidate_2,candidate_4,5,0.024
88,candidate_5,candidate_1,candidate_3,candidate_2,candidate_4,5,0.024
89,candidate_5,candidate_1,candidate_3,candidate_2,candidate_4,5,0.024
90,candidate_5,candidate_1,candidate_3,candidate_2,candidate_4,5,0.024
91,candidate_5,candidate_1,candidate_3,candidate_2,candidate_4,5,0.024
92,candidate_5,candidate_1,candidate_3,candidate_2,candidate_4,5,0.024
93,candidate_5,candidate_1,candidate_3,candidate_2,candidate_4,5,0.024
94,candidate_5,candidate_1,candidate_3,candidate_2,candidate_4,5,0.024
95,candidate_5,candidate_1,0,candidate_2,candidate_4,5,0.024
96,candidate_5,candidate_1,candidate_3,0,candidate_4,5,0.024
97,candidate_5,candidate_1,candidate_3,candidate_2,candidate_4,5,0.024
98,candidate_5,candidate_1,candidate_3,candidate_2,candidate_4,5,0.024
99,candidate_5,candidate_1,candidate_3,candidate_2,candidate_4,5,0.024
100,candidate_5,candidate_1,candidate_3,candidate_2,candidate_4,5,0.024
101,candidate_5,candidate_1,candidate_3,candidate_2,candidate_4,5,0.024
102,candidate_5,candidate_1,candidate_3,candidate_2,candidate_4,5,0.024
103,candidate_5,candidate_1,candidate_3,candidate_2,candidate_4,5,0.024
104,candidate_5,candidate_1,candidate_3,candidate_2,candidate_4,5,0.024
105,candidate_5,candidate_1,candidate_3,candidate_2,candidate_4,5,0.024
106,candidate_5,candidate_1,candidate_3,candidate_2,candidate_4,5,0.024
107,candidate_5,candidate_1,candidate_3,candidate_2,candidate_4,5,0.024
108,candidate_5,candidate_1,candidate_3,candidate_2,candidate_4,5,0.024
109,candidate_5,candidate_1,candidate_3,candidate_2,candidate_4,5,0.024
110,candidate_5,candidate_1,candidate_3,candidate_2,candidate_4,5,0.024
111,candidate_5,candidate_1,candidate_3,candidate_2,candidate_4,5,0.024
112,candidate_5,candidate_1,candidate_3,candidate_2,candidate_4,5,0.024
113,candidate_5,candidate_1,candidate_3,candidate_2,candidate_4,5,0.024
114,candidate_5,candidate_1,candidate_3,candidate_2,candidate_4,5,0.024
115,candidate_5,candidate_1,candidate_3,candidate_2,candidate_4,5,0.024
116,candidate_5,candidate_1,candidate_3,candidate_2,candidate_4,5,0.024
117,candidate_5,candidate_1,candidate_3,candidate_2,candidate_4,5,0.024
118,candidate_5,candidate_1,candidate_3,candidate_2,0,5,0.024
119,candidate_5,candidate_1,candidate_3,candidate_2,candidate_4,5,0.024
120,candidate_5,candidate_1,candidate_3,candidate_2,candidate_4,5,0.024
121,candidate_5,candidate_1,candidate_3,candidate_2,candidate_4,5,0.024
122,candidate_5,candidate_1,candidate_3,candidate_2,candidate_4,5,0.024
123,candidate_5,candidate_1,candidate_3,candidate_2,candidate_4,5,0.024
124,candidate_5,candidate_1,candidate_3,candidate_2,candidate_4,5,0.024
125,candidate_5,candidate_1,candidate_3,candidate_2,candidate_4,5,0.024
126,candidate_5,candidate_1,candidate_3,candidate_2,candidate_4,5,0.024
127,candidate_5,candidate_1,candidate_3,candidate_2,candidate_4,5,0.024
128,candidate_5,candidate_1,candidate_3,candidate_2,candidate_4,5,0.024
129,candidate_5,candidate_1,candidate_3,candidate_2,candidate_4,5,0.024
130,candidate_5,candidate_1,0,candidate_2,candidate_4,5,0.024
131,candidate_5,candidate_1,candidate_3,candidate_2,candidate_4,5,0.024
132,candidate_5,candidate_1,candidate_3,candidate_2,candidate_4,5,0.024
133,candidate_5,candidate_1,0,candidate_2,candidate_4,5,0.024
134,candidate_5,candidate_1,candidate_3,candidate_2,candidate_4,5,0.024
135,candidate_5,candidate_1,0,candidate_2,candidate_4,5,0.024
136,candidate_5,candidate_1,candidate_3,candidate_2,candidate_4,5,0.024
137,candidate_5,candidate_1,candidate_3,candidate_2,candidate_4,5,0.024
138,candidate_5,candidate_1,candidate_3,candidate_2,candidate_4,5,0.024
139,candidate_5,candidate_1,candidate_3,candidate_2,candidate_4,5,0.024
140,candidate_5,candidate_1,candidate_3,candidate_2,candidate_4,5,0.024
141,candidate_5,candidate_1,candidate_3,candidate_2,candidate_4,5,0.024
142,candidate_5,candidate_1,candidate_3,candidate_2,candidate_4,5,0.024
143,candidate_5,candidate_1,candidate_3,candidate_2,candidate_4,5,0.024
144,candidate_5,candidate_1,candidate_3,candidate_2,candidate_4,5,0.024
145,candidate_5,candidate_1,candidate_3,candidate_2,candidate_4,5,0.024
146,candidate_5,candidate_1,candidate_3,candidate_2,candidate_4,5,0.024
147,candidate_5,candidate_1,candidate_3,candidate_2,candidate_4,5,0.024
148,candidate_5,candidate_1,candidate_3,candidate_2,candidate_4,5,0.024
149,candidate_5,candidate_1,candidate_3,candidate_2,candidate_4,5,0.024
150,candidate_5,candidate_1,candidate_3,candidate_2,candidate_4,5,0.024
151,candidate_5,candidate_1,candidate_3,candidate_2,candidate_4,5,0.024
152,candidate_5,candidate_1,candidate_3,candidate_2,candidate_4,5,0.024
153,candidate_5,candidate_1,candidate_3,candidate_2,candidate_4,5,0.024
154,candidate_5,candidate_1,candidate_3,candidate_2,candidate_4,5,0.024
155,candidate_5,candidate_1,candidate_3,candidate_2,candidate_4,5,0.024
0,candidate_5,candidate_1,candidate_3,candidate_4,candidate_2,5,0.024
1,candidate_5,candidate_1,candidate_3,candidate_4,candidate_2,5,0.024
2,candidate_5,candidate_1,candidate_3,candidate_4,candidate_2,5,0.024
3,candidate_5,candidate_1,0,candidate_4,candidate_2,5,0.024
4,candidate_5,candidate_1,candidate_3,candidate_4,candidate_2,5,0.024
5,candidate_5,candidate_1,candidate_3,candidate_4,candidate_2,5,0.024
6,candidate_5,candidate_1,candidate_3,candidate_4,candidate_2,5,0.024
7,candidate_5,candidate_1,candidate_3,candidate_4,candidate_2,5,0.024
8,candidate_5,candidate_1,candidate_3,candidate_4,candidate_2,5,0.024
9,candidate_5,candidate_1,candidate_3,candidate_4,candidate_2,5,0.024
10,candidate_5,candidate_1,candidate_3,candidate_4,candidate_2,5,0.024
11,candidate_5,candidate_1,candidate_3,candidate_4,candidate_2,5,0.024
12,candidate_5,0,candidate_3,candidate_4,0,5,0.024
13,candidate_5,candidate_1,candidate_3,candidate_4,candidate_2,5,0.024
14,candidate_5,candidate_1,candidate_3,candidate_4,candidate_2,5,0.024
15,candidate_5,candidate_1,candidate_3,candidate_4,candidate_2,5,0.024
16,candidate_5,candidate_1,candidate_3,candidate_4,candidate_2,5,0.024
17,candidate_5,candidate_1,candidate_3,candidate_4,candidate_2,5,0.024
18,candidate_5,candidate_1,candidate_3,candidate_4,candidate_2,5,0.024
19,candidate_5,candidate_1,candidate_3,candidate_4,candidate_2,5,0.024
20,candidate_5,candidate_1,candidate_3,candidate_4,candidate_2,5,0.024
21,candidate_5,candidate_1,candidate_3,candidate_4,candidate_2,5,0.024
22,candidate_5,candidate_1,candidate_3,candidate_4,candidate_2,5,0.024
23,0,candidate_1,candidate_3,candidate_4,candidate_2,5,0.024
24,candidate_5,candidate_1,candidate_3,candidate_4,candidate_2,5,0.024
25,candidate_5,candidate_1,candidate_3,candidate_4,candidate_2,5,0.024
26,0,candidate_1,candidate_3,candidate_4,candidate_2,5,0.024
27,candidate_5,candidate_1,candidate_3,candidate_4,candidate_2,5,0.024
28,candidate_5,candidate_1,candidate_3,candidate_4,candidate_2,5,0.024
29,candidate_5,candidate_1,candidate_3,candidate_4,candidate_2,5,0.024
30,candidate_5,candidate_1,candidate_3,candidate_4,candidate_2,5,0.024
31,candidate_5,candidate_1,candidate_3,candidate_4,candidate_2,5,0.024
32,candidate_5,candidate_1,candidate_3,candidate_4,candidate_2,5,0.024
33,candidate_5,candidate_1,candidate_3,candidate_4,candidate_2,5,0.024
34,candidate_5,candidate_1,candidate_3,candidate_4,candidate_2,5,0.024
35,candidate_5,candidate_1,candidate_3,candidate_4,candidate_2,5,0.024
36,candidate_5,candidate_1,candidate_3,candidate_4,candidate_2,5,0.024
37,candidate_5,candidate_1,candidate_3,candidate_4,candidate_2,5,0.024
38,candidate_5,candidate_1,candidate_3,candidate_4,candidate_2,5,0.024
39,candidate_5,candidate_1,candidate_3,candidate_4,candidate_2,5,0.024
40,candidate_5,candidate_1,candidate_3,candidate_4,candidate_2,5,0.024
41,candidate_5,candidate_1,candidate_3,candidate_4,candidate_2,5,0.024
42,candidate_5,0,candidate_3,candidate_4,0,5,0.024
43,candidate_5,candidate_1,candidate_3,candidate_4,candidate_2,5,0.024
44,candidate_5,candidate_1,candidate_3,candidate_4,candidate_2,5,0.024
45,candidate_5,candidate_1,candidate_3,candidate_4,candidate_2,5,0.024
46,0,candidate_1,candidate_3,candidate_4,candidate_2,5,0.024
47,candidate_5,candidate_1,candidate_3,candidate_4,candidate_2,5,0.024
48,candidate_5,candidate_1,candidate_3,candidate_4,candidate_2,5,0.024
49,candidate_5,candidate_1,candidate_3,candidate_4,candidate_2,5,0.024
50,candidate_5,candidate_1,candidate_3,candidate_4,candidate_2,5,0.024
51,candidate_5,candidate_1,candidate_3,candidate_4,candidate_2,5,0.024
52,candidate_5,candidate_1,candidate_3,candidate_4,candidate_2,5,0.024
53,candidate_5,candidate_1,candidate_3,candidate_4,candidate_2,5,0.024
54,candidate_5,candidate_1,candidate_3,candidate_4,candidate_2,5,0.024
55,candidate_5,candidate_1,0,candidate_4,candidate_2,5,0.024
56,candidate_5,candidate_1,candidate_3,candidate_4,candidate_2,5,0.024
57,candidate_5,candidate_1,candidate_3,candidate_4,candidate_2,5,0.024
58,candidate_5,candidate_1,candidate_3,candidate_4,candidate_2,5,0.024
59,candidate_5,candidate_1,candidate_3,candidate_4,candidate_2,5,0.024
60,candidate_5,candidate_1,candidate_3,candidate_4,candidate_2,5,0.024
61,candidate_5,candidate_1,candidate_3,candidate_4,candidate_2,5,0.024
62,candidate_5,candidate_1,candidate_3,candidate_4,candidate_2,5,0.024
63,candidate_5,candidate_1,candidate_3,candidate_4,candidate_2,5,0.024
64,candidate_5,candidate_1,candidate_3,candidate_4,candidate_2,5,0.024
65,candidate_5,candidate_1,candidate_3,candidate_4,candidate_2,5,0.024
66,candidate_5,candidate_1,candidate_3,candidate_4,candidate_2,5,0.024
67,candidate_5,candidate_1,candidate_3,candidate_4,candidate_2,5,0.024
68,candidate_5,candidate_1,candidate_3,candidate_4,candidate_2,5,0.024
69,candidate_5,candidate_1,candidate_3,candidate_4,candidate_2,5,0.024
70,candidate_5,candidate_1,candidate_3,candidate_4,candidate_2,5,0.024
71,candidate_5,candidate_1,candidate_3,candidate_4,candidate_2,5,0.024
72,candidate_5,candidate_1,candidate_3,candidate_4,candidate_2,5,0.024
73,candidate_5,candidate_1,candidate_3,candidate_4,candidate_2,5,0.024
74,candidate_5,candidate_1,candidate_3,candidate_4,candidate_2,5,0.024
75,candidate_5,candidate_1,candidate_3,candidate_4,0,5,0.024
76,candidate_5,candidate_1,0,candidate_4,candidate_2,5,0.024
77,candidate_5,candidate_1,candidate_3,candidate_4,candidate_2,5,0.024
78,candidate_5,candidate_1,candidate_3,candidate_4,candidate_2,5,0.024
79,candidate_5,candidate_1,candidate_3,candidate_4,candidate_2,5,0.024
80,candidate_5,candidate_1,candidate_3,candidate_4,candidate_2,5,0.024
81,candidate_5,0,candidate_3,candidate_4,candidate_2,5,0.024
82,candidate_5,candidate_1,candidate_3,candidate_4,candidate_2,5,0.024
83,candidate_5,candidate_1,candidate_3,candidate_4,candidate_2,5,0.024
84,candidate_5,candidate_1,candidate_3,candidate_4,candidate_2,5,0.024
85,candidate_5,candidate_1,candidate_3,candidate_4,candidate_2,5,0.024
86,candidate_5,candidate_1,candidate_3,candidate_4,candidate_2,5,0.024
87,candidate_5,candidate_1,candidate_3,candidate_4,candidate_2,5,0.024
88,candidate_5,candidate_1,candidate_3,candidate_4,candidate_2,5,0.024
89,candidate_5,candidate_1,candidate_3,candidate_4,candidate_2,5,0.024
90,candidate_5,candidate_1,candidate_3,candidate_4,candidate_2,5,0.024
91,candidate_5,candidate_1,candidate_3,candidate_4,candidate_2,5,0.024
92,candidate_5,candidate_1,candidate_3,candidate_4,candidate_2,5,0.024
93,candidate_5,candidate_1,candidate_3,candidate_4,candidate_2,5,0.024
94,candidate_5,candidate_1,candidate_3,candidate_4,candidate_2,5,0.024
95,candidate_5,candidate_1,candidate_3,candidate_4,candidate_2,5,0.024
96,candidate_5,candidate_1,candidate_3,candidate_4,candidate_2,5,0.024
97,candidate_5,candidate_1,candidate_3,candidate_4,candidate_2,5,0.024
98,candidate_5,candidate_1,candidate_3,candidate_4,candidate_2,5,0.024
99,candidate_5,0,candidate_3,candidate_4,candidate_2,5,0.024
100,candidate_5,candidate_1,candidate_3,candidate_4,candidate_2,5,0.024
101,candidate_5,candidate_1,candidate_3,candidate_4,candidate_2,5,0.024
102,candidate_5,candidate_1,candidate_3,candidate_4,candidate_2,5,0.024
103,candidate_5,candidate_1,candidate_3,candidate_4,candidate_2,5,0.024
104,candidate_5,candidate_1,candidate_3,candidate_4,candidate_2,5,0.024
105,candidate_5,candidate_1,candidate_3,candidate_4,candidate_2,5,0.024
0,candidate_5,candidate_1,candidate_4,candidate_2,candidate_3,5,0.024
1,candidate_5,candidate_1,candidate_4,candidate_2,candidate_3,5,0.024
2,candidate_5,candidate_1,candidate_4,candidate_2,candidate_3,5,0.024
3,candidate_5,candidate_1,candidate_4,candidate_2,candidate_3,5,0.024
4,candidate_5,candidate_1,candidate_4,candidate_2,candidate_3,5,0.024
5,candidate_5,candidate_1,candidate_4,candidate_2,candidate_3,5,0.024
6,candidate_5,candidate_1,candidate_4,candidate_2,candidate_3,5,0.024
7,candidate_5,candidate_1,candidate_4,candidate_2,candidate_3,5,0.024
8,candidate_5,candidate_1,candidate_4,candidate_2,candidate_3,5,0.024
9,candidate_5,candidate_1,candidate_4,candidate_2,candidate_3,5,0.024
10,candidate_5,candidate_1,candidate_4,candidate_2,candidate_3,5,0.024
11,candidate_5,candidate_1,candidate_4,candidate_2,candidate_3,5,0.024
12,candidate_5,candidate_1,candidate_4,candidate_2,candidate_3,5,0.024
13,candidate_5,candidate_1,candidate_4,candidate_2,candidate_3,5,0.024
14,candidate_5,candidate_1,candidate_4,candidate_2,candidate_3,5,0.024
15,candidate_5,0,candidate_4,candidate_2,candidate_3,5,0.024
16,candidate_5,candidate_1,candidate_4,candidate_2,0,5,0.024
17,candidate_5,candidate_1,candidate_4,0,candidate_3,5,0.024
18,candidate_5,candidate_1,candidate_4,candidate_2,candidate_3,5,0.024
19,candidate_5,candidate_1,candidate_4,candidate_2,candidate_3,5,0.024
20,candidate_5,candidate_1,candidate_4,candidate_2,candidate_3,5,0.024
21,candidate_5,candidate_1,candidate_4,candidate_2,candidate_3,5,0.024
22,candidate_5,candidate_1,candidate_4,candidate_2,candidate_3,5,0.024
23,candidate_5,candidate_1,candidate_4,candidate_2,candidate_3,5,0.024
24,candidate_5,candidate_1,candidate_4,candidate_2,candidate_3,5,0.024
25,candidate_5,candidate_1,candidate_4,candidate_2,candidate_3,5,0.024
26,candidate_5,candidate_1,candidate_4,candidate_2,candidate_3,5,0.024
27,candidate_5,candidate_1,candidate_4,candidate_2,candidate_3,5,0.024
28,candidate_5,candidate_1,candidate_4,candidate_2,candidate_3,5,0.024
29,candidate_5,candidate_1,candidate_4,candidate_2,candidate_3,5,0.024
30,candidate_5,candidate_1,candidate_4,candidate_2,0,5,0.024
31,candidate_5,candidate_1,candidate_4,candidate_2,candidate_3,5,0.024
32,candidate_5,candidate_1,candidate_4,candidate_2,candidate_3,5,0.024
33,candidate_5,candidate_1,candidate_4,candidate_2,candidate_3,5,0.024
34,candidate_5,candidate_1,candidate_4,candidate_2,candidate_3,5,0.024
35,0,candidate_1,candidate_4,candidate_2,candidate_3,5,0.024
36,candidate_5,candidate_1,candidate_4,candidate_2,candidate_3,5,0.024
37,candidate_5,candidate_1,candidate_4,candidate_2,candidate_3,5,0.024
38,candidate_5,candidate_1,candidate_4,candidate_2,candidate_3,5,0.024
39,candidate_5,candidate_1,candidate_4,candidate_2,candidate_3,5,0.024
40,0,candidate_1,candidate_4,candidate_2,candidate_3,5,0.024
41,candidate_5,candidate_1,candidate_4,candidate_2,candidate_3,5,0.024
42,candidate_5,candidate_1,candidate_4,candidate_2,candidate_3,5,0.024
43,candidate_5,candidate_1,candidate_4,candidate_2,candidate_3,5,0.024
44,candidate_5,candidate_1,candidate_4,candidate_2,candidate_3,5,0.024
45,candidate_5,candidate_1,candidate_4,candidate_2,candidate_3,5,0.024
46,candidate_5,candidate_1,candidate_4,candidate_2,candidate_3,5,0.024
47,candidate_5,candidate_1,candidate_4,candidate_2,candidate_3,5,0.024
48,candidate_5,candidate_1,candidate_4,candidate_2,candidate_3,5,0.024
49,candidate_5,candidate_1,candidate_4,candidate_2,0,5,0.024
50,candidate_5,candidate_1,candidate_4,candidate_2,candidate_3,5,0.024
51,candidate_5,candidate_1,candidate_4,candidate_2,candidate_3,5,0.024
52,candidate_5,candidate_1,candidate_4,candidate_2,0,5,0.024
53,candidate_5,candidate_1,candidate_4,candidate_2,candidate_3,5,0.024
54,candidate_5,candidate_1,candidate_4,candidate_2,candidate_3,5,0.024
55,candidate_5,candidate_1,candidate_4,candidate_2,candidate_3,5,0.024
56,candidate_5,candidate_1,candidate_4,candidate_2,candidate_3,5,0.024
57,candidate_5,candidate_1,candidate_4,candidate_2,candidate_3,5,0.024
58,candidate_5,candidate_1,candidate_4,candidate_2,candidate_3,5,0.024
59,candidate_5,candidate_1,candidate_4,candidate_2,candidate_3,5,0.024
60,candidate_5,candidate_1,candidate_4,candidate_2,candidate_3,5,0.024
61,candidate_5,candidate_1,candidate_4,candidate_2,candidate_3,5,0.024
62,candidate_5,0,candidate_4,candidate_2,candidate_3,5,0.024
63,candidate_5,candidate_1,candidate_4,candidate_2,candidate_3,5,0.024
64,candidate_5,candidate_1,candidate_4,0,candidate_3,5,0.024
65,candidate_5,candidate_1,candidate_4,candidate_2,candidate_3,5,0.024
66,candidate_5,candidate_1,candidate_4,candidate_2,candidate_3,5,0.024
67,candidate_5,candidate_1,candidate_4,candidate_2,candidate_3,5,0.024
68,candidate_5,candidate_1,candidate_4,candidate_2,candidate_3,5,0.024
69,candidate_5,candidate_1,candidate_4,candidate_2,candidate_3,5,0.024
70,candidate_5,candidate_1,candidate_4,candidate_2,candidate_3,5,0.024
71,candidate_5,candidate_1,candidate_4,candidate_2,candidate_3,5,0.024
0,candidate_5,candidate_1,candidate_4,candidate_3,candidate_2,5,0.024
1,candidate_5,candidate_1,candidate_4,candidate_3,0,5,0.024
2,candidate_5,candidate_1,candidate_4,candidate_3,candidate_2,5,0.024
3,candidate_5,candidate_1,candidate_4,candidate_3,candidate_2,5,0.024
4,candidate_5,candidate_1,candidate_4,candidate_3,candidate_2,5,0.024
5,candidate_5,candidate_1,candidate_4,candidate_3,candidate_2,5,0.024
6,candidate_5,candidate_1,candidate_4,candidate_3,candidate_2,5,0.024
7,candidate_5,candidate_1,candidate_4,candidate_3,candidate_2,5,0.024
8,candidate_5,candidate_1,candidate_4,candidate_3,candidate_2,5,0.024
9,candidate_5,candidate_1,candidate_4,candidate_3,candidate_2,5,0.024
10,candidate_5,candidate_1,0,candidate_3,candidate_2,5,0.024
11,candidate_5,candidate_1,candidate_4,0,candidate_2,5,0.024
12,candidate_5,candidate_1,candidate_4,candidate_3,candidate_2,5,0.024
13,candidate_5,candidate_1,candidate_4,candidate_3,candidate_2,5,0.024
14,candidate_5,candidate_1,candidate_4,candidate_3,candidate_2,5,0.024
15,candidate_5,candidate_1,candidate_4,candidate_3,candidate_2,5,0.024
16,candidate_5,candidate_1,candidate_4,candidate_3,candidate_2,5,0.024
17,0,candidate_1,candidate_4,candidate_3,candidate_2,5,0.024
18,candidate_5,candidate_1,candidate_4,candidate_3,candidate_2,5,0.024
0,candidate_5,candidate_2,candidate_1,candidate_3,candidate_4,5,0.024
1,candidate_5,candidate_2,candidate_1,candidate_3,candidate_4,5,0.024
2,candidate_5,candidate_2,candidate_1,candidate_3,candidate_4,5,0.024
3,candidate_5,candidate_2,candidate_1,candidate_3,candidate_4,5,0.024
4,candidate_5,candidate_2,candidate_1,0,candidate_4,5,0.024
5,candidate_5,0,candidate_1,candidate_3,candidate_4,5,0.024
6,candidate_5,candidate_2,candidate_1,candidate_3,candidate_4,5,0.024
7,candidate_5,candidate_2,candidate_1,candidate_3,candidate_4,5,0.024
8,candidate_5,candidate_2,candidate_1,candidate_3,candidate_4,5,0.024
9,candidate_5,candidate_2,candidate_1,candidate_3,candidate_4,5,0.024
10,candidate_5,candidate_2,candidate_1,candidate_3,candidate_4,5,0.024
11,candidate_5,candidate_2,candidate_1,candidate_3,candidate_4,5,0.024
12,candidate_5,candidate_2,candidate_1,candidate_3,candidate_4,5,0.024
13,candidate_5,candidate_2,candidate_1,candidate_3,candidate_4,5,0.024
14,candidate_5,candidate_2,candidate_1,candidate_3,candidate_4,5,0.024
15,candidate_5,candidate_2,candidate_1,candidate_3,candidate_4,5,0.024
16,candidate_5,candidate_2,candidate_1,candidate_3,candidate_4,5,0.024
17,0,candidate_2,candidate_1,candidate_3,candidate_4,5,0.024
18,candidate_5,candidate_2,candidate_1,candidate_3,candidate_4,5,0.024
19,candidate_5,candidate_2,candidate_1,candidate_3,candidate_4,5,0.024
20,candidate_5,candidate_2,candidate_1,candidate_3,candidate_4,5,0.024
21,candidate_5,candidate_2,candidate_1,candidate_3,candidate_4,5,0.024
22,candidate_5,candidate_2,candidate_1,candidate_3,candidate_4,5,0.024
23,candidate_5,candidate_2,candidate_1,candidate_3,candidate_4,5,0.024
24,candidate_5,candidate_2,candidate_1,candidate_3,candidate_4,5,0.024
25,candidate_5,candidate_2,candidate_1,candidate_3,candidate_4,5,0.024
26,candidate_5,candidate_2,candidate_1,candidate_3,candidate_4,5,0.024
27,candidate_5,candidate_2,candidate_1,candidate_3,candidate_4,5,0.024
28,candidate_5,candidate_2,candidate_1,candidate_3,candidate_4,5,0.024
29,candidate_5,candidate_2,candidate_1,candidate_3,candidate_4,5,0.024
30,candidate_5,candidate_2,candidate_1,candidate_3,candidate_4,5,0.024
31,candidate_5,candidate_2,candidate_1,candidate_3,candidate_4,5,0.024
32,candidate_5,candidate_2,candidate_1,candidate_3,candidate_4,5,0.024
33,candidate_5,candidate_2,candidate_1,candidate_3,candidate_4,5,0.024
34,candidate_5,candidate_2,candidate_1,candidate_3,candidate_4,5,0.024
35,candidate_5,candidate_2,candidate_1,candidate_3,candidate_4,5,0.024
36,candidate_5,candidate_2,candidate_1,candidate_3,candidate_4,5,0.024
37,candidate_5,candidate_2,candidate_1,candidate_3,candidate_4,5,0.024
38,candidate_5,candidate_2,candidate_1,candidate_3,candidate_4,5,0.024
39,candidate_5,candidate_2,candidate_1,candidate_3,candidate_4,5,0.024
40,candidate_5,candidate_2,candidate_1,candidate_3,candidate_4,5,0.024
41,candidate_5,candidate_2,candidate_1,candidate_3,candidate_4,5,0.024
42,candidate_5,candidate_2,candidate_1,candidate_3,candidate_4,5,0.024
43,candidate_5,candidate_2,candidate_1,candidate_3,candidate_4,5,0.024
44,0,candidate_2,candidate_1,candidate_3,candidate_4,5,0.024
45,candidate_5,candidate_2,candidate_1,candidate_3,candidate_4,5,0.024
46,candidate_5,candidate_2,candidate_1,candidate_3,candidate_4,5,0.024
47,candidate_5,candidate_2,candidate_1,candidate_3,candidate_4,5,0.024
48,candidate_5,candidate_2,candidate_1,candidate_3,candidate_4,5,0.024
49,candidate_5,candidate_2,candidate_1,candidate_3,candidate_4,5,0.024
50,candidate_5,candidate_2,candidate_1,candidate_3,candidate_4,5,0.024
51,candidate_5,candidate_2,candidate_1,candidate_3,candidate_4,5,0.024
52,candidate_5,candidate_2,candidate_1,candidate_3,candidate_4,5,0.024
53,candidate_5,candidate_2,candidate_1,candidate_3,candidate_4,5,0.024
54,candidate_5,candidate_2,candidate_1,candidate_3,candidate_4,5,0.024
55,candidate_5,candidate_2,candidate_1,candidate_3,candidate_4,5,0.024
56,candidate_5,candidate_2,candidate_1,candidate_3,candidate_4,5,0.024
57,candidate_5,candidate_2,candidate_1,candidate_3,candidate_4,5,0.024
58,candidate_5,candidate_2,candidate_1,candidate_3,candidate_4,5,0.024
59,candidate_5,candidate_2,candidate_1,candidate_3,candidate_4,5,0.024
60,candidate_5,candidate_2,candidate_1,candidate_3,candidate_4,5,0.024
61,candidate_5,candidate_2,candidate_1,candidate_3,candidate_4,5,0.024
62,0,0,candidate_1,candidate_3,candidate_4,5,0.024
63,candidate_5,candidate_2,candidate_1,candidate_3,candidate_4,5,0.024
64,candidate_5,candidate_2,candidate_1,candidate_3,candidate_4,5,0.024
65,candidate_5,candidate_2,candidate_1,candidate_3,candidate_4,5,0.024
66,candidate_5,candidate_2,candidate_1,candidate_3,0,5,0.024
67,candidate_5,candidate_2,candidate_1,candidate_3,candidate_4,5,0.024
68,candidate_5,candidate_2,candidate_1,candidate_3,candidate_4,5,0.024
69,candidate_5,candidate_2,candidate_1,candidate_3,candidate_4,5,0.024
70,candidate_5,candidate_2,candidate_1,candidate_3,0,5,0.024
71,candidate_5,candidate_2,candidate_1,candidate_3,candidate_4,5,0.024
72,candidate_5,candidate_2,candidate_1,candidate_3,candidate_4,5,0.024
73,candidate_5,candidate_2,candidate_1,candidate_3,candidate_4,5,0.024
74,candidate_5,candidate_2,candidate_1,candidate_3,candidate_4,5,0.024
75,candidate_5,candidate_2,candidate_1,candidate_3,candidate_4,5,0.024
76,candidate_5,candidate_2,candidate_1,candidate_3,candidate_4,5,0.024
77,candidate_5,candidate_2,candidate_1,candidate_3,candidate_4,5,0.024
78,candidate_5,candidate_2,candidate_1,candidate_3,candidate_4,5,0.024
79,candidate_5,candidate_2,candidate_1,candidate_3,candidate_4,5,0.024
80,candidate_5,candidate_2,candidate_1,candidate_3,candidate_4,5,0.024
81,candidate_5,candidate_2,candidate_1,candidate_3,candidate_4,5,0.024
82,candidate_5,candidate_2,candidate_1,candidate_3,candidate_4,5,0.024
83,candidate_5,candidate_2,candidate_1,candidate_3,candidate_4,5,0.024
84,candidate_5,candidate_2,candidate_1,candidate_3,candidate_4,5,0.024
85,candidate_5,candidate_2,candidate_1,0,candidate_4,5,0.024
86,candidate_5,candidate_2,candidate_1,candidate_3,candidate_4,5,0.024
87,candidate_5,candidate_2,candidate_1,candidate_3,candidate_4,5,0.024
88,candidate_5,candidate_2,candidate_1,candidate_3,candidate_4,5,0.024
0,candidate_5,candidate_2,candidate_1,candidate_4,candidate_3,5,0.024
1,candidate_5,candidate_2,candidate_1,candidate_4,candidate_3,5,0.024
2,candidate_5,candidate_2,candidate_1,candidate_4,candidate_3,5,0.024
3,candidate_5,candidate_2,candidate_1,candidate_4,candidate_3,5,0.024
4,0,candidate_2,candidate_1,candidate_4,candidate_3,5,0.024
5,candidate_5,candidate_2,candidate_1,candidate_4,candidate_3,5,0.024
6,candidate_5,candidate_2,candidate_1,candidate_4,candidate_3,5,0.024
7,candidate_5,candidate_2,candidate_1,candidate_4,candidate_3,5,0.024
8,candidate_5,candidate_2,candidate_1,candidate_4,candidate_3,5,0.024
9,candidate_5,candidate_2,candidate_1,candidate_4,candidate_3,5,0.024
10,candidate_5,candidate_2,candidate_1,candidate_4,candidate_3,5,0.024
11,candidate_5,candidate_2,candidate_1,candidate_4,candidate_3,5,0.024
12,candidate_5,candidate_2,candidate_1,candidate_4,candidate_3,5,0.024
13,0,candidate_2,candidate_1,candidate_4,candidate_3,5,0.024
14,candidate_5,candidate_2,candidate_1,candidate_4,candidate_3,5,0.024
15,candidate_5,candidate_2,candidate_1,candidate_4,candidate_3,5,0.024
16,candidate_5,candidate_2,candidate_1,candidate_4,candidate_3,5,0.024
17,candidate_5,candidate_2,candidate_1,candidate_4,candidate_3,5,0.024
18,candidate_5,candidate_2,candidate_1,candidate_4,candidate_3,5,0.024
19,candidate_5,candidate_2,candidate_1,candidate_4,candidate_3,5,0.024
20,candidate_5,candidate_2,candidate_1,candidate_4,candidate_3,5,0.024
21,candidate_5,candidate_2,candidate_1,candidate_4,candidate_3,5,0.024
22,candidate_5,candidate_2,candidate_1,candidate_4,candidate_3,5,0.024
23,candidate_5,candidate_2,candidate_1,candidate_4,candidate_3,5,0.024
24,candidate_5,candidate_2,candidate_1,candidate_4,candidate_3,5,0.024
25,0,candidate_2,candidate_1,candidate_4,candidate_3,5,0.024
26,candidate_5,candidate_2,candidate_1,candidate_4,candidate_3,5,0.024
27,candidate_5,candidate_2,candidate_1,candidate_4,candidate_3,5,0.024
28,candidate_5,candidate_2,candidate_1,candidate_4,candidate_3,5,0.024
29,candidate_5,candidate_2,candidate_1,candidate_4,candidate_3,5,0.024
30,candidate_5,candidate_2,candidate_1,candidate_4,candidate_3,5,0.024
31,candidate_5,candidate_2,candidate_1,candidate_4,candidate_3,5,0.024
32,candidate_5,candidate_2,candidate_1,candidate_4,candidate_3,5,0.024
33,candidate_5,candidate_2,candidate_1,candidate_4,candidate_3,5,0.024
34,candidate_5,candidate_2,candidate_1,candidate_4,candidate_3,5,0.024
35,candidate_5,candidate_2,candidate_1,candidate_4,candidate_3,5,0.024
36,candidate_5,candidate_2,candidate_1,candidate_4,candidate_3,5,0.024
37,candidate_5,candidate_2,candidate_1,candidate_4,candidate_3,5,0.024
38,candidate_5,candidate_2,candidate_1,candidate_4,candidate_3,5,0.024
39,candidate_5,0,candidate_1,candidate_4,candidate_3,5,0.024
40,candidate_5,candidate_2,candidate_1,candidate_4,candidate_3,5,0.024
41,candidate_5,candidate_2,candidate_1,candidate_4,candidate_3,5,0.024
42,candidate_5,candidate_2,candidate_1,candidate_4,candidate_3,5,0.024
43,candidate_5,candidate_2,candidate_1,candidate_4,candidate_3,5,0.024
44,candidate_5,0,candidate_1,candidate_4,candidate_3,5,0.024
45,candidate_5,candidate_2,candidate_1,candidate_4,candidate_3,5,0.024
46,candidate_5,candidate_2,candidate_1,candidate_4,candidate_3,5,0.024
47,candidate_5,candidate_2,candidate_1,candidate_4,candidate_3,5,0.024
48,candidate_5,candidate_2,candidate_1,candidate_4,candidate_3,5,0.024
49,candidate_5,candidate_2,candidate_1,candidate_4,candidate_3,5,0.024
50,candidate_5,candidate_2,candidate_1,candidate_4,candidate_3,5,0.024
51,candidate_5,candidate_2,candidate_1,candidate_4,candidate_3,5,0.024
52,candidate_5,candidate_2,candidate_1,candidate_4,candidate_3,5,0.024
53,candidate_5,candidate_2,candidate_1,candidate_4,candidate_3,5,0.024
54,candidate_5,candidate_2,candidate_1,candidate_4,candidate_3,5,0.024
55,candidate_5,candidate_2,candidate_1,candidate_4,candidate_3,5,0.024
0,candidate_5,candidate_2,candidate_3,candidate_1,candidate_4,5,0.024
1,candidate_5,candidate_2,candidate_3,candidate_1,candidate_4,5,0.024
2,candidate_5,candidate_2,candidate_3,candidate_1,candidate_4,5,0.024
3,candidate_5,candidate_2,candidate_3,candidate_1,candidate_4,5,0.024
4,candidate_5,candidate_2,candidate_3,candidate_1,candidate_4,5,0.024
5,candidate_5,candidate_2,candidate_3,candidate_1,candidate_4,5,0.024
6,candidate_5,candidate_2,candidate_3,candidate_1,candidate_4,5,0.024
7,candidate_5,candidate_2,candidate_3,candidate_1,candidate_4,5,0.024
8,candidate_5,candidate_2,candidate_3,candidate_1,candidate_4,5,0.024
9,candidate_5,candidate_2,candidate_3,candidate_1,candidate_4,5,0.024
10,candidate_5,candidate_2,candidate_3,candidate_1,candidate_4,5,0.024
11,candidate_5,candidate_2,candidate_3,candidate_1,candidate_4,5,0.024
12,candidate_5,candidate_2,candidate_3,candidate_1,0,5,0.024
13,candidate_5,candidate_2,candidate_3,candidate_1,candidate_4,5,0.024
14,candidate_5,candidate_2,candidate_3,candidate_1,candidate_4,5,0.024
15,candidate_5,candidate_2,candidate_3,candidate_1,candidate_4,5,0.024
16,candidate_5,candidate_2,candidate_3,0,candidate_4,5,0.024
17,candidate_5,candidate_2,candidate_3,candidate_1,candidate_4,5,0.024
18,candidate_5,0,candidate_3,candidate_1,candidate_4,5,0.024
19,candidate_5,candidate_2,candidate_3,candidate_1,candidate_4,5,0.024
20,candidate_5,candidate_2,candidate_3,candidate_1,candidate_4,5,0.024
21,candidate_5,candidate_2,candidate_3,candidate_1,candidate_4,5,0.024
22,candidate_5,candidate_2,candidate_3,candidate_1,candidate_4,5,0.024
23,candidate_5,candidate_2,candidate_3,candidate_1,candidate_4,5,0.024
24,0,candidate_2,candidate_3,candidate_1,candidate_4,5,0.024
25,candidate_5,candidate_2,candidate_3,candidate_1,candidate_4,5,0.024
26,candidate_5,candidate_2,candidate_3,candidate_1,candidate_4,5,0.024
27,candidate_5,candidate_2,candidate_3,candidate_1,candidate_4,5,0.024
28,candidate_5,candidate_2,candidate_3,candidate_1,candidate_4,5,0.024
29,candidate_5,candidate_2,candidate_3,candidate_1,candidate_4,5,0.024
30,candidate_5,candidate_2,candidate_3,candidate_1,candidate_4,5,0.024
31,candidate_5,candidate_2,candidate_3,candidate_1,candidate_4,5,0.024
32,candidate_5,candidate_2,candidate_3,candidate_1,candidate_4,5,0.024
33,candidate_5,candidate_2,candidate_3,candidate_1,candidate_4,5,0.024
34,candidate_5,candidate_2,candidate_3,candidate_1,candidate_4,5,0.024
35,candidate_5,candidate_2,candidate_3,candidate_1,candidate_4,5,0.024
36,candidate_5,candidate_2,candidate_3,candidate_1,candidate_4,5,0.024
37,candidate_5,candidate_2,candidate_3,candidate_1,candidate_4,5,0.024
38,candidate_5,candidate_2,candidate_3,candidate_1,candidate_4,5,0.024
39,candidate_5,candidate_2,candidate_3,candidate_1,candidate_4,5,0.024
40,candidate_5,candidate_2,candidate_3,candidate_1,candidate_4,5,0.024
41,candidate_5,candidate_2,0,candidate_1,candidate_4,5,0.024
42,candidate_5,candidate_2,candidate_3,candidate_1,candidate_4,5,0.024
43,candidate_5,candidate_2,candidate_3,candidate_1,candidate_4,5,0.024
44,candidate_5,candidate_2,candidate_3,candidate_1,candidate_4,5,0.024
45,candidate_5,candidate_2,candidate_3,candidate_1,candidate_4,5,0.024
46,candidate_5,candidate_2,candidate_3,candidate_1,candidate_4,5,0.024
47,candidate_5,candidate_2,candidate_3,candidate_1,candidate_4,5,0.024
48,candidate_5,candidate_2,candidate_3,candidate_1,candidate_4,5,0.024
49,candidate_5,candidate_2,candidate_3,0,candidate_4,5,0.024
50,candidate_5,candidate_2,candidate_3,candidate_1,candidate_4,5,0.024
51,candidate_5,0,candidate_3,candidate_1,0,5,0.024
52,candidate_5,candidate_2,candidate_3,candidate_1,candidate_4,5,0.024
53,candidate_5,candidate_2,candidate_3,candidate_1,candidate_4,5,0.024
54,candidate_5,candidate_2,candidate_3,candidate_1,candidate_4,5,0.024
55,candidate_5,candidate_2,0,candidate_1,candidate_4,5,0.024
56,candidate_5,candidate_2,candidate_3,candidate_1,candidate_4,5,0.024
57,candidate_5,candidate_2,candidate_3,candidate_1,candidate_4,5,0.024
58,candidate_5,candidate_2,candidate_3,candidate_1,candidate_4,5,0.024
59,candidate_5,candidate_2,candidate_3,candidate_1,candidate_4,5,0.024
60,candidate_5,candidate_2,candidate_3,candidate_1,candidate_4,5,0.024
61,candidate_5,candidate_2,candidate_3,candidate_1,candidate_4,5,0.024
62,candidate_5,candidate_2,candidate_3,candidate_1,candidate_4,5,0.024
63,candidate_5,candidate_2,candidate_3,0,candidate_4,5,0.024
64,candidate_5,candidate_2,candidate_3,candidate_1,candidate_4,5,0.024
65,candidate_5,candidate_2,candidate_3,candidate_1,candidate_4,5,0.024
66,candidate_5,candidate_2,candidate_3,candidate_1,candidate_4,5,0.024
67,candidate_5,candidate_2,candidate_3,candidate_1,candidate_4,5,0.024
68,candidate_5,candidate_2,candidate_3,candidate_1,candidate_4,5,0.024
69,candidate_5,candidate_2,candidate_3,candidate_1,candidate_4,5,0.024
70,candidate_5,candidate_2,candidate_3,candidate_1,candidate_4,5,0.024
71,candidate_5,candidate_2,candidate_3,candidate_1,candidate_4,5,0.024
72,candidate_5,candidate_2,candidate_3,candidate_1,candidate_4,5,0.024
73,candidate_5,candidate_2,candidate_3,candidate_1,candidate_4,5,0.024
74,candidate_5,candidate_2,candidate_3,candidate_1,candidate_4,5,0.024
75,candidate_5,candidate_2,candidate_3,candidate_1,candidate_4,5,0.024
76,candidate_5,candidate_2,candidate_3,candidate_1,0,5,0.024
77,candidate_5,candidate_2,candidate_3,candidate_1,0,5,0.024
78,candidate_5,candidate_2,candidate_3,candidate_1,candidate_4,5,0.024
79,candidate_5,candidate_2,candidate_3,candidate_1,candidate_4,5,0.024
80,candidate_5,candidate_2,candidate_3,candidate_1,candidate_4,5,0.024
81,candidate_5,candidate_2,candidate_3,candidate_1,candidate_4,5,0.024
82,candidate_5,candidate_2,candidate_3,candidate_1,candidate_4,5,0.024
83,candidate_5,candidate_2,candidate_3,candidate_1,candidate_4,5,0.024
84,candidate_5,candidate_2,candidate_3,candidate_1,candidate_4,5,0.024
85,candidate_5,candidate_2,candidate_3,candidate_1,candidate_4,5,0.024
86,candidate_5,candidate_2,candidate_3,candidate_1,candidate_4,5,0.024
87,candidate_5,candidate_2,candidate_3,candidate_1,candidate_4,5,0.024
88,candidate_5,candidate_2,candidate_3,candidate_1,candidate_4,5,0.024
89,candidate_5,candidate_2,0,candidate_1,candidate_4,5,0.024
90,candidate_5,candidate_2,candidate_3,candidate_1,candidate_4,5,0.024
91,candidate_5,candidate_2,candidate_3,candidate_1,candidate_4,5,0.024
92,candidate_5,candidate_2,candidate_3,candidate_1,candidate_4,5,0.024
93,candidate_5,candidate_2,candidate_3,candidate_1,candidate_4,5,0.024
94,candidate_5,candidate_2,candidate_3,candidate_1,candidate_4,5,0.024
95,candidate_5,candidate_2,candidate_3,candidate_1,candidate_4,5,0.024
96,0,candidate_2,candidate_3,candidate_1,candidate_4,5,0.024
97,candidate_5,candidate_2,candidate_3,candidate_1,candidate_4,5,0.024
98,candidate_5,candidate_2,candidate_3,candidate_1,candidate_4,5,0.024
99,candidate_5,candidate_2,candidate_3,candidate_1,candidate_4,5,0.024
100,candidate_5,candidate_2,candidate_3,candidate_1,candidate_4,5,0.024
101,candidate_5,candidate_2,candidate_3,candidate_1,candidate_4,5,0.024
102,candidate_5,candidate_2,candidate_3,candidate_1,candidate_4,5,0.024
103,candidate_5,candidate_2,candidate_3,candidate_1,candidate_4,5,0.024
104,candidate_5,candidate_2,candidate_3,candidate_1,candidate_4,5,0.024
105,candidate_5,candidate_2,candidate_3,candidate_1,candidate_4,5,0.024
106,candidate_5,candidate_2,candidate_3,candidate_1,0,5,0.024
107,candidate_5,candidate_2,candidate_3,candidate_1,candidate_4,5,0.024
108,candidate_5,candidate_2,candidate_3,candidate_1,candidate_4,5,0.024
109,candidate_5,candidate_2,candidate_3,candidate_1,candidate_4,5,0.024
110,candidate_5,candidate_2,0,candidate_1,candidate_4,5,0.024
111,candidate_5,candidate_2,candidate_3,candidate_1,candidate_4,5,0.024
112,candidate_5,0,candidate_3,0,candidate_4,5,0.024
113,candidate_5,candidate_2,candidate_3,candidate_1,candidate_4,5,0.024
114,candidate_5,candidate_2,candidate_3,candidate_1,candidate_4,5,0.024
115,candidate_5,candidate_2,candidate_3,candidate_1,candidate_4,5,0.024
116,candidate_5,candidate_2,candidate_3,candidate_1,candidate_4,5,0.024
117,candidate_5,candidate_2,candidate_3,candidate_1,candidate_4,5,0.024
118,candidate_5,candidate_2,candidate_3,candidate_1,candidate_4,5,0.024
119,candidate_5,candidate_2,candidate_3,candidate_1,candidate_4,5,0.024
120,0,candidate_2,candidate_3,candidate_1,candidate_4,5,0.024
121,candidate_5,candidate_2,candidate_3,candidate_1,candidate_4,5,0.024
122,candidate_5,candidate_2,candidate_3,candidate_1,candidate_4,5,0.024
123,candidate_5,candidate_2,candidate_3,candidate_1,0,5,0.024
124,candidate_5,candidate_2,candidate_3,candidate_1,0,5,0.024
125,candidate_5,candidate_2,candidate_3,candidate_1,0,5,0.024
126,candidate_5,candidate_2,candidate_3,0,candidate_4,5,0.024
127,candidate_5,candidate_2,candidate_3,candidate_1,candidate_4,5,0.024
128,candidate_5,candidate_2,candidate_3,candidate_1,candidate_4,5,0.024
129,candidate_5,candidate_2,candidate_3,candidate_1,candidate_4,5,0.024
130,candidate_5,candidate_2,candidate_3,candidate_1,candidate_4,5,0.024
0,candidate_5,candidate_2,candidate_3,candidate_4,candidate_1,5,0.024
1,candidate_5,candidate_2,candidate_3,candidate_4,candidate_1,5,0.024
2,candidate_5,candidate_2,candidate_3,candidate_4,candidate_1,5,0.024
3,candidate_5,candidate_2,candidate_3,candidate_4,candidate_1,5,0.024
4,candidate_5,candidate_2,candidate_3,candidate_4,candidate_1,5,0.024
5,candidate_5,candidate_2,candidate_3,candidate_4,candidate_1,5,0.024
6,0,candidate_2,candidate_3,candidate_4,candidate_1,5,0.024
7,candidate_5,candidate_2,candidate_3,candidate_4,candidate_1,5,0.024
8,candidate_5,candidate_2,candidate_3,candidate_4,candidate_1,5,0.024
9,candidate_5,candidate_2,candidate_3,candidate_4,candidate_1,5,0.024
10,candidate_5,candidate_2,candidate_3,candidate_4,candidate_1,5,0.024
11,candidate_5,candidate_2,candidate_3,candidate_4,candidate_1,5,0.024
12,candidate_5,candidate_2,candidate_3,candidate_4,candidate_1,5,0.024
13,candidate_5,candidate_2,candidate_3,candidate_4,candidate_1,5,0.024
14,candidate_5,candidate_2,candidate_3,candidate_4,candidate_1,5,0.024
15,candidate_5,candidate_2,candidate_3,candidate_4,candidate_1,5,0.024
16,candidate_5,candidate_2,candidate_3,candidate_4,candidate_1,5,0.024
17,candidate_5,candidate_2,candidate_3,candidate_4,candidate_1,5,0.024
18,candidate_5,candidate_2,candidate_3,candidate_4,candidate_1,5,0.024
19,candidate_5,0,candidate_3,candidate_4,candidate_1,5,0.024
20,0,candidate_2,candidate_3,candidate_4,candidate_1,5,0.024
21,candidate_5,candidate_2,candidate_3,candidate_4,candidate_1,5,0.024
22,candidate_5,candidate_2,candidate_3,candidate_4,candidate_1,5,0.024
23,candidate_5,candidate_2,candidate_3,candidate_4,candidate_1,5,0.024
24,candidate_5,candidate_2,candidate_3,candidate_4,candidate_1,5,0.024
25,candidate_5,candidate_2,candidate_3,candidate_4,candidate_1,5,0.024
26,candidate_5,candidate_2,candidate_3,candidate_4,candidate_1,5,0.024
27,candidate_5,candidate_2,0,candidate_4,candidate_1,5,0.024
28,candidate_5,0,candidate_3,candidate_4,candidate_1,5,0.024
29,candidate_5,candidate_2,candidate_3,candidate_4,candidate_1,5,0.024
30,candidate_5,candidate_2,candidate_3,candidate_4,candidate_1,5,0.024
31,candidate_5,candidate_2,candidate_3,candidate_4,candidate_1,5,0.024
32,candidate_5,candidate_2,candidate_3,candidate_4,candidate_1,5,0.024
33,candidate_5,candidate_2,candidate_3,candidate_4,candidate_1,5,0.024
34,candidate_5,candidate_2,candidate_3,candidate_4,candidate_1,5,0.024
35,candidate_5,candidate_2,candidate_3,candidate_4,candidate_1,5,0.024
36,candidate_5,candidate_2,candidate_3,candidate_4,candidate_1,5,0.024
37,candidate_5,candidate_2,candidate_3,candidate_4,candidate_1,5,0.024
38,candidate_5,candidate_2,candidate_3,candidate_4,candidate_1,5,0.024
39,candidate_5,candidate_2,candidate_3,candidate_4,candidate_1,5,0.024
40,candidate_5,candidate_2,candidate_3,candidate_4,candidate_1,5,0.024
41,candidate_5,candidate_2,candidate_3,candidate_4,candidate_1,5,0.024
42,candidate_5,candidate_2,candidate_3,candidate_4,candidate_1,5,0.024
43,candidate_5,candidate_2,candidate_3,candidate_4,candidate_1,5,0.024
44,candidate_5,candidate_2,candidate_3,candidate_4,candidate_1,5,0.024
45,candidate_5,candidate_2,candidate_3,candidate_4,candidate_1,5,0.024
46,candidate_5,candidate_2,candidate_3,candidate_4,candidate_1,5,0.024
47,candidate_5,candidate_2,candidate_3,candidate_4,candidate_1,5,0.024
48,candidate_5,candidate_2,candidate_3,candidate_4,candidate_1,5,0.024
49,candidate_5,candidate_2,candidate_3,candidate_4,candidate_1,5,0.024
50,candidate_5,candidate_2,candidate_3,candidate_4,candidate_1,5,0.024
51,candidate_5,candidate_2,candidate_3,candidate_4,candidate_1,5,0.024
52,candidate_5,candidate_2,candidate_3,candidate_4,candidate_1,5,0.024
53,candidate_5,candidate_2,candidate_3,0,candidate_1,5,0.024
54,candidate_5,candidate_2,candidate_3,candidate_4,candidate_1,5,0.024
55,candidate_5,candidate_2,candidate_3,candidate_4,candidate_1,5,0.024
56,candidate_5,candidate_2,candidate_3,candidate_4,candidate_1,5,0.024
57,candidate_5,candidate_2,candidate_3,candidate_4,candidate_1,5,0.024
58,candidate_5,candidate_2,candidate_3,candidate_4,candidate_1,5,0.024
59,candidate_5,candidate_2,candidate_3,candidate_4,candidate_1,5,0.024
60,candidate_5,candidate_2,candidate_3,0,candidate_1,5,0.024
61,candidate_5,candidate_2,candidate_3,0,candidate_1,5,0.024
62,candidate_5,candidate_2,candidate_3,candidate_4,candidate_1,5,0.024
63,candidate_5,candidate_2,candidate_3,candidate_4,candidate_1,5,0.024
64,candidate_5,candidate_2,candidate_3,candidate_4,candidate_1,5,0.024
65,candidate_5,candidate_2,candidate_3,candidate_4,candidate_1,5,0.024
66,candidate_5,candidate_2,candidate_3,candidate_4,candidate_1,5,0.024
67,candidate_5,candidate_2,candidate_3,candidate_4,candidate_1,5,0.024
68,candidate_5,candidate_2,candidate_3,candidate_4,candidate_1,5,0.024
69,candidate_5,candidate_2,candidate_3,candidate_4,candidate_1,5,0.024
70,candidate_5,candidate_2,candidate_3,candidate_4,candidate_1,5,0.024
71,candidate_5,candidate_2,candidate_3,candidate_4,candidate_1,5,0.024
72,candidate_5,candidate_2,candidate_3,candidate_4,candidate_1,5,0.024
73,candidate_5,candidate_2,candidate_3,candidate_4,candidate_1,5,0.024
74,candidate_5,candidate_2,candidate_3,candidate_4,candidate_1,5,0.024
75,candidate_5,candidate_2,candidate_3,candidate_4,candidate_1,5,0.024
0,candidate_5,candidate_2,candidate_4,candidate_1,candidate_3,5,0.024
1,candidate_5,candidate_2,candidate_4,candidate_1,candidate_3,5,0.024
2,candidate_5,candidate_2,candidate_4,candidate_1,candidate_3,5,0.024
3,candidate_5,candidate_2,candidate_4,candidate_1,candidate_3,5,0.024
4,candidate_5,candidate_2,candidate_4,candidate_1,candidate_3,5,0.024
5,candidate_5,0,candidate_4,candidate_1,candidate_3,5,0.024
6,candidate_5,candidate_2,candidate_4,candidate_1,candidate_3,5,0.024
7,candidate_5,candidate_2,candidate_4,candidate_1,candidate_3,5,0.024
8,candidate_5,candidate_2,candidate_4,candidate_1,candidate_3,5,0.024
9,candidate_5,candidate_2,candidate_4,candidate_1,candidate_3,5,0.024
10,candidate_5,0,candidate_4,candidate_1,candidate_3,5,0.024
11,candidate_5,candidate_2,candidate_4,candidate_1,candidate_3,5,0.024
12,candidate_5,candidate_2,candidate_4,candidate_1,candidate_3,5,0.024
13,candidate_5,candidate_2,candidate_4,candidate_1,candidate_3,5,0.024
14,candidate_5,candidate_2,candidate_4,candidate_1,candidate_3,5,0.024
15,candidate_5,candidate_2,candidate_4,candidate_1,candidate_3,5,0.024
16,candidate_5,candidate_2,candidate_4,candidate_1,candidate_3,5,0.024
17,candidate_5,candidate_2,candidate_4,candidate_1,candidate_3,5,0.024
18,candidate_5,candidate_2,candidate_4,candidate_1,candidate_3,5,0.024
19,candidate_5,candidate_2,candidate_4,candidate_1,0,5,0.024
20,candidate_5,candidate_2,candidate_4,candidate_1,candidate_3,5,0.024
21,candidate_5,candidate_2,candidate_4,candidate_1,candidate_3,5,0.024
22,candidate_5,candidate_2,candidate_4,candidate_1,candidate_3,5,0.024
23,candidate_5,candidate_2,candidate_4,candidate_1,candidate_3,5,0.024
24,candidate_5,candidate_2,candidate_4,candidate_1,candidate_3,5,0.024
25,candidate_5,candidate_2,candidate_4,candidate_1,candidate_3,5,0.024
26,candidate_5,candidate_2,candidate_4,candidate_1,candidate_3,5,0.024
27,0,candidate_2,candidate_4,candidate_1,candidate_3,5,0.024
28,candidate_5,candidate_2,candidate_4,candidate_1,candidate_3,5,0.024
29,candidate_5,candidate_2,candidate_4,candidate_1,candidate_3,5,0.024
30,candidate_5,candidate_2,candidate_4,candidate_1,candidate_3,5,0.024
31,candidate_5,candidate_2,candidate_4,candidate_1,candidate_3,5,0.024
32,candidate_5,candidate_2,candidate_4,candidate_1,candidate_3,5,0.024
33,candidate_5,candidate_2,candidate_4,candidate_1,candidate_3,5,0.024
34,candidate_5,candidate_2,candidate_4,candidate_1,candidate_3,5,0.024
35,candidate_5,candidate_2,candidate_4,candidate_1,candidate_3,5,0.024
36,candidate_5,candidate_2,candidate_4,0,candidate_3,5,0.024
37,candidate_5,candidate_2,candidate_4,candidate_1,candidate_3,5,0.024
38,candidate_5,candidate_2,candidate_4,candidate_1,candidate_3,5,0.024
39,candidate_5,candidate_2,candidate_4,candidate_1,candidate_3,5,0.024
40,candidate_5,candidate_2,candidate_4,candidate_1,candidate_3,5,0.024
41,candidate_5,candidate_2,candidate_4,candidate_1,candidate_3,5,0.024
42,candidate_5,candidate_2,candidate_4,candidate_1,candidate_3,5,0.024
43,candidate_5,candidate_2,candidate_4,candidate_1,candidate_3,5,0.024
44,candidate_5,candidate_2,candidate_4,candidate_1,candidate_3,5,0.024
45,candidate_5,candidate_2,candidate_4,candidate_1,candidate_3,5,0.024
46,candidate_5,candidate_2,candidate_4,candidate_1,candidate_3,5,0.024
47,candidate_5,candidate_2,candidate_4,candidate_1,candidate_3,5,0.024
48,candidate_5,candidate_2,candidate_4,candidate_1,candidate_3,5,0.024
49,candidate_5,candidate_2,candidate_4,candidate_1,candidate_3,5,0.024
50,candidate_5,candidate_2,candidate_4,candidate_1,0,5,0.024
51,candidate_5,candidate_2,candidate_4,candidate_1,candidate_3,5,0.024
52,candidate_5,candidate_2,candidate_4,candidate_1,candidate_3,5,0.024
53,candidate_5,candidate_2,candidate_4,candidate_1,candidate_3,5,0.024
54,candidate_5,candidate_2,candidate_4,candidate_1,candidate_3,5,0.024
55,candidate_5,candidate_2,candidate_4,candidate_1,candidate_3,5,0.024
56,candidate_5,candidate_2,candidate_4,candidate_1,candidate_3,5,0.024
57,candidate_5,candidate_2,candidate_4,candidate_1,candidate_3,5,0.024
58,candidate_5,candidate_2,candidate_4,candidate_1,candidate_3,5,0.024
59,candidate_5,candidate_2,candidate_4,candidate_1,candidate_3,5,0.024
60,candidate_5,candidate_2,candidate_4,candidate_1,candidate_3,5,0.024
61,candidate_5,candidate_2,candidate_4,candidate_1,candidate_3,5,0.024
62,candidate_5,candidate_2,candidate_4,candidate_1,candidate_3,5,0.024
63,candidate_5,candidate_2,candidate_4,candidate_1,candidate_3,5,0.024
64,candidate_5,candidate_2,candidate_4,candidate_1,candidate_3,5,0.024
65,candidate_5,candidate_2,candidate_4,candidate_1,candidate_3,5,0.024
66,candidate_5,candidate_2,candidate_4,candidate_1,candidate_3,5,0.024
67,candidate_5,candidate_2,candidate_4,candidate_1,candidate_3,5,0.024
68,candidate_5,candidate_2,candidate_4,candidate_1,candidate_3,5,0.024
69,candidate_5,0,candidate_4,candidate_1,candidate_3,5,0.024
70,candidate_5,candidate_2,candidate_4,candidate_1,candidate_3,5,0.024
71,candidate_5,candidate_2,candidate_4,candidate_1,candidate_3,5,0.024
72,candidate_5,candidate_2,candidate_4,candidate_1,candidate_3,5,0.024
73,candidate_5,candidate_2,candidate_4,candidate_1,candidate_3,5,0.024
74,candidate_5,candidate_2,candidate_4,candidate_1,candidate_3,5,0.024
75,candidate_5,candidate_2,candidate_4,candidate_1,candidate_3,5,0.024
76,candidate_5,candidate_2,candidate_4,candidate_1,candidate_3,5,0.024
77,candidate_5,candidate_2,candidate_4,candidate_1,candidate_3,5,0.024
78,candidate_5,candidate_2,candidate_4,candidate_1,candidate_3,5,0.024
79,candidate_5,candidate_2,candidate_4,candidate_1,candidate_3,5,0.024
80,candidate_5,candidate_2,0,candidate_1,candidate_3,5,0.024
81,candidate_5,candidate_2,candidate_4,candidate_1,candidate_3,5,0.024
82,candidate_5,candidate_2,candidate_4,candidate_1,candidate_3,5,0.024
83,0,candidate_2,candidate_4,candidate_1,candidate_3,5,0.024
84,candidate_5,candidate_2,candidate_4,candidate_1,candidate_3,5,0.024
85,candidate_5,0,candidate_4,candidate_1,candidate_3,5,0.024
86,candidate_5,candidate_2,candidate_4,candidate_1,candidate_3,5,0.024
87,candidate_5,candidate_2,candidate_4,candidate_1,candidate_3,5,0.024
88,candidate_5,candidate_2,candidate_4,candidate_1,candidate_3,5,0.024
89,candidate_5,candidate_2,candidate_4,candidate_1,candidate_3,5,0.024
90,candidate_5,candidate_2,candidate_4,candidate_1,candidate_3,5,0.024
91,candidate_5,candidate_2,candidate_4,candidate_1,candidate_3,5,0.024
92,candidate_5,candidate_2,candidate_4,0,candidate_3,5,0.024
93,candidate_5,candidate_2,candidate_4,candidate_1,candidate_3,5,0.024
94,candidate_5,candidate_2,candidate_4,candidate_1,candidate_3,5,0.024
95,candidate_5,candidate_2,candidate_4,candidate_1,candidate_3,5,0.024
96,candidate_5,candidate_2,candidate_4,candidate_1,candidate_3,5,0.024
97,candidate_5,candidate_2,candidate_4,candidate_1,candidate_3,5,0.024
98,candidate_5,candidate_2,candidate_4,candidate_1,candidate_3,5,0.024
99,candidate_5,candidate_2,candidate_4,candidate_1,candidate_3,5,0.024
100,candidate_5,candidate_2,candidate_4,candidate_1,candidate_3,5,0.024
101,candidate_5,candidate_2,candidate_4,candidate_1,candidate_3,5,0.024
102,candidate_5,candidate_2,candidate_4,candidate_1,candidate_3,5,0.024
103,candidate_5,candidate_2,candidate_4,candidate_1,candidate_3,5,0.024
104,candidate_5,candidate_2,candidate_4,candidate_1,candidate_3,5,0.024
105,candidate_5,candidate_2,candidate_4,candidate_1,candidate_3,5,0.024
106,candidate_5,candidate_2,candidate_4,candidate_1,candidate_3,5,0.024
107,candidate_5,candidate_2,0,candidate_1,candidate_3,5,0.024
108,candidate_5,candidate_2,candidate_4,candidate_1,candidate_3,5,0.024
109,candidate_5,candidate_2,candidate_4,candidate_1,candidate_3,5,0.024
110,candidate_5,0,candidate_4,candidate_1,candidate_3,5,0.024
111,candidate_5,candidate_2,candidate_4,candidate_1,candidate_3,5,0.024
112,candidate_5,candidate_2,candidate_4,candidate_1,candidate_3,5,0.024
113,candidate_5,candidate_2,candidate_4,candidate_1,candidate_3,5,0.024
114,candidate_5,candidate_2,candidate_4,candidate_1,candidate_3,5,0.024
115,candidate_5,candidate_2,candidate_4,candidate_1,candidate_3,5,0.024
116,candidate_5,candidate_2,candidate_4,candidate_1,candidate_3,5,0.024
117,candidate_5,candidate_2,candidate_4,candidate_1,candidate_3,5,0.024
118,candidate_5,candidate_2,candidate_4,candidate_1,candidate_3,5,0.024
119,candidate_5,candidate_2,candidate_4,candidate_1,candidate_3,5,0.024
120,candidate_5,candidate_2,candidate_4,candidate_1,candidate_3,5,0.024
121,candidate_5,candidate_2,candidate_4,candidate_1,candidate_3,5,0.024
122,candidate_5,candidate_2,candidate_4,candidate_1,candidate_3,5,0.024
123,candidate_5,candidate_2,0,candidate_1,candidate_3,5,0.024
124,candidate_5,candidate_2,candidate_4,candidate_1,candidate_3,5,0.024
125,candidate_5,candidate_2,candidate_4,candidate_1,candidate_3,5,0.024
126,candidate_5,candidate_2,candidate_4,candidate_1,candidate_3,5,0.024
127,candidate_5,candidate_2,candidate_4,candidate_1,candidate_3,5,0.024
128,candidate_5,candidate_2,candidate_4,candidate_1,candidate_3,5,0.024
129,candidate_5,candidate_2,candidate_4,candidate_1,candidate_3,5,0.024
130,candidate_5,candidate_2,candidate_4,candidate_1,candidate_3,5,0.024
131,candidate_5,candidate_2,candidate_4,candidate_1,candidate_3,5,0.024
132,candidate_5,candidate_2,0,candidate_1,candidate_3,5,0.024
133,candidate_5,candidate_2,candidate_4,candidate_1,candidate_3,5,0.024
134,candidate_5,candidate_2,candidate_4,candidate_1,candidate_3,5,0.024
135,candidate_5,candidate_2,candidate_4,candidate_1,candidate_3,5,0.024
136,candidate_5,candidate_2,candidate_4,0,candidate_3,5,0.024
137,candidate_5,candidate_2,candidate_4,candidate_1,candidate_3,5,0.024
138,candidate_5,candidate_2,candidate_4,candidate_1,candidate_3,5,0.024
139,candidate_5,candidate_2,candidate_4,candidate_1,candidate_3,5,0.024
140,candidate_5,candidate_2,candidate_4,candidate_1,candidate_3,5,0.024
141,candidate_5,candidate_2,candidate_4,candidate_1,candidate_3,5,0.024
142,candidate_5,candidate_2,candidate_4,candidate_1,candidate_3,5,0.024
143,candidate_5,candidate_2,candidate_4,candidate_1,candidate_3,5,0.024
144,candidate_5,candidate_2,candidate_4,candidate_1,candidate_3,5,0.024
145,candidate_5,candidate_2,candidate_4,candidate_1,candidate_3,5,0.024
146,candidate_5,candidate_2,candidate_4,candidate_1,candidate_3,5,0.024
147,candidate_5,candidate_2,candidate_4,candidate_1,candidate_3,5,0.024
148,candidate_5,candidate_2,candidate_4,candidate_1,candidate_3,5,0.024
149,candidate_5,candidate_2,candidate_4,candidate_1,0,5,0.024
0,candidate_5,candidate_2,candidate_4,candidate_3,candidate_1,5,0.024
1,candidate_5,candidate_2,candidate_4,candidate_3,candidate_1,5,0.024
2,candidate_5,candidate_2,candidate_4,candidate_3,candidate_1,5,0.024
3,candidate_5,candidate_2,candidate_4,candidate_3,candidate_1,5,0.024
4,candidate_5,candidate_2,candidate_4,candidate_3,candidate_1,5,0.024
5,candidate_5,candidate_2,candidate_4,candidate_3,candidate_1,5,0.024
6,candidate_5,candidate_2,candidate_4,candidate_3,candidate_1,5,0.024
7,candidate_5,candidate_2,candidate_4,candidate_3,candidate_1,5,0.024
8,candidate_5,candidate_2,candidate_4,candidate_3,candidate_1,5,0.024
9,candidate_5,candidate_2,candidate_4,candidate_3,candidate_1,5,0.024
10,candidate_5,candidate_2,candidate_4,candidate_3,candidate_1,5,0.024
11,candidate_5,candidate_2,candidate_4,candidate_3,candidate_1,5,0.024
12,candidate_5,candidate_2,candidate_4,candidate_3,candidate_1,5,0.024
13,candidate_5,candidate_2,candidate_4,candidate_3,candidate_1,5,0.024
14,candidate_5,candidate_2,candidate_4,candidate_3,candidate_1,5,0.024
15,candidate_5,candidate_2,candidate_4,candidate_3,candidate_1,5,0.024
16,candidate_5,candidate_2,candidate_4,candidate_3,candidate_1,5,0.024
17,candidate_5,candidate_2,candidate_4,candidate_3,candidate_1,5,0.024
18,candidate_5,candidate_2,candidate_4,candidate_3,candidate_1,5,0.024
19,candidate_5,candidate_2,candidate_4,candidate_3,candidate_1,5,0.024
20,candidate_5,candidate_2,candidate_4,candidate_3,candidate_1,5,0.024
21,candidate_5,candidate_2,candidate_4,candidate_3,candidate_1,5,0.024
22,candidate_5,candidate_2,candidate_4,candidate_3,candidate_1,5,0.024
23,candidate_5,candidate_2,candidate_4,candidate_3,candidate_1,5,0.024
24,candidate_5,candidate_2,candidate_4,candidate_3,candidate_1,5,0.024
25,candidate_5,candidate_2,candidate_4,candidate_3,candidate_1,5,0.024
26,candidate_5,candidate_2,candidate_4,candidate_3,candidate_1,5,0.024
27,candidate_5,candidate_2,candidate_4,candidate_3,candidate_1,5,0.024
28,candidate_5,candidate_2,candidate_4,candidate_3,candidate_1,5,0.024
29,candidate_5,candidate_2,candidate_4,candidate_3,candidate_1,5,0.024
30,candidate_5,candidate_2,candidate_4,candidate_3,candidate_1,5,0.024
31,candidate_5,candidate_2,candidate_4,candidate_3,candidate_1,5,0.024
32,candidate_5,candidate_2,candidate_4,candidate_3,candidate_1,5,0.024
33,candidate_5,candidate_2,candidate_4,candidate_3,candidate_1,5,0.024
34,candidate_5,candidate_2,candidate_4,candidate_3,candidate_1,5,0.024
35,candidate_5,candidate_2,candidate_4,candidate_3,candidate_1,5,0.024
36,candidate_5,candidate_2,candidate_4,candidate_3,candidate_1,5,0.024
37,candidate_5,candidate_2,candidate_4,candidate_3,candidate_1,5,0.024
38,candidate_5,candidate_2,candidate_4,candidate_3,candidate_1,5,0.024
39,0,0,candidate_4,candidate_3,candidate_1,5,0.024
40,candidate_5,candidate_2,candidate_4,candidate_3,candidate_1,5,0.024
41,candidate_5,candidate_2,candidate_4,0,candidate_1,5,0.024
42,candidate_5,candidate_2,candidate_4,candidate_3,candidate_1,5,0.024
43,candidate_5,candidate_2,candidate_4,candidate_3,candidate_1,5,0.024
44,candidate_5,candidate_2,candidate_4,candidate_3,candidate_1,5,0.024
45,candidate_5,candidate_2,candidate_4,candidate_3,candidate_1,5,0.024
46,0,candidate_2,candidate_4,candidate_3,candidate_1,5,0.024
47,candidate_5,candidate_2,candidate_4,candidate_3,candidate_1,5,0.024
48,candidate_5,candidate_2,candidate_4,candidate_3,candidate_1,5,0.024
49,candidate_5,candidate_2,candidate_4,candidate_3,candidate_1,5,0.024
50,candidate_5,candidate_2,candidate_4,candidate_3,candidate_1,5,0.024
51,candidate_5,candidate_2,candidate_4,candidate_3,candidate_1,5,0.024
52,candidate_5,candidate_2,candidate_4,candidate_3,candidate_1,5,0.024
53,candidate_5,candidate_2,candidate_4,candidate_3,candidate_1,5,0.024
54,candidate_5,candidate_2,candidate_4,candidate_3,candidate_1,5,0.024
55,candidate_5,candidate_2,candidate_4,candidate_3,candidate_1,5,0.024
56,candidate_5,candidate_2,candidate_4,candidate_3,candidate_1,5,0.024
57,candidate_5,candidate_2,candidate_4,candidate_3,candidate_1,5,0.024
58,candidate_5,candidate_2,candidate_4,candidate_3,candidate_1,5,0.024
59,candidate_5,candidate_2,candidate_4,candidate_3,candidate_1,5,0.024
60,candidate_5,candidate_2,candidate_4,0,candidate_1,5,0.024
61,candidate_5,candidate_2,candidate_4,candidate_3,candidate_1,5,0.024
62,candidate_5,candidate_2,candidate_4,0,candidate_1,5,0.024
63,candidate_5,candidate_2,candidate_4,candidate_3,candidate_1,5,0.024
64,candidate_5,candidate_2,candidate_4,candidate_3,candidate_1,5,0.024
65,candidate_5,candidate_2,candidate_4,candidate_3,candidate_1,5,0.024
66,candidate_5,candidate_2,candidate_4,candidate_3,candidate_1,5,0.024
67,0,candidate_2,candidate_4,candidate_3,candidate_1,5,0.024
68,candidate_5,candidate_2,candidate_4,candidate_3,candidate_1,5,0.024
69,candidate_5,candidate_2,candidate_4,candidate_3,candidate_1,5,0.024
70,candidate_5,candidate_2,0,candidate_3,candidate_1,5,0.024
71,candidate_5,candidate_2,candidate_4,candidate_3,candidate_1,5,0.024
72,candidate_5,candidate_2,candidate_4,candidate_3,candidate_1,5,0.024
73,candidate_5,candidate_2,candidate_4,candidate_3,candidate_1,5,0.024
74,candidate_5,candidate_2,candidate_4,candidate_3,candidate_1,5,0.024
75,candidate_5,candidate_2,candidate_4,candidate_3,candidate_1,5,0.024
76,candidate_5,candidate_2,candidate_4,candidate_3,candidate_1,5,0.024
77,candidate_5,candidate_2,candidate_4,candidate_3,candidate_1,5,0.024
78,candidate_5,candidate_2,candidate_4,candidate_3,candidate_1,5,0.024
79,candidate_5,candidate_2,candidate_4,candidate_3,candidate_1,5,0.024
80,candidate_5,candidate_2,candidate_4,candidate_3,candidate_1,5,0.024
81,candidate_5,candidate_2,candidate_4,candidate_3,candidate_1,5,0.024
82,candidate_5,candidate_2,candidate_4,candidate_3,candidate_1,5,0.024
83,candidate_5,candidate_2,candidate_4,candidate_3,candidate_1,5,0.024
84,candidate_5,candidate_2,candidate_4,candidate_3,candidate_1,5,0.024
85,candidate_5,candidate_2,candidate_4,candidate_3,candidate_1,5,0.024
86,candidate_5,candidate_2,candidate_4,candidate_3,candidate_1,5,0.024
87,candidate_5,candidate_2,candidate_4,candidate_3,candidate_1,5,0.024
88,candidate_5,candidate_2,candidate_4,candidate_3,candidate_1,5,0.024
89,candidate_5,candidate_2,candidate_4,candidate_3,candidate_1,5,0.024
90,candidate_5,candidate_2,candidate_4,candidate_3,candidate_1,5,0.024
91,candidate_5,candidate_2,candidate_4,candidate_3,candidate_1,5,0.024
92,candidate_5,candidate_2,candidate_4,candidate_3,candidate_1,5,0.024
93,candidate_5,candidate_2,candidate_4,candidate_3,candidate_1,5,0.024
94,candidate_5,candidate_2,candidate_4,candidate_3,0,5,0.024
95,candidate_5,candidate_2,candidate_4,candidate_3,candidate_1,5,0.024
96,candidate_5,candidate_2,candidate_4,candidate_3,candidate_1,5,0.024
97,candidate_5,candidate_2,candidate_4,candidate_3,candidate_1,5,0.024
98,candidate_5,candidate_2,candidate_4,candidate_3,candidate_1,5,0.024
99,candidate_5,candidate_2,candidate_4,candidate_3,candidate_1,5,0.024
100,candidate_5,candidate_2,candidate_4,candidate_3,candidate_1,5,0.024
101,candidate_5,candidate_2,candidate_4,candidate_3,candidate_1,5,0.024
102,candidate_5,candidate_2,candidate_4,candidate_3,candidate_1,5,0.024
103,candidate_5,candidate_2,candidate_4,candidate_3,candidate_1,5,0.024
104,candidate_5,0,candidate_4,candidate_3,candidate_1,5,0.024
105,candidate_5,candidate_2,candidate_4,candidate_3,candidate_1,5,0.024
106,candidate_5,candidate_2,candidate_4,candidate_3,candidate_1,5,0.024
107,candidate_5,candidate_2,candidate_4,candidate_3,candidate_1,5,0.024
108,0,candidate_2,candidate_4,candidate_3,candidate_1,5,0.024
109,candidate_5,candidate_2,candidate_4,candidate_3,candidate_1,5,0.024
110,candidate_5,candidate_2,candidate_4,candidate_3,candidate_1,5,0.024
111,candidate_5,candidate_2,candidate_4,candidate_3,candidate_1,5,0.024
112,candidate_5,candidate_2,candidate_4,candidate_3,candidate_1,5,0.024
113,candidate_5,candidate_2,candidate_4,candidate_3,candidate_1,5,0.024
114,candidate_5,candidate_2,candidate_4,candidate_3,candidate_1,5,0.024
115,candidate_5,candidate_2,candidate_4,candidate_3,candidate_1,5,0.024
116,candidate_5,candidate_2,candidate_4,0,candidate_1,5,0.024
0,candidate_5,candidate_3,candidate_1,candidate_2,candidate_4,5,0.024
1,candidate_5,candidate_3,candidate_1,candidate_2,candidate_4,5,0.024
2,candidate_5,candidate_3,candidate_1,candidate_2,candidate_4,5,0.024
3,candidate_5,0,candidate_1,candidate_2,candidate_4,5,0.024
4,candidate_5,candidate_3,candidate_1,candidate_2,candidate_4,5,0.024
5,candidate_5,candidate_3,candidate_1,candidate_2,candidate_4,5,0.024
6,0,candidate_3,candidate_1,candidate_2,candidate_4,5,0.024
7,candidate_5,candidate_3,candidate_1,candidate_2,candidate_4,5,0.024
8,candidate_5,candidate_3,candidate_1,candidate_2,candidate_4,5,0.024
9,candidate_5,candidate_3,candidate_1,candidate_2,candidate_4,5,0.024
10,candidate_5,candidate_3,candidate_1,candidate_2,candidate_4,5,0.024
11,candidate_5,candidate_3,candidate_1,candidate_2,candidate_4,5,0.024
12,candidate_5,candidate_3,candidate_1,candidate_2,candidate_4,5,0.024
13,candidate_5,candidate_3,candidate_1,candidate_2,candidate_4,5,0.024
14,candidate_5,candidate_3,candidate_1,candidate_2,candidate_4,5,0.024
15,candidate_5,candidate_3,candidate_1,candidate_2,candidate_4,5,0.024
16,candidate_5,candidate_3,candidate_1,candidate_2,candidate_4,5,0.024
17,candidate_5,candidate_3,candidate_1,candidate_2,candidate_4,5,0.024
18,candidate_5,candidate_3,candidate_1,candidate_2,candidate_4,5,0.024
19,candidate_5,candidate_3,candidate_1,candidate_2,candidate_4,5,0.024
20,candidate_5,candidate_3,candidate_1,candidate_2,candidate_4,5,0.024
21,candidate_5,candidate_3,candidate_1,candidate_2,candidate_4,5,0.024
0,candidate_5,candidate_3,candidate_1,candidate_4,candidate_2,5,0.024
1,candidate_5,candidate_3,candidate_1,candidate_4,candidate_2,5,0.024
2,candidate_5,candidate_3,candidate_1,candidate_4,candidate_2,5,0.024
3,candidate_5,candidate_3,candidate_1,candidate_4,candidate_2,5,0.024
4,candidate_5,candidate_3,candidate_1,0,candidate_2,5,0.024
5,candidate_5,candidate_3,candidate_1,candidate_4,candidate_2,5,0.024
6,candidate_5,candidate_3,candidate_1,candidate_4,candidate_2,5,0.024
7,0,candidate_3,candidate_1,candidate_4,candidate_2,5,0.024
8,candidate_5,candidate_3,candidate_1,candidate_4,candidate_2,5,0.024
9,candidate_5,candidate_3,candidate_1,candidate_4,candidate_2,5,0.024
10,candidate_5,candidate_3,candidate_1,candidate_4,candidate_2,5,0.024
11,candidate_5,candidate_3,0,candidate_4,candidate_2,5,0.024
12,candidate_5,candidate_3,candidate_1,candidate_4,candidate_2,5,0.024
13,candidate_5,candidate_3,candidate_1,candidate_4,candidate_2,5,0.024
14,candidate_5,candidate_3,candidate_1,candidate_4,candidate_2,5,0.024
15,candidate_5,candidate_3,candidate_1,candidate_4,candidate_2,5,0.024
0,candidate_5,candidate_3,candidate_2,candidate_1,candidate_4,5,0.024
1,candidate_5,candidate_3,candidate_2,candidate_1,candidate_4,5,0.024
2,candidate_5,candidate_3,candidate_2,candidate_1,candidate_4,5,0.024
3,candidate_5,candidate_3,candidate_2,0,candidate_4,5,0.024
4,candidate_5,candidate_3,0,candidate_1,candidate_4,5,0.024
5,candidate_5,candidate_3,candidate_2,candidate_1,candidate_4,5,0.024
6,candidate_5,candidate_3,candidate_2,candidate_1,candidate_4,5,0.024
7,candidate_5,candidate_3,candidate_2,candidate_1,candidate_4,5,0.024
8,candidate_5,candidate_3,candidate_2,candidate_1,candidate_4,5,0.024
9,candidate_5,candidate_3,candidate_2,candidate_1,candidate_4,5,0.024
10,candidate_5,candidate_3,candidate_2,candidate_1,candidate_4,5,0.024
11,candidate_5,candidate_3,0,candidate_1,candidate_4,5,0.024
12,candidate_5,candidate_3,candidate_2,candidate_1,candidate_4,5,0.024
13,candidate_5,candidate_3,candidate_2,candidate_1,candidate_4,5,0.024
14,candidate_5,candidate_3,candidate_2,candidate_1,0,5,0.024
15,candidate_5,candidate_3,candidate_2,candidate_1,candidate_4,5,0.024
16,candidate_5,candidate_3,candidate_2,candidate_1,candidate_4,5,0.024
17,candidate_5,candidate_3,candidate_2,candidate_1,candidate_4,5,0.024
18,candidate_5,candidate_3,candidate_2,candidate_1,candidate_4,5,0.024
19,candidate_5,candidate_3,candidate_2,candidate_1,candidate_4,5,0.024
20,candidate_5,candidate_3,candidate_2,candidate_1,candidate_4,5,0.024
21,candidate_5,candidate_3,candidate_2,candidate_1,candidate_4,5,0.024
22,candidate_5,candidate_3,candidate_2,candidate_1,candidate_4,5,0.024
23,candidate_5,candidate_3,candidate_2,candidate_1,candidate_4,5,0.024
24,candidate_5,candidate_3,candidate_2,candidate_1,candidate_4,5,0.024
25,candidate_5,candidate_3,candidate_2,candidate_1,candidate_4,5,0.024
26,candidate_5,candidate_3,candidate_2,candidate_1,candidate_4,5,0.024
27,candidate_5,0,candidate_2,candidate_1,candidate_4,5,0.024
28,candidate_5,candidate_3,candidate_2,candidate_1,candidate_4,5,0.024
29,candidate_5,candidate_3,candidate_2,candidate_1,candidate_4,5,0.024
30,candidate_5,candidate_3,candidate_2,candidate_1,candidate_4,5,0.024
31,candidate_5,candidate_3,candidate_2,candidate_1,candidate_4,5,0.024
32,candidate_5,candidate_3,candidate_2,candidate_1,candidate_4,5,0.024
33,candidate_5,candidate_3,candidate_2,candidate_1,candidate_4,5,0.024
34,candidate_5,candidate_3,candidate_2,candidate_1,candidate_4,5,0.024
35,candidate_5,candidate_3,candidate_2,candidate_1,candidate_4,5,0.024
36,candidate_5,candidate_3,candidate_2,candidate_1,candidate_4,5,0.024
37,candidate_5,candidate_3,candidate_2,candidate_1,candidate_4,5,0.024
38,candidate_5,candidate_3,candidate_2,candidate_1,candidate_4,5,0.024
39,candidate_5,candidate_3,candidate_2,candidate_1,candidate_4,5,0.024
40,candidate_5,candidate_3,candidate_2,candidate_1,candidate_4,5,0.024
41,candidate_5,candidate_3,candidate_2,candidate_1,candidate_4,5,0.024
42,candidate_5,candidate_3,candidate_2,candidate_1,candidate_4,5,0.024
43,candidate_5,candidate_3,candidate_2,candidate_1,candidate_4,5,0.024
44,candidate_5,candidate_3,candidate_2,candidate_1,candidate_4,5,0.024
45,candidate_5,candidate_3,candidate_2,candidate_1,candidate_4,5,0.024
46,candidate_5,candidate_3,candidate_2,candidate_1,candidate_4,5,0.024
47,candidate_5,candidate_3,candidate_2,candidate_1,candidate_4,5,0.024
48,candidate_5,candidate_3,candidate_2,candidate_1,candidate_4,5,0.024
49,candidate_5,candidate_3,candidate_2,candidate_1,candidate_4,5,0.024
50,candidate_5,candidate_3,candidate_2,candidate_1,candidate_4,5,0.024
51,candidate_5,candidate_3,candidate_2,candidate_1,candidate_4,5,0.024
52,candidate_5,0,candidate_2,candidate_1,candidate_4,5,0.024
53,candidate_5,candidate_3,candidate_2,candidate_1,candidate_4,5,0.024
54,candidate_5,candidate_3,candidate_2,candidate_1,candidate_4,5,0.024
55,candidate_5,candidate_3,candidate_2,candidate_1,candidate_4,5,0.024
56,candidate_5,candidate_3,candidate_2,candidate_1,candidate_4,5,0.024
57,candidate_5,candidate_3,candidate_2,candidate_1,candidate_4,5,0.024
58,candidate_5,candidate_3,candidate_2,candidate_1,candidate_4,5,0.024
59,candidate_5,candidate_3,candidate_2,candidate_1,candidate_4,5,0.024
60,candidate_5,candidate_3,candidate_2,candidate_1,candidate_4,5,0.024
61,candidate_5,candidate_3,candidate_2,candidate_1,candidate_4,5,0.024
62,candidate_5,candidate_3,candidate_2,candidate_1,candidate_4,5,0.024
63,candidate_5,candidate_3,candidate_2,candidate_1,candidate_4,5,0.024
64,candidate_5,candidate_3,candidate_2,candidate_1,candidate_4,5,0.024
65,candidate_5,candidate_3,candidate_2,candidate_1,candidate_4,5,0.024
66,candidate_5,candidate_3,candidate_2,candidate_1,candidate_4,5,0.024
67,candidate_5,candidate_3,candidate_2,candidate_1,0,5,0.024
68,candidate_5,candidate_3,candidate_2,candidate_1,candidate_4,5,0.024
69,candidate_5,candidate_3,candidate_2,candidate_1,candidate_4,5,0.024
70,candidate_5,candidate_3,candidate_2,candidate_1,candidate_4,5,0.024
71,candidate_5,candidate_3,candidate_2,candidate_1,candidate_4,5,0.024
72,candidate_5,candidate_3,candidate_2,candidate_1,candidate_4,5,0.024
73,candidate_5,candidate_3,candidate_2,candidate_1,candidate_4,5,0.024
74,candidate_5,candidate_3,candidate_2,candidate_1,candidate_4,5,0.024
75,candidate_5,candidate_3,0,candidate_1,candidate_4,5,0.024
76,candidate_5,candidate_3,candidate_2,candidate_1,candidate_4,5,0.024
77,candidate_5,candidate_3,candidate_2,candidate_1,candidate_4,5,0.024
78,candidate_5,candidate_3,candidate_2,candidate_1,candidate_4,5,0.024
79,candidate_5,candidate_3,candidate_2,candidate_1,candidate_4,5,0.024
80,candidate_5,candidate_3,candidate_2,candidate_1,candidate_4,5,0.024
81,candidate_5,candidate_3,candidate_2,candidate_1,candidate_4,5,0.024
82,candidate_5,candidate_3,candidate_2,candidate_1,candidate_4,5,0.024
83,candidate_5,candidate_3,candidate_2,candidate_1,candidate_4,5,0.024
84,candidate_5,candidate_3,candidate_2,candidate_1,candidate_4,5,0.024
85,candidate_5,candidate_3,candidate_2,candidate_1,candidate_4,5,0.024
86,candidate_5,candidate_3,candidate_2,candidate_1,candidate_4,5,0.024
87,candidate_5,candidate_3,candidate_2,candidate_1,candidate_4,5,0.024
88,candidate_5,candidate_3,candidate_2,candidate_1,candidate_4,5,0.024
89,candidate_5,candidate_3,candidate_2,candidate_1,candidate_4,5,0.024
90,candidate_5,candidate_3,candidate_2,candidate_1,candidate_4,5,0.024
91,candidate_5,candidate_3,candidate_2,candidate_1,candidate_4,5,0.024
92,candidate_5,candidate_3,candidate_2,candidate_1,candidate_4,5,0.024
93,candidate_5,candidate_3,candidate_2,candidate_1,candidate_4,5,0.024
94,candidate_5,candidate_3,candidate_2,candidate_1,candidate_4,5,0.024
95,candidate_5,candidate_3,candidate_2,candidate_1,candidate_4,5,0.024
96,candidate_5,candidate_3,candidate_2,candidate_1,candidate_4,5,0.024
97,candidate_5,candidate_3,candidate_2,candidate_1,candidate_4,5,0.024
98,candidate_5,candidate_3,candidate_2,candidate_1,candidate_4,5,0.024
99,candidate_5,candidate_3,candidate_2,candidate_1,candidate_4,5,0.024
100,candidate_5,candidate_3,candidate_2,candidate_1,candidate_4,5,0.024
101,candidate_5,candidate_3,candidate_2,candidate_1,candidate_4,5,0.024
102,candidate_5,candidate_3,candidate_2,candidate_1,candidate_4,5,0.024
103,candidate_5,candidate_3,candidate_2,candidate_1,candidate_4,5,0.024
104,candidate_5,candidate_3,candidate_2,candidate_1,candidate_4,5,0.024
105,candidate_5,candidate_3,candidate_2,candidate_1,candidate_4,5,0.024
106,candidate_5,candidate_3,candidate_2,candidate_1,candidate_4,5,0.024
107,candidate_5,candidate_3,candidate_2,candidate_1,candidate_4,5,0.024
108,candidate_5,candidate_3,candidate_2,candidate_1,candidate_4,5,0.024
109,candidate_5,candidate_3,candidate_2,candidate_1,candidate_4,5,0.024
110,candidate_5,candidate_3,candidate_2,candidate_1,candidate_4,5,0.024
111,candidate_5,candidate_3,candidate_2,candidate_1,candidate_4,5,0.024
112,candidate_5,candidate_3,candidate_2,candidate_1,candidate_4,5,0.024
113,candidate_5,candidate_3,candidate_2,candidate_1,candidate_4,5,0.024
114,candidate_5,candidate_3,candidate_2,candidate_1,candidate_4,5,0.024
115,candidate_5,candidate_3,candidate_2,candidate_1,candidate_4,5,0.024
116,candidate_5,candidate_3,candidate_2,candidate_1,candidate_4,5,0.024
117,candidate_5,candidate_3,candidate_2,candidate_1,candidate_4,5,0.024
118,candidate_5,candidate_3,candidate_2,candidate_1,0,5,0.024
119,candidate_5,candidate_3,candidate_2,candidate_1,candidate_4,5,0.024
120,candidate_5,candidate_3,candidate_2,candidate_1,candidate_4,5,0.024
121,candidate_5,0,candidate_2,candidate_1,candidate_4,5,0.024
122,candidate_5,candidate_3,candidate_2,candidate_1,candidate_4,5,0.024
123,candidate_5,candidate_3,candidate_2,candidate_1,candidate_4,5,0.024
124,candidate_5,candidate_3,candidate_2,candidate_1,candidate_4,5,0.024
125,candidate_5,candidate_3,candidate_2,candidate_1,candidate_4,5,0.024
126,candidate_5,candidate_3,candidate_2,candidate_1,candidate_4,5,0.024
127,candidate_5,candidate_3,candidate_2,candidate_1,candidate_4,5,0.024
128,candidate_5,candidate_3,candidate_2,candidate_1,candidate_4,5,0.024
129,candidate_5,candidate_3,candidate_2,candidate_1,candidate_4,5,0.024
130,candidate_5,candidate_3,candidate_2,candidate_1,candidate_4,5,0.024
131,candidate_5,candidate_3,0,candidate_1,candidate_4,5,0.024
132,candidate_5,candidate_3,candidate_2,candidate_1,candidate_4,5,0.024
133,candidate_5,candidate_3,candidate_2,candidate_1,candidate_4,5,0.024
134,candidate_5,candidate_3,candidate_2,candidate_1,candidate_4,5,0.024
135,candidate_5,candidate_3,candidate_2,candidate_1,candidate_4,5,0.024
136,candidate_5,candidate_3,candidate_2,candidate_1,candidate_4,5,0.024
137,candidate_5,candidate_3,candidate_2,candidate_1,candidate_4,5,0.024
138,candidate_5,candidate_3,candidate_2,candidate_1,candidate_4,5,0.024
139,candidate_5,candidate_3,candidate_2,candidate_1,candidate_4,5,0.024
140,candidate_5,candidate_3,candidate_2,candidate_1,candidate_4,5,0.024
141,0,candidate_3,candidate_2,candidate_1,candidate_4,5,0.024
142,candidate_5,candidate_3,candidate_2,candidate_1,candidate_4,5,0.024
143,candidate_5,candidate_3,candidate_2,candidate_1,candidate_4,5,0.024
144,candidate_5,candidate_3,candidate_2,candidate_1,candidate_4,5,0.024
145,candidate_5,candidate_3,candidate_2,candidate_1,candidate_4,5,0.024
0,candidate_5,candidate_3,candidate_2,candidate_4,0,5,0.024
1,candidate_5,candidate_3,candidate_2,candidate_4,candidate_1,5,0.024
2,candidate_5,candidate_3,candidate_2,candidate_4,candidate_1,5,0.024
3,candidate_5,candidate_3,candidate_2,candidate_4,candidate_1,5,0.024
4,candidate_5,candidate_3,candidate_2,candidate_4,candidate_1,5,0.024
5,candidate_5,candidate_3,candidate_2,candidate_4,candidate_1,5,0.024
6,candidate_5,candidate_3,candidate_2,candidate_4,candidate_1,5,0.024
7,candidate_5,candidate_3,candidate_2,candidate_4,candidate_1,5,0.024
8,candidate_5,candidate_3,0,candidate_4,candidate_1,5,0.024
9,candidate_5,candidate_3,candidate_2,candidate_4,candidate_1,5,0.024
10,candidate_5,candidate_3,candidate_2,candidate_4,candidate_1,5,0.024
11,candidate_5,candidate_3,candidate_2,candidate_4,candidate_1,5,0.024
12,candidate_5,candidate_3,candidate_2,candidate_4,candidate_1,5,0.024
13,candidate_5,candidate_3,candidate_2,candidate_4,candidate_1,5,0.024
14,candidate_5,candidate_3,candidate_2,candidate_4,candidate_1,5,0.024
15,candidate_5,candidate_3,candidate_2,candidate_4,candidate_1,5,0.024
16,candidate_5,candidate_3,candidate_2,candidate_4,candidate_1,5,0.024
17,candidate_5,candidate_3,candidate_2,candidate_4,0,5,0.024
18,candidate_5,candidate_3,candidate_2,candidate_4,candidate_1,5,0.024
19,candidate_5,candidate_3,candidate_2,candidate_4,candidate_1,5,0.024
20,candidate_5,candidate_3,candidate_2,candidate_4,candidate_1,5,0.024
21,candidate_5,candidate_3,candidate_2,candidate_4,candidate_1,5,0.024
22,candidate_5,candidate_3,candidate_2,candidate_4,candidate_1,5,0.024
23,candidate_5,candidate_3,candidate_2,candidate_4,candidate_1,5,0.024
24,candidate_5,candidate_3,candidate_2,candidate_4,candidate_1,5,0.024
25,candidate_5,candidate_3,candidate_2,candidate_4,candidate_1,5,0.024
26,candidate_5,candidate_3,0,candidate_4,candidate_1,5,0.024
27,candidate_5,candidate_3,candidate_2,candidate_4,candidate_1,5,0.024
28,candidate_5,candidate_3,candidate_2,candidate_4,candidate_1,5,0.024
29,candidate_5,candidate_3,candidate_2,candidate_4,candidate_1,5,0.024
30,candidate_5,candidate_3,candidate_2,candidate_4,candidate_1,5,0.024
31,candidate_5,candidate_3,candidate_2,candidate_4,candidate_1,5,0.024
32,candidate_5,candidate_3,candidate_2,candidate_4,candidate_1,5,0.024
33,candidate_5,candidate_3,candidate_2,candidate_4,candidate_1,5,0.024
34,candidate_5,candidate_3,candidate_2,candidate_4,candidate_1,5,0.024
35,candidate_5,candidate_3,candidate_2,candidate_4,candidate_1,5,0.024
36,candidate_5,candidate_3,candidate_2,candidate_4,candidate_1,5,0.024
37,candidate_5,candidate_3,candidate_2,candidate_4,candidate_1,5,0.024
38,candidate_5,candidate_3,candidate_2,candidate_4,candidate_1,5,0.024
39,candidate_5,candidate_3,candidate_2,candidate_4,candidate_1,5,0.024
40,candidate_5,candidate_3,candidate_2,candidate_4,candidate_1,5,0.024
41,candidate_5,candidate_3,candidate_2,candidate_4,candidate_1,5,0.024
42,candidate_5,candidate_3,candidate_2,candidate_4,candidate_1,5,0.024
43,candidate_5,candidate_3,candidate_2,candidate_4,candidate_1,5,0.024
44,candidate_5,candidate_3,candidate_2,candidate_4,candidate_1,5,0.024
45,candidate_5,0,candidate_2,candidate_4,candidate_1,5,0.024
46,0,candidate_3,candidate_2,candidate_4,candidate_1,5,0.024
47,candidate_5,candidate_3,candidate_2,candidate_4,candidate_1,5,0.024
48,candidate_5,candidate_3,candidate_2,candidate_4,candidate_1,5,0.024
49,candidate_5,candidate_3,candidate_2,candidate_4,candidate_1,5,0.024
50,candidate_5,candidate_3,candidate_2,candidate_4,candidate_1,5,0.024
51,candidate_5,candidate_3,candidate_2,candidate_4,candidate_1,5,0.024
52,candidate_5,candidate_3,candidate_2,candidate_4,candidate_1,5,0.024
53,candidate_5,candidate_3,candidate_2,candidate_4,candidate_1,5,0.024
54,candidate_5,candidate_3,candidate_2,candidate_4,candidate_1,5,0.024
55,candidate_5,candidate_3,candidate_2,candidate_4,candidate_1,5,0.024
56,candidate_5,candidate_3,candidate_2,candidate_4,candidate_1,5,0.024
57,candidate_5,candidate_3,candidate_2,candidate_4,candidate_1,5,0.024
58,candidate_5,candidate_3,candidate_2,candidate_4,candidate_1,5,0.024
59,candidate_5,candidate_3,candidate_2,candidate_4,candidate_1,5,0.024
60,candidate_5,candidate_3,candidate_2,candidate_4,candidate_1,5,0.024
61,candidate_5,candidate_3,candidate_2,candidate_4,candidate_1,5,0.024
62,candidate_5,candidate_3,candidate_2,candidate_4,candidate_1,5,0.024
63,candidate_5,candidate_3,candidate_2,candidate_4,candidate_1,5,0.024
64,candidate_5,candidate_3,candidate_2,candidate_4,0,5,0.024
65,candidate_5,candidate_3,candidate_2,candidate_4,candidate_1,5,0.024
66,candidate_5,candidate_3,candidate_2,candidate_4,candidate_1,5,0.024
67,candidate_5,candidate_3,candidate_2,candidate_4,candidate_1,5,0.024
68,candidate_5,candidate_3,candidate_2,candidate_4,candidate_1,5,0.024
69,candidate_5,candidate_3,candidate_2,candidate_4,candidate_1,5,0.024
70,candidate_5,candidate_3,candidate_2,candidate_4,candidate_1,5,0.024
71,candidate_5,candidate_3,candidate_2,candidate_4,candidate_1,5,0.024
72,candidate_5,candidate_3,candidate_2,candidate_4,candidate_1,5,0.024
73,candidate_5,candidate_3,candidate_2,candidate_4,candidate_1,5,0.024
74,candidate_5,candidate_3,candidate_2,candidate_4,candidate_1,5,0.024
0,candidate_5,candidate_3,candidate_4,candidate_1,candidate_2,5,0.024
1,candidate_5,candidate_3,candidate_4,candidate_1,candidate_2,5,0.024
2,candidate_5,candidate_3,candidate_4,candidate_1,candidate_2,5,0.024
3,candidate_5,candidate_3,candidate_4,candidate_1,candidate_2,5,0.024
4,candidate_5,candidate_3,candidate_4,candidate_1,candidate_2,5,0.024
5,candidate_5,candidate_3,candidate_4,candidate_1,candidate_2,5,0.024
6,candidate_5,candidate_3,candidate_4,candidate_1,candidate_2,5,0.024
7,candidate_5,candidate_3,candidate_4,candidate_1,candidate_2,5,0.024
8,candidate_5,candidate_3,candidate_4,candidate_1,candidate_2,5,0.024
9,candidate_5,candidate_3,candidate_4,candidate_1,candidate_2,5,0.024
10,candidate_5,candidate_3,0,candidate_1,candidate_2,5,0.024
11,candidate_5,candidate_3,candidate_4,candidate_1,candidate_2,5,0.024
12,candidate_5,candidate_3,candidate_4,candidate_1,candidate_2,5,0.024
13,candidate_5,candidate_3,candidate_4,candidate_1,candidate_2,5,0.024
14,candidate_5,candidate_3,0,candidate_1,candidate_2,5,0.024
15,candidate_5,candidate_3,candidate_4,candidate_1,candidate_2,5,0.024
16,candidate_5,candidate_3,candidate_4,candidate_1,candidate_2,5,0.024
17,candidate_5,candidate_3,candidate_4,candidate_1,candidate_2,5,0.024
18,candidate_5,candidate_3,candidate_4,candidate_1,candidate_2,5,0.024
19,candidate_5,candidate_3,candidate_4,candidate_1,candidate_2,5,0.024
20,candidate_5,0,candidate_4,candidate_1,candidate_2,5,0.024
21,candidate_5,candidate_3,candidate_4,candidate_1,candidate_2,5,0.024
22,candidate_5,candidate_3,candidate_4,candidate_1,candidate_2,5,0.024
23,candidate_5,candidate_3,candidate_4,candidate_1,candidate_2,5,0.024
24,candidate_5,candidate_3,candidate_4,candidate_1,0,5,0.024
25,candidate_5,candidate_3,candidate_4,candidate_1,candidate_2,5,0.024
26,candidate_5,candidate_3,candidate_4,candidate_1,candidate_2,5,0.024
27,candidate_5,candidate_3,candidate_4,candidate_1,candidate_2,5,0.024
28,0,candidate_3,candidate_4,candidate_1,candidate_2,5,0.024
29,candidate_5,candidate_3,candidate_4,candidate_1,0,5,0.024
30,candidate_5,candidate_3,candidate_4,candidate_1,candidate_2,5,0.024
31,candidate_5,0,candidate_4,candidate_1,candidate_2,5,0.024
32,candidate_5,candidate_3,candidate_4,candidate_1,candidate_2,5,0.024
33,candidate_5,candidate_3,candidate_4,candidate_1,candidate_2,5,0.024
34,candidate_5,candidate_3,candidate_4,0,candidate_2,5,0.024
35,candidate_5,candidate_3,candidate_4,candidate_1,candidate_2,5,0.024
36,0,candidate_3,candidate_4,candidate_1,candidate_2,5,0.024
37,candidate_5,candidate_3,candidate_4,candidate_1,candidate_2,5,0.024
38,candidate_5,candidate_3,candidate_4,candidate_1,candidate_2,5,0.024
39,candidate_5,candidate_3,candidate_4,candidate_1,candidate_2,5,0.024
40,candidate_5,candidate_3,candidate_4,candidate_1,candidate_2,5,0.024
41,candidate_5,candidate_3,candidate_4,candidate_1,candidate_2,5,0.024
42,candidate_5,candidate_3,candidate_4,candidate_1,candidate_2,5,0.024
43,candidate_5,candidate_3,candidate_4,candidate_1,candidate_2,5,0.024
44,candidate_5,candidate_3,candidate_4,candidate_1,candidate_2,5,0.024
45,candidate_5,candidate_3,candidate_4,candidate_1,candidate_2,5,0.024
46,0,candidate_3,candidate_4,candidate_1,candidate_2,5,0.024
47,candidate_5,candidate_3,candidate_4,candidate_1,candidate_2,5,0.024
48,candidate_5,candidate_3,candidate_4,candidate_1,candidate_2,5,0.024
49,candidate_5,candidate_3,candidate_4,candidate_1,candidate_2,5,0.024
50,candidate_5,candidate_3,candidate_4,candidate_1,candidate_2,5,0.024
51,candidate_5,candidate_3,candidate_4,0,candidate_2,5,0.024
52,candidate_5,candidate_3,candidate_4,candidate_1,candidate_2,5,0.024
53,candidate_5,candidate_3,candidate_4,candidate_1,candidate_2,5,0.024
54,candidate_5,candidate_3,candidate_4,candidate_1,candidate_2,5,0.024
55,candidate_5,candidate_3,candidate_4,candidate_1,candidate_2,5,0.024
56,candidate_5,0,candidate_4,candidate_1,candidate_2,5,0.024
57,candidate_5,candidate_3,candidate_4,candidate_1,candidate_2,5,0.024
58,candidate_5,candidate_3,candidate_4,candidate_1,candidate_2,5,0.024
59,candidate_5,candidate_3,candidate_4,candidate_1,candidate_2,5,0.024
60,candidate_5,candidate_3,candidate_4,candidate_1,candidate_2,5,0.024
61,candidate_5,candidate_3,candidate_4,candidate_1,candidate_2,5,0.024
62,candidate_5,candidate_3,candidate_4,candidate_1,candidate_2,5,0.024
63,candidate_5,candidate_3,candidate_4,candidate_1,candidate_2,5,0.024
64,candidate_5,candidate_3,candidate_4,candidate_1,candidate_2,5,0.024
65,candidate_5,candidate_3,candidate_4,candidate_1,candidate_2,5,0.024
66,candidate_5,candidate_3,candidate_4,candidate_1,candidate_2,5,0.024
67,candidate_5,candidate_3,candidate_4,candidate_1,candidate_2,5,0.024
68,candidate_5,candidate_3,candidate_4,candidate_1,candidate_2,5,0.024
69,candidate_5,candidate_3,candidate_4,candidate_1,candidate_2,5,0.024
70,candidate_5,candidate_3,candidate_4,candidate_1,candidate_2,5,0.024
71,candidate_5,candidate_3,candidate_4,candidate_1,candidate_2,5,0.024
72,candidate_5,candidate_3,0,candidate_1,candidate_2,5,0.024
73,candidate_5,candidate_3,candidate_4,candidate_1,candidate_2,5,0.024
74,candidate_5,candidate_3,candidate_4,candidate_1,candidate_2,5,0.024
75,0,candidate_3,candidate_4,candidate_1,candidate_2,5,0.024
76,candidate_5,candidate_3,candidate_4,candidate_1,candidate_2,5,0.024
77,candidate_5,candidate_3,candidate_4,candidate_1,candidate_2,5,0.024
78,candidate_5,candidate_3,candidate_4,candidate_1,candidate_2,5,0.024
79,candidate_5,candidate_3,0,candidate_1,candidate_2,5,0.024
80,candidate_5,candidate_3,candidate_4,candidate_1,candidate_2,5,0.024
81,candidate_5,candidate_3,candidate_4,candidate_1,candidate_2,5,0.024
82,candidate_5,candidate_3,candidate_4,candidate_1,candidate_2,5,0.024
83,candidate_5,candidate_3,candidate_4,candidate_1,candidate_2,5,0.024
84,candidate_5,candidate_3,candidate_4,candidate_1,candidate_2,5,0.024
85,candidate_5,candidate_3,candidate_4,candidate_1,candidate_2,5,0.024
86,candidate_5,candidate_3,candidate_4,candidate_1,candidate_2,5,0.024
87,candidate_5,candidate_3,candidate_4,candidate_1,candidate_2,5,0.024
88,candidate_5,candidate_3,candidate_4,candidate_1,candidate_2,5,0.024
89,candidate_5,candidate_3,candidate_4,candidate_1,candidate_2,5,0.024
90,candidate_5,candidate_3,0,candidate_1,candidate_2,5,0.024
91,candidate_5,candidate_3,candidate_4,candidate_1,candidate_2,5,0.024
92,candidate_5,candidate_3,candidate_4,candidate_1,candidate_2,5,0.024
93,candidate_5,candidate_3,candidate_4,candidate_1,candidate_2,5,0.024
94,candidate_5,candidate_3,candidate_4,candidate_1,candidate_2,5,0.024
95,0,candidate_3,candidate_4,candidate_1,candidate_2,5,0.024
96,candidate_5,candidate_3,candidate_4,candidate_1,candidate_2,5,0.024
97,candidate_5,candidate_3,candidate_4,candidate_1,candidate_2,5,0.024
98,candidate_5,candidate_3,candidate_4,candidate_1,candidate_2,5,0.024
99,candidate_5,candidate_3,candidate_4,candidate_1,candidate_2,5,0.024
100,candidate_5,candidate_3,candidate_4,candidate_1,candidate_2,5,0.024
101,candidate_5,candidate_3,candidate_4,candidate_1,candidate_2,5,0.024
102,candidate_5,candidate_3,candidate_4,candidate_1,candidate_2,5,0.024
103,candidate_5,candidate_3,candidate_4,candidate_1,candidate_2,5,0.024
0,candidate_5,candidate_3,candidate_4,candidate_2,candidate_1,5,0.024
1,0,candidate_3,candidate_4,candidate_2,candidate_1,5,0.024
2,candidate_5,candidate_3,candidate_4,candidate_2,candidate_1,5,0.024
3,candidate_5,candidate_3,candidate_4,candidate_2,candidate_1,5,0.024
4,candidate_5,candidate_3,candidate_4,candidate_2,candidate_1,5,0.024
5,candidate_5,candidate_3,candidate_4,candidate_2,candidate_1,5,0.024
6,candidate_5,candidate_3,candidate_4,candidate_2,candidate_1,5,0.024
7,candidate_5,candidate_3,candidate_4,candidate_2,candidate_1,5,0.024
8,candidate_5,candidate_3,candidate_4,candidate_2,candidate_1,5,0.024
9,candidate_5,candidate_3,candidate_4,candidate_2,candidate_1,5,0.024
10,candidate_5,candidate_3,candidate_4,candidate_2,candidate_1,5,0.024
11,0,candidate_3,candidate_4,candidate_2,candidate_1,5,0.024
12,candidate_5,candidate_3,candidate_4,candidate_2,candidate_1,5,0.024
13,candidate_5,candidate_3,candidate_4,candidate_2,candidate_1,5,0.024
14,candidate_5,candidate_3,candidate_4,candidate_2,candidate_1,5,0.024
15,candidate_5,candidate_3,candidate_4,candidate_2,candidate_1,5,0.024
16,candidate_5,candidate_3,candidate_4,candidate_2,candidate_1,5,0.024
17,candidate_5,candidate_3,candidate_4,candidate_2,candidate_1,5,0.024
18,candidate_5,candidate_3,candidate_4,candidate_2,candidate_1,5,0.024
19,candidate_5,candidate_3,candidate_4,candidate_2,candidate_1,5,0.024
20,candidate_5,candidate_3,candidate_4,candidate_2,candidate_1,5,0.024
21,candidate_5,candidate_3,candidate_4,candidate_2,candidate_1,5,0.024
22,candidate_5,candidate_3,candidate_4,candidate_2,candidate_1,5,0.024
23,candidate_5,candidate_3,candidate_4,candidate_2,candidate_1,5,0.024
24,candidate_5,candidate_3,candidate_4,candidate_2,candidate_1,5,0.024
25,candidate_5,candidate_3,candidate_4,candidate_2,candidate_1,5,0.024
26,candidate_5,candidate_3,candidate_4,candidate_2,candidate_1,5,0.024
27,candidate_5,candidate_3,candidate_4,candidate_2,candidate_1,5,0.024
28,candidate_5,candidate_3,candidate_4,candidate_2,candidate_1,5,0.024
29,candidate_5,candidate_3,candidate_4,candidate_2,candidate_1,5,0.024
30,candidate_5,candidate_3,candidate_4,candidate_2,candidate_1,5,0.024
31,candidate_5,candidate_3,candidate_4,candidate_2,candidate_1,5,0.024
32,candidate_5,candidate_3,candidate_4,candidate_2,candidate_1,5,0.024
33,candidate_5,candidate_3,candidate_4,candidate_2,candidate_1,5,0.024
0,candidate_5,candidate_4,candidate_1,candidate_2,candidate_3,5,0.024
1,candidate_5,candidate_4,candidate_1,candidate_2,candidate_3,5,0.024
2,candidate_5,candidate_4,candidate_1,candidate_2,candidate_3,5,0.024
3,candidate_5,candidate_4,candidate_1,candidate_2,candidate_3,5,0.024
4,candidate_5,candidate_4,candidate_1,candidate_2,candidate_3,5,0.024
5,candidate_5,candidate_4,candidate_1,candidate_2,candidate_3,5,0.024
6,candidate_5,candidate_4,candidate_1,candidate_2,candidate_3,5,0.024
7,candidate_5,candidate_4,candidate_1,candidate_2,candidate_3,5,0.024
8,candidate_5,candidate_4,candidate_1,candidate_2,candidate_3,5,0.024
9,candidate_5,candidate_4,candidate_1,candidate_2,candidate_3,5,0.024
10,candidate_5,candidate_4,candidate_1,candidate_2,candidate_3,5,0.024
11,candidate_5,candidate_4,candidate_1,candidate_2,candidate_3,5,0.024
12,candidate_5,candidate_4,candidate_1,candidate_2,candidate_3,5,0.024
13,candidate_5,candidate_4,candidate_1,candidate_2,candidate_3,5,0.024
14,candidate_5,candidate_4,candidate_1,candidate_2,candidate_3,5,0.024
15,candidate_5,candidate_4,candidate_1,candidate_2,candidate_3,5,0.024
16,candidate_5,candidate_4,candidate_1,candidate_2,candidate_3,5,0.024
17,candidate_5,candidate_4,candidate_1,candidate_2,candidate_3,5,0.024
18,candidate_5,0,candidate_1,candidate_2,candidate_3,5,0.024
19,candidate_5,candidate_4,candidate_1,candidate_2,candidate_3,5,0.024
20,candidate_5,candidate_4,candidate_1,candidate_2,0,5,0.024
21,candidate_5,candidate_4,candidate_1,candidate_2,candidate_3,5,0.024
22,candidate_5,candidate_4,0,candidate_2,candidate_3,5,0.024
23,candidate_5,candidate_4,candidate_1,candidate_2,candidate_3,5,0.024
24,candidate_5,candidate_4,candidate_1,candidate_2,candidate_3,5,0.024
25,candidate_5,candidate_4,candidate_1,candidate_2,candidate_3,5,0.024
26,candidate_5,candidate_4,candidate_1,candidate_2,candidate_3,5,0.024
27,candidate_5,candidate_4,candidate_1,candidate_2,candidate_3,5,0.024
28,candidate_5,candidate_4,candidate_1,candidate_2,candidate_3,5,0.024
29,candidate_5,candidate_4,candidate_1,candidate_2,candidate_3,5,0.024
30,candidate_5,candidate_4,candidate_1,candidate_2,candidate_3,5,0.024
31,candidate_5,candidate_4,candidate_1,candidate_2,candidate_3,5,0.024
32,candidate_5,0,candidate_1,candidate_2,candidate_3,5,0.024
33,candidate_5,candidate_4,candidate_1,candidate_2,candidate_3,5,0.024
34,candidate_5,candidate_4,candidate_1,candidate_2,candidate_3,5,0.024
35,candidate_5,candidate_4,candidate_1,candidate_2,candidate_3,5,0.024
36,candidate_5,candidate_4,candidate_1,candidate_2,candidate_3,5,0.024
37,candidate_5,candidate_4,candidate_1,candidate_2,candidate_3,5,0.024
38,candidate_5,candidate_4,candidate_1,candidate_2,candidate_3,5,0.024
39,candidate_5,candidate_4,candidate_1,candidate_2,candidate_3,5,0.024
40,candidate_5,candidate_4,candidate_1,candidate_2,candidate_3,5,0.024
41,candidate_5,candidate_4,candidate_1,candidate_2,candidate_3,5,0.024
42,candidate_5,candidate_4,candidate_1,candidate_2,candidate_3,5,0.024
43,candidate_5,candidate_4,candidate_1,candidate_2,candidate_3,5,0.024
44,candidate_5,candidate_4,candidate_1,candidate_2,candidate_3,5,0.024
45,candidate_5,candidate_4,candidate_1,candidate_2,candidate_3,5,0.024
46,candidate_5,candidate_4,candidate_1,candidate_2,candidate_3,5,0.024
47,candidate_5,candidate_4,candidate_1,candidate_2,candidate_3,5,0.024
48,candidate_5,candidate_4,candidate_1,candidate_2,candidate_3,5,0.024
49,candidate_5,candidate_4,candidate_1,candidate_2,candidate_3,5,0.024
50,candidate_5,candidate_4,candidate_1,candidate_2,candidate_3,5,0.024
51,candidate_5,candidate_4,candidate_1,candidate_2,candidate_3,5,0.024
52,candidate_5,0,candidate_1,candidate_2,candidate_3,5,0.024
53,candidate_5,candidate_4,candidate_1,candidate_2,candidate_3,5,0.024
54,candidate_5,candidate_4,candidate_1,candidate_2,candidate_3,5,0.024
55,candidate_5,candidate_4,candidate_1,candidate_2,candidate_3,5,0.024
56,candidate_5,candidate_4,candidate_1,candidate_2,candidate_3,5,0.024
57,candidate_5,candidate_4,0,candidate_2,candidate_3,5,0.024
58,candidate_5,candidate_4,candidate_1,candidate_2,candidate_3,5,0.024
59,candidate_5,candidate_4,candidate_1,candidate_2,candidate_3,5,0.024
60,candidate_5,candidate_4,candidate_1,candidate_2,candidate_3,5,0.024
61,candidate_5,candidate_4,candidate_1,candidate_2,candidate_3,5,0.024
62,candidate_5,candidate_4,candidate_1,candidate_2,candidate_3,5,0.024
63,candidate_5,candidate_4,candidate_1,candidate_2,candidate_3,5,0.024
64,candidate_5,candidate_4,candidate_1,candidate_2,candidate_3,5,0.024
65,candidate_5,candidate_4,candidate_1,candidate_2,candidate_3,5,0.024
66,candidate_5,candidate_4,candidate_1,candidate_2,candidate_3,5,0.024
67,candidate_5,candidate_4,candidate_1,candidate_2,candidate_3,5,0.024
68,candidate_5,candidate_4,candidate_1,candidate_2,candidate_3,5,0.024
69,candidate_5,candidate_4,candidate_1,candidate_2,candidate_3,5,0.024
70,candidate_5,candidate_4,candidate_1,candidate_2,candidate_3,5,0.024
71,candidate_5,candidate_4,candidate_1,candidate_2,candidate_3,5,0.024
72,candidate_5,candidate_4,candidate_1,candidate_2,candidate_3,5,0.024
73,candidate_5,candidate_4,candidate_1,candidate_2,candidate_3,5,0.024
74,candidate_5,candidate_4,candidate_1,candidate_2,candidate_3,5,0.024
75,candidate_5,candidate_4,candidate_1,candidate_2,candidate_3,5,0.024
76,candidate_5,candidate_4,candidate_1,candidate_2,candidate_3,5,0.024
77,0,candidate_4,candidate_1,candidate_2,candidate_3,5,0.024
78,candidate_5,candidate_4,candidate_1,candidate_2,candidate_3,5,0.024
79,candidate_5,candidate_4,candidate_1,candidate_2,candidate_3,5,0.024
80,0,candidate_4,candidate_1,candidate_2,candidate_3,5,0.024
81,candidate_5,candidate_4,candidate_1,candidate_2,candidate_3,5,0.024
82,candidate_5,candidate_4,candidate_1,candidate_2,candidate_3,5,0.024
83,candidate_5,candidate_4,candidate_1,candidate_2,candidate_3,5,0.024
84,candidate_5,candidate_4,candidate_1,candidate_2,candidate_3,5,0.024
85,candidate_5,candidate_4,candidate_1,candidate_2,candidate_3,5,0.024
86,candidate_5,candidate_4,candidate_1,candidate_2,candidate_3,5,0.024
87,candidate_5,candidate_4,candidate_1,candidate_2,candidate_3,5,0.024
88,candidate_5,candidate_4,candidate_1,candidate_2,candidate_3,5,0.024
89,candidate_5,0,candidate_1,candidate_2,candidate_3,5,0.024
90,candidate_5,candidate_4,candidate_1,candidate_2,candidate_3,5,0.024
91,candidate_5,candidate_4,candidate_1,candidate_2,candidate_3,5,0.024
92,candidate_5,candidate_4,candidate_1,candidate_2,candidate_3,5,0.024
93,0,candidate_4,candidate_1,candidate_2,candidate_3,5,0.024
94,candidate_5,candidate_4,candidate_1,candidate_2,candidate_3,5,0.024
95,candidate_5,candidate_4,candidate_1,candidate_2,candidate_3,5,0.024
96,candidate_5,candidate_4,candidate_1,candidate_2,candidate_3,5,0.024
97,candidate_5,candidate_4,candidate_1,candidate_2,candidate_3,5,0.024
98,candidate_5,candidate_4,candidate_1,candidate_2,candidate_3,5,0.024
99,candidate_5,candidate_4,candidate_1,candidate_2,candidate_3,5,0.024
100,candidate_5,candidate_4,candidate_1,candidate_2,candidate_3,5,0.024
101,candidate_5,candidate_4,candidate_1,candidate_2,candidate_3,5,0.024
102,candidate_5,candidate_4,candidate_1,candidate_2,candidate_3,5,0.024
103,candidate_5,candidate_4,candidate_1,candidate_2,candidate_3,5,0.024
104,candidate_5,candidate_4,candidate_1,candidate_2,candidate_3,5,0.024
105,candidate_5,candidate_4,candidate_1,candidate_2,candidate_3,5,0.024
106,candidate_5,candidate_4,candidate_1,candidate_2,candidate_3,5,0.024
107,candidate_5,candidate_4,candidate_1,candidate_2,candidate_3,5,0.024
108,candidate_5,candidate_4,candidate_1,candidate_2,candidate_3,5,0.024
109,candidate_5,candidate_4,candidate_1,candidate_2,candidate_3,5,0.024
110,candidate_5,candidate_4,candidate_1,candidate_2,0,5,0.024
111,candidate_5,candidate_4,candidate_1,candidate_2,candidate_3,5,0.024
112,candidate_5,candidate_4,candidate_1,candidate_2,candidate_3,5,0.024
113,candidate_5,candidate_4,candidate_1,candidate_2,candidate_3,5,0.024
114,candidate_5,candidate_4,candidate_1,candidate_2,candidate_3,5,0.024
115,candidate_5,candidate_4,candidate_1,candidate_2,candidate_3,5,0.024
116,candidate_5,candidate_4,candidate_1,candidate_2,candidate_3,5,0.024
117,candidate_5,candidate_4,candidate_1,candidate_2,candidate_3,5,0.024
118,candidate_5,candidate_4,candidate_1,candidate_2,candidate_3,5,0.024
119,candidate_5,candidate_4,candidate_1,candidate_2,candidate_3,5,0.024
120,candidate_5,candidate_4,candidate_1,candidate_2,candidate_3,5,0.024
121,candidate_5,candidate_4,candidate_1,candidate_2,candidate_3,5,0.024
122,candidate_5,candidate_4,candidate_1,candidate_2,candidate_3,5,0.024
123,candidate_5,candidate_4,candidate_1,candidate_2,candidate_3,5,0.024
124,candidate_5,candidate_4,candidate_1,candidate_2,candidate_3,5,0.024
125,candidate_5,candidate_4,candidate_1,candidate_2,candidate_3,5,0.024
126,candidate_5,candidate_4,candidate_1,candidate_2,candidate_3,5,0.024
127,candidate_5,candidate_4,candidate_1,candidate_2,candidate_3,5,0.024
128,candidate_5,candidate_4,candidate_1,candidate_2,candidate_3,5,0.024
129,candidate_5,candidate_4,candidate_1,candidate_2,candidate_3,5,0.024
130,candidate_5,candidate_4,candidate_1,candidate_2,candidate_3,5,0.024
131,candidate_5,candidate_4,candidate_1,candidate_2,candidate_3,5,0.024
132,candidate_5,candidate_4,candidate_1,candidate_2,candidate_3,5,0.024
133,candidate_5,candidate_4,candidate_1,candidate_2,candidate_3,5,0.024
134,0,candidate_4,candidate_1,candidate_2,candidate_3,5,0.024
135,candidate_5,candidate_4,0,candidate_2,candidate_3,5,0.024
0,candidate_5,candidate_4,candidate_1,candidate_3,candidate_2,5,0.024
1,candidate_5,candidate_4,candidate_1,candidate_3,candidate_2,5,0.024
2,candidate_5,candidate_4,candidate_1,candidate_3,candidate_2,5,0.024
3,candidate_5,candidate_4,candidate_1,candidate_3,candidate_2,5,0.024
4,candidate_5,candidate_4,candidate_1,candidate_3,candidate_2,5,0.024
5,candidate_5,candidate_4,candidate_1,candidate_3,candidate_2,5,0.024
6,candidate_5,candidate_4,0,candidate_3,candidate_2,5,0.024
7,candidate_5,candidate_4,candidate_1,candidate_3,0,5,0.024
8,candidate_5,candidate_4,candidate_1,candidate_3,candidate_2,5,0.024
9,candidate_5,candidate_4,candidate_1,candidate_3,candidate_2,5,0.024
10,candidate_5,candidate_4,candidate_1,candidate_3,candidate_2,5,0.024
11,candidate_5,candidate_4,candidate_1,candidate_3,candidate_2,5,0.024
12,candidate_5,candidate_4,candidate_1,0,candidate_2,5,0.024
13,candidate_5,candidate_4,candidate_1,candidate_3,candidate_2,5,0.024
14,candidate_5,candidate_4,candidate_1,candidate_3,candidate_2,5,0.024
15,candidate_5,candidate_4,candidate_1,candidate_3,candidate_2,5,0.024
16,candidate_5,candidate_4,candidate_1,candidate_3,candidate_2,5,0.024
17,candidate_5,candidate_4,candidate_1,candidate_3,candidate_2,5,0.024
18,candidate_5,candidate_4,candidate_1,candidate_3,candidate_2,5,0.024
19,candidate_5,candidate_4,candidate_1,candidate_3,candidate_2,5,0.024
20,candidate_5,candidate_4,candidate_1,candidate_3,candidate_2,5,0.024
21,candidate_5,candidate_4,candidate_1,candidate_3,candidate_2,5,0.024
22,0,candidate_4,candidate_1,candidate_3,candidate_2,5,0.024
23,candidate_5,candidate_4,candidate_1,candidate_3,candidate_2,5,0.024
24,candidate_5,candidate_4,candidate_1,candidate_3,candidate_2,5,0.024
25,candidate_5,candidate_4,candidate_1,candidate_3,candidate_2,5,0.024
26,candidate_5,candidate_4,candidate_1,candidate_3,candidate_2,5,0.024
27,candidate_5,candidate_4,candidate_1,candidate_3,candidate_2,5,0.024
28,candidate_5,candidate_4,candidate_1,candidate_3,candidate_2,5,0.024
29,candidate_5,candidate_4,candidate_1,candidate_3,candidate_2,5,0.024
30,candidate_5,candidate_4,candidate_1,candidate_3,candidate_2,5,0.024
31,candidate_5,candidate_4,candidate_1,candidate_3,candidate_2,5,0.024
32,candidate_5,candidate_4,candidate_1,candidate_3,candidate_2,5,0.024
33,candidate_5,candidate_4,candidate_1,candidate_3,candidate_2,5,0.024
34,candidate_5,candidate_4,candidate_1,candidate_3,candidate_2,5,0.024
35,candidate_5,candidate_4,candidate_1,candidate_3,candidate_2,5,0.024
36,candidate_5,candidate_4,candidate_1,candidate_3,candidate_2,5,0.024
37,candidate_5,candidate_4,candidate_1,candidate_3,candidate_2,5,0.024
38,candidate_5,candidate_4,candidate_1,candidate_3,candidate_2,5,0.024
39,0,candidate_4,candidate_1,candidate_3,candidate_2,5,0.024
40,candidate_5,candidate_4,candidate_1,candidate_3,candidate_2,5,0.024
41,candidate_5,candidate_4,candidate_1,candidate_3,candidate_2,5,0.024
42,candidate_5,0,candidate_1,candidate_3,candidate_2,5,0.024
43,candidate_5,candidate_4,candidate_1,candidate_3,candidate_2,5,0.024
44,candidate_5,candidate_4,candidate_1,candidate_3,candidate_2,5,0.024
45,candidate_5,candidate_4,candidate_1,candidate_3,candidate_2,5,0.024
46,candidate_5,0,candidate_1,candidate_3,candidate_2,5,0.024
47,candidate_5,candidate_4,0,candidate_3,candidate_2,5,0.024
48,candidate_5,candidate_4,candidate_1,candidate_3,candidate_2,5,0.024
49,candidate_5,candidate_4,candidate_1,candidate_3,candidate_2,5,0.024
50,candidate_5,0,candidate_1,candidate_3,candidate_2,5,0.024
51,candidate_5,candidate_4,candidate_1,candidate_3,candidate_2,5,0.024
52,candidate_5,candidate_4,candidate_1,candidate_3,candidate_2,5,0.024
53,candidate_5,candidate_4,candidate_1,candidate_3,candidate_2,5,0.024
54,candidate_5,candidate_4,candidate_1,candidate_3,candidate_2,5,0.024
55,candidate_5,candidate_4,candidate_1,candidate_3,candidate_2,5,0.024
56,candidate_5,candidate_4,candidate_1,candidate_3,candidate_2,5,0.024
57,candidate_5,candidate_4,candidate_1,candidate_3,candidate_2,5,0.024
58,candidate_5,candidate_4,candidate_1,candidate_3,candidate_2,5,0.024
59,candidate_5,candidate_4,candidate_1,candidate_3,candidate_2,5,0.024
60,candidate_5,candidate_4,candidate_1,0,candidate_2,5,0.024
61,candidate_5,candidate_4,candidate_1,candidate_3,candidate_2,5,0.024
62,candidate_5,candidate_4,candidate_1,candidate_3,candidate_2,5,0.024
63,candidate_5,candidate_4,candidate_1,0,candidate_2,5,0.024
64,candidate_5,candidate_4,candidate_1,0,candidate_2,5,0.024
65,candidate_5,candidate_4,candidate_1,candidate_3,candidate_2,5,0.024
66,candidate_5,candidate_4,candidate_1,candidate_3,candidate_2,5,0.024
67,candidate_5,candidate_4,candidate_1,candidate_3,candidate_2,5,0.024
68,candidate_5,candidate_4,candidate_1,candidate_3,candidate_2,5,0.024
69,candidate_5,0,candidate_1,candidate_3,candidate_2,5,0.024
70,candidate_5,candidate_4,candidate_1,candidate_3,candidate_2,5,0.024
71,candidate_5,candidate_4,candidate_1,candidate_3,candidate_2,5,0.024
72,candidate_5,candidate_4,candidate_1,candidate_3,candidate_2,5,0.024
73,candidate_5,candidate_4,candidate_1,candidate_3,candidate_2,5,0.024
74,candidate_5,candidate_4,candidate_1,candidate_3,candidate_2,5,0.024
75,candidate_5,candidate_4,candidate_1,candidate_3,candidate_2,5,0.024
76,candidate_5,candidate_4,candidate_1,candidate_3,candidate_2,5,0.024
77,candidate_5,candidate_4,candidate_1,candidate_3,candidate_2,5,0.024
78,candidate_5,candidate_4,candidate_1,candidate_3,candidate_2,5,0.024
79,candidate_5,candidate_4,candidate_1,candidate_3,candidate_2,5,0.024
80,candidate_5,candidate_4,candidate_1,candidate_3,candidate_2,5,0.024
81,candidate_5,candidate_4,candidate_1,candidate_3,candidate_2,5,0.024
82,candidate_5,candidate_4,candidate_1,candidate_3,candidate_2,5,0.024
83,candidate_5,candidate_4,candidate_1,candidate_3,candidate_2,5,0.024
84,candidate_5,candidate_4,candidate_1,candidate_3,candidate_2,5,0.024
85,candidate_5,candidate_4,candidate_1,candidate_3,candidate_2,5,0.024
86,candidate_5,candidate_4,candidate_1,candidate_3,candidate_2,5,0.024
87,candidate_5,candidate_4,candidate_1,candidate_3,candidate_2,5,0.024
88,candidate_5,candidate_4,candidate_1,candidate_3,candidate_2,5,0.024
89,candidate_5,candidate_4,candidate_1,candidate_3,candidate_2,5,0.024
90,candidate_5,candidate_4,candidate_1,candidate_3,candidate_2,5,0.024
91,candidate_5,candidate_4,candidate_1,candidate_3,candidate_2,5,0.024
92,candidate_5,candidate_4,candidate_1,candidate_3,candidate_2,5,0.024
93,candidate_5,candidate_4,0,candidate_3,candidate_2,5,0.024
94,candidate_5,candidate_4,candidate_1,candidate_3,candidate_2,5,0.024
95,candidate_5,candidate_4,candidate_1,candidate_3,candidate_2,5,0.024
96,candidate_5,candidate_4,candidate_1,candidate_3,candidate_2,5,0.024
97,candidate_5,candidate_4,candidate_1,candidate_3,candidate_2,5,0.024
98,candidate_5,candidate_4,candidate_1,candidate_3,candidate_2,5,0.024
99,candidate_5,candidate_4,candidate_1,candidate_3,candidate_2,5,0.024
100,candidate_5,candidate_4,candidate_1,candidate_3,candidate_2,5,0.024
101,candidate_5,candidate_4,candidate_1,candidate_3,candidate_2,5,0.024
102,candidate_5,candidate_4,candidate_1,candidate_3,candidate_2,5,0.024
103,candidate_5,candidate_4,candidate_1,candidate_3,candidate_2,5,0.024
104,candidate_5,candidate_4,candidate_1,candidate_3,candidate_2,5,0.024
105,candidate_5,candidate_4,candidate_1,0,candidate_2,5,0.024
106,candidate_5,candidate_4,candidate_1,candidate_3,candidate_2,5,0.024
107,candidate_5,candidate_4,candidate_1,candidate_3,candidate_2,5,0.024
108,0,candidate_4,candidate_1,candidate_3,candidate_2,5,0.024
109,candidate_5,candidate_4,candidate_1,candidate_3,candidate_2,5,0.024
110,candidate_5,candidate_4,candidate_1,candidate_3,candidate_2,5,0.024
111,candidate_5,candidate_4,candidate_1,candidate_3,candidate_2,5,0.024
112,candidate_5,0,candidate_1,candidate_3,candidate_2,5,0.024
113,candidate_5,0,candidate_1,candidate_3,candidate_2,5,0.024
114,candidate_5,candidate_4,candidate_1,candidate_3,candidate_2,5,0.024
115,candidate_5,candidate_4,candidate_1,candidate_3,candidate_2,5,0.024
116,candidate_5,candidate_4,candidate_1,candidate_3,candidate_2,5,0.024
117,candidate_5,candidate_4,candidate_1,candidate_3,candidate_2,5,0.024
118,candidate_5,candidate_4,candidate_1,candidate_3,candidate_2,5,0.024
119,candidate_5,candidate_4,candidate_1,candidate_3,candidate_2,5,0.024
120,candidate_5,candidate_4,candidate_1,candidate_3,candidate_2,5,0.024
121,candidate_5,candidate_4,candidate_1,candidate_3,candidate_2,5,0.024
122,candidate_5,candidate_4,candidate_1,candidate_3,candidate_2,5,0.024
123,candidate_5,candidate_4,candidate_1,candidate_3,candidate_2,5,0.024
124,candidate_5,candidate_4,candidate_1,candidate_3,candidate_2,5,0.024
125,candidate_5,candidate_4,candidate_1,candidate_3,candidate_2,5,0.024
0,candidate_5,candidate_4,0,candidate_1,candidate_3,5,0.024
1,candidate_5,candidate_4,candidate_2,candidate_1,candidate_3,5,0.024
2,0,candidate_4,candidate_2,candidate_1,candidate_3,5,0.024
3,candidate_5,candidate_4,candidate_2,candidate_1,candidate_3,5,0.024
4,candidate_5,candidate_4,candidate_2,candidate_1,candidate_3,5,0.024
5,candidate_5,candidate_4,candidate_2,candidate_1,candidate_3,5,0.024
6,candidate_5,candidate_4,candidate_2,candidate_1,candidate_3,5,0.024
7,candidate_5,candidate_4,candidate_2,candidate_1,candidate_3,5,0.024
8,candidate_5,candidate_4,0,candidate_1,candidate_3,5,0.024
9,candidate_5,candidate_4,candidate_2,candidate_1,candidate_3,5,0.024
10,candidate_5,candidate_4,candidate_2,candidate_1,candidate_3,5,0.024
11,candidate_5,candidate_4,candidate_2,candidate_1,candidate_3,5,0.024
12,candidate_5,candidate_4,candidate_2,0,candidate_3,5,0.024
13,candidate_5,candidate_4,0,candidate_1,candidate_3,5,0.024
14,candidate_5,candidate_4,candidate_2,candidate_1,candidate_3,5,0.024
15,candidate_5,candidate_4,0,candidate_1,candidate_3,5,0.024
16,candidate_5,candidate_4,candidate_2,candidate_1,candidate_3,5,0.024
17,candidate_5,candidate_4,candidate_2,0,candidate_3,5,0.024
18,candidate_5,candidate_4,candidate_2,0,candidate_3,5,0.024
19,candidate_5,candidate_4,candidate_2,candidate_1,candidate_3,5,0.024
20,candidate_5,candidate_4,candidate_2,candidate_1,candidate_3,5,0.024
21,candidate_5,candidate_4,0,candidate_1,candidate_3,5,0.024
22,candidate_5,candidate_4,candidate_2,candidate_1,candidate_3,5,0.024
23,candidate_5,candidate_4,candidate_2,candidate_1,candidate_3,5,0.024
24,candidate_5,candidate_4,candidate_2,candidate_1,candidate_3,5,0.024
25,candidate_5,candidate_4,candidate_2,candidate_1,candidate_3,5,0.024
26,candidate_5,candidate_4,candidate_2,candidate_1,candidate_3,5,0.024
27,candidate_5,candidate_4,candidate_2,candidate_1,candidate_3,5,0.024
28,candidate_5,candidate_4,candidate_2,0,candidate_3,5,0.024
29,candidate_5,candidate_4,candidate_2,candidate_1,candidate_3,5,0.024
30,candidate_5,candidate_4,candidate_2,candidate_1,candidate_3,5,0.024
31,candidate_5,candidate_4,candidate_2,candidate_1,candidate_3,5,0.024
32,candidate_5,candidate_4,candidate_2,candidate_1,candidate_3,5,0.024
33,candidate_5,candidate_4,candidate_2,candidate_1,candidate_3,5,0.024
34,candidate_5,candidate_4,candidate_2,candidate_1,candidate_3,5,0.024
35,0,candidate_4,candidate_2,candidate_1,candidate_3,5,0.024
36,candidate_5,candidate_4,candidate_2,candidate_1,candidate_3,5,0.024
37,candidate_5,candidate_4,candidate_2,candidate_1,candidate_3,5,0.024
38,candidate_5,candidate_4,candidate_2,candidate_1,candidate_3,5,0.024
39,candidate_5,candidate_4,candidate_2,candidate_1,candidate_3,5,0.024
40,candidate_5,candidate_4,candidate_2,candidate_1,candidate_3,5,0.024
41,candidate_5,candidate_4,candidate_2,candidate_1,candidate_3,5,0.024
42,candidate_5,candidate_4,candidate_2,candidate_1,candidate_3,5,0.024
43,candidate_5,candidate_4,candidate_2,candidate_1,candidate_3,5,0.024
44,candidate_5,candidate_4,candidate_2,candidate_1,candidate_3,5,0.024
45,candidate_5,candidate_4,candidate_2,candidate_1,candidate_3,5,0.024
46,candidate_5,candidate_4,candidate_2,candidate_1,candidate_3,5,0.024
47,candidate_5,candidate_4,candidate_2,candidate_1,candidate_3,5,0.024
48,candidate_5,candidate_4,candidate_2,candidate_1,candidate_3,5,0.024
49,candidate_5,candidate_4,candidate_2,candidate_1,candidate_3,5,0.024
50,candidate_5,candidate_4,candidate_2,candidate_1,candidate_3,5,0.024
51,candidate_5,candidate_4,candidate_2,candidate_1,candidate_3,5,0.024
52,0,candidate_4,candidate_2,candidate_1,candidate_3,5,0.024
53,candidate_5,candidate_4,candidate_2,candidate_1,candidate_3,5,0.024
54,candidate_5,candidate_4,candidate_2,candidate_1,candidate_3,5,0.024
55,candidate_5,candidate_4,candidate_2,candidate_1,candidate_3,5,0.024
56,candidate_5,candidate_4,candidate_2,candidate_1,candidate_3,5,0.024
57,candidate_5,candidate_4,candidate_2,candidate_1,candidate_3,5,0.024
58,candidate_5,candidate_4,candidate_2,candidate_1,candidate_3,5,0.024
59,candidate_5,candidate_4,candidate_2,candidate_1,candidate_3,5,0.024
60,candidate_5,candidate_4,candidate_2,candidate_1,candidate_3,5,0.024
61,candidate_5,candidate_4,candidate_2,candidate_1,candidate_3,5,0.024
62,candidate_5,candidate_4,candidate_2,candidate_1,candidate_3,5,0.024
63,candidate_5,candidate_4,candidate_2,candidate_1,candidate_3,5,0.024
64,candidate_5,candidate_4,candidate_2,candidate_1,candidate_3,5,0.024
65,candidate_5,candidate_4,candidate_2,candidate_1,candidate_3,5,0.024
66,candidate_5,candidate_4,candidate_2,0,candidate_3,5,0.024
67,candidate_5,candidate_4,candidate_2,candidate_1,candidate_3,5,0.024
68,candidate_5,candidate_4,candidate_2,candidate_1,candidate_3,5,0.024
69,candidate_5,candidate_4,candidate_2,candidate_1,candidate_3,5,0.024
70,candidate_5,candidate_4,candidate_2,candidate_1,candidate_3,5,0.024
71,candidate_5,candidate_4,candidate_2,candidate_1,candidate_3,5,0.024
72,candidate_5,candidate_4,candidate_2,candidate_1,candidate_3,5,0.024
73,candidate_5,candidate_4,candidate_2,candidate_1,candidate_3,5,0.024
74,0,candidate_4,candidate_2,candidate_1,candidate_3,5,0.024
75,candidate_5,candidate_4,candidate_2,candidate_1,candidate_3,5,0.024
76,candidate_5,candidate_4,candidate_2,candidate_1,candidate_3,5,0.024
77,candidate_5,candidate_4,candidate_2,candidate_1,candidate_3,5,0.024
78,candidate_5,candidate_4,candidate_2,candidate_1,candidate_3,5,0.024
79,candidate_5,candidate_4,candidate_2,candidate_1,candidate_3,5,0.024
80,candidate_5,candidate_4,candidate_2,candidate_1,candidate_3,5,0.024
81,0,candidate_4,candidate_2,candidate_1,candidate_3,5,0.024
82,candidate_5,candidate_4,candidate_2,candidate_1,candidate_3,5,0.024
83,candidate_5,candidate_4,candidate_2,0,candidate_3,5,0.024
84,candidate_5,candidate_4,candidate_2,candidate_1,candidate_3,5,0.024
85,candidate_5,candidate_4,candidate_2,candidate_1,candidate_3,5,0.024
86,candidate_5,candidate_4,candidate_2,candidate_1,candidate_3,5,0.024
87,candidate_5,candidate_4,0,candidate_1,candidate_3,5,0.024
88,candidate_5,candidate_4,candidate_2,candidate_1,candidate_3,5,0.024
89,candidate_5,candidate_4,candidate_2,candidate_1,candidate_3,5,0.024
90,candidate_5,candidate_4,candidate_2,candidate_1,candidate_3,5,0.024
91,candidate_5,candidate_4,candidate_2,candidate_1,candidate_3,5,0.024
92,candidate_5,candidate_4,candidate_2,candidate_1,candidate_3,5,0.024
93,candidate_5,candidate_4,candidate_2,candidate_1,candidate_3,5,0.024
94,candidate_5,candidate_4,candidate_2,candidate_1,candidate_3,5,0.024
95,candidate_5,candidate_4,candidate_2,candidate_1,candidate_3,5,0.024
96,candidate_5,candidate_4,candidate_2,candidate_1,candidate_3,5,0.024
97,candidate_5,candidate_4,candidate_2,candidate_1,candidate_3,5,0.024
98,candidate_5,candidate_4,candidate_2,candidate_1,candidate_3,5,0.024
99,candidate_5,candidate_4,candidate_2,candidate_1,candidate_3,5,0.024
100,candidate_5,candidate_4,candidate_2,candidate_1,0,5,0.024
101,candidate_5,candidate_4,candidate_2,candidate_1,candidate_3,5,0.024
102,candidate_5,candidate_4,candidate_2,candidate_1,candidate_3,5,0.024
103,candidate_5,candidate_4,candidate_2,candidate_1,candidate_3,5,0.024
104,candidate_5,candidate_4,candidate_2,candidate_1,candidate_3,5,0.024
105,candidate_5,candidate_4,candidate_2,candidate_1,candidate_3,5,0.024
106,candidate_5,candidate_4,candidate_2,candidate_1,candidate_3,5,0.024
107,candidate_5,candidate_4,candidate_2,candidate_1,candidate_3,5,0.024
108,candidate_5,candidate_4,candidate_2,candidate_1,candidate_3,5,0.024
109,candidate_5,candidate_4,candidate_2,candidate_1,candidate_3,5,0.024
110,candidate_5,candidate_4,candidate_2,candidate_1,candidate_3,5,0.024
111,candidate_5,candidate_4,candidate_2,candidate_1,candidate_3,5,0.024
112,candidate_5,candidate_4,candidate_2,candidate_1,candidate_3,5,0.024
113,candidate_5,candidate_4,0,candidate_1,candidate_3,5,0.024
114,candidate_5,candidate_4,candidate_2,candidate_1,candidate_3,5,0.024
115,candidate_5,candidate_4,candidate_2,candidate_1,candidate_3,5,0.024
116,candidate_5,0,candidate_2,candidate_1,candidate_3,5,0.024
117,candidate_5,candidate_4,candidate_2,candidate_1,candidate_3,5,0.024
118,candidate_5,candidate_4,candidate_2,candidate_1,candidate_3,5,0.024
119,candidate_5,candidate_4,candidate_2,candidate_1,candidate_3,5,0.024
120,candidate_5,candidate_4,candidate_2,candidate_1,candidate_3,5,0.024
121,candidate_5,candidate_4,candidate_2,candidate_1,candidate_3,5,0.024
122,candidate_5,candidate_4,candidate_2,candidate_1,candidate_3,5,0.024
123,candidate_5,candidate_4,candidate_2,candidate_1,candidate_3,5,0.024
124,candidate_5,candidate_4,candidate_2,candidate_1,candidate_3,5,0.024
125,candidate_5,candidate_4,candidate_2,candidate_1,candidate_3,5,0.024
126,candidate_5,candidate_4,candidate_2,candidate_1,candidate_3,5,0.024
127,candidate_5,candidate_4,candidate_2,candidate_1,candidate_3,5,0.024
128,candidate_5,candidate_4,candidate_2,candidate_1,candidate_3,5,0.024
129,candidate_5,candidate_4,candidate_2,candidate_1,candidate_3,5,0.024
130,candidate_5,candidate_4,candidate_2,candidate_1,candidate_3,5,0.024
131,candidate_5,candidate_4,candidate_2,candidate_1,candidate_3,5,0.024
132,candidate_5,candidate_4,candidate_2,0,candidate_3,5,0.024
133,candidate_5,candidate_4,candidate_2,candidate_1,candidate_3,5,0.024
134,candidate_5,candidate_4,candidate_2,candidate_1,candidate_3,5,0.024
135,candidate_5,candidate_4,candidate_2,0,candidate_3,5,0.024
136,candidate_5,candidate_4,candidate_2,candidate_1,candidate_3,5,0.024
137,candidate_5,candidate_4,candidate_2,candidate_1,candidate_3,5,0.024
138,candidate_5,candidate_4,candidate_2,candidate_1,candidate_3,5,0.024
139,candidate_5,candidate_4,candidate_2,0,candidate_3,5,0.024
140,candidate_5,candidate_4,candidate_2,candidate_1,candidate_3,5,0.024
141,candidate_5,candidate_4,candidate_2,candidate_1,candidate_3,5,0.024
142,candidate_5,candidate_4,candidate_2,candidate_1,candidate_3,5,0.024
143,candidate_5,candidate_4,candidate_2,candidate_1,candidate_3,5,0.024
144,candidate_5,candidate_4,candidate_2,candidate_1,candidate_3,5,0.024
145,candidate_5,candidate_4,candidate_2,candidate_1,candidate_3,5,0.024
146,candidate_5,candidate_4,candidate_2,candidate_1,candidate_3,5,0.024
147,candidate_5,candidate_4,candidate_2,candidate_1,candidate_3,5,0.024
148,candidate_5,candidate_4,candidate_2,candidate_1,candidate_3,5,0.024
149,candidate_5,candidate_4,candidate_2,candidate_1,candidate_3,5,0.024
150,candidate_5,candidate_4,candidate_2,candidate_1,candidate_3,5,0.024
0,candidate_5,candidate_4,candidate_2,candidate_3,candidate_1,5,0.024
1,candidate_5,candidate_4,candidate_2,candidate_3,candidate_1,5,0.024
2,candidate_5,candidate_4,candidate_2,candidate_3,candidate_1,5,0.024
3,candidate_5,candidate_4,candidate_2,candidate_3,candidate_1,5,0.024
4,candidate_5,candidate_4,candidate_2,candidate_3,candidate_1,5,0.024
5,candidate_5,candidate_4,candidate_2,candidate_3,candidate_1,5,0.024
6,candidate_5,candidate_4,candidate_2,candidate_3,candidate_1,5,0.024
7,candidate_5,candidate_4,candidate_2,candidate_3,candidate_1,5,0.024
8,candidate_5,candidate_4,candidate_2,candidate_3,candidate_1,5,0.024
9,candidate_5,candidate_4,candidate_2,candidate_3,candidate_1,5,0.024
10,candidate_5,candidate_4,candidate_2,candidate_3,candidate_1,5,0.024
11,candidate_5,candidate_4,candidate_2,candidate_3,candidate_1,5,0.024
12,candidate_5,candidate_4,candidate_2,candidate_3,candidate_1,5,0.024
13,candidate_5,candidate_4,candidate_2,candidate_3,candidate_1,5,0.024
14,candidate_5,candidate_4,0,candidate_3,candidate_1,5,0.024
15,candidate_5,candidate_4,candidate_2,candidate_3,candidate_1,5,0.024
16,candidate_5,candidate_4,candidate_2,candidate_3,candidate_1,5,0.024
17,candidate_5,candidate_4,candidate_2,candidate_3,candidate_1,5,0.024
18,candidate_5,candidate_4,candidate_2,candidate_3,candidate_1,5,0.024
19,candidate_5,candidate_4,candidate_2,candidate_3,candidate_1,5,0.024
20,candidate_5,candidate_4,candidate_2,candidate_3,candidate_1,5,0.024
21,candidate_5,candidate_4,candidate_2,candidate_3,candidate_1,5,0.024
22,candidate_5,candidate_4,candidate_2,candidate_3,candidate_1,5,0.024
23,candidate_5,candidate_4,candidate_2,candidate_3,candidate_1,5,0.024
24,candidate_5,candidate_4,candidate_2,candidate_3,candidate_1,5,0.024
25,candidate_5,candidate_4,candidate_2,candidate_3,candidate_1,5,0.024
26,candidate_5,candidate_4,candidate_2,candidate_3,candidate_1,5,0.024
27,candidate_5,candidate_4,candidate_2,candidate_3,candidate_1,5,0.024
28,candidate_5,candidate_4,candidate_2,candidate_3,candidate_1,5,0.024
29,candidate_5,candidate_4,candidate_2,candidate_3,candidate_1,5,0.024
30,candidate_5,candidate_4,0,candidate_3,candidate_1,5,0.024
31,candidate_5,candidate_4,candidate_2,candidate_3,candidate_1,5,0.024
32,candidate_5,candidate_4,candidate_2,candidate_3,candidate_1,5,0.024
33,candidate_5,candidate_4,candidate_2,candidate_3,candidate_1,5,0.024
34,candidate_5,candidate_4,candidate_2,0,candidate_1,5,0.024
35,candidate_5,candidate_4,candidate_2,candidate_3,candidate_1,5,0.024
36,candidate_5,candidate_4,candidate_2,0,candidate_1,5,0.024
37,candidate_5,candidate_4,candidate_2,candidate_3,candidate_1,5,0.024
38,candidate_5,candidate_4,candidate_2,candidate_3,candidate_1,5,0.024
39,candidate_5,candidate_4,candidate_2,candidate_3,0,5,0.024
40,candidate_5,candidate_4,candidate_2,candidate_3,candidate_1,5,0.024
41,candidate_5,candidate_4,candidate_2,candidate_3,candidate_1,5,0.024
42,candidate_5,candidate_4,candidate_2,candidate_3,candidate_1,5,0.024
43,candidate_5,candidate_4,candidate_2,candidate_3,candidate_1,5,0.024
44,candidate_5,candidate_4,candidate_2,candidate_3,candidate_1,5,0.024
45,candidate_5,candidate_4,candidate_2,candidate_3,candidate_1,5,0.024
46,candidate_5,candidate_4,0,candidate_3,candidate_1,5,0.024
47,candidate_5,candidate_4,candidate_2,candidate_3,candidate_1,5,0.024
48,0,0,candidate_2,candidate_3,candidate_1,5,0.024
49,candidate_5,candidate_4,candidate_2,candidate_3,candidate_1,5,0.024
50,candidate_5,candidate_4,candidate_2,candidate_3,candidate_1,5,0.024
51,candidate_5,candidate_4,candidate_2,candidate_3,candidate_1,5,0.024
52,candidate_5,candidate_4,candidate_2,candidate_3,candidate_1,5,0.024
53,candidate_5,candidate_4,candidate_2,candidate_3,candidate_1,5,0.024
54,candidate_5,candidate_4,candidate_2,candidate_3,candidate_1,5,0.024
55,candidate_5,candidate_4,candidate_2,candidate_3,candidate_1,5,0.024
56,candidate_5,candidate_4,candidate_2,candidate_3,candidate_1,5,0.024
57,candidate_5,candidate_4,candidate_2,candidate_3,candidate_1,5,0.024
58,candidate_5,candidate_4,candidate_2,candidate_3,candidate_1,5,0.024
59,candidate_5,candidate_4,candidate_2,candidate_3,candidate_1,5,0.024
60,candidate_5,candidate_4,candidate_2,candidate_3,candidate_1,5,0.024
61,candidate_5,candidate_4,candidate_2,candidate_3,candidate_1,5,0.024
62,candidate_5,candidate_4,candidate_2,candidate_3,candidate_1,5,0.024
63,candidate_5,candidate_4,candidate_2,candidate_3,candidate_1,5,0.024
64,candidate_5,candidate_4,candidate_2,candidate_3,candidate_1,5,0.024
65,candidate_5,candidate_4,candidate_2,candidate_3,candidate_1,5,0.024
66,candidate_5,candidate_4,candidate_2,candidate_3,candidate_1,5,0.024
67,candidate_5,candidate_4,candidate_2,candidate_3,candidate_1,5,0.024
68,candidate_5,candidate_4,candidate_2,candidate_3,candidate_1,5,0.024
69,candidate_5,candidate_4,candidate_2,candidate_3,candidate_1,5,0.024
70,candidate_5,candidate_4,candidate_2,candidate_3,0,5,0.024
71,candidate_5,candidate_4,candidate_2,candidate_3,candidate_1,5,0.024
72,candidate_5,candidate_4,candidate_2,candidate_3,candidate_1,5,0.024
73,candidate_5,candidate_4,candidate_2,candidate_3,candidate_1,5,0.024
74,candidate_5,candidate_4,candidate_2,candidate_3,candidate_1,5,0.024
75,candidate_5,candidate_4,candidate_2,candidate_3,candidate_1,5,0.024
76,candidate_5,candidate_4,candidate_2,candidate_3,candidate_1,5,0.024
77,candidate_5,candidate_4,candidate_2,candidate_3,candidate_1,5,0.024
78,candidate_5,candidate_4,candidate_2,candidate_3,candidate_1,5,0.024
79,candidate_5,candidate_4,candidate_2,candidate_3,candidate_1,5,0.024
80,candidate_5,candidate_4,candidate_2,candidate_3,candidate_1,5,0.024
81,candidate_5,candidate_4,candidate_2,candidate_3,candidate_1,5,0.024
82,candidate_5,candidate_4,candidate_2,candidate_3,candidate_1,5,0.024
83,candidate_5,candidate_4,candidate_2,candidate_3,candidate_1,5,0.024
84,candidate_5,candidate_4,candidate_2,candidate_3,candidate_1,5,0.024
85,candidate_5,candidate_4,candidate_2,candidate_3,candidate_1,5,0.024
86,candidate_5,candidate_4,candidate_2,candidate_3,candidate_1,5,0.024
87,candidate_5,candidate_4,candidate_2,candidate_3,candidate_1,5,0.024
88,candidate_5,candidate_4,candidate_2,candidate_3,candidate_1,5,0.024
89,candidate_5,candidate_4,candidate_2,candidate_3,candidate_1,5,0.024
90,candidate_5,0,candidate_2,candidate_3,candidate_1,5,0.024
91,candidate_5,candidate_4,candidate_2,candidate_3,candidate_1,5,0.024
92,candidate_5,candidate_4,candidate_2,candidate_3,candidate_1,5,0.024
93,0,candidate_4,candidate_2,candidate_3,candidate_1,5,0.024
94,candidate_5,candidate_4,candidate_2,candidate_3,candidate_1,5,0.024
95,candidate_5,candidate_4,candidate_2,candidate_3,candidate_1,5,0.024
96,candidate_5,candidate_4,candidate_2,candidate_3,0,5,0.024
97,candidate_5,0,candidate_2,candidate_3,candidate_1,5,0.024
98,candidate_5,candidate_4,candidate_2,candidate_3,candidate_1,5,0.024
99,candidate_5,candidate_4,candidate_2,candidate_3,candidate_1,5,0.024
100,candidate_5,candidate_4,candidate_2,candidate_3,candidate_1,5,0.024
101,candidate_5,candidate_4,candidate_2,candidate_3,candidate_1,5,0.024
102,candidate_5,candidate_4,candidate_2,candidate_3,candidate_1,5,0.024
103,candidate_5,candidate_4,candidate_2,candidate_3,candidate_1,5,0.024
104,candidate_5,candidate_4,candidate_2,candidate_3,candidate_1,5,0.024
105,candidate_5,candidate_4,candidate_2,candidate_3,candidate_1,5,0.024
106,candidate_5,candidate_4,candidate_2,candidate_3,candidate_1,5,0.024
107,candidate_5,candidate_4,0,candidate_3,candidate_1,5,0.024
108,candidate_5,candidate_4,candidate_2,candidate_3,candidate_1,5,0.024
109,candidate_5,candidate_4,candidate_2,candidate_3,candidate_1,5,0.024
110,candidate_5,candidate_4,candidate_2,candidate_3,candidate_1,5,0.024
111,candidate_5,candidate_4,candidate_2,candidate_3,candidate_1,5,0.024
112,candidate_5,candidate_4,candidate_2,candidate_3,candidate_1,5,0.024
113,candidate_5,candidate_4,candidate_2,candidate_3,candidate_1,5,0.024
114,candidate_5,candidate_4,candidate_2,candidate_3,candidate_1,5,0.024
115,candidate_5,candidate_4,candidate_2,candidate_3,candidate_1,5,0.024
116,candidate_5,candidate_4,candidate_2,candidate_3,candidate_1,5,0.024
117,candidate_5,candidate_4,candidate_2,candidate_3,candidate_1,5,0.024
118,candidate_5,candidate_4,candidate_2,0,candidate_1,5,0.024
119,candidate_5,candidate_4,candidate_2,candidate_3,candidate_1,5,0.024
120,candidate_5,candidate_4,candidate_2,candidate_3,candidate_1,5,0.024
121,candidate_5,candidate_4,candidate_2,candidate_3,candidate_1,5,0.024
0,candidate_5,candidate_4,candidate_3,candidate_1,candidate_2,5,0.024
1,candidate_5,candidate_4,candidate_3,candidate_1,candidate_2,5,0.024
2,candidate_5,candidate_4,candidate_3,candidate_1,candidate_2,5,0.024
3,candidate_5,candidate_4,candidate_3,candidate_1,candidate_2,5,0.024
4,candidate_5,candidate_4,candidate_3,candidate_1,candidate_2,5,0.024
5,candidate_5,candidate_4,candidate_3,candidate_1,candidate_2,5,0.024
6,candidate_5,candidate_4,candidate_3,candidate_1,candidate_2,5,0.024
7,candidate_5,candidate_4,candidate_3,candidate_1,candidate_2,5,0.024
8,candidate_5,candidate_4,candidate_3,candidate_1,candidate_2,5,0.024
9,candidate_5,candidate_4,candidate_3,candidate_1,candidate_2,5,0.024
10,candidate_5,candidate_4,candidate_3,candidate_1,candidate_2,5,0.024
11,candidate_5,candidate_4,candidate_3,candidate_1,candidate_2,5,0.024
12,candidate_5,candidate_4,candidate_3,candidate_1,candidate_2,5,0.024
13,candidate_5,candidate_4,candidate_3,candidate_1,candidate_2,5,0.024
14,candidate_5,candidate_4,candidate_3,candidate_1,candidate_2,5,0.024
15,candidate_5,candidate_4,candidate_3,candidate_1,candidate_2,5,0.024
16,candidate_5,candidate_4,candidate_3,candidate_1,candidate_2,5,0.024
17,candidate_5,candidate_4,candidate_3,candidate_1,candidate_2,5,0.024
18,candidate_5,candidate_4,candidate_3,candidate_1,candidate_2,5,0.024
19,candidate_5,candidate_4,candidate_3,candidate_1,candidate_2,5,0.024
20,candidate_5,candidate_4,candidate_3,candidate_1,candidate_2,5,0.024
21,candidate_5,candidate_4,candidate_3,candidate_1,candidate_2,5,0.024
22,candidate_5,candidate_4,candidate_3,candidate_1,candidate_2,5,0.024
23,candidate_5,candidate_4,candidate_3,candidate_1,candidate_2,5,0.024
24,candidate_5,candidate_4,candidate_3,candidate_1,candidate_2,5,0.024
25,candidate_5,candidate_4,candidate_3,candidate_1,candidate_2,5,0.024
26,candidate_5,candidate_4,candidate_3,candidate_1,candidate_2,5,0.024
27,candidate_5,candidate_4,candidate_3,candidate_1,candidate_2,5,0.024
28,candidate_5,candidate_4,candidate_3,candidate_1,candidate_2,5,0.024
29,candidate_5,candidate_4,candidate_3,candidate_1,candidate_2,5,0.024
30,candidate_5,candidate_4,candidate_3,candidate_1,candidate_2,5,0.024
31,candidate_5,candidate_4,candidate_3,candidate_1,candidate_2,5,0.024
32,candidate_5,candidate_4,candidate_3,candidate_1,candidate_2,5,0.024
33,candidate_5,candidate_4,candidate_3,candidate_1,candidate_2,5,0.024
34,candidate_5,candidate_4,candidate_3,candidate_1,candidate_2,5,0.024
35,candidate_5,candidate_4,candidate_3,candidate_1,candidate_2,5,0.024
36,candidate_5,candidate_4,candidate_3,candidate_1,candidate_2,5,0.024
37,candidate_5,candidate_4,candidate_3,candidate_1,candidate_2,5,0.024
38,candidate_5,candidate_4,candidate_3,candidate_1,candidate_2,5,0.024
39,candidate_5,candidate_4,candidate_3,candidate_1,candidate_2,5,0.024
40,candidate_5,candidate_4,candidate_3,candidate_1,candidate_2,5,0.024
41,candidate_5,candidate_4,candidate_3,candidate_1,candidate_2,5,0.024
42,candidate_5,candidate_4,candidate_3,candidate_1,candidate_2,5,0.024
43,candidate_5,candidate_4,candidate_3,candidate_1,candidate_2,5,0.024
44,0,candidate_4,candidate_3,candidate_1,candidate_2,5,0.024
45,candidate_5,candidate_4,candidate_3,candidate_1,candidate_2,5,0.024
46,candidate_5,candidate_4,candidate_3,candidate_1,candidate_2,5,0.024
47,candidate_5,candidate_4,candidate_3,candidate_1,candidate_2,5,0.024
48,candidate_5,candidate_4,candidate_3,candidate_1,candidate_2,5,0.024
49,candidate_5,candidate_4,0,candidate_1,candidate_2,5,0.024
50,candidate_5,candidate_4,candidate_3,candidate_1,candidate_2,5,0.024
51,candidate_5,candidate_4,candidate_3,candidate_1,candidate_2,5,0.024
52,candidate_5,candidate_4,candidate_3,candidate_1,candidate_2,5,0.024
53,candidate_5,candidate_4,candidate_3,candidate_1,candidate_2,5,0.024
54,candidate_5,candidate_4,candidate_3,candidate_1,candidate_2,5,0.024
55,candidate_5,candidate_4,candidate_3,candidate_1,candidate_2,5,0.024
56,candidate_5,candidate_4,candidate_3,candidate_1,candidate_2,5,0.024
57,candidate_5,candidate_4,candidate_3,candidate_1,candidate_2,5,0.024
58,candidate_5,candidate_4,candidate_3,candidate_1,candidate_2,5,0.024
59,candidate_5,candidate_4,0,candidate_1,candidate_2,5,0.024
60,candidate_5,candidate_4,candidate_3,candidate_1,candidate_2,5,0.024
0,candidate_5,candidate_4,candidate_3,candidate_2,candidate_1,5,0.024
1,candidate_5,candidate_4,candidate_3,candidate_2,candidate_1,5,0.024
2,candidate_5,candidate_4,candidate_3,candidate_2,candidate_1,5,0.024
3,candidate_5,candidate_4,candidate_3,candidate_2,candidate_1,5,0.024
4,candidate_5,candidate_4,candidate_3,candidate_2,candidate_1,5,0.024
5,candidate_5,candidate_4,candidate_3,candidate_2,candidate_1,5,0.024
6,candidate_5,candidate_4,candidate_3,candidate_2,candidate_1,5,0.024
7,candidate_5,candidate_4,candidate_3,candidate_2,candidate_1,5,0.024
8,candidate_5,candidate_4,candidate_3,0,candidate_1,5,0.024
9,candidate_5,candidate_4,candidate_3,candidate_2,candidate_1,5,0.024
10,candidate_5,candidate_4,candidate_3,candidate_2,candidate_1,5,0.024
11,candidate_5,candidate_4,candidate_3,candidate_2,candidate_1,5,0.024
12,candidate_5,candidate_4,candidate_3,candidate_2,candidate_1,5,0.024
13,candidate_5,candidate_4,candidate_3,candidate_2,candidate_1,5,0.024
14,candidate_5,candidate_4,candidate_3,candidate_2,candidate_1,5,0.024
15,candidate_5,candidate_4,candidate_3,0,0,5,0.024
16,candidate_5,candidate_4,candidate_3,candidate_2,candidate_1,5,0.024
17,candidate_5,0,candidate_3,candidate_2,candidate_1,5,0.024
18,candidate_5,candidate_4,candidate_3,candidate_2,candidate_1,5,0.024
19,candidate_5,candidate_4,candidate_3,candidate_2,candidate_1,5,0.024
20,candidate_5,candidate_4,candidate_3,candidate_2,candidate_1,5,0.024
21,candidate_5,candidate_4,candidate_3,candidate_2,candidate_1,5,0.024
22,candidate_5,candidate_4,candidate_3,candidate_2,candidate_1,5,0.024
23,candidate_5,candidate_4,candidate_3,candidate_2,candidate_1,5,0.024
24,candidate_5,0,candidate_3,candidate_2,candidate_1,5,0.024
25,candidate_5,candidate_4,candidate_3,candidate_2,candidate_1,5,0.024
26,candidate_5,candidate_4,candidate_3,candidate_2,candidate_1,5,0.024
27,candidate_5,candidate_4,candidate_3,candidate_2,candidate_1,5,0.024
28,candidate_5,candidate_4,candidate_3,candidate_2,candidate_1,5,0.024
29,candidate_5,candidate_4,candidate_3,candidate_2,candidate_1,5,0.024
30,candidate_5,candidate_4,candidate_3,candidate_2,candidate_1,5,0.024
31,candidate_5,candidate_4,candidate_3,candidate_2,candidate_1,5,0.024
32,candidate_5,candidate_4,candidate_3,candidate_2,candidate_1,5,0.024
33,candidate_5,candidate_4,candidate_3,candidate_2,candidate_1,5,0.024
34,candidate_5,candidate_4,candidate_3,candidate_2,candidate_1,5,0.024
35,candidate_5,candidate_4,candidate_3,candidate_2,candidate_1,5,0.024
36,candidate_5,candidate_4,candidate_3,candidate_2,candidate_1,5,0.024
37,candidate_5,candidate_4,candidate_3,candidate_2,candidate_1,5,0.024
38,candidate_5,candidate_4,candidate_3,candidate_2,candidate_1,5,0.024
39,candidate_5,candidate_4,candidate_3,candidate_2,candidate_1,5,0.024
40,candidate_5,candidate_4,candidate_3,candidate_2,candidate_1,5,0.024
41,candidate_5,candidate_4,candidate_3,candidate_2,candidate_1,5,0.024
42,candidate_5,candidate_4,candidate_3,candidate_2,candidate_1,5,0.024
43,candidate_5,candidate_4,candidate_3,candidate_2,candidate_1,5,0.024
44,candidate_5,candidate_4,candidate_3,candidate_2,candidate_1,5,0.024
45,candidate_5,candidate_4,candidate_3,candidate_2,candidate_1,5,0.024
46,candidate_5,candidate_4,candidate_3,candidate_2,candidate_1,5,0.024
47,candidate_5,candidate_4,candidate_3,candidate_2,candidate_1,5,0.024
48,candidate_5,candidate_4,candidate_3,candidate_2,candidate_1,5,0.024
49,candidate_5,candidate_4,candidate_3,candidate_2,candidate_1,5,0.024
50,candidate_5,candidate_4,candidate_3,candidate_2,candidate_1,5,0.024
51,candidate_5,candidate_4,candidate_3,candidate_2,candidate_1,5,0.024
52,candidate_5,candidate_4,candidate_3,candidate_2,candidate_1,5,0.024
53,candidate_5,candidate_4,candidate_3,candidate_2,candidate_1,5,0.024
54,candidate_5,candidate_4,0,candidate_2,candidate_1,5,0.024
55,candidate_5,candidate_4,candidate_3,candidate_2,candidate_1,5,0.024
56,candidate_5,candidate_4,candidate_3,0,candidate_1,5,0.024
57,candidate_5,0,candidate_3,candidate_2,candidate_1,5,0.024
58,candidate_5,candidate_4,candidate_3,candidate_2,candidate_1,5,0.024
59,candidate_5,candidate_4,candidate_3,candidate_2,candidate_1,5,0.024
60,candidate_5,candidate_4,candidate_3,candidate_2,candidate_1,5,0.024
61,candidate_5,candidate_4,candidate_3,candidate_2,candidate_1,5,0.024
62,candidate_5,candidate_4,candidate_3,candidate_2,candidate_1,5,0.024
63,candidate_5,candidate_4,candidate_3,candidate_2,candidate_1,5,0.024
64,candidate_5,candidate_4,candidate_3,candidate_2,candidate_1,5,0.024
65,candidate_5,candidate_4,candidate_3,candidate_2,candidate_1,5,0.024
66,candidate_5,candidate_4,candidate_3,candidate_2,candidate_1,5,0.024
67,candidate_5,candidate_4,candidate_3,candidate_2,candidate_1,5,0.024
68,candidate_5,candidate_4,candidate_3,candidate_2,candidate_1,5,0.024
69,candidate_5,candidate_4,candidate_3,candidate_2,candidate_1,5,0.024
70,candidate_5,candidate_4,0,candidate_2,candidate_1,5,0.024
