,candidate_1,candidate_2,candidate_3,num_candidates,noise
0,candidate_1,candidate_2,candidate_3,3,0.03
1,candidate_1,candidate_2,candidate_3,3,0.03
2,candidate_1,candidate_2,candidate_3,3,0.03
3,candidate_1,candidate_2,candidate_3,3,0.03
4,candidate_1,candidate_2,candidate_3,3,0.03
5,candidate_1,candidate_2,candidate_3,3,0.03
6,candidate_1,candidate_2,candidate_3,3,0.03
7,candidate_1,candidate_2,candidate_3,3,0.03
8,candidate_1,candidate_2,candidate_3,3,0.03
9,candidate_1,candidate_2,candidate_3,3,0.03
10,candidate_1,candidate_2,candidate_3,3,0.03
11,candidate_1,candidate_2,candidate_3,3,0.03
12,candidate_1,candidate_2,candidate_3,3,0.03
13,candidate_1,candidate_2,candidate_3,3,0.03
14,candidate_1,candidate_2,candidate_3,3,0.03
15,candidate_1,candidate_2,candidate_3,3,0.03
16,candidate_1,candidate_2,candidate_3,3,0.03
17,candidate_1,candidate_2,candidate_3,3,0.03
18,candidate_1,candidate_2,candidate_3,3,0.03
19,candidate_1,candidate_2,candidate_3,3,0.03
20,candidate_1,candidate_2,candidate_3,3,0.03
21,candidate_1,candidate_2,candidate_3,3,0.03
22,candidate_1,candidate_2,candidate_3,3,0.03
23,candidate_1,candidate_2,candidate_3,3,0.03
24,candidate_1,candidate_2,candidate_3,3,0.03
25,candidate_1,candidate_2,candidate_3,3,0.03
26,candidate_1,candidate_2,candidate_3,3,0.03
27,candidate_1,candidate_2,candidate_3,3,0.03
28,candidate_1,candidate_2,candidate_3,3,0.03
29,candidate_1,candidate_2,candidate_3,3,0.03
30,candidate_1,candidate_2,candidate_3,3,0.03
31,candidate_1,candidate_2,candidate_3,3,0.03
32,candidate_1,candidate_2,candidate_3,3,0.03
33,candidate_1,candidate_2,candidate_3,3,0.03
34,candidate_1,candidate_2,candidate_3,3,0.03
35,candidate_1,candidate_2,candidate_3,3,0.03
36,candidate_1,candidate_2,candidate_3,3,0.03
37,candidate_1,candidate_2,candidate_3,3,0.03
38,candidate_1,candidate_2,candidate_3,3,0.03
39,candidate_1,candidate_2,candidate_3,3,0.03
40,candidate_1,candidate_2,candidate_3,3,0.03
41,candidate_1,candidate_2,candidate_3,3,0.03
42,candidate_1,candidate_2,candidate_3,3,0.03
43,candidate_1,candidate_2,candidate_3,3,0.03
44,candidate_1,0,candidate_3,3,0.03
45,candidate_1,candidate_2,candidate_3,3,0.03
46,candidate_1,candidate_2,candidate_3,3,0.03
47,candidate_1,candidate_2,candidate_3,3,0.03
48,candidate_1,candidate_2,candidate_3,3,0.03
49,candidate_1,candidate_2,candidate_3,3,0.03
50,candidate_1,candidate_2,candidate_3,3,0.03
51,candidate_1,candidate_2,candidate_3,3,0.03
52,candidate_1,candidate_2,candidate_3,3,0.03
53,candidate_1,candidate_2,candidate_3,3,0.03
54,candidate_1,candidate_2,candidate_3,3,0.03
55,candidate_1,candidate_2,candidate_3,3,0.03
56,candidate_1,candidate_2,candidate_3,3,0.03
57,candidate_1,candidate_2,candidate_3,3,0.03
58,candidate_1,candidate_2,candidate_3,3,0.03
59,candidate_1,candidate_2,candidate_3,3,0.03
60,candidate_1,candidate_2,candidate_3,3,0.03
61,candidate_1,candidate_2,candidate_3,3,0.03
62,candidate_1,candidate_2,candidate_3,3,0.03
63,candidate_1,candidate_2,candidate_3,3,0.03
64,candidate_1,candidate_2,candidate_3,3,0.03
65,candidate_1,candidate_2,candidate_3,3,0.03
66,candidate_1,candidate_2,0,3,0.03
67,candidate_1,candidate_2,candidate_3,3,0.03
68,candidate_1,candidate_2,candidate_3,3,0.03
69,candidate_1,candidate_2,candidate_3,3,0.03
70,candidate_1,candidate_2,candidate_3,3,0.03
71,candidate_1,candidate_2,candidate_3,3,0.03
72,candidate_1,candidate_2,candidate_3,3,0.03
73,candidate_1,candidate_2,candidate_3,3,0.03
74,candidate_1,candidate_2,candidate_3,3,0.03
75,candidate_1,candidate_2,candidate_3,3,0.03
76,candidate_1,candidate_2,candidate_3,3,0.03
77,candidate_1,candidate_2,candidate_3,3,0.03
78,candidate_1,candidate_2,candidate_3,3,0.03
79,candidate_1,candidate_2,candidate_3,3,0.03
80,candidate_1,candidate_2,candidate_3,3,0.03
81,candidate_1,candidate_2,candidate_3,3,0.03
82,candidate_1,candidate_2,candidate_3,3,0.03
83,candidate_1,candidate_2,candidate_3,3,0.03
84,candidate_1,candidate_2,candidate_3,3,0.03
85,candidate_1,candidate_2,candidate_3,3,0.03
86,0,candidate_2,candidate_3,3,0.03
87,candidate_1,candidate_2,candidate_3,3,0.03
88,candidate_1,candidate_2,candidate_3,3,0.03
89,candidate_1,candidate_2,candidate_3,3,0.03
90,candidate_1,candidate_2,candidate_3,3,0.03
91,candidate_1,candidate_2,candidate_3,3,0.03
92,candidate_1,candidate_2,candidate_3,3,0.03
93,candidate_1,candidate_2,candidate_3,3,0.03
94,candidate_1,candidate_2,candidate_3,3,0.03
95,candidate_1,candidate_2,candidate_3,3,0.03
96,candidate_1,candidate_2,candidate_3,3,0.03
97,0,candidate_2,candidate_3,3,0.03
98,candidate_1,candidate_2,candidate_3,3,0.03
99,candidate_1,candidate_2,candidate_3,3,0.03
100,candidate_1,candidate_2,candidate_3,3,0.03
101,candidate_1,candidate_2,candidate_3,3,0.03
102,candidate_1,candidate_2,candidate_3,3,0.03
103,candidate_1,candidate_2,candidate_3,3,0.03
104,candidate_1,candidate_2,candidate_3,3,0.03
105,0,0,candidate_3,3,0.03
106,candidate_1,candidate_2,candidate_3,3,0.03
107,candidate_1,candidate_2,candidate_3,3,0.03
108,candidate_1,candidate_2,candidate_3,3,0.03
109,candidate_1,candidate_2,candidate_3,3,0.03
110,candidate_1,candidate_2,candidate_3,3,0.03
111,candidate_1,candidate_2,candidate_3,3,0.03
112,candidate_1,candidate_2,candidate_3,3,0.03
113,candidate_1,candidate_2,0,3,0.03
114,candidate_1,candidate_2,candidate_3,3,0.03
115,candidate_1,candidate_2,candidate_3,3,0.03
116,candidate_1,candidate_2,candidate_3,3,0.03
117,candidate_1,candidate_2,candidate_3,3,0.03
118,candidate_1,candidate_2,candidate_3,3,0.03
119,candidate_1,candidate_2,candidate_3,3,0.03
120,candidate_1,candidate_2,candidate_3,3,0.03
121,candidate_1,candidate_2,candidate_3,3,0.03
122,candidate_1,candidate_2,candidate_3,3,0.03
123,candidate_1,candidate_2,candidate_3,3,0.03
124,0,candidate_2,candidate_3,3,0.03
125,candidate_1,candidate_2,candidate_3,3,0.03
126,candidate_1,candidate_2,candidate_3,3,0.03
127,candidate_1,candidate_2,candidate_3,3,0.03
128,candidate_1,candidate_2,candidate_3,3,0.03
129,candidate_1,candidate_2,candidate_3,3,0.03
130,candidate_1,candidate_2,candidate_3,3,0.03
131,candidate_1,candidate_2,candidate_3,3,0.03
132,candidate_1,candidate_2,candidate_3,3,0.03
133,candidate_1,0,candidate_3,3,0.03
134,candidate_1,candidate_2,candidate_3,3,0.03
135,candidate_1,candidate_2,candidate_3,3,0.03
136,candidate_1,candidate_2,candidate_3,3,0.03
137,candidate_1,candidate_2,candidate_3,3,0.03
138,candidate_1,candidate_2,candidate_3,3,0.03
139,candidate_1,candidate_2,candidate_3,3,0.03
140,candidate_1,candidate_2,candidate_3,3,0.03
141,candidate_1,candidate_2,candidate_3,3,0.03
142,candidate_1,candidate_2,candidate_3,3,0.03
143,candidate_1,candidate_2,candidate_3,3,0.03
144,candidate_1,candidate_2,candidate_3,3,0.03
145,candidate_1,0,candidate_3,3,0.03
146,candidate_1,candidate_2,candidate_3,3,0.03
147,candidate_1,candidate_2,0,3,0.03
148,candidate_1,candidate_2,candidate_3,3,0.03
149,candidate_1,candidate_2,candidate_3,3,0.03
150,candidate_1,candidate_2,candidate_3,3,0.03
151,candidate_1,candidate_2,0,3,0.03
152,candidate_1,candidate_2,candidate_3,3,0.03
153,candidate_1,candidate_2,candidate_3,3,0.03
154,candidate_1,candidate_2,candidate_3,3,0.03
155,candidate_1,candidate_2,candidate_3,3,0.03
156,candidate_1,candidate_2,candidate_3,3,0.03
157,candidate_1,candidate_2,candidate_3,3,0.03
158,candidate_1,candidate_2,candidate_3,3,0.03
159,candidate_1,candidate_2,candidate_3,3,0.03
160,candidate_1,candidate_2,candidate_3,3,0.03
161,candidate_1,candidate_2,candidate_3,3,0.03
162,candidate_1,candidate_2,candidate_3,3,0.03
163,candidate_1,candidate_2,candidate_3,3,0.03
164,candidate_1,candidate_2,candidate_3,3,0.03
165,candidate_1,candidate_2,candidate_3,3,0.03
166,candidate_1,candidate_2,candidate_3,3,0.03
167,candidate_1,candidate_2,candidate_3,3,0.03
168,candidate_1,candidate_2,candidate_3,3,0.03
169,candidate_1,candidate_2,candidate_3,3,0.03
170,candidate_1,candidate_2,candidate_3,3,0.03
171,candidate_1,candidate_2,candidate_3,3,0.03
172,candidate_1,candidate_2,candidate_3,3,0.03
173,candidate_1,candidate_2,candidate_3,3,0.03
174,candidate_1,candidate_2,candidate_3,3,0.03
175,candidate_1,candidate_2,candidate_3,3,0.03
176,candidate_1,candidate_2,candidate_3,3,0.03
177,candidate_1,candidate_2,candidate_3,3,0.03
178,candidate_1,candidate_2,candidate_3,3,0.03
179,candidate_1,candidate_2,candidate_3,3,0.03
180,candidate_1,0,candidate_3,3,0.03
181,candidate_1,candidate_2,candidate_3,3,0.03
182,candidate_1,candidate_2,candidate_3,3,0.03
183,candidate_1,candidate_2,candidate_3,3,0.03
184,candidate_1,candidate_2,candidate_3,3,0.03
185,candidate_1,candidate_2,candidate_3,3,0.03
186,candidate_1,candidate_2,candidate_3,3,0.03
187,candidate_1,candidate_2,candidate_3,3,0.03
188,candidate_1,candidate_2,candidate_3,3,0.03
189,candidate_1,candidate_2,candidate_3,3,0.03
190,candidate_1,candidate_2,candidate_3,3,0.03
191,candidate_1,candidate_2,candidate_3,3,0.03
192,candidate_1,candidate_2,candidate_3,3,0.03
193,candidate_1,candidate_2,candidate_3,3,0.03
194,candidate_1,candidate_2,candidate_3,3,0.03
195,candidate_1,candidate_2,candidate_3,3,0.03
196,candidate_1,candidate_2,candidate_3,3,0.03
197,candidate_1,candidate_2,candidate_3,3,0.03
198,candidate_1,candidate_2,candidate_3,3,0.03
199,candidate_1,candidate_2,candidate_3,3,0.03
200,candidate_1,candidate_2,candidate_3,3,0.03
201,candidate_1,candidate_2,candidate_3,3,0.03
202,candidate_1,candidate_2,candidate_3,3,0.03
203,candidate_1,candidate_2,candidate_3,3,0.03
204,candidate_1,candidate_2,candidate_3,3,0.03
205,0,candidate_2,candidate_3,3,0.03
206,candidate_1,candidate_2,candidate_3,3,0.03
207,candidate_1,candidate_2,candidate_3,3,0.03
208,candidate_1,candidate_2,0,3,0.03
209,candidate_1,candidate_2,candidate_3,3,0.03
210,candidate_1,candidate_2,candidate_3,3,0.03
211,candidate_1,candidate_2,candidate_3,3,0.03
212,candidate_1,candidate_2,candidate_3,3,0.03
213,candidate_1,candidate_2,candidate_3,3,0.03
214,candidate_1,candidate_2,candidate_3,3,0.03
215,candidate_1,candidate_2,candidate_3,3,0.03
216,candidate_1,candidate_2,candidate_3,3,0.03
217,candidate_1,candidate_2,candidate_3,3,0.03
218,candidate_1,candidate_2,candidate_3,3,0.03
219,candidate_1,candidate_2,0,3,0.03
220,candidate_1,candidate_2,candidate_3,3,0.03
221,candidate_1,candidate_2,candidate_3,3,0.03
222,candidate_1,candidate_2,candidate_3,3,0.03
223,candidate_1,candidate_2,candidate_3,3,0.03
224,candidate_1,candidate_2,candidate_3,3,0.03
225,candidate_1,candidate_2,candidate_3,3,0.03
226,candidate_1,candidate_2,candidate_3,3,0.03
227,candidate_1,candidate_2,candidate_3,3,0.03
228,candidate_1,candidate_2,candidate_3,3,0.03
229,candidate_1,candidate_2,candidate_3,3,0.03
230,candidate_1,candidate_2,candidate_3,3,0.03
231,candidate_1,candidate_2,candidate_3,3,0.03
232,candidate_1,candidate_2,candidate_3,3,0.03
233,candidate_1,candidate_2,candidate_3,3,0.03
234,candidate_1,candidate_2,candidate_3,3,0.03
235,candidate_1,candidate_2,candidate_3,3,0.03
236,candidate_1,candidate_2,candidate_3,3,0.03
237,candidate_1,candidate_2,candidate_3,3,0.03
238,candidate_1,candidate_2,0,3,0.03
239,candidate_1,candidate_2,candidate_3,3,0.03
240,candidate_1,candidate_2,candidate_3,3,0.03
241,candidate_1,candidate_2,candidate_3,3,0.03
242,candidate_1,candidate_2,candidate_3,3,0.03
243,candidate_1,candidate_2,candidate_3,3,0.03
244,candidate_1,candidate_2,candidate_3,3,0.03
245,candidate_1,candidate_2,candidate_3,3,0.03
246,candidate_1,candidate_2,candidate_3,3,0.03
247,candidate_1,candidate_2,candidate_3,3,0.03
248,candidate_1,candidate_2,candidate_3,3,0.03
249,candidate_1,candidate_2,candidate_3,3,0.03
250,candidate_1,candidate_2,0,3,0.03
251,candidate_1,candidate_2,candidate_3,3,0.03
252,candidate_1,candidate_2,candidate_3,3,0.03
253,candidate_1,candidate_2,candidate_3,3,0.03
254,candidate_1,candidate_2,candidate_3,3,0.03
255,candidate_1,candidate_2,candidate_3,3,0.03
256,candidate_1,candidate_2,candidate_3,3,0.03
257,candidate_1,candidate_2,candidate_3,3,0.03
258,candidate_1,candidate_2,candidate_3,3,0.03
259,candidate_1,candidate_2,candidate_3,3,0.03
260,candidate_1,candidate_2,candidate_3,3,0.03
261,candidate_1,0,candidate_3,3,0.03
262,candidate_1,candidate_2,candidate_3,3,0.03
263,candidate_1,candidate_2,candidate_3,3,0.03
264,candidate_1,candidate_2,candidate_3,3,0.03
265,candidate_1,candidate_2,candidate_3,3,0.03
266,candidate_1,candidate_2,candidate_3,3,0.03
267,candidate_1,candidate_2,candidate_3,3,0.03
268,0,candidate_2,candidate_3,3,0.03
269,candidate_1,candidate_2,candidate_3,3,0.03
270,candidate_1,candidate_2,candidate_3,3,0.03
271,candidate_1,candidate_2,candidate_3,3,0.03
272,candidate_1,candidate_2,candidate_3,3,0.03
273,candidate_1,candidate_2,candidate_3,3,0.03
274,candidate_1,candidate_2,candidate_3,3,0.03
275,candidate_1,candidate_2,candidate_3,3,0.03
276,candidate_1,candidate_2,0,3,0.03
277,candidate_1,candidate_2,candidate_3,3,0.03
278,candidate_1,candidate_2,candidate_3,3,0.03
279,candidate_1,candidate_2,candidate_3,3,0.03
280,candidate_1,candidate_2,candidate_3,3,0.03
281,candidate_1,candidate_2,candidate_3,3,0.03
282,candidate_1,candidate_2,candidate_3,3,0.03
283,candidate_1,candidate_2,candidate_3,3,0.03
284,candidate_1,candidate_2,candidate_3,3,0.03
285,candidate_1,candidate_2,candidate_3,3,0.03
286,candidate_1,candidate_2,candidate_3,3,0.03
287,candidate_1,candidate_2,candidate_3,3,0.03
288,candidate_1,candidate_2,candidate_3,3,0.03
289,candidate_1,candidate_2,candidate_3,3,0.03
290,candidate_1,candidate_2,candidate_3,3,0.03
291,candidate_1,candidate_2,candidate_3,3,0.03
292,candidate_1,candidate_2,candidate_3,3,0.03
293,candidate_1,candidate_2,candidate_3,3,0.03
294,candidate_1,candidate_2,candidate_3,3,0.03
295,candidate_1,candidate_2,candidate_3,3,0.03
296,candidate_1,candidate_2,candidate_3,3,0.03
297,candidate_1,candidate_2,candidate_3,3,0.03
298,candidate_1,candidate_2,candidate_3,3,0.03
299,candidate_1,candidate_2,candidate_3,3,0.03
300,candidate_1,candidate_2,candidate_3,3,0.03
301,candidate_1,candidate_2,candidate_3,3,0.03
302,candidate_1,candidate_2,candidate_3,3,0.03
303,candidate_1,candidate_2,candidate_3,3,0.03
304,candidate_1,candidate_2,candidate_3,3,0.03
305,candidate_1,candidate_2,candidate_3,3,0.03
306,candidate_1,candidate_2,candidate_3,3,0.03
307,candidate_1,candidate_2,candidate_3,3,0.03
308,candidate_1,candidate_2,candidate_3,3,0.03
309,candidate_1,candidate_2,candidate_3,3,0.03
310,candidate_1,candidate_2,candidate_3,3,0.03
311,candidate_1,candidate_2,candidate_3,3,0.03
312,candidate_1,candidate_2,candidate_3,3,0.03
313,candidate_1,candidate_2,candidate_3,3,0.03
314,candidate_1,candidate_2,candidate_3,3,0.03
315,candidate_1,candidate_2,candidate_3,3,0.03
316,candidate_1,candidate_2,candidate_3,3,0.03
317,0,candidate_2,0,3,0.03
318,candidate_1,candidate_2,candidate_3,3,0.03
319,candidate_1,candidate_2,candidate_3,3,0.03
320,candidate_1,candidate_2,candidate_3,3,0.03
321,candidate_1,candidate_2,candidate_3,3,0.03
322,candidate_1,candidate_2,candidate_3,3,0.03
323,candidate_1,candidate_2,candidate_3,3,0.03
324,candidate_1,candidate_2,candidate_3,3,0.03
325,candidate_1,candidate_2,candidate_3,3,0.03
326,candidate_1,candidate_2,candidate_3,3,0.03
327,candidate_1,candidate_2,candidate_3,3,0.03
328,candidate_1,candidate_2,candidate_3,3,0.03
329,candidate_1,candidate_2,candidate_3,3,0.03
330,candidate_1,candidate_2,candidate_3,3,0.03
331,candidate_1,candidate_2,candidate_3,3,0.03
332,candidate_1,candidate_2,candidate_3,3,0.03
333,candidate_1,candidate_2,candidate_3,3,0.03
334,candidate_1,candidate_2,0,3,0.03
335,candidate_1,candidate_2,candidate_3,3,0.03
336,candidate_1,candidate_2,candidate_3,3,0.03
337,candidate_1,candidate_2,candidate_3,3,0.03
338,candidate_1,candidate_2,candidate_3,3,0.03
339,0,candidate_2,candidate_3,3,0.03
340,candidate_1,candidate_2,candidate_3,3,0.03
341,candidate_1,candidate_2,candidate_3,3,0.03
342,candidate_1,candidate_2,0,3,0.03
343,candidate_1,candidate_2,candidate_3,3,0.03
344,candidate_1,candidate_2,candidate_3,3,0.03
345,candidate_1,candidate_2,candidate_3,3,0.03
346,candidate_1,candidate_2,candidate_3,3,0.03
347,candidate_1,candidate_2,candidate_3,3,0.03
348,candidate_1,candidate_2,candidate_3,3,0.03
349,candidate_1,candidate_2,candidate_3,3,0.03
350,candidate_1,candidate_2,candidate_3,3,0.03
351,candidate_1,candidate_2,candidate_3,3,0.03
352,candidate_1,candidate_2,candidate_3,3,0.03
353,candidate_1,candidate_2,candidate_3,3,0.03
354,candidate_1,0,candidate_3,3,0.03
355,candidate_1,candidate_2,candidate_3,3,0.03
356,candidate_1,candidate_2,candidate_3,3,0.03
357,candidate_1,candidate_2,candidate_3,3,0.03
358,candidate_1,candidate_2,candidate_3,3,0.03
359,candidate_1,candidate_2,candidate_3,3,0.03
360,candidate_1,candidate_2,candidate_3,3,0.03
361,candidate_1,candidate_2,candidate_3,3,0.03
362,candidate_1,candidate_2,candidate_3,3,0.03
363,candidate_1,candidate_2,candidate_3,3,0.03
364,candidate_1,candidate_2,candidate_3,3,0.03
365,candidate_1,candidate_2,candidate_3,3,0.03
366,candidate_1,candidate_2,candidate_3,3,0.03
367,candidate_1,0,candidate_3,3,0.03
368,candidate_1,0,candidate_3,3,0.03
369,candidate_1,candidate_2,candidate_3,3,0.03
370,candidate_1,candidate_2,candidate_3,3,0.03
371,candidate_1,candidate_2,0,3,0.03
372,candidate_1,candidate_2,0,3,0.03
373,candidate_1,candidate_2,candidate_3,3,0.03
374,candidate_1,candidate_2,candidate_3,3,0.03
375,candidate_1,candidate_2,candidate_3,3,0.03
376,candidate_1,candidate_2,candidate_3,3,0.03
377,candidate_1,candidate_2,candidate_3,3,0.03
378,candidate_1,candidate_2,candidate_3,3,0.03
379,candidate_1,candidate_2,candidate_3,3,0.03
380,candidate_1,candidate_2,candidate_3,3,0.03
381,candidate_1,candidate_2,0,3,0.03
382,candidate_1,candidate_2,candidate_3,3,0.03
383,candidate_1,candidate_2,candidate_3,3,0.03
384,candidate_1,candidate_2,candidate_3,3,0.03
385,candidate_1,candidate_2,candidate_3,3,0.03
386,candidate_1,candidate_2,candidate_3,3,0.03
387,candidate_1,candidate_2,candidate_3,3,0.03
388,candidate_1,candidate_2,candidate_3,3,0.03
389,candidate_1,candidate_2,candidate_3,3,0.03
390,candidate_1,candidate_2,candidate_3,3,0.03
391,candidate_1,candidate_2,candidate_3,3,0.03
392,candidate_1,candidate_2,candidate_3,3,0.03
393,candidate_1,candidate_2,candidate_3,3,0.03
394,candidate_1,candidate_2,candidate_3,3,0.03
395,candidate_1,candidate_2,candidate_3,3,0.03
396,candidate_1,candidate_2,candidate_3,3,0.03
397,candidate_1,candidate_2,candidate_3,3,0.03
398,candidate_1,candidate_2,candidate_3,3,0.03
399,candidate_1,candidate_2,candidate_3,3,0.03
400,candidate_1,candidate_2,candidate_3,3,0.03
401,candidate_1,candidate_2,candidate_3,3,0.03
402,candidate_1,candidate_2,candidate_3,3,0.03
403,candidate_1,candidate_2,candidate_3,3,0.03
404,candidate_1,candidate_2,candidate_3,3,0.03
405,candidate_1,candidate_2,candidate_3,3,0.03
406,candidate_1,candidate_2,candidate_3,3,0.03
407,candidate_1,candidate_2,candidate_3,3,0.03
408,candidate_1,candidate_2,candidate_3,3,0.03
409,candidate_1,candidate_2,candidate_3,3,0.03
410,candidate_1,candidate_2,candidate_3,3,0.03
411,candidate_1,candidate_2,candidate_3,3,0.03
412,candidate_1,candidate_2,candidate_3,3,0.03
413,candidate_1,candidate_2,candidate_3,3,0.03
414,candidate_1,candidate_2,candidate_3,3,0.03
415,candidate_1,candidate_2,candidate_3,3,0.03
416,candidate_1,candidate_2,candidate_3,3,0.03
417,candidate_1,candidate_2,candidate_3,3,0.03
418,candidate_1,candidate_2,candidate_3,3,0.03
419,candidate_1,candidate_2,candidate_3,3,0.03
420,candidate_1,0,candidate_3,3,0.03
421,candidate_1,candidate_2,candidate_3,3,0.03
422,candidate_1,candidate_2,candidate_3,3,0.03
423,candidate_1,candidate_2,candidate_3,3,0.03
424,candidate_1,candidate_2,candidate_3,3,0.03
425,candidate_1,candidate_2,candidate_3,3,0.03
426,candidate_1,candidate_2,candidate_3,3,0.03
427,candidate_1,candidate_2,candidate_3,3,0.03
428,candidate_1,candidate_2,candidate_3,3,0.03
429,candidate_1,candidate_2,candidate_3,3,0.03
430,candidate_1,candidate_2,candidate_3,3,0.03
431,candidate_1,candidate_2,candidate_3,3,0.03
432,candidate_1,candidate_2,candidate_3,3,0.03
433,candidate_1,candidate_2,candidate_3,3,0.03
434,candidate_1,candidate_2,candidate_3,3,0.03
435,candidate_1,candidate_2,candidate_3,3,0.03
436,candidate_1,candidate_2,candidate_3,3,0.03
437,candidate_1,candidate_2,candidate_3,3,0.03
438,candidate_1,candidate_2,candidate_3,3,0.03
439,candidate_1,candidate_2,candidate_3,3,0.03
440,candidate_1,candidate_2,candidate_3,3,0.03
441,candidate_1,candidate_2,candidate_3,3,0.03
442,candidate_1,candidate_2,candidate_3,3,0.03
443,candidate_1,candidate_2,candidate_3,3,0.03
444,candidate_1,candidate_2,candidate_3,3,0.03
445,candidate_1,candidate_2,candidate_3,3,0.03
446,candidate_1,candidate_2,candidate_3,3,0.03
447,candidate_1,candidate_2,candidate_3,3,0.03
448,candidate_1,candidate_2,candidate_3,3,0.03
449,candidate_1,candidate_2,candidate_3,3,0.03
450,candidate_1,0,candidate_3,3,0.03
451,candidate_1,candidate_2,candidate_3,3,0.03
452,candidate_1,candidate_2,candidate_3,3,0.03
453,candidate_1,candidate_2,candidate_3,3,0.03
454,candidate_1,candidate_2,candidate_3,3,0.03
455,candidate_1,candidate_2,candidate_3,3,0.03
456,candidate_1,candidate_2,candidate_3,3,0.03
457,candidate_1,candidate_2,candidate_3,3,0.03
458,candidate_1,candidate_2,candidate_3,3,0.03
459,candidate_1,candidate_2,candidate_3,3,0.03
460,candidate_1,candidate_2,candidate_3,3,0.03
461,candidate_1,candidate_2,candidate_3,3,0.03
462,candidate_1,candidate_2,candidate_3,3,0.03
463,candidate_1,candidate_2,candidate_3,3,0.03
464,candidate_1,candidate_2,candidate_3,3,0.03
465,candidate_1,candidate_2,candidate_3,3,0.03
466,candidate_1,candidate_2,candidate_3,3,0.03
467,candidate_1,candidate_2,candidate_3,3,0.03
468,candidate_1,candidate_2,candidate_3,3,0.03
469,0,candidate_2,candidate_3,3,0.03
470,candidate_1,candidate_2,candidate_3,3,0.03
471,candidate_1,candidate_2,candidate_3,3,0.03
472,0,candidate_2,candidate_3,3,0.03
473,candidate_1,candidate_2,candidate_3,3,0.03
474,candidate_1,candidate_2,candidate_3,3,0.03
475,candidate_1,0,candidate_3,3,0.03
476,candidate_1,candidate_2,candidate_3,3,0.03
477,candidate_1,candidate_2,candidate_3,3,0.03
478,candidate_1,candidate_2,candidate_3,3,0.03
479,candidate_1,candidate_2,candidate_3,3,0.03
480,candidate_1,0,candidate_3,3,0.03
481,candidate_1,candidate_2,candidate_3,3,0.03
482,candidate_1,candidate_2,candidate_3,3,0.03
483,candidate_1,0,candidate_3,3,0.03
484,candidate_1,candidate_2,0,3,0.03
485,candidate_1,candidate_2,candidate_3,3,0.03
486,candidate_1,candidate_2,candidate_3,3,0.03
487,candidate_1,candidate_2,candidate_3,3,0.03
488,candidate_1,candidate_2,candidate_3,3,0.03
489,candidate_1,candidate_2,candidate_3,3,0.03
490,candidate_1,candidate_2,candidate_3,3,0.03
491,candidate_1,candidate_2,candidate_3,3,0.03
492,candidate_1,candidate_2,candidate_3,3,0.03
493,candidate_1,candidate_2,candidate_3,3,0.03
494,candidate_1,candidate_2,candidate_3,3,0.03
495,candidate_1,candidate_2,candidate_3,3,0.03
496,candidate_1,candidate_2,candidate_3,3,0.03
497,candidate_1,candidate_2,candidate_3,3,0.03
498,candidate_1,candidate_2,candidate_3,3,0.03
499,candidate_1,candidate_2,candidate_3,3,0.03
500,candidate_1,candidate_2,candidate_3,3,0.03
501,candidate_1,candidate_2,candidate_3,3,0.03
502,candidate_1,candidate_2,candidate_3,3,0.03
503,candidate_1,candidate_2,candidate_3,3,0.03
504,candidate_1,candidate_2,candidate_3,3,0.03
505,candidate_1,candidate_2,candidate_3,3,0.03
506,candidate_1,candidate_2,candidate_3,3,0.03
507,candidate_1,candidate_2,candidate_3,3,0.03
508,candidate_1,candidate_2,candidate_3,3,0.03
509,0,candidate_2,candidate_3,3,0.03
510,candidate_1,candidate_2,candidate_3,3,0.03
511,candidate_1,candidate_2,candidate_3,3,0.03
512,candidate_1,candidate_2,candidate_3,3,0.03
513,candidate_1,candidate_2,candidate_3,3,0.03
514,candidate_1,candidate_2,candidate_3,3,0.03
515,candidate_1,candidate_2,candidate_3,3,0.03
516,candidate_1,candidate_2,candidate_3,3,0.03
517,candidate_1,candidate_2,candidate_3,3,0.03
518,candidate_1,candidate_2,candidate_3,3,0.03
519,candidate_1,candidate_2,candidate_3,3,0.03
520,candidate_1,candidate_2,candidate_3,3,0.03
521,candidate_1,candidate_2,candidate_3,3,0.03
522,candidate_1,candidate_2,candidate_3,3,0.03
523,candidate_1,candidate_2,candidate_3,3,0.03
524,candidate_1,candidate_2,candidate_3,3,0.03
525,candidate_1,candidate_2,candidate_3,3,0.03
526,candidate_1,candidate_2,candidate_3,3,0.03
527,candidate_1,0,candidate_3,3,0.03
528,candidate_1,candidate_2,candidate_3,3,0.03
529,candidate_1,candidate_2,candidate_3,3,0.03
530,candidate_1,candidate_2,candidate_3,3,0.03
531,candidate_1,candidate_2,candidate_3,3,0.03
532,candidate_1,candidate_2,candidate_3,3,0.03
533,candidate_1,candidate_2,candidate_3,3,0.03
534,candidate_1,candidate_2,candidate_3,3,0.03
535,candidate_1,candidate_2,candidate_3,3,0.03
536,candidate_1,candidate_2,candidate_3,3,0.03
537,candidate_1,candidate_2,candidate_3,3,0.03
538,candidate_1,candidate_2,candidate_3,3,0.03
539,candidate_1,candidate_2,candidate_3,3,0.03
540,candidate_1,candidate_2,candidate_3,3,0.03
541,candidate_1,candidate_2,candidate_3,3,0.03
542,candidate_1,candidate_2,candidate_3,3,0.03
543,candidate_1,0,candidate_3,3,0.03
544,candidate_1,0,0,3,0.03
545,candidate_1,candidate_2,candidate_3,3,0.03
546,candidate_1,candidate_2,candidate_3,3,0.03
547,candidate_1,candidate_2,candidate_3,3,0.03
548,candidate_1,candidate_2,candidate_3,3,0.03
549,candidate_1,candidate_2,candidate_3,3,0.03
550,candidate_1,candidate_2,candidate_3,3,0.03
551,candidate_1,candidate_2,candidate_3,3,0.03
552,candidate_1,candidate_2,candidate_3,3,0.03
553,candidate_1,candidate_2,candidate_3,3,0.03
554,candidate_1,candidate_2,candidate_3,3,0.03
555,candidate_1,candidate_2,candidate_3,3,0.03
556,candidate_1,candidate_2,candidate_3,3,0.03
557,candidate_1,candidate_2,0,3,0.03
558,candidate_1,candidate_2,candidate_3,3,0.03
559,candidate_1,0,candidate_3,3,0.03
560,candidate_1,candidate_2,candidate_3,3,0.03
561,candidate_1,candidate_2,candidate_3,3,0.03
562,candidate_1,candidate_2,candidate_3,3,0.03
563,candidate_1,candidate_2,candidate_3,3,0.03
564,candidate_1,candidate_2,candidate_3,3,0.03
565,candidate_1,0,candidate_3,3,0.03
566,candidate_1,candidate_2,candidate_3,3,0.03
567,candidate_1,candidate_2,candidate_3,3,0.03
568,candidate_1,0,candidate_3,3,0.03
569,candidate_1,candidate_2,candidate_3,3,0.03
570,candidate_1,candidate_2,candidate_3,3,0.03
571,candidate_1,candidate_2,candidate_3,3,0.03
572,candidate_1,candidate_2,candidate_3,3,0.03
573,candidate_1,candidate_2,candidate_3,3,0.03
574,candidate_1,candidate_2,candidate_3,3,0.03
575,candidate_1,candidate_2,candidate_3,3,0.03
576,candidate_1,candidate_2,candidate_3,3,0.03
577,candidate_1,candidate_2,candidate_3,3,0.03
578,candidate_1,candidate_2,candidate_3,3,0.03
579,candidate_1,candidate_2,candidate_3,3,0.03
580,candidate_1,candidate_2,candidate_3,3,0.03
581,candidate_1,candidate_2,candidate_3,3,0.03
582,candidate_1,candidate_2,candidate_3,3,0.03
583,candidate_1,candidate_2,candidate_3,3,0.03
584,candidate_1,candidate_2,candidate_3,3,0.03
585,candidate_1,candidate_2,candidate_3,3,0.03
586,candidate_1,candidate_2,candidate_3,3,0.03
587,candidate_1,candidate_2,candidate_3,3,0.03
588,candidate_1,candidate_2,candidate_3,3,0.03
589,candidate_1,candidate_2,candidate_3,3,0.03
590,candidate_1,candidate_2,candidate_3,3,0.03
591,candidate_1,candidate_2,candidate_3,3,0.03
592,candidate_1,candidate_2,0,3,0.03
593,candidate_1,candidate_2,candidate_3,3,0.03
594,candidate_1,candidate_2,candidate_3,3,0.03
595,candidate_1,candidate_2,candidate_3,3,0.03
596,candidate_1,candidate_2,candidate_3,3,0.03
597,candidate_1,candidate_2,candidate_3,3,0.03
598,candidate_1,candidate_2,candidate_3,3,0.03
599,candidate_1,candidate_2,candidate_3,3,0.03
600,candidate_1,candidate_2,candidate_3,3,0.03
601,candidate_1,candidate_2,candidate_3,3,0.03
602,candidate_1,candidate_2,0,3,0.03
603,candidate_1,candidate_2,candidate_3,3,0.03
604,candidate_1,candidate_2,candidate_3,3,0.03
605,candidate_1,candidate_2,candidate_3,3,0.03
606,candidate_1,candidate_2,candidate_3,3,0.03
607,candidate_1,candidate_2,candidate_3,3,0.03
608,candidate_1,candidate_2,candidate_3,3,0.03
609,candidate_1,candidate_2,candidate_3,3,0.03
610,candidate_1,candidate_2,candidate_3,3,0.03
611,candidate_1,candidate_2,candidate_3,3,0.03
612,candidate_1,candidate_2,candidate_3,3,0.03
613,candidate_1,candidate_2,candidate_3,3,0.03
614,candidate_1,0,candidate_3,3,0.03
615,candidate_1,candidate_2,candidate_3,3,0.03
616,candidate_1,candidate_2,candidate_3,3,0.03
617,candidate_1,candidate_2,candidate_3,3,0.03
618,candidate_1,candidate_2,candidate_3,3,0.03
619,candidate_1,candidate_2,candidate_3,3,0.03
620,0,candidate_2,candidate_3,3,0.03
621,candidate_1,candidate_2,candidate_3,3,0.03
622,candidate_1,candidate_2,0,3,0.03
623,candidate_1,candidate_2,candidate_3,3,0.03
624,candidate_1,candidate_2,candidate_3,3,0.03
625,candidate_1,candidate_2,candidate_3,3,0.03
626,candidate_1,candidate_2,candidate_3,3,0.03
627,candidate_1,candidate_2,candidate_3,3,0.03
628,candidate_1,candidate_2,candidate_3,3,0.03
629,candidate_1,candidate_2,candidate_3,3,0.03
630,candidate_1,candidate_2,0,3,0.03
631,candidate_1,candidate_2,candidate_3,3,0.03
632,candidate_1,candidate_2,candidate_3,3,0.03
633,candidate_1,candidate_2,candidate_3,3,0.03
634,candidate_1,candidate_2,candidate_3,3,0.03
635,candidate_1,candidate_2,candidate_3,3,0.03
636,candidate_1,candidate_2,candidate_3,3,0.03
637,candidate_1,candidate_2,candidate_3,3,0.03
638,candidate_1,candidate_2,candidate_3,3,0.03
639,candidate_1,candidate_2,candidate_3,3,0.03
640,candidate_1,candidate_2,candidate_3,3,0.03
641,candidate_1,candidate_2,candidate_3,3,0.03
642,candidate_1,candidate_2,candidate_3,3,0.03
643,candidate_1,candidate_2,candidate_3,3,0.03
644,candidate_1,candidate_2,candidate_3,3,0.03
645,candidate_1,candidate_2,candidate_3,3,0.03
646,candidate_1,candidate_2,candidate_3,3,0.03
647,candidate_1,candidate_2,candidate_3,3,0.03
648,candidate_1,candidate_2,candidate_3,3,0.03
649,candidate_1,candidate_2,candidate_3,3,0.03
650,candidate_1,candidate_2,candidate_3,3,0.03
651,candidate_1,candidate_2,candidate_3,3,0.03
652,candidate_1,candidate_2,candidate_3,3,0.03
653,candidate_1,candidate_2,candidate_3,3,0.03
654,candidate_1,candidate_2,candidate_3,3,0.03
655,candidate_1,candidate_2,candidate_3,3,0.03
656,candidate_1,candidate_2,candidate_3,3,0.03
657,candidate_1,candidate_2,candidate_3,3,0.03
658,candidate_1,candidate_2,candidate_3,3,0.03
659,candidate_1,candidate_2,candidate_3,3,0.03
660,candidate_1,candidate_2,candidate_3,3,0.03
661,candidate_1,candidate_2,candidate_3,3,0.03
662,candidate_1,candidate_2,candidate_3,3,0.03
663,candidate_1,candidate_2,candidate_3,3,0.03
664,candidate_1,candidate_2,candidate_3,3,0.03
665,candidate_1,candidate_2,candidate_3,3,0.03
666,candidate_1,candidate_2,candidate_3,3,0.03
667,candidate_1,candidate_2,candidate_3,3,0.03
668,candidate_1,candidate_2,candidate_3,3,0.03
669,candidate_1,candidate_2,candidate_3,3,0.03
670,candidate_1,candidate_2,candidate_3,3,0.03
671,candidate_1,candidate_2,candidate_3,3,0.03
672,candidate_1,candidate_2,candidate_3,3,0.03
673,candidate_1,candidate_2,candidate_3,3,0.03
674,candidate_1,candidate_2,candidate_3,3,0.03
675,candidate_1,candidate_2,candidate_3,3,0.03
676,candidate_1,candidate_2,candidate_3,3,0.03
677,candidate_1,candidate_2,candidate_3,3,0.03
678,candidate_1,candidate_2,candidate_3,3,0.03
679,candidate_1,candidate_2,candidate_3,3,0.03
680,candidate_1,candidate_2,candidate_3,3,0.03
681,candidate_1,candidate_2,candidate_3,3,0.03
682,candidate_1,candidate_2,candidate_3,3,0.03
683,candidate_1,candidate_2,candidate_3,3,0.03
684,candidate_1,candidate_2,candidate_3,3,0.03
685,candidate_1,candidate_2,candidate_3,3,0.03
686,candidate_1,candidate_2,candidate_3,3,0.03
687,candidate_1,candidate_2,candidate_3,3,0.03
688,candidate_1,candidate_2,candidate_3,3,0.03
689,candidate_1,candidate_2,candidate_3,3,0.03
690,candidate_1,candidate_2,candidate_3,3,0.03
691,candidate_1,candidate_2,candidate_3,3,0.03
692,candidate_1,candidate_2,candidate_3,3,0.03
693,candidate_1,candidate_2,candidate_3,3,0.03
694,candidate_1,candidate_2,candidate_3,3,0.03
695,candidate_1,candidate_2,0,3,0.03
696,candidate_1,candidate_2,candidate_3,3,0.03
697,candidate_1,candidate_2,candidate_3,3,0.03
698,candidate_1,candidate_2,candidate_3,3,0.03
699,candidate_1,candidate_2,candidate_3,3,0.03
700,candidate_1,candidate_2,candidate_3,3,0.03
701,candidate_1,candidate_2,candidate_3,3,0.03
702,candidate_1,candidate_2,candidate_3,3,0.03
703,candidate_1,candidate_2,candidate_3,3,0.03
704,candidate_1,candidate_2,candidate_3,3,0.03
705,candidate_1,candidate_2,candidate_3,3,0.03
706,candidate_1,candidate_2,candidate_3,3,0.03
707,candidate_1,candidate_2,candidate_3,3,0.03
708,candidate_1,candidate_2,candidate_3,3,0.03
709,candidate_1,candidate_2,candidate_3,3,0.03
710,candidate_1,0,candidate_3,3,0.03
711,candidate_1,candidate_2,candidate_3,3,0.03
712,candidate_1,candidate_2,candidate_3,3,0.03
713,0,candidate_2,candidate_3,3,0.03
714,candidate_1,candidate_2,candidate_3,3,0.03
715,candidate_1,candidate_2,candidate_3,3,0.03
716,candidate_1,candidate_2,candidate_3,3,0.03
717,candidate_1,candidate_2,candidate_3,3,0.03
718,candidate_1,candidate_2,candidate_3,3,0.03
719,candidate_1,candidate_2,candidate_3,3,0.03
720,candidate_1,candidate_2,candidate_3,3,0.03
721,candidate_1,candidate_2,candidate_3,3,0.03
722,candidate_1,candidate_2,candidate_3,3,0.03
723,candidate_1,candidate_2,candidate_3,3,0.03
724,candidate_1,candidate_2,candidate_3,3,0.03
725,candidate_1,candidate_2,candidate_3,3,0.03
726,candidate_1,candidate_2,candidate_3,3,0.03
727,candidate_1,candidate_2,candidate_3,3,0.03
728,candidate_1,candidate_2,candidate_3,3,0.03
729,candidate_1,candidate_2,candidate_3,3,0.03
730,candidate_1,candidate_2,candidate_3,3,0.03
731,candidate_1,candidate_2,candidate_3,3,0.03
732,candidate_1,candidate_2,0,3,0.03
733,candidate_1,candidate_2,candidate_3,3,0.03
734,candidate_1,candidate_2,candidate_3,3,0.03
735,candidate_1,candidate_2,candidate_3,3,0.03
736,candidate_1,candidate_2,candidate_3,3,0.03
737,candidate_1,candidate_2,candidate_3,3,0.03
738,candidate_1,candidate_2,candidate_3,3,0.03
739,candidate_1,candidate_2,candidate_3,3,0.03
740,candidate_1,candidate_2,candidate_3,3,0.03
741,candidate_1,0,candidate_3,3,0.03
742,candidate_1,candidate_2,candidate_3,3,0.03
743,candidate_1,candidate_2,candidate_3,3,0.03
744,candidate_1,candidate_2,candidate_3,3,0.03
745,candidate_1,candidate_2,candidate_3,3,0.03
746,candidate_1,candidate_2,candidate_3,3,0.03
747,0,candidate_2,candidate_3,3,0.03
748,candidate_1,candidate_2,candidate_3,3,0.03
749,candidate_1,candidate_2,candidate_3,3,0.03
750,candidate_1,candidate_2,candidate_3,3,0.03
751,candidate_1,candidate_2,candidate_3,3,0.03
752,candidate_1,candidate_2,candidate_3,3,0.03
753,candidate_1,candidate_2,candidate_3,3,0.03
754,candidate_1,candidate_2,candidate_3,3,0.03
755,candidate_1,candidate_2,candidate_3,3,0.03
756,candidate_1,candidate_2,candidate_3,3,0.03
757,candidate_1,candidate_2,candidate_3,3,0.03
758,candidate_1,candidate_2,candidate_3,3,0.03
759,candidate_1,candidate_2,candidate_3,3,0.03
760,candidate_1,candidate_2,candidate_3,3,0.03
761,candidate_1,candidate_2,candidate_3,3,0.03
762,candidate_1,candidate_2,candidate_3,3,0.03
763,candidate_1,candidate_2,candidate_3,3,0.03
764,candidate_1,candidate_2,candidate_3,3,0.03
765,candidate_1,candidate_2,candidate_3,3,0.03
766,candidate_1,candidate_2,candidate_3,3,0.03
767,candidate_1,candidate_2,candidate_3,3,0.03
768,candidate_1,candidate_2,candidate_3,3,0.03
769,candidate_1,candidate_2,candidate_3,3,0.03
770,candidate_1,candidate_2,candidate_3,3,0.03
771,candidate_1,candidate_2,candidate_3,3,0.03
772,candidate_1,candidate_2,candidate_3,3,0.03
773,candidate_1,candidate_2,candidate_3,3,0.03
774,candidate_1,candidate_2,candidate_3,3,0.03
775,candidate_1,candidate_2,candidate_3,3,0.03
776,candidate_1,candidate_2,candidate_3,3,0.03
777,candidate_1,candidate_2,candidate_3,3,0.03
778,candidate_1,candidate_2,candidate_3,3,0.03
779,candidate_1,candidate_2,candidate_3,3,0.03
780,candidate_1,candidate_2,candidate_3,3,0.03
781,candidate_1,candidate_2,candidate_3,3,0.03
782,candidate_1,candidate_2,candidate_3,3,0.03
783,candidate_1,candidate_2,candidate_3,3,0.03
784,candidate_1,candidate_2,candidate_3,3,0.03
785,candidate_1,candidate_2,candidate_3,3,0.03
786,candidate_1,candidate_2,candidate_3,3,0.03
787,candidate_1,candidate_2,candidate_3,3,0.03
788,candidate_1,candidate_2,candidate_3,3,0.03
789,candidate_1,candidate_2,candidate_3,3,0.03
790,candidate_1,candidate_2,candidate_3,3,0.03
791,candidate_1,0,candidate_3,3,0.03
792,0,candidate_2,candidate_3,3,0.03
793,candidate_1,0,candidate_3,3,0.03
794,candidate_1,candidate_2,candidate_3,3,0.03
795,candidate_1,candidate_2,candidate_3,3,0.03
796,candidate_1,candidate_2,candidate_3,3,0.03
797,candidate_1,candidate_2,candidate_3,3,0.03
798,candidate_1,candidate_2,candidate_3,3,0.03
799,candidate_1,candidate_2,candidate_3,3,0.03
800,candidate_1,candidate_2,candidate_3,3,0.03
801,candidate_1,candidate_2,candidate_3,3,0.03
802,candidate_1,candidate_2,candidate_3,3,0.03
803,candidate_1,candidate_2,0,3,0.03
804,candidate_1,candidate_2,candidate_3,3,0.03
805,candidate_1,candidate_2,candidate_3,3,0.03
806,candidate_1,candidate_2,candidate_3,3,0.03
807,candidate_1,candidate_2,candidate_3,3,0.03
808,candidate_1,candidate_2,candidate_3,3,0.03
809,candidate_1,candidate_2,candidate_3,3,0.03
810,candidate_1,candidate_2,candidate_3,3,0.03
811,candidate_1,candidate_2,candidate_3,3,0.03
812,candidate_1,candidate_2,candidate_3,3,0.03
813,candidate_1,candidate_2,candidate_3,3,0.03
814,candidate_1,candidate_2,candidate_3,3,0.03
815,candidate_1,candidate_2,candidate_3,3,0.03
816,candidate_1,candidate_2,candidate_3,3,0.03
817,candidate_1,candidate_2,candidate_3,3,0.03
818,candidate_1,candidate_2,candidate_3,3,0.03
819,0,candidate_2,candidate_3,3,0.03
820,candidate_1,candidate_2,candidate_3,3,0.03
821,candidate_1,candidate_2,0,3,0.03
822,candidate_1,candidate_2,candidate_3,3,0.03
823,candidate_1,candidate_2,candidate_3,3,0.03
824,candidate_1,candidate_2,candidate_3,3,0.03
825,candidate_1,candidate_2,candidate_3,3,0.03
826,candidate_1,candidate_2,candidate_3,3,0.03
827,candidate_1,candidate_2,candidate_3,3,0.03
828,candidate_1,candidate_2,candidate_3,3,0.03
829,candidate_1,candidate_2,candidate_3,3,0.03
830,candidate_1,0,candidate_3,3,0.03
831,candidate_1,candidate_2,candidate_3,3,0.03
832,candidate_1,candidate_2,candidate_3,3,0.03
833,candidate_1,candidate_2,candidate_3,3,0.03
834,candidate_1,candidate_2,candidate_3,3,0.03
835,candidate_1,candidate_2,candidate_3,3,0.03
836,candidate_1,candidate_2,candidate_3,3,0.03
837,candidate_1,candidate_2,candidate_3,3,0.03
838,candidate_1,candidate_2,candidate_3,3,0.03
839,candidate_1,candidate_2,candidate_3,3,0.03
840,candidate_1,candidate_2,candidate_3,3,0.03
841,candidate_1,candidate_2,candidate_3,3,0.03
842,candidate_1,candidate_2,candidate_3,3,0.03
843,candidate_1,candidate_2,candidate_3,3,0.03
844,candidate_1,candidate_2,candidate_3,3,0.03
845,candidate_1,candidate_2,candidate_3,3,0.03
846,candidate_1,candidate_2,candidate_3,3,0.03
847,candidate_1,candidate_2,candidate_3,3,0.03
848,candidate_1,0,0,3,0.03
849,candidate_1,candidate_2,candidate_3,3,0.03
850,candidate_1,candidate_2,candidate_3,3,0.03
851,candidate_1,candidate_2,candidate_3,3,0.03
852,candidate_1,candidate_2,candidate_3,3,0.03
853,candidate_1,candidate_2,0,3,0.03
854,candidate_1,candidate_2,candidate_3,3,0.03
855,candidate_1,candidate_2,candidate_3,3,0.03
856,candidate_1,candidate_2,candidate_3,3,0.03
857,candidate_1,candidate_2,0,3,0.03
858,candidate_1,candidate_2,candidate_3,3,0.03
859,candidate_1,candidate_2,candidate_3,3,0.03
860,candidate_1,candidate_2,candidate_3,3,0.03
861,candidate_1,candidate_2,candidate_3,3,0.03
862,candidate_1,candidate_2,candidate_3,3,0.03
863,candidate_1,candidate_2,candidate_3,3,0.03
864,candidate_1,candidate_2,candidate_3,3,0.03
865,candidate_1,candidate_2,candidate_3,3,0.03
866,candidate_1,candidate_2,candidate_3,3,0.03
867,candidate_1,candidate_2,candidate_3,3,0.03
868,candidate_1,candidate_2,candidate_3,3,0.03
869,candidate_1,candidate_2,candidate_3,3,0.03
870,candidate_1,candidate_2,candidate_3,3,0.03
871,candidate_1,candidate_2,candidate_3,3,0.03
872,candidate_1,candidate_2,candidate_3,3,0.03
873,candidate_1,candidate_2,candidate_3,3,0.03
874,candidate_1,candidate_2,candidate_3,3,0.03
875,candidate_1,candidate_2,candidate_3,3,0.03
876,candidate_1,candidate_2,candidate_3,3,0.03
877,candidate_1,candidate_2,candidate_3,3,0.03
878,candidate_1,candidate_2,candidate_3,3,0.03
879,candidate_1,candidate_2,candidate_3,3,0.03
880,candidate_1,candidate_2,candidate_3,3,0.03
881,candidate_1,candidate_2,candidate_3,3,0.03
882,candidate_1,candidate_2,candidate_3,3,0.03
883,candidate_1,candidate_2,candidate_3,3,0.03
884,candidate_1,candidate_2,candidate_3,3,0.03
885,candidate_1,candidate_2,candidate_3,3,0.03
886,candidate_1,candidate_2,candidate_3,3,0.03
887,candidate_1,candidate_2,candidate_3,3,0.03
888,candidate_1,candidate_2,candidate_3,3,0.03
889,candidate_1,candidate_2,candidate_3,3,0.03
890,candidate_1,candidate_2,candidate_3,3,0.03
891,candidate_1,candidate_2,candidate_3,3,0.03
892,candidate_1,candidate_2,candidate_3,3,0.03
893,candidate_1,candidate_2,candidate_3,3,0.03
894,candidate_1,candidate_2,candidate_3,3,0.03
895,candidate_1,candidate_2,candidate_3,3,0.03
896,candidate_1,candidate_2,candidate_3,3,0.03
897,candidate_1,candidate_2,candidate_3,3,0.03
898,candidate_1,candidate_2,candidate_3,3,0.03
899,candidate_1,candidate_2,candidate_3,3,0.03
900,candidate_1,candidate_2,candidate_3,3,0.03
901,candidate_1,candidate_2,candidate_3,3,0.03
902,candidate_1,candidate_2,candidate_3,3,0.03
903,candidate_1,candidate_2,candidate_3,3,0.03
904,candidate_1,candidate_2,candidate_3,3,0.03
905,candidate_1,candidate_2,candidate_3,3,0.03
906,candidate_1,candidate_2,candidate_3,3,0.03
907,candidate_1,candidate_2,candidate_3,3,0.03
908,candidate_1,candidate_2,candidate_3,3,0.03
909,candidate_1,candidate_2,candidate_3,3,0.03
910,candidate_1,candidate_2,candidate_3,3,0.03
911,candidate_1,candidate_2,candidate_3,3,0.03
912,candidate_1,candidate_2,candidate_3,3,0.03
913,candidate_1,candidate_2,candidate_3,3,0.03
914,candidate_1,candidate_2,candidate_3,3,0.03
915,candidate_1,candidate_2,candidate_3,3,0.03
916,candidate_1,candidate_2,candidate_3,3,0.03
917,candidate_1,candidate_2,candidate_3,3,0.03
918,candidate_1,candidate_2,candidate_3,3,0.03
919,candidate_1,candidate_2,candidate_3,3,0.03
920,candidate_1,candidate_2,candidate_3,3,0.03
921,candidate_1,candidate_2,candidate_3,3,0.03
922,candidate_1,candidate_2,candidate_3,3,0.03
923,candidate_1,candidate_2,candidate_3,3,0.03
924,candidate_1,candidate_2,candidate_3,3,0.03
925,candidate_1,candidate_2,candidate_3,3,0.03
926,candidate_1,candidate_2,candidate_3,3,0.03
927,candidate_1,candidate_2,candidate_3,3,0.03
928,0,candidate_2,candidate_3,3,0.03
929,candidate_1,candidate_2,candidate_3,3,0.03
930,candidate_1,candidate_2,candidate_3,3,0.03
931,candidate_1,candidate_2,candidate_3,3,0.03
932,candidate_1,candidate_2,candidate_3,3,0.03
933,candidate_1,candidate_2,candidate_3,3,0.03
934,candidate_1,candidate_2,candidate_3,3,0.03
935,candidate_1,candidate_2,0,3,0.03
936,candidate_1,candidate_2,candidate_3,3,0.03
937,candidate_1,candidate_2,candidate_3,3,0.03
938,candidate_1,candidate_2,candidate_3,3,0.03
939,candidate_1,candidate_2,candidate_3,3,0.03
940,candidate_1,candidate_2,candidate_3,3,0.03
941,candidate_1,candidate_2,candidate_3,3,0.03
942,candidate_1,candidate_2,candidate_3,3,0.03
943,candidate_1,candidate_2,candidate_3,3,0.03
944,candidate_1,candidate_2,candidate_3,3,0.03
945,candidate_1,candidate_2,candidate_3,3,0.03
946,candidate_1,candidate_2,candidate_3,3,0.03
947,candidate_1,candidate_2,candidate_3,3,0.03
948,candidate_1,candidate_2,candidate_3,3,0.03
949,candidate_1,candidate_2,candidate_3,3,0.03
950,candidate_1,candidate_2,candidate_3,3,0.03
951,candidate_1,candidate_2,candidate_3,3,0.03
952,candidate_1,candidate_2,candidate_3,3,0.03
953,candidate_1,candidate_2,candidate_3,3,0.03
954,candidate_1,candidate_2,candidate_3,3,0.03
955,candidate_1,candidate_2,candidate_3,3,0.03
956,candidate_1,candidate_2,candidate_3,3,0.03
957,candidate_1,candidate_2,candidate_3,3,0.03
958,0,candidate_2,candidate_3,3,0.03
959,candidate_1,candidate_2,candidate_3,3,0.03
960,candidate_1,candidate_2,candidate_3,3,0.03
961,candidate_1,candidate_2,candidate_3,3,0.03
962,candidate_1,candidate_2,candidate_3,3,0.03
963,candidate_1,candidate_2,candidate_3,3,0.03
964,candidate_1,candidate_2,candidate_3,3,0.03
965,candidate_1,candidate_2,candidate_3,3,0.03
966,candidate_1,candidate_2,candidate_3,3,0.03
967,candidate_1,candidate_2,candidate_3,3,0.03
968,candidate_1,candidate_2,candidate_3,3,0.03
969,0,candidate_2,candidate_3,3,0.03
970,candidate_1,candidate_2,0,3,0.03
971,candidate_1,candidate_2,candidate_3,3,0.03
972,candidate_1,candidate_2,candidate_3,3,0.03
973,candidate_1,candidate_2,candidate_3,3,0.03
974,candidate_1,candidate_2,candidate_3,3,0.03
975,candidate_1,candidate_2,candidate_3,3,0.03
976,candidate_1,candidate_2,candidate_3,3,0.03
977,candidate_1,candidate_2,candidate_3,3,0.03
978,candidate_1,candidate_2,candidate_3,3,0.03
979,candidate_1,candidate_2,candidate_3,3,0.03
980,0,candidate_2,candidate_3,3,0.03
981,candidate_1,candidate_2,candidate_3,3,0.03
982,candidate_1,candidate_2,candidate_3,3,0.03
983,candidate_1,candidate_2,candidate_3,3,0.03
984,candidate_1,candidate_2,candidate_3,3,0.03
985,candidate_1,candidate_2,candidate_3,3,0.03
986,candidate_1,candidate_2,candidate_3,3,0.03
987,candidate_1,candidate_2,candidate_3,3,0.03
988,candidate_1,candidate_2,candidate_3,3,0.03
989,candidate_1,candidate_2,candidate_3,3,0.03
990,candidate_1,candidate_2,candidate_3,3,0.03
991,candidate_1,candidate_2,candidate_3,3,0.03
992,candidate_1,candidate_2,candidate_3,3,0.03
993,candidate_1,candidate_2,candidate_3,3,0.03
994,candidate_1,candidate_2,candidate_3,3,0.03
995,candidate_1,candidate_2,candidate_3,3,0.03
996,candidate_1,candidate_2,candidate_3,3,0.03
997,candidate_1,candidate_2,candidate_3,3,0.03
998,candidate_1,candidate_2,candidate_3,3,0.03
999,candidate_1,candidate_2,candidate_3,3,0.03
1000,candidate_1,candidate_2,candidate_3,3,0.03
1001,candidate_1,candidate_2,candidate_3,3,0.03
1002,candidate_1,0,candidate_3,3,0.03
1003,candidate_1,candidate_2,candidate_3,3,0.03
1004,0,candidate_2,candidate_3,3,0.03
1005,candidate_1,candidate_2,candidate_3,3,0.03
1006,candidate_1,candidate_2,candidate_3,3,0.03
1007,candidate_1,candidate_2,candidate_3,3,0.03
1008,candidate_1,candidate_2,candidate_3,3,0.03
1009,candidate_1,candidate_2,candidate_3,3,0.03
1010,candidate_1,candidate_2,candidate_3,3,0.03
1011,candidate_1,candidate_2,candidate_3,3,0.03
1012,candidate_1,candidate_2,candidate_3,3,0.03
1013,candidate_1,candidate_2,candidate_3,3,0.03
1014,candidate_1,candidate_2,candidate_3,3,0.03
1015,candidate_1,candidate_2,candidate_3,3,0.03
1016,candidate_1,candidate_2,candidate_3,3,0.03
1017,candidate_1,candidate_2,candidate_3,3,0.03
1018,candidate_1,candidate_2,candidate_3,3,0.03
1019,candidate_1,candidate_2,candidate_3,3,0.03
1020,candidate_1,candidate_2,candidate_3,3,0.03
1021,candidate_1,candidate_2,candidate_3,3,0.03
1022,candidate_1,candidate_2,candidate_3,3,0.03
1023,candidate_1,candidate_2,candidate_3,3,0.03
1024,candidate_1,candidate_2,candidate_3,3,0.03
1025,candidate_1,candidate_2,candidate_3,3,0.03
1026,candidate_1,candidate_2,candidate_3,3,0.03
1027,candidate_1,candidate_2,candidate_3,3,0.03
1028,candidate_1,candidate_2,candidate_3,3,0.03
1029,candidate_1,candidate_2,candidate_3,3,0.03
1030,candidate_1,candidate_2,candidate_3,3,0.03
1031,candidate_1,candidate_2,candidate_3,3,0.03
1032,candidate_1,candidate_2,candidate_3,3,0.03
1033,candidate_1,candidate_2,candidate_3,3,0.03
1034,candidate_1,candidate_2,candidate_3,3,0.03
1035,candidate_1,candidate_2,candidate_3,3,0.03
1036,candidate_1,candidate_2,0,3,0.03
1037,candidate_1,candidate_2,0,3,0.03
1038,candidate_1,candidate_2,candidate_3,3,0.03
1039,candidate_1,candidate_2,candidate_3,3,0.03
1040,candidate_1,candidate_2,candidate_3,3,0.03
1041,candidate_1,candidate_2,candidate_3,3,0.03
1042,candidate_1,candidate_2,candidate_3,3,0.03
1043,candidate_1,candidate_2,candidate_3,3,0.03
1044,candidate_1,candidate_2,candidate_3,3,0.03
1045,candidate_1,candidate_2,candidate_3,3,0.03
1046,candidate_1,candidate_2,0,3,0.03
1047,candidate_1,candidate_2,candidate_3,3,0.03
1048,candidate_1,candidate_2,candidate_3,3,0.03
1049,candidate_1,candidate_2,candidate_3,3,0.03
1050,candidate_1,candidate_2,candidate_3,3,0.03
1051,candidate_1,candidate_2,candidate_3,3,0.03
1052,candidate_1,candidate_2,candidate_3,3,0.03
1053,candidate_1,candidate_2,candidate_3,3,0.03
1054,candidate_1,candidate_2,candidate_3,3,0.03
1055,candidate_1,candidate_2,candidate_3,3,0.03
1056,candidate_1,candidate_2,candidate_3,3,0.03
1057,candidate_1,candidate_2,candidate_3,3,0.03
1058,candidate_1,candidate_2,0,3,0.03
1059,candidate_1,candidate_2,candidate_3,3,0.03
1060,candidate_1,candidate_2,candidate_3,3,0.03
1061,candidate_1,candidate_2,candidate_3,3,0.03
1062,candidate_1,candidate_2,candidate_3,3,0.03
1063,candidate_1,candidate_2,candidate_3,3,0.03
1064,candidate_1,candidate_2,candidate_3,3,0.03
1065,candidate_1,candidate_2,candidate_3,3,0.03
1066,candidate_1,candidate_2,candidate_3,3,0.03
1067,candidate_1,candidate_2,candidate_3,3,0.03
1068,candidate_1,candidate_2,candidate_3,3,0.03
1069,candidate_1,candidate_2,0,3,0.03
1070,0,candidate_2,candidate_3,3,0.03
1071,candidate_1,candidate_2,candidate_3,3,0.03
1072,candidate_1,candidate_2,candidate_3,3,0.03
1073,candidate_1,candidate_2,candidate_3,3,0.03
1074,candidate_1,candidate_2,candidate_3,3,0.03
1075,candidate_1,candidate_2,candidate_3,3,0.03
1076,candidate_1,candidate_2,candidate_3,3,0.03
1077,candidate_1,candidate_2,candidate_3,3,0.03
1078,candidate_1,candidate_2,candidate_3,3,0.03
1079,candidate_1,candidate_2,candidate_3,3,0.03
1080,candidate_1,candidate_2,candidate_3,3,0.03
1081,candidate_1,candidate_2,candidate_3,3,0.03
1082,candidate_1,candidate_2,candidate_3,3,0.03
1083,candidate_1,candidate_2,candidate_3,3,0.03
1084,candidate_1,candidate_2,candidate_3,3,0.03
1085,candidate_1,candidate_2,candidate_3,3,0.03
1086,candidate_1,candidate_2,candidate_3,3,0.03
1087,candidate_1,candidate_2,candidate_3,3,0.03
1088,candidate_1,0,candidate_3,3,0.03
1089,candidate_1,candidate_2,candidate_3,3,0.03
1090,candidate_1,candidate_2,candidate_3,3,0.03
1091,candidate_1,candidate_2,candidate_3,3,0.03
1092,candidate_1,candidate_2,candidate_3,3,0.03
1093,candidate_1,candidate_2,candidate_3,3,0.03
1094,candidate_1,candidate_2,candidate_3,3,0.03
1095,candidate_1,candidate_2,candidate_3,3,0.03
1096,candidate_1,candidate_2,candidate_3,3,0.03
1097,0,candidate_2,0,3,0.03
1098,candidate_1,candidate_2,candidate_3,3,0.03
1099,candidate_1,candidate_2,candidate_3,3,0.03
1100,candidate_1,candidate_2,candidate_3,3,0.03
1101,candidate_1,candidate_2,candidate_3,3,0.03
1102,candidate_1,candidate_2,candidate_3,3,0.03
1103,candidate_1,candidate_2,0,3,0.03
1104,candidate_1,candidate_2,candidate_3,3,0.03
1105,candidate_1,0,candidate_3,3,0.03
1106,candidate_1,candidate_2,candidate_3,3,0.03
1107,candidate_1,candidate_2,candidate_3,3,0.03
1108,candidate_1,candidate_2,candidate_3,3,0.03
1109,candidate_1,candidate_2,candidate_3,3,0.03
1110,candidate_1,candidate_2,candidate_3,3,0.03
1111,candidate_1,candidate_2,candidate_3,3,0.03
1112,candidate_1,candidate_2,candidate_3,3,0.03
1113,candidate_1,0,candidate_3,3,0.03
1114,candidate_1,candidate_2,candidate_3,3,0.03
1115,candidate_1,candidate_2,candidate_3,3,0.03
1116,candidate_1,candidate_2,candidate_3,3,0.03
1117,candidate_1,candidate_2,candidate_3,3,0.03
1118,candidate_1,candidate_2,candidate_3,3,0.03
1119,candidate_1,candidate_2,candidate_3,3,0.03
1120,candidate_1,candidate_2,candidate_3,3,0.03
1121,candidate_1,0,candidate_3,3,0.03
1122,candidate_1,candidate_2,candidate_3,3,0.03
1123,candidate_1,candidate_2,candidate_3,3,0.03
1124,candidate_1,candidate_2,candidate_3,3,0.03
1125,candidate_1,candidate_2,candidate_3,3,0.03
1126,candidate_1,candidate_2,candidate_3,3,0.03
1127,candidate_1,candidate_2,0,3,0.03
1128,candidate_1,candidate_2,candidate_3,3,0.03
1129,candidate_1,candidate_2,candidate_3,3,0.03
1130,candidate_1,candidate_2,candidate_3,3,0.03
1131,candidate_1,candidate_2,candidate_3,3,0.03
1132,candidate_1,candidate_2,0,3,0.03
1133,candidate_1,candidate_2,candidate_3,3,0.03
1134,candidate_1,candidate_2,0,3,0.03
1135,candidate_1,candidate_2,candidate_3,3,0.03
1136,candidate_1,candidate_2,candidate_3,3,0.03
1137,candidate_1,candidate_2,candidate_3,3,0.03
1138,candidate_1,candidate_2,candidate_3,3,0.03
1139,candidate_1,candidate_2,candidate_3,3,0.03
1140,candidate_1,candidate_2,candidate_3,3,0.03
1141,candidate_1,candidate_2,candidate_3,3,0.03
1142,candidate_1,candidate_2,candidate_3,3,0.03
1143,candidate_1,candidate_2,candidate_3,3,0.03
1144,candidate_1,candidate_2,candidate_3,3,0.03
1145,candidate_1,0,candidate_3,3,0.03
1146,candidate_1,candidate_2,candidate_3,3,0.03
1147,candidate_1,candidate_2,candidate_3,3,0.03
1148,candidate_1,candidate_2,candidate_3,3,0.03
1149,candidate_1,candidate_2,candidate_3,3,0.03
1150,candidate_1,candidate_2,candidate_3,3,0.03
1151,candidate_1,candidate_2,candidate_3,3,0.03
1152,candidate_1,candidate_2,candidate_3,3,0.03
1153,candidate_1,candidate_2,candidate_3,3,0.03
1154,candidate_1,candidate_2,candidate_3,3,0.03
1155,candidate_1,candidate_2,candidate_3,3,0.03
1156,candidate_1,candidate_2,candidate_3,3,0.03
1157,candidate_1,candidate_2,candidate_3,3,0.03
1158,candidate_1,candidate_2,candidate_3,3,0.03
1159,candidate_1,candidate_2,candidate_3,3,0.03
1160,candidate_1,candidate_2,candidate_3,3,0.03
1161,candidate_1,candidate_2,candidate_3,3,0.03
1162,candidate_1,candidate_2,candidate_3,3,0.03
1163,candidate_1,candidate_2,candidate_3,3,0.03
1164,candidate_1,candidate_2,candidate_3,3,0.03
1165,candidate_1,candidate_2,0,3,0.03
1166,candidate_1,candidate_2,candidate_3,3,0.03
1167,candidate_1,candidate_2,candidate_3,3,0.03
1168,candidate_1,candidate_2,candidate_3,3,0.03
1169,candidate_1,candidate_2,candidate_3,3,0.03
1170,candidate_1,candidate_2,candidate_3,3,0.03
1171,candidate_1,candidate_2,candidate_3,3,0.03
1172,candidate_1,candidate_2,candidate_3,3,0.03
1173,candidate_1,candidate_2,candidate_3,3,0.03
1174,candidate_1,candidate_2,candidate_3,3,0.03
1175,candidate_1,candidate_2,candidate_3,3,0.03
1176,candidate_1,candidate_2,candidate_3,3,0.03
1177,candidate_1,candidate_2,candidate_3,3,0.03
1178,candidate_1,candidate_2,candidate_3,3,0.03
1179,candidate_1,candidate_2,candidate_3,3,0.03
1180,candidate_1,candidate_2,candidate_3,3,0.03
1181,candidate_1,candidate_2,candidate_3,3,0.03
1182,candidate_1,candidate_2,candidate_3,3,0.03
1183,candidate_1,candidate_2,candidate_3,3,0.03
1184,candidate_1,0,candidate_3,3,0.03
1185,candidate_1,candidate_2,candidate_3,3,0.03
1186,candidate_1,candidate_2,candidate_3,3,0.03
1187,candidate_1,candidate_2,candidate_3,3,0.03
1188,candidate_1,candidate_2,candidate_3,3,0.03
1189,candidate_1,candidate_2,candidate_3,3,0.03
1190,candidate_1,candidate_2,candidate_3,3,0.03
1191,candidate_1,candidate_2,candidate_3,3,0.03
1192,candidate_1,candidate_2,candidate_3,3,0.03
1193,candidate_1,candidate_2,candidate_3,3,0.03
1194,candidate_1,candidate_2,candidate_3,3,0.03
1195,candidate_1,candidate_2,candidate_3,3,0.03
1196,candidate_1,candidate_2,candidate_3,3,0.03
1197,candidate_1,candidate_2,candidate_3,3,0.03
1198,candidate_1,candidate_2,candidate_3,3,0.03
1199,candidate_1,candidate_2,candidate_3,3,0.03
1200,candidate_1,candidate_2,candidate_3,3,0.03
1201,candidate_1,0,candidate_3,3,0.03
1202,candidate_1,candidate_2,candidate_3,3,0.03
1203,candidate_1,candidate_2,candidate_3,3,0.03
1204,candidate_1,candidate_2,candidate_3,3,0.03
1205,0,candidate_2,candidate_3,3,0.03
1206,candidate_1,candidate_2,candidate_3,3,0.03
1207,candidate_1,candidate_2,candidate_3,3,0.03
1208,candidate_1,candidate_2,candidate_3,3,0.03
1209,candidate_1,candidate_2,candidate_3,3,0.03
1210,candidate_1,candidate_2,candidate_3,3,0.03
1211,candidate_1,candidate_2,candidate_3,3,0.03
1212,candidate_1,candidate_2,candidate_3,3,0.03
1213,candidate_1,candidate_2,candidate_3,3,0.03
1214,candidate_1,candidate_2,candidate_3,3,0.03
1215,candidate_1,candidate_2,candidate_3,3,0.03
1216,candidate_1,candidate_2,candidate_3,3,0.03
1217,candidate_1,candidate_2,candidate_3,3,0.03
1218,0,candidate_2,candidate_3,3,0.03
1219,candidate_1,candidate_2,candidate_3,3,0.03
1220,0,candidate_2,candidate_3,3,0.03
1221,candidate_1,candidate_2,candidate_3,3,0.03
1222,candidate_1,candidate_2,candidate_3,3,0.03
1223,candidate_1,candidate_2,candidate_3,3,0.03
1224,candidate_1,candidate_2,0,3,0.03
1225,candidate_1,candidate_2,candidate_3,3,0.03
1226,candidate_1,candidate_2,candidate_3,3,0.03
1227,candidate_1,candidate_2,candidate_3,3,0.03
1228,candidate_1,candidate_2,candidate_3,3,0.03
1229,0,candidate_2,candidate_3,3,0.03
1230,candidate_1,candidate_2,candidate_3,3,0.03
1231,candidate_1,0,candidate_3,3,0.03
1232,candidate_1,candidate_2,candidate_3,3,0.03
1233,candidate_1,candidate_2,candidate_3,3,0.03
1234,candidate_1,candidate_2,candidate_3,3,0.03
1235,candidate_1,candidate_2,candidate_3,3,0.03
1236,candidate_1,candidate_2,candidate_3,3,0.03
1237,candidate_1,candidate_2,candidate_3,3,0.03
1238,candidate_1,candidate_2,candidate_3,3,0.03
1239,candidate_1,0,candidate_3,3,0.03
1240,candidate_1,candidate_2,candidate_3,3,0.03
1241,candidate_1,candidate_2,candidate_3,3,0.03
1242,candidate_1,candidate_2,candidate_3,3,0.03
1243,candidate_1,candidate_2,candidate_3,3,0.03
1244,0,candidate_2,candidate_3,3,0.03
1245,candidate_1,candidate_2,candidate_3,3,0.03
1246,candidate_1,candidate_2,candidate_3,3,0.03
1247,candidate_1,candidate_2,candidate_3,3,0.03
1248,candidate_1,candidate_2,candidate_3,3,0.03
1249,0,candidate_2,candidate_3,3,0.03
1250,candidate_1,candidate_2,candidate_3,3,0.03
1251,candidate_1,0,candidate_3,3,0.03
1252,candidate_1,candidate_2,candidate_3,3,0.03
1253,candidate_1,0,candidate_3,3,0.03
1254,candidate_1,candidate_2,candidate_3,3,0.03
1255,candidate_1,candidate_2,candidate_3,3,0.03
1256,candidate_1,candidate_2,candidate_3,3,0.03
1257,candidate_1,candidate_2,candidate_3,3,0.03
1258,candidate_1,candidate_2,candidate_3,3,0.03
1259,candidate_1,candidate_2,candidate_3,3,0.03
1260,candidate_1,candidate_2,candidate_3,3,0.03
1261,candidate_1,candidate_2,candidate_3,3,0.03
1262,candidate_1,candidate_2,candidate_3,3,0.03
1263,candidate_1,candidate_2,candidate_3,3,0.03
1264,candidate_1,candidate_2,candidate_3,3,0.03
1265,candidate_1,candidate_2,candidate_3,3,0.03
1266,candidate_1,candidate_2,candidate_3,3,0.03
1267,candidate_1,candidate_2,candidate_3,3,0.03
1268,candidate_1,candidate_2,candidate_3,3,0.03
1269,candidate_1,candidate_2,candidate_3,3,0.03
1270,candidate_1,candidate_2,candidate_3,3,0.03
1271,candidate_1,candidate_2,candidate_3,3,0.03
1272,candidate_1,candidate_2,candidate_3,3,0.03
1273,candidate_1,candidate_2,candidate_3,3,0.03
1274,candidate_1,candidate_2,candidate_3,3,0.03
1275,candidate_1,candidate_2,candidate_3,3,0.03
1276,candidate_1,candidate_2,candidate_3,3,0.03
1277,candidate_1,candidate_2,candidate_3,3,0.03
1278,candidate_1,candidate_2,candidate_3,3,0.03
1279,candidate_1,candidate_2,candidate_3,3,0.03
1280,0,candidate_2,candidate_3,3,0.03
1281,candidate_1,candidate_2,candidate_3,3,0.03
1282,candidate_1,candidate_2,candidate_3,3,0.03
1283,0,candidate_2,candidate_3,3,0.03
1284,candidate_1,candidate_2,candidate_3,3,0.03
1285,candidate_1,candidate_2,candidate_3,3,0.03
1286,candidate_1,candidate_2,candidate_3,3,0.03
1287,candidate_1,candidate_2,candidate_3,3,0.03
1288,candidate_1,candidate_2,candidate_3,3,0.03
1289,candidate_1,candidate_2,candidate_3,3,0.03
1290,candidate_1,candidate_2,candidate_3,3,0.03
1291,candidate_1,candidate_2,candidate_3,3,0.03
1292,candidate_1,candidate_2,candidate_3,3,0.03
1293,candidate_1,candidate_2,candidate_3,3,0.03
1294,candidate_1,candidate_2,candidate_3,3,0.03
1295,candidate_1,0,candidate_3,3,0.03
1296,candidate_1,candidate_2,candidate_3,3,0.03
1297,candidate_1,candidate_2,candidate_3,3,0.03
1298,candidate_1,candidate_2,candidate_3,3,0.03
1299,candidate_1,candidate_2,candidate_3,3,0.03
1300,candidate_1,candidate_2,candidate_3,3,0.03
1301,candidate_1,candidate_2,candidate_3,3,0.03
1302,candidate_1,candidate_2,candidate_3,3,0.03
1303,candidate_1,candidate_2,candidate_3,3,0.03
1304,candidate_1,candidate_2,candidate_3,3,0.03
1305,candidate_1,candidate_2,candidate_3,3,0.03
1306,candidate_1,candidate_2,candidate_3,3,0.03
1307,candidate_1,candidate_2,candidate_3,3,0.03
1308,candidate_1,candidate_2,candidate_3,3,0.03
1309,candidate_1,candidate_2,candidate_3,3,0.03
1310,candidate_1,0,candidate_3,3,0.03
1311,candidate_1,candidate_2,candidate_3,3,0.03
1312,candidate_1,candidate_2,candidate_3,3,0.03
1313,candidate_1,candidate_2,candidate_3,3,0.03
1314,candidate_1,candidate_2,candidate_3,3,0.03
1315,candidate_1,candidate_2,candidate_3,3,0.03
1316,candidate_1,candidate_2,candidate_3,3,0.03
1317,candidate_1,candidate_2,candidate_3,3,0.03
1318,candidate_1,candidate_2,candidate_3,3,0.03
1319,candidate_1,candidate_2,candidate_3,3,0.03
1320,candidate_1,candidate_2,candidate_3,3,0.03
1321,candidate_1,candidate_2,candidate_3,3,0.03
1322,candidate_1,candidate_2,candidate_3,3,0.03
1323,candidate_1,candidate_2,candidate_3,3,0.03
1324,candidate_1,candidate_2,candidate_3,3,0.03
1325,candidate_1,candidate_2,candidate_3,3,0.03
1326,candidate_1,candidate_2,candidate_3,3,0.03
1327,candidate_1,candidate_2,candidate_3,3,0.03
1328,candidate_1,candidate_2,candidate_3,3,0.03
1329,candidate_1,candidate_2,candidate_3,3,0.03
1330,candidate_1,candidate_2,candidate_3,3,0.03
1331,candidate_1,candidate_2,candidate_3,3,0.03
1332,candidate_1,candidate_2,candidate_3,3,0.03
1333,candidate_1,candidate_2,candidate_3,3,0.03
1334,candidate_1,candidate_2,candidate_3,3,0.03
1335,0,candidate_2,candidate_3,3,0.03
1336,candidate_1,candidate_2,candidate_3,3,0.03
1337,candidate_1,candidate_2,candidate_3,3,0.03
1338,candidate_1,candidate_2,candidate_3,3,0.03
1339,candidate_1,candidate_2,candidate_3,3,0.03
1340,candidate_1,candidate_2,candidate_3,3,0.03
1341,candidate_1,candidate_2,candidate_3,3,0.03
1342,candidate_1,candidate_2,candidate_3,3,0.03
1343,0,candidate_2,candidate_3,3,0.03
1344,candidate_1,candidate_2,candidate_3,3,0.03
1345,candidate_1,candidate_2,candidate_3,3,0.03
1346,candidate_1,candidate_2,candidate_3,3,0.03
1347,candidate_1,candidate_2,candidate_3,3,0.03
1348,candidate_1,candidate_2,candidate_3,3,0.03
1349,candidate_1,candidate_2,candidate_3,3,0.03
1350,candidate_1,candidate_2,candidate_3,3,0.03
1351,candidate_1,candidate_2,candidate_3,3,0.03
1352,candidate_1,candidate_2,candidate_3,3,0.03
1353,candidate_1,candidate_2,candidate_3,3,0.03
1354,candidate_1,candidate_2,candidate_3,3,0.03
1355,candidate_1,candidate_2,candidate_3,3,0.03
1356,candidate_1,candidate_2,candidate_3,3,0.03
1357,candidate_1,candidate_2,candidate_3,3,0.03
1358,candidate_1,candidate_2,candidate_3,3,0.03
1359,candidate_1,candidate_2,candidate_3,3,0.03
1360,candidate_1,candidate_2,0,3,0.03
1361,candidate_1,candidate_2,candidate_3,3,0.03
1362,candidate_1,candidate_2,candidate_3,3,0.03
1363,candidate_1,candidate_2,candidate_3,3,0.03
1364,candidate_1,candidate_2,candidate_3,3,0.03
1365,candidate_1,candidate_2,candidate_3,3,0.03
1366,candidate_1,candidate_2,candidate_3,3,0.03
1367,candidate_1,candidate_2,candidate_3,3,0.03
1368,candidate_1,candidate_2,candidate_3,3,0.03
1369,candidate_1,candidate_2,candidate_3,3,0.03
1370,candidate_1,candidate_2,candidate_3,3,0.03
1371,candidate_1,candidate_2,candidate_3,3,0.03
1372,candidate_1,candidate_2,candidate_3,3,0.03
1373,0,candidate_2,candidate_3,3,0.03
1374,candidate_1,candidate_2,candidate_3,3,0.03
1375,candidate_1,candidate_2,candidate_3,3,0.03
1376,candidate_1,candidate_2,candidate_3,3,0.03
1377,candidate_1,candidate_2,candidate_3,3,0.03
1378,candidate_1,candidate_2,candidate_3,3,0.03
1379,candidate_1,candidate_2,candidate_3,3,0.03
1380,candidate_1,candidate_2,candidate_3,3,0.03
1381,candidate_1,candidate_2,0,3,0.03
1382,candidate_1,candidate_2,candidate_3,3,0.03
1383,candidate_1,candidate_2,candidate_3,3,0.03
1384,candidate_1,candidate_2,candidate_3,3,0.03
1385,candidate_1,0,candidate_3,3,0.03
1386,candidate_1,candidate_2,candidate_3,3,0.03
1387,candidate_1,candidate_2,candidate_3,3,0.03
1388,candidate_1,candidate_2,candidate_3,3,0.03
1389,candidate_1,candidate_2,candidate_3,3,0.03
1390,candidate_1,candidate_2,candidate_3,3,0.03
1391,candidate_1,candidate_2,candidate_3,3,0.03
1392,candidate_1,candidate_2,candidate_3,3,0.03
1393,candidate_1,candidate_2,candidate_3,3,0.03
1394,candidate_1,candidate_2,candidate_3,3,0.03
1395,0,candidate_2,candidate_3,3,0.03
1396,candidate_1,candidate_2,candidate_3,3,0.03
1397,candidate_1,candidate_2,candidate_3,3,0.03
1398,candidate_1,candidate_2,0,3,0.03
1399,candidate_1,candidate_2,candidate_3,3,0.03
1400,candidate_1,candidate_2,candidate_3,3,0.03
1401,candidate_1,candidate_2,candidate_3,3,0.03
1402,candidate_1,candidate_2,candidate_3,3,0.03
1403,candidate_1,candidate_2,candidate_3,3,0.03
1404,candidate_1,candidate_2,candidate_3,3,0.03
1405,candidate_1,candidate_2,candidate_3,3,0.03
1406,candidate_1,candidate_2,candidate_3,3,0.03
1407,candidate_1,candidate_2,candidate_3,3,0.03
1408,candidate_1,candidate_2,candidate_3,3,0.03
1409,candidate_1,candidate_2,candidate_3,3,0.03
1410,candidate_1,0,candidate_3,3,0.03
1411,candidate_1,candidate_2,candidate_3,3,0.03
1412,candidate_1,candidate_2,candidate_3,3,0.03
1413,candidate_1,candidate_2,candidate_3,3,0.03
1414,candidate_1,candidate_2,candidate_3,3,0.03
1415,candidate_1,candidate_2,0,3,0.03
1416,candidate_1,candidate_2,candidate_3,3,0.03
1417,candidate_1,candidate_2,candidate_3,3,0.03
1418,candidate_1,candidate_2,candidate_3,3,0.03
1419,candidate_1,candidate_2,candidate_3,3,0.03
1420,candidate_1,candidate_2,candidate_3,3,0.03
1421,candidate_1,candidate_2,candidate_3,3,0.03
1422,candidate_1,candidate_2,candidate_3,3,0.03
1423,candidate_1,candidate_2,candidate_3,3,0.03
1424,candidate_1,candidate_2,candidate_3,3,0.03
1425,candidate_1,candidate_2,candidate_3,3,0.03
1426,candidate_1,candidate_2,candidate_3,3,0.03
1427,candidate_1,0,candidate_3,3,0.03
1428,candidate_1,candidate_2,candidate_3,3,0.03
1429,candidate_1,candidate_2,candidate_3,3,0.03
1430,candidate_1,candidate_2,candidate_3,3,0.03
1431,candidate_1,candidate_2,candidate_3,3,0.03
1432,candidate_1,0,candidate_3,3,0.03
1433,candidate_1,candidate_2,candidate_3,3,0.03
1434,candidate_1,candidate_2,candidate_3,3,0.03
1435,candidate_1,candidate_2,candidate_3,3,0.03
1436,candidate_1,candidate_2,candidate_3,3,0.03
1437,candidate_1,candidate_2,candidate_3,3,0.03
1438,candidate_1,candidate_2,candidate_3,3,0.03
1439,candidate_1,candidate_2,candidate_3,3,0.03
1440,candidate_1,candidate_2,candidate_3,3,0.03
1441,candidate_1,candidate_2,candidate_3,3,0.03
1442,candidate_1,candidate_2,candidate_3,3,0.03
1443,candidate_1,candidate_2,candidate_3,3,0.03
1444,candidate_1,candidate_2,candidate_3,3,0.03
1445,candidate_1,candidate_2,candidate_3,3,0.03
1446,candidate_1,candidate_2,candidate_3,3,0.03
1447,candidate_1,candidate_2,candidate_3,3,0.03
1448,candidate_1,candidate_2,candidate_3,3,0.03
1449,candidate_1,0,candidate_3,3,0.03
1450,candidate_1,candidate_2,candidate_3,3,0.03
1451,candidate_1,candidate_2,candidate_3,3,0.03
1452,candidate_1,candidate_2,candidate_3,3,0.03
1453,candidate_1,candidate_2,candidate_3,3,0.03
1454,candidate_1,candidate_2,candidate_3,3,0.03
1455,candidate_1,candidate_2,candidate_3,3,0.03
1456,candidate_1,candidate_2,candidate_3,3,0.03
1457,candidate_1,candidate_2,candidate_3,3,0.03
1458,candidate_1,candidate_2,candidate_3,3,0.03
1459,candidate_1,candidate_2,candidate_3,3,0.03
1460,candidate_1,0,candidate_3,3,0.03
1461,candidate_1,candidate_2,candidate_3,3,0.03
1462,candidate_1,candidate_2,candidate_3,3,0.03
1463,candidate_1,candidate_2,candidate_3,3,0.03
1464,candidate_1,candidate_2,candidate_3,3,0.03
1465,candidate_1,candidate_2,candidate_3,3,0.03
1466,candidate_1,candidate_2,candidate_3,3,0.03
1467,candidate_1,candidate_2,candidate_3,3,0.03
1468,candidate_1,candidate_2,candidate_3,3,0.03
1469,candidate_1,candidate_2,candidate_3,3,0.03
1470,candidate_1,candidate_2,candidate_3,3,0.03
1471,candidate_1,candidate_2,candidate_3,3,0.03
1472,candidate_1,0,candidate_3,3,0.03
1473,candidate_1,candidate_2,candidate_3,3,0.03
1474,candidate_1,candidate_2,candidate_3,3,0.03
1475,candidate_1,candidate_2,candidate_3,3,0.03
1476,candidate_1,candidate_2,candidate_3,3,0.03
1477,candidate_1,candidate_2,candidate_3,3,0.03
1478,candidate_1,candidate_2,candidate_3,3,0.03
1479,candidate_1,candidate_2,candidate_3,3,0.03
1480,candidate_1,candidate_2,candidate_3,3,0.03
1481,candidate_1,candidate_2,candidate_3,3,0.03
1482,candidate_1,candidate_2,candidate_3,3,0.03
1483,candidate_1,candidate_2,candidate_3,3,0.03
1484,candidate_1,candidate_2,candidate_3,3,0.03
1485,candidate_1,candidate_2,candidate_3,3,0.03
1486,candidate_1,candidate_2,candidate_3,3,0.03
1487,candidate_1,candidate_2,candidate_3,3,0.03
1488,candidate_1,candidate_2,candidate_3,3,0.03
1489,candidate_1,candidate_2,0,3,0.03
1490,candidate_1,candidate_2,candidate_3,3,0.03
1491,candidate_1,candidate_2,candidate_3,3,0.03
1492,0,candidate_2,candidate_3,3,0.03
1493,candidate_1,candidate_2,candidate_3,3,0.03
1494,candidate_1,candidate_2,candidate_3,3,0.03
1495,candidate_1,candidate_2,0,3,0.03
1496,candidate_1,candidate_2,candidate_3,3,0.03
1497,candidate_1,candidate_2,candidate_3,3,0.03
1498,candidate_1,candidate_2,candidate_3,3,0.03
1499,candidate_1,candidate_2,candidate_3,3,0.03
1500,0,0,candidate_3,3,0.03
1501,candidate_1,candidate_2,candidate_3,3,0.03
1502,candidate_1,candidate_2,candidate_3,3,0.03
1503,candidate_1,candidate_2,candidate_3,3,0.03
1504,candidate_1,candidate_2,candidate_3,3,0.03
1505,candidate_1,candidate_2,candidate_3,3,0.03
1506,candidate_1,candidate_2,candidate_3,3,0.03
1507,candidate_1,candidate_2,candidate_3,3,0.03
1508,candidate_1,candidate_2,candidate_3,3,0.03
1509,candidate_1,candidate_2,candidate_3,3,0.03
1510,candidate_1,candidate_2,candidate_3,3,0.03
1511,candidate_1,candidate_2,candidate_3,3,0.03
1512,candidate_1,candidate_2,candidate_3,3,0.03
1513,candidate_1,candidate_2,candidate_3,3,0.03
1514,candidate_1,candidate_2,candidate_3,3,0.03
1515,candidate_1,candidate_2,candidate_3,3,0.03
1516,candidate_1,candidate_2,candidate_3,3,0.03
1517,candidate_1,candidate_2,candidate_3,3,0.03
1518,candidate_1,candidate_2,candidate_3,3,0.03
1519,candidate_1,candidate_2,candidate_3,3,0.03
1520,candidate_1,candidate_2,candidate_3,3,0.03
1521,candidate_1,candidate_2,candidate_3,3,0.03
1522,candidate_1,candidate_2,candidate_3,3,0.03
1523,candidate_1,candidate_2,candidate_3,3,0.03
1524,candidate_1,candidate_2,candidate_3,3,0.03
1525,0,candidate_2,candidate_3,3,0.03
1526,candidate_1,candidate_2,candidate_3,3,0.03
1527,candidate_1,candidate_2,candidate_3,3,0.03
1528,candidate_1,candidate_2,candidate_3,3,0.03
1529,candidate_1,candidate_2,candidate_3,3,0.03
1530,candidate_1,candidate_2,candidate_3,3,0.03
1531,candidate_1,candidate_2,candidate_3,3,0.03
1532,candidate_1,candidate_2,candidate_3,3,0.03
1533,candidate_1,0,candidate_3,3,0.03
1534,candidate_1,candidate_2,candidate_3,3,0.03
1535,candidate_1,candidate_2,candidate_3,3,0.03
1536,candidate_1,candidate_2,candidate_3,3,0.03
1537,candidate_1,candidate_2,candidate_3,3,0.03
1538,candidate_1,candidate_2,candidate_3,3,0.03
1539,candidate_1,candidate_2,candidate_3,3,0.03
1540,candidate_1,candidate_2,candidate_3,3,0.03
1541,candidate_1,candidate_2,candidate_3,3,0.03
1542,candidate_1,candidate_2,candidate_3,3,0.03
1543,candidate_1,candidate_2,candidate_3,3,0.03
1544,candidate_1,candidate_2,candidate_3,3,0.03
1545,candidate_1,candidate_2,candidate_3,3,0.03
1546,candidate_1,candidate_2,candidate_3,3,0.03
1547,candidate_1,candidate_2,candidate_3,3,0.03
1548,candidate_1,candidate_2,candidate_3,3,0.03
1549,candidate_1,candidate_2,0,3,0.03
1550,candidate_1,candidate_2,candidate_3,3,0.03
1551,candidate_1,candidate_2,candidate_3,3,0.03
1552,candidate_1,candidate_2,candidate_3,3,0.03
1553,candidate_1,candidate_2,candidate_3,3,0.03
1554,candidate_1,candidate_2,candidate_3,3,0.03
1555,candidate_1,candidate_2,candidate_3,3,0.03
1556,candidate_1,candidate_2,candidate_3,3,0.03
1557,candidate_1,candidate_2,candidate_3,3,0.03
1558,candidate_1,candidate_2,candidate_3,3,0.03
1559,candidate_1,candidate_2,candidate_3,3,0.03
1560,candidate_1,candidate_2,candidate_3,3,0.03
1561,candidate_1,candidate_2,candidate_3,3,0.03
1562,candidate_1,candidate_2,candidate_3,3,0.03
1563,candidate_1,candidate_2,candidate_3,3,0.03
1564,candidate_1,candidate_2,candidate_3,3,0.03
1565,candidate_1,candidate_2,candidate_3,3,0.03
1566,candidate_1,candidate_2,candidate_3,3,0.03
1567,candidate_1,candidate_2,0,3,0.03
1568,candidate_1,candidate_2,candidate_3,3,0.03
1569,candidate_1,candidate_2,candidate_3,3,0.03
1570,candidate_1,candidate_2,candidate_3,3,0.03
1571,candidate_1,candidate_2,candidate_3,3,0.03
1572,candidate_1,candidate_2,candidate_3,3,0.03
1573,candidate_1,candidate_2,candidate_3,3,0.03
1574,candidate_1,candidate_2,0,3,0.03
1575,candidate_1,candidate_2,candidate_3,3,0.03
1576,candidate_1,candidate_2,candidate_3,3,0.03
1577,candidate_1,candidate_2,candidate_3,3,0.03
1578,candidate_1,candidate_2,candidate_3,3,0.03
1579,candidate_1,candidate_2,candidate_3,3,0.03
1580,candidate_1,candidate_2,candidate_3,3,0.03
1581,candidate_1,candidate_2,candidate_3,3,0.03
1582,candidate_1,candidate_2,candidate_3,3,0.03
1583,candidate_1,candidate_2,candidate_3,3,0.03
1584,candidate_1,candidate_2,candidate_3,3,0.03
1585,0,candidate_2,candidate_3,3,0.03
1586,candidate_1,candidate_2,candidate_3,3,0.03
1587,candidate_1,candidate_2,candidate_3,3,0.03
1588,candidate_1,candidate_2,candidate_3,3,0.03
1589,candidate_1,candidate_2,candidate_3,3,0.03
1590,candidate_1,candidate_2,candidate_3,3,0.03
1591,candidate_1,candidate_2,candidate_3,3,0.03
1592,candidate_1,candidate_2,candidate_3,3,0.03
1593,candidate_1,candidate_2,candidate_3,3,0.03
1594,candidate_1,candidate_2,candidate_3,3,0.03
1595,candidate_1,candidate_2,candidate_3,3,0.03
1596,candidate_1,candidate_2,candidate_3,3,0.03
1597,candidate_1,candidate_2,candidate_3,3,0.03
1598,candidate_1,0,candidate_3,3,0.03
1599,candidate_1,candidate_2,candidate_3,3,0.03
1600,candidate_1,candidate_2,candidate_3,3,0.03
1601,candidate_1,candidate_2,candidate_3,3,0.03
1602,candidate_1,candidate_2,candidate_3,3,0.03
1603,candidate_1,candidate_2,candidate_3,3,0.03
1604,candidate_1,candidate_2,candidate_3,3,0.03
1605,candidate_1,candidate_2,candidate_3,3,0.03
1606,candidate_1,candidate_2,candidate_3,3,0.03
1607,candidate_1,candidate_2,0,3,0.03
1608,candidate_1,candidate_2,candidate_3,3,0.03
1609,candidate_1,candidate_2,candidate_3,3,0.03
1610,candidate_1,candidate_2,candidate_3,3,0.03
1611,candidate_1,candidate_2,candidate_3,3,0.03
1612,candidate_1,candidate_2,candidate_3,3,0.03
1613,candidate_1,candidate_2,candidate_3,3,0.03
1614,candidate_1,candidate_2,candidate_3,3,0.03
1615,candidate_1,candidate_2,candidate_3,3,0.03
1616,candidate_1,candidate_2,candidate_3,3,0.03
1617,candidate_1,candidate_2,candidate_3,3,0.03
1618,candidate_1,candidate_2,candidate_3,3,0.03
1619,candidate_1,candidate_2,candidate_3,3,0.03
1620,candidate_1,candidate_2,candidate_3,3,0.03
1621,candidate_1,candidate_2,candidate_3,3,0.03
1622,candidate_1,candidate_2,candidate_3,3,0.03
1623,candidate_1,candidate_2,candidate_3,3,0.03
1624,candidate_1,candidate_2,candidate_3,3,0.03
1625,candidate_1,candidate_2,candidate_3,3,0.03
1626,candidate_1,candidate_2,candidate_3,3,0.03
1627,candidate_1,candidate_2,candidate_3,3,0.03
1628,candidate_1,candidate_2,candidate_3,3,0.03
1629,candidate_1,candidate_2,candidate_3,3,0.03
1630,candidate_1,candidate_2,candidate_3,3,0.03
1631,candidate_1,candidate_2,candidate_3,3,0.03
1632,candidate_1,candidate_2,candidate_3,3,0.03
1633,candidate_1,candidate_2,candidate_3,3,0.03
1634,candidate_1,candidate_2,candidate_3,3,0.03
1635,candidate_1,candidate_2,candidate_3,3,0.03
1636,candidate_1,candidate_2,candidate_3,3,0.03
1637,candidate_1,candidate_2,candidate_3,3,0.03
1638,candidate_1,candidate_2,candidate_3,3,0.03
1639,candidate_1,candidate_2,candidate_3,3,0.03
1640,candidate_1,candidate_2,candidate_3,3,0.03
1641,candidate_1,candidate_2,candidate_3,3,0.03
1642,candidate_1,candidate_2,candidate_3,3,0.03
1643,candidate_1,candidate_2,candidate_3,3,0.03
1644,0,candidate_2,candidate_3,3,0.03
1645,candidate_1,candidate_2,candidate_3,3,0.03
1646,candidate_1,candidate_2,candidate_3,3,0.03
1647,candidate_1,candidate_2,candidate_3,3,0.03
1648,candidate_1,candidate_2,candidate_3,3,0.03
1649,candidate_1,candidate_2,candidate_3,3,0.03
1650,candidate_1,candidate_2,candidate_3,3,0.03
1651,candidate_1,candidate_2,candidate_3,3,0.03
1652,candidate_1,candidate_2,candidate_3,3,0.03
1653,candidate_1,candidate_2,candidate_3,3,0.03
1654,candidate_1,candidate_2,candidate_3,3,0.03
1655,candidate_1,0,candidate_3,3,0.03
1656,candidate_1,candidate_2,candidate_3,3,0.03
1657,candidate_1,candidate_2,candidate_3,3,0.03
1658,candidate_1,candidate_2,candidate_3,3,0.03
1659,candidate_1,candidate_2,candidate_3,3,0.03
1660,candidate_1,candidate_2,candidate_3,3,0.03
1661,candidate_1,candidate_2,candidate_3,3,0.03
1662,candidate_1,candidate_2,candidate_3,3,0.03
1663,candidate_1,candidate_2,candidate_3,3,0.03
1664,candidate_1,candidate_2,candidate_3,3,0.03
1665,candidate_1,candidate_2,candidate_3,3,0.03
1666,candidate_1,candidate_2,candidate_3,3,0.03
1667,candidate_1,candidate_2,candidate_3,3,0.03
1668,candidate_1,candidate_2,candidate_3,3,0.03
1669,candidate_1,candidate_2,candidate_3,3,0.03
1670,candidate_1,candidate_2,candidate_3,3,0.03
1671,candidate_1,candidate_2,candidate_3,3,0.03
1672,candidate_1,candidate_2,candidate_3,3,0.03
1673,candidate_1,candidate_2,candidate_3,3,0.03
1674,candidate_1,candidate_2,candidate_3,3,0.03
1675,candidate_1,candidate_2,candidate_3,3,0.03
1676,candidate_1,candidate_2,candidate_3,3,0.03
1677,candidate_1,candidate_2,candidate_3,3,0.03
1678,candidate_1,candidate_2,candidate_3,3,0.03
1679,candidate_1,candidate_2,candidate_3,3,0.03
1680,candidate_1,candidate_2,candidate_3,3,0.03
1681,candidate_1,candidate_2,candidate_3,3,0.03
1682,candidate_1,candidate_2,candidate_3,3,0.03
1683,candidate_1,candidate_2,candidate_3,3,0.03
1684,candidate_1,candidate_2,candidate_3,3,0.03
1685,candidate_1,candidate_2,candidate_3,3,0.03
1686,candidate_1,candidate_2,candidate_3,3,0.03
1687,candidate_1,candidate_2,candidate_3,3,0.03
1688,candidate_1,candidate_2,candidate_3,3,0.03
1689,candidate_1,candidate_2,candidate_3,3,0.03
1690,candidate_1,candidate_2,candidate_3,3,0.03
1691,candidate_1,candidate_2,candidate_3,3,0.03
1692,candidate_1,candidate_2,candidate_3,3,0.03
1693,candidate_1,candidate_2,candidate_3,3,0.03
1694,candidate_1,candidate_2,candidate_3,3,0.03
1695,candidate_1,candidate_2,candidate_3,3,0.03
1696,candidate_1,candidate_2,0,3,0.03
1697,candidate_1,candidate_2,candidate_3,3,0.03
1698,candidate_1,candidate_2,candidate_3,3,0.03
1699,0,candidate_2,candidate_3,3,0.03
1700,candidate_1,candidate_2,candidate_3,3,0.03
1701,candidate_1,candidate_2,candidate_3,3,0.03
1702,candidate_1,candidate_2,candidate_3,3,0.03
1703,candidate_1,candidate_2,candidate_3,3,0.03
1704,candidate_1,candidate_2,candidate_3,3,0.03
1705,candidate_1,candidate_2,candidate_3,3,0.03
1706,candidate_1,candidate_2,candidate_3,3,0.03
1707,candidate_1,candidate_2,candidate_3,3,0.03
1708,candidate_1,candidate_2,candidate_3,3,0.03
1709,candidate_1,candidate_2,candidate_3,3,0.03
1710,candidate_1,0,candidate_3,3,0.03
1711,candidate_1,candidate_2,candidate_3,3,0.03
1712,candidate_1,candidate_2,candidate_3,3,0.03
1713,candidate_1,candidate_2,candidate_3,3,0.03
1714,candidate_1,candidate_2,candidate_3,3,0.03
1715,candidate_1,candidate_2,candidate_3,3,0.03
1716,candidate_1,candidate_2,candidate_3,3,0.03
1717,candidate_1,candidate_2,candidate_3,3,0.03
1718,candidate_1,candidate_2,candidate_3,3,0.03
1719,candidate_1,candidate_2,candidate_3,3,0.03
1720,candidate_1,candidate_2,candidate_3,3,0.03
1721,candidate_1,candidate_2,candidate_3,3,0.03
1722,candidate_1,candidate_2,candidate_3,3,0.03
1723,candidate_1,candidate_2,candidate_3,3,0.03
1724,candidate_1,0,candidate_3,3,0.03
1725,candidate_1,candidate_2,candidate_3,3,0.03
1726,candidate_1,candidate_2,candidate_3,3,0.03
1727,candidate_1,candidate_2,candidate_3,3,0.03
1728,candidate_1,candidate_2,candidate_3,3,0.03
1729,candidate_1,candidate_2,candidate_3,3,0.03
1730,candidate_1,candidate_2,candidate_3,3,0.03
1731,candidate_1,candidate_2,candidate_3,3,0.03
1732,candidate_1,candidate_2,candidate_3,3,0.03
1733,candidate_1,candidate_2,candidate_3,3,0.03
1734,candidate_1,candidate_2,0,3,0.03
1735,candidate_1,candidate_2,candidate_3,3,0.03
1736,candidate_1,candidate_2,candidate_3,3,0.03
1737,candidate_1,candidate_2,candidate_3,3,0.03
1738,candidate_1,candidate_2,candidate_3,3,0.03
1739,candidate_1,candidate_2,candidate_3,3,0.03
1740,candidate_1,candidate_2,candidate_3,3,0.03
1741,candidate_1,candidate_2,candidate_3,3,0.03
1742,candidate_1,candidate_2,candidate_3,3,0.03
1743,candidate_1,candidate_2,candidate_3,3,0.03
1744,candidate_1,0,candidate_3,3,0.03
1745,candidate_1,candidate_2,candidate_3,3,0.03
1746,candidate_1,candidate_2,candidate_3,3,0.03
1747,candidate_1,candidate_2,candidate_3,3,0.03
1748,candidate_1,candidate_2,candidate_3,3,0.03
1749,candidate_1,candidate_2,candidate_3,3,0.03
1750,candidate_1,candidate_2,candidate_3,3,0.03
1751,candidate_1,candidate_2,candidate_3,3,0.03
1752,candidate_1,candidate_2,candidate_3,3,0.03
1753,candidate_1,candidate_2,candidate_3,3,0.03
1754,candidate_1,candidate_2,candidate_3,3,0.03
1755,candidate_1,candidate_2,candidate_3,3,0.03
1756,candidate_1,candidate_2,candidate_3,3,0.03
1757,candidate_1,candidate_2,0,3,0.03
1758,candidate_1,candidate_2,candidate_3,3,0.03
1759,candidate_1,candidate_2,candidate_3,3,0.03
1760,candidate_1,candidate_2,candidate_3,3,0.03
1761,candidate_1,candidate_2,candidate_3,3,0.03
1762,candidate_1,candidate_2,candidate_3,3,0.03
1763,candidate_1,candidate_2,candidate_3,3,0.03
1764,candidate_1,candidate_2,candidate_3,3,0.03
1765,candidate_1,candidate_2,candidate_3,3,0.03
1766,candidate_1,candidate_2,candidate_3,3,0.03
1767,candidate_1,candidate_2,candidate_3,3,0.03
1768,candidate_1,candidate_2,candidate_3,3,0.03
1769,candidate_1,candidate_2,candidate_3,3,0.03
1770,candidate_1,candidate_2,candidate_3,3,0.03
1771,candidate_1,candidate_2,candidate_3,3,0.03
1772,candidate_1,candidate_2,candidate_3,3,0.03
1773,candidate_1,candidate_2,candidate_3,3,0.03
1774,candidate_1,candidate_2,candidate_3,3,0.03
1775,candidate_1,candidate_2,candidate_3,3,0.03
1776,candidate_1,candidate_2,candidate_3,3,0.03
1777,candidate_1,candidate_2,candidate_3,3,0.03
1778,candidate_1,candidate_2,candidate_3,3,0.03
1779,candidate_1,candidate_2,candidate_3,3,0.03
1780,candidate_1,candidate_2,candidate_3,3,0.03
1781,candidate_1,candidate_2,candidate_3,3,0.03
1782,candidate_1,candidate_2,candidate_3,3,0.03
1783,candidate_1,candidate_2,candidate_3,3,0.03
1784,candidate_1,candidate_2,candidate_3,3,0.03
1785,candidate_1,candidate_2,candidate_3,3,0.03
1786,candidate_1,candidate_2,candidate_3,3,0.03
1787,candidate_1,candidate_2,candidate_3,3,0.03
1788,candidate_1,candidate_2,candidate_3,3,0.03
1789,candidate_1,candidate_2,candidate_3,3,0.03
1790,candidate_1,candidate_2,candidate_3,3,0.03
1791,candidate_1,candidate_2,candidate_3,3,0.03
1792,candidate_1,candidate_2,candidate_3,3,0.03
1793,candidate_1,candidate_2,candidate_3,3,0.03
1794,candidate_1,candidate_2,candidate_3,3,0.03
1795,candidate_1,candidate_2,candidate_3,3,0.03
1796,candidate_1,candidate_2,candidate_3,3,0.03
1797,candidate_1,candidate_2,candidate_3,3,0.03
1798,candidate_1,candidate_2,candidate_3,3,0.03
1799,candidate_1,candidate_2,candidate_3,3,0.03
1800,candidate_1,candidate_2,candidate_3,3,0.03
1801,candidate_1,candidate_2,candidate_3,3,0.03
1802,candidate_1,candidate_2,candidate_3,3,0.03
1803,candidate_1,candidate_2,candidate_3,3,0.03
1804,candidate_1,candidate_2,candidate_3,3,0.03
1805,candidate_1,candidate_2,candidate_3,3,0.03
1806,candidate_1,candidate_2,candidate_3,3,0.03
1807,candidate_1,candidate_2,candidate_3,3,0.03
1808,candidate_1,candidate_2,candidate_3,3,0.03
1809,candidate_1,candidate_2,candidate_3,3,0.03
1810,candidate_1,candidate_2,candidate_3,3,0.03
1811,candidate_1,candidate_2,candidate_3,3,0.03
1812,candidate_1,0,candidate_3,3,0.03
1813,candidate_1,candidate_2,candidate_3,3,0.03
1814,candidate_1,candidate_2,candidate_3,3,0.03
1815,candidate_1,candidate_2,candidate_3,3,0.03
1816,candidate_1,candidate_2,candidate_3,3,0.03
1817,candidate_1,candidate_2,candidate_3,3,0.03
1818,candidate_1,candidate_2,candidate_3,3,0.03
1819,candidate_1,candidate_2,candidate_3,3,0.03
1820,candidate_1,candidate_2,candidate_3,3,0.03
1821,candidate_1,candidate_2,candidate_3,3,0.03
1822,candidate_1,candidate_2,candidate_3,3,0.03
1823,candidate_1,candidate_2,candidate_3,3,0.03
1824,candidate_1,candidate_2,candidate_3,3,0.03
1825,candidate_1,candidate_2,candidate_3,3,0.03
1826,candidate_1,candidate_2,candidate_3,3,0.03
1827,candidate_1,candidate_2,candidate_3,3,0.03
1828,candidate_1,candidate_2,candidate_3,3,0.03
1829,candidate_1,candidate_2,candidate_3,3,0.03
1830,candidate_1,candidate_2,candidate_3,3,0.03
1831,candidate_1,candidate_2,candidate_3,3,0.03
1832,candidate_1,candidate_2,candidate_3,3,0.03
1833,candidate_1,candidate_2,candidate_3,3,0.03
1834,candidate_1,candidate_2,candidate_3,3,0.03
1835,candidate_1,candidate_2,candidate_3,3,0.03
1836,candidate_1,candidate_2,candidate_3,3,0.03
1837,candidate_1,candidate_2,candidate_3,3,0.03
1838,candidate_1,candidate_2,candidate_3,3,0.03
1839,0,candidate_2,candidate_3,3,0.03
1840,candidate_1,candidate_2,candidate_3,3,0.03
1841,candidate_1,candidate_2,candidate_3,3,0.03
1842,candidate_1,candidate_2,candidate_3,3,0.03
1843,candidate_1,candidate_2,candidate_3,3,0.03
1844,candidate_1,candidate_2,candidate_3,3,0.03
1845,0,candidate_2,candidate_3,3,0.03
1846,candidate_1,candidate_2,candidate_3,3,0.03
1847,candidate_1,candidate_2,candidate_3,3,0.03
1848,candidate_1,candidate_2,candidate_3,3,0.03
1849,candidate_1,candidate_2,candidate_3,3,0.03
1850,candidate_1,candidate_2,candidate_3,3,0.03
1851,candidate_1,candidate_2,candidate_3,3,0.03
1852,candidate_1,candidate_2,candidate_3,3,0.03
1853,candidate_1,candidate_2,candidate_3,3,0.03
1854,candidate_1,candidate_2,candidate_3,3,0.03
1855,candidate_1,candidate_2,candidate_3,3,0.03
1856,candidate_1,candidate_2,candidate_3,3,0.03
1857,candidate_1,candidate_2,candidate_3,3,0.03
1858,candidate_1,candidate_2,candidate_3,3,0.03
1859,candidate_1,candidate_2,candidate_3,3,0.03
1860,0,candidate_2,candidate_3,3,0.03
1861,candidate_1,candidate_2,candidate_3,3,0.03
1862,candidate_1,0,candidate_3,3,0.03
1863,candidate_1,candidate_2,candidate_3,3,0.03
1864,candidate_1,candidate_2,candidate_3,3,0.03
1865,0,candidate_2,candidate_3,3,0.03
1866,candidate_1,candidate_2,candidate_3,3,0.03
1867,candidate_1,candidate_2,candidate_3,3,0.03
1868,candidate_1,candidate_2,candidate_3,3,0.03
1869,candidate_1,candidate_2,candidate_3,3,0.03
1870,candidate_1,candidate_2,candidate_3,3,0.03
1871,candidate_1,candidate_2,0,3,0.03
1872,candidate_1,candidate_2,0,3,0.03
1873,candidate_1,candidate_2,candidate_3,3,0.03
1874,candidate_1,candidate_2,candidate_3,3,0.03
1875,candidate_1,candidate_2,candidate_3,3,0.03
1876,candidate_1,candidate_2,candidate_3,3,0.03
1877,candidate_1,candidate_2,candidate_3,3,0.03
1878,candidate_1,0,candidate_3,3,0.03
1879,candidate_1,candidate_2,0,3,0.03
1880,candidate_1,candidate_2,candidate_3,3,0.03
1881,candidate_1,candidate_2,candidate_3,3,0.03
1882,0,candidate_2,candidate_3,3,0.03
1883,candidate_1,candidate_2,candidate_3,3,0.03
1884,candidate_1,candidate_2,candidate_3,3,0.03
1885,candidate_1,candidate_2,candidate_3,3,0.03
1886,candidate_1,0,candidate_3,3,0.03
1887,candidate_1,candidate_2,candidate_3,3,0.03
1888,candidate_1,candidate_2,candidate_3,3,0.03
1889,candidate_1,candidate_2,candidate_3,3,0.03
1890,candidate_1,candidate_2,candidate_3,3,0.03
1891,candidate_1,candidate_2,candidate_3,3,0.03
1892,candidate_1,0,candidate_3,3,0.03
1893,candidate_1,candidate_2,candidate_3,3,0.03
1894,0,candidate_2,candidate_3,3,0.03
1895,candidate_1,candidate_2,candidate_3,3,0.03
1896,candidate_1,candidate_2,candidate_3,3,0.03
1897,candidate_1,candidate_2,candidate_3,3,0.03
1898,candidate_1,candidate_2,candidate_3,3,0.03
1899,candidate_1,candidate_2,candidate_3,3,0.03
1900,candidate_1,candidate_2,candidate_3,3,0.03
1901,candidate_1,candidate_2,candidate_3,3,0.03
1902,candidate_1,candidate_2,candidate_3,3,0.03
1903,candidate_1,candidate_2,candidate_3,3,0.03
1904,candidate_1,candidate_2,candidate_3,3,0.03
1905,candidate_1,candidate_2,candidate_3,3,0.03
1906,candidate_1,candidate_2,0,3,0.03
1907,candidate_1,candidate_2,candidate_3,3,0.03
1908,candidate_1,candidate_2,candidate_3,3,0.03
1909,candidate_1,candidate_2,candidate_3,3,0.03
1910,candidate_1,candidate_2,0,3,0.03
1911,candidate_1,candidate_2,candidate_3,3,0.03
1912,candidate_1,0,candidate_3,3,0.03
1913,candidate_1,candidate_2,candidate_3,3,0.03
1914,candidate_1,candidate_2,candidate_3,3,0.03
1915,candidate_1,candidate_2,candidate_3,3,0.03
1916,candidate_1,candidate_2,candidate_3,3,0.03
1917,candidate_1,candidate_2,candidate_3,3,0.03
1918,candidate_1,candidate_2,candidate_3,3,0.03
1919,0,candidate_2,candidate_3,3,0.03
1920,candidate_1,candidate_2,candidate_3,3,0.03
1921,candidate_1,candidate_2,candidate_3,3,0.03
1922,candidate_1,candidate_2,candidate_3,3,0.03
1923,candidate_1,candidate_2,candidate_3,3,0.03
1924,candidate_1,candidate_2,0,3,0.03
1925,candidate_1,candidate_2,candidate_3,3,0.03
1926,candidate_1,candidate_2,candidate_3,3,0.03
1927,candidate_1,candidate_2,candidate_3,3,0.03
1928,candidate_1,candidate_2,candidate_3,3,0.03
1929,candidate_1,candidate_2,candidate_3,3,0.03
1930,candidate_1,candidate_2,candidate_3,3,0.03
1931,candidate_1,candidate_2,candidate_3,3,0.03
1932,candidate_1,candidate_2,candidate_3,3,0.03
1933,candidate_1,candidate_2,candidate_3,3,0.03
1934,candidate_1,candidate_2,candidate_3,3,0.03
1935,candidate_1,candidate_2,0,3,0.03
1936,candidate_1,candidate_2,candidate_3,3,0.03
1937,candidate_1,candidate_2,candidate_3,3,0.03
1938,candidate_1,candidate_2,candidate_3,3,0.03
1939,candidate_1,candidate_2,candidate_3,3,0.03
1940,candidate_1,candidate_2,candidate_3,3,0.03
1941,candidate_1,candidate_2,candidate_3,3,0.03
1942,candidate_1,candidate_2,candidate_3,3,0.03
1943,candidate_1,candidate_2,0,3,0.03
1944,candidate_1,candidate_2,candidate_3,3,0.03
1945,candidate_1,candidate_2,candidate_3,3,0.03
1946,candidate_1,candidate_2,candidate_3,3,0.03
1947,candidate_1,candidate_2,candidate_3,3,0.03
1948,candidate_1,candidate_2,candidate_3,3,0.03
1949,candidate_1,candidate_2,candidate_3,3,0.03
1950,candidate_1,candidate_2,candidate_3,3,0.03
1951,candidate_1,0,candidate_3,3,0.03
1952,candidate_1,candidate_2,0,3,0.03
1953,candidate_1,candidate_2,candidate_3,3,0.03
1954,candidate_1,candidate_2,candidate_3,3,0.03
1955,candidate_1,candidate_2,candidate_3,3,0.03
1956,candidate_1,candidate_2,candidate_3,3,0.03
1957,candidate_1,candidate_2,candidate_3,3,0.03
1958,candidate_1,candidate_2,candidate_3,3,0.03
1959,candidate_1,candidate_2,candidate_3,3,0.03
1960,0,candidate_2,candidate_3,3,0.03
1961,candidate_1,candidate_2,candidate_3,3,0.03
1962,candidate_1,candidate_2,candidate_3,3,0.03
1963,candidate_1,candidate_2,candidate_3,3,0.03
1964,candidate_1,candidate_2,candidate_3,3,0.03
1965,candidate_1,candidate_2,candidate_3,3,0.03
1966,candidate_1,candidate_2,candidate_3,3,0.03
1967,candidate_1,candidate_2,candidate_3,3,0.03
1968,candidate_1,0,candidate_3,3,0.03
1969,candidate_1,candidate_2,candidate_3,3,0.03
1970,candidate_1,candidate_2,candidate_3,3,0.03
1971,candidate_1,candidate_2,candidate_3,3,0.03
1972,candidate_1,candidate_2,candidate_3,3,0.03
1973,candidate_1,candidate_2,candidate_3,3,0.03
1974,candidate_1,candidate_2,candidate_3,3,0.03
1975,candidate_1,candidate_2,candidate_3,3,0.03
1976,candidate_1,candidate_2,candidate_3,3,0.03
1977,candidate_1,candidate_2,candidate_3,3,0.03
1978,candidate_1,candidate_2,candidate_3,3,0.03
1979,candidate_1,candidate_2,candidate_3,3,0.03
1980,candidate_1,candidate_2,candidate_3,3,0.03
1981,candidate_1,candidate_2,candidate_3,3,0.03
1982,candidate_1,candidate_2,candidate_3,3,0.03
1983,candidate_1,candidate_2,candidate_3,3,0.03
1984,candidate_1,candidate_2,candidate_3,3,0.03
1985,candidate_1,candidate_2,candidate_3,3,0.03
1986,candidate_1,candidate_2,candidate_3,3,0.03
1987,candidate_1,candidate_2,candidate_3,3,0.03
1988,candidate_1,candidate_2,0,3,0.03
1989,candidate_1,candidate_2,candidate_3,3,0.03
1990,0,candidate_2,candidate_3,3,0.03
1991,candidate_1,candidate_2,candidate_3,3,0.03
1992,candidate_1,candidate_2,candidate_3,3,0.03
1993,candidate_1,candidate_2,candidate_3,3,0.03
1994,candidate_1,candidate_2,candidate_3,3,0.03
1995,candidate_1,candidate_2,candidate_3,3,0.03
1996,candidate_1,candidate_2,candidate_3,3,0.03
1997,candidate_1,candidate_2,candidate_3,3,0.03
1998,candidate_1,candidate_2,candidate_3,3,0.03
1999,candidate_1,candidate_2,candidate_3,3,0.03
2000,candidate_1,candidate_2,candidate_3,3,0.03
2001,candidate_1,candidate_2,candidate_3,3,0.03
2002,candidate_1,candidate_2,candidate_3,3,0.03
2003,candidate_1,candidate_2,candidate_3,3,0.03
2004,candidate_1,candidate_2,0,3,0.03
2005,candidate_1,candidate_2,candidate_3,3,0.03
2006,candidate_1,0,candidate_3,3,0.03
2007,candidate_1,candidate_2,candidate_3,3,0.03
2008,candidate_1,candidate_2,candidate_3,3,0.03
2009,candidate_1,candidate_2,candidate_3,3,0.03
2010,candidate_1,candidate_2,candidate_3,3,0.03
2011,candidate_1,candidate_2,candidate_3,3,0.03
2012,candidate_1,candidate_2,candidate_3,3,0.03
2013,candidate_1,candidate_2,candidate_3,3,0.03
2014,candidate_1,candidate_2,candidate_3,3,0.03
2015,candidate_1,candidate_2,candidate_3,3,0.03
2016,candidate_1,candidate_2,0,3,0.03
2017,candidate_1,candidate_2,candidate_3,3,0.03
2018,candidate_1,candidate_2,candidate_3,3,0.03
2019,candidate_1,candidate_2,0,3,0.03
2020,candidate_1,candidate_2,candidate_3,3,0.03
2021,candidate_1,candidate_2,candidate_3,3,0.03
2022,candidate_1,candidate_2,candidate_3,3,0.03
2023,0,candidate_2,candidate_3,3,0.03
2024,candidate_1,candidate_2,candidate_3,3,0.03
2025,candidate_1,candidate_2,candidate_3,3,0.03
2026,candidate_1,candidate_2,0,3,0.03
2027,candidate_1,candidate_2,candidate_3,3,0.03
2028,candidate_1,candidate_2,candidate_3,3,0.03
2029,candidate_1,candidate_2,candidate_3,3,0.03
2030,candidate_1,candidate_2,candidate_3,3,0.03
2031,candidate_1,candidate_2,candidate_3,3,0.03
2032,candidate_1,candidate_2,candidate_3,3,0.03
2033,candidate_1,candidate_2,candidate_3,3,0.03
2034,candidate_1,0,candidate_3,3,0.03
2035,candidate_1,candidate_2,candidate_3,3,0.03
2036,candidate_1,candidate_2,candidate_3,3,0.03
2037,candidate_1,candidate_2,candidate_3,3,0.03
2038,candidate_1,candidate_2,candidate_3,3,0.03
2039,candidate_1,candidate_2,candidate_3,3,0.03
2040,candidate_1,candidate_2,candidate_3,3,0.03
2041,candidate_1,candidate_2,candidate_3,3,0.03
2042,candidate_1,candidate_2,candidate_3,3,0.03
2043,candidate_1,candidate_2,candidate_3,3,0.03
2044,0,candidate_2,candidate_3,3,0.03
2045,candidate_1,candidate_2,candidate_3,3,0.03
2046,candidate_1,candidate_2,candidate_3,3,0.03
2047,0,candidate_2,candidate_3,3,0.03
2048,candidate_1,candidate_2,candidate_3,3,0.03
2049,candidate_1,candidate_2,candidate_3,3,0.03
2050,candidate_1,candidate_2,candidate_3,3,0.03
2051,candidate_1,candidate_2,candidate_3,3,0.03
2052,candidate_1,0,candidate_3,3,0.03
2053,0,candidate_2,candidate_3,3,0.03
2054,candidate_1,candidate_2,candidate_3,3,0.03
2055,candidate_1,candidate_2,candidate_3,3,0.03
2056,candidate_1,candidate_2,candidate_3,3,0.03
2057,candidate_1,candidate_2,candidate_3,3,0.03
2058,candidate_1,candidate_2,candidate_3,3,0.03
2059,candidate_1,candidate_2,candidate_3,3,0.03
2060,candidate_1,candidate_2,candidate_3,3,0.03
2061,candidate_1,candidate_2,candidate_3,3,0.03
2062,candidate_1,0,candidate_3,3,0.03
2063,candidate_1,candidate_2,0,3,0.03
2064,candidate_1,candidate_2,candidate_3,3,0.03
2065,candidate_1,candidate_2,candidate_3,3,0.03
2066,candidate_1,candidate_2,candidate_3,3,0.03
2067,candidate_1,candidate_2,candidate_3,3,0.03
2068,candidate_1,candidate_2,candidate_3,3,0.03
2069,candidate_1,candidate_2,candidate_3,3,0.03
2070,candidate_1,candidate_2,candidate_3,3,0.03
2071,candidate_1,candidate_2,candidate_3,3,0.03
2072,candidate_1,candidate_2,candidate_3,3,0.03
2073,candidate_1,candidate_2,candidate_3,3,0.03
2074,candidate_1,candidate_2,candidate_3,3,0.03
2075,candidate_1,candidate_2,candidate_3,3,0.03
2076,candidate_1,candidate_2,candidate_3,3,0.03
2077,candidate_1,candidate_2,candidate_3,3,0.03
2078,candidate_1,candidate_2,candidate_3,3,0.03
2079,candidate_1,candidate_2,candidate_3,3,0.03
2080,candidate_1,candidate_2,0,3,0.03
2081,candidate_1,candidate_2,candidate_3,3,0.03
2082,candidate_1,candidate_2,candidate_3,3,0.03
2083,candidate_1,candidate_2,candidate_3,3,0.03
2084,candidate_1,candidate_2,candidate_3,3,0.03
2085,candidate_1,candidate_2,candidate_3,3,0.03
2086,candidate_1,candidate_2,candidate_3,3,0.03
2087,candidate_1,candidate_2,candidate_3,3,0.03
2088,candidate_1,0,candidate_3,3,0.03
2089,candidate_1,candidate_2,candidate_3,3,0.03
2090,candidate_1,candidate_2,candidate_3,3,0.03
2091,candidate_1,candidate_2,candidate_3,3,0.03
2092,candidate_1,candidate_2,candidate_3,3,0.03
2093,candidate_1,candidate_2,candidate_3,3,0.03
2094,candidate_1,candidate_2,candidate_3,3,0.03
2095,candidate_1,candidate_2,candidate_3,3,0.03
2096,candidate_1,candidate_2,candidate_3,3,0.03
2097,candidate_1,candidate_2,candidate_3,3,0.03
2098,candidate_1,candidate_2,candidate_3,3,0.03
2099,candidate_1,0,candidate_3,3,0.03
2100,0,candidate_2,candidate_3,3,0.03
2101,candidate_1,candidate_2,candidate_3,3,0.03
2102,candidate_1,candidate_2,candidate_3,3,0.03
2103,candidate_1,candidate_2,0,3,0.03
2104,candidate_1,candidate_2,candidate_3,3,0.03
2105,candidate_1,candidate_2,candidate_3,3,0.03
2106,candidate_1,candidate_2,candidate_3,3,0.03
2107,candidate_1,candidate_2,candidate_3,3,0.03
2108,candidate_1,candidate_2,candidate_3,3,0.03
2109,candidate_1,candidate_2,candidate_3,3,0.03
2110,candidate_1,candidate_2,candidate_3,3,0.03
2111,candidate_1,candidate_2,candidate_3,3,0.03
2112,candidate_1,candidate_2,candidate_3,3,0.03
2113,candidate_1,candidate_2,candidate_3,3,0.03
2114,candidate_1,candidate_2,0,3,0.03
2115,candidate_1,candidate_2,candidate_3,3,0.03
2116,candidate_1,candidate_2,candidate_3,3,0.03
2117,candidate_1,candidate_2,0,3,0.03
2118,candidate_1,candidate_2,candidate_3,3,0.03
2119,candidate_1,candidate_2,candidate_3,3,0.03
2120,candidate_1,candidate_2,candidate_3,3,0.03
2121,candidate_1,candidate_2,candidate_3,3,0.03
2122,candidate_1,candidate_2,candidate_3,3,0.03
2123,candidate_1,candidate_2,candidate_3,3,0.03
2124,candidate_1,candidate_2,candidate_3,3,0.03
2125,candidate_1,candidate_2,candidate_3,3,0.03
2126,candidate_1,candidate_2,candidate_3,3,0.03
2127,candidate_1,candidate_2,candidate_3,3,0.03
2128,candidate_1,candidate_2,candidate_3,3,0.03
2129,candidate_1,candidate_2,candidate_3,3,0.03
2130,candidate_1,candidate_2,candidate_3,3,0.03
2131,candidate_1,candidate_2,candidate_3,3,0.03
2132,candidate_1,candidate_2,candidate_3,3,0.03
2133,candidate_1,candidate_2,candidate_3,3,0.03
2134,candidate_1,candidate_2,0,3,0.03
2135,candidate_1,candidate_2,candidate_3,3,0.03
2136,candidate_1,candidate_2,0,3,0.03
2137,candidate_1,candidate_2,candidate_3,3,0.03
2138,candidate_1,candidate_2,candidate_3,3,0.03
2139,candidate_1,candidate_2,0,3,0.03
2140,candidate_1,candidate_2,candidate_3,3,0.03
2141,candidate_1,candidate_2,candidate_3,3,0.03
2142,candidate_1,candidate_2,candidate_3,3,0.03
2143,candidate_1,candidate_2,candidate_3,3,0.03
2144,candidate_1,candidate_2,candidate_3,3,0.03
2145,candidate_1,candidate_2,candidate_3,3,0.03
2146,candidate_1,0,candidate_3,3,0.03
2147,candidate_1,candidate_2,candidate_3,3,0.03
2148,candidate_1,candidate_2,candidate_3,3,0.03
2149,candidate_1,candidate_2,candidate_3,3,0.03
2150,candidate_1,candidate_2,candidate_3,3,0.03
2151,candidate_1,candidate_2,candidate_3,3,0.03
2152,candidate_1,candidate_2,candidate_3,3,0.03
2153,candidate_1,candidate_2,candidate_3,3,0.03
2154,candidate_1,candidate_2,0,3,0.03
2155,candidate_1,candidate_2,candidate_3,3,0.03
2156,candidate_1,candidate_2,candidate_3,3,0.03
2157,candidate_1,candidate_2,candidate_3,3,0.03
2158,candidate_1,candidate_2,candidate_3,3,0.03
2159,candidate_1,candidate_2,0,3,0.03
2160,candidate_1,candidate_2,candidate_3,3,0.03
2161,candidate_1,candidate_2,candidate_3,3,0.03
2162,candidate_1,candidate_2,candidate_3,3,0.03
2163,candidate_1,candidate_2,candidate_3,3,0.03
2164,candidate_1,candidate_2,candidate_3,3,0.03
2165,candidate_1,candidate_2,candidate_3,3,0.03
2166,candidate_1,candidate_2,0,3,0.03
2167,candidate_1,candidate_2,candidate_3,3,0.03
2168,candidate_1,candidate_2,candidate_3,3,0.03
2169,candidate_1,candidate_2,candidate_3,3,0.03
2170,candidate_1,candidate_2,candidate_3,3,0.03
2171,0,candidate_2,candidate_3,3,0.03
2172,candidate_1,candidate_2,candidate_3,3,0.03
2173,candidate_1,0,candidate_3,3,0.03
2174,candidate_1,candidate_2,candidate_3,3,0.03
2175,candidate_1,candidate_2,candidate_3,3,0.03
2176,candidate_1,candidate_2,candidate_3,3,0.03
2177,candidate_1,candidate_2,candidate_3,3,0.03
2178,candidate_1,candidate_2,candidate_3,3,0.03
2179,candidate_1,candidate_2,candidate_3,3,0.03
2180,candidate_1,candidate_2,candidate_3,3,0.03
2181,candidate_1,candidate_2,candidate_3,3,0.03
2182,candidate_1,candidate_2,candidate_3,3,0.03
2183,candidate_1,candidate_2,candidate_3,3,0.03
2184,candidate_1,candidate_2,candidate_3,3,0.03
2185,candidate_1,candidate_2,candidate_3,3,0.03
2186,candidate_1,candidate_2,candidate_3,3,0.03
2187,candidate_1,candidate_2,candidate_3,3,0.03
2188,candidate_1,candidate_2,candidate_3,3,0.03
2189,candidate_1,candidate_2,candidate_3,3,0.03
2190,candidate_1,candidate_2,candidate_3,3,0.03
2191,candidate_1,candidate_2,candidate_3,3,0.03
2192,candidate_1,candidate_2,candidate_3,3,0.03
2193,candidate_1,candidate_2,candidate_3,3,0.03
2194,candidate_1,candidate_2,candidate_3,3,0.03
2195,candidate_1,candidate_2,candidate_3,3,0.03
2196,candidate_1,candidate_2,candidate_3,3,0.03
2197,candidate_1,candidate_2,candidate_3,3,0.03
2198,candidate_1,candidate_2,candidate_3,3,0.03
2199,candidate_1,candidate_2,candidate_3,3,0.03
2200,candidate_1,candidate_2,candidate_3,3,0.03
2201,candidate_1,candidate_2,candidate_3,3,0.03
2202,candidate_1,candidate_2,candidate_3,3,0.03
2203,candidate_1,candidate_2,candidate_3,3,0.03
2204,candidate_1,candidate_2,candidate_3,3,0.03
2205,candidate_1,candidate_2,candidate_3,3,0.03
2206,candidate_1,candidate_2,candidate_3,3,0.03
2207,0,candidate_2,candidate_3,3,0.03
2208,candidate_1,candidate_2,candidate_3,3,0.03
2209,candidate_1,candidate_2,candidate_3,3,0.03
2210,candidate_1,candidate_2,candidate_3,3,0.03
2211,candidate_1,candidate_2,candidate_3,3,0.03
2212,candidate_1,candidate_2,candidate_3,3,0.03
2213,candidate_1,candidate_2,candidate_3,3,0.03
2214,candidate_1,candidate_2,candidate_3,3,0.03
2215,candidate_1,candidate_2,candidate_3,3,0.03
2216,candidate_1,candidate_2,candidate_3,3,0.03
2217,candidate_1,candidate_2,candidate_3,3,0.03
2218,candidate_1,candidate_2,candidate_3,3,0.03
2219,candidate_1,candidate_2,candidate_3,3,0.03
2220,candidate_1,candidate_2,candidate_3,3,0.03
2221,candidate_1,candidate_2,candidate_3,3,0.03
2222,candidate_1,candidate_2,candidate_3,3,0.03
2223,candidate_1,candidate_2,candidate_3,3,0.03
2224,candidate_1,candidate_2,candidate_3,3,0.03
2225,candidate_1,candidate_2,candidate_3,3,0.03
2226,candidate_1,candidate_2,candidate_3,3,0.03
2227,candidate_1,candidate_2,candidate_3,3,0.03
2228,candidate_1,candidate_2,candidate_3,3,0.03
2229,candidate_1,candidate_2,candidate_3,3,0.03
2230,candidate_1,candidate_2,candidate_3,3,0.03
2231,candidate_1,0,candidate_3,3,0.03
2232,candidate_1,candidate_2,candidate_3,3,0.03
2233,candidate_1,candidate_2,candidate_3,3,0.03
2234,candidate_1,0,candidate_3,3,0.03
2235,candidate_1,candidate_2,candidate_3,3,0.03
2236,candidate_1,candidate_2,candidate_3,3,0.03
2237,candidate_1,candidate_2,candidate_3,3,0.03
2238,candidate_1,candidate_2,candidate_3,3,0.03
2239,candidate_1,candidate_2,candidate_3,3,0.03
2240,candidate_1,candidate_2,candidate_3,3,0.03
2241,candidate_1,candidate_2,candidate_3,3,0.03
2242,candidate_1,candidate_2,candidate_3,3,0.03
2243,candidate_1,candidate_2,candidate_3,3,0.03
2244,0,candidate_2,candidate_3,3,0.03
2245,candidate_1,candidate_2,candidate_3,3,0.03
2246,candidate_1,candidate_2,candidate_3,3,0.03
2247,candidate_1,candidate_2,candidate_3,3,0.03
2248,candidate_1,candidate_2,candidate_3,3,0.03
2249,candidate_1,candidate_2,candidate_3,3,0.03
2250,candidate_1,candidate_2,candidate_3,3,0.03
2251,candidate_1,candidate_2,candidate_3,3,0.03
2252,candidate_1,candidate_2,candidate_3,3,0.03
2253,candidate_1,candidate_2,candidate_3,3,0.03
2254,candidate_1,candidate_2,candidate_3,3,0.03
2255,0,candidate_2,candidate_3,3,0.03
2256,candidate_1,candidate_2,candidate_3,3,0.03
2257,candidate_1,candidate_2,candidate_3,3,0.03
2258,candidate_1,candidate_2,candidate_3,3,0.03
2259,candidate_1,candidate_2,candidate_3,3,0.03
2260,candidate_1,candidate_2,candidate_3,3,0.03
2261,candidate_1,candidate_2,candidate_3,3,0.03
2262,candidate_1,candidate_2,candidate_3,3,0.03
2263,0,candidate_2,candidate_3,3,0.03
2264,candidate_1,candidate_2,candidate_3,3,0.03
2265,candidate_1,candidate_2,candidate_3,3,0.03
2266,candidate_1,candidate_2,candidate_3,3,0.03
2267,candidate_1,candidate_2,candidate_3,3,0.03
2268,candidate_1,candidate_2,candidate_3,3,0.03
2269,candidate_1,candidate_2,candidate_3,3,0.03
2270,candidate_1,candidate_2,candidate_3,3,0.03
2271,candidate_1,candidate_2,candidate_3,3,0.03
2272,candidate_1,candidate_2,candidate_3,3,0.03
2273,candidate_1,candidate_2,candidate_3,3,0.03
2274,candidate_1,candidate_2,candidate_3,3,0.03
2275,candidate_1,candidate_2,candidate_3,3,0.03
2276,candidate_1,candidate_2,candidate_3,3,0.03
2277,0,candidate_2,candidate_3,3,0.03
2278,candidate_1,candidate_2,candidate_3,3,0.03
2279,candidate_1,candidate_2,candidate_3,3,0.03
2280,candidate_1,candidate_2,candidate_3,3,0.03
2281,candidate_1,candidate_2,candidate_3,3,0.03
2282,candidate_1,candidate_2,candidate_3,3,0.03
2283,candidate_1,candidate_2,candidate_3,3,0.03
2284,candidate_1,0,candidate_3,3,0.03
2285,candidate_1,candidate_2,candidate_3,3,0.03
2286,candidate_1,candidate_2,candidate_3,3,0.03
2287,candidate_1,candidate_2,candidate_3,3,0.03
2288,candidate_1,candidate_2,candidate_3,3,0.03
2289,candidate_1,candidate_2,candidate_3,3,0.03
2290,candidate_1,candidate_2,candidate_3,3,0.03
2291,candidate_1,candidate_2,candidate_3,3,0.03
2292,candidate_1,candidate_2,candidate_3,3,0.03
2293,candidate_1,candidate_2,candidate_3,3,0.03
2294,candidate_1,candidate_2,candidate_3,3,0.03
2295,candidate_1,candidate_2,candidate_3,3,0.03
2296,candidate_1,candidate_2,candidate_3,3,0.03
2297,candidate_1,candidate_2,candidate_3,3,0.03
2298,candidate_1,candidate_2,candidate_3,3,0.03
2299,candidate_1,candidate_2,candidate_3,3,0.03
2300,candidate_1,candidate_2,candidate_3,3,0.03
2301,candidate_1,candidate_2,candidate_3,3,0.03
2302,candidate_1,candidate_2,candidate_3,3,0.03
2303,candidate_1,candidate_2,candidate_3,3,0.03
2304,candidate_1,candidate_2,candidate_3,3,0.03
2305,candidate_1,candidate_2,candidate_3,3,0.03
2306,candidate_1,candidate_2,candidate_3,3,0.03
2307,candidate_1,candidate_2,candidate_3,3,0.03
2308,candidate_1,candidate_2,candidate_3,3,0.03
2309,candidate_1,candidate_2,candidate_3,3,0.03
2310,candidate_1,candidate_2,candidate_3,3,0.03
2311,0,candidate_2,candidate_3,3,0.03
2312,candidate_1,candidate_2,candidate_3,3,0.03
2313,candidate_1,candidate_2,candidate_3,3,0.03
2314,candidate_1,candidate_2,candidate_3,3,0.03
2315,candidate_1,candidate_2,candidate_3,3,0.03
2316,candidate_1,candidate_2,candidate_3,3,0.03
2317,candidate_1,candidate_2,candidate_3,3,0.03
2318,candidate_1,candidate_2,candidate_3,3,0.03
2319,candidate_1,candidate_2,candidate_3,3,0.03
2320,candidate_1,candidate_2,candidate_3,3,0.03
2321,candidate_1,candidate_2,candidate_3,3,0.03
2322,candidate_1,candidate_2,candidate_3,3,0.03
2323,candidate_1,candidate_2,candidate_3,3,0.03
2324,candidate_1,candidate_2,candidate_3,3,0.03
2325,candidate_1,candidate_2,candidate_3,3,0.03
2326,candidate_1,candidate_2,candidate_3,3,0.03
2327,candidate_1,candidate_2,candidate_3,3,0.03
2328,candidate_1,candidate_2,candidate_3,3,0.03
2329,candidate_1,candidate_2,candidate_3,3,0.03
2330,candidate_1,candidate_2,candidate_3,3,0.03
2331,candidate_1,candidate_2,candidate_3,3,0.03
2332,candidate_1,candidate_2,candidate_3,3,0.03
2333,candidate_1,candidate_2,candidate_3,3,0.03
2334,candidate_1,candidate_2,candidate_3,3,0.03
2335,candidate_1,candidate_2,candidate_3,3,0.03
2336,candidate_1,candidate_2,candidate_3,3,0.03
2337,candidate_1,candidate_2,candidate_3,3,0.03
2338,candidate_1,candidate_2,candidate_3,3,0.03
2339,candidate_1,candidate_2,candidate_3,3,0.03
2340,candidate_1,candidate_2,candidate_3,3,0.03
2341,candidate_1,0,candidate_3,3,0.03
2342,candidate_1,candidate_2,candidate_3,3,0.03
2343,candidate_1,0,candidate_3,3,0.03
2344,candidate_1,0,candidate_3,3,0.03
2345,candidate_1,candidate_2,0,3,0.03
2346,candidate_1,0,candidate_3,3,0.03
2347,candidate_1,candidate_2,candidate_3,3,0.03
2348,candidate_1,candidate_2,candidate_3,3,0.03
2349,candidate_1,candidate_2,candidate_3,3,0.03
2350,candidate_1,0,candidate_3,3,0.03
2351,candidate_1,candidate_2,candidate_3,3,0.03
2352,candidate_1,candidate_2,candidate_3,3,0.03
2353,candidate_1,candidate_2,candidate_3,3,0.03
2354,candidate_1,candidate_2,candidate_3,3,0.03
2355,candidate_1,candidate_2,candidate_3,3,0.03
2356,candidate_1,candidate_2,candidate_3,3,0.03
2357,candidate_1,candidate_2,candidate_3,3,0.03
2358,candidate_1,candidate_2,candidate_3,3,0.03
2359,candidate_1,candidate_2,candidate_3,3,0.03
2360,candidate_1,candidate_2,candidate_3,3,0.03
2361,candidate_1,candidate_2,candidate_3,3,0.03
2362,candidate_1,candidate_2,candidate_3,3,0.03
2363,candidate_1,candidate_2,candidate_3,3,0.03
2364,candidate_1,0,candidate_3,3,0.03
2365,candidate_1,candidate_2,candidate_3,3,0.03
2366,candidate_1,candidate_2,candidate_3,3,0.03
2367,candidate_1,candidate_2,candidate_3,3,0.03
2368,candidate_1,candidate_2,candidate_3,3,0.03
2369,candidate_1,candidate_2,candidate_3,3,0.03
2370,candidate_1,candidate_2,candidate_3,3,0.03
2371,candidate_1,candidate_2,candidate_3,3,0.03
2372,candidate_1,candidate_2,candidate_3,3,0.03
2373,candidate_1,candidate_2,candidate_3,3,0.03
2374,candidate_1,candidate_2,candidate_3,3,0.03
2375,candidate_1,candidate_2,candidate_3,3,0.03
2376,candidate_1,candidate_2,candidate_3,3,0.03
2377,candidate_1,candidate_2,candidate_3,3,0.03
2378,candidate_1,candidate_2,candidate_3,3,0.03
2379,candidate_1,candidate_2,candidate_3,3,0.03
2380,candidate_1,candidate_2,candidate_3,3,0.03
2381,candidate_1,candidate_2,candidate_3,3,0.03
2382,candidate_1,candidate_2,candidate_3,3,0.03
2383,candidate_1,candidate_2,candidate_3,3,0.03
2384,candidate_1,candidate_2,candidate_3,3,0.03
2385,candidate_1,candidate_2,candidate_3,3,0.03
2386,candidate_1,candidate_2,candidate_3,3,0.03
2387,candidate_1,candidate_2,candidate_3,3,0.03
2388,candidate_1,candidate_2,candidate_3,3,0.03
2389,candidate_1,candidate_2,candidate_3,3,0.03
2390,candidate_1,candidate_2,candidate_3,3,0.03
0,candidate_1,candidate_3,candidate_2,3,0.03
1,candidate_1,candidate_3,candidate_2,3,0.03
2,candidate_1,candidate_3,candidate_2,3,0.03
3,candidate_1,candidate_3,candidate_2,3,0.03
4,candidate_1,candidate_3,candidate_2,3,0.03
5,candidate_1,candidate_3,candidate_2,3,0.03
6,candidate_1,candidate_3,candidate_2,3,0.03
7,candidate_1,candidate_3,candidate_2,3,0.03
8,candidate_1,candidate_3,candidate_2,3,0.03
9,candidate_1,candidate_3,candidate_2,3,0.03
10,candidate_1,candidate_3,candidate_2,3,0.03
11,candidate_1,candidate_3,candidate_2,3,0.03
12,candidate_1,candidate_3,candidate_2,3,0.03
13,candidate_1,candidate_3,candidate_2,3,0.03
14,candidate_1,candidate_3,candidate_2,3,0.03
15,candidate_1,candidate_3,candidate_2,3,0.03
16,candidate_1,candidate_3,candidate_2,3,0.03
17,candidate_1,candidate_3,candidate_2,3,0.03
18,candidate_1,candidate_3,candidate_2,3,0.03
19,candidate_1,candidate_3,candidate_2,3,0.03
20,candidate_1,candidate_3,candidate_2,3,0.03
21,candidate_1,candidate_3,candidate_2,3,0.03
22,candidate_1,candidate_3,candidate_2,3,0.03
23,candidate_1,candidate_3,candidate_2,3,0.03
24,candidate_1,candidate_3,candidate_2,3,0.03
25,candidate_1,candidate_3,candidate_2,3,0.03
26,candidate_1,candidate_3,candidate_2,3,0.03
27,candidate_1,candidate_3,candidate_2,3,0.03
28,candidate_1,candidate_3,candidate_2,3,0.03
29,candidate_1,candidate_3,candidate_2,3,0.03
30,candidate_1,candidate_3,candidate_2,3,0.03
31,candidate_1,candidate_3,candidate_2,3,0.03
32,candidate_1,candidate_3,candidate_2,3,0.03
33,candidate_1,candidate_3,candidate_2,3,0.03
34,candidate_1,candidate_3,candidate_2,3,0.03
35,0,candidate_3,candidate_2,3,0.03
36,candidate_1,candidate_3,candidate_2,3,0.03
37,candidate_1,candidate_3,candidate_2,3,0.03
38,candidate_1,candidate_3,candidate_2,3,0.03
39,candidate_1,candidate_3,candidate_2,3,0.03
40,candidate_1,candidate_3,candidate_2,3,0.03
41,candidate_1,candidate_3,candidate_2,3,0.03
42,candidate_1,candidate_3,candidate_2,3,0.03
43,candidate_1,candidate_3,0,3,0.03
44,candidate_1,candidate_3,candidate_2,3,0.03
45,candidate_1,candidate_3,candidate_2,3,0.03
46,candidate_1,candidate_3,candidate_2,3,0.03
47,candidate_1,candidate_3,candidate_2,3,0.03
48,candidate_1,candidate_3,candidate_2,3,0.03
49,candidate_1,candidate_3,candidate_2,3,0.03
50,candidate_1,candidate_3,candidate_2,3,0.03
51,candidate_1,candidate_3,candidate_2,3,0.03
52,candidate_1,candidate_3,candidate_2,3,0.03
53,candidate_1,candidate_3,candidate_2,3,0.03
54,candidate_1,candidate_3,candidate_2,3,0.03
55,candidate_1,candidate_3,candidate_2,3,0.03
56,candidate_1,candidate_3,candidate_2,3,0.03
57,candidate_1,candidate_3,candidate_2,3,0.03
58,candidate_1,candidate_3,candidate_2,3,0.03
59,candidate_1,candidate_3,candidate_2,3,0.03
60,candidate_1,candidate_3,candidate_2,3,0.03
61,candidate_1,candidate_3,candidate_2,3,0.03
62,candidate_1,candidate_3,candidate_2,3,0.03
63,candidate_1,candidate_3,candidate_2,3,0.03
64,candidate_1,candidate_3,candidate_2,3,0.03
65,candidate_1,candidate_3,candidate_2,3,0.03
66,candidate_1,candidate_3,candidate_2,3,0.03
67,candidate_1,candidate_3,candidate_2,3,0.03
68,candidate_1,candidate_3,candidate_2,3,0.03
69,candidate_1,candidate_3,candidate_2,3,0.03
70,candidate_1,candidate_3,candidate_2,3,0.03
71,candidate_1,candidate_3,candidate_2,3,0.03
72,candidate_1,candidate_3,candidate_2,3,0.03
73,candidate_1,candidate_3,candidate_2,3,0.03
74,candidate_1,candidate_3,candidate_2,3,0.03
75,candidate_1,candidate_3,candidate_2,3,0.03
76,candidate_1,candidate_3,candidate_2,3,0.03
77,candidate_1,candidate_3,candidate_2,3,0.03
78,candidate_1,0,candidate_2,3,0.03
79,candidate_1,candidate_3,candidate_2,3,0.03
80,0,candidate_3,candidate_2,3,0.03
81,candidate_1,candidate_3,candidate_2,3,0.03
82,candidate_1,candidate_3,candidate_2,3,0.03
83,candidate_1,candidate_3,candidate_2,3,0.03
84,candidate_1,candidate_3,candidate_2,3,0.03
85,candidate_1,candidate_3,candidate_2,3,0.03
86,candidate_1,candidate_3,candidate_2,3,0.03
87,candidate_1,candidate_3,candidate_2,3,0.03
88,candidate_1,candidate_3,candidate_2,3,0.03
89,candidate_1,candidate_3,candidate_2,3,0.03
90,candidate_1,candidate_3,candidate_2,3,0.03
91,candidate_1,candidate_3,candidate_2,3,0.03
92,0,candidate_3,candidate_2,3,0.03
93,candidate_1,candidate_3,candidate_2,3,0.03
94,candidate_1,candidate_3,candidate_2,3,0.03
95,candidate_1,candidate_3,candidate_2,3,0.03
96,candidate_1,candidate_3,candidate_2,3,0.03
97,candidate_1,candidate_3,candidate_2,3,0.03
98,candidate_1,candidate_3,candidate_2,3,0.03
99,candidate_1,candidate_3,candidate_2,3,0.03
100,candidate_1,candidate_3,candidate_2,3,0.03
101,candidate_1,candidate_3,candidate_2,3,0.03
102,0,candidate_3,candidate_2,3,0.03
103,candidate_1,candidate_3,candidate_2,3,0.03
104,candidate_1,candidate_3,candidate_2,3,0.03
105,candidate_1,candidate_3,candidate_2,3,0.03
106,candidate_1,candidate_3,candidate_2,3,0.03
107,candidate_1,candidate_3,candidate_2,3,0.03
108,candidate_1,candidate_3,candidate_2,3,0.03
109,candidate_1,candidate_3,candidate_2,3,0.03
110,candidate_1,candidate_3,candidate_2,3,0.03
111,candidate_1,candidate_3,candidate_2,3,0.03
112,candidate_1,candidate_3,candidate_2,3,0.03
113,candidate_1,candidate_3,candidate_2,3,0.03
114,candidate_1,candidate_3,candidate_2,3,0.03
115,candidate_1,candidate_3,candidate_2,3,0.03
116,candidate_1,candidate_3,candidate_2,3,0.03
117,candidate_1,candidate_3,candidate_2,3,0.03
118,candidate_1,candidate_3,candidate_2,3,0.03
119,candidate_1,candidate_3,candidate_2,3,0.03
120,0,candidate_3,candidate_2,3,0.03
121,candidate_1,candidate_3,candidate_2,3,0.03
122,candidate_1,candidate_3,candidate_2,3,0.03
123,candidate_1,candidate_3,candidate_2,3,0.03
124,candidate_1,candidate_3,candidate_2,3,0.03
125,candidate_1,candidate_3,candidate_2,3,0.03
126,candidate_1,candidate_3,candidate_2,3,0.03
127,candidate_1,candidate_3,candidate_2,3,0.03
128,candidate_1,candidate_3,candidate_2,3,0.03
129,candidate_1,candidate_3,candidate_2,3,0.03
130,candidate_1,candidate_3,candidate_2,3,0.03
131,candidate_1,candidate_3,candidate_2,3,0.03
132,candidate_1,candidate_3,candidate_2,3,0.03
133,candidate_1,candidate_3,candidate_2,3,0.03
134,candidate_1,0,candidate_2,3,0.03
135,candidate_1,candidate_3,candidate_2,3,0.03
136,candidate_1,candidate_3,candidate_2,3,0.03
137,candidate_1,0,candidate_2,3,0.03
138,candidate_1,candidate_3,candidate_2,3,0.03
139,candidate_1,candidate_3,candidate_2,3,0.03
140,candidate_1,candidate_3,candidate_2,3,0.03
141,candidate_1,candidate_3,candidate_2,3,0.03
142,candidate_1,candidate_3,candidate_2,3,0.03
143,candidate_1,candidate_3,candidate_2,3,0.03
144,candidate_1,candidate_3,candidate_2,3,0.03
145,candidate_1,candidate_3,candidate_2,3,0.03
146,candidate_1,candidate_3,candidate_2,3,0.03
147,candidate_1,candidate_3,candidate_2,3,0.03
148,candidate_1,candidate_3,candidate_2,3,0.03
149,candidate_1,candidate_3,candidate_2,3,0.03
150,candidate_1,candidate_3,candidate_2,3,0.03
151,candidate_1,candidate_3,candidate_2,3,0.03
152,candidate_1,candidate_3,candidate_2,3,0.03
153,candidate_1,candidate_3,candidate_2,3,0.03
154,candidate_1,candidate_3,candidate_2,3,0.03
155,candidate_1,candidate_3,candidate_2,3,0.03
156,candidate_1,candidate_3,candidate_2,3,0.03
157,0,candidate_3,candidate_2,3,0.03
158,candidate_1,candidate_3,candidate_2,3,0.03
159,candidate_1,candidate_3,candidate_2,3,0.03
160,candidate_1,candidate_3,candidate_2,3,0.03
161,candidate_1,candidate_3,candidate_2,3,0.03
162,candidate_1,candidate_3,candidate_2,3,0.03
163,0,candidate_3,candidate_2,3,0.03
164,candidate_1,candidate_3,candidate_2,3,0.03
165,candidate_1,candidate_3,candidate_2,3,0.03
166,candidate_1,candidate_3,candidate_2,3,0.03
167,candidate_1,candidate_3,candidate_2,3,0.03
168,candidate_1,candidate_3,candidate_2,3,0.03
169,candidate_1,candidate_3,0,3,0.03
170,candidate_1,candidate_3,candidate_2,3,0.03
171,candidate_1,candidate_3,candidate_2,3,0.03
172,candidate_1,candidate_3,candidate_2,3,0.03
173,candidate_1,candidate_3,candidate_2,3,0.03
174,candidate_1,candidate_3,candidate_2,3,0.03
175,candidate_1,candidate_3,candidate_2,3,0.03
176,candidate_1,candidate_3,candidate_2,3,0.03
177,candidate_1,candidate_3,candidate_2,3,0.03
178,candidate_1,candidate_3,candidate_2,3,0.03
179,candidate_1,candidate_3,candidate_2,3,0.03
180,candidate_1,candidate_3,candidate_2,3,0.03
181,candidate_1,candidate_3,candidate_2,3,0.03
182,candidate_1,candidate_3,candidate_2,3,0.03
183,0,candidate_3,candidate_2,3,0.03
184,candidate_1,candidate_3,candidate_2,3,0.03
185,candidate_1,candidate_3,candidate_2,3,0.03
186,candidate_1,candidate_3,candidate_2,3,0.03
187,candidate_1,candidate_3,candidate_2,3,0.03
188,candidate_1,candidate_3,candidate_2,3,0.03
189,candidate_1,candidate_3,candidate_2,3,0.03
190,candidate_1,candidate_3,candidate_2,3,0.03
191,candidate_1,candidate_3,candidate_2,3,0.03
192,candidate_1,candidate_3,candidate_2,3,0.03
193,candidate_1,candidate_3,candidate_2,3,0.03
194,candidate_1,candidate_3,candidate_2,3,0.03
195,candidate_1,candidate_3,candidate_2,3,0.03
196,candidate_1,candidate_3,candidate_2,3,0.03
197,candidate_1,0,candidate_2,3,0.03
198,candidate_1,candidate_3,candidate_2,3,0.03
199,candidate_1,candidate_3,candidate_2,3,0.03
200,candidate_1,candidate_3,candidate_2,3,0.03
201,candidate_1,candidate_3,candidate_2,3,0.03
202,candidate_1,candidate_3,candidate_2,3,0.03
203,0,candidate_3,candidate_2,3,0.03
204,candidate_1,candidate_3,candidate_2,3,0.03
205,candidate_1,candidate_3,candidate_2,3,0.03
206,candidate_1,candidate_3,candidate_2,3,0.03
207,candidate_1,candidate_3,candidate_2,3,0.03
208,candidate_1,candidate_3,candidate_2,3,0.03
209,candidate_1,candidate_3,candidate_2,3,0.03
210,candidate_1,candidate_3,candidate_2,3,0.03
211,candidate_1,candidate_3,candidate_2,3,0.03
212,candidate_1,candidate_3,candidate_2,3,0.03
213,candidate_1,candidate_3,candidate_2,3,0.03
214,candidate_1,candidate_3,0,3,0.03
215,candidate_1,candidate_3,candidate_2,3,0.03
216,candidate_1,candidate_3,0,3,0.03
217,candidate_1,candidate_3,candidate_2,3,0.03
218,candidate_1,candidate_3,candidate_2,3,0.03
219,candidate_1,candidate_3,candidate_2,3,0.03
220,candidate_1,candidate_3,candidate_2,3,0.03
221,candidate_1,candidate_3,candidate_2,3,0.03
222,candidate_1,candidate_3,candidate_2,3,0.03
223,candidate_1,candidate_3,candidate_2,3,0.03
224,candidate_1,candidate_3,candidate_2,3,0.03
225,candidate_1,candidate_3,candidate_2,3,0.03
226,candidate_1,candidate_3,0,3,0.03
227,candidate_1,candidate_3,candidate_2,3,0.03
228,candidate_1,candidate_3,candidate_2,3,0.03
229,candidate_1,candidate_3,candidate_2,3,0.03
230,candidate_1,candidate_3,candidate_2,3,0.03
231,candidate_1,candidate_3,candidate_2,3,0.03
232,candidate_1,candidate_3,candidate_2,3,0.03
233,candidate_1,candidate_3,candidate_2,3,0.03
234,candidate_1,candidate_3,candidate_2,3,0.03
235,candidate_1,candidate_3,candidate_2,3,0.03
236,candidate_1,candidate_3,candidate_2,3,0.03
237,candidate_1,candidate_3,candidate_2,3,0.03
238,candidate_1,candidate_3,candidate_2,3,0.03
239,candidate_1,candidate_3,candidate_2,3,0.03
240,candidate_1,candidate_3,candidate_2,3,0.03
241,candidate_1,candidate_3,candidate_2,3,0.03
242,candidate_1,candidate_3,candidate_2,3,0.03
243,candidate_1,candidate_3,candidate_2,3,0.03
244,candidate_1,candidate_3,candidate_2,3,0.03
245,candidate_1,candidate_3,candidate_2,3,0.03
246,candidate_1,candidate_3,candidate_2,3,0.03
247,candidate_1,candidate_3,candidate_2,3,0.03
248,candidate_1,candidate_3,candidate_2,3,0.03
249,candidate_1,candidate_3,candidate_2,3,0.03
250,candidate_1,candidate_3,candidate_2,3,0.03
251,candidate_1,candidate_3,candidate_2,3,0.03
252,candidate_1,candidate_3,candidate_2,3,0.03
253,candidate_1,candidate_3,candidate_2,3,0.03
254,candidate_1,candidate_3,candidate_2,3,0.03
255,candidate_1,candidate_3,candidate_2,3,0.03
256,candidate_1,candidate_3,candidate_2,3,0.03
257,candidate_1,candidate_3,candidate_2,3,0.03
258,candidate_1,candidate_3,0,3,0.03
259,candidate_1,candidate_3,candidate_2,3,0.03
260,candidate_1,candidate_3,candidate_2,3,0.03
261,candidate_1,candidate_3,candidate_2,3,0.03
262,candidate_1,candidate_3,candidate_2,3,0.03
263,candidate_1,candidate_3,candidate_2,3,0.03
264,candidate_1,candidate_3,candidate_2,3,0.03
265,candidate_1,candidate_3,candidate_2,3,0.03
266,candidate_1,candidate_3,candidate_2,3,0.03
267,candidate_1,candidate_3,candidate_2,3,0.03
268,candidate_1,candidate_3,candidate_2,3,0.03
269,candidate_1,candidate_3,candidate_2,3,0.03
270,candidate_1,candidate_3,candidate_2,3,0.03
271,candidate_1,candidate_3,candidate_2,3,0.03
272,candidate_1,candidate_3,candidate_2,3,0.03
273,candidate_1,candidate_3,candidate_2,3,0.03
274,candidate_1,candidate_3,candidate_2,3,0.03
275,candidate_1,candidate_3,candidate_2,3,0.03
276,candidate_1,candidate_3,candidate_2,3,0.03
277,candidate_1,candidate_3,candidate_2,3,0.03
278,candidate_1,candidate_3,candidate_2,3,0.03
279,candidate_1,candidate_3,candidate_2,3,0.03
280,candidate_1,candidate_3,candidate_2,3,0.03
281,0,candidate_3,candidate_2,3,0.03
282,candidate_1,candidate_3,candidate_2,3,0.03
283,candidate_1,candidate_3,candidate_2,3,0.03
284,candidate_1,candidate_3,candidate_2,3,0.03
285,candidate_1,candidate_3,candidate_2,3,0.03
286,candidate_1,candidate_3,candidate_2,3,0.03
287,candidate_1,0,candidate_2,3,0.03
288,candidate_1,candidate_3,candidate_2,3,0.03
289,candidate_1,candidate_3,candidate_2,3,0.03
290,candidate_1,candidate_3,candidate_2,3,0.03
291,candidate_1,candidate_3,candidate_2,3,0.03
292,candidate_1,candidate_3,candidate_2,3,0.03
293,candidate_1,candidate_3,0,3,0.03
294,candidate_1,candidate_3,candidate_2,3,0.03
295,candidate_1,candidate_3,candidate_2,3,0.03
296,candidate_1,candidate_3,candidate_2,3,0.03
297,candidate_1,candidate_3,candidate_2,3,0.03
298,candidate_1,candidate_3,candidate_2,3,0.03
299,candidate_1,candidate_3,candidate_2,3,0.03
300,candidate_1,candidate_3,candidate_2,3,0.03
301,candidate_1,candidate_3,candidate_2,3,0.03
302,0,candidate_3,candidate_2,3,0.03
303,candidate_1,candidate_3,candidate_2,3,0.03
304,candidate_1,candidate_3,candidate_2,3,0.03
305,candidate_1,candidate_3,candidate_2,3,0.03
306,candidate_1,candidate_3,candidate_2,3,0.03
307,candidate_1,candidate_3,candidate_2,3,0.03
308,candidate_1,candidate_3,candidate_2,3,0.03
309,candidate_1,candidate_3,candidate_2,3,0.03
310,candidate_1,candidate_3,candidate_2,3,0.03
311,candidate_1,candidate_3,candidate_2,3,0.03
312,candidate_1,candidate_3,candidate_2,3,0.03
313,candidate_1,candidate_3,candidate_2,3,0.03
314,candidate_1,candidate_3,candidate_2,3,0.03
315,candidate_1,candidate_3,candidate_2,3,0.03
316,candidate_1,candidate_3,candidate_2,3,0.03
317,candidate_1,candidate_3,candidate_2,3,0.03
318,candidate_1,0,candidate_2,3,0.03
319,candidate_1,candidate_3,candidate_2,3,0.03
320,candidate_1,0,candidate_2,3,0.03
321,candidate_1,candidate_3,candidate_2,3,0.03
322,candidate_1,candidate_3,candidate_2,3,0.03
323,candidate_1,candidate_3,candidate_2,3,0.03
324,candidate_1,candidate_3,candidate_2,3,0.03
325,candidate_1,candidate_3,candidate_2,3,0.03
326,candidate_1,candidate_3,candidate_2,3,0.03
327,candidate_1,candidate_3,candidate_2,3,0.03
328,candidate_1,candidate_3,candidate_2,3,0.03
329,candidate_1,candidate_3,candidate_2,3,0.03
330,candidate_1,candidate_3,candidate_2,3,0.03
331,candidate_1,candidate_3,candidate_2,3,0.03
332,candidate_1,candidate_3,0,3,0.03
333,candidate_1,candidate_3,0,3,0.03
334,candidate_1,candidate_3,candidate_2,3,0.03
335,candidate_1,candidate_3,candidate_2,3,0.03
336,candidate_1,candidate_3,candidate_2,3,0.03
337,candidate_1,candidate_3,candidate_2,3,0.03
338,candidate_1,candidate_3,candidate_2,3,0.03
339,candidate_1,candidate_3,candidate_2,3,0.03
340,candidate_1,0,candidate_2,3,0.03
341,candidate_1,candidate_3,candidate_2,3,0.03
342,candidate_1,candidate_3,candidate_2,3,0.03
343,candidate_1,candidate_3,candidate_2,3,0.03
344,candidate_1,candidate_3,candidate_2,3,0.03
345,candidate_1,candidate_3,candidate_2,3,0.03
346,0,candidate_3,candidate_2,3,0.03
347,candidate_1,candidate_3,candidate_2,3,0.03
348,candidate_1,candidate_3,candidate_2,3,0.03
349,candidate_1,candidate_3,candidate_2,3,0.03
350,candidate_1,candidate_3,candidate_2,3,0.03
351,0,candidate_3,candidate_2,3,0.03
352,candidate_1,candidate_3,candidate_2,3,0.03
353,candidate_1,candidate_3,candidate_2,3,0.03
354,candidate_1,candidate_3,candidate_2,3,0.03
355,candidate_1,candidate_3,candidate_2,3,0.03
356,candidate_1,candidate_3,candidate_2,3,0.03
357,candidate_1,candidate_3,candidate_2,3,0.03
358,candidate_1,candidate_3,candidate_2,3,0.03
359,candidate_1,candidate_3,candidate_2,3,0.03
360,candidate_1,candidate_3,candidate_2,3,0.03
361,candidate_1,candidate_3,candidate_2,3,0.03
362,candidate_1,candidate_3,candidate_2,3,0.03
363,candidate_1,candidate_3,candidate_2,3,0.03
364,candidate_1,candidate_3,candidate_2,3,0.03
365,candidate_1,candidate_3,candidate_2,3,0.03
366,candidate_1,0,candidate_2,3,0.03
367,candidate_1,candidate_3,candidate_2,3,0.03
368,candidate_1,candidate_3,candidate_2,3,0.03
369,candidate_1,candidate_3,candidate_2,3,0.03
370,candidate_1,candidate_3,candidate_2,3,0.03
371,candidate_1,candidate_3,candidate_2,3,0.03
372,candidate_1,candidate_3,candidate_2,3,0.03
373,candidate_1,candidate_3,candidate_2,3,0.03
374,candidate_1,candidate_3,candidate_2,3,0.03
375,candidate_1,candidate_3,candidate_2,3,0.03
376,candidate_1,candidate_3,candidate_2,3,0.03
377,candidate_1,candidate_3,candidate_2,3,0.03
378,candidate_1,candidate_3,candidate_2,3,0.03
379,candidate_1,candidate_3,candidate_2,3,0.03
380,candidate_1,candidate_3,candidate_2,3,0.03
381,candidate_1,candidate_3,candidate_2,3,0.03
382,candidate_1,candidate_3,candidate_2,3,0.03
383,0,candidate_3,candidate_2,3,0.03
384,candidate_1,candidate_3,candidate_2,3,0.03
385,candidate_1,0,candidate_2,3,0.03
386,candidate_1,candidate_3,candidate_2,3,0.03
387,candidate_1,candidate_3,candidate_2,3,0.03
388,candidate_1,candidate_3,candidate_2,3,0.03
389,candidate_1,candidate_3,candidate_2,3,0.03
390,candidate_1,candidate_3,candidate_2,3,0.03
391,candidate_1,candidate_3,candidate_2,3,0.03
392,candidate_1,candidate_3,candidate_2,3,0.03
393,candidate_1,candidate_3,candidate_2,3,0.03
394,candidate_1,candidate_3,candidate_2,3,0.03
395,candidate_1,candidate_3,candidate_2,3,0.03
396,candidate_1,candidate_3,candidate_2,3,0.03
397,candidate_1,candidate_3,candidate_2,3,0.03
398,candidate_1,candidate_3,candidate_2,3,0.03
399,candidate_1,candidate_3,candidate_2,3,0.03
400,candidate_1,candidate_3,candidate_2,3,0.03
401,candidate_1,candidate_3,candidate_2,3,0.03
402,candidate_1,candidate_3,candidate_2,3,0.03
403,candidate_1,candidate_3,candidate_2,3,0.03
404,candidate_1,candidate_3,0,3,0.03
405,candidate_1,candidate_3,candidate_2,3,0.03
406,candidate_1,candidate_3,candidate_2,3,0.03
407,candidate_1,candidate_3,candidate_2,3,0.03
408,candidate_1,candidate_3,candidate_2,3,0.03
409,candidate_1,candidate_3,candidate_2,3,0.03
410,candidate_1,candidate_3,0,3,0.03
411,candidate_1,candidate_3,candidate_2,3,0.03
412,candidate_1,candidate_3,candidate_2,3,0.03
413,candidate_1,candidate_3,candidate_2,3,0.03
414,candidate_1,candidate_3,candidate_2,3,0.03
415,candidate_1,candidate_3,candidate_2,3,0.03
416,candidate_1,candidate_3,candidate_2,3,0.03
417,candidate_1,0,candidate_2,3,0.03
418,candidate_1,candidate_3,candidate_2,3,0.03
419,candidate_1,candidate_3,candidate_2,3,0.03
420,candidate_1,candidate_3,candidate_2,3,0.03
421,candidate_1,candidate_3,candidate_2,3,0.03
422,candidate_1,candidate_3,candidate_2,3,0.03
423,candidate_1,candidate_3,candidate_2,3,0.03
424,candidate_1,candidate_3,candidate_2,3,0.03
425,candidate_1,candidate_3,0,3,0.03
426,candidate_1,candidate_3,candidate_2,3,0.03
427,candidate_1,candidate_3,candidate_2,3,0.03
428,candidate_1,candidate_3,candidate_2,3,0.03
429,candidate_1,candidate_3,candidate_2,3,0.03
430,candidate_1,0,candidate_2,3,0.03
431,candidate_1,candidate_3,candidate_2,3,0.03
432,candidate_1,candidate_3,candidate_2,3,0.03
433,candidate_1,candidate_3,candidate_2,3,0.03
434,candidate_1,candidate_3,candidate_2,3,0.03
435,candidate_1,candidate_3,candidate_2,3,0.03
436,candidate_1,candidate_3,candidate_2,3,0.03
437,candidate_1,candidate_3,candidate_2,3,0.03
438,candidate_1,candidate_3,candidate_2,3,0.03
439,candidate_1,candidate_3,candidate_2,3,0.03
440,candidate_1,candidate_3,0,3,0.03
441,candidate_1,candidate_3,candidate_2,3,0.03
442,candidate_1,candidate_3,candidate_2,3,0.03
443,candidate_1,candidate_3,candidate_2,3,0.03
444,candidate_1,0,candidate_2,3,0.03
445,candidate_1,candidate_3,candidate_2,3,0.03
446,candidate_1,candidate_3,candidate_2,3,0.03
447,candidate_1,candidate_3,candidate_2,3,0.03
448,candidate_1,0,candidate_2,3,0.03
449,candidate_1,candidate_3,candidate_2,3,0.03
450,candidate_1,candidate_3,candidate_2,3,0.03
451,candidate_1,candidate_3,candidate_2,3,0.03
452,candidate_1,candidate_3,candidate_2,3,0.03
453,candidate_1,candidate_3,candidate_2,3,0.03
454,candidate_1,candidate_3,candidate_2,3,0.03
455,candidate_1,candidate_3,candidate_2,3,0.03
456,candidate_1,candidate_3,candidate_2,3,0.03
457,candidate_1,candidate_3,candidate_2,3,0.03
458,candidate_1,candidate_3,candidate_2,3,0.03
459,candidate_1,candidate_3,candidate_2,3,0.03
460,candidate_1,candidate_3,candidate_2,3,0.03
461,candidate_1,candidate_3,candidate_2,3,0.03
462,candidate_1,candidate_3,candidate_2,3,0.03
463,candidate_1,candidate_3,candidate_2,3,0.03
464,candidate_1,candidate_3,candidate_2,3,0.03
465,candidate_1,candidate_3,candidate_2,3,0.03
466,candidate_1,candidate_3,candidate_2,3,0.03
467,candidate_1,candidate_3,candidate_2,3,0.03
468,candidate_1,candidate_3,candidate_2,3,0.03
469,candidate_1,candidate_3,candidate_2,3,0.03
470,candidate_1,candidate_3,candidate_2,3,0.03
471,candidate_1,candidate_3,candidate_2,3,0.03
472,candidate_1,candidate_3,candidate_2,3,0.03
473,candidate_1,candidate_3,candidate_2,3,0.03
474,candidate_1,candidate_3,candidate_2,3,0.03
475,candidate_1,candidate_3,candidate_2,3,0.03
476,candidate_1,candidate_3,candidate_2,3,0.03
477,candidate_1,candidate_3,candidate_2,3,0.03
478,candidate_1,candidate_3,candidate_2,3,0.03
479,candidate_1,candidate_3,candidate_2,3,0.03
480,candidate_1,candidate_3,candidate_2,3,0.03
481,candidate_1,candidate_3,candidate_2,3,0.03
482,candidate_1,candidate_3,candidate_2,3,0.03
483,candidate_1,candidate_3,candidate_2,3,0.03
484,candidate_1,candidate_3,candidate_2,3,0.03
485,candidate_1,candidate_3,candidate_2,3,0.03
486,candidate_1,candidate_3,candidate_2,3,0.03
487,candidate_1,candidate_3,candidate_2,3,0.03
488,candidate_1,candidate_3,candidate_2,3,0.03
489,candidate_1,candidate_3,0,3,0.03
490,candidate_1,candidate_3,candidate_2,3,0.03
491,candidate_1,candidate_3,candidate_2,3,0.03
492,candidate_1,candidate_3,candidate_2,3,0.03
493,candidate_1,candidate_3,candidate_2,3,0.03
494,candidate_1,candidate_3,candidate_2,3,0.03
495,candidate_1,candidate_3,candidate_2,3,0.03
496,candidate_1,candidate_3,candidate_2,3,0.03
497,candidate_1,candidate_3,candidate_2,3,0.03
498,candidate_1,candidate_3,candidate_2,3,0.03
499,candidate_1,candidate_3,candidate_2,3,0.03
500,candidate_1,candidate_3,candidate_2,3,0.03
501,candidate_1,candidate_3,candidate_2,3,0.03
502,candidate_1,candidate_3,candidate_2,3,0.03
503,candidate_1,candidate_3,candidate_2,3,0.03
504,candidate_1,candidate_3,candidate_2,3,0.03
505,candidate_1,candidate_3,candidate_2,3,0.03
506,candidate_1,candidate_3,candidate_2,3,0.03
507,candidate_1,candidate_3,candidate_2,3,0.03
508,candidate_1,candidate_3,candidate_2,3,0.03
509,candidate_1,candidate_3,candidate_2,3,0.03
510,candidate_1,candidate_3,candidate_2,3,0.03
511,candidate_1,candidate_3,candidate_2,3,0.03
512,candidate_1,candidate_3,candidate_2,3,0.03
513,candidate_1,candidate_3,candidate_2,3,0.03
514,candidate_1,candidate_3,candidate_2,3,0.03
515,candidate_1,candidate_3,candidate_2,3,0.03
516,candidate_1,candidate_3,candidate_2,3,0.03
517,candidate_1,candidate_3,candidate_2,3,0.03
518,candidate_1,candidate_3,candidate_2,3,0.03
519,candidate_1,candidate_3,candidate_2,3,0.03
520,candidate_1,candidate_3,candidate_2,3,0.03
521,candidate_1,candidate_3,candidate_2,3,0.03
0,candidate_2,candidate_1,candidate_3,3,0.03
1,candidate_2,candidate_1,candidate_3,3,0.03
2,candidate_2,candidate_1,candidate_3,3,0.03
3,candidate_2,candidate_1,0,3,0.03
4,candidate_2,candidate_1,candidate_3,3,0.03
5,candidate_2,candidate_1,candidate_3,3,0.03
6,candidate_2,candidate_1,candidate_3,3,0.03
7,candidate_2,candidate_1,candidate_3,3,0.03
8,candidate_2,candidate_1,candidate_3,3,0.03
9,candidate_2,candidate_1,candidate_3,3,0.03
10,candidate_2,candidate_1,candidate_3,3,0.03
11,candidate_2,candidate_1,candidate_3,3,0.03
12,0,candidate_1,candidate_3,3,0.03
13,candidate_2,candidate_1,candidate_3,3,0.03
14,0,candidate_1,candidate_3,3,0.03
15,candidate_2,candidate_1,candidate_3,3,0.03
16,candidate_2,candidate_1,candidate_3,3,0.03
17,candidate_2,candidate_1,candidate_3,3,0.03
18,candidate_2,candidate_1,candidate_3,3,0.03
19,candidate_2,candidate_1,candidate_3,3,0.03
20,candidate_2,candidate_1,candidate_3,3,0.03
21,candidate_2,candidate_1,candidate_3,3,0.03
22,candidate_2,candidate_1,candidate_3,3,0.03
23,candidate_2,candidate_1,candidate_3,3,0.03
24,candidate_2,candidate_1,candidate_3,3,0.03
25,candidate_2,candidate_1,candidate_3,3,0.03
26,candidate_2,candidate_1,candidate_3,3,0.03
27,candidate_2,candidate_1,candidate_3,3,0.03
28,candidate_2,candidate_1,candidate_3,3,0.03
29,candidate_2,candidate_1,candidate_3,3,0.03
30,candidate_2,candidate_1,candidate_3,3,0.03
31,candidate_2,candidate_1,candidate_3,3,0.03
32,candidate_2,candidate_1,candidate_3,3,0.03
33,candidate_2,candidate_1,candidate_3,3,0.03
34,candidate_2,candidate_1,candidate_3,3,0.03
35,candidate_2,candidate_1,candidate_3,3,0.03
36,candidate_2,candidate_1,candidate_3,3,0.03
37,candidate_2,candidate_1,candidate_3,3,0.03
38,candidate_2,candidate_1,candidate_3,3,0.03
39,candidate_2,candidate_1,candidate_3,3,0.03
40,candidate_2,candidate_1,candidate_3,3,0.03
41,candidate_2,candidate_1,candidate_3,3,0.03
42,candidate_2,candidate_1,candidate_3,3,0.03
43,candidate_2,candidate_1,candidate_3,3,0.03
44,candidate_2,candidate_1,candidate_3,3,0.03
45,candidate_2,candidate_1,candidate_3,3,0.03
46,candidate_2,candidate_1,candidate_3,3,0.03
47,candidate_2,candidate_1,candidate_3,3,0.03
48,candidate_2,candidate_1,candidate_3,3,0.03
49,candidate_2,candidate_1,candidate_3,3,0.03
50,candidate_2,candidate_1,candidate_3,3,0.03
51,candidate_2,candidate_1,candidate_3,3,0.03
52,candidate_2,candidate_1,candidate_3,3,0.03
53,candidate_2,candidate_1,candidate_3,3,0.03
54,candidate_2,candidate_1,candidate_3,3,0.03
55,candidate_2,candidate_1,candidate_3,3,0.03
56,candidate_2,candidate_1,candidate_3,3,0.03
57,candidate_2,candidate_1,candidate_3,3,0.03
58,candidate_2,candidate_1,candidate_3,3,0.03
59,candidate_2,candidate_1,candidate_3,3,0.03
60,candidate_2,candidate_1,candidate_3,3,0.03
61,candidate_2,candidate_1,candidate_3,3,0.03
62,candidate_2,candidate_1,candidate_3,3,0.03
63,candidate_2,candidate_1,candidate_3,3,0.03
64,candidate_2,candidate_1,candidate_3,3,0.03
65,candidate_2,candidate_1,candidate_3,3,0.03
66,candidate_2,candidate_1,candidate_3,3,0.03
67,candidate_2,candidate_1,candidate_3,3,0.03
68,candidate_2,candidate_1,candidate_3,3,0.03
69,candidate_2,candidate_1,candidate_3,3,0.03
70,candidate_2,candidate_1,candidate_3,3,0.03
71,candidate_2,candidate_1,candidate_3,3,0.03
72,candidate_2,candidate_1,candidate_3,3,0.03
73,candidate_2,candidate_1,candidate_3,3,0.03
74,candidate_2,candidate_1,candidate_3,3,0.03
75,0,candidate_1,candidate_3,3,0.03
76,candidate_2,candidate_1,candidate_3,3,0.03
77,candidate_2,candidate_1,candidate_3,3,0.03
78,candidate_2,candidate_1,candidate_3,3,0.03
79,candidate_2,candidate_1,candidate_3,3,0.03
80,candidate_2,candidate_1,candidate_3,3,0.03
81,candidate_2,candidate_1,candidate_3,3,0.03
82,candidate_2,candidate_1,candidate_3,3,0.03
83,candidate_2,candidate_1,candidate_3,3,0.03
84,candidate_2,candidate_1,candidate_3,3,0.03
85,candidate_2,candidate_1,candidate_3,3,0.03
86,candidate_2,candidate_1,candidate_3,3,0.03
87,candidate_2,candidate_1,candidate_3,3,0.03
88,candidate_2,candidate_1,candidate_3,3,0.03
89,candidate_2,candidate_1,candidate_3,3,0.03
90,candidate_2,candidate_1,candidate_3,3,0.03
91,candidate_2,candidate_1,candidate_3,3,0.03
92,candidate_2,candidate_1,candidate_3,3,0.03
93,candidate_2,candidate_1,candidate_3,3,0.03
94,candidate_2,0,candidate_3,3,0.03
95,candidate_2,candidate_1,candidate_3,3,0.03
96,candidate_2,candidate_1,candidate_3,3,0.03
97,candidate_2,candidate_1,candidate_3,3,0.03
98,candidate_2,candidate_1,0,3,0.03
99,candidate_2,candidate_1,candidate_3,3,0.03
100,candidate_2,candidate_1,candidate_3,3,0.03
101,candidate_2,candidate_1,candidate_3,3,0.03
102,candidate_2,candidate_1,candidate_3,3,0.03
103,candidate_2,candidate_1,candidate_3,3,0.03
104,candidate_2,candidate_1,candidate_3,3,0.03
105,candidate_2,0,candidate_3,3,0.03
106,candidate_2,candidate_1,candidate_3,3,0.03
107,candidate_2,candidate_1,candidate_3,3,0.03
108,candidate_2,candidate_1,candidate_3,3,0.03
109,candidate_2,candidate_1,candidate_3,3,0.03
110,candidate_2,candidate_1,candidate_3,3,0.03
111,candidate_2,candidate_1,candidate_3,3,0.03
112,candidate_2,candidate_1,candidate_3,3,0.03
113,candidate_2,candidate_1,candidate_3,3,0.03
114,candidate_2,candidate_1,candidate_3,3,0.03
115,candidate_2,candidate_1,candidate_3,3,0.03
116,0,candidate_1,candidate_3,3,0.03
117,candidate_2,candidate_1,candidate_3,3,0.03
118,candidate_2,candidate_1,candidate_3,3,0.03
119,candidate_2,candidate_1,candidate_3,3,0.03
120,candidate_2,0,candidate_3,3,0.03
121,candidate_2,candidate_1,candidate_3,3,0.03
122,candidate_2,candidate_1,candidate_3,3,0.03
123,candidate_2,candidate_1,candidate_3,3,0.03
124,candidate_2,candidate_1,candidate_3,3,0.03
125,candidate_2,candidate_1,candidate_3,3,0.03
126,candidate_2,candidate_1,candidate_3,3,0.03
127,candidate_2,candidate_1,candidate_3,3,0.03
128,candidate_2,candidate_1,candidate_3,3,0.03
129,candidate_2,0,candidate_3,3,0.03
130,candidate_2,candidate_1,candidate_3,3,0.03
131,candidate_2,candidate_1,candidate_3,3,0.03
132,candidate_2,candidate_1,candidate_3,3,0.03
133,candidate_2,candidate_1,candidate_3,3,0.03
134,candidate_2,candidate_1,candidate_3,3,0.03
135,candidate_2,candidate_1,candidate_3,3,0.03
136,candidate_2,candidate_1,candidate_3,3,0.03
137,candidate_2,candidate_1,candidate_3,3,0.03
138,candidate_2,candidate_1,candidate_3,3,0.03
139,candidate_2,candidate_1,candidate_3,3,0.03
140,candidate_2,candidate_1,candidate_3,3,0.03
141,candidate_2,candidate_1,candidate_3,3,0.03
142,candidate_2,0,candidate_3,3,0.03
143,candidate_2,candidate_1,candidate_3,3,0.03
144,candidate_2,candidate_1,candidate_3,3,0.03
145,candidate_2,candidate_1,candidate_3,3,0.03
146,candidate_2,candidate_1,candidate_3,3,0.03
147,candidate_2,candidate_1,candidate_3,3,0.03
148,candidate_2,candidate_1,candidate_3,3,0.03
149,candidate_2,candidate_1,candidate_3,3,0.03
150,candidate_2,candidate_1,candidate_3,3,0.03
151,candidate_2,candidate_1,candidate_3,3,0.03
152,candidate_2,candidate_1,candidate_3,3,0.03
153,candidate_2,candidate_1,candidate_3,3,0.03
154,candidate_2,candidate_1,candidate_3,3,0.03
155,candidate_2,candidate_1,candidate_3,3,0.03
156,candidate_2,candidate_1,candidate_3,3,0.03
157,candidate_2,candidate_1,candidate_3,3,0.03
158,candidate_2,candidate_1,candidate_3,3,0.03
159,candidate_2,candidate_1,candidate_3,3,0.03
160,candidate_2,candidate_1,candidate_3,3,0.03
161,candidate_2,candidate_1,candidate_3,3,0.03
162,candidate_2,candidate_1,candidate_3,3,0.03
163,candidate_2,candidate_1,candidate_3,3,0.03
164,candidate_2,candidate_1,candidate_3,3,0.03
165,candidate_2,candidate_1,candidate_3,3,0.03
166,candidate_2,candidate_1,candidate_3,3,0.03
167,candidate_2,candidate_1,candidate_3,3,0.03
168,candidate_2,candidate_1,candidate_3,3,0.03
169,candidate_2,candidate_1,candidate_3,3,0.03
170,candidate_2,candidate_1,candidate_3,3,0.03
171,candidate_2,candidate_1,candidate_3,3,0.03
172,candidate_2,candidate_1,candidate_3,3,0.03
173,candidate_2,candidate_1,candidate_3,3,0.03
174,0,candidate_1,0,3,0.03
175,candidate_2,candidate_1,candidate_3,3,0.03
176,candidate_2,candidate_1,candidate_3,3,0.03
177,0,candidate_1,candidate_3,3,0.03
178,candidate_2,candidate_1,candidate_3,3,0.03
179,candidate_2,candidate_1,candidate_3,3,0.03
180,candidate_2,0,candidate_3,3,0.03
181,candidate_2,candidate_1,candidate_3,3,0.03
182,candidate_2,candidate_1,candidate_3,3,0.03
183,candidate_2,candidate_1,candidate_3,3,0.03
184,candidate_2,candidate_1,candidate_3,3,0.03
185,candidate_2,candidate_1,candidate_3,3,0.03
186,candidate_2,candidate_1,candidate_3,3,0.03
187,candidate_2,candidate_1,candidate_3,3,0.03
188,candidate_2,candidate_1,candidate_3,3,0.03
189,candidate_2,candidate_1,candidate_3,3,0.03
190,candidate_2,candidate_1,candidate_3,3,0.03
191,candidate_2,candidate_1,candidate_3,3,0.03
192,candidate_2,candidate_1,candidate_3,3,0.03
193,candidate_2,candidate_1,candidate_3,3,0.03
194,candidate_2,candidate_1,candidate_3,3,0.03
195,candidate_2,candidate_1,candidate_3,3,0.03
196,candidate_2,candidate_1,candidate_3,3,0.03
197,candidate_2,candidate_1,candidate_3,3,0.03
198,candidate_2,candidate_1,candidate_3,3,0.03
199,candidate_2,candidate_1,candidate_3,3,0.03
200,candidate_2,candidate_1,candidate_3,3,0.03
201,candidate_2,candidate_1,candidate_3,3,0.03
202,candidate_2,candidate_1,candidate_3,3,0.03
203,candidate_2,candidate_1,candidate_3,3,0.03
204,candidate_2,candidate_1,candidate_3,3,0.03
205,candidate_2,candidate_1,candidate_3,3,0.03
206,candidate_2,candidate_1,candidate_3,3,0.03
207,candidate_2,candidate_1,candidate_3,3,0.03
208,candidate_2,candidate_1,candidate_3,3,0.03
209,candidate_2,candidate_1,candidate_3,3,0.03
210,candidate_2,candidate_1,candidate_3,3,0.03
211,candidate_2,candidate_1,candidate_3,3,0.03
212,candidate_2,candidate_1,candidate_3,3,0.03
213,candidate_2,candidate_1,0,3,0.03
214,candidate_2,candidate_1,candidate_3,3,0.03
215,candidate_2,candidate_1,candidate_3,3,0.03
216,candidate_2,candidate_1,candidate_3,3,0.03
217,candidate_2,candidate_1,candidate_3,3,0.03
218,candidate_2,candidate_1,candidate_3,3,0.03
219,candidate_2,candidate_1,candidate_3,3,0.03
220,candidate_2,candidate_1,candidate_3,3,0.03
221,candidate_2,candidate_1,candidate_3,3,0.03
222,candidate_2,candidate_1,candidate_3,3,0.03
223,candidate_2,candidate_1,candidate_3,3,0.03
224,candidate_2,candidate_1,candidate_3,3,0.03
225,candidate_2,candidate_1,candidate_3,3,0.03
226,candidate_2,candidate_1,candidate_3,3,0.03
227,candidate_2,candidate_1,candidate_3,3,0.03
228,candidate_2,candidate_1,candidate_3,3,0.03
229,candidate_2,candidate_1,candidate_3,3,0.03
230,candidate_2,candidate_1,candidate_3,3,0.03
231,candidate_2,candidate_1,candidate_3,3,0.03
232,candidate_2,candidate_1,candidate_3,3,0.03
233,candidate_2,candidate_1,candidate_3,3,0.03
234,candidate_2,candidate_1,candidate_3,3,0.03
235,candidate_2,candidate_1,candidate_3,3,0.03
236,candidate_2,candidate_1,candidate_3,3,0.03
237,candidate_2,candidate_1,candidate_3,3,0.03
238,candidate_2,candidate_1,candidate_3,3,0.03
239,candidate_2,candidate_1,candidate_3,3,0.03
240,candidate_2,candidate_1,candidate_3,3,0.03
241,candidate_2,candidate_1,candidate_3,3,0.03
242,candidate_2,candidate_1,candidate_3,3,0.03
243,candidate_2,candidate_1,candidate_3,3,0.03
244,candidate_2,candidate_1,candidate_3,3,0.03
245,candidate_2,candidate_1,0,3,0.03
246,candidate_2,candidate_1,candidate_3,3,0.03
247,candidate_2,candidate_1,candidate_3,3,0.03
248,candidate_2,candidate_1,candidate_3,3,0.03
249,candidate_2,candidate_1,candidate_3,3,0.03
250,candidate_2,candidate_1,candidate_3,3,0.03
251,candidate_2,candidate_1,candidate_3,3,0.03
252,candidate_2,candidate_1,candidate_3,3,0.03
253,0,candidate_1,candidate_3,3,0.03
254,candidate_2,candidate_1,candidate_3,3,0.03
255,candidate_2,candidate_1,candidate_3,3,0.03
256,candidate_2,candidate_1,candidate_3,3,0.03
257,candidate_2,candidate_1,candidate_3,3,0.03
258,candidate_2,candidate_1,candidate_3,3,0.03
259,candidate_2,candidate_1,candidate_3,3,0.03
260,candidate_2,candidate_1,candidate_3,3,0.03
261,candidate_2,candidate_1,candidate_3,3,0.03
262,candidate_2,candidate_1,candidate_3,3,0.03
263,candidate_2,candidate_1,candidate_3,3,0.03
264,candidate_2,candidate_1,candidate_3,3,0.03
265,candidate_2,candidate_1,candidate_3,3,0.03
266,candidate_2,candidate_1,candidate_3,3,0.03
267,candidate_2,candidate_1,candidate_3,3,0.03
268,candidate_2,candidate_1,candidate_3,3,0.03
269,candidate_2,candidate_1,candidate_3,3,0.03
270,candidate_2,candidate_1,candidate_3,3,0.03
271,candidate_2,candidate_1,candidate_3,3,0.03
272,candidate_2,candidate_1,candidate_3,3,0.03
273,candidate_2,candidate_1,candidate_3,3,0.03
274,candidate_2,candidate_1,candidate_3,3,0.03
275,candidate_2,candidate_1,candidate_3,3,0.03
276,candidate_2,candidate_1,candidate_3,3,0.03
277,candidate_2,candidate_1,candidate_3,3,0.03
278,candidate_2,candidate_1,0,3,0.03
279,candidate_2,candidate_1,candidate_3,3,0.03
280,candidate_2,candidate_1,candidate_3,3,0.03
281,candidate_2,candidate_1,candidate_3,3,0.03
282,candidate_2,candidate_1,candidate_3,3,0.03
283,candidate_2,candidate_1,candidate_3,3,0.03
284,candidate_2,candidate_1,candidate_3,3,0.03
285,candidate_2,candidate_1,candidate_3,3,0.03
286,candidate_2,candidate_1,candidate_3,3,0.03
287,candidate_2,candidate_1,candidate_3,3,0.03
288,candidate_2,candidate_1,0,3,0.03
289,candidate_2,candidate_1,candidate_3,3,0.03
290,candidate_2,candidate_1,candidate_3,3,0.03
291,candidate_2,candidate_1,candidate_3,3,0.03
292,candidate_2,candidate_1,candidate_3,3,0.03
293,candidate_2,candidate_1,candidate_3,3,0.03
294,candidate_2,candidate_1,candidate_3,3,0.03
295,candidate_2,candidate_1,candidate_3,3,0.03
296,candidate_2,candidate_1,candidate_3,3,0.03
297,candidate_2,candidate_1,candidate_3,3,0.03
298,candidate_2,candidate_1,candidate_3,3,0.03
299,candidate_2,candidate_1,candidate_3,3,0.03
300,candidate_2,candidate_1,candidate_3,3,0.03
301,candidate_2,candidate_1,candidate_3,3,0.03
302,candidate_2,candidate_1,candidate_3,3,0.03
303,candidate_2,candidate_1,candidate_3,3,0.03
304,candidate_2,candidate_1,0,3,0.03
305,candidate_2,candidate_1,candidate_3,3,0.03
306,candidate_2,candidate_1,candidate_3,3,0.03
307,candidate_2,0,candidate_3,3,0.03
308,0,candidate_1,candidate_3,3,0.03
309,candidate_2,candidate_1,candidate_3,3,0.03
310,candidate_2,candidate_1,candidate_3,3,0.03
311,candidate_2,candidate_1,candidate_3,3,0.03
312,candidate_2,candidate_1,0,3,0.03
313,candidate_2,candidate_1,candidate_3,3,0.03
314,candidate_2,candidate_1,candidate_3,3,0.03
315,candidate_2,candidate_1,candidate_3,3,0.03
316,candidate_2,candidate_1,candidate_3,3,0.03
317,candidate_2,candidate_1,candidate_3,3,0.03
318,candidate_2,candidate_1,candidate_3,3,0.03
319,candidate_2,candidate_1,candidate_3,3,0.03
320,candidate_2,candidate_1,candidate_3,3,0.03
321,candidate_2,candidate_1,candidate_3,3,0.03
322,candidate_2,candidate_1,candidate_3,3,0.03
323,candidate_2,candidate_1,candidate_3,3,0.03
324,candidate_2,candidate_1,candidate_3,3,0.03
325,candidate_2,candidate_1,candidate_3,3,0.03
326,candidate_2,candidate_1,candidate_3,3,0.03
327,candidate_2,candidate_1,candidate_3,3,0.03
328,candidate_2,0,candidate_3,3,0.03
329,candidate_2,candidate_1,candidate_3,3,0.03
330,candidate_2,candidate_1,candidate_3,3,0.03
331,candidate_2,candidate_1,candidate_3,3,0.03
332,candidate_2,candidate_1,candidate_3,3,0.03
333,candidate_2,candidate_1,candidate_3,3,0.03
334,candidate_2,candidate_1,candidate_3,3,0.03
335,candidate_2,candidate_1,candidate_3,3,0.03
336,candidate_2,candidate_1,candidate_3,3,0.03
337,candidate_2,candidate_1,candidate_3,3,0.03
338,candidate_2,candidate_1,candidate_3,3,0.03
339,candidate_2,candidate_1,candidate_3,3,0.03
340,candidate_2,candidate_1,candidate_3,3,0.03
341,candidate_2,candidate_1,0,3,0.03
342,candidate_2,candidate_1,candidate_3,3,0.03
343,candidate_2,candidate_1,candidate_3,3,0.03
344,candidate_2,candidate_1,candidate_3,3,0.03
345,candidate_2,candidate_1,candidate_3,3,0.03
346,candidate_2,candidate_1,candidate_3,3,0.03
347,candidate_2,candidate_1,candidate_3,3,0.03
348,candidate_2,candidate_1,candidate_3,3,0.03
349,candidate_2,candidate_1,candidate_3,3,0.03
350,candidate_2,candidate_1,candidate_3,3,0.03
351,candidate_2,candidate_1,candidate_3,3,0.03
352,candidate_2,candidate_1,candidate_3,3,0.03
353,candidate_2,candidate_1,candidate_3,3,0.03
354,candidate_2,candidate_1,candidate_3,3,0.03
355,candidate_2,candidate_1,candidate_3,3,0.03
356,candidate_2,candidate_1,candidate_3,3,0.03
357,candidate_2,candidate_1,candidate_3,3,0.03
358,candidate_2,candidate_1,candidate_3,3,0.03
359,candidate_2,candidate_1,candidate_3,3,0.03
360,candidate_2,candidate_1,candidate_3,3,0.03
361,candidate_2,candidate_1,candidate_3,3,0.03
362,candidate_2,candidate_1,candidate_3,3,0.03
363,candidate_2,candidate_1,candidate_3,3,0.03
364,candidate_2,candidate_1,candidate_3,3,0.03
365,candidate_2,candidate_1,candidate_3,3,0.03
366,candidate_2,candidate_1,candidate_3,3,0.03
367,candidate_2,candidate_1,candidate_3,3,0.03
368,candidate_2,candidate_1,candidate_3,3,0.03
369,candidate_2,candidate_1,candidate_3,3,0.03
370,candidate_2,candidate_1,candidate_3,3,0.03
371,0,candidate_1,candidate_3,3,0.03
372,candidate_2,candidate_1,candidate_3,3,0.03
373,candidate_2,candidate_1,candidate_3,3,0.03
374,candidate_2,candidate_1,candidate_3,3,0.03
375,candidate_2,candidate_1,candidate_3,3,0.03
376,candidate_2,candidate_1,candidate_3,3,0.03
377,candidate_2,candidate_1,0,3,0.03
378,0,candidate_1,candidate_3,3,0.03
379,candidate_2,candidate_1,candidate_3,3,0.03
380,candidate_2,candidate_1,candidate_3,3,0.03
381,candidate_2,candidate_1,candidate_3,3,0.03
382,candidate_2,candidate_1,candidate_3,3,0.03
383,candidate_2,candidate_1,candidate_3,3,0.03
384,candidate_2,candidate_1,candidate_3,3,0.03
385,candidate_2,candidate_1,candidate_3,3,0.03
386,candidate_2,candidate_1,candidate_3,3,0.03
387,candidate_2,candidate_1,0,3,0.03
388,candidate_2,candidate_1,candidate_3,3,0.03
389,candidate_2,candidate_1,candidate_3,3,0.03
390,candidate_2,candidate_1,candidate_3,3,0.03
391,candidate_2,candidate_1,candidate_3,3,0.03
392,candidate_2,candidate_1,candidate_3,3,0.03
393,candidate_2,candidate_1,candidate_3,3,0.03
394,candidate_2,candidate_1,candidate_3,3,0.03
395,candidate_2,candidate_1,candidate_3,3,0.03
396,candidate_2,candidate_1,candidate_3,3,0.03
397,candidate_2,candidate_1,candidate_3,3,0.03
398,candidate_2,candidate_1,candidate_3,3,0.03
399,0,candidate_1,candidate_3,3,0.03
400,candidate_2,candidate_1,candidate_3,3,0.03
401,candidate_2,candidate_1,candidate_3,3,0.03
402,candidate_2,candidate_1,candidate_3,3,0.03
403,candidate_2,candidate_1,candidate_3,3,0.03
404,candidate_2,candidate_1,candidate_3,3,0.03
405,candidate_2,candidate_1,candidate_3,3,0.03
406,candidate_2,candidate_1,candidate_3,3,0.03
407,candidate_2,candidate_1,candidate_3,3,0.03
408,candidate_2,candidate_1,candidate_3,3,0.03
409,candidate_2,candidate_1,candidate_3,3,0.03
410,candidate_2,candidate_1,candidate_3,3,0.03
411,candidate_2,candidate_1,candidate_3,3,0.03
412,candidate_2,candidate_1,candidate_3,3,0.03
413,candidate_2,candidate_1,candidate_3,3,0.03
414,candidate_2,candidate_1,candidate_3,3,0.03
415,candidate_2,candidate_1,candidate_3,3,0.03
416,0,candidate_1,candidate_3,3,0.03
417,candidate_2,candidate_1,candidate_3,3,0.03
418,candidate_2,candidate_1,0,3,0.03
419,candidate_2,candidate_1,candidate_3,3,0.03
420,candidate_2,candidate_1,candidate_3,3,0.03
421,candidate_2,candidate_1,candidate_3,3,0.03
422,candidate_2,candidate_1,candidate_3,3,0.03
423,candidate_2,candidate_1,candidate_3,3,0.03
424,candidate_2,candidate_1,candidate_3,3,0.03
425,candidate_2,candidate_1,candidate_3,3,0.03
426,0,candidate_1,candidate_3,3,0.03
427,candidate_2,candidate_1,candidate_3,3,0.03
428,candidate_2,candidate_1,candidate_3,3,0.03
429,candidate_2,candidate_1,candidate_3,3,0.03
430,candidate_2,candidate_1,candidate_3,3,0.03
431,candidate_2,candidate_1,candidate_3,3,0.03
432,candidate_2,candidate_1,candidate_3,3,0.03
433,candidate_2,candidate_1,candidate_3,3,0.03
434,candidate_2,candidate_1,candidate_3,3,0.03
435,candidate_2,candidate_1,candidate_3,3,0.03
436,candidate_2,candidate_1,candidate_3,3,0.03
437,candidate_2,candidate_1,candidate_3,3,0.03
438,candidate_2,candidate_1,candidate_3,3,0.03
439,candidate_2,candidate_1,candidate_3,3,0.03
440,0,candidate_1,candidate_3,3,0.03
441,candidate_2,candidate_1,candidate_3,3,0.03
442,candidate_2,candidate_1,candidate_3,3,0.03
443,candidate_2,candidate_1,candidate_3,3,0.03
444,candidate_2,candidate_1,candidate_3,3,0.03
445,candidate_2,candidate_1,candidate_3,3,0.03
446,candidate_2,candidate_1,candidate_3,3,0.03
447,candidate_2,candidate_1,candidate_3,3,0.03
448,candidate_2,candidate_1,0,3,0.03
449,candidate_2,candidate_1,candidate_3,3,0.03
450,candidate_2,candidate_1,candidate_3,3,0.03
451,candidate_2,candidate_1,candidate_3,3,0.03
452,candidate_2,candidate_1,candidate_3,3,0.03
453,candidate_2,candidate_1,candidate_3,3,0.03
454,candidate_2,candidate_1,candidate_3,3,0.03
455,candidate_2,candidate_1,candidate_3,3,0.03
456,candidate_2,candidate_1,candidate_3,3,0.03
457,candidate_2,candidate_1,candidate_3,3,0.03
458,candidate_2,candidate_1,candidate_3,3,0.03
459,candidate_2,candidate_1,candidate_3,3,0.03
460,candidate_2,candidate_1,candidate_3,3,0.03
461,candidate_2,candidate_1,candidate_3,3,0.03
462,candidate_2,candidate_1,candidate_3,3,0.03
463,candidate_2,candidate_1,candidate_3,3,0.03
464,candidate_2,candidate_1,candidate_3,3,0.03
465,candidate_2,candidate_1,candidate_3,3,0.03
466,candidate_2,candidate_1,candidate_3,3,0.03
467,candidate_2,candidate_1,candidate_3,3,0.03
468,candidate_2,candidate_1,candidate_3,3,0.03
469,candidate_2,candidate_1,candidate_3,3,0.03
470,candidate_2,candidate_1,candidate_3,3,0.03
471,candidate_2,candidate_1,candidate_3,3,0.03
472,candidate_2,candidate_1,candidate_3,3,0.03
473,candidate_2,candidate_1,candidate_3,3,0.03
474,candidate_2,candidate_1,candidate_3,3,0.03
475,candidate_2,candidate_1,candidate_3,3,0.03
476,candidate_2,candidate_1,candidate_3,3,0.03
477,candidate_2,candidate_1,candidate_3,3,0.03
478,candidate_2,candidate_1,candidate_3,3,0.03
479,candidate_2,candidate_1,candidate_3,3,0.03
480,candidate_2,candidate_1,candidate_3,3,0.03
481,candidate_2,candidate_1,candidate_3,3,0.03
482,candidate_2,candidate_1,candidate_3,3,0.03
483,candidate_2,candidate_1,candidate_3,3,0.03
484,candidate_2,candidate_1,candidate_3,3,0.03
485,candidate_2,candidate_1,candidate_3,3,0.03
486,candidate_2,candidate_1,candidate_3,3,0.03
487,candidate_2,candidate_1,candidate_3,3,0.03
488,candidate_2,candidate_1,candidate_3,3,0.03
489,candidate_2,candidate_1,candidate_3,3,0.03
490,candidate_2,candidate_1,candidate_3,3,0.03
491,candidate_2,candidate_1,candidate_3,3,0.03
492,candidate_2,candidate_1,candidate_3,3,0.03
493,candidate_2,candidate_1,candidate_3,3,0.03
494,candidate_2,candidate_1,candidate_3,3,0.03
495,candidate_2,0,candidate_3,3,0.03
496,candidate_2,candidate_1,candidate_3,3,0.03
497,candidate_2,candidate_1,candidate_3,3,0.03
498,candidate_2,candidate_1,candidate_3,3,0.03
499,candidate_2,candidate_1,candidate_3,3,0.03
500,candidate_2,candidate_1,candidate_3,3,0.03
501,candidate_2,candidate_1,candidate_3,3,0.03
502,candidate_2,candidate_1,candidate_3,3,0.03
503,candidate_2,candidate_1,candidate_3,3,0.03
504,candidate_2,candidate_1,candidate_3,3,0.03
505,candidate_2,candidate_1,candidate_3,3,0.03
506,candidate_2,candidate_1,candidate_3,3,0.03
507,candidate_2,candidate_1,candidate_3,3,0.03
508,candidate_2,candidate_1,0,3,0.03
509,candidate_2,candidate_1,candidate_3,3,0.03
510,candidate_2,candidate_1,candidate_3,3,0.03
511,candidate_2,candidate_1,candidate_3,3,0.03
512,candidate_2,candidate_1,candidate_3,3,0.03
513,candidate_2,candidate_1,candidate_3,3,0.03
514,candidate_2,candidate_1,candidate_3,3,0.03
515,candidate_2,candidate_1,0,3,0.03
516,candidate_2,candidate_1,candidate_3,3,0.03
517,candidate_2,candidate_1,candidate_3,3,0.03
518,candidate_2,candidate_1,candidate_3,3,0.03
519,candidate_2,candidate_1,candidate_3,3,0.03
520,candidate_2,candidate_1,candidate_3,3,0.03
521,candidate_2,candidate_1,candidate_3,3,0.03
522,candidate_2,candidate_1,candidate_3,3,0.03
523,candidate_2,candidate_1,candidate_3,3,0.03
524,candidate_2,candidate_1,candidate_3,3,0.03
525,candidate_2,candidate_1,candidate_3,3,0.03
526,candidate_2,candidate_1,candidate_3,3,0.03
527,candidate_2,candidate_1,candidate_3,3,0.03
528,candidate_2,candidate_1,candidate_3,3,0.03
529,0,candidate_1,candidate_3,3,0.03
530,candidate_2,candidate_1,candidate_3,3,0.03
531,candidate_2,candidate_1,candidate_3,3,0.03
532,candidate_2,candidate_1,candidate_3,3,0.03
533,candidate_2,candidate_1,candidate_3,3,0.03
534,candidate_2,candidate_1,candidate_3,3,0.03
535,candidate_2,candidate_1,candidate_3,3,0.03
536,candidate_2,candidate_1,candidate_3,3,0.03
537,candidate_2,candidate_1,candidate_3,3,0.03
538,candidate_2,candidate_1,candidate_3,3,0.03
539,candidate_2,candidate_1,candidate_3,3,0.03
540,candidate_2,candidate_1,candidate_3,3,0.03
541,candidate_2,candidate_1,candidate_3,3,0.03
542,candidate_2,candidate_1,0,3,0.03
543,candidate_2,candidate_1,candidate_3,3,0.03
544,candidate_2,candidate_1,candidate_3,3,0.03
545,candidate_2,candidate_1,candidate_3,3,0.03
546,candidate_2,candidate_1,candidate_3,3,0.03
547,candidate_2,candidate_1,candidate_3,3,0.03
548,candidate_2,candidate_1,candidate_3,3,0.03
549,candidate_2,candidate_1,candidate_3,3,0.03
550,candidate_2,candidate_1,candidate_3,3,0.03
551,candidate_2,candidate_1,candidate_3,3,0.03
552,candidate_2,candidate_1,candidate_3,3,0.03
553,candidate_2,candidate_1,candidate_3,3,0.03
554,candidate_2,candidate_1,candidate_3,3,0.03
555,candidate_2,candidate_1,candidate_3,3,0.03
556,candidate_2,candidate_1,candidate_3,3,0.03
557,candidate_2,candidate_1,candidate_3,3,0.03
558,candidate_2,candidate_1,candidate_3,3,0.03
559,candidate_2,candidate_1,candidate_3,3,0.03
560,candidate_2,candidate_1,candidate_3,3,0.03
561,candidate_2,candidate_1,candidate_3,3,0.03
562,candidate_2,candidate_1,candidate_3,3,0.03
563,candidate_2,candidate_1,candidate_3,3,0.03
564,candidate_2,candidate_1,candidate_3,3,0.03
565,candidate_2,candidate_1,candidate_3,3,0.03
566,candidate_2,candidate_1,candidate_3,3,0.03
567,candidate_2,candidate_1,candidate_3,3,0.03
568,candidate_2,candidate_1,candidate_3,3,0.03
569,candidate_2,candidate_1,candidate_3,3,0.03
570,candidate_2,candidate_1,candidate_3,3,0.03
571,candidate_2,candidate_1,candidate_3,3,0.03
572,candidate_2,0,candidate_3,3,0.03
573,candidate_2,candidate_1,candidate_3,3,0.03
574,candidate_2,0,candidate_3,3,0.03
575,candidate_2,candidate_1,candidate_3,3,0.03
576,candidate_2,candidate_1,candidate_3,3,0.03
577,candidate_2,candidate_1,candidate_3,3,0.03
578,candidate_2,candidate_1,candidate_3,3,0.03
579,candidate_2,candidate_1,candidate_3,3,0.03
580,candidate_2,candidate_1,candidate_3,3,0.03
581,candidate_2,candidate_1,candidate_3,3,0.03
582,candidate_2,candidate_1,candidate_3,3,0.03
583,candidate_2,candidate_1,candidate_3,3,0.03
584,candidate_2,0,candidate_3,3,0.03
585,candidate_2,candidate_1,candidate_3,3,0.03
586,candidate_2,candidate_1,candidate_3,3,0.03
587,candidate_2,candidate_1,candidate_3,3,0.03
588,candidate_2,candidate_1,candidate_3,3,0.03
589,candidate_2,candidate_1,candidate_3,3,0.03
590,candidate_2,candidate_1,candidate_3,3,0.03
591,candidate_2,candidate_1,candidate_3,3,0.03
592,candidate_2,candidate_1,candidate_3,3,0.03
593,candidate_2,candidate_1,candidate_3,3,0.03
594,candidate_2,candidate_1,candidate_3,3,0.03
595,candidate_2,candidate_1,candidate_3,3,0.03
596,candidate_2,candidate_1,candidate_3,3,0.03
597,candidate_2,candidate_1,candidate_3,3,0.03
598,candidate_2,candidate_1,candidate_3,3,0.03
599,candidate_2,candidate_1,candidate_3,3,0.03
600,candidate_2,candidate_1,candidate_3,3,0.03
601,candidate_2,candidate_1,candidate_3,3,0.03
602,candidate_2,candidate_1,candidate_3,3,0.03
603,candidate_2,candidate_1,candidate_3,3,0.03
604,candidate_2,candidate_1,candidate_3,3,0.03
605,candidate_2,candidate_1,candidate_3,3,0.03
606,candidate_2,candidate_1,candidate_3,3,0.03
607,candidate_2,candidate_1,candidate_3,3,0.03
608,candidate_2,candidate_1,candidate_3,3,0.03
609,candidate_2,candidate_1,candidate_3,3,0.03
610,candidate_2,candidate_1,candidate_3,3,0.03
611,candidate_2,candidate_1,candidate_3,3,0.03
612,candidate_2,candidate_1,candidate_3,3,0.03
613,candidate_2,candidate_1,candidate_3,3,0.03
614,candidate_2,candidate_1,candidate_3,3,0.03
615,candidate_2,candidate_1,candidate_3,3,0.03
616,candidate_2,candidate_1,candidate_3,3,0.03
617,candidate_2,candidate_1,candidate_3,3,0.03
618,candidate_2,candidate_1,candidate_3,3,0.03
619,candidate_2,candidate_1,candidate_3,3,0.03
620,candidate_2,candidate_1,candidate_3,3,0.03
621,candidate_2,candidate_1,candidate_3,3,0.03
622,candidate_2,candidate_1,candidate_3,3,0.03
623,candidate_2,candidate_1,candidate_3,3,0.03
624,candidate_2,candidate_1,candidate_3,3,0.03
625,candidate_2,candidate_1,candidate_3,3,0.03
626,candidate_2,candidate_1,candidate_3,3,0.03
627,candidate_2,candidate_1,candidate_3,3,0.03
628,candidate_2,candidate_1,candidate_3,3,0.03
629,candidate_2,candidate_1,candidate_3,3,0.03
630,candidate_2,candidate_1,candidate_3,3,0.03
631,candidate_2,candidate_1,candidate_3,3,0.03
632,0,candidate_1,candidate_3,3,0.03
633,candidate_2,candidate_1,candidate_3,3,0.03
634,candidate_2,candidate_1,candidate_3,3,0.03
635,candidate_2,candidate_1,candidate_3,3,0.03
636,candidate_2,candidate_1,candidate_3,3,0.03
637,candidate_2,candidate_1,candidate_3,3,0.03
638,candidate_2,candidate_1,candidate_3,3,0.03
639,candidate_2,candidate_1,candidate_3,3,0.03
640,candidate_2,candidate_1,candidate_3,3,0.03
641,candidate_2,candidate_1,candidate_3,3,0.03
642,candidate_2,candidate_1,candidate_3,3,0.03
643,candidate_2,candidate_1,candidate_3,3,0.03
644,candidate_2,candidate_1,candidate_3,3,0.03
645,candidate_2,candidate_1,candidate_3,3,0.03
646,candidate_2,candidate_1,candidate_3,3,0.03
647,candidate_2,candidate_1,candidate_3,3,0.03
648,candidate_2,candidate_1,candidate_3,3,0.03
649,candidate_2,candidate_1,candidate_3,3,0.03
650,candidate_2,candidate_1,candidate_3,3,0.03
651,candidate_2,candidate_1,candidate_3,3,0.03
652,candidate_2,candidate_1,candidate_3,3,0.03
653,candidate_2,candidate_1,candidate_3,3,0.03
654,candidate_2,candidate_1,candidate_3,3,0.03
655,candidate_2,candidate_1,candidate_3,3,0.03
656,candidate_2,candidate_1,candidate_3,3,0.03
657,candidate_2,candidate_1,candidate_3,3,0.03
658,candidate_2,candidate_1,candidate_3,3,0.03
659,candidate_2,candidate_1,candidate_3,3,0.03
660,candidate_2,candidate_1,candidate_3,3,0.03
661,candidate_2,candidate_1,candidate_3,3,0.03
662,candidate_2,candidate_1,candidate_3,3,0.03
663,candidate_2,candidate_1,candidate_3,3,0.03
664,candidate_2,candidate_1,candidate_3,3,0.03
665,candidate_2,candidate_1,candidate_3,3,0.03
666,candidate_2,candidate_1,candidate_3,3,0.03
667,candidate_2,candidate_1,candidate_3,3,0.03
668,candidate_2,candidate_1,candidate_3,3,0.03
669,candidate_2,candidate_1,candidate_3,3,0.03
670,candidate_2,candidate_1,candidate_3,3,0.03
671,candidate_2,candidate_1,candidate_3,3,0.03
672,candidate_2,candidate_1,candidate_3,3,0.03
673,candidate_2,candidate_1,candidate_3,3,0.03
674,candidate_2,candidate_1,candidate_3,3,0.03
675,candidate_2,candidate_1,candidate_3,3,0.03
676,candidate_2,candidate_1,candidate_3,3,0.03
677,candidate_2,candidate_1,candidate_3,3,0.03
678,candidate_2,candidate_1,candidate_3,3,0.03
679,candidate_2,candidate_1,candidate_3,3,0.03
680,candidate_2,candidate_1,candidate_3,3,0.03
681,candidate_2,0,candidate_3,3,0.03
682,candidate_2,candidate_1,candidate_3,3,0.03
683,candidate_2,candidate_1,candidate_3,3,0.03
684,candidate_2,candidate_1,candidate_3,3,0.03
685,candidate_2,candidate_1,candidate_3,3,0.03
686,candidate_2,candidate_1,candidate_3,3,0.03
687,0,candidate_1,candidate_3,3,0.03
688,candidate_2,candidate_1,candidate_3,3,0.03
689,candidate_2,candidate_1,candidate_3,3,0.03
690,candidate_2,candidate_1,candidate_3,3,0.03
691,candidate_2,candidate_1,candidate_3,3,0.03
692,candidate_2,candidate_1,candidate_3,3,0.03
693,0,candidate_1,candidate_3,3,0.03
694,candidate_2,candidate_1,0,3,0.03
695,candidate_2,candidate_1,candidate_3,3,0.03
696,candidate_2,candidate_1,candidate_3,3,0.03
697,candidate_2,candidate_1,candidate_3,3,0.03
698,candidate_2,candidate_1,candidate_3,3,0.03
699,candidate_2,candidate_1,candidate_3,3,0.03
700,candidate_2,candidate_1,0,3,0.03
701,candidate_2,candidate_1,candidate_3,3,0.03
702,candidate_2,candidate_1,candidate_3,3,0.03
703,candidate_2,candidate_1,candidate_3,3,0.03
704,candidate_2,candidate_1,candidate_3,3,0.03
705,candidate_2,candidate_1,candidate_3,3,0.03
706,candidate_2,candidate_1,candidate_3,3,0.03
707,candidate_2,candidate_1,candidate_3,3,0.03
708,candidate_2,candidate_1,candidate_3,3,0.03
709,candidate_2,candidate_1,candidate_3,3,0.03
710,candidate_2,candidate_1,0,3,0.03
711,candidate_2,candidate_1,candidate_3,3,0.03
712,candidate_2,candidate_1,candidate_3,3,0.03
713,candidate_2,candidate_1,candidate_3,3,0.03
714,0,candidate_1,candidate_3,3,0.03
715,candidate_2,candidate_1,candidate_3,3,0.03
716,0,candidate_1,candidate_3,3,0.03
717,candidate_2,candidate_1,candidate_3,3,0.03
718,candidate_2,candidate_1,candidate_3,3,0.03
719,candidate_2,candidate_1,candidate_3,3,0.03
720,candidate_2,candidate_1,candidate_3,3,0.03
721,candidate_2,candidate_1,candidate_3,3,0.03
722,candidate_2,candidate_1,candidate_3,3,0.03
723,candidate_2,candidate_1,candidate_3,3,0.03
724,candidate_2,candidate_1,candidate_3,3,0.03
725,candidate_2,candidate_1,candidate_3,3,0.03
726,candidate_2,candidate_1,candidate_3,3,0.03
727,candidate_2,candidate_1,candidate_3,3,0.03
728,candidate_2,candidate_1,candidate_3,3,0.03
729,candidate_2,candidate_1,candidate_3,3,0.03
730,candidate_2,0,candidate_3,3,0.03
731,candidate_2,candidate_1,candidate_3,3,0.03
732,candidate_2,candidate_1,candidate_3,3,0.03
733,candidate_2,candidate_1,candidate_3,3,0.03
734,candidate_2,candidate_1,candidate_3,3,0.03
735,candidate_2,candidate_1,candidate_3,3,0.03
736,candidate_2,candidate_1,candidate_3,3,0.03
737,candidate_2,candidate_1,candidate_3,3,0.03
738,candidate_2,candidate_1,candidate_3,3,0.03
739,candidate_2,candidate_1,candidate_3,3,0.03
740,candidate_2,candidate_1,candidate_3,3,0.03
741,candidate_2,candidate_1,candidate_3,3,0.03
742,candidate_2,candidate_1,candidate_3,3,0.03
743,candidate_2,candidate_1,candidate_3,3,0.03
744,candidate_2,candidate_1,candidate_3,3,0.03
745,candidate_2,candidate_1,candidate_3,3,0.03
746,candidate_2,candidate_1,candidate_3,3,0.03
747,candidate_2,candidate_1,candidate_3,3,0.03
748,candidate_2,candidate_1,candidate_3,3,0.03
749,candidate_2,candidate_1,candidate_3,3,0.03
750,candidate_2,candidate_1,candidate_3,3,0.03
751,candidate_2,candidate_1,candidate_3,3,0.03
752,candidate_2,candidate_1,candidate_3,3,0.03
753,candidate_2,candidate_1,candidate_3,3,0.03
754,candidate_2,candidate_1,candidate_3,3,0.03
755,candidate_2,candidate_1,candidate_3,3,0.03
756,candidate_2,candidate_1,candidate_3,3,0.03
757,candidate_2,candidate_1,candidate_3,3,0.03
758,candidate_2,candidate_1,candidate_3,3,0.03
759,candidate_2,candidate_1,candidate_3,3,0.03
760,candidate_2,candidate_1,candidate_3,3,0.03
761,candidate_2,candidate_1,0,3,0.03
762,candidate_2,candidate_1,candidate_3,3,0.03
763,candidate_2,candidate_1,candidate_3,3,0.03
764,candidate_2,candidate_1,candidate_3,3,0.03
765,candidate_2,candidate_1,candidate_3,3,0.03
766,candidate_2,candidate_1,candidate_3,3,0.03
767,candidate_2,candidate_1,candidate_3,3,0.03
768,candidate_2,candidate_1,candidate_3,3,0.03
769,candidate_2,candidate_1,candidate_3,3,0.03
770,candidate_2,candidate_1,candidate_3,3,0.03
771,candidate_2,candidate_1,candidate_3,3,0.03
772,candidate_2,candidate_1,candidate_3,3,0.03
773,candidate_2,candidate_1,candidate_3,3,0.03
774,candidate_2,candidate_1,candidate_3,3,0.03
775,candidate_2,candidate_1,candidate_3,3,0.03
776,candidate_2,candidate_1,candidate_3,3,0.03
777,0,candidate_1,candidate_3,3,0.03
778,candidate_2,candidate_1,candidate_3,3,0.03
779,candidate_2,0,candidate_3,3,0.03
780,candidate_2,candidate_1,candidate_3,3,0.03
781,candidate_2,candidate_1,candidate_3,3,0.03
782,candidate_2,candidate_1,candidate_3,3,0.03
783,candidate_2,candidate_1,candidate_3,3,0.03
784,candidate_2,candidate_1,candidate_3,3,0.03
785,candidate_2,candidate_1,candidate_3,3,0.03
786,candidate_2,candidate_1,candidate_3,3,0.03
787,candidate_2,candidate_1,candidate_3,3,0.03
788,candidate_2,candidate_1,candidate_3,3,0.03
789,candidate_2,candidate_1,candidate_3,3,0.03
790,0,candidate_1,candidate_3,3,0.03
791,candidate_2,candidate_1,candidate_3,3,0.03
792,candidate_2,0,candidate_3,3,0.03
793,candidate_2,candidate_1,candidate_3,3,0.03
794,candidate_2,candidate_1,candidate_3,3,0.03
795,candidate_2,candidate_1,candidate_3,3,0.03
796,candidate_2,candidate_1,candidate_3,3,0.03
797,candidate_2,candidate_1,candidate_3,3,0.03
798,candidate_2,candidate_1,candidate_3,3,0.03
799,candidate_2,candidate_1,candidate_3,3,0.03
800,candidate_2,0,candidate_3,3,0.03
801,candidate_2,candidate_1,candidate_3,3,0.03
802,candidate_2,candidate_1,candidate_3,3,0.03
803,candidate_2,candidate_1,candidate_3,3,0.03
804,candidate_2,candidate_1,candidate_3,3,0.03
805,candidate_2,candidate_1,candidate_3,3,0.03
806,candidate_2,candidate_1,candidate_3,3,0.03
807,candidate_2,candidate_1,candidate_3,3,0.03
808,candidate_2,candidate_1,candidate_3,3,0.03
809,candidate_2,candidate_1,candidate_3,3,0.03
810,candidate_2,candidate_1,candidate_3,3,0.03
811,candidate_2,candidate_1,candidate_3,3,0.03
812,candidate_2,candidate_1,candidate_3,3,0.03
813,candidate_2,candidate_1,candidate_3,3,0.03
814,candidate_2,candidate_1,candidate_3,3,0.03
815,candidate_2,candidate_1,candidate_3,3,0.03
816,candidate_2,candidate_1,candidate_3,3,0.03
817,candidate_2,candidate_1,candidate_3,3,0.03
818,candidate_2,candidate_1,candidate_3,3,0.03
819,candidate_2,candidate_1,candidate_3,3,0.03
820,candidate_2,candidate_1,candidate_3,3,0.03
821,candidate_2,candidate_1,0,3,0.03
822,candidate_2,candidate_1,candidate_3,3,0.03
823,candidate_2,candidate_1,candidate_3,3,0.03
824,candidate_2,candidate_1,candidate_3,3,0.03
825,candidate_2,candidate_1,candidate_3,3,0.03
826,candidate_2,candidate_1,candidate_3,3,0.03
827,candidate_2,candidate_1,candidate_3,3,0.03
828,0,candidate_1,candidate_3,3,0.03
829,candidate_2,candidate_1,candidate_3,3,0.03
830,candidate_2,candidate_1,candidate_3,3,0.03
831,candidate_2,candidate_1,candidate_3,3,0.03
832,candidate_2,candidate_1,candidate_3,3,0.03
833,candidate_2,candidate_1,candidate_3,3,0.03
834,candidate_2,candidate_1,candidate_3,3,0.03
835,candidate_2,candidate_1,candidate_3,3,0.03
836,candidate_2,candidate_1,candidate_3,3,0.03
837,candidate_2,candidate_1,candidate_3,3,0.03
838,candidate_2,candidate_1,0,3,0.03
839,candidate_2,candidate_1,candidate_3,3,0.03
840,candidate_2,candidate_1,candidate_3,3,0.03
841,candidate_2,candidate_1,0,3,0.03
842,candidate_2,candidate_1,candidate_3,3,0.03
843,candidate_2,candidate_1,candidate_3,3,0.03
844,candidate_2,candidate_1,candidate_3,3,0.03
845,candidate_2,candidate_1,candidate_3,3,0.03
846,candidate_2,candidate_1,candidate_3,3,0.03
847,candidate_2,candidate_1,candidate_3,3,0.03
848,candidate_2,candidate_1,candidate_3,3,0.03
849,candidate_2,candidate_1,0,3,0.03
850,candidate_2,candidate_1,candidate_3,3,0.03
851,candidate_2,candidate_1,candidate_3,3,0.03
852,candidate_2,candidate_1,0,3,0.03
853,candidate_2,candidate_1,candidate_3,3,0.03
854,candidate_2,candidate_1,candidate_3,3,0.03
855,candidate_2,candidate_1,candidate_3,3,0.03
856,candidate_2,candidate_1,candidate_3,3,0.03
857,candidate_2,candidate_1,candidate_3,3,0.03
858,candidate_2,candidate_1,candidate_3,3,0.03
859,candidate_2,candidate_1,candidate_3,3,0.03
860,candidate_2,candidate_1,candidate_3,3,0.03
861,candidate_2,candidate_1,candidate_3,3,0.03
862,candidate_2,candidate_1,candidate_3,3,0.03
863,candidate_2,candidate_1,candidate_3,3,0.03
864,candidate_2,candidate_1,candidate_3,3,0.03
865,candidate_2,candidate_1,candidate_3,3,0.03
866,candidate_2,candidate_1,candidate_3,3,0.03
867,candidate_2,candidate_1,candidate_3,3,0.03
868,candidate_2,candidate_1,candidate_3,3,0.03
869,candidate_2,candidate_1,candidate_3,3,0.03
870,candidate_2,candidate_1,candidate_3,3,0.03
871,candidate_2,candidate_1,candidate_3,3,0.03
872,candidate_2,candidate_1,candidate_3,3,0.03
873,candidate_2,candidate_1,candidate_3,3,0.03
874,candidate_2,candidate_1,candidate_3,3,0.03
875,candidate_2,candidate_1,candidate_3,3,0.03
876,candidate_2,candidate_1,candidate_3,3,0.03
877,candidate_2,candidate_1,candidate_3,3,0.03
878,candidate_2,candidate_1,candidate_3,3,0.03
879,0,candidate_1,candidate_3,3,0.03
880,candidate_2,candidate_1,candidate_3,3,0.03
881,candidate_2,candidate_1,candidate_3,3,0.03
882,candidate_2,candidate_1,candidate_3,3,0.03
883,candidate_2,candidate_1,candidate_3,3,0.03
884,candidate_2,candidate_1,candidate_3,3,0.03
885,candidate_2,candidate_1,candidate_3,3,0.03
886,candidate_2,candidate_1,candidate_3,3,0.03
887,candidate_2,candidate_1,candidate_3,3,0.03
888,candidate_2,candidate_1,candidate_3,3,0.03
889,candidate_2,candidate_1,candidate_3,3,0.03
890,candidate_2,candidate_1,candidate_3,3,0.03
891,0,candidate_1,0,3,0.03
892,candidate_2,candidate_1,candidate_3,3,0.03
893,0,candidate_1,candidate_3,3,0.03
894,candidate_2,candidate_1,candidate_3,3,0.03
895,candidate_2,candidate_1,candidate_3,3,0.03
896,candidate_2,candidate_1,candidate_3,3,0.03
897,candidate_2,candidate_1,candidate_3,3,0.03
898,0,candidate_1,candidate_3,3,0.03
899,candidate_2,candidate_1,candidate_3,3,0.03
900,candidate_2,candidate_1,candidate_3,3,0.03
901,candidate_2,candidate_1,candidate_3,3,0.03
902,candidate_2,candidate_1,candidate_3,3,0.03
903,candidate_2,candidate_1,candidate_3,3,0.03
904,candidate_2,candidate_1,candidate_3,3,0.03
905,candidate_2,candidate_1,candidate_3,3,0.03
906,candidate_2,candidate_1,candidate_3,3,0.03
907,candidate_2,candidate_1,candidate_3,3,0.03
908,candidate_2,candidate_1,candidate_3,3,0.03
909,candidate_2,candidate_1,candidate_3,3,0.03
910,candidate_2,candidate_1,candidate_3,3,0.03
911,candidate_2,candidate_1,candidate_3,3,0.03
912,candidate_2,candidate_1,candidate_3,3,0.03
913,candidate_2,candidate_1,candidate_3,3,0.03
914,candidate_2,candidate_1,candidate_3,3,0.03
915,candidate_2,0,candidate_3,3,0.03
916,candidate_2,candidate_1,candidate_3,3,0.03
917,candidate_2,candidate_1,candidate_3,3,0.03
918,candidate_2,candidate_1,candidate_3,3,0.03
919,candidate_2,candidate_1,candidate_3,3,0.03
920,candidate_2,candidate_1,candidate_3,3,0.03
921,candidate_2,candidate_1,candidate_3,3,0.03
922,candidate_2,candidate_1,candidate_3,3,0.03
923,candidate_2,candidate_1,candidate_3,3,0.03
924,candidate_2,candidate_1,candidate_3,3,0.03
925,candidate_2,0,candidate_3,3,0.03
926,candidate_2,candidate_1,candidate_3,3,0.03
927,candidate_2,candidate_1,candidate_3,3,0.03
928,candidate_2,candidate_1,candidate_3,3,0.03
929,candidate_2,candidate_1,candidate_3,3,0.03
930,candidate_2,candidate_1,candidate_3,3,0.03
931,candidate_2,candidate_1,candidate_3,3,0.03
932,candidate_2,candidate_1,candidate_3,3,0.03
933,candidate_2,candidate_1,candidate_3,3,0.03
934,candidate_2,candidate_1,candidate_3,3,0.03
935,candidate_2,candidate_1,candidate_3,3,0.03
936,candidate_2,candidate_1,candidate_3,3,0.03
937,candidate_2,candidate_1,candidate_3,3,0.03
938,candidate_2,candidate_1,candidate_3,3,0.03
939,candidate_2,candidate_1,candidate_3,3,0.03
940,candidate_2,candidate_1,candidate_3,3,0.03
941,candidate_2,candidate_1,candidate_3,3,0.03
942,candidate_2,candidate_1,candidate_3,3,0.03
943,candidate_2,candidate_1,candidate_3,3,0.03
944,candidate_2,candidate_1,candidate_3,3,0.03
945,candidate_2,candidate_1,candidate_3,3,0.03
946,candidate_2,candidate_1,candidate_3,3,0.03
947,candidate_2,candidate_1,candidate_3,3,0.03
948,candidate_2,candidate_1,candidate_3,3,0.03
949,candidate_2,candidate_1,candidate_3,3,0.03
950,candidate_2,candidate_1,candidate_3,3,0.03
951,candidate_2,candidate_1,candidate_3,3,0.03
952,candidate_2,0,candidate_3,3,0.03
953,candidate_2,candidate_1,candidate_3,3,0.03
954,candidate_2,candidate_1,candidate_3,3,0.03
955,candidate_2,candidate_1,candidate_3,3,0.03
956,candidate_2,candidate_1,0,3,0.03
957,candidate_2,candidate_1,candidate_3,3,0.03
958,candidate_2,candidate_1,candidate_3,3,0.03
959,candidate_2,candidate_1,candidate_3,3,0.03
960,candidate_2,candidate_1,candidate_3,3,0.03
961,candidate_2,candidate_1,0,3,0.03
962,candidate_2,candidate_1,candidate_3,3,0.03
963,candidate_2,candidate_1,candidate_3,3,0.03
964,candidate_2,candidate_1,candidate_3,3,0.03
965,candidate_2,candidate_1,candidate_3,3,0.03
966,candidate_2,candidate_1,candidate_3,3,0.03
967,candidate_2,candidate_1,candidate_3,3,0.03
968,candidate_2,candidate_1,candidate_3,3,0.03
969,candidate_2,candidate_1,candidate_3,3,0.03
970,candidate_2,candidate_1,candidate_3,3,0.03
971,candidate_2,candidate_1,candidate_3,3,0.03
972,candidate_2,candidate_1,candidate_3,3,0.03
973,candidate_2,candidate_1,candidate_3,3,0.03
974,candidate_2,candidate_1,candidate_3,3,0.03
975,candidate_2,candidate_1,candidate_3,3,0.03
976,candidate_2,candidate_1,candidate_3,3,0.03
977,candidate_2,candidate_1,candidate_3,3,0.03
978,candidate_2,candidate_1,candidate_3,3,0.03
979,candidate_2,candidate_1,candidate_3,3,0.03
980,candidate_2,candidate_1,candidate_3,3,0.03
981,candidate_2,candidate_1,candidate_3,3,0.03
982,candidate_2,candidate_1,candidate_3,3,0.03
983,candidate_2,candidate_1,candidate_3,3,0.03
984,candidate_2,candidate_1,candidate_3,3,0.03
985,candidate_2,candidate_1,candidate_3,3,0.03
986,candidate_2,candidate_1,candidate_3,3,0.03
987,candidate_2,candidate_1,candidate_3,3,0.03
988,candidate_2,candidate_1,candidate_3,3,0.03
989,candidate_2,candidate_1,candidate_3,3,0.03
990,candidate_2,candidate_1,candidate_3,3,0.03
991,candidate_2,candidate_1,candidate_3,3,0.03
992,candidate_2,candidate_1,candidate_3,3,0.03
993,candidate_2,candidate_1,candidate_3,3,0.03
994,candidate_2,candidate_1,candidate_3,3,0.03
995,candidate_2,candidate_1,candidate_3,3,0.03
996,candidate_2,candidate_1,candidate_3,3,0.03
997,candidate_2,candidate_1,0,3,0.03
998,candidate_2,candidate_1,candidate_3,3,0.03
999,candidate_2,candidate_1,candidate_3,3,0.03
1000,candidate_2,candidate_1,candidate_3,3,0.03
1001,candidate_2,candidate_1,candidate_3,3,0.03
1002,candidate_2,candidate_1,candidate_3,3,0.03
1003,candidate_2,candidate_1,candidate_3,3,0.03
1004,candidate_2,candidate_1,candidate_3,3,0.03
1005,candidate_2,candidate_1,0,3,0.03
1006,candidate_2,candidate_1,candidate_3,3,0.03
1007,candidate_2,0,candidate_3,3,0.03
1008,candidate_2,candidate_1,candidate_3,3,0.03
1009,candidate_2,candidate_1,candidate_3,3,0.03
1010,candidate_2,candidate_1,candidate_3,3,0.03
1011,candidate_2,candidate_1,candidate_3,3,0.03
1012,candidate_2,candidate_1,candidate_3,3,0.03
1013,candidate_2,candidate_1,candidate_3,3,0.03
1014,candidate_2,candidate_1,candidate_3,3,0.03
1015,candidate_2,candidate_1,candidate_3,3,0.03
1016,candidate_2,candidate_1,candidate_3,3,0.03
1017,candidate_2,candidate_1,0,3,0.03
1018,candidate_2,candidate_1,candidate_3,3,0.03
1019,candidate_2,candidate_1,candidate_3,3,0.03
1020,candidate_2,candidate_1,candidate_3,3,0.03
1021,candidate_2,candidate_1,candidate_3,3,0.03
1022,candidate_2,candidate_1,candidate_3,3,0.03
1023,0,candidate_1,candidate_3,3,0.03
1024,candidate_2,candidate_1,candidate_3,3,0.03
1025,candidate_2,candidate_1,candidate_3,3,0.03
1026,candidate_2,candidate_1,candidate_3,3,0.03
1027,candidate_2,candidate_1,candidate_3,3,0.03
1028,candidate_2,candidate_1,candidate_3,3,0.03
1029,candidate_2,candidate_1,candidate_3,3,0.03
1030,candidate_2,candidate_1,0,3,0.03
1031,candidate_2,candidate_1,candidate_3,3,0.03
1032,candidate_2,candidate_1,candidate_3,3,0.03
1033,candidate_2,candidate_1,candidate_3,3,0.03
1034,candidate_2,candidate_1,candidate_3,3,0.03
1035,candidate_2,candidate_1,candidate_3,3,0.03
1036,candidate_2,candidate_1,candidate_3,3,0.03
1037,candidate_2,candidate_1,candidate_3,3,0.03
1038,candidate_2,candidate_1,candidate_3,3,0.03
1039,candidate_2,candidate_1,candidate_3,3,0.03
1040,candidate_2,candidate_1,candidate_3,3,0.03
1041,candidate_2,candidate_1,candidate_3,3,0.03
1042,candidate_2,candidate_1,candidate_3,3,0.03
1043,candidate_2,candidate_1,candidate_3,3,0.03
1044,candidate_2,candidate_1,candidate_3,3,0.03
1045,candidate_2,candidate_1,candidate_3,3,0.03
1046,candidate_2,candidate_1,candidate_3,3,0.03
1047,candidate_2,candidate_1,candidate_3,3,0.03
1048,candidate_2,candidate_1,candidate_3,3,0.03
1049,candidate_2,candidate_1,candidate_3,3,0.03
1050,candidate_2,candidate_1,candidate_3,3,0.03
1051,candidate_2,candidate_1,candidate_3,3,0.03
1052,candidate_2,candidate_1,candidate_3,3,0.03
1053,candidate_2,candidate_1,candidate_3,3,0.03
1054,candidate_2,candidate_1,candidate_3,3,0.03
1055,candidate_2,candidate_1,candidate_3,3,0.03
1056,candidate_2,candidate_1,candidate_3,3,0.03
1057,candidate_2,candidate_1,candidate_3,3,0.03
1058,candidate_2,candidate_1,candidate_3,3,0.03
1059,candidate_2,candidate_1,candidate_3,3,0.03
1060,candidate_2,candidate_1,candidate_3,3,0.03
1061,candidate_2,candidate_1,candidate_3,3,0.03
1062,candidate_2,candidate_1,candidate_3,3,0.03
1063,candidate_2,candidate_1,candidate_3,3,0.03
1064,candidate_2,candidate_1,candidate_3,3,0.03
1065,candidate_2,candidate_1,candidate_3,3,0.03
1066,candidate_2,candidate_1,candidate_3,3,0.03
1067,0,candidate_1,candidate_3,3,0.03
1068,candidate_2,candidate_1,candidate_3,3,0.03
1069,candidate_2,candidate_1,0,3,0.03
1070,candidate_2,candidate_1,candidate_3,3,0.03
1071,candidate_2,candidate_1,candidate_3,3,0.03
1072,candidate_2,candidate_1,candidate_3,3,0.03
1073,candidate_2,candidate_1,candidate_3,3,0.03
1074,candidate_2,candidate_1,candidate_3,3,0.03
1075,candidate_2,candidate_1,candidate_3,3,0.03
1076,candidate_2,candidate_1,candidate_3,3,0.03
1077,candidate_2,candidate_1,candidate_3,3,0.03
1078,candidate_2,candidate_1,candidate_3,3,0.03
1079,candidate_2,candidate_1,candidate_3,3,0.03
1080,candidate_2,candidate_1,candidate_3,3,0.03
1081,candidate_2,candidate_1,candidate_3,3,0.03
1082,candidate_2,candidate_1,candidate_3,3,0.03
1083,candidate_2,candidate_1,candidate_3,3,0.03
1084,candidate_2,candidate_1,candidate_3,3,0.03
1085,candidate_2,candidate_1,candidate_3,3,0.03
1086,candidate_2,candidate_1,candidate_3,3,0.03
1087,candidate_2,candidate_1,candidate_3,3,0.03
1088,candidate_2,candidate_1,candidate_3,3,0.03
1089,candidate_2,candidate_1,candidate_3,3,0.03
1090,candidate_2,candidate_1,candidate_3,3,0.03
1091,candidate_2,candidate_1,0,3,0.03
1092,candidate_2,candidate_1,candidate_3,3,0.03
1093,candidate_2,candidate_1,candidate_3,3,0.03
1094,0,candidate_1,candidate_3,3,0.03
1095,candidate_2,candidate_1,candidate_3,3,0.03
1096,candidate_2,candidate_1,candidate_3,3,0.03
1097,candidate_2,candidate_1,candidate_3,3,0.03
1098,candidate_2,candidate_1,candidate_3,3,0.03
1099,candidate_2,candidate_1,candidate_3,3,0.03
1100,candidate_2,candidate_1,candidate_3,3,0.03
1101,candidate_2,candidate_1,candidate_3,3,0.03
1102,candidate_2,candidate_1,candidate_3,3,0.03
1103,candidate_2,candidate_1,candidate_3,3,0.03
1104,candidate_2,candidate_1,candidate_3,3,0.03
1105,candidate_2,candidate_1,candidate_3,3,0.03
1106,candidate_2,candidate_1,candidate_3,3,0.03
1107,candidate_2,candidate_1,candidate_3,3,0.03
1108,candidate_2,candidate_1,candidate_3,3,0.03
1109,candidate_2,candidate_1,candidate_3,3,0.03
1110,candidate_2,candidate_1,candidate_3,3,0.03
1111,candidate_2,candidate_1,0,3,0.03
1112,candidate_2,candidate_1,candidate_3,3,0.03
1113,candidate_2,candidate_1,candidate_3,3,0.03
1114,candidate_2,candidate_1,candidate_3,3,0.03
1115,candidate_2,candidate_1,candidate_3,3,0.03
1116,candidate_2,candidate_1,candidate_3,3,0.03
1117,candidate_2,candidate_1,candidate_3,3,0.03
1118,candidate_2,candidate_1,candidate_3,3,0.03
1119,candidate_2,candidate_1,candidate_3,3,0.03
1120,candidate_2,candidate_1,candidate_3,3,0.03
1121,candidate_2,candidate_1,candidate_3,3,0.03
1122,candidate_2,candidate_1,candidate_3,3,0.03
1123,candidate_2,candidate_1,candidate_3,3,0.03
1124,candidate_2,candidate_1,candidate_3,3,0.03
1125,candidate_2,candidate_1,candidate_3,3,0.03
1126,candidate_2,candidate_1,candidate_3,3,0.03
1127,candidate_2,candidate_1,candidate_3,3,0.03
1128,candidate_2,candidate_1,candidate_3,3,0.03
1129,candidate_2,candidate_1,candidate_3,3,0.03
1130,candidate_2,candidate_1,0,3,0.03
1131,candidate_2,candidate_1,candidate_3,3,0.03
1132,candidate_2,candidate_1,candidate_3,3,0.03
1133,candidate_2,candidate_1,candidate_3,3,0.03
1134,candidate_2,candidate_1,candidate_3,3,0.03
1135,candidate_2,candidate_1,candidate_3,3,0.03
1136,candidate_2,candidate_1,candidate_3,3,0.03
1137,candidate_2,candidate_1,candidate_3,3,0.03
1138,candidate_2,candidate_1,candidate_3,3,0.03
1139,candidate_2,candidate_1,candidate_3,3,0.03
1140,candidate_2,candidate_1,candidate_3,3,0.03
1141,candidate_2,candidate_1,candidate_3,3,0.03
1142,candidate_2,candidate_1,candidate_3,3,0.03
1143,candidate_2,candidate_1,candidate_3,3,0.03
1144,candidate_2,candidate_1,candidate_3,3,0.03
1145,candidate_2,candidate_1,candidate_3,3,0.03
1146,candidate_2,candidate_1,candidate_3,3,0.03
1147,candidate_2,candidate_1,candidate_3,3,0.03
1148,0,candidate_1,candidate_3,3,0.03
1149,candidate_2,candidate_1,candidate_3,3,0.03
1150,candidate_2,candidate_1,candidate_3,3,0.03
1151,candidate_2,candidate_1,candidate_3,3,0.03
1152,candidate_2,candidate_1,candidate_3,3,0.03
1153,candidate_2,candidate_1,candidate_3,3,0.03
1154,candidate_2,candidate_1,candidate_3,3,0.03
1155,candidate_2,candidate_1,candidate_3,3,0.03
1156,candidate_2,candidate_1,candidate_3,3,0.03
1157,candidate_2,candidate_1,candidate_3,3,0.03
1158,candidate_2,candidate_1,candidate_3,3,0.03
1159,candidate_2,candidate_1,candidate_3,3,0.03
1160,candidate_2,candidate_1,candidate_3,3,0.03
1161,candidate_2,candidate_1,candidate_3,3,0.03
1162,candidate_2,candidate_1,candidate_3,3,0.03
1163,candidate_2,candidate_1,candidate_3,3,0.03
1164,candidate_2,candidate_1,candidate_3,3,0.03
1165,candidate_2,candidate_1,candidate_3,3,0.03
1166,candidate_2,candidate_1,candidate_3,3,0.03
1167,candidate_2,candidate_1,candidate_3,3,0.03
1168,candidate_2,candidate_1,candidate_3,3,0.03
1169,candidate_2,candidate_1,candidate_3,3,0.03
1170,candidate_2,candidate_1,candidate_3,3,0.03
1171,candidate_2,candidate_1,candidate_3,3,0.03
1172,candidate_2,candidate_1,candidate_3,3,0.03
1173,candidate_2,candidate_1,candidate_3,3,0.03
0,candidate_2,candidate_3,candidate_1,3,0.03
1,candidate_2,candidate_3,candidate_1,3,0.03
2,candidate_2,candidate_3,candidate_1,3,0.03
3,candidate_2,candidate_3,candidate_1,3,0.03
4,candidate_2,candidate_3,0,3,0.03
5,candidate_2,candidate_3,candidate_1,3,0.03
6,candidate_2,candidate_3,candidate_1,3,0.03
7,candidate_2,candidate_3,candidate_1,3,0.03
8,candidate_2,candidate_3,candidate_1,3,0.03
9,candidate_2,candidate_3,candidate_1,3,0.03
10,candidate_2,candidate_3,candidate_1,3,0.03
11,candidate_2,candidate_3,candidate_1,3,0.03
12,candidate_2,0,candidate_1,3,0.03
13,candidate_2,candidate_3,candidate_1,3,0.03
14,candidate_2,candidate_3,candidate_1,3,0.03
15,candidate_2,candidate_3,candidate_1,3,0.03
16,candidate_2,candidate_3,candidate_1,3,0.03
17,candidate_2,candidate_3,candidate_1,3,0.03
18,candidate_2,0,candidate_1,3,0.03
19,candidate_2,candidate_3,candidate_1,3,0.03
20,candidate_2,candidate_3,candidate_1,3,0.03
21,candidate_2,candidate_3,candidate_1,3,0.03
22,candidate_2,candidate_3,candidate_1,3,0.03
23,candidate_2,candidate_3,candidate_1,3,0.03
24,candidate_2,candidate_3,candidate_1,3,0.03
25,candidate_2,candidate_3,candidate_1,3,0.03
26,candidate_2,candidate_3,candidate_1,3,0.03
27,candidate_2,candidate_3,candidate_1,3,0.03
28,candidate_2,candidate_3,candidate_1,3,0.03
29,candidate_2,candidate_3,candidate_1,3,0.03
30,candidate_2,candidate_3,candidate_1,3,0.03
31,candidate_2,candidate_3,candidate_1,3,0.03
32,candidate_2,candidate_3,candidate_1,3,0.03
33,candidate_2,candidate_3,candidate_1,3,0.03
34,candidate_2,candidate_3,candidate_1,3,0.03
35,candidate_2,candidate_3,candidate_1,3,0.03
36,candidate_2,candidate_3,candidate_1,3,0.03
37,candidate_2,candidate_3,candidate_1,3,0.03
38,candidate_2,candidate_3,candidate_1,3,0.03
39,candidate_2,candidate_3,candidate_1,3,0.03
40,candidate_2,candidate_3,candidate_1,3,0.03
41,candidate_2,candidate_3,candidate_1,3,0.03
42,candidate_2,candidate_3,candidate_1,3,0.03
43,candidate_2,candidate_3,candidate_1,3,0.03
44,candidate_2,candidate_3,candidate_1,3,0.03
45,candidate_2,candidate_3,candidate_1,3,0.03
46,candidate_2,candidate_3,candidate_1,3,0.03
47,candidate_2,candidate_3,candidate_1,3,0.03
48,candidate_2,candidate_3,candidate_1,3,0.03
49,candidate_2,candidate_3,candidate_1,3,0.03
50,candidate_2,candidate_3,candidate_1,3,0.03
51,candidate_2,candidate_3,candidate_1,3,0.03
52,candidate_2,candidate_3,candidate_1,3,0.03
53,0,candidate_3,candidate_1,3,0.03
54,candidate_2,candidate_3,candidate_1,3,0.03
55,candidate_2,candidate_3,candidate_1,3,0.03
56,candidate_2,candidate_3,candidate_1,3,0.03
57,candidate_2,candidate_3,candidate_1,3,0.03
58,candidate_2,candidate_3,candidate_1,3,0.03
59,candidate_2,candidate_3,candidate_1,3,0.03
60,candidate_2,candidate_3,candidate_1,3,0.03
61,candidate_2,candidate_3,candidate_1,3,0.03
62,candidate_2,candidate_3,candidate_1,3,0.03
63,candidate_2,candidate_3,candidate_1,3,0.03
64,candidate_2,candidate_3,candidate_1,3,0.03
65,candidate_2,candidate_3,candidate_1,3,0.03
66,candidate_2,candidate_3,candidate_1,3,0.03
67,candidate_2,candidate_3,candidate_1,3,0.03
68,candidate_2,candidate_3,candidate_1,3,0.03
69,candidate_2,candidate_3,candidate_1,3,0.03
70,candidate_2,0,candidate_1,3,0.03
71,candidate_2,candidate_3,candidate_1,3,0.03
72,candidate_2,candidate_3,candidate_1,3,0.03
73,candidate_2,candidate_3,candidate_1,3,0.03
74,candidate_2,candidate_3,candidate_1,3,0.03
75,candidate_2,candidate_3,candidate_1,3,0.03
76,candidate_2,candidate_3,candidate_1,3,0.03
77,candidate_2,candidate_3,candidate_1,3,0.03
78,candidate_2,candidate_3,candidate_1,3,0.03
79,candidate_2,candidate_3,0,3,0.03
80,candidate_2,candidate_3,candidate_1,3,0.03
81,candidate_2,candidate_3,candidate_1,3,0.03
82,candidate_2,candidate_3,candidate_1,3,0.03
83,candidate_2,candidate_3,candidate_1,3,0.03
84,candidate_2,candidate_3,candidate_1,3,0.03
85,candidate_2,candidate_3,candidate_1,3,0.03
86,candidate_2,candidate_3,candidate_1,3,0.03
87,candidate_2,candidate_3,candidate_1,3,0.03
88,candidate_2,candidate_3,candidate_1,3,0.03
89,candidate_2,candidate_3,candidate_1,3,0.03
90,candidate_2,candidate_3,candidate_1,3,0.03
91,candidate_2,candidate_3,candidate_1,3,0.03
92,candidate_2,candidate_3,candidate_1,3,0.03
93,candidate_2,candidate_3,candidate_1,3,0.03
94,candidate_2,candidate_3,candidate_1,3,0.03
95,candidate_2,candidate_3,candidate_1,3,0.03
96,candidate_2,candidate_3,candidate_1,3,0.03
97,candidate_2,candidate_3,candidate_1,3,0.03
98,candidate_2,candidate_3,candidate_1,3,0.03
99,candidate_2,candidate_3,candidate_1,3,0.03
100,candidate_2,candidate_3,candidate_1,3,0.03
101,candidate_2,candidate_3,candidate_1,3,0.03
102,candidate_2,candidate_3,candidate_1,3,0.03
103,candidate_2,candidate_3,candidate_1,3,0.03
104,candidate_2,candidate_3,candidate_1,3,0.03
105,candidate_2,candidate_3,candidate_1,3,0.03
106,candidate_2,candidate_3,candidate_1,3,0.03
107,candidate_2,candidate_3,candidate_1,3,0.03
108,candidate_2,candidate_3,candidate_1,3,0.03
109,candidate_2,0,candidate_1,3,0.03
110,candidate_2,candidate_3,candidate_1,3,0.03
111,0,candidate_3,candidate_1,3,0.03
112,candidate_2,candidate_3,candidate_1,3,0.03
113,candidate_2,candidate_3,candidate_1,3,0.03
114,candidate_2,candidate_3,candidate_1,3,0.03
115,candidate_2,candidate_3,candidate_1,3,0.03
116,candidate_2,candidate_3,candidate_1,3,0.03
117,candidate_2,candidate_3,candidate_1,3,0.03
118,candidate_2,candidate_3,candidate_1,3,0.03
119,candidate_2,candidate_3,candidate_1,3,0.03
120,candidate_2,candidate_3,candidate_1,3,0.03
121,candidate_2,candidate_3,candidate_1,3,0.03
122,candidate_2,candidate_3,candidate_1,3,0.03
123,candidate_2,candidate_3,candidate_1,3,0.03
124,candidate_2,candidate_3,candidate_1,3,0.03
125,candidate_2,candidate_3,candidate_1,3,0.03
126,candidate_2,candidate_3,candidate_1,3,0.03
127,candidate_2,candidate_3,candidate_1,3,0.03
128,candidate_2,candidate_3,candidate_1,3,0.03
129,candidate_2,candidate_3,candidate_1,3,0.03
130,candidate_2,candidate_3,candidate_1,3,0.03
131,candidate_2,candidate_3,candidate_1,3,0.03
132,candidate_2,candidate_3,candidate_1,3,0.03
133,candidate_2,candidate_3,candidate_1,3,0.03
134,candidate_2,candidate_3,candidate_1,3,0.03
135,candidate_2,candidate_3,candidate_1,3,0.03
136,candidate_2,candidate_3,candidate_1,3,0.03
137,candidate_2,candidate_3,candidate_1,3,0.03
138,candidate_2,candidate_3,candidate_1,3,0.03
139,candidate_2,candidate_3,candidate_1,3,0.03
140,candidate_2,candidate_3,candidate_1,3,0.03
141,candidate_2,candidate_3,candidate_1,3,0.03
142,candidate_2,candidate_3,candidate_1,3,0.03
143,candidate_2,candidate_3,candidate_1,3,0.03
144,candidate_2,candidate_3,candidate_1,3,0.03
145,candidate_2,candidate_3,candidate_1,3,0.03
146,candidate_2,0,candidate_1,3,0.03
147,candidate_2,candidate_3,candidate_1,3,0.03
148,candidate_2,candidate_3,candidate_1,3,0.03
149,candidate_2,candidate_3,candidate_1,3,0.03
150,candidate_2,candidate_3,candidate_1,3,0.03
151,candidate_2,candidate_3,candidate_1,3,0.03
152,candidate_2,candidate_3,candidate_1,3,0.03
153,candidate_2,candidate_3,candidate_1,3,0.03
154,candidate_2,candidate_3,candidate_1,3,0.03
155,candidate_2,candidate_3,candidate_1,3,0.03
156,candidate_2,candidate_3,candidate_1,3,0.03
157,candidate_2,candidate_3,candidate_1,3,0.03
158,candidate_2,candidate_3,candidate_1,3,0.03
159,candidate_2,candidate_3,0,3,0.03
160,candidate_2,candidate_3,candidate_1,3,0.03
161,candidate_2,candidate_3,candidate_1,3,0.03
162,candidate_2,candidate_3,candidate_1,3,0.03
163,candidate_2,candidate_3,candidate_1,3,0.03
164,candidate_2,candidate_3,candidate_1,3,0.03
165,candidate_2,candidate_3,candidate_1,3,0.03
166,candidate_2,candidate_3,candidate_1,3,0.03
167,candidate_2,candidate_3,candidate_1,3,0.03
168,0,candidate_3,candidate_1,3,0.03
169,candidate_2,candidate_3,candidate_1,3,0.03
170,candidate_2,candidate_3,candidate_1,3,0.03
171,candidate_2,candidate_3,candidate_1,3,0.03
172,candidate_2,candidate_3,candidate_1,3,0.03
173,candidate_2,candidate_3,candidate_1,3,0.03
174,candidate_2,candidate_3,candidate_1,3,0.03
175,candidate_2,candidate_3,candidate_1,3,0.03
176,candidate_2,candidate_3,candidate_1,3,0.03
177,candidate_2,candidate_3,candidate_1,3,0.03
178,candidate_2,candidate_3,candidate_1,3,0.03
179,candidate_2,candidate_3,candidate_1,3,0.03
180,candidate_2,candidate_3,candidate_1,3,0.03
181,candidate_2,candidate_3,candidate_1,3,0.03
182,candidate_2,candidate_3,candidate_1,3,0.03
183,candidate_2,candidate_3,candidate_1,3,0.03
184,candidate_2,0,candidate_1,3,0.03
185,candidate_2,candidate_3,candidate_1,3,0.03
186,candidate_2,candidate_3,candidate_1,3,0.03
187,candidate_2,0,candidate_1,3,0.03
188,candidate_2,candidate_3,candidate_1,3,0.03
189,candidate_2,candidate_3,candidate_1,3,0.03
190,candidate_2,candidate_3,candidate_1,3,0.03
191,candidate_2,candidate_3,candidate_1,3,0.03
192,candidate_2,candidate_3,candidate_1,3,0.03
193,candidate_2,candidate_3,candidate_1,3,0.03
194,0,candidate_3,candidate_1,3,0.03
195,candidate_2,candidate_3,candidate_1,3,0.03
196,candidate_2,candidate_3,candidate_1,3,0.03
197,candidate_2,candidate_3,candidate_1,3,0.03
198,candidate_2,candidate_3,candidate_1,3,0.03
199,candidate_2,candidate_3,candidate_1,3,0.03
200,candidate_2,0,candidate_1,3,0.03
201,candidate_2,candidate_3,candidate_1,3,0.03
202,candidate_2,candidate_3,candidate_1,3,0.03
203,candidate_2,candidate_3,candidate_1,3,0.03
204,candidate_2,candidate_3,candidate_1,3,0.03
205,candidate_2,candidate_3,candidate_1,3,0.03
206,candidate_2,candidate_3,candidate_1,3,0.03
207,candidate_2,candidate_3,candidate_1,3,0.03
208,candidate_2,candidate_3,candidate_1,3,0.03
209,candidate_2,candidate_3,candidate_1,3,0.03
210,candidate_2,candidate_3,candidate_1,3,0.03
211,candidate_2,candidate_3,candidate_1,3,0.03
212,candidate_2,candidate_3,candidate_1,3,0.03
213,candidate_2,0,candidate_1,3,0.03
214,candidate_2,candidate_3,candidate_1,3,0.03
215,candidate_2,candidate_3,candidate_1,3,0.03
216,candidate_2,candidate_3,candidate_1,3,0.03
217,candidate_2,candidate_3,candidate_1,3,0.03
218,candidate_2,candidate_3,candidate_1,3,0.03
219,candidate_2,candidate_3,candidate_1,3,0.03
220,candidate_2,candidate_3,candidate_1,3,0.03
221,candidate_2,candidate_3,candidate_1,3,0.03
222,candidate_2,candidate_3,candidate_1,3,0.03
223,candidate_2,candidate_3,candidate_1,3,0.03
224,candidate_2,candidate_3,candidate_1,3,0.03
225,candidate_2,candidate_3,candidate_1,3,0.03
226,candidate_2,candidate_3,candidate_1,3,0.03
227,candidate_2,candidate_3,candidate_1,3,0.03
228,candidate_2,candidate_3,candidate_1,3,0.03
229,candidate_2,candidate_3,candidate_1,3,0.03
230,candidate_2,candidate_3,candidate_1,3,0.03
231,candidate_2,candidate_3,candidate_1,3,0.03
232,candidate_2,candidate_3,candidate_1,3,0.03
233,candidate_2,candidate_3,candidate_1,3,0.03
234,candidate_2,candidate_3,0,3,0.03
235,candidate_2,candidate_3,candidate_1,3,0.03
236,candidate_2,candidate_3,candidate_1,3,0.03
237,candidate_2,candidate_3,candidate_1,3,0.03
238,candidate_2,candidate_3,candidate_1,3,0.03
239,candidate_2,candidate_3,candidate_1,3,0.03
240,candidate_2,candidate_3,candidate_1,3,0.03
241,candidate_2,candidate_3,candidate_1,3,0.03
242,candidate_2,candidate_3,candidate_1,3,0.03
243,candidate_2,candidate_3,candidate_1,3,0.03
244,candidate_2,candidate_3,candidate_1,3,0.03
245,candidate_2,candidate_3,candidate_1,3,0.03
246,candidate_2,candidate_3,candidate_1,3,0.03
247,candidate_2,candidate_3,candidate_1,3,0.03
248,candidate_2,candidate_3,candidate_1,3,0.03
249,candidate_2,candidate_3,candidate_1,3,0.03
250,candidate_2,candidate_3,candidate_1,3,0.03
251,candidate_2,candidate_3,candidate_1,3,0.03
252,candidate_2,candidate_3,candidate_1,3,0.03
253,candidate_2,candidate_3,candidate_1,3,0.03
254,candidate_2,candidate_3,candidate_1,3,0.03
255,candidate_2,candidate_3,candidate_1,3,0.03
256,candidate_2,candidate_3,candidate_1,3,0.03
257,candidate_2,candidate_3,candidate_1,3,0.03
258,candidate_2,candidate_3,candidate_1,3,0.03
259,candidate_2,candidate_3,candidate_1,3,0.03
260,candidate_2,candidate_3,candidate_1,3,0.03
261,candidate_2,candidate_3,candidate_1,3,0.03
262,candidate_2,candidate_3,candidate_1,3,0.03
263,candidate_2,candidate_3,candidate_1,3,0.03
264,candidate_2,candidate_3,candidate_1,3,0.03
265,candidate_2,candidate_3,candidate_1,3,0.03
266,candidate_2,candidate_3,candidate_1,3,0.03
267,candidate_2,candidate_3,0,3,0.03
268,candidate_2,candidate_3,candidate_1,3,0.03
269,candidate_2,candidate_3,candidate_1,3,0.03
270,candidate_2,candidate_3,candidate_1,3,0.03
271,candidate_2,candidate_3,candidate_1,3,0.03
272,candidate_2,candidate_3,candidate_1,3,0.03
273,candidate_2,candidate_3,candidate_1,3,0.03
274,candidate_2,candidate_3,candidate_1,3,0.03
275,candidate_2,candidate_3,candidate_1,3,0.03
276,candidate_2,candidate_3,candidate_1,3,0.03
277,candidate_2,candidate_3,candidate_1,3,0.03
278,candidate_2,candidate_3,candidate_1,3,0.03
279,candidate_2,candidate_3,candidate_1,3,0.03
280,candidate_2,candidate_3,candidate_1,3,0.03
281,candidate_2,candidate_3,candidate_1,3,0.03
282,candidate_2,candidate_3,candidate_1,3,0.03
283,candidate_2,candidate_3,candidate_1,3,0.03
284,candidate_2,candidate_3,candidate_1,3,0.03
285,candidate_2,candidate_3,candidate_1,3,0.03
286,candidate_2,candidate_3,candidate_1,3,0.03
287,candidate_2,candidate_3,candidate_1,3,0.03
288,candidate_2,candidate_3,candidate_1,3,0.03
289,candidate_2,candidate_3,candidate_1,3,0.03
290,candidate_2,candidate_3,candidate_1,3,0.03
291,candidate_2,candidate_3,0,3,0.03
292,candidate_2,candidate_3,candidate_1,3,0.03
293,candidate_2,candidate_3,candidate_1,3,0.03
294,candidate_2,candidate_3,candidate_1,3,0.03
295,candidate_2,candidate_3,candidate_1,3,0.03
296,candidate_2,candidate_3,candidate_1,3,0.03
297,candidate_2,candidate_3,candidate_1,3,0.03
298,candidate_2,candidate_3,candidate_1,3,0.03
299,candidate_2,candidate_3,candidate_1,3,0.03
300,0,candidate_3,candidate_1,3,0.03
301,candidate_2,candidate_3,candidate_1,3,0.03
302,candidate_2,0,candidate_1,3,0.03
303,candidate_2,candidate_3,candidate_1,3,0.03
304,candidate_2,candidate_3,candidate_1,3,0.03
305,candidate_2,candidate_3,candidate_1,3,0.03
306,candidate_2,candidate_3,candidate_1,3,0.03
307,candidate_2,candidate_3,candidate_1,3,0.03
308,candidate_2,candidate_3,candidate_1,3,0.03
309,candidate_2,candidate_3,candidate_1,3,0.03
310,candidate_2,candidate_3,candidate_1,3,0.03
311,candidate_2,candidate_3,candidate_1,3,0.03
312,candidate_2,candidate_3,candidate_1,3,0.03
313,candidate_2,candidate_3,candidate_1,3,0.03
314,candidate_2,candidate_3,candidate_1,3,0.03
315,candidate_2,candidate_3,candidate_1,3,0.03
316,candidate_2,candidate_3,candidate_1,3,0.03
317,candidate_2,candidate_3,candidate_1,3,0.03
318,candidate_2,candidate_3,candidate_1,3,0.03
319,candidate_2,candidate_3,candidate_1,3,0.03
320,candidate_2,candidate_3,candidate_1,3,0.03
321,candidate_2,candidate_3,candidate_1,3,0.03
322,candidate_2,candidate_3,candidate_1,3,0.03
323,candidate_2,candidate_3,candidate_1,3,0.03
324,candidate_2,0,candidate_1,3,0.03
325,candidate_2,candidate_3,candidate_1,3,0.03
326,candidate_2,candidate_3,candidate_1,3,0.03
327,candidate_2,candidate_3,candidate_1,3,0.03
328,candidate_2,candidate_3,candidate_1,3,0.03
329,candidate_2,candidate_3,candidate_1,3,0.03
330,candidate_2,candidate_3,candidate_1,3,0.03
331,candidate_2,candidate_3,0,3,0.03
332,candidate_2,candidate_3,candidate_1,3,0.03
333,candidate_2,candidate_3,candidate_1,3,0.03
334,candidate_2,candidate_3,candidate_1,3,0.03
335,candidate_2,candidate_3,candidate_1,3,0.03
336,candidate_2,candidate_3,candidate_1,3,0.03
337,candidate_2,candidate_3,candidate_1,3,0.03
338,candidate_2,candidate_3,0,3,0.03
339,candidate_2,candidate_3,candidate_1,3,0.03
340,candidate_2,candidate_3,candidate_1,3,0.03
341,candidate_2,candidate_3,candidate_1,3,0.03
342,candidate_2,candidate_3,candidate_1,3,0.03
343,candidate_2,candidate_3,candidate_1,3,0.03
344,candidate_2,candidate_3,candidate_1,3,0.03
345,candidate_2,candidate_3,candidate_1,3,0.03
346,candidate_2,candidate_3,candidate_1,3,0.03
347,candidate_2,candidate_3,candidate_1,3,0.03
348,candidate_2,candidate_3,candidate_1,3,0.03
349,candidate_2,candidate_3,candidate_1,3,0.03
350,candidate_2,candidate_3,candidate_1,3,0.03
351,candidate_2,candidate_3,candidate_1,3,0.03
352,candidate_2,candidate_3,candidate_1,3,0.03
353,candidate_2,candidate_3,candidate_1,3,0.03
354,candidate_2,candidate_3,candidate_1,3,0.03
355,candidate_2,candidate_3,candidate_1,3,0.03
356,candidate_2,candidate_3,candidate_1,3,0.03
357,candidate_2,candidate_3,candidate_1,3,0.03
358,candidate_2,candidate_3,candidate_1,3,0.03
359,candidate_2,candidate_3,candidate_1,3,0.03
360,0,candidate_3,0,3,0.03
361,candidate_2,candidate_3,candidate_1,3,0.03
362,candidate_2,candidate_3,candidate_1,3,0.03
363,candidate_2,candidate_3,candidate_1,3,0.03
364,candidate_2,candidate_3,candidate_1,3,0.03
365,candidate_2,candidate_3,candidate_1,3,0.03
366,candidate_2,candidate_3,candidate_1,3,0.03
367,candidate_2,0,candidate_1,3,0.03
368,candidate_2,candidate_3,candidate_1,3,0.03
369,candidate_2,candidate_3,candidate_1,3,0.03
370,candidate_2,candidate_3,candidate_1,3,0.03
371,candidate_2,candidate_3,candidate_1,3,0.03
372,candidate_2,candidate_3,candidate_1,3,0.03
373,candidate_2,candidate_3,candidate_1,3,0.03
374,candidate_2,candidate_3,candidate_1,3,0.03
375,candidate_2,candidate_3,candidate_1,3,0.03
376,candidate_2,candidate_3,candidate_1,3,0.03
377,candidate_2,candidate_3,candidate_1,3,0.03
378,candidate_2,candidate_3,candidate_1,3,0.03
379,candidate_2,candidate_3,candidate_1,3,0.03
380,candidate_2,candidate_3,candidate_1,3,0.03
381,candidate_2,candidate_3,candidate_1,3,0.03
382,candidate_2,candidate_3,candidate_1,3,0.03
383,candidate_2,candidate_3,candidate_1,3,0.03
384,candidate_2,candidate_3,candidate_1,3,0.03
385,0,candidate_3,candidate_1,3,0.03
386,candidate_2,candidate_3,candidate_1,3,0.03
387,candidate_2,candidate_3,candidate_1,3,0.03
388,candidate_2,candidate_3,candidate_1,3,0.03
389,candidate_2,candidate_3,candidate_1,3,0.03
390,candidate_2,candidate_3,candidate_1,3,0.03
391,candidate_2,candidate_3,candidate_1,3,0.03
392,candidate_2,0,candidate_1,3,0.03
393,candidate_2,0,candidate_1,3,0.03
394,candidate_2,candidate_3,candidate_1,3,0.03
395,candidate_2,candidate_3,candidate_1,3,0.03
396,candidate_2,candidate_3,candidate_1,3,0.03
397,candidate_2,candidate_3,candidate_1,3,0.03
398,candidate_2,candidate_3,candidate_1,3,0.03
399,candidate_2,candidate_3,candidate_1,3,0.03
400,candidate_2,candidate_3,candidate_1,3,0.03
401,candidate_2,candidate_3,candidate_1,3,0.03
402,candidate_2,candidate_3,candidate_1,3,0.03
403,candidate_2,candidate_3,candidate_1,3,0.03
404,candidate_2,candidate_3,0,3,0.03
405,candidate_2,candidate_3,candidate_1,3,0.03
406,candidate_2,candidate_3,candidate_1,3,0.03
407,candidate_2,0,0,3,0.03
408,candidate_2,candidate_3,candidate_1,3,0.03
409,candidate_2,candidate_3,candidate_1,3,0.03
410,candidate_2,candidate_3,candidate_1,3,0.03
411,candidate_2,candidate_3,candidate_1,3,0.03
412,candidate_2,candidate_3,candidate_1,3,0.03
413,candidate_2,candidate_3,candidate_1,3,0.03
414,candidate_2,candidate_3,candidate_1,3,0.03
415,candidate_2,candidate_3,candidate_1,3,0.03
416,candidate_2,candidate_3,candidate_1,3,0.03
417,candidate_2,candidate_3,candidate_1,3,0.03
418,candidate_2,candidate_3,0,3,0.03
419,candidate_2,candidate_3,candidate_1,3,0.03
420,candidate_2,candidate_3,candidate_1,3,0.03
421,candidate_2,candidate_3,candidate_1,3,0.03
422,candidate_2,candidate_3,candidate_1,3,0.03
423,candidate_2,candidate_3,0,3,0.03
424,candidate_2,candidate_3,candidate_1,3,0.03
425,candidate_2,candidate_3,candidate_1,3,0.03
426,candidate_2,candidate_3,candidate_1,3,0.03
427,candidate_2,candidate_3,candidate_1,3,0.03
428,candidate_2,candidate_3,candidate_1,3,0.03
429,candidate_2,candidate_3,candidate_1,3,0.03
430,candidate_2,candidate_3,candidate_1,3,0.03
431,candidate_2,candidate_3,candidate_1,3,0.03
432,candidate_2,candidate_3,candidate_1,3,0.03
433,candidate_2,candidate_3,candidate_1,3,0.03
434,candidate_2,candidate_3,candidate_1,3,0.03
435,candidate_2,candidate_3,candidate_1,3,0.03
436,candidate_2,candidate_3,candidate_1,3,0.03
437,candidate_2,candidate_3,candidate_1,3,0.03
438,candidate_2,candidate_3,candidate_1,3,0.03
439,candidate_2,candidate_3,candidate_1,3,0.03
440,candidate_2,candidate_3,candidate_1,3,0.03
441,candidate_2,candidate_3,candidate_1,3,0.03
442,0,candidate_3,candidate_1,3,0.03
443,candidate_2,candidate_3,candidate_1,3,0.03
444,candidate_2,candidate_3,candidate_1,3,0.03
445,candidate_2,candidate_3,candidate_1,3,0.03
446,candidate_2,candidate_3,candidate_1,3,0.03
447,candidate_2,candidate_3,candidate_1,3,0.03
448,candidate_2,candidate_3,candidate_1,3,0.03
449,candidate_2,candidate_3,candidate_1,3,0.03
450,candidate_2,candidate_3,candidate_1,3,0.03
451,candidate_2,candidate_3,candidate_1,3,0.03
452,candidate_2,candidate_3,candidate_1,3,0.03
453,candidate_2,0,candidate_1,3,0.03
454,candidate_2,candidate_3,candidate_1,3,0.03
455,candidate_2,candidate_3,candidate_1,3,0.03
456,candidate_2,candidate_3,candidate_1,3,0.03
457,candidate_2,candidate_3,candidate_1,3,0.03
458,candidate_2,candidate_3,candidate_1,3,0.03
459,candidate_2,candidate_3,candidate_1,3,0.03
460,candidate_2,candidate_3,candidate_1,3,0.03
461,candidate_2,candidate_3,candidate_1,3,0.03
462,candidate_2,candidate_3,candidate_1,3,0.03
463,candidate_2,candidate_3,candidate_1,3,0.03
464,candidate_2,candidate_3,candidate_1,3,0.03
465,candidate_2,candidate_3,candidate_1,3,0.03
466,candidate_2,0,candidate_1,3,0.03
467,candidate_2,candidate_3,candidate_1,3,0.03
468,candidate_2,candidate_3,candidate_1,3,0.03
469,candidate_2,candidate_3,candidate_1,3,0.03
470,candidate_2,candidate_3,candidate_1,3,0.03
471,candidate_2,candidate_3,candidate_1,3,0.03
472,candidate_2,candidate_3,candidate_1,3,0.03
473,candidate_2,candidate_3,candidate_1,3,0.03
474,candidate_2,candidate_3,candidate_1,3,0.03
475,candidate_2,candidate_3,candidate_1,3,0.03
476,candidate_2,candidate_3,candidate_1,3,0.03
477,candidate_2,candidate_3,candidate_1,3,0.03
478,candidate_2,candidate_3,candidate_1,3,0.03
479,candidate_2,candidate_3,candidate_1,3,0.03
480,candidate_2,candidate_3,candidate_1,3,0.03
481,candidate_2,candidate_3,candidate_1,3,0.03
482,candidate_2,0,candidate_1,3,0.03
483,candidate_2,candidate_3,candidate_1,3,0.03
484,candidate_2,candidate_3,0,3,0.03
485,candidate_2,candidate_3,candidate_1,3,0.03
486,candidate_2,candidate_3,candidate_1,3,0.03
487,candidate_2,candidate_3,candidate_1,3,0.03
488,candidate_2,candidate_3,candidate_1,3,0.03
489,candidate_2,candidate_3,candidate_1,3,0.03
490,candidate_2,candidate_3,candidate_1,3,0.03
491,candidate_2,candidate_3,candidate_1,3,0.03
492,candidate_2,candidate_3,candidate_1,3,0.03
493,candidate_2,0,candidate_1,3,0.03
494,candidate_2,candidate_3,candidate_1,3,0.03
495,candidate_2,candidate_3,candidate_1,3,0.03
496,candidate_2,candidate_3,candidate_1,3,0.03
497,candidate_2,candidate_3,candidate_1,3,0.03
498,candidate_2,candidate_3,candidate_1,3,0.03
499,candidate_2,candidate_3,candidate_1,3,0.03
500,candidate_2,candidate_3,candidate_1,3,0.03
501,candidate_2,candidate_3,candidate_1,3,0.03
502,candidate_2,candidate_3,candidate_1,3,0.03
503,candidate_2,candidate_3,candidate_1,3,0.03
504,candidate_2,candidate_3,candidate_1,3,0.03
505,candidate_2,candidate_3,candidate_1,3,0.03
506,candidate_2,candidate_3,candidate_1,3,0.03
507,candidate_2,candidate_3,candidate_1,3,0.03
508,candidate_2,candidate_3,candidate_1,3,0.03
509,candidate_2,candidate_3,candidate_1,3,0.03
510,candidate_2,candidate_3,candidate_1,3,0.03
511,candidate_2,candidate_3,candidate_1,3,0.03
512,candidate_2,candidate_3,candidate_1,3,0.03
513,candidate_2,candidate_3,candidate_1,3,0.03
514,candidate_2,candidate_3,candidate_1,3,0.03
515,candidate_2,candidate_3,candidate_1,3,0.03
516,candidate_2,candidate_3,candidate_1,3,0.03
517,candidate_2,candidate_3,candidate_1,3,0.03
518,candidate_2,candidate_3,candidate_1,3,0.03
519,candidate_2,candidate_3,0,3,0.03
520,0,candidate_3,candidate_1,3,0.03
521,candidate_2,candidate_3,candidate_1,3,0.03
522,candidate_2,candidate_3,candidate_1,3,0.03
523,candidate_2,candidate_3,candidate_1,3,0.03
524,candidate_2,candidate_3,candidate_1,3,0.03
525,candidate_2,candidate_3,candidate_1,3,0.03
526,candidate_2,candidate_3,candidate_1,3,0.03
527,candidate_2,candidate_3,candidate_1,3,0.03
528,candidate_2,candidate_3,candidate_1,3,0.03
529,candidate_2,candidate_3,candidate_1,3,0.03
530,candidate_2,candidate_3,candidate_1,3,0.03
531,candidate_2,candidate_3,candidate_1,3,0.03
532,candidate_2,candidate_3,candidate_1,3,0.03
533,candidate_2,candidate_3,candidate_1,3,0.03
534,candidate_2,candidate_3,candidate_1,3,0.03
535,candidate_2,candidate_3,candidate_1,3,0.03
536,candidate_2,candidate_3,candidate_1,3,0.03
537,candidate_2,candidate_3,candidate_1,3,0.03
538,candidate_2,candidate_3,candidate_1,3,0.03
539,candidate_2,candidate_3,candidate_1,3,0.03
540,candidate_2,candidate_3,candidate_1,3,0.03
541,candidate_2,candidate_3,candidate_1,3,0.03
542,candidate_2,candidate_3,candidate_1,3,0.03
543,candidate_2,candidate_3,candidate_1,3,0.03
544,candidate_2,candidate_3,candidate_1,3,0.03
545,candidate_2,0,candidate_1,3,0.03
546,candidate_2,candidate_3,candidate_1,3,0.03
547,candidate_2,candidate_3,candidate_1,3,0.03
548,candidate_2,candidate_3,candidate_1,3,0.03
549,candidate_2,candidate_3,0,3,0.03
550,0,candidate_3,candidate_1,3,0.03
551,candidate_2,candidate_3,candidate_1,3,0.03
552,candidate_2,candidate_3,candidate_1,3,0.03
553,candidate_2,candidate_3,candidate_1,3,0.03
554,candidate_2,candidate_3,candidate_1,3,0.03
555,0,candidate_3,candidate_1,3,0.03
556,candidate_2,candidate_3,candidate_1,3,0.03
557,candidate_2,0,candidate_1,3,0.03
558,candidate_2,candidate_3,candidate_1,3,0.03
559,candidate_2,candidate_3,candidate_1,3,0.03
560,candidate_2,candidate_3,candidate_1,3,0.03
561,candidate_2,candidate_3,candidate_1,3,0.03
562,candidate_2,candidate_3,candidate_1,3,0.03
563,candidate_2,candidate_3,candidate_1,3,0.03
564,candidate_2,candidate_3,candidate_1,3,0.03
565,candidate_2,candidate_3,candidate_1,3,0.03
566,candidate_2,candidate_3,candidate_1,3,0.03
567,0,candidate_3,candidate_1,3,0.03
568,candidate_2,candidate_3,candidate_1,3,0.03
569,0,candidate_3,candidate_1,3,0.03
570,candidate_2,candidate_3,candidate_1,3,0.03
571,candidate_2,candidate_3,candidate_1,3,0.03
572,candidate_2,candidate_3,candidate_1,3,0.03
573,candidate_2,candidate_3,candidate_1,3,0.03
574,candidate_2,candidate_3,candidate_1,3,0.03
575,candidate_2,candidate_3,candidate_1,3,0.03
576,candidate_2,candidate_3,candidate_1,3,0.03
577,candidate_2,candidate_3,candidate_1,3,0.03
578,candidate_2,candidate_3,candidate_1,3,0.03
579,candidate_2,candidate_3,candidate_1,3,0.03
580,candidate_2,candidate_3,0,3,0.03
581,candidate_2,candidate_3,candidate_1,3,0.03
582,candidate_2,candidate_3,candidate_1,3,0.03
583,candidate_2,candidate_3,candidate_1,3,0.03
584,candidate_2,candidate_3,candidate_1,3,0.03
585,candidate_2,candidate_3,candidate_1,3,0.03
586,candidate_2,candidate_3,candidate_1,3,0.03
587,candidate_2,candidate_3,candidate_1,3,0.03
588,0,candidate_3,candidate_1,3,0.03
589,candidate_2,candidate_3,candidate_1,3,0.03
590,candidate_2,candidate_3,candidate_1,3,0.03
591,candidate_2,candidate_3,candidate_1,3,0.03
592,candidate_2,candidate_3,candidate_1,3,0.03
593,candidate_2,candidate_3,candidate_1,3,0.03
594,candidate_2,candidate_3,candidate_1,3,0.03
595,candidate_2,candidate_3,candidate_1,3,0.03
596,candidate_2,candidate_3,candidate_1,3,0.03
597,candidate_2,candidate_3,candidate_1,3,0.03
598,candidate_2,candidate_3,candidate_1,3,0.03
599,candidate_2,candidate_3,candidate_1,3,0.03
600,candidate_2,candidate_3,candidate_1,3,0.03
601,candidate_2,candidate_3,candidate_1,3,0.03
602,candidate_2,candidate_3,candidate_1,3,0.03
603,candidate_2,candidate_3,candidate_1,3,0.03
604,candidate_2,candidate_3,candidate_1,3,0.03
605,candidate_2,candidate_3,candidate_1,3,0.03
606,candidate_2,candidate_3,candidate_1,3,0.03
607,candidate_2,candidate_3,candidate_1,3,0.03
608,candidate_2,candidate_3,candidate_1,3,0.03
609,candidate_2,0,candidate_1,3,0.03
610,candidate_2,candidate_3,candidate_1,3,0.03
611,candidate_2,candidate_3,candidate_1,3,0.03
612,candidate_2,candidate_3,candidate_1,3,0.03
613,candidate_2,candidate_3,0,3,0.03
614,candidate_2,candidate_3,candidate_1,3,0.03
615,candidate_2,candidate_3,candidate_1,3,0.03
616,candidate_2,candidate_3,candidate_1,3,0.03
617,candidate_2,candidate_3,0,3,0.03
618,candidate_2,candidate_3,candidate_1,3,0.03
619,candidate_2,candidate_3,candidate_1,3,0.03
620,candidate_2,candidate_3,candidate_1,3,0.03
621,candidate_2,candidate_3,candidate_1,3,0.03
622,candidate_2,candidate_3,candidate_1,3,0.03
623,candidate_2,candidate_3,candidate_1,3,0.03
624,candidate_2,candidate_3,0,3,0.03
625,0,candidate_3,candidate_1,3,0.03
626,candidate_2,candidate_3,candidate_1,3,0.03
627,candidate_2,candidate_3,candidate_1,3,0.03
628,candidate_2,candidate_3,candidate_1,3,0.03
629,candidate_2,candidate_3,candidate_1,3,0.03
630,candidate_2,candidate_3,candidate_1,3,0.03
631,candidate_2,candidate_3,candidate_1,3,0.03
632,candidate_2,candidate_3,candidate_1,3,0.03
633,candidate_2,candidate_3,candidate_1,3,0.03
634,candidate_2,candidate_3,candidate_1,3,0.03
635,candidate_2,candidate_3,candidate_1,3,0.03
636,0,candidate_3,candidate_1,3,0.03
637,candidate_2,candidate_3,candidate_1,3,0.03
638,candidate_2,candidate_3,candidate_1,3,0.03
639,candidate_2,candidate_3,candidate_1,3,0.03
640,candidate_2,0,candidate_1,3,0.03
641,candidate_2,candidate_3,candidate_1,3,0.03
642,candidate_2,candidate_3,candidate_1,3,0.03
643,candidate_2,candidate_3,candidate_1,3,0.03
644,candidate_2,candidate_3,candidate_1,3,0.03
645,candidate_2,candidate_3,candidate_1,3,0.03
646,candidate_2,candidate_3,candidate_1,3,0.03
647,candidate_2,candidate_3,candidate_1,3,0.03
648,candidate_2,candidate_3,0,3,0.03
649,candidate_2,candidate_3,candidate_1,3,0.03
650,candidate_2,candidate_3,candidate_1,3,0.03
651,candidate_2,candidate_3,candidate_1,3,0.03
652,candidate_2,candidate_3,candidate_1,3,0.03
653,candidate_2,candidate_3,candidate_1,3,0.03
654,candidate_2,candidate_3,candidate_1,3,0.03
655,candidate_2,candidate_3,candidate_1,3,0.03
656,candidate_2,candidate_3,candidate_1,3,0.03
657,candidate_2,candidate_3,candidate_1,3,0.03
658,candidate_2,candidate_3,candidate_1,3,0.03
659,candidate_2,candidate_3,candidate_1,3,0.03
660,candidate_2,candidate_3,candidate_1,3,0.03
661,candidate_2,candidate_3,candidate_1,3,0.03
662,0,candidate_3,candidate_1,3,0.03
663,candidate_2,candidate_3,candidate_1,3,0.03
664,candidate_2,candidate_3,candidate_1,3,0.03
665,candidate_2,candidate_3,candidate_1,3,0.03
666,candidate_2,candidate_3,candidate_1,3,0.03
667,candidate_2,candidate_3,candidate_1,3,0.03
668,candidate_2,candidate_3,candidate_1,3,0.03
669,candidate_2,candidate_3,candidate_1,3,0.03
670,candidate_2,candidate_3,candidate_1,3,0.03
671,candidate_2,candidate_3,candidate_1,3,0.03
672,candidate_2,candidate_3,candidate_1,3,0.03
673,candidate_2,candidate_3,candidate_1,3,0.03
674,candidate_2,candidate_3,candidate_1,3,0.03
675,candidate_2,candidate_3,candidate_1,3,0.03
676,candidate_2,candidate_3,candidate_1,3,0.03
677,candidate_2,candidate_3,candidate_1,3,0.03
678,candidate_2,candidate_3,candidate_1,3,0.03
679,candidate_2,candidate_3,candidate_1,3,0.03
680,candidate_2,candidate_3,candidate_1,3,0.03
681,candidate_2,candidate_3,candidate_1,3,0.03
682,candidate_2,candidate_3,candidate_1,3,0.03
683,candidate_2,candidate_3,candidate_1,3,0.03
684,candidate_2,candidate_3,candidate_1,3,0.03
685,candidate_2,candidate_3,candidate_1,3,0.03
686,candidate_2,candidate_3,candidate_1,3,0.03
687,candidate_2,candidate_3,candidate_1,3,0.03
688,candidate_2,candidate_3,candidate_1,3,0.03
689,candidate_2,candidate_3,candidate_1,3,0.03
690,candidate_2,0,0,3,0.03
691,candidate_2,candidate_3,candidate_1,3,0.03
692,candidate_2,candidate_3,candidate_1,3,0.03
693,candidate_2,candidate_3,candidate_1,3,0.03
694,candidate_2,candidate_3,candidate_1,3,0.03
695,candidate_2,candidate_3,candidate_1,3,0.03
696,candidate_2,candidate_3,candidate_1,3,0.03
697,candidate_2,candidate_3,candidate_1,3,0.03
698,candidate_2,candidate_3,candidate_1,3,0.03
699,candidate_2,candidate_3,candidate_1,3,0.03
700,candidate_2,candidate_3,candidate_1,3,0.03
701,candidate_2,candidate_3,candidate_1,3,0.03
702,candidate_2,candidate_3,candidate_1,3,0.03
703,candidate_2,candidate_3,candidate_1,3,0.03
704,candidate_2,candidate_3,candidate_1,3,0.03
705,candidate_2,candidate_3,candidate_1,3,0.03
706,candidate_2,candidate_3,candidate_1,3,0.03
707,candidate_2,candidate_3,candidate_1,3,0.03
708,candidate_2,candidate_3,candidate_1,3,0.03
709,candidate_2,candidate_3,candidate_1,3,0.03
710,candidate_2,candidate_3,candidate_1,3,0.03
711,candidate_2,candidate_3,candidate_1,3,0.03
712,candidate_2,candidate_3,candidate_1,3,0.03
713,candidate_2,candidate_3,candidate_1,3,0.03
714,candidate_2,candidate_3,candidate_1,3,0.03
715,candidate_2,candidate_3,candidate_1,3,0.03
716,candidate_2,candidate_3,candidate_1,3,0.03
717,candidate_2,candidate_3,candidate_1,3,0.03
718,candidate_2,candidate_3,candidate_1,3,0.03
719,candidate_2,0,candidate_1,3,0.03
720,candidate_2,0,candidate_1,3,0.03
721,candidate_2,candidate_3,candidate_1,3,0.03
722,candidate_2,candidate_3,candidate_1,3,0.03
723,candidate_2,candidate_3,candidate_1,3,0.03
724,candidate_2,candidate_3,candidate_1,3,0.03
725,candidate_2,candidate_3,candidate_1,3,0.03
726,candidate_2,candidate_3,candidate_1,3,0.03
727,candidate_2,candidate_3,0,3,0.03
728,candidate_2,candidate_3,candidate_1,3,0.03
729,candidate_2,candidate_3,candidate_1,3,0.03
730,candidate_2,candidate_3,candidate_1,3,0.03
731,candidate_2,0,candidate_1,3,0.03
732,candidate_2,candidate_3,candidate_1,3,0.03
733,candidate_2,candidate_3,candidate_1,3,0.03
734,candidate_2,candidate_3,candidate_1,3,0.03
735,candidate_2,candidate_3,candidate_1,3,0.03
736,candidate_2,candidate_3,candidate_1,3,0.03
737,candidate_2,candidate_3,candidate_1,3,0.03
738,candidate_2,candidate_3,candidate_1,3,0.03
739,candidate_2,candidate_3,candidate_1,3,0.03
740,candidate_2,candidate_3,candidate_1,3,0.03
741,candidate_2,candidate_3,candidate_1,3,0.03
742,candidate_2,candidate_3,candidate_1,3,0.03
743,candidate_2,candidate_3,candidate_1,3,0.03
744,candidate_2,candidate_3,candidate_1,3,0.03
745,candidate_2,candidate_3,candidate_1,3,0.03
746,candidate_2,candidate_3,0,3,0.03
747,candidate_2,candidate_3,candidate_1,3,0.03
748,candidate_2,candidate_3,candidate_1,3,0.03
749,candidate_2,candidate_3,candidate_1,3,0.03
750,candidate_2,candidate_3,candidate_1,3,0.03
751,candidate_2,0,candidate_1,3,0.03
752,candidate_2,candidate_3,candidate_1,3,0.03
753,candidate_2,candidate_3,candidate_1,3,0.03
754,candidate_2,candidate_3,candidate_1,3,0.03
755,candidate_2,candidate_3,candidate_1,3,0.03
756,candidate_2,candidate_3,candidate_1,3,0.03
757,candidate_2,candidate_3,candidate_1,3,0.03
758,candidate_2,candidate_3,candidate_1,3,0.03
759,candidate_2,candidate_3,candidate_1,3,0.03
760,candidate_2,candidate_3,candidate_1,3,0.03
761,candidate_2,candidate_3,candidate_1,3,0.03
762,candidate_2,candidate_3,candidate_1,3,0.03
763,candidate_2,candidate_3,candidate_1,3,0.03
764,candidate_2,candidate_3,candidate_1,3,0.03
765,candidate_2,candidate_3,candidate_1,3,0.03
766,candidate_2,candidate_3,candidate_1,3,0.03
767,candidate_2,candidate_3,candidate_1,3,0.03
768,candidate_2,candidate_3,candidate_1,3,0.03
769,candidate_2,candidate_3,candidate_1,3,0.03
770,candidate_2,candidate_3,candidate_1,3,0.03
771,candidate_2,candidate_3,candidate_1,3,0.03
772,candidate_2,candidate_3,candidate_1,3,0.03
773,candidate_2,candidate_3,candidate_1,3,0.03
774,candidate_2,candidate_3,candidate_1,3,0.03
775,candidate_2,candidate_3,candidate_1,3,0.03
776,candidate_2,candidate_3,candidate_1,3,0.03
777,candidate_2,candidate_3,candidate_1,3,0.03
778,candidate_2,candidate_3,candidate_1,3,0.03
779,candidate_2,candidate_3,candidate_1,3,0.03
780,candidate_2,candidate_3,candidate_1,3,0.03
781,candidate_2,candidate_3,candidate_1,3,0.03
782,candidate_2,candidate_3,candidate_1,3,0.03
783,candidate_2,0,candidate_1,3,0.03
784,candidate_2,candidate_3,candidate_1,3,0.03
785,candidate_2,candidate_3,candidate_1,3,0.03
786,candidate_2,candidate_3,candidate_1,3,0.03
787,candidate_2,candidate_3,candidate_1,3,0.03
788,candidate_2,candidate_3,candidate_1,3,0.03
789,candidate_2,candidate_3,candidate_1,3,0.03
790,candidate_2,candidate_3,candidate_1,3,0.03
791,candidate_2,candidate_3,candidate_1,3,0.03
792,candidate_2,candidate_3,0,3,0.03
793,candidate_2,candidate_3,candidate_1,3,0.03
794,candidate_2,candidate_3,candidate_1,3,0.03
795,candidate_2,candidate_3,candidate_1,3,0.03
796,candidate_2,candidate_3,candidate_1,3,0.03
797,candidate_2,0,candidate_1,3,0.03
798,candidate_2,candidate_3,candidate_1,3,0.03
799,candidate_2,candidate_3,candidate_1,3,0.03
800,candidate_2,candidate_3,candidate_1,3,0.03
801,candidate_2,candidate_3,candidate_1,3,0.03
802,candidate_2,candidate_3,candidate_1,3,0.03
803,candidate_2,candidate_3,candidate_1,3,0.03
804,candidate_2,candidate_3,candidate_1,3,0.03
805,candidate_2,candidate_3,candidate_1,3,0.03
806,candidate_2,candidate_3,candidate_1,3,0.03
807,candidate_2,candidate_3,candidate_1,3,0.03
808,candidate_2,candidate_3,candidate_1,3,0.03
809,candidate_2,candidate_3,candidate_1,3,0.03
810,candidate_2,candidate_3,candidate_1,3,0.03
811,candidate_2,candidate_3,candidate_1,3,0.03
812,candidate_2,candidate_3,candidate_1,3,0.03
813,candidate_2,candidate_3,candidate_1,3,0.03
814,candidate_2,candidate_3,candidate_1,3,0.03
815,candidate_2,candidate_3,candidate_1,3,0.03
816,candidate_2,candidate_3,candidate_1,3,0.03
817,candidate_2,candidate_3,candidate_1,3,0.03
818,candidate_2,candidate_3,candidate_1,3,0.03
819,candidate_2,candidate_3,candidate_1,3,0.03
820,candidate_2,candidate_3,candidate_1,3,0.03
821,candidate_2,candidate_3,candidate_1,3,0.03
822,candidate_2,candidate_3,candidate_1,3,0.03
823,candidate_2,candidate_3,candidate_1,3,0.03
824,candidate_2,candidate_3,candidate_1,3,0.03
825,candidate_2,candidate_3,candidate_1,3,0.03
826,candidate_2,candidate_3,candidate_1,3,0.03
827,candidate_2,candidate_3,candidate_1,3,0.03
828,candidate_2,candidate_3,candidate_1,3,0.03
829,candidate_2,candidate_3,candidate_1,3,0.03
830,candidate_2,candidate_3,candidate_1,3,0.03
831,candidate_2,candidate_3,candidate_1,3,0.03
832,candidate_2,candidate_3,0,3,0.03
833,candidate_2,candidate_3,candidate_1,3,0.03
834,candidate_2,candidate_3,candidate_1,3,0.03
835,candidate_2,0,candidate_1,3,0.03
836,candidate_2,candidate_3,candidate_1,3,0.03
837,candidate_2,candidate_3,candidate_1,3,0.03
838,candidate_2,candidate_3,candidate_1,3,0.03
839,candidate_2,candidate_3,candidate_1,3,0.03
840,candidate_2,candidate_3,candidate_1,3,0.03
841,candidate_2,candidate_3,candidate_1,3,0.03
842,candidate_2,candidate_3,candidate_1,3,0.03
843,candidate_2,candidate_3,candidate_1,3,0.03
844,candidate_2,candidate_3,candidate_1,3,0.03
845,candidate_2,candidate_3,candidate_1,3,0.03
846,candidate_2,candidate_3,candidate_1,3,0.03
847,candidate_2,candidate_3,candidate_1,3,0.03
848,candidate_2,candidate_3,candidate_1,3,0.03
849,candidate_2,candidate_3,candidate_1,3,0.03
850,candidate_2,candidate_3,candidate_1,3,0.03
851,candidate_2,candidate_3,candidate_1,3,0.03
852,candidate_2,candidate_3,candidate_1,3,0.03
853,candidate_2,candidate_3,candidate_1,3,0.03
854,candidate_2,candidate_3,candidate_1,3,0.03
855,candidate_2,candidate_3,candidate_1,3,0.03
856,candidate_2,candidate_3,candidate_1,3,0.03
857,candidate_2,candidate_3,candidate_1,3,0.03
858,candidate_2,candidate_3,candidate_1,3,0.03
859,candidate_2,candidate_3,candidate_1,3,0.03
860,candidate_2,candidate_3,candidate_1,3,0.03
861,candidate_2,candidate_3,candidate_1,3,0.03
862,candidate_2,candidate_3,candidate_1,3,0.03
863,candidate_2,candidate_3,candidate_1,3,0.03
864,candidate_2,candidate_3,candidate_1,3,0.03
865,candidate_2,candidate_3,candidate_1,3,0.03
866,candidate_2,candidate_3,candidate_1,3,0.03
867,candidate_2,candidate_3,candidate_1,3,0.03
868,candidate_2,candidate_3,candidate_1,3,0.03
869,candidate_2,candidate_3,candidate_1,3,0.03
870,candidate_2,candidate_3,candidate_1,3,0.03
871,candidate_2,candidate_3,candidate_1,3,0.03
872,candidate_2,candidate_3,candidate_1,3,0.03
873,candidate_2,candidate_3,candidate_1,3,0.03
874,candidate_2,candidate_3,candidate_1,3,0.03
875,candidate_2,candidate_3,candidate_1,3,0.03
876,candidate_2,candidate_3,candidate_1,3,0.03
877,candidate_2,candidate_3,0,3,0.03
878,candidate_2,candidate_3,candidate_1,3,0.03
879,candidate_2,candidate_3,candidate_1,3,0.03
880,candidate_2,candidate_3,candidate_1,3,0.03
881,candidate_2,candidate_3,candidate_1,3,0.03
882,candidate_2,candidate_3,candidate_1,3,0.03
883,candidate_2,candidate_3,candidate_1,3,0.03
884,candidate_2,candidate_3,candidate_1,3,0.03
885,candidate_2,candidate_3,candidate_1,3,0.03
886,candidate_2,candidate_3,candidate_1,3,0.03
887,candidate_2,candidate_3,candidate_1,3,0.03
888,candidate_2,candidate_3,candidate_1,3,0.03
889,0,candidate_3,candidate_1,3,0.03
890,candidate_2,candidate_3,candidate_1,3,0.03
891,candidate_2,candidate_3,candidate_1,3,0.03
892,candidate_2,candidate_3,candidate_1,3,0.03
893,candidate_2,candidate_3,candidate_1,3,0.03
894,candidate_2,0,candidate_1,3,0.03
895,candidate_2,0,candidate_1,3,0.03
896,candidate_2,candidate_3,candidate_1,3,0.03
897,candidate_2,candidate_3,candidate_1,3,0.03
898,candidate_2,candidate_3,candidate_1,3,0.03
899,candidate_2,candidate_3,candidate_1,3,0.03
900,candidate_2,candidate_3,candidate_1,3,0.03
901,candidate_2,candidate_3,candidate_1,3,0.03
902,candidate_2,candidate_3,candidate_1,3,0.03
903,candidate_2,candidate_3,candidate_1,3,0.03
904,candidate_2,candidate_3,candidate_1,3,0.03
905,candidate_2,candidate_3,candidate_1,3,0.03
906,candidate_2,candidate_3,candidate_1,3,0.03
907,candidate_2,candidate_3,candidate_1,3,0.03
908,candidate_2,candidate_3,candidate_1,3,0.03
909,candidate_2,candidate_3,candidate_1,3,0.03
910,candidate_2,candidate_3,candidate_1,3,0.03
911,0,candidate_3,candidate_1,3,0.03
912,candidate_2,candidate_3,candidate_1,3,0.03
913,candidate_2,candidate_3,candidate_1,3,0.03
914,candidate_2,candidate_3,candidate_1,3,0.03
915,candidate_2,candidate_3,candidate_1,3,0.03
916,candidate_2,candidate_3,candidate_1,3,0.03
917,candidate_2,candidate_3,candidate_1,3,0.03
918,candidate_2,candidate_3,candidate_1,3,0.03
919,candidate_2,candidate_3,candidate_1,3,0.03
920,0,candidate_3,candidate_1,3,0.03
921,candidate_2,candidate_3,candidate_1,3,0.03
922,candidate_2,candidate_3,candidate_1,3,0.03
923,candidate_2,candidate_3,candidate_1,3,0.03
924,candidate_2,candidate_3,candidate_1,3,0.03
925,candidate_2,candidate_3,candidate_1,3,0.03
926,candidate_2,candidate_3,candidate_1,3,0.03
927,candidate_2,candidate_3,candidate_1,3,0.03
928,candidate_2,candidate_3,candidate_1,3,0.03
929,candidate_2,candidate_3,candidate_1,3,0.03
930,candidate_2,candidate_3,candidate_1,3,0.03
931,candidate_2,candidate_3,candidate_1,3,0.03
932,candidate_2,candidate_3,candidate_1,3,0.03
933,candidate_2,candidate_3,candidate_1,3,0.03
934,candidate_2,candidate_3,candidate_1,3,0.03
935,candidate_2,candidate_3,candidate_1,3,0.03
936,candidate_2,candidate_3,candidate_1,3,0.03
937,candidate_2,candidate_3,candidate_1,3,0.03
938,candidate_2,candidate_3,0,3,0.03
939,candidate_2,candidate_3,candidate_1,3,0.03
940,candidate_2,candidate_3,candidate_1,3,0.03
941,candidate_2,candidate_3,candidate_1,3,0.03
942,candidate_2,candidate_3,candidate_1,3,0.03
943,candidate_2,candidate_3,candidate_1,3,0.03
944,candidate_2,candidate_3,candidate_1,3,0.03
945,candidate_2,candidate_3,candidate_1,3,0.03
946,candidate_2,candidate_3,candidate_1,3,0.03
947,candidate_2,candidate_3,candidate_1,3,0.03
948,candidate_2,candidate_3,candidate_1,3,0.03
949,candidate_2,0,candidate_1,3,0.03
950,candidate_2,candidate_3,candidate_1,3,0.03
951,candidate_2,candidate_3,candidate_1,3,0.03
952,candidate_2,candidate_3,candidate_1,3,0.03
953,candidate_2,candidate_3,candidate_1,3,0.03
954,candidate_2,candidate_3,candidate_1,3,0.03
955,candidate_2,candidate_3,candidate_1,3,0.03
956,candidate_2,candidate_3,candidate_1,3,0.03
957,candidate_2,candidate_3,candidate_1,3,0.03
958,candidate_2,candidate_3,candidate_1,3,0.03
959,candidate_2,0,candidate_1,3,0.03
960,candidate_2,candidate_3,candidate_1,3,0.03
961,candidate_2,candidate_3,candidate_1,3,0.03
962,candidate_2,0,candidate_1,3,0.03
963,candidate_2,candidate_3,candidate_1,3,0.03
964,candidate_2,candidate_3,candidate_1,3,0.03
965,candidate_2,candidate_3,candidate_1,3,0.03
966,candidate_2,candidate_3,candidate_1,3,0.03
967,candidate_2,candidate_3,candidate_1,3,0.03
968,candidate_2,candidate_3,candidate_1,3,0.03
969,candidate_2,candidate_3,candidate_1,3,0.03
970,candidate_2,candidate_3,candidate_1,3,0.03
971,candidate_2,candidate_3,candidate_1,3,0.03
972,0,candidate_3,candidate_1,3,0.03
973,candidate_2,candidate_3,candidate_1,3,0.03
974,candidate_2,candidate_3,candidate_1,3,0.03
975,0,candidate_3,0,3,0.03
976,candidate_2,candidate_3,candidate_1,3,0.03
977,candidate_2,candidate_3,candidate_1,3,0.03
978,candidate_2,candidate_3,candidate_1,3,0.03
979,candidate_2,candidate_3,candidate_1,3,0.03
980,candidate_2,candidate_3,candidate_1,3,0.03
981,candidate_2,candidate_3,candidate_1,3,0.03
982,candidate_2,candidate_3,candidate_1,3,0.03
983,candidate_2,candidate_3,candidate_1,3,0.03
984,candidate_2,candidate_3,candidate_1,3,0.03
985,candidate_2,candidate_3,candidate_1,3,0.03
986,candidate_2,candidate_3,candidate_1,3,0.03
987,candidate_2,candidate_3,candidate_1,3,0.03
988,candidate_2,candidate_3,candidate_1,3,0.03
989,candidate_2,candidate_3,candidate_1,3,0.03
990,candidate_2,candidate_3,0,3,0.03
991,candidate_2,candidate_3,candidate_1,3,0.03
992,candidate_2,candidate_3,candidate_1,3,0.03
993,candidate_2,candidate_3,candidate_1,3,0.03
994,candidate_2,candidate_3,candidate_1,3,0.03
995,candidate_2,candidate_3,candidate_1,3,0.03
996,candidate_2,0,candidate_1,3,0.03
997,candidate_2,candidate_3,candidate_1,3,0.03
998,candidate_2,candidate_3,candidate_1,3,0.03
999,candidate_2,candidate_3,candidate_1,3,0.03
1000,candidate_2,candidate_3,candidate_1,3,0.03
1001,candidate_2,0,candidate_1,3,0.03
1002,candidate_2,candidate_3,candidate_1,3,0.03
1003,candidate_2,candidate_3,candidate_1,3,0.03
1004,candidate_2,candidate_3,0,3,0.03
1005,candidate_2,candidate_3,candidate_1,3,0.03
1006,candidate_2,candidate_3,candidate_1,3,0.03
1007,candidate_2,candidate_3,candidate_1,3,0.03
1008,candidate_2,candidate_3,candidate_1,3,0.03
1009,candidate_2,candidate_3,candidate_1,3,0.03
1010,0,candidate_3,candidate_1,3,0.03
1011,candidate_2,candidate_3,candidate_1,3,0.03
1012,candidate_2,candidate_3,candidate_1,3,0.03
1013,candidate_2,candidate_3,candidate_1,3,0.03
1014,candidate_2,candidate_3,candidate_1,3,0.03
1015,candidate_2,candidate_3,candidate_1,3,0.03
1016,candidate_2,candidate_3,candidate_1,3,0.03
1017,candidate_2,candidate_3,candidate_1,3,0.03
1018,candidate_2,candidate_3,candidate_1,3,0.03
1019,candidate_2,candidate_3,candidate_1,3,0.03
1020,candidate_2,candidate_3,candidate_1,3,0.03
1021,candidate_2,candidate_3,0,3,0.03
1022,candidate_2,candidate_3,candidate_1,3,0.03
1023,candidate_2,candidate_3,candidate_1,3,0.03
1024,candidate_2,candidate_3,candidate_1,3,0.03
1025,candidate_2,candidate_3,candidate_1,3,0.03
1026,candidate_2,candidate_3,candidate_1,3,0.03
1027,candidate_2,candidate_3,candidate_1,3,0.03
1028,candidate_2,candidate_3,candidate_1,3,0.03
1029,candidate_2,candidate_3,candidate_1,3,0.03
1030,0,candidate_3,candidate_1,3,0.03
1031,candidate_2,candidate_3,candidate_1,3,0.03
1032,candidate_2,candidate_3,candidate_1,3,0.03
1033,candidate_2,candidate_3,candidate_1,3,0.03
1034,candidate_2,candidate_3,candidate_1,3,0.03
1035,candidate_2,candidate_3,candidate_1,3,0.03
1036,candidate_2,candidate_3,candidate_1,3,0.03
1037,0,candidate_3,candidate_1,3,0.03
1038,candidate_2,candidate_3,candidate_1,3,0.03
1039,candidate_2,candidate_3,candidate_1,3,0.03
1040,candidate_2,candidate_3,candidate_1,3,0.03
1041,candidate_2,candidate_3,candidate_1,3,0.03
1042,candidate_2,candidate_3,candidate_1,3,0.03
1043,candidate_2,candidate_3,candidate_1,3,0.03
1044,candidate_2,candidate_3,candidate_1,3,0.03
1045,candidate_2,candidate_3,candidate_1,3,0.03
1046,candidate_2,candidate_3,candidate_1,3,0.03
1047,candidate_2,candidate_3,candidate_1,3,0.03
1048,candidate_2,candidate_3,candidate_1,3,0.03
1049,candidate_2,candidate_3,candidate_1,3,0.03
1050,candidate_2,candidate_3,candidate_1,3,0.03
1051,candidate_2,candidate_3,candidate_1,3,0.03
1052,candidate_2,candidate_3,candidate_1,3,0.03
1053,candidate_2,candidate_3,candidate_1,3,0.03
1054,candidate_2,candidate_3,candidate_1,3,0.03
1055,candidate_2,candidate_3,candidate_1,3,0.03
1056,candidate_2,candidate_3,candidate_1,3,0.03
1057,candidate_2,candidate_3,candidate_1,3,0.03
1058,candidate_2,candidate_3,candidate_1,3,0.03
1059,candidate_2,candidate_3,0,3,0.03
1060,candidate_2,candidate_3,candidate_1,3,0.03
1061,candidate_2,candidate_3,candidate_1,3,0.03
1062,candidate_2,candidate_3,candidate_1,3,0.03
1063,candidate_2,candidate_3,candidate_1,3,0.03
1064,candidate_2,candidate_3,candidate_1,3,0.03
1065,candidate_2,candidate_3,candidate_1,3,0.03
1066,candidate_2,candidate_3,candidate_1,3,0.03
1067,candidate_2,candidate_3,candidate_1,3,0.03
1068,candidate_2,candidate_3,candidate_1,3,0.03
1069,candidate_2,candidate_3,candidate_1,3,0.03
1070,candidate_2,candidate_3,candidate_1,3,0.03
1071,0,candidate_3,candidate_1,3,0.03
1072,candidate_2,candidate_3,candidate_1,3,0.03
1073,candidate_2,candidate_3,0,3,0.03
1074,candidate_2,candidate_3,candidate_1,3,0.03
1075,candidate_2,candidate_3,candidate_1,3,0.03
1076,candidate_2,candidate_3,candidate_1,3,0.03
1077,candidate_2,candidate_3,candidate_1,3,0.03
1078,candidate_2,candidate_3,candidate_1,3,0.03
1079,candidate_2,candidate_3,candidate_1,3,0.03
1080,candidate_2,candidate_3,candidate_1,3,0.03
1081,candidate_2,candidate_3,candidate_1,3,0.03
1082,candidate_2,candidate_3,candidate_1,3,0.03
1083,candidate_2,candidate_3,candidate_1,3,0.03
1084,candidate_2,candidate_3,candidate_1,3,0.03
1085,candidate_2,candidate_3,candidate_1,3,0.03
1086,candidate_2,candidate_3,candidate_1,3,0.03
1087,candidate_2,candidate_3,candidate_1,3,0.03
1088,candidate_2,candidate_3,candidate_1,3,0.03
1089,candidate_2,candidate_3,candidate_1,3,0.03
1090,candidate_2,candidate_3,candidate_1,3,0.03
1091,candidate_2,candidate_3,candidate_1,3,0.03
1092,candidate_2,candidate_3,candidate_1,3,0.03
1093,candidate_2,candidate_3,candidate_1,3,0.03
1094,candidate_2,candidate_3,candidate_1,3,0.03
1095,candidate_2,candidate_3,candidate_1,3,0.03
1096,candidate_2,0,candidate_1,3,0.03
1097,candidate_2,candidate_3,candidate_1,3,0.03
1098,candidate_2,candidate_3,candidate_1,3,0.03
1099,candidate_2,candidate_3,candidate_1,3,0.03
1100,candidate_2,candidate_3,candidate_1,3,0.03
1101,candidate_2,candidate_3,candidate_1,3,0.03
1102,candidate_2,candidate_3,candidate_1,3,0.03
1103,candidate_2,candidate_3,candidate_1,3,0.03
1104,candidate_2,candidate_3,candidate_1,3,0.03
1105,candidate_2,candidate_3,candidate_1,3,0.03
1106,candidate_2,candidate_3,candidate_1,3,0.03
1107,candidate_2,candidate_3,candidate_1,3,0.03
1108,candidate_2,candidate_3,candidate_1,3,0.03
1109,candidate_2,candidate_3,candidate_1,3,0.03
1110,candidate_2,candidate_3,candidate_1,3,0.03
1111,0,candidate_3,candidate_1,3,0.03
1112,candidate_2,candidate_3,candidate_1,3,0.03
1113,candidate_2,0,candidate_1,3,0.03
1114,candidate_2,candidate_3,candidate_1,3,0.03
1115,candidate_2,candidate_3,candidate_1,3,0.03
1116,candidate_2,0,candidate_1,3,0.03
1117,candidate_2,candidate_3,candidate_1,3,0.03
1118,candidate_2,candidate_3,candidate_1,3,0.03
1119,candidate_2,candidate_3,candidate_1,3,0.03
1120,candidate_2,candidate_3,0,3,0.03
1121,candidate_2,candidate_3,candidate_1,3,0.03
1122,candidate_2,candidate_3,candidate_1,3,0.03
1123,candidate_2,candidate_3,candidate_1,3,0.03
1124,candidate_2,candidate_3,candidate_1,3,0.03
1125,candidate_2,candidate_3,candidate_1,3,0.03
1126,candidate_2,0,candidate_1,3,0.03
1127,candidate_2,candidate_3,candidate_1,3,0.03
1128,candidate_2,candidate_3,candidate_1,3,0.03
1129,candidate_2,candidate_3,candidate_1,3,0.03
1130,candidate_2,candidate_3,candidate_1,3,0.03
1131,candidate_2,candidate_3,candidate_1,3,0.03
1132,candidate_2,candidate_3,candidate_1,3,0.03
1133,candidate_2,candidate_3,candidate_1,3,0.03
1134,candidate_2,candidate_3,candidate_1,3,0.03
1135,candidate_2,candidate_3,candidate_1,3,0.03
1136,candidate_2,candidate_3,candidate_1,3,0.03
1137,candidate_2,candidate_3,candidate_1,3,0.03
1138,candidate_2,candidate_3,candidate_1,3,0.03
1139,candidate_2,candidate_3,candidate_1,3,0.03
1140,candidate_2,0,candidate_1,3,0.03
1141,candidate_2,candidate_3,candidate_1,3,0.03
1142,candidate_2,candidate_3,candidate_1,3,0.03
1143,candidate_2,candidate_3,candidate_1,3,0.03
1144,candidate_2,candidate_3,candidate_1,3,0.03
1145,candidate_2,candidate_3,candidate_1,3,0.03
1146,candidate_2,candidate_3,0,3,0.03
1147,candidate_2,candidate_3,candidate_1,3,0.03
1148,candidate_2,candidate_3,candidate_1,3,0.03
1149,candidate_2,candidate_3,candidate_1,3,0.03
1150,candidate_2,candidate_3,candidate_1,3,0.03
1151,candidate_2,candidate_3,candidate_1,3,0.03
1152,candidate_2,candidate_3,candidate_1,3,0.03
1153,candidate_2,candidate_3,candidate_1,3,0.03
1154,candidate_2,candidate_3,candidate_1,3,0.03
1155,candidate_2,candidate_3,0,3,0.03
1156,candidate_2,candidate_3,candidate_1,3,0.03
1157,candidate_2,candidate_3,candidate_1,3,0.03
1158,candidate_2,candidate_3,candidate_1,3,0.03
1159,candidate_2,0,candidate_1,3,0.03
1160,candidate_2,candidate_3,candidate_1,3,0.03
1161,candidate_2,candidate_3,candidate_1,3,0.03
1162,candidate_2,candidate_3,candidate_1,3,0.03
1163,candidate_2,candidate_3,candidate_1,3,0.03
1164,candidate_2,candidate_3,candidate_1,3,0.03
1165,candidate_2,candidate_3,candidate_1,3,0.03
1166,candidate_2,candidate_3,candidate_1,3,0.03
1167,candidate_2,candidate_3,candidate_1,3,0.03
1168,candidate_2,candidate_3,candidate_1,3,0.03
1169,candidate_2,candidate_3,candidate_1,3,0.03
1170,candidate_2,candidate_3,candidate_1,3,0.03
1171,candidate_2,candidate_3,candidate_1,3,0.03
1172,candidate_2,candidate_3,candidate_1,3,0.03
1173,candidate_2,candidate_3,candidate_1,3,0.03
1174,candidate_2,candidate_3,candidate_1,3,0.03
1175,candidate_2,candidate_3,candidate_1,3,0.03
1176,candidate_2,candidate_3,candidate_1,3,0.03
1177,candidate_2,candidate_3,candidate_1,3,0.03
1178,candidate_2,candidate_3,candidate_1,3,0.03
1179,candidate_2,candidate_3,candidate_1,3,0.03
1180,candidate_2,candidate_3,candidate_1,3,0.03
1181,candidate_2,candidate_3,candidate_1,3,0.03
1182,candidate_2,candidate_3,candidate_1,3,0.03
1183,candidate_2,candidate_3,candidate_1,3,0.03
1184,candidate_2,candidate_3,candidate_1,3,0.03
1185,candidate_2,candidate_3,candidate_1,3,0.03
1186,candidate_2,candidate_3,candidate_1,3,0.03
1187,candidate_2,candidate_3,candidate_1,3,0.03
1188,candidate_2,candidate_3,candidate_1,3,0.03
1189,candidate_2,candidate_3,candidate_1,3,0.03
1190,candidate_2,candidate_3,candidate_1,3,0.03
1191,candidate_2,candidate_3,candidate_1,3,0.03
1192,candidate_2,candidate_3,candidate_1,3,0.03
1193,candidate_2,candidate_3,candidate_1,3,0.03
1194,candidate_2,candidate_3,candidate_1,3,0.03
1195,candidate_2,candidate_3,candidate_1,3,0.03
1196,candidate_2,candidate_3,candidate_1,3,0.03
1197,candidate_2,candidate_3,candidate_1,3,0.03
1198,candidate_2,candidate_3,candidate_1,3,0.03
1199,candidate_2,candidate_3,candidate_1,3,0.03
1200,0,candidate_3,candidate_1,3,0.03
1201,candidate_2,candidate_3,candidate_1,3,0.03
1202,candidate_2,candidate_3,candidate_1,3,0.03
1203,candidate_2,candidate_3,candidate_1,3,0.03
1204,candidate_2,candidate_3,candidate_1,3,0.03
1205,candidate_2,candidate_3,candidate_1,3,0.03
1206,candidate_2,0,candidate_1,3,0.03
1207,candidate_2,candidate_3,candidate_1,3,0.03
1208,candidate_2,candidate_3,candidate_1,3,0.03
1209,candidate_2,candidate_3,candidate_1,3,0.03
1210,candidate_2,candidate_3,candidate_1,3,0.03
1211,candidate_2,candidate_3,candidate_1,3,0.03
1212,candidate_2,candidate_3,candidate_1,3,0.03
1213,candidate_2,candidate_3,candidate_1,3,0.03
1214,candidate_2,candidate_3,candidate_1,3,0.03
1215,candidate_2,candidate_3,candidate_1,3,0.03
1216,candidate_2,candidate_3,candidate_1,3,0.03
1217,candidate_2,candidate_3,candidate_1,3,0.03
1218,candidate_2,candidate_3,candidate_1,3,0.03
1219,candidate_2,candidate_3,candidate_1,3,0.03
1220,candidate_2,candidate_3,candidate_1,3,0.03
1221,candidate_2,candidate_3,candidate_1,3,0.03
1222,0,candidate_3,candidate_1,3,0.03
1223,candidate_2,candidate_3,candidate_1,3,0.03
1224,candidate_2,candidate_3,candidate_1,3,0.03
1225,candidate_2,candidate_3,candidate_1,3,0.03
1226,candidate_2,0,candidate_1,3,0.03
1227,candidate_2,candidate_3,candidate_1,3,0.03
1228,candidate_2,0,candidate_1,3,0.03
1229,candidate_2,candidate_3,candidate_1,3,0.03
1230,candidate_2,candidate_3,candidate_1,3,0.03
1231,candidate_2,candidate_3,candidate_1,3,0.03
1232,candidate_2,candidate_3,candidate_1,3,0.03
1233,candidate_2,candidate_3,candidate_1,3,0.03
1234,candidate_2,candidate_3,candidate_1,3,0.03
1235,candidate_2,0,candidate_1,3,0.03
1236,candidate_2,candidate_3,candidate_1,3,0.03
1237,candidate_2,candidate_3,candidate_1,3,0.03
1238,candidate_2,candidate_3,candidate_1,3,0.03
1239,candidate_2,candidate_3,candidate_1,3,0.03
1240,candidate_2,candidate_3,candidate_1,3,0.03
1241,candidate_2,candidate_3,candidate_1,3,0.03
1242,candidate_2,candidate_3,candidate_1,3,0.03
1243,candidate_2,candidate_3,candidate_1,3,0.03
1244,candidate_2,0,candidate_1,3,0.03
1245,candidate_2,candidate_3,candidate_1,3,0.03
1246,candidate_2,candidate_3,candidate_1,3,0.03
1247,candidate_2,candidate_3,candidate_1,3,0.03
1248,candidate_2,candidate_3,candidate_1,3,0.03
1249,candidate_2,candidate_3,candidate_1,3,0.03
1250,candidate_2,candidate_3,candidate_1,3,0.03
1251,candidate_2,candidate_3,candidate_1,3,0.03
1252,candidate_2,candidate_3,candidate_1,3,0.03
1253,candidate_2,candidate_3,candidate_1,3,0.03
1254,candidate_2,candidate_3,candidate_1,3,0.03
1255,candidate_2,candidate_3,candidate_1,3,0.03
1256,candidate_2,candidate_3,candidate_1,3,0.03
1257,candidate_2,candidate_3,candidate_1,3,0.03
1258,candidate_2,candidate_3,candidate_1,3,0.03
1259,candidate_2,candidate_3,candidate_1,3,0.03
1260,candidate_2,candidate_3,candidate_1,3,0.03
1261,candidate_2,candidate_3,candidate_1,3,0.03
1262,candidate_2,candidate_3,candidate_1,3,0.03
1263,candidate_2,candidate_3,candidate_1,3,0.03
1264,candidate_2,candidate_3,candidate_1,3,0.03
1265,candidate_2,candidate_3,candidate_1,3,0.03
1266,candidate_2,candidate_3,candidate_1,3,0.03
1267,candidate_2,candidate_3,candidate_1,3,0.03
1268,candidate_2,candidate_3,candidate_1,3,0.03
1269,candidate_2,candidate_3,candidate_1,3,0.03
1270,candidate_2,candidate_3,candidate_1,3,0.03
1271,candidate_2,candidate_3,candidate_1,3,0.03
1272,candidate_2,candidate_3,candidate_1,3,0.03
1273,candidate_2,0,candidate_1,3,0.03
1274,candidate_2,candidate_3,0,3,0.03
1275,candidate_2,candidate_3,candidate_1,3,0.03
1276,candidate_2,candidate_3,candidate_1,3,0.03
1277,candidate_2,candidate_3,candidate_1,3,0.03
1278,candidate_2,candidate_3,candidate_1,3,0.03
1279,candidate_2,candidate_3,candidate_1,3,0.03
1280,candidate_2,candidate_3,candidate_1,3,0.03
1281,candidate_2,candidate_3,0,3,0.03
1282,candidate_2,candidate_3,candidate_1,3,0.03
1283,candidate_2,candidate_3,candidate_1,3,0.03
1284,candidate_2,candidate_3,candidate_1,3,0.03
1285,candidate_2,candidate_3,candidate_1,3,0.03
1286,candidate_2,candidate_3,candidate_1,3,0.03
1287,candidate_2,candidate_3,candidate_1,3,0.03
1288,candidate_2,candidate_3,candidate_1,3,0.03
1289,candidate_2,candidate_3,candidate_1,3,0.03
1290,candidate_2,candidate_3,candidate_1,3,0.03
1291,candidate_2,candidate_3,candidate_1,3,0.03
1292,candidate_2,candidate_3,candidate_1,3,0.03
1293,candidate_2,candidate_3,candidate_1,3,0.03
1294,candidate_2,candidate_3,candidate_1,3,0.03
1295,candidate_2,candidate_3,candidate_1,3,0.03
1296,candidate_2,candidate_3,candidate_1,3,0.03
1297,candidate_2,candidate_3,candidate_1,3,0.03
1298,candidate_2,candidate_3,candidate_1,3,0.03
1299,candidate_2,candidate_3,candidate_1,3,0.03
1300,candidate_2,candidate_3,candidate_1,3,0.03
1301,candidate_2,candidate_3,candidate_1,3,0.03
1302,candidate_2,candidate_3,candidate_1,3,0.03
1303,candidate_2,candidate_3,candidate_1,3,0.03
1304,candidate_2,candidate_3,candidate_1,3,0.03
1305,candidate_2,candidate_3,candidate_1,3,0.03
1306,candidate_2,candidate_3,candidate_1,3,0.03
1307,candidate_2,candidate_3,candidate_1,3,0.03
1308,candidate_2,0,candidate_1,3,0.03
1309,candidate_2,candidate_3,candidate_1,3,0.03
1310,candidate_2,candidate_3,candidate_1,3,0.03
1311,candidate_2,candidate_3,candidate_1,3,0.03
1312,candidate_2,candidate_3,candidate_1,3,0.03
1313,candidate_2,candidate_3,candidate_1,3,0.03
1314,candidate_2,candidate_3,candidate_1,3,0.03
1315,candidate_2,candidate_3,candidate_1,3,0.03
1316,candidate_2,candidate_3,candidate_1,3,0.03
1317,0,candidate_3,candidate_1,3,0.03
1318,candidate_2,candidate_3,candidate_1,3,0.03
1319,candidate_2,candidate_3,candidate_1,3,0.03
1320,0,candidate_3,candidate_1,3,0.03
1321,candidate_2,0,candidate_1,3,0.03
1322,candidate_2,candidate_3,candidate_1,3,0.03
1323,candidate_2,candidate_3,candidate_1,3,0.03
1324,candidate_2,candidate_3,candidate_1,3,0.03
1325,candidate_2,candidate_3,candidate_1,3,0.03
1326,candidate_2,candidate_3,candidate_1,3,0.03
1327,candidate_2,candidate_3,candidate_1,3,0.03
1328,candidate_2,candidate_3,candidate_1,3,0.03
1329,candidate_2,candidate_3,candidate_1,3,0.03
1330,candidate_2,candidate_3,candidate_1,3,0.03
1331,candidate_2,candidate_3,candidate_1,3,0.03
1332,candidate_2,candidate_3,candidate_1,3,0.03
1333,0,candidate_3,candidate_1,3,0.03
1334,candidate_2,candidate_3,candidate_1,3,0.03
1335,candidate_2,candidate_3,candidate_1,3,0.03
1336,candidate_2,candidate_3,candidate_1,3,0.03
1337,candidate_2,candidate_3,candidate_1,3,0.03
1338,candidate_2,candidate_3,candidate_1,3,0.03
1339,candidate_2,candidate_3,candidate_1,3,0.03
1340,candidate_2,candidate_3,candidate_1,3,0.03
1341,candidate_2,candidate_3,candidate_1,3,0.03
1342,candidate_2,candidate_3,candidate_1,3,0.03
1343,candidate_2,candidate_3,candidate_1,3,0.03
1344,candidate_2,candidate_3,candidate_1,3,0.03
1345,candidate_2,candidate_3,candidate_1,3,0.03
1346,candidate_2,candidate_3,candidate_1,3,0.03
1347,candidate_2,candidate_3,candidate_1,3,0.03
1348,candidate_2,candidate_3,candidate_1,3,0.03
1349,candidate_2,candidate_3,candidate_1,3,0.03
1350,candidate_2,candidate_3,candidate_1,3,0.03
1351,candidate_2,candidate_3,candidate_1,3,0.03
1352,candidate_2,candidate_3,candidate_1,3,0.03
1353,candidate_2,candidate_3,candidate_1,3,0.03
1354,candidate_2,candidate_3,candidate_1,3,0.03
1355,candidate_2,candidate_3,candidate_1,3,0.03
1356,candidate_2,candidate_3,candidate_1,3,0.03
1357,candidate_2,candidate_3,candidate_1,3,0.03
1358,candidate_2,candidate_3,candidate_1,3,0.03
1359,candidate_2,candidate_3,candidate_1,3,0.03
1360,candidate_2,0,candidate_1,3,0.03
1361,candidate_2,candidate_3,candidate_1,3,0.03
1362,candidate_2,candidate_3,candidate_1,3,0.03
1363,candidate_2,candidate_3,candidate_1,3,0.03
1364,candidate_2,candidate_3,candidate_1,3,0.03
1365,candidate_2,candidate_3,candidate_1,3,0.03
1366,candidate_2,candidate_3,candidate_1,3,0.03
1367,candidate_2,candidate_3,candidate_1,3,0.03
1368,candidate_2,candidate_3,candidate_1,3,0.03
1369,candidate_2,candidate_3,candidate_1,3,0.03
1370,candidate_2,candidate_3,candidate_1,3,0.03
1371,candidate_2,candidate_3,candidate_1,3,0.03
1372,candidate_2,candidate_3,candidate_1,3,0.03
1373,candidate_2,candidate_3,candidate_1,3,0.03
1374,candidate_2,candidate_3,candidate_1,3,0.03
1375,candidate_2,candidate_3,candidate_1,3,0.03
1376,candidate_2,candidate_3,candidate_1,3,0.03
1377,candidate_2,candidate_3,candidate_1,3,0.03
1378,candidate_2,candidate_3,candidate_1,3,0.03
1379,candidate_2,candidate_3,candidate_1,3,0.03
1380,candidate_2,candidate_3,candidate_1,3,0.03
1381,0,candidate_3,candidate_1,3,0.03
1382,candidate_2,candidate_3,candidate_1,3,0.03
1383,candidate_2,candidate_3,candidate_1,3,0.03
1384,candidate_2,candidate_3,candidate_1,3,0.03
1385,candidate_2,candidate_3,candidate_1,3,0.03
1386,candidate_2,candidate_3,candidate_1,3,0.03
1387,candidate_2,candidate_3,candidate_1,3,0.03
1388,candidate_2,candidate_3,candidate_1,3,0.03
1389,candidate_2,candidate_3,candidate_1,3,0.03
1390,candidate_2,0,candidate_1,3,0.03
1391,candidate_2,candidate_3,candidate_1,3,0.03
1392,candidate_2,0,candidate_1,3,0.03
1393,candidate_2,candidate_3,candidate_1,3,0.03
1394,candidate_2,candidate_3,candidate_1,3,0.03
1395,candidate_2,candidate_3,candidate_1,3,0.03
1396,candidate_2,candidate_3,candidate_1,3,0.03
1397,candidate_2,candidate_3,candidate_1,3,0.03
1398,candidate_2,candidate_3,candidate_1,3,0.03
1399,candidate_2,candidate_3,candidate_1,3,0.03
1400,candidate_2,candidate_3,candidate_1,3,0.03
1401,0,candidate_3,candidate_1,3,0.03
1402,candidate_2,candidate_3,candidate_1,3,0.03
1403,candidate_2,candidate_3,candidate_1,3,0.03
1404,candidate_2,candidate_3,candidate_1,3,0.03
1405,candidate_2,candidate_3,candidate_1,3,0.03
1406,candidate_2,candidate_3,0,3,0.03
1407,candidate_2,candidate_3,candidate_1,3,0.03
1408,0,candidate_3,candidate_1,3,0.03
1409,candidate_2,candidate_3,candidate_1,3,0.03
1410,candidate_2,candidate_3,candidate_1,3,0.03
1411,candidate_2,candidate_3,candidate_1,3,0.03
1412,candidate_2,candidate_3,candidate_1,3,0.03
1413,candidate_2,candidate_3,candidate_1,3,0.03
1414,candidate_2,candidate_3,candidate_1,3,0.03
1415,candidate_2,candidate_3,candidate_1,3,0.03
1416,0,candidate_3,candidate_1,3,0.03
1417,candidate_2,candidate_3,candidate_1,3,0.03
1418,candidate_2,candidate_3,candidate_1,3,0.03
1419,candidate_2,candidate_3,candidate_1,3,0.03
1420,candidate_2,candidate_3,candidate_1,3,0.03
1421,candidate_2,candidate_3,candidate_1,3,0.03
1422,candidate_2,candidate_3,candidate_1,3,0.03
1423,candidate_2,candidate_3,candidate_1,3,0.03
1424,candidate_2,candidate_3,0,3,0.03
1425,candidate_2,candidate_3,candidate_1,3,0.03
1426,candidate_2,candidate_3,candidate_1,3,0.03
1427,candidate_2,candidate_3,candidate_1,3,0.03
1428,candidate_2,candidate_3,candidate_1,3,0.03
1429,candidate_2,candidate_3,candidate_1,3,0.03
1430,candidate_2,candidate_3,candidate_1,3,0.03
1431,candidate_2,candidate_3,candidate_1,3,0.03
1432,candidate_2,candidate_3,candidate_1,3,0.03
1433,candidate_2,candidate_3,candidate_1,3,0.03
1434,candidate_2,candidate_3,candidate_1,3,0.03
1435,candidate_2,candidate_3,candidate_1,3,0.03
1436,candidate_2,candidate_3,candidate_1,3,0.03
1437,candidate_2,candidate_3,candidate_1,3,0.03
1438,candidate_2,candidate_3,candidate_1,3,0.03
1439,candidate_2,candidate_3,candidate_1,3,0.03
1440,candidate_2,candidate_3,candidate_1,3,0.03
1441,candidate_2,candidate_3,0,3,0.03
1442,candidate_2,candidate_3,candidate_1,3,0.03
1443,candidate_2,candidate_3,candidate_1,3,0.03
1444,candidate_2,candidate_3,candidate_1,3,0.03
1445,candidate_2,candidate_3,candidate_1,3,0.03
1446,candidate_2,candidate_3,candidate_1,3,0.03
1447,candidate_2,candidate_3,candidate_1,3,0.03
1448,candidate_2,candidate_3,candidate_1,3,0.03
1449,candidate_2,0,candidate_1,3,0.03
1450,candidate_2,candidate_3,candidate_1,3,0.03
1451,candidate_2,candidate_3,candidate_1,3,0.03
1452,candidate_2,candidate_3,candidate_1,3,0.03
1453,candidate_2,candidate_3,candidate_1,3,0.03
1454,candidate_2,candidate_3,candidate_1,3,0.03
1455,0,candidate_3,candidate_1,3,0.03
1456,candidate_2,candidate_3,0,3,0.03
1457,candidate_2,candidate_3,candidate_1,3,0.03
1458,candidate_2,candidate_3,candidate_1,3,0.03
1459,candidate_2,candidate_3,candidate_1,3,0.03
1460,candidate_2,candidate_3,candidate_1,3,0.03
1461,candidate_2,candidate_3,candidate_1,3,0.03
1462,candidate_2,candidate_3,candidate_1,3,0.03
1463,candidate_2,candidate_3,candidate_1,3,0.03
1464,candidate_2,candidate_3,candidate_1,3,0.03
1465,candidate_2,candidate_3,0,3,0.03
1466,candidate_2,candidate_3,candidate_1,3,0.03
1467,candidate_2,candidate_3,candidate_1,3,0.03
1468,candidate_2,candidate_3,candidate_1,3,0.03
1469,candidate_2,candidate_3,candidate_1,3,0.03
1470,candidate_2,candidate_3,candidate_1,3,0.03
1471,candidate_2,candidate_3,0,3,0.03
1472,candidate_2,candidate_3,candidate_1,3,0.03
1473,candidate_2,candidate_3,candidate_1,3,0.03
1474,candidate_2,candidate_3,candidate_1,3,0.03
1475,candidate_2,candidate_3,candidate_1,3,0.03
1476,0,candidate_3,candidate_1,3,0.03
1477,candidate_2,candidate_3,candidate_1,3,0.03
1478,candidate_2,candidate_3,candidate_1,3,0.03
1479,candidate_2,candidate_3,candidate_1,3,0.03
1480,candidate_2,candidate_3,candidate_1,3,0.03
1481,candidate_2,candidate_3,candidate_1,3,0.03
1482,candidate_2,candidate_3,candidate_1,3,0.03
1483,candidate_2,candidate_3,candidate_1,3,0.03
1484,candidate_2,candidate_3,candidate_1,3,0.03
1485,candidate_2,candidate_3,candidate_1,3,0.03
1486,candidate_2,candidate_3,candidate_1,3,0.03
1487,candidate_2,candidate_3,candidate_1,3,0.03
1488,candidate_2,candidate_3,candidate_1,3,0.03
1489,candidate_2,candidate_3,candidate_1,3,0.03
1490,candidate_2,candidate_3,candidate_1,3,0.03
1491,candidate_2,candidate_3,candidate_1,3,0.03
1492,candidate_2,candidate_3,candidate_1,3,0.03
1493,candidate_2,candidate_3,candidate_1,3,0.03
1494,candidate_2,candidate_3,candidate_1,3,0.03
1495,candidate_2,candidate_3,candidate_1,3,0.03
1496,candidate_2,candidate_3,candidate_1,3,0.03
1497,candidate_2,candidate_3,candidate_1,3,0.03
1498,candidate_2,candidate_3,candidate_1,3,0.03
1499,candidate_2,candidate_3,candidate_1,3,0.03
1500,0,candidate_3,candidate_1,3,0.03
1501,candidate_2,candidate_3,candidate_1,3,0.03
1502,candidate_2,candidate_3,candidate_1,3,0.03
1503,candidate_2,candidate_3,candidate_1,3,0.03
1504,candidate_2,candidate_3,candidate_1,3,0.03
1505,candidate_2,candidate_3,candidate_1,3,0.03
1506,candidate_2,candidate_3,candidate_1,3,0.03
1507,candidate_2,candidate_3,candidate_1,3,0.03
1508,candidate_2,candidate_3,candidate_1,3,0.03
1509,candidate_2,candidate_3,candidate_1,3,0.03
1510,candidate_2,candidate_3,candidate_1,3,0.03
1511,candidate_2,candidate_3,candidate_1,3,0.03
1512,candidate_2,candidate_3,candidate_1,3,0.03
1513,candidate_2,candidate_3,candidate_1,3,0.03
1514,candidate_2,candidate_3,candidate_1,3,0.03
1515,candidate_2,candidate_3,candidate_1,3,0.03
1516,candidate_2,candidate_3,candidate_1,3,0.03
1517,candidate_2,candidate_3,candidate_1,3,0.03
1518,candidate_2,candidate_3,candidate_1,3,0.03
1519,0,candidate_3,candidate_1,3,0.03
1520,candidate_2,candidate_3,candidate_1,3,0.03
1521,candidate_2,candidate_3,0,3,0.03
1522,candidate_2,candidate_3,candidate_1,3,0.03
1523,candidate_2,candidate_3,candidate_1,3,0.03
1524,candidate_2,candidate_3,candidate_1,3,0.03
1525,candidate_2,candidate_3,candidate_1,3,0.03
1526,candidate_2,candidate_3,candidate_1,3,0.03
1527,candidate_2,candidate_3,candidate_1,3,0.03
1528,candidate_2,candidate_3,candidate_1,3,0.03
1529,candidate_2,candidate_3,candidate_1,3,0.03
1530,candidate_2,candidate_3,candidate_1,3,0.03
1531,candidate_2,candidate_3,candidate_1,3,0.03
1532,candidate_2,candidate_3,candidate_1,3,0.03
1533,candidate_2,candidate_3,candidate_1,3,0.03
1534,candidate_2,candidate_3,candidate_1,3,0.03
1535,candidate_2,candidate_3,candidate_1,3,0.03
1536,candidate_2,candidate_3,candidate_1,3,0.03
1537,candidate_2,candidate_3,candidate_1,3,0.03
1538,candidate_2,candidate_3,candidate_1,3,0.03
1539,candidate_2,candidate_3,candidate_1,3,0.03
1540,candidate_2,candidate_3,candidate_1,3,0.03
1541,candidate_2,candidate_3,candidate_1,3,0.03
1542,candidate_2,0,candidate_1,3,0.03
1543,candidate_2,candidate_3,candidate_1,3,0.03
1544,candidate_2,candidate_3,candidate_1,3,0.03
1545,candidate_2,candidate_3,candidate_1,3,0.03
1546,candidate_2,candidate_3,candidate_1,3,0.03
1547,candidate_2,candidate_3,candidate_1,3,0.03
1548,candidate_2,candidate_3,candidate_1,3,0.03
1549,candidate_2,candidate_3,candidate_1,3,0.03
1550,candidate_2,candidate_3,candidate_1,3,0.03
1551,candidate_2,candidate_3,candidate_1,3,0.03
1552,candidate_2,candidate_3,candidate_1,3,0.03
1553,candidate_2,candidate_3,candidate_1,3,0.03
1554,candidate_2,candidate_3,candidate_1,3,0.03
1555,candidate_2,candidate_3,candidate_1,3,0.03
1556,candidate_2,candidate_3,candidate_1,3,0.03
1557,candidate_2,candidate_3,candidate_1,3,0.03
1558,candidate_2,candidate_3,candidate_1,3,0.03
1559,candidate_2,candidate_3,candidate_1,3,0.03
1560,candidate_2,candidate_3,candidate_1,3,0.03
1561,candidate_2,candidate_3,candidate_1,3,0.03
1562,candidate_2,candidate_3,candidate_1,3,0.03
1563,candidate_2,candidate_3,candidate_1,3,0.03
1564,candidate_2,candidate_3,candidate_1,3,0.03
1565,candidate_2,candidate_3,candidate_1,3,0.03
1566,0,candidate_3,0,3,0.03
1567,candidate_2,candidate_3,candidate_1,3,0.03
1568,candidate_2,candidate_3,candidate_1,3,0.03
1569,candidate_2,candidate_3,candidate_1,3,0.03
1570,candidate_2,candidate_3,candidate_1,3,0.03
1571,candidate_2,candidate_3,candidate_1,3,0.03
1572,candidate_2,candidate_3,candidate_1,3,0.03
1573,candidate_2,candidate_3,candidate_1,3,0.03
1574,candidate_2,candidate_3,candidate_1,3,0.03
1575,candidate_2,candidate_3,candidate_1,3,0.03
1576,candidate_2,candidate_3,candidate_1,3,0.03
1577,candidate_2,candidate_3,candidate_1,3,0.03
1578,0,candidate_3,candidate_1,3,0.03
1579,candidate_2,candidate_3,candidate_1,3,0.03
1580,candidate_2,candidate_3,candidate_1,3,0.03
1581,candidate_2,candidate_3,candidate_1,3,0.03
1582,candidate_2,candidate_3,candidate_1,3,0.03
1583,candidate_2,candidate_3,candidate_1,3,0.03
1584,candidate_2,candidate_3,candidate_1,3,0.03
1585,candidate_2,candidate_3,candidate_1,3,0.03
1586,candidate_2,candidate_3,candidate_1,3,0.03
1587,0,candidate_3,candidate_1,3,0.03
1588,candidate_2,candidate_3,candidate_1,3,0.03
1589,candidate_2,candidate_3,0,3,0.03
1590,candidate_2,candidate_3,candidate_1,3,0.03
1591,candidate_2,candidate_3,candidate_1,3,0.03
1592,candidate_2,candidate_3,candidate_1,3,0.03
1593,candidate_2,candidate_3,candidate_1,3,0.03
1594,candidate_2,candidate_3,candidate_1,3,0.03
1595,candidate_2,0,0,3,0.03
1596,candidate_2,candidate_3,candidate_1,3,0.03
1597,candidate_2,candidate_3,candidate_1,3,0.03
1598,candidate_2,candidate_3,candidate_1,3,0.03
1599,candidate_2,candidate_3,candidate_1,3,0.03
1600,candidate_2,candidate_3,candidate_1,3,0.03
1601,candidate_2,candidate_3,candidate_1,3,0.03
1602,0,candidate_3,candidate_1,3,0.03
1603,candidate_2,candidate_3,candidate_1,3,0.03
1604,candidate_2,candidate_3,candidate_1,3,0.03
1605,candidate_2,candidate_3,candidate_1,3,0.03
1606,candidate_2,candidate_3,candidate_1,3,0.03
1607,candidate_2,candidate_3,candidate_1,3,0.03
1608,candidate_2,candidate_3,candidate_1,3,0.03
1609,candidate_2,candidate_3,candidate_1,3,0.03
1610,candidate_2,candidate_3,candidate_1,3,0.03
1611,candidate_2,candidate_3,candidate_1,3,0.03
1612,0,candidate_3,candidate_1,3,0.03
1613,candidate_2,candidate_3,candidate_1,3,0.03
1614,candidate_2,candidate_3,candidate_1,3,0.03
1615,candidate_2,candidate_3,candidate_1,3,0.03
1616,candidate_2,candidate_3,candidate_1,3,0.03
1617,candidate_2,candidate_3,candidate_1,3,0.03
1618,candidate_2,candidate_3,candidate_1,3,0.03
1619,candidate_2,candidate_3,candidate_1,3,0.03
1620,candidate_2,candidate_3,candidate_1,3,0.03
1621,candidate_2,candidate_3,candidate_1,3,0.03
1622,candidate_2,candidate_3,candidate_1,3,0.03
1623,candidate_2,candidate_3,candidate_1,3,0.03
1624,candidate_2,candidate_3,candidate_1,3,0.03
1625,candidate_2,candidate_3,candidate_1,3,0.03
1626,candidate_2,candidate_3,candidate_1,3,0.03
1627,candidate_2,candidate_3,candidate_1,3,0.03
1628,candidate_2,candidate_3,candidate_1,3,0.03
1629,candidate_2,candidate_3,candidate_1,3,0.03
1630,candidate_2,candidate_3,candidate_1,3,0.03
1631,candidate_2,candidate_3,candidate_1,3,0.03
1632,candidate_2,candidate_3,candidate_1,3,0.03
1633,candidate_2,candidate_3,candidate_1,3,0.03
1634,candidate_2,candidate_3,candidate_1,3,0.03
1635,candidate_2,candidate_3,candidate_1,3,0.03
1636,candidate_2,candidate_3,candidate_1,3,0.03
1637,candidate_2,candidate_3,candidate_1,3,0.03
1638,candidate_2,candidate_3,candidate_1,3,0.03
1639,candidate_2,candidate_3,candidate_1,3,0.03
1640,candidate_2,candidate_3,candidate_1,3,0.03
1641,candidate_2,candidate_3,candidate_1,3,0.03
1642,candidate_2,0,candidate_1,3,0.03
1643,candidate_2,candidate_3,candidate_1,3,0.03
1644,candidate_2,candidate_3,candidate_1,3,0.03
1645,candidate_2,candidate_3,candidate_1,3,0.03
1646,candidate_2,candidate_3,candidate_1,3,0.03
1647,candidate_2,candidate_3,candidate_1,3,0.03
1648,candidate_2,candidate_3,candidate_1,3,0.03
1649,candidate_2,candidate_3,candidate_1,3,0.03
1650,candidate_2,candidate_3,candidate_1,3,0.03
1651,candidate_2,candidate_3,candidate_1,3,0.03
1652,candidate_2,candidate_3,candidate_1,3,0.03
1653,candidate_2,candidate_3,candidate_1,3,0.03
1654,candidate_2,candidate_3,candidate_1,3,0.03
1655,candidate_2,candidate_3,candidate_1,3,0.03
1656,candidate_2,candidate_3,candidate_1,3,0.03
1657,candidate_2,candidate_3,candidate_1,3,0.03
1658,candidate_2,candidate_3,candidate_1,3,0.03
1659,candidate_2,candidate_3,candidate_1,3,0.03
1660,candidate_2,candidate_3,candidate_1,3,0.03
1661,candidate_2,0,candidate_1,3,0.03
1662,candidate_2,candidate_3,candidate_1,3,0.03
1663,candidate_2,candidate_3,candidate_1,3,0.03
1664,candidate_2,candidate_3,candidate_1,3,0.03
1665,candidate_2,candidate_3,candidate_1,3,0.03
1666,candidate_2,candidate_3,candidate_1,3,0.03
1667,candidate_2,candidate_3,candidate_1,3,0.03
1668,candidate_2,candidate_3,candidate_1,3,0.03
1669,candidate_2,candidate_3,candidate_1,3,0.03
1670,candidate_2,candidate_3,candidate_1,3,0.03
1671,candidate_2,candidate_3,candidate_1,3,0.03
1672,candidate_2,candidate_3,candidate_1,3,0.03
1673,candidate_2,candidate_3,candidate_1,3,0.03
1674,candidate_2,candidate_3,candidate_1,3,0.03
1675,candidate_2,candidate_3,candidate_1,3,0.03
1676,candidate_2,candidate_3,candidate_1,3,0.03
1677,candidate_2,candidate_3,candidate_1,3,0.03
1678,candidate_2,candidate_3,candidate_1,3,0.03
1679,candidate_2,candidate_3,candidate_1,3,0.03
1680,candidate_2,candidate_3,candidate_1,3,0.03
1681,candidate_2,candidate_3,candidate_1,3,0.03
1682,candidate_2,candidate_3,candidate_1,3,0.03
1683,candidate_2,candidate_3,candidate_1,3,0.03
1684,candidate_2,candidate_3,candidate_1,3,0.03
1685,candidate_2,candidate_3,candidate_1,3,0.03
1686,candidate_2,candidate_3,candidate_1,3,0.03
1687,candidate_2,candidate_3,candidate_1,3,0.03
1688,candidate_2,candidate_3,candidate_1,3,0.03
1689,candidate_2,candidate_3,candidate_1,3,0.03
1690,candidate_2,candidate_3,candidate_1,3,0.03
1691,candidate_2,candidate_3,candidate_1,3,0.03
1692,candidate_2,candidate_3,candidate_1,3,0.03
1693,candidate_2,candidate_3,candidate_1,3,0.03
1694,candidate_2,candidate_3,candidate_1,3,0.03
1695,candidate_2,candidate_3,candidate_1,3,0.03
1696,0,candidate_3,candidate_1,3,0.03
1697,candidate_2,candidate_3,candidate_1,3,0.03
1698,candidate_2,candidate_3,candidate_1,3,0.03
1699,candidate_2,candidate_3,candidate_1,3,0.03
1700,candidate_2,candidate_3,candidate_1,3,0.03
1701,candidate_2,candidate_3,candidate_1,3,0.03
1702,candidate_2,candidate_3,candidate_1,3,0.03
1703,candidate_2,candidate_3,candidate_1,3,0.03
1704,candidate_2,candidate_3,candidate_1,3,0.03
1705,candidate_2,candidate_3,candidate_1,3,0.03
1706,candidate_2,candidate_3,0,3,0.03
1707,candidate_2,candidate_3,candidate_1,3,0.03
1708,candidate_2,candidate_3,candidate_1,3,0.03
1709,candidate_2,candidate_3,candidate_1,3,0.03
1710,candidate_2,candidate_3,candidate_1,3,0.03
1711,candidate_2,candidate_3,candidate_1,3,0.03
1712,candidate_2,candidate_3,candidate_1,3,0.03
1713,candidate_2,candidate_3,candidate_1,3,0.03
1714,candidate_2,candidate_3,candidate_1,3,0.03
1715,candidate_2,0,candidate_1,3,0.03
1716,candidate_2,candidate_3,candidate_1,3,0.03
1717,candidate_2,0,candidate_1,3,0.03
1718,candidate_2,candidate_3,candidate_1,3,0.03
1719,0,0,candidate_1,3,0.03
1720,candidate_2,candidate_3,candidate_1,3,0.03
1721,candidate_2,candidate_3,0,3,0.03
1722,0,candidate_3,candidate_1,3,0.03
1723,candidate_2,candidate_3,candidate_1,3,0.03
1724,candidate_2,candidate_3,candidate_1,3,0.03
1725,candidate_2,candidate_3,candidate_1,3,0.03
1726,candidate_2,candidate_3,candidate_1,3,0.03
1727,candidate_2,candidate_3,candidate_1,3,0.03
1728,candidate_2,candidate_3,candidate_1,3,0.03
1729,candidate_2,candidate_3,candidate_1,3,0.03
1730,candidate_2,candidate_3,candidate_1,3,0.03
1731,candidate_2,candidate_3,candidate_1,3,0.03
1732,candidate_2,candidate_3,candidate_1,3,0.03
1733,candidate_2,candidate_3,candidate_1,3,0.03
1734,candidate_2,candidate_3,candidate_1,3,0.03
1735,candidate_2,candidate_3,candidate_1,3,0.03
1736,candidate_2,candidate_3,candidate_1,3,0.03
1737,candidate_2,candidate_3,candidate_1,3,0.03
1738,candidate_2,candidate_3,candidate_1,3,0.03
1739,candidate_2,candidate_3,candidate_1,3,0.03
1740,0,candidate_3,candidate_1,3,0.03
1741,candidate_2,candidate_3,candidate_1,3,0.03
1742,candidate_2,candidate_3,candidate_1,3,0.03
1743,candidate_2,candidate_3,candidate_1,3,0.03
1744,candidate_2,candidate_3,candidate_1,3,0.03
1745,candidate_2,candidate_3,candidate_1,3,0.03
1746,candidate_2,candidate_3,candidate_1,3,0.03
1747,candidate_2,candidate_3,candidate_1,3,0.03
1748,candidate_2,candidate_3,candidate_1,3,0.03
1749,candidate_2,candidate_3,candidate_1,3,0.03
1750,candidate_2,candidate_3,candidate_1,3,0.03
1751,candidate_2,candidate_3,candidate_1,3,0.03
1752,candidate_2,candidate_3,candidate_1,3,0.03
1753,candidate_2,candidate_3,candidate_1,3,0.03
1754,candidate_2,candidate_3,candidate_1,3,0.03
1755,candidate_2,candidate_3,candidate_1,3,0.03
1756,candidate_2,0,candidate_1,3,0.03
1757,candidate_2,candidate_3,candidate_1,3,0.03
1758,candidate_2,candidate_3,candidate_1,3,0.03
1759,candidate_2,candidate_3,candidate_1,3,0.03
1760,candidate_2,candidate_3,candidate_1,3,0.03
1761,candidate_2,candidate_3,candidate_1,3,0.03
1762,candidate_2,candidate_3,candidate_1,3,0.03
1763,candidate_2,candidate_3,candidate_1,3,0.03
1764,candidate_2,candidate_3,candidate_1,3,0.03
1765,candidate_2,candidate_3,candidate_1,3,0.03
1766,candidate_2,candidate_3,candidate_1,3,0.03
1767,candidate_2,candidate_3,candidate_1,3,0.03
1768,candidate_2,candidate_3,candidate_1,3,0.03
1769,0,candidate_3,candidate_1,3,0.03
1770,candidate_2,candidate_3,candidate_1,3,0.03
1771,candidate_2,candidate_3,candidate_1,3,0.03
1772,candidate_2,candidate_3,candidate_1,3,0.03
1773,candidate_2,candidate_3,candidate_1,3,0.03
1774,candidate_2,candidate_3,candidate_1,3,0.03
1775,candidate_2,candidate_3,candidate_1,3,0.03
1776,candidate_2,candidate_3,candidate_1,3,0.03
1777,candidate_2,candidate_3,candidate_1,3,0.03
1778,candidate_2,candidate_3,candidate_1,3,0.03
1779,candidate_2,candidate_3,candidate_1,3,0.03
1780,candidate_2,candidate_3,candidate_1,3,0.03
1781,candidate_2,candidate_3,candidate_1,3,0.03
1782,candidate_2,candidate_3,candidate_1,3,0.03
1783,candidate_2,candidate_3,candidate_1,3,0.03
1784,candidate_2,candidate_3,candidate_1,3,0.03
1785,candidate_2,candidate_3,candidate_1,3,0.03
1786,candidate_2,candidate_3,candidate_1,3,0.03
1787,candidate_2,candidate_3,candidate_1,3,0.03
1788,candidate_2,candidate_3,candidate_1,3,0.03
1789,candidate_2,candidate_3,candidate_1,3,0.03
1790,candidate_2,candidate_3,candidate_1,3,0.03
1791,candidate_2,candidate_3,candidate_1,3,0.03
1792,candidate_2,candidate_3,candidate_1,3,0.03
1793,candidate_2,candidate_3,candidate_1,3,0.03
1794,candidate_2,candidate_3,candidate_1,3,0.03
1795,candidate_2,candidate_3,candidate_1,3,0.03
1796,candidate_2,candidate_3,candidate_1,3,0.03
1797,candidate_2,candidate_3,candidate_1,3,0.03
1798,candidate_2,candidate_3,candidate_1,3,0.03
1799,candidate_2,candidate_3,0,3,0.03
1800,candidate_2,candidate_3,candidate_1,3,0.03
1801,candidate_2,candidate_3,0,3,0.03
1802,candidate_2,candidate_3,candidate_1,3,0.03
1803,candidate_2,candidate_3,candidate_1,3,0.03
1804,candidate_2,candidate_3,candidate_1,3,0.03
1805,candidate_2,candidate_3,candidate_1,3,0.03
1806,candidate_2,candidate_3,candidate_1,3,0.03
1807,candidate_2,candidate_3,candidate_1,3,0.03
1808,candidate_2,candidate_3,candidate_1,3,0.03
1809,candidate_2,candidate_3,candidate_1,3,0.03
1810,candidate_2,candidate_3,candidate_1,3,0.03
1811,candidate_2,candidate_3,candidate_1,3,0.03
1812,candidate_2,candidate_3,candidate_1,3,0.03
1813,candidate_2,candidate_3,candidate_1,3,0.03
1814,candidate_2,0,candidate_1,3,0.03
1815,candidate_2,candidate_3,candidate_1,3,0.03
1816,candidate_2,candidate_3,candidate_1,3,0.03
1817,candidate_2,candidate_3,candidate_1,3,0.03
1818,0,candidate_3,candidate_1,3,0.03
1819,candidate_2,candidate_3,candidate_1,3,0.03
1820,candidate_2,candidate_3,candidate_1,3,0.03
1821,candidate_2,candidate_3,candidate_1,3,0.03
1822,candidate_2,candidate_3,candidate_1,3,0.03
1823,candidate_2,candidate_3,candidate_1,3,0.03
1824,candidate_2,candidate_3,candidate_1,3,0.03
1825,candidate_2,candidate_3,candidate_1,3,0.03
1826,0,candidate_3,candidate_1,3,0.03
1827,candidate_2,candidate_3,candidate_1,3,0.03
1828,candidate_2,candidate_3,candidate_1,3,0.03
1829,candidate_2,candidate_3,0,3,0.03
1830,candidate_2,candidate_3,candidate_1,3,0.03
1831,candidate_2,candidate_3,candidate_1,3,0.03
1832,candidate_2,candidate_3,candidate_1,3,0.03
1833,candidate_2,candidate_3,candidate_1,3,0.03
1834,candidate_2,candidate_3,candidate_1,3,0.03
1835,candidate_2,candidate_3,candidate_1,3,0.03
1836,candidate_2,candidate_3,0,3,0.03
1837,candidate_2,candidate_3,candidate_1,3,0.03
1838,candidate_2,candidate_3,candidate_1,3,0.03
1839,candidate_2,0,candidate_1,3,0.03
1840,candidate_2,candidate_3,candidate_1,3,0.03
1841,candidate_2,candidate_3,candidate_1,3,0.03
1842,candidate_2,candidate_3,candidate_1,3,0.03
1843,candidate_2,candidate_3,candidate_1,3,0.03
1844,candidate_2,candidate_3,candidate_1,3,0.03
1845,candidate_2,candidate_3,candidate_1,3,0.03
1846,candidate_2,candidate_3,candidate_1,3,0.03
1847,candidate_2,candidate_3,candidate_1,3,0.03
1848,candidate_2,candidate_3,candidate_1,3,0.03
1849,candidate_2,candidate_3,candidate_1,3,0.03
1850,candidate_2,candidate_3,candidate_1,3,0.03
1851,candidate_2,candidate_3,0,3,0.03
1852,candidate_2,candidate_3,candidate_1,3,0.03
1853,0,candidate_3,candidate_1,3,0.03
1854,candidate_2,candidate_3,candidate_1,3,0.03
1855,candidate_2,candidate_3,candidate_1,3,0.03
1856,candidate_2,candidate_3,candidate_1,3,0.03
1857,candidate_2,candidate_3,candidate_1,3,0.03
1858,candidate_2,candidate_3,candidate_1,3,0.03
1859,candidate_2,candidate_3,candidate_1,3,0.03
1860,candidate_2,candidate_3,candidate_1,3,0.03
1861,candidate_2,candidate_3,candidate_1,3,0.03
1862,candidate_2,0,candidate_1,3,0.03
1863,candidate_2,candidate_3,candidate_1,3,0.03
1864,candidate_2,candidate_3,candidate_1,3,0.03
1865,candidate_2,candidate_3,candidate_1,3,0.03
1866,candidate_2,0,candidate_1,3,0.03
1867,candidate_2,candidate_3,candidate_1,3,0.03
1868,candidate_2,0,candidate_1,3,0.03
1869,candidate_2,candidate_3,candidate_1,3,0.03
1870,candidate_2,candidate_3,candidate_1,3,0.03
1871,candidate_2,candidate_3,candidate_1,3,0.03
1872,candidate_2,candidate_3,candidate_1,3,0.03
1873,candidate_2,candidate_3,candidate_1,3,0.03
1874,candidate_2,candidate_3,candidate_1,3,0.03
1875,candidate_2,candidate_3,candidate_1,3,0.03
1876,candidate_2,candidate_3,candidate_1,3,0.03
1877,candidate_2,candidate_3,candidate_1,3,0.03
1878,candidate_2,candidate_3,candidate_1,3,0.03
1879,candidate_2,candidate_3,candidate_1,3,0.03
1880,candidate_2,candidate_3,candidate_1,3,0.03
1881,candidate_2,candidate_3,candidate_1,3,0.03
1882,candidate_2,candidate_3,candidate_1,3,0.03
1883,candidate_2,candidate_3,0,3,0.03
1884,candidate_2,candidate_3,candidate_1,3,0.03
1885,candidate_2,candidate_3,candidate_1,3,0.03
1886,candidate_2,candidate_3,candidate_1,3,0.03
1887,candidate_2,candidate_3,candidate_1,3,0.03
1888,candidate_2,candidate_3,candidate_1,3,0.03
1889,candidate_2,candidate_3,candidate_1,3,0.03
1890,candidate_2,candidate_3,candidate_1,3,0.03
1891,candidate_2,candidate_3,0,3,0.03
1892,candidate_2,candidate_3,candidate_1,3,0.03
1893,candidate_2,candidate_3,candidate_1,3,0.03
1894,candidate_2,candidate_3,candidate_1,3,0.03
1895,candidate_2,candidate_3,candidate_1,3,0.03
1896,candidate_2,candidate_3,candidate_1,3,0.03
1897,candidate_2,candidate_3,candidate_1,3,0.03
1898,candidate_2,candidate_3,candidate_1,3,0.03
1899,candidate_2,candidate_3,candidate_1,3,0.03
1900,candidate_2,candidate_3,candidate_1,3,0.03
1901,candidate_2,candidate_3,candidate_1,3,0.03
1902,candidate_2,candidate_3,candidate_1,3,0.03
1903,candidate_2,candidate_3,candidate_1,3,0.03
1904,candidate_2,candidate_3,candidate_1,3,0.03
1905,candidate_2,candidate_3,candidate_1,3,0.03
1906,candidate_2,candidate_3,candidate_1,3,0.03
1907,candidate_2,candidate_3,candidate_1,3,0.03
1908,candidate_2,candidate_3,candidate_1,3,0.03
1909,candidate_2,candidate_3,candidate_1,3,0.03
1910,candidate_2,candidate_3,candidate_1,3,0.03
1911,candidate_2,candidate_3,candidate_1,3,0.03
1912,candidate_2,candidate_3,candidate_1,3,0.03
1913,candidate_2,candidate_3,0,3,0.03
1914,candidate_2,candidate_3,candidate_1,3,0.03
1915,candidate_2,candidate_3,candidate_1,3,0.03
1916,candidate_2,candidate_3,candidate_1,3,0.03
1917,candidate_2,candidate_3,candidate_1,3,0.03
1918,candidate_2,candidate_3,candidate_1,3,0.03
1919,candidate_2,candidate_3,candidate_1,3,0.03
1920,candidate_2,candidate_3,candidate_1,3,0.03
1921,candidate_2,candidate_3,candidate_1,3,0.03
1922,candidate_2,candidate_3,candidate_1,3,0.03
1923,0,candidate_3,candidate_1,3,0.03
1924,candidate_2,candidate_3,candidate_1,3,0.03
1925,candidate_2,candidate_3,candidate_1,3,0.03
1926,candidate_2,candidate_3,candidate_1,3,0.03
1927,candidate_2,candidate_3,candidate_1,3,0.03
1928,candidate_2,candidate_3,candidate_1,3,0.03
1929,candidate_2,candidate_3,candidate_1,3,0.03
1930,candidate_2,candidate_3,candidate_1,3,0.03
1931,candidate_2,candidate_3,candidate_1,3,0.03
1932,candidate_2,candidate_3,candidate_1,3,0.03
1933,candidate_2,candidate_3,candidate_1,3,0.03
1934,candidate_2,candidate_3,candidate_1,3,0.03
1935,candidate_2,candidate_3,candidate_1,3,0.03
1936,candidate_2,candidate_3,candidate_1,3,0.03
1937,candidate_2,candidate_3,candidate_1,3,0.03
1938,candidate_2,candidate_3,candidate_1,3,0.03
1939,candidate_2,candidate_3,candidate_1,3,0.03
1940,candidate_2,candidate_3,candidate_1,3,0.03
1941,candidate_2,candidate_3,candidate_1,3,0.03
1942,0,candidate_3,candidate_1,3,0.03
1943,candidate_2,candidate_3,candidate_1,3,0.03
1944,candidate_2,candidate_3,candidate_1,3,0.03
1945,candidate_2,candidate_3,candidate_1,3,0.03
1946,candidate_2,candidate_3,candidate_1,3,0.03
1947,candidate_2,candidate_3,candidate_1,3,0.03
1948,candidate_2,candidate_3,candidate_1,3,0.03
1949,candidate_2,candidate_3,candidate_1,3,0.03
1950,candidate_2,candidate_3,candidate_1,3,0.03
1951,candidate_2,candidate_3,candidate_1,3,0.03
1952,candidate_2,candidate_3,candidate_1,3,0.03
1953,candidate_2,candidate_3,candidate_1,3,0.03
1954,candidate_2,candidate_3,candidate_1,3,0.03
1955,candidate_2,candidate_3,candidate_1,3,0.03
1956,candidate_2,candidate_3,candidate_1,3,0.03
1957,candidate_2,candidate_3,candidate_1,3,0.03
1958,candidate_2,candidate_3,candidate_1,3,0.03
1959,candidate_2,candidate_3,candidate_1,3,0.03
1960,candidate_2,candidate_3,candidate_1,3,0.03
1961,candidate_2,candidate_3,candidate_1,3,0.03
1962,candidate_2,candidate_3,candidate_1,3,0.03
1963,candidate_2,candidate_3,candidate_1,3,0.03
1964,candidate_2,candidate_3,candidate_1,3,0.03
1965,candidate_2,candidate_3,candidate_1,3,0.03
1966,candidate_2,0,candidate_1,3,0.03
1967,candidate_2,candidate_3,candidate_1,3,0.03
1968,candidate_2,candidate_3,candidate_1,3,0.03
1969,candidate_2,candidate_3,candidate_1,3,0.03
1970,candidate_2,candidate_3,candidate_1,3,0.03
1971,candidate_2,candidate_3,candidate_1,3,0.03
1972,candidate_2,candidate_3,candidate_1,3,0.03
1973,candidate_2,candidate_3,candidate_1,3,0.03
1974,candidate_2,candidate_3,candidate_1,3,0.03
1975,candidate_2,candidate_3,candidate_1,3,0.03
1976,candidate_2,candidate_3,candidate_1,3,0.03
1977,candidate_2,candidate_3,candidate_1,3,0.03
1978,candidate_2,0,candidate_1,3,0.03
1979,candidate_2,candidate_3,candidate_1,3,0.03
1980,candidate_2,candidate_3,0,3,0.03
1981,candidate_2,candidate_3,candidate_1,3,0.03
1982,candidate_2,candidate_3,0,3,0.03
1983,candidate_2,candidate_3,candidate_1,3,0.03
1984,candidate_2,candidate_3,candidate_1,3,0.03
1985,candidate_2,candidate_3,candidate_1,3,0.03
1986,candidate_2,candidate_3,candidate_1,3,0.03
1987,candidate_2,candidate_3,candidate_1,3,0.03
1988,0,candidate_3,candidate_1,3,0.03
1989,candidate_2,candidate_3,candidate_1,3,0.03
1990,candidate_2,candidate_3,candidate_1,3,0.03
1991,candidate_2,candidate_3,candidate_1,3,0.03
1992,candidate_2,candidate_3,candidate_1,3,0.03
1993,candidate_2,candidate_3,candidate_1,3,0.03
1994,candidate_2,candidate_3,candidate_1,3,0.03
1995,candidate_2,candidate_3,candidate_1,3,0.03
1996,candidate_2,candidate_3,candidate_1,3,0.03
1997,candidate_2,candidate_3,0,3,0.03
1998,candidate_2,candidate_3,candidate_1,3,0.03
1999,candidate_2,candidate_3,candidate_1,3,0.03
2000,candidate_2,candidate_3,candidate_1,3,0.03
2001,candidate_2,candidate_3,candidate_1,3,0.03
2002,candidate_2,candidate_3,candidate_1,3,0.03
2003,candidate_2,candidate_3,candidate_1,3,0.03
2004,candidate_2,candidate_3,candidate_1,3,0.03
2005,candidate_2,candidate_3,candidate_1,3,0.03
2006,candidate_2,candidate_3,candidate_1,3,0.03
2007,candidate_2,candidate_3,candidate_1,3,0.03
2008,0,candidate_3,candidate_1,3,0.03
2009,candidate_2,candidate_3,candidate_1,3,0.03
2010,candidate_2,candidate_3,candidate_1,3,0.03
2011,candidate_2,candidate_3,candidate_1,3,0.03
2012,candidate_2,candidate_3,candidate_1,3,0.03
2013,candidate_2,candidate_3,candidate_1,3,0.03
2014,candidate_2,candidate_3,candidate_1,3,0.03
2015,candidate_2,candidate_3,candidate_1,3,0.03
2016,candidate_2,candidate_3,candidate_1,3,0.03
2017,0,candidate_3,candidate_1,3,0.03
2018,candidate_2,candidate_3,candidate_1,3,0.03
2019,candidate_2,0,candidate_1,3,0.03
2020,0,candidate_3,candidate_1,3,0.03
2021,candidate_2,candidate_3,candidate_1,3,0.03
2022,candidate_2,candidate_3,candidate_1,3,0.03
2023,candidate_2,candidate_3,candidate_1,3,0.03
2024,candidate_2,candidate_3,candidate_1,3,0.03
2025,candidate_2,candidate_3,candidate_1,3,0.03
2026,candidate_2,candidate_3,candidate_1,3,0.03
2027,candidate_2,candidate_3,candidate_1,3,0.03
2028,candidate_2,candidate_3,candidate_1,3,0.03
2029,candidate_2,candidate_3,candidate_1,3,0.03
2030,candidate_2,candidate_3,candidate_1,3,0.03
2031,candidate_2,candidate_3,candidate_1,3,0.03
2032,candidate_2,candidate_3,candidate_1,3,0.03
2033,candidate_2,candidate_3,candidate_1,3,0.03
2034,candidate_2,candidate_3,candidate_1,3,0.03
2035,candidate_2,candidate_3,candidate_1,3,0.03
2036,candidate_2,candidate_3,candidate_1,3,0.03
2037,candidate_2,candidate_3,candidate_1,3,0.03
2038,candidate_2,candidate_3,0,3,0.03
2039,candidate_2,candidate_3,candidate_1,3,0.03
2040,candidate_2,candidate_3,candidate_1,3,0.03
2041,candidate_2,candidate_3,candidate_1,3,0.03
2042,candidate_2,candidate_3,candidate_1,3,0.03
2043,candidate_2,candidate_3,candidate_1,3,0.03
2044,candidate_2,candidate_3,candidate_1,3,0.03
2045,candidate_2,candidate_3,candidate_1,3,0.03
2046,candidate_2,candidate_3,candidate_1,3,0.03
2047,candidate_2,candidate_3,0,3,0.03
2048,candidate_2,candidate_3,candidate_1,3,0.03
2049,candidate_2,candidate_3,candidate_1,3,0.03
2050,candidate_2,candidate_3,candidate_1,3,0.03
2051,candidate_2,candidate_3,candidate_1,3,0.03
2052,candidate_2,candidate_3,candidate_1,3,0.03
2053,0,candidate_3,candidate_1,3,0.03
2054,candidate_2,candidate_3,candidate_1,3,0.03
2055,candidate_2,candidate_3,candidate_1,3,0.03
2056,candidate_2,candidate_3,candidate_1,3,0.03
2057,candidate_2,candidate_3,candidate_1,3,0.03
2058,candidate_2,candidate_3,candidate_1,3,0.03
2059,candidate_2,candidate_3,candidate_1,3,0.03
2060,candidate_2,candidate_3,candidate_1,3,0.03
2061,candidate_2,candidate_3,candidate_1,3,0.03
2062,candidate_2,candidate_3,candidate_1,3,0.03
2063,candidate_2,candidate_3,candidate_1,3,0.03
2064,candidate_2,0,candidate_1,3,0.03
2065,candidate_2,candidate_3,candidate_1,3,0.03
2066,candidate_2,candidate_3,candidate_1,3,0.03
2067,candidate_2,candidate_3,candidate_1,3,0.03
2068,candidate_2,candidate_3,candidate_1,3,0.03
2069,candidate_2,candidate_3,candidate_1,3,0.03
2070,candidate_2,candidate_3,candidate_1,3,0.03
2071,candidate_2,candidate_3,candidate_1,3,0.03
2072,candidate_2,candidate_3,0,3,0.03
2073,candidate_2,0,candidate_1,3,0.03
2074,candidate_2,candidate_3,candidate_1,3,0.03
2075,candidate_2,candidate_3,candidate_1,3,0.03
2076,candidate_2,candidate_3,candidate_1,3,0.03
2077,candidate_2,candidate_3,candidate_1,3,0.03
2078,candidate_2,candidate_3,candidate_1,3,0.03
2079,candidate_2,candidate_3,candidate_1,3,0.03
2080,candidate_2,0,candidate_1,3,0.03
2081,candidate_2,candidate_3,candidate_1,3,0.03
2082,0,candidate_3,candidate_1,3,0.03
2083,candidate_2,candidate_3,candidate_1,3,0.03
2084,candidate_2,candidate_3,candidate_1,3,0.03
2085,candidate_2,candidate_3,candidate_1,3,0.03
2086,candidate_2,candidate_3,candidate_1,3,0.03
2087,candidate_2,candidate_3,candidate_1,3,0.03
2088,candidate_2,candidate_3,candidate_1,3,0.03
2089,candidate_2,candidate_3,candidate_1,3,0.03
2090,candidate_2,candidate_3,candidate_1,3,0.03
2091,candidate_2,candidate_3,candidate_1,3,0.03
2092,candidate_2,candidate_3,candidate_1,3,0.03
2093,candidate_2,candidate_3,candidate_1,3,0.03
2094,candidate_2,candidate_3,candidate_1,3,0.03
2095,candidate_2,candidate_3,candidate_1,3,0.03
2096,candidate_2,candidate_3,candidate_1,3,0.03
2097,candidate_2,candidate_3,candidate_1,3,0.03
2098,candidate_2,candidate_3,candidate_1,3,0.03
2099,candidate_2,candidate_3,candidate_1,3,0.03
2100,candidate_2,candidate_3,candidate_1,3,0.03
2101,candidate_2,candidate_3,candidate_1,3,0.03
2102,candidate_2,candidate_3,candidate_1,3,0.03
2103,candidate_2,candidate_3,candidate_1,3,0.03
2104,candidate_2,candidate_3,candidate_1,3,0.03
2105,candidate_2,candidate_3,candidate_1,3,0.03
2106,candidate_2,candidate_3,candidate_1,3,0.03
2107,candidate_2,candidate_3,candidate_1,3,0.03
2108,candidate_2,candidate_3,candidate_1,3,0.03
2109,candidate_2,candidate_3,candidate_1,3,0.03
2110,candidate_2,candidate_3,candidate_1,3,0.03
2111,candidate_2,candidate_3,candidate_1,3,0.03
2112,candidate_2,candidate_3,candidate_1,3,0.03
2113,candidate_2,candidate_3,candidate_1,3,0.03
2114,candidate_2,candidate_3,candidate_1,3,0.03
2115,candidate_2,candidate_3,candidate_1,3,0.03
2116,candidate_2,candidate_3,candidate_1,3,0.03
2117,candidate_2,candidate_3,candidate_1,3,0.03
2118,candidate_2,candidate_3,candidate_1,3,0.03
2119,candidate_2,candidate_3,candidate_1,3,0.03
2120,candidate_2,candidate_3,candidate_1,3,0.03
2121,candidate_2,candidate_3,candidate_1,3,0.03
2122,0,candidate_3,candidate_1,3,0.03
2123,candidate_2,candidate_3,candidate_1,3,0.03
2124,candidate_2,candidate_3,candidate_1,3,0.03
2125,candidate_2,candidate_3,candidate_1,3,0.03
2126,candidate_2,candidate_3,candidate_1,3,0.03
2127,candidate_2,candidate_3,candidate_1,3,0.03
2128,candidate_2,candidate_3,candidate_1,3,0.03
2129,candidate_2,candidate_3,candidate_1,3,0.03
2130,candidate_2,candidate_3,candidate_1,3,0.03
2131,candidate_2,candidate_3,candidate_1,3,0.03
2132,candidate_2,candidate_3,candidate_1,3,0.03
2133,candidate_2,candidate_3,candidate_1,3,0.03
2134,candidate_2,candidate_3,candidate_1,3,0.03
2135,candidate_2,candidate_3,candidate_1,3,0.03
2136,candidate_2,candidate_3,candidate_1,3,0.03
2137,candidate_2,candidate_3,candidate_1,3,0.03
2138,candidate_2,candidate_3,candidate_1,3,0.03
2139,candidate_2,candidate_3,candidate_1,3,0.03
2140,candidate_2,candidate_3,candidate_1,3,0.03
2141,candidate_2,candidate_3,candidate_1,3,0.03
2142,candidate_2,candidate_3,candidate_1,3,0.03
2143,candidate_2,candidate_3,candidate_1,3,0.03
2144,candidate_2,candidate_3,candidate_1,3,0.03
2145,candidate_2,candidate_3,candidate_1,3,0.03
2146,candidate_2,candidate_3,candidate_1,3,0.03
2147,candidate_2,candidate_3,candidate_1,3,0.03
2148,candidate_2,candidate_3,candidate_1,3,0.03
2149,candidate_2,candidate_3,candidate_1,3,0.03
2150,candidate_2,candidate_3,candidate_1,3,0.03
2151,candidate_2,candidate_3,candidate_1,3,0.03
2152,candidate_2,candidate_3,candidate_1,3,0.03
2153,candidate_2,candidate_3,candidate_1,3,0.03
2154,candidate_2,candidate_3,candidate_1,3,0.03
2155,candidate_2,candidate_3,candidate_1,3,0.03
2156,candidate_2,candidate_3,candidate_1,3,0.03
2157,candidate_2,candidate_3,candidate_1,3,0.03
2158,candidate_2,candidate_3,candidate_1,3,0.03
2159,candidate_2,candidate_3,candidate_1,3,0.03
2160,candidate_2,candidate_3,candidate_1,3,0.03
2161,candidate_2,candidate_3,candidate_1,3,0.03
2162,0,candidate_3,candidate_1,3,0.03
2163,candidate_2,candidate_3,candidate_1,3,0.03
2164,candidate_2,candidate_3,candidate_1,3,0.03
2165,candidate_2,candidate_3,candidate_1,3,0.03
2166,candidate_2,candidate_3,candidate_1,3,0.03
2167,candidate_2,candidate_3,candidate_1,3,0.03
2168,candidate_2,candidate_3,candidate_1,3,0.03
2169,candidate_2,candidate_3,candidate_1,3,0.03
2170,candidate_2,candidate_3,candidate_1,3,0.03
2171,candidate_2,candidate_3,candidate_1,3,0.03
2172,candidate_2,candidate_3,candidate_1,3,0.03
2173,candidate_2,candidate_3,candidate_1,3,0.03
2174,candidate_2,candidate_3,candidate_1,3,0.03
2175,candidate_2,candidate_3,candidate_1,3,0.03
2176,candidate_2,candidate_3,candidate_1,3,0.03
2177,candidate_2,candidate_3,candidate_1,3,0.03
2178,candidate_2,candidate_3,candidate_1,3,0.03
2179,candidate_2,candidate_3,candidate_1,3,0.03
2180,candidate_2,candidate_3,candidate_1,3,0.03
2181,candidate_2,candidate_3,candidate_1,3,0.03
2182,candidate_2,candidate_3,candidate_1,3,0.03
2183,0,0,candidate_1,3,0.03
2184,candidate_2,candidate_3,candidate_1,3,0.03
2185,candidate_2,candidate_3,candidate_1,3,0.03
2186,candidate_2,candidate_3,candidate_1,3,0.03
2187,candidate_2,candidate_3,candidate_1,3,0.03
2188,candidate_2,candidate_3,candidate_1,3,0.03
2189,candidate_2,candidate_3,candidate_1,3,0.03
2190,candidate_2,candidate_3,candidate_1,3,0.03
2191,candidate_2,candidate_3,candidate_1,3,0.03
2192,candidate_2,candidate_3,candidate_1,3,0.03
2193,candidate_2,candidate_3,candidate_1,3,0.03
2194,candidate_2,candidate_3,candidate_1,3,0.03
2195,candidate_2,candidate_3,candidate_1,3,0.03
2196,candidate_2,candidate_3,candidate_1,3,0.03
2197,candidate_2,candidate_3,0,3,0.03
2198,candidate_2,candidate_3,candidate_1,3,0.03
2199,candidate_2,candidate_3,candidate_1,3,0.03
2200,candidate_2,candidate_3,candidate_1,3,0.03
2201,candidate_2,candidate_3,candidate_1,3,0.03
2202,candidate_2,candidate_3,candidate_1,3,0.03
2203,candidate_2,candidate_3,candidate_1,3,0.03
2204,candidate_2,candidate_3,candidate_1,3,0.03
2205,candidate_2,candidate_3,candidate_1,3,0.03
2206,candidate_2,candidate_3,candidate_1,3,0.03
2207,candidate_2,candidate_3,candidate_1,3,0.03
2208,candidate_2,candidate_3,candidate_1,3,0.03
2209,candidate_2,candidate_3,candidate_1,3,0.03
2210,candidate_2,candidate_3,candidate_1,3,0.03
2211,candidate_2,candidate_3,candidate_1,3,0.03
2212,candidate_2,candidate_3,candidate_1,3,0.03
2213,candidate_2,candidate_3,candidate_1,3,0.03
2214,candidate_2,candidate_3,candidate_1,3,0.03
2215,candidate_2,candidate_3,candidate_1,3,0.03
2216,candidate_2,candidate_3,candidate_1,3,0.03
2217,candidate_2,0,candidate_1,3,0.03
2218,candidate_2,candidate_3,candidate_1,3,0.03
2219,candidate_2,candidate_3,candidate_1,3,0.03
2220,candidate_2,candidate_3,0,3,0.03
2221,candidate_2,candidate_3,candidate_1,3,0.03
2222,candidate_2,candidate_3,candidate_1,3,0.03
2223,candidate_2,candidate_3,candidate_1,3,0.03
2224,candidate_2,candidate_3,candidate_1,3,0.03
2225,candidate_2,candidate_3,candidate_1,3,0.03
2226,candidate_2,candidate_3,candidate_1,3,0.03
2227,candidate_2,candidate_3,candidate_1,3,0.03
2228,candidate_2,candidate_3,candidate_1,3,0.03
2229,candidate_2,candidate_3,candidate_1,3,0.03
2230,candidate_2,candidate_3,candidate_1,3,0.03
2231,candidate_2,candidate_3,candidate_1,3,0.03
2232,candidate_2,candidate_3,candidate_1,3,0.03
2233,candidate_2,candidate_3,candidate_1,3,0.03
2234,candidate_2,candidate_3,candidate_1,3,0.03
2235,candidate_2,candidate_3,candidate_1,3,0.03
2236,candidate_2,candidate_3,candidate_1,3,0.03
2237,candidate_2,candidate_3,candidate_1,3,0.03
2238,candidate_2,candidate_3,candidate_1,3,0.03
2239,candidate_2,0,candidate_1,3,0.03
2240,candidate_2,candidate_3,candidate_1,3,0.03
2241,candidate_2,candidate_3,candidate_1,3,0.03
2242,candidate_2,candidate_3,candidate_1,3,0.03
2243,candidate_2,candidate_3,0,3,0.03
2244,candidate_2,candidate_3,candidate_1,3,0.03
2245,candidate_2,candidate_3,candidate_1,3,0.03
2246,candidate_2,candidate_3,candidate_1,3,0.03
2247,candidate_2,candidate_3,candidate_1,3,0.03
2248,candidate_2,0,candidate_1,3,0.03
2249,candidate_2,candidate_3,candidate_1,3,0.03
2250,candidate_2,candidate_3,candidate_1,3,0.03
2251,candidate_2,candidate_3,candidate_1,3,0.03
2252,candidate_2,candidate_3,candidate_1,3,0.03
2253,candidate_2,candidate_3,candidate_1,3,0.03
2254,candidate_2,candidate_3,candidate_1,3,0.03
2255,candidate_2,candidate_3,candidate_1,3,0.03
2256,candidate_2,candidate_3,candidate_1,3,0.03
2257,candidate_2,candidate_3,candidate_1,3,0.03
2258,candidate_2,candidate_3,candidate_1,3,0.03
2259,candidate_2,candidate_3,candidate_1,3,0.03
2260,candidate_2,candidate_3,candidate_1,3,0.03
2261,candidate_2,candidate_3,candidate_1,3,0.03
2262,candidate_2,candidate_3,candidate_1,3,0.03
2263,candidate_2,candidate_3,candidate_1,3,0.03
2264,candidate_2,candidate_3,candidate_1,3,0.03
2265,candidate_2,candidate_3,candidate_1,3,0.03
2266,candidate_2,candidate_3,candidate_1,3,0.03
2267,candidate_2,candidate_3,candidate_1,3,0.03
2268,candidate_2,candidate_3,candidate_1,3,0.03
2269,candidate_2,candidate_3,candidate_1,3,0.03
2270,candidate_2,candidate_3,candidate_1,3,0.03
2271,candidate_2,candidate_3,candidate_1,3,0.03
2272,candidate_2,candidate_3,candidate_1,3,0.03
2273,candidate_2,candidate_3,candidate_1,3,0.03
2274,candidate_2,candidate_3,candidate_1,3,0.03
2275,candidate_2,candidate_3,candidate_1,3,0.03
2276,candidate_2,candidate_3,candidate_1,3,0.03
2277,candidate_2,candidate_3,candidate_1,3,0.03
2278,candidate_2,candidate_3,candidate_1,3,0.03
2279,candidate_2,candidate_3,candidate_1,3,0.03
2280,0,candidate_3,candidate_1,3,0.03
2281,candidate_2,candidate_3,candidate_1,3,0.03
2282,candidate_2,candidate_3,candidate_1,3,0.03
2283,candidate_2,candidate_3,candidate_1,3,0.03
2284,candidate_2,candidate_3,candidate_1,3,0.03
2285,candidate_2,candidate_3,candidate_1,3,0.03
2286,candidate_2,candidate_3,candidate_1,3,0.03
2287,candidate_2,candidate_3,candidate_1,3,0.03
2288,candidate_2,candidate_3,candidate_1,3,0.03
2289,candidate_2,candidate_3,candidate_1,3,0.03
2290,candidate_2,candidate_3,candidate_1,3,0.03
2291,candidate_2,candidate_3,candidate_1,3,0.03
2292,candidate_2,candidate_3,candidate_1,3,0.03
2293,candidate_2,candidate_3,candidate_1,3,0.03
2294,candidate_2,candidate_3,candidate_1,3,0.03
2295,candidate_2,candidate_3,candidate_1,3,0.03
2296,candidate_2,candidate_3,candidate_1,3,0.03
2297,candidate_2,candidate_3,candidate_1,3,0.03
2298,candidate_2,candidate_3,candidate_1,3,0.03
2299,candidate_2,candidate_3,candidate_1,3,0.03
2300,candidate_2,candidate_3,candidate_1,3,0.03
2301,candidate_2,candidate_3,candidate_1,3,0.03
2302,candidate_2,candidate_3,candidate_1,3,0.03
2303,candidate_2,candidate_3,candidate_1,3,0.03
2304,candidate_2,candidate_3,candidate_1,3,0.03
2305,candidate_2,candidate_3,candidate_1,3,0.03
2306,candidate_2,candidate_3,candidate_1,3,0.03
2307,candidate_2,candidate_3,candidate_1,3,0.03
2308,candidate_2,candidate_3,candidate_1,3,0.03
2309,candidate_2,candidate_3,candidate_1,3,0.03
2310,candidate_2,candidate_3,0,3,0.03
2311,candidate_2,candidate_3,candidate_1,3,0.03
2312,candidate_2,candidate_3,0,3,0.03
2313,candidate_2,candidate_3,candidate_1,3,0.03
2314,0,candidate_3,candidate_1,3,0.03
2315,candidate_2,candidate_3,candidate_1,3,0.03
2316,candidate_2,candidate_3,candidate_1,3,0.03
2317,candidate_2,candidate_3,candidate_1,3,0.03
2318,candidate_2,candidate_3,candidate_1,3,0.03
2319,candidate_2,candidate_3,candidate_1,3,0.03
2320,candidate_2,candidate_3,candidate_1,3,0.03
2321,candidate_2,candidate_3,candidate_1,3,0.03
2322,candidate_2,candidate_3,candidate_1,3,0.03
2323,candidate_2,candidate_3,candidate_1,3,0.03
2324,candidate_2,candidate_3,candidate_1,3,0.03
2325,candidate_2,candidate_3,candidate_1,3,0.03
2326,candidate_2,candidate_3,candidate_1,3,0.03
2327,candidate_2,candidate_3,candidate_1,3,0.03
2328,candidate_2,0,candidate_1,3,0.03
2329,candidate_2,candidate_3,candidate_1,3,0.03
2330,candidate_2,candidate_3,candidate_1,3,0.03
2331,candidate_2,candidate_3,candidate_1,3,0.03
2332,candidate_2,candidate_3,candidate_1,3,0.03
2333,candidate_2,candidate_3,candidate_1,3,0.03
2334,candidate_2,candidate_3,candidate_1,3,0.03
2335,candidate_2,candidate_3,candidate_1,3,0.03
2336,candidate_2,candidate_3,candidate_1,3,0.03
2337,candidate_2,candidate_3,0,3,0.03
2338,candidate_2,candidate_3,candidate_1,3,0.03
2339,candidate_2,candidate_3,candidate_1,3,0.03
2340,candidate_2,0,candidate_1,3,0.03
2341,candidate_2,candidate_3,candidate_1,3,0.03
2342,candidate_2,candidate_3,candidate_1,3,0.03
2343,candidate_2,candidate_3,candidate_1,3,0.03
2344,candidate_2,candidate_3,candidate_1,3,0.03
2345,candidate_2,candidate_3,candidate_1,3,0.03
2346,candidate_2,candidate_3,candidate_1,3,0.03
2347,candidate_2,candidate_3,candidate_1,3,0.03
2348,candidate_2,candidate_3,candidate_1,3,0.03
2349,candidate_2,candidate_3,candidate_1,3,0.03
2350,candidate_2,candidate_3,candidate_1,3,0.03
2351,candidate_2,candidate_3,candidate_1,3,0.03
2352,candidate_2,candidate_3,candidate_1,3,0.03
2353,candidate_2,candidate_3,candidate_1,3,0.03
2354,candidate_2,candidate_3,candidate_1,3,0.03
2355,candidate_2,candidate_3,candidate_1,3,0.03
2356,candidate_2,candidate_3,candidate_1,3,0.03
2357,candidate_2,candidate_3,candidate_1,3,0.03
2358,candidate_2,candidate_3,candidate_1,3,0.03
2359,candidate_2,candidate_3,candidate_1,3,0.03
2360,candidate_2,candidate_3,candidate_1,3,0.03
2361,candidate_2,candidate_3,candidate_1,3,0.03
2362,candidate_2,0,candidate_1,3,0.03
2363,candidate_2,candidate_3,candidate_1,3,0.03
2364,candidate_2,candidate_3,candidate_1,3,0.03
2365,candidate_2,candidate_3,candidate_1,3,0.03
2366,candidate_2,candidate_3,candidate_1,3,0.03
2367,candidate_2,candidate_3,candidate_1,3,0.03
2368,candidate_2,candidate_3,candidate_1,3,0.03
2369,candidate_2,candidate_3,candidate_1,3,0.03
2370,candidate_2,candidate_3,candidate_1,3,0.03
2371,candidate_2,candidate_3,candidate_1,3,0.03
2372,candidate_2,candidate_3,candidate_1,3,0.03
2373,candidate_2,candidate_3,candidate_1,3,0.03
2374,candidate_2,candidate_3,candidate_1,3,0.03
2375,candidate_2,candidate_3,candidate_1,3,0.03
2376,candidate_2,candidate_3,candidate_1,3,0.03
2377,candidate_2,candidate_3,candidate_1,3,0.03
2378,candidate_2,candidate_3,candidate_1,3,0.03
2379,candidate_2,candidate_3,candidate_1,3,0.03
2380,candidate_2,candidate_3,candidate_1,3,0.03
2381,candidate_2,candidate_3,0,3,0.03
2382,candidate_2,candidate_3,candidate_1,3,0.03
2383,candidate_2,candidate_3,candidate_1,3,0.03
2384,candidate_2,candidate_3,candidate_1,3,0.03
2385,candidate_2,candidate_3,candidate_1,3,0.03
2386,candidate_2,candidate_3,candidate_1,3,0.03
2387,candidate_2,candidate_3,candidate_1,3,0.03
2388,candidate_2,candidate_3,candidate_1,3,0.03
2389,candidate_2,candidate_3,candidate_1,3,0.03
2390,0,candidate_3,candidate_1,3,0.03
2391,candidate_2,candidate_3,candidate_1,3,0.03
2392,candidate_2,candidate_3,candidate_1,3,0.03
2393,candidate_2,candidate_3,candidate_1,3,0.03
2394,candidate_2,candidate_3,candidate_1,3,0.03
2395,candidate_2,candidate_3,candidate_1,3,0.03
2396,candidate_2,candidate_3,0,3,0.03
2397,candidate_2,0,candidate_1,3,0.03
2398,candidate_2,candidate_3,candidate_1,3,0.03
2399,candidate_2,candidate_3,candidate_1,3,0.03
2400,candidate_2,candidate_3,candidate_1,3,0.03
2401,candidate_2,candidate_3,candidate_1,3,0.03
2402,candidate_2,candidate_3,candidate_1,3,0.03
2403,candidate_2,candidate_3,candidate_1,3,0.03
2404,0,candidate_3,candidate_1,3,0.03
2405,candidate_2,candidate_3,candidate_1,3,0.03
2406,candidate_2,candidate_3,candidate_1,3,0.03
2407,candidate_2,candidate_3,candidate_1,3,0.03
2408,candidate_2,candidate_3,candidate_1,3,0.03
2409,candidate_2,candidate_3,candidate_1,3,0.03
2410,candidate_2,candidate_3,candidate_1,3,0.03
2411,candidate_2,candidate_3,candidate_1,3,0.03
2412,candidate_2,candidate_3,candidate_1,3,0.03
2413,candidate_2,candidate_3,candidate_1,3,0.03
2414,candidate_2,candidate_3,candidate_1,3,0.03
2415,candidate_2,candidate_3,candidate_1,3,0.03
2416,candidate_2,candidate_3,candidate_1,3,0.03
2417,candidate_2,candidate_3,candidate_1,3,0.03
2418,candidate_2,candidate_3,candidate_1,3,0.03
2419,candidate_2,candidate_3,candidate_1,3,0.03
2420,candidate_2,candidate_3,candidate_1,3,0.03
2421,candidate_2,candidate_3,candidate_1,3,0.03
2422,candidate_2,candidate_3,0,3,0.03
2423,candidate_2,candidate_3,candidate_1,3,0.03
2424,candidate_2,candidate_3,candidate_1,3,0.03
2425,candidate_2,candidate_3,candidate_1,3,0.03
2426,candidate_2,candidate_3,candidate_1,3,0.03
2427,candidate_2,candidate_3,candidate_1,3,0.03
2428,candidate_2,candidate_3,candidate_1,3,0.03
2429,0,candidate_3,candidate_1,3,0.03
2430,candidate_2,candidate_3,candidate_1,3,0.03
2431,candidate_2,candidate_3,candidate_1,3,0.03
2432,candidate_2,0,0,3,0.03
2433,candidate_2,candidate_3,candidate_1,3,0.03
2434,candidate_2,candidate_3,candidate_1,3,0.03
2435,0,candidate_3,candidate_1,3,0.03
2436,candidate_2,candidate_3,candidate_1,3,0.03
2437,candidate_2,candidate_3,candidate_1,3,0.03
2438,candidate_2,candidate_3,0,3,0.03
2439,candidate_2,candidate_3,candidate_1,3,0.03
2440,candidate_2,candidate_3,candidate_1,3,0.03
2441,candidate_2,candidate_3,0,3,0.03
2442,candidate_2,candidate_3,candidate_1,3,0.03
2443,candidate_2,candidate_3,candidate_1,3,0.03
2444,candidate_2,candidate_3,candidate_1,3,0.03
2445,candidate_2,candidate_3,candidate_1,3,0.03
2446,candidate_2,candidate_3,candidate_1,3,0.03
2447,candidate_2,candidate_3,candidate_1,3,0.03
2448,candidate_2,candidate_3,candidate_1,3,0.03
2449,candidate_2,candidate_3,candidate_1,3,0.03
2450,candidate_2,candidate_3,candidate_1,3,0.03
2451,candidate_2,candidate_3,candidate_1,3,0.03
2452,candidate_2,candidate_3,candidate_1,3,0.03
2453,candidate_2,candidate_3,candidate_1,3,0.03
2454,candidate_2,candidate_3,candidate_1,3,0.03
2455,candidate_2,candidate_3,candidate_1,3,0.03
2456,candidate_2,candidate_3,candidate_1,3,0.03
2457,candidate_2,candidate_3,candidate_1,3,0.03
2458,candidate_2,candidate_3,candidate_1,3,0.03
2459,candidate_2,candidate_3,candidate_1,3,0.03
2460,candidate_2,candidate_3,candidate_1,3,0.03
2461,candidate_2,0,candidate_1,3,0.03
2462,0,candidate_3,candidate_1,3,0.03
2463,candidate_2,candidate_3,candidate_1,3,0.03
2464,candidate_2,candidate_3,candidate_1,3,0.03
2465,candidate_2,candidate_3,candidate_1,3,0.03
2466,candidate_2,candidate_3,candidate_1,3,0.03
2467,candidate_2,candidate_3,candidate_1,3,0.03
2468,candidate_2,candidate_3,candidate_1,3,0.03
2469,candidate_2,candidate_3,candidate_1,3,0.03
2470,candidate_2,candidate_3,candidate_1,3,0.03
2471,candidate_2,candidate_3,candidate_1,3,0.03
2472,candidate_2,candidate_3,candidate_1,3,0.03
2473,candidate_2,candidate_3,candidate_1,3,0.03
2474,candidate_2,candidate_3,candidate_1,3,0.03
2475,candidate_2,candidate_3,candidate_1,3,0.03
2476,candidate_2,candidate_3,candidate_1,3,0.03
2477,candidate_2,candidate_3,candidate_1,3,0.03
2478,candidate_2,candidate_3,candidate_1,3,0.03
2479,candidate_2,candidate_3,candidate_1,3,0.03
2480,candidate_2,candidate_3,candidate_1,3,0.03
2481,candidate_2,candidate_3,candidate_1,3,0.03
2482,candidate_2,candidate_3,candidate_1,3,0.03
2483,candidate_2,candidate_3,candidate_1,3,0.03
2484,candidate_2,candidate_3,candidate_1,3,0.03
2485,candidate_2,candidate_3,candidate_1,3,0.03
2486,candidate_2,candidate_3,candidate_1,3,0.03
2487,candidate_2,candidate_3,candidate_1,3,0.03
2488,candidate_2,candidate_3,candidate_1,3,0.03
2489,candidate_2,candidate_3,candidate_1,3,0.03
2490,candidate_2,candidate_3,candidate_1,3,0.03
2491,candidate_2,candidate_3,candidate_1,3,0.03
2492,candidate_2,candidate_3,candidate_1,3,0.03
2493,candidate_2,candidate_3,candidate_1,3,0.03
2494,candidate_2,candidate_3,candidate_1,3,0.03
2495,candidate_2,candidate_3,candidate_1,3,0.03
2496,candidate_2,0,candidate_1,3,0.03
2497,candidate_2,candidate_3,candidate_1,3,0.03
2498,candidate_2,0,candidate_1,3,0.03
2499,candidate_2,candidate_3,candidate_1,3,0.03
2500,candidate_2,candidate_3,candidate_1,3,0.03
2501,candidate_2,candidate_3,candidate_1,3,0.03
2502,candidate_2,candidate_3,candidate_1,3,0.03
2503,candidate_2,candidate_3,candidate_1,3,0.03
2504,candidate_2,candidate_3,candidate_1,3,0.03
2505,candidate_2,candidate_3,candidate_1,3,0.03
2506,candidate_2,candidate_3,candidate_1,3,0.03
2507,candidate_2,candidate_3,candidate_1,3,0.03
2508,candidate_2,candidate_3,candidate_1,3,0.03
2509,candidate_2,candidate_3,candidate_1,3,0.03
2510,candidate_2,candidate_3,candidate_1,3,0.03
2511,candidate_2,candidate_3,candidate_1,3,0.03
2512,candidate_2,candidate_3,candidate_1,3,0.03
2513,candidate_2,candidate_3,candidate_1,3,0.03
2514,candidate_2,candidate_3,candidate_1,3,0.03
2515,candidate_2,candidate_3,candidate_1,3,0.03
2516,candidate_2,candidate_3,candidate_1,3,0.03
2517,candidate_2,candidate_3,0,3,0.03
2518,candidate_2,candidate_3,candidate_1,3,0.03
2519,candidate_2,candidate_3,candidate_1,3,0.03
2520,candidate_2,candidate_3,candidate_1,3,0.03
2521,candidate_2,candidate_3,candidate_1,3,0.03
2522,candidate_2,candidate_3,candidate_1,3,0.03
2523,candidate_2,candidate_3,candidate_1,3,0.03
2524,candidate_2,candidate_3,candidate_1,3,0.03
2525,candidate_2,candidate_3,candidate_1,3,0.03
2526,candidate_2,candidate_3,candidate_1,3,0.03
2527,candidate_2,candidate_3,candidate_1,3,0.03
2528,candidate_2,candidate_3,candidate_1,3,0.03
2529,candidate_2,candidate_3,candidate_1,3,0.03
2530,candidate_2,candidate_3,candidate_1,3,0.03
2531,0,candidate_3,candidate_1,3,0.03
2532,candidate_2,candidate_3,candidate_1,3,0.03
2533,candidate_2,candidate_3,candidate_1,3,0.03
2534,candidate_2,candidate_3,candidate_1,3,0.03
2535,candidate_2,candidate_3,candidate_1,3,0.03
2536,candidate_2,candidate_3,candidate_1,3,0.03
2537,candidate_2,candidate_3,candidate_1,3,0.03
2538,candidate_2,candidate_3,candidate_1,3,0.03
2539,candidate_2,candidate_3,candidate_1,3,0.03
2540,candidate_2,candidate_3,candidate_1,3,0.03
2541,candidate_2,candidate_3,candidate_1,3,0.03
2542,candidate_2,candidate_3,candidate_1,3,0.03
2543,candidate_2,candidate_3,candidate_1,3,0.03
2544,candidate_2,candidate_3,candidate_1,3,0.03
2545,candidate_2,candidate_3,candidate_1,3,0.03
2546,candidate_2,candidate_3,candidate_1,3,0.03
2547,candidate_2,candidate_3,candidate_1,3,0.03
2548,candidate_2,candidate_3,candidate_1,3,0.03
2549,candidate_2,candidate_3,candidate_1,3,0.03
2550,candidate_2,candidate_3,candidate_1,3,0.03
2551,candidate_2,candidate_3,candidate_1,3,0.03
2552,candidate_2,candidate_3,candidate_1,3,0.03
2553,candidate_2,candidate_3,candidate_1,3,0.03
2554,candidate_2,candidate_3,candidate_1,3,0.03
2555,candidate_2,candidate_3,candidate_1,3,0.03
2556,candidate_2,candidate_3,candidate_1,3,0.03
2557,candidate_2,candidate_3,candidate_1,3,0.03
2558,candidate_2,0,candidate_1,3,0.03
2559,candidate_2,candidate_3,candidate_1,3,0.03
2560,candidate_2,candidate_3,candidate_1,3,0.03
2561,candidate_2,candidate_3,candidate_1,3,0.03
2562,candidate_2,candidate_3,candidate_1,3,0.03
2563,candidate_2,candidate_3,candidate_1,3,0.03
2564,candidate_2,candidate_3,candidate_1,3,0.03
2565,candidate_2,candidate_3,candidate_1,3,0.03
2566,candidate_2,candidate_3,candidate_1,3,0.03
2567,candidate_2,candidate_3,candidate_1,3,0.03
2568,candidate_2,candidate_3,candidate_1,3,0.03
2569,candidate_2,candidate_3,0,3,0.03
2570,candidate_2,candidate_3,candidate_1,3,0.03
2571,candidate_2,candidate_3,candidate_1,3,0.03
2572,candidate_2,candidate_3,candidate_1,3,0.03
2573,candidate_2,0,0,3,0.03
2574,candidate_2,candidate_3,candidate_1,3,0.03
2575,candidate_2,candidate_3,candidate_1,3,0.03
2576,candidate_2,candidate_3,candidate_1,3,0.03
2577,candidate_2,candidate_3,candidate_1,3,0.03
2578,candidate_2,candidate_3,0,3,0.03
2579,candidate_2,candidate_3,candidate_1,3,0.03
2580,candidate_2,candidate_3,candidate_1,3,0.03
2581,candidate_2,candidate_3,candidate_1,3,0.03
2582,candidate_2,candidate_3,candidate_1,3,0.03
2583,candidate_2,candidate_3,candidate_1,3,0.03
2584,candidate_2,candidate_3,candidate_1,3,0.03
2585,candidate_2,candidate_3,candidate_1,3,0.03
2586,candidate_2,candidate_3,candidate_1,3,0.03
2587,candidate_2,candidate_3,candidate_1,3,0.03
2588,candidate_2,candidate_3,candidate_1,3,0.03
2589,candidate_2,candidate_3,candidate_1,3,0.03
2590,candidate_2,candidate_3,candidate_1,3,0.03
2591,candidate_2,candidate_3,candidate_1,3,0.03
2592,candidate_2,candidate_3,candidate_1,3,0.03
2593,candidate_2,candidate_3,candidate_1,3,0.03
2594,candidate_2,candidate_3,candidate_1,3,0.03
2595,candidate_2,candidate_3,candidate_1,3,0.03
2596,candidate_2,candidate_3,candidate_1,3,0.03
2597,candidate_2,0,candidate_1,3,0.03
2598,candidate_2,candidate_3,candidate_1,3,0.03
2599,candidate_2,candidate_3,candidate_1,3,0.03
2600,candidate_2,candidate_3,candidate_1,3,0.03
2601,candidate_2,candidate_3,candidate_1,3,0.03
2602,candidate_2,candidate_3,candidate_1,3,0.03
2603,candidate_2,candidate_3,candidate_1,3,0.03
2604,candidate_2,candidate_3,candidate_1,3,0.03
2605,candidate_2,candidate_3,candidate_1,3,0.03
2606,candidate_2,candidate_3,candidate_1,3,0.03
2607,candidate_2,candidate_3,candidate_1,3,0.03
2608,candidate_2,candidate_3,candidate_1,3,0.03
2609,candidate_2,candidate_3,candidate_1,3,0.03
2610,candidate_2,candidate_3,candidate_1,3,0.03
2611,candidate_2,candidate_3,candidate_1,3,0.03
2612,candidate_2,candidate_3,candidate_1,3,0.03
2613,candidate_2,candidate_3,candidate_1,3,0.03
2614,candidate_2,candidate_3,candidate_1,3,0.03
2615,candidate_2,candidate_3,candidate_1,3,0.03
2616,candidate_2,candidate_3,candidate_1,3,0.03
2617,candidate_2,candidate_3,candidate_1,3,0.03
2618,candidate_2,candidate_3,candidate_1,3,0.03
2619,candidate_2,candidate_3,candidate_1,3,0.03
2620,candidate_2,candidate_3,candidate_1,3,0.03
2621,candidate_2,candidate_3,candidate_1,3,0.03
2622,candidate_2,candidate_3,candidate_1,3,0.03
2623,candidate_2,candidate_3,candidate_1,3,0.03
2624,candidate_2,candidate_3,candidate_1,3,0.03
2625,candidate_2,candidate_3,candidate_1,3,0.03
2626,candidate_2,candidate_3,candidate_1,3,0.03
2627,candidate_2,candidate_3,candidate_1,3,0.03
2628,candidate_2,candidate_3,candidate_1,3,0.03
2629,candidate_2,candidate_3,candidate_1,3,0.03
2630,candidate_2,candidate_3,candidate_1,3,0.03
2631,candidate_2,candidate_3,candidate_1,3,0.03
2632,candidate_2,0,candidate_1,3,0.03
2633,candidate_2,candidate_3,candidate_1,3,0.03
2634,candidate_2,candidate_3,candidate_1,3,0.03
2635,candidate_2,candidate_3,candidate_1,3,0.03
2636,candidate_2,candidate_3,candidate_1,3,0.03
2637,candidate_2,candidate_3,candidate_1,3,0.03
2638,candidate_2,candidate_3,0,3,0.03
2639,candidate_2,candidate_3,candidate_1,3,0.03
2640,candidate_2,candidate_3,candidate_1,3,0.03
2641,candidate_2,candidate_3,candidate_1,3,0.03
2642,candidate_2,candidate_3,candidate_1,3,0.03
2643,candidate_2,candidate_3,candidate_1,3,0.03
2644,candidate_2,candidate_3,candidate_1,3,0.03
2645,candidate_2,candidate_3,candidate_1,3,0.03
2646,candidate_2,candidate_3,candidate_1,3,0.03
2647,candidate_2,candidate_3,candidate_1,3,0.03
2648,candidate_2,candidate_3,candidate_1,3,0.03
2649,candidate_2,candidate_3,candidate_1,3,0.03
2650,candidate_2,candidate_3,candidate_1,3,0.03
2651,candidate_2,candidate_3,candidate_1,3,0.03
2652,candidate_2,candidate_3,candidate_1,3,0.03
2653,candidate_2,candidate_3,candidate_1,3,0.03
2654,candidate_2,candidate_3,candidate_1,3,0.03
2655,candidate_2,candidate_3,candidate_1,3,0.03
2656,candidate_2,candidate_3,candidate_1,3,0.03
2657,candidate_2,candidate_3,0,3,0.03
2658,candidate_2,candidate_3,candidate_1,3,0.03
2659,candidate_2,candidate_3,candidate_1,3,0.03
2660,candidate_2,candidate_3,candidate_1,3,0.03
2661,candidate_2,candidate_3,candidate_1,3,0.03
2662,candidate_2,candidate_3,0,3,0.03
2663,candidate_2,candidate_3,candidate_1,3,0.03
2664,candidate_2,candidate_3,candidate_1,3,0.03
2665,candidate_2,candidate_3,candidate_1,3,0.03
2666,candidate_2,candidate_3,candidate_1,3,0.03
2667,candidate_2,candidate_3,candidate_1,3,0.03
2668,candidate_2,candidate_3,candidate_1,3,0.03
2669,candidate_2,candidate_3,candidate_1,3,0.03
2670,candidate_2,candidate_3,candidate_1,3,0.03
2671,candidate_2,candidate_3,candidate_1,3,0.03
2672,candidate_2,candidate_3,candidate_1,3,0.03
2673,candidate_2,candidate_3,candidate_1,3,0.03
2674,candidate_2,candidate_3,candidate_1,3,0.03
2675,candidate_2,candidate_3,candidate_1,3,0.03
2676,candidate_2,candidate_3,candidate_1,3,0.03
2677,candidate_2,candidate_3,candidate_1,3,0.03
2678,candidate_2,candidate_3,candidate_1,3,0.03
2679,candidate_2,candidate_3,candidate_1,3,0.03
2680,candidate_2,candidate_3,candidate_1,3,0.03
2681,candidate_2,candidate_3,candidate_1,3,0.03
2682,candidate_2,candidate_3,candidate_1,3,0.03
2683,candidate_2,candidate_3,candidate_1,3,0.03
2684,candidate_2,candidate_3,candidate_1,3,0.03
2685,candidate_2,candidate_3,0,3,0.03
2686,candidate_2,candidate_3,candidate_1,3,0.03
2687,candidate_2,candidate_3,candidate_1,3,0.03
2688,candidate_2,candidate_3,candidate_1,3,0.03
2689,candidate_2,candidate_3,candidate_1,3,0.03
2690,candidate_2,candidate_3,candidate_1,3,0.03
2691,candidate_2,candidate_3,candidate_1,3,0.03
2692,candidate_2,candidate_3,candidate_1,3,0.03
2693,candidate_2,candidate_3,candidate_1,3,0.03
2694,candidate_2,candidate_3,candidate_1,3,0.03
2695,candidate_2,candidate_3,candidate_1,3,0.03
2696,candidate_2,candidate_3,candidate_1,3,0.03
2697,candidate_2,candidate_3,candidate_1,3,0.03
2698,candidate_2,candidate_3,candidate_1,3,0.03
2699,candidate_2,0,candidate_1,3,0.03
2700,candidate_2,candidate_3,candidate_1,3,0.03
2701,candidate_2,candidate_3,candidate_1,3,0.03
2702,candidate_2,candidate_3,candidate_1,3,0.03
2703,candidate_2,candidate_3,candidate_1,3,0.03
2704,candidate_2,candidate_3,candidate_1,3,0.03
2705,candidate_2,candidate_3,candidate_1,3,0.03
2706,candidate_2,candidate_3,candidate_1,3,0.03
2707,candidate_2,candidate_3,candidate_1,3,0.03
2708,candidate_2,candidate_3,candidate_1,3,0.03
2709,candidate_2,candidate_3,0,3,0.03
2710,candidate_2,candidate_3,candidate_1,3,0.03
2711,candidate_2,candidate_3,candidate_1,3,0.03
2712,candidate_2,candidate_3,candidate_1,3,0.03
2713,candidate_2,0,candidate_1,3,0.03
2714,candidate_2,0,candidate_1,3,0.03
2715,candidate_2,candidate_3,candidate_1,3,0.03
2716,candidate_2,candidate_3,candidate_1,3,0.03
2717,candidate_2,candidate_3,candidate_1,3,0.03
2718,candidate_2,candidate_3,candidate_1,3,0.03
2719,candidate_2,candidate_3,candidate_1,3,0.03
2720,candidate_2,candidate_3,candidate_1,3,0.03
2721,candidate_2,candidate_3,candidate_1,3,0.03
2722,candidate_2,candidate_3,candidate_1,3,0.03
2723,candidate_2,candidate_3,candidate_1,3,0.03
2724,candidate_2,candidate_3,candidate_1,3,0.03
2725,candidate_2,candidate_3,candidate_1,3,0.03
2726,candidate_2,candidate_3,0,3,0.03
2727,candidate_2,candidate_3,candidate_1,3,0.03
2728,candidate_2,candidate_3,candidate_1,3,0.03
2729,candidate_2,candidate_3,candidate_1,3,0.03
2730,candidate_2,candidate_3,candidate_1,3,0.03
2731,candidate_2,candidate_3,candidate_1,3,0.03
2732,candidate_2,candidate_3,candidate_1,3,0.03
2733,candidate_2,candidate_3,0,3,0.03
2734,candidate_2,candidate_3,candidate_1,3,0.03
2735,candidate_2,candidate_3,candidate_1,3,0.03
2736,candidate_2,candidate_3,candidate_1,3,0.03
2737,candidate_2,candidate_3,candidate_1,3,0.03
2738,candidate_2,candidate_3,candidate_1,3,0.03
2739,candidate_2,candidate_3,candidate_1,3,0.03
2740,0,candidate_3,candidate_1,3,0.03
2741,candidate_2,0,candidate_1,3,0.03
2742,candidate_2,candidate_3,candidate_1,3,0.03
2743,candidate_2,candidate_3,candidate_1,3,0.03
2744,candidate_2,candidate_3,candidate_1,3,0.03
2745,candidate_2,candidate_3,candidate_1,3,0.03
2746,candidate_2,candidate_3,candidate_1,3,0.03
2747,candidate_2,candidate_3,candidate_1,3,0.03
2748,candidate_2,candidate_3,candidate_1,3,0.03
2749,candidate_2,candidate_3,candidate_1,3,0.03
2750,candidate_2,0,candidate_1,3,0.03
2751,candidate_2,candidate_3,candidate_1,3,0.03
2752,candidate_2,candidate_3,candidate_1,3,0.03
2753,0,candidate_3,candidate_1,3,0.03
2754,candidate_2,candidate_3,candidate_1,3,0.03
2755,candidate_2,candidate_3,candidate_1,3,0.03
2756,candidate_2,candidate_3,candidate_1,3,0.03
2757,candidate_2,candidate_3,candidate_1,3,0.03
2758,0,candidate_3,candidate_1,3,0.03
2759,candidate_2,candidate_3,candidate_1,3,0.03
2760,candidate_2,candidate_3,candidate_1,3,0.03
2761,candidate_2,candidate_3,candidate_1,3,0.03
2762,candidate_2,candidate_3,candidate_1,3,0.03
2763,candidate_2,candidate_3,candidate_1,3,0.03
2764,candidate_2,candidate_3,candidate_1,3,0.03
2765,candidate_2,0,candidate_1,3,0.03
2766,candidate_2,candidate_3,candidate_1,3,0.03
2767,candidate_2,candidate_3,candidate_1,3,0.03
2768,candidate_2,candidate_3,candidate_1,3,0.03
2769,candidate_2,candidate_3,candidate_1,3,0.03
2770,candidate_2,candidate_3,candidate_1,3,0.03
2771,candidate_2,candidate_3,candidate_1,3,0.03
2772,candidate_2,candidate_3,candidate_1,3,0.03
2773,candidate_2,candidate_3,candidate_1,3,0.03
2774,candidate_2,candidate_3,candidate_1,3,0.03
2775,candidate_2,candidate_3,candidate_1,3,0.03
2776,candidate_2,candidate_3,candidate_1,3,0.03
2777,candidate_2,candidate_3,candidate_1,3,0.03
2778,candidate_2,candidate_3,candidate_1,3,0.03
2779,candidate_2,candidate_3,candidate_1,3,0.03
2780,candidate_2,candidate_3,candidate_1,3,0.03
2781,candidate_2,candidate_3,candidate_1,3,0.03
2782,candidate_2,candidate_3,candidate_1,3,0.03
2783,candidate_2,candidate_3,candidate_1,3,0.03
2784,candidate_2,candidate_3,candidate_1,3,0.03
2785,candidate_2,candidate_3,candidate_1,3,0.03
2786,candidate_2,candidate_3,candidate_1,3,0.03
2787,candidate_2,candidate_3,candidate_1,3,0.03
2788,candidate_2,candidate_3,candidate_1,3,0.03
2789,candidate_2,candidate_3,candidate_1,3,0.03
2790,candidate_2,candidate_3,candidate_1,3,0.03
2791,candidate_2,candidate_3,candidate_1,3,0.03
2792,candidate_2,candidate_3,candidate_1,3,0.03
2793,candidate_2,candidate_3,candidate_1,3,0.03
2794,candidate_2,candidate_3,candidate_1,3,0.03
2795,candidate_2,candidate_3,candidate_1,3,0.03
2796,candidate_2,candidate_3,candidate_1,3,0.03
2797,candidate_2,candidate_3,candidate_1,3,0.03
2798,candidate_2,candidate_3,candidate_1,3,0.03
2799,candidate_2,candidate_3,candidate_1,3,0.03
2800,candidate_2,candidate_3,candidate_1,3,0.03
2801,candidate_2,candidate_3,candidate_1,3,0.03
2802,candidate_2,candidate_3,candidate_1,3,0.03
2803,candidate_2,candidate_3,candidate_1,3,0.03
2804,candidate_2,candidate_3,candidate_1,3,0.03
2805,candidate_2,candidate_3,candidate_1,3,0.03
2806,candidate_2,candidate_3,candidate_1,3,0.03
2807,candidate_2,candidate_3,candidate_1,3,0.03
2808,candidate_2,candidate_3,candidate_1,3,0.03
2809,candidate_2,candidate_3,candidate_1,3,0.03
2810,candidate_2,candidate_3,candidate_1,3,0.03
2811,candidate_2,candidate_3,candidate_1,3,0.03
2812,candidate_2,candidate_3,0,3,0.03
2813,candidate_2,candidate_3,candidate_1,3,0.03
2814,candidate_2,candidate_3,candidate_1,3,0.03
2815,candidate_2,candidate_3,candidate_1,3,0.03
2816,candidate_2,candidate_3,candidate_1,3,0.03
2817,candidate_2,candidate_3,candidate_1,3,0.03
2818,candidate_2,candidate_3,candidate_1,3,0.03
2819,candidate_2,candidate_3,candidate_1,3,0.03
2820,candidate_2,candidate_3,candidate_1,3,0.03
2821,candidate_2,candidate_3,candidate_1,3,0.03
2822,0,candidate_3,candidate_1,3,0.03
2823,candidate_2,candidate_3,candidate_1,3,0.03
2824,candidate_2,candidate_3,candidate_1,3,0.03
2825,candidate_2,candidate_3,candidate_1,3,0.03
2826,candidate_2,candidate_3,candidate_1,3,0.03
2827,candidate_2,candidate_3,candidate_1,3,0.03
2828,candidate_2,candidate_3,candidate_1,3,0.03
2829,candidate_2,candidate_3,candidate_1,3,0.03
2830,candidate_2,candidate_3,candidate_1,3,0.03
2831,0,candidate_3,candidate_1,3,0.03
2832,candidate_2,candidate_3,candidate_1,3,0.03
2833,candidate_2,candidate_3,candidate_1,3,0.03
2834,candidate_2,candidate_3,candidate_1,3,0.03
2835,candidate_2,candidate_3,candidate_1,3,0.03
2836,candidate_2,candidate_3,candidate_1,3,0.03
2837,candidate_2,candidate_3,candidate_1,3,0.03
2838,candidate_2,candidate_3,candidate_1,3,0.03
2839,candidate_2,candidate_3,candidate_1,3,0.03
2840,candidate_2,candidate_3,candidate_1,3,0.03
2841,candidate_2,candidate_3,candidate_1,3,0.03
2842,0,candidate_3,candidate_1,3,0.03
2843,candidate_2,candidate_3,candidate_1,3,0.03
2844,candidate_2,candidate_3,candidate_1,3,0.03
2845,candidate_2,candidate_3,candidate_1,3,0.03
2846,candidate_2,candidate_3,candidate_1,3,0.03
2847,candidate_2,candidate_3,0,3,0.03
2848,candidate_2,candidate_3,candidate_1,3,0.03
2849,candidate_2,candidate_3,candidate_1,3,0.03
2850,candidate_2,candidate_3,candidate_1,3,0.03
2851,candidate_2,candidate_3,candidate_1,3,0.03
2852,candidate_2,candidate_3,candidate_1,3,0.03
2853,candidate_2,candidate_3,candidate_1,3,0.03
2854,candidate_2,candidate_3,candidate_1,3,0.03
2855,candidate_2,candidate_3,candidate_1,3,0.03
2856,candidate_2,candidate_3,candidate_1,3,0.03
2857,candidate_2,candidate_3,candidate_1,3,0.03
2858,candidate_2,candidate_3,candidate_1,3,0.03
2859,candidate_2,candidate_3,candidate_1,3,0.03
2860,candidate_2,candidate_3,candidate_1,3,0.03
2861,candidate_2,candidate_3,candidate_1,3,0.03
2862,candidate_2,candidate_3,candidate_1,3,0.03
2863,candidate_2,candidate_3,candidate_1,3,0.03
2864,candidate_2,candidate_3,candidate_1,3,0.03
2865,candidate_2,candidate_3,candidate_1,3,0.03
2866,candidate_2,candidate_3,0,3,0.03
2867,candidate_2,candidate_3,candidate_1,3,0.03
2868,candidate_2,0,candidate_1,3,0.03
2869,candidate_2,candidate_3,candidate_1,3,0.03
2870,candidate_2,candidate_3,candidate_1,3,0.03
2871,candidate_2,0,candidate_1,3,0.03
2872,candidate_2,candidate_3,candidate_1,3,0.03
2873,candidate_2,candidate_3,candidate_1,3,0.03
2874,candidate_2,candidate_3,candidate_1,3,0.03
2875,candidate_2,candidate_3,candidate_1,3,0.03
2876,candidate_2,candidate_3,candidate_1,3,0.03
2877,candidate_2,candidate_3,candidate_1,3,0.03
2878,candidate_2,candidate_3,candidate_1,3,0.03
2879,candidate_2,candidate_3,candidate_1,3,0.03
2880,candidate_2,candidate_3,candidate_1,3,0.03
2881,candidate_2,0,candidate_1,3,0.03
2882,candidate_2,candidate_3,candidate_1,3,0.03
2883,0,candidate_3,candidate_1,3,0.03
2884,candidate_2,candidate_3,candidate_1,3,0.03
2885,candidate_2,candidate_3,candidate_1,3,0.03
2886,candidate_2,0,candidate_1,3,0.03
2887,candidate_2,candidate_3,candidate_1,3,0.03
2888,candidate_2,candidate_3,candidate_1,3,0.03
2889,candidate_2,candidate_3,candidate_1,3,0.03
2890,candidate_2,candidate_3,candidate_1,3,0.03
2891,candidate_2,candidate_3,candidate_1,3,0.03
2892,candidate_2,candidate_3,candidate_1,3,0.03
2893,candidate_2,candidate_3,candidate_1,3,0.03
2894,candidate_2,candidate_3,candidate_1,3,0.03
2895,candidate_2,candidate_3,candidate_1,3,0.03
2896,candidate_2,candidate_3,candidate_1,3,0.03
2897,candidate_2,candidate_3,candidate_1,3,0.03
2898,candidate_2,candidate_3,candidate_1,3,0.03
2899,candidate_2,candidate_3,candidate_1,3,0.03
2900,candidate_2,candidate_3,candidate_1,3,0.03
2901,candidate_2,candidate_3,candidate_1,3,0.03
2902,candidate_2,candidate_3,candidate_1,3,0.03
2903,candidate_2,candidate_3,candidate_1,3,0.03
2904,candidate_2,candidate_3,candidate_1,3,0.03
2905,candidate_2,candidate_3,candidate_1,3,0.03
2906,candidate_2,candidate_3,candidate_1,3,0.03
2907,candidate_2,candidate_3,0,3,0.03
2908,candidate_2,0,candidate_1,3,0.03
2909,candidate_2,candidate_3,0,3,0.03
2910,candidate_2,candidate_3,candidate_1,3,0.03
2911,candidate_2,candidate_3,candidate_1,3,0.03
2912,candidate_2,candidate_3,candidate_1,3,0.03
2913,candidate_2,candidate_3,0,3,0.03
2914,candidate_2,candidate_3,candidate_1,3,0.03
2915,candidate_2,candidate_3,candidate_1,3,0.03
2916,candidate_2,0,candidate_1,3,0.03
2917,candidate_2,candidate_3,candidate_1,3,0.03
2918,candidate_2,candidate_3,candidate_1,3,0.03
2919,candidate_2,candidate_3,candidate_1,3,0.03
2920,candidate_2,candidate_3,candidate_1,3,0.03
2921,candidate_2,candidate_3,candidate_1,3,0.03
2922,candidate_2,candidate_3,candidate_1,3,0.03
2923,candidate_2,candidate_3,candidate_1,3,0.03
2924,candidate_2,candidate_3,candidate_1,3,0.03
2925,candidate_2,candidate_3,candidate_1,3,0.03
2926,candidate_2,candidate_3,candidate_1,3,0.03
2927,candidate_2,candidate_3,candidate_1,3,0.03
2928,candidate_2,candidate_3,candidate_1,3,0.03
2929,candidate_2,candidate_3,candidate_1,3,0.03
2930,candidate_2,candidate_3,candidate_1,3,0.03
2931,candidate_2,candidate_3,candidate_1,3,0.03
2932,candidate_2,0,candidate_1,3,0.03
2933,candidate_2,candidate_3,candidate_1,3,0.03
2934,candidate_2,candidate_3,candidate_1,3,0.03
2935,candidate_2,candidate_3,candidate_1,3,0.03
2936,candidate_2,candidate_3,candidate_1,3,0.03
2937,candidate_2,candidate_3,candidate_1,3,0.03
2938,candidate_2,candidate_3,candidate_1,3,0.03
2939,candidate_2,candidate_3,0,3,0.03
2940,candidate_2,candidate_3,candidate_1,3,0.03
2941,candidate_2,0,candidate_1,3,0.03
2942,candidate_2,candidate_3,candidate_1,3,0.03
2943,candidate_2,candidate_3,candidate_1,3,0.03
2944,candidate_2,candidate_3,candidate_1,3,0.03
2945,candidate_2,candidate_3,candidate_1,3,0.03
2946,candidate_2,candidate_3,candidate_1,3,0.03
2947,candidate_2,candidate_3,candidate_1,3,0.03
2948,candidate_2,candidate_3,candidate_1,3,0.03
2949,candidate_2,candidate_3,candidate_1,3,0.03
2950,candidate_2,candidate_3,candidate_1,3,0.03
2951,candidate_2,candidate_3,candidate_1,3,0.03
2952,candidate_2,0,candidate_1,3,0.03
2953,candidate_2,candidate_3,candidate_1,3,0.03
2954,candidate_2,candidate_3,candidate_1,3,0.03
2955,candidate_2,candidate_3,candidate_1,3,0.03
2956,candidate_2,candidate_3,candidate_1,3,0.03
2957,candidate_2,candidate_3,candidate_1,3,0.03
2958,candidate_2,candidate_3,candidate_1,3,0.03
2959,candidate_2,candidate_3,candidate_1,3,0.03
2960,candidate_2,candidate_3,candidate_1,3,0.03
2961,candidate_2,candidate_3,candidate_1,3,0.03
2962,candidate_2,candidate_3,candidate_1,3,0.03
2963,candidate_2,candidate_3,candidate_1,3,0.03
2964,candidate_2,candidate_3,candidate_1,3,0.03
2965,candidate_2,candidate_3,candidate_1,3,0.03
2966,candidate_2,candidate_3,candidate_1,3,0.03
2967,candidate_2,candidate_3,candidate_1,3,0.03
2968,candidate_2,candidate_3,candidate_1,3,0.03
2969,candidate_2,candidate_3,candidate_1,3,0.03
2970,candidate_2,candidate_3,candidate_1,3,0.03
2971,candidate_2,candidate_3,candidate_1,3,0.03
2972,candidate_2,candidate_3,candidate_1,3,0.03
2973,candidate_2,candidate_3,candidate_1,3,0.03
2974,candidate_2,candidate_3,candidate_1,3,0.03
2975,candidate_2,candidate_3,candidate_1,3,0.03
2976,candidate_2,candidate_3,candidate_1,3,0.03
2977,candidate_2,candidate_3,candidate_1,3,0.03
2978,candidate_2,0,candidate_1,3,0.03
2979,candidate_2,candidate_3,candidate_1,3,0.03
2980,0,candidate_3,candidate_1,3,0.03
2981,candidate_2,candidate_3,candidate_1,3,0.03
2982,candidate_2,candidate_3,candidate_1,3,0.03
2983,candidate_2,candidate_3,0,3,0.03
2984,candidate_2,0,candidate_1,3,0.03
2985,candidate_2,candidate_3,candidate_1,3,0.03
2986,candidate_2,candidate_3,candidate_1,3,0.03
2987,candidate_2,candidate_3,candidate_1,3,0.03
2988,candidate_2,candidate_3,candidate_1,3,0.03
2989,candidate_2,candidate_3,candidate_1,3,0.03
2990,candidate_2,candidate_3,candidate_1,3,0.03
2991,candidate_2,candidate_3,candidate_1,3,0.03
2992,candidate_2,candidate_3,candidate_1,3,0.03
2993,candidate_2,candidate_3,candidate_1,3,0.03
2994,candidate_2,candidate_3,candidate_1,3,0.03
2995,candidate_2,candidate_3,candidate_1,3,0.03
2996,candidate_2,candidate_3,candidate_1,3,0.03
2997,candidate_2,candidate_3,candidate_1,3,0.03
2998,candidate_2,candidate_3,candidate_1,3,0.03
2999,candidate_2,candidate_3,candidate_1,3,0.03
3000,candidate_2,candidate_3,candidate_1,3,0.03
3001,candidate_2,candidate_3,candidate_1,3,0.03
3002,candidate_2,candidate_3,candidate_1,3,0.03
3003,candidate_2,candidate_3,candidate_1,3,0.03
3004,candidate_2,candidate_3,0,3,0.03
3005,candidate_2,candidate_3,candidate_1,3,0.03
3006,candidate_2,candidate_3,candidate_1,3,0.03
3007,candidate_2,candidate_3,candidate_1,3,0.03
3008,candidate_2,candidate_3,candidate_1,3,0.03
3009,candidate_2,candidate_3,candidate_1,3,0.03
3010,candidate_2,candidate_3,candidate_1,3,0.03
3011,candidate_2,candidate_3,candidate_1,3,0.03
3012,candidate_2,candidate_3,candidate_1,3,0.03
3013,candidate_2,candidate_3,candidate_1,3,0.03
3014,candidate_2,candidate_3,candidate_1,3,0.03
3015,candidate_2,candidate_3,candidate_1,3,0.03
3016,candidate_2,candidate_3,candidate_1,3,0.03
3017,candidate_2,candidate_3,candidate_1,3,0.03
3018,candidate_2,candidate_3,candidate_1,3,0.03
3019,candidate_2,0,candidate_1,3,0.03
3020,candidate_2,candidate_3,candidate_1,3,0.03
3021,candidate_2,candidate_3,candidate_1,3,0.03
3022,candidate_2,candidate_3,candidate_1,3,0.03
3023,candidate_2,candidate_3,candidate_1,3,0.03
3024,candidate_2,candidate_3,candidate_1,3,0.03
3025,candidate_2,candidate_3,candidate_1,3,0.03
3026,candidate_2,candidate_3,candidate_1,3,0.03
3027,candidate_2,candidate_3,candidate_1,3,0.03
3028,candidate_2,candidate_3,candidate_1,3,0.03
3029,candidate_2,candidate_3,candidate_1,3,0.03
3030,candidate_2,candidate_3,candidate_1,3,0.03
3031,candidate_2,candidate_3,candidate_1,3,0.03
3032,candidate_2,candidate_3,candidate_1,3,0.03
3033,candidate_2,candidate_3,candidate_1,3,0.03
3034,candidate_2,candidate_3,candidate_1,3,0.03
3035,candidate_2,candidate_3,candidate_1,3,0.03
3036,candidate_2,0,candidate_1,3,0.03
3037,candidate_2,candidate_3,candidate_1,3,0.03
3038,candidate_2,candidate_3,candidate_1,3,0.03
3039,candidate_2,candidate_3,candidate_1,3,0.03
3040,candidate_2,candidate_3,candidate_1,3,0.03
3041,candidate_2,candidate_3,candidate_1,3,0.03
3042,candidate_2,candidate_3,candidate_1,3,0.03
3043,candidate_2,candidate_3,0,3,0.03
3044,candidate_2,candidate_3,candidate_1,3,0.03
3045,0,candidate_3,candidate_1,3,0.03
3046,candidate_2,candidate_3,candidate_1,3,0.03
3047,candidate_2,candidate_3,candidate_1,3,0.03
3048,candidate_2,candidate_3,candidate_1,3,0.03
3049,candidate_2,candidate_3,0,3,0.03
3050,candidate_2,candidate_3,candidate_1,3,0.03
3051,candidate_2,candidate_3,candidate_1,3,0.03
3052,candidate_2,candidate_3,candidate_1,3,0.03
3053,candidate_2,candidate_3,candidate_1,3,0.03
3054,candidate_2,candidate_3,candidate_1,3,0.03
3055,candidate_2,candidate_3,candidate_1,3,0.03
3056,candidate_2,candidate_3,candidate_1,3,0.03
3057,candidate_2,candidate_3,candidate_1,3,0.03
3058,candidate_2,candidate_3,candidate_1,3,0.03
3059,candidate_2,candidate_3,candidate_1,3,0.03
3060,candidate_2,candidate_3,candidate_1,3,0.03
3061,candidate_2,candidate_3,candidate_1,3,0.03
3062,candidate_2,candidate_3,candidate_1,3,0.03
3063,candidate_2,candidate_3,candidate_1,3,0.03
3064,candidate_2,candidate_3,candidate_1,3,0.03
3065,candidate_2,candidate_3,candidate_1,3,0.03
3066,candidate_2,candidate_3,candidate_1,3,0.03
3067,candidate_2,candidate_3,candidate_1,3,0.03
3068,candidate_2,candidate_3,candidate_1,3,0.03
3069,candidate_2,candidate_3,candidate_1,3,0.03
3070,candidate_2,candidate_3,candidate_1,3,0.03
3071,candidate_2,candidate_3,candidate_1,3,0.03
3072,candidate_2,candidate_3,candidate_1,3,0.03
3073,candidate_2,candidate_3,candidate_1,3,0.03
3074,candidate_2,candidate_3,candidate_1,3,0.03
3075,candidate_2,candidate_3,candidate_1,3,0.03
3076,candidate_2,candidate_3,candidate_1,3,0.03
3077,candidate_2,candidate_3,0,3,0.03
3078,candidate_2,candidate_3,candidate_1,3,0.03
3079,candidate_2,candidate_3,candidate_1,3,0.03
3080,candidate_2,candidate_3,candidate_1,3,0.03
3081,candidate_2,candidate_3,candidate_1,3,0.03
3082,candidate_2,candidate_3,candidate_1,3,0.03
3083,candidate_2,candidate_3,candidate_1,3,0.03
3084,candidate_2,candidate_3,candidate_1,3,0.03
3085,candidate_2,candidate_3,candidate_1,3,0.03
3086,candidate_2,candidate_3,0,3,0.03
3087,candidate_2,candidate_3,candidate_1,3,0.03
3088,candidate_2,candidate_3,candidate_1,3,0.03
3089,candidate_2,candidate_3,candidate_1,3,0.03
3090,candidate_2,candidate_3,candidate_1,3,0.03
3091,candidate_2,candidate_3,candidate_1,3,0.03
3092,candidate_2,candidate_3,candidate_1,3,0.03
3093,candidate_2,candidate_3,candidate_1,3,0.03
3094,candidate_2,0,candidate_1,3,0.03
3095,candidate_2,candidate_3,candidate_1,3,0.03
3096,candidate_2,candidate_3,candidate_1,3,0.03
3097,candidate_2,candidate_3,0,3,0.03
3098,candidate_2,candidate_3,candidate_1,3,0.03
3099,candidate_2,candidate_3,candidate_1,3,0.03
3100,candidate_2,candidate_3,candidate_1,3,0.03
3101,candidate_2,candidate_3,candidate_1,3,0.03
3102,candidate_2,candidate_3,candidate_1,3,0.03
3103,candidate_2,candidate_3,candidate_1,3,0.03
3104,candidate_2,candidate_3,candidate_1,3,0.03
3105,candidate_2,candidate_3,0,3,0.03
3106,candidate_2,candidate_3,candidate_1,3,0.03
3107,candidate_2,candidate_3,candidate_1,3,0.03
3108,candidate_2,candidate_3,candidate_1,3,0.03
3109,candidate_2,candidate_3,candidate_1,3,0.03
3110,candidate_2,0,candidate_1,3,0.03
3111,candidate_2,candidate_3,candidate_1,3,0.03
3112,candidate_2,candidate_3,candidate_1,3,0.03
3113,candidate_2,candidate_3,candidate_1,3,0.03
3114,candidate_2,candidate_3,candidate_1,3,0.03
3115,candidate_2,candidate_3,candidate_1,3,0.03
3116,candidate_2,candidate_3,candidate_1,3,0.03
3117,candidate_2,candidate_3,candidate_1,3,0.03
3118,candidate_2,candidate_3,candidate_1,3,0.03
3119,candidate_2,candidate_3,candidate_1,3,0.03
3120,0,candidate_3,candidate_1,3,0.03
3121,candidate_2,candidate_3,candidate_1,3,0.03
3122,candidate_2,candidate_3,candidate_1,3,0.03
3123,candidate_2,candidate_3,candidate_1,3,0.03
3124,candidate_2,candidate_3,candidate_1,3,0.03
3125,candidate_2,candidate_3,candidate_1,3,0.03
3126,candidate_2,0,candidate_1,3,0.03
3127,candidate_2,candidate_3,candidate_1,3,0.03
3128,candidate_2,0,candidate_1,3,0.03
3129,candidate_2,candidate_3,candidate_1,3,0.03
3130,candidate_2,candidate_3,candidate_1,3,0.03
3131,candidate_2,candidate_3,candidate_1,3,0.03
3132,candidate_2,candidate_3,candidate_1,3,0.03
3133,candidate_2,candidate_3,candidate_1,3,0.03
3134,candidate_2,candidate_3,candidate_1,3,0.03
3135,candidate_2,candidate_3,candidate_1,3,0.03
3136,candidate_2,candidate_3,candidate_1,3,0.03
3137,candidate_2,candidate_3,candidate_1,3,0.03
3138,candidate_2,candidate_3,candidate_1,3,0.03
3139,candidate_2,candidate_3,candidate_1,3,0.03
3140,candidate_2,candidate_3,candidate_1,3,0.03
3141,candidate_2,candidate_3,candidate_1,3,0.03
3142,0,candidate_3,candidate_1,3,0.03
3143,candidate_2,candidate_3,candidate_1,3,0.03
3144,candidate_2,candidate_3,candidate_1,3,0.03
3145,candidate_2,candidate_3,candidate_1,3,0.03
3146,candidate_2,candidate_3,candidate_1,3,0.03
3147,candidate_2,candidate_3,candidate_1,3,0.03
3148,candidate_2,candidate_3,candidate_1,3,0.03
3149,candidate_2,candidate_3,candidate_1,3,0.03
3150,candidate_2,candidate_3,candidate_1,3,0.03
3151,candidate_2,candidate_3,candidate_1,3,0.03
3152,0,candidate_3,candidate_1,3,0.03
3153,candidate_2,candidate_3,candidate_1,3,0.03
3154,candidate_2,candidate_3,candidate_1,3,0.03
3155,candidate_2,candidate_3,candidate_1,3,0.03
3156,candidate_2,candidate_3,candidate_1,3,0.03
3157,candidate_2,candidate_3,candidate_1,3,0.03
3158,candidate_2,candidate_3,candidate_1,3,0.03
3159,candidate_2,candidate_3,candidate_1,3,0.03
3160,candidate_2,candidate_3,candidate_1,3,0.03
3161,candidate_2,candidate_3,candidate_1,3,0.03
3162,candidate_2,candidate_3,candidate_1,3,0.03
3163,candidate_2,candidate_3,candidate_1,3,0.03
3164,candidate_2,candidate_3,candidate_1,3,0.03
3165,candidate_2,candidate_3,candidate_1,3,0.03
3166,candidate_2,candidate_3,candidate_1,3,0.03
3167,candidate_2,candidate_3,candidate_1,3,0.03
3168,candidate_2,candidate_3,candidate_1,3,0.03
3169,candidate_2,candidate_3,candidate_1,3,0.03
3170,candidate_2,candidate_3,candidate_1,3,0.03
3171,candidate_2,candidate_3,candidate_1,3,0.03
3172,candidate_2,candidate_3,candidate_1,3,0.03
3173,candidate_2,candidate_3,candidate_1,3,0.03
3174,candidate_2,candidate_3,candidate_1,3,0.03
3175,candidate_2,candidate_3,candidate_1,3,0.03
3176,candidate_2,candidate_3,0,3,0.03
3177,candidate_2,candidate_3,candidate_1,3,0.03
3178,candidate_2,candidate_3,candidate_1,3,0.03
3179,0,candidate_3,candidate_1,3,0.03
3180,candidate_2,candidate_3,candidate_1,3,0.03
3181,candidate_2,0,candidate_1,3,0.03
3182,candidate_2,candidate_3,candidate_1,3,0.03
3183,candidate_2,candidate_3,candidate_1,3,0.03
3184,candidate_2,candidate_3,candidate_1,3,0.03
3185,candidate_2,candidate_3,candidate_1,3,0.03
3186,candidate_2,candidate_3,candidate_1,3,0.03
3187,candidate_2,0,candidate_1,3,0.03
3188,candidate_2,candidate_3,candidate_1,3,0.03
3189,candidate_2,candidate_3,candidate_1,3,0.03
3190,candidate_2,candidate_3,candidate_1,3,0.03
3191,0,candidate_3,candidate_1,3,0.03
3192,candidate_2,candidate_3,0,3,0.03
3193,candidate_2,candidate_3,candidate_1,3,0.03
3194,candidate_2,candidate_3,candidate_1,3,0.03
3195,candidate_2,candidate_3,candidate_1,3,0.03
3196,candidate_2,candidate_3,candidate_1,3,0.03
3197,candidate_2,candidate_3,candidate_1,3,0.03
3198,candidate_2,candidate_3,candidate_1,3,0.03
3199,candidate_2,candidate_3,candidate_1,3,0.03
3200,candidate_2,candidate_3,candidate_1,3,0.03
3201,candidate_2,candidate_3,candidate_1,3,0.03
3202,candidate_2,candidate_3,candidate_1,3,0.03
3203,candidate_2,candidate_3,candidate_1,3,0.03
3204,0,candidate_3,candidate_1,3,0.03
3205,candidate_2,candidate_3,candidate_1,3,0.03
3206,candidate_2,candidate_3,candidate_1,3,0.03
3207,candidate_2,candidate_3,candidate_1,3,0.03
3208,candidate_2,candidate_3,candidate_1,3,0.03
3209,candidate_2,candidate_3,candidate_1,3,0.03
3210,candidate_2,candidate_3,candidate_1,3,0.03
3211,candidate_2,candidate_3,candidate_1,3,0.03
3212,candidate_2,candidate_3,candidate_1,3,0.03
3213,candidate_2,candidate_3,candidate_1,3,0.03
3214,candidate_2,candidate_3,candidate_1,3,0.03
3215,candidate_2,candidate_3,candidate_1,3,0.03
3216,candidate_2,candidate_3,candidate_1,3,0.03
3217,candidate_2,candidate_3,candidate_1,3,0.03
3218,candidate_2,candidate_3,candidate_1,3,0.03
3219,candidate_2,candidate_3,candidate_1,3,0.03
3220,candidate_2,candidate_3,candidate_1,3,0.03
3221,candidate_2,0,candidate_1,3,0.03
3222,candidate_2,candidate_3,candidate_1,3,0.03
3223,candidate_2,candidate_3,candidate_1,3,0.03
3224,candidate_2,candidate_3,candidate_1,3,0.03
3225,candidate_2,candidate_3,candidate_1,3,0.03
3226,candidate_2,candidate_3,candidate_1,3,0.03
3227,candidate_2,candidate_3,candidate_1,3,0.03
3228,candidate_2,candidate_3,candidate_1,3,0.03
3229,candidate_2,candidate_3,candidate_1,3,0.03
3230,candidate_2,candidate_3,candidate_1,3,0.03
3231,candidate_2,candidate_3,candidate_1,3,0.03
3232,candidate_2,candidate_3,candidate_1,3,0.03
3233,candidate_2,candidate_3,candidate_1,3,0.03
3234,candidate_2,candidate_3,candidate_1,3,0.03
3235,candidate_2,candidate_3,candidate_1,3,0.03
3236,candidate_2,candidate_3,candidate_1,3,0.03
3237,candidate_2,candidate_3,candidate_1,3,0.03
3238,candidate_2,candidate_3,candidate_1,3,0.03
3239,candidate_2,candidate_3,candidate_1,3,0.03
3240,candidate_2,candidate_3,0,3,0.03
3241,candidate_2,candidate_3,candidate_1,3,0.03
3242,candidate_2,candidate_3,candidate_1,3,0.03
3243,candidate_2,candidate_3,candidate_1,3,0.03
3244,candidate_2,candidate_3,candidate_1,3,0.03
3245,candidate_2,candidate_3,candidate_1,3,0.03
3246,candidate_2,candidate_3,candidate_1,3,0.03
3247,candidate_2,candidate_3,candidate_1,3,0.03
3248,candidate_2,candidate_3,candidate_1,3,0.03
3249,candidate_2,candidate_3,candidate_1,3,0.03
3250,candidate_2,candidate_3,candidate_1,3,0.03
3251,candidate_2,candidate_3,candidate_1,3,0.03
3252,candidate_2,candidate_3,candidate_1,3,0.03
3253,candidate_2,candidate_3,candidate_1,3,0.03
3254,candidate_2,candidate_3,candidate_1,3,0.03
3255,candidate_2,candidate_3,candidate_1,3,0.03
3256,candidate_2,candidate_3,candidate_1,3,0.03
3257,candidate_2,candidate_3,candidate_1,3,0.03
3258,candidate_2,candidate_3,candidate_1,3,0.03
3259,candidate_2,candidate_3,candidate_1,3,0.03
3260,candidate_2,candidate_3,candidate_1,3,0.03
3261,candidate_2,candidate_3,candidate_1,3,0.03
3262,candidate_2,candidate_3,candidate_1,3,0.03
3263,candidate_2,candidate_3,0,3,0.03
3264,candidate_2,candidate_3,candidate_1,3,0.03
3265,candidate_2,candidate_3,candidate_1,3,0.03
3266,candidate_2,candidate_3,candidate_1,3,0.03
3267,candidate_2,candidate_3,candidate_1,3,0.03
3268,candidate_2,candidate_3,candidate_1,3,0.03
3269,candidate_2,candidate_3,candidate_1,3,0.03
3270,candidate_2,candidate_3,candidate_1,3,0.03
3271,candidate_2,candidate_3,candidate_1,3,0.03
3272,candidate_2,candidate_3,candidate_1,3,0.03
3273,candidate_2,candidate_3,candidate_1,3,0.03
3274,0,candidate_3,candidate_1,3,0.03
3275,candidate_2,candidate_3,candidate_1,3,0.03
3276,candidate_2,candidate_3,candidate_1,3,0.03
3277,candidate_2,candidate_3,candidate_1,3,0.03
3278,candidate_2,candidate_3,candidate_1,3,0.03
3279,candidate_2,candidate_3,candidate_1,3,0.03
3280,candidate_2,candidate_3,candidate_1,3,0.03
3281,candidate_2,candidate_3,candidate_1,3,0.03
3282,candidate_2,candidate_3,candidate_1,3,0.03
3283,candidate_2,candidate_3,candidate_1,3,0.03
3284,candidate_2,candidate_3,candidate_1,3,0.03
3285,0,candidate_3,candidate_1,3,0.03
3286,candidate_2,candidate_3,candidate_1,3,0.03
3287,candidate_2,candidate_3,candidate_1,3,0.03
3288,candidate_2,candidate_3,candidate_1,3,0.03
3289,candidate_2,candidate_3,candidate_1,3,0.03
3290,candidate_2,candidate_3,candidate_1,3,0.03
3291,candidate_2,candidate_3,candidate_1,3,0.03
3292,candidate_2,candidate_3,candidate_1,3,0.03
3293,candidate_2,candidate_3,candidate_1,3,0.03
3294,candidate_2,candidate_3,candidate_1,3,0.03
3295,candidate_2,candidate_3,candidate_1,3,0.03
3296,candidate_2,candidate_3,candidate_1,3,0.03
3297,candidate_2,candidate_3,candidate_1,3,0.03
3298,candidate_2,candidate_3,candidate_1,3,0.03
3299,candidate_2,candidate_3,candidate_1,3,0.03
3300,candidate_2,candidate_3,candidate_1,3,0.03
3301,candidate_2,candidate_3,candidate_1,3,0.03
3302,candidate_2,candidate_3,candidate_1,3,0.03
3303,candidate_2,candidate_3,candidate_1,3,0.03
3304,candidate_2,candidate_3,candidate_1,3,0.03
3305,candidate_2,candidate_3,candidate_1,3,0.03
3306,candidate_2,candidate_3,candidate_1,3,0.03
3307,candidate_2,candidate_3,candidate_1,3,0.03
3308,candidate_2,candidate_3,candidate_1,3,0.03
3309,candidate_2,candidate_3,candidate_1,3,0.03
3310,candidate_2,candidate_3,candidate_1,3,0.03
3311,candidate_2,candidate_3,candidate_1,3,0.03
3312,candidate_2,candidate_3,candidate_1,3,0.03
3313,candidate_2,candidate_3,candidate_1,3,0.03
3314,candidate_2,candidate_3,candidate_1,3,0.03
3315,candidate_2,candidate_3,candidate_1,3,0.03
3316,candidate_2,candidate_3,candidate_1,3,0.03
3317,candidate_2,candidate_3,candidate_1,3,0.03
3318,candidate_2,candidate_3,candidate_1,3,0.03
3319,candidate_2,candidate_3,candidate_1,3,0.03
3320,candidate_2,candidate_3,0,3,0.03
3321,candidate_2,candidate_3,candidate_1,3,0.03
3322,candidate_2,candidate_3,candidate_1,3,0.03
3323,candidate_2,candidate_3,candidate_1,3,0.03
3324,candidate_2,candidate_3,candidate_1,3,0.03
3325,candidate_2,candidate_3,candidate_1,3,0.03
3326,candidate_2,candidate_3,candidate_1,3,0.03
3327,candidate_2,candidate_3,candidate_1,3,0.03
3328,candidate_2,candidate_3,candidate_1,3,0.03
3329,candidate_2,candidate_3,0,3,0.03
3330,candidate_2,candidate_3,candidate_1,3,0.03
3331,candidate_2,candidate_3,candidate_1,3,0.03
3332,candidate_2,candidate_3,candidate_1,3,0.03
3333,candidate_2,candidate_3,candidate_1,3,0.03
3334,candidate_2,candidate_3,candidate_1,3,0.03
3335,candidate_2,candidate_3,candidate_1,3,0.03
3336,candidate_2,candidate_3,candidate_1,3,0.03
3337,candidate_2,candidate_3,candidate_1,3,0.03
3338,0,candidate_3,candidate_1,3,0.03
3339,candidate_2,candidate_3,candidate_1,3,0.03
3340,candidate_2,candidate_3,candidate_1,3,0.03
3341,candidate_2,candidate_3,candidate_1,3,0.03
3342,candidate_2,candidate_3,candidate_1,3,0.03
3343,candidate_2,candidate_3,candidate_1,3,0.03
3344,candidate_2,candidate_3,candidate_1,3,0.03
3345,candidate_2,candidate_3,candidate_1,3,0.03
3346,candidate_2,candidate_3,candidate_1,3,0.03
3347,candidate_2,candidate_3,candidate_1,3,0.03
3348,candidate_2,candidate_3,candidate_1,3,0.03
3349,candidate_2,candidate_3,candidate_1,3,0.03
3350,candidate_2,candidate_3,candidate_1,3,0.03
3351,0,0,candidate_1,3,0.03
3352,candidate_2,candidate_3,candidate_1,3,0.03
3353,candidate_2,candidate_3,candidate_1,3,0.03
3354,candidate_2,candidate_3,candidate_1,3,0.03
3355,candidate_2,candidate_3,candidate_1,3,0.03
3356,candidate_2,candidate_3,candidate_1,3,0.03
3357,candidate_2,candidate_3,candidate_1,3,0.03
3358,candidate_2,candidate_3,candidate_1,3,0.03
3359,candidate_2,candidate_3,candidate_1,3,0.03
3360,candidate_2,candidate_3,candidate_1,3,0.03
3361,candidate_2,candidate_3,candidate_1,3,0.03
3362,candidate_2,candidate_3,candidate_1,3,0.03
3363,candidate_2,candidate_3,candidate_1,3,0.03
3364,candidate_2,candidate_3,candidate_1,3,0.03
3365,candidate_2,candidate_3,candidate_1,3,0.03
3366,candidate_2,candidate_3,candidate_1,3,0.03
3367,candidate_2,candidate_3,candidate_1,3,0.03
3368,candidate_2,candidate_3,candidate_1,3,0.03
3369,candidate_2,candidate_3,candidate_1,3,0.03
3370,candidate_2,candidate_3,candidate_1,3,0.03
3371,candidate_2,candidate_3,candidate_1,3,0.03
3372,candidate_2,candidate_3,candidate_1,3,0.03
3373,candidate_2,candidate_3,candidate_1,3,0.03
3374,candidate_2,candidate_3,candidate_1,3,0.03
3375,candidate_2,candidate_3,candidate_1,3,0.03
3376,candidate_2,candidate_3,candidate_1,3,0.03
3377,candidate_2,candidate_3,candidate_1,3,0.03
3378,candidate_2,candidate_3,candidate_1,3,0.03
3379,candidate_2,candidate_3,candidate_1,3,0.03
3380,candidate_2,candidate_3,candidate_1,3,0.03
3381,candidate_2,candidate_3,candidate_1,3,0.03
3382,candidate_2,candidate_3,candidate_1,3,0.03
3383,candidate_2,candidate_3,candidate_1,3,0.03
3384,candidate_2,candidate_3,candidate_1,3,0.03
3385,candidate_2,candidate_3,candidate_1,3,0.03
3386,candidate_2,candidate_3,candidate_1,3,0.03
3387,candidate_2,candidate_3,candidate_1,3,0.03
3388,candidate_2,candidate_3,candidate_1,3,0.03
3389,candidate_2,candidate_3,candidate_1,3,0.03
3390,candidate_2,candidate_3,candidate_1,3,0.03
3391,candidate_2,candidate_3,candidate_1,3,0.03
3392,candidate_2,candidate_3,candidate_1,3,0.03
3393,candidate_2,candidate_3,candidate_1,3,0.03
3394,candidate_2,candidate_3,candidate_1,3,0.03
3395,candidate_2,candidate_3,candidate_1,3,0.03
3396,candidate_2,candidate_3,candidate_1,3,0.03
3397,candidate_2,candidate_3,candidate_1,3,0.03
3398,candidate_2,0,candidate_1,3,0.03
3399,candidate_2,candidate_3,candidate_1,3,0.03
3400,candidate_2,candidate_3,candidate_1,3,0.03
3401,candidate_2,candidate_3,candidate_1,3,0.03
3402,candidate_2,candidate_3,candidate_1,3,0.03
3403,candidate_2,candidate_3,candidate_1,3,0.03
3404,0,candidate_3,candidate_1,3,0.03
3405,candidate_2,candidate_3,candidate_1,3,0.03
3406,candidate_2,candidate_3,candidate_1,3,0.03
3407,candidate_2,0,candidate_1,3,0.03
3408,candidate_2,candidate_3,candidate_1,3,0.03
3409,candidate_2,0,candidate_1,3,0.03
3410,candidate_2,candidate_3,candidate_1,3,0.03
3411,candidate_2,candidate_3,candidate_1,3,0.03
3412,candidate_2,candidate_3,candidate_1,3,0.03
3413,candidate_2,candidate_3,candidate_1,3,0.03
3414,candidate_2,candidate_3,candidate_1,3,0.03
3415,candidate_2,candidate_3,candidate_1,3,0.03
3416,candidate_2,candidate_3,candidate_1,3,0.03
3417,candidate_2,candidate_3,candidate_1,3,0.03
3418,candidate_2,candidate_3,candidate_1,3,0.03
3419,candidate_2,candidate_3,candidate_1,3,0.03
3420,candidate_2,candidate_3,candidate_1,3,0.03
3421,candidate_2,candidate_3,candidate_1,3,0.03
3422,candidate_2,candidate_3,candidate_1,3,0.03
3423,candidate_2,candidate_3,candidate_1,3,0.03
3424,candidate_2,candidate_3,candidate_1,3,0.03
3425,candidate_2,candidate_3,candidate_1,3,0.03
3426,candidate_2,candidate_3,candidate_1,3,0.03
3427,candidate_2,candidate_3,candidate_1,3,0.03
3428,candidate_2,candidate_3,candidate_1,3,0.03
3429,candidate_2,candidate_3,candidate_1,3,0.03
3430,candidate_2,candidate_3,candidate_1,3,0.03
3431,candidate_2,candidate_3,candidate_1,3,0.03
3432,candidate_2,candidate_3,candidate_1,3,0.03
3433,candidate_2,candidate_3,candidate_1,3,0.03
3434,candidate_2,candidate_3,candidate_1,3,0.03
3435,candidate_2,candidate_3,0,3,0.03
3436,candidate_2,candidate_3,candidate_1,3,0.03
3437,candidate_2,candidate_3,candidate_1,3,0.03
3438,candidate_2,candidate_3,candidate_1,3,0.03
3439,candidate_2,candidate_3,candidate_1,3,0.03
3440,candidate_2,candidate_3,candidate_1,3,0.03
3441,candidate_2,candidate_3,candidate_1,3,0.03
3442,candidate_2,candidate_3,candidate_1,3,0.03
3443,candidate_2,candidate_3,candidate_1,3,0.03
3444,candidate_2,candidate_3,candidate_1,3,0.03
3445,candidate_2,0,candidate_1,3,0.03
3446,candidate_2,candidate_3,candidate_1,3,0.03
3447,candidate_2,candidate_3,candidate_1,3,0.03
3448,candidate_2,candidate_3,candidate_1,3,0.03
3449,candidate_2,candidate_3,candidate_1,3,0.03
3450,candidate_2,candidate_3,candidate_1,3,0.03
3451,candidate_2,candidate_3,candidate_1,3,0.03
3452,candidate_2,candidate_3,candidate_1,3,0.03
3453,candidate_2,0,candidate_1,3,0.03
3454,candidate_2,candidate_3,candidate_1,3,0.03
3455,candidate_2,candidate_3,candidate_1,3,0.03
3456,candidate_2,candidate_3,candidate_1,3,0.03
3457,candidate_2,candidate_3,candidate_1,3,0.03
3458,candidate_2,0,candidate_1,3,0.03
3459,candidate_2,candidate_3,candidate_1,3,0.03
3460,candidate_2,candidate_3,candidate_1,3,0.03
3461,candidate_2,candidate_3,candidate_1,3,0.03
3462,candidate_2,candidate_3,candidate_1,3,0.03
3463,candidate_2,candidate_3,candidate_1,3,0.03
3464,candidate_2,candidate_3,candidate_1,3,0.03
3465,candidate_2,candidate_3,candidate_1,3,0.03
3466,candidate_2,candidate_3,candidate_1,3,0.03
3467,candidate_2,candidate_3,candidate_1,3,0.03
3468,candidate_2,candidate_3,candidate_1,3,0.03
3469,candidate_2,candidate_3,candidate_1,3,0.03
3470,candidate_2,candidate_3,candidate_1,3,0.03
3471,candidate_2,candidate_3,candidate_1,3,0.03
3472,candidate_2,candidate_3,candidate_1,3,0.03
3473,candidate_2,candidate_3,candidate_1,3,0.03
3474,candidate_2,candidate_3,candidate_1,3,0.03
3475,candidate_2,candidate_3,candidate_1,3,0.03
3476,candidate_2,candidate_3,candidate_1,3,0.03
3477,candidate_2,candidate_3,candidate_1,3,0.03
3478,candidate_2,candidate_3,candidate_1,3,0.03
3479,candidate_2,candidate_3,candidate_1,3,0.03
3480,candidate_2,candidate_3,candidate_1,3,0.03
3481,candidate_2,candidate_3,candidate_1,3,0.03
3482,candidate_2,candidate_3,candidate_1,3,0.03
3483,candidate_2,candidate_3,candidate_1,3,0.03
3484,candidate_2,candidate_3,candidate_1,3,0.03
3485,candidate_2,candidate_3,candidate_1,3,0.03
3486,candidate_2,candidate_3,candidate_1,3,0.03
3487,candidate_2,candidate_3,candidate_1,3,0.03
3488,candidate_2,candidate_3,candidate_1,3,0.03
3489,candidate_2,candidate_3,candidate_1,3,0.03
3490,candidate_2,candidate_3,candidate_1,3,0.03
3491,candidate_2,candidate_3,candidate_1,3,0.03
3492,candidate_2,candidate_3,candidate_1,3,0.03
3493,candidate_2,candidate_3,candidate_1,3,0.03
3494,candidate_2,candidate_3,candidate_1,3,0.03
3495,candidate_2,candidate_3,candidate_1,3,0.03
3496,candidate_2,candidate_3,candidate_1,3,0.03
3497,candidate_2,candidate_3,candidate_1,3,0.03
3498,candidate_2,candidate_3,candidate_1,3,0.03
3499,candidate_2,candidate_3,candidate_1,3,0.03
3500,candidate_2,candidate_3,candidate_1,3,0.03
3501,candidate_2,candidate_3,candidate_1,3,0.03
3502,candidate_2,candidate_3,candidate_1,3,0.03
3503,candidate_2,candidate_3,candidate_1,3,0.03
3504,candidate_2,candidate_3,candidate_1,3,0.03
3505,candidate_2,candidate_3,candidate_1,3,0.03
3506,candidate_2,candidate_3,candidate_1,3,0.03
3507,candidate_2,candidate_3,candidate_1,3,0.03
3508,candidate_2,candidate_3,candidate_1,3,0.03
3509,candidate_2,candidate_3,candidate_1,3,0.03
3510,candidate_2,candidate_3,candidate_1,3,0.03
3511,candidate_2,candidate_3,candidate_1,3,0.03
3512,candidate_2,candidate_3,candidate_1,3,0.03
3513,candidate_2,candidate_3,candidate_1,3,0.03
3514,candidate_2,candidate_3,0,3,0.03
3515,candidate_2,candidate_3,candidate_1,3,0.03
3516,candidate_2,candidate_3,candidate_1,3,0.03
3517,candidate_2,candidate_3,candidate_1,3,0.03
3518,candidate_2,candidate_3,candidate_1,3,0.03
3519,candidate_2,candidate_3,candidate_1,3,0.03
3520,candidate_2,candidate_3,candidate_1,3,0.03
3521,candidate_2,candidate_3,candidate_1,3,0.03
3522,candidate_2,candidate_3,candidate_1,3,0.03
3523,candidate_2,candidate_3,candidate_1,3,0.03
3524,candidate_2,candidate_3,candidate_1,3,0.03
3525,candidate_2,candidate_3,candidate_1,3,0.03
3526,candidate_2,candidate_3,candidate_1,3,0.03
3527,candidate_2,candidate_3,candidate_1,3,0.03
3528,candidate_2,candidate_3,candidate_1,3,0.03
3529,candidate_2,candidate_3,0,3,0.03
3530,candidate_2,candidate_3,candidate_1,3,0.03
3531,candidate_2,candidate_3,candidate_1,3,0.03
3532,candidate_2,candidate_3,candidate_1,3,0.03
3533,candidate_2,candidate_3,candidate_1,3,0.03
3534,candidate_2,candidate_3,candidate_1,3,0.03
3535,candidate_2,candidate_3,candidate_1,3,0.03
3536,candidate_2,candidate_3,candidate_1,3,0.03
3537,candidate_2,candidate_3,candidate_1,3,0.03
3538,candidate_2,candidate_3,candidate_1,3,0.03
3539,candidate_2,candidate_3,candidate_1,3,0.03
3540,candidate_2,candidate_3,candidate_1,3,0.03
3541,0,candidate_3,candidate_1,3,0.03
3542,candidate_2,candidate_3,candidate_1,3,0.03
3543,candidate_2,candidate_3,candidate_1,3,0.03
3544,candidate_2,candidate_3,candidate_1,3,0.03
3545,candidate_2,candidate_3,candidate_1,3,0.03
3546,candidate_2,candidate_3,candidate_1,3,0.03
3547,candidate_2,candidate_3,candidate_1,3,0.03
3548,candidate_2,candidate_3,candidate_1,3,0.03
3549,candidate_2,candidate_3,candidate_1,3,0.03
3550,0,candidate_3,candidate_1,3,0.03
3551,candidate_2,candidate_3,candidate_1,3,0.03
3552,candidate_2,candidate_3,candidate_1,3,0.03
3553,candidate_2,candidate_3,candidate_1,3,0.03
3554,candidate_2,candidate_3,candidate_1,3,0.03
3555,candidate_2,candidate_3,candidate_1,3,0.03
3556,candidate_2,candidate_3,candidate_1,3,0.03
3557,candidate_2,candidate_3,candidate_1,3,0.03
3558,candidate_2,candidate_3,candidate_1,3,0.03
3559,candidate_2,candidate_3,candidate_1,3,0.03
3560,candidate_2,0,candidate_1,3,0.03
3561,candidate_2,candidate_3,candidate_1,3,0.03
3562,candidate_2,candidate_3,candidate_1,3,0.03
3563,candidate_2,candidate_3,candidate_1,3,0.03
3564,candidate_2,candidate_3,candidate_1,3,0.03
3565,candidate_2,candidate_3,candidate_1,3,0.03
3566,candidate_2,candidate_3,candidate_1,3,0.03
3567,candidate_2,candidate_3,candidate_1,3,0.03
3568,candidate_2,candidate_3,candidate_1,3,0.03
3569,candidate_2,candidate_3,0,3,0.03
3570,candidate_2,candidate_3,candidate_1,3,0.03
3571,candidate_2,candidate_3,candidate_1,3,0.03
3572,candidate_2,candidate_3,candidate_1,3,0.03
3573,candidate_2,candidate_3,candidate_1,3,0.03
3574,candidate_2,candidate_3,candidate_1,3,0.03
3575,candidate_2,candidate_3,candidate_1,3,0.03
3576,candidate_2,candidate_3,0,3,0.03
3577,candidate_2,candidate_3,candidate_1,3,0.03
3578,candidate_2,candidate_3,candidate_1,3,0.03
3579,candidate_2,candidate_3,candidate_1,3,0.03
3580,candidate_2,candidate_3,candidate_1,3,0.03
3581,candidate_2,candidate_3,candidate_1,3,0.03
3582,candidate_2,candidate_3,candidate_1,3,0.03
3583,candidate_2,0,candidate_1,3,0.03
3584,candidate_2,candidate_3,candidate_1,3,0.03
3585,candidate_2,0,candidate_1,3,0.03
3586,candidate_2,candidate_3,candidate_1,3,0.03
3587,candidate_2,candidate_3,candidate_1,3,0.03
3588,candidate_2,candidate_3,candidate_1,3,0.03
3589,candidate_2,candidate_3,candidate_1,3,0.03
3590,candidate_2,0,candidate_1,3,0.03
3591,candidate_2,candidate_3,candidate_1,3,0.03
3592,candidate_2,candidate_3,candidate_1,3,0.03
3593,candidate_2,candidate_3,candidate_1,3,0.03
3594,candidate_2,candidate_3,candidate_1,3,0.03
3595,candidate_2,candidate_3,candidate_1,3,0.03
3596,candidate_2,candidate_3,candidate_1,3,0.03
3597,candidate_2,candidate_3,candidate_1,3,0.03
3598,candidate_2,candidate_3,candidate_1,3,0.03
3599,candidate_2,candidate_3,candidate_1,3,0.03
3600,candidate_2,candidate_3,candidate_1,3,0.03
3601,candidate_2,candidate_3,candidate_1,3,0.03
3602,candidate_2,candidate_3,candidate_1,3,0.03
3603,candidate_2,candidate_3,candidate_1,3,0.03
3604,candidate_2,candidate_3,candidate_1,3,0.03
3605,candidate_2,candidate_3,candidate_1,3,0.03
3606,candidate_2,candidate_3,candidate_1,3,0.03
3607,candidate_2,candidate_3,candidate_1,3,0.03
3608,0,candidate_3,candidate_1,3,0.03
3609,candidate_2,candidate_3,candidate_1,3,0.03
3610,candidate_2,candidate_3,candidate_1,3,0.03
3611,candidate_2,candidate_3,candidate_1,3,0.03
3612,candidate_2,candidate_3,candidate_1,3,0.03
3613,candidate_2,candidate_3,candidate_1,3,0.03
3614,candidate_2,candidate_3,candidate_1,3,0.03
3615,candidate_2,candidate_3,candidate_1,3,0.03
3616,candidate_2,candidate_3,candidate_1,3,0.03
3617,candidate_2,candidate_3,candidate_1,3,0.03
3618,candidate_2,0,candidate_1,3,0.03
3619,candidate_2,candidate_3,candidate_1,3,0.03
3620,candidate_2,candidate_3,candidate_1,3,0.03
3621,candidate_2,candidate_3,candidate_1,3,0.03
3622,candidate_2,candidate_3,candidate_1,3,0.03
3623,candidate_2,candidate_3,candidate_1,3,0.03
3624,candidate_2,candidate_3,candidate_1,3,0.03
3625,candidate_2,candidate_3,candidate_1,3,0.03
3626,candidate_2,candidate_3,candidate_1,3,0.03
3627,candidate_2,candidate_3,candidate_1,3,0.03
3628,candidate_2,candidate_3,0,3,0.03
3629,candidate_2,candidate_3,candidate_1,3,0.03
3630,candidate_2,candidate_3,candidate_1,3,0.03
3631,candidate_2,candidate_3,candidate_1,3,0.03
3632,candidate_2,candidate_3,candidate_1,3,0.03
3633,candidate_2,candidate_3,candidate_1,3,0.03
3634,candidate_2,candidate_3,candidate_1,3,0.03
3635,candidate_2,candidate_3,candidate_1,3,0.03
3636,candidate_2,candidate_3,candidate_1,3,0.03
3637,candidate_2,candidate_3,candidate_1,3,0.03
3638,candidate_2,candidate_3,candidate_1,3,0.03
3639,candidate_2,candidate_3,candidate_1,3,0.03
3640,candidate_2,candidate_3,candidate_1,3,0.03
3641,candidate_2,candidate_3,candidate_1,3,0.03
3642,candidate_2,candidate_3,candidate_1,3,0.03
3643,candidate_2,candidate_3,candidate_1,3,0.03
3644,candidate_2,candidate_3,candidate_1,3,0.03
3645,candidate_2,candidate_3,candidate_1,3,0.03
3646,candidate_2,candidate_3,candidate_1,3,0.03
3647,candidate_2,candidate_3,candidate_1,3,0.03
3648,candidate_2,candidate_3,candidate_1,3,0.03
3649,candidate_2,candidate_3,candidate_1,3,0.03
3650,candidate_2,candidate_3,candidate_1,3,0.03
3651,candidate_2,candidate_3,candidate_1,3,0.03
3652,candidate_2,candidate_3,candidate_1,3,0.03
3653,candidate_2,candidate_3,candidate_1,3,0.03
3654,candidate_2,candidate_3,candidate_1,3,0.03
3655,candidate_2,candidate_3,candidate_1,3,0.03
3656,candidate_2,0,candidate_1,3,0.03
3657,candidate_2,candidate_3,candidate_1,3,0.03
3658,candidate_2,candidate_3,candidate_1,3,0.03
3659,candidate_2,candidate_3,candidate_1,3,0.03
3660,candidate_2,candidate_3,candidate_1,3,0.03
3661,candidate_2,candidate_3,candidate_1,3,0.03
3662,candidate_2,candidate_3,candidate_1,3,0.03
3663,candidate_2,candidate_3,candidate_1,3,0.03
3664,candidate_2,0,candidate_1,3,0.03
3665,candidate_2,candidate_3,candidate_1,3,0.03
3666,candidate_2,candidate_3,candidate_1,3,0.03
3667,candidate_2,candidate_3,candidate_1,3,0.03
3668,candidate_2,candidate_3,0,3,0.03
3669,candidate_2,candidate_3,candidate_1,3,0.03
3670,candidate_2,candidate_3,candidate_1,3,0.03
3671,candidate_2,candidate_3,candidate_1,3,0.03
3672,0,candidate_3,candidate_1,3,0.03
3673,candidate_2,candidate_3,candidate_1,3,0.03
3674,candidate_2,candidate_3,candidate_1,3,0.03
3675,candidate_2,candidate_3,candidate_1,3,0.03
3676,candidate_2,candidate_3,candidate_1,3,0.03
3677,candidate_2,candidate_3,candidate_1,3,0.03
3678,candidate_2,0,candidate_1,3,0.03
3679,candidate_2,candidate_3,candidate_1,3,0.03
3680,candidate_2,candidate_3,candidate_1,3,0.03
3681,candidate_2,candidate_3,candidate_1,3,0.03
3682,candidate_2,candidate_3,candidate_1,3,0.03
3683,candidate_2,candidate_3,candidate_1,3,0.03
3684,candidate_2,candidate_3,candidate_1,3,0.03
3685,candidate_2,candidate_3,candidate_1,3,0.03
3686,candidate_2,candidate_3,candidate_1,3,0.03
3687,candidate_2,candidate_3,candidate_1,3,0.03
3688,candidate_2,candidate_3,candidate_1,3,0.03
3689,candidate_2,candidate_3,candidate_1,3,0.03
3690,candidate_2,candidate_3,candidate_1,3,0.03
3691,candidate_2,candidate_3,candidate_1,3,0.03
3692,candidate_2,candidate_3,candidate_1,3,0.03
3693,candidate_2,candidate_3,candidate_1,3,0.03
3694,candidate_2,candidate_3,candidate_1,3,0.03
3695,candidate_2,candidate_3,candidate_1,3,0.03
3696,candidate_2,candidate_3,candidate_1,3,0.03
3697,candidate_2,candidate_3,candidate_1,3,0.03
3698,candidate_2,candidate_3,candidate_1,3,0.03
3699,candidate_2,candidate_3,candidate_1,3,0.03
3700,candidate_2,candidate_3,candidate_1,3,0.03
3701,candidate_2,candidate_3,candidate_1,3,0.03
3702,0,candidate_3,candidate_1,3,0.03
3703,candidate_2,candidate_3,candidate_1,3,0.03
3704,candidate_2,candidate_3,0,3,0.03
3705,candidate_2,candidate_3,candidate_1,3,0.03
3706,candidate_2,candidate_3,candidate_1,3,0.03
3707,candidate_2,candidate_3,candidate_1,3,0.03
3708,candidate_2,candidate_3,candidate_1,3,0.03
3709,0,candidate_3,candidate_1,3,0.03
3710,candidate_2,candidate_3,candidate_1,3,0.03
3711,candidate_2,candidate_3,candidate_1,3,0.03
3712,candidate_2,candidate_3,candidate_1,3,0.03
3713,candidate_2,candidate_3,candidate_1,3,0.03
3714,candidate_2,candidate_3,0,3,0.03
3715,candidate_2,candidate_3,candidate_1,3,0.03
3716,candidate_2,candidate_3,candidate_1,3,0.03
3717,candidate_2,candidate_3,candidate_1,3,0.03
3718,candidate_2,candidate_3,0,3,0.03
3719,candidate_2,candidate_3,candidate_1,3,0.03
3720,candidate_2,candidate_3,candidate_1,3,0.03
3721,candidate_2,candidate_3,0,3,0.03
3722,candidate_2,candidate_3,candidate_1,3,0.03
3723,candidate_2,candidate_3,candidate_1,3,0.03
3724,candidate_2,candidate_3,candidate_1,3,0.03
3725,candidate_2,candidate_3,candidate_1,3,0.03
3726,candidate_2,candidate_3,candidate_1,3,0.03
3727,candidate_2,candidate_3,candidate_1,3,0.03
3728,candidate_2,candidate_3,candidate_1,3,0.03
3729,candidate_2,candidate_3,candidate_1,3,0.03
3730,candidate_2,candidate_3,candidate_1,3,0.03
3731,candidate_2,candidate_3,candidate_1,3,0.03
3732,candidate_2,candidate_3,candidate_1,3,0.03
3733,candidate_2,candidate_3,candidate_1,3,0.03
3734,candidate_2,candidate_3,candidate_1,3,0.03
3735,candidate_2,candidate_3,candidate_1,3,0.03
3736,candidate_2,candidate_3,candidate_1,3,0.03
3737,candidate_2,candidate_3,candidate_1,3,0.03
3738,candidate_2,candidate_3,candidate_1,3,0.03
3739,candidate_2,candidate_3,candidate_1,3,0.03
3740,candidate_2,candidate_3,candidate_1,3,0.03
3741,candidate_2,candidate_3,candidate_1,3,0.03
3742,candidate_2,candidate_3,0,3,0.03
3743,candidate_2,candidate_3,candidate_1,3,0.03
3744,candidate_2,candidate_3,candidate_1,3,0.03
3745,candidate_2,candidate_3,candidate_1,3,0.03
3746,candidate_2,candidate_3,candidate_1,3,0.03
3747,candidate_2,candidate_3,candidate_1,3,0.03
3748,candidate_2,0,candidate_1,3,0.03
3749,candidate_2,candidate_3,candidate_1,3,0.03
3750,candidate_2,candidate_3,candidate_1,3,0.03
3751,candidate_2,candidate_3,candidate_1,3,0.03
3752,candidate_2,candidate_3,candidate_1,3,0.03
3753,candidate_2,candidate_3,candidate_1,3,0.03
3754,candidate_2,candidate_3,candidate_1,3,0.03
3755,candidate_2,candidate_3,candidate_1,3,0.03
3756,0,candidate_3,candidate_1,3,0.03
3757,candidate_2,candidate_3,candidate_1,3,0.03
3758,0,candidate_3,candidate_1,3,0.03
3759,candidate_2,candidate_3,candidate_1,3,0.03
3760,candidate_2,candidate_3,candidate_1,3,0.03
3761,candidate_2,candidate_3,candidate_1,3,0.03
3762,candidate_2,candidate_3,candidate_1,3,0.03
3763,candidate_2,candidate_3,candidate_1,3,0.03
3764,candidate_2,candidate_3,candidate_1,3,0.03
3765,candidate_2,candidate_3,candidate_1,3,0.03
3766,candidate_2,candidate_3,candidate_1,3,0.03
3767,candidate_2,candidate_3,candidate_1,3,0.03
3768,candidate_2,candidate_3,candidate_1,3,0.03
3769,candidate_2,candidate_3,candidate_1,3,0.03
3770,candidate_2,candidate_3,candidate_1,3,0.03
3771,candidate_2,candidate_3,candidate_1,3,0.03
3772,candidate_2,candidate_3,candidate_1,3,0.03
3773,candidate_2,candidate_3,candidate_1,3,0.03
3774,candidate_2,candidate_3,candidate_1,3,0.03
3775,candidate_2,candidate_3,candidate_1,3,0.03
3776,candidate_2,candidate_3,candidate_1,3,0.03
3777,candidate_2,candidate_3,candidate_1,3,0.03
3778,candidate_2,candidate_3,candidate_1,3,0.03
3779,candidate_2,candidate_3,candidate_1,3,0.03
3780,candidate_2,candidate_3,candidate_1,3,0.03
3781,candidate_2,candidate_3,candidate_1,3,0.03
3782,candidate_2,candidate_3,candidate_1,3,0.03
3783,candidate_2,candidate_3,candidate_1,3,0.03
3784,candidate_2,candidate_3,candidate_1,3,0.03
3785,candidate_2,candidate_3,candidate_1,3,0.03
3786,candidate_2,candidate_3,candidate_1,3,0.03
3787,candidate_2,candidate_3,candidate_1,3,0.03
3788,candidate_2,candidate_3,candidate_1,3,0.03
3789,candidate_2,0,candidate_1,3,0.03
3790,candidate_2,candidate_3,candidate_1,3,0.03
3791,candidate_2,candidate_3,candidate_1,3,0.03
3792,candidate_2,candidate_3,candidate_1,3,0.03
3793,candidate_2,candidate_3,candidate_1,3,0.03
3794,candidate_2,candidate_3,candidate_1,3,0.03
3795,candidate_2,candidate_3,candidate_1,3,0.03
3796,candidate_2,candidate_3,candidate_1,3,0.03
3797,candidate_2,candidate_3,candidate_1,3,0.03
3798,candidate_2,candidate_3,candidate_1,3,0.03
3799,candidate_2,candidate_3,candidate_1,3,0.03
3800,candidate_2,candidate_3,candidate_1,3,0.03
3801,candidate_2,candidate_3,candidate_1,3,0.03
3802,candidate_2,candidate_3,candidate_1,3,0.03
3803,candidate_2,candidate_3,candidate_1,3,0.03
3804,candidate_2,candidate_3,candidate_1,3,0.03
3805,candidate_2,candidate_3,candidate_1,3,0.03
3806,candidate_2,candidate_3,candidate_1,3,0.03
3807,candidate_2,candidate_3,candidate_1,3,0.03
3808,candidate_2,candidate_3,candidate_1,3,0.03
3809,candidate_2,candidate_3,candidate_1,3,0.03
3810,candidate_2,candidate_3,candidate_1,3,0.03
3811,candidate_2,candidate_3,candidate_1,3,0.03
3812,candidate_2,candidate_3,candidate_1,3,0.03
3813,candidate_2,candidate_3,candidate_1,3,0.03
3814,candidate_2,candidate_3,candidate_1,3,0.03
3815,candidate_2,candidate_3,candidate_1,3,0.03
3816,candidate_2,candidate_3,candidate_1,3,0.03
3817,candidate_2,candidate_3,candidate_1,3,0.03
3818,candidate_2,candidate_3,candidate_1,3,0.03
3819,candidate_2,candidate_3,candidate_1,3,0.03
3820,candidate_2,candidate_3,candidate_1,3,0.03
3821,candidate_2,candidate_3,candidate_1,3,0.03
3822,candidate_2,candidate_3,candidate_1,3,0.03
3823,candidate_2,candidate_3,candidate_1,3,0.03
3824,candidate_2,candidate_3,candidate_1,3,0.03
3825,candidate_2,candidate_3,candidate_1,3,0.03
3826,candidate_2,candidate_3,candidate_1,3,0.03
3827,candidate_2,candidate_3,candidate_1,3,0.03
3828,candidate_2,candidate_3,candidate_1,3,0.03
3829,candidate_2,candidate_3,candidate_1,3,0.03
3830,candidate_2,candidate_3,candidate_1,3,0.03
3831,candidate_2,candidate_3,candidate_1,3,0.03
3832,candidate_2,candidate_3,candidate_1,3,0.03
3833,candidate_2,candidate_3,candidate_1,3,0.03
3834,candidate_2,candidate_3,candidate_1,3,0.03
3835,candidate_2,candidate_3,candidate_1,3,0.03
3836,candidate_2,candidate_3,candidate_1,3,0.03
3837,candidate_2,candidate_3,candidate_1,3,0.03
3838,candidate_2,candidate_3,candidate_1,3,0.03
3839,candidate_2,candidate_3,candidate_1,3,0.03
3840,candidate_2,candidate_3,candidate_1,3,0.03
3841,candidate_2,candidate_3,candidate_1,3,0.03
3842,candidate_2,candidate_3,candidate_1,3,0.03
3843,candidate_2,candidate_3,candidate_1,3,0.03
3844,candidate_2,candidate_3,candidate_1,3,0.03
3845,0,candidate_3,candidate_1,3,0.03
3846,candidate_2,candidate_3,candidate_1,3,0.03
3847,candidate_2,candidate_3,candidate_1,3,0.03
3848,candidate_2,candidate_3,candidate_1,3,0.03
3849,candidate_2,candidate_3,candidate_1,3,0.03
3850,candidate_2,candidate_3,candidate_1,3,0.03
3851,candidate_2,candidate_3,candidate_1,3,0.03
3852,candidate_2,candidate_3,candidate_1,3,0.03
3853,candidate_2,candidate_3,candidate_1,3,0.03
3854,candidate_2,candidate_3,candidate_1,3,0.03
3855,candidate_2,candidate_3,candidate_1,3,0.03
3856,candidate_2,candidate_3,candidate_1,3,0.03
3857,candidate_2,candidate_3,candidate_1,3,0.03
3858,candidate_2,candidate_3,candidate_1,3,0.03
3859,candidate_2,candidate_3,candidate_1,3,0.03
3860,candidate_2,candidate_3,candidate_1,3,0.03
3861,candidate_2,candidate_3,candidate_1,3,0.03
3862,candidate_2,candidate_3,candidate_1,3,0.03
3863,candidate_2,candidate_3,candidate_1,3,0.03
3864,candidate_2,candidate_3,candidate_1,3,0.03
3865,candidate_2,candidate_3,candidate_1,3,0.03
3866,candidate_2,candidate_3,candidate_1,3,0.03
3867,candidate_2,candidate_3,candidate_1,3,0.03
3868,candidate_2,candidate_3,candidate_1,3,0.03
3869,candidate_2,candidate_3,candidate_1,3,0.03
3870,candidate_2,candidate_3,candidate_1,3,0.03
3871,0,candidate_3,candidate_1,3,0.03
3872,candidate_2,0,candidate_1,3,0.03
3873,candidate_2,candidate_3,candidate_1,3,0.03
3874,candidate_2,candidate_3,candidate_1,3,0.03
3875,candidate_2,candidate_3,candidate_1,3,0.03
3876,candidate_2,candidate_3,candidate_1,3,0.03
3877,candidate_2,candidate_3,candidate_1,3,0.03
3878,candidate_2,candidate_3,candidate_1,3,0.03
3879,candidate_2,candidate_3,candidate_1,3,0.03
3880,candidate_2,candidate_3,candidate_1,3,0.03
3881,candidate_2,candidate_3,candidate_1,3,0.03
3882,candidate_2,candidate_3,candidate_1,3,0.03
3883,candidate_2,candidate_3,candidate_1,3,0.03
3884,0,candidate_3,candidate_1,3,0.03
3885,candidate_2,candidate_3,candidate_1,3,0.03
3886,candidate_2,candidate_3,candidate_1,3,0.03
3887,candidate_2,candidate_3,candidate_1,3,0.03
3888,candidate_2,candidate_3,candidate_1,3,0.03
3889,candidate_2,candidate_3,candidate_1,3,0.03
3890,candidate_2,candidate_3,candidate_1,3,0.03
3891,candidate_2,candidate_3,candidate_1,3,0.03
3892,candidate_2,candidate_3,candidate_1,3,0.03
3893,candidate_2,candidate_3,candidate_1,3,0.03
3894,candidate_2,candidate_3,candidate_1,3,0.03
3895,candidate_2,candidate_3,candidate_1,3,0.03
3896,candidate_2,candidate_3,candidate_1,3,0.03
3897,candidate_2,candidate_3,candidate_1,3,0.03
3898,candidate_2,candidate_3,candidate_1,3,0.03
3899,candidate_2,candidate_3,candidate_1,3,0.03
3900,candidate_2,candidate_3,candidate_1,3,0.03
3901,candidate_2,candidate_3,candidate_1,3,0.03
3902,candidate_2,candidate_3,candidate_1,3,0.03
3903,candidate_2,candidate_3,candidate_1,3,0.03
3904,candidate_2,candidate_3,candidate_1,3,0.03
3905,candidate_2,candidate_3,candidate_1,3,0.03
3906,candidate_2,candidate_3,candidate_1,3,0.03
3907,candidate_2,candidate_3,candidate_1,3,0.03
3908,candidate_2,candidate_3,candidate_1,3,0.03
3909,candidate_2,candidate_3,candidate_1,3,0.03
3910,candidate_2,candidate_3,candidate_1,3,0.03
3911,candidate_2,candidate_3,candidate_1,3,0.03
0,candidate_3,candidate_1,candidate_2,3,0.03
1,candidate_3,candidate_1,candidate_2,3,0.03
2,candidate_3,candidate_1,candidate_2,3,0.03
3,candidate_3,candidate_1,candidate_2,3,0.03
4,candidate_3,candidate_1,candidate_2,3,0.03
5,candidate_3,candidate_1,candidate_2,3,0.03
6,candidate_3,candidate_1,candidate_2,3,0.03
7,candidate_3,candidate_1,candidate_2,3,0.03
8,candidate_3,candidate_1,candidate_2,3,0.03
9,candidate_3,candidate_1,candidate_2,3,0.03
10,candidate_3,candidate_1,candidate_2,3,0.03
11,candidate_3,candidate_1,candidate_2,3,0.03
12,candidate_3,candidate_1,candidate_2,3,0.03
13,candidate_3,candidate_1,candidate_2,3,0.03
14,candidate_3,candidate_1,candidate_2,3,0.03
15,candidate_3,candidate_1,candidate_2,3,0.03
16,candidate_3,candidate_1,0,3,0.03
17,candidate_3,0,candidate_2,3,0.03
18,0,candidate_1,candidate_2,3,0.03
19,candidate_3,candidate_1,candidate_2,3,0.03
20,candidate_3,candidate_1,candidate_2,3,0.03
21,candidate_3,candidate_1,candidate_2,3,0.03
22,candidate_3,candidate_1,candidate_2,3,0.03
23,candidate_3,candidate_1,candidate_2,3,0.03
24,candidate_3,candidate_1,candidate_2,3,0.03
25,candidate_3,candidate_1,candidate_2,3,0.03
26,candidate_3,0,candidate_2,3,0.03
27,candidate_3,candidate_1,candidate_2,3,0.03
28,candidate_3,candidate_1,candidate_2,3,0.03
29,candidate_3,candidate_1,0,3,0.03
30,candidate_3,candidate_1,0,3,0.03
31,candidate_3,candidate_1,candidate_2,3,0.03
32,candidate_3,candidate_1,candidate_2,3,0.03
33,candidate_3,candidate_1,candidate_2,3,0.03
34,candidate_3,candidate_1,0,3,0.03
35,candidate_3,candidate_1,candidate_2,3,0.03
36,0,candidate_1,candidate_2,3,0.03
37,candidate_3,candidate_1,candidate_2,3,0.03
38,candidate_3,candidate_1,candidate_2,3,0.03
39,candidate_3,candidate_1,0,3,0.03
40,candidate_3,candidate_1,candidate_2,3,0.03
41,candidate_3,candidate_1,0,3,0.03
42,candidate_3,candidate_1,candidate_2,3,0.03
43,candidate_3,candidate_1,candidate_2,3,0.03
44,0,candidate_1,candidate_2,3,0.03
45,candidate_3,candidate_1,candidate_2,3,0.03
46,candidate_3,candidate_1,candidate_2,3,0.03
47,candidate_3,candidate_1,candidate_2,3,0.03
48,candidate_3,candidate_1,candidate_2,3,0.03
49,candidate_3,candidate_1,candidate_2,3,0.03
50,candidate_3,candidate_1,candidate_2,3,0.03
51,candidate_3,0,candidate_2,3,0.03
52,candidate_3,candidate_1,candidate_2,3,0.03
53,candidate_3,candidate_1,candidate_2,3,0.03
54,candidate_3,candidate_1,candidate_2,3,0.03
55,candidate_3,candidate_1,candidate_2,3,0.03
56,candidate_3,candidate_1,candidate_2,3,0.03
57,candidate_3,candidate_1,candidate_2,3,0.03
58,0,candidate_1,candidate_2,3,0.03
59,candidate_3,candidate_1,candidate_2,3,0.03
60,candidate_3,candidate_1,candidate_2,3,0.03
61,candidate_3,candidate_1,0,3,0.03
62,0,candidate_1,candidate_2,3,0.03
63,candidate_3,candidate_1,candidate_2,3,0.03
64,candidate_3,candidate_1,candidate_2,3,0.03
65,candidate_3,candidate_1,candidate_2,3,0.03
66,candidate_3,candidate_1,candidate_2,3,0.03
67,candidate_3,candidate_1,candidate_2,3,0.03
68,candidate_3,candidate_1,candidate_2,3,0.03
69,candidate_3,candidate_1,candidate_2,3,0.03
70,candidate_3,candidate_1,candidate_2,3,0.03
71,candidate_3,0,candidate_2,3,0.03
72,candidate_3,candidate_1,candidate_2,3,0.03
73,candidate_3,candidate_1,candidate_2,3,0.03
74,candidate_3,candidate_1,candidate_2,3,0.03
75,candidate_3,0,candidate_2,3,0.03
76,candidate_3,candidate_1,candidate_2,3,0.03
77,candidate_3,candidate_1,candidate_2,3,0.03
78,candidate_3,candidate_1,0,3,0.03
79,candidate_3,candidate_1,candidate_2,3,0.03
80,candidate_3,candidate_1,candidate_2,3,0.03
81,candidate_3,candidate_1,candidate_2,3,0.03
82,candidate_3,candidate_1,candidate_2,3,0.03
83,candidate_3,candidate_1,candidate_2,3,0.03
84,candidate_3,candidate_1,candidate_2,3,0.03
85,candidate_3,candidate_1,candidate_2,3,0.03
86,candidate_3,candidate_1,candidate_2,3,0.03
87,candidate_3,candidate_1,candidate_2,3,0.03
88,candidate_3,candidate_1,candidate_2,3,0.03
89,candidate_3,candidate_1,candidate_2,3,0.03
90,candidate_3,candidate_1,candidate_2,3,0.03
91,candidate_3,candidate_1,candidate_2,3,0.03
92,candidate_3,candidate_1,candidate_2,3,0.03
93,0,candidate_1,candidate_2,3,0.03
94,candidate_3,candidate_1,candidate_2,3,0.03
95,candidate_3,0,candidate_2,3,0.03
96,candidate_3,candidate_1,candidate_2,3,0.03
97,candidate_3,candidate_1,candidate_2,3,0.03
98,candidate_3,candidate_1,candidate_2,3,0.03
99,0,candidate_1,candidate_2,3,0.03
100,candidate_3,candidate_1,candidate_2,3,0.03
101,candidate_3,candidate_1,candidate_2,3,0.03
102,candidate_3,candidate_1,candidate_2,3,0.03
103,candidate_3,candidate_1,candidate_2,3,0.03
104,candidate_3,candidate_1,candidate_2,3,0.03
105,candidate_3,candidate_1,candidate_2,3,0.03
106,candidate_3,candidate_1,candidate_2,3,0.03
107,candidate_3,0,candidate_2,3,0.03
108,candidate_3,candidate_1,candidate_2,3,0.03
109,candidate_3,candidate_1,candidate_2,3,0.03
110,candidate_3,candidate_1,candidate_2,3,0.03
111,candidate_3,candidate_1,candidate_2,3,0.03
112,candidate_3,candidate_1,candidate_2,3,0.03
113,candidate_3,candidate_1,candidate_2,3,0.03
114,candidate_3,candidate_1,candidate_2,3,0.03
115,candidate_3,candidate_1,candidate_2,3,0.03
116,candidate_3,candidate_1,candidate_2,3,0.03
117,candidate_3,candidate_1,candidate_2,3,0.03
118,candidate_3,candidate_1,candidate_2,3,0.03
119,candidate_3,candidate_1,candidate_2,3,0.03
120,candidate_3,candidate_1,candidate_2,3,0.03
121,candidate_3,candidate_1,candidate_2,3,0.03
122,candidate_3,candidate_1,candidate_2,3,0.03
123,candidate_3,candidate_1,candidate_2,3,0.03
124,candidate_3,candidate_1,candidate_2,3,0.03
125,candidate_3,candidate_1,candidate_2,3,0.03
126,candidate_3,candidate_1,candidate_2,3,0.03
127,candidate_3,candidate_1,candidate_2,3,0.03
128,candidate_3,candidate_1,candidate_2,3,0.03
129,candidate_3,candidate_1,candidate_2,3,0.03
130,candidate_3,candidate_1,candidate_2,3,0.03
131,candidate_3,candidate_1,candidate_2,3,0.03
132,candidate_3,candidate_1,candidate_2,3,0.03
133,candidate_3,candidate_1,0,3,0.03
134,candidate_3,candidate_1,candidate_2,3,0.03
135,candidate_3,candidate_1,candidate_2,3,0.03
136,candidate_3,candidate_1,candidate_2,3,0.03
137,candidate_3,candidate_1,candidate_2,3,0.03
138,candidate_3,candidate_1,candidate_2,3,0.03
139,candidate_3,candidate_1,candidate_2,3,0.03
140,candidate_3,candidate_1,candidate_2,3,0.03
141,candidate_3,candidate_1,candidate_2,3,0.03
142,candidate_3,candidate_1,candidate_2,3,0.03
143,candidate_3,candidate_1,candidate_2,3,0.03
144,candidate_3,candidate_1,candidate_2,3,0.03
145,candidate_3,candidate_1,candidate_2,3,0.03
146,candidate_3,candidate_1,candidate_2,3,0.03
147,candidate_3,candidate_1,candidate_2,3,0.03
148,candidate_3,candidate_1,candidate_2,3,0.03
149,candidate_3,candidate_1,candidate_2,3,0.03
150,candidate_3,candidate_1,candidate_2,3,0.03
151,candidate_3,candidate_1,candidate_2,3,0.03
152,candidate_3,candidate_1,candidate_2,3,0.03
153,candidate_3,candidate_1,candidate_2,3,0.03
154,candidate_3,candidate_1,candidate_2,3,0.03
155,candidate_3,candidate_1,candidate_2,3,0.03
156,candidate_3,candidate_1,candidate_2,3,0.03
157,candidate_3,candidate_1,candidate_2,3,0.03
158,candidate_3,candidate_1,candidate_2,3,0.03
159,0,candidate_1,candidate_2,3,0.03
160,candidate_3,candidate_1,candidate_2,3,0.03
161,candidate_3,candidate_1,candidate_2,3,0.03
162,candidate_3,candidate_1,candidate_2,3,0.03
163,candidate_3,candidate_1,candidate_2,3,0.03
164,candidate_3,candidate_1,candidate_2,3,0.03
165,candidate_3,candidate_1,candidate_2,3,0.03
166,candidate_3,candidate_1,candidate_2,3,0.03
167,candidate_3,candidate_1,candidate_2,3,0.03
168,candidate_3,candidate_1,candidate_2,3,0.03
169,candidate_3,candidate_1,candidate_2,3,0.03
170,candidate_3,candidate_1,0,3,0.03
171,candidate_3,candidate_1,candidate_2,3,0.03
172,candidate_3,candidate_1,candidate_2,3,0.03
173,candidate_3,candidate_1,candidate_2,3,0.03
174,candidate_3,candidate_1,candidate_2,3,0.03
175,candidate_3,candidate_1,candidate_2,3,0.03
176,candidate_3,candidate_1,candidate_2,3,0.03
177,candidate_3,candidate_1,candidate_2,3,0.03
178,candidate_3,candidate_1,candidate_2,3,0.03
179,candidate_3,candidate_1,0,3,0.03
180,candidate_3,candidate_1,candidate_2,3,0.03
181,candidate_3,candidate_1,candidate_2,3,0.03
182,candidate_3,candidate_1,candidate_2,3,0.03
183,candidate_3,candidate_1,candidate_2,3,0.03
184,candidate_3,candidate_1,candidate_2,3,0.03
185,candidate_3,candidate_1,candidate_2,3,0.03
186,candidate_3,candidate_1,candidate_2,3,0.03
187,candidate_3,candidate_1,candidate_2,3,0.03
188,candidate_3,candidate_1,candidate_2,3,0.03
189,candidate_3,candidate_1,candidate_2,3,0.03
190,candidate_3,candidate_1,candidate_2,3,0.03
191,candidate_3,candidate_1,candidate_2,3,0.03
192,candidate_3,candidate_1,candidate_2,3,0.03
193,candidate_3,candidate_1,candidate_2,3,0.03
194,0,candidate_1,candidate_2,3,0.03
195,candidate_3,candidate_1,candidate_2,3,0.03
196,candidate_3,candidate_1,candidate_2,3,0.03
197,candidate_3,candidate_1,candidate_2,3,0.03
198,candidate_3,candidate_1,candidate_2,3,0.03
199,candidate_3,candidate_1,candidate_2,3,0.03
200,0,candidate_1,candidate_2,3,0.03
201,candidate_3,candidate_1,candidate_2,3,0.03
202,candidate_3,candidate_1,candidate_2,3,0.03
203,candidate_3,candidate_1,candidate_2,3,0.03
204,candidate_3,candidate_1,candidate_2,3,0.03
205,candidate_3,0,candidate_2,3,0.03
206,candidate_3,candidate_1,candidate_2,3,0.03
207,candidate_3,candidate_1,candidate_2,3,0.03
208,candidate_3,candidate_1,candidate_2,3,0.03
209,candidate_3,candidate_1,candidate_2,3,0.03
210,candidate_3,candidate_1,candidate_2,3,0.03
211,candidate_3,candidate_1,candidate_2,3,0.03
212,0,candidate_1,candidate_2,3,0.03
213,candidate_3,candidate_1,candidate_2,3,0.03
214,candidate_3,candidate_1,candidate_2,3,0.03
215,candidate_3,candidate_1,candidate_2,3,0.03
216,candidate_3,candidate_1,candidate_2,3,0.03
217,candidate_3,candidate_1,candidate_2,3,0.03
218,candidate_3,candidate_1,candidate_2,3,0.03
219,candidate_3,0,candidate_2,3,0.03
220,candidate_3,candidate_1,candidate_2,3,0.03
221,candidate_3,candidate_1,candidate_2,3,0.03
222,candidate_3,candidate_1,candidate_2,3,0.03
223,candidate_3,candidate_1,candidate_2,3,0.03
224,candidate_3,candidate_1,candidate_2,3,0.03
225,candidate_3,candidate_1,candidate_2,3,0.03
226,candidate_3,candidate_1,candidate_2,3,0.03
227,candidate_3,candidate_1,candidate_2,3,0.03
228,candidate_3,candidate_1,candidate_2,3,0.03
229,candidate_3,candidate_1,candidate_2,3,0.03
230,candidate_3,candidate_1,candidate_2,3,0.03
231,candidate_3,candidate_1,candidate_2,3,0.03
232,candidate_3,candidate_1,candidate_2,3,0.03
233,candidate_3,candidate_1,candidate_2,3,0.03
234,candidate_3,candidate_1,candidate_2,3,0.03
235,candidate_3,candidate_1,candidate_2,3,0.03
236,candidate_3,candidate_1,candidate_2,3,0.03
237,candidate_3,candidate_1,candidate_2,3,0.03
238,candidate_3,candidate_1,candidate_2,3,0.03
239,candidate_3,candidate_1,candidate_2,3,0.03
240,candidate_3,candidate_1,candidate_2,3,0.03
241,candidate_3,candidate_1,candidate_2,3,0.03
242,candidate_3,candidate_1,candidate_2,3,0.03
243,candidate_3,candidate_1,candidate_2,3,0.03
244,candidate_3,candidate_1,candidate_2,3,0.03
245,candidate_3,candidate_1,candidate_2,3,0.03
246,candidate_3,candidate_1,candidate_2,3,0.03
247,candidate_3,candidate_1,candidate_2,3,0.03
248,candidate_3,candidate_1,candidate_2,3,0.03
249,candidate_3,candidate_1,candidate_2,3,0.03
250,candidate_3,candidate_1,candidate_2,3,0.03
251,candidate_3,candidate_1,candidate_2,3,0.03
252,candidate_3,candidate_1,candidate_2,3,0.03
253,candidate_3,candidate_1,candidate_2,3,0.03
254,candidate_3,candidate_1,candidate_2,3,0.03
255,candidate_3,candidate_1,0,3,0.03
256,candidate_3,candidate_1,candidate_2,3,0.03
257,0,candidate_1,candidate_2,3,0.03
258,candidate_3,candidate_1,candidate_2,3,0.03
259,candidate_3,candidate_1,candidate_2,3,0.03
260,candidate_3,candidate_1,candidate_2,3,0.03
261,candidate_3,candidate_1,candidate_2,3,0.03
262,candidate_3,candidate_1,candidate_2,3,0.03
263,candidate_3,candidate_1,candidate_2,3,0.03
264,candidate_3,candidate_1,candidate_2,3,0.03
265,candidate_3,candidate_1,candidate_2,3,0.03
266,candidate_3,candidate_1,candidate_2,3,0.03
267,candidate_3,candidate_1,0,3,0.03
268,candidate_3,candidate_1,candidate_2,3,0.03
269,candidate_3,candidate_1,candidate_2,3,0.03
270,candidate_3,candidate_1,candidate_2,3,0.03
271,candidate_3,candidate_1,candidate_2,3,0.03
272,candidate_3,candidate_1,candidate_2,3,0.03
273,candidate_3,candidate_1,candidate_2,3,0.03
274,candidate_3,candidate_1,candidate_2,3,0.03
275,candidate_3,candidate_1,candidate_2,3,0.03
276,candidate_3,candidate_1,candidate_2,3,0.03
277,candidate_3,candidate_1,candidate_2,3,0.03
278,candidate_3,candidate_1,candidate_2,3,0.03
279,candidate_3,candidate_1,candidate_2,3,0.03
280,candidate_3,candidate_1,candidate_2,3,0.03
281,0,candidate_1,candidate_2,3,0.03
282,candidate_3,candidate_1,candidate_2,3,0.03
283,candidate_3,candidate_1,candidate_2,3,0.03
284,candidate_3,candidate_1,candidate_2,3,0.03
285,candidate_3,candidate_1,candidate_2,3,0.03
286,candidate_3,0,candidate_2,3,0.03
287,candidate_3,candidate_1,candidate_2,3,0.03
288,candidate_3,0,candidate_2,3,0.03
289,candidate_3,candidate_1,candidate_2,3,0.03
290,candidate_3,candidate_1,candidate_2,3,0.03
291,0,candidate_1,candidate_2,3,0.03
292,candidate_3,candidate_1,candidate_2,3,0.03
293,candidate_3,candidate_1,0,3,0.03
294,candidate_3,candidate_1,candidate_2,3,0.03
295,candidate_3,candidate_1,candidate_2,3,0.03
296,candidate_3,candidate_1,candidate_2,3,0.03
297,candidate_3,candidate_1,candidate_2,3,0.03
298,candidate_3,candidate_1,candidate_2,3,0.03
299,candidate_3,candidate_1,candidate_2,3,0.03
300,candidate_3,candidate_1,candidate_2,3,0.03
301,candidate_3,candidate_1,candidate_2,3,0.03
302,candidate_3,candidate_1,candidate_2,3,0.03
303,candidate_3,candidate_1,0,3,0.03
304,candidate_3,candidate_1,candidate_2,3,0.03
305,candidate_3,candidate_1,candidate_2,3,0.03
306,candidate_3,candidate_1,candidate_2,3,0.03
307,candidate_3,candidate_1,candidate_2,3,0.03
308,candidate_3,candidate_1,candidate_2,3,0.03
309,candidate_3,candidate_1,candidate_2,3,0.03
310,candidate_3,candidate_1,candidate_2,3,0.03
311,candidate_3,candidate_1,candidate_2,3,0.03
312,candidate_3,candidate_1,candidate_2,3,0.03
313,candidate_3,candidate_1,candidate_2,3,0.03
314,candidate_3,candidate_1,candidate_2,3,0.03
315,candidate_3,candidate_1,candidate_2,3,0.03
316,candidate_3,candidate_1,candidate_2,3,0.03
317,candidate_3,candidate_1,candidate_2,3,0.03
318,candidate_3,candidate_1,candidate_2,3,0.03
319,candidate_3,candidate_1,candidate_2,3,0.03
320,candidate_3,candidate_1,candidate_2,3,0.03
321,candidate_3,candidate_1,candidate_2,3,0.03
322,candidate_3,candidate_1,candidate_2,3,0.03
323,candidate_3,candidate_1,candidate_2,3,0.03
324,candidate_3,candidate_1,candidate_2,3,0.03
325,candidate_3,candidate_1,candidate_2,3,0.03
326,candidate_3,candidate_1,candidate_2,3,0.03
327,candidate_3,candidate_1,candidate_2,3,0.03
328,candidate_3,candidate_1,candidate_2,3,0.03
329,candidate_3,candidate_1,candidate_2,3,0.03
330,candidate_3,candidate_1,candidate_2,3,0.03
331,candidate_3,candidate_1,candidate_2,3,0.03
332,candidate_3,candidate_1,candidate_2,3,0.03
333,candidate_3,candidate_1,candidate_2,3,0.03
334,candidate_3,candidate_1,candidate_2,3,0.03
335,candidate_3,candidate_1,candidate_2,3,0.03
336,candidate_3,candidate_1,candidate_2,3,0.03
337,candidate_3,candidate_1,candidate_2,3,0.03
338,candidate_3,candidate_1,candidate_2,3,0.03
339,candidate_3,candidate_1,candidate_2,3,0.03
340,candidate_3,candidate_1,candidate_2,3,0.03
341,candidate_3,candidate_1,candidate_2,3,0.03
342,candidate_3,candidate_1,candidate_2,3,0.03
343,candidate_3,candidate_1,candidate_2,3,0.03
344,candidate_3,candidate_1,candidate_2,3,0.03
345,candidate_3,candidate_1,candidate_2,3,0.03
346,candidate_3,candidate_1,candidate_2,3,0.03
347,candidate_3,candidate_1,candidate_2,3,0.03
348,candidate_3,candidate_1,candidate_2,3,0.03
349,candidate_3,candidate_1,candidate_2,3,0.03
350,candidate_3,candidate_1,candidate_2,3,0.03
351,candidate_3,candidate_1,candidate_2,3,0.03
352,candidate_3,candidate_1,0,3,0.03
353,candidate_3,candidate_1,candidate_2,3,0.03
354,candidate_3,candidate_1,candidate_2,3,0.03
355,candidate_3,candidate_1,candidate_2,3,0.03
356,candidate_3,candidate_1,candidate_2,3,0.03
357,candidate_3,candidate_1,candidate_2,3,0.03
358,candidate_3,candidate_1,candidate_2,3,0.03
359,candidate_3,candidate_1,candidate_2,3,0.03
360,candidate_3,candidate_1,candidate_2,3,0.03
361,0,candidate_1,candidate_2,3,0.03
362,candidate_3,candidate_1,candidate_2,3,0.03
363,candidate_3,candidate_1,candidate_2,3,0.03
364,candidate_3,candidate_1,candidate_2,3,0.03
365,candidate_3,candidate_1,candidate_2,3,0.03
366,candidate_3,candidate_1,candidate_2,3,0.03
367,candidate_3,candidate_1,candidate_2,3,0.03
368,candidate_3,candidate_1,candidate_2,3,0.03
369,candidate_3,candidate_1,candidate_2,3,0.03
370,candidate_3,0,candidate_2,3,0.03
371,candidate_3,candidate_1,candidate_2,3,0.03
372,candidate_3,candidate_1,candidate_2,3,0.03
373,candidate_3,candidate_1,candidate_2,3,0.03
374,candidate_3,candidate_1,candidate_2,3,0.03
375,candidate_3,candidate_1,candidate_2,3,0.03
376,candidate_3,candidate_1,candidate_2,3,0.03
377,candidate_3,0,candidate_2,3,0.03
378,candidate_3,candidate_1,candidate_2,3,0.03
379,candidate_3,candidate_1,candidate_2,3,0.03
380,candidate_3,candidate_1,candidate_2,3,0.03
381,candidate_3,candidate_1,candidate_2,3,0.03
382,candidate_3,candidate_1,candidate_2,3,0.03
383,candidate_3,0,candidate_2,3,0.03
384,candidate_3,candidate_1,candidate_2,3,0.03
385,0,candidate_1,candidate_2,3,0.03
386,0,candidate_1,candidate_2,3,0.03
387,candidate_3,candidate_1,candidate_2,3,0.03
388,candidate_3,candidate_1,candidate_2,3,0.03
389,candidate_3,candidate_1,candidate_2,3,0.03
390,candidate_3,candidate_1,candidate_2,3,0.03
391,candidate_3,candidate_1,candidate_2,3,0.03
392,candidate_3,candidate_1,candidate_2,3,0.03
393,candidate_3,candidate_1,candidate_2,3,0.03
394,candidate_3,candidate_1,candidate_2,3,0.03
395,candidate_3,candidate_1,candidate_2,3,0.03
396,candidate_3,candidate_1,candidate_2,3,0.03
397,candidate_3,candidate_1,candidate_2,3,0.03
398,candidate_3,candidate_1,candidate_2,3,0.03
399,candidate_3,candidate_1,candidate_2,3,0.03
400,candidate_3,candidate_1,candidate_2,3,0.03
401,candidate_3,candidate_1,candidate_2,3,0.03
402,candidate_3,candidate_1,candidate_2,3,0.03
403,candidate_3,candidate_1,candidate_2,3,0.03
404,candidate_3,candidate_1,candidate_2,3,0.03
405,candidate_3,candidate_1,candidate_2,3,0.03
406,0,candidate_1,candidate_2,3,0.03
407,candidate_3,candidate_1,candidate_2,3,0.03
408,candidate_3,candidate_1,candidate_2,3,0.03
409,candidate_3,candidate_1,candidate_2,3,0.03
410,candidate_3,candidate_1,candidate_2,3,0.03
411,candidate_3,candidate_1,candidate_2,3,0.03
412,candidate_3,0,candidate_2,3,0.03
413,candidate_3,candidate_1,candidate_2,3,0.03
414,candidate_3,candidate_1,candidate_2,3,0.03
415,candidate_3,candidate_1,candidate_2,3,0.03
416,candidate_3,candidate_1,candidate_2,3,0.03
417,candidate_3,candidate_1,candidate_2,3,0.03
418,candidate_3,candidate_1,candidate_2,3,0.03
419,candidate_3,candidate_1,candidate_2,3,0.03
420,candidate_3,candidate_1,candidate_2,3,0.03
421,candidate_3,candidate_1,candidate_2,3,0.03
422,candidate_3,candidate_1,candidate_2,3,0.03
423,candidate_3,candidate_1,candidate_2,3,0.03
424,candidate_3,candidate_1,0,3,0.03
425,candidate_3,0,candidate_2,3,0.03
426,candidate_3,candidate_1,candidate_2,3,0.03
427,candidate_3,candidate_1,0,3,0.03
428,candidate_3,candidate_1,0,3,0.03
429,candidate_3,candidate_1,candidate_2,3,0.03
430,0,candidate_1,candidate_2,3,0.03
431,candidate_3,0,candidate_2,3,0.03
432,candidate_3,candidate_1,candidate_2,3,0.03
433,candidate_3,candidate_1,candidate_2,3,0.03
434,candidate_3,candidate_1,candidate_2,3,0.03
435,candidate_3,candidate_1,candidate_2,3,0.03
436,0,candidate_1,candidate_2,3,0.03
437,candidate_3,candidate_1,candidate_2,3,0.03
438,candidate_3,candidate_1,candidate_2,3,0.03
439,candidate_3,candidate_1,candidate_2,3,0.03
440,candidate_3,candidate_1,candidate_2,3,0.03
441,candidate_3,candidate_1,candidate_2,3,0.03
442,candidate_3,candidate_1,candidate_2,3,0.03
443,candidate_3,candidate_1,candidate_2,3,0.03
444,candidate_3,candidate_1,candidate_2,3,0.03
445,candidate_3,candidate_1,candidate_2,3,0.03
446,candidate_3,candidate_1,candidate_2,3,0.03
447,candidate_3,candidate_1,candidate_2,3,0.03
448,candidate_3,candidate_1,candidate_2,3,0.03
449,candidate_3,candidate_1,candidate_2,3,0.03
450,candidate_3,candidate_1,candidate_2,3,0.03
451,candidate_3,candidate_1,candidate_2,3,0.03
452,candidate_3,candidate_1,candidate_2,3,0.03
453,candidate_3,candidate_1,candidate_2,3,0.03
454,candidate_3,candidate_1,candidate_2,3,0.03
455,candidate_3,candidate_1,candidate_2,3,0.03
456,candidate_3,candidate_1,candidate_2,3,0.03
457,candidate_3,candidate_1,candidate_2,3,0.03
458,candidate_3,candidate_1,candidate_2,3,0.03
459,candidate_3,candidate_1,candidate_2,3,0.03
460,candidate_3,candidate_1,candidate_2,3,0.03
461,candidate_3,candidate_1,candidate_2,3,0.03
462,candidate_3,candidate_1,candidate_2,3,0.03
463,candidate_3,candidate_1,candidate_2,3,0.03
464,candidate_3,candidate_1,candidate_2,3,0.03
465,candidate_3,candidate_1,candidate_2,3,0.03
466,candidate_3,candidate_1,candidate_2,3,0.03
467,candidate_3,candidate_1,candidate_2,3,0.03
468,candidate_3,candidate_1,candidate_2,3,0.03
469,candidate_3,candidate_1,candidate_2,3,0.03
470,candidate_3,candidate_1,candidate_2,3,0.03
471,candidate_3,candidate_1,candidate_2,3,0.03
472,candidate_3,candidate_1,candidate_2,3,0.03
473,candidate_3,candidate_1,candidate_2,3,0.03
474,candidate_3,candidate_1,0,3,0.03
475,candidate_3,candidate_1,candidate_2,3,0.03
476,candidate_3,candidate_1,candidate_2,3,0.03
477,candidate_3,candidate_1,candidate_2,3,0.03
478,candidate_3,candidate_1,candidate_2,3,0.03
479,candidate_3,candidate_1,candidate_2,3,0.03
480,candidate_3,candidate_1,candidate_2,3,0.03
481,candidate_3,candidate_1,candidate_2,3,0.03
482,candidate_3,candidate_1,candidate_2,3,0.03
483,candidate_3,candidate_1,candidate_2,3,0.03
484,candidate_3,candidate_1,candidate_2,3,0.03
485,candidate_3,candidate_1,candidate_2,3,0.03
486,candidate_3,candidate_1,0,3,0.03
487,candidate_3,candidate_1,candidate_2,3,0.03
488,candidate_3,candidate_1,candidate_2,3,0.03
489,candidate_3,candidate_1,candidate_2,3,0.03
490,candidate_3,candidate_1,candidate_2,3,0.03
491,0,candidate_1,candidate_2,3,0.03
492,candidate_3,candidate_1,candidate_2,3,0.03
493,candidate_3,candidate_1,candidate_2,3,0.03
494,candidate_3,candidate_1,candidate_2,3,0.03
495,candidate_3,candidate_1,candidate_2,3,0.03
496,candidate_3,candidate_1,candidate_2,3,0.03
497,candidate_3,candidate_1,candidate_2,3,0.03
498,candidate_3,candidate_1,candidate_2,3,0.03
499,candidate_3,candidate_1,candidate_2,3,0.03
500,candidate_3,candidate_1,candidate_2,3,0.03
501,candidate_3,candidate_1,candidate_2,3,0.03
502,candidate_3,candidate_1,candidate_2,3,0.03
503,candidate_3,candidate_1,candidate_2,3,0.03
504,candidate_3,candidate_1,candidate_2,3,0.03
505,candidate_3,candidate_1,candidate_2,3,0.03
506,candidate_3,0,candidate_2,3,0.03
507,candidate_3,candidate_1,candidate_2,3,0.03
508,candidate_3,candidate_1,candidate_2,3,0.03
509,candidate_3,candidate_1,candidate_2,3,0.03
510,candidate_3,candidate_1,candidate_2,3,0.03
511,candidate_3,candidate_1,candidate_2,3,0.03
512,candidate_3,candidate_1,candidate_2,3,0.03
513,candidate_3,candidate_1,candidate_2,3,0.03
514,candidate_3,candidate_1,candidate_2,3,0.03
515,0,candidate_1,candidate_2,3,0.03
516,candidate_3,candidate_1,0,3,0.03
517,candidate_3,candidate_1,candidate_2,3,0.03
518,candidate_3,candidate_1,candidate_2,3,0.03
519,candidate_3,candidate_1,candidate_2,3,0.03
520,candidate_3,candidate_1,candidate_2,3,0.03
521,candidate_3,candidate_1,candidate_2,3,0.03
522,candidate_3,candidate_1,candidate_2,3,0.03
523,candidate_3,candidate_1,candidate_2,3,0.03
524,candidate_3,candidate_1,candidate_2,3,0.03
525,candidate_3,candidate_1,candidate_2,3,0.03
526,candidate_3,candidate_1,candidate_2,3,0.03
527,candidate_3,candidate_1,candidate_2,3,0.03
528,candidate_3,candidate_1,candidate_2,3,0.03
529,candidate_3,candidate_1,candidate_2,3,0.03
530,candidate_3,candidate_1,candidate_2,3,0.03
531,candidate_3,candidate_1,candidate_2,3,0.03
532,candidate_3,candidate_1,candidate_2,3,0.03
533,candidate_3,candidate_1,candidate_2,3,0.03
534,candidate_3,candidate_1,candidate_2,3,0.03
535,candidate_3,candidate_1,candidate_2,3,0.03
536,candidate_3,candidate_1,candidate_2,3,0.03
537,candidate_3,candidate_1,candidate_2,3,0.03
538,candidate_3,candidate_1,candidate_2,3,0.03
539,candidate_3,candidate_1,candidate_2,3,0.03
540,candidate_3,candidate_1,0,3,0.03
541,candidate_3,candidate_1,candidate_2,3,0.03
542,candidate_3,candidate_1,candidate_2,3,0.03
543,candidate_3,candidate_1,candidate_2,3,0.03
544,candidate_3,candidate_1,candidate_2,3,0.03
545,candidate_3,candidate_1,candidate_2,3,0.03
546,candidate_3,candidate_1,candidate_2,3,0.03
547,candidate_3,candidate_1,candidate_2,3,0.03
548,candidate_3,candidate_1,candidate_2,3,0.03
549,candidate_3,candidate_1,candidate_2,3,0.03
550,candidate_3,candidate_1,candidate_2,3,0.03
551,candidate_3,candidate_1,candidate_2,3,0.03
552,candidate_3,candidate_1,candidate_2,3,0.03
553,candidate_3,candidate_1,candidate_2,3,0.03
554,candidate_3,candidate_1,candidate_2,3,0.03
555,candidate_3,candidate_1,candidate_2,3,0.03
556,candidate_3,candidate_1,candidate_2,3,0.03
557,candidate_3,candidate_1,candidate_2,3,0.03
558,candidate_3,candidate_1,candidate_2,3,0.03
559,candidate_3,candidate_1,candidate_2,3,0.03
560,candidate_3,candidate_1,candidate_2,3,0.03
561,candidate_3,candidate_1,candidate_2,3,0.03
562,candidate_3,candidate_1,candidate_2,3,0.03
563,candidate_3,candidate_1,candidate_2,3,0.03
564,0,candidate_1,candidate_2,3,0.03
565,candidate_3,candidate_1,candidate_2,3,0.03
566,candidate_3,candidate_1,candidate_2,3,0.03
567,candidate_3,candidate_1,candidate_2,3,0.03
568,candidate_3,candidate_1,candidate_2,3,0.03
569,candidate_3,0,candidate_2,3,0.03
570,candidate_3,candidate_1,candidate_2,3,0.03
571,candidate_3,candidate_1,candidate_2,3,0.03
572,candidate_3,candidate_1,candidate_2,3,0.03
573,candidate_3,candidate_1,candidate_2,3,0.03
574,candidate_3,candidate_1,candidate_2,3,0.03
575,candidate_3,0,candidate_2,3,0.03
576,candidate_3,0,candidate_2,3,0.03
577,candidate_3,candidate_1,candidate_2,3,0.03
578,candidate_3,candidate_1,candidate_2,3,0.03
579,candidate_3,0,candidate_2,3,0.03
580,candidate_3,candidate_1,candidate_2,3,0.03
581,candidate_3,candidate_1,candidate_2,3,0.03
582,candidate_3,candidate_1,candidate_2,3,0.03
583,candidate_3,candidate_1,candidate_2,3,0.03
584,candidate_3,candidate_1,candidate_2,3,0.03
585,candidate_3,candidate_1,candidate_2,3,0.03
586,candidate_3,candidate_1,candidate_2,3,0.03
587,candidate_3,candidate_1,candidate_2,3,0.03
588,candidate_3,candidate_1,candidate_2,3,0.03
589,candidate_3,candidate_1,candidate_2,3,0.03
590,0,candidate_1,candidate_2,3,0.03
591,0,candidate_1,candidate_2,3,0.03
592,candidate_3,candidate_1,candidate_2,3,0.03
593,candidate_3,candidate_1,candidate_2,3,0.03
594,candidate_3,candidate_1,candidate_2,3,0.03
595,candidate_3,candidate_1,candidate_2,3,0.03
596,candidate_3,candidate_1,0,3,0.03
597,candidate_3,candidate_1,candidate_2,3,0.03
598,candidate_3,candidate_1,candidate_2,3,0.03
599,candidate_3,candidate_1,candidate_2,3,0.03
600,candidate_3,candidate_1,candidate_2,3,0.03
601,candidate_3,candidate_1,candidate_2,3,0.03
602,candidate_3,candidate_1,candidate_2,3,0.03
603,candidate_3,candidate_1,candidate_2,3,0.03
604,candidate_3,candidate_1,candidate_2,3,0.03
605,candidate_3,candidate_1,candidate_2,3,0.03
606,candidate_3,candidate_1,candidate_2,3,0.03
607,candidate_3,candidate_1,candidate_2,3,0.03
608,candidate_3,candidate_1,0,3,0.03
609,candidate_3,candidate_1,candidate_2,3,0.03
610,candidate_3,candidate_1,candidate_2,3,0.03
611,candidate_3,candidate_1,candidate_2,3,0.03
612,candidate_3,candidate_1,candidate_2,3,0.03
613,candidate_3,candidate_1,candidate_2,3,0.03
614,candidate_3,candidate_1,candidate_2,3,0.03
615,candidate_3,candidate_1,candidate_2,3,0.03
616,candidate_3,candidate_1,candidate_2,3,0.03
617,candidate_3,candidate_1,candidate_2,3,0.03
618,candidate_3,candidate_1,candidate_2,3,0.03
619,candidate_3,candidate_1,candidate_2,3,0.03
620,candidate_3,candidate_1,candidate_2,3,0.03
621,candidate_3,candidate_1,candidate_2,3,0.03
622,candidate_3,candidate_1,candidate_2,3,0.03
623,candidate_3,candidate_1,candidate_2,3,0.03
624,candidate_3,candidate_1,candidate_2,3,0.03
625,candidate_3,candidate_1,candidate_2,3,0.03
626,candidate_3,candidate_1,candidate_2,3,0.03
627,candidate_3,candidate_1,candidate_2,3,0.03
628,candidate_3,candidate_1,candidate_2,3,0.03
629,candidate_3,candidate_1,candidate_2,3,0.03
630,candidate_3,candidate_1,candidate_2,3,0.03
631,candidate_3,candidate_1,candidate_2,3,0.03
632,candidate_3,candidate_1,candidate_2,3,0.03
633,candidate_3,candidate_1,candidate_2,3,0.03
634,candidate_3,candidate_1,candidate_2,3,0.03
635,candidate_3,candidate_1,candidate_2,3,0.03
636,candidate_3,candidate_1,candidate_2,3,0.03
637,0,candidate_1,candidate_2,3,0.03
638,candidate_3,candidate_1,candidate_2,3,0.03
639,candidate_3,candidate_1,candidate_2,3,0.03
640,candidate_3,candidate_1,0,3,0.03
641,0,candidate_1,candidate_2,3,0.03
642,candidate_3,candidate_1,candidate_2,3,0.03
643,candidate_3,candidate_1,candidate_2,3,0.03
644,candidate_3,candidate_1,candidate_2,3,0.03
645,candidate_3,candidate_1,candidate_2,3,0.03
646,candidate_3,candidate_1,candidate_2,3,0.03
647,candidate_3,candidate_1,candidate_2,3,0.03
648,candidate_3,candidate_1,candidate_2,3,0.03
649,candidate_3,candidate_1,candidate_2,3,0.03
650,candidate_3,candidate_1,candidate_2,3,0.03
651,candidate_3,candidate_1,candidate_2,3,0.03
652,candidate_3,candidate_1,candidate_2,3,0.03
653,candidate_3,candidate_1,candidate_2,3,0.03
654,candidate_3,candidate_1,candidate_2,3,0.03
655,candidate_3,candidate_1,candidate_2,3,0.03
656,candidate_3,candidate_1,candidate_2,3,0.03
657,candidate_3,candidate_1,candidate_2,3,0.03
658,candidate_3,candidate_1,candidate_2,3,0.03
659,candidate_3,candidate_1,candidate_2,3,0.03
660,candidate_3,candidate_1,candidate_2,3,0.03
661,candidate_3,candidate_1,candidate_2,3,0.03
662,candidate_3,candidate_1,candidate_2,3,0.03
663,candidate_3,candidate_1,0,3,0.03
664,candidate_3,candidate_1,candidate_2,3,0.03
665,candidate_3,candidate_1,candidate_2,3,0.03
666,candidate_3,candidate_1,candidate_2,3,0.03
667,candidate_3,candidate_1,candidate_2,3,0.03
668,candidate_3,candidate_1,candidate_2,3,0.03
669,candidate_3,candidate_1,candidate_2,3,0.03
670,candidate_3,candidate_1,candidate_2,3,0.03
671,candidate_3,candidate_1,candidate_2,3,0.03
672,candidate_3,candidate_1,candidate_2,3,0.03
673,candidate_3,candidate_1,candidate_2,3,0.03
674,candidate_3,candidate_1,candidate_2,3,0.03
675,candidate_3,candidate_1,candidate_2,3,0.03
676,candidate_3,candidate_1,candidate_2,3,0.03
677,candidate_3,candidate_1,candidate_2,3,0.03
678,candidate_3,candidate_1,candidate_2,3,0.03
679,candidate_3,candidate_1,candidate_2,3,0.03
680,candidate_3,candidate_1,candidate_2,3,0.03
681,candidate_3,candidate_1,candidate_2,3,0.03
682,candidate_3,candidate_1,candidate_2,3,0.03
683,candidate_3,candidate_1,candidate_2,3,0.03
684,candidate_3,candidate_1,candidate_2,3,0.03
685,candidate_3,candidate_1,candidate_2,3,0.03
686,candidate_3,candidate_1,candidate_2,3,0.03
687,candidate_3,candidate_1,candidate_2,3,0.03
688,candidate_3,candidate_1,candidate_2,3,0.03
689,candidate_3,candidate_1,candidate_2,3,0.03
690,candidate_3,candidate_1,candidate_2,3,0.03
691,candidate_3,candidate_1,candidate_2,3,0.03
692,candidate_3,candidate_1,candidate_2,3,0.03
693,candidate_3,candidate_1,0,3,0.03
694,candidate_3,candidate_1,candidate_2,3,0.03
695,candidate_3,candidate_1,candidate_2,3,0.03
696,candidate_3,candidate_1,candidate_2,3,0.03
697,candidate_3,candidate_1,candidate_2,3,0.03
698,candidate_3,candidate_1,candidate_2,3,0.03
699,candidate_3,candidate_1,candidate_2,3,0.03
700,candidate_3,candidate_1,candidate_2,3,0.03
701,candidate_3,candidate_1,candidate_2,3,0.03
702,candidate_3,candidate_1,candidate_2,3,0.03
703,candidate_3,candidate_1,candidate_2,3,0.03
704,candidate_3,candidate_1,candidate_2,3,0.03
705,candidate_3,candidate_1,candidate_2,3,0.03
706,candidate_3,candidate_1,candidate_2,3,0.03
707,candidate_3,0,candidate_2,3,0.03
708,candidate_3,candidate_1,candidate_2,3,0.03
709,candidate_3,0,candidate_2,3,0.03
710,candidate_3,candidate_1,candidate_2,3,0.03
711,candidate_3,candidate_1,candidate_2,3,0.03
712,candidate_3,candidate_1,candidate_2,3,0.03
713,candidate_3,candidate_1,candidate_2,3,0.03
714,candidate_3,candidate_1,candidate_2,3,0.03
715,candidate_3,candidate_1,candidate_2,3,0.03
716,candidate_3,candidate_1,candidate_2,3,0.03
717,candidate_3,candidate_1,candidate_2,3,0.03
718,candidate_3,0,candidate_2,3,0.03
719,candidate_3,candidate_1,candidate_2,3,0.03
720,candidate_3,candidate_1,candidate_2,3,0.03
721,candidate_3,candidate_1,candidate_2,3,0.03
722,candidate_3,candidate_1,candidate_2,3,0.03
723,candidate_3,candidate_1,candidate_2,3,0.03
724,candidate_3,candidate_1,candidate_2,3,0.03
725,candidate_3,candidate_1,candidate_2,3,0.03
726,candidate_3,candidate_1,candidate_2,3,0.03
727,candidate_3,candidate_1,candidate_2,3,0.03
728,candidate_3,candidate_1,candidate_2,3,0.03
729,0,candidate_1,candidate_2,3,0.03
730,candidate_3,candidate_1,candidate_2,3,0.03
731,candidate_3,candidate_1,candidate_2,3,0.03
732,candidate_3,candidate_1,candidate_2,3,0.03
733,candidate_3,candidate_1,candidate_2,3,0.03
734,candidate_3,candidate_1,candidate_2,3,0.03
735,candidate_3,candidate_1,candidate_2,3,0.03
736,candidate_3,candidate_1,candidate_2,3,0.03
737,candidate_3,candidate_1,candidate_2,3,0.03
738,candidate_3,candidate_1,candidate_2,3,0.03
739,candidate_3,candidate_1,candidate_2,3,0.03
740,candidate_3,candidate_1,candidate_2,3,0.03
741,candidate_3,candidate_1,candidate_2,3,0.03
742,candidate_3,candidate_1,candidate_2,3,0.03
743,candidate_3,0,candidate_2,3,0.03
744,candidate_3,candidate_1,candidate_2,3,0.03
745,candidate_3,candidate_1,candidate_2,3,0.03
746,candidate_3,candidate_1,candidate_2,3,0.03
747,candidate_3,candidate_1,candidate_2,3,0.03
748,candidate_3,candidate_1,candidate_2,3,0.03
749,candidate_3,candidate_1,candidate_2,3,0.03
750,candidate_3,candidate_1,candidate_2,3,0.03
751,candidate_3,candidate_1,candidate_2,3,0.03
752,candidate_3,candidate_1,candidate_2,3,0.03
753,candidate_3,candidate_1,candidate_2,3,0.03
754,candidate_3,candidate_1,candidate_2,3,0.03
755,candidate_3,candidate_1,candidate_2,3,0.03
756,candidate_3,candidate_1,candidate_2,3,0.03
757,candidate_3,candidate_1,candidate_2,3,0.03
758,candidate_3,candidate_1,candidate_2,3,0.03
759,candidate_3,candidate_1,candidate_2,3,0.03
760,candidate_3,candidate_1,candidate_2,3,0.03
761,candidate_3,candidate_1,candidate_2,3,0.03
762,candidate_3,candidate_1,candidate_2,3,0.03
763,candidate_3,candidate_1,candidate_2,3,0.03
764,candidate_3,candidate_1,candidate_2,3,0.03
765,candidate_3,candidate_1,candidate_2,3,0.03
766,candidate_3,0,candidate_2,3,0.03
767,candidate_3,candidate_1,candidate_2,3,0.03
768,candidate_3,candidate_1,0,3,0.03
769,candidate_3,candidate_1,candidate_2,3,0.03
770,candidate_3,candidate_1,0,3,0.03
771,candidate_3,candidate_1,candidate_2,3,0.03
772,candidate_3,candidate_1,candidate_2,3,0.03
773,candidate_3,candidate_1,candidate_2,3,0.03
774,0,candidate_1,candidate_2,3,0.03
775,candidate_3,candidate_1,candidate_2,3,0.03
776,candidate_3,candidate_1,candidate_2,3,0.03
777,0,candidate_1,candidate_2,3,0.03
778,candidate_3,candidate_1,candidate_2,3,0.03
779,candidate_3,candidate_1,candidate_2,3,0.03
780,candidate_3,candidate_1,candidate_2,3,0.03
781,candidate_3,candidate_1,candidate_2,3,0.03
782,candidate_3,candidate_1,candidate_2,3,0.03
783,candidate_3,candidate_1,candidate_2,3,0.03
784,candidate_3,candidate_1,candidate_2,3,0.03
785,candidate_3,candidate_1,candidate_2,3,0.03
786,candidate_3,candidate_1,candidate_2,3,0.03
787,candidate_3,candidate_1,candidate_2,3,0.03
788,candidate_3,candidate_1,candidate_2,3,0.03
789,candidate_3,candidate_1,candidate_2,3,0.03
790,candidate_3,candidate_1,candidate_2,3,0.03
791,candidate_3,candidate_1,candidate_2,3,0.03
792,candidate_3,candidate_1,candidate_2,3,0.03
793,candidate_3,candidate_1,candidate_2,3,0.03
794,candidate_3,candidate_1,candidate_2,3,0.03
795,candidate_3,0,candidate_2,3,0.03
796,candidate_3,candidate_1,candidate_2,3,0.03
797,candidate_3,candidate_1,candidate_2,3,0.03
798,candidate_3,candidate_1,candidate_2,3,0.03
799,candidate_3,candidate_1,candidate_2,3,0.03
800,candidate_3,candidate_1,candidate_2,3,0.03
801,candidate_3,candidate_1,candidate_2,3,0.03
802,candidate_3,candidate_1,candidate_2,3,0.03
803,candidate_3,candidate_1,candidate_2,3,0.03
804,candidate_3,candidate_1,candidate_2,3,0.03
805,candidate_3,candidate_1,candidate_2,3,0.03
806,0,candidate_1,candidate_2,3,0.03
807,candidate_3,candidate_1,candidate_2,3,0.03
808,candidate_3,candidate_1,candidate_2,3,0.03
809,candidate_3,candidate_1,candidate_2,3,0.03
810,candidate_3,candidate_1,candidate_2,3,0.03
811,candidate_3,candidate_1,candidate_2,3,0.03
812,candidate_3,candidate_1,candidate_2,3,0.03
813,candidate_3,candidate_1,candidate_2,3,0.03
814,candidate_3,candidate_1,candidate_2,3,0.03
815,candidate_3,candidate_1,candidate_2,3,0.03
816,0,candidate_1,candidate_2,3,0.03
817,candidate_3,candidate_1,candidate_2,3,0.03
818,candidate_3,candidate_1,candidate_2,3,0.03
819,candidate_3,candidate_1,candidate_2,3,0.03
820,candidate_3,candidate_1,candidate_2,3,0.03
821,candidate_3,candidate_1,candidate_2,3,0.03
822,candidate_3,candidate_1,candidate_2,3,0.03
823,candidate_3,candidate_1,candidate_2,3,0.03
824,candidate_3,candidate_1,candidate_2,3,0.03
825,candidate_3,candidate_1,candidate_2,3,0.03
826,candidate_3,candidate_1,candidate_2,3,0.03
827,candidate_3,candidate_1,candidate_2,3,0.03
828,candidate_3,candidate_1,candidate_2,3,0.03
829,candidate_3,candidate_1,candidate_2,3,0.03
830,candidate_3,candidate_1,candidate_2,3,0.03
831,candidate_3,candidate_1,candidate_2,3,0.03
832,candidate_3,candidate_1,candidate_2,3,0.03
833,candidate_3,candidate_1,candidate_2,3,0.03
834,candidate_3,candidate_1,candidate_2,3,0.03
835,candidate_3,candidate_1,candidate_2,3,0.03
836,candidate_3,candidate_1,candidate_2,3,0.03
837,candidate_3,candidate_1,candidate_2,3,0.03
838,candidate_3,candidate_1,candidate_2,3,0.03
839,candidate_3,candidate_1,candidate_2,3,0.03
840,candidate_3,candidate_1,candidate_2,3,0.03
841,candidate_3,candidate_1,candidate_2,3,0.03
842,candidate_3,candidate_1,candidate_2,3,0.03
843,candidate_3,candidate_1,0,3,0.03
844,candidate_3,candidate_1,candidate_2,3,0.03
845,candidate_3,candidate_1,candidate_2,3,0.03
846,candidate_3,candidate_1,candidate_2,3,0.03
847,candidate_3,candidate_1,candidate_2,3,0.03
848,candidate_3,candidate_1,candidate_2,3,0.03
849,candidate_3,candidate_1,candidate_2,3,0.03
850,candidate_3,candidate_1,candidate_2,3,0.03
851,candidate_3,candidate_1,candidate_2,3,0.03
852,candidate_3,candidate_1,candidate_2,3,0.03
853,candidate_3,candidate_1,candidate_2,3,0.03
854,candidate_3,candidate_1,candidate_2,3,0.03
855,candidate_3,candidate_1,candidate_2,3,0.03
856,candidate_3,candidate_1,candidate_2,3,0.03
857,candidate_3,candidate_1,candidate_2,3,0.03
858,candidate_3,candidate_1,candidate_2,3,0.03
859,candidate_3,candidate_1,candidate_2,3,0.03
860,candidate_3,candidate_1,candidate_2,3,0.03
861,0,candidate_1,candidate_2,3,0.03
862,candidate_3,candidate_1,candidate_2,3,0.03
863,candidate_3,candidate_1,candidate_2,3,0.03
864,candidate_3,candidate_1,candidate_2,3,0.03
865,candidate_3,candidate_1,candidate_2,3,0.03
866,candidate_3,candidate_1,candidate_2,3,0.03
867,candidate_3,candidate_1,candidate_2,3,0.03
868,candidate_3,candidate_1,candidate_2,3,0.03
869,candidate_3,candidate_1,candidate_2,3,0.03
870,0,candidate_1,candidate_2,3,0.03
871,candidate_3,candidate_1,0,3,0.03
872,candidate_3,candidate_1,candidate_2,3,0.03
873,candidate_3,candidate_1,candidate_2,3,0.03
874,candidate_3,candidate_1,candidate_2,3,0.03
875,candidate_3,candidate_1,candidate_2,3,0.03
876,candidate_3,candidate_1,candidate_2,3,0.03
877,candidate_3,candidate_1,candidate_2,3,0.03
878,candidate_3,candidate_1,candidate_2,3,0.03
879,candidate_3,candidate_1,candidate_2,3,0.03
880,candidate_3,candidate_1,candidate_2,3,0.03
881,candidate_3,candidate_1,candidate_2,3,0.03
882,candidate_3,candidate_1,candidate_2,3,0.03
883,candidate_3,candidate_1,candidate_2,3,0.03
884,candidate_3,candidate_1,candidate_2,3,0.03
885,candidate_3,candidate_1,candidate_2,3,0.03
886,candidate_3,candidate_1,candidate_2,3,0.03
887,candidate_3,candidate_1,candidate_2,3,0.03
888,candidate_3,candidate_1,candidate_2,3,0.03
889,candidate_3,candidate_1,candidate_2,3,0.03
890,candidate_3,candidate_1,candidate_2,3,0.03
891,candidate_3,candidate_1,candidate_2,3,0.03
892,candidate_3,candidate_1,candidate_2,3,0.03
893,candidate_3,0,candidate_2,3,0.03
894,candidate_3,candidate_1,candidate_2,3,0.03
895,candidate_3,candidate_1,candidate_2,3,0.03
896,candidate_3,candidate_1,candidate_2,3,0.03
897,candidate_3,candidate_1,candidate_2,3,0.03
898,candidate_3,candidate_1,candidate_2,3,0.03
899,candidate_3,candidate_1,candidate_2,3,0.03
900,candidate_3,candidate_1,candidate_2,3,0.03
901,candidate_3,candidate_1,candidate_2,3,0.03
902,candidate_3,candidate_1,candidate_2,3,0.03
903,candidate_3,candidate_1,candidate_2,3,0.03
904,candidate_3,candidate_1,candidate_2,3,0.03
905,candidate_3,candidate_1,0,3,0.03
906,candidate_3,candidate_1,candidate_2,3,0.03
907,candidate_3,candidate_1,candidate_2,3,0.03
908,candidate_3,candidate_1,candidate_2,3,0.03
909,candidate_3,candidate_1,0,3,0.03
910,candidate_3,candidate_1,candidate_2,3,0.03
911,candidate_3,candidate_1,candidate_2,3,0.03
912,candidate_3,candidate_1,candidate_2,3,0.03
913,candidate_3,candidate_1,candidate_2,3,0.03
914,candidate_3,candidate_1,candidate_2,3,0.03
915,candidate_3,candidate_1,candidate_2,3,0.03
916,candidate_3,candidate_1,candidate_2,3,0.03
917,candidate_3,candidate_1,candidate_2,3,0.03
918,candidate_3,candidate_1,candidate_2,3,0.03
919,candidate_3,candidate_1,candidate_2,3,0.03
920,candidate_3,candidate_1,candidate_2,3,0.03
921,candidate_3,candidate_1,candidate_2,3,0.03
922,candidate_3,candidate_1,candidate_2,3,0.03
923,candidate_3,candidate_1,candidate_2,3,0.03
924,candidate_3,candidate_1,candidate_2,3,0.03
925,0,candidate_1,candidate_2,3,0.03
926,candidate_3,candidate_1,candidate_2,3,0.03
927,candidate_3,candidate_1,candidate_2,3,0.03
928,candidate_3,candidate_1,0,3,0.03
929,candidate_3,candidate_1,candidate_2,3,0.03
930,candidate_3,candidate_1,candidate_2,3,0.03
931,candidate_3,candidate_1,candidate_2,3,0.03
932,candidate_3,candidate_1,candidate_2,3,0.03
933,candidate_3,candidate_1,candidate_2,3,0.03
934,candidate_3,candidate_1,candidate_2,3,0.03
935,candidate_3,candidate_1,candidate_2,3,0.03
936,candidate_3,0,candidate_2,3,0.03
937,candidate_3,candidate_1,candidate_2,3,0.03
938,candidate_3,candidate_1,candidate_2,3,0.03
939,candidate_3,candidate_1,candidate_2,3,0.03
940,candidate_3,candidate_1,candidate_2,3,0.03
941,candidate_3,candidate_1,candidate_2,3,0.03
942,candidate_3,candidate_1,candidate_2,3,0.03
943,candidate_3,0,candidate_2,3,0.03
944,candidate_3,candidate_1,candidate_2,3,0.03
945,candidate_3,candidate_1,candidate_2,3,0.03
946,candidate_3,candidate_1,candidate_2,3,0.03
947,candidate_3,candidate_1,candidate_2,3,0.03
948,candidate_3,candidate_1,candidate_2,3,0.03
949,candidate_3,0,candidate_2,3,0.03
950,candidate_3,candidate_1,candidate_2,3,0.03
951,candidate_3,candidate_1,candidate_2,3,0.03
952,candidate_3,0,candidate_2,3,0.03
953,candidate_3,candidate_1,candidate_2,3,0.03
954,0,candidate_1,candidate_2,3,0.03
955,candidate_3,candidate_1,candidate_2,3,0.03
956,candidate_3,candidate_1,candidate_2,3,0.03
957,candidate_3,candidate_1,candidate_2,3,0.03
958,candidate_3,candidate_1,candidate_2,3,0.03
959,candidate_3,candidate_1,candidate_2,3,0.03
960,candidate_3,candidate_1,candidate_2,3,0.03
961,0,candidate_1,0,3,0.03
962,candidate_3,candidate_1,0,3,0.03
963,candidate_3,candidate_1,candidate_2,3,0.03
964,candidate_3,candidate_1,candidate_2,3,0.03
965,candidate_3,candidate_1,candidate_2,3,0.03
966,candidate_3,candidate_1,candidate_2,3,0.03
967,candidate_3,candidate_1,candidate_2,3,0.03
968,candidate_3,candidate_1,candidate_2,3,0.03
969,candidate_3,candidate_1,candidate_2,3,0.03
970,candidate_3,candidate_1,candidate_2,3,0.03
971,candidate_3,candidate_1,candidate_2,3,0.03
972,candidate_3,candidate_1,candidate_2,3,0.03
973,candidate_3,candidate_1,candidate_2,3,0.03
974,candidate_3,candidate_1,candidate_2,3,0.03
975,candidate_3,candidate_1,candidate_2,3,0.03
976,candidate_3,candidate_1,candidate_2,3,0.03
977,candidate_3,candidate_1,candidate_2,3,0.03
978,candidate_3,candidate_1,candidate_2,3,0.03
979,candidate_3,candidate_1,candidate_2,3,0.03
980,candidate_3,candidate_1,candidate_2,3,0.03
981,candidate_3,candidate_1,candidate_2,3,0.03
982,candidate_3,candidate_1,candidate_2,3,0.03
983,candidate_3,candidate_1,candidate_2,3,0.03
984,candidate_3,candidate_1,candidate_2,3,0.03
985,candidate_3,candidate_1,candidate_2,3,0.03
986,candidate_3,candidate_1,candidate_2,3,0.03
987,candidate_3,candidate_1,candidate_2,3,0.03
988,candidate_3,candidate_1,candidate_2,3,0.03
989,candidate_3,candidate_1,candidate_2,3,0.03
990,candidate_3,candidate_1,candidate_2,3,0.03
991,candidate_3,candidate_1,candidate_2,3,0.03
992,candidate_3,candidate_1,candidate_2,3,0.03
993,candidate_3,candidate_1,candidate_2,3,0.03
994,candidate_3,candidate_1,candidate_2,3,0.03
995,candidate_3,candidate_1,candidate_2,3,0.03
996,candidate_3,candidate_1,candidate_2,3,0.03
997,candidate_3,candidate_1,candidate_2,3,0.03
998,candidate_3,candidate_1,candidate_2,3,0.03
999,candidate_3,candidate_1,candidate_2,3,0.03
1000,candidate_3,candidate_1,candidate_2,3,0.03
1001,candidate_3,candidate_1,candidate_2,3,0.03
1002,candidate_3,candidate_1,candidate_2,3,0.03
1003,candidate_3,candidate_1,candidate_2,3,0.03
1004,candidate_3,candidate_1,candidate_2,3,0.03
1005,candidate_3,candidate_1,candidate_2,3,0.03
1006,candidate_3,candidate_1,candidate_2,3,0.03
1007,candidate_3,candidate_1,candidate_2,3,0.03
1008,candidate_3,candidate_1,candidate_2,3,0.03
1009,candidate_3,candidate_1,candidate_2,3,0.03
1010,candidate_3,candidate_1,candidate_2,3,0.03
1011,candidate_3,candidate_1,candidate_2,3,0.03
1012,candidate_3,candidate_1,candidate_2,3,0.03
1013,candidate_3,candidate_1,candidate_2,3,0.03
1014,candidate_3,candidate_1,candidate_2,3,0.03
1015,candidate_3,candidate_1,candidate_2,3,0.03
1016,candidate_3,candidate_1,candidate_2,3,0.03
1017,candidate_3,candidate_1,candidate_2,3,0.03
1018,candidate_3,candidate_1,candidate_2,3,0.03
1019,candidate_3,candidate_1,candidate_2,3,0.03
1020,candidate_3,candidate_1,candidate_2,3,0.03
1021,candidate_3,candidate_1,candidate_2,3,0.03
1022,candidate_3,0,candidate_2,3,0.03
1023,candidate_3,candidate_1,candidate_2,3,0.03
1024,candidate_3,candidate_1,candidate_2,3,0.03
1025,candidate_3,candidate_1,candidate_2,3,0.03
1026,candidate_3,candidate_1,candidate_2,3,0.03
1027,candidate_3,candidate_1,candidate_2,3,0.03
1028,candidate_3,candidate_1,candidate_2,3,0.03
1029,candidate_3,candidate_1,candidate_2,3,0.03
1030,candidate_3,candidate_1,candidate_2,3,0.03
1031,candidate_3,candidate_1,candidate_2,3,0.03
1032,candidate_3,candidate_1,candidate_2,3,0.03
1033,candidate_3,candidate_1,candidate_2,3,0.03
1034,candidate_3,candidate_1,candidate_2,3,0.03
1035,candidate_3,candidate_1,candidate_2,3,0.03
1036,candidate_3,candidate_1,candidate_2,3,0.03
1037,candidate_3,candidate_1,candidate_2,3,0.03
1038,candidate_3,candidate_1,candidate_2,3,0.03
1039,candidate_3,candidate_1,candidate_2,3,0.03
1040,candidate_3,candidate_1,candidate_2,3,0.03
1041,candidate_3,candidate_1,candidate_2,3,0.03
1042,candidate_3,candidate_1,candidate_2,3,0.03
1043,candidate_3,candidate_1,candidate_2,3,0.03
1044,candidate_3,candidate_1,candidate_2,3,0.03
1045,candidate_3,candidate_1,candidate_2,3,0.03
1046,candidate_3,candidate_1,candidate_2,3,0.03
1047,candidate_3,candidate_1,candidate_2,3,0.03
1048,candidate_3,candidate_1,candidate_2,3,0.03
1049,candidate_3,candidate_1,candidate_2,3,0.03
1050,candidate_3,candidate_1,candidate_2,3,0.03
1051,candidate_3,candidate_1,candidate_2,3,0.03
1052,candidate_3,candidate_1,candidate_2,3,0.03
1053,candidate_3,candidate_1,candidate_2,3,0.03
1054,candidate_3,candidate_1,candidate_2,3,0.03
1055,candidate_3,candidate_1,candidate_2,3,0.03
1056,candidate_3,candidate_1,candidate_2,3,0.03
1057,candidate_3,candidate_1,candidate_2,3,0.03
1058,candidate_3,candidate_1,candidate_2,3,0.03
1059,candidate_3,candidate_1,candidate_2,3,0.03
1060,candidate_3,candidate_1,candidate_2,3,0.03
1061,candidate_3,candidate_1,candidate_2,3,0.03
1062,candidate_3,candidate_1,candidate_2,3,0.03
1063,candidate_3,candidate_1,candidate_2,3,0.03
1064,candidate_3,candidate_1,candidate_2,3,0.03
1065,candidate_3,candidate_1,candidate_2,3,0.03
1066,candidate_3,candidate_1,0,3,0.03
1067,candidate_3,candidate_1,candidate_2,3,0.03
1068,candidate_3,candidate_1,candidate_2,3,0.03
1069,candidate_3,candidate_1,candidate_2,3,0.03
1070,candidate_3,candidate_1,candidate_2,3,0.03
1071,candidate_3,candidate_1,candidate_2,3,0.03
1072,candidate_3,candidate_1,candidate_2,3,0.03
1073,candidate_3,candidate_1,candidate_2,3,0.03
1074,candidate_3,candidate_1,candidate_2,3,0.03
1075,candidate_3,candidate_1,candidate_2,3,0.03
1076,candidate_3,candidate_1,candidate_2,3,0.03
1077,candidate_3,candidate_1,candidate_2,3,0.03
1078,candidate_3,candidate_1,0,3,0.03
1079,candidate_3,candidate_1,candidate_2,3,0.03
1080,candidate_3,candidate_1,candidate_2,3,0.03
1081,candidate_3,candidate_1,candidate_2,3,0.03
1082,candidate_3,candidate_1,candidate_2,3,0.03
1083,candidate_3,candidate_1,candidate_2,3,0.03
1084,candidate_3,candidate_1,candidate_2,3,0.03
1085,candidate_3,candidate_1,candidate_2,3,0.03
1086,candidate_3,candidate_1,candidate_2,3,0.03
1087,0,candidate_1,candidate_2,3,0.03
1088,candidate_3,0,candidate_2,3,0.03
1089,candidate_3,candidate_1,candidate_2,3,0.03
1090,candidate_3,candidate_1,candidate_2,3,0.03
1091,candidate_3,candidate_1,candidate_2,3,0.03
1092,candidate_3,candidate_1,candidate_2,3,0.03
1093,candidate_3,candidate_1,candidate_2,3,0.03
1094,candidate_3,candidate_1,candidate_2,3,0.03
1095,candidate_3,candidate_1,candidate_2,3,0.03
1096,candidate_3,candidate_1,candidate_2,3,0.03
1097,candidate_3,candidate_1,candidate_2,3,0.03
1098,candidate_3,candidate_1,candidate_2,3,0.03
1099,candidate_3,candidate_1,candidate_2,3,0.03
1100,candidate_3,0,0,3,0.03
1101,0,0,candidate_2,3,0.03
1102,candidate_3,candidate_1,candidate_2,3,0.03
1103,0,candidate_1,candidate_2,3,0.03
1104,candidate_3,candidate_1,candidate_2,3,0.03
1105,candidate_3,candidate_1,candidate_2,3,0.03
1106,candidate_3,candidate_1,candidate_2,3,0.03
1107,candidate_3,candidate_1,candidate_2,3,0.03
1108,candidate_3,candidate_1,candidate_2,3,0.03
1109,candidate_3,candidate_1,candidate_2,3,0.03
1110,candidate_3,candidate_1,candidate_2,3,0.03
1111,candidate_3,candidate_1,candidate_2,3,0.03
1112,candidate_3,candidate_1,candidate_2,3,0.03
1113,candidate_3,candidate_1,candidate_2,3,0.03
1114,candidate_3,candidate_1,candidate_2,3,0.03
1115,candidate_3,candidate_1,candidate_2,3,0.03
1116,candidate_3,candidate_1,candidate_2,3,0.03
1117,candidate_3,candidate_1,candidate_2,3,0.03
1118,candidate_3,candidate_1,candidate_2,3,0.03
1119,candidate_3,candidate_1,candidate_2,3,0.03
1120,candidate_3,candidate_1,candidate_2,3,0.03
1121,candidate_3,candidate_1,candidate_2,3,0.03
1122,candidate_3,candidate_1,candidate_2,3,0.03
1123,candidate_3,candidate_1,candidate_2,3,0.03
1124,candidate_3,candidate_1,candidate_2,3,0.03
1125,candidate_3,candidate_1,candidate_2,3,0.03
1126,candidate_3,candidate_1,candidate_2,3,0.03
1127,candidate_3,candidate_1,candidate_2,3,0.03
1128,candidate_3,candidate_1,candidate_2,3,0.03
1129,candidate_3,candidate_1,candidate_2,3,0.03
1130,candidate_3,candidate_1,candidate_2,3,0.03
1131,candidate_3,candidate_1,candidate_2,3,0.03
1132,candidate_3,candidate_1,candidate_2,3,0.03
1133,candidate_3,candidate_1,candidate_2,3,0.03
1134,candidate_3,candidate_1,candidate_2,3,0.03
1135,candidate_3,candidate_1,candidate_2,3,0.03
1136,candidate_3,candidate_1,candidate_2,3,0.03
1137,candidate_3,candidate_1,candidate_2,3,0.03
1138,candidate_3,candidate_1,candidate_2,3,0.03
1139,candidate_3,candidate_1,candidate_2,3,0.03
1140,candidate_3,0,candidate_2,3,0.03
1141,candidate_3,candidate_1,candidate_2,3,0.03
1142,candidate_3,candidate_1,candidate_2,3,0.03
1143,candidate_3,candidate_1,candidate_2,3,0.03
1144,candidate_3,candidate_1,candidate_2,3,0.03
1145,candidate_3,candidate_1,candidate_2,3,0.03
1146,candidate_3,0,candidate_2,3,0.03
1147,candidate_3,candidate_1,candidate_2,3,0.03
1148,candidate_3,candidate_1,candidate_2,3,0.03
1149,candidate_3,candidate_1,candidate_2,3,0.03
1150,0,candidate_1,candidate_2,3,0.03
1151,candidate_3,candidate_1,candidate_2,3,0.03
1152,candidate_3,candidate_1,candidate_2,3,0.03
1153,candidate_3,candidate_1,candidate_2,3,0.03
1154,candidate_3,candidate_1,candidate_2,3,0.03
1155,candidate_3,candidate_1,0,3,0.03
1156,candidate_3,candidate_1,0,3,0.03
1157,candidate_3,candidate_1,candidate_2,3,0.03
1158,candidate_3,candidate_1,candidate_2,3,0.03
1159,candidate_3,candidate_1,candidate_2,3,0.03
1160,candidate_3,candidate_1,candidate_2,3,0.03
1161,candidate_3,candidate_1,candidate_2,3,0.03
1162,candidate_3,0,candidate_2,3,0.03
1163,candidate_3,candidate_1,candidate_2,3,0.03
1164,candidate_3,candidate_1,candidate_2,3,0.03
1165,candidate_3,candidate_1,candidate_2,3,0.03
1166,candidate_3,candidate_1,candidate_2,3,0.03
1167,candidate_3,candidate_1,candidate_2,3,0.03
1168,candidate_3,candidate_1,candidate_2,3,0.03
1169,candidate_3,candidate_1,candidate_2,3,0.03
1170,candidate_3,candidate_1,candidate_2,3,0.03
1171,candidate_3,candidate_1,candidate_2,3,0.03
1172,candidate_3,candidate_1,candidate_2,3,0.03
1173,candidate_3,0,candidate_2,3,0.03
1174,candidate_3,candidate_1,candidate_2,3,0.03
1175,candidate_3,candidate_1,candidate_2,3,0.03
1176,candidate_3,candidate_1,candidate_2,3,0.03
1177,candidate_3,candidate_1,candidate_2,3,0.03
1178,candidate_3,candidate_1,candidate_2,3,0.03
1179,candidate_3,candidate_1,candidate_2,3,0.03
1180,candidate_3,candidate_1,candidate_2,3,0.03
1181,candidate_3,candidate_1,candidate_2,3,0.03
1182,candidate_3,candidate_1,0,3,0.03
1183,candidate_3,candidate_1,0,3,0.03
1184,candidate_3,candidate_1,candidate_2,3,0.03
1185,candidate_3,candidate_1,candidate_2,3,0.03
1186,candidate_3,candidate_1,candidate_2,3,0.03
1187,candidate_3,candidate_1,candidate_2,3,0.03
1188,candidate_3,candidate_1,candidate_2,3,0.03
1189,candidate_3,candidate_1,candidate_2,3,0.03
1190,candidate_3,candidate_1,candidate_2,3,0.03
1191,candidate_3,0,candidate_2,3,0.03
1192,candidate_3,candidate_1,candidate_2,3,0.03
1193,candidate_3,candidate_1,candidate_2,3,0.03
1194,0,candidate_1,candidate_2,3,0.03
1195,candidate_3,candidate_1,candidate_2,3,0.03
1196,candidate_3,candidate_1,candidate_2,3,0.03
1197,candidate_3,candidate_1,candidate_2,3,0.03
1198,candidate_3,candidate_1,candidate_2,3,0.03
1199,candidate_3,candidate_1,candidate_2,3,0.03
1200,candidate_3,candidate_1,candidate_2,3,0.03
1201,candidate_3,candidate_1,candidate_2,3,0.03
1202,candidate_3,candidate_1,candidate_2,3,0.03
1203,candidate_3,candidate_1,candidate_2,3,0.03
1204,candidate_3,candidate_1,candidate_2,3,0.03
1205,candidate_3,candidate_1,candidate_2,3,0.03
1206,candidate_3,candidate_1,candidate_2,3,0.03
1207,candidate_3,candidate_1,candidate_2,3,0.03
1208,candidate_3,candidate_1,candidate_2,3,0.03
1209,candidate_3,candidate_1,candidate_2,3,0.03
1210,candidate_3,candidate_1,candidate_2,3,0.03
1211,candidate_3,candidate_1,candidate_2,3,0.03
1212,candidate_3,candidate_1,candidate_2,3,0.03
1213,candidate_3,candidate_1,candidate_2,3,0.03
1214,candidate_3,candidate_1,candidate_2,3,0.03
1215,candidate_3,candidate_1,candidate_2,3,0.03
1216,candidate_3,candidate_1,candidate_2,3,0.03
1217,candidate_3,candidate_1,candidate_2,3,0.03
1218,candidate_3,candidate_1,candidate_2,3,0.03
1219,candidate_3,candidate_1,candidate_2,3,0.03
1220,candidate_3,0,candidate_2,3,0.03
1221,candidate_3,candidate_1,candidate_2,3,0.03
1222,candidate_3,candidate_1,candidate_2,3,0.03
1223,candidate_3,candidate_1,candidate_2,3,0.03
1224,candidate_3,candidate_1,candidate_2,3,0.03
1225,candidate_3,candidate_1,candidate_2,3,0.03
1226,candidate_3,candidate_1,candidate_2,3,0.03
1227,0,candidate_1,candidate_2,3,0.03
1228,candidate_3,candidate_1,candidate_2,3,0.03
1229,candidate_3,candidate_1,candidate_2,3,0.03
1230,candidate_3,candidate_1,candidate_2,3,0.03
1231,candidate_3,candidate_1,candidate_2,3,0.03
1232,candidate_3,candidate_1,candidate_2,3,0.03
1233,candidate_3,candidate_1,candidate_2,3,0.03
1234,candidate_3,candidate_1,candidate_2,3,0.03
1235,candidate_3,candidate_1,candidate_2,3,0.03
1236,candidate_3,candidate_1,candidate_2,3,0.03
1237,candidate_3,candidate_1,candidate_2,3,0.03
1238,candidate_3,candidate_1,candidate_2,3,0.03
1239,candidate_3,candidate_1,candidate_2,3,0.03
1240,candidate_3,candidate_1,candidate_2,3,0.03
1241,candidate_3,candidate_1,candidate_2,3,0.03
1242,candidate_3,candidate_1,candidate_2,3,0.03
1243,candidate_3,candidate_1,candidate_2,3,0.03
1244,candidate_3,candidate_1,candidate_2,3,0.03
1245,candidate_3,candidate_1,0,3,0.03
1246,candidate_3,candidate_1,candidate_2,3,0.03
1247,candidate_3,candidate_1,candidate_2,3,0.03
1248,candidate_3,candidate_1,candidate_2,3,0.03
1249,0,candidate_1,candidate_2,3,0.03
1250,candidate_3,candidate_1,candidate_2,3,0.03
1251,candidate_3,candidate_1,candidate_2,3,0.03
1252,candidate_3,candidate_1,candidate_2,3,0.03
1253,candidate_3,candidate_1,candidate_2,3,0.03
1254,candidate_3,candidate_1,candidate_2,3,0.03
1255,candidate_3,0,candidate_2,3,0.03
1256,candidate_3,candidate_1,candidate_2,3,0.03
1257,candidate_3,candidate_1,candidate_2,3,0.03
1258,0,candidate_1,candidate_2,3,0.03
1259,candidate_3,candidate_1,candidate_2,3,0.03
1260,candidate_3,candidate_1,candidate_2,3,0.03
1261,candidate_3,candidate_1,candidate_2,3,0.03
1262,candidate_3,candidate_1,candidate_2,3,0.03
1263,candidate_3,candidate_1,candidate_2,3,0.03
1264,candidate_3,candidate_1,candidate_2,3,0.03
1265,candidate_3,candidate_1,candidate_2,3,0.03
1266,candidate_3,candidate_1,candidate_2,3,0.03
1267,candidate_3,candidate_1,candidate_2,3,0.03
1268,candidate_3,candidate_1,candidate_2,3,0.03
1269,candidate_3,candidate_1,candidate_2,3,0.03
1270,candidate_3,candidate_1,candidate_2,3,0.03
1271,candidate_3,candidate_1,candidate_2,3,0.03
1272,candidate_3,candidate_1,candidate_2,3,0.03
1273,candidate_3,candidate_1,0,3,0.03
1274,candidate_3,candidate_1,candidate_2,3,0.03
1275,candidate_3,candidate_1,candidate_2,3,0.03
1276,candidate_3,candidate_1,candidate_2,3,0.03
1277,candidate_3,candidate_1,candidate_2,3,0.03
1278,candidate_3,candidate_1,candidate_2,3,0.03
1279,candidate_3,candidate_1,candidate_2,3,0.03
1280,candidate_3,candidate_1,candidate_2,3,0.03
1281,candidate_3,candidate_1,candidate_2,3,0.03
1282,candidate_3,candidate_1,0,3,0.03
1283,candidate_3,candidate_1,candidate_2,3,0.03
1284,candidate_3,candidate_1,candidate_2,3,0.03
1285,candidate_3,candidate_1,candidate_2,3,0.03
1286,candidate_3,candidate_1,candidate_2,3,0.03
1287,candidate_3,candidate_1,candidate_2,3,0.03
1288,candidate_3,candidate_1,candidate_2,3,0.03
1289,candidate_3,candidate_1,candidate_2,3,0.03
1290,candidate_3,candidate_1,candidate_2,3,0.03
1291,candidate_3,candidate_1,candidate_2,3,0.03
1292,candidate_3,candidate_1,candidate_2,3,0.03
1293,candidate_3,candidate_1,candidate_2,3,0.03
1294,candidate_3,candidate_1,candidate_2,3,0.03
1295,candidate_3,candidate_1,candidate_2,3,0.03
1296,candidate_3,candidate_1,candidate_2,3,0.03
1297,candidate_3,candidate_1,candidate_2,3,0.03
1298,candidate_3,candidate_1,candidate_2,3,0.03
1299,candidate_3,candidate_1,candidate_2,3,0.03
1300,candidate_3,candidate_1,candidate_2,3,0.03
1301,candidate_3,candidate_1,candidate_2,3,0.03
1302,candidate_3,0,0,3,0.03
1303,candidate_3,candidate_1,candidate_2,3,0.03
1304,candidate_3,candidate_1,candidate_2,3,0.03
1305,candidate_3,candidate_1,candidate_2,3,0.03
1306,candidate_3,candidate_1,candidate_2,3,0.03
1307,candidate_3,candidate_1,candidate_2,3,0.03
1308,candidate_3,candidate_1,candidate_2,3,0.03
1309,candidate_3,candidate_1,candidate_2,3,0.03
1310,candidate_3,candidate_1,candidate_2,3,0.03
1311,candidate_3,candidate_1,candidate_2,3,0.03
1312,candidate_3,candidate_1,candidate_2,3,0.03
1313,candidate_3,0,candidate_2,3,0.03
1314,candidate_3,candidate_1,candidate_2,3,0.03
1315,candidate_3,candidate_1,candidate_2,3,0.03
1316,candidate_3,candidate_1,candidate_2,3,0.03
1317,candidate_3,candidate_1,candidate_2,3,0.03
1318,candidate_3,candidate_1,candidate_2,3,0.03
1319,candidate_3,candidate_1,candidate_2,3,0.03
1320,candidate_3,candidate_1,0,3,0.03
1321,candidate_3,candidate_1,candidate_2,3,0.03
1322,candidate_3,candidate_1,candidate_2,3,0.03
1323,candidate_3,candidate_1,candidate_2,3,0.03
1324,candidate_3,candidate_1,candidate_2,3,0.03
1325,candidate_3,candidate_1,candidate_2,3,0.03
1326,candidate_3,candidate_1,candidate_2,3,0.03
1327,candidate_3,candidate_1,candidate_2,3,0.03
1328,candidate_3,candidate_1,candidate_2,3,0.03
1329,candidate_3,candidate_1,candidate_2,3,0.03
1330,candidate_3,candidate_1,candidate_2,3,0.03
1331,candidate_3,candidate_1,candidate_2,3,0.03
1332,candidate_3,candidate_1,candidate_2,3,0.03
1333,candidate_3,candidate_1,candidate_2,3,0.03
1334,candidate_3,candidate_1,candidate_2,3,0.03
1335,candidate_3,candidate_1,candidate_2,3,0.03
1336,candidate_3,candidate_1,candidate_2,3,0.03
1337,candidate_3,candidate_1,candidate_2,3,0.03
1338,candidate_3,candidate_1,candidate_2,3,0.03
1339,candidate_3,0,candidate_2,3,0.03
1340,candidate_3,candidate_1,candidate_2,3,0.03
1341,candidate_3,candidate_1,candidate_2,3,0.03
1342,candidate_3,candidate_1,candidate_2,3,0.03
1343,candidate_3,candidate_1,candidate_2,3,0.03
1344,candidate_3,candidate_1,candidate_2,3,0.03
1345,candidate_3,candidate_1,candidate_2,3,0.03
1346,candidate_3,candidate_1,candidate_2,3,0.03
1347,candidate_3,candidate_1,candidate_2,3,0.03
1348,candidate_3,candidate_1,candidate_2,3,0.03
1349,candidate_3,candidate_1,candidate_2,3,0.03
1350,candidate_3,candidate_1,candidate_2,3,0.03
1351,candidate_3,candidate_1,candidate_2,3,0.03
1352,candidate_3,candidate_1,candidate_2,3,0.03
1353,0,candidate_1,candidate_2,3,0.03
1354,candidate_3,candidate_1,candidate_2,3,0.03
1355,candidate_3,candidate_1,candidate_2,3,0.03
1356,candidate_3,candidate_1,candidate_2,3,0.03
1357,candidate_3,candidate_1,candidate_2,3,0.03
1358,candidate_3,candidate_1,candidate_2,3,0.03
1359,candidate_3,candidate_1,candidate_2,3,0.03
1360,candidate_3,candidate_1,candidate_2,3,0.03
1361,candidate_3,candidate_1,candidate_2,3,0.03
1362,candidate_3,candidate_1,candidate_2,3,0.03
1363,candidate_3,candidate_1,candidate_2,3,0.03
1364,candidate_3,0,candidate_2,3,0.03
1365,candidate_3,candidate_1,candidate_2,3,0.03
1366,candidate_3,candidate_1,candidate_2,3,0.03
1367,candidate_3,candidate_1,candidate_2,3,0.03
1368,candidate_3,candidate_1,candidate_2,3,0.03
1369,candidate_3,candidate_1,candidate_2,3,0.03
1370,candidate_3,candidate_1,candidate_2,3,0.03
1371,candidate_3,candidate_1,candidate_2,3,0.03
1372,candidate_3,candidate_1,candidate_2,3,0.03
1373,candidate_3,candidate_1,candidate_2,3,0.03
1374,candidate_3,candidate_1,0,3,0.03
1375,candidate_3,candidate_1,candidate_2,3,0.03
1376,candidate_3,candidate_1,candidate_2,3,0.03
1377,candidate_3,0,candidate_2,3,0.03
1378,candidate_3,candidate_1,candidate_2,3,0.03
1379,candidate_3,candidate_1,candidate_2,3,0.03
1380,candidate_3,candidate_1,candidate_2,3,0.03
1381,candidate_3,candidate_1,candidate_2,3,0.03
1382,candidate_3,candidate_1,candidate_2,3,0.03
1383,candidate_3,candidate_1,candidate_2,3,0.03
1384,candidate_3,candidate_1,candidate_2,3,0.03
1385,candidate_3,candidate_1,candidate_2,3,0.03
1386,candidate_3,candidate_1,candidate_2,3,0.03
1387,candidate_3,candidate_1,candidate_2,3,0.03
1388,candidate_3,candidate_1,candidate_2,3,0.03
1389,candidate_3,candidate_1,candidate_2,3,0.03
1390,candidate_3,candidate_1,candidate_2,3,0.03
1391,candidate_3,candidate_1,candidate_2,3,0.03
1392,candidate_3,candidate_1,candidate_2,3,0.03
1393,candidate_3,candidate_1,candidate_2,3,0.03
1394,candidate_3,candidate_1,candidate_2,3,0.03
1395,candidate_3,candidate_1,candidate_2,3,0.03
1396,candidate_3,candidate_1,candidate_2,3,0.03
1397,candidate_3,candidate_1,candidate_2,3,0.03
1398,candidate_3,candidate_1,candidate_2,3,0.03
1399,candidate_3,candidate_1,candidate_2,3,0.03
1400,candidate_3,candidate_1,candidate_2,3,0.03
1401,candidate_3,candidate_1,candidate_2,3,0.03
1402,candidate_3,candidate_1,candidate_2,3,0.03
1403,candidate_3,candidate_1,candidate_2,3,0.03
1404,candidate_3,candidate_1,candidate_2,3,0.03
1405,candidate_3,candidate_1,candidate_2,3,0.03
1406,candidate_3,candidate_1,candidate_2,3,0.03
1407,candidate_3,candidate_1,candidate_2,3,0.03
1408,candidate_3,candidate_1,candidate_2,3,0.03
1409,candidate_3,candidate_1,0,3,0.03
1410,candidate_3,candidate_1,candidate_2,3,0.03
1411,candidate_3,candidate_1,candidate_2,3,0.03
1412,candidate_3,candidate_1,candidate_2,3,0.03
1413,candidate_3,candidate_1,candidate_2,3,0.03
1414,candidate_3,candidate_1,candidate_2,3,0.03
1415,candidate_3,candidate_1,candidate_2,3,0.03
1416,candidate_3,candidate_1,candidate_2,3,0.03
1417,candidate_3,candidate_1,candidate_2,3,0.03
1418,candidate_3,candidate_1,candidate_2,3,0.03
1419,candidate_3,candidate_1,candidate_2,3,0.03
1420,candidate_3,candidate_1,candidate_2,3,0.03
1421,candidate_3,candidate_1,candidate_2,3,0.03
1422,candidate_3,0,candidate_2,3,0.03
1423,candidate_3,0,candidate_2,3,0.03
1424,candidate_3,candidate_1,candidate_2,3,0.03
1425,candidate_3,candidate_1,candidate_2,3,0.03
1426,candidate_3,candidate_1,candidate_2,3,0.03
1427,candidate_3,candidate_1,candidate_2,3,0.03
1428,candidate_3,candidate_1,candidate_2,3,0.03
1429,candidate_3,candidate_1,candidate_2,3,0.03
1430,candidate_3,candidate_1,candidate_2,3,0.03
1431,candidate_3,candidate_1,candidate_2,3,0.03
1432,candidate_3,candidate_1,candidate_2,3,0.03
1433,candidate_3,candidate_1,candidate_2,3,0.03
1434,candidate_3,candidate_1,candidate_2,3,0.03
1435,candidate_3,candidate_1,candidate_2,3,0.03
1436,candidate_3,candidate_1,candidate_2,3,0.03
1437,candidate_3,candidate_1,candidate_2,3,0.03
1438,candidate_3,0,candidate_2,3,0.03
1439,candidate_3,candidate_1,candidate_2,3,0.03
1440,candidate_3,candidate_1,candidate_2,3,0.03
1441,candidate_3,candidate_1,candidate_2,3,0.03
1442,candidate_3,candidate_1,candidate_2,3,0.03
1443,candidate_3,candidate_1,candidate_2,3,0.03
1444,candidate_3,candidate_1,candidate_2,3,0.03
1445,candidate_3,candidate_1,candidate_2,3,0.03
1446,candidate_3,candidate_1,candidate_2,3,0.03
1447,candidate_3,candidate_1,candidate_2,3,0.03
1448,candidate_3,candidate_1,candidate_2,3,0.03
1449,candidate_3,candidate_1,candidate_2,3,0.03
1450,candidate_3,candidate_1,candidate_2,3,0.03
1451,candidate_3,candidate_1,candidate_2,3,0.03
1452,candidate_3,candidate_1,candidate_2,3,0.03
1453,candidate_3,candidate_1,candidate_2,3,0.03
1454,candidate_3,candidate_1,candidate_2,3,0.03
1455,candidate_3,candidate_1,candidate_2,3,0.03
1456,candidate_3,candidate_1,candidate_2,3,0.03
1457,candidate_3,candidate_1,candidate_2,3,0.03
1458,candidate_3,candidate_1,candidate_2,3,0.03
1459,candidate_3,candidate_1,candidate_2,3,0.03
1460,candidate_3,candidate_1,candidate_2,3,0.03
1461,candidate_3,candidate_1,candidate_2,3,0.03
1462,candidate_3,candidate_1,candidate_2,3,0.03
1463,candidate_3,candidate_1,candidate_2,3,0.03
1464,candidate_3,candidate_1,candidate_2,3,0.03
1465,candidate_3,candidate_1,candidate_2,3,0.03
1466,0,candidate_1,candidate_2,3,0.03
1467,candidate_3,candidate_1,candidate_2,3,0.03
1468,candidate_3,candidate_1,candidate_2,3,0.03
1469,candidate_3,candidate_1,candidate_2,3,0.03
1470,candidate_3,candidate_1,0,3,0.03
1471,candidate_3,candidate_1,candidate_2,3,0.03
1472,candidate_3,candidate_1,candidate_2,3,0.03
1473,candidate_3,candidate_1,candidate_2,3,0.03
1474,candidate_3,candidate_1,candidate_2,3,0.03
1475,candidate_3,candidate_1,candidate_2,3,0.03
1476,candidate_3,candidate_1,candidate_2,3,0.03
1477,candidate_3,candidate_1,candidate_2,3,0.03
1478,candidate_3,candidate_1,candidate_2,3,0.03
1479,candidate_3,candidate_1,candidate_2,3,0.03
1480,candidate_3,candidate_1,candidate_2,3,0.03
1481,candidate_3,candidate_1,candidate_2,3,0.03
1482,candidate_3,candidate_1,candidate_2,3,0.03
1483,candidate_3,candidate_1,candidate_2,3,0.03
1484,candidate_3,candidate_1,candidate_2,3,0.03
1485,candidate_3,candidate_1,candidate_2,3,0.03
1486,candidate_3,candidate_1,candidate_2,3,0.03
1487,candidate_3,candidate_1,candidate_2,3,0.03
1488,candidate_3,candidate_1,candidate_2,3,0.03
1489,candidate_3,candidate_1,candidate_2,3,0.03
1490,candidate_3,candidate_1,candidate_2,3,0.03
1491,candidate_3,candidate_1,candidate_2,3,0.03
1492,candidate_3,candidate_1,candidate_2,3,0.03
1493,candidate_3,candidate_1,candidate_2,3,0.03
1494,candidate_3,candidate_1,candidate_2,3,0.03
1495,candidate_3,candidate_1,candidate_2,3,0.03
1496,0,candidate_1,candidate_2,3,0.03
1497,candidate_3,candidate_1,candidate_2,3,0.03
1498,candidate_3,candidate_1,candidate_2,3,0.03
1499,candidate_3,candidate_1,candidate_2,3,0.03
1500,0,candidate_1,candidate_2,3,0.03
1501,candidate_3,candidate_1,candidate_2,3,0.03
1502,candidate_3,candidate_1,candidate_2,3,0.03
1503,candidate_3,candidate_1,candidate_2,3,0.03
1504,candidate_3,candidate_1,candidate_2,3,0.03
1505,candidate_3,candidate_1,candidate_2,3,0.03
1506,candidate_3,candidate_1,candidate_2,3,0.03
1507,candidate_3,candidate_1,0,3,0.03
1508,candidate_3,candidate_1,candidate_2,3,0.03
1509,candidate_3,candidate_1,candidate_2,3,0.03
1510,candidate_3,candidate_1,candidate_2,3,0.03
1511,candidate_3,candidate_1,candidate_2,3,0.03
1512,candidate_3,candidate_1,candidate_2,3,0.03
1513,candidate_3,candidate_1,candidate_2,3,0.03
1514,candidate_3,candidate_1,candidate_2,3,0.03
1515,candidate_3,candidate_1,candidate_2,3,0.03
1516,candidate_3,0,candidate_2,3,0.03
1517,candidate_3,candidate_1,candidate_2,3,0.03
1518,candidate_3,candidate_1,candidate_2,3,0.03
1519,candidate_3,candidate_1,candidate_2,3,0.03
1520,0,candidate_1,0,3,0.03
1521,candidate_3,candidate_1,candidate_2,3,0.03
1522,candidate_3,candidate_1,candidate_2,3,0.03
1523,candidate_3,candidate_1,candidate_2,3,0.03
1524,candidate_3,candidate_1,candidate_2,3,0.03
1525,candidate_3,candidate_1,candidate_2,3,0.03
1526,candidate_3,candidate_1,candidate_2,3,0.03
1527,candidate_3,candidate_1,candidate_2,3,0.03
1528,candidate_3,candidate_1,candidate_2,3,0.03
1529,candidate_3,candidate_1,candidate_2,3,0.03
1530,candidate_3,0,candidate_2,3,0.03
1531,candidate_3,candidate_1,candidate_2,3,0.03
1532,candidate_3,candidate_1,candidate_2,3,0.03
1533,candidate_3,candidate_1,candidate_2,3,0.03
1534,candidate_3,candidate_1,candidate_2,3,0.03
1535,candidate_3,candidate_1,candidate_2,3,0.03
1536,candidate_3,candidate_1,candidate_2,3,0.03
1537,candidate_3,candidate_1,candidate_2,3,0.03
1538,candidate_3,candidate_1,candidate_2,3,0.03
1539,candidate_3,candidate_1,candidate_2,3,0.03
1540,candidate_3,candidate_1,candidate_2,3,0.03
1541,candidate_3,candidate_1,candidate_2,3,0.03
1542,candidate_3,candidate_1,candidate_2,3,0.03
1543,candidate_3,candidate_1,candidate_2,3,0.03
1544,candidate_3,candidate_1,candidate_2,3,0.03
1545,0,candidate_1,candidate_2,3,0.03
1546,candidate_3,candidate_1,candidate_2,3,0.03
1547,candidate_3,candidate_1,candidate_2,3,0.03
1548,candidate_3,candidate_1,candidate_2,3,0.03
1549,candidate_3,candidate_1,candidate_2,3,0.03
1550,candidate_3,candidate_1,candidate_2,3,0.03
1551,candidate_3,candidate_1,candidate_2,3,0.03
1552,candidate_3,candidate_1,candidate_2,3,0.03
1553,candidate_3,candidate_1,0,3,0.03
1554,candidate_3,candidate_1,candidate_2,3,0.03
1555,candidate_3,candidate_1,candidate_2,3,0.03
1556,candidate_3,candidate_1,candidate_2,3,0.03
1557,candidate_3,candidate_1,candidate_2,3,0.03
1558,candidate_3,candidate_1,candidate_2,3,0.03
1559,candidate_3,candidate_1,candidate_2,3,0.03
1560,candidate_3,candidate_1,candidate_2,3,0.03
1561,candidate_3,candidate_1,candidate_2,3,0.03
1562,candidate_3,candidate_1,candidate_2,3,0.03
1563,candidate_3,candidate_1,candidate_2,3,0.03
1564,candidate_3,candidate_1,candidate_2,3,0.03
1565,candidate_3,candidate_1,candidate_2,3,0.03
1566,candidate_3,candidate_1,candidate_2,3,0.03
1567,candidate_3,candidate_1,candidate_2,3,0.03
1568,candidate_3,candidate_1,candidate_2,3,0.03
1569,candidate_3,candidate_1,candidate_2,3,0.03
1570,candidate_3,candidate_1,candidate_2,3,0.03
1571,0,candidate_1,candidate_2,3,0.03
1572,candidate_3,candidate_1,candidate_2,3,0.03
1573,candidate_3,candidate_1,candidate_2,3,0.03
1574,candidate_3,candidate_1,candidate_2,3,0.03
1575,candidate_3,candidate_1,candidate_2,3,0.03
1576,candidate_3,candidate_1,candidate_2,3,0.03
1577,candidate_3,candidate_1,candidate_2,3,0.03
1578,candidate_3,candidate_1,candidate_2,3,0.03
1579,candidate_3,candidate_1,candidate_2,3,0.03
1580,candidate_3,candidate_1,candidate_2,3,0.03
1581,candidate_3,candidate_1,candidate_2,3,0.03
1582,candidate_3,candidate_1,candidate_2,3,0.03
1583,candidate_3,candidate_1,candidate_2,3,0.03
1584,candidate_3,candidate_1,candidate_2,3,0.03
1585,candidate_3,candidate_1,candidate_2,3,0.03
1586,candidate_3,candidate_1,candidate_2,3,0.03
1587,candidate_3,candidate_1,candidate_2,3,0.03
1588,candidate_3,candidate_1,candidate_2,3,0.03
1589,candidate_3,candidate_1,candidate_2,3,0.03
1590,candidate_3,candidate_1,candidate_2,3,0.03
1591,candidate_3,candidate_1,candidate_2,3,0.03
1592,candidate_3,candidate_1,candidate_2,3,0.03
1593,candidate_3,candidate_1,candidate_2,3,0.03
1594,candidate_3,candidate_1,candidate_2,3,0.03
1595,candidate_3,candidate_1,candidate_2,3,0.03
1596,candidate_3,candidate_1,candidate_2,3,0.03
1597,candidate_3,candidate_1,candidate_2,3,0.03
1598,candidate_3,candidate_1,candidate_2,3,0.03
1599,candidate_3,candidate_1,candidate_2,3,0.03
1600,candidate_3,candidate_1,candidate_2,3,0.03
1601,candidate_3,candidate_1,candidate_2,3,0.03
1602,candidate_3,candidate_1,candidate_2,3,0.03
1603,candidate_3,candidate_1,candidate_2,3,0.03
1604,candidate_3,candidate_1,candidate_2,3,0.03
1605,candidate_3,candidate_1,candidate_2,3,0.03
1606,candidate_3,candidate_1,candidate_2,3,0.03
1607,candidate_3,candidate_1,candidate_2,3,0.03
1608,candidate_3,candidate_1,candidate_2,3,0.03
1609,candidate_3,candidate_1,candidate_2,3,0.03
1610,candidate_3,candidate_1,candidate_2,3,0.03
1611,candidate_3,candidate_1,candidate_2,3,0.03
1612,candidate_3,candidate_1,candidate_2,3,0.03
1613,0,candidate_1,candidate_2,3,0.03
1614,candidate_3,candidate_1,0,3,0.03
1615,candidate_3,candidate_1,candidate_2,3,0.03
1616,candidate_3,candidate_1,candidate_2,3,0.03
1617,candidate_3,candidate_1,candidate_2,3,0.03
1618,candidate_3,candidate_1,candidate_2,3,0.03
1619,candidate_3,candidate_1,candidate_2,3,0.03
1620,candidate_3,0,candidate_2,3,0.03
1621,candidate_3,candidate_1,candidate_2,3,0.03
1622,candidate_3,candidate_1,candidate_2,3,0.03
1623,candidate_3,candidate_1,candidate_2,3,0.03
1624,candidate_3,candidate_1,candidate_2,3,0.03
1625,candidate_3,candidate_1,candidate_2,3,0.03
1626,candidate_3,candidate_1,candidate_2,3,0.03
1627,candidate_3,candidate_1,candidate_2,3,0.03
1628,candidate_3,candidate_1,candidate_2,3,0.03
1629,candidate_3,candidate_1,candidate_2,3,0.03
1630,candidate_3,candidate_1,candidate_2,3,0.03
1631,candidate_3,candidate_1,0,3,0.03
1632,candidate_3,candidate_1,candidate_2,3,0.03
1633,candidate_3,candidate_1,candidate_2,3,0.03
1634,candidate_3,candidate_1,candidate_2,3,0.03
1635,candidate_3,candidate_1,candidate_2,3,0.03
1636,candidate_3,candidate_1,candidate_2,3,0.03
1637,candidate_3,candidate_1,candidate_2,3,0.03
1638,candidate_3,candidate_1,candidate_2,3,0.03
1639,candidate_3,candidate_1,candidate_2,3,0.03
1640,candidate_3,candidate_1,candidate_2,3,0.03
1641,candidate_3,candidate_1,candidate_2,3,0.03
1642,candidate_3,candidate_1,candidate_2,3,0.03
1643,candidate_3,candidate_1,candidate_2,3,0.03
1644,candidate_3,candidate_1,candidate_2,3,0.03
1645,candidate_3,candidate_1,candidate_2,3,0.03
1646,candidate_3,candidate_1,candidate_2,3,0.03
1647,candidate_3,candidate_1,candidate_2,3,0.03
1648,candidate_3,candidate_1,candidate_2,3,0.03
1649,candidate_3,candidate_1,candidate_2,3,0.03
1650,0,candidate_1,candidate_2,3,0.03
1651,candidate_3,candidate_1,candidate_2,3,0.03
1652,candidate_3,candidate_1,candidate_2,3,0.03
1653,candidate_3,candidate_1,candidate_2,3,0.03
1654,candidate_3,candidate_1,candidate_2,3,0.03
1655,candidate_3,candidate_1,candidate_2,3,0.03
1656,candidate_3,candidate_1,candidate_2,3,0.03
1657,0,candidate_1,candidate_2,3,0.03
1658,candidate_3,candidate_1,candidate_2,3,0.03
1659,candidate_3,candidate_1,candidate_2,3,0.03
1660,candidate_3,candidate_1,candidate_2,3,0.03
1661,candidate_3,candidate_1,candidate_2,3,0.03
1662,candidate_3,candidate_1,candidate_2,3,0.03
1663,candidate_3,candidate_1,candidate_2,3,0.03
1664,candidate_3,candidate_1,candidate_2,3,0.03
1665,candidate_3,candidate_1,candidate_2,3,0.03
1666,candidate_3,0,candidate_2,3,0.03
1667,candidate_3,candidate_1,candidate_2,3,0.03
1668,candidate_3,candidate_1,candidate_2,3,0.03
1669,candidate_3,candidate_1,candidate_2,3,0.03
1670,candidate_3,candidate_1,candidate_2,3,0.03
1671,candidate_3,candidate_1,candidate_2,3,0.03
1672,candidate_3,candidate_1,candidate_2,3,0.03
1673,candidate_3,candidate_1,candidate_2,3,0.03
1674,candidate_3,candidate_1,candidate_2,3,0.03
1675,candidate_3,candidate_1,candidate_2,3,0.03
1676,candidate_3,candidate_1,candidate_2,3,0.03
1677,candidate_3,0,candidate_2,3,0.03
1678,candidate_3,candidate_1,candidate_2,3,0.03
1679,0,candidate_1,candidate_2,3,0.03
1680,candidate_3,candidate_1,candidate_2,3,0.03
1681,candidate_3,candidate_1,candidate_2,3,0.03
1682,candidate_3,candidate_1,candidate_2,3,0.03
1683,candidate_3,candidate_1,candidate_2,3,0.03
1684,candidate_3,candidate_1,candidate_2,3,0.03
1685,candidate_3,candidate_1,candidate_2,3,0.03
1686,candidate_3,candidate_1,candidate_2,3,0.03
1687,candidate_3,candidate_1,candidate_2,3,0.03
1688,candidate_3,candidate_1,candidate_2,3,0.03
1689,candidate_3,candidate_1,candidate_2,3,0.03
1690,0,candidate_1,candidate_2,3,0.03
1691,candidate_3,candidate_1,candidate_2,3,0.03
1692,candidate_3,candidate_1,candidate_2,3,0.03
1693,candidate_3,candidate_1,candidate_2,3,0.03
1694,candidate_3,candidate_1,candidate_2,3,0.03
1695,candidate_3,candidate_1,candidate_2,3,0.03
1696,candidate_3,candidate_1,candidate_2,3,0.03
1697,candidate_3,candidate_1,candidate_2,3,0.03
1698,candidate_3,candidate_1,candidate_2,3,0.03
1699,candidate_3,candidate_1,candidate_2,3,0.03
1700,candidate_3,candidate_1,candidate_2,3,0.03
1701,candidate_3,candidate_1,candidate_2,3,0.03
1702,candidate_3,candidate_1,candidate_2,3,0.03
1703,candidate_3,candidate_1,candidate_2,3,0.03
1704,candidate_3,candidate_1,candidate_2,3,0.03
1705,candidate_3,candidate_1,candidate_2,3,0.03
1706,candidate_3,candidate_1,candidate_2,3,0.03
1707,candidate_3,candidate_1,candidate_2,3,0.03
1708,candidate_3,candidate_1,candidate_2,3,0.03
1709,candidate_3,candidate_1,candidate_2,3,0.03
1710,candidate_3,candidate_1,candidate_2,3,0.03
1711,candidate_3,candidate_1,candidate_2,3,0.03
1712,candidate_3,candidate_1,candidate_2,3,0.03
1713,candidate_3,candidate_1,candidate_2,3,0.03
1714,candidate_3,candidate_1,candidate_2,3,0.03
1715,candidate_3,candidate_1,candidate_2,3,0.03
1716,candidate_3,candidate_1,candidate_2,3,0.03
1717,candidate_3,candidate_1,candidate_2,3,0.03
1718,candidate_3,candidate_1,candidate_2,3,0.03
1719,candidate_3,candidate_1,candidate_2,3,0.03
1720,candidate_3,candidate_1,candidate_2,3,0.03
1721,candidate_3,candidate_1,candidate_2,3,0.03
1722,candidate_3,candidate_1,candidate_2,3,0.03
1723,candidate_3,candidate_1,candidate_2,3,0.03
1724,candidate_3,candidate_1,candidate_2,3,0.03
1725,candidate_3,0,candidate_2,3,0.03
1726,candidate_3,candidate_1,candidate_2,3,0.03
1727,candidate_3,candidate_1,candidate_2,3,0.03
1728,candidate_3,candidate_1,candidate_2,3,0.03
1729,candidate_3,candidate_1,candidate_2,3,0.03
1730,candidate_3,candidate_1,candidate_2,3,0.03
1731,candidate_3,candidate_1,candidate_2,3,0.03
1732,candidate_3,candidate_1,candidate_2,3,0.03
1733,candidate_3,candidate_1,candidate_2,3,0.03
1734,candidate_3,candidate_1,candidate_2,3,0.03
1735,candidate_3,candidate_1,candidate_2,3,0.03
1736,candidate_3,candidate_1,candidate_2,3,0.03
1737,candidate_3,candidate_1,candidate_2,3,0.03
1738,candidate_3,candidate_1,candidate_2,3,0.03
1739,candidate_3,0,candidate_2,3,0.03
1740,candidate_3,candidate_1,candidate_2,3,0.03
1741,candidate_3,candidate_1,candidate_2,3,0.03
1742,candidate_3,candidate_1,candidate_2,3,0.03
1743,candidate_3,candidate_1,candidate_2,3,0.03
1744,candidate_3,candidate_1,candidate_2,3,0.03
1745,candidate_3,candidate_1,candidate_2,3,0.03
1746,candidate_3,candidate_1,candidate_2,3,0.03
1747,candidate_3,candidate_1,candidate_2,3,0.03
1748,candidate_3,candidate_1,candidate_2,3,0.03
1749,candidate_3,candidate_1,candidate_2,3,0.03
1750,candidate_3,candidate_1,candidate_2,3,0.03
1751,candidate_3,candidate_1,0,3,0.03
1752,candidate_3,candidate_1,candidate_2,3,0.03
1753,candidate_3,candidate_1,candidate_2,3,0.03
1754,candidate_3,candidate_1,candidate_2,3,0.03
1755,candidate_3,candidate_1,candidate_2,3,0.03
1756,candidate_3,candidate_1,candidate_2,3,0.03
1757,candidate_3,candidate_1,candidate_2,3,0.03
1758,candidate_3,candidate_1,candidate_2,3,0.03
1759,candidate_3,candidate_1,candidate_2,3,0.03
1760,candidate_3,candidate_1,candidate_2,3,0.03
1761,candidate_3,candidate_1,candidate_2,3,0.03
1762,candidate_3,candidate_1,candidate_2,3,0.03
1763,candidate_3,candidate_1,candidate_2,3,0.03
1764,candidate_3,candidate_1,candidate_2,3,0.03
1765,candidate_3,candidate_1,candidate_2,3,0.03
1766,candidate_3,candidate_1,candidate_2,3,0.03
1767,candidate_3,candidate_1,candidate_2,3,0.03
1768,candidate_3,candidate_1,candidate_2,3,0.03
1769,candidate_3,candidate_1,candidate_2,3,0.03
1770,candidate_3,candidate_1,candidate_2,3,0.03
1771,candidate_3,candidate_1,candidate_2,3,0.03
1772,candidate_3,candidate_1,candidate_2,3,0.03
1773,candidate_3,candidate_1,candidate_2,3,0.03
1774,candidate_3,candidate_1,candidate_2,3,0.03
1775,candidate_3,candidate_1,candidate_2,3,0.03
1776,candidate_3,candidate_1,candidate_2,3,0.03
1777,candidate_3,candidate_1,candidate_2,3,0.03
1778,candidate_3,candidate_1,candidate_2,3,0.03
1779,candidate_3,candidate_1,candidate_2,3,0.03
1780,candidate_3,candidate_1,candidate_2,3,0.03
1781,candidate_3,candidate_1,0,3,0.03
1782,candidate_3,candidate_1,candidate_2,3,0.03
1783,candidate_3,candidate_1,candidate_2,3,0.03
1784,candidate_3,candidate_1,candidate_2,3,0.03
1785,candidate_3,candidate_1,candidate_2,3,0.03
1786,candidate_3,candidate_1,candidate_2,3,0.03
1787,candidate_3,candidate_1,candidate_2,3,0.03
1788,candidate_3,candidate_1,candidate_2,3,0.03
1789,candidate_3,candidate_1,candidate_2,3,0.03
1790,candidate_3,candidate_1,candidate_2,3,0.03
1791,candidate_3,candidate_1,candidate_2,3,0.03
1792,candidate_3,candidate_1,candidate_2,3,0.03
1793,candidate_3,candidate_1,candidate_2,3,0.03
1794,candidate_3,candidate_1,candidate_2,3,0.03
1795,candidate_3,candidate_1,candidate_2,3,0.03
1796,candidate_3,candidate_1,candidate_2,3,0.03
1797,candidate_3,candidate_1,candidate_2,3,0.03
1798,candidate_3,candidate_1,candidate_2,3,0.03
1799,candidate_3,candidate_1,candidate_2,3,0.03
1800,0,candidate_1,candidate_2,3,0.03
1801,candidate_3,candidate_1,candidate_2,3,0.03
1802,candidate_3,candidate_1,candidate_2,3,0.03
1803,candidate_3,candidate_1,candidate_2,3,0.03
1804,candidate_3,candidate_1,candidate_2,3,0.03
1805,candidate_3,candidate_1,candidate_2,3,0.03
1806,candidate_3,candidate_1,candidate_2,3,0.03
1807,candidate_3,candidate_1,candidate_2,3,0.03
1808,candidate_3,candidate_1,candidate_2,3,0.03
1809,candidate_3,candidate_1,candidate_2,3,0.03
1810,candidate_3,candidate_1,candidate_2,3,0.03
1811,candidate_3,0,candidate_2,3,0.03
1812,candidate_3,candidate_1,candidate_2,3,0.03
1813,candidate_3,candidate_1,candidate_2,3,0.03
1814,candidate_3,candidate_1,candidate_2,3,0.03
1815,candidate_3,candidate_1,candidate_2,3,0.03
1816,0,candidate_1,candidate_2,3,0.03
1817,candidate_3,candidate_1,candidate_2,3,0.03
1818,candidate_3,candidate_1,candidate_2,3,0.03
1819,candidate_3,candidate_1,candidate_2,3,0.03
1820,candidate_3,candidate_1,candidate_2,3,0.03
1821,candidate_3,candidate_1,candidate_2,3,0.03
1822,candidate_3,candidate_1,candidate_2,3,0.03
1823,candidate_3,candidate_1,candidate_2,3,0.03
1824,candidate_3,candidate_1,candidate_2,3,0.03
1825,candidate_3,candidate_1,candidate_2,3,0.03
1826,candidate_3,candidate_1,candidate_2,3,0.03
1827,candidate_3,candidate_1,candidate_2,3,0.03
1828,candidate_3,candidate_1,candidate_2,3,0.03
1829,candidate_3,candidate_1,candidate_2,3,0.03
1830,candidate_3,candidate_1,candidate_2,3,0.03
1831,candidate_3,candidate_1,candidate_2,3,0.03
1832,0,candidate_1,candidate_2,3,0.03
1833,candidate_3,candidate_1,candidate_2,3,0.03
1834,candidate_3,candidate_1,candidate_2,3,0.03
1835,candidate_3,candidate_1,candidate_2,3,0.03
1836,candidate_3,candidate_1,candidate_2,3,0.03
1837,candidate_3,candidate_1,candidate_2,3,0.03
1838,candidate_3,candidate_1,candidate_2,3,0.03
1839,candidate_3,candidate_1,candidate_2,3,0.03
1840,candidate_3,candidate_1,candidate_2,3,0.03
1841,candidate_3,candidate_1,candidate_2,3,0.03
1842,candidate_3,candidate_1,candidate_2,3,0.03
1843,candidate_3,candidate_1,candidate_2,3,0.03
1844,candidate_3,candidate_1,candidate_2,3,0.03
1845,candidate_3,candidate_1,0,3,0.03
1846,candidate_3,candidate_1,candidate_2,3,0.03
1847,candidate_3,candidate_1,candidate_2,3,0.03
1848,candidate_3,candidate_1,candidate_2,3,0.03
1849,candidate_3,candidate_1,candidate_2,3,0.03
1850,candidate_3,candidate_1,candidate_2,3,0.03
1851,candidate_3,candidate_1,candidate_2,3,0.03
1852,candidate_3,candidate_1,candidate_2,3,0.03
1853,candidate_3,candidate_1,candidate_2,3,0.03
1854,candidate_3,candidate_1,candidate_2,3,0.03
1855,candidate_3,candidate_1,candidate_2,3,0.03
1856,candidate_3,candidate_1,candidate_2,3,0.03
1857,candidate_3,candidate_1,candidate_2,3,0.03
1858,candidate_3,candidate_1,candidate_2,3,0.03
1859,candidate_3,candidate_1,candidate_2,3,0.03
1860,candidate_3,candidate_1,candidate_2,3,0.03
1861,candidate_3,candidate_1,candidate_2,3,0.03
1862,candidate_3,candidate_1,candidate_2,3,0.03
1863,candidate_3,candidate_1,0,3,0.03
1864,candidate_3,candidate_1,candidate_2,3,0.03
1865,candidate_3,candidate_1,candidate_2,3,0.03
1866,candidate_3,candidate_1,candidate_2,3,0.03
1867,candidate_3,candidate_1,candidate_2,3,0.03
1868,0,candidate_1,candidate_2,3,0.03
1869,candidate_3,candidate_1,candidate_2,3,0.03
1870,candidate_3,candidate_1,candidate_2,3,0.03
1871,candidate_3,candidate_1,candidate_2,3,0.03
1872,candidate_3,candidate_1,candidate_2,3,0.03
1873,candidate_3,candidate_1,candidate_2,3,0.03
1874,candidate_3,candidate_1,candidate_2,3,0.03
1875,candidate_3,candidate_1,candidate_2,3,0.03
1876,candidate_3,candidate_1,candidate_2,3,0.03
1877,candidate_3,candidate_1,candidate_2,3,0.03
1878,candidate_3,candidate_1,candidate_2,3,0.03
1879,candidate_3,candidate_1,candidate_2,3,0.03
1880,candidate_3,candidate_1,candidate_2,3,0.03
1881,candidate_3,candidate_1,candidate_2,3,0.03
1882,candidate_3,candidate_1,candidate_2,3,0.03
1883,candidate_3,candidate_1,candidate_2,3,0.03
1884,candidate_3,candidate_1,candidate_2,3,0.03
1885,0,candidate_1,candidate_2,3,0.03
1886,candidate_3,candidate_1,candidate_2,3,0.03
1887,candidate_3,candidate_1,candidate_2,3,0.03
1888,candidate_3,candidate_1,candidate_2,3,0.03
1889,candidate_3,candidate_1,candidate_2,3,0.03
1890,candidate_3,candidate_1,candidate_2,3,0.03
1891,candidate_3,candidate_1,candidate_2,3,0.03
1892,candidate_3,candidate_1,candidate_2,3,0.03
1893,candidate_3,candidate_1,candidate_2,3,0.03
1894,0,candidate_1,candidate_2,3,0.03
1895,candidate_3,candidate_1,candidate_2,3,0.03
1896,0,candidate_1,candidate_2,3,0.03
1897,candidate_3,candidate_1,candidate_2,3,0.03
1898,0,candidate_1,candidate_2,3,0.03
1899,candidate_3,candidate_1,candidate_2,3,0.03
1900,candidate_3,candidate_1,candidate_2,3,0.03
1901,0,candidate_1,candidate_2,3,0.03
1902,candidate_3,candidate_1,candidate_2,3,0.03
1903,candidate_3,candidate_1,candidate_2,3,0.03
1904,candidate_3,candidate_1,candidate_2,3,0.03
1905,candidate_3,candidate_1,candidate_2,3,0.03
1906,candidate_3,candidate_1,candidate_2,3,0.03
1907,candidate_3,candidate_1,candidate_2,3,0.03
1908,candidate_3,candidate_1,candidate_2,3,0.03
1909,candidate_3,candidate_1,candidate_2,3,0.03
1910,candidate_3,candidate_1,candidate_2,3,0.03
1911,candidate_3,candidate_1,candidate_2,3,0.03
1912,candidate_3,candidate_1,candidate_2,3,0.03
1913,0,candidate_1,candidate_2,3,0.03
1914,candidate_3,candidate_1,candidate_2,3,0.03
1915,candidate_3,candidate_1,candidate_2,3,0.03
1916,candidate_3,candidate_1,candidate_2,3,0.03
1917,candidate_3,candidate_1,candidate_2,3,0.03
1918,candidate_3,candidate_1,candidate_2,3,0.03
1919,candidate_3,candidate_1,candidate_2,3,0.03
1920,candidate_3,candidate_1,candidate_2,3,0.03
1921,candidate_3,candidate_1,candidate_2,3,0.03
1922,candidate_3,candidate_1,candidate_2,3,0.03
1923,candidate_3,candidate_1,candidate_2,3,0.03
1924,candidate_3,candidate_1,candidate_2,3,0.03
1925,0,candidate_1,candidate_2,3,0.03
1926,candidate_3,candidate_1,candidate_2,3,0.03
1927,0,candidate_1,candidate_2,3,0.03
1928,candidate_3,candidate_1,candidate_2,3,0.03
1929,candidate_3,candidate_1,candidate_2,3,0.03
1930,candidate_3,candidate_1,candidate_2,3,0.03
1931,candidate_3,candidate_1,candidate_2,3,0.03
1932,candidate_3,candidate_1,candidate_2,3,0.03
1933,candidate_3,candidate_1,candidate_2,3,0.03
1934,candidate_3,candidate_1,candidate_2,3,0.03
1935,candidate_3,candidate_1,candidate_2,3,0.03
1936,candidate_3,candidate_1,candidate_2,3,0.03
1937,candidate_3,candidate_1,candidate_2,3,0.03
1938,candidate_3,candidate_1,candidate_2,3,0.03
1939,candidate_3,candidate_1,candidate_2,3,0.03
1940,candidate_3,candidate_1,candidate_2,3,0.03
1941,candidate_3,candidate_1,candidate_2,3,0.03
1942,candidate_3,candidate_1,candidate_2,3,0.03
1943,candidate_3,candidate_1,candidate_2,3,0.03
1944,candidate_3,candidate_1,candidate_2,3,0.03
1945,candidate_3,candidate_1,candidate_2,3,0.03
1946,candidate_3,candidate_1,candidate_2,3,0.03
1947,candidate_3,candidate_1,candidate_2,3,0.03
1948,candidate_3,candidate_1,candidate_2,3,0.03
1949,candidate_3,candidate_1,candidate_2,3,0.03
1950,candidate_3,candidate_1,candidate_2,3,0.03
1951,candidate_3,candidate_1,candidate_2,3,0.03
1952,candidate_3,candidate_1,candidate_2,3,0.03
1953,candidate_3,candidate_1,candidate_2,3,0.03
1954,candidate_3,candidate_1,candidate_2,3,0.03
1955,candidate_3,candidate_1,candidate_2,3,0.03
1956,candidate_3,candidate_1,candidate_2,3,0.03
1957,candidate_3,candidate_1,candidate_2,3,0.03
1958,candidate_3,candidate_1,candidate_2,3,0.03
1959,candidate_3,candidate_1,candidate_2,3,0.03
1960,candidate_3,candidate_1,candidate_2,3,0.03
1961,candidate_3,candidate_1,candidate_2,3,0.03
1962,candidate_3,candidate_1,candidate_2,3,0.03
1963,candidate_3,candidate_1,candidate_2,3,0.03
1964,candidate_3,candidate_1,candidate_2,3,0.03
1965,candidate_3,candidate_1,0,3,0.03
1966,candidate_3,candidate_1,candidate_2,3,0.03
1967,candidate_3,candidate_1,candidate_2,3,0.03
1968,candidate_3,candidate_1,candidate_2,3,0.03
1969,candidate_3,candidate_1,candidate_2,3,0.03
1970,candidate_3,candidate_1,candidate_2,3,0.03
1971,candidate_3,candidate_1,candidate_2,3,0.03
1972,candidate_3,candidate_1,candidate_2,3,0.03
1973,candidate_3,candidate_1,candidate_2,3,0.03
1974,candidate_3,candidate_1,candidate_2,3,0.03
1975,candidate_3,candidate_1,candidate_2,3,0.03
1976,candidate_3,candidate_1,candidate_2,3,0.03
1977,candidate_3,candidate_1,candidate_2,3,0.03
1978,candidate_3,candidate_1,candidate_2,3,0.03
1979,candidate_3,candidate_1,candidate_2,3,0.03
1980,candidate_3,candidate_1,candidate_2,3,0.03
1981,candidate_3,candidate_1,candidate_2,3,0.03
1982,candidate_3,candidate_1,candidate_2,3,0.03
1983,candidate_3,candidate_1,candidate_2,3,0.03
1984,candidate_3,candidate_1,candidate_2,3,0.03
1985,candidate_3,candidate_1,candidate_2,3,0.03
1986,candidate_3,candidate_1,candidate_2,3,0.03
1987,candidate_3,candidate_1,candidate_2,3,0.03
1988,candidate_3,candidate_1,candidate_2,3,0.03
1989,candidate_3,candidate_1,candidate_2,3,0.03
1990,candidate_3,candidate_1,candidate_2,3,0.03
1991,candidate_3,candidate_1,candidate_2,3,0.03
1992,0,candidate_1,candidate_2,3,0.03
1993,candidate_3,candidate_1,candidate_2,3,0.03
1994,candidate_3,candidate_1,candidate_2,3,0.03
1995,candidate_3,candidate_1,candidate_2,3,0.03
1996,candidate_3,candidate_1,candidate_2,3,0.03
1997,candidate_3,candidate_1,candidate_2,3,0.03
1998,candidate_3,candidate_1,candidate_2,3,0.03
1999,0,0,candidate_2,3,0.03
2000,candidate_3,candidate_1,candidate_2,3,0.03
2001,candidate_3,candidate_1,candidate_2,3,0.03
2002,candidate_3,candidate_1,candidate_2,3,0.03
2003,candidate_3,candidate_1,candidate_2,3,0.03
2004,candidate_3,candidate_1,candidate_2,3,0.03
2005,candidate_3,candidate_1,candidate_2,3,0.03
2006,candidate_3,candidate_1,candidate_2,3,0.03
2007,candidate_3,candidate_1,candidate_2,3,0.03
2008,candidate_3,candidate_1,candidate_2,3,0.03
2009,candidate_3,candidate_1,candidate_2,3,0.03
2010,candidate_3,candidate_1,candidate_2,3,0.03
2011,candidate_3,candidate_1,candidate_2,3,0.03
2012,0,candidate_1,candidate_2,3,0.03
2013,candidate_3,candidate_1,candidate_2,3,0.03
2014,candidate_3,candidate_1,candidate_2,3,0.03
2015,candidate_3,candidate_1,candidate_2,3,0.03
2016,candidate_3,candidate_1,candidate_2,3,0.03
2017,candidate_3,candidate_1,candidate_2,3,0.03
2018,0,candidate_1,candidate_2,3,0.03
2019,candidate_3,candidate_1,candidate_2,3,0.03
2020,candidate_3,candidate_1,candidate_2,3,0.03
2021,candidate_3,candidate_1,candidate_2,3,0.03
2022,candidate_3,candidate_1,candidate_2,3,0.03
2023,candidate_3,candidate_1,candidate_2,3,0.03
2024,candidate_3,candidate_1,candidate_2,3,0.03
2025,candidate_3,candidate_1,candidate_2,3,0.03
2026,candidate_3,candidate_1,candidate_2,3,0.03
2027,candidate_3,candidate_1,candidate_2,3,0.03
2028,candidate_3,candidate_1,candidate_2,3,0.03
2029,candidate_3,candidate_1,candidate_2,3,0.03
2030,candidate_3,candidate_1,candidate_2,3,0.03
2031,candidate_3,candidate_1,candidate_2,3,0.03
2032,candidate_3,candidate_1,candidate_2,3,0.03
2033,candidate_3,candidate_1,candidate_2,3,0.03
2034,candidate_3,candidate_1,candidate_2,3,0.03
2035,candidate_3,candidate_1,candidate_2,3,0.03
2036,candidate_3,candidate_1,candidate_2,3,0.03
2037,candidate_3,candidate_1,candidate_2,3,0.03
2038,candidate_3,candidate_1,candidate_2,3,0.03
2039,candidate_3,candidate_1,candidate_2,3,0.03
2040,candidate_3,candidate_1,candidate_2,3,0.03
2041,candidate_3,candidate_1,candidate_2,3,0.03
2042,candidate_3,candidate_1,candidate_2,3,0.03
2043,candidate_3,candidate_1,candidate_2,3,0.03
2044,candidate_3,candidate_1,candidate_2,3,0.03
2045,candidate_3,candidate_1,candidate_2,3,0.03
2046,candidate_3,candidate_1,candidate_2,3,0.03
2047,0,candidate_1,candidate_2,3,0.03
2048,candidate_3,candidate_1,candidate_2,3,0.03
2049,candidate_3,candidate_1,candidate_2,3,0.03
2050,candidate_3,candidate_1,candidate_2,3,0.03
2051,candidate_3,candidate_1,candidate_2,3,0.03
2052,candidate_3,candidate_1,candidate_2,3,0.03
2053,candidate_3,candidate_1,candidate_2,3,0.03
2054,candidate_3,candidate_1,candidate_2,3,0.03
2055,candidate_3,candidate_1,candidate_2,3,0.03
2056,candidate_3,candidate_1,candidate_2,3,0.03
2057,candidate_3,candidate_1,candidate_2,3,0.03
2058,candidate_3,candidate_1,candidate_2,3,0.03
2059,candidate_3,candidate_1,candidate_2,3,0.03
2060,candidate_3,candidate_1,0,3,0.03
2061,candidate_3,candidate_1,candidate_2,3,0.03
2062,candidate_3,candidate_1,candidate_2,3,0.03
2063,candidate_3,candidate_1,candidate_2,3,0.03
2064,candidate_3,candidate_1,candidate_2,3,0.03
2065,candidate_3,candidate_1,candidate_2,3,0.03
2066,candidate_3,candidate_1,candidate_2,3,0.03
2067,candidate_3,candidate_1,candidate_2,3,0.03
2068,candidate_3,candidate_1,candidate_2,3,0.03
2069,candidate_3,candidate_1,candidate_2,3,0.03
2070,candidate_3,candidate_1,candidate_2,3,0.03
2071,candidate_3,candidate_1,candidate_2,3,0.03
2072,candidate_3,candidate_1,candidate_2,3,0.03
2073,candidate_3,candidate_1,candidate_2,3,0.03
2074,candidate_3,candidate_1,candidate_2,3,0.03
2075,candidate_3,candidate_1,candidate_2,3,0.03
2076,candidate_3,candidate_1,candidate_2,3,0.03
2077,candidate_3,candidate_1,candidate_2,3,0.03
2078,candidate_3,candidate_1,candidate_2,3,0.03
2079,candidate_3,candidate_1,candidate_2,3,0.03
2080,candidate_3,candidate_1,candidate_2,3,0.03
2081,candidate_3,candidate_1,candidate_2,3,0.03
2082,candidate_3,candidate_1,candidate_2,3,0.03
2083,candidate_3,candidate_1,candidate_2,3,0.03
2084,candidate_3,candidate_1,candidate_2,3,0.03
2085,candidate_3,candidate_1,candidate_2,3,0.03
2086,candidate_3,candidate_1,candidate_2,3,0.03
2087,candidate_3,candidate_1,candidate_2,3,0.03
2088,candidate_3,candidate_1,candidate_2,3,0.03
2089,candidate_3,candidate_1,candidate_2,3,0.03
2090,candidate_3,candidate_1,candidate_2,3,0.03
2091,candidate_3,candidate_1,candidate_2,3,0.03
2092,candidate_3,candidate_1,candidate_2,3,0.03
2093,candidate_3,candidate_1,candidate_2,3,0.03
2094,candidate_3,candidate_1,candidate_2,3,0.03
2095,candidate_3,candidate_1,candidate_2,3,0.03
2096,candidate_3,candidate_1,candidate_2,3,0.03
2097,candidate_3,candidate_1,candidate_2,3,0.03
2098,candidate_3,candidate_1,candidate_2,3,0.03
2099,candidate_3,candidate_1,candidate_2,3,0.03
2100,candidate_3,candidate_1,candidate_2,3,0.03
2101,candidate_3,candidate_1,candidate_2,3,0.03
2102,candidate_3,candidate_1,candidate_2,3,0.03
2103,candidate_3,candidate_1,candidate_2,3,0.03
2104,candidate_3,candidate_1,candidate_2,3,0.03
2105,candidate_3,candidate_1,candidate_2,3,0.03
2106,candidate_3,candidate_1,candidate_2,3,0.03
2107,candidate_3,candidate_1,candidate_2,3,0.03
2108,candidate_3,candidate_1,0,3,0.03
2109,candidate_3,candidate_1,candidate_2,3,0.03
2110,candidate_3,candidate_1,candidate_2,3,0.03
2111,candidate_3,candidate_1,candidate_2,3,0.03
2112,candidate_3,candidate_1,candidate_2,3,0.03
2113,candidate_3,candidate_1,candidate_2,3,0.03
2114,candidate_3,candidate_1,candidate_2,3,0.03
2115,candidate_3,candidate_1,candidate_2,3,0.03
2116,candidate_3,candidate_1,candidate_2,3,0.03
2117,candidate_3,candidate_1,candidate_2,3,0.03
2118,candidate_3,candidate_1,candidate_2,3,0.03
2119,candidate_3,candidate_1,candidate_2,3,0.03
2120,candidate_3,candidate_1,candidate_2,3,0.03
2121,0,candidate_1,candidate_2,3,0.03
2122,candidate_3,candidate_1,candidate_2,3,0.03
2123,candidate_3,candidate_1,candidate_2,3,0.03
2124,candidate_3,candidate_1,candidate_2,3,0.03
2125,candidate_3,candidate_1,candidate_2,3,0.03
2126,candidate_3,candidate_1,candidate_2,3,0.03
2127,candidate_3,candidate_1,candidate_2,3,0.03
2128,candidate_3,candidate_1,candidate_2,3,0.03
2129,candidate_3,candidate_1,candidate_2,3,0.03
2130,candidate_3,candidate_1,candidate_2,3,0.03
2131,candidate_3,candidate_1,candidate_2,3,0.03
2132,candidate_3,candidate_1,candidate_2,3,0.03
2133,candidate_3,candidate_1,candidate_2,3,0.03
2134,candidate_3,candidate_1,candidate_2,3,0.03
2135,candidate_3,candidate_1,candidate_2,3,0.03
2136,candidate_3,candidate_1,candidate_2,3,0.03
2137,candidate_3,candidate_1,candidate_2,3,0.03
2138,candidate_3,candidate_1,candidate_2,3,0.03
2139,candidate_3,candidate_1,candidate_2,3,0.03
2140,candidate_3,candidate_1,candidate_2,3,0.03
2141,candidate_3,candidate_1,candidate_2,3,0.03
2142,candidate_3,candidate_1,candidate_2,3,0.03
2143,candidate_3,candidate_1,candidate_2,3,0.03
2144,candidate_3,candidate_1,candidate_2,3,0.03
2145,candidate_3,candidate_1,candidate_2,3,0.03
2146,candidate_3,candidate_1,candidate_2,3,0.03
2147,candidate_3,candidate_1,candidate_2,3,0.03
2148,candidate_3,candidate_1,0,3,0.03
2149,candidate_3,candidate_1,candidate_2,3,0.03
2150,candidate_3,candidate_1,0,3,0.03
2151,candidate_3,candidate_1,candidate_2,3,0.03
2152,candidate_3,candidate_1,candidate_2,3,0.03
2153,0,candidate_1,candidate_2,3,0.03
2154,candidate_3,candidate_1,candidate_2,3,0.03
2155,candidate_3,candidate_1,0,3,0.03
2156,candidate_3,candidate_1,candidate_2,3,0.03
2157,candidate_3,candidate_1,candidate_2,3,0.03
2158,candidate_3,candidate_1,candidate_2,3,0.03
2159,candidate_3,candidate_1,candidate_2,3,0.03
2160,candidate_3,candidate_1,candidate_2,3,0.03
2161,candidate_3,candidate_1,candidate_2,3,0.03
2162,candidate_3,candidate_1,candidate_2,3,0.03
2163,candidate_3,candidate_1,candidate_2,3,0.03
2164,candidate_3,candidate_1,candidate_2,3,0.03
2165,candidate_3,candidate_1,candidate_2,3,0.03
2166,candidate_3,candidate_1,candidate_2,3,0.03
2167,candidate_3,candidate_1,candidate_2,3,0.03
2168,candidate_3,candidate_1,candidate_2,3,0.03
2169,0,candidate_1,candidate_2,3,0.03
2170,candidate_3,candidate_1,0,3,0.03
2171,0,candidate_1,candidate_2,3,0.03
2172,candidate_3,candidate_1,candidate_2,3,0.03
2173,candidate_3,candidate_1,candidate_2,3,0.03
2174,candidate_3,candidate_1,0,3,0.03
2175,candidate_3,candidate_1,candidate_2,3,0.03
2176,candidate_3,candidate_1,candidate_2,3,0.03
2177,candidate_3,candidate_1,candidate_2,3,0.03
2178,candidate_3,candidate_1,candidate_2,3,0.03
2179,0,candidate_1,candidate_2,3,0.03
2180,candidate_3,candidate_1,candidate_2,3,0.03
2181,candidate_3,candidate_1,candidate_2,3,0.03
2182,candidate_3,candidate_1,candidate_2,3,0.03
2183,candidate_3,candidate_1,candidate_2,3,0.03
2184,candidate_3,candidate_1,candidate_2,3,0.03
2185,candidate_3,candidate_1,candidate_2,3,0.03
2186,candidate_3,0,candidate_2,3,0.03
2187,candidate_3,candidate_1,candidate_2,3,0.03
2188,candidate_3,candidate_1,candidate_2,3,0.03
2189,candidate_3,candidate_1,candidate_2,3,0.03
2190,candidate_3,candidate_1,candidate_2,3,0.03
2191,candidate_3,candidate_1,candidate_2,3,0.03
2192,candidate_3,candidate_1,candidate_2,3,0.03
2193,candidate_3,candidate_1,candidate_2,3,0.03
2194,candidate_3,candidate_1,candidate_2,3,0.03
2195,candidate_3,candidate_1,candidate_2,3,0.03
2196,candidate_3,candidate_1,candidate_2,3,0.03
2197,candidate_3,candidate_1,candidate_2,3,0.03
2198,candidate_3,candidate_1,candidate_2,3,0.03
2199,candidate_3,0,candidate_2,3,0.03
2200,candidate_3,candidate_1,candidate_2,3,0.03
2201,candidate_3,candidate_1,candidate_2,3,0.03
2202,candidate_3,candidate_1,candidate_2,3,0.03
2203,candidate_3,candidate_1,candidate_2,3,0.03
2204,candidate_3,candidate_1,candidate_2,3,0.03
2205,candidate_3,candidate_1,candidate_2,3,0.03
2206,candidate_3,candidate_1,candidate_2,3,0.03
2207,candidate_3,candidate_1,candidate_2,3,0.03
2208,candidate_3,candidate_1,candidate_2,3,0.03
2209,candidate_3,candidate_1,candidate_2,3,0.03
2210,candidate_3,candidate_1,candidate_2,3,0.03
2211,candidate_3,candidate_1,candidate_2,3,0.03
2212,candidate_3,candidate_1,candidate_2,3,0.03
2213,candidate_3,candidate_1,0,3,0.03
2214,candidate_3,candidate_1,candidate_2,3,0.03
2215,candidate_3,candidate_1,candidate_2,3,0.03
2216,candidate_3,candidate_1,candidate_2,3,0.03
2217,candidate_3,candidate_1,candidate_2,3,0.03
2218,candidate_3,candidate_1,candidate_2,3,0.03
2219,candidate_3,candidate_1,candidate_2,3,0.03
2220,candidate_3,candidate_1,candidate_2,3,0.03
2221,candidate_3,candidate_1,candidate_2,3,0.03
2222,candidate_3,candidate_1,candidate_2,3,0.03
2223,0,candidate_1,candidate_2,3,0.03
2224,candidate_3,candidate_1,candidate_2,3,0.03
2225,candidate_3,candidate_1,candidate_2,3,0.03
2226,candidate_3,candidate_1,candidate_2,3,0.03
2227,candidate_3,candidate_1,candidate_2,3,0.03
2228,candidate_3,candidate_1,candidate_2,3,0.03
2229,candidate_3,candidate_1,candidate_2,3,0.03
2230,candidate_3,candidate_1,candidate_2,3,0.03
2231,candidate_3,candidate_1,0,3,0.03
2232,candidate_3,candidate_1,candidate_2,3,0.03
2233,candidate_3,candidate_1,candidate_2,3,0.03
2234,candidate_3,candidate_1,candidate_2,3,0.03
2235,candidate_3,candidate_1,candidate_2,3,0.03
2236,candidate_3,candidate_1,candidate_2,3,0.03
2237,candidate_3,candidate_1,candidate_2,3,0.03
2238,candidate_3,candidate_1,candidate_2,3,0.03
2239,candidate_3,candidate_1,candidate_2,3,0.03
2240,candidate_3,candidate_1,candidate_2,3,0.03
2241,candidate_3,0,candidate_2,3,0.03
2242,candidate_3,candidate_1,candidate_2,3,0.03
2243,candidate_3,0,candidate_2,3,0.03
2244,candidate_3,candidate_1,candidate_2,3,0.03
2245,0,candidate_1,candidate_2,3,0.03
2246,candidate_3,candidate_1,candidate_2,3,0.03
2247,candidate_3,candidate_1,candidate_2,3,0.03
2248,candidate_3,candidate_1,candidate_2,3,0.03
2249,candidate_3,candidate_1,candidate_2,3,0.03
2250,candidate_3,candidate_1,candidate_2,3,0.03
2251,candidate_3,candidate_1,candidate_2,3,0.03
2252,candidate_3,candidate_1,candidate_2,3,0.03
2253,candidate_3,candidate_1,candidate_2,3,0.03
2254,candidate_3,candidate_1,candidate_2,3,0.03
2255,candidate_3,candidate_1,candidate_2,3,0.03
2256,candidate_3,candidate_1,candidate_2,3,0.03
2257,candidate_3,candidate_1,candidate_2,3,0.03
2258,candidate_3,candidate_1,candidate_2,3,0.03
2259,candidate_3,candidate_1,candidate_2,3,0.03
2260,candidate_3,candidate_1,candidate_2,3,0.03
2261,candidate_3,0,candidate_2,3,0.03
2262,candidate_3,candidate_1,candidate_2,3,0.03
2263,candidate_3,candidate_1,candidate_2,3,0.03
2264,candidate_3,candidate_1,candidate_2,3,0.03
2265,candidate_3,candidate_1,candidate_2,3,0.03
2266,candidate_3,candidate_1,candidate_2,3,0.03
2267,candidate_3,candidate_1,candidate_2,3,0.03
2268,0,candidate_1,candidate_2,3,0.03
2269,candidate_3,candidate_1,candidate_2,3,0.03
2270,candidate_3,candidate_1,candidate_2,3,0.03
2271,candidate_3,candidate_1,candidate_2,3,0.03
2272,candidate_3,candidate_1,candidate_2,3,0.03
2273,candidate_3,candidate_1,candidate_2,3,0.03
2274,candidate_3,candidate_1,candidate_2,3,0.03
2275,candidate_3,candidate_1,candidate_2,3,0.03
2276,candidate_3,candidate_1,candidate_2,3,0.03
2277,candidate_3,candidate_1,candidate_2,3,0.03
2278,candidate_3,candidate_1,candidate_2,3,0.03
2279,candidate_3,candidate_1,candidate_2,3,0.03
2280,candidate_3,candidate_1,candidate_2,3,0.03
2281,candidate_3,candidate_1,0,3,0.03
2282,candidate_3,candidate_1,candidate_2,3,0.03
2283,candidate_3,candidate_1,candidate_2,3,0.03
2284,candidate_3,candidate_1,candidate_2,3,0.03
2285,candidate_3,0,0,3,0.03
2286,candidate_3,candidate_1,0,3,0.03
2287,candidate_3,candidate_1,candidate_2,3,0.03
2288,candidate_3,candidate_1,candidate_2,3,0.03
2289,candidate_3,candidate_1,candidate_2,3,0.03
2290,candidate_3,candidate_1,candidate_2,3,0.03
2291,candidate_3,candidate_1,candidate_2,3,0.03
2292,candidate_3,candidate_1,candidate_2,3,0.03
2293,candidate_3,candidate_1,candidate_2,3,0.03
2294,candidate_3,candidate_1,candidate_2,3,0.03
2295,candidate_3,candidate_1,candidate_2,3,0.03
2296,candidate_3,candidate_1,candidate_2,3,0.03
2297,candidate_3,candidate_1,candidate_2,3,0.03
2298,candidate_3,candidate_1,candidate_2,3,0.03
2299,candidate_3,0,candidate_2,3,0.03
2300,candidate_3,candidate_1,candidate_2,3,0.03
2301,candidate_3,candidate_1,candidate_2,3,0.03
2302,candidate_3,candidate_1,candidate_2,3,0.03
2303,candidate_3,candidate_1,candidate_2,3,0.03
2304,candidate_3,candidate_1,candidate_2,3,0.03
2305,candidate_3,candidate_1,candidate_2,3,0.03
2306,candidate_3,candidate_1,candidate_2,3,0.03
2307,candidate_3,candidate_1,candidate_2,3,0.03
2308,candidate_3,0,candidate_2,3,0.03
2309,candidate_3,candidate_1,candidate_2,3,0.03
2310,candidate_3,candidate_1,candidate_2,3,0.03
2311,0,candidate_1,candidate_2,3,0.03
2312,candidate_3,0,candidate_2,3,0.03
2313,candidate_3,candidate_1,candidate_2,3,0.03
2314,candidate_3,candidate_1,candidate_2,3,0.03
2315,candidate_3,candidate_1,candidate_2,3,0.03
2316,candidate_3,candidate_1,candidate_2,3,0.03
2317,candidate_3,candidate_1,candidate_2,3,0.03
2318,candidate_3,candidate_1,candidate_2,3,0.03
2319,0,candidate_1,candidate_2,3,0.03
2320,candidate_3,candidate_1,candidate_2,3,0.03
2321,candidate_3,candidate_1,candidate_2,3,0.03
2322,candidate_3,candidate_1,candidate_2,3,0.03
2323,candidate_3,candidate_1,candidate_2,3,0.03
2324,candidate_3,candidate_1,candidate_2,3,0.03
2325,candidate_3,candidate_1,candidate_2,3,0.03
2326,candidate_3,candidate_1,candidate_2,3,0.03
2327,0,candidate_1,candidate_2,3,0.03
2328,candidate_3,candidate_1,candidate_2,3,0.03
2329,candidate_3,candidate_1,candidate_2,3,0.03
2330,candidate_3,candidate_1,candidate_2,3,0.03
2331,candidate_3,candidate_1,candidate_2,3,0.03
2332,candidate_3,candidate_1,candidate_2,3,0.03
2333,candidate_3,candidate_1,candidate_2,3,0.03
2334,candidate_3,candidate_1,candidate_2,3,0.03
2335,candidate_3,candidate_1,candidate_2,3,0.03
2336,candidate_3,candidate_1,candidate_2,3,0.03
2337,candidate_3,candidate_1,candidate_2,3,0.03
2338,candidate_3,candidate_1,candidate_2,3,0.03
2339,candidate_3,candidate_1,candidate_2,3,0.03
2340,candidate_3,0,candidate_2,3,0.03
2341,candidate_3,candidate_1,candidate_2,3,0.03
2342,candidate_3,candidate_1,candidate_2,3,0.03
2343,candidate_3,candidate_1,candidate_2,3,0.03
2344,candidate_3,candidate_1,candidate_2,3,0.03
2345,candidate_3,candidate_1,candidate_2,3,0.03
2346,candidate_3,candidate_1,candidate_2,3,0.03
2347,candidate_3,candidate_1,candidate_2,3,0.03
2348,candidate_3,candidate_1,candidate_2,3,0.03
2349,candidate_3,candidate_1,candidate_2,3,0.03
2350,candidate_3,candidate_1,candidate_2,3,0.03
2351,candidate_3,candidate_1,candidate_2,3,0.03
2352,candidate_3,candidate_1,candidate_2,3,0.03
2353,candidate_3,candidate_1,candidate_2,3,0.03
2354,candidate_3,candidate_1,candidate_2,3,0.03
2355,0,candidate_1,candidate_2,3,0.03
2356,candidate_3,candidate_1,candidate_2,3,0.03
2357,0,candidate_1,candidate_2,3,0.03
2358,candidate_3,candidate_1,candidate_2,3,0.03
2359,candidate_3,candidate_1,candidate_2,3,0.03
2360,candidate_3,candidate_1,candidate_2,3,0.03
2361,candidate_3,candidate_1,candidate_2,3,0.03
2362,candidate_3,candidate_1,candidate_2,3,0.03
2363,candidate_3,candidate_1,candidate_2,3,0.03
2364,candidate_3,candidate_1,candidate_2,3,0.03
2365,candidate_3,candidate_1,candidate_2,3,0.03
2366,candidate_3,candidate_1,candidate_2,3,0.03
2367,candidate_3,candidate_1,candidate_2,3,0.03
2368,candidate_3,candidate_1,candidate_2,3,0.03
2369,candidate_3,candidate_1,candidate_2,3,0.03
2370,candidate_3,candidate_1,candidate_2,3,0.03
2371,candidate_3,candidate_1,candidate_2,3,0.03
2372,candidate_3,candidate_1,candidate_2,3,0.03
2373,candidate_3,candidate_1,candidate_2,3,0.03
2374,candidate_3,candidate_1,candidate_2,3,0.03
2375,candidate_3,candidate_1,candidate_2,3,0.03
2376,0,0,candidate_2,3,0.03
2377,candidate_3,candidate_1,candidate_2,3,0.03
2378,candidate_3,candidate_1,candidate_2,3,0.03
2379,candidate_3,candidate_1,candidate_2,3,0.03
2380,candidate_3,candidate_1,candidate_2,3,0.03
2381,candidate_3,candidate_1,candidate_2,3,0.03
2382,candidate_3,candidate_1,candidate_2,3,0.03
2383,candidate_3,candidate_1,candidate_2,3,0.03
2384,candidate_3,candidate_1,candidate_2,3,0.03
2385,candidate_3,candidate_1,candidate_2,3,0.03
2386,candidate_3,candidate_1,candidate_2,3,0.03
2387,candidate_3,candidate_1,candidate_2,3,0.03
2388,candidate_3,candidate_1,candidate_2,3,0.03
2389,candidate_3,candidate_1,candidate_2,3,0.03
2390,candidate_3,candidate_1,candidate_2,3,0.03
2391,candidate_3,candidate_1,candidate_2,3,0.03
2392,candidate_3,candidate_1,candidate_2,3,0.03
2393,candidate_3,candidate_1,candidate_2,3,0.03
2394,0,candidate_1,candidate_2,3,0.03
2395,candidate_3,0,candidate_2,3,0.03
2396,candidate_3,candidate_1,candidate_2,3,0.03
2397,candidate_3,candidate_1,candidate_2,3,0.03
2398,candidate_3,candidate_1,candidate_2,3,0.03
2399,candidate_3,candidate_1,candidate_2,3,0.03
2400,candidate_3,candidate_1,candidate_2,3,0.03
2401,candidate_3,candidate_1,candidate_2,3,0.03
2402,candidate_3,candidate_1,candidate_2,3,0.03
2403,candidate_3,candidate_1,candidate_2,3,0.03
2404,candidate_3,candidate_1,candidate_2,3,0.03
2405,candidate_3,candidate_1,candidate_2,3,0.03
2406,candidate_3,candidate_1,candidate_2,3,0.03
2407,candidate_3,candidate_1,candidate_2,3,0.03
2408,candidate_3,candidate_1,candidate_2,3,0.03
2409,candidate_3,candidate_1,candidate_2,3,0.03
2410,candidate_3,candidate_1,candidate_2,3,0.03
2411,candidate_3,candidate_1,candidate_2,3,0.03
2412,candidate_3,candidate_1,candidate_2,3,0.03
2413,candidate_3,candidate_1,candidate_2,3,0.03
2414,candidate_3,candidate_1,candidate_2,3,0.03
2415,candidate_3,candidate_1,candidate_2,3,0.03
2416,candidate_3,candidate_1,candidate_2,3,0.03
2417,candidate_3,candidate_1,candidate_2,3,0.03
2418,candidate_3,candidate_1,candidate_2,3,0.03
2419,candidate_3,candidate_1,candidate_2,3,0.03
2420,candidate_3,candidate_1,candidate_2,3,0.03
2421,candidate_3,candidate_1,candidate_2,3,0.03
2422,candidate_3,candidate_1,candidate_2,3,0.03
2423,candidate_3,0,candidate_2,3,0.03
2424,candidate_3,0,candidate_2,3,0.03
2425,candidate_3,candidate_1,candidate_2,3,0.03
2426,candidate_3,candidate_1,candidate_2,3,0.03
2427,candidate_3,candidate_1,candidate_2,3,0.03
2428,candidate_3,candidate_1,candidate_2,3,0.03
2429,candidate_3,candidate_1,0,3,0.03
2430,candidate_3,candidate_1,candidate_2,3,0.03
2431,candidate_3,candidate_1,candidate_2,3,0.03
2432,candidate_3,candidate_1,candidate_2,3,0.03
2433,candidate_3,candidate_1,candidate_2,3,0.03
2434,candidate_3,candidate_1,candidate_2,3,0.03
2435,candidate_3,candidate_1,candidate_2,3,0.03
2436,candidate_3,candidate_1,candidate_2,3,0.03
2437,candidate_3,candidate_1,candidate_2,3,0.03
2438,candidate_3,candidate_1,candidate_2,3,0.03
2439,candidate_3,candidate_1,candidate_2,3,0.03
2440,candidate_3,candidate_1,candidate_2,3,0.03
2441,candidate_3,candidate_1,candidate_2,3,0.03
2442,candidate_3,candidate_1,candidate_2,3,0.03
2443,candidate_3,candidate_1,candidate_2,3,0.03
2444,candidate_3,candidate_1,candidate_2,3,0.03
2445,candidate_3,candidate_1,candidate_2,3,0.03
2446,candidate_3,candidate_1,candidate_2,3,0.03
2447,candidate_3,candidate_1,candidate_2,3,0.03
2448,candidate_3,candidate_1,candidate_2,3,0.03
2449,candidate_3,candidate_1,candidate_2,3,0.03
2450,candidate_3,candidate_1,candidate_2,3,0.03
2451,candidate_3,candidate_1,candidate_2,3,0.03
2452,candidate_3,candidate_1,candidate_2,3,0.03
2453,candidate_3,candidate_1,candidate_2,3,0.03
2454,candidate_3,candidate_1,candidate_2,3,0.03
2455,candidate_3,candidate_1,candidate_2,3,0.03
2456,candidate_3,candidate_1,candidate_2,3,0.03
2457,candidate_3,candidate_1,candidate_2,3,0.03
2458,candidate_3,candidate_1,candidate_2,3,0.03
2459,candidate_3,candidate_1,candidate_2,3,0.03
2460,candidate_3,candidate_1,candidate_2,3,0.03
2461,candidate_3,candidate_1,candidate_2,3,0.03
2462,candidate_3,candidate_1,candidate_2,3,0.03
2463,candidate_3,candidate_1,candidate_2,3,0.03
2464,candidate_3,candidate_1,candidate_2,3,0.03
2465,candidate_3,candidate_1,candidate_2,3,0.03
2466,candidate_3,candidate_1,candidate_2,3,0.03
2467,candidate_3,candidate_1,candidate_2,3,0.03
2468,candidate_3,candidate_1,candidate_2,3,0.03
2469,candidate_3,candidate_1,candidate_2,3,0.03
2470,candidate_3,candidate_1,candidate_2,3,0.03
2471,candidate_3,candidate_1,candidate_2,3,0.03
2472,candidate_3,candidate_1,candidate_2,3,0.03
2473,candidate_3,candidate_1,candidate_2,3,0.03
2474,candidate_3,candidate_1,candidate_2,3,0.03
2475,candidate_3,candidate_1,candidate_2,3,0.03
2476,0,candidate_1,candidate_2,3,0.03
2477,candidate_3,candidate_1,candidate_2,3,0.03
2478,candidate_3,candidate_1,candidate_2,3,0.03
2479,candidate_3,candidate_1,candidate_2,3,0.03
2480,candidate_3,candidate_1,candidate_2,3,0.03
2481,candidate_3,candidate_1,candidate_2,3,0.03
2482,candidate_3,candidate_1,candidate_2,3,0.03
2483,candidate_3,candidate_1,candidate_2,3,0.03
2484,candidate_3,candidate_1,candidate_2,3,0.03
2485,candidate_3,candidate_1,candidate_2,3,0.03
2486,candidate_3,candidate_1,candidate_2,3,0.03
2487,candidate_3,candidate_1,candidate_2,3,0.03
2488,candidate_3,candidate_1,candidate_2,3,0.03
2489,candidate_3,candidate_1,candidate_2,3,0.03
2490,candidate_3,candidate_1,candidate_2,3,0.03
2491,candidate_3,candidate_1,candidate_2,3,0.03
2492,candidate_3,candidate_1,candidate_2,3,0.03
2493,candidate_3,candidate_1,candidate_2,3,0.03
2494,candidate_3,candidate_1,candidate_2,3,0.03
2495,candidate_3,candidate_1,candidate_2,3,0.03
2496,candidate_3,candidate_1,candidate_2,3,0.03
2497,candidate_3,0,candidate_2,3,0.03
2498,candidate_3,candidate_1,candidate_2,3,0.03
2499,candidate_3,candidate_1,candidate_2,3,0.03
2500,candidate_3,candidate_1,candidate_2,3,0.03
2501,candidate_3,candidate_1,candidate_2,3,0.03
2502,candidate_3,candidate_1,candidate_2,3,0.03
2503,candidate_3,candidate_1,candidate_2,3,0.03
2504,candidate_3,candidate_1,candidate_2,3,0.03
2505,candidate_3,candidate_1,candidate_2,3,0.03
2506,candidate_3,candidate_1,candidate_2,3,0.03
2507,candidate_3,candidate_1,candidate_2,3,0.03
2508,candidate_3,candidate_1,candidate_2,3,0.03
2509,candidate_3,candidate_1,candidate_2,3,0.03
2510,candidate_3,candidate_1,candidate_2,3,0.03
2511,candidate_3,candidate_1,candidate_2,3,0.03
2512,candidate_3,candidate_1,candidate_2,3,0.03
2513,candidate_3,candidate_1,candidate_2,3,0.03
2514,candidate_3,candidate_1,candidate_2,3,0.03
2515,candidate_3,candidate_1,candidate_2,3,0.03
2516,candidate_3,candidate_1,candidate_2,3,0.03
2517,candidate_3,candidate_1,candidate_2,3,0.03
2518,candidate_3,candidate_1,candidate_2,3,0.03
2519,candidate_3,candidate_1,candidate_2,3,0.03
2520,candidate_3,candidate_1,candidate_2,3,0.03
2521,candidate_3,candidate_1,candidate_2,3,0.03
2522,candidate_3,candidate_1,candidate_2,3,0.03
2523,candidate_3,candidate_1,candidate_2,3,0.03
2524,candidate_3,candidate_1,candidate_2,3,0.03
2525,candidate_3,candidate_1,candidate_2,3,0.03
2526,candidate_3,candidate_1,candidate_2,3,0.03
2527,candidate_3,candidate_1,candidate_2,3,0.03
2528,candidate_3,candidate_1,candidate_2,3,0.03
2529,candidate_3,candidate_1,candidate_2,3,0.03
2530,candidate_3,candidate_1,candidate_2,3,0.03
2531,candidate_3,candidate_1,candidate_2,3,0.03
2532,candidate_3,candidate_1,candidate_2,3,0.03
2533,candidate_3,candidate_1,0,3,0.03
2534,candidate_3,candidate_1,candidate_2,3,0.03
2535,candidate_3,candidate_1,candidate_2,3,0.03
2536,candidate_3,candidate_1,candidate_2,3,0.03
2537,0,0,candidate_2,3,0.03
2538,candidate_3,candidate_1,candidate_2,3,0.03
2539,candidate_3,candidate_1,candidate_2,3,0.03
2540,candidate_3,candidate_1,candidate_2,3,0.03
2541,candidate_3,candidate_1,candidate_2,3,0.03
2542,candidate_3,candidate_1,candidate_2,3,0.03
2543,candidate_3,candidate_1,candidate_2,3,0.03
2544,candidate_3,0,candidate_2,3,0.03
2545,candidate_3,candidate_1,candidate_2,3,0.03
2546,candidate_3,candidate_1,candidate_2,3,0.03
2547,candidate_3,candidate_1,candidate_2,3,0.03
2548,candidate_3,candidate_1,candidate_2,3,0.03
2549,candidate_3,candidate_1,candidate_2,3,0.03
2550,candidate_3,candidate_1,candidate_2,3,0.03
2551,candidate_3,candidate_1,candidate_2,3,0.03
2552,candidate_3,candidate_1,candidate_2,3,0.03
2553,candidate_3,candidate_1,candidate_2,3,0.03
2554,candidate_3,candidate_1,candidate_2,3,0.03
2555,candidate_3,candidate_1,candidate_2,3,0.03
2556,candidate_3,candidate_1,candidate_2,3,0.03
2557,candidate_3,candidate_1,candidate_2,3,0.03
2558,candidate_3,candidate_1,candidate_2,3,0.03
2559,candidate_3,candidate_1,candidate_2,3,0.03
2560,candidate_3,candidate_1,candidate_2,3,0.03
2561,candidate_3,candidate_1,candidate_2,3,0.03
2562,candidate_3,candidate_1,candidate_2,3,0.03
2563,candidate_3,candidate_1,candidate_2,3,0.03
2564,candidate_3,candidate_1,candidate_2,3,0.03
2565,candidate_3,candidate_1,candidate_2,3,0.03
2566,candidate_3,candidate_1,candidate_2,3,0.03
2567,candidate_3,candidate_1,candidate_2,3,0.03
2568,candidate_3,candidate_1,candidate_2,3,0.03
2569,candidate_3,candidate_1,candidate_2,3,0.03
2570,candidate_3,candidate_1,candidate_2,3,0.03
2571,candidate_3,candidate_1,candidate_2,3,0.03
2572,candidate_3,candidate_1,candidate_2,3,0.03
2573,candidate_3,candidate_1,candidate_2,3,0.03
2574,candidate_3,candidate_1,candidate_2,3,0.03
2575,candidate_3,candidate_1,candidate_2,3,0.03
2576,candidate_3,candidate_1,candidate_2,3,0.03
2577,candidate_3,candidate_1,candidate_2,3,0.03
2578,candidate_3,candidate_1,candidate_2,3,0.03
2579,candidate_3,candidate_1,candidate_2,3,0.03
2580,candidate_3,candidate_1,candidate_2,3,0.03
2581,candidate_3,0,candidate_2,3,0.03
2582,candidate_3,candidate_1,candidate_2,3,0.03
2583,candidate_3,candidate_1,candidate_2,3,0.03
2584,candidate_3,candidate_1,candidate_2,3,0.03
2585,candidate_3,candidate_1,candidate_2,3,0.03
2586,candidate_3,candidate_1,candidate_2,3,0.03
2587,candidate_3,candidate_1,candidate_2,3,0.03
2588,candidate_3,candidate_1,candidate_2,3,0.03
2589,candidate_3,candidate_1,candidate_2,3,0.03
2590,candidate_3,candidate_1,candidate_2,3,0.03
2591,candidate_3,candidate_1,candidate_2,3,0.03
2592,candidate_3,candidate_1,candidate_2,3,0.03
2593,candidate_3,candidate_1,candidate_2,3,0.03
2594,candidate_3,candidate_1,candidate_2,3,0.03
2595,0,candidate_1,candidate_2,3,0.03
2596,candidate_3,0,candidate_2,3,0.03
2597,candidate_3,candidate_1,candidate_2,3,0.03
2598,candidate_3,candidate_1,candidate_2,3,0.03
2599,candidate_3,candidate_1,candidate_2,3,0.03
2600,candidate_3,candidate_1,0,3,0.03
2601,candidate_3,candidate_1,candidate_2,3,0.03
2602,candidate_3,candidate_1,candidate_2,3,0.03
2603,candidate_3,candidate_1,candidate_2,3,0.03
2604,candidate_3,candidate_1,candidate_2,3,0.03
2605,candidate_3,candidate_1,0,3,0.03
2606,candidate_3,candidate_1,candidate_2,3,0.03
2607,candidate_3,candidate_1,candidate_2,3,0.03
2608,candidate_3,candidate_1,candidate_2,3,0.03
2609,candidate_3,candidate_1,candidate_2,3,0.03
2610,candidate_3,candidate_1,candidate_2,3,0.03
2611,candidate_3,candidate_1,candidate_2,3,0.03
2612,candidate_3,candidate_1,candidate_2,3,0.03
2613,candidate_3,candidate_1,candidate_2,3,0.03
2614,candidate_3,candidate_1,candidate_2,3,0.03
2615,candidate_3,candidate_1,candidate_2,3,0.03
2616,candidate_3,candidate_1,candidate_2,3,0.03
2617,candidate_3,candidate_1,candidate_2,3,0.03
2618,candidate_3,candidate_1,0,3,0.03
2619,candidate_3,candidate_1,candidate_2,3,0.03
2620,candidate_3,candidate_1,candidate_2,3,0.03
2621,0,candidate_1,candidate_2,3,0.03
2622,candidate_3,candidate_1,candidate_2,3,0.03
2623,candidate_3,candidate_1,candidate_2,3,0.03
2624,candidate_3,candidate_1,candidate_2,3,0.03
2625,candidate_3,candidate_1,candidate_2,3,0.03
2626,candidate_3,candidate_1,candidate_2,3,0.03
2627,candidate_3,candidate_1,candidate_2,3,0.03
2628,candidate_3,candidate_1,0,3,0.03
2629,candidate_3,candidate_1,candidate_2,3,0.03
2630,candidate_3,candidate_1,candidate_2,3,0.03
2631,candidate_3,candidate_1,candidate_2,3,0.03
2632,candidate_3,candidate_1,candidate_2,3,0.03
2633,0,candidate_1,candidate_2,3,0.03
2634,candidate_3,candidate_1,candidate_2,3,0.03
2635,0,candidate_1,candidate_2,3,0.03
2636,candidate_3,candidate_1,candidate_2,3,0.03
2637,candidate_3,candidate_1,candidate_2,3,0.03
2638,candidate_3,candidate_1,candidate_2,3,0.03
2639,candidate_3,candidate_1,candidate_2,3,0.03
2640,0,candidate_1,candidate_2,3,0.03
2641,candidate_3,candidate_1,candidate_2,3,0.03
2642,candidate_3,candidate_1,candidate_2,3,0.03
2643,candidate_3,candidate_1,candidate_2,3,0.03
2644,candidate_3,candidate_1,candidate_2,3,0.03
2645,candidate_3,candidate_1,candidate_2,3,0.03
2646,candidate_3,candidate_1,candidate_2,3,0.03
2647,candidate_3,0,candidate_2,3,0.03
2648,candidate_3,candidate_1,candidate_2,3,0.03
2649,candidate_3,candidate_1,candidate_2,3,0.03
2650,candidate_3,candidate_1,candidate_2,3,0.03
2651,candidate_3,candidate_1,candidate_2,3,0.03
2652,0,candidate_1,candidate_2,3,0.03
2653,candidate_3,candidate_1,candidate_2,3,0.03
2654,candidate_3,candidate_1,candidate_2,3,0.03
2655,candidate_3,candidate_1,candidate_2,3,0.03
2656,candidate_3,candidate_1,candidate_2,3,0.03
2657,candidate_3,candidate_1,candidate_2,3,0.03
2658,candidate_3,candidate_1,candidate_2,3,0.03
2659,0,candidate_1,candidate_2,3,0.03
2660,candidate_3,candidate_1,candidate_2,3,0.03
2661,candidate_3,candidate_1,candidate_2,3,0.03
2662,candidate_3,candidate_1,candidate_2,3,0.03
2663,candidate_3,candidate_1,candidate_2,3,0.03
2664,candidate_3,candidate_1,candidate_2,3,0.03
2665,candidate_3,candidate_1,candidate_2,3,0.03
2666,0,candidate_1,candidate_2,3,0.03
2667,candidate_3,candidate_1,candidate_2,3,0.03
2668,candidate_3,candidate_1,candidate_2,3,0.03
2669,candidate_3,candidate_1,candidate_2,3,0.03
2670,candidate_3,candidate_1,candidate_2,3,0.03
2671,candidate_3,candidate_1,candidate_2,3,0.03
2672,candidate_3,candidate_1,candidate_2,3,0.03
2673,candidate_3,candidate_1,candidate_2,3,0.03
2674,candidate_3,candidate_1,candidate_2,3,0.03
2675,candidate_3,candidate_1,candidate_2,3,0.03
2676,candidate_3,candidate_1,candidate_2,3,0.03
2677,candidate_3,candidate_1,candidate_2,3,0.03
2678,0,candidate_1,candidate_2,3,0.03
2679,candidate_3,candidate_1,candidate_2,3,0.03
2680,candidate_3,candidate_1,candidate_2,3,0.03
2681,candidate_3,candidate_1,candidate_2,3,0.03
2682,candidate_3,candidate_1,candidate_2,3,0.03
2683,candidate_3,candidate_1,candidate_2,3,0.03
2684,candidate_3,candidate_1,candidate_2,3,0.03
2685,candidate_3,candidate_1,candidate_2,3,0.03
2686,candidate_3,candidate_1,0,3,0.03
2687,candidate_3,candidate_1,candidate_2,3,0.03
2688,candidate_3,candidate_1,candidate_2,3,0.03
2689,candidate_3,candidate_1,candidate_2,3,0.03
2690,candidate_3,candidate_1,candidate_2,3,0.03
2691,candidate_3,candidate_1,candidate_2,3,0.03
2692,candidate_3,candidate_1,candidate_2,3,0.03
2693,candidate_3,candidate_1,candidate_2,3,0.03
2694,candidate_3,candidate_1,candidate_2,3,0.03
2695,candidate_3,candidate_1,candidate_2,3,0.03
2696,candidate_3,candidate_1,candidate_2,3,0.03
2697,candidate_3,candidate_1,candidate_2,3,0.03
2698,candidate_3,candidate_1,candidate_2,3,0.03
2699,candidate_3,candidate_1,candidate_2,3,0.03
2700,candidate_3,candidate_1,candidate_2,3,0.03
2701,candidate_3,candidate_1,candidate_2,3,0.03
2702,candidate_3,candidate_1,candidate_2,3,0.03
2703,candidate_3,candidate_1,candidate_2,3,0.03
2704,candidate_3,candidate_1,candidate_2,3,0.03
2705,candidate_3,candidate_1,candidate_2,3,0.03
2706,candidate_3,candidate_1,candidate_2,3,0.03
2707,candidate_3,candidate_1,candidate_2,3,0.03
2708,candidate_3,candidate_1,candidate_2,3,0.03
2709,0,0,candidate_2,3,0.03
2710,candidate_3,candidate_1,candidate_2,3,0.03
2711,candidate_3,candidate_1,candidate_2,3,0.03
2712,candidate_3,0,candidate_2,3,0.03
2713,candidate_3,candidate_1,candidate_2,3,0.03
2714,candidate_3,candidate_1,candidate_2,3,0.03
2715,candidate_3,candidate_1,candidate_2,3,0.03
2716,0,candidate_1,candidate_2,3,0.03
2717,candidate_3,candidate_1,candidate_2,3,0.03
2718,candidate_3,candidate_1,candidate_2,3,0.03
2719,candidate_3,candidate_1,candidate_2,3,0.03
2720,candidate_3,candidate_1,candidate_2,3,0.03
2721,candidate_3,0,candidate_2,3,0.03
2722,candidate_3,candidate_1,candidate_2,3,0.03
2723,candidate_3,candidate_1,candidate_2,3,0.03
2724,candidate_3,candidate_1,candidate_2,3,0.03
2725,candidate_3,candidate_1,candidate_2,3,0.03
2726,candidate_3,candidate_1,candidate_2,3,0.03
2727,candidate_3,candidate_1,candidate_2,3,0.03
2728,candidate_3,candidate_1,candidate_2,3,0.03
2729,candidate_3,candidate_1,candidate_2,3,0.03
2730,candidate_3,0,candidate_2,3,0.03
2731,candidate_3,candidate_1,0,3,0.03
2732,candidate_3,candidate_1,candidate_2,3,0.03
2733,candidate_3,candidate_1,candidate_2,3,0.03
2734,candidate_3,candidate_1,candidate_2,3,0.03
2735,candidate_3,candidate_1,candidate_2,3,0.03
2736,0,candidate_1,candidate_2,3,0.03
2737,candidate_3,candidate_1,candidate_2,3,0.03
2738,candidate_3,candidate_1,candidate_2,3,0.03
2739,candidate_3,candidate_1,candidate_2,3,0.03
2740,candidate_3,0,candidate_2,3,0.03
2741,candidate_3,candidate_1,candidate_2,3,0.03
2742,candidate_3,candidate_1,candidate_2,3,0.03
2743,candidate_3,candidate_1,candidate_2,3,0.03
2744,candidate_3,candidate_1,candidate_2,3,0.03
2745,candidate_3,candidate_1,candidate_2,3,0.03
2746,candidate_3,candidate_1,candidate_2,3,0.03
2747,candidate_3,candidate_1,candidate_2,3,0.03
2748,candidate_3,candidate_1,candidate_2,3,0.03
2749,candidate_3,candidate_1,candidate_2,3,0.03
2750,candidate_3,candidate_1,candidate_2,3,0.03
2751,candidate_3,candidate_1,candidate_2,3,0.03
2752,candidate_3,candidate_1,candidate_2,3,0.03
2753,candidate_3,candidate_1,candidate_2,3,0.03
2754,candidate_3,candidate_1,candidate_2,3,0.03
2755,candidate_3,candidate_1,candidate_2,3,0.03
2756,candidate_3,candidate_1,candidate_2,3,0.03
2757,candidate_3,candidate_1,candidate_2,3,0.03
2758,candidate_3,candidate_1,candidate_2,3,0.03
2759,candidate_3,candidate_1,candidate_2,3,0.03
2760,candidate_3,candidate_1,candidate_2,3,0.03
2761,candidate_3,candidate_1,candidate_2,3,0.03
2762,candidate_3,candidate_1,candidate_2,3,0.03
2763,candidate_3,candidate_1,candidate_2,3,0.03
2764,candidate_3,candidate_1,candidate_2,3,0.03
2765,candidate_3,candidate_1,0,3,0.03
2766,candidate_3,candidate_1,0,3,0.03
2767,candidate_3,candidate_1,candidate_2,3,0.03
2768,candidate_3,candidate_1,candidate_2,3,0.03
2769,candidate_3,candidate_1,candidate_2,3,0.03
2770,candidate_3,candidate_1,candidate_2,3,0.03
2771,candidate_3,0,candidate_2,3,0.03
2772,candidate_3,candidate_1,candidate_2,3,0.03
2773,candidate_3,candidate_1,0,3,0.03
2774,candidate_3,candidate_1,candidate_2,3,0.03
2775,candidate_3,0,candidate_2,3,0.03
2776,candidate_3,candidate_1,candidate_2,3,0.03
2777,candidate_3,candidate_1,candidate_2,3,0.03
2778,candidate_3,candidate_1,candidate_2,3,0.03
2779,candidate_3,candidate_1,candidate_2,3,0.03
2780,candidate_3,candidate_1,candidate_2,3,0.03
2781,candidate_3,candidate_1,candidate_2,3,0.03
2782,candidate_3,candidate_1,candidate_2,3,0.03
2783,candidate_3,candidate_1,candidate_2,3,0.03
2784,candidate_3,candidate_1,candidate_2,3,0.03
2785,candidate_3,candidate_1,candidate_2,3,0.03
2786,candidate_3,candidate_1,candidate_2,3,0.03
2787,candidate_3,candidate_1,candidate_2,3,0.03
2788,candidate_3,candidate_1,candidate_2,3,0.03
2789,candidate_3,candidate_1,candidate_2,3,0.03
2790,candidate_3,candidate_1,candidate_2,3,0.03
2791,candidate_3,candidate_1,0,3,0.03
2792,candidate_3,candidate_1,candidate_2,3,0.03
2793,candidate_3,candidate_1,candidate_2,3,0.03
2794,candidate_3,candidate_1,candidate_2,3,0.03
2795,candidate_3,candidate_1,candidate_2,3,0.03
2796,candidate_3,0,candidate_2,3,0.03
2797,candidate_3,candidate_1,candidate_2,3,0.03
2798,candidate_3,candidate_1,candidate_2,3,0.03
2799,candidate_3,candidate_1,candidate_2,3,0.03
2800,candidate_3,candidate_1,candidate_2,3,0.03
2801,candidate_3,candidate_1,candidate_2,3,0.03
2802,candidate_3,candidate_1,candidate_2,3,0.03
2803,candidate_3,candidate_1,candidate_2,3,0.03
2804,candidate_3,candidate_1,candidate_2,3,0.03
2805,candidate_3,candidate_1,candidate_2,3,0.03
2806,candidate_3,candidate_1,candidate_2,3,0.03
2807,candidate_3,candidate_1,candidate_2,3,0.03
2808,candidate_3,candidate_1,candidate_2,3,0.03
2809,candidate_3,candidate_1,candidate_2,3,0.03
2810,candidate_3,candidate_1,candidate_2,3,0.03
2811,0,candidate_1,candidate_2,3,0.03
2812,0,candidate_1,candidate_2,3,0.03
2813,candidate_3,candidate_1,candidate_2,3,0.03
2814,candidate_3,candidate_1,candidate_2,3,0.03
2815,candidate_3,candidate_1,0,3,0.03
2816,candidate_3,candidate_1,candidate_2,3,0.03
2817,candidate_3,candidate_1,candidate_2,3,0.03
2818,candidate_3,candidate_1,candidate_2,3,0.03
2819,0,candidate_1,candidate_2,3,0.03
2820,candidate_3,candidate_1,candidate_2,3,0.03
2821,candidate_3,candidate_1,candidate_2,3,0.03
2822,candidate_3,candidate_1,candidate_2,3,0.03
2823,candidate_3,candidate_1,candidate_2,3,0.03
2824,candidate_3,candidate_1,candidate_2,3,0.03
2825,candidate_3,candidate_1,candidate_2,3,0.03
2826,candidate_3,candidate_1,candidate_2,3,0.03
2827,candidate_3,candidate_1,candidate_2,3,0.03
2828,candidate_3,candidate_1,candidate_2,3,0.03
2829,candidate_3,candidate_1,candidate_2,3,0.03
2830,candidate_3,candidate_1,candidate_2,3,0.03
2831,candidate_3,candidate_1,candidate_2,3,0.03
2832,candidate_3,candidate_1,candidate_2,3,0.03
2833,candidate_3,candidate_1,candidate_2,3,0.03
2834,candidate_3,candidate_1,candidate_2,3,0.03
2835,candidate_3,candidate_1,candidate_2,3,0.03
2836,candidate_3,candidate_1,candidate_2,3,0.03
2837,candidate_3,candidate_1,candidate_2,3,0.03
2838,candidate_3,candidate_1,candidate_2,3,0.03
2839,candidate_3,candidate_1,0,3,0.03
2840,candidate_3,candidate_1,candidate_2,3,0.03
2841,candidate_3,candidate_1,candidate_2,3,0.03
2842,candidate_3,candidate_1,candidate_2,3,0.03
2843,candidate_3,0,candidate_2,3,0.03
2844,candidate_3,candidate_1,candidate_2,3,0.03
2845,candidate_3,candidate_1,candidate_2,3,0.03
2846,candidate_3,candidate_1,candidate_2,3,0.03
2847,candidate_3,candidate_1,candidate_2,3,0.03
2848,candidate_3,candidate_1,candidate_2,3,0.03
2849,candidate_3,candidate_1,candidate_2,3,0.03
2850,candidate_3,candidate_1,candidate_2,3,0.03
2851,candidate_3,candidate_1,0,3,0.03
2852,candidate_3,candidate_1,candidate_2,3,0.03
2853,candidate_3,candidate_1,candidate_2,3,0.03
2854,candidate_3,candidate_1,candidate_2,3,0.03
2855,candidate_3,candidate_1,0,3,0.03
2856,0,candidate_1,candidate_2,3,0.03
2857,candidate_3,candidate_1,candidate_2,3,0.03
2858,candidate_3,candidate_1,candidate_2,3,0.03
2859,candidate_3,candidate_1,candidate_2,3,0.03
2860,candidate_3,candidate_1,candidate_2,3,0.03
2861,candidate_3,candidate_1,candidate_2,3,0.03
2862,candidate_3,candidate_1,candidate_2,3,0.03
2863,candidate_3,candidate_1,candidate_2,3,0.03
2864,candidate_3,candidate_1,candidate_2,3,0.03
2865,candidate_3,candidate_1,candidate_2,3,0.03
2866,candidate_3,candidate_1,0,3,0.03
2867,candidate_3,candidate_1,candidate_2,3,0.03
2868,candidate_3,candidate_1,candidate_2,3,0.03
2869,candidate_3,candidate_1,candidate_2,3,0.03
2870,candidate_3,candidate_1,candidate_2,3,0.03
2871,candidate_3,candidate_1,candidate_2,3,0.03
2872,candidate_3,candidate_1,candidate_2,3,0.03
2873,candidate_3,candidate_1,candidate_2,3,0.03
2874,candidate_3,candidate_1,candidate_2,3,0.03
2875,candidate_3,candidate_1,candidate_2,3,0.03
2876,candidate_3,candidate_1,candidate_2,3,0.03
2877,candidate_3,candidate_1,candidate_2,3,0.03
2878,candidate_3,candidate_1,candidate_2,3,0.03
2879,candidate_3,candidate_1,candidate_2,3,0.03
2880,candidate_3,candidate_1,candidate_2,3,0.03
2881,candidate_3,candidate_1,candidate_2,3,0.03
2882,candidate_3,candidate_1,candidate_2,3,0.03
2883,candidate_3,candidate_1,candidate_2,3,0.03
2884,candidate_3,candidate_1,candidate_2,3,0.03
2885,candidate_3,candidate_1,candidate_2,3,0.03
2886,candidate_3,candidate_1,candidate_2,3,0.03
2887,candidate_3,candidate_1,candidate_2,3,0.03
2888,candidate_3,candidate_1,candidate_2,3,0.03
2889,candidate_3,candidate_1,candidate_2,3,0.03
2890,candidate_3,candidate_1,candidate_2,3,0.03
2891,candidate_3,candidate_1,candidate_2,3,0.03
2892,candidate_3,candidate_1,candidate_2,3,0.03
2893,candidate_3,candidate_1,candidate_2,3,0.03
2894,candidate_3,candidate_1,candidate_2,3,0.03
2895,candidate_3,candidate_1,candidate_2,3,0.03
2896,candidate_3,candidate_1,candidate_2,3,0.03
2897,candidate_3,candidate_1,candidate_2,3,0.03
2898,candidate_3,candidate_1,candidate_2,3,0.03
2899,candidate_3,candidate_1,candidate_2,3,0.03
2900,candidate_3,candidate_1,candidate_2,3,0.03
2901,candidate_3,candidate_1,candidate_2,3,0.03
2902,candidate_3,candidate_1,candidate_2,3,0.03
2903,candidate_3,candidate_1,candidate_2,3,0.03
2904,candidate_3,candidate_1,candidate_2,3,0.03
2905,candidate_3,candidate_1,candidate_2,3,0.03
2906,candidate_3,candidate_1,candidate_2,3,0.03
2907,candidate_3,candidate_1,candidate_2,3,0.03
2908,candidate_3,candidate_1,candidate_2,3,0.03
2909,candidate_3,candidate_1,candidate_2,3,0.03
2910,candidate_3,candidate_1,candidate_2,3,0.03
2911,candidate_3,candidate_1,candidate_2,3,0.03
2912,candidate_3,candidate_1,candidate_2,3,0.03
2913,candidate_3,candidate_1,candidate_2,3,0.03
2914,candidate_3,candidate_1,candidate_2,3,0.03
2915,candidate_3,candidate_1,candidate_2,3,0.03
2916,candidate_3,candidate_1,candidate_2,3,0.03
2917,candidate_3,candidate_1,candidate_2,3,0.03
2918,candidate_3,0,candidate_2,3,0.03
2919,candidate_3,candidate_1,candidate_2,3,0.03
2920,candidate_3,candidate_1,candidate_2,3,0.03
2921,candidate_3,candidate_1,candidate_2,3,0.03
2922,candidate_3,candidate_1,candidate_2,3,0.03
2923,candidate_3,candidate_1,candidate_2,3,0.03
2924,candidate_3,candidate_1,candidate_2,3,0.03
2925,candidate_3,candidate_1,candidate_2,3,0.03
2926,candidate_3,candidate_1,candidate_2,3,0.03
2927,candidate_3,candidate_1,candidate_2,3,0.03
2928,candidate_3,candidate_1,candidate_2,3,0.03
2929,candidate_3,candidate_1,candidate_2,3,0.03
2930,candidate_3,candidate_1,candidate_2,3,0.03
2931,candidate_3,candidate_1,candidate_2,3,0.03
2932,candidate_3,candidate_1,candidate_2,3,0.03
2933,candidate_3,candidate_1,candidate_2,3,0.03
2934,candidate_3,candidate_1,candidate_2,3,0.03
2935,candidate_3,candidate_1,candidate_2,3,0.03
2936,candidate_3,candidate_1,candidate_2,3,0.03
2937,candidate_3,candidate_1,candidate_2,3,0.03
2938,candidate_3,candidate_1,candidate_2,3,0.03
2939,candidate_3,candidate_1,candidate_2,3,0.03
2940,candidate_3,candidate_1,candidate_2,3,0.03
2941,candidate_3,candidate_1,candidate_2,3,0.03
2942,candidate_3,0,candidate_2,3,0.03
2943,candidate_3,candidate_1,candidate_2,3,0.03
2944,candidate_3,candidate_1,candidate_2,3,0.03
2945,candidate_3,candidate_1,candidate_2,3,0.03
2946,0,candidate_1,candidate_2,3,0.03
2947,candidate_3,candidate_1,candidate_2,3,0.03
2948,candidate_3,candidate_1,candidate_2,3,0.03
2949,candidate_3,candidate_1,candidate_2,3,0.03
2950,candidate_3,candidate_1,candidate_2,3,0.03
2951,candidate_3,candidate_1,candidate_2,3,0.03
2952,candidate_3,candidate_1,candidate_2,3,0.03
2953,candidate_3,candidate_1,candidate_2,3,0.03
2954,candidate_3,candidate_1,candidate_2,3,0.03
2955,0,candidate_1,candidate_2,3,0.03
2956,candidate_3,candidate_1,candidate_2,3,0.03
2957,candidate_3,candidate_1,candidate_2,3,0.03
2958,candidate_3,candidate_1,candidate_2,3,0.03
2959,candidate_3,candidate_1,0,3,0.03
2960,candidate_3,candidate_1,candidate_2,3,0.03
2961,candidate_3,candidate_1,candidate_2,3,0.03
2962,candidate_3,candidate_1,candidate_2,3,0.03
2963,candidate_3,candidate_1,candidate_2,3,0.03
2964,candidate_3,candidate_1,candidate_2,3,0.03
2965,candidate_3,candidate_1,candidate_2,3,0.03
2966,candidate_3,candidate_1,candidate_2,3,0.03
2967,candidate_3,candidate_1,candidate_2,3,0.03
2968,candidate_3,candidate_1,candidate_2,3,0.03
2969,candidate_3,candidate_1,candidate_2,3,0.03
2970,candidate_3,candidate_1,candidate_2,3,0.03
2971,candidate_3,candidate_1,candidate_2,3,0.03
2972,candidate_3,candidate_1,candidate_2,3,0.03
2973,candidate_3,candidate_1,candidate_2,3,0.03
2974,candidate_3,candidate_1,candidate_2,3,0.03
2975,candidate_3,candidate_1,candidate_2,3,0.03
2976,candidate_3,candidate_1,candidate_2,3,0.03
2977,candidate_3,candidate_1,candidate_2,3,0.03
2978,candidate_3,candidate_1,candidate_2,3,0.03
2979,candidate_3,candidate_1,candidate_2,3,0.03
2980,candidate_3,candidate_1,candidate_2,3,0.03
2981,candidate_3,candidate_1,candidate_2,3,0.03
2982,candidate_3,candidate_1,candidate_2,3,0.03
2983,candidate_3,candidate_1,candidate_2,3,0.03
2984,candidate_3,candidate_1,candidate_2,3,0.03
2985,candidate_3,candidate_1,candidate_2,3,0.03
2986,candidate_3,candidate_1,candidate_2,3,0.03
2987,candidate_3,candidate_1,candidate_2,3,0.03
2988,0,candidate_1,candidate_2,3,0.03
2989,candidate_3,candidate_1,candidate_2,3,0.03
2990,candidate_3,candidate_1,candidate_2,3,0.03
2991,candidate_3,candidate_1,candidate_2,3,0.03
2992,candidate_3,candidate_1,candidate_2,3,0.03
2993,candidate_3,candidate_1,candidate_2,3,0.03
2994,candidate_3,candidate_1,candidate_2,3,0.03
2995,candidate_3,candidate_1,candidate_2,3,0.03
2996,candidate_3,candidate_1,candidate_2,3,0.03
2997,candidate_3,candidate_1,candidate_2,3,0.03
2998,candidate_3,candidate_1,candidate_2,3,0.03
2999,candidate_3,candidate_1,candidate_2,3,0.03
3000,candidate_3,candidate_1,candidate_2,3,0.03
3001,candidate_3,candidate_1,candidate_2,3,0.03
3002,candidate_3,0,candidate_2,3,0.03
3003,candidate_3,candidate_1,candidate_2,3,0.03
3004,candidate_3,candidate_1,candidate_2,3,0.03
3005,candidate_3,candidate_1,candidate_2,3,0.03
3006,candidate_3,candidate_1,candidate_2,3,0.03
3007,candidate_3,candidate_1,candidate_2,3,0.03
3008,candidate_3,candidate_1,candidate_2,3,0.03
3009,candidate_3,candidate_1,candidate_2,3,0.03
3010,candidate_3,candidate_1,candidate_2,3,0.03
3011,candidate_3,candidate_1,candidate_2,3,0.03
3012,candidate_3,candidate_1,candidate_2,3,0.03
3013,candidate_3,candidate_1,candidate_2,3,0.03
3014,candidate_3,candidate_1,candidate_2,3,0.03
3015,candidate_3,candidate_1,0,3,0.03
3016,candidate_3,candidate_1,candidate_2,3,0.03
3017,candidate_3,candidate_1,candidate_2,3,0.03
3018,candidate_3,0,candidate_2,3,0.03
3019,candidate_3,candidate_1,candidate_2,3,0.03
3020,candidate_3,candidate_1,candidate_2,3,0.03
3021,candidate_3,candidate_1,candidate_2,3,0.03
3022,candidate_3,candidate_1,candidate_2,3,0.03
3023,candidate_3,candidate_1,candidate_2,3,0.03
3024,candidate_3,candidate_1,candidate_2,3,0.03
3025,candidate_3,candidate_1,candidate_2,3,0.03
3026,candidate_3,candidate_1,candidate_2,3,0.03
3027,candidate_3,candidate_1,candidate_2,3,0.03
3028,0,0,candidate_2,3,0.03
3029,candidate_3,candidate_1,candidate_2,3,0.03
3030,candidate_3,candidate_1,candidate_2,3,0.03
3031,candidate_3,candidate_1,candidate_2,3,0.03
3032,candidate_3,candidate_1,candidate_2,3,0.03
3033,candidate_3,candidate_1,candidate_2,3,0.03
3034,candidate_3,candidate_1,candidate_2,3,0.03
3035,candidate_3,candidate_1,0,3,0.03
3036,candidate_3,candidate_1,candidate_2,3,0.03
3037,candidate_3,candidate_1,candidate_2,3,0.03
3038,candidate_3,candidate_1,candidate_2,3,0.03
3039,candidate_3,candidate_1,candidate_2,3,0.03
3040,candidate_3,candidate_1,candidate_2,3,0.03
3041,candidate_3,candidate_1,candidate_2,3,0.03
3042,candidate_3,candidate_1,candidate_2,3,0.03
3043,candidate_3,candidate_1,candidate_2,3,0.03
3044,candidate_3,0,candidate_2,3,0.03
3045,candidate_3,candidate_1,candidate_2,3,0.03
3046,candidate_3,candidate_1,candidate_2,3,0.03
3047,candidate_3,candidate_1,candidate_2,3,0.03
3048,0,0,candidate_2,3,0.03
3049,candidate_3,candidate_1,candidate_2,3,0.03
3050,candidate_3,candidate_1,candidate_2,3,0.03
3051,candidate_3,candidate_1,candidate_2,3,0.03
3052,candidate_3,candidate_1,candidate_2,3,0.03
3053,candidate_3,candidate_1,candidate_2,3,0.03
3054,candidate_3,candidate_1,candidate_2,3,0.03
3055,candidate_3,candidate_1,candidate_2,3,0.03
3056,candidate_3,candidate_1,candidate_2,3,0.03
3057,candidate_3,candidate_1,candidate_2,3,0.03
3058,candidate_3,candidate_1,candidate_2,3,0.03
3059,candidate_3,candidate_1,candidate_2,3,0.03
3060,candidate_3,candidate_1,candidate_2,3,0.03
3061,candidate_3,candidate_1,candidate_2,3,0.03
3062,candidate_3,candidate_1,candidate_2,3,0.03
3063,candidate_3,candidate_1,0,3,0.03
3064,candidate_3,candidate_1,candidate_2,3,0.03
3065,candidate_3,candidate_1,candidate_2,3,0.03
3066,candidate_3,candidate_1,candidate_2,3,0.03
3067,candidate_3,candidate_1,candidate_2,3,0.03
3068,candidate_3,candidate_1,candidate_2,3,0.03
3069,candidate_3,candidate_1,candidate_2,3,0.03
3070,candidate_3,candidate_1,candidate_2,3,0.03
3071,candidate_3,candidate_1,candidate_2,3,0.03
3072,candidate_3,candidate_1,candidate_2,3,0.03
3073,candidate_3,candidate_1,candidate_2,3,0.03
3074,candidate_3,candidate_1,candidate_2,3,0.03
3075,candidate_3,candidate_1,candidate_2,3,0.03
3076,0,candidate_1,candidate_2,3,0.03
3077,candidate_3,candidate_1,candidate_2,3,0.03
3078,candidate_3,candidate_1,candidate_2,3,0.03
3079,candidate_3,candidate_1,candidate_2,3,0.03
3080,candidate_3,candidate_1,candidate_2,3,0.03
3081,candidate_3,candidate_1,candidate_2,3,0.03
3082,candidate_3,candidate_1,candidate_2,3,0.03
3083,candidate_3,candidate_1,candidate_2,3,0.03
3084,candidate_3,candidate_1,candidate_2,3,0.03
3085,candidate_3,candidate_1,candidate_2,3,0.03
3086,candidate_3,0,candidate_2,3,0.03
3087,candidate_3,candidate_1,candidate_2,3,0.03
3088,candidate_3,candidate_1,candidate_2,3,0.03
3089,candidate_3,candidate_1,candidate_2,3,0.03
3090,candidate_3,candidate_1,candidate_2,3,0.03
3091,candidate_3,candidate_1,candidate_2,3,0.03
3092,candidate_3,candidate_1,candidate_2,3,0.03
3093,candidate_3,candidate_1,candidate_2,3,0.03
3094,candidate_3,candidate_1,candidate_2,3,0.03
3095,candidate_3,candidate_1,candidate_2,3,0.03
3096,candidate_3,candidate_1,candidate_2,3,0.03
3097,candidate_3,candidate_1,candidate_2,3,0.03
3098,candidate_3,candidate_1,candidate_2,3,0.03
3099,candidate_3,candidate_1,candidate_2,3,0.03
3100,candidate_3,candidate_1,candidate_2,3,0.03
3101,candidate_3,candidate_1,candidate_2,3,0.03
3102,candidate_3,candidate_1,candidate_2,3,0.03
3103,candidate_3,candidate_1,candidate_2,3,0.03
3104,candidate_3,candidate_1,candidate_2,3,0.03
3105,candidate_3,candidate_1,candidate_2,3,0.03
3106,candidate_3,candidate_1,candidate_2,3,0.03
3107,candidate_3,candidate_1,candidate_2,3,0.03
3108,candidate_3,candidate_1,candidate_2,3,0.03
3109,candidate_3,candidate_1,candidate_2,3,0.03
3110,candidate_3,candidate_1,candidate_2,3,0.03
3111,candidate_3,candidate_1,candidate_2,3,0.03
3112,candidate_3,candidate_1,candidate_2,3,0.03
3113,candidate_3,candidate_1,candidate_2,3,0.03
3114,candidate_3,candidate_1,candidate_2,3,0.03
3115,candidate_3,candidate_1,candidate_2,3,0.03
3116,candidate_3,candidate_1,candidate_2,3,0.03
3117,candidate_3,candidate_1,candidate_2,3,0.03
3118,candidate_3,candidate_1,candidate_2,3,0.03
3119,candidate_3,candidate_1,candidate_2,3,0.03
3120,candidate_3,candidate_1,candidate_2,3,0.03
3121,candidate_3,0,candidate_2,3,0.03
3122,candidate_3,candidate_1,candidate_2,3,0.03
3123,candidate_3,candidate_1,candidate_2,3,0.03
3124,candidate_3,candidate_1,candidate_2,3,0.03
3125,candidate_3,candidate_1,candidate_2,3,0.03
3126,candidate_3,candidate_1,candidate_2,3,0.03
3127,candidate_3,candidate_1,candidate_2,3,0.03
3128,candidate_3,candidate_1,candidate_2,3,0.03
3129,candidate_3,candidate_1,candidate_2,3,0.03
3130,candidate_3,candidate_1,candidate_2,3,0.03
3131,candidate_3,candidate_1,candidate_2,3,0.03
3132,candidate_3,candidate_1,candidate_2,3,0.03
3133,candidate_3,candidate_1,candidate_2,3,0.03
3134,candidate_3,candidate_1,candidate_2,3,0.03
3135,candidate_3,candidate_1,candidate_2,3,0.03
3136,candidate_3,candidate_1,candidate_2,3,0.03
3137,candidate_3,candidate_1,candidate_2,3,0.03
3138,candidate_3,candidate_1,candidate_2,3,0.03
3139,candidate_3,candidate_1,candidate_2,3,0.03
3140,candidate_3,candidate_1,candidate_2,3,0.03
3141,candidate_3,candidate_1,candidate_2,3,0.03
3142,candidate_3,candidate_1,candidate_2,3,0.03
3143,candidate_3,candidate_1,candidate_2,3,0.03
3144,candidate_3,candidate_1,candidate_2,3,0.03
3145,candidate_3,candidate_1,candidate_2,3,0.03
3146,candidate_3,candidate_1,candidate_2,3,0.03
3147,candidate_3,candidate_1,candidate_2,3,0.03
3148,candidate_3,candidate_1,candidate_2,3,0.03
3149,candidate_3,candidate_1,candidate_2,3,0.03
3150,candidate_3,candidate_1,candidate_2,3,0.03
3151,candidate_3,candidate_1,candidate_2,3,0.03
3152,candidate_3,candidate_1,candidate_2,3,0.03
3153,candidate_3,candidate_1,candidate_2,3,0.03
3154,candidate_3,candidate_1,candidate_2,3,0.03
3155,candidate_3,candidate_1,candidate_2,3,0.03
3156,candidate_3,candidate_1,candidate_2,3,0.03
3157,candidate_3,candidate_1,candidate_2,3,0.03
3158,candidate_3,candidate_1,candidate_2,3,0.03
3159,candidate_3,candidate_1,candidate_2,3,0.03
3160,candidate_3,candidate_1,candidate_2,3,0.03
3161,candidate_3,candidate_1,candidate_2,3,0.03
3162,0,candidate_1,candidate_2,3,0.03
3163,0,candidate_1,candidate_2,3,0.03
3164,candidate_3,candidate_1,candidate_2,3,0.03
3165,candidate_3,0,candidate_2,3,0.03
3166,candidate_3,candidate_1,candidate_2,3,0.03
3167,candidate_3,candidate_1,candidate_2,3,0.03
3168,candidate_3,candidate_1,candidate_2,3,0.03
3169,candidate_3,candidate_1,candidate_2,3,0.03
3170,candidate_3,candidate_1,candidate_2,3,0.03
3171,candidate_3,candidate_1,0,3,0.03
3172,candidate_3,0,candidate_2,3,0.03
3173,candidate_3,candidate_1,candidate_2,3,0.03
3174,candidate_3,candidate_1,candidate_2,3,0.03
3175,candidate_3,candidate_1,candidate_2,3,0.03
3176,candidate_3,candidate_1,candidate_2,3,0.03
3177,candidate_3,candidate_1,candidate_2,3,0.03
3178,candidate_3,candidate_1,candidate_2,3,0.03
3179,candidate_3,candidate_1,candidate_2,3,0.03
3180,candidate_3,candidate_1,candidate_2,3,0.03
3181,candidate_3,candidate_1,candidate_2,3,0.03
3182,candidate_3,candidate_1,candidate_2,3,0.03
3183,0,candidate_1,candidate_2,3,0.03
3184,candidate_3,candidate_1,candidate_2,3,0.03
3185,candidate_3,candidate_1,candidate_2,3,0.03
3186,candidate_3,candidate_1,candidate_2,3,0.03
3187,candidate_3,candidate_1,candidate_2,3,0.03
3188,candidate_3,candidate_1,candidate_2,3,0.03
3189,candidate_3,candidate_1,candidate_2,3,0.03
3190,candidate_3,candidate_1,candidate_2,3,0.03
3191,candidate_3,candidate_1,candidate_2,3,0.03
3192,candidate_3,candidate_1,candidate_2,3,0.03
3193,candidate_3,candidate_1,candidate_2,3,0.03
3194,candidate_3,candidate_1,candidate_2,3,0.03
3195,candidate_3,candidate_1,candidate_2,3,0.03
3196,candidate_3,candidate_1,candidate_2,3,0.03
3197,candidate_3,candidate_1,candidate_2,3,0.03
3198,0,candidate_1,candidate_2,3,0.03
3199,candidate_3,candidate_1,candidate_2,3,0.03
3200,candidate_3,candidate_1,candidate_2,3,0.03
3201,candidate_3,candidate_1,candidate_2,3,0.03
3202,candidate_3,candidate_1,candidate_2,3,0.03
3203,candidate_3,candidate_1,candidate_2,3,0.03
3204,candidate_3,candidate_1,candidate_2,3,0.03
3205,candidate_3,candidate_1,candidate_2,3,0.03
3206,candidate_3,candidate_1,candidate_2,3,0.03
3207,candidate_3,candidate_1,candidate_2,3,0.03
3208,candidate_3,candidate_1,candidate_2,3,0.03
3209,candidate_3,candidate_1,candidate_2,3,0.03
3210,candidate_3,candidate_1,candidate_2,3,0.03
3211,candidate_3,candidate_1,candidate_2,3,0.03
3212,candidate_3,candidate_1,candidate_2,3,0.03
3213,candidate_3,candidate_1,candidate_2,3,0.03
3214,candidate_3,candidate_1,candidate_2,3,0.03
3215,candidate_3,candidate_1,candidate_2,3,0.03
3216,candidate_3,candidate_1,0,3,0.03
3217,candidate_3,candidate_1,candidate_2,3,0.03
3218,candidate_3,candidate_1,candidate_2,3,0.03
3219,0,candidate_1,candidate_2,3,0.03
3220,candidate_3,candidate_1,candidate_2,3,0.03
3221,candidate_3,candidate_1,candidate_2,3,0.03
3222,candidate_3,candidate_1,candidate_2,3,0.03
3223,candidate_3,candidate_1,candidate_2,3,0.03
3224,candidate_3,candidate_1,candidate_2,3,0.03
3225,candidate_3,candidate_1,candidate_2,3,0.03
3226,candidate_3,candidate_1,candidate_2,3,0.03
3227,candidate_3,candidate_1,candidate_2,3,0.03
3228,candidate_3,candidate_1,candidate_2,3,0.03
3229,candidate_3,candidate_1,candidate_2,3,0.03
3230,candidate_3,candidate_1,candidate_2,3,0.03
3231,candidate_3,candidate_1,candidate_2,3,0.03
3232,candidate_3,candidate_1,candidate_2,3,0.03
3233,candidate_3,candidate_1,candidate_2,3,0.03
3234,candidate_3,candidate_1,candidate_2,3,0.03
3235,candidate_3,candidate_1,0,3,0.03
3236,0,candidate_1,candidate_2,3,0.03
3237,candidate_3,candidate_1,candidate_2,3,0.03
3238,candidate_3,candidate_1,candidate_2,3,0.03
3239,candidate_3,0,candidate_2,3,0.03
3240,candidate_3,candidate_1,candidate_2,3,0.03
3241,candidate_3,candidate_1,candidate_2,3,0.03
3242,candidate_3,candidate_1,candidate_2,3,0.03
3243,candidate_3,candidate_1,candidate_2,3,0.03
3244,candidate_3,candidate_1,candidate_2,3,0.03
3245,candidate_3,0,candidate_2,3,0.03
3246,candidate_3,candidate_1,candidate_2,3,0.03
3247,candidate_3,candidate_1,candidate_2,3,0.03
3248,candidate_3,candidate_1,candidate_2,3,0.03
3249,candidate_3,candidate_1,candidate_2,3,0.03
3250,candidate_3,candidate_1,candidate_2,3,0.03
3251,candidate_3,candidate_1,candidate_2,3,0.03
3252,candidate_3,candidate_1,candidate_2,3,0.03
3253,candidate_3,candidate_1,candidate_2,3,0.03
3254,candidate_3,candidate_1,candidate_2,3,0.03
3255,candidate_3,candidate_1,candidate_2,3,0.03
3256,candidate_3,candidate_1,candidate_2,3,0.03
3257,candidate_3,candidate_1,candidate_2,3,0.03
3258,candidate_3,candidate_1,candidate_2,3,0.03
3259,candidate_3,candidate_1,candidate_2,3,0.03
3260,candidate_3,candidate_1,candidate_2,3,0.03
3261,candidate_3,candidate_1,candidate_2,3,0.03
3262,candidate_3,candidate_1,candidate_2,3,0.03
3263,candidate_3,candidate_1,candidate_2,3,0.03
3264,candidate_3,candidate_1,candidate_2,3,0.03
3265,candidate_3,candidate_1,candidate_2,3,0.03
3266,candidate_3,candidate_1,candidate_2,3,0.03
3267,candidate_3,candidate_1,candidate_2,3,0.03
3268,candidate_3,candidate_1,candidate_2,3,0.03
3269,candidate_3,candidate_1,candidate_2,3,0.03
3270,candidate_3,candidate_1,candidate_2,3,0.03
3271,candidate_3,candidate_1,candidate_2,3,0.03
3272,candidate_3,candidate_1,candidate_2,3,0.03
3273,candidate_3,candidate_1,candidate_2,3,0.03
3274,candidate_3,0,candidate_2,3,0.03
3275,candidate_3,candidate_1,candidate_2,3,0.03
3276,candidate_3,candidate_1,candidate_2,3,0.03
3277,candidate_3,candidate_1,candidate_2,3,0.03
3278,candidate_3,candidate_1,candidate_2,3,0.03
3279,candidate_3,candidate_1,candidate_2,3,0.03
3280,candidate_3,candidate_1,candidate_2,3,0.03
3281,candidate_3,candidate_1,0,3,0.03
3282,candidate_3,0,candidate_2,3,0.03
3283,candidate_3,candidate_1,candidate_2,3,0.03
3284,candidate_3,candidate_1,candidate_2,3,0.03
3285,candidate_3,candidate_1,candidate_2,3,0.03
3286,candidate_3,candidate_1,candidate_2,3,0.03
3287,candidate_3,candidate_1,candidate_2,3,0.03
3288,candidate_3,candidate_1,candidate_2,3,0.03
3289,candidate_3,candidate_1,candidate_2,3,0.03
3290,candidate_3,candidate_1,candidate_2,3,0.03
3291,candidate_3,candidate_1,candidate_2,3,0.03
3292,candidate_3,candidate_1,candidate_2,3,0.03
3293,candidate_3,candidate_1,candidate_2,3,0.03
3294,candidate_3,candidate_1,candidate_2,3,0.03
3295,candidate_3,candidate_1,candidate_2,3,0.03
3296,candidate_3,candidate_1,candidate_2,3,0.03
3297,candidate_3,candidate_1,candidate_2,3,0.03
3298,candidate_3,candidate_1,candidate_2,3,0.03
3299,candidate_3,candidate_1,candidate_2,3,0.03
3300,candidate_3,candidate_1,candidate_2,3,0.03
3301,candidate_3,candidate_1,candidate_2,3,0.03
3302,candidate_3,candidate_1,candidate_2,3,0.03
3303,candidate_3,candidate_1,candidate_2,3,0.03
3304,candidate_3,candidate_1,candidate_2,3,0.03
3305,candidate_3,candidate_1,candidate_2,3,0.03
3306,candidate_3,candidate_1,candidate_2,3,0.03
3307,candidate_3,candidate_1,candidate_2,3,0.03
3308,candidate_3,candidate_1,candidate_2,3,0.03
3309,candidate_3,candidate_1,candidate_2,3,0.03
3310,candidate_3,candidate_1,candidate_2,3,0.03
3311,candidate_3,candidate_1,candidate_2,3,0.03
3312,candidate_3,candidate_1,candidate_2,3,0.03
3313,candidate_3,candidate_1,candidate_2,3,0.03
3314,candidate_3,candidate_1,candidate_2,3,0.03
3315,candidate_3,candidate_1,candidate_2,3,0.03
3316,candidate_3,candidate_1,candidate_2,3,0.03
3317,candidate_3,candidate_1,candidate_2,3,0.03
3318,candidate_3,candidate_1,candidate_2,3,0.03
3319,candidate_3,candidate_1,candidate_2,3,0.03
3320,candidate_3,candidate_1,candidate_2,3,0.03
3321,candidate_3,candidate_1,candidate_2,3,0.03
3322,candidate_3,candidate_1,candidate_2,3,0.03
3323,candidate_3,candidate_1,candidate_2,3,0.03
3324,candidate_3,candidate_1,candidate_2,3,0.03
3325,candidate_3,candidate_1,candidate_2,3,0.03
3326,candidate_3,candidate_1,candidate_2,3,0.03
3327,candidate_3,candidate_1,candidate_2,3,0.03
3328,candidate_3,candidate_1,candidate_2,3,0.03
3329,candidate_3,candidate_1,candidate_2,3,0.03
3330,candidate_3,candidate_1,candidate_2,3,0.03
3331,candidate_3,candidate_1,candidate_2,3,0.03
3332,candidate_3,candidate_1,candidate_2,3,0.03
3333,candidate_3,candidate_1,candidate_2,3,0.03
3334,candidate_3,candidate_1,candidate_2,3,0.03
3335,candidate_3,candidate_1,candidate_2,3,0.03
3336,candidate_3,candidate_1,candidate_2,3,0.03
3337,candidate_3,candidate_1,candidate_2,3,0.03
3338,candidate_3,candidate_1,candidate_2,3,0.03
3339,candidate_3,candidate_1,candidate_2,3,0.03
3340,candidate_3,candidate_1,candidate_2,3,0.03
3341,0,candidate_1,candidate_2,3,0.03
3342,candidate_3,candidate_1,candidate_2,3,0.03
3343,candidate_3,candidate_1,candidate_2,3,0.03
3344,candidate_3,candidate_1,candidate_2,3,0.03
3345,candidate_3,candidate_1,candidate_2,3,0.03
3346,candidate_3,candidate_1,candidate_2,3,0.03
3347,candidate_3,candidate_1,candidate_2,3,0.03
3348,candidate_3,candidate_1,candidate_2,3,0.03
3349,candidate_3,candidate_1,candidate_2,3,0.03
3350,candidate_3,candidate_1,candidate_2,3,0.03
3351,candidate_3,candidate_1,candidate_2,3,0.03
3352,0,candidate_1,candidate_2,3,0.03
3353,candidate_3,candidate_1,candidate_2,3,0.03
3354,candidate_3,candidate_1,candidate_2,3,0.03
3355,candidate_3,candidate_1,candidate_2,3,0.03
3356,candidate_3,candidate_1,candidate_2,3,0.03
3357,candidate_3,candidate_1,candidate_2,3,0.03
3358,candidate_3,candidate_1,candidate_2,3,0.03
3359,candidate_3,candidate_1,candidate_2,3,0.03
3360,candidate_3,candidate_1,candidate_2,3,0.03
3361,candidate_3,candidate_1,candidate_2,3,0.03
3362,candidate_3,candidate_1,candidate_2,3,0.03
3363,candidate_3,candidate_1,candidate_2,3,0.03
3364,candidate_3,candidate_1,candidate_2,3,0.03
3365,candidate_3,candidate_1,candidate_2,3,0.03
3366,candidate_3,0,candidate_2,3,0.03
3367,candidate_3,candidate_1,candidate_2,3,0.03
3368,candidate_3,candidate_1,candidate_2,3,0.03
3369,candidate_3,candidate_1,candidate_2,3,0.03
3370,candidate_3,candidate_1,candidate_2,3,0.03
3371,candidate_3,candidate_1,candidate_2,3,0.03
3372,candidate_3,candidate_1,candidate_2,3,0.03
3373,candidate_3,candidate_1,candidate_2,3,0.03
3374,candidate_3,candidate_1,candidate_2,3,0.03
3375,candidate_3,candidate_1,candidate_2,3,0.03
3376,candidate_3,candidate_1,candidate_2,3,0.03
3377,candidate_3,candidate_1,0,3,0.03
3378,candidate_3,candidate_1,candidate_2,3,0.03
3379,candidate_3,candidate_1,candidate_2,3,0.03
3380,candidate_3,candidate_1,candidate_2,3,0.03
3381,candidate_3,candidate_1,candidate_2,3,0.03
3382,candidate_3,candidate_1,candidate_2,3,0.03
3383,candidate_3,candidate_1,candidate_2,3,0.03
3384,candidate_3,candidate_1,candidate_2,3,0.03
3385,candidate_3,candidate_1,candidate_2,3,0.03
3386,candidate_3,candidate_1,candidate_2,3,0.03
3387,candidate_3,candidate_1,candidate_2,3,0.03
3388,candidate_3,candidate_1,candidate_2,3,0.03
3389,candidate_3,candidate_1,candidate_2,3,0.03
3390,candidate_3,candidate_1,candidate_2,3,0.03
3391,candidate_3,candidate_1,candidate_2,3,0.03
3392,candidate_3,candidate_1,candidate_2,3,0.03
3393,candidate_3,candidate_1,candidate_2,3,0.03
3394,candidate_3,candidate_1,candidate_2,3,0.03
3395,candidate_3,candidate_1,candidate_2,3,0.03
3396,candidate_3,candidate_1,candidate_2,3,0.03
3397,candidate_3,candidate_1,candidate_2,3,0.03
3398,candidate_3,candidate_1,0,3,0.03
3399,candidate_3,candidate_1,candidate_2,3,0.03
3400,candidate_3,candidate_1,candidate_2,3,0.03
3401,0,candidate_1,candidate_2,3,0.03
3402,candidate_3,candidate_1,candidate_2,3,0.03
3403,candidate_3,candidate_1,candidate_2,3,0.03
3404,candidate_3,candidate_1,candidate_2,3,0.03
3405,candidate_3,candidate_1,candidate_2,3,0.03
3406,candidate_3,candidate_1,candidate_2,3,0.03
3407,candidate_3,candidate_1,candidate_2,3,0.03
3408,candidate_3,candidate_1,candidate_2,3,0.03
3409,candidate_3,candidate_1,candidate_2,3,0.03
3410,candidate_3,candidate_1,candidate_2,3,0.03
3411,candidate_3,candidate_1,candidate_2,3,0.03
3412,candidate_3,candidate_1,candidate_2,3,0.03
3413,candidate_3,candidate_1,candidate_2,3,0.03
3414,candidate_3,candidate_1,candidate_2,3,0.03
3415,candidate_3,candidate_1,candidate_2,3,0.03
3416,candidate_3,candidate_1,candidate_2,3,0.03
3417,candidate_3,candidate_1,candidate_2,3,0.03
3418,candidate_3,candidate_1,candidate_2,3,0.03
3419,candidate_3,candidate_1,candidate_2,3,0.03
3420,candidate_3,candidate_1,candidate_2,3,0.03
3421,candidate_3,candidate_1,candidate_2,3,0.03
3422,candidate_3,candidate_1,candidate_2,3,0.03
3423,candidate_3,candidate_1,candidate_2,3,0.03
3424,candidate_3,candidate_1,candidate_2,3,0.03
3425,candidate_3,candidate_1,candidate_2,3,0.03
3426,candidate_3,candidate_1,candidate_2,3,0.03
3427,candidate_3,candidate_1,candidate_2,3,0.03
3428,candidate_3,candidate_1,candidate_2,3,0.03
3429,candidate_3,candidate_1,candidate_2,3,0.03
3430,candidate_3,candidate_1,candidate_2,3,0.03
3431,candidate_3,candidate_1,candidate_2,3,0.03
3432,candidate_3,candidate_1,candidate_2,3,0.03
3433,candidate_3,candidate_1,candidate_2,3,0.03
3434,candidate_3,candidate_1,candidate_2,3,0.03
3435,candidate_3,candidate_1,candidate_2,3,0.03
3436,candidate_3,candidate_1,candidate_2,3,0.03
3437,candidate_3,candidate_1,candidate_2,3,0.03
3438,candidate_3,candidate_1,candidate_2,3,0.03
3439,candidate_3,candidate_1,candidate_2,3,0.03
3440,candidate_3,candidate_1,candidate_2,3,0.03
3441,candidate_3,candidate_1,candidate_2,3,0.03
3442,candidate_3,candidate_1,candidate_2,3,0.03
3443,candidate_3,candidate_1,candidate_2,3,0.03
3444,candidate_3,candidate_1,candidate_2,3,0.03
3445,candidate_3,candidate_1,candidate_2,3,0.03
3446,candidate_3,candidate_1,candidate_2,3,0.03
3447,candidate_3,candidate_1,candidate_2,3,0.03
3448,candidate_3,candidate_1,candidate_2,3,0.03
3449,0,candidate_1,candidate_2,3,0.03
3450,candidate_3,candidate_1,candidate_2,3,0.03
3451,candidate_3,candidate_1,candidate_2,3,0.03
3452,candidate_3,candidate_1,candidate_2,3,0.03
3453,candidate_3,candidate_1,candidate_2,3,0.03
3454,candidate_3,candidate_1,candidate_2,3,0.03
3455,candidate_3,candidate_1,candidate_2,3,0.03
3456,candidate_3,candidate_1,candidate_2,3,0.03
3457,candidate_3,candidate_1,candidate_2,3,0.03
3458,candidate_3,candidate_1,candidate_2,3,0.03
3459,candidate_3,candidate_1,candidate_2,3,0.03
3460,0,candidate_1,candidate_2,3,0.03
3461,candidate_3,candidate_1,candidate_2,3,0.03
3462,candidate_3,candidate_1,candidate_2,3,0.03
3463,candidate_3,candidate_1,candidate_2,3,0.03
3464,candidate_3,candidate_1,candidate_2,3,0.03
3465,candidate_3,candidate_1,candidate_2,3,0.03
3466,candidate_3,candidate_1,candidate_2,3,0.03
3467,candidate_3,candidate_1,candidate_2,3,0.03
3468,candidate_3,candidate_1,candidate_2,3,0.03
3469,0,candidate_1,candidate_2,3,0.03
3470,candidate_3,candidate_1,candidate_2,3,0.03
3471,0,candidate_1,candidate_2,3,0.03
3472,candidate_3,candidate_1,candidate_2,3,0.03
3473,candidate_3,candidate_1,candidate_2,3,0.03
3474,candidate_3,candidate_1,candidate_2,3,0.03
3475,candidate_3,candidate_1,candidate_2,3,0.03
3476,candidate_3,candidate_1,candidate_2,3,0.03
3477,candidate_3,candidate_1,candidate_2,3,0.03
3478,candidate_3,candidate_1,candidate_2,3,0.03
3479,candidate_3,0,candidate_2,3,0.03
3480,candidate_3,candidate_1,candidate_2,3,0.03
3481,candidate_3,candidate_1,candidate_2,3,0.03
3482,candidate_3,candidate_1,candidate_2,3,0.03
3483,candidate_3,candidate_1,candidate_2,3,0.03
3484,0,candidate_1,candidate_2,3,0.03
3485,candidate_3,candidate_1,candidate_2,3,0.03
3486,candidate_3,candidate_1,candidate_2,3,0.03
3487,candidate_3,candidate_1,candidate_2,3,0.03
3488,candidate_3,candidate_1,candidate_2,3,0.03
3489,candidate_3,candidate_1,candidate_2,3,0.03
3490,candidate_3,candidate_1,candidate_2,3,0.03
3491,candidate_3,candidate_1,candidate_2,3,0.03
3492,candidate_3,candidate_1,candidate_2,3,0.03
3493,candidate_3,candidate_1,candidate_2,3,0.03
3494,candidate_3,candidate_1,0,3,0.03
3495,candidate_3,candidate_1,candidate_2,3,0.03
3496,candidate_3,0,candidate_2,3,0.03
3497,candidate_3,candidate_1,candidate_2,3,0.03
3498,candidate_3,candidate_1,candidate_2,3,0.03
3499,candidate_3,candidate_1,candidate_2,3,0.03
3500,candidate_3,candidate_1,candidate_2,3,0.03
3501,candidate_3,candidate_1,candidate_2,3,0.03
3502,candidate_3,candidate_1,candidate_2,3,0.03
3503,candidate_3,candidate_1,candidate_2,3,0.03
3504,candidate_3,candidate_1,candidate_2,3,0.03
3505,candidate_3,candidate_1,candidate_2,3,0.03
3506,candidate_3,candidate_1,candidate_2,3,0.03
3507,candidate_3,candidate_1,candidate_2,3,0.03
3508,candidate_3,candidate_1,candidate_2,3,0.03
3509,candidate_3,candidate_1,0,3,0.03
3510,candidate_3,candidate_1,candidate_2,3,0.03
3511,candidate_3,candidate_1,candidate_2,3,0.03
3512,candidate_3,candidate_1,candidate_2,3,0.03
3513,candidate_3,candidate_1,candidate_2,3,0.03
3514,candidate_3,candidate_1,candidate_2,3,0.03
3515,candidate_3,candidate_1,candidate_2,3,0.03
3516,candidate_3,candidate_1,candidate_2,3,0.03
3517,candidate_3,candidate_1,candidate_2,3,0.03
3518,candidate_3,candidate_1,candidate_2,3,0.03
3519,candidate_3,candidate_1,candidate_2,3,0.03
3520,candidate_3,candidate_1,candidate_2,3,0.03
3521,candidate_3,candidate_1,candidate_2,3,0.03
3522,candidate_3,candidate_1,candidate_2,3,0.03
3523,candidate_3,0,candidate_2,3,0.03
3524,candidate_3,candidate_1,candidate_2,3,0.03
3525,candidate_3,candidate_1,candidate_2,3,0.03
3526,candidate_3,candidate_1,candidate_2,3,0.03
3527,candidate_3,candidate_1,candidate_2,3,0.03
3528,candidate_3,candidate_1,candidate_2,3,0.03
3529,candidate_3,candidate_1,candidate_2,3,0.03
3530,candidate_3,candidate_1,candidate_2,3,0.03
3531,candidate_3,candidate_1,candidate_2,3,0.03
3532,candidate_3,candidate_1,candidate_2,3,0.03
3533,candidate_3,candidate_1,candidate_2,3,0.03
3534,candidate_3,candidate_1,candidate_2,3,0.03
3535,candidate_3,candidate_1,candidate_2,3,0.03
3536,candidate_3,candidate_1,candidate_2,3,0.03
3537,candidate_3,candidate_1,candidate_2,3,0.03
3538,candidate_3,candidate_1,candidate_2,3,0.03
3539,candidate_3,candidate_1,candidate_2,3,0.03
3540,candidate_3,candidate_1,candidate_2,3,0.03
3541,candidate_3,0,candidate_2,3,0.03
3542,candidate_3,candidate_1,candidate_2,3,0.03
3543,candidate_3,candidate_1,candidate_2,3,0.03
3544,candidate_3,candidate_1,candidate_2,3,0.03
3545,candidate_3,0,candidate_2,3,0.03
3546,candidate_3,0,candidate_2,3,0.03
3547,candidate_3,candidate_1,candidate_2,3,0.03
3548,candidate_3,candidate_1,candidate_2,3,0.03
3549,candidate_3,candidate_1,candidate_2,3,0.03
3550,candidate_3,candidate_1,candidate_2,3,0.03
3551,candidate_3,candidate_1,0,3,0.03
3552,candidate_3,0,candidate_2,3,0.03
3553,candidate_3,candidate_1,candidate_2,3,0.03
3554,candidate_3,candidate_1,candidate_2,3,0.03
3555,candidate_3,candidate_1,candidate_2,3,0.03
3556,candidate_3,candidate_1,candidate_2,3,0.03
3557,candidate_3,candidate_1,candidate_2,3,0.03
3558,candidate_3,candidate_1,candidate_2,3,0.03
3559,candidate_3,candidate_1,candidate_2,3,0.03
3560,candidate_3,0,candidate_2,3,0.03
3561,candidate_3,candidate_1,candidate_2,3,0.03
3562,candidate_3,candidate_1,0,3,0.03
3563,0,candidate_1,candidate_2,3,0.03
3564,candidate_3,candidate_1,candidate_2,3,0.03
3565,candidate_3,candidate_1,candidate_2,3,0.03
3566,candidate_3,candidate_1,candidate_2,3,0.03
3567,candidate_3,candidate_1,candidate_2,3,0.03
3568,candidate_3,candidate_1,candidate_2,3,0.03
3569,candidate_3,candidate_1,candidate_2,3,0.03
3570,candidate_3,candidate_1,candidate_2,3,0.03
3571,candidate_3,candidate_1,candidate_2,3,0.03
3572,candidate_3,candidate_1,candidate_2,3,0.03
3573,candidate_3,candidate_1,candidate_2,3,0.03
3574,candidate_3,candidate_1,candidate_2,3,0.03
3575,candidate_3,candidate_1,candidate_2,3,0.03
3576,candidate_3,candidate_1,0,3,0.03
3577,candidate_3,candidate_1,candidate_2,3,0.03
3578,candidate_3,candidate_1,candidate_2,3,0.03
3579,candidate_3,candidate_1,candidate_2,3,0.03
3580,candidate_3,candidate_1,candidate_2,3,0.03
3581,candidate_3,candidate_1,candidate_2,3,0.03
3582,candidate_3,candidate_1,candidate_2,3,0.03
3583,candidate_3,candidate_1,candidate_2,3,0.03
3584,candidate_3,candidate_1,candidate_2,3,0.03
3585,candidate_3,candidate_1,candidate_2,3,0.03
3586,candidate_3,candidate_1,candidate_2,3,0.03
3587,candidate_3,candidate_1,candidate_2,3,0.03
3588,candidate_3,candidate_1,candidate_2,3,0.03
3589,candidate_3,candidate_1,candidate_2,3,0.03
3590,candidate_3,candidate_1,candidate_2,3,0.03
3591,candidate_3,candidate_1,candidate_2,3,0.03
3592,candidate_3,candidate_1,candidate_2,3,0.03
3593,candidate_3,candidate_1,candidate_2,3,0.03
3594,candidate_3,candidate_1,candidate_2,3,0.03
3595,candidate_3,candidate_1,0,3,0.03
3596,candidate_3,candidate_1,candidate_2,3,0.03
3597,candidate_3,candidate_1,candidate_2,3,0.03
3598,candidate_3,0,candidate_2,3,0.03
3599,candidate_3,candidate_1,candidate_2,3,0.03
3600,candidate_3,candidate_1,candidate_2,3,0.03
3601,candidate_3,candidate_1,candidate_2,3,0.03
3602,candidate_3,candidate_1,candidate_2,3,0.03
3603,candidate_3,candidate_1,candidate_2,3,0.03
3604,candidate_3,candidate_1,candidate_2,3,0.03
3605,candidate_3,candidate_1,candidate_2,3,0.03
3606,candidate_3,candidate_1,candidate_2,3,0.03
3607,candidate_3,candidate_1,candidate_2,3,0.03
3608,candidate_3,candidate_1,0,3,0.03
3609,candidate_3,candidate_1,candidate_2,3,0.03
3610,candidate_3,candidate_1,candidate_2,3,0.03
3611,candidate_3,candidate_1,candidate_2,3,0.03
3612,candidate_3,candidate_1,candidate_2,3,0.03
3613,candidate_3,candidate_1,candidate_2,3,0.03
3614,candidate_3,candidate_1,candidate_2,3,0.03
3615,candidate_3,candidate_1,candidate_2,3,0.03
3616,candidate_3,candidate_1,candidate_2,3,0.03
3617,candidate_3,candidate_1,candidate_2,3,0.03
3618,candidate_3,candidate_1,candidate_2,3,0.03
3619,candidate_3,candidate_1,candidate_2,3,0.03
3620,candidate_3,candidate_1,candidate_2,3,0.03
3621,candidate_3,candidate_1,candidate_2,3,0.03
3622,candidate_3,candidate_1,candidate_2,3,0.03
3623,candidate_3,candidate_1,candidate_2,3,0.03
3624,candidate_3,candidate_1,candidate_2,3,0.03
3625,candidate_3,candidate_1,candidate_2,3,0.03
3626,candidate_3,candidate_1,candidate_2,3,0.03
3627,candidate_3,candidate_1,candidate_2,3,0.03
3628,candidate_3,candidate_1,candidate_2,3,0.03
3629,candidate_3,candidate_1,candidate_2,3,0.03
3630,candidate_3,candidate_1,candidate_2,3,0.03
3631,candidate_3,candidate_1,candidate_2,3,0.03
3632,candidate_3,candidate_1,candidate_2,3,0.03
3633,candidate_3,candidate_1,candidate_2,3,0.03
3634,candidate_3,candidate_1,candidate_2,3,0.03
3635,candidate_3,candidate_1,candidate_2,3,0.03
3636,candidate_3,candidate_1,candidate_2,3,0.03
3637,candidate_3,candidate_1,candidate_2,3,0.03
3638,candidate_3,candidate_1,0,3,0.03
3639,candidate_3,candidate_1,candidate_2,3,0.03
3640,candidate_3,candidate_1,candidate_2,3,0.03
3641,candidate_3,candidate_1,candidate_2,3,0.03
3642,candidate_3,candidate_1,candidate_2,3,0.03
3643,candidate_3,candidate_1,candidate_2,3,0.03
3644,candidate_3,candidate_1,candidate_2,3,0.03
3645,candidate_3,candidate_1,candidate_2,3,0.03
3646,candidate_3,candidate_1,candidate_2,3,0.03
3647,candidate_3,candidate_1,candidate_2,3,0.03
3648,candidate_3,candidate_1,candidate_2,3,0.03
3649,candidate_3,candidate_1,candidate_2,3,0.03
3650,candidate_3,candidate_1,candidate_2,3,0.03
3651,candidate_3,candidate_1,candidate_2,3,0.03
3652,candidate_3,candidate_1,candidate_2,3,0.03
3653,candidate_3,candidate_1,candidate_2,3,0.03
3654,candidate_3,candidate_1,0,3,0.03
3655,candidate_3,candidate_1,candidate_2,3,0.03
3656,candidate_3,candidate_1,0,3,0.03
3657,candidate_3,candidate_1,candidate_2,3,0.03
3658,candidate_3,candidate_1,candidate_2,3,0.03
3659,candidate_3,candidate_1,candidate_2,3,0.03
3660,candidate_3,candidate_1,candidate_2,3,0.03
3661,candidate_3,candidate_1,candidate_2,3,0.03
3662,candidate_3,candidate_1,candidate_2,3,0.03
3663,candidate_3,candidate_1,candidate_2,3,0.03
3664,candidate_3,candidate_1,candidate_2,3,0.03
3665,candidate_3,candidate_1,candidate_2,3,0.03
3666,candidate_3,candidate_1,0,3,0.03
3667,candidate_3,candidate_1,candidate_2,3,0.03
3668,0,candidate_1,candidate_2,3,0.03
3669,candidate_3,candidate_1,candidate_2,3,0.03
3670,candidate_3,candidate_1,candidate_2,3,0.03
3671,candidate_3,candidate_1,candidate_2,3,0.03
3672,candidate_3,0,candidate_2,3,0.03
3673,candidate_3,candidate_1,candidate_2,3,0.03
3674,candidate_3,candidate_1,candidate_2,3,0.03
3675,candidate_3,candidate_1,candidate_2,3,0.03
3676,candidate_3,candidate_1,candidate_2,3,0.03
3677,candidate_3,candidate_1,candidate_2,3,0.03
3678,candidate_3,candidate_1,candidate_2,3,0.03
3679,candidate_3,candidate_1,candidate_2,3,0.03
3680,candidate_3,candidate_1,candidate_2,3,0.03
3681,candidate_3,candidate_1,candidate_2,3,0.03
3682,candidate_3,candidate_1,candidate_2,3,0.03
3683,candidate_3,candidate_1,candidate_2,3,0.03
3684,candidate_3,candidate_1,candidate_2,3,0.03
3685,candidate_3,candidate_1,candidate_2,3,0.03
3686,candidate_3,candidate_1,candidate_2,3,0.03
3687,candidate_3,candidate_1,candidate_2,3,0.03
3688,candidate_3,candidate_1,candidate_2,3,0.03
3689,candidate_3,candidate_1,candidate_2,3,0.03
3690,candidate_3,candidate_1,candidate_2,3,0.03
3691,candidate_3,candidate_1,candidate_2,3,0.03
3692,candidate_3,candidate_1,candidate_2,3,0.03
3693,candidate_3,candidate_1,candidate_2,3,0.03
3694,candidate_3,candidate_1,candidate_2,3,0.03
3695,candidate_3,candidate_1,candidate_2,3,0.03
3696,candidate_3,candidate_1,candidate_2,3,0.03
3697,candidate_3,candidate_1,candidate_2,3,0.03
3698,candidate_3,candidate_1,candidate_2,3,0.03
3699,candidate_3,0,0,3,0.03
3700,0,candidate_1,candidate_2,3,0.03
3701,candidate_3,candidate_1,candidate_2,3,0.03
3702,candidate_3,candidate_1,candidate_2,3,0.03
3703,candidate_3,candidate_1,candidate_2,3,0.03
3704,0,candidate_1,candidate_2,3,0.03
3705,candidate_3,candidate_1,candidate_2,3,0.03
3706,candidate_3,candidate_1,candidate_2,3,0.03
3707,candidate_3,candidate_1,candidate_2,3,0.03
3708,candidate_3,candidate_1,candidate_2,3,0.03
3709,candidate_3,candidate_1,0,3,0.03
3710,candidate_3,candidate_1,candidate_2,3,0.03
3711,candidate_3,candidate_1,candidate_2,3,0.03
3712,candidate_3,candidate_1,candidate_2,3,0.03
3713,candidate_3,candidate_1,candidate_2,3,0.03
3714,candidate_3,candidate_1,candidate_2,3,0.03
3715,candidate_3,candidate_1,candidate_2,3,0.03
3716,candidate_3,candidate_1,candidate_2,3,0.03
3717,candidate_3,candidate_1,candidate_2,3,0.03
3718,candidate_3,candidate_1,candidate_2,3,0.03
3719,candidate_3,0,candidate_2,3,0.03
3720,candidate_3,candidate_1,candidate_2,3,0.03
3721,candidate_3,candidate_1,candidate_2,3,0.03
3722,candidate_3,candidate_1,candidate_2,3,0.03
3723,candidate_3,candidate_1,candidate_2,3,0.03
3724,candidate_3,candidate_1,candidate_2,3,0.03
3725,candidate_3,candidate_1,candidate_2,3,0.03
3726,candidate_3,candidate_1,candidate_2,3,0.03
3727,candidate_3,candidate_1,candidate_2,3,0.03
3728,candidate_3,candidate_1,candidate_2,3,0.03
3729,candidate_3,candidate_1,candidate_2,3,0.03
3730,candidate_3,candidate_1,candidate_2,3,0.03
3731,candidate_3,candidate_1,candidate_2,3,0.03
3732,candidate_3,candidate_1,candidate_2,3,0.03
3733,candidate_3,candidate_1,candidate_2,3,0.03
3734,candidate_3,candidate_1,candidate_2,3,0.03
3735,candidate_3,candidate_1,candidate_2,3,0.03
3736,candidate_3,candidate_1,candidate_2,3,0.03
3737,candidate_3,candidate_1,candidate_2,3,0.03
3738,candidate_3,candidate_1,candidate_2,3,0.03
3739,candidate_3,candidate_1,candidate_2,3,0.03
3740,candidate_3,0,candidate_2,3,0.03
3741,candidate_3,candidate_1,candidate_2,3,0.03
3742,candidate_3,candidate_1,candidate_2,3,0.03
3743,candidate_3,candidate_1,candidate_2,3,0.03
3744,candidate_3,candidate_1,candidate_2,3,0.03
3745,candidate_3,candidate_1,candidate_2,3,0.03
3746,candidate_3,candidate_1,candidate_2,3,0.03
3747,candidate_3,0,candidate_2,3,0.03
3748,candidate_3,candidate_1,candidate_2,3,0.03
3749,candidate_3,candidate_1,candidate_2,3,0.03
3750,candidate_3,candidate_1,candidate_2,3,0.03
3751,candidate_3,candidate_1,candidate_2,3,0.03
3752,candidate_3,candidate_1,candidate_2,3,0.03
3753,0,candidate_1,candidate_2,3,0.03
3754,candidate_3,candidate_1,candidate_2,3,0.03
3755,0,candidate_1,candidate_2,3,0.03
3756,0,candidate_1,candidate_2,3,0.03
3757,0,candidate_1,candidate_2,3,0.03
3758,candidate_3,candidate_1,candidate_2,3,0.03
3759,candidate_3,candidate_1,candidate_2,3,0.03
3760,candidate_3,candidate_1,candidate_2,3,0.03
3761,candidate_3,candidate_1,candidate_2,3,0.03
3762,candidate_3,candidate_1,candidate_2,3,0.03
3763,candidate_3,candidate_1,candidate_2,3,0.03
3764,candidate_3,candidate_1,candidate_2,3,0.03
3765,candidate_3,candidate_1,candidate_2,3,0.03
3766,candidate_3,candidate_1,candidate_2,3,0.03
3767,candidate_3,candidate_1,candidate_2,3,0.03
3768,candidate_3,candidate_1,candidate_2,3,0.03
3769,candidate_3,candidate_1,candidate_2,3,0.03
3770,candidate_3,0,candidate_2,3,0.03
3771,candidate_3,candidate_1,candidate_2,3,0.03
3772,candidate_3,candidate_1,candidate_2,3,0.03
3773,candidate_3,candidate_1,candidate_2,3,0.03
3774,candidate_3,candidate_1,candidate_2,3,0.03
3775,candidate_3,candidate_1,candidate_2,3,0.03
3776,candidate_3,candidate_1,0,3,0.03
3777,candidate_3,candidate_1,candidate_2,3,0.03
3778,candidate_3,candidate_1,candidate_2,3,0.03
3779,candidate_3,candidate_1,candidate_2,3,0.03
3780,candidate_3,candidate_1,candidate_2,3,0.03
3781,candidate_3,candidate_1,candidate_2,3,0.03
3782,candidate_3,candidate_1,candidate_2,3,0.03
3783,candidate_3,candidate_1,candidate_2,3,0.03
3784,candidate_3,candidate_1,candidate_2,3,0.03
3785,candidate_3,candidate_1,candidate_2,3,0.03
3786,candidate_3,candidate_1,candidate_2,3,0.03
3787,candidate_3,candidate_1,candidate_2,3,0.03
3788,candidate_3,candidate_1,candidate_2,3,0.03
3789,candidate_3,candidate_1,candidate_2,3,0.03
3790,candidate_3,candidate_1,candidate_2,3,0.03
3791,candidate_3,candidate_1,candidate_2,3,0.03
3792,candidate_3,candidate_1,candidate_2,3,0.03
3793,candidate_3,candidate_1,candidate_2,3,0.03
3794,candidate_3,candidate_1,candidate_2,3,0.03
3795,candidate_3,candidate_1,candidate_2,3,0.03
3796,candidate_3,candidate_1,candidate_2,3,0.03
3797,candidate_3,candidate_1,candidate_2,3,0.03
3798,candidate_3,candidate_1,candidate_2,3,0.03
3799,candidate_3,0,candidate_2,3,0.03
3800,candidate_3,candidate_1,candidate_2,3,0.03
3801,candidate_3,candidate_1,candidate_2,3,0.03
3802,candidate_3,candidate_1,candidate_2,3,0.03
3803,candidate_3,candidate_1,candidate_2,3,0.03
3804,candidate_3,candidate_1,candidate_2,3,0.03
3805,candidate_3,candidate_1,candidate_2,3,0.03
3806,candidate_3,candidate_1,candidate_2,3,0.03
3807,candidate_3,candidate_1,candidate_2,3,0.03
3808,candidate_3,candidate_1,candidate_2,3,0.03
3809,candidate_3,candidate_1,candidate_2,3,0.03
3810,candidate_3,candidate_1,candidate_2,3,0.03
3811,candidate_3,candidate_1,candidate_2,3,0.03
3812,candidate_3,candidate_1,candidate_2,3,0.03
3813,candidate_3,candidate_1,candidate_2,3,0.03
3814,candidate_3,candidate_1,candidate_2,3,0.03
3815,candidate_3,candidate_1,candidate_2,3,0.03
3816,0,candidate_1,candidate_2,3,0.03
3817,candidate_3,candidate_1,candidate_2,3,0.03
3818,candidate_3,candidate_1,candidate_2,3,0.03
3819,candidate_3,candidate_1,candidate_2,3,0.03
3820,candidate_3,candidate_1,candidate_2,3,0.03
3821,candidate_3,candidate_1,candidate_2,3,0.03
3822,candidate_3,candidate_1,candidate_2,3,0.03
3823,candidate_3,candidate_1,candidate_2,3,0.03
3824,candidate_3,candidate_1,candidate_2,3,0.03
3825,candidate_3,candidate_1,candidate_2,3,0.03
3826,candidate_3,candidate_1,candidate_2,3,0.03
3827,candidate_3,candidate_1,candidate_2,3,0.03
3828,candidate_3,candidate_1,candidate_2,3,0.03
3829,candidate_3,candidate_1,candidate_2,3,0.03
3830,candidate_3,candidate_1,candidate_2,3,0.03
3831,candidate_3,candidate_1,candidate_2,3,0.03
3832,candidate_3,candidate_1,candidate_2,3,0.03
3833,candidate_3,candidate_1,candidate_2,3,0.03
3834,candidate_3,candidate_1,candidate_2,3,0.03
3835,candidate_3,0,candidate_2,3,0.03
3836,candidate_3,candidate_1,candidate_2,3,0.03
3837,candidate_3,candidate_1,candidate_2,3,0.03
3838,candidate_3,candidate_1,candidate_2,3,0.03
3839,candidate_3,candidate_1,candidate_2,3,0.03
3840,candidate_3,candidate_1,candidate_2,3,0.03
3841,candidate_3,candidate_1,candidate_2,3,0.03
3842,candidate_3,candidate_1,candidate_2,3,0.03
3843,candidate_3,candidate_1,0,3,0.03
3844,candidate_3,candidate_1,candidate_2,3,0.03
3845,candidate_3,candidate_1,candidate_2,3,0.03
3846,candidate_3,candidate_1,candidate_2,3,0.03
3847,candidate_3,candidate_1,candidate_2,3,0.03
3848,candidate_3,candidate_1,candidate_2,3,0.03
3849,candidate_3,candidate_1,candidate_2,3,0.03
3850,candidate_3,candidate_1,candidate_2,3,0.03
3851,candidate_3,candidate_1,candidate_2,3,0.03
3852,candidate_3,candidate_1,candidate_2,3,0.03
3853,candidate_3,candidate_1,candidate_2,3,0.03
3854,candidate_3,candidate_1,candidate_2,3,0.03
3855,candidate_3,candidate_1,candidate_2,3,0.03
3856,candidate_3,candidate_1,candidate_2,3,0.03
3857,candidate_3,candidate_1,candidate_2,3,0.03
3858,0,candidate_1,candidate_2,3,0.03
3859,candidate_3,candidate_1,candidate_2,3,0.03
3860,candidate_3,candidate_1,candidate_2,3,0.03
3861,candidate_3,candidate_1,candidate_2,3,0.03
3862,candidate_3,candidate_1,candidate_2,3,0.03
3863,candidate_3,0,candidate_2,3,0.03
3864,candidate_3,0,candidate_2,3,0.03
3865,candidate_3,candidate_1,candidate_2,3,0.03
3866,candidate_3,candidate_1,candidate_2,3,0.03
3867,candidate_3,candidate_1,0,3,0.03
3868,candidate_3,candidate_1,candidate_2,3,0.03
3869,candidate_3,candidate_1,candidate_2,3,0.03
3870,candidate_3,candidate_1,candidate_2,3,0.03
3871,candidate_3,candidate_1,candidate_2,3,0.03
3872,candidate_3,candidate_1,candidate_2,3,0.03
3873,candidate_3,candidate_1,candidate_2,3,0.03
3874,candidate_3,candidate_1,candidate_2,3,0.03
3875,candidate_3,candidate_1,candidate_2,3,0.03
3876,candidate_3,candidate_1,0,3,0.03
3877,candidate_3,candidate_1,candidate_2,3,0.03
3878,candidate_3,candidate_1,0,3,0.03
3879,candidate_3,0,candidate_2,3,0.03
3880,candidate_3,candidate_1,candidate_2,3,0.03
3881,candidate_3,candidate_1,candidate_2,3,0.03
3882,candidate_3,candidate_1,candidate_2,3,0.03
3883,candidate_3,candidate_1,candidate_2,3,0.03
3884,candidate_3,candidate_1,candidate_2,3,0.03
3885,candidate_3,candidate_1,candidate_2,3,0.03
3886,candidate_3,candidate_1,candidate_2,3,0.03
3887,candidate_3,candidate_1,candidate_2,3,0.03
3888,candidate_3,candidate_1,candidate_2,3,0.03
3889,0,candidate_1,candidate_2,3,0.03
3890,candidate_3,candidate_1,candidate_2,3,0.03
3891,candidate_3,candidate_1,candidate_2,3,0.03
3892,candidate_3,candidate_1,candidate_2,3,0.03
3893,candidate_3,candidate_1,candidate_2,3,0.03
3894,candidate_3,candidate_1,candidate_2,3,0.03
3895,candidate_3,candidate_1,candidate_2,3,0.03
3896,candidate_3,candidate_1,candidate_2,3,0.03
3897,candidate_3,candidate_1,candidate_2,3,0.03
3898,candidate_3,candidate_1,candidate_2,3,0.03
3899,candidate_3,candidate_1,candidate_2,3,0.03
3900,candidate_3,candidate_1,candidate_2,3,0.03
3901,candidate_3,candidate_1,candidate_2,3,0.03
3902,candidate_3,candidate_1,candidate_2,3,0.03
3903,candidate_3,candidate_1,candidate_2,3,0.03
3904,candidate_3,candidate_1,candidate_2,3,0.03
3905,candidate_3,candidate_1,candidate_2,3,0.03
3906,candidate_3,candidate_1,candidate_2,3,0.03
3907,candidate_3,candidate_1,candidate_2,3,0.03
3908,candidate_3,candidate_1,candidate_2,3,0.03
3909,candidate_3,candidate_1,candidate_2,3,0.03
3910,candidate_3,candidate_1,candidate_2,3,0.03
3911,candidate_3,candidate_1,candidate_2,3,0.03
3912,candidate_3,candidate_1,candidate_2,3,0.03
3913,candidate_3,candidate_1,candidate_2,3,0.03
3914,candidate_3,candidate_1,candidate_2,3,0.03
3915,candidate_3,candidate_1,candidate_2,3,0.03
3916,candidate_3,candidate_1,candidate_2,3,0.03
3917,0,candidate_1,candidate_2,3,0.03
3918,candidate_3,candidate_1,candidate_2,3,0.03
3919,candidate_3,candidate_1,candidate_2,3,0.03
3920,candidate_3,candidate_1,candidate_2,3,0.03
3921,candidate_3,candidate_1,candidate_2,3,0.03
3922,candidate_3,candidate_1,candidate_2,3,0.03
3923,candidate_3,candidate_1,candidate_2,3,0.03
3924,candidate_3,candidate_1,candidate_2,3,0.03
3925,candidate_3,candidate_1,candidate_2,3,0.03
3926,candidate_3,candidate_1,candidate_2,3,0.03
3927,candidate_3,candidate_1,candidate_2,3,0.03
3928,candidate_3,candidate_1,candidate_2,3,0.03
3929,candidate_3,candidate_1,candidate_2,3,0.03
3930,candidate_3,candidate_1,candidate_2,3,0.03
3931,candidate_3,candidate_1,candidate_2,3,0.03
3932,candidate_3,candidate_1,candidate_2,3,0.03
3933,candidate_3,candidate_1,candidate_2,3,0.03
3934,candidate_3,candidate_1,candidate_2,3,0.03
3935,candidate_3,candidate_1,candidate_2,3,0.03
3936,candidate_3,candidate_1,candidate_2,3,0.03
3937,candidate_3,candidate_1,candidate_2,3,0.03
3938,candidate_3,candidate_1,candidate_2,3,0.03
3939,candidate_3,candidate_1,candidate_2,3,0.03
3940,candidate_3,candidate_1,candidate_2,3,0.03
3941,candidate_3,candidate_1,candidate_2,3,0.03
3942,candidate_3,candidate_1,candidate_2,3,0.03
3943,candidate_3,candidate_1,candidate_2,3,0.03
3944,candidate_3,candidate_1,candidate_2,3,0.03
3945,candidate_3,candidate_1,candidate_2,3,0.03
3946,candidate_3,candidate_1,candidate_2,3,0.03
3947,candidate_3,candidate_1,candidate_2,3,0.03
3948,candidate_3,candidate_1,candidate_2,3,0.03
3949,candidate_3,candidate_1,candidate_2,3,0.03
3950,candidate_3,candidate_1,candidate_2,3,0.03
3951,candidate_3,candidate_1,candidate_2,3,0.03
3952,candidate_3,candidate_1,candidate_2,3,0.03
3953,candidate_3,candidate_1,candidate_2,3,0.03
3954,candidate_3,candidate_1,candidate_2,3,0.03
3955,candidate_3,candidate_1,candidate_2,3,0.03
3956,candidate_3,candidate_1,candidate_2,3,0.03
3957,candidate_3,candidate_1,candidate_2,3,0.03
3958,candidate_3,candidate_1,candidate_2,3,0.03
3959,candidate_3,candidate_1,candidate_2,3,0.03
3960,candidate_3,candidate_1,candidate_2,3,0.03
3961,candidate_3,candidate_1,candidate_2,3,0.03
3962,candidate_3,candidate_1,candidate_2,3,0.03
3963,candidate_3,candidate_1,candidate_2,3,0.03
3964,candidate_3,candidate_1,candidate_2,3,0.03
3965,candidate_3,candidate_1,candidate_2,3,0.03
3966,candidate_3,candidate_1,candidate_2,3,0.03
3967,candidate_3,candidate_1,candidate_2,3,0.03
3968,candidate_3,candidate_1,candidate_2,3,0.03
3969,candidate_3,candidate_1,candidate_2,3,0.03
3970,candidate_3,0,candidate_2,3,0.03
3971,candidate_3,candidate_1,candidate_2,3,0.03
3972,candidate_3,candidate_1,candidate_2,3,0.03
3973,candidate_3,candidate_1,candidate_2,3,0.03
3974,candidate_3,candidate_1,candidate_2,3,0.03
3975,candidate_3,candidate_1,candidate_2,3,0.03
3976,candidate_3,candidate_1,candidate_2,3,0.03
3977,candidate_3,candidate_1,candidate_2,3,0.03
3978,0,candidate_1,candidate_2,3,0.03
3979,candidate_3,candidate_1,candidate_2,3,0.03
3980,candidate_3,candidate_1,candidate_2,3,0.03
3981,candidate_3,candidate_1,candidate_2,3,0.03
3982,0,candidate_1,candidate_2,3,0.03
3983,candidate_3,candidate_1,candidate_2,3,0.03
3984,candidate_3,candidate_1,candidate_2,3,0.03
3985,candidate_3,candidate_1,candidate_2,3,0.03
3986,candidate_3,candidate_1,0,3,0.03
3987,0,candidate_1,candidate_2,3,0.03
3988,candidate_3,candidate_1,candidate_2,3,0.03
3989,candidate_3,candidate_1,candidate_2,3,0.03
3990,0,candidate_1,candidate_2,3,0.03
3991,candidate_3,candidate_1,candidate_2,3,0.03
3992,candidate_3,candidate_1,candidate_2,3,0.03
3993,candidate_3,candidate_1,candidate_2,3,0.03
3994,candidate_3,candidate_1,candidate_2,3,0.03
3995,candidate_3,candidate_1,candidate_2,3,0.03
3996,candidate_3,candidate_1,candidate_2,3,0.03
3997,candidate_3,candidate_1,candidate_2,3,0.03
3998,candidate_3,candidate_1,0,3,0.03
3999,candidate_3,candidate_1,candidate_2,3,0.03
4000,candidate_3,candidate_1,candidate_2,3,0.03
4001,candidate_3,candidate_1,candidate_2,3,0.03
4002,candidate_3,candidate_1,candidate_2,3,0.03
4003,candidate_3,candidate_1,candidate_2,3,0.03
4004,candidate_3,candidate_1,candidate_2,3,0.03
4005,candidate_3,candidate_1,candidate_2,3,0.03
4006,candidate_3,candidate_1,candidate_2,3,0.03
4007,candidate_3,candidate_1,candidate_2,3,0.03
4008,candidate_3,candidate_1,candidate_2,3,0.03
4009,candidate_3,candidate_1,candidate_2,3,0.03
4010,candidate_3,candidate_1,candidate_2,3,0.03
4011,candidate_3,candidate_1,candidate_2,3,0.03
4012,candidate_3,candidate_1,candidate_2,3,0.03
4013,candidate_3,candidate_1,candidate_2,3,0.03
4014,candidate_3,candidate_1,candidate_2,3,0.03
4015,candidate_3,candidate_1,candidate_2,3,0.03
4016,candidate_3,candidate_1,candidate_2,3,0.03
4017,candidate_3,candidate_1,candidate_2,3,0.03
4018,candidate_3,candidate_1,candidate_2,3,0.03
4019,candidate_3,candidate_1,candidate_2,3,0.03
4020,candidate_3,candidate_1,candidate_2,3,0.03
4021,candidate_3,candidate_1,candidate_2,3,0.03
4022,candidate_3,candidate_1,candidate_2,3,0.03
4023,candidate_3,candidate_1,candidate_2,3,0.03
4024,candidate_3,candidate_1,candidate_2,3,0.03
4025,candidate_3,candidate_1,candidate_2,3,0.03
4026,candidate_3,candidate_1,candidate_2,3,0.03
4027,candidate_3,candidate_1,candidate_2,3,0.03
4028,candidate_3,candidate_1,candidate_2,3,0.03
4029,candidate_3,candidate_1,candidate_2,3,0.03
4030,candidate_3,candidate_1,candidate_2,3,0.03
4031,candidate_3,candidate_1,candidate_2,3,0.03
4032,candidate_3,candidate_1,candidate_2,3,0.03
4033,candidate_3,candidate_1,candidate_2,3,0.03
4034,candidate_3,candidate_1,candidate_2,3,0.03
4035,candidate_3,candidate_1,0,3,0.03
4036,candidate_3,candidate_1,candidate_2,3,0.03
4037,candidate_3,candidate_1,candidate_2,3,0.03
4038,candidate_3,candidate_1,candidate_2,3,0.03
4039,candidate_3,candidate_1,candidate_2,3,0.03
4040,candidate_3,candidate_1,candidate_2,3,0.03
4041,candidate_3,candidate_1,candidate_2,3,0.03
4042,candidate_3,candidate_1,candidate_2,3,0.03
4043,candidate_3,candidate_1,candidate_2,3,0.03
4044,candidate_3,candidate_1,candidate_2,3,0.03
4045,candidate_3,candidate_1,candidate_2,3,0.03
4046,candidate_3,candidate_1,candidate_2,3,0.03
4047,candidate_3,candidate_1,candidate_2,3,0.03
4048,candidate_3,candidate_1,candidate_2,3,0.03
4049,candidate_3,candidate_1,candidate_2,3,0.03
4050,candidate_3,candidate_1,candidate_2,3,0.03
4051,candidate_3,candidate_1,candidate_2,3,0.03
4052,candidate_3,candidate_1,candidate_2,3,0.03
4053,candidate_3,candidate_1,candidate_2,3,0.03
4054,candidate_3,candidate_1,candidate_2,3,0.03
4055,candidate_3,candidate_1,candidate_2,3,0.03
4056,candidate_3,candidate_1,candidate_2,3,0.03
4057,candidate_3,candidate_1,candidate_2,3,0.03
4058,candidate_3,candidate_1,0,3,0.03
4059,candidate_3,candidate_1,candidate_2,3,0.03
4060,candidate_3,candidate_1,candidate_2,3,0.03
4061,candidate_3,candidate_1,candidate_2,3,0.03
4062,candidate_3,candidate_1,candidate_2,3,0.03
4063,candidate_3,candidate_1,candidate_2,3,0.03
4064,candidate_3,candidate_1,candidate_2,3,0.03
4065,candidate_3,candidate_1,candidate_2,3,0.03
4066,candidate_3,candidate_1,candidate_2,3,0.03
4067,candidate_3,candidate_1,candidate_2,3,0.03
4068,candidate_3,candidate_1,candidate_2,3,0.03
4069,candidate_3,candidate_1,candidate_2,3,0.03
4070,candidate_3,candidate_1,candidate_2,3,0.03
4071,candidate_3,candidate_1,candidate_2,3,0.03
4072,candidate_3,candidate_1,candidate_2,3,0.03
4073,candidate_3,candidate_1,candidate_2,3,0.03
4074,candidate_3,candidate_1,candidate_2,3,0.03
4075,candidate_3,candidate_1,candidate_2,3,0.03
4076,candidate_3,0,candidate_2,3,0.03
4077,candidate_3,candidate_1,candidate_2,3,0.03
4078,candidate_3,0,candidate_2,3,0.03
4079,candidate_3,candidate_1,candidate_2,3,0.03
4080,candidate_3,candidate_1,candidate_2,3,0.03
4081,candidate_3,candidate_1,0,3,0.03
4082,candidate_3,candidate_1,candidate_2,3,0.03
4083,candidate_3,candidate_1,candidate_2,3,0.03
4084,candidate_3,candidate_1,candidate_2,3,0.03
4085,candidate_3,candidate_1,candidate_2,3,0.03
4086,candidate_3,candidate_1,candidate_2,3,0.03
4087,candidate_3,candidate_1,candidate_2,3,0.03
4088,candidate_3,candidate_1,candidate_2,3,0.03
4089,candidate_3,candidate_1,candidate_2,3,0.03
4090,candidate_3,candidate_1,candidate_2,3,0.03
4091,candidate_3,candidate_1,candidate_2,3,0.03
4092,candidate_3,0,candidate_2,3,0.03
4093,candidate_3,candidate_1,candidate_2,3,0.03
4094,candidate_3,candidate_1,candidate_2,3,0.03
4095,candidate_3,candidate_1,candidate_2,3,0.03
4096,candidate_3,candidate_1,candidate_2,3,0.03
4097,candidate_3,candidate_1,0,3,0.03
4098,candidate_3,candidate_1,candidate_2,3,0.03
4099,candidate_3,candidate_1,candidate_2,3,0.03
4100,candidate_3,candidate_1,candidate_2,3,0.03
4101,candidate_3,candidate_1,candidate_2,3,0.03
4102,candidate_3,candidate_1,candidate_2,3,0.03
4103,candidate_3,candidate_1,candidate_2,3,0.03
4104,candidate_3,candidate_1,candidate_2,3,0.03
4105,candidate_3,candidate_1,candidate_2,3,0.03
4106,candidate_3,candidate_1,candidate_2,3,0.03
4107,candidate_3,candidate_1,candidate_2,3,0.03
4108,candidate_3,candidate_1,candidate_2,3,0.03
4109,candidate_3,candidate_1,candidate_2,3,0.03
4110,candidate_3,0,0,3,0.03
4111,candidate_3,candidate_1,candidate_2,3,0.03
4112,candidate_3,candidate_1,candidate_2,3,0.03
4113,candidate_3,candidate_1,candidate_2,3,0.03
4114,candidate_3,candidate_1,candidate_2,3,0.03
4115,candidate_3,candidate_1,candidate_2,3,0.03
4116,candidate_3,candidate_1,candidate_2,3,0.03
4117,candidate_3,candidate_1,candidate_2,3,0.03
4118,candidate_3,candidate_1,candidate_2,3,0.03
4119,candidate_3,candidate_1,candidate_2,3,0.03
4120,candidate_3,candidate_1,candidate_2,3,0.03
4121,candidate_3,candidate_1,candidate_2,3,0.03
4122,candidate_3,candidate_1,candidate_2,3,0.03
4123,candidate_3,candidate_1,candidate_2,3,0.03
4124,candidate_3,candidate_1,candidate_2,3,0.03
4125,candidate_3,candidate_1,candidate_2,3,0.03
4126,candidate_3,candidate_1,candidate_2,3,0.03
4127,candidate_3,candidate_1,candidate_2,3,0.03
4128,candidate_3,candidate_1,candidate_2,3,0.03
4129,candidate_3,candidate_1,candidate_2,3,0.03
4130,candidate_3,candidate_1,candidate_2,3,0.03
4131,candidate_3,candidate_1,candidate_2,3,0.03
4132,candidate_3,candidate_1,candidate_2,3,0.03
4133,0,candidate_1,candidate_2,3,0.03
4134,candidate_3,candidate_1,candidate_2,3,0.03
4135,candidate_3,candidate_1,candidate_2,3,0.03
4136,candidate_3,candidate_1,candidate_2,3,0.03
4137,candidate_3,candidate_1,candidate_2,3,0.03
4138,candidate_3,candidate_1,candidate_2,3,0.03
4139,candidate_3,candidate_1,candidate_2,3,0.03
4140,candidate_3,candidate_1,candidate_2,3,0.03
4141,candidate_3,candidate_1,candidate_2,3,0.03
4142,candidate_3,candidate_1,candidate_2,3,0.03
4143,candidate_3,candidate_1,candidate_2,3,0.03
4144,candidate_3,candidate_1,candidate_2,3,0.03
4145,candidate_3,0,candidate_2,3,0.03
4146,candidate_3,candidate_1,0,3,0.03
4147,candidate_3,candidate_1,candidate_2,3,0.03
4148,candidate_3,candidate_1,candidate_2,3,0.03
4149,candidate_3,candidate_1,candidate_2,3,0.03
4150,candidate_3,candidate_1,candidate_2,3,0.03
4151,candidate_3,candidate_1,candidate_2,3,0.03
4152,candidate_3,candidate_1,candidate_2,3,0.03
4153,candidate_3,candidate_1,candidate_2,3,0.03
4154,candidate_3,candidate_1,candidate_2,3,0.03
4155,candidate_3,candidate_1,candidate_2,3,0.03
4156,candidate_3,candidate_1,candidate_2,3,0.03
4157,candidate_3,candidate_1,candidate_2,3,0.03
4158,candidate_3,candidate_1,candidate_2,3,0.03
4159,candidate_3,candidate_1,candidate_2,3,0.03
4160,candidate_3,candidate_1,candidate_2,3,0.03
4161,candidate_3,candidate_1,candidate_2,3,0.03
4162,candidate_3,candidate_1,candidate_2,3,0.03
4163,candidate_3,0,candidate_2,3,0.03
4164,candidate_3,candidate_1,candidate_2,3,0.03
4165,candidate_3,candidate_1,candidate_2,3,0.03
4166,candidate_3,candidate_1,candidate_2,3,0.03
4167,candidate_3,candidate_1,candidate_2,3,0.03
4168,candidate_3,candidate_1,candidate_2,3,0.03
4169,candidate_3,candidate_1,candidate_2,3,0.03
4170,candidate_3,candidate_1,candidate_2,3,0.03
4171,candidate_3,candidate_1,candidate_2,3,0.03
4172,0,candidate_1,candidate_2,3,0.03
4173,candidate_3,candidate_1,candidate_2,3,0.03
4174,candidate_3,candidate_1,candidate_2,3,0.03
4175,candidate_3,candidate_1,candidate_2,3,0.03
4176,candidate_3,candidate_1,candidate_2,3,0.03
4177,candidate_3,candidate_1,candidate_2,3,0.03
4178,candidate_3,candidate_1,candidate_2,3,0.03
4179,candidate_3,candidate_1,candidate_2,3,0.03
4180,candidate_3,candidate_1,candidate_2,3,0.03
4181,candidate_3,candidate_1,candidate_2,3,0.03
4182,candidate_3,candidate_1,candidate_2,3,0.03
4183,candidate_3,candidate_1,candidate_2,3,0.03
4184,candidate_3,candidate_1,candidate_2,3,0.03
4185,candidate_3,candidate_1,candidate_2,3,0.03
4186,candidate_3,candidate_1,candidate_2,3,0.03
4187,candidate_3,candidate_1,candidate_2,3,0.03
4188,candidate_3,candidate_1,candidate_2,3,0.03
4189,candidate_3,candidate_1,candidate_2,3,0.03
4190,candidate_3,candidate_1,candidate_2,3,0.03
4191,candidate_3,candidate_1,candidate_2,3,0.03
4192,candidate_3,candidate_1,candidate_2,3,0.03
4193,candidate_3,candidate_1,candidate_2,3,0.03
4194,candidate_3,candidate_1,candidate_2,3,0.03
4195,candidate_3,candidate_1,candidate_2,3,0.03
4196,candidate_3,candidate_1,candidate_2,3,0.03
4197,candidate_3,candidate_1,candidate_2,3,0.03
4198,candidate_3,candidate_1,candidate_2,3,0.03
4199,candidate_3,candidate_1,candidate_2,3,0.03
4200,candidate_3,candidate_1,candidate_2,3,0.03
4201,candidate_3,candidate_1,candidate_2,3,0.03
4202,candidate_3,candidate_1,candidate_2,3,0.03
4203,candidate_3,candidate_1,candidate_2,3,0.03
4204,candidate_3,candidate_1,candidate_2,3,0.03
4205,candidate_3,candidate_1,candidate_2,3,0.03
4206,candidate_3,candidate_1,candidate_2,3,0.03
4207,candidate_3,candidate_1,candidate_2,3,0.03
4208,candidate_3,candidate_1,candidate_2,3,0.03
4209,candidate_3,candidate_1,candidate_2,3,0.03
4210,candidate_3,candidate_1,candidate_2,3,0.03
4211,candidate_3,candidate_1,candidate_2,3,0.03
4212,candidate_3,candidate_1,candidate_2,3,0.03
4213,candidate_3,candidate_1,candidate_2,3,0.03
4214,candidate_3,candidate_1,candidate_2,3,0.03
4215,candidate_3,candidate_1,candidate_2,3,0.03
4216,candidate_3,candidate_1,candidate_2,3,0.03
4217,candidate_3,candidate_1,candidate_2,3,0.03
4218,0,candidate_1,candidate_2,3,0.03
4219,candidate_3,candidate_1,candidate_2,3,0.03
4220,candidate_3,candidate_1,candidate_2,3,0.03
4221,candidate_3,candidate_1,candidate_2,3,0.03
4222,candidate_3,candidate_1,candidate_2,3,0.03
4223,candidate_3,candidate_1,candidate_2,3,0.03
4224,candidate_3,candidate_1,candidate_2,3,0.03
4225,candidate_3,candidate_1,candidate_2,3,0.03
4226,candidate_3,candidate_1,candidate_2,3,0.03
4227,candidate_3,candidate_1,candidate_2,3,0.03
4228,candidate_3,candidate_1,candidate_2,3,0.03
4229,candidate_3,candidate_1,candidate_2,3,0.03
4230,candidate_3,candidate_1,candidate_2,3,0.03
4231,candidate_3,candidate_1,candidate_2,3,0.03
4232,candidate_3,candidate_1,candidate_2,3,0.03
4233,candidate_3,0,candidate_2,3,0.03
4234,0,candidate_1,candidate_2,3,0.03
4235,candidate_3,candidate_1,candidate_2,3,0.03
4236,candidate_3,candidate_1,candidate_2,3,0.03
4237,candidate_3,candidate_1,candidate_2,3,0.03
4238,candidate_3,candidate_1,candidate_2,3,0.03
4239,candidate_3,candidate_1,candidate_2,3,0.03
4240,candidate_3,candidate_1,candidate_2,3,0.03
4241,candidate_3,candidate_1,candidate_2,3,0.03
4242,candidate_3,candidate_1,candidate_2,3,0.03
4243,candidate_3,candidate_1,candidate_2,3,0.03
4244,candidate_3,candidate_1,candidate_2,3,0.03
4245,candidate_3,candidate_1,candidate_2,3,0.03
4246,candidate_3,candidate_1,candidate_2,3,0.03
4247,candidate_3,candidate_1,candidate_2,3,0.03
4248,candidate_3,candidate_1,candidate_2,3,0.03
4249,candidate_3,candidate_1,candidate_2,3,0.03
4250,candidate_3,candidate_1,candidate_2,3,0.03
4251,candidate_3,candidate_1,candidate_2,3,0.03
4252,candidate_3,candidate_1,candidate_2,3,0.03
4253,candidate_3,candidate_1,candidate_2,3,0.03
4254,candidate_3,candidate_1,candidate_2,3,0.03
4255,candidate_3,candidate_1,candidate_2,3,0.03
4256,candidate_3,candidate_1,candidate_2,3,0.03
4257,candidate_3,0,candidate_2,3,0.03
4258,candidate_3,candidate_1,candidate_2,3,0.03
4259,candidate_3,candidate_1,candidate_2,3,0.03
4260,candidate_3,candidate_1,candidate_2,3,0.03
4261,0,candidate_1,candidate_2,3,0.03
4262,candidate_3,candidate_1,candidate_2,3,0.03
4263,candidate_3,candidate_1,candidate_2,3,0.03
4264,candidate_3,candidate_1,candidate_2,3,0.03
4265,candidate_3,candidate_1,candidate_2,3,0.03
4266,candidate_3,candidate_1,candidate_2,3,0.03
4267,candidate_3,candidate_1,candidate_2,3,0.03
4268,candidate_3,candidate_1,candidate_2,3,0.03
4269,candidate_3,candidate_1,candidate_2,3,0.03
4270,candidate_3,candidate_1,candidate_2,3,0.03
4271,candidate_3,candidate_1,candidate_2,3,0.03
4272,0,candidate_1,candidate_2,3,0.03
4273,candidate_3,candidate_1,candidate_2,3,0.03
4274,candidate_3,candidate_1,candidate_2,3,0.03
4275,candidate_3,candidate_1,candidate_2,3,0.03
4276,candidate_3,candidate_1,candidate_2,3,0.03
4277,candidate_3,candidate_1,candidate_2,3,0.03
4278,candidate_3,candidate_1,candidate_2,3,0.03
4279,candidate_3,candidate_1,candidate_2,3,0.03
4280,candidate_3,candidate_1,candidate_2,3,0.03
4281,candidate_3,candidate_1,candidate_2,3,0.03
4282,candidate_3,candidate_1,candidate_2,3,0.03
4283,candidate_3,candidate_1,candidate_2,3,0.03
4284,candidate_3,candidate_1,candidate_2,3,0.03
4285,0,candidate_1,candidate_2,3,0.03
4286,candidate_3,candidate_1,candidate_2,3,0.03
4287,candidate_3,candidate_1,candidate_2,3,0.03
4288,candidate_3,candidate_1,candidate_2,3,0.03
4289,candidate_3,candidate_1,candidate_2,3,0.03
4290,candidate_3,candidate_1,candidate_2,3,0.03
4291,candidate_3,candidate_1,candidate_2,3,0.03
4292,candidate_3,candidate_1,candidate_2,3,0.03
4293,candidate_3,candidate_1,candidate_2,3,0.03
4294,candidate_3,candidate_1,0,3,0.03
4295,candidate_3,candidate_1,candidate_2,3,0.03
4296,candidate_3,candidate_1,candidate_2,3,0.03
4297,candidate_3,candidate_1,candidate_2,3,0.03
4298,candidate_3,candidate_1,candidate_2,3,0.03
4299,candidate_3,candidate_1,candidate_2,3,0.03
4300,candidate_3,candidate_1,0,3,0.03
4301,candidate_3,candidate_1,candidate_2,3,0.03
4302,candidate_3,candidate_1,candidate_2,3,0.03
4303,candidate_3,candidate_1,candidate_2,3,0.03
4304,candidate_3,candidate_1,candidate_2,3,0.03
4305,candidate_3,candidate_1,candidate_2,3,0.03
4306,candidate_3,candidate_1,candidate_2,3,0.03
4307,candidate_3,candidate_1,candidate_2,3,0.03
4308,candidate_3,candidate_1,candidate_2,3,0.03
4309,candidate_3,candidate_1,candidate_2,3,0.03
4310,candidate_3,candidate_1,candidate_2,3,0.03
4311,candidate_3,candidate_1,candidate_2,3,0.03
4312,candidate_3,candidate_1,candidate_2,3,0.03
4313,candidate_3,candidate_1,candidate_2,3,0.03
4314,candidate_3,candidate_1,candidate_2,3,0.03
4315,candidate_3,candidate_1,candidate_2,3,0.03
4316,candidate_3,candidate_1,candidate_2,3,0.03
4317,candidate_3,candidate_1,candidate_2,3,0.03
4318,candidate_3,candidate_1,candidate_2,3,0.03
4319,0,candidate_1,candidate_2,3,0.03
4320,candidate_3,candidate_1,candidate_2,3,0.03
4321,candidate_3,candidate_1,candidate_2,3,0.03
4322,candidate_3,candidate_1,candidate_2,3,0.03
4323,candidate_3,candidate_1,candidate_2,3,0.03
4324,candidate_3,candidate_1,candidate_2,3,0.03
4325,candidate_3,candidate_1,candidate_2,3,0.03
4326,candidate_3,candidate_1,candidate_2,3,0.03
4327,candidate_3,candidate_1,candidate_2,3,0.03
4328,candidate_3,candidate_1,candidate_2,3,0.03
4329,candidate_3,candidate_1,candidate_2,3,0.03
4330,candidate_3,candidate_1,candidate_2,3,0.03
4331,candidate_3,candidate_1,candidate_2,3,0.03
4332,candidate_3,0,candidate_2,3,0.03
4333,candidate_3,candidate_1,candidate_2,3,0.03
4334,candidate_3,candidate_1,candidate_2,3,0.03
4335,candidate_3,candidate_1,candidate_2,3,0.03
4336,candidate_3,candidate_1,candidate_2,3,0.03
4337,candidate_3,candidate_1,candidate_2,3,0.03
4338,candidate_3,candidate_1,candidate_2,3,0.03
4339,candidate_3,0,candidate_2,3,0.03
4340,candidate_3,candidate_1,candidate_2,3,0.03
4341,candidate_3,candidate_1,candidate_2,3,0.03
4342,candidate_3,candidate_1,candidate_2,3,0.03
4343,candidate_3,candidate_1,candidate_2,3,0.03
4344,candidate_3,candidate_1,candidate_2,3,0.03
4345,candidate_3,candidate_1,candidate_2,3,0.03
4346,candidate_3,candidate_1,candidate_2,3,0.03
0,candidate_3,candidate_2,candidate_1,3,0.03
1,candidate_3,candidate_2,candidate_1,3,0.03
2,candidate_3,candidate_2,candidate_1,3,0.03
3,candidate_3,candidate_2,candidate_1,3,0.03
4,candidate_3,candidate_2,0,3,0.03
5,candidate_3,candidate_2,candidate_1,3,0.03
6,candidate_3,candidate_2,candidate_1,3,0.03
7,0,candidate_2,candidate_1,3,0.03
8,candidate_3,candidate_2,candidate_1,3,0.03
9,0,candidate_2,candidate_1,3,0.03
10,candidate_3,candidate_2,candidate_1,3,0.03
11,candidate_3,candidate_2,candidate_1,3,0.03
12,candidate_3,candidate_2,candidate_1,3,0.03
13,0,candidate_2,candidate_1,3,0.03
14,candidate_3,candidate_2,candidate_1,3,0.03
15,candidate_3,candidate_2,candidate_1,3,0.03
16,candidate_3,candidate_2,candidate_1,3,0.03
17,candidate_3,candidate_2,candidate_1,3,0.03
18,candidate_3,candidate_2,candidate_1,3,0.03
19,candidate_3,candidate_2,candidate_1,3,0.03
20,candidate_3,candidate_2,candidate_1,3,0.03
21,candidate_3,candidate_2,0,3,0.03
22,candidate_3,candidate_2,candidate_1,3,0.03
23,candidate_3,candidate_2,candidate_1,3,0.03
24,candidate_3,candidate_2,candidate_1,3,0.03
25,candidate_3,candidate_2,candidate_1,3,0.03
26,candidate_3,candidate_2,candidate_1,3,0.03
27,candidate_3,candidate_2,candidate_1,3,0.03
28,candidate_3,candidate_2,candidate_1,3,0.03
29,candidate_3,candidate_2,candidate_1,3,0.03
30,candidate_3,candidate_2,candidate_1,3,0.03
31,candidate_3,candidate_2,0,3,0.03
32,candidate_3,candidate_2,0,3,0.03
33,candidate_3,candidate_2,candidate_1,3,0.03
34,candidate_3,candidate_2,candidate_1,3,0.03
35,candidate_3,candidate_2,candidate_1,3,0.03
36,0,candidate_2,candidate_1,3,0.03
37,candidate_3,candidate_2,candidate_1,3,0.03
38,candidate_3,candidate_2,candidate_1,3,0.03
39,0,candidate_2,candidate_1,3,0.03
40,candidate_3,candidate_2,0,3,0.03
41,candidate_3,candidate_2,candidate_1,3,0.03
42,candidate_3,candidate_2,candidate_1,3,0.03
43,candidate_3,candidate_2,candidate_1,3,0.03
44,candidate_3,candidate_2,candidate_1,3,0.03
45,candidate_3,candidate_2,candidate_1,3,0.03
46,candidate_3,candidate_2,candidate_1,3,0.03
47,candidate_3,candidate_2,candidate_1,3,0.03
48,candidate_3,candidate_2,candidate_1,3,0.03
49,candidate_3,candidate_2,candidate_1,3,0.03
50,candidate_3,candidate_2,candidate_1,3,0.03
51,candidate_3,candidate_2,candidate_1,3,0.03
52,candidate_3,candidate_2,candidate_1,3,0.03
53,candidate_3,0,candidate_1,3,0.03
54,candidate_3,candidate_2,candidate_1,3,0.03
55,candidate_3,candidate_2,candidate_1,3,0.03
56,0,candidate_2,candidate_1,3,0.03
57,candidate_3,candidate_2,candidate_1,3,0.03
58,candidate_3,candidate_2,candidate_1,3,0.03
59,candidate_3,candidate_2,candidate_1,3,0.03
60,candidate_3,candidate_2,candidate_1,3,0.03
61,candidate_3,candidate_2,candidate_1,3,0.03
62,0,candidate_2,candidate_1,3,0.03
63,candidate_3,candidate_2,candidate_1,3,0.03
64,candidate_3,candidate_2,candidate_1,3,0.03
65,candidate_3,candidate_2,candidate_1,3,0.03
66,candidate_3,candidate_2,candidate_1,3,0.03
67,candidate_3,candidate_2,0,3,0.03
68,candidate_3,candidate_2,candidate_1,3,0.03
69,candidate_3,candidate_2,candidate_1,3,0.03
70,candidate_3,candidate_2,candidate_1,3,0.03
71,candidate_3,candidate_2,candidate_1,3,0.03
72,candidate_3,candidate_2,candidate_1,3,0.03
73,candidate_3,candidate_2,candidate_1,3,0.03
74,candidate_3,candidate_2,candidate_1,3,0.03
75,candidate_3,candidate_2,candidate_1,3,0.03
76,candidate_3,candidate_2,candidate_1,3,0.03
77,candidate_3,candidate_2,candidate_1,3,0.03
78,candidate_3,candidate_2,candidate_1,3,0.03
79,candidate_3,candidate_2,candidate_1,3,0.03
80,candidate_3,candidate_2,candidate_1,3,0.03
81,candidate_3,candidate_2,candidate_1,3,0.03
82,candidate_3,candidate_2,candidate_1,3,0.03
83,candidate_3,candidate_2,candidate_1,3,0.03
84,candidate_3,candidate_2,candidate_1,3,0.03
85,candidate_3,candidate_2,candidate_1,3,0.03
86,0,candidate_2,candidate_1,3,0.03
87,candidate_3,candidate_2,candidate_1,3,0.03
88,candidate_3,candidate_2,candidate_1,3,0.03
89,candidate_3,candidate_2,candidate_1,3,0.03
90,candidate_3,candidate_2,candidate_1,3,0.03
91,candidate_3,candidate_2,candidate_1,3,0.03
92,candidate_3,candidate_2,candidate_1,3,0.03
93,candidate_3,candidate_2,0,3,0.03
94,candidate_3,candidate_2,candidate_1,3,0.03
95,candidate_3,candidate_2,candidate_1,3,0.03
96,candidate_3,candidate_2,candidate_1,3,0.03
97,candidate_3,candidate_2,candidate_1,3,0.03
98,candidate_3,candidate_2,candidate_1,3,0.03
99,candidate_3,candidate_2,candidate_1,3,0.03
100,candidate_3,candidate_2,candidate_1,3,0.03
101,candidate_3,candidate_2,candidate_1,3,0.03
102,candidate_3,candidate_2,candidate_1,3,0.03
103,candidate_3,candidate_2,candidate_1,3,0.03
104,candidate_3,candidate_2,candidate_1,3,0.03
105,candidate_3,candidate_2,candidate_1,3,0.03
106,candidate_3,candidate_2,candidate_1,3,0.03
107,candidate_3,candidate_2,candidate_1,3,0.03
108,candidate_3,candidate_2,candidate_1,3,0.03
109,candidate_3,candidate_2,candidate_1,3,0.03
110,candidate_3,candidate_2,candidate_1,3,0.03
111,candidate_3,candidate_2,candidate_1,3,0.03
112,candidate_3,candidate_2,candidate_1,3,0.03
113,candidate_3,candidate_2,candidate_1,3,0.03
114,candidate_3,candidate_2,candidate_1,3,0.03
115,candidate_3,candidate_2,candidate_1,3,0.03
116,candidate_3,candidate_2,candidate_1,3,0.03
117,candidate_3,candidate_2,candidate_1,3,0.03
118,candidate_3,candidate_2,candidate_1,3,0.03
119,candidate_3,candidate_2,candidate_1,3,0.03
120,candidate_3,candidate_2,candidate_1,3,0.03
121,candidate_3,candidate_2,candidate_1,3,0.03
122,candidate_3,candidate_2,candidate_1,3,0.03
123,0,candidate_2,candidate_1,3,0.03
124,candidate_3,candidate_2,candidate_1,3,0.03
125,candidate_3,candidate_2,candidate_1,3,0.03
126,candidate_3,candidate_2,candidate_1,3,0.03
127,candidate_3,candidate_2,candidate_1,3,0.03
128,candidate_3,candidate_2,candidate_1,3,0.03
129,candidate_3,candidate_2,candidate_1,3,0.03
130,candidate_3,0,candidate_1,3,0.03
131,candidate_3,candidate_2,candidate_1,3,0.03
132,candidate_3,candidate_2,candidate_1,3,0.03
133,candidate_3,candidate_2,candidate_1,3,0.03
134,candidate_3,candidate_2,candidate_1,3,0.03
135,candidate_3,candidate_2,candidate_1,3,0.03
136,candidate_3,candidate_2,candidate_1,3,0.03
137,candidate_3,candidate_2,candidate_1,3,0.03
138,0,candidate_2,candidate_1,3,0.03
139,candidate_3,candidate_2,candidate_1,3,0.03
140,candidate_3,candidate_2,candidate_1,3,0.03
141,candidate_3,candidate_2,candidate_1,3,0.03
142,candidate_3,candidate_2,candidate_1,3,0.03
143,candidate_3,candidate_2,candidate_1,3,0.03
144,0,candidate_2,candidate_1,3,0.03
145,candidate_3,candidate_2,candidate_1,3,0.03
146,candidate_3,candidate_2,candidate_1,3,0.03
147,candidate_3,candidate_2,candidate_1,3,0.03
148,candidate_3,candidate_2,candidate_1,3,0.03
149,candidate_3,candidate_2,candidate_1,3,0.03
150,candidate_3,candidate_2,candidate_1,3,0.03
151,candidate_3,candidate_2,candidate_1,3,0.03
152,candidate_3,candidate_2,candidate_1,3,0.03
153,candidate_3,candidate_2,candidate_1,3,0.03
154,candidate_3,candidate_2,candidate_1,3,0.03
155,candidate_3,candidate_2,candidate_1,3,0.03
156,candidate_3,candidate_2,candidate_1,3,0.03
157,candidate_3,candidate_2,candidate_1,3,0.03
158,candidate_3,candidate_2,candidate_1,3,0.03
159,candidate_3,candidate_2,candidate_1,3,0.03
160,candidate_3,candidate_2,candidate_1,3,0.03
161,candidate_3,candidate_2,candidate_1,3,0.03
162,candidate_3,candidate_2,candidate_1,3,0.03
163,candidate_3,candidate_2,candidate_1,3,0.03
164,candidate_3,candidate_2,candidate_1,3,0.03
165,candidate_3,0,candidate_1,3,0.03
166,candidate_3,candidate_2,candidate_1,3,0.03
167,candidate_3,candidate_2,candidate_1,3,0.03
168,candidate_3,candidate_2,candidate_1,3,0.03
169,candidate_3,candidate_2,candidate_1,3,0.03
170,candidate_3,candidate_2,candidate_1,3,0.03
171,candidate_3,candidate_2,candidate_1,3,0.03
172,candidate_3,candidate_2,candidate_1,3,0.03
173,candidate_3,candidate_2,candidate_1,3,0.03
174,candidate_3,candidate_2,candidate_1,3,0.03
175,candidate_3,candidate_2,candidate_1,3,0.03
176,candidate_3,candidate_2,candidate_1,3,0.03
177,candidate_3,candidate_2,candidate_1,3,0.03
178,candidate_3,candidate_2,candidate_1,3,0.03
179,candidate_3,candidate_2,candidate_1,3,0.03
180,candidate_3,candidate_2,candidate_1,3,0.03
181,candidate_3,candidate_2,candidate_1,3,0.03
182,candidate_3,candidate_2,candidate_1,3,0.03
183,candidate_3,candidate_2,candidate_1,3,0.03
184,candidate_3,candidate_2,candidate_1,3,0.03
185,candidate_3,candidate_2,candidate_1,3,0.03
186,candidate_3,0,candidate_1,3,0.03
187,candidate_3,candidate_2,candidate_1,3,0.03
188,candidate_3,candidate_2,candidate_1,3,0.03
189,candidate_3,candidate_2,candidate_1,3,0.03
190,candidate_3,candidate_2,candidate_1,3,0.03
191,candidate_3,candidate_2,0,3,0.03
192,candidate_3,candidate_2,candidate_1,3,0.03
193,0,0,candidate_1,3,0.03
194,candidate_3,candidate_2,candidate_1,3,0.03
195,candidate_3,candidate_2,0,3,0.03
196,candidate_3,candidate_2,candidate_1,3,0.03
197,candidate_3,candidate_2,candidate_1,3,0.03
198,candidate_3,0,candidate_1,3,0.03
199,candidate_3,candidate_2,candidate_1,3,0.03
200,0,candidate_2,candidate_1,3,0.03
201,candidate_3,candidate_2,candidate_1,3,0.03
202,candidate_3,candidate_2,candidate_1,3,0.03
203,candidate_3,candidate_2,candidate_1,3,0.03
204,candidate_3,candidate_2,candidate_1,3,0.03
205,0,candidate_2,candidate_1,3,0.03
206,candidate_3,candidate_2,candidate_1,3,0.03
207,candidate_3,candidate_2,candidate_1,3,0.03
208,candidate_3,candidate_2,candidate_1,3,0.03
209,candidate_3,candidate_2,candidate_1,3,0.03
210,candidate_3,candidate_2,candidate_1,3,0.03
211,candidate_3,candidate_2,0,3,0.03
212,candidate_3,candidate_2,candidate_1,3,0.03
213,candidate_3,candidate_2,candidate_1,3,0.03
214,candidate_3,candidate_2,candidate_1,3,0.03
215,candidate_3,candidate_2,candidate_1,3,0.03
216,candidate_3,candidate_2,candidate_1,3,0.03
217,candidate_3,candidate_2,candidate_1,3,0.03
218,candidate_3,candidate_2,candidate_1,3,0.03
219,candidate_3,candidate_2,candidate_1,3,0.03
220,candidate_3,candidate_2,candidate_1,3,0.03
221,candidate_3,candidate_2,candidate_1,3,0.03
222,candidate_3,candidate_2,candidate_1,3,0.03
223,candidate_3,candidate_2,candidate_1,3,0.03
224,candidate_3,candidate_2,candidate_1,3,0.03
225,candidate_3,candidate_2,candidate_1,3,0.03
226,0,candidate_2,candidate_1,3,0.03
227,candidate_3,candidate_2,candidate_1,3,0.03
228,candidate_3,candidate_2,candidate_1,3,0.03
229,candidate_3,candidate_2,candidate_1,3,0.03
230,0,candidate_2,candidate_1,3,0.03
231,candidate_3,candidate_2,candidate_1,3,0.03
232,candidate_3,candidate_2,candidate_1,3,0.03
233,0,candidate_2,candidate_1,3,0.03
234,candidate_3,candidate_2,candidate_1,3,0.03
235,candidate_3,candidate_2,candidate_1,3,0.03
236,candidate_3,candidate_2,candidate_1,3,0.03
237,candidate_3,candidate_2,candidate_1,3,0.03
238,candidate_3,candidate_2,candidate_1,3,0.03
239,candidate_3,candidate_2,candidate_1,3,0.03
240,candidate_3,candidate_2,candidate_1,3,0.03
241,candidate_3,candidate_2,candidate_1,3,0.03
242,candidate_3,candidate_2,candidate_1,3,0.03
243,candidate_3,candidate_2,candidate_1,3,0.03
244,candidate_3,candidate_2,candidate_1,3,0.03
245,candidate_3,candidate_2,candidate_1,3,0.03
246,candidate_3,candidate_2,candidate_1,3,0.03
247,candidate_3,candidate_2,candidate_1,3,0.03
248,candidate_3,candidate_2,candidate_1,3,0.03
249,candidate_3,candidate_2,candidate_1,3,0.03
250,candidate_3,candidate_2,candidate_1,3,0.03
251,candidate_3,candidate_2,candidate_1,3,0.03
252,candidate_3,candidate_2,candidate_1,3,0.03
253,candidate_3,candidate_2,candidate_1,3,0.03
254,candidate_3,candidate_2,candidate_1,3,0.03
255,candidate_3,candidate_2,candidate_1,3,0.03
256,candidate_3,candidate_2,candidate_1,3,0.03
257,candidate_3,candidate_2,candidate_1,3,0.03
258,candidate_3,candidate_2,candidate_1,3,0.03
259,candidate_3,candidate_2,candidate_1,3,0.03
260,candidate_3,candidate_2,candidate_1,3,0.03
261,candidate_3,candidate_2,0,3,0.03
262,candidate_3,candidate_2,candidate_1,3,0.03
263,candidate_3,candidate_2,candidate_1,3,0.03
264,candidate_3,candidate_2,candidate_1,3,0.03
265,candidate_3,candidate_2,candidate_1,3,0.03
266,candidate_3,candidate_2,candidate_1,3,0.03
267,candidate_3,candidate_2,candidate_1,3,0.03
268,candidate_3,candidate_2,candidate_1,3,0.03
269,candidate_3,candidate_2,candidate_1,3,0.03
270,candidate_3,candidate_2,candidate_1,3,0.03
271,candidate_3,candidate_2,candidate_1,3,0.03
272,candidate_3,candidate_2,candidate_1,3,0.03
273,candidate_3,candidate_2,candidate_1,3,0.03
274,candidate_3,candidate_2,candidate_1,3,0.03
275,candidate_3,candidate_2,candidate_1,3,0.03
276,candidate_3,candidate_2,candidate_1,3,0.03
277,candidate_3,candidate_2,candidate_1,3,0.03
278,candidate_3,candidate_2,candidate_1,3,0.03
279,candidate_3,candidate_2,candidate_1,3,0.03
280,candidate_3,candidate_2,candidate_1,3,0.03
281,candidate_3,candidate_2,candidate_1,3,0.03
282,candidate_3,candidate_2,0,3,0.03
283,candidate_3,candidate_2,candidate_1,3,0.03
284,candidate_3,candidate_2,candidate_1,3,0.03
285,candidate_3,candidate_2,candidate_1,3,0.03
286,candidate_3,candidate_2,candidate_1,3,0.03
287,candidate_3,candidate_2,candidate_1,3,0.03
288,candidate_3,candidate_2,candidate_1,3,0.03
289,candidate_3,candidate_2,candidate_1,3,0.03
290,candidate_3,candidate_2,candidate_1,3,0.03
291,candidate_3,candidate_2,candidate_1,3,0.03
292,candidate_3,candidate_2,candidate_1,3,0.03
293,candidate_3,candidate_2,candidate_1,3,0.03
294,candidate_3,candidate_2,candidate_1,3,0.03
295,candidate_3,candidate_2,candidate_1,3,0.03
296,candidate_3,candidate_2,candidate_1,3,0.03
297,candidate_3,candidate_2,candidate_1,3,0.03
298,candidate_3,candidate_2,candidate_1,3,0.03
299,candidate_3,candidate_2,candidate_1,3,0.03
300,candidate_3,candidate_2,candidate_1,3,0.03
301,candidate_3,candidate_2,candidate_1,3,0.03
302,candidate_3,candidate_2,candidate_1,3,0.03
303,candidate_3,candidate_2,candidate_1,3,0.03
304,candidate_3,candidate_2,candidate_1,3,0.03
305,candidate_3,candidate_2,candidate_1,3,0.03
306,candidate_3,candidate_2,candidate_1,3,0.03
307,candidate_3,candidate_2,candidate_1,3,0.03
308,candidate_3,candidate_2,candidate_1,3,0.03
309,candidate_3,candidate_2,candidate_1,3,0.03
310,candidate_3,candidate_2,candidate_1,3,0.03
311,candidate_3,candidate_2,candidate_1,3,0.03
312,0,candidate_2,candidate_1,3,0.03
313,candidate_3,candidate_2,candidate_1,3,0.03
314,candidate_3,candidate_2,candidate_1,3,0.03
315,candidate_3,candidate_2,candidate_1,3,0.03
316,candidate_3,candidate_2,candidate_1,3,0.03
317,candidate_3,candidate_2,candidate_1,3,0.03
318,candidate_3,candidate_2,candidate_1,3,0.03
319,candidate_3,candidate_2,candidate_1,3,0.03
320,candidate_3,candidate_2,candidate_1,3,0.03
321,candidate_3,candidate_2,candidate_1,3,0.03
322,candidate_3,candidate_2,candidate_1,3,0.03
323,candidate_3,candidate_2,candidate_1,3,0.03
324,candidate_3,candidate_2,candidate_1,3,0.03
325,candidate_3,candidate_2,candidate_1,3,0.03
326,candidate_3,candidate_2,candidate_1,3,0.03
327,candidate_3,candidate_2,candidate_1,3,0.03
328,candidate_3,candidate_2,candidate_1,3,0.03
329,candidate_3,candidate_2,candidate_1,3,0.03
330,candidate_3,candidate_2,candidate_1,3,0.03
331,candidate_3,candidate_2,candidate_1,3,0.03
332,candidate_3,candidate_2,candidate_1,3,0.03
333,candidate_3,candidate_2,candidate_1,3,0.03
334,candidate_3,candidate_2,candidate_1,3,0.03
335,candidate_3,candidate_2,candidate_1,3,0.03
336,candidate_3,candidate_2,candidate_1,3,0.03
337,candidate_3,0,candidate_1,3,0.03
338,candidate_3,candidate_2,candidate_1,3,0.03
339,candidate_3,candidate_2,candidate_1,3,0.03
340,candidate_3,candidate_2,candidate_1,3,0.03
341,candidate_3,candidate_2,candidate_1,3,0.03
342,candidate_3,candidate_2,candidate_1,3,0.03
343,0,candidate_2,candidate_1,3,0.03
344,candidate_3,candidate_2,candidate_1,3,0.03
345,candidate_3,candidate_2,candidate_1,3,0.03
346,candidate_3,candidate_2,candidate_1,3,0.03
347,candidate_3,candidate_2,candidate_1,3,0.03
348,candidate_3,candidate_2,candidate_1,3,0.03
349,candidate_3,candidate_2,candidate_1,3,0.03
350,candidate_3,candidate_2,candidate_1,3,0.03
351,candidate_3,candidate_2,candidate_1,3,0.03
352,candidate_3,candidate_2,candidate_1,3,0.03
353,candidate_3,candidate_2,candidate_1,3,0.03
354,candidate_3,candidate_2,candidate_1,3,0.03
355,candidate_3,candidate_2,candidate_1,3,0.03
356,candidate_3,candidate_2,candidate_1,3,0.03
357,candidate_3,candidate_2,candidate_1,3,0.03
358,candidate_3,candidate_2,candidate_1,3,0.03
359,candidate_3,candidate_2,candidate_1,3,0.03
360,candidate_3,candidate_2,candidate_1,3,0.03
361,candidate_3,candidate_2,candidate_1,3,0.03
362,candidate_3,candidate_2,candidate_1,3,0.03
363,candidate_3,candidate_2,candidate_1,3,0.03
364,candidate_3,candidate_2,candidate_1,3,0.03
365,candidate_3,candidate_2,candidate_1,3,0.03
366,candidate_3,candidate_2,candidate_1,3,0.03
367,candidate_3,candidate_2,candidate_1,3,0.03
368,candidate_3,candidate_2,candidate_1,3,0.03
369,candidate_3,candidate_2,candidate_1,3,0.03
370,candidate_3,candidate_2,candidate_1,3,0.03
371,candidate_3,candidate_2,candidate_1,3,0.03
372,candidate_3,candidate_2,candidate_1,3,0.03
373,candidate_3,candidate_2,candidate_1,3,0.03
374,candidate_3,candidate_2,candidate_1,3,0.03
375,candidate_3,candidate_2,candidate_1,3,0.03
376,candidate_3,candidate_2,candidate_1,3,0.03
377,candidate_3,candidate_2,candidate_1,3,0.03
378,candidate_3,0,candidate_1,3,0.03
379,candidate_3,candidate_2,candidate_1,3,0.03
380,candidate_3,candidate_2,candidate_1,3,0.03
381,candidate_3,candidate_2,candidate_1,3,0.03
382,candidate_3,candidate_2,candidate_1,3,0.03
383,candidate_3,candidate_2,candidate_1,3,0.03
384,candidate_3,candidate_2,candidate_1,3,0.03
385,candidate_3,candidate_2,candidate_1,3,0.03
386,candidate_3,candidate_2,0,3,0.03
387,candidate_3,candidate_2,candidate_1,3,0.03
388,candidate_3,candidate_2,candidate_1,3,0.03
389,candidate_3,candidate_2,0,3,0.03
390,candidate_3,candidate_2,candidate_1,3,0.03
391,candidate_3,0,candidate_1,3,0.03
392,candidate_3,candidate_2,candidate_1,3,0.03
393,candidate_3,candidate_2,candidate_1,3,0.03
394,candidate_3,candidate_2,candidate_1,3,0.03
395,candidate_3,candidate_2,candidate_1,3,0.03
396,candidate_3,candidate_2,candidate_1,3,0.03
397,candidate_3,candidate_2,candidate_1,3,0.03
398,candidate_3,candidate_2,candidate_1,3,0.03
399,candidate_3,0,candidate_1,3,0.03
400,candidate_3,candidate_2,candidate_1,3,0.03
401,candidate_3,candidate_2,candidate_1,3,0.03
402,candidate_3,candidate_2,candidate_1,3,0.03
403,candidate_3,candidate_2,candidate_1,3,0.03
404,candidate_3,candidate_2,0,3,0.03
405,candidate_3,candidate_2,candidate_1,3,0.03
406,candidate_3,candidate_2,candidate_1,3,0.03
407,candidate_3,candidate_2,candidate_1,3,0.03
408,candidate_3,candidate_2,candidate_1,3,0.03
409,candidate_3,candidate_2,candidate_1,3,0.03
410,candidate_3,candidate_2,candidate_1,3,0.03
411,candidate_3,candidate_2,candidate_1,3,0.03
412,candidate_3,candidate_2,candidate_1,3,0.03
413,candidate_3,candidate_2,candidate_1,3,0.03
414,candidate_3,candidate_2,candidate_1,3,0.03
415,candidate_3,candidate_2,candidate_1,3,0.03
416,candidate_3,candidate_2,candidate_1,3,0.03
417,candidate_3,candidate_2,candidate_1,3,0.03
418,candidate_3,0,candidate_1,3,0.03
419,candidate_3,candidate_2,candidate_1,3,0.03
420,candidate_3,candidate_2,candidate_1,3,0.03
421,candidate_3,candidate_2,candidate_1,3,0.03
422,candidate_3,candidate_2,candidate_1,3,0.03
423,candidate_3,candidate_2,candidate_1,3,0.03
424,candidate_3,0,candidate_1,3,0.03
425,candidate_3,0,candidate_1,3,0.03
426,candidate_3,candidate_2,candidate_1,3,0.03
427,candidate_3,candidate_2,candidate_1,3,0.03
428,candidate_3,candidate_2,candidate_1,3,0.03
429,candidate_3,candidate_2,candidate_1,3,0.03
430,candidate_3,candidate_2,candidate_1,3,0.03
431,candidate_3,candidate_2,candidate_1,3,0.03
432,candidate_3,candidate_2,candidate_1,3,0.03
433,candidate_3,candidate_2,candidate_1,3,0.03
434,candidate_3,candidate_2,candidate_1,3,0.03
435,candidate_3,candidate_2,candidate_1,3,0.03
436,candidate_3,candidate_2,candidate_1,3,0.03
437,candidate_3,candidate_2,candidate_1,3,0.03
438,candidate_3,candidate_2,candidate_1,3,0.03
439,candidate_3,candidate_2,candidate_1,3,0.03
440,candidate_3,candidate_2,candidate_1,3,0.03
441,candidate_3,0,candidate_1,3,0.03
442,candidate_3,candidate_2,candidate_1,3,0.03
443,candidate_3,candidate_2,candidate_1,3,0.03
444,candidate_3,candidate_2,candidate_1,3,0.03
445,0,candidate_2,candidate_1,3,0.03
446,candidate_3,candidate_2,candidate_1,3,0.03
447,candidate_3,candidate_2,candidate_1,3,0.03
448,candidate_3,candidate_2,candidate_1,3,0.03
449,candidate_3,candidate_2,candidate_1,3,0.03
450,candidate_3,candidate_2,candidate_1,3,0.03
451,candidate_3,candidate_2,candidate_1,3,0.03
452,candidate_3,candidate_2,candidate_1,3,0.03
453,candidate_3,candidate_2,candidate_1,3,0.03
454,candidate_3,candidate_2,candidate_1,3,0.03
455,0,candidate_2,candidate_1,3,0.03
456,candidate_3,candidate_2,candidate_1,3,0.03
457,candidate_3,candidate_2,candidate_1,3,0.03
458,candidate_3,candidate_2,candidate_1,3,0.03
459,candidate_3,candidate_2,candidate_1,3,0.03
460,0,candidate_2,candidate_1,3,0.03
461,candidate_3,candidate_2,candidate_1,3,0.03
462,candidate_3,candidate_2,candidate_1,3,0.03
463,candidate_3,candidate_2,candidate_1,3,0.03
464,candidate_3,candidate_2,candidate_1,3,0.03
465,candidate_3,candidate_2,candidate_1,3,0.03
466,candidate_3,candidate_2,candidate_1,3,0.03
467,candidate_3,candidate_2,candidate_1,3,0.03
468,candidate_3,candidate_2,candidate_1,3,0.03
469,candidate_3,candidate_2,candidate_1,3,0.03
470,candidate_3,candidate_2,candidate_1,3,0.03
471,0,candidate_2,candidate_1,3,0.03
472,candidate_3,candidate_2,candidate_1,3,0.03
473,candidate_3,candidate_2,candidate_1,3,0.03
474,candidate_3,candidate_2,candidate_1,3,0.03
475,candidate_3,candidate_2,candidate_1,3,0.03
476,candidate_3,candidate_2,candidate_1,3,0.03
477,candidate_3,candidate_2,candidate_1,3,0.03
478,candidate_3,candidate_2,candidate_1,3,0.03
479,candidate_3,candidate_2,candidate_1,3,0.03
480,candidate_3,0,candidate_1,3,0.03
481,candidate_3,candidate_2,0,3,0.03
482,candidate_3,candidate_2,candidate_1,3,0.03
483,candidate_3,candidate_2,candidate_1,3,0.03
484,candidate_3,candidate_2,candidate_1,3,0.03
485,candidate_3,candidate_2,candidate_1,3,0.03
486,candidate_3,candidate_2,candidate_1,3,0.03
487,candidate_3,candidate_2,candidate_1,3,0.03
488,candidate_3,candidate_2,candidate_1,3,0.03
489,candidate_3,candidate_2,candidate_1,3,0.03
490,candidate_3,candidate_2,candidate_1,3,0.03
491,candidate_3,candidate_2,candidate_1,3,0.03
492,candidate_3,candidate_2,candidate_1,3,0.03
493,candidate_3,candidate_2,candidate_1,3,0.03
494,candidate_3,candidate_2,candidate_1,3,0.03
495,candidate_3,candidate_2,candidate_1,3,0.03
496,candidate_3,candidate_2,candidate_1,3,0.03
497,candidate_3,candidate_2,candidate_1,3,0.03
498,candidate_3,candidate_2,candidate_1,3,0.03
499,candidate_3,candidate_2,candidate_1,3,0.03
500,candidate_3,candidate_2,candidate_1,3,0.03
501,candidate_3,candidate_2,candidate_1,3,0.03
502,candidate_3,candidate_2,0,3,0.03
503,candidate_3,candidate_2,candidate_1,3,0.03
504,candidate_3,candidate_2,candidate_1,3,0.03
505,candidate_3,candidate_2,candidate_1,3,0.03
506,candidate_3,candidate_2,candidate_1,3,0.03
507,candidate_3,candidate_2,candidate_1,3,0.03
508,candidate_3,candidate_2,candidate_1,3,0.03
509,candidate_3,candidate_2,candidate_1,3,0.03
510,candidate_3,candidate_2,candidate_1,3,0.03
511,candidate_3,candidate_2,candidate_1,3,0.03
512,candidate_3,candidate_2,candidate_1,3,0.03
513,candidate_3,candidate_2,candidate_1,3,0.03
514,candidate_3,candidate_2,candidate_1,3,0.03
515,candidate_3,candidate_2,candidate_1,3,0.03
516,candidate_3,candidate_2,candidate_1,3,0.03
517,candidate_3,candidate_2,candidate_1,3,0.03
518,candidate_3,candidate_2,candidate_1,3,0.03
519,candidate_3,candidate_2,candidate_1,3,0.03
520,candidate_3,candidate_2,candidate_1,3,0.03
521,candidate_3,candidate_2,candidate_1,3,0.03
522,candidate_3,candidate_2,candidate_1,3,0.03
523,candidate_3,candidate_2,candidate_1,3,0.03
524,candidate_3,candidate_2,candidate_1,3,0.03
525,candidate_3,candidate_2,candidate_1,3,0.03
526,candidate_3,candidate_2,candidate_1,3,0.03
527,candidate_3,candidate_2,candidate_1,3,0.03
528,candidate_3,candidate_2,candidate_1,3,0.03
529,candidate_3,candidate_2,candidate_1,3,0.03
530,candidate_3,candidate_2,candidate_1,3,0.03
531,candidate_3,candidate_2,0,3,0.03
532,candidate_3,candidate_2,candidate_1,3,0.03
533,candidate_3,candidate_2,candidate_1,3,0.03
534,candidate_3,candidate_2,candidate_1,3,0.03
535,candidate_3,candidate_2,candidate_1,3,0.03
536,candidate_3,candidate_2,candidate_1,3,0.03
537,candidate_3,candidate_2,candidate_1,3,0.03
538,candidate_3,candidate_2,candidate_1,3,0.03
539,candidate_3,candidate_2,candidate_1,3,0.03
540,candidate_3,candidate_2,candidate_1,3,0.03
541,candidate_3,candidate_2,candidate_1,3,0.03
542,candidate_3,candidate_2,candidate_1,3,0.03
543,candidate_3,candidate_2,candidate_1,3,0.03
544,candidate_3,candidate_2,candidate_1,3,0.03
545,candidate_3,candidate_2,candidate_1,3,0.03
546,candidate_3,candidate_2,candidate_1,3,0.03
547,candidate_3,candidate_2,candidate_1,3,0.03
548,candidate_3,candidate_2,candidate_1,3,0.03
549,candidate_3,candidate_2,candidate_1,3,0.03
550,candidate_3,candidate_2,candidate_1,3,0.03
551,candidate_3,candidate_2,candidate_1,3,0.03
552,candidate_3,candidate_2,candidate_1,3,0.03
553,candidate_3,0,candidate_1,3,0.03
554,candidate_3,candidate_2,candidate_1,3,0.03
555,candidate_3,candidate_2,candidate_1,3,0.03
556,0,candidate_2,candidate_1,3,0.03
557,candidate_3,candidate_2,candidate_1,3,0.03
558,candidate_3,candidate_2,candidate_1,3,0.03
559,0,candidate_2,candidate_1,3,0.03
560,candidate_3,candidate_2,candidate_1,3,0.03
561,candidate_3,candidate_2,candidate_1,3,0.03
562,candidate_3,0,candidate_1,3,0.03
563,candidate_3,candidate_2,candidate_1,3,0.03
564,candidate_3,candidate_2,candidate_1,3,0.03
565,candidate_3,candidate_2,candidate_1,3,0.03
566,candidate_3,candidate_2,candidate_1,3,0.03
567,candidate_3,candidate_2,candidate_1,3,0.03
568,candidate_3,candidate_2,candidate_1,3,0.03
569,candidate_3,candidate_2,candidate_1,3,0.03
570,candidate_3,candidate_2,candidate_1,3,0.03
571,0,candidate_2,candidate_1,3,0.03
572,candidate_3,candidate_2,candidate_1,3,0.03
573,candidate_3,candidate_2,candidate_1,3,0.03
574,candidate_3,candidate_2,candidate_1,3,0.03
575,candidate_3,candidate_2,candidate_1,3,0.03
576,candidate_3,candidate_2,candidate_1,3,0.03
577,candidate_3,candidate_2,candidate_1,3,0.03
578,candidate_3,candidate_2,candidate_1,3,0.03
579,candidate_3,candidate_2,candidate_1,3,0.03
580,candidate_3,candidate_2,candidate_1,3,0.03
581,candidate_3,candidate_2,candidate_1,3,0.03
582,candidate_3,candidate_2,candidate_1,3,0.03
583,candidate_3,candidate_2,candidate_1,3,0.03
584,candidate_3,candidate_2,candidate_1,3,0.03
585,candidate_3,candidate_2,candidate_1,3,0.03
586,candidate_3,candidate_2,candidate_1,3,0.03
587,candidate_3,candidate_2,candidate_1,3,0.03
588,candidate_3,candidate_2,candidate_1,3,0.03
589,candidate_3,candidate_2,candidate_1,3,0.03
590,candidate_3,candidate_2,candidate_1,3,0.03
591,candidate_3,candidate_2,candidate_1,3,0.03
592,candidate_3,candidate_2,candidate_1,3,0.03
593,candidate_3,candidate_2,candidate_1,3,0.03
594,candidate_3,candidate_2,candidate_1,3,0.03
595,candidate_3,candidate_2,candidate_1,3,0.03
596,candidate_3,candidate_2,candidate_1,3,0.03
597,candidate_3,candidate_2,candidate_1,3,0.03
598,candidate_3,candidate_2,candidate_1,3,0.03
599,candidate_3,candidate_2,candidate_1,3,0.03
600,candidate_3,candidate_2,candidate_1,3,0.03
601,candidate_3,candidate_2,candidate_1,3,0.03
602,candidate_3,candidate_2,candidate_1,3,0.03
603,candidate_3,candidate_2,candidate_1,3,0.03
604,candidate_3,candidate_2,candidate_1,3,0.03
605,candidate_3,candidate_2,candidate_1,3,0.03
606,candidate_3,candidate_2,candidate_1,3,0.03
607,candidate_3,candidate_2,candidate_1,3,0.03
608,candidate_3,candidate_2,candidate_1,3,0.03
609,candidate_3,candidate_2,candidate_1,3,0.03
610,0,candidate_2,candidate_1,3,0.03
611,candidate_3,candidate_2,candidate_1,3,0.03
612,candidate_3,candidate_2,candidate_1,3,0.03
613,candidate_3,candidate_2,candidate_1,3,0.03
614,candidate_3,candidate_2,0,3,0.03
615,candidate_3,candidate_2,candidate_1,3,0.03
616,candidate_3,candidate_2,candidate_1,3,0.03
617,candidate_3,candidate_2,candidate_1,3,0.03
618,candidate_3,candidate_2,candidate_1,3,0.03
619,candidate_3,candidate_2,candidate_1,3,0.03
620,candidate_3,candidate_2,candidate_1,3,0.03
621,candidate_3,candidate_2,candidate_1,3,0.03
622,candidate_3,candidate_2,candidate_1,3,0.03
623,candidate_3,candidate_2,candidate_1,3,0.03
624,candidate_3,candidate_2,candidate_1,3,0.03
625,candidate_3,candidate_2,candidate_1,3,0.03
626,candidate_3,candidate_2,candidate_1,3,0.03
627,candidate_3,candidate_2,candidate_1,3,0.03
628,candidate_3,candidate_2,candidate_1,3,0.03
629,candidate_3,candidate_2,candidate_1,3,0.03
630,0,0,candidate_1,3,0.03
631,candidate_3,candidate_2,candidate_1,3,0.03
632,candidate_3,candidate_2,candidate_1,3,0.03
633,0,0,candidate_1,3,0.03
634,candidate_3,candidate_2,candidate_1,3,0.03
635,candidate_3,candidate_2,candidate_1,3,0.03
636,candidate_3,candidate_2,candidate_1,3,0.03
637,candidate_3,candidate_2,candidate_1,3,0.03
638,candidate_3,candidate_2,candidate_1,3,0.03
639,candidate_3,candidate_2,candidate_1,3,0.03
640,candidate_3,candidate_2,candidate_1,3,0.03
641,candidate_3,candidate_2,candidate_1,3,0.03
642,candidate_3,candidate_2,candidate_1,3,0.03
643,candidate_3,candidate_2,candidate_1,3,0.03
644,candidate_3,candidate_2,candidate_1,3,0.03
645,candidate_3,candidate_2,candidate_1,3,0.03
646,candidate_3,candidate_2,candidate_1,3,0.03
647,candidate_3,candidate_2,candidate_1,3,0.03
648,candidate_3,candidate_2,candidate_1,3,0.03
649,candidate_3,candidate_2,candidate_1,3,0.03
650,candidate_3,candidate_2,candidate_1,3,0.03
651,candidate_3,candidate_2,candidate_1,3,0.03
652,candidate_3,candidate_2,candidate_1,3,0.03
653,candidate_3,candidate_2,candidate_1,3,0.03
654,candidate_3,candidate_2,candidate_1,3,0.03
655,candidate_3,candidate_2,candidate_1,3,0.03
656,candidate_3,candidate_2,candidate_1,3,0.03
657,candidate_3,candidate_2,candidate_1,3,0.03
658,candidate_3,candidate_2,candidate_1,3,0.03
659,candidate_3,candidate_2,candidate_1,3,0.03
660,candidate_3,candidate_2,0,3,0.03
661,candidate_3,candidate_2,candidate_1,3,0.03
662,candidate_3,candidate_2,candidate_1,3,0.03
663,candidate_3,candidate_2,0,3,0.03
664,candidate_3,candidate_2,candidate_1,3,0.03
665,candidate_3,candidate_2,candidate_1,3,0.03
666,candidate_3,candidate_2,candidate_1,3,0.03
667,candidate_3,candidate_2,candidate_1,3,0.03
668,candidate_3,candidate_2,candidate_1,3,0.03
669,0,candidate_2,candidate_1,3,0.03
670,candidate_3,candidate_2,candidate_1,3,0.03
671,candidate_3,candidate_2,candidate_1,3,0.03
672,candidate_3,candidate_2,candidate_1,3,0.03
673,candidate_3,candidate_2,candidate_1,3,0.03
674,0,candidate_2,candidate_1,3,0.03
675,candidate_3,candidate_2,candidate_1,3,0.03
676,candidate_3,candidate_2,candidate_1,3,0.03
677,candidate_3,candidate_2,candidate_1,3,0.03
678,candidate_3,candidate_2,candidate_1,3,0.03
679,candidate_3,candidate_2,candidate_1,3,0.03
680,candidate_3,candidate_2,candidate_1,3,0.03
681,candidate_3,candidate_2,candidate_1,3,0.03
682,candidate_3,candidate_2,candidate_1,3,0.03
683,candidate_3,candidate_2,candidate_1,3,0.03
684,candidate_3,candidate_2,candidate_1,3,0.03
685,candidate_3,candidate_2,candidate_1,3,0.03
686,candidate_3,candidate_2,candidate_1,3,0.03
687,candidate_3,candidate_2,candidate_1,3,0.03
688,candidate_3,candidate_2,candidate_1,3,0.03
689,candidate_3,candidate_2,candidate_1,3,0.03
690,candidate_3,candidate_2,candidate_1,3,0.03
691,candidate_3,candidate_2,candidate_1,3,0.03
692,candidate_3,candidate_2,candidate_1,3,0.03
693,candidate_3,candidate_2,candidate_1,3,0.03
694,candidate_3,candidate_2,candidate_1,3,0.03
695,candidate_3,candidate_2,candidate_1,3,0.03
696,candidate_3,candidate_2,candidate_1,3,0.03
697,candidate_3,candidate_2,candidate_1,3,0.03
698,candidate_3,candidate_2,candidate_1,3,0.03
699,candidate_3,candidate_2,candidate_1,3,0.03
700,candidate_3,candidate_2,candidate_1,3,0.03
701,candidate_3,candidate_2,candidate_1,3,0.03
702,candidate_3,candidate_2,candidate_1,3,0.03
703,candidate_3,candidate_2,candidate_1,3,0.03
704,candidate_3,candidate_2,candidate_1,3,0.03
705,candidate_3,candidate_2,candidate_1,3,0.03
706,candidate_3,candidate_2,candidate_1,3,0.03
707,candidate_3,candidate_2,candidate_1,3,0.03
708,candidate_3,candidate_2,candidate_1,3,0.03
709,candidate_3,candidate_2,candidate_1,3,0.03
710,candidate_3,candidate_2,candidate_1,3,0.03
711,candidate_3,candidate_2,candidate_1,3,0.03
712,candidate_3,candidate_2,candidate_1,3,0.03
713,candidate_3,candidate_2,candidate_1,3,0.03
714,candidate_3,candidate_2,candidate_1,3,0.03
715,candidate_3,candidate_2,candidate_1,3,0.03
716,candidate_3,candidate_2,candidate_1,3,0.03
717,candidate_3,candidate_2,candidate_1,3,0.03
718,candidate_3,candidate_2,candidate_1,3,0.03
719,candidate_3,candidate_2,candidate_1,3,0.03
720,candidate_3,candidate_2,candidate_1,3,0.03
721,candidate_3,candidate_2,candidate_1,3,0.03
722,candidate_3,candidate_2,candidate_1,3,0.03
723,candidate_3,candidate_2,candidate_1,3,0.03
724,candidate_3,candidate_2,candidate_1,3,0.03
725,candidate_3,candidate_2,candidate_1,3,0.03
726,candidate_3,candidate_2,candidate_1,3,0.03
727,candidate_3,candidate_2,0,3,0.03
728,candidate_3,candidate_2,0,3,0.03
729,candidate_3,candidate_2,candidate_1,3,0.03
730,candidate_3,candidate_2,candidate_1,3,0.03
731,candidate_3,candidate_2,candidate_1,3,0.03
732,candidate_3,candidate_2,candidate_1,3,0.03
733,candidate_3,candidate_2,candidate_1,3,0.03
734,candidate_3,candidate_2,candidate_1,3,0.03
735,candidate_3,candidate_2,candidate_1,3,0.03
736,candidate_3,candidate_2,candidate_1,3,0.03
737,candidate_3,candidate_2,candidate_1,3,0.03
738,candidate_3,candidate_2,candidate_1,3,0.03
739,candidate_3,candidate_2,candidate_1,3,0.03
740,candidate_3,candidate_2,candidate_1,3,0.03
741,candidate_3,candidate_2,candidate_1,3,0.03
742,candidate_3,candidate_2,candidate_1,3,0.03
743,candidate_3,candidate_2,candidate_1,3,0.03
744,candidate_3,candidate_2,candidate_1,3,0.03
745,candidate_3,candidate_2,candidate_1,3,0.03
746,candidate_3,candidate_2,candidate_1,3,0.03
747,candidate_3,candidate_2,candidate_1,3,0.03
748,candidate_3,candidate_2,candidate_1,3,0.03
749,candidate_3,candidate_2,candidate_1,3,0.03
750,candidate_3,candidate_2,candidate_1,3,0.03
751,candidate_3,candidate_2,candidate_1,3,0.03
752,candidate_3,candidate_2,candidate_1,3,0.03
753,candidate_3,candidate_2,candidate_1,3,0.03
754,candidate_3,candidate_2,candidate_1,3,0.03
755,candidate_3,candidate_2,candidate_1,3,0.03
756,candidate_3,candidate_2,candidate_1,3,0.03
757,candidate_3,candidate_2,0,3,0.03
758,candidate_3,candidate_2,candidate_1,3,0.03
759,candidate_3,candidate_2,candidate_1,3,0.03
760,candidate_3,candidate_2,candidate_1,3,0.03
761,candidate_3,candidate_2,candidate_1,3,0.03
762,candidate_3,candidate_2,candidate_1,3,0.03
763,candidate_3,candidate_2,candidate_1,3,0.03
764,candidate_3,candidate_2,candidate_1,3,0.03
765,candidate_3,candidate_2,candidate_1,3,0.03
766,candidate_3,candidate_2,candidate_1,3,0.03
767,candidate_3,candidate_2,candidate_1,3,0.03
768,candidate_3,candidate_2,candidate_1,3,0.03
769,candidate_3,candidate_2,candidate_1,3,0.03
770,candidate_3,candidate_2,candidate_1,3,0.03
771,candidate_3,candidate_2,candidate_1,3,0.03
772,candidate_3,candidate_2,0,3,0.03
773,candidate_3,candidate_2,candidate_1,3,0.03
774,candidate_3,candidate_2,candidate_1,3,0.03
775,candidate_3,candidate_2,candidate_1,3,0.03
776,candidate_3,candidate_2,candidate_1,3,0.03
777,candidate_3,candidate_2,candidate_1,3,0.03
778,candidate_3,0,candidate_1,3,0.03
779,candidate_3,candidate_2,candidate_1,3,0.03
780,candidate_3,candidate_2,candidate_1,3,0.03
781,0,candidate_2,candidate_1,3,0.03
782,candidate_3,candidate_2,candidate_1,3,0.03
783,candidate_3,candidate_2,candidate_1,3,0.03
784,candidate_3,candidate_2,candidate_1,3,0.03
785,candidate_3,candidate_2,candidate_1,3,0.03
786,candidate_3,candidate_2,candidate_1,3,0.03
787,candidate_3,candidate_2,candidate_1,3,0.03
788,candidate_3,candidate_2,candidate_1,3,0.03
789,0,candidate_2,candidate_1,3,0.03
790,candidate_3,candidate_2,candidate_1,3,0.03
791,candidate_3,candidate_2,candidate_1,3,0.03
792,candidate_3,candidate_2,candidate_1,3,0.03
793,candidate_3,candidate_2,candidate_1,3,0.03
794,candidate_3,candidate_2,candidate_1,3,0.03
795,candidate_3,candidate_2,candidate_1,3,0.03
796,candidate_3,candidate_2,candidate_1,3,0.03
797,candidate_3,candidate_2,candidate_1,3,0.03
798,candidate_3,candidate_2,candidate_1,3,0.03
799,candidate_3,candidate_2,0,3,0.03
800,candidate_3,candidate_2,candidate_1,3,0.03
801,candidate_3,0,candidate_1,3,0.03
802,0,candidate_2,candidate_1,3,0.03
803,candidate_3,candidate_2,candidate_1,3,0.03
804,candidate_3,candidate_2,candidate_1,3,0.03
805,candidate_3,candidate_2,candidate_1,3,0.03
806,candidate_3,candidate_2,candidate_1,3,0.03
807,candidate_3,candidate_2,candidate_1,3,0.03
808,candidate_3,candidate_2,candidate_1,3,0.03
809,candidate_3,candidate_2,candidate_1,3,0.03
810,candidate_3,candidate_2,candidate_1,3,0.03
811,candidate_3,candidate_2,candidate_1,3,0.03
812,candidate_3,candidate_2,candidate_1,3,0.03
813,candidate_3,candidate_2,candidate_1,3,0.03
814,0,candidate_2,candidate_1,3,0.03
815,candidate_3,candidate_2,candidate_1,3,0.03
816,candidate_3,candidate_2,candidate_1,3,0.03
817,candidate_3,candidate_2,candidate_1,3,0.03
818,candidate_3,candidate_2,candidate_1,3,0.03
819,candidate_3,candidate_2,candidate_1,3,0.03
820,candidate_3,candidate_2,candidate_1,3,0.03
821,candidate_3,candidate_2,candidate_1,3,0.03
822,candidate_3,candidate_2,candidate_1,3,0.03
823,candidate_3,candidate_2,candidate_1,3,0.03
824,candidate_3,candidate_2,candidate_1,3,0.03
825,candidate_3,candidate_2,candidate_1,3,0.03
826,candidate_3,candidate_2,candidate_1,3,0.03
827,candidate_3,candidate_2,candidate_1,3,0.03
828,candidate_3,candidate_2,candidate_1,3,0.03
829,candidate_3,candidate_2,candidate_1,3,0.03
830,candidate_3,candidate_2,candidate_1,3,0.03
831,candidate_3,candidate_2,candidate_1,3,0.03
832,0,candidate_2,candidate_1,3,0.03
833,candidate_3,candidate_2,candidate_1,3,0.03
834,0,candidate_2,candidate_1,3,0.03
835,candidate_3,candidate_2,candidate_1,3,0.03
836,candidate_3,candidate_2,candidate_1,3,0.03
837,candidate_3,candidate_2,candidate_1,3,0.03
838,candidate_3,candidate_2,candidate_1,3,0.03
839,candidate_3,candidate_2,candidate_1,3,0.03
840,candidate_3,candidate_2,candidate_1,3,0.03
841,candidate_3,candidate_2,candidate_1,3,0.03
842,candidate_3,candidate_2,0,3,0.03
843,candidate_3,candidate_2,candidate_1,3,0.03
844,candidate_3,candidate_2,candidate_1,3,0.03
845,candidate_3,candidate_2,candidate_1,3,0.03
846,candidate_3,candidate_2,candidate_1,3,0.03
847,candidate_3,candidate_2,candidate_1,3,0.03
848,candidate_3,candidate_2,candidate_1,3,0.03
849,candidate_3,candidate_2,candidate_1,3,0.03
850,candidate_3,candidate_2,candidate_1,3,0.03
851,candidate_3,candidate_2,candidate_1,3,0.03
852,candidate_3,candidate_2,candidate_1,3,0.03
853,candidate_3,candidate_2,candidate_1,3,0.03
854,candidate_3,candidate_2,candidate_1,3,0.03
855,candidate_3,candidate_2,candidate_1,3,0.03
856,candidate_3,candidate_2,candidate_1,3,0.03
857,candidate_3,candidate_2,candidate_1,3,0.03
858,candidate_3,candidate_2,candidate_1,3,0.03
859,candidate_3,candidate_2,candidate_1,3,0.03
860,candidate_3,candidate_2,candidate_1,3,0.03
861,candidate_3,candidate_2,candidate_1,3,0.03
862,candidate_3,candidate_2,candidate_1,3,0.03
863,candidate_3,candidate_2,candidate_1,3,0.03
864,candidate_3,candidate_2,candidate_1,3,0.03
865,candidate_3,candidate_2,candidate_1,3,0.03
866,candidate_3,candidate_2,candidate_1,3,0.03
867,candidate_3,candidate_2,candidate_1,3,0.03
868,candidate_3,candidate_2,candidate_1,3,0.03
869,candidate_3,candidate_2,candidate_1,3,0.03
870,candidate_3,0,candidate_1,3,0.03
871,candidate_3,candidate_2,candidate_1,3,0.03
872,candidate_3,candidate_2,candidate_1,3,0.03
873,candidate_3,candidate_2,candidate_1,3,0.03
874,candidate_3,candidate_2,0,3,0.03
875,candidate_3,candidate_2,candidate_1,3,0.03
876,candidate_3,candidate_2,candidate_1,3,0.03
877,candidate_3,candidate_2,candidate_1,3,0.03
878,candidate_3,candidate_2,candidate_1,3,0.03
879,candidate_3,0,candidate_1,3,0.03
880,candidate_3,candidate_2,candidate_1,3,0.03
881,candidate_3,candidate_2,candidate_1,3,0.03
882,candidate_3,candidate_2,candidate_1,3,0.03
883,candidate_3,candidate_2,candidate_1,3,0.03
884,candidate_3,candidate_2,candidate_1,3,0.03
885,candidate_3,candidate_2,candidate_1,3,0.03
886,candidate_3,candidate_2,candidate_1,3,0.03
887,candidate_3,candidate_2,candidate_1,3,0.03
888,candidate_3,candidate_2,candidate_1,3,0.03
889,candidate_3,candidate_2,candidate_1,3,0.03
890,candidate_3,candidate_2,candidate_1,3,0.03
891,candidate_3,candidate_2,candidate_1,3,0.03
892,candidate_3,candidate_2,candidate_1,3,0.03
893,candidate_3,candidate_2,candidate_1,3,0.03
894,candidate_3,candidate_2,candidate_1,3,0.03
895,candidate_3,candidate_2,candidate_1,3,0.03
896,candidate_3,candidate_2,candidate_1,3,0.03
897,candidate_3,candidate_2,candidate_1,3,0.03
898,candidate_3,candidate_2,candidate_1,3,0.03
899,candidate_3,candidate_2,candidate_1,3,0.03
900,0,candidate_2,candidate_1,3,0.03
901,candidate_3,candidate_2,candidate_1,3,0.03
902,candidate_3,candidate_2,candidate_1,3,0.03
903,candidate_3,candidate_2,candidate_1,3,0.03
904,candidate_3,candidate_2,candidate_1,3,0.03
905,candidate_3,candidate_2,candidate_1,3,0.03
906,candidate_3,candidate_2,candidate_1,3,0.03
907,candidate_3,candidate_2,candidate_1,3,0.03
908,candidate_3,candidate_2,candidate_1,3,0.03
909,candidate_3,candidate_2,0,3,0.03
910,candidate_3,candidate_2,candidate_1,3,0.03
911,candidate_3,candidate_2,candidate_1,3,0.03
912,candidate_3,candidate_2,candidate_1,3,0.03
913,candidate_3,candidate_2,candidate_1,3,0.03
914,candidate_3,candidate_2,candidate_1,3,0.03
915,candidate_3,candidate_2,candidate_1,3,0.03
916,candidate_3,candidate_2,candidate_1,3,0.03
917,candidate_3,candidate_2,candidate_1,3,0.03
918,candidate_3,candidate_2,candidate_1,3,0.03
919,candidate_3,candidate_2,candidate_1,3,0.03
920,candidate_3,candidate_2,candidate_1,3,0.03
921,candidate_3,0,candidate_1,3,0.03
922,candidate_3,candidate_2,candidate_1,3,0.03
923,candidate_3,candidate_2,candidate_1,3,0.03
924,candidate_3,candidate_2,candidate_1,3,0.03
925,candidate_3,candidate_2,candidate_1,3,0.03
926,candidate_3,candidate_2,candidate_1,3,0.03
927,candidate_3,candidate_2,candidate_1,3,0.03
928,candidate_3,candidate_2,candidate_1,3,0.03
929,candidate_3,candidate_2,candidate_1,3,0.03
930,candidate_3,candidate_2,candidate_1,3,0.03
931,candidate_3,0,candidate_1,3,0.03
932,candidate_3,candidate_2,candidate_1,3,0.03
933,candidate_3,candidate_2,candidate_1,3,0.03
934,candidate_3,candidate_2,candidate_1,3,0.03
935,candidate_3,candidate_2,candidate_1,3,0.03
936,candidate_3,candidate_2,candidate_1,3,0.03
937,candidate_3,candidate_2,candidate_1,3,0.03
938,candidate_3,candidate_2,candidate_1,3,0.03
939,candidate_3,candidate_2,candidate_1,3,0.03
940,candidate_3,candidate_2,candidate_1,3,0.03
941,candidate_3,candidate_2,candidate_1,3,0.03
942,candidate_3,candidate_2,candidate_1,3,0.03
943,candidate_3,candidate_2,candidate_1,3,0.03
944,candidate_3,candidate_2,candidate_1,3,0.03
945,candidate_3,candidate_2,candidate_1,3,0.03
946,candidate_3,candidate_2,candidate_1,3,0.03
947,candidate_3,candidate_2,candidate_1,3,0.03
948,candidate_3,candidate_2,candidate_1,3,0.03
949,candidate_3,candidate_2,candidate_1,3,0.03
950,candidate_3,candidate_2,candidate_1,3,0.03
951,candidate_3,candidate_2,candidate_1,3,0.03
952,candidate_3,candidate_2,candidate_1,3,0.03
953,candidate_3,candidate_2,candidate_1,3,0.03
954,candidate_3,candidate_2,candidate_1,3,0.03
955,0,candidate_2,candidate_1,3,0.03
956,candidate_3,candidate_2,candidate_1,3,0.03
957,candidate_3,candidate_2,0,3,0.03
958,candidate_3,candidate_2,candidate_1,3,0.03
959,candidate_3,candidate_2,candidate_1,3,0.03
960,candidate_3,candidate_2,candidate_1,3,0.03
961,candidate_3,candidate_2,candidate_1,3,0.03
962,candidate_3,candidate_2,candidate_1,3,0.03
963,candidate_3,0,candidate_1,3,0.03
964,candidate_3,candidate_2,candidate_1,3,0.03
965,candidate_3,candidate_2,candidate_1,3,0.03
966,candidate_3,candidate_2,candidate_1,3,0.03
967,candidate_3,0,candidate_1,3,0.03
968,candidate_3,candidate_2,candidate_1,3,0.03
969,candidate_3,candidate_2,candidate_1,3,0.03
970,candidate_3,candidate_2,candidate_1,3,0.03
971,candidate_3,candidate_2,candidate_1,3,0.03
972,0,candidate_2,candidate_1,3,0.03
973,candidate_3,candidate_2,candidate_1,3,0.03
974,candidate_3,0,candidate_1,3,0.03
975,0,candidate_2,candidate_1,3,0.03
976,candidate_3,candidate_2,candidate_1,3,0.03
977,candidate_3,candidate_2,candidate_1,3,0.03
978,candidate_3,candidate_2,candidate_1,3,0.03
979,candidate_3,candidate_2,candidate_1,3,0.03
980,candidate_3,candidate_2,candidate_1,3,0.03
981,candidate_3,candidate_2,candidate_1,3,0.03
982,candidate_3,candidate_2,candidate_1,3,0.03
983,candidate_3,candidate_2,candidate_1,3,0.03
984,candidate_3,candidate_2,candidate_1,3,0.03
985,candidate_3,candidate_2,candidate_1,3,0.03
986,candidate_3,candidate_2,candidate_1,3,0.03
987,candidate_3,candidate_2,0,3,0.03
988,candidate_3,candidate_2,candidate_1,3,0.03
989,candidate_3,candidate_2,candidate_1,3,0.03
990,candidate_3,candidate_2,candidate_1,3,0.03
991,candidate_3,0,candidate_1,3,0.03
992,candidate_3,candidate_2,candidate_1,3,0.03
993,candidate_3,candidate_2,candidate_1,3,0.03
994,0,candidate_2,candidate_1,3,0.03
995,candidate_3,candidate_2,candidate_1,3,0.03
996,candidate_3,candidate_2,candidate_1,3,0.03
997,candidate_3,candidate_2,candidate_1,3,0.03
998,candidate_3,candidate_2,candidate_1,3,0.03
999,candidate_3,candidate_2,candidate_1,3,0.03
1000,candidate_3,candidate_2,candidate_1,3,0.03
1001,candidate_3,candidate_2,candidate_1,3,0.03
1002,candidate_3,candidate_2,candidate_1,3,0.03
1003,candidate_3,candidate_2,candidate_1,3,0.03
1004,candidate_3,candidate_2,candidate_1,3,0.03
1005,candidate_3,candidate_2,candidate_1,3,0.03
1006,candidate_3,candidate_2,candidate_1,3,0.03
1007,candidate_3,candidate_2,candidate_1,3,0.03
1008,candidate_3,candidate_2,candidate_1,3,0.03
1009,candidate_3,candidate_2,0,3,0.03
1010,candidate_3,candidate_2,candidate_1,3,0.03
1011,candidate_3,candidate_2,candidate_1,3,0.03
1012,candidate_3,candidate_2,candidate_1,3,0.03
1013,candidate_3,candidate_2,candidate_1,3,0.03
1014,candidate_3,candidate_2,candidate_1,3,0.03
1015,candidate_3,candidate_2,candidate_1,3,0.03
1016,candidate_3,candidate_2,candidate_1,3,0.03
1017,candidate_3,candidate_2,candidate_1,3,0.03
1018,candidate_3,0,0,3,0.03
1019,candidate_3,0,candidate_1,3,0.03
1020,candidate_3,candidate_2,candidate_1,3,0.03
1021,candidate_3,candidate_2,0,3,0.03
1022,0,candidate_2,candidate_1,3,0.03
1023,candidate_3,candidate_2,candidate_1,3,0.03
1024,candidate_3,candidate_2,candidate_1,3,0.03
1025,candidate_3,candidate_2,candidate_1,3,0.03
1026,candidate_3,candidate_2,candidate_1,3,0.03
1027,candidate_3,0,candidate_1,3,0.03
1028,candidate_3,candidate_2,candidate_1,3,0.03
1029,candidate_3,candidate_2,candidate_1,3,0.03
1030,candidate_3,candidate_2,candidate_1,3,0.03
1031,candidate_3,candidate_2,candidate_1,3,0.03
1032,candidate_3,candidate_2,candidate_1,3,0.03
1033,candidate_3,candidate_2,candidate_1,3,0.03
1034,candidate_3,candidate_2,candidate_1,3,0.03
1035,candidate_3,candidate_2,candidate_1,3,0.03
1036,0,candidate_2,candidate_1,3,0.03
1037,candidate_3,candidate_2,candidate_1,3,0.03
1038,0,candidate_2,candidate_1,3,0.03
1039,candidate_3,candidate_2,candidate_1,3,0.03
1040,candidate_3,candidate_2,candidate_1,3,0.03
1041,candidate_3,candidate_2,candidate_1,3,0.03
1042,candidate_3,candidate_2,candidate_1,3,0.03
1043,candidate_3,candidate_2,candidate_1,3,0.03
1044,candidate_3,candidate_2,candidate_1,3,0.03
1045,candidate_3,candidate_2,candidate_1,3,0.03
1046,candidate_3,candidate_2,candidate_1,3,0.03
1047,candidate_3,candidate_2,candidate_1,3,0.03
1048,candidate_3,candidate_2,candidate_1,3,0.03
1049,candidate_3,candidate_2,candidate_1,3,0.03
1050,candidate_3,candidate_2,candidate_1,3,0.03
1051,candidate_3,candidate_2,candidate_1,3,0.03
1052,candidate_3,candidate_2,candidate_1,3,0.03
1053,candidate_3,candidate_2,candidate_1,3,0.03
1054,candidate_3,candidate_2,candidate_1,3,0.03
1055,candidate_3,candidate_2,candidate_1,3,0.03
1056,candidate_3,candidate_2,candidate_1,3,0.03
1057,candidate_3,candidate_2,candidate_1,3,0.03
1058,candidate_3,candidate_2,candidate_1,3,0.03
1059,candidate_3,candidate_2,candidate_1,3,0.03
1060,candidate_3,candidate_2,candidate_1,3,0.03
1061,candidate_3,candidate_2,candidate_1,3,0.03
1062,candidate_3,candidate_2,candidate_1,3,0.03
1063,candidate_3,candidate_2,candidate_1,3,0.03
1064,candidate_3,candidate_2,candidate_1,3,0.03
1065,candidate_3,candidate_2,candidate_1,3,0.03
1066,candidate_3,candidate_2,candidate_1,3,0.03
1067,candidate_3,candidate_2,candidate_1,3,0.03
1068,candidate_3,candidate_2,candidate_1,3,0.03
1069,0,candidate_2,candidate_1,3,0.03
1070,candidate_3,candidate_2,candidate_1,3,0.03
1071,candidate_3,candidate_2,candidate_1,3,0.03
1072,candidate_3,0,0,3,0.03
1073,candidate_3,candidate_2,candidate_1,3,0.03
1074,candidate_3,candidate_2,candidate_1,3,0.03
1075,candidate_3,0,candidate_1,3,0.03
1076,candidate_3,0,candidate_1,3,0.03
1077,candidate_3,candidate_2,candidate_1,3,0.03
1078,candidate_3,candidate_2,candidate_1,3,0.03
1079,candidate_3,candidate_2,candidate_1,3,0.03
1080,candidate_3,candidate_2,candidate_1,3,0.03
1081,candidate_3,candidate_2,candidate_1,3,0.03
1082,candidate_3,candidate_2,candidate_1,3,0.03
1083,0,candidate_2,candidate_1,3,0.03
1084,candidate_3,candidate_2,candidate_1,3,0.03
1085,candidate_3,candidate_2,candidate_1,3,0.03
1086,candidate_3,candidate_2,candidate_1,3,0.03
1087,candidate_3,candidate_2,candidate_1,3,0.03
1088,candidate_3,candidate_2,candidate_1,3,0.03
1089,candidate_3,candidate_2,candidate_1,3,0.03
1090,candidate_3,candidate_2,candidate_1,3,0.03
1091,candidate_3,candidate_2,candidate_1,3,0.03
1092,candidate_3,candidate_2,candidate_1,3,0.03
1093,candidate_3,candidate_2,candidate_1,3,0.03
1094,candidate_3,candidate_2,candidate_1,3,0.03
1095,candidate_3,candidate_2,candidate_1,3,0.03
1096,candidate_3,candidate_2,candidate_1,3,0.03
1097,candidate_3,candidate_2,candidate_1,3,0.03
1098,candidate_3,candidate_2,candidate_1,3,0.03
1099,candidate_3,candidate_2,0,3,0.03
1100,candidate_3,candidate_2,candidate_1,3,0.03
1101,candidate_3,candidate_2,candidate_1,3,0.03
1102,candidate_3,candidate_2,candidate_1,3,0.03
1103,candidate_3,candidate_2,candidate_1,3,0.03
1104,candidate_3,candidate_2,candidate_1,3,0.03
1105,candidate_3,candidate_2,candidate_1,3,0.03
1106,candidate_3,candidate_2,candidate_1,3,0.03
1107,candidate_3,candidate_2,candidate_1,3,0.03
1108,candidate_3,candidate_2,0,3,0.03
1109,candidate_3,candidate_2,candidate_1,3,0.03
1110,candidate_3,candidate_2,candidate_1,3,0.03
1111,candidate_3,candidate_2,candidate_1,3,0.03
1112,candidate_3,candidate_2,candidate_1,3,0.03
1113,candidate_3,candidate_2,candidate_1,3,0.03
1114,candidate_3,candidate_2,candidate_1,3,0.03
1115,candidate_3,candidate_2,candidate_1,3,0.03
1116,candidate_3,candidate_2,candidate_1,3,0.03
1117,candidate_3,candidate_2,candidate_1,3,0.03
1118,candidate_3,candidate_2,candidate_1,3,0.03
1119,candidate_3,candidate_2,candidate_1,3,0.03
1120,candidate_3,candidate_2,candidate_1,3,0.03
1121,candidate_3,candidate_2,candidate_1,3,0.03
1122,candidate_3,candidate_2,candidate_1,3,0.03
1123,candidate_3,candidate_2,candidate_1,3,0.03
1124,candidate_3,candidate_2,candidate_1,3,0.03
1125,candidate_3,candidate_2,candidate_1,3,0.03
1126,candidate_3,candidate_2,candidate_1,3,0.03
1127,candidate_3,candidate_2,candidate_1,3,0.03
1128,candidate_3,candidate_2,candidate_1,3,0.03
1129,candidate_3,candidate_2,candidate_1,3,0.03
1130,candidate_3,candidate_2,candidate_1,3,0.03
1131,candidate_3,candidate_2,candidate_1,3,0.03
1132,candidate_3,candidate_2,candidate_1,3,0.03
1133,candidate_3,candidate_2,candidate_1,3,0.03
1134,candidate_3,candidate_2,candidate_1,3,0.03
1135,candidate_3,candidate_2,candidate_1,3,0.03
1136,candidate_3,candidate_2,candidate_1,3,0.03
1137,candidate_3,candidate_2,candidate_1,3,0.03
1138,candidate_3,candidate_2,candidate_1,3,0.03
1139,candidate_3,candidate_2,candidate_1,3,0.03
1140,candidate_3,candidate_2,candidate_1,3,0.03
1141,candidate_3,candidate_2,candidate_1,3,0.03
1142,candidate_3,candidate_2,candidate_1,3,0.03
1143,candidate_3,candidate_2,candidate_1,3,0.03
1144,candidate_3,candidate_2,candidate_1,3,0.03
1145,candidate_3,candidate_2,candidate_1,3,0.03
1146,candidate_3,candidate_2,candidate_1,3,0.03
1147,candidate_3,candidate_2,candidate_1,3,0.03
1148,candidate_3,candidate_2,candidate_1,3,0.03
1149,candidate_3,candidate_2,candidate_1,3,0.03
1150,candidate_3,candidate_2,candidate_1,3,0.03
1151,candidate_3,candidate_2,candidate_1,3,0.03
1152,candidate_3,candidate_2,candidate_1,3,0.03
1153,candidate_3,candidate_2,candidate_1,3,0.03
1154,candidate_3,candidate_2,candidate_1,3,0.03
1155,candidate_3,candidate_2,candidate_1,3,0.03
1156,candidate_3,candidate_2,candidate_1,3,0.03
1157,candidate_3,candidate_2,candidate_1,3,0.03
1158,candidate_3,candidate_2,candidate_1,3,0.03
1159,candidate_3,candidate_2,candidate_1,3,0.03
1160,candidate_3,candidate_2,candidate_1,3,0.03
1161,candidate_3,candidate_2,candidate_1,3,0.03
1162,candidate_3,candidate_2,candidate_1,3,0.03
1163,candidate_3,candidate_2,candidate_1,3,0.03
1164,candidate_3,candidate_2,candidate_1,3,0.03
1165,candidate_3,candidate_2,candidate_1,3,0.03
1166,candidate_3,candidate_2,0,3,0.03
1167,candidate_3,candidate_2,candidate_1,3,0.03
1168,candidate_3,candidate_2,candidate_1,3,0.03
1169,candidate_3,candidate_2,candidate_1,3,0.03
1170,candidate_3,candidate_2,candidate_1,3,0.03
1171,candidate_3,candidate_2,candidate_1,3,0.03
1172,candidate_3,candidate_2,candidate_1,3,0.03
1173,candidate_3,0,candidate_1,3,0.03
1174,candidate_3,candidate_2,candidate_1,3,0.03
1175,candidate_3,candidate_2,candidate_1,3,0.03
1176,candidate_3,candidate_2,candidate_1,3,0.03
1177,candidate_3,candidate_2,candidate_1,3,0.03
1178,candidate_3,candidate_2,candidate_1,3,0.03
1179,candidate_3,candidate_2,candidate_1,3,0.03
1180,candidate_3,candidate_2,candidate_1,3,0.03
1181,candidate_3,candidate_2,candidate_1,3,0.03
1182,candidate_3,candidate_2,candidate_1,3,0.03
1183,candidate_3,candidate_2,candidate_1,3,0.03
1184,candidate_3,candidate_2,candidate_1,3,0.03
1185,candidate_3,0,candidate_1,3,0.03
1186,candidate_3,candidate_2,candidate_1,3,0.03
1187,candidate_3,candidate_2,candidate_1,3,0.03
1188,candidate_3,0,candidate_1,3,0.03
1189,candidate_3,candidate_2,candidate_1,3,0.03
1190,candidate_3,candidate_2,candidate_1,3,0.03
1191,candidate_3,candidate_2,candidate_1,3,0.03
1192,candidate_3,candidate_2,candidate_1,3,0.03
1193,candidate_3,candidate_2,candidate_1,3,0.03
1194,candidate_3,candidate_2,candidate_1,3,0.03
1195,candidate_3,candidate_2,candidate_1,3,0.03
1196,candidate_3,candidate_2,candidate_1,3,0.03
1197,candidate_3,candidate_2,candidate_1,3,0.03
1198,candidate_3,candidate_2,candidate_1,3,0.03
1199,candidate_3,candidate_2,candidate_1,3,0.03
1200,candidate_3,candidate_2,candidate_1,3,0.03
1201,candidate_3,candidate_2,candidate_1,3,0.03
1202,candidate_3,candidate_2,candidate_1,3,0.03
1203,candidate_3,candidate_2,candidate_1,3,0.03
1204,candidate_3,candidate_2,candidate_1,3,0.03
1205,candidate_3,candidate_2,candidate_1,3,0.03
1206,candidate_3,candidate_2,candidate_1,3,0.03
1207,candidate_3,candidate_2,candidate_1,3,0.03
1208,candidate_3,candidate_2,candidate_1,3,0.03
1209,candidate_3,candidate_2,candidate_1,3,0.03
1210,candidate_3,candidate_2,candidate_1,3,0.03
1211,candidate_3,candidate_2,candidate_1,3,0.03
1212,candidate_3,candidate_2,candidate_1,3,0.03
1213,candidate_3,candidate_2,candidate_1,3,0.03
1214,candidate_3,candidate_2,candidate_1,3,0.03
1215,candidate_3,candidate_2,0,3,0.03
1216,candidate_3,candidate_2,candidate_1,3,0.03
1217,candidate_3,candidate_2,candidate_1,3,0.03
1218,candidate_3,candidate_2,candidate_1,3,0.03
1219,candidate_3,candidate_2,candidate_1,3,0.03
1220,candidate_3,candidate_2,candidate_1,3,0.03
1221,candidate_3,candidate_2,candidate_1,3,0.03
1222,candidate_3,candidate_2,candidate_1,3,0.03
1223,candidate_3,0,candidate_1,3,0.03
1224,candidate_3,candidate_2,candidate_1,3,0.03
1225,candidate_3,candidate_2,candidate_1,3,0.03
1226,candidate_3,candidate_2,candidate_1,3,0.03
1227,candidate_3,candidate_2,candidate_1,3,0.03
1228,candidate_3,candidate_2,candidate_1,3,0.03
1229,candidate_3,candidate_2,0,3,0.03
1230,candidate_3,candidate_2,candidate_1,3,0.03
1231,candidate_3,candidate_2,candidate_1,3,0.03
1232,candidate_3,candidate_2,candidate_1,3,0.03
1233,candidate_3,candidate_2,candidate_1,3,0.03
1234,candidate_3,candidate_2,candidate_1,3,0.03
1235,candidate_3,0,candidate_1,3,0.03
1236,candidate_3,candidate_2,candidate_1,3,0.03
1237,candidate_3,candidate_2,0,3,0.03
1238,candidate_3,candidate_2,candidate_1,3,0.03
1239,candidate_3,candidate_2,candidate_1,3,0.03
1240,candidate_3,candidate_2,candidate_1,3,0.03
1241,candidate_3,candidate_2,candidate_1,3,0.03
1242,candidate_3,candidate_2,candidate_1,3,0.03
1243,candidate_3,candidate_2,candidate_1,3,0.03
1244,candidate_3,candidate_2,candidate_1,3,0.03
1245,candidate_3,candidate_2,candidate_1,3,0.03
1246,candidate_3,candidate_2,candidate_1,3,0.03
1247,candidate_3,candidate_2,candidate_1,3,0.03
1248,candidate_3,candidate_2,candidate_1,3,0.03
1249,candidate_3,candidate_2,candidate_1,3,0.03
1250,candidate_3,candidate_2,candidate_1,3,0.03
1251,candidate_3,candidate_2,candidate_1,3,0.03
1252,candidate_3,candidate_2,candidate_1,3,0.03
1253,candidate_3,candidate_2,candidate_1,3,0.03
1254,candidate_3,candidate_2,candidate_1,3,0.03
1255,candidate_3,candidate_2,candidate_1,3,0.03
1256,candidate_3,candidate_2,candidate_1,3,0.03
1257,candidate_3,candidate_2,candidate_1,3,0.03
1258,candidate_3,candidate_2,candidate_1,3,0.03
1259,candidate_3,candidate_2,candidate_1,3,0.03
1260,candidate_3,candidate_2,candidate_1,3,0.03
1261,candidate_3,candidate_2,candidate_1,3,0.03
1262,candidate_3,candidate_2,candidate_1,3,0.03
1263,candidate_3,candidate_2,candidate_1,3,0.03
1264,candidate_3,candidate_2,candidate_1,3,0.03
1265,candidate_3,candidate_2,candidate_1,3,0.03
1266,candidate_3,candidate_2,candidate_1,3,0.03
1267,candidate_3,candidate_2,candidate_1,3,0.03
1268,candidate_3,candidate_2,candidate_1,3,0.03
1269,candidate_3,0,candidate_1,3,0.03
1270,candidate_3,candidate_2,candidate_1,3,0.03
1271,candidate_3,candidate_2,candidate_1,3,0.03
1272,candidate_3,candidate_2,candidate_1,3,0.03
1273,candidate_3,candidate_2,candidate_1,3,0.03
1274,candidate_3,candidate_2,candidate_1,3,0.03
1275,candidate_3,candidate_2,candidate_1,3,0.03
1276,candidate_3,candidate_2,candidate_1,3,0.03
1277,candidate_3,candidate_2,candidate_1,3,0.03
1278,candidate_3,candidate_2,candidate_1,3,0.03
1279,candidate_3,candidate_2,candidate_1,3,0.03
1280,candidate_3,candidate_2,candidate_1,3,0.03
1281,0,candidate_2,candidate_1,3,0.03
1282,candidate_3,candidate_2,0,3,0.03
1283,candidate_3,candidate_2,candidate_1,3,0.03
1284,candidate_3,candidate_2,candidate_1,3,0.03
1285,candidate_3,candidate_2,candidate_1,3,0.03
1286,candidate_3,candidate_2,candidate_1,3,0.03
1287,0,candidate_2,candidate_1,3,0.03
1288,candidate_3,0,candidate_1,3,0.03
1289,candidate_3,candidate_2,candidate_1,3,0.03
1290,candidate_3,candidate_2,candidate_1,3,0.03
1291,candidate_3,candidate_2,candidate_1,3,0.03
1292,candidate_3,candidate_2,candidate_1,3,0.03
1293,candidate_3,candidate_2,candidate_1,3,0.03
1294,candidate_3,candidate_2,candidate_1,3,0.03
1295,candidate_3,candidate_2,candidate_1,3,0.03
1296,candidate_3,candidate_2,candidate_1,3,0.03
1297,candidate_3,candidate_2,candidate_1,3,0.03
1298,candidate_3,candidate_2,candidate_1,3,0.03
1299,candidate_3,candidate_2,candidate_1,3,0.03
1300,candidate_3,candidate_2,candidate_1,3,0.03
1301,candidate_3,candidate_2,candidate_1,3,0.03
1302,candidate_3,candidate_2,candidate_1,3,0.03
1303,candidate_3,candidate_2,candidate_1,3,0.03
1304,candidate_3,candidate_2,candidate_1,3,0.03
1305,candidate_3,candidate_2,candidate_1,3,0.03
1306,candidate_3,candidate_2,candidate_1,3,0.03
1307,candidate_3,candidate_2,candidate_1,3,0.03
1308,0,candidate_2,candidate_1,3,0.03
1309,candidate_3,candidate_2,candidate_1,3,0.03
1310,candidate_3,candidate_2,candidate_1,3,0.03
1311,candidate_3,candidate_2,candidate_1,3,0.03
1312,candidate_3,candidate_2,candidate_1,3,0.03
1313,candidate_3,candidate_2,candidate_1,3,0.03
1314,candidate_3,candidate_2,0,3,0.03
1315,candidate_3,candidate_2,candidate_1,3,0.03
1316,candidate_3,candidate_2,candidate_1,3,0.03
1317,candidate_3,candidate_2,candidate_1,3,0.03
1318,candidate_3,candidate_2,candidate_1,3,0.03
1319,candidate_3,candidate_2,candidate_1,3,0.03
1320,candidate_3,candidate_2,candidate_1,3,0.03
1321,candidate_3,candidate_2,candidate_1,3,0.03
1322,candidate_3,candidate_2,candidate_1,3,0.03
1323,candidate_3,candidate_2,candidate_1,3,0.03
1324,candidate_3,candidate_2,candidate_1,3,0.03
1325,candidate_3,candidate_2,candidate_1,3,0.03
1326,candidate_3,candidate_2,candidate_1,3,0.03
1327,candidate_3,candidate_2,candidate_1,3,0.03
1328,candidate_3,candidate_2,candidate_1,3,0.03
1329,candidate_3,candidate_2,candidate_1,3,0.03
1330,candidate_3,candidate_2,candidate_1,3,0.03
1331,candidate_3,candidate_2,candidate_1,3,0.03
1332,candidate_3,candidate_2,candidate_1,3,0.03
1333,candidate_3,candidate_2,candidate_1,3,0.03
1334,candidate_3,candidate_2,candidate_1,3,0.03
1335,candidate_3,candidate_2,candidate_1,3,0.03
1336,candidate_3,candidate_2,candidate_1,3,0.03
1337,candidate_3,candidate_2,candidate_1,3,0.03
1338,candidate_3,candidate_2,candidate_1,3,0.03
1339,candidate_3,candidate_2,candidate_1,3,0.03
1340,candidate_3,candidate_2,candidate_1,3,0.03
1341,candidate_3,candidate_2,candidate_1,3,0.03
1342,candidate_3,candidate_2,candidate_1,3,0.03
1343,candidate_3,candidate_2,candidate_1,3,0.03
1344,candidate_3,candidate_2,candidate_1,3,0.03
1345,candidate_3,candidate_2,candidate_1,3,0.03
1346,candidate_3,candidate_2,candidate_1,3,0.03
1347,candidate_3,candidate_2,candidate_1,3,0.03
1348,candidate_3,candidate_2,candidate_1,3,0.03
1349,candidate_3,candidate_2,candidate_1,3,0.03
1350,candidate_3,candidate_2,candidate_1,3,0.03
1351,candidate_3,candidate_2,candidate_1,3,0.03
1352,candidate_3,candidate_2,candidate_1,3,0.03
1353,candidate_3,candidate_2,candidate_1,3,0.03
1354,candidate_3,candidate_2,candidate_1,3,0.03
1355,candidate_3,candidate_2,candidate_1,3,0.03
1356,candidate_3,candidate_2,candidate_1,3,0.03
1357,candidate_3,candidate_2,candidate_1,3,0.03
1358,candidate_3,candidate_2,candidate_1,3,0.03
1359,candidate_3,candidate_2,candidate_1,3,0.03
1360,candidate_3,candidate_2,candidate_1,3,0.03
1361,0,candidate_2,0,3,0.03
1362,candidate_3,candidate_2,candidate_1,3,0.03
1363,candidate_3,candidate_2,candidate_1,3,0.03
1364,candidate_3,candidate_2,candidate_1,3,0.03
1365,candidate_3,candidate_2,candidate_1,3,0.03
1366,candidate_3,candidate_2,candidate_1,3,0.03
1367,candidate_3,candidate_2,candidate_1,3,0.03
1368,candidate_3,candidate_2,candidate_1,3,0.03
1369,candidate_3,candidate_2,candidate_1,3,0.03
1370,candidate_3,candidate_2,candidate_1,3,0.03
1371,candidate_3,candidate_2,candidate_1,3,0.03
1372,candidate_3,candidate_2,candidate_1,3,0.03
1373,candidate_3,candidate_2,candidate_1,3,0.03
1374,candidate_3,candidate_2,candidate_1,3,0.03
1375,candidate_3,candidate_2,candidate_1,3,0.03
1376,candidate_3,candidate_2,candidate_1,3,0.03
1377,candidate_3,0,candidate_1,3,0.03
1378,candidate_3,candidate_2,candidate_1,3,0.03
1379,candidate_3,candidate_2,candidate_1,3,0.03
1380,candidate_3,candidate_2,candidate_1,3,0.03
1381,candidate_3,candidate_2,candidate_1,3,0.03
1382,candidate_3,candidate_2,candidate_1,3,0.03
1383,candidate_3,candidate_2,candidate_1,3,0.03
1384,candidate_3,candidate_2,candidate_1,3,0.03
1385,candidate_3,candidate_2,candidate_1,3,0.03
1386,candidate_3,candidate_2,candidate_1,3,0.03
1387,candidate_3,candidate_2,candidate_1,3,0.03
1388,candidate_3,candidate_2,candidate_1,3,0.03
1389,candidate_3,candidate_2,candidate_1,3,0.03
1390,0,candidate_2,candidate_1,3,0.03
1391,candidate_3,candidate_2,candidate_1,3,0.03
1392,candidate_3,candidate_2,candidate_1,3,0.03
1393,candidate_3,candidate_2,candidate_1,3,0.03
1394,candidate_3,candidate_2,0,3,0.03
1395,candidate_3,candidate_2,candidate_1,3,0.03
1396,candidate_3,candidate_2,candidate_1,3,0.03
1397,candidate_3,candidate_2,candidate_1,3,0.03
1398,candidate_3,candidate_2,candidate_1,3,0.03
1399,candidate_3,candidate_2,candidate_1,3,0.03
1400,candidate_3,candidate_2,candidate_1,3,0.03
1401,candidate_3,candidate_2,candidate_1,3,0.03
1402,candidate_3,candidate_2,candidate_1,3,0.03
1403,candidate_3,candidate_2,0,3,0.03
1404,candidate_3,candidate_2,candidate_1,3,0.03
1405,candidate_3,candidate_2,candidate_1,3,0.03
1406,candidate_3,candidate_2,candidate_1,3,0.03
1407,candidate_3,candidate_2,candidate_1,3,0.03
1408,candidate_3,candidate_2,candidate_1,3,0.03
1409,candidate_3,candidate_2,candidate_1,3,0.03
1410,candidate_3,candidate_2,candidate_1,3,0.03
1411,candidate_3,candidate_2,candidate_1,3,0.03
1412,candidate_3,candidate_2,candidate_1,3,0.03
1413,candidate_3,candidate_2,candidate_1,3,0.03
1414,candidate_3,candidate_2,0,3,0.03
1415,candidate_3,candidate_2,candidate_1,3,0.03
1416,candidate_3,candidate_2,candidate_1,3,0.03
1417,candidate_3,candidate_2,candidate_1,3,0.03
1418,candidate_3,candidate_2,candidate_1,3,0.03
1419,candidate_3,candidate_2,candidate_1,3,0.03
1420,candidate_3,candidate_2,candidate_1,3,0.03
1421,candidate_3,candidate_2,candidate_1,3,0.03
1422,candidate_3,candidate_2,candidate_1,3,0.03
1423,0,candidate_2,candidate_1,3,0.03
1424,candidate_3,candidate_2,candidate_1,3,0.03
1425,candidate_3,candidate_2,candidate_1,3,0.03
1426,candidate_3,candidate_2,candidate_1,3,0.03
1427,candidate_3,candidate_2,candidate_1,3,0.03
1428,candidate_3,candidate_2,candidate_1,3,0.03
1429,candidate_3,candidate_2,candidate_1,3,0.03
1430,candidate_3,candidate_2,candidate_1,3,0.03
1431,candidate_3,candidate_2,candidate_1,3,0.03
1432,candidate_3,candidate_2,candidate_1,3,0.03
1433,candidate_3,candidate_2,candidate_1,3,0.03
1434,candidate_3,candidate_2,candidate_1,3,0.03
1435,candidate_3,candidate_2,candidate_1,3,0.03
1436,candidate_3,candidate_2,candidate_1,3,0.03
1437,candidate_3,candidate_2,candidate_1,3,0.03
1438,0,candidate_2,candidate_1,3,0.03
1439,candidate_3,candidate_2,candidate_1,3,0.03
1440,candidate_3,candidate_2,candidate_1,3,0.03
1441,candidate_3,candidate_2,candidate_1,3,0.03
1442,candidate_3,candidate_2,candidate_1,3,0.03
1443,0,candidate_2,candidate_1,3,0.03
1444,candidate_3,candidate_2,candidate_1,3,0.03
1445,candidate_3,candidate_2,candidate_1,3,0.03
1446,candidate_3,candidate_2,candidate_1,3,0.03
1447,candidate_3,candidate_2,candidate_1,3,0.03
1448,candidate_3,candidate_2,candidate_1,3,0.03
1449,candidate_3,candidate_2,candidate_1,3,0.03
1450,candidate_3,candidate_2,candidate_1,3,0.03
1451,candidate_3,candidate_2,candidate_1,3,0.03
1452,candidate_3,candidate_2,candidate_1,3,0.03
1453,candidate_3,candidate_2,candidate_1,3,0.03
1454,candidate_3,candidate_2,candidate_1,3,0.03
1455,candidate_3,candidate_2,candidate_1,3,0.03
1456,candidate_3,candidate_2,candidate_1,3,0.03
1457,candidate_3,candidate_2,candidate_1,3,0.03
1458,candidate_3,candidate_2,candidate_1,3,0.03
1459,candidate_3,candidate_2,candidate_1,3,0.03
1460,candidate_3,candidate_2,candidate_1,3,0.03
1461,candidate_3,candidate_2,candidate_1,3,0.03
1462,candidate_3,candidate_2,candidate_1,3,0.03
1463,candidate_3,candidate_2,candidate_1,3,0.03
1464,candidate_3,candidate_2,candidate_1,3,0.03
1465,candidate_3,candidate_2,candidate_1,3,0.03
1466,candidate_3,candidate_2,candidate_1,3,0.03
1467,candidate_3,candidate_2,candidate_1,3,0.03
1468,candidate_3,candidate_2,candidate_1,3,0.03
1469,candidate_3,0,candidate_1,3,0.03
1470,candidate_3,candidate_2,candidate_1,3,0.03
1471,candidate_3,candidate_2,candidate_1,3,0.03
1472,candidate_3,candidate_2,candidate_1,3,0.03
1473,candidate_3,candidate_2,candidate_1,3,0.03
1474,candidate_3,candidate_2,candidate_1,3,0.03
1475,candidate_3,candidate_2,candidate_1,3,0.03
1476,candidate_3,candidate_2,candidate_1,3,0.03
1477,candidate_3,candidate_2,candidate_1,3,0.03
1478,candidate_3,candidate_2,candidate_1,3,0.03
1479,0,candidate_2,candidate_1,3,0.03
1480,candidate_3,candidate_2,candidate_1,3,0.03
1481,candidate_3,candidate_2,0,3,0.03
1482,candidate_3,candidate_2,candidate_1,3,0.03
1483,candidate_3,candidate_2,candidate_1,3,0.03
1484,candidate_3,candidate_2,candidate_1,3,0.03
1485,candidate_3,candidate_2,candidate_1,3,0.03
1486,candidate_3,candidate_2,candidate_1,3,0.03
1487,candidate_3,candidate_2,candidate_1,3,0.03
1488,candidate_3,candidate_2,candidate_1,3,0.03
1489,candidate_3,candidate_2,candidate_1,3,0.03
1490,candidate_3,candidate_2,candidate_1,3,0.03
1491,candidate_3,candidate_2,candidate_1,3,0.03
1492,candidate_3,candidate_2,candidate_1,3,0.03
1493,candidate_3,candidate_2,candidate_1,3,0.03
1494,candidate_3,candidate_2,candidate_1,3,0.03
1495,candidate_3,candidate_2,candidate_1,3,0.03
1496,candidate_3,candidate_2,candidate_1,3,0.03
1497,candidate_3,candidate_2,candidate_1,3,0.03
1498,candidate_3,candidate_2,0,3,0.03
1499,candidate_3,candidate_2,candidate_1,3,0.03
1500,candidate_3,candidate_2,candidate_1,3,0.03
1501,candidate_3,candidate_2,candidate_1,3,0.03
1502,candidate_3,candidate_2,candidate_1,3,0.03
1503,candidate_3,candidate_2,candidate_1,3,0.03
1504,candidate_3,candidate_2,candidate_1,3,0.03
1505,candidate_3,candidate_2,candidate_1,3,0.03
1506,candidate_3,candidate_2,candidate_1,3,0.03
1507,candidate_3,candidate_2,candidate_1,3,0.03
1508,candidate_3,candidate_2,candidate_1,3,0.03
1509,candidate_3,candidate_2,candidate_1,3,0.03
1510,candidate_3,candidate_2,candidate_1,3,0.03
1511,candidate_3,candidate_2,candidate_1,3,0.03
1512,candidate_3,candidate_2,candidate_1,3,0.03
1513,candidate_3,candidate_2,candidate_1,3,0.03
1514,candidate_3,candidate_2,candidate_1,3,0.03
1515,candidate_3,candidate_2,candidate_1,3,0.03
1516,candidate_3,candidate_2,candidate_1,3,0.03
1517,candidate_3,candidate_2,candidate_1,3,0.03
1518,candidate_3,candidate_2,candidate_1,3,0.03
1519,candidate_3,candidate_2,candidate_1,3,0.03
1520,candidate_3,candidate_2,candidate_1,3,0.03
1521,candidate_3,candidate_2,candidate_1,3,0.03
1522,candidate_3,candidate_2,candidate_1,3,0.03
1523,candidate_3,candidate_2,candidate_1,3,0.03
1524,candidate_3,candidate_2,candidate_1,3,0.03
1525,candidate_3,candidate_2,candidate_1,3,0.03
1526,candidate_3,candidate_2,candidate_1,3,0.03
1527,candidate_3,candidate_2,candidate_1,3,0.03
1528,candidate_3,candidate_2,candidate_1,3,0.03
1529,candidate_3,candidate_2,candidate_1,3,0.03
1530,candidate_3,candidate_2,candidate_1,3,0.03
1531,candidate_3,candidate_2,candidate_1,3,0.03
1532,candidate_3,candidate_2,candidate_1,3,0.03
1533,candidate_3,candidate_2,candidate_1,3,0.03
1534,candidate_3,candidate_2,candidate_1,3,0.03
1535,candidate_3,0,0,3,0.03
1536,candidate_3,candidate_2,candidate_1,3,0.03
1537,candidate_3,candidate_2,candidate_1,3,0.03
1538,candidate_3,candidate_2,candidate_1,3,0.03
1539,candidate_3,candidate_2,candidate_1,3,0.03
1540,candidate_3,candidate_2,candidate_1,3,0.03
1541,candidate_3,candidate_2,candidate_1,3,0.03
1542,candidate_3,0,candidate_1,3,0.03
1543,candidate_3,candidate_2,candidate_1,3,0.03
1544,candidate_3,candidate_2,candidate_1,3,0.03
1545,candidate_3,candidate_2,candidate_1,3,0.03
1546,candidate_3,candidate_2,candidate_1,3,0.03
1547,candidate_3,candidate_2,candidate_1,3,0.03
1548,candidate_3,candidate_2,candidate_1,3,0.03
1549,candidate_3,candidate_2,0,3,0.03
1550,candidate_3,candidate_2,candidate_1,3,0.03
1551,candidate_3,candidate_2,candidate_1,3,0.03
1552,candidate_3,candidate_2,candidate_1,3,0.03
1553,candidate_3,candidate_2,candidate_1,3,0.03
1554,candidate_3,candidate_2,candidate_1,3,0.03
1555,candidate_3,candidate_2,candidate_1,3,0.03
1556,candidate_3,candidate_2,candidate_1,3,0.03
1557,candidate_3,candidate_2,candidate_1,3,0.03
1558,candidate_3,candidate_2,candidate_1,3,0.03
1559,candidate_3,candidate_2,candidate_1,3,0.03
1560,candidate_3,candidate_2,candidate_1,3,0.03
1561,candidate_3,candidate_2,candidate_1,3,0.03
1562,candidate_3,candidate_2,candidate_1,3,0.03
1563,candidate_3,candidate_2,candidate_1,3,0.03
1564,candidate_3,candidate_2,candidate_1,3,0.03
1565,candidate_3,candidate_2,candidate_1,3,0.03
1566,candidate_3,candidate_2,candidate_1,3,0.03
1567,candidate_3,candidate_2,candidate_1,3,0.03
1568,candidate_3,candidate_2,candidate_1,3,0.03
1569,candidate_3,candidate_2,candidate_1,3,0.03
1570,candidate_3,candidate_2,candidate_1,3,0.03
1571,candidate_3,candidate_2,candidate_1,3,0.03
1572,candidate_3,candidate_2,candidate_1,3,0.03
1573,candidate_3,candidate_2,candidate_1,3,0.03
1574,candidate_3,candidate_2,candidate_1,3,0.03
1575,candidate_3,candidate_2,candidate_1,3,0.03
1576,candidate_3,candidate_2,candidate_1,3,0.03
1577,candidate_3,0,candidate_1,3,0.03
1578,candidate_3,candidate_2,candidate_1,3,0.03
1579,candidate_3,candidate_2,candidate_1,3,0.03
1580,candidate_3,candidate_2,candidate_1,3,0.03
1581,candidate_3,candidate_2,candidate_1,3,0.03
1582,candidate_3,candidate_2,candidate_1,3,0.03
1583,0,candidate_2,candidate_1,3,0.03
1584,candidate_3,candidate_2,candidate_1,3,0.03
1585,candidate_3,candidate_2,candidate_1,3,0.03
1586,candidate_3,candidate_2,candidate_1,3,0.03
1587,candidate_3,candidate_2,candidate_1,3,0.03
1588,candidate_3,candidate_2,candidate_1,3,0.03
1589,candidate_3,candidate_2,candidate_1,3,0.03
1590,candidate_3,candidate_2,candidate_1,3,0.03
1591,candidate_3,candidate_2,candidate_1,3,0.03
1592,0,candidate_2,candidate_1,3,0.03
1593,candidate_3,candidate_2,candidate_1,3,0.03
1594,candidate_3,candidate_2,candidate_1,3,0.03
1595,candidate_3,candidate_2,candidate_1,3,0.03
1596,candidate_3,candidate_2,candidate_1,3,0.03
1597,candidate_3,candidate_2,candidate_1,3,0.03
1598,candidate_3,0,candidate_1,3,0.03
1599,candidate_3,candidate_2,candidate_1,3,0.03
1600,0,candidate_2,candidate_1,3,0.03
1601,candidate_3,candidate_2,candidate_1,3,0.03
1602,candidate_3,candidate_2,candidate_1,3,0.03
1603,candidate_3,candidate_2,candidate_1,3,0.03
1604,candidate_3,candidate_2,candidate_1,3,0.03
1605,candidate_3,candidate_2,candidate_1,3,0.03
1606,0,candidate_2,candidate_1,3,0.03
1607,candidate_3,candidate_2,candidate_1,3,0.03
1608,0,candidate_2,candidate_1,3,0.03
1609,candidate_3,candidate_2,candidate_1,3,0.03
1610,candidate_3,candidate_2,candidate_1,3,0.03
1611,candidate_3,candidate_2,candidate_1,3,0.03
1612,candidate_3,candidate_2,candidate_1,3,0.03
1613,candidate_3,candidate_2,candidate_1,3,0.03
1614,candidate_3,candidate_2,candidate_1,3,0.03
1615,candidate_3,candidate_2,candidate_1,3,0.03
1616,candidate_3,candidate_2,candidate_1,3,0.03
1617,candidate_3,candidate_2,candidate_1,3,0.03
1618,candidate_3,candidate_2,candidate_1,3,0.03
1619,candidate_3,candidate_2,candidate_1,3,0.03
1620,candidate_3,candidate_2,candidate_1,3,0.03
1621,candidate_3,candidate_2,candidate_1,3,0.03
1622,candidate_3,candidate_2,candidate_1,3,0.03
1623,candidate_3,candidate_2,candidate_1,3,0.03
1624,candidate_3,candidate_2,candidate_1,3,0.03
1625,candidate_3,candidate_2,candidate_1,3,0.03
1626,candidate_3,candidate_2,candidate_1,3,0.03
1627,candidate_3,candidate_2,candidate_1,3,0.03
1628,candidate_3,candidate_2,candidate_1,3,0.03
1629,candidate_3,candidate_2,candidate_1,3,0.03
1630,candidate_3,candidate_2,candidate_1,3,0.03
1631,candidate_3,0,candidate_1,3,0.03
1632,candidate_3,candidate_2,candidate_1,3,0.03
1633,candidate_3,candidate_2,candidate_1,3,0.03
1634,candidate_3,candidate_2,candidate_1,3,0.03
1635,candidate_3,candidate_2,candidate_1,3,0.03
1636,candidate_3,candidate_2,candidate_1,3,0.03
1637,0,candidate_2,candidate_1,3,0.03
1638,candidate_3,candidate_2,candidate_1,3,0.03
1639,candidate_3,candidate_2,candidate_1,3,0.03
1640,candidate_3,candidate_2,candidate_1,3,0.03
1641,candidate_3,0,candidate_1,3,0.03
1642,candidate_3,candidate_2,candidate_1,3,0.03
1643,candidate_3,candidate_2,candidate_1,3,0.03
1644,candidate_3,candidate_2,candidate_1,3,0.03
1645,candidate_3,0,candidate_1,3,0.03
1646,candidate_3,candidate_2,candidate_1,3,0.03
1647,candidate_3,candidate_2,candidate_1,3,0.03
1648,candidate_3,candidate_2,candidate_1,3,0.03
1649,candidate_3,candidate_2,candidate_1,3,0.03
1650,candidate_3,candidate_2,candidate_1,3,0.03
1651,candidate_3,candidate_2,candidate_1,3,0.03
1652,candidate_3,candidate_2,candidate_1,3,0.03
1653,candidate_3,candidate_2,candidate_1,3,0.03
1654,candidate_3,candidate_2,candidate_1,3,0.03
1655,candidate_3,candidate_2,candidate_1,3,0.03
1656,candidate_3,candidate_2,candidate_1,3,0.03
1657,candidate_3,candidate_2,candidate_1,3,0.03
1658,candidate_3,candidate_2,candidate_1,3,0.03
1659,candidate_3,candidate_2,candidate_1,3,0.03
1660,0,candidate_2,candidate_1,3,0.03
1661,candidate_3,candidate_2,candidate_1,3,0.03
1662,candidate_3,candidate_2,candidate_1,3,0.03
1663,candidate_3,candidate_2,candidate_1,3,0.03
1664,candidate_3,candidate_2,candidate_1,3,0.03
1665,candidate_3,candidate_2,candidate_1,3,0.03
1666,candidate_3,candidate_2,candidate_1,3,0.03
1667,candidate_3,candidate_2,candidate_1,3,0.03
1668,candidate_3,candidate_2,candidate_1,3,0.03
1669,candidate_3,candidate_2,candidate_1,3,0.03
1670,candidate_3,candidate_2,candidate_1,3,0.03
1671,candidate_3,candidate_2,candidate_1,3,0.03
1672,candidate_3,candidate_2,candidate_1,3,0.03
1673,candidate_3,candidate_2,candidate_1,3,0.03
1674,candidate_3,candidate_2,candidate_1,3,0.03
1675,candidate_3,candidate_2,candidate_1,3,0.03
1676,candidate_3,candidate_2,candidate_1,3,0.03
1677,candidate_3,candidate_2,candidate_1,3,0.03
1678,candidate_3,candidate_2,candidate_1,3,0.03
1679,candidate_3,candidate_2,candidate_1,3,0.03
1680,candidate_3,candidate_2,candidate_1,3,0.03
1681,candidate_3,candidate_2,candidate_1,3,0.03
1682,candidate_3,candidate_2,candidate_1,3,0.03
1683,candidate_3,candidate_2,candidate_1,3,0.03
1684,candidate_3,candidate_2,candidate_1,3,0.03
1685,candidate_3,candidate_2,candidate_1,3,0.03
1686,candidate_3,candidate_2,candidate_1,3,0.03
1687,candidate_3,candidate_2,candidate_1,3,0.03
1688,candidate_3,candidate_2,candidate_1,3,0.03
1689,candidate_3,candidate_2,candidate_1,3,0.03
1690,candidate_3,candidate_2,candidate_1,3,0.03
1691,candidate_3,candidate_2,candidate_1,3,0.03
1692,candidate_3,candidate_2,candidate_1,3,0.03
1693,candidate_3,candidate_2,candidate_1,3,0.03
1694,candidate_3,candidate_2,0,3,0.03
1695,candidate_3,candidate_2,candidate_1,3,0.03
1696,candidate_3,candidate_2,candidate_1,3,0.03
1697,candidate_3,candidate_2,candidate_1,3,0.03
1698,candidate_3,0,candidate_1,3,0.03
1699,candidate_3,candidate_2,candidate_1,3,0.03
1700,candidate_3,candidate_2,candidate_1,3,0.03
1701,0,candidate_2,candidate_1,3,0.03
1702,0,candidate_2,candidate_1,3,0.03
1703,candidate_3,candidate_2,candidate_1,3,0.03
1704,candidate_3,candidate_2,candidate_1,3,0.03
1705,candidate_3,candidate_2,candidate_1,3,0.03
1706,candidate_3,candidate_2,candidate_1,3,0.03
1707,candidate_3,candidate_2,candidate_1,3,0.03
1708,candidate_3,candidate_2,candidate_1,3,0.03
1709,candidate_3,candidate_2,candidate_1,3,0.03
1710,candidate_3,candidate_2,candidate_1,3,0.03
1711,candidate_3,candidate_2,candidate_1,3,0.03
1712,candidate_3,candidate_2,candidate_1,3,0.03
1713,candidate_3,candidate_2,candidate_1,3,0.03
1714,candidate_3,candidate_2,candidate_1,3,0.03
1715,candidate_3,candidate_2,candidate_1,3,0.03
1716,candidate_3,candidate_2,candidate_1,3,0.03
1717,candidate_3,candidate_2,candidate_1,3,0.03
1718,candidate_3,candidate_2,candidate_1,3,0.03
1719,candidate_3,candidate_2,candidate_1,3,0.03
1720,candidate_3,candidate_2,candidate_1,3,0.03
1721,candidate_3,candidate_2,candidate_1,3,0.03
1722,candidate_3,candidate_2,candidate_1,3,0.03
1723,candidate_3,candidate_2,candidate_1,3,0.03
1724,candidate_3,candidate_2,candidate_1,3,0.03
1725,candidate_3,candidate_2,candidate_1,3,0.03
1726,candidate_3,candidate_2,candidate_1,3,0.03
1727,candidate_3,candidate_2,candidate_1,3,0.03
1728,candidate_3,candidate_2,candidate_1,3,0.03
1729,candidate_3,candidate_2,candidate_1,3,0.03
1730,candidate_3,candidate_2,candidate_1,3,0.03
1731,candidate_3,candidate_2,candidate_1,3,0.03
1732,candidate_3,candidate_2,candidate_1,3,0.03
1733,candidate_3,candidate_2,candidate_1,3,0.03
1734,candidate_3,candidate_2,candidate_1,3,0.03
1735,candidate_3,candidate_2,candidate_1,3,0.03
1736,candidate_3,0,candidate_1,3,0.03
1737,candidate_3,candidate_2,candidate_1,3,0.03
1738,candidate_3,candidate_2,candidate_1,3,0.03
1739,candidate_3,candidate_2,candidate_1,3,0.03
1740,candidate_3,candidate_2,candidate_1,3,0.03
1741,candidate_3,candidate_2,candidate_1,3,0.03
1742,candidate_3,candidate_2,candidate_1,3,0.03
1743,candidate_3,candidate_2,candidate_1,3,0.03
1744,candidate_3,candidate_2,0,3,0.03
1745,candidate_3,candidate_2,candidate_1,3,0.03
1746,candidate_3,candidate_2,0,3,0.03
1747,candidate_3,candidate_2,candidate_1,3,0.03
1748,candidate_3,candidate_2,candidate_1,3,0.03
1749,candidate_3,candidate_2,candidate_1,3,0.03
1750,candidate_3,candidate_2,candidate_1,3,0.03
1751,candidate_3,candidate_2,candidate_1,3,0.03
1752,candidate_3,candidate_2,candidate_1,3,0.03
1753,candidate_3,candidate_2,candidate_1,3,0.03
1754,candidate_3,candidate_2,candidate_1,3,0.03
1755,candidate_3,candidate_2,candidate_1,3,0.03
1756,candidate_3,candidate_2,candidate_1,3,0.03
1757,candidate_3,candidate_2,candidate_1,3,0.03
1758,candidate_3,candidate_2,candidate_1,3,0.03
1759,candidate_3,candidate_2,candidate_1,3,0.03
1760,candidate_3,candidate_2,candidate_1,3,0.03
1761,candidate_3,candidate_2,candidate_1,3,0.03
1762,candidate_3,candidate_2,candidate_1,3,0.03
1763,candidate_3,candidate_2,0,3,0.03
1764,0,candidate_2,candidate_1,3,0.03
1765,candidate_3,candidate_2,candidate_1,3,0.03
1766,candidate_3,candidate_2,candidate_1,3,0.03
1767,candidate_3,candidate_2,candidate_1,3,0.03
1768,candidate_3,candidate_2,candidate_1,3,0.03
1769,candidate_3,candidate_2,candidate_1,3,0.03
1770,candidate_3,candidate_2,candidate_1,3,0.03
1771,candidate_3,candidate_2,candidate_1,3,0.03
1772,candidate_3,candidate_2,candidate_1,3,0.03
1773,candidate_3,candidate_2,candidate_1,3,0.03
1774,candidate_3,candidate_2,candidate_1,3,0.03
1775,candidate_3,candidate_2,candidate_1,3,0.03
1776,candidate_3,candidate_2,candidate_1,3,0.03
1777,candidate_3,candidate_2,candidate_1,3,0.03
1778,candidate_3,candidate_2,candidate_1,3,0.03
1779,candidate_3,candidate_2,candidate_1,3,0.03
1780,candidate_3,candidate_2,candidate_1,3,0.03
1781,candidate_3,candidate_2,candidate_1,3,0.03
1782,candidate_3,candidate_2,candidate_1,3,0.03
1783,candidate_3,candidate_2,candidate_1,3,0.03
1784,candidate_3,candidate_2,0,3,0.03
1785,candidate_3,candidate_2,candidate_1,3,0.03
1786,candidate_3,candidate_2,candidate_1,3,0.03
1787,candidate_3,candidate_2,candidate_1,3,0.03
1788,candidate_3,candidate_2,candidate_1,3,0.03
1789,candidate_3,candidate_2,candidate_1,3,0.03
1790,candidate_3,candidate_2,candidate_1,3,0.03
1791,candidate_3,candidate_2,0,3,0.03
1792,candidate_3,candidate_2,candidate_1,3,0.03
1793,candidate_3,candidate_2,candidate_1,3,0.03
1794,candidate_3,candidate_2,candidate_1,3,0.03
1795,candidate_3,candidate_2,candidate_1,3,0.03
1796,candidate_3,candidate_2,candidate_1,3,0.03
1797,candidate_3,candidate_2,candidate_1,3,0.03
1798,candidate_3,candidate_2,candidate_1,3,0.03
1799,candidate_3,candidate_2,candidate_1,3,0.03
1800,candidate_3,candidate_2,candidate_1,3,0.03
1801,candidate_3,candidate_2,candidate_1,3,0.03
1802,candidate_3,candidate_2,candidate_1,3,0.03
1803,candidate_3,candidate_2,candidate_1,3,0.03
1804,candidate_3,candidate_2,candidate_1,3,0.03
1805,candidate_3,candidate_2,candidate_1,3,0.03
1806,candidate_3,candidate_2,candidate_1,3,0.03
1807,candidate_3,candidate_2,candidate_1,3,0.03
1808,candidate_3,candidate_2,candidate_1,3,0.03
1809,candidate_3,candidate_2,candidate_1,3,0.03
1810,candidate_3,candidate_2,candidate_1,3,0.03
1811,candidate_3,candidate_2,candidate_1,3,0.03
1812,candidate_3,candidate_2,candidate_1,3,0.03
1813,candidate_3,candidate_2,candidate_1,3,0.03
1814,candidate_3,candidate_2,candidate_1,3,0.03
1815,candidate_3,candidate_2,candidate_1,3,0.03
1816,candidate_3,candidate_2,candidate_1,3,0.03
1817,candidate_3,candidate_2,candidate_1,3,0.03
1818,candidate_3,candidate_2,candidate_1,3,0.03
1819,candidate_3,candidate_2,candidate_1,3,0.03
1820,candidate_3,candidate_2,candidate_1,3,0.03
1821,candidate_3,candidate_2,0,3,0.03
1822,candidate_3,0,candidate_1,3,0.03
1823,candidate_3,0,candidate_1,3,0.03
1824,candidate_3,candidate_2,candidate_1,3,0.03
1825,candidate_3,candidate_2,candidate_1,3,0.03
1826,candidate_3,candidate_2,candidate_1,3,0.03
1827,candidate_3,candidate_2,candidate_1,3,0.03
1828,candidate_3,candidate_2,candidate_1,3,0.03
1829,candidate_3,candidate_2,candidate_1,3,0.03
1830,candidate_3,candidate_2,candidate_1,3,0.03
1831,candidate_3,candidate_2,candidate_1,3,0.03
1832,candidate_3,candidate_2,candidate_1,3,0.03
1833,candidate_3,candidate_2,candidate_1,3,0.03
1834,candidate_3,candidate_2,candidate_1,3,0.03
1835,candidate_3,candidate_2,0,3,0.03
1836,candidate_3,candidate_2,candidate_1,3,0.03
1837,candidate_3,candidate_2,candidate_1,3,0.03
1838,candidate_3,candidate_2,candidate_1,3,0.03
1839,candidate_3,candidate_2,candidate_1,3,0.03
1840,candidate_3,candidate_2,candidate_1,3,0.03
1841,candidate_3,candidate_2,candidate_1,3,0.03
1842,candidate_3,candidate_2,candidate_1,3,0.03
1843,candidate_3,candidate_2,candidate_1,3,0.03
1844,candidate_3,0,candidate_1,3,0.03
1845,candidate_3,candidate_2,candidate_1,3,0.03
1846,candidate_3,candidate_2,candidate_1,3,0.03
1847,candidate_3,candidate_2,candidate_1,3,0.03
1848,candidate_3,0,candidate_1,3,0.03
1849,candidate_3,candidate_2,candidate_1,3,0.03
1850,candidate_3,candidate_2,candidate_1,3,0.03
1851,candidate_3,candidate_2,candidate_1,3,0.03
1852,candidate_3,candidate_2,candidate_1,3,0.03
1853,candidate_3,candidate_2,candidate_1,3,0.03
1854,candidate_3,candidate_2,candidate_1,3,0.03
1855,candidate_3,0,candidate_1,3,0.03
1856,candidate_3,candidate_2,candidate_1,3,0.03
1857,candidate_3,candidate_2,candidate_1,3,0.03
1858,candidate_3,candidate_2,candidate_1,3,0.03
1859,candidate_3,candidate_2,candidate_1,3,0.03
1860,candidate_3,candidate_2,candidate_1,3,0.03
1861,candidate_3,candidate_2,candidate_1,3,0.03
1862,candidate_3,candidate_2,candidate_1,3,0.03
1863,candidate_3,candidate_2,candidate_1,3,0.03
1864,candidate_3,candidate_2,candidate_1,3,0.03
1865,candidate_3,candidate_2,candidate_1,3,0.03
1866,candidate_3,candidate_2,candidate_1,3,0.03
1867,candidate_3,candidate_2,candidate_1,3,0.03
1868,candidate_3,candidate_2,candidate_1,3,0.03
1869,candidate_3,candidate_2,candidate_1,3,0.03
1870,candidate_3,candidate_2,candidate_1,3,0.03
1871,candidate_3,candidate_2,candidate_1,3,0.03
1872,0,candidate_2,candidate_1,3,0.03
1873,candidate_3,candidate_2,candidate_1,3,0.03
1874,candidate_3,candidate_2,candidate_1,3,0.03
1875,candidate_3,candidate_2,candidate_1,3,0.03
1876,candidate_3,candidate_2,candidate_1,3,0.03
1877,candidate_3,candidate_2,candidate_1,3,0.03
1878,candidate_3,candidate_2,candidate_1,3,0.03
1879,candidate_3,candidate_2,candidate_1,3,0.03
1880,candidate_3,candidate_2,candidate_1,3,0.03
1881,candidate_3,candidate_2,candidate_1,3,0.03
1882,candidate_3,candidate_2,candidate_1,3,0.03
1883,candidate_3,candidate_2,candidate_1,3,0.03
1884,candidate_3,candidate_2,candidate_1,3,0.03
1885,candidate_3,candidate_2,candidate_1,3,0.03
1886,candidate_3,candidate_2,candidate_1,3,0.03
1887,candidate_3,candidate_2,candidate_1,3,0.03
1888,candidate_3,candidate_2,candidate_1,3,0.03
1889,candidate_3,candidate_2,candidate_1,3,0.03
1890,candidate_3,candidate_2,candidate_1,3,0.03
1891,candidate_3,candidate_2,candidate_1,3,0.03
1892,candidate_3,candidate_2,candidate_1,3,0.03
1893,candidate_3,candidate_2,candidate_1,3,0.03
1894,candidate_3,candidate_2,candidate_1,3,0.03
1895,candidate_3,candidate_2,candidate_1,3,0.03
1896,candidate_3,candidate_2,candidate_1,3,0.03
1897,candidate_3,candidate_2,candidate_1,3,0.03
1898,candidate_3,candidate_2,candidate_1,3,0.03
1899,candidate_3,candidate_2,candidate_1,3,0.03
1900,candidate_3,candidate_2,candidate_1,3,0.03
1901,candidate_3,candidate_2,candidate_1,3,0.03
1902,candidate_3,candidate_2,candidate_1,3,0.03
1903,candidate_3,candidate_2,candidate_1,3,0.03
1904,candidate_3,candidate_2,candidate_1,3,0.03
1905,candidate_3,candidate_2,candidate_1,3,0.03
1906,candidate_3,candidate_2,candidate_1,3,0.03
1907,candidate_3,candidate_2,candidate_1,3,0.03
1908,candidate_3,candidate_2,candidate_1,3,0.03
1909,candidate_3,candidate_2,candidate_1,3,0.03
1910,candidate_3,candidate_2,candidate_1,3,0.03
1911,candidate_3,candidate_2,candidate_1,3,0.03
1912,candidate_3,candidate_2,candidate_1,3,0.03
1913,candidate_3,candidate_2,candidate_1,3,0.03
1914,candidate_3,candidate_2,candidate_1,3,0.03
1915,candidate_3,candidate_2,candidate_1,3,0.03
1916,candidate_3,candidate_2,candidate_1,3,0.03
1917,candidate_3,candidate_2,candidate_1,3,0.03
1918,candidate_3,candidate_2,candidate_1,3,0.03
1919,candidate_3,candidate_2,candidate_1,3,0.03
1920,candidate_3,candidate_2,candidate_1,3,0.03
1921,candidate_3,candidate_2,candidate_1,3,0.03
1922,candidate_3,candidate_2,candidate_1,3,0.03
1923,candidate_3,candidate_2,candidate_1,3,0.03
1924,candidate_3,candidate_2,candidate_1,3,0.03
1925,candidate_3,candidate_2,candidate_1,3,0.03
1926,candidate_3,candidate_2,candidate_1,3,0.03
1927,candidate_3,candidate_2,candidate_1,3,0.03
1928,candidate_3,candidate_2,candidate_1,3,0.03
1929,candidate_3,candidate_2,candidate_1,3,0.03
1930,candidate_3,candidate_2,candidate_1,3,0.03
1931,0,candidate_2,candidate_1,3,0.03
1932,candidate_3,0,candidate_1,3,0.03
1933,0,candidate_2,candidate_1,3,0.03
1934,candidate_3,candidate_2,candidate_1,3,0.03
1935,candidate_3,candidate_2,candidate_1,3,0.03
1936,candidate_3,candidate_2,candidate_1,3,0.03
1937,candidate_3,candidate_2,candidate_1,3,0.03
1938,candidate_3,candidate_2,candidate_1,3,0.03
1939,candidate_3,candidate_2,candidate_1,3,0.03
1940,candidate_3,candidate_2,candidate_1,3,0.03
1941,candidate_3,candidate_2,candidate_1,3,0.03
1942,candidate_3,candidate_2,candidate_1,3,0.03
1943,candidate_3,candidate_2,candidate_1,3,0.03
1944,candidate_3,candidate_2,candidate_1,3,0.03
1945,candidate_3,candidate_2,candidate_1,3,0.03
1946,candidate_3,candidate_2,candidate_1,3,0.03
1947,candidate_3,candidate_2,candidate_1,3,0.03
1948,candidate_3,candidate_2,candidate_1,3,0.03
1949,candidate_3,candidate_2,candidate_1,3,0.03
1950,0,candidate_2,candidate_1,3,0.03
1951,candidate_3,candidate_2,candidate_1,3,0.03
1952,candidate_3,candidate_2,candidate_1,3,0.03
1953,candidate_3,candidate_2,candidate_1,3,0.03
1954,candidate_3,candidate_2,candidate_1,3,0.03
1955,candidate_3,candidate_2,candidate_1,3,0.03
1956,candidate_3,candidate_2,candidate_1,3,0.03
1957,candidate_3,candidate_2,candidate_1,3,0.03
1958,candidate_3,candidate_2,candidate_1,3,0.03
1959,candidate_3,candidate_2,candidate_1,3,0.03
1960,candidate_3,candidate_2,candidate_1,3,0.03
1961,candidate_3,candidate_2,0,3,0.03
1962,candidate_3,candidate_2,candidate_1,3,0.03
1963,candidate_3,candidate_2,candidate_1,3,0.03
1964,candidate_3,candidate_2,candidate_1,3,0.03
1965,candidate_3,candidate_2,candidate_1,3,0.03
1966,candidate_3,candidate_2,candidate_1,3,0.03
1967,candidate_3,candidate_2,candidate_1,3,0.03
1968,0,candidate_2,candidate_1,3,0.03
1969,candidate_3,candidate_2,candidate_1,3,0.03
1970,candidate_3,candidate_2,candidate_1,3,0.03
1971,candidate_3,candidate_2,candidate_1,3,0.03
1972,candidate_3,candidate_2,candidate_1,3,0.03
1973,candidate_3,candidate_2,candidate_1,3,0.03
1974,candidate_3,candidate_2,candidate_1,3,0.03
1975,candidate_3,candidate_2,candidate_1,3,0.03
1976,candidate_3,candidate_2,candidate_1,3,0.03
1977,candidate_3,candidate_2,candidate_1,3,0.03
1978,candidate_3,candidate_2,candidate_1,3,0.03
1979,candidate_3,candidate_2,candidate_1,3,0.03
1980,candidate_3,candidate_2,candidate_1,3,0.03
1981,candidate_3,candidate_2,candidate_1,3,0.03
1982,candidate_3,candidate_2,candidate_1,3,0.03
1983,candidate_3,0,candidate_1,3,0.03
1984,candidate_3,candidate_2,candidate_1,3,0.03
1985,candidate_3,candidate_2,candidate_1,3,0.03
1986,candidate_3,candidate_2,candidate_1,3,0.03
1987,candidate_3,candidate_2,candidate_1,3,0.03
1988,candidate_3,candidate_2,candidate_1,3,0.03
1989,candidate_3,candidate_2,candidate_1,3,0.03
1990,candidate_3,candidate_2,candidate_1,3,0.03
1991,candidate_3,candidate_2,candidate_1,3,0.03
1992,candidate_3,candidate_2,candidate_1,3,0.03
1993,candidate_3,candidate_2,candidate_1,3,0.03
1994,candidate_3,candidate_2,candidate_1,3,0.03
1995,candidate_3,candidate_2,candidate_1,3,0.03
1996,candidate_3,candidate_2,candidate_1,3,0.03
1997,candidate_3,candidate_2,candidate_1,3,0.03
1998,candidate_3,candidate_2,candidate_1,3,0.03
1999,candidate_3,candidate_2,candidate_1,3,0.03
2000,candidate_3,candidate_2,candidate_1,3,0.03
2001,candidate_3,candidate_2,candidate_1,3,0.03
2002,candidate_3,candidate_2,candidate_1,3,0.03
2003,candidate_3,candidate_2,candidate_1,3,0.03
2004,candidate_3,candidate_2,candidate_1,3,0.03
2005,candidate_3,candidate_2,candidate_1,3,0.03
2006,candidate_3,candidate_2,candidate_1,3,0.03
2007,candidate_3,candidate_2,candidate_1,3,0.03
2008,candidate_3,candidate_2,candidate_1,3,0.03
2009,candidate_3,candidate_2,candidate_1,3,0.03
2010,candidate_3,candidate_2,candidate_1,3,0.03
2011,candidate_3,candidate_2,candidate_1,3,0.03
2012,candidate_3,candidate_2,candidate_1,3,0.03
2013,candidate_3,candidate_2,candidate_1,3,0.03
2014,candidate_3,candidate_2,candidate_1,3,0.03
2015,candidate_3,candidate_2,candidate_1,3,0.03
2016,candidate_3,candidate_2,candidate_1,3,0.03
2017,candidate_3,candidate_2,candidate_1,3,0.03
2018,candidate_3,candidate_2,candidate_1,3,0.03
2019,candidate_3,candidate_2,candidate_1,3,0.03
2020,candidate_3,candidate_2,candidate_1,3,0.03
2021,candidate_3,candidate_2,candidate_1,3,0.03
2022,candidate_3,candidate_2,candidate_1,3,0.03
2023,candidate_3,candidate_2,candidate_1,3,0.03
2024,candidate_3,candidate_2,candidate_1,3,0.03
2025,candidate_3,candidate_2,candidate_1,3,0.03
2026,candidate_3,candidate_2,candidate_1,3,0.03
2027,candidate_3,candidate_2,candidate_1,3,0.03
2028,candidate_3,0,candidate_1,3,0.03
2029,candidate_3,candidate_2,candidate_1,3,0.03
2030,candidate_3,candidate_2,candidate_1,3,0.03
2031,candidate_3,candidate_2,candidate_1,3,0.03
2032,candidate_3,candidate_2,candidate_1,3,0.03
2033,candidate_3,candidate_2,candidate_1,3,0.03
2034,candidate_3,candidate_2,candidate_1,3,0.03
2035,candidate_3,candidate_2,candidate_1,3,0.03
2036,candidate_3,candidate_2,candidate_1,3,0.03
2037,candidate_3,candidate_2,candidate_1,3,0.03
2038,candidate_3,candidate_2,candidate_1,3,0.03
2039,candidate_3,candidate_2,candidate_1,3,0.03
2040,candidate_3,candidate_2,candidate_1,3,0.03
2041,candidate_3,candidate_2,candidate_1,3,0.03
2042,candidate_3,candidate_2,candidate_1,3,0.03
2043,candidate_3,candidate_2,candidate_1,3,0.03
2044,candidate_3,candidate_2,candidate_1,3,0.03
2045,candidate_3,candidate_2,candidate_1,3,0.03
2046,candidate_3,candidate_2,candidate_1,3,0.03
2047,candidate_3,candidate_2,candidate_1,3,0.03
2048,candidate_3,candidate_2,candidate_1,3,0.03
2049,candidate_3,candidate_2,candidate_1,3,0.03
2050,0,candidate_2,candidate_1,3,0.03
2051,candidate_3,candidate_2,candidate_1,3,0.03
2052,candidate_3,candidate_2,candidate_1,3,0.03
2053,candidate_3,candidate_2,candidate_1,3,0.03
2054,candidate_3,candidate_2,candidate_1,3,0.03
2055,candidate_3,candidate_2,candidate_1,3,0.03
2056,candidate_3,candidate_2,candidate_1,3,0.03
2057,candidate_3,candidate_2,candidate_1,3,0.03
2058,candidate_3,candidate_2,candidate_1,3,0.03
2059,candidate_3,candidate_2,candidate_1,3,0.03
2060,candidate_3,candidate_2,candidate_1,3,0.03
2061,candidate_3,candidate_2,0,3,0.03
2062,candidate_3,candidate_2,candidate_1,3,0.03
2063,candidate_3,0,candidate_1,3,0.03
2064,candidate_3,candidate_2,candidate_1,3,0.03
2065,candidate_3,candidate_2,candidate_1,3,0.03
2066,candidate_3,candidate_2,candidate_1,3,0.03
2067,candidate_3,candidate_2,candidate_1,3,0.03
2068,0,candidate_2,candidate_1,3,0.03
2069,candidate_3,candidate_2,candidate_1,3,0.03
2070,candidate_3,candidate_2,candidate_1,3,0.03
2071,candidate_3,candidate_2,candidate_1,3,0.03
2072,candidate_3,candidate_2,candidate_1,3,0.03
2073,candidate_3,candidate_2,candidate_1,3,0.03
2074,candidate_3,candidate_2,candidate_1,3,0.03
2075,candidate_3,candidate_2,candidate_1,3,0.03
2076,candidate_3,candidate_2,candidate_1,3,0.03
2077,candidate_3,candidate_2,candidate_1,3,0.03
2078,candidate_3,candidate_2,candidate_1,3,0.03
2079,candidate_3,candidate_2,candidate_1,3,0.03
2080,candidate_3,candidate_2,candidate_1,3,0.03
2081,candidate_3,candidate_2,candidate_1,3,0.03
2082,candidate_3,candidate_2,0,3,0.03
2083,candidate_3,candidate_2,candidate_1,3,0.03
2084,candidate_3,candidate_2,0,3,0.03
2085,candidate_3,candidate_2,candidate_1,3,0.03
2086,candidate_3,candidate_2,candidate_1,3,0.03
2087,candidate_3,candidate_2,candidate_1,3,0.03
2088,candidate_3,candidate_2,candidate_1,3,0.03
2089,candidate_3,candidate_2,candidate_1,3,0.03
2090,candidate_3,candidate_2,candidate_1,3,0.03
2091,candidate_3,candidate_2,candidate_1,3,0.03
2092,candidate_3,candidate_2,candidate_1,3,0.03
2093,candidate_3,candidate_2,candidate_1,3,0.03
2094,candidate_3,candidate_2,0,3,0.03
2095,candidate_3,candidate_2,candidate_1,3,0.03
2096,candidate_3,candidate_2,candidate_1,3,0.03
2097,candidate_3,candidate_2,candidate_1,3,0.03
2098,candidate_3,candidate_2,candidate_1,3,0.03
2099,candidate_3,candidate_2,candidate_1,3,0.03
2100,candidate_3,candidate_2,candidate_1,3,0.03
2101,candidate_3,candidate_2,candidate_1,3,0.03
2102,candidate_3,candidate_2,candidate_1,3,0.03
2103,candidate_3,candidate_2,candidate_1,3,0.03
2104,candidate_3,candidate_2,candidate_1,3,0.03
2105,candidate_3,candidate_2,candidate_1,3,0.03
2106,candidate_3,candidate_2,candidate_1,3,0.03
2107,candidate_3,candidate_2,candidate_1,3,0.03
2108,candidate_3,candidate_2,candidate_1,3,0.03
2109,candidate_3,candidate_2,candidate_1,3,0.03
2110,candidate_3,candidate_2,candidate_1,3,0.03
2111,candidate_3,candidate_2,candidate_1,3,0.03
2112,candidate_3,candidate_2,candidate_1,3,0.03
2113,candidate_3,candidate_2,candidate_1,3,0.03
2114,candidate_3,candidate_2,candidate_1,3,0.03
2115,candidate_3,candidate_2,candidate_1,3,0.03
2116,candidate_3,candidate_2,candidate_1,3,0.03
2117,candidate_3,candidate_2,candidate_1,3,0.03
2118,candidate_3,candidate_2,0,3,0.03
2119,candidate_3,candidate_2,candidate_1,3,0.03
2120,candidate_3,candidate_2,0,3,0.03
2121,candidate_3,candidate_2,candidate_1,3,0.03
2122,candidate_3,candidate_2,candidate_1,3,0.03
2123,candidate_3,candidate_2,candidate_1,3,0.03
2124,candidate_3,candidate_2,candidate_1,3,0.03
2125,candidate_3,candidate_2,candidate_1,3,0.03
2126,candidate_3,candidate_2,candidate_1,3,0.03
2127,candidate_3,candidate_2,candidate_1,3,0.03
2128,candidate_3,candidate_2,candidate_1,3,0.03
2129,candidate_3,candidate_2,candidate_1,3,0.03
2130,candidate_3,0,candidate_1,3,0.03
2131,candidate_3,candidate_2,candidate_1,3,0.03
2132,candidate_3,candidate_2,candidate_1,3,0.03
2133,candidate_3,candidate_2,candidate_1,3,0.03
2134,candidate_3,candidate_2,candidate_1,3,0.03
2135,candidate_3,candidate_2,candidate_1,3,0.03
2136,candidate_3,candidate_2,candidate_1,3,0.03
2137,candidate_3,candidate_2,candidate_1,3,0.03
2138,candidate_3,candidate_2,candidate_1,3,0.03
2139,candidate_3,candidate_2,candidate_1,3,0.03
2140,candidate_3,candidate_2,candidate_1,3,0.03
2141,candidate_3,candidate_2,candidate_1,3,0.03
2142,candidate_3,candidate_2,candidate_1,3,0.03
2143,candidate_3,candidate_2,candidate_1,3,0.03
2144,candidate_3,candidate_2,candidate_1,3,0.03
2145,candidate_3,candidate_2,candidate_1,3,0.03
2146,candidate_3,candidate_2,candidate_1,3,0.03
2147,candidate_3,candidate_2,0,3,0.03
2148,candidate_3,candidate_2,candidate_1,3,0.03
2149,candidate_3,candidate_2,candidate_1,3,0.03
2150,candidate_3,candidate_2,candidate_1,3,0.03
2151,candidate_3,candidate_2,candidate_1,3,0.03
2152,candidate_3,candidate_2,candidate_1,3,0.03
2153,candidate_3,candidate_2,candidate_1,3,0.03
2154,candidate_3,candidate_2,candidate_1,3,0.03
2155,candidate_3,candidate_2,candidate_1,3,0.03
2156,candidate_3,candidate_2,candidate_1,3,0.03
2157,candidate_3,candidate_2,candidate_1,3,0.03
2158,candidate_3,candidate_2,candidate_1,3,0.03
2159,candidate_3,candidate_2,candidate_1,3,0.03
2160,candidate_3,candidate_2,candidate_1,3,0.03
2161,candidate_3,candidate_2,candidate_1,3,0.03
2162,candidate_3,candidate_2,candidate_1,3,0.03
2163,candidate_3,candidate_2,candidate_1,3,0.03
2164,candidate_3,candidate_2,candidate_1,3,0.03
2165,candidate_3,candidate_2,candidate_1,3,0.03
2166,candidate_3,candidate_2,candidate_1,3,0.03
2167,candidate_3,candidate_2,candidate_1,3,0.03
2168,candidate_3,candidate_2,candidate_1,3,0.03
2169,candidate_3,candidate_2,candidate_1,3,0.03
2170,candidate_3,candidate_2,candidate_1,3,0.03
2171,candidate_3,candidate_2,candidate_1,3,0.03
2172,candidate_3,candidate_2,candidate_1,3,0.03
2173,candidate_3,candidate_2,candidate_1,3,0.03
2174,candidate_3,candidate_2,candidate_1,3,0.03
2175,candidate_3,candidate_2,candidate_1,3,0.03
2176,candidate_3,candidate_2,candidate_1,3,0.03
2177,candidate_3,candidate_2,candidate_1,3,0.03
2178,candidate_3,candidate_2,candidate_1,3,0.03
2179,candidate_3,candidate_2,candidate_1,3,0.03
2180,candidate_3,candidate_2,candidate_1,3,0.03
2181,candidate_3,candidate_2,candidate_1,3,0.03
2182,candidate_3,candidate_2,candidate_1,3,0.03
2183,candidate_3,candidate_2,candidate_1,3,0.03
2184,candidate_3,candidate_2,candidate_1,3,0.03
2185,candidate_3,candidate_2,candidate_1,3,0.03
2186,candidate_3,candidate_2,candidate_1,3,0.03
2187,candidate_3,candidate_2,candidate_1,3,0.03
2188,candidate_3,candidate_2,candidate_1,3,0.03
2189,candidate_3,candidate_2,candidate_1,3,0.03
2190,candidate_3,candidate_2,candidate_1,3,0.03
2191,candidate_3,candidate_2,candidate_1,3,0.03
2192,candidate_3,candidate_2,candidate_1,3,0.03
2193,candidate_3,candidate_2,candidate_1,3,0.03
2194,candidate_3,candidate_2,candidate_1,3,0.03
2195,candidate_3,candidate_2,candidate_1,3,0.03
2196,candidate_3,0,candidate_1,3,0.03
2197,candidate_3,candidate_2,candidate_1,3,0.03
2198,candidate_3,candidate_2,candidate_1,3,0.03
2199,candidate_3,candidate_2,candidate_1,3,0.03
2200,candidate_3,candidate_2,candidate_1,3,0.03
2201,candidate_3,candidate_2,candidate_1,3,0.03
2202,candidate_3,candidate_2,candidate_1,3,0.03
2203,candidate_3,candidate_2,candidate_1,3,0.03
2204,candidate_3,candidate_2,candidate_1,3,0.03
2205,candidate_3,candidate_2,candidate_1,3,0.03
2206,candidate_3,candidate_2,candidate_1,3,0.03
2207,candidate_3,candidate_2,candidate_1,3,0.03
2208,candidate_3,candidate_2,candidate_1,3,0.03
2209,candidate_3,candidate_2,candidate_1,3,0.03
2210,candidate_3,candidate_2,candidate_1,3,0.03
2211,candidate_3,candidate_2,candidate_1,3,0.03
2212,candidate_3,candidate_2,candidate_1,3,0.03
2213,candidate_3,0,candidate_1,3,0.03
2214,candidate_3,candidate_2,candidate_1,3,0.03
2215,candidate_3,candidate_2,candidate_1,3,0.03
2216,candidate_3,candidate_2,0,3,0.03
2217,candidate_3,candidate_2,candidate_1,3,0.03
2218,0,candidate_2,candidate_1,3,0.03
2219,candidate_3,0,candidate_1,3,0.03
2220,candidate_3,candidate_2,candidate_1,3,0.03
2221,candidate_3,candidate_2,candidate_1,3,0.03
2222,candidate_3,candidate_2,candidate_1,3,0.03
2223,candidate_3,candidate_2,candidate_1,3,0.03
2224,candidate_3,candidate_2,candidate_1,3,0.03
2225,candidate_3,candidate_2,candidate_1,3,0.03
2226,candidate_3,candidate_2,candidate_1,3,0.03
2227,candidate_3,candidate_2,candidate_1,3,0.03
2228,candidate_3,candidate_2,candidate_1,3,0.03
2229,candidate_3,candidate_2,candidate_1,3,0.03
2230,candidate_3,candidate_2,candidate_1,3,0.03
2231,candidate_3,0,candidate_1,3,0.03
2232,candidate_3,candidate_2,candidate_1,3,0.03
2233,candidate_3,candidate_2,candidate_1,3,0.03
2234,candidate_3,candidate_2,candidate_1,3,0.03
2235,candidate_3,candidate_2,candidate_1,3,0.03
2236,candidate_3,candidate_2,candidate_1,3,0.03
2237,candidate_3,candidate_2,candidate_1,3,0.03
2238,candidate_3,candidate_2,candidate_1,3,0.03
2239,candidate_3,candidate_2,candidate_1,3,0.03
2240,candidate_3,candidate_2,candidate_1,3,0.03
2241,candidate_3,candidate_2,candidate_1,3,0.03
2242,candidate_3,candidate_2,candidate_1,3,0.03
2243,candidate_3,candidate_2,candidate_1,3,0.03
2244,candidate_3,candidate_2,candidate_1,3,0.03
2245,candidate_3,candidate_2,candidate_1,3,0.03
2246,candidate_3,candidate_2,candidate_1,3,0.03
2247,candidate_3,candidate_2,candidate_1,3,0.03
2248,candidate_3,candidate_2,candidate_1,3,0.03
2249,candidate_3,candidate_2,candidate_1,3,0.03
2250,candidate_3,candidate_2,candidate_1,3,0.03
2251,candidate_3,candidate_2,candidate_1,3,0.03
2252,candidate_3,candidate_2,candidate_1,3,0.03
2253,candidate_3,candidate_2,candidate_1,3,0.03
2254,candidate_3,candidate_2,candidate_1,3,0.03
2255,candidate_3,candidate_2,candidate_1,3,0.03
2256,candidate_3,candidate_2,candidate_1,3,0.03
2257,candidate_3,candidate_2,candidate_1,3,0.03
2258,candidate_3,candidate_2,candidate_1,3,0.03
2259,candidate_3,candidate_2,candidate_1,3,0.03
2260,candidate_3,candidate_2,candidate_1,3,0.03
2261,candidate_3,candidate_2,candidate_1,3,0.03
2262,candidate_3,candidate_2,candidate_1,3,0.03
2263,candidate_3,0,candidate_1,3,0.03
2264,candidate_3,candidate_2,candidate_1,3,0.03
2265,candidate_3,candidate_2,candidate_1,3,0.03
2266,candidate_3,candidate_2,candidate_1,3,0.03
2267,0,candidate_2,candidate_1,3,0.03
2268,candidate_3,candidate_2,candidate_1,3,0.03
2269,candidate_3,candidate_2,0,3,0.03
2270,candidate_3,candidate_2,candidate_1,3,0.03
2271,candidate_3,candidate_2,candidate_1,3,0.03
2272,candidate_3,candidate_2,candidate_1,3,0.03
2273,candidate_3,candidate_2,candidate_1,3,0.03
2274,candidate_3,candidate_2,candidate_1,3,0.03
2275,candidate_3,candidate_2,candidate_1,3,0.03
2276,candidate_3,candidate_2,candidate_1,3,0.03
2277,candidate_3,candidate_2,candidate_1,3,0.03
2278,candidate_3,candidate_2,candidate_1,3,0.03
2279,candidate_3,candidate_2,candidate_1,3,0.03
2280,candidate_3,candidate_2,candidate_1,3,0.03
2281,candidate_3,candidate_2,candidate_1,3,0.03
2282,candidate_3,candidate_2,candidate_1,3,0.03
2283,candidate_3,candidate_2,candidate_1,3,0.03
2284,candidate_3,candidate_2,candidate_1,3,0.03
2285,candidate_3,candidate_2,candidate_1,3,0.03
2286,candidate_3,candidate_2,candidate_1,3,0.03
2287,candidate_3,candidate_2,candidate_1,3,0.03
2288,candidate_3,candidate_2,0,3,0.03
2289,candidate_3,candidate_2,candidate_1,3,0.03
2290,candidate_3,candidate_2,candidate_1,3,0.03
2291,candidate_3,candidate_2,candidate_1,3,0.03
2292,candidate_3,candidate_2,candidate_1,3,0.03
2293,candidate_3,candidate_2,candidate_1,3,0.03
2294,candidate_3,candidate_2,candidate_1,3,0.03
2295,candidate_3,candidate_2,candidate_1,3,0.03
2296,candidate_3,candidate_2,candidate_1,3,0.03
2297,candidate_3,candidate_2,candidate_1,3,0.03
2298,candidate_3,candidate_2,candidate_1,3,0.03
2299,candidate_3,candidate_2,candidate_1,3,0.03
2300,candidate_3,candidate_2,candidate_1,3,0.03
2301,candidate_3,candidate_2,candidate_1,3,0.03
2302,candidate_3,candidate_2,candidate_1,3,0.03
2303,candidate_3,candidate_2,candidate_1,3,0.03
2304,candidate_3,candidate_2,candidate_1,3,0.03
2305,candidate_3,candidate_2,candidate_1,3,0.03
2306,0,candidate_2,candidate_1,3,0.03
2307,candidate_3,candidate_2,candidate_1,3,0.03
2308,candidate_3,candidate_2,candidate_1,3,0.03
2309,candidate_3,candidate_2,candidate_1,3,0.03
2310,candidate_3,candidate_2,candidate_1,3,0.03
2311,candidate_3,candidate_2,candidate_1,3,0.03
2312,candidate_3,candidate_2,candidate_1,3,0.03
2313,0,candidate_2,candidate_1,3,0.03
2314,candidate_3,candidate_2,candidate_1,3,0.03
2315,candidate_3,candidate_2,candidate_1,3,0.03
2316,candidate_3,candidate_2,candidate_1,3,0.03
2317,candidate_3,candidate_2,candidate_1,3,0.03
2318,candidate_3,candidate_2,candidate_1,3,0.03
2319,candidate_3,candidate_2,0,3,0.03
2320,candidate_3,candidate_2,candidate_1,3,0.03
2321,candidate_3,candidate_2,candidate_1,3,0.03
2322,candidate_3,candidate_2,candidate_1,3,0.03
2323,candidate_3,candidate_2,candidate_1,3,0.03
2324,candidate_3,candidate_2,candidate_1,3,0.03
2325,candidate_3,candidate_2,candidate_1,3,0.03
2326,candidate_3,candidate_2,candidate_1,3,0.03
2327,candidate_3,candidate_2,candidate_1,3,0.03
2328,candidate_3,candidate_2,candidate_1,3,0.03
2329,candidate_3,candidate_2,candidate_1,3,0.03
2330,candidate_3,candidate_2,candidate_1,3,0.03
2331,candidate_3,candidate_2,candidate_1,3,0.03
2332,candidate_3,candidate_2,candidate_1,3,0.03
2333,candidate_3,candidate_2,candidate_1,3,0.03
2334,candidate_3,candidate_2,candidate_1,3,0.03
2335,candidate_3,candidate_2,candidate_1,3,0.03
2336,candidate_3,candidate_2,candidate_1,3,0.03
2337,candidate_3,candidate_2,candidate_1,3,0.03
2338,candidate_3,candidate_2,candidate_1,3,0.03
2339,candidate_3,candidate_2,candidate_1,3,0.03
2340,candidate_3,candidate_2,candidate_1,3,0.03
2341,candidate_3,candidate_2,candidate_1,3,0.03
2342,candidate_3,candidate_2,candidate_1,3,0.03
2343,candidate_3,candidate_2,candidate_1,3,0.03
2344,candidate_3,candidate_2,candidate_1,3,0.03
2345,candidate_3,candidate_2,candidate_1,3,0.03
2346,candidate_3,candidate_2,candidate_1,3,0.03
2347,candidate_3,0,candidate_1,3,0.03
2348,candidate_3,candidate_2,candidate_1,3,0.03
2349,candidate_3,candidate_2,candidate_1,3,0.03
2350,candidate_3,0,candidate_1,3,0.03
2351,candidate_3,candidate_2,candidate_1,3,0.03
2352,candidate_3,candidate_2,candidate_1,3,0.03
2353,candidate_3,candidate_2,candidate_1,3,0.03
2354,candidate_3,candidate_2,candidate_1,3,0.03
2355,candidate_3,candidate_2,candidate_1,3,0.03
2356,0,candidate_2,candidate_1,3,0.03
2357,candidate_3,candidate_2,candidate_1,3,0.03
2358,candidate_3,candidate_2,candidate_1,3,0.03
2359,candidate_3,candidate_2,candidate_1,3,0.03
2360,candidate_3,candidate_2,candidate_1,3,0.03
2361,candidate_3,candidate_2,candidate_1,3,0.03
2362,candidate_3,candidate_2,candidate_1,3,0.03
2363,candidate_3,candidate_2,candidate_1,3,0.03
2364,candidate_3,candidate_2,candidate_1,3,0.03
2365,candidate_3,candidate_2,candidate_1,3,0.03
2366,candidate_3,candidate_2,candidate_1,3,0.03
2367,candidate_3,candidate_2,candidate_1,3,0.03
2368,candidate_3,candidate_2,candidate_1,3,0.03
2369,candidate_3,candidate_2,candidate_1,3,0.03
2370,candidate_3,candidate_2,candidate_1,3,0.03
2371,candidate_3,candidate_2,candidate_1,3,0.03
2372,candidate_3,candidate_2,candidate_1,3,0.03
2373,candidate_3,candidate_2,candidate_1,3,0.03
2374,candidate_3,candidate_2,0,3,0.03
2375,candidate_3,candidate_2,candidate_1,3,0.03
2376,candidate_3,candidate_2,candidate_1,3,0.03
2377,candidate_3,candidate_2,candidate_1,3,0.03
2378,candidate_3,candidate_2,candidate_1,3,0.03
2379,candidate_3,candidate_2,candidate_1,3,0.03
2380,candidate_3,candidate_2,candidate_1,3,0.03
2381,0,candidate_2,candidate_1,3,0.03
2382,candidate_3,candidate_2,candidate_1,3,0.03
2383,candidate_3,candidate_2,candidate_1,3,0.03
2384,candidate_3,candidate_2,candidate_1,3,0.03
2385,candidate_3,candidate_2,candidate_1,3,0.03
2386,candidate_3,candidate_2,candidate_1,3,0.03
2387,candidate_3,candidate_2,candidate_1,3,0.03
2388,candidate_3,candidate_2,candidate_1,3,0.03
2389,candidate_3,candidate_2,candidate_1,3,0.03
2390,candidate_3,candidate_2,candidate_1,3,0.03
2391,candidate_3,candidate_2,candidate_1,3,0.03
2392,candidate_3,candidate_2,candidate_1,3,0.03
2393,candidate_3,candidate_2,candidate_1,3,0.03
2394,candidate_3,candidate_2,candidate_1,3,0.03
2395,candidate_3,candidate_2,candidate_1,3,0.03
2396,candidate_3,candidate_2,candidate_1,3,0.03
2397,candidate_3,candidate_2,candidate_1,3,0.03
2398,candidate_3,candidate_2,candidate_1,3,0.03
2399,candidate_3,candidate_2,candidate_1,3,0.03
2400,0,candidate_2,candidate_1,3,0.03
2401,0,candidate_2,candidate_1,3,0.03
2402,candidate_3,candidate_2,candidate_1,3,0.03
2403,candidate_3,candidate_2,candidate_1,3,0.03
2404,candidate_3,candidate_2,candidate_1,3,0.03
2405,candidate_3,candidate_2,candidate_1,3,0.03
2406,candidate_3,candidate_2,candidate_1,3,0.03
2407,candidate_3,candidate_2,candidate_1,3,0.03
2408,candidate_3,candidate_2,candidate_1,3,0.03
2409,candidate_3,candidate_2,candidate_1,3,0.03
2410,candidate_3,candidate_2,candidate_1,3,0.03
2411,candidate_3,0,candidate_1,3,0.03
2412,candidate_3,candidate_2,candidate_1,3,0.03
2413,candidate_3,candidate_2,candidate_1,3,0.03
2414,0,candidate_2,candidate_1,3,0.03
2415,candidate_3,candidate_2,candidate_1,3,0.03
2416,candidate_3,candidate_2,candidate_1,3,0.03
2417,candidate_3,candidate_2,candidate_1,3,0.03
2418,candidate_3,candidate_2,candidate_1,3,0.03
2419,candidate_3,candidate_2,candidate_1,3,0.03
2420,candidate_3,candidate_2,candidate_1,3,0.03
2421,candidate_3,candidate_2,candidate_1,3,0.03
2422,candidate_3,candidate_2,candidate_1,3,0.03
2423,0,candidate_2,candidate_1,3,0.03
2424,0,candidate_2,candidate_1,3,0.03
2425,candidate_3,candidate_2,candidate_1,3,0.03
2426,candidate_3,candidate_2,candidate_1,3,0.03
2427,candidate_3,candidate_2,candidate_1,3,0.03
2428,candidate_3,candidate_2,0,3,0.03
2429,0,candidate_2,candidate_1,3,0.03
2430,candidate_3,candidate_2,candidate_1,3,0.03
2431,candidate_3,candidate_2,candidate_1,3,0.03
2432,candidate_3,candidate_2,candidate_1,3,0.03
2433,candidate_3,candidate_2,candidate_1,3,0.03
2434,candidate_3,candidate_2,candidate_1,3,0.03
2435,candidate_3,candidate_2,candidate_1,3,0.03
2436,candidate_3,candidate_2,candidate_1,3,0.03
2437,candidate_3,candidate_2,candidate_1,3,0.03
2438,candidate_3,candidate_2,candidate_1,3,0.03
2439,candidate_3,candidate_2,candidate_1,3,0.03
2440,candidate_3,candidate_2,candidate_1,3,0.03
2441,candidate_3,candidate_2,candidate_1,3,0.03
2442,candidate_3,candidate_2,candidate_1,3,0.03
2443,candidate_3,candidate_2,candidate_1,3,0.03
2444,candidate_3,candidate_2,candidate_1,3,0.03
2445,candidate_3,candidate_2,candidate_1,3,0.03
2446,candidate_3,candidate_2,candidate_1,3,0.03
2447,candidate_3,candidate_2,candidate_1,3,0.03
2448,candidate_3,candidate_2,candidate_1,3,0.03
2449,candidate_3,candidate_2,candidate_1,3,0.03
2450,candidate_3,candidate_2,candidate_1,3,0.03
2451,candidate_3,candidate_2,candidate_1,3,0.03
2452,candidate_3,candidate_2,candidate_1,3,0.03
2453,candidate_3,candidate_2,candidate_1,3,0.03
2454,candidate_3,candidate_2,candidate_1,3,0.03
2455,candidate_3,candidate_2,candidate_1,3,0.03
2456,candidate_3,candidate_2,candidate_1,3,0.03
2457,candidate_3,candidate_2,candidate_1,3,0.03
2458,candidate_3,candidate_2,candidate_1,3,0.03
2459,candidate_3,candidate_2,candidate_1,3,0.03
2460,0,candidate_2,candidate_1,3,0.03
2461,candidate_3,candidate_2,candidate_1,3,0.03
2462,candidate_3,candidate_2,candidate_1,3,0.03
2463,candidate_3,candidate_2,candidate_1,3,0.03
2464,candidate_3,candidate_2,candidate_1,3,0.03
2465,candidate_3,candidate_2,candidate_1,3,0.03
2466,candidate_3,candidate_2,candidate_1,3,0.03
2467,candidate_3,candidate_2,candidate_1,3,0.03
2468,candidate_3,candidate_2,candidate_1,3,0.03
2469,candidate_3,candidate_2,candidate_1,3,0.03
2470,candidate_3,candidate_2,candidate_1,3,0.03
2471,candidate_3,candidate_2,candidate_1,3,0.03
2472,candidate_3,candidate_2,candidate_1,3,0.03
2473,candidate_3,candidate_2,candidate_1,3,0.03
2474,candidate_3,candidate_2,candidate_1,3,0.03
2475,candidate_3,candidate_2,candidate_1,3,0.03
2476,0,candidate_2,candidate_1,3,0.03
2477,candidate_3,candidate_2,candidate_1,3,0.03
2478,candidate_3,candidate_2,candidate_1,3,0.03
2479,candidate_3,candidate_2,candidate_1,3,0.03
2480,0,candidate_2,0,3,0.03
2481,candidate_3,candidate_2,candidate_1,3,0.03
2482,candidate_3,candidate_2,candidate_1,3,0.03
2483,candidate_3,candidate_2,candidate_1,3,0.03
2484,candidate_3,candidate_2,candidate_1,3,0.03
2485,candidate_3,candidate_2,candidate_1,3,0.03
2486,candidate_3,candidate_2,candidate_1,3,0.03
2487,candidate_3,candidate_2,candidate_1,3,0.03
2488,candidate_3,candidate_2,candidate_1,3,0.03
2489,candidate_3,candidate_2,candidate_1,3,0.03
2490,candidate_3,0,candidate_1,3,0.03
2491,candidate_3,candidate_2,candidate_1,3,0.03
2492,candidate_3,candidate_2,candidate_1,3,0.03
2493,candidate_3,0,candidate_1,3,0.03
2494,candidate_3,candidate_2,candidate_1,3,0.03
2495,candidate_3,candidate_2,candidate_1,3,0.03
2496,candidate_3,candidate_2,candidate_1,3,0.03
2497,candidate_3,candidate_2,candidate_1,3,0.03
2498,candidate_3,candidate_2,candidate_1,3,0.03
2499,candidate_3,candidate_2,candidate_1,3,0.03
2500,candidate_3,candidate_2,candidate_1,3,0.03
2501,candidate_3,candidate_2,candidate_1,3,0.03
2502,candidate_3,candidate_2,candidate_1,3,0.03
2503,candidate_3,candidate_2,candidate_1,3,0.03
2504,candidate_3,candidate_2,candidate_1,3,0.03
2505,candidate_3,candidate_2,candidate_1,3,0.03
2506,candidate_3,candidate_2,candidate_1,3,0.03
2507,candidate_3,candidate_2,candidate_1,3,0.03
2508,candidate_3,candidate_2,candidate_1,3,0.03
2509,candidate_3,candidate_2,candidate_1,3,0.03
2510,candidate_3,candidate_2,candidate_1,3,0.03
2511,candidate_3,candidate_2,candidate_1,3,0.03
2512,candidate_3,0,candidate_1,3,0.03
2513,candidate_3,candidate_2,candidate_1,3,0.03
2514,candidate_3,candidate_2,candidate_1,3,0.03
2515,candidate_3,candidate_2,candidate_1,3,0.03
2516,candidate_3,candidate_2,candidate_1,3,0.03
2517,candidate_3,candidate_2,candidate_1,3,0.03
2518,candidate_3,candidate_2,candidate_1,3,0.03
2519,candidate_3,candidate_2,candidate_1,3,0.03
2520,candidate_3,candidate_2,candidate_1,3,0.03
2521,candidate_3,candidate_2,candidate_1,3,0.03
2522,candidate_3,candidate_2,candidate_1,3,0.03
2523,candidate_3,candidate_2,candidate_1,3,0.03
2524,candidate_3,candidate_2,candidate_1,3,0.03
2525,candidate_3,candidate_2,candidate_1,3,0.03
2526,candidate_3,candidate_2,candidate_1,3,0.03
2527,candidate_3,candidate_2,candidate_1,3,0.03
2528,candidate_3,candidate_2,candidate_1,3,0.03
2529,candidate_3,candidate_2,candidate_1,3,0.03
2530,candidate_3,candidate_2,candidate_1,3,0.03
2531,candidate_3,candidate_2,candidate_1,3,0.03
2532,candidate_3,candidate_2,candidate_1,3,0.03
2533,candidate_3,candidate_2,candidate_1,3,0.03
2534,candidate_3,candidate_2,candidate_1,3,0.03
2535,candidate_3,candidate_2,candidate_1,3,0.03
2536,candidate_3,candidate_2,candidate_1,3,0.03
2537,candidate_3,candidate_2,candidate_1,3,0.03
2538,candidate_3,candidate_2,candidate_1,3,0.03
2539,candidate_3,candidate_2,candidate_1,3,0.03
2540,candidate_3,candidate_2,candidate_1,3,0.03
2541,candidate_3,candidate_2,candidate_1,3,0.03
2542,0,candidate_2,candidate_1,3,0.03
2543,candidate_3,candidate_2,candidate_1,3,0.03
2544,candidate_3,candidate_2,candidate_1,3,0.03
2545,candidate_3,candidate_2,candidate_1,3,0.03
2546,candidate_3,candidate_2,candidate_1,3,0.03
2547,candidate_3,candidate_2,candidate_1,3,0.03
2548,candidate_3,candidate_2,candidate_1,3,0.03
2549,candidate_3,candidate_2,candidate_1,3,0.03
2550,candidate_3,candidate_2,candidate_1,3,0.03
2551,candidate_3,candidate_2,candidate_1,3,0.03
2552,candidate_3,candidate_2,candidate_1,3,0.03
2553,candidate_3,0,candidate_1,3,0.03
2554,candidate_3,candidate_2,candidate_1,3,0.03
2555,candidate_3,candidate_2,candidate_1,3,0.03
2556,candidate_3,candidate_2,candidate_1,3,0.03
2557,candidate_3,candidate_2,candidate_1,3,0.03
2558,candidate_3,candidate_2,candidate_1,3,0.03
2559,candidate_3,candidate_2,candidate_1,3,0.03
2560,candidate_3,candidate_2,candidate_1,3,0.03
2561,candidate_3,candidate_2,candidate_1,3,0.03
2562,candidate_3,candidate_2,candidate_1,3,0.03
2563,candidate_3,candidate_2,candidate_1,3,0.03
2564,candidate_3,candidate_2,candidate_1,3,0.03
2565,candidate_3,candidate_2,candidate_1,3,0.03
2566,candidate_3,candidate_2,candidate_1,3,0.03
2567,candidate_3,candidate_2,candidate_1,3,0.03
2568,candidate_3,candidate_2,candidate_1,3,0.03
2569,candidate_3,candidate_2,candidate_1,3,0.03
2570,candidate_3,candidate_2,candidate_1,3,0.03
2571,candidate_3,candidate_2,candidate_1,3,0.03
2572,candidate_3,candidate_2,candidate_1,3,0.03
2573,candidate_3,candidate_2,candidate_1,3,0.03
2574,candidate_3,candidate_2,candidate_1,3,0.03
2575,0,candidate_2,candidate_1,3,0.03
2576,candidate_3,candidate_2,candidate_1,3,0.03
2577,candidate_3,candidate_2,candidate_1,3,0.03
2578,candidate_3,candidate_2,candidate_1,3,0.03
2579,candidate_3,candidate_2,candidate_1,3,0.03
2580,candidate_3,candidate_2,0,3,0.03
2581,candidate_3,candidate_2,candidate_1,3,0.03
2582,candidate_3,candidate_2,candidate_1,3,0.03
2583,candidate_3,candidate_2,candidate_1,3,0.03
2584,0,candidate_2,candidate_1,3,0.03
2585,candidate_3,candidate_2,candidate_1,3,0.03
2586,candidate_3,candidate_2,candidate_1,3,0.03
2587,candidate_3,candidate_2,0,3,0.03
2588,candidate_3,candidate_2,candidate_1,3,0.03
2589,candidate_3,candidate_2,candidate_1,3,0.03
2590,candidate_3,candidate_2,candidate_1,3,0.03
2591,candidate_3,candidate_2,candidate_1,3,0.03
2592,candidate_3,candidate_2,candidate_1,3,0.03
2593,candidate_3,candidate_2,candidate_1,3,0.03
2594,candidate_3,candidate_2,candidate_1,3,0.03
2595,candidate_3,candidate_2,candidate_1,3,0.03
2596,candidate_3,candidate_2,candidate_1,3,0.03
2597,candidate_3,candidate_2,candidate_1,3,0.03
2598,candidate_3,candidate_2,0,3,0.03
2599,candidate_3,candidate_2,candidate_1,3,0.03
2600,0,candidate_2,candidate_1,3,0.03
2601,candidate_3,candidate_2,candidate_1,3,0.03
2602,candidate_3,candidate_2,candidate_1,3,0.03
2603,candidate_3,candidate_2,candidate_1,3,0.03
2604,candidate_3,candidate_2,candidate_1,3,0.03
2605,candidate_3,candidate_2,candidate_1,3,0.03
2606,candidate_3,candidate_2,candidate_1,3,0.03
2607,candidate_3,candidate_2,candidate_1,3,0.03
2608,candidate_3,candidate_2,candidate_1,3,0.03
2609,candidate_3,candidate_2,candidate_1,3,0.03
2610,candidate_3,candidate_2,candidate_1,3,0.03
2611,candidate_3,candidate_2,candidate_1,3,0.03
2612,candidate_3,candidate_2,candidate_1,3,0.03
2613,candidate_3,candidate_2,candidate_1,3,0.03
2614,candidate_3,candidate_2,candidate_1,3,0.03
2615,candidate_3,candidate_2,candidate_1,3,0.03
2616,candidate_3,candidate_2,candidate_1,3,0.03
2617,candidate_3,candidate_2,candidate_1,3,0.03
2618,candidate_3,candidate_2,candidate_1,3,0.03
2619,candidate_3,candidate_2,candidate_1,3,0.03
2620,candidate_3,candidate_2,candidate_1,3,0.03
2621,candidate_3,candidate_2,candidate_1,3,0.03
2622,candidate_3,candidate_2,candidate_1,3,0.03
2623,candidate_3,candidate_2,candidate_1,3,0.03
2624,candidate_3,candidate_2,candidate_1,3,0.03
2625,candidate_3,candidate_2,candidate_1,3,0.03
2626,candidate_3,candidate_2,candidate_1,3,0.03
2627,candidate_3,candidate_2,candidate_1,3,0.03
2628,candidate_3,candidate_2,candidate_1,3,0.03
2629,candidate_3,candidate_2,candidate_1,3,0.03
2630,candidate_3,candidate_2,candidate_1,3,0.03
2631,candidate_3,candidate_2,candidate_1,3,0.03
2632,candidate_3,candidate_2,candidate_1,3,0.03
2633,candidate_3,candidate_2,candidate_1,3,0.03
2634,candidate_3,candidate_2,candidate_1,3,0.03
2635,candidate_3,candidate_2,candidate_1,3,0.03
2636,candidate_3,candidate_2,candidate_1,3,0.03
2637,candidate_3,candidate_2,candidate_1,3,0.03
2638,candidate_3,candidate_2,candidate_1,3,0.03
2639,candidate_3,candidate_2,candidate_1,3,0.03
2640,candidate_3,candidate_2,candidate_1,3,0.03
2641,candidate_3,candidate_2,candidate_1,3,0.03
2642,candidate_3,candidate_2,candidate_1,3,0.03
2643,candidate_3,candidate_2,candidate_1,3,0.03
2644,candidate_3,candidate_2,candidate_1,3,0.03
2645,candidate_3,candidate_2,candidate_1,3,0.03
2646,candidate_3,candidate_2,candidate_1,3,0.03
2647,candidate_3,candidate_2,candidate_1,3,0.03
2648,candidate_3,candidate_2,candidate_1,3,0.03
2649,candidate_3,candidate_2,candidate_1,3,0.03
2650,candidate_3,candidate_2,candidate_1,3,0.03
2651,candidate_3,candidate_2,0,3,0.03
2652,candidate_3,candidate_2,candidate_1,3,0.03
2653,candidate_3,candidate_2,candidate_1,3,0.03
2654,candidate_3,candidate_2,candidate_1,3,0.03
2655,candidate_3,candidate_2,candidate_1,3,0.03
2656,candidate_3,candidate_2,candidate_1,3,0.03
2657,candidate_3,candidate_2,candidate_1,3,0.03
2658,candidate_3,candidate_2,candidate_1,3,0.03
2659,candidate_3,0,candidate_1,3,0.03
2660,candidate_3,candidate_2,candidate_1,3,0.03
2661,candidate_3,candidate_2,candidate_1,3,0.03
2662,candidate_3,candidate_2,candidate_1,3,0.03
2663,candidate_3,candidate_2,candidate_1,3,0.03
2664,candidate_3,candidate_2,candidate_1,3,0.03
2665,candidate_3,candidate_2,candidate_1,3,0.03
2666,candidate_3,candidate_2,candidate_1,3,0.03
2667,candidate_3,candidate_2,candidate_1,3,0.03
2668,candidate_3,candidate_2,candidate_1,3,0.03
2669,candidate_3,candidate_2,candidate_1,3,0.03
2670,candidate_3,candidate_2,candidate_1,3,0.03
2671,candidate_3,candidate_2,candidate_1,3,0.03
2672,candidate_3,candidate_2,candidate_1,3,0.03
2673,candidate_3,candidate_2,candidate_1,3,0.03
2674,candidate_3,candidate_2,candidate_1,3,0.03
2675,candidate_3,candidate_2,candidate_1,3,0.03
2676,candidate_3,candidate_2,candidate_1,3,0.03
2677,candidate_3,candidate_2,candidate_1,3,0.03
2678,candidate_3,candidate_2,candidate_1,3,0.03
2679,candidate_3,0,candidate_1,3,0.03
2680,candidate_3,candidate_2,candidate_1,3,0.03
2681,candidate_3,candidate_2,candidate_1,3,0.03
2682,candidate_3,candidate_2,candidate_1,3,0.03
2683,candidate_3,candidate_2,candidate_1,3,0.03
2684,candidate_3,candidate_2,candidate_1,3,0.03
2685,candidate_3,candidate_2,candidate_1,3,0.03
2686,candidate_3,candidate_2,candidate_1,3,0.03
2687,candidate_3,candidate_2,candidate_1,3,0.03
2688,candidate_3,candidate_2,candidate_1,3,0.03
2689,candidate_3,candidate_2,candidate_1,3,0.03
2690,candidate_3,candidate_2,candidate_1,3,0.03
2691,candidate_3,candidate_2,candidate_1,3,0.03
2692,candidate_3,candidate_2,candidate_1,3,0.03
2693,candidate_3,candidate_2,candidate_1,3,0.03
2694,candidate_3,candidate_2,candidate_1,3,0.03
2695,candidate_3,0,candidate_1,3,0.03
2696,candidate_3,candidate_2,candidate_1,3,0.03
2697,candidate_3,candidate_2,candidate_1,3,0.03
2698,candidate_3,candidate_2,candidate_1,3,0.03
2699,candidate_3,candidate_2,candidate_1,3,0.03
2700,candidate_3,candidate_2,candidate_1,3,0.03
2701,candidate_3,candidate_2,candidate_1,3,0.03
2702,0,candidate_2,0,3,0.03
2703,candidate_3,candidate_2,candidate_1,3,0.03
2704,candidate_3,candidate_2,candidate_1,3,0.03
2705,candidate_3,candidate_2,candidate_1,3,0.03
2706,candidate_3,candidate_2,candidate_1,3,0.03
2707,candidate_3,candidate_2,candidate_1,3,0.03
2708,candidate_3,candidate_2,candidate_1,3,0.03
2709,candidate_3,candidate_2,candidate_1,3,0.03
2710,candidate_3,candidate_2,candidate_1,3,0.03
2711,candidate_3,candidate_2,candidate_1,3,0.03
2712,candidate_3,candidate_2,candidate_1,3,0.03
2713,candidate_3,candidate_2,candidate_1,3,0.03
2714,candidate_3,candidate_2,candidate_1,3,0.03
2715,candidate_3,candidate_2,candidate_1,3,0.03
2716,candidate_3,candidate_2,candidate_1,3,0.03
2717,candidate_3,candidate_2,candidate_1,3,0.03
2718,candidate_3,candidate_2,candidate_1,3,0.03
2719,candidate_3,candidate_2,candidate_1,3,0.03
2720,candidate_3,candidate_2,candidate_1,3,0.03
2721,candidate_3,candidate_2,candidate_1,3,0.03
2722,candidate_3,candidate_2,candidate_1,3,0.03
2723,candidate_3,candidate_2,candidate_1,3,0.03
2724,candidate_3,candidate_2,candidate_1,3,0.03
2725,candidate_3,candidate_2,candidate_1,3,0.03
2726,candidate_3,candidate_2,candidate_1,3,0.03
2727,candidate_3,candidate_2,candidate_1,3,0.03
2728,candidate_3,candidate_2,candidate_1,3,0.03
2729,candidate_3,candidate_2,candidate_1,3,0.03
2730,candidate_3,candidate_2,candidate_1,3,0.03
2731,candidate_3,candidate_2,candidate_1,3,0.03
2732,candidate_3,candidate_2,candidate_1,3,0.03
2733,candidate_3,candidate_2,candidate_1,3,0.03
2734,candidate_3,candidate_2,candidate_1,3,0.03
2735,candidate_3,candidate_2,candidate_1,3,0.03
2736,candidate_3,candidate_2,candidate_1,3,0.03
2737,candidate_3,candidate_2,candidate_1,3,0.03
2738,candidate_3,candidate_2,candidate_1,3,0.03
2739,candidate_3,candidate_2,candidate_1,3,0.03
2740,candidate_3,candidate_2,candidate_1,3,0.03
2741,candidate_3,candidate_2,candidate_1,3,0.03
2742,candidate_3,candidate_2,candidate_1,3,0.03
2743,candidate_3,candidate_2,candidate_1,3,0.03
2744,candidate_3,candidate_2,candidate_1,3,0.03
2745,candidate_3,candidate_2,candidate_1,3,0.03
2746,candidate_3,candidate_2,candidate_1,3,0.03
2747,candidate_3,candidate_2,candidate_1,3,0.03
2748,candidate_3,candidate_2,candidate_1,3,0.03
2749,candidate_3,candidate_2,candidate_1,3,0.03
2750,candidate_3,candidate_2,candidate_1,3,0.03
2751,candidate_3,candidate_2,candidate_1,3,0.03
2752,candidate_3,candidate_2,candidate_1,3,0.03
2753,candidate_3,candidate_2,candidate_1,3,0.03
2754,candidate_3,candidate_2,candidate_1,3,0.03
2755,candidate_3,candidate_2,candidate_1,3,0.03
2756,candidate_3,candidate_2,candidate_1,3,0.03
2757,candidate_3,candidate_2,candidate_1,3,0.03
2758,candidate_3,candidate_2,candidate_1,3,0.03
2759,candidate_3,candidate_2,candidate_1,3,0.03
2760,candidate_3,candidate_2,candidate_1,3,0.03
2761,candidate_3,candidate_2,candidate_1,3,0.03
2762,candidate_3,candidate_2,candidate_1,3,0.03
2763,candidate_3,candidate_2,0,3,0.03
2764,candidate_3,candidate_2,candidate_1,3,0.03
2765,candidate_3,candidate_2,candidate_1,3,0.03
2766,candidate_3,candidate_2,candidate_1,3,0.03
2767,candidate_3,candidate_2,candidate_1,3,0.03
2768,candidate_3,candidate_2,candidate_1,3,0.03
2769,candidate_3,candidate_2,candidate_1,3,0.03
2770,candidate_3,candidate_2,candidate_1,3,0.03
2771,candidate_3,candidate_2,candidate_1,3,0.03
2772,candidate_3,0,candidate_1,3,0.03
2773,candidate_3,candidate_2,candidate_1,3,0.03
2774,candidate_3,candidate_2,candidate_1,3,0.03
2775,candidate_3,candidate_2,candidate_1,3,0.03
2776,candidate_3,candidate_2,candidate_1,3,0.03
2777,candidate_3,candidate_2,candidate_1,3,0.03
2778,candidate_3,candidate_2,candidate_1,3,0.03
2779,candidate_3,candidate_2,candidate_1,3,0.03
2780,candidate_3,candidate_2,candidate_1,3,0.03
2781,candidate_3,candidate_2,candidate_1,3,0.03
2782,candidate_3,candidate_2,candidate_1,3,0.03
2783,candidate_3,candidate_2,candidate_1,3,0.03
2784,candidate_3,candidate_2,candidate_1,3,0.03
2785,candidate_3,candidate_2,candidate_1,3,0.03
2786,candidate_3,candidate_2,candidate_1,3,0.03
2787,candidate_3,candidate_2,candidate_1,3,0.03
2788,candidate_3,candidate_2,candidate_1,3,0.03
2789,candidate_3,candidate_2,candidate_1,3,0.03
2790,candidate_3,candidate_2,candidate_1,3,0.03
2791,candidate_3,candidate_2,candidate_1,3,0.03
2792,candidate_3,candidate_2,candidate_1,3,0.03
2793,candidate_3,candidate_2,0,3,0.03
2794,candidate_3,candidate_2,candidate_1,3,0.03
2795,candidate_3,candidate_2,candidate_1,3,0.03
2796,candidate_3,candidate_2,candidate_1,3,0.03
2797,candidate_3,candidate_2,candidate_1,3,0.03
2798,candidate_3,candidate_2,candidate_1,3,0.03
2799,candidate_3,candidate_2,candidate_1,3,0.03
2800,candidate_3,candidate_2,candidate_1,3,0.03
2801,candidate_3,candidate_2,candidate_1,3,0.03
2802,candidate_3,candidate_2,candidate_1,3,0.03
2803,candidate_3,candidate_2,candidate_1,3,0.03
2804,0,candidate_2,candidate_1,3,0.03
2805,candidate_3,candidate_2,candidate_1,3,0.03
2806,candidate_3,candidate_2,candidate_1,3,0.03
2807,candidate_3,candidate_2,candidate_1,3,0.03
2808,candidate_3,candidate_2,candidate_1,3,0.03
2809,candidate_3,candidate_2,candidate_1,3,0.03
2810,candidate_3,candidate_2,candidate_1,3,0.03
2811,candidate_3,candidate_2,candidate_1,3,0.03
2812,candidate_3,candidate_2,candidate_1,3,0.03
2813,candidate_3,candidate_2,candidate_1,3,0.03
2814,candidate_3,candidate_2,candidate_1,3,0.03
2815,candidate_3,candidate_2,0,3,0.03
2816,candidate_3,candidate_2,0,3,0.03
2817,candidate_3,candidate_2,candidate_1,3,0.03
2818,candidate_3,candidate_2,candidate_1,3,0.03
2819,candidate_3,candidate_2,candidate_1,3,0.03
2820,candidate_3,candidate_2,candidate_1,3,0.03
2821,candidate_3,candidate_2,candidate_1,3,0.03
2822,candidate_3,candidate_2,candidate_1,3,0.03
2823,candidate_3,candidate_2,candidate_1,3,0.03
2824,candidate_3,candidate_2,candidate_1,3,0.03
2825,candidate_3,candidate_2,candidate_1,3,0.03
2826,candidate_3,0,candidate_1,3,0.03
2827,candidate_3,candidate_2,candidate_1,3,0.03
2828,candidate_3,candidate_2,candidate_1,3,0.03
2829,candidate_3,candidate_2,candidate_1,3,0.03
2830,candidate_3,candidate_2,candidate_1,3,0.03
2831,candidate_3,candidate_2,candidate_1,3,0.03
2832,candidate_3,candidate_2,candidate_1,3,0.03
2833,candidate_3,candidate_2,candidate_1,3,0.03
2834,candidate_3,candidate_2,candidate_1,3,0.03
2835,candidate_3,candidate_2,candidate_1,3,0.03
2836,candidate_3,candidate_2,candidate_1,3,0.03
2837,candidate_3,candidate_2,candidate_1,3,0.03
2838,candidate_3,candidate_2,candidate_1,3,0.03
2839,candidate_3,candidate_2,candidate_1,3,0.03
2840,candidate_3,0,candidate_1,3,0.03
2841,candidate_3,candidate_2,candidate_1,3,0.03
2842,candidate_3,candidate_2,candidate_1,3,0.03
2843,candidate_3,candidate_2,candidate_1,3,0.03
2844,candidate_3,candidate_2,candidate_1,3,0.03
2845,candidate_3,candidate_2,candidate_1,3,0.03
2846,candidate_3,0,candidate_1,3,0.03
2847,candidate_3,candidate_2,candidate_1,3,0.03
2848,candidate_3,candidate_2,candidate_1,3,0.03
2849,candidate_3,candidate_2,candidate_1,3,0.03
2850,candidate_3,candidate_2,candidate_1,3,0.03
2851,candidate_3,candidate_2,candidate_1,3,0.03
2852,candidate_3,candidate_2,candidate_1,3,0.03
2853,candidate_3,0,candidate_1,3,0.03
2854,0,candidate_2,candidate_1,3,0.03
2855,0,0,candidate_1,3,0.03
2856,candidate_3,candidate_2,candidate_1,3,0.03
2857,candidate_3,candidate_2,candidate_1,3,0.03
2858,candidate_3,candidate_2,candidate_1,3,0.03
2859,candidate_3,candidate_2,candidate_1,3,0.03
2860,candidate_3,candidate_2,candidate_1,3,0.03
2861,candidate_3,candidate_2,candidate_1,3,0.03
2862,candidate_3,candidate_2,candidate_1,3,0.03
2863,candidate_3,candidate_2,candidate_1,3,0.03
2864,candidate_3,candidate_2,candidate_1,3,0.03
2865,candidate_3,candidate_2,candidate_1,3,0.03
2866,candidate_3,candidate_2,candidate_1,3,0.03
2867,candidate_3,candidate_2,candidate_1,3,0.03
2868,candidate_3,candidate_2,0,3,0.03
2869,candidate_3,0,candidate_1,3,0.03
2870,candidate_3,candidate_2,candidate_1,3,0.03
2871,candidate_3,candidate_2,candidate_1,3,0.03
2872,candidate_3,candidate_2,candidate_1,3,0.03
2873,candidate_3,candidate_2,candidate_1,3,0.03
2874,candidate_3,candidate_2,candidate_1,3,0.03
2875,candidate_3,candidate_2,candidate_1,3,0.03
2876,candidate_3,candidate_2,candidate_1,3,0.03
2877,candidate_3,candidate_2,candidate_1,3,0.03
2878,candidate_3,candidate_2,candidate_1,3,0.03
2879,candidate_3,candidate_2,candidate_1,3,0.03
2880,candidate_3,candidate_2,candidate_1,3,0.03
2881,candidate_3,candidate_2,candidate_1,3,0.03
2882,candidate_3,candidate_2,candidate_1,3,0.03
2883,candidate_3,candidate_2,candidate_1,3,0.03
2884,candidate_3,candidate_2,candidate_1,3,0.03
2885,candidate_3,candidate_2,0,3,0.03
2886,candidate_3,candidate_2,candidate_1,3,0.03
2887,candidate_3,candidate_2,candidate_1,3,0.03
2888,candidate_3,candidate_2,candidate_1,3,0.03
2889,candidate_3,candidate_2,candidate_1,3,0.03
2890,candidate_3,candidate_2,candidate_1,3,0.03
2891,candidate_3,candidate_2,candidate_1,3,0.03
2892,candidate_3,candidate_2,candidate_1,3,0.03
2893,candidate_3,candidate_2,candidate_1,3,0.03
2894,candidate_3,candidate_2,candidate_1,3,0.03
2895,candidate_3,candidate_2,candidate_1,3,0.03
2896,candidate_3,candidate_2,candidate_1,3,0.03
2897,candidate_3,candidate_2,candidate_1,3,0.03
2898,candidate_3,candidate_2,candidate_1,3,0.03
2899,candidate_3,candidate_2,candidate_1,3,0.03
2900,candidate_3,candidate_2,candidate_1,3,0.03
2901,candidate_3,candidate_2,candidate_1,3,0.03
2902,candidate_3,candidate_2,candidate_1,3,0.03
2903,candidate_3,candidate_2,candidate_1,3,0.03
2904,candidate_3,0,candidate_1,3,0.03
2905,candidate_3,candidate_2,candidate_1,3,0.03
2906,candidate_3,candidate_2,candidate_1,3,0.03
2907,candidate_3,candidate_2,0,3,0.03
2908,candidate_3,candidate_2,candidate_1,3,0.03
2909,candidate_3,candidate_2,candidate_1,3,0.03
2910,candidate_3,candidate_2,candidate_1,3,0.03
2911,candidate_3,candidate_2,candidate_1,3,0.03
2912,candidate_3,candidate_2,candidate_1,3,0.03
2913,candidate_3,candidate_2,candidate_1,3,0.03
2914,candidate_3,candidate_2,candidate_1,3,0.03
2915,candidate_3,candidate_2,candidate_1,3,0.03
2916,candidate_3,candidate_2,candidate_1,3,0.03
2917,candidate_3,candidate_2,candidate_1,3,0.03
2918,candidate_3,candidate_2,candidate_1,3,0.03
2919,candidate_3,candidate_2,candidate_1,3,0.03
2920,candidate_3,candidate_2,candidate_1,3,0.03
2921,candidate_3,candidate_2,candidate_1,3,0.03
2922,candidate_3,candidate_2,candidate_1,3,0.03
2923,candidate_3,candidate_2,candidate_1,3,0.03
2924,candidate_3,candidate_2,candidate_1,3,0.03
2925,candidate_3,candidate_2,candidate_1,3,0.03
2926,candidate_3,candidate_2,candidate_1,3,0.03
2927,candidate_3,candidate_2,candidate_1,3,0.03
2928,candidate_3,candidate_2,candidate_1,3,0.03
2929,candidate_3,candidate_2,candidate_1,3,0.03
2930,candidate_3,candidate_2,candidate_1,3,0.03
2931,candidate_3,candidate_2,candidate_1,3,0.03
2932,candidate_3,candidate_2,candidate_1,3,0.03
2933,candidate_3,candidate_2,candidate_1,3,0.03
2934,candidate_3,candidate_2,candidate_1,3,0.03
2935,candidate_3,candidate_2,candidate_1,3,0.03
2936,candidate_3,candidate_2,candidate_1,3,0.03
2937,candidate_3,candidate_2,candidate_1,3,0.03
2938,candidate_3,candidate_2,candidate_1,3,0.03
2939,candidate_3,candidate_2,candidate_1,3,0.03
2940,candidate_3,candidate_2,candidate_1,3,0.03
2941,candidate_3,candidate_2,candidate_1,3,0.03
2942,candidate_3,candidate_2,candidate_1,3,0.03
2943,candidate_3,candidate_2,candidate_1,3,0.03
2944,candidate_3,candidate_2,candidate_1,3,0.03
2945,candidate_3,candidate_2,0,3,0.03
2946,candidate_3,candidate_2,candidate_1,3,0.03
2947,candidate_3,0,candidate_1,3,0.03
2948,candidate_3,candidate_2,candidate_1,3,0.03
2949,candidate_3,candidate_2,candidate_1,3,0.03
2950,candidate_3,candidate_2,candidate_1,3,0.03
2951,candidate_3,0,0,3,0.03
2952,candidate_3,candidate_2,0,3,0.03
2953,candidate_3,candidate_2,candidate_1,3,0.03
2954,candidate_3,candidate_2,candidate_1,3,0.03
2955,candidate_3,candidate_2,candidate_1,3,0.03
2956,candidate_3,candidate_2,candidate_1,3,0.03
2957,candidate_3,candidate_2,candidate_1,3,0.03
2958,candidate_3,candidate_2,candidate_1,3,0.03
2959,candidate_3,candidate_2,candidate_1,3,0.03
2960,candidate_3,candidate_2,candidate_1,3,0.03
2961,candidate_3,candidate_2,candidate_1,3,0.03
2962,candidate_3,candidate_2,candidate_1,3,0.03
2963,candidate_3,candidate_2,candidate_1,3,0.03
2964,candidate_3,candidate_2,candidate_1,3,0.03
2965,candidate_3,0,candidate_1,3,0.03
2966,candidate_3,candidate_2,candidate_1,3,0.03
2967,candidate_3,candidate_2,candidate_1,3,0.03
2968,candidate_3,candidate_2,candidate_1,3,0.03
2969,candidate_3,candidate_2,candidate_1,3,0.03
2970,candidate_3,candidate_2,candidate_1,3,0.03
2971,candidate_3,candidate_2,candidate_1,3,0.03
2972,candidate_3,candidate_2,candidate_1,3,0.03
2973,candidate_3,candidate_2,candidate_1,3,0.03
2974,candidate_3,candidate_2,candidate_1,3,0.03
2975,candidate_3,candidate_2,candidate_1,3,0.03
2976,candidate_3,candidate_2,candidate_1,3,0.03
2977,candidate_3,candidate_2,candidate_1,3,0.03
2978,candidate_3,candidate_2,candidate_1,3,0.03
2979,candidate_3,candidate_2,candidate_1,3,0.03
2980,candidate_3,candidate_2,candidate_1,3,0.03
2981,candidate_3,candidate_2,candidate_1,3,0.03
2982,candidate_3,candidate_2,candidate_1,3,0.03
2983,candidate_3,candidate_2,candidate_1,3,0.03
2984,candidate_3,candidate_2,candidate_1,3,0.03
2985,candidate_3,candidate_2,candidate_1,3,0.03
2986,candidate_3,candidate_2,candidate_1,3,0.03
2987,candidate_3,candidate_2,candidate_1,3,0.03
2988,candidate_3,candidate_2,candidate_1,3,0.03
2989,candidate_3,0,candidate_1,3,0.03
2990,0,candidate_2,candidate_1,3,0.03
2991,candidate_3,candidate_2,candidate_1,3,0.03
2992,candidate_3,candidate_2,candidate_1,3,0.03
2993,candidate_3,candidate_2,candidate_1,3,0.03
2994,candidate_3,candidate_2,candidate_1,3,0.03
2995,candidate_3,0,candidate_1,3,0.03
2996,candidate_3,candidate_2,candidate_1,3,0.03
2997,candidate_3,candidate_2,candidate_1,3,0.03
2998,candidate_3,candidate_2,candidate_1,3,0.03
2999,candidate_3,candidate_2,candidate_1,3,0.03
3000,candidate_3,candidate_2,candidate_1,3,0.03
3001,candidate_3,candidate_2,candidate_1,3,0.03
3002,candidate_3,candidate_2,candidate_1,3,0.03
3003,candidate_3,candidate_2,0,3,0.03
3004,candidate_3,candidate_2,candidate_1,3,0.03
3005,candidate_3,candidate_2,candidate_1,3,0.03
3006,candidate_3,candidate_2,candidate_1,3,0.03
3007,candidate_3,candidate_2,candidate_1,3,0.03
3008,candidate_3,candidate_2,candidate_1,3,0.03
3009,candidate_3,candidate_2,candidate_1,3,0.03
3010,candidate_3,candidate_2,candidate_1,3,0.03
3011,candidate_3,candidate_2,candidate_1,3,0.03
3012,0,candidate_2,candidate_1,3,0.03
3013,candidate_3,candidate_2,candidate_1,3,0.03
3014,candidate_3,candidate_2,candidate_1,3,0.03
3015,candidate_3,0,candidate_1,3,0.03
3016,candidate_3,candidate_2,candidate_1,3,0.03
3017,candidate_3,candidate_2,candidate_1,3,0.03
3018,candidate_3,candidate_2,candidate_1,3,0.03
3019,candidate_3,candidate_2,candidate_1,3,0.03
3020,candidate_3,candidate_2,candidate_1,3,0.03
3021,candidate_3,candidate_2,candidate_1,3,0.03
3022,candidate_3,candidate_2,candidate_1,3,0.03
3023,candidate_3,candidate_2,candidate_1,3,0.03
3024,0,candidate_2,candidate_1,3,0.03
3025,candidate_3,candidate_2,candidate_1,3,0.03
3026,candidate_3,candidate_2,candidate_1,3,0.03
3027,candidate_3,candidate_2,candidate_1,3,0.03
3028,candidate_3,candidate_2,candidate_1,3,0.03
3029,candidate_3,candidate_2,candidate_1,3,0.03
3030,candidate_3,candidate_2,candidate_1,3,0.03
3031,candidate_3,candidate_2,candidate_1,3,0.03
3032,candidate_3,candidate_2,candidate_1,3,0.03
3033,candidate_3,candidate_2,candidate_1,3,0.03
3034,candidate_3,0,candidate_1,3,0.03
3035,candidate_3,candidate_2,candidate_1,3,0.03
3036,candidate_3,candidate_2,candidate_1,3,0.03
3037,candidate_3,candidate_2,candidate_1,3,0.03
3038,candidate_3,candidate_2,candidate_1,3,0.03
3039,candidate_3,candidate_2,candidate_1,3,0.03
3040,candidate_3,candidate_2,candidate_1,3,0.03
3041,candidate_3,candidate_2,candidate_1,3,0.03
3042,candidate_3,candidate_2,candidate_1,3,0.03
3043,candidate_3,candidate_2,candidate_1,3,0.03
3044,candidate_3,candidate_2,candidate_1,3,0.03
3045,candidate_3,candidate_2,candidate_1,3,0.03
3046,candidate_3,candidate_2,candidate_1,3,0.03
3047,candidate_3,candidate_2,candidate_1,3,0.03
3048,candidate_3,candidate_2,candidate_1,3,0.03
3049,candidate_3,candidate_2,candidate_1,3,0.03
3050,candidate_3,candidate_2,candidate_1,3,0.03
3051,candidate_3,candidate_2,candidate_1,3,0.03
3052,candidate_3,candidate_2,candidate_1,3,0.03
3053,candidate_3,candidate_2,candidate_1,3,0.03
3054,0,candidate_2,candidate_1,3,0.03
3055,candidate_3,candidate_2,candidate_1,3,0.03
3056,candidate_3,candidate_2,candidate_1,3,0.03
3057,candidate_3,candidate_2,candidate_1,3,0.03
3058,candidate_3,candidate_2,candidate_1,3,0.03
3059,candidate_3,candidate_2,candidate_1,3,0.03
3060,candidate_3,candidate_2,candidate_1,3,0.03
3061,candidate_3,candidate_2,candidate_1,3,0.03
3062,candidate_3,candidate_2,candidate_1,3,0.03
3063,candidate_3,candidate_2,candidate_1,3,0.03
3064,candidate_3,candidate_2,candidate_1,3,0.03
3065,candidate_3,candidate_2,candidate_1,3,0.03
3066,candidate_3,candidate_2,candidate_1,3,0.03
3067,candidate_3,candidate_2,candidate_1,3,0.03
3068,candidate_3,candidate_2,candidate_1,3,0.03
3069,candidate_3,candidate_2,0,3,0.03
3070,candidate_3,candidate_2,candidate_1,3,0.03
3071,candidate_3,candidate_2,candidate_1,3,0.03
3072,candidate_3,candidate_2,candidate_1,3,0.03
3073,candidate_3,candidate_2,candidate_1,3,0.03
3074,candidate_3,candidate_2,candidate_1,3,0.03
3075,candidate_3,candidate_2,candidate_1,3,0.03
3076,candidate_3,candidate_2,candidate_1,3,0.03
3077,candidate_3,candidate_2,candidate_1,3,0.03
3078,candidate_3,candidate_2,candidate_1,3,0.03
3079,candidate_3,candidate_2,candidate_1,3,0.03
3080,candidate_3,candidate_2,candidate_1,3,0.03
3081,candidate_3,candidate_2,candidate_1,3,0.03
3082,candidate_3,candidate_2,candidate_1,3,0.03
3083,candidate_3,candidate_2,candidate_1,3,0.03
3084,candidate_3,candidate_2,candidate_1,3,0.03
3085,candidate_3,candidate_2,candidate_1,3,0.03
3086,candidate_3,candidate_2,candidate_1,3,0.03
3087,candidate_3,candidate_2,candidate_1,3,0.03
3088,candidate_3,candidate_2,candidate_1,3,0.03
3089,candidate_3,candidate_2,0,3,0.03
3090,candidate_3,candidate_2,candidate_1,3,0.03
3091,candidate_3,candidate_2,candidate_1,3,0.03
3092,candidate_3,candidate_2,candidate_1,3,0.03
3093,candidate_3,candidate_2,candidate_1,3,0.03
3094,candidate_3,candidate_2,candidate_1,3,0.03
3095,candidate_3,candidate_2,candidate_1,3,0.03
3096,candidate_3,candidate_2,candidate_1,3,0.03
3097,candidate_3,0,candidate_1,3,0.03
3098,candidate_3,candidate_2,candidate_1,3,0.03
3099,candidate_3,candidate_2,candidate_1,3,0.03
3100,candidate_3,candidate_2,candidate_1,3,0.03
3101,candidate_3,candidate_2,candidate_1,3,0.03
3102,candidate_3,candidate_2,candidate_1,3,0.03
3103,0,candidate_2,candidate_1,3,0.03
3104,candidate_3,candidate_2,candidate_1,3,0.03
3105,candidate_3,candidate_2,candidate_1,3,0.03
3106,candidate_3,0,candidate_1,3,0.03
3107,candidate_3,candidate_2,candidate_1,3,0.03
3108,candidate_3,candidate_2,candidate_1,3,0.03
3109,candidate_3,candidate_2,candidate_1,3,0.03
3110,candidate_3,candidate_2,candidate_1,3,0.03
3111,0,candidate_2,candidate_1,3,0.03
3112,candidate_3,candidate_2,candidate_1,3,0.03
3113,candidate_3,candidate_2,candidate_1,3,0.03
3114,candidate_3,candidate_2,candidate_1,3,0.03
3115,candidate_3,candidate_2,candidate_1,3,0.03
3116,candidate_3,candidate_2,candidate_1,3,0.03
3117,candidate_3,candidate_2,candidate_1,3,0.03
3118,candidate_3,candidate_2,candidate_1,3,0.03
3119,candidate_3,candidate_2,candidate_1,3,0.03
3120,candidate_3,candidate_2,candidate_1,3,0.03
3121,candidate_3,candidate_2,candidate_1,3,0.03
3122,candidate_3,candidate_2,candidate_1,3,0.03
3123,candidate_3,candidate_2,candidate_1,3,0.03
3124,candidate_3,candidate_2,candidate_1,3,0.03
3125,candidate_3,candidate_2,candidate_1,3,0.03
3126,candidate_3,candidate_2,candidate_1,3,0.03
3127,candidate_3,0,candidate_1,3,0.03
3128,candidate_3,0,candidate_1,3,0.03
3129,candidate_3,candidate_2,candidate_1,3,0.03
3130,candidate_3,candidate_2,candidate_1,3,0.03
3131,candidate_3,candidate_2,candidate_1,3,0.03
3132,candidate_3,candidate_2,candidate_1,3,0.03
3133,candidate_3,candidate_2,candidate_1,3,0.03
3134,candidate_3,candidate_2,candidate_1,3,0.03
3135,candidate_3,candidate_2,candidate_1,3,0.03
3136,candidate_3,candidate_2,candidate_1,3,0.03
3137,candidate_3,candidate_2,candidate_1,3,0.03
3138,candidate_3,candidate_2,candidate_1,3,0.03
3139,candidate_3,candidate_2,candidate_1,3,0.03
3140,0,candidate_2,candidate_1,3,0.03
3141,candidate_3,candidate_2,candidate_1,3,0.03
3142,candidate_3,candidate_2,candidate_1,3,0.03
3143,candidate_3,candidate_2,candidate_1,3,0.03
3144,candidate_3,candidate_2,candidate_1,3,0.03
3145,candidate_3,candidate_2,candidate_1,3,0.03
3146,candidate_3,candidate_2,0,3,0.03
3147,candidate_3,candidate_2,candidate_1,3,0.03
3148,candidate_3,candidate_2,candidate_1,3,0.03
3149,candidate_3,candidate_2,candidate_1,3,0.03
3150,candidate_3,candidate_2,candidate_1,3,0.03
3151,candidate_3,candidate_2,candidate_1,3,0.03
3152,candidate_3,candidate_2,candidate_1,3,0.03
3153,candidate_3,candidate_2,candidate_1,3,0.03
3154,candidate_3,candidate_2,candidate_1,3,0.03
3155,candidate_3,candidate_2,candidate_1,3,0.03
3156,candidate_3,candidate_2,candidate_1,3,0.03
3157,candidate_3,candidate_2,candidate_1,3,0.03
3158,candidate_3,candidate_2,candidate_1,3,0.03
3159,candidate_3,candidate_2,candidate_1,3,0.03
3160,candidate_3,candidate_2,candidate_1,3,0.03
3161,candidate_3,candidate_2,candidate_1,3,0.03
3162,candidate_3,candidate_2,candidate_1,3,0.03
3163,candidate_3,candidate_2,candidate_1,3,0.03
3164,candidate_3,candidate_2,candidate_1,3,0.03
3165,candidate_3,candidate_2,candidate_1,3,0.03
3166,candidate_3,candidate_2,candidate_1,3,0.03
3167,candidate_3,candidate_2,candidate_1,3,0.03
3168,candidate_3,candidate_2,candidate_1,3,0.03
3169,candidate_3,candidate_2,candidate_1,3,0.03
3170,candidate_3,candidate_2,candidate_1,3,0.03
3171,candidate_3,candidate_2,candidate_1,3,0.03
3172,candidate_3,candidate_2,candidate_1,3,0.03
3173,candidate_3,candidate_2,candidate_1,3,0.03
3174,candidate_3,candidate_2,candidate_1,3,0.03
3175,candidate_3,candidate_2,candidate_1,3,0.03
3176,candidate_3,candidate_2,candidate_1,3,0.03
3177,candidate_3,candidate_2,0,3,0.03
3178,candidate_3,candidate_2,candidate_1,3,0.03
3179,candidate_3,candidate_2,candidate_1,3,0.03
3180,candidate_3,candidate_2,candidate_1,3,0.03
3181,candidate_3,candidate_2,candidate_1,3,0.03
3182,candidate_3,candidate_2,candidate_1,3,0.03
3183,candidate_3,candidate_2,candidate_1,3,0.03
3184,candidate_3,candidate_2,0,3,0.03
3185,candidate_3,candidate_2,candidate_1,3,0.03
3186,candidate_3,candidate_2,candidate_1,3,0.03
3187,candidate_3,candidate_2,candidate_1,3,0.03
3188,candidate_3,candidate_2,candidate_1,3,0.03
3189,candidate_3,candidate_2,candidate_1,3,0.03
3190,candidate_3,candidate_2,candidate_1,3,0.03
3191,candidate_3,candidate_2,candidate_1,3,0.03
3192,candidate_3,candidate_2,candidate_1,3,0.03
3193,candidate_3,candidate_2,candidate_1,3,0.03
3194,candidate_3,candidate_2,candidate_1,3,0.03
3195,candidate_3,candidate_2,candidate_1,3,0.03
3196,candidate_3,candidate_2,candidate_1,3,0.03
3197,candidate_3,candidate_2,candidate_1,3,0.03
3198,candidate_3,candidate_2,candidate_1,3,0.03
3199,candidate_3,candidate_2,candidate_1,3,0.03
3200,candidate_3,candidate_2,candidate_1,3,0.03
3201,candidate_3,candidate_2,candidate_1,3,0.03
3202,candidate_3,candidate_2,candidate_1,3,0.03
3203,candidate_3,candidate_2,candidate_1,3,0.03
3204,candidate_3,candidate_2,candidate_1,3,0.03
3205,candidate_3,candidate_2,candidate_1,3,0.03
3206,candidate_3,candidate_2,candidate_1,3,0.03
3207,candidate_3,candidate_2,candidate_1,3,0.03
3208,candidate_3,candidate_2,candidate_1,3,0.03
3209,candidate_3,candidate_2,candidate_1,3,0.03
3210,candidate_3,candidate_2,candidate_1,3,0.03
3211,candidate_3,candidate_2,candidate_1,3,0.03
3212,candidate_3,candidate_2,candidate_1,3,0.03
3213,candidate_3,candidate_2,candidate_1,3,0.03
3214,candidate_3,candidate_2,candidate_1,3,0.03
3215,candidate_3,candidate_2,candidate_1,3,0.03
3216,candidate_3,candidate_2,candidate_1,3,0.03
3217,candidate_3,candidate_2,candidate_1,3,0.03
3218,candidate_3,candidate_2,candidate_1,3,0.03
3219,candidate_3,candidate_2,candidate_1,3,0.03
3220,candidate_3,candidate_2,candidate_1,3,0.03
3221,candidate_3,candidate_2,candidate_1,3,0.03
3222,candidate_3,candidate_2,candidate_1,3,0.03
3223,candidate_3,candidate_2,candidate_1,3,0.03
3224,candidate_3,candidate_2,candidate_1,3,0.03
3225,candidate_3,candidate_2,candidate_1,3,0.03
3226,candidate_3,candidate_2,candidate_1,3,0.03
3227,candidate_3,candidate_2,candidate_1,3,0.03
3228,candidate_3,candidate_2,candidate_1,3,0.03
3229,candidate_3,candidate_2,0,3,0.03
3230,candidate_3,0,candidate_1,3,0.03
3231,candidate_3,candidate_2,candidate_1,3,0.03
3232,candidate_3,candidate_2,candidate_1,3,0.03
3233,candidate_3,candidate_2,candidate_1,3,0.03
3234,candidate_3,candidate_2,candidate_1,3,0.03
3235,candidate_3,candidate_2,candidate_1,3,0.03
3236,0,candidate_2,candidate_1,3,0.03
3237,candidate_3,candidate_2,candidate_1,3,0.03
3238,candidate_3,candidate_2,candidate_1,3,0.03
3239,candidate_3,candidate_2,candidate_1,3,0.03
3240,candidate_3,candidate_2,candidate_1,3,0.03
3241,candidate_3,candidate_2,candidate_1,3,0.03
3242,candidate_3,candidate_2,candidate_1,3,0.03
3243,candidate_3,candidate_2,candidate_1,3,0.03
3244,candidate_3,candidate_2,candidate_1,3,0.03
3245,candidate_3,candidate_2,candidate_1,3,0.03
3246,candidate_3,candidate_2,candidate_1,3,0.03
3247,candidate_3,candidate_2,candidate_1,3,0.03
3248,candidate_3,candidate_2,candidate_1,3,0.03
3249,candidate_3,candidate_2,candidate_1,3,0.03
3250,candidate_3,candidate_2,candidate_1,3,0.03
3251,candidate_3,candidate_2,candidate_1,3,0.03
3252,candidate_3,candidate_2,candidate_1,3,0.03
3253,candidate_3,candidate_2,candidate_1,3,0.03
3254,candidate_3,candidate_2,candidate_1,3,0.03
3255,candidate_3,candidate_2,candidate_1,3,0.03
3256,candidate_3,candidate_2,candidate_1,3,0.03
3257,candidate_3,candidate_2,candidate_1,3,0.03
3258,candidate_3,candidate_2,candidate_1,3,0.03
3259,candidate_3,candidate_2,candidate_1,3,0.03
3260,candidate_3,candidate_2,candidate_1,3,0.03
3261,candidate_3,candidate_2,candidate_1,3,0.03
3262,0,candidate_2,candidate_1,3,0.03
3263,candidate_3,candidate_2,candidate_1,3,0.03
3264,candidate_3,candidate_2,candidate_1,3,0.03
3265,candidate_3,candidate_2,candidate_1,3,0.03
3266,candidate_3,candidate_2,candidate_1,3,0.03
3267,candidate_3,candidate_2,candidate_1,3,0.03
3268,candidate_3,candidate_2,candidate_1,3,0.03
3269,candidate_3,candidate_2,candidate_1,3,0.03
3270,candidate_3,candidate_2,candidate_1,3,0.03
3271,candidate_3,candidate_2,candidate_1,3,0.03
3272,candidate_3,candidate_2,candidate_1,3,0.03
3273,candidate_3,candidate_2,candidate_1,3,0.03
3274,candidate_3,candidate_2,candidate_1,3,0.03
3275,candidate_3,candidate_2,candidate_1,3,0.03
3276,candidate_3,candidate_2,candidate_1,3,0.03
3277,candidate_3,candidate_2,candidate_1,3,0.03
3278,0,candidate_2,candidate_1,3,0.03
3279,candidate_3,candidate_2,candidate_1,3,0.03
3280,candidate_3,candidate_2,candidate_1,3,0.03
3281,candidate_3,candidate_2,candidate_1,3,0.03
3282,candidate_3,candidate_2,candidate_1,3,0.03
3283,candidate_3,candidate_2,candidate_1,3,0.03
3284,candidate_3,candidate_2,candidate_1,3,0.03
3285,candidate_3,candidate_2,candidate_1,3,0.03
3286,candidate_3,candidate_2,candidate_1,3,0.03
3287,candidate_3,candidate_2,candidate_1,3,0.03
3288,candidate_3,candidate_2,candidate_1,3,0.03
3289,candidate_3,candidate_2,candidate_1,3,0.03
3290,candidate_3,candidate_2,candidate_1,3,0.03
3291,candidate_3,candidate_2,0,3,0.03
3292,candidate_3,0,candidate_1,3,0.03
3293,candidate_3,candidate_2,candidate_1,3,0.03
3294,candidate_3,candidate_2,candidate_1,3,0.03
3295,candidate_3,candidate_2,candidate_1,3,0.03
3296,candidate_3,candidate_2,candidate_1,3,0.03
3297,candidate_3,candidate_2,candidate_1,3,0.03
3298,candidate_3,candidate_2,candidate_1,3,0.03
3299,candidate_3,candidate_2,candidate_1,3,0.03
3300,candidate_3,candidate_2,candidate_1,3,0.03
3301,candidate_3,candidate_2,candidate_1,3,0.03
3302,candidate_3,candidate_2,candidate_1,3,0.03
3303,candidate_3,candidate_2,candidate_1,3,0.03
3304,candidate_3,candidate_2,candidate_1,3,0.03
3305,candidate_3,candidate_2,candidate_1,3,0.03
3306,candidate_3,candidate_2,candidate_1,3,0.03
3307,candidate_3,candidate_2,candidate_1,3,0.03
3308,candidate_3,candidate_2,candidate_1,3,0.03
3309,candidate_3,candidate_2,candidate_1,3,0.03
3310,candidate_3,candidate_2,candidate_1,3,0.03
3311,candidate_3,candidate_2,candidate_1,3,0.03
3312,candidate_3,candidate_2,candidate_1,3,0.03
3313,candidate_3,candidate_2,candidate_1,3,0.03
3314,candidate_3,candidate_2,candidate_1,3,0.03
3315,candidate_3,candidate_2,candidate_1,3,0.03
3316,candidate_3,candidate_2,candidate_1,3,0.03
3317,candidate_3,candidate_2,candidate_1,3,0.03
3318,candidate_3,candidate_2,candidate_1,3,0.03
3319,candidate_3,candidate_2,candidate_1,3,0.03
3320,candidate_3,candidate_2,candidate_1,3,0.03
3321,0,candidate_2,0,3,0.03
3322,candidate_3,candidate_2,candidate_1,3,0.03
3323,candidate_3,candidate_2,candidate_1,3,0.03
3324,candidate_3,candidate_2,candidate_1,3,0.03
3325,candidate_3,candidate_2,candidate_1,3,0.03
3326,candidate_3,candidate_2,candidate_1,3,0.03
3327,candidate_3,candidate_2,candidate_1,3,0.03
3328,candidate_3,candidate_2,candidate_1,3,0.03
3329,candidate_3,candidate_2,candidate_1,3,0.03
3330,candidate_3,candidate_2,candidate_1,3,0.03
3331,candidate_3,candidate_2,candidate_1,3,0.03
3332,candidate_3,candidate_2,0,3,0.03
3333,candidate_3,candidate_2,candidate_1,3,0.03
3334,candidate_3,candidate_2,candidate_1,3,0.03
3335,candidate_3,candidate_2,candidate_1,3,0.03
3336,candidate_3,candidate_2,candidate_1,3,0.03
3337,candidate_3,candidate_2,candidate_1,3,0.03
3338,candidate_3,candidate_2,candidate_1,3,0.03
3339,candidate_3,0,candidate_1,3,0.03
3340,0,candidate_2,candidate_1,3,0.03
3341,candidate_3,candidate_2,candidate_1,3,0.03
3342,candidate_3,candidate_2,candidate_1,3,0.03
3343,candidate_3,candidate_2,candidate_1,3,0.03
3344,candidate_3,candidate_2,candidate_1,3,0.03
3345,candidate_3,candidate_2,candidate_1,3,0.03
3346,candidate_3,candidate_2,candidate_1,3,0.03
3347,candidate_3,candidate_2,candidate_1,3,0.03
3348,candidate_3,candidate_2,candidate_1,3,0.03
3349,candidate_3,candidate_2,0,3,0.03
3350,candidate_3,candidate_2,candidate_1,3,0.03
3351,candidate_3,candidate_2,candidate_1,3,0.03
3352,candidate_3,candidate_2,candidate_1,3,0.03
3353,candidate_3,candidate_2,candidate_1,3,0.03
3354,candidate_3,candidate_2,candidate_1,3,0.03
3355,candidate_3,candidate_2,candidate_1,3,0.03
3356,candidate_3,candidate_2,0,3,0.03
3357,candidate_3,candidate_2,candidate_1,3,0.03
3358,candidate_3,candidate_2,candidate_1,3,0.03
3359,candidate_3,candidate_2,candidate_1,3,0.03
3360,candidate_3,candidate_2,candidate_1,3,0.03
3361,candidate_3,candidate_2,candidate_1,3,0.03
3362,candidate_3,candidate_2,candidate_1,3,0.03
3363,candidate_3,candidate_2,candidate_1,3,0.03
3364,candidate_3,candidate_2,candidate_1,3,0.03
3365,candidate_3,0,candidate_1,3,0.03
3366,candidate_3,candidate_2,candidate_1,3,0.03
3367,candidate_3,candidate_2,candidate_1,3,0.03
3368,candidate_3,candidate_2,candidate_1,3,0.03
3369,candidate_3,candidate_2,candidate_1,3,0.03
3370,candidate_3,candidate_2,candidate_1,3,0.03
3371,candidate_3,candidate_2,candidate_1,3,0.03
3372,candidate_3,candidate_2,candidate_1,3,0.03
3373,candidate_3,candidate_2,candidate_1,3,0.03
3374,candidate_3,candidate_2,candidate_1,3,0.03
3375,candidate_3,candidate_2,candidate_1,3,0.03
3376,candidate_3,candidate_2,candidate_1,3,0.03
3377,candidate_3,candidate_2,candidate_1,3,0.03
3378,candidate_3,candidate_2,candidate_1,3,0.03
3379,candidate_3,candidate_2,candidate_1,3,0.03
3380,candidate_3,candidate_2,candidate_1,3,0.03
3381,candidate_3,candidate_2,candidate_1,3,0.03
3382,candidate_3,candidate_2,candidate_1,3,0.03
3383,candidate_3,0,candidate_1,3,0.03
3384,candidate_3,candidate_2,candidate_1,3,0.03
3385,candidate_3,candidate_2,candidate_1,3,0.03
3386,candidate_3,candidate_2,candidate_1,3,0.03
3387,candidate_3,candidate_2,candidate_1,3,0.03
3388,candidate_3,candidate_2,candidate_1,3,0.03
3389,candidate_3,candidate_2,candidate_1,3,0.03
3390,candidate_3,candidate_2,candidate_1,3,0.03
3391,candidate_3,candidate_2,candidate_1,3,0.03
3392,candidate_3,candidate_2,candidate_1,3,0.03
3393,candidate_3,0,candidate_1,3,0.03
3394,candidate_3,candidate_2,candidate_1,3,0.03
3395,candidate_3,candidate_2,candidate_1,3,0.03
3396,candidate_3,candidate_2,candidate_1,3,0.03
3397,candidate_3,candidate_2,candidate_1,3,0.03
3398,candidate_3,candidate_2,candidate_1,3,0.03
3399,candidate_3,candidate_2,candidate_1,3,0.03
3400,candidate_3,candidate_2,candidate_1,3,0.03
3401,candidate_3,candidate_2,candidate_1,3,0.03
3402,candidate_3,candidate_2,candidate_1,3,0.03
3403,candidate_3,candidate_2,candidate_1,3,0.03
3404,candidate_3,candidate_2,candidate_1,3,0.03
3405,candidate_3,candidate_2,candidate_1,3,0.03
3406,candidate_3,candidate_2,candidate_1,3,0.03
3407,candidate_3,candidate_2,candidate_1,3,0.03
3408,candidate_3,candidate_2,candidate_1,3,0.03
3409,candidate_3,candidate_2,candidate_1,3,0.03
3410,candidate_3,candidate_2,candidate_1,3,0.03
3411,candidate_3,candidate_2,candidate_1,3,0.03
3412,candidate_3,candidate_2,candidate_1,3,0.03
3413,candidate_3,candidate_2,candidate_1,3,0.03
3414,candidate_3,candidate_2,candidate_1,3,0.03
3415,candidate_3,candidate_2,candidate_1,3,0.03
3416,candidate_3,candidate_2,candidate_1,3,0.03
3417,candidate_3,candidate_2,candidate_1,3,0.03
3418,candidate_3,candidate_2,candidate_1,3,0.03
3419,0,candidate_2,candidate_1,3,0.03
3420,candidate_3,candidate_2,candidate_1,3,0.03
3421,candidate_3,candidate_2,candidate_1,3,0.03
3422,candidate_3,candidate_2,candidate_1,3,0.03
3423,candidate_3,candidate_2,candidate_1,3,0.03
3424,candidate_3,candidate_2,candidate_1,3,0.03
3425,candidate_3,candidate_2,candidate_1,3,0.03
3426,candidate_3,candidate_2,candidate_1,3,0.03
3427,candidate_3,candidate_2,candidate_1,3,0.03
3428,candidate_3,candidate_2,candidate_1,3,0.03
3429,candidate_3,candidate_2,candidate_1,3,0.03
3430,candidate_3,candidate_2,candidate_1,3,0.03
3431,candidate_3,candidate_2,candidate_1,3,0.03
3432,candidate_3,candidate_2,candidate_1,3,0.03
3433,candidate_3,candidate_2,candidate_1,3,0.03
3434,candidate_3,candidate_2,candidate_1,3,0.03
3435,candidate_3,candidate_2,candidate_1,3,0.03
3436,candidate_3,candidate_2,candidate_1,3,0.03
3437,candidate_3,candidate_2,candidate_1,3,0.03
3438,candidate_3,candidate_2,candidate_1,3,0.03
3439,candidate_3,candidate_2,candidate_1,3,0.03
3440,candidate_3,candidate_2,candidate_1,3,0.03
3441,candidate_3,candidate_2,candidate_1,3,0.03
3442,candidate_3,candidate_2,candidate_1,3,0.03
3443,candidate_3,candidate_2,candidate_1,3,0.03
3444,candidate_3,candidate_2,candidate_1,3,0.03
3445,candidate_3,candidate_2,candidate_1,3,0.03
3446,candidate_3,candidate_2,candidate_1,3,0.03
3447,candidate_3,candidate_2,candidate_1,3,0.03
3448,candidate_3,candidate_2,candidate_1,3,0.03
3449,candidate_3,candidate_2,candidate_1,3,0.03
3450,candidate_3,candidate_2,candidate_1,3,0.03
3451,candidate_3,candidate_2,candidate_1,3,0.03
3452,candidate_3,candidate_2,candidate_1,3,0.03
3453,0,candidate_2,candidate_1,3,0.03
3454,candidate_3,candidate_2,candidate_1,3,0.03
3455,candidate_3,candidate_2,candidate_1,3,0.03
3456,candidate_3,candidate_2,candidate_1,3,0.03
3457,candidate_3,candidate_2,candidate_1,3,0.03
3458,candidate_3,candidate_2,candidate_1,3,0.03
3459,candidate_3,candidate_2,candidate_1,3,0.03
3460,candidate_3,candidate_2,candidate_1,3,0.03
3461,candidate_3,candidate_2,candidate_1,3,0.03
3462,candidate_3,candidate_2,candidate_1,3,0.03
3463,candidate_3,candidate_2,candidate_1,3,0.03
3464,candidate_3,candidate_2,candidate_1,3,0.03
3465,candidate_3,candidate_2,candidate_1,3,0.03
3466,0,candidate_2,candidate_1,3,0.03
3467,candidate_3,candidate_2,candidate_1,3,0.03
3468,candidate_3,candidate_2,candidate_1,3,0.03
3469,candidate_3,candidate_2,candidate_1,3,0.03
3470,candidate_3,candidate_2,candidate_1,3,0.03
3471,candidate_3,candidate_2,candidate_1,3,0.03
3472,candidate_3,candidate_2,candidate_1,3,0.03
3473,candidate_3,candidate_2,0,3,0.03
3474,candidate_3,candidate_2,candidate_1,3,0.03
3475,candidate_3,candidate_2,0,3,0.03
3476,candidate_3,candidate_2,candidate_1,3,0.03
3477,candidate_3,candidate_2,candidate_1,3,0.03
3478,candidate_3,0,candidate_1,3,0.03
3479,candidate_3,candidate_2,candidate_1,3,0.03
3480,candidate_3,candidate_2,candidate_1,3,0.03
3481,candidate_3,candidate_2,candidate_1,3,0.03
3482,candidate_3,candidate_2,candidate_1,3,0.03
3483,candidate_3,candidate_2,candidate_1,3,0.03
3484,candidate_3,candidate_2,candidate_1,3,0.03
3485,0,candidate_2,0,3,0.03
3486,candidate_3,candidate_2,candidate_1,3,0.03
3487,candidate_3,candidate_2,candidate_1,3,0.03
3488,candidate_3,candidate_2,candidate_1,3,0.03
3489,candidate_3,candidate_2,candidate_1,3,0.03
3490,candidate_3,candidate_2,candidate_1,3,0.03
3491,candidate_3,0,candidate_1,3,0.03
3492,candidate_3,candidate_2,candidate_1,3,0.03
3493,candidate_3,0,candidate_1,3,0.03
3494,candidate_3,candidate_2,candidate_1,3,0.03
3495,candidate_3,candidate_2,candidate_1,3,0.03
3496,candidate_3,candidate_2,candidate_1,3,0.03
3497,candidate_3,candidate_2,candidate_1,3,0.03
3498,candidate_3,candidate_2,candidate_1,3,0.03
3499,candidate_3,candidate_2,candidate_1,3,0.03
3500,candidate_3,candidate_2,0,3,0.03
3501,candidate_3,candidate_2,candidate_1,3,0.03
3502,candidate_3,candidate_2,candidate_1,3,0.03
3503,candidate_3,candidate_2,candidate_1,3,0.03
3504,candidate_3,candidate_2,candidate_1,3,0.03
3505,candidate_3,candidate_2,candidate_1,3,0.03
3506,candidate_3,candidate_2,candidate_1,3,0.03
3507,candidate_3,candidate_2,candidate_1,3,0.03
3508,candidate_3,candidate_2,candidate_1,3,0.03
3509,candidate_3,candidate_2,candidate_1,3,0.03
3510,candidate_3,candidate_2,candidate_1,3,0.03
3511,candidate_3,candidate_2,candidate_1,3,0.03
3512,candidate_3,candidate_2,candidate_1,3,0.03
3513,candidate_3,candidate_2,candidate_1,3,0.03
3514,candidate_3,candidate_2,candidate_1,3,0.03
3515,candidate_3,candidate_2,candidate_1,3,0.03
3516,candidate_3,candidate_2,candidate_1,3,0.03
3517,candidate_3,candidate_2,candidate_1,3,0.03
3518,candidate_3,candidate_2,candidate_1,3,0.03
3519,candidate_3,0,candidate_1,3,0.03
3520,candidate_3,candidate_2,candidate_1,3,0.03
