,candidate_1,candidate_2,candidate_3,candidate_4,num_candidates,noise
0,candidate_1,candidate_2,candidate_3,candidate_4,4,0.035
1,0,candidate_2,candidate_3,candidate_4,4,0.035
2,0,candidate_2,candidate_3,0,4,0.035
3,candidate_1,candidate_2,candidate_3,candidate_4,4,0.035
4,candidate_1,candidate_2,candidate_3,candidate_4,4,0.035
5,candidate_1,candidate_2,candidate_3,candidate_4,4,0.035
6,candidate_1,candidate_2,candidate_3,0,4,0.035
7,candidate_1,candidate_2,candidate_3,candidate_4,4,0.035
8,candidate_1,candidate_2,candidate_3,candidate_4,4,0.035
9,candidate_1,candidate_2,candidate_3,candidate_4,4,0.035
10,candidate_1,candidate_2,candidate_3,candidate_4,4,0.035
11,candidate_1,candidate_2,candidate_3,candidate_4,4,0.035
12,candidate_1,candidate_2,candidate_3,candidate_4,4,0.035
13,candidate_1,candidate_2,candidate_3,candidate_4,4,0.035
14,candidate_1,candidate_2,candidate_3,candidate_4,4,0.035
15,candidate_1,candidate_2,candidate_3,candidate_4,4,0.035
16,candidate_1,candidate_2,candidate_3,candidate_4,4,0.035
17,candidate_1,candidate_2,candidate_3,candidate_4,4,0.035
18,candidate_1,candidate_2,candidate_3,candidate_4,4,0.035
19,candidate_1,candidate_2,candidate_3,candidate_4,4,0.035
20,candidate_1,candidate_2,candidate_3,candidate_4,4,0.035
21,candidate_1,candidate_2,candidate_3,candidate_4,4,0.035
22,candidate_1,candidate_2,candidate_3,candidate_4,4,0.035
23,candidate_1,candidate_2,candidate_3,0,4,0.035
24,candidate_1,candidate_2,candidate_3,candidate_4,4,0.035
25,candidate_1,candidate_2,candidate_3,candidate_4,4,0.035
26,candidate_1,candidate_2,candidate_3,candidate_4,4,0.035
27,candidate_1,candidate_2,candidate_3,candidate_4,4,0.035
28,candidate_1,candidate_2,0,candidate_4,4,0.035
29,candidate_1,candidate_2,candidate_3,candidate_4,4,0.035
30,candidate_1,candidate_2,candidate_3,candidate_4,4,0.035
31,candidate_1,0,candidate_3,candidate_4,4,0.035
32,candidate_1,candidate_2,candidate_3,candidate_4,4,0.035
33,candidate_1,candidate_2,candidate_3,candidate_4,4,0.035
34,candidate_1,candidate_2,candidate_3,candidate_4,4,0.035
35,candidate_1,candidate_2,candidate_3,candidate_4,4,0.035
36,candidate_1,candidate_2,candidate_3,candidate_4,4,0.035
37,candidate_1,candidate_2,candidate_3,candidate_4,4,0.035
38,candidate_1,candidate_2,candidate_3,candidate_4,4,0.035
39,candidate_1,candidate_2,candidate_3,candidate_4,4,0.035
40,candidate_1,candidate_2,candidate_3,candidate_4,4,0.035
41,candidate_1,candidate_2,candidate_3,candidate_4,4,0.035
42,candidate_1,candidate_2,candidate_3,0,4,0.035
43,candidate_1,candidate_2,candidate_3,candidate_4,4,0.035
44,candidate_1,candidate_2,candidate_3,candidate_4,4,0.035
45,candidate_1,candidate_2,candidate_3,0,4,0.035
46,candidate_1,candidate_2,candidate_3,candidate_4,4,0.035
47,candidate_1,candidate_2,candidate_3,candidate_4,4,0.035
48,candidate_1,candidate_2,candidate_3,candidate_4,4,0.035
49,candidate_1,0,candidate_3,0,4,0.035
50,candidate_1,candidate_2,candidate_3,candidate_4,4,0.035
51,candidate_1,candidate_2,candidate_3,candidate_4,4,0.035
52,candidate_1,candidate_2,candidate_3,candidate_4,4,0.035
53,candidate_1,candidate_2,candidate_3,candidate_4,4,0.035
54,candidate_1,candidate_2,candidate_3,candidate_4,4,0.035
55,candidate_1,candidate_2,candidate_3,candidate_4,4,0.035
56,candidate_1,candidate_2,candidate_3,candidate_4,4,0.035
57,candidate_1,candidate_2,candidate_3,candidate_4,4,0.035
58,candidate_1,candidate_2,candidate_3,candidate_4,4,0.035
59,candidate_1,candidate_2,candidate_3,candidate_4,4,0.035
60,candidate_1,candidate_2,candidate_3,candidate_4,4,0.035
61,candidate_1,candidate_2,candidate_3,candidate_4,4,0.035
62,candidate_1,candidate_2,candidate_3,candidate_4,4,0.035
63,candidate_1,candidate_2,candidate_3,candidate_4,4,0.035
64,candidate_1,candidate_2,candidate_3,candidate_4,4,0.035
65,candidate_1,candidate_2,candidate_3,candidate_4,4,0.035
66,candidate_1,candidate_2,candidate_3,candidate_4,4,0.035
67,candidate_1,candidate_2,candidate_3,candidate_4,4,0.035
68,candidate_1,candidate_2,candidate_3,candidate_4,4,0.035
69,candidate_1,candidate_2,candidate_3,candidate_4,4,0.035
70,candidate_1,candidate_2,candidate_3,candidate_4,4,0.035
0,candidate_1,candidate_2,candidate_4,candidate_3,4,0.035
1,candidate_1,candidate_2,candidate_4,candidate_3,4,0.035
2,candidate_1,candidate_2,candidate_4,candidate_3,4,0.035
3,candidate_1,candidate_2,candidate_4,candidate_3,4,0.035
4,candidate_1,candidate_2,candidate_4,candidate_3,4,0.035
5,candidate_1,candidate_2,candidate_4,candidate_3,4,0.035
6,candidate_1,candidate_2,candidate_4,candidate_3,4,0.035
7,candidate_1,candidate_2,candidate_4,candidate_3,4,0.035
8,candidate_1,candidate_2,candidate_4,candidate_3,4,0.035
9,candidate_1,candidate_2,candidate_4,candidate_3,4,0.035
10,candidate_1,candidate_2,candidate_4,candidate_3,4,0.035
11,candidate_1,candidate_2,candidate_4,candidate_3,4,0.035
12,candidate_1,candidate_2,candidate_4,candidate_3,4,0.035
13,candidate_1,candidate_2,candidate_4,candidate_3,4,0.035
14,candidate_1,candidate_2,0,0,4,0.035
15,candidate_1,candidate_2,candidate_4,candidate_3,4,0.035
16,candidate_1,candidate_2,candidate_4,candidate_3,4,0.035
17,candidate_1,candidate_2,candidate_4,candidate_3,4,0.035
18,candidate_1,candidate_2,candidate_4,candidate_3,4,0.035
19,candidate_1,candidate_2,candidate_4,candidate_3,4,0.035
20,candidate_1,candidate_2,candidate_4,candidate_3,4,0.035
21,candidate_1,candidate_2,candidate_4,candidate_3,4,0.035
22,candidate_1,candidate_2,candidate_4,candidate_3,4,0.035
23,candidate_1,candidate_2,candidate_4,candidate_3,4,0.035
24,candidate_1,candidate_2,0,candidate_3,4,0.035
25,candidate_1,candidate_2,candidate_4,candidate_3,4,0.035
26,candidate_1,candidate_2,candidate_4,candidate_3,4,0.035
27,candidate_1,candidate_2,candidate_4,candidate_3,4,0.035
28,candidate_1,candidate_2,candidate_4,candidate_3,4,0.035
29,candidate_1,candidate_2,candidate_4,candidate_3,4,0.035
30,candidate_1,candidate_2,candidate_4,candidate_3,4,0.035
31,candidate_1,candidate_2,candidate_4,candidate_3,4,0.035
32,candidate_1,candidate_2,candidate_4,candidate_3,4,0.035
33,candidate_1,candidate_2,candidate_4,candidate_3,4,0.035
34,candidate_1,candidate_2,candidate_4,candidate_3,4,0.035
35,candidate_1,candidate_2,candidate_4,candidate_3,4,0.035
36,candidate_1,candidate_2,candidate_4,candidate_3,4,0.035
37,candidate_1,candidate_2,candidate_4,candidate_3,4,0.035
38,candidate_1,candidate_2,candidate_4,candidate_3,4,0.035
39,candidate_1,candidate_2,candidate_4,candidate_3,4,0.035
40,candidate_1,candidate_2,candidate_4,candidate_3,4,0.035
41,candidate_1,candidate_2,candidate_4,candidate_3,4,0.035
42,candidate_1,candidate_2,candidate_4,candidate_3,4,0.035
43,candidate_1,candidate_2,candidate_4,candidate_3,4,0.035
44,candidate_1,candidate_2,candidate_4,candidate_3,4,0.035
45,candidate_1,candidate_2,candidate_4,candidate_3,4,0.035
46,candidate_1,candidate_2,candidate_4,candidate_3,4,0.035
47,candidate_1,candidate_2,candidate_4,candidate_3,4,0.035
48,candidate_1,candidate_2,0,candidate_3,4,0.035
49,candidate_1,candidate_2,candidate_4,candidate_3,4,0.035
50,candidate_1,candidate_2,candidate_4,candidate_3,4,0.035
51,candidate_1,candidate_2,candidate_4,candidate_3,4,0.035
52,candidate_1,candidate_2,candidate_4,candidate_3,4,0.035
53,candidate_1,candidate_2,candidate_4,candidate_3,4,0.035
54,candidate_1,candidate_2,candidate_4,candidate_3,4,0.035
55,candidate_1,candidate_2,candidate_4,candidate_3,4,0.035
56,candidate_1,candidate_2,candidate_4,candidate_3,4,0.035
57,candidate_1,candidate_2,candidate_4,candidate_3,4,0.035
58,candidate_1,candidate_2,candidate_4,candidate_3,4,0.035
59,candidate_1,candidate_2,candidate_4,candidate_3,4,0.035
60,candidate_1,candidate_2,candidate_4,candidate_3,4,0.035
61,candidate_1,candidate_2,candidate_4,candidate_3,4,0.035
62,candidate_1,candidate_2,candidate_4,candidate_3,4,0.035
63,candidate_1,candidate_2,candidate_4,candidate_3,4,0.035
64,candidate_1,candidate_2,candidate_4,candidate_3,4,0.035
65,candidate_1,candidate_2,candidate_4,candidate_3,4,0.035
66,candidate_1,candidate_2,candidate_4,candidate_3,4,0.035
67,candidate_1,candidate_2,candidate_4,candidate_3,4,0.035
68,candidate_1,candidate_2,candidate_4,candidate_3,4,0.035
69,candidate_1,candidate_2,candidate_4,candidate_3,4,0.035
70,candidate_1,candidate_2,candidate_4,candidate_3,4,0.035
71,candidate_1,candidate_2,candidate_4,candidate_3,4,0.035
72,candidate_1,candidate_2,candidate_4,candidate_3,4,0.035
73,candidate_1,candidate_2,candidate_4,candidate_3,4,0.035
74,candidate_1,candidate_2,candidate_4,candidate_3,4,0.035
75,candidate_1,candidate_2,candidate_4,candidate_3,4,0.035
76,candidate_1,candidate_2,candidate_4,candidate_3,4,0.035
77,candidate_1,candidate_2,candidate_4,candidate_3,4,0.035
78,candidate_1,0,candidate_4,candidate_3,4,0.035
79,candidate_1,candidate_2,candidate_4,candidate_3,4,0.035
80,candidate_1,candidate_2,candidate_4,candidate_3,4,0.035
81,candidate_1,candidate_2,candidate_4,candidate_3,4,0.035
82,candidate_1,candidate_2,candidate_4,candidate_3,4,0.035
83,candidate_1,candidate_2,candidate_4,candidate_3,4,0.035
84,candidate_1,candidate_2,candidate_4,candidate_3,4,0.035
85,candidate_1,candidate_2,candidate_4,candidate_3,4,0.035
86,candidate_1,candidate_2,candidate_4,candidate_3,4,0.035
87,candidate_1,candidate_2,candidate_4,candidate_3,4,0.035
88,candidate_1,candidate_2,candidate_4,candidate_3,4,0.035
89,candidate_1,candidate_2,candidate_4,candidate_3,4,0.035
90,candidate_1,candidate_2,candidate_4,candidate_3,4,0.035
91,candidate_1,candidate_2,candidate_4,candidate_3,4,0.035
92,candidate_1,candidate_2,candidate_4,0,4,0.035
93,candidate_1,candidate_2,candidate_4,candidate_3,4,0.035
94,candidate_1,candidate_2,candidate_4,candidate_3,4,0.035
95,candidate_1,candidate_2,candidate_4,candidate_3,4,0.035
96,candidate_1,candidate_2,candidate_4,candidate_3,4,0.035
97,candidate_1,candidate_2,candidate_4,candidate_3,4,0.035
98,candidate_1,candidate_2,candidate_4,candidate_3,4,0.035
99,candidate_1,candidate_2,candidate_4,candidate_3,4,0.035
100,candidate_1,candidate_2,candidate_4,candidate_3,4,0.035
101,candidate_1,candidate_2,candidate_4,candidate_3,4,0.035
102,candidate_1,candidate_2,candidate_4,candidate_3,4,0.035
103,candidate_1,candidate_2,candidate_4,candidate_3,4,0.035
104,candidate_1,candidate_2,candidate_4,candidate_3,4,0.035
105,candidate_1,candidate_2,candidate_4,candidate_3,4,0.035
106,candidate_1,candidate_2,candidate_4,candidate_3,4,0.035
107,0,candidate_2,candidate_4,candidate_3,4,0.035
108,candidate_1,candidate_2,candidate_4,candidate_3,4,0.035
109,candidate_1,candidate_2,candidate_4,candidate_3,4,0.035
110,candidate_1,candidate_2,candidate_4,candidate_3,4,0.035
111,candidate_1,candidate_2,candidate_4,candidate_3,4,0.035
112,candidate_1,candidate_2,candidate_4,candidate_3,4,0.035
113,candidate_1,candidate_2,candidate_4,candidate_3,4,0.035
114,candidate_1,candidate_2,candidate_4,candidate_3,4,0.035
115,candidate_1,candidate_2,candidate_4,candidate_3,4,0.035
116,candidate_1,candidate_2,candidate_4,candidate_3,4,0.035
117,candidate_1,candidate_2,candidate_4,candidate_3,4,0.035
118,candidate_1,candidate_2,candidate_4,candidate_3,4,0.035
119,candidate_1,candidate_2,candidate_4,candidate_3,4,0.035
120,candidate_1,candidate_2,candidate_4,candidate_3,4,0.035
121,candidate_1,candidate_2,candidate_4,candidate_3,4,0.035
122,candidate_1,candidate_2,candidate_4,candidate_3,4,0.035
123,candidate_1,candidate_2,candidate_4,candidate_3,4,0.035
124,candidate_1,candidate_2,candidate_4,candidate_3,4,0.035
125,candidate_1,candidate_2,candidate_4,candidate_3,4,0.035
126,candidate_1,candidate_2,candidate_4,candidate_3,4,0.035
127,candidate_1,candidate_2,candidate_4,candidate_3,4,0.035
128,candidate_1,candidate_2,candidate_4,candidate_3,4,0.035
129,candidate_1,candidate_2,candidate_4,candidate_3,4,0.035
130,candidate_1,candidate_2,candidate_4,candidate_3,4,0.035
131,candidate_1,candidate_2,candidate_4,candidate_3,4,0.035
132,candidate_1,0,candidate_4,candidate_3,4,0.035
133,candidate_1,candidate_2,candidate_4,candidate_3,4,0.035
134,candidate_1,candidate_2,candidate_4,candidate_3,4,0.035
135,candidate_1,candidate_2,candidate_4,candidate_3,4,0.035
136,candidate_1,candidate_2,candidate_4,candidate_3,4,0.035
137,candidate_1,candidate_2,candidate_4,candidate_3,4,0.035
138,candidate_1,candidate_2,candidate_4,candidate_3,4,0.035
139,candidate_1,candidate_2,candidate_4,candidate_3,4,0.035
140,candidate_1,candidate_2,candidate_4,candidate_3,4,0.035
141,candidate_1,candidate_2,candidate_4,candidate_3,4,0.035
142,candidate_1,candidate_2,candidate_4,candidate_3,4,0.035
143,candidate_1,0,candidate_4,candidate_3,4,0.035
144,candidate_1,candidate_2,candidate_4,candidate_3,4,0.035
145,candidate_1,0,candidate_4,candidate_3,4,0.035
146,candidate_1,candidate_2,candidate_4,candidate_3,4,0.035
147,candidate_1,candidate_2,candidate_4,candidate_3,4,0.035
148,candidate_1,candidate_2,candidate_4,candidate_3,4,0.035
149,candidate_1,candidate_2,candidate_4,candidate_3,4,0.035
150,candidate_1,candidate_2,candidate_4,candidate_3,4,0.035
151,candidate_1,candidate_2,candidate_4,candidate_3,4,0.035
152,candidate_1,candidate_2,candidate_4,0,4,0.035
153,candidate_1,candidate_2,candidate_4,candidate_3,4,0.035
154,candidate_1,candidate_2,candidate_4,candidate_3,4,0.035
155,candidate_1,candidate_2,candidate_4,candidate_3,4,0.035
156,candidate_1,candidate_2,candidate_4,candidate_3,4,0.035
157,candidate_1,candidate_2,candidate_4,0,4,0.035
158,candidate_1,candidate_2,candidate_4,candidate_3,4,0.035
159,candidate_1,candidate_2,candidate_4,candidate_3,4,0.035
160,0,candidate_2,candidate_4,candidate_3,4,0.035
161,candidate_1,candidate_2,candidate_4,candidate_3,4,0.035
162,0,candidate_2,candidate_4,candidate_3,4,0.035
163,candidate_1,candidate_2,candidate_4,candidate_3,4,0.035
164,candidate_1,candidate_2,candidate_4,candidate_3,4,0.035
165,candidate_1,candidate_2,candidate_4,candidate_3,4,0.035
166,candidate_1,candidate_2,candidate_4,candidate_3,4,0.035
167,candidate_1,candidate_2,candidate_4,candidate_3,4,0.035
168,candidate_1,candidate_2,candidate_4,candidate_3,4,0.035
169,0,candidate_2,candidate_4,candidate_3,4,0.035
170,candidate_1,candidate_2,candidate_4,candidate_3,4,0.035
171,0,0,candidate_4,candidate_3,4,0.035
172,candidate_1,candidate_2,candidate_4,candidate_3,4,0.035
173,candidate_1,candidate_2,candidate_4,candidate_3,4,0.035
174,candidate_1,candidate_2,candidate_4,candidate_3,4,0.035
175,0,candidate_2,candidate_4,candidate_3,4,0.035
176,candidate_1,candidate_2,candidate_4,candidate_3,4,0.035
177,0,candidate_2,candidate_4,candidate_3,4,0.035
178,candidate_1,candidate_2,candidate_4,candidate_3,4,0.035
179,candidate_1,candidate_2,candidate_4,candidate_3,4,0.035
180,candidate_1,candidate_2,candidate_4,candidate_3,4,0.035
181,candidate_1,candidate_2,candidate_4,candidate_3,4,0.035
182,candidate_1,candidate_2,0,candidate_3,4,0.035
183,candidate_1,candidate_2,candidate_4,candidate_3,4,0.035
184,candidate_1,candidate_2,candidate_4,candidate_3,4,0.035
185,0,candidate_2,candidate_4,candidate_3,4,0.035
186,0,candidate_2,candidate_4,candidate_3,4,0.035
187,candidate_1,candidate_2,candidate_4,candidate_3,4,0.035
188,candidate_1,candidate_2,candidate_4,candidate_3,4,0.035
189,candidate_1,candidate_2,candidate_4,candidate_3,4,0.035
190,candidate_1,candidate_2,candidate_4,candidate_3,4,0.035
191,candidate_1,candidate_2,candidate_4,candidate_3,4,0.035
192,candidate_1,candidate_2,candidate_4,candidate_3,4,0.035
193,candidate_1,candidate_2,candidate_4,candidate_3,4,0.035
194,candidate_1,candidate_2,candidate_4,0,4,0.035
195,candidate_1,candidate_2,candidate_4,candidate_3,4,0.035
196,candidate_1,candidate_2,candidate_4,candidate_3,4,0.035
197,0,candidate_2,candidate_4,candidate_3,4,0.035
198,candidate_1,candidate_2,candidate_4,candidate_3,4,0.035
199,candidate_1,candidate_2,candidate_4,candidate_3,4,0.035
200,candidate_1,candidate_2,candidate_4,candidate_3,4,0.035
201,candidate_1,0,candidate_4,candidate_3,4,0.035
202,candidate_1,candidate_2,candidate_4,candidate_3,4,0.035
203,candidate_1,candidate_2,candidate_4,candidate_3,4,0.035
204,candidate_1,candidate_2,candidate_4,candidate_3,4,0.035
205,candidate_1,candidate_2,candidate_4,candidate_3,4,0.035
206,candidate_1,candidate_2,candidate_4,candidate_3,4,0.035
207,candidate_1,candidate_2,candidate_4,candidate_3,4,0.035
208,candidate_1,candidate_2,candidate_4,candidate_3,4,0.035
209,candidate_1,candidate_2,candidate_4,candidate_3,4,0.035
210,candidate_1,0,candidate_4,candidate_3,4,0.035
211,candidate_1,candidate_2,candidate_4,candidate_3,4,0.035
212,candidate_1,candidate_2,candidate_4,candidate_3,4,0.035
213,candidate_1,candidate_2,candidate_4,candidate_3,4,0.035
214,candidate_1,candidate_2,candidate_4,candidate_3,4,0.035
215,candidate_1,candidate_2,candidate_4,candidate_3,4,0.035
216,candidate_1,candidate_2,candidate_4,candidate_3,4,0.035
217,candidate_1,candidate_2,candidate_4,candidate_3,4,0.035
218,candidate_1,candidate_2,candidate_4,candidate_3,4,0.035
219,candidate_1,candidate_2,candidate_4,candidate_3,4,0.035
220,candidate_1,candidate_2,candidate_4,candidate_3,4,0.035
221,candidate_1,candidate_2,candidate_4,candidate_3,4,0.035
222,candidate_1,0,candidate_4,candidate_3,4,0.035
223,candidate_1,candidate_2,candidate_4,candidate_3,4,0.035
224,candidate_1,candidate_2,candidate_4,candidate_3,4,0.035
225,candidate_1,candidate_2,candidate_4,candidate_3,4,0.035
226,candidate_1,candidate_2,candidate_4,candidate_3,4,0.035
227,candidate_1,candidate_2,candidate_4,candidate_3,4,0.035
228,candidate_1,candidate_2,candidate_4,candidate_3,4,0.035
229,candidate_1,candidate_2,candidate_4,candidate_3,4,0.035
230,candidate_1,candidate_2,candidate_4,candidate_3,4,0.035
231,candidate_1,candidate_2,candidate_4,candidate_3,4,0.035
232,candidate_1,candidate_2,candidate_4,candidate_3,4,0.035
233,candidate_1,candidate_2,candidate_4,candidate_3,4,0.035
234,candidate_1,candidate_2,candidate_4,candidate_3,4,0.035
235,candidate_1,candidate_2,candidate_4,candidate_3,4,0.035
236,candidate_1,candidate_2,candidate_4,0,4,0.035
237,candidate_1,candidate_2,candidate_4,candidate_3,4,0.035
238,candidate_1,candidate_2,candidate_4,candidate_3,4,0.035
239,candidate_1,candidate_2,candidate_4,candidate_3,4,0.035
240,candidate_1,candidate_2,candidate_4,candidate_3,4,0.035
241,candidate_1,candidate_2,candidate_4,0,4,0.035
242,candidate_1,candidate_2,candidate_4,candidate_3,4,0.035
243,candidate_1,candidate_2,candidate_4,candidate_3,4,0.035
244,candidate_1,candidate_2,candidate_4,candidate_3,4,0.035
245,candidate_1,candidate_2,candidate_4,candidate_3,4,0.035
246,0,candidate_2,candidate_4,candidate_3,4,0.035
247,candidate_1,candidate_2,candidate_4,candidate_3,4,0.035
248,candidate_1,candidate_2,candidate_4,candidate_3,4,0.035
249,candidate_1,candidate_2,candidate_4,0,4,0.035
250,candidate_1,candidate_2,candidate_4,candidate_3,4,0.035
251,candidate_1,candidate_2,candidate_4,candidate_3,4,0.035
252,candidate_1,candidate_2,candidate_4,candidate_3,4,0.035
253,candidate_1,candidate_2,candidate_4,candidate_3,4,0.035
254,candidate_1,candidate_2,0,candidate_3,4,0.035
255,candidate_1,candidate_2,candidate_4,candidate_3,4,0.035
256,candidate_1,candidate_2,candidate_4,candidate_3,4,0.035
257,candidate_1,candidate_2,candidate_4,candidate_3,4,0.035
258,candidate_1,candidate_2,candidate_4,candidate_3,4,0.035
259,0,candidate_2,candidate_4,candidate_3,4,0.035
260,candidate_1,candidate_2,candidate_4,candidate_3,4,0.035
261,candidate_1,candidate_2,candidate_4,0,4,0.035
262,candidate_1,candidate_2,candidate_4,candidate_3,4,0.035
263,candidate_1,candidate_2,candidate_4,candidate_3,4,0.035
264,candidate_1,candidate_2,candidate_4,candidate_3,4,0.035
265,candidate_1,candidate_2,candidate_4,0,4,0.035
266,candidate_1,candidate_2,candidate_4,candidate_3,4,0.035
267,candidate_1,candidate_2,candidate_4,candidate_3,4,0.035
268,candidate_1,candidate_2,candidate_4,candidate_3,4,0.035
269,candidate_1,candidate_2,candidate_4,candidate_3,4,0.035
270,candidate_1,candidate_2,candidate_4,candidate_3,4,0.035
271,candidate_1,candidate_2,candidate_4,candidate_3,4,0.035
272,candidate_1,candidate_2,candidate_4,candidate_3,4,0.035
273,candidate_1,candidate_2,candidate_4,candidate_3,4,0.035
274,candidate_1,candidate_2,candidate_4,0,4,0.035
275,candidate_1,candidate_2,candidate_4,candidate_3,4,0.035
276,candidate_1,candidate_2,candidate_4,candidate_3,4,0.035
277,candidate_1,candidate_2,candidate_4,candidate_3,4,0.035
278,candidate_1,candidate_2,candidate_4,candidate_3,4,0.035
279,candidate_1,candidate_2,candidate_4,candidate_3,4,0.035
280,candidate_1,candidate_2,candidate_4,candidate_3,4,0.035
281,candidate_1,candidate_2,candidate_4,candidate_3,4,0.035
282,candidate_1,candidate_2,candidate_4,candidate_3,4,0.035
283,candidate_1,candidate_2,candidate_4,candidate_3,4,0.035
284,candidate_1,candidate_2,candidate_4,candidate_3,4,0.035
285,candidate_1,candidate_2,candidate_4,candidate_3,4,0.035
286,candidate_1,candidate_2,candidate_4,candidate_3,4,0.035
287,candidate_1,candidate_2,candidate_4,candidate_3,4,0.035
288,candidate_1,candidate_2,candidate_4,candidate_3,4,0.035
289,candidate_1,candidate_2,0,candidate_3,4,0.035
290,candidate_1,candidate_2,candidate_4,candidate_3,4,0.035
291,candidate_1,candidate_2,candidate_4,candidate_3,4,0.035
292,0,candidate_2,candidate_4,candidate_3,4,0.035
293,candidate_1,candidate_2,candidate_4,candidate_3,4,0.035
294,candidate_1,candidate_2,candidate_4,candidate_3,4,0.035
295,candidate_1,candidate_2,candidate_4,candidate_3,4,0.035
296,candidate_1,candidate_2,candidate_4,candidate_3,4,0.035
297,candidate_1,candidate_2,candidate_4,candidate_3,4,0.035
298,candidate_1,candidate_2,candidate_4,candidate_3,4,0.035
299,candidate_1,candidate_2,candidate_4,candidate_3,4,0.035
300,candidate_1,candidate_2,candidate_4,candidate_3,4,0.035
301,candidate_1,candidate_2,0,candidate_3,4,0.035
302,candidate_1,candidate_2,candidate_4,candidate_3,4,0.035
303,candidate_1,candidate_2,candidate_4,candidate_3,4,0.035
304,candidate_1,candidate_2,candidate_4,candidate_3,4,0.035
305,candidate_1,0,candidate_4,candidate_3,4,0.035
306,candidate_1,candidate_2,candidate_4,candidate_3,4,0.035
307,candidate_1,candidate_2,candidate_4,candidate_3,4,0.035
308,candidate_1,candidate_2,candidate_4,candidate_3,4,0.035
309,candidate_1,candidate_2,candidate_4,candidate_3,4,0.035
310,candidate_1,candidate_2,candidate_4,candidate_3,4,0.035
311,candidate_1,candidate_2,candidate_4,candidate_3,4,0.035
312,candidate_1,candidate_2,candidate_4,candidate_3,4,0.035
313,candidate_1,0,candidate_4,candidate_3,4,0.035
314,candidate_1,candidate_2,candidate_4,candidate_3,4,0.035
315,candidate_1,candidate_2,candidate_4,candidate_3,4,0.035
316,candidate_1,candidate_2,candidate_4,candidate_3,4,0.035
317,candidate_1,candidate_2,candidate_4,candidate_3,4,0.035
318,candidate_1,candidate_2,candidate_4,candidate_3,4,0.035
319,candidate_1,candidate_2,candidate_4,candidate_3,4,0.035
320,candidate_1,candidate_2,candidate_4,candidate_3,4,0.035
321,candidate_1,candidate_2,candidate_4,candidate_3,4,0.035
322,0,candidate_2,candidate_4,candidate_3,4,0.035
323,candidate_1,candidate_2,candidate_4,candidate_3,4,0.035
324,candidate_1,candidate_2,candidate_4,candidate_3,4,0.035
325,candidate_1,candidate_2,candidate_4,candidate_3,4,0.035
326,candidate_1,candidate_2,candidate_4,candidate_3,4,0.035
327,candidate_1,candidate_2,candidate_4,candidate_3,4,0.035
328,candidate_1,candidate_2,candidate_4,0,4,0.035
329,candidate_1,candidate_2,candidate_4,candidate_3,4,0.035
330,candidate_1,candidate_2,candidate_4,candidate_3,4,0.035
331,candidate_1,candidate_2,candidate_4,candidate_3,4,0.035
332,candidate_1,candidate_2,candidate_4,candidate_3,4,0.035
333,candidate_1,candidate_2,candidate_4,candidate_3,4,0.035
334,candidate_1,candidate_2,candidate_4,candidate_3,4,0.035
335,candidate_1,candidate_2,candidate_4,candidate_3,4,0.035
336,candidate_1,candidate_2,candidate_4,0,4,0.035
337,candidate_1,candidate_2,candidate_4,candidate_3,4,0.035
338,candidate_1,candidate_2,candidate_4,candidate_3,4,0.035
339,candidate_1,candidate_2,0,candidate_3,4,0.035
340,candidate_1,candidate_2,candidate_4,candidate_3,4,0.035
341,candidate_1,candidate_2,candidate_4,candidate_3,4,0.035
342,candidate_1,candidate_2,candidate_4,candidate_3,4,0.035
343,candidate_1,candidate_2,candidate_4,candidate_3,4,0.035
344,candidate_1,candidate_2,candidate_4,candidate_3,4,0.035
345,candidate_1,candidate_2,candidate_4,candidate_3,4,0.035
346,candidate_1,candidate_2,candidate_4,candidate_3,4,0.035
347,candidate_1,candidate_2,candidate_4,candidate_3,4,0.035
348,candidate_1,candidate_2,candidate_4,candidate_3,4,0.035
349,candidate_1,candidate_2,candidate_4,candidate_3,4,0.035
350,candidate_1,candidate_2,candidate_4,candidate_3,4,0.035
351,candidate_1,candidate_2,candidate_4,candidate_3,4,0.035
352,candidate_1,candidate_2,candidate_4,candidate_3,4,0.035
353,candidate_1,candidate_2,candidate_4,candidate_3,4,0.035
354,candidate_1,0,candidate_4,candidate_3,4,0.035
355,candidate_1,candidate_2,candidate_4,candidate_3,4,0.035
356,candidate_1,candidate_2,candidate_4,candidate_3,4,0.035
357,candidate_1,candidate_2,candidate_4,candidate_3,4,0.035
358,candidate_1,candidate_2,candidate_4,candidate_3,4,0.035
359,candidate_1,candidate_2,candidate_4,candidate_3,4,0.035
360,candidate_1,candidate_2,candidate_4,candidate_3,4,0.035
361,candidate_1,candidate_2,candidate_4,candidate_3,4,0.035
362,0,candidate_2,candidate_4,candidate_3,4,0.035
363,candidate_1,candidate_2,candidate_4,candidate_3,4,0.035
364,candidate_1,candidate_2,candidate_4,candidate_3,4,0.035
365,candidate_1,candidate_2,candidate_4,candidate_3,4,0.035
366,candidate_1,candidate_2,candidate_4,candidate_3,4,0.035
367,candidate_1,candidate_2,candidate_4,candidate_3,4,0.035
368,candidate_1,candidate_2,candidate_4,candidate_3,4,0.035
369,candidate_1,candidate_2,candidate_4,candidate_3,4,0.035
370,candidate_1,candidate_2,candidate_4,candidate_3,4,0.035
371,candidate_1,candidate_2,candidate_4,candidate_3,4,0.035
372,candidate_1,candidate_2,candidate_4,candidate_3,4,0.035
373,candidate_1,candidate_2,candidate_4,candidate_3,4,0.035
374,candidate_1,candidate_2,candidate_4,candidate_3,4,0.035
375,candidate_1,candidate_2,candidate_4,candidate_3,4,0.035
376,candidate_1,candidate_2,candidate_4,candidate_3,4,0.035
377,candidate_1,candidate_2,candidate_4,candidate_3,4,0.035
378,candidate_1,candidate_2,candidate_4,candidate_3,4,0.035
379,candidate_1,candidate_2,candidate_4,candidate_3,4,0.035
380,candidate_1,candidate_2,candidate_4,candidate_3,4,0.035
381,candidate_1,candidate_2,candidate_4,candidate_3,4,0.035
382,candidate_1,candidate_2,candidate_4,candidate_3,4,0.035
383,candidate_1,candidate_2,candidate_4,candidate_3,4,0.035
384,candidate_1,candidate_2,candidate_4,candidate_3,4,0.035
385,candidate_1,candidate_2,candidate_4,candidate_3,4,0.035
386,candidate_1,candidate_2,candidate_4,candidate_3,4,0.035
387,candidate_1,candidate_2,candidate_4,candidate_3,4,0.035
388,candidate_1,candidate_2,candidate_4,0,4,0.035
389,candidate_1,candidate_2,candidate_4,candidate_3,4,0.035
390,candidate_1,candidate_2,candidate_4,0,4,0.035
391,0,candidate_2,candidate_4,candidate_3,4,0.035
392,candidate_1,candidate_2,candidate_4,candidate_3,4,0.035
393,candidate_1,candidate_2,candidate_4,candidate_3,4,0.035
394,candidate_1,candidate_2,candidate_4,candidate_3,4,0.035
395,candidate_1,candidate_2,candidate_4,candidate_3,4,0.035
396,candidate_1,0,candidate_4,candidate_3,4,0.035
397,candidate_1,candidate_2,candidate_4,candidate_3,4,0.035
398,candidate_1,candidate_2,candidate_4,candidate_3,4,0.035
399,candidate_1,candidate_2,candidate_4,candidate_3,4,0.035
400,candidate_1,candidate_2,candidate_4,candidate_3,4,0.035
401,candidate_1,candidate_2,candidate_4,candidate_3,4,0.035
402,candidate_1,candidate_2,candidate_4,candidate_3,4,0.035
403,candidate_1,candidate_2,candidate_4,candidate_3,4,0.035
404,candidate_1,candidate_2,candidate_4,0,4,0.035
405,candidate_1,candidate_2,candidate_4,candidate_3,4,0.035
406,candidate_1,candidate_2,0,candidate_3,4,0.035
407,candidate_1,candidate_2,candidate_4,candidate_3,4,0.035
408,candidate_1,candidate_2,candidate_4,candidate_3,4,0.035
409,candidate_1,candidate_2,candidate_4,candidate_3,4,0.035
410,candidate_1,candidate_2,candidate_4,candidate_3,4,0.035
411,candidate_1,candidate_2,candidate_4,candidate_3,4,0.035
412,candidate_1,candidate_2,candidate_4,candidate_3,4,0.035
413,candidate_1,candidate_2,candidate_4,candidate_3,4,0.035
414,candidate_1,candidate_2,candidate_4,candidate_3,4,0.035
415,candidate_1,candidate_2,candidate_4,candidate_3,4,0.035
416,candidate_1,candidate_2,candidate_4,candidate_3,4,0.035
417,candidate_1,candidate_2,candidate_4,candidate_3,4,0.035
418,candidate_1,candidate_2,candidate_4,candidate_3,4,0.035
419,candidate_1,candidate_2,candidate_4,candidate_3,4,0.035
420,candidate_1,candidate_2,candidate_4,candidate_3,4,0.035
421,candidate_1,candidate_2,candidate_4,candidate_3,4,0.035
422,candidate_1,candidate_2,candidate_4,candidate_3,4,0.035
423,candidate_1,candidate_2,candidate_4,candidate_3,4,0.035
424,0,candidate_2,candidate_4,candidate_3,4,0.035
425,candidate_1,candidate_2,candidate_4,candidate_3,4,0.035
426,candidate_1,0,candidate_4,candidate_3,4,0.035
427,candidate_1,candidate_2,candidate_4,candidate_3,4,0.035
428,candidate_1,candidate_2,candidate_4,candidate_3,4,0.035
429,candidate_1,candidate_2,candidate_4,candidate_3,4,0.035
430,candidate_1,candidate_2,candidate_4,candidate_3,4,0.035
431,candidate_1,candidate_2,candidate_4,candidate_3,4,0.035
432,candidate_1,candidate_2,candidate_4,candidate_3,4,0.035
433,0,candidate_2,candidate_4,candidate_3,4,0.035
434,candidate_1,candidate_2,candidate_4,candidate_3,4,0.035
435,candidate_1,candidate_2,candidate_4,candidate_3,4,0.035
436,candidate_1,candidate_2,candidate_4,candidate_3,4,0.035
437,candidate_1,candidate_2,candidate_4,candidate_3,4,0.035
438,candidate_1,candidate_2,candidate_4,candidate_3,4,0.035
439,candidate_1,candidate_2,candidate_4,candidate_3,4,0.035
440,candidate_1,candidate_2,candidate_4,candidate_3,4,0.035
441,candidate_1,candidate_2,candidate_4,candidate_3,4,0.035
442,candidate_1,candidate_2,candidate_4,candidate_3,4,0.035
443,candidate_1,candidate_2,candidate_4,candidate_3,4,0.035
444,candidate_1,candidate_2,candidate_4,candidate_3,4,0.035
445,candidate_1,candidate_2,candidate_4,candidate_3,4,0.035
446,candidate_1,candidate_2,candidate_4,candidate_3,4,0.035
447,candidate_1,candidate_2,candidate_4,candidate_3,4,0.035
448,candidate_1,candidate_2,candidate_4,candidate_3,4,0.035
449,candidate_1,candidate_2,candidate_4,candidate_3,4,0.035
450,0,0,candidate_4,candidate_3,4,0.035
451,candidate_1,candidate_2,candidate_4,candidate_3,4,0.035
452,candidate_1,candidate_2,0,candidate_3,4,0.035
453,candidate_1,candidate_2,0,candidate_3,4,0.035
454,candidate_1,candidate_2,candidate_4,candidate_3,4,0.035
455,candidate_1,candidate_2,candidate_4,candidate_3,4,0.035
456,candidate_1,candidate_2,candidate_4,candidate_3,4,0.035
457,candidate_1,candidate_2,candidate_4,candidate_3,4,0.035
458,candidate_1,candidate_2,candidate_4,candidate_3,4,0.035
459,candidate_1,candidate_2,candidate_4,candidate_3,4,0.035
460,candidate_1,candidate_2,candidate_4,candidate_3,4,0.035
461,candidate_1,candidate_2,candidate_4,candidate_3,4,0.035
462,candidate_1,candidate_2,candidate_4,candidate_3,4,0.035
463,candidate_1,candidate_2,candidate_4,candidate_3,4,0.035
464,candidate_1,candidate_2,candidate_4,candidate_3,4,0.035
465,candidate_1,candidate_2,candidate_4,candidate_3,4,0.035
466,candidate_1,candidate_2,candidate_4,candidate_3,4,0.035
467,candidate_1,candidate_2,candidate_4,candidate_3,4,0.035
468,candidate_1,candidate_2,candidate_4,candidate_3,4,0.035
469,candidate_1,candidate_2,candidate_4,candidate_3,4,0.035
470,candidate_1,candidate_2,candidate_4,candidate_3,4,0.035
471,candidate_1,candidate_2,candidate_4,candidate_3,4,0.035
472,candidate_1,candidate_2,candidate_4,candidate_3,4,0.035
473,candidate_1,candidate_2,candidate_4,candidate_3,4,0.035
474,candidate_1,candidate_2,candidate_4,candidate_3,4,0.035
475,candidate_1,candidate_2,candidate_4,candidate_3,4,0.035
476,candidate_1,candidate_2,candidate_4,candidate_3,4,0.035
477,candidate_1,candidate_2,candidate_4,candidate_3,4,0.035
478,candidate_1,candidate_2,candidate_4,candidate_3,4,0.035
479,candidate_1,candidate_2,candidate_4,candidate_3,4,0.035
480,candidate_1,candidate_2,candidate_4,candidate_3,4,0.035
481,candidate_1,candidate_2,candidate_4,candidate_3,4,0.035
482,candidate_1,candidate_2,candidate_4,candidate_3,4,0.035
483,candidate_1,candidate_2,candidate_4,candidate_3,4,0.035
484,candidate_1,candidate_2,candidate_4,candidate_3,4,0.035
485,candidate_1,candidate_2,candidate_4,candidate_3,4,0.035
486,candidate_1,candidate_2,candidate_4,candidate_3,4,0.035
487,candidate_1,candidate_2,candidate_4,candidate_3,4,0.035
488,candidate_1,candidate_2,candidate_4,candidate_3,4,0.035
489,candidate_1,candidate_2,0,candidate_3,4,0.035
490,candidate_1,candidate_2,candidate_4,candidate_3,4,0.035
491,candidate_1,candidate_2,candidate_4,candidate_3,4,0.035
492,candidate_1,candidate_2,candidate_4,candidate_3,4,0.035
493,candidate_1,0,candidate_4,candidate_3,4,0.035
494,candidate_1,candidate_2,candidate_4,candidate_3,4,0.035
495,candidate_1,candidate_2,candidate_4,candidate_3,4,0.035
496,candidate_1,candidate_2,candidate_4,candidate_3,4,0.035
497,candidate_1,0,candidate_4,candidate_3,4,0.035
498,0,candidate_2,candidate_4,0,4,0.035
499,candidate_1,candidate_2,candidate_4,candidate_3,4,0.035
500,candidate_1,candidate_2,candidate_4,candidate_3,4,0.035
501,candidate_1,candidate_2,candidate_4,0,4,0.035
0,candidate_1,candidate_3,candidate_2,candidate_4,4,0.035
1,candidate_1,0,candidate_2,candidate_4,4,0.035
2,candidate_1,candidate_3,candidate_2,candidate_4,4,0.035
3,candidate_1,candidate_3,candidate_2,candidate_4,4,0.035
4,candidate_1,candidate_3,candidate_2,candidate_4,4,0.035
5,candidate_1,candidate_3,candidate_2,candidate_4,4,0.035
6,candidate_1,candidate_3,candidate_2,candidate_4,4,0.035
7,candidate_1,candidate_3,candidate_2,candidate_4,4,0.035
8,candidate_1,candidate_3,candidate_2,candidate_4,4,0.035
9,candidate_1,candidate_3,candidate_2,candidate_4,4,0.035
10,candidate_1,candidate_3,candidate_2,candidate_4,4,0.035
11,candidate_1,candidate_3,candidate_2,candidate_4,4,0.035
12,candidate_1,candidate_3,candidate_2,candidate_4,4,0.035
13,candidate_1,candidate_3,candidate_2,candidate_4,4,0.035
14,candidate_1,candidate_3,candidate_2,candidate_4,4,0.035
15,0,candidate_3,candidate_2,candidate_4,4,0.035
16,candidate_1,candidate_3,candidate_2,candidate_4,4,0.035
17,candidate_1,candidate_3,candidate_2,candidate_4,4,0.035
18,candidate_1,candidate_3,candidate_2,candidate_4,4,0.035
19,candidate_1,candidate_3,candidate_2,candidate_4,4,0.035
20,candidate_1,candidate_3,candidate_2,candidate_4,4,0.035
21,candidate_1,candidate_3,candidate_2,candidate_4,4,0.035
22,candidate_1,candidate_3,candidate_2,candidate_4,4,0.035
23,candidate_1,candidate_3,candidate_2,candidate_4,4,0.035
24,candidate_1,candidate_3,candidate_2,candidate_4,4,0.035
25,candidate_1,candidate_3,candidate_2,candidate_4,4,0.035
26,candidate_1,candidate_3,candidate_2,candidate_4,4,0.035
27,0,candidate_3,candidate_2,candidate_4,4,0.035
28,candidate_1,candidate_3,candidate_2,candidate_4,4,0.035
29,candidate_1,candidate_3,candidate_2,candidate_4,4,0.035
30,candidate_1,candidate_3,candidate_2,candidate_4,4,0.035
31,candidate_1,candidate_3,candidate_2,candidate_4,4,0.035
32,candidate_1,candidate_3,candidate_2,candidate_4,4,0.035
33,candidate_1,0,candidate_2,candidate_4,4,0.035
34,candidate_1,candidate_3,candidate_2,candidate_4,4,0.035
35,candidate_1,candidate_3,candidate_2,candidate_4,4,0.035
36,candidate_1,candidate_3,candidate_2,candidate_4,4,0.035
37,candidate_1,candidate_3,candidate_2,candidate_4,4,0.035
38,candidate_1,candidate_3,candidate_2,candidate_4,4,0.035
39,candidate_1,candidate_3,candidate_2,candidate_4,4,0.035
40,candidate_1,candidate_3,0,0,4,0.035
41,candidate_1,candidate_3,candidate_2,candidate_4,4,0.035
42,candidate_1,candidate_3,candidate_2,candidate_4,4,0.035
43,candidate_1,candidate_3,candidate_2,candidate_4,4,0.035
44,candidate_1,candidate_3,candidate_2,candidate_4,4,0.035
45,candidate_1,candidate_3,candidate_2,candidate_4,4,0.035
46,candidate_1,candidate_3,candidate_2,candidate_4,4,0.035
47,candidate_1,candidate_3,candidate_2,candidate_4,4,0.035
48,candidate_1,candidate_3,candidate_2,candidate_4,4,0.035
49,candidate_1,candidate_3,candidate_2,candidate_4,4,0.035
50,candidate_1,candidate_3,candidate_2,candidate_4,4,0.035
51,candidate_1,candidate_3,candidate_2,candidate_4,4,0.035
52,candidate_1,candidate_3,candidate_2,candidate_4,4,0.035
53,candidate_1,candidate_3,candidate_2,candidate_4,4,0.035
54,candidate_1,candidate_3,candidate_2,candidate_4,4,0.035
55,candidate_1,candidate_3,candidate_2,candidate_4,4,0.035
56,candidate_1,candidate_3,candidate_2,candidate_4,4,0.035
57,candidate_1,candidate_3,candidate_2,candidate_4,4,0.035
58,candidate_1,candidate_3,candidate_2,candidate_4,4,0.035
59,candidate_1,candidate_3,candidate_2,candidate_4,4,0.035
60,candidate_1,candidate_3,candidate_2,candidate_4,4,0.035
61,candidate_1,candidate_3,candidate_2,candidate_4,4,0.035
62,candidate_1,candidate_3,0,candidate_4,4,0.035
63,candidate_1,candidate_3,0,candidate_4,4,0.035
64,candidate_1,candidate_3,candidate_2,candidate_4,4,0.035
65,candidate_1,candidate_3,candidate_2,candidate_4,4,0.035
66,candidate_1,candidate_3,candidate_2,candidate_4,4,0.035
67,candidate_1,candidate_3,candidate_2,candidate_4,4,0.035
68,candidate_1,candidate_3,candidate_2,candidate_4,4,0.035
69,candidate_1,candidate_3,candidate_2,candidate_4,4,0.035
70,candidate_1,candidate_3,candidate_2,candidate_4,4,0.035
71,candidate_1,candidate_3,candidate_2,candidate_4,4,0.035
72,candidate_1,candidate_3,candidate_2,candidate_4,4,0.035
73,candidate_1,candidate_3,candidate_2,candidate_4,4,0.035
74,candidate_1,candidate_3,candidate_2,candidate_4,4,0.035
75,candidate_1,candidate_3,candidate_2,candidate_4,4,0.035
76,candidate_1,candidate_3,candidate_2,0,4,0.035
77,candidate_1,candidate_3,candidate_2,candidate_4,4,0.035
78,0,candidate_3,candidate_2,candidate_4,4,0.035
79,candidate_1,candidate_3,candidate_2,0,4,0.035
80,candidate_1,candidate_3,candidate_2,candidate_4,4,0.035
81,candidate_1,candidate_3,candidate_2,candidate_4,4,0.035
82,candidate_1,candidate_3,candidate_2,candidate_4,4,0.035
83,candidate_1,candidate_3,candidate_2,candidate_4,4,0.035
84,candidate_1,candidate_3,candidate_2,0,4,0.035
85,candidate_1,candidate_3,candidate_2,candidate_4,4,0.035
86,candidate_1,candidate_3,candidate_2,candidate_4,4,0.035
87,candidate_1,candidate_3,candidate_2,candidate_4,4,0.035
88,candidate_1,candidate_3,candidate_2,candidate_4,4,0.035
89,candidate_1,candidate_3,candidate_2,candidate_4,4,0.035
90,candidate_1,candidate_3,candidate_2,candidate_4,4,0.035
91,candidate_1,candidate_3,candidate_2,candidate_4,4,0.035
92,candidate_1,candidate_3,candidate_2,candidate_4,4,0.035
93,candidate_1,candidate_3,candidate_2,candidate_4,4,0.035
94,candidate_1,candidate_3,candidate_2,0,4,0.035
95,candidate_1,candidate_3,candidate_2,candidate_4,4,0.035
96,candidate_1,candidate_3,candidate_2,candidate_4,4,0.035
97,candidate_1,candidate_3,candidate_2,candidate_4,4,0.035
98,candidate_1,candidate_3,0,candidate_4,4,0.035
99,candidate_1,candidate_3,candidate_2,candidate_4,4,0.035
100,candidate_1,candidate_3,candidate_2,candidate_4,4,0.035
101,0,candidate_3,candidate_2,candidate_4,4,0.035
102,candidate_1,candidate_3,candidate_2,candidate_4,4,0.035
103,candidate_1,candidate_3,candidate_2,candidate_4,4,0.035
104,candidate_1,candidate_3,candidate_2,candidate_4,4,0.035
105,candidate_1,candidate_3,candidate_2,candidate_4,4,0.035
106,candidate_1,0,candidate_2,candidate_4,4,0.035
107,candidate_1,candidate_3,candidate_2,candidate_4,4,0.035
108,candidate_1,candidate_3,candidate_2,candidate_4,4,0.035
109,candidate_1,candidate_3,candidate_2,0,4,0.035
110,candidate_1,candidate_3,candidate_2,candidate_4,4,0.035
111,candidate_1,candidate_3,candidate_2,candidate_4,4,0.035
112,candidate_1,candidate_3,candidate_2,candidate_4,4,0.035
113,candidate_1,candidate_3,candidate_2,candidate_4,4,0.035
114,candidate_1,candidate_3,candidate_2,candidate_4,4,0.035
115,candidate_1,candidate_3,candidate_2,0,4,0.035
116,candidate_1,candidate_3,candidate_2,candidate_4,4,0.035
117,candidate_1,candidate_3,candidate_2,candidate_4,4,0.035
118,candidate_1,candidate_3,candidate_2,candidate_4,4,0.035
119,candidate_1,candidate_3,candidate_2,candidate_4,4,0.035
120,candidate_1,candidate_3,candidate_2,candidate_4,4,0.035
121,candidate_1,candidate_3,candidate_2,candidate_4,4,0.035
122,candidate_1,candidate_3,candidate_2,candidate_4,4,0.035
123,candidate_1,candidate_3,candidate_2,candidate_4,4,0.035
124,candidate_1,candidate_3,candidate_2,candidate_4,4,0.035
125,candidate_1,candidate_3,candidate_2,candidate_4,4,0.035
126,candidate_1,candidate_3,candidate_2,candidate_4,4,0.035
127,candidate_1,candidate_3,candidate_2,candidate_4,4,0.035
128,candidate_1,candidate_3,candidate_2,candidate_4,4,0.035
129,candidate_1,candidate_3,candidate_2,candidate_4,4,0.035
130,candidate_1,candidate_3,candidate_2,candidate_4,4,0.035
131,candidate_1,candidate_3,candidate_2,candidate_4,4,0.035
132,candidate_1,candidate_3,candidate_2,candidate_4,4,0.035
133,candidate_1,0,candidate_2,candidate_4,4,0.035
134,candidate_1,candidate_3,candidate_2,candidate_4,4,0.035
135,candidate_1,candidate_3,candidate_2,candidate_4,4,0.035
136,candidate_1,candidate_3,candidate_2,candidate_4,4,0.035
137,candidate_1,candidate_3,candidate_2,candidate_4,4,0.035
138,candidate_1,candidate_3,candidate_2,candidate_4,4,0.035
139,candidate_1,candidate_3,candidate_2,candidate_4,4,0.035
140,candidate_1,candidate_3,candidate_2,candidate_4,4,0.035
141,candidate_1,candidate_3,candidate_2,candidate_4,4,0.035
142,candidate_1,candidate_3,candidate_2,candidate_4,4,0.035
143,candidate_1,candidate_3,candidate_2,candidate_4,4,0.035
144,candidate_1,candidate_3,candidate_2,candidate_4,4,0.035
145,candidate_1,candidate_3,candidate_2,candidate_4,4,0.035
146,candidate_1,candidate_3,candidate_2,candidate_4,4,0.035
147,candidate_1,candidate_3,candidate_2,candidate_4,4,0.035
148,candidate_1,candidate_3,candidate_2,candidate_4,4,0.035
149,candidate_1,0,candidate_2,candidate_4,4,0.035
150,candidate_1,candidate_3,candidate_2,candidate_4,4,0.035
151,candidate_1,candidate_3,candidate_2,candidate_4,4,0.035
152,candidate_1,candidate_3,candidate_2,candidate_4,4,0.035
153,0,candidate_3,candidate_2,candidate_4,4,0.035
154,0,candidate_3,candidate_2,candidate_4,4,0.035
155,candidate_1,candidate_3,candidate_2,candidate_4,4,0.035
156,candidate_1,candidate_3,candidate_2,candidate_4,4,0.035
157,candidate_1,candidate_3,candidate_2,candidate_4,4,0.035
158,candidate_1,0,0,candidate_4,4,0.035
159,candidate_1,candidate_3,0,candidate_4,4,0.035
160,candidate_1,candidate_3,candidate_2,candidate_4,4,0.035
161,candidate_1,candidate_3,candidate_2,candidate_4,4,0.035
162,candidate_1,candidate_3,candidate_2,candidate_4,4,0.035
163,candidate_1,candidate_3,candidate_2,candidate_4,4,0.035
164,candidate_1,candidate_3,candidate_2,candidate_4,4,0.035
165,candidate_1,candidate_3,candidate_2,candidate_4,4,0.035
166,candidate_1,candidate_3,candidate_2,candidate_4,4,0.035
167,candidate_1,candidate_3,candidate_2,candidate_4,4,0.035
168,candidate_1,candidate_3,candidate_2,candidate_4,4,0.035
169,candidate_1,candidate_3,candidate_2,candidate_4,4,0.035
170,candidate_1,candidate_3,candidate_2,candidate_4,4,0.035
171,candidate_1,candidate_3,candidate_2,candidate_4,4,0.035
172,candidate_1,candidate_3,candidate_2,candidate_4,4,0.035
173,candidate_1,candidate_3,candidate_2,candidate_4,4,0.035
174,candidate_1,candidate_3,candidate_2,candidate_4,4,0.035
175,candidate_1,candidate_3,candidate_2,candidate_4,4,0.035
176,0,candidate_3,candidate_2,candidate_4,4,0.035
177,candidate_1,candidate_3,candidate_2,candidate_4,4,0.035
178,candidate_1,candidate_3,candidate_2,0,4,0.035
179,candidate_1,candidate_3,candidate_2,candidate_4,4,0.035
180,candidate_1,candidate_3,candidate_2,candidate_4,4,0.035
181,candidate_1,candidate_3,candidate_2,candidate_4,4,0.035
182,candidate_1,candidate_3,candidate_2,candidate_4,4,0.035
183,candidate_1,candidate_3,candidate_2,candidate_4,4,0.035
184,candidate_1,candidate_3,candidate_2,candidate_4,4,0.035
185,candidate_1,candidate_3,candidate_2,candidate_4,4,0.035
186,candidate_1,candidate_3,candidate_2,candidate_4,4,0.035
187,candidate_1,candidate_3,candidate_2,candidate_4,4,0.035
188,candidate_1,candidate_3,candidate_2,candidate_4,4,0.035
189,candidate_1,candidate_3,candidate_2,candidate_4,4,0.035
190,candidate_1,candidate_3,candidate_2,candidate_4,4,0.035
191,candidate_1,candidate_3,candidate_2,candidate_4,4,0.035
192,candidate_1,candidate_3,candidate_2,candidate_4,4,0.035
193,candidate_1,candidate_3,candidate_2,candidate_4,4,0.035
194,candidate_1,candidate_3,candidate_2,candidate_4,4,0.035
195,candidate_1,candidate_3,candidate_2,candidate_4,4,0.035
196,candidate_1,candidate_3,candidate_2,candidate_4,4,0.035
197,candidate_1,candidate_3,candidate_2,candidate_4,4,0.035
198,candidate_1,candidate_3,candidate_2,candidate_4,4,0.035
199,candidate_1,candidate_3,candidate_2,candidate_4,4,0.035
200,candidate_1,candidate_3,candidate_2,candidate_4,4,0.035
201,candidate_1,candidate_3,candidate_2,candidate_4,4,0.035
202,candidate_1,candidate_3,candidate_2,candidate_4,4,0.035
203,candidate_1,candidate_3,candidate_2,candidate_4,4,0.035
204,candidate_1,candidate_3,candidate_2,candidate_4,4,0.035
205,candidate_1,candidate_3,candidate_2,candidate_4,4,0.035
206,candidate_1,candidate_3,candidate_2,candidate_4,4,0.035
207,candidate_1,candidate_3,candidate_2,candidate_4,4,0.035
208,candidate_1,candidate_3,candidate_2,candidate_4,4,0.035
209,candidate_1,candidate_3,candidate_2,candidate_4,4,0.035
210,0,candidate_3,candidate_2,candidate_4,4,0.035
211,candidate_1,candidate_3,candidate_2,candidate_4,4,0.035
212,candidate_1,candidate_3,candidate_2,candidate_4,4,0.035
213,candidate_1,candidate_3,candidate_2,0,4,0.035
214,candidate_1,candidate_3,candidate_2,candidate_4,4,0.035
215,candidate_1,candidate_3,candidate_2,candidate_4,4,0.035
216,candidate_1,candidate_3,candidate_2,candidate_4,4,0.035
217,candidate_1,candidate_3,candidate_2,candidate_4,4,0.035
218,candidate_1,candidate_3,candidate_2,candidate_4,4,0.035
219,candidate_1,candidate_3,candidate_2,candidate_4,4,0.035
220,candidate_1,candidate_3,candidate_2,candidate_4,4,0.035
221,candidate_1,candidate_3,candidate_2,candidate_4,4,0.035
222,candidate_1,candidate_3,candidate_2,candidate_4,4,0.035
223,candidate_1,candidate_3,candidate_2,candidate_4,4,0.035
224,candidate_1,candidate_3,candidate_2,candidate_4,4,0.035
225,candidate_1,candidate_3,candidate_2,candidate_4,4,0.035
226,candidate_1,candidate_3,candidate_2,candidate_4,4,0.035
227,candidate_1,candidate_3,candidate_2,candidate_4,4,0.035
228,candidate_1,candidate_3,candidate_2,candidate_4,4,0.035
229,candidate_1,candidate_3,candidate_2,candidate_4,4,0.035
230,candidate_1,candidate_3,candidate_2,candidate_4,4,0.035
231,candidate_1,candidate_3,0,candidate_4,4,0.035
232,candidate_1,candidate_3,candidate_2,candidate_4,4,0.035
233,candidate_1,candidate_3,candidate_2,candidate_4,4,0.035
234,candidate_1,candidate_3,0,candidate_4,4,0.035
235,candidate_1,candidate_3,candidate_2,candidate_4,4,0.035
236,candidate_1,0,candidate_2,candidate_4,4,0.035
237,candidate_1,candidate_3,candidate_2,0,4,0.035
238,candidate_1,candidate_3,candidate_2,candidate_4,4,0.035
239,candidate_1,candidate_3,candidate_2,candidate_4,4,0.035
240,candidate_1,candidate_3,candidate_2,candidate_4,4,0.035
241,candidate_1,candidate_3,candidate_2,candidate_4,4,0.035
242,candidate_1,candidate_3,candidate_2,candidate_4,4,0.035
243,candidate_1,candidate_3,candidate_2,candidate_4,4,0.035
244,candidate_1,candidate_3,candidate_2,candidate_4,4,0.035
245,candidate_1,candidate_3,candidate_2,candidate_4,4,0.035
246,candidate_1,candidate_3,candidate_2,0,4,0.035
247,candidate_1,candidate_3,candidate_2,candidate_4,4,0.035
248,candidate_1,candidate_3,candidate_2,candidate_4,4,0.035
249,candidate_1,candidate_3,candidate_2,candidate_4,4,0.035
250,candidate_1,candidate_3,candidate_2,candidate_4,4,0.035
251,candidate_1,candidate_3,candidate_2,candidate_4,4,0.035
252,candidate_1,candidate_3,candidate_2,candidate_4,4,0.035
253,candidate_1,candidate_3,candidate_2,candidate_4,4,0.035
254,candidate_1,candidate_3,candidate_2,candidate_4,4,0.035
255,candidate_1,candidate_3,candidate_2,candidate_4,4,0.035
256,candidate_1,candidate_3,candidate_2,candidate_4,4,0.035
257,candidate_1,candidate_3,candidate_2,candidate_4,4,0.035
258,candidate_1,candidate_3,candidate_2,candidate_4,4,0.035
259,candidate_1,candidate_3,candidate_2,candidate_4,4,0.035
260,0,candidate_3,candidate_2,candidate_4,4,0.035
261,candidate_1,candidate_3,candidate_2,candidate_4,4,0.035
262,candidate_1,candidate_3,candidate_2,candidate_4,4,0.035
263,candidate_1,candidate_3,candidate_2,candidate_4,4,0.035
264,candidate_1,candidate_3,candidate_2,candidate_4,4,0.035
265,candidate_1,candidate_3,candidate_2,candidate_4,4,0.035
266,candidate_1,0,candidate_2,candidate_4,4,0.035
267,candidate_1,0,candidate_2,candidate_4,4,0.035
268,candidate_1,candidate_3,candidate_2,candidate_4,4,0.035
269,candidate_1,candidate_3,candidate_2,candidate_4,4,0.035
270,candidate_1,candidate_3,candidate_2,candidate_4,4,0.035
271,candidate_1,candidate_3,candidate_2,candidate_4,4,0.035
272,candidate_1,candidate_3,candidate_2,0,4,0.035
273,candidate_1,candidate_3,candidate_2,candidate_4,4,0.035
274,candidate_1,candidate_3,candidate_2,candidate_4,4,0.035
275,candidate_1,candidate_3,candidate_2,candidate_4,4,0.035
276,candidate_1,candidate_3,candidate_2,candidate_4,4,0.035
277,candidate_1,candidate_3,candidate_2,candidate_4,4,0.035
278,candidate_1,candidate_3,candidate_2,candidate_4,4,0.035
279,candidate_1,candidate_3,candidate_2,candidate_4,4,0.035
280,candidate_1,candidate_3,candidate_2,candidate_4,4,0.035
281,candidate_1,candidate_3,candidate_2,candidate_4,4,0.035
282,candidate_1,candidate_3,candidate_2,candidate_4,4,0.035
283,candidate_1,candidate_3,candidate_2,candidate_4,4,0.035
284,candidate_1,candidate_3,candidate_2,candidate_4,4,0.035
285,candidate_1,candidate_3,candidate_2,candidate_4,4,0.035
286,candidate_1,candidate_3,candidate_2,candidate_4,4,0.035
287,candidate_1,candidate_3,candidate_2,candidate_4,4,0.035
288,candidate_1,candidate_3,candidate_2,candidate_4,4,0.035
289,0,candidate_3,candidate_2,candidate_4,4,0.035
0,candidate_1,candidate_3,0,candidate_2,4,0.035
1,candidate_1,candidate_3,candidate_4,candidate_2,4,0.035
2,candidate_1,candidate_3,candidate_4,candidate_2,4,0.035
3,candidate_1,candidate_3,candidate_4,0,4,0.035
4,candidate_1,candidate_3,candidate_4,candidate_2,4,0.035
5,candidate_1,candidate_3,candidate_4,candidate_2,4,0.035
6,candidate_1,candidate_3,candidate_4,candidate_2,4,0.035
7,candidate_1,candidate_3,candidate_4,candidate_2,4,0.035
8,candidate_1,candidate_3,candidate_4,candidate_2,4,0.035
9,candidate_1,candidate_3,candidate_4,candidate_2,4,0.035
10,candidate_1,candidate_3,candidate_4,candidate_2,4,0.035
11,candidate_1,candidate_3,candidate_4,candidate_2,4,0.035
12,candidate_1,candidate_3,candidate_4,candidate_2,4,0.035
13,candidate_1,candidate_3,candidate_4,candidate_2,4,0.035
14,candidate_1,candidate_3,candidate_4,candidate_2,4,0.035
15,candidate_1,candidate_3,candidate_4,candidate_2,4,0.035
16,candidate_1,candidate_3,candidate_4,candidate_2,4,0.035
17,candidate_1,candidate_3,candidate_4,candidate_2,4,0.035
18,candidate_1,candidate_3,candidate_4,candidate_2,4,0.035
19,candidate_1,candidate_3,candidate_4,candidate_2,4,0.035
20,candidate_1,candidate_3,candidate_4,candidate_2,4,0.035
21,candidate_1,candidate_3,candidate_4,candidate_2,4,0.035
22,candidate_1,candidate_3,candidate_4,candidate_2,4,0.035
23,candidate_1,candidate_3,candidate_4,candidate_2,4,0.035
24,candidate_1,candidate_3,candidate_4,candidate_2,4,0.035
25,candidate_1,candidate_3,candidate_4,candidate_2,4,0.035
26,candidate_1,candidate_3,candidate_4,0,4,0.035
27,candidate_1,candidate_3,candidate_4,candidate_2,4,0.035
28,candidate_1,candidate_3,0,candidate_2,4,0.035
29,candidate_1,candidate_3,candidate_4,candidate_2,4,0.035
30,candidate_1,candidate_3,candidate_4,candidate_2,4,0.035
31,candidate_1,candidate_3,candidate_4,0,4,0.035
32,candidate_1,candidate_3,candidate_4,candidate_2,4,0.035
33,candidate_1,candidate_3,candidate_4,0,4,0.035
34,candidate_1,candidate_3,candidate_4,candidate_2,4,0.035
35,candidate_1,candidate_3,candidate_4,candidate_2,4,0.035
36,candidate_1,candidate_3,candidate_4,candidate_2,4,0.035
37,candidate_1,candidate_3,candidate_4,candidate_2,4,0.035
38,candidate_1,candidate_3,candidate_4,candidate_2,4,0.035
39,candidate_1,candidate_3,candidate_4,candidate_2,4,0.035
40,candidate_1,candidate_3,candidate_4,candidate_2,4,0.035
41,candidate_1,candidate_3,candidate_4,candidate_2,4,0.035
42,candidate_1,candidate_3,candidate_4,candidate_2,4,0.035
43,candidate_1,candidate_3,candidate_4,candidate_2,4,0.035
44,candidate_1,candidate_3,candidate_4,candidate_2,4,0.035
45,candidate_1,candidate_3,candidate_4,candidate_2,4,0.035
46,candidate_1,candidate_3,candidate_4,candidate_2,4,0.035
47,candidate_1,candidate_3,candidate_4,candidate_2,4,0.035
48,candidate_1,candidate_3,candidate_4,candidate_2,4,0.035
49,candidate_1,candidate_3,candidate_4,candidate_2,4,0.035
50,candidate_1,candidate_3,candidate_4,candidate_2,4,0.035
51,candidate_1,candidate_3,candidate_4,0,4,0.035
52,candidate_1,candidate_3,candidate_4,candidate_2,4,0.035
53,candidate_1,candidate_3,candidate_4,candidate_2,4,0.035
54,candidate_1,candidate_3,0,candidate_2,4,0.035
55,candidate_1,candidate_3,candidate_4,candidate_2,4,0.035
56,candidate_1,candidate_3,candidate_4,candidate_2,4,0.035
57,candidate_1,candidate_3,candidate_4,candidate_2,4,0.035
58,candidate_1,candidate_3,candidate_4,candidate_2,4,0.035
59,candidate_1,candidate_3,0,candidate_2,4,0.035
60,candidate_1,candidate_3,candidate_4,candidate_2,4,0.035
61,candidate_1,candidate_3,candidate_4,candidate_2,4,0.035
62,candidate_1,candidate_3,candidate_4,candidate_2,4,0.035
63,candidate_1,candidate_3,candidate_4,candidate_2,4,0.035
64,candidate_1,candidate_3,candidate_4,candidate_2,4,0.035
65,candidate_1,candidate_3,candidate_4,candidate_2,4,0.035
66,candidate_1,candidate_3,candidate_4,candidate_2,4,0.035
67,candidate_1,candidate_3,candidate_4,candidate_2,4,0.035
68,candidate_1,candidate_3,candidate_4,candidate_2,4,0.035
69,candidate_1,candidate_3,candidate_4,candidate_2,4,0.035
70,candidate_1,candidate_3,candidate_4,candidate_2,4,0.035
71,0,candidate_3,candidate_4,candidate_2,4,0.035
72,candidate_1,candidate_3,candidate_4,candidate_2,4,0.035
73,candidate_1,candidate_3,candidate_4,candidate_2,4,0.035
74,candidate_1,candidate_3,candidate_4,candidate_2,4,0.035
75,candidate_1,candidate_3,candidate_4,candidate_2,4,0.035
76,candidate_1,candidate_3,candidate_4,candidate_2,4,0.035
77,candidate_1,candidate_3,candidate_4,candidate_2,4,0.035
78,candidate_1,0,candidate_4,candidate_2,4,0.035
79,candidate_1,candidate_3,candidate_4,candidate_2,4,0.035
80,candidate_1,candidate_3,candidate_4,candidate_2,4,0.035
81,candidate_1,candidate_3,candidate_4,candidate_2,4,0.035
82,candidate_1,candidate_3,candidate_4,candidate_2,4,0.035
83,candidate_1,candidate_3,candidate_4,candidate_2,4,0.035
84,candidate_1,candidate_3,candidate_4,candidate_2,4,0.035
85,candidate_1,candidate_3,candidate_4,candidate_2,4,0.035
86,candidate_1,candidate_3,candidate_4,candidate_2,4,0.035
87,candidate_1,0,candidate_4,candidate_2,4,0.035
88,candidate_1,candidate_3,candidate_4,candidate_2,4,0.035
89,candidate_1,candidate_3,candidate_4,candidate_2,4,0.035
90,candidate_1,0,candidate_4,candidate_2,4,0.035
91,candidate_1,candidate_3,candidate_4,candidate_2,4,0.035
92,candidate_1,candidate_3,candidate_4,candidate_2,4,0.035
93,candidate_1,candidate_3,candidate_4,candidate_2,4,0.035
94,candidate_1,candidate_3,candidate_4,candidate_2,4,0.035
95,candidate_1,candidate_3,candidate_4,candidate_2,4,0.035
96,candidate_1,candidate_3,candidate_4,candidate_2,4,0.035
97,candidate_1,candidate_3,candidate_4,candidate_2,4,0.035
98,candidate_1,candidate_3,candidate_4,candidate_2,4,0.035
99,candidate_1,candidate_3,candidate_4,candidate_2,4,0.035
100,candidate_1,candidate_3,candidate_4,candidate_2,4,0.035
101,candidate_1,candidate_3,candidate_4,candidate_2,4,0.035
102,candidate_1,candidate_3,candidate_4,candidate_2,4,0.035
103,candidate_1,candidate_3,candidate_4,candidate_2,4,0.035
104,candidate_1,candidate_3,candidate_4,candidate_2,4,0.035
105,candidate_1,candidate_3,candidate_4,0,4,0.035
106,candidate_1,candidate_3,candidate_4,candidate_2,4,0.035
107,candidate_1,candidate_3,candidate_4,candidate_2,4,0.035
108,candidate_1,candidate_3,candidate_4,candidate_2,4,0.035
109,candidate_1,candidate_3,candidate_4,candidate_2,4,0.035
110,candidate_1,candidate_3,candidate_4,candidate_2,4,0.035
111,candidate_1,candidate_3,candidate_4,candidate_2,4,0.035
112,candidate_1,candidate_3,candidate_4,candidate_2,4,0.035
113,candidate_1,candidate_3,candidate_4,0,4,0.035
114,candidate_1,candidate_3,candidate_4,candidate_2,4,0.035
115,candidate_1,candidate_3,candidate_4,candidate_2,4,0.035
116,candidate_1,candidate_3,candidate_4,candidate_2,4,0.035
117,candidate_1,candidate_3,candidate_4,candidate_2,4,0.035
118,candidate_1,candidate_3,candidate_4,candidate_2,4,0.035
119,candidate_1,candidate_3,candidate_4,candidate_2,4,0.035
120,candidate_1,candidate_3,0,0,4,0.035
121,candidate_1,candidate_3,candidate_4,candidate_2,4,0.035
122,candidate_1,candidate_3,candidate_4,candidate_2,4,0.035
123,candidate_1,candidate_3,candidate_4,candidate_2,4,0.035
124,candidate_1,candidate_3,candidate_4,0,4,0.035
125,candidate_1,candidate_3,candidate_4,candidate_2,4,0.035
126,candidate_1,candidate_3,candidate_4,candidate_2,4,0.035
127,candidate_1,candidate_3,candidate_4,candidate_2,4,0.035
128,candidate_1,candidate_3,candidate_4,candidate_2,4,0.035
129,candidate_1,candidate_3,candidate_4,candidate_2,4,0.035
130,candidate_1,0,candidate_4,candidate_2,4,0.035
131,candidate_1,candidate_3,candidate_4,candidate_2,4,0.035
132,candidate_1,candidate_3,candidate_4,candidate_2,4,0.035
133,candidate_1,candidate_3,candidate_4,candidate_2,4,0.035
134,candidate_1,candidate_3,0,candidate_2,4,0.035
135,candidate_1,candidate_3,candidate_4,candidate_2,4,0.035
136,candidate_1,candidate_3,candidate_4,candidate_2,4,0.035
137,candidate_1,candidate_3,candidate_4,candidate_2,4,0.035
138,candidate_1,candidate_3,candidate_4,candidate_2,4,0.035
139,candidate_1,candidate_3,candidate_4,candidate_2,4,0.035
140,candidate_1,candidate_3,candidate_4,candidate_2,4,0.035
141,candidate_1,candidate_3,candidate_4,candidate_2,4,0.035
142,candidate_1,candidate_3,candidate_4,candidate_2,4,0.035
143,candidate_1,candidate_3,candidate_4,candidate_2,4,0.035
144,candidate_1,candidate_3,candidate_4,candidate_2,4,0.035
145,candidate_1,candidate_3,candidate_4,candidate_2,4,0.035
146,candidate_1,candidate_3,candidate_4,candidate_2,4,0.035
147,candidate_1,candidate_3,candidate_4,candidate_2,4,0.035
148,candidate_1,candidate_3,candidate_4,candidate_2,4,0.035
149,candidate_1,candidate_3,candidate_4,candidate_2,4,0.035
150,0,candidate_3,candidate_4,candidate_2,4,0.035
151,candidate_1,candidate_3,candidate_4,candidate_2,4,0.035
152,candidate_1,candidate_3,candidate_4,candidate_2,4,0.035
153,candidate_1,candidate_3,candidate_4,candidate_2,4,0.035
154,candidate_1,candidate_3,candidate_4,candidate_2,4,0.035
155,candidate_1,candidate_3,candidate_4,candidate_2,4,0.035
156,candidate_1,candidate_3,candidate_4,candidate_2,4,0.035
157,candidate_1,0,candidate_4,candidate_2,4,0.035
158,candidate_1,candidate_3,candidate_4,candidate_2,4,0.035
159,candidate_1,candidate_3,candidate_4,candidate_2,4,0.035
160,candidate_1,0,candidate_4,candidate_2,4,0.035
161,candidate_1,candidate_3,candidate_4,candidate_2,4,0.035
162,candidate_1,candidate_3,candidate_4,candidate_2,4,0.035
163,candidate_1,0,candidate_4,candidate_2,4,0.035
164,candidate_1,candidate_3,candidate_4,candidate_2,4,0.035
165,candidate_1,candidate_3,candidate_4,candidate_2,4,0.035
166,candidate_1,candidate_3,candidate_4,candidate_2,4,0.035
167,candidate_1,candidate_3,candidate_4,candidate_2,4,0.035
168,candidate_1,candidate_3,candidate_4,candidate_2,4,0.035
169,candidate_1,candidate_3,candidate_4,candidate_2,4,0.035
170,candidate_1,candidate_3,candidate_4,candidate_2,4,0.035
171,candidate_1,candidate_3,candidate_4,candidate_2,4,0.035
172,candidate_1,candidate_3,candidate_4,candidate_2,4,0.035
173,candidate_1,candidate_3,candidate_4,candidate_2,4,0.035
174,candidate_1,candidate_3,candidate_4,candidate_2,4,0.035
175,candidate_1,candidate_3,candidate_4,0,4,0.035
176,candidate_1,candidate_3,candidate_4,candidate_2,4,0.035
177,candidate_1,candidate_3,candidate_4,0,4,0.035
178,candidate_1,candidate_3,candidate_4,candidate_2,4,0.035
179,candidate_1,candidate_3,candidate_4,candidate_2,4,0.035
180,candidate_1,candidate_3,candidate_4,candidate_2,4,0.035
181,candidate_1,candidate_3,candidate_4,candidate_2,4,0.035
182,candidate_1,candidate_3,candidate_4,candidate_2,4,0.035
183,candidate_1,candidate_3,candidate_4,candidate_2,4,0.035
184,candidate_1,candidate_3,candidate_4,candidate_2,4,0.035
185,candidate_1,candidate_3,candidate_4,candidate_2,4,0.035
186,candidate_1,candidate_3,candidate_4,candidate_2,4,0.035
187,candidate_1,candidate_3,candidate_4,candidate_2,4,0.035
188,candidate_1,candidate_3,candidate_4,candidate_2,4,0.035
189,candidate_1,candidate_3,candidate_4,0,4,0.035
190,candidate_1,candidate_3,candidate_4,candidate_2,4,0.035
191,candidate_1,candidate_3,candidate_4,candidate_2,4,0.035
192,candidate_1,candidate_3,candidate_4,candidate_2,4,0.035
193,candidate_1,candidate_3,candidate_4,candidate_2,4,0.035
194,candidate_1,candidate_3,candidate_4,candidate_2,4,0.035
195,candidate_1,candidate_3,candidate_4,candidate_2,4,0.035
196,candidate_1,candidate_3,candidate_4,candidate_2,4,0.035
197,candidate_1,candidate_3,candidate_4,0,4,0.035
198,candidate_1,candidate_3,candidate_4,candidate_2,4,0.035
199,candidate_1,candidate_3,candidate_4,candidate_2,4,0.035
200,candidate_1,candidate_3,candidate_4,candidate_2,4,0.035
201,candidate_1,candidate_3,candidate_4,candidate_2,4,0.035
202,candidate_1,candidate_3,candidate_4,candidate_2,4,0.035
203,candidate_1,candidate_3,candidate_4,candidate_2,4,0.035
204,candidate_1,candidate_3,candidate_4,candidate_2,4,0.035
205,candidate_1,candidate_3,candidate_4,candidate_2,4,0.035
206,candidate_1,candidate_3,candidate_4,candidate_2,4,0.035
207,candidate_1,candidate_3,candidate_4,candidate_2,4,0.035
208,candidate_1,candidate_3,candidate_4,candidate_2,4,0.035
209,candidate_1,candidate_3,candidate_4,candidate_2,4,0.035
210,candidate_1,candidate_3,candidate_4,candidate_2,4,0.035
211,candidate_1,candidate_3,candidate_4,candidate_2,4,0.035
212,candidate_1,candidate_3,candidate_4,candidate_2,4,0.035
213,candidate_1,candidate_3,candidate_4,candidate_2,4,0.035
214,candidate_1,candidate_3,0,candidate_2,4,0.035
215,candidate_1,candidate_3,candidate_4,candidate_2,4,0.035
216,candidate_1,candidate_3,candidate_4,candidate_2,4,0.035
217,candidate_1,candidate_3,0,candidate_2,4,0.035
218,candidate_1,candidate_3,candidate_4,candidate_2,4,0.035
219,candidate_1,candidate_3,candidate_4,candidate_2,4,0.035
220,candidate_1,candidate_3,candidate_4,candidate_2,4,0.035
221,candidate_1,candidate_3,0,candidate_2,4,0.035
222,candidate_1,candidate_3,candidate_4,candidate_2,4,0.035
223,candidate_1,candidate_3,candidate_4,candidate_2,4,0.035
224,candidate_1,0,candidate_4,candidate_2,4,0.035
225,candidate_1,candidate_3,candidate_4,candidate_2,4,0.035
226,candidate_1,0,candidate_4,0,4,0.035
227,candidate_1,candidate_3,candidate_4,candidate_2,4,0.035
228,candidate_1,candidate_3,candidate_4,candidate_2,4,0.035
229,candidate_1,candidate_3,candidate_4,candidate_2,4,0.035
230,candidate_1,candidate_3,candidate_4,candidate_2,4,0.035
231,candidate_1,candidate_3,candidate_4,candidate_2,4,0.035
232,candidate_1,candidate_3,candidate_4,candidate_2,4,0.035
233,candidate_1,candidate_3,candidate_4,candidate_2,4,0.035
234,candidate_1,candidate_3,candidate_4,candidate_2,4,0.035
235,candidate_1,candidate_3,candidate_4,candidate_2,4,0.035
236,candidate_1,candidate_3,candidate_4,candidate_2,4,0.035
237,candidate_1,candidate_3,candidate_4,candidate_2,4,0.035
238,candidate_1,candidate_3,candidate_4,candidate_2,4,0.035
239,0,candidate_3,candidate_4,candidate_2,4,0.035
240,candidate_1,candidate_3,candidate_4,candidate_2,4,0.035
241,candidate_1,candidate_3,candidate_4,candidate_2,4,0.035
242,candidate_1,candidate_3,candidate_4,candidate_2,4,0.035
243,candidate_1,candidate_3,candidate_4,candidate_2,4,0.035
244,candidate_1,candidate_3,candidate_4,candidate_2,4,0.035
245,candidate_1,candidate_3,candidate_4,candidate_2,4,0.035
246,candidate_1,candidate_3,candidate_4,candidate_2,4,0.035
247,candidate_1,candidate_3,candidate_4,candidate_2,4,0.035
248,candidate_1,candidate_3,candidate_4,candidate_2,4,0.035
249,candidate_1,candidate_3,candidate_4,candidate_2,4,0.035
250,candidate_1,candidate_3,candidate_4,candidate_2,4,0.035
251,candidate_1,candidate_3,candidate_4,candidate_2,4,0.035
252,candidate_1,candidate_3,candidate_4,candidate_2,4,0.035
253,candidate_1,candidate_3,candidate_4,candidate_2,4,0.035
254,candidate_1,candidate_3,candidate_4,candidate_2,4,0.035
255,candidate_1,candidate_3,candidate_4,candidate_2,4,0.035
256,candidate_1,candidate_3,candidate_4,candidate_2,4,0.035
257,candidate_1,candidate_3,candidate_4,candidate_2,4,0.035
258,candidate_1,candidate_3,candidate_4,candidate_2,4,0.035
259,candidate_1,candidate_3,candidate_4,candidate_2,4,0.035
260,candidate_1,candidate_3,candidate_4,candidate_2,4,0.035
261,candidate_1,candidate_3,candidate_4,candidate_2,4,0.035
262,candidate_1,candidate_3,candidate_4,candidate_2,4,0.035
263,0,candidate_3,candidate_4,candidate_2,4,0.035
264,candidate_1,candidate_3,candidate_4,candidate_2,4,0.035
265,candidate_1,candidate_3,candidate_4,candidate_2,4,0.035
266,candidate_1,candidate_3,candidate_4,candidate_2,4,0.035
267,candidate_1,candidate_3,candidate_4,candidate_2,4,0.035
268,candidate_1,candidate_3,candidate_4,candidate_2,4,0.035
269,candidate_1,candidate_3,candidate_4,candidate_2,4,0.035
270,candidate_1,candidate_3,candidate_4,candidate_2,4,0.035
271,candidate_1,candidate_3,candidate_4,candidate_2,4,0.035
272,candidate_1,candidate_3,candidate_4,candidate_2,4,0.035
273,candidate_1,candidate_3,candidate_4,candidate_2,4,0.035
274,candidate_1,candidate_3,candidate_4,candidate_2,4,0.035
275,candidate_1,candidate_3,candidate_4,candidate_2,4,0.035
276,0,0,candidate_4,candidate_2,4,0.035
277,candidate_1,candidate_3,candidate_4,candidate_2,4,0.035
278,candidate_1,candidate_3,candidate_4,candidate_2,4,0.035
279,candidate_1,candidate_3,candidate_4,candidate_2,4,0.035
280,candidate_1,candidate_3,candidate_4,candidate_2,4,0.035
281,candidate_1,candidate_3,candidate_4,candidate_2,4,0.035
282,candidate_1,candidate_3,candidate_4,candidate_2,4,0.035
283,candidate_1,candidate_3,candidate_4,candidate_2,4,0.035
284,candidate_1,candidate_3,candidate_4,candidate_2,4,0.035
285,candidate_1,candidate_3,0,candidate_2,4,0.035
286,candidate_1,candidate_3,candidate_4,candidate_2,4,0.035
287,candidate_1,candidate_3,candidate_4,candidate_2,4,0.035
288,candidate_1,candidate_3,candidate_4,candidate_2,4,0.035
289,candidate_1,candidate_3,candidate_4,0,4,0.035
290,candidate_1,candidate_3,candidate_4,0,4,0.035
291,candidate_1,candidate_3,candidate_4,candidate_2,4,0.035
292,candidate_1,candidate_3,candidate_4,0,4,0.035
293,candidate_1,candidate_3,candidate_4,candidate_2,4,0.035
294,candidate_1,candidate_3,candidate_4,candidate_2,4,0.035
295,candidate_1,candidate_3,candidate_4,candidate_2,4,0.035
296,candidate_1,candidate_3,candidate_4,candidate_2,4,0.035
297,candidate_1,candidate_3,candidate_4,candidate_2,4,0.035
298,candidate_1,candidate_3,candidate_4,candidate_2,4,0.035
299,candidate_1,candidate_3,candidate_4,candidate_2,4,0.035
300,candidate_1,candidate_3,candidate_4,candidate_2,4,0.035
301,candidate_1,candidate_3,candidate_4,candidate_2,4,0.035
302,candidate_1,candidate_3,candidate_4,candidate_2,4,0.035
303,candidate_1,candidate_3,candidate_4,candidate_2,4,0.035
304,0,candidate_3,0,candidate_2,4,0.035
305,candidate_1,candidate_3,candidate_4,candidate_2,4,0.035
306,candidate_1,candidate_3,candidate_4,candidate_2,4,0.035
307,candidate_1,candidate_3,candidate_4,candidate_2,4,0.035
308,candidate_1,candidate_3,candidate_4,candidate_2,4,0.035
309,candidate_1,candidate_3,candidate_4,candidate_2,4,0.035
310,candidate_1,candidate_3,candidate_4,candidate_2,4,0.035
311,candidate_1,candidate_3,candidate_4,candidate_2,4,0.035
312,candidate_1,candidate_3,candidate_4,candidate_2,4,0.035
313,candidate_1,candidate_3,candidate_4,candidate_2,4,0.035
314,candidate_1,candidate_3,candidate_4,candidate_2,4,0.035
315,candidate_1,candidate_3,candidate_4,candidate_2,4,0.035
316,candidate_1,candidate_3,candidate_4,0,4,0.035
317,candidate_1,candidate_3,candidate_4,candidate_2,4,0.035
318,candidate_1,candidate_3,candidate_4,candidate_2,4,0.035
319,candidate_1,candidate_3,candidate_4,candidate_2,4,0.035
320,candidate_1,candidate_3,candidate_4,candidate_2,4,0.035
321,candidate_1,candidate_3,0,candidate_2,4,0.035
322,candidate_1,candidate_3,candidate_4,candidate_2,4,0.035
323,candidate_1,candidate_3,candidate_4,candidate_2,4,0.035
324,candidate_1,candidate_3,candidate_4,candidate_2,4,0.035
325,candidate_1,candidate_3,candidate_4,candidate_2,4,0.035
326,candidate_1,candidate_3,candidate_4,candidate_2,4,0.035
327,candidate_1,candidate_3,candidate_4,candidate_2,4,0.035
328,candidate_1,candidate_3,candidate_4,candidate_2,4,0.035
329,candidate_1,candidate_3,candidate_4,candidate_2,4,0.035
330,candidate_1,candidate_3,candidate_4,candidate_2,4,0.035
331,candidate_1,candidate_3,candidate_4,candidate_2,4,0.035
332,candidate_1,candidate_3,candidate_4,candidate_2,4,0.035
333,candidate_1,candidate_3,candidate_4,candidate_2,4,0.035
334,candidate_1,candidate_3,candidate_4,candidate_2,4,0.035
335,candidate_1,candidate_3,candidate_4,candidate_2,4,0.035
336,candidate_1,candidate_3,candidate_4,candidate_2,4,0.035
337,candidate_1,candidate_3,candidate_4,candidate_2,4,0.035
338,candidate_1,candidate_3,candidate_4,candidate_2,4,0.035
339,candidate_1,candidate_3,candidate_4,candidate_2,4,0.035
340,candidate_1,candidate_3,candidate_4,candidate_2,4,0.035
341,candidate_1,candidate_3,candidate_4,candidate_2,4,0.035
342,candidate_1,candidate_3,candidate_4,candidate_2,4,0.035
343,candidate_1,candidate_3,candidate_4,candidate_2,4,0.035
344,candidate_1,candidate_3,0,candidate_2,4,0.035
345,candidate_1,candidate_3,candidate_4,candidate_2,4,0.035
346,candidate_1,candidate_3,candidate_4,candidate_2,4,0.035
347,0,candidate_3,candidate_4,candidate_2,4,0.035
348,candidate_1,candidate_3,candidate_4,candidate_2,4,0.035
349,candidate_1,candidate_3,candidate_4,candidate_2,4,0.035
350,candidate_1,candidate_3,candidate_4,candidate_2,4,0.035
351,candidate_1,candidate_3,candidate_4,candidate_2,4,0.035
352,candidate_1,candidate_3,candidate_4,candidate_2,4,0.035
353,0,candidate_3,0,candidate_2,4,0.035
354,candidate_1,candidate_3,candidate_4,candidate_2,4,0.035
355,candidate_1,candidate_3,candidate_4,candidate_2,4,0.035
356,candidate_1,candidate_3,candidate_4,candidate_2,4,0.035
357,0,candidate_3,candidate_4,candidate_2,4,0.035
358,candidate_1,candidate_3,candidate_4,candidate_2,4,0.035
359,candidate_1,candidate_3,candidate_4,candidate_2,4,0.035
360,candidate_1,candidate_3,candidate_4,candidate_2,4,0.035
361,candidate_1,candidate_3,candidate_4,candidate_2,4,0.035
362,candidate_1,candidate_3,0,candidate_2,4,0.035
363,candidate_1,candidate_3,candidate_4,candidate_2,4,0.035
364,candidate_1,candidate_3,candidate_4,candidate_2,4,0.035
365,candidate_1,0,candidate_4,candidate_2,4,0.035
366,candidate_1,candidate_3,candidate_4,candidate_2,4,0.035
367,candidate_1,candidate_3,candidate_4,candidate_2,4,0.035
368,candidate_1,candidate_3,candidate_4,candidate_2,4,0.035
369,candidate_1,candidate_3,candidate_4,candidate_2,4,0.035
370,candidate_1,candidate_3,candidate_4,candidate_2,4,0.035
371,candidate_1,candidate_3,candidate_4,candidate_2,4,0.035
372,candidate_1,candidate_3,candidate_4,candidate_2,4,0.035
373,candidate_1,candidate_3,candidate_4,candidate_2,4,0.035
374,candidate_1,candidate_3,candidate_4,candidate_2,4,0.035
375,candidate_1,candidate_3,candidate_4,0,4,0.035
376,candidate_1,candidate_3,candidate_4,candidate_2,4,0.035
377,candidate_1,candidate_3,candidate_4,candidate_2,4,0.035
378,candidate_1,candidate_3,candidate_4,candidate_2,4,0.035
379,candidate_1,candidate_3,candidate_4,candidate_2,4,0.035
380,candidate_1,candidate_3,candidate_4,candidate_2,4,0.035
381,candidate_1,candidate_3,candidate_4,candidate_2,4,0.035
382,candidate_1,candidate_3,candidate_4,candidate_2,4,0.035
383,candidate_1,candidate_3,candidate_4,candidate_2,4,0.035
384,candidate_1,candidate_3,candidate_4,candidate_2,4,0.035
385,candidate_1,candidate_3,candidate_4,candidate_2,4,0.035
386,candidate_1,candidate_3,candidate_4,candidate_2,4,0.035
387,candidate_1,candidate_3,0,candidate_2,4,0.035
388,candidate_1,candidate_3,candidate_4,candidate_2,4,0.035
389,0,candidate_3,candidate_4,candidate_2,4,0.035
390,candidate_1,candidate_3,candidate_4,candidate_2,4,0.035
391,candidate_1,0,candidate_4,candidate_2,4,0.035
392,candidate_1,candidate_3,candidate_4,0,4,0.035
393,candidate_1,candidate_3,candidate_4,candidate_2,4,0.035
394,candidate_1,candidate_3,candidate_4,candidate_2,4,0.035
395,candidate_1,candidate_3,candidate_4,candidate_2,4,0.035
396,candidate_1,candidate_3,candidate_4,candidate_2,4,0.035
397,candidate_1,candidate_3,candidate_4,candidate_2,4,0.035
398,0,candidate_3,candidate_4,candidate_2,4,0.035
399,candidate_1,candidate_3,candidate_4,candidate_2,4,0.035
400,candidate_1,candidate_3,candidate_4,candidate_2,4,0.035
401,candidate_1,candidate_3,candidate_4,candidate_2,4,0.035
402,candidate_1,candidate_3,candidate_4,candidate_2,4,0.035
403,candidate_1,0,candidate_4,candidate_2,4,0.035
404,candidate_1,candidate_3,candidate_4,candidate_2,4,0.035
405,candidate_1,candidate_3,candidate_4,candidate_2,4,0.035
406,candidate_1,candidate_3,candidate_4,candidate_2,4,0.035
407,candidate_1,candidate_3,candidate_4,candidate_2,4,0.035
408,candidate_1,candidate_3,candidate_4,candidate_2,4,0.035
409,candidate_1,candidate_3,candidate_4,candidate_2,4,0.035
410,candidate_1,candidate_3,candidate_4,candidate_2,4,0.035
411,candidate_1,candidate_3,candidate_4,candidate_2,4,0.035
412,candidate_1,candidate_3,candidate_4,candidate_2,4,0.035
413,candidate_1,candidate_3,candidate_4,candidate_2,4,0.035
414,candidate_1,candidate_3,candidate_4,candidate_2,4,0.035
415,candidate_1,candidate_3,candidate_4,candidate_2,4,0.035
416,candidate_1,candidate_3,candidate_4,candidate_2,4,0.035
417,candidate_1,candidate_3,candidate_4,candidate_2,4,0.035
418,candidate_1,candidate_3,candidate_4,candidate_2,4,0.035
419,candidate_1,candidate_3,candidate_4,candidate_2,4,0.035
420,candidate_1,candidate_3,candidate_4,candidate_2,4,0.035
421,candidate_1,candidate_3,candidate_4,candidate_2,4,0.035
422,candidate_1,candidate_3,candidate_4,candidate_2,4,0.035
423,candidate_1,candidate_3,candidate_4,0,4,0.035
424,candidate_1,candidate_3,candidate_4,candidate_2,4,0.035
425,candidate_1,candidate_3,candidate_4,candidate_2,4,0.035
426,candidate_1,candidate_3,candidate_4,candidate_2,4,0.035
427,candidate_1,candidate_3,candidate_4,candidate_2,4,0.035
428,candidate_1,candidate_3,candidate_4,candidate_2,4,0.035
429,candidate_1,candidate_3,candidate_4,candidate_2,4,0.035
430,candidate_1,candidate_3,candidate_4,candidate_2,4,0.035
431,candidate_1,candidate_3,candidate_4,candidate_2,4,0.035
432,candidate_1,0,candidate_4,candidate_2,4,0.035
433,candidate_1,candidate_3,candidate_4,candidate_2,4,0.035
434,candidate_1,candidate_3,candidate_4,candidate_2,4,0.035
435,candidate_1,candidate_3,candidate_4,candidate_2,4,0.035
436,candidate_1,candidate_3,candidate_4,candidate_2,4,0.035
437,candidate_1,candidate_3,candidate_4,candidate_2,4,0.035
438,candidate_1,candidate_3,candidate_4,candidate_2,4,0.035
439,candidate_1,candidate_3,candidate_4,candidate_2,4,0.035
440,candidate_1,candidate_3,candidate_4,candidate_2,4,0.035
441,candidate_1,candidate_3,0,candidate_2,4,0.035
442,candidate_1,candidate_3,candidate_4,candidate_2,4,0.035
443,candidate_1,candidate_3,candidate_4,candidate_2,4,0.035
444,candidate_1,candidate_3,candidate_4,candidate_2,4,0.035
445,candidate_1,0,candidate_4,candidate_2,4,0.035
446,candidate_1,candidate_3,candidate_4,candidate_2,4,0.035
447,candidate_1,candidate_3,candidate_4,candidate_2,4,0.035
448,candidate_1,candidate_3,candidate_4,candidate_2,4,0.035
449,candidate_1,candidate_3,candidate_4,candidate_2,4,0.035
450,candidate_1,candidate_3,candidate_4,candidate_2,4,0.035
451,candidate_1,candidate_3,candidate_4,candidate_2,4,0.035
452,candidate_1,candidate_3,candidate_4,candidate_2,4,0.035
453,candidate_1,candidate_3,0,candidate_2,4,0.035
454,candidate_1,candidate_3,candidate_4,candidate_2,4,0.035
455,candidate_1,candidate_3,candidate_4,candidate_2,4,0.035
456,candidate_1,candidate_3,0,candidate_2,4,0.035
457,candidate_1,candidate_3,candidate_4,candidate_2,4,0.035
458,candidate_1,candidate_3,candidate_4,candidate_2,4,0.035
459,candidate_1,candidate_3,candidate_4,0,4,0.035
460,candidate_1,candidate_3,candidate_4,candidate_2,4,0.035
461,candidate_1,candidate_3,candidate_4,candidate_2,4,0.035
462,candidate_1,candidate_3,candidate_4,candidate_2,4,0.035
463,candidate_1,candidate_3,candidate_4,candidate_2,4,0.035
464,candidate_1,candidate_3,candidate_4,candidate_2,4,0.035
465,candidate_1,candidate_3,candidate_4,candidate_2,4,0.035
466,candidate_1,candidate_3,candidate_4,candidate_2,4,0.035
467,candidate_1,candidate_3,candidate_4,candidate_2,4,0.035
468,candidate_1,candidate_3,candidate_4,candidate_2,4,0.035
469,candidate_1,candidate_3,candidate_4,candidate_2,4,0.035
470,candidate_1,candidate_3,candidate_4,candidate_2,4,0.035
471,candidate_1,candidate_3,candidate_4,candidate_2,4,0.035
472,candidate_1,candidate_3,candidate_4,candidate_2,4,0.035
473,candidate_1,candidate_3,candidate_4,candidate_2,4,0.035
474,candidate_1,candidate_3,candidate_4,candidate_2,4,0.035
475,candidate_1,candidate_3,candidate_4,candidate_2,4,0.035
476,candidate_1,candidate_3,candidate_4,candidate_2,4,0.035
477,candidate_1,candidate_3,candidate_4,candidate_2,4,0.035
478,candidate_1,candidate_3,candidate_4,candidate_2,4,0.035
479,candidate_1,candidate_3,candidate_4,candidate_2,4,0.035
480,candidate_1,candidate_3,candidate_4,candidate_2,4,0.035
481,candidate_1,candidate_3,candidate_4,candidate_2,4,0.035
482,candidate_1,0,candidate_4,candidate_2,4,0.035
483,candidate_1,candidate_3,candidate_4,candidate_2,4,0.035
484,candidate_1,candidate_3,candidate_4,candidate_2,4,0.035
485,candidate_1,candidate_3,candidate_4,candidate_2,4,0.035
486,candidate_1,candidate_3,candidate_4,candidate_2,4,0.035
487,candidate_1,candidate_3,candidate_4,candidate_2,4,0.035
488,candidate_1,candidate_3,candidate_4,0,4,0.035
489,candidate_1,candidate_3,candidate_4,candidate_2,4,0.035
490,candidate_1,candidate_3,candidate_4,candidate_2,4,0.035
491,candidate_1,candidate_3,candidate_4,candidate_2,4,0.035
492,candidate_1,candidate_3,candidate_4,candidate_2,4,0.035
493,candidate_1,candidate_3,candidate_4,candidate_2,4,0.035
494,candidate_1,candidate_3,candidate_4,candidate_2,4,0.035
495,candidate_1,candidate_3,candidate_4,candidate_2,4,0.035
496,candidate_1,candidate_3,candidate_4,candidate_2,4,0.035
497,candidate_1,candidate_3,candidate_4,candidate_2,4,0.035
498,candidate_1,candidate_3,candidate_4,candidate_2,4,0.035
499,candidate_1,candidate_3,candidate_4,candidate_2,4,0.035
500,candidate_1,candidate_3,candidate_4,candidate_2,4,0.035
501,candidate_1,candidate_3,candidate_4,candidate_2,4,0.035
502,candidate_1,0,candidate_4,candidate_2,4,0.035
503,candidate_1,candidate_3,candidate_4,candidate_2,4,0.035
504,candidate_1,candidate_3,candidate_4,candidate_2,4,0.035
505,candidate_1,candidate_3,candidate_4,candidate_2,4,0.035
506,candidate_1,candidate_3,candidate_4,candidate_2,4,0.035
507,candidate_1,candidate_3,candidate_4,candidate_2,4,0.035
508,candidate_1,candidate_3,candidate_4,candidate_2,4,0.035
509,candidate_1,candidate_3,candidate_4,candidate_2,4,0.035
510,candidate_1,candidate_3,candidate_4,candidate_2,4,0.035
511,candidate_1,candidate_3,candidate_4,candidate_2,4,0.035
512,candidate_1,candidate_3,candidate_4,candidate_2,4,0.035
513,candidate_1,candidate_3,candidate_4,candidate_2,4,0.035
514,candidate_1,candidate_3,candidate_4,candidate_2,4,0.035
515,candidate_1,candidate_3,candidate_4,candidate_2,4,0.035
516,0,candidate_3,candidate_4,candidate_2,4,0.035
517,candidate_1,candidate_3,candidate_4,candidate_2,4,0.035
518,candidate_1,candidate_3,candidate_4,candidate_2,4,0.035
519,candidate_1,candidate_3,candidate_4,candidate_2,4,0.035
520,candidate_1,candidate_3,candidate_4,0,4,0.035
521,candidate_1,candidate_3,candidate_4,candidate_2,4,0.035
522,candidate_1,candidate_3,candidate_4,candidate_2,4,0.035
523,candidate_1,candidate_3,candidate_4,candidate_2,4,0.035
524,candidate_1,candidate_3,candidate_4,candidate_2,4,0.035
525,candidate_1,candidate_3,candidate_4,candidate_2,4,0.035
526,candidate_1,candidate_3,candidate_4,candidate_2,4,0.035
527,candidate_1,candidate_3,candidate_4,candidate_2,4,0.035
528,candidate_1,candidate_3,candidate_4,candidate_2,4,0.035
529,candidate_1,0,candidate_4,candidate_2,4,0.035
530,candidate_1,candidate_3,candidate_4,candidate_2,4,0.035
531,candidate_1,candidate_3,candidate_4,candidate_2,4,0.035
532,candidate_1,candidate_3,candidate_4,candidate_2,4,0.035
533,candidate_1,candidate_3,candidate_4,candidate_2,4,0.035
534,candidate_1,candidate_3,candidate_4,candidate_2,4,0.035
535,candidate_1,candidate_3,candidate_4,candidate_2,4,0.035
536,candidate_1,0,candidate_4,candidate_2,4,0.035
537,candidate_1,candidate_3,candidate_4,candidate_2,4,0.035
538,candidate_1,candidate_3,candidate_4,candidate_2,4,0.035
539,candidate_1,candidate_3,candidate_4,candidate_2,4,0.035
540,0,candidate_3,candidate_4,candidate_2,4,0.035
541,candidate_1,candidate_3,candidate_4,candidate_2,4,0.035
542,candidate_1,candidate_3,candidate_4,candidate_2,4,0.035
543,candidate_1,candidate_3,candidate_4,candidate_2,4,0.035
544,candidate_1,candidate_3,candidate_4,candidate_2,4,0.035
545,candidate_1,candidate_3,candidate_4,candidate_2,4,0.035
546,candidate_1,candidate_3,candidate_4,candidate_2,4,0.035
547,candidate_1,candidate_3,candidate_4,candidate_2,4,0.035
548,0,candidate_3,candidate_4,candidate_2,4,0.035
549,candidate_1,candidate_3,candidate_4,candidate_2,4,0.035
550,candidate_1,candidate_3,candidate_4,candidate_2,4,0.035
551,candidate_1,candidate_3,candidate_4,candidate_2,4,0.035
552,candidate_1,candidate_3,candidate_4,candidate_2,4,0.035
553,candidate_1,0,candidate_4,candidate_2,4,0.035
554,candidate_1,candidate_3,candidate_4,candidate_2,4,0.035
555,candidate_1,candidate_3,candidate_4,candidate_2,4,0.035
556,candidate_1,candidate_3,candidate_4,candidate_2,4,0.035
557,candidate_1,candidate_3,candidate_4,candidate_2,4,0.035
558,candidate_1,candidate_3,candidate_4,candidate_2,4,0.035
559,candidate_1,candidate_3,candidate_4,candidate_2,4,0.035
560,candidate_1,candidate_3,candidate_4,candidate_2,4,0.035
561,candidate_1,candidate_3,candidate_4,candidate_2,4,0.035
562,candidate_1,candidate_3,candidate_4,candidate_2,4,0.035
563,candidate_1,candidate_3,candidate_4,candidate_2,4,0.035
564,candidate_1,candidate_3,candidate_4,0,4,0.035
565,candidate_1,candidate_3,candidate_4,candidate_2,4,0.035
566,candidate_1,candidate_3,candidate_4,candidate_2,4,0.035
567,candidate_1,candidate_3,candidate_4,candidate_2,4,0.035
568,candidate_1,candidate_3,candidate_4,candidate_2,4,0.035
569,candidate_1,candidate_3,candidate_4,candidate_2,4,0.035
570,candidate_1,candidate_3,candidate_4,candidate_2,4,0.035
571,candidate_1,candidate_3,candidate_4,candidate_2,4,0.035
572,candidate_1,candidate_3,candidate_4,candidate_2,4,0.035
573,candidate_1,candidate_3,candidate_4,candidate_2,4,0.035
574,candidate_1,candidate_3,candidate_4,candidate_2,4,0.035
575,candidate_1,candidate_3,candidate_4,candidate_2,4,0.035
576,candidate_1,candidate_3,candidate_4,candidate_2,4,0.035
577,candidate_1,candidate_3,candidate_4,candidate_2,4,0.035
578,0,candidate_3,candidate_4,candidate_2,4,0.035
579,candidate_1,candidate_3,candidate_4,candidate_2,4,0.035
580,candidate_1,candidate_3,candidate_4,candidate_2,4,0.035
581,candidate_1,candidate_3,candidate_4,candidate_2,4,0.035
582,candidate_1,candidate_3,candidate_4,candidate_2,4,0.035
583,candidate_1,candidate_3,candidate_4,candidate_2,4,0.035
584,candidate_1,candidate_3,candidate_4,candidate_2,4,0.035
585,candidate_1,candidate_3,candidate_4,candidate_2,4,0.035
586,candidate_1,candidate_3,candidate_4,candidate_2,4,0.035
587,candidate_1,candidate_3,candidate_4,candidate_2,4,0.035
588,candidate_1,candidate_3,candidate_4,candidate_2,4,0.035
589,candidate_1,candidate_3,candidate_4,candidate_2,4,0.035
590,candidate_1,candidate_3,candidate_4,0,4,0.035
591,candidate_1,candidate_3,candidate_4,0,4,0.035
592,candidate_1,candidate_3,candidate_4,candidate_2,4,0.035
593,candidate_1,candidate_3,candidate_4,candidate_2,4,0.035
594,candidate_1,candidate_3,candidate_4,candidate_2,4,0.035
595,candidate_1,candidate_3,candidate_4,candidate_2,4,0.035
596,candidate_1,candidate_3,candidate_4,candidate_2,4,0.035
597,candidate_1,candidate_3,candidate_4,candidate_2,4,0.035
598,candidate_1,0,candidate_4,candidate_2,4,0.035
599,candidate_1,candidate_3,candidate_4,candidate_2,4,0.035
600,candidate_1,candidate_3,candidate_4,candidate_2,4,0.035
601,candidate_1,0,candidate_4,candidate_2,4,0.035
602,candidate_1,candidate_3,candidate_4,candidate_2,4,0.035
603,candidate_1,0,candidate_4,candidate_2,4,0.035
604,candidate_1,0,candidate_4,candidate_2,4,0.035
605,candidate_1,candidate_3,candidate_4,candidate_2,4,0.035
606,candidate_1,candidate_3,candidate_4,candidate_2,4,0.035
607,candidate_1,candidate_3,candidate_4,candidate_2,4,0.035
608,candidate_1,candidate_3,candidate_4,0,4,0.035
609,candidate_1,candidate_3,candidate_4,candidate_2,4,0.035
610,candidate_1,candidate_3,candidate_4,candidate_2,4,0.035
611,candidate_1,candidate_3,candidate_4,candidate_2,4,0.035
612,candidate_1,candidate_3,candidate_4,candidate_2,4,0.035
613,candidate_1,candidate_3,candidate_4,candidate_2,4,0.035
614,candidate_1,candidate_3,candidate_4,candidate_2,4,0.035
615,candidate_1,candidate_3,candidate_4,candidate_2,4,0.035
616,candidate_1,0,candidate_4,candidate_2,4,0.035
617,candidate_1,candidate_3,candidate_4,candidate_2,4,0.035
618,candidate_1,candidate_3,candidate_4,candidate_2,4,0.035
619,candidate_1,candidate_3,candidate_4,candidate_2,4,0.035
620,candidate_1,candidate_3,candidate_4,candidate_2,4,0.035
621,candidate_1,candidate_3,0,candidate_2,4,0.035
622,candidate_1,candidate_3,candidate_4,candidate_2,4,0.035
623,candidate_1,candidate_3,candidate_4,candidate_2,4,0.035
624,candidate_1,candidate_3,candidate_4,candidate_2,4,0.035
625,candidate_1,candidate_3,candidate_4,candidate_2,4,0.035
626,candidate_1,candidate_3,candidate_4,candidate_2,4,0.035
627,candidate_1,candidate_3,candidate_4,candidate_2,4,0.035
628,candidate_1,candidate_3,candidate_4,candidate_2,4,0.035
629,candidate_1,candidate_3,candidate_4,candidate_2,4,0.035
630,candidate_1,candidate_3,candidate_4,candidate_2,4,0.035
631,candidate_1,candidate_3,candidate_4,candidate_2,4,0.035
632,candidate_1,candidate_3,candidate_4,candidate_2,4,0.035
633,candidate_1,candidate_3,candidate_4,candidate_2,4,0.035
634,candidate_1,candidate_3,candidate_4,candidate_2,4,0.035
635,candidate_1,candidate_3,candidate_4,candidate_2,4,0.035
636,candidate_1,0,candidate_4,candidate_2,4,0.035
637,candidate_1,candidate_3,candidate_4,candidate_2,4,0.035
638,candidate_1,candidate_3,candidate_4,candidate_2,4,0.035
639,candidate_1,candidate_3,candidate_4,candidate_2,4,0.035
640,candidate_1,candidate_3,candidate_4,candidate_2,4,0.035
641,candidate_1,candidate_3,candidate_4,candidate_2,4,0.035
642,candidate_1,candidate_3,candidate_4,candidate_2,4,0.035
0,candidate_1,candidate_4,candidate_2,candidate_3,4,0.035
1,candidate_1,candidate_4,candidate_2,candidate_3,4,0.035
2,candidate_1,candidate_4,candidate_2,candidate_3,4,0.035
3,candidate_1,candidate_4,candidate_2,candidate_3,4,0.035
4,candidate_1,candidate_4,candidate_2,candidate_3,4,0.035
5,candidate_1,candidate_4,candidate_2,candidate_3,4,0.035
6,candidate_1,candidate_4,candidate_2,candidate_3,4,0.035
7,candidate_1,candidate_4,candidate_2,candidate_3,4,0.035
8,candidate_1,candidate_4,candidate_2,candidate_3,4,0.035
9,0,candidate_4,candidate_2,candidate_3,4,0.035
10,candidate_1,candidate_4,candidate_2,candidate_3,4,0.035
11,candidate_1,candidate_4,candidate_2,candidate_3,4,0.035
12,candidate_1,candidate_4,candidate_2,candidate_3,4,0.035
13,candidate_1,candidate_4,candidate_2,candidate_3,4,0.035
14,candidate_1,candidate_4,candidate_2,candidate_3,4,0.035
15,candidate_1,candidate_4,candidate_2,candidate_3,4,0.035
16,candidate_1,candidate_4,candidate_2,candidate_3,4,0.035
17,candidate_1,candidate_4,candidate_2,candidate_3,4,0.035
18,candidate_1,candidate_4,candidate_2,candidate_3,4,0.035
19,candidate_1,candidate_4,candidate_2,0,4,0.035
20,candidate_1,candidate_4,candidate_2,candidate_3,4,0.035
21,candidate_1,candidate_4,candidate_2,candidate_3,4,0.035
22,candidate_1,candidate_4,candidate_2,candidate_3,4,0.035
23,candidate_1,0,candidate_2,candidate_3,4,0.035
24,candidate_1,candidate_4,candidate_2,candidate_3,4,0.035
25,candidate_1,candidate_4,candidate_2,candidate_3,4,0.035
26,candidate_1,candidate_4,candidate_2,candidate_3,4,0.035
27,candidate_1,candidate_4,candidate_2,candidate_3,4,0.035
28,candidate_1,candidate_4,candidate_2,candidate_3,4,0.035
29,candidate_1,0,candidate_2,candidate_3,4,0.035
30,candidate_1,candidate_4,candidate_2,0,4,0.035
31,candidate_1,candidate_4,candidate_2,candidate_3,4,0.035
32,candidate_1,candidate_4,candidate_2,candidate_3,4,0.035
33,candidate_1,candidate_4,candidate_2,candidate_3,4,0.035
34,candidate_1,candidate_4,candidate_2,candidate_3,4,0.035
35,candidate_1,candidate_4,candidate_2,candidate_3,4,0.035
36,candidate_1,candidate_4,0,candidate_3,4,0.035
37,candidate_1,candidate_4,candidate_2,candidate_3,4,0.035
38,candidate_1,candidate_4,candidate_2,candidate_3,4,0.035
39,candidate_1,candidate_4,candidate_2,candidate_3,4,0.035
40,candidate_1,candidate_4,candidate_2,candidate_3,4,0.035
41,candidate_1,candidate_4,candidate_2,candidate_3,4,0.035
42,candidate_1,candidate_4,candidate_2,candidate_3,4,0.035
43,candidate_1,candidate_4,candidate_2,candidate_3,4,0.035
44,candidate_1,candidate_4,0,candidate_3,4,0.035
45,candidate_1,candidate_4,candidate_2,candidate_3,4,0.035
46,candidate_1,candidate_4,candidate_2,candidate_3,4,0.035
47,candidate_1,candidate_4,candidate_2,candidate_3,4,0.035
48,candidate_1,candidate_4,candidate_2,candidate_3,4,0.035
49,candidate_1,candidate_4,candidate_2,candidate_3,4,0.035
50,candidate_1,candidate_4,candidate_2,candidate_3,4,0.035
51,candidate_1,candidate_4,candidate_2,candidate_3,4,0.035
52,candidate_1,candidate_4,candidate_2,candidate_3,4,0.035
53,candidate_1,candidate_4,candidate_2,candidate_3,4,0.035
54,candidate_1,candidate_4,candidate_2,candidate_3,4,0.035
55,candidate_1,candidate_4,candidate_2,candidate_3,4,0.035
56,candidate_1,candidate_4,candidate_2,candidate_3,4,0.035
57,candidate_1,candidate_4,candidate_2,candidate_3,4,0.035
58,candidate_1,candidate_4,candidate_2,candidate_3,4,0.035
59,candidate_1,candidate_4,candidate_2,candidate_3,4,0.035
60,candidate_1,candidate_4,candidate_2,candidate_3,4,0.035
61,candidate_1,candidate_4,candidate_2,candidate_3,4,0.035
62,candidate_1,candidate_4,candidate_2,candidate_3,4,0.035
63,candidate_1,candidate_4,candidate_2,candidate_3,4,0.035
64,candidate_1,candidate_4,candidate_2,candidate_3,4,0.035
65,0,candidate_4,candidate_2,candidate_3,4,0.035
66,candidate_1,candidate_4,candidate_2,candidate_3,4,0.035
67,candidate_1,candidate_4,candidate_2,candidate_3,4,0.035
68,candidate_1,candidate_4,candidate_2,candidate_3,4,0.035
69,0,candidate_4,candidate_2,0,4,0.035
70,candidate_1,candidate_4,candidate_2,0,4,0.035
71,0,candidate_4,candidate_2,candidate_3,4,0.035
72,candidate_1,candidate_4,candidate_2,candidate_3,4,0.035
73,candidate_1,candidate_4,candidate_2,candidate_3,4,0.035
74,0,candidate_4,candidate_2,candidate_3,4,0.035
75,candidate_1,candidate_4,candidate_2,0,4,0.035
76,candidate_1,candidate_4,candidate_2,candidate_3,4,0.035
77,candidate_1,candidate_4,candidate_2,candidate_3,4,0.035
0,candidate_1,candidate_4,candidate_3,candidate_2,4,0.035
1,candidate_1,candidate_4,candidate_3,candidate_2,4,0.035
2,candidate_1,candidate_4,candidate_3,candidate_2,4,0.035
3,candidate_1,candidate_4,candidate_3,candidate_2,4,0.035
4,candidate_1,candidate_4,candidate_3,candidate_2,4,0.035
5,candidate_1,candidate_4,candidate_3,candidate_2,4,0.035
6,candidate_1,candidate_4,candidate_3,candidate_2,4,0.035
7,candidate_1,candidate_4,candidate_3,candidate_2,4,0.035
8,candidate_1,candidate_4,candidate_3,candidate_2,4,0.035
9,candidate_1,candidate_4,candidate_3,candidate_2,4,0.035
10,candidate_1,candidate_4,candidate_3,candidate_2,4,0.035
11,candidate_1,candidate_4,candidate_3,candidate_2,4,0.035
12,candidate_1,candidate_4,candidate_3,0,4,0.035
13,candidate_1,candidate_4,candidate_3,candidate_2,4,0.035
14,candidate_1,candidate_4,candidate_3,candidate_2,4,0.035
15,candidate_1,candidate_4,candidate_3,candidate_2,4,0.035
0,0,candidate_1,candidate_3,candidate_4,4,0.035
1,candidate_2,candidate_1,candidate_3,candidate_4,4,0.035
2,candidate_2,candidate_1,candidate_3,candidate_4,4,0.035
3,candidate_2,candidate_1,candidate_3,candidate_4,4,0.035
4,candidate_2,candidate_1,candidate_3,candidate_4,4,0.035
5,candidate_2,candidate_1,candidate_3,candidate_4,4,0.035
6,candidate_2,candidate_1,candidate_3,candidate_4,4,0.035
7,candidate_2,candidate_1,candidate_3,candidate_4,4,0.035
8,candidate_2,candidate_1,candidate_3,candidate_4,4,0.035
9,candidate_2,candidate_1,candidate_3,candidate_4,4,0.035
10,candidate_2,candidate_1,candidate_3,0,4,0.035
11,candidate_2,candidate_1,candidate_3,candidate_4,4,0.035
12,candidate_2,candidate_1,candidate_3,candidate_4,4,0.035
13,candidate_2,candidate_1,candidate_3,candidate_4,4,0.035
14,candidate_2,0,candidate_3,candidate_4,4,0.035
15,candidate_2,candidate_1,0,0,4,0.035
16,candidate_2,candidate_1,candidate_3,candidate_4,4,0.035
17,candidate_2,candidate_1,candidate_3,candidate_4,4,0.035
18,candidate_2,candidate_1,candidate_3,candidate_4,4,0.035
19,candidate_2,candidate_1,candidate_3,candidate_4,4,0.035
20,candidate_2,candidate_1,candidate_3,candidate_4,4,0.035
21,candidate_2,candidate_1,candidate_3,candidate_4,4,0.035
22,candidate_2,0,candidate_3,candidate_4,4,0.035
23,0,candidate_1,candidate_3,candidate_4,4,0.035
24,candidate_2,candidate_1,candidate_3,candidate_4,4,0.035
25,candidate_2,candidate_1,candidate_3,candidate_4,4,0.035
26,candidate_2,candidate_1,candidate_3,candidate_4,4,0.035
27,candidate_2,candidate_1,candidate_3,candidate_4,4,0.035
28,candidate_2,candidate_1,candidate_3,candidate_4,4,0.035
29,candidate_2,candidate_1,candidate_3,candidate_4,4,0.035
30,0,candidate_1,candidate_3,candidate_4,4,0.035
31,candidate_2,candidate_1,candidate_3,candidate_4,4,0.035
32,candidate_2,candidate_1,candidate_3,candidate_4,4,0.035
33,candidate_2,candidate_1,candidate_3,candidate_4,4,0.035
34,candidate_2,candidate_1,candidate_3,candidate_4,4,0.035
35,candidate_2,candidate_1,candidate_3,candidate_4,4,0.035
36,candidate_2,candidate_1,candidate_3,candidate_4,4,0.035
37,candidate_2,candidate_1,candidate_3,candidate_4,4,0.035
38,0,candidate_1,candidate_3,candidate_4,4,0.035
39,candidate_2,0,candidate_3,candidate_4,4,0.035
40,candidate_2,candidate_1,candidate_3,candidate_4,4,0.035
41,candidate_2,candidate_1,candidate_3,candidate_4,4,0.035
42,candidate_2,candidate_1,candidate_3,candidate_4,4,0.035
43,candidate_2,candidate_1,candidate_3,candidate_4,4,0.035
44,candidate_2,candidate_1,candidate_3,candidate_4,4,0.035
45,candidate_2,candidate_1,candidate_3,candidate_4,4,0.035
46,candidate_2,candidate_1,candidate_3,candidate_4,4,0.035
47,candidate_2,candidate_1,candidate_3,candidate_4,4,0.035
48,candidate_2,candidate_1,candidate_3,candidate_4,4,0.035
49,candidate_2,candidate_1,candidate_3,candidate_4,4,0.035
50,candidate_2,candidate_1,candidate_3,candidate_4,4,0.035
51,candidate_2,candidate_1,candidate_3,candidate_4,4,0.035
52,candidate_2,candidate_1,candidate_3,candidate_4,4,0.035
53,candidate_2,candidate_1,candidate_3,candidate_4,4,0.035
54,candidate_2,candidate_1,candidate_3,candidate_4,4,0.035
55,candidate_2,candidate_1,candidate_3,candidate_4,4,0.035
56,candidate_2,candidate_1,candidate_3,candidate_4,4,0.035
57,candidate_2,candidate_1,candidate_3,candidate_4,4,0.035
58,candidate_2,candidate_1,candidate_3,candidate_4,4,0.035
59,candidate_2,candidate_1,candidate_3,candidate_4,4,0.035
60,candidate_2,candidate_1,candidate_3,candidate_4,4,0.035
61,0,candidate_1,candidate_3,0,4,0.035
62,candidate_2,candidate_1,candidate_3,candidate_4,4,0.035
63,candidate_2,candidate_1,candidate_3,candidate_4,4,0.035
64,candidate_2,candidate_1,candidate_3,candidate_4,4,0.035
65,candidate_2,candidate_1,candidate_3,candidate_4,4,0.035
66,candidate_2,candidate_1,candidate_3,candidate_4,4,0.035
67,candidate_2,candidate_1,candidate_3,candidate_4,4,0.035
68,candidate_2,candidate_1,candidate_3,candidate_4,4,0.035
69,candidate_2,candidate_1,candidate_3,candidate_4,4,0.035
70,candidate_2,candidate_1,candidate_3,candidate_4,4,0.035
71,candidate_2,candidate_1,candidate_3,candidate_4,4,0.035
72,candidate_2,0,candidate_3,candidate_4,4,0.035
73,candidate_2,candidate_1,candidate_3,candidate_4,4,0.035
74,candidate_2,candidate_1,candidate_3,candidate_4,4,0.035
75,candidate_2,candidate_1,candidate_3,candidate_4,4,0.035
76,candidate_2,candidate_1,candidate_3,candidate_4,4,0.035
77,candidate_2,candidate_1,candidate_3,candidate_4,4,0.035
78,candidate_2,candidate_1,candidate_3,candidate_4,4,0.035
79,candidate_2,candidate_1,candidate_3,candidate_4,4,0.035
80,candidate_2,candidate_1,candidate_3,0,4,0.035
81,candidate_2,candidate_1,candidate_3,candidate_4,4,0.035
82,0,candidate_1,0,candidate_4,4,0.035
83,candidate_2,candidate_1,candidate_3,candidate_4,4,0.035
84,candidate_2,candidate_1,candidate_3,candidate_4,4,0.035
85,candidate_2,candidate_1,candidate_3,candidate_4,4,0.035
86,candidate_2,candidate_1,candidate_3,candidate_4,4,0.035
87,candidate_2,candidate_1,candidate_3,candidate_4,4,0.035
88,candidate_2,candidate_1,candidate_3,candidate_4,4,0.035
89,candidate_2,candidate_1,candidate_3,candidate_4,4,0.035
90,candidate_2,candidate_1,candidate_3,candidate_4,4,0.035
91,candidate_2,candidate_1,candidate_3,candidate_4,4,0.035
92,candidate_2,candidate_1,candidate_3,candidate_4,4,0.035
93,candidate_2,candidate_1,candidate_3,candidate_4,4,0.035
94,candidate_2,candidate_1,candidate_3,candidate_4,4,0.035
95,candidate_2,candidate_1,candidate_3,candidate_4,4,0.035
96,candidate_2,candidate_1,candidate_3,candidate_4,4,0.035
97,candidate_2,candidate_1,candidate_3,candidate_4,4,0.035
98,candidate_2,candidate_1,candidate_3,candidate_4,4,0.035
99,candidate_2,candidate_1,candidate_3,candidate_4,4,0.035
100,candidate_2,candidate_1,0,candidate_4,4,0.035
101,candidate_2,candidate_1,candidate_3,candidate_4,4,0.035
102,candidate_2,candidate_1,candidate_3,candidate_4,4,0.035
103,candidate_2,candidate_1,candidate_3,candidate_4,4,0.035
104,candidate_2,candidate_1,candidate_3,candidate_4,4,0.035
105,candidate_2,candidate_1,candidate_3,candidate_4,4,0.035
106,candidate_2,candidate_1,candidate_3,candidate_4,4,0.035
107,0,candidate_1,candidate_3,candidate_4,4,0.035
108,candidate_2,candidate_1,candidate_3,0,4,0.035
109,candidate_2,candidate_1,candidate_3,candidate_4,4,0.035
110,candidate_2,candidate_1,candidate_3,candidate_4,4,0.035
111,candidate_2,candidate_1,candidate_3,candidate_4,4,0.035
112,candidate_2,candidate_1,candidate_3,candidate_4,4,0.035
113,candidate_2,candidate_1,candidate_3,candidate_4,4,0.035
114,candidate_2,candidate_1,candidate_3,candidate_4,4,0.035
115,candidate_2,candidate_1,candidate_3,candidate_4,4,0.035
116,candidate_2,candidate_1,candidate_3,candidate_4,4,0.035
117,candidate_2,candidate_1,candidate_3,candidate_4,4,0.035
118,candidate_2,candidate_1,candidate_3,candidate_4,4,0.035
119,candidate_2,candidate_1,candidate_3,candidate_4,4,0.035
120,candidate_2,candidate_1,candidate_3,candidate_4,4,0.035
121,candidate_2,candidate_1,candidate_3,candidate_4,4,0.035
122,candidate_2,candidate_1,candidate_3,candidate_4,4,0.035
123,candidate_2,candidate_1,candidate_3,candidate_4,4,0.035
124,candidate_2,candidate_1,candidate_3,candidate_4,4,0.035
125,candidate_2,candidate_1,candidate_3,candidate_4,4,0.035
126,candidate_2,candidate_1,candidate_3,candidate_4,4,0.035
127,candidate_2,0,candidate_3,candidate_4,4,0.035
128,candidate_2,candidate_1,candidate_3,candidate_4,4,0.035
129,candidate_2,candidate_1,candidate_3,candidate_4,4,0.035
130,candidate_2,candidate_1,candidate_3,candidate_4,4,0.035
131,candidate_2,candidate_1,candidate_3,candidate_4,4,0.035
132,candidate_2,candidate_1,candidate_3,candidate_4,4,0.035
133,candidate_2,candidate_1,candidate_3,candidate_4,4,0.035
134,candidate_2,candidate_1,candidate_3,candidate_4,4,0.035
135,candidate_2,candidate_1,candidate_3,candidate_4,4,0.035
136,candidate_2,candidate_1,candidate_3,candidate_4,4,0.035
137,candidate_2,candidate_1,candidate_3,candidate_4,4,0.035
138,candidate_2,0,candidate_3,candidate_4,4,0.035
139,candidate_2,candidate_1,candidate_3,candidate_4,4,0.035
140,candidate_2,candidate_1,candidate_3,candidate_4,4,0.035
141,candidate_2,candidate_1,candidate_3,candidate_4,4,0.035
142,candidate_2,candidate_1,candidate_3,candidate_4,4,0.035
143,candidate_2,candidate_1,candidate_3,candidate_4,4,0.035
144,candidate_2,candidate_1,candidate_3,0,4,0.035
145,candidate_2,candidate_1,candidate_3,candidate_4,4,0.035
146,candidate_2,candidate_1,candidate_3,candidate_4,4,0.035
147,candidate_2,candidate_1,candidate_3,candidate_4,4,0.035
148,candidate_2,0,candidate_3,candidate_4,4,0.035
149,candidate_2,candidate_1,candidate_3,candidate_4,4,0.035
150,candidate_2,candidate_1,candidate_3,candidate_4,4,0.035
151,candidate_2,candidate_1,candidate_3,candidate_4,4,0.035
152,candidate_2,candidate_1,candidate_3,candidate_4,4,0.035
153,candidate_2,candidate_1,candidate_3,candidate_4,4,0.035
154,candidate_2,candidate_1,candidate_3,0,4,0.035
155,candidate_2,candidate_1,candidate_3,candidate_4,4,0.035
156,candidate_2,candidate_1,candidate_3,candidate_4,4,0.035
0,candidate_2,candidate_1,candidate_4,candidate_3,4,0.035
1,candidate_2,candidate_1,candidate_4,candidate_3,4,0.035
2,candidate_2,candidate_1,candidate_4,candidate_3,4,0.035
3,candidate_2,candidate_1,candidate_4,candidate_3,4,0.035
4,candidate_2,candidate_1,candidate_4,candidate_3,4,0.035
5,candidate_2,candidate_1,candidate_4,candidate_3,4,0.035
6,candidate_2,candidate_1,candidate_4,candidate_3,4,0.035
7,candidate_2,candidate_1,candidate_4,candidate_3,4,0.035
8,candidate_2,candidate_1,candidate_4,candidate_3,4,0.035
9,candidate_2,candidate_1,candidate_4,candidate_3,4,0.035
10,candidate_2,candidate_1,candidate_4,candidate_3,4,0.035
11,candidate_2,candidate_1,candidate_4,candidate_3,4,0.035
12,candidate_2,candidate_1,candidate_4,candidate_3,4,0.035
13,candidate_2,candidate_1,candidate_4,candidate_3,4,0.035
14,candidate_2,candidate_1,candidate_4,candidate_3,4,0.035
15,candidate_2,candidate_1,candidate_4,candidate_3,4,0.035
16,candidate_2,candidate_1,candidate_4,candidate_3,4,0.035
17,candidate_2,candidate_1,candidate_4,candidate_3,4,0.035
18,candidate_2,candidate_1,candidate_4,candidate_3,4,0.035
19,candidate_2,candidate_1,candidate_4,candidate_3,4,0.035
20,candidate_2,candidate_1,candidate_4,candidate_3,4,0.035
21,candidate_2,candidate_1,candidate_4,candidate_3,4,0.035
22,candidate_2,0,candidate_4,candidate_3,4,0.035
23,candidate_2,candidate_1,candidate_4,candidate_3,4,0.035
24,candidate_2,candidate_1,candidate_4,candidate_3,4,0.035
25,candidate_2,candidate_1,candidate_4,candidate_3,4,0.035
26,candidate_2,candidate_1,candidate_4,candidate_3,4,0.035
27,candidate_2,candidate_1,candidate_4,candidate_3,4,0.035
28,candidate_2,candidate_1,candidate_4,candidate_3,4,0.035
29,candidate_2,candidate_1,candidate_4,candidate_3,4,0.035
30,candidate_2,candidate_1,candidate_4,candidate_3,4,0.035
31,candidate_2,candidate_1,candidate_4,candidate_3,4,0.035
32,candidate_2,candidate_1,candidate_4,candidate_3,4,0.035
33,candidate_2,candidate_1,candidate_4,candidate_3,4,0.035
34,0,candidate_1,candidate_4,candidate_3,4,0.035
35,candidate_2,candidate_1,candidate_4,candidate_3,4,0.035
36,candidate_2,candidate_1,candidate_4,candidate_3,4,0.035
37,candidate_2,candidate_1,candidate_4,candidate_3,4,0.035
38,candidate_2,candidate_1,candidate_4,candidate_3,4,0.035
39,candidate_2,candidate_1,candidate_4,candidate_3,4,0.035
40,candidate_2,candidate_1,candidate_4,candidate_3,4,0.035
41,candidate_2,candidate_1,candidate_4,candidate_3,4,0.035
42,candidate_2,candidate_1,candidate_4,candidate_3,4,0.035
43,candidate_2,candidate_1,candidate_4,0,4,0.035
44,candidate_2,candidate_1,candidate_4,candidate_3,4,0.035
45,candidate_2,candidate_1,candidate_4,candidate_3,4,0.035
46,candidate_2,candidate_1,candidate_4,candidate_3,4,0.035
47,candidate_2,candidate_1,candidate_4,candidate_3,4,0.035
48,candidate_2,candidate_1,candidate_4,candidate_3,4,0.035
49,candidate_2,candidate_1,candidate_4,candidate_3,4,0.035
50,candidate_2,candidate_1,candidate_4,candidate_3,4,0.035
51,candidate_2,candidate_1,candidate_4,candidate_3,4,0.035
52,candidate_2,candidate_1,candidate_4,candidate_3,4,0.035
53,candidate_2,candidate_1,candidate_4,candidate_3,4,0.035
54,candidate_2,candidate_1,candidate_4,candidate_3,4,0.035
55,candidate_2,candidate_1,candidate_4,candidate_3,4,0.035
56,candidate_2,candidate_1,candidate_4,candidate_3,4,0.035
57,candidate_2,candidate_1,candidate_4,candidate_3,4,0.035
58,candidate_2,candidate_1,candidate_4,candidate_3,4,0.035
59,candidate_2,candidate_1,candidate_4,candidate_3,4,0.035
60,candidate_2,candidate_1,candidate_4,candidate_3,4,0.035
61,candidate_2,candidate_1,candidate_4,candidate_3,4,0.035
62,candidate_2,candidate_1,candidate_4,candidate_3,4,0.035
63,candidate_2,candidate_1,candidate_4,candidate_3,4,0.035
64,candidate_2,candidate_1,candidate_4,candidate_3,4,0.035
65,candidate_2,candidate_1,candidate_4,candidate_3,4,0.035
66,candidate_2,candidate_1,candidate_4,candidate_3,4,0.035
67,candidate_2,candidate_1,candidate_4,candidate_3,4,0.035
68,candidate_2,candidate_1,candidate_4,candidate_3,4,0.035
69,candidate_2,candidate_1,candidate_4,candidate_3,4,0.035
70,candidate_2,candidate_1,candidate_4,candidate_3,4,0.035
71,candidate_2,candidate_1,candidate_4,candidate_3,4,0.035
72,candidate_2,candidate_1,candidate_4,candidate_3,4,0.035
73,candidate_2,candidate_1,candidate_4,candidate_3,4,0.035
74,candidate_2,candidate_1,candidate_4,candidate_3,4,0.035
75,candidate_2,candidate_1,candidate_4,candidate_3,4,0.035
76,candidate_2,candidate_1,candidate_4,candidate_3,4,0.035
77,candidate_2,candidate_1,candidate_4,candidate_3,4,0.035
78,candidate_2,candidate_1,candidate_4,candidate_3,4,0.035
79,candidate_2,candidate_1,candidate_4,candidate_3,4,0.035
80,candidate_2,candidate_1,0,candidate_3,4,0.035
81,candidate_2,candidate_1,candidate_4,candidate_3,4,0.035
82,candidate_2,candidate_1,candidate_4,candidate_3,4,0.035
83,candidate_2,candidate_1,candidate_4,candidate_3,4,0.035
84,candidate_2,candidate_1,0,candidate_3,4,0.035
85,candidate_2,candidate_1,candidate_4,candidate_3,4,0.035
86,candidate_2,0,candidate_4,candidate_3,4,0.035
87,0,candidate_1,candidate_4,candidate_3,4,0.035
88,candidate_2,candidate_1,candidate_4,candidate_3,4,0.035
89,candidate_2,candidate_1,candidate_4,candidate_3,4,0.035
90,candidate_2,candidate_1,candidate_4,candidate_3,4,0.035
91,candidate_2,candidate_1,0,candidate_3,4,0.035
92,candidate_2,candidate_1,candidate_4,candidate_3,4,0.035
93,candidate_2,candidate_1,candidate_4,candidate_3,4,0.035
94,candidate_2,candidate_1,candidate_4,candidate_3,4,0.035
95,candidate_2,candidate_1,candidate_4,candidate_3,4,0.035
96,candidate_2,candidate_1,candidate_4,candidate_3,4,0.035
97,candidate_2,candidate_1,candidate_4,candidate_3,4,0.035
98,candidate_2,candidate_1,candidate_4,candidate_3,4,0.035
99,candidate_2,candidate_1,candidate_4,candidate_3,4,0.035
100,candidate_2,candidate_1,candidate_4,candidate_3,4,0.035
101,candidate_2,candidate_1,candidate_4,candidate_3,4,0.035
102,candidate_2,candidate_1,candidate_4,candidate_3,4,0.035
103,candidate_2,candidate_1,candidate_4,candidate_3,4,0.035
104,candidate_2,candidate_1,candidate_4,candidate_3,4,0.035
105,candidate_2,candidate_1,candidate_4,candidate_3,4,0.035
106,candidate_2,candidate_1,candidate_4,candidate_3,4,0.035
107,candidate_2,candidate_1,candidate_4,candidate_3,4,0.035
108,candidate_2,candidate_1,candidate_4,candidate_3,4,0.035
109,candidate_2,candidate_1,candidate_4,candidate_3,4,0.035
110,candidate_2,candidate_1,candidate_4,candidate_3,4,0.035
111,candidate_2,candidate_1,candidate_4,candidate_3,4,0.035
112,candidate_2,candidate_1,candidate_4,candidate_3,4,0.035
113,candidate_2,candidate_1,candidate_4,candidate_3,4,0.035
114,candidate_2,candidate_1,candidate_4,candidate_3,4,0.035
115,candidate_2,candidate_1,candidate_4,0,4,0.035
116,candidate_2,candidate_1,candidate_4,0,4,0.035
117,candidate_2,candidate_1,candidate_4,candidate_3,4,0.035
118,candidate_2,candidate_1,candidate_4,candidate_3,4,0.035
119,candidate_2,candidate_1,candidate_4,candidate_3,4,0.035
120,candidate_2,candidate_1,candidate_4,candidate_3,4,0.035
121,candidate_2,candidate_1,candidate_4,candidate_3,4,0.035
122,candidate_2,candidate_1,candidate_4,0,4,0.035
123,candidate_2,candidate_1,candidate_4,candidate_3,4,0.035
124,candidate_2,candidate_1,candidate_4,candidate_3,4,0.035
125,candidate_2,candidate_1,candidate_4,candidate_3,4,0.035
126,candidate_2,candidate_1,candidate_4,candidate_3,4,0.035
127,candidate_2,candidate_1,candidate_4,candidate_3,4,0.035
128,candidate_2,candidate_1,candidate_4,candidate_3,4,0.035
129,candidate_2,candidate_1,candidate_4,candidate_3,4,0.035
130,candidate_2,candidate_1,candidate_4,candidate_3,4,0.035
131,candidate_2,0,candidate_4,candidate_3,4,0.035
132,candidate_2,candidate_1,candidate_4,candidate_3,4,0.035
133,candidate_2,candidate_1,candidate_4,candidate_3,4,0.035
134,candidate_2,candidate_1,candidate_4,candidate_3,4,0.035
135,candidate_2,candidate_1,candidate_4,candidate_3,4,0.035
136,candidate_2,candidate_1,candidate_4,candidate_3,4,0.035
137,candidate_2,candidate_1,0,candidate_3,4,0.035
138,candidate_2,candidate_1,candidate_4,candidate_3,4,0.035
139,candidate_2,candidate_1,candidate_4,candidate_3,4,0.035
140,candidate_2,0,candidate_4,candidate_3,4,0.035
141,candidate_2,candidate_1,candidate_4,candidate_3,4,0.035
142,candidate_2,candidate_1,candidate_4,candidate_3,4,0.035
143,candidate_2,candidate_1,0,candidate_3,4,0.035
144,candidate_2,candidate_1,candidate_4,candidate_3,4,0.035
145,candidate_2,candidate_1,candidate_4,candidate_3,4,0.035
146,candidate_2,candidate_1,candidate_4,candidate_3,4,0.035
147,candidate_2,candidate_1,candidate_4,candidate_3,4,0.035
148,candidate_2,candidate_1,candidate_4,candidate_3,4,0.035
149,candidate_2,candidate_1,candidate_4,candidate_3,4,0.035
150,candidate_2,candidate_1,candidate_4,candidate_3,4,0.035
151,candidate_2,candidate_1,candidate_4,candidate_3,4,0.035
152,candidate_2,candidate_1,candidate_4,candidate_3,4,0.035
153,candidate_2,candidate_1,candidate_4,candidate_3,4,0.035
154,candidate_2,candidate_1,candidate_4,candidate_3,4,0.035
155,candidate_2,candidate_1,candidate_4,candidate_3,4,0.035
156,candidate_2,candidate_1,candidate_4,candidate_3,4,0.035
157,candidate_2,candidate_1,candidate_4,candidate_3,4,0.035
158,candidate_2,candidate_1,candidate_4,candidate_3,4,0.035
159,candidate_2,candidate_1,candidate_4,candidate_3,4,0.035
160,candidate_2,candidate_1,candidate_4,candidate_3,4,0.035
161,candidate_2,candidate_1,0,candidate_3,4,0.035
162,candidate_2,candidate_1,candidate_4,candidate_3,4,0.035
163,candidate_2,candidate_1,candidate_4,candidate_3,4,0.035
164,candidate_2,candidate_1,candidate_4,candidate_3,4,0.035
165,candidate_2,candidate_1,candidate_4,candidate_3,4,0.035
166,candidate_2,candidate_1,candidate_4,candidate_3,4,0.035
167,candidate_2,candidate_1,candidate_4,candidate_3,4,0.035
168,candidate_2,candidate_1,candidate_4,candidate_3,4,0.035
169,candidate_2,candidate_1,candidate_4,candidate_3,4,0.035
170,candidate_2,candidate_1,candidate_4,candidate_3,4,0.035
171,candidate_2,candidate_1,candidate_4,candidate_3,4,0.035
172,candidate_2,candidate_1,candidate_4,candidate_3,4,0.035
173,candidate_2,candidate_1,candidate_4,candidate_3,4,0.035
174,candidate_2,candidate_1,candidate_4,candidate_3,4,0.035
175,candidate_2,candidate_1,candidate_4,candidate_3,4,0.035
176,candidate_2,candidate_1,candidate_4,candidate_3,4,0.035
177,candidate_2,candidate_1,candidate_4,candidate_3,4,0.035
178,candidate_2,candidate_1,candidate_4,candidate_3,4,0.035
179,candidate_2,candidate_1,candidate_4,candidate_3,4,0.035
180,candidate_2,candidate_1,candidate_4,candidate_3,4,0.035
181,candidate_2,candidate_1,candidate_4,candidate_3,4,0.035
182,candidate_2,candidate_1,candidate_4,candidate_3,4,0.035
183,candidate_2,candidate_1,candidate_4,0,4,0.035
184,candidate_2,0,candidate_4,candidate_3,4,0.035
185,candidate_2,candidate_1,candidate_4,candidate_3,4,0.035
186,candidate_2,candidate_1,candidate_4,candidate_3,4,0.035
187,candidate_2,candidate_1,candidate_4,candidate_3,4,0.035
188,candidate_2,candidate_1,0,candidate_3,4,0.035
189,candidate_2,candidate_1,candidate_4,candidate_3,4,0.035
190,candidate_2,0,candidate_4,0,4,0.035
191,candidate_2,candidate_1,candidate_4,candidate_3,4,0.035
192,candidate_2,candidate_1,candidate_4,candidate_3,4,0.035
193,candidate_2,candidate_1,candidate_4,candidate_3,4,0.035
194,candidate_2,candidate_1,candidate_4,candidate_3,4,0.035
195,candidate_2,candidate_1,candidate_4,candidate_3,4,0.035
196,candidate_2,candidate_1,candidate_4,candidate_3,4,0.035
197,candidate_2,candidate_1,candidate_4,candidate_3,4,0.035
198,candidate_2,candidate_1,candidate_4,candidate_3,4,0.035
199,candidate_2,candidate_1,candidate_4,0,4,0.035
200,candidate_2,candidate_1,candidate_4,candidate_3,4,0.035
201,candidate_2,candidate_1,candidate_4,candidate_3,4,0.035
202,candidate_2,candidate_1,candidate_4,candidate_3,4,0.035
203,candidate_2,candidate_1,candidate_4,candidate_3,4,0.035
204,candidate_2,candidate_1,candidate_4,candidate_3,4,0.035
205,candidate_2,candidate_1,candidate_4,candidate_3,4,0.035
206,candidate_2,candidate_1,candidate_4,candidate_3,4,0.035
207,candidate_2,candidate_1,candidate_4,candidate_3,4,0.035
208,candidate_2,candidate_1,0,candidate_3,4,0.035
209,candidate_2,candidate_1,candidate_4,candidate_3,4,0.035
210,candidate_2,candidate_1,candidate_4,candidate_3,4,0.035
211,candidate_2,candidate_1,candidate_4,candidate_3,4,0.035
212,candidate_2,candidate_1,candidate_4,candidate_3,4,0.035
213,candidate_2,candidate_1,candidate_4,candidate_3,4,0.035
214,candidate_2,candidate_1,candidate_4,candidate_3,4,0.035
215,candidate_2,candidate_1,candidate_4,candidate_3,4,0.035
216,candidate_2,candidate_1,candidate_4,candidate_3,4,0.035
217,candidate_2,candidate_1,candidate_4,candidate_3,4,0.035
218,candidate_2,candidate_1,candidate_4,candidate_3,4,0.035
219,candidate_2,0,candidate_4,candidate_3,4,0.035
220,candidate_2,candidate_1,candidate_4,candidate_3,4,0.035
221,candidate_2,candidate_1,candidate_4,candidate_3,4,0.035
222,candidate_2,candidate_1,candidate_4,0,4,0.035
223,candidate_2,candidate_1,candidate_4,candidate_3,4,0.035
224,candidate_2,candidate_1,candidate_4,candidate_3,4,0.035
225,candidate_2,candidate_1,candidate_4,candidate_3,4,0.035
226,candidate_2,candidate_1,candidate_4,candidate_3,4,0.035
227,candidate_2,candidate_1,candidate_4,candidate_3,4,0.035
228,candidate_2,candidate_1,candidate_4,0,4,0.035
229,candidate_2,candidate_1,candidate_4,candidate_3,4,0.035
230,candidate_2,candidate_1,candidate_4,candidate_3,4,0.035
231,candidate_2,candidate_1,candidate_4,candidate_3,4,0.035
232,candidate_2,candidate_1,candidate_4,candidate_3,4,0.035
233,candidate_2,candidate_1,candidate_4,candidate_3,4,0.035
234,candidate_2,candidate_1,candidate_4,candidate_3,4,0.035
235,candidate_2,candidate_1,0,candidate_3,4,0.035
236,candidate_2,candidate_1,candidate_4,candidate_3,4,0.035
237,candidate_2,candidate_1,candidate_4,candidate_3,4,0.035
238,candidate_2,candidate_1,candidate_4,candidate_3,4,0.035
239,candidate_2,candidate_1,candidate_4,candidate_3,4,0.035
240,candidate_2,candidate_1,candidate_4,candidate_3,4,0.035
241,candidate_2,candidate_1,candidate_4,candidate_3,4,0.035
242,candidate_2,0,candidate_4,candidate_3,4,0.035
243,candidate_2,candidate_1,candidate_4,candidate_3,4,0.035
244,candidate_2,candidate_1,candidate_4,candidate_3,4,0.035
245,candidate_2,candidate_1,candidate_4,candidate_3,4,0.035
246,candidate_2,candidate_1,candidate_4,candidate_3,4,0.035
247,candidate_2,candidate_1,candidate_4,candidate_3,4,0.035
248,0,candidate_1,candidate_4,candidate_3,4,0.035
249,candidate_2,candidate_1,candidate_4,candidate_3,4,0.035
250,candidate_2,candidate_1,candidate_4,candidate_3,4,0.035
251,candidate_2,candidate_1,candidate_4,candidate_3,4,0.035
252,candidate_2,candidate_1,candidate_4,candidate_3,4,0.035
253,candidate_2,candidate_1,candidate_4,candidate_3,4,0.035
254,candidate_2,candidate_1,candidate_4,candidate_3,4,0.035
255,candidate_2,candidate_1,candidate_4,candidate_3,4,0.035
256,candidate_2,candidate_1,candidate_4,candidate_3,4,0.035
257,candidate_2,candidate_1,candidate_4,candidate_3,4,0.035
258,candidate_2,candidate_1,candidate_4,candidate_3,4,0.035
259,candidate_2,candidate_1,candidate_4,candidate_3,4,0.035
260,candidate_2,candidate_1,candidate_4,candidate_3,4,0.035
261,candidate_2,candidate_1,candidate_4,candidate_3,4,0.035
262,candidate_2,candidate_1,candidate_4,candidate_3,4,0.035
263,candidate_2,candidate_1,candidate_4,candidate_3,4,0.035
264,candidate_2,candidate_1,candidate_4,candidate_3,4,0.035
265,candidate_2,candidate_1,candidate_4,candidate_3,4,0.035
266,candidate_2,candidate_1,candidate_4,candidate_3,4,0.035
267,candidate_2,candidate_1,candidate_4,candidate_3,4,0.035
268,candidate_2,candidate_1,candidate_4,candidate_3,4,0.035
269,candidate_2,candidate_1,candidate_4,candidate_3,4,0.035
270,candidate_2,candidate_1,candidate_4,candidate_3,4,0.035
271,candidate_2,candidate_1,candidate_4,candidate_3,4,0.035
272,candidate_2,candidate_1,candidate_4,candidate_3,4,0.035
273,candidate_2,candidate_1,candidate_4,candidate_3,4,0.035
274,candidate_2,candidate_1,candidate_4,candidate_3,4,0.035
275,candidate_2,candidate_1,candidate_4,candidate_3,4,0.035
276,candidate_2,candidate_1,candidate_4,candidate_3,4,0.035
277,0,candidate_1,candidate_4,candidate_3,4,0.035
278,0,candidate_1,candidate_4,candidate_3,4,0.035
279,candidate_2,candidate_1,candidate_4,candidate_3,4,0.035
280,candidate_2,candidate_1,candidate_4,candidate_3,4,0.035
281,candidate_2,candidate_1,candidate_4,candidate_3,4,0.035
282,candidate_2,candidate_1,candidate_4,candidate_3,4,0.035
283,candidate_2,candidate_1,candidate_4,candidate_3,4,0.035
284,candidate_2,candidate_1,candidate_4,candidate_3,4,0.035
285,candidate_2,candidate_1,candidate_4,candidate_3,4,0.035
286,candidate_2,candidate_1,candidate_4,candidate_3,4,0.035
287,candidate_2,candidate_1,candidate_4,candidate_3,4,0.035
288,candidate_2,0,candidate_4,candidate_3,4,0.035
289,candidate_2,candidate_1,candidate_4,candidate_3,4,0.035
290,candidate_2,candidate_1,candidate_4,candidate_3,4,0.035
291,candidate_2,candidate_1,candidate_4,candidate_3,4,0.035
292,candidate_2,candidate_1,candidate_4,candidate_3,4,0.035
293,candidate_2,candidate_1,candidate_4,candidate_3,4,0.035
294,0,candidate_1,candidate_4,candidate_3,4,0.035
295,candidate_2,candidate_1,candidate_4,candidate_3,4,0.035
296,candidate_2,candidate_1,candidate_4,candidate_3,4,0.035
297,candidate_2,candidate_1,candidate_4,candidate_3,4,0.035
298,candidate_2,candidate_1,candidate_4,candidate_3,4,0.035
299,candidate_2,candidate_1,candidate_4,candidate_3,4,0.035
300,candidate_2,candidate_1,candidate_4,candidate_3,4,0.035
301,candidate_2,candidate_1,candidate_4,candidate_3,4,0.035
302,candidate_2,candidate_1,candidate_4,candidate_3,4,0.035
303,candidate_2,candidate_1,candidate_4,candidate_3,4,0.035
304,candidate_2,candidate_1,candidate_4,candidate_3,4,0.035
305,candidate_2,candidate_1,candidate_4,candidate_3,4,0.035
306,candidate_2,candidate_1,candidate_4,candidate_3,4,0.035
307,candidate_2,candidate_1,candidate_4,candidate_3,4,0.035
308,candidate_2,candidate_1,candidate_4,candidate_3,4,0.035
309,candidate_2,candidate_1,candidate_4,candidate_3,4,0.035
310,candidate_2,candidate_1,candidate_4,candidate_3,4,0.035
311,candidate_2,candidate_1,candidate_4,candidate_3,4,0.035
312,candidate_2,candidate_1,candidate_4,candidate_3,4,0.035
313,candidate_2,candidate_1,candidate_4,candidate_3,4,0.035
314,candidate_2,candidate_1,candidate_4,candidate_3,4,0.035
315,candidate_2,candidate_1,candidate_4,candidate_3,4,0.035
316,candidate_2,candidate_1,0,candidate_3,4,0.035
317,candidate_2,candidate_1,candidate_4,candidate_3,4,0.035
318,candidate_2,candidate_1,candidate_4,candidate_3,4,0.035
319,candidate_2,candidate_1,candidate_4,candidate_3,4,0.035
320,candidate_2,candidate_1,candidate_4,candidate_3,4,0.035
321,candidate_2,candidate_1,candidate_4,candidate_3,4,0.035
322,candidate_2,candidate_1,candidate_4,candidate_3,4,0.035
323,candidate_2,candidate_1,candidate_4,candidate_3,4,0.035
324,candidate_2,candidate_1,candidate_4,candidate_3,4,0.035
325,candidate_2,candidate_1,candidate_4,candidate_3,4,0.035
326,candidate_2,candidate_1,candidate_4,candidate_3,4,0.035
327,candidate_2,candidate_1,candidate_4,candidate_3,4,0.035
328,candidate_2,candidate_1,candidate_4,candidate_3,4,0.035
329,candidate_2,candidate_1,candidate_4,candidate_3,4,0.035
330,candidate_2,candidate_1,candidate_4,candidate_3,4,0.035
331,candidate_2,candidate_1,0,candidate_3,4,0.035
332,candidate_2,candidate_1,candidate_4,candidate_3,4,0.035
333,candidate_2,candidate_1,candidate_4,candidate_3,4,0.035
334,candidate_2,candidate_1,candidate_4,candidate_3,4,0.035
335,candidate_2,candidate_1,candidate_4,candidate_3,4,0.035
336,candidate_2,candidate_1,candidate_4,candidate_3,4,0.035
337,candidate_2,candidate_1,candidate_4,candidate_3,4,0.035
338,candidate_2,candidate_1,candidate_4,candidate_3,4,0.035
339,candidate_2,0,candidate_4,candidate_3,4,0.035
340,candidate_2,candidate_1,candidate_4,candidate_3,4,0.035
341,candidate_2,candidate_1,candidate_4,candidate_3,4,0.035
342,0,0,candidate_4,candidate_3,4,0.035
343,candidate_2,candidate_1,candidate_4,candidate_3,4,0.035
344,candidate_2,candidate_1,candidate_4,candidate_3,4,0.035
345,candidate_2,candidate_1,candidate_4,candidate_3,4,0.035
346,candidate_2,candidate_1,candidate_4,candidate_3,4,0.035
347,candidate_2,candidate_1,candidate_4,candidate_3,4,0.035
348,candidate_2,candidate_1,candidate_4,candidate_3,4,0.035
349,candidate_2,candidate_1,candidate_4,candidate_3,4,0.035
350,candidate_2,candidate_1,candidate_4,candidate_3,4,0.035
351,candidate_2,candidate_1,candidate_4,candidate_3,4,0.035
352,candidate_2,candidate_1,candidate_4,candidate_3,4,0.035
353,candidate_2,candidate_1,candidate_4,candidate_3,4,0.035
354,candidate_2,candidate_1,candidate_4,candidate_3,4,0.035
355,candidate_2,candidate_1,candidate_4,candidate_3,4,0.035
356,candidate_2,candidate_1,candidate_4,candidate_3,4,0.035
357,candidate_2,candidate_1,candidate_4,candidate_3,4,0.035
358,candidate_2,candidate_1,candidate_4,candidate_3,4,0.035
359,candidate_2,candidate_1,candidate_4,candidate_3,4,0.035
360,candidate_2,candidate_1,candidate_4,candidate_3,4,0.035
361,0,candidate_1,0,0,4,0.035
362,candidate_2,candidate_1,candidate_4,candidate_3,4,0.035
363,candidate_2,candidate_1,candidate_4,candidate_3,4,0.035
364,candidate_2,candidate_1,candidate_4,candidate_3,4,0.035
365,candidate_2,candidate_1,candidate_4,candidate_3,4,0.035
366,candidate_2,0,candidate_4,candidate_3,4,0.035
367,candidate_2,candidate_1,candidate_4,candidate_3,4,0.035
368,candidate_2,candidate_1,candidate_4,candidate_3,4,0.035
369,candidate_2,candidate_1,candidate_4,candidate_3,4,0.035
370,candidate_2,candidate_1,candidate_4,candidate_3,4,0.035
371,candidate_2,candidate_1,candidate_4,candidate_3,4,0.035
372,candidate_2,candidate_1,candidate_4,candidate_3,4,0.035
373,candidate_2,candidate_1,candidate_4,candidate_3,4,0.035
374,candidate_2,candidate_1,candidate_4,candidate_3,4,0.035
375,candidate_2,candidate_1,candidate_4,candidate_3,4,0.035
376,candidate_2,candidate_1,candidate_4,candidate_3,4,0.035
377,candidate_2,candidate_1,candidate_4,candidate_3,4,0.035
378,candidate_2,candidate_1,candidate_4,candidate_3,4,0.035
379,candidate_2,candidate_1,candidate_4,candidate_3,4,0.035
380,candidate_2,candidate_1,candidate_4,candidate_3,4,0.035
381,candidate_2,candidate_1,candidate_4,candidate_3,4,0.035
382,candidate_2,candidate_1,candidate_4,candidate_3,4,0.035
383,candidate_2,candidate_1,candidate_4,candidate_3,4,0.035
384,candidate_2,candidate_1,candidate_4,candidate_3,4,0.035
385,candidate_2,candidate_1,candidate_4,candidate_3,4,0.035
386,candidate_2,candidate_1,candidate_4,candidate_3,4,0.035
387,candidate_2,candidate_1,candidate_4,candidate_3,4,0.035
388,candidate_2,candidate_1,candidate_4,candidate_3,4,0.035
389,candidate_2,candidate_1,candidate_4,candidate_3,4,0.035
390,candidate_2,candidate_1,candidate_4,candidate_3,4,0.035
391,candidate_2,candidate_1,candidate_4,candidate_3,4,0.035
392,candidate_2,candidate_1,candidate_4,candidate_3,4,0.035
393,candidate_2,candidate_1,candidate_4,candidate_3,4,0.035
394,candidate_2,candidate_1,candidate_4,candidate_3,4,0.035
395,candidate_2,candidate_1,candidate_4,candidate_3,4,0.035
396,candidate_2,candidate_1,0,candidate_3,4,0.035
397,candidate_2,candidate_1,candidate_4,candidate_3,4,0.035
398,candidate_2,candidate_1,candidate_4,0,4,0.035
399,candidate_2,0,candidate_4,candidate_3,4,0.035
400,candidate_2,candidate_1,candidate_4,candidate_3,4,0.035
401,candidate_2,candidate_1,candidate_4,candidate_3,4,0.035
402,candidate_2,candidate_1,candidate_4,candidate_3,4,0.035
403,candidate_2,candidate_1,candidate_4,candidate_3,4,0.035
404,candidate_2,candidate_1,candidate_4,candidate_3,4,0.035
405,candidate_2,candidate_1,candidate_4,candidate_3,4,0.035
406,candidate_2,candidate_1,candidate_4,candidate_3,4,0.035
407,candidate_2,candidate_1,candidate_4,candidate_3,4,0.035
408,candidate_2,candidate_1,candidate_4,candidate_3,4,0.035
409,0,candidate_1,candidate_4,candidate_3,4,0.035
410,candidate_2,candidate_1,candidate_4,0,4,0.035
411,candidate_2,candidate_1,candidate_4,candidate_3,4,0.035
412,candidate_2,candidate_1,candidate_4,candidate_3,4,0.035
413,candidate_2,candidate_1,candidate_4,candidate_3,4,0.035
414,candidate_2,candidate_1,candidate_4,candidate_3,4,0.035
415,candidate_2,candidate_1,candidate_4,candidate_3,4,0.035
416,candidate_2,candidate_1,candidate_4,candidate_3,4,0.035
417,candidate_2,candidate_1,candidate_4,candidate_3,4,0.035
418,candidate_2,candidate_1,candidate_4,candidate_3,4,0.035
419,candidate_2,candidate_1,candidate_4,candidate_3,4,0.035
420,candidate_2,candidate_1,candidate_4,candidate_3,4,0.035
421,candidate_2,candidate_1,candidate_4,candidate_3,4,0.035
422,candidate_2,candidate_1,0,candidate_3,4,0.035
423,candidate_2,candidate_1,candidate_4,candidate_3,4,0.035
424,candidate_2,candidate_1,candidate_4,candidate_3,4,0.035
425,candidate_2,candidate_1,candidate_4,candidate_3,4,0.035
426,candidate_2,candidate_1,0,candidate_3,4,0.035
427,candidate_2,candidate_1,candidate_4,candidate_3,4,0.035
428,candidate_2,candidate_1,candidate_4,candidate_3,4,0.035
429,0,candidate_1,candidate_4,candidate_3,4,0.035
430,candidate_2,candidate_1,candidate_4,candidate_3,4,0.035
431,candidate_2,candidate_1,candidate_4,candidate_3,4,0.035
432,candidate_2,candidate_1,candidate_4,candidate_3,4,0.035
433,candidate_2,candidate_1,candidate_4,candidate_3,4,0.035
434,candidate_2,candidate_1,candidate_4,candidate_3,4,0.035
435,candidate_2,candidate_1,candidate_4,candidate_3,4,0.035
436,candidate_2,candidate_1,candidate_4,candidate_3,4,0.035
437,candidate_2,0,candidate_4,candidate_3,4,0.035
438,candidate_2,candidate_1,candidate_4,candidate_3,4,0.035
439,candidate_2,candidate_1,candidate_4,candidate_3,4,0.035
440,candidate_2,candidate_1,candidate_4,candidate_3,4,0.035
441,candidate_2,candidate_1,candidate_4,candidate_3,4,0.035
442,candidate_2,candidate_1,candidate_4,candidate_3,4,0.035
443,candidate_2,candidate_1,candidate_4,candidate_3,4,0.035
444,0,candidate_1,candidate_4,candidate_3,4,0.035
445,candidate_2,candidate_1,candidate_4,candidate_3,4,0.035
446,candidate_2,candidate_1,candidate_4,candidate_3,4,0.035
447,candidate_2,candidate_1,candidate_4,candidate_3,4,0.035
448,candidate_2,candidate_1,0,candidate_3,4,0.035
449,candidate_2,candidate_1,candidate_4,candidate_3,4,0.035
450,candidate_2,candidate_1,candidate_4,candidate_3,4,0.035
451,candidate_2,candidate_1,candidate_4,candidate_3,4,0.035
452,candidate_2,candidate_1,candidate_4,candidate_3,4,0.035
453,candidate_2,candidate_1,candidate_4,candidate_3,4,0.035
454,candidate_2,candidate_1,candidate_4,candidate_3,4,0.035
455,candidate_2,candidate_1,candidate_4,candidate_3,4,0.035
456,candidate_2,candidate_1,candidate_4,candidate_3,4,0.035
457,candidate_2,candidate_1,candidate_4,candidate_3,4,0.035
458,candidate_2,candidate_1,candidate_4,candidate_3,4,0.035
459,candidate_2,candidate_1,candidate_4,candidate_3,4,0.035
460,candidate_2,candidate_1,candidate_4,candidate_3,4,0.035
461,candidate_2,candidate_1,candidate_4,candidate_3,4,0.035
462,candidate_2,candidate_1,candidate_4,0,4,0.035
463,candidate_2,candidate_1,candidate_4,candidate_3,4,0.035
464,candidate_2,candidate_1,candidate_4,candidate_3,4,0.035
465,candidate_2,0,candidate_4,candidate_3,4,0.035
466,candidate_2,candidate_1,candidate_4,candidate_3,4,0.035
467,candidate_2,candidate_1,candidate_4,0,4,0.035
468,candidate_2,candidate_1,candidate_4,candidate_3,4,0.035
469,candidate_2,candidate_1,candidate_4,candidate_3,4,0.035
470,candidate_2,candidate_1,candidate_4,candidate_3,4,0.035
471,candidate_2,candidate_1,candidate_4,0,4,0.035
472,candidate_2,candidate_1,candidate_4,candidate_3,4,0.035
473,candidate_2,candidate_1,candidate_4,candidate_3,4,0.035
474,candidate_2,candidate_1,candidate_4,candidate_3,4,0.035
475,candidate_2,candidate_1,candidate_4,candidate_3,4,0.035
476,candidate_2,candidate_1,candidate_4,candidate_3,4,0.035
477,candidate_2,candidate_1,candidate_4,candidate_3,4,0.035
478,candidate_2,candidate_1,candidate_4,candidate_3,4,0.035
479,candidate_2,candidate_1,candidate_4,candidate_3,4,0.035
480,candidate_2,candidate_1,candidate_4,candidate_3,4,0.035
481,candidate_2,candidate_1,candidate_4,candidate_3,4,0.035
482,candidate_2,candidate_1,candidate_4,0,4,0.035
483,candidate_2,candidate_1,0,candidate_3,4,0.035
484,candidate_2,candidate_1,candidate_4,candidate_3,4,0.035
485,0,candidate_1,candidate_4,candidate_3,4,0.035
486,candidate_2,candidate_1,candidate_4,candidate_3,4,0.035
487,candidate_2,candidate_1,candidate_4,candidate_3,4,0.035
488,candidate_2,candidate_1,candidate_4,candidate_3,4,0.035
489,candidate_2,candidate_1,candidate_4,candidate_3,4,0.035
490,candidate_2,candidate_1,candidate_4,candidate_3,4,0.035
491,candidate_2,candidate_1,candidate_4,candidate_3,4,0.035
492,candidate_2,candidate_1,candidate_4,candidate_3,4,0.035
493,candidate_2,candidate_1,candidate_4,candidate_3,4,0.035
494,candidate_2,candidate_1,candidate_4,candidate_3,4,0.035
495,candidate_2,candidate_1,candidate_4,candidate_3,4,0.035
496,candidate_2,candidate_1,candidate_4,candidate_3,4,0.035
497,candidate_2,candidate_1,candidate_4,candidate_3,4,0.035
498,candidate_2,candidate_1,candidate_4,candidate_3,4,0.035
499,candidate_2,candidate_1,0,candidate_3,4,0.035
500,candidate_2,candidate_1,candidate_4,candidate_3,4,0.035
501,candidate_2,candidate_1,candidate_4,candidate_3,4,0.035
502,candidate_2,candidate_1,candidate_4,candidate_3,4,0.035
503,candidate_2,candidate_1,candidate_4,candidate_3,4,0.035
504,candidate_2,candidate_1,candidate_4,candidate_3,4,0.035
505,candidate_2,candidate_1,candidate_4,candidate_3,4,0.035
506,candidate_2,candidate_1,candidate_4,candidate_3,4,0.035
507,candidate_2,candidate_1,candidate_4,candidate_3,4,0.035
508,candidate_2,candidate_1,candidate_4,candidate_3,4,0.035
509,candidate_2,candidate_1,candidate_4,candidate_3,4,0.035
510,candidate_2,candidate_1,candidate_4,candidate_3,4,0.035
511,candidate_2,candidate_1,candidate_4,candidate_3,4,0.035
512,candidate_2,candidate_1,candidate_4,candidate_3,4,0.035
513,candidate_2,candidate_1,candidate_4,candidate_3,4,0.035
514,candidate_2,candidate_1,candidate_4,candidate_3,4,0.035
515,candidate_2,candidate_1,candidate_4,candidate_3,4,0.035
516,candidate_2,candidate_1,candidate_4,candidate_3,4,0.035
517,candidate_2,candidate_1,candidate_4,candidate_3,4,0.035
518,candidate_2,candidate_1,candidate_4,candidate_3,4,0.035
519,candidate_2,candidate_1,candidate_4,0,4,0.035
520,candidate_2,candidate_1,0,candidate_3,4,0.035
521,candidate_2,candidate_1,candidate_4,candidate_3,4,0.035
522,candidate_2,candidate_1,candidate_4,candidate_3,4,0.035
523,candidate_2,0,candidate_4,candidate_3,4,0.035
524,candidate_2,candidate_1,candidate_4,candidate_3,4,0.035
525,candidate_2,candidate_1,candidate_4,candidate_3,4,0.035
526,candidate_2,candidate_1,candidate_4,candidate_3,4,0.035
527,candidate_2,candidate_1,candidate_4,candidate_3,4,0.035
528,candidate_2,candidate_1,candidate_4,candidate_3,4,0.035
529,candidate_2,candidate_1,candidate_4,candidate_3,4,0.035
530,candidate_2,candidate_1,candidate_4,candidate_3,4,0.035
531,candidate_2,candidate_1,candidate_4,candidate_3,4,0.035
532,candidate_2,candidate_1,candidate_4,candidate_3,4,0.035
533,candidate_2,candidate_1,candidate_4,candidate_3,4,0.035
534,candidate_2,candidate_1,candidate_4,candidate_3,4,0.035
535,candidate_2,candidate_1,candidate_4,candidate_3,4,0.035
536,candidate_2,candidate_1,candidate_4,candidate_3,4,0.035
537,candidate_2,candidate_1,candidate_4,candidate_3,4,0.035
538,candidate_2,candidate_1,candidate_4,candidate_3,4,0.035
539,candidate_2,0,candidate_4,candidate_3,4,0.035
540,candidate_2,candidate_1,candidate_4,candidate_3,4,0.035
541,candidate_2,candidate_1,candidate_4,candidate_3,4,0.035
542,candidate_2,candidate_1,candidate_4,candidate_3,4,0.035
543,candidate_2,candidate_1,candidate_4,candidate_3,4,0.035
544,candidate_2,candidate_1,candidate_4,candidate_3,4,0.035
545,candidate_2,candidate_1,candidate_4,candidate_3,4,0.035
546,candidate_2,candidate_1,candidate_4,candidate_3,4,0.035
547,candidate_2,candidate_1,candidate_4,candidate_3,4,0.035
548,candidate_2,candidate_1,candidate_4,candidate_3,4,0.035
0,candidate_2,candidate_3,candidate_1,candidate_4,4,0.035
1,candidate_2,candidate_3,candidate_1,candidate_4,4,0.035
2,candidate_2,candidate_3,candidate_1,candidate_4,4,0.035
3,candidate_2,candidate_3,candidate_1,candidate_4,4,0.035
4,candidate_2,candidate_3,candidate_1,candidate_4,4,0.035
5,candidate_2,candidate_3,candidate_1,candidate_4,4,0.035
6,candidate_2,candidate_3,candidate_1,candidate_4,4,0.035
7,candidate_2,candidate_3,candidate_1,candidate_4,4,0.035
8,candidate_2,candidate_3,candidate_1,candidate_4,4,0.035
9,candidate_2,candidate_3,candidate_1,candidate_4,4,0.035
10,candidate_2,candidate_3,candidate_1,candidate_4,4,0.035
11,candidate_2,candidate_3,candidate_1,candidate_4,4,0.035
12,0,candidate_3,candidate_1,candidate_4,4,0.035
13,candidate_2,candidate_3,candidate_1,candidate_4,4,0.035
14,candidate_2,candidate_3,candidate_1,candidate_4,4,0.035
15,candidate_2,candidate_3,candidate_1,candidate_4,4,0.035
16,candidate_2,candidate_3,candidate_1,candidate_4,4,0.035
17,candidate_2,candidate_3,candidate_1,candidate_4,4,0.035
18,candidate_2,candidate_3,candidate_1,candidate_4,4,0.035
19,candidate_2,candidate_3,0,candidate_4,4,0.035
20,candidate_2,candidate_3,candidate_1,candidate_4,4,0.035
21,candidate_2,candidate_3,candidate_1,0,4,0.035
22,candidate_2,candidate_3,candidate_1,candidate_4,4,0.035
23,candidate_2,candidate_3,candidate_1,0,4,0.035
24,candidate_2,candidate_3,candidate_1,candidate_4,4,0.035
25,candidate_2,candidate_3,candidate_1,candidate_4,4,0.035
26,candidate_2,candidate_3,candidate_1,candidate_4,4,0.035
27,candidate_2,candidate_3,candidate_1,candidate_4,4,0.035
28,candidate_2,candidate_3,candidate_1,candidate_4,4,0.035
29,candidate_2,candidate_3,candidate_1,candidate_4,4,0.035
30,candidate_2,candidate_3,candidate_1,candidate_4,4,0.035
31,candidate_2,candidate_3,candidate_1,candidate_4,4,0.035
32,candidate_2,candidate_3,candidate_1,candidate_4,4,0.035
33,candidate_2,candidate_3,candidate_1,candidate_4,4,0.035
34,candidate_2,candidate_3,candidate_1,candidate_4,4,0.035
35,candidate_2,candidate_3,candidate_1,candidate_4,4,0.035
36,candidate_2,candidate_3,candidate_1,candidate_4,4,0.035
37,0,candidate_3,candidate_1,candidate_4,4,0.035
38,candidate_2,candidate_3,candidate_1,candidate_4,4,0.035
39,candidate_2,candidate_3,candidate_1,candidate_4,4,0.035
40,candidate_2,candidate_3,candidate_1,candidate_4,4,0.035
41,0,candidate_3,candidate_1,candidate_4,4,0.035
42,candidate_2,candidate_3,candidate_1,candidate_4,4,0.035
43,candidate_2,candidate_3,candidate_1,candidate_4,4,0.035
44,candidate_2,candidate_3,candidate_1,candidate_4,4,0.035
45,candidate_2,candidate_3,candidate_1,candidate_4,4,0.035
46,candidate_2,candidate_3,candidate_1,candidate_4,4,0.035
47,candidate_2,candidate_3,candidate_1,candidate_4,4,0.035
48,candidate_2,candidate_3,candidate_1,candidate_4,4,0.035
49,candidate_2,candidate_3,candidate_1,candidate_4,4,0.035
50,candidate_2,candidate_3,candidate_1,candidate_4,4,0.035
51,candidate_2,0,candidate_1,candidate_4,4,0.035
52,candidate_2,candidate_3,candidate_1,candidate_4,4,0.035
53,candidate_2,0,candidate_1,candidate_4,4,0.035
54,candidate_2,candidate_3,candidate_1,candidate_4,4,0.035
55,candidate_2,candidate_3,candidate_1,candidate_4,4,0.035
56,candidate_2,candidate_3,candidate_1,candidate_4,4,0.035
57,candidate_2,candidate_3,candidate_1,candidate_4,4,0.035
58,candidate_2,candidate_3,candidate_1,candidate_4,4,0.035
59,candidate_2,candidate_3,candidate_1,candidate_4,4,0.035
60,candidate_2,candidate_3,candidate_1,candidate_4,4,0.035
61,candidate_2,candidate_3,candidate_1,candidate_4,4,0.035
62,candidate_2,0,candidate_1,candidate_4,4,0.035
63,candidate_2,candidate_3,candidate_1,candidate_4,4,0.035
64,candidate_2,candidate_3,candidate_1,candidate_4,4,0.035
65,candidate_2,candidate_3,candidate_1,candidate_4,4,0.035
66,candidate_2,candidate_3,candidate_1,candidate_4,4,0.035
67,candidate_2,candidate_3,candidate_1,0,4,0.035
68,0,candidate_3,candidate_1,candidate_4,4,0.035
69,candidate_2,candidate_3,candidate_1,candidate_4,4,0.035
70,candidate_2,candidate_3,candidate_1,candidate_4,4,0.035
71,candidate_2,candidate_3,candidate_1,candidate_4,4,0.035
72,candidate_2,candidate_3,candidate_1,candidate_4,4,0.035
73,candidate_2,candidate_3,candidate_1,candidate_4,4,0.035
74,candidate_2,candidate_3,candidate_1,candidate_4,4,0.035
75,candidate_2,candidate_3,candidate_1,candidate_4,4,0.035
76,candidate_2,candidate_3,candidate_1,candidate_4,4,0.035
77,candidate_2,candidate_3,candidate_1,candidate_4,4,0.035
78,candidate_2,candidate_3,candidate_1,candidate_4,4,0.035
79,candidate_2,candidate_3,candidate_1,candidate_4,4,0.035
80,candidate_2,candidate_3,candidate_1,candidate_4,4,0.035
81,candidate_2,candidate_3,candidate_1,candidate_4,4,0.035
82,candidate_2,0,candidate_1,candidate_4,4,0.035
83,candidate_2,candidate_3,candidate_1,candidate_4,4,0.035
84,candidate_2,candidate_3,candidate_1,candidate_4,4,0.035
85,candidate_2,candidate_3,candidate_1,candidate_4,4,0.035
86,candidate_2,candidate_3,candidate_1,candidate_4,4,0.035
87,candidate_2,candidate_3,candidate_1,candidate_4,4,0.035
88,candidate_2,candidate_3,candidate_1,candidate_4,4,0.035
89,candidate_2,candidate_3,candidate_1,candidate_4,4,0.035
90,candidate_2,candidate_3,candidate_1,candidate_4,4,0.035
91,candidate_2,candidate_3,candidate_1,candidate_4,4,0.035
92,candidate_2,candidate_3,candidate_1,candidate_4,4,0.035
93,candidate_2,candidate_3,candidate_1,candidate_4,4,0.035
94,candidate_2,candidate_3,candidate_1,candidate_4,4,0.035
95,candidate_2,candidate_3,candidate_1,candidate_4,4,0.035
96,candidate_2,candidate_3,candidate_1,candidate_4,4,0.035
97,candidate_2,candidate_3,candidate_1,candidate_4,4,0.035
98,candidate_2,candidate_3,candidate_1,candidate_4,4,0.035
99,0,candidate_3,candidate_1,candidate_4,4,0.035
100,candidate_2,candidate_3,candidate_1,candidate_4,4,0.035
101,candidate_2,candidate_3,candidate_1,candidate_4,4,0.035
102,candidate_2,candidate_3,candidate_1,candidate_4,4,0.035
103,candidate_2,candidate_3,candidate_1,candidate_4,4,0.035
104,candidate_2,candidate_3,candidate_1,candidate_4,4,0.035
105,candidate_2,candidate_3,candidate_1,candidate_4,4,0.035
106,candidate_2,candidate_3,candidate_1,candidate_4,4,0.035
107,candidate_2,candidate_3,candidate_1,candidate_4,4,0.035
108,candidate_2,candidate_3,candidate_1,candidate_4,4,0.035
109,candidate_2,candidate_3,candidate_1,candidate_4,4,0.035
110,candidate_2,candidate_3,candidate_1,candidate_4,4,0.035
111,candidate_2,candidate_3,candidate_1,candidate_4,4,0.035
112,candidate_2,candidate_3,candidate_1,candidate_4,4,0.035
113,candidate_2,candidate_3,candidate_1,candidate_4,4,0.035
114,candidate_2,candidate_3,candidate_1,candidate_4,4,0.035
115,candidate_2,candidate_3,candidate_1,candidate_4,4,0.035
116,candidate_2,candidate_3,candidate_1,candidate_4,4,0.035
117,candidate_2,candidate_3,candidate_1,candidate_4,4,0.035
118,candidate_2,candidate_3,candidate_1,candidate_4,4,0.035
119,candidate_2,candidate_3,candidate_1,candidate_4,4,0.035
120,candidate_2,candidate_3,0,candidate_4,4,0.035
121,candidate_2,candidate_3,0,candidate_4,4,0.035
122,candidate_2,candidate_3,candidate_1,candidate_4,4,0.035
123,candidate_2,candidate_3,candidate_1,candidate_4,4,0.035
124,candidate_2,candidate_3,candidate_1,candidate_4,4,0.035
0,candidate_2,candidate_3,candidate_4,candidate_1,4,0.035
1,candidate_2,candidate_3,candidate_4,candidate_1,4,0.035
2,candidate_2,candidate_3,candidate_4,candidate_1,4,0.035
3,candidate_2,candidate_3,candidate_4,candidate_1,4,0.035
4,candidate_2,0,candidate_4,candidate_1,4,0.035
5,candidate_2,candidate_3,candidate_4,candidate_1,4,0.035
6,candidate_2,candidate_3,candidate_4,candidate_1,4,0.035
7,candidate_2,candidate_3,candidate_4,candidate_1,4,0.035
8,candidate_2,candidate_3,candidate_4,candidate_1,4,0.035
9,candidate_2,candidate_3,candidate_4,candidate_1,4,0.035
10,candidate_2,candidate_3,candidate_4,candidate_1,4,0.035
11,candidate_2,candidate_3,candidate_4,candidate_1,4,0.035
12,candidate_2,candidate_3,candidate_4,candidate_1,4,0.035
13,candidate_2,candidate_3,candidate_4,candidate_1,4,0.035
14,candidate_2,candidate_3,candidate_4,candidate_1,4,0.035
15,candidate_2,candidate_3,candidate_4,candidate_1,4,0.035
16,candidate_2,candidate_3,candidate_4,candidate_1,4,0.035
17,candidate_2,candidate_3,candidate_4,candidate_1,4,0.035
18,candidate_2,candidate_3,candidate_4,candidate_1,4,0.035
19,candidate_2,candidate_3,candidate_4,candidate_1,4,0.035
20,candidate_2,candidate_3,candidate_4,candidate_1,4,0.035
21,candidate_2,candidate_3,candidate_4,candidate_1,4,0.035
22,candidate_2,candidate_3,candidate_4,candidate_1,4,0.035
23,candidate_2,0,candidate_4,candidate_1,4,0.035
24,candidate_2,candidate_3,candidate_4,candidate_1,4,0.035
25,candidate_2,candidate_3,candidate_4,0,4,0.035
26,candidate_2,candidate_3,candidate_4,candidate_1,4,0.035
27,candidate_2,0,candidate_4,candidate_1,4,0.035
28,candidate_2,candidate_3,candidate_4,0,4,0.035
29,candidate_2,candidate_3,candidate_4,candidate_1,4,0.035
30,candidate_2,candidate_3,candidate_4,candidate_1,4,0.035
31,candidate_2,candidate_3,candidate_4,candidate_1,4,0.035
32,candidate_2,candidate_3,candidate_4,candidate_1,4,0.035
33,candidate_2,candidate_3,candidate_4,candidate_1,4,0.035
34,candidate_2,candidate_3,0,candidate_1,4,0.035
35,candidate_2,candidate_3,candidate_4,candidate_1,4,0.035
36,candidate_2,candidate_3,candidate_4,candidate_1,4,0.035
37,candidate_2,candidate_3,candidate_4,candidate_1,4,0.035
38,candidate_2,candidate_3,candidate_4,candidate_1,4,0.035
39,candidate_2,candidate_3,candidate_4,candidate_1,4,0.035
40,candidate_2,candidate_3,candidate_4,candidate_1,4,0.035
41,candidate_2,candidate_3,candidate_4,candidate_1,4,0.035
42,candidate_2,candidate_3,candidate_4,candidate_1,4,0.035
43,candidate_2,candidate_3,candidate_4,candidate_1,4,0.035
44,candidate_2,candidate_3,candidate_4,candidate_1,4,0.035
45,candidate_2,candidate_3,candidate_4,candidate_1,4,0.035
46,candidate_2,candidate_3,0,candidate_1,4,0.035
47,candidate_2,candidate_3,candidate_4,candidate_1,4,0.035
48,candidate_2,candidate_3,candidate_4,candidate_1,4,0.035
49,candidate_2,candidate_3,candidate_4,candidate_1,4,0.035
50,0,candidate_3,candidate_4,candidate_1,4,0.035
51,candidate_2,candidate_3,candidate_4,candidate_1,4,0.035
52,candidate_2,candidate_3,candidate_4,candidate_1,4,0.035
53,candidate_2,candidate_3,candidate_4,candidate_1,4,0.035
54,candidate_2,candidate_3,candidate_4,candidate_1,4,0.035
55,candidate_2,candidate_3,candidate_4,candidate_1,4,0.035
56,candidate_2,candidate_3,candidate_4,candidate_1,4,0.035
57,0,candidate_3,0,candidate_1,4,0.035
58,candidate_2,candidate_3,0,candidate_1,4,0.035
59,candidate_2,candidate_3,candidate_4,candidate_1,4,0.035
60,candidate_2,candidate_3,candidate_4,candidate_1,4,0.035
61,candidate_2,candidate_3,candidate_4,candidate_1,4,0.035
62,candidate_2,candidate_3,candidate_4,candidate_1,4,0.035
63,candidate_2,candidate_3,candidate_4,candidate_1,4,0.035
64,candidate_2,candidate_3,candidate_4,candidate_1,4,0.035
65,candidate_2,candidate_3,candidate_4,candidate_1,4,0.035
66,candidate_2,candidate_3,candidate_4,candidate_1,4,0.035
67,candidate_2,candidate_3,candidate_4,candidate_1,4,0.035
68,candidate_2,candidate_3,candidate_4,candidate_1,4,0.035
69,candidate_2,candidate_3,candidate_4,candidate_1,4,0.035
70,candidate_2,candidate_3,candidate_4,candidate_1,4,0.035
71,candidate_2,candidate_3,candidate_4,candidate_1,4,0.035
72,candidate_2,candidate_3,candidate_4,0,4,0.035
73,0,candidate_3,candidate_4,candidate_1,4,0.035
74,candidate_2,candidate_3,candidate_4,candidate_1,4,0.035
75,candidate_2,candidate_3,candidate_4,candidate_1,4,0.035
76,candidate_2,candidate_3,candidate_4,candidate_1,4,0.035
77,candidate_2,candidate_3,candidate_4,candidate_1,4,0.035
78,candidate_2,candidate_3,candidate_4,candidate_1,4,0.035
79,candidate_2,candidate_3,candidate_4,candidate_1,4,0.035
80,candidate_2,candidate_3,candidate_4,candidate_1,4,0.035
81,candidate_2,candidate_3,candidate_4,candidate_1,4,0.035
82,candidate_2,candidate_3,candidate_4,candidate_1,4,0.035
83,candidate_2,candidate_3,candidate_4,candidate_1,4,0.035
84,candidate_2,candidate_3,candidate_4,candidate_1,4,0.035
85,candidate_2,candidate_3,candidate_4,candidate_1,4,0.035
86,candidate_2,candidate_3,candidate_4,candidate_1,4,0.035
87,candidate_2,candidate_3,candidate_4,candidate_1,4,0.035
88,candidate_2,candidate_3,candidate_4,candidate_1,4,0.035
89,candidate_2,candidate_3,candidate_4,candidate_1,4,0.035
90,candidate_2,candidate_3,candidate_4,candidate_1,4,0.035
91,candidate_2,candidate_3,candidate_4,candidate_1,4,0.035
92,candidate_2,candidate_3,candidate_4,candidate_1,4,0.035
93,candidate_2,candidate_3,candidate_4,candidate_1,4,0.035
94,candidate_2,candidate_3,candidate_4,candidate_1,4,0.035
95,candidate_2,candidate_3,0,candidate_1,4,0.035
96,candidate_2,candidate_3,candidate_4,candidate_1,4,0.035
97,candidate_2,0,candidate_4,candidate_1,4,0.035
98,candidate_2,candidate_3,candidate_4,candidate_1,4,0.035
99,candidate_2,candidate_3,candidate_4,candidate_1,4,0.035
100,candidate_2,candidate_3,candidate_4,candidate_1,4,0.035
101,candidate_2,candidate_3,candidate_4,candidate_1,4,0.035
102,candidate_2,candidate_3,candidate_4,candidate_1,4,0.035
103,candidate_2,candidate_3,candidate_4,candidate_1,4,0.035
104,candidate_2,candidate_3,candidate_4,candidate_1,4,0.035
105,candidate_2,candidate_3,candidate_4,candidate_1,4,0.035
106,candidate_2,candidate_3,candidate_4,candidate_1,4,0.035
107,candidate_2,candidate_3,candidate_4,candidate_1,4,0.035
108,candidate_2,candidate_3,candidate_4,candidate_1,4,0.035
109,candidate_2,candidate_3,candidate_4,candidate_1,4,0.035
110,candidate_2,candidate_3,candidate_4,candidate_1,4,0.035
111,candidate_2,candidate_3,candidate_4,candidate_1,4,0.035
112,candidate_2,candidate_3,candidate_4,candidate_1,4,0.035
113,candidate_2,candidate_3,candidate_4,candidate_1,4,0.035
114,candidate_2,candidate_3,candidate_4,candidate_1,4,0.035
115,candidate_2,0,candidate_4,candidate_1,4,0.035
116,candidate_2,candidate_3,candidate_4,0,4,0.035
117,candidate_2,candidate_3,candidate_4,candidate_1,4,0.035
118,candidate_2,candidate_3,candidate_4,candidate_1,4,0.035
119,candidate_2,candidate_3,candidate_4,candidate_1,4,0.035
120,candidate_2,candidate_3,candidate_4,candidate_1,4,0.035
121,candidate_2,candidate_3,candidate_4,candidate_1,4,0.035
122,candidate_2,candidate_3,candidate_4,candidate_1,4,0.035
123,candidate_2,candidate_3,candidate_4,candidate_1,4,0.035
124,candidate_2,candidate_3,candidate_4,candidate_1,4,0.035
125,candidate_2,candidate_3,candidate_4,candidate_1,4,0.035
126,candidate_2,candidate_3,candidate_4,candidate_1,4,0.035
127,candidate_2,candidate_3,candidate_4,candidate_1,4,0.035
128,candidate_2,candidate_3,candidate_4,candidate_1,4,0.035
129,candidate_2,candidate_3,candidate_4,candidate_1,4,0.035
130,candidate_2,candidate_3,candidate_4,candidate_1,4,0.035
131,candidate_2,0,candidate_4,candidate_1,4,0.035
132,candidate_2,candidate_3,candidate_4,0,4,0.035
133,candidate_2,candidate_3,candidate_4,candidate_1,4,0.035
134,candidate_2,candidate_3,candidate_4,candidate_1,4,0.035
135,candidate_2,candidate_3,candidate_4,candidate_1,4,0.035
136,candidate_2,candidate_3,candidate_4,candidate_1,4,0.035
137,0,candidate_3,candidate_4,candidate_1,4,0.035
138,candidate_2,candidate_3,candidate_4,candidate_1,4,0.035
139,candidate_2,candidate_3,candidate_4,candidate_1,4,0.035
140,candidate_2,candidate_3,candidate_4,candidate_1,4,0.035
141,candidate_2,candidate_3,candidate_4,candidate_1,4,0.035
142,candidate_2,candidate_3,candidate_4,candidate_1,4,0.035
143,candidate_2,candidate_3,candidate_4,candidate_1,4,0.035
144,candidate_2,candidate_3,candidate_4,candidate_1,4,0.035
145,candidate_2,candidate_3,candidate_4,candidate_1,4,0.035
146,candidate_2,candidate_3,candidate_4,candidate_1,4,0.035
147,candidate_2,candidate_3,candidate_4,candidate_1,4,0.035
148,candidate_2,candidate_3,candidate_4,candidate_1,4,0.035
149,candidate_2,candidate_3,candidate_4,candidate_1,4,0.035
150,candidate_2,candidate_3,candidate_4,candidate_1,4,0.035
151,candidate_2,candidate_3,candidate_4,candidate_1,4,0.035
152,candidate_2,candidate_3,candidate_4,candidate_1,4,0.035
153,candidate_2,candidate_3,candidate_4,candidate_1,4,0.035
154,candidate_2,candidate_3,candidate_4,candidate_1,4,0.035
155,candidate_2,candidate_3,candidate_4,candidate_1,4,0.035
156,candidate_2,candidate_3,candidate_4,candidate_1,4,0.035
157,candidate_2,candidate_3,candidate_4,candidate_1,4,0.035
158,candidate_2,candidate_3,0,candidate_1,4,0.035
159,candidate_2,candidate_3,candidate_4,candidate_1,4,0.035
160,candidate_2,candidate_3,candidate_4,candidate_1,4,0.035
161,candidate_2,candidate_3,candidate_4,candidate_1,4,0.035
162,candidate_2,candidate_3,candidate_4,candidate_1,4,0.035
163,candidate_2,candidate_3,candidate_4,candidate_1,4,0.035
164,candidate_2,candidate_3,candidate_4,candidate_1,4,0.035
165,candidate_2,candidate_3,candidate_4,candidate_1,4,0.035
166,candidate_2,candidate_3,candidate_4,candidate_1,4,0.035
167,candidate_2,candidate_3,candidate_4,candidate_1,4,0.035
168,candidate_2,candidate_3,candidate_4,candidate_1,4,0.035
169,candidate_2,candidate_3,candidate_4,candidate_1,4,0.035
170,candidate_2,candidate_3,candidate_4,candidate_1,4,0.035
171,candidate_2,candidate_3,candidate_4,candidate_1,4,0.035
172,candidate_2,candidate_3,candidate_4,candidate_1,4,0.035
173,candidate_2,candidate_3,candidate_4,candidate_1,4,0.035
174,candidate_2,candidate_3,candidate_4,candidate_1,4,0.035
175,candidate_2,candidate_3,candidate_4,candidate_1,4,0.035
176,candidate_2,candidate_3,candidate_4,candidate_1,4,0.035
177,candidate_2,candidate_3,candidate_4,candidate_1,4,0.035
178,candidate_2,candidate_3,candidate_4,candidate_1,4,0.035
179,candidate_2,candidate_3,candidate_4,candidate_1,4,0.035
180,candidate_2,candidate_3,candidate_4,candidate_1,4,0.035
181,candidate_2,candidate_3,candidate_4,candidate_1,4,0.035
182,candidate_2,candidate_3,candidate_4,candidate_1,4,0.035
183,candidate_2,candidate_3,candidate_4,candidate_1,4,0.035
184,candidate_2,candidate_3,candidate_4,candidate_1,4,0.035
185,candidate_2,candidate_3,candidate_4,candidate_1,4,0.035
186,candidate_2,candidate_3,candidate_4,candidate_1,4,0.035
187,candidate_2,candidate_3,candidate_4,candidate_1,4,0.035
188,candidate_2,candidate_3,candidate_4,candidate_1,4,0.035
189,candidate_2,candidate_3,candidate_4,candidate_1,4,0.035
190,candidate_2,candidate_3,candidate_4,candidate_1,4,0.035
191,0,candidate_3,candidate_4,candidate_1,4,0.035
192,candidate_2,candidate_3,candidate_4,candidate_1,4,0.035
193,candidate_2,candidate_3,0,candidate_1,4,0.035
194,candidate_2,candidate_3,candidate_4,candidate_1,4,0.035
195,candidate_2,candidate_3,candidate_4,candidate_1,4,0.035
196,candidate_2,candidate_3,candidate_4,candidate_1,4,0.035
197,candidate_2,candidate_3,candidate_4,candidate_1,4,0.035
198,candidate_2,candidate_3,0,candidate_1,4,0.035
199,candidate_2,candidate_3,candidate_4,candidate_1,4,0.035
200,candidate_2,candidate_3,candidate_4,candidate_1,4,0.035
201,candidate_2,candidate_3,candidate_4,candidate_1,4,0.035
202,candidate_2,candidate_3,candidate_4,candidate_1,4,0.035
203,candidate_2,candidate_3,candidate_4,candidate_1,4,0.035
204,candidate_2,candidate_3,0,candidate_1,4,0.035
205,candidate_2,candidate_3,candidate_4,candidate_1,4,0.035
206,candidate_2,candidate_3,candidate_4,candidate_1,4,0.035
207,candidate_2,candidate_3,candidate_4,candidate_1,4,0.035
208,candidate_2,candidate_3,candidate_4,candidate_1,4,0.035
209,candidate_2,candidate_3,candidate_4,candidate_1,4,0.035
210,candidate_2,candidate_3,candidate_4,candidate_1,4,0.035
211,candidate_2,candidate_3,candidate_4,candidate_1,4,0.035
212,candidate_2,candidate_3,candidate_4,candidate_1,4,0.035
213,candidate_2,candidate_3,candidate_4,candidate_1,4,0.035
214,candidate_2,candidate_3,candidate_4,candidate_1,4,0.035
215,candidate_2,candidate_3,candidate_4,candidate_1,4,0.035
216,candidate_2,candidate_3,candidate_4,candidate_1,4,0.035
217,candidate_2,candidate_3,candidate_4,candidate_1,4,0.035
218,candidate_2,candidate_3,candidate_4,candidate_1,4,0.035
219,candidate_2,candidate_3,candidate_4,candidate_1,4,0.035
220,candidate_2,candidate_3,0,candidate_1,4,0.035
221,candidate_2,candidate_3,candidate_4,candidate_1,4,0.035
222,candidate_2,candidate_3,candidate_4,candidate_1,4,0.035
223,candidate_2,candidate_3,candidate_4,candidate_1,4,0.035
224,candidate_2,candidate_3,candidate_4,candidate_1,4,0.035
225,candidate_2,0,candidate_4,candidate_1,4,0.035
226,candidate_2,candidate_3,candidate_4,candidate_1,4,0.035
227,candidate_2,candidate_3,candidate_4,candidate_1,4,0.035
228,candidate_2,candidate_3,candidate_4,candidate_1,4,0.035
229,candidate_2,candidate_3,candidate_4,0,4,0.035
230,candidate_2,candidate_3,candidate_4,candidate_1,4,0.035
231,candidate_2,candidate_3,candidate_4,candidate_1,4,0.035
232,candidate_2,candidate_3,0,candidate_1,4,0.035
233,candidate_2,candidate_3,candidate_4,candidate_1,4,0.035
234,candidate_2,candidate_3,candidate_4,candidate_1,4,0.035
235,candidate_2,candidate_3,candidate_4,candidate_1,4,0.035
236,candidate_2,candidate_3,candidate_4,0,4,0.035
237,candidate_2,candidate_3,candidate_4,candidate_1,4,0.035
238,candidate_2,candidate_3,candidate_4,candidate_1,4,0.035
239,candidate_2,candidate_3,candidate_4,candidate_1,4,0.035
240,candidate_2,0,candidate_4,candidate_1,4,0.035
241,candidate_2,candidate_3,candidate_4,candidate_1,4,0.035
242,candidate_2,0,0,candidate_1,4,0.035
243,candidate_2,candidate_3,candidate_4,candidate_1,4,0.035
244,candidate_2,candidate_3,candidate_4,0,4,0.035
245,candidate_2,candidate_3,candidate_4,candidate_1,4,0.035
246,candidate_2,candidate_3,candidate_4,candidate_1,4,0.035
247,candidate_2,candidate_3,candidate_4,candidate_1,4,0.035
248,candidate_2,candidate_3,candidate_4,candidate_1,4,0.035
249,candidate_2,candidate_3,candidate_4,candidate_1,4,0.035
250,candidate_2,candidate_3,candidate_4,candidate_1,4,0.035
251,0,candidate_3,candidate_4,candidate_1,4,0.035
252,candidate_2,candidate_3,candidate_4,candidate_1,4,0.035
253,candidate_2,candidate_3,candidate_4,candidate_1,4,0.035
254,candidate_2,candidate_3,0,candidate_1,4,0.035
255,candidate_2,candidate_3,candidate_4,candidate_1,4,0.035
256,candidate_2,candidate_3,candidate_4,candidate_1,4,0.035
257,candidate_2,candidate_3,candidate_4,candidate_1,4,0.035
258,candidate_2,candidate_3,candidate_4,candidate_1,4,0.035
259,candidate_2,candidate_3,candidate_4,candidate_1,4,0.035
260,candidate_2,candidate_3,candidate_4,0,4,0.035
261,candidate_2,candidate_3,candidate_4,candidate_1,4,0.035
262,candidate_2,candidate_3,candidate_4,candidate_1,4,0.035
263,candidate_2,candidate_3,candidate_4,candidate_1,4,0.035
264,candidate_2,candidate_3,candidate_4,candidate_1,4,0.035
265,candidate_2,candidate_3,candidate_4,candidate_1,4,0.035
266,candidate_2,candidate_3,candidate_4,candidate_1,4,0.035
267,candidate_2,candidate_3,candidate_4,candidate_1,4,0.035
268,candidate_2,candidate_3,candidate_4,candidate_1,4,0.035
269,candidate_2,candidate_3,candidate_4,candidate_1,4,0.035
270,candidate_2,candidate_3,candidate_4,candidate_1,4,0.035
271,candidate_2,candidate_3,candidate_4,candidate_1,4,0.035
272,candidate_2,candidate_3,candidate_4,candidate_1,4,0.035
273,candidate_2,candidate_3,candidate_4,candidate_1,4,0.035
274,candidate_2,candidate_3,candidate_4,candidate_1,4,0.035
275,candidate_2,candidate_3,candidate_4,candidate_1,4,0.035
276,candidate_2,candidate_3,candidate_4,candidate_1,4,0.035
277,candidate_2,candidate_3,candidate_4,candidate_1,4,0.035
278,candidate_2,candidate_3,candidate_4,candidate_1,4,0.035
279,candidate_2,candidate_3,candidate_4,candidate_1,4,0.035
280,candidate_2,candidate_3,candidate_4,candidate_1,4,0.035
281,candidate_2,candidate_3,candidate_4,candidate_1,4,0.035
282,candidate_2,candidate_3,candidate_4,candidate_1,4,0.035
283,candidate_2,candidate_3,candidate_4,candidate_1,4,0.035
284,candidate_2,candidate_3,candidate_4,candidate_1,4,0.035
285,candidate_2,candidate_3,candidate_4,candidate_1,4,0.035
286,candidate_2,candidate_3,candidate_4,candidate_1,4,0.035
287,candidate_2,candidate_3,candidate_4,candidate_1,4,0.035
288,candidate_2,candidate_3,candidate_4,candidate_1,4,0.035
289,candidate_2,candidate_3,candidate_4,candidate_1,4,0.035
290,candidate_2,candidate_3,candidate_4,candidate_1,4,0.035
291,candidate_2,candidate_3,candidate_4,candidate_1,4,0.035
292,candidate_2,candidate_3,candidate_4,candidate_1,4,0.035
293,candidate_2,candidate_3,candidate_4,candidate_1,4,0.035
294,candidate_2,candidate_3,candidate_4,candidate_1,4,0.035
295,candidate_2,candidate_3,candidate_4,candidate_1,4,0.035
296,candidate_2,candidate_3,candidate_4,candidate_1,4,0.035
297,candidate_2,candidate_3,candidate_4,candidate_1,4,0.035
298,candidate_2,0,candidate_4,candidate_1,4,0.035
299,candidate_2,candidate_3,candidate_4,candidate_1,4,0.035
300,candidate_2,candidate_3,candidate_4,candidate_1,4,0.035
301,candidate_2,candidate_3,candidate_4,candidate_1,4,0.035
302,candidate_2,candidate_3,candidate_4,candidate_1,4,0.035
303,candidate_2,0,candidate_4,candidate_1,4,0.035
304,candidate_2,candidate_3,candidate_4,candidate_1,4,0.035
305,candidate_2,candidate_3,candidate_4,candidate_1,4,0.035
306,candidate_2,candidate_3,candidate_4,candidate_1,4,0.035
307,candidate_2,candidate_3,candidate_4,0,4,0.035
308,candidate_2,candidate_3,candidate_4,candidate_1,4,0.035
309,candidate_2,candidate_3,candidate_4,candidate_1,4,0.035
310,candidate_2,candidate_3,candidate_4,candidate_1,4,0.035
311,candidate_2,candidate_3,candidate_4,candidate_1,4,0.035
312,candidate_2,candidate_3,candidate_4,0,4,0.035
313,candidate_2,candidate_3,candidate_4,candidate_1,4,0.035
314,candidate_2,candidate_3,candidate_4,candidate_1,4,0.035
315,candidate_2,candidate_3,candidate_4,candidate_1,4,0.035
316,candidate_2,candidate_3,candidate_4,0,4,0.035
317,candidate_2,candidate_3,candidate_4,candidate_1,4,0.035
318,candidate_2,candidate_3,candidate_4,candidate_1,4,0.035
319,candidate_2,candidate_3,candidate_4,candidate_1,4,0.035
320,candidate_2,candidate_3,candidate_4,candidate_1,4,0.035
321,candidate_2,candidate_3,candidate_4,candidate_1,4,0.035
322,candidate_2,candidate_3,candidate_4,candidate_1,4,0.035
323,candidate_2,candidate_3,candidate_4,candidate_1,4,0.035
324,candidate_2,candidate_3,candidate_4,candidate_1,4,0.035
325,candidate_2,candidate_3,candidate_4,candidate_1,4,0.035
326,candidate_2,candidate_3,candidate_4,candidate_1,4,0.035
327,candidate_2,candidate_3,candidate_4,candidate_1,4,0.035
328,candidate_2,candidate_3,candidate_4,candidate_1,4,0.035
329,0,candidate_3,candidate_4,candidate_1,4,0.035
330,candidate_2,candidate_3,candidate_4,candidate_1,4,0.035
331,candidate_2,candidate_3,candidate_4,candidate_1,4,0.035
332,0,candidate_3,candidate_4,candidate_1,4,0.035
333,candidate_2,candidate_3,candidate_4,candidate_1,4,0.035
334,candidate_2,candidate_3,candidate_4,candidate_1,4,0.035
335,candidate_2,candidate_3,candidate_4,candidate_1,4,0.035
336,candidate_2,candidate_3,candidate_4,candidate_1,4,0.035
337,candidate_2,candidate_3,candidate_4,candidate_1,4,0.035
338,candidate_2,candidate_3,candidate_4,candidate_1,4,0.035
339,candidate_2,candidate_3,candidate_4,candidate_1,4,0.035
340,candidate_2,candidate_3,candidate_4,candidate_1,4,0.035
341,candidate_2,candidate_3,candidate_4,candidate_1,4,0.035
342,0,candidate_3,candidate_4,candidate_1,4,0.035
343,candidate_2,candidate_3,candidate_4,candidate_1,4,0.035
344,candidate_2,candidate_3,candidate_4,candidate_1,4,0.035
345,candidate_2,candidate_3,candidate_4,candidate_1,4,0.035
346,candidate_2,candidate_3,candidate_4,candidate_1,4,0.035
347,candidate_2,candidate_3,candidate_4,candidate_1,4,0.035
348,candidate_2,candidate_3,candidate_4,candidate_1,4,0.035
349,candidate_2,candidate_3,candidate_4,0,4,0.035
350,candidate_2,candidate_3,candidate_4,candidate_1,4,0.035
351,candidate_2,candidate_3,candidate_4,candidate_1,4,0.035
352,candidate_2,candidate_3,candidate_4,candidate_1,4,0.035
353,candidate_2,candidate_3,candidate_4,candidate_1,4,0.035
354,candidate_2,candidate_3,candidate_4,0,4,0.035
355,candidate_2,candidate_3,candidate_4,candidate_1,4,0.035
356,candidate_2,candidate_3,candidate_4,candidate_1,4,0.035
357,candidate_2,candidate_3,candidate_4,candidate_1,4,0.035
358,candidate_2,candidate_3,candidate_4,candidate_1,4,0.035
359,candidate_2,candidate_3,candidate_4,candidate_1,4,0.035
360,candidate_2,candidate_3,candidate_4,candidate_1,4,0.035
361,candidate_2,candidate_3,candidate_4,candidate_1,4,0.035
362,candidate_2,candidate_3,candidate_4,0,4,0.035
363,candidate_2,candidate_3,candidate_4,candidate_1,4,0.035
364,candidate_2,candidate_3,candidate_4,candidate_1,4,0.035
365,candidate_2,candidate_3,candidate_4,candidate_1,4,0.035
366,candidate_2,candidate_3,candidate_4,candidate_1,4,0.035
367,candidate_2,candidate_3,candidate_4,candidate_1,4,0.035
368,candidate_2,candidate_3,0,candidate_1,4,0.035
369,candidate_2,candidate_3,candidate_4,candidate_1,4,0.035
370,candidate_2,candidate_3,candidate_4,0,4,0.035
371,candidate_2,candidate_3,candidate_4,candidate_1,4,0.035
372,candidate_2,candidate_3,candidate_4,candidate_1,4,0.035
373,candidate_2,candidate_3,candidate_4,candidate_1,4,0.035
374,candidate_2,candidate_3,candidate_4,candidate_1,4,0.035
375,candidate_2,candidate_3,candidate_4,candidate_1,4,0.035
376,candidate_2,0,candidate_4,candidate_1,4,0.035
377,candidate_2,candidate_3,candidate_4,candidate_1,4,0.035
378,candidate_2,candidate_3,candidate_4,candidate_1,4,0.035
379,candidate_2,candidate_3,candidate_4,candidate_1,4,0.035
380,candidate_2,candidate_3,candidate_4,candidate_1,4,0.035
381,candidate_2,candidate_3,candidate_4,candidate_1,4,0.035
382,candidate_2,candidate_3,candidate_4,candidate_1,4,0.035
383,candidate_2,candidate_3,candidate_4,candidate_1,4,0.035
384,candidate_2,candidate_3,candidate_4,0,4,0.035
385,candidate_2,candidate_3,candidate_4,candidate_1,4,0.035
386,candidate_2,candidate_3,candidate_4,candidate_1,4,0.035
387,candidate_2,candidate_3,candidate_4,candidate_1,4,0.035
388,candidate_2,candidate_3,candidate_4,candidate_1,4,0.035
389,candidate_2,candidate_3,candidate_4,candidate_1,4,0.035
390,candidate_2,candidate_3,candidate_4,candidate_1,4,0.035
391,candidate_2,candidate_3,0,candidate_1,4,0.035
392,candidate_2,candidate_3,candidate_4,candidate_1,4,0.035
393,candidate_2,candidate_3,candidate_4,candidate_1,4,0.035
394,candidate_2,0,candidate_4,candidate_1,4,0.035
395,candidate_2,candidate_3,candidate_4,candidate_1,4,0.035
396,candidate_2,candidate_3,candidate_4,candidate_1,4,0.035
397,candidate_2,candidate_3,candidate_4,candidate_1,4,0.035
398,candidate_2,candidate_3,candidate_4,candidate_1,4,0.035
399,candidate_2,candidate_3,candidate_4,candidate_1,4,0.035
400,candidate_2,candidate_3,candidate_4,candidate_1,4,0.035
401,candidate_2,candidate_3,candidate_4,candidate_1,4,0.035
402,candidate_2,candidate_3,candidate_4,candidate_1,4,0.035
403,candidate_2,candidate_3,candidate_4,candidate_1,4,0.035
404,candidate_2,candidate_3,candidate_4,0,4,0.035
405,candidate_2,candidate_3,candidate_4,candidate_1,4,0.035
406,candidate_2,candidate_3,candidate_4,candidate_1,4,0.035
407,candidate_2,candidate_3,candidate_4,candidate_1,4,0.035
408,candidate_2,candidate_3,candidate_4,candidate_1,4,0.035
409,candidate_2,candidate_3,candidate_4,candidate_1,4,0.035
410,candidate_2,candidate_3,candidate_4,candidate_1,4,0.035
411,candidate_2,candidate_3,candidate_4,candidate_1,4,0.035
412,candidate_2,candidate_3,candidate_4,candidate_1,4,0.035
413,candidate_2,candidate_3,candidate_4,candidate_1,4,0.035
414,candidate_2,candidate_3,candidate_4,candidate_1,4,0.035
415,candidate_2,candidate_3,candidate_4,candidate_1,4,0.035
416,candidate_2,candidate_3,candidate_4,candidate_1,4,0.035
417,candidate_2,candidate_3,candidate_4,candidate_1,4,0.035
418,candidate_2,candidate_3,candidate_4,candidate_1,4,0.035
419,candidate_2,candidate_3,candidate_4,candidate_1,4,0.035
420,candidate_2,candidate_3,candidate_4,candidate_1,4,0.035
421,candidate_2,candidate_3,candidate_4,candidate_1,4,0.035
422,candidate_2,candidate_3,candidate_4,candidate_1,4,0.035
423,candidate_2,candidate_3,candidate_4,candidate_1,4,0.035
424,0,candidate_3,candidate_4,candidate_1,4,0.035
425,candidate_2,candidate_3,candidate_4,candidate_1,4,0.035
426,candidate_2,candidate_3,candidate_4,0,4,0.035
427,candidate_2,candidate_3,candidate_4,candidate_1,4,0.035
428,candidate_2,candidate_3,candidate_4,candidate_1,4,0.035
429,candidate_2,candidate_3,candidate_4,0,4,0.035
430,candidate_2,candidate_3,candidate_4,candidate_1,4,0.035
431,candidate_2,candidate_3,candidate_4,candidate_1,4,0.035
432,candidate_2,candidate_3,candidate_4,candidate_1,4,0.035
433,candidate_2,candidate_3,candidate_4,candidate_1,4,0.035
434,candidate_2,candidate_3,candidate_4,candidate_1,4,0.035
435,candidate_2,candidate_3,candidate_4,candidate_1,4,0.035
436,candidate_2,candidate_3,candidate_4,candidate_1,4,0.035
437,candidate_2,candidate_3,candidate_4,candidate_1,4,0.035
438,candidate_2,candidate_3,candidate_4,candidate_1,4,0.035
439,candidate_2,candidate_3,candidate_4,candidate_1,4,0.035
440,candidate_2,candidate_3,candidate_4,candidate_1,4,0.035
441,candidate_2,candidate_3,candidate_4,candidate_1,4,0.035
442,candidate_2,candidate_3,candidate_4,candidate_1,4,0.035
443,candidate_2,candidate_3,candidate_4,candidate_1,4,0.035
444,candidate_2,candidate_3,candidate_4,candidate_1,4,0.035
445,candidate_2,candidate_3,candidate_4,candidate_1,4,0.035
446,candidate_2,candidate_3,candidate_4,candidate_1,4,0.035
447,candidate_2,candidate_3,candidate_4,candidate_1,4,0.035
448,candidate_2,candidate_3,candidate_4,candidate_1,4,0.035
449,candidate_2,candidate_3,candidate_4,candidate_1,4,0.035
450,candidate_2,candidate_3,candidate_4,candidate_1,4,0.035
451,candidate_2,candidate_3,candidate_4,candidate_1,4,0.035
452,candidate_2,candidate_3,candidate_4,candidate_1,4,0.035
453,candidate_2,candidate_3,candidate_4,candidate_1,4,0.035
454,candidate_2,candidate_3,candidate_4,candidate_1,4,0.035
455,candidate_2,candidate_3,candidate_4,candidate_1,4,0.035
456,candidate_2,candidate_3,candidate_4,candidate_1,4,0.035
457,candidate_2,candidate_3,candidate_4,candidate_1,4,0.035
458,candidate_2,candidate_3,candidate_4,candidate_1,4,0.035
459,candidate_2,candidate_3,candidate_4,candidate_1,4,0.035
460,candidate_2,candidate_3,candidate_4,candidate_1,4,0.035
461,candidate_2,candidate_3,candidate_4,candidate_1,4,0.035
462,candidate_2,candidate_3,candidate_4,candidate_1,4,0.035
463,candidate_2,candidate_3,candidate_4,candidate_1,4,0.035
464,candidate_2,candidate_3,candidate_4,candidate_1,4,0.035
465,0,candidate_3,candidate_4,candidate_1,4,0.035
466,candidate_2,candidate_3,candidate_4,candidate_1,4,0.035
467,candidate_2,candidate_3,candidate_4,candidate_1,4,0.035
468,candidate_2,candidate_3,candidate_4,candidate_1,4,0.035
469,candidate_2,candidate_3,candidate_4,candidate_1,4,0.035
470,candidate_2,candidate_3,candidate_4,candidate_1,4,0.035
471,candidate_2,candidate_3,candidate_4,candidate_1,4,0.035
472,candidate_2,candidate_3,candidate_4,candidate_1,4,0.035
473,0,0,candidate_4,candidate_1,4,0.035
474,candidate_2,candidate_3,0,0,4,0.035
475,candidate_2,candidate_3,candidate_4,candidate_1,4,0.035
476,candidate_2,0,candidate_4,candidate_1,4,0.035
477,candidate_2,candidate_3,candidate_4,candidate_1,4,0.035
478,candidate_2,candidate_3,candidate_4,candidate_1,4,0.035
479,candidate_2,candidate_3,candidate_4,0,4,0.035
480,candidate_2,candidate_3,candidate_4,candidate_1,4,0.035
481,candidate_2,candidate_3,candidate_4,candidate_1,4,0.035
482,candidate_2,candidate_3,candidate_4,candidate_1,4,0.035
483,candidate_2,candidate_3,candidate_4,candidate_1,4,0.035
484,candidate_2,candidate_3,candidate_4,candidate_1,4,0.035
485,candidate_2,candidate_3,candidate_4,candidate_1,4,0.035
486,candidate_2,candidate_3,candidate_4,candidate_1,4,0.035
487,candidate_2,candidate_3,candidate_4,candidate_1,4,0.035
488,candidate_2,candidate_3,candidate_4,candidate_1,4,0.035
489,candidate_2,candidate_3,candidate_4,candidate_1,4,0.035
490,candidate_2,candidate_3,candidate_4,candidate_1,4,0.035
491,candidate_2,candidate_3,candidate_4,candidate_1,4,0.035
492,candidate_2,candidate_3,candidate_4,candidate_1,4,0.035
493,candidate_2,candidate_3,candidate_4,candidate_1,4,0.035
494,candidate_2,candidate_3,candidate_4,candidate_1,4,0.035
495,candidate_2,candidate_3,0,candidate_1,4,0.035
496,candidate_2,candidate_3,candidate_4,candidate_1,4,0.035
497,candidate_2,candidate_3,candidate_4,candidate_1,4,0.035
498,candidate_2,candidate_3,candidate_4,candidate_1,4,0.035
499,candidate_2,candidate_3,candidate_4,candidate_1,4,0.035
500,candidate_2,candidate_3,0,candidate_1,4,0.035
501,candidate_2,candidate_3,candidate_4,candidate_1,4,0.035
502,candidate_2,candidate_3,candidate_4,candidate_1,4,0.035
503,candidate_2,candidate_3,candidate_4,candidate_1,4,0.035
504,candidate_2,candidate_3,candidate_4,candidate_1,4,0.035
505,candidate_2,candidate_3,candidate_4,candidate_1,4,0.035
506,candidate_2,candidate_3,candidate_4,candidate_1,4,0.035
507,candidate_2,candidate_3,candidate_4,candidate_1,4,0.035
508,candidate_2,candidate_3,candidate_4,candidate_1,4,0.035
509,candidate_2,candidate_3,candidate_4,candidate_1,4,0.035
510,candidate_2,candidate_3,candidate_4,candidate_1,4,0.035
511,candidate_2,candidate_3,candidate_4,candidate_1,4,0.035
512,candidate_2,candidate_3,candidate_4,candidate_1,4,0.035
513,candidate_2,candidate_3,candidate_4,candidate_1,4,0.035
514,candidate_2,candidate_3,candidate_4,candidate_1,4,0.035
515,candidate_2,candidate_3,candidate_4,candidate_1,4,0.035
516,candidate_2,candidate_3,candidate_4,0,4,0.035
517,candidate_2,candidate_3,candidate_4,candidate_1,4,0.035
518,candidate_2,candidate_3,candidate_4,candidate_1,4,0.035
519,candidate_2,candidate_3,candidate_4,candidate_1,4,0.035
520,candidate_2,candidate_3,candidate_4,candidate_1,4,0.035
521,candidate_2,candidate_3,candidate_4,candidate_1,4,0.035
522,candidate_2,candidate_3,candidate_4,candidate_1,4,0.035
523,candidate_2,candidate_3,candidate_4,candidate_1,4,0.035
524,candidate_2,candidate_3,candidate_4,candidate_1,4,0.035
525,candidate_2,candidate_3,candidate_4,candidate_1,4,0.035
526,candidate_2,candidate_3,candidate_4,candidate_1,4,0.035
527,candidate_2,candidate_3,candidate_4,candidate_1,4,0.035
528,candidate_2,candidate_3,candidate_4,candidate_1,4,0.035
529,candidate_2,candidate_3,candidate_4,0,4,0.035
530,candidate_2,candidate_3,candidate_4,candidate_1,4,0.035
531,candidate_2,candidate_3,candidate_4,candidate_1,4,0.035
532,candidate_2,candidate_3,candidate_4,candidate_1,4,0.035
533,candidate_2,candidate_3,candidate_4,candidate_1,4,0.035
534,candidate_2,candidate_3,candidate_4,candidate_1,4,0.035
535,candidate_2,candidate_3,candidate_4,candidate_1,4,0.035
536,candidate_2,candidate_3,candidate_4,candidate_1,4,0.035
537,candidate_2,candidate_3,candidate_4,candidate_1,4,0.035
538,candidate_2,candidate_3,candidate_4,candidate_1,4,0.035
539,candidate_2,candidate_3,candidate_4,0,4,0.035
540,candidate_2,candidate_3,candidate_4,candidate_1,4,0.035
541,candidate_2,candidate_3,candidate_4,candidate_1,4,0.035
542,candidate_2,candidate_3,0,candidate_1,4,0.035
543,candidate_2,candidate_3,candidate_4,candidate_1,4,0.035
544,candidate_2,candidate_3,candidate_4,candidate_1,4,0.035
545,candidate_2,candidate_3,candidate_4,candidate_1,4,0.035
546,candidate_2,candidate_3,candidate_4,candidate_1,4,0.035
547,candidate_2,candidate_3,candidate_4,candidate_1,4,0.035
548,candidate_2,candidate_3,candidate_4,candidate_1,4,0.035
549,candidate_2,candidate_3,candidate_4,candidate_1,4,0.035
550,candidate_2,candidate_3,0,candidate_1,4,0.035
551,candidate_2,candidate_3,candidate_4,candidate_1,4,0.035
552,candidate_2,candidate_3,candidate_4,candidate_1,4,0.035
553,candidate_2,candidate_3,candidate_4,candidate_1,4,0.035
554,candidate_2,candidate_3,candidate_4,candidate_1,4,0.035
555,candidate_2,candidate_3,candidate_4,candidate_1,4,0.035
556,candidate_2,candidate_3,candidate_4,candidate_1,4,0.035
557,candidate_2,candidate_3,candidate_4,candidate_1,4,0.035
558,candidate_2,candidate_3,candidate_4,candidate_1,4,0.035
559,candidate_2,candidate_3,candidate_4,candidate_1,4,0.035
560,candidate_2,candidate_3,candidate_4,0,4,0.035
561,0,0,candidate_4,candidate_1,4,0.035
562,candidate_2,candidate_3,candidate_4,candidate_1,4,0.035
563,candidate_2,candidate_3,candidate_4,candidate_1,4,0.035
564,candidate_2,candidate_3,candidate_4,candidate_1,4,0.035
565,candidate_2,candidate_3,candidate_4,candidate_1,4,0.035
566,candidate_2,candidate_3,candidate_4,candidate_1,4,0.035
567,candidate_2,candidate_3,candidate_4,candidate_1,4,0.035
568,candidate_2,candidate_3,candidate_4,candidate_1,4,0.035
569,candidate_2,candidate_3,candidate_4,candidate_1,4,0.035
570,candidate_2,candidate_3,candidate_4,candidate_1,4,0.035
571,candidate_2,candidate_3,candidate_4,candidate_1,4,0.035
572,candidate_2,candidate_3,candidate_4,candidate_1,4,0.035
573,candidate_2,candidate_3,0,candidate_1,4,0.035
574,0,candidate_3,candidate_4,candidate_1,4,0.035
575,candidate_2,candidate_3,candidate_4,candidate_1,4,0.035
576,candidate_2,candidate_3,candidate_4,candidate_1,4,0.035
577,candidate_2,candidate_3,candidate_4,candidate_1,4,0.035
578,candidate_2,candidate_3,candidate_4,candidate_1,4,0.035
579,candidate_2,candidate_3,candidate_4,candidate_1,4,0.035
580,candidate_2,candidate_3,candidate_4,candidate_1,4,0.035
581,candidate_2,candidate_3,candidate_4,candidate_1,4,0.035
582,candidate_2,candidate_3,candidate_4,candidate_1,4,0.035
583,candidate_2,candidate_3,candidate_4,candidate_1,4,0.035
584,candidate_2,candidate_3,candidate_4,candidate_1,4,0.035
585,candidate_2,candidate_3,candidate_4,candidate_1,4,0.035
586,candidate_2,candidate_3,candidate_4,candidate_1,4,0.035
587,candidate_2,candidate_3,candidate_4,candidate_1,4,0.035
588,candidate_2,candidate_3,candidate_4,0,4,0.035
589,candidate_2,candidate_3,candidate_4,candidate_1,4,0.035
590,candidate_2,candidate_3,candidate_4,candidate_1,4,0.035
591,candidate_2,candidate_3,candidate_4,candidate_1,4,0.035
592,candidate_2,candidate_3,candidate_4,candidate_1,4,0.035
593,candidate_2,0,candidate_4,candidate_1,4,0.035
594,candidate_2,candidate_3,candidate_4,candidate_1,4,0.035
595,candidate_2,candidate_3,candidate_4,candidate_1,4,0.035
596,candidate_2,candidate_3,candidate_4,candidate_1,4,0.035
597,candidate_2,candidate_3,candidate_4,candidate_1,4,0.035
598,candidate_2,candidate_3,candidate_4,candidate_1,4,0.035
599,candidate_2,candidate_3,candidate_4,candidate_1,4,0.035
600,candidate_2,candidate_3,candidate_4,candidate_1,4,0.035
601,candidate_2,0,candidate_4,candidate_1,4,0.035
602,candidate_2,candidate_3,candidate_4,candidate_1,4,0.035
603,candidate_2,candidate_3,candidate_4,candidate_1,4,0.035
604,candidate_2,candidate_3,candidate_4,candidate_1,4,0.035
605,candidate_2,candidate_3,candidate_4,candidate_1,4,0.035
606,candidate_2,candidate_3,candidate_4,candidate_1,4,0.035
607,candidate_2,candidate_3,candidate_4,candidate_1,4,0.035
608,candidate_2,candidate_3,candidate_4,candidate_1,4,0.035
609,candidate_2,candidate_3,candidate_4,candidate_1,4,0.035
610,candidate_2,candidate_3,candidate_4,candidate_1,4,0.035
611,candidate_2,candidate_3,candidate_4,candidate_1,4,0.035
612,candidate_2,candidate_3,candidate_4,candidate_1,4,0.035
613,candidate_2,candidate_3,candidate_4,candidate_1,4,0.035
614,candidate_2,candidate_3,candidate_4,candidate_1,4,0.035
615,candidate_2,candidate_3,candidate_4,candidate_1,4,0.035
616,candidate_2,candidate_3,candidate_4,candidate_1,4,0.035
617,candidate_2,candidate_3,candidate_4,candidate_1,4,0.035
618,candidate_2,candidate_3,candidate_4,candidate_1,4,0.035
0,candidate_2,candidate_4,candidate_1,candidate_3,4,0.035
1,candidate_2,candidate_4,candidate_1,candidate_3,4,0.035
2,candidate_2,candidate_4,candidate_1,0,4,0.035
3,candidate_2,candidate_4,candidate_1,candidate_3,4,0.035
4,candidate_2,candidate_4,candidate_1,candidate_3,4,0.035
5,candidate_2,candidate_4,candidate_1,candidate_3,4,0.035
6,candidate_2,candidate_4,candidate_1,candidate_3,4,0.035
7,candidate_2,candidate_4,candidate_1,candidate_3,4,0.035
8,candidate_2,candidate_4,candidate_1,candidate_3,4,0.035
9,candidate_2,candidate_4,candidate_1,candidate_3,4,0.035
10,candidate_2,candidate_4,candidate_1,candidate_3,4,0.035
11,candidate_2,candidate_4,candidate_1,candidate_3,4,0.035
12,candidate_2,candidate_4,0,candidate_3,4,0.035
13,candidate_2,candidate_4,0,candidate_3,4,0.035
14,candidate_2,candidate_4,candidate_1,candidate_3,4,0.035
15,candidate_2,candidate_4,0,candidate_3,4,0.035
16,candidate_2,candidate_4,candidate_1,candidate_3,4,0.035
17,candidate_2,candidate_4,candidate_1,candidate_3,4,0.035
18,candidate_2,candidate_4,candidate_1,candidate_3,4,0.035
19,candidate_2,candidate_4,candidate_1,candidate_3,4,0.035
20,candidate_2,candidate_4,candidate_1,candidate_3,4,0.035
21,candidate_2,candidate_4,candidate_1,0,4,0.035
22,0,candidate_4,candidate_1,candidate_3,4,0.035
23,candidate_2,candidate_4,candidate_1,candidate_3,4,0.035
24,candidate_2,candidate_4,candidate_1,candidate_3,4,0.035
25,candidate_2,candidate_4,0,candidate_3,4,0.035
26,candidate_2,candidate_4,candidate_1,candidate_3,4,0.035
27,candidate_2,candidate_4,candidate_1,candidate_3,4,0.035
28,candidate_2,candidate_4,candidate_1,candidate_3,4,0.035
29,candidate_2,candidate_4,candidate_1,candidate_3,4,0.035
30,candidate_2,candidate_4,candidate_1,candidate_3,4,0.035
31,candidate_2,candidate_4,candidate_1,candidate_3,4,0.035
32,candidate_2,candidate_4,candidate_1,candidate_3,4,0.035
33,candidate_2,candidate_4,candidate_1,candidate_3,4,0.035
34,candidate_2,candidate_4,candidate_1,candidate_3,4,0.035
35,candidate_2,candidate_4,candidate_1,candidate_3,4,0.035
36,candidate_2,candidate_4,candidate_1,candidate_3,4,0.035
37,candidate_2,candidate_4,candidate_1,candidate_3,4,0.035
38,candidate_2,candidate_4,candidate_1,candidate_3,4,0.035
39,candidate_2,candidate_4,candidate_1,candidate_3,4,0.035
40,candidate_2,candidate_4,candidate_1,candidate_3,4,0.035
41,candidate_2,candidate_4,candidate_1,candidate_3,4,0.035
42,candidate_2,candidate_4,candidate_1,candidate_3,4,0.035
43,candidate_2,candidate_4,candidate_1,candidate_3,4,0.035
44,candidate_2,candidate_4,candidate_1,candidate_3,4,0.035
45,candidate_2,candidate_4,candidate_1,candidate_3,4,0.035
46,candidate_2,candidate_4,candidate_1,candidate_3,4,0.035
47,candidate_2,candidate_4,candidate_1,candidate_3,4,0.035
48,candidate_2,candidate_4,candidate_1,candidate_3,4,0.035
49,candidate_2,candidate_4,candidate_1,0,4,0.035
50,candidate_2,candidate_4,candidate_1,candidate_3,4,0.035
51,0,candidate_4,candidate_1,candidate_3,4,0.035
52,candidate_2,candidate_4,candidate_1,candidate_3,4,0.035
53,candidate_2,candidate_4,candidate_1,candidate_3,4,0.035
54,candidate_2,candidate_4,candidate_1,candidate_3,4,0.035
55,candidate_2,0,candidate_1,candidate_3,4,0.035
56,candidate_2,candidate_4,candidate_1,candidate_3,4,0.035
57,candidate_2,candidate_4,candidate_1,candidate_3,4,0.035
58,candidate_2,candidate_4,candidate_1,candidate_3,4,0.035
59,candidate_2,candidate_4,candidate_1,candidate_3,4,0.035
60,candidate_2,candidate_4,candidate_1,candidate_3,4,0.035
61,candidate_2,candidate_4,candidate_1,candidate_3,4,0.035
62,0,candidate_4,candidate_1,candidate_3,4,0.035
63,candidate_2,candidate_4,candidate_1,candidate_3,4,0.035
64,candidate_2,candidate_4,candidate_1,candidate_3,4,0.035
65,candidate_2,candidate_4,candidate_1,candidate_3,4,0.035
66,candidate_2,candidate_4,candidate_1,candidate_3,4,0.035
67,candidate_2,candidate_4,candidate_1,candidate_3,4,0.035
68,candidate_2,candidate_4,candidate_1,candidate_3,4,0.035
69,candidate_2,candidate_4,candidate_1,candidate_3,4,0.035
70,candidate_2,candidate_4,candidate_1,candidate_3,4,0.035
71,candidate_2,candidate_4,candidate_1,candidate_3,4,0.035
72,candidate_2,candidate_4,candidate_1,candidate_3,4,0.035
73,candidate_2,candidate_4,candidate_1,candidate_3,4,0.035
74,candidate_2,candidate_4,candidate_1,candidate_3,4,0.035
75,candidate_2,candidate_4,candidate_1,candidate_3,4,0.035
76,candidate_2,candidate_4,candidate_1,candidate_3,4,0.035
77,candidate_2,candidate_4,candidate_1,candidate_3,4,0.035
78,candidate_2,candidate_4,candidate_1,candidate_3,4,0.035
79,candidate_2,candidate_4,candidate_1,candidate_3,4,0.035
80,candidate_2,candidate_4,candidate_1,candidate_3,4,0.035
81,candidate_2,candidate_4,candidate_1,candidate_3,4,0.035
82,candidate_2,candidate_4,candidate_1,candidate_3,4,0.035
83,candidate_2,candidate_4,candidate_1,candidate_3,4,0.035
84,candidate_2,0,candidate_1,candidate_3,4,0.035
85,candidate_2,candidate_4,candidate_1,candidate_3,4,0.035
86,candidate_2,0,candidate_1,candidate_3,4,0.035
87,candidate_2,candidate_4,candidate_1,candidate_3,4,0.035
88,candidate_2,candidate_4,candidate_1,candidate_3,4,0.035
89,candidate_2,candidate_4,candidate_1,candidate_3,4,0.035
90,candidate_2,candidate_4,candidate_1,candidate_3,4,0.035
91,candidate_2,candidate_4,candidate_1,candidate_3,4,0.035
92,candidate_2,candidate_4,candidate_1,candidate_3,4,0.035
93,candidate_2,candidate_4,candidate_1,candidate_3,4,0.035
94,candidate_2,candidate_4,candidate_1,candidate_3,4,0.035
95,candidate_2,candidate_4,candidate_1,candidate_3,4,0.035
96,candidate_2,candidate_4,candidate_1,candidate_3,4,0.035
97,candidate_2,candidate_4,candidate_1,candidate_3,4,0.035
98,candidate_2,candidate_4,candidate_1,candidate_3,4,0.035
99,candidate_2,candidate_4,candidate_1,candidate_3,4,0.035
100,candidate_2,candidate_4,candidate_1,0,4,0.035
101,candidate_2,candidate_4,candidate_1,candidate_3,4,0.035
102,candidate_2,candidate_4,candidate_1,candidate_3,4,0.035
103,candidate_2,candidate_4,candidate_1,candidate_3,4,0.035
104,candidate_2,candidate_4,candidate_1,candidate_3,4,0.035
105,candidate_2,candidate_4,candidate_1,0,4,0.035
106,candidate_2,candidate_4,candidate_1,candidate_3,4,0.035
107,candidate_2,candidate_4,candidate_1,candidate_3,4,0.035
108,candidate_2,candidate_4,candidate_1,candidate_3,4,0.035
109,candidate_2,candidate_4,candidate_1,candidate_3,4,0.035
110,candidate_2,candidate_4,candidate_1,candidate_3,4,0.035
111,candidate_2,candidate_4,candidate_1,candidate_3,4,0.035
112,candidate_2,candidate_4,candidate_1,candidate_3,4,0.035
113,candidate_2,candidate_4,candidate_1,candidate_3,4,0.035
114,candidate_2,candidate_4,0,candidate_3,4,0.035
115,candidate_2,candidate_4,0,candidate_3,4,0.035
116,candidate_2,candidate_4,candidate_1,candidate_3,4,0.035
117,candidate_2,candidate_4,candidate_1,candidate_3,4,0.035
118,candidate_2,candidate_4,candidate_1,candidate_3,4,0.035
119,candidate_2,candidate_4,candidate_1,candidate_3,4,0.035
120,candidate_2,candidate_4,candidate_1,candidate_3,4,0.035
121,candidate_2,candidate_4,candidate_1,candidate_3,4,0.035
122,candidate_2,candidate_4,candidate_1,0,4,0.035
123,candidate_2,candidate_4,candidate_1,candidate_3,4,0.035
124,candidate_2,candidate_4,candidate_1,candidate_3,4,0.035
125,candidate_2,candidate_4,candidate_1,candidate_3,4,0.035
126,candidate_2,candidate_4,candidate_1,candidate_3,4,0.035
127,candidate_2,candidate_4,candidate_1,candidate_3,4,0.035
128,candidate_2,candidate_4,candidate_1,candidate_3,4,0.035
129,candidate_2,candidate_4,candidate_1,candidate_3,4,0.035
130,candidate_2,candidate_4,candidate_1,candidate_3,4,0.035
131,0,candidate_4,candidate_1,candidate_3,4,0.035
132,candidate_2,candidate_4,candidate_1,candidate_3,4,0.035
133,candidate_2,candidate_4,candidate_1,candidate_3,4,0.035
134,candidate_2,candidate_4,candidate_1,candidate_3,4,0.035
135,candidate_2,candidate_4,candidate_1,candidate_3,4,0.035
136,candidate_2,candidate_4,candidate_1,candidate_3,4,0.035
137,candidate_2,candidate_4,candidate_1,candidate_3,4,0.035
138,candidate_2,candidate_4,candidate_1,candidate_3,4,0.035
139,candidate_2,candidate_4,candidate_1,candidate_3,4,0.035
140,candidate_2,candidate_4,candidate_1,candidate_3,4,0.035
141,candidate_2,candidate_4,candidate_1,candidate_3,4,0.035
142,candidate_2,candidate_4,candidate_1,candidate_3,4,0.035
143,candidate_2,0,candidate_1,candidate_3,4,0.035
144,0,candidate_4,candidate_1,candidate_3,4,0.035
145,candidate_2,candidate_4,candidate_1,candidate_3,4,0.035
146,candidate_2,candidate_4,candidate_1,candidate_3,4,0.035
147,candidate_2,candidate_4,candidate_1,candidate_3,4,0.035
148,candidate_2,candidate_4,candidate_1,candidate_3,4,0.035
149,candidate_2,candidate_4,candidate_1,candidate_3,4,0.035
150,candidate_2,candidate_4,candidate_1,candidate_3,4,0.035
151,candidate_2,candidate_4,candidate_1,candidate_3,4,0.035
152,candidate_2,candidate_4,candidate_1,candidate_3,4,0.035
153,candidate_2,candidate_4,0,candidate_3,4,0.035
154,candidate_2,candidate_4,candidate_1,candidate_3,4,0.035
155,candidate_2,candidate_4,candidate_1,candidate_3,4,0.035
156,candidate_2,candidate_4,candidate_1,candidate_3,4,0.035
157,candidate_2,candidate_4,candidate_1,candidate_3,4,0.035
158,candidate_2,candidate_4,candidate_1,candidate_3,4,0.035
159,candidate_2,candidate_4,candidate_1,candidate_3,4,0.035
160,candidate_2,candidate_4,candidate_1,candidate_3,4,0.035
161,0,candidate_4,candidate_1,candidate_3,4,0.035
162,candidate_2,candidate_4,candidate_1,0,4,0.035
163,candidate_2,candidate_4,candidate_1,candidate_3,4,0.035
164,candidate_2,candidate_4,candidate_1,candidate_3,4,0.035
165,candidate_2,candidate_4,candidate_1,candidate_3,4,0.035
166,candidate_2,candidate_4,candidate_1,candidate_3,4,0.035
167,candidate_2,candidate_4,candidate_1,candidate_3,4,0.035
168,candidate_2,candidate_4,candidate_1,candidate_3,4,0.035
169,candidate_2,candidate_4,candidate_1,candidate_3,4,0.035
170,candidate_2,candidate_4,candidate_1,candidate_3,4,0.035
171,candidate_2,candidate_4,candidate_1,candidate_3,4,0.035
172,candidate_2,candidate_4,candidate_1,candidate_3,4,0.035
173,candidate_2,candidate_4,candidate_1,candidate_3,4,0.035
174,candidate_2,candidate_4,candidate_1,candidate_3,4,0.035
175,0,candidate_4,candidate_1,candidate_3,4,0.035
176,candidate_2,candidate_4,candidate_1,candidate_3,4,0.035
177,candidate_2,candidate_4,candidate_1,candidate_3,4,0.035
178,candidate_2,candidate_4,candidate_1,candidate_3,4,0.035
179,candidate_2,candidate_4,candidate_1,candidate_3,4,0.035
180,candidate_2,candidate_4,candidate_1,candidate_3,4,0.035
181,candidate_2,candidate_4,candidate_1,candidate_3,4,0.035
182,candidate_2,candidate_4,candidate_1,candidate_3,4,0.035
183,candidate_2,candidate_4,candidate_1,candidate_3,4,0.035
184,candidate_2,candidate_4,candidate_1,candidate_3,4,0.035
185,candidate_2,candidate_4,candidate_1,candidate_3,4,0.035
186,candidate_2,candidate_4,candidate_1,candidate_3,4,0.035
187,candidate_2,candidate_4,candidate_1,candidate_3,4,0.035
188,candidate_2,candidate_4,candidate_1,candidate_3,4,0.035
189,candidate_2,candidate_4,candidate_1,candidate_3,4,0.035
190,candidate_2,candidate_4,candidate_1,candidate_3,4,0.035
191,candidate_2,0,candidate_1,candidate_3,4,0.035
192,0,candidate_4,candidate_1,candidate_3,4,0.035
193,0,candidate_4,candidate_1,candidate_3,4,0.035
194,0,candidate_4,candidate_1,candidate_3,4,0.035
195,candidate_2,candidate_4,candidate_1,candidate_3,4,0.035
196,candidate_2,candidate_4,candidate_1,candidate_3,4,0.035
197,candidate_2,candidate_4,candidate_1,candidate_3,4,0.035
198,candidate_2,candidate_4,candidate_1,0,4,0.035
199,candidate_2,candidate_4,candidate_1,candidate_3,4,0.035
200,candidate_2,candidate_4,candidate_1,candidate_3,4,0.035
201,0,candidate_4,candidate_1,candidate_3,4,0.035
202,candidate_2,candidate_4,candidate_1,candidate_3,4,0.035
203,candidate_2,candidate_4,candidate_1,candidate_3,4,0.035
204,candidate_2,candidate_4,candidate_1,candidate_3,4,0.035
205,candidate_2,candidate_4,candidate_1,candidate_3,4,0.035
206,candidate_2,candidate_4,candidate_1,candidate_3,4,0.035
207,candidate_2,candidate_4,candidate_1,candidate_3,4,0.035
208,candidate_2,candidate_4,candidate_1,candidate_3,4,0.035
209,candidate_2,candidate_4,candidate_1,candidate_3,4,0.035
210,candidate_2,candidate_4,0,candidate_3,4,0.035
211,candidate_2,candidate_4,candidate_1,candidate_3,4,0.035
212,candidate_2,candidate_4,candidate_1,candidate_3,4,0.035
213,candidate_2,candidate_4,candidate_1,candidate_3,4,0.035
214,candidate_2,candidate_4,candidate_1,candidate_3,4,0.035
215,candidate_2,candidate_4,candidate_1,candidate_3,4,0.035
216,candidate_2,candidate_4,candidate_1,candidate_3,4,0.035
217,candidate_2,candidate_4,candidate_1,candidate_3,4,0.035
218,candidate_2,candidate_4,candidate_1,candidate_3,4,0.035
219,candidate_2,candidate_4,candidate_1,candidate_3,4,0.035
220,candidate_2,candidate_4,candidate_1,candidate_3,4,0.035
221,candidate_2,candidate_4,candidate_1,candidate_3,4,0.035
222,candidate_2,candidate_4,candidate_1,candidate_3,4,0.035
223,candidate_2,candidate_4,candidate_1,candidate_3,4,0.035
224,candidate_2,candidate_4,candidate_1,candidate_3,4,0.035
225,candidate_2,candidate_4,candidate_1,candidate_3,4,0.035
226,candidate_2,candidate_4,candidate_1,candidate_3,4,0.035
227,candidate_2,candidate_4,candidate_1,candidate_3,4,0.035
228,candidate_2,candidate_4,candidate_1,candidate_3,4,0.035
229,candidate_2,candidate_4,candidate_1,candidate_3,4,0.035
230,candidate_2,candidate_4,candidate_1,candidate_3,4,0.035
231,candidate_2,candidate_4,candidate_1,candidate_3,4,0.035
232,candidate_2,candidate_4,candidate_1,candidate_3,4,0.035
233,candidate_2,candidate_4,candidate_1,candidate_3,4,0.035
234,candidate_2,candidate_4,candidate_1,candidate_3,4,0.035
235,candidate_2,candidate_4,candidate_1,candidate_3,4,0.035
236,candidate_2,candidate_4,candidate_1,candidate_3,4,0.035
237,candidate_2,candidate_4,candidate_1,candidate_3,4,0.035
238,candidate_2,candidate_4,candidate_1,candidate_3,4,0.035
239,0,candidate_4,candidate_1,candidate_3,4,0.035
240,candidate_2,candidate_4,candidate_1,candidate_3,4,0.035
241,candidate_2,candidate_4,candidate_1,candidate_3,4,0.035
242,candidate_2,candidate_4,candidate_1,candidate_3,4,0.035
243,candidate_2,candidate_4,candidate_1,candidate_3,4,0.035
244,candidate_2,candidate_4,candidate_1,candidate_3,4,0.035
245,candidate_2,candidate_4,candidate_1,candidate_3,4,0.035
246,candidate_2,candidate_4,candidate_1,candidate_3,4,0.035
247,candidate_2,candidate_4,candidate_1,candidate_3,4,0.035
248,candidate_2,candidate_4,candidate_1,candidate_3,4,0.035
249,0,candidate_4,candidate_1,candidate_3,4,0.035
250,candidate_2,candidate_4,candidate_1,candidate_3,4,0.035
251,candidate_2,candidate_4,candidate_1,candidate_3,4,0.035
252,candidate_2,candidate_4,candidate_1,candidate_3,4,0.035
253,candidate_2,candidate_4,candidate_1,candidate_3,4,0.035
254,candidate_2,candidate_4,candidate_1,candidate_3,4,0.035
255,candidate_2,candidate_4,candidate_1,candidate_3,4,0.035
256,candidate_2,candidate_4,candidate_1,candidate_3,4,0.035
257,candidate_2,candidate_4,candidate_1,candidate_3,4,0.035
258,candidate_2,0,candidate_1,candidate_3,4,0.035
259,candidate_2,candidate_4,candidate_1,candidate_3,4,0.035
260,candidate_2,candidate_4,candidate_1,candidate_3,4,0.035
261,candidate_2,candidate_4,candidate_1,candidate_3,4,0.035
262,candidate_2,candidate_4,candidate_1,candidate_3,4,0.035
263,candidate_2,candidate_4,candidate_1,candidate_3,4,0.035
264,candidate_2,candidate_4,candidate_1,candidate_3,4,0.035
265,candidate_2,candidate_4,candidate_1,candidate_3,4,0.035
266,candidate_2,candidate_4,candidate_1,candidate_3,4,0.035
267,candidate_2,candidate_4,candidate_1,candidate_3,4,0.035
268,candidate_2,candidate_4,candidate_1,candidate_3,4,0.035
269,candidate_2,candidate_4,candidate_1,candidate_3,4,0.035
270,candidate_2,candidate_4,candidate_1,candidate_3,4,0.035
271,candidate_2,candidate_4,candidate_1,candidate_3,4,0.035
272,candidate_2,candidate_4,candidate_1,candidate_3,4,0.035
273,candidate_2,candidate_4,candidate_1,candidate_3,4,0.035
274,candidate_2,candidate_4,candidate_1,0,4,0.035
275,candidate_2,candidate_4,candidate_1,candidate_3,4,0.035
276,candidate_2,candidate_4,candidate_1,candidate_3,4,0.035
277,candidate_2,candidate_4,candidate_1,candidate_3,4,0.035
278,candidate_2,candidate_4,candidate_1,candidate_3,4,0.035
279,candidate_2,candidate_4,candidate_1,candidate_3,4,0.035
280,candidate_2,candidate_4,candidate_1,candidate_3,4,0.035
281,candidate_2,candidate_4,candidate_1,candidate_3,4,0.035
282,candidate_2,candidate_4,candidate_1,0,4,0.035
283,candidate_2,candidate_4,candidate_1,candidate_3,4,0.035
284,candidate_2,candidate_4,candidate_1,candidate_3,4,0.035
285,candidate_2,candidate_4,candidate_1,candidate_3,4,0.035
286,candidate_2,candidate_4,candidate_1,candidate_3,4,0.035
287,candidate_2,candidate_4,candidate_1,candidate_3,4,0.035
288,candidate_2,candidate_4,candidate_1,candidate_3,4,0.035
289,candidate_2,candidate_4,candidate_1,candidate_3,4,0.035
290,candidate_2,candidate_4,candidate_1,candidate_3,4,0.035
291,candidate_2,candidate_4,candidate_1,0,4,0.035
292,candidate_2,candidate_4,candidate_1,candidate_3,4,0.035
293,candidate_2,candidate_4,candidate_1,candidate_3,4,0.035
294,candidate_2,candidate_4,candidate_1,candidate_3,4,0.035
295,candidate_2,candidate_4,candidate_1,candidate_3,4,0.035
296,candidate_2,candidate_4,candidate_1,candidate_3,4,0.035
297,candidate_2,candidate_4,candidate_1,candidate_3,4,0.035
298,candidate_2,candidate_4,candidate_1,candidate_3,4,0.035
299,candidate_2,candidate_4,candidate_1,candidate_3,4,0.035
300,candidate_2,candidate_4,candidate_1,candidate_3,4,0.035
301,candidate_2,candidate_4,candidate_1,candidate_3,4,0.035
302,candidate_2,candidate_4,candidate_1,candidate_3,4,0.035
303,candidate_2,candidate_4,candidate_1,candidate_3,4,0.035
304,candidate_2,candidate_4,candidate_1,candidate_3,4,0.035
305,candidate_2,candidate_4,candidate_1,candidate_3,4,0.035
306,candidate_2,candidate_4,candidate_1,candidate_3,4,0.035
307,candidate_2,candidate_4,candidate_1,candidate_3,4,0.035
308,candidate_2,candidate_4,candidate_1,candidate_3,4,0.035
309,candidate_2,candidate_4,candidate_1,candidate_3,4,0.035
310,candidate_2,candidate_4,candidate_1,candidate_3,4,0.035
311,candidate_2,candidate_4,candidate_1,candidate_3,4,0.035
312,candidate_2,candidate_4,candidate_1,candidate_3,4,0.035
313,candidate_2,candidate_4,candidate_1,candidate_3,4,0.035
314,candidate_2,candidate_4,candidate_1,candidate_3,4,0.035
315,candidate_2,candidate_4,0,candidate_3,4,0.035
316,candidate_2,candidate_4,candidate_1,candidate_3,4,0.035
317,candidate_2,candidate_4,candidate_1,candidate_3,4,0.035
318,candidate_2,candidate_4,candidate_1,candidate_3,4,0.035
319,candidate_2,candidate_4,candidate_1,0,4,0.035
320,candidate_2,candidate_4,candidate_1,candidate_3,4,0.035
321,candidate_2,candidate_4,candidate_1,candidate_3,4,0.035
322,candidate_2,candidate_4,candidate_1,candidate_3,4,0.035
323,candidate_2,candidate_4,candidate_1,candidate_3,4,0.035
324,candidate_2,candidate_4,candidate_1,candidate_3,4,0.035
325,candidate_2,candidate_4,candidate_1,candidate_3,4,0.035
326,candidate_2,candidate_4,candidate_1,0,4,0.035
327,candidate_2,candidate_4,candidate_1,candidate_3,4,0.035
328,candidate_2,candidate_4,candidate_1,candidate_3,4,0.035
329,candidate_2,candidate_4,candidate_1,candidate_3,4,0.035
330,candidate_2,candidate_4,candidate_1,candidate_3,4,0.035
331,candidate_2,candidate_4,candidate_1,candidate_3,4,0.035
332,candidate_2,candidate_4,candidate_1,candidate_3,4,0.035
333,candidate_2,candidate_4,candidate_1,candidate_3,4,0.035
334,candidate_2,candidate_4,candidate_1,candidate_3,4,0.035
335,candidate_2,candidate_4,candidate_1,candidate_3,4,0.035
336,candidate_2,candidate_4,candidate_1,candidate_3,4,0.035
337,candidate_2,candidate_4,candidate_1,candidate_3,4,0.035
338,candidate_2,0,candidate_1,candidate_3,4,0.035
339,candidate_2,candidate_4,candidate_1,candidate_3,4,0.035
340,candidate_2,candidate_4,candidate_1,candidate_3,4,0.035
341,0,candidate_4,candidate_1,candidate_3,4,0.035
342,candidate_2,candidate_4,candidate_1,candidate_3,4,0.035
343,candidate_2,candidate_4,candidate_1,candidate_3,4,0.035
344,candidate_2,candidate_4,candidate_1,candidate_3,4,0.035
345,candidate_2,candidate_4,candidate_1,candidate_3,4,0.035
346,candidate_2,candidate_4,candidate_1,candidate_3,4,0.035
347,candidate_2,candidate_4,candidate_1,candidate_3,4,0.035
348,0,candidate_4,candidate_1,candidate_3,4,0.035
349,candidate_2,candidate_4,candidate_1,candidate_3,4,0.035
350,candidate_2,candidate_4,candidate_1,candidate_3,4,0.035
351,candidate_2,candidate_4,candidate_1,candidate_3,4,0.035
352,candidate_2,candidate_4,candidate_1,candidate_3,4,0.035
353,candidate_2,candidate_4,candidate_1,candidate_3,4,0.035
354,candidate_2,candidate_4,candidate_1,candidate_3,4,0.035
355,candidate_2,candidate_4,candidate_1,candidate_3,4,0.035
356,candidate_2,candidate_4,candidate_1,candidate_3,4,0.035
357,candidate_2,candidate_4,candidate_1,candidate_3,4,0.035
358,candidate_2,candidate_4,candidate_1,candidate_3,4,0.035
359,candidate_2,candidate_4,candidate_1,candidate_3,4,0.035
360,candidate_2,candidate_4,candidate_1,0,4,0.035
361,candidate_2,candidate_4,candidate_1,candidate_3,4,0.035
362,candidate_2,candidate_4,0,candidate_3,4,0.035
363,candidate_2,candidate_4,candidate_1,candidate_3,4,0.035
364,candidate_2,candidate_4,candidate_1,candidate_3,4,0.035
365,0,candidate_4,candidate_1,candidate_3,4,0.035
366,candidate_2,candidate_4,candidate_1,candidate_3,4,0.035
367,0,candidate_4,candidate_1,candidate_3,4,0.035
368,candidate_2,candidate_4,candidate_1,0,4,0.035
369,candidate_2,candidate_4,candidate_1,candidate_3,4,0.035
370,candidate_2,candidate_4,candidate_1,candidate_3,4,0.035
371,candidate_2,candidate_4,candidate_1,candidate_3,4,0.035
372,candidate_2,candidate_4,candidate_1,candidate_3,4,0.035
373,candidate_2,candidate_4,candidate_1,candidate_3,4,0.035
374,candidate_2,candidate_4,candidate_1,candidate_3,4,0.035
375,candidate_2,candidate_4,candidate_1,candidate_3,4,0.035
376,candidate_2,candidate_4,candidate_1,candidate_3,4,0.035
377,candidate_2,candidate_4,candidate_1,candidate_3,4,0.035
378,candidate_2,candidate_4,candidate_1,candidate_3,4,0.035
379,candidate_2,candidate_4,candidate_1,candidate_3,4,0.035
380,candidate_2,candidate_4,candidate_1,candidate_3,4,0.035
381,candidate_2,candidate_4,candidate_1,candidate_3,4,0.035
382,candidate_2,candidate_4,candidate_1,candidate_3,4,0.035
383,candidate_2,candidate_4,candidate_1,candidate_3,4,0.035
384,candidate_2,candidate_4,candidate_1,candidate_3,4,0.035
385,candidate_2,candidate_4,candidate_1,candidate_3,4,0.035
386,candidate_2,candidate_4,candidate_1,candidate_3,4,0.035
387,candidate_2,candidate_4,candidate_1,candidate_3,4,0.035
388,candidate_2,candidate_4,candidate_1,candidate_3,4,0.035
389,candidate_2,candidate_4,candidate_1,candidate_3,4,0.035
390,candidate_2,candidate_4,candidate_1,candidate_3,4,0.035
391,candidate_2,candidate_4,candidate_1,candidate_3,4,0.035
392,candidate_2,candidate_4,candidate_1,candidate_3,4,0.035
393,candidate_2,candidate_4,candidate_1,candidate_3,4,0.035
394,candidate_2,candidate_4,candidate_1,candidate_3,4,0.035
395,candidate_2,candidate_4,candidate_1,candidate_3,4,0.035
396,candidate_2,0,candidate_1,candidate_3,4,0.035
397,candidate_2,candidate_4,candidate_1,candidate_3,4,0.035
398,candidate_2,candidate_4,candidate_1,candidate_3,4,0.035
399,candidate_2,candidate_4,candidate_1,candidate_3,4,0.035
400,candidate_2,candidate_4,candidate_1,candidate_3,4,0.035
401,candidate_2,candidate_4,candidate_1,candidate_3,4,0.035
402,candidate_2,candidate_4,candidate_1,candidate_3,4,0.035
403,candidate_2,candidate_4,candidate_1,candidate_3,4,0.035
404,candidate_2,candidate_4,candidate_1,candidate_3,4,0.035
405,candidate_2,candidate_4,candidate_1,candidate_3,4,0.035
406,candidate_2,candidate_4,candidate_1,candidate_3,4,0.035
407,candidate_2,candidate_4,candidate_1,candidate_3,4,0.035
408,candidate_2,candidate_4,candidate_1,candidate_3,4,0.035
409,candidate_2,candidate_4,candidate_1,0,4,0.035
410,candidate_2,candidate_4,candidate_1,candidate_3,4,0.035
411,candidate_2,candidate_4,candidate_1,candidate_3,4,0.035
412,candidate_2,candidate_4,candidate_1,candidate_3,4,0.035
413,0,candidate_4,candidate_1,candidate_3,4,0.035
414,candidate_2,candidate_4,candidate_1,candidate_3,4,0.035
415,candidate_2,candidate_4,candidate_1,candidate_3,4,0.035
416,candidate_2,candidate_4,candidate_1,candidate_3,4,0.035
417,candidate_2,candidate_4,candidate_1,candidate_3,4,0.035
418,candidate_2,candidate_4,candidate_1,candidate_3,4,0.035
419,candidate_2,candidate_4,candidate_1,candidate_3,4,0.035
420,candidate_2,candidate_4,candidate_1,candidate_3,4,0.035
421,candidate_2,candidate_4,candidate_1,candidate_3,4,0.035
422,candidate_2,candidate_4,candidate_1,candidate_3,4,0.035
423,candidate_2,candidate_4,candidate_1,candidate_3,4,0.035
424,candidate_2,candidate_4,candidate_1,candidate_3,4,0.035
425,candidate_2,candidate_4,candidate_1,0,4,0.035
426,candidate_2,candidate_4,candidate_1,candidate_3,4,0.035
427,candidate_2,candidate_4,candidate_1,candidate_3,4,0.035
428,candidate_2,0,candidate_1,candidate_3,4,0.035
429,candidate_2,candidate_4,candidate_1,candidate_3,4,0.035
430,candidate_2,candidate_4,candidate_1,candidate_3,4,0.035
431,candidate_2,candidate_4,candidate_1,candidate_3,4,0.035
432,candidate_2,candidate_4,candidate_1,candidate_3,4,0.035
433,candidate_2,candidate_4,candidate_1,candidate_3,4,0.035
434,candidate_2,candidate_4,candidate_1,candidate_3,4,0.035
435,candidate_2,candidate_4,candidate_1,0,4,0.035
436,candidate_2,candidate_4,candidate_1,candidate_3,4,0.035
437,0,candidate_4,candidate_1,candidate_3,4,0.035
438,candidate_2,candidate_4,candidate_1,candidate_3,4,0.035
439,candidate_2,candidate_4,candidate_1,candidate_3,4,0.035
440,candidate_2,candidate_4,candidate_1,candidate_3,4,0.035
441,candidate_2,candidate_4,candidate_1,candidate_3,4,0.035
442,candidate_2,candidate_4,candidate_1,candidate_3,4,0.035
443,candidate_2,candidate_4,candidate_1,candidate_3,4,0.035
444,candidate_2,candidate_4,candidate_1,candidate_3,4,0.035
445,candidate_2,candidate_4,candidate_1,candidate_3,4,0.035
446,candidate_2,candidate_4,candidate_1,candidate_3,4,0.035
447,candidate_2,candidate_4,0,candidate_3,4,0.035
448,candidate_2,candidate_4,candidate_1,candidate_3,4,0.035
449,0,candidate_4,candidate_1,candidate_3,4,0.035
450,candidate_2,candidate_4,candidate_1,candidate_3,4,0.035
451,candidate_2,candidate_4,candidate_1,candidate_3,4,0.035
452,candidate_2,candidate_4,candidate_1,candidate_3,4,0.035
453,candidate_2,candidate_4,candidate_1,candidate_3,4,0.035
454,candidate_2,0,candidate_1,candidate_3,4,0.035
0,candidate_2,candidate_4,candidate_3,candidate_1,4,0.035
1,candidate_2,candidate_4,candidate_3,candidate_1,4,0.035
2,candidate_2,candidate_4,candidate_3,candidate_1,4,0.035
3,candidate_2,candidate_4,candidate_3,candidate_1,4,0.035
4,candidate_2,candidate_4,candidate_3,candidate_1,4,0.035
5,candidate_2,candidate_4,candidate_3,candidate_1,4,0.035
6,candidate_2,candidate_4,candidate_3,candidate_1,4,0.035
7,candidate_2,candidate_4,candidate_3,candidate_1,4,0.035
8,candidate_2,candidate_4,candidate_3,candidate_1,4,0.035
9,candidate_2,candidate_4,candidate_3,candidate_1,4,0.035
10,candidate_2,candidate_4,candidate_3,candidate_1,4,0.035
11,candidate_2,candidate_4,candidate_3,candidate_1,4,0.035
12,candidate_2,candidate_4,candidate_3,candidate_1,4,0.035
13,candidate_2,candidate_4,candidate_3,candidate_1,4,0.035
14,candidate_2,candidate_4,candidate_3,candidate_1,4,0.035
15,candidate_2,candidate_4,candidate_3,candidate_1,4,0.035
16,candidate_2,candidate_4,candidate_3,candidate_1,4,0.035
17,candidate_2,candidate_4,candidate_3,candidate_1,4,0.035
18,candidate_2,candidate_4,candidate_3,candidate_1,4,0.035
19,candidate_2,candidate_4,candidate_3,candidate_1,4,0.035
20,candidate_2,candidate_4,candidate_3,candidate_1,4,0.035
21,candidate_2,candidate_4,candidate_3,candidate_1,4,0.035
22,candidate_2,candidate_4,candidate_3,candidate_1,4,0.035
23,candidate_2,candidate_4,candidate_3,candidate_1,4,0.035
24,candidate_2,candidate_4,candidate_3,candidate_1,4,0.035
25,candidate_2,candidate_4,candidate_3,0,4,0.035
26,candidate_2,candidate_4,candidate_3,candidate_1,4,0.035
27,candidate_2,candidate_4,candidate_3,candidate_1,4,0.035
28,candidate_2,candidate_4,candidate_3,candidate_1,4,0.035
29,candidate_2,candidate_4,candidate_3,candidate_1,4,0.035
30,candidate_2,candidate_4,candidate_3,candidate_1,4,0.035
31,candidate_2,candidate_4,candidate_3,candidate_1,4,0.035
32,candidate_2,0,candidate_3,candidate_1,4,0.035
33,candidate_2,candidate_4,candidate_3,candidate_1,4,0.035
34,candidate_2,candidate_4,candidate_3,candidate_1,4,0.035
35,candidate_2,candidate_4,candidate_3,candidate_1,4,0.035
36,candidate_2,candidate_4,0,candidate_1,4,0.035
37,candidate_2,candidate_4,candidate_3,candidate_1,4,0.035
38,candidate_2,candidate_4,candidate_3,candidate_1,4,0.035
39,candidate_2,candidate_4,candidate_3,0,4,0.035
40,candidate_2,candidate_4,candidate_3,candidate_1,4,0.035
41,candidate_2,candidate_4,candidate_3,candidate_1,4,0.035
42,candidate_2,candidate_4,candidate_3,candidate_1,4,0.035
43,candidate_2,candidate_4,candidate_3,candidate_1,4,0.035
44,candidate_2,candidate_4,candidate_3,candidate_1,4,0.035
45,candidate_2,candidate_4,candidate_3,candidate_1,4,0.035
46,candidate_2,candidate_4,candidate_3,candidate_1,4,0.035
47,candidate_2,candidate_4,candidate_3,candidate_1,4,0.035
48,candidate_2,candidate_4,candidate_3,candidate_1,4,0.035
49,candidate_2,candidate_4,candidate_3,candidate_1,4,0.035
50,candidate_2,candidate_4,candidate_3,candidate_1,4,0.035
51,candidate_2,candidate_4,candidate_3,candidate_1,4,0.035
52,candidate_2,0,candidate_3,candidate_1,4,0.035
53,candidate_2,candidate_4,candidate_3,candidate_1,4,0.035
54,candidate_2,candidate_4,candidate_3,candidate_1,4,0.035
55,candidate_2,candidate_4,candidate_3,candidate_1,4,0.035
56,candidate_2,candidate_4,candidate_3,candidate_1,4,0.035
57,candidate_2,candidate_4,candidate_3,candidate_1,4,0.035
58,candidate_2,candidate_4,candidate_3,candidate_1,4,0.035
59,candidate_2,candidate_4,candidate_3,candidate_1,4,0.035
60,candidate_2,candidate_4,candidate_3,candidate_1,4,0.035
61,candidate_2,candidate_4,candidate_3,candidate_1,4,0.035
62,candidate_2,0,candidate_3,candidate_1,4,0.035
63,candidate_2,candidate_4,candidate_3,candidate_1,4,0.035
64,candidate_2,candidate_4,candidate_3,candidate_1,4,0.035
65,candidate_2,candidate_4,candidate_3,candidate_1,4,0.035
66,candidate_2,candidate_4,0,candidate_1,4,0.035
67,candidate_2,candidate_4,candidate_3,candidate_1,4,0.035
68,candidate_2,candidate_4,candidate_3,candidate_1,4,0.035
69,candidate_2,candidate_4,candidate_3,candidate_1,4,0.035
70,candidate_2,candidate_4,candidate_3,candidate_1,4,0.035
71,candidate_2,candidate_4,candidate_3,candidate_1,4,0.035
72,candidate_2,candidate_4,candidate_3,candidate_1,4,0.035
73,candidate_2,candidate_4,candidate_3,candidate_1,4,0.035
74,candidate_2,candidate_4,candidate_3,candidate_1,4,0.035
75,candidate_2,candidate_4,candidate_3,candidate_1,4,0.035
76,candidate_2,0,candidate_3,candidate_1,4,0.035
77,candidate_2,candidate_4,candidate_3,candidate_1,4,0.035
78,candidate_2,candidate_4,candidate_3,candidate_1,4,0.035
79,candidate_2,candidate_4,candidate_3,candidate_1,4,0.035
80,candidate_2,candidate_4,candidate_3,candidate_1,4,0.035
81,candidate_2,candidate_4,candidate_3,candidate_1,4,0.035
82,candidate_2,candidate_4,candidate_3,candidate_1,4,0.035
83,0,candidate_4,candidate_3,candidate_1,4,0.035
84,candidate_2,candidate_4,candidate_3,candidate_1,4,0.035
85,candidate_2,candidate_4,candidate_3,candidate_1,4,0.035
86,candidate_2,candidate_4,candidate_3,candidate_1,4,0.035
87,candidate_2,candidate_4,candidate_3,candidate_1,4,0.035
88,candidate_2,candidate_4,candidate_3,candidate_1,4,0.035
89,candidate_2,candidate_4,candidate_3,candidate_1,4,0.035
90,candidate_2,candidate_4,candidate_3,candidate_1,4,0.035
91,candidate_2,candidate_4,candidate_3,candidate_1,4,0.035
92,candidate_2,candidate_4,candidate_3,candidate_1,4,0.035
93,candidate_2,candidate_4,candidate_3,candidate_1,4,0.035
94,candidate_2,candidate_4,0,candidate_1,4,0.035
95,candidate_2,candidate_4,candidate_3,candidate_1,4,0.035
96,candidate_2,candidate_4,candidate_3,candidate_1,4,0.035
97,candidate_2,candidate_4,candidate_3,candidate_1,4,0.035
98,0,candidate_4,candidate_3,candidate_1,4,0.035
99,candidate_2,candidate_4,candidate_3,candidate_1,4,0.035
100,candidate_2,candidate_4,candidate_3,candidate_1,4,0.035
101,candidate_2,candidate_4,candidate_3,candidate_1,4,0.035
102,candidate_2,candidate_4,candidate_3,0,4,0.035
103,candidate_2,candidate_4,candidate_3,candidate_1,4,0.035
104,candidate_2,candidate_4,candidate_3,candidate_1,4,0.035
105,candidate_2,candidate_4,candidate_3,candidate_1,4,0.035
106,candidate_2,candidate_4,candidate_3,candidate_1,4,0.035
107,candidate_2,candidate_4,candidate_3,candidate_1,4,0.035
108,candidate_2,candidate_4,candidate_3,candidate_1,4,0.035
109,candidate_2,candidate_4,candidate_3,candidate_1,4,0.035
110,candidate_2,candidate_4,candidate_3,candidate_1,4,0.035
111,candidate_2,candidate_4,candidate_3,candidate_1,4,0.035
112,candidate_2,candidate_4,candidate_3,candidate_1,4,0.035
113,candidate_2,0,candidate_3,candidate_1,4,0.035
114,candidate_2,candidate_4,candidate_3,candidate_1,4,0.035
115,candidate_2,candidate_4,candidate_3,candidate_1,4,0.035
116,candidate_2,candidate_4,candidate_3,candidate_1,4,0.035
117,candidate_2,candidate_4,candidate_3,candidate_1,4,0.035
118,candidate_2,candidate_4,candidate_3,candidate_1,4,0.035
119,candidate_2,candidate_4,candidate_3,candidate_1,4,0.035
120,candidate_2,candidate_4,candidate_3,candidate_1,4,0.035
121,candidate_2,candidate_4,candidate_3,candidate_1,4,0.035
122,candidate_2,candidate_4,candidate_3,candidate_1,4,0.035
123,candidate_2,candidate_4,candidate_3,candidate_1,4,0.035
124,candidate_2,candidate_4,candidate_3,candidate_1,4,0.035
125,candidate_2,candidate_4,candidate_3,candidate_1,4,0.035
126,candidate_2,candidate_4,candidate_3,candidate_1,4,0.035
127,candidate_2,candidate_4,candidate_3,candidate_1,4,0.035
128,candidate_2,candidate_4,candidate_3,candidate_1,4,0.035
129,candidate_2,candidate_4,candidate_3,candidate_1,4,0.035
130,candidate_2,candidate_4,candidate_3,candidate_1,4,0.035
131,candidate_2,candidate_4,candidate_3,candidate_1,4,0.035
132,candidate_2,candidate_4,candidate_3,candidate_1,4,0.035
133,candidate_2,candidate_4,candidate_3,0,4,0.035
134,candidate_2,candidate_4,candidate_3,candidate_1,4,0.035
135,candidate_2,candidate_4,candidate_3,candidate_1,4,0.035
136,candidate_2,candidate_4,candidate_3,candidate_1,4,0.035
137,0,candidate_4,candidate_3,candidate_1,4,0.035
138,candidate_2,candidate_4,candidate_3,candidate_1,4,0.035
139,candidate_2,candidate_4,candidate_3,candidate_1,4,0.035
140,candidate_2,candidate_4,candidate_3,candidate_1,4,0.035
0,candidate_3,candidate_1,candidate_2,candidate_4,4,0.035
1,candidate_3,candidate_1,candidate_2,candidate_4,4,0.035
2,candidate_3,candidate_1,candidate_2,candidate_4,4,0.035
3,candidate_3,candidate_1,candidate_2,candidate_4,4,0.035
4,candidate_3,candidate_1,candidate_2,candidate_4,4,0.035
5,candidate_3,candidate_1,candidate_2,candidate_4,4,0.035
6,candidate_3,candidate_1,candidate_2,candidate_4,4,0.035
7,candidate_3,candidate_1,candidate_2,candidate_4,4,0.035
8,candidate_3,candidate_1,candidate_2,candidate_4,4,0.035
9,candidate_3,candidate_1,candidate_2,candidate_4,4,0.035
10,candidate_3,candidate_1,candidate_2,candidate_4,4,0.035
11,candidate_3,candidate_1,0,candidate_4,4,0.035
12,candidate_3,candidate_1,candidate_2,candidate_4,4,0.035
13,candidate_3,candidate_1,candidate_2,candidate_4,4,0.035
14,candidate_3,candidate_1,candidate_2,candidate_4,4,0.035
15,candidate_3,candidate_1,candidate_2,candidate_4,4,0.035
16,candidate_3,candidate_1,candidate_2,candidate_4,4,0.035
17,candidate_3,candidate_1,candidate_2,candidate_4,4,0.035
18,candidate_3,candidate_1,candidate_2,candidate_4,4,0.035
19,candidate_3,candidate_1,candidate_2,candidate_4,4,0.035
20,candidate_3,candidate_1,candidate_2,candidate_4,4,0.035
21,candidate_3,candidate_1,candidate_2,candidate_4,4,0.035
22,candidate_3,candidate_1,candidate_2,candidate_4,4,0.035
23,candidate_3,candidate_1,candidate_2,candidate_4,4,0.035
24,candidate_3,candidate_1,candidate_2,candidate_4,4,0.035
25,candidate_3,candidate_1,candidate_2,candidate_4,4,0.035
26,candidate_3,candidate_1,candidate_2,candidate_4,4,0.035
27,candidate_3,candidate_1,candidate_2,candidate_4,4,0.035
28,candidate_3,candidate_1,candidate_2,candidate_4,4,0.035
29,candidate_3,candidate_1,candidate_2,candidate_4,4,0.035
30,candidate_3,candidate_1,candidate_2,candidate_4,4,0.035
31,candidate_3,candidate_1,candidate_2,candidate_4,4,0.035
32,candidate_3,candidate_1,candidate_2,candidate_4,4,0.035
33,candidate_3,candidate_1,candidate_2,candidate_4,4,0.035
34,candidate_3,candidate_1,candidate_2,candidate_4,4,0.035
35,candidate_3,candidate_1,candidate_2,candidate_4,4,0.035
36,candidate_3,candidate_1,candidate_2,candidate_4,4,0.035
37,candidate_3,candidate_1,candidate_2,candidate_4,4,0.035
38,candidate_3,candidate_1,candidate_2,candidate_4,4,0.035
39,candidate_3,candidate_1,candidate_2,candidate_4,4,0.035
40,candidate_3,candidate_1,candidate_2,candidate_4,4,0.035
41,candidate_3,candidate_1,candidate_2,candidate_4,4,0.035
42,candidate_3,candidate_1,candidate_2,candidate_4,4,0.035
43,candidate_3,0,candidate_2,candidate_4,4,0.035
44,candidate_3,candidate_1,candidate_2,candidate_4,4,0.035
45,candidate_3,candidate_1,candidate_2,candidate_4,4,0.035
46,candidate_3,candidate_1,candidate_2,candidate_4,4,0.035
47,candidate_3,0,candidate_2,candidate_4,4,0.035
48,candidate_3,candidate_1,candidate_2,candidate_4,4,0.035
49,candidate_3,candidate_1,0,candidate_4,4,0.035
50,candidate_3,candidate_1,candidate_2,candidate_4,4,0.035
51,candidate_3,candidate_1,candidate_2,candidate_4,4,0.035
52,candidate_3,candidate_1,candidate_2,candidate_4,4,0.035
53,candidate_3,candidate_1,candidate_2,candidate_4,4,0.035
54,candidate_3,candidate_1,candidate_2,candidate_4,4,0.035
55,candidate_3,0,candidate_2,candidate_4,4,0.035
56,candidate_3,candidate_1,candidate_2,candidate_4,4,0.035
57,candidate_3,candidate_1,candidate_2,0,4,0.035
58,candidate_3,candidate_1,candidate_2,candidate_4,4,0.035
59,candidate_3,candidate_1,candidate_2,candidate_4,4,0.035
60,0,candidate_1,candidate_2,candidate_4,4,0.035
61,0,candidate_1,candidate_2,candidate_4,4,0.035
62,candidate_3,candidate_1,candidate_2,candidate_4,4,0.035
63,candidate_3,candidate_1,candidate_2,candidate_4,4,0.035
64,candidate_3,candidate_1,candidate_2,candidate_4,4,0.035
65,candidate_3,candidate_1,candidate_2,candidate_4,4,0.035
66,candidate_3,candidate_1,candidate_2,candidate_4,4,0.035
67,candidate_3,candidate_1,candidate_2,candidate_4,4,0.035
68,candidate_3,candidate_1,candidate_2,candidate_4,4,0.035
69,candidate_3,candidate_1,candidate_2,candidate_4,4,0.035
70,candidate_3,candidate_1,candidate_2,candidate_4,4,0.035
71,candidate_3,candidate_1,candidate_2,candidate_4,4,0.035
72,candidate_3,candidate_1,candidate_2,candidate_4,4,0.035
73,candidate_3,candidate_1,candidate_2,candidate_4,4,0.035
74,candidate_3,candidate_1,candidate_2,candidate_4,4,0.035
75,candidate_3,candidate_1,candidate_2,candidate_4,4,0.035
76,candidate_3,candidate_1,candidate_2,candidate_4,4,0.035
77,candidate_3,candidate_1,candidate_2,candidate_4,4,0.035
78,candidate_3,candidate_1,candidate_2,candidate_4,4,0.035
79,candidate_3,candidate_1,candidate_2,candidate_4,4,0.035
80,candidate_3,candidate_1,candidate_2,candidate_4,4,0.035
81,candidate_3,candidate_1,candidate_2,0,4,0.035
82,candidate_3,candidate_1,candidate_2,candidate_4,4,0.035
83,candidate_3,candidate_1,candidate_2,candidate_4,4,0.035
84,candidate_3,candidate_1,candidate_2,candidate_4,4,0.035
85,candidate_3,candidate_1,candidate_2,candidate_4,4,0.035
86,candidate_3,candidate_1,candidate_2,candidate_4,4,0.035
87,candidate_3,candidate_1,candidate_2,candidate_4,4,0.035
88,candidate_3,candidate_1,candidate_2,candidate_4,4,0.035
89,candidate_3,candidate_1,candidate_2,candidate_4,4,0.035
90,candidate_3,candidate_1,candidate_2,candidate_4,4,0.035
91,candidate_3,candidate_1,candidate_2,candidate_4,4,0.035
92,candidate_3,candidate_1,candidate_2,candidate_4,4,0.035
93,candidate_3,candidate_1,candidate_2,candidate_4,4,0.035
94,candidate_3,candidate_1,candidate_2,candidate_4,4,0.035
95,candidate_3,candidate_1,candidate_2,candidate_4,4,0.035
96,candidate_3,candidate_1,candidate_2,candidate_4,4,0.035
97,candidate_3,candidate_1,candidate_2,candidate_4,4,0.035
98,candidate_3,candidate_1,candidate_2,0,4,0.035
99,candidate_3,candidate_1,candidate_2,candidate_4,4,0.035
100,candidate_3,candidate_1,candidate_2,candidate_4,4,0.035
101,candidate_3,candidate_1,candidate_2,candidate_4,4,0.035
102,candidate_3,candidate_1,candidate_2,candidate_4,4,0.035
103,candidate_3,candidate_1,candidate_2,candidate_4,4,0.035
104,candidate_3,0,candidate_2,candidate_4,4,0.035
105,candidate_3,candidate_1,candidate_2,0,4,0.035
106,candidate_3,candidate_1,0,candidate_4,4,0.035
107,candidate_3,candidate_1,candidate_2,candidate_4,4,0.035
108,candidate_3,candidate_1,candidate_2,candidate_4,4,0.035
109,0,candidate_1,candidate_2,candidate_4,4,0.035
110,candidate_3,candidate_1,candidate_2,candidate_4,4,0.035
111,candidate_3,candidate_1,candidate_2,candidate_4,4,0.035
112,candidate_3,candidate_1,candidate_2,candidate_4,4,0.035
113,candidate_3,candidate_1,candidate_2,candidate_4,4,0.035
114,candidate_3,candidate_1,candidate_2,candidate_4,4,0.035
115,candidate_3,candidate_1,candidate_2,candidate_4,4,0.035
116,candidate_3,candidate_1,candidate_2,candidate_4,4,0.035
117,candidate_3,candidate_1,candidate_2,candidate_4,4,0.035
118,candidate_3,candidate_1,candidate_2,0,4,0.035
119,candidate_3,candidate_1,candidate_2,candidate_4,4,0.035
120,candidate_3,candidate_1,candidate_2,candidate_4,4,0.035
121,candidate_3,candidate_1,candidate_2,candidate_4,4,0.035
122,candidate_3,0,candidate_2,candidate_4,4,0.035
123,candidate_3,candidate_1,candidate_2,candidate_4,4,0.035
124,candidate_3,candidate_1,candidate_2,candidate_4,4,0.035
125,candidate_3,candidate_1,candidate_2,candidate_4,4,0.035
126,candidate_3,candidate_1,candidate_2,candidate_4,4,0.035
127,candidate_3,candidate_1,candidate_2,candidate_4,4,0.035
128,candidate_3,candidate_1,candidate_2,candidate_4,4,0.035
129,candidate_3,candidate_1,candidate_2,candidate_4,4,0.035
130,candidate_3,candidate_1,candidate_2,candidate_4,4,0.035
131,candidate_3,candidate_1,candidate_2,candidate_4,4,0.035
132,candidate_3,candidate_1,candidate_2,candidate_4,4,0.035
133,candidate_3,candidate_1,candidate_2,candidate_4,4,0.035
134,0,candidate_1,candidate_2,candidate_4,4,0.035
135,candidate_3,candidate_1,candidate_2,candidate_4,4,0.035
136,candidate_3,candidate_1,candidate_2,candidate_4,4,0.035
137,candidate_3,candidate_1,candidate_2,candidate_4,4,0.035
138,candidate_3,0,candidate_2,candidate_4,4,0.035
139,candidate_3,candidate_1,candidate_2,candidate_4,4,0.035
140,candidate_3,candidate_1,candidate_2,candidate_4,4,0.035
141,candidate_3,candidate_1,candidate_2,candidate_4,4,0.035
142,candidate_3,candidate_1,candidate_2,candidate_4,4,0.035
143,candidate_3,candidate_1,candidate_2,candidate_4,4,0.035
144,candidate_3,candidate_1,candidate_2,candidate_4,4,0.035
145,candidate_3,candidate_1,candidate_2,candidate_4,4,0.035
146,candidate_3,candidate_1,candidate_2,candidate_4,4,0.035
147,candidate_3,candidate_1,candidate_2,candidate_4,4,0.035
148,candidate_3,candidate_1,candidate_2,candidate_4,4,0.035
149,candidate_3,candidate_1,candidate_2,candidate_4,4,0.035
150,candidate_3,candidate_1,candidate_2,candidate_4,4,0.035
151,candidate_3,candidate_1,candidate_2,candidate_4,4,0.035
152,candidate_3,candidate_1,candidate_2,candidate_4,4,0.035
153,candidate_3,candidate_1,candidate_2,candidate_4,4,0.035
154,0,candidate_1,candidate_2,candidate_4,4,0.035
155,candidate_3,0,candidate_2,candidate_4,4,0.035
156,candidate_3,candidate_1,candidate_2,candidate_4,4,0.035
157,candidate_3,candidate_1,candidate_2,candidate_4,4,0.035
158,candidate_3,candidate_1,candidate_2,candidate_4,4,0.035
159,candidate_3,candidate_1,candidate_2,candidate_4,4,0.035
160,candidate_3,candidate_1,candidate_2,candidate_4,4,0.035
161,candidate_3,candidate_1,candidate_2,candidate_4,4,0.035
162,candidate_3,candidate_1,candidate_2,candidate_4,4,0.035
163,candidate_3,candidate_1,candidate_2,candidate_4,4,0.035
164,candidate_3,candidate_1,candidate_2,candidate_4,4,0.035
165,candidate_3,candidate_1,candidate_2,candidate_4,4,0.035
166,candidate_3,candidate_1,candidate_2,candidate_4,4,0.035
167,candidate_3,candidate_1,candidate_2,candidate_4,4,0.035
168,candidate_3,candidate_1,candidate_2,candidate_4,4,0.035
169,candidate_3,candidate_1,candidate_2,candidate_4,4,0.035
170,candidate_3,candidate_1,candidate_2,candidate_4,4,0.035
171,candidate_3,candidate_1,candidate_2,candidate_4,4,0.035
172,candidate_3,candidate_1,candidate_2,candidate_4,4,0.035
173,candidate_3,candidate_1,candidate_2,candidate_4,4,0.035
174,candidate_3,candidate_1,candidate_2,candidate_4,4,0.035
175,candidate_3,candidate_1,candidate_2,candidate_4,4,0.035
176,candidate_3,candidate_1,candidate_2,candidate_4,4,0.035
177,candidate_3,candidate_1,candidate_2,0,4,0.035
178,candidate_3,candidate_1,candidate_2,candidate_4,4,0.035
179,candidate_3,candidate_1,candidate_2,candidate_4,4,0.035
180,candidate_3,candidate_1,candidate_2,candidate_4,4,0.035
181,candidate_3,candidate_1,candidate_2,candidate_4,4,0.035
182,candidate_3,candidate_1,candidate_2,candidate_4,4,0.035
183,candidate_3,candidate_1,candidate_2,candidate_4,4,0.035
184,candidate_3,candidate_1,candidate_2,candidate_4,4,0.035
185,candidate_3,candidate_1,candidate_2,candidate_4,4,0.035
186,0,candidate_1,candidate_2,candidate_4,4,0.035
187,candidate_3,candidate_1,candidate_2,candidate_4,4,0.035
188,candidate_3,candidate_1,candidate_2,candidate_4,4,0.035
189,candidate_3,candidate_1,candidate_2,candidate_4,4,0.035
190,candidate_3,candidate_1,candidate_2,candidate_4,4,0.035
191,candidate_3,candidate_1,candidate_2,candidate_4,4,0.035
192,candidate_3,candidate_1,candidate_2,candidate_4,4,0.035
193,candidate_3,candidate_1,candidate_2,0,4,0.035
194,candidate_3,candidate_1,candidate_2,candidate_4,4,0.035
195,candidate_3,candidate_1,candidate_2,candidate_4,4,0.035
196,candidate_3,candidate_1,candidate_2,candidate_4,4,0.035
197,candidate_3,candidate_1,candidate_2,candidate_4,4,0.035
198,candidate_3,candidate_1,candidate_2,candidate_4,4,0.035
199,candidate_3,candidate_1,candidate_2,candidate_4,4,0.035
200,candidate_3,candidate_1,candidate_2,candidate_4,4,0.035
201,candidate_3,candidate_1,candidate_2,candidate_4,4,0.035
202,candidate_3,candidate_1,candidate_2,candidate_4,4,0.035
203,candidate_3,candidate_1,candidate_2,candidate_4,4,0.035
204,candidate_3,candidate_1,candidate_2,candidate_4,4,0.035
205,candidate_3,candidate_1,candidate_2,candidate_4,4,0.035
206,candidate_3,candidate_1,candidate_2,candidate_4,4,0.035
207,candidate_3,candidate_1,candidate_2,candidate_4,4,0.035
208,candidate_3,candidate_1,candidate_2,candidate_4,4,0.035
209,candidate_3,candidate_1,candidate_2,candidate_4,4,0.035
210,candidate_3,candidate_1,candidate_2,candidate_4,4,0.035
211,candidate_3,candidate_1,candidate_2,candidate_4,4,0.035
212,candidate_3,candidate_1,candidate_2,candidate_4,4,0.035
213,candidate_3,candidate_1,0,candidate_4,4,0.035
214,candidate_3,candidate_1,candidate_2,candidate_4,4,0.035
215,candidate_3,candidate_1,candidate_2,candidate_4,4,0.035
216,candidate_3,candidate_1,candidate_2,candidate_4,4,0.035
217,candidate_3,candidate_1,candidate_2,candidate_4,4,0.035
218,candidate_3,candidate_1,candidate_2,candidate_4,4,0.035
219,candidate_3,candidate_1,candidate_2,candidate_4,4,0.035
220,candidate_3,candidate_1,candidate_2,candidate_4,4,0.035
221,candidate_3,candidate_1,candidate_2,candidate_4,4,0.035
222,candidate_3,candidate_1,candidate_2,0,4,0.035
223,candidate_3,candidate_1,candidate_2,candidate_4,4,0.035
224,candidate_3,candidate_1,candidate_2,candidate_4,4,0.035
225,candidate_3,candidate_1,candidate_2,candidate_4,4,0.035
226,candidate_3,candidate_1,candidate_2,candidate_4,4,0.035
227,candidate_3,candidate_1,candidate_2,candidate_4,4,0.035
228,candidate_3,0,candidate_2,candidate_4,4,0.035
229,candidate_3,candidate_1,candidate_2,candidate_4,4,0.035
230,0,candidate_1,candidate_2,candidate_4,4,0.035
231,candidate_3,candidate_1,candidate_2,candidate_4,4,0.035
232,candidate_3,candidate_1,candidate_2,candidate_4,4,0.035
233,candidate_3,candidate_1,candidate_2,candidate_4,4,0.035
234,candidate_3,candidate_1,candidate_2,candidate_4,4,0.035
235,candidate_3,candidate_1,candidate_2,candidate_4,4,0.035
236,candidate_3,candidate_1,candidate_2,candidate_4,4,0.035
237,0,candidate_1,candidate_2,candidate_4,4,0.035
238,candidate_3,candidate_1,candidate_2,candidate_4,4,0.035
239,candidate_3,candidate_1,candidate_2,candidate_4,4,0.035
240,candidate_3,candidate_1,candidate_2,candidate_4,4,0.035
241,candidate_3,candidate_1,candidate_2,candidate_4,4,0.035
242,candidate_3,candidate_1,candidate_2,candidate_4,4,0.035
243,candidate_3,candidate_1,candidate_2,candidate_4,4,0.035
244,candidate_3,candidate_1,candidate_2,candidate_4,4,0.035
245,candidate_3,candidate_1,candidate_2,candidate_4,4,0.035
246,candidate_3,candidate_1,candidate_2,candidate_4,4,0.035
247,candidate_3,candidate_1,candidate_2,candidate_4,4,0.035
248,candidate_3,candidate_1,candidate_2,candidate_4,4,0.035
249,candidate_3,candidate_1,candidate_2,candidate_4,4,0.035
250,candidate_3,candidate_1,candidate_2,candidate_4,4,0.035
251,candidate_3,candidate_1,0,candidate_4,4,0.035
252,candidate_3,candidate_1,candidate_2,candidate_4,4,0.035
253,candidate_3,candidate_1,candidate_2,candidate_4,4,0.035
254,candidate_3,candidate_1,candidate_2,candidate_4,4,0.035
255,candidate_3,candidate_1,candidate_2,candidate_4,4,0.035
256,candidate_3,candidate_1,candidate_2,candidate_4,4,0.035
257,candidate_3,candidate_1,candidate_2,candidate_4,4,0.035
258,candidate_3,candidate_1,candidate_2,candidate_4,4,0.035
0,candidate_3,candidate_1,candidate_4,candidate_2,4,0.035
1,candidate_3,candidate_1,candidate_4,candidate_2,4,0.035
2,candidate_3,candidate_1,candidate_4,candidate_2,4,0.035
3,candidate_3,candidate_1,candidate_4,candidate_2,4,0.035
4,candidate_3,candidate_1,candidate_4,candidate_2,4,0.035
5,candidate_3,candidate_1,candidate_4,0,4,0.035
6,candidate_3,candidate_1,candidate_4,candidate_2,4,0.035
7,candidate_3,candidate_1,candidate_4,candidate_2,4,0.035
8,candidate_3,candidate_1,candidate_4,candidate_2,4,0.035
9,candidate_3,candidate_1,candidate_4,candidate_2,4,0.035
10,candidate_3,candidate_1,candidate_4,candidate_2,4,0.035
11,candidate_3,candidate_1,candidate_4,candidate_2,4,0.035
12,candidate_3,candidate_1,candidate_4,candidate_2,4,0.035
13,candidate_3,candidate_1,candidate_4,candidate_2,4,0.035
14,candidate_3,candidate_1,candidate_4,candidate_2,4,0.035
15,candidate_3,candidate_1,candidate_4,candidate_2,4,0.035
16,candidate_3,candidate_1,candidate_4,candidate_2,4,0.035
17,candidate_3,candidate_1,candidate_4,candidate_2,4,0.035
18,candidate_3,candidate_1,candidate_4,candidate_2,4,0.035
19,candidate_3,candidate_1,candidate_4,candidate_2,4,0.035
20,candidate_3,0,candidate_4,candidate_2,4,0.035
21,candidate_3,candidate_1,candidate_4,candidate_2,4,0.035
22,candidate_3,candidate_1,candidate_4,candidate_2,4,0.035
23,candidate_3,candidate_1,candidate_4,candidate_2,4,0.035
24,candidate_3,candidate_1,candidate_4,candidate_2,4,0.035
25,candidate_3,candidate_1,candidate_4,candidate_2,4,0.035
26,candidate_3,candidate_1,candidate_4,candidate_2,4,0.035
27,candidate_3,candidate_1,candidate_4,candidate_2,4,0.035
28,0,candidate_1,candidate_4,candidate_2,4,0.035
29,candidate_3,candidate_1,candidate_4,candidate_2,4,0.035
30,candidate_3,candidate_1,candidate_4,candidate_2,4,0.035
31,candidate_3,candidate_1,candidate_4,candidate_2,4,0.035
32,candidate_3,candidate_1,candidate_4,candidate_2,4,0.035
33,candidate_3,candidate_1,candidate_4,candidate_2,4,0.035
34,candidate_3,candidate_1,candidate_4,candidate_2,4,0.035
35,candidate_3,candidate_1,candidate_4,candidate_2,4,0.035
36,candidate_3,candidate_1,candidate_4,0,4,0.035
37,candidate_3,candidate_1,candidate_4,candidate_2,4,0.035
38,candidate_3,candidate_1,candidate_4,candidate_2,4,0.035
39,candidate_3,candidate_1,candidate_4,candidate_2,4,0.035
40,candidate_3,candidate_1,candidate_4,candidate_2,4,0.035
41,candidate_3,candidate_1,candidate_4,0,4,0.035
42,candidate_3,candidate_1,candidate_4,candidate_2,4,0.035
43,candidate_3,0,candidate_4,candidate_2,4,0.035
44,candidate_3,candidate_1,candidate_4,candidate_2,4,0.035
45,0,candidate_1,candidate_4,candidate_2,4,0.035
46,candidate_3,candidate_1,candidate_4,candidate_2,4,0.035
47,candidate_3,candidate_1,0,0,4,0.035
48,candidate_3,candidate_1,candidate_4,candidate_2,4,0.035
49,candidate_3,candidate_1,candidate_4,candidate_2,4,0.035
50,candidate_3,candidate_1,candidate_4,candidate_2,4,0.035
51,candidate_3,candidate_1,candidate_4,candidate_2,4,0.035
52,candidate_3,candidate_1,candidate_4,candidate_2,4,0.035
53,candidate_3,candidate_1,candidate_4,0,4,0.035
54,candidate_3,candidate_1,candidate_4,candidate_2,4,0.035
55,candidate_3,candidate_1,candidate_4,candidate_2,4,0.035
56,candidate_3,candidate_1,candidate_4,candidate_2,4,0.035
57,candidate_3,candidate_1,candidate_4,candidate_2,4,0.035
58,candidate_3,candidate_1,0,candidate_2,4,0.035
59,candidate_3,candidate_1,candidate_4,candidate_2,4,0.035
60,candidate_3,candidate_1,candidate_4,candidate_2,4,0.035
61,candidate_3,candidate_1,candidate_4,candidate_2,4,0.035
62,candidate_3,candidate_1,candidate_4,candidate_2,4,0.035
63,candidate_3,candidate_1,candidate_4,candidate_2,4,0.035
64,candidate_3,candidate_1,candidate_4,candidate_2,4,0.035
65,candidate_3,candidate_1,candidate_4,candidate_2,4,0.035
66,candidate_3,candidate_1,candidate_4,candidate_2,4,0.035
67,candidate_3,candidate_1,candidate_4,candidate_2,4,0.035
68,candidate_3,candidate_1,candidate_4,candidate_2,4,0.035
69,candidate_3,candidate_1,candidate_4,candidate_2,4,0.035
70,candidate_3,candidate_1,candidate_4,candidate_2,4,0.035
71,candidate_3,candidate_1,candidate_4,candidate_2,4,0.035
72,candidate_3,candidate_1,candidate_4,candidate_2,4,0.035
73,candidate_3,candidate_1,candidate_4,candidate_2,4,0.035
74,candidate_3,candidate_1,candidate_4,candidate_2,4,0.035
75,candidate_3,candidate_1,candidate_4,candidate_2,4,0.035
76,candidate_3,candidate_1,candidate_4,candidate_2,4,0.035
77,candidate_3,candidate_1,candidate_4,candidate_2,4,0.035
78,candidate_3,candidate_1,candidate_4,candidate_2,4,0.035
79,candidate_3,candidate_1,candidate_4,candidate_2,4,0.035
80,candidate_3,candidate_1,candidate_4,candidate_2,4,0.035
81,candidate_3,candidate_1,candidate_4,candidate_2,4,0.035
82,candidate_3,candidate_1,candidate_4,candidate_2,4,0.035
83,candidate_3,candidate_1,candidate_4,candidate_2,4,0.035
84,candidate_3,candidate_1,candidate_4,candidate_2,4,0.035
85,candidate_3,candidate_1,candidate_4,candidate_2,4,0.035
86,candidate_3,0,candidate_4,0,4,0.035
87,candidate_3,candidate_1,candidate_4,candidate_2,4,0.035
88,candidate_3,candidate_1,candidate_4,candidate_2,4,0.035
89,candidate_3,candidate_1,candidate_4,candidate_2,4,0.035
90,candidate_3,candidate_1,candidate_4,candidate_2,4,0.035
91,candidate_3,candidate_1,candidate_4,candidate_2,4,0.035
92,candidate_3,candidate_1,candidate_4,candidate_2,4,0.035
93,candidate_3,candidate_1,candidate_4,0,4,0.035
94,candidate_3,candidate_1,candidate_4,candidate_2,4,0.035
95,candidate_3,candidate_1,candidate_4,candidate_2,4,0.035
96,candidate_3,candidate_1,candidate_4,candidate_2,4,0.035
97,candidate_3,candidate_1,candidate_4,candidate_2,4,0.035
98,candidate_3,candidate_1,candidate_4,candidate_2,4,0.035
99,candidate_3,candidate_1,candidate_4,candidate_2,4,0.035
100,candidate_3,candidate_1,candidate_4,candidate_2,4,0.035
101,candidate_3,candidate_1,candidate_4,candidate_2,4,0.035
102,candidate_3,candidate_1,candidate_4,candidate_2,4,0.035
103,candidate_3,candidate_1,candidate_4,candidate_2,4,0.035
104,candidate_3,candidate_1,candidate_4,candidate_2,4,0.035
105,candidate_3,candidate_1,candidate_4,candidate_2,4,0.035
106,candidate_3,candidate_1,candidate_4,candidate_2,4,0.035
107,candidate_3,candidate_1,candidate_4,candidate_2,4,0.035
108,candidate_3,0,candidate_4,candidate_2,4,0.035
109,candidate_3,candidate_1,candidate_4,candidate_2,4,0.035
110,candidate_3,candidate_1,candidate_4,candidate_2,4,0.035
111,candidate_3,candidate_1,candidate_4,candidate_2,4,0.035
112,candidate_3,candidate_1,candidate_4,candidate_2,4,0.035
113,candidate_3,candidate_1,candidate_4,candidate_2,4,0.035
114,0,candidate_1,candidate_4,candidate_2,4,0.035
115,candidate_3,candidate_1,candidate_4,candidate_2,4,0.035
116,0,candidate_1,candidate_4,candidate_2,4,0.035
117,candidate_3,candidate_1,candidate_4,candidate_2,4,0.035
118,candidate_3,candidate_1,candidate_4,candidate_2,4,0.035
119,candidate_3,candidate_1,candidate_4,candidate_2,4,0.035
120,candidate_3,candidate_1,candidate_4,candidate_2,4,0.035
121,candidate_3,candidate_1,candidate_4,candidate_2,4,0.035
122,candidate_3,candidate_1,candidate_4,candidate_2,4,0.035
123,candidate_3,candidate_1,candidate_4,candidate_2,4,0.035
124,candidate_3,candidate_1,candidate_4,candidate_2,4,0.035
125,candidate_3,0,candidate_4,candidate_2,4,0.035
126,candidate_3,candidate_1,candidate_4,0,4,0.035
127,candidate_3,candidate_1,candidate_4,candidate_2,4,0.035
128,candidate_3,candidate_1,candidate_4,candidate_2,4,0.035
129,candidate_3,candidate_1,candidate_4,candidate_2,4,0.035
130,candidate_3,candidate_1,candidate_4,candidate_2,4,0.035
131,candidate_3,candidate_1,candidate_4,candidate_2,4,0.035
132,candidate_3,0,candidate_4,0,4,0.035
133,candidate_3,candidate_1,candidate_4,candidate_2,4,0.035
134,candidate_3,candidate_1,candidate_4,candidate_2,4,0.035
135,candidate_3,candidate_1,candidate_4,candidate_2,4,0.035
136,0,candidate_1,candidate_4,candidate_2,4,0.035
137,candidate_3,candidate_1,candidate_4,candidate_2,4,0.035
138,candidate_3,candidate_1,candidate_4,candidate_2,4,0.035
139,candidate_3,candidate_1,candidate_4,candidate_2,4,0.035
140,candidate_3,candidate_1,candidate_4,candidate_2,4,0.035
141,candidate_3,candidate_1,candidate_4,candidate_2,4,0.035
142,candidate_3,candidate_1,candidate_4,0,4,0.035
143,candidate_3,candidate_1,0,candidate_2,4,0.035
144,candidate_3,candidate_1,candidate_4,candidate_2,4,0.035
145,candidate_3,candidate_1,candidate_4,candidate_2,4,0.035
146,candidate_3,candidate_1,candidate_4,candidate_2,4,0.035
147,candidate_3,candidate_1,candidate_4,candidate_2,4,0.035
148,candidate_3,candidate_1,candidate_4,0,4,0.035
149,candidate_3,candidate_1,candidate_4,candidate_2,4,0.035
150,candidate_3,candidate_1,candidate_4,candidate_2,4,0.035
151,candidate_3,candidate_1,candidate_4,candidate_2,4,0.035
152,candidate_3,candidate_1,candidate_4,candidate_2,4,0.035
153,candidate_3,candidate_1,candidate_4,candidate_2,4,0.035
154,candidate_3,candidate_1,candidate_4,0,4,0.035
155,candidate_3,candidate_1,candidate_4,candidate_2,4,0.035
156,candidate_3,candidate_1,candidate_4,candidate_2,4,0.035
157,candidate_3,candidate_1,candidate_4,candidate_2,4,0.035
158,candidate_3,candidate_1,candidate_4,candidate_2,4,0.035
159,candidate_3,candidate_1,candidate_4,candidate_2,4,0.035
160,candidate_3,candidate_1,candidate_4,candidate_2,4,0.035
161,candidate_3,candidate_1,candidate_4,candidate_2,4,0.035
162,candidate_3,candidate_1,candidate_4,candidate_2,4,0.035
163,candidate_3,candidate_1,candidate_4,candidate_2,4,0.035
164,candidate_3,candidate_1,candidate_4,candidate_2,4,0.035
165,candidate_3,candidate_1,candidate_4,candidate_2,4,0.035
166,candidate_3,candidate_1,candidate_4,candidate_2,4,0.035
167,candidate_3,candidate_1,candidate_4,candidate_2,4,0.035
168,candidate_3,candidate_1,candidate_4,candidate_2,4,0.035
169,candidate_3,0,candidate_4,candidate_2,4,0.035
170,candidate_3,candidate_1,candidate_4,candidate_2,4,0.035
171,candidate_3,candidate_1,candidate_4,candidate_2,4,0.035
172,candidate_3,candidate_1,candidate_4,candidate_2,4,0.035
173,candidate_3,candidate_1,candidate_4,candidate_2,4,0.035
174,candidate_3,candidate_1,candidate_4,candidate_2,4,0.035
175,candidate_3,candidate_1,candidate_4,candidate_2,4,0.035
176,candidate_3,candidate_1,candidate_4,candidate_2,4,0.035
177,candidate_3,0,candidate_4,candidate_2,4,0.035
178,candidate_3,candidate_1,candidate_4,candidate_2,4,0.035
179,candidate_3,candidate_1,candidate_4,candidate_2,4,0.035
180,candidate_3,candidate_1,candidate_4,candidate_2,4,0.035
181,candidate_3,candidate_1,candidate_4,candidate_2,4,0.035
182,candidate_3,candidate_1,candidate_4,candidate_2,4,0.035
183,candidate_3,candidate_1,candidate_4,candidate_2,4,0.035
184,candidate_3,candidate_1,candidate_4,candidate_2,4,0.035
185,candidate_3,candidate_1,candidate_4,candidate_2,4,0.035
186,candidate_3,candidate_1,candidate_4,candidate_2,4,0.035
187,candidate_3,candidate_1,candidate_4,0,4,0.035
188,candidate_3,candidate_1,candidate_4,0,4,0.035
189,candidate_3,candidate_1,candidate_4,candidate_2,4,0.035
190,candidate_3,candidate_1,candidate_4,candidate_2,4,0.035
191,candidate_3,candidate_1,candidate_4,candidate_2,4,0.035
192,candidate_3,candidate_1,candidate_4,candidate_2,4,0.035
193,candidate_3,0,candidate_4,candidate_2,4,0.035
194,candidate_3,candidate_1,candidate_4,candidate_2,4,0.035
195,candidate_3,candidate_1,candidate_4,candidate_2,4,0.035
196,candidate_3,candidate_1,candidate_4,candidate_2,4,0.035
197,candidate_3,candidate_1,candidate_4,candidate_2,4,0.035
198,candidate_3,candidate_1,candidate_4,candidate_2,4,0.035
199,candidate_3,candidate_1,0,candidate_2,4,0.035
200,candidate_3,candidate_1,candidate_4,candidate_2,4,0.035
201,candidate_3,candidate_1,candidate_4,0,4,0.035
202,candidate_3,candidate_1,candidate_4,candidate_2,4,0.035
203,candidate_3,candidate_1,candidate_4,candidate_2,4,0.035
204,candidate_3,candidate_1,candidate_4,candidate_2,4,0.035
205,candidate_3,candidate_1,candidate_4,candidate_2,4,0.035
206,candidate_3,candidate_1,candidate_4,candidate_2,4,0.035
207,candidate_3,candidate_1,candidate_4,candidate_2,4,0.035
208,candidate_3,candidate_1,candidate_4,candidate_2,4,0.035
209,candidate_3,candidate_1,candidate_4,candidate_2,4,0.035
210,candidate_3,candidate_1,candidate_4,candidate_2,4,0.035
211,candidate_3,candidate_1,candidate_4,candidate_2,4,0.035
212,candidate_3,candidate_1,candidate_4,candidate_2,4,0.035
213,candidate_3,candidate_1,candidate_4,candidate_2,4,0.035
214,candidate_3,candidate_1,candidate_4,candidate_2,4,0.035
215,candidate_3,candidate_1,candidate_4,candidate_2,4,0.035
216,candidate_3,candidate_1,candidate_4,candidate_2,4,0.035
217,candidate_3,candidate_1,candidate_4,candidate_2,4,0.035
218,candidate_3,candidate_1,candidate_4,candidate_2,4,0.035
219,candidate_3,candidate_1,candidate_4,candidate_2,4,0.035
220,candidate_3,candidate_1,candidate_4,candidate_2,4,0.035
221,candidate_3,candidate_1,candidate_4,candidate_2,4,0.035
222,candidate_3,candidate_1,candidate_4,candidate_2,4,0.035
223,candidate_3,candidate_1,candidate_4,candidate_2,4,0.035
224,candidate_3,candidate_1,candidate_4,candidate_2,4,0.035
225,candidate_3,0,candidate_4,candidate_2,4,0.035
226,candidate_3,candidate_1,candidate_4,candidate_2,4,0.035
227,candidate_3,candidate_1,candidate_4,candidate_2,4,0.035
228,candidate_3,candidate_1,candidate_4,candidate_2,4,0.035
229,candidate_3,candidate_1,candidate_4,candidate_2,4,0.035
230,candidate_3,candidate_1,candidate_4,candidate_2,4,0.035
231,candidate_3,candidate_1,candidate_4,candidate_2,4,0.035
232,candidate_3,candidate_1,candidate_4,candidate_2,4,0.035
233,candidate_3,candidate_1,candidate_4,candidate_2,4,0.035
234,candidate_3,candidate_1,candidate_4,candidate_2,4,0.035
235,candidate_3,candidate_1,candidate_4,candidate_2,4,0.035
236,candidate_3,candidate_1,candidate_4,candidate_2,4,0.035
237,candidate_3,candidate_1,candidate_4,candidate_2,4,0.035
238,candidate_3,candidate_1,candidate_4,candidate_2,4,0.035
239,candidate_3,candidate_1,candidate_4,candidate_2,4,0.035
240,candidate_3,candidate_1,candidate_4,candidate_2,4,0.035
241,candidate_3,candidate_1,candidate_4,candidate_2,4,0.035
242,candidate_3,candidate_1,candidate_4,candidate_2,4,0.035
243,candidate_3,candidate_1,candidate_4,candidate_2,4,0.035
244,candidate_3,candidate_1,candidate_4,candidate_2,4,0.035
245,0,candidate_1,candidate_4,candidate_2,4,0.035
246,candidate_3,candidate_1,candidate_4,candidate_2,4,0.035
247,candidate_3,candidate_1,candidate_4,candidate_2,4,0.035
248,candidate_3,candidate_1,candidate_4,0,4,0.035
249,candidate_3,candidate_1,candidate_4,candidate_2,4,0.035
250,candidate_3,candidate_1,candidate_4,candidate_2,4,0.035
251,candidate_3,candidate_1,candidate_4,candidate_2,4,0.035
252,candidate_3,candidate_1,candidate_4,candidate_2,4,0.035
253,candidate_3,candidate_1,candidate_4,candidate_2,4,0.035
254,candidate_3,candidate_1,candidate_4,candidate_2,4,0.035
255,candidate_3,candidate_1,candidate_4,candidate_2,4,0.035
256,candidate_3,candidate_1,candidate_4,candidate_2,4,0.035
257,candidate_3,candidate_1,candidate_4,candidate_2,4,0.035
258,candidate_3,candidate_1,candidate_4,candidate_2,4,0.035
259,candidate_3,candidate_1,candidate_4,candidate_2,4,0.035
260,candidate_3,candidate_1,candidate_4,candidate_2,4,0.035
261,candidate_3,candidate_1,candidate_4,candidate_2,4,0.035
262,candidate_3,candidate_1,candidate_4,0,4,0.035
263,candidate_3,candidate_1,candidate_4,candidate_2,4,0.035
264,candidate_3,candidate_1,candidate_4,candidate_2,4,0.035
265,candidate_3,candidate_1,candidate_4,candidate_2,4,0.035
266,candidate_3,candidate_1,candidate_4,candidate_2,4,0.035
267,candidate_3,candidate_1,candidate_4,candidate_2,4,0.035
268,candidate_3,candidate_1,candidate_4,candidate_2,4,0.035
269,candidate_3,candidate_1,candidate_4,candidate_2,4,0.035
270,0,candidate_1,candidate_4,candidate_2,4,0.035
271,0,candidate_1,candidate_4,candidate_2,4,0.035
272,candidate_3,0,candidate_4,candidate_2,4,0.035
273,candidate_3,candidate_1,candidate_4,candidate_2,4,0.035
274,candidate_3,candidate_1,candidate_4,candidate_2,4,0.035
275,candidate_3,candidate_1,candidate_4,candidate_2,4,0.035
276,candidate_3,candidate_1,candidate_4,candidate_2,4,0.035
277,candidate_3,candidate_1,candidate_4,candidate_2,4,0.035
278,candidate_3,candidate_1,candidate_4,candidate_2,4,0.035
279,candidate_3,candidate_1,candidate_4,0,4,0.035
280,candidate_3,candidate_1,candidate_4,candidate_2,4,0.035
281,candidate_3,candidate_1,candidate_4,candidate_2,4,0.035
282,candidate_3,candidate_1,candidate_4,candidate_2,4,0.035
283,candidate_3,candidate_1,candidate_4,candidate_2,4,0.035
284,candidate_3,candidate_1,candidate_4,candidate_2,4,0.035
285,candidate_3,candidate_1,candidate_4,candidate_2,4,0.035
286,candidate_3,candidate_1,candidate_4,candidate_2,4,0.035
287,candidate_3,candidate_1,candidate_4,0,4,0.035
288,candidate_3,candidate_1,candidate_4,candidate_2,4,0.035
289,candidate_3,candidate_1,candidate_4,candidate_2,4,0.035
290,candidate_3,candidate_1,candidate_4,candidate_2,4,0.035
291,candidate_3,candidate_1,candidate_4,candidate_2,4,0.035
292,candidate_3,candidate_1,candidate_4,candidate_2,4,0.035
293,candidate_3,candidate_1,candidate_4,candidate_2,4,0.035
294,candidate_3,candidate_1,candidate_4,candidate_2,4,0.035
295,candidate_3,candidate_1,candidate_4,candidate_2,4,0.035
296,candidate_3,candidate_1,candidate_4,candidate_2,4,0.035
297,candidate_3,candidate_1,candidate_4,0,4,0.035
298,candidate_3,candidate_1,candidate_4,candidate_2,4,0.035
299,candidate_3,candidate_1,candidate_4,candidate_2,4,0.035
300,candidate_3,candidate_1,candidate_4,candidate_2,4,0.035
301,candidate_3,candidate_1,candidate_4,candidate_2,4,0.035
302,candidate_3,candidate_1,candidate_4,candidate_2,4,0.035
303,candidate_3,candidate_1,candidate_4,candidate_2,4,0.035
304,candidate_3,candidate_1,candidate_4,candidate_2,4,0.035
305,candidate_3,candidate_1,candidate_4,candidate_2,4,0.035
306,candidate_3,candidate_1,candidate_4,0,4,0.035
307,candidate_3,candidate_1,candidate_4,candidate_2,4,0.035
308,candidate_3,candidate_1,candidate_4,candidate_2,4,0.035
309,candidate_3,candidate_1,candidate_4,candidate_2,4,0.035
310,candidate_3,candidate_1,candidate_4,candidate_2,4,0.035
311,candidate_3,candidate_1,candidate_4,candidate_2,4,0.035
312,candidate_3,candidate_1,candidate_4,candidate_2,4,0.035
313,candidate_3,candidate_1,candidate_4,candidate_2,4,0.035
314,candidate_3,candidate_1,candidate_4,candidate_2,4,0.035
315,candidate_3,candidate_1,candidate_4,candidate_2,4,0.035
316,candidate_3,candidate_1,candidate_4,0,4,0.035
317,candidate_3,candidate_1,candidate_4,candidate_2,4,0.035
318,candidate_3,candidate_1,candidate_4,0,4,0.035
319,candidate_3,candidate_1,candidate_4,candidate_2,4,0.035
320,candidate_3,candidate_1,candidate_4,candidate_2,4,0.035
321,candidate_3,candidate_1,candidate_4,candidate_2,4,0.035
322,candidate_3,candidate_1,0,candidate_2,4,0.035
323,candidate_3,candidate_1,candidate_4,candidate_2,4,0.035
324,candidate_3,candidate_1,candidate_4,candidate_2,4,0.035
325,candidate_3,candidate_1,candidate_4,candidate_2,4,0.035
326,candidate_3,candidate_1,candidate_4,candidate_2,4,0.035
327,candidate_3,candidate_1,candidate_4,candidate_2,4,0.035
328,candidate_3,candidate_1,candidate_4,candidate_2,4,0.035
329,candidate_3,candidate_1,candidate_4,candidate_2,4,0.035
330,candidate_3,candidate_1,candidate_4,candidate_2,4,0.035
331,candidate_3,candidate_1,candidate_4,candidate_2,4,0.035
332,candidate_3,candidate_1,candidate_4,candidate_2,4,0.035
333,candidate_3,candidate_1,candidate_4,candidate_2,4,0.035
334,candidate_3,candidate_1,candidate_4,candidate_2,4,0.035
335,candidate_3,candidate_1,0,candidate_2,4,0.035
336,candidate_3,candidate_1,candidate_4,candidate_2,4,0.035
337,candidate_3,candidate_1,candidate_4,candidate_2,4,0.035
338,candidate_3,candidate_1,candidate_4,candidate_2,4,0.035
339,candidate_3,candidate_1,candidate_4,candidate_2,4,0.035
340,candidate_3,candidate_1,candidate_4,candidate_2,4,0.035
341,candidate_3,candidate_1,candidate_4,candidate_2,4,0.035
342,candidate_3,candidate_1,candidate_4,candidate_2,4,0.035
343,candidate_3,candidate_1,candidate_4,candidate_2,4,0.035
344,candidate_3,candidate_1,candidate_4,candidate_2,4,0.035
345,candidate_3,candidate_1,candidate_4,candidate_2,4,0.035
346,candidate_3,candidate_1,candidate_4,candidate_2,4,0.035
347,candidate_3,candidate_1,candidate_4,candidate_2,4,0.035
348,candidate_3,candidate_1,candidate_4,candidate_2,4,0.035
349,candidate_3,candidate_1,candidate_4,candidate_2,4,0.035
350,0,candidate_1,candidate_4,candidate_2,4,0.035
351,candidate_3,candidate_1,candidate_4,candidate_2,4,0.035
352,candidate_3,candidate_1,candidate_4,candidate_2,4,0.035
353,candidate_3,candidate_1,candidate_4,candidate_2,4,0.035
354,candidate_3,candidate_1,candidate_4,candidate_2,4,0.035
355,candidate_3,candidate_1,candidate_4,candidate_2,4,0.035
356,candidate_3,candidate_1,candidate_4,candidate_2,4,0.035
357,candidate_3,candidate_1,candidate_4,candidate_2,4,0.035
358,candidate_3,candidate_1,candidate_4,candidate_2,4,0.035
359,candidate_3,candidate_1,candidate_4,candidate_2,4,0.035
360,candidate_3,candidate_1,candidate_4,candidate_2,4,0.035
361,candidate_3,candidate_1,candidate_4,candidate_2,4,0.035
362,candidate_3,candidate_1,candidate_4,candidate_2,4,0.035
363,candidate_3,candidate_1,candidate_4,candidate_2,4,0.035
364,candidate_3,candidate_1,candidate_4,candidate_2,4,0.035
365,candidate_3,candidate_1,0,candidate_2,4,0.035
366,candidate_3,candidate_1,candidate_4,0,4,0.035
367,candidate_3,candidate_1,candidate_4,candidate_2,4,0.035
368,candidate_3,candidate_1,candidate_4,candidate_2,4,0.035
369,candidate_3,candidate_1,candidate_4,candidate_2,4,0.035
370,candidate_3,candidate_1,candidate_4,candidate_2,4,0.035
371,candidate_3,candidate_1,candidate_4,candidate_2,4,0.035
372,candidate_3,0,candidate_4,candidate_2,4,0.035
373,candidate_3,candidate_1,candidate_4,candidate_2,4,0.035
374,candidate_3,candidate_1,candidate_4,candidate_2,4,0.035
375,0,candidate_1,0,candidate_2,4,0.035
376,candidate_3,candidate_1,candidate_4,candidate_2,4,0.035
377,candidate_3,candidate_1,candidate_4,candidate_2,4,0.035
378,candidate_3,candidate_1,candidate_4,candidate_2,4,0.035
379,candidate_3,candidate_1,candidate_4,candidate_2,4,0.035
380,candidate_3,candidate_1,candidate_4,candidate_2,4,0.035
381,candidate_3,candidate_1,candidate_4,candidate_2,4,0.035
382,candidate_3,candidate_1,candidate_4,candidate_2,4,0.035
383,candidate_3,candidate_1,candidate_4,candidate_2,4,0.035
384,candidate_3,candidate_1,candidate_4,candidate_2,4,0.035
385,candidate_3,candidate_1,candidate_4,candidate_2,4,0.035
386,candidate_3,candidate_1,0,candidate_2,4,0.035
387,candidate_3,candidate_1,candidate_4,candidate_2,4,0.035
388,candidate_3,candidate_1,candidate_4,candidate_2,4,0.035
389,candidate_3,candidate_1,candidate_4,candidate_2,4,0.035
390,candidate_3,candidate_1,candidate_4,candidate_2,4,0.035
391,candidate_3,candidate_1,candidate_4,candidate_2,4,0.035
392,0,candidate_1,candidate_4,candidate_2,4,0.035
393,candidate_3,candidate_1,candidate_4,candidate_2,4,0.035
394,candidate_3,candidate_1,candidate_4,candidate_2,4,0.035
395,candidate_3,candidate_1,candidate_4,candidate_2,4,0.035
396,candidate_3,0,candidate_4,candidate_2,4,0.035
397,candidate_3,candidate_1,candidate_4,candidate_2,4,0.035
398,candidate_3,candidate_1,candidate_4,candidate_2,4,0.035
399,candidate_3,candidate_1,candidate_4,candidate_2,4,0.035
400,candidate_3,candidate_1,candidate_4,candidate_2,4,0.035
401,candidate_3,candidate_1,candidate_4,candidate_2,4,0.035
402,candidate_3,candidate_1,candidate_4,candidate_2,4,0.035
403,candidate_3,candidate_1,candidate_4,candidate_2,4,0.035
404,candidate_3,candidate_1,candidate_4,candidate_2,4,0.035
405,candidate_3,candidate_1,candidate_4,candidate_2,4,0.035
406,candidate_3,candidate_1,candidate_4,candidate_2,4,0.035
407,candidate_3,candidate_1,candidate_4,candidate_2,4,0.035
408,0,candidate_1,candidate_4,candidate_2,4,0.035
409,candidate_3,candidate_1,candidate_4,candidate_2,4,0.035
410,candidate_3,candidate_1,candidate_4,candidate_2,4,0.035
411,candidate_3,candidate_1,candidate_4,candidate_2,4,0.035
412,candidate_3,candidate_1,candidate_4,0,4,0.035
413,candidate_3,candidate_1,candidate_4,candidate_2,4,0.035
414,candidate_3,candidate_1,candidate_4,candidate_2,4,0.035
415,candidate_3,candidate_1,candidate_4,candidate_2,4,0.035
416,candidate_3,candidate_1,candidate_4,candidate_2,4,0.035
417,candidate_3,candidate_1,candidate_4,candidate_2,4,0.035
418,0,candidate_1,candidate_4,candidate_2,4,0.035
419,candidate_3,candidate_1,candidate_4,candidate_2,4,0.035
420,candidate_3,candidate_1,candidate_4,candidate_2,4,0.035
421,0,candidate_1,candidate_4,candidate_2,4,0.035
422,candidate_3,candidate_1,candidate_4,candidate_2,4,0.035
423,candidate_3,candidate_1,candidate_4,candidate_2,4,0.035
424,candidate_3,candidate_1,candidate_4,candidate_2,4,0.035
425,candidate_3,candidate_1,candidate_4,candidate_2,4,0.035
426,candidate_3,candidate_1,candidate_4,candidate_2,4,0.035
427,candidate_3,candidate_1,candidate_4,0,4,0.035
428,candidate_3,candidate_1,candidate_4,candidate_2,4,0.035
429,candidate_3,candidate_1,candidate_4,candidate_2,4,0.035
430,candidate_3,candidate_1,0,candidate_2,4,0.035
431,candidate_3,candidate_1,candidate_4,candidate_2,4,0.035
432,candidate_3,candidate_1,candidate_4,candidate_2,4,0.035
433,candidate_3,candidate_1,candidate_4,candidate_2,4,0.035
434,candidate_3,candidate_1,candidate_4,candidate_2,4,0.035
435,candidate_3,candidate_1,candidate_4,candidate_2,4,0.035
436,candidate_3,0,candidate_4,candidate_2,4,0.035
437,candidate_3,candidate_1,candidate_4,candidate_2,4,0.035
438,candidate_3,candidate_1,candidate_4,candidate_2,4,0.035
439,candidate_3,candidate_1,candidate_4,candidate_2,4,0.035
440,candidate_3,candidate_1,candidate_4,candidate_2,4,0.035
441,candidate_3,candidate_1,candidate_4,candidate_2,4,0.035
442,candidate_3,candidate_1,candidate_4,candidate_2,4,0.035
443,candidate_3,candidate_1,candidate_4,candidate_2,4,0.035
444,0,0,candidate_4,candidate_2,4,0.035
445,candidate_3,candidate_1,candidate_4,candidate_2,4,0.035
446,candidate_3,candidate_1,candidate_4,candidate_2,4,0.035
447,candidate_3,candidate_1,candidate_4,candidate_2,4,0.035
448,0,candidate_1,candidate_4,candidate_2,4,0.035
449,candidate_3,candidate_1,candidate_4,candidate_2,4,0.035
450,candidate_3,candidate_1,candidate_4,candidate_2,4,0.035
451,candidate_3,candidate_1,candidate_4,candidate_2,4,0.035
452,candidate_3,candidate_1,candidate_4,candidate_2,4,0.035
453,candidate_3,candidate_1,candidate_4,candidate_2,4,0.035
454,candidate_3,candidate_1,candidate_4,candidate_2,4,0.035
0,candidate_3,candidate_2,candidate_1,candidate_4,4,0.035
1,candidate_3,candidate_2,candidate_1,candidate_4,4,0.035
2,candidate_3,candidate_2,candidate_1,candidate_4,4,0.035
3,candidate_3,candidate_2,candidate_1,candidate_4,4,0.035
4,candidate_3,candidate_2,candidate_1,candidate_4,4,0.035
5,candidate_3,candidate_2,candidate_1,candidate_4,4,0.035
6,candidate_3,candidate_2,candidate_1,candidate_4,4,0.035
7,candidate_3,candidate_2,candidate_1,candidate_4,4,0.035
8,candidate_3,candidate_2,candidate_1,candidate_4,4,0.035
9,0,candidate_2,candidate_1,candidate_4,4,0.035
10,candidate_3,candidate_2,candidate_1,candidate_4,4,0.035
11,0,candidate_2,candidate_1,candidate_4,4,0.035
12,candidate_3,candidate_2,candidate_1,candidate_4,4,0.035
13,candidate_3,candidate_2,candidate_1,candidate_4,4,0.035
14,candidate_3,candidate_2,candidate_1,candidate_4,4,0.035
15,candidate_3,0,candidate_1,candidate_4,4,0.035
16,candidate_3,candidate_2,candidate_1,candidate_4,4,0.035
17,candidate_3,candidate_2,candidate_1,candidate_4,4,0.035
18,candidate_3,candidate_2,candidate_1,candidate_4,4,0.035
19,candidate_3,candidate_2,candidate_1,candidate_4,4,0.035
20,candidate_3,candidate_2,candidate_1,candidate_4,4,0.035
21,candidate_3,candidate_2,candidate_1,candidate_4,4,0.035
22,candidate_3,candidate_2,candidate_1,candidate_4,4,0.035
23,candidate_3,candidate_2,candidate_1,candidate_4,4,0.035
24,candidate_3,candidate_2,candidate_1,candidate_4,4,0.035
25,candidate_3,candidate_2,candidate_1,candidate_4,4,0.035
26,candidate_3,candidate_2,candidate_1,candidate_4,4,0.035
27,candidate_3,candidate_2,candidate_1,candidate_4,4,0.035
28,candidate_3,candidate_2,candidate_1,candidate_4,4,0.035
29,candidate_3,candidate_2,candidate_1,0,4,0.035
30,candidate_3,candidate_2,candidate_1,candidate_4,4,0.035
31,candidate_3,candidate_2,candidate_1,candidate_4,4,0.035
32,candidate_3,candidate_2,candidate_1,candidate_4,4,0.035
33,candidate_3,candidate_2,candidate_1,candidate_4,4,0.035
34,candidate_3,candidate_2,candidate_1,candidate_4,4,0.035
35,candidate_3,candidate_2,candidate_1,candidate_4,4,0.035
36,candidate_3,candidate_2,candidate_1,candidate_4,4,0.035
37,candidate_3,candidate_2,candidate_1,candidate_4,4,0.035
38,candidate_3,candidate_2,candidate_1,candidate_4,4,0.035
39,candidate_3,candidate_2,candidate_1,candidate_4,4,0.035
40,candidate_3,candidate_2,candidate_1,candidate_4,4,0.035
41,candidate_3,candidate_2,candidate_1,candidate_4,4,0.035
42,candidate_3,candidate_2,candidate_1,candidate_4,4,0.035
43,candidate_3,candidate_2,candidate_1,candidate_4,4,0.035
44,candidate_3,candidate_2,candidate_1,candidate_4,4,0.035
45,0,candidate_2,candidate_1,candidate_4,4,0.035
46,candidate_3,candidate_2,candidate_1,candidate_4,4,0.035
47,candidate_3,candidate_2,candidate_1,candidate_4,4,0.035
48,candidate_3,candidate_2,candidate_1,candidate_4,4,0.035
49,candidate_3,candidate_2,candidate_1,candidate_4,4,0.035
50,candidate_3,candidate_2,0,candidate_4,4,0.035
51,candidate_3,candidate_2,candidate_1,candidate_4,4,0.035
52,candidate_3,0,candidate_1,candidate_4,4,0.035
53,candidate_3,candidate_2,candidate_1,candidate_4,4,0.035
54,candidate_3,candidate_2,candidate_1,candidate_4,4,0.035
55,candidate_3,candidate_2,candidate_1,candidate_4,4,0.035
56,candidate_3,candidate_2,candidate_1,candidate_4,4,0.035
57,candidate_3,candidate_2,candidate_1,candidate_4,4,0.035
58,candidate_3,candidate_2,0,candidate_4,4,0.035
59,candidate_3,candidate_2,candidate_1,0,4,0.035
60,candidate_3,candidate_2,candidate_1,candidate_4,4,0.035
61,candidate_3,candidate_2,candidate_1,candidate_4,4,0.035
62,candidate_3,candidate_2,candidate_1,candidate_4,4,0.035
63,candidate_3,candidate_2,candidate_1,candidate_4,4,0.035
64,candidate_3,candidate_2,candidate_1,candidate_4,4,0.035
65,candidate_3,0,candidate_1,candidate_4,4,0.035
66,0,candidate_2,0,candidate_4,4,0.035
67,candidate_3,candidate_2,candidate_1,candidate_4,4,0.035
68,candidate_3,candidate_2,candidate_1,candidate_4,4,0.035
69,candidate_3,candidate_2,candidate_1,candidate_4,4,0.035
70,candidate_3,candidate_2,candidate_1,candidate_4,4,0.035
71,candidate_3,candidate_2,candidate_1,candidate_4,4,0.035
72,candidate_3,candidate_2,candidate_1,candidate_4,4,0.035
73,candidate_3,candidate_2,candidate_1,candidate_4,4,0.035
74,candidate_3,candidate_2,candidate_1,candidate_4,4,0.035
75,candidate_3,0,candidate_1,candidate_4,4,0.035
76,candidate_3,candidate_2,candidate_1,0,4,0.035
77,candidate_3,0,candidate_1,candidate_4,4,0.035
78,candidate_3,candidate_2,0,candidate_4,4,0.035
79,candidate_3,candidate_2,candidate_1,candidate_4,4,0.035
80,candidate_3,candidate_2,candidate_1,candidate_4,4,0.035
81,candidate_3,candidate_2,candidate_1,candidate_4,4,0.035
82,candidate_3,candidate_2,candidate_1,candidate_4,4,0.035
83,candidate_3,0,candidate_1,candidate_4,4,0.035
84,candidate_3,candidate_2,candidate_1,candidate_4,4,0.035
85,candidate_3,candidate_2,candidate_1,candidate_4,4,0.035
86,candidate_3,candidate_2,candidate_1,candidate_4,4,0.035
87,candidate_3,candidate_2,candidate_1,candidate_4,4,0.035
88,candidate_3,candidate_2,candidate_1,candidate_4,4,0.035
89,candidate_3,candidate_2,candidate_1,candidate_4,4,0.035
90,candidate_3,candidate_2,candidate_1,candidate_4,4,0.035
91,candidate_3,candidate_2,candidate_1,candidate_4,4,0.035
92,candidate_3,candidate_2,candidate_1,candidate_4,4,0.035
93,0,0,candidate_1,candidate_4,4,0.035
94,candidate_3,candidate_2,candidate_1,candidate_4,4,0.035
95,candidate_3,candidate_2,candidate_1,candidate_4,4,0.035
96,0,candidate_2,candidate_1,candidate_4,4,0.035
97,candidate_3,candidate_2,candidate_1,candidate_4,4,0.035
98,candidate_3,candidate_2,candidate_1,candidate_4,4,0.035
99,candidate_3,candidate_2,candidate_1,candidate_4,4,0.035
100,candidate_3,candidate_2,candidate_1,candidate_4,4,0.035
101,candidate_3,candidate_2,candidate_1,candidate_4,4,0.035
102,candidate_3,candidate_2,candidate_1,0,4,0.035
103,candidate_3,candidate_2,candidate_1,candidate_4,4,0.035
104,candidate_3,candidate_2,candidate_1,0,4,0.035
105,candidate_3,candidate_2,candidate_1,candidate_4,4,0.035
106,candidate_3,candidate_2,candidate_1,candidate_4,4,0.035
107,candidate_3,0,candidate_1,candidate_4,4,0.035
108,candidate_3,candidate_2,candidate_1,candidate_4,4,0.035
109,candidate_3,candidate_2,candidate_1,0,4,0.035
110,candidate_3,candidate_2,candidate_1,candidate_4,4,0.035
111,candidate_3,candidate_2,candidate_1,candidate_4,4,0.035
112,candidate_3,candidate_2,candidate_1,candidate_4,4,0.035
113,candidate_3,0,0,0,4,0.035
114,candidate_3,candidate_2,candidate_1,candidate_4,4,0.035
115,candidate_3,candidate_2,candidate_1,0,4,0.035
116,candidate_3,candidate_2,candidate_1,candidate_4,4,0.035
117,candidate_3,candidate_2,candidate_1,candidate_4,4,0.035
118,candidate_3,candidate_2,candidate_1,candidate_4,4,0.035
119,candidate_3,candidate_2,0,candidate_4,4,0.035
120,candidate_3,candidate_2,candidate_1,candidate_4,4,0.035
121,candidate_3,candidate_2,candidate_1,candidate_4,4,0.035
122,candidate_3,candidate_2,candidate_1,candidate_4,4,0.035
123,candidate_3,candidate_2,candidate_1,candidate_4,4,0.035
124,candidate_3,candidate_2,candidate_1,candidate_4,4,0.035
125,candidate_3,candidate_2,candidate_1,candidate_4,4,0.035
126,candidate_3,candidate_2,candidate_1,candidate_4,4,0.035
127,candidate_3,candidate_2,candidate_1,candidate_4,4,0.035
128,candidate_3,candidate_2,candidate_1,candidate_4,4,0.035
129,candidate_3,candidate_2,candidate_1,candidate_4,4,0.035
130,candidate_3,candidate_2,candidate_1,candidate_4,4,0.035
131,0,candidate_2,candidate_1,candidate_4,4,0.035
132,candidate_3,candidate_2,candidate_1,candidate_4,4,0.035
133,candidate_3,candidate_2,candidate_1,candidate_4,4,0.035
134,candidate_3,candidate_2,candidate_1,candidate_4,4,0.035
135,candidate_3,candidate_2,candidate_1,candidate_4,4,0.035
136,candidate_3,candidate_2,candidate_1,candidate_4,4,0.035
137,candidate_3,candidate_2,candidate_1,candidate_4,4,0.035
138,candidate_3,candidate_2,candidate_1,candidate_4,4,0.035
139,candidate_3,candidate_2,candidate_1,candidate_4,4,0.035
140,candidate_3,candidate_2,candidate_1,candidate_4,4,0.035
141,candidate_3,candidate_2,candidate_1,candidate_4,4,0.035
142,candidate_3,candidate_2,candidate_1,candidate_4,4,0.035
143,candidate_3,candidate_2,candidate_1,candidate_4,4,0.035
144,candidate_3,candidate_2,candidate_1,candidate_4,4,0.035
145,candidate_3,candidate_2,candidate_1,candidate_4,4,0.035
146,candidate_3,0,candidate_1,candidate_4,4,0.035
147,candidate_3,candidate_2,candidate_1,candidate_4,4,0.035
148,candidate_3,candidate_2,candidate_1,candidate_4,4,0.035
149,candidate_3,candidate_2,candidate_1,candidate_4,4,0.035
150,0,candidate_2,candidate_1,candidate_4,4,0.035
151,candidate_3,candidate_2,candidate_1,candidate_4,4,0.035
152,candidate_3,candidate_2,candidate_1,candidate_4,4,0.035
153,candidate_3,candidate_2,candidate_1,candidate_4,4,0.035
154,candidate_3,candidate_2,candidate_1,candidate_4,4,0.035
155,candidate_3,candidate_2,candidate_1,candidate_4,4,0.035
156,candidate_3,candidate_2,candidate_1,candidate_4,4,0.035
157,candidate_3,candidate_2,candidate_1,candidate_4,4,0.035
158,candidate_3,candidate_2,candidate_1,candidate_4,4,0.035
159,candidate_3,candidate_2,candidate_1,0,4,0.035
160,candidate_3,candidate_2,candidate_1,candidate_4,4,0.035
161,candidate_3,candidate_2,candidate_1,candidate_4,4,0.035
162,candidate_3,candidate_2,candidate_1,candidate_4,4,0.035
163,candidate_3,candidate_2,candidate_1,candidate_4,4,0.035
164,candidate_3,candidate_2,candidate_1,candidate_4,4,0.035
165,candidate_3,0,candidate_1,candidate_4,4,0.035
166,candidate_3,candidate_2,candidate_1,candidate_4,4,0.035
167,candidate_3,candidate_2,candidate_1,candidate_4,4,0.035
168,candidate_3,candidate_2,candidate_1,candidate_4,4,0.035
169,candidate_3,candidate_2,candidate_1,candidate_4,4,0.035
170,candidate_3,candidate_2,candidate_1,0,4,0.035
171,candidate_3,candidate_2,0,candidate_4,4,0.035
172,candidate_3,0,candidate_1,candidate_4,4,0.035
173,candidate_3,candidate_2,candidate_1,candidate_4,4,0.035
174,candidate_3,candidate_2,candidate_1,candidate_4,4,0.035
175,candidate_3,candidate_2,candidate_1,candidate_4,4,0.035
176,candidate_3,candidate_2,candidate_1,candidate_4,4,0.035
177,candidate_3,candidate_2,candidate_1,candidate_4,4,0.035
178,candidate_3,candidate_2,candidate_1,candidate_4,4,0.035
179,candidate_3,candidate_2,candidate_1,candidate_4,4,0.035
180,candidate_3,candidate_2,candidate_1,candidate_4,4,0.035
181,candidate_3,candidate_2,candidate_1,candidate_4,4,0.035
182,candidate_3,candidate_2,candidate_1,candidate_4,4,0.035
183,candidate_3,candidate_2,candidate_1,candidate_4,4,0.035
184,0,candidate_2,candidate_1,candidate_4,4,0.035
185,candidate_3,candidate_2,candidate_1,candidate_4,4,0.035
186,candidate_3,candidate_2,candidate_1,candidate_4,4,0.035
187,candidate_3,candidate_2,candidate_1,candidate_4,4,0.035
188,candidate_3,candidate_2,candidate_1,candidate_4,4,0.035
189,candidate_3,candidate_2,candidate_1,candidate_4,4,0.035
190,candidate_3,candidate_2,candidate_1,candidate_4,4,0.035
191,candidate_3,candidate_2,candidate_1,candidate_4,4,0.035
192,candidate_3,candidate_2,candidate_1,candidate_4,4,0.035
193,candidate_3,candidate_2,candidate_1,candidate_4,4,0.035
194,candidate_3,candidate_2,candidate_1,candidate_4,4,0.035
195,candidate_3,candidate_2,candidate_1,candidate_4,4,0.035
196,candidate_3,candidate_2,candidate_1,candidate_4,4,0.035
197,candidate_3,candidate_2,candidate_1,candidate_4,4,0.035
198,candidate_3,candidate_2,candidate_1,candidate_4,4,0.035
199,candidate_3,candidate_2,candidate_1,candidate_4,4,0.035
200,candidate_3,candidate_2,candidate_1,candidate_4,4,0.035
201,candidate_3,0,candidate_1,candidate_4,4,0.035
202,candidate_3,candidate_2,candidate_1,candidate_4,4,0.035
203,candidate_3,candidate_2,candidate_1,candidate_4,4,0.035
204,candidate_3,candidate_2,candidate_1,candidate_4,4,0.035
205,candidate_3,candidate_2,candidate_1,candidate_4,4,0.035
206,candidate_3,candidate_2,candidate_1,candidate_4,4,0.035
207,candidate_3,candidate_2,candidate_1,candidate_4,4,0.035
208,candidate_3,candidate_2,candidate_1,candidate_4,4,0.035
209,candidate_3,candidate_2,candidate_1,candidate_4,4,0.035
210,candidate_3,candidate_2,candidate_1,candidate_4,4,0.035
211,candidate_3,0,candidate_1,candidate_4,4,0.035
212,candidate_3,candidate_2,candidate_1,candidate_4,4,0.035
213,candidate_3,candidate_2,candidate_1,candidate_4,4,0.035
214,candidate_3,candidate_2,candidate_1,candidate_4,4,0.035
215,candidate_3,candidate_2,candidate_1,candidate_4,4,0.035
216,candidate_3,candidate_2,candidate_1,candidate_4,4,0.035
217,candidate_3,candidate_2,candidate_1,candidate_4,4,0.035
218,candidate_3,candidate_2,candidate_1,candidate_4,4,0.035
219,candidate_3,candidate_2,0,candidate_4,4,0.035
220,candidate_3,candidate_2,candidate_1,candidate_4,4,0.035
221,candidate_3,candidate_2,candidate_1,candidate_4,4,0.035
222,candidate_3,candidate_2,candidate_1,candidate_4,4,0.035
223,candidate_3,candidate_2,candidate_1,candidate_4,4,0.035
224,candidate_3,candidate_2,candidate_1,candidate_4,4,0.035
225,candidate_3,candidate_2,candidate_1,candidate_4,4,0.035
226,candidate_3,candidate_2,candidate_1,candidate_4,4,0.035
227,candidate_3,candidate_2,candidate_1,candidate_4,4,0.035
228,candidate_3,candidate_2,candidate_1,candidate_4,4,0.035
229,candidate_3,candidate_2,0,candidate_4,4,0.035
230,candidate_3,candidate_2,candidate_1,candidate_4,4,0.035
231,candidate_3,candidate_2,candidate_1,candidate_4,4,0.035
232,candidate_3,candidate_2,candidate_1,candidate_4,4,0.035
233,candidate_3,candidate_2,candidate_1,candidate_4,4,0.035
234,candidate_3,candidate_2,candidate_1,0,4,0.035
235,candidate_3,candidate_2,candidate_1,candidate_4,4,0.035
236,candidate_3,candidate_2,candidate_1,candidate_4,4,0.035
237,candidate_3,candidate_2,candidate_1,candidate_4,4,0.035
238,candidate_3,candidate_2,candidate_1,0,4,0.035
239,candidate_3,candidate_2,candidate_1,candidate_4,4,0.035
240,candidate_3,candidate_2,candidate_1,candidate_4,4,0.035
241,candidate_3,candidate_2,candidate_1,candidate_4,4,0.035
242,candidate_3,candidate_2,candidate_1,candidate_4,4,0.035
243,candidate_3,candidate_2,candidate_1,candidate_4,4,0.035
244,candidate_3,candidate_2,candidate_1,candidate_4,4,0.035
245,candidate_3,candidate_2,candidate_1,candidate_4,4,0.035
246,candidate_3,candidate_2,candidate_1,candidate_4,4,0.035
247,candidate_3,candidate_2,candidate_1,candidate_4,4,0.035
248,candidate_3,candidate_2,candidate_1,candidate_4,4,0.035
249,candidate_3,candidate_2,candidate_1,candidate_4,4,0.035
250,candidate_3,candidate_2,candidate_1,candidate_4,4,0.035
251,candidate_3,candidate_2,candidate_1,candidate_4,4,0.035
252,candidate_3,candidate_2,candidate_1,candidate_4,4,0.035
253,candidate_3,candidate_2,candidate_1,candidate_4,4,0.035
254,candidate_3,candidate_2,candidate_1,candidate_4,4,0.035
255,candidate_3,candidate_2,candidate_1,candidate_4,4,0.035
256,candidate_3,candidate_2,candidate_1,candidate_4,4,0.035
257,candidate_3,candidate_2,candidate_1,0,4,0.035
258,candidate_3,candidate_2,candidate_1,candidate_4,4,0.035
259,candidate_3,candidate_2,candidate_1,candidate_4,4,0.035
260,candidate_3,candidate_2,candidate_1,candidate_4,4,0.035
261,candidate_3,candidate_2,candidate_1,candidate_4,4,0.035
262,candidate_3,candidate_2,candidate_1,candidate_4,4,0.035
263,candidate_3,candidate_2,candidate_1,candidate_4,4,0.035
264,candidate_3,0,candidate_1,candidate_4,4,0.035
265,candidate_3,candidate_2,candidate_1,candidate_4,4,0.035
266,candidate_3,candidate_2,candidate_1,candidate_4,4,0.035
267,candidate_3,candidate_2,candidate_1,candidate_4,4,0.035
268,candidate_3,candidate_2,candidate_1,candidate_4,4,0.035
269,candidate_3,candidate_2,candidate_1,candidate_4,4,0.035
270,candidate_3,candidate_2,candidate_1,candidate_4,4,0.035
271,candidate_3,candidate_2,candidate_1,candidate_4,4,0.035
272,candidate_3,candidate_2,candidate_1,candidate_4,4,0.035
273,candidate_3,candidate_2,candidate_1,candidate_4,4,0.035
274,candidate_3,candidate_2,candidate_1,candidate_4,4,0.035
275,candidate_3,candidate_2,candidate_1,candidate_4,4,0.035
276,0,candidate_2,candidate_1,candidate_4,4,0.035
277,candidate_3,candidate_2,candidate_1,candidate_4,4,0.035
278,candidate_3,candidate_2,0,candidate_4,4,0.035
279,candidate_3,candidate_2,candidate_1,candidate_4,4,0.035
280,candidate_3,candidate_2,candidate_1,candidate_4,4,0.035
281,candidate_3,candidate_2,candidate_1,candidate_4,4,0.035
282,candidate_3,candidate_2,candidate_1,candidate_4,4,0.035
283,candidate_3,candidate_2,candidate_1,candidate_4,4,0.035
284,candidate_3,candidate_2,candidate_1,candidate_4,4,0.035
285,candidate_3,candidate_2,candidate_1,candidate_4,4,0.035
286,candidate_3,candidate_2,candidate_1,candidate_4,4,0.035
287,candidate_3,candidate_2,candidate_1,0,4,0.035
288,candidate_3,candidate_2,candidate_1,candidate_4,4,0.035
289,candidate_3,candidate_2,candidate_1,candidate_4,4,0.035
290,candidate_3,candidate_2,candidate_1,candidate_4,4,0.035
291,candidate_3,candidate_2,candidate_1,candidate_4,4,0.035
292,candidate_3,candidate_2,candidate_1,candidate_4,4,0.035
293,candidate_3,candidate_2,candidate_1,candidate_4,4,0.035
294,candidate_3,candidate_2,candidate_1,candidate_4,4,0.035
295,candidate_3,candidate_2,0,candidate_4,4,0.035
296,candidate_3,candidate_2,candidate_1,candidate_4,4,0.035
297,candidate_3,candidate_2,candidate_1,candidate_4,4,0.035
298,candidate_3,candidate_2,candidate_1,candidate_4,4,0.035
299,candidate_3,candidate_2,candidate_1,candidate_4,4,0.035
300,candidate_3,candidate_2,candidate_1,candidate_4,4,0.035
301,candidate_3,candidate_2,candidate_1,candidate_4,4,0.035
302,candidate_3,0,candidate_1,candidate_4,4,0.035
303,candidate_3,candidate_2,candidate_1,candidate_4,4,0.035
304,candidate_3,candidate_2,candidate_1,candidate_4,4,0.035
305,candidate_3,candidate_2,candidate_1,candidate_4,4,0.035
306,candidate_3,candidate_2,candidate_1,candidate_4,4,0.035
307,candidate_3,candidate_2,candidate_1,candidate_4,4,0.035
308,candidate_3,candidate_2,candidate_1,candidate_4,4,0.035
309,candidate_3,candidate_2,candidate_1,candidate_4,4,0.035
310,candidate_3,candidate_2,candidate_1,candidate_4,4,0.035
311,candidate_3,candidate_2,candidate_1,candidate_4,4,0.035
312,candidate_3,candidate_2,candidate_1,candidate_4,4,0.035
313,candidate_3,candidate_2,candidate_1,candidate_4,4,0.035
314,candidate_3,candidate_2,candidate_1,candidate_4,4,0.035
315,candidate_3,candidate_2,candidate_1,0,4,0.035
316,candidate_3,candidate_2,candidate_1,candidate_4,4,0.035
317,candidate_3,candidate_2,candidate_1,candidate_4,4,0.035
318,candidate_3,candidate_2,candidate_1,candidate_4,4,0.035
319,candidate_3,candidate_2,0,candidate_4,4,0.035
320,candidate_3,0,candidate_1,candidate_4,4,0.035
0,candidate_3,candidate_2,candidate_4,candidate_1,4,0.035
1,candidate_3,candidate_2,candidate_4,candidate_1,4,0.035
2,0,candidate_2,candidate_4,candidate_1,4,0.035
3,candidate_3,candidate_2,candidate_4,candidate_1,4,0.035
4,candidate_3,candidate_2,candidate_4,candidate_1,4,0.035
5,candidate_3,candidate_2,candidate_4,candidate_1,4,0.035
6,candidate_3,candidate_2,candidate_4,candidate_1,4,0.035
7,0,candidate_2,candidate_4,candidate_1,4,0.035
8,candidate_3,candidate_2,candidate_4,candidate_1,4,0.035
9,candidate_3,candidate_2,candidate_4,candidate_1,4,0.035
10,candidate_3,candidate_2,candidate_4,candidate_1,4,0.035
11,candidate_3,candidate_2,candidate_4,candidate_1,4,0.035
12,candidate_3,candidate_2,candidate_4,candidate_1,4,0.035
13,candidate_3,candidate_2,candidate_4,0,4,0.035
14,candidate_3,candidate_2,candidate_4,candidate_1,4,0.035
15,candidate_3,candidate_2,candidate_4,candidate_1,4,0.035
16,candidate_3,candidate_2,candidate_4,candidate_1,4,0.035
17,candidate_3,candidate_2,candidate_4,candidate_1,4,0.035
18,candidate_3,candidate_2,candidate_4,candidate_1,4,0.035
19,candidate_3,candidate_2,candidate_4,candidate_1,4,0.035
20,candidate_3,candidate_2,candidate_4,candidate_1,4,0.035
21,candidate_3,candidate_2,candidate_4,candidate_1,4,0.035
22,candidate_3,candidate_2,candidate_4,candidate_1,4,0.035
23,candidate_3,candidate_2,candidate_4,candidate_1,4,0.035
24,candidate_3,candidate_2,candidate_4,candidate_1,4,0.035
25,candidate_3,candidate_2,candidate_4,candidate_1,4,0.035
26,candidate_3,candidate_2,candidate_4,candidate_1,4,0.035
27,candidate_3,0,candidate_4,0,4,0.035
28,candidate_3,candidate_2,candidate_4,candidate_1,4,0.035
29,candidate_3,candidate_2,candidate_4,candidate_1,4,0.035
30,candidate_3,candidate_2,candidate_4,candidate_1,4,0.035
31,candidate_3,candidate_2,candidate_4,candidate_1,4,0.035
32,candidate_3,candidate_2,candidate_4,candidate_1,4,0.035
33,candidate_3,candidate_2,candidate_4,candidate_1,4,0.035
34,candidate_3,candidate_2,candidate_4,candidate_1,4,0.035
35,candidate_3,candidate_2,candidate_4,candidate_1,4,0.035
36,candidate_3,candidate_2,candidate_4,candidate_1,4,0.035
37,candidate_3,candidate_2,candidate_4,candidate_1,4,0.035
38,candidate_3,candidate_2,candidate_4,candidate_1,4,0.035
39,candidate_3,candidate_2,candidate_4,candidate_1,4,0.035
40,candidate_3,candidate_2,candidate_4,candidate_1,4,0.035
41,candidate_3,candidate_2,candidate_4,candidate_1,4,0.035
42,candidate_3,candidate_2,candidate_4,candidate_1,4,0.035
43,candidate_3,candidate_2,candidate_4,candidate_1,4,0.035
44,candidate_3,candidate_2,candidate_4,candidate_1,4,0.035
45,candidate_3,candidate_2,candidate_4,candidate_1,4,0.035
46,candidate_3,candidate_2,candidate_4,candidate_1,4,0.035
47,candidate_3,candidate_2,candidate_4,candidate_1,4,0.035
48,candidate_3,candidate_2,candidate_4,candidate_1,4,0.035
49,candidate_3,candidate_2,candidate_4,candidate_1,4,0.035
50,candidate_3,candidate_2,candidate_4,candidate_1,4,0.035
51,candidate_3,candidate_2,candidate_4,candidate_1,4,0.035
52,candidate_3,candidate_2,candidate_4,candidate_1,4,0.035
53,candidate_3,candidate_2,candidate_4,candidate_1,4,0.035
54,candidate_3,0,candidate_4,candidate_1,4,0.035
55,candidate_3,candidate_2,candidate_4,0,4,0.035
56,candidate_3,candidate_2,candidate_4,candidate_1,4,0.035
57,candidate_3,candidate_2,candidate_4,candidate_1,4,0.035
58,candidate_3,candidate_2,candidate_4,candidate_1,4,0.035
59,candidate_3,candidate_2,candidate_4,candidate_1,4,0.035
60,candidate_3,candidate_2,0,candidate_1,4,0.035
61,candidate_3,candidate_2,candidate_4,candidate_1,4,0.035
62,candidate_3,candidate_2,candidate_4,candidate_1,4,0.035
63,candidate_3,0,candidate_4,candidate_1,4,0.035
64,candidate_3,candidate_2,candidate_4,candidate_1,4,0.035
65,candidate_3,candidate_2,candidate_4,candidate_1,4,0.035
66,candidate_3,candidate_2,candidate_4,candidate_1,4,0.035
67,candidate_3,candidate_2,candidate_4,candidate_1,4,0.035
68,candidate_3,candidate_2,candidate_4,candidate_1,4,0.035
69,candidate_3,candidate_2,candidate_4,candidate_1,4,0.035
70,candidate_3,candidate_2,candidate_4,candidate_1,4,0.035
71,candidate_3,candidate_2,candidate_4,candidate_1,4,0.035
72,candidate_3,candidate_2,candidate_4,0,4,0.035
73,candidate_3,candidate_2,candidate_4,candidate_1,4,0.035
74,candidate_3,candidate_2,candidate_4,0,4,0.035
75,candidate_3,candidate_2,candidate_4,candidate_1,4,0.035
76,candidate_3,candidate_2,candidate_4,candidate_1,4,0.035
77,candidate_3,candidate_2,candidate_4,candidate_1,4,0.035
78,0,candidate_2,candidate_4,candidate_1,4,0.035
79,candidate_3,candidate_2,candidate_4,candidate_1,4,0.035
80,candidate_3,candidate_2,candidate_4,candidate_1,4,0.035
81,candidate_3,candidate_2,candidate_4,candidate_1,4,0.035
82,candidate_3,candidate_2,candidate_4,candidate_1,4,0.035
83,candidate_3,candidate_2,0,candidate_1,4,0.035
84,candidate_3,candidate_2,candidate_4,candidate_1,4,0.035
85,candidate_3,candidate_2,candidate_4,candidate_1,4,0.035
86,candidate_3,candidate_2,candidate_4,candidate_1,4,0.035
87,candidate_3,candidate_2,candidate_4,candidate_1,4,0.035
88,candidate_3,candidate_2,candidate_4,candidate_1,4,0.035
89,candidate_3,candidate_2,candidate_4,candidate_1,4,0.035
90,candidate_3,candidate_2,candidate_4,candidate_1,4,0.035
91,candidate_3,candidate_2,candidate_4,candidate_1,4,0.035
92,candidate_3,candidate_2,candidate_4,candidate_1,4,0.035
93,candidate_3,candidate_2,candidate_4,candidate_1,4,0.035
94,candidate_3,candidate_2,candidate_4,candidate_1,4,0.035
95,candidate_3,candidate_2,candidate_4,candidate_1,4,0.035
96,candidate_3,0,candidate_4,candidate_1,4,0.035
97,candidate_3,candidate_2,candidate_4,candidate_1,4,0.035
98,candidate_3,candidate_2,candidate_4,candidate_1,4,0.035
99,candidate_3,candidate_2,candidate_4,candidate_1,4,0.035
100,candidate_3,candidate_2,candidate_4,0,4,0.035
101,candidate_3,candidate_2,candidate_4,candidate_1,4,0.035
102,candidate_3,candidate_2,candidate_4,candidate_1,4,0.035
103,candidate_3,candidate_2,candidate_4,candidate_1,4,0.035
104,candidate_3,candidate_2,candidate_4,candidate_1,4,0.035
105,candidate_3,candidate_2,candidate_4,candidate_1,4,0.035
106,candidate_3,candidate_2,candidate_4,candidate_1,4,0.035
107,candidate_3,candidate_2,candidate_4,candidate_1,4,0.035
108,candidate_3,candidate_2,candidate_4,candidate_1,4,0.035
109,candidate_3,candidate_2,candidate_4,candidate_1,4,0.035
110,candidate_3,candidate_2,candidate_4,candidate_1,4,0.035
111,candidate_3,candidate_2,candidate_4,candidate_1,4,0.035
112,candidate_3,candidate_2,candidate_4,candidate_1,4,0.035
113,candidate_3,candidate_2,candidate_4,candidate_1,4,0.035
114,candidate_3,candidate_2,candidate_4,candidate_1,4,0.035
115,0,candidate_2,candidate_4,candidate_1,4,0.035
116,candidate_3,candidate_2,candidate_4,candidate_1,4,0.035
117,candidate_3,candidate_2,candidate_4,candidate_1,4,0.035
118,candidate_3,candidate_2,candidate_4,candidate_1,4,0.035
119,candidate_3,candidate_2,candidate_4,candidate_1,4,0.035
120,candidate_3,candidate_2,candidate_4,candidate_1,4,0.035
121,candidate_3,candidate_2,candidate_4,candidate_1,4,0.035
122,candidate_3,candidate_2,candidate_4,candidate_1,4,0.035
123,candidate_3,candidate_2,candidate_4,candidate_1,4,0.035
124,candidate_3,candidate_2,candidate_4,candidate_1,4,0.035
125,candidate_3,candidate_2,candidate_4,candidate_1,4,0.035
126,candidate_3,candidate_2,candidate_4,candidate_1,4,0.035
127,candidate_3,candidate_2,candidate_4,candidate_1,4,0.035
128,candidate_3,candidate_2,candidate_4,candidate_1,4,0.035
129,candidate_3,candidate_2,candidate_4,candidate_1,4,0.035
130,candidate_3,candidate_2,candidate_4,candidate_1,4,0.035
131,candidate_3,candidate_2,candidate_4,candidate_1,4,0.035
132,candidate_3,candidate_2,candidate_4,candidate_1,4,0.035
133,candidate_3,candidate_2,candidate_4,candidate_1,4,0.035
134,candidate_3,candidate_2,candidate_4,candidate_1,4,0.035
135,candidate_3,candidate_2,candidate_4,candidate_1,4,0.035
136,candidate_3,candidate_2,candidate_4,candidate_1,4,0.035
137,candidate_3,candidate_2,candidate_4,candidate_1,4,0.035
138,candidate_3,candidate_2,candidate_4,candidate_1,4,0.035
139,candidate_3,candidate_2,candidate_4,candidate_1,4,0.035
140,candidate_3,candidate_2,candidate_4,candidate_1,4,0.035
141,candidate_3,candidate_2,candidate_4,candidate_1,4,0.035
142,candidate_3,candidate_2,candidate_4,candidate_1,4,0.035
143,candidate_3,candidate_2,0,candidate_1,4,0.035
144,candidate_3,candidate_2,candidate_4,candidate_1,4,0.035
145,candidate_3,candidate_2,candidate_4,candidate_1,4,0.035
146,candidate_3,candidate_2,candidate_4,candidate_1,4,0.035
147,candidate_3,candidate_2,candidate_4,candidate_1,4,0.035
148,candidate_3,candidate_2,candidate_4,candidate_1,4,0.035
149,candidate_3,candidate_2,candidate_4,candidate_1,4,0.035
150,candidate_3,candidate_2,candidate_4,candidate_1,4,0.035
151,candidate_3,candidate_2,candidate_4,candidate_1,4,0.035
152,candidate_3,candidate_2,candidate_4,candidate_1,4,0.035
153,candidate_3,candidate_2,candidate_4,candidate_1,4,0.035
154,candidate_3,candidate_2,candidate_4,candidate_1,4,0.035
155,candidate_3,candidate_2,candidate_4,candidate_1,4,0.035
156,candidate_3,candidate_2,candidate_4,candidate_1,4,0.035
157,candidate_3,candidate_2,candidate_4,candidate_1,4,0.035
158,candidate_3,candidate_2,candidate_4,candidate_1,4,0.035
159,candidate_3,candidate_2,candidate_4,candidate_1,4,0.035
160,candidate_3,candidate_2,candidate_4,0,4,0.035
161,candidate_3,candidate_2,0,candidate_1,4,0.035
162,candidate_3,candidate_2,candidate_4,candidate_1,4,0.035
163,candidate_3,candidate_2,candidate_4,candidate_1,4,0.035
164,candidate_3,candidate_2,candidate_4,candidate_1,4,0.035
165,candidate_3,candidate_2,candidate_4,0,4,0.035
166,candidate_3,candidate_2,candidate_4,candidate_1,4,0.035
167,candidate_3,candidate_2,candidate_4,candidate_1,4,0.035
168,candidate_3,candidate_2,candidate_4,candidate_1,4,0.035
169,candidate_3,candidate_2,candidate_4,0,4,0.035
170,0,candidate_2,candidate_4,candidate_1,4,0.035
171,candidate_3,candidate_2,candidate_4,candidate_1,4,0.035
172,candidate_3,0,candidate_4,candidate_1,4,0.035
173,candidate_3,candidate_2,candidate_4,candidate_1,4,0.035
174,candidate_3,candidate_2,candidate_4,candidate_1,4,0.035
175,candidate_3,candidate_2,candidate_4,candidate_1,4,0.035
176,candidate_3,candidate_2,candidate_4,candidate_1,4,0.035
177,candidate_3,candidate_2,candidate_4,candidate_1,4,0.035
178,candidate_3,candidate_2,candidate_4,candidate_1,4,0.035
179,candidate_3,candidate_2,0,candidate_1,4,0.035
180,candidate_3,candidate_2,candidate_4,candidate_1,4,0.035
181,candidate_3,candidate_2,candidate_4,candidate_1,4,0.035
182,candidate_3,candidate_2,candidate_4,candidate_1,4,0.035
183,candidate_3,candidate_2,candidate_4,candidate_1,4,0.035
184,candidate_3,candidate_2,candidate_4,candidate_1,4,0.035
185,candidate_3,candidate_2,candidate_4,candidate_1,4,0.035
186,candidate_3,candidate_2,candidate_4,candidate_1,4,0.035
187,candidate_3,candidate_2,candidate_4,candidate_1,4,0.035
188,candidate_3,candidate_2,candidate_4,candidate_1,4,0.035
189,candidate_3,candidate_2,candidate_4,candidate_1,4,0.035
190,candidate_3,candidate_2,candidate_4,candidate_1,4,0.035
191,candidate_3,candidate_2,candidate_4,candidate_1,4,0.035
192,candidate_3,candidate_2,candidate_4,candidate_1,4,0.035
193,candidate_3,candidate_2,candidate_4,candidate_1,4,0.035
194,candidate_3,candidate_2,candidate_4,candidate_1,4,0.035
195,candidate_3,candidate_2,candidate_4,candidate_1,4,0.035
196,candidate_3,candidate_2,candidate_4,candidate_1,4,0.035
197,candidate_3,candidate_2,candidate_4,candidate_1,4,0.035
198,candidate_3,candidate_2,candidate_4,candidate_1,4,0.035
199,candidate_3,candidate_2,candidate_4,candidate_1,4,0.035
200,candidate_3,candidate_2,0,candidate_1,4,0.035
201,candidate_3,candidate_2,0,candidate_1,4,0.035
202,candidate_3,candidate_2,candidate_4,candidate_1,4,0.035
203,candidate_3,candidate_2,0,candidate_1,4,0.035
204,0,candidate_2,candidate_4,candidate_1,4,0.035
205,candidate_3,candidate_2,candidate_4,candidate_1,4,0.035
206,candidate_3,candidate_2,candidate_4,candidate_1,4,0.035
207,candidate_3,candidate_2,candidate_4,candidate_1,4,0.035
208,candidate_3,candidate_2,candidate_4,candidate_1,4,0.035
209,candidate_3,candidate_2,candidate_4,candidate_1,4,0.035
210,candidate_3,candidate_2,candidate_4,candidate_1,4,0.035
211,candidate_3,candidate_2,0,candidate_1,4,0.035
212,candidate_3,candidate_2,candidate_4,candidate_1,4,0.035
213,candidate_3,candidate_2,candidate_4,candidate_1,4,0.035
214,0,candidate_2,candidate_4,candidate_1,4,0.035
215,candidate_3,candidate_2,candidate_4,candidate_1,4,0.035
216,candidate_3,candidate_2,candidate_4,candidate_1,4,0.035
217,candidate_3,candidate_2,candidate_4,candidate_1,4,0.035
218,candidate_3,candidate_2,candidate_4,0,4,0.035
219,candidate_3,candidate_2,candidate_4,candidate_1,4,0.035
220,candidate_3,candidate_2,candidate_4,candidate_1,4,0.035
221,candidate_3,candidate_2,candidate_4,candidate_1,4,0.035
222,candidate_3,candidate_2,candidate_4,candidate_1,4,0.035
223,candidate_3,candidate_2,candidate_4,candidate_1,4,0.035
224,candidate_3,candidate_2,candidate_4,candidate_1,4,0.035
225,candidate_3,candidate_2,candidate_4,candidate_1,4,0.035
226,candidate_3,0,candidate_4,candidate_1,4,0.035
0,candidate_3,candidate_4,candidate_1,candidate_2,4,0.035
1,candidate_3,candidate_4,candidate_1,0,4,0.035
2,candidate_3,candidate_4,candidate_1,candidate_2,4,0.035
3,candidate_3,candidate_4,candidate_1,candidate_2,4,0.035
4,candidate_3,0,candidate_1,candidate_2,4,0.035
5,candidate_3,candidate_4,candidate_1,candidate_2,4,0.035
6,candidate_3,candidate_4,candidate_1,candidate_2,4,0.035
7,candidate_3,0,candidate_1,candidate_2,4,0.035
8,0,candidate_4,candidate_1,candidate_2,4,0.035
9,candidate_3,candidate_4,candidate_1,candidate_2,4,0.035
10,candidate_3,candidate_4,candidate_1,candidate_2,4,0.035
11,candidate_3,candidate_4,candidate_1,candidate_2,4,0.035
12,candidate_3,candidate_4,candidate_1,candidate_2,4,0.035
13,candidate_3,candidate_4,candidate_1,candidate_2,4,0.035
14,candidate_3,candidate_4,candidate_1,candidate_2,4,0.035
15,candidate_3,candidate_4,candidate_1,candidate_2,4,0.035
16,candidate_3,candidate_4,candidate_1,candidate_2,4,0.035
17,candidate_3,candidate_4,candidate_1,candidate_2,4,0.035
18,candidate_3,candidate_4,candidate_1,candidate_2,4,0.035
19,candidate_3,candidate_4,candidate_1,candidate_2,4,0.035
20,0,candidate_4,candidate_1,candidate_2,4,0.035
21,candidate_3,candidate_4,candidate_1,candidate_2,4,0.035
22,candidate_3,candidate_4,candidate_1,candidate_2,4,0.035
23,candidate_3,candidate_4,candidate_1,candidate_2,4,0.035
24,candidate_3,candidate_4,candidate_1,candidate_2,4,0.035
25,candidate_3,candidate_4,candidate_1,candidate_2,4,0.035
26,0,candidate_4,candidate_1,candidate_2,4,0.035
27,candidate_3,candidate_4,candidate_1,candidate_2,4,0.035
28,candidate_3,candidate_4,candidate_1,candidate_2,4,0.035
29,candidate_3,candidate_4,candidate_1,candidate_2,4,0.035
30,candidate_3,candidate_4,candidate_1,candidate_2,4,0.035
31,0,candidate_4,candidate_1,candidate_2,4,0.035
32,candidate_3,candidate_4,candidate_1,candidate_2,4,0.035
33,candidate_3,candidate_4,candidate_1,candidate_2,4,0.035
34,candidate_3,candidate_4,candidate_1,candidate_2,4,0.035
35,candidate_3,candidate_4,candidate_1,candidate_2,4,0.035
36,candidate_3,candidate_4,candidate_1,candidate_2,4,0.035
37,candidate_3,candidate_4,candidate_1,candidate_2,4,0.035
38,candidate_3,candidate_4,candidate_1,candidate_2,4,0.035
39,candidate_3,0,candidate_1,candidate_2,4,0.035
40,candidate_3,candidate_4,candidate_1,candidate_2,4,0.035
41,candidate_3,candidate_4,candidate_1,candidate_2,4,0.035
42,candidate_3,candidate_4,candidate_1,candidate_2,4,0.035
43,candidate_3,candidate_4,candidate_1,candidate_2,4,0.035
44,candidate_3,candidate_4,candidate_1,candidate_2,4,0.035
45,candidate_3,candidate_4,candidate_1,candidate_2,4,0.035
46,candidate_3,candidate_4,candidate_1,candidate_2,4,0.035
47,candidate_3,candidate_4,candidate_1,candidate_2,4,0.035
48,candidate_3,candidate_4,candidate_1,candidate_2,4,0.035
49,candidate_3,candidate_4,candidate_1,candidate_2,4,0.035
50,candidate_3,candidate_4,candidate_1,candidate_2,4,0.035
51,candidate_3,candidate_4,candidate_1,candidate_2,4,0.035
52,candidate_3,candidate_4,candidate_1,candidate_2,4,0.035
53,candidate_3,candidate_4,candidate_1,candidate_2,4,0.035
54,candidate_3,candidate_4,candidate_1,candidate_2,4,0.035
55,candidate_3,candidate_4,candidate_1,candidate_2,4,0.035
56,candidate_3,candidate_4,candidate_1,candidate_2,4,0.035
57,candidate_3,candidate_4,candidate_1,0,4,0.035
58,candidate_3,candidate_4,candidate_1,candidate_2,4,0.035
59,candidate_3,candidate_4,candidate_1,candidate_2,4,0.035
60,candidate_3,candidate_4,candidate_1,candidate_2,4,0.035
61,candidate_3,candidate_4,candidate_1,candidate_2,4,0.035
62,candidate_3,candidate_4,candidate_1,candidate_2,4,0.035
63,candidate_3,candidate_4,candidate_1,candidate_2,4,0.035
64,candidate_3,candidate_4,candidate_1,candidate_2,4,0.035
65,candidate_3,candidate_4,candidate_1,candidate_2,4,0.035
66,candidate_3,candidate_4,candidate_1,candidate_2,4,0.035
67,candidate_3,candidate_4,candidate_1,candidate_2,4,0.035
68,candidate_3,candidate_4,candidate_1,candidate_2,4,0.035
69,candidate_3,candidate_4,candidate_1,candidate_2,4,0.035
70,candidate_3,candidate_4,candidate_1,candidate_2,4,0.035
71,candidate_3,candidate_4,candidate_1,candidate_2,4,0.035
72,candidate_3,candidate_4,candidate_1,candidate_2,4,0.035
73,candidate_3,candidate_4,candidate_1,candidate_2,4,0.035
74,candidate_3,candidate_4,candidate_1,candidate_2,4,0.035
75,candidate_3,candidate_4,candidate_1,candidate_2,4,0.035
76,candidate_3,candidate_4,candidate_1,candidate_2,4,0.035
77,candidate_3,candidate_4,candidate_1,candidate_2,4,0.035
78,candidate_3,candidate_4,candidate_1,candidate_2,4,0.035
79,candidate_3,candidate_4,candidate_1,candidate_2,4,0.035
80,0,candidate_4,candidate_1,candidate_2,4,0.035
81,candidate_3,candidate_4,candidate_1,candidate_2,4,0.035
82,candidate_3,0,candidate_1,candidate_2,4,0.035
83,candidate_3,candidate_4,candidate_1,candidate_2,4,0.035
84,candidate_3,candidate_4,candidate_1,candidate_2,4,0.035
85,candidate_3,candidate_4,candidate_1,candidate_2,4,0.035
86,candidate_3,0,candidate_1,candidate_2,4,0.035
87,candidate_3,candidate_4,candidate_1,candidate_2,4,0.035
88,candidate_3,0,candidate_1,candidate_2,4,0.035
89,candidate_3,0,candidate_1,candidate_2,4,0.035
90,candidate_3,candidate_4,candidate_1,candidate_2,4,0.035
91,0,0,candidate_1,candidate_2,4,0.035
92,candidate_3,candidate_4,candidate_1,candidate_2,4,0.035
93,candidate_3,candidate_4,candidate_1,candidate_2,4,0.035
94,candidate_3,candidate_4,candidate_1,candidate_2,4,0.035
95,candidate_3,candidate_4,candidate_1,candidate_2,4,0.035
96,candidate_3,candidate_4,candidate_1,candidate_2,4,0.035
97,candidate_3,candidate_4,candidate_1,candidate_2,4,0.035
98,candidate_3,candidate_4,candidate_1,candidate_2,4,0.035
99,candidate_3,candidate_4,candidate_1,candidate_2,4,0.035
100,candidate_3,candidate_4,candidate_1,candidate_2,4,0.035
101,candidate_3,0,candidate_1,candidate_2,4,0.035
102,candidate_3,candidate_4,candidate_1,candidate_2,4,0.035
103,candidate_3,candidate_4,candidate_1,candidate_2,4,0.035
104,candidate_3,candidate_4,0,0,4,0.035
105,candidate_3,candidate_4,candidate_1,candidate_2,4,0.035
106,0,0,candidate_1,candidate_2,4,0.035
107,candidate_3,candidate_4,0,candidate_2,4,0.035
108,candidate_3,candidate_4,candidate_1,candidate_2,4,0.035
109,candidate_3,candidate_4,candidate_1,candidate_2,4,0.035
110,candidate_3,candidate_4,candidate_1,candidate_2,4,0.035
111,candidate_3,candidate_4,candidate_1,candidate_2,4,0.035
112,candidate_3,candidate_4,candidate_1,candidate_2,4,0.035
113,candidate_3,candidate_4,candidate_1,candidate_2,4,0.035
114,candidate_3,candidate_4,candidate_1,candidate_2,4,0.035
115,candidate_3,candidate_4,candidate_1,candidate_2,4,0.035
116,candidate_3,candidate_4,candidate_1,candidate_2,4,0.035
117,candidate_3,candidate_4,candidate_1,candidate_2,4,0.035
118,candidate_3,candidate_4,candidate_1,candidate_2,4,0.035
119,candidate_3,candidate_4,candidate_1,candidate_2,4,0.035
120,candidate_3,0,candidate_1,candidate_2,4,0.035
121,candidate_3,candidate_4,candidate_1,candidate_2,4,0.035
122,candidate_3,candidate_4,candidate_1,candidate_2,4,0.035
123,candidate_3,candidate_4,candidate_1,candidate_2,4,0.035
124,candidate_3,candidate_4,candidate_1,candidate_2,4,0.035
125,candidate_3,candidate_4,candidate_1,candidate_2,4,0.035
126,candidate_3,candidate_4,candidate_1,candidate_2,4,0.035
127,candidate_3,candidate_4,candidate_1,candidate_2,4,0.035
128,candidate_3,candidate_4,candidate_1,candidate_2,4,0.035
129,candidate_3,candidate_4,candidate_1,candidate_2,4,0.035
130,candidate_3,candidate_4,candidate_1,candidate_2,4,0.035
131,candidate_3,candidate_4,candidate_1,candidate_2,4,0.035
132,candidate_3,candidate_4,candidate_1,candidate_2,4,0.035
133,candidate_3,candidate_4,candidate_1,candidate_2,4,0.035
134,candidate_3,candidate_4,candidate_1,candidate_2,4,0.035
135,0,candidate_4,candidate_1,candidate_2,4,0.035
136,candidate_3,candidate_4,candidate_1,candidate_2,4,0.035
137,candidate_3,candidate_4,candidate_1,candidate_2,4,0.035
138,candidate_3,candidate_4,candidate_1,candidate_2,4,0.035
139,candidate_3,candidate_4,candidate_1,candidate_2,4,0.035
140,candidate_3,candidate_4,candidate_1,candidate_2,4,0.035
141,0,candidate_4,candidate_1,candidate_2,4,0.035
142,candidate_3,candidate_4,candidate_1,candidate_2,4,0.035
143,candidate_3,candidate_4,candidate_1,candidate_2,4,0.035
144,candidate_3,candidate_4,candidate_1,candidate_2,4,0.035
145,candidate_3,0,candidate_1,candidate_2,4,0.035
146,candidate_3,candidate_4,candidate_1,candidate_2,4,0.035
147,candidate_3,candidate_4,candidate_1,candidate_2,4,0.035
148,candidate_3,candidate_4,candidate_1,candidate_2,4,0.035
149,candidate_3,candidate_4,candidate_1,candidate_2,4,0.035
150,candidate_3,candidate_4,candidate_1,candidate_2,4,0.035
151,candidate_3,candidate_4,candidate_1,candidate_2,4,0.035
152,candidate_3,candidate_4,candidate_1,candidate_2,4,0.035
153,candidate_3,candidate_4,candidate_1,candidate_2,4,0.035
154,candidate_3,candidate_4,candidate_1,candidate_2,4,0.035
155,candidate_3,0,candidate_1,candidate_2,4,0.035
156,candidate_3,candidate_4,candidate_1,candidate_2,4,0.035
157,candidate_3,candidate_4,candidate_1,candidate_2,4,0.035
158,candidate_3,candidate_4,candidate_1,candidate_2,4,0.035
159,candidate_3,candidate_4,candidate_1,candidate_2,4,0.035
160,candidate_3,candidate_4,candidate_1,candidate_2,4,0.035
161,candidate_3,candidate_4,candidate_1,candidate_2,4,0.035
162,candidate_3,candidate_4,candidate_1,candidate_2,4,0.035
163,candidate_3,candidate_4,candidate_1,0,4,0.035
164,candidate_3,candidate_4,candidate_1,candidate_2,4,0.035
165,candidate_3,candidate_4,candidate_1,candidate_2,4,0.035
166,candidate_3,candidate_4,candidate_1,candidate_2,4,0.035
167,0,candidate_4,candidate_1,candidate_2,4,0.035
168,candidate_3,candidate_4,candidate_1,candidate_2,4,0.035
169,candidate_3,candidate_4,candidate_1,candidate_2,4,0.035
170,candidate_3,candidate_4,candidate_1,candidate_2,4,0.035
171,candidate_3,candidate_4,candidate_1,candidate_2,4,0.035
172,candidate_3,candidate_4,candidate_1,candidate_2,4,0.035
173,candidate_3,candidate_4,candidate_1,candidate_2,4,0.035
174,candidate_3,candidate_4,candidate_1,candidate_2,4,0.035
175,candidate_3,candidate_4,candidate_1,candidate_2,4,0.035
176,candidate_3,candidate_4,candidate_1,candidate_2,4,0.035
177,candidate_3,0,candidate_1,candidate_2,4,0.035
178,candidate_3,candidate_4,0,candidate_2,4,0.035
179,candidate_3,candidate_4,candidate_1,candidate_2,4,0.035
180,candidate_3,candidate_4,candidate_1,candidate_2,4,0.035
181,candidate_3,candidate_4,candidate_1,candidate_2,4,0.035
182,candidate_3,candidate_4,candidate_1,candidate_2,4,0.035
183,candidate_3,0,candidate_1,candidate_2,4,0.035
184,candidate_3,candidate_4,candidate_1,candidate_2,4,0.035
185,candidate_3,candidate_4,candidate_1,candidate_2,4,0.035
186,candidate_3,candidate_4,candidate_1,candidate_2,4,0.035
187,candidate_3,candidate_4,candidate_1,candidate_2,4,0.035
188,candidate_3,candidate_4,candidate_1,candidate_2,4,0.035
189,candidate_3,candidate_4,candidate_1,candidate_2,4,0.035
190,candidate_3,candidate_4,candidate_1,candidate_2,4,0.035
191,candidate_3,candidate_4,candidate_1,candidate_2,4,0.035
192,candidate_3,candidate_4,candidate_1,candidate_2,4,0.035
193,candidate_3,candidate_4,candidate_1,candidate_2,4,0.035
194,candidate_3,candidate_4,candidate_1,candidate_2,4,0.035
195,candidate_3,candidate_4,candidate_1,candidate_2,4,0.035
196,candidate_3,candidate_4,candidate_1,candidate_2,4,0.035
197,0,candidate_4,candidate_1,candidate_2,4,0.035
198,candidate_3,0,candidate_1,candidate_2,4,0.035
199,candidate_3,candidate_4,candidate_1,candidate_2,4,0.035
200,candidate_3,candidate_4,candidate_1,candidate_2,4,0.035
201,candidate_3,candidate_4,candidate_1,candidate_2,4,0.035
202,0,candidate_4,candidate_1,candidate_2,4,0.035
203,candidate_3,candidate_4,candidate_1,candidate_2,4,0.035
204,candidate_3,candidate_4,candidate_1,candidate_2,4,0.035
205,candidate_3,candidate_4,candidate_1,candidate_2,4,0.035
206,0,candidate_4,candidate_1,candidate_2,4,0.035
207,candidate_3,candidate_4,candidate_1,candidate_2,4,0.035
208,candidate_3,candidate_4,candidate_1,candidate_2,4,0.035
209,candidate_3,candidate_4,candidate_1,candidate_2,4,0.035
210,0,candidate_4,candidate_1,candidate_2,4,0.035
211,candidate_3,candidate_4,candidate_1,candidate_2,4,0.035
212,candidate_3,candidate_4,candidate_1,candidate_2,4,0.035
213,candidate_3,candidate_4,candidate_1,candidate_2,4,0.035
214,candidate_3,candidate_4,candidate_1,candidate_2,4,0.035
215,candidate_3,candidate_4,candidate_1,candidate_2,4,0.035
216,candidate_3,candidate_4,candidate_1,candidate_2,4,0.035
217,candidate_3,candidate_4,candidate_1,candidate_2,4,0.035
218,candidate_3,candidate_4,candidate_1,candidate_2,4,0.035
219,candidate_3,candidate_4,candidate_1,candidate_2,4,0.035
220,candidate_3,candidate_4,candidate_1,candidate_2,4,0.035
221,candidate_3,candidate_4,candidate_1,candidate_2,4,0.035
222,0,candidate_4,candidate_1,candidate_2,4,0.035
223,candidate_3,candidate_4,candidate_1,candidate_2,4,0.035
224,candidate_3,candidate_4,candidate_1,candidate_2,4,0.035
225,candidate_3,candidate_4,candidate_1,candidate_2,4,0.035
226,candidate_3,candidate_4,candidate_1,candidate_2,4,0.035
227,candidate_3,candidate_4,0,candidate_2,4,0.035
228,candidate_3,candidate_4,candidate_1,candidate_2,4,0.035
229,candidate_3,candidate_4,candidate_1,candidate_2,4,0.035
230,candidate_3,candidate_4,candidate_1,candidate_2,4,0.035
231,candidate_3,candidate_4,candidate_1,candidate_2,4,0.035
232,candidate_3,0,candidate_1,candidate_2,4,0.035
233,candidate_3,candidate_4,candidate_1,candidate_2,4,0.035
234,candidate_3,candidate_4,candidate_1,candidate_2,4,0.035
235,candidate_3,candidate_4,candidate_1,candidate_2,4,0.035
236,candidate_3,candidate_4,candidate_1,candidate_2,4,0.035
237,candidate_3,candidate_4,candidate_1,candidate_2,4,0.035
238,candidate_3,candidate_4,candidate_1,candidate_2,4,0.035
239,0,candidate_4,0,candidate_2,4,0.035
240,candidate_3,candidate_4,candidate_1,candidate_2,4,0.035
241,candidate_3,candidate_4,candidate_1,candidate_2,4,0.035
242,candidate_3,candidate_4,candidate_1,candidate_2,4,0.035
243,candidate_3,candidate_4,candidate_1,candidate_2,4,0.035
244,candidate_3,candidate_4,candidate_1,candidate_2,4,0.035
245,candidate_3,candidate_4,candidate_1,candidate_2,4,0.035
246,candidate_3,candidate_4,candidate_1,candidate_2,4,0.035
247,candidate_3,candidate_4,candidate_1,0,4,0.035
248,candidate_3,candidate_4,candidate_1,candidate_2,4,0.035
249,candidate_3,candidate_4,candidate_1,candidate_2,4,0.035
250,candidate_3,candidate_4,candidate_1,candidate_2,4,0.035
251,candidate_3,candidate_4,candidate_1,candidate_2,4,0.035
252,candidate_3,candidate_4,candidate_1,candidate_2,4,0.035
253,candidate_3,candidate_4,candidate_1,candidate_2,4,0.035
254,candidate_3,candidate_4,candidate_1,candidate_2,4,0.035
255,0,candidate_4,candidate_1,candidate_2,4,0.035
256,candidate_3,candidate_4,candidate_1,candidate_2,4,0.035
257,candidate_3,candidate_4,candidate_1,candidate_2,4,0.035
258,candidate_3,0,candidate_1,candidate_2,4,0.035
259,candidate_3,candidate_4,candidate_1,candidate_2,4,0.035
260,candidate_3,candidate_4,candidate_1,candidate_2,4,0.035
261,candidate_3,candidate_4,candidate_1,candidate_2,4,0.035
262,candidate_3,candidate_4,candidate_1,candidate_2,4,0.035
263,candidate_3,candidate_4,candidate_1,candidate_2,4,0.035
264,candidate_3,candidate_4,candidate_1,candidate_2,4,0.035
265,candidate_3,candidate_4,candidate_1,candidate_2,4,0.035
266,candidate_3,candidate_4,candidate_1,candidate_2,4,0.035
267,candidate_3,candidate_4,candidate_1,candidate_2,4,0.035
268,candidate_3,candidate_4,candidate_1,candidate_2,4,0.035
269,candidate_3,candidate_4,candidate_1,0,4,0.035
270,candidate_3,candidate_4,candidate_1,candidate_2,4,0.035
271,candidate_3,candidate_4,0,candidate_2,4,0.035
272,candidate_3,candidate_4,candidate_1,candidate_2,4,0.035
273,candidate_3,candidate_4,candidate_1,candidate_2,4,0.035
274,candidate_3,candidate_4,candidate_1,candidate_2,4,0.035
275,candidate_3,candidate_4,candidate_1,candidate_2,4,0.035
276,candidate_3,candidate_4,candidate_1,candidate_2,4,0.035
277,candidate_3,candidate_4,candidate_1,candidate_2,4,0.035
278,candidate_3,candidate_4,candidate_1,candidate_2,4,0.035
279,candidate_3,candidate_4,candidate_1,candidate_2,4,0.035
280,candidate_3,candidate_4,candidate_1,candidate_2,4,0.035
281,candidate_3,candidate_4,candidate_1,candidate_2,4,0.035
282,candidate_3,candidate_4,candidate_1,candidate_2,4,0.035
283,candidate_3,candidate_4,candidate_1,candidate_2,4,0.035
284,candidate_3,candidate_4,candidate_1,candidate_2,4,0.035
285,candidate_3,candidate_4,candidate_1,candidate_2,4,0.035
286,candidate_3,0,candidate_1,candidate_2,4,0.035
287,candidate_3,candidate_4,candidate_1,candidate_2,4,0.035
288,candidate_3,candidate_4,candidate_1,candidate_2,4,0.035
289,candidate_3,candidate_4,candidate_1,candidate_2,4,0.035
290,candidate_3,candidate_4,candidate_1,candidate_2,4,0.035
291,candidate_3,candidate_4,candidate_1,candidate_2,4,0.035
292,candidate_3,candidate_4,candidate_1,candidate_2,4,0.035
293,candidate_3,candidate_4,candidate_1,candidate_2,4,0.035
294,candidate_3,candidate_4,0,0,4,0.035
295,candidate_3,candidate_4,candidate_1,candidate_2,4,0.035
296,candidate_3,candidate_4,candidate_1,candidate_2,4,0.035
297,candidate_3,candidate_4,candidate_1,candidate_2,4,0.035
298,candidate_3,candidate_4,candidate_1,candidate_2,4,0.035
299,candidate_3,candidate_4,candidate_1,candidate_2,4,0.035
300,candidate_3,candidate_4,candidate_1,candidate_2,4,0.035
301,0,candidate_4,candidate_1,candidate_2,4,0.035
302,candidate_3,candidate_4,candidate_1,candidate_2,4,0.035
303,candidate_3,candidate_4,candidate_1,candidate_2,4,0.035
304,candidate_3,candidate_4,candidate_1,candidate_2,4,0.035
305,candidate_3,candidate_4,candidate_1,candidate_2,4,0.035
306,candidate_3,candidate_4,candidate_1,candidate_2,4,0.035
307,candidate_3,candidate_4,candidate_1,candidate_2,4,0.035
308,candidate_3,candidate_4,candidate_1,candidate_2,4,0.035
309,candidate_3,candidate_4,candidate_1,candidate_2,4,0.035
310,candidate_3,candidate_4,candidate_1,candidate_2,4,0.035
311,candidate_3,candidate_4,candidate_1,0,4,0.035
312,candidate_3,candidate_4,candidate_1,candidate_2,4,0.035
313,candidate_3,candidate_4,candidate_1,candidate_2,4,0.035
314,candidate_3,candidate_4,candidate_1,candidate_2,4,0.035
315,candidate_3,candidate_4,candidate_1,candidate_2,4,0.035
316,0,candidate_4,0,candidate_2,4,0.035
317,candidate_3,candidate_4,candidate_1,candidate_2,4,0.035
318,candidate_3,candidate_4,candidate_1,candidate_2,4,0.035
319,0,candidate_4,candidate_1,candidate_2,4,0.035
320,candidate_3,candidate_4,candidate_1,candidate_2,4,0.035
321,candidate_3,candidate_4,candidate_1,0,4,0.035
322,candidate_3,candidate_4,candidate_1,candidate_2,4,0.035
323,candidate_3,candidate_4,candidate_1,candidate_2,4,0.035
324,candidate_3,candidate_4,candidate_1,candidate_2,4,0.035
325,candidate_3,candidate_4,candidate_1,candidate_2,4,0.035
326,candidate_3,candidate_4,candidate_1,candidate_2,4,0.035
327,candidate_3,candidate_4,candidate_1,candidate_2,4,0.035
328,candidate_3,candidate_4,candidate_1,candidate_2,4,0.035
329,candidate_3,candidate_4,0,candidate_2,4,0.035
330,candidate_3,candidate_4,candidate_1,candidate_2,4,0.035
331,candidate_3,candidate_4,candidate_1,candidate_2,4,0.035
332,candidate_3,candidate_4,candidate_1,candidate_2,4,0.035
333,candidate_3,candidate_4,candidate_1,candidate_2,4,0.035
334,candidate_3,candidate_4,candidate_1,candidate_2,4,0.035
335,candidate_3,candidate_4,candidate_1,candidate_2,4,0.035
336,candidate_3,candidate_4,candidate_1,candidate_2,4,0.035
337,candidate_3,candidate_4,candidate_1,candidate_2,4,0.035
338,candidate_3,candidate_4,candidate_1,candidate_2,4,0.035
339,0,candidate_4,candidate_1,candidate_2,4,0.035
340,candidate_3,candidate_4,candidate_1,candidate_2,4,0.035
341,candidate_3,candidate_4,candidate_1,candidate_2,4,0.035
342,candidate_3,candidate_4,candidate_1,candidate_2,4,0.035
343,candidate_3,candidate_4,candidate_1,candidate_2,4,0.035
344,candidate_3,candidate_4,candidate_1,candidate_2,4,0.035
345,candidate_3,candidate_4,0,candidate_2,4,0.035
346,candidate_3,candidate_4,candidate_1,0,4,0.035
347,0,candidate_4,candidate_1,candidate_2,4,0.035
348,candidate_3,candidate_4,candidate_1,candidate_2,4,0.035
349,candidate_3,candidate_4,candidate_1,candidate_2,4,0.035
350,candidate_3,candidate_4,candidate_1,candidate_2,4,0.035
351,candidate_3,candidate_4,candidate_1,candidate_2,4,0.035
352,candidate_3,candidate_4,candidate_1,0,4,0.035
353,candidate_3,candidate_4,candidate_1,candidate_2,4,0.035
354,candidate_3,candidate_4,candidate_1,candidate_2,4,0.035
355,candidate_3,candidate_4,candidate_1,candidate_2,4,0.035
356,candidate_3,candidate_4,candidate_1,candidate_2,4,0.035
357,candidate_3,candidate_4,candidate_1,candidate_2,4,0.035
358,candidate_3,candidate_4,candidate_1,candidate_2,4,0.035
359,candidate_3,candidate_4,candidate_1,candidate_2,4,0.035
360,candidate_3,candidate_4,candidate_1,candidate_2,4,0.035
361,candidate_3,candidate_4,candidate_1,candidate_2,4,0.035
362,candidate_3,candidate_4,candidate_1,candidate_2,4,0.035
363,candidate_3,candidate_4,candidate_1,candidate_2,4,0.035
364,candidate_3,candidate_4,candidate_1,0,4,0.035
365,candidate_3,candidate_4,candidate_1,0,4,0.035
366,candidate_3,0,candidate_1,candidate_2,4,0.035
367,candidate_3,candidate_4,candidate_1,candidate_2,4,0.035
368,0,candidate_4,candidate_1,candidate_2,4,0.035
369,candidate_3,candidate_4,candidate_1,candidate_2,4,0.035
370,candidate_3,candidate_4,candidate_1,candidate_2,4,0.035
371,candidate_3,candidate_4,candidate_1,candidate_2,4,0.035
372,0,candidate_4,candidate_1,candidate_2,4,0.035
373,candidate_3,candidate_4,candidate_1,candidate_2,4,0.035
374,candidate_3,candidate_4,candidate_1,candidate_2,4,0.035
375,candidate_3,candidate_4,candidate_1,candidate_2,4,0.035
376,candidate_3,candidate_4,candidate_1,candidate_2,4,0.035
377,candidate_3,candidate_4,candidate_1,candidate_2,4,0.035
378,candidate_3,candidate_4,candidate_1,candidate_2,4,0.035
379,candidate_3,candidate_4,candidate_1,candidate_2,4,0.035
380,candidate_3,candidate_4,candidate_1,candidate_2,4,0.035
381,candidate_3,candidate_4,candidate_1,candidate_2,4,0.035
382,candidate_3,candidate_4,candidate_1,candidate_2,4,0.035
383,candidate_3,candidate_4,candidate_1,candidate_2,4,0.035
0,candidate_3,candidate_4,candidate_2,candidate_1,4,0.035
1,candidate_3,candidate_4,candidate_2,candidate_1,4,0.035
2,candidate_3,candidate_4,candidate_2,candidate_1,4,0.035
3,candidate_3,candidate_4,candidate_2,candidate_1,4,0.035
4,candidate_3,candidate_4,candidate_2,candidate_1,4,0.035
5,candidate_3,candidate_4,candidate_2,candidate_1,4,0.035
6,candidate_3,candidate_4,candidate_2,candidate_1,4,0.035
7,candidate_3,candidate_4,0,candidate_1,4,0.035
8,candidate_3,candidate_4,candidate_2,candidate_1,4,0.035
9,candidate_3,candidate_4,candidate_2,candidate_1,4,0.035
10,candidate_3,candidate_4,candidate_2,candidate_1,4,0.035
11,candidate_3,candidate_4,candidate_2,candidate_1,4,0.035
12,candidate_3,candidate_4,candidate_2,candidate_1,4,0.035
13,candidate_3,candidate_4,candidate_2,candidate_1,4,0.035
14,candidate_3,candidate_4,candidate_2,candidate_1,4,0.035
15,candidate_3,candidate_4,candidate_2,0,4,0.035
16,candidate_3,candidate_4,candidate_2,candidate_1,4,0.035
17,candidate_3,candidate_4,candidate_2,candidate_1,4,0.035
18,0,candidate_4,candidate_2,candidate_1,4,0.035
19,candidate_3,candidate_4,candidate_2,candidate_1,4,0.035
20,candidate_3,candidate_4,candidate_2,candidate_1,4,0.035
21,candidate_3,candidate_4,candidate_2,candidate_1,4,0.035
22,candidate_3,candidate_4,candidate_2,candidate_1,4,0.035
23,candidate_3,candidate_4,candidate_2,candidate_1,4,0.035
24,candidate_3,candidate_4,candidate_2,candidate_1,4,0.035
25,candidate_3,candidate_4,candidate_2,candidate_1,4,0.035
26,0,candidate_4,candidate_2,candidate_1,4,0.035
27,0,candidate_4,candidate_2,candidate_1,4,0.035
28,candidate_3,candidate_4,candidate_2,candidate_1,4,0.035
29,candidate_3,candidate_4,0,candidate_1,4,0.035
30,candidate_3,candidate_4,candidate_2,candidate_1,4,0.035
31,candidate_3,candidate_4,0,candidate_1,4,0.035
32,candidate_3,candidate_4,candidate_2,candidate_1,4,0.035
33,candidate_3,candidate_4,candidate_2,candidate_1,4,0.035
34,candidate_3,candidate_4,candidate_2,candidate_1,4,0.035
35,candidate_3,candidate_4,candidate_2,candidate_1,4,0.035
36,0,candidate_4,candidate_2,candidate_1,4,0.035
37,candidate_3,candidate_4,candidate_2,candidate_1,4,0.035
38,candidate_3,candidate_4,candidate_2,candidate_1,4,0.035
39,candidate_3,candidate_4,candidate_2,candidate_1,4,0.035
40,candidate_3,candidate_4,candidate_2,candidate_1,4,0.035
41,candidate_3,candidate_4,candidate_2,candidate_1,4,0.035
42,candidate_3,candidate_4,candidate_2,candidate_1,4,0.035
43,candidate_3,candidate_4,candidate_2,0,4,0.035
44,candidate_3,candidate_4,candidate_2,candidate_1,4,0.035
45,candidate_3,candidate_4,candidate_2,candidate_1,4,0.035
46,candidate_3,candidate_4,candidate_2,candidate_1,4,0.035
47,candidate_3,candidate_4,candidate_2,candidate_1,4,0.035
48,candidate_3,candidate_4,candidate_2,candidate_1,4,0.035
49,candidate_3,candidate_4,candidate_2,candidate_1,4,0.035
50,candidate_3,candidate_4,candidate_2,0,4,0.035
51,candidate_3,candidate_4,candidate_2,candidate_1,4,0.035
52,candidate_3,candidate_4,candidate_2,candidate_1,4,0.035
53,candidate_3,candidate_4,candidate_2,candidate_1,4,0.035
54,candidate_3,candidate_4,candidate_2,candidate_1,4,0.035
55,candidate_3,candidate_4,candidate_2,candidate_1,4,0.035
56,candidate_3,candidate_4,candidate_2,candidate_1,4,0.035
57,candidate_3,candidate_4,candidate_2,candidate_1,4,0.035
58,candidate_3,candidate_4,candidate_2,candidate_1,4,0.035
59,candidate_3,candidate_4,candidate_2,candidate_1,4,0.035
60,candidate_3,candidate_4,candidate_2,candidate_1,4,0.035
61,candidate_3,candidate_4,candidate_2,candidate_1,4,0.035
62,0,candidate_4,candidate_2,candidate_1,4,0.035
63,candidate_3,candidate_4,candidate_2,candidate_1,4,0.035
64,candidate_3,candidate_4,candidate_2,candidate_1,4,0.035
65,candidate_3,candidate_4,candidate_2,candidate_1,4,0.035
66,candidate_3,0,candidate_2,candidate_1,4,0.035
67,candidate_3,candidate_4,candidate_2,candidate_1,4,0.035
68,candidate_3,candidate_4,candidate_2,candidate_1,4,0.035
69,candidate_3,candidate_4,candidate_2,candidate_1,4,0.035
70,candidate_3,candidate_4,0,candidate_1,4,0.035
71,candidate_3,candidate_4,candidate_2,candidate_1,4,0.035
72,candidate_3,candidate_4,0,candidate_1,4,0.035
73,candidate_3,candidate_4,0,candidate_1,4,0.035
74,candidate_3,candidate_4,candidate_2,candidate_1,4,0.035
75,candidate_3,candidate_4,candidate_2,candidate_1,4,0.035
76,candidate_3,candidate_4,candidate_2,candidate_1,4,0.035
77,candidate_3,candidate_4,candidate_2,candidate_1,4,0.035
78,candidate_3,candidate_4,candidate_2,candidate_1,4,0.035
79,candidate_3,candidate_4,candidate_2,candidate_1,4,0.035
80,candidate_3,candidate_4,candidate_2,candidate_1,4,0.035
81,candidate_3,candidate_4,candidate_2,candidate_1,4,0.035
82,candidate_3,candidate_4,candidate_2,candidate_1,4,0.035
83,candidate_3,candidate_4,candidate_2,candidate_1,4,0.035
84,candidate_3,0,candidate_2,candidate_1,4,0.035
85,candidate_3,candidate_4,candidate_2,candidate_1,4,0.035
86,candidate_3,candidate_4,candidate_2,candidate_1,4,0.035
87,candidate_3,candidate_4,candidate_2,candidate_1,4,0.035
88,candidate_3,candidate_4,candidate_2,candidate_1,4,0.035
89,0,candidate_4,candidate_2,candidate_1,4,0.035
90,candidate_3,0,candidate_2,candidate_1,4,0.035
91,candidate_3,candidate_4,candidate_2,candidate_1,4,0.035
92,candidate_3,candidate_4,candidate_2,candidate_1,4,0.035
93,candidate_3,candidate_4,candidate_2,candidate_1,4,0.035
94,candidate_3,candidate_4,candidate_2,candidate_1,4,0.035
95,candidate_3,candidate_4,candidate_2,candidate_1,4,0.035
96,candidate_3,candidate_4,candidate_2,candidate_1,4,0.035
97,candidate_3,candidate_4,0,candidate_1,4,0.035
98,0,candidate_4,candidate_2,candidate_1,4,0.035
99,candidate_3,candidate_4,candidate_2,candidate_1,4,0.035
100,candidate_3,candidate_4,candidate_2,candidate_1,4,0.035
101,candidate_3,candidate_4,candidate_2,candidate_1,4,0.035
102,candidate_3,candidate_4,candidate_2,candidate_1,4,0.035
103,candidate_3,candidate_4,candidate_2,candidate_1,4,0.035
104,candidate_3,candidate_4,candidate_2,candidate_1,4,0.035
105,candidate_3,candidate_4,candidate_2,candidate_1,4,0.035
106,0,candidate_4,candidate_2,candidate_1,4,0.035
107,candidate_3,candidate_4,candidate_2,candidate_1,4,0.035
108,candidate_3,candidate_4,candidate_2,candidate_1,4,0.035
109,candidate_3,candidate_4,candidate_2,candidate_1,4,0.035
110,candidate_3,candidate_4,candidate_2,candidate_1,4,0.035
111,candidate_3,candidate_4,candidate_2,candidate_1,4,0.035
112,candidate_3,candidate_4,candidate_2,candidate_1,4,0.035
113,candidate_3,candidate_4,candidate_2,candidate_1,4,0.035
114,candidate_3,candidate_4,candidate_2,candidate_1,4,0.035
115,candidate_3,candidate_4,candidate_2,candidate_1,4,0.035
116,candidate_3,candidate_4,candidate_2,candidate_1,4,0.035
117,candidate_3,0,candidate_2,0,4,0.035
118,candidate_3,candidate_4,candidate_2,candidate_1,4,0.035
119,candidate_3,candidate_4,candidate_2,candidate_1,4,0.035
120,candidate_3,candidate_4,candidate_2,candidate_1,4,0.035
121,candidate_3,0,candidate_2,candidate_1,4,0.035
122,candidate_3,candidate_4,candidate_2,candidate_1,4,0.035
123,candidate_3,candidate_4,candidate_2,candidate_1,4,0.035
124,candidate_3,candidate_4,candidate_2,candidate_1,4,0.035
125,candidate_3,candidate_4,candidate_2,candidate_1,4,0.035
126,candidate_3,candidate_4,candidate_2,candidate_1,4,0.035
127,candidate_3,candidate_4,candidate_2,candidate_1,4,0.035
128,candidate_3,candidate_4,candidate_2,candidate_1,4,0.035
129,candidate_3,candidate_4,candidate_2,candidate_1,4,0.035
130,candidate_3,candidate_4,candidate_2,candidate_1,4,0.035
131,candidate_3,candidate_4,candidate_2,candidate_1,4,0.035
132,candidate_3,candidate_4,candidate_2,candidate_1,4,0.035
133,candidate_3,candidate_4,candidate_2,candidate_1,4,0.035
134,candidate_3,candidate_4,candidate_2,candidate_1,4,0.035
135,candidate_3,candidate_4,candidate_2,candidate_1,4,0.035
136,candidate_3,candidate_4,candidate_2,candidate_1,4,0.035
137,candidate_3,candidate_4,candidate_2,candidate_1,4,0.035
138,candidate_3,candidate_4,candidate_2,candidate_1,4,0.035
139,candidate_3,candidate_4,candidate_2,candidate_1,4,0.035
140,candidate_3,candidate_4,candidate_2,candidate_1,4,0.035
141,candidate_3,candidate_4,candidate_2,candidate_1,4,0.035
142,candidate_3,candidate_4,candidate_2,candidate_1,4,0.035
143,candidate_3,candidate_4,candidate_2,candidate_1,4,0.035
144,candidate_3,candidate_4,candidate_2,candidate_1,4,0.035
145,candidate_3,candidate_4,candidate_2,0,4,0.035
146,candidate_3,candidate_4,candidate_2,candidate_1,4,0.035
147,candidate_3,candidate_4,candidate_2,candidate_1,4,0.035
148,candidate_3,candidate_4,candidate_2,candidate_1,4,0.035
149,candidate_3,candidate_4,candidate_2,candidate_1,4,0.035
150,candidate_3,candidate_4,candidate_2,candidate_1,4,0.035
151,candidate_3,candidate_4,candidate_2,candidate_1,4,0.035
152,candidate_3,candidate_4,candidate_2,candidate_1,4,0.035
153,candidate_3,candidate_4,candidate_2,candidate_1,4,0.035
154,candidate_3,candidate_4,candidate_2,candidate_1,4,0.035
155,candidate_3,candidate_4,candidate_2,candidate_1,4,0.035
156,candidate_3,candidate_4,candidate_2,candidate_1,4,0.035
157,candidate_3,candidate_4,candidate_2,candidate_1,4,0.035
158,candidate_3,candidate_4,candidate_2,candidate_1,4,0.035
159,candidate_3,candidate_4,candidate_2,candidate_1,4,0.035
160,candidate_3,candidate_4,candidate_2,candidate_1,4,0.035
161,candidate_3,0,candidate_2,candidate_1,4,0.035
162,candidate_3,candidate_4,candidate_2,candidate_1,4,0.035
163,candidate_3,candidate_4,candidate_2,candidate_1,4,0.035
164,candidate_3,candidate_4,candidate_2,candidate_1,4,0.035
165,candidate_3,candidate_4,candidate_2,candidate_1,4,0.035
166,candidate_3,candidate_4,candidate_2,candidate_1,4,0.035
167,candidate_3,candidate_4,candidate_2,candidate_1,4,0.035
168,candidate_3,candidate_4,candidate_2,candidate_1,4,0.035
169,candidate_3,candidate_4,candidate_2,candidate_1,4,0.035
170,candidate_3,candidate_4,candidate_2,candidate_1,4,0.035
171,0,candidate_4,candidate_2,candidate_1,4,0.035
172,candidate_3,candidate_4,candidate_2,candidate_1,4,0.035
173,candidate_3,candidate_4,candidate_2,candidate_1,4,0.035
174,candidate_3,candidate_4,candidate_2,candidate_1,4,0.035
175,candidate_3,candidate_4,candidate_2,candidate_1,4,0.035
176,candidate_3,candidate_4,candidate_2,candidate_1,4,0.035
177,candidate_3,candidate_4,0,candidate_1,4,0.035
178,candidate_3,candidate_4,candidate_2,candidate_1,4,0.035
179,candidate_3,candidate_4,candidate_2,candidate_1,4,0.035
180,candidate_3,candidate_4,0,candidate_1,4,0.035
181,candidate_3,candidate_4,candidate_2,candidate_1,4,0.035
182,candidate_3,candidate_4,candidate_2,candidate_1,4,0.035
183,candidate_3,candidate_4,candidate_2,candidate_1,4,0.035
184,candidate_3,candidate_4,candidate_2,candidate_1,4,0.035
185,candidate_3,candidate_4,candidate_2,candidate_1,4,0.035
186,candidate_3,candidate_4,candidate_2,candidate_1,4,0.035
187,candidate_3,candidate_4,candidate_2,candidate_1,4,0.035
188,candidate_3,candidate_4,candidate_2,candidate_1,4,0.035
189,candidate_3,candidate_4,candidate_2,candidate_1,4,0.035
190,candidate_3,candidate_4,candidate_2,candidate_1,4,0.035
191,candidate_3,candidate_4,candidate_2,candidate_1,4,0.035
192,0,candidate_4,candidate_2,candidate_1,4,0.035
193,candidate_3,candidate_4,candidate_2,candidate_1,4,0.035
194,candidate_3,candidate_4,candidate_2,candidate_1,4,0.035
195,candidate_3,candidate_4,candidate_2,candidate_1,4,0.035
196,candidate_3,candidate_4,candidate_2,0,4,0.035
197,candidate_3,candidate_4,candidate_2,candidate_1,4,0.035
198,candidate_3,candidate_4,candidate_2,candidate_1,4,0.035
199,candidate_3,candidate_4,candidate_2,candidate_1,4,0.035
200,candidate_3,candidate_4,candidate_2,candidate_1,4,0.035
201,candidate_3,candidate_4,candidate_2,candidate_1,4,0.035
202,candidate_3,candidate_4,candidate_2,candidate_1,4,0.035
203,candidate_3,candidate_4,candidate_2,candidate_1,4,0.035
0,candidate_4,candidate_1,candidate_2,candidate_3,4,0.035
1,candidate_4,candidate_1,candidate_2,candidate_3,4,0.035
2,candidate_4,candidate_1,candidate_2,candidate_3,4,0.035
3,candidate_4,candidate_1,candidate_2,candidate_3,4,0.035
4,candidate_4,candidate_1,candidate_2,candidate_3,4,0.035
5,candidate_4,candidate_1,candidate_2,candidate_3,4,0.035
6,candidate_4,candidate_1,candidate_2,candidate_3,4,0.035
7,candidate_4,candidate_1,candidate_2,candidate_3,4,0.035
8,candidate_4,candidate_1,candidate_2,candidate_3,4,0.035
9,candidate_4,candidate_1,candidate_2,candidate_3,4,0.035
10,candidate_4,candidate_1,0,candidate_3,4,0.035
11,candidate_4,candidate_1,candidate_2,0,4,0.035
12,candidate_4,candidate_1,candidate_2,candidate_3,4,0.035
13,candidate_4,candidate_1,candidate_2,candidate_3,4,0.035
14,candidate_4,candidate_1,candidate_2,candidate_3,4,0.035
15,candidate_4,candidate_1,candidate_2,candidate_3,4,0.035
16,candidate_4,candidate_1,candidate_2,candidate_3,4,0.035
17,candidate_4,candidate_1,candidate_2,0,4,0.035
18,candidate_4,candidate_1,candidate_2,candidate_3,4,0.035
19,candidate_4,candidate_1,candidate_2,candidate_3,4,0.035
20,candidate_4,candidate_1,candidate_2,candidate_3,4,0.035
21,candidate_4,candidate_1,candidate_2,candidate_3,4,0.035
22,candidate_4,candidate_1,candidate_2,candidate_3,4,0.035
23,candidate_4,candidate_1,candidate_2,candidate_3,4,0.035
24,candidate_4,candidate_1,candidate_2,candidate_3,4,0.035
25,candidate_4,candidate_1,candidate_2,candidate_3,4,0.035
26,candidate_4,candidate_1,candidate_2,candidate_3,4,0.035
27,candidate_4,candidate_1,candidate_2,candidate_3,4,0.035
28,candidate_4,candidate_1,candidate_2,0,4,0.035
29,candidate_4,candidate_1,candidate_2,0,4,0.035
30,candidate_4,candidate_1,candidate_2,candidate_3,4,0.035
31,candidate_4,candidate_1,candidate_2,candidate_3,4,0.035
32,candidate_4,candidate_1,candidate_2,candidate_3,4,0.035
33,candidate_4,candidate_1,candidate_2,candidate_3,4,0.035
34,candidate_4,candidate_1,candidate_2,candidate_3,4,0.035
35,candidate_4,candidate_1,candidate_2,candidate_3,4,0.035
36,candidate_4,candidate_1,candidate_2,candidate_3,4,0.035
37,candidate_4,candidate_1,candidate_2,candidate_3,4,0.035
38,candidate_4,candidate_1,candidate_2,candidate_3,4,0.035
39,candidate_4,candidate_1,candidate_2,candidate_3,4,0.035
40,candidate_4,candidate_1,candidate_2,0,4,0.035
41,candidate_4,candidate_1,candidate_2,candidate_3,4,0.035
42,candidate_4,candidate_1,candidate_2,candidate_3,4,0.035
43,candidate_4,candidate_1,candidate_2,candidate_3,4,0.035
44,candidate_4,candidate_1,candidate_2,candidate_3,4,0.035
45,candidate_4,candidate_1,candidate_2,candidate_3,4,0.035
46,candidate_4,0,0,candidate_3,4,0.035
47,candidate_4,candidate_1,candidate_2,candidate_3,4,0.035
48,candidate_4,candidate_1,candidate_2,candidate_3,4,0.035
49,candidate_4,candidate_1,candidate_2,candidate_3,4,0.035
50,candidate_4,candidate_1,candidate_2,0,4,0.035
51,candidate_4,candidate_1,candidate_2,candidate_3,4,0.035
52,candidate_4,candidate_1,candidate_2,candidate_3,4,0.035
53,candidate_4,candidate_1,candidate_2,candidate_3,4,0.035
54,candidate_4,candidate_1,candidate_2,candidate_3,4,0.035
55,candidate_4,candidate_1,candidate_2,candidate_3,4,0.035
56,candidate_4,candidate_1,candidate_2,candidate_3,4,0.035
57,candidate_4,candidate_1,candidate_2,candidate_3,4,0.035
58,candidate_4,candidate_1,candidate_2,candidate_3,4,0.035
59,candidate_4,0,candidate_2,candidate_3,4,0.035
60,candidate_4,candidate_1,candidate_2,candidate_3,4,0.035
61,candidate_4,candidate_1,candidate_2,candidate_3,4,0.035
62,candidate_4,candidate_1,candidate_2,candidate_3,4,0.035
63,candidate_4,candidate_1,candidate_2,candidate_3,4,0.035
64,candidate_4,candidate_1,candidate_2,candidate_3,4,0.035
65,candidate_4,candidate_1,candidate_2,candidate_3,4,0.035
66,candidate_4,candidate_1,candidate_2,candidate_3,4,0.035
67,candidate_4,candidate_1,candidate_2,candidate_3,4,0.035
68,candidate_4,candidate_1,candidate_2,candidate_3,4,0.035
69,candidate_4,candidate_1,candidate_2,candidate_3,4,0.035
70,candidate_4,candidate_1,candidate_2,candidate_3,4,0.035
71,candidate_4,candidate_1,candidate_2,candidate_3,4,0.035
72,candidate_4,candidate_1,candidate_2,candidate_3,4,0.035
73,candidate_4,candidate_1,candidate_2,candidate_3,4,0.035
74,candidate_4,candidate_1,candidate_2,candidate_3,4,0.035
75,candidate_4,candidate_1,candidate_2,candidate_3,4,0.035
76,candidate_4,candidate_1,candidate_2,candidate_3,4,0.035
77,candidate_4,candidate_1,candidate_2,candidate_3,4,0.035
78,candidate_4,candidate_1,candidate_2,candidate_3,4,0.035
79,candidate_4,candidate_1,candidate_2,candidate_3,4,0.035
80,candidate_4,candidate_1,0,candidate_3,4,0.035
81,candidate_4,candidate_1,candidate_2,candidate_3,4,0.035
82,candidate_4,0,candidate_2,candidate_3,4,0.035
83,candidate_4,candidate_1,candidate_2,candidate_3,4,0.035
84,candidate_4,candidate_1,candidate_2,candidate_3,4,0.035
85,candidate_4,candidate_1,candidate_2,candidate_3,4,0.035
86,candidate_4,candidate_1,candidate_2,candidate_3,4,0.035
87,candidate_4,candidate_1,candidate_2,candidate_3,4,0.035
88,candidate_4,candidate_1,candidate_2,candidate_3,4,0.035
89,candidate_4,candidate_1,candidate_2,candidate_3,4,0.035
90,candidate_4,candidate_1,candidate_2,candidate_3,4,0.035
91,candidate_4,candidate_1,candidate_2,candidate_3,4,0.035
92,candidate_4,candidate_1,candidate_2,candidate_3,4,0.035
93,candidate_4,candidate_1,0,candidate_3,4,0.035
94,candidate_4,candidate_1,candidate_2,candidate_3,4,0.035
95,candidate_4,candidate_1,candidate_2,candidate_3,4,0.035
96,candidate_4,candidate_1,candidate_2,candidate_3,4,0.035
97,candidate_4,candidate_1,candidate_2,candidate_3,4,0.035
98,candidate_4,candidate_1,candidate_2,candidate_3,4,0.035
99,candidate_4,candidate_1,candidate_2,candidate_3,4,0.035
100,candidate_4,candidate_1,candidate_2,candidate_3,4,0.035
101,candidate_4,candidate_1,candidate_2,candidate_3,4,0.035
102,candidate_4,candidate_1,candidate_2,candidate_3,4,0.035
103,candidate_4,candidate_1,candidate_2,candidate_3,4,0.035
104,candidate_4,candidate_1,candidate_2,candidate_3,4,0.035
105,candidate_4,candidate_1,candidate_2,candidate_3,4,0.035
106,0,candidate_1,candidate_2,candidate_3,4,0.035
107,candidate_4,candidate_1,candidate_2,candidate_3,4,0.035
108,candidate_4,candidate_1,candidate_2,candidate_3,4,0.035
109,candidate_4,candidate_1,candidate_2,candidate_3,4,0.035
110,candidate_4,candidate_1,candidate_2,0,4,0.035
111,candidate_4,candidate_1,candidate_2,candidate_3,4,0.035
112,candidate_4,candidate_1,candidate_2,candidate_3,4,0.035
113,candidate_4,0,candidate_2,candidate_3,4,0.035
114,candidate_4,candidate_1,candidate_2,candidate_3,4,0.035
115,candidate_4,candidate_1,candidate_2,candidate_3,4,0.035
116,candidate_4,candidate_1,0,candidate_3,4,0.035
117,candidate_4,candidate_1,candidate_2,candidate_3,4,0.035
118,candidate_4,candidate_1,0,candidate_3,4,0.035
119,candidate_4,candidate_1,candidate_2,candidate_3,4,0.035
120,candidate_4,candidate_1,candidate_2,candidate_3,4,0.035
121,candidate_4,candidate_1,candidate_2,candidate_3,4,0.035
122,candidate_4,candidate_1,candidate_2,0,4,0.035
123,candidate_4,candidate_1,candidate_2,candidate_3,4,0.035
124,candidate_4,candidate_1,candidate_2,candidate_3,4,0.035
125,candidate_4,candidate_1,candidate_2,candidate_3,4,0.035
126,candidate_4,candidate_1,candidate_2,candidate_3,4,0.035
127,candidate_4,candidate_1,candidate_2,candidate_3,4,0.035
128,candidate_4,candidate_1,candidate_2,candidate_3,4,0.035
129,candidate_4,candidate_1,candidate_2,candidate_3,4,0.035
130,candidate_4,candidate_1,candidate_2,candidate_3,4,0.035
131,candidate_4,candidate_1,candidate_2,candidate_3,4,0.035
132,candidate_4,candidate_1,candidate_2,candidate_3,4,0.035
133,candidate_4,candidate_1,candidate_2,candidate_3,4,0.035
134,candidate_4,candidate_1,candidate_2,candidate_3,4,0.035
135,candidate_4,candidate_1,candidate_2,candidate_3,4,0.035
136,candidate_4,candidate_1,candidate_2,candidate_3,4,0.035
137,candidate_4,candidate_1,candidate_2,candidate_3,4,0.035
138,candidate_4,candidate_1,candidate_2,candidate_3,4,0.035
139,candidate_4,candidate_1,candidate_2,candidate_3,4,0.035
140,candidate_4,candidate_1,candidate_2,candidate_3,4,0.035
141,candidate_4,candidate_1,candidate_2,candidate_3,4,0.035
142,candidate_4,candidate_1,candidate_2,candidate_3,4,0.035
143,candidate_4,candidate_1,candidate_2,candidate_3,4,0.035
144,candidate_4,candidate_1,candidate_2,candidate_3,4,0.035
145,candidate_4,candidate_1,candidate_2,candidate_3,4,0.035
146,candidate_4,candidate_1,candidate_2,candidate_3,4,0.035
147,candidate_4,candidate_1,candidate_2,candidate_3,4,0.035
148,candidate_4,candidate_1,candidate_2,candidate_3,4,0.035
149,candidate_4,candidate_1,candidate_2,candidate_3,4,0.035
150,candidate_4,candidate_1,candidate_2,candidate_3,4,0.035
151,candidate_4,candidate_1,candidate_2,candidate_3,4,0.035
152,candidate_4,candidate_1,candidate_2,candidate_3,4,0.035
153,candidate_4,candidate_1,candidate_2,candidate_3,4,0.035
154,candidate_4,candidate_1,candidate_2,candidate_3,4,0.035
155,candidate_4,candidate_1,candidate_2,candidate_3,4,0.035
156,candidate_4,candidate_1,candidate_2,candidate_3,4,0.035
157,candidate_4,candidate_1,0,candidate_3,4,0.035
158,candidate_4,candidate_1,candidate_2,candidate_3,4,0.035
159,candidate_4,candidate_1,0,candidate_3,4,0.035
160,candidate_4,candidate_1,candidate_2,candidate_3,4,0.035
161,candidate_4,candidate_1,candidate_2,candidate_3,4,0.035
162,candidate_4,candidate_1,candidate_2,candidate_3,4,0.035
163,candidate_4,candidate_1,candidate_2,candidate_3,4,0.035
164,candidate_4,candidate_1,candidate_2,candidate_3,4,0.035
165,candidate_4,candidate_1,candidate_2,candidate_3,4,0.035
166,candidate_4,candidate_1,candidate_2,candidate_3,4,0.035
167,candidate_4,candidate_1,candidate_2,candidate_3,4,0.035
168,candidate_4,candidate_1,candidate_2,0,4,0.035
169,candidate_4,candidate_1,candidate_2,candidate_3,4,0.035
170,candidate_4,candidate_1,candidate_2,candidate_3,4,0.035
171,candidate_4,candidate_1,candidate_2,candidate_3,4,0.035
172,candidate_4,candidate_1,candidate_2,candidate_3,4,0.035
173,candidate_4,candidate_1,candidate_2,candidate_3,4,0.035
174,candidate_4,candidate_1,candidate_2,candidate_3,4,0.035
175,candidate_4,candidate_1,candidate_2,candidate_3,4,0.035
176,candidate_4,0,candidate_2,candidate_3,4,0.035
177,candidate_4,candidate_1,candidate_2,candidate_3,4,0.035
178,candidate_4,candidate_1,candidate_2,candidate_3,4,0.035
179,candidate_4,candidate_1,candidate_2,candidate_3,4,0.035
180,candidate_4,candidate_1,candidate_2,candidate_3,4,0.035
181,candidate_4,candidate_1,candidate_2,candidate_3,4,0.035
182,candidate_4,candidate_1,candidate_2,candidate_3,4,0.035
183,candidate_4,candidate_1,candidate_2,candidate_3,4,0.035
184,candidate_4,candidate_1,candidate_2,candidate_3,4,0.035
185,candidate_4,candidate_1,candidate_2,candidate_3,4,0.035
186,candidate_4,candidate_1,candidate_2,candidate_3,4,0.035
187,candidate_4,candidate_1,candidate_2,candidate_3,4,0.035
188,candidate_4,candidate_1,candidate_2,candidate_3,4,0.035
189,0,candidate_1,candidate_2,candidate_3,4,0.035
190,candidate_4,candidate_1,candidate_2,candidate_3,4,0.035
191,candidate_4,candidate_1,candidate_2,0,4,0.035
192,candidate_4,candidate_1,candidate_2,candidate_3,4,0.035
193,candidate_4,candidate_1,candidate_2,candidate_3,4,0.035
194,candidate_4,candidate_1,candidate_2,candidate_3,4,0.035
195,candidate_4,candidate_1,candidate_2,candidate_3,4,0.035
196,candidate_4,candidate_1,candidate_2,candidate_3,4,0.035
197,candidate_4,candidate_1,candidate_2,candidate_3,4,0.035
198,candidate_4,candidate_1,candidate_2,candidate_3,4,0.035
199,candidate_4,candidate_1,candidate_2,candidate_3,4,0.035
200,candidate_4,candidate_1,candidate_2,candidate_3,4,0.035
201,candidate_4,candidate_1,candidate_2,candidate_3,4,0.035
202,candidate_4,candidate_1,candidate_2,candidate_3,4,0.035
203,candidate_4,candidate_1,candidate_2,candidate_3,4,0.035
204,candidate_4,candidate_1,candidate_2,candidate_3,4,0.035
205,candidate_4,candidate_1,candidate_2,candidate_3,4,0.035
206,candidate_4,candidate_1,candidate_2,candidate_3,4,0.035
207,candidate_4,candidate_1,candidate_2,candidate_3,4,0.035
208,candidate_4,candidate_1,candidate_2,candidate_3,4,0.035
209,candidate_4,0,candidate_2,candidate_3,4,0.035
210,candidate_4,candidate_1,candidate_2,candidate_3,4,0.035
211,candidate_4,candidate_1,0,candidate_3,4,0.035
212,candidate_4,candidate_1,candidate_2,candidate_3,4,0.035
213,candidate_4,candidate_1,candidate_2,candidate_3,4,0.035
214,candidate_4,candidate_1,candidate_2,candidate_3,4,0.035
215,candidate_4,0,candidate_2,candidate_3,4,0.035
216,candidate_4,candidate_1,candidate_2,candidate_3,4,0.035
217,candidate_4,candidate_1,candidate_2,candidate_3,4,0.035
218,candidate_4,candidate_1,candidate_2,candidate_3,4,0.035
219,candidate_4,0,candidate_2,candidate_3,4,0.035
220,candidate_4,candidate_1,candidate_2,candidate_3,4,0.035
221,candidate_4,candidate_1,candidate_2,candidate_3,4,0.035
222,candidate_4,candidate_1,candidate_2,candidate_3,4,0.035
223,candidate_4,candidate_1,candidate_2,candidate_3,4,0.035
224,candidate_4,candidate_1,candidate_2,candidate_3,4,0.035
225,candidate_4,candidate_1,candidate_2,candidate_3,4,0.035
226,candidate_4,candidate_1,candidate_2,candidate_3,4,0.035
227,candidate_4,candidate_1,candidate_2,candidate_3,4,0.035
228,0,candidate_1,candidate_2,candidate_3,4,0.035
229,candidate_4,candidate_1,candidate_2,candidate_3,4,0.035
230,candidate_4,candidate_1,candidate_2,candidate_3,4,0.035
231,candidate_4,candidate_1,candidate_2,candidate_3,4,0.035
232,candidate_4,candidate_1,candidate_2,candidate_3,4,0.035
233,candidate_4,0,candidate_2,candidate_3,4,0.035
234,0,candidate_1,candidate_2,candidate_3,4,0.035
235,candidate_4,candidate_1,candidate_2,candidate_3,4,0.035
236,candidate_4,candidate_1,candidate_2,candidate_3,4,0.035
237,candidate_4,candidate_1,candidate_2,candidate_3,4,0.035
238,candidate_4,candidate_1,0,candidate_3,4,0.035
239,candidate_4,candidate_1,candidate_2,candidate_3,4,0.035
240,candidate_4,candidate_1,candidate_2,candidate_3,4,0.035
241,candidate_4,candidate_1,candidate_2,candidate_3,4,0.035
242,candidate_4,candidate_1,candidate_2,candidate_3,4,0.035
243,candidate_4,candidate_1,candidate_2,candidate_3,4,0.035
244,candidate_4,candidate_1,candidate_2,candidate_3,4,0.035
245,candidate_4,candidate_1,candidate_2,candidate_3,4,0.035
246,candidate_4,candidate_1,candidate_2,candidate_3,4,0.035
247,candidate_4,candidate_1,candidate_2,candidate_3,4,0.035
248,candidate_4,candidate_1,candidate_2,candidate_3,4,0.035
249,candidate_4,candidate_1,candidate_2,candidate_3,4,0.035
250,candidate_4,candidate_1,0,candidate_3,4,0.035
251,candidate_4,candidate_1,candidate_2,candidate_3,4,0.035
252,candidate_4,candidate_1,candidate_2,candidate_3,4,0.035
253,candidate_4,candidate_1,candidate_2,candidate_3,4,0.035
254,candidate_4,candidate_1,candidate_2,candidate_3,4,0.035
255,candidate_4,candidate_1,candidate_2,candidate_3,4,0.035
256,candidate_4,candidate_1,candidate_2,candidate_3,4,0.035
257,candidate_4,candidate_1,candidate_2,candidate_3,4,0.035
258,candidate_4,candidate_1,candidate_2,candidate_3,4,0.035
259,candidate_4,candidate_1,candidate_2,candidate_3,4,0.035
260,candidate_4,candidate_1,candidate_2,candidate_3,4,0.035
261,0,candidate_1,candidate_2,candidate_3,4,0.035
262,candidate_4,candidate_1,candidate_2,candidate_3,4,0.035
263,0,candidate_1,candidate_2,candidate_3,4,0.035
264,0,candidate_1,candidate_2,candidate_3,4,0.035
265,candidate_4,candidate_1,candidate_2,candidate_3,4,0.035
266,candidate_4,candidate_1,candidate_2,candidate_3,4,0.035
267,candidate_4,candidate_1,candidate_2,candidate_3,4,0.035
268,candidate_4,candidate_1,candidate_2,candidate_3,4,0.035
269,candidate_4,candidate_1,candidate_2,candidate_3,4,0.035
270,candidate_4,candidate_1,candidate_2,candidate_3,4,0.035
271,candidate_4,candidate_1,candidate_2,candidate_3,4,0.035
272,candidate_4,candidate_1,candidate_2,candidate_3,4,0.035
273,candidate_4,candidate_1,candidate_2,candidate_3,4,0.035
274,candidate_4,candidate_1,candidate_2,candidate_3,4,0.035
275,candidate_4,candidate_1,candidate_2,candidate_3,4,0.035
276,candidate_4,candidate_1,candidate_2,candidate_3,4,0.035
277,candidate_4,candidate_1,candidate_2,candidate_3,4,0.035
278,candidate_4,candidate_1,candidate_2,candidate_3,4,0.035
279,candidate_4,candidate_1,candidate_2,candidate_3,4,0.035
280,candidate_4,candidate_1,candidate_2,candidate_3,4,0.035
281,candidate_4,candidate_1,candidate_2,candidate_3,4,0.035
282,candidate_4,candidate_1,candidate_2,candidate_3,4,0.035
283,candidate_4,candidate_1,candidate_2,candidate_3,4,0.035
284,candidate_4,candidate_1,candidate_2,candidate_3,4,0.035
285,candidate_4,candidate_1,candidate_2,candidate_3,4,0.035
286,candidate_4,candidate_1,candidate_2,candidate_3,4,0.035
287,candidate_4,candidate_1,candidate_2,candidate_3,4,0.035
288,candidate_4,candidate_1,candidate_2,candidate_3,4,0.035
289,candidate_4,candidate_1,candidate_2,candidate_3,4,0.035
290,candidate_4,candidate_1,candidate_2,candidate_3,4,0.035
291,candidate_4,candidate_1,candidate_2,candidate_3,4,0.035
292,candidate_4,candidate_1,candidate_2,candidate_3,4,0.035
293,candidate_4,candidate_1,candidate_2,candidate_3,4,0.035
294,candidate_4,candidate_1,candidate_2,candidate_3,4,0.035
295,candidate_4,candidate_1,candidate_2,candidate_3,4,0.035
296,candidate_4,candidate_1,candidate_2,candidate_3,4,0.035
297,candidate_4,candidate_1,candidate_2,candidate_3,4,0.035
298,candidate_4,candidate_1,candidate_2,candidate_3,4,0.035
299,candidate_4,0,candidate_2,candidate_3,4,0.035
300,candidate_4,candidate_1,candidate_2,candidate_3,4,0.035
301,candidate_4,candidate_1,candidate_2,candidate_3,4,0.035
302,candidate_4,candidate_1,candidate_2,candidate_3,4,0.035
303,candidate_4,candidate_1,0,candidate_3,4,0.035
304,candidate_4,candidate_1,candidate_2,candidate_3,4,0.035
305,candidate_4,candidate_1,candidate_2,candidate_3,4,0.035
306,0,candidate_1,candidate_2,0,4,0.035
307,candidate_4,candidate_1,candidate_2,candidate_3,4,0.035
308,candidate_4,candidate_1,candidate_2,candidate_3,4,0.035
309,candidate_4,candidate_1,candidate_2,candidate_3,4,0.035
310,candidate_4,candidate_1,candidate_2,candidate_3,4,0.035
311,candidate_4,candidate_1,candidate_2,candidate_3,4,0.035
312,candidate_4,candidate_1,candidate_2,candidate_3,4,0.035
313,candidate_4,candidate_1,candidate_2,0,4,0.035
314,candidate_4,0,candidate_2,candidate_3,4,0.035
315,candidate_4,candidate_1,candidate_2,candidate_3,4,0.035
316,candidate_4,candidate_1,candidate_2,candidate_3,4,0.035
317,candidate_4,candidate_1,candidate_2,candidate_3,4,0.035
318,candidate_4,candidate_1,candidate_2,candidate_3,4,0.035
319,candidate_4,candidate_1,candidate_2,candidate_3,4,0.035
320,candidate_4,candidate_1,candidate_2,candidate_3,4,0.035
321,candidate_4,candidate_1,candidate_2,candidate_3,4,0.035
322,candidate_4,candidate_1,candidate_2,candidate_3,4,0.035
323,candidate_4,candidate_1,candidate_2,candidate_3,4,0.035
324,candidate_4,candidate_1,candidate_2,candidate_3,4,0.035
325,candidate_4,0,candidate_2,candidate_3,4,0.035
326,candidate_4,candidate_1,candidate_2,candidate_3,4,0.035
327,candidate_4,candidate_1,candidate_2,candidate_3,4,0.035
328,candidate_4,candidate_1,candidate_2,candidate_3,4,0.035
329,candidate_4,candidate_1,candidate_2,candidate_3,4,0.035
330,candidate_4,candidate_1,candidate_2,candidate_3,4,0.035
331,candidate_4,candidate_1,candidate_2,candidate_3,4,0.035
332,candidate_4,candidate_1,candidate_2,candidate_3,4,0.035
333,candidate_4,candidate_1,candidate_2,candidate_3,4,0.035
334,candidate_4,candidate_1,candidate_2,candidate_3,4,0.035
335,candidate_4,candidate_1,candidate_2,candidate_3,4,0.035
336,candidate_4,candidate_1,candidate_2,candidate_3,4,0.035
337,candidate_4,candidate_1,candidate_2,candidate_3,4,0.035
338,candidate_4,candidate_1,candidate_2,candidate_3,4,0.035
339,candidate_4,candidate_1,candidate_2,candidate_3,4,0.035
340,candidate_4,candidate_1,candidate_2,candidate_3,4,0.035
341,candidate_4,candidate_1,candidate_2,candidate_3,4,0.035
342,candidate_4,candidate_1,0,candidate_3,4,0.035
343,candidate_4,candidate_1,candidate_2,candidate_3,4,0.035
344,candidate_4,candidate_1,candidate_2,candidate_3,4,0.035
345,candidate_4,candidate_1,candidate_2,candidate_3,4,0.035
346,candidate_4,candidate_1,candidate_2,candidate_3,4,0.035
347,candidate_4,candidate_1,candidate_2,candidate_3,4,0.035
348,candidate_4,candidate_1,candidate_2,candidate_3,4,0.035
349,candidate_4,candidate_1,candidate_2,candidate_3,4,0.035
350,candidate_4,candidate_1,candidate_2,candidate_3,4,0.035
351,candidate_4,candidate_1,candidate_2,candidate_3,4,0.035
352,candidate_4,candidate_1,candidate_2,candidate_3,4,0.035
353,candidate_4,candidate_1,candidate_2,candidate_3,4,0.035
354,candidate_4,candidate_1,candidate_2,candidate_3,4,0.035
355,candidate_4,candidate_1,candidate_2,candidate_3,4,0.035
356,candidate_4,candidate_1,candidate_2,candidate_3,4,0.035
357,candidate_4,candidate_1,candidate_2,candidate_3,4,0.035
358,candidate_4,candidate_1,candidate_2,candidate_3,4,0.035
359,candidate_4,candidate_1,candidate_2,candidate_3,4,0.035
360,candidate_4,candidate_1,candidate_2,candidate_3,4,0.035
361,candidate_4,candidate_1,candidate_2,candidate_3,4,0.035
362,candidate_4,candidate_1,candidate_2,candidate_3,4,0.035
363,candidate_4,candidate_1,candidate_2,candidate_3,4,0.035
364,candidate_4,candidate_1,candidate_2,candidate_3,4,0.035
365,candidate_4,candidate_1,candidate_2,candidate_3,4,0.035
366,candidate_4,candidate_1,candidate_2,candidate_3,4,0.035
367,candidate_4,candidate_1,candidate_2,candidate_3,4,0.035
368,candidate_4,candidate_1,candidate_2,candidate_3,4,0.035
369,candidate_4,candidate_1,candidate_2,candidate_3,4,0.035
370,candidate_4,candidate_1,candidate_2,candidate_3,4,0.035
371,candidate_4,candidate_1,candidate_2,candidate_3,4,0.035
372,candidate_4,candidate_1,candidate_2,candidate_3,4,0.035
373,candidate_4,candidate_1,candidate_2,candidate_3,4,0.035
374,candidate_4,candidate_1,candidate_2,candidate_3,4,0.035
375,0,candidate_1,candidate_2,candidate_3,4,0.035
376,candidate_4,candidate_1,0,candidate_3,4,0.035
377,candidate_4,0,candidate_2,0,4,0.035
378,candidate_4,candidate_1,candidate_2,candidate_3,4,0.035
379,candidate_4,candidate_1,candidate_2,candidate_3,4,0.035
380,candidate_4,candidate_1,candidate_2,0,4,0.035
381,0,candidate_1,candidate_2,candidate_3,4,0.035
382,candidate_4,candidate_1,candidate_2,candidate_3,4,0.035
383,candidate_4,candidate_1,0,candidate_3,4,0.035
384,candidate_4,candidate_1,candidate_2,candidate_3,4,0.035
385,candidate_4,candidate_1,candidate_2,candidate_3,4,0.035
386,candidate_4,candidate_1,candidate_2,candidate_3,4,0.035
387,candidate_4,candidate_1,candidate_2,candidate_3,4,0.035
388,candidate_4,candidate_1,candidate_2,candidate_3,4,0.035
389,candidate_4,candidate_1,candidate_2,0,4,0.035
390,candidate_4,candidate_1,0,candidate_3,4,0.035
391,candidate_4,candidate_1,candidate_2,candidate_3,4,0.035
392,candidate_4,0,candidate_2,candidate_3,4,0.035
393,candidate_4,candidate_1,candidate_2,candidate_3,4,0.035
394,candidate_4,candidate_1,candidate_2,candidate_3,4,0.035
395,candidate_4,candidate_1,candidate_2,candidate_3,4,0.035
396,candidate_4,candidate_1,candidate_2,candidate_3,4,0.035
397,candidate_4,candidate_1,candidate_2,candidate_3,4,0.035
398,candidate_4,candidate_1,candidate_2,candidate_3,4,0.035
399,candidate_4,candidate_1,candidate_2,candidate_3,4,0.035
400,candidate_4,0,candidate_2,candidate_3,4,0.035
401,candidate_4,candidate_1,candidate_2,candidate_3,4,0.035
402,candidate_4,candidate_1,candidate_2,candidate_3,4,0.035
403,candidate_4,candidate_1,candidate_2,candidate_3,4,0.035
404,candidate_4,candidate_1,candidate_2,candidate_3,4,0.035
405,candidate_4,candidate_1,candidate_2,candidate_3,4,0.035
406,candidate_4,candidate_1,candidate_2,candidate_3,4,0.035
407,candidate_4,candidate_1,0,candidate_3,4,0.035
408,candidate_4,candidate_1,candidate_2,candidate_3,4,0.035
409,candidate_4,candidate_1,candidate_2,candidate_3,4,0.035
410,candidate_4,candidate_1,candidate_2,candidate_3,4,0.035
411,0,candidate_1,candidate_2,candidate_3,4,0.035
412,candidate_4,candidate_1,candidate_2,0,4,0.035
413,candidate_4,candidate_1,0,candidate_3,4,0.035
414,candidate_4,candidate_1,candidate_2,candidate_3,4,0.035
415,candidate_4,candidate_1,candidate_2,candidate_3,4,0.035
416,candidate_4,candidate_1,candidate_2,candidate_3,4,0.035
417,0,candidate_1,candidate_2,candidate_3,4,0.035
418,candidate_4,candidate_1,candidate_2,candidate_3,4,0.035
419,candidate_4,candidate_1,candidate_2,candidate_3,4,0.035
420,candidate_4,candidate_1,candidate_2,candidate_3,4,0.035
421,candidate_4,candidate_1,candidate_2,candidate_3,4,0.035
422,candidate_4,0,candidate_2,candidate_3,4,0.035
423,candidate_4,candidate_1,candidate_2,candidate_3,4,0.035
424,candidate_4,candidate_1,candidate_2,candidate_3,4,0.035
425,candidate_4,candidate_1,candidate_2,candidate_3,4,0.035
426,candidate_4,candidate_1,candidate_2,0,4,0.035
427,candidate_4,candidate_1,candidate_2,candidate_3,4,0.035
428,candidate_4,candidate_1,candidate_2,candidate_3,4,0.035
429,candidate_4,candidate_1,candidate_2,candidate_3,4,0.035
430,candidate_4,candidate_1,candidate_2,candidate_3,4,0.035
431,candidate_4,candidate_1,candidate_2,candidate_3,4,0.035
432,candidate_4,candidate_1,candidate_2,candidate_3,4,0.035
433,candidate_4,candidate_1,candidate_2,candidate_3,4,0.035
434,candidate_4,candidate_1,candidate_2,candidate_3,4,0.035
435,candidate_4,candidate_1,candidate_2,candidate_3,4,0.035
436,candidate_4,candidate_1,candidate_2,0,4,0.035
437,candidate_4,candidate_1,candidate_2,candidate_3,4,0.035
438,candidate_4,candidate_1,candidate_2,candidate_3,4,0.035
439,candidate_4,candidate_1,candidate_2,candidate_3,4,0.035
440,candidate_4,candidate_1,candidate_2,candidate_3,4,0.035
441,candidate_4,0,candidate_2,candidate_3,4,0.035
442,candidate_4,candidate_1,0,candidate_3,4,0.035
443,candidate_4,candidate_1,candidate_2,candidate_3,4,0.035
444,candidate_4,0,candidate_2,candidate_3,4,0.035
445,candidate_4,candidate_1,candidate_2,candidate_3,4,0.035
446,candidate_4,candidate_1,candidate_2,candidate_3,4,0.035
447,candidate_4,candidate_1,candidate_2,candidate_3,4,0.035
448,candidate_4,candidate_1,candidate_2,candidate_3,4,0.035
449,candidate_4,candidate_1,candidate_2,candidate_3,4,0.035
450,candidate_4,candidate_1,candidate_2,candidate_3,4,0.035
451,candidate_4,candidate_1,0,candidate_3,4,0.035
452,candidate_4,candidate_1,candidate_2,candidate_3,4,0.035
453,candidate_4,candidate_1,candidate_2,candidate_3,4,0.035
454,candidate_4,candidate_1,candidate_2,candidate_3,4,0.035
455,candidate_4,candidate_1,candidate_2,candidate_3,4,0.035
456,candidate_4,candidate_1,candidate_2,candidate_3,4,0.035
457,candidate_4,candidate_1,candidate_2,candidate_3,4,0.035
458,candidate_4,candidate_1,candidate_2,candidate_3,4,0.035
459,candidate_4,candidate_1,candidate_2,candidate_3,4,0.035
460,candidate_4,candidate_1,0,candidate_3,4,0.035
461,candidate_4,0,candidate_2,candidate_3,4,0.035
462,candidate_4,candidate_1,candidate_2,candidate_3,4,0.035
463,candidate_4,candidate_1,candidate_2,candidate_3,4,0.035
464,candidate_4,candidate_1,candidate_2,candidate_3,4,0.035
465,candidate_4,candidate_1,candidate_2,candidate_3,4,0.035
466,candidate_4,candidate_1,candidate_2,candidate_3,4,0.035
467,candidate_4,candidate_1,candidate_2,candidate_3,4,0.035
468,candidate_4,candidate_1,candidate_2,candidate_3,4,0.035
469,candidate_4,0,candidate_2,candidate_3,4,0.035
470,candidate_4,candidate_1,candidate_2,candidate_3,4,0.035
471,candidate_4,candidate_1,candidate_2,candidate_3,4,0.035
472,candidate_4,candidate_1,candidate_2,candidate_3,4,0.035
473,candidate_4,candidate_1,candidate_2,candidate_3,4,0.035
474,candidate_4,candidate_1,candidate_2,candidate_3,4,0.035
475,candidate_4,candidate_1,candidate_2,candidate_3,4,0.035
476,candidate_4,candidate_1,candidate_2,candidate_3,4,0.035
477,candidate_4,candidate_1,candidate_2,candidate_3,4,0.035
478,candidate_4,candidate_1,candidate_2,0,4,0.035
479,candidate_4,candidate_1,candidate_2,candidate_3,4,0.035
480,candidate_4,candidate_1,candidate_2,candidate_3,4,0.035
481,candidate_4,candidate_1,candidate_2,candidate_3,4,0.035
482,candidate_4,candidate_1,candidate_2,candidate_3,4,0.035
483,candidate_4,candidate_1,candidate_2,candidate_3,4,0.035
484,candidate_4,candidate_1,candidate_2,candidate_3,4,0.035
485,candidate_4,candidate_1,candidate_2,candidate_3,4,0.035
486,candidate_4,candidate_1,candidate_2,candidate_3,4,0.035
487,candidate_4,0,0,candidate_3,4,0.035
488,candidate_4,candidate_1,candidate_2,candidate_3,4,0.035
489,candidate_4,candidate_1,candidate_2,candidate_3,4,0.035
490,candidate_4,candidate_1,candidate_2,candidate_3,4,0.035
491,candidate_4,candidate_1,candidate_2,candidate_3,4,0.035
492,candidate_4,candidate_1,candidate_2,candidate_3,4,0.035
493,candidate_4,candidate_1,candidate_2,candidate_3,4,0.035
494,candidate_4,candidate_1,candidate_2,candidate_3,4,0.035
495,candidate_4,0,candidate_2,candidate_3,4,0.035
496,candidate_4,candidate_1,candidate_2,candidate_3,4,0.035
497,candidate_4,candidate_1,candidate_2,candidate_3,4,0.035
498,candidate_4,candidate_1,candidate_2,candidate_3,4,0.035
499,candidate_4,candidate_1,candidate_2,candidate_3,4,0.035
500,candidate_4,candidate_1,candidate_2,candidate_3,4,0.035
501,0,candidate_1,candidate_2,candidate_3,4,0.035
502,candidate_4,candidate_1,candidate_2,candidate_3,4,0.035
503,candidate_4,candidate_1,candidate_2,candidate_3,4,0.035
504,candidate_4,candidate_1,candidate_2,candidate_3,4,0.035
505,candidate_4,0,candidate_2,candidate_3,4,0.035
506,candidate_4,candidate_1,candidate_2,candidate_3,4,0.035
507,candidate_4,candidate_1,candidate_2,candidate_3,4,0.035
508,candidate_4,candidate_1,candidate_2,candidate_3,4,0.035
509,candidate_4,candidate_1,candidate_2,candidate_3,4,0.035
510,candidate_4,candidate_1,candidate_2,candidate_3,4,0.035
511,candidate_4,candidate_1,candidate_2,candidate_3,4,0.035
512,candidate_4,candidate_1,candidate_2,candidate_3,4,0.035
513,candidate_4,candidate_1,candidate_2,candidate_3,4,0.035
514,candidate_4,candidate_1,candidate_2,candidate_3,4,0.035
515,candidate_4,candidate_1,candidate_2,candidate_3,4,0.035
516,candidate_4,candidate_1,candidate_2,candidate_3,4,0.035
517,candidate_4,candidate_1,0,candidate_3,4,0.035
518,candidate_4,candidate_1,0,candidate_3,4,0.035
519,candidate_4,candidate_1,candidate_2,candidate_3,4,0.035
520,candidate_4,candidate_1,0,candidate_3,4,0.035
521,candidate_4,candidate_1,candidate_2,candidate_3,4,0.035
522,candidate_4,candidate_1,candidate_2,candidate_3,4,0.035
523,candidate_4,candidate_1,candidate_2,candidate_3,4,0.035
524,candidate_4,candidate_1,candidate_2,candidate_3,4,0.035
525,candidate_4,candidate_1,candidate_2,0,4,0.035
526,candidate_4,candidate_1,candidate_2,candidate_3,4,0.035
527,candidate_4,candidate_1,candidate_2,candidate_3,4,0.035
528,candidate_4,candidate_1,candidate_2,candidate_3,4,0.035
529,candidate_4,candidate_1,candidate_2,candidate_3,4,0.035
530,candidate_4,candidate_1,candidate_2,candidate_3,4,0.035
531,candidate_4,candidate_1,candidate_2,candidate_3,4,0.035
532,candidate_4,candidate_1,candidate_2,candidate_3,4,0.035
533,candidate_4,0,candidate_2,candidate_3,4,0.035
534,candidate_4,candidate_1,candidate_2,candidate_3,4,0.035
535,candidate_4,candidate_1,candidate_2,candidate_3,4,0.035
536,candidate_4,candidate_1,candidate_2,candidate_3,4,0.035
537,candidate_4,candidate_1,candidate_2,candidate_3,4,0.035
538,candidate_4,candidate_1,candidate_2,candidate_3,4,0.035
539,candidate_4,candidate_1,candidate_2,candidate_3,4,0.035
540,candidate_4,candidate_1,candidate_2,candidate_3,4,0.035
541,candidate_4,candidate_1,candidate_2,candidate_3,4,0.035
542,candidate_4,0,candidate_2,candidate_3,4,0.035
543,candidate_4,candidate_1,candidate_2,candidate_3,4,0.035
544,candidate_4,candidate_1,candidate_2,candidate_3,4,0.035
545,candidate_4,candidate_1,candidate_2,candidate_3,4,0.035
546,candidate_4,candidate_1,candidate_2,candidate_3,4,0.035
547,candidate_4,candidate_1,candidate_2,candidate_3,4,0.035
548,0,candidate_1,candidate_2,candidate_3,4,0.035
549,candidate_4,candidate_1,candidate_2,candidate_3,4,0.035
550,0,candidate_1,candidate_2,candidate_3,4,0.035
551,candidate_4,candidate_1,candidate_2,candidate_3,4,0.035
552,candidate_4,candidate_1,candidate_2,candidate_3,4,0.035
553,candidate_4,candidate_1,candidate_2,candidate_3,4,0.035
554,candidate_4,candidate_1,candidate_2,candidate_3,4,0.035
555,candidate_4,candidate_1,candidate_2,candidate_3,4,0.035
556,candidate_4,candidate_1,candidate_2,candidate_3,4,0.035
557,candidate_4,candidate_1,candidate_2,candidate_3,4,0.035
558,candidate_4,candidate_1,candidate_2,candidate_3,4,0.035
559,candidate_4,candidate_1,candidate_2,candidate_3,4,0.035
560,candidate_4,candidate_1,candidate_2,candidate_3,4,0.035
561,candidate_4,0,candidate_2,candidate_3,4,0.035
562,candidate_4,candidate_1,candidate_2,candidate_3,4,0.035
563,candidate_4,candidate_1,candidate_2,candidate_3,4,0.035
564,candidate_4,candidate_1,candidate_2,candidate_3,4,0.035
565,candidate_4,candidate_1,candidate_2,candidate_3,4,0.035
566,candidate_4,candidate_1,candidate_2,candidate_3,4,0.035
567,candidate_4,candidate_1,candidate_2,candidate_3,4,0.035
568,0,candidate_1,candidate_2,candidate_3,4,0.035
569,candidate_4,candidate_1,candidate_2,candidate_3,4,0.035
570,candidate_4,candidate_1,candidate_2,candidate_3,4,0.035
571,candidate_4,candidate_1,candidate_2,candidate_3,4,0.035
572,candidate_4,candidate_1,0,candidate_3,4,0.035
573,candidate_4,candidate_1,candidate_2,candidate_3,4,0.035
574,candidate_4,candidate_1,candidate_2,candidate_3,4,0.035
575,0,candidate_1,candidate_2,candidate_3,4,0.035
576,candidate_4,candidate_1,candidate_2,candidate_3,4,0.035
577,candidate_4,candidate_1,candidate_2,candidate_3,4,0.035
578,candidate_4,candidate_1,candidate_2,candidate_3,4,0.035
579,candidate_4,candidate_1,candidate_2,candidate_3,4,0.035
580,candidate_4,candidate_1,candidate_2,candidate_3,4,0.035
581,candidate_4,candidate_1,candidate_2,candidate_3,4,0.035
582,candidate_4,candidate_1,candidate_2,candidate_3,4,0.035
583,candidate_4,candidate_1,candidate_2,candidate_3,4,0.035
584,candidate_4,candidate_1,candidate_2,candidate_3,4,0.035
585,candidate_4,candidate_1,candidate_2,candidate_3,4,0.035
586,candidate_4,candidate_1,candidate_2,candidate_3,4,0.035
587,candidate_4,candidate_1,candidate_2,candidate_3,4,0.035
588,candidate_4,candidate_1,candidate_2,candidate_3,4,0.035
589,candidate_4,candidate_1,candidate_2,candidate_3,4,0.035
590,candidate_4,candidate_1,candidate_2,candidate_3,4,0.035
591,candidate_4,candidate_1,candidate_2,candidate_3,4,0.035
592,candidate_4,candidate_1,candidate_2,candidate_3,4,0.035
593,candidate_4,candidate_1,candidate_2,candidate_3,4,0.035
594,candidate_4,candidate_1,candidate_2,candidate_3,4,0.035
595,candidate_4,candidate_1,candidate_2,candidate_3,4,0.035
596,candidate_4,candidate_1,candidate_2,candidate_3,4,0.035
597,candidate_4,candidate_1,candidate_2,candidate_3,4,0.035
598,candidate_4,candidate_1,candidate_2,candidate_3,4,0.035
599,candidate_4,candidate_1,candidate_2,candidate_3,4,0.035
600,candidate_4,candidate_1,candidate_2,candidate_3,4,0.035
601,candidate_4,0,candidate_2,candidate_3,4,0.035
602,candidate_4,candidate_1,candidate_2,candidate_3,4,0.035
603,candidate_4,candidate_1,candidate_2,candidate_3,4,0.035
604,candidate_4,candidate_1,candidate_2,candidate_3,4,0.035
605,candidate_4,candidate_1,candidate_2,candidate_3,4,0.035
606,candidate_4,candidate_1,candidate_2,candidate_3,4,0.035
607,candidate_4,candidate_1,candidate_2,candidate_3,4,0.035
608,candidate_4,candidate_1,candidate_2,candidate_3,4,0.035
609,candidate_4,candidate_1,candidate_2,candidate_3,4,0.035
610,candidate_4,candidate_1,candidate_2,candidate_3,4,0.035
611,candidate_4,candidate_1,candidate_2,candidate_3,4,0.035
612,candidate_4,candidate_1,candidate_2,candidate_3,4,0.035
613,0,candidate_1,candidate_2,candidate_3,4,0.035
614,candidate_4,candidate_1,candidate_2,candidate_3,4,0.035
615,candidate_4,candidate_1,candidate_2,candidate_3,4,0.035
616,candidate_4,candidate_1,candidate_2,candidate_3,4,0.035
617,candidate_4,candidate_1,candidate_2,candidate_3,4,0.035
618,0,candidate_1,candidate_2,candidate_3,4,0.035
619,candidate_4,candidate_1,candidate_2,candidate_3,4,0.035
620,candidate_4,candidate_1,candidate_2,candidate_3,4,0.035
621,candidate_4,candidate_1,candidate_2,candidate_3,4,0.035
622,0,candidate_1,candidate_2,candidate_3,4,0.035
623,candidate_4,candidate_1,candidate_2,candidate_3,4,0.035
624,0,candidate_1,candidate_2,candidate_3,4,0.035
625,candidate_4,candidate_1,candidate_2,candidate_3,4,0.035
626,candidate_4,0,candidate_2,candidate_3,4,0.035
627,candidate_4,candidate_1,candidate_2,candidate_3,4,0.035
628,candidate_4,candidate_1,candidate_2,candidate_3,4,0.035
629,candidate_4,candidate_1,candidate_2,candidate_3,4,0.035
630,candidate_4,candidate_1,candidate_2,candidate_3,4,0.035
631,candidate_4,candidate_1,candidate_2,candidate_3,4,0.035
632,candidate_4,candidate_1,candidate_2,candidate_3,4,0.035
633,candidate_4,candidate_1,candidate_2,candidate_3,4,0.035
634,candidate_4,candidate_1,candidate_2,candidate_3,4,0.035
635,candidate_4,candidate_1,candidate_2,candidate_3,4,0.035
636,candidate_4,candidate_1,candidate_2,candidate_3,4,0.035
637,candidate_4,candidate_1,candidate_2,candidate_3,4,0.035
638,candidate_4,candidate_1,candidate_2,candidate_3,4,0.035
639,candidate_4,candidate_1,candidate_2,candidate_3,4,0.035
640,candidate_4,candidate_1,candidate_2,candidate_3,4,0.035
641,candidate_4,candidate_1,candidate_2,candidate_3,4,0.035
642,candidate_4,candidate_1,candidate_2,candidate_3,4,0.035
643,candidate_4,candidate_1,candidate_2,candidate_3,4,0.035
644,candidate_4,candidate_1,candidate_2,candidate_3,4,0.035
645,candidate_4,candidate_1,candidate_2,candidate_3,4,0.035
646,candidate_4,candidate_1,candidate_2,candidate_3,4,0.035
647,candidate_4,candidate_1,candidate_2,candidate_3,4,0.035
648,candidate_4,candidate_1,candidate_2,candidate_3,4,0.035
649,candidate_4,candidate_1,candidate_2,candidate_3,4,0.035
650,candidate_4,candidate_1,candidate_2,candidate_3,4,0.035
651,candidate_4,candidate_1,candidate_2,candidate_3,4,0.035
652,candidate_4,candidate_1,candidate_2,candidate_3,4,0.035
653,candidate_4,candidate_1,0,candidate_3,4,0.035
654,candidate_4,candidate_1,candidate_2,candidate_3,4,0.035
655,candidate_4,candidate_1,candidate_2,candidate_3,4,0.035
656,candidate_4,candidate_1,candidate_2,candidate_3,4,0.035
657,candidate_4,0,candidate_2,candidate_3,4,0.035
658,candidate_4,candidate_1,candidate_2,candidate_3,4,0.035
659,candidate_4,candidate_1,candidate_2,candidate_3,4,0.035
660,candidate_4,candidate_1,candidate_2,candidate_3,4,0.035
661,candidate_4,candidate_1,candidate_2,candidate_3,4,0.035
662,candidate_4,candidate_1,candidate_2,candidate_3,4,0.035
663,candidate_4,candidate_1,candidate_2,candidate_3,4,0.035
664,candidate_4,candidate_1,candidate_2,candidate_3,4,0.035
665,candidate_4,candidate_1,candidate_2,0,4,0.035
666,candidate_4,candidate_1,candidate_2,candidate_3,4,0.035
667,candidate_4,candidate_1,candidate_2,candidate_3,4,0.035
668,candidate_4,candidate_1,candidate_2,candidate_3,4,0.035
669,candidate_4,candidate_1,candidate_2,candidate_3,4,0.035
670,candidate_4,candidate_1,candidate_2,candidate_3,4,0.035
671,candidate_4,candidate_1,candidate_2,candidate_3,4,0.035
672,candidate_4,candidate_1,candidate_2,candidate_3,4,0.035
673,0,candidate_1,candidate_2,candidate_3,4,0.035
674,candidate_4,candidate_1,candidate_2,candidate_3,4,0.035
675,candidate_4,candidate_1,candidate_2,candidate_3,4,0.035
676,candidate_4,candidate_1,candidate_2,candidate_3,4,0.035
677,candidate_4,candidate_1,candidate_2,candidate_3,4,0.035
678,candidate_4,candidate_1,candidate_2,candidate_3,4,0.035
679,candidate_4,candidate_1,candidate_2,candidate_3,4,0.035
680,candidate_4,candidate_1,candidate_2,candidate_3,4,0.035
681,candidate_4,candidate_1,candidate_2,candidate_3,4,0.035
682,candidate_4,candidate_1,candidate_2,candidate_3,4,0.035
683,0,candidate_1,candidate_2,candidate_3,4,0.035
684,candidate_4,candidate_1,candidate_2,candidate_3,4,0.035
685,candidate_4,candidate_1,candidate_2,candidate_3,4,0.035
686,candidate_4,candidate_1,candidate_2,candidate_3,4,0.035
687,candidate_4,candidate_1,candidate_2,candidate_3,4,0.035
688,candidate_4,candidate_1,candidate_2,candidate_3,4,0.035
689,candidate_4,candidate_1,candidate_2,candidate_3,4,0.035
690,candidate_4,candidate_1,candidate_2,candidate_3,4,0.035
691,candidate_4,candidate_1,candidate_2,candidate_3,4,0.035
692,candidate_4,candidate_1,candidate_2,candidate_3,4,0.035
693,candidate_4,candidate_1,candidate_2,candidate_3,4,0.035
694,candidate_4,candidate_1,0,candidate_3,4,0.035
695,candidate_4,candidate_1,candidate_2,candidate_3,4,0.035
696,candidate_4,candidate_1,candidate_2,candidate_3,4,0.035
697,candidate_4,candidate_1,candidate_2,candidate_3,4,0.035
698,candidate_4,candidate_1,candidate_2,candidate_3,4,0.035
699,candidate_4,candidate_1,candidate_2,candidate_3,4,0.035
700,candidate_4,candidate_1,candidate_2,candidate_3,4,0.035
701,candidate_4,candidate_1,candidate_2,candidate_3,4,0.035
702,candidate_4,candidate_1,candidate_2,candidate_3,4,0.035
703,candidate_4,candidate_1,0,candidate_3,4,0.035
704,candidate_4,0,0,candidate_3,4,0.035
705,candidate_4,candidate_1,candidate_2,candidate_3,4,0.035
706,candidate_4,candidate_1,candidate_2,candidate_3,4,0.035
707,candidate_4,candidate_1,candidate_2,candidate_3,4,0.035
708,candidate_4,candidate_1,candidate_2,candidate_3,4,0.035
709,candidate_4,candidate_1,candidate_2,candidate_3,4,0.035
710,0,candidate_1,0,candidate_3,4,0.035
711,candidate_4,candidate_1,candidate_2,candidate_3,4,0.035
712,candidate_4,candidate_1,candidate_2,candidate_3,4,0.035
0,candidate_4,candidate_1,candidate_3,candidate_2,4,0.035
1,candidate_4,candidate_1,candidate_3,candidate_2,4,0.035
2,candidate_4,candidate_1,candidate_3,candidate_2,4,0.035
3,candidate_4,candidate_1,candidate_3,candidate_2,4,0.035
4,candidate_4,candidate_1,candidate_3,candidate_2,4,0.035
5,candidate_4,candidate_1,candidate_3,candidate_2,4,0.035
6,candidate_4,candidate_1,candidate_3,candidate_2,4,0.035
7,candidate_4,candidate_1,candidate_3,candidate_2,4,0.035
8,candidate_4,candidate_1,candidate_3,candidate_2,4,0.035
9,candidate_4,candidate_1,candidate_3,candidate_2,4,0.035
10,candidate_4,candidate_1,candidate_3,candidate_2,4,0.035
11,candidate_4,candidate_1,candidate_3,candidate_2,4,0.035
12,candidate_4,candidate_1,candidate_3,candidate_2,4,0.035
13,candidate_4,0,candidate_3,candidate_2,4,0.035
14,candidate_4,candidate_1,candidate_3,candidate_2,4,0.035
15,candidate_4,candidate_1,candidate_3,candidate_2,4,0.035
16,candidate_4,candidate_1,candidate_3,candidate_2,4,0.035
17,candidate_4,0,candidate_3,candidate_2,4,0.035
18,candidate_4,candidate_1,candidate_3,candidate_2,4,0.035
19,candidate_4,candidate_1,candidate_3,candidate_2,4,0.035
20,candidate_4,candidate_1,candidate_3,candidate_2,4,0.035
21,candidate_4,candidate_1,candidate_3,candidate_2,4,0.035
22,candidate_4,candidate_1,0,candidate_2,4,0.035
23,candidate_4,candidate_1,candidate_3,candidate_2,4,0.035
24,candidate_4,candidate_1,candidate_3,candidate_2,4,0.035
25,candidate_4,candidate_1,candidate_3,candidate_2,4,0.035
26,candidate_4,candidate_1,candidate_3,candidate_2,4,0.035
27,candidate_4,candidate_1,candidate_3,candidate_2,4,0.035
28,candidate_4,candidate_1,candidate_3,candidate_2,4,0.035
29,candidate_4,candidate_1,candidate_3,candidate_2,4,0.035
30,candidate_4,candidate_1,candidate_3,candidate_2,4,0.035
31,candidate_4,candidate_1,candidate_3,candidate_2,4,0.035
32,candidate_4,candidate_1,candidate_3,candidate_2,4,0.035
33,candidate_4,candidate_1,candidate_3,candidate_2,4,0.035
34,candidate_4,candidate_1,candidate_3,candidate_2,4,0.035
35,candidate_4,candidate_1,candidate_3,candidate_2,4,0.035
36,candidate_4,candidate_1,0,candidate_2,4,0.035
37,candidate_4,candidate_1,candidate_3,candidate_2,4,0.035
38,candidate_4,candidate_1,candidate_3,candidate_2,4,0.035
39,candidate_4,candidate_1,candidate_3,candidate_2,4,0.035
40,0,candidate_1,candidate_3,candidate_2,4,0.035
41,candidate_4,candidate_1,candidate_3,candidate_2,4,0.035
42,candidate_4,candidate_1,candidate_3,candidate_2,4,0.035
43,candidate_4,candidate_1,candidate_3,candidate_2,4,0.035
44,candidate_4,candidate_1,candidate_3,candidate_2,4,0.035
45,candidate_4,candidate_1,candidate_3,candidate_2,4,0.035
46,candidate_4,candidate_1,candidate_3,candidate_2,4,0.035
47,candidate_4,candidate_1,candidate_3,candidate_2,4,0.035
48,candidate_4,candidate_1,candidate_3,candidate_2,4,0.035
49,candidate_4,candidate_1,candidate_3,0,4,0.035
50,candidate_4,candidate_1,candidate_3,candidate_2,4,0.035
51,candidate_4,candidate_1,candidate_3,candidate_2,4,0.035
52,candidate_4,candidate_1,candidate_3,candidate_2,4,0.035
53,candidate_4,candidate_1,candidate_3,candidate_2,4,0.035
54,candidate_4,candidate_1,candidate_3,candidate_2,4,0.035
55,candidate_4,candidate_1,candidate_3,candidate_2,4,0.035
56,candidate_4,candidate_1,candidate_3,candidate_2,4,0.035
57,candidate_4,candidate_1,candidate_3,candidate_2,4,0.035
58,candidate_4,candidate_1,candidate_3,candidate_2,4,0.035
59,candidate_4,candidate_1,candidate_3,candidate_2,4,0.035
60,candidate_4,candidate_1,candidate_3,candidate_2,4,0.035
61,candidate_4,candidate_1,candidate_3,candidate_2,4,0.035
62,candidate_4,candidate_1,candidate_3,candidate_2,4,0.035
63,candidate_4,candidate_1,candidate_3,candidate_2,4,0.035
64,candidate_4,candidate_1,candidate_3,candidate_2,4,0.035
65,candidate_4,candidate_1,candidate_3,candidate_2,4,0.035
66,candidate_4,candidate_1,candidate_3,candidate_2,4,0.035
67,candidate_4,candidate_1,candidate_3,0,4,0.035
68,candidate_4,candidate_1,candidate_3,candidate_2,4,0.035
69,candidate_4,candidate_1,candidate_3,candidate_2,4,0.035
70,candidate_4,candidate_1,candidate_3,candidate_2,4,0.035
71,candidate_4,candidate_1,candidate_3,candidate_2,4,0.035
72,candidate_4,candidate_1,candidate_3,candidate_2,4,0.035
73,candidate_4,candidate_1,candidate_3,candidate_2,4,0.035
74,candidate_4,candidate_1,candidate_3,candidate_2,4,0.035
75,candidate_4,candidate_1,candidate_3,candidate_2,4,0.035
76,candidate_4,candidate_1,candidate_3,candidate_2,4,0.035
77,candidate_4,candidate_1,candidate_3,candidate_2,4,0.035
78,candidate_4,candidate_1,candidate_3,candidate_2,4,0.035
79,candidate_4,candidate_1,candidate_3,candidate_2,4,0.035
80,candidate_4,candidate_1,candidate_3,candidate_2,4,0.035
81,candidate_4,candidate_1,candidate_3,candidate_2,4,0.035
82,candidate_4,candidate_1,candidate_3,candidate_2,4,0.035
83,candidate_4,candidate_1,candidate_3,candidate_2,4,0.035
84,candidate_4,candidate_1,candidate_3,candidate_2,4,0.035
85,candidate_4,candidate_1,candidate_3,candidate_2,4,0.035
86,candidate_4,candidate_1,candidate_3,candidate_2,4,0.035
87,candidate_4,candidate_1,candidate_3,candidate_2,4,0.035
88,candidate_4,candidate_1,candidate_3,candidate_2,4,0.035
89,candidate_4,candidate_1,candidate_3,candidate_2,4,0.035
90,candidate_4,candidate_1,candidate_3,candidate_2,4,0.035
91,candidate_4,candidate_1,candidate_3,candidate_2,4,0.035
92,candidate_4,candidate_1,candidate_3,candidate_2,4,0.035
93,candidate_4,candidate_1,candidate_3,candidate_2,4,0.035
94,candidate_4,candidate_1,candidate_3,candidate_2,4,0.035
95,candidate_4,candidate_1,candidate_3,candidate_2,4,0.035
96,candidate_4,candidate_1,candidate_3,candidate_2,4,0.035
97,candidate_4,candidate_1,candidate_3,candidate_2,4,0.035
98,candidate_4,candidate_1,candidate_3,candidate_2,4,0.035
99,candidate_4,candidate_1,candidate_3,candidate_2,4,0.035
100,candidate_4,candidate_1,candidate_3,candidate_2,4,0.035
101,candidate_4,candidate_1,candidate_3,candidate_2,4,0.035
102,candidate_4,candidate_1,candidate_3,candidate_2,4,0.035
103,candidate_4,candidate_1,candidate_3,candidate_2,4,0.035
104,candidate_4,candidate_1,candidate_3,candidate_2,4,0.035
105,candidate_4,candidate_1,candidate_3,candidate_2,4,0.035
106,0,candidate_1,candidate_3,candidate_2,4,0.035
107,candidate_4,candidate_1,candidate_3,candidate_2,4,0.035
108,candidate_4,candidate_1,candidate_3,candidate_2,4,0.035
109,candidate_4,candidate_1,candidate_3,candidate_2,4,0.035
110,candidate_4,candidate_1,candidate_3,candidate_2,4,0.035
111,candidate_4,candidate_1,candidate_3,candidate_2,4,0.035
112,candidate_4,candidate_1,candidate_3,candidate_2,4,0.035
113,candidate_4,candidate_1,candidate_3,candidate_2,4,0.035
114,candidate_4,candidate_1,candidate_3,candidate_2,4,0.035
115,candidate_4,candidate_1,candidate_3,candidate_2,4,0.035
116,candidate_4,candidate_1,candidate_3,candidate_2,4,0.035
117,candidate_4,candidate_1,candidate_3,candidate_2,4,0.035
118,candidate_4,candidate_1,candidate_3,candidate_2,4,0.035
119,candidate_4,candidate_1,candidate_3,candidate_2,4,0.035
120,candidate_4,candidate_1,candidate_3,candidate_2,4,0.035
121,candidate_4,candidate_1,candidate_3,candidate_2,4,0.035
122,candidate_4,candidate_1,candidate_3,candidate_2,4,0.035
123,candidate_4,candidate_1,candidate_3,candidate_2,4,0.035
124,candidate_4,candidate_1,candidate_3,candidate_2,4,0.035
125,candidate_4,candidate_1,candidate_3,0,4,0.035
126,candidate_4,candidate_1,candidate_3,candidate_2,4,0.035
127,candidate_4,candidate_1,candidate_3,candidate_2,4,0.035
128,candidate_4,candidate_1,candidate_3,candidate_2,4,0.035
129,candidate_4,candidate_1,candidate_3,candidate_2,4,0.035
130,candidate_4,candidate_1,candidate_3,candidate_2,4,0.035
131,candidate_4,candidate_1,candidate_3,candidate_2,4,0.035
132,candidate_4,candidate_1,candidate_3,candidate_2,4,0.035
133,candidate_4,candidate_1,candidate_3,candidate_2,4,0.035
134,candidate_4,candidate_1,candidate_3,candidate_2,4,0.035
135,candidate_4,candidate_1,candidate_3,candidate_2,4,0.035
136,candidate_4,candidate_1,candidate_3,candidate_2,4,0.035
137,candidate_4,candidate_1,candidate_3,candidate_2,4,0.035
138,candidate_4,candidate_1,candidate_3,candidate_2,4,0.035
139,candidate_4,candidate_1,candidate_3,candidate_2,4,0.035
140,candidate_4,candidate_1,candidate_3,0,4,0.035
141,candidate_4,candidate_1,candidate_3,candidate_2,4,0.035
142,candidate_4,candidate_1,candidate_3,candidate_2,4,0.035
143,candidate_4,candidate_1,candidate_3,candidate_2,4,0.035
144,candidate_4,candidate_1,candidate_3,candidate_2,4,0.035
145,candidate_4,candidate_1,candidate_3,candidate_2,4,0.035
146,candidate_4,candidate_1,candidate_3,candidate_2,4,0.035
147,candidate_4,candidate_1,candidate_3,candidate_2,4,0.035
148,candidate_4,candidate_1,candidate_3,candidate_2,4,0.035
149,candidate_4,candidate_1,candidate_3,candidate_2,4,0.035
150,candidate_4,candidate_1,candidate_3,candidate_2,4,0.035
151,candidate_4,candidate_1,candidate_3,candidate_2,4,0.035
152,candidate_4,candidate_1,candidate_3,candidate_2,4,0.035
153,candidate_4,candidate_1,candidate_3,candidate_2,4,0.035
154,candidate_4,candidate_1,candidate_3,candidate_2,4,0.035
155,candidate_4,candidate_1,candidate_3,candidate_2,4,0.035
156,candidate_4,candidate_1,candidate_3,0,4,0.035
157,candidate_4,candidate_1,candidate_3,candidate_2,4,0.035
158,candidate_4,candidate_1,candidate_3,candidate_2,4,0.035
159,candidate_4,candidate_1,candidate_3,candidate_2,4,0.035
160,candidate_4,candidate_1,candidate_3,candidate_2,4,0.035
161,candidate_4,candidate_1,candidate_3,candidate_2,4,0.035
162,candidate_4,candidate_1,candidate_3,candidate_2,4,0.035
163,candidate_4,candidate_1,candidate_3,candidate_2,4,0.035
164,candidate_4,candidate_1,candidate_3,candidate_2,4,0.035
165,candidate_4,candidate_1,candidate_3,candidate_2,4,0.035
166,candidate_4,candidate_1,candidate_3,candidate_2,4,0.035
167,candidate_4,candidate_1,candidate_3,candidate_2,4,0.035
168,candidate_4,0,candidate_3,candidate_2,4,0.035
169,candidate_4,candidate_1,candidate_3,candidate_2,4,0.035
170,candidate_4,candidate_1,candidate_3,candidate_2,4,0.035
171,candidate_4,candidate_1,candidate_3,candidate_2,4,0.035
172,candidate_4,candidate_1,candidate_3,candidate_2,4,0.035
173,candidate_4,candidate_1,candidate_3,candidate_2,4,0.035
174,candidate_4,candidate_1,candidate_3,candidate_2,4,0.035
175,candidate_4,candidate_1,candidate_3,0,4,0.035
176,candidate_4,candidate_1,candidate_3,0,4,0.035
177,candidate_4,candidate_1,0,candidate_2,4,0.035
178,candidate_4,candidate_1,candidate_3,candidate_2,4,0.035
179,candidate_4,0,candidate_3,candidate_2,4,0.035
180,candidate_4,candidate_1,candidate_3,candidate_2,4,0.035
181,candidate_4,candidate_1,candidate_3,candidate_2,4,0.035
182,candidate_4,candidate_1,candidate_3,candidate_2,4,0.035
183,candidate_4,candidate_1,candidate_3,candidate_2,4,0.035
184,candidate_4,candidate_1,candidate_3,candidate_2,4,0.035
185,candidate_4,candidate_1,candidate_3,candidate_2,4,0.035
186,candidate_4,candidate_1,candidate_3,candidate_2,4,0.035
187,candidate_4,candidate_1,candidate_3,candidate_2,4,0.035
188,candidate_4,candidate_1,candidate_3,candidate_2,4,0.035
189,candidate_4,candidate_1,candidate_3,candidate_2,4,0.035
190,candidate_4,candidate_1,candidate_3,candidate_2,4,0.035
191,0,0,candidate_3,candidate_2,4,0.035
192,candidate_4,candidate_1,candidate_3,candidate_2,4,0.035
193,candidate_4,candidate_1,candidate_3,candidate_2,4,0.035
194,candidate_4,candidate_1,candidate_3,candidate_2,4,0.035
195,candidate_4,candidate_1,candidate_3,candidate_2,4,0.035
196,candidate_4,candidate_1,0,candidate_2,4,0.035
197,candidate_4,candidate_1,candidate_3,candidate_2,4,0.035
198,candidate_4,candidate_1,candidate_3,candidate_2,4,0.035
199,candidate_4,candidate_1,candidate_3,candidate_2,4,0.035
200,candidate_4,candidate_1,0,candidate_2,4,0.035
201,candidate_4,candidate_1,candidate_3,candidate_2,4,0.035
202,candidate_4,candidate_1,candidate_3,candidate_2,4,0.035
203,candidate_4,candidate_1,candidate_3,candidate_2,4,0.035
204,candidate_4,candidate_1,candidate_3,candidate_2,4,0.035
205,candidate_4,candidate_1,candidate_3,candidate_2,4,0.035
206,candidate_4,candidate_1,candidate_3,candidate_2,4,0.035
207,candidate_4,candidate_1,candidate_3,candidate_2,4,0.035
208,candidate_4,candidate_1,candidate_3,candidate_2,4,0.035
209,candidate_4,candidate_1,candidate_3,candidate_2,4,0.035
210,candidate_4,candidate_1,candidate_3,candidate_2,4,0.035
211,candidate_4,candidate_1,candidate_3,candidate_2,4,0.035
212,candidate_4,candidate_1,candidate_3,candidate_2,4,0.035
213,candidate_4,candidate_1,candidate_3,candidate_2,4,0.035
214,0,0,candidate_3,candidate_2,4,0.035
215,candidate_4,candidate_1,candidate_3,candidate_2,4,0.035
216,candidate_4,candidate_1,candidate_3,candidate_2,4,0.035
217,candidate_4,candidate_1,candidate_3,candidate_2,4,0.035
218,candidate_4,candidate_1,candidate_3,candidate_2,4,0.035
219,candidate_4,candidate_1,0,candidate_2,4,0.035
220,candidate_4,candidate_1,candidate_3,0,4,0.035
221,candidate_4,candidate_1,candidate_3,candidate_2,4,0.035
222,candidate_4,0,candidate_3,candidate_2,4,0.035
223,candidate_4,candidate_1,candidate_3,candidate_2,4,0.035
224,candidate_4,candidate_1,candidate_3,candidate_2,4,0.035
225,candidate_4,candidate_1,candidate_3,candidate_2,4,0.035
226,candidate_4,candidate_1,candidate_3,candidate_2,4,0.035
227,candidate_4,candidate_1,candidate_3,0,4,0.035
228,candidate_4,candidate_1,candidate_3,candidate_2,4,0.035
229,candidate_4,candidate_1,candidate_3,candidate_2,4,0.035
230,candidate_4,candidate_1,candidate_3,candidate_2,4,0.035
231,candidate_4,candidate_1,candidate_3,candidate_2,4,0.035
232,candidate_4,candidate_1,candidate_3,candidate_2,4,0.035
233,candidate_4,candidate_1,candidate_3,candidate_2,4,0.035
234,candidate_4,candidate_1,candidate_3,candidate_2,4,0.035
235,candidate_4,candidate_1,candidate_3,candidate_2,4,0.035
236,candidate_4,candidate_1,candidate_3,candidate_2,4,0.035
237,candidate_4,candidate_1,candidate_3,candidate_2,4,0.035
238,candidate_4,candidate_1,candidate_3,candidate_2,4,0.035
239,candidate_4,candidate_1,candidate_3,candidate_2,4,0.035
240,candidate_4,candidate_1,candidate_3,candidate_2,4,0.035
241,candidate_4,candidate_1,0,candidate_2,4,0.035
242,candidate_4,candidate_1,candidate_3,candidate_2,4,0.035
243,candidate_4,candidate_1,candidate_3,candidate_2,4,0.035
244,candidate_4,candidate_1,candidate_3,candidate_2,4,0.035
245,candidate_4,candidate_1,candidate_3,candidate_2,4,0.035
246,candidate_4,candidate_1,candidate_3,candidate_2,4,0.035
247,candidate_4,candidate_1,candidate_3,candidate_2,4,0.035
248,candidate_4,candidate_1,candidate_3,candidate_2,4,0.035
249,candidate_4,candidate_1,candidate_3,0,4,0.035
250,candidate_4,candidate_1,candidate_3,candidate_2,4,0.035
251,candidate_4,candidate_1,candidate_3,candidate_2,4,0.035
252,candidate_4,candidate_1,candidate_3,candidate_2,4,0.035
253,candidate_4,candidate_1,candidate_3,candidate_2,4,0.035
254,candidate_4,candidate_1,candidate_3,candidate_2,4,0.035
255,candidate_4,candidate_1,candidate_3,candidate_2,4,0.035
256,candidate_4,candidate_1,candidate_3,candidate_2,4,0.035
257,candidate_4,candidate_1,candidate_3,candidate_2,4,0.035
258,candidate_4,candidate_1,candidate_3,candidate_2,4,0.035
259,candidate_4,candidate_1,candidate_3,candidate_2,4,0.035
260,candidate_4,candidate_1,candidate_3,candidate_2,4,0.035
261,candidate_4,candidate_1,candidate_3,candidate_2,4,0.035
262,candidate_4,candidate_1,candidate_3,candidate_2,4,0.035
263,candidate_4,candidate_1,candidate_3,candidate_2,4,0.035
264,candidate_4,candidate_1,candidate_3,candidate_2,4,0.035
265,candidate_4,candidate_1,candidate_3,candidate_2,4,0.035
266,candidate_4,candidate_1,candidate_3,candidate_2,4,0.035
267,candidate_4,candidate_1,candidate_3,candidate_2,4,0.035
268,candidate_4,candidate_1,candidate_3,candidate_2,4,0.035
269,candidate_4,candidate_1,candidate_3,candidate_2,4,0.035
270,candidate_4,candidate_1,candidate_3,candidate_2,4,0.035
271,candidate_4,candidate_1,candidate_3,candidate_2,4,0.035
272,candidate_4,candidate_1,candidate_3,candidate_2,4,0.035
273,candidate_4,candidate_1,candidate_3,candidate_2,4,0.035
274,candidate_4,candidate_1,candidate_3,candidate_2,4,0.035
275,candidate_4,candidate_1,candidate_3,candidate_2,4,0.035
276,candidate_4,candidate_1,candidate_3,candidate_2,4,0.035
277,candidate_4,candidate_1,candidate_3,candidate_2,4,0.035
278,candidate_4,candidate_1,candidate_3,candidate_2,4,0.035
279,candidate_4,candidate_1,candidate_3,candidate_2,4,0.035
280,candidate_4,candidate_1,candidate_3,candidate_2,4,0.035
281,candidate_4,candidate_1,candidate_3,candidate_2,4,0.035
282,candidate_4,candidate_1,candidate_3,candidate_2,4,0.035
283,candidate_4,candidate_1,candidate_3,candidate_2,4,0.035
284,candidate_4,candidate_1,candidate_3,candidate_2,4,0.035
285,candidate_4,candidate_1,candidate_3,candidate_2,4,0.035
286,candidate_4,candidate_1,candidate_3,candidate_2,4,0.035
287,candidate_4,candidate_1,candidate_3,candidate_2,4,0.035
288,candidate_4,candidate_1,0,candidate_2,4,0.035
289,candidate_4,candidate_1,candidate_3,candidate_2,4,0.035
290,candidate_4,candidate_1,candidate_3,candidate_2,4,0.035
291,candidate_4,candidate_1,candidate_3,candidate_2,4,0.035
292,candidate_4,candidate_1,candidate_3,candidate_2,4,0.035
293,candidate_4,candidate_1,candidate_3,candidate_2,4,0.035
294,candidate_4,candidate_1,candidate_3,candidate_2,4,0.035
295,candidate_4,candidate_1,candidate_3,candidate_2,4,0.035
296,candidate_4,candidate_1,candidate_3,candidate_2,4,0.035
297,candidate_4,candidate_1,candidate_3,candidate_2,4,0.035
298,candidate_4,candidate_1,candidate_3,candidate_2,4,0.035
299,candidate_4,candidate_1,candidate_3,candidate_2,4,0.035
300,candidate_4,candidate_1,candidate_3,candidate_2,4,0.035
301,candidate_4,candidate_1,candidate_3,candidate_2,4,0.035
302,candidate_4,candidate_1,candidate_3,candidate_2,4,0.035
303,candidate_4,candidate_1,0,candidate_2,4,0.035
304,candidate_4,candidate_1,candidate_3,candidate_2,4,0.035
305,candidate_4,candidate_1,candidate_3,candidate_2,4,0.035
306,candidate_4,candidate_1,candidate_3,0,4,0.035
307,candidate_4,candidate_1,0,candidate_2,4,0.035
308,candidate_4,candidate_1,candidate_3,candidate_2,4,0.035
309,0,candidate_1,candidate_3,candidate_2,4,0.035
310,candidate_4,candidate_1,candidate_3,candidate_2,4,0.035
311,candidate_4,candidate_1,candidate_3,candidate_2,4,0.035
312,candidate_4,candidate_1,candidate_3,candidate_2,4,0.035
313,candidate_4,0,candidate_3,candidate_2,4,0.035
314,candidate_4,candidate_1,candidate_3,candidate_2,4,0.035
315,candidate_4,candidate_1,candidate_3,candidate_2,4,0.035
316,candidate_4,candidate_1,candidate_3,candidate_2,4,0.035
317,candidate_4,candidate_1,candidate_3,candidate_2,4,0.035
318,candidate_4,candidate_1,candidate_3,candidate_2,4,0.035
319,candidate_4,candidate_1,candidate_3,candidate_2,4,0.035
320,candidate_4,candidate_1,candidate_3,candidate_2,4,0.035
321,candidate_4,candidate_1,candidate_3,candidate_2,4,0.035
322,candidate_4,candidate_1,candidate_3,candidate_2,4,0.035
323,candidate_4,candidate_1,candidate_3,candidate_2,4,0.035
324,candidate_4,candidate_1,candidate_3,candidate_2,4,0.035
325,candidate_4,candidate_1,candidate_3,candidate_2,4,0.035
326,candidate_4,0,candidate_3,candidate_2,4,0.035
327,candidate_4,candidate_1,candidate_3,candidate_2,4,0.035
328,candidate_4,candidate_1,candidate_3,0,4,0.035
329,candidate_4,candidate_1,candidate_3,candidate_2,4,0.035
330,candidate_4,candidate_1,candidate_3,candidate_2,4,0.035
331,candidate_4,candidate_1,candidate_3,candidate_2,4,0.035
332,candidate_4,candidate_1,candidate_3,candidate_2,4,0.035
333,candidate_4,candidate_1,candidate_3,candidate_2,4,0.035
334,candidate_4,candidate_1,candidate_3,candidate_2,4,0.035
335,candidate_4,candidate_1,candidate_3,candidate_2,4,0.035
336,candidate_4,candidate_1,candidate_3,candidate_2,4,0.035
337,candidate_4,candidate_1,candidate_3,candidate_2,4,0.035
338,candidate_4,candidate_1,candidate_3,candidate_2,4,0.035
339,candidate_4,candidate_1,candidate_3,candidate_2,4,0.035
340,candidate_4,candidate_1,candidate_3,candidate_2,4,0.035
341,candidate_4,candidate_1,candidate_3,candidate_2,4,0.035
342,0,candidate_1,candidate_3,candidate_2,4,0.035
343,candidate_4,candidate_1,candidate_3,candidate_2,4,0.035
344,candidate_4,candidate_1,candidate_3,candidate_2,4,0.035
345,candidate_4,candidate_1,candidate_3,candidate_2,4,0.035
346,candidate_4,candidate_1,candidate_3,candidate_2,4,0.035
347,candidate_4,0,candidate_3,0,4,0.035
348,candidate_4,candidate_1,candidate_3,candidate_2,4,0.035
349,candidate_4,candidate_1,candidate_3,candidate_2,4,0.035
350,candidate_4,candidate_1,candidate_3,candidate_2,4,0.035
351,candidate_4,candidate_1,candidate_3,candidate_2,4,0.035
352,candidate_4,candidate_1,candidate_3,candidate_2,4,0.035
353,candidate_4,candidate_1,candidate_3,candidate_2,4,0.035
354,candidate_4,candidate_1,candidate_3,0,4,0.035
355,candidate_4,candidate_1,candidate_3,candidate_2,4,0.035
356,candidate_4,candidate_1,candidate_3,candidate_2,4,0.035
357,candidate_4,candidate_1,candidate_3,candidate_2,4,0.035
358,0,candidate_1,candidate_3,candidate_2,4,0.035
359,candidate_4,candidate_1,candidate_3,candidate_2,4,0.035
360,candidate_4,0,candidate_3,0,4,0.035
361,candidate_4,candidate_1,candidate_3,candidate_2,4,0.035
362,candidate_4,candidate_1,candidate_3,candidate_2,4,0.035
363,candidate_4,candidate_1,candidate_3,candidate_2,4,0.035
364,candidate_4,candidate_1,candidate_3,candidate_2,4,0.035
365,candidate_4,0,candidate_3,candidate_2,4,0.035
366,candidate_4,candidate_1,candidate_3,candidate_2,4,0.035
367,candidate_4,candidate_1,candidate_3,candidate_2,4,0.035
368,candidate_4,candidate_1,candidate_3,candidate_2,4,0.035
369,candidate_4,candidate_1,candidate_3,candidate_2,4,0.035
370,candidate_4,candidate_1,candidate_3,candidate_2,4,0.035
371,candidate_4,candidate_1,candidate_3,candidate_2,4,0.035
372,candidate_4,candidate_1,candidate_3,candidate_2,4,0.035
373,candidate_4,candidate_1,candidate_3,candidate_2,4,0.035
374,candidate_4,candidate_1,candidate_3,candidate_2,4,0.035
375,candidate_4,candidate_1,candidate_3,candidate_2,4,0.035
376,candidate_4,candidate_1,candidate_3,candidate_2,4,0.035
377,candidate_4,candidate_1,candidate_3,candidate_2,4,0.035
378,candidate_4,candidate_1,candidate_3,candidate_2,4,0.035
379,candidate_4,candidate_1,candidate_3,candidate_2,4,0.035
380,candidate_4,candidate_1,candidate_3,candidate_2,4,0.035
381,candidate_4,candidate_1,candidate_3,candidate_2,4,0.035
382,candidate_4,candidate_1,0,candidate_2,4,0.035
383,candidate_4,candidate_1,candidate_3,candidate_2,4,0.035
384,candidate_4,candidate_1,candidate_3,candidate_2,4,0.035
385,candidate_4,0,candidate_3,candidate_2,4,0.035
386,candidate_4,candidate_1,candidate_3,candidate_2,4,0.035
387,candidate_4,0,candidate_3,candidate_2,4,0.035
388,candidate_4,candidate_1,candidate_3,candidate_2,4,0.035
389,candidate_4,candidate_1,candidate_3,candidate_2,4,0.035
390,candidate_4,candidate_1,candidate_3,candidate_2,4,0.035
391,candidate_4,candidate_1,candidate_3,candidate_2,4,0.035
392,candidate_4,candidate_1,candidate_3,candidate_2,4,0.035
393,candidate_4,0,candidate_3,candidate_2,4,0.035
394,candidate_4,candidate_1,candidate_3,candidate_2,4,0.035
395,candidate_4,candidate_1,candidate_3,candidate_2,4,0.035
396,candidate_4,candidate_1,candidate_3,0,4,0.035
397,candidate_4,candidate_1,candidate_3,candidate_2,4,0.035
398,candidate_4,candidate_1,candidate_3,candidate_2,4,0.035
399,candidate_4,candidate_1,0,candidate_2,4,0.035
400,candidate_4,candidate_1,candidate_3,candidate_2,4,0.035
401,candidate_4,candidate_1,candidate_3,candidate_2,4,0.035
402,candidate_4,candidate_1,candidate_3,candidate_2,4,0.035
403,candidate_4,candidate_1,candidate_3,candidate_2,4,0.035
404,candidate_4,candidate_1,candidate_3,candidate_2,4,0.035
405,candidate_4,candidate_1,candidate_3,candidate_2,4,0.035
406,candidate_4,candidate_1,candidate_3,candidate_2,4,0.035
407,candidate_4,0,candidate_3,candidate_2,4,0.035
408,candidate_4,candidate_1,candidate_3,candidate_2,4,0.035
409,candidate_4,candidate_1,candidate_3,candidate_2,4,0.035
410,candidate_4,candidate_1,candidate_3,candidate_2,4,0.035
411,candidate_4,candidate_1,candidate_3,candidate_2,4,0.035
412,candidate_4,candidate_1,candidate_3,candidate_2,4,0.035
413,candidate_4,0,candidate_3,candidate_2,4,0.035
414,candidate_4,candidate_1,candidate_3,candidate_2,4,0.035
415,candidate_4,candidate_1,candidate_3,candidate_2,4,0.035
416,candidate_4,candidate_1,candidate_3,candidate_2,4,0.035
417,candidate_4,candidate_1,candidate_3,candidate_2,4,0.035
418,candidate_4,candidate_1,0,candidate_2,4,0.035
419,candidate_4,candidate_1,candidate_3,candidate_2,4,0.035
420,candidate_4,candidate_1,candidate_3,candidate_2,4,0.035
421,candidate_4,candidate_1,candidate_3,candidate_2,4,0.035
422,candidate_4,candidate_1,candidate_3,candidate_2,4,0.035
423,candidate_4,candidate_1,candidate_3,candidate_2,4,0.035
424,candidate_4,candidate_1,candidate_3,candidate_2,4,0.035
425,candidate_4,candidate_1,candidate_3,candidate_2,4,0.035
426,candidate_4,candidate_1,candidate_3,candidate_2,4,0.035
427,candidate_4,candidate_1,candidate_3,candidate_2,4,0.035
428,candidate_4,candidate_1,candidate_3,candidate_2,4,0.035
429,candidate_4,candidate_1,candidate_3,candidate_2,4,0.035
430,candidate_4,candidate_1,candidate_3,candidate_2,4,0.035
431,candidate_4,candidate_1,candidate_3,candidate_2,4,0.035
432,0,candidate_1,candidate_3,candidate_2,4,0.035
433,candidate_4,candidate_1,candidate_3,candidate_2,4,0.035
434,candidate_4,candidate_1,candidate_3,candidate_2,4,0.035
435,candidate_4,candidate_1,candidate_3,candidate_2,4,0.035
436,candidate_4,candidate_1,candidate_3,candidate_2,4,0.035
437,candidate_4,candidate_1,candidate_3,candidate_2,4,0.035
438,candidate_4,candidate_1,candidate_3,candidate_2,4,0.035
439,candidate_4,candidate_1,0,candidate_2,4,0.035
440,candidate_4,candidate_1,candidate_3,candidate_2,4,0.035
441,candidate_4,candidate_1,candidate_3,candidate_2,4,0.035
442,candidate_4,candidate_1,candidate_3,candidate_2,4,0.035
443,candidate_4,candidate_1,0,candidate_2,4,0.035
444,candidate_4,candidate_1,candidate_3,candidate_2,4,0.035
445,candidate_4,candidate_1,candidate_3,0,4,0.035
446,0,candidate_1,candidate_3,candidate_2,4,0.035
447,candidate_4,candidate_1,candidate_3,candidate_2,4,0.035
448,candidate_4,candidate_1,candidate_3,candidate_2,4,0.035
449,candidate_4,candidate_1,candidate_3,candidate_2,4,0.035
450,candidate_4,candidate_1,candidate_3,candidate_2,4,0.035
451,candidate_4,candidate_1,candidate_3,candidate_2,4,0.035
452,candidate_4,candidate_1,candidate_3,candidate_2,4,0.035
453,candidate_4,candidate_1,candidate_3,candidate_2,4,0.035
454,candidate_4,candidate_1,candidate_3,candidate_2,4,0.035
455,candidate_4,candidate_1,candidate_3,candidate_2,4,0.035
456,candidate_4,candidate_1,candidate_3,candidate_2,4,0.035
457,candidate_4,candidate_1,candidate_3,candidate_2,4,0.035
458,candidate_4,candidate_1,candidate_3,candidate_2,4,0.035
459,candidate_4,candidate_1,candidate_3,candidate_2,4,0.035
460,candidate_4,candidate_1,candidate_3,candidate_2,4,0.035
461,candidate_4,0,candidate_3,candidate_2,4,0.035
462,candidate_4,candidate_1,candidate_3,candidate_2,4,0.035
463,candidate_4,candidate_1,candidate_3,candidate_2,4,0.035
464,candidate_4,candidate_1,candidate_3,candidate_2,4,0.035
465,candidate_4,candidate_1,candidate_3,candidate_2,4,0.035
466,candidate_4,candidate_1,candidate_3,candidate_2,4,0.035
467,candidate_4,candidate_1,candidate_3,candidate_2,4,0.035
468,candidate_4,candidate_1,candidate_3,candidate_2,4,0.035
469,candidate_4,candidate_1,candidate_3,candidate_2,4,0.035
470,0,candidate_1,candidate_3,candidate_2,4,0.035
471,candidate_4,candidate_1,candidate_3,candidate_2,4,0.035
472,candidate_4,candidate_1,candidate_3,candidate_2,4,0.035
473,candidate_4,candidate_1,candidate_3,candidate_2,4,0.035
474,candidate_4,candidate_1,candidate_3,candidate_2,4,0.035
475,candidate_4,candidate_1,candidate_3,candidate_2,4,0.035
476,candidate_4,candidate_1,candidate_3,candidate_2,4,0.035
477,candidate_4,candidate_1,candidate_3,candidate_2,4,0.035
478,candidate_4,candidate_1,candidate_3,candidate_2,4,0.035
479,candidate_4,0,candidate_3,candidate_2,4,0.035
480,candidate_4,candidate_1,candidate_3,candidate_2,4,0.035
481,candidate_4,candidate_1,candidate_3,candidate_2,4,0.035
482,candidate_4,candidate_1,candidate_3,candidate_2,4,0.035
483,candidate_4,candidate_1,0,candidate_2,4,0.035
484,candidate_4,candidate_1,candidate_3,candidate_2,4,0.035
485,candidate_4,candidate_1,candidate_3,candidate_2,4,0.035
486,candidate_4,candidate_1,candidate_3,candidate_2,4,0.035
487,candidate_4,0,candidate_3,candidate_2,4,0.035
488,candidate_4,candidate_1,candidate_3,candidate_2,4,0.035
489,candidate_4,candidate_1,candidate_3,candidate_2,4,0.035
490,candidate_4,candidate_1,candidate_3,0,4,0.035
491,candidate_4,candidate_1,candidate_3,candidate_2,4,0.035
492,candidate_4,candidate_1,candidate_3,candidate_2,4,0.035
493,candidate_4,candidate_1,candidate_3,0,4,0.035
494,candidate_4,candidate_1,candidate_3,candidate_2,4,0.035
495,candidate_4,0,candidate_3,candidate_2,4,0.035
496,candidate_4,candidate_1,candidate_3,candidate_2,4,0.035
497,candidate_4,candidate_1,candidate_3,candidate_2,4,0.035
498,candidate_4,candidate_1,candidate_3,candidate_2,4,0.035
499,candidate_4,candidate_1,candidate_3,candidate_2,4,0.035
500,candidate_4,candidate_1,candidate_3,candidate_2,4,0.035
501,candidate_4,candidate_1,candidate_3,candidate_2,4,0.035
502,candidate_4,0,candidate_3,candidate_2,4,0.035
503,candidate_4,candidate_1,candidate_3,0,4,0.035
504,candidate_4,candidate_1,candidate_3,candidate_2,4,0.035
505,candidate_4,candidate_1,candidate_3,candidate_2,4,0.035
506,candidate_4,candidate_1,candidate_3,candidate_2,4,0.035
507,candidate_4,candidate_1,candidate_3,candidate_2,4,0.035
508,candidate_4,candidate_1,candidate_3,candidate_2,4,0.035
509,0,candidate_1,candidate_3,candidate_2,4,0.035
510,0,candidate_1,candidate_3,candidate_2,4,0.035
511,candidate_4,candidate_1,candidate_3,candidate_2,4,0.035
512,candidate_4,candidate_1,candidate_3,candidate_2,4,0.035
513,candidate_4,candidate_1,candidate_3,candidate_2,4,0.035
514,candidate_4,candidate_1,candidate_3,candidate_2,4,0.035
515,candidate_4,candidate_1,candidate_3,candidate_2,4,0.035
516,candidate_4,candidate_1,candidate_3,candidate_2,4,0.035
517,candidate_4,candidate_1,candidate_3,candidate_2,4,0.035
518,candidate_4,candidate_1,candidate_3,candidate_2,4,0.035
519,candidate_4,candidate_1,candidate_3,candidate_2,4,0.035
520,candidate_4,candidate_1,candidate_3,candidate_2,4,0.035
521,candidate_4,candidate_1,candidate_3,candidate_2,4,0.035
522,candidate_4,candidate_1,candidate_3,candidate_2,4,0.035
523,candidate_4,candidate_1,candidate_3,candidate_2,4,0.035
524,candidate_4,candidate_1,candidate_3,candidate_2,4,0.035
525,candidate_4,candidate_1,candidate_3,candidate_2,4,0.035
526,candidate_4,candidate_1,candidate_3,candidate_2,4,0.035
527,candidate_4,candidate_1,candidate_3,candidate_2,4,0.035
528,candidate_4,candidate_1,candidate_3,candidate_2,4,0.035
529,candidate_4,candidate_1,candidate_3,candidate_2,4,0.035
530,candidate_4,candidate_1,candidate_3,candidate_2,4,0.035
531,candidate_4,candidate_1,candidate_3,candidate_2,4,0.035
532,candidate_4,candidate_1,candidate_3,candidate_2,4,0.035
533,candidate_4,candidate_1,candidate_3,candidate_2,4,0.035
534,candidate_4,candidate_1,candidate_3,candidate_2,4,0.035
535,candidate_4,candidate_1,candidate_3,candidate_2,4,0.035
536,candidate_4,candidate_1,candidate_3,candidate_2,4,0.035
537,candidate_4,candidate_1,candidate_3,candidate_2,4,0.035
538,candidate_4,candidate_1,candidate_3,candidate_2,4,0.035
539,candidate_4,candidate_1,candidate_3,candidate_2,4,0.035
540,candidate_4,candidate_1,candidate_3,candidate_2,4,0.035
541,candidate_4,candidate_1,candidate_3,candidate_2,4,0.035
542,candidate_4,candidate_1,candidate_3,candidate_2,4,0.035
543,candidate_4,candidate_1,candidate_3,candidate_2,4,0.035
544,candidate_4,candidate_1,candidate_3,candidate_2,4,0.035
545,candidate_4,candidate_1,candidate_3,candidate_2,4,0.035
546,candidate_4,candidate_1,candidate_3,candidate_2,4,0.035
547,candidate_4,candidate_1,candidate_3,candidate_2,4,0.035
548,candidate_4,0,candidate_3,candidate_2,4,0.035
549,candidate_4,candidate_1,candidate_3,candidate_2,4,0.035
550,candidate_4,candidate_1,candidate_3,candidate_2,4,0.035
551,candidate_4,candidate_1,candidate_3,candidate_2,4,0.035
552,candidate_4,0,candidate_3,candidate_2,4,0.035
553,candidate_4,candidate_1,candidate_3,candidate_2,4,0.035
554,0,candidate_1,candidate_3,candidate_2,4,0.035
555,candidate_4,candidate_1,candidate_3,candidate_2,4,0.035
556,candidate_4,candidate_1,candidate_3,candidate_2,4,0.035
557,candidate_4,candidate_1,candidate_3,candidate_2,4,0.035
558,candidate_4,candidate_1,candidate_3,candidate_2,4,0.035
559,candidate_4,candidate_1,candidate_3,candidate_2,4,0.035
560,candidate_4,candidate_1,candidate_3,candidate_2,4,0.035
561,candidate_4,candidate_1,candidate_3,candidate_2,4,0.035
562,candidate_4,candidate_1,candidate_3,candidate_2,4,0.035
563,candidate_4,candidate_1,candidate_3,0,4,0.035
564,candidate_4,candidate_1,candidate_3,candidate_2,4,0.035
565,candidate_4,candidate_1,candidate_3,candidate_2,4,0.035
566,candidate_4,candidate_1,candidate_3,candidate_2,4,0.035
567,candidate_4,candidate_1,candidate_3,candidate_2,4,0.035
568,candidate_4,candidate_1,candidate_3,candidate_2,4,0.035
569,candidate_4,candidate_1,candidate_3,candidate_2,4,0.035
570,candidate_4,candidate_1,candidate_3,candidate_2,4,0.035
571,candidate_4,candidate_1,candidate_3,candidate_2,4,0.035
572,candidate_4,candidate_1,candidate_3,0,4,0.035
573,candidate_4,candidate_1,candidate_3,candidate_2,4,0.035
574,candidate_4,candidate_1,candidate_3,candidate_2,4,0.035
575,candidate_4,candidate_1,candidate_3,candidate_2,4,0.035
576,candidate_4,candidate_1,candidate_3,candidate_2,4,0.035
577,candidate_4,candidate_1,candidate_3,candidate_2,4,0.035
578,candidate_4,candidate_1,candidate_3,candidate_2,4,0.035
579,candidate_4,candidate_1,candidate_3,0,4,0.035
580,candidate_4,candidate_1,candidate_3,candidate_2,4,0.035
581,candidate_4,candidate_1,candidate_3,candidate_2,4,0.035
582,candidate_4,candidate_1,candidate_3,candidate_2,4,0.035
583,candidate_4,candidate_1,candidate_3,candidate_2,4,0.035
584,candidate_4,candidate_1,candidate_3,candidate_2,4,0.035
585,candidate_4,candidate_1,candidate_3,candidate_2,4,0.035
586,0,candidate_1,candidate_3,candidate_2,4,0.035
587,candidate_4,candidate_1,candidate_3,candidate_2,4,0.035
588,candidate_4,candidate_1,candidate_3,candidate_2,4,0.035
589,candidate_4,candidate_1,candidate_3,candidate_2,4,0.035
590,candidate_4,candidate_1,candidate_3,candidate_2,4,0.035
591,candidate_4,candidate_1,candidate_3,candidate_2,4,0.035
592,candidate_4,candidate_1,candidate_3,candidate_2,4,0.035
593,candidate_4,candidate_1,candidate_3,candidate_2,4,0.035
594,candidate_4,candidate_1,candidate_3,candidate_2,4,0.035
595,candidate_4,candidate_1,candidate_3,candidate_2,4,0.035
596,candidate_4,candidate_1,candidate_3,0,4,0.035
597,candidate_4,0,candidate_3,candidate_2,4,0.035
598,candidate_4,candidate_1,candidate_3,candidate_2,4,0.035
599,candidate_4,candidate_1,candidate_3,candidate_2,4,0.035
600,candidate_4,candidate_1,candidate_3,candidate_2,4,0.035
601,candidate_4,candidate_1,candidate_3,candidate_2,4,0.035
602,candidate_4,candidate_1,candidate_3,candidate_2,4,0.035
603,candidate_4,candidate_1,candidate_3,candidate_2,4,0.035
604,candidate_4,candidate_1,candidate_3,candidate_2,4,0.035
605,candidate_4,candidate_1,candidate_3,candidate_2,4,0.035
606,candidate_4,candidate_1,candidate_3,candidate_2,4,0.035
607,candidate_4,candidate_1,candidate_3,candidate_2,4,0.035
608,candidate_4,candidate_1,candidate_3,candidate_2,4,0.035
609,candidate_4,candidate_1,0,candidate_2,4,0.035
610,candidate_4,candidate_1,candidate_3,candidate_2,4,0.035
0,0,candidate_2,candidate_1,candidate_3,4,0.035
1,candidate_4,candidate_2,candidate_1,candidate_3,4,0.035
2,candidate_4,candidate_2,candidate_1,candidate_3,4,0.035
3,candidate_4,candidate_2,candidate_1,candidate_3,4,0.035
4,candidate_4,candidate_2,candidate_1,candidate_3,4,0.035
5,candidate_4,candidate_2,candidate_1,candidate_3,4,0.035
6,candidate_4,candidate_2,candidate_1,candidate_3,4,0.035
7,candidate_4,candidate_2,candidate_1,candidate_3,4,0.035
8,0,candidate_2,candidate_1,0,4,0.035
9,candidate_4,candidate_2,candidate_1,candidate_3,4,0.035
10,candidate_4,candidate_2,candidate_1,candidate_3,4,0.035
11,candidate_4,candidate_2,candidate_1,candidate_3,4,0.035
12,candidate_4,candidate_2,candidate_1,candidate_3,4,0.035
13,candidate_4,candidate_2,candidate_1,candidate_3,4,0.035
14,candidate_4,candidate_2,candidate_1,candidate_3,4,0.035
15,candidate_4,candidate_2,candidate_1,candidate_3,4,0.035
16,candidate_4,candidate_2,candidate_1,candidate_3,4,0.035
17,candidate_4,candidate_2,candidate_1,candidate_3,4,0.035
18,candidate_4,candidate_2,candidate_1,candidate_3,4,0.035
19,0,candidate_2,candidate_1,candidate_3,4,0.035
20,candidate_4,candidate_2,candidate_1,0,4,0.035
21,candidate_4,0,candidate_1,candidate_3,4,0.035
22,candidate_4,candidate_2,candidate_1,candidate_3,4,0.035
23,candidate_4,candidate_2,candidate_1,candidate_3,4,0.035
24,candidate_4,candidate_2,candidate_1,candidate_3,4,0.035
25,candidate_4,candidate_2,candidate_1,candidate_3,4,0.035
26,candidate_4,candidate_2,candidate_1,candidate_3,4,0.035
27,candidate_4,candidate_2,candidate_1,candidate_3,4,0.035
28,candidate_4,candidate_2,candidate_1,candidate_3,4,0.035
29,candidate_4,candidate_2,candidate_1,candidate_3,4,0.035
30,candidate_4,candidate_2,candidate_1,candidate_3,4,0.035
31,candidate_4,candidate_2,candidate_1,candidate_3,4,0.035
32,candidate_4,candidate_2,candidate_1,candidate_3,4,0.035
33,candidate_4,candidate_2,candidate_1,candidate_3,4,0.035
34,candidate_4,candidate_2,candidate_1,candidate_3,4,0.035
35,candidate_4,candidate_2,candidate_1,candidate_3,4,0.035
36,candidate_4,candidate_2,candidate_1,candidate_3,4,0.035
37,0,candidate_2,candidate_1,candidate_3,4,0.035
38,candidate_4,candidate_2,candidate_1,candidate_3,4,0.035
39,candidate_4,candidate_2,candidate_1,candidate_3,4,0.035
40,candidate_4,candidate_2,candidate_1,candidate_3,4,0.035
41,candidate_4,candidate_2,candidate_1,candidate_3,4,0.035
42,0,candidate_2,candidate_1,candidate_3,4,0.035
43,candidate_4,candidate_2,candidate_1,candidate_3,4,0.035
44,candidate_4,candidate_2,candidate_1,candidate_3,4,0.035
45,candidate_4,candidate_2,candidate_1,candidate_3,4,0.035
46,candidate_4,candidate_2,candidate_1,candidate_3,4,0.035
47,candidate_4,candidate_2,candidate_1,candidate_3,4,0.035
48,candidate_4,0,candidate_1,candidate_3,4,0.035
49,candidate_4,candidate_2,candidate_1,candidate_3,4,0.035
50,candidate_4,candidate_2,candidate_1,candidate_3,4,0.035
51,candidate_4,candidate_2,candidate_1,candidate_3,4,0.035
52,candidate_4,candidate_2,candidate_1,candidate_3,4,0.035
53,candidate_4,candidate_2,candidate_1,candidate_3,4,0.035
54,candidate_4,candidate_2,candidate_1,candidate_3,4,0.035
55,candidate_4,candidate_2,candidate_1,candidate_3,4,0.035
56,candidate_4,candidate_2,candidate_1,candidate_3,4,0.035
57,candidate_4,candidate_2,candidate_1,candidate_3,4,0.035
58,candidate_4,candidate_2,candidate_1,candidate_3,4,0.035
59,candidate_4,candidate_2,candidate_1,candidate_3,4,0.035
60,candidate_4,candidate_2,candidate_1,candidate_3,4,0.035
61,candidate_4,candidate_2,candidate_1,candidate_3,4,0.035
62,candidate_4,candidate_2,candidate_1,candidate_3,4,0.035
63,candidate_4,candidate_2,candidate_1,candidate_3,4,0.035
64,candidate_4,candidate_2,candidate_1,candidate_3,4,0.035
65,candidate_4,candidate_2,candidate_1,candidate_3,4,0.035
66,candidate_4,candidate_2,candidate_1,candidate_3,4,0.035
67,candidate_4,candidate_2,candidate_1,candidate_3,4,0.035
68,candidate_4,candidate_2,candidate_1,candidate_3,4,0.035
69,candidate_4,candidate_2,candidate_1,0,4,0.035
70,candidate_4,candidate_2,candidate_1,candidate_3,4,0.035
71,candidate_4,candidate_2,candidate_1,candidate_3,4,0.035
72,candidate_4,candidate_2,candidate_1,candidate_3,4,0.035
73,candidate_4,candidate_2,candidate_1,candidate_3,4,0.035
74,candidate_4,candidate_2,candidate_1,candidate_3,4,0.035
75,candidate_4,candidate_2,candidate_1,candidate_3,4,0.035
76,candidate_4,candidate_2,candidate_1,candidate_3,4,0.035
77,candidate_4,candidate_2,candidate_1,candidate_3,4,0.035
78,candidate_4,candidate_2,candidate_1,candidate_3,4,0.035
79,candidate_4,candidate_2,candidate_1,candidate_3,4,0.035
80,candidate_4,candidate_2,candidate_1,candidate_3,4,0.035
81,candidate_4,candidate_2,candidate_1,candidate_3,4,0.035
82,0,candidate_2,candidate_1,candidate_3,4,0.035
83,candidate_4,candidate_2,candidate_1,0,4,0.035
84,candidate_4,candidate_2,candidate_1,candidate_3,4,0.035
85,candidate_4,candidate_2,candidate_1,candidate_3,4,0.035
86,candidate_4,candidate_2,candidate_1,candidate_3,4,0.035
87,candidate_4,candidate_2,candidate_1,candidate_3,4,0.035
88,candidate_4,candidate_2,0,candidate_3,4,0.035
89,candidate_4,candidate_2,candidate_1,candidate_3,4,0.035
90,candidate_4,candidate_2,candidate_1,candidate_3,4,0.035
91,candidate_4,candidate_2,candidate_1,candidate_3,4,0.035
92,candidate_4,candidate_2,candidate_1,candidate_3,4,0.035
93,candidate_4,candidate_2,candidate_1,candidate_3,4,0.035
94,candidate_4,candidate_2,candidate_1,candidate_3,4,0.035
95,candidate_4,candidate_2,candidate_1,candidate_3,4,0.035
96,candidate_4,candidate_2,candidate_1,candidate_3,4,0.035
97,candidate_4,candidate_2,candidate_1,candidate_3,4,0.035
98,candidate_4,candidate_2,candidate_1,candidate_3,4,0.035
99,candidate_4,candidate_2,candidate_1,candidate_3,4,0.035
100,candidate_4,candidate_2,candidate_1,candidate_3,4,0.035
101,candidate_4,candidate_2,candidate_1,candidate_3,4,0.035
102,candidate_4,candidate_2,candidate_1,candidate_3,4,0.035
103,candidate_4,candidate_2,candidate_1,candidate_3,4,0.035
104,candidate_4,candidate_2,candidate_1,candidate_3,4,0.035
105,candidate_4,candidate_2,candidate_1,candidate_3,4,0.035
106,candidate_4,candidate_2,candidate_1,candidate_3,4,0.035
107,candidate_4,candidate_2,candidate_1,candidate_3,4,0.035
108,candidate_4,candidate_2,candidate_1,candidate_3,4,0.035
109,candidate_4,candidate_2,candidate_1,candidate_3,4,0.035
110,candidate_4,candidate_2,candidate_1,candidate_3,4,0.035
111,candidate_4,candidate_2,candidate_1,candidate_3,4,0.035
112,candidate_4,candidate_2,candidate_1,candidate_3,4,0.035
113,candidate_4,candidate_2,candidate_1,candidate_3,4,0.035
114,candidate_4,candidate_2,candidate_1,candidate_3,4,0.035
115,candidate_4,candidate_2,candidate_1,candidate_3,4,0.035
116,candidate_4,candidate_2,candidate_1,candidate_3,4,0.035
117,candidate_4,candidate_2,candidate_1,candidate_3,4,0.035
118,candidate_4,candidate_2,0,candidate_3,4,0.035
119,candidate_4,0,candidate_1,candidate_3,4,0.035
120,candidate_4,candidate_2,candidate_1,candidate_3,4,0.035
121,candidate_4,candidate_2,candidate_1,candidate_3,4,0.035
122,candidate_4,candidate_2,candidate_1,candidate_3,4,0.035
123,candidate_4,candidate_2,candidate_1,candidate_3,4,0.035
124,candidate_4,candidate_2,candidate_1,candidate_3,4,0.035
125,candidate_4,candidate_2,candidate_1,candidate_3,4,0.035
126,candidate_4,candidate_2,candidate_1,candidate_3,4,0.035
127,candidate_4,candidate_2,candidate_1,candidate_3,4,0.035
128,candidate_4,candidate_2,candidate_1,candidate_3,4,0.035
129,candidate_4,candidate_2,candidate_1,candidate_3,4,0.035
130,candidate_4,candidate_2,candidate_1,candidate_3,4,0.035
131,candidate_4,candidate_2,candidate_1,candidate_3,4,0.035
132,candidate_4,candidate_2,candidate_1,candidate_3,4,0.035
133,candidate_4,candidate_2,candidate_1,candidate_3,4,0.035
134,candidate_4,candidate_2,candidate_1,candidate_3,4,0.035
135,candidate_4,candidate_2,candidate_1,candidate_3,4,0.035
136,candidate_4,candidate_2,candidate_1,candidate_3,4,0.035
137,candidate_4,candidate_2,candidate_1,candidate_3,4,0.035
138,candidate_4,candidate_2,candidate_1,candidate_3,4,0.035
139,candidate_4,candidate_2,candidate_1,candidate_3,4,0.035
140,candidate_4,candidate_2,candidate_1,candidate_3,4,0.035
141,candidate_4,candidate_2,candidate_1,candidate_3,4,0.035
142,candidate_4,candidate_2,candidate_1,candidate_3,4,0.035
143,candidate_4,candidate_2,candidate_1,candidate_3,4,0.035
144,candidate_4,candidate_2,candidate_1,candidate_3,4,0.035
145,candidate_4,candidate_2,candidate_1,candidate_3,4,0.035
146,candidate_4,candidate_2,candidate_1,candidate_3,4,0.035
147,candidate_4,candidate_2,candidate_1,candidate_3,4,0.035
148,candidate_4,candidate_2,candidate_1,candidate_3,4,0.035
149,candidate_4,candidate_2,candidate_1,candidate_3,4,0.035
150,candidate_4,candidate_2,candidate_1,candidate_3,4,0.035
151,candidate_4,candidate_2,candidate_1,candidate_3,4,0.035
152,candidate_4,candidate_2,candidate_1,candidate_3,4,0.035
153,candidate_4,candidate_2,candidate_1,candidate_3,4,0.035
154,candidate_4,0,candidate_1,candidate_3,4,0.035
155,candidate_4,candidate_2,candidate_1,candidate_3,4,0.035
156,candidate_4,candidate_2,candidate_1,candidate_3,4,0.035
157,candidate_4,candidate_2,candidate_1,candidate_3,4,0.035
158,candidate_4,candidate_2,candidate_1,candidate_3,4,0.035
159,candidate_4,candidate_2,candidate_1,candidate_3,4,0.035
160,candidate_4,candidate_2,candidate_1,candidate_3,4,0.035
161,candidate_4,candidate_2,candidate_1,candidate_3,4,0.035
162,candidate_4,candidate_2,candidate_1,candidate_3,4,0.035
163,candidate_4,candidate_2,candidate_1,candidate_3,4,0.035
164,candidate_4,candidate_2,candidate_1,candidate_3,4,0.035
165,candidate_4,candidate_2,candidate_1,candidate_3,4,0.035
166,candidate_4,candidate_2,candidate_1,candidate_3,4,0.035
167,candidate_4,candidate_2,candidate_1,candidate_3,4,0.035
168,candidate_4,candidate_2,candidate_1,candidate_3,4,0.035
169,candidate_4,candidate_2,candidate_1,candidate_3,4,0.035
170,candidate_4,candidate_2,0,candidate_3,4,0.035
171,candidate_4,0,candidate_1,candidate_3,4,0.035
172,candidate_4,candidate_2,candidate_1,candidate_3,4,0.035
173,candidate_4,candidate_2,candidate_1,candidate_3,4,0.035
174,candidate_4,candidate_2,0,candidate_3,4,0.035
175,candidate_4,candidate_2,candidate_1,candidate_3,4,0.035
176,candidate_4,candidate_2,candidate_1,candidate_3,4,0.035
177,candidate_4,candidate_2,candidate_1,candidate_3,4,0.035
178,candidate_4,candidate_2,candidate_1,candidate_3,4,0.035
179,candidate_4,candidate_2,0,candidate_3,4,0.035
180,candidate_4,candidate_2,candidate_1,candidate_3,4,0.035
181,candidate_4,candidate_2,candidate_1,candidate_3,4,0.035
182,candidate_4,candidate_2,candidate_1,candidate_3,4,0.035
183,candidate_4,candidate_2,candidate_1,candidate_3,4,0.035
184,candidate_4,candidate_2,candidate_1,candidate_3,4,0.035
185,candidate_4,candidate_2,candidate_1,candidate_3,4,0.035
186,candidate_4,candidate_2,candidate_1,candidate_3,4,0.035
187,candidate_4,0,candidate_1,candidate_3,4,0.035
188,0,candidate_2,candidate_1,candidate_3,4,0.035
189,candidate_4,candidate_2,candidate_1,candidate_3,4,0.035
190,candidate_4,candidate_2,candidate_1,candidate_3,4,0.035
191,candidate_4,candidate_2,candidate_1,candidate_3,4,0.035
192,candidate_4,candidate_2,candidate_1,candidate_3,4,0.035
193,candidate_4,candidate_2,candidate_1,candidate_3,4,0.035
194,candidate_4,candidate_2,candidate_1,candidate_3,4,0.035
195,candidate_4,candidate_2,candidate_1,candidate_3,4,0.035
196,candidate_4,candidate_2,candidate_1,candidate_3,4,0.035
197,candidate_4,candidate_2,candidate_1,candidate_3,4,0.035
198,candidate_4,0,candidate_1,candidate_3,4,0.035
199,candidate_4,candidate_2,candidate_1,0,4,0.035
200,candidate_4,candidate_2,candidate_1,candidate_3,4,0.035
201,candidate_4,candidate_2,candidate_1,candidate_3,4,0.035
202,candidate_4,candidate_2,candidate_1,candidate_3,4,0.035
203,candidate_4,candidate_2,candidate_1,candidate_3,4,0.035
204,candidate_4,candidate_2,candidate_1,candidate_3,4,0.035
205,candidate_4,candidate_2,candidate_1,candidate_3,4,0.035
206,candidate_4,candidate_2,candidate_1,candidate_3,4,0.035
207,candidate_4,candidate_2,candidate_1,candidate_3,4,0.035
208,candidate_4,candidate_2,candidate_1,candidate_3,4,0.035
209,candidate_4,candidate_2,candidate_1,candidate_3,4,0.035
210,candidate_4,candidate_2,candidate_1,candidate_3,4,0.035
211,candidate_4,candidate_2,candidate_1,candidate_3,4,0.035
212,candidate_4,candidate_2,candidate_1,candidate_3,4,0.035
213,candidate_4,candidate_2,candidate_1,candidate_3,4,0.035
214,candidate_4,candidate_2,candidate_1,candidate_3,4,0.035
215,candidate_4,candidate_2,candidate_1,candidate_3,4,0.035
216,candidate_4,candidate_2,candidate_1,candidate_3,4,0.035
217,candidate_4,candidate_2,candidate_1,candidate_3,4,0.035
218,candidate_4,candidate_2,0,candidate_3,4,0.035
219,candidate_4,candidate_2,candidate_1,0,4,0.035
220,candidate_4,candidate_2,0,candidate_3,4,0.035
221,candidate_4,candidate_2,0,candidate_3,4,0.035
222,candidate_4,candidate_2,candidate_1,0,4,0.035
223,candidate_4,candidate_2,candidate_1,candidate_3,4,0.035
224,0,candidate_2,candidate_1,candidate_3,4,0.035
225,candidate_4,candidate_2,candidate_1,candidate_3,4,0.035
226,candidate_4,candidate_2,candidate_1,candidate_3,4,0.035
227,candidate_4,candidate_2,candidate_1,candidate_3,4,0.035
228,candidate_4,candidate_2,candidate_1,candidate_3,4,0.035
229,candidate_4,candidate_2,candidate_1,candidate_3,4,0.035
230,candidate_4,candidate_2,candidate_1,candidate_3,4,0.035
231,candidate_4,candidate_2,candidate_1,candidate_3,4,0.035
232,candidate_4,candidate_2,candidate_1,candidate_3,4,0.035
233,candidate_4,candidate_2,candidate_1,0,4,0.035
234,candidate_4,candidate_2,candidate_1,0,4,0.035
235,candidate_4,candidate_2,candidate_1,candidate_3,4,0.035
236,candidate_4,candidate_2,candidate_1,candidate_3,4,0.035
237,candidate_4,candidate_2,candidate_1,candidate_3,4,0.035
238,candidate_4,candidate_2,candidate_1,candidate_3,4,0.035
239,candidate_4,candidate_2,candidate_1,candidate_3,4,0.035
240,candidate_4,candidate_2,candidate_1,candidate_3,4,0.035
241,candidate_4,candidate_2,candidate_1,candidate_3,4,0.035
242,candidate_4,candidate_2,candidate_1,candidate_3,4,0.035
243,candidate_4,candidate_2,candidate_1,candidate_3,4,0.035
244,0,candidate_2,candidate_1,candidate_3,4,0.035
245,candidate_4,candidate_2,candidate_1,candidate_3,4,0.035
246,candidate_4,candidate_2,candidate_1,candidate_3,4,0.035
247,candidate_4,candidate_2,candidate_1,candidate_3,4,0.035
248,candidate_4,candidate_2,candidate_1,candidate_3,4,0.035
249,candidate_4,candidate_2,candidate_1,candidate_3,4,0.035
250,0,candidate_2,candidate_1,candidate_3,4,0.035
251,candidate_4,candidate_2,0,candidate_3,4,0.035
252,candidate_4,candidate_2,candidate_1,0,4,0.035
253,candidate_4,candidate_2,candidate_1,candidate_3,4,0.035
254,candidate_4,candidate_2,candidate_1,candidate_3,4,0.035
255,candidate_4,candidate_2,candidate_1,candidate_3,4,0.035
256,candidate_4,candidate_2,candidate_1,candidate_3,4,0.035
257,candidate_4,candidate_2,candidate_1,candidate_3,4,0.035
258,candidate_4,candidate_2,candidate_1,candidate_3,4,0.035
259,candidate_4,candidate_2,candidate_1,candidate_3,4,0.035
260,candidate_4,candidate_2,candidate_1,candidate_3,4,0.035
261,candidate_4,candidate_2,candidate_1,candidate_3,4,0.035
262,candidate_4,candidate_2,candidate_1,candidate_3,4,0.035
263,candidate_4,candidate_2,candidate_1,candidate_3,4,0.035
264,candidate_4,candidate_2,candidate_1,candidate_3,4,0.035
265,candidate_4,candidate_2,candidate_1,candidate_3,4,0.035
266,candidate_4,candidate_2,candidate_1,candidate_3,4,0.035
267,candidate_4,candidate_2,candidate_1,0,4,0.035
268,candidate_4,candidate_2,candidate_1,candidate_3,4,0.035
269,candidate_4,0,candidate_1,candidate_3,4,0.035
270,candidate_4,candidate_2,candidate_1,candidate_3,4,0.035
271,candidate_4,candidate_2,candidate_1,candidate_3,4,0.035
272,candidate_4,candidate_2,candidate_1,candidate_3,4,0.035
273,candidate_4,candidate_2,candidate_1,candidate_3,4,0.035
274,candidate_4,candidate_2,candidate_1,candidate_3,4,0.035
275,candidate_4,candidate_2,candidate_1,candidate_3,4,0.035
276,candidate_4,candidate_2,candidate_1,candidate_3,4,0.035
277,candidate_4,candidate_2,candidate_1,candidate_3,4,0.035
278,candidate_4,candidate_2,candidate_1,candidate_3,4,0.035
279,candidate_4,candidate_2,candidate_1,candidate_3,4,0.035
280,candidate_4,candidate_2,candidate_1,candidate_3,4,0.035
281,candidate_4,candidate_2,candidate_1,candidate_3,4,0.035
282,candidate_4,candidate_2,candidate_1,candidate_3,4,0.035
283,0,candidate_2,candidate_1,candidate_3,4,0.035
284,candidate_4,candidate_2,candidate_1,candidate_3,4,0.035
285,candidate_4,candidate_2,candidate_1,candidate_3,4,0.035
286,candidate_4,candidate_2,candidate_1,candidate_3,4,0.035
287,candidate_4,candidate_2,candidate_1,candidate_3,4,0.035
288,candidate_4,candidate_2,candidate_1,0,4,0.035
289,0,candidate_2,candidate_1,candidate_3,4,0.035
290,candidate_4,candidate_2,candidate_1,candidate_3,4,0.035
291,candidate_4,candidate_2,candidate_1,candidate_3,4,0.035
292,candidate_4,candidate_2,candidate_1,candidate_3,4,0.035
293,candidate_4,candidate_2,candidate_1,candidate_3,4,0.035
294,candidate_4,candidate_2,candidate_1,candidate_3,4,0.035
295,candidate_4,candidate_2,candidate_1,candidate_3,4,0.035
296,candidate_4,candidate_2,candidate_1,candidate_3,4,0.035
297,candidate_4,candidate_2,candidate_1,candidate_3,4,0.035
298,candidate_4,0,candidate_1,candidate_3,4,0.035
299,candidate_4,candidate_2,candidate_1,candidate_3,4,0.035
300,candidate_4,0,candidate_1,candidate_3,4,0.035
301,0,candidate_2,candidate_1,candidate_3,4,0.035
302,candidate_4,candidate_2,candidate_1,candidate_3,4,0.035
303,candidate_4,candidate_2,candidate_1,candidate_3,4,0.035
304,candidate_4,candidate_2,candidate_1,candidate_3,4,0.035
305,candidate_4,candidate_2,candidate_1,candidate_3,4,0.035
306,candidate_4,candidate_2,candidate_1,candidate_3,4,0.035
307,candidate_4,candidate_2,candidate_1,candidate_3,4,0.035
308,candidate_4,candidate_2,candidate_1,candidate_3,4,0.035
309,candidate_4,candidate_2,candidate_1,candidate_3,4,0.035
310,candidate_4,candidate_2,candidate_1,candidate_3,4,0.035
311,candidate_4,candidate_2,candidate_1,candidate_3,4,0.035
312,candidate_4,candidate_2,candidate_1,candidate_3,4,0.035
313,candidate_4,candidate_2,candidate_1,candidate_3,4,0.035
314,candidate_4,candidate_2,candidate_1,candidate_3,4,0.035
315,candidate_4,candidate_2,candidate_1,candidate_3,4,0.035
316,candidate_4,candidate_2,candidate_1,candidate_3,4,0.035
317,candidate_4,candidate_2,candidate_1,candidate_3,4,0.035
318,candidate_4,candidate_2,0,candidate_3,4,0.035
319,candidate_4,candidate_2,candidate_1,candidate_3,4,0.035
320,candidate_4,0,candidate_1,candidate_3,4,0.035
321,candidate_4,candidate_2,candidate_1,candidate_3,4,0.035
322,candidate_4,candidate_2,candidate_1,candidate_3,4,0.035
323,candidate_4,candidate_2,candidate_1,candidate_3,4,0.035
324,candidate_4,candidate_2,candidate_1,candidate_3,4,0.035
325,candidate_4,candidate_2,candidate_1,candidate_3,4,0.035
326,candidate_4,candidate_2,candidate_1,candidate_3,4,0.035
327,candidate_4,candidate_2,candidate_1,0,4,0.035
328,candidate_4,candidate_2,candidate_1,candidate_3,4,0.035
329,candidate_4,candidate_2,candidate_1,candidate_3,4,0.035
330,candidate_4,candidate_2,candidate_1,candidate_3,4,0.035
331,candidate_4,candidate_2,candidate_1,candidate_3,4,0.035
332,candidate_4,candidate_2,candidate_1,candidate_3,4,0.035
333,candidate_4,0,candidate_1,candidate_3,4,0.035
334,candidate_4,candidate_2,candidate_1,candidate_3,4,0.035
335,candidate_4,candidate_2,candidate_1,candidate_3,4,0.035
336,candidate_4,candidate_2,candidate_1,candidate_3,4,0.035
337,candidate_4,candidate_2,0,candidate_3,4,0.035
338,candidate_4,candidate_2,candidate_1,candidate_3,4,0.035
339,candidate_4,candidate_2,candidate_1,candidate_3,4,0.035
340,candidate_4,candidate_2,candidate_1,candidate_3,4,0.035
341,candidate_4,candidate_2,candidate_1,candidate_3,4,0.035
342,candidate_4,candidate_2,candidate_1,candidate_3,4,0.035
343,candidate_4,candidate_2,candidate_1,candidate_3,4,0.035
344,candidate_4,candidate_2,candidate_1,0,4,0.035
345,candidate_4,candidate_2,candidate_1,candidate_3,4,0.035
346,candidate_4,candidate_2,candidate_1,candidate_3,4,0.035
347,candidate_4,candidate_2,candidate_1,candidate_3,4,0.035
348,candidate_4,candidate_2,candidate_1,candidate_3,4,0.035
349,candidate_4,candidate_2,candidate_1,candidate_3,4,0.035
350,candidate_4,candidate_2,candidate_1,candidate_3,4,0.035
351,candidate_4,candidate_2,candidate_1,candidate_3,4,0.035
352,candidate_4,candidate_2,candidate_1,candidate_3,4,0.035
353,candidate_4,candidate_2,candidate_1,candidate_3,4,0.035
354,candidate_4,candidate_2,candidate_1,candidate_3,4,0.035
355,candidate_4,candidate_2,candidate_1,candidate_3,4,0.035
356,candidate_4,candidate_2,candidate_1,candidate_3,4,0.035
357,candidate_4,candidate_2,candidate_1,candidate_3,4,0.035
358,candidate_4,candidate_2,candidate_1,candidate_3,4,0.035
359,candidate_4,candidate_2,candidate_1,candidate_3,4,0.035
360,candidate_4,candidate_2,candidate_1,candidate_3,4,0.035
361,candidate_4,candidate_2,candidate_1,candidate_3,4,0.035
362,candidate_4,candidate_2,candidate_1,candidate_3,4,0.035
363,candidate_4,candidate_2,candidate_1,candidate_3,4,0.035
364,candidate_4,candidate_2,candidate_1,candidate_3,4,0.035
365,candidate_4,candidate_2,candidate_1,candidate_3,4,0.035
366,candidate_4,candidate_2,0,candidate_3,4,0.035
367,0,candidate_2,candidate_1,candidate_3,4,0.035
368,candidate_4,candidate_2,candidate_1,candidate_3,4,0.035
369,candidate_4,candidate_2,candidate_1,candidate_3,4,0.035
370,candidate_4,candidate_2,candidate_1,candidate_3,4,0.035
371,candidate_4,candidate_2,candidate_1,candidate_3,4,0.035
372,candidate_4,candidate_2,candidate_1,candidate_3,4,0.035
373,candidate_4,candidate_2,candidate_1,candidate_3,4,0.035
374,candidate_4,candidate_2,candidate_1,candidate_3,4,0.035
375,candidate_4,candidate_2,candidate_1,candidate_3,4,0.035
376,candidate_4,candidate_2,candidate_1,candidate_3,4,0.035
377,candidate_4,candidate_2,candidate_1,candidate_3,4,0.035
378,0,candidate_2,candidate_1,candidate_3,4,0.035
379,candidate_4,candidate_2,candidate_1,candidate_3,4,0.035
380,candidate_4,candidate_2,candidate_1,candidate_3,4,0.035
381,candidate_4,candidate_2,candidate_1,candidate_3,4,0.035
382,candidate_4,candidate_2,candidate_1,candidate_3,4,0.035
383,candidate_4,candidate_2,candidate_1,candidate_3,4,0.035
384,candidate_4,candidate_2,0,candidate_3,4,0.035
385,candidate_4,candidate_2,candidate_1,candidate_3,4,0.035
386,candidate_4,candidate_2,candidate_1,candidate_3,4,0.035
387,candidate_4,candidate_2,candidate_1,candidate_3,4,0.035
388,candidate_4,candidate_2,candidate_1,candidate_3,4,0.035
389,candidate_4,candidate_2,candidate_1,candidate_3,4,0.035
390,candidate_4,candidate_2,candidate_1,candidate_3,4,0.035
391,candidate_4,candidate_2,candidate_1,candidate_3,4,0.035
392,candidate_4,candidate_2,candidate_1,candidate_3,4,0.035
393,candidate_4,candidate_2,candidate_1,candidate_3,4,0.035
394,candidate_4,candidate_2,candidate_1,candidate_3,4,0.035
395,candidate_4,candidate_2,0,candidate_3,4,0.035
396,0,candidate_2,candidate_1,candidate_3,4,0.035
397,candidate_4,candidate_2,candidate_1,candidate_3,4,0.035
398,candidate_4,candidate_2,candidate_1,candidate_3,4,0.035
399,candidate_4,candidate_2,0,candidate_3,4,0.035
400,candidate_4,candidate_2,candidate_1,candidate_3,4,0.035
401,candidate_4,candidate_2,candidate_1,candidate_3,4,0.035
402,candidate_4,candidate_2,candidate_1,candidate_3,4,0.035
403,candidate_4,candidate_2,candidate_1,candidate_3,4,0.035
404,candidate_4,candidate_2,candidate_1,candidate_3,4,0.035
405,candidate_4,candidate_2,0,candidate_3,4,0.035
406,candidate_4,candidate_2,candidate_1,candidate_3,4,0.035
407,candidate_4,candidate_2,candidate_1,candidate_3,4,0.035
408,candidate_4,candidate_2,candidate_1,candidate_3,4,0.035
409,candidate_4,candidate_2,candidate_1,candidate_3,4,0.035
410,candidate_4,candidate_2,candidate_1,candidate_3,4,0.035
411,candidate_4,candidate_2,candidate_1,candidate_3,4,0.035
412,candidate_4,candidate_2,candidate_1,candidate_3,4,0.035
413,candidate_4,candidate_2,candidate_1,candidate_3,4,0.035
414,candidate_4,candidate_2,candidate_1,candidate_3,4,0.035
415,candidate_4,candidate_2,0,candidate_3,4,0.035
416,candidate_4,candidate_2,candidate_1,candidate_3,4,0.035
417,candidate_4,candidate_2,candidate_1,0,4,0.035
418,candidate_4,candidate_2,candidate_1,0,4,0.035
419,candidate_4,candidate_2,candidate_1,0,4,0.035
420,candidate_4,candidate_2,candidate_1,candidate_3,4,0.035
421,candidate_4,candidate_2,candidate_1,candidate_3,4,0.035
422,candidate_4,candidate_2,candidate_1,candidate_3,4,0.035
423,candidate_4,candidate_2,candidate_1,candidate_3,4,0.035
424,candidate_4,candidate_2,candidate_1,candidate_3,4,0.035
425,candidate_4,candidate_2,candidate_1,candidate_3,4,0.035
426,candidate_4,candidate_2,candidate_1,candidate_3,4,0.035
427,candidate_4,candidate_2,candidate_1,candidate_3,4,0.035
428,candidate_4,candidate_2,candidate_1,candidate_3,4,0.035
429,candidate_4,candidate_2,candidate_1,candidate_3,4,0.035
430,candidate_4,candidate_2,candidate_1,candidate_3,4,0.035
431,candidate_4,0,candidate_1,candidate_3,4,0.035
432,candidate_4,candidate_2,candidate_1,candidate_3,4,0.035
433,candidate_4,candidate_2,0,candidate_3,4,0.035
434,candidate_4,candidate_2,candidate_1,candidate_3,4,0.035
435,candidate_4,candidate_2,candidate_1,candidate_3,4,0.035
436,candidate_4,candidate_2,candidate_1,candidate_3,4,0.035
437,candidate_4,candidate_2,candidate_1,candidate_3,4,0.035
438,candidate_4,candidate_2,candidate_1,candidate_3,4,0.035
439,candidate_4,candidate_2,candidate_1,candidate_3,4,0.035
440,candidate_4,candidate_2,candidate_1,candidate_3,4,0.035
441,0,candidate_2,candidate_1,candidate_3,4,0.035
442,candidate_4,candidate_2,candidate_1,candidate_3,4,0.035
443,candidate_4,candidate_2,candidate_1,candidate_3,4,0.035
444,candidate_4,candidate_2,candidate_1,candidate_3,4,0.035
445,candidate_4,candidate_2,candidate_1,candidate_3,4,0.035
446,candidate_4,candidate_2,candidate_1,candidate_3,4,0.035
447,candidate_4,candidate_2,candidate_1,candidate_3,4,0.035
448,candidate_4,candidate_2,candidate_1,candidate_3,4,0.035
449,candidate_4,candidate_2,candidate_1,candidate_3,4,0.035
450,candidate_4,candidate_2,candidate_1,candidate_3,4,0.035
451,candidate_4,candidate_2,candidate_1,candidate_3,4,0.035
452,candidate_4,candidate_2,candidate_1,candidate_3,4,0.035
453,candidate_4,candidate_2,candidate_1,candidate_3,4,0.035
454,candidate_4,candidate_2,candidate_1,candidate_3,4,0.035
455,candidate_4,candidate_2,candidate_1,candidate_3,4,0.035
456,candidate_4,candidate_2,candidate_1,candidate_3,4,0.035
457,0,candidate_2,candidate_1,candidate_3,4,0.035
458,candidate_4,candidate_2,candidate_1,candidate_3,4,0.035
459,candidate_4,candidate_2,candidate_1,candidate_3,4,0.035
460,candidate_4,candidate_2,candidate_1,candidate_3,4,0.035
461,candidate_4,candidate_2,candidate_1,candidate_3,4,0.035
462,candidate_4,candidate_2,candidate_1,candidate_3,4,0.035
463,candidate_4,candidate_2,candidate_1,candidate_3,4,0.035
464,candidate_4,candidate_2,candidate_1,candidate_3,4,0.035
465,candidate_4,candidate_2,candidate_1,candidate_3,4,0.035
466,candidate_4,candidate_2,candidate_1,candidate_3,4,0.035
467,candidate_4,candidate_2,candidate_1,candidate_3,4,0.035
468,candidate_4,candidate_2,candidate_1,candidate_3,4,0.035
469,candidate_4,candidate_2,candidate_1,candidate_3,4,0.035
470,candidate_4,candidate_2,candidate_1,candidate_3,4,0.035
471,candidate_4,candidate_2,candidate_1,candidate_3,4,0.035
472,candidate_4,candidate_2,candidate_1,candidate_3,4,0.035
473,candidate_4,candidate_2,candidate_1,candidate_3,4,0.035
474,candidate_4,candidate_2,candidate_1,candidate_3,4,0.035
475,candidate_4,candidate_2,candidate_1,candidate_3,4,0.035
476,candidate_4,candidate_2,candidate_1,candidate_3,4,0.035
477,candidate_4,candidate_2,candidate_1,candidate_3,4,0.035
478,candidate_4,candidate_2,candidate_1,candidate_3,4,0.035
479,candidate_4,candidate_2,candidate_1,candidate_3,4,0.035
480,candidate_4,candidate_2,candidate_1,candidate_3,4,0.035
481,candidate_4,candidate_2,candidate_1,candidate_3,4,0.035
482,candidate_4,candidate_2,candidate_1,0,4,0.035
483,candidate_4,candidate_2,candidate_1,candidate_3,4,0.035
484,candidate_4,candidate_2,candidate_1,candidate_3,4,0.035
485,0,0,candidate_1,candidate_3,4,0.035
486,candidate_4,candidate_2,candidate_1,candidate_3,4,0.035
487,candidate_4,candidate_2,candidate_1,candidate_3,4,0.035
488,candidate_4,candidate_2,candidate_1,candidate_3,4,0.035
489,candidate_4,candidate_2,candidate_1,candidate_3,4,0.035
490,candidate_4,candidate_2,candidate_1,candidate_3,4,0.035
491,candidate_4,candidate_2,candidate_1,candidate_3,4,0.035
492,candidate_4,candidate_2,candidate_1,candidate_3,4,0.035
493,candidate_4,candidate_2,candidate_1,candidate_3,4,0.035
494,candidate_4,candidate_2,candidate_1,candidate_3,4,0.035
495,candidate_4,candidate_2,candidate_1,candidate_3,4,0.035
496,candidate_4,candidate_2,candidate_1,candidate_3,4,0.035
497,candidate_4,candidate_2,candidate_1,candidate_3,4,0.035
498,candidate_4,candidate_2,candidate_1,candidate_3,4,0.035
499,candidate_4,candidate_2,candidate_1,candidate_3,4,0.035
500,candidate_4,candidate_2,candidate_1,candidate_3,4,0.035
501,candidate_4,candidate_2,candidate_1,candidate_3,4,0.035
502,candidate_4,candidate_2,0,candidate_3,4,0.035
503,candidate_4,candidate_2,candidate_1,candidate_3,4,0.035
504,candidate_4,candidate_2,candidate_1,candidate_3,4,0.035
505,candidate_4,candidate_2,candidate_1,candidate_3,4,0.035
506,candidate_4,candidate_2,candidate_1,candidate_3,4,0.035
507,candidate_4,candidate_2,candidate_1,candidate_3,4,0.035
508,0,candidate_2,candidate_1,candidate_3,4,0.035
509,0,candidate_2,candidate_1,candidate_3,4,0.035
510,candidate_4,candidate_2,candidate_1,candidate_3,4,0.035
511,candidate_4,candidate_2,candidate_1,candidate_3,4,0.035
512,candidate_4,candidate_2,candidate_1,candidate_3,4,0.035
513,candidate_4,candidate_2,candidate_1,candidate_3,4,0.035
514,candidate_4,candidate_2,candidate_1,candidate_3,4,0.035
515,candidate_4,candidate_2,candidate_1,candidate_3,4,0.035
516,candidate_4,candidate_2,candidate_1,candidate_3,4,0.035
517,candidate_4,candidate_2,candidate_1,candidate_3,4,0.035
518,candidate_4,candidate_2,candidate_1,candidate_3,4,0.035
519,candidate_4,candidate_2,candidate_1,candidate_3,4,0.035
520,candidate_4,candidate_2,candidate_1,candidate_3,4,0.035
521,candidate_4,candidate_2,candidate_1,candidate_3,4,0.035
522,candidate_4,candidate_2,candidate_1,candidate_3,4,0.035
523,candidate_4,candidate_2,candidate_1,candidate_3,4,0.035
524,candidate_4,candidate_2,candidate_1,candidate_3,4,0.035
525,candidate_4,candidate_2,candidate_1,candidate_3,4,0.035
526,candidate_4,candidate_2,candidate_1,candidate_3,4,0.035
527,candidate_4,candidate_2,candidate_1,candidate_3,4,0.035
528,candidate_4,candidate_2,candidate_1,candidate_3,4,0.035
529,candidate_4,candidate_2,candidate_1,candidate_3,4,0.035
530,candidate_4,candidate_2,candidate_1,candidate_3,4,0.035
531,candidate_4,candidate_2,candidate_1,candidate_3,4,0.035
532,candidate_4,candidate_2,candidate_1,candidate_3,4,0.035
533,candidate_4,candidate_2,candidate_1,candidate_3,4,0.035
534,0,candidate_2,candidate_1,candidate_3,4,0.035
535,candidate_4,candidate_2,candidate_1,candidate_3,4,0.035
536,candidate_4,candidate_2,candidate_1,candidate_3,4,0.035
537,candidate_4,candidate_2,candidate_1,candidate_3,4,0.035
538,candidate_4,candidate_2,candidate_1,candidate_3,4,0.035
539,candidate_4,candidate_2,candidate_1,candidate_3,4,0.035
540,candidate_4,candidate_2,0,candidate_3,4,0.035
541,candidate_4,candidate_2,candidate_1,candidate_3,4,0.035
542,candidate_4,candidate_2,candidate_1,candidate_3,4,0.035
543,candidate_4,candidate_2,candidate_1,candidate_3,4,0.035
544,candidate_4,candidate_2,candidate_1,candidate_3,4,0.035
545,0,candidate_2,candidate_1,candidate_3,4,0.035
546,candidate_4,candidate_2,candidate_1,candidate_3,4,0.035
547,candidate_4,candidate_2,candidate_1,candidate_3,4,0.035
548,candidate_4,candidate_2,candidate_1,candidate_3,4,0.035
549,candidate_4,candidate_2,candidate_1,candidate_3,4,0.035
550,candidate_4,candidate_2,candidate_1,candidate_3,4,0.035
551,candidate_4,candidate_2,candidate_1,candidate_3,4,0.035
552,candidate_4,candidate_2,candidate_1,candidate_3,4,0.035
553,candidate_4,candidate_2,candidate_1,candidate_3,4,0.035
554,candidate_4,candidate_2,candidate_1,candidate_3,4,0.035
555,candidate_4,candidate_2,candidate_1,candidate_3,4,0.035
556,candidate_4,candidate_2,candidate_1,candidate_3,4,0.035
557,candidate_4,candidate_2,candidate_1,candidate_3,4,0.035
558,candidate_4,candidate_2,candidate_1,candidate_3,4,0.035
559,candidate_4,candidate_2,candidate_1,candidate_3,4,0.035
560,candidate_4,candidate_2,candidate_1,candidate_3,4,0.035
561,candidate_4,candidate_2,candidate_1,candidate_3,4,0.035
562,candidate_4,candidate_2,candidate_1,candidate_3,4,0.035
563,candidate_4,candidate_2,candidate_1,candidate_3,4,0.035
564,candidate_4,candidate_2,candidate_1,candidate_3,4,0.035
565,candidate_4,candidate_2,candidate_1,candidate_3,4,0.035
566,candidate_4,candidate_2,candidate_1,candidate_3,4,0.035
567,candidate_4,candidate_2,candidate_1,candidate_3,4,0.035
568,candidate_4,candidate_2,candidate_1,candidate_3,4,0.035
569,candidate_4,0,candidate_1,candidate_3,4,0.035
570,candidate_4,candidate_2,candidate_1,candidate_3,4,0.035
571,candidate_4,candidate_2,candidate_1,candidate_3,4,0.035
572,candidate_4,candidate_2,candidate_1,candidate_3,4,0.035
573,candidate_4,candidate_2,candidate_1,candidate_3,4,0.035
574,candidate_4,candidate_2,candidate_1,candidate_3,4,0.035
575,candidate_4,candidate_2,candidate_1,candidate_3,4,0.035
576,candidate_4,candidate_2,candidate_1,candidate_3,4,0.035
577,candidate_4,candidate_2,candidate_1,candidate_3,4,0.035
578,candidate_4,candidate_2,candidate_1,candidate_3,4,0.035
579,candidate_4,candidate_2,candidate_1,candidate_3,4,0.035
580,candidate_4,candidate_2,candidate_1,candidate_3,4,0.035
581,candidate_4,candidate_2,candidate_1,candidate_3,4,0.035
582,candidate_4,candidate_2,candidate_1,candidate_3,4,0.035
583,candidate_4,candidate_2,candidate_1,candidate_3,4,0.035
584,candidate_4,candidate_2,candidate_1,candidate_3,4,0.035
585,candidate_4,candidate_2,candidate_1,candidate_3,4,0.035
586,candidate_4,candidate_2,candidate_1,candidate_3,4,0.035
587,candidate_4,candidate_2,candidate_1,candidate_3,4,0.035
588,candidate_4,candidate_2,candidate_1,candidate_3,4,0.035
589,candidate_4,candidate_2,candidate_1,candidate_3,4,0.035
590,candidate_4,candidate_2,candidate_1,candidate_3,4,0.035
591,candidate_4,candidate_2,candidate_1,candidate_3,4,0.035
592,candidate_4,candidate_2,0,candidate_3,4,0.035
593,candidate_4,candidate_2,candidate_1,candidate_3,4,0.035
594,candidate_4,candidate_2,candidate_1,candidate_3,4,0.035
595,candidate_4,candidate_2,candidate_1,candidate_3,4,0.035
596,candidate_4,candidate_2,candidate_1,candidate_3,4,0.035
597,candidate_4,candidate_2,candidate_1,candidate_3,4,0.035
598,candidate_4,candidate_2,candidate_1,candidate_3,4,0.035
599,candidate_4,candidate_2,candidate_1,candidate_3,4,0.035
600,candidate_4,candidate_2,candidate_1,candidate_3,4,0.035
601,candidate_4,candidate_2,candidate_1,candidate_3,4,0.035
602,candidate_4,candidate_2,candidate_1,candidate_3,4,0.035
603,candidate_4,candidate_2,candidate_1,candidate_3,4,0.035
604,candidate_4,candidate_2,candidate_1,candidate_3,4,0.035
605,candidate_4,candidate_2,candidate_1,candidate_3,4,0.035
606,candidate_4,candidate_2,candidate_1,candidate_3,4,0.035
607,candidate_4,candidate_2,candidate_1,candidate_3,4,0.035
608,candidate_4,candidate_2,candidate_1,candidate_3,4,0.035
609,candidate_4,candidate_2,candidate_1,candidate_3,4,0.035
610,candidate_4,candidate_2,candidate_1,candidate_3,4,0.035
611,candidate_4,candidate_2,candidate_1,candidate_3,4,0.035
612,candidate_4,candidate_2,candidate_1,candidate_3,4,0.035
613,candidate_4,candidate_2,candidate_1,candidate_3,4,0.035
614,candidate_4,candidate_2,candidate_1,candidate_3,4,0.035
615,candidate_4,candidate_2,candidate_1,candidate_3,4,0.035
616,candidate_4,candidate_2,candidate_1,candidate_3,4,0.035
617,candidate_4,candidate_2,candidate_1,candidate_3,4,0.035
618,candidate_4,candidate_2,candidate_1,candidate_3,4,0.035
619,candidate_4,candidate_2,candidate_1,candidate_3,4,0.035
620,candidate_4,candidate_2,candidate_1,candidate_3,4,0.035
621,candidate_4,candidate_2,candidate_1,candidate_3,4,0.035
622,candidate_4,candidate_2,candidate_1,candidate_3,4,0.035
623,candidate_4,candidate_2,candidate_1,candidate_3,4,0.035
624,candidate_4,0,candidate_1,candidate_3,4,0.035
625,candidate_4,candidate_2,candidate_1,candidate_3,4,0.035
626,candidate_4,candidate_2,candidate_1,candidate_3,4,0.035
627,candidate_4,candidate_2,candidate_1,candidate_3,4,0.035
628,candidate_4,candidate_2,candidate_1,candidate_3,4,0.035
629,candidate_4,candidate_2,candidate_1,candidate_3,4,0.035
630,candidate_4,candidate_2,candidate_1,candidate_3,4,0.035
631,candidate_4,candidate_2,candidate_1,candidate_3,4,0.035
632,candidate_4,candidate_2,candidate_1,candidate_3,4,0.035
633,candidate_4,candidate_2,candidate_1,candidate_3,4,0.035
634,candidate_4,candidate_2,candidate_1,candidate_3,4,0.035
635,candidate_4,candidate_2,candidate_1,candidate_3,4,0.035
636,candidate_4,candidate_2,candidate_1,candidate_3,4,0.035
637,candidate_4,candidate_2,candidate_1,candidate_3,4,0.035
638,candidate_4,candidate_2,candidate_1,candidate_3,4,0.035
639,candidate_4,candidate_2,candidate_1,candidate_3,4,0.035
640,candidate_4,candidate_2,candidate_1,candidate_3,4,0.035
641,candidate_4,candidate_2,candidate_1,candidate_3,4,0.035
642,candidate_4,candidate_2,candidate_1,candidate_3,4,0.035
643,candidate_4,candidate_2,candidate_1,candidate_3,4,0.035
644,candidate_4,candidate_2,0,candidate_3,4,0.035
645,candidate_4,candidate_2,candidate_1,candidate_3,4,0.035
646,candidate_4,candidate_2,candidate_1,candidate_3,4,0.035
647,candidate_4,candidate_2,candidate_1,candidate_3,4,0.035
648,candidate_4,candidate_2,candidate_1,candidate_3,4,0.035
649,candidate_4,candidate_2,candidate_1,candidate_3,4,0.035
650,candidate_4,candidate_2,candidate_1,candidate_3,4,0.035
651,candidate_4,candidate_2,candidate_1,candidate_3,4,0.035
652,candidate_4,candidate_2,candidate_1,candidate_3,4,0.035
653,candidate_4,candidate_2,candidate_1,candidate_3,4,0.035
654,candidate_4,candidate_2,candidate_1,candidate_3,4,0.035
655,candidate_4,candidate_2,candidate_1,candidate_3,4,0.035
656,candidate_4,candidate_2,candidate_1,candidate_3,4,0.035
657,candidate_4,candidate_2,candidate_1,candidate_3,4,0.035
0,candidate_4,candidate_2,candidate_3,candidate_1,4,0.035
1,candidate_4,candidate_2,candidate_3,candidate_1,4,0.035
2,candidate_4,candidate_2,candidate_3,candidate_1,4,0.035
3,candidate_4,candidate_2,candidate_3,candidate_1,4,0.035
4,candidate_4,candidate_2,candidate_3,candidate_1,4,0.035
5,candidate_4,candidate_2,candidate_3,candidate_1,4,0.035
6,candidate_4,candidate_2,candidate_3,candidate_1,4,0.035
7,candidate_4,candidate_2,candidate_3,candidate_1,4,0.035
8,candidate_4,candidate_2,candidate_3,candidate_1,4,0.035
9,candidate_4,candidate_2,0,candidate_1,4,0.035
10,candidate_4,candidate_2,candidate_3,candidate_1,4,0.035
11,candidate_4,candidate_2,candidate_3,candidate_1,4,0.035
12,candidate_4,candidate_2,candidate_3,candidate_1,4,0.035
13,candidate_4,candidate_2,candidate_3,candidate_1,4,0.035
14,candidate_4,candidate_2,candidate_3,0,4,0.035
15,candidate_4,candidate_2,candidate_3,candidate_1,4,0.035
16,candidate_4,candidate_2,candidate_3,candidate_1,4,0.035
17,candidate_4,candidate_2,candidate_3,candidate_1,4,0.035
18,candidate_4,candidate_2,candidate_3,candidate_1,4,0.035
19,candidate_4,candidate_2,candidate_3,candidate_1,4,0.035
20,candidate_4,candidate_2,candidate_3,candidate_1,4,0.035
21,candidate_4,candidate_2,candidate_3,candidate_1,4,0.035
22,candidate_4,candidate_2,candidate_3,candidate_1,4,0.035
23,candidate_4,candidate_2,candidate_3,candidate_1,4,0.035
24,candidate_4,candidate_2,candidate_3,candidate_1,4,0.035
25,candidate_4,0,candidate_3,candidate_1,4,0.035
26,candidate_4,candidate_2,candidate_3,candidate_1,4,0.035
27,candidate_4,candidate_2,candidate_3,candidate_1,4,0.035
28,candidate_4,candidate_2,candidate_3,candidate_1,4,0.035
29,candidate_4,candidate_2,candidate_3,candidate_1,4,0.035
30,candidate_4,candidate_2,candidate_3,candidate_1,4,0.035
31,candidate_4,candidate_2,candidate_3,candidate_1,4,0.035
32,candidate_4,candidate_2,candidate_3,candidate_1,4,0.035
33,candidate_4,candidate_2,candidate_3,0,4,0.035
34,candidate_4,candidate_2,candidate_3,candidate_1,4,0.035
35,candidate_4,candidate_2,candidate_3,candidate_1,4,0.035
36,candidate_4,candidate_2,candidate_3,candidate_1,4,0.035
37,candidate_4,candidate_2,candidate_3,candidate_1,4,0.035
38,candidate_4,candidate_2,candidate_3,candidate_1,4,0.035
39,candidate_4,candidate_2,candidate_3,candidate_1,4,0.035
40,candidate_4,candidate_2,candidate_3,candidate_1,4,0.035
41,candidate_4,candidate_2,candidate_3,candidate_1,4,0.035
42,candidate_4,candidate_2,candidate_3,candidate_1,4,0.035
43,candidate_4,candidate_2,candidate_3,candidate_1,4,0.035
44,candidate_4,candidate_2,candidate_3,candidate_1,4,0.035
45,0,candidate_2,candidate_3,candidate_1,4,0.035
46,candidate_4,candidate_2,candidate_3,0,4,0.035
47,candidate_4,candidate_2,candidate_3,candidate_1,4,0.035
48,candidate_4,candidate_2,candidate_3,candidate_1,4,0.035
49,candidate_4,candidate_2,candidate_3,candidate_1,4,0.035
50,candidate_4,candidate_2,candidate_3,candidate_1,4,0.035
51,candidate_4,candidate_2,candidate_3,candidate_1,4,0.035
52,candidate_4,candidate_2,candidate_3,candidate_1,4,0.035
53,0,candidate_2,candidate_3,candidate_1,4,0.035
54,candidate_4,candidate_2,candidate_3,candidate_1,4,0.035
55,candidate_4,candidate_2,candidate_3,candidate_1,4,0.035
56,candidate_4,candidate_2,candidate_3,0,4,0.035
57,candidate_4,candidate_2,candidate_3,candidate_1,4,0.035
58,candidate_4,candidate_2,candidate_3,candidate_1,4,0.035
59,candidate_4,candidate_2,candidate_3,candidate_1,4,0.035
60,candidate_4,candidate_2,candidate_3,candidate_1,4,0.035
61,candidate_4,candidate_2,candidate_3,candidate_1,4,0.035
62,0,candidate_2,candidate_3,candidate_1,4,0.035
63,candidate_4,candidate_2,candidate_3,candidate_1,4,0.035
64,candidate_4,candidate_2,candidate_3,candidate_1,4,0.035
65,candidate_4,candidate_2,candidate_3,candidate_1,4,0.035
66,candidate_4,candidate_2,candidate_3,candidate_1,4,0.035
67,candidate_4,candidate_2,candidate_3,candidate_1,4,0.035
68,candidate_4,candidate_2,candidate_3,candidate_1,4,0.035
69,candidate_4,candidate_2,candidate_3,candidate_1,4,0.035
70,candidate_4,candidate_2,candidate_3,candidate_1,4,0.035
71,candidate_4,candidate_2,candidate_3,candidate_1,4,0.035
72,candidate_4,candidate_2,candidate_3,candidate_1,4,0.035
73,0,candidate_2,candidate_3,candidate_1,4,0.035
74,candidate_4,candidate_2,candidate_3,candidate_1,4,0.035
75,candidate_4,candidate_2,candidate_3,candidate_1,4,0.035
76,candidate_4,candidate_2,candidate_3,candidate_1,4,0.035
77,candidate_4,candidate_2,candidate_3,candidate_1,4,0.035
78,candidate_4,candidate_2,candidate_3,candidate_1,4,0.035
79,candidate_4,candidate_2,candidate_3,candidate_1,4,0.035
80,candidate_4,candidate_2,candidate_3,candidate_1,4,0.035
81,candidate_4,candidate_2,candidate_3,candidate_1,4,0.035
82,candidate_4,0,candidate_3,candidate_1,4,0.035
83,candidate_4,candidate_2,candidate_3,candidate_1,4,0.035
84,candidate_4,candidate_2,candidate_3,candidate_1,4,0.035
85,candidate_4,candidate_2,candidate_3,candidate_1,4,0.035
86,0,candidate_2,candidate_3,0,4,0.035
87,candidate_4,candidate_2,candidate_3,candidate_1,4,0.035
88,candidate_4,candidate_2,candidate_3,candidate_1,4,0.035
89,candidate_4,candidate_2,candidate_3,candidate_1,4,0.035
90,candidate_4,candidate_2,candidate_3,candidate_1,4,0.035
91,candidate_4,candidate_2,candidate_3,candidate_1,4,0.035
92,candidate_4,candidate_2,candidate_3,candidate_1,4,0.035
93,candidate_4,candidate_2,candidate_3,candidate_1,4,0.035
94,candidate_4,candidate_2,candidate_3,candidate_1,4,0.035
95,candidate_4,candidate_2,candidate_3,candidate_1,4,0.035
96,candidate_4,candidate_2,candidate_3,candidate_1,4,0.035
97,candidate_4,candidate_2,candidate_3,candidate_1,4,0.035
98,candidate_4,candidate_2,candidate_3,candidate_1,4,0.035
99,candidate_4,candidate_2,candidate_3,candidate_1,4,0.035
100,candidate_4,candidate_2,candidate_3,candidate_1,4,0.035
101,candidate_4,candidate_2,candidate_3,candidate_1,4,0.035
102,candidate_4,candidate_2,candidate_3,candidate_1,4,0.035
103,candidate_4,candidate_2,candidate_3,candidate_1,4,0.035
104,candidate_4,candidate_2,candidate_3,candidate_1,4,0.035
105,candidate_4,candidate_2,candidate_3,candidate_1,4,0.035
106,candidate_4,candidate_2,candidate_3,candidate_1,4,0.035
107,candidate_4,candidate_2,candidate_3,candidate_1,4,0.035
108,candidate_4,candidate_2,candidate_3,candidate_1,4,0.035
109,candidate_4,candidate_2,candidate_3,candidate_1,4,0.035
110,candidate_4,candidate_2,candidate_3,candidate_1,4,0.035
111,candidate_4,candidate_2,candidate_3,candidate_1,4,0.035
112,candidate_4,candidate_2,candidate_3,candidate_1,4,0.035
113,candidate_4,candidate_2,candidate_3,candidate_1,4,0.035
114,candidate_4,candidate_2,candidate_3,0,4,0.035
115,candidate_4,candidate_2,candidate_3,candidate_1,4,0.035
116,candidate_4,candidate_2,candidate_3,candidate_1,4,0.035
117,candidate_4,candidate_2,candidate_3,candidate_1,4,0.035
0,candidate_4,candidate_3,candidate_1,candidate_2,4,0.035
1,0,candidate_3,candidate_1,candidate_2,4,0.035
2,candidate_4,candidate_3,candidate_1,candidate_2,4,0.035
3,candidate_4,candidate_3,candidate_1,candidate_2,4,0.035
4,candidate_4,candidate_3,candidate_1,candidate_2,4,0.035
5,candidate_4,candidate_3,candidate_1,0,4,0.035
6,candidate_4,candidate_3,candidate_1,candidate_2,4,0.035
7,0,candidate_3,candidate_1,candidate_2,4,0.035
8,candidate_4,candidate_3,0,candidate_2,4,0.035
9,candidate_4,candidate_3,candidate_1,candidate_2,4,0.035
10,candidate_4,candidate_3,candidate_1,candidate_2,4,0.035
11,candidate_4,candidate_3,candidate_1,candidate_2,4,0.035
12,candidate_4,candidate_3,candidate_1,candidate_2,4,0.035
13,candidate_4,candidate_3,candidate_1,candidate_2,4,0.035
14,candidate_4,candidate_3,candidate_1,candidate_2,4,0.035
15,candidate_4,candidate_3,candidate_1,candidate_2,4,0.035
16,candidate_4,candidate_3,candidate_1,candidate_2,4,0.035
17,candidate_4,0,candidate_1,candidate_2,4,0.035
18,candidate_4,candidate_3,candidate_1,candidate_2,4,0.035
19,candidate_4,candidate_3,candidate_1,candidate_2,4,0.035
20,candidate_4,candidate_3,candidate_1,candidate_2,4,0.035
21,candidate_4,candidate_3,candidate_1,candidate_2,4,0.035
22,candidate_4,candidate_3,candidate_1,candidate_2,4,0.035
23,candidate_4,candidate_3,candidate_1,0,4,0.035
24,candidate_4,candidate_3,candidate_1,candidate_2,4,0.035
25,candidate_4,candidate_3,candidate_1,0,4,0.035
26,candidate_4,candidate_3,candidate_1,candidate_2,4,0.035
27,candidate_4,candidate_3,candidate_1,candidate_2,4,0.035
28,candidate_4,candidate_3,candidate_1,candidate_2,4,0.035
29,candidate_4,candidate_3,candidate_1,candidate_2,4,0.035
30,candidate_4,candidate_3,candidate_1,candidate_2,4,0.035
31,0,candidate_3,candidate_1,candidate_2,4,0.035
32,candidate_4,candidate_3,candidate_1,candidate_2,4,0.035
33,candidate_4,0,0,candidate_2,4,0.035
34,candidate_4,candidate_3,candidate_1,candidate_2,4,0.035
35,candidate_4,0,candidate_1,candidate_2,4,0.035
36,candidate_4,candidate_3,candidate_1,0,4,0.035
37,candidate_4,candidate_3,candidate_1,candidate_2,4,0.035
38,candidate_4,candidate_3,candidate_1,candidate_2,4,0.035
39,candidate_4,candidate_3,candidate_1,candidate_2,4,0.035
40,candidate_4,candidate_3,candidate_1,candidate_2,4,0.035
41,candidate_4,candidate_3,candidate_1,candidate_2,4,0.035
42,candidate_4,candidate_3,candidate_1,candidate_2,4,0.035
43,candidate_4,candidate_3,candidate_1,candidate_2,4,0.035
44,candidate_4,candidate_3,candidate_1,candidate_2,4,0.035
45,candidate_4,candidate_3,candidate_1,candidate_2,4,0.035
46,candidate_4,0,candidate_1,candidate_2,4,0.035
47,candidate_4,candidate_3,candidate_1,candidate_2,4,0.035
48,candidate_4,candidate_3,candidate_1,candidate_2,4,0.035
49,candidate_4,candidate_3,candidate_1,candidate_2,4,0.035
50,candidate_4,candidate_3,candidate_1,candidate_2,4,0.035
51,candidate_4,candidate_3,0,candidate_2,4,0.035
52,candidate_4,candidate_3,candidate_1,candidate_2,4,0.035
53,candidate_4,candidate_3,candidate_1,candidate_2,4,0.035
54,0,candidate_3,candidate_1,candidate_2,4,0.035
55,candidate_4,candidate_3,candidate_1,0,4,0.035
56,candidate_4,candidate_3,candidate_1,candidate_2,4,0.035
57,candidate_4,candidate_3,candidate_1,candidate_2,4,0.035
58,candidate_4,candidate_3,candidate_1,candidate_2,4,0.035
59,candidate_4,candidate_3,candidate_1,candidate_2,4,0.035
60,candidate_4,candidate_3,candidate_1,candidate_2,4,0.035
61,candidate_4,candidate_3,candidate_1,candidate_2,4,0.035
62,candidate_4,candidate_3,candidate_1,candidate_2,4,0.035
63,candidate_4,candidate_3,candidate_1,candidate_2,4,0.035
64,candidate_4,candidate_3,candidate_1,candidate_2,4,0.035
65,candidate_4,candidate_3,candidate_1,candidate_2,4,0.035
66,candidate_4,candidate_3,candidate_1,candidate_2,4,0.035
67,candidate_4,candidate_3,candidate_1,candidate_2,4,0.035
68,candidate_4,candidate_3,candidate_1,candidate_2,4,0.035
69,candidate_4,candidate_3,candidate_1,candidate_2,4,0.035
70,candidate_4,candidate_3,candidate_1,candidate_2,4,0.035
71,candidate_4,candidate_3,candidate_1,0,4,0.035
72,candidate_4,candidate_3,candidate_1,candidate_2,4,0.035
73,candidate_4,candidate_3,candidate_1,candidate_2,4,0.035
74,candidate_4,candidate_3,candidate_1,candidate_2,4,0.035
75,candidate_4,candidate_3,candidate_1,candidate_2,4,0.035
76,candidate_4,candidate_3,candidate_1,candidate_2,4,0.035
77,candidate_4,candidate_3,candidate_1,candidate_2,4,0.035
78,candidate_4,candidate_3,0,candidate_2,4,0.035
79,candidate_4,candidate_3,candidate_1,candidate_2,4,0.035
80,candidate_4,candidate_3,candidate_1,candidate_2,4,0.035
81,candidate_4,candidate_3,candidate_1,candidate_2,4,0.035
82,candidate_4,candidate_3,candidate_1,candidate_2,4,0.035
83,candidate_4,candidate_3,candidate_1,candidate_2,4,0.035
84,candidate_4,candidate_3,candidate_1,candidate_2,4,0.035
85,candidate_4,candidate_3,candidate_1,candidate_2,4,0.035
86,candidate_4,candidate_3,candidate_1,0,4,0.035
87,candidate_4,candidate_3,candidate_1,candidate_2,4,0.035
88,candidate_4,candidate_3,candidate_1,candidate_2,4,0.035
89,candidate_4,candidate_3,candidate_1,candidate_2,4,0.035
90,candidate_4,candidate_3,candidate_1,candidate_2,4,0.035
91,candidate_4,candidate_3,candidate_1,candidate_2,4,0.035
92,candidate_4,candidate_3,candidate_1,candidate_2,4,0.035
93,candidate_4,candidate_3,candidate_1,candidate_2,4,0.035
94,candidate_4,candidate_3,0,candidate_2,4,0.035
95,candidate_4,candidate_3,candidate_1,candidate_2,4,0.035
96,0,candidate_3,candidate_1,candidate_2,4,0.035
97,candidate_4,candidate_3,candidate_1,candidate_2,4,0.035
98,0,candidate_3,candidate_1,candidate_2,4,0.035
99,candidate_4,candidate_3,candidate_1,candidate_2,4,0.035
100,candidate_4,candidate_3,candidate_1,candidate_2,4,0.035
101,candidate_4,candidate_3,candidate_1,candidate_2,4,0.035
102,candidate_4,candidate_3,candidate_1,candidate_2,4,0.035
103,candidate_4,candidate_3,candidate_1,candidate_2,4,0.035
104,candidate_4,candidate_3,candidate_1,candidate_2,4,0.035
105,candidate_4,candidate_3,candidate_1,candidate_2,4,0.035
106,candidate_4,candidate_3,candidate_1,candidate_2,4,0.035
107,candidate_4,candidate_3,candidate_1,candidate_2,4,0.035
108,candidate_4,candidate_3,candidate_1,candidate_2,4,0.035
109,candidate_4,candidate_3,candidate_1,candidate_2,4,0.035
110,candidate_4,0,candidate_1,0,4,0.035
111,candidate_4,candidate_3,candidate_1,candidate_2,4,0.035
112,candidate_4,candidate_3,candidate_1,candidate_2,4,0.035
113,candidate_4,candidate_3,candidate_1,candidate_2,4,0.035
114,candidate_4,candidate_3,candidate_1,candidate_2,4,0.035
115,candidate_4,candidate_3,candidate_1,candidate_2,4,0.035
116,candidate_4,candidate_3,candidate_1,candidate_2,4,0.035
117,candidate_4,candidate_3,candidate_1,candidate_2,4,0.035
118,candidate_4,candidate_3,candidate_1,candidate_2,4,0.035
119,candidate_4,candidate_3,candidate_1,candidate_2,4,0.035
120,candidate_4,candidate_3,candidate_1,candidate_2,4,0.035
121,candidate_4,candidate_3,candidate_1,candidate_2,4,0.035
122,candidate_4,candidate_3,candidate_1,candidate_2,4,0.035
123,candidate_4,candidate_3,candidate_1,candidate_2,4,0.035
124,candidate_4,candidate_3,candidate_1,0,4,0.035
125,candidate_4,candidate_3,candidate_1,candidate_2,4,0.035
126,candidate_4,candidate_3,candidate_1,candidate_2,4,0.035
127,candidate_4,candidate_3,candidate_1,candidate_2,4,0.035
128,candidate_4,candidate_3,candidate_1,candidate_2,4,0.035
129,candidate_4,candidate_3,candidate_1,0,4,0.035
130,candidate_4,candidate_3,candidate_1,candidate_2,4,0.035
131,candidate_4,candidate_3,candidate_1,candidate_2,4,0.035
132,candidate_4,candidate_3,candidate_1,candidate_2,4,0.035
133,candidate_4,candidate_3,candidate_1,0,4,0.035
134,candidate_4,candidate_3,candidate_1,candidate_2,4,0.035
135,candidate_4,candidate_3,candidate_1,candidate_2,4,0.035
136,candidate_4,candidate_3,candidate_1,candidate_2,4,0.035
137,candidate_4,candidate_3,candidate_1,candidate_2,4,0.035
138,candidate_4,candidate_3,candidate_1,candidate_2,4,0.035
139,candidate_4,candidate_3,candidate_1,candidate_2,4,0.035
140,candidate_4,candidate_3,candidate_1,candidate_2,4,0.035
141,candidate_4,candidate_3,candidate_1,candidate_2,4,0.035
142,candidate_4,candidate_3,candidate_1,candidate_2,4,0.035
143,candidate_4,candidate_3,candidate_1,candidate_2,4,0.035
144,candidate_4,candidate_3,candidate_1,candidate_2,4,0.035
145,candidate_4,candidate_3,candidate_1,candidate_2,4,0.035
146,candidate_4,candidate_3,candidate_1,candidate_2,4,0.035
147,candidate_4,candidate_3,candidate_1,candidate_2,4,0.035
148,candidate_4,candidate_3,candidate_1,candidate_2,4,0.035
149,candidate_4,candidate_3,candidate_1,candidate_2,4,0.035
150,candidate_4,candidate_3,candidate_1,candidate_2,4,0.035
151,candidate_4,candidate_3,candidate_1,candidate_2,4,0.035
152,candidate_4,candidate_3,candidate_1,candidate_2,4,0.035
153,candidate_4,candidate_3,candidate_1,candidate_2,4,0.035
154,candidate_4,candidate_3,candidate_1,candidate_2,4,0.035
155,candidate_4,candidate_3,candidate_1,candidate_2,4,0.035
156,0,candidate_3,candidate_1,candidate_2,4,0.035
157,candidate_4,candidate_3,candidate_1,0,4,0.035
158,candidate_4,candidate_3,candidate_1,candidate_2,4,0.035
159,candidate_4,candidate_3,candidate_1,candidate_2,4,0.035
160,candidate_4,candidate_3,candidate_1,candidate_2,4,0.035
161,candidate_4,candidate_3,0,candidate_2,4,0.035
162,candidate_4,candidate_3,candidate_1,candidate_2,4,0.035
163,candidate_4,candidate_3,candidate_1,candidate_2,4,0.035
164,candidate_4,candidate_3,candidate_1,candidate_2,4,0.035
165,candidate_4,candidate_3,candidate_1,candidate_2,4,0.035
166,candidate_4,candidate_3,candidate_1,candidate_2,4,0.035
167,candidate_4,candidate_3,candidate_1,candidate_2,4,0.035
168,candidate_4,candidate_3,candidate_1,candidate_2,4,0.035
169,candidate_4,candidate_3,candidate_1,candidate_2,4,0.035
170,0,candidate_3,candidate_1,candidate_2,4,0.035
171,candidate_4,candidate_3,candidate_1,candidate_2,4,0.035
172,candidate_4,candidate_3,candidate_1,candidate_2,4,0.035
173,candidate_4,candidate_3,candidate_1,candidate_2,4,0.035
174,candidate_4,candidate_3,candidate_1,candidate_2,4,0.035
175,candidate_4,candidate_3,candidate_1,candidate_2,4,0.035
176,candidate_4,candidate_3,0,candidate_2,4,0.035
177,candidate_4,candidate_3,candidate_1,candidate_2,4,0.035
178,candidate_4,0,candidate_1,candidate_2,4,0.035
179,candidate_4,candidate_3,candidate_1,candidate_2,4,0.035
180,candidate_4,candidate_3,candidate_1,candidate_2,4,0.035
181,candidate_4,0,candidate_1,candidate_2,4,0.035
182,candidate_4,candidate_3,candidate_1,candidate_2,4,0.035
183,0,candidate_3,candidate_1,candidate_2,4,0.035
184,0,candidate_3,candidate_1,candidate_2,4,0.035
185,candidate_4,candidate_3,candidate_1,candidate_2,4,0.035
186,candidate_4,candidate_3,candidate_1,candidate_2,4,0.035
187,0,candidate_3,candidate_1,candidate_2,4,0.035
188,candidate_4,candidate_3,candidate_1,candidate_2,4,0.035
189,candidate_4,candidate_3,candidate_1,candidate_2,4,0.035
190,candidate_4,candidate_3,candidate_1,candidate_2,4,0.035
191,candidate_4,candidate_3,candidate_1,candidate_2,4,0.035
192,candidate_4,candidate_3,candidate_1,candidate_2,4,0.035
193,candidate_4,candidate_3,candidate_1,candidate_2,4,0.035
194,candidate_4,candidate_3,candidate_1,candidate_2,4,0.035
195,candidate_4,candidate_3,candidate_1,candidate_2,4,0.035
196,candidate_4,candidate_3,candidate_1,candidate_2,4,0.035
197,candidate_4,candidate_3,candidate_1,candidate_2,4,0.035
198,candidate_4,candidate_3,candidate_1,candidate_2,4,0.035
199,candidate_4,candidate_3,candidate_1,candidate_2,4,0.035
200,candidate_4,candidate_3,candidate_1,candidate_2,4,0.035
201,candidate_4,candidate_3,candidate_1,candidate_2,4,0.035
202,candidate_4,candidate_3,candidate_1,candidate_2,4,0.035
203,candidate_4,candidate_3,candidate_1,candidate_2,4,0.035
204,candidate_4,candidate_3,candidate_1,candidate_2,4,0.035
205,candidate_4,candidate_3,candidate_1,candidate_2,4,0.035
206,candidate_4,candidate_3,0,candidate_2,4,0.035
207,candidate_4,candidate_3,candidate_1,candidate_2,4,0.035
208,candidate_4,candidate_3,candidate_1,candidate_2,4,0.035
209,candidate_4,candidate_3,candidate_1,candidate_2,4,0.035
210,candidate_4,candidate_3,candidate_1,candidate_2,4,0.035
211,candidate_4,candidate_3,candidate_1,candidate_2,4,0.035
212,candidate_4,candidate_3,candidate_1,candidate_2,4,0.035
213,candidate_4,candidate_3,candidate_1,candidate_2,4,0.035
214,candidate_4,candidate_3,candidate_1,candidate_2,4,0.035
215,candidate_4,candidate_3,candidate_1,candidate_2,4,0.035
216,candidate_4,candidate_3,candidate_1,candidate_2,4,0.035
217,candidate_4,candidate_3,candidate_1,candidate_2,4,0.035
218,candidate_4,candidate_3,candidate_1,candidate_2,4,0.035
219,candidate_4,candidate_3,candidate_1,candidate_2,4,0.035
220,candidate_4,candidate_3,candidate_1,candidate_2,4,0.035
221,candidate_4,candidate_3,candidate_1,0,4,0.035
222,candidate_4,candidate_3,candidate_1,candidate_2,4,0.035
223,candidate_4,candidate_3,candidate_1,candidate_2,4,0.035
224,candidate_4,candidate_3,candidate_1,candidate_2,4,0.035
225,candidate_4,candidate_3,candidate_1,candidate_2,4,0.035
226,candidate_4,candidate_3,candidate_1,candidate_2,4,0.035
227,candidate_4,candidate_3,candidate_1,candidate_2,4,0.035
228,candidate_4,candidate_3,candidate_1,candidate_2,4,0.035
229,candidate_4,candidate_3,candidate_1,candidate_2,4,0.035
230,candidate_4,candidate_3,candidate_1,candidate_2,4,0.035
231,candidate_4,candidate_3,candidate_1,candidate_2,4,0.035
232,candidate_4,candidate_3,candidate_1,0,4,0.035
233,candidate_4,candidate_3,candidate_1,candidate_2,4,0.035
234,candidate_4,candidate_3,candidate_1,candidate_2,4,0.035
235,0,candidate_3,candidate_1,candidate_2,4,0.035
236,candidate_4,candidate_3,candidate_1,candidate_2,4,0.035
237,candidate_4,candidate_3,candidate_1,candidate_2,4,0.035
238,candidate_4,candidate_3,candidate_1,candidate_2,4,0.035
239,candidate_4,candidate_3,candidate_1,candidate_2,4,0.035
240,candidate_4,candidate_3,candidate_1,candidate_2,4,0.035
241,candidate_4,candidate_3,0,candidate_2,4,0.035
242,candidate_4,candidate_3,candidate_1,candidate_2,4,0.035
243,candidate_4,candidate_3,candidate_1,candidate_2,4,0.035
244,candidate_4,candidate_3,candidate_1,candidate_2,4,0.035
245,candidate_4,candidate_3,candidate_1,candidate_2,4,0.035
246,candidate_4,candidate_3,candidate_1,candidate_2,4,0.035
247,candidate_4,candidate_3,candidate_1,candidate_2,4,0.035
248,candidate_4,candidate_3,candidate_1,candidate_2,4,0.035
249,candidate_4,candidate_3,candidate_1,candidate_2,4,0.035
250,candidate_4,candidate_3,candidate_1,candidate_2,4,0.035
251,candidate_4,candidate_3,candidate_1,candidate_2,4,0.035
252,candidate_4,candidate_3,candidate_1,candidate_2,4,0.035
253,candidate_4,candidate_3,candidate_1,candidate_2,4,0.035
254,candidate_4,candidate_3,candidate_1,candidate_2,4,0.035
255,candidate_4,candidate_3,candidate_1,candidate_2,4,0.035
256,candidate_4,candidate_3,candidate_1,candidate_2,4,0.035
257,candidate_4,candidate_3,candidate_1,candidate_2,4,0.035
258,0,candidate_3,candidate_1,candidate_2,4,0.035
259,candidate_4,candidate_3,candidate_1,candidate_2,4,0.035
260,candidate_4,candidate_3,0,candidate_2,4,0.035
261,candidate_4,candidate_3,candidate_1,candidate_2,4,0.035
262,candidate_4,candidate_3,candidate_1,candidate_2,4,0.035
263,candidate_4,candidate_3,candidate_1,candidate_2,4,0.035
264,candidate_4,candidate_3,candidate_1,candidate_2,4,0.035
265,candidate_4,candidate_3,candidate_1,0,4,0.035
266,candidate_4,candidate_3,candidate_1,candidate_2,4,0.035
267,candidate_4,candidate_3,candidate_1,candidate_2,4,0.035
268,candidate_4,candidate_3,candidate_1,candidate_2,4,0.035
269,candidate_4,candidate_3,candidate_1,candidate_2,4,0.035
270,candidate_4,candidate_3,candidate_1,0,4,0.035
271,candidate_4,candidate_3,candidate_1,candidate_2,4,0.035
272,candidate_4,candidate_3,candidate_1,candidate_2,4,0.035
273,candidate_4,candidate_3,candidate_1,candidate_2,4,0.035
274,candidate_4,candidate_3,candidate_1,candidate_2,4,0.035
275,candidate_4,candidate_3,candidate_1,candidate_2,4,0.035
276,candidate_4,candidate_3,candidate_1,candidate_2,4,0.035
277,candidate_4,candidate_3,candidate_1,candidate_2,4,0.035
278,candidate_4,candidate_3,candidate_1,candidate_2,4,0.035
279,candidate_4,candidate_3,candidate_1,candidate_2,4,0.035
280,candidate_4,candidate_3,candidate_1,candidate_2,4,0.035
281,candidate_4,candidate_3,candidate_1,candidate_2,4,0.035
282,candidate_4,candidate_3,candidate_1,candidate_2,4,0.035
283,candidate_4,candidate_3,candidate_1,candidate_2,4,0.035
284,candidate_4,candidate_3,candidate_1,candidate_2,4,0.035
285,candidate_4,candidate_3,candidate_1,candidate_2,4,0.035
286,candidate_4,candidate_3,candidate_1,candidate_2,4,0.035
287,candidate_4,0,candidate_1,candidate_2,4,0.035
288,candidate_4,candidate_3,candidate_1,candidate_2,4,0.035
289,candidate_4,candidate_3,candidate_1,candidate_2,4,0.035
290,candidate_4,candidate_3,candidate_1,candidate_2,4,0.035
291,candidate_4,candidate_3,candidate_1,candidate_2,4,0.035
292,candidate_4,candidate_3,candidate_1,candidate_2,4,0.035
293,candidate_4,candidate_3,candidate_1,candidate_2,4,0.035
294,candidate_4,candidate_3,candidate_1,candidate_2,4,0.035
295,candidate_4,candidate_3,candidate_1,candidate_2,4,0.035
296,candidate_4,candidate_3,0,candidate_2,4,0.035
297,candidate_4,candidate_3,candidate_1,candidate_2,4,0.035
298,candidate_4,candidate_3,candidate_1,candidate_2,4,0.035
299,candidate_4,candidate_3,candidate_1,candidate_2,4,0.035
300,candidate_4,candidate_3,candidate_1,candidate_2,4,0.035
301,candidate_4,candidate_3,candidate_1,candidate_2,4,0.035
302,candidate_4,candidate_3,candidate_1,candidate_2,4,0.035
303,candidate_4,candidate_3,candidate_1,candidate_2,4,0.035
304,candidate_4,candidate_3,candidate_1,candidate_2,4,0.035
305,candidate_4,candidate_3,candidate_1,candidate_2,4,0.035
306,candidate_4,candidate_3,candidate_1,candidate_2,4,0.035
307,candidate_4,candidate_3,candidate_1,candidate_2,4,0.035
308,candidate_4,candidate_3,candidate_1,candidate_2,4,0.035
309,candidate_4,candidate_3,candidate_1,candidate_2,4,0.035
310,candidate_4,candidate_3,candidate_1,candidate_2,4,0.035
311,candidate_4,candidate_3,candidate_1,candidate_2,4,0.035
312,candidate_4,candidate_3,candidate_1,candidate_2,4,0.035
313,candidate_4,candidate_3,candidate_1,0,4,0.035
314,candidate_4,candidate_3,candidate_1,candidate_2,4,0.035
315,candidate_4,candidate_3,candidate_1,candidate_2,4,0.035
316,candidate_4,candidate_3,candidate_1,candidate_2,4,0.035
317,candidate_4,candidate_3,candidate_1,candidate_2,4,0.035
318,candidate_4,candidate_3,candidate_1,candidate_2,4,0.035
319,candidate_4,candidate_3,candidate_1,candidate_2,4,0.035
320,candidate_4,candidate_3,candidate_1,candidate_2,4,0.035
321,candidate_4,candidate_3,candidate_1,candidate_2,4,0.035
322,candidate_4,candidate_3,candidate_1,candidate_2,4,0.035
323,candidate_4,candidate_3,candidate_1,candidate_2,4,0.035
324,candidate_4,0,candidate_1,0,4,0.035
325,candidate_4,candidate_3,candidate_1,candidate_2,4,0.035
326,candidate_4,candidate_3,candidate_1,candidate_2,4,0.035
327,candidate_4,candidate_3,candidate_1,candidate_2,4,0.035
328,candidate_4,candidate_3,candidate_1,candidate_2,4,0.035
329,candidate_4,candidate_3,candidate_1,candidate_2,4,0.035
330,candidate_4,candidate_3,candidate_1,candidate_2,4,0.035
331,candidate_4,candidate_3,candidate_1,candidate_2,4,0.035
332,candidate_4,candidate_3,candidate_1,candidate_2,4,0.035
333,candidate_4,candidate_3,candidate_1,candidate_2,4,0.035
334,candidate_4,candidate_3,candidate_1,candidate_2,4,0.035
335,candidate_4,candidate_3,0,candidate_2,4,0.035
336,candidate_4,candidate_3,candidate_1,candidate_2,4,0.035
337,candidate_4,candidate_3,candidate_1,candidate_2,4,0.035
338,candidate_4,candidate_3,candidate_1,candidate_2,4,0.035
339,candidate_4,candidate_3,candidate_1,candidate_2,4,0.035
340,candidate_4,0,candidate_1,candidate_2,4,0.035
341,candidate_4,candidate_3,candidate_1,candidate_2,4,0.035
342,candidate_4,candidate_3,candidate_1,candidate_2,4,0.035
343,candidate_4,candidate_3,candidate_1,candidate_2,4,0.035
344,candidate_4,candidate_3,candidate_1,candidate_2,4,0.035
345,candidate_4,candidate_3,candidate_1,candidate_2,4,0.035
346,candidate_4,0,0,candidate_2,4,0.035
347,candidate_4,candidate_3,candidate_1,candidate_2,4,0.035
348,candidate_4,candidate_3,candidate_1,candidate_2,4,0.035
349,candidate_4,candidate_3,0,candidate_2,4,0.035
350,candidate_4,candidate_3,candidate_1,candidate_2,4,0.035
351,candidate_4,candidate_3,candidate_1,candidate_2,4,0.035
352,candidate_4,candidate_3,candidate_1,candidate_2,4,0.035
353,candidate_4,candidate_3,candidate_1,candidate_2,4,0.035
354,candidate_4,candidate_3,candidate_1,candidate_2,4,0.035
355,candidate_4,candidate_3,0,candidate_2,4,0.035
356,candidate_4,candidate_3,candidate_1,candidate_2,4,0.035
357,candidate_4,candidate_3,candidate_1,candidate_2,4,0.035
358,candidate_4,candidate_3,candidate_1,candidate_2,4,0.035
359,candidate_4,candidate_3,candidate_1,candidate_2,4,0.035
360,candidate_4,candidate_3,candidate_1,candidate_2,4,0.035
361,candidate_4,candidate_3,candidate_1,candidate_2,4,0.035
362,candidate_4,candidate_3,candidate_1,candidate_2,4,0.035
363,candidate_4,candidate_3,candidate_1,candidate_2,4,0.035
364,candidate_4,candidate_3,candidate_1,candidate_2,4,0.035
365,0,candidate_3,candidate_1,candidate_2,4,0.035
366,candidate_4,candidate_3,candidate_1,candidate_2,4,0.035
367,candidate_4,candidate_3,candidate_1,candidate_2,4,0.035
368,candidate_4,candidate_3,candidate_1,candidate_2,4,0.035
369,candidate_4,candidate_3,candidate_1,candidate_2,4,0.035
370,candidate_4,candidate_3,candidate_1,candidate_2,4,0.035
371,candidate_4,candidate_3,candidate_1,candidate_2,4,0.035
372,candidate_4,candidate_3,candidate_1,candidate_2,4,0.035
373,candidate_4,candidate_3,candidate_1,candidate_2,4,0.035
374,candidate_4,candidate_3,candidate_1,candidate_2,4,0.035
375,candidate_4,candidate_3,candidate_1,candidate_2,4,0.035
376,candidate_4,candidate_3,candidate_1,candidate_2,4,0.035
377,candidate_4,candidate_3,candidate_1,candidate_2,4,0.035
378,candidate_4,candidate_3,candidate_1,candidate_2,4,0.035
379,candidate_4,candidate_3,candidate_1,candidate_2,4,0.035
380,candidate_4,candidate_3,candidate_1,candidate_2,4,0.035
381,candidate_4,candidate_3,candidate_1,candidate_2,4,0.035
382,candidate_4,candidate_3,candidate_1,candidate_2,4,0.035
383,candidate_4,candidate_3,candidate_1,candidate_2,4,0.035
384,candidate_4,candidate_3,candidate_1,candidate_2,4,0.035
385,candidate_4,candidate_3,candidate_1,candidate_2,4,0.035
386,candidate_4,candidate_3,candidate_1,candidate_2,4,0.035
387,candidate_4,candidate_3,candidate_1,candidate_2,4,0.035
388,candidate_4,candidate_3,candidate_1,candidate_2,4,0.035
389,candidate_4,candidate_3,candidate_1,candidate_2,4,0.035
390,0,candidate_3,candidate_1,candidate_2,4,0.035
391,candidate_4,candidate_3,candidate_1,candidate_2,4,0.035
392,candidate_4,candidate_3,candidate_1,candidate_2,4,0.035
393,candidate_4,candidate_3,candidate_1,candidate_2,4,0.035
394,candidate_4,candidate_3,0,candidate_2,4,0.035
395,0,candidate_3,candidate_1,candidate_2,4,0.035
396,candidate_4,candidate_3,0,candidate_2,4,0.035
397,candidate_4,candidate_3,candidate_1,candidate_2,4,0.035
398,candidate_4,candidate_3,candidate_1,candidate_2,4,0.035
399,candidate_4,candidate_3,candidate_1,candidate_2,4,0.035
400,candidate_4,candidate_3,candidate_1,candidate_2,4,0.035
401,candidate_4,candidate_3,candidate_1,candidate_2,4,0.035
402,0,candidate_3,candidate_1,candidate_2,4,0.035
403,candidate_4,candidate_3,candidate_1,candidate_2,4,0.035
404,candidate_4,candidate_3,candidate_1,candidate_2,4,0.035
405,candidate_4,candidate_3,candidate_1,candidate_2,4,0.035
406,0,candidate_3,candidate_1,candidate_2,4,0.035
407,candidate_4,candidate_3,candidate_1,candidate_2,4,0.035
408,candidate_4,candidate_3,candidate_1,candidate_2,4,0.035
409,candidate_4,candidate_3,candidate_1,candidate_2,4,0.035
410,candidate_4,candidate_3,candidate_1,candidate_2,4,0.035
411,candidate_4,candidate_3,candidate_1,candidate_2,4,0.035
412,candidate_4,candidate_3,candidate_1,candidate_2,4,0.035
413,candidate_4,candidate_3,candidate_1,candidate_2,4,0.035
414,candidate_4,candidate_3,candidate_1,candidate_2,4,0.035
415,candidate_4,0,candidate_1,candidate_2,4,0.035
416,candidate_4,candidate_3,candidate_1,candidate_2,4,0.035
417,candidate_4,candidate_3,candidate_1,candidate_2,4,0.035
418,candidate_4,candidate_3,candidate_1,candidate_2,4,0.035
419,candidate_4,candidate_3,candidate_1,candidate_2,4,0.035
420,candidate_4,candidate_3,candidate_1,candidate_2,4,0.035
421,candidate_4,candidate_3,candidate_1,candidate_2,4,0.035
422,candidate_4,candidate_3,candidate_1,candidate_2,4,0.035
423,candidate_4,candidate_3,candidate_1,candidate_2,4,0.035
424,candidate_4,candidate_3,candidate_1,candidate_2,4,0.035
425,candidate_4,candidate_3,candidate_1,candidate_2,4,0.035
426,candidate_4,candidate_3,candidate_1,candidate_2,4,0.035
427,candidate_4,candidate_3,candidate_1,candidate_2,4,0.035
428,candidate_4,candidate_3,candidate_1,candidate_2,4,0.035
429,candidate_4,candidate_3,candidate_1,candidate_2,4,0.035
430,candidate_4,candidate_3,candidate_1,candidate_2,4,0.035
431,candidate_4,candidate_3,candidate_1,candidate_2,4,0.035
432,candidate_4,candidate_3,candidate_1,candidate_2,4,0.035
433,candidate_4,candidate_3,candidate_1,candidate_2,4,0.035
434,candidate_4,candidate_3,candidate_1,candidate_2,4,0.035
435,candidate_4,candidate_3,candidate_1,candidate_2,4,0.035
436,candidate_4,candidate_3,candidate_1,candidate_2,4,0.035
437,candidate_4,candidate_3,candidate_1,candidate_2,4,0.035
438,0,candidate_3,candidate_1,candidate_2,4,0.035
439,candidate_4,candidate_3,candidate_1,candidate_2,4,0.035
440,candidate_4,candidate_3,candidate_1,candidate_2,4,0.035
441,candidate_4,candidate_3,candidate_1,candidate_2,4,0.035
442,candidate_4,candidate_3,candidate_1,candidate_2,4,0.035
443,candidate_4,candidate_3,candidate_1,candidate_2,4,0.035
444,candidate_4,candidate_3,candidate_1,candidate_2,4,0.035
445,candidate_4,candidate_3,candidate_1,candidate_2,4,0.035
446,candidate_4,candidate_3,candidate_1,candidate_2,4,0.035
447,candidate_4,candidate_3,candidate_1,0,4,0.035
448,candidate_4,0,candidate_1,candidate_2,4,0.035
449,candidate_4,candidate_3,candidate_1,candidate_2,4,0.035
450,candidate_4,candidate_3,candidate_1,candidate_2,4,0.035
451,candidate_4,candidate_3,candidate_1,candidate_2,4,0.035
452,candidate_4,candidate_3,0,candidate_2,4,0.035
453,candidate_4,candidate_3,candidate_1,candidate_2,4,0.035
454,candidate_4,candidate_3,candidate_1,candidate_2,4,0.035
455,candidate_4,candidate_3,0,candidate_2,4,0.035
456,candidate_4,candidate_3,candidate_1,candidate_2,4,0.035
457,candidate_4,candidate_3,candidate_1,candidate_2,4,0.035
458,candidate_4,candidate_3,candidate_1,candidate_2,4,0.035
459,candidate_4,candidate_3,candidate_1,candidate_2,4,0.035
460,candidate_4,0,0,candidate_2,4,0.035
461,candidate_4,candidate_3,candidate_1,candidate_2,4,0.035
462,candidate_4,candidate_3,candidate_1,candidate_2,4,0.035
463,candidate_4,candidate_3,candidate_1,candidate_2,4,0.035
464,0,candidate_3,candidate_1,candidate_2,4,0.035
465,candidate_4,candidate_3,candidate_1,candidate_2,4,0.035
466,candidate_4,candidate_3,candidate_1,candidate_2,4,0.035
467,candidate_4,candidate_3,candidate_1,candidate_2,4,0.035
468,candidate_4,candidate_3,candidate_1,candidate_2,4,0.035
469,candidate_4,candidate_3,candidate_1,candidate_2,4,0.035
470,candidate_4,candidate_3,candidate_1,candidate_2,4,0.035
471,candidate_4,candidate_3,candidate_1,candidate_2,4,0.035
472,candidate_4,candidate_3,candidate_1,candidate_2,4,0.035
473,candidate_4,candidate_3,candidate_1,candidate_2,4,0.035
474,candidate_4,candidate_3,candidate_1,candidate_2,4,0.035
475,candidate_4,candidate_3,candidate_1,candidate_2,4,0.035
476,candidate_4,candidate_3,candidate_1,candidate_2,4,0.035
477,candidate_4,candidate_3,candidate_1,candidate_2,4,0.035
478,candidate_4,candidate_3,candidate_1,candidate_2,4,0.035
479,candidate_4,candidate_3,candidate_1,candidate_2,4,0.035
480,candidate_4,candidate_3,candidate_1,candidate_2,4,0.035
481,candidate_4,candidate_3,candidate_1,candidate_2,4,0.035
482,candidate_4,candidate_3,candidate_1,candidate_2,4,0.035
483,0,candidate_3,candidate_1,candidate_2,4,0.035
484,candidate_4,candidate_3,candidate_1,candidate_2,4,0.035
485,candidate_4,candidate_3,candidate_1,candidate_2,4,0.035
486,candidate_4,candidate_3,candidate_1,candidate_2,4,0.035
487,candidate_4,candidate_3,candidate_1,candidate_2,4,0.035
488,candidate_4,candidate_3,0,candidate_2,4,0.035
489,candidate_4,candidate_3,candidate_1,candidate_2,4,0.035
490,candidate_4,candidate_3,candidate_1,candidate_2,4,0.035
491,candidate_4,candidate_3,candidate_1,candidate_2,4,0.035
492,candidate_4,candidate_3,candidate_1,candidate_2,4,0.035
493,candidate_4,candidate_3,0,candidate_2,4,0.035
494,candidate_4,candidate_3,candidate_1,candidate_2,4,0.035
495,candidate_4,candidate_3,candidate_1,candidate_2,4,0.035
496,candidate_4,candidate_3,candidate_1,0,4,0.035
497,candidate_4,candidate_3,candidate_1,candidate_2,4,0.035
498,candidate_4,candidate_3,candidate_1,candidate_2,4,0.035
499,candidate_4,candidate_3,candidate_1,candidate_2,4,0.035
500,candidate_4,candidate_3,candidate_1,candidate_2,4,0.035
501,candidate_4,candidate_3,candidate_1,candidate_2,4,0.035
502,candidate_4,candidate_3,candidate_1,candidate_2,4,0.035
503,candidate_4,candidate_3,candidate_1,candidate_2,4,0.035
504,candidate_4,candidate_3,candidate_1,candidate_2,4,0.035
505,candidate_4,candidate_3,candidate_1,candidate_2,4,0.035
506,candidate_4,candidate_3,candidate_1,candidate_2,4,0.035
507,candidate_4,candidate_3,candidate_1,candidate_2,4,0.035
508,candidate_4,0,candidate_1,candidate_2,4,0.035
509,candidate_4,candidate_3,candidate_1,candidate_2,4,0.035
510,candidate_4,candidate_3,candidate_1,candidate_2,4,0.035
511,candidate_4,candidate_3,candidate_1,candidate_2,4,0.035
512,candidate_4,candidate_3,candidate_1,candidate_2,4,0.035
513,candidate_4,candidate_3,candidate_1,candidate_2,4,0.035
514,candidate_4,candidate_3,candidate_1,candidate_2,4,0.035
515,candidate_4,candidate_3,candidate_1,candidate_2,4,0.035
516,candidate_4,candidate_3,0,candidate_2,4,0.035
517,candidate_4,candidate_3,candidate_1,0,4,0.035
518,candidate_4,candidate_3,candidate_1,candidate_2,4,0.035
519,candidate_4,candidate_3,candidate_1,candidate_2,4,0.035
520,candidate_4,candidate_3,candidate_1,candidate_2,4,0.035
521,candidate_4,candidate_3,candidate_1,candidate_2,4,0.035
522,candidate_4,candidate_3,candidate_1,candidate_2,4,0.035
523,candidate_4,candidate_3,candidate_1,candidate_2,4,0.035
524,candidate_4,candidate_3,candidate_1,candidate_2,4,0.035
525,candidate_4,candidate_3,candidate_1,candidate_2,4,0.035
526,candidate_4,candidate_3,candidate_1,candidate_2,4,0.035
527,candidate_4,candidate_3,0,candidate_2,4,0.035
528,candidate_4,candidate_3,candidate_1,candidate_2,4,0.035
529,candidate_4,0,candidate_1,candidate_2,4,0.035
530,candidate_4,candidate_3,candidate_1,candidate_2,4,0.035
531,candidate_4,candidate_3,candidate_1,0,4,0.035
532,candidate_4,candidate_3,candidate_1,candidate_2,4,0.035
533,candidate_4,candidate_3,candidate_1,candidate_2,4,0.035
534,candidate_4,candidate_3,candidate_1,candidate_2,4,0.035
535,candidate_4,candidate_3,candidate_1,candidate_2,4,0.035
536,candidate_4,candidate_3,candidate_1,candidate_2,4,0.035
537,candidate_4,candidate_3,candidate_1,candidate_2,4,0.035
538,candidate_4,candidate_3,candidate_1,candidate_2,4,0.035
539,candidate_4,candidate_3,candidate_1,candidate_2,4,0.035
540,candidate_4,candidate_3,candidate_1,candidate_2,4,0.035
541,candidate_4,candidate_3,candidate_1,candidate_2,4,0.035
542,candidate_4,candidate_3,candidate_1,candidate_2,4,0.035
543,candidate_4,candidate_3,candidate_1,candidate_2,4,0.035
544,candidate_4,candidate_3,candidate_1,candidate_2,4,0.035
545,candidate_4,candidate_3,candidate_1,candidate_2,4,0.035
546,candidate_4,candidate_3,candidate_1,candidate_2,4,0.035
547,candidate_4,candidate_3,candidate_1,candidate_2,4,0.035
548,candidate_4,candidate_3,candidate_1,candidate_2,4,0.035
549,candidate_4,candidate_3,candidate_1,candidate_2,4,0.035
550,candidate_4,candidate_3,candidate_1,candidate_2,4,0.035
551,candidate_4,candidate_3,candidate_1,candidate_2,4,0.035
552,candidate_4,candidate_3,candidate_1,candidate_2,4,0.035
553,0,candidate_3,candidate_1,candidate_2,4,0.035
554,candidate_4,candidate_3,candidate_1,candidate_2,4,0.035
555,candidate_4,candidate_3,candidate_1,candidate_2,4,0.035
556,candidate_4,candidate_3,candidate_1,candidate_2,4,0.035
557,candidate_4,candidate_3,candidate_1,candidate_2,4,0.035
558,candidate_4,candidate_3,candidate_1,candidate_2,4,0.035
559,candidate_4,candidate_3,candidate_1,candidate_2,4,0.035
560,candidate_4,candidate_3,candidate_1,candidate_2,4,0.035
561,candidate_4,candidate_3,candidate_1,candidate_2,4,0.035
562,candidate_4,candidate_3,candidate_1,candidate_2,4,0.035
563,candidate_4,candidate_3,candidate_1,candidate_2,4,0.035
564,candidate_4,candidate_3,candidate_1,candidate_2,4,0.035
565,candidate_4,candidate_3,candidate_1,candidate_2,4,0.035
566,candidate_4,candidate_3,candidate_1,candidate_2,4,0.035
567,candidate_4,candidate_3,candidate_1,candidate_2,4,0.035
568,candidate_4,candidate_3,candidate_1,candidate_2,4,0.035
569,candidate_4,0,candidate_1,candidate_2,4,0.035
570,candidate_4,candidate_3,candidate_1,candidate_2,4,0.035
571,candidate_4,candidate_3,candidate_1,candidate_2,4,0.035
572,candidate_4,candidate_3,candidate_1,candidate_2,4,0.035
573,candidate_4,candidate_3,candidate_1,candidate_2,4,0.035
574,candidate_4,candidate_3,candidate_1,candidate_2,4,0.035
575,candidate_4,candidate_3,candidate_1,candidate_2,4,0.035
576,candidate_4,candidate_3,candidate_1,candidate_2,4,0.035
577,candidate_4,candidate_3,candidate_1,candidate_2,4,0.035
578,candidate_4,candidate_3,candidate_1,0,4,0.035
579,candidate_4,candidate_3,candidate_1,candidate_2,4,0.035
580,candidate_4,candidate_3,candidate_1,candidate_2,4,0.035
581,candidate_4,candidate_3,candidate_1,candidate_2,4,0.035
582,candidate_4,candidate_3,candidate_1,candidate_2,4,0.035
583,candidate_4,candidate_3,candidate_1,candidate_2,4,0.035
584,candidate_4,candidate_3,candidate_1,candidate_2,4,0.035
585,candidate_4,candidate_3,candidate_1,candidate_2,4,0.035
586,candidate_4,candidate_3,candidate_1,candidate_2,4,0.035
587,candidate_4,candidate_3,candidate_1,candidate_2,4,0.035
588,candidate_4,candidate_3,candidate_1,candidate_2,4,0.035
589,candidate_4,candidate_3,candidate_1,candidate_2,4,0.035
590,0,candidate_3,candidate_1,candidate_2,4,0.035
591,candidate_4,candidate_3,candidate_1,candidate_2,4,0.035
592,candidate_4,candidate_3,candidate_1,candidate_2,4,0.035
593,candidate_4,candidate_3,candidate_1,candidate_2,4,0.035
594,candidate_4,candidate_3,candidate_1,0,4,0.035
595,candidate_4,candidate_3,candidate_1,candidate_2,4,0.035
596,0,candidate_3,candidate_1,0,4,0.035
597,candidate_4,candidate_3,candidate_1,candidate_2,4,0.035
598,candidate_4,candidate_3,candidate_1,candidate_2,4,0.035
599,candidate_4,candidate_3,candidate_1,candidate_2,4,0.035
600,candidate_4,candidate_3,candidate_1,candidate_2,4,0.035
601,candidate_4,candidate_3,candidate_1,candidate_2,4,0.035
602,candidate_4,candidate_3,0,candidate_2,4,0.035
603,candidate_4,candidate_3,candidate_1,candidate_2,4,0.035
604,candidate_4,candidate_3,candidate_1,candidate_2,4,0.035
605,candidate_4,candidate_3,candidate_1,candidate_2,4,0.035
606,candidate_4,candidate_3,candidate_1,candidate_2,4,0.035
607,candidate_4,candidate_3,candidate_1,candidate_2,4,0.035
608,candidate_4,candidate_3,candidate_1,candidate_2,4,0.035
609,candidate_4,candidate_3,candidate_1,candidate_2,4,0.035
610,candidate_4,0,candidate_1,candidate_2,4,0.035
611,candidate_4,candidate_3,candidate_1,candidate_2,4,0.035
612,candidate_4,candidate_3,candidate_1,candidate_2,4,0.035
613,candidate_4,candidate_3,candidate_1,candidate_2,4,0.035
614,candidate_4,candidate_3,candidate_1,candidate_2,4,0.035
615,candidate_4,candidate_3,candidate_1,candidate_2,4,0.035
616,candidate_4,candidate_3,candidate_1,candidate_2,4,0.035
617,candidate_4,candidate_3,0,candidate_2,4,0.035
618,candidate_4,candidate_3,candidate_1,candidate_2,4,0.035
619,candidate_4,candidate_3,candidate_1,candidate_2,4,0.035
620,candidate_4,candidate_3,candidate_1,candidate_2,4,0.035
621,candidate_4,candidate_3,candidate_1,candidate_2,4,0.035
622,candidate_4,candidate_3,candidate_1,candidate_2,4,0.035
623,candidate_4,candidate_3,candidate_1,candidate_2,4,0.035
624,0,candidate_3,candidate_1,candidate_2,4,0.035
625,candidate_4,candidate_3,candidate_1,candidate_2,4,0.035
626,candidate_4,candidate_3,candidate_1,candidate_2,4,0.035
627,candidate_4,candidate_3,candidate_1,candidate_2,4,0.035
628,candidate_4,candidate_3,candidate_1,candidate_2,4,0.035
629,candidate_4,candidate_3,candidate_1,candidate_2,4,0.035
630,candidate_4,candidate_3,candidate_1,candidate_2,4,0.035
631,candidate_4,candidate_3,candidate_1,candidate_2,4,0.035
632,candidate_4,candidate_3,candidate_1,0,4,0.035
633,candidate_4,candidate_3,candidate_1,candidate_2,4,0.035
634,candidate_4,candidate_3,candidate_1,candidate_2,4,0.035
635,candidate_4,candidate_3,candidate_1,candidate_2,4,0.035
636,candidate_4,candidate_3,candidate_1,candidate_2,4,0.035
637,candidate_4,candidate_3,candidate_1,0,4,0.035
638,candidate_4,candidate_3,candidate_1,candidate_2,4,0.035
639,candidate_4,candidate_3,candidate_1,candidate_2,4,0.035
640,candidate_4,candidate_3,candidate_1,candidate_2,4,0.035
641,candidate_4,candidate_3,candidate_1,candidate_2,4,0.035
642,candidate_4,candidate_3,candidate_1,candidate_2,4,0.035
643,candidate_4,0,candidate_1,candidate_2,4,0.035
644,candidate_4,candidate_3,candidate_1,candidate_2,4,0.035
645,0,candidate_3,candidate_1,candidate_2,4,0.035
646,candidate_4,candidate_3,candidate_1,candidate_2,4,0.035
647,candidate_4,candidate_3,candidate_1,candidate_2,4,0.035
648,candidate_4,candidate_3,0,candidate_2,4,0.035
649,candidate_4,candidate_3,candidate_1,candidate_2,4,0.035
650,candidate_4,candidate_3,candidate_1,0,4,0.035
651,candidate_4,candidate_3,candidate_1,candidate_2,4,0.035
652,candidate_4,candidate_3,candidate_1,candidate_2,4,0.035
653,candidate_4,candidate_3,candidate_1,candidate_2,4,0.035
654,candidate_4,candidate_3,candidate_1,candidate_2,4,0.035
655,candidate_4,candidate_3,candidate_1,candidate_2,4,0.035
656,candidate_4,candidate_3,candidate_1,candidate_2,4,0.035
657,candidate_4,candidate_3,candidate_1,candidate_2,4,0.035
658,candidate_4,candidate_3,candidate_1,0,4,0.035
659,candidate_4,candidate_3,candidate_1,candidate_2,4,0.035
660,candidate_4,candidate_3,candidate_1,candidate_2,4,0.035
661,candidate_4,candidate_3,candidate_1,candidate_2,4,0.035
662,candidate_4,candidate_3,candidate_1,candidate_2,4,0.035
663,candidate_4,candidate_3,candidate_1,candidate_2,4,0.035
664,candidate_4,candidate_3,candidate_1,candidate_2,4,0.035
665,candidate_4,candidate_3,candidate_1,candidate_2,4,0.035
666,candidate_4,candidate_3,candidate_1,candidate_2,4,0.035
667,candidate_4,candidate_3,candidate_1,candidate_2,4,0.035
668,candidate_4,candidate_3,0,candidate_2,4,0.035
669,candidate_4,candidate_3,candidate_1,candidate_2,4,0.035
670,candidate_4,candidate_3,candidate_1,candidate_2,4,0.035
671,candidate_4,candidate_3,candidate_1,candidate_2,4,0.035
672,candidate_4,candidate_3,candidate_1,candidate_2,4,0.035
673,candidate_4,candidate_3,candidate_1,candidate_2,4,0.035
674,candidate_4,candidate_3,candidate_1,0,4,0.035
675,candidate_4,candidate_3,candidate_1,candidate_2,4,0.035
676,candidate_4,candidate_3,candidate_1,candidate_2,4,0.035
677,candidate_4,candidate_3,candidate_1,candidate_2,4,0.035
678,candidate_4,candidate_3,candidate_1,candidate_2,4,0.035
679,candidate_4,candidate_3,candidate_1,candidate_2,4,0.035
680,candidate_4,candidate_3,candidate_1,candidate_2,4,0.035
681,candidate_4,candidate_3,candidate_1,candidate_2,4,0.035
682,candidate_4,candidate_3,candidate_1,candidate_2,4,0.035
683,candidate_4,candidate_3,candidate_1,candidate_2,4,0.035
684,candidate_4,candidate_3,candidate_1,candidate_2,4,0.035
685,candidate_4,candidate_3,candidate_1,candidate_2,4,0.035
686,candidate_4,candidate_3,candidate_1,candidate_2,4,0.035
687,candidate_4,candidate_3,candidate_1,candidate_2,4,0.035
688,candidate_4,candidate_3,candidate_1,candidate_2,4,0.035
689,candidate_4,candidate_3,candidate_1,candidate_2,4,0.035
690,candidate_4,0,candidate_1,candidate_2,4,0.035
691,candidate_4,candidate_3,candidate_1,candidate_2,4,0.035
692,candidate_4,candidate_3,candidate_1,candidate_2,4,0.035
693,candidate_4,candidate_3,candidate_1,candidate_2,4,0.035
694,candidate_4,candidate_3,candidate_1,candidate_2,4,0.035
695,candidate_4,candidate_3,0,candidate_2,4,0.035
696,candidate_4,candidate_3,candidate_1,candidate_2,4,0.035
697,candidate_4,candidate_3,candidate_1,candidate_2,4,0.035
698,candidate_4,candidate_3,candidate_1,candidate_2,4,0.035
699,candidate_4,candidate_3,candidate_1,candidate_2,4,0.035
700,candidate_4,candidate_3,candidate_1,candidate_2,4,0.035
701,0,candidate_3,candidate_1,candidate_2,4,0.035
702,candidate_4,candidate_3,candidate_1,candidate_2,4,0.035
703,candidate_4,candidate_3,candidate_1,candidate_2,4,0.035
704,0,candidate_3,candidate_1,candidate_2,4,0.035
705,candidate_4,candidate_3,candidate_1,candidate_2,4,0.035
706,0,candidate_3,candidate_1,candidate_2,4,0.035
707,candidate_4,0,candidate_1,candidate_2,4,0.035
708,candidate_4,candidate_3,candidate_1,candidate_2,4,0.035
709,candidate_4,candidate_3,candidate_1,candidate_2,4,0.035
710,candidate_4,candidate_3,candidate_1,candidate_2,4,0.035
711,candidate_4,candidate_3,candidate_1,candidate_2,4,0.035
712,candidate_4,candidate_3,candidate_1,candidate_2,4,0.035
0,candidate_4,candidate_3,candidate_2,candidate_1,4,0.035
1,candidate_4,candidate_3,candidate_2,candidate_1,4,0.035
2,candidate_4,candidate_3,candidate_2,candidate_1,4,0.035
3,candidate_4,candidate_3,candidate_2,candidate_1,4,0.035
4,candidate_4,candidate_3,candidate_2,candidate_1,4,0.035
5,candidate_4,candidate_3,candidate_2,candidate_1,4,0.035
6,0,candidate_3,candidate_2,candidate_1,4,0.035
7,candidate_4,candidate_3,candidate_2,candidate_1,4,0.035
8,candidate_4,candidate_3,candidate_2,candidate_1,4,0.035
9,candidate_4,candidate_3,candidate_2,candidate_1,4,0.035
10,candidate_4,candidate_3,candidate_2,candidate_1,4,0.035
11,candidate_4,candidate_3,candidate_2,candidate_1,4,0.035
12,candidate_4,candidate_3,candidate_2,candidate_1,4,0.035
13,candidate_4,candidate_3,candidate_2,0,4,0.035
14,candidate_4,candidate_3,candidate_2,candidate_1,4,0.035
15,0,candidate_3,candidate_2,candidate_1,4,0.035
16,candidate_4,candidate_3,candidate_2,candidate_1,4,0.035
17,candidate_4,candidate_3,candidate_2,candidate_1,4,0.035
18,candidate_4,candidate_3,candidate_2,candidate_1,4,0.035
19,candidate_4,candidate_3,candidate_2,candidate_1,4,0.035
20,candidate_4,candidate_3,candidate_2,candidate_1,4,0.035
21,candidate_4,candidate_3,candidate_2,candidate_1,4,0.035
22,candidate_4,candidate_3,candidate_2,candidate_1,4,0.035
23,candidate_4,candidate_3,0,candidate_1,4,0.035
24,candidate_4,candidate_3,candidate_2,candidate_1,4,0.035
25,candidate_4,candidate_3,candidate_2,candidate_1,4,0.035
26,candidate_4,candidate_3,candidate_2,candidate_1,4,0.035
27,candidate_4,candidate_3,candidate_2,candidate_1,4,0.035
28,candidate_4,candidate_3,candidate_2,candidate_1,4,0.035
29,candidate_4,candidate_3,candidate_2,candidate_1,4,0.035
30,candidate_4,candidate_3,candidate_2,candidate_1,4,0.035
31,candidate_4,candidate_3,candidate_2,candidate_1,4,0.035
32,candidate_4,candidate_3,candidate_2,candidate_1,4,0.035
33,candidate_4,candidate_3,candidate_2,candidate_1,4,0.035
34,candidate_4,candidate_3,candidate_2,0,4,0.035
35,candidate_4,candidate_3,candidate_2,candidate_1,4,0.035
36,candidate_4,candidate_3,candidate_2,0,4,0.035
37,candidate_4,candidate_3,candidate_2,candidate_1,4,0.035
38,candidate_4,candidate_3,candidate_2,candidate_1,4,0.035
39,candidate_4,0,candidate_2,candidate_1,4,0.035
40,candidate_4,candidate_3,candidate_2,candidate_1,4,0.035
41,candidate_4,candidate_3,candidate_2,candidate_1,4,0.035
42,candidate_4,candidate_3,candidate_2,candidate_1,4,0.035
43,candidate_4,candidate_3,candidate_2,candidate_1,4,0.035
44,candidate_4,candidate_3,candidate_2,candidate_1,4,0.035
45,candidate_4,candidate_3,candidate_2,candidate_1,4,0.035
46,candidate_4,candidate_3,candidate_2,0,4,0.035
47,candidate_4,candidate_3,candidate_2,candidate_1,4,0.035
48,candidate_4,candidate_3,candidate_2,candidate_1,4,0.035
49,0,candidate_3,0,candidate_1,4,0.035
50,candidate_4,candidate_3,candidate_2,candidate_1,4,0.035
51,candidate_4,candidate_3,candidate_2,candidate_1,4,0.035
52,candidate_4,candidate_3,candidate_2,0,4,0.035
53,candidate_4,candidate_3,candidate_2,candidate_1,4,0.035
54,candidate_4,candidate_3,0,candidate_1,4,0.035
55,candidate_4,candidate_3,candidate_2,candidate_1,4,0.035
56,candidate_4,candidate_3,candidate_2,candidate_1,4,0.035
57,0,candidate_3,candidate_2,candidate_1,4,0.035
58,candidate_4,candidate_3,candidate_2,candidate_1,4,0.035
59,candidate_4,candidate_3,candidate_2,candidate_1,4,0.035
60,candidate_4,candidate_3,candidate_2,candidate_1,4,0.035
61,candidate_4,candidate_3,candidate_2,candidate_1,4,0.035
62,candidate_4,candidate_3,candidate_2,candidate_1,4,0.035
63,candidate_4,candidate_3,candidate_2,candidate_1,4,0.035
64,candidate_4,candidate_3,candidate_2,candidate_1,4,0.035
65,candidate_4,candidate_3,0,candidate_1,4,0.035
66,candidate_4,candidate_3,candidate_2,candidate_1,4,0.035
67,candidate_4,candidate_3,candidate_2,candidate_1,4,0.035
68,candidate_4,candidate_3,candidate_2,candidate_1,4,0.035
69,candidate_4,candidate_3,candidate_2,candidate_1,4,0.035
70,candidate_4,candidate_3,candidate_2,candidate_1,4,0.035
71,candidate_4,candidate_3,candidate_2,candidate_1,4,0.035
72,candidate_4,candidate_3,candidate_2,candidate_1,4,0.035
73,candidate_4,candidate_3,candidate_2,candidate_1,4,0.035
74,candidate_4,candidate_3,candidate_2,candidate_1,4,0.035
75,candidate_4,candidate_3,candidate_2,candidate_1,4,0.035
76,candidate_4,candidate_3,candidate_2,candidate_1,4,0.035
77,candidate_4,candidate_3,candidate_2,candidate_1,4,0.035
78,candidate_4,candidate_3,candidate_2,candidate_1,4,0.035
79,candidate_4,candidate_3,candidate_2,candidate_1,4,0.035
80,candidate_4,candidate_3,candidate_2,candidate_1,4,0.035
81,candidate_4,0,candidate_2,candidate_1,4,0.035
82,candidate_4,candidate_3,candidate_2,candidate_1,4,0.035
83,candidate_4,candidate_3,0,candidate_1,4,0.035
84,candidate_4,candidate_3,candidate_2,candidate_1,4,0.035
85,candidate_4,candidate_3,candidate_2,candidate_1,4,0.035
86,candidate_4,0,candidate_2,candidate_1,4,0.035
87,candidate_4,candidate_3,candidate_2,candidate_1,4,0.035
88,candidate_4,candidate_3,candidate_2,candidate_1,4,0.035
89,candidate_4,candidate_3,candidate_2,candidate_1,4,0.035
90,candidate_4,0,candidate_2,candidate_1,4,0.035
91,candidate_4,candidate_3,candidate_2,candidate_1,4,0.035
92,candidate_4,candidate_3,candidate_2,candidate_1,4,0.035
93,candidate_4,candidate_3,candidate_2,candidate_1,4,0.035
94,candidate_4,0,candidate_2,candidate_1,4,0.035
95,candidate_4,candidate_3,candidate_2,candidate_1,4,0.035
96,candidate_4,candidate_3,candidate_2,candidate_1,4,0.035
97,candidate_4,candidate_3,candidate_2,candidate_1,4,0.035
98,candidate_4,candidate_3,candidate_2,candidate_1,4,0.035
99,candidate_4,0,0,candidate_1,4,0.035
100,candidate_4,candidate_3,candidate_2,candidate_1,4,0.035
101,candidate_4,candidate_3,candidate_2,candidate_1,4,0.035
102,candidate_4,candidate_3,candidate_2,candidate_1,4,0.035
103,candidate_4,candidate_3,candidate_2,candidate_1,4,0.035
104,candidate_4,candidate_3,candidate_2,candidate_1,4,0.035
105,candidate_4,candidate_3,candidate_2,candidate_1,4,0.035
106,candidate_4,candidate_3,candidate_2,candidate_1,4,0.035
107,candidate_4,candidate_3,candidate_2,candidate_1,4,0.035
108,candidate_4,candidate_3,candidate_2,candidate_1,4,0.035
109,candidate_4,candidate_3,candidate_2,candidate_1,4,0.035
110,candidate_4,candidate_3,candidate_2,candidate_1,4,0.035
111,candidate_4,candidate_3,candidate_2,candidate_1,4,0.035
112,candidate_4,candidate_3,candidate_2,candidate_1,4,0.035
113,candidate_4,candidate_3,candidate_2,candidate_1,4,0.035
114,candidate_4,candidate_3,candidate_2,candidate_1,4,0.035
115,candidate_4,candidate_3,candidate_2,candidate_1,4,0.035
116,candidate_4,candidate_3,candidate_2,candidate_1,4,0.035
117,candidate_4,candidate_3,candidate_2,candidate_1,4,0.035
118,candidate_4,candidate_3,candidate_2,candidate_1,4,0.035
119,candidate_4,candidate_3,candidate_2,candidate_1,4,0.035
120,candidate_4,candidate_3,candidate_2,candidate_1,4,0.035
121,candidate_4,candidate_3,candidate_2,candidate_1,4,0.035
122,candidate_4,candidate_3,candidate_2,candidate_1,4,0.035
123,candidate_4,candidate_3,candidate_2,candidate_1,4,0.035
124,candidate_4,candidate_3,candidate_2,candidate_1,4,0.035
125,0,candidate_3,candidate_2,candidate_1,4,0.035
126,candidate_4,0,candidate_2,candidate_1,4,0.035
127,candidate_4,candidate_3,candidate_2,candidate_1,4,0.035
128,candidate_4,candidate_3,candidate_2,candidate_1,4,0.035
129,candidate_4,candidate_3,candidate_2,candidate_1,4,0.035
130,candidate_4,candidate_3,candidate_2,candidate_1,4,0.035
131,candidate_4,candidate_3,candidate_2,0,4,0.035
132,candidate_4,candidate_3,candidate_2,candidate_1,4,0.035
133,candidate_4,candidate_3,candidate_2,candidate_1,4,0.035
134,0,candidate_3,0,candidate_1,4,0.035
135,candidate_4,candidate_3,candidate_2,candidate_1,4,0.035
136,0,candidate_3,candidate_2,candidate_1,4,0.035
137,candidate_4,candidate_3,candidate_2,candidate_1,4,0.035
138,candidate_4,candidate_3,candidate_2,candidate_1,4,0.035
139,candidate_4,candidate_3,candidate_2,candidate_1,4,0.035
140,candidate_4,candidate_3,candidate_2,candidate_1,4,0.035
141,candidate_4,candidate_3,candidate_2,candidate_1,4,0.035
142,candidate_4,candidate_3,candidate_2,candidate_1,4,0.035
143,candidate_4,candidate_3,candidate_2,candidate_1,4,0.035
144,candidate_4,candidate_3,candidate_2,candidate_1,4,0.035
145,candidate_4,candidate_3,candidate_2,candidate_1,4,0.035
146,candidate_4,candidate_3,candidate_2,candidate_1,4,0.035
147,candidate_4,candidate_3,candidate_2,candidate_1,4,0.035
148,candidate_4,candidate_3,candidate_2,candidate_1,4,0.035
149,candidate_4,candidate_3,candidate_2,candidate_1,4,0.035
150,candidate_4,candidate_3,candidate_2,candidate_1,4,0.035
151,candidate_4,candidate_3,candidate_2,candidate_1,4,0.035
152,candidate_4,candidate_3,candidate_2,candidate_1,4,0.035
153,candidate_4,candidate_3,candidate_2,0,4,0.035
154,candidate_4,candidate_3,candidate_2,candidate_1,4,0.035
155,candidate_4,candidate_3,candidate_2,candidate_1,4,0.035
156,candidate_4,candidate_3,candidate_2,0,4,0.035
157,candidate_4,candidate_3,candidate_2,candidate_1,4,0.035
158,candidate_4,candidate_3,candidate_2,candidate_1,4,0.035
159,candidate_4,candidate_3,candidate_2,candidate_1,4,0.035
160,candidate_4,candidate_3,candidate_2,candidate_1,4,0.035
161,candidate_4,candidate_3,candidate_2,candidate_1,4,0.035
162,candidate_4,candidate_3,candidate_2,candidate_1,4,0.035
163,candidate_4,candidate_3,candidate_2,candidate_1,4,0.035
164,candidate_4,candidate_3,candidate_2,candidate_1,4,0.035
165,candidate_4,candidate_3,candidate_2,candidate_1,4,0.035
166,candidate_4,candidate_3,candidate_2,0,4,0.035
167,candidate_4,candidate_3,candidate_2,candidate_1,4,0.035
168,candidate_4,candidate_3,candidate_2,candidate_1,4,0.035
169,candidate_4,candidate_3,candidate_2,candidate_1,4,0.035
170,candidate_4,candidate_3,candidate_2,candidate_1,4,0.035
171,candidate_4,candidate_3,candidate_2,candidate_1,4,0.035
172,candidate_4,candidate_3,candidate_2,candidate_1,4,0.035
173,candidate_4,0,candidate_2,candidate_1,4,0.035
174,candidate_4,candidate_3,candidate_2,candidate_1,4,0.035
175,candidate_4,candidate_3,candidate_2,candidate_1,4,0.035
176,candidate_4,candidate_3,candidate_2,candidate_1,4,0.035
177,candidate_4,candidate_3,candidate_2,candidate_1,4,0.035
178,0,candidate_3,candidate_2,candidate_1,4,0.035
179,candidate_4,candidate_3,candidate_2,candidate_1,4,0.035
180,candidate_4,candidate_3,candidate_2,candidate_1,4,0.035
181,candidate_4,candidate_3,candidate_2,candidate_1,4,0.035
182,0,candidate_3,candidate_2,candidate_1,4,0.035
183,candidate_4,candidate_3,candidate_2,candidate_1,4,0.035
184,candidate_4,candidate_3,candidate_2,candidate_1,4,0.035
185,candidate_4,candidate_3,candidate_2,candidate_1,4,0.035
186,candidate_4,candidate_3,candidate_2,candidate_1,4,0.035
187,candidate_4,candidate_3,candidate_2,candidate_1,4,0.035
188,candidate_4,candidate_3,candidate_2,candidate_1,4,0.035
189,candidate_4,candidate_3,candidate_2,candidate_1,4,0.035
190,candidate_4,candidate_3,candidate_2,candidate_1,4,0.035
191,candidate_4,candidate_3,candidate_2,candidate_1,4,0.035
192,candidate_4,candidate_3,candidate_2,candidate_1,4,0.035
193,candidate_4,candidate_3,candidate_2,candidate_1,4,0.035
194,candidate_4,candidate_3,candidate_2,candidate_1,4,0.035
195,candidate_4,candidate_3,candidate_2,candidate_1,4,0.035
196,candidate_4,candidate_3,0,candidate_1,4,0.035
197,candidate_4,candidate_3,candidate_2,candidate_1,4,0.035
198,candidate_4,candidate_3,candidate_2,candidate_1,4,0.035
199,candidate_4,candidate_3,candidate_2,candidate_1,4,0.035
200,candidate_4,candidate_3,candidate_2,candidate_1,4,0.035
201,candidate_4,candidate_3,candidate_2,candidate_1,4,0.035
202,candidate_4,candidate_3,candidate_2,candidate_1,4,0.035
203,candidate_4,candidate_3,candidate_2,candidate_1,4,0.035
204,0,candidate_3,candidate_2,candidate_1,4,0.035
205,candidate_4,candidate_3,candidate_2,candidate_1,4,0.035
206,candidate_4,candidate_3,candidate_2,candidate_1,4,0.035
207,candidate_4,candidate_3,candidate_2,candidate_1,4,0.035
208,candidate_4,candidate_3,candidate_2,candidate_1,4,0.035
209,candidate_4,candidate_3,candidate_2,candidate_1,4,0.035
210,candidate_4,candidate_3,candidate_2,candidate_1,4,0.035
211,candidate_4,candidate_3,candidate_2,candidate_1,4,0.035
212,candidate_4,candidate_3,candidate_2,0,4,0.035
213,candidate_4,candidate_3,candidate_2,candidate_1,4,0.035
214,candidate_4,candidate_3,candidate_2,candidate_1,4,0.035
215,candidate_4,candidate_3,candidate_2,candidate_1,4,0.035
216,candidate_4,candidate_3,candidate_2,candidate_1,4,0.035
217,candidate_4,candidate_3,candidate_2,candidate_1,4,0.035
218,candidate_4,candidate_3,candidate_2,candidate_1,4,0.035
219,candidate_4,candidate_3,candidate_2,candidate_1,4,0.035
220,candidate_4,candidate_3,candidate_2,candidate_1,4,0.035
221,candidate_4,candidate_3,candidate_2,0,4,0.035
222,candidate_4,candidate_3,candidate_2,candidate_1,4,0.035
223,candidate_4,candidate_3,candidate_2,candidate_1,4,0.035
224,candidate_4,candidate_3,candidate_2,candidate_1,4,0.035
225,candidate_4,candidate_3,candidate_2,candidate_1,4,0.035
226,0,candidate_3,candidate_2,candidate_1,4,0.035
227,candidate_4,0,candidate_2,candidate_1,4,0.035
228,candidate_4,candidate_3,candidate_2,candidate_1,4,0.035
229,candidate_4,candidate_3,candidate_2,candidate_1,4,0.035
230,candidate_4,candidate_3,candidate_2,candidate_1,4,0.035
231,candidate_4,candidate_3,candidate_2,candidate_1,4,0.035
232,candidate_4,candidate_3,candidate_2,candidate_1,4,0.035
233,0,candidate_3,candidate_2,candidate_1,4,0.035
234,candidate_4,candidate_3,candidate_2,candidate_1,4,0.035
235,candidate_4,candidate_3,candidate_2,candidate_1,4,0.035
236,candidate_4,candidate_3,candidate_2,candidate_1,4,0.035
237,candidate_4,candidate_3,candidate_2,candidate_1,4,0.035
238,candidate_4,candidate_3,candidate_2,candidate_1,4,0.035
239,candidate_4,candidate_3,candidate_2,candidate_1,4,0.035
240,0,candidate_3,candidate_2,candidate_1,4,0.035
241,0,candidate_3,candidate_2,candidate_1,4,0.035
242,candidate_4,0,candidate_2,candidate_1,4,0.035
243,candidate_4,candidate_3,candidate_2,candidate_1,4,0.035
244,candidate_4,candidate_3,candidate_2,candidate_1,4,0.035
245,candidate_4,candidate_3,candidate_2,candidate_1,4,0.035
246,candidate_4,candidate_3,candidate_2,candidate_1,4,0.035
247,candidate_4,candidate_3,candidate_2,candidate_1,4,0.035
248,candidate_4,candidate_3,candidate_2,candidate_1,4,0.035
249,candidate_4,candidate_3,candidate_2,candidate_1,4,0.035
250,candidate_4,candidate_3,candidate_2,candidate_1,4,0.035
251,candidate_4,candidate_3,candidate_2,candidate_1,4,0.035
252,candidate_4,candidate_3,candidate_2,candidate_1,4,0.035
253,candidate_4,candidate_3,candidate_2,candidate_1,4,0.035
254,candidate_4,candidate_3,candidate_2,candidate_1,4,0.035
255,candidate_4,candidate_3,candidate_2,candidate_1,4,0.035
256,candidate_4,candidate_3,candidate_2,candidate_1,4,0.035
257,candidate_4,candidate_3,candidate_2,candidate_1,4,0.035
258,candidate_4,candidate_3,candidate_2,candidate_1,4,0.035
259,candidate_4,candidate_3,candidate_2,candidate_1,4,0.035
260,candidate_4,candidate_3,candidate_2,candidate_1,4,0.035
261,0,candidate_3,candidate_2,candidate_1,4,0.035
262,candidate_4,candidate_3,candidate_2,candidate_1,4,0.035
263,candidate_4,candidate_3,0,candidate_1,4,0.035
264,candidate_4,candidate_3,candidate_2,candidate_1,4,0.035
265,candidate_4,candidate_3,candidate_2,candidate_1,4,0.035
266,candidate_4,candidate_3,candidate_2,candidate_1,4,0.035
267,candidate_4,candidate_3,candidate_2,candidate_1,4,0.035
268,candidate_4,candidate_3,candidate_2,candidate_1,4,0.035
269,candidate_4,candidate_3,candidate_2,candidate_1,4,0.035
270,candidate_4,candidate_3,candidate_2,candidate_1,4,0.035
271,candidate_4,candidate_3,candidate_2,candidate_1,4,0.035
272,0,candidate_3,candidate_2,candidate_1,4,0.035
273,0,candidate_3,candidate_2,candidate_1,4,0.035
274,candidate_4,candidate_3,candidate_2,candidate_1,4,0.035
275,candidate_4,candidate_3,candidate_2,candidate_1,4,0.035
276,candidate_4,candidate_3,candidate_2,candidate_1,4,0.035
277,candidate_4,candidate_3,candidate_2,candidate_1,4,0.035
278,candidate_4,candidate_3,candidate_2,candidate_1,4,0.035
279,candidate_4,candidate_3,candidate_2,candidate_1,4,0.035
280,candidate_4,candidate_3,candidate_2,candidate_1,4,0.035
281,candidate_4,candidate_3,candidate_2,candidate_1,4,0.035
282,candidate_4,candidate_3,candidate_2,candidate_1,4,0.035
283,candidate_4,0,candidate_2,candidate_1,4,0.035
284,0,candidate_3,candidate_2,candidate_1,4,0.035
285,candidate_4,candidate_3,candidate_2,0,4,0.035
286,candidate_4,candidate_3,candidate_2,candidate_1,4,0.035
287,candidate_4,candidate_3,candidate_2,candidate_1,4,0.035
288,candidate_4,candidate_3,candidate_2,candidate_1,4,0.035
289,candidate_4,candidate_3,candidate_2,candidate_1,4,0.035
290,candidate_4,candidate_3,candidate_2,candidate_1,4,0.035
291,candidate_4,candidate_3,candidate_2,candidate_1,4,0.035
292,candidate_4,candidate_3,candidate_2,candidate_1,4,0.035
293,candidate_4,candidate_3,candidate_2,0,4,0.035
294,candidate_4,0,candidate_2,candidate_1,4,0.035
295,candidate_4,candidate_3,candidate_2,candidate_1,4,0.035
296,candidate_4,candidate_3,candidate_2,candidate_1,4,0.035
297,candidate_4,candidate_3,candidate_2,candidate_1,4,0.035
298,candidate_4,0,candidate_2,candidate_1,4,0.035
299,candidate_4,0,candidate_2,candidate_1,4,0.035
300,candidate_4,candidate_3,candidate_2,candidate_1,4,0.035
301,candidate_4,candidate_3,candidate_2,candidate_1,4,0.035
302,candidate_4,candidate_3,candidate_2,candidate_1,4,0.035
303,candidate_4,candidate_3,candidate_2,candidate_1,4,0.035
304,candidate_4,candidate_3,candidate_2,candidate_1,4,0.035
305,candidate_4,candidate_3,candidate_2,candidate_1,4,0.035
306,candidate_4,0,candidate_2,candidate_1,4,0.035
307,candidate_4,candidate_3,candidate_2,candidate_1,4,0.035
308,candidate_4,candidate_3,candidate_2,0,4,0.035
309,candidate_4,candidate_3,candidate_2,candidate_1,4,0.035
310,candidate_4,candidate_3,candidate_2,candidate_1,4,0.035
311,candidate_4,candidate_3,candidate_2,candidate_1,4,0.035
312,candidate_4,candidate_3,candidate_2,candidate_1,4,0.035
313,candidate_4,candidate_3,candidate_2,candidate_1,4,0.035
314,candidate_4,0,candidate_2,candidate_1,4,0.035
315,candidate_4,candidate_3,candidate_2,candidate_1,4,0.035
316,candidate_4,candidate_3,candidate_2,candidate_1,4,0.035
317,candidate_4,candidate_3,candidate_2,candidate_1,4,0.035
318,candidate_4,candidate_3,candidate_2,candidate_1,4,0.035
