,candidate_1,candidate_2,candidate_3,num_candidates,noise
0,candidate_1,candidate_2,candidate_3,3,0.04666666666666667
1,candidate_1,candidate_2,candidate_3,3,0.04666666666666667
2,candidate_1,candidate_2,candidate_3,3,0.04666666666666667
3,candidate_1,candidate_2,candidate_3,3,0.04666666666666667
4,candidate_1,candidate_2,candidate_3,3,0.04666666666666667
5,candidate_1,candidate_2,candidate_3,3,0.04666666666666667
6,candidate_1,candidate_2,candidate_3,3,0.04666666666666667
7,candidate_1,candidate_2,candidate_3,3,0.04666666666666667
8,candidate_1,candidate_2,candidate_3,3,0.04666666666666667
9,candidate_1,candidate_2,candidate_3,3,0.04666666666666667
10,candidate_1,candidate_2,0,3,0.04666666666666667
11,candidate_1,candidate_2,candidate_3,3,0.04666666666666667
12,candidate_1,candidate_2,candidate_3,3,0.04666666666666667
13,candidate_1,candidate_2,candidate_3,3,0.04666666666666667
14,candidate_1,candidate_2,candidate_3,3,0.04666666666666667
15,candidate_1,candidate_2,candidate_3,3,0.04666666666666667
16,candidate_1,candidate_2,candidate_3,3,0.04666666666666667
17,candidate_1,candidate_2,candidate_3,3,0.04666666666666667
18,candidate_1,candidate_2,candidate_3,3,0.04666666666666667
19,candidate_1,candidate_2,candidate_3,3,0.04666666666666667
20,candidate_1,candidate_2,candidate_3,3,0.04666666666666667
21,candidate_1,candidate_2,candidate_3,3,0.04666666666666667
22,candidate_1,candidate_2,candidate_3,3,0.04666666666666667
23,candidate_1,candidate_2,candidate_3,3,0.04666666666666667
24,candidate_1,candidate_2,candidate_3,3,0.04666666666666667
25,candidate_1,candidate_2,candidate_3,3,0.04666666666666667
26,candidate_1,candidate_2,candidate_3,3,0.04666666666666667
27,candidate_1,candidate_2,candidate_3,3,0.04666666666666667
28,candidate_1,candidate_2,candidate_3,3,0.04666666666666667
29,candidate_1,candidate_2,candidate_3,3,0.04666666666666667
30,candidate_1,candidate_2,candidate_3,3,0.04666666666666667
31,candidate_1,candidate_2,candidate_3,3,0.04666666666666667
32,candidate_1,candidate_2,candidate_3,3,0.04666666666666667
33,candidate_1,candidate_2,candidate_3,3,0.04666666666666667
34,0,candidate_2,candidate_3,3,0.04666666666666667
35,candidate_1,candidate_2,candidate_3,3,0.04666666666666667
36,candidate_1,candidate_2,candidate_3,3,0.04666666666666667
37,candidate_1,candidate_2,candidate_3,3,0.04666666666666667
38,candidate_1,candidate_2,candidate_3,3,0.04666666666666667
39,candidate_1,0,candidate_3,3,0.04666666666666667
40,candidate_1,candidate_2,candidate_3,3,0.04666666666666667
41,candidate_1,candidate_2,candidate_3,3,0.04666666666666667
42,candidate_1,candidate_2,candidate_3,3,0.04666666666666667
43,candidate_1,candidate_2,candidate_3,3,0.04666666666666667
44,candidate_1,candidate_2,candidate_3,3,0.04666666666666667
45,candidate_1,candidate_2,candidate_3,3,0.04666666666666667
46,candidate_1,candidate_2,candidate_3,3,0.04666666666666667
47,candidate_1,candidate_2,candidate_3,3,0.04666666666666667
48,candidate_1,candidate_2,candidate_3,3,0.04666666666666667
49,candidate_1,candidate_2,candidate_3,3,0.04666666666666667
50,candidate_1,candidate_2,0,3,0.04666666666666667
51,candidate_1,candidate_2,candidate_3,3,0.04666666666666667
52,candidate_1,candidate_2,candidate_3,3,0.04666666666666667
53,candidate_1,candidate_2,candidate_3,3,0.04666666666666667
54,candidate_1,candidate_2,candidate_3,3,0.04666666666666667
55,candidate_1,candidate_2,candidate_3,3,0.04666666666666667
56,candidate_1,candidate_2,candidate_3,3,0.04666666666666667
57,candidate_1,candidate_2,candidate_3,3,0.04666666666666667
58,candidate_1,0,candidate_3,3,0.04666666666666667
59,candidate_1,candidate_2,candidate_3,3,0.04666666666666667
60,candidate_1,0,candidate_3,3,0.04666666666666667
61,candidate_1,candidate_2,candidate_3,3,0.04666666666666667
62,candidate_1,candidate_2,candidate_3,3,0.04666666666666667
63,candidate_1,candidate_2,candidate_3,3,0.04666666666666667
64,candidate_1,candidate_2,candidate_3,3,0.04666666666666667
65,candidate_1,candidate_2,candidate_3,3,0.04666666666666667
66,candidate_1,candidate_2,candidate_3,3,0.04666666666666667
67,candidate_1,candidate_2,candidate_3,3,0.04666666666666667
68,candidate_1,candidate_2,candidate_3,3,0.04666666666666667
69,candidate_1,candidate_2,candidate_3,3,0.04666666666666667
70,candidate_1,candidate_2,candidate_3,3,0.04666666666666667
71,candidate_1,candidate_2,candidate_3,3,0.04666666666666667
72,candidate_1,candidate_2,candidate_3,3,0.04666666666666667
73,0,candidate_2,candidate_3,3,0.04666666666666667
74,candidate_1,candidate_2,candidate_3,3,0.04666666666666667
75,candidate_1,candidate_2,candidate_3,3,0.04666666666666667
76,candidate_1,candidate_2,candidate_3,3,0.04666666666666667
77,candidate_1,candidate_2,candidate_3,3,0.04666666666666667
78,candidate_1,candidate_2,candidate_3,3,0.04666666666666667
79,candidate_1,candidate_2,candidate_3,3,0.04666666666666667
80,candidate_1,candidate_2,candidate_3,3,0.04666666666666667
81,candidate_1,candidate_2,candidate_3,3,0.04666666666666667
82,candidate_1,candidate_2,candidate_3,3,0.04666666666666667
83,candidate_1,candidate_2,candidate_3,3,0.04666666666666667
84,candidate_1,candidate_2,candidate_3,3,0.04666666666666667
85,candidate_1,candidate_2,candidate_3,3,0.04666666666666667
86,candidate_1,candidate_2,candidate_3,3,0.04666666666666667
87,candidate_1,candidate_2,candidate_3,3,0.04666666666666667
88,candidate_1,candidate_2,candidate_3,3,0.04666666666666667
89,candidate_1,0,candidate_3,3,0.04666666666666667
90,candidate_1,candidate_2,candidate_3,3,0.04666666666666667
91,candidate_1,candidate_2,candidate_3,3,0.04666666666666667
92,candidate_1,candidate_2,0,3,0.04666666666666667
93,candidate_1,candidate_2,candidate_3,3,0.04666666666666667
94,candidate_1,candidate_2,candidate_3,3,0.04666666666666667
95,candidate_1,candidate_2,candidate_3,3,0.04666666666666667
96,candidate_1,candidate_2,candidate_3,3,0.04666666666666667
97,candidate_1,candidate_2,candidate_3,3,0.04666666666666667
98,candidate_1,candidate_2,candidate_3,3,0.04666666666666667
99,candidate_1,candidate_2,candidate_3,3,0.04666666666666667
100,0,candidate_2,candidate_3,3,0.04666666666666667
101,candidate_1,candidate_2,candidate_3,3,0.04666666666666667
102,candidate_1,candidate_2,candidate_3,3,0.04666666666666667
103,candidate_1,candidate_2,candidate_3,3,0.04666666666666667
104,candidate_1,candidate_2,candidate_3,3,0.04666666666666667
105,candidate_1,candidate_2,candidate_3,3,0.04666666666666667
106,candidate_1,candidate_2,candidate_3,3,0.04666666666666667
107,candidate_1,candidate_2,candidate_3,3,0.04666666666666667
108,candidate_1,0,candidate_3,3,0.04666666666666667
109,candidate_1,candidate_2,candidate_3,3,0.04666666666666667
110,candidate_1,candidate_2,candidate_3,3,0.04666666666666667
111,candidate_1,candidate_2,candidate_3,3,0.04666666666666667
112,candidate_1,0,candidate_3,3,0.04666666666666667
113,candidate_1,candidate_2,candidate_3,3,0.04666666666666667
114,candidate_1,candidate_2,candidate_3,3,0.04666666666666667
115,candidate_1,candidate_2,candidate_3,3,0.04666666666666667
116,candidate_1,candidate_2,0,3,0.04666666666666667
117,candidate_1,candidate_2,candidate_3,3,0.04666666666666667
118,candidate_1,candidate_2,0,3,0.04666666666666667
119,candidate_1,candidate_2,candidate_3,3,0.04666666666666667
120,candidate_1,candidate_2,candidate_3,3,0.04666666666666667
121,candidate_1,0,candidate_3,3,0.04666666666666667
122,0,candidate_2,candidate_3,3,0.04666666666666667
123,candidate_1,candidate_2,candidate_3,3,0.04666666666666667
124,candidate_1,candidate_2,candidate_3,3,0.04666666666666667
125,candidate_1,candidate_2,candidate_3,3,0.04666666666666667
126,candidate_1,candidate_2,candidate_3,3,0.04666666666666667
127,candidate_1,candidate_2,candidate_3,3,0.04666666666666667
128,candidate_1,candidate_2,candidate_3,3,0.04666666666666667
129,candidate_1,0,candidate_3,3,0.04666666666666667
130,candidate_1,candidate_2,candidate_3,3,0.04666666666666667
131,candidate_1,candidate_2,candidate_3,3,0.04666666666666667
132,candidate_1,candidate_2,candidate_3,3,0.04666666666666667
133,candidate_1,candidate_2,candidate_3,3,0.04666666666666667
134,candidate_1,candidate_2,candidate_3,3,0.04666666666666667
135,candidate_1,candidate_2,candidate_3,3,0.04666666666666667
136,candidate_1,candidate_2,candidate_3,3,0.04666666666666667
137,candidate_1,candidate_2,candidate_3,3,0.04666666666666667
138,candidate_1,candidate_2,candidate_3,3,0.04666666666666667
139,candidate_1,candidate_2,candidate_3,3,0.04666666666666667
140,candidate_1,candidate_2,candidate_3,3,0.04666666666666667
141,candidate_1,candidate_2,candidate_3,3,0.04666666666666667
142,candidate_1,candidate_2,candidate_3,3,0.04666666666666667
143,candidate_1,candidate_2,candidate_3,3,0.04666666666666667
144,candidate_1,candidate_2,candidate_3,3,0.04666666666666667
145,candidate_1,candidate_2,candidate_3,3,0.04666666666666667
146,candidate_1,candidate_2,candidate_3,3,0.04666666666666667
147,0,candidate_2,candidate_3,3,0.04666666666666667
148,candidate_1,candidate_2,candidate_3,3,0.04666666666666667
149,candidate_1,candidate_2,candidate_3,3,0.04666666666666667
150,candidate_1,candidate_2,candidate_3,3,0.04666666666666667
151,candidate_1,candidate_2,candidate_3,3,0.04666666666666667
152,candidate_1,candidate_2,candidate_3,3,0.04666666666666667
153,candidate_1,candidate_2,candidate_3,3,0.04666666666666667
154,candidate_1,candidate_2,candidate_3,3,0.04666666666666667
155,candidate_1,candidate_2,candidate_3,3,0.04666666666666667
156,0,candidate_2,candidate_3,3,0.04666666666666667
157,candidate_1,candidate_2,candidate_3,3,0.04666666666666667
158,candidate_1,candidate_2,candidate_3,3,0.04666666666666667
159,candidate_1,candidate_2,candidate_3,3,0.04666666666666667
160,candidate_1,candidate_2,candidate_3,3,0.04666666666666667
161,candidate_1,candidate_2,candidate_3,3,0.04666666666666667
162,candidate_1,candidate_2,candidate_3,3,0.04666666666666667
163,0,candidate_2,candidate_3,3,0.04666666666666667
164,candidate_1,candidate_2,candidate_3,3,0.04666666666666667
165,candidate_1,candidate_2,candidate_3,3,0.04666666666666667
166,0,candidate_2,candidate_3,3,0.04666666666666667
167,candidate_1,candidate_2,candidate_3,3,0.04666666666666667
168,candidate_1,0,candidate_3,3,0.04666666666666667
169,candidate_1,candidate_2,candidate_3,3,0.04666666666666667
170,candidate_1,candidate_2,candidate_3,3,0.04666666666666667
171,candidate_1,candidate_2,candidate_3,3,0.04666666666666667
172,candidate_1,0,candidate_3,3,0.04666666666666667
173,candidate_1,candidate_2,candidate_3,3,0.04666666666666667
174,candidate_1,candidate_2,candidate_3,3,0.04666666666666667
175,candidate_1,candidate_2,candidate_3,3,0.04666666666666667
176,candidate_1,candidate_2,candidate_3,3,0.04666666666666667
177,candidate_1,candidate_2,candidate_3,3,0.04666666666666667
178,candidate_1,candidate_2,candidate_3,3,0.04666666666666667
179,candidate_1,candidate_2,candidate_3,3,0.04666666666666667
180,0,candidate_2,candidate_3,3,0.04666666666666667
181,candidate_1,candidate_2,candidate_3,3,0.04666666666666667
182,candidate_1,candidate_2,candidate_3,3,0.04666666666666667
183,candidate_1,candidate_2,candidate_3,3,0.04666666666666667
184,candidate_1,candidate_2,candidate_3,3,0.04666666666666667
185,candidate_1,candidate_2,candidate_3,3,0.04666666666666667
186,candidate_1,candidate_2,candidate_3,3,0.04666666666666667
187,candidate_1,candidate_2,candidate_3,3,0.04666666666666667
188,candidate_1,candidate_2,candidate_3,3,0.04666666666666667
189,candidate_1,candidate_2,candidate_3,3,0.04666666666666667
190,candidate_1,candidate_2,candidate_3,3,0.04666666666666667
191,candidate_1,candidate_2,candidate_3,3,0.04666666666666667
192,candidate_1,candidate_2,0,3,0.04666666666666667
193,candidate_1,candidate_2,candidate_3,3,0.04666666666666667
194,candidate_1,candidate_2,candidate_3,3,0.04666666666666667
195,candidate_1,candidate_2,candidate_3,3,0.04666666666666667
196,candidate_1,candidate_2,candidate_3,3,0.04666666666666667
197,candidate_1,candidate_2,0,3,0.04666666666666667
198,candidate_1,candidate_2,candidate_3,3,0.04666666666666667
199,candidate_1,candidate_2,candidate_3,3,0.04666666666666667
200,0,candidate_2,candidate_3,3,0.04666666666666667
201,candidate_1,candidate_2,candidate_3,3,0.04666666666666667
202,candidate_1,candidate_2,candidate_3,3,0.04666666666666667
203,0,candidate_2,candidate_3,3,0.04666666666666667
204,candidate_1,candidate_2,candidate_3,3,0.04666666666666667
205,candidate_1,candidate_2,candidate_3,3,0.04666666666666667
206,candidate_1,candidate_2,candidate_3,3,0.04666666666666667
207,candidate_1,candidate_2,candidate_3,3,0.04666666666666667
208,candidate_1,candidate_2,candidate_3,3,0.04666666666666667
209,candidate_1,candidate_2,candidate_3,3,0.04666666666666667
210,candidate_1,candidate_2,candidate_3,3,0.04666666666666667
211,candidate_1,candidate_2,candidate_3,3,0.04666666666666667
212,candidate_1,candidate_2,0,3,0.04666666666666667
213,candidate_1,candidate_2,candidate_3,3,0.04666666666666667
214,candidate_1,candidate_2,candidate_3,3,0.04666666666666667
215,candidate_1,candidate_2,candidate_3,3,0.04666666666666667
216,candidate_1,candidate_2,candidate_3,3,0.04666666666666667
217,candidate_1,candidate_2,candidate_3,3,0.04666666666666667
218,candidate_1,candidate_2,candidate_3,3,0.04666666666666667
219,candidate_1,candidate_2,candidate_3,3,0.04666666666666667
220,candidate_1,candidate_2,candidate_3,3,0.04666666666666667
221,0,candidate_2,candidate_3,3,0.04666666666666667
222,candidate_1,candidate_2,candidate_3,3,0.04666666666666667
223,candidate_1,candidate_2,candidate_3,3,0.04666666666666667
224,candidate_1,candidate_2,candidate_3,3,0.04666666666666667
225,candidate_1,candidate_2,candidate_3,3,0.04666666666666667
226,candidate_1,candidate_2,candidate_3,3,0.04666666666666667
227,candidate_1,candidate_2,candidate_3,3,0.04666666666666667
228,candidate_1,candidate_2,candidate_3,3,0.04666666666666667
229,candidate_1,candidate_2,candidate_3,3,0.04666666666666667
230,candidate_1,candidate_2,candidate_3,3,0.04666666666666667
231,candidate_1,candidate_2,candidate_3,3,0.04666666666666667
232,candidate_1,candidate_2,candidate_3,3,0.04666666666666667
233,candidate_1,candidate_2,candidate_3,3,0.04666666666666667
234,candidate_1,candidate_2,candidate_3,3,0.04666666666666667
235,candidate_1,candidate_2,candidate_3,3,0.04666666666666667
236,candidate_1,candidate_2,candidate_3,3,0.04666666666666667
237,candidate_1,candidate_2,candidate_3,3,0.04666666666666667
238,candidate_1,candidate_2,candidate_3,3,0.04666666666666667
239,candidate_1,candidate_2,candidate_3,3,0.04666666666666667
240,candidate_1,candidate_2,candidate_3,3,0.04666666666666667
241,candidate_1,candidate_2,candidate_3,3,0.04666666666666667
242,candidate_1,candidate_2,candidate_3,3,0.04666666666666667
243,0,candidate_2,candidate_3,3,0.04666666666666667
244,candidate_1,candidate_2,candidate_3,3,0.04666666666666667
245,candidate_1,candidate_2,candidate_3,3,0.04666666666666667
246,0,candidate_2,candidate_3,3,0.04666666666666667
247,candidate_1,candidate_2,candidate_3,3,0.04666666666666667
248,candidate_1,candidate_2,candidate_3,3,0.04666666666666667
249,candidate_1,candidate_2,candidate_3,3,0.04666666666666667
250,candidate_1,0,candidate_3,3,0.04666666666666667
251,candidate_1,candidate_2,candidate_3,3,0.04666666666666667
252,0,candidate_2,candidate_3,3,0.04666666666666667
253,candidate_1,candidate_2,candidate_3,3,0.04666666666666667
254,candidate_1,candidate_2,candidate_3,3,0.04666666666666667
255,candidate_1,candidate_2,candidate_3,3,0.04666666666666667
256,candidate_1,0,candidate_3,3,0.04666666666666667
257,0,candidate_2,candidate_3,3,0.04666666666666667
258,candidate_1,candidate_2,candidate_3,3,0.04666666666666667
259,candidate_1,0,candidate_3,3,0.04666666666666667
260,candidate_1,0,candidate_3,3,0.04666666666666667
261,candidate_1,candidate_2,candidate_3,3,0.04666666666666667
262,0,candidate_2,candidate_3,3,0.04666666666666667
263,candidate_1,0,candidate_3,3,0.04666666666666667
264,candidate_1,candidate_2,candidate_3,3,0.04666666666666667
265,candidate_1,candidate_2,candidate_3,3,0.04666666666666667
266,candidate_1,candidate_2,candidate_3,3,0.04666666666666667
267,candidate_1,candidate_2,candidate_3,3,0.04666666666666667
268,candidate_1,candidate_2,candidate_3,3,0.04666666666666667
269,candidate_1,candidate_2,candidate_3,3,0.04666666666666667
270,candidate_1,candidate_2,candidate_3,3,0.04666666666666667
271,candidate_1,candidate_2,candidate_3,3,0.04666666666666667
272,candidate_1,candidate_2,candidate_3,3,0.04666666666666667
273,candidate_1,candidate_2,candidate_3,3,0.04666666666666667
274,candidate_1,candidate_2,candidate_3,3,0.04666666666666667
275,candidate_1,candidate_2,candidate_3,3,0.04666666666666667
276,candidate_1,candidate_2,candidate_3,3,0.04666666666666667
277,candidate_1,candidate_2,candidate_3,3,0.04666666666666667
278,candidate_1,candidate_2,candidate_3,3,0.04666666666666667
279,candidate_1,candidate_2,candidate_3,3,0.04666666666666667
280,candidate_1,candidate_2,0,3,0.04666666666666667
281,candidate_1,candidate_2,candidate_3,3,0.04666666666666667
282,candidate_1,candidate_2,candidate_3,3,0.04666666666666667
283,candidate_1,candidate_2,candidate_3,3,0.04666666666666667
284,candidate_1,candidate_2,candidate_3,3,0.04666666666666667
285,candidate_1,candidate_2,candidate_3,3,0.04666666666666667
286,candidate_1,candidate_2,candidate_3,3,0.04666666666666667
287,candidate_1,candidate_2,candidate_3,3,0.04666666666666667
288,candidate_1,candidate_2,candidate_3,3,0.04666666666666667
289,0,candidate_2,candidate_3,3,0.04666666666666667
290,candidate_1,candidate_2,candidate_3,3,0.04666666666666667
291,candidate_1,candidate_2,candidate_3,3,0.04666666666666667
292,candidate_1,candidate_2,candidate_3,3,0.04666666666666667
293,candidate_1,candidate_2,candidate_3,3,0.04666666666666667
294,0,candidate_2,candidate_3,3,0.04666666666666667
295,candidate_1,candidate_2,candidate_3,3,0.04666666666666667
296,candidate_1,candidate_2,candidate_3,3,0.04666666666666667
297,candidate_1,0,candidate_3,3,0.04666666666666667
298,candidate_1,candidate_2,candidate_3,3,0.04666666666666667
299,candidate_1,candidate_2,candidate_3,3,0.04666666666666667
300,candidate_1,candidate_2,candidate_3,3,0.04666666666666667
301,candidate_1,candidate_2,candidate_3,3,0.04666666666666667
302,candidate_1,candidate_2,candidate_3,3,0.04666666666666667
303,candidate_1,candidate_2,candidate_3,3,0.04666666666666667
304,candidate_1,candidate_2,candidate_3,3,0.04666666666666667
305,candidate_1,candidate_2,candidate_3,3,0.04666666666666667
306,candidate_1,candidate_2,candidate_3,3,0.04666666666666667
307,candidate_1,candidate_2,candidate_3,3,0.04666666666666667
308,candidate_1,candidate_2,candidate_3,3,0.04666666666666667
309,candidate_1,candidate_2,candidate_3,3,0.04666666666666667
310,candidate_1,candidate_2,candidate_3,3,0.04666666666666667
311,candidate_1,candidate_2,candidate_3,3,0.04666666666666667
312,candidate_1,candidate_2,candidate_3,3,0.04666666666666667
313,candidate_1,candidate_2,candidate_3,3,0.04666666666666667
314,candidate_1,candidate_2,candidate_3,3,0.04666666666666667
315,candidate_1,candidate_2,candidate_3,3,0.04666666666666667
316,candidate_1,candidate_2,candidate_3,3,0.04666666666666667
317,0,candidate_2,candidate_3,3,0.04666666666666667
318,candidate_1,candidate_2,candidate_3,3,0.04666666666666667
319,candidate_1,candidate_2,candidate_3,3,0.04666666666666667
320,candidate_1,candidate_2,candidate_3,3,0.04666666666666667
321,candidate_1,candidate_2,candidate_3,3,0.04666666666666667
322,candidate_1,candidate_2,candidate_3,3,0.04666666666666667
323,candidate_1,candidate_2,candidate_3,3,0.04666666666666667
324,candidate_1,candidate_2,candidate_3,3,0.04666666666666667
325,candidate_1,candidate_2,0,3,0.04666666666666667
326,candidate_1,candidate_2,candidate_3,3,0.04666666666666667
327,0,candidate_2,candidate_3,3,0.04666666666666667
328,candidate_1,candidate_2,candidate_3,3,0.04666666666666667
329,candidate_1,candidate_2,candidate_3,3,0.04666666666666667
330,candidate_1,candidate_2,candidate_3,3,0.04666666666666667
331,candidate_1,candidate_2,candidate_3,3,0.04666666666666667
332,candidate_1,candidate_2,candidate_3,3,0.04666666666666667
333,candidate_1,candidate_2,candidate_3,3,0.04666666666666667
334,candidate_1,candidate_2,0,3,0.04666666666666667
335,candidate_1,candidate_2,candidate_3,3,0.04666666666666667
336,candidate_1,candidate_2,candidate_3,3,0.04666666666666667
337,candidate_1,candidate_2,candidate_3,3,0.04666666666666667
338,candidate_1,candidate_2,candidate_3,3,0.04666666666666667
339,candidate_1,candidate_2,candidate_3,3,0.04666666666666667
340,candidate_1,candidate_2,candidate_3,3,0.04666666666666667
341,candidate_1,candidate_2,candidate_3,3,0.04666666666666667
342,candidate_1,candidate_2,candidate_3,3,0.04666666666666667
343,candidate_1,candidate_2,candidate_3,3,0.04666666666666667
344,candidate_1,candidate_2,candidate_3,3,0.04666666666666667
345,candidate_1,candidate_2,candidate_3,3,0.04666666666666667
346,candidate_1,0,candidate_3,3,0.04666666666666667
347,candidate_1,candidate_2,candidate_3,3,0.04666666666666667
348,candidate_1,candidate_2,candidate_3,3,0.04666666666666667
349,candidate_1,candidate_2,candidate_3,3,0.04666666666666667
350,candidate_1,candidate_2,candidate_3,3,0.04666666666666667
351,candidate_1,candidate_2,candidate_3,3,0.04666666666666667
352,candidate_1,candidate_2,candidate_3,3,0.04666666666666667
353,0,candidate_2,candidate_3,3,0.04666666666666667
354,candidate_1,candidate_2,candidate_3,3,0.04666666666666667
355,candidate_1,candidate_2,candidate_3,3,0.04666666666666667
356,candidate_1,candidate_2,candidate_3,3,0.04666666666666667
357,candidate_1,candidate_2,candidate_3,3,0.04666666666666667
358,candidate_1,candidate_2,0,3,0.04666666666666667
359,candidate_1,candidate_2,candidate_3,3,0.04666666666666667
360,candidate_1,candidate_2,candidate_3,3,0.04666666666666667
361,candidate_1,candidate_2,candidate_3,3,0.04666666666666667
362,candidate_1,candidate_2,candidate_3,3,0.04666666666666667
363,candidate_1,candidate_2,candidate_3,3,0.04666666666666667
364,candidate_1,candidate_2,candidate_3,3,0.04666666666666667
365,candidate_1,candidate_2,candidate_3,3,0.04666666666666667
366,candidate_1,candidate_2,candidate_3,3,0.04666666666666667
367,candidate_1,candidate_2,candidate_3,3,0.04666666666666667
368,0,candidate_2,candidate_3,3,0.04666666666666667
369,candidate_1,candidate_2,candidate_3,3,0.04666666666666667
370,candidate_1,candidate_2,candidate_3,3,0.04666666666666667
371,candidate_1,candidate_2,candidate_3,3,0.04666666666666667
372,candidate_1,candidate_2,candidate_3,3,0.04666666666666667
373,candidate_1,candidate_2,candidate_3,3,0.04666666666666667
374,candidate_1,candidate_2,candidate_3,3,0.04666666666666667
375,candidate_1,candidate_2,candidate_3,3,0.04666666666666667
376,candidate_1,candidate_2,candidate_3,3,0.04666666666666667
377,candidate_1,candidate_2,candidate_3,3,0.04666666666666667
378,candidate_1,0,candidate_3,3,0.04666666666666667
379,candidate_1,candidate_2,0,3,0.04666666666666667
380,candidate_1,candidate_2,candidate_3,3,0.04666666666666667
381,candidate_1,candidate_2,candidate_3,3,0.04666666666666667
382,candidate_1,candidate_2,candidate_3,3,0.04666666666666667
383,candidate_1,candidate_2,candidate_3,3,0.04666666666666667
384,candidate_1,candidate_2,candidate_3,3,0.04666666666666667
385,candidate_1,candidate_2,0,3,0.04666666666666667
386,candidate_1,candidate_2,candidate_3,3,0.04666666666666667
387,candidate_1,candidate_2,candidate_3,3,0.04666666666666667
388,candidate_1,candidate_2,candidate_3,3,0.04666666666666667
389,candidate_1,candidate_2,candidate_3,3,0.04666666666666667
390,candidate_1,candidate_2,candidate_3,3,0.04666666666666667
391,candidate_1,candidate_2,candidate_3,3,0.04666666666666667
392,candidate_1,candidate_2,0,3,0.04666666666666667
393,candidate_1,candidate_2,candidate_3,3,0.04666666666666667
394,candidate_1,candidate_2,candidate_3,3,0.04666666666666667
395,candidate_1,candidate_2,0,3,0.04666666666666667
396,candidate_1,candidate_2,candidate_3,3,0.04666666666666667
397,candidate_1,candidate_2,candidate_3,3,0.04666666666666667
398,candidate_1,candidate_2,candidate_3,3,0.04666666666666667
399,candidate_1,candidate_2,candidate_3,3,0.04666666666666667
400,candidate_1,candidate_2,candidate_3,3,0.04666666666666667
401,candidate_1,candidate_2,candidate_3,3,0.04666666666666667
402,candidate_1,candidate_2,candidate_3,3,0.04666666666666667
403,candidate_1,candidate_2,candidate_3,3,0.04666666666666667
404,candidate_1,candidate_2,candidate_3,3,0.04666666666666667
405,candidate_1,candidate_2,candidate_3,3,0.04666666666666667
406,candidate_1,candidate_2,candidate_3,3,0.04666666666666667
407,candidate_1,candidate_2,candidate_3,3,0.04666666666666667
408,candidate_1,candidate_2,candidate_3,3,0.04666666666666667
409,0,candidate_2,candidate_3,3,0.04666666666666667
410,candidate_1,candidate_2,candidate_3,3,0.04666666666666667
411,candidate_1,candidate_2,candidate_3,3,0.04666666666666667
412,candidate_1,candidate_2,candidate_3,3,0.04666666666666667
413,candidate_1,candidate_2,0,3,0.04666666666666667
414,candidate_1,candidate_2,0,3,0.04666666666666667
415,candidate_1,candidate_2,candidate_3,3,0.04666666666666667
416,candidate_1,candidate_2,candidate_3,3,0.04666666666666667
417,candidate_1,candidate_2,candidate_3,3,0.04666666666666667
418,candidate_1,candidate_2,candidate_3,3,0.04666666666666667
419,candidate_1,candidate_2,candidate_3,3,0.04666666666666667
420,candidate_1,candidate_2,candidate_3,3,0.04666666666666667
421,0,candidate_2,candidate_3,3,0.04666666666666667
422,candidate_1,candidate_2,candidate_3,3,0.04666666666666667
423,candidate_1,candidate_2,candidate_3,3,0.04666666666666667
424,candidate_1,candidate_2,candidate_3,3,0.04666666666666667
425,candidate_1,candidate_2,candidate_3,3,0.04666666666666667
426,candidate_1,candidate_2,candidate_3,3,0.04666666666666667
427,candidate_1,candidate_2,candidate_3,3,0.04666666666666667
428,candidate_1,candidate_2,candidate_3,3,0.04666666666666667
429,candidate_1,candidate_2,candidate_3,3,0.04666666666666667
430,candidate_1,candidate_2,candidate_3,3,0.04666666666666667
431,0,candidate_2,candidate_3,3,0.04666666666666667
432,candidate_1,candidate_2,candidate_3,3,0.04666666666666667
433,candidate_1,candidate_2,candidate_3,3,0.04666666666666667
434,candidate_1,candidate_2,candidate_3,3,0.04666666666666667
435,candidate_1,candidate_2,candidate_3,3,0.04666666666666667
436,candidate_1,candidate_2,candidate_3,3,0.04666666666666667
437,candidate_1,candidate_2,candidate_3,3,0.04666666666666667
438,candidate_1,candidate_2,candidate_3,3,0.04666666666666667
439,candidate_1,candidate_2,0,3,0.04666666666666667
440,candidate_1,candidate_2,candidate_3,3,0.04666666666666667
441,candidate_1,candidate_2,candidate_3,3,0.04666666666666667
442,candidate_1,candidate_2,candidate_3,3,0.04666666666666667
443,candidate_1,candidate_2,candidate_3,3,0.04666666666666667
444,candidate_1,candidate_2,candidate_3,3,0.04666666666666667
445,candidate_1,candidate_2,candidate_3,3,0.04666666666666667
446,candidate_1,candidate_2,candidate_3,3,0.04666666666666667
447,candidate_1,candidate_2,candidate_3,3,0.04666666666666667
448,candidate_1,candidate_2,candidate_3,3,0.04666666666666667
449,candidate_1,candidate_2,candidate_3,3,0.04666666666666667
450,candidate_1,candidate_2,candidate_3,3,0.04666666666666667
451,candidate_1,candidate_2,candidate_3,3,0.04666666666666667
452,candidate_1,candidate_2,candidate_3,3,0.04666666666666667
453,candidate_1,candidate_2,candidate_3,3,0.04666666666666667
454,candidate_1,candidate_2,candidate_3,3,0.04666666666666667
455,candidate_1,candidate_2,candidate_3,3,0.04666666666666667
456,candidate_1,candidate_2,candidate_3,3,0.04666666666666667
457,candidate_1,candidate_2,candidate_3,3,0.04666666666666667
458,candidate_1,candidate_2,candidate_3,3,0.04666666666666667
459,candidate_1,candidate_2,candidate_3,3,0.04666666666666667
460,candidate_1,candidate_2,candidate_3,3,0.04666666666666667
461,candidate_1,candidate_2,candidate_3,3,0.04666666666666667
462,candidate_1,candidate_2,candidate_3,3,0.04666666666666667
463,candidate_1,candidate_2,0,3,0.04666666666666667
464,candidate_1,candidate_2,candidate_3,3,0.04666666666666667
465,candidate_1,candidate_2,candidate_3,3,0.04666666666666667
466,candidate_1,candidate_2,candidate_3,3,0.04666666666666667
467,candidate_1,candidate_2,candidate_3,3,0.04666666666666667
468,candidate_1,candidate_2,candidate_3,3,0.04666666666666667
469,candidate_1,candidate_2,candidate_3,3,0.04666666666666667
470,candidate_1,candidate_2,candidate_3,3,0.04666666666666667
471,0,candidate_2,candidate_3,3,0.04666666666666667
472,0,candidate_2,candidate_3,3,0.04666666666666667
473,candidate_1,candidate_2,candidate_3,3,0.04666666666666667
474,candidate_1,candidate_2,candidate_3,3,0.04666666666666667
475,candidate_1,candidate_2,0,3,0.04666666666666667
476,candidate_1,candidate_2,candidate_3,3,0.04666666666666667
477,candidate_1,candidate_2,candidate_3,3,0.04666666666666667
478,candidate_1,candidate_2,candidate_3,3,0.04666666666666667
479,candidate_1,candidate_2,candidate_3,3,0.04666666666666667
480,candidate_1,candidate_2,candidate_3,3,0.04666666666666667
481,candidate_1,candidate_2,candidate_3,3,0.04666666666666667
482,candidate_1,candidate_2,candidate_3,3,0.04666666666666667
483,candidate_1,candidate_2,candidate_3,3,0.04666666666666667
484,candidate_1,candidate_2,candidate_3,3,0.04666666666666667
485,candidate_1,candidate_2,candidate_3,3,0.04666666666666667
486,candidate_1,candidate_2,0,3,0.04666666666666667
487,candidate_1,candidate_2,candidate_3,3,0.04666666666666667
488,candidate_1,candidate_2,candidate_3,3,0.04666666666666667
489,candidate_1,candidate_2,candidate_3,3,0.04666666666666667
490,candidate_1,candidate_2,candidate_3,3,0.04666666666666667
491,candidate_1,candidate_2,candidate_3,3,0.04666666666666667
492,candidate_1,candidate_2,candidate_3,3,0.04666666666666667
493,candidate_1,candidate_2,candidate_3,3,0.04666666666666667
494,candidate_1,candidate_2,candidate_3,3,0.04666666666666667
495,candidate_1,candidate_2,candidate_3,3,0.04666666666666667
496,candidate_1,candidate_2,candidate_3,3,0.04666666666666667
497,candidate_1,candidate_2,candidate_3,3,0.04666666666666667
498,candidate_1,candidate_2,candidate_3,3,0.04666666666666667
499,0,candidate_2,candidate_3,3,0.04666666666666667
500,candidate_1,candidate_2,candidate_3,3,0.04666666666666667
501,candidate_1,candidate_2,candidate_3,3,0.04666666666666667
502,candidate_1,candidate_2,candidate_3,3,0.04666666666666667
503,candidate_1,candidate_2,candidate_3,3,0.04666666666666667
504,candidate_1,candidate_2,candidate_3,3,0.04666666666666667
505,candidate_1,candidate_2,0,3,0.04666666666666667
506,candidate_1,candidate_2,candidate_3,3,0.04666666666666667
507,candidate_1,candidate_2,candidate_3,3,0.04666666666666667
508,candidate_1,candidate_2,candidate_3,3,0.04666666666666667
509,candidate_1,candidate_2,candidate_3,3,0.04666666666666667
510,candidate_1,candidate_2,candidate_3,3,0.04666666666666667
511,candidate_1,candidate_2,candidate_3,3,0.04666666666666667
512,0,candidate_2,candidate_3,3,0.04666666666666667
513,candidate_1,candidate_2,candidate_3,3,0.04666666666666667
514,0,candidate_2,candidate_3,3,0.04666666666666667
515,candidate_1,candidate_2,candidate_3,3,0.04666666666666667
516,candidate_1,0,candidate_3,3,0.04666666666666667
517,candidate_1,candidate_2,candidate_3,3,0.04666666666666667
518,candidate_1,candidate_2,candidate_3,3,0.04666666666666667
519,candidate_1,0,candidate_3,3,0.04666666666666667
520,candidate_1,candidate_2,candidate_3,3,0.04666666666666667
521,candidate_1,candidate_2,candidate_3,3,0.04666666666666667
522,candidate_1,candidate_2,candidate_3,3,0.04666666666666667
523,candidate_1,candidate_2,candidate_3,3,0.04666666666666667
524,candidate_1,0,candidate_3,3,0.04666666666666667
525,candidate_1,candidate_2,candidate_3,3,0.04666666666666667
526,candidate_1,candidate_2,candidate_3,3,0.04666666666666667
527,candidate_1,candidate_2,candidate_3,3,0.04666666666666667
528,candidate_1,candidate_2,0,3,0.04666666666666667
529,candidate_1,candidate_2,candidate_3,3,0.04666666666666667
530,candidate_1,candidate_2,candidate_3,3,0.04666666666666667
531,candidate_1,candidate_2,candidate_3,3,0.04666666666666667
532,candidate_1,candidate_2,candidate_3,3,0.04666666666666667
533,candidate_1,candidate_2,candidate_3,3,0.04666666666666667
534,candidate_1,candidate_2,candidate_3,3,0.04666666666666667
535,candidate_1,candidate_2,candidate_3,3,0.04666666666666667
536,candidate_1,candidate_2,candidate_3,3,0.04666666666666667
537,candidate_1,candidate_2,candidate_3,3,0.04666666666666667
538,candidate_1,candidate_2,0,3,0.04666666666666667
539,candidate_1,candidate_2,candidate_3,3,0.04666666666666667
540,candidate_1,0,candidate_3,3,0.04666666666666667
541,0,candidate_2,candidate_3,3,0.04666666666666667
542,candidate_1,candidate_2,candidate_3,3,0.04666666666666667
543,candidate_1,candidate_2,candidate_3,3,0.04666666666666667
544,candidate_1,candidate_2,candidate_3,3,0.04666666666666667
545,0,candidate_2,candidate_3,3,0.04666666666666667
546,candidate_1,candidate_2,candidate_3,3,0.04666666666666667
547,candidate_1,candidate_2,candidate_3,3,0.04666666666666667
548,candidate_1,candidate_2,candidate_3,3,0.04666666666666667
549,candidate_1,candidate_2,candidate_3,3,0.04666666666666667
550,candidate_1,candidate_2,candidate_3,3,0.04666666666666667
551,candidate_1,candidate_2,candidate_3,3,0.04666666666666667
552,candidate_1,candidate_2,candidate_3,3,0.04666666666666667
553,candidate_1,candidate_2,candidate_3,3,0.04666666666666667
554,candidate_1,candidate_2,candidate_3,3,0.04666666666666667
555,candidate_1,candidate_2,0,3,0.04666666666666667
556,candidate_1,candidate_2,candidate_3,3,0.04666666666666667
557,candidate_1,candidate_2,candidate_3,3,0.04666666666666667
558,candidate_1,candidate_2,candidate_3,3,0.04666666666666667
559,candidate_1,candidate_2,candidate_3,3,0.04666666666666667
560,candidate_1,candidate_2,candidate_3,3,0.04666666666666667
561,candidate_1,candidate_2,candidate_3,3,0.04666666666666667
562,candidate_1,candidate_2,candidate_3,3,0.04666666666666667
563,candidate_1,candidate_2,candidate_3,3,0.04666666666666667
564,candidate_1,candidate_2,candidate_3,3,0.04666666666666667
565,candidate_1,candidate_2,candidate_3,3,0.04666666666666667
566,candidate_1,candidate_2,candidate_3,3,0.04666666666666667
567,candidate_1,candidate_2,candidate_3,3,0.04666666666666667
568,candidate_1,candidate_2,candidate_3,3,0.04666666666666667
569,candidate_1,candidate_2,0,3,0.04666666666666667
570,candidate_1,candidate_2,candidate_3,3,0.04666666666666667
571,candidate_1,candidate_2,0,3,0.04666666666666667
572,candidate_1,candidate_2,candidate_3,3,0.04666666666666667
573,candidate_1,candidate_2,candidate_3,3,0.04666666666666667
574,candidate_1,candidate_2,candidate_3,3,0.04666666666666667
575,candidate_1,candidate_2,candidate_3,3,0.04666666666666667
576,0,candidate_2,candidate_3,3,0.04666666666666667
577,candidate_1,candidate_2,candidate_3,3,0.04666666666666667
578,candidate_1,candidate_2,0,3,0.04666666666666667
579,candidate_1,candidate_2,candidate_3,3,0.04666666666666667
580,candidate_1,candidate_2,candidate_3,3,0.04666666666666667
581,candidate_1,candidate_2,candidate_3,3,0.04666666666666667
582,candidate_1,candidate_2,candidate_3,3,0.04666666666666667
583,candidate_1,candidate_2,candidate_3,3,0.04666666666666667
584,candidate_1,candidate_2,candidate_3,3,0.04666666666666667
585,candidate_1,0,candidate_3,3,0.04666666666666667
586,candidate_1,candidate_2,candidate_3,3,0.04666666666666667
587,candidate_1,candidate_2,candidate_3,3,0.04666666666666667
588,candidate_1,candidate_2,candidate_3,3,0.04666666666666667
0,candidate_1,candidate_3,candidate_2,3,0.04666666666666667
1,candidate_1,candidate_3,candidate_2,3,0.04666666666666667
2,candidate_1,candidate_3,0,3,0.04666666666666667
3,candidate_1,candidate_3,candidate_2,3,0.04666666666666667
4,0,candidate_3,candidate_2,3,0.04666666666666667
5,candidate_1,candidate_3,candidate_2,3,0.04666666666666667
6,0,candidate_3,candidate_2,3,0.04666666666666667
7,candidate_1,candidate_3,candidate_2,3,0.04666666666666667
8,candidate_1,candidate_3,candidate_2,3,0.04666666666666667
9,candidate_1,candidate_3,candidate_2,3,0.04666666666666667
10,candidate_1,candidate_3,candidate_2,3,0.04666666666666667
11,candidate_1,candidate_3,candidate_2,3,0.04666666666666667
12,candidate_1,candidate_3,candidate_2,3,0.04666666666666667
13,candidate_1,candidate_3,candidate_2,3,0.04666666666666667
14,candidate_1,candidate_3,candidate_2,3,0.04666666666666667
15,candidate_1,candidate_3,candidate_2,3,0.04666666666666667
16,candidate_1,candidate_3,candidate_2,3,0.04666666666666667
17,candidate_1,candidate_3,0,3,0.04666666666666667
18,candidate_1,candidate_3,candidate_2,3,0.04666666666666667
19,candidate_1,candidate_3,candidate_2,3,0.04666666666666667
20,candidate_1,candidate_3,candidate_2,3,0.04666666666666667
21,candidate_1,candidate_3,candidate_2,3,0.04666666666666667
22,candidate_1,candidate_3,candidate_2,3,0.04666666666666667
23,candidate_1,candidate_3,candidate_2,3,0.04666666666666667
24,candidate_1,candidate_3,candidate_2,3,0.04666666666666667
25,candidate_1,candidate_3,candidate_2,3,0.04666666666666667
26,candidate_1,candidate_3,candidate_2,3,0.04666666666666667
27,candidate_1,candidate_3,candidate_2,3,0.04666666666666667
28,candidate_1,candidate_3,candidate_2,3,0.04666666666666667
29,0,candidate_3,candidate_2,3,0.04666666666666667
30,candidate_1,candidate_3,candidate_2,3,0.04666666666666667
31,candidate_1,candidate_3,candidate_2,3,0.04666666666666667
32,candidate_1,candidate_3,candidate_2,3,0.04666666666666667
33,candidate_1,candidate_3,candidate_2,3,0.04666666666666667
34,candidate_1,0,candidate_2,3,0.04666666666666667
35,candidate_1,candidate_3,candidate_2,3,0.04666666666666667
36,candidate_1,candidate_3,candidate_2,3,0.04666666666666667
37,candidate_1,candidate_3,candidate_2,3,0.04666666666666667
38,candidate_1,candidate_3,candidate_2,3,0.04666666666666667
39,candidate_1,candidate_3,candidate_2,3,0.04666666666666667
40,candidate_1,candidate_3,candidate_2,3,0.04666666666666667
41,candidate_1,0,candidate_2,3,0.04666666666666667
42,candidate_1,candidate_3,candidate_2,3,0.04666666666666667
43,candidate_1,candidate_3,candidate_2,3,0.04666666666666667
44,candidate_1,candidate_3,candidate_2,3,0.04666666666666667
45,candidate_1,candidate_3,candidate_2,3,0.04666666666666667
46,candidate_1,candidate_3,candidate_2,3,0.04666666666666667
47,candidate_1,candidate_3,candidate_2,3,0.04666666666666667
48,0,candidate_3,candidate_2,3,0.04666666666666667
49,candidate_1,candidate_3,candidate_2,3,0.04666666666666667
50,candidate_1,candidate_3,candidate_2,3,0.04666666666666667
51,candidate_1,candidate_3,candidate_2,3,0.04666666666666667
52,candidate_1,candidate_3,candidate_2,3,0.04666666666666667
53,candidate_1,candidate_3,candidate_2,3,0.04666666666666667
54,candidate_1,candidate_3,candidate_2,3,0.04666666666666667
55,candidate_1,candidate_3,candidate_2,3,0.04666666666666667
56,candidate_1,candidate_3,candidate_2,3,0.04666666666666667
57,candidate_1,candidate_3,candidate_2,3,0.04666666666666667
58,candidate_1,candidate_3,candidate_2,3,0.04666666666666667
59,candidate_1,candidate_3,candidate_2,3,0.04666666666666667
60,candidate_1,candidate_3,candidate_2,3,0.04666666666666667
61,candidate_1,candidate_3,candidate_2,3,0.04666666666666667
62,candidate_1,candidate_3,candidate_2,3,0.04666666666666667
63,candidate_1,candidate_3,candidate_2,3,0.04666666666666667
64,candidate_1,candidate_3,candidate_2,3,0.04666666666666667
65,candidate_1,candidate_3,candidate_2,3,0.04666666666666667
66,candidate_1,candidate_3,candidate_2,3,0.04666666666666667
67,candidate_1,candidate_3,candidate_2,3,0.04666666666666667
68,candidate_1,candidate_3,candidate_2,3,0.04666666666666667
69,0,candidate_3,candidate_2,3,0.04666666666666667
70,candidate_1,candidate_3,candidate_2,3,0.04666666666666667
71,candidate_1,candidate_3,candidate_2,3,0.04666666666666667
72,candidate_1,candidate_3,candidate_2,3,0.04666666666666667
73,candidate_1,candidate_3,candidate_2,3,0.04666666666666667
74,0,candidate_3,candidate_2,3,0.04666666666666667
75,candidate_1,candidate_3,candidate_2,3,0.04666666666666667
76,candidate_1,candidate_3,candidate_2,3,0.04666666666666667
77,candidate_1,candidate_3,candidate_2,3,0.04666666666666667
78,candidate_1,candidate_3,candidate_2,3,0.04666666666666667
79,candidate_1,candidate_3,candidate_2,3,0.04666666666666667
80,candidate_1,candidate_3,candidate_2,3,0.04666666666666667
81,candidate_1,candidate_3,candidate_2,3,0.04666666666666667
82,candidate_1,candidate_3,candidate_2,3,0.04666666666666667
83,candidate_1,candidate_3,candidate_2,3,0.04666666666666667
84,candidate_1,candidate_3,candidate_2,3,0.04666666666666667
85,candidate_1,0,candidate_2,3,0.04666666666666667
86,0,candidate_3,candidate_2,3,0.04666666666666667
87,candidate_1,candidate_3,candidate_2,3,0.04666666666666667
88,candidate_1,candidate_3,candidate_2,3,0.04666666666666667
89,candidate_1,candidate_3,candidate_2,3,0.04666666666666667
90,candidate_1,candidate_3,candidate_2,3,0.04666666666666667
91,candidate_1,candidate_3,candidate_2,3,0.04666666666666667
92,candidate_1,candidate_3,candidate_2,3,0.04666666666666667
93,candidate_1,candidate_3,candidate_2,3,0.04666666666666667
94,candidate_1,candidate_3,0,3,0.04666666666666667
95,candidate_1,candidate_3,candidate_2,3,0.04666666666666667
96,candidate_1,candidate_3,candidate_2,3,0.04666666666666667
97,candidate_1,candidate_3,0,3,0.04666666666666667
98,candidate_1,candidate_3,candidate_2,3,0.04666666666666667
99,candidate_1,candidate_3,candidate_2,3,0.04666666666666667
100,candidate_1,candidate_3,candidate_2,3,0.04666666666666667
101,candidate_1,candidate_3,0,3,0.04666666666666667
102,candidate_1,candidate_3,candidate_2,3,0.04666666666666667
103,candidate_1,candidate_3,candidate_2,3,0.04666666666666667
104,candidate_1,candidate_3,candidate_2,3,0.04666666666666667
105,candidate_1,candidate_3,candidate_2,3,0.04666666666666667
106,candidate_1,candidate_3,candidate_2,3,0.04666666666666667
107,candidate_1,candidate_3,candidate_2,3,0.04666666666666667
108,candidate_1,candidate_3,candidate_2,3,0.04666666666666667
109,candidate_1,candidate_3,0,3,0.04666666666666667
110,candidate_1,candidate_3,candidate_2,3,0.04666666666666667
111,candidate_1,candidate_3,candidate_2,3,0.04666666666666667
112,candidate_1,candidate_3,candidate_2,3,0.04666666666666667
113,candidate_1,candidate_3,candidate_2,3,0.04666666666666667
114,candidate_1,candidate_3,candidate_2,3,0.04666666666666667
115,candidate_1,candidate_3,candidate_2,3,0.04666666666666667
116,candidate_1,candidate_3,candidate_2,3,0.04666666666666667
117,candidate_1,candidate_3,candidate_2,3,0.04666666666666667
118,candidate_1,candidate_3,candidate_2,3,0.04666666666666667
119,candidate_1,candidate_3,candidate_2,3,0.04666666666666667
120,candidate_1,candidate_3,candidate_2,3,0.04666666666666667
121,candidate_1,candidate_3,candidate_2,3,0.04666666666666667
122,candidate_1,candidate_3,candidate_2,3,0.04666666666666667
123,candidate_1,candidate_3,candidate_2,3,0.04666666666666667
124,candidate_1,candidate_3,candidate_2,3,0.04666666666666667
125,candidate_1,candidate_3,candidate_2,3,0.04666666666666667
126,candidate_1,candidate_3,candidate_2,3,0.04666666666666667
127,candidate_1,candidate_3,candidate_2,3,0.04666666666666667
128,candidate_1,candidate_3,candidate_2,3,0.04666666666666667
129,candidate_1,candidate_3,candidate_2,3,0.04666666666666667
130,candidate_1,candidate_3,candidate_2,3,0.04666666666666667
131,candidate_1,candidate_3,candidate_2,3,0.04666666666666667
132,candidate_1,candidate_3,candidate_2,3,0.04666666666666667
133,candidate_1,candidate_3,candidate_2,3,0.04666666666666667
134,candidate_1,candidate_3,candidate_2,3,0.04666666666666667
135,candidate_1,candidate_3,candidate_2,3,0.04666666666666667
136,candidate_1,candidate_3,candidate_2,3,0.04666666666666667
137,candidate_1,candidate_3,0,3,0.04666666666666667
138,candidate_1,candidate_3,candidate_2,3,0.04666666666666667
139,candidate_1,candidate_3,candidate_2,3,0.04666666666666667
140,candidate_1,candidate_3,candidate_2,3,0.04666666666666667
141,candidate_1,0,candidate_2,3,0.04666666666666667
142,candidate_1,candidate_3,candidate_2,3,0.04666666666666667
143,candidate_1,candidate_3,candidate_2,3,0.04666666666666667
144,candidate_1,candidate_3,candidate_2,3,0.04666666666666667
145,candidate_1,candidate_3,candidate_2,3,0.04666666666666667
146,candidate_1,candidate_3,candidate_2,3,0.04666666666666667
147,candidate_1,candidate_3,candidate_2,3,0.04666666666666667
148,candidate_1,candidate_3,candidate_2,3,0.04666666666666667
149,candidate_1,candidate_3,candidate_2,3,0.04666666666666667
150,candidate_1,candidate_3,candidate_2,3,0.04666666666666667
151,candidate_1,candidate_3,candidate_2,3,0.04666666666666667
152,candidate_1,candidate_3,candidate_2,3,0.04666666666666667
153,candidate_1,candidate_3,candidate_2,3,0.04666666666666667
154,candidate_1,candidate_3,candidate_2,3,0.04666666666666667
155,candidate_1,candidate_3,candidate_2,3,0.04666666666666667
156,candidate_1,candidate_3,0,3,0.04666666666666667
157,0,candidate_3,candidate_2,3,0.04666666666666667
158,0,candidate_3,candidate_2,3,0.04666666666666667
159,candidate_1,candidate_3,candidate_2,3,0.04666666666666667
160,candidate_1,candidate_3,candidate_2,3,0.04666666666666667
161,candidate_1,candidate_3,candidate_2,3,0.04666666666666667
162,candidate_1,candidate_3,candidate_2,3,0.04666666666666667
163,candidate_1,candidate_3,candidate_2,3,0.04666666666666667
164,candidate_1,candidate_3,candidate_2,3,0.04666666666666667
165,candidate_1,candidate_3,candidate_2,3,0.04666666666666667
166,candidate_1,candidate_3,candidate_2,3,0.04666666666666667
167,candidate_1,candidate_3,candidate_2,3,0.04666666666666667
168,candidate_1,candidate_3,candidate_2,3,0.04666666666666667
169,candidate_1,candidate_3,candidate_2,3,0.04666666666666667
170,candidate_1,candidate_3,candidate_2,3,0.04666666666666667
171,candidate_1,candidate_3,candidate_2,3,0.04666666666666667
172,candidate_1,candidate_3,candidate_2,3,0.04666666666666667
173,candidate_1,candidate_3,candidate_2,3,0.04666666666666667
174,candidate_1,candidate_3,candidate_2,3,0.04666666666666667
175,candidate_1,candidate_3,candidate_2,3,0.04666666666666667
176,candidate_1,candidate_3,candidate_2,3,0.04666666666666667
177,candidate_1,candidate_3,candidate_2,3,0.04666666666666667
178,candidate_1,candidate_3,candidate_2,3,0.04666666666666667
179,candidate_1,candidate_3,candidate_2,3,0.04666666666666667
180,candidate_1,candidate_3,candidate_2,3,0.04666666666666667
181,candidate_1,candidate_3,candidate_2,3,0.04666666666666667
182,candidate_1,candidate_3,candidate_2,3,0.04666666666666667
183,candidate_1,candidate_3,candidate_2,3,0.04666666666666667
184,candidate_1,candidate_3,candidate_2,3,0.04666666666666667
185,candidate_1,candidate_3,candidate_2,3,0.04666666666666667
186,candidate_1,candidate_3,candidate_2,3,0.04666666666666667
187,candidate_1,candidate_3,candidate_2,3,0.04666666666666667
188,candidate_1,candidate_3,candidate_2,3,0.04666666666666667
189,candidate_1,candidate_3,0,3,0.04666666666666667
190,candidate_1,candidate_3,candidate_2,3,0.04666666666666667
191,candidate_1,candidate_3,candidate_2,3,0.04666666666666667
192,candidate_1,candidate_3,candidate_2,3,0.04666666666666667
193,candidate_1,candidate_3,candidate_2,3,0.04666666666666667
194,candidate_1,candidate_3,candidate_2,3,0.04666666666666667
195,candidate_1,candidate_3,candidate_2,3,0.04666666666666667
196,candidate_1,candidate_3,candidate_2,3,0.04666666666666667
197,candidate_1,candidate_3,candidate_2,3,0.04666666666666667
198,candidate_1,0,candidate_2,3,0.04666666666666667
199,candidate_1,candidate_3,candidate_2,3,0.04666666666666667
200,candidate_1,candidate_3,candidate_2,3,0.04666666666666667
201,candidate_1,candidate_3,candidate_2,3,0.04666666666666667
202,candidate_1,candidate_3,candidate_2,3,0.04666666666666667
203,candidate_1,candidate_3,candidate_2,3,0.04666666666666667
204,candidate_1,candidate_3,candidate_2,3,0.04666666666666667
205,candidate_1,candidate_3,candidate_2,3,0.04666666666666667
206,candidate_1,candidate_3,candidate_2,3,0.04666666666666667
207,candidate_1,candidate_3,candidate_2,3,0.04666666666666667
208,candidate_1,candidate_3,candidate_2,3,0.04666666666666667
209,candidate_1,candidate_3,candidate_2,3,0.04666666666666667
210,candidate_1,candidate_3,candidate_2,3,0.04666666666666667
211,candidate_1,candidate_3,candidate_2,3,0.04666666666666667
212,candidate_1,candidate_3,candidate_2,3,0.04666666666666667
213,candidate_1,candidate_3,candidate_2,3,0.04666666666666667
214,candidate_1,candidate_3,candidate_2,3,0.04666666666666667
215,candidate_1,candidate_3,candidate_2,3,0.04666666666666667
216,candidate_1,candidate_3,candidate_2,3,0.04666666666666667
217,candidate_1,candidate_3,candidate_2,3,0.04666666666666667
218,candidate_1,candidate_3,candidate_2,3,0.04666666666666667
219,candidate_1,candidate_3,candidate_2,3,0.04666666666666667
220,candidate_1,candidate_3,candidate_2,3,0.04666666666666667
221,candidate_1,candidate_3,candidate_2,3,0.04666666666666667
222,candidate_1,0,candidate_2,3,0.04666666666666667
223,candidate_1,candidate_3,candidate_2,3,0.04666666666666667
224,candidate_1,candidate_3,candidate_2,3,0.04666666666666667
225,candidate_1,candidate_3,candidate_2,3,0.04666666666666667
226,candidate_1,candidate_3,candidate_2,3,0.04666666666666667
227,candidate_1,candidate_3,candidate_2,3,0.04666666666666667
228,candidate_1,candidate_3,candidate_2,3,0.04666666666666667
229,candidate_1,candidate_3,candidate_2,3,0.04666666666666667
230,candidate_1,candidate_3,candidate_2,3,0.04666666666666667
231,candidate_1,candidate_3,candidate_2,3,0.04666666666666667
232,candidate_1,candidate_3,candidate_2,3,0.04666666666666667
233,candidate_1,candidate_3,candidate_2,3,0.04666666666666667
234,candidate_1,candidate_3,candidate_2,3,0.04666666666666667
235,candidate_1,candidate_3,candidate_2,3,0.04666666666666667
236,candidate_1,candidate_3,candidate_2,3,0.04666666666666667
237,candidate_1,candidate_3,candidate_2,3,0.04666666666666667
238,candidate_1,0,candidate_2,3,0.04666666666666667
239,candidate_1,candidate_3,candidate_2,3,0.04666666666666667
240,candidate_1,candidate_3,candidate_2,3,0.04666666666666667
241,candidate_1,candidate_3,candidate_2,3,0.04666666666666667
242,candidate_1,candidate_3,candidate_2,3,0.04666666666666667
243,candidate_1,candidate_3,candidate_2,3,0.04666666666666667
244,candidate_1,candidate_3,candidate_2,3,0.04666666666666667
245,candidate_1,candidate_3,candidate_2,3,0.04666666666666667
246,candidate_1,candidate_3,candidate_2,3,0.04666666666666667
247,candidate_1,candidate_3,candidate_2,3,0.04666666666666667
248,candidate_1,candidate_3,candidate_2,3,0.04666666666666667
249,0,candidate_3,candidate_2,3,0.04666666666666667
250,candidate_1,candidate_3,candidate_2,3,0.04666666666666667
251,candidate_1,candidate_3,candidate_2,3,0.04666666666666667
252,candidate_1,candidate_3,candidate_2,3,0.04666666666666667
253,candidate_1,candidate_3,candidate_2,3,0.04666666666666667
254,candidate_1,candidate_3,candidate_2,3,0.04666666666666667
255,candidate_1,candidate_3,candidate_2,3,0.04666666666666667
256,candidate_1,candidate_3,candidate_2,3,0.04666666666666667
257,candidate_1,candidate_3,candidate_2,3,0.04666666666666667
258,candidate_1,candidate_3,candidate_2,3,0.04666666666666667
259,0,candidate_3,candidate_2,3,0.04666666666666667
260,candidate_1,candidate_3,candidate_2,3,0.04666666666666667
261,candidate_1,candidate_3,candidate_2,3,0.04666666666666667
262,candidate_1,candidate_3,candidate_2,3,0.04666666666666667
263,candidate_1,candidate_3,candidate_2,3,0.04666666666666667
264,candidate_1,candidate_3,candidate_2,3,0.04666666666666667
265,candidate_1,candidate_3,candidate_2,3,0.04666666666666667
266,candidate_1,candidate_3,candidate_2,3,0.04666666666666667
267,candidate_1,candidate_3,candidate_2,3,0.04666666666666667
268,candidate_1,candidate_3,candidate_2,3,0.04666666666666667
269,candidate_1,candidate_3,candidate_2,3,0.04666666666666667
270,candidate_1,candidate_3,candidate_2,3,0.04666666666666667
271,candidate_1,candidate_3,candidate_2,3,0.04666666666666667
272,candidate_1,candidate_3,candidate_2,3,0.04666666666666667
273,candidate_1,candidate_3,candidate_2,3,0.04666666666666667
274,candidate_1,candidate_3,candidate_2,3,0.04666666666666667
275,candidate_1,candidate_3,candidate_2,3,0.04666666666666667
276,candidate_1,candidate_3,candidate_2,3,0.04666666666666667
277,candidate_1,0,candidate_2,3,0.04666666666666667
278,candidate_1,candidate_3,candidate_2,3,0.04666666666666667
279,candidate_1,candidate_3,0,3,0.04666666666666667
280,candidate_1,candidate_3,candidate_2,3,0.04666666666666667
281,candidate_1,candidate_3,candidate_2,3,0.04666666666666667
282,0,0,candidate_2,3,0.04666666666666667
283,candidate_1,candidate_3,candidate_2,3,0.04666666666666667
284,candidate_1,candidate_3,candidate_2,3,0.04666666666666667
285,candidate_1,candidate_3,candidate_2,3,0.04666666666666667
286,candidate_1,0,candidate_2,3,0.04666666666666667
287,candidate_1,candidate_3,candidate_2,3,0.04666666666666667
288,candidate_1,candidate_3,candidate_2,3,0.04666666666666667
289,candidate_1,candidate_3,candidate_2,3,0.04666666666666667
290,candidate_1,candidate_3,candidate_2,3,0.04666666666666667
291,candidate_1,candidate_3,candidate_2,3,0.04666666666666667
292,candidate_1,candidate_3,0,3,0.04666666666666667
293,candidate_1,candidate_3,candidate_2,3,0.04666666666666667
294,candidate_1,candidate_3,candidate_2,3,0.04666666666666667
295,candidate_1,candidate_3,candidate_2,3,0.04666666666666667
296,candidate_1,candidate_3,candidate_2,3,0.04666666666666667
297,candidate_1,candidate_3,candidate_2,3,0.04666666666666667
298,candidate_1,candidate_3,candidate_2,3,0.04666666666666667
299,candidate_1,candidate_3,candidate_2,3,0.04666666666666667
300,candidate_1,candidate_3,candidate_2,3,0.04666666666666667
301,candidate_1,candidate_3,candidate_2,3,0.04666666666666667
302,candidate_1,candidate_3,candidate_2,3,0.04666666666666667
303,candidate_1,candidate_3,candidate_2,3,0.04666666666666667
304,candidate_1,candidate_3,candidate_2,3,0.04666666666666667
305,candidate_1,candidate_3,candidate_2,3,0.04666666666666667
306,candidate_1,candidate_3,candidate_2,3,0.04666666666666667
307,candidate_1,candidate_3,candidate_2,3,0.04666666666666667
308,candidate_1,candidate_3,candidate_2,3,0.04666666666666667
309,candidate_1,candidate_3,candidate_2,3,0.04666666666666667
310,candidate_1,candidate_3,candidate_2,3,0.04666666666666667
311,candidate_1,candidate_3,candidate_2,3,0.04666666666666667
312,candidate_1,candidate_3,candidate_2,3,0.04666666666666667
313,candidate_1,candidate_3,candidate_2,3,0.04666666666666667
314,candidate_1,candidate_3,candidate_2,3,0.04666666666666667
315,candidate_1,candidate_3,candidate_2,3,0.04666666666666667
316,candidate_1,candidate_3,candidate_2,3,0.04666666666666667
317,candidate_1,candidate_3,candidate_2,3,0.04666666666666667
318,candidate_1,candidate_3,candidate_2,3,0.04666666666666667
319,candidate_1,candidate_3,candidate_2,3,0.04666666666666667
320,candidate_1,candidate_3,0,3,0.04666666666666667
321,candidate_1,candidate_3,candidate_2,3,0.04666666666666667
322,candidate_1,candidate_3,candidate_2,3,0.04666666666666667
323,candidate_1,candidate_3,candidate_2,3,0.04666666666666667
324,candidate_1,candidate_3,candidate_2,3,0.04666666666666667
325,candidate_1,candidate_3,candidate_2,3,0.04666666666666667
326,candidate_1,candidate_3,candidate_2,3,0.04666666666666667
327,candidate_1,candidate_3,candidate_2,3,0.04666666666666667
328,candidate_1,candidate_3,candidate_2,3,0.04666666666666667
329,candidate_1,candidate_3,candidate_2,3,0.04666666666666667
330,candidate_1,0,candidate_2,3,0.04666666666666667
331,candidate_1,0,candidate_2,3,0.04666666666666667
332,candidate_1,candidate_3,0,3,0.04666666666666667
333,candidate_1,candidate_3,candidate_2,3,0.04666666666666667
334,candidate_1,candidate_3,candidate_2,3,0.04666666666666667
335,candidate_1,candidate_3,0,3,0.04666666666666667
336,candidate_1,candidate_3,candidate_2,3,0.04666666666666667
337,candidate_1,candidate_3,candidate_2,3,0.04666666666666667
338,candidate_1,candidate_3,candidate_2,3,0.04666666666666667
339,candidate_1,candidate_3,0,3,0.04666666666666667
340,candidate_1,candidate_3,candidate_2,3,0.04666666666666667
341,candidate_1,candidate_3,candidate_2,3,0.04666666666666667
342,candidate_1,candidate_3,candidate_2,3,0.04666666666666667
343,candidate_1,candidate_3,candidate_2,3,0.04666666666666667
344,candidate_1,candidate_3,candidate_2,3,0.04666666666666667
345,candidate_1,candidate_3,candidate_2,3,0.04666666666666667
346,candidate_1,candidate_3,candidate_2,3,0.04666666666666667
347,candidate_1,0,candidate_2,3,0.04666666666666667
348,candidate_1,candidate_3,candidate_2,3,0.04666666666666667
349,candidate_1,candidate_3,candidate_2,3,0.04666666666666667
350,candidate_1,candidate_3,candidate_2,3,0.04666666666666667
351,candidate_1,candidate_3,candidate_2,3,0.04666666666666667
352,candidate_1,candidate_3,candidate_2,3,0.04666666666666667
353,0,candidate_3,candidate_2,3,0.04666666666666667
354,candidate_1,candidate_3,candidate_2,3,0.04666666666666667
355,candidate_1,candidate_3,candidate_2,3,0.04666666666666667
356,candidate_1,0,candidate_2,3,0.04666666666666667
357,candidate_1,0,0,3,0.04666666666666667
358,candidate_1,candidate_3,candidate_2,3,0.04666666666666667
359,0,candidate_3,candidate_2,3,0.04666666666666667
360,candidate_1,candidate_3,candidate_2,3,0.04666666666666667
361,candidate_1,candidate_3,candidate_2,3,0.04666666666666667
362,candidate_1,candidate_3,candidate_2,3,0.04666666666666667
363,candidate_1,candidate_3,candidate_2,3,0.04666666666666667
364,candidate_1,candidate_3,candidate_2,3,0.04666666666666667
365,candidate_1,candidate_3,candidate_2,3,0.04666666666666667
366,candidate_1,candidate_3,candidate_2,3,0.04666666666666667
367,0,candidate_3,candidate_2,3,0.04666666666666667
368,candidate_1,candidate_3,candidate_2,3,0.04666666666666667
369,candidate_1,candidate_3,candidate_2,3,0.04666666666666667
370,candidate_1,candidate_3,candidate_2,3,0.04666666666666667
371,candidate_1,candidate_3,candidate_2,3,0.04666666666666667
372,candidate_1,candidate_3,candidate_2,3,0.04666666666666667
373,candidate_1,candidate_3,candidate_2,3,0.04666666666666667
374,candidate_1,candidate_3,candidate_2,3,0.04666666666666667
375,candidate_1,candidate_3,candidate_2,3,0.04666666666666667
376,candidate_1,candidate_3,candidate_2,3,0.04666666666666667
377,candidate_1,candidate_3,candidate_2,3,0.04666666666666667
378,candidate_1,candidate_3,candidate_2,3,0.04666666666666667
379,0,candidate_3,candidate_2,3,0.04666666666666667
380,candidate_1,candidate_3,candidate_2,3,0.04666666666666667
381,candidate_1,candidate_3,candidate_2,3,0.04666666666666667
382,0,candidate_3,candidate_2,3,0.04666666666666667
383,candidate_1,candidate_3,candidate_2,3,0.04666666666666667
384,candidate_1,candidate_3,candidate_2,3,0.04666666666666667
385,candidate_1,candidate_3,candidate_2,3,0.04666666666666667
386,candidate_1,0,candidate_2,3,0.04666666666666667
387,candidate_1,candidate_3,candidate_2,3,0.04666666666666667
388,candidate_1,candidate_3,candidate_2,3,0.04666666666666667
389,candidate_1,candidate_3,candidate_2,3,0.04666666666666667
390,candidate_1,candidate_3,candidate_2,3,0.04666666666666667
391,candidate_1,candidate_3,candidate_2,3,0.04666666666666667
392,candidate_1,candidate_3,candidate_2,3,0.04666666666666667
393,candidate_1,candidate_3,candidate_2,3,0.04666666666666667
394,candidate_1,candidate_3,candidate_2,3,0.04666666666666667
395,candidate_1,candidate_3,candidate_2,3,0.04666666666666667
396,candidate_1,candidate_3,candidate_2,3,0.04666666666666667
397,candidate_1,candidate_3,candidate_2,3,0.04666666666666667
398,candidate_1,candidate_3,0,3,0.04666666666666667
399,candidate_1,candidate_3,0,3,0.04666666666666667
400,candidate_1,candidate_3,candidate_2,3,0.04666666666666667
401,candidate_1,candidate_3,candidate_2,3,0.04666666666666667
402,candidate_1,candidate_3,candidate_2,3,0.04666666666666667
403,candidate_1,candidate_3,candidate_2,3,0.04666666666666667
404,candidate_1,candidate_3,candidate_2,3,0.04666666666666667
405,candidate_1,candidate_3,candidate_2,3,0.04666666666666667
406,candidate_1,candidate_3,candidate_2,3,0.04666666666666667
407,candidate_1,candidate_3,candidate_2,3,0.04666666666666667
408,candidate_1,candidate_3,candidate_2,3,0.04666666666666667
409,candidate_1,0,candidate_2,3,0.04666666666666667
410,candidate_1,candidate_3,candidate_2,3,0.04666666666666667
411,candidate_1,candidate_3,candidate_2,3,0.04666666666666667
412,candidate_1,candidate_3,candidate_2,3,0.04666666666666667
413,candidate_1,candidate_3,candidate_2,3,0.04666666666666667
414,candidate_1,candidate_3,candidate_2,3,0.04666666666666667
415,candidate_1,0,candidate_2,3,0.04666666666666667
416,candidate_1,candidate_3,candidate_2,3,0.04666666666666667
417,candidate_1,candidate_3,candidate_2,3,0.04666666666666667
418,candidate_1,candidate_3,candidate_2,3,0.04666666666666667
419,candidate_1,candidate_3,candidate_2,3,0.04666666666666667
420,candidate_1,candidate_3,candidate_2,3,0.04666666666666667
421,candidate_1,candidate_3,candidate_2,3,0.04666666666666667
422,candidate_1,candidate_3,candidate_2,3,0.04666666666666667
423,candidate_1,candidate_3,candidate_2,3,0.04666666666666667
424,candidate_1,candidate_3,candidate_2,3,0.04666666666666667
425,candidate_1,candidate_3,candidate_2,3,0.04666666666666667
426,0,candidate_3,candidate_2,3,0.04666666666666667
427,candidate_1,candidate_3,candidate_2,3,0.04666666666666667
428,candidate_1,candidate_3,candidate_2,3,0.04666666666666667
429,candidate_1,candidate_3,candidate_2,3,0.04666666666666667
430,candidate_1,candidate_3,candidate_2,3,0.04666666666666667
431,candidate_1,candidate_3,candidate_2,3,0.04666666666666667
432,candidate_1,candidate_3,candidate_2,3,0.04666666666666667
433,candidate_1,candidate_3,candidate_2,3,0.04666666666666667
434,candidate_1,candidate_3,candidate_2,3,0.04666666666666667
435,candidate_1,candidate_3,candidate_2,3,0.04666666666666667
436,candidate_1,candidate_3,candidate_2,3,0.04666666666666667
437,candidate_1,candidate_3,candidate_2,3,0.04666666666666667
438,candidate_1,candidate_3,candidate_2,3,0.04666666666666667
439,candidate_1,candidate_3,candidate_2,3,0.04666666666666667
440,candidate_1,candidate_3,candidate_2,3,0.04666666666666667
441,candidate_1,candidate_3,candidate_2,3,0.04666666666666667
442,candidate_1,candidate_3,candidate_2,3,0.04666666666666667
443,candidate_1,candidate_3,candidate_2,3,0.04666666666666667
444,candidate_1,candidate_3,candidate_2,3,0.04666666666666667
445,candidate_1,candidate_3,candidate_2,3,0.04666666666666667
446,candidate_1,candidate_3,candidate_2,3,0.04666666666666667
447,candidate_1,candidate_3,candidate_2,3,0.04666666666666667
448,candidate_1,candidate_3,candidate_2,3,0.04666666666666667
449,candidate_1,candidate_3,candidate_2,3,0.04666666666666667
450,candidate_1,candidate_3,candidate_2,3,0.04666666666666667
451,candidate_1,candidate_3,candidate_2,3,0.04666666666666667
452,candidate_1,candidate_3,candidate_2,3,0.04666666666666667
453,candidate_1,candidate_3,candidate_2,3,0.04666666666666667
454,candidate_1,candidate_3,candidate_2,3,0.04666666666666667
455,candidate_1,candidate_3,candidate_2,3,0.04666666666666667
456,candidate_1,candidate_3,candidate_2,3,0.04666666666666667
457,candidate_1,candidate_3,candidate_2,3,0.04666666666666667
458,candidate_1,candidate_3,candidate_2,3,0.04666666666666667
459,candidate_1,candidate_3,candidate_2,3,0.04666666666666667
460,candidate_1,candidate_3,candidate_2,3,0.04666666666666667
461,candidate_1,candidate_3,candidate_2,3,0.04666666666666667
462,candidate_1,candidate_3,candidate_2,3,0.04666666666666667
463,candidate_1,candidate_3,candidate_2,3,0.04666666666666667
464,candidate_1,candidate_3,candidate_2,3,0.04666666666666667
465,candidate_1,candidate_3,candidate_2,3,0.04666666666666667
466,candidate_1,candidate_3,candidate_2,3,0.04666666666666667
467,candidate_1,candidate_3,candidate_2,3,0.04666666666666667
468,candidate_1,candidate_3,candidate_2,3,0.04666666666666667
469,candidate_1,candidate_3,0,3,0.04666666666666667
470,candidate_1,candidate_3,candidate_2,3,0.04666666666666667
471,candidate_1,candidate_3,candidate_2,3,0.04666666666666667
472,candidate_1,candidate_3,candidate_2,3,0.04666666666666667
473,candidate_1,candidate_3,candidate_2,3,0.04666666666666667
474,candidate_1,candidate_3,candidate_2,3,0.04666666666666667
475,candidate_1,candidate_3,candidate_2,3,0.04666666666666667
476,candidate_1,candidate_3,candidate_2,3,0.04666666666666667
477,candidate_1,candidate_3,candidate_2,3,0.04666666666666667
478,candidate_1,candidate_3,candidate_2,3,0.04666666666666667
479,candidate_1,candidate_3,candidate_2,3,0.04666666666666667
480,candidate_1,candidate_3,candidate_2,3,0.04666666666666667
481,candidate_1,candidate_3,candidate_2,3,0.04666666666666667
482,candidate_1,candidate_3,candidate_2,3,0.04666666666666667
483,candidate_1,candidate_3,candidate_2,3,0.04666666666666667
484,candidate_1,candidate_3,candidate_2,3,0.04666666666666667
485,candidate_1,candidate_3,candidate_2,3,0.04666666666666667
486,candidate_1,candidate_3,candidate_2,3,0.04666666666666667
487,candidate_1,candidate_3,0,3,0.04666666666666667
488,candidate_1,candidate_3,candidate_2,3,0.04666666666666667
489,candidate_1,candidate_3,candidate_2,3,0.04666666666666667
490,candidate_1,candidate_3,candidate_2,3,0.04666666666666667
491,candidate_1,candidate_3,candidate_2,3,0.04666666666666667
492,candidate_1,candidate_3,candidate_2,3,0.04666666666666667
493,candidate_1,candidate_3,candidate_2,3,0.04666666666666667
494,candidate_1,candidate_3,candidate_2,3,0.04666666666666667
495,candidate_1,candidate_3,candidate_2,3,0.04666666666666667
496,candidate_1,candidate_3,candidate_2,3,0.04666666666666667
497,candidate_1,candidate_3,candidate_2,3,0.04666666666666667
498,candidate_1,candidate_3,candidate_2,3,0.04666666666666667
499,candidate_1,candidate_3,candidate_2,3,0.04666666666666667
500,candidate_1,candidate_3,candidate_2,3,0.04666666666666667
501,candidate_1,candidate_3,candidate_2,3,0.04666666666666667
502,candidate_1,candidate_3,candidate_2,3,0.04666666666666667
503,candidate_1,candidate_3,candidate_2,3,0.04666666666666667
504,candidate_1,candidate_3,candidate_2,3,0.04666666666666667
505,candidate_1,candidate_3,candidate_2,3,0.04666666666666667
506,candidate_1,candidate_3,candidate_2,3,0.04666666666666667
507,candidate_1,candidate_3,candidate_2,3,0.04666666666666667
508,candidate_1,0,candidate_2,3,0.04666666666666667
509,candidate_1,candidate_3,candidate_2,3,0.04666666666666667
510,candidate_1,candidate_3,candidate_2,3,0.04666666666666667
511,candidate_1,candidate_3,candidate_2,3,0.04666666666666667
512,candidate_1,candidate_3,candidate_2,3,0.04666666666666667
513,candidate_1,candidate_3,candidate_2,3,0.04666666666666667
514,candidate_1,candidate_3,candidate_2,3,0.04666666666666667
515,candidate_1,candidate_3,candidate_2,3,0.04666666666666667
516,candidate_1,candidate_3,candidate_2,3,0.04666666666666667
517,candidate_1,candidate_3,candidate_2,3,0.04666666666666667
518,candidate_1,candidate_3,candidate_2,3,0.04666666666666667
519,candidate_1,candidate_3,candidate_2,3,0.04666666666666667
520,candidate_1,0,candidate_2,3,0.04666666666666667
521,candidate_1,candidate_3,candidate_2,3,0.04666666666666667
522,candidate_1,candidate_3,0,3,0.04666666666666667
523,candidate_1,candidate_3,candidate_2,3,0.04666666666666667
524,candidate_1,0,candidate_2,3,0.04666666666666667
525,candidate_1,0,candidate_2,3,0.04666666666666667
526,candidate_1,candidate_3,candidate_2,3,0.04666666666666667
527,candidate_1,candidate_3,candidate_2,3,0.04666666666666667
528,0,candidate_3,candidate_2,3,0.04666666666666667
529,candidate_1,candidate_3,candidate_2,3,0.04666666666666667
530,candidate_1,candidate_3,candidate_2,3,0.04666666666666667
531,candidate_1,candidate_3,candidate_2,3,0.04666666666666667
532,candidate_1,candidate_3,candidate_2,3,0.04666666666666667
533,candidate_1,candidate_3,candidate_2,3,0.04666666666666667
534,candidate_1,candidate_3,candidate_2,3,0.04666666666666667
535,candidate_1,candidate_3,candidate_2,3,0.04666666666666667
536,candidate_1,candidate_3,candidate_2,3,0.04666666666666667
537,candidate_1,candidate_3,candidate_2,3,0.04666666666666667
538,candidate_1,candidate_3,candidate_2,3,0.04666666666666667
539,candidate_1,candidate_3,candidate_2,3,0.04666666666666667
540,candidate_1,candidate_3,candidate_2,3,0.04666666666666667
541,candidate_1,candidate_3,candidate_2,3,0.04666666666666667
542,candidate_1,candidate_3,candidate_2,3,0.04666666666666667
543,candidate_1,candidate_3,candidate_2,3,0.04666666666666667
544,candidate_1,candidate_3,candidate_2,3,0.04666666666666667
545,candidate_1,candidate_3,candidate_2,3,0.04666666666666667
546,candidate_1,candidate_3,candidate_2,3,0.04666666666666667
547,candidate_1,candidate_3,candidate_2,3,0.04666666666666667
548,candidate_1,candidate_3,candidate_2,3,0.04666666666666667
549,candidate_1,candidate_3,candidate_2,3,0.04666666666666667
550,candidate_1,candidate_3,candidate_2,3,0.04666666666666667
551,candidate_1,candidate_3,candidate_2,3,0.04666666666666667
552,candidate_1,candidate_3,candidate_2,3,0.04666666666666667
553,candidate_1,candidate_3,candidate_2,3,0.04666666666666667
554,candidate_1,candidate_3,candidate_2,3,0.04666666666666667
555,0,candidate_3,candidate_2,3,0.04666666666666667
556,candidate_1,candidate_3,candidate_2,3,0.04666666666666667
557,candidate_1,candidate_3,candidate_2,3,0.04666666666666667
558,candidate_1,candidate_3,candidate_2,3,0.04666666666666667
559,candidate_1,candidate_3,candidate_2,3,0.04666666666666667
560,0,candidate_3,candidate_2,3,0.04666666666666667
561,candidate_1,candidate_3,candidate_2,3,0.04666666666666667
562,candidate_1,candidate_3,candidate_2,3,0.04666666666666667
563,candidate_1,candidate_3,candidate_2,3,0.04666666666666667
564,candidate_1,candidate_3,candidate_2,3,0.04666666666666667
565,candidate_1,candidate_3,candidate_2,3,0.04666666666666667
566,candidate_1,candidate_3,candidate_2,3,0.04666666666666667
567,candidate_1,candidate_3,candidate_2,3,0.04666666666666667
568,candidate_1,candidate_3,candidate_2,3,0.04666666666666667
569,candidate_1,candidate_3,candidate_2,3,0.04666666666666667
570,candidate_1,candidate_3,candidate_2,3,0.04666666666666667
571,candidate_1,candidate_3,candidate_2,3,0.04666666666666667
572,candidate_1,candidate_3,candidate_2,3,0.04666666666666667
573,candidate_1,candidate_3,candidate_2,3,0.04666666666666667
574,candidate_1,0,candidate_2,3,0.04666666666666667
575,candidate_1,candidate_3,candidate_2,3,0.04666666666666667
576,candidate_1,candidate_3,candidate_2,3,0.04666666666666667
577,candidate_1,candidate_3,candidate_2,3,0.04666666666666667
578,candidate_1,candidate_3,candidate_2,3,0.04666666666666667
579,candidate_1,candidate_3,candidate_2,3,0.04666666666666667
580,candidate_1,candidate_3,0,3,0.04666666666666667
581,candidate_1,candidate_3,candidate_2,3,0.04666666666666667
582,candidate_1,candidate_3,candidate_2,3,0.04666666666666667
583,candidate_1,candidate_3,candidate_2,3,0.04666666666666667
584,candidate_1,candidate_3,candidate_2,3,0.04666666666666667
585,candidate_1,candidate_3,candidate_2,3,0.04666666666666667
586,candidate_1,candidate_3,candidate_2,3,0.04666666666666667
587,candidate_1,candidate_3,candidate_2,3,0.04666666666666667
588,candidate_1,candidate_3,candidate_2,3,0.04666666666666667
589,candidate_1,candidate_3,candidate_2,3,0.04666666666666667
590,candidate_1,candidate_3,candidate_2,3,0.04666666666666667
591,candidate_1,candidate_3,candidate_2,3,0.04666666666666667
592,candidate_1,candidate_3,candidate_2,3,0.04666666666666667
593,candidate_1,candidate_3,candidate_2,3,0.04666666666666667
594,candidate_1,candidate_3,candidate_2,3,0.04666666666666667
595,candidate_1,candidate_3,candidate_2,3,0.04666666666666667
596,candidate_1,candidate_3,candidate_2,3,0.04666666666666667
597,candidate_1,candidate_3,candidate_2,3,0.04666666666666667
598,candidate_1,candidate_3,candidate_2,3,0.04666666666666667
599,candidate_1,candidate_3,candidate_2,3,0.04666666666666667
600,candidate_1,candidate_3,candidate_2,3,0.04666666666666667
601,candidate_1,candidate_3,candidate_2,3,0.04666666666666667
602,candidate_1,candidate_3,candidate_2,3,0.04666666666666667
603,candidate_1,candidate_3,candidate_2,3,0.04666666666666667
604,candidate_1,candidate_3,candidate_2,3,0.04666666666666667
605,candidate_1,candidate_3,candidate_2,3,0.04666666666666667
606,candidate_1,candidate_3,candidate_2,3,0.04666666666666667
607,candidate_1,candidate_3,candidate_2,3,0.04666666666666667
608,candidate_1,candidate_3,candidate_2,3,0.04666666666666667
609,candidate_1,0,candidate_2,3,0.04666666666666667
610,candidate_1,candidate_3,candidate_2,3,0.04666666666666667
611,candidate_1,candidate_3,candidate_2,3,0.04666666666666667
612,candidate_1,candidate_3,candidate_2,3,0.04666666666666667
613,candidate_1,candidate_3,candidate_2,3,0.04666666666666667
614,candidate_1,candidate_3,candidate_2,3,0.04666666666666667
615,candidate_1,candidate_3,candidate_2,3,0.04666666666666667
616,candidate_1,candidate_3,candidate_2,3,0.04666666666666667
617,candidate_1,candidate_3,candidate_2,3,0.04666666666666667
618,candidate_1,candidate_3,candidate_2,3,0.04666666666666667
619,candidate_1,candidate_3,candidate_2,3,0.04666666666666667
620,candidate_1,candidate_3,candidate_2,3,0.04666666666666667
621,candidate_1,candidate_3,candidate_2,3,0.04666666666666667
622,candidate_1,candidate_3,candidate_2,3,0.04666666666666667
623,candidate_1,candidate_3,candidate_2,3,0.04666666666666667
624,candidate_1,candidate_3,candidate_2,3,0.04666666666666667
625,candidate_1,candidate_3,candidate_2,3,0.04666666666666667
626,candidate_1,candidate_3,candidate_2,3,0.04666666666666667
627,candidate_1,candidate_3,candidate_2,3,0.04666666666666667
628,candidate_1,0,candidate_2,3,0.04666666666666667
629,candidate_1,candidate_3,candidate_2,3,0.04666666666666667
630,candidate_1,candidate_3,candidate_2,3,0.04666666666666667
631,candidate_1,candidate_3,candidate_2,3,0.04666666666666667
632,candidate_1,candidate_3,candidate_2,3,0.04666666666666667
633,candidate_1,candidate_3,candidate_2,3,0.04666666666666667
634,candidate_1,candidate_3,candidate_2,3,0.04666666666666667
635,candidate_1,candidate_3,candidate_2,3,0.04666666666666667
636,candidate_1,candidate_3,candidate_2,3,0.04666666666666667
637,candidate_1,0,0,3,0.04666666666666667
638,candidate_1,candidate_3,candidate_2,3,0.04666666666666667
639,candidate_1,0,candidate_2,3,0.04666666666666667
640,candidate_1,candidate_3,candidate_2,3,0.04666666666666667
641,candidate_1,candidate_3,candidate_2,3,0.04666666666666667
642,candidate_1,candidate_3,candidate_2,3,0.04666666666666667
643,candidate_1,candidate_3,candidate_2,3,0.04666666666666667
644,candidate_1,candidate_3,candidate_2,3,0.04666666666666667
645,candidate_1,candidate_3,candidate_2,3,0.04666666666666667
646,candidate_1,candidate_3,candidate_2,3,0.04666666666666667
647,candidate_1,candidate_3,candidate_2,3,0.04666666666666667
648,candidate_1,candidate_3,candidate_2,3,0.04666666666666667
649,candidate_1,candidate_3,candidate_2,3,0.04666666666666667
650,candidate_1,candidate_3,candidate_2,3,0.04666666666666667
651,candidate_1,candidate_3,candidate_2,3,0.04666666666666667
652,candidate_1,candidate_3,candidate_2,3,0.04666666666666667
653,candidate_1,candidate_3,candidate_2,3,0.04666666666666667
654,candidate_1,candidate_3,candidate_2,3,0.04666666666666667
655,candidate_1,candidate_3,candidate_2,3,0.04666666666666667
656,candidate_1,candidate_3,candidate_2,3,0.04666666666666667
657,candidate_1,candidate_3,candidate_2,3,0.04666666666666667
658,0,candidate_3,0,3,0.04666666666666667
659,candidate_1,candidate_3,candidate_2,3,0.04666666666666667
660,candidate_1,candidate_3,candidate_2,3,0.04666666666666667
661,candidate_1,candidate_3,candidate_2,3,0.04666666666666667
662,candidate_1,candidate_3,candidate_2,3,0.04666666666666667
663,candidate_1,candidate_3,candidate_2,3,0.04666666666666667
664,candidate_1,candidate_3,candidate_2,3,0.04666666666666667
665,candidate_1,candidate_3,candidate_2,3,0.04666666666666667
666,candidate_1,candidate_3,candidate_2,3,0.04666666666666667
667,candidate_1,candidate_3,candidate_2,3,0.04666666666666667
668,candidate_1,candidate_3,candidate_2,3,0.04666666666666667
669,candidate_1,candidate_3,candidate_2,3,0.04666666666666667
670,candidate_1,candidate_3,candidate_2,3,0.04666666666666667
671,candidate_1,candidate_3,candidate_2,3,0.04666666666666667
672,candidate_1,candidate_3,candidate_2,3,0.04666666666666667
673,candidate_1,candidate_3,candidate_2,3,0.04666666666666667
674,candidate_1,candidate_3,candidate_2,3,0.04666666666666667
675,candidate_1,candidate_3,candidate_2,3,0.04666666666666667
676,candidate_1,candidate_3,candidate_2,3,0.04666666666666667
677,candidate_1,candidate_3,candidate_2,3,0.04666666666666667
678,candidate_1,candidate_3,candidate_2,3,0.04666666666666667
679,candidate_1,candidate_3,candidate_2,3,0.04666666666666667
680,candidate_1,candidate_3,candidate_2,3,0.04666666666666667
681,candidate_1,0,candidate_2,3,0.04666666666666667
682,candidate_1,candidate_3,0,3,0.04666666666666667
683,candidate_1,candidate_3,candidate_2,3,0.04666666666666667
684,candidate_1,candidate_3,candidate_2,3,0.04666666666666667
685,0,candidate_3,candidate_2,3,0.04666666666666667
686,candidate_1,candidate_3,0,3,0.04666666666666667
687,candidate_1,candidate_3,candidate_2,3,0.04666666666666667
688,candidate_1,candidate_3,candidate_2,3,0.04666666666666667
689,candidate_1,candidate_3,candidate_2,3,0.04666666666666667
690,candidate_1,candidate_3,candidate_2,3,0.04666666666666667
691,candidate_1,candidate_3,candidate_2,3,0.04666666666666667
692,candidate_1,candidate_3,candidate_2,3,0.04666666666666667
693,candidate_1,candidate_3,candidate_2,3,0.04666666666666667
694,candidate_1,candidate_3,candidate_2,3,0.04666666666666667
695,candidate_1,candidate_3,candidate_2,3,0.04666666666666667
696,candidate_1,candidate_3,candidate_2,3,0.04666666666666667
697,candidate_1,0,candidate_2,3,0.04666666666666667
698,candidate_1,candidate_3,candidate_2,3,0.04666666666666667
699,candidate_1,candidate_3,candidate_2,3,0.04666666666666667
700,candidate_1,candidate_3,candidate_2,3,0.04666666666666667
701,candidate_1,candidate_3,candidate_2,3,0.04666666666666667
702,candidate_1,candidate_3,candidate_2,3,0.04666666666666667
703,candidate_1,candidate_3,candidate_2,3,0.04666666666666667
704,candidate_1,candidate_3,candidate_2,3,0.04666666666666667
705,candidate_1,candidate_3,candidate_2,3,0.04666666666666667
706,candidate_1,candidate_3,candidate_2,3,0.04666666666666667
707,candidate_1,candidate_3,candidate_2,3,0.04666666666666667
708,candidate_1,candidate_3,candidate_2,3,0.04666666666666667
709,candidate_1,candidate_3,candidate_2,3,0.04666666666666667
710,0,candidate_3,candidate_2,3,0.04666666666666667
711,candidate_1,candidate_3,candidate_2,3,0.04666666666666667
712,candidate_1,candidate_3,candidate_2,3,0.04666666666666667
713,candidate_1,candidate_3,candidate_2,3,0.04666666666666667
714,candidate_1,candidate_3,candidate_2,3,0.04666666666666667
715,candidate_1,candidate_3,candidate_2,3,0.04666666666666667
716,candidate_1,candidate_3,candidate_2,3,0.04666666666666667
717,candidate_1,candidate_3,candidate_2,3,0.04666666666666667
718,candidate_1,candidate_3,candidate_2,3,0.04666666666666667
719,candidate_1,candidate_3,candidate_2,3,0.04666666666666667
720,0,candidate_3,candidate_2,3,0.04666666666666667
721,candidate_1,candidate_3,candidate_2,3,0.04666666666666667
722,candidate_1,candidate_3,candidate_2,3,0.04666666666666667
723,candidate_1,candidate_3,candidate_2,3,0.04666666666666667
724,candidate_1,candidate_3,candidate_2,3,0.04666666666666667
725,candidate_1,0,candidate_2,3,0.04666666666666667
726,candidate_1,candidate_3,candidate_2,3,0.04666666666666667
727,candidate_1,candidate_3,candidate_2,3,0.04666666666666667
728,candidate_1,candidate_3,candidate_2,3,0.04666666666666667
729,candidate_1,candidate_3,candidate_2,3,0.04666666666666667
730,candidate_1,candidate_3,candidate_2,3,0.04666666666666667
731,candidate_1,candidate_3,candidate_2,3,0.04666666666666667
732,candidate_1,candidate_3,candidate_2,3,0.04666666666666667
733,candidate_1,candidate_3,candidate_2,3,0.04666666666666667
734,candidate_1,candidate_3,candidate_2,3,0.04666666666666667
735,candidate_1,candidate_3,candidate_2,3,0.04666666666666667
736,candidate_1,candidate_3,candidate_2,3,0.04666666666666667
737,candidate_1,candidate_3,candidate_2,3,0.04666666666666667
738,candidate_1,candidate_3,candidate_2,3,0.04666666666666667
739,candidate_1,candidate_3,candidate_2,3,0.04666666666666667
740,candidate_1,candidate_3,candidate_2,3,0.04666666666666667
741,candidate_1,candidate_3,candidate_2,3,0.04666666666666667
742,candidate_1,candidate_3,candidate_2,3,0.04666666666666667
743,candidate_1,candidate_3,candidate_2,3,0.04666666666666667
744,candidate_1,candidate_3,0,3,0.04666666666666667
745,0,candidate_3,candidate_2,3,0.04666666666666667
746,candidate_1,candidate_3,candidate_2,3,0.04666666666666667
747,candidate_1,candidate_3,candidate_2,3,0.04666666666666667
748,candidate_1,candidate_3,candidate_2,3,0.04666666666666667
749,candidate_1,candidate_3,candidate_2,3,0.04666666666666667
750,candidate_1,candidate_3,candidate_2,3,0.04666666666666667
751,candidate_1,candidate_3,candidate_2,3,0.04666666666666667
752,candidate_1,candidate_3,candidate_2,3,0.04666666666666667
753,candidate_1,candidate_3,candidate_2,3,0.04666666666666667
754,candidate_1,candidate_3,candidate_2,3,0.04666666666666667
755,candidate_1,candidate_3,candidate_2,3,0.04666666666666667
756,0,candidate_3,candidate_2,3,0.04666666666666667
757,candidate_1,candidate_3,candidate_2,3,0.04666666666666667
758,candidate_1,candidate_3,candidate_2,3,0.04666666666666667
759,candidate_1,candidate_3,candidate_2,3,0.04666666666666667
760,candidate_1,candidate_3,candidate_2,3,0.04666666666666667
761,candidate_1,candidate_3,candidate_2,3,0.04666666666666667
762,candidate_1,candidate_3,candidate_2,3,0.04666666666666667
763,candidate_1,0,candidate_2,3,0.04666666666666667
764,candidate_1,candidate_3,candidate_2,3,0.04666666666666667
765,candidate_1,candidate_3,candidate_2,3,0.04666666666666667
766,candidate_1,candidate_3,candidate_2,3,0.04666666666666667
767,candidate_1,candidate_3,candidate_2,3,0.04666666666666667
768,candidate_1,candidate_3,candidate_2,3,0.04666666666666667
769,candidate_1,0,candidate_2,3,0.04666666666666667
770,candidate_1,candidate_3,candidate_2,3,0.04666666666666667
771,candidate_1,candidate_3,candidate_2,3,0.04666666666666667
772,candidate_1,candidate_3,candidate_2,3,0.04666666666666667
773,candidate_1,candidate_3,candidate_2,3,0.04666666666666667
774,candidate_1,candidate_3,candidate_2,3,0.04666666666666667
775,candidate_1,candidate_3,0,3,0.04666666666666667
776,candidate_1,candidate_3,candidate_2,3,0.04666666666666667
777,candidate_1,candidate_3,candidate_2,3,0.04666666666666667
778,candidate_1,candidate_3,candidate_2,3,0.04666666666666667
779,candidate_1,candidate_3,candidate_2,3,0.04666666666666667
780,0,candidate_3,candidate_2,3,0.04666666666666667
781,candidate_1,candidate_3,candidate_2,3,0.04666666666666667
782,candidate_1,candidate_3,candidate_2,3,0.04666666666666667
783,candidate_1,candidate_3,candidate_2,3,0.04666666666666667
784,candidate_1,candidate_3,candidate_2,3,0.04666666666666667
785,candidate_1,candidate_3,candidate_2,3,0.04666666666666667
786,candidate_1,candidate_3,candidate_2,3,0.04666666666666667
787,candidate_1,candidate_3,candidate_2,3,0.04666666666666667
788,candidate_1,candidate_3,candidate_2,3,0.04666666666666667
789,candidate_1,0,candidate_2,3,0.04666666666666667
790,candidate_1,candidate_3,candidate_2,3,0.04666666666666667
791,candidate_1,candidate_3,candidate_2,3,0.04666666666666667
792,candidate_1,candidate_3,candidate_2,3,0.04666666666666667
793,candidate_1,candidate_3,candidate_2,3,0.04666666666666667
794,candidate_1,candidate_3,candidate_2,3,0.04666666666666667
795,candidate_1,candidate_3,candidate_2,3,0.04666666666666667
796,candidate_1,candidate_3,candidate_2,3,0.04666666666666667
797,candidate_1,0,candidate_2,3,0.04666666666666667
798,0,candidate_3,candidate_2,3,0.04666666666666667
799,candidate_1,candidate_3,candidate_2,3,0.04666666666666667
800,candidate_1,candidate_3,0,3,0.04666666666666667
801,candidate_1,candidate_3,candidate_2,3,0.04666666666666667
802,candidate_1,candidate_3,candidate_2,3,0.04666666666666667
803,0,candidate_3,candidate_2,3,0.04666666666666667
804,candidate_1,candidate_3,candidate_2,3,0.04666666666666667
805,candidate_1,candidate_3,0,3,0.04666666666666667
806,candidate_1,candidate_3,candidate_2,3,0.04666666666666667
807,candidate_1,candidate_3,candidate_2,3,0.04666666666666667
808,candidate_1,candidate_3,candidate_2,3,0.04666666666666667
809,candidate_1,candidate_3,candidate_2,3,0.04666666666666667
810,candidate_1,candidate_3,candidate_2,3,0.04666666666666667
811,candidate_1,candidate_3,candidate_2,3,0.04666666666666667
812,candidate_1,candidate_3,candidate_2,3,0.04666666666666667
813,candidate_1,candidate_3,candidate_2,3,0.04666666666666667
814,candidate_1,0,candidate_2,3,0.04666666666666667
815,candidate_1,candidate_3,0,3,0.04666666666666667
816,candidate_1,candidate_3,candidate_2,3,0.04666666666666667
817,candidate_1,candidate_3,candidate_2,3,0.04666666666666667
818,candidate_1,candidate_3,candidate_2,3,0.04666666666666667
819,candidate_1,candidate_3,candidate_2,3,0.04666666666666667
820,candidate_1,candidate_3,candidate_2,3,0.04666666666666667
821,candidate_1,candidate_3,candidate_2,3,0.04666666666666667
822,candidate_1,candidate_3,candidate_2,3,0.04666666666666667
823,candidate_1,candidate_3,candidate_2,3,0.04666666666666667
824,candidate_1,candidate_3,candidate_2,3,0.04666666666666667
825,candidate_1,candidate_3,candidate_2,3,0.04666666666666667
826,candidate_1,candidate_3,candidate_2,3,0.04666666666666667
827,candidate_1,candidate_3,candidate_2,3,0.04666666666666667
828,candidate_1,0,candidate_2,3,0.04666666666666667
829,candidate_1,candidate_3,candidate_2,3,0.04666666666666667
830,0,candidate_3,candidate_2,3,0.04666666666666667
831,candidate_1,candidate_3,candidate_2,3,0.04666666666666667
832,candidate_1,candidate_3,candidate_2,3,0.04666666666666667
833,candidate_1,0,candidate_2,3,0.04666666666666667
834,candidate_1,candidate_3,candidate_2,3,0.04666666666666667
835,candidate_1,candidate_3,candidate_2,3,0.04666666666666667
836,candidate_1,candidate_3,candidate_2,3,0.04666666666666667
837,candidate_1,candidate_3,candidate_2,3,0.04666666666666667
838,candidate_1,candidate_3,candidate_2,3,0.04666666666666667
839,candidate_1,candidate_3,candidate_2,3,0.04666666666666667
840,candidate_1,candidate_3,candidate_2,3,0.04666666666666667
841,candidate_1,candidate_3,candidate_2,3,0.04666666666666667
842,candidate_1,candidate_3,candidate_2,3,0.04666666666666667
843,candidate_1,0,candidate_2,3,0.04666666666666667
844,candidate_1,candidate_3,candidate_2,3,0.04666666666666667
845,candidate_1,candidate_3,candidate_2,3,0.04666666666666667
846,candidate_1,candidate_3,candidate_2,3,0.04666666666666667
847,candidate_1,candidate_3,0,3,0.04666666666666667
848,candidate_1,candidate_3,0,3,0.04666666666666667
849,candidate_1,candidate_3,candidate_2,3,0.04666666666666667
850,0,candidate_3,candidate_2,3,0.04666666666666667
851,candidate_1,candidate_3,candidate_2,3,0.04666666666666667
852,candidate_1,candidate_3,candidate_2,3,0.04666666666666667
853,candidate_1,candidate_3,candidate_2,3,0.04666666666666667
854,0,candidate_3,candidate_2,3,0.04666666666666667
855,candidate_1,candidate_3,candidate_2,3,0.04666666666666667
856,candidate_1,candidate_3,candidate_2,3,0.04666666666666667
857,candidate_1,candidate_3,0,3,0.04666666666666667
858,candidate_1,candidate_3,candidate_2,3,0.04666666666666667
859,candidate_1,candidate_3,candidate_2,3,0.04666666666666667
860,candidate_1,candidate_3,0,3,0.04666666666666667
861,candidate_1,candidate_3,candidate_2,3,0.04666666666666667
862,candidate_1,candidate_3,candidate_2,3,0.04666666666666667
863,candidate_1,candidate_3,candidate_2,3,0.04666666666666667
864,candidate_1,0,candidate_2,3,0.04666666666666667
865,candidate_1,candidate_3,candidate_2,3,0.04666666666666667
866,candidate_1,candidate_3,candidate_2,3,0.04666666666666667
867,candidate_1,candidate_3,candidate_2,3,0.04666666666666667
868,candidate_1,candidate_3,candidate_2,3,0.04666666666666667
869,candidate_1,candidate_3,candidate_2,3,0.04666666666666667
870,candidate_1,candidate_3,candidate_2,3,0.04666666666666667
871,candidate_1,candidate_3,candidate_2,3,0.04666666666666667
872,candidate_1,candidate_3,candidate_2,3,0.04666666666666667
873,candidate_1,candidate_3,0,3,0.04666666666666667
874,0,candidate_3,candidate_2,3,0.04666666666666667
875,candidate_1,candidate_3,candidate_2,3,0.04666666666666667
876,candidate_1,candidate_3,candidate_2,3,0.04666666666666667
877,candidate_1,candidate_3,candidate_2,3,0.04666666666666667
878,candidate_1,candidate_3,candidate_2,3,0.04666666666666667
879,candidate_1,candidate_3,candidate_2,3,0.04666666666666667
880,candidate_1,candidate_3,candidate_2,3,0.04666666666666667
881,candidate_1,candidate_3,candidate_2,3,0.04666666666666667
882,candidate_1,candidate_3,candidate_2,3,0.04666666666666667
883,candidate_1,candidate_3,candidate_2,3,0.04666666666666667
884,candidate_1,candidate_3,candidate_2,3,0.04666666666666667
885,candidate_1,candidate_3,candidate_2,3,0.04666666666666667
886,candidate_1,candidate_3,candidate_2,3,0.04666666666666667
887,candidate_1,candidate_3,candidate_2,3,0.04666666666666667
888,candidate_1,candidate_3,candidate_2,3,0.04666666666666667
889,candidate_1,candidate_3,candidate_2,3,0.04666666666666667
890,candidate_1,candidate_3,0,3,0.04666666666666667
891,candidate_1,candidate_3,candidate_2,3,0.04666666666666667
892,candidate_1,candidate_3,candidate_2,3,0.04666666666666667
893,candidate_1,candidate_3,candidate_2,3,0.04666666666666667
894,candidate_1,candidate_3,candidate_2,3,0.04666666666666667
895,candidate_1,candidate_3,candidate_2,3,0.04666666666666667
896,candidate_1,candidate_3,candidate_2,3,0.04666666666666667
897,candidate_1,candidate_3,candidate_2,3,0.04666666666666667
898,candidate_1,0,candidate_2,3,0.04666666666666667
899,candidate_1,candidate_3,candidate_2,3,0.04666666666666667
900,candidate_1,candidate_3,candidate_2,3,0.04666666666666667
901,candidate_1,candidate_3,candidate_2,3,0.04666666666666667
902,candidate_1,candidate_3,candidate_2,3,0.04666666666666667
903,candidate_1,candidate_3,candidate_2,3,0.04666666666666667
904,candidate_1,candidate_3,candidate_2,3,0.04666666666666667
905,candidate_1,candidate_3,candidate_2,3,0.04666666666666667
906,candidate_1,candidate_3,candidate_2,3,0.04666666666666667
907,candidate_1,candidate_3,candidate_2,3,0.04666666666666667
908,candidate_1,candidate_3,candidate_2,3,0.04666666666666667
909,candidate_1,candidate_3,candidate_2,3,0.04666666666666667
910,candidate_1,candidate_3,0,3,0.04666666666666667
911,candidate_1,candidate_3,candidate_2,3,0.04666666666666667
912,candidate_1,candidate_3,candidate_2,3,0.04666666666666667
913,candidate_1,0,candidate_2,3,0.04666666666666667
914,candidate_1,candidate_3,candidate_2,3,0.04666666666666667
915,candidate_1,candidate_3,candidate_2,3,0.04666666666666667
916,candidate_1,candidate_3,candidate_2,3,0.04666666666666667
917,candidate_1,0,candidate_2,3,0.04666666666666667
918,candidate_1,candidate_3,candidate_2,3,0.04666666666666667
919,candidate_1,0,candidate_2,3,0.04666666666666667
920,0,candidate_3,candidate_2,3,0.04666666666666667
921,candidate_1,candidate_3,candidate_2,3,0.04666666666666667
922,candidate_1,candidate_3,candidate_2,3,0.04666666666666667
923,candidate_1,candidate_3,candidate_2,3,0.04666666666666667
924,candidate_1,candidate_3,candidate_2,3,0.04666666666666667
925,0,candidate_3,candidate_2,3,0.04666666666666667
926,candidate_1,candidate_3,candidate_2,3,0.04666666666666667
927,candidate_1,candidate_3,candidate_2,3,0.04666666666666667
928,candidate_1,candidate_3,candidate_2,3,0.04666666666666667
929,candidate_1,candidate_3,candidate_2,3,0.04666666666666667
930,candidate_1,candidate_3,candidate_2,3,0.04666666666666667
931,candidate_1,candidate_3,candidate_2,3,0.04666666666666667
932,candidate_1,candidate_3,candidate_2,3,0.04666666666666667
933,0,candidate_3,candidate_2,3,0.04666666666666667
934,candidate_1,candidate_3,candidate_2,3,0.04666666666666667
935,candidate_1,candidate_3,candidate_2,3,0.04666666666666667
936,candidate_1,candidate_3,candidate_2,3,0.04666666666666667
937,candidate_1,candidate_3,candidate_2,3,0.04666666666666667
938,candidate_1,candidate_3,candidate_2,3,0.04666666666666667
939,candidate_1,candidate_3,candidate_2,3,0.04666666666666667
940,candidate_1,candidate_3,candidate_2,3,0.04666666666666667
941,candidate_1,candidate_3,0,3,0.04666666666666667
942,candidate_1,candidate_3,candidate_2,3,0.04666666666666667
943,candidate_1,candidate_3,candidate_2,3,0.04666666666666667
944,candidate_1,candidate_3,candidate_2,3,0.04666666666666667
945,candidate_1,0,candidate_2,3,0.04666666666666667
946,candidate_1,candidate_3,candidate_2,3,0.04666666666666667
947,candidate_1,candidate_3,candidate_2,3,0.04666666666666667
948,candidate_1,candidate_3,candidate_2,3,0.04666666666666667
949,candidate_1,candidate_3,candidate_2,3,0.04666666666666667
950,candidate_1,candidate_3,candidate_2,3,0.04666666666666667
951,candidate_1,candidate_3,candidate_2,3,0.04666666666666667
952,candidate_1,candidate_3,candidate_2,3,0.04666666666666667
953,candidate_1,candidate_3,candidate_2,3,0.04666666666666667
954,candidate_1,0,candidate_2,3,0.04666666666666667
955,candidate_1,candidate_3,candidate_2,3,0.04666666666666667
956,candidate_1,candidate_3,candidate_2,3,0.04666666666666667
957,candidate_1,candidate_3,candidate_2,3,0.04666666666666667
958,candidate_1,candidate_3,candidate_2,3,0.04666666666666667
959,candidate_1,candidate_3,candidate_2,3,0.04666666666666667
960,candidate_1,candidate_3,candidate_2,3,0.04666666666666667
961,candidate_1,candidate_3,candidate_2,3,0.04666666666666667
962,candidate_1,candidate_3,candidate_2,3,0.04666666666666667
963,candidate_1,candidate_3,candidate_2,3,0.04666666666666667
964,candidate_1,candidate_3,candidate_2,3,0.04666666666666667
965,candidate_1,candidate_3,candidate_2,3,0.04666666666666667
966,candidate_1,candidate_3,candidate_2,3,0.04666666666666667
967,candidate_1,candidate_3,candidate_2,3,0.04666666666666667
968,candidate_1,0,candidate_2,3,0.04666666666666667
969,candidate_1,candidate_3,candidate_2,3,0.04666666666666667
970,candidate_1,candidate_3,candidate_2,3,0.04666666666666667
971,candidate_1,candidate_3,candidate_2,3,0.04666666666666667
972,candidate_1,candidate_3,candidate_2,3,0.04666666666666667
973,candidate_1,candidate_3,candidate_2,3,0.04666666666666667
974,candidate_1,candidate_3,candidate_2,3,0.04666666666666667
975,candidate_1,candidate_3,candidate_2,3,0.04666666666666667
976,candidate_1,candidate_3,candidate_2,3,0.04666666666666667
977,0,candidate_3,candidate_2,3,0.04666666666666667
978,candidate_1,candidate_3,candidate_2,3,0.04666666666666667
979,candidate_1,candidate_3,candidate_2,3,0.04666666666666667
980,candidate_1,candidate_3,candidate_2,3,0.04666666666666667
981,candidate_1,candidate_3,candidate_2,3,0.04666666666666667
982,candidate_1,candidate_3,candidate_2,3,0.04666666666666667
983,candidate_1,candidate_3,candidate_2,3,0.04666666666666667
984,candidate_1,candidate_3,candidate_2,3,0.04666666666666667
985,candidate_1,candidate_3,candidate_2,3,0.04666666666666667
986,candidate_1,candidate_3,candidate_2,3,0.04666666666666667
987,candidate_1,candidate_3,candidate_2,3,0.04666666666666667
988,candidate_1,candidate_3,0,3,0.04666666666666667
989,candidate_1,candidate_3,candidate_2,3,0.04666666666666667
990,candidate_1,candidate_3,candidate_2,3,0.04666666666666667
991,candidate_1,candidate_3,candidate_2,3,0.04666666666666667
992,candidate_1,candidate_3,candidate_2,3,0.04666666666666667
993,candidate_1,candidate_3,0,3,0.04666666666666667
994,candidate_1,candidate_3,candidate_2,3,0.04666666666666667
995,candidate_1,candidate_3,candidate_2,3,0.04666666666666667
996,candidate_1,candidate_3,candidate_2,3,0.04666666666666667
997,candidate_1,candidate_3,0,3,0.04666666666666667
998,candidate_1,candidate_3,candidate_2,3,0.04666666666666667
999,candidate_1,candidate_3,candidate_2,3,0.04666666666666667
1000,candidate_1,candidate_3,candidate_2,3,0.04666666666666667
1001,candidate_1,candidate_3,0,3,0.04666666666666667
1002,candidate_1,candidate_3,candidate_2,3,0.04666666666666667
1003,candidate_1,candidate_3,candidate_2,3,0.04666666666666667
1004,candidate_1,candidate_3,candidate_2,3,0.04666666666666667
1005,candidate_1,candidate_3,0,3,0.04666666666666667
1006,candidate_1,candidate_3,candidate_2,3,0.04666666666666667
1007,candidate_1,candidate_3,candidate_2,3,0.04666666666666667
1008,candidate_1,candidate_3,candidate_2,3,0.04666666666666667
1009,candidate_1,candidate_3,candidate_2,3,0.04666666666666667
1010,candidate_1,candidate_3,candidate_2,3,0.04666666666666667
1011,candidate_1,candidate_3,candidate_2,3,0.04666666666666667
1012,candidate_1,candidate_3,candidate_2,3,0.04666666666666667
1013,candidate_1,0,candidate_2,3,0.04666666666666667
1014,candidate_1,candidate_3,candidate_2,3,0.04666666666666667
1015,candidate_1,candidate_3,candidate_2,3,0.04666666666666667
1016,candidate_1,candidate_3,candidate_2,3,0.04666666666666667
1017,candidate_1,candidate_3,candidate_2,3,0.04666666666666667
1018,candidate_1,candidate_3,candidate_2,3,0.04666666666666667
1019,candidate_1,candidate_3,candidate_2,3,0.04666666666666667
1020,candidate_1,candidate_3,candidate_2,3,0.04666666666666667
1021,candidate_1,candidate_3,candidate_2,3,0.04666666666666667
1022,candidate_1,candidate_3,candidate_2,3,0.04666666666666667
1023,candidate_1,candidate_3,candidate_2,3,0.04666666666666667
1024,candidate_1,candidate_3,candidate_2,3,0.04666666666666667
1025,candidate_1,candidate_3,candidate_2,3,0.04666666666666667
1026,candidate_1,candidate_3,candidate_2,3,0.04666666666666667
1027,candidate_1,candidate_3,candidate_2,3,0.04666666666666667
1028,candidate_1,candidate_3,candidate_2,3,0.04666666666666667
1029,candidate_1,candidate_3,candidate_2,3,0.04666666666666667
1030,candidate_1,candidate_3,candidate_2,3,0.04666666666666667
1031,candidate_1,candidate_3,candidate_2,3,0.04666666666666667
1032,candidate_1,candidate_3,candidate_2,3,0.04666666666666667
1033,candidate_1,candidate_3,candidate_2,3,0.04666666666666667
1034,candidate_1,candidate_3,candidate_2,3,0.04666666666666667
1035,candidate_1,candidate_3,candidate_2,3,0.04666666666666667
1036,candidate_1,candidate_3,candidate_2,3,0.04666666666666667
1037,candidate_1,candidate_3,candidate_2,3,0.04666666666666667
1038,candidate_1,candidate_3,candidate_2,3,0.04666666666666667
1039,candidate_1,0,candidate_2,3,0.04666666666666667
1040,candidate_1,candidate_3,candidate_2,3,0.04666666666666667
1041,candidate_1,candidate_3,candidate_2,3,0.04666666666666667
1042,candidate_1,candidate_3,candidate_2,3,0.04666666666666667
1043,candidate_1,candidate_3,candidate_2,3,0.04666666666666667
1044,candidate_1,candidate_3,candidate_2,3,0.04666666666666667
1045,candidate_1,candidate_3,candidate_2,3,0.04666666666666667
1046,candidate_1,candidate_3,candidate_2,3,0.04666666666666667
1047,candidate_1,candidate_3,candidate_2,3,0.04666666666666667
1048,candidate_1,candidate_3,candidate_2,3,0.04666666666666667
1049,candidate_1,candidate_3,0,3,0.04666666666666667
1050,candidate_1,candidate_3,candidate_2,3,0.04666666666666667
1051,candidate_1,candidate_3,candidate_2,3,0.04666666666666667
1052,candidate_1,candidate_3,candidate_2,3,0.04666666666666667
1053,candidate_1,candidate_3,candidate_2,3,0.04666666666666667
1054,candidate_1,candidate_3,candidate_2,3,0.04666666666666667
1055,candidate_1,candidate_3,candidate_2,3,0.04666666666666667
1056,candidate_1,candidate_3,candidate_2,3,0.04666666666666667
1057,candidate_1,candidate_3,candidate_2,3,0.04666666666666667
1058,candidate_1,candidate_3,candidate_2,3,0.04666666666666667
1059,candidate_1,candidate_3,candidate_2,3,0.04666666666666667
1060,candidate_1,candidate_3,candidate_2,3,0.04666666666666667
1061,candidate_1,candidate_3,candidate_2,3,0.04666666666666667
1062,candidate_1,candidate_3,candidate_2,3,0.04666666666666667
1063,candidate_1,candidate_3,candidate_2,3,0.04666666666666667
1064,candidate_1,candidate_3,candidate_2,3,0.04666666666666667
1065,candidate_1,candidate_3,candidate_2,3,0.04666666666666667
1066,candidate_1,candidate_3,candidate_2,3,0.04666666666666667
1067,candidate_1,0,candidate_2,3,0.04666666666666667
1068,candidate_1,candidate_3,candidate_2,3,0.04666666666666667
1069,candidate_1,candidate_3,candidate_2,3,0.04666666666666667
1070,candidate_1,candidate_3,candidate_2,3,0.04666666666666667
1071,0,candidate_3,candidate_2,3,0.04666666666666667
1072,candidate_1,candidate_3,candidate_2,3,0.04666666666666667
1073,candidate_1,candidate_3,candidate_2,3,0.04666666666666667
1074,candidate_1,candidate_3,candidate_2,3,0.04666666666666667
1075,0,candidate_3,candidate_2,3,0.04666666666666667
1076,candidate_1,candidate_3,candidate_2,3,0.04666666666666667
1077,candidate_1,candidate_3,candidate_2,3,0.04666666666666667
1078,candidate_1,candidate_3,candidate_2,3,0.04666666666666667
1079,candidate_1,candidate_3,candidate_2,3,0.04666666666666667
1080,candidate_1,candidate_3,candidate_2,3,0.04666666666666667
1081,0,candidate_3,candidate_2,3,0.04666666666666667
1082,candidate_1,candidate_3,candidate_2,3,0.04666666666666667
1083,candidate_1,candidate_3,candidate_2,3,0.04666666666666667
1084,candidate_1,candidate_3,candidate_2,3,0.04666666666666667
1085,candidate_1,candidate_3,candidate_2,3,0.04666666666666667
1086,candidate_1,candidate_3,candidate_2,3,0.04666666666666667
1087,candidate_1,candidate_3,candidate_2,3,0.04666666666666667
1088,candidate_1,candidate_3,0,3,0.04666666666666667
1089,candidate_1,candidate_3,candidate_2,3,0.04666666666666667
1090,candidate_1,candidate_3,0,3,0.04666666666666667
1091,candidate_1,candidate_3,candidate_2,3,0.04666666666666667
1092,candidate_1,candidate_3,candidate_2,3,0.04666666666666667
1093,candidate_1,candidate_3,candidate_2,3,0.04666666666666667
1094,candidate_1,candidate_3,candidate_2,3,0.04666666666666667
1095,candidate_1,candidate_3,candidate_2,3,0.04666666666666667
1096,candidate_1,candidate_3,candidate_2,3,0.04666666666666667
1097,candidate_1,candidate_3,candidate_2,3,0.04666666666666667
1098,candidate_1,candidate_3,candidate_2,3,0.04666666666666667
1099,candidate_1,candidate_3,candidate_2,3,0.04666666666666667
1100,candidate_1,candidate_3,candidate_2,3,0.04666666666666667
1101,candidate_1,candidate_3,candidate_2,3,0.04666666666666667
1102,candidate_1,candidate_3,candidate_2,3,0.04666666666666667
1103,0,candidate_3,candidate_2,3,0.04666666666666667
1104,candidate_1,candidate_3,candidate_2,3,0.04666666666666667
1105,candidate_1,candidate_3,candidate_2,3,0.04666666666666667
1106,candidate_1,0,candidate_2,3,0.04666666666666667
1107,candidate_1,candidate_3,candidate_2,3,0.04666666666666667
1108,candidate_1,candidate_3,candidate_2,3,0.04666666666666667
1109,candidate_1,candidate_3,candidate_2,3,0.04666666666666667
1110,candidate_1,candidate_3,candidate_2,3,0.04666666666666667
1111,candidate_1,candidate_3,candidate_2,3,0.04666666666666667
1112,candidate_1,candidate_3,candidate_2,3,0.04666666666666667
1113,candidate_1,candidate_3,candidate_2,3,0.04666666666666667
1114,candidate_1,candidate_3,candidate_2,3,0.04666666666666667
1115,candidate_1,candidate_3,candidate_2,3,0.04666666666666667
1116,candidate_1,candidate_3,candidate_2,3,0.04666666666666667
1117,candidate_1,candidate_3,candidate_2,3,0.04666666666666667
1118,candidate_1,candidate_3,candidate_2,3,0.04666666666666667
1119,candidate_1,candidate_3,candidate_2,3,0.04666666666666667
1120,candidate_1,candidate_3,candidate_2,3,0.04666666666666667
1121,candidate_1,candidate_3,candidate_2,3,0.04666666666666667
1122,candidate_1,candidate_3,candidate_2,3,0.04666666666666667
1123,candidate_1,0,candidate_2,3,0.04666666666666667
1124,candidate_1,candidate_3,candidate_2,3,0.04666666666666667
1125,0,candidate_3,candidate_2,3,0.04666666666666667
1126,candidate_1,candidate_3,candidate_2,3,0.04666666666666667
1127,candidate_1,candidate_3,candidate_2,3,0.04666666666666667
1128,candidate_1,candidate_3,candidate_2,3,0.04666666666666667
1129,candidate_1,candidate_3,candidate_2,3,0.04666666666666667
1130,candidate_1,candidate_3,candidate_2,3,0.04666666666666667
1131,candidate_1,candidate_3,candidate_2,3,0.04666666666666667
1132,candidate_1,candidate_3,candidate_2,3,0.04666666666666667
1133,candidate_1,candidate_3,candidate_2,3,0.04666666666666667
1134,candidate_1,candidate_3,candidate_2,3,0.04666666666666667
1135,candidate_1,candidate_3,candidate_2,3,0.04666666666666667
1136,candidate_1,candidate_3,candidate_2,3,0.04666666666666667
1137,candidate_1,candidate_3,candidate_2,3,0.04666666666666667
1138,candidate_1,candidate_3,candidate_2,3,0.04666666666666667
1139,candidate_1,candidate_3,candidate_2,3,0.04666666666666667
1140,candidate_1,candidate_3,candidate_2,3,0.04666666666666667
1141,candidate_1,candidate_3,candidate_2,3,0.04666666666666667
1142,0,candidate_3,candidate_2,3,0.04666666666666667
1143,candidate_1,candidate_3,candidate_2,3,0.04666666666666667
1144,candidate_1,candidate_3,candidate_2,3,0.04666666666666667
1145,candidate_1,candidate_3,candidate_2,3,0.04666666666666667
1146,candidate_1,candidate_3,candidate_2,3,0.04666666666666667
1147,candidate_1,candidate_3,candidate_2,3,0.04666666666666667
1148,candidate_1,candidate_3,candidate_2,3,0.04666666666666667
1149,candidate_1,candidate_3,candidate_2,3,0.04666666666666667
1150,candidate_1,candidate_3,candidate_2,3,0.04666666666666667
1151,candidate_1,candidate_3,candidate_2,3,0.04666666666666667
1152,candidate_1,candidate_3,candidate_2,3,0.04666666666666667
1153,candidate_1,candidate_3,0,3,0.04666666666666667
1154,candidate_1,candidate_3,candidate_2,3,0.04666666666666667
1155,candidate_1,candidate_3,candidate_2,3,0.04666666666666667
1156,candidate_1,candidate_3,candidate_2,3,0.04666666666666667
1157,candidate_1,0,candidate_2,3,0.04666666666666667
1158,candidate_1,candidate_3,candidate_2,3,0.04666666666666667
1159,candidate_1,candidate_3,candidate_2,3,0.04666666666666667
1160,candidate_1,candidate_3,candidate_2,3,0.04666666666666667
1161,candidate_1,candidate_3,candidate_2,3,0.04666666666666667
1162,candidate_1,candidate_3,candidate_2,3,0.04666666666666667
1163,candidate_1,candidate_3,candidate_2,3,0.04666666666666667
1164,candidate_1,candidate_3,candidate_2,3,0.04666666666666667
1165,candidate_1,0,candidate_2,3,0.04666666666666667
1166,candidate_1,candidate_3,candidate_2,3,0.04666666666666667
1167,candidate_1,candidate_3,candidate_2,3,0.04666666666666667
1168,candidate_1,candidate_3,candidate_2,3,0.04666666666666667
1169,candidate_1,candidate_3,candidate_2,3,0.04666666666666667
1170,candidate_1,candidate_3,candidate_2,3,0.04666666666666667
1171,candidate_1,candidate_3,candidate_2,3,0.04666666666666667
1172,candidate_1,candidate_3,candidate_2,3,0.04666666666666667
1173,candidate_1,0,candidate_2,3,0.04666666666666667
1174,candidate_1,candidate_3,candidate_2,3,0.04666666666666667
1175,candidate_1,candidate_3,candidate_2,3,0.04666666666666667
1176,candidate_1,candidate_3,candidate_2,3,0.04666666666666667
1177,candidate_1,candidate_3,candidate_2,3,0.04666666666666667
1178,candidate_1,0,candidate_2,3,0.04666666666666667
1179,candidate_1,candidate_3,candidate_2,3,0.04666666666666667
1180,candidate_1,candidate_3,candidate_2,3,0.04666666666666667
1181,candidate_1,candidate_3,candidate_2,3,0.04666666666666667
1182,candidate_1,candidate_3,candidate_2,3,0.04666666666666667
1183,candidate_1,candidate_3,candidate_2,3,0.04666666666666667
1184,candidate_1,candidate_3,candidate_2,3,0.04666666666666667
1185,candidate_1,candidate_3,candidate_2,3,0.04666666666666667
1186,candidate_1,candidate_3,candidate_2,3,0.04666666666666667
1187,candidate_1,candidate_3,candidate_2,3,0.04666666666666667
1188,candidate_1,candidate_3,candidate_2,3,0.04666666666666667
1189,0,candidate_3,candidate_2,3,0.04666666666666667
1190,candidate_1,candidate_3,candidate_2,3,0.04666666666666667
1191,candidate_1,candidate_3,candidate_2,3,0.04666666666666667
1192,candidate_1,candidate_3,candidate_2,3,0.04666666666666667
1193,candidate_1,0,candidate_2,3,0.04666666666666667
1194,candidate_1,candidate_3,candidate_2,3,0.04666666666666667
1195,candidate_1,candidate_3,candidate_2,3,0.04666666666666667
1196,candidate_1,candidate_3,candidate_2,3,0.04666666666666667
1197,candidate_1,candidate_3,candidate_2,3,0.04666666666666667
1198,candidate_1,candidate_3,candidate_2,3,0.04666666666666667
1199,candidate_1,candidate_3,candidate_2,3,0.04666666666666667
1200,candidate_1,candidate_3,0,3,0.04666666666666667
1201,candidate_1,candidate_3,candidate_2,3,0.04666666666666667
1202,candidate_1,candidate_3,candidate_2,3,0.04666666666666667
1203,candidate_1,candidate_3,candidate_2,3,0.04666666666666667
1204,candidate_1,candidate_3,candidate_2,3,0.04666666666666667
1205,candidate_1,candidate_3,candidate_2,3,0.04666666666666667
1206,candidate_1,candidate_3,candidate_2,3,0.04666666666666667
1207,candidate_1,candidate_3,candidate_2,3,0.04666666666666667
1208,candidate_1,candidate_3,candidate_2,3,0.04666666666666667
1209,candidate_1,candidate_3,candidate_2,3,0.04666666666666667
1210,candidate_1,candidate_3,candidate_2,3,0.04666666666666667
1211,candidate_1,candidate_3,candidate_2,3,0.04666666666666667
1212,candidate_1,candidate_3,candidate_2,3,0.04666666666666667
1213,candidate_1,candidate_3,candidate_2,3,0.04666666666666667
1214,0,candidate_3,candidate_2,3,0.04666666666666667
1215,candidate_1,candidate_3,candidate_2,3,0.04666666666666667
1216,candidate_1,candidate_3,candidate_2,3,0.04666666666666667
1217,candidate_1,0,candidate_2,3,0.04666666666666667
1218,candidate_1,candidate_3,0,3,0.04666666666666667
1219,candidate_1,candidate_3,candidate_2,3,0.04666666666666667
1220,candidate_1,candidate_3,0,3,0.04666666666666667
1221,0,candidate_3,candidate_2,3,0.04666666666666667
1222,candidate_1,candidate_3,candidate_2,3,0.04666666666666667
1223,candidate_1,candidate_3,candidate_2,3,0.04666666666666667
1224,candidate_1,candidate_3,candidate_2,3,0.04666666666666667
1225,candidate_1,candidate_3,candidate_2,3,0.04666666666666667
1226,candidate_1,candidate_3,candidate_2,3,0.04666666666666667
1227,candidate_1,candidate_3,candidate_2,3,0.04666666666666667
1228,0,candidate_3,candidate_2,3,0.04666666666666667
1229,candidate_1,candidate_3,candidate_2,3,0.04666666666666667
1230,0,candidate_3,candidate_2,3,0.04666666666666667
1231,candidate_1,candidate_3,candidate_2,3,0.04666666666666667
1232,candidate_1,candidate_3,candidate_2,3,0.04666666666666667
1233,candidate_1,candidate_3,candidate_2,3,0.04666666666666667
1234,candidate_1,candidate_3,candidate_2,3,0.04666666666666667
1235,candidate_1,candidate_3,candidate_2,3,0.04666666666666667
1236,candidate_1,candidate_3,candidate_2,3,0.04666666666666667
1237,candidate_1,candidate_3,candidate_2,3,0.04666666666666667
1238,candidate_1,candidate_3,candidate_2,3,0.04666666666666667
1239,candidate_1,candidate_3,candidate_2,3,0.04666666666666667
1240,candidate_1,candidate_3,candidate_2,3,0.04666666666666667
1241,candidate_1,candidate_3,candidate_2,3,0.04666666666666667
1242,candidate_1,candidate_3,candidate_2,3,0.04666666666666667
1243,candidate_1,candidate_3,candidate_2,3,0.04666666666666667
1244,candidate_1,candidate_3,candidate_2,3,0.04666666666666667
1245,candidate_1,candidate_3,candidate_2,3,0.04666666666666667
1246,candidate_1,candidate_3,candidate_2,3,0.04666666666666667
1247,candidate_1,candidate_3,candidate_2,3,0.04666666666666667
1248,candidate_1,candidate_3,candidate_2,3,0.04666666666666667
1249,candidate_1,candidate_3,candidate_2,3,0.04666666666666667
1250,candidate_1,candidate_3,candidate_2,3,0.04666666666666667
1251,candidate_1,candidate_3,candidate_2,3,0.04666666666666667
1252,candidate_1,candidate_3,candidate_2,3,0.04666666666666667
1253,candidate_1,candidate_3,candidate_2,3,0.04666666666666667
1254,0,0,candidate_2,3,0.04666666666666667
1255,candidate_1,candidate_3,candidate_2,3,0.04666666666666667
1256,candidate_1,candidate_3,candidate_2,3,0.04666666666666667
1257,candidate_1,candidate_3,candidate_2,3,0.04666666666666667
1258,candidate_1,0,candidate_2,3,0.04666666666666667
1259,candidate_1,candidate_3,candidate_2,3,0.04666666666666667
1260,candidate_1,candidate_3,candidate_2,3,0.04666666666666667
1261,candidate_1,candidate_3,candidate_2,3,0.04666666666666667
1262,candidate_1,candidate_3,candidate_2,3,0.04666666666666667
1263,candidate_1,candidate_3,candidate_2,3,0.04666666666666667
1264,candidate_1,candidate_3,candidate_2,3,0.04666666666666667
1265,candidate_1,candidate_3,candidate_2,3,0.04666666666666667
1266,candidate_1,candidate_3,candidate_2,3,0.04666666666666667
1267,candidate_1,candidate_3,candidate_2,3,0.04666666666666667
1268,candidate_1,candidate_3,0,3,0.04666666666666667
1269,candidate_1,candidate_3,candidate_2,3,0.04666666666666667
1270,candidate_1,candidate_3,candidate_2,3,0.04666666666666667
1271,candidate_1,candidate_3,candidate_2,3,0.04666666666666667
1272,candidate_1,candidate_3,candidate_2,3,0.04666666666666667
1273,candidate_1,candidate_3,candidate_2,3,0.04666666666666667
1274,candidate_1,candidate_3,0,3,0.04666666666666667
1275,candidate_1,candidate_3,candidate_2,3,0.04666666666666667
1276,candidate_1,candidate_3,0,3,0.04666666666666667
1277,candidate_1,candidate_3,candidate_2,3,0.04666666666666667
1278,candidate_1,candidate_3,candidate_2,3,0.04666666666666667
1279,candidate_1,candidate_3,candidate_2,3,0.04666666666666667
1280,candidate_1,candidate_3,candidate_2,3,0.04666666666666667
1281,candidate_1,candidate_3,candidate_2,3,0.04666666666666667
1282,candidate_1,candidate_3,candidate_2,3,0.04666666666666667
1283,candidate_1,candidate_3,candidate_2,3,0.04666666666666667
1284,0,candidate_3,candidate_2,3,0.04666666666666667
1285,candidate_1,candidate_3,candidate_2,3,0.04666666666666667
1286,0,0,candidate_2,3,0.04666666666666667
1287,candidate_1,candidate_3,candidate_2,3,0.04666666666666667
1288,candidate_1,candidate_3,candidate_2,3,0.04666666666666667
1289,candidate_1,candidate_3,candidate_2,3,0.04666666666666667
1290,candidate_1,candidate_3,candidate_2,3,0.04666666666666667
1291,candidate_1,candidate_3,candidate_2,3,0.04666666666666667
1292,candidate_1,candidate_3,candidate_2,3,0.04666666666666667
1293,candidate_1,candidate_3,candidate_2,3,0.04666666666666667
1294,candidate_1,candidate_3,candidate_2,3,0.04666666666666667
1295,0,candidate_3,candidate_2,3,0.04666666666666667
1296,candidate_1,candidate_3,candidate_2,3,0.04666666666666667
1297,candidate_1,candidate_3,candidate_2,3,0.04666666666666667
1298,candidate_1,candidate_3,candidate_2,3,0.04666666666666667
1299,candidate_1,candidate_3,candidate_2,3,0.04666666666666667
1300,candidate_1,candidate_3,candidate_2,3,0.04666666666666667
1301,candidate_1,candidate_3,candidate_2,3,0.04666666666666667
1302,candidate_1,candidate_3,candidate_2,3,0.04666666666666667
1303,candidate_1,candidate_3,candidate_2,3,0.04666666666666667
1304,candidate_1,candidate_3,candidate_2,3,0.04666666666666667
1305,candidate_1,0,candidate_2,3,0.04666666666666667
1306,candidate_1,candidate_3,candidate_2,3,0.04666666666666667
1307,candidate_1,candidate_3,candidate_2,3,0.04666666666666667
1308,0,candidate_3,candidate_2,3,0.04666666666666667
1309,candidate_1,candidate_3,candidate_2,3,0.04666666666666667
1310,candidate_1,candidate_3,candidate_2,3,0.04666666666666667
1311,candidate_1,candidate_3,candidate_2,3,0.04666666666666667
1312,candidate_1,candidate_3,candidate_2,3,0.04666666666666667
1313,candidate_1,candidate_3,candidate_2,3,0.04666666666666667
1314,candidate_1,candidate_3,candidate_2,3,0.04666666666666667
1315,candidate_1,candidate_3,candidate_2,3,0.04666666666666667
1316,candidate_1,candidate_3,candidate_2,3,0.04666666666666667
1317,candidate_1,candidate_3,candidate_2,3,0.04666666666666667
1318,candidate_1,candidate_3,candidate_2,3,0.04666666666666667
1319,candidate_1,candidate_3,candidate_2,3,0.04666666666666667
1320,candidate_1,candidate_3,candidate_2,3,0.04666666666666667
1321,candidate_1,candidate_3,candidate_2,3,0.04666666666666667
1322,candidate_1,candidate_3,candidate_2,3,0.04666666666666667
1323,candidate_1,candidate_3,candidate_2,3,0.04666666666666667
1324,0,candidate_3,candidate_2,3,0.04666666666666667
1325,candidate_1,candidate_3,candidate_2,3,0.04666666666666667
1326,candidate_1,candidate_3,candidate_2,3,0.04666666666666667
1327,candidate_1,candidate_3,candidate_2,3,0.04666666666666667
1328,candidate_1,candidate_3,candidate_2,3,0.04666666666666667
1329,candidate_1,candidate_3,candidate_2,3,0.04666666666666667
1330,candidate_1,candidate_3,candidate_2,3,0.04666666666666667
1331,0,candidate_3,candidate_2,3,0.04666666666666667
1332,candidate_1,candidate_3,candidate_2,3,0.04666666666666667
1333,candidate_1,candidate_3,candidate_2,3,0.04666666666666667
1334,candidate_1,candidate_3,candidate_2,3,0.04666666666666667
1335,candidate_1,candidate_3,candidate_2,3,0.04666666666666667
1336,candidate_1,candidate_3,candidate_2,3,0.04666666666666667
1337,candidate_1,0,candidate_2,3,0.04666666666666667
1338,candidate_1,candidate_3,candidate_2,3,0.04666666666666667
1339,candidate_1,candidate_3,candidate_2,3,0.04666666666666667
1340,candidate_1,candidate_3,candidate_2,3,0.04666666666666667
1341,candidate_1,candidate_3,candidate_2,3,0.04666666666666667
1342,0,candidate_3,candidate_2,3,0.04666666666666667
1343,candidate_1,candidate_3,candidate_2,3,0.04666666666666667
1344,candidate_1,candidate_3,candidate_2,3,0.04666666666666667
1345,candidate_1,candidate_3,candidate_2,3,0.04666666666666667
1346,candidate_1,candidate_3,candidate_2,3,0.04666666666666667
1347,candidate_1,candidate_3,candidate_2,3,0.04666666666666667
1348,candidate_1,candidate_3,candidate_2,3,0.04666666666666667
1349,candidate_1,candidate_3,candidate_2,3,0.04666666666666667
1350,candidate_1,candidate_3,candidate_2,3,0.04666666666666667
1351,candidate_1,candidate_3,candidate_2,3,0.04666666666666667
1352,candidate_1,candidate_3,candidate_2,3,0.04666666666666667
1353,candidate_1,candidate_3,candidate_2,3,0.04666666666666667
1354,candidate_1,candidate_3,candidate_2,3,0.04666666666666667
1355,candidate_1,candidate_3,candidate_2,3,0.04666666666666667
1356,candidate_1,candidate_3,candidate_2,3,0.04666666666666667
1357,candidate_1,candidate_3,candidate_2,3,0.04666666666666667
1358,candidate_1,candidate_3,candidate_2,3,0.04666666666666667
1359,candidate_1,candidate_3,candidate_2,3,0.04666666666666667
1360,candidate_1,candidate_3,candidate_2,3,0.04666666666666667
1361,candidate_1,candidate_3,candidate_2,3,0.04666666666666667
1362,candidate_1,candidate_3,candidate_2,3,0.04666666666666667
1363,candidate_1,candidate_3,candidate_2,3,0.04666666666666667
1364,candidate_1,candidate_3,candidate_2,3,0.04666666666666667
1365,candidate_1,candidate_3,candidate_2,3,0.04666666666666667
1366,candidate_1,candidate_3,candidate_2,3,0.04666666666666667
1367,0,candidate_3,candidate_2,3,0.04666666666666667
1368,candidate_1,candidate_3,candidate_2,3,0.04666666666666667
1369,candidate_1,candidate_3,candidate_2,3,0.04666666666666667
1370,candidate_1,candidate_3,candidate_2,3,0.04666666666666667
1371,candidate_1,candidate_3,candidate_2,3,0.04666666666666667
1372,candidate_1,candidate_3,candidate_2,3,0.04666666666666667
1373,candidate_1,candidate_3,candidate_2,3,0.04666666666666667
1374,candidate_1,candidate_3,candidate_2,3,0.04666666666666667
1375,candidate_1,candidate_3,candidate_2,3,0.04666666666666667
1376,candidate_1,0,candidate_2,3,0.04666666666666667
1377,candidate_1,candidate_3,candidate_2,3,0.04666666666666667
1378,candidate_1,candidate_3,candidate_2,3,0.04666666666666667
1379,candidate_1,candidate_3,candidate_2,3,0.04666666666666667
1380,candidate_1,candidate_3,candidate_2,3,0.04666666666666667
1381,candidate_1,candidate_3,candidate_2,3,0.04666666666666667
1382,candidate_1,candidate_3,candidate_2,3,0.04666666666666667
1383,candidate_1,0,candidate_2,3,0.04666666666666667
1384,candidate_1,candidate_3,candidate_2,3,0.04666666666666667
1385,candidate_1,candidate_3,candidate_2,3,0.04666666666666667
1386,0,candidate_3,candidate_2,3,0.04666666666666667
1387,candidate_1,candidate_3,candidate_2,3,0.04666666666666667
1388,candidate_1,candidate_3,candidate_2,3,0.04666666666666667
1389,candidate_1,candidate_3,candidate_2,3,0.04666666666666667
1390,candidate_1,candidate_3,candidate_2,3,0.04666666666666667
1391,candidate_1,candidate_3,candidate_2,3,0.04666666666666667
1392,candidate_1,candidate_3,candidate_2,3,0.04666666666666667
1393,candidate_1,candidate_3,candidate_2,3,0.04666666666666667
1394,candidate_1,candidate_3,candidate_2,3,0.04666666666666667
1395,candidate_1,candidate_3,candidate_2,3,0.04666666666666667
1396,candidate_1,candidate_3,candidate_2,3,0.04666666666666667
1397,candidate_1,candidate_3,candidate_2,3,0.04666666666666667
1398,candidate_1,candidate_3,candidate_2,3,0.04666666666666667
1399,candidate_1,candidate_3,candidate_2,3,0.04666666666666667
1400,candidate_1,candidate_3,candidate_2,3,0.04666666666666667
1401,candidate_1,candidate_3,candidate_2,3,0.04666666666666667
1402,candidate_1,candidate_3,candidate_2,3,0.04666666666666667
1403,candidate_1,candidate_3,0,3,0.04666666666666667
1404,candidate_1,candidate_3,candidate_2,3,0.04666666666666667
1405,candidate_1,candidate_3,candidate_2,3,0.04666666666666667
1406,candidate_1,candidate_3,candidate_2,3,0.04666666666666667
1407,candidate_1,candidate_3,candidate_2,3,0.04666666666666667
1408,candidate_1,candidate_3,candidate_2,3,0.04666666666666667
1409,candidate_1,candidate_3,candidate_2,3,0.04666666666666667
1410,candidate_1,candidate_3,candidate_2,3,0.04666666666666667
1411,candidate_1,candidate_3,candidate_2,3,0.04666666666666667
1412,candidate_1,candidate_3,candidate_2,3,0.04666666666666667
1413,candidate_1,candidate_3,candidate_2,3,0.04666666666666667
1414,candidate_1,candidate_3,candidate_2,3,0.04666666666666667
1415,candidate_1,candidate_3,candidate_2,3,0.04666666666666667
1416,candidate_1,candidate_3,candidate_2,3,0.04666666666666667
1417,candidate_1,candidate_3,candidate_2,3,0.04666666666666667
1418,candidate_1,candidate_3,candidate_2,3,0.04666666666666667
1419,candidate_1,candidate_3,candidate_2,3,0.04666666666666667
1420,candidate_1,candidate_3,candidate_2,3,0.04666666666666667
1421,candidate_1,candidate_3,candidate_2,3,0.04666666666666667
1422,candidate_1,0,candidate_2,3,0.04666666666666667
1423,candidate_1,candidate_3,candidate_2,3,0.04666666666666667
1424,candidate_1,candidate_3,candidate_2,3,0.04666666666666667
1425,candidate_1,candidate_3,candidate_2,3,0.04666666666666667
1426,candidate_1,candidate_3,candidate_2,3,0.04666666666666667
1427,candidate_1,candidate_3,candidate_2,3,0.04666666666666667
1428,candidate_1,candidate_3,candidate_2,3,0.04666666666666667
1429,candidate_1,candidate_3,candidate_2,3,0.04666666666666667
1430,candidate_1,candidate_3,candidate_2,3,0.04666666666666667
1431,0,candidate_3,candidate_2,3,0.04666666666666667
1432,candidate_1,candidate_3,candidate_2,3,0.04666666666666667
1433,candidate_1,candidate_3,candidate_2,3,0.04666666666666667
1434,candidate_1,candidate_3,candidate_2,3,0.04666666666666667
1435,candidate_1,candidate_3,candidate_2,3,0.04666666666666667
1436,candidate_1,candidate_3,candidate_2,3,0.04666666666666667
1437,candidate_1,candidate_3,candidate_2,3,0.04666666666666667
1438,candidate_1,candidate_3,candidate_2,3,0.04666666666666667
1439,candidate_1,candidate_3,candidate_2,3,0.04666666666666667
1440,candidate_1,candidate_3,candidate_2,3,0.04666666666666667
1441,candidate_1,candidate_3,candidate_2,3,0.04666666666666667
1442,candidate_1,candidate_3,candidate_2,3,0.04666666666666667
1443,candidate_1,candidate_3,candidate_2,3,0.04666666666666667
1444,candidate_1,candidate_3,candidate_2,3,0.04666666666666667
1445,candidate_1,candidate_3,candidate_2,3,0.04666666666666667
1446,candidate_1,candidate_3,candidate_2,3,0.04666666666666667
1447,candidate_1,candidate_3,candidate_2,3,0.04666666666666667
1448,candidate_1,candidate_3,candidate_2,3,0.04666666666666667
1449,candidate_1,candidate_3,candidate_2,3,0.04666666666666667
1450,candidate_1,candidate_3,candidate_2,3,0.04666666666666667
1451,candidate_1,candidate_3,candidate_2,3,0.04666666666666667
1452,candidate_1,candidate_3,candidate_2,3,0.04666666666666667
1453,candidate_1,candidate_3,candidate_2,3,0.04666666666666667
1454,candidate_1,candidate_3,candidate_2,3,0.04666666666666667
1455,candidate_1,candidate_3,candidate_2,3,0.04666666666666667
1456,candidate_1,candidate_3,candidate_2,3,0.04666666666666667
1457,candidate_1,candidate_3,candidate_2,3,0.04666666666666667
1458,candidate_1,candidate_3,candidate_2,3,0.04666666666666667
1459,candidate_1,candidate_3,candidate_2,3,0.04666666666666667
1460,candidate_1,candidate_3,candidate_2,3,0.04666666666666667
1461,candidate_1,candidate_3,0,3,0.04666666666666667
1462,candidate_1,candidate_3,candidate_2,3,0.04666666666666667
1463,candidate_1,candidate_3,0,3,0.04666666666666667
1464,candidate_1,candidate_3,candidate_2,3,0.04666666666666667
1465,candidate_1,candidate_3,candidate_2,3,0.04666666666666667
1466,candidate_1,candidate_3,0,3,0.04666666666666667
1467,candidate_1,candidate_3,candidate_2,3,0.04666666666666667
1468,0,candidate_3,candidate_2,3,0.04666666666666667
1469,candidate_1,candidate_3,candidate_2,3,0.04666666666666667
1470,candidate_1,candidate_3,candidate_2,3,0.04666666666666667
1471,candidate_1,0,candidate_2,3,0.04666666666666667
1472,candidate_1,candidate_3,0,3,0.04666666666666667
1473,candidate_1,candidate_3,candidate_2,3,0.04666666666666667
1474,candidate_1,candidate_3,candidate_2,3,0.04666666666666667
1475,candidate_1,candidate_3,candidate_2,3,0.04666666666666667
1476,candidate_1,candidate_3,candidate_2,3,0.04666666666666667
1477,candidate_1,candidate_3,candidate_2,3,0.04666666666666667
1478,candidate_1,candidate_3,candidate_2,3,0.04666666666666667
1479,candidate_1,candidate_3,candidate_2,3,0.04666666666666667
1480,candidate_1,candidate_3,candidate_2,3,0.04666666666666667
1481,candidate_1,candidate_3,candidate_2,3,0.04666666666666667
1482,candidate_1,candidate_3,candidate_2,3,0.04666666666666667
1483,candidate_1,candidate_3,candidate_2,3,0.04666666666666667
1484,candidate_1,candidate_3,candidate_2,3,0.04666666666666667
1485,candidate_1,0,candidate_2,3,0.04666666666666667
1486,candidate_1,candidate_3,candidate_2,3,0.04666666666666667
1487,candidate_1,candidate_3,candidate_2,3,0.04666666666666667
1488,candidate_1,candidate_3,candidate_2,3,0.04666666666666667
1489,candidate_1,candidate_3,candidate_2,3,0.04666666666666667
1490,candidate_1,candidate_3,candidate_2,3,0.04666666666666667
1491,candidate_1,candidate_3,candidate_2,3,0.04666666666666667
1492,candidate_1,candidate_3,candidate_2,3,0.04666666666666667
1493,candidate_1,candidate_3,candidate_2,3,0.04666666666666667
1494,candidate_1,candidate_3,candidate_2,3,0.04666666666666667
1495,candidate_1,candidate_3,candidate_2,3,0.04666666666666667
1496,candidate_1,candidate_3,candidate_2,3,0.04666666666666667
1497,candidate_1,candidate_3,candidate_2,3,0.04666666666666667
1498,candidate_1,candidate_3,candidate_2,3,0.04666666666666667
1499,candidate_1,candidate_3,candidate_2,3,0.04666666666666667
1500,candidate_1,candidate_3,candidate_2,3,0.04666666666666667
1501,candidate_1,candidate_3,candidate_2,3,0.04666666666666667
1502,candidate_1,candidate_3,candidate_2,3,0.04666666666666667
1503,candidate_1,candidate_3,candidate_2,3,0.04666666666666667
1504,candidate_1,candidate_3,candidate_2,3,0.04666666666666667
1505,candidate_1,candidate_3,candidate_2,3,0.04666666666666667
1506,candidate_1,candidate_3,0,3,0.04666666666666667
1507,candidate_1,candidate_3,candidate_2,3,0.04666666666666667
1508,candidate_1,candidate_3,candidate_2,3,0.04666666666666667
1509,0,candidate_3,candidate_2,3,0.04666666666666667
1510,candidate_1,candidate_3,0,3,0.04666666666666667
1511,candidate_1,candidate_3,candidate_2,3,0.04666666666666667
1512,candidate_1,candidate_3,candidate_2,3,0.04666666666666667
1513,candidate_1,candidate_3,candidate_2,3,0.04666666666666667
1514,candidate_1,candidate_3,candidate_2,3,0.04666666666666667
1515,candidate_1,candidate_3,candidate_2,3,0.04666666666666667
1516,candidate_1,candidate_3,candidate_2,3,0.04666666666666667
1517,candidate_1,candidate_3,candidate_2,3,0.04666666666666667
1518,candidate_1,candidate_3,candidate_2,3,0.04666666666666667
1519,candidate_1,candidate_3,0,3,0.04666666666666667
1520,candidate_1,candidate_3,candidate_2,3,0.04666666666666667
1521,candidate_1,candidate_3,candidate_2,3,0.04666666666666667
1522,candidate_1,candidate_3,candidate_2,3,0.04666666666666667
1523,candidate_1,candidate_3,candidate_2,3,0.04666666666666667
1524,candidate_1,candidate_3,candidate_2,3,0.04666666666666667
1525,candidate_1,candidate_3,0,3,0.04666666666666667
1526,candidate_1,candidate_3,candidate_2,3,0.04666666666666667
1527,candidate_1,candidate_3,candidate_2,3,0.04666666666666667
1528,candidate_1,candidate_3,candidate_2,3,0.04666666666666667
1529,candidate_1,candidate_3,candidate_2,3,0.04666666666666667
1530,candidate_1,candidate_3,candidate_2,3,0.04666666666666667
1531,candidate_1,candidate_3,0,3,0.04666666666666667
1532,candidate_1,candidate_3,candidate_2,3,0.04666666666666667
1533,candidate_1,candidate_3,candidate_2,3,0.04666666666666667
1534,candidate_1,candidate_3,candidate_2,3,0.04666666666666667
1535,candidate_1,0,candidate_2,3,0.04666666666666667
1536,candidate_1,0,candidate_2,3,0.04666666666666667
1537,candidate_1,candidate_3,candidate_2,3,0.04666666666666667
1538,candidate_1,candidate_3,candidate_2,3,0.04666666666666667
1539,candidate_1,candidate_3,candidate_2,3,0.04666666666666667
1540,candidate_1,candidate_3,candidate_2,3,0.04666666666666667
1541,candidate_1,candidate_3,candidate_2,3,0.04666666666666667
1542,candidate_1,candidate_3,candidate_2,3,0.04666666666666667
1543,candidate_1,candidate_3,candidate_2,3,0.04666666666666667
1544,candidate_1,candidate_3,candidate_2,3,0.04666666666666667
1545,candidate_1,candidate_3,candidate_2,3,0.04666666666666667
1546,candidate_1,candidate_3,candidate_2,3,0.04666666666666667
1547,candidate_1,candidate_3,candidate_2,3,0.04666666666666667
1548,candidate_1,candidate_3,candidate_2,3,0.04666666666666667
1549,candidate_1,candidate_3,candidate_2,3,0.04666666666666667
1550,candidate_1,candidate_3,candidate_2,3,0.04666666666666667
1551,candidate_1,candidate_3,candidate_2,3,0.04666666666666667
1552,candidate_1,candidate_3,candidate_2,3,0.04666666666666667
1553,candidate_1,candidate_3,candidate_2,3,0.04666666666666667
1554,candidate_1,0,candidate_2,3,0.04666666666666667
1555,candidate_1,candidate_3,candidate_2,3,0.04666666666666667
1556,candidate_1,candidate_3,candidate_2,3,0.04666666666666667
1557,candidate_1,candidate_3,candidate_2,3,0.04666666666666667
1558,candidate_1,candidate_3,candidate_2,3,0.04666666666666667
1559,candidate_1,candidate_3,candidate_2,3,0.04666666666666667
1560,candidate_1,candidate_3,candidate_2,3,0.04666666666666667
1561,candidate_1,candidate_3,candidate_2,3,0.04666666666666667
1562,candidate_1,candidate_3,candidate_2,3,0.04666666666666667
1563,candidate_1,candidate_3,candidate_2,3,0.04666666666666667
1564,candidate_1,candidate_3,candidate_2,3,0.04666666666666667
1565,candidate_1,candidate_3,candidate_2,3,0.04666666666666667
1566,candidate_1,candidate_3,candidate_2,3,0.04666666666666667
1567,candidate_1,candidate_3,candidate_2,3,0.04666666666666667
1568,candidate_1,candidate_3,candidate_2,3,0.04666666666666667
1569,candidate_1,candidate_3,candidate_2,3,0.04666666666666667
1570,candidate_1,candidate_3,candidate_2,3,0.04666666666666667
1571,candidate_1,candidate_3,candidate_2,3,0.04666666666666667
1572,candidate_1,candidate_3,candidate_2,3,0.04666666666666667
1573,candidate_1,candidate_3,candidate_2,3,0.04666666666666667
1574,candidate_1,candidate_3,candidate_2,3,0.04666666666666667
1575,candidate_1,candidate_3,candidate_2,3,0.04666666666666667
1576,candidate_1,candidate_3,candidate_2,3,0.04666666666666667
1577,candidate_1,candidate_3,candidate_2,3,0.04666666666666667
1578,candidate_1,candidate_3,candidate_2,3,0.04666666666666667
1579,candidate_1,candidate_3,candidate_2,3,0.04666666666666667
1580,candidate_1,candidate_3,candidate_2,3,0.04666666666666667
1581,candidate_1,candidate_3,candidate_2,3,0.04666666666666667
1582,candidate_1,candidate_3,candidate_2,3,0.04666666666666667
1583,candidate_1,candidate_3,candidate_2,3,0.04666666666666667
1584,candidate_1,candidate_3,candidate_2,3,0.04666666666666667
1585,0,candidate_3,candidate_2,3,0.04666666666666667
1586,candidate_1,candidate_3,candidate_2,3,0.04666666666666667
1587,candidate_1,candidate_3,candidate_2,3,0.04666666666666667
1588,candidate_1,candidate_3,candidate_2,3,0.04666666666666667
1589,candidate_1,candidate_3,0,3,0.04666666666666667
1590,candidate_1,candidate_3,candidate_2,3,0.04666666666666667
1591,candidate_1,candidate_3,candidate_2,3,0.04666666666666667
1592,candidate_1,candidate_3,candidate_2,3,0.04666666666666667
1593,candidate_1,candidate_3,candidate_2,3,0.04666666666666667
1594,candidate_1,candidate_3,candidate_2,3,0.04666666666666667
1595,candidate_1,candidate_3,0,3,0.04666666666666667
1596,candidate_1,candidate_3,candidate_2,3,0.04666666666666667
1597,candidate_1,candidate_3,candidate_2,3,0.04666666666666667
1598,candidate_1,candidate_3,candidate_2,3,0.04666666666666667
1599,candidate_1,candidate_3,candidate_2,3,0.04666666666666667
1600,candidate_1,candidate_3,candidate_2,3,0.04666666666666667
1601,0,candidate_3,0,3,0.04666666666666667
1602,candidate_1,candidate_3,candidate_2,3,0.04666666666666667
1603,candidate_1,candidate_3,candidate_2,3,0.04666666666666667
1604,candidate_1,candidate_3,candidate_2,3,0.04666666666666667
1605,candidate_1,candidate_3,candidate_2,3,0.04666666666666667
1606,candidate_1,candidate_3,candidate_2,3,0.04666666666666667
1607,candidate_1,candidate_3,candidate_2,3,0.04666666666666667
1608,candidate_1,candidate_3,candidate_2,3,0.04666666666666667
1609,candidate_1,candidate_3,candidate_2,3,0.04666666666666667
1610,candidate_1,candidate_3,candidate_2,3,0.04666666666666667
1611,candidate_1,candidate_3,candidate_2,3,0.04666666666666667
1612,candidate_1,candidate_3,candidate_2,3,0.04666666666666667
1613,candidate_1,candidate_3,candidate_2,3,0.04666666666666667
1614,candidate_1,candidate_3,candidate_2,3,0.04666666666666667
1615,candidate_1,candidate_3,candidate_2,3,0.04666666666666667
1616,candidate_1,candidate_3,candidate_2,3,0.04666666666666667
1617,candidate_1,candidate_3,candidate_2,3,0.04666666666666667
1618,candidate_1,candidate_3,candidate_2,3,0.04666666666666667
1619,candidate_1,candidate_3,candidate_2,3,0.04666666666666667
1620,candidate_1,candidate_3,candidate_2,3,0.04666666666666667
1621,candidate_1,candidate_3,candidate_2,3,0.04666666666666667
1622,0,candidate_3,candidate_2,3,0.04666666666666667
1623,candidate_1,candidate_3,candidate_2,3,0.04666666666666667
1624,candidate_1,candidate_3,candidate_2,3,0.04666666666666667
1625,candidate_1,candidate_3,candidate_2,3,0.04666666666666667
1626,candidate_1,0,candidate_2,3,0.04666666666666667
1627,candidate_1,candidate_3,0,3,0.04666666666666667
1628,candidate_1,candidate_3,candidate_2,3,0.04666666666666667
1629,candidate_1,candidate_3,candidate_2,3,0.04666666666666667
1630,candidate_1,candidate_3,candidate_2,3,0.04666666666666667
1631,candidate_1,candidate_3,candidate_2,3,0.04666666666666667
1632,candidate_1,candidate_3,candidate_2,3,0.04666666666666667
1633,candidate_1,candidate_3,candidate_2,3,0.04666666666666667
1634,candidate_1,candidate_3,candidate_2,3,0.04666666666666667
1635,candidate_1,candidate_3,candidate_2,3,0.04666666666666667
1636,0,candidate_3,candidate_2,3,0.04666666666666667
1637,candidate_1,candidate_3,candidate_2,3,0.04666666666666667
1638,candidate_1,candidate_3,candidate_2,3,0.04666666666666667
1639,0,candidate_3,candidate_2,3,0.04666666666666667
1640,candidate_1,candidate_3,candidate_2,3,0.04666666666666667
1641,candidate_1,candidate_3,candidate_2,3,0.04666666666666667
1642,candidate_1,candidate_3,candidate_2,3,0.04666666666666667
1643,candidate_1,candidate_3,candidate_2,3,0.04666666666666667
1644,candidate_1,candidate_3,candidate_2,3,0.04666666666666667
1645,candidate_1,candidate_3,candidate_2,3,0.04666666666666667
1646,candidate_1,candidate_3,candidate_2,3,0.04666666666666667
1647,candidate_1,candidate_3,0,3,0.04666666666666667
1648,candidate_1,candidate_3,candidate_2,3,0.04666666666666667
1649,candidate_1,candidate_3,candidate_2,3,0.04666666666666667
1650,candidate_1,candidate_3,candidate_2,3,0.04666666666666667
1651,candidate_1,candidate_3,candidate_2,3,0.04666666666666667
1652,0,candidate_3,candidate_2,3,0.04666666666666667
1653,candidate_1,candidate_3,candidate_2,3,0.04666666666666667
1654,candidate_1,candidate_3,candidate_2,3,0.04666666666666667
1655,candidate_1,candidate_3,candidate_2,3,0.04666666666666667
1656,candidate_1,candidate_3,candidate_2,3,0.04666666666666667
1657,candidate_1,candidate_3,candidate_2,3,0.04666666666666667
1658,candidate_1,candidate_3,candidate_2,3,0.04666666666666667
1659,candidate_1,candidate_3,candidate_2,3,0.04666666666666667
1660,candidate_1,candidate_3,candidate_2,3,0.04666666666666667
1661,candidate_1,candidate_3,candidate_2,3,0.04666666666666667
1662,candidate_1,candidate_3,candidate_2,3,0.04666666666666667
1663,candidate_1,candidate_3,candidate_2,3,0.04666666666666667
1664,candidate_1,candidate_3,candidate_2,3,0.04666666666666667
1665,candidate_1,candidate_3,candidate_2,3,0.04666666666666667
1666,candidate_1,candidate_3,candidate_2,3,0.04666666666666667
1667,candidate_1,candidate_3,candidate_2,3,0.04666666666666667
1668,candidate_1,candidate_3,candidate_2,3,0.04666666666666667
1669,candidate_1,candidate_3,candidate_2,3,0.04666666666666667
1670,candidate_1,candidate_3,candidate_2,3,0.04666666666666667
1671,candidate_1,candidate_3,candidate_2,3,0.04666666666666667
1672,candidate_1,candidate_3,candidate_2,3,0.04666666666666667
1673,candidate_1,candidate_3,candidate_2,3,0.04666666666666667
1674,candidate_1,candidate_3,candidate_2,3,0.04666666666666667
1675,candidate_1,candidate_3,candidate_2,3,0.04666666666666667
1676,candidate_1,candidate_3,candidate_2,3,0.04666666666666667
1677,candidate_1,candidate_3,candidate_2,3,0.04666666666666667
1678,candidate_1,candidate_3,candidate_2,3,0.04666666666666667
1679,candidate_1,candidate_3,0,3,0.04666666666666667
1680,candidate_1,candidate_3,candidate_2,3,0.04666666666666667
1681,candidate_1,candidate_3,candidate_2,3,0.04666666666666667
1682,candidate_1,candidate_3,candidate_2,3,0.04666666666666667
1683,candidate_1,candidate_3,candidate_2,3,0.04666666666666667
1684,candidate_1,candidate_3,candidate_2,3,0.04666666666666667
1685,candidate_1,candidate_3,candidate_2,3,0.04666666666666667
1686,candidate_1,candidate_3,candidate_2,3,0.04666666666666667
1687,candidate_1,candidate_3,candidate_2,3,0.04666666666666667
1688,0,candidate_3,0,3,0.04666666666666667
1689,candidate_1,candidate_3,candidate_2,3,0.04666666666666667
1690,candidate_1,candidate_3,candidate_2,3,0.04666666666666667
1691,candidate_1,candidate_3,candidate_2,3,0.04666666666666667
1692,candidate_1,candidate_3,candidate_2,3,0.04666666666666667
1693,candidate_1,candidate_3,candidate_2,3,0.04666666666666667
1694,candidate_1,candidate_3,candidate_2,3,0.04666666666666667
1695,candidate_1,candidate_3,candidate_2,3,0.04666666666666667
1696,candidate_1,candidate_3,candidate_2,3,0.04666666666666667
1697,candidate_1,0,candidate_2,3,0.04666666666666667
1698,candidate_1,candidate_3,candidate_2,3,0.04666666666666667
1699,candidate_1,candidate_3,candidate_2,3,0.04666666666666667
1700,0,candidate_3,candidate_2,3,0.04666666666666667
1701,candidate_1,candidate_3,candidate_2,3,0.04666666666666667
1702,candidate_1,candidate_3,candidate_2,3,0.04666666666666667
1703,candidate_1,candidate_3,candidate_2,3,0.04666666666666667
1704,candidate_1,candidate_3,candidate_2,3,0.04666666666666667
1705,candidate_1,candidate_3,candidate_2,3,0.04666666666666667
1706,candidate_1,candidate_3,candidate_2,3,0.04666666666666667
1707,candidate_1,candidate_3,candidate_2,3,0.04666666666666667
1708,candidate_1,candidate_3,candidate_2,3,0.04666666666666667
1709,candidate_1,candidate_3,candidate_2,3,0.04666666666666667
1710,candidate_1,candidate_3,candidate_2,3,0.04666666666666667
1711,candidate_1,candidate_3,candidate_2,3,0.04666666666666667
1712,candidate_1,candidate_3,candidate_2,3,0.04666666666666667
1713,candidate_1,candidate_3,candidate_2,3,0.04666666666666667
1714,candidate_1,candidate_3,candidate_2,3,0.04666666666666667
1715,0,candidate_3,candidate_2,3,0.04666666666666667
1716,candidate_1,candidate_3,candidate_2,3,0.04666666666666667
1717,candidate_1,candidate_3,candidate_2,3,0.04666666666666667
1718,candidate_1,candidate_3,candidate_2,3,0.04666666666666667
1719,candidate_1,candidate_3,candidate_2,3,0.04666666666666667
1720,candidate_1,candidate_3,candidate_2,3,0.04666666666666667
1721,candidate_1,candidate_3,candidate_2,3,0.04666666666666667
1722,candidate_1,candidate_3,candidate_2,3,0.04666666666666667
1723,candidate_1,candidate_3,candidate_2,3,0.04666666666666667
1724,candidate_1,candidate_3,candidate_2,3,0.04666666666666667
1725,candidate_1,candidate_3,candidate_2,3,0.04666666666666667
1726,candidate_1,candidate_3,candidate_2,3,0.04666666666666667
1727,candidate_1,candidate_3,candidate_2,3,0.04666666666666667
1728,candidate_1,0,candidate_2,3,0.04666666666666667
1729,0,candidate_3,candidate_2,3,0.04666666666666667
1730,candidate_1,0,candidate_2,3,0.04666666666666667
1731,candidate_1,0,candidate_2,3,0.04666666666666667
1732,candidate_1,candidate_3,candidate_2,3,0.04666666666666667
1733,candidate_1,candidate_3,candidate_2,3,0.04666666666666667
1734,candidate_1,candidate_3,candidate_2,3,0.04666666666666667
1735,candidate_1,candidate_3,candidate_2,3,0.04666666666666667
1736,candidate_1,candidate_3,candidate_2,3,0.04666666666666667
1737,candidate_1,candidate_3,candidate_2,3,0.04666666666666667
1738,candidate_1,candidate_3,candidate_2,3,0.04666666666666667
1739,candidate_1,candidate_3,candidate_2,3,0.04666666666666667
1740,candidate_1,candidate_3,candidate_2,3,0.04666666666666667
1741,candidate_1,candidate_3,candidate_2,3,0.04666666666666667
1742,candidate_1,candidate_3,candidate_2,3,0.04666666666666667
1743,candidate_1,candidate_3,candidate_2,3,0.04666666666666667
1744,candidate_1,candidate_3,candidate_2,3,0.04666666666666667
1745,candidate_1,candidate_3,candidate_2,3,0.04666666666666667
1746,candidate_1,candidate_3,candidate_2,3,0.04666666666666667
1747,candidate_1,candidate_3,candidate_2,3,0.04666666666666667
1748,candidate_1,candidate_3,0,3,0.04666666666666667
1749,candidate_1,candidate_3,candidate_2,3,0.04666666666666667
1750,candidate_1,candidate_3,candidate_2,3,0.04666666666666667
1751,candidate_1,candidate_3,candidate_2,3,0.04666666666666667
1752,candidate_1,candidate_3,candidate_2,3,0.04666666666666667
1753,candidate_1,candidate_3,candidate_2,3,0.04666666666666667
1754,candidate_1,candidate_3,candidate_2,3,0.04666666666666667
1755,candidate_1,candidate_3,candidate_2,3,0.04666666666666667
1756,candidate_1,candidate_3,candidate_2,3,0.04666666666666667
1757,candidate_1,candidate_3,0,3,0.04666666666666667
1758,candidate_1,candidate_3,candidate_2,3,0.04666666666666667
1759,candidate_1,candidate_3,candidate_2,3,0.04666666666666667
1760,candidate_1,candidate_3,candidate_2,3,0.04666666666666667
1761,candidate_1,candidate_3,candidate_2,3,0.04666666666666667
1762,candidate_1,candidate_3,candidate_2,3,0.04666666666666667
1763,candidate_1,candidate_3,candidate_2,3,0.04666666666666667
1764,candidate_1,candidate_3,candidate_2,3,0.04666666666666667
1765,candidate_1,candidate_3,candidate_2,3,0.04666666666666667
1766,candidate_1,candidate_3,candidate_2,3,0.04666666666666667
1767,candidate_1,candidate_3,0,3,0.04666666666666667
1768,candidate_1,candidate_3,candidate_2,3,0.04666666666666667
1769,0,candidate_3,candidate_2,3,0.04666666666666667
1770,candidate_1,candidate_3,candidate_2,3,0.04666666666666667
1771,candidate_1,candidate_3,candidate_2,3,0.04666666666666667
1772,candidate_1,candidate_3,candidate_2,3,0.04666666666666667
1773,candidate_1,candidate_3,candidate_2,3,0.04666666666666667
1774,candidate_1,candidate_3,candidate_2,3,0.04666666666666667
1775,candidate_1,candidate_3,candidate_2,3,0.04666666666666667
1776,candidate_1,candidate_3,0,3,0.04666666666666667
1777,candidate_1,candidate_3,candidate_2,3,0.04666666666666667
1778,candidate_1,candidate_3,candidate_2,3,0.04666666666666667
1779,candidate_1,0,0,3,0.04666666666666667
1780,candidate_1,candidate_3,candidate_2,3,0.04666666666666667
1781,candidate_1,candidate_3,candidate_2,3,0.04666666666666667
1782,candidate_1,candidate_3,candidate_2,3,0.04666666666666667
1783,candidate_1,candidate_3,candidate_2,3,0.04666666666666667
1784,candidate_1,candidate_3,candidate_2,3,0.04666666666666667
1785,candidate_1,candidate_3,candidate_2,3,0.04666666666666667
1786,0,candidate_3,candidate_2,3,0.04666666666666667
1787,candidate_1,candidate_3,candidate_2,3,0.04666666666666667
1788,candidate_1,candidate_3,0,3,0.04666666666666667
1789,candidate_1,candidate_3,candidate_2,3,0.04666666666666667
1790,candidate_1,candidate_3,candidate_2,3,0.04666666666666667
1791,candidate_1,candidate_3,candidate_2,3,0.04666666666666667
1792,candidate_1,candidate_3,candidate_2,3,0.04666666666666667
1793,candidate_1,candidate_3,candidate_2,3,0.04666666666666667
1794,candidate_1,candidate_3,candidate_2,3,0.04666666666666667
1795,candidate_1,candidate_3,0,3,0.04666666666666667
1796,candidate_1,candidate_3,candidate_2,3,0.04666666666666667
1797,candidate_1,candidate_3,candidate_2,3,0.04666666666666667
1798,candidate_1,candidate_3,candidate_2,3,0.04666666666666667
1799,candidate_1,candidate_3,candidate_2,3,0.04666666666666667
1800,candidate_1,candidate_3,candidate_2,3,0.04666666666666667
1801,candidate_1,candidate_3,candidate_2,3,0.04666666666666667
1802,candidate_1,candidate_3,candidate_2,3,0.04666666666666667
1803,candidate_1,candidate_3,candidate_2,3,0.04666666666666667
1804,candidate_1,candidate_3,candidate_2,3,0.04666666666666667
1805,candidate_1,candidate_3,candidate_2,3,0.04666666666666667
1806,candidate_1,candidate_3,candidate_2,3,0.04666666666666667
1807,candidate_1,candidate_3,candidate_2,3,0.04666666666666667
1808,candidate_1,candidate_3,candidate_2,3,0.04666666666666667
1809,candidate_1,candidate_3,candidate_2,3,0.04666666666666667
1810,candidate_1,candidate_3,candidate_2,3,0.04666666666666667
1811,candidate_1,candidate_3,candidate_2,3,0.04666666666666667
1812,candidate_1,candidate_3,candidate_2,3,0.04666666666666667
1813,candidate_1,candidate_3,candidate_2,3,0.04666666666666667
1814,candidate_1,candidate_3,candidate_2,3,0.04666666666666667
1815,candidate_1,candidate_3,candidate_2,3,0.04666666666666667
1816,candidate_1,candidate_3,candidate_2,3,0.04666666666666667
1817,candidate_1,candidate_3,candidate_2,3,0.04666666666666667
1818,candidate_1,candidate_3,candidate_2,3,0.04666666666666667
1819,candidate_1,candidate_3,candidate_2,3,0.04666666666666667
1820,candidate_1,candidate_3,candidate_2,3,0.04666666666666667
1821,candidate_1,candidate_3,candidate_2,3,0.04666666666666667
1822,candidate_1,candidate_3,candidate_2,3,0.04666666666666667
1823,candidate_1,candidate_3,candidate_2,3,0.04666666666666667
1824,candidate_1,candidate_3,candidate_2,3,0.04666666666666667
1825,candidate_1,candidate_3,candidate_2,3,0.04666666666666667
1826,candidate_1,candidate_3,candidate_2,3,0.04666666666666667
1827,candidate_1,candidate_3,candidate_2,3,0.04666666666666667
1828,candidate_1,candidate_3,candidate_2,3,0.04666666666666667
1829,candidate_1,candidate_3,candidate_2,3,0.04666666666666667
1830,candidate_1,candidate_3,candidate_2,3,0.04666666666666667
1831,candidate_1,candidate_3,candidate_2,3,0.04666666666666667
1832,candidate_1,candidate_3,candidate_2,3,0.04666666666666667
1833,candidate_1,candidate_3,candidate_2,3,0.04666666666666667
1834,candidate_1,candidate_3,candidate_2,3,0.04666666666666667
1835,0,candidate_3,candidate_2,3,0.04666666666666667
1836,candidate_1,candidate_3,candidate_2,3,0.04666666666666667
1837,candidate_1,candidate_3,candidate_2,3,0.04666666666666667
1838,candidate_1,candidate_3,candidate_2,3,0.04666666666666667
1839,candidate_1,candidate_3,candidate_2,3,0.04666666666666667
1840,candidate_1,candidate_3,candidate_2,3,0.04666666666666667
1841,candidate_1,candidate_3,candidate_2,3,0.04666666666666667
1842,candidate_1,candidate_3,candidate_2,3,0.04666666666666667
1843,candidate_1,candidate_3,candidate_2,3,0.04666666666666667
1844,candidate_1,candidate_3,candidate_2,3,0.04666666666666667
1845,candidate_1,candidate_3,candidate_2,3,0.04666666666666667
1846,candidate_1,candidate_3,candidate_2,3,0.04666666666666667
1847,candidate_1,candidate_3,candidate_2,3,0.04666666666666667
1848,candidate_1,candidate_3,candidate_2,3,0.04666666666666667
1849,candidate_1,candidate_3,0,3,0.04666666666666667
1850,candidate_1,candidate_3,candidate_2,3,0.04666666666666667
1851,candidate_1,candidate_3,candidate_2,3,0.04666666666666667
1852,candidate_1,candidate_3,candidate_2,3,0.04666666666666667
1853,candidate_1,candidate_3,candidate_2,3,0.04666666666666667
1854,candidate_1,candidate_3,candidate_2,3,0.04666666666666667
1855,candidate_1,candidate_3,candidate_2,3,0.04666666666666667
1856,candidate_1,candidate_3,candidate_2,3,0.04666666666666667
1857,candidate_1,candidate_3,candidate_2,3,0.04666666666666667
1858,candidate_1,candidate_3,candidate_2,3,0.04666666666666667
1859,candidate_1,candidate_3,candidate_2,3,0.04666666666666667
1860,0,candidate_3,candidate_2,3,0.04666666666666667
1861,candidate_1,candidate_3,candidate_2,3,0.04666666666666667
1862,candidate_1,candidate_3,candidate_2,3,0.04666666666666667
1863,candidate_1,candidate_3,candidate_2,3,0.04666666666666667
1864,candidate_1,candidate_3,candidate_2,3,0.04666666666666667
1865,candidate_1,candidate_3,candidate_2,3,0.04666666666666667
1866,candidate_1,candidate_3,candidate_2,3,0.04666666666666667
1867,candidate_1,candidate_3,candidate_2,3,0.04666666666666667
1868,candidate_1,candidate_3,candidate_2,3,0.04666666666666667
1869,candidate_1,candidate_3,candidate_2,3,0.04666666666666667
1870,candidate_1,candidate_3,candidate_2,3,0.04666666666666667
1871,candidate_1,candidate_3,candidate_2,3,0.04666666666666667
1872,candidate_1,candidate_3,candidate_2,3,0.04666666666666667
1873,candidate_1,candidate_3,candidate_2,3,0.04666666666666667
1874,candidate_1,candidate_3,candidate_2,3,0.04666666666666667
1875,candidate_1,candidate_3,candidate_2,3,0.04666666666666667
1876,candidate_1,candidate_3,candidate_2,3,0.04666666666666667
1877,candidate_1,candidate_3,candidate_2,3,0.04666666666666667
1878,candidate_1,candidate_3,candidate_2,3,0.04666666666666667
1879,candidate_1,0,candidate_2,3,0.04666666666666667
1880,candidate_1,candidate_3,candidate_2,3,0.04666666666666667
1881,candidate_1,0,candidate_2,3,0.04666666666666667
1882,candidate_1,candidate_3,candidate_2,3,0.04666666666666667
1883,candidate_1,candidate_3,candidate_2,3,0.04666666666666667
1884,candidate_1,candidate_3,candidate_2,3,0.04666666666666667
1885,candidate_1,candidate_3,candidate_2,3,0.04666666666666667
1886,candidate_1,candidate_3,candidate_2,3,0.04666666666666667
1887,candidate_1,candidate_3,candidate_2,3,0.04666666666666667
1888,candidate_1,candidate_3,candidate_2,3,0.04666666666666667
1889,candidate_1,candidate_3,candidate_2,3,0.04666666666666667
1890,0,candidate_3,candidate_2,3,0.04666666666666667
1891,candidate_1,candidate_3,candidate_2,3,0.04666666666666667
1892,candidate_1,candidate_3,candidate_2,3,0.04666666666666667
1893,candidate_1,candidate_3,candidate_2,3,0.04666666666666667
1894,candidate_1,candidate_3,candidate_2,3,0.04666666666666667
1895,candidate_1,candidate_3,candidate_2,3,0.04666666666666667
1896,candidate_1,candidate_3,candidate_2,3,0.04666666666666667
1897,candidate_1,candidate_3,candidate_2,3,0.04666666666666667
1898,candidate_1,candidate_3,candidate_2,3,0.04666666666666667
1899,0,candidate_3,candidate_2,3,0.04666666666666667
1900,candidate_1,candidate_3,candidate_2,3,0.04666666666666667
1901,candidate_1,candidate_3,candidate_2,3,0.04666666666666667
1902,candidate_1,candidate_3,candidate_2,3,0.04666666666666667
1903,candidate_1,candidate_3,candidate_2,3,0.04666666666666667
1904,candidate_1,candidate_3,candidate_2,3,0.04666666666666667
1905,candidate_1,candidate_3,candidate_2,3,0.04666666666666667
1906,candidate_1,candidate_3,candidate_2,3,0.04666666666666667
1907,candidate_1,candidate_3,candidate_2,3,0.04666666666666667
1908,0,candidate_3,0,3,0.04666666666666667
1909,candidate_1,candidate_3,candidate_2,3,0.04666666666666667
1910,candidate_1,candidate_3,candidate_2,3,0.04666666666666667
1911,candidate_1,0,candidate_2,3,0.04666666666666667
1912,candidate_1,candidate_3,candidate_2,3,0.04666666666666667
1913,candidate_1,candidate_3,candidate_2,3,0.04666666666666667
1914,candidate_1,candidate_3,0,3,0.04666666666666667
1915,candidate_1,candidate_3,candidate_2,3,0.04666666666666667
1916,candidate_1,candidate_3,candidate_2,3,0.04666666666666667
1917,candidate_1,candidate_3,candidate_2,3,0.04666666666666667
1918,candidate_1,candidate_3,candidate_2,3,0.04666666666666667
1919,candidate_1,candidate_3,candidate_2,3,0.04666666666666667
1920,candidate_1,candidate_3,candidate_2,3,0.04666666666666667
1921,candidate_1,candidate_3,candidate_2,3,0.04666666666666667
1922,candidate_1,candidate_3,candidate_2,3,0.04666666666666667
1923,candidate_1,candidate_3,candidate_2,3,0.04666666666666667
1924,candidate_1,candidate_3,candidate_2,3,0.04666666666666667
1925,0,candidate_3,candidate_2,3,0.04666666666666667
1926,candidate_1,candidate_3,0,3,0.04666666666666667
1927,candidate_1,candidate_3,candidate_2,3,0.04666666666666667
1928,candidate_1,0,candidate_2,3,0.04666666666666667
1929,candidate_1,candidate_3,candidate_2,3,0.04666666666666667
1930,candidate_1,0,0,3,0.04666666666666667
1931,candidate_1,candidate_3,candidate_2,3,0.04666666666666667
1932,candidate_1,candidate_3,candidate_2,3,0.04666666666666667
1933,0,candidate_3,candidate_2,3,0.04666666666666667
1934,candidate_1,candidate_3,candidate_2,3,0.04666666666666667
1935,candidate_1,candidate_3,candidate_2,3,0.04666666666666667
1936,0,candidate_3,candidate_2,3,0.04666666666666667
1937,candidate_1,candidate_3,candidate_2,3,0.04666666666666667
1938,candidate_1,candidate_3,candidate_2,3,0.04666666666666667
1939,candidate_1,candidate_3,candidate_2,3,0.04666666666666667
1940,candidate_1,candidate_3,candidate_2,3,0.04666666666666667
1941,candidate_1,candidate_3,0,3,0.04666666666666667
1942,candidate_1,candidate_3,candidate_2,3,0.04666666666666667
1943,candidate_1,candidate_3,candidate_2,3,0.04666666666666667
1944,candidate_1,candidate_3,candidate_2,3,0.04666666666666667
1945,candidate_1,candidate_3,candidate_2,3,0.04666666666666667
1946,candidate_1,candidate_3,candidate_2,3,0.04666666666666667
1947,candidate_1,candidate_3,candidate_2,3,0.04666666666666667
1948,candidate_1,candidate_3,candidate_2,3,0.04666666666666667
1949,candidate_1,candidate_3,candidate_2,3,0.04666666666666667
1950,candidate_1,candidate_3,candidate_2,3,0.04666666666666667
1951,candidate_1,candidate_3,candidate_2,3,0.04666666666666667
1952,candidate_1,candidate_3,candidate_2,3,0.04666666666666667
1953,candidate_1,candidate_3,candidate_2,3,0.04666666666666667
1954,candidate_1,candidate_3,candidate_2,3,0.04666666666666667
1955,candidate_1,candidate_3,candidate_2,3,0.04666666666666667
1956,candidate_1,candidate_3,candidate_2,3,0.04666666666666667
1957,candidate_1,candidate_3,candidate_2,3,0.04666666666666667
1958,candidate_1,candidate_3,candidate_2,3,0.04666666666666667
1959,candidate_1,candidate_3,candidate_2,3,0.04666666666666667
1960,candidate_1,candidate_3,candidate_2,3,0.04666666666666667
1961,candidate_1,candidate_3,candidate_2,3,0.04666666666666667
1962,candidate_1,candidate_3,candidate_2,3,0.04666666666666667
1963,candidate_1,candidate_3,candidate_2,3,0.04666666666666667
1964,candidate_1,candidate_3,candidate_2,3,0.04666666666666667
1965,candidate_1,candidate_3,0,3,0.04666666666666667
1966,candidate_1,candidate_3,candidate_2,3,0.04666666666666667
1967,0,candidate_3,candidate_2,3,0.04666666666666667
1968,candidate_1,candidate_3,candidate_2,3,0.04666666666666667
1969,candidate_1,candidate_3,0,3,0.04666666666666667
1970,candidate_1,candidate_3,candidate_2,3,0.04666666666666667
1971,candidate_1,candidate_3,candidate_2,3,0.04666666666666667
1972,candidate_1,candidate_3,candidate_2,3,0.04666666666666667
1973,candidate_1,candidate_3,candidate_2,3,0.04666666666666667
1974,candidate_1,candidate_3,candidate_2,3,0.04666666666666667
1975,candidate_1,0,candidate_2,3,0.04666666666666667
1976,candidate_1,candidate_3,0,3,0.04666666666666667
1977,candidate_1,candidate_3,candidate_2,3,0.04666666666666667
1978,candidate_1,candidate_3,candidate_2,3,0.04666666666666667
1979,0,candidate_3,candidate_2,3,0.04666666666666667
1980,candidate_1,0,0,3,0.04666666666666667
1981,candidate_1,candidate_3,candidate_2,3,0.04666666666666667
1982,candidate_1,candidate_3,candidate_2,3,0.04666666666666667
1983,candidate_1,candidate_3,0,3,0.04666666666666667
1984,candidate_1,candidate_3,candidate_2,3,0.04666666666666667
1985,candidate_1,candidate_3,candidate_2,3,0.04666666666666667
1986,candidate_1,candidate_3,candidate_2,3,0.04666666666666667
1987,0,candidate_3,candidate_2,3,0.04666666666666667
1988,candidate_1,candidate_3,candidate_2,3,0.04666666666666667
1989,candidate_1,0,candidate_2,3,0.04666666666666667
1990,candidate_1,candidate_3,candidate_2,3,0.04666666666666667
1991,candidate_1,candidate_3,candidate_2,3,0.04666666666666667
1992,candidate_1,candidate_3,candidate_2,3,0.04666666666666667
1993,candidate_1,candidate_3,candidate_2,3,0.04666666666666667
1994,candidate_1,0,candidate_2,3,0.04666666666666667
1995,candidate_1,candidate_3,candidate_2,3,0.04666666666666667
1996,candidate_1,candidate_3,candidate_2,3,0.04666666666666667
1997,candidate_1,candidate_3,candidate_2,3,0.04666666666666667
1998,candidate_1,candidate_3,candidate_2,3,0.04666666666666667
1999,candidate_1,candidate_3,candidate_2,3,0.04666666666666667
2000,candidate_1,candidate_3,candidate_2,3,0.04666666666666667
2001,candidate_1,candidate_3,candidate_2,3,0.04666666666666667
2002,candidate_1,candidate_3,0,3,0.04666666666666667
2003,candidate_1,candidate_3,candidate_2,3,0.04666666666666667
2004,candidate_1,candidate_3,candidate_2,3,0.04666666666666667
2005,candidate_1,candidate_3,candidate_2,3,0.04666666666666667
2006,candidate_1,candidate_3,candidate_2,3,0.04666666666666667
2007,candidate_1,candidate_3,candidate_2,3,0.04666666666666667
2008,0,candidate_3,candidate_2,3,0.04666666666666667
2009,candidate_1,candidate_3,candidate_2,3,0.04666666666666667
2010,candidate_1,candidate_3,candidate_2,3,0.04666666666666667
2011,candidate_1,candidate_3,candidate_2,3,0.04666666666666667
2012,candidate_1,candidate_3,candidate_2,3,0.04666666666666667
2013,candidate_1,candidate_3,candidate_2,3,0.04666666666666667
2014,candidate_1,candidate_3,0,3,0.04666666666666667
2015,candidate_1,candidate_3,candidate_2,3,0.04666666666666667
2016,candidate_1,candidate_3,candidate_2,3,0.04666666666666667
2017,candidate_1,candidate_3,candidate_2,3,0.04666666666666667
2018,candidate_1,candidate_3,candidate_2,3,0.04666666666666667
2019,candidate_1,0,candidate_2,3,0.04666666666666667
2020,candidate_1,candidate_3,candidate_2,3,0.04666666666666667
2021,candidate_1,candidate_3,candidate_2,3,0.04666666666666667
2022,candidate_1,candidate_3,candidate_2,3,0.04666666666666667
2023,candidate_1,candidate_3,candidate_2,3,0.04666666666666667
2024,candidate_1,candidate_3,candidate_2,3,0.04666666666666667
2025,candidate_1,candidate_3,candidate_2,3,0.04666666666666667
2026,candidate_1,candidate_3,0,3,0.04666666666666667
2027,candidate_1,candidate_3,candidate_2,3,0.04666666666666667
2028,candidate_1,candidate_3,candidate_2,3,0.04666666666666667
2029,candidate_1,candidate_3,0,3,0.04666666666666667
2030,candidate_1,candidate_3,candidate_2,3,0.04666666666666667
2031,candidate_1,candidate_3,candidate_2,3,0.04666666666666667
2032,candidate_1,candidate_3,candidate_2,3,0.04666666666666667
2033,candidate_1,candidate_3,candidate_2,3,0.04666666666666667
2034,candidate_1,candidate_3,candidate_2,3,0.04666666666666667
2035,candidate_1,candidate_3,candidate_2,3,0.04666666666666667
2036,candidate_1,candidate_3,candidate_2,3,0.04666666666666667
2037,0,candidate_3,candidate_2,3,0.04666666666666667
2038,candidate_1,candidate_3,candidate_2,3,0.04666666666666667
2039,candidate_1,candidate_3,candidate_2,3,0.04666666666666667
2040,candidate_1,candidate_3,candidate_2,3,0.04666666666666667
2041,candidate_1,candidate_3,candidate_2,3,0.04666666666666667
2042,candidate_1,candidate_3,candidate_2,3,0.04666666666666667
2043,candidate_1,candidate_3,candidate_2,3,0.04666666666666667
2044,candidate_1,candidate_3,candidate_2,3,0.04666666666666667
2045,candidate_1,candidate_3,candidate_2,3,0.04666666666666667
2046,candidate_1,candidate_3,candidate_2,3,0.04666666666666667
2047,candidate_1,candidate_3,candidate_2,3,0.04666666666666667
2048,candidate_1,candidate_3,candidate_2,3,0.04666666666666667
2049,candidate_1,candidate_3,candidate_2,3,0.04666666666666667
2050,candidate_1,candidate_3,candidate_2,3,0.04666666666666667
2051,candidate_1,candidate_3,candidate_2,3,0.04666666666666667
2052,candidate_1,candidate_3,candidate_2,3,0.04666666666666667
2053,candidate_1,candidate_3,candidate_2,3,0.04666666666666667
2054,candidate_1,candidate_3,candidate_2,3,0.04666666666666667
2055,candidate_1,candidate_3,candidate_2,3,0.04666666666666667
2056,candidate_1,0,candidate_2,3,0.04666666666666667
2057,candidate_1,candidate_3,candidate_2,3,0.04666666666666667
2058,candidate_1,candidate_3,candidate_2,3,0.04666666666666667
2059,candidate_1,candidate_3,candidate_2,3,0.04666666666666667
2060,candidate_1,candidate_3,candidate_2,3,0.04666666666666667
2061,candidate_1,candidate_3,candidate_2,3,0.04666666666666667
2062,candidate_1,candidate_3,candidate_2,3,0.04666666666666667
2063,candidate_1,candidate_3,candidate_2,3,0.04666666666666667
2064,candidate_1,candidate_3,candidate_2,3,0.04666666666666667
2065,candidate_1,candidate_3,candidate_2,3,0.04666666666666667
2066,candidate_1,candidate_3,candidate_2,3,0.04666666666666667
2067,candidate_1,candidate_3,candidate_2,3,0.04666666666666667
2068,candidate_1,candidate_3,candidate_2,3,0.04666666666666667
2069,candidate_1,candidate_3,candidate_2,3,0.04666666666666667
2070,candidate_1,candidate_3,candidate_2,3,0.04666666666666667
2071,candidate_1,candidate_3,candidate_2,3,0.04666666666666667
2072,candidate_1,candidate_3,candidate_2,3,0.04666666666666667
2073,candidate_1,candidate_3,candidate_2,3,0.04666666666666667
2074,0,candidate_3,candidate_2,3,0.04666666666666667
2075,candidate_1,candidate_3,candidate_2,3,0.04666666666666667
2076,candidate_1,candidate_3,0,3,0.04666666666666667
2077,candidate_1,candidate_3,candidate_2,3,0.04666666666666667
2078,candidate_1,candidate_3,candidate_2,3,0.04666666666666667
2079,candidate_1,candidate_3,candidate_2,3,0.04666666666666667
2080,candidate_1,candidate_3,candidate_2,3,0.04666666666666667
2081,0,candidate_3,candidate_2,3,0.04666666666666667
2082,candidate_1,candidate_3,candidate_2,3,0.04666666666666667
2083,candidate_1,candidate_3,candidate_2,3,0.04666666666666667
2084,candidate_1,candidate_3,candidate_2,3,0.04666666666666667
2085,candidate_1,candidate_3,candidate_2,3,0.04666666666666667
2086,candidate_1,candidate_3,candidate_2,3,0.04666666666666667
2087,candidate_1,candidate_3,candidate_2,3,0.04666666666666667
2088,candidate_1,candidate_3,candidate_2,3,0.04666666666666667
2089,candidate_1,candidate_3,candidate_2,3,0.04666666666666667
2090,candidate_1,candidate_3,candidate_2,3,0.04666666666666667
2091,candidate_1,candidate_3,candidate_2,3,0.04666666666666667
2092,candidate_1,candidate_3,candidate_2,3,0.04666666666666667
2093,candidate_1,candidate_3,candidate_2,3,0.04666666666666667
2094,candidate_1,candidate_3,candidate_2,3,0.04666666666666667
2095,candidate_1,candidate_3,candidate_2,3,0.04666666666666667
2096,candidate_1,candidate_3,candidate_2,3,0.04666666666666667
2097,candidate_1,candidate_3,candidate_2,3,0.04666666666666667
2098,candidate_1,candidate_3,candidate_2,3,0.04666666666666667
2099,candidate_1,candidate_3,candidate_2,3,0.04666666666666667
2100,candidate_1,candidate_3,candidate_2,3,0.04666666666666667
2101,candidate_1,candidate_3,candidate_2,3,0.04666666666666667
2102,candidate_1,candidate_3,candidate_2,3,0.04666666666666667
2103,candidate_1,candidate_3,candidate_2,3,0.04666666666666667
2104,candidate_1,candidate_3,0,3,0.04666666666666667
2105,candidate_1,candidate_3,candidate_2,3,0.04666666666666667
2106,candidate_1,candidate_3,candidate_2,3,0.04666666666666667
2107,0,candidate_3,candidate_2,3,0.04666666666666667
2108,candidate_1,candidate_3,candidate_2,3,0.04666666666666667
2109,candidate_1,candidate_3,0,3,0.04666666666666667
2110,candidate_1,candidate_3,candidate_2,3,0.04666666666666667
2111,candidate_1,candidate_3,candidate_2,3,0.04666666666666667
2112,candidate_1,candidate_3,candidate_2,3,0.04666666666666667
2113,candidate_1,candidate_3,candidate_2,3,0.04666666666666667
2114,candidate_1,candidate_3,candidate_2,3,0.04666666666666667
2115,candidate_1,candidate_3,candidate_2,3,0.04666666666666667
2116,candidate_1,candidate_3,candidate_2,3,0.04666666666666667
2117,candidate_1,candidate_3,candidate_2,3,0.04666666666666667
2118,candidate_1,candidate_3,candidate_2,3,0.04666666666666667
2119,candidate_1,candidate_3,candidate_2,3,0.04666666666666667
2120,candidate_1,candidate_3,candidate_2,3,0.04666666666666667
2121,candidate_1,candidate_3,candidate_2,3,0.04666666666666667
2122,candidate_1,candidate_3,candidate_2,3,0.04666666666666667
2123,candidate_1,candidate_3,candidate_2,3,0.04666666666666667
2124,candidate_1,candidate_3,candidate_2,3,0.04666666666666667
2125,candidate_1,candidate_3,candidate_2,3,0.04666666666666667
2126,candidate_1,candidate_3,candidate_2,3,0.04666666666666667
2127,candidate_1,candidate_3,candidate_2,3,0.04666666666666667
2128,candidate_1,candidate_3,candidate_2,3,0.04666666666666667
2129,candidate_1,candidate_3,candidate_2,3,0.04666666666666667
2130,candidate_1,candidate_3,candidate_2,3,0.04666666666666667
2131,candidate_1,candidate_3,candidate_2,3,0.04666666666666667
2132,candidate_1,candidate_3,candidate_2,3,0.04666666666666667
2133,candidate_1,candidate_3,candidate_2,3,0.04666666666666667
2134,candidate_1,candidate_3,candidate_2,3,0.04666666666666667
2135,candidate_1,candidate_3,candidate_2,3,0.04666666666666667
2136,candidate_1,candidate_3,candidate_2,3,0.04666666666666667
2137,candidate_1,candidate_3,0,3,0.04666666666666667
2138,candidate_1,candidate_3,candidate_2,3,0.04666666666666667
2139,candidate_1,candidate_3,candidate_2,3,0.04666666666666667
2140,candidate_1,candidate_3,candidate_2,3,0.04666666666666667
2141,candidate_1,candidate_3,candidate_2,3,0.04666666666666667
2142,candidate_1,candidate_3,candidate_2,3,0.04666666666666667
2143,candidate_1,candidate_3,candidate_2,3,0.04666666666666667
2144,candidate_1,candidate_3,candidate_2,3,0.04666666666666667
2145,candidate_1,candidate_3,candidate_2,3,0.04666666666666667
2146,candidate_1,candidate_3,candidate_2,3,0.04666666666666667
2147,candidate_1,candidate_3,candidate_2,3,0.04666666666666667
2148,candidate_1,candidate_3,candidate_2,3,0.04666666666666667
2149,candidate_1,candidate_3,candidate_2,3,0.04666666666666667
2150,candidate_1,candidate_3,candidate_2,3,0.04666666666666667
2151,candidate_1,candidate_3,candidate_2,3,0.04666666666666667
2152,candidate_1,candidate_3,candidate_2,3,0.04666666666666667
2153,candidate_1,candidate_3,candidate_2,3,0.04666666666666667
2154,0,candidate_3,candidate_2,3,0.04666666666666667
2155,candidate_1,candidate_3,candidate_2,3,0.04666666666666667
2156,candidate_1,candidate_3,candidate_2,3,0.04666666666666667
2157,candidate_1,candidate_3,candidate_2,3,0.04666666666666667
2158,candidate_1,candidate_3,candidate_2,3,0.04666666666666667
2159,candidate_1,candidate_3,candidate_2,3,0.04666666666666667
2160,candidate_1,candidate_3,candidate_2,3,0.04666666666666667
2161,candidate_1,0,candidate_2,3,0.04666666666666667
2162,candidate_1,candidate_3,candidate_2,3,0.04666666666666667
2163,0,candidate_3,candidate_2,3,0.04666666666666667
2164,candidate_1,candidate_3,candidate_2,3,0.04666666666666667
2165,candidate_1,candidate_3,candidate_2,3,0.04666666666666667
2166,candidate_1,candidate_3,candidate_2,3,0.04666666666666667
2167,candidate_1,candidate_3,candidate_2,3,0.04666666666666667
2168,candidate_1,candidate_3,candidate_2,3,0.04666666666666667
2169,candidate_1,candidate_3,candidate_2,3,0.04666666666666667
2170,candidate_1,candidate_3,candidate_2,3,0.04666666666666667
2171,candidate_1,candidate_3,candidate_2,3,0.04666666666666667
2172,candidate_1,candidate_3,candidate_2,3,0.04666666666666667
2173,candidate_1,candidate_3,candidate_2,3,0.04666666666666667
2174,candidate_1,candidate_3,candidate_2,3,0.04666666666666667
2175,candidate_1,candidate_3,candidate_2,3,0.04666666666666667
2176,candidate_1,candidate_3,candidate_2,3,0.04666666666666667
2177,candidate_1,candidate_3,candidate_2,3,0.04666666666666667
2178,candidate_1,candidate_3,candidate_2,3,0.04666666666666667
2179,candidate_1,candidate_3,candidate_2,3,0.04666666666666667
2180,candidate_1,candidate_3,candidate_2,3,0.04666666666666667
2181,candidate_1,candidate_3,candidate_2,3,0.04666666666666667
2182,candidate_1,candidate_3,candidate_2,3,0.04666666666666667
2183,candidate_1,candidate_3,candidate_2,3,0.04666666666666667
2184,candidate_1,candidate_3,0,3,0.04666666666666667
2185,candidate_1,candidate_3,candidate_2,3,0.04666666666666667
2186,candidate_1,candidate_3,candidate_2,3,0.04666666666666667
2187,candidate_1,candidate_3,candidate_2,3,0.04666666666666667
2188,candidate_1,candidate_3,candidate_2,3,0.04666666666666667
2189,candidate_1,candidate_3,candidate_2,3,0.04666666666666667
2190,0,candidate_3,candidate_2,3,0.04666666666666667
2191,candidate_1,candidate_3,candidate_2,3,0.04666666666666667
2192,0,candidate_3,candidate_2,3,0.04666666666666667
2193,candidate_1,candidate_3,candidate_2,3,0.04666666666666667
2194,candidate_1,candidate_3,candidate_2,3,0.04666666666666667
2195,candidate_1,candidate_3,candidate_2,3,0.04666666666666667
2196,candidate_1,candidate_3,candidate_2,3,0.04666666666666667
2197,candidate_1,candidate_3,candidate_2,3,0.04666666666666667
2198,candidate_1,candidate_3,0,3,0.04666666666666667
2199,candidate_1,candidate_3,candidate_2,3,0.04666666666666667
2200,candidate_1,candidate_3,candidate_2,3,0.04666666666666667
2201,candidate_1,candidate_3,candidate_2,3,0.04666666666666667
2202,candidate_1,candidate_3,candidate_2,3,0.04666666666666667
2203,candidate_1,candidate_3,candidate_2,3,0.04666666666666667
2204,candidate_1,candidate_3,candidate_2,3,0.04666666666666667
2205,candidate_1,candidate_3,candidate_2,3,0.04666666666666667
2206,candidate_1,candidate_3,candidate_2,3,0.04666666666666667
2207,candidate_1,candidate_3,candidate_2,3,0.04666666666666667
2208,candidate_1,candidate_3,candidate_2,3,0.04666666666666667
2209,candidate_1,candidate_3,candidate_2,3,0.04666666666666667
2210,candidate_1,candidate_3,candidate_2,3,0.04666666666666667
2211,candidate_1,candidate_3,candidate_2,3,0.04666666666666667
2212,candidate_1,candidate_3,candidate_2,3,0.04666666666666667
2213,candidate_1,candidate_3,candidate_2,3,0.04666666666666667
2214,candidate_1,candidate_3,candidate_2,3,0.04666666666666667
2215,candidate_1,candidate_3,candidate_2,3,0.04666666666666667
2216,candidate_1,candidate_3,candidate_2,3,0.04666666666666667
2217,0,candidate_3,candidate_2,3,0.04666666666666667
2218,candidate_1,candidate_3,candidate_2,3,0.04666666666666667
2219,candidate_1,candidate_3,candidate_2,3,0.04666666666666667
2220,candidate_1,candidate_3,candidate_2,3,0.04666666666666667
2221,candidate_1,candidate_3,candidate_2,3,0.04666666666666667
2222,candidate_1,candidate_3,candidate_2,3,0.04666666666666667
2223,candidate_1,candidate_3,candidate_2,3,0.04666666666666667
2224,candidate_1,candidate_3,candidate_2,3,0.04666666666666667
2225,candidate_1,candidate_3,candidate_2,3,0.04666666666666667
2226,candidate_1,0,candidate_2,3,0.04666666666666667
2227,candidate_1,candidate_3,candidate_2,3,0.04666666666666667
2228,candidate_1,candidate_3,candidate_2,3,0.04666666666666667
2229,candidate_1,candidate_3,candidate_2,3,0.04666666666666667
2230,0,candidate_3,candidate_2,3,0.04666666666666667
2231,candidate_1,candidate_3,candidate_2,3,0.04666666666666667
2232,candidate_1,candidate_3,candidate_2,3,0.04666666666666667
2233,candidate_1,candidate_3,candidate_2,3,0.04666666666666667
2234,candidate_1,candidate_3,candidate_2,3,0.04666666666666667
2235,candidate_1,candidate_3,candidate_2,3,0.04666666666666667
2236,candidate_1,candidate_3,candidate_2,3,0.04666666666666667
2237,candidate_1,candidate_3,candidate_2,3,0.04666666666666667
2238,candidate_1,candidate_3,candidate_2,3,0.04666666666666667
2239,candidate_1,candidate_3,candidate_2,3,0.04666666666666667
2240,candidate_1,0,candidate_2,3,0.04666666666666667
2241,candidate_1,candidate_3,candidate_2,3,0.04666666666666667
2242,candidate_1,candidate_3,candidate_2,3,0.04666666666666667
2243,candidate_1,0,candidate_2,3,0.04666666666666667
2244,candidate_1,candidate_3,candidate_2,3,0.04666666666666667
2245,candidate_1,candidate_3,candidate_2,3,0.04666666666666667
2246,candidate_1,candidate_3,candidate_2,3,0.04666666666666667
2247,candidate_1,candidate_3,candidate_2,3,0.04666666666666667
2248,candidate_1,candidate_3,candidate_2,3,0.04666666666666667
2249,candidate_1,candidate_3,candidate_2,3,0.04666666666666667
2250,0,candidate_3,candidate_2,3,0.04666666666666667
2251,candidate_1,candidate_3,candidate_2,3,0.04666666666666667
2252,candidate_1,candidate_3,candidate_2,3,0.04666666666666667
2253,candidate_1,candidate_3,candidate_2,3,0.04666666666666667
2254,candidate_1,candidate_3,candidate_2,3,0.04666666666666667
2255,candidate_1,candidate_3,candidate_2,3,0.04666666666666667
2256,candidate_1,candidate_3,candidate_2,3,0.04666666666666667
2257,candidate_1,candidate_3,candidate_2,3,0.04666666666666667
2258,candidate_1,candidate_3,0,3,0.04666666666666667
2259,candidate_1,candidate_3,candidate_2,3,0.04666666666666667
2260,candidate_1,candidate_3,candidate_2,3,0.04666666666666667
2261,candidate_1,candidate_3,candidate_2,3,0.04666666666666667
2262,candidate_1,candidate_3,candidate_2,3,0.04666666666666667
2263,candidate_1,candidate_3,candidate_2,3,0.04666666666666667
2264,candidate_1,candidate_3,candidate_2,3,0.04666666666666667
2265,candidate_1,candidate_3,candidate_2,3,0.04666666666666667
2266,candidate_1,candidate_3,0,3,0.04666666666666667
2267,candidate_1,candidate_3,candidate_2,3,0.04666666666666667
2268,candidate_1,candidate_3,candidate_2,3,0.04666666666666667
2269,candidate_1,candidate_3,candidate_2,3,0.04666666666666667
2270,candidate_1,candidate_3,candidate_2,3,0.04666666666666667
2271,candidate_1,candidate_3,candidate_2,3,0.04666666666666667
2272,candidate_1,candidate_3,candidate_2,3,0.04666666666666667
2273,0,candidate_3,candidate_2,3,0.04666666666666667
2274,candidate_1,candidate_3,candidate_2,3,0.04666666666666667
2275,candidate_1,candidate_3,candidate_2,3,0.04666666666666667
2276,candidate_1,candidate_3,candidate_2,3,0.04666666666666667
2277,candidate_1,candidate_3,candidate_2,3,0.04666666666666667
2278,candidate_1,candidate_3,candidate_2,3,0.04666666666666667
2279,candidate_1,candidate_3,candidate_2,3,0.04666666666666667
2280,candidate_1,candidate_3,candidate_2,3,0.04666666666666667
2281,candidate_1,candidate_3,candidate_2,3,0.04666666666666667
2282,candidate_1,candidate_3,candidate_2,3,0.04666666666666667
2283,candidate_1,candidate_3,candidate_2,3,0.04666666666666667
2284,candidate_1,candidate_3,candidate_2,3,0.04666666666666667
2285,candidate_1,candidate_3,candidate_2,3,0.04666666666666667
2286,candidate_1,candidate_3,candidate_2,3,0.04666666666666667
2287,candidate_1,candidate_3,candidate_2,3,0.04666666666666667
2288,candidate_1,candidate_3,candidate_2,3,0.04666666666666667
2289,0,candidate_3,candidate_2,3,0.04666666666666667
2290,candidate_1,candidate_3,candidate_2,3,0.04666666666666667
2291,candidate_1,candidate_3,candidate_2,3,0.04666666666666667
2292,candidate_1,candidate_3,candidate_2,3,0.04666666666666667
2293,candidate_1,candidate_3,candidate_2,3,0.04666666666666667
2294,candidate_1,candidate_3,0,3,0.04666666666666667
2295,candidate_1,candidate_3,candidate_2,3,0.04666666666666667
2296,candidate_1,candidate_3,candidate_2,3,0.04666666666666667
2297,candidate_1,candidate_3,candidate_2,3,0.04666666666666667
2298,candidate_1,0,candidate_2,3,0.04666666666666667
2299,candidate_1,candidate_3,candidate_2,3,0.04666666666666667
2300,candidate_1,candidate_3,candidate_2,3,0.04666666666666667
2301,candidate_1,candidate_3,candidate_2,3,0.04666666666666667
2302,candidate_1,candidate_3,candidate_2,3,0.04666666666666667
2303,candidate_1,candidate_3,candidate_2,3,0.04666666666666667
2304,candidate_1,candidate_3,candidate_2,3,0.04666666666666667
2305,candidate_1,candidate_3,candidate_2,3,0.04666666666666667
2306,0,candidate_3,candidate_2,3,0.04666666666666667
2307,candidate_1,0,candidate_2,3,0.04666666666666667
2308,candidate_1,candidate_3,candidate_2,3,0.04666666666666667
2309,candidate_1,candidate_3,candidate_2,3,0.04666666666666667
2310,candidate_1,candidate_3,candidate_2,3,0.04666666666666667
2311,candidate_1,candidate_3,candidate_2,3,0.04666666666666667
2312,candidate_1,candidate_3,candidate_2,3,0.04666666666666667
2313,candidate_1,candidate_3,candidate_2,3,0.04666666666666667
2314,candidate_1,candidate_3,candidate_2,3,0.04666666666666667
2315,candidate_1,candidate_3,candidate_2,3,0.04666666666666667
2316,candidate_1,candidate_3,candidate_2,3,0.04666666666666667
2317,0,candidate_3,candidate_2,3,0.04666666666666667
2318,candidate_1,candidate_3,candidate_2,3,0.04666666666666667
2319,candidate_1,candidate_3,candidate_2,3,0.04666666666666667
2320,candidate_1,candidate_3,candidate_2,3,0.04666666666666667
2321,candidate_1,candidate_3,candidate_2,3,0.04666666666666667
2322,candidate_1,candidate_3,candidate_2,3,0.04666666666666667
2323,candidate_1,candidate_3,candidate_2,3,0.04666666666666667
2324,candidate_1,candidate_3,candidate_2,3,0.04666666666666667
2325,candidate_1,candidate_3,candidate_2,3,0.04666666666666667
2326,candidate_1,candidate_3,candidate_2,3,0.04666666666666667
2327,candidate_1,candidate_3,candidate_2,3,0.04666666666666667
2328,candidate_1,candidate_3,candidate_2,3,0.04666666666666667
2329,candidate_1,candidate_3,candidate_2,3,0.04666666666666667
2330,candidate_1,candidate_3,candidate_2,3,0.04666666666666667
2331,candidate_1,0,candidate_2,3,0.04666666666666667
2332,candidate_1,candidate_3,candidate_2,3,0.04666666666666667
2333,candidate_1,candidate_3,candidate_2,3,0.04666666666666667
2334,candidate_1,candidate_3,candidate_2,3,0.04666666666666667
2335,candidate_1,candidate_3,candidate_2,3,0.04666666666666667
2336,candidate_1,candidate_3,candidate_2,3,0.04666666666666667
2337,candidate_1,candidate_3,candidate_2,3,0.04666666666666667
2338,candidate_1,candidate_3,candidate_2,3,0.04666666666666667
2339,candidate_1,candidate_3,candidate_2,3,0.04666666666666667
2340,candidate_1,candidate_3,candidate_2,3,0.04666666666666667
2341,candidate_1,candidate_3,0,3,0.04666666666666667
2342,candidate_1,candidate_3,candidate_2,3,0.04666666666666667
2343,candidate_1,candidate_3,candidate_2,3,0.04666666666666667
2344,candidate_1,candidate_3,candidate_2,3,0.04666666666666667
2345,candidate_1,candidate_3,candidate_2,3,0.04666666666666667
2346,candidate_1,candidate_3,candidate_2,3,0.04666666666666667
2347,candidate_1,candidate_3,candidate_2,3,0.04666666666666667
2348,candidate_1,candidate_3,candidate_2,3,0.04666666666666667
2349,candidate_1,candidate_3,candidate_2,3,0.04666666666666667
2350,candidate_1,candidate_3,candidate_2,3,0.04666666666666667
2351,candidate_1,candidate_3,candidate_2,3,0.04666666666666667
2352,candidate_1,candidate_3,candidate_2,3,0.04666666666666667
2353,candidate_1,candidate_3,candidate_2,3,0.04666666666666667
2354,candidate_1,candidate_3,0,3,0.04666666666666667
2355,candidate_1,candidate_3,candidate_2,3,0.04666666666666667
2356,candidate_1,candidate_3,candidate_2,3,0.04666666666666667
2357,candidate_1,candidate_3,candidate_2,3,0.04666666666666667
2358,candidate_1,candidate_3,candidate_2,3,0.04666666666666667
2359,candidate_1,candidate_3,candidate_2,3,0.04666666666666667
2360,candidate_1,candidate_3,candidate_2,3,0.04666666666666667
2361,candidate_1,candidate_3,candidate_2,3,0.04666666666666667
2362,candidate_1,candidate_3,candidate_2,3,0.04666666666666667
2363,candidate_1,candidate_3,candidate_2,3,0.04666666666666667
2364,candidate_1,candidate_3,candidate_2,3,0.04666666666666667
2365,candidate_1,candidate_3,candidate_2,3,0.04666666666666667
2366,candidate_1,candidate_3,candidate_2,3,0.04666666666666667
2367,candidate_1,candidate_3,candidate_2,3,0.04666666666666667
2368,candidate_1,candidate_3,candidate_2,3,0.04666666666666667
2369,candidate_1,candidate_3,candidate_2,3,0.04666666666666667
2370,candidate_1,candidate_3,candidate_2,3,0.04666666666666667
2371,candidate_1,candidate_3,0,3,0.04666666666666667
2372,candidate_1,candidate_3,candidate_2,3,0.04666666666666667
2373,candidate_1,0,candidate_2,3,0.04666666666666667
2374,candidate_1,candidate_3,candidate_2,3,0.04666666666666667
2375,candidate_1,candidate_3,candidate_2,3,0.04666666666666667
2376,candidate_1,candidate_3,candidate_2,3,0.04666666666666667
2377,candidate_1,candidate_3,candidate_2,3,0.04666666666666667
2378,candidate_1,candidate_3,candidate_2,3,0.04666666666666667
2379,candidate_1,candidate_3,0,3,0.04666666666666667
2380,candidate_1,candidate_3,candidate_2,3,0.04666666666666667
2381,candidate_1,candidate_3,candidate_2,3,0.04666666666666667
2382,candidate_1,candidate_3,candidate_2,3,0.04666666666666667
2383,candidate_1,candidate_3,candidate_2,3,0.04666666666666667
2384,candidate_1,candidate_3,candidate_2,3,0.04666666666666667
2385,candidate_1,candidate_3,candidate_2,3,0.04666666666666667
2386,candidate_1,candidate_3,candidate_2,3,0.04666666666666667
2387,candidate_1,candidate_3,candidate_2,3,0.04666666666666667
2388,candidate_1,0,candidate_2,3,0.04666666666666667
2389,candidate_1,candidate_3,candidate_2,3,0.04666666666666667
2390,candidate_1,candidate_3,candidate_2,3,0.04666666666666667
2391,candidate_1,candidate_3,candidate_2,3,0.04666666666666667
2392,candidate_1,candidate_3,candidate_2,3,0.04666666666666667
2393,candidate_1,candidate_3,candidate_2,3,0.04666666666666667
2394,candidate_1,candidate_3,candidate_2,3,0.04666666666666667
2395,candidate_1,0,candidate_2,3,0.04666666666666667
2396,candidate_1,candidate_3,candidate_2,3,0.04666666666666667
2397,candidate_1,candidate_3,candidate_2,3,0.04666666666666667
2398,candidate_1,candidate_3,candidate_2,3,0.04666666666666667
2399,0,0,candidate_2,3,0.04666666666666667
2400,candidate_1,candidate_3,candidate_2,3,0.04666666666666667
2401,candidate_1,candidate_3,candidate_2,3,0.04666666666666667
2402,0,candidate_3,candidate_2,3,0.04666666666666667
2403,candidate_1,candidate_3,candidate_2,3,0.04666666666666667
2404,candidate_1,candidate_3,candidate_2,3,0.04666666666666667
2405,candidate_1,candidate_3,candidate_2,3,0.04666666666666667
2406,candidate_1,candidate_3,candidate_2,3,0.04666666666666667
2407,candidate_1,candidate_3,candidate_2,3,0.04666666666666667
2408,candidate_1,candidate_3,candidate_2,3,0.04666666666666667
2409,candidate_1,candidate_3,candidate_2,3,0.04666666666666667
2410,candidate_1,0,candidate_2,3,0.04666666666666667
2411,candidate_1,candidate_3,candidate_2,3,0.04666666666666667
2412,candidate_1,candidate_3,candidate_2,3,0.04666666666666667
2413,candidate_1,candidate_3,candidate_2,3,0.04666666666666667
2414,candidate_1,candidate_3,candidate_2,3,0.04666666666666667
2415,candidate_1,candidate_3,candidate_2,3,0.04666666666666667
2416,candidate_1,candidate_3,candidate_2,3,0.04666666666666667
2417,candidate_1,candidate_3,candidate_2,3,0.04666666666666667
2418,candidate_1,candidate_3,candidate_2,3,0.04666666666666667
2419,candidate_1,candidate_3,candidate_2,3,0.04666666666666667
2420,candidate_1,candidate_3,candidate_2,3,0.04666666666666667
2421,candidate_1,candidate_3,candidate_2,3,0.04666666666666667
2422,candidate_1,candidate_3,candidate_2,3,0.04666666666666667
2423,candidate_1,candidate_3,candidate_2,3,0.04666666666666667
2424,candidate_1,candidate_3,candidate_2,3,0.04666666666666667
2425,candidate_1,candidate_3,0,3,0.04666666666666667
2426,candidate_1,candidate_3,candidate_2,3,0.04666666666666667
2427,candidate_1,candidate_3,candidate_2,3,0.04666666666666667
2428,candidate_1,candidate_3,candidate_2,3,0.04666666666666667
2429,candidate_1,candidate_3,candidate_2,3,0.04666666666666667
2430,candidate_1,candidate_3,candidate_2,3,0.04666666666666667
2431,candidate_1,candidate_3,candidate_2,3,0.04666666666666667
2432,candidate_1,candidate_3,candidate_2,3,0.04666666666666667
2433,candidate_1,candidate_3,0,3,0.04666666666666667
2434,candidate_1,candidate_3,candidate_2,3,0.04666666666666667
2435,candidate_1,candidate_3,candidate_2,3,0.04666666666666667
2436,candidate_1,candidate_3,candidate_2,3,0.04666666666666667
2437,candidate_1,candidate_3,candidate_2,3,0.04666666666666667
2438,candidate_1,candidate_3,candidate_2,3,0.04666666666666667
2439,candidate_1,candidate_3,candidate_2,3,0.04666666666666667
2440,candidate_1,candidate_3,candidate_2,3,0.04666666666666667
2441,candidate_1,candidate_3,candidate_2,3,0.04666666666666667
2442,candidate_1,candidate_3,candidate_2,3,0.04666666666666667
2443,candidate_1,candidate_3,candidate_2,3,0.04666666666666667
2444,candidate_1,candidate_3,candidate_2,3,0.04666666666666667
2445,candidate_1,candidate_3,candidate_2,3,0.04666666666666667
2446,candidate_1,candidate_3,candidate_2,3,0.04666666666666667
2447,candidate_1,candidate_3,candidate_2,3,0.04666666666666667
2448,candidate_1,candidate_3,candidate_2,3,0.04666666666666667
2449,candidate_1,candidate_3,candidate_2,3,0.04666666666666667
2450,candidate_1,candidate_3,candidate_2,3,0.04666666666666667
2451,candidate_1,candidate_3,candidate_2,3,0.04666666666666667
2452,candidate_1,candidate_3,candidate_2,3,0.04666666666666667
2453,candidate_1,candidate_3,0,3,0.04666666666666667
2454,0,candidate_3,candidate_2,3,0.04666666666666667
2455,candidate_1,candidate_3,candidate_2,3,0.04666666666666667
2456,candidate_1,0,candidate_2,3,0.04666666666666667
2457,candidate_1,candidate_3,candidate_2,3,0.04666666666666667
2458,candidate_1,candidate_3,candidate_2,3,0.04666666666666667
2459,candidate_1,candidate_3,candidate_2,3,0.04666666666666667
2460,candidate_1,candidate_3,candidate_2,3,0.04666666666666667
2461,candidate_1,candidate_3,candidate_2,3,0.04666666666666667
2462,candidate_1,candidate_3,candidate_2,3,0.04666666666666667
2463,candidate_1,candidate_3,candidate_2,3,0.04666666666666667
2464,candidate_1,candidate_3,candidate_2,3,0.04666666666666667
2465,candidate_1,candidate_3,candidate_2,3,0.04666666666666667
2466,candidate_1,candidate_3,candidate_2,3,0.04666666666666667
2467,candidate_1,candidate_3,candidate_2,3,0.04666666666666667
2468,candidate_1,candidate_3,candidate_2,3,0.04666666666666667
2469,candidate_1,candidate_3,candidate_2,3,0.04666666666666667
2470,candidate_1,candidate_3,candidate_2,3,0.04666666666666667
2471,candidate_1,candidate_3,candidate_2,3,0.04666666666666667
2472,candidate_1,candidate_3,candidate_2,3,0.04666666666666667
2473,candidate_1,candidate_3,candidate_2,3,0.04666666666666667
2474,candidate_1,candidate_3,candidate_2,3,0.04666666666666667
2475,candidate_1,candidate_3,0,3,0.04666666666666667
2476,0,candidate_3,candidate_2,3,0.04666666666666667
2477,candidate_1,candidate_3,candidate_2,3,0.04666666666666667
2478,candidate_1,candidate_3,0,3,0.04666666666666667
2479,candidate_1,candidate_3,candidate_2,3,0.04666666666666667
2480,candidate_1,candidate_3,candidate_2,3,0.04666666666666667
2481,candidate_1,candidate_3,candidate_2,3,0.04666666666666667
2482,candidate_1,candidate_3,candidate_2,3,0.04666666666666667
2483,candidate_1,candidate_3,candidate_2,3,0.04666666666666667
2484,candidate_1,candidate_3,candidate_2,3,0.04666666666666667
2485,candidate_1,candidate_3,candidate_2,3,0.04666666666666667
2486,candidate_1,candidate_3,candidate_2,3,0.04666666666666667
2487,candidate_1,candidate_3,candidate_2,3,0.04666666666666667
2488,candidate_1,candidate_3,candidate_2,3,0.04666666666666667
2489,candidate_1,candidate_3,candidate_2,3,0.04666666666666667
2490,candidate_1,candidate_3,candidate_2,3,0.04666666666666667
2491,candidate_1,candidate_3,candidate_2,3,0.04666666666666667
2492,candidate_1,candidate_3,candidate_2,3,0.04666666666666667
2493,candidate_1,candidate_3,candidate_2,3,0.04666666666666667
2494,candidate_1,candidate_3,candidate_2,3,0.04666666666666667
2495,candidate_1,0,candidate_2,3,0.04666666666666667
2496,candidate_1,candidate_3,candidate_2,3,0.04666666666666667
2497,candidate_1,candidate_3,candidate_2,3,0.04666666666666667
2498,candidate_1,0,candidate_2,3,0.04666666666666667
2499,candidate_1,candidate_3,candidate_2,3,0.04666666666666667
2500,candidate_1,candidate_3,candidate_2,3,0.04666666666666667
2501,candidate_1,candidate_3,candidate_2,3,0.04666666666666667
2502,candidate_1,candidate_3,candidate_2,3,0.04666666666666667
2503,candidate_1,candidate_3,candidate_2,3,0.04666666666666667
2504,candidate_1,candidate_3,candidate_2,3,0.04666666666666667
2505,candidate_1,candidate_3,candidate_2,3,0.04666666666666667
2506,candidate_1,candidate_3,candidate_2,3,0.04666666666666667
2507,candidate_1,candidate_3,candidate_2,3,0.04666666666666667
2508,candidate_1,candidate_3,0,3,0.04666666666666667
2509,candidate_1,candidate_3,candidate_2,3,0.04666666666666667
2510,candidate_1,candidate_3,candidate_2,3,0.04666666666666667
2511,candidate_1,0,candidate_2,3,0.04666666666666667
2512,candidate_1,candidate_3,candidate_2,3,0.04666666666666667
2513,candidate_1,candidate_3,candidate_2,3,0.04666666666666667
2514,candidate_1,candidate_3,candidate_2,3,0.04666666666666667
2515,candidate_1,candidate_3,candidate_2,3,0.04666666666666667
2516,candidate_1,candidate_3,candidate_2,3,0.04666666666666667
2517,candidate_1,candidate_3,candidate_2,3,0.04666666666666667
2518,candidate_1,candidate_3,candidate_2,3,0.04666666666666667
2519,candidate_1,candidate_3,candidate_2,3,0.04666666666666667
2520,candidate_1,candidate_3,candidate_2,3,0.04666666666666667
2521,candidate_1,candidate_3,candidate_2,3,0.04666666666666667
2522,candidate_1,candidate_3,candidate_2,3,0.04666666666666667
2523,candidate_1,candidate_3,candidate_2,3,0.04666666666666667
2524,candidate_1,candidate_3,candidate_2,3,0.04666666666666667
2525,candidate_1,candidate_3,candidate_2,3,0.04666666666666667
2526,candidate_1,candidate_3,candidate_2,3,0.04666666666666667
2527,candidate_1,candidate_3,candidate_2,3,0.04666666666666667
2528,candidate_1,candidate_3,candidate_2,3,0.04666666666666667
2529,candidate_1,candidate_3,candidate_2,3,0.04666666666666667
2530,candidate_1,candidate_3,candidate_2,3,0.04666666666666667
2531,candidate_1,candidate_3,candidate_2,3,0.04666666666666667
2532,candidate_1,candidate_3,candidate_2,3,0.04666666666666667
2533,candidate_1,candidate_3,candidate_2,3,0.04666666666666667
2534,candidate_1,candidate_3,candidate_2,3,0.04666666666666667
2535,candidate_1,candidate_3,candidate_2,3,0.04666666666666667
2536,candidate_1,candidate_3,candidate_2,3,0.04666666666666667
2537,0,candidate_3,candidate_2,3,0.04666666666666667
2538,candidate_1,candidate_3,candidate_2,3,0.04666666666666667
2539,candidate_1,candidate_3,candidate_2,3,0.04666666666666667
2540,candidate_1,candidate_3,candidate_2,3,0.04666666666666667
2541,candidate_1,candidate_3,candidate_2,3,0.04666666666666667
2542,candidate_1,candidate_3,candidate_2,3,0.04666666666666667
2543,candidate_1,candidate_3,candidate_2,3,0.04666666666666667
2544,candidate_1,candidate_3,candidate_2,3,0.04666666666666667
2545,candidate_1,candidate_3,candidate_2,3,0.04666666666666667
2546,candidate_1,candidate_3,candidate_2,3,0.04666666666666667
2547,candidate_1,candidate_3,candidate_2,3,0.04666666666666667
2548,candidate_1,candidate_3,candidate_2,3,0.04666666666666667
2549,candidate_1,candidate_3,candidate_2,3,0.04666666666666667
2550,candidate_1,candidate_3,candidate_2,3,0.04666666666666667
2551,candidate_1,candidate_3,candidate_2,3,0.04666666666666667
2552,candidate_1,candidate_3,candidate_2,3,0.04666666666666667
2553,candidate_1,candidate_3,candidate_2,3,0.04666666666666667
2554,candidate_1,candidate_3,candidate_2,3,0.04666666666666667
2555,candidate_1,0,candidate_2,3,0.04666666666666667
2556,candidate_1,candidate_3,candidate_2,3,0.04666666666666667
2557,candidate_1,candidate_3,candidate_2,3,0.04666666666666667
2558,candidate_1,candidate_3,candidate_2,3,0.04666666666666667
2559,candidate_1,candidate_3,candidate_2,3,0.04666666666666667
2560,candidate_1,candidate_3,candidate_2,3,0.04666666666666667
2561,candidate_1,candidate_3,candidate_2,3,0.04666666666666667
2562,candidate_1,candidate_3,0,3,0.04666666666666667
2563,candidate_1,candidate_3,candidate_2,3,0.04666666666666667
2564,candidate_1,candidate_3,candidate_2,3,0.04666666666666667
2565,candidate_1,candidate_3,candidate_2,3,0.04666666666666667
2566,candidate_1,candidate_3,candidate_2,3,0.04666666666666667
2567,candidate_1,candidate_3,candidate_2,3,0.04666666666666667
2568,candidate_1,candidate_3,candidate_2,3,0.04666666666666667
2569,candidate_1,candidate_3,candidate_2,3,0.04666666666666667
2570,candidate_1,candidate_3,candidate_2,3,0.04666666666666667
2571,0,candidate_3,candidate_2,3,0.04666666666666667
2572,candidate_1,candidate_3,candidate_2,3,0.04666666666666667
2573,candidate_1,candidate_3,candidate_2,3,0.04666666666666667
2574,candidate_1,candidate_3,candidate_2,3,0.04666666666666667
2575,candidate_1,candidate_3,candidate_2,3,0.04666666666666667
2576,candidate_1,candidate_3,candidate_2,3,0.04666666666666667
2577,candidate_1,candidate_3,candidate_2,3,0.04666666666666667
2578,candidate_1,candidate_3,0,3,0.04666666666666667
2579,candidate_1,candidate_3,candidate_2,3,0.04666666666666667
2580,0,candidate_3,candidate_2,3,0.04666666666666667
2581,candidate_1,candidate_3,candidate_2,3,0.04666666666666667
2582,candidate_1,candidate_3,candidate_2,3,0.04666666666666667
2583,candidate_1,candidate_3,candidate_2,3,0.04666666666666667
2584,candidate_1,candidate_3,candidate_2,3,0.04666666666666667
2585,candidate_1,candidate_3,candidate_2,3,0.04666666666666667
2586,candidate_1,candidate_3,candidate_2,3,0.04666666666666667
2587,candidate_1,candidate_3,candidate_2,3,0.04666666666666667
2588,candidate_1,candidate_3,candidate_2,3,0.04666666666666667
2589,candidate_1,candidate_3,candidate_2,3,0.04666666666666667
2590,candidate_1,candidate_3,0,3,0.04666666666666667
2591,candidate_1,candidate_3,candidate_2,3,0.04666666666666667
2592,0,candidate_3,candidate_2,3,0.04666666666666667
2593,0,candidate_3,candidate_2,3,0.04666666666666667
2594,candidate_1,candidate_3,candidate_2,3,0.04666666666666667
2595,candidate_1,candidate_3,candidate_2,3,0.04666666666666667
2596,candidate_1,candidate_3,candidate_2,3,0.04666666666666667
2597,candidate_1,candidate_3,candidate_2,3,0.04666666666666667
2598,candidate_1,candidate_3,candidate_2,3,0.04666666666666667
2599,candidate_1,0,candidate_2,3,0.04666666666666667
2600,candidate_1,candidate_3,candidate_2,3,0.04666666666666667
2601,candidate_1,candidate_3,candidate_2,3,0.04666666666666667
2602,candidate_1,0,candidate_2,3,0.04666666666666667
2603,candidate_1,0,candidate_2,3,0.04666666666666667
2604,candidate_1,candidate_3,candidate_2,3,0.04666666666666667
2605,candidate_1,candidate_3,candidate_2,3,0.04666666666666667
2606,candidate_1,candidate_3,candidate_2,3,0.04666666666666667
2607,candidate_1,candidate_3,candidate_2,3,0.04666666666666667
2608,candidate_1,candidate_3,candidate_2,3,0.04666666666666667
2609,candidate_1,candidate_3,candidate_2,3,0.04666666666666667
2610,candidate_1,candidate_3,candidate_2,3,0.04666666666666667
2611,candidate_1,candidate_3,candidate_2,3,0.04666666666666667
2612,candidate_1,candidate_3,candidate_2,3,0.04666666666666667
2613,candidate_1,candidate_3,candidate_2,3,0.04666666666666667
2614,candidate_1,candidate_3,candidate_2,3,0.04666666666666667
2615,candidate_1,candidate_3,candidate_2,3,0.04666666666666667
2616,candidate_1,candidate_3,candidate_2,3,0.04666666666666667
2617,candidate_1,candidate_3,candidate_2,3,0.04666666666666667
2618,candidate_1,candidate_3,candidate_2,3,0.04666666666666667
2619,candidate_1,candidate_3,candidate_2,3,0.04666666666666667
2620,candidate_1,candidate_3,candidate_2,3,0.04666666666666667
2621,candidate_1,candidate_3,candidate_2,3,0.04666666666666667
2622,candidate_1,candidate_3,0,3,0.04666666666666667
2623,candidate_1,candidate_3,candidate_2,3,0.04666666666666667
2624,candidate_1,candidate_3,candidate_2,3,0.04666666666666667
2625,candidate_1,candidate_3,candidate_2,3,0.04666666666666667
2626,candidate_1,candidate_3,candidate_2,3,0.04666666666666667
2627,candidate_1,0,candidate_2,3,0.04666666666666667
2628,candidate_1,candidate_3,candidate_2,3,0.04666666666666667
2629,candidate_1,candidate_3,0,3,0.04666666666666667
2630,candidate_1,candidate_3,0,3,0.04666666666666667
2631,candidate_1,candidate_3,candidate_2,3,0.04666666666666667
2632,candidate_1,candidate_3,candidate_2,3,0.04666666666666667
2633,candidate_1,candidate_3,candidate_2,3,0.04666666666666667
2634,0,candidate_3,candidate_2,3,0.04666666666666667
2635,candidate_1,candidate_3,candidate_2,3,0.04666666666666667
2636,candidate_1,candidate_3,candidate_2,3,0.04666666666666667
2637,candidate_1,candidate_3,candidate_2,3,0.04666666666666667
2638,candidate_1,candidate_3,candidate_2,3,0.04666666666666667
2639,candidate_1,candidate_3,candidate_2,3,0.04666666666666667
2640,candidate_1,candidate_3,candidate_2,3,0.04666666666666667
2641,candidate_1,candidate_3,candidate_2,3,0.04666666666666667
2642,candidate_1,candidate_3,candidate_2,3,0.04666666666666667
2643,candidate_1,candidate_3,candidate_2,3,0.04666666666666667
2644,candidate_1,candidate_3,candidate_2,3,0.04666666666666667
2645,candidate_1,candidate_3,candidate_2,3,0.04666666666666667
2646,candidate_1,candidate_3,candidate_2,3,0.04666666666666667
2647,candidate_1,0,candidate_2,3,0.04666666666666667
2648,candidate_1,candidate_3,candidate_2,3,0.04666666666666667
2649,candidate_1,candidate_3,0,3,0.04666666666666667
2650,candidate_1,candidate_3,0,3,0.04666666666666667
2651,candidate_1,candidate_3,candidate_2,3,0.04666666666666667
2652,candidate_1,candidate_3,candidate_2,3,0.04666666666666667
2653,candidate_1,candidate_3,0,3,0.04666666666666667
2654,candidate_1,candidate_3,candidate_2,3,0.04666666666666667
2655,candidate_1,candidate_3,candidate_2,3,0.04666666666666667
2656,0,candidate_3,candidate_2,3,0.04666666666666667
2657,candidate_1,candidate_3,candidate_2,3,0.04666666666666667
2658,candidate_1,candidate_3,candidate_2,3,0.04666666666666667
2659,candidate_1,candidate_3,candidate_2,3,0.04666666666666667
2660,candidate_1,candidate_3,candidate_2,3,0.04666666666666667
2661,candidate_1,candidate_3,candidate_2,3,0.04666666666666667
2662,candidate_1,candidate_3,candidate_2,3,0.04666666666666667
2663,candidate_1,candidate_3,candidate_2,3,0.04666666666666667
2664,candidate_1,candidate_3,candidate_2,3,0.04666666666666667
2665,0,candidate_3,candidate_2,3,0.04666666666666667
2666,candidate_1,candidate_3,candidate_2,3,0.04666666666666667
2667,candidate_1,candidate_3,candidate_2,3,0.04666666666666667
2668,candidate_1,candidate_3,candidate_2,3,0.04666666666666667
2669,candidate_1,candidate_3,candidate_2,3,0.04666666666666667
2670,candidate_1,candidate_3,candidate_2,3,0.04666666666666667
2671,candidate_1,candidate_3,candidate_2,3,0.04666666666666667
2672,candidate_1,candidate_3,candidate_2,3,0.04666666666666667
2673,candidate_1,candidate_3,candidate_2,3,0.04666666666666667
2674,candidate_1,candidate_3,candidate_2,3,0.04666666666666667
2675,candidate_1,candidate_3,candidate_2,3,0.04666666666666667
2676,candidate_1,candidate_3,0,3,0.04666666666666667
2677,candidate_1,candidate_3,candidate_2,3,0.04666666666666667
2678,candidate_1,candidate_3,candidate_2,3,0.04666666666666667
2679,candidate_1,candidate_3,candidate_2,3,0.04666666666666667
2680,candidate_1,candidate_3,candidate_2,3,0.04666666666666667
2681,candidate_1,candidate_3,candidate_2,3,0.04666666666666667
2682,candidate_1,candidate_3,candidate_2,3,0.04666666666666667
2683,candidate_1,candidate_3,candidate_2,3,0.04666666666666667
2684,candidate_1,candidate_3,candidate_2,3,0.04666666666666667
2685,candidate_1,candidate_3,candidate_2,3,0.04666666666666667
2686,candidate_1,candidate_3,candidate_2,3,0.04666666666666667
2687,candidate_1,candidate_3,candidate_2,3,0.04666666666666667
2688,candidate_1,candidate_3,candidate_2,3,0.04666666666666667
2689,candidate_1,candidate_3,0,3,0.04666666666666667
2690,candidate_1,candidate_3,candidate_2,3,0.04666666666666667
2691,candidate_1,candidate_3,candidate_2,3,0.04666666666666667
2692,candidate_1,candidate_3,candidate_2,3,0.04666666666666667
2693,candidate_1,candidate_3,candidate_2,3,0.04666666666666667
2694,candidate_1,candidate_3,candidate_2,3,0.04666666666666667
2695,candidate_1,candidate_3,candidate_2,3,0.04666666666666667
2696,0,candidate_3,candidate_2,3,0.04666666666666667
2697,candidate_1,candidate_3,candidate_2,3,0.04666666666666667
2698,0,candidate_3,candidate_2,3,0.04666666666666667
2699,candidate_1,candidate_3,candidate_2,3,0.04666666666666667
2700,candidate_1,candidate_3,candidate_2,3,0.04666666666666667
2701,candidate_1,candidate_3,candidate_2,3,0.04666666666666667
2702,candidate_1,candidate_3,candidate_2,3,0.04666666666666667
2703,candidate_1,candidate_3,candidate_2,3,0.04666666666666667
2704,candidate_1,candidate_3,candidate_2,3,0.04666666666666667
2705,candidate_1,candidate_3,candidate_2,3,0.04666666666666667
2706,candidate_1,candidate_3,candidate_2,3,0.04666666666666667
2707,candidate_1,candidate_3,candidate_2,3,0.04666666666666667
2708,candidate_1,candidate_3,candidate_2,3,0.04666666666666667
2709,candidate_1,candidate_3,candidate_2,3,0.04666666666666667
2710,0,candidate_3,candidate_2,3,0.04666666666666667
2711,candidate_1,candidate_3,candidate_2,3,0.04666666666666667
2712,0,candidate_3,candidate_2,3,0.04666666666666667
2713,candidate_1,candidate_3,candidate_2,3,0.04666666666666667
2714,candidate_1,candidate_3,candidate_2,3,0.04666666666666667
2715,candidate_1,candidate_3,0,3,0.04666666666666667
2716,candidate_1,candidate_3,candidate_2,3,0.04666666666666667
2717,candidate_1,candidate_3,candidate_2,3,0.04666666666666667
2718,candidate_1,candidate_3,candidate_2,3,0.04666666666666667
2719,candidate_1,candidate_3,candidate_2,3,0.04666666666666667
2720,0,0,candidate_2,3,0.04666666666666667
2721,candidate_1,candidate_3,candidate_2,3,0.04666666666666667
2722,candidate_1,candidate_3,candidate_2,3,0.04666666666666667
2723,candidate_1,candidate_3,candidate_2,3,0.04666666666666667
2724,candidate_1,candidate_3,candidate_2,3,0.04666666666666667
2725,candidate_1,0,0,3,0.04666666666666667
2726,candidate_1,candidate_3,candidate_2,3,0.04666666666666667
2727,candidate_1,candidate_3,candidate_2,3,0.04666666666666667
2728,candidate_1,candidate_3,candidate_2,3,0.04666666666666667
2729,candidate_1,candidate_3,candidate_2,3,0.04666666666666667
2730,candidate_1,candidate_3,candidate_2,3,0.04666666666666667
2731,candidate_1,candidate_3,candidate_2,3,0.04666666666666667
2732,candidate_1,candidate_3,candidate_2,3,0.04666666666666667
2733,candidate_1,candidate_3,candidate_2,3,0.04666666666666667
2734,candidate_1,candidate_3,candidate_2,3,0.04666666666666667
2735,candidate_1,candidate_3,candidate_2,3,0.04666666666666667
2736,0,candidate_3,candidate_2,3,0.04666666666666667
2737,candidate_1,candidate_3,candidate_2,3,0.04666666666666667
2738,candidate_1,candidate_3,candidate_2,3,0.04666666666666667
2739,candidate_1,candidate_3,candidate_2,3,0.04666666666666667
2740,candidate_1,candidate_3,candidate_2,3,0.04666666666666667
2741,candidate_1,candidate_3,candidate_2,3,0.04666666666666667
2742,candidate_1,candidate_3,candidate_2,3,0.04666666666666667
2743,candidate_1,candidate_3,candidate_2,3,0.04666666666666667
2744,candidate_1,candidate_3,candidate_2,3,0.04666666666666667
2745,candidate_1,candidate_3,candidate_2,3,0.04666666666666667
2746,candidate_1,candidate_3,candidate_2,3,0.04666666666666667
2747,candidate_1,candidate_3,candidate_2,3,0.04666666666666667
2748,candidate_1,candidate_3,candidate_2,3,0.04666666666666667
2749,candidate_1,candidate_3,candidate_2,3,0.04666666666666667
2750,candidate_1,candidate_3,candidate_2,3,0.04666666666666667
2751,candidate_1,candidate_3,candidate_2,3,0.04666666666666667
2752,candidate_1,candidate_3,candidate_2,3,0.04666666666666667
2753,candidate_1,candidate_3,candidate_2,3,0.04666666666666667
2754,candidate_1,candidate_3,candidate_2,3,0.04666666666666667
2755,candidate_1,0,candidate_2,3,0.04666666666666667
2756,candidate_1,candidate_3,candidate_2,3,0.04666666666666667
2757,candidate_1,candidate_3,candidate_2,3,0.04666666666666667
2758,candidate_1,candidate_3,candidate_2,3,0.04666666666666667
2759,candidate_1,candidate_3,candidate_2,3,0.04666666666666667
2760,candidate_1,candidate_3,candidate_2,3,0.04666666666666667
2761,candidate_1,candidate_3,0,3,0.04666666666666667
2762,candidate_1,candidate_3,candidate_2,3,0.04666666666666667
2763,candidate_1,candidate_3,candidate_2,3,0.04666666666666667
2764,0,candidate_3,candidate_2,3,0.04666666666666667
2765,candidate_1,candidate_3,candidate_2,3,0.04666666666666667
2766,candidate_1,candidate_3,candidate_2,3,0.04666666666666667
2767,candidate_1,candidate_3,candidate_2,3,0.04666666666666667
2768,candidate_1,candidate_3,candidate_2,3,0.04666666666666667
2769,candidate_1,candidate_3,candidate_2,3,0.04666666666666667
2770,candidate_1,candidate_3,candidate_2,3,0.04666666666666667
2771,candidate_1,candidate_3,candidate_2,3,0.04666666666666667
2772,candidate_1,candidate_3,candidate_2,3,0.04666666666666667
2773,candidate_1,candidate_3,candidate_2,3,0.04666666666666667
2774,candidate_1,candidate_3,candidate_2,3,0.04666666666666667
2775,candidate_1,candidate_3,candidate_2,3,0.04666666666666667
2776,0,candidate_3,candidate_2,3,0.04666666666666667
2777,candidate_1,candidate_3,candidate_2,3,0.04666666666666667
2778,candidate_1,candidate_3,candidate_2,3,0.04666666666666667
2779,candidate_1,candidate_3,candidate_2,3,0.04666666666666667
2780,candidate_1,candidate_3,candidate_2,3,0.04666666666666667
2781,candidate_1,candidate_3,candidate_2,3,0.04666666666666667
2782,candidate_1,candidate_3,candidate_2,3,0.04666666666666667
2783,candidate_1,candidate_3,candidate_2,3,0.04666666666666667
2784,candidate_1,candidate_3,candidate_2,3,0.04666666666666667
2785,candidate_1,candidate_3,candidate_2,3,0.04666666666666667
2786,candidate_1,candidate_3,candidate_2,3,0.04666666666666667
2787,candidate_1,candidate_3,candidate_2,3,0.04666666666666667
2788,candidate_1,candidate_3,0,3,0.04666666666666667
2789,candidate_1,candidate_3,candidate_2,3,0.04666666666666667
2790,candidate_1,candidate_3,candidate_2,3,0.04666666666666667
2791,candidate_1,0,candidate_2,3,0.04666666666666667
2792,candidate_1,candidate_3,candidate_2,3,0.04666666666666667
2793,candidate_1,candidate_3,candidate_2,3,0.04666666666666667
2794,candidate_1,candidate_3,candidate_2,3,0.04666666666666667
2795,candidate_1,candidate_3,candidate_2,3,0.04666666666666667
2796,candidate_1,candidate_3,candidate_2,3,0.04666666666666667
2797,candidate_1,candidate_3,candidate_2,3,0.04666666666666667
2798,candidate_1,candidate_3,candidate_2,3,0.04666666666666667
2799,candidate_1,candidate_3,candidate_2,3,0.04666666666666667
2800,candidate_1,candidate_3,candidate_2,3,0.04666666666666667
2801,candidate_1,candidate_3,candidate_2,3,0.04666666666666667
2802,candidate_1,candidate_3,candidate_2,3,0.04666666666666667
2803,candidate_1,candidate_3,candidate_2,3,0.04666666666666667
2804,candidate_1,candidate_3,candidate_2,3,0.04666666666666667
2805,candidate_1,candidate_3,candidate_2,3,0.04666666666666667
2806,candidate_1,candidate_3,candidate_2,3,0.04666666666666667
2807,candidate_1,candidate_3,candidate_2,3,0.04666666666666667
2808,candidate_1,candidate_3,candidate_2,3,0.04666666666666667
2809,candidate_1,0,candidate_2,3,0.04666666666666667
2810,candidate_1,candidate_3,candidate_2,3,0.04666666666666667
2811,candidate_1,candidate_3,candidate_2,3,0.04666666666666667
2812,candidate_1,candidate_3,candidate_2,3,0.04666666666666667
2813,candidate_1,candidate_3,candidate_2,3,0.04666666666666667
2814,candidate_1,candidate_3,candidate_2,3,0.04666666666666667
2815,candidate_1,candidate_3,candidate_2,3,0.04666666666666667
2816,candidate_1,candidate_3,candidate_2,3,0.04666666666666667
2817,candidate_1,candidate_3,candidate_2,3,0.04666666666666667
2818,candidate_1,candidate_3,candidate_2,3,0.04666666666666667
2819,candidate_1,candidate_3,candidate_2,3,0.04666666666666667
2820,candidate_1,candidate_3,candidate_2,3,0.04666666666666667
2821,candidate_1,candidate_3,candidate_2,3,0.04666666666666667
2822,0,candidate_3,candidate_2,3,0.04666666666666667
2823,candidate_1,candidate_3,candidate_2,3,0.04666666666666667
2824,candidate_1,0,candidate_2,3,0.04666666666666667
2825,candidate_1,candidate_3,candidate_2,3,0.04666666666666667
2826,candidate_1,candidate_3,candidate_2,3,0.04666666666666667
2827,candidate_1,candidate_3,candidate_2,3,0.04666666666666667
2828,candidate_1,candidate_3,candidate_2,3,0.04666666666666667
2829,candidate_1,candidate_3,candidate_2,3,0.04666666666666667
2830,candidate_1,candidate_3,candidate_2,3,0.04666666666666667
2831,candidate_1,candidate_3,candidate_2,3,0.04666666666666667
2832,candidate_1,candidate_3,candidate_2,3,0.04666666666666667
2833,candidate_1,candidate_3,candidate_2,3,0.04666666666666667
2834,candidate_1,candidate_3,candidate_2,3,0.04666666666666667
2835,candidate_1,candidate_3,candidate_2,3,0.04666666666666667
2836,candidate_1,candidate_3,candidate_2,3,0.04666666666666667
2837,candidate_1,candidate_3,candidate_2,3,0.04666666666666667
2838,candidate_1,candidate_3,candidate_2,3,0.04666666666666667
2839,candidate_1,candidate_3,candidate_2,3,0.04666666666666667
2840,candidate_1,candidate_3,candidate_2,3,0.04666666666666667
2841,candidate_1,candidate_3,candidate_2,3,0.04666666666666667
2842,0,0,candidate_2,3,0.04666666666666667
2843,candidate_1,candidate_3,candidate_2,3,0.04666666666666667
2844,candidate_1,candidate_3,candidate_2,3,0.04666666666666667
2845,candidate_1,candidate_3,candidate_2,3,0.04666666666666667
2846,candidate_1,candidate_3,candidate_2,3,0.04666666666666667
2847,candidate_1,candidate_3,candidate_2,3,0.04666666666666667
2848,candidate_1,candidate_3,candidate_2,3,0.04666666666666667
2849,candidate_1,candidate_3,candidate_2,3,0.04666666666666667
2850,candidate_1,candidate_3,candidate_2,3,0.04666666666666667
2851,candidate_1,candidate_3,candidate_2,3,0.04666666666666667
2852,candidate_1,candidate_3,candidate_2,3,0.04666666666666667
2853,candidate_1,candidate_3,candidate_2,3,0.04666666666666667
2854,candidate_1,candidate_3,0,3,0.04666666666666667
2855,candidate_1,candidate_3,candidate_2,3,0.04666666666666667
2856,candidate_1,candidate_3,candidate_2,3,0.04666666666666667
2857,candidate_1,candidate_3,candidate_2,3,0.04666666666666667
2858,candidate_1,candidate_3,candidate_2,3,0.04666666666666667
2859,candidate_1,candidate_3,candidate_2,3,0.04666666666666667
2860,candidate_1,candidate_3,candidate_2,3,0.04666666666666667
2861,candidate_1,candidate_3,candidate_2,3,0.04666666666666667
2862,candidate_1,candidate_3,candidate_2,3,0.04666666666666667
2863,candidate_1,candidate_3,candidate_2,3,0.04666666666666667
2864,candidate_1,candidate_3,candidate_2,3,0.04666666666666667
2865,candidate_1,candidate_3,candidate_2,3,0.04666666666666667
2866,candidate_1,candidate_3,candidate_2,3,0.04666666666666667
2867,candidate_1,candidate_3,candidate_2,3,0.04666666666666667
2868,candidate_1,candidate_3,candidate_2,3,0.04666666666666667
2869,candidate_1,candidate_3,candidate_2,3,0.04666666666666667
2870,candidate_1,candidate_3,candidate_2,3,0.04666666666666667
2871,candidate_1,candidate_3,candidate_2,3,0.04666666666666667
2872,candidate_1,candidate_3,candidate_2,3,0.04666666666666667
2873,candidate_1,candidate_3,0,3,0.04666666666666667
2874,candidate_1,candidate_3,candidate_2,3,0.04666666666666667
2875,candidate_1,candidate_3,candidate_2,3,0.04666666666666667
2876,candidate_1,candidate_3,candidate_2,3,0.04666666666666667
2877,candidate_1,0,candidate_2,3,0.04666666666666667
2878,candidate_1,candidate_3,candidate_2,3,0.04666666666666667
2879,candidate_1,candidate_3,candidate_2,3,0.04666666666666667
2880,candidate_1,candidate_3,candidate_2,3,0.04666666666666667
2881,candidate_1,candidate_3,candidate_2,3,0.04666666666666667
2882,candidate_1,candidate_3,candidate_2,3,0.04666666666666667
2883,candidate_1,candidate_3,candidate_2,3,0.04666666666666667
2884,candidate_1,candidate_3,candidate_2,3,0.04666666666666667
2885,candidate_1,candidate_3,candidate_2,3,0.04666666666666667
2886,candidate_1,candidate_3,candidate_2,3,0.04666666666666667
2887,candidate_1,candidate_3,0,3,0.04666666666666667
2888,candidate_1,candidate_3,candidate_2,3,0.04666666666666667
2889,candidate_1,candidate_3,candidate_2,3,0.04666666666666667
2890,candidate_1,candidate_3,candidate_2,3,0.04666666666666667
2891,candidate_1,candidate_3,candidate_2,3,0.04666666666666667
2892,candidate_1,candidate_3,candidate_2,3,0.04666666666666667
2893,candidate_1,candidate_3,candidate_2,3,0.04666666666666667
2894,candidate_1,candidate_3,candidate_2,3,0.04666666666666667
2895,candidate_1,candidate_3,candidate_2,3,0.04666666666666667
2896,candidate_1,candidate_3,candidate_2,3,0.04666666666666667
2897,candidate_1,candidate_3,candidate_2,3,0.04666666666666667
2898,candidate_1,candidate_3,candidate_2,3,0.04666666666666667
2899,candidate_1,candidate_3,candidate_2,3,0.04666666666666667
2900,candidate_1,candidate_3,candidate_2,3,0.04666666666666667
2901,candidate_1,candidate_3,candidate_2,3,0.04666666666666667
2902,candidate_1,0,candidate_2,3,0.04666666666666667
2903,candidate_1,candidate_3,candidate_2,3,0.04666666666666667
2904,candidate_1,candidate_3,candidate_2,3,0.04666666666666667
2905,candidate_1,candidate_3,candidate_2,3,0.04666666666666667
2906,candidate_1,candidate_3,candidate_2,3,0.04666666666666667
2907,candidate_1,candidate_3,candidate_2,3,0.04666666666666667
2908,candidate_1,candidate_3,candidate_2,3,0.04666666666666667
2909,candidate_1,candidate_3,candidate_2,3,0.04666666666666667
2910,candidate_1,candidate_3,candidate_2,3,0.04666666666666667
2911,candidate_1,candidate_3,candidate_2,3,0.04666666666666667
2912,candidate_1,candidate_3,candidate_2,3,0.04666666666666667
2913,candidate_1,candidate_3,candidate_2,3,0.04666666666666667
2914,candidate_1,candidate_3,candidate_2,3,0.04666666666666667
2915,candidate_1,candidate_3,candidate_2,3,0.04666666666666667
2916,candidate_1,candidate_3,candidate_2,3,0.04666666666666667
2917,candidate_1,candidate_3,candidate_2,3,0.04666666666666667
2918,candidate_1,candidate_3,candidate_2,3,0.04666666666666667
2919,candidate_1,candidate_3,candidate_2,3,0.04666666666666667
2920,candidate_1,0,candidate_2,3,0.04666666666666667
2921,candidate_1,candidate_3,candidate_2,3,0.04666666666666667
2922,candidate_1,candidate_3,candidate_2,3,0.04666666666666667
2923,candidate_1,candidate_3,candidate_2,3,0.04666666666666667
2924,candidate_1,candidate_3,candidate_2,3,0.04666666666666667
2925,candidate_1,candidate_3,candidate_2,3,0.04666666666666667
2926,candidate_1,candidate_3,candidate_2,3,0.04666666666666667
2927,candidate_1,candidate_3,candidate_2,3,0.04666666666666667
2928,candidate_1,candidate_3,candidate_2,3,0.04666666666666667
2929,candidate_1,candidate_3,candidate_2,3,0.04666666666666667
2930,candidate_1,candidate_3,candidate_2,3,0.04666666666666667
2931,candidate_1,candidate_3,candidate_2,3,0.04666666666666667
2932,candidate_1,candidate_3,candidate_2,3,0.04666666666666667
2933,candidate_1,candidate_3,candidate_2,3,0.04666666666666667
2934,candidate_1,candidate_3,candidate_2,3,0.04666666666666667
2935,candidate_1,candidate_3,candidate_2,3,0.04666666666666667
2936,candidate_1,candidate_3,candidate_2,3,0.04666666666666667
2937,candidate_1,candidate_3,candidate_2,3,0.04666666666666667
2938,candidate_1,candidate_3,candidate_2,3,0.04666666666666667
2939,candidate_1,candidate_3,candidate_2,3,0.04666666666666667
2940,candidate_1,candidate_3,0,3,0.04666666666666667
2941,candidate_1,candidate_3,candidate_2,3,0.04666666666666667
2942,candidate_1,candidate_3,candidate_2,3,0.04666666666666667
2943,candidate_1,candidate_3,candidate_2,3,0.04666666666666667
2944,candidate_1,candidate_3,candidate_2,3,0.04666666666666667
2945,candidate_1,0,candidate_2,3,0.04666666666666667
2946,candidate_1,candidate_3,candidate_2,3,0.04666666666666667
2947,candidate_1,candidate_3,candidate_2,3,0.04666666666666667
2948,candidate_1,candidate_3,candidate_2,3,0.04666666666666667
2949,candidate_1,candidate_3,candidate_2,3,0.04666666666666667
2950,candidate_1,candidate_3,candidate_2,3,0.04666666666666667
2951,candidate_1,0,candidate_2,3,0.04666666666666667
2952,candidate_1,candidate_3,candidate_2,3,0.04666666666666667
2953,candidate_1,candidate_3,candidate_2,3,0.04666666666666667
2954,candidate_1,candidate_3,candidate_2,3,0.04666666666666667
2955,candidate_1,candidate_3,candidate_2,3,0.04666666666666667
2956,candidate_1,candidate_3,candidate_2,3,0.04666666666666667
2957,candidate_1,candidate_3,candidate_2,3,0.04666666666666667
2958,candidate_1,candidate_3,candidate_2,3,0.04666666666666667
2959,candidate_1,candidate_3,candidate_2,3,0.04666666666666667
2960,candidate_1,candidate_3,candidate_2,3,0.04666666666666667
2961,candidate_1,candidate_3,candidate_2,3,0.04666666666666667
2962,candidate_1,candidate_3,candidate_2,3,0.04666666666666667
2963,candidate_1,candidate_3,candidate_2,3,0.04666666666666667
2964,candidate_1,candidate_3,candidate_2,3,0.04666666666666667
2965,0,candidate_3,candidate_2,3,0.04666666666666667
2966,candidate_1,candidate_3,candidate_2,3,0.04666666666666667
2967,candidate_1,candidate_3,candidate_2,3,0.04666666666666667
2968,candidate_1,0,candidate_2,3,0.04666666666666667
2969,candidate_1,candidate_3,candidate_2,3,0.04666666666666667
2970,candidate_1,candidate_3,candidate_2,3,0.04666666666666667
2971,candidate_1,candidate_3,candidate_2,3,0.04666666666666667
2972,candidate_1,candidate_3,candidate_2,3,0.04666666666666667
2973,candidate_1,candidate_3,candidate_2,3,0.04666666666666667
2974,candidate_1,candidate_3,candidate_2,3,0.04666666666666667
2975,candidate_1,candidate_3,candidate_2,3,0.04666666666666667
2976,candidate_1,candidate_3,candidate_2,3,0.04666666666666667
2977,candidate_1,candidate_3,candidate_2,3,0.04666666666666667
2978,candidate_1,candidate_3,candidate_2,3,0.04666666666666667
2979,candidate_1,candidate_3,candidate_2,3,0.04666666666666667
2980,candidate_1,0,candidate_2,3,0.04666666666666667
2981,0,candidate_3,candidate_2,3,0.04666666666666667
2982,candidate_1,candidate_3,candidate_2,3,0.04666666666666667
2983,candidate_1,candidate_3,candidate_2,3,0.04666666666666667
2984,candidate_1,0,candidate_2,3,0.04666666666666667
2985,candidate_1,candidate_3,candidate_2,3,0.04666666666666667
2986,candidate_1,candidate_3,candidate_2,3,0.04666666666666667
2987,candidate_1,0,candidate_2,3,0.04666666666666667
2988,candidate_1,candidate_3,candidate_2,3,0.04666666666666667
2989,candidate_1,0,candidate_2,3,0.04666666666666667
2990,candidate_1,candidate_3,candidate_2,3,0.04666666666666667
2991,candidate_1,candidate_3,candidate_2,3,0.04666666666666667
2992,candidate_1,candidate_3,candidate_2,3,0.04666666666666667
2993,candidate_1,candidate_3,candidate_2,3,0.04666666666666667
2994,candidate_1,candidate_3,candidate_2,3,0.04666666666666667
2995,candidate_1,candidate_3,candidate_2,3,0.04666666666666667
2996,0,candidate_3,candidate_2,3,0.04666666666666667
2997,candidate_1,candidate_3,candidate_2,3,0.04666666666666667
2998,candidate_1,candidate_3,candidate_2,3,0.04666666666666667
2999,candidate_1,candidate_3,candidate_2,3,0.04666666666666667
3000,candidate_1,candidate_3,candidate_2,3,0.04666666666666667
3001,candidate_1,candidate_3,candidate_2,3,0.04666666666666667
3002,candidate_1,candidate_3,candidate_2,3,0.04666666666666667
3003,candidate_1,candidate_3,candidate_2,3,0.04666666666666667
3004,candidate_1,candidate_3,candidate_2,3,0.04666666666666667
3005,candidate_1,candidate_3,candidate_2,3,0.04666666666666667
3006,candidate_1,candidate_3,candidate_2,3,0.04666666666666667
3007,candidate_1,candidate_3,candidate_2,3,0.04666666666666667
3008,candidate_1,candidate_3,candidate_2,3,0.04666666666666667
3009,candidate_1,candidate_3,candidate_2,3,0.04666666666666667
3010,0,candidate_3,candidate_2,3,0.04666666666666667
3011,candidate_1,candidate_3,candidate_2,3,0.04666666666666667
3012,candidate_1,candidate_3,candidate_2,3,0.04666666666666667
3013,candidate_1,candidate_3,0,3,0.04666666666666667
3014,candidate_1,candidate_3,candidate_2,3,0.04666666666666667
3015,candidate_1,candidate_3,candidate_2,3,0.04666666666666667
3016,candidate_1,candidate_3,candidate_2,3,0.04666666666666667
3017,candidate_1,candidate_3,candidate_2,3,0.04666666666666667
3018,candidate_1,candidate_3,candidate_2,3,0.04666666666666667
3019,candidate_1,candidate_3,candidate_2,3,0.04666666666666667
3020,candidate_1,candidate_3,candidate_2,3,0.04666666666666667
3021,candidate_1,candidate_3,candidate_2,3,0.04666666666666667
3022,candidate_1,candidate_3,candidate_2,3,0.04666666666666667
3023,candidate_1,candidate_3,candidate_2,3,0.04666666666666667
3024,candidate_1,candidate_3,candidate_2,3,0.04666666666666667
3025,candidate_1,candidate_3,candidate_2,3,0.04666666666666667
3026,candidate_1,candidate_3,candidate_2,3,0.04666666666666667
3027,candidate_1,candidate_3,candidate_2,3,0.04666666666666667
3028,candidate_1,candidate_3,candidate_2,3,0.04666666666666667
3029,candidate_1,candidate_3,candidate_2,3,0.04666666666666667
3030,candidate_1,candidate_3,candidate_2,3,0.04666666666666667
3031,candidate_1,candidate_3,candidate_2,3,0.04666666666666667
3032,candidate_1,candidate_3,candidate_2,3,0.04666666666666667
3033,candidate_1,candidate_3,candidate_2,3,0.04666666666666667
3034,0,0,candidate_2,3,0.04666666666666667
3035,candidate_1,candidate_3,candidate_2,3,0.04666666666666667
3036,candidate_1,candidate_3,candidate_2,3,0.04666666666666667
3037,candidate_1,candidate_3,candidate_2,3,0.04666666666666667
3038,candidate_1,0,candidate_2,3,0.04666666666666667
3039,candidate_1,candidate_3,candidate_2,3,0.04666666666666667
3040,candidate_1,candidate_3,candidate_2,3,0.04666666666666667
3041,candidate_1,candidate_3,candidate_2,3,0.04666666666666667
3042,candidate_1,candidate_3,candidate_2,3,0.04666666666666667
3043,candidate_1,0,candidate_2,3,0.04666666666666667
3044,candidate_1,candidate_3,candidate_2,3,0.04666666666666667
3045,candidate_1,candidate_3,candidate_2,3,0.04666666666666667
3046,candidate_1,candidate_3,0,3,0.04666666666666667
3047,candidate_1,candidate_3,0,3,0.04666666666666667
3048,candidate_1,candidate_3,candidate_2,3,0.04666666666666667
3049,candidate_1,candidate_3,candidate_2,3,0.04666666666666667
3050,candidate_1,candidate_3,candidate_2,3,0.04666666666666667
3051,candidate_1,candidate_3,candidate_2,3,0.04666666666666667
3052,candidate_1,candidate_3,0,3,0.04666666666666667
3053,candidate_1,candidate_3,candidate_2,3,0.04666666666666667
3054,candidate_1,0,candidate_2,3,0.04666666666666667
3055,candidate_1,0,candidate_2,3,0.04666666666666667
3056,candidate_1,candidate_3,candidate_2,3,0.04666666666666667
3057,candidate_1,candidate_3,candidate_2,3,0.04666666666666667
3058,candidate_1,candidate_3,candidate_2,3,0.04666666666666667
3059,candidate_1,candidate_3,candidate_2,3,0.04666666666666667
3060,candidate_1,candidate_3,candidate_2,3,0.04666666666666667
3061,candidate_1,candidate_3,candidate_2,3,0.04666666666666667
3062,candidate_1,candidate_3,candidate_2,3,0.04666666666666667
3063,candidate_1,candidate_3,candidate_2,3,0.04666666666666667
3064,candidate_1,candidate_3,0,3,0.04666666666666667
3065,candidate_1,candidate_3,candidate_2,3,0.04666666666666667
3066,candidate_1,0,candidate_2,3,0.04666666666666667
3067,candidate_1,candidate_3,candidate_2,3,0.04666666666666667
3068,candidate_1,candidate_3,candidate_2,3,0.04666666666666667
3069,candidate_1,candidate_3,candidate_2,3,0.04666666666666667
3070,candidate_1,0,candidate_2,3,0.04666666666666667
3071,candidate_1,candidate_3,candidate_2,3,0.04666666666666667
3072,candidate_1,candidate_3,0,3,0.04666666666666667
3073,candidate_1,candidate_3,candidate_2,3,0.04666666666666667
3074,candidate_1,candidate_3,candidate_2,3,0.04666666666666667
3075,candidate_1,candidate_3,candidate_2,3,0.04666666666666667
3076,candidate_1,candidate_3,candidate_2,3,0.04666666666666667
3077,candidate_1,candidate_3,candidate_2,3,0.04666666666666667
3078,candidate_1,candidate_3,candidate_2,3,0.04666666666666667
3079,candidate_1,candidate_3,candidate_2,3,0.04666666666666667
3080,candidate_1,candidate_3,0,3,0.04666666666666667
3081,candidate_1,candidate_3,candidate_2,3,0.04666666666666667
3082,candidate_1,candidate_3,candidate_2,3,0.04666666666666667
3083,candidate_1,candidate_3,candidate_2,3,0.04666666666666667
3084,candidate_1,candidate_3,candidate_2,3,0.04666666666666667
3085,candidate_1,candidate_3,0,3,0.04666666666666667
3086,candidate_1,candidate_3,0,3,0.04666666666666667
3087,candidate_1,candidate_3,candidate_2,3,0.04666666666666667
3088,candidate_1,candidate_3,candidate_2,3,0.04666666666666667
3089,candidate_1,candidate_3,candidate_2,3,0.04666666666666667
3090,candidate_1,candidate_3,candidate_2,3,0.04666666666666667
3091,candidate_1,candidate_3,candidate_2,3,0.04666666666666667
3092,candidate_1,candidate_3,candidate_2,3,0.04666666666666667
3093,candidate_1,candidate_3,candidate_2,3,0.04666666666666667
3094,candidate_1,candidate_3,candidate_2,3,0.04666666666666667
3095,0,candidate_3,candidate_2,3,0.04666666666666667
3096,candidate_1,candidate_3,candidate_2,3,0.04666666666666667
3097,candidate_1,candidate_3,candidate_2,3,0.04666666666666667
3098,candidate_1,candidate_3,candidate_2,3,0.04666666666666667
3099,candidate_1,candidate_3,candidate_2,3,0.04666666666666667
3100,candidate_1,candidate_3,candidate_2,3,0.04666666666666667
3101,candidate_1,candidate_3,candidate_2,3,0.04666666666666667
3102,candidate_1,candidate_3,candidate_2,3,0.04666666666666667
3103,candidate_1,candidate_3,candidate_2,3,0.04666666666666667
3104,candidate_1,candidate_3,candidate_2,3,0.04666666666666667
3105,candidate_1,candidate_3,candidate_2,3,0.04666666666666667
3106,candidate_1,candidate_3,candidate_2,3,0.04666666666666667
3107,candidate_1,candidate_3,candidate_2,3,0.04666666666666667
3108,candidate_1,candidate_3,candidate_2,3,0.04666666666666667
3109,candidate_1,candidate_3,candidate_2,3,0.04666666666666667
3110,candidate_1,candidate_3,candidate_2,3,0.04666666666666667
3111,candidate_1,candidate_3,candidate_2,3,0.04666666666666667
3112,candidate_1,candidate_3,candidate_2,3,0.04666666666666667
3113,candidate_1,candidate_3,candidate_2,3,0.04666666666666667
3114,candidate_1,candidate_3,candidate_2,3,0.04666666666666667
3115,candidate_1,candidate_3,candidate_2,3,0.04666666666666667
3116,candidate_1,candidate_3,candidate_2,3,0.04666666666666667
3117,0,candidate_3,candidate_2,3,0.04666666666666667
3118,candidate_1,candidate_3,candidate_2,3,0.04666666666666667
3119,candidate_1,candidate_3,0,3,0.04666666666666667
3120,candidate_1,candidate_3,candidate_2,3,0.04666666666666667
3121,candidate_1,candidate_3,candidate_2,3,0.04666666666666667
3122,candidate_1,candidate_3,candidate_2,3,0.04666666666666667
3123,candidate_1,candidate_3,candidate_2,3,0.04666666666666667
3124,candidate_1,candidate_3,candidate_2,3,0.04666666666666667
3125,candidate_1,candidate_3,candidate_2,3,0.04666666666666667
3126,candidate_1,candidate_3,candidate_2,3,0.04666666666666667
3127,candidate_1,candidate_3,0,3,0.04666666666666667
3128,candidate_1,candidate_3,candidate_2,3,0.04666666666666667
3129,candidate_1,candidate_3,candidate_2,3,0.04666666666666667
3130,candidate_1,candidate_3,candidate_2,3,0.04666666666666667
3131,candidate_1,candidate_3,candidate_2,3,0.04666666666666667
3132,candidate_1,0,candidate_2,3,0.04666666666666667
3133,candidate_1,candidate_3,candidate_2,3,0.04666666666666667
3134,candidate_1,candidate_3,candidate_2,3,0.04666666666666667
3135,candidate_1,candidate_3,candidate_2,3,0.04666666666666667
3136,candidate_1,candidate_3,candidate_2,3,0.04666666666666667
3137,candidate_1,candidate_3,candidate_2,3,0.04666666666666667
3138,candidate_1,candidate_3,candidate_2,3,0.04666666666666667
3139,candidate_1,candidate_3,candidate_2,3,0.04666666666666667
3140,candidate_1,candidate_3,candidate_2,3,0.04666666666666667
3141,candidate_1,candidate_3,candidate_2,3,0.04666666666666667
3142,candidate_1,candidate_3,candidate_2,3,0.04666666666666667
3143,candidate_1,candidate_3,candidate_2,3,0.04666666666666667
3144,candidate_1,0,candidate_2,3,0.04666666666666667
3145,candidate_1,candidate_3,candidate_2,3,0.04666666666666667
3146,candidate_1,candidate_3,candidate_2,3,0.04666666666666667
3147,candidate_1,candidate_3,candidate_2,3,0.04666666666666667
3148,candidate_1,candidate_3,candidate_2,3,0.04666666666666667
3149,candidate_1,0,candidate_2,3,0.04666666666666667
3150,candidate_1,candidate_3,candidate_2,3,0.04666666666666667
3151,candidate_1,candidate_3,candidate_2,3,0.04666666666666667
3152,candidate_1,candidate_3,candidate_2,3,0.04666666666666667
3153,candidate_1,candidate_3,candidate_2,3,0.04666666666666667
3154,candidate_1,candidate_3,candidate_2,3,0.04666666666666667
3155,0,candidate_3,candidate_2,3,0.04666666666666667
3156,candidate_1,candidate_3,candidate_2,3,0.04666666666666667
3157,candidate_1,candidate_3,candidate_2,3,0.04666666666666667
3158,candidate_1,0,candidate_2,3,0.04666666666666667
3159,candidate_1,candidate_3,candidate_2,3,0.04666666666666667
3160,candidate_1,candidate_3,candidate_2,3,0.04666666666666667
3161,candidate_1,candidate_3,candidate_2,3,0.04666666666666667
3162,candidate_1,candidate_3,candidate_2,3,0.04666666666666667
3163,candidate_1,candidate_3,candidate_2,3,0.04666666666666667
3164,candidate_1,candidate_3,candidate_2,3,0.04666666666666667
3165,candidate_1,candidate_3,candidate_2,3,0.04666666666666667
3166,candidate_1,candidate_3,candidate_2,3,0.04666666666666667
3167,candidate_1,candidate_3,candidate_2,3,0.04666666666666667
3168,candidate_1,candidate_3,candidate_2,3,0.04666666666666667
3169,candidate_1,candidate_3,candidate_2,3,0.04666666666666667
3170,candidate_1,candidate_3,candidate_2,3,0.04666666666666667
3171,candidate_1,candidate_3,candidate_2,3,0.04666666666666667
3172,candidate_1,candidate_3,candidate_2,3,0.04666666666666667
3173,candidate_1,candidate_3,candidate_2,3,0.04666666666666667
3174,candidate_1,candidate_3,candidate_2,3,0.04666666666666667
3175,candidate_1,candidate_3,candidate_2,3,0.04666666666666667
3176,candidate_1,0,candidate_2,3,0.04666666666666667
3177,candidate_1,candidate_3,0,3,0.04666666666666667
3178,candidate_1,candidate_3,candidate_2,3,0.04666666666666667
3179,candidate_1,candidate_3,candidate_2,3,0.04666666666666667
3180,candidate_1,candidate_3,candidate_2,3,0.04666666666666667
3181,candidate_1,candidate_3,candidate_2,3,0.04666666666666667
3182,candidate_1,candidate_3,candidate_2,3,0.04666666666666667
3183,candidate_1,candidate_3,candidate_2,3,0.04666666666666667
3184,candidate_1,candidate_3,candidate_2,3,0.04666666666666667
3185,candidate_1,candidate_3,candidate_2,3,0.04666666666666667
3186,candidate_1,candidate_3,candidate_2,3,0.04666666666666667
3187,0,candidate_3,candidate_2,3,0.04666666666666667
3188,candidate_1,candidate_3,candidate_2,3,0.04666666666666667
3189,candidate_1,candidate_3,candidate_2,3,0.04666666666666667
3190,candidate_1,candidate_3,candidate_2,3,0.04666666666666667
3191,candidate_1,candidate_3,candidate_2,3,0.04666666666666667
3192,candidate_1,candidate_3,candidate_2,3,0.04666666666666667
3193,candidate_1,candidate_3,candidate_2,3,0.04666666666666667
3194,candidate_1,candidate_3,candidate_2,3,0.04666666666666667
3195,candidate_1,candidate_3,candidate_2,3,0.04666666666666667
3196,candidate_1,candidate_3,candidate_2,3,0.04666666666666667
3197,candidate_1,candidate_3,candidate_2,3,0.04666666666666667
3198,candidate_1,candidate_3,candidate_2,3,0.04666666666666667
3199,candidate_1,candidate_3,candidate_2,3,0.04666666666666667
3200,candidate_1,candidate_3,candidate_2,3,0.04666666666666667
3201,candidate_1,candidate_3,candidate_2,3,0.04666666666666667
3202,candidate_1,candidate_3,candidate_2,3,0.04666666666666667
3203,candidate_1,candidate_3,candidate_2,3,0.04666666666666667
3204,candidate_1,candidate_3,0,3,0.04666666666666667
3205,candidate_1,candidate_3,0,3,0.04666666666666667
3206,candidate_1,candidate_3,candidate_2,3,0.04666666666666667
3207,candidate_1,0,candidate_2,3,0.04666666666666667
3208,candidate_1,candidate_3,candidate_2,3,0.04666666666666667
3209,candidate_1,candidate_3,candidate_2,3,0.04666666666666667
3210,candidate_1,candidate_3,candidate_2,3,0.04666666666666667
3211,candidate_1,candidate_3,candidate_2,3,0.04666666666666667
3212,candidate_1,candidate_3,candidate_2,3,0.04666666666666667
3213,candidate_1,candidate_3,candidate_2,3,0.04666666666666667
3214,candidate_1,candidate_3,candidate_2,3,0.04666666666666667
3215,candidate_1,candidate_3,candidate_2,3,0.04666666666666667
3216,candidate_1,candidate_3,candidate_2,3,0.04666666666666667
3217,candidate_1,candidate_3,0,3,0.04666666666666667
3218,0,candidate_3,candidate_2,3,0.04666666666666667
3219,candidate_1,candidate_3,candidate_2,3,0.04666666666666667
3220,candidate_1,candidate_3,candidate_2,3,0.04666666666666667
3221,candidate_1,candidate_3,candidate_2,3,0.04666666666666667
3222,0,candidate_3,candidate_2,3,0.04666666666666667
3223,candidate_1,candidate_3,candidate_2,3,0.04666666666666667
3224,candidate_1,0,candidate_2,3,0.04666666666666667
3225,candidate_1,candidate_3,candidate_2,3,0.04666666666666667
3226,candidate_1,candidate_3,candidate_2,3,0.04666666666666667
3227,candidate_1,candidate_3,candidate_2,3,0.04666666666666667
3228,candidate_1,candidate_3,candidate_2,3,0.04666666666666667
3229,candidate_1,candidate_3,candidate_2,3,0.04666666666666667
3230,candidate_1,candidate_3,candidate_2,3,0.04666666666666667
3231,candidate_1,candidate_3,candidate_2,3,0.04666666666666667
3232,candidate_1,candidate_3,candidate_2,3,0.04666666666666667
3233,candidate_1,candidate_3,candidate_2,3,0.04666666666666667
3234,candidate_1,candidate_3,candidate_2,3,0.04666666666666667
3235,0,candidate_3,candidate_2,3,0.04666666666666667
3236,candidate_1,candidate_3,candidate_2,3,0.04666666666666667
3237,0,candidate_3,candidate_2,3,0.04666666666666667
3238,candidate_1,candidate_3,candidate_2,3,0.04666666666666667
3239,candidate_1,candidate_3,candidate_2,3,0.04666666666666667
3240,candidate_1,candidate_3,candidate_2,3,0.04666666666666667
3241,candidate_1,candidate_3,candidate_2,3,0.04666666666666667
3242,candidate_1,candidate_3,candidate_2,3,0.04666666666666667
3243,0,candidate_3,candidate_2,3,0.04666666666666667
3244,0,candidate_3,candidate_2,3,0.04666666666666667
3245,candidate_1,candidate_3,candidate_2,3,0.04666666666666667
3246,0,candidate_3,candidate_2,3,0.04666666666666667
3247,candidate_1,candidate_3,candidate_2,3,0.04666666666666667
3248,candidate_1,candidate_3,candidate_2,3,0.04666666666666667
3249,candidate_1,candidate_3,candidate_2,3,0.04666666666666667
3250,candidate_1,candidate_3,candidate_2,3,0.04666666666666667
3251,candidate_1,candidate_3,candidate_2,3,0.04666666666666667
3252,candidate_1,candidate_3,candidate_2,3,0.04666666666666667
3253,candidate_1,0,candidate_2,3,0.04666666666666667
3254,candidate_1,candidate_3,candidate_2,3,0.04666666666666667
3255,candidate_1,candidate_3,candidate_2,3,0.04666666666666667
3256,candidate_1,candidate_3,candidate_2,3,0.04666666666666667
3257,candidate_1,candidate_3,candidate_2,3,0.04666666666666667
3258,candidate_1,candidate_3,candidate_2,3,0.04666666666666667
3259,candidate_1,candidate_3,candidate_2,3,0.04666666666666667
3260,candidate_1,candidate_3,candidate_2,3,0.04666666666666667
3261,candidate_1,candidate_3,candidate_2,3,0.04666666666666667
3262,0,candidate_3,candidate_2,3,0.04666666666666667
3263,candidate_1,candidate_3,candidate_2,3,0.04666666666666667
3264,candidate_1,candidate_3,0,3,0.04666666666666667
3265,candidate_1,candidate_3,candidate_2,3,0.04666666666666667
3266,candidate_1,candidate_3,candidate_2,3,0.04666666666666667
3267,candidate_1,candidate_3,candidate_2,3,0.04666666666666667
3268,candidate_1,candidate_3,candidate_2,3,0.04666666666666667
3269,candidate_1,0,candidate_2,3,0.04666666666666667
3270,candidate_1,candidate_3,candidate_2,3,0.04666666666666667
3271,candidate_1,candidate_3,candidate_2,3,0.04666666666666667
3272,candidate_1,candidate_3,candidate_2,3,0.04666666666666667
3273,candidate_1,candidate_3,candidate_2,3,0.04666666666666667
3274,candidate_1,candidate_3,candidate_2,3,0.04666666666666667
3275,candidate_1,candidate_3,candidate_2,3,0.04666666666666667
3276,candidate_1,candidate_3,candidate_2,3,0.04666666666666667
3277,candidate_1,candidate_3,candidate_2,3,0.04666666666666667
3278,candidate_1,candidate_3,candidate_2,3,0.04666666666666667
3279,candidate_1,candidate_3,candidate_2,3,0.04666666666666667
3280,candidate_1,candidate_3,candidate_2,3,0.04666666666666667
3281,candidate_1,candidate_3,candidate_2,3,0.04666666666666667
3282,candidate_1,candidate_3,candidate_2,3,0.04666666666666667
3283,candidate_1,candidate_3,candidate_2,3,0.04666666666666667
3284,candidate_1,candidate_3,candidate_2,3,0.04666666666666667
3285,candidate_1,candidate_3,candidate_2,3,0.04666666666666667
3286,candidate_1,candidate_3,candidate_2,3,0.04666666666666667
3287,candidate_1,candidate_3,candidate_2,3,0.04666666666666667
3288,candidate_1,candidate_3,candidate_2,3,0.04666666666666667
3289,candidate_1,candidate_3,candidate_2,3,0.04666666666666667
3290,0,candidate_3,candidate_2,3,0.04666666666666667
3291,candidate_1,candidate_3,candidate_2,3,0.04666666666666667
3292,candidate_1,candidate_3,candidate_2,3,0.04666666666666667
3293,candidate_1,candidate_3,candidate_2,3,0.04666666666666667
3294,candidate_1,candidate_3,candidate_2,3,0.04666666666666667
3295,0,candidate_3,candidate_2,3,0.04666666666666667
3296,candidate_1,candidate_3,candidate_2,3,0.04666666666666667
3297,candidate_1,candidate_3,candidate_2,3,0.04666666666666667
3298,candidate_1,candidate_3,candidate_2,3,0.04666666666666667
3299,candidate_1,candidate_3,candidate_2,3,0.04666666666666667
3300,candidate_1,candidate_3,candidate_2,3,0.04666666666666667
3301,candidate_1,candidate_3,candidate_2,3,0.04666666666666667
3302,candidate_1,0,candidate_2,3,0.04666666666666667
3303,candidate_1,candidate_3,candidate_2,3,0.04666666666666667
3304,candidate_1,candidate_3,candidate_2,3,0.04666666666666667
3305,0,candidate_3,candidate_2,3,0.04666666666666667
3306,candidate_1,candidate_3,candidate_2,3,0.04666666666666667
3307,candidate_1,candidate_3,candidate_2,3,0.04666666666666667
3308,candidate_1,candidate_3,candidate_2,3,0.04666666666666667
3309,candidate_1,candidate_3,candidate_2,3,0.04666666666666667
3310,candidate_1,candidate_3,candidate_2,3,0.04666666666666667
3311,candidate_1,candidate_3,candidate_2,3,0.04666666666666667
3312,candidate_1,candidate_3,candidate_2,3,0.04666666666666667
3313,candidate_1,candidate_3,candidate_2,3,0.04666666666666667
3314,candidate_1,candidate_3,candidate_2,3,0.04666666666666667
3315,candidate_1,candidate_3,candidate_2,3,0.04666666666666667
3316,candidate_1,candidate_3,candidate_2,3,0.04666666666666667
3317,candidate_1,candidate_3,candidate_2,3,0.04666666666666667
3318,candidate_1,candidate_3,candidate_2,3,0.04666666666666667
3319,candidate_1,candidate_3,candidate_2,3,0.04666666666666667
3320,candidate_1,candidate_3,candidate_2,3,0.04666666666666667
3321,candidate_1,candidate_3,candidate_2,3,0.04666666666666667
3322,candidate_1,candidate_3,candidate_2,3,0.04666666666666667
3323,candidate_1,candidate_3,candidate_2,3,0.04666666666666667
3324,candidate_1,candidate_3,candidate_2,3,0.04666666666666667
3325,candidate_1,candidate_3,candidate_2,3,0.04666666666666667
3326,candidate_1,candidate_3,candidate_2,3,0.04666666666666667
3327,candidate_1,candidate_3,candidate_2,3,0.04666666666666667
3328,candidate_1,candidate_3,candidate_2,3,0.04666666666666667
3329,0,candidate_3,candidate_2,3,0.04666666666666667
3330,candidate_1,candidate_3,candidate_2,3,0.04666666666666667
3331,candidate_1,candidate_3,candidate_2,3,0.04666666666666667
3332,candidate_1,candidate_3,candidate_2,3,0.04666666666666667
3333,candidate_1,candidate_3,candidate_2,3,0.04666666666666667
3334,candidate_1,candidate_3,candidate_2,3,0.04666666666666667
3335,candidate_1,candidate_3,candidate_2,3,0.04666666666666667
3336,candidate_1,candidate_3,candidate_2,3,0.04666666666666667
3337,candidate_1,candidate_3,candidate_2,3,0.04666666666666667
3338,candidate_1,candidate_3,candidate_2,3,0.04666666666666667
3339,candidate_1,candidate_3,candidate_2,3,0.04666666666666667
3340,candidate_1,candidate_3,candidate_2,3,0.04666666666666667
3341,candidate_1,candidate_3,candidate_2,3,0.04666666666666667
3342,candidate_1,candidate_3,candidate_2,3,0.04666666666666667
3343,candidate_1,candidate_3,candidate_2,3,0.04666666666666667
3344,candidate_1,candidate_3,candidate_2,3,0.04666666666666667
3345,candidate_1,0,candidate_2,3,0.04666666666666667
3346,candidate_1,candidate_3,candidate_2,3,0.04666666666666667
3347,candidate_1,candidate_3,candidate_2,3,0.04666666666666667
3348,candidate_1,0,candidate_2,3,0.04666666666666667
3349,candidate_1,candidate_3,candidate_2,3,0.04666666666666667
3350,candidate_1,candidate_3,candidate_2,3,0.04666666666666667
3351,candidate_1,candidate_3,candidate_2,3,0.04666666666666667
3352,candidate_1,candidate_3,0,3,0.04666666666666667
3353,candidate_1,candidate_3,candidate_2,3,0.04666666666666667
3354,candidate_1,candidate_3,0,3,0.04666666666666667
3355,candidate_1,candidate_3,candidate_2,3,0.04666666666666667
3356,candidate_1,candidate_3,candidate_2,3,0.04666666666666667
3357,candidate_1,candidate_3,candidate_2,3,0.04666666666666667
3358,candidate_1,candidate_3,candidate_2,3,0.04666666666666667
3359,candidate_1,candidate_3,candidate_2,3,0.04666666666666667
3360,candidate_1,candidate_3,candidate_2,3,0.04666666666666667
3361,candidate_1,candidate_3,candidate_2,3,0.04666666666666667
3362,candidate_1,candidate_3,candidate_2,3,0.04666666666666667
3363,candidate_1,candidate_3,candidate_2,3,0.04666666666666667
3364,candidate_1,candidate_3,candidate_2,3,0.04666666666666667
3365,candidate_1,candidate_3,candidate_2,3,0.04666666666666667
3366,candidate_1,candidate_3,candidate_2,3,0.04666666666666667
3367,candidate_1,candidate_3,candidate_2,3,0.04666666666666667
3368,candidate_1,candidate_3,candidate_2,3,0.04666666666666667
3369,candidate_1,candidate_3,candidate_2,3,0.04666666666666667
3370,candidate_1,candidate_3,candidate_2,3,0.04666666666666667
3371,candidate_1,candidate_3,candidate_2,3,0.04666666666666667
3372,candidate_1,candidate_3,candidate_2,3,0.04666666666666667
3373,candidate_1,candidate_3,candidate_2,3,0.04666666666666667
3374,candidate_1,candidate_3,candidate_2,3,0.04666666666666667
3375,candidate_1,candidate_3,candidate_2,3,0.04666666666666667
3376,candidate_1,candidate_3,candidate_2,3,0.04666666666666667
3377,candidate_1,candidate_3,candidate_2,3,0.04666666666666667
3378,candidate_1,candidate_3,candidate_2,3,0.04666666666666667
3379,candidate_1,candidate_3,candidate_2,3,0.04666666666666667
3380,candidate_1,candidate_3,candidate_2,3,0.04666666666666667
3381,candidate_1,candidate_3,candidate_2,3,0.04666666666666667
3382,0,candidate_3,candidate_2,3,0.04666666666666667
3383,candidate_1,0,candidate_2,3,0.04666666666666667
3384,candidate_1,candidate_3,candidate_2,3,0.04666666666666667
3385,candidate_1,candidate_3,candidate_2,3,0.04666666666666667
3386,candidate_1,candidate_3,candidate_2,3,0.04666666666666667
3387,candidate_1,candidate_3,candidate_2,3,0.04666666666666667
3388,candidate_1,candidate_3,0,3,0.04666666666666667
3389,candidate_1,candidate_3,candidate_2,3,0.04666666666666667
3390,candidate_1,candidate_3,candidate_2,3,0.04666666666666667
3391,candidate_1,candidate_3,candidate_2,3,0.04666666666666667
3392,candidate_1,candidate_3,candidate_2,3,0.04666666666666667
3393,candidate_1,candidate_3,candidate_2,3,0.04666666666666667
3394,candidate_1,0,candidate_2,3,0.04666666666666667
3395,candidate_1,candidate_3,candidate_2,3,0.04666666666666667
3396,candidate_1,candidate_3,0,3,0.04666666666666667
3397,candidate_1,candidate_3,candidate_2,3,0.04666666666666667
3398,candidate_1,candidate_3,candidate_2,3,0.04666666666666667
3399,candidate_1,candidate_3,candidate_2,3,0.04666666666666667
3400,candidate_1,candidate_3,0,3,0.04666666666666667
3401,candidate_1,candidate_3,candidate_2,3,0.04666666666666667
3402,candidate_1,candidate_3,candidate_2,3,0.04666666666666667
3403,candidate_1,candidate_3,candidate_2,3,0.04666666666666667
3404,candidate_1,candidate_3,0,3,0.04666666666666667
3405,0,candidate_3,candidate_2,3,0.04666666666666667
3406,candidate_1,candidate_3,candidate_2,3,0.04666666666666667
3407,candidate_1,candidate_3,candidate_2,3,0.04666666666666667
3408,candidate_1,candidate_3,candidate_2,3,0.04666666666666667
3409,candidate_1,candidate_3,candidate_2,3,0.04666666666666667
3410,candidate_1,candidate_3,candidate_2,3,0.04666666666666667
3411,candidate_1,candidate_3,candidate_2,3,0.04666666666666667
3412,candidate_1,candidate_3,candidate_2,3,0.04666666666666667
3413,0,candidate_3,candidate_2,3,0.04666666666666667
3414,candidate_1,candidate_3,0,3,0.04666666666666667
3415,candidate_1,candidate_3,candidate_2,3,0.04666666666666667
3416,candidate_1,candidate_3,0,3,0.04666666666666667
3417,candidate_1,candidate_3,candidate_2,3,0.04666666666666667
3418,candidate_1,candidate_3,candidate_2,3,0.04666666666666667
3419,candidate_1,candidate_3,candidate_2,3,0.04666666666666667
3420,0,candidate_3,candidate_2,3,0.04666666666666667
3421,candidate_1,candidate_3,candidate_2,3,0.04666666666666667
3422,candidate_1,candidate_3,candidate_2,3,0.04666666666666667
3423,candidate_1,candidate_3,candidate_2,3,0.04666666666666667
3424,candidate_1,0,candidate_2,3,0.04666666666666667
3425,candidate_1,candidate_3,candidate_2,3,0.04666666666666667
3426,candidate_1,candidate_3,candidate_2,3,0.04666666666666667
3427,candidate_1,candidate_3,candidate_2,3,0.04666666666666667
3428,candidate_1,candidate_3,candidate_2,3,0.04666666666666667
3429,candidate_1,candidate_3,candidate_2,3,0.04666666666666667
3430,candidate_1,candidate_3,candidate_2,3,0.04666666666666667
3431,candidate_1,candidate_3,candidate_2,3,0.04666666666666667
3432,candidate_1,candidate_3,candidate_2,3,0.04666666666666667
3433,candidate_1,candidate_3,candidate_2,3,0.04666666666666667
3434,candidate_1,candidate_3,candidate_2,3,0.04666666666666667
3435,candidate_1,candidate_3,candidate_2,3,0.04666666666666667
3436,candidate_1,candidate_3,candidate_2,3,0.04666666666666667
3437,candidate_1,candidate_3,candidate_2,3,0.04666666666666667
3438,candidate_1,candidate_3,candidate_2,3,0.04666666666666667
3439,0,candidate_3,candidate_2,3,0.04666666666666667
3440,candidate_1,candidate_3,candidate_2,3,0.04666666666666667
3441,candidate_1,candidate_3,candidate_2,3,0.04666666666666667
3442,candidate_1,candidate_3,candidate_2,3,0.04666666666666667
3443,candidate_1,candidate_3,candidate_2,3,0.04666666666666667
3444,0,0,candidate_2,3,0.04666666666666667
3445,candidate_1,candidate_3,candidate_2,3,0.04666666666666667
3446,candidate_1,candidate_3,candidate_2,3,0.04666666666666667
3447,candidate_1,candidate_3,candidate_2,3,0.04666666666666667
3448,candidate_1,candidate_3,candidate_2,3,0.04666666666666667
3449,candidate_1,candidate_3,candidate_2,3,0.04666666666666667
3450,candidate_1,candidate_3,candidate_2,3,0.04666666666666667
3451,candidate_1,candidate_3,candidate_2,3,0.04666666666666667
3452,candidate_1,candidate_3,candidate_2,3,0.04666666666666667
3453,candidate_1,candidate_3,candidate_2,3,0.04666666666666667
3454,candidate_1,candidate_3,candidate_2,3,0.04666666666666667
3455,candidate_1,candidate_3,candidate_2,3,0.04666666666666667
3456,candidate_1,candidate_3,candidate_2,3,0.04666666666666667
3457,candidate_1,candidate_3,candidate_2,3,0.04666666666666667
3458,candidate_1,candidate_3,candidate_2,3,0.04666666666666667
3459,candidate_1,candidate_3,candidate_2,3,0.04666666666666667
3460,candidate_1,candidate_3,candidate_2,3,0.04666666666666667
3461,candidate_1,candidate_3,candidate_2,3,0.04666666666666667
3462,candidate_1,candidate_3,candidate_2,3,0.04666666666666667
3463,candidate_1,candidate_3,candidate_2,3,0.04666666666666667
3464,0,candidate_3,candidate_2,3,0.04666666666666667
3465,candidate_1,candidate_3,candidate_2,3,0.04666666666666667
3466,candidate_1,candidate_3,candidate_2,3,0.04666666666666667
3467,candidate_1,candidate_3,candidate_2,3,0.04666666666666667
3468,candidate_1,candidate_3,candidate_2,3,0.04666666666666667
3469,candidate_1,candidate_3,candidate_2,3,0.04666666666666667
3470,candidate_1,candidate_3,candidate_2,3,0.04666666666666667
3471,candidate_1,candidate_3,candidate_2,3,0.04666666666666667
3472,candidate_1,candidate_3,candidate_2,3,0.04666666666666667
3473,candidate_1,candidate_3,candidate_2,3,0.04666666666666667
3474,candidate_1,candidate_3,candidate_2,3,0.04666666666666667
3475,0,candidate_3,candidate_2,3,0.04666666666666667
3476,candidate_1,candidate_3,candidate_2,3,0.04666666666666667
3477,candidate_1,candidate_3,candidate_2,3,0.04666666666666667
3478,candidate_1,candidate_3,candidate_2,3,0.04666666666666667
3479,candidate_1,candidate_3,candidate_2,3,0.04666666666666667
3480,candidate_1,candidate_3,candidate_2,3,0.04666666666666667
3481,candidate_1,candidate_3,candidate_2,3,0.04666666666666667
3482,candidate_1,candidate_3,candidate_2,3,0.04666666666666667
3483,candidate_1,candidate_3,candidate_2,3,0.04666666666666667
3484,candidate_1,candidate_3,candidate_2,3,0.04666666666666667
3485,candidate_1,candidate_3,candidate_2,3,0.04666666666666667
3486,candidate_1,candidate_3,candidate_2,3,0.04666666666666667
3487,candidate_1,candidate_3,candidate_2,3,0.04666666666666667
3488,candidate_1,candidate_3,candidate_2,3,0.04666666666666667
3489,candidate_1,candidate_3,candidate_2,3,0.04666666666666667
3490,candidate_1,candidate_3,candidate_2,3,0.04666666666666667
3491,candidate_1,candidate_3,candidate_2,3,0.04666666666666667
3492,candidate_1,candidate_3,candidate_2,3,0.04666666666666667
3493,candidate_1,candidate_3,candidate_2,3,0.04666666666666667
3494,candidate_1,candidate_3,candidate_2,3,0.04666666666666667
3495,candidate_1,candidate_3,candidate_2,3,0.04666666666666667
3496,candidate_1,candidate_3,candidate_2,3,0.04666666666666667
3497,candidate_1,candidate_3,candidate_2,3,0.04666666666666667
3498,candidate_1,candidate_3,candidate_2,3,0.04666666666666667
3499,candidate_1,candidate_3,candidate_2,3,0.04666666666666667
3500,candidate_1,candidate_3,candidate_2,3,0.04666666666666667
3501,candidate_1,candidate_3,candidate_2,3,0.04666666666666667
3502,candidate_1,candidate_3,candidate_2,3,0.04666666666666667
3503,candidate_1,candidate_3,candidate_2,3,0.04666666666666667
3504,candidate_1,candidate_3,candidate_2,3,0.04666666666666667
3505,candidate_1,candidate_3,candidate_2,3,0.04666666666666667
3506,candidate_1,candidate_3,candidate_2,3,0.04666666666666667
3507,candidate_1,candidate_3,candidate_2,3,0.04666666666666667
3508,0,candidate_3,candidate_2,3,0.04666666666666667
3509,candidate_1,candidate_3,candidate_2,3,0.04666666666666667
3510,candidate_1,candidate_3,candidate_2,3,0.04666666666666667
3511,candidate_1,candidate_3,candidate_2,3,0.04666666666666667
3512,candidate_1,candidate_3,candidate_2,3,0.04666666666666667
3513,candidate_1,candidate_3,candidate_2,3,0.04666666666666667
3514,candidate_1,candidate_3,candidate_2,3,0.04666666666666667
3515,candidate_1,candidate_3,candidate_2,3,0.04666666666666667
3516,candidate_1,candidate_3,candidate_2,3,0.04666666666666667
3517,candidate_1,candidate_3,candidate_2,3,0.04666666666666667
3518,candidate_1,candidate_3,0,3,0.04666666666666667
3519,0,candidate_3,0,3,0.04666666666666667
3520,candidate_1,candidate_3,candidate_2,3,0.04666666666666667
3521,candidate_1,candidate_3,candidate_2,3,0.04666666666666667
3522,candidate_1,candidate_3,candidate_2,3,0.04666666666666667
3523,candidate_1,candidate_3,candidate_2,3,0.04666666666666667
3524,candidate_1,0,candidate_2,3,0.04666666666666667
3525,candidate_1,candidate_3,candidate_2,3,0.04666666666666667
3526,candidate_1,candidate_3,candidate_2,3,0.04666666666666667
3527,candidate_1,candidate_3,candidate_2,3,0.04666666666666667
3528,candidate_1,candidate_3,candidate_2,3,0.04666666666666667
3529,candidate_1,candidate_3,candidate_2,3,0.04666666666666667
3530,candidate_1,candidate_3,candidate_2,3,0.04666666666666667
3531,candidate_1,candidate_3,candidate_2,3,0.04666666666666667
3532,candidate_1,candidate_3,candidate_2,3,0.04666666666666667
3533,candidate_1,candidate_3,candidate_2,3,0.04666666666666667
3534,candidate_1,candidate_3,candidate_2,3,0.04666666666666667
3535,candidate_1,candidate_3,candidate_2,3,0.04666666666666667
3536,candidate_1,0,candidate_2,3,0.04666666666666667
3537,candidate_1,candidate_3,0,3,0.04666666666666667
3538,candidate_1,candidate_3,candidate_2,3,0.04666666666666667
3539,candidate_1,candidate_3,candidate_2,3,0.04666666666666667
3540,candidate_1,candidate_3,candidate_2,3,0.04666666666666667
3541,candidate_1,0,candidate_2,3,0.04666666666666667
3542,candidate_1,candidate_3,candidate_2,3,0.04666666666666667
3543,candidate_1,candidate_3,0,3,0.04666666666666667
3544,candidate_1,candidate_3,candidate_2,3,0.04666666666666667
3545,candidate_1,candidate_3,candidate_2,3,0.04666666666666667
3546,candidate_1,0,candidate_2,3,0.04666666666666667
3547,candidate_1,candidate_3,candidate_2,3,0.04666666666666667
3548,candidate_1,candidate_3,candidate_2,3,0.04666666666666667
3549,candidate_1,candidate_3,candidate_2,3,0.04666666666666667
3550,candidate_1,candidate_3,candidate_2,3,0.04666666666666667
3551,candidate_1,candidate_3,candidate_2,3,0.04666666666666667
3552,candidate_1,candidate_3,candidate_2,3,0.04666666666666667
3553,candidate_1,candidate_3,candidate_2,3,0.04666666666666667
3554,candidate_1,candidate_3,candidate_2,3,0.04666666666666667
3555,candidate_1,candidate_3,candidate_2,3,0.04666666666666667
3556,candidate_1,candidate_3,candidate_2,3,0.04666666666666667
3557,candidate_1,0,candidate_2,3,0.04666666666666667
3558,candidate_1,candidate_3,candidate_2,3,0.04666666666666667
3559,candidate_1,candidate_3,candidate_2,3,0.04666666666666667
3560,candidate_1,candidate_3,candidate_2,3,0.04666666666666667
3561,candidate_1,0,candidate_2,3,0.04666666666666667
3562,candidate_1,candidate_3,candidate_2,3,0.04666666666666667
3563,candidate_1,candidate_3,candidate_2,3,0.04666666666666667
3564,candidate_1,candidate_3,candidate_2,3,0.04666666666666667
3565,candidate_1,0,candidate_2,3,0.04666666666666667
3566,candidate_1,candidate_3,candidate_2,3,0.04666666666666667
3567,candidate_1,candidate_3,candidate_2,3,0.04666666666666667
3568,candidate_1,candidate_3,candidate_2,3,0.04666666666666667
3569,candidate_1,candidate_3,candidate_2,3,0.04666666666666667
3570,candidate_1,candidate_3,candidate_2,3,0.04666666666666667
3571,candidate_1,candidate_3,candidate_2,3,0.04666666666666667
3572,candidate_1,candidate_3,candidate_2,3,0.04666666666666667
3573,candidate_1,candidate_3,candidate_2,3,0.04666666666666667
3574,candidate_1,candidate_3,candidate_2,3,0.04666666666666667
3575,candidate_1,candidate_3,candidate_2,3,0.04666666666666667
3576,candidate_1,candidate_3,candidate_2,3,0.04666666666666667
3577,candidate_1,candidate_3,candidate_2,3,0.04666666666666667
3578,candidate_1,candidate_3,candidate_2,3,0.04666666666666667
3579,candidate_1,candidate_3,candidate_2,3,0.04666666666666667
3580,candidate_1,candidate_3,candidate_2,3,0.04666666666666667
3581,candidate_1,candidate_3,candidate_2,3,0.04666666666666667
3582,candidate_1,candidate_3,candidate_2,3,0.04666666666666667
3583,candidate_1,candidate_3,candidate_2,3,0.04666666666666667
3584,candidate_1,candidate_3,candidate_2,3,0.04666666666666667
3585,candidate_1,0,candidate_2,3,0.04666666666666667
3586,candidate_1,candidate_3,candidate_2,3,0.04666666666666667
3587,candidate_1,candidate_3,candidate_2,3,0.04666666666666667
3588,candidate_1,candidate_3,candidate_2,3,0.04666666666666667
3589,candidate_1,0,candidate_2,3,0.04666666666666667
3590,candidate_1,candidate_3,candidate_2,3,0.04666666666666667
3591,candidate_1,candidate_3,candidate_2,3,0.04666666666666667
3592,candidate_1,candidate_3,candidate_2,3,0.04666666666666667
3593,candidate_1,candidate_3,candidate_2,3,0.04666666666666667
3594,candidate_1,candidate_3,candidate_2,3,0.04666666666666667
3595,candidate_1,candidate_3,candidate_2,3,0.04666666666666667
3596,candidate_1,candidate_3,candidate_2,3,0.04666666666666667
3597,candidate_1,candidate_3,candidate_2,3,0.04666666666666667
3598,candidate_1,candidate_3,candidate_2,3,0.04666666666666667
3599,candidate_1,candidate_3,candidate_2,3,0.04666666666666667
3600,candidate_1,candidate_3,candidate_2,3,0.04666666666666667
3601,candidate_1,candidate_3,candidate_2,3,0.04666666666666667
3602,candidate_1,candidate_3,candidate_2,3,0.04666666666666667
3603,candidate_1,candidate_3,candidate_2,3,0.04666666666666667
3604,candidate_1,candidate_3,0,3,0.04666666666666667
3605,candidate_1,candidate_3,candidate_2,3,0.04666666666666667
3606,candidate_1,candidate_3,candidate_2,3,0.04666666666666667
3607,candidate_1,candidate_3,candidate_2,3,0.04666666666666667
3608,candidate_1,candidate_3,candidate_2,3,0.04666666666666667
3609,candidate_1,candidate_3,candidate_2,3,0.04666666666666667
3610,candidate_1,candidate_3,candidate_2,3,0.04666666666666667
3611,candidate_1,candidate_3,candidate_2,3,0.04666666666666667
3612,candidate_1,candidate_3,candidate_2,3,0.04666666666666667
3613,candidate_1,candidate_3,candidate_2,3,0.04666666666666667
3614,candidate_1,candidate_3,candidate_2,3,0.04666666666666667
3615,candidate_1,candidate_3,candidate_2,3,0.04666666666666667
3616,candidate_1,candidate_3,candidate_2,3,0.04666666666666667
3617,candidate_1,0,candidate_2,3,0.04666666666666667
3618,candidate_1,candidate_3,candidate_2,3,0.04666666666666667
3619,0,candidate_3,candidate_2,3,0.04666666666666667
3620,candidate_1,candidate_3,0,3,0.04666666666666667
3621,candidate_1,candidate_3,candidate_2,3,0.04666666666666667
3622,candidate_1,candidate_3,candidate_2,3,0.04666666666666667
3623,candidate_1,candidate_3,candidate_2,3,0.04666666666666667
3624,candidate_1,candidate_3,candidate_2,3,0.04666666666666667
3625,candidate_1,candidate_3,candidate_2,3,0.04666666666666667
3626,candidate_1,candidate_3,candidate_2,3,0.04666666666666667
3627,candidate_1,candidate_3,candidate_2,3,0.04666666666666667
3628,candidate_1,candidate_3,candidate_2,3,0.04666666666666667
3629,candidate_1,candidate_3,candidate_2,3,0.04666666666666667
3630,candidate_1,candidate_3,candidate_2,3,0.04666666666666667
3631,candidate_1,candidate_3,candidate_2,3,0.04666666666666667
3632,candidate_1,candidate_3,candidate_2,3,0.04666666666666667
3633,candidate_1,candidate_3,candidate_2,3,0.04666666666666667
3634,candidate_1,candidate_3,candidate_2,3,0.04666666666666667
3635,candidate_1,candidate_3,candidate_2,3,0.04666666666666667
3636,candidate_1,candidate_3,candidate_2,3,0.04666666666666667
3637,candidate_1,candidate_3,candidate_2,3,0.04666666666666667
3638,candidate_1,candidate_3,candidate_2,3,0.04666666666666667
3639,candidate_1,candidate_3,candidate_2,3,0.04666666666666667
3640,candidate_1,candidate_3,candidate_2,3,0.04666666666666667
3641,candidate_1,candidate_3,candidate_2,3,0.04666666666666667
3642,candidate_1,candidate_3,candidate_2,3,0.04666666666666667
3643,candidate_1,candidate_3,candidate_2,3,0.04666666666666667
3644,candidate_1,candidate_3,candidate_2,3,0.04666666666666667
3645,candidate_1,candidate_3,candidate_2,3,0.04666666666666667
3646,candidate_1,candidate_3,candidate_2,3,0.04666666666666667
3647,candidate_1,candidate_3,candidate_2,3,0.04666666666666667
3648,candidate_1,candidate_3,candidate_2,3,0.04666666666666667
3649,candidate_1,candidate_3,candidate_2,3,0.04666666666666667
3650,candidate_1,candidate_3,candidate_2,3,0.04666666666666667
3651,candidate_1,candidate_3,candidate_2,3,0.04666666666666667
3652,candidate_1,candidate_3,candidate_2,3,0.04666666666666667
3653,candidate_1,candidate_3,candidate_2,3,0.04666666666666667
3654,candidate_1,candidate_3,candidate_2,3,0.04666666666666667
3655,candidate_1,candidate_3,candidate_2,3,0.04666666666666667
3656,candidate_1,candidate_3,candidate_2,3,0.04666666666666667
3657,candidate_1,candidate_3,candidate_2,3,0.04666666666666667
3658,candidate_1,candidate_3,candidate_2,3,0.04666666666666667
3659,candidate_1,candidate_3,candidate_2,3,0.04666666666666667
3660,candidate_1,candidate_3,candidate_2,3,0.04666666666666667
3661,candidate_1,candidate_3,candidate_2,3,0.04666666666666667
3662,candidate_1,candidate_3,candidate_2,3,0.04666666666666667
3663,candidate_1,candidate_3,candidate_2,3,0.04666666666666667
3664,candidate_1,candidate_3,candidate_2,3,0.04666666666666667
3665,candidate_1,candidate_3,candidate_2,3,0.04666666666666667
3666,candidate_1,candidate_3,candidate_2,3,0.04666666666666667
3667,candidate_1,candidate_3,candidate_2,3,0.04666666666666667
3668,candidate_1,candidate_3,candidate_2,3,0.04666666666666667
3669,candidate_1,0,candidate_2,3,0.04666666666666667
3670,candidate_1,candidate_3,candidate_2,3,0.04666666666666667
3671,candidate_1,candidate_3,candidate_2,3,0.04666666666666667
3672,candidate_1,candidate_3,candidate_2,3,0.04666666666666667
3673,candidate_1,candidate_3,candidate_2,3,0.04666666666666667
3674,candidate_1,candidate_3,candidate_2,3,0.04666666666666667
3675,candidate_1,0,candidate_2,3,0.04666666666666667
3676,candidate_1,candidate_3,candidate_2,3,0.04666666666666667
3677,candidate_1,candidate_3,candidate_2,3,0.04666666666666667
3678,candidate_1,candidate_3,0,3,0.04666666666666667
3679,candidate_1,candidate_3,candidate_2,3,0.04666666666666667
3680,candidate_1,candidate_3,candidate_2,3,0.04666666666666667
3681,candidate_1,candidate_3,candidate_2,3,0.04666666666666667
3682,candidate_1,candidate_3,candidate_2,3,0.04666666666666667
3683,candidate_1,candidate_3,candidate_2,3,0.04666666666666667
3684,candidate_1,candidate_3,candidate_2,3,0.04666666666666667
3685,candidate_1,candidate_3,candidate_2,3,0.04666666666666667
3686,candidate_1,candidate_3,candidate_2,3,0.04666666666666667
3687,0,0,candidate_2,3,0.04666666666666667
3688,candidate_1,candidate_3,candidate_2,3,0.04666666666666667
3689,candidate_1,candidate_3,candidate_2,3,0.04666666666666667
3690,candidate_1,candidate_3,candidate_2,3,0.04666666666666667
3691,candidate_1,candidate_3,candidate_2,3,0.04666666666666667
3692,candidate_1,candidate_3,candidate_2,3,0.04666666666666667
3693,candidate_1,candidate_3,candidate_2,3,0.04666666666666667
3694,candidate_1,candidate_3,0,3,0.04666666666666667
3695,candidate_1,candidate_3,candidate_2,3,0.04666666666666667
3696,candidate_1,candidate_3,candidate_2,3,0.04666666666666667
3697,candidate_1,candidate_3,candidate_2,3,0.04666666666666667
3698,candidate_1,candidate_3,candidate_2,3,0.04666666666666667
3699,candidate_1,candidate_3,candidate_2,3,0.04666666666666667
3700,candidate_1,candidate_3,0,3,0.04666666666666667
3701,candidate_1,candidate_3,candidate_2,3,0.04666666666666667
3702,candidate_1,candidate_3,candidate_2,3,0.04666666666666667
3703,candidate_1,candidate_3,candidate_2,3,0.04666666666666667
3704,candidate_1,candidate_3,candidate_2,3,0.04666666666666667
3705,candidate_1,candidate_3,candidate_2,3,0.04666666666666667
3706,candidate_1,candidate_3,candidate_2,3,0.04666666666666667
3707,candidate_1,candidate_3,candidate_2,3,0.04666666666666667
3708,candidate_1,candidate_3,candidate_2,3,0.04666666666666667
3709,candidate_1,candidate_3,candidate_2,3,0.04666666666666667
3710,0,candidate_3,candidate_2,3,0.04666666666666667
3711,candidate_1,candidate_3,candidate_2,3,0.04666666666666667
3712,candidate_1,candidate_3,candidate_2,3,0.04666666666666667
3713,candidate_1,candidate_3,candidate_2,3,0.04666666666666667
3714,candidate_1,candidate_3,candidate_2,3,0.04666666666666667
3715,candidate_1,candidate_3,candidate_2,3,0.04666666666666667
3716,candidate_1,candidate_3,candidate_2,3,0.04666666666666667
3717,candidate_1,candidate_3,candidate_2,3,0.04666666666666667
3718,candidate_1,candidate_3,candidate_2,3,0.04666666666666667
3719,0,candidate_3,candidate_2,3,0.04666666666666667
3720,candidate_1,candidate_3,candidate_2,3,0.04666666666666667
3721,candidate_1,candidate_3,candidate_2,3,0.04666666666666667
3722,candidate_1,candidate_3,candidate_2,3,0.04666666666666667
3723,candidate_1,candidate_3,candidate_2,3,0.04666666666666667
3724,candidate_1,candidate_3,candidate_2,3,0.04666666666666667
3725,candidate_1,candidate_3,candidate_2,3,0.04666666666666667
3726,candidate_1,candidate_3,0,3,0.04666666666666667
3727,candidate_1,candidate_3,candidate_2,3,0.04666666666666667
3728,candidate_1,candidate_3,candidate_2,3,0.04666666666666667
3729,candidate_1,candidate_3,candidate_2,3,0.04666666666666667
3730,candidate_1,candidate_3,candidate_2,3,0.04666666666666667
3731,candidate_1,candidate_3,candidate_2,3,0.04666666666666667
3732,candidate_1,candidate_3,candidate_2,3,0.04666666666666667
3733,candidate_1,candidate_3,candidate_2,3,0.04666666666666667
3734,candidate_1,candidate_3,candidate_2,3,0.04666666666666667
3735,candidate_1,candidate_3,candidate_2,3,0.04666666666666667
3736,candidate_1,candidate_3,candidate_2,3,0.04666666666666667
3737,candidate_1,candidate_3,candidate_2,3,0.04666666666666667
3738,candidate_1,candidate_3,candidate_2,3,0.04666666666666667
3739,candidate_1,candidate_3,candidate_2,3,0.04666666666666667
3740,candidate_1,candidate_3,candidate_2,3,0.04666666666666667
3741,candidate_1,candidate_3,candidate_2,3,0.04666666666666667
3742,candidate_1,candidate_3,candidate_2,3,0.04666666666666667
3743,candidate_1,candidate_3,candidate_2,3,0.04666666666666667
3744,candidate_1,candidate_3,candidate_2,3,0.04666666666666667
3745,candidate_1,candidate_3,candidate_2,3,0.04666666666666667
3746,candidate_1,candidate_3,candidate_2,3,0.04666666666666667
3747,candidate_1,candidate_3,candidate_2,3,0.04666666666666667
3748,candidate_1,candidate_3,candidate_2,3,0.04666666666666667
3749,candidate_1,candidate_3,candidate_2,3,0.04666666666666667
3750,candidate_1,candidate_3,candidate_2,3,0.04666666666666667
3751,candidate_1,candidate_3,candidate_2,3,0.04666666666666667
3752,candidate_1,candidate_3,candidate_2,3,0.04666666666666667
3753,0,candidate_3,candidate_2,3,0.04666666666666667
3754,candidate_1,candidate_3,candidate_2,3,0.04666666666666667
3755,candidate_1,candidate_3,candidate_2,3,0.04666666666666667
3756,candidate_1,candidate_3,candidate_2,3,0.04666666666666667
3757,candidate_1,candidate_3,candidate_2,3,0.04666666666666667
3758,candidate_1,candidate_3,candidate_2,3,0.04666666666666667
3759,candidate_1,0,candidate_2,3,0.04666666666666667
3760,candidate_1,candidate_3,candidate_2,3,0.04666666666666667
3761,candidate_1,candidate_3,candidate_2,3,0.04666666666666667
3762,candidate_1,candidate_3,candidate_2,3,0.04666666666666667
3763,candidate_1,candidate_3,candidate_2,3,0.04666666666666667
3764,candidate_1,candidate_3,candidate_2,3,0.04666666666666667
3765,candidate_1,candidate_3,candidate_2,3,0.04666666666666667
3766,candidate_1,candidate_3,candidate_2,3,0.04666666666666667
3767,candidate_1,candidate_3,candidate_2,3,0.04666666666666667
3768,candidate_1,candidate_3,candidate_2,3,0.04666666666666667
3769,candidate_1,candidate_3,candidate_2,3,0.04666666666666667
3770,candidate_1,candidate_3,candidate_2,3,0.04666666666666667
3771,candidate_1,candidate_3,candidate_2,3,0.04666666666666667
3772,candidate_1,candidate_3,candidate_2,3,0.04666666666666667
3773,candidate_1,candidate_3,candidate_2,3,0.04666666666666667
3774,0,candidate_3,candidate_2,3,0.04666666666666667
3775,candidate_1,candidate_3,candidate_2,3,0.04666666666666667
3776,candidate_1,candidate_3,candidate_2,3,0.04666666666666667
3777,candidate_1,candidate_3,candidate_2,3,0.04666666666666667
3778,candidate_1,candidate_3,0,3,0.04666666666666667
3779,candidate_1,candidate_3,candidate_2,3,0.04666666666666667
3780,candidate_1,candidate_3,0,3,0.04666666666666667
3781,candidate_1,candidate_3,candidate_2,3,0.04666666666666667
3782,candidate_1,candidate_3,candidate_2,3,0.04666666666666667
3783,candidate_1,candidate_3,candidate_2,3,0.04666666666666667
3784,candidate_1,candidate_3,candidate_2,3,0.04666666666666667
3785,candidate_1,candidate_3,candidate_2,3,0.04666666666666667
3786,candidate_1,candidate_3,candidate_2,3,0.04666666666666667
3787,candidate_1,candidate_3,0,3,0.04666666666666667
3788,candidate_1,candidate_3,candidate_2,3,0.04666666666666667
3789,candidate_1,candidate_3,candidate_2,3,0.04666666666666667
3790,candidate_1,candidate_3,candidate_2,3,0.04666666666666667
3791,candidate_1,candidate_3,candidate_2,3,0.04666666666666667
3792,candidate_1,candidate_3,candidate_2,3,0.04666666666666667
3793,0,candidate_3,candidate_2,3,0.04666666666666667
3794,candidate_1,candidate_3,candidate_2,3,0.04666666666666667
3795,candidate_1,candidate_3,0,3,0.04666666666666667
3796,candidate_1,candidate_3,candidate_2,3,0.04666666666666667
3797,candidate_1,candidate_3,candidate_2,3,0.04666666666666667
3798,candidate_1,candidate_3,candidate_2,3,0.04666666666666667
3799,candidate_1,candidate_3,candidate_2,3,0.04666666666666667
3800,candidate_1,candidate_3,candidate_2,3,0.04666666666666667
3801,candidate_1,candidate_3,candidate_2,3,0.04666666666666667
3802,candidate_1,candidate_3,candidate_2,3,0.04666666666666667
3803,candidate_1,candidate_3,candidate_2,3,0.04666666666666667
3804,candidate_1,candidate_3,candidate_2,3,0.04666666666666667
3805,candidate_1,candidate_3,candidate_2,3,0.04666666666666667
3806,candidate_1,candidate_3,candidate_2,3,0.04666666666666667
3807,candidate_1,candidate_3,candidate_2,3,0.04666666666666667
3808,candidate_1,candidate_3,candidate_2,3,0.04666666666666667
3809,candidate_1,candidate_3,candidate_2,3,0.04666666666666667
3810,candidate_1,candidate_3,candidate_2,3,0.04666666666666667
3811,candidate_1,candidate_3,candidate_2,3,0.04666666666666667
3812,candidate_1,0,candidate_2,3,0.04666666666666667
3813,candidate_1,candidate_3,candidate_2,3,0.04666666666666667
3814,candidate_1,candidate_3,candidate_2,3,0.04666666666666667
3815,candidate_1,candidate_3,candidate_2,3,0.04666666666666667
3816,candidate_1,candidate_3,candidate_2,3,0.04666666666666667
3817,candidate_1,candidate_3,candidate_2,3,0.04666666666666667
3818,candidate_1,candidate_3,candidate_2,3,0.04666666666666667
3819,candidate_1,candidate_3,candidate_2,3,0.04666666666666667
3820,candidate_1,candidate_3,candidate_2,3,0.04666666666666667
3821,candidate_1,candidate_3,candidate_2,3,0.04666666666666667
3822,candidate_1,0,candidate_2,3,0.04666666666666667
3823,candidate_1,candidate_3,candidate_2,3,0.04666666666666667
3824,candidate_1,candidate_3,candidate_2,3,0.04666666666666667
3825,candidate_1,candidate_3,candidate_2,3,0.04666666666666667
3826,candidate_1,candidate_3,candidate_2,3,0.04666666666666667
3827,candidate_1,candidate_3,candidate_2,3,0.04666666666666667
3828,candidate_1,candidate_3,candidate_2,3,0.04666666666666667
3829,candidate_1,candidate_3,candidate_2,3,0.04666666666666667
3830,candidate_1,candidate_3,candidate_2,3,0.04666666666666667
3831,candidate_1,candidate_3,candidate_2,3,0.04666666666666667
3832,candidate_1,candidate_3,candidate_2,3,0.04666666666666667
3833,candidate_1,candidate_3,candidate_2,3,0.04666666666666667
3834,candidate_1,candidate_3,candidate_2,3,0.04666666666666667
3835,candidate_1,0,candidate_2,3,0.04666666666666667
3836,candidate_1,candidate_3,candidate_2,3,0.04666666666666667
3837,candidate_1,candidate_3,candidate_2,3,0.04666666666666667
3838,candidate_1,candidate_3,candidate_2,3,0.04666666666666667
3839,candidate_1,candidate_3,candidate_2,3,0.04666666666666667
3840,candidate_1,candidate_3,candidate_2,3,0.04666666666666667
3841,candidate_1,candidate_3,candidate_2,3,0.04666666666666667
3842,candidate_1,candidate_3,candidate_2,3,0.04666666666666667
3843,candidate_1,candidate_3,candidate_2,3,0.04666666666666667
3844,candidate_1,candidate_3,candidate_2,3,0.04666666666666667
3845,candidate_1,0,candidate_2,3,0.04666666666666667
3846,candidate_1,candidate_3,candidate_2,3,0.04666666666666667
3847,candidate_1,candidate_3,candidate_2,3,0.04666666666666667
3848,candidate_1,candidate_3,candidate_2,3,0.04666666666666667
3849,candidate_1,candidate_3,candidate_2,3,0.04666666666666667
3850,0,candidate_3,candidate_2,3,0.04666666666666667
3851,candidate_1,candidate_3,candidate_2,3,0.04666666666666667
3852,candidate_1,candidate_3,candidate_2,3,0.04666666666666667
3853,candidate_1,candidate_3,candidate_2,3,0.04666666666666667
3854,candidate_1,candidate_3,candidate_2,3,0.04666666666666667
3855,candidate_1,candidate_3,candidate_2,3,0.04666666666666667
3856,candidate_1,candidate_3,candidate_2,3,0.04666666666666667
3857,candidate_1,candidate_3,candidate_2,3,0.04666666666666667
3858,candidate_1,candidate_3,candidate_2,3,0.04666666666666667
3859,candidate_1,candidate_3,candidate_2,3,0.04666666666666667
3860,candidate_1,candidate_3,candidate_2,3,0.04666666666666667
3861,candidate_1,candidate_3,candidate_2,3,0.04666666666666667
3862,candidate_1,candidate_3,candidate_2,3,0.04666666666666667
3863,candidate_1,candidate_3,candidate_2,3,0.04666666666666667
3864,candidate_1,candidate_3,candidate_2,3,0.04666666666666667
3865,candidate_1,candidate_3,candidate_2,3,0.04666666666666667
3866,candidate_1,candidate_3,candidate_2,3,0.04666666666666667
3867,candidate_1,candidate_3,candidate_2,3,0.04666666666666667
3868,candidate_1,candidate_3,candidate_2,3,0.04666666666666667
3869,candidate_1,candidate_3,candidate_2,3,0.04666666666666667
3870,candidate_1,candidate_3,candidate_2,3,0.04666666666666667
3871,0,candidate_3,candidate_2,3,0.04666666666666667
3872,candidate_1,candidate_3,candidate_2,3,0.04666666666666667
3873,candidate_1,candidate_3,candidate_2,3,0.04666666666666667
3874,candidate_1,candidate_3,candidate_2,3,0.04666666666666667
3875,candidate_1,candidate_3,candidate_2,3,0.04666666666666667
3876,candidate_1,candidate_3,candidate_2,3,0.04666666666666667
3877,candidate_1,candidate_3,candidate_2,3,0.04666666666666667
3878,candidate_1,0,0,3,0.04666666666666667
3879,candidate_1,candidate_3,candidate_2,3,0.04666666666666667
3880,candidate_1,candidate_3,candidate_2,3,0.04666666666666667
3881,candidate_1,candidate_3,candidate_2,3,0.04666666666666667
3882,candidate_1,0,candidate_2,3,0.04666666666666667
3883,candidate_1,candidate_3,candidate_2,3,0.04666666666666667
3884,candidate_1,candidate_3,candidate_2,3,0.04666666666666667
3885,candidate_1,candidate_3,candidate_2,3,0.04666666666666667
3886,candidate_1,candidate_3,candidate_2,3,0.04666666666666667
3887,candidate_1,candidate_3,candidate_2,3,0.04666666666666667
3888,0,candidate_3,candidate_2,3,0.04666666666666667
3889,candidate_1,candidate_3,candidate_2,3,0.04666666666666667
3890,candidate_1,candidate_3,candidate_2,3,0.04666666666666667
3891,candidate_1,candidate_3,candidate_2,3,0.04666666666666667
3892,candidate_1,candidate_3,candidate_2,3,0.04666666666666667
3893,candidate_1,candidate_3,candidate_2,3,0.04666666666666667
3894,0,candidate_3,candidate_2,3,0.04666666666666667
3895,candidate_1,candidate_3,candidate_2,3,0.04666666666666667
3896,0,candidate_3,candidate_2,3,0.04666666666666667
3897,candidate_1,candidate_3,candidate_2,3,0.04666666666666667
3898,candidate_1,candidate_3,candidate_2,3,0.04666666666666667
3899,candidate_1,candidate_3,candidate_2,3,0.04666666666666667
3900,candidate_1,candidate_3,candidate_2,3,0.04666666666666667
3901,candidate_1,candidate_3,candidate_2,3,0.04666666666666667
3902,candidate_1,candidate_3,candidate_2,3,0.04666666666666667
3903,candidate_1,0,candidate_2,3,0.04666666666666667
3904,candidate_1,candidate_3,candidate_2,3,0.04666666666666667
3905,candidate_1,candidate_3,candidate_2,3,0.04666666666666667
3906,candidate_1,candidate_3,candidate_2,3,0.04666666666666667
3907,candidate_1,candidate_3,candidate_2,3,0.04666666666666667
3908,candidate_1,candidate_3,candidate_2,3,0.04666666666666667
3909,candidate_1,0,candidate_2,3,0.04666666666666667
3910,candidate_1,candidate_3,candidate_2,3,0.04666666666666667
3911,candidate_1,0,candidate_2,3,0.04666666666666667
3912,candidate_1,candidate_3,candidate_2,3,0.04666666666666667
3913,candidate_1,candidate_3,candidate_2,3,0.04666666666666667
3914,0,candidate_3,candidate_2,3,0.04666666666666667
3915,candidate_1,candidate_3,candidate_2,3,0.04666666666666667
3916,candidate_1,candidate_3,candidate_2,3,0.04666666666666667
3917,candidate_1,candidate_3,candidate_2,3,0.04666666666666667
3918,candidate_1,candidate_3,candidate_2,3,0.04666666666666667
3919,candidate_1,candidate_3,candidate_2,3,0.04666666666666667
3920,candidate_1,candidate_3,candidate_2,3,0.04666666666666667
3921,candidate_1,candidate_3,candidate_2,3,0.04666666666666667
3922,candidate_1,candidate_3,candidate_2,3,0.04666666666666667
3923,candidate_1,candidate_3,candidate_2,3,0.04666666666666667
3924,0,candidate_3,candidate_2,3,0.04666666666666667
3925,candidate_1,candidate_3,candidate_2,3,0.04666666666666667
3926,candidate_1,candidate_3,candidate_2,3,0.04666666666666667
3927,candidate_1,candidate_3,candidate_2,3,0.04666666666666667
3928,candidate_1,candidate_3,candidate_2,3,0.04666666666666667
3929,candidate_1,candidate_3,candidate_2,3,0.04666666666666667
3930,candidate_1,candidate_3,candidate_2,3,0.04666666666666667
3931,candidate_1,candidate_3,candidate_2,3,0.04666666666666667
3932,candidate_1,0,candidate_2,3,0.04666666666666667
3933,candidate_1,candidate_3,candidate_2,3,0.04666666666666667
3934,candidate_1,candidate_3,candidate_2,3,0.04666666666666667
3935,candidate_1,candidate_3,candidate_2,3,0.04666666666666667
3936,candidate_1,candidate_3,candidate_2,3,0.04666666666666667
3937,candidate_1,candidate_3,candidate_2,3,0.04666666666666667
3938,candidate_1,candidate_3,candidate_2,3,0.04666666666666667
3939,candidate_1,candidate_3,candidate_2,3,0.04666666666666667
3940,candidate_1,candidate_3,candidate_2,3,0.04666666666666667
3941,candidate_1,candidate_3,candidate_2,3,0.04666666666666667
3942,0,candidate_3,candidate_2,3,0.04666666666666667
3943,candidate_1,candidate_3,candidate_2,3,0.04666666666666667
3944,candidate_1,candidate_3,candidate_2,3,0.04666666666666667
3945,candidate_1,candidate_3,candidate_2,3,0.04666666666666667
3946,candidate_1,candidate_3,candidate_2,3,0.04666666666666667
3947,candidate_1,candidate_3,candidate_2,3,0.04666666666666667
3948,candidate_1,0,candidate_2,3,0.04666666666666667
3949,0,candidate_3,candidate_2,3,0.04666666666666667
3950,candidate_1,candidate_3,candidate_2,3,0.04666666666666667
3951,candidate_1,candidate_3,candidate_2,3,0.04666666666666667
3952,candidate_1,candidate_3,candidate_2,3,0.04666666666666667
3953,candidate_1,candidate_3,candidate_2,3,0.04666666666666667
3954,0,candidate_3,candidate_2,3,0.04666666666666667
3955,candidate_1,candidate_3,candidate_2,3,0.04666666666666667
3956,candidate_1,candidate_3,candidate_2,3,0.04666666666666667
3957,candidate_1,candidate_3,candidate_2,3,0.04666666666666667
3958,candidate_1,candidate_3,candidate_2,3,0.04666666666666667
3959,candidate_1,0,candidate_2,3,0.04666666666666667
3960,candidate_1,candidate_3,candidate_2,3,0.04666666666666667
3961,candidate_1,candidate_3,candidate_2,3,0.04666666666666667
3962,candidate_1,candidate_3,candidate_2,3,0.04666666666666667
3963,candidate_1,candidate_3,candidate_2,3,0.04666666666666667
3964,candidate_1,candidate_3,candidate_2,3,0.04666666666666667
3965,candidate_1,candidate_3,candidate_2,3,0.04666666666666667
3966,candidate_1,candidate_3,candidate_2,3,0.04666666666666667
3967,candidate_1,candidate_3,0,3,0.04666666666666667
3968,candidate_1,candidate_3,candidate_2,3,0.04666666666666667
3969,candidate_1,candidate_3,candidate_2,3,0.04666666666666667
3970,candidate_1,candidate_3,candidate_2,3,0.04666666666666667
3971,candidate_1,candidate_3,candidate_2,3,0.04666666666666667
3972,candidate_1,candidate_3,candidate_2,3,0.04666666666666667
3973,candidate_1,candidate_3,candidate_2,3,0.04666666666666667
3974,candidate_1,candidate_3,candidate_2,3,0.04666666666666667
3975,candidate_1,candidate_3,candidate_2,3,0.04666666666666667
3976,candidate_1,candidate_3,candidate_2,3,0.04666666666666667
3977,candidate_1,candidate_3,candidate_2,3,0.04666666666666667
3978,candidate_1,candidate_3,candidate_2,3,0.04666666666666667
3979,candidate_1,candidate_3,candidate_2,3,0.04666666666666667
3980,candidate_1,candidate_3,candidate_2,3,0.04666666666666667
3981,candidate_1,candidate_3,candidate_2,3,0.04666666666666667
3982,candidate_1,0,candidate_2,3,0.04666666666666667
3983,candidate_1,candidate_3,candidate_2,3,0.04666666666666667
3984,candidate_1,candidate_3,candidate_2,3,0.04666666666666667
3985,candidate_1,candidate_3,candidate_2,3,0.04666666666666667
3986,candidate_1,candidate_3,candidate_2,3,0.04666666666666667
3987,candidate_1,candidate_3,candidate_2,3,0.04666666666666667
3988,candidate_1,candidate_3,candidate_2,3,0.04666666666666667
3989,candidate_1,candidate_3,candidate_2,3,0.04666666666666667
3990,candidate_1,candidate_3,candidate_2,3,0.04666666666666667
3991,candidate_1,candidate_3,candidate_2,3,0.04666666666666667
3992,candidate_1,candidate_3,candidate_2,3,0.04666666666666667
3993,candidate_1,candidate_3,candidate_2,3,0.04666666666666667
3994,candidate_1,candidate_3,candidate_2,3,0.04666666666666667
3995,candidate_1,candidate_3,0,3,0.04666666666666667
3996,candidate_1,candidate_3,candidate_2,3,0.04666666666666667
3997,candidate_1,candidate_3,candidate_2,3,0.04666666666666667
3998,candidate_1,candidate_3,0,3,0.04666666666666667
3999,candidate_1,candidate_3,candidate_2,3,0.04666666666666667
4000,candidate_1,0,candidate_2,3,0.04666666666666667
4001,candidate_1,candidate_3,candidate_2,3,0.04666666666666667
4002,candidate_1,candidate_3,candidate_2,3,0.04666666666666667
4003,candidate_1,candidate_3,candidate_2,3,0.04666666666666667
4004,candidate_1,candidate_3,candidate_2,3,0.04666666666666667
4005,candidate_1,candidate_3,candidate_2,3,0.04666666666666667
4006,candidate_1,candidate_3,candidate_2,3,0.04666666666666667
4007,candidate_1,candidate_3,candidate_2,3,0.04666666666666667
4008,candidate_1,candidate_3,candidate_2,3,0.04666666666666667
4009,candidate_1,candidate_3,candidate_2,3,0.04666666666666667
4010,candidate_1,candidate_3,0,3,0.04666666666666667
4011,candidate_1,candidate_3,candidate_2,3,0.04666666666666667
4012,candidate_1,candidate_3,candidate_2,3,0.04666666666666667
4013,candidate_1,candidate_3,candidate_2,3,0.04666666666666667
4014,candidate_1,candidate_3,candidate_2,3,0.04666666666666667
4015,candidate_1,candidate_3,candidate_2,3,0.04666666666666667
4016,candidate_1,candidate_3,candidate_2,3,0.04666666666666667
4017,candidate_1,candidate_3,candidate_2,3,0.04666666666666667
4018,candidate_1,candidate_3,candidate_2,3,0.04666666666666667
4019,candidate_1,candidate_3,candidate_2,3,0.04666666666666667
4020,candidate_1,candidate_3,candidate_2,3,0.04666666666666667
4021,candidate_1,candidate_3,candidate_2,3,0.04666666666666667
4022,candidate_1,candidate_3,candidate_2,3,0.04666666666666667
4023,candidate_1,candidate_3,candidate_2,3,0.04666666666666667
4024,candidate_1,candidate_3,candidate_2,3,0.04666666666666667
4025,candidate_1,candidate_3,candidate_2,3,0.04666666666666667
4026,candidate_1,candidate_3,candidate_2,3,0.04666666666666667
4027,candidate_1,candidate_3,candidate_2,3,0.04666666666666667
4028,candidate_1,candidate_3,candidate_2,3,0.04666666666666667
4029,candidate_1,candidate_3,candidate_2,3,0.04666666666666667
4030,candidate_1,candidate_3,candidate_2,3,0.04666666666666667
4031,candidate_1,candidate_3,candidate_2,3,0.04666666666666667
4032,candidate_1,candidate_3,candidate_2,3,0.04666666666666667
4033,candidate_1,candidate_3,candidate_2,3,0.04666666666666667
4034,candidate_1,candidate_3,candidate_2,3,0.04666666666666667
4035,candidate_1,candidate_3,candidate_2,3,0.04666666666666667
4036,candidate_1,candidate_3,candidate_2,3,0.04666666666666667
4037,candidate_1,candidate_3,candidate_2,3,0.04666666666666667
4038,candidate_1,candidate_3,candidate_2,3,0.04666666666666667
4039,candidate_1,candidate_3,candidate_2,3,0.04666666666666667
4040,candidate_1,candidate_3,candidate_2,3,0.04666666666666667
4041,candidate_1,candidate_3,candidate_2,3,0.04666666666666667
4042,candidate_1,candidate_3,candidate_2,3,0.04666666666666667
4043,candidate_1,candidate_3,candidate_2,3,0.04666666666666667
4044,candidate_1,candidate_3,candidate_2,3,0.04666666666666667
4045,candidate_1,candidate_3,candidate_2,3,0.04666666666666667
4046,candidate_1,candidate_3,candidate_2,3,0.04666666666666667
4047,candidate_1,candidate_3,0,3,0.04666666666666667
4048,candidate_1,candidate_3,candidate_2,3,0.04666666666666667
4049,candidate_1,candidate_3,candidate_2,3,0.04666666666666667
4050,candidate_1,candidate_3,candidate_2,3,0.04666666666666667
4051,candidate_1,candidate_3,candidate_2,3,0.04666666666666667
4052,candidate_1,candidate_3,candidate_2,3,0.04666666666666667
4053,candidate_1,candidate_3,candidate_2,3,0.04666666666666667
4054,candidate_1,candidate_3,candidate_2,3,0.04666666666666667
4055,candidate_1,candidate_3,candidate_2,3,0.04666666666666667
4056,candidate_1,candidate_3,candidate_2,3,0.04666666666666667
4057,candidate_1,candidate_3,candidate_2,3,0.04666666666666667
4058,candidate_1,candidate_3,candidate_2,3,0.04666666666666667
4059,candidate_1,candidate_3,candidate_2,3,0.04666666666666667
4060,candidate_1,candidate_3,candidate_2,3,0.04666666666666667
4061,candidate_1,candidate_3,candidate_2,3,0.04666666666666667
4062,candidate_1,candidate_3,candidate_2,3,0.04666666666666667
4063,candidate_1,candidate_3,candidate_2,3,0.04666666666666667
4064,candidate_1,candidate_3,candidate_2,3,0.04666666666666667
4065,candidate_1,candidate_3,candidate_2,3,0.04666666666666667
4066,candidate_1,candidate_3,candidate_2,3,0.04666666666666667
4067,candidate_1,candidate_3,candidate_2,3,0.04666666666666667
4068,candidate_1,candidate_3,candidate_2,3,0.04666666666666667
4069,candidate_1,candidate_3,candidate_2,3,0.04666666666666667
4070,candidate_1,candidate_3,candidate_2,3,0.04666666666666667
4071,candidate_1,candidate_3,candidate_2,3,0.04666666666666667
4072,candidate_1,candidate_3,candidate_2,3,0.04666666666666667
4073,candidate_1,candidate_3,candidate_2,3,0.04666666666666667
4074,candidate_1,candidate_3,candidate_2,3,0.04666666666666667
4075,candidate_1,candidate_3,candidate_2,3,0.04666666666666667
4076,candidate_1,candidate_3,candidate_2,3,0.04666666666666667
4077,candidate_1,candidate_3,candidate_2,3,0.04666666666666667
4078,candidate_1,candidate_3,candidate_2,3,0.04666666666666667
4079,candidate_1,candidate_3,candidate_2,3,0.04666666666666667
4080,candidate_1,candidate_3,candidate_2,3,0.04666666666666667
4081,candidate_1,candidate_3,candidate_2,3,0.04666666666666667
4082,candidate_1,candidate_3,candidate_2,3,0.04666666666666667
4083,candidate_1,candidate_3,candidate_2,3,0.04666666666666667
4084,candidate_1,candidate_3,candidate_2,3,0.04666666666666667
4085,candidate_1,candidate_3,candidate_2,3,0.04666666666666667
4086,candidate_1,candidate_3,candidate_2,3,0.04666666666666667
4087,candidate_1,candidate_3,candidate_2,3,0.04666666666666667
4088,candidate_1,candidate_3,candidate_2,3,0.04666666666666667
4089,candidate_1,candidate_3,candidate_2,3,0.04666666666666667
4090,candidate_1,candidate_3,0,3,0.04666666666666667
4091,candidate_1,candidate_3,candidate_2,3,0.04666666666666667
4092,candidate_1,candidate_3,candidate_2,3,0.04666666666666667
4093,candidate_1,candidate_3,candidate_2,3,0.04666666666666667
4094,candidate_1,candidate_3,candidate_2,3,0.04666666666666667
4095,candidate_1,candidate_3,candidate_2,3,0.04666666666666667
4096,candidate_1,candidate_3,candidate_2,3,0.04666666666666667
4097,candidate_1,candidate_3,candidate_2,3,0.04666666666666667
4098,candidate_1,candidate_3,candidate_2,3,0.04666666666666667
4099,candidate_1,candidate_3,candidate_2,3,0.04666666666666667
4100,0,candidate_3,candidate_2,3,0.04666666666666667
4101,candidate_1,candidate_3,candidate_2,3,0.04666666666666667
4102,candidate_1,candidate_3,candidate_2,3,0.04666666666666667
4103,candidate_1,candidate_3,candidate_2,3,0.04666666666666667
4104,candidate_1,candidate_3,candidate_2,3,0.04666666666666667
4105,candidate_1,candidate_3,candidate_2,3,0.04666666666666667
4106,candidate_1,candidate_3,candidate_2,3,0.04666666666666667
4107,candidate_1,0,candidate_2,3,0.04666666666666667
4108,candidate_1,candidate_3,candidate_2,3,0.04666666666666667
4109,candidate_1,candidate_3,candidate_2,3,0.04666666666666667
4110,candidate_1,candidate_3,candidate_2,3,0.04666666666666667
4111,candidate_1,0,candidate_2,3,0.04666666666666667
4112,candidate_1,candidate_3,candidate_2,3,0.04666666666666667
4113,candidate_1,candidate_3,candidate_2,3,0.04666666666666667
4114,candidate_1,candidate_3,candidate_2,3,0.04666666666666667
4115,candidate_1,candidate_3,candidate_2,3,0.04666666666666667
4116,candidate_1,0,candidate_2,3,0.04666666666666667
4117,candidate_1,candidate_3,candidate_2,3,0.04666666666666667
4118,candidate_1,candidate_3,candidate_2,3,0.04666666666666667
4119,candidate_1,candidate_3,candidate_2,3,0.04666666666666667
4120,candidate_1,candidate_3,candidate_2,3,0.04666666666666667
4121,candidate_1,candidate_3,candidate_2,3,0.04666666666666667
4122,candidate_1,candidate_3,candidate_2,3,0.04666666666666667
4123,candidate_1,candidate_3,candidate_2,3,0.04666666666666667
4124,candidate_1,candidate_3,candidate_2,3,0.04666666666666667
4125,candidate_1,candidate_3,candidate_2,3,0.04666666666666667
4126,candidate_1,candidate_3,candidate_2,3,0.04666666666666667
4127,candidate_1,candidate_3,candidate_2,3,0.04666666666666667
4128,candidate_1,0,candidate_2,3,0.04666666666666667
4129,candidate_1,candidate_3,candidate_2,3,0.04666666666666667
4130,candidate_1,candidate_3,candidate_2,3,0.04666666666666667
4131,candidate_1,candidate_3,candidate_2,3,0.04666666666666667
4132,candidate_1,candidate_3,candidate_2,3,0.04666666666666667
4133,candidate_1,candidate_3,candidate_2,3,0.04666666666666667
4134,candidate_1,candidate_3,candidate_2,3,0.04666666666666667
4135,candidate_1,candidate_3,candidate_2,3,0.04666666666666667
4136,candidate_1,candidate_3,candidate_2,3,0.04666666666666667
4137,candidate_1,candidate_3,candidate_2,3,0.04666666666666667
4138,candidate_1,candidate_3,candidate_2,3,0.04666666666666667
4139,candidate_1,candidate_3,candidate_2,3,0.04666666666666667
4140,candidate_1,candidate_3,candidate_2,3,0.04666666666666667
4141,0,candidate_3,candidate_2,3,0.04666666666666667
4142,candidate_1,candidate_3,candidate_2,3,0.04666666666666667
4143,candidate_1,candidate_3,candidate_2,3,0.04666666666666667
4144,0,candidate_3,candidate_2,3,0.04666666666666667
4145,candidate_1,candidate_3,candidate_2,3,0.04666666666666667
4146,candidate_1,candidate_3,candidate_2,3,0.04666666666666667
4147,candidate_1,candidate_3,candidate_2,3,0.04666666666666667
4148,candidate_1,candidate_3,candidate_2,3,0.04666666666666667
4149,candidate_1,candidate_3,candidate_2,3,0.04666666666666667
4150,candidate_1,candidate_3,candidate_2,3,0.04666666666666667
4151,candidate_1,candidate_3,candidate_2,3,0.04666666666666667
4152,candidate_1,candidate_3,candidate_2,3,0.04666666666666667
4153,candidate_1,candidate_3,candidate_2,3,0.04666666666666667
4154,candidate_1,candidate_3,candidate_2,3,0.04666666666666667
4155,candidate_1,candidate_3,candidate_2,3,0.04666666666666667
4156,candidate_1,0,candidate_2,3,0.04666666666666667
4157,candidate_1,candidate_3,candidate_2,3,0.04666666666666667
4158,candidate_1,candidate_3,candidate_2,3,0.04666666666666667
4159,candidate_1,candidate_3,candidate_2,3,0.04666666666666667
4160,candidate_1,candidate_3,candidate_2,3,0.04666666666666667
4161,candidate_1,candidate_3,candidate_2,3,0.04666666666666667
4162,candidate_1,candidate_3,candidate_2,3,0.04666666666666667
4163,candidate_1,candidate_3,candidate_2,3,0.04666666666666667
4164,candidate_1,candidate_3,candidate_2,3,0.04666666666666667
4165,candidate_1,candidate_3,candidate_2,3,0.04666666666666667
4166,candidate_1,candidate_3,candidate_2,3,0.04666666666666667
4167,candidate_1,candidate_3,candidate_2,3,0.04666666666666667
4168,candidate_1,candidate_3,candidate_2,3,0.04666666666666667
4169,candidate_1,candidate_3,candidate_2,3,0.04666666666666667
4170,candidate_1,candidate_3,candidate_2,3,0.04666666666666667
4171,candidate_1,candidate_3,candidate_2,3,0.04666666666666667
4172,candidate_1,candidate_3,candidate_2,3,0.04666666666666667
4173,candidate_1,candidate_3,candidate_2,3,0.04666666666666667
4174,candidate_1,candidate_3,candidate_2,3,0.04666666666666667
4175,candidate_1,candidate_3,candidate_2,3,0.04666666666666667
4176,candidate_1,candidate_3,candidate_2,3,0.04666666666666667
4177,candidate_1,candidate_3,candidate_2,3,0.04666666666666667
4178,candidate_1,candidate_3,candidate_2,3,0.04666666666666667
4179,candidate_1,candidate_3,candidate_2,3,0.04666666666666667
4180,candidate_1,candidate_3,candidate_2,3,0.04666666666666667
4181,candidate_1,candidate_3,candidate_2,3,0.04666666666666667
4182,candidate_1,candidate_3,candidate_2,3,0.04666666666666667
4183,candidate_1,candidate_3,candidate_2,3,0.04666666666666667
4184,candidate_1,candidate_3,0,3,0.04666666666666667
4185,candidate_1,candidate_3,candidate_2,3,0.04666666666666667
4186,candidate_1,candidate_3,candidate_2,3,0.04666666666666667
4187,candidate_1,candidate_3,candidate_2,3,0.04666666666666667
4188,candidate_1,candidate_3,candidate_2,3,0.04666666666666667
4189,candidate_1,candidate_3,candidate_2,3,0.04666666666666667
4190,candidate_1,candidate_3,candidate_2,3,0.04666666666666667
4191,candidate_1,candidate_3,candidate_2,3,0.04666666666666667
4192,candidate_1,candidate_3,candidate_2,3,0.04666666666666667
4193,candidate_1,candidate_3,candidate_2,3,0.04666666666666667
4194,candidate_1,candidate_3,candidate_2,3,0.04666666666666667
4195,candidate_1,candidate_3,candidate_2,3,0.04666666666666667
4196,candidate_1,candidate_3,candidate_2,3,0.04666666666666667
4197,candidate_1,0,candidate_2,3,0.04666666666666667
4198,candidate_1,candidate_3,candidate_2,3,0.04666666666666667
4199,candidate_1,candidate_3,candidate_2,3,0.04666666666666667
4200,candidate_1,candidate_3,candidate_2,3,0.04666666666666667
4201,candidate_1,candidate_3,candidate_2,3,0.04666666666666667
4202,candidate_1,candidate_3,candidate_2,3,0.04666666666666667
4203,candidate_1,candidate_3,0,3,0.04666666666666667
4204,candidate_1,candidate_3,candidate_2,3,0.04666666666666667
4205,candidate_1,candidate_3,candidate_2,3,0.04666666666666667
4206,candidate_1,candidate_3,candidate_2,3,0.04666666666666667
4207,candidate_1,candidate_3,candidate_2,3,0.04666666666666667
4208,candidate_1,candidate_3,candidate_2,3,0.04666666666666667
4209,candidate_1,candidate_3,candidate_2,3,0.04666666666666667
4210,candidate_1,candidate_3,candidate_2,3,0.04666666666666667
4211,candidate_1,candidate_3,candidate_2,3,0.04666666666666667
4212,candidate_1,candidate_3,candidate_2,3,0.04666666666666667
4213,candidate_1,candidate_3,candidate_2,3,0.04666666666666667
4214,candidate_1,0,candidate_2,3,0.04666666666666667
4215,candidate_1,candidate_3,candidate_2,3,0.04666666666666667
4216,candidate_1,candidate_3,candidate_2,3,0.04666666666666667
4217,candidate_1,candidate_3,candidate_2,3,0.04666666666666667
4218,candidate_1,candidate_3,candidate_2,3,0.04666666666666667
4219,candidate_1,candidate_3,candidate_2,3,0.04666666666666667
4220,candidate_1,candidate_3,candidate_2,3,0.04666666666666667
4221,candidate_1,candidate_3,candidate_2,3,0.04666666666666667
4222,candidate_1,candidate_3,candidate_2,3,0.04666666666666667
4223,candidate_1,candidate_3,candidate_2,3,0.04666666666666667
4224,candidate_1,candidate_3,candidate_2,3,0.04666666666666667
4225,candidate_1,candidate_3,candidate_2,3,0.04666666666666667
4226,candidate_1,candidate_3,candidate_2,3,0.04666666666666667
4227,candidate_1,candidate_3,candidate_2,3,0.04666666666666667
4228,candidate_1,candidate_3,candidate_2,3,0.04666666666666667
4229,0,candidate_3,candidate_2,3,0.04666666666666667
4230,candidate_1,candidate_3,candidate_2,3,0.04666666666666667
4231,candidate_1,candidate_3,candidate_2,3,0.04666666666666667
4232,candidate_1,candidate_3,candidate_2,3,0.04666666666666667
4233,candidate_1,candidate_3,candidate_2,3,0.04666666666666667
4234,candidate_1,candidate_3,candidate_2,3,0.04666666666666667
4235,candidate_1,candidate_3,candidate_2,3,0.04666666666666667
4236,candidate_1,candidate_3,candidate_2,3,0.04666666666666667
4237,candidate_1,candidate_3,candidate_2,3,0.04666666666666667
4238,candidate_1,candidate_3,candidate_2,3,0.04666666666666667
4239,candidate_1,candidate_3,candidate_2,3,0.04666666666666667
4240,candidate_1,candidate_3,candidate_2,3,0.04666666666666667
4241,candidate_1,candidate_3,candidate_2,3,0.04666666666666667
4242,candidate_1,candidate_3,candidate_2,3,0.04666666666666667
4243,candidate_1,candidate_3,candidate_2,3,0.04666666666666667
4244,candidate_1,candidate_3,candidate_2,3,0.04666666666666667
4245,candidate_1,candidate_3,candidate_2,3,0.04666666666666667
4246,candidate_1,candidate_3,candidate_2,3,0.04666666666666667
4247,candidate_1,candidate_3,candidate_2,3,0.04666666666666667
4248,candidate_1,candidate_3,candidate_2,3,0.04666666666666667
4249,candidate_1,candidate_3,candidate_2,3,0.04666666666666667
4250,0,candidate_3,candidate_2,3,0.04666666666666667
4251,candidate_1,candidate_3,candidate_2,3,0.04666666666666667
4252,candidate_1,candidate_3,candidate_2,3,0.04666666666666667
4253,candidate_1,candidate_3,candidate_2,3,0.04666666666666667
4254,candidate_1,candidate_3,candidate_2,3,0.04666666666666667
4255,candidate_1,candidate_3,candidate_2,3,0.04666666666666667
4256,candidate_1,candidate_3,candidate_2,3,0.04666666666666667
4257,candidate_1,candidate_3,candidate_2,3,0.04666666666666667
4258,candidate_1,candidate_3,candidate_2,3,0.04666666666666667
4259,candidate_1,candidate_3,candidate_2,3,0.04666666666666667
4260,candidate_1,candidate_3,candidate_2,3,0.04666666666666667
4261,candidate_1,candidate_3,candidate_2,3,0.04666666666666667
4262,candidate_1,0,candidate_2,3,0.04666666666666667
4263,candidate_1,candidate_3,candidate_2,3,0.04666666666666667
4264,candidate_1,candidate_3,candidate_2,3,0.04666666666666667
4265,candidate_1,candidate_3,candidate_2,3,0.04666666666666667
4266,candidate_1,candidate_3,candidate_2,3,0.04666666666666667
4267,candidate_1,candidate_3,candidate_2,3,0.04666666666666667
4268,candidate_1,candidate_3,candidate_2,3,0.04666666666666667
4269,candidate_1,candidate_3,candidate_2,3,0.04666666666666667
4270,candidate_1,candidate_3,candidate_2,3,0.04666666666666667
4271,candidate_1,candidate_3,candidate_2,3,0.04666666666666667
4272,candidate_1,candidate_3,candidate_2,3,0.04666666666666667
4273,candidate_1,candidate_3,candidate_2,3,0.04666666666666667
4274,candidate_1,candidate_3,candidate_2,3,0.04666666666666667
4275,0,candidate_3,candidate_2,3,0.04666666666666667
4276,0,candidate_3,candidate_2,3,0.04666666666666667
4277,candidate_1,candidate_3,candidate_2,3,0.04666666666666667
4278,candidate_1,candidate_3,candidate_2,3,0.04666666666666667
4279,candidate_1,candidate_3,candidate_2,3,0.04666666666666667
4280,candidate_1,candidate_3,candidate_2,3,0.04666666666666667
4281,candidate_1,candidate_3,candidate_2,3,0.04666666666666667
4282,candidate_1,candidate_3,candidate_2,3,0.04666666666666667
4283,candidate_1,candidate_3,candidate_2,3,0.04666666666666667
4284,candidate_1,candidate_3,candidate_2,3,0.04666666666666667
4285,candidate_1,candidate_3,candidate_2,3,0.04666666666666667
4286,candidate_1,candidate_3,candidate_2,3,0.04666666666666667
4287,candidate_1,candidate_3,candidate_2,3,0.04666666666666667
4288,candidate_1,candidate_3,candidate_2,3,0.04666666666666667
4289,candidate_1,candidate_3,candidate_2,3,0.04666666666666667
4290,candidate_1,candidate_3,candidate_2,3,0.04666666666666667
4291,candidate_1,candidate_3,candidate_2,3,0.04666666666666667
4292,candidate_1,candidate_3,candidate_2,3,0.04666666666666667
4293,candidate_1,candidate_3,candidate_2,3,0.04666666666666667
4294,candidate_1,candidate_3,candidate_2,3,0.04666666666666667
4295,candidate_1,0,candidate_2,3,0.04666666666666667
4296,candidate_1,candidate_3,candidate_2,3,0.04666666666666667
4297,candidate_1,0,candidate_2,3,0.04666666666666667
4298,candidate_1,candidate_3,candidate_2,3,0.04666666666666667
4299,candidate_1,candidate_3,candidate_2,3,0.04666666666666667
4300,candidate_1,candidate_3,candidate_2,3,0.04666666666666667
4301,candidate_1,candidate_3,0,3,0.04666666666666667
4302,candidate_1,candidate_3,candidate_2,3,0.04666666666666667
4303,candidate_1,candidate_3,candidate_2,3,0.04666666666666667
4304,candidate_1,candidate_3,candidate_2,3,0.04666666666666667
4305,0,candidate_3,candidate_2,3,0.04666666666666667
4306,candidate_1,candidate_3,candidate_2,3,0.04666666666666667
4307,candidate_1,candidate_3,candidate_2,3,0.04666666666666667
4308,candidate_1,candidate_3,candidate_2,3,0.04666666666666667
4309,candidate_1,0,candidate_2,3,0.04666666666666667
4310,candidate_1,candidate_3,candidate_2,3,0.04666666666666667
4311,candidate_1,candidate_3,candidate_2,3,0.04666666666666667
4312,candidate_1,candidate_3,candidate_2,3,0.04666666666666667
4313,candidate_1,candidate_3,candidate_2,3,0.04666666666666667
4314,candidate_1,candidate_3,candidate_2,3,0.04666666666666667
4315,candidate_1,candidate_3,candidate_2,3,0.04666666666666667
4316,candidate_1,candidate_3,candidate_2,3,0.04666666666666667
4317,candidate_1,candidate_3,candidate_2,3,0.04666666666666667
4318,candidate_1,candidate_3,candidate_2,3,0.04666666666666667
4319,candidate_1,candidate_3,candidate_2,3,0.04666666666666667
4320,candidate_1,candidate_3,candidate_2,3,0.04666666666666667
4321,0,candidate_3,candidate_2,3,0.04666666666666667
4322,candidate_1,candidate_3,candidate_2,3,0.04666666666666667
4323,candidate_1,candidate_3,candidate_2,3,0.04666666666666667
4324,candidate_1,candidate_3,candidate_2,3,0.04666666666666667
4325,candidate_1,0,candidate_2,3,0.04666666666666667
4326,candidate_1,candidate_3,candidate_2,3,0.04666666666666667
4327,candidate_1,candidate_3,candidate_2,3,0.04666666666666667
4328,candidate_1,candidate_3,candidate_2,3,0.04666666666666667
4329,candidate_1,candidate_3,candidate_2,3,0.04666666666666667
4330,candidate_1,candidate_3,candidate_2,3,0.04666666666666667
4331,candidate_1,candidate_3,candidate_2,3,0.04666666666666667
4332,candidate_1,candidate_3,candidate_2,3,0.04666666666666667
4333,candidate_1,candidate_3,candidate_2,3,0.04666666666666667
4334,candidate_1,candidate_3,candidate_2,3,0.04666666666666667
4335,candidate_1,candidate_3,candidate_2,3,0.04666666666666667
4336,candidate_1,candidate_3,candidate_2,3,0.04666666666666667
4337,candidate_1,candidate_3,candidate_2,3,0.04666666666666667
4338,candidate_1,candidate_3,candidate_2,3,0.04666666666666667
4339,candidate_1,candidate_3,candidate_2,3,0.04666666666666667
4340,candidate_1,candidate_3,candidate_2,3,0.04666666666666667
4341,candidate_1,candidate_3,candidate_2,3,0.04666666666666667
4342,candidate_1,candidate_3,candidate_2,3,0.04666666666666667
4343,candidate_1,candidate_3,candidate_2,3,0.04666666666666667
4344,candidate_1,candidate_3,candidate_2,3,0.04666666666666667
4345,candidate_1,candidate_3,candidate_2,3,0.04666666666666667
4346,candidate_1,candidate_3,candidate_2,3,0.04666666666666667
4347,candidate_1,candidate_3,0,3,0.04666666666666667
4348,candidate_1,candidate_3,candidate_2,3,0.04666666666666667
4349,candidate_1,candidate_3,candidate_2,3,0.04666666666666667
4350,candidate_1,candidate_3,candidate_2,3,0.04666666666666667
4351,candidate_1,candidate_3,candidate_2,3,0.04666666666666667
4352,candidate_1,candidate_3,candidate_2,3,0.04666666666666667
4353,candidate_1,candidate_3,candidate_2,3,0.04666666666666667
4354,candidate_1,candidate_3,candidate_2,3,0.04666666666666667
4355,candidate_1,candidate_3,candidate_2,3,0.04666666666666667
4356,candidate_1,candidate_3,candidate_2,3,0.04666666666666667
4357,candidate_1,candidate_3,candidate_2,3,0.04666666666666667
4358,candidate_1,candidate_3,candidate_2,3,0.04666666666666667
4359,candidate_1,candidate_3,candidate_2,3,0.04666666666666667
4360,candidate_1,candidate_3,candidate_2,3,0.04666666666666667
4361,candidate_1,candidate_3,candidate_2,3,0.04666666666666667
4362,candidate_1,candidate_3,candidate_2,3,0.04666666666666667
4363,candidate_1,candidate_3,candidate_2,3,0.04666666666666667
4364,candidate_1,candidate_3,candidate_2,3,0.04666666666666667
4365,candidate_1,candidate_3,candidate_2,3,0.04666666666666667
4366,candidate_1,candidate_3,candidate_2,3,0.04666666666666667
4367,candidate_1,candidate_3,0,3,0.04666666666666667
4368,candidate_1,candidate_3,candidate_2,3,0.04666666666666667
4369,candidate_1,candidate_3,candidate_2,3,0.04666666666666667
4370,candidate_1,candidate_3,candidate_2,3,0.04666666666666667
4371,candidate_1,candidate_3,0,3,0.04666666666666667
4372,candidate_1,candidate_3,candidate_2,3,0.04666666666666667
4373,candidate_1,0,candidate_2,3,0.04666666666666667
4374,candidate_1,candidate_3,candidate_2,3,0.04666666666666667
4375,candidate_1,candidate_3,candidate_2,3,0.04666666666666667
4376,candidate_1,0,candidate_2,3,0.04666666666666667
4377,candidate_1,candidate_3,candidate_2,3,0.04666666666666667
4378,candidate_1,candidate_3,candidate_2,3,0.04666666666666667
4379,candidate_1,candidate_3,0,3,0.04666666666666667
4380,candidate_1,candidate_3,candidate_2,3,0.04666666666666667
4381,candidate_1,candidate_3,candidate_2,3,0.04666666666666667
4382,candidate_1,candidate_3,candidate_2,3,0.04666666666666667
4383,candidate_1,candidate_3,candidate_2,3,0.04666666666666667
4384,candidate_1,candidate_3,candidate_2,3,0.04666666666666667
4385,candidate_1,candidate_3,candidate_2,3,0.04666666666666667
4386,candidate_1,candidate_3,candidate_2,3,0.04666666666666667
4387,candidate_1,candidate_3,candidate_2,3,0.04666666666666667
4388,candidate_1,candidate_3,candidate_2,3,0.04666666666666667
4389,candidate_1,candidate_3,candidate_2,3,0.04666666666666667
4390,candidate_1,candidate_3,candidate_2,3,0.04666666666666667
4391,candidate_1,0,candidate_2,3,0.04666666666666667
4392,candidate_1,candidate_3,candidate_2,3,0.04666666666666667
4393,candidate_1,candidate_3,candidate_2,3,0.04666666666666667
4394,candidate_1,candidate_3,candidate_2,3,0.04666666666666667
4395,candidate_1,candidate_3,candidate_2,3,0.04666666666666667
4396,candidate_1,candidate_3,candidate_2,3,0.04666666666666667
4397,0,candidate_3,candidate_2,3,0.04666666666666667
4398,candidate_1,candidate_3,candidate_2,3,0.04666666666666667
4399,candidate_1,candidate_3,candidate_2,3,0.04666666666666667
4400,candidate_1,candidate_3,candidate_2,3,0.04666666666666667
4401,candidate_1,candidate_3,candidate_2,3,0.04666666666666667
4402,candidate_1,candidate_3,candidate_2,3,0.04666666666666667
4403,candidate_1,candidate_3,candidate_2,3,0.04666666666666667
4404,candidate_1,candidate_3,candidate_2,3,0.04666666666666667
4405,candidate_1,candidate_3,candidate_2,3,0.04666666666666667
4406,candidate_1,candidate_3,candidate_2,3,0.04666666666666667
4407,candidate_1,candidate_3,candidate_2,3,0.04666666666666667
4408,candidate_1,candidate_3,candidate_2,3,0.04666666666666667
4409,candidate_1,candidate_3,candidate_2,3,0.04666666666666667
4410,candidate_1,candidate_3,candidate_2,3,0.04666666666666667
4411,candidate_1,candidate_3,candidate_2,3,0.04666666666666667
4412,candidate_1,candidate_3,candidate_2,3,0.04666666666666667
4413,candidate_1,candidate_3,candidate_2,3,0.04666666666666667
4414,candidate_1,candidate_3,candidate_2,3,0.04666666666666667
4415,candidate_1,candidate_3,candidate_2,3,0.04666666666666667
4416,candidate_1,candidate_3,candidate_2,3,0.04666666666666667
4417,candidate_1,candidate_3,candidate_2,3,0.04666666666666667
4418,candidate_1,candidate_3,candidate_2,3,0.04666666666666667
4419,candidate_1,candidate_3,candidate_2,3,0.04666666666666667
4420,candidate_1,candidate_3,candidate_2,3,0.04666666666666667
4421,candidate_1,candidate_3,candidate_2,3,0.04666666666666667
4422,candidate_1,candidate_3,candidate_2,3,0.04666666666666667
4423,candidate_1,candidate_3,candidate_2,3,0.04666666666666667
4424,candidate_1,candidate_3,candidate_2,3,0.04666666666666667
4425,candidate_1,candidate_3,candidate_2,3,0.04666666666666667
4426,candidate_1,candidate_3,0,3,0.04666666666666667
4427,candidate_1,candidate_3,candidate_2,3,0.04666666666666667
4428,candidate_1,candidate_3,candidate_2,3,0.04666666666666667
4429,candidate_1,candidate_3,candidate_2,3,0.04666666666666667
4430,candidate_1,0,candidate_2,3,0.04666666666666667
4431,candidate_1,candidate_3,candidate_2,3,0.04666666666666667
4432,candidate_1,candidate_3,candidate_2,3,0.04666666666666667
4433,candidate_1,candidate_3,candidate_2,3,0.04666666666666667
4434,candidate_1,candidate_3,candidate_2,3,0.04666666666666667
4435,candidate_1,candidate_3,candidate_2,3,0.04666666666666667
4436,candidate_1,candidate_3,candidate_2,3,0.04666666666666667
4437,candidate_1,candidate_3,candidate_2,3,0.04666666666666667
4438,candidate_1,candidate_3,candidate_2,3,0.04666666666666667
4439,candidate_1,candidate_3,candidate_2,3,0.04666666666666667
4440,candidate_1,candidate_3,candidate_2,3,0.04666666666666667
4441,candidate_1,candidate_3,candidate_2,3,0.04666666666666667
4442,candidate_1,candidate_3,candidate_2,3,0.04666666666666667
4443,candidate_1,candidate_3,candidate_2,3,0.04666666666666667
4444,candidate_1,candidate_3,candidate_2,3,0.04666666666666667
4445,candidate_1,candidate_3,candidate_2,3,0.04666666666666667
4446,candidate_1,candidate_3,candidate_2,3,0.04666666666666667
4447,candidate_1,candidate_3,candidate_2,3,0.04666666666666667
4448,candidate_1,candidate_3,candidate_2,3,0.04666666666666667
4449,candidate_1,candidate_3,candidate_2,3,0.04666666666666667
4450,candidate_1,candidate_3,candidate_2,3,0.04666666666666667
4451,candidate_1,candidate_3,candidate_2,3,0.04666666666666667
4452,candidate_1,candidate_3,candidate_2,3,0.04666666666666667
4453,0,candidate_3,candidate_2,3,0.04666666666666667
4454,candidate_1,candidate_3,candidate_2,3,0.04666666666666667
4455,candidate_1,candidate_3,candidate_2,3,0.04666666666666667
4456,candidate_1,candidate_3,candidate_2,3,0.04666666666666667
4457,candidate_1,0,candidate_2,3,0.04666666666666667
4458,candidate_1,candidate_3,candidate_2,3,0.04666666666666667
4459,candidate_1,candidate_3,candidate_2,3,0.04666666666666667
4460,candidate_1,candidate_3,candidate_2,3,0.04666666666666667
4461,candidate_1,candidate_3,candidate_2,3,0.04666666666666667
4462,candidate_1,candidate_3,candidate_2,3,0.04666666666666667
4463,candidate_1,candidate_3,candidate_2,3,0.04666666666666667
4464,candidate_1,candidate_3,candidate_2,3,0.04666666666666667
4465,candidate_1,candidate_3,candidate_2,3,0.04666666666666667
4466,candidate_1,candidate_3,0,3,0.04666666666666667
4467,candidate_1,candidate_3,candidate_2,3,0.04666666666666667
4468,candidate_1,candidate_3,0,3,0.04666666666666667
4469,candidate_1,candidate_3,candidate_2,3,0.04666666666666667
4470,candidate_1,candidate_3,candidate_2,3,0.04666666666666667
4471,candidate_1,candidate_3,candidate_2,3,0.04666666666666667
4472,candidate_1,candidate_3,0,3,0.04666666666666667
4473,candidate_1,candidate_3,candidate_2,3,0.04666666666666667
4474,candidate_1,candidate_3,candidate_2,3,0.04666666666666667
4475,candidate_1,candidate_3,candidate_2,3,0.04666666666666667
4476,candidate_1,candidate_3,candidate_2,3,0.04666666666666667
4477,candidate_1,candidate_3,candidate_2,3,0.04666666666666667
4478,candidate_1,candidate_3,candidate_2,3,0.04666666666666667
4479,candidate_1,candidate_3,candidate_2,3,0.04666666666666667
4480,candidate_1,candidate_3,candidate_2,3,0.04666666666666667
4481,candidate_1,candidate_3,candidate_2,3,0.04666666666666667
4482,candidate_1,0,candidate_2,3,0.04666666666666667
4483,candidate_1,candidate_3,candidate_2,3,0.04666666666666667
4484,candidate_1,candidate_3,candidate_2,3,0.04666666666666667
4485,candidate_1,candidate_3,candidate_2,3,0.04666666666666667
4486,candidate_1,candidate_3,candidate_2,3,0.04666666666666667
4487,candidate_1,0,candidate_2,3,0.04666666666666667
4488,candidate_1,candidate_3,candidate_2,3,0.04666666666666667
4489,candidate_1,candidate_3,candidate_2,3,0.04666666666666667
4490,candidate_1,candidate_3,candidate_2,3,0.04666666666666667
4491,candidate_1,candidate_3,candidate_2,3,0.04666666666666667
4492,candidate_1,candidate_3,candidate_2,3,0.04666666666666667
4493,candidate_1,candidate_3,candidate_2,3,0.04666666666666667
4494,candidate_1,candidate_3,candidate_2,3,0.04666666666666667
4495,candidate_1,candidate_3,candidate_2,3,0.04666666666666667
4496,candidate_1,candidate_3,candidate_2,3,0.04666666666666667
4497,candidate_1,candidate_3,candidate_2,3,0.04666666666666667
4498,candidate_1,candidate_3,candidate_2,3,0.04666666666666667
4499,0,candidate_3,candidate_2,3,0.04666666666666667
4500,candidate_1,candidate_3,candidate_2,3,0.04666666666666667
4501,candidate_1,candidate_3,candidate_2,3,0.04666666666666667
4502,candidate_1,candidate_3,candidate_2,3,0.04666666666666667
4503,0,candidate_3,0,3,0.04666666666666667
4504,candidate_1,candidate_3,candidate_2,3,0.04666666666666667
4505,0,candidate_3,candidate_2,3,0.04666666666666667
4506,candidate_1,0,candidate_2,3,0.04666666666666667
4507,candidate_1,candidate_3,candidate_2,3,0.04666666666666667
4508,candidate_1,0,candidate_2,3,0.04666666666666667
4509,candidate_1,candidate_3,candidate_2,3,0.04666666666666667
4510,candidate_1,candidate_3,candidate_2,3,0.04666666666666667
4511,candidate_1,candidate_3,candidate_2,3,0.04666666666666667
4512,candidate_1,candidate_3,candidate_2,3,0.04666666666666667
4513,candidate_1,candidate_3,candidate_2,3,0.04666666666666667
4514,candidate_1,candidate_3,candidate_2,3,0.04666666666666667
4515,candidate_1,candidate_3,candidate_2,3,0.04666666666666667
4516,candidate_1,candidate_3,0,3,0.04666666666666667
4517,candidate_1,candidate_3,candidate_2,3,0.04666666666666667
4518,candidate_1,candidate_3,candidate_2,3,0.04666666666666667
4519,candidate_1,candidate_3,candidate_2,3,0.04666666666666667
4520,candidate_1,candidate_3,0,3,0.04666666666666667
4521,candidate_1,candidate_3,candidate_2,3,0.04666666666666667
4522,candidate_1,candidate_3,candidate_2,3,0.04666666666666667
4523,candidate_1,candidate_3,candidate_2,3,0.04666666666666667
4524,candidate_1,candidate_3,candidate_2,3,0.04666666666666667
4525,candidate_1,candidate_3,candidate_2,3,0.04666666666666667
4526,0,candidate_3,candidate_2,3,0.04666666666666667
4527,candidate_1,candidate_3,candidate_2,3,0.04666666666666667
4528,candidate_1,candidate_3,candidate_2,3,0.04666666666666667
4529,candidate_1,candidate_3,candidate_2,3,0.04666666666666667
4530,0,candidate_3,candidate_2,3,0.04666666666666667
4531,candidate_1,candidate_3,candidate_2,3,0.04666666666666667
4532,candidate_1,candidate_3,candidate_2,3,0.04666666666666667
4533,candidate_1,candidate_3,0,3,0.04666666666666667
4534,candidate_1,candidate_3,candidate_2,3,0.04666666666666667
4535,candidate_1,candidate_3,candidate_2,3,0.04666666666666667
4536,candidate_1,candidate_3,0,3,0.04666666666666667
4537,candidate_1,candidate_3,candidate_2,3,0.04666666666666667
4538,candidate_1,candidate_3,candidate_2,3,0.04666666666666667
4539,candidate_1,candidate_3,candidate_2,3,0.04666666666666667
4540,candidate_1,candidate_3,candidate_2,3,0.04666666666666667
4541,candidate_1,candidate_3,candidate_2,3,0.04666666666666667
4542,candidate_1,candidate_3,candidate_2,3,0.04666666666666667
4543,candidate_1,candidate_3,candidate_2,3,0.04666666666666667
4544,candidate_1,candidate_3,0,3,0.04666666666666667
4545,candidate_1,candidate_3,candidate_2,3,0.04666666666666667
4546,candidate_1,candidate_3,candidate_2,3,0.04666666666666667
4547,candidate_1,candidate_3,candidate_2,3,0.04666666666666667
4548,candidate_1,candidate_3,candidate_2,3,0.04666666666666667
4549,candidate_1,candidate_3,candidate_2,3,0.04666666666666667
4550,candidate_1,candidate_3,candidate_2,3,0.04666666666666667
4551,candidate_1,candidate_3,candidate_2,3,0.04666666666666667
4552,candidate_1,candidate_3,candidate_2,3,0.04666666666666667
4553,candidate_1,candidate_3,candidate_2,3,0.04666666666666667
4554,candidate_1,candidate_3,candidate_2,3,0.04666666666666667
4555,candidate_1,candidate_3,candidate_2,3,0.04666666666666667
4556,0,candidate_3,candidate_2,3,0.04666666666666667
4557,candidate_1,candidate_3,candidate_2,3,0.04666666666666667
4558,candidate_1,candidate_3,candidate_2,3,0.04666666666666667
4559,candidate_1,candidate_3,candidate_2,3,0.04666666666666667
4560,candidate_1,candidate_3,candidate_2,3,0.04666666666666667
4561,candidate_1,candidate_3,candidate_2,3,0.04666666666666667
4562,candidate_1,candidate_3,candidate_2,3,0.04666666666666667
4563,candidate_1,candidate_3,candidate_2,3,0.04666666666666667
4564,candidate_1,candidate_3,candidate_2,3,0.04666666666666667
4565,candidate_1,candidate_3,candidate_2,3,0.04666666666666667
4566,candidate_1,candidate_3,candidate_2,3,0.04666666666666667
4567,candidate_1,candidate_3,candidate_2,3,0.04666666666666667
4568,candidate_1,candidate_3,candidate_2,3,0.04666666666666667
4569,0,candidate_3,candidate_2,3,0.04666666666666667
4570,candidate_1,candidate_3,candidate_2,3,0.04666666666666667
4571,candidate_1,candidate_3,candidate_2,3,0.04666666666666667
4572,candidate_1,candidate_3,candidate_2,3,0.04666666666666667
4573,candidate_1,candidate_3,candidate_2,3,0.04666666666666667
4574,candidate_1,candidate_3,candidate_2,3,0.04666666666666667
4575,0,candidate_3,candidate_2,3,0.04666666666666667
4576,candidate_1,candidate_3,candidate_2,3,0.04666666666666667
4577,candidate_1,candidate_3,candidate_2,3,0.04666666666666667
4578,candidate_1,candidate_3,candidate_2,3,0.04666666666666667
4579,candidate_1,candidate_3,candidate_2,3,0.04666666666666667
4580,0,candidate_3,candidate_2,3,0.04666666666666667
4581,candidate_1,candidate_3,candidate_2,3,0.04666666666666667
4582,candidate_1,candidate_3,candidate_2,3,0.04666666666666667
4583,0,candidate_3,candidate_2,3,0.04666666666666667
4584,candidate_1,candidate_3,candidate_2,3,0.04666666666666667
4585,candidate_1,candidate_3,candidate_2,3,0.04666666666666667
4586,candidate_1,candidate_3,candidate_2,3,0.04666666666666667
4587,candidate_1,candidate_3,candidate_2,3,0.04666666666666667
4588,candidate_1,candidate_3,candidate_2,3,0.04666666666666667
4589,candidate_1,candidate_3,candidate_2,3,0.04666666666666667
4590,candidate_1,candidate_3,candidate_2,3,0.04666666666666667
4591,candidate_1,candidate_3,candidate_2,3,0.04666666666666667
4592,candidate_1,candidate_3,candidate_2,3,0.04666666666666667
4593,candidate_1,candidate_3,candidate_2,3,0.04666666666666667
4594,candidate_1,candidate_3,candidate_2,3,0.04666666666666667
4595,candidate_1,candidate_3,candidate_2,3,0.04666666666666667
4596,candidate_1,candidate_3,candidate_2,3,0.04666666666666667
4597,candidate_1,candidate_3,candidate_2,3,0.04666666666666667
4598,candidate_1,candidate_3,candidate_2,3,0.04666666666666667
4599,candidate_1,candidate_3,candidate_2,3,0.04666666666666667
4600,candidate_1,candidate_3,candidate_2,3,0.04666666666666667
4601,candidate_1,candidate_3,candidate_2,3,0.04666666666666667
4602,0,candidate_3,candidate_2,3,0.04666666666666667
4603,candidate_1,0,candidate_2,3,0.04666666666666667
4604,candidate_1,candidate_3,candidate_2,3,0.04666666666666667
4605,candidate_1,candidate_3,candidate_2,3,0.04666666666666667
4606,candidate_1,candidate_3,candidate_2,3,0.04666666666666667
4607,candidate_1,candidate_3,candidate_2,3,0.04666666666666667
4608,candidate_1,candidate_3,candidate_2,3,0.04666666666666667
4609,candidate_1,candidate_3,candidate_2,3,0.04666666666666667
4610,0,candidate_3,candidate_2,3,0.04666666666666667
4611,candidate_1,candidate_3,candidate_2,3,0.04666666666666667
4612,candidate_1,candidate_3,candidate_2,3,0.04666666666666667
4613,candidate_1,candidate_3,0,3,0.04666666666666667
4614,candidate_1,candidate_3,candidate_2,3,0.04666666666666667
4615,candidate_1,candidate_3,candidate_2,3,0.04666666666666667
4616,candidate_1,candidate_3,candidate_2,3,0.04666666666666667
4617,candidate_1,candidate_3,candidate_2,3,0.04666666666666667
4618,candidate_1,candidate_3,candidate_2,3,0.04666666666666667
4619,candidate_1,candidate_3,candidate_2,3,0.04666666666666667
4620,candidate_1,candidate_3,candidate_2,3,0.04666666666666667
4621,candidate_1,candidate_3,candidate_2,3,0.04666666666666667
4622,0,candidate_3,candidate_2,3,0.04666666666666667
4623,candidate_1,candidate_3,candidate_2,3,0.04666666666666667
4624,candidate_1,candidate_3,candidate_2,3,0.04666666666666667
4625,candidate_1,candidate_3,candidate_2,3,0.04666666666666667
4626,candidate_1,candidate_3,candidate_2,3,0.04666666666666667
4627,candidate_1,candidate_3,candidate_2,3,0.04666666666666667
4628,candidate_1,candidate_3,candidate_2,3,0.04666666666666667
4629,candidate_1,candidate_3,candidate_2,3,0.04666666666666667
4630,candidate_1,candidate_3,candidate_2,3,0.04666666666666667
4631,candidate_1,candidate_3,candidate_2,3,0.04666666666666667
4632,candidate_1,candidate_3,candidate_2,3,0.04666666666666667
4633,candidate_1,candidate_3,candidate_2,3,0.04666666666666667
4634,candidate_1,candidate_3,candidate_2,3,0.04666666666666667
4635,candidate_1,candidate_3,candidate_2,3,0.04666666666666667
4636,candidate_1,candidate_3,candidate_2,3,0.04666666666666667
4637,candidate_1,candidate_3,candidate_2,3,0.04666666666666667
4638,candidate_1,candidate_3,candidate_2,3,0.04666666666666667
4639,candidate_1,candidate_3,candidate_2,3,0.04666666666666667
4640,candidate_1,candidate_3,candidate_2,3,0.04666666666666667
4641,candidate_1,candidate_3,0,3,0.04666666666666667
4642,0,candidate_3,candidate_2,3,0.04666666666666667
4643,candidate_1,candidate_3,candidate_2,3,0.04666666666666667
4644,0,candidate_3,candidate_2,3,0.04666666666666667
4645,candidate_1,candidate_3,candidate_2,3,0.04666666666666667
4646,candidate_1,candidate_3,candidate_2,3,0.04666666666666667
4647,candidate_1,candidate_3,candidate_2,3,0.04666666666666667
4648,candidate_1,candidate_3,candidate_2,3,0.04666666666666667
4649,candidate_1,candidate_3,candidate_2,3,0.04666666666666667
4650,candidate_1,candidate_3,candidate_2,3,0.04666666666666667
4651,candidate_1,candidate_3,candidate_2,3,0.04666666666666667
4652,candidate_1,candidate_3,candidate_2,3,0.04666666666666667
4653,candidate_1,candidate_3,candidate_2,3,0.04666666666666667
4654,candidate_1,candidate_3,candidate_2,3,0.04666666666666667
4655,candidate_1,candidate_3,candidate_2,3,0.04666666666666667
4656,candidate_1,candidate_3,candidate_2,3,0.04666666666666667
4657,candidate_1,candidate_3,candidate_2,3,0.04666666666666667
4658,candidate_1,candidate_3,candidate_2,3,0.04666666666666667
4659,0,candidate_3,candidate_2,3,0.04666666666666667
4660,candidate_1,candidate_3,candidate_2,3,0.04666666666666667
4661,candidate_1,candidate_3,candidate_2,3,0.04666666666666667
4662,candidate_1,candidate_3,candidate_2,3,0.04666666666666667
4663,candidate_1,candidate_3,candidate_2,3,0.04666666666666667
4664,candidate_1,candidate_3,candidate_2,3,0.04666666666666667
4665,0,candidate_3,candidate_2,3,0.04666666666666667
4666,candidate_1,candidate_3,candidate_2,3,0.04666666666666667
4667,candidate_1,candidate_3,0,3,0.04666666666666667
4668,candidate_1,candidate_3,candidate_2,3,0.04666666666666667
4669,candidate_1,candidate_3,candidate_2,3,0.04666666666666667
4670,candidate_1,candidate_3,candidate_2,3,0.04666666666666667
4671,candidate_1,candidate_3,0,3,0.04666666666666667
4672,candidate_1,candidate_3,candidate_2,3,0.04666666666666667
4673,candidate_1,candidate_3,candidate_2,3,0.04666666666666667
4674,candidate_1,candidate_3,candidate_2,3,0.04666666666666667
4675,0,candidate_3,candidate_2,3,0.04666666666666667
4676,candidate_1,candidate_3,candidate_2,3,0.04666666666666667
4677,candidate_1,candidate_3,candidate_2,3,0.04666666666666667
4678,candidate_1,candidate_3,0,3,0.04666666666666667
4679,candidate_1,candidate_3,candidate_2,3,0.04666666666666667
4680,candidate_1,candidate_3,candidate_2,3,0.04666666666666667
4681,candidate_1,candidate_3,candidate_2,3,0.04666666666666667
4682,candidate_1,candidate_3,candidate_2,3,0.04666666666666667
4683,candidate_1,0,candidate_2,3,0.04666666666666667
4684,candidate_1,candidate_3,candidate_2,3,0.04666666666666667
4685,candidate_1,candidate_3,candidate_2,3,0.04666666666666667
4686,candidate_1,candidate_3,candidate_2,3,0.04666666666666667
4687,candidate_1,candidate_3,candidate_2,3,0.04666666666666667
4688,candidate_1,candidate_3,candidate_2,3,0.04666666666666667
4689,candidate_1,candidate_3,candidate_2,3,0.04666666666666667
4690,0,candidate_3,candidate_2,3,0.04666666666666667
4691,candidate_1,candidate_3,candidate_2,3,0.04666666666666667
4692,candidate_1,candidate_3,candidate_2,3,0.04666666666666667
4693,candidate_1,candidate_3,candidate_2,3,0.04666666666666667
4694,candidate_1,candidate_3,0,3,0.04666666666666667
4695,candidate_1,candidate_3,candidate_2,3,0.04666666666666667
4696,candidate_1,candidate_3,candidate_2,3,0.04666666666666667
4697,candidate_1,candidate_3,candidate_2,3,0.04666666666666667
4698,candidate_1,0,candidate_2,3,0.04666666666666667
4699,candidate_1,candidate_3,0,3,0.04666666666666667
4700,candidate_1,candidate_3,candidate_2,3,0.04666666666666667
4701,candidate_1,candidate_3,candidate_2,3,0.04666666666666667
4702,candidate_1,candidate_3,candidate_2,3,0.04666666666666667
4703,candidate_1,candidate_3,candidate_2,3,0.04666666666666667
4704,candidate_1,candidate_3,candidate_2,3,0.04666666666666667
4705,candidate_1,candidate_3,candidate_2,3,0.04666666666666667
4706,candidate_1,candidate_3,candidate_2,3,0.04666666666666667
4707,candidate_1,candidate_3,candidate_2,3,0.04666666666666667
4708,candidate_1,candidate_3,candidate_2,3,0.04666666666666667
4709,candidate_1,candidate_3,candidate_2,3,0.04666666666666667
4710,candidate_1,candidate_3,candidate_2,3,0.04666666666666667
4711,candidate_1,candidate_3,candidate_2,3,0.04666666666666667
4712,candidate_1,candidate_3,candidate_2,3,0.04666666666666667
4713,candidate_1,candidate_3,candidate_2,3,0.04666666666666667
4714,candidate_1,candidate_3,candidate_2,3,0.04666666666666667
4715,candidate_1,candidate_3,0,3,0.04666666666666667
4716,candidate_1,candidate_3,candidate_2,3,0.04666666666666667
4717,candidate_1,candidate_3,candidate_2,3,0.04666666666666667
4718,candidate_1,candidate_3,candidate_2,3,0.04666666666666667
4719,candidate_1,candidate_3,candidate_2,3,0.04666666666666667
4720,candidate_1,candidate_3,candidate_2,3,0.04666666666666667
4721,0,candidate_3,candidate_2,3,0.04666666666666667
4722,candidate_1,candidate_3,candidate_2,3,0.04666666666666667
4723,candidate_1,candidate_3,candidate_2,3,0.04666666666666667
4724,candidate_1,candidate_3,candidate_2,3,0.04666666666666667
4725,candidate_1,candidate_3,0,3,0.04666666666666667
4726,candidate_1,candidate_3,candidate_2,3,0.04666666666666667
4727,candidate_1,candidate_3,candidate_2,3,0.04666666666666667
4728,candidate_1,candidate_3,candidate_2,3,0.04666666666666667
4729,candidate_1,candidate_3,candidate_2,3,0.04666666666666667
4730,candidate_1,candidate_3,candidate_2,3,0.04666666666666667
4731,candidate_1,candidate_3,candidate_2,3,0.04666666666666667
4732,candidate_1,candidate_3,candidate_2,3,0.04666666666666667
4733,candidate_1,candidate_3,candidate_2,3,0.04666666666666667
4734,candidate_1,candidate_3,candidate_2,3,0.04666666666666667
4735,candidate_1,candidate_3,candidate_2,3,0.04666666666666667
4736,candidate_1,candidate_3,candidate_2,3,0.04666666666666667
4737,candidate_1,candidate_3,candidate_2,3,0.04666666666666667
4738,candidate_1,candidate_3,candidate_2,3,0.04666666666666667
4739,candidate_1,candidate_3,candidate_2,3,0.04666666666666667
4740,candidate_1,candidate_3,candidate_2,3,0.04666666666666667
4741,candidate_1,candidate_3,candidate_2,3,0.04666666666666667
4742,candidate_1,candidate_3,candidate_2,3,0.04666666666666667
4743,candidate_1,candidate_3,candidate_2,3,0.04666666666666667
4744,candidate_1,candidate_3,candidate_2,3,0.04666666666666667
4745,candidate_1,candidate_3,0,3,0.04666666666666667
4746,candidate_1,candidate_3,candidate_2,3,0.04666666666666667
4747,candidate_1,candidate_3,candidate_2,3,0.04666666666666667
4748,candidate_1,candidate_3,candidate_2,3,0.04666666666666667
4749,candidate_1,candidate_3,candidate_2,3,0.04666666666666667
4750,candidate_1,candidate_3,candidate_2,3,0.04666666666666667
4751,candidate_1,candidate_3,candidate_2,3,0.04666666666666667
4752,candidate_1,candidate_3,candidate_2,3,0.04666666666666667
4753,candidate_1,candidate_3,candidate_2,3,0.04666666666666667
4754,candidate_1,0,candidate_2,3,0.04666666666666667
4755,candidate_1,candidate_3,candidate_2,3,0.04666666666666667
4756,candidate_1,candidate_3,candidate_2,3,0.04666666666666667
4757,candidate_1,candidate_3,candidate_2,3,0.04666666666666667
4758,candidate_1,candidate_3,0,3,0.04666666666666667
4759,candidate_1,candidate_3,candidate_2,3,0.04666666666666667
4760,candidate_1,candidate_3,candidate_2,3,0.04666666666666667
4761,candidate_1,candidate_3,candidate_2,3,0.04666666666666667
4762,candidate_1,candidate_3,candidate_2,3,0.04666666666666667
4763,candidate_1,candidate_3,candidate_2,3,0.04666666666666667
4764,candidate_1,candidate_3,candidate_2,3,0.04666666666666667
4765,candidate_1,candidate_3,candidate_2,3,0.04666666666666667
4766,candidate_1,candidate_3,candidate_2,3,0.04666666666666667
4767,candidate_1,candidate_3,candidate_2,3,0.04666666666666667
4768,candidate_1,candidate_3,candidate_2,3,0.04666666666666667
4769,candidate_1,candidate_3,candidate_2,3,0.04666666666666667
4770,candidate_1,candidate_3,candidate_2,3,0.04666666666666667
4771,candidate_1,candidate_3,candidate_2,3,0.04666666666666667
4772,candidate_1,candidate_3,candidate_2,3,0.04666666666666667
4773,candidate_1,candidate_3,candidate_2,3,0.04666666666666667
4774,candidate_1,candidate_3,candidate_2,3,0.04666666666666667
4775,candidate_1,candidate_3,candidate_2,3,0.04666666666666667
4776,candidate_1,candidate_3,candidate_2,3,0.04666666666666667
4777,candidate_1,candidate_3,candidate_2,3,0.04666666666666667
4778,candidate_1,candidate_3,candidate_2,3,0.04666666666666667
4779,candidate_1,candidate_3,0,3,0.04666666666666667
4780,candidate_1,candidate_3,candidate_2,3,0.04666666666666667
4781,candidate_1,candidate_3,candidate_2,3,0.04666666666666667
4782,candidate_1,candidate_3,candidate_2,3,0.04666666666666667
4783,candidate_1,candidate_3,candidate_2,3,0.04666666666666667
4784,candidate_1,candidate_3,candidate_2,3,0.04666666666666667
4785,candidate_1,candidate_3,candidate_2,3,0.04666666666666667
4786,candidate_1,candidate_3,candidate_2,3,0.04666666666666667
4787,candidate_1,candidate_3,candidate_2,3,0.04666666666666667
4788,candidate_1,candidate_3,candidate_2,3,0.04666666666666667
4789,0,candidate_3,candidate_2,3,0.04666666666666667
4790,candidate_1,candidate_3,candidate_2,3,0.04666666666666667
4791,candidate_1,candidate_3,0,3,0.04666666666666667
4792,0,candidate_3,candidate_2,3,0.04666666666666667
4793,0,candidate_3,candidate_2,3,0.04666666666666667
4794,candidate_1,candidate_3,candidate_2,3,0.04666666666666667
4795,candidate_1,candidate_3,candidate_2,3,0.04666666666666667
4796,candidate_1,candidate_3,candidate_2,3,0.04666666666666667
4797,candidate_1,candidate_3,candidate_2,3,0.04666666666666667
4798,candidate_1,candidate_3,candidate_2,3,0.04666666666666667
4799,candidate_1,candidate_3,candidate_2,3,0.04666666666666667
4800,candidate_1,candidate_3,candidate_2,3,0.04666666666666667
4801,candidate_1,candidate_3,candidate_2,3,0.04666666666666667
4802,candidate_1,candidate_3,candidate_2,3,0.04666666666666667
4803,candidate_1,0,candidate_2,3,0.04666666666666667
4804,candidate_1,candidate_3,candidate_2,3,0.04666666666666667
4805,candidate_1,candidate_3,candidate_2,3,0.04666666666666667
4806,candidate_1,candidate_3,candidate_2,3,0.04666666666666667
4807,candidate_1,candidate_3,candidate_2,3,0.04666666666666667
4808,candidate_1,candidate_3,candidate_2,3,0.04666666666666667
4809,candidate_1,candidate_3,candidate_2,3,0.04666666666666667
4810,candidate_1,candidate_3,candidate_2,3,0.04666666666666667
4811,candidate_1,candidate_3,candidate_2,3,0.04666666666666667
4812,candidate_1,candidate_3,candidate_2,3,0.04666666666666667
4813,candidate_1,candidate_3,candidate_2,3,0.04666666666666667
4814,candidate_1,candidate_3,candidate_2,3,0.04666666666666667
4815,candidate_1,candidate_3,candidate_2,3,0.04666666666666667
4816,candidate_1,candidate_3,candidate_2,3,0.04666666666666667
4817,candidate_1,candidate_3,candidate_2,3,0.04666666666666667
4818,candidate_1,candidate_3,candidate_2,3,0.04666666666666667
4819,candidate_1,candidate_3,candidate_2,3,0.04666666666666667
4820,candidate_1,candidate_3,candidate_2,3,0.04666666666666667
4821,candidate_1,candidate_3,candidate_2,3,0.04666666666666667
4822,candidate_1,candidate_3,candidate_2,3,0.04666666666666667
4823,candidate_1,candidate_3,candidate_2,3,0.04666666666666667
4824,candidate_1,candidate_3,candidate_2,3,0.04666666666666667
4825,candidate_1,candidate_3,candidate_2,3,0.04666666666666667
4826,candidate_1,candidate_3,candidate_2,3,0.04666666666666667
4827,candidate_1,candidate_3,candidate_2,3,0.04666666666666667
4828,candidate_1,candidate_3,0,3,0.04666666666666667
4829,candidate_1,candidate_3,candidate_2,3,0.04666666666666667
4830,candidate_1,candidate_3,candidate_2,3,0.04666666666666667
4831,candidate_1,0,candidate_2,3,0.04666666666666667
4832,candidate_1,candidate_3,candidate_2,3,0.04666666666666667
4833,candidate_1,candidate_3,candidate_2,3,0.04666666666666667
4834,candidate_1,candidate_3,candidate_2,3,0.04666666666666667
4835,candidate_1,candidate_3,candidate_2,3,0.04666666666666667
4836,candidate_1,candidate_3,candidate_2,3,0.04666666666666667
4837,candidate_1,0,candidate_2,3,0.04666666666666667
4838,candidate_1,candidate_3,candidate_2,3,0.04666666666666667
4839,candidate_1,candidate_3,candidate_2,3,0.04666666666666667
4840,candidate_1,candidate_3,candidate_2,3,0.04666666666666667
4841,candidate_1,candidate_3,candidate_2,3,0.04666666666666667
4842,candidate_1,candidate_3,candidate_2,3,0.04666666666666667
4843,0,candidate_3,candidate_2,3,0.04666666666666667
4844,candidate_1,candidate_3,candidate_2,3,0.04666666666666667
4845,candidate_1,candidate_3,candidate_2,3,0.04666666666666667
4846,candidate_1,candidate_3,0,3,0.04666666666666667
4847,candidate_1,candidate_3,candidate_2,3,0.04666666666666667
4848,candidate_1,candidate_3,candidate_2,3,0.04666666666666667
4849,candidate_1,candidate_3,candidate_2,3,0.04666666666666667
4850,candidate_1,candidate_3,candidate_2,3,0.04666666666666667
4851,candidate_1,candidate_3,candidate_2,3,0.04666666666666667
4852,candidate_1,candidate_3,candidate_2,3,0.04666666666666667
4853,candidate_1,candidate_3,candidate_2,3,0.04666666666666667
4854,candidate_1,candidate_3,candidate_2,3,0.04666666666666667
4855,candidate_1,candidate_3,candidate_2,3,0.04666666666666667
4856,candidate_1,candidate_3,candidate_2,3,0.04666666666666667
4857,candidate_1,candidate_3,candidate_2,3,0.04666666666666667
4858,candidate_1,candidate_3,candidate_2,3,0.04666666666666667
4859,candidate_1,candidate_3,candidate_2,3,0.04666666666666667
4860,candidate_1,candidate_3,candidate_2,3,0.04666666666666667
4861,candidate_1,candidate_3,candidate_2,3,0.04666666666666667
4862,candidate_1,candidate_3,candidate_2,3,0.04666666666666667
4863,candidate_1,candidate_3,candidate_2,3,0.04666666666666667
4864,candidate_1,candidate_3,candidate_2,3,0.04666666666666667
4865,candidate_1,candidate_3,candidate_2,3,0.04666666666666667
4866,candidate_1,candidate_3,0,3,0.04666666666666667
4867,candidate_1,candidate_3,candidate_2,3,0.04666666666666667
4868,candidate_1,candidate_3,candidate_2,3,0.04666666666666667
4869,candidate_1,candidate_3,candidate_2,3,0.04666666666666667
4870,candidate_1,candidate_3,candidate_2,3,0.04666666666666667
4871,candidate_1,candidate_3,candidate_2,3,0.04666666666666667
4872,candidate_1,candidate_3,candidate_2,3,0.04666666666666667
4873,candidate_1,0,candidate_2,3,0.04666666666666667
4874,candidate_1,candidate_3,candidate_2,3,0.04666666666666667
4875,candidate_1,candidate_3,candidate_2,3,0.04666666666666667
4876,candidate_1,candidate_3,candidate_2,3,0.04666666666666667
4877,candidate_1,candidate_3,candidate_2,3,0.04666666666666667
4878,candidate_1,candidate_3,candidate_2,3,0.04666666666666667
4879,candidate_1,0,candidate_2,3,0.04666666666666667
4880,candidate_1,candidate_3,candidate_2,3,0.04666666666666667
4881,candidate_1,candidate_3,candidate_2,3,0.04666666666666667
4882,candidate_1,candidate_3,candidate_2,3,0.04666666666666667
4883,candidate_1,candidate_3,candidate_2,3,0.04666666666666667
4884,candidate_1,candidate_3,candidate_2,3,0.04666666666666667
4885,candidate_1,candidate_3,candidate_2,3,0.04666666666666667
4886,candidate_1,candidate_3,candidate_2,3,0.04666666666666667
4887,candidate_1,candidate_3,candidate_2,3,0.04666666666666667
4888,candidate_1,candidate_3,candidate_2,3,0.04666666666666667
4889,candidate_1,candidate_3,candidate_2,3,0.04666666666666667
4890,candidate_1,candidate_3,candidate_2,3,0.04666666666666667
4891,candidate_1,candidate_3,candidate_2,3,0.04666666666666667
4892,candidate_1,candidate_3,candidate_2,3,0.04666666666666667
4893,candidate_1,candidate_3,candidate_2,3,0.04666666666666667
4894,candidate_1,candidate_3,candidate_2,3,0.04666666666666667
4895,candidate_1,candidate_3,candidate_2,3,0.04666666666666667
4896,candidate_1,candidate_3,candidate_2,3,0.04666666666666667
4897,candidate_1,candidate_3,candidate_2,3,0.04666666666666667
4898,candidate_1,candidate_3,candidate_2,3,0.04666666666666667
4899,candidate_1,candidate_3,candidate_2,3,0.04666666666666667
4900,candidate_1,candidate_3,candidate_2,3,0.04666666666666667
4901,0,candidate_3,candidate_2,3,0.04666666666666667
4902,candidate_1,candidate_3,candidate_2,3,0.04666666666666667
4903,candidate_1,candidate_3,candidate_2,3,0.04666666666666667
4904,candidate_1,candidate_3,candidate_2,3,0.04666666666666667
4905,candidate_1,candidate_3,candidate_2,3,0.04666666666666667
4906,candidate_1,candidate_3,candidate_2,3,0.04666666666666667
4907,candidate_1,candidate_3,candidate_2,3,0.04666666666666667
4908,0,candidate_3,candidate_2,3,0.04666666666666667
4909,candidate_1,candidate_3,candidate_2,3,0.04666666666666667
4910,candidate_1,candidate_3,candidate_2,3,0.04666666666666667
4911,candidate_1,candidate_3,candidate_2,3,0.04666666666666667
4912,candidate_1,candidate_3,candidate_2,3,0.04666666666666667
4913,candidate_1,candidate_3,candidate_2,3,0.04666666666666667
4914,candidate_1,candidate_3,candidate_2,3,0.04666666666666667
4915,candidate_1,candidate_3,candidate_2,3,0.04666666666666667
4916,candidate_1,candidate_3,candidate_2,3,0.04666666666666667
4917,candidate_1,candidate_3,candidate_2,3,0.04666666666666667
4918,candidate_1,0,candidate_2,3,0.04666666666666667
4919,candidate_1,candidate_3,candidate_2,3,0.04666666666666667
4920,candidate_1,candidate_3,candidate_2,3,0.04666666666666667
4921,candidate_1,candidate_3,candidate_2,3,0.04666666666666667
4922,candidate_1,candidate_3,candidate_2,3,0.04666666666666667
4923,candidate_1,candidate_3,candidate_2,3,0.04666666666666667
4924,candidate_1,candidate_3,candidate_2,3,0.04666666666666667
4925,candidate_1,0,candidate_2,3,0.04666666666666667
4926,candidate_1,candidate_3,candidate_2,3,0.04666666666666667
4927,candidate_1,candidate_3,candidate_2,3,0.04666666666666667
4928,candidate_1,candidate_3,candidate_2,3,0.04666666666666667
4929,candidate_1,candidate_3,candidate_2,3,0.04666666666666667
4930,candidate_1,candidate_3,candidate_2,3,0.04666666666666667
4931,candidate_1,candidate_3,candidate_2,3,0.04666666666666667
4932,candidate_1,candidate_3,candidate_2,3,0.04666666666666667
4933,candidate_1,candidate_3,candidate_2,3,0.04666666666666667
4934,candidate_1,candidate_3,candidate_2,3,0.04666666666666667
4935,candidate_1,candidate_3,candidate_2,3,0.04666666666666667
4936,candidate_1,candidate_3,candidate_2,3,0.04666666666666667
4937,candidate_1,candidate_3,candidate_2,3,0.04666666666666667
4938,candidate_1,candidate_3,candidate_2,3,0.04666666666666667
4939,candidate_1,candidate_3,candidate_2,3,0.04666666666666667
4940,candidate_1,candidate_3,candidate_2,3,0.04666666666666667
4941,candidate_1,candidate_3,candidate_2,3,0.04666666666666667
4942,candidate_1,candidate_3,candidate_2,3,0.04666666666666667
4943,0,candidate_3,candidate_2,3,0.04666666666666667
4944,candidate_1,candidate_3,candidate_2,3,0.04666666666666667
4945,candidate_1,candidate_3,candidate_2,3,0.04666666666666667
4946,candidate_1,0,candidate_2,3,0.04666666666666667
4947,candidate_1,candidate_3,candidate_2,3,0.04666666666666667
4948,candidate_1,candidate_3,candidate_2,3,0.04666666666666667
4949,candidate_1,candidate_3,candidate_2,3,0.04666666666666667
4950,candidate_1,candidate_3,candidate_2,3,0.04666666666666667
4951,candidate_1,0,0,3,0.04666666666666667
4952,candidate_1,candidate_3,candidate_2,3,0.04666666666666667
4953,candidate_1,candidate_3,candidate_2,3,0.04666666666666667
4954,candidate_1,candidate_3,candidate_2,3,0.04666666666666667
4955,candidate_1,candidate_3,candidate_2,3,0.04666666666666667
4956,candidate_1,candidate_3,candidate_2,3,0.04666666666666667
4957,candidate_1,candidate_3,candidate_2,3,0.04666666666666667
4958,candidate_1,candidate_3,candidate_2,3,0.04666666666666667
4959,candidate_1,candidate_3,candidate_2,3,0.04666666666666667
4960,candidate_1,candidate_3,candidate_2,3,0.04666666666666667
4961,candidate_1,candidate_3,0,3,0.04666666666666667
4962,candidate_1,candidate_3,0,3,0.04666666666666667
4963,candidate_1,candidate_3,candidate_2,3,0.04666666666666667
4964,candidate_1,candidate_3,candidate_2,3,0.04666666666666667
4965,candidate_1,candidate_3,candidate_2,3,0.04666666666666667
4966,candidate_1,candidate_3,candidate_2,3,0.04666666666666667
4967,candidate_1,candidate_3,candidate_2,3,0.04666666666666667
4968,candidate_1,candidate_3,candidate_2,3,0.04666666666666667
4969,candidate_1,candidate_3,candidate_2,3,0.04666666666666667
4970,candidate_1,candidate_3,candidate_2,3,0.04666666666666667
4971,candidate_1,candidate_3,candidate_2,3,0.04666666666666667
4972,candidate_1,candidate_3,candidate_2,3,0.04666666666666667
4973,candidate_1,candidate_3,candidate_2,3,0.04666666666666667
4974,candidate_1,candidate_3,candidate_2,3,0.04666666666666667
4975,candidate_1,candidate_3,0,3,0.04666666666666667
4976,candidate_1,candidate_3,candidate_2,3,0.04666666666666667
4977,candidate_1,candidate_3,0,3,0.04666666666666667
4978,candidate_1,candidate_3,candidate_2,3,0.04666666666666667
4979,candidate_1,candidate_3,0,3,0.04666666666666667
4980,candidate_1,candidate_3,candidate_2,3,0.04666666666666667
4981,candidate_1,candidate_3,candidate_2,3,0.04666666666666667
4982,candidate_1,candidate_3,candidate_2,3,0.04666666666666667
4983,candidate_1,candidate_3,0,3,0.04666666666666667
4984,candidate_1,candidate_3,candidate_2,3,0.04666666666666667
4985,candidate_1,candidate_3,candidate_2,3,0.04666666666666667
4986,candidate_1,candidate_3,candidate_2,3,0.04666666666666667
4987,candidate_1,candidate_3,candidate_2,3,0.04666666666666667
4988,candidate_1,candidate_3,candidate_2,3,0.04666666666666667
4989,candidate_1,candidate_3,candidate_2,3,0.04666666666666667
4990,candidate_1,candidate_3,candidate_2,3,0.04666666666666667
4991,candidate_1,candidate_3,candidate_2,3,0.04666666666666667
4992,candidate_1,candidate_3,candidate_2,3,0.04666666666666667
4993,candidate_1,candidate_3,candidate_2,3,0.04666666666666667
4994,candidate_1,candidate_3,candidate_2,3,0.04666666666666667
4995,candidate_1,candidate_3,candidate_2,3,0.04666666666666667
4996,candidate_1,candidate_3,candidate_2,3,0.04666666666666667
4997,candidate_1,candidate_3,candidate_2,3,0.04666666666666667
4998,candidate_1,candidate_3,candidate_2,3,0.04666666666666667
4999,candidate_1,candidate_3,candidate_2,3,0.04666666666666667
5000,candidate_1,candidate_3,candidate_2,3,0.04666666666666667
5001,candidate_1,candidate_3,candidate_2,3,0.04666666666666667
5002,candidate_1,candidate_3,candidate_2,3,0.04666666666666667
5003,candidate_1,candidate_3,candidate_2,3,0.04666666666666667
5004,candidate_1,candidate_3,candidate_2,3,0.04666666666666667
5005,candidate_1,candidate_3,candidate_2,3,0.04666666666666667
5006,candidate_1,candidate_3,candidate_2,3,0.04666666666666667
5007,candidate_1,0,candidate_2,3,0.04666666666666667
5008,candidate_1,candidate_3,candidate_2,3,0.04666666666666667
5009,candidate_1,candidate_3,candidate_2,3,0.04666666666666667
5010,candidate_1,candidate_3,candidate_2,3,0.04666666666666667
5011,candidate_1,candidate_3,candidate_2,3,0.04666666666666667
5012,candidate_1,candidate_3,candidate_2,3,0.04666666666666667
5013,candidate_1,candidate_3,candidate_2,3,0.04666666666666667
5014,candidate_1,candidate_3,candidate_2,3,0.04666666666666667
5015,0,candidate_3,candidate_2,3,0.04666666666666667
5016,candidate_1,candidate_3,candidate_2,3,0.04666666666666667
5017,candidate_1,candidate_3,candidate_2,3,0.04666666666666667
5018,candidate_1,candidate_3,candidate_2,3,0.04666666666666667
5019,candidate_1,candidate_3,candidate_2,3,0.04666666666666667
5020,candidate_1,candidate_3,candidate_2,3,0.04666666666666667
5021,candidate_1,candidate_3,candidate_2,3,0.04666666666666667
5022,candidate_1,candidate_3,candidate_2,3,0.04666666666666667
5023,candidate_1,candidate_3,candidate_2,3,0.04666666666666667
5024,candidate_1,candidate_3,candidate_2,3,0.04666666666666667
5025,candidate_1,candidate_3,candidate_2,3,0.04666666666666667
5026,candidate_1,candidate_3,candidate_2,3,0.04666666666666667
5027,candidate_1,candidate_3,candidate_2,3,0.04666666666666667
5028,candidate_1,candidate_3,candidate_2,3,0.04666666666666667
5029,candidate_1,candidate_3,candidate_2,3,0.04666666666666667
5030,candidate_1,candidate_3,candidate_2,3,0.04666666666666667
5031,candidate_1,candidate_3,candidate_2,3,0.04666666666666667
5032,candidate_1,candidate_3,candidate_2,3,0.04666666666666667
5033,candidate_1,candidate_3,0,3,0.04666666666666667
5034,candidate_1,candidate_3,candidate_2,3,0.04666666666666667
5035,candidate_1,candidate_3,candidate_2,3,0.04666666666666667
5036,candidate_1,candidate_3,candidate_2,3,0.04666666666666667
5037,candidate_1,candidate_3,candidate_2,3,0.04666666666666667
5038,candidate_1,candidate_3,candidate_2,3,0.04666666666666667
5039,0,candidate_3,candidate_2,3,0.04666666666666667
5040,candidate_1,candidate_3,candidate_2,3,0.04666666666666667
5041,0,candidate_3,candidate_2,3,0.04666666666666667
5042,candidate_1,candidate_3,candidate_2,3,0.04666666666666667
5043,candidate_1,candidate_3,candidate_2,3,0.04666666666666667
5044,candidate_1,candidate_3,candidate_2,3,0.04666666666666667
5045,candidate_1,candidate_3,candidate_2,3,0.04666666666666667
5046,candidate_1,candidate_3,candidate_2,3,0.04666666666666667
5047,candidate_1,candidate_3,candidate_2,3,0.04666666666666667
5048,candidate_1,candidate_3,candidate_2,3,0.04666666666666667
5049,candidate_1,candidate_3,candidate_2,3,0.04666666666666667
5050,candidate_1,candidate_3,candidate_2,3,0.04666666666666667
5051,candidate_1,candidate_3,candidate_2,3,0.04666666666666667
5052,candidate_1,0,candidate_2,3,0.04666666666666667
5053,candidate_1,candidate_3,candidate_2,3,0.04666666666666667
5054,candidate_1,candidate_3,candidate_2,3,0.04666666666666667
5055,candidate_1,candidate_3,candidate_2,3,0.04666666666666667
5056,candidate_1,candidate_3,candidate_2,3,0.04666666666666667
5057,candidate_1,candidate_3,candidate_2,3,0.04666666666666667
5058,candidate_1,candidate_3,candidate_2,3,0.04666666666666667
5059,candidate_1,0,candidate_2,3,0.04666666666666667
5060,candidate_1,candidate_3,candidate_2,3,0.04666666666666667
5061,candidate_1,candidate_3,candidate_2,3,0.04666666666666667
5062,candidate_1,candidate_3,candidate_2,3,0.04666666666666667
5063,candidate_1,candidate_3,candidate_2,3,0.04666666666666667
5064,candidate_1,candidate_3,candidate_2,3,0.04666666666666667
5065,candidate_1,candidate_3,0,3,0.04666666666666667
5066,candidate_1,candidate_3,candidate_2,3,0.04666666666666667
5067,candidate_1,candidate_3,candidate_2,3,0.04666666666666667
5068,candidate_1,candidate_3,candidate_2,3,0.04666666666666667
5069,candidate_1,candidate_3,candidate_2,3,0.04666666666666667
5070,candidate_1,candidate_3,candidate_2,3,0.04666666666666667
5071,candidate_1,candidate_3,candidate_2,3,0.04666666666666667
5072,candidate_1,candidate_3,candidate_2,3,0.04666666666666667
5073,candidate_1,candidate_3,candidate_2,3,0.04666666666666667
5074,candidate_1,candidate_3,candidate_2,3,0.04666666666666667
5075,candidate_1,candidate_3,candidate_2,3,0.04666666666666667
5076,candidate_1,candidate_3,candidate_2,3,0.04666666666666667
5077,candidate_1,candidate_3,0,3,0.04666666666666667
5078,candidate_1,candidate_3,candidate_2,3,0.04666666666666667
5079,candidate_1,candidate_3,candidate_2,3,0.04666666666666667
5080,candidate_1,candidate_3,candidate_2,3,0.04666666666666667
5081,candidate_1,candidate_3,candidate_2,3,0.04666666666666667
5082,candidate_1,candidate_3,candidate_2,3,0.04666666666666667
5083,candidate_1,candidate_3,candidate_2,3,0.04666666666666667
5084,candidate_1,candidate_3,candidate_2,3,0.04666666666666667
5085,candidate_1,candidate_3,candidate_2,3,0.04666666666666667
5086,candidate_1,candidate_3,candidate_2,3,0.04666666666666667
5087,candidate_1,candidate_3,candidate_2,3,0.04666666666666667
5088,candidate_1,candidate_3,candidate_2,3,0.04666666666666667
5089,candidate_1,candidate_3,candidate_2,3,0.04666666666666667
5090,candidate_1,candidate_3,candidate_2,3,0.04666666666666667
5091,candidate_1,candidate_3,candidate_2,3,0.04666666666666667
5092,candidate_1,candidate_3,candidate_2,3,0.04666666666666667
5093,candidate_1,candidate_3,candidate_2,3,0.04666666666666667
5094,candidate_1,candidate_3,candidate_2,3,0.04666666666666667
5095,candidate_1,candidate_3,candidate_2,3,0.04666666666666667
5096,0,candidate_3,candidate_2,3,0.04666666666666667
5097,candidate_1,0,candidate_2,3,0.04666666666666667
5098,candidate_1,candidate_3,candidate_2,3,0.04666666666666667
5099,0,candidate_3,candidate_2,3,0.04666666666666667
5100,candidate_1,candidate_3,candidate_2,3,0.04666666666666667
5101,candidate_1,candidate_3,candidate_2,3,0.04666666666666667
5102,candidate_1,candidate_3,candidate_2,3,0.04666666666666667
5103,candidate_1,candidate_3,candidate_2,3,0.04666666666666667
5104,candidate_1,candidate_3,candidate_2,3,0.04666666666666667
5105,candidate_1,candidate_3,candidate_2,3,0.04666666666666667
5106,candidate_1,candidate_3,candidate_2,3,0.04666666666666667
5107,candidate_1,candidate_3,candidate_2,3,0.04666666666666667
5108,candidate_1,candidate_3,candidate_2,3,0.04666666666666667
5109,candidate_1,candidate_3,candidate_2,3,0.04666666666666667
5110,candidate_1,candidate_3,candidate_2,3,0.04666666666666667
5111,candidate_1,candidate_3,candidate_2,3,0.04666666666666667
5112,candidate_1,0,candidate_2,3,0.04666666666666667
5113,candidate_1,candidate_3,candidate_2,3,0.04666666666666667
5114,candidate_1,candidate_3,candidate_2,3,0.04666666666666667
5115,candidate_1,candidate_3,candidate_2,3,0.04666666666666667
5116,candidate_1,candidate_3,candidate_2,3,0.04666666666666667
5117,candidate_1,candidate_3,candidate_2,3,0.04666666666666667
5118,candidate_1,candidate_3,candidate_2,3,0.04666666666666667
5119,candidate_1,candidate_3,candidate_2,3,0.04666666666666667
5120,candidate_1,candidate_3,candidate_2,3,0.04666666666666667
5121,candidate_1,candidate_3,candidate_2,3,0.04666666666666667
5122,candidate_1,candidate_3,candidate_2,3,0.04666666666666667
5123,candidate_1,candidate_3,candidate_2,3,0.04666666666666667
5124,candidate_1,candidate_3,candidate_2,3,0.04666666666666667
5125,candidate_1,candidate_3,candidate_2,3,0.04666666666666667
5126,candidate_1,0,candidate_2,3,0.04666666666666667
5127,candidate_1,candidate_3,candidate_2,3,0.04666666666666667
5128,candidate_1,candidate_3,candidate_2,3,0.04666666666666667
5129,candidate_1,candidate_3,candidate_2,3,0.04666666666666667
5130,candidate_1,candidate_3,candidate_2,3,0.04666666666666667
5131,candidate_1,candidate_3,candidate_2,3,0.04666666666666667
5132,candidate_1,candidate_3,candidate_2,3,0.04666666666666667
5133,candidate_1,0,candidate_2,3,0.04666666666666667
5134,candidate_1,candidate_3,candidate_2,3,0.04666666666666667
5135,candidate_1,candidate_3,candidate_2,3,0.04666666666666667
5136,0,candidate_3,candidate_2,3,0.04666666666666667
5137,candidate_1,candidate_3,candidate_2,3,0.04666666666666667
5138,candidate_1,candidate_3,candidate_2,3,0.04666666666666667
5139,candidate_1,candidate_3,candidate_2,3,0.04666666666666667
5140,candidate_1,candidate_3,candidate_2,3,0.04666666666666667
5141,candidate_1,candidate_3,candidate_2,3,0.04666666666666667
5142,candidate_1,candidate_3,candidate_2,3,0.04666666666666667
5143,candidate_1,candidate_3,candidate_2,3,0.04666666666666667
5144,candidate_1,candidate_3,candidate_2,3,0.04666666666666667
5145,candidate_1,candidate_3,candidate_2,3,0.04666666666666667
5146,candidate_1,candidate_3,candidate_2,3,0.04666666666666667
5147,candidate_1,candidate_3,candidate_2,3,0.04666666666666667
5148,candidate_1,candidate_3,candidate_2,3,0.04666666666666667
5149,candidate_1,candidate_3,candidate_2,3,0.04666666666666667
5150,candidate_1,candidate_3,candidate_2,3,0.04666666666666667
5151,candidate_1,candidate_3,candidate_2,3,0.04666666666666667
5152,candidate_1,candidate_3,candidate_2,3,0.04666666666666667
5153,candidate_1,candidate_3,candidate_2,3,0.04666666666666667
5154,candidate_1,candidate_3,candidate_2,3,0.04666666666666667
5155,candidate_1,candidate_3,candidate_2,3,0.04666666666666667
5156,candidate_1,candidate_3,candidate_2,3,0.04666666666666667
5157,candidate_1,0,candidate_2,3,0.04666666666666667
5158,candidate_1,candidate_3,candidate_2,3,0.04666666666666667
5159,candidate_1,candidate_3,candidate_2,3,0.04666666666666667
5160,candidate_1,candidate_3,candidate_2,3,0.04666666666666667
5161,candidate_1,candidate_3,0,3,0.04666666666666667
5162,candidate_1,candidate_3,candidate_2,3,0.04666666666666667
5163,candidate_1,candidate_3,candidate_2,3,0.04666666666666667
5164,candidate_1,candidate_3,candidate_2,3,0.04666666666666667
5165,candidate_1,candidate_3,candidate_2,3,0.04666666666666667
5166,candidate_1,candidate_3,candidate_2,3,0.04666666666666667
5167,candidate_1,candidate_3,candidate_2,3,0.04666666666666667
5168,candidate_1,candidate_3,0,3,0.04666666666666667
5169,candidate_1,candidate_3,candidate_2,3,0.04666666666666667
5170,candidate_1,candidate_3,candidate_2,3,0.04666666666666667
5171,candidate_1,candidate_3,candidate_2,3,0.04666666666666667
5172,candidate_1,candidate_3,candidate_2,3,0.04666666666666667
5173,candidate_1,candidate_3,candidate_2,3,0.04666666666666667
5174,candidate_1,candidate_3,candidate_2,3,0.04666666666666667
5175,candidate_1,candidate_3,candidate_2,3,0.04666666666666667
5176,candidate_1,candidate_3,candidate_2,3,0.04666666666666667
5177,candidate_1,candidate_3,candidate_2,3,0.04666666666666667
5178,candidate_1,candidate_3,candidate_2,3,0.04666666666666667
5179,candidate_1,candidate_3,candidate_2,3,0.04666666666666667
5180,candidate_1,candidate_3,0,3,0.04666666666666667
5181,candidate_1,candidate_3,candidate_2,3,0.04666666666666667
5182,candidate_1,candidate_3,candidate_2,3,0.04666666666666667
5183,candidate_1,candidate_3,candidate_2,3,0.04666666666666667
5184,0,candidate_3,candidate_2,3,0.04666666666666667
5185,candidate_1,candidate_3,candidate_2,3,0.04666666666666667
5186,candidate_1,candidate_3,candidate_2,3,0.04666666666666667
5187,candidate_1,candidate_3,candidate_2,3,0.04666666666666667
5188,candidate_1,candidate_3,candidate_2,3,0.04666666666666667
5189,candidate_1,candidate_3,candidate_2,3,0.04666666666666667
5190,candidate_1,0,candidate_2,3,0.04666666666666667
5191,candidate_1,candidate_3,candidate_2,3,0.04666666666666667
5192,candidate_1,candidate_3,candidate_2,3,0.04666666666666667
5193,candidate_1,candidate_3,candidate_2,3,0.04666666666666667
5194,candidate_1,candidate_3,candidate_2,3,0.04666666666666667
5195,candidate_1,candidate_3,candidate_2,3,0.04666666666666667
5196,candidate_1,candidate_3,candidate_2,3,0.04666666666666667
5197,candidate_1,candidate_3,candidate_2,3,0.04666666666666667
5198,candidate_1,candidate_3,candidate_2,3,0.04666666666666667
5199,candidate_1,candidate_3,candidate_2,3,0.04666666666666667
5200,candidate_1,candidate_3,candidate_2,3,0.04666666666666667
5201,candidate_1,candidate_3,candidate_2,3,0.04666666666666667
5202,candidate_1,candidate_3,candidate_2,3,0.04666666666666667
5203,candidate_1,candidate_3,candidate_2,3,0.04666666666666667
5204,candidate_1,candidate_3,candidate_2,3,0.04666666666666667
5205,candidate_1,candidate_3,candidate_2,3,0.04666666666666667
5206,candidate_1,candidate_3,0,3,0.04666666666666667
5207,candidate_1,candidate_3,candidate_2,3,0.04666666666666667
5208,0,candidate_3,candidate_2,3,0.04666666666666667
5209,candidate_1,candidate_3,candidate_2,3,0.04666666666666667
5210,candidate_1,candidate_3,candidate_2,3,0.04666666666666667
5211,candidate_1,candidate_3,candidate_2,3,0.04666666666666667
5212,candidate_1,candidate_3,candidate_2,3,0.04666666666666667
5213,0,0,candidate_2,3,0.04666666666666667
5214,candidate_1,candidate_3,candidate_2,3,0.04666666666666667
5215,candidate_1,candidate_3,candidate_2,3,0.04666666666666667
5216,candidate_1,candidate_3,candidate_2,3,0.04666666666666667
5217,candidate_1,candidate_3,0,3,0.04666666666666667
5218,candidate_1,candidate_3,candidate_2,3,0.04666666666666667
5219,candidate_1,candidate_3,candidate_2,3,0.04666666666666667
5220,candidate_1,candidate_3,candidate_2,3,0.04666666666666667
5221,candidate_1,candidate_3,candidate_2,3,0.04666666666666667
5222,candidate_1,candidate_3,candidate_2,3,0.04666666666666667
5223,candidate_1,candidate_3,candidate_2,3,0.04666666666666667
5224,candidate_1,candidate_3,candidate_2,3,0.04666666666666667
5225,candidate_1,candidate_3,candidate_2,3,0.04666666666666667
5226,candidate_1,candidate_3,0,3,0.04666666666666667
5227,candidate_1,candidate_3,candidate_2,3,0.04666666666666667
5228,candidate_1,candidate_3,candidate_2,3,0.04666666666666667
5229,candidate_1,candidate_3,candidate_2,3,0.04666666666666667
5230,candidate_1,candidate_3,candidate_2,3,0.04666666666666667
5231,candidate_1,candidate_3,candidate_2,3,0.04666666666666667
5232,candidate_1,candidate_3,candidate_2,3,0.04666666666666667
5233,candidate_1,candidate_3,candidate_2,3,0.04666666666666667
5234,candidate_1,candidate_3,candidate_2,3,0.04666666666666667
5235,candidate_1,candidate_3,candidate_2,3,0.04666666666666667
5236,candidate_1,candidate_3,candidate_2,3,0.04666666666666667
5237,candidate_1,candidate_3,candidate_2,3,0.04666666666666667
5238,0,candidate_3,candidate_2,3,0.04666666666666667
5239,candidate_1,candidate_3,candidate_2,3,0.04666666666666667
5240,candidate_1,candidate_3,candidate_2,3,0.04666666666666667
5241,candidate_1,candidate_3,candidate_2,3,0.04666666666666667
5242,candidate_1,candidate_3,candidate_2,3,0.04666666666666667
5243,candidate_1,candidate_3,candidate_2,3,0.04666666666666667
5244,candidate_1,candidate_3,candidate_2,3,0.04666666666666667
5245,0,candidate_3,candidate_2,3,0.04666666666666667
5246,candidate_1,candidate_3,candidate_2,3,0.04666666666666667
5247,candidate_1,candidate_3,candidate_2,3,0.04666666666666667
5248,candidate_1,candidate_3,candidate_2,3,0.04666666666666667
5249,candidate_1,candidate_3,candidate_2,3,0.04666666666666667
5250,candidate_1,0,candidate_2,3,0.04666666666666667
5251,candidate_1,candidate_3,candidate_2,3,0.04666666666666667
5252,candidate_1,candidate_3,candidate_2,3,0.04666666666666667
5253,candidate_1,candidate_3,candidate_2,3,0.04666666666666667
5254,candidate_1,candidate_3,candidate_2,3,0.04666666666666667
5255,candidate_1,candidate_3,candidate_2,3,0.04666666666666667
5256,candidate_1,candidate_3,candidate_2,3,0.04666666666666667
5257,candidate_1,candidate_3,candidate_2,3,0.04666666666666667
5258,candidate_1,candidate_3,candidate_2,3,0.04666666666666667
5259,candidate_1,candidate_3,0,3,0.04666666666666667
5260,candidate_1,0,0,3,0.04666666666666667
5261,candidate_1,candidate_3,candidate_2,3,0.04666666666666667
5262,candidate_1,candidate_3,candidate_2,3,0.04666666666666667
5263,candidate_1,candidate_3,candidate_2,3,0.04666666666666667
5264,candidate_1,candidate_3,candidate_2,3,0.04666666666666667
5265,candidate_1,candidate_3,candidate_2,3,0.04666666666666667
5266,candidate_1,candidate_3,0,3,0.04666666666666667
5267,candidate_1,candidate_3,candidate_2,3,0.04666666666666667
5268,candidate_1,candidate_3,candidate_2,3,0.04666666666666667
5269,candidate_1,0,candidate_2,3,0.04666666666666667
5270,candidate_1,candidate_3,candidate_2,3,0.04666666666666667
5271,candidate_1,0,candidate_2,3,0.04666666666666667
5272,candidate_1,candidate_3,0,3,0.04666666666666667
5273,candidate_1,candidate_3,candidate_2,3,0.04666666666666667
5274,candidate_1,candidate_3,candidate_2,3,0.04666666666666667
5275,candidate_1,candidate_3,candidate_2,3,0.04666666666666667
5276,candidate_1,candidate_3,candidate_2,3,0.04666666666666667
5277,candidate_1,candidate_3,candidate_2,3,0.04666666666666667
5278,candidate_1,candidate_3,candidate_2,3,0.04666666666666667
5279,candidate_1,candidate_3,0,3,0.04666666666666667
5280,candidate_1,candidate_3,candidate_2,3,0.04666666666666667
5281,candidate_1,candidate_3,candidate_2,3,0.04666666666666667
5282,candidate_1,candidate_3,candidate_2,3,0.04666666666666667
5283,candidate_1,candidate_3,candidate_2,3,0.04666666666666667
5284,candidate_1,candidate_3,candidate_2,3,0.04666666666666667
5285,candidate_1,candidate_3,candidate_2,3,0.04666666666666667
5286,candidate_1,candidate_3,candidate_2,3,0.04666666666666667
5287,candidate_1,candidate_3,candidate_2,3,0.04666666666666667
5288,candidate_1,candidate_3,candidate_2,3,0.04666666666666667
5289,candidate_1,candidate_3,candidate_2,3,0.04666666666666667
5290,candidate_1,candidate_3,candidate_2,3,0.04666666666666667
5291,candidate_1,candidate_3,candidate_2,3,0.04666666666666667
5292,candidate_1,candidate_3,candidate_2,3,0.04666666666666667
5293,candidate_1,candidate_3,candidate_2,3,0.04666666666666667
5294,candidate_1,candidate_3,0,3,0.04666666666666667
5295,candidate_1,0,candidate_2,3,0.04666666666666667
5296,candidate_1,candidate_3,candidate_2,3,0.04666666666666667
5297,0,candidate_3,candidate_2,3,0.04666666666666667
5298,candidate_1,candidate_3,candidate_2,3,0.04666666666666667
5299,candidate_1,candidate_3,candidate_2,3,0.04666666666666667
5300,candidate_1,candidate_3,candidate_2,3,0.04666666666666667
5301,candidate_1,candidate_3,candidate_2,3,0.04666666666666667
5302,candidate_1,candidate_3,candidate_2,3,0.04666666666666667
5303,candidate_1,candidate_3,candidate_2,3,0.04666666666666667
5304,candidate_1,candidate_3,candidate_2,3,0.04666666666666667
5305,candidate_1,candidate_3,candidate_2,3,0.04666666666666667
5306,candidate_1,candidate_3,candidate_2,3,0.04666666666666667
5307,candidate_1,candidate_3,candidate_2,3,0.04666666666666667
5308,candidate_1,candidate_3,candidate_2,3,0.04666666666666667
5309,0,candidate_3,candidate_2,3,0.04666666666666667
5310,candidate_1,candidate_3,candidate_2,3,0.04666666666666667
5311,candidate_1,candidate_3,candidate_2,3,0.04666666666666667
5312,candidate_1,candidate_3,candidate_2,3,0.04666666666666667
5313,candidate_1,candidate_3,candidate_2,3,0.04666666666666667
5314,candidate_1,candidate_3,0,3,0.04666666666666667
5315,candidate_1,candidate_3,candidate_2,3,0.04666666666666667
5316,candidate_1,candidate_3,candidate_2,3,0.04666666666666667
5317,candidate_1,candidate_3,candidate_2,3,0.04666666666666667
5318,candidate_1,candidate_3,candidate_2,3,0.04666666666666667
5319,candidate_1,candidate_3,candidate_2,3,0.04666666666666667
5320,candidate_1,candidate_3,candidate_2,3,0.04666666666666667
5321,candidate_1,candidate_3,candidate_2,3,0.04666666666666667
5322,candidate_1,candidate_3,candidate_2,3,0.04666666666666667
5323,candidate_1,candidate_3,candidate_2,3,0.04666666666666667
5324,candidate_1,candidate_3,candidate_2,3,0.04666666666666667
5325,candidate_1,candidate_3,candidate_2,3,0.04666666666666667
5326,candidate_1,candidate_3,0,3,0.04666666666666667
5327,candidate_1,candidate_3,candidate_2,3,0.04666666666666667
5328,candidate_1,candidate_3,candidate_2,3,0.04666666666666667
5329,candidate_1,candidate_3,candidate_2,3,0.04666666666666667
5330,candidate_1,0,candidate_2,3,0.04666666666666667
5331,candidate_1,candidate_3,candidate_2,3,0.04666666666666667
5332,candidate_1,candidate_3,candidate_2,3,0.04666666666666667
5333,candidate_1,candidate_3,candidate_2,3,0.04666666666666667
5334,candidate_1,candidate_3,candidate_2,3,0.04666666666666667
5335,candidate_1,candidate_3,candidate_2,3,0.04666666666666667
5336,candidate_1,candidate_3,candidate_2,3,0.04666666666666667
5337,candidate_1,candidate_3,candidate_2,3,0.04666666666666667
5338,candidate_1,candidate_3,candidate_2,3,0.04666666666666667
5339,candidate_1,candidate_3,candidate_2,3,0.04666666666666667
5340,candidate_1,candidate_3,candidate_2,3,0.04666666666666667
5341,candidate_1,candidate_3,candidate_2,3,0.04666666666666667
5342,0,candidate_3,candidate_2,3,0.04666666666666667
5343,candidate_1,candidate_3,candidate_2,3,0.04666666666666667
5344,0,candidate_3,candidate_2,3,0.04666666666666667
5345,candidate_1,candidate_3,candidate_2,3,0.04666666666666667
5346,0,candidate_3,candidate_2,3,0.04666666666666667
5347,candidate_1,candidate_3,candidate_2,3,0.04666666666666667
5348,candidate_1,candidate_3,candidate_2,3,0.04666666666666667
5349,candidate_1,candidate_3,candidate_2,3,0.04666666666666667
5350,candidate_1,0,candidate_2,3,0.04666666666666667
5351,candidate_1,candidate_3,candidate_2,3,0.04666666666666667
5352,candidate_1,candidate_3,candidate_2,3,0.04666666666666667
5353,candidate_1,candidate_3,candidate_2,3,0.04666666666666667
5354,candidate_1,candidate_3,candidate_2,3,0.04666666666666667
5355,0,candidate_3,candidate_2,3,0.04666666666666667
5356,candidate_1,candidate_3,candidate_2,3,0.04666666666666667
5357,candidate_1,candidate_3,candidate_2,3,0.04666666666666667
5358,candidate_1,candidate_3,candidate_2,3,0.04666666666666667
5359,candidate_1,candidate_3,candidate_2,3,0.04666666666666667
5360,candidate_1,candidate_3,candidate_2,3,0.04666666666666667
5361,candidate_1,candidate_3,candidate_2,3,0.04666666666666667
5362,candidate_1,candidate_3,candidate_2,3,0.04666666666666667
5363,candidate_1,candidate_3,candidate_2,3,0.04666666666666667
5364,candidate_1,candidate_3,candidate_2,3,0.04666666666666667
5365,candidate_1,candidate_3,candidate_2,3,0.04666666666666667
5366,candidate_1,candidate_3,candidate_2,3,0.04666666666666667
5367,candidate_1,candidate_3,candidate_2,3,0.04666666666666667
5368,candidate_1,candidate_3,candidate_2,3,0.04666666666666667
5369,candidate_1,candidate_3,candidate_2,3,0.04666666666666667
5370,candidate_1,candidate_3,candidate_2,3,0.04666666666666667
5371,candidate_1,candidate_3,candidate_2,3,0.04666666666666667
5372,candidate_1,candidate_3,candidate_2,3,0.04666666666666667
5373,candidate_1,candidate_3,candidate_2,3,0.04666666666666667
5374,candidate_1,candidate_3,candidate_2,3,0.04666666666666667
5375,candidate_1,candidate_3,candidate_2,3,0.04666666666666667
5376,candidate_1,candidate_3,candidate_2,3,0.04666666666666667
5377,candidate_1,candidate_3,candidate_2,3,0.04666666666666667
5378,candidate_1,candidate_3,candidate_2,3,0.04666666666666667
5379,candidate_1,candidate_3,candidate_2,3,0.04666666666666667
5380,candidate_1,candidate_3,candidate_2,3,0.04666666666666667
5381,candidate_1,candidate_3,candidate_2,3,0.04666666666666667
5382,candidate_1,candidate_3,candidate_2,3,0.04666666666666667
5383,candidate_1,candidate_3,candidate_2,3,0.04666666666666667
5384,candidate_1,candidate_3,candidate_2,3,0.04666666666666667
5385,candidate_1,candidate_3,candidate_2,3,0.04666666666666667
5386,candidate_1,candidate_3,candidate_2,3,0.04666666666666667
5387,candidate_1,candidate_3,candidate_2,3,0.04666666666666667
5388,candidate_1,candidate_3,candidate_2,3,0.04666666666666667
5389,candidate_1,candidate_3,candidate_2,3,0.04666666666666667
5390,candidate_1,candidate_3,0,3,0.04666666666666667
5391,candidate_1,candidate_3,0,3,0.04666666666666667
5392,candidate_1,candidate_3,candidate_2,3,0.04666666666666667
5393,candidate_1,candidate_3,candidate_2,3,0.04666666666666667
5394,candidate_1,candidate_3,candidate_2,3,0.04666666666666667
5395,candidate_1,candidate_3,candidate_2,3,0.04666666666666667
5396,candidate_1,candidate_3,candidate_2,3,0.04666666666666667
5397,candidate_1,candidate_3,0,3,0.04666666666666667
5398,candidate_1,candidate_3,candidate_2,3,0.04666666666666667
5399,candidate_1,candidate_3,candidate_2,3,0.04666666666666667
5400,candidate_1,candidate_3,candidate_2,3,0.04666666666666667
5401,0,candidate_3,candidate_2,3,0.04666666666666667
5402,candidate_1,candidate_3,candidate_2,3,0.04666666666666667
5403,candidate_1,candidate_3,candidate_2,3,0.04666666666666667
5404,candidate_1,candidate_3,0,3,0.04666666666666667
5405,candidate_1,candidate_3,candidate_2,3,0.04666666666666667
5406,candidate_1,candidate_3,candidate_2,3,0.04666666666666667
5407,candidate_1,candidate_3,candidate_2,3,0.04666666666666667
5408,0,candidate_3,candidate_2,3,0.04666666666666667
5409,candidate_1,candidate_3,0,3,0.04666666666666667
5410,candidate_1,candidate_3,candidate_2,3,0.04666666666666667
5411,candidate_1,candidate_3,candidate_2,3,0.04666666666666667
5412,candidate_1,candidate_3,candidate_2,3,0.04666666666666667
5413,candidate_1,candidate_3,candidate_2,3,0.04666666666666667
5414,candidate_1,candidate_3,candidate_2,3,0.04666666666666667
5415,candidate_1,candidate_3,candidate_2,3,0.04666666666666667
5416,candidate_1,candidate_3,candidate_2,3,0.04666666666666667
5417,candidate_1,candidate_3,candidate_2,3,0.04666666666666667
5418,candidate_1,candidate_3,candidate_2,3,0.04666666666666667
5419,candidate_1,candidate_3,candidate_2,3,0.04666666666666667
5420,candidate_1,candidate_3,candidate_2,3,0.04666666666666667
5421,candidate_1,candidate_3,candidate_2,3,0.04666666666666667
5422,candidate_1,candidate_3,candidate_2,3,0.04666666666666667
5423,candidate_1,candidate_3,candidate_2,3,0.04666666666666667
5424,candidate_1,candidate_3,candidate_2,3,0.04666666666666667
5425,0,candidate_3,candidate_2,3,0.04666666666666667
5426,candidate_1,candidate_3,candidate_2,3,0.04666666666666667
5427,candidate_1,candidate_3,candidate_2,3,0.04666666666666667
5428,candidate_1,candidate_3,candidate_2,3,0.04666666666666667
5429,candidate_1,candidate_3,candidate_2,3,0.04666666666666667
5430,candidate_1,0,candidate_2,3,0.04666666666666667
5431,candidate_1,candidate_3,candidate_2,3,0.04666666666666667
5432,candidate_1,candidate_3,candidate_2,3,0.04666666666666667
5433,candidate_1,candidate_3,candidate_2,3,0.04666666666666667
5434,candidate_1,candidate_3,candidate_2,3,0.04666666666666667
5435,candidate_1,candidate_3,candidate_2,3,0.04666666666666667
5436,candidate_1,candidate_3,candidate_2,3,0.04666666666666667
5437,candidate_1,candidate_3,candidate_2,3,0.04666666666666667
5438,candidate_1,candidate_3,candidate_2,3,0.04666666666666667
5439,candidate_1,candidate_3,candidate_2,3,0.04666666666666667
5440,candidate_1,candidate_3,candidate_2,3,0.04666666666666667
5441,candidate_1,candidate_3,candidate_2,3,0.04666666666666667
5442,candidate_1,candidate_3,candidate_2,3,0.04666666666666667
5443,candidate_1,candidate_3,candidate_2,3,0.04666666666666667
5444,candidate_1,0,candidate_2,3,0.04666666666666667
5445,candidate_1,candidate_3,candidate_2,3,0.04666666666666667
5446,candidate_1,candidate_3,candidate_2,3,0.04666666666666667
5447,candidate_1,candidate_3,candidate_2,3,0.04666666666666667
5448,candidate_1,candidate_3,candidate_2,3,0.04666666666666667
5449,candidate_1,candidate_3,candidate_2,3,0.04666666666666667
5450,candidate_1,candidate_3,candidate_2,3,0.04666666666666667
5451,candidate_1,candidate_3,candidate_2,3,0.04666666666666667
5452,candidate_1,candidate_3,candidate_2,3,0.04666666666666667
5453,candidate_1,candidate_3,candidate_2,3,0.04666666666666667
5454,candidate_1,candidate_3,candidate_2,3,0.04666666666666667
5455,candidate_1,candidate_3,candidate_2,3,0.04666666666666667
5456,candidate_1,candidate_3,candidate_2,3,0.04666666666666667
5457,candidate_1,candidate_3,candidate_2,3,0.04666666666666667
5458,candidate_1,candidate_3,candidate_2,3,0.04666666666666667
5459,candidate_1,candidate_3,candidate_2,3,0.04666666666666667
5460,candidate_1,candidate_3,candidate_2,3,0.04666666666666667
5461,candidate_1,candidate_3,candidate_2,3,0.04666666666666667
5462,candidate_1,candidate_3,candidate_2,3,0.04666666666666667
5463,candidate_1,candidate_3,candidate_2,3,0.04666666666666667
5464,candidate_1,candidate_3,candidate_2,3,0.04666666666666667
5465,candidate_1,candidate_3,candidate_2,3,0.04666666666666667
5466,candidate_1,candidate_3,candidate_2,3,0.04666666666666667
5467,candidate_1,candidate_3,candidate_2,3,0.04666666666666667
5468,candidate_1,candidate_3,candidate_2,3,0.04666666666666667
5469,candidate_1,candidate_3,candidate_2,3,0.04666666666666667
5470,candidate_1,candidate_3,candidate_2,3,0.04666666666666667
5471,candidate_1,candidate_3,candidate_2,3,0.04666666666666667
5472,candidate_1,candidate_3,0,3,0.04666666666666667
5473,candidate_1,candidate_3,candidate_2,3,0.04666666666666667
5474,candidate_1,candidate_3,candidate_2,3,0.04666666666666667
5475,candidate_1,candidate_3,candidate_2,3,0.04666666666666667
5476,candidate_1,candidate_3,candidate_2,3,0.04666666666666667
5477,candidate_1,candidate_3,candidate_2,3,0.04666666666666667
5478,candidate_1,candidate_3,candidate_2,3,0.04666666666666667
5479,candidate_1,candidate_3,candidate_2,3,0.04666666666666667
5480,candidate_1,candidate_3,candidate_2,3,0.04666666666666667
5481,candidate_1,candidate_3,candidate_2,3,0.04666666666666667
5482,candidate_1,candidate_3,candidate_2,3,0.04666666666666667
5483,candidate_1,candidate_3,candidate_2,3,0.04666666666666667
5484,candidate_1,candidate_3,candidate_2,3,0.04666666666666667
5485,candidate_1,0,candidate_2,3,0.04666666666666667
5486,candidate_1,candidate_3,candidate_2,3,0.04666666666666667
5487,candidate_1,candidate_3,candidate_2,3,0.04666666666666667
5488,candidate_1,candidate_3,candidate_2,3,0.04666666666666667
5489,candidate_1,candidate_3,candidate_2,3,0.04666666666666667
5490,candidate_1,candidate_3,candidate_2,3,0.04666666666666667
5491,candidate_1,candidate_3,candidate_2,3,0.04666666666666667
5492,candidate_1,candidate_3,candidate_2,3,0.04666666666666667
5493,candidate_1,candidate_3,candidate_2,3,0.04666666666666667
5494,candidate_1,candidate_3,candidate_2,3,0.04666666666666667
5495,candidate_1,candidate_3,candidate_2,3,0.04666666666666667
5496,candidate_1,candidate_3,0,3,0.04666666666666667
5497,candidate_1,candidate_3,candidate_2,3,0.04666666666666667
5498,0,candidate_3,candidate_2,3,0.04666666666666667
5499,candidate_1,candidate_3,candidate_2,3,0.04666666666666667
5500,candidate_1,candidate_3,0,3,0.04666666666666667
5501,candidate_1,candidate_3,candidate_2,3,0.04666666666666667
5502,candidate_1,candidate_3,candidate_2,3,0.04666666666666667
5503,candidate_1,0,candidate_2,3,0.04666666666666667
5504,candidate_1,0,candidate_2,3,0.04666666666666667
5505,0,candidate_3,candidate_2,3,0.04666666666666667
5506,candidate_1,0,candidate_2,3,0.04666666666666667
5507,candidate_1,candidate_3,candidate_2,3,0.04666666666666667
5508,candidate_1,candidate_3,candidate_2,3,0.04666666666666667
5509,candidate_1,candidate_3,candidate_2,3,0.04666666666666667
5510,candidate_1,candidate_3,candidate_2,3,0.04666666666666667
5511,candidate_1,candidate_3,candidate_2,3,0.04666666666666667
5512,candidate_1,candidate_3,candidate_2,3,0.04666666666666667
5513,candidate_1,candidate_3,candidate_2,3,0.04666666666666667
5514,candidate_1,candidate_3,candidate_2,3,0.04666666666666667
5515,candidate_1,candidate_3,0,3,0.04666666666666667
5516,candidate_1,candidate_3,0,3,0.04666666666666667
5517,candidate_1,candidate_3,0,3,0.04666666666666667
5518,candidate_1,candidate_3,candidate_2,3,0.04666666666666667
5519,candidate_1,candidate_3,candidate_2,3,0.04666666666666667
5520,candidate_1,candidate_3,0,3,0.04666666666666667
5521,candidate_1,candidate_3,candidate_2,3,0.04666666666666667
5522,candidate_1,candidate_3,0,3,0.04666666666666667
5523,0,candidate_3,candidate_2,3,0.04666666666666667
5524,candidate_1,candidate_3,candidate_2,3,0.04666666666666667
5525,candidate_1,candidate_3,candidate_2,3,0.04666666666666667
5526,candidate_1,candidate_3,candidate_2,3,0.04666666666666667
5527,candidate_1,candidate_3,candidate_2,3,0.04666666666666667
5528,candidate_1,candidate_3,candidate_2,3,0.04666666666666667
5529,candidate_1,candidate_3,candidate_2,3,0.04666666666666667
5530,candidate_1,candidate_3,candidate_2,3,0.04666666666666667
5531,candidate_1,candidate_3,candidate_2,3,0.04666666666666667
5532,candidate_1,candidate_3,candidate_2,3,0.04666666666666667
5533,candidate_1,0,candidate_2,3,0.04666666666666667
5534,candidate_1,candidate_3,candidate_2,3,0.04666666666666667
5535,candidate_1,candidate_3,candidate_2,3,0.04666666666666667
5536,candidate_1,candidate_3,candidate_2,3,0.04666666666666667
5537,candidate_1,candidate_3,candidate_2,3,0.04666666666666667
5538,candidate_1,candidate_3,candidate_2,3,0.04666666666666667
5539,candidate_1,candidate_3,candidate_2,3,0.04666666666666667
5540,candidate_1,candidate_3,candidate_2,3,0.04666666666666667
5541,candidate_1,candidate_3,candidate_2,3,0.04666666666666667
5542,candidate_1,candidate_3,candidate_2,3,0.04666666666666667
5543,candidate_1,candidate_3,candidate_2,3,0.04666666666666667
5544,candidate_1,candidate_3,candidate_2,3,0.04666666666666667
5545,candidate_1,candidate_3,candidate_2,3,0.04666666666666667
5546,candidate_1,candidate_3,candidate_2,3,0.04666666666666667
5547,candidate_1,candidate_3,candidate_2,3,0.04666666666666667
5548,candidate_1,candidate_3,candidate_2,3,0.04666666666666667
5549,candidate_1,candidate_3,candidate_2,3,0.04666666666666667
5550,candidate_1,candidate_3,candidate_2,3,0.04666666666666667
5551,candidate_1,candidate_3,candidate_2,3,0.04666666666666667
5552,candidate_1,candidate_3,candidate_2,3,0.04666666666666667
5553,candidate_1,candidate_3,candidate_2,3,0.04666666666666667
5554,candidate_1,candidate_3,candidate_2,3,0.04666666666666667
5555,candidate_1,candidate_3,candidate_2,3,0.04666666666666667
5556,candidate_1,candidate_3,candidate_2,3,0.04666666666666667
5557,candidate_1,candidate_3,candidate_2,3,0.04666666666666667
5558,candidate_1,candidate_3,0,3,0.04666666666666667
5559,candidate_1,candidate_3,candidate_2,3,0.04666666666666667
5560,candidate_1,candidate_3,candidate_2,3,0.04666666666666667
5561,candidate_1,candidate_3,candidate_2,3,0.04666666666666667
5562,candidate_1,candidate_3,candidate_2,3,0.04666666666666667
5563,candidate_1,candidate_3,candidate_2,3,0.04666666666666667
5564,candidate_1,candidate_3,candidate_2,3,0.04666666666666667
5565,candidate_1,candidate_3,candidate_2,3,0.04666666666666667
5566,candidate_1,candidate_3,0,3,0.04666666666666667
5567,candidate_1,candidate_3,candidate_2,3,0.04666666666666667
5568,candidate_1,candidate_3,candidate_2,3,0.04666666666666667
5569,candidate_1,candidate_3,candidate_2,3,0.04666666666666667
5570,candidate_1,candidate_3,candidate_2,3,0.04666666666666667
5571,candidate_1,candidate_3,candidate_2,3,0.04666666666666667
5572,candidate_1,candidate_3,candidate_2,3,0.04666666666666667
5573,candidate_1,candidate_3,candidate_2,3,0.04666666666666667
5574,candidate_1,candidate_3,candidate_2,3,0.04666666666666667
5575,candidate_1,candidate_3,candidate_2,3,0.04666666666666667
5576,candidate_1,candidate_3,candidate_2,3,0.04666666666666667
5577,candidate_1,candidate_3,candidate_2,3,0.04666666666666667
5578,candidate_1,0,candidate_2,3,0.04666666666666667
5579,candidate_1,candidate_3,candidate_2,3,0.04666666666666667
5580,candidate_1,candidate_3,candidate_2,3,0.04666666666666667
5581,candidate_1,candidate_3,candidate_2,3,0.04666666666666667
5582,candidate_1,candidate_3,candidate_2,3,0.04666666666666667
5583,candidate_1,candidate_3,candidate_2,3,0.04666666666666667
5584,candidate_1,candidate_3,candidate_2,3,0.04666666666666667
5585,candidate_1,candidate_3,candidate_2,3,0.04666666666666667
5586,candidate_1,candidate_3,candidate_2,3,0.04666666666666667
5587,0,0,candidate_2,3,0.04666666666666667
5588,candidate_1,candidate_3,candidate_2,3,0.04666666666666667
5589,candidate_1,candidate_3,candidate_2,3,0.04666666666666667
5590,candidate_1,candidate_3,candidate_2,3,0.04666666666666667
5591,candidate_1,0,candidate_2,3,0.04666666666666667
5592,candidate_1,candidate_3,candidate_2,3,0.04666666666666667
5593,candidate_1,candidate_3,candidate_2,3,0.04666666666666667
5594,candidate_1,candidate_3,candidate_2,3,0.04666666666666667
5595,candidate_1,candidate_3,candidate_2,3,0.04666666666666667
5596,candidate_1,candidate_3,0,3,0.04666666666666667
5597,candidate_1,candidate_3,candidate_2,3,0.04666666666666667
5598,candidate_1,candidate_3,candidate_2,3,0.04666666666666667
5599,candidate_1,candidate_3,candidate_2,3,0.04666666666666667
5600,candidate_1,candidate_3,candidate_2,3,0.04666666666666667
5601,candidate_1,candidate_3,candidate_2,3,0.04666666666666667
5602,candidate_1,candidate_3,candidate_2,3,0.04666666666666667
5603,candidate_1,candidate_3,candidate_2,3,0.04666666666666667
5604,candidate_1,candidate_3,candidate_2,3,0.04666666666666667
5605,candidate_1,candidate_3,candidate_2,3,0.04666666666666667
5606,candidate_1,candidate_3,candidate_2,3,0.04666666666666667
5607,candidate_1,candidate_3,candidate_2,3,0.04666666666666667
5608,candidate_1,0,candidate_2,3,0.04666666666666667
5609,candidate_1,candidate_3,candidate_2,3,0.04666666666666667
5610,candidate_1,candidate_3,candidate_2,3,0.04666666666666667
5611,candidate_1,candidate_3,candidate_2,3,0.04666666666666667
5612,candidate_1,candidate_3,candidate_2,3,0.04666666666666667
5613,candidate_1,candidate_3,candidate_2,3,0.04666666666666667
5614,candidate_1,candidate_3,candidate_2,3,0.04666666666666667
5615,candidate_1,candidate_3,candidate_2,3,0.04666666666666667
5616,candidate_1,candidate_3,candidate_2,3,0.04666666666666667
5617,candidate_1,candidate_3,0,3,0.04666666666666667
5618,candidate_1,candidate_3,candidate_2,3,0.04666666666666667
5619,candidate_1,candidate_3,candidate_2,3,0.04666666666666667
5620,candidate_1,candidate_3,candidate_2,3,0.04666666666666667
5621,candidate_1,candidate_3,candidate_2,3,0.04666666666666667
5622,candidate_1,candidate_3,candidate_2,3,0.04666666666666667
5623,candidate_1,candidate_3,candidate_2,3,0.04666666666666667
5624,candidate_1,candidate_3,candidate_2,3,0.04666666666666667
5625,candidate_1,candidate_3,candidate_2,3,0.04666666666666667
5626,candidate_1,candidate_3,candidate_2,3,0.04666666666666667
5627,candidate_1,candidate_3,candidate_2,3,0.04666666666666667
5628,candidate_1,candidate_3,candidate_2,3,0.04666666666666667
5629,candidate_1,candidate_3,candidate_2,3,0.04666666666666667
5630,candidate_1,candidate_3,0,3,0.04666666666666667
5631,candidate_1,candidate_3,candidate_2,3,0.04666666666666667
5632,candidate_1,candidate_3,candidate_2,3,0.04666666666666667
5633,candidate_1,candidate_3,candidate_2,3,0.04666666666666667
5634,candidate_1,candidate_3,candidate_2,3,0.04666666666666667
5635,candidate_1,candidate_3,candidate_2,3,0.04666666666666667
5636,candidate_1,candidate_3,candidate_2,3,0.04666666666666667
5637,candidate_1,candidate_3,candidate_2,3,0.04666666666666667
5638,candidate_1,candidate_3,candidate_2,3,0.04666666666666667
5639,candidate_1,candidate_3,candidate_2,3,0.04666666666666667
5640,candidate_1,0,candidate_2,3,0.04666666666666667
5641,candidate_1,candidate_3,candidate_2,3,0.04666666666666667
5642,candidate_1,candidate_3,candidate_2,3,0.04666666666666667
5643,candidate_1,candidate_3,candidate_2,3,0.04666666666666667
5644,candidate_1,candidate_3,candidate_2,3,0.04666666666666667
5645,candidate_1,candidate_3,candidate_2,3,0.04666666666666667
5646,candidate_1,candidate_3,candidate_2,3,0.04666666666666667
5647,candidate_1,candidate_3,candidate_2,3,0.04666666666666667
5648,candidate_1,candidate_3,candidate_2,3,0.04666666666666667
5649,candidate_1,candidate_3,0,3,0.04666666666666667
5650,candidate_1,candidate_3,candidate_2,3,0.04666666666666667
5651,candidate_1,candidate_3,candidate_2,3,0.04666666666666667
5652,candidate_1,candidate_3,candidate_2,3,0.04666666666666667
5653,candidate_1,candidate_3,candidate_2,3,0.04666666666666667
5654,candidate_1,candidate_3,candidate_2,3,0.04666666666666667
5655,0,candidate_3,candidate_2,3,0.04666666666666667
5656,candidate_1,candidate_3,candidate_2,3,0.04666666666666667
5657,candidate_1,candidate_3,candidate_2,3,0.04666666666666667
5658,candidate_1,candidate_3,candidate_2,3,0.04666666666666667
5659,candidate_1,candidate_3,0,3,0.04666666666666667
5660,candidate_1,0,candidate_2,3,0.04666666666666667
5661,candidate_1,candidate_3,candidate_2,3,0.04666666666666667
5662,candidate_1,candidate_3,candidate_2,3,0.04666666666666667
5663,candidate_1,candidate_3,candidate_2,3,0.04666666666666667
5664,candidate_1,candidate_3,candidate_2,3,0.04666666666666667
5665,candidate_1,candidate_3,candidate_2,3,0.04666666666666667
5666,candidate_1,candidate_3,candidate_2,3,0.04666666666666667
5667,0,candidate_3,candidate_2,3,0.04666666666666667
5668,candidate_1,candidate_3,candidate_2,3,0.04666666666666667
5669,candidate_1,candidate_3,candidate_2,3,0.04666666666666667
5670,candidate_1,candidate_3,candidate_2,3,0.04666666666666667
5671,candidate_1,candidate_3,candidate_2,3,0.04666666666666667
5672,candidate_1,candidate_3,candidate_2,3,0.04666666666666667
5673,candidate_1,candidate_3,candidate_2,3,0.04666666666666667
5674,candidate_1,candidate_3,candidate_2,3,0.04666666666666667
5675,candidate_1,candidate_3,candidate_2,3,0.04666666666666667
5676,candidate_1,candidate_3,candidate_2,3,0.04666666666666667
5677,candidate_1,candidate_3,candidate_2,3,0.04666666666666667
5678,candidate_1,candidate_3,candidate_2,3,0.04666666666666667
5679,candidate_1,candidate_3,candidate_2,3,0.04666666666666667
5680,candidate_1,candidate_3,candidate_2,3,0.04666666666666667
5681,candidate_1,candidate_3,candidate_2,3,0.04666666666666667
5682,candidate_1,candidate_3,candidate_2,3,0.04666666666666667
5683,candidate_1,candidate_3,candidate_2,3,0.04666666666666667
5684,candidate_1,candidate_3,candidate_2,3,0.04666666666666667
5685,candidate_1,candidate_3,candidate_2,3,0.04666666666666667
5686,candidate_1,candidate_3,candidate_2,3,0.04666666666666667
5687,candidate_1,candidate_3,candidate_2,3,0.04666666666666667
5688,candidate_1,candidate_3,candidate_2,3,0.04666666666666667
5689,candidate_1,candidate_3,candidate_2,3,0.04666666666666667
5690,candidate_1,candidate_3,candidate_2,3,0.04666666666666667
5691,candidate_1,candidate_3,candidate_2,3,0.04666666666666667
5692,candidate_1,candidate_3,candidate_2,3,0.04666666666666667
5693,candidate_1,candidate_3,0,3,0.04666666666666667
5694,candidate_1,candidate_3,candidate_2,3,0.04666666666666667
5695,candidate_1,candidate_3,candidate_2,3,0.04666666666666667
5696,candidate_1,candidate_3,candidate_2,3,0.04666666666666667
5697,candidate_1,candidate_3,candidate_2,3,0.04666666666666667
5698,candidate_1,candidate_3,candidate_2,3,0.04666666666666667
5699,candidate_1,candidate_3,candidate_2,3,0.04666666666666667
5700,candidate_1,candidate_3,candidate_2,3,0.04666666666666667
5701,candidate_1,candidate_3,candidate_2,3,0.04666666666666667
5702,candidate_1,candidate_3,candidate_2,3,0.04666666666666667
5703,candidate_1,candidate_3,candidate_2,3,0.04666666666666667
5704,candidate_1,candidate_3,candidate_2,3,0.04666666666666667
5705,candidate_1,candidate_3,candidate_2,3,0.04666666666666667
5706,candidate_1,candidate_3,0,3,0.04666666666666667
5707,candidate_1,candidate_3,candidate_2,3,0.04666666666666667
5708,candidate_1,candidate_3,candidate_2,3,0.04666666666666667
5709,candidate_1,candidate_3,candidate_2,3,0.04666666666666667
5710,candidate_1,candidate_3,candidate_2,3,0.04666666666666667
5711,candidate_1,candidate_3,candidate_2,3,0.04666666666666667
5712,candidate_1,candidate_3,candidate_2,3,0.04666666666666667
5713,candidate_1,candidate_3,candidate_2,3,0.04666666666666667
5714,candidate_1,candidate_3,candidate_2,3,0.04666666666666667
5715,candidate_1,candidate_3,candidate_2,3,0.04666666666666667
5716,candidate_1,candidate_3,candidate_2,3,0.04666666666666667
5717,candidate_1,candidate_3,candidate_2,3,0.04666666666666667
5718,candidate_1,candidate_3,candidate_2,3,0.04666666666666667
5719,candidate_1,candidate_3,candidate_2,3,0.04666666666666667
5720,candidate_1,candidate_3,candidate_2,3,0.04666666666666667
5721,0,candidate_3,candidate_2,3,0.04666666666666667
5722,candidate_1,candidate_3,candidate_2,3,0.04666666666666667
5723,candidate_1,candidate_3,candidate_2,3,0.04666666666666667
5724,candidate_1,candidate_3,candidate_2,3,0.04666666666666667
5725,candidate_1,candidate_3,candidate_2,3,0.04666666666666667
5726,candidate_1,candidate_3,candidate_2,3,0.04666666666666667
5727,candidate_1,candidate_3,candidate_2,3,0.04666666666666667
5728,candidate_1,candidate_3,candidate_2,3,0.04666666666666667
5729,candidate_1,candidate_3,candidate_2,3,0.04666666666666667
5730,candidate_1,candidate_3,candidate_2,3,0.04666666666666667
5731,candidate_1,candidate_3,candidate_2,3,0.04666666666666667
5732,candidate_1,candidate_3,candidate_2,3,0.04666666666666667
5733,candidate_1,0,0,3,0.04666666666666667
5734,candidate_1,candidate_3,candidate_2,3,0.04666666666666667
5735,candidate_1,candidate_3,candidate_2,3,0.04666666666666667
5736,candidate_1,candidate_3,candidate_2,3,0.04666666666666667
5737,candidate_1,candidate_3,candidate_2,3,0.04666666666666667
5738,candidate_1,candidate_3,0,3,0.04666666666666667
5739,candidate_1,candidate_3,candidate_2,3,0.04666666666666667
5740,candidate_1,candidate_3,candidate_2,3,0.04666666666666667
5741,candidate_1,candidate_3,candidate_2,3,0.04666666666666667
5742,candidate_1,candidate_3,candidate_2,3,0.04666666666666667
5743,candidate_1,candidate_3,candidate_2,3,0.04666666666666667
5744,candidate_1,0,0,3,0.04666666666666667
5745,candidate_1,candidate_3,candidate_2,3,0.04666666666666667
5746,candidate_1,candidate_3,candidate_2,3,0.04666666666666667
5747,candidate_1,candidate_3,candidate_2,3,0.04666666666666667
5748,candidate_1,candidate_3,candidate_2,3,0.04666666666666667
5749,candidate_1,candidate_3,candidate_2,3,0.04666666666666667
5750,candidate_1,candidate_3,candidate_2,3,0.04666666666666667
5751,candidate_1,0,candidate_2,3,0.04666666666666667
5752,candidate_1,candidate_3,candidate_2,3,0.04666666666666667
5753,candidate_1,candidate_3,candidate_2,3,0.04666666666666667
5754,candidate_1,candidate_3,candidate_2,3,0.04666666666666667
5755,candidate_1,candidate_3,candidate_2,3,0.04666666666666667
5756,candidate_1,candidate_3,candidate_2,3,0.04666666666666667
5757,candidate_1,candidate_3,candidate_2,3,0.04666666666666667
5758,candidate_1,0,candidate_2,3,0.04666666666666667
5759,candidate_1,candidate_3,candidate_2,3,0.04666666666666667
5760,candidate_1,candidate_3,candidate_2,3,0.04666666666666667
5761,candidate_1,candidate_3,candidate_2,3,0.04666666666666667
5762,candidate_1,candidate_3,candidate_2,3,0.04666666666666667
5763,candidate_1,candidate_3,candidate_2,3,0.04666666666666667
5764,candidate_1,candidate_3,candidate_2,3,0.04666666666666667
5765,candidate_1,candidate_3,candidate_2,3,0.04666666666666667
5766,candidate_1,candidate_3,candidate_2,3,0.04666666666666667
5767,candidate_1,candidate_3,candidate_2,3,0.04666666666666667
5768,candidate_1,candidate_3,candidate_2,3,0.04666666666666667
5769,candidate_1,candidate_3,candidate_2,3,0.04666666666666667
5770,candidate_1,candidate_3,candidate_2,3,0.04666666666666667
5771,candidate_1,candidate_3,candidate_2,3,0.04666666666666667
5772,candidate_1,candidate_3,candidate_2,3,0.04666666666666667
5773,candidate_1,candidate_3,candidate_2,3,0.04666666666666667
5774,candidate_1,candidate_3,candidate_2,3,0.04666666666666667
5775,candidate_1,candidate_3,candidate_2,3,0.04666666666666667
5776,0,candidate_3,candidate_2,3,0.04666666666666667
5777,candidate_1,candidate_3,candidate_2,3,0.04666666666666667
5778,candidate_1,candidate_3,candidate_2,3,0.04666666666666667
5779,candidate_1,0,candidate_2,3,0.04666666666666667
5780,candidate_1,candidate_3,candidate_2,3,0.04666666666666667
5781,candidate_1,candidate_3,candidate_2,3,0.04666666666666667
5782,candidate_1,candidate_3,candidate_2,3,0.04666666666666667
5783,candidate_1,candidate_3,candidate_2,3,0.04666666666666667
5784,candidate_1,candidate_3,candidate_2,3,0.04666666666666667
5785,candidate_1,candidate_3,candidate_2,3,0.04666666666666667
5786,candidate_1,candidate_3,candidate_2,3,0.04666666666666667
5787,candidate_1,candidate_3,candidate_2,3,0.04666666666666667
5788,candidate_1,candidate_3,candidate_2,3,0.04666666666666667
5789,candidate_1,candidate_3,candidate_2,3,0.04666666666666667
5790,candidate_1,candidate_3,candidate_2,3,0.04666666666666667
5791,candidate_1,candidate_3,candidate_2,3,0.04666666666666667
5792,candidate_1,candidate_3,candidate_2,3,0.04666666666666667
5793,candidate_1,candidate_3,candidate_2,3,0.04666666666666667
5794,candidate_1,candidate_3,candidate_2,3,0.04666666666666667
5795,candidate_1,candidate_3,0,3,0.04666666666666667
5796,candidate_1,candidate_3,0,3,0.04666666666666667
5797,candidate_1,candidate_3,candidate_2,3,0.04666666666666667
5798,candidate_1,candidate_3,candidate_2,3,0.04666666666666667
5799,candidate_1,candidate_3,candidate_2,3,0.04666666666666667
5800,candidate_1,candidate_3,candidate_2,3,0.04666666666666667
5801,candidate_1,candidate_3,candidate_2,3,0.04666666666666667
5802,candidate_1,candidate_3,candidate_2,3,0.04666666666666667
5803,candidate_1,candidate_3,candidate_2,3,0.04666666666666667
5804,candidate_1,0,candidate_2,3,0.04666666666666667
5805,candidate_1,candidate_3,candidate_2,3,0.04666666666666667
5806,candidate_1,candidate_3,candidate_2,3,0.04666666666666667
5807,candidate_1,candidate_3,candidate_2,3,0.04666666666666667
5808,candidate_1,0,candidate_2,3,0.04666666666666667
5809,candidate_1,candidate_3,candidate_2,3,0.04666666666666667
5810,candidate_1,candidate_3,candidate_2,3,0.04666666666666667
5811,candidate_1,candidate_3,candidate_2,3,0.04666666666666667
5812,candidate_1,candidate_3,0,3,0.04666666666666667
5813,candidate_1,candidate_3,candidate_2,3,0.04666666666666667
5814,candidate_1,candidate_3,candidate_2,3,0.04666666666666667
5815,candidate_1,candidate_3,candidate_2,3,0.04666666666666667
5816,candidate_1,candidate_3,candidate_2,3,0.04666666666666667
5817,candidate_1,0,candidate_2,3,0.04666666666666667
5818,candidate_1,candidate_3,candidate_2,3,0.04666666666666667
5819,candidate_1,0,candidate_2,3,0.04666666666666667
5820,candidate_1,candidate_3,candidate_2,3,0.04666666666666667
5821,candidate_1,candidate_3,candidate_2,3,0.04666666666666667
5822,candidate_1,candidate_3,candidate_2,3,0.04666666666666667
5823,candidate_1,candidate_3,candidate_2,3,0.04666666666666667
5824,candidate_1,0,candidate_2,3,0.04666666666666667
5825,candidate_1,candidate_3,candidate_2,3,0.04666666666666667
5826,candidate_1,candidate_3,candidate_2,3,0.04666666666666667
5827,candidate_1,candidate_3,candidate_2,3,0.04666666666666667
5828,candidate_1,candidate_3,candidate_2,3,0.04666666666666667
5829,candidate_1,candidate_3,candidate_2,3,0.04666666666666667
5830,candidate_1,candidate_3,candidate_2,3,0.04666666666666667
5831,candidate_1,candidate_3,candidate_2,3,0.04666666666666667
5832,candidate_1,candidate_3,candidate_2,3,0.04666666666666667
5833,candidate_1,candidate_3,0,3,0.04666666666666667
5834,candidate_1,candidate_3,candidate_2,3,0.04666666666666667
5835,candidate_1,candidate_3,candidate_2,3,0.04666666666666667
5836,candidate_1,candidate_3,candidate_2,3,0.04666666666666667
5837,candidate_1,candidate_3,candidate_2,3,0.04666666666666667
5838,candidate_1,candidate_3,candidate_2,3,0.04666666666666667
5839,candidate_1,candidate_3,candidate_2,3,0.04666666666666667
5840,candidate_1,candidate_3,candidate_2,3,0.04666666666666667
5841,candidate_1,candidate_3,0,3,0.04666666666666667
5842,candidate_1,candidate_3,candidate_2,3,0.04666666666666667
5843,candidate_1,candidate_3,candidate_2,3,0.04666666666666667
5844,candidate_1,candidate_3,candidate_2,3,0.04666666666666667
5845,candidate_1,candidate_3,candidate_2,3,0.04666666666666667
5846,0,candidate_3,candidate_2,3,0.04666666666666667
5847,candidate_1,candidate_3,candidate_2,3,0.04666666666666667
5848,candidate_1,0,candidate_2,3,0.04666666666666667
5849,candidate_1,candidate_3,candidate_2,3,0.04666666666666667
5850,candidate_1,candidate_3,candidate_2,3,0.04666666666666667
5851,candidate_1,candidate_3,candidate_2,3,0.04666666666666667
5852,candidate_1,candidate_3,candidate_2,3,0.04666666666666667
5853,candidate_1,candidate_3,candidate_2,3,0.04666666666666667
5854,candidate_1,candidate_3,candidate_2,3,0.04666666666666667
5855,candidate_1,candidate_3,candidate_2,3,0.04666666666666667
5856,candidate_1,candidate_3,candidate_2,3,0.04666666666666667
5857,candidate_1,candidate_3,candidate_2,3,0.04666666666666667
5858,candidate_1,candidate_3,candidate_2,3,0.04666666666666667
5859,candidate_1,candidate_3,candidate_2,3,0.04666666666666667
5860,candidate_1,candidate_3,candidate_2,3,0.04666666666666667
5861,candidate_1,candidate_3,candidate_2,3,0.04666666666666667
5862,candidate_1,candidate_3,0,3,0.04666666666666667
5863,candidate_1,candidate_3,candidate_2,3,0.04666666666666667
5864,candidate_1,candidate_3,candidate_2,3,0.04666666666666667
5865,candidate_1,candidate_3,candidate_2,3,0.04666666666666667
5866,candidate_1,candidate_3,candidate_2,3,0.04666666666666667
5867,candidate_1,candidate_3,0,3,0.04666666666666667
5868,candidate_1,candidate_3,candidate_2,3,0.04666666666666667
5869,candidate_1,candidate_3,candidate_2,3,0.04666666666666667
5870,candidate_1,candidate_3,candidate_2,3,0.04666666666666667
5871,candidate_1,candidate_3,candidate_2,3,0.04666666666666667
5872,candidate_1,candidate_3,candidate_2,3,0.04666666666666667
5873,candidate_1,candidate_3,candidate_2,3,0.04666666666666667
5874,candidate_1,0,candidate_2,3,0.04666666666666667
5875,candidate_1,candidate_3,candidate_2,3,0.04666666666666667
5876,candidate_1,candidate_3,candidate_2,3,0.04666666666666667
5877,candidate_1,candidate_3,candidate_2,3,0.04666666666666667
5878,candidate_1,candidate_3,candidate_2,3,0.04666666666666667
5879,candidate_1,candidate_3,candidate_2,3,0.04666666666666667
5880,candidate_1,candidate_3,candidate_2,3,0.04666666666666667
5881,candidate_1,candidate_3,0,3,0.04666666666666667
5882,candidate_1,candidate_3,candidate_2,3,0.04666666666666667
5883,candidate_1,candidate_3,candidate_2,3,0.04666666666666667
5884,candidate_1,candidate_3,candidate_2,3,0.04666666666666667
5885,candidate_1,candidate_3,candidate_2,3,0.04666666666666667
5886,candidate_1,candidate_3,candidate_2,3,0.04666666666666667
5887,candidate_1,candidate_3,candidate_2,3,0.04666666666666667
5888,candidate_1,candidate_3,candidate_2,3,0.04666666666666667
5889,candidate_1,candidate_3,candidate_2,3,0.04666666666666667
5890,candidate_1,candidate_3,candidate_2,3,0.04666666666666667
5891,candidate_1,candidate_3,candidate_2,3,0.04666666666666667
5892,candidate_1,candidate_3,candidate_2,3,0.04666666666666667
5893,candidate_1,candidate_3,candidate_2,3,0.04666666666666667
5894,candidate_1,candidate_3,candidate_2,3,0.04666666666666667
5895,candidate_1,candidate_3,candidate_2,3,0.04666666666666667
5896,candidate_1,candidate_3,candidate_2,3,0.04666666666666667
5897,candidate_1,candidate_3,candidate_2,3,0.04666666666666667
5898,candidate_1,candidate_3,candidate_2,3,0.04666666666666667
5899,candidate_1,candidate_3,candidate_2,3,0.04666666666666667
5900,candidate_1,candidate_3,candidate_2,3,0.04666666666666667
5901,candidate_1,candidate_3,candidate_2,3,0.04666666666666667
5902,candidate_1,candidate_3,candidate_2,3,0.04666666666666667
5903,candidate_1,candidate_3,candidate_2,3,0.04666666666666667
5904,candidate_1,candidate_3,candidate_2,3,0.04666666666666667
5905,candidate_1,candidate_3,candidate_2,3,0.04666666666666667
5906,candidate_1,candidate_3,candidate_2,3,0.04666666666666667
5907,candidate_1,candidate_3,candidate_2,3,0.04666666666666667
5908,candidate_1,candidate_3,candidate_2,3,0.04666666666666667
5909,candidate_1,candidate_3,0,3,0.04666666666666667
5910,candidate_1,candidate_3,candidate_2,3,0.04666666666666667
5911,candidate_1,candidate_3,candidate_2,3,0.04666666666666667
5912,candidate_1,candidate_3,candidate_2,3,0.04666666666666667
5913,candidate_1,candidate_3,candidate_2,3,0.04666666666666667
5914,candidate_1,candidate_3,candidate_2,3,0.04666666666666667
5915,candidate_1,candidate_3,candidate_2,3,0.04666666666666667
5916,candidate_1,candidate_3,candidate_2,3,0.04666666666666667
5917,candidate_1,candidate_3,candidate_2,3,0.04666666666666667
5918,candidate_1,candidate_3,candidate_2,3,0.04666666666666667
5919,candidate_1,candidate_3,candidate_2,3,0.04666666666666667
5920,candidate_1,candidate_3,candidate_2,3,0.04666666666666667
5921,candidate_1,candidate_3,candidate_2,3,0.04666666666666667
5922,candidate_1,candidate_3,candidate_2,3,0.04666666666666667
5923,candidate_1,candidate_3,candidate_2,3,0.04666666666666667
5924,candidate_1,candidate_3,candidate_2,3,0.04666666666666667
5925,candidate_1,candidate_3,candidate_2,3,0.04666666666666667
5926,candidate_1,candidate_3,candidate_2,3,0.04666666666666667
5927,candidate_1,candidate_3,candidate_2,3,0.04666666666666667
5928,candidate_1,candidate_3,candidate_2,3,0.04666666666666667
5929,0,candidate_3,candidate_2,3,0.04666666666666667
5930,candidate_1,candidate_3,0,3,0.04666666666666667
5931,candidate_1,candidate_3,candidate_2,3,0.04666666666666667
5932,candidate_1,candidate_3,candidate_2,3,0.04666666666666667
5933,candidate_1,candidate_3,candidate_2,3,0.04666666666666667
5934,candidate_1,candidate_3,candidate_2,3,0.04666666666666667
5935,candidate_1,candidate_3,candidate_2,3,0.04666666666666667
5936,candidate_1,candidate_3,candidate_2,3,0.04666666666666667
5937,candidate_1,candidate_3,candidate_2,3,0.04666666666666667
5938,candidate_1,candidate_3,0,3,0.04666666666666667
5939,candidate_1,candidate_3,candidate_2,3,0.04666666666666667
5940,candidate_1,candidate_3,candidate_2,3,0.04666666666666667
5941,candidate_1,candidate_3,candidate_2,3,0.04666666666666667
5942,candidate_1,candidate_3,candidate_2,3,0.04666666666666667
5943,candidate_1,candidate_3,candidate_2,3,0.04666666666666667
5944,candidate_1,candidate_3,candidate_2,3,0.04666666666666667
5945,candidate_1,candidate_3,candidate_2,3,0.04666666666666667
5946,candidate_1,candidate_3,candidate_2,3,0.04666666666666667
5947,candidate_1,candidate_3,candidate_2,3,0.04666666666666667
5948,candidate_1,candidate_3,candidate_2,3,0.04666666666666667
5949,candidate_1,candidate_3,candidate_2,3,0.04666666666666667
5950,candidate_1,candidate_3,candidate_2,3,0.04666666666666667
5951,candidate_1,candidate_3,candidate_2,3,0.04666666666666667
5952,candidate_1,candidate_3,candidate_2,3,0.04666666666666667
5953,candidate_1,candidate_3,candidate_2,3,0.04666666666666667
5954,candidate_1,candidate_3,candidate_2,3,0.04666666666666667
5955,candidate_1,candidate_3,candidate_2,3,0.04666666666666667
5956,candidate_1,candidate_3,candidate_2,3,0.04666666666666667
5957,0,candidate_3,candidate_2,3,0.04666666666666667
5958,candidate_1,candidate_3,candidate_2,3,0.04666666666666667
5959,candidate_1,candidate_3,candidate_2,3,0.04666666666666667
5960,candidate_1,candidate_3,candidate_2,3,0.04666666666666667
5961,candidate_1,candidate_3,candidate_2,3,0.04666666666666667
5962,0,candidate_3,candidate_2,3,0.04666666666666667
5963,candidate_1,candidate_3,candidate_2,3,0.04666666666666667
5964,candidate_1,candidate_3,candidate_2,3,0.04666666666666667
5965,candidate_1,candidate_3,candidate_2,3,0.04666666666666667
5966,candidate_1,candidate_3,candidate_2,3,0.04666666666666667
5967,candidate_1,candidate_3,candidate_2,3,0.04666666666666667
5968,candidate_1,candidate_3,candidate_2,3,0.04666666666666667
5969,candidate_1,candidate_3,candidate_2,3,0.04666666666666667
5970,candidate_1,candidate_3,candidate_2,3,0.04666666666666667
5971,candidate_1,candidate_3,candidate_2,3,0.04666666666666667
5972,candidate_1,candidate_3,candidate_2,3,0.04666666666666667
5973,candidate_1,0,candidate_2,3,0.04666666666666667
5974,candidate_1,candidate_3,candidate_2,3,0.04666666666666667
5975,candidate_1,candidate_3,candidate_2,3,0.04666666666666667
5976,candidate_1,candidate_3,candidate_2,3,0.04666666666666667
5977,0,candidate_3,candidate_2,3,0.04666666666666667
5978,candidate_1,candidate_3,0,3,0.04666666666666667
5979,candidate_1,candidate_3,candidate_2,3,0.04666666666666667
5980,0,candidate_3,candidate_2,3,0.04666666666666667
5981,candidate_1,candidate_3,candidate_2,3,0.04666666666666667
5982,candidate_1,candidate_3,candidate_2,3,0.04666666666666667
5983,candidate_1,candidate_3,candidate_2,3,0.04666666666666667
5984,candidate_1,candidate_3,candidate_2,3,0.04666666666666667
5985,candidate_1,candidate_3,candidate_2,3,0.04666666666666667
5986,candidate_1,candidate_3,candidate_2,3,0.04666666666666667
5987,candidate_1,candidate_3,candidate_2,3,0.04666666666666667
5988,candidate_1,candidate_3,candidate_2,3,0.04666666666666667
5989,candidate_1,candidate_3,candidate_2,3,0.04666666666666667
5990,candidate_1,candidate_3,candidate_2,3,0.04666666666666667
5991,candidate_1,candidate_3,candidate_2,3,0.04666666666666667
5992,candidate_1,candidate_3,candidate_2,3,0.04666666666666667
5993,candidate_1,candidate_3,0,3,0.04666666666666667
5994,candidate_1,candidate_3,candidate_2,3,0.04666666666666667
5995,candidate_1,candidate_3,candidate_2,3,0.04666666666666667
5996,candidate_1,candidate_3,candidate_2,3,0.04666666666666667
5997,candidate_1,candidate_3,candidate_2,3,0.04666666666666667
5998,candidate_1,candidate_3,candidate_2,3,0.04666666666666667
5999,candidate_1,candidate_3,candidate_2,3,0.04666666666666667
6000,candidate_1,candidate_3,candidate_2,3,0.04666666666666667
6001,candidate_1,candidate_3,candidate_2,3,0.04666666666666667
6002,candidate_1,candidate_3,candidate_2,3,0.04666666666666667
6003,candidate_1,0,0,3,0.04666666666666667
6004,candidate_1,candidate_3,candidate_2,3,0.04666666666666667
6005,candidate_1,candidate_3,candidate_2,3,0.04666666666666667
6006,candidate_1,candidate_3,candidate_2,3,0.04666666666666667
6007,candidate_1,candidate_3,candidate_2,3,0.04666666666666667
6008,candidate_1,candidate_3,candidate_2,3,0.04666666666666667
6009,candidate_1,candidate_3,candidate_2,3,0.04666666666666667
6010,candidate_1,candidate_3,candidate_2,3,0.04666666666666667
6011,candidate_1,candidate_3,candidate_2,3,0.04666666666666667
6012,candidate_1,candidate_3,candidate_2,3,0.04666666666666667
6013,candidate_1,candidate_3,candidate_2,3,0.04666666666666667
6014,candidate_1,candidate_3,candidate_2,3,0.04666666666666667
6015,candidate_1,candidate_3,candidate_2,3,0.04666666666666667
6016,candidate_1,candidate_3,candidate_2,3,0.04666666666666667
6017,candidate_1,candidate_3,candidate_2,3,0.04666666666666667
6018,candidate_1,candidate_3,candidate_2,3,0.04666666666666667
6019,candidate_1,candidate_3,candidate_2,3,0.04666666666666667
6020,candidate_1,candidate_3,0,3,0.04666666666666667
6021,candidate_1,candidate_3,candidate_2,3,0.04666666666666667
6022,0,candidate_3,candidate_2,3,0.04666666666666667
6023,candidate_1,candidate_3,candidate_2,3,0.04666666666666667
6024,0,candidate_3,candidate_2,3,0.04666666666666667
6025,candidate_1,candidate_3,candidate_2,3,0.04666666666666667
6026,candidate_1,candidate_3,candidate_2,3,0.04666666666666667
6027,candidate_1,candidate_3,candidate_2,3,0.04666666666666667
6028,candidate_1,candidate_3,candidate_2,3,0.04666666666666667
6029,candidate_1,candidate_3,candidate_2,3,0.04666666666666667
6030,candidate_1,candidate_3,candidate_2,3,0.04666666666666667
6031,candidate_1,candidate_3,candidate_2,3,0.04666666666666667
6032,candidate_1,candidate_3,candidate_2,3,0.04666666666666667
6033,candidate_1,candidate_3,candidate_2,3,0.04666666666666667
6034,candidate_1,candidate_3,candidate_2,3,0.04666666666666667
6035,candidate_1,candidate_3,candidate_2,3,0.04666666666666667
6036,candidate_1,candidate_3,candidate_2,3,0.04666666666666667
6037,candidate_1,0,candidate_2,3,0.04666666666666667
6038,candidate_1,candidate_3,candidate_2,3,0.04666666666666667
6039,candidate_1,candidate_3,candidate_2,3,0.04666666666666667
6040,candidate_1,candidate_3,candidate_2,3,0.04666666666666667
6041,candidate_1,candidate_3,candidate_2,3,0.04666666666666667
6042,candidate_1,candidate_3,0,3,0.04666666666666667
6043,candidate_1,candidate_3,candidate_2,3,0.04666666666666667
6044,candidate_1,candidate_3,candidate_2,3,0.04666666666666667
6045,candidate_1,candidate_3,candidate_2,3,0.04666666666666667
6046,candidate_1,candidate_3,candidate_2,3,0.04666666666666667
6047,candidate_1,candidate_3,candidate_2,3,0.04666666666666667
6048,candidate_1,candidate_3,candidate_2,3,0.04666666666666667
6049,candidate_1,candidate_3,candidate_2,3,0.04666666666666667
6050,candidate_1,candidate_3,candidate_2,3,0.04666666666666667
6051,candidate_1,candidate_3,candidate_2,3,0.04666666666666667
6052,candidate_1,candidate_3,candidate_2,3,0.04666666666666667
6053,candidate_1,candidate_3,candidate_2,3,0.04666666666666667
6054,candidate_1,candidate_3,candidate_2,3,0.04666666666666667
6055,candidate_1,candidate_3,candidate_2,3,0.04666666666666667
6056,candidate_1,candidate_3,candidate_2,3,0.04666666666666667
6057,candidate_1,candidate_3,candidate_2,3,0.04666666666666667
6058,candidate_1,candidate_3,candidate_2,3,0.04666666666666667
6059,candidate_1,candidate_3,candidate_2,3,0.04666666666666667
6060,candidate_1,candidate_3,candidate_2,3,0.04666666666666667
6061,candidate_1,candidate_3,candidate_2,3,0.04666666666666667
6062,candidate_1,candidate_3,candidate_2,3,0.04666666666666667
6063,candidate_1,0,candidate_2,3,0.04666666666666667
6064,candidate_1,candidate_3,candidate_2,3,0.04666666666666667
6065,candidate_1,candidate_3,candidate_2,3,0.04666666666666667
6066,candidate_1,candidate_3,candidate_2,3,0.04666666666666667
6067,candidate_1,candidate_3,candidate_2,3,0.04666666666666667
6068,candidate_1,candidate_3,candidate_2,3,0.04666666666666667
6069,candidate_1,candidate_3,candidate_2,3,0.04666666666666667
6070,candidate_1,candidate_3,candidate_2,3,0.04666666666666667
6071,candidate_1,candidate_3,candidate_2,3,0.04666666666666667
6072,candidate_1,candidate_3,candidate_2,3,0.04666666666666667
6073,candidate_1,candidate_3,candidate_2,3,0.04666666666666667
6074,candidate_1,candidate_3,candidate_2,3,0.04666666666666667
6075,candidate_1,candidate_3,0,3,0.04666666666666667
6076,0,candidate_3,candidate_2,3,0.04666666666666667
6077,candidate_1,candidate_3,candidate_2,3,0.04666666666666667
6078,candidate_1,candidate_3,candidate_2,3,0.04666666666666667
6079,candidate_1,candidate_3,candidate_2,3,0.04666666666666667
6080,candidate_1,candidate_3,candidate_2,3,0.04666666666666667
6081,candidate_1,0,candidate_2,3,0.04666666666666667
6082,candidate_1,candidate_3,candidate_2,3,0.04666666666666667
6083,candidate_1,candidate_3,candidate_2,3,0.04666666666666667
6084,candidate_1,candidate_3,candidate_2,3,0.04666666666666667
6085,candidate_1,candidate_3,candidate_2,3,0.04666666666666667
6086,candidate_1,candidate_3,candidate_2,3,0.04666666666666667
6087,candidate_1,candidate_3,candidate_2,3,0.04666666666666667
6088,candidate_1,0,candidate_2,3,0.04666666666666667
6089,candidate_1,candidate_3,candidate_2,3,0.04666666666666667
6090,candidate_1,candidate_3,candidate_2,3,0.04666666666666667
6091,candidate_1,candidate_3,candidate_2,3,0.04666666666666667
6092,candidate_1,candidate_3,candidate_2,3,0.04666666666666667
6093,candidate_1,candidate_3,0,3,0.04666666666666667
6094,candidate_1,candidate_3,candidate_2,3,0.04666666666666667
6095,candidate_1,0,0,3,0.04666666666666667
6096,candidate_1,candidate_3,candidate_2,3,0.04666666666666667
6097,candidate_1,candidate_3,candidate_2,3,0.04666666666666667
6098,candidate_1,candidate_3,candidate_2,3,0.04666666666666667
6099,candidate_1,candidate_3,candidate_2,3,0.04666666666666667
6100,candidate_1,candidate_3,candidate_2,3,0.04666666666666667
6101,candidate_1,candidate_3,candidate_2,3,0.04666666666666667
6102,candidate_1,candidate_3,candidate_2,3,0.04666666666666667
6103,candidate_1,candidate_3,candidate_2,3,0.04666666666666667
6104,candidate_1,candidate_3,candidate_2,3,0.04666666666666667
6105,candidate_1,candidate_3,candidate_2,3,0.04666666666666667
6106,candidate_1,candidate_3,candidate_2,3,0.04666666666666667
6107,candidate_1,candidate_3,candidate_2,3,0.04666666666666667
6108,candidate_1,candidate_3,candidate_2,3,0.04666666666666667
6109,candidate_1,candidate_3,candidate_2,3,0.04666666666666667
6110,candidate_1,candidate_3,candidate_2,3,0.04666666666666667
6111,candidate_1,candidate_3,candidate_2,3,0.04666666666666667
6112,0,candidate_3,candidate_2,3,0.04666666666666667
6113,candidate_1,candidate_3,candidate_2,3,0.04666666666666667
6114,candidate_1,candidate_3,candidate_2,3,0.04666666666666667
6115,0,candidate_3,candidate_2,3,0.04666666666666667
6116,candidate_1,candidate_3,candidate_2,3,0.04666666666666667
6117,candidate_1,candidate_3,candidate_2,3,0.04666666666666667
6118,candidate_1,candidate_3,candidate_2,3,0.04666666666666667
6119,candidate_1,candidate_3,candidate_2,3,0.04666666666666667
6120,candidate_1,candidate_3,candidate_2,3,0.04666666666666667
6121,candidate_1,candidate_3,candidate_2,3,0.04666666666666667
6122,candidate_1,candidate_3,candidate_2,3,0.04666666666666667
6123,candidate_1,candidate_3,candidate_2,3,0.04666666666666667
6124,candidate_1,candidate_3,candidate_2,3,0.04666666666666667
6125,candidate_1,candidate_3,candidate_2,3,0.04666666666666667
6126,0,candidate_3,candidate_2,3,0.04666666666666667
6127,candidate_1,candidate_3,candidate_2,3,0.04666666666666667
6128,candidate_1,candidate_3,candidate_2,3,0.04666666666666667
6129,candidate_1,candidate_3,candidate_2,3,0.04666666666666667
6130,candidate_1,candidate_3,candidate_2,3,0.04666666666666667
6131,candidate_1,candidate_3,candidate_2,3,0.04666666666666667
6132,candidate_1,candidate_3,candidate_2,3,0.04666666666666667
6133,candidate_1,candidate_3,candidate_2,3,0.04666666666666667
6134,candidate_1,candidate_3,candidate_2,3,0.04666666666666667
6135,candidate_1,candidate_3,candidate_2,3,0.04666666666666667
6136,candidate_1,candidate_3,candidate_2,3,0.04666666666666667
6137,candidate_1,0,candidate_2,3,0.04666666666666667
6138,candidate_1,candidate_3,candidate_2,3,0.04666666666666667
6139,candidate_1,candidate_3,candidate_2,3,0.04666666666666667
6140,candidate_1,candidate_3,candidate_2,3,0.04666666666666667
6141,candidate_1,candidate_3,candidate_2,3,0.04666666666666667
6142,candidate_1,candidate_3,candidate_2,3,0.04666666666666667
6143,candidate_1,candidate_3,candidate_2,3,0.04666666666666667
6144,candidate_1,candidate_3,candidate_2,3,0.04666666666666667
6145,candidate_1,candidate_3,candidate_2,3,0.04666666666666667
6146,candidate_1,candidate_3,candidate_2,3,0.04666666666666667
6147,candidate_1,candidate_3,candidate_2,3,0.04666666666666667
6148,candidate_1,candidate_3,candidate_2,3,0.04666666666666667
6149,candidate_1,candidate_3,candidate_2,3,0.04666666666666667
6150,candidate_1,candidate_3,candidate_2,3,0.04666666666666667
6151,candidate_1,candidate_3,candidate_2,3,0.04666666666666667
6152,candidate_1,candidate_3,candidate_2,3,0.04666666666666667
6153,candidate_1,candidate_3,candidate_2,3,0.04666666666666667
6154,candidate_1,candidate_3,candidate_2,3,0.04666666666666667
6155,candidate_1,0,candidate_2,3,0.04666666666666667
6156,candidate_1,candidate_3,candidate_2,3,0.04666666666666667
6157,candidate_1,candidate_3,candidate_2,3,0.04666666666666667
6158,candidate_1,candidate_3,candidate_2,3,0.04666666666666667
6159,candidate_1,candidate_3,candidate_2,3,0.04666666666666667
6160,candidate_1,candidate_3,candidate_2,3,0.04666666666666667
6161,candidate_1,candidate_3,candidate_2,3,0.04666666666666667
6162,candidate_1,candidate_3,candidate_2,3,0.04666666666666667
6163,candidate_1,candidate_3,candidate_2,3,0.04666666666666667
6164,candidate_1,candidate_3,candidate_2,3,0.04666666666666667
6165,candidate_1,0,0,3,0.04666666666666667
6166,candidate_1,candidate_3,candidate_2,3,0.04666666666666667
6167,candidate_1,candidate_3,candidate_2,3,0.04666666666666667
6168,candidate_1,candidate_3,candidate_2,3,0.04666666666666667
6169,candidate_1,candidate_3,candidate_2,3,0.04666666666666667
6170,candidate_1,candidate_3,candidate_2,3,0.04666666666666667
6171,candidate_1,candidate_3,candidate_2,3,0.04666666666666667
6172,candidate_1,candidate_3,candidate_2,3,0.04666666666666667
6173,candidate_1,candidate_3,candidate_2,3,0.04666666666666667
6174,candidate_1,candidate_3,candidate_2,3,0.04666666666666667
6175,candidate_1,candidate_3,candidate_2,3,0.04666666666666667
6176,candidate_1,candidate_3,candidate_2,3,0.04666666666666667
6177,candidate_1,candidate_3,candidate_2,3,0.04666666666666667
6178,candidate_1,candidate_3,candidate_2,3,0.04666666666666667
6179,candidate_1,candidate_3,candidate_2,3,0.04666666666666667
6180,candidate_1,candidate_3,candidate_2,3,0.04666666666666667
6181,candidate_1,candidate_3,candidate_2,3,0.04666666666666667
6182,candidate_1,candidate_3,candidate_2,3,0.04666666666666667
6183,candidate_1,candidate_3,candidate_2,3,0.04666666666666667
6184,candidate_1,candidate_3,candidate_2,3,0.04666666666666667
6185,candidate_1,candidate_3,candidate_2,3,0.04666666666666667
6186,candidate_1,candidate_3,candidate_2,3,0.04666666666666667
6187,candidate_1,candidate_3,candidate_2,3,0.04666666666666667
6188,candidate_1,candidate_3,candidate_2,3,0.04666666666666667
6189,candidate_1,candidate_3,candidate_2,3,0.04666666666666667
6190,candidate_1,0,candidate_2,3,0.04666666666666667
6191,0,candidate_3,candidate_2,3,0.04666666666666667
6192,candidate_1,candidate_3,candidate_2,3,0.04666666666666667
6193,0,candidate_3,candidate_2,3,0.04666666666666667
6194,candidate_1,candidate_3,candidate_2,3,0.04666666666666667
6195,0,candidate_3,candidate_2,3,0.04666666666666667
6196,0,candidate_3,candidate_2,3,0.04666666666666667
6197,candidate_1,candidate_3,candidate_2,3,0.04666666666666667
6198,candidate_1,candidate_3,candidate_2,3,0.04666666666666667
6199,candidate_1,candidate_3,candidate_2,3,0.04666666666666667
6200,candidate_1,candidate_3,candidate_2,3,0.04666666666666667
6201,candidate_1,candidate_3,candidate_2,3,0.04666666666666667
6202,candidate_1,candidate_3,candidate_2,3,0.04666666666666667
6203,candidate_1,candidate_3,candidate_2,3,0.04666666666666667
6204,candidate_1,candidate_3,candidate_2,3,0.04666666666666667
6205,candidate_1,0,candidate_2,3,0.04666666666666667
6206,candidate_1,candidate_3,candidate_2,3,0.04666666666666667
6207,candidate_1,candidate_3,candidate_2,3,0.04666666666666667
6208,candidate_1,candidate_3,candidate_2,3,0.04666666666666667
6209,candidate_1,candidate_3,candidate_2,3,0.04666666666666667
6210,candidate_1,candidate_3,candidate_2,3,0.04666666666666667
6211,candidate_1,candidate_3,candidate_2,3,0.04666666666666667
6212,candidate_1,candidate_3,candidate_2,3,0.04666666666666667
6213,candidate_1,candidate_3,candidate_2,3,0.04666666666666667
6214,candidate_1,candidate_3,candidate_2,3,0.04666666666666667
6215,candidate_1,candidate_3,candidate_2,3,0.04666666666666667
6216,candidate_1,0,candidate_2,3,0.04666666666666667
6217,candidate_1,candidate_3,0,3,0.04666666666666667
6218,candidate_1,candidate_3,candidate_2,3,0.04666666666666667
6219,candidate_1,candidate_3,candidate_2,3,0.04666666666666667
6220,candidate_1,candidate_3,candidate_2,3,0.04666666666666667
6221,candidate_1,candidate_3,candidate_2,3,0.04666666666666667
6222,candidate_1,candidate_3,candidate_2,3,0.04666666666666667
6223,candidate_1,candidate_3,candidate_2,3,0.04666666666666667
6224,0,candidate_3,candidate_2,3,0.04666666666666667
6225,candidate_1,candidate_3,candidate_2,3,0.04666666666666667
6226,candidate_1,candidate_3,candidate_2,3,0.04666666666666667
6227,candidate_1,0,candidate_2,3,0.04666666666666667
6228,candidate_1,candidate_3,candidate_2,3,0.04666666666666667
6229,candidate_1,candidate_3,candidate_2,3,0.04666666666666667
6230,candidate_1,candidate_3,candidate_2,3,0.04666666666666667
6231,candidate_1,candidate_3,candidate_2,3,0.04666666666666667
6232,candidate_1,candidate_3,candidate_2,3,0.04666666666666667
6233,candidate_1,candidate_3,candidate_2,3,0.04666666666666667
6234,0,candidate_3,candidate_2,3,0.04666666666666667
6235,candidate_1,candidate_3,candidate_2,3,0.04666666666666667
6236,candidate_1,candidate_3,candidate_2,3,0.04666666666666667
6237,candidate_1,candidate_3,candidate_2,3,0.04666666666666667
6238,candidate_1,candidate_3,candidate_2,3,0.04666666666666667
6239,candidate_1,candidate_3,candidate_2,3,0.04666666666666667
6240,candidate_1,candidate_3,candidate_2,3,0.04666666666666667
6241,candidate_1,candidate_3,candidate_2,3,0.04666666666666667
6242,candidate_1,candidate_3,candidate_2,3,0.04666666666666667
6243,candidate_1,candidate_3,candidate_2,3,0.04666666666666667
6244,candidate_1,candidate_3,candidate_2,3,0.04666666666666667
6245,candidate_1,candidate_3,candidate_2,3,0.04666666666666667
6246,candidate_1,candidate_3,candidate_2,3,0.04666666666666667
6247,candidate_1,candidate_3,candidate_2,3,0.04666666666666667
6248,candidate_1,candidate_3,candidate_2,3,0.04666666666666667
6249,candidate_1,candidate_3,candidate_2,3,0.04666666666666667
6250,candidate_1,candidate_3,candidate_2,3,0.04666666666666667
6251,candidate_1,candidate_3,candidate_2,3,0.04666666666666667
6252,candidate_1,candidate_3,candidate_2,3,0.04666666666666667
6253,candidate_1,candidate_3,0,3,0.04666666666666667
6254,candidate_1,candidate_3,candidate_2,3,0.04666666666666667
6255,candidate_1,candidate_3,candidate_2,3,0.04666666666666667
6256,candidate_1,candidate_3,candidate_2,3,0.04666666666666667
6257,candidate_1,candidate_3,candidate_2,3,0.04666666666666667
6258,candidate_1,candidate_3,candidate_2,3,0.04666666666666667
6259,candidate_1,candidate_3,0,3,0.04666666666666667
6260,candidate_1,candidate_3,candidate_2,3,0.04666666666666667
6261,candidate_1,candidate_3,candidate_2,3,0.04666666666666667
6262,candidate_1,candidate_3,candidate_2,3,0.04666666666666667
6263,candidate_1,candidate_3,candidate_2,3,0.04666666666666667
6264,candidate_1,candidate_3,candidate_2,3,0.04666666666666667
6265,candidate_1,candidate_3,candidate_2,3,0.04666666666666667
6266,candidate_1,candidate_3,candidate_2,3,0.04666666666666667
6267,candidate_1,candidate_3,candidate_2,3,0.04666666666666667
6268,candidate_1,candidate_3,candidate_2,3,0.04666666666666667
6269,candidate_1,candidate_3,candidate_2,3,0.04666666666666667
6270,candidate_1,candidate_3,candidate_2,3,0.04666666666666667
6271,candidate_1,candidate_3,candidate_2,3,0.04666666666666667
6272,candidate_1,candidate_3,candidate_2,3,0.04666666666666667
6273,0,candidate_3,candidate_2,3,0.04666666666666667
6274,candidate_1,candidate_3,candidate_2,3,0.04666666666666667
6275,candidate_1,candidate_3,candidate_2,3,0.04666666666666667
6276,candidate_1,candidate_3,candidate_2,3,0.04666666666666667
6277,candidate_1,candidate_3,candidate_2,3,0.04666666666666667
6278,candidate_1,candidate_3,candidate_2,3,0.04666666666666667
6279,candidate_1,0,0,3,0.04666666666666667
6280,candidate_1,candidate_3,candidate_2,3,0.04666666666666667
6281,candidate_1,candidate_3,candidate_2,3,0.04666666666666667
6282,candidate_1,candidate_3,candidate_2,3,0.04666666666666667
6283,candidate_1,candidate_3,candidate_2,3,0.04666666666666667
6284,candidate_1,candidate_3,0,3,0.04666666666666667
6285,candidate_1,candidate_3,candidate_2,3,0.04666666666666667
6286,0,candidate_3,candidate_2,3,0.04666666666666667
6287,candidate_1,candidate_3,candidate_2,3,0.04666666666666667
6288,candidate_1,candidate_3,candidate_2,3,0.04666666666666667
6289,candidate_1,candidate_3,candidate_2,3,0.04666666666666667
6290,candidate_1,candidate_3,candidate_2,3,0.04666666666666667
6291,candidate_1,candidate_3,candidate_2,3,0.04666666666666667
6292,candidate_1,candidate_3,candidate_2,3,0.04666666666666667
6293,candidate_1,candidate_3,candidate_2,3,0.04666666666666667
6294,candidate_1,candidate_3,candidate_2,3,0.04666666666666667
6295,candidate_1,0,candidate_2,3,0.04666666666666667
6296,candidate_1,candidate_3,candidate_2,3,0.04666666666666667
6297,candidate_1,0,candidate_2,3,0.04666666666666667
6298,candidate_1,candidate_3,candidate_2,3,0.04666666666666667
6299,candidate_1,candidate_3,candidate_2,3,0.04666666666666667
6300,candidate_1,candidate_3,candidate_2,3,0.04666666666666667
6301,candidate_1,candidate_3,candidate_2,3,0.04666666666666667
6302,candidate_1,candidate_3,candidate_2,3,0.04666666666666667
6303,candidate_1,candidate_3,candidate_2,3,0.04666666666666667
6304,candidate_1,candidate_3,candidate_2,3,0.04666666666666667
6305,candidate_1,candidate_3,candidate_2,3,0.04666666666666667
6306,candidate_1,candidate_3,candidate_2,3,0.04666666666666667
6307,candidate_1,candidate_3,candidate_2,3,0.04666666666666667
6308,candidate_1,candidate_3,candidate_2,3,0.04666666666666667
6309,candidate_1,candidate_3,0,3,0.04666666666666667
6310,candidate_1,candidate_3,candidate_2,3,0.04666666666666667
6311,candidate_1,candidate_3,candidate_2,3,0.04666666666666667
6312,candidate_1,0,candidate_2,3,0.04666666666666667
6313,candidate_1,candidate_3,candidate_2,3,0.04666666666666667
6314,candidate_1,candidate_3,candidate_2,3,0.04666666666666667
6315,candidate_1,candidate_3,candidate_2,3,0.04666666666666667
6316,candidate_1,candidate_3,candidate_2,3,0.04666666666666667
6317,candidate_1,candidate_3,candidate_2,3,0.04666666666666667
6318,candidate_1,candidate_3,candidate_2,3,0.04666666666666667
6319,candidate_1,candidate_3,candidate_2,3,0.04666666666666667
6320,candidate_1,candidate_3,0,3,0.04666666666666667
6321,candidate_1,candidate_3,candidate_2,3,0.04666666666666667
6322,candidate_1,candidate_3,candidate_2,3,0.04666666666666667
6323,candidate_1,candidate_3,candidate_2,3,0.04666666666666667
6324,candidate_1,candidate_3,candidate_2,3,0.04666666666666667
6325,candidate_1,0,candidate_2,3,0.04666666666666667
6326,candidate_1,candidate_3,candidate_2,3,0.04666666666666667
6327,candidate_1,candidate_3,candidate_2,3,0.04666666666666667
6328,candidate_1,candidate_3,candidate_2,3,0.04666666666666667
6329,candidate_1,candidate_3,candidate_2,3,0.04666666666666667
6330,candidate_1,candidate_3,candidate_2,3,0.04666666666666667
6331,candidate_1,candidate_3,candidate_2,3,0.04666666666666667
6332,candidate_1,candidate_3,candidate_2,3,0.04666666666666667
6333,candidate_1,candidate_3,candidate_2,3,0.04666666666666667
6334,candidate_1,candidate_3,candidate_2,3,0.04666666666666667
6335,candidate_1,candidate_3,candidate_2,3,0.04666666666666667
6336,candidate_1,candidate_3,candidate_2,3,0.04666666666666667
6337,candidate_1,candidate_3,candidate_2,3,0.04666666666666667
6338,candidate_1,candidate_3,candidate_2,3,0.04666666666666667
6339,candidate_1,candidate_3,0,3,0.04666666666666667
6340,candidate_1,candidate_3,candidate_2,3,0.04666666666666667
6341,0,candidate_3,candidate_2,3,0.04666666666666667
6342,candidate_1,candidate_3,candidate_2,3,0.04666666666666667
6343,candidate_1,candidate_3,candidate_2,3,0.04666666666666667
6344,candidate_1,candidate_3,candidate_2,3,0.04666666666666667
6345,candidate_1,candidate_3,candidate_2,3,0.04666666666666667
6346,candidate_1,candidate_3,candidate_2,3,0.04666666666666667
6347,candidate_1,candidate_3,candidate_2,3,0.04666666666666667
6348,candidate_1,candidate_3,candidate_2,3,0.04666666666666667
6349,candidate_1,candidate_3,candidate_2,3,0.04666666666666667
6350,candidate_1,candidate_3,candidate_2,3,0.04666666666666667
6351,candidate_1,candidate_3,candidate_2,3,0.04666666666666667
6352,candidate_1,candidate_3,candidate_2,3,0.04666666666666667
6353,candidate_1,0,candidate_2,3,0.04666666666666667
6354,candidate_1,candidate_3,candidate_2,3,0.04666666666666667
6355,candidate_1,candidate_3,candidate_2,3,0.04666666666666667
6356,candidate_1,candidate_3,candidate_2,3,0.04666666666666667
6357,candidate_1,candidate_3,candidate_2,3,0.04666666666666667
6358,candidate_1,candidate_3,candidate_2,3,0.04666666666666667
6359,candidate_1,candidate_3,candidate_2,3,0.04666666666666667
6360,candidate_1,candidate_3,candidate_2,3,0.04666666666666667
6361,candidate_1,0,candidate_2,3,0.04666666666666667
6362,0,candidate_3,candidate_2,3,0.04666666666666667
6363,candidate_1,candidate_3,candidate_2,3,0.04666666666666667
6364,candidate_1,candidate_3,candidate_2,3,0.04666666666666667
6365,candidate_1,candidate_3,candidate_2,3,0.04666666666666667
6366,candidate_1,candidate_3,candidate_2,3,0.04666666666666667
6367,candidate_1,candidate_3,candidate_2,3,0.04666666666666667
6368,candidate_1,candidate_3,candidate_2,3,0.04666666666666667
6369,candidate_1,candidate_3,candidate_2,3,0.04666666666666667
6370,candidate_1,candidate_3,candidate_2,3,0.04666666666666667
6371,candidate_1,candidate_3,candidate_2,3,0.04666666666666667
6372,candidate_1,candidate_3,candidate_2,3,0.04666666666666667
6373,candidate_1,candidate_3,0,3,0.04666666666666667
6374,candidate_1,candidate_3,candidate_2,3,0.04666666666666667
6375,candidate_1,candidate_3,candidate_2,3,0.04666666666666667
6376,candidate_1,candidate_3,candidate_2,3,0.04666666666666667
6377,candidate_1,candidate_3,candidate_2,3,0.04666666666666667
6378,candidate_1,0,candidate_2,3,0.04666666666666667
6379,candidate_1,0,candidate_2,3,0.04666666666666667
6380,candidate_1,candidate_3,candidate_2,3,0.04666666666666667
6381,0,candidate_3,candidate_2,3,0.04666666666666667
6382,candidate_1,candidate_3,candidate_2,3,0.04666666666666667
6383,candidate_1,candidate_3,candidate_2,3,0.04666666666666667
6384,candidate_1,0,candidate_2,3,0.04666666666666667
6385,candidate_1,candidate_3,candidate_2,3,0.04666666666666667
6386,candidate_1,candidate_3,candidate_2,3,0.04666666666666667
6387,candidate_1,candidate_3,candidate_2,3,0.04666666666666667
6388,candidate_1,candidate_3,candidate_2,3,0.04666666666666667
6389,candidate_1,candidate_3,candidate_2,3,0.04666666666666667
6390,candidate_1,candidate_3,candidate_2,3,0.04666666666666667
6391,candidate_1,candidate_3,candidate_2,3,0.04666666666666667
6392,candidate_1,candidate_3,candidate_2,3,0.04666666666666667
6393,candidate_1,0,candidate_2,3,0.04666666666666667
6394,candidate_1,candidate_3,candidate_2,3,0.04666666666666667
6395,candidate_1,candidate_3,candidate_2,3,0.04666666666666667
6396,candidate_1,candidate_3,candidate_2,3,0.04666666666666667
6397,candidate_1,candidate_3,candidate_2,3,0.04666666666666667
6398,candidate_1,candidate_3,candidate_2,3,0.04666666666666667
6399,candidate_1,0,candidate_2,3,0.04666666666666667
6400,candidate_1,candidate_3,0,3,0.04666666666666667
6401,candidate_1,candidate_3,candidate_2,3,0.04666666666666667
6402,candidate_1,candidate_3,candidate_2,3,0.04666666666666667
6403,candidate_1,0,candidate_2,3,0.04666666666666667
6404,candidate_1,candidate_3,candidate_2,3,0.04666666666666667
6405,candidate_1,candidate_3,candidate_2,3,0.04666666666666667
6406,candidate_1,candidate_3,candidate_2,3,0.04666666666666667
6407,candidate_1,candidate_3,candidate_2,3,0.04666666666666667
6408,candidate_1,candidate_3,candidate_2,3,0.04666666666666667
6409,candidate_1,candidate_3,candidate_2,3,0.04666666666666667
6410,candidate_1,candidate_3,candidate_2,3,0.04666666666666667
6411,0,candidate_3,candidate_2,3,0.04666666666666667
6412,candidate_1,candidate_3,candidate_2,3,0.04666666666666667
6413,candidate_1,candidate_3,candidate_2,3,0.04666666666666667
6414,candidate_1,candidate_3,candidate_2,3,0.04666666666666667
6415,candidate_1,candidate_3,candidate_2,3,0.04666666666666667
6416,candidate_1,candidate_3,candidate_2,3,0.04666666666666667
6417,candidate_1,candidate_3,candidate_2,3,0.04666666666666667
6418,candidate_1,candidate_3,candidate_2,3,0.04666666666666667
6419,candidate_1,candidate_3,candidate_2,3,0.04666666666666667
6420,candidate_1,candidate_3,candidate_2,3,0.04666666666666667
6421,candidate_1,candidate_3,candidate_2,3,0.04666666666666667
6422,candidate_1,candidate_3,candidate_2,3,0.04666666666666667
6423,candidate_1,candidate_3,candidate_2,3,0.04666666666666667
6424,candidate_1,candidate_3,candidate_2,3,0.04666666666666667
6425,candidate_1,candidate_3,candidate_2,3,0.04666666666666667
6426,candidate_1,candidate_3,candidate_2,3,0.04666666666666667
6427,candidate_1,candidate_3,candidate_2,3,0.04666666666666667
6428,candidate_1,candidate_3,candidate_2,3,0.04666666666666667
6429,candidate_1,candidate_3,candidate_2,3,0.04666666666666667
6430,candidate_1,0,candidate_2,3,0.04666666666666667
6431,candidate_1,0,candidate_2,3,0.04666666666666667
6432,candidate_1,candidate_3,candidate_2,3,0.04666666666666667
6433,0,candidate_3,candidate_2,3,0.04666666666666667
6434,candidate_1,candidate_3,candidate_2,3,0.04666666666666667
6435,candidate_1,candidate_3,candidate_2,3,0.04666666666666667
6436,candidate_1,candidate_3,candidate_2,3,0.04666666666666667
6437,candidate_1,candidate_3,candidate_2,3,0.04666666666666667
6438,candidate_1,candidate_3,candidate_2,3,0.04666666666666667
6439,candidate_1,candidate_3,candidate_2,3,0.04666666666666667
6440,candidate_1,candidate_3,candidate_2,3,0.04666666666666667
6441,candidate_1,candidate_3,0,3,0.04666666666666667
6442,candidate_1,candidate_3,candidate_2,3,0.04666666666666667
6443,candidate_1,candidate_3,candidate_2,3,0.04666666666666667
6444,candidate_1,candidate_3,candidate_2,3,0.04666666666666667
6445,candidate_1,candidate_3,candidate_2,3,0.04666666666666667
6446,candidate_1,candidate_3,candidate_2,3,0.04666666666666667
6447,candidate_1,candidate_3,candidate_2,3,0.04666666666666667
6448,candidate_1,candidate_3,candidate_2,3,0.04666666666666667
6449,candidate_1,candidate_3,candidate_2,3,0.04666666666666667
6450,candidate_1,candidate_3,candidate_2,3,0.04666666666666667
6451,candidate_1,candidate_3,candidate_2,3,0.04666666666666667
6452,candidate_1,candidate_3,candidate_2,3,0.04666666666666667
6453,candidate_1,candidate_3,candidate_2,3,0.04666666666666667
6454,candidate_1,candidate_3,candidate_2,3,0.04666666666666667
6455,candidate_1,candidate_3,candidate_2,3,0.04666666666666667
6456,candidate_1,candidate_3,candidate_2,3,0.04666666666666667
6457,candidate_1,0,candidate_2,3,0.04666666666666667
6458,candidate_1,candidate_3,candidate_2,3,0.04666666666666667
6459,0,candidate_3,candidate_2,3,0.04666666666666667
6460,candidate_1,candidate_3,candidate_2,3,0.04666666666666667
6461,candidate_1,candidate_3,candidate_2,3,0.04666666666666667
6462,candidate_1,0,candidate_2,3,0.04666666666666667
6463,candidate_1,candidate_3,candidate_2,3,0.04666666666666667
6464,candidate_1,candidate_3,candidate_2,3,0.04666666666666667
6465,candidate_1,candidate_3,candidate_2,3,0.04666666666666667
6466,candidate_1,candidate_3,candidate_2,3,0.04666666666666667
6467,candidate_1,candidate_3,candidate_2,3,0.04666666666666667
6468,candidate_1,candidate_3,candidate_2,3,0.04666666666666667
6469,candidate_1,candidate_3,candidate_2,3,0.04666666666666667
6470,candidate_1,candidate_3,candidate_2,3,0.04666666666666667
6471,candidate_1,candidate_3,candidate_2,3,0.04666666666666667
6472,candidate_1,candidate_3,candidate_2,3,0.04666666666666667
6473,candidate_1,candidate_3,candidate_2,3,0.04666666666666667
6474,candidate_1,candidate_3,candidate_2,3,0.04666666666666667
6475,candidate_1,candidate_3,candidate_2,3,0.04666666666666667
6476,candidate_1,candidate_3,candidate_2,3,0.04666666666666667
6477,candidate_1,candidate_3,candidate_2,3,0.04666666666666667
6478,candidate_1,candidate_3,candidate_2,3,0.04666666666666667
6479,candidate_1,candidate_3,candidate_2,3,0.04666666666666667
6480,candidate_1,candidate_3,candidate_2,3,0.04666666666666667
6481,candidate_1,candidate_3,candidate_2,3,0.04666666666666667
6482,candidate_1,candidate_3,candidate_2,3,0.04666666666666667
6483,candidate_1,candidate_3,candidate_2,3,0.04666666666666667
6484,candidate_1,candidate_3,candidate_2,3,0.04666666666666667
6485,candidate_1,candidate_3,candidate_2,3,0.04666666666666667
6486,candidate_1,candidate_3,candidate_2,3,0.04666666666666667
6487,candidate_1,candidate_3,candidate_2,3,0.04666666666666667
6488,candidate_1,candidate_3,candidate_2,3,0.04666666666666667
6489,candidate_1,candidate_3,candidate_2,3,0.04666666666666667
6490,0,0,candidate_2,3,0.04666666666666667
6491,candidate_1,candidate_3,candidate_2,3,0.04666666666666667
6492,candidate_1,candidate_3,candidate_2,3,0.04666666666666667
6493,candidate_1,candidate_3,candidate_2,3,0.04666666666666667
6494,candidate_1,candidate_3,candidate_2,3,0.04666666666666667
6495,candidate_1,candidate_3,candidate_2,3,0.04666666666666667
6496,candidate_1,candidate_3,candidate_2,3,0.04666666666666667
6497,candidate_1,candidate_3,candidate_2,3,0.04666666666666667
6498,candidate_1,candidate_3,candidate_2,3,0.04666666666666667
6499,candidate_1,candidate_3,candidate_2,3,0.04666666666666667
6500,candidate_1,candidate_3,candidate_2,3,0.04666666666666667
6501,candidate_1,candidate_3,0,3,0.04666666666666667
6502,candidate_1,candidate_3,candidate_2,3,0.04666666666666667
6503,candidate_1,candidate_3,candidate_2,3,0.04666666666666667
6504,candidate_1,candidate_3,candidate_2,3,0.04666666666666667
6505,candidate_1,candidate_3,candidate_2,3,0.04666666666666667
6506,candidate_1,candidate_3,candidate_2,3,0.04666666666666667
6507,candidate_1,candidate_3,candidate_2,3,0.04666666666666667
6508,candidate_1,candidate_3,candidate_2,3,0.04666666666666667
6509,candidate_1,candidate_3,0,3,0.04666666666666667
6510,candidate_1,candidate_3,0,3,0.04666666666666667
6511,candidate_1,candidate_3,candidate_2,3,0.04666666666666667
6512,candidate_1,candidate_3,candidate_2,3,0.04666666666666667
6513,candidate_1,candidate_3,0,3,0.04666666666666667
6514,candidate_1,candidate_3,candidate_2,3,0.04666666666666667
6515,candidate_1,candidate_3,candidate_2,3,0.04666666666666667
6516,candidate_1,candidate_3,candidate_2,3,0.04666666666666667
6517,candidate_1,candidate_3,candidate_2,3,0.04666666666666667
6518,candidate_1,candidate_3,candidate_2,3,0.04666666666666667
6519,candidate_1,candidate_3,candidate_2,3,0.04666666666666667
6520,candidate_1,candidate_3,candidate_2,3,0.04666666666666667
6521,candidate_1,candidate_3,candidate_2,3,0.04666666666666667
6522,candidate_1,candidate_3,candidate_2,3,0.04666666666666667
6523,candidate_1,candidate_3,candidate_2,3,0.04666666666666667
6524,candidate_1,candidate_3,candidate_2,3,0.04666666666666667
6525,candidate_1,candidate_3,candidate_2,3,0.04666666666666667
6526,candidate_1,candidate_3,candidate_2,3,0.04666666666666667
6527,candidate_1,candidate_3,candidate_2,3,0.04666666666666667
6528,candidate_1,candidate_3,candidate_2,3,0.04666666666666667
6529,candidate_1,candidate_3,candidate_2,3,0.04666666666666667
6530,candidate_1,0,candidate_2,3,0.04666666666666667
6531,candidate_1,candidate_3,candidate_2,3,0.04666666666666667
6532,0,candidate_3,candidate_2,3,0.04666666666666667
6533,candidate_1,candidate_3,candidate_2,3,0.04666666666666667
6534,candidate_1,candidate_3,candidate_2,3,0.04666666666666667
6535,candidate_1,candidate_3,candidate_2,3,0.04666666666666667
6536,candidate_1,candidate_3,candidate_2,3,0.04666666666666667
6537,candidate_1,candidate_3,candidate_2,3,0.04666666666666667
6538,candidate_1,candidate_3,candidate_2,3,0.04666666666666667
6539,0,candidate_3,candidate_2,3,0.04666666666666667
6540,candidate_1,candidate_3,candidate_2,3,0.04666666666666667
6541,candidate_1,candidate_3,candidate_2,3,0.04666666666666667
6542,candidate_1,candidate_3,candidate_2,3,0.04666666666666667
6543,candidate_1,0,candidate_2,3,0.04666666666666667
6544,candidate_1,candidate_3,candidate_2,3,0.04666666666666667
6545,candidate_1,candidate_3,candidate_2,3,0.04666666666666667
6546,candidate_1,candidate_3,candidate_2,3,0.04666666666666667
6547,candidate_1,candidate_3,candidate_2,3,0.04666666666666667
6548,candidate_1,candidate_3,candidate_2,3,0.04666666666666667
6549,candidate_1,candidate_3,candidate_2,3,0.04666666666666667
6550,candidate_1,candidate_3,candidate_2,3,0.04666666666666667
6551,candidate_1,candidate_3,candidate_2,3,0.04666666666666667
6552,candidate_1,candidate_3,candidate_2,3,0.04666666666666667
6553,candidate_1,candidate_3,candidate_2,3,0.04666666666666667
6554,candidate_1,candidate_3,candidate_2,3,0.04666666666666667
6555,candidate_1,candidate_3,candidate_2,3,0.04666666666666667
6556,candidate_1,candidate_3,candidate_2,3,0.04666666666666667
6557,candidate_1,candidate_3,candidate_2,3,0.04666666666666667
6558,candidate_1,candidate_3,0,3,0.04666666666666667
6559,candidate_1,candidate_3,candidate_2,3,0.04666666666666667
6560,0,candidate_3,candidate_2,3,0.04666666666666667
6561,candidate_1,candidate_3,candidate_2,3,0.04666666666666667
6562,candidate_1,candidate_3,candidate_2,3,0.04666666666666667
6563,0,candidate_3,candidate_2,3,0.04666666666666667
6564,candidate_1,candidate_3,candidate_2,3,0.04666666666666667
6565,candidate_1,candidate_3,0,3,0.04666666666666667
6566,candidate_1,candidate_3,candidate_2,3,0.04666666666666667
6567,candidate_1,candidate_3,candidate_2,3,0.04666666666666667
6568,candidate_1,candidate_3,candidate_2,3,0.04666666666666667
6569,candidate_1,candidate_3,candidate_2,3,0.04666666666666667
6570,candidate_1,candidate_3,candidate_2,3,0.04666666666666667
6571,candidate_1,candidate_3,candidate_2,3,0.04666666666666667
6572,candidate_1,candidate_3,candidate_2,3,0.04666666666666667
6573,candidate_1,candidate_3,candidate_2,3,0.04666666666666667
6574,candidate_1,0,candidate_2,3,0.04666666666666667
6575,candidate_1,candidate_3,candidate_2,3,0.04666666666666667
6576,candidate_1,candidate_3,candidate_2,3,0.04666666666666667
6577,candidate_1,candidate_3,candidate_2,3,0.04666666666666667
6578,candidate_1,candidate_3,candidate_2,3,0.04666666666666667
6579,candidate_1,candidate_3,candidate_2,3,0.04666666666666667
6580,candidate_1,candidate_3,candidate_2,3,0.04666666666666667
6581,candidate_1,candidate_3,candidate_2,3,0.04666666666666667
6582,candidate_1,candidate_3,candidate_2,3,0.04666666666666667
6583,candidate_1,candidate_3,candidate_2,3,0.04666666666666667
6584,candidate_1,candidate_3,candidate_2,3,0.04666666666666667
6585,candidate_1,candidate_3,candidate_2,3,0.04666666666666667
6586,candidate_1,candidate_3,candidate_2,3,0.04666666666666667
6587,candidate_1,candidate_3,candidate_2,3,0.04666666666666667
6588,candidate_1,candidate_3,candidate_2,3,0.04666666666666667
6589,candidate_1,candidate_3,candidate_2,3,0.04666666666666667
6590,candidate_1,candidate_3,candidate_2,3,0.04666666666666667
6591,candidate_1,candidate_3,candidate_2,3,0.04666666666666667
6592,candidate_1,candidate_3,candidate_2,3,0.04666666666666667
6593,candidate_1,0,candidate_2,3,0.04666666666666667
6594,candidate_1,candidate_3,candidate_2,3,0.04666666666666667
6595,candidate_1,candidate_3,candidate_2,3,0.04666666666666667
6596,candidate_1,candidate_3,candidate_2,3,0.04666666666666667
6597,candidate_1,0,candidate_2,3,0.04666666666666667
6598,candidate_1,candidate_3,candidate_2,3,0.04666666666666667
6599,candidate_1,candidate_3,candidate_2,3,0.04666666666666667
6600,candidate_1,candidate_3,candidate_2,3,0.04666666666666667
6601,candidate_1,candidate_3,candidate_2,3,0.04666666666666667
6602,candidate_1,candidate_3,candidate_2,3,0.04666666666666667
6603,candidate_1,candidate_3,candidate_2,3,0.04666666666666667
6604,candidate_1,candidate_3,candidate_2,3,0.04666666666666667
6605,candidate_1,candidate_3,candidate_2,3,0.04666666666666667
6606,candidate_1,candidate_3,candidate_2,3,0.04666666666666667
6607,candidate_1,candidate_3,candidate_2,3,0.04666666666666667
6608,candidate_1,candidate_3,candidate_2,3,0.04666666666666667
6609,candidate_1,candidate_3,candidate_2,3,0.04666666666666667
6610,candidate_1,candidate_3,candidate_2,3,0.04666666666666667
6611,candidate_1,candidate_3,candidate_2,3,0.04666666666666667
6612,candidate_1,candidate_3,candidate_2,3,0.04666666666666667
6613,candidate_1,candidate_3,candidate_2,3,0.04666666666666667
6614,candidate_1,candidate_3,candidate_2,3,0.04666666666666667
6615,candidate_1,candidate_3,candidate_2,3,0.04666666666666667
6616,candidate_1,candidate_3,candidate_2,3,0.04666666666666667
6617,candidate_1,candidate_3,candidate_2,3,0.04666666666666667
6618,candidate_1,candidate_3,candidate_2,3,0.04666666666666667
6619,candidate_1,candidate_3,candidate_2,3,0.04666666666666667
6620,candidate_1,candidate_3,candidate_2,3,0.04666666666666667
6621,candidate_1,candidate_3,candidate_2,3,0.04666666666666667
6622,candidate_1,candidate_3,candidate_2,3,0.04666666666666667
6623,candidate_1,candidate_3,candidate_2,3,0.04666666666666667
6624,candidate_1,candidate_3,candidate_2,3,0.04666666666666667
6625,candidate_1,candidate_3,candidate_2,3,0.04666666666666667
6626,candidate_1,candidate_3,candidate_2,3,0.04666666666666667
6627,candidate_1,candidate_3,candidate_2,3,0.04666666666666667
6628,candidate_1,candidate_3,candidate_2,3,0.04666666666666667
6629,candidate_1,candidate_3,candidate_2,3,0.04666666666666667
6630,candidate_1,candidate_3,candidate_2,3,0.04666666666666667
6631,candidate_1,0,candidate_2,3,0.04666666666666667
6632,candidate_1,candidate_3,candidate_2,3,0.04666666666666667
6633,candidate_1,candidate_3,candidate_2,3,0.04666666666666667
6634,candidate_1,candidate_3,candidate_2,3,0.04666666666666667
6635,candidate_1,candidate_3,candidate_2,3,0.04666666666666667
6636,candidate_1,candidate_3,candidate_2,3,0.04666666666666667
6637,candidate_1,candidate_3,candidate_2,3,0.04666666666666667
6638,candidate_1,candidate_3,candidate_2,3,0.04666666666666667
6639,candidate_1,candidate_3,candidate_2,3,0.04666666666666667
6640,candidate_1,0,candidate_2,3,0.04666666666666667
6641,candidate_1,candidate_3,candidate_2,3,0.04666666666666667
6642,candidate_1,candidate_3,candidate_2,3,0.04666666666666667
6643,candidate_1,candidate_3,candidate_2,3,0.04666666666666667
6644,candidate_1,candidate_3,candidate_2,3,0.04666666666666667
6645,candidate_1,candidate_3,candidate_2,3,0.04666666666666667
6646,candidate_1,candidate_3,candidate_2,3,0.04666666666666667
6647,candidate_1,candidate_3,candidate_2,3,0.04666666666666667
6648,candidate_1,candidate_3,candidate_2,3,0.04666666666666667
6649,candidate_1,candidate_3,candidate_2,3,0.04666666666666667
6650,candidate_1,candidate_3,0,3,0.04666666666666667
6651,candidate_1,candidate_3,candidate_2,3,0.04666666666666667
6652,candidate_1,candidate_3,candidate_2,3,0.04666666666666667
6653,candidate_1,candidate_3,candidate_2,3,0.04666666666666667
6654,candidate_1,candidate_3,0,3,0.04666666666666667
6655,candidate_1,candidate_3,candidate_2,3,0.04666666666666667
6656,candidate_1,candidate_3,candidate_2,3,0.04666666666666667
6657,candidate_1,candidate_3,candidate_2,3,0.04666666666666667
6658,candidate_1,candidate_3,0,3,0.04666666666666667
6659,candidate_1,candidate_3,0,3,0.04666666666666667
6660,candidate_1,candidate_3,candidate_2,3,0.04666666666666667
6661,candidate_1,candidate_3,candidate_2,3,0.04666666666666667
6662,candidate_1,candidate_3,candidate_2,3,0.04666666666666667
6663,candidate_1,candidate_3,candidate_2,3,0.04666666666666667
6664,candidate_1,candidate_3,candidate_2,3,0.04666666666666667
6665,candidate_1,candidate_3,candidate_2,3,0.04666666666666667
6666,candidate_1,candidate_3,candidate_2,3,0.04666666666666667
6667,candidate_1,candidate_3,candidate_2,3,0.04666666666666667
6668,candidate_1,candidate_3,candidate_2,3,0.04666666666666667
6669,candidate_1,candidate_3,candidate_2,3,0.04666666666666667
6670,candidate_1,candidate_3,candidate_2,3,0.04666666666666667
6671,candidate_1,candidate_3,candidate_2,3,0.04666666666666667
6672,candidate_1,candidate_3,candidate_2,3,0.04666666666666667
6673,candidate_1,candidate_3,candidate_2,3,0.04666666666666667
6674,candidate_1,candidate_3,candidate_2,3,0.04666666666666667
6675,candidate_1,candidate_3,candidate_2,3,0.04666666666666667
6676,candidate_1,candidate_3,candidate_2,3,0.04666666666666667
6677,candidate_1,0,candidate_2,3,0.04666666666666667
6678,candidate_1,candidate_3,candidate_2,3,0.04666666666666667
6679,candidate_1,candidate_3,candidate_2,3,0.04666666666666667
6680,candidate_1,candidate_3,candidate_2,3,0.04666666666666667
6681,candidate_1,candidate_3,candidate_2,3,0.04666666666666667
6682,0,0,0,3,0.04666666666666667
6683,candidate_1,candidate_3,candidate_2,3,0.04666666666666667
6684,candidate_1,candidate_3,candidate_2,3,0.04666666666666667
6685,0,candidate_3,candidate_2,3,0.04666666666666667
6686,candidate_1,candidate_3,candidate_2,3,0.04666666666666667
6687,candidate_1,candidate_3,candidate_2,3,0.04666666666666667
6688,candidate_1,candidate_3,candidate_2,3,0.04666666666666667
6689,candidate_1,candidate_3,candidate_2,3,0.04666666666666667
6690,0,candidate_3,candidate_2,3,0.04666666666666667
6691,candidate_1,candidate_3,candidate_2,3,0.04666666666666667
6692,candidate_1,candidate_3,candidate_2,3,0.04666666666666667
6693,candidate_1,candidate_3,candidate_2,3,0.04666666666666667
6694,candidate_1,candidate_3,candidate_2,3,0.04666666666666667
6695,candidate_1,candidate_3,candidate_2,3,0.04666666666666667
6696,candidate_1,candidate_3,candidate_2,3,0.04666666666666667
6697,candidate_1,candidate_3,candidate_2,3,0.04666666666666667
6698,candidate_1,candidate_3,candidate_2,3,0.04666666666666667
6699,candidate_1,candidate_3,candidate_2,3,0.04666666666666667
6700,candidate_1,candidate_3,candidate_2,3,0.04666666666666667
6701,candidate_1,candidate_3,candidate_2,3,0.04666666666666667
6702,candidate_1,candidate_3,candidate_2,3,0.04666666666666667
6703,candidate_1,candidate_3,candidate_2,3,0.04666666666666667
6704,candidate_1,candidate_3,candidate_2,3,0.04666666666666667
6705,candidate_1,candidate_3,candidate_2,3,0.04666666666666667
6706,0,candidate_3,candidate_2,3,0.04666666666666667
6707,candidate_1,candidate_3,candidate_2,3,0.04666666666666667
6708,candidate_1,0,candidate_2,3,0.04666666666666667
6709,candidate_1,candidate_3,candidate_2,3,0.04666666666666667
6710,candidate_1,candidate_3,candidate_2,3,0.04666666666666667
6711,candidate_1,candidate_3,candidate_2,3,0.04666666666666667
6712,candidate_1,candidate_3,candidate_2,3,0.04666666666666667
6713,candidate_1,candidate_3,candidate_2,3,0.04666666666666667
6714,candidate_1,candidate_3,candidate_2,3,0.04666666666666667
6715,candidate_1,candidate_3,candidate_2,3,0.04666666666666667
6716,candidate_1,candidate_3,candidate_2,3,0.04666666666666667
6717,candidate_1,candidate_3,candidate_2,3,0.04666666666666667
6718,candidate_1,candidate_3,candidate_2,3,0.04666666666666667
6719,candidate_1,candidate_3,candidate_2,3,0.04666666666666667
6720,candidate_1,candidate_3,candidate_2,3,0.04666666666666667
6721,candidate_1,candidate_3,candidate_2,3,0.04666666666666667
6722,candidate_1,candidate_3,candidate_2,3,0.04666666666666667
6723,candidate_1,candidate_3,candidate_2,3,0.04666666666666667
6724,candidate_1,candidate_3,candidate_2,3,0.04666666666666667
6725,candidate_1,candidate_3,candidate_2,3,0.04666666666666667
6726,candidate_1,0,candidate_2,3,0.04666666666666667
6727,candidate_1,candidate_3,candidate_2,3,0.04666666666666667
6728,candidate_1,candidate_3,candidate_2,3,0.04666666666666667
6729,0,candidate_3,candidate_2,3,0.04666666666666667
6730,0,candidate_3,0,3,0.04666666666666667
6731,candidate_1,candidate_3,candidate_2,3,0.04666666666666667
6732,candidate_1,candidate_3,0,3,0.04666666666666667
6733,candidate_1,candidate_3,candidate_2,3,0.04666666666666667
6734,candidate_1,candidate_3,candidate_2,3,0.04666666666666667
6735,candidate_1,candidate_3,candidate_2,3,0.04666666666666667
6736,candidate_1,candidate_3,candidate_2,3,0.04666666666666667
6737,candidate_1,candidate_3,candidate_2,3,0.04666666666666667
6738,candidate_1,candidate_3,candidate_2,3,0.04666666666666667
6739,candidate_1,candidate_3,candidate_2,3,0.04666666666666667
6740,candidate_1,candidate_3,candidate_2,3,0.04666666666666667
6741,candidate_1,0,candidate_2,3,0.04666666666666667
6742,candidate_1,candidate_3,candidate_2,3,0.04666666666666667
6743,candidate_1,0,candidate_2,3,0.04666666666666667
6744,candidate_1,candidate_3,candidate_2,3,0.04666666666666667
6745,candidate_1,candidate_3,candidate_2,3,0.04666666666666667
6746,candidate_1,candidate_3,candidate_2,3,0.04666666666666667
6747,candidate_1,candidate_3,candidate_2,3,0.04666666666666667
6748,candidate_1,candidate_3,candidate_2,3,0.04666666666666667
6749,candidate_1,candidate_3,candidate_2,3,0.04666666666666667
6750,candidate_1,candidate_3,candidate_2,3,0.04666666666666667
6751,candidate_1,candidate_3,candidate_2,3,0.04666666666666667
6752,candidate_1,candidate_3,candidate_2,3,0.04666666666666667
6753,candidate_1,candidate_3,candidate_2,3,0.04666666666666667
6754,candidate_1,candidate_3,candidate_2,3,0.04666666666666667
6755,candidate_1,candidate_3,candidate_2,3,0.04666666666666667
6756,candidate_1,candidate_3,candidate_2,3,0.04666666666666667
6757,candidate_1,candidate_3,candidate_2,3,0.04666666666666667
6758,candidate_1,candidate_3,candidate_2,3,0.04666666666666667
6759,candidate_1,candidate_3,candidate_2,3,0.04666666666666667
6760,0,candidate_3,candidate_2,3,0.04666666666666667
6761,candidate_1,candidate_3,candidate_2,3,0.04666666666666667
6762,candidate_1,0,candidate_2,3,0.04666666666666667
6763,candidate_1,candidate_3,candidate_2,3,0.04666666666666667
6764,candidate_1,candidate_3,candidate_2,3,0.04666666666666667
6765,candidate_1,candidate_3,candidate_2,3,0.04666666666666667
6766,candidate_1,candidate_3,candidate_2,3,0.04666666666666667
6767,candidate_1,candidate_3,candidate_2,3,0.04666666666666667
6768,candidate_1,candidate_3,candidate_2,3,0.04666666666666667
6769,candidate_1,candidate_3,candidate_2,3,0.04666666666666667
6770,candidate_1,candidate_3,candidate_2,3,0.04666666666666667
6771,candidate_1,candidate_3,candidate_2,3,0.04666666666666667
6772,candidate_1,candidate_3,candidate_2,3,0.04666666666666667
6773,candidate_1,candidate_3,candidate_2,3,0.04666666666666667
6774,candidate_1,candidate_3,candidate_2,3,0.04666666666666667
6775,candidate_1,candidate_3,candidate_2,3,0.04666666666666667
6776,candidate_1,candidate_3,candidate_2,3,0.04666666666666667
6777,candidate_1,candidate_3,candidate_2,3,0.04666666666666667
6778,candidate_1,candidate_3,0,3,0.04666666666666667
6779,candidate_1,candidate_3,candidate_2,3,0.04666666666666667
6780,candidate_1,candidate_3,candidate_2,3,0.04666666666666667
6781,candidate_1,candidate_3,candidate_2,3,0.04666666666666667
6782,candidate_1,candidate_3,candidate_2,3,0.04666666666666667
6783,candidate_1,candidate_3,candidate_2,3,0.04666666666666667
6784,candidate_1,candidate_3,candidate_2,3,0.04666666666666667
6785,candidate_1,candidate_3,candidate_2,3,0.04666666666666667
6786,candidate_1,candidate_3,candidate_2,3,0.04666666666666667
6787,candidate_1,candidate_3,candidate_2,3,0.04666666666666667
6788,candidate_1,candidate_3,candidate_2,3,0.04666666666666667
6789,candidate_1,candidate_3,candidate_2,3,0.04666666666666667
6790,candidate_1,0,candidate_2,3,0.04666666666666667
6791,candidate_1,candidate_3,candidate_2,3,0.04666666666666667
6792,candidate_1,candidate_3,candidate_2,3,0.04666666666666667
6793,candidate_1,candidate_3,candidate_2,3,0.04666666666666667
6794,candidate_1,candidate_3,candidate_2,3,0.04666666666666667
6795,candidate_1,candidate_3,candidate_2,3,0.04666666666666667
6796,candidate_1,candidate_3,candidate_2,3,0.04666666666666667
6797,candidate_1,candidate_3,candidate_2,3,0.04666666666666667
6798,candidate_1,candidate_3,candidate_2,3,0.04666666666666667
6799,candidate_1,candidate_3,candidate_2,3,0.04666666666666667
6800,candidate_1,candidate_3,candidate_2,3,0.04666666666666667
6801,candidate_1,candidate_3,candidate_2,3,0.04666666666666667
6802,candidate_1,0,candidate_2,3,0.04666666666666667
6803,candidate_1,candidate_3,candidate_2,3,0.04666666666666667
6804,candidate_1,candidate_3,candidate_2,3,0.04666666666666667
6805,candidate_1,candidate_3,candidate_2,3,0.04666666666666667
6806,candidate_1,candidate_3,candidate_2,3,0.04666666666666667
6807,candidate_1,candidate_3,candidate_2,3,0.04666666666666667
6808,candidate_1,candidate_3,candidate_2,3,0.04666666666666667
6809,candidate_1,candidate_3,candidate_2,3,0.04666666666666667
6810,candidate_1,candidate_3,candidate_2,3,0.04666666666666667
6811,candidate_1,candidate_3,candidate_2,3,0.04666666666666667
6812,candidate_1,candidate_3,candidate_2,3,0.04666666666666667
6813,candidate_1,candidate_3,candidate_2,3,0.04666666666666667
6814,candidate_1,candidate_3,0,3,0.04666666666666667
6815,candidate_1,candidate_3,candidate_2,3,0.04666666666666667
6816,candidate_1,candidate_3,candidate_2,3,0.04666666666666667
6817,candidate_1,0,candidate_2,3,0.04666666666666667
6818,0,candidate_3,candidate_2,3,0.04666666666666667
6819,candidate_1,candidate_3,candidate_2,3,0.04666666666666667
6820,candidate_1,candidate_3,candidate_2,3,0.04666666666666667
6821,candidate_1,candidate_3,candidate_2,3,0.04666666666666667
6822,candidate_1,candidate_3,candidate_2,3,0.04666666666666667
6823,candidate_1,candidate_3,candidate_2,3,0.04666666666666667
6824,candidate_1,candidate_3,candidate_2,3,0.04666666666666667
6825,candidate_1,candidate_3,candidate_2,3,0.04666666666666667
6826,candidate_1,candidate_3,candidate_2,3,0.04666666666666667
6827,candidate_1,candidate_3,candidate_2,3,0.04666666666666667
6828,candidate_1,candidate_3,0,3,0.04666666666666667
6829,candidate_1,candidate_3,candidate_2,3,0.04666666666666667
6830,candidate_1,candidate_3,candidate_2,3,0.04666666666666667
6831,candidate_1,candidate_3,candidate_2,3,0.04666666666666667
6832,candidate_1,candidate_3,candidate_2,3,0.04666666666666667
6833,candidate_1,candidate_3,candidate_2,3,0.04666666666666667
6834,candidate_1,candidate_3,candidate_2,3,0.04666666666666667
6835,candidate_1,candidate_3,0,3,0.04666666666666667
6836,candidate_1,candidate_3,candidate_2,3,0.04666666666666667
6837,candidate_1,candidate_3,candidate_2,3,0.04666666666666667
6838,candidate_1,candidate_3,candidate_2,3,0.04666666666666667
6839,candidate_1,candidate_3,candidate_2,3,0.04666666666666667
6840,candidate_1,candidate_3,candidate_2,3,0.04666666666666667
6841,candidate_1,candidate_3,candidate_2,3,0.04666666666666667
6842,candidate_1,candidate_3,candidate_2,3,0.04666666666666667
6843,candidate_1,candidate_3,candidate_2,3,0.04666666666666667
6844,candidate_1,candidate_3,candidate_2,3,0.04666666666666667
6845,candidate_1,candidate_3,candidate_2,3,0.04666666666666667
6846,candidate_1,candidate_3,candidate_2,3,0.04666666666666667
6847,candidate_1,candidate_3,0,3,0.04666666666666667
6848,candidate_1,candidate_3,candidate_2,3,0.04666666666666667
6849,candidate_1,candidate_3,candidate_2,3,0.04666666666666667
6850,candidate_1,candidate_3,candidate_2,3,0.04666666666666667
6851,candidate_1,candidate_3,candidate_2,3,0.04666666666666667
6852,candidate_1,candidate_3,candidate_2,3,0.04666666666666667
6853,candidate_1,candidate_3,candidate_2,3,0.04666666666666667
6854,candidate_1,candidate_3,candidate_2,3,0.04666666666666667
6855,candidate_1,candidate_3,candidate_2,3,0.04666666666666667
6856,candidate_1,candidate_3,candidate_2,3,0.04666666666666667
6857,candidate_1,candidate_3,candidate_2,3,0.04666666666666667
6858,candidate_1,candidate_3,candidate_2,3,0.04666666666666667
6859,candidate_1,candidate_3,candidate_2,3,0.04666666666666667
6860,candidate_1,candidate_3,candidate_2,3,0.04666666666666667
6861,candidate_1,candidate_3,candidate_2,3,0.04666666666666667
6862,candidate_1,candidate_3,candidate_2,3,0.04666666666666667
6863,candidate_1,candidate_3,candidate_2,3,0.04666666666666667
6864,candidate_1,candidate_3,candidate_2,3,0.04666666666666667
6865,candidate_1,candidate_3,candidate_2,3,0.04666666666666667
6866,candidate_1,candidate_3,candidate_2,3,0.04666666666666667
6867,candidate_1,candidate_3,candidate_2,3,0.04666666666666667
6868,candidate_1,candidate_3,candidate_2,3,0.04666666666666667
6869,0,candidate_3,candidate_2,3,0.04666666666666667
6870,candidate_1,candidate_3,candidate_2,3,0.04666666666666667
6871,candidate_1,candidate_3,candidate_2,3,0.04666666666666667
6872,candidate_1,candidate_3,candidate_2,3,0.04666666666666667
6873,candidate_1,candidate_3,candidate_2,3,0.04666666666666667
6874,candidate_1,candidate_3,candidate_2,3,0.04666666666666667
6875,candidate_1,candidate_3,candidate_2,3,0.04666666666666667
6876,candidate_1,candidate_3,candidate_2,3,0.04666666666666667
6877,candidate_1,candidate_3,candidate_2,3,0.04666666666666667
6878,candidate_1,candidate_3,candidate_2,3,0.04666666666666667
6879,candidate_1,candidate_3,candidate_2,3,0.04666666666666667
6880,candidate_1,candidate_3,candidate_2,3,0.04666666666666667
6881,candidate_1,candidate_3,candidate_2,3,0.04666666666666667
6882,candidate_1,candidate_3,candidate_2,3,0.04666666666666667
6883,candidate_1,candidate_3,candidate_2,3,0.04666666666666667
6884,candidate_1,candidate_3,candidate_2,3,0.04666666666666667
6885,candidate_1,candidate_3,candidate_2,3,0.04666666666666667
6886,candidate_1,candidate_3,candidate_2,3,0.04666666666666667
6887,candidate_1,candidate_3,candidate_2,3,0.04666666666666667
6888,candidate_1,candidate_3,candidate_2,3,0.04666666666666667
6889,candidate_1,candidate_3,candidate_2,3,0.04666666666666667
6890,candidate_1,candidate_3,candidate_2,3,0.04666666666666667
6891,candidate_1,candidate_3,candidate_2,3,0.04666666666666667
6892,candidate_1,candidate_3,candidate_2,3,0.04666666666666667
6893,candidate_1,candidate_3,candidate_2,3,0.04666666666666667
6894,candidate_1,candidate_3,candidate_2,3,0.04666666666666667
6895,candidate_1,candidate_3,candidate_2,3,0.04666666666666667
6896,candidate_1,candidate_3,candidate_2,3,0.04666666666666667
6897,candidate_1,candidate_3,candidate_2,3,0.04666666666666667
6898,candidate_1,candidate_3,candidate_2,3,0.04666666666666667
6899,candidate_1,candidate_3,candidate_2,3,0.04666666666666667
6900,candidate_1,candidate_3,candidate_2,3,0.04666666666666667
6901,candidate_1,candidate_3,candidate_2,3,0.04666666666666667
6902,candidate_1,candidate_3,candidate_2,3,0.04666666666666667
6903,candidate_1,candidate_3,candidate_2,3,0.04666666666666667
6904,candidate_1,candidate_3,0,3,0.04666666666666667
6905,candidate_1,candidate_3,candidate_2,3,0.04666666666666667
6906,candidate_1,candidate_3,candidate_2,3,0.04666666666666667
6907,candidate_1,candidate_3,candidate_2,3,0.04666666666666667
6908,candidate_1,0,candidate_2,3,0.04666666666666667
6909,candidate_1,candidate_3,candidate_2,3,0.04666666666666667
6910,candidate_1,candidate_3,candidate_2,3,0.04666666666666667
6911,candidate_1,candidate_3,candidate_2,3,0.04666666666666667
6912,candidate_1,candidate_3,candidate_2,3,0.04666666666666667
6913,candidate_1,candidate_3,candidate_2,3,0.04666666666666667
6914,candidate_1,candidate_3,candidate_2,3,0.04666666666666667
6915,candidate_1,candidate_3,candidate_2,3,0.04666666666666667
6916,candidate_1,0,candidate_2,3,0.04666666666666667
6917,candidate_1,0,candidate_2,3,0.04666666666666667
6918,candidate_1,candidate_3,candidate_2,3,0.04666666666666667
6919,candidate_1,candidate_3,candidate_2,3,0.04666666666666667
6920,candidate_1,candidate_3,candidate_2,3,0.04666666666666667
6921,candidate_1,candidate_3,candidate_2,3,0.04666666666666667
6922,candidate_1,candidate_3,candidate_2,3,0.04666666666666667
6923,candidate_1,candidate_3,candidate_2,3,0.04666666666666667
6924,candidate_1,candidate_3,candidate_2,3,0.04666666666666667
6925,candidate_1,candidate_3,candidate_2,3,0.04666666666666667
6926,candidate_1,candidate_3,candidate_2,3,0.04666666666666667
6927,candidate_1,0,candidate_2,3,0.04666666666666667
6928,candidate_1,candidate_3,candidate_2,3,0.04666666666666667
6929,candidate_1,candidate_3,candidate_2,3,0.04666666666666667
6930,candidate_1,candidate_3,candidate_2,3,0.04666666666666667
6931,candidate_1,candidate_3,candidate_2,3,0.04666666666666667
6932,candidate_1,candidate_3,candidate_2,3,0.04666666666666667
6933,0,candidate_3,candidate_2,3,0.04666666666666667
6934,candidate_1,candidate_3,candidate_2,3,0.04666666666666667
6935,candidate_1,candidate_3,candidate_2,3,0.04666666666666667
6936,candidate_1,candidate_3,candidate_2,3,0.04666666666666667
6937,0,candidate_3,candidate_2,3,0.04666666666666667
6938,candidate_1,candidate_3,0,3,0.04666666666666667
6939,candidate_1,candidate_3,candidate_2,3,0.04666666666666667
6940,candidate_1,candidate_3,candidate_2,3,0.04666666666666667
6941,candidate_1,candidate_3,candidate_2,3,0.04666666666666667
6942,candidate_1,candidate_3,candidate_2,3,0.04666666666666667
6943,candidate_1,candidate_3,candidate_2,3,0.04666666666666667
6944,candidate_1,candidate_3,candidate_2,3,0.04666666666666667
6945,candidate_1,candidate_3,candidate_2,3,0.04666666666666667
6946,candidate_1,candidate_3,candidate_2,3,0.04666666666666667
6947,candidate_1,candidate_3,candidate_2,3,0.04666666666666667
6948,candidate_1,candidate_3,candidate_2,3,0.04666666666666667
6949,candidate_1,candidate_3,candidate_2,3,0.04666666666666667
6950,candidate_1,candidate_3,candidate_2,3,0.04666666666666667
6951,candidate_1,candidate_3,candidate_2,3,0.04666666666666667
6952,candidate_1,candidate_3,candidate_2,3,0.04666666666666667
6953,candidate_1,candidate_3,candidate_2,3,0.04666666666666667
6954,0,candidate_3,candidate_2,3,0.04666666666666667
6955,candidate_1,candidate_3,candidate_2,3,0.04666666666666667
6956,candidate_1,candidate_3,candidate_2,3,0.04666666666666667
6957,candidate_1,candidate_3,candidate_2,3,0.04666666666666667
6958,0,candidate_3,candidate_2,3,0.04666666666666667
6959,candidate_1,candidate_3,candidate_2,3,0.04666666666666667
6960,candidate_1,candidate_3,candidate_2,3,0.04666666666666667
6961,candidate_1,candidate_3,candidate_2,3,0.04666666666666667
6962,candidate_1,candidate_3,candidate_2,3,0.04666666666666667
6963,candidate_1,candidate_3,candidate_2,3,0.04666666666666667
6964,candidate_1,candidate_3,candidate_2,3,0.04666666666666667
6965,candidate_1,candidate_3,candidate_2,3,0.04666666666666667
6966,candidate_1,candidate_3,candidate_2,3,0.04666666666666667
6967,candidate_1,candidate_3,candidate_2,3,0.04666666666666667
6968,candidate_1,candidate_3,candidate_2,3,0.04666666666666667
6969,candidate_1,candidate_3,candidate_2,3,0.04666666666666667
6970,candidate_1,candidate_3,candidate_2,3,0.04666666666666667
6971,candidate_1,candidate_3,candidate_2,3,0.04666666666666667
6972,candidate_1,candidate_3,candidate_2,3,0.04666666666666667
6973,candidate_1,candidate_3,candidate_2,3,0.04666666666666667
6974,candidate_1,candidate_3,candidate_2,3,0.04666666666666667
6975,candidate_1,candidate_3,candidate_2,3,0.04666666666666667
6976,candidate_1,candidate_3,candidate_2,3,0.04666666666666667
6977,candidate_1,candidate_3,0,3,0.04666666666666667
6978,candidate_1,candidate_3,candidate_2,3,0.04666666666666667
6979,candidate_1,candidate_3,candidate_2,3,0.04666666666666667
6980,candidate_1,candidate_3,candidate_2,3,0.04666666666666667
6981,0,0,candidate_2,3,0.04666666666666667
6982,candidate_1,candidate_3,candidate_2,3,0.04666666666666667
6983,candidate_1,candidate_3,candidate_2,3,0.04666666666666667
6984,candidate_1,candidate_3,candidate_2,3,0.04666666666666667
6985,candidate_1,candidate_3,candidate_2,3,0.04666666666666667
6986,candidate_1,candidate_3,candidate_2,3,0.04666666666666667
6987,candidate_1,candidate_3,candidate_2,3,0.04666666666666667
6988,candidate_1,candidate_3,candidate_2,3,0.04666666666666667
6989,candidate_1,candidate_3,candidate_2,3,0.04666666666666667
6990,candidate_1,candidate_3,candidate_2,3,0.04666666666666667
6991,candidate_1,candidate_3,candidate_2,3,0.04666666666666667
6992,candidate_1,0,candidate_2,3,0.04666666666666667
6993,candidate_1,candidate_3,candidate_2,3,0.04666666666666667
6994,candidate_1,candidate_3,candidate_2,3,0.04666666666666667
6995,candidate_1,candidate_3,candidate_2,3,0.04666666666666667
6996,candidate_1,candidate_3,candidate_2,3,0.04666666666666667
6997,candidate_1,candidate_3,candidate_2,3,0.04666666666666667
6998,candidate_1,candidate_3,candidate_2,3,0.04666666666666667
6999,candidate_1,candidate_3,candidate_2,3,0.04666666666666667
7000,candidate_1,0,candidate_2,3,0.04666666666666667
7001,candidate_1,candidate_3,candidate_2,3,0.04666666666666667
7002,candidate_1,candidate_3,candidate_2,3,0.04666666666666667
7003,candidate_1,candidate_3,candidate_2,3,0.04666666666666667
7004,candidate_1,candidate_3,candidate_2,3,0.04666666666666667
7005,candidate_1,candidate_3,candidate_2,3,0.04666666666666667
7006,candidate_1,candidate_3,candidate_2,3,0.04666666666666667
7007,candidate_1,candidate_3,candidate_2,3,0.04666666666666667
7008,candidate_1,candidate_3,candidate_2,3,0.04666666666666667
7009,candidate_1,candidate_3,candidate_2,3,0.04666666666666667
7010,candidate_1,candidate_3,candidate_2,3,0.04666666666666667
7011,candidate_1,candidate_3,candidate_2,3,0.04666666666666667
7012,candidate_1,candidate_3,candidate_2,3,0.04666666666666667
7013,candidate_1,candidate_3,candidate_2,3,0.04666666666666667
7014,candidate_1,candidate_3,candidate_2,3,0.04666666666666667
7015,candidate_1,candidate_3,candidate_2,3,0.04666666666666667
7016,candidate_1,candidate_3,candidate_2,3,0.04666666666666667
7017,candidate_1,candidate_3,candidate_2,3,0.04666666666666667
7018,candidate_1,candidate_3,candidate_2,3,0.04666666666666667
7019,candidate_1,candidate_3,candidate_2,3,0.04666666666666667
7020,candidate_1,candidate_3,candidate_2,3,0.04666666666666667
7021,candidate_1,candidate_3,0,3,0.04666666666666667
7022,candidate_1,candidate_3,candidate_2,3,0.04666666666666667
7023,candidate_1,candidate_3,candidate_2,3,0.04666666666666667
7024,0,candidate_3,candidate_2,3,0.04666666666666667
7025,0,candidate_3,candidate_2,3,0.04666666666666667
7026,candidate_1,candidate_3,candidate_2,3,0.04666666666666667
7027,candidate_1,0,candidate_2,3,0.04666666666666667
7028,candidate_1,candidate_3,candidate_2,3,0.04666666666666667
7029,candidate_1,candidate_3,candidate_2,3,0.04666666666666667
7030,candidate_1,candidate_3,candidate_2,3,0.04666666666666667
7031,candidate_1,candidate_3,candidate_2,3,0.04666666666666667
7032,candidate_1,candidate_3,candidate_2,3,0.04666666666666667
7033,candidate_1,candidate_3,candidate_2,3,0.04666666666666667
7034,candidate_1,candidate_3,candidate_2,3,0.04666666666666667
7035,candidate_1,candidate_3,candidate_2,3,0.04666666666666667
7036,candidate_1,candidate_3,candidate_2,3,0.04666666666666667
7037,candidate_1,candidate_3,candidate_2,3,0.04666666666666667
7038,0,candidate_3,candidate_2,3,0.04666666666666667
7039,candidate_1,candidate_3,candidate_2,3,0.04666666666666667
7040,candidate_1,candidate_3,candidate_2,3,0.04666666666666667
7041,candidate_1,candidate_3,candidate_2,3,0.04666666666666667
7042,candidate_1,candidate_3,candidate_2,3,0.04666666666666667
7043,candidate_1,candidate_3,0,3,0.04666666666666667
7044,candidate_1,candidate_3,candidate_2,3,0.04666666666666667
7045,candidate_1,candidate_3,0,3,0.04666666666666667
7046,candidate_1,candidate_3,candidate_2,3,0.04666666666666667
7047,candidate_1,candidate_3,0,3,0.04666666666666667
7048,candidate_1,candidate_3,candidate_2,3,0.04666666666666667
7049,0,candidate_3,candidate_2,3,0.04666666666666667
7050,candidate_1,0,candidate_2,3,0.04666666666666667
7051,candidate_1,candidate_3,candidate_2,3,0.04666666666666667
7052,candidate_1,candidate_3,candidate_2,3,0.04666666666666667
7053,candidate_1,candidate_3,candidate_2,3,0.04666666666666667
7054,candidate_1,candidate_3,0,3,0.04666666666666667
7055,candidate_1,candidate_3,candidate_2,3,0.04666666666666667
7056,candidate_1,candidate_3,candidate_2,3,0.04666666666666667
7057,candidate_1,candidate_3,candidate_2,3,0.04666666666666667
7058,candidate_1,candidate_3,candidate_2,3,0.04666666666666667
7059,0,candidate_3,candidate_2,3,0.04666666666666667
7060,candidate_1,candidate_3,candidate_2,3,0.04666666666666667
7061,candidate_1,candidate_3,candidate_2,3,0.04666666666666667
7062,candidate_1,candidate_3,candidate_2,3,0.04666666666666667
7063,candidate_1,candidate_3,candidate_2,3,0.04666666666666667
7064,candidate_1,candidate_3,candidate_2,3,0.04666666666666667
7065,candidate_1,candidate_3,0,3,0.04666666666666667
7066,candidate_1,candidate_3,candidate_2,3,0.04666666666666667
7067,candidate_1,candidate_3,candidate_2,3,0.04666666666666667
7068,candidate_1,0,candidate_2,3,0.04666666666666667
7069,candidate_1,candidate_3,candidate_2,3,0.04666666666666667
7070,candidate_1,candidate_3,candidate_2,3,0.04666666666666667
7071,candidate_1,candidate_3,candidate_2,3,0.04666666666666667
7072,candidate_1,candidate_3,candidate_2,3,0.04666666666666667
7073,0,candidate_3,candidate_2,3,0.04666666666666667
7074,candidate_1,candidate_3,candidate_2,3,0.04666666666666667
7075,candidate_1,candidate_3,candidate_2,3,0.04666666666666667
7076,candidate_1,candidate_3,candidate_2,3,0.04666666666666667
7077,0,candidate_3,candidate_2,3,0.04666666666666667
7078,candidate_1,candidate_3,0,3,0.04666666666666667
7079,candidate_1,candidate_3,candidate_2,3,0.04666666666666667
7080,candidate_1,candidate_3,candidate_2,3,0.04666666666666667
7081,candidate_1,candidate_3,candidate_2,3,0.04666666666666667
7082,candidate_1,candidate_3,candidate_2,3,0.04666666666666667
7083,candidate_1,candidate_3,candidate_2,3,0.04666666666666667
7084,candidate_1,candidate_3,candidate_2,3,0.04666666666666667
7085,candidate_1,candidate_3,candidate_2,3,0.04666666666666667
7086,candidate_1,candidate_3,candidate_2,3,0.04666666666666667
7087,candidate_1,candidate_3,candidate_2,3,0.04666666666666667
7088,candidate_1,candidate_3,candidate_2,3,0.04666666666666667
7089,candidate_1,candidate_3,candidate_2,3,0.04666666666666667
7090,candidate_1,candidate_3,candidate_2,3,0.04666666666666667
7091,candidate_1,0,candidate_2,3,0.04666666666666667
7092,candidate_1,candidate_3,candidate_2,3,0.04666666666666667
7093,0,candidate_3,candidate_2,3,0.04666666666666667
7094,candidate_1,candidate_3,candidate_2,3,0.04666666666666667
7095,candidate_1,candidate_3,candidate_2,3,0.04666666666666667
7096,candidate_1,candidate_3,candidate_2,3,0.04666666666666667
7097,candidate_1,candidate_3,candidate_2,3,0.04666666666666667
7098,candidate_1,candidate_3,candidate_2,3,0.04666666666666667
7099,candidate_1,candidate_3,candidate_2,3,0.04666666666666667
7100,candidate_1,0,candidate_2,3,0.04666666666666667
7101,candidate_1,candidate_3,candidate_2,3,0.04666666666666667
7102,candidate_1,candidate_3,candidate_2,3,0.04666666666666667
7103,candidate_1,candidate_3,candidate_2,3,0.04666666666666667
7104,candidate_1,candidate_3,candidate_2,3,0.04666666666666667
7105,candidate_1,candidate_3,candidate_2,3,0.04666666666666667
7106,candidate_1,candidate_3,candidate_2,3,0.04666666666666667
7107,candidate_1,candidate_3,candidate_2,3,0.04666666666666667
7108,0,candidate_3,candidate_2,3,0.04666666666666667
7109,candidate_1,candidate_3,candidate_2,3,0.04666666666666667
7110,candidate_1,candidate_3,candidate_2,3,0.04666666666666667
7111,candidate_1,candidate_3,candidate_2,3,0.04666666666666667
7112,candidate_1,candidate_3,candidate_2,3,0.04666666666666667
7113,candidate_1,candidate_3,candidate_2,3,0.04666666666666667
7114,candidate_1,candidate_3,candidate_2,3,0.04666666666666667
7115,0,candidate_3,candidate_2,3,0.04666666666666667
7116,candidate_1,candidate_3,candidate_2,3,0.04666666666666667
7117,candidate_1,candidate_3,candidate_2,3,0.04666666666666667
7118,candidate_1,candidate_3,0,3,0.04666666666666667
7119,candidate_1,candidate_3,candidate_2,3,0.04666666666666667
7120,candidate_1,candidate_3,candidate_2,3,0.04666666666666667
7121,candidate_1,candidate_3,candidate_2,3,0.04666666666666667
7122,candidate_1,candidate_3,candidate_2,3,0.04666666666666667
7123,candidate_1,candidate_3,candidate_2,3,0.04666666666666667
7124,candidate_1,candidate_3,candidate_2,3,0.04666666666666667
7125,candidate_1,candidate_3,candidate_2,3,0.04666666666666667
7126,candidate_1,candidate_3,candidate_2,3,0.04666666666666667
7127,candidate_1,candidate_3,candidate_2,3,0.04666666666666667
7128,candidate_1,candidate_3,candidate_2,3,0.04666666666666667
7129,candidate_1,candidate_3,candidate_2,3,0.04666666666666667
7130,candidate_1,0,candidate_2,3,0.04666666666666667
7131,candidate_1,candidate_3,candidate_2,3,0.04666666666666667
7132,candidate_1,candidate_3,candidate_2,3,0.04666666666666667
7133,candidate_1,candidate_3,candidate_2,3,0.04666666666666667
7134,candidate_1,candidate_3,candidate_2,3,0.04666666666666667
7135,candidate_1,0,candidate_2,3,0.04666666666666667
7136,candidate_1,candidate_3,candidate_2,3,0.04666666666666667
7137,candidate_1,candidate_3,candidate_2,3,0.04666666666666667
7138,candidate_1,candidate_3,0,3,0.04666666666666667
7139,candidate_1,0,candidate_2,3,0.04666666666666667
7140,candidate_1,candidate_3,candidate_2,3,0.04666666666666667
7141,candidate_1,candidate_3,candidate_2,3,0.04666666666666667
7142,candidate_1,candidate_3,candidate_2,3,0.04666666666666667
7143,candidate_1,candidate_3,candidate_2,3,0.04666666666666667
7144,candidate_1,candidate_3,0,3,0.04666666666666667
7145,candidate_1,candidate_3,candidate_2,3,0.04666666666666667
7146,candidate_1,candidate_3,candidate_2,3,0.04666666666666667
7147,candidate_1,candidate_3,candidate_2,3,0.04666666666666667
7148,candidate_1,candidate_3,candidate_2,3,0.04666666666666667
7149,0,candidate_3,candidate_2,3,0.04666666666666667
7150,candidate_1,candidate_3,candidate_2,3,0.04666666666666667
7151,candidate_1,candidate_3,candidate_2,3,0.04666666666666667
7152,candidate_1,candidate_3,candidate_2,3,0.04666666666666667
7153,candidate_1,0,candidate_2,3,0.04666666666666667
7154,candidate_1,candidate_3,candidate_2,3,0.04666666666666667
7155,candidate_1,candidate_3,candidate_2,3,0.04666666666666667
7156,candidate_1,candidate_3,candidate_2,3,0.04666666666666667
7157,candidate_1,candidate_3,candidate_2,3,0.04666666666666667
7158,candidate_1,candidate_3,candidate_2,3,0.04666666666666667
7159,candidate_1,candidate_3,candidate_2,3,0.04666666666666667
7160,candidate_1,candidate_3,0,3,0.04666666666666667
7161,candidate_1,candidate_3,candidate_2,3,0.04666666666666667
7162,candidate_1,candidate_3,candidate_2,3,0.04666666666666667
7163,candidate_1,candidate_3,candidate_2,3,0.04666666666666667
7164,candidate_1,candidate_3,candidate_2,3,0.04666666666666667
7165,candidate_1,candidate_3,candidate_2,3,0.04666666666666667
7166,candidate_1,candidate_3,candidate_2,3,0.04666666666666667
7167,candidate_1,candidate_3,candidate_2,3,0.04666666666666667
7168,candidate_1,candidate_3,candidate_2,3,0.04666666666666667
7169,candidate_1,candidate_3,candidate_2,3,0.04666666666666667
7170,candidate_1,candidate_3,candidate_2,3,0.04666666666666667
7171,candidate_1,candidate_3,candidate_2,3,0.04666666666666667
7172,candidate_1,candidate_3,candidate_2,3,0.04666666666666667
7173,candidate_1,candidate_3,candidate_2,3,0.04666666666666667
7174,candidate_1,candidate_3,candidate_2,3,0.04666666666666667
7175,candidate_1,candidate_3,candidate_2,3,0.04666666666666667
7176,candidate_1,candidate_3,candidate_2,3,0.04666666666666667
7177,candidate_1,candidate_3,candidate_2,3,0.04666666666666667
7178,candidate_1,candidate_3,candidate_2,3,0.04666666666666667
7179,candidate_1,candidate_3,candidate_2,3,0.04666666666666667
7180,candidate_1,candidate_3,candidate_2,3,0.04666666666666667
7181,candidate_1,candidate_3,candidate_2,3,0.04666666666666667
7182,0,candidate_3,candidate_2,3,0.04666666666666667
7183,candidate_1,candidate_3,candidate_2,3,0.04666666666666667
7184,candidate_1,candidate_3,candidate_2,3,0.04666666666666667
7185,candidate_1,candidate_3,candidate_2,3,0.04666666666666667
7186,candidate_1,candidate_3,candidate_2,3,0.04666666666666667
7187,candidate_1,candidate_3,candidate_2,3,0.04666666666666667
7188,candidate_1,candidate_3,0,3,0.04666666666666667
7189,candidate_1,candidate_3,candidate_2,3,0.04666666666666667
7190,candidate_1,candidate_3,candidate_2,3,0.04666666666666667
7191,candidate_1,candidate_3,0,3,0.04666666666666667
7192,candidate_1,candidate_3,candidate_2,3,0.04666666666666667
7193,candidate_1,candidate_3,candidate_2,3,0.04666666666666667
7194,candidate_1,candidate_3,candidate_2,3,0.04666666666666667
7195,candidate_1,candidate_3,candidate_2,3,0.04666666666666667
7196,candidate_1,candidate_3,candidate_2,3,0.04666666666666667
7197,candidate_1,candidate_3,candidate_2,3,0.04666666666666667
7198,candidate_1,candidate_3,candidate_2,3,0.04666666666666667
7199,candidate_1,candidate_3,candidate_2,3,0.04666666666666667
7200,candidate_1,candidate_3,candidate_2,3,0.04666666666666667
7201,candidate_1,candidate_3,candidate_2,3,0.04666666666666667
7202,candidate_1,candidate_3,candidate_2,3,0.04666666666666667
7203,candidate_1,candidate_3,candidate_2,3,0.04666666666666667
7204,candidate_1,candidate_3,candidate_2,3,0.04666666666666667
7205,candidate_1,candidate_3,candidate_2,3,0.04666666666666667
7206,candidate_1,candidate_3,candidate_2,3,0.04666666666666667
7207,candidate_1,candidate_3,candidate_2,3,0.04666666666666667
7208,candidate_1,candidate_3,candidate_2,3,0.04666666666666667
7209,candidate_1,candidate_3,candidate_2,3,0.04666666666666667
7210,candidate_1,candidate_3,candidate_2,3,0.04666666666666667
7211,candidate_1,candidate_3,candidate_2,3,0.04666666666666667
7212,candidate_1,candidate_3,candidate_2,3,0.04666666666666667
7213,candidate_1,candidate_3,candidate_2,3,0.04666666666666667
7214,candidate_1,candidate_3,candidate_2,3,0.04666666666666667
7215,candidate_1,candidate_3,0,3,0.04666666666666667
7216,candidate_1,candidate_3,candidate_2,3,0.04666666666666667
7217,candidate_1,0,candidate_2,3,0.04666666666666667
7218,candidate_1,candidate_3,candidate_2,3,0.04666666666666667
7219,candidate_1,candidate_3,candidate_2,3,0.04666666666666667
7220,candidate_1,candidate_3,candidate_2,3,0.04666666666666667
7221,candidate_1,candidate_3,candidate_2,3,0.04666666666666667
7222,candidate_1,candidate_3,candidate_2,3,0.04666666666666667
7223,candidate_1,candidate_3,0,3,0.04666666666666667
7224,candidate_1,candidate_3,candidate_2,3,0.04666666666666667
7225,candidate_1,candidate_3,candidate_2,3,0.04666666666666667
7226,candidate_1,candidate_3,candidate_2,3,0.04666666666666667
7227,candidate_1,candidate_3,candidate_2,3,0.04666666666666667
7228,candidate_1,candidate_3,candidate_2,3,0.04666666666666667
7229,candidate_1,candidate_3,candidate_2,3,0.04666666666666667
7230,candidate_1,candidate_3,candidate_2,3,0.04666666666666667
7231,candidate_1,candidate_3,candidate_2,3,0.04666666666666667
7232,candidate_1,0,candidate_2,3,0.04666666666666667
7233,candidate_1,candidate_3,candidate_2,3,0.04666666666666667
7234,candidate_1,candidate_3,candidate_2,3,0.04666666666666667
7235,candidate_1,candidate_3,candidate_2,3,0.04666666666666667
7236,candidate_1,candidate_3,candidate_2,3,0.04666666666666667
7237,candidate_1,candidate_3,candidate_2,3,0.04666666666666667
7238,candidate_1,0,candidate_2,3,0.04666666666666667
7239,candidate_1,candidate_3,candidate_2,3,0.04666666666666667
7240,candidate_1,candidate_3,candidate_2,3,0.04666666666666667
7241,candidate_1,0,candidate_2,3,0.04666666666666667
7242,candidate_1,candidate_3,candidate_2,3,0.04666666666666667
7243,candidate_1,candidate_3,candidate_2,3,0.04666666666666667
7244,candidate_1,candidate_3,candidate_2,3,0.04666666666666667
7245,candidate_1,candidate_3,candidate_2,3,0.04666666666666667
7246,candidate_1,candidate_3,candidate_2,3,0.04666666666666667
7247,0,candidate_3,candidate_2,3,0.04666666666666667
7248,candidate_1,candidate_3,candidate_2,3,0.04666666666666667
7249,candidate_1,candidate_3,candidate_2,3,0.04666666666666667
7250,candidate_1,candidate_3,candidate_2,3,0.04666666666666667
7251,candidate_1,candidate_3,candidate_2,3,0.04666666666666667
7252,candidate_1,candidate_3,candidate_2,3,0.04666666666666667
7253,candidate_1,candidate_3,candidate_2,3,0.04666666666666667
7254,candidate_1,candidate_3,candidate_2,3,0.04666666666666667
7255,candidate_1,candidate_3,candidate_2,3,0.04666666666666667
7256,candidate_1,candidate_3,candidate_2,3,0.04666666666666667
7257,candidate_1,candidate_3,0,3,0.04666666666666667
7258,candidate_1,candidate_3,candidate_2,3,0.04666666666666667
7259,candidate_1,candidate_3,candidate_2,3,0.04666666666666667
7260,candidate_1,candidate_3,candidate_2,3,0.04666666666666667
7261,candidate_1,candidate_3,candidate_2,3,0.04666666666666667
7262,0,candidate_3,0,3,0.04666666666666667
7263,candidate_1,candidate_3,candidate_2,3,0.04666666666666667
7264,candidate_1,candidate_3,candidate_2,3,0.04666666666666667
7265,candidate_1,candidate_3,candidate_2,3,0.04666666666666667
7266,candidate_1,candidate_3,candidate_2,3,0.04666666666666667
7267,candidate_1,candidate_3,candidate_2,3,0.04666666666666667
7268,candidate_1,candidate_3,candidate_2,3,0.04666666666666667
7269,candidate_1,candidate_3,candidate_2,3,0.04666666666666667
7270,candidate_1,candidate_3,candidate_2,3,0.04666666666666667
7271,candidate_1,candidate_3,candidate_2,3,0.04666666666666667
7272,candidate_1,candidate_3,candidate_2,3,0.04666666666666667
7273,candidate_1,candidate_3,candidate_2,3,0.04666666666666667
7274,candidate_1,candidate_3,candidate_2,3,0.04666666666666667
7275,candidate_1,candidate_3,candidate_2,3,0.04666666666666667
7276,0,candidate_3,candidate_2,3,0.04666666666666667
7277,candidate_1,candidate_3,candidate_2,3,0.04666666666666667
7278,candidate_1,candidate_3,candidate_2,3,0.04666666666666667
7279,candidate_1,candidate_3,candidate_2,3,0.04666666666666667
7280,candidate_1,0,0,3,0.04666666666666667
7281,candidate_1,candidate_3,candidate_2,3,0.04666666666666667
7282,candidate_1,candidate_3,candidate_2,3,0.04666666666666667
7283,candidate_1,candidate_3,candidate_2,3,0.04666666666666667
7284,candidate_1,candidate_3,candidate_2,3,0.04666666666666667
7285,candidate_1,candidate_3,candidate_2,3,0.04666666666666667
7286,candidate_1,candidate_3,candidate_2,3,0.04666666666666667
7287,candidate_1,candidate_3,candidate_2,3,0.04666666666666667
7288,candidate_1,candidate_3,candidate_2,3,0.04666666666666667
7289,candidate_1,candidate_3,candidate_2,3,0.04666666666666667
7290,candidate_1,candidate_3,candidate_2,3,0.04666666666666667
7291,candidate_1,candidate_3,candidate_2,3,0.04666666666666667
7292,candidate_1,candidate_3,candidate_2,3,0.04666666666666667
7293,candidate_1,candidate_3,candidate_2,3,0.04666666666666667
7294,candidate_1,candidate_3,candidate_2,3,0.04666666666666667
7295,candidate_1,candidate_3,candidate_2,3,0.04666666666666667
7296,candidate_1,candidate_3,0,3,0.04666666666666667
7297,candidate_1,candidate_3,candidate_2,3,0.04666666666666667
7298,candidate_1,candidate_3,candidate_2,3,0.04666666666666667
7299,candidate_1,candidate_3,candidate_2,3,0.04666666666666667
7300,candidate_1,candidate_3,candidate_2,3,0.04666666666666667
7301,candidate_1,candidate_3,candidate_2,3,0.04666666666666667
7302,candidate_1,candidate_3,candidate_2,3,0.04666666666666667
7303,candidate_1,candidate_3,candidate_2,3,0.04666666666666667
7304,candidate_1,candidate_3,candidate_2,3,0.04666666666666667
7305,candidate_1,candidate_3,candidate_2,3,0.04666666666666667
7306,candidate_1,candidate_3,candidate_2,3,0.04666666666666667
7307,candidate_1,0,candidate_2,3,0.04666666666666667
7308,0,candidate_3,candidate_2,3,0.04666666666666667
7309,candidate_1,candidate_3,candidate_2,3,0.04666666666666667
7310,candidate_1,candidate_3,candidate_2,3,0.04666666666666667
7311,candidate_1,candidate_3,candidate_2,3,0.04666666666666667
7312,candidate_1,candidate_3,candidate_2,3,0.04666666666666667
7313,candidate_1,candidate_3,candidate_2,3,0.04666666666666667
7314,candidate_1,candidate_3,candidate_2,3,0.04666666666666667
7315,candidate_1,candidate_3,candidate_2,3,0.04666666666666667
7316,candidate_1,candidate_3,candidate_2,3,0.04666666666666667
7317,candidate_1,candidate_3,candidate_2,3,0.04666666666666667
7318,candidate_1,candidate_3,0,3,0.04666666666666667
7319,candidate_1,candidate_3,candidate_2,3,0.04666666666666667
7320,candidate_1,candidate_3,candidate_2,3,0.04666666666666667
7321,candidate_1,candidate_3,candidate_2,3,0.04666666666666667
7322,candidate_1,candidate_3,0,3,0.04666666666666667
7323,candidate_1,candidate_3,candidate_2,3,0.04666666666666667
7324,candidate_1,candidate_3,0,3,0.04666666666666667
7325,candidate_1,candidate_3,candidate_2,3,0.04666666666666667
7326,candidate_1,candidate_3,candidate_2,3,0.04666666666666667
7327,candidate_1,candidate_3,candidate_2,3,0.04666666666666667
7328,candidate_1,candidate_3,candidate_2,3,0.04666666666666667
7329,candidate_1,candidate_3,candidate_2,3,0.04666666666666667
7330,candidate_1,candidate_3,candidate_2,3,0.04666666666666667
7331,candidate_1,candidate_3,candidate_2,3,0.04666666666666667
7332,candidate_1,candidate_3,candidate_2,3,0.04666666666666667
7333,candidate_1,candidate_3,candidate_2,3,0.04666666666666667
7334,candidate_1,candidate_3,candidate_2,3,0.04666666666666667
7335,0,candidate_3,candidate_2,3,0.04666666666666667
7336,candidate_1,candidate_3,candidate_2,3,0.04666666666666667
7337,candidate_1,candidate_3,candidate_2,3,0.04666666666666667
7338,candidate_1,candidate_3,0,3,0.04666666666666667
7339,candidate_1,candidate_3,candidate_2,3,0.04666666666666667
7340,candidate_1,candidate_3,candidate_2,3,0.04666666666666667
7341,candidate_1,candidate_3,candidate_2,3,0.04666666666666667
7342,candidate_1,candidate_3,candidate_2,3,0.04666666666666667
7343,candidate_1,0,candidate_2,3,0.04666666666666667
7344,candidate_1,candidate_3,candidate_2,3,0.04666666666666667
7345,candidate_1,candidate_3,candidate_2,3,0.04666666666666667
7346,candidate_1,candidate_3,candidate_2,3,0.04666666666666667
7347,candidate_1,candidate_3,candidate_2,3,0.04666666666666667
7348,candidate_1,candidate_3,candidate_2,3,0.04666666666666667
7349,candidate_1,candidate_3,candidate_2,3,0.04666666666666667
7350,candidate_1,candidate_3,candidate_2,3,0.04666666666666667
7351,candidate_1,candidate_3,candidate_2,3,0.04666666666666667
7352,candidate_1,candidate_3,candidate_2,3,0.04666666666666667
7353,candidate_1,candidate_3,candidate_2,3,0.04666666666666667
7354,candidate_1,candidate_3,candidate_2,3,0.04666666666666667
7355,candidate_1,candidate_3,candidate_2,3,0.04666666666666667
7356,candidate_1,candidate_3,0,3,0.04666666666666667
7357,candidate_1,candidate_3,candidate_2,3,0.04666666666666667
7358,candidate_1,candidate_3,candidate_2,3,0.04666666666666667
7359,candidate_1,candidate_3,candidate_2,3,0.04666666666666667
7360,candidate_1,candidate_3,candidate_2,3,0.04666666666666667
7361,candidate_1,candidate_3,candidate_2,3,0.04666666666666667
7362,candidate_1,candidate_3,candidate_2,3,0.04666666666666667
7363,candidate_1,candidate_3,candidate_2,3,0.04666666666666667
7364,candidate_1,candidate_3,candidate_2,3,0.04666666666666667
7365,candidate_1,candidate_3,candidate_2,3,0.04666666666666667
7366,candidate_1,candidate_3,candidate_2,3,0.04666666666666667
7367,0,candidate_3,candidate_2,3,0.04666666666666667
7368,candidate_1,candidate_3,candidate_2,3,0.04666666666666667
7369,candidate_1,candidate_3,candidate_2,3,0.04666666666666667
7370,candidate_1,candidate_3,candidate_2,3,0.04666666666666667
7371,candidate_1,candidate_3,0,3,0.04666666666666667
7372,candidate_1,candidate_3,0,3,0.04666666666666667
7373,candidate_1,candidate_3,candidate_2,3,0.04666666666666667
7374,candidate_1,candidate_3,candidate_2,3,0.04666666666666667
7375,candidate_1,candidate_3,candidate_2,3,0.04666666666666667
7376,candidate_1,candidate_3,candidate_2,3,0.04666666666666667
7377,candidate_1,candidate_3,candidate_2,3,0.04666666666666667
7378,candidate_1,candidate_3,candidate_2,3,0.04666666666666667
7379,candidate_1,candidate_3,candidate_2,3,0.04666666666666667
7380,candidate_1,candidate_3,candidate_2,3,0.04666666666666667
7381,candidate_1,candidate_3,candidate_2,3,0.04666666666666667
7382,candidate_1,candidate_3,candidate_2,3,0.04666666666666667
7383,candidate_1,candidate_3,candidate_2,3,0.04666666666666667
7384,candidate_1,candidate_3,candidate_2,3,0.04666666666666667
7385,candidate_1,candidate_3,candidate_2,3,0.04666666666666667
7386,candidate_1,candidate_3,candidate_2,3,0.04666666666666667
7387,candidate_1,candidate_3,candidate_2,3,0.04666666666666667
7388,candidate_1,candidate_3,candidate_2,3,0.04666666666666667
7389,candidate_1,candidate_3,candidate_2,3,0.04666666666666667
7390,candidate_1,candidate_3,candidate_2,3,0.04666666666666667
7391,candidate_1,candidate_3,0,3,0.04666666666666667
7392,0,candidate_3,candidate_2,3,0.04666666666666667
7393,candidate_1,candidate_3,candidate_2,3,0.04666666666666667
7394,candidate_1,candidate_3,candidate_2,3,0.04666666666666667
7395,candidate_1,candidate_3,candidate_2,3,0.04666666666666667
7396,candidate_1,candidate_3,candidate_2,3,0.04666666666666667
7397,candidate_1,candidate_3,candidate_2,3,0.04666666666666667
7398,candidate_1,candidate_3,candidate_2,3,0.04666666666666667
7399,candidate_1,candidate_3,candidate_2,3,0.04666666666666667
7400,candidate_1,candidate_3,candidate_2,3,0.04666666666666667
7401,candidate_1,0,candidate_2,3,0.04666666666666667
7402,candidate_1,candidate_3,candidate_2,3,0.04666666666666667
7403,candidate_1,candidate_3,candidate_2,3,0.04666666666666667
7404,candidate_1,candidate_3,candidate_2,3,0.04666666666666667
7405,candidate_1,candidate_3,candidate_2,3,0.04666666666666667
7406,candidate_1,candidate_3,candidate_2,3,0.04666666666666667
7407,candidate_1,candidate_3,candidate_2,3,0.04666666666666667
7408,candidate_1,candidate_3,candidate_2,3,0.04666666666666667
7409,candidate_1,candidate_3,candidate_2,3,0.04666666666666667
7410,candidate_1,candidate_3,candidate_2,3,0.04666666666666667
7411,candidate_1,candidate_3,candidate_2,3,0.04666666666666667
7412,candidate_1,candidate_3,candidate_2,3,0.04666666666666667
7413,candidate_1,candidate_3,candidate_2,3,0.04666666666666667
7414,candidate_1,candidate_3,candidate_2,3,0.04666666666666667
7415,candidate_1,candidate_3,candidate_2,3,0.04666666666666667
7416,candidate_1,candidate_3,candidate_2,3,0.04666666666666667
7417,candidate_1,candidate_3,candidate_2,3,0.04666666666666667
7418,candidate_1,candidate_3,candidate_2,3,0.04666666666666667
7419,0,candidate_3,candidate_2,3,0.04666666666666667
7420,candidate_1,candidate_3,candidate_2,3,0.04666666666666667
7421,candidate_1,candidate_3,0,3,0.04666666666666667
7422,candidate_1,candidate_3,candidate_2,3,0.04666666666666667
7423,candidate_1,candidate_3,candidate_2,3,0.04666666666666667
7424,candidate_1,candidate_3,candidate_2,3,0.04666666666666667
7425,candidate_1,candidate_3,candidate_2,3,0.04666666666666667
7426,candidate_1,candidate_3,0,3,0.04666666666666667
7427,candidate_1,0,candidate_2,3,0.04666666666666667
7428,candidate_1,candidate_3,candidate_2,3,0.04666666666666667
7429,candidate_1,candidate_3,candidate_2,3,0.04666666666666667
7430,candidate_1,candidate_3,candidate_2,3,0.04666666666666667
7431,candidate_1,candidate_3,candidate_2,3,0.04666666666666667
7432,candidate_1,candidate_3,candidate_2,3,0.04666666666666667
7433,candidate_1,candidate_3,0,3,0.04666666666666667
7434,candidate_1,candidate_3,candidate_2,3,0.04666666666666667
7435,candidate_1,candidate_3,candidate_2,3,0.04666666666666667
7436,candidate_1,candidate_3,candidate_2,3,0.04666666666666667
7437,candidate_1,candidate_3,candidate_2,3,0.04666666666666667
7438,candidate_1,candidate_3,candidate_2,3,0.04666666666666667
7439,candidate_1,candidate_3,candidate_2,3,0.04666666666666667
7440,candidate_1,candidate_3,candidate_2,3,0.04666666666666667
7441,candidate_1,candidate_3,candidate_2,3,0.04666666666666667
7442,candidate_1,candidate_3,candidate_2,3,0.04666666666666667
7443,candidate_1,candidate_3,candidate_2,3,0.04666666666666667
7444,0,candidate_3,candidate_2,3,0.04666666666666667
7445,0,candidate_3,candidate_2,3,0.04666666666666667
7446,candidate_1,candidate_3,candidate_2,3,0.04666666666666667
7447,candidate_1,candidate_3,candidate_2,3,0.04666666666666667
7448,candidate_1,candidate_3,candidate_2,3,0.04666666666666667
7449,candidate_1,candidate_3,candidate_2,3,0.04666666666666667
7450,candidate_1,candidate_3,candidate_2,3,0.04666666666666667
7451,candidate_1,candidate_3,candidate_2,3,0.04666666666666667
7452,candidate_1,candidate_3,candidate_2,3,0.04666666666666667
7453,candidate_1,candidate_3,candidate_2,3,0.04666666666666667
7454,candidate_1,candidate_3,candidate_2,3,0.04666666666666667
7455,candidate_1,candidate_3,candidate_2,3,0.04666666666666667
7456,candidate_1,candidate_3,candidate_2,3,0.04666666666666667
7457,candidate_1,candidate_3,candidate_2,3,0.04666666666666667
7458,candidate_1,candidate_3,candidate_2,3,0.04666666666666667
7459,0,candidate_3,candidate_2,3,0.04666666666666667
7460,candidate_1,candidate_3,0,3,0.04666666666666667
7461,candidate_1,candidate_3,0,3,0.04666666666666667
7462,candidate_1,candidate_3,candidate_2,3,0.04666666666666667
7463,candidate_1,candidate_3,0,3,0.04666666666666667
7464,candidate_1,candidate_3,candidate_2,3,0.04666666666666667
7465,candidate_1,candidate_3,candidate_2,3,0.04666666666666667
7466,candidate_1,candidate_3,candidate_2,3,0.04666666666666667
7467,candidate_1,candidate_3,candidate_2,3,0.04666666666666667
7468,candidate_1,candidate_3,candidate_2,3,0.04666666666666667
7469,candidate_1,candidate_3,candidate_2,3,0.04666666666666667
7470,candidate_1,candidate_3,candidate_2,3,0.04666666666666667
7471,candidate_1,candidate_3,candidate_2,3,0.04666666666666667
7472,candidate_1,candidate_3,candidate_2,3,0.04666666666666667
7473,candidate_1,candidate_3,candidate_2,3,0.04666666666666667
7474,candidate_1,candidate_3,candidate_2,3,0.04666666666666667
7475,candidate_1,candidate_3,candidate_2,3,0.04666666666666667
7476,candidate_1,candidate_3,candidate_2,3,0.04666666666666667
7477,candidate_1,candidate_3,candidate_2,3,0.04666666666666667
7478,candidate_1,candidate_3,candidate_2,3,0.04666666666666667
7479,candidate_1,candidate_3,candidate_2,3,0.04666666666666667
7480,candidate_1,0,candidate_2,3,0.04666666666666667
7481,candidate_1,candidate_3,candidate_2,3,0.04666666666666667
7482,candidate_1,candidate_3,candidate_2,3,0.04666666666666667
7483,candidate_1,candidate_3,candidate_2,3,0.04666666666666667
7484,candidate_1,0,candidate_2,3,0.04666666666666667
7485,candidate_1,0,candidate_2,3,0.04666666666666667
7486,candidate_1,0,candidate_2,3,0.04666666666666667
7487,candidate_1,candidate_3,candidate_2,3,0.04666666666666667
7488,candidate_1,candidate_3,candidate_2,3,0.04666666666666667
7489,candidate_1,candidate_3,candidate_2,3,0.04666666666666667
7490,candidate_1,candidate_3,candidate_2,3,0.04666666666666667
7491,candidate_1,candidate_3,candidate_2,3,0.04666666666666667
7492,candidate_1,candidate_3,candidate_2,3,0.04666666666666667
7493,candidate_1,candidate_3,candidate_2,3,0.04666666666666667
7494,candidate_1,candidate_3,candidate_2,3,0.04666666666666667
7495,candidate_1,candidate_3,candidate_2,3,0.04666666666666667
7496,candidate_1,candidate_3,candidate_2,3,0.04666666666666667
7497,candidate_1,candidate_3,candidate_2,3,0.04666666666666667
7498,0,candidate_3,candidate_2,3,0.04666666666666667
7499,candidate_1,candidate_3,candidate_2,3,0.04666666666666667
7500,candidate_1,candidate_3,candidate_2,3,0.04666666666666667
7501,candidate_1,candidate_3,candidate_2,3,0.04666666666666667
7502,candidate_1,candidate_3,candidate_2,3,0.04666666666666667
7503,candidate_1,candidate_3,candidate_2,3,0.04666666666666667
7504,candidate_1,candidate_3,candidate_2,3,0.04666666666666667
7505,candidate_1,candidate_3,candidate_2,3,0.04666666666666667
7506,candidate_1,0,candidate_2,3,0.04666666666666667
7507,candidate_1,candidate_3,candidate_2,3,0.04666666666666667
7508,candidate_1,candidate_3,candidate_2,3,0.04666666666666667
7509,candidate_1,candidate_3,candidate_2,3,0.04666666666666667
7510,candidate_1,0,candidate_2,3,0.04666666666666667
7511,candidate_1,candidate_3,candidate_2,3,0.04666666666666667
7512,candidate_1,candidate_3,candidate_2,3,0.04666666666666667
7513,candidate_1,candidate_3,candidate_2,3,0.04666666666666667
7514,candidate_1,candidate_3,candidate_2,3,0.04666666666666667
7515,candidate_1,candidate_3,candidate_2,3,0.04666666666666667
7516,0,candidate_3,candidate_2,3,0.04666666666666667
7517,candidate_1,candidate_3,candidate_2,3,0.04666666666666667
7518,candidate_1,0,candidate_2,3,0.04666666666666667
7519,candidate_1,candidate_3,candidate_2,3,0.04666666666666667
7520,candidate_1,candidate_3,candidate_2,3,0.04666666666666667
7521,candidate_1,candidate_3,candidate_2,3,0.04666666666666667
7522,candidate_1,candidate_3,candidate_2,3,0.04666666666666667
7523,0,candidate_3,candidate_2,3,0.04666666666666667
7524,candidate_1,candidate_3,candidate_2,3,0.04666666666666667
7525,candidate_1,0,candidate_2,3,0.04666666666666667
7526,candidate_1,candidate_3,candidate_2,3,0.04666666666666667
7527,candidate_1,candidate_3,candidate_2,3,0.04666666666666667
7528,candidate_1,candidate_3,candidate_2,3,0.04666666666666667
7529,candidate_1,candidate_3,candidate_2,3,0.04666666666666667
7530,candidate_1,candidate_3,candidate_2,3,0.04666666666666667
7531,candidate_1,candidate_3,candidate_2,3,0.04666666666666667
7532,candidate_1,candidate_3,candidate_2,3,0.04666666666666667
7533,candidate_1,candidate_3,candidate_2,3,0.04666666666666667
7534,candidate_1,candidate_3,candidate_2,3,0.04666666666666667
7535,candidate_1,candidate_3,candidate_2,3,0.04666666666666667
7536,candidate_1,candidate_3,candidate_2,3,0.04666666666666667
7537,candidate_1,candidate_3,candidate_2,3,0.04666666666666667
7538,candidate_1,candidate_3,candidate_2,3,0.04666666666666667
7539,candidate_1,candidate_3,candidate_2,3,0.04666666666666667
7540,candidate_1,candidate_3,candidate_2,3,0.04666666666666667
7541,candidate_1,candidate_3,candidate_2,3,0.04666666666666667
7542,candidate_1,candidate_3,candidate_2,3,0.04666666666666667
7543,candidate_1,candidate_3,candidate_2,3,0.04666666666666667
7544,candidate_1,candidate_3,candidate_2,3,0.04666666666666667
7545,candidate_1,candidate_3,candidate_2,3,0.04666666666666667
7546,candidate_1,candidate_3,candidate_2,3,0.04666666666666667
7547,0,candidate_3,candidate_2,3,0.04666666666666667
7548,candidate_1,candidate_3,candidate_2,3,0.04666666666666667
7549,candidate_1,candidate_3,candidate_2,3,0.04666666666666667
7550,candidate_1,candidate_3,candidate_2,3,0.04666666666666667
7551,candidate_1,0,candidate_2,3,0.04666666666666667
7552,candidate_1,candidate_3,candidate_2,3,0.04666666666666667
7553,candidate_1,candidate_3,candidate_2,3,0.04666666666666667
7554,candidate_1,candidate_3,candidate_2,3,0.04666666666666667
7555,candidate_1,candidate_3,candidate_2,3,0.04666666666666667
7556,candidate_1,candidate_3,candidate_2,3,0.04666666666666667
7557,candidate_1,candidate_3,candidate_2,3,0.04666666666666667
7558,candidate_1,candidate_3,candidate_2,3,0.04666666666666667
7559,candidate_1,candidate_3,candidate_2,3,0.04666666666666667
7560,candidate_1,candidate_3,candidate_2,3,0.04666666666666667
7561,candidate_1,candidate_3,candidate_2,3,0.04666666666666667
7562,0,candidate_3,candidate_2,3,0.04666666666666667
7563,candidate_1,candidate_3,candidate_2,3,0.04666666666666667
7564,candidate_1,candidate_3,candidate_2,3,0.04666666666666667
7565,candidate_1,candidate_3,candidate_2,3,0.04666666666666667
7566,candidate_1,candidate_3,candidate_2,3,0.04666666666666667
7567,candidate_1,candidate_3,candidate_2,3,0.04666666666666667
7568,candidate_1,candidate_3,candidate_2,3,0.04666666666666667
7569,candidate_1,candidate_3,candidate_2,3,0.04666666666666667
7570,candidate_1,candidate_3,candidate_2,3,0.04666666666666667
7571,candidate_1,candidate_3,candidate_2,3,0.04666666666666667
7572,candidate_1,candidate_3,0,3,0.04666666666666667
7573,candidate_1,candidate_3,candidate_2,3,0.04666666666666667
7574,candidate_1,candidate_3,candidate_2,3,0.04666666666666667
7575,candidate_1,candidate_3,candidate_2,3,0.04666666666666667
7576,candidate_1,candidate_3,candidate_2,3,0.04666666666666667
7577,candidate_1,candidate_3,candidate_2,3,0.04666666666666667
7578,candidate_1,candidate_3,candidate_2,3,0.04666666666666667
7579,candidate_1,candidate_3,candidate_2,3,0.04666666666666667
7580,candidate_1,candidate_3,candidate_2,3,0.04666666666666667
7581,candidate_1,candidate_3,candidate_2,3,0.04666666666666667
7582,candidate_1,candidate_3,candidate_2,3,0.04666666666666667
7583,candidate_1,candidate_3,candidate_2,3,0.04666666666666667
7584,candidate_1,candidate_3,candidate_2,3,0.04666666666666667
7585,candidate_1,candidate_3,candidate_2,3,0.04666666666666667
7586,candidate_1,candidate_3,candidate_2,3,0.04666666666666667
7587,candidate_1,candidate_3,candidate_2,3,0.04666666666666667
7588,candidate_1,candidate_3,candidate_2,3,0.04666666666666667
7589,candidate_1,candidate_3,candidate_2,3,0.04666666666666667
7590,candidate_1,candidate_3,candidate_2,3,0.04666666666666667
7591,candidate_1,candidate_3,candidate_2,3,0.04666666666666667
7592,candidate_1,candidate_3,candidate_2,3,0.04666666666666667
7593,candidate_1,candidate_3,candidate_2,3,0.04666666666666667
7594,candidate_1,candidate_3,candidate_2,3,0.04666666666666667
7595,candidate_1,candidate_3,candidate_2,3,0.04666666666666667
7596,candidate_1,candidate_3,candidate_2,3,0.04666666666666667
7597,candidate_1,candidate_3,candidate_2,3,0.04666666666666667
7598,candidate_1,candidate_3,candidate_2,3,0.04666666666666667
7599,candidate_1,candidate_3,candidate_2,3,0.04666666666666667
7600,candidate_1,candidate_3,candidate_2,3,0.04666666666666667
7601,candidate_1,candidate_3,candidate_2,3,0.04666666666666667
7602,candidate_1,candidate_3,candidate_2,3,0.04666666666666667
7603,candidate_1,candidate_3,candidate_2,3,0.04666666666666667
7604,candidate_1,candidate_3,candidate_2,3,0.04666666666666667
7605,candidate_1,candidate_3,candidate_2,3,0.04666666666666667
7606,candidate_1,candidate_3,candidate_2,3,0.04666666666666667
7607,candidate_1,candidate_3,candidate_2,3,0.04666666666666667
7608,candidate_1,candidate_3,candidate_2,3,0.04666666666666667
7609,candidate_1,candidate_3,candidate_2,3,0.04666666666666667
7610,candidate_1,candidate_3,candidate_2,3,0.04666666666666667
7611,candidate_1,candidate_3,candidate_2,3,0.04666666666666667
7612,0,candidate_3,candidate_2,3,0.04666666666666667
7613,candidate_1,candidate_3,candidate_2,3,0.04666666666666667
7614,candidate_1,candidate_3,candidate_2,3,0.04666666666666667
7615,candidate_1,candidate_3,candidate_2,3,0.04666666666666667
7616,candidate_1,candidate_3,candidate_2,3,0.04666666666666667
7617,candidate_1,candidate_3,0,3,0.04666666666666667
7618,candidate_1,candidate_3,0,3,0.04666666666666667
7619,candidate_1,candidate_3,candidate_2,3,0.04666666666666667
7620,candidate_1,candidate_3,candidate_2,3,0.04666666666666667
7621,candidate_1,candidate_3,candidate_2,3,0.04666666666666667
7622,candidate_1,0,candidate_2,3,0.04666666666666667
7623,candidate_1,candidate_3,candidate_2,3,0.04666666666666667
7624,candidate_1,candidate_3,candidate_2,3,0.04666666666666667
7625,candidate_1,candidate_3,candidate_2,3,0.04666666666666667
7626,candidate_1,candidate_3,candidate_2,3,0.04666666666666667
7627,candidate_1,candidate_3,candidate_2,3,0.04666666666666667
7628,0,candidate_3,candidate_2,3,0.04666666666666667
7629,candidate_1,0,candidate_2,3,0.04666666666666667
7630,candidate_1,candidate_3,candidate_2,3,0.04666666666666667
7631,candidate_1,candidate_3,candidate_2,3,0.04666666666666667
7632,candidate_1,candidate_3,candidate_2,3,0.04666666666666667
7633,candidate_1,candidate_3,candidate_2,3,0.04666666666666667
7634,candidate_1,candidate_3,candidate_2,3,0.04666666666666667
7635,candidate_1,candidate_3,candidate_2,3,0.04666666666666667
7636,candidate_1,candidate_3,candidate_2,3,0.04666666666666667
7637,candidate_1,candidate_3,candidate_2,3,0.04666666666666667
7638,candidate_1,candidate_3,candidate_2,3,0.04666666666666667
7639,candidate_1,candidate_3,candidate_2,3,0.04666666666666667
7640,candidate_1,candidate_3,candidate_2,3,0.04666666666666667
7641,candidate_1,candidate_3,candidate_2,3,0.04666666666666667
7642,candidate_1,0,candidate_2,3,0.04666666666666667
7643,candidate_1,candidate_3,candidate_2,3,0.04666666666666667
7644,candidate_1,candidate_3,0,3,0.04666666666666667
7645,candidate_1,candidate_3,candidate_2,3,0.04666666666666667
7646,candidate_1,candidate_3,candidate_2,3,0.04666666666666667
7647,candidate_1,candidate_3,0,3,0.04666666666666667
7648,candidate_1,candidate_3,candidate_2,3,0.04666666666666667
7649,candidate_1,candidate_3,candidate_2,3,0.04666666666666667
7650,candidate_1,candidate_3,candidate_2,3,0.04666666666666667
7651,candidate_1,candidate_3,candidate_2,3,0.04666666666666667
7652,candidate_1,candidate_3,candidate_2,3,0.04666666666666667
7653,candidate_1,candidate_3,candidate_2,3,0.04666666666666667
7654,candidate_1,candidate_3,candidate_2,3,0.04666666666666667
7655,candidate_1,candidate_3,candidate_2,3,0.04666666666666667
7656,candidate_1,candidate_3,candidate_2,3,0.04666666666666667
7657,candidate_1,candidate_3,candidate_2,3,0.04666666666666667
7658,candidate_1,candidate_3,candidate_2,3,0.04666666666666667
7659,candidate_1,candidate_3,candidate_2,3,0.04666666666666667
7660,candidate_1,candidate_3,candidate_2,3,0.04666666666666667
7661,candidate_1,candidate_3,candidate_2,3,0.04666666666666667
7662,candidate_1,candidate_3,candidate_2,3,0.04666666666666667
7663,candidate_1,candidate_3,candidate_2,3,0.04666666666666667
7664,0,candidate_3,candidate_2,3,0.04666666666666667
7665,candidate_1,candidate_3,candidate_2,3,0.04666666666666667
7666,candidate_1,candidate_3,candidate_2,3,0.04666666666666667
7667,candidate_1,candidate_3,candidate_2,3,0.04666666666666667
7668,candidate_1,candidate_3,candidate_2,3,0.04666666666666667
7669,candidate_1,candidate_3,candidate_2,3,0.04666666666666667
7670,candidate_1,candidate_3,candidate_2,3,0.04666666666666667
7671,candidate_1,candidate_3,candidate_2,3,0.04666666666666667
7672,candidate_1,candidate_3,candidate_2,3,0.04666666666666667
7673,candidate_1,candidate_3,0,3,0.04666666666666667
7674,candidate_1,candidate_3,candidate_2,3,0.04666666666666667
7675,candidate_1,candidate_3,candidate_2,3,0.04666666666666667
7676,candidate_1,candidate_3,candidate_2,3,0.04666666666666667
7677,candidate_1,candidate_3,0,3,0.04666666666666667
7678,candidate_1,candidate_3,candidate_2,3,0.04666666666666667
7679,candidate_1,candidate_3,0,3,0.04666666666666667
7680,candidate_1,candidate_3,candidate_2,3,0.04666666666666667
7681,candidate_1,candidate_3,candidate_2,3,0.04666666666666667
7682,candidate_1,candidate_3,candidate_2,3,0.04666666666666667
7683,candidate_1,candidate_3,candidate_2,3,0.04666666666666667
7684,candidate_1,candidate_3,candidate_2,3,0.04666666666666667
7685,candidate_1,0,candidate_2,3,0.04666666666666667
7686,candidate_1,candidate_3,candidate_2,3,0.04666666666666667
7687,candidate_1,candidate_3,candidate_2,3,0.04666666666666667
7688,candidate_1,candidate_3,candidate_2,3,0.04666666666666667
7689,candidate_1,candidate_3,candidate_2,3,0.04666666666666667
7690,candidate_1,candidate_3,candidate_2,3,0.04666666666666667
7691,candidate_1,0,candidate_2,3,0.04666666666666667
7692,candidate_1,candidate_3,candidate_2,3,0.04666666666666667
7693,candidate_1,candidate_3,candidate_2,3,0.04666666666666667
7694,candidate_1,0,candidate_2,3,0.04666666666666667
7695,candidate_1,candidate_3,candidate_2,3,0.04666666666666667
7696,candidate_1,candidate_3,candidate_2,3,0.04666666666666667
7697,0,candidate_3,0,3,0.04666666666666667
7698,candidate_1,candidate_3,candidate_2,3,0.04666666666666667
7699,candidate_1,candidate_3,candidate_2,3,0.04666666666666667
7700,candidate_1,candidate_3,candidate_2,3,0.04666666666666667
7701,candidate_1,candidate_3,candidate_2,3,0.04666666666666667
7702,candidate_1,candidate_3,candidate_2,3,0.04666666666666667
7703,candidate_1,candidate_3,candidate_2,3,0.04666666666666667
7704,candidate_1,candidate_3,candidate_2,3,0.04666666666666667
7705,candidate_1,candidate_3,candidate_2,3,0.04666666666666667
7706,candidate_1,candidate_3,candidate_2,3,0.04666666666666667
7707,candidate_1,candidate_3,candidate_2,3,0.04666666666666667
7708,candidate_1,candidate_3,candidate_2,3,0.04666666666666667
7709,candidate_1,candidate_3,candidate_2,3,0.04666666666666667
7710,candidate_1,candidate_3,candidate_2,3,0.04666666666666667
7711,candidate_1,candidate_3,candidate_2,3,0.04666666666666667
7712,candidate_1,candidate_3,candidate_2,3,0.04666666666666667
7713,candidate_1,candidate_3,candidate_2,3,0.04666666666666667
7714,candidate_1,candidate_3,candidate_2,3,0.04666666666666667
7715,candidate_1,candidate_3,candidate_2,3,0.04666666666666667
7716,candidate_1,candidate_3,candidate_2,3,0.04666666666666667
7717,candidate_1,candidate_3,candidate_2,3,0.04666666666666667
7718,candidate_1,candidate_3,candidate_2,3,0.04666666666666667
7719,candidate_1,candidate_3,candidate_2,3,0.04666666666666667
7720,candidate_1,candidate_3,candidate_2,3,0.04666666666666667
7721,candidate_1,candidate_3,0,3,0.04666666666666667
7722,candidate_1,candidate_3,candidate_2,3,0.04666666666666667
7723,candidate_1,candidate_3,candidate_2,3,0.04666666666666667
7724,candidate_1,candidate_3,candidate_2,3,0.04666666666666667
7725,candidate_1,candidate_3,candidate_2,3,0.04666666666666667
7726,candidate_1,candidate_3,candidate_2,3,0.04666666666666667
7727,candidate_1,candidate_3,candidate_2,3,0.04666666666666667
7728,candidate_1,candidate_3,candidate_2,3,0.04666666666666667
7729,candidate_1,candidate_3,candidate_2,3,0.04666666666666667
7730,candidate_1,candidate_3,candidate_2,3,0.04666666666666667
7731,candidate_1,candidate_3,candidate_2,3,0.04666666666666667
7732,candidate_1,candidate_3,candidate_2,3,0.04666666666666667
7733,candidate_1,candidate_3,candidate_2,3,0.04666666666666667
7734,candidate_1,candidate_3,candidate_2,3,0.04666666666666667
7735,candidate_1,candidate_3,candidate_2,3,0.04666666666666667
7736,candidate_1,candidate_3,candidate_2,3,0.04666666666666667
7737,candidate_1,0,candidate_2,3,0.04666666666666667
7738,candidate_1,candidate_3,candidate_2,3,0.04666666666666667
7739,candidate_1,candidate_3,0,3,0.04666666666666667
7740,candidate_1,candidate_3,candidate_2,3,0.04666666666666667
7741,candidate_1,candidate_3,candidate_2,3,0.04666666666666667
7742,candidate_1,candidate_3,candidate_2,3,0.04666666666666667
7743,0,candidate_3,candidate_2,3,0.04666666666666667
7744,candidate_1,candidate_3,candidate_2,3,0.04666666666666667
7745,candidate_1,candidate_3,candidate_2,3,0.04666666666666667
7746,candidate_1,candidate_3,candidate_2,3,0.04666666666666667
7747,candidate_1,candidate_3,candidate_2,3,0.04666666666666667
7748,candidate_1,0,candidate_2,3,0.04666666666666667
7749,candidate_1,candidate_3,candidate_2,3,0.04666666666666667
7750,candidate_1,candidate_3,candidate_2,3,0.04666666666666667
7751,candidate_1,candidate_3,candidate_2,3,0.04666666666666667
7752,0,candidate_3,0,3,0.04666666666666667
7753,candidate_1,candidate_3,candidate_2,3,0.04666666666666667
7754,candidate_1,0,candidate_2,3,0.04666666666666667
7755,candidate_1,candidate_3,candidate_2,3,0.04666666666666667
7756,candidate_1,candidate_3,candidate_2,3,0.04666666666666667
7757,candidate_1,candidate_3,candidate_2,3,0.04666666666666667
7758,candidate_1,candidate_3,candidate_2,3,0.04666666666666667
7759,candidate_1,candidate_3,candidate_2,3,0.04666666666666667
7760,candidate_1,candidate_3,candidate_2,3,0.04666666666666667
7761,candidate_1,candidate_3,candidate_2,3,0.04666666666666667
7762,candidate_1,candidate_3,candidate_2,3,0.04666666666666667
7763,candidate_1,candidate_3,candidate_2,3,0.04666666666666667
7764,candidate_1,candidate_3,candidate_2,3,0.04666666666666667
7765,candidate_1,candidate_3,candidate_2,3,0.04666666666666667
7766,candidate_1,candidate_3,candidate_2,3,0.04666666666666667
7767,candidate_1,candidate_3,candidate_2,3,0.04666666666666667
7768,candidate_1,candidate_3,candidate_2,3,0.04666666666666667
7769,candidate_1,candidate_3,candidate_2,3,0.04666666666666667
7770,candidate_1,candidate_3,candidate_2,3,0.04666666666666667
7771,candidate_1,0,candidate_2,3,0.04666666666666667
7772,candidate_1,candidate_3,candidate_2,3,0.04666666666666667
7773,candidate_1,0,candidate_2,3,0.04666666666666667
7774,candidate_1,0,candidate_2,3,0.04666666666666667
7775,candidate_1,candidate_3,candidate_2,3,0.04666666666666667
7776,0,candidate_3,candidate_2,3,0.04666666666666667
7777,candidate_1,candidate_3,candidate_2,3,0.04666666666666667
7778,candidate_1,candidate_3,candidate_2,3,0.04666666666666667
7779,candidate_1,candidate_3,candidate_2,3,0.04666666666666667
7780,candidate_1,candidate_3,candidate_2,3,0.04666666666666667
7781,candidate_1,candidate_3,candidate_2,3,0.04666666666666667
7782,candidate_1,candidate_3,candidate_2,3,0.04666666666666667
7783,candidate_1,candidate_3,candidate_2,3,0.04666666666666667
7784,candidate_1,candidate_3,candidate_2,3,0.04666666666666667
7785,candidate_1,candidate_3,candidate_2,3,0.04666666666666667
7786,candidate_1,candidate_3,candidate_2,3,0.04666666666666667
7787,candidate_1,candidate_3,candidate_2,3,0.04666666666666667
7788,candidate_1,candidate_3,candidate_2,3,0.04666666666666667
7789,candidate_1,candidate_3,candidate_2,3,0.04666666666666667
7790,candidate_1,candidate_3,candidate_2,3,0.04666666666666667
7791,candidate_1,candidate_3,candidate_2,3,0.04666666666666667
7792,candidate_1,candidate_3,candidate_2,3,0.04666666666666667
7793,candidate_1,candidate_3,candidate_2,3,0.04666666666666667
7794,candidate_1,candidate_3,candidate_2,3,0.04666666666666667
7795,candidate_1,candidate_3,candidate_2,3,0.04666666666666667
7796,candidate_1,candidate_3,candidate_2,3,0.04666666666666667
7797,candidate_1,candidate_3,candidate_2,3,0.04666666666666667
7798,candidate_1,candidate_3,candidate_2,3,0.04666666666666667
7799,candidate_1,0,candidate_2,3,0.04666666666666667
7800,candidate_1,0,candidate_2,3,0.04666666666666667
7801,candidate_1,candidate_3,candidate_2,3,0.04666666666666667
7802,candidate_1,candidate_3,candidate_2,3,0.04666666666666667
7803,candidate_1,candidate_3,candidate_2,3,0.04666666666666667
7804,candidate_1,candidate_3,candidate_2,3,0.04666666666666667
7805,candidate_1,candidate_3,candidate_2,3,0.04666666666666667
7806,candidate_1,candidate_3,candidate_2,3,0.04666666666666667
7807,candidate_1,candidate_3,candidate_2,3,0.04666666666666667
7808,candidate_1,candidate_3,candidate_2,3,0.04666666666666667
7809,candidate_1,candidate_3,candidate_2,3,0.04666666666666667
7810,candidate_1,candidate_3,candidate_2,3,0.04666666666666667
7811,candidate_1,candidate_3,candidate_2,3,0.04666666666666667
7812,candidate_1,candidate_3,candidate_2,3,0.04666666666666667
7813,candidate_1,candidate_3,candidate_2,3,0.04666666666666667
7814,candidate_1,candidate_3,candidate_2,3,0.04666666666666667
7815,candidate_1,candidate_3,candidate_2,3,0.04666666666666667
7816,candidate_1,candidate_3,candidate_2,3,0.04666666666666667
7817,candidate_1,candidate_3,candidate_2,3,0.04666666666666667
7818,candidate_1,candidate_3,candidate_2,3,0.04666666666666667
7819,candidate_1,candidate_3,candidate_2,3,0.04666666666666667
7820,candidate_1,candidate_3,candidate_2,3,0.04666666666666667
7821,candidate_1,candidate_3,candidate_2,3,0.04666666666666667
7822,candidate_1,candidate_3,candidate_2,3,0.04666666666666667
7823,candidate_1,candidate_3,candidate_2,3,0.04666666666666667
7824,candidate_1,candidate_3,candidate_2,3,0.04666666666666667
7825,candidate_1,candidate_3,candidate_2,3,0.04666666666666667
7826,0,candidate_3,candidate_2,3,0.04666666666666667
7827,candidate_1,candidate_3,candidate_2,3,0.04666666666666667
7828,candidate_1,candidate_3,candidate_2,3,0.04666666666666667
7829,candidate_1,candidate_3,candidate_2,3,0.04666666666666667
7830,candidate_1,candidate_3,candidate_2,3,0.04666666666666667
7831,candidate_1,0,candidate_2,3,0.04666666666666667
7832,candidate_1,candidate_3,candidate_2,3,0.04666666666666667
7833,candidate_1,candidate_3,candidate_2,3,0.04666666666666667
7834,candidate_1,candidate_3,candidate_2,3,0.04666666666666667
7835,candidate_1,candidate_3,candidate_2,3,0.04666666666666667
7836,candidate_1,candidate_3,candidate_2,3,0.04666666666666667
7837,0,candidate_3,candidate_2,3,0.04666666666666667
7838,candidate_1,candidate_3,candidate_2,3,0.04666666666666667
7839,candidate_1,candidate_3,candidate_2,3,0.04666666666666667
7840,candidate_1,candidate_3,candidate_2,3,0.04666666666666667
7841,candidate_1,candidate_3,candidate_2,3,0.04666666666666667
7842,candidate_1,candidate_3,candidate_2,3,0.04666666666666667
7843,candidate_1,candidate_3,candidate_2,3,0.04666666666666667
7844,candidate_1,candidate_3,candidate_2,3,0.04666666666666667
7845,candidate_1,candidate_3,candidate_2,3,0.04666666666666667
7846,candidate_1,candidate_3,candidate_2,3,0.04666666666666667
7847,candidate_1,candidate_3,candidate_2,3,0.04666666666666667
7848,candidate_1,candidate_3,candidate_2,3,0.04666666666666667
7849,candidate_1,candidate_3,candidate_2,3,0.04666666666666667
7850,candidate_1,candidate_3,candidate_2,3,0.04666666666666667
7851,candidate_1,candidate_3,candidate_2,3,0.04666666666666667
7852,0,candidate_3,candidate_2,3,0.04666666666666667
7853,candidate_1,candidate_3,candidate_2,3,0.04666666666666667
7854,candidate_1,0,candidate_2,3,0.04666666666666667
7855,candidate_1,candidate_3,candidate_2,3,0.04666666666666667
7856,candidate_1,candidate_3,candidate_2,3,0.04666666666666667
7857,candidate_1,candidate_3,0,3,0.04666666666666667
7858,candidate_1,candidate_3,candidate_2,3,0.04666666666666667
7859,candidate_1,candidate_3,candidate_2,3,0.04666666666666667
7860,candidate_1,candidate_3,candidate_2,3,0.04666666666666667
7861,candidate_1,candidate_3,candidate_2,3,0.04666666666666667
7862,candidate_1,candidate_3,candidate_2,3,0.04666666666666667
7863,candidate_1,candidate_3,candidate_2,3,0.04666666666666667
7864,candidate_1,candidate_3,candidate_2,3,0.04666666666666667
7865,candidate_1,candidate_3,candidate_2,3,0.04666666666666667
7866,candidate_1,candidate_3,candidate_2,3,0.04666666666666667
7867,candidate_1,candidate_3,candidate_2,3,0.04666666666666667
7868,candidate_1,candidate_3,candidate_2,3,0.04666666666666667
7869,candidate_1,candidate_3,0,3,0.04666666666666667
7870,candidate_1,candidate_3,candidate_2,3,0.04666666666666667
7871,candidate_1,candidate_3,candidate_2,3,0.04666666666666667
7872,candidate_1,0,candidate_2,3,0.04666666666666667
7873,candidate_1,0,candidate_2,3,0.04666666666666667
7874,0,candidate_3,candidate_2,3,0.04666666666666667
7875,candidate_1,candidate_3,candidate_2,3,0.04666666666666667
7876,candidate_1,candidate_3,candidate_2,3,0.04666666666666667
7877,candidate_1,candidate_3,candidate_2,3,0.04666666666666667
7878,candidate_1,candidate_3,candidate_2,3,0.04666666666666667
7879,candidate_1,candidate_3,candidate_2,3,0.04666666666666667
7880,candidate_1,candidate_3,candidate_2,3,0.04666666666666667
7881,candidate_1,candidate_3,candidate_2,3,0.04666666666666667
7882,candidate_1,candidate_3,candidate_2,3,0.04666666666666667
7883,candidate_1,candidate_3,candidate_2,3,0.04666666666666667
7884,candidate_1,candidate_3,candidate_2,3,0.04666666666666667
7885,candidate_1,candidate_3,candidate_2,3,0.04666666666666667
7886,candidate_1,candidate_3,candidate_2,3,0.04666666666666667
7887,candidate_1,candidate_3,candidate_2,3,0.04666666666666667
7888,candidate_1,candidate_3,candidate_2,3,0.04666666666666667
7889,candidate_1,candidate_3,candidate_2,3,0.04666666666666667
7890,0,candidate_3,candidate_2,3,0.04666666666666667
7891,candidate_1,candidate_3,candidate_2,3,0.04666666666666667
7892,candidate_1,candidate_3,candidate_2,3,0.04666666666666667
7893,candidate_1,candidate_3,candidate_2,3,0.04666666666666667
7894,candidate_1,candidate_3,candidate_2,3,0.04666666666666667
7895,candidate_1,candidate_3,candidate_2,3,0.04666666666666667
7896,candidate_1,candidate_3,candidate_2,3,0.04666666666666667
7897,candidate_1,candidate_3,candidate_2,3,0.04666666666666667
7898,candidate_1,candidate_3,candidate_2,3,0.04666666666666667
7899,0,candidate_3,candidate_2,3,0.04666666666666667
7900,candidate_1,candidate_3,candidate_2,3,0.04666666666666667
7901,candidate_1,candidate_3,candidate_2,3,0.04666666666666667
7902,candidate_1,candidate_3,candidate_2,3,0.04666666666666667
7903,candidate_1,candidate_3,candidate_2,3,0.04666666666666667
7904,candidate_1,candidate_3,candidate_2,3,0.04666666666666667
7905,candidate_1,candidate_3,candidate_2,3,0.04666666666666667
7906,candidate_1,candidate_3,candidate_2,3,0.04666666666666667
7907,candidate_1,candidate_3,candidate_2,3,0.04666666666666667
7908,candidate_1,candidate_3,candidate_2,3,0.04666666666666667
7909,candidate_1,candidate_3,candidate_2,3,0.04666666666666667
7910,candidate_1,candidate_3,candidate_2,3,0.04666666666666667
7911,candidate_1,candidate_3,candidate_2,3,0.04666666666666667
7912,candidate_1,candidate_3,candidate_2,3,0.04666666666666667
7913,candidate_1,candidate_3,candidate_2,3,0.04666666666666667
7914,candidate_1,candidate_3,candidate_2,3,0.04666666666666667
7915,candidate_1,candidate_3,candidate_2,3,0.04666666666666667
7916,candidate_1,candidate_3,candidate_2,3,0.04666666666666667
7917,candidate_1,candidate_3,candidate_2,3,0.04666666666666667
7918,candidate_1,candidate_3,candidate_2,3,0.04666666666666667
7919,candidate_1,candidate_3,candidate_2,3,0.04666666666666667
7920,candidate_1,candidate_3,candidate_2,3,0.04666666666666667
7921,candidate_1,candidate_3,candidate_2,3,0.04666666666666667
7922,candidate_1,candidate_3,candidate_2,3,0.04666666666666667
7923,candidate_1,candidate_3,candidate_2,3,0.04666666666666667
7924,candidate_1,0,candidate_2,3,0.04666666666666667
7925,candidate_1,candidate_3,candidate_2,3,0.04666666666666667
7926,candidate_1,candidate_3,candidate_2,3,0.04666666666666667
7927,0,candidate_3,candidate_2,3,0.04666666666666667
7928,candidate_1,candidate_3,candidate_2,3,0.04666666666666667
7929,candidate_1,candidate_3,candidate_2,3,0.04666666666666667
7930,candidate_1,candidate_3,candidate_2,3,0.04666666666666667
7931,candidate_1,candidate_3,candidate_2,3,0.04666666666666667
7932,candidate_1,candidate_3,candidate_2,3,0.04666666666666667
7933,candidate_1,candidate_3,candidate_2,3,0.04666666666666667
7934,candidate_1,candidate_3,candidate_2,3,0.04666666666666667
7935,candidate_1,candidate_3,candidate_2,3,0.04666666666666667
7936,candidate_1,candidate_3,candidate_2,3,0.04666666666666667
7937,candidate_1,candidate_3,candidate_2,3,0.04666666666666667
7938,candidate_1,0,candidate_2,3,0.04666666666666667
7939,candidate_1,candidate_3,candidate_2,3,0.04666666666666667
7940,candidate_1,candidate_3,candidate_2,3,0.04666666666666667
7941,candidate_1,candidate_3,candidate_2,3,0.04666666666666667
7942,0,candidate_3,candidate_2,3,0.04666666666666667
7943,candidate_1,candidate_3,candidate_2,3,0.04666666666666667
7944,candidate_1,candidate_3,candidate_2,3,0.04666666666666667
7945,candidate_1,candidate_3,candidate_2,3,0.04666666666666667
7946,candidate_1,candidate_3,candidate_2,3,0.04666666666666667
7947,candidate_1,candidate_3,candidate_2,3,0.04666666666666667
7948,candidate_1,candidate_3,candidate_2,3,0.04666666666666667
7949,candidate_1,candidate_3,candidate_2,3,0.04666666666666667
7950,candidate_1,candidate_3,candidate_2,3,0.04666666666666667
7951,candidate_1,candidate_3,candidate_2,3,0.04666666666666667
7952,candidate_1,candidate_3,candidate_2,3,0.04666666666666667
7953,candidate_1,candidate_3,candidate_2,3,0.04666666666666667
7954,candidate_1,candidate_3,candidate_2,3,0.04666666666666667
7955,candidate_1,candidate_3,candidate_2,3,0.04666666666666667
7956,candidate_1,0,candidate_2,3,0.04666666666666667
7957,candidate_1,candidate_3,candidate_2,3,0.04666666666666667
7958,candidate_1,candidate_3,candidate_2,3,0.04666666666666667
7959,candidate_1,candidate_3,candidate_2,3,0.04666666666666667
7960,candidate_1,candidate_3,candidate_2,3,0.04666666666666667
7961,candidate_1,candidate_3,candidate_2,3,0.04666666666666667
7962,candidate_1,candidate_3,candidate_2,3,0.04666666666666667
7963,candidate_1,candidate_3,candidate_2,3,0.04666666666666667
7964,0,candidate_3,candidate_2,3,0.04666666666666667
7965,candidate_1,candidate_3,candidate_2,3,0.04666666666666667
7966,candidate_1,candidate_3,candidate_2,3,0.04666666666666667
7967,candidate_1,candidate_3,candidate_2,3,0.04666666666666667
7968,candidate_1,candidate_3,candidate_2,3,0.04666666666666667
7969,candidate_1,candidate_3,candidate_2,3,0.04666666666666667
7970,candidate_1,0,candidate_2,3,0.04666666666666667
7971,candidate_1,candidate_3,candidate_2,3,0.04666666666666667
7972,candidate_1,candidate_3,candidate_2,3,0.04666666666666667
7973,candidate_1,candidate_3,candidate_2,3,0.04666666666666667
7974,candidate_1,candidate_3,0,3,0.04666666666666667
7975,candidate_1,candidate_3,candidate_2,3,0.04666666666666667
7976,candidate_1,candidate_3,candidate_2,3,0.04666666666666667
7977,0,candidate_3,0,3,0.04666666666666667
7978,candidate_1,candidate_3,candidate_2,3,0.04666666666666667
7979,candidate_1,candidate_3,candidate_2,3,0.04666666666666667
7980,candidate_1,candidate_3,candidate_2,3,0.04666666666666667
7981,candidate_1,candidate_3,0,3,0.04666666666666667
7982,candidate_1,candidate_3,candidate_2,3,0.04666666666666667
7983,candidate_1,candidate_3,candidate_2,3,0.04666666666666667
7984,candidate_1,candidate_3,candidate_2,3,0.04666666666666667
7985,candidate_1,candidate_3,candidate_2,3,0.04666666666666667
7986,candidate_1,candidate_3,candidate_2,3,0.04666666666666667
7987,candidate_1,candidate_3,candidate_2,3,0.04666666666666667
7988,candidate_1,candidate_3,candidate_2,3,0.04666666666666667
7989,candidate_1,candidate_3,candidate_2,3,0.04666666666666667
7990,0,candidate_3,candidate_2,3,0.04666666666666667
7991,candidate_1,candidate_3,candidate_2,3,0.04666666666666667
7992,candidate_1,candidate_3,candidate_2,3,0.04666666666666667
7993,candidate_1,candidate_3,candidate_2,3,0.04666666666666667
7994,candidate_1,candidate_3,candidate_2,3,0.04666666666666667
7995,candidate_1,candidate_3,candidate_2,3,0.04666666666666667
7996,candidate_1,0,candidate_2,3,0.04666666666666667
7997,candidate_1,candidate_3,candidate_2,3,0.04666666666666667
7998,candidate_1,candidate_3,candidate_2,3,0.04666666666666667
7999,candidate_1,candidate_3,candidate_2,3,0.04666666666666667
8000,candidate_1,candidate_3,candidate_2,3,0.04666666666666667
8001,candidate_1,candidate_3,candidate_2,3,0.04666666666666667
8002,candidate_1,candidate_3,candidate_2,3,0.04666666666666667
8003,candidate_1,candidate_3,candidate_2,3,0.04666666666666667
8004,candidate_1,candidate_3,candidate_2,3,0.04666666666666667
8005,candidate_1,candidate_3,candidate_2,3,0.04666666666666667
8006,candidate_1,candidate_3,candidate_2,3,0.04666666666666667
8007,candidate_1,candidate_3,candidate_2,3,0.04666666666666667
8008,candidate_1,candidate_3,candidate_2,3,0.04666666666666667
8009,candidate_1,candidate_3,candidate_2,3,0.04666666666666667
8010,candidate_1,candidate_3,candidate_2,3,0.04666666666666667
8011,candidate_1,candidate_3,candidate_2,3,0.04666666666666667
8012,candidate_1,candidate_3,candidate_2,3,0.04666666666666667
8013,candidate_1,candidate_3,candidate_2,3,0.04666666666666667
8014,candidate_1,0,candidate_2,3,0.04666666666666667
8015,candidate_1,candidate_3,candidate_2,3,0.04666666666666667
8016,candidate_1,candidate_3,candidate_2,3,0.04666666666666667
8017,candidate_1,candidate_3,candidate_2,3,0.04666666666666667
8018,candidate_1,candidate_3,0,3,0.04666666666666667
8019,candidate_1,0,candidate_2,3,0.04666666666666667
8020,candidate_1,candidate_3,candidate_2,3,0.04666666666666667
8021,candidate_1,candidate_3,0,3,0.04666666666666667
8022,candidate_1,candidate_3,candidate_2,3,0.04666666666666667
8023,candidate_1,candidate_3,candidate_2,3,0.04666666666666667
8024,candidate_1,candidate_3,candidate_2,3,0.04666666666666667
8025,candidate_1,candidate_3,candidate_2,3,0.04666666666666667
8026,candidate_1,candidate_3,candidate_2,3,0.04666666666666667
8027,candidate_1,candidate_3,0,3,0.04666666666666667
8028,candidate_1,candidate_3,candidate_2,3,0.04666666666666667
8029,candidate_1,candidate_3,candidate_2,3,0.04666666666666667
8030,candidate_1,candidate_3,0,3,0.04666666666666667
8031,candidate_1,candidate_3,candidate_2,3,0.04666666666666667
8032,candidate_1,candidate_3,candidate_2,3,0.04666666666666667
8033,candidate_1,candidate_3,candidate_2,3,0.04666666666666667
8034,candidate_1,candidate_3,candidate_2,3,0.04666666666666667
8035,candidate_1,candidate_3,candidate_2,3,0.04666666666666667
8036,candidate_1,candidate_3,candidate_2,3,0.04666666666666667
8037,candidate_1,candidate_3,candidate_2,3,0.04666666666666667
8038,candidate_1,candidate_3,candidate_2,3,0.04666666666666667
8039,candidate_1,candidate_3,candidate_2,3,0.04666666666666667
8040,0,candidate_3,candidate_2,3,0.04666666666666667
8041,candidate_1,candidate_3,candidate_2,3,0.04666666666666667
8042,candidate_1,candidate_3,candidate_2,3,0.04666666666666667
8043,candidate_1,candidate_3,0,3,0.04666666666666667
8044,candidate_1,candidate_3,candidate_2,3,0.04666666666666667
8045,candidate_1,candidate_3,candidate_2,3,0.04666666666666667
8046,candidate_1,candidate_3,candidate_2,3,0.04666666666666667
8047,candidate_1,candidate_3,candidate_2,3,0.04666666666666667
8048,candidate_1,candidate_3,0,3,0.04666666666666667
8049,candidate_1,candidate_3,0,3,0.04666666666666667
8050,0,candidate_3,candidate_2,3,0.04666666666666667
8051,candidate_1,candidate_3,candidate_2,3,0.04666666666666667
8052,candidate_1,candidate_3,candidate_2,3,0.04666666666666667
8053,candidate_1,candidate_3,candidate_2,3,0.04666666666666667
8054,candidate_1,candidate_3,candidate_2,3,0.04666666666666667
8055,candidate_1,candidate_3,candidate_2,3,0.04666666666666667
8056,candidate_1,candidate_3,0,3,0.04666666666666667
8057,candidate_1,candidate_3,candidate_2,3,0.04666666666666667
8058,candidate_1,candidate_3,candidate_2,3,0.04666666666666667
8059,candidate_1,candidate_3,candidate_2,3,0.04666666666666667
8060,candidate_1,candidate_3,candidate_2,3,0.04666666666666667
8061,candidate_1,candidate_3,candidate_2,3,0.04666666666666667
8062,candidate_1,candidate_3,candidate_2,3,0.04666666666666667
8063,candidate_1,candidate_3,candidate_2,3,0.04666666666666667
8064,candidate_1,candidate_3,candidate_2,3,0.04666666666666667
8065,candidate_1,candidate_3,candidate_2,3,0.04666666666666667
8066,candidate_1,0,candidate_2,3,0.04666666666666667
8067,candidate_1,candidate_3,candidate_2,3,0.04666666666666667
8068,candidate_1,candidate_3,candidate_2,3,0.04666666666666667
8069,candidate_1,candidate_3,candidate_2,3,0.04666666666666667
8070,candidate_1,candidate_3,candidate_2,3,0.04666666666666667
8071,candidate_1,candidate_3,candidate_2,3,0.04666666666666667
8072,candidate_1,candidate_3,candidate_2,3,0.04666666666666667
8073,candidate_1,candidate_3,candidate_2,3,0.04666666666666667
8074,candidate_1,candidate_3,candidate_2,3,0.04666666666666667
8075,candidate_1,candidate_3,candidate_2,3,0.04666666666666667
8076,candidate_1,candidate_3,candidate_2,3,0.04666666666666667
8077,candidate_1,candidate_3,candidate_2,3,0.04666666666666667
8078,candidate_1,candidate_3,candidate_2,3,0.04666666666666667
8079,candidate_1,candidate_3,candidate_2,3,0.04666666666666667
8080,candidate_1,candidate_3,candidate_2,3,0.04666666666666667
8081,candidate_1,candidate_3,candidate_2,3,0.04666666666666667
8082,candidate_1,candidate_3,candidate_2,3,0.04666666666666667
8083,candidate_1,candidate_3,candidate_2,3,0.04666666666666667
8084,candidate_1,candidate_3,candidate_2,3,0.04666666666666667
8085,candidate_1,candidate_3,candidate_2,3,0.04666666666666667
8086,candidate_1,candidate_3,candidate_2,3,0.04666666666666667
8087,candidate_1,candidate_3,candidate_2,3,0.04666666666666667
8088,candidate_1,candidate_3,candidate_2,3,0.04666666666666667
8089,candidate_1,candidate_3,candidate_2,3,0.04666666666666667
8090,candidate_1,candidate_3,candidate_2,3,0.04666666666666667
8091,candidate_1,candidate_3,candidate_2,3,0.04666666666666667
8092,candidate_1,candidate_3,candidate_2,3,0.04666666666666667
8093,candidate_1,candidate_3,candidate_2,3,0.04666666666666667
8094,candidate_1,candidate_3,candidate_2,3,0.04666666666666667
8095,candidate_1,candidate_3,candidate_2,3,0.04666666666666667
8096,candidate_1,candidate_3,candidate_2,3,0.04666666666666667
8097,candidate_1,candidate_3,candidate_2,3,0.04666666666666667
8098,candidate_1,candidate_3,candidate_2,3,0.04666666666666667
8099,candidate_1,candidate_3,candidate_2,3,0.04666666666666667
8100,candidate_1,candidate_3,candidate_2,3,0.04666666666666667
8101,candidate_1,candidate_3,candidate_2,3,0.04666666666666667
8102,candidate_1,candidate_3,candidate_2,3,0.04666666666666667
8103,candidate_1,candidate_3,candidate_2,3,0.04666666666666667
8104,candidate_1,candidate_3,candidate_2,3,0.04666666666666667
8105,candidate_1,candidate_3,candidate_2,3,0.04666666666666667
8106,candidate_1,candidate_3,candidate_2,3,0.04666666666666667
8107,candidate_1,candidate_3,candidate_2,3,0.04666666666666667
8108,candidate_1,candidate_3,candidate_2,3,0.04666666666666667
8109,0,0,candidate_2,3,0.04666666666666667
8110,0,candidate_3,candidate_2,3,0.04666666666666667
8111,candidate_1,candidate_3,candidate_2,3,0.04666666666666667
8112,candidate_1,candidate_3,candidate_2,3,0.04666666666666667
8113,candidate_1,candidate_3,candidate_2,3,0.04666666666666667
8114,candidate_1,candidate_3,candidate_2,3,0.04666666666666667
8115,candidate_1,candidate_3,candidate_2,3,0.04666666666666667
8116,candidate_1,candidate_3,candidate_2,3,0.04666666666666667
8117,candidate_1,candidate_3,candidate_2,3,0.04666666666666667
8118,candidate_1,candidate_3,candidate_2,3,0.04666666666666667
8119,candidate_1,candidate_3,candidate_2,3,0.04666666666666667
8120,candidate_1,candidate_3,0,3,0.04666666666666667
8121,candidate_1,candidate_3,candidate_2,3,0.04666666666666667
8122,candidate_1,candidate_3,candidate_2,3,0.04666666666666667
8123,candidate_1,candidate_3,candidate_2,3,0.04666666666666667
8124,candidate_1,candidate_3,0,3,0.04666666666666667
8125,candidate_1,candidate_3,candidate_2,3,0.04666666666666667
8126,candidate_1,candidate_3,candidate_2,3,0.04666666666666667
8127,candidate_1,candidate_3,candidate_2,3,0.04666666666666667
8128,candidate_1,candidate_3,candidate_2,3,0.04666666666666667
8129,candidate_1,candidate_3,candidate_2,3,0.04666666666666667
8130,candidate_1,candidate_3,candidate_2,3,0.04666666666666667
8131,candidate_1,candidate_3,0,3,0.04666666666666667
8132,candidate_1,candidate_3,candidate_2,3,0.04666666666666667
8133,candidate_1,candidate_3,candidate_2,3,0.04666666666666667
8134,candidate_1,candidate_3,candidate_2,3,0.04666666666666667
8135,candidate_1,candidate_3,candidate_2,3,0.04666666666666667
8136,candidate_1,candidate_3,candidate_2,3,0.04666666666666667
8137,candidate_1,candidate_3,candidate_2,3,0.04666666666666667
8138,candidate_1,candidate_3,0,3,0.04666666666666667
8139,candidate_1,candidate_3,candidate_2,3,0.04666666666666667
8140,candidate_1,candidate_3,candidate_2,3,0.04666666666666667
8141,candidate_1,candidate_3,candidate_2,3,0.04666666666666667
8142,candidate_1,candidate_3,candidate_2,3,0.04666666666666667
8143,candidate_1,candidate_3,candidate_2,3,0.04666666666666667
8144,0,0,candidate_2,3,0.04666666666666667
8145,candidate_1,candidate_3,0,3,0.04666666666666667
8146,candidate_1,candidate_3,candidate_2,3,0.04666666666666667
8147,candidate_1,0,candidate_2,3,0.04666666666666667
8148,candidate_1,candidate_3,candidate_2,3,0.04666666666666667
8149,candidate_1,candidate_3,candidate_2,3,0.04666666666666667
8150,candidate_1,candidate_3,candidate_2,3,0.04666666666666667
8151,candidate_1,candidate_3,candidate_2,3,0.04666666666666667
8152,candidate_1,candidate_3,candidate_2,3,0.04666666666666667
8153,candidate_1,candidate_3,0,3,0.04666666666666667
8154,candidate_1,candidate_3,candidate_2,3,0.04666666666666667
8155,candidate_1,candidate_3,0,3,0.04666666666666667
8156,candidate_1,candidate_3,candidate_2,3,0.04666666666666667
8157,candidate_1,candidate_3,candidate_2,3,0.04666666666666667
8158,candidate_1,candidate_3,candidate_2,3,0.04666666666666667
8159,0,candidate_3,candidate_2,3,0.04666666666666667
8160,0,candidate_3,candidate_2,3,0.04666666666666667
8161,candidate_1,candidate_3,candidate_2,3,0.04666666666666667
8162,candidate_1,candidate_3,candidate_2,3,0.04666666666666667
8163,0,candidate_3,candidate_2,3,0.04666666666666667
8164,candidate_1,candidate_3,candidate_2,3,0.04666666666666667
8165,candidate_1,candidate_3,candidate_2,3,0.04666666666666667
8166,candidate_1,candidate_3,0,3,0.04666666666666667
8167,candidate_1,candidate_3,candidate_2,3,0.04666666666666667
8168,candidate_1,candidate_3,candidate_2,3,0.04666666666666667
8169,candidate_1,candidate_3,0,3,0.04666666666666667
8170,candidate_1,candidate_3,candidate_2,3,0.04666666666666667
8171,candidate_1,candidate_3,candidate_2,3,0.04666666666666667
8172,candidate_1,candidate_3,candidate_2,3,0.04666666666666667
8173,candidate_1,candidate_3,candidate_2,3,0.04666666666666667
8174,candidate_1,candidate_3,candidate_2,3,0.04666666666666667
8175,candidate_1,candidate_3,candidate_2,3,0.04666666666666667
8176,candidate_1,candidate_3,candidate_2,3,0.04666666666666667
8177,candidate_1,candidate_3,candidate_2,3,0.04666666666666667
8178,candidate_1,candidate_3,candidate_2,3,0.04666666666666667
8179,candidate_1,candidate_3,candidate_2,3,0.04666666666666667
8180,candidate_1,candidate_3,candidate_2,3,0.04666666666666667
8181,candidate_1,candidate_3,candidate_2,3,0.04666666666666667
8182,candidate_1,candidate_3,candidate_2,3,0.04666666666666667
8183,candidate_1,candidate_3,candidate_2,3,0.04666666666666667
8184,candidate_1,candidate_3,candidate_2,3,0.04666666666666667
8185,candidate_1,candidate_3,candidate_2,3,0.04666666666666667
8186,candidate_1,candidate_3,candidate_2,3,0.04666666666666667
8187,candidate_1,candidate_3,candidate_2,3,0.04666666666666667
8188,candidate_1,candidate_3,0,3,0.04666666666666667
8189,candidate_1,candidate_3,candidate_2,3,0.04666666666666667
8190,candidate_1,candidate_3,candidate_2,3,0.04666666666666667
8191,candidate_1,candidate_3,candidate_2,3,0.04666666666666667
8192,candidate_1,candidate_3,0,3,0.04666666666666667
8193,candidate_1,candidate_3,candidate_2,3,0.04666666666666667
8194,candidate_1,candidate_3,candidate_2,3,0.04666666666666667
8195,candidate_1,candidate_3,candidate_2,3,0.04666666666666667
8196,candidate_1,candidate_3,candidate_2,3,0.04666666666666667
8197,candidate_1,candidate_3,candidate_2,3,0.04666666666666667
8198,candidate_1,candidate_3,candidate_2,3,0.04666666666666667
8199,candidate_1,candidate_3,candidate_2,3,0.04666666666666667
8200,candidate_1,candidate_3,candidate_2,3,0.04666666666666667
8201,candidate_1,candidate_3,candidate_2,3,0.04666666666666667
8202,candidate_1,0,candidate_2,3,0.04666666666666667
8203,candidate_1,candidate_3,candidate_2,3,0.04666666666666667
8204,0,candidate_3,candidate_2,3,0.04666666666666667
8205,candidate_1,candidate_3,candidate_2,3,0.04666666666666667
8206,candidate_1,candidate_3,candidate_2,3,0.04666666666666667
8207,candidate_1,candidate_3,candidate_2,3,0.04666666666666667
8208,candidate_1,0,candidate_2,3,0.04666666666666667
8209,candidate_1,candidate_3,candidate_2,3,0.04666666666666667
8210,candidate_1,candidate_3,candidate_2,3,0.04666666666666667
8211,candidate_1,candidate_3,candidate_2,3,0.04666666666666667
8212,candidate_1,candidate_3,candidate_2,3,0.04666666666666667
8213,candidate_1,candidate_3,candidate_2,3,0.04666666666666667
8214,candidate_1,candidate_3,candidate_2,3,0.04666666666666667
8215,candidate_1,candidate_3,candidate_2,3,0.04666666666666667
8216,candidate_1,candidate_3,candidate_2,3,0.04666666666666667
8217,candidate_1,candidate_3,candidate_2,3,0.04666666666666667
8218,candidate_1,candidate_3,candidate_2,3,0.04666666666666667
8219,candidate_1,candidate_3,candidate_2,3,0.04666666666666667
8220,candidate_1,candidate_3,candidate_2,3,0.04666666666666667
8221,candidate_1,candidate_3,candidate_2,3,0.04666666666666667
8222,0,candidate_3,candidate_2,3,0.04666666666666667
8223,candidate_1,candidate_3,candidate_2,3,0.04666666666666667
8224,candidate_1,candidate_3,candidate_2,3,0.04666666666666667
8225,candidate_1,candidate_3,candidate_2,3,0.04666666666666667
8226,candidate_1,candidate_3,candidate_2,3,0.04666666666666667
8227,candidate_1,candidate_3,candidate_2,3,0.04666666666666667
8228,candidate_1,candidate_3,candidate_2,3,0.04666666666666667
8229,candidate_1,candidate_3,candidate_2,3,0.04666666666666667
8230,candidate_1,candidate_3,candidate_2,3,0.04666666666666667
8231,candidate_1,candidate_3,candidate_2,3,0.04666666666666667
8232,candidate_1,candidate_3,candidate_2,3,0.04666666666666667
8233,candidate_1,candidate_3,candidate_2,3,0.04666666666666667
8234,0,candidate_3,candidate_2,3,0.04666666666666667
8235,candidate_1,candidate_3,candidate_2,3,0.04666666666666667
8236,candidate_1,candidate_3,candidate_2,3,0.04666666666666667
8237,candidate_1,candidate_3,candidate_2,3,0.04666666666666667
8238,candidate_1,candidate_3,candidate_2,3,0.04666666666666667
8239,candidate_1,candidate_3,candidate_2,3,0.04666666666666667
8240,candidate_1,candidate_3,candidate_2,3,0.04666666666666667
8241,candidate_1,candidate_3,candidate_2,3,0.04666666666666667
8242,candidate_1,candidate_3,candidate_2,3,0.04666666666666667
8243,candidate_1,candidate_3,candidate_2,3,0.04666666666666667
8244,candidate_1,candidate_3,candidate_2,3,0.04666666666666667
8245,candidate_1,candidate_3,candidate_2,3,0.04666666666666667
8246,candidate_1,candidate_3,candidate_2,3,0.04666666666666667
8247,candidate_1,candidate_3,candidate_2,3,0.04666666666666667
8248,candidate_1,candidate_3,candidate_2,3,0.04666666666666667
8249,candidate_1,candidate_3,candidate_2,3,0.04666666666666667
8250,0,candidate_3,candidate_2,3,0.04666666666666667
8251,candidate_1,candidate_3,candidate_2,3,0.04666666666666667
8252,candidate_1,candidate_3,candidate_2,3,0.04666666666666667
8253,candidate_1,candidate_3,candidate_2,3,0.04666666666666667
8254,candidate_1,candidate_3,candidate_2,3,0.04666666666666667
8255,candidate_1,candidate_3,candidate_2,3,0.04666666666666667
8256,candidate_1,candidate_3,candidate_2,3,0.04666666666666667
8257,candidate_1,candidate_3,candidate_2,3,0.04666666666666667
8258,candidate_1,candidate_3,candidate_2,3,0.04666666666666667
8259,candidate_1,candidate_3,candidate_2,3,0.04666666666666667
8260,candidate_1,candidate_3,candidate_2,3,0.04666666666666667
8261,candidate_1,candidate_3,candidate_2,3,0.04666666666666667
8262,candidate_1,candidate_3,candidate_2,3,0.04666666666666667
8263,candidate_1,candidate_3,candidate_2,3,0.04666666666666667
8264,candidate_1,candidate_3,candidate_2,3,0.04666666666666667
8265,candidate_1,candidate_3,candidate_2,3,0.04666666666666667
8266,candidate_1,candidate_3,candidate_2,3,0.04666666666666667
8267,candidate_1,candidate_3,candidate_2,3,0.04666666666666667
8268,candidate_1,candidate_3,candidate_2,3,0.04666666666666667
8269,candidate_1,candidate_3,candidate_2,3,0.04666666666666667
8270,candidate_1,candidate_3,candidate_2,3,0.04666666666666667
8271,candidate_1,candidate_3,candidate_2,3,0.04666666666666667
8272,candidate_1,candidate_3,candidate_2,3,0.04666666666666667
8273,candidate_1,candidate_3,candidate_2,3,0.04666666666666667
8274,candidate_1,candidate_3,candidate_2,3,0.04666666666666667
8275,candidate_1,candidate_3,candidate_2,3,0.04666666666666667
8276,candidate_1,candidate_3,candidate_2,3,0.04666666666666667
8277,candidate_1,candidate_3,candidate_2,3,0.04666666666666667
8278,candidate_1,candidate_3,candidate_2,3,0.04666666666666667
8279,candidate_1,candidate_3,candidate_2,3,0.04666666666666667
8280,candidate_1,candidate_3,candidate_2,3,0.04666666666666667
8281,candidate_1,candidate_3,candidate_2,3,0.04666666666666667
8282,candidate_1,candidate_3,candidate_2,3,0.04666666666666667
8283,candidate_1,candidate_3,candidate_2,3,0.04666666666666667
8284,candidate_1,candidate_3,candidate_2,3,0.04666666666666667
8285,candidate_1,candidate_3,candidate_2,3,0.04666666666666667
8286,candidate_1,candidate_3,candidate_2,3,0.04666666666666667
8287,candidate_1,0,candidate_2,3,0.04666666666666667
8288,candidate_1,candidate_3,candidate_2,3,0.04666666666666667
8289,candidate_1,candidate_3,0,3,0.04666666666666667
8290,candidate_1,candidate_3,candidate_2,3,0.04666666666666667
8291,candidate_1,candidate_3,candidate_2,3,0.04666666666666667
8292,candidate_1,candidate_3,candidate_2,3,0.04666666666666667
8293,candidate_1,0,candidate_2,3,0.04666666666666667
8294,candidate_1,candidate_3,candidate_2,3,0.04666666666666667
8295,candidate_1,candidate_3,candidate_2,3,0.04666666666666667
8296,candidate_1,candidate_3,candidate_2,3,0.04666666666666667
8297,candidate_1,candidate_3,candidate_2,3,0.04666666666666667
8298,candidate_1,candidate_3,candidate_2,3,0.04666666666666667
8299,candidate_1,candidate_3,candidate_2,3,0.04666666666666667
8300,candidate_1,candidate_3,candidate_2,3,0.04666666666666667
8301,candidate_1,candidate_3,candidate_2,3,0.04666666666666667
8302,candidate_1,candidate_3,candidate_2,3,0.04666666666666667
8303,candidate_1,candidate_3,candidate_2,3,0.04666666666666667
8304,candidate_1,candidate_3,candidate_2,3,0.04666666666666667
8305,candidate_1,candidate_3,candidate_2,3,0.04666666666666667
8306,candidate_1,candidate_3,candidate_2,3,0.04666666666666667
8307,candidate_1,candidate_3,candidate_2,3,0.04666666666666667
8308,candidate_1,candidate_3,candidate_2,3,0.04666666666666667
8309,candidate_1,candidate_3,candidate_2,3,0.04666666666666667
8310,candidate_1,candidate_3,candidate_2,3,0.04666666666666667
8311,candidate_1,candidate_3,candidate_2,3,0.04666666666666667
8312,candidate_1,candidate_3,0,3,0.04666666666666667
8313,candidate_1,candidate_3,candidate_2,3,0.04666666666666667
8314,candidate_1,candidate_3,candidate_2,3,0.04666666666666667
8315,candidate_1,candidate_3,candidate_2,3,0.04666666666666667
8316,candidate_1,candidate_3,candidate_2,3,0.04666666666666667
8317,candidate_1,candidate_3,candidate_2,3,0.04666666666666667
8318,candidate_1,candidate_3,candidate_2,3,0.04666666666666667
8319,candidate_1,candidate_3,candidate_2,3,0.04666666666666667
8320,candidate_1,candidate_3,candidate_2,3,0.04666666666666667
8321,candidate_1,candidate_3,candidate_2,3,0.04666666666666667
8322,candidate_1,candidate_3,candidate_2,3,0.04666666666666667
8323,candidate_1,candidate_3,candidate_2,3,0.04666666666666667
8324,candidate_1,candidate_3,candidate_2,3,0.04666666666666667
8325,candidate_1,candidate_3,candidate_2,3,0.04666666666666667
8326,candidate_1,candidate_3,candidate_2,3,0.04666666666666667
8327,candidate_1,candidate_3,candidate_2,3,0.04666666666666667
8328,candidate_1,candidate_3,candidate_2,3,0.04666666666666667
8329,candidate_1,candidate_3,candidate_2,3,0.04666666666666667
8330,candidate_1,candidate_3,candidate_2,3,0.04666666666666667
8331,candidate_1,candidate_3,candidate_2,3,0.04666666666666667
8332,0,candidate_3,candidate_2,3,0.04666666666666667
8333,candidate_1,candidate_3,candidate_2,3,0.04666666666666667
8334,candidate_1,candidate_3,candidate_2,3,0.04666666666666667
8335,candidate_1,candidate_3,candidate_2,3,0.04666666666666667
8336,candidate_1,candidate_3,candidate_2,3,0.04666666666666667
8337,candidate_1,candidate_3,candidate_2,3,0.04666666666666667
8338,candidate_1,candidate_3,candidate_2,3,0.04666666666666667
8339,candidate_1,candidate_3,candidate_2,3,0.04666666666666667
8340,candidate_1,candidate_3,candidate_2,3,0.04666666666666667
8341,candidate_1,candidate_3,candidate_2,3,0.04666666666666667
8342,candidate_1,candidate_3,0,3,0.04666666666666667
8343,candidate_1,candidate_3,candidate_2,3,0.04666666666666667
8344,candidate_1,candidate_3,candidate_2,3,0.04666666666666667
8345,candidate_1,candidate_3,candidate_2,3,0.04666666666666667
8346,candidate_1,candidate_3,candidate_2,3,0.04666666666666667
8347,candidate_1,candidate_3,candidate_2,3,0.04666666666666667
8348,candidate_1,candidate_3,candidate_2,3,0.04666666666666667
8349,candidate_1,candidate_3,candidate_2,3,0.04666666666666667
8350,candidate_1,candidate_3,candidate_2,3,0.04666666666666667
8351,candidate_1,candidate_3,candidate_2,3,0.04666666666666667
8352,candidate_1,candidate_3,candidate_2,3,0.04666666666666667
8353,candidate_1,candidate_3,candidate_2,3,0.04666666666666667
8354,candidate_1,candidate_3,candidate_2,3,0.04666666666666667
8355,candidate_1,candidate_3,candidate_2,3,0.04666666666666667
8356,candidate_1,candidate_3,candidate_2,3,0.04666666666666667
8357,candidate_1,candidate_3,candidate_2,3,0.04666666666666667
8358,candidate_1,candidate_3,candidate_2,3,0.04666666666666667
8359,candidate_1,candidate_3,candidate_2,3,0.04666666666666667
8360,candidate_1,candidate_3,candidate_2,3,0.04666666666666667
8361,candidate_1,candidate_3,candidate_2,3,0.04666666666666667
8362,candidate_1,candidate_3,candidate_2,3,0.04666666666666667
8363,candidate_1,candidate_3,candidate_2,3,0.04666666666666667
8364,candidate_1,candidate_3,candidate_2,3,0.04666666666666667
8365,candidate_1,candidate_3,candidate_2,3,0.04666666666666667
8366,candidate_1,0,candidate_2,3,0.04666666666666667
8367,candidate_1,candidate_3,candidate_2,3,0.04666666666666667
8368,candidate_1,candidate_3,candidate_2,3,0.04666666666666667
8369,candidate_1,candidate_3,candidate_2,3,0.04666666666666667
8370,candidate_1,candidate_3,candidate_2,3,0.04666666666666667
8371,candidate_1,candidate_3,candidate_2,3,0.04666666666666667
8372,candidate_1,candidate_3,candidate_2,3,0.04666666666666667
8373,candidate_1,candidate_3,candidate_2,3,0.04666666666666667
8374,candidate_1,candidate_3,candidate_2,3,0.04666666666666667
8375,candidate_1,candidate_3,candidate_2,3,0.04666666666666667
8376,candidate_1,candidate_3,candidate_2,3,0.04666666666666667
8377,0,0,candidate_2,3,0.04666666666666667
8378,candidate_1,candidate_3,candidate_2,3,0.04666666666666667
8379,candidate_1,candidate_3,candidate_2,3,0.04666666666666667
8380,candidate_1,candidate_3,candidate_2,3,0.04666666666666667
8381,candidate_1,candidate_3,candidate_2,3,0.04666666666666667
8382,candidate_1,0,candidate_2,3,0.04666666666666667
8383,candidate_1,candidate_3,candidate_2,3,0.04666666666666667
8384,candidate_1,0,candidate_2,3,0.04666666666666667
8385,candidate_1,candidate_3,0,3,0.04666666666666667
8386,candidate_1,candidate_3,0,3,0.04666666666666667
8387,candidate_1,0,candidate_2,3,0.04666666666666667
8388,candidate_1,candidate_3,candidate_2,3,0.04666666666666667
8389,candidate_1,candidate_3,candidate_2,3,0.04666666666666667
8390,candidate_1,candidate_3,candidate_2,3,0.04666666666666667
8391,candidate_1,candidate_3,candidate_2,3,0.04666666666666667
8392,candidate_1,candidate_3,candidate_2,3,0.04666666666666667
8393,candidate_1,candidate_3,candidate_2,3,0.04666666666666667
8394,candidate_1,candidate_3,candidate_2,3,0.04666666666666667
8395,candidate_1,candidate_3,candidate_2,3,0.04666666666666667
8396,candidate_1,candidate_3,candidate_2,3,0.04666666666666667
8397,candidate_1,candidate_3,candidate_2,3,0.04666666666666667
8398,candidate_1,candidate_3,candidate_2,3,0.04666666666666667
8399,candidate_1,candidate_3,candidate_2,3,0.04666666666666667
8400,candidate_1,candidate_3,candidate_2,3,0.04666666666666667
8401,candidate_1,candidate_3,candidate_2,3,0.04666666666666667
8402,candidate_1,candidate_3,candidate_2,3,0.04666666666666667
8403,candidate_1,candidate_3,candidate_2,3,0.04666666666666667
8404,candidate_1,candidate_3,candidate_2,3,0.04666666666666667
8405,candidate_1,candidate_3,candidate_2,3,0.04666666666666667
8406,candidate_1,candidate_3,candidate_2,3,0.04666666666666667
8407,candidate_1,candidate_3,candidate_2,3,0.04666666666666667
8408,candidate_1,candidate_3,candidate_2,3,0.04666666666666667
8409,0,candidate_3,candidate_2,3,0.04666666666666667
8410,candidate_1,candidate_3,candidate_2,3,0.04666666666666667
8411,candidate_1,candidate_3,candidate_2,3,0.04666666666666667
8412,candidate_1,candidate_3,candidate_2,3,0.04666666666666667
8413,candidate_1,candidate_3,candidate_2,3,0.04666666666666667
8414,0,candidate_3,candidate_2,3,0.04666666666666667
8415,candidate_1,candidate_3,candidate_2,3,0.04666666666666667
8416,candidate_1,candidate_3,candidate_2,3,0.04666666666666667
8417,candidate_1,candidate_3,candidate_2,3,0.04666666666666667
8418,0,0,0,3,0.04666666666666667
8419,candidate_1,0,candidate_2,3,0.04666666666666667
8420,0,candidate_3,candidate_2,3,0.04666666666666667
8421,candidate_1,candidate_3,candidate_2,3,0.04666666666666667
8422,candidate_1,candidate_3,candidate_2,3,0.04666666666666667
8423,candidate_1,candidate_3,candidate_2,3,0.04666666666666667
8424,candidate_1,candidate_3,candidate_2,3,0.04666666666666667
8425,candidate_1,candidate_3,candidate_2,3,0.04666666666666667
8426,candidate_1,candidate_3,candidate_2,3,0.04666666666666667
8427,candidate_1,candidate_3,candidate_2,3,0.04666666666666667
8428,candidate_1,candidate_3,candidate_2,3,0.04666666666666667
8429,candidate_1,candidate_3,candidate_2,3,0.04666666666666667
8430,candidate_1,candidate_3,candidate_2,3,0.04666666666666667
8431,candidate_1,candidate_3,candidate_2,3,0.04666666666666667
8432,candidate_1,candidate_3,candidate_2,3,0.04666666666666667
8433,candidate_1,candidate_3,candidate_2,3,0.04666666666666667
8434,candidate_1,candidate_3,candidate_2,3,0.04666666666666667
8435,candidate_1,candidate_3,candidate_2,3,0.04666666666666667
8436,candidate_1,candidate_3,candidate_2,3,0.04666666666666667
8437,candidate_1,candidate_3,candidate_2,3,0.04666666666666667
8438,candidate_1,candidate_3,candidate_2,3,0.04666666666666667
8439,candidate_1,candidate_3,candidate_2,3,0.04666666666666667
8440,candidate_1,candidate_3,candidate_2,3,0.04666666666666667
8441,candidate_1,candidate_3,candidate_2,3,0.04666666666666667
8442,candidate_1,candidate_3,candidate_2,3,0.04666666666666667
8443,candidate_1,candidate_3,candidate_2,3,0.04666666666666667
8444,0,candidate_3,candidate_2,3,0.04666666666666667
8445,0,candidate_3,candidate_2,3,0.04666666666666667
8446,candidate_1,candidate_3,candidate_2,3,0.04666666666666667
8447,candidate_1,candidate_3,candidate_2,3,0.04666666666666667
8448,candidate_1,candidate_3,0,3,0.04666666666666667
8449,candidate_1,candidate_3,candidate_2,3,0.04666666666666667
8450,candidate_1,candidate_3,candidate_2,3,0.04666666666666667
8451,0,candidate_3,candidate_2,3,0.04666666666666667
8452,candidate_1,candidate_3,candidate_2,3,0.04666666666666667
8453,candidate_1,candidate_3,candidate_2,3,0.04666666666666667
8454,candidate_1,candidate_3,candidate_2,3,0.04666666666666667
8455,candidate_1,candidate_3,candidate_2,3,0.04666666666666667
8456,candidate_1,candidate_3,candidate_2,3,0.04666666666666667
8457,candidate_1,candidate_3,candidate_2,3,0.04666666666666667
8458,candidate_1,candidate_3,candidate_2,3,0.04666666666666667
8459,candidate_1,candidate_3,candidate_2,3,0.04666666666666667
8460,candidate_1,candidate_3,candidate_2,3,0.04666666666666667
8461,candidate_1,candidate_3,candidate_2,3,0.04666666666666667
8462,candidate_1,candidate_3,candidate_2,3,0.04666666666666667
8463,0,candidate_3,candidate_2,3,0.04666666666666667
8464,candidate_1,candidate_3,candidate_2,3,0.04666666666666667
8465,candidate_1,candidate_3,candidate_2,3,0.04666666666666667
8466,candidate_1,candidate_3,candidate_2,3,0.04666666666666667
8467,candidate_1,candidate_3,candidate_2,3,0.04666666666666667
8468,candidate_1,candidate_3,candidate_2,3,0.04666666666666667
8469,candidate_1,candidate_3,candidate_2,3,0.04666666666666667
8470,candidate_1,candidate_3,candidate_2,3,0.04666666666666667
8471,candidate_1,candidate_3,candidate_2,3,0.04666666666666667
8472,candidate_1,candidate_3,candidate_2,3,0.04666666666666667
8473,candidate_1,candidate_3,candidate_2,3,0.04666666666666667
8474,candidate_1,candidate_3,candidate_2,3,0.04666666666666667
8475,candidate_1,candidate_3,candidate_2,3,0.04666666666666667
8476,0,candidate_3,candidate_2,3,0.04666666666666667
8477,candidate_1,candidate_3,candidate_2,3,0.04666666666666667
8478,candidate_1,0,candidate_2,3,0.04666666666666667
8479,candidate_1,candidate_3,candidate_2,3,0.04666666666666667
8480,candidate_1,0,candidate_2,3,0.04666666666666667
8481,candidate_1,candidate_3,candidate_2,3,0.04666666666666667
8482,candidate_1,candidate_3,candidate_2,3,0.04666666666666667
8483,candidate_1,candidate_3,candidate_2,3,0.04666666666666667
8484,candidate_1,candidate_3,candidate_2,3,0.04666666666666667
8485,candidate_1,0,candidate_2,3,0.04666666666666667
8486,candidate_1,candidate_3,candidate_2,3,0.04666666666666667
8487,candidate_1,candidate_3,candidate_2,3,0.04666666666666667
8488,candidate_1,candidate_3,candidate_2,3,0.04666666666666667
8489,candidate_1,candidate_3,candidate_2,3,0.04666666666666667
8490,candidate_1,candidate_3,candidate_2,3,0.04666666666666667
8491,candidate_1,candidate_3,candidate_2,3,0.04666666666666667
8492,candidate_1,candidate_3,candidate_2,3,0.04666666666666667
8493,candidate_1,candidate_3,candidate_2,3,0.04666666666666667
8494,candidate_1,candidate_3,candidate_2,3,0.04666666666666667
8495,candidate_1,candidate_3,candidate_2,3,0.04666666666666667
8496,candidate_1,candidate_3,candidate_2,3,0.04666666666666667
8497,candidate_1,candidate_3,candidate_2,3,0.04666666666666667
8498,candidate_1,candidate_3,candidate_2,3,0.04666666666666667
8499,candidate_1,candidate_3,0,3,0.04666666666666667
8500,candidate_1,candidate_3,candidate_2,3,0.04666666666666667
8501,candidate_1,candidate_3,candidate_2,3,0.04666666666666667
8502,candidate_1,0,candidate_2,3,0.04666666666666667
8503,candidate_1,candidate_3,candidate_2,3,0.04666666666666667
8504,candidate_1,candidate_3,candidate_2,3,0.04666666666666667
8505,candidate_1,candidate_3,candidate_2,3,0.04666666666666667
8506,candidate_1,candidate_3,candidate_2,3,0.04666666666666667
8507,candidate_1,candidate_3,candidate_2,3,0.04666666666666667
8508,candidate_1,0,candidate_2,3,0.04666666666666667
8509,candidate_1,candidate_3,candidate_2,3,0.04666666666666667
8510,candidate_1,candidate_3,candidate_2,3,0.04666666666666667
8511,candidate_1,candidate_3,candidate_2,3,0.04666666666666667
8512,candidate_1,candidate_3,candidate_2,3,0.04666666666666667
8513,candidate_1,candidate_3,candidate_2,3,0.04666666666666667
8514,candidate_1,candidate_3,candidate_2,3,0.04666666666666667
8515,candidate_1,candidate_3,candidate_2,3,0.04666666666666667
8516,candidate_1,candidate_3,candidate_2,3,0.04666666666666667
8517,candidate_1,candidate_3,candidate_2,3,0.04666666666666667
8518,candidate_1,candidate_3,candidate_2,3,0.04666666666666667
8519,candidate_1,candidate_3,candidate_2,3,0.04666666666666667
8520,candidate_1,candidate_3,candidate_2,3,0.04666666666666667
8521,candidate_1,candidate_3,candidate_2,3,0.04666666666666667
8522,candidate_1,candidate_3,candidate_2,3,0.04666666666666667
8523,candidate_1,candidate_3,candidate_2,3,0.04666666666666667
8524,candidate_1,candidate_3,0,3,0.04666666666666667
8525,candidate_1,candidate_3,candidate_2,3,0.04666666666666667
8526,candidate_1,candidate_3,candidate_2,3,0.04666666666666667
8527,candidate_1,0,candidate_2,3,0.04666666666666667
8528,candidate_1,0,candidate_2,3,0.04666666666666667
8529,candidate_1,candidate_3,candidate_2,3,0.04666666666666667
8530,candidate_1,candidate_3,0,3,0.04666666666666667
8531,candidate_1,candidate_3,candidate_2,3,0.04666666666666667
8532,candidate_1,candidate_3,candidate_2,3,0.04666666666666667
8533,candidate_1,candidate_3,0,3,0.04666666666666667
8534,candidate_1,candidate_3,candidate_2,3,0.04666666666666667
8535,candidate_1,candidate_3,candidate_2,3,0.04666666666666667
8536,candidate_1,candidate_3,candidate_2,3,0.04666666666666667
8537,candidate_1,candidate_3,candidate_2,3,0.04666666666666667
8538,candidate_1,candidate_3,candidate_2,3,0.04666666666666667
8539,candidate_1,candidate_3,candidate_2,3,0.04666666666666667
8540,candidate_1,candidate_3,candidate_2,3,0.04666666666666667
8541,candidate_1,candidate_3,candidate_2,3,0.04666666666666667
8542,candidate_1,candidate_3,candidate_2,3,0.04666666666666667
8543,candidate_1,candidate_3,0,3,0.04666666666666667
8544,candidate_1,candidate_3,candidate_2,3,0.04666666666666667
8545,candidate_1,candidate_3,candidate_2,3,0.04666666666666667
8546,candidate_1,candidate_3,candidate_2,3,0.04666666666666667
8547,candidate_1,candidate_3,candidate_2,3,0.04666666666666667
8548,candidate_1,candidate_3,0,3,0.04666666666666667
8549,candidate_1,candidate_3,candidate_2,3,0.04666666666666667
8550,candidate_1,candidate_3,candidate_2,3,0.04666666666666667
8551,candidate_1,candidate_3,candidate_2,3,0.04666666666666667
8552,candidate_1,candidate_3,candidate_2,3,0.04666666666666667
8553,candidate_1,candidate_3,candidate_2,3,0.04666666666666667
8554,candidate_1,candidate_3,candidate_2,3,0.04666666666666667
8555,candidate_1,candidate_3,candidate_2,3,0.04666666666666667
8556,candidate_1,candidate_3,candidate_2,3,0.04666666666666667
8557,candidate_1,candidate_3,candidate_2,3,0.04666666666666667
8558,candidate_1,candidate_3,candidate_2,3,0.04666666666666667
8559,candidate_1,candidate_3,candidate_2,3,0.04666666666666667
8560,candidate_1,candidate_3,candidate_2,3,0.04666666666666667
8561,candidate_1,candidate_3,0,3,0.04666666666666667
8562,candidate_1,0,candidate_2,3,0.04666666666666667
8563,candidate_1,candidate_3,candidate_2,3,0.04666666666666667
8564,candidate_1,candidate_3,candidate_2,3,0.04666666666666667
8565,candidate_1,candidate_3,candidate_2,3,0.04666666666666667
8566,candidate_1,candidate_3,candidate_2,3,0.04666666666666667
8567,candidate_1,candidate_3,candidate_2,3,0.04666666666666667
8568,candidate_1,candidate_3,candidate_2,3,0.04666666666666667
8569,candidate_1,candidate_3,candidate_2,3,0.04666666666666667
8570,candidate_1,candidate_3,candidate_2,3,0.04666666666666667
8571,candidate_1,candidate_3,candidate_2,3,0.04666666666666667
8572,candidate_1,candidate_3,candidate_2,3,0.04666666666666667
8573,candidate_1,candidate_3,candidate_2,3,0.04666666666666667
8574,candidate_1,candidate_3,candidate_2,3,0.04666666666666667
8575,0,candidate_3,candidate_2,3,0.04666666666666667
8576,candidate_1,candidate_3,candidate_2,3,0.04666666666666667
8577,candidate_1,candidate_3,candidate_2,3,0.04666666666666667
8578,candidate_1,candidate_3,candidate_2,3,0.04666666666666667
8579,candidate_1,candidate_3,candidate_2,3,0.04666666666666667
8580,candidate_1,candidate_3,candidate_2,3,0.04666666666666667
8581,candidate_1,candidate_3,candidate_2,3,0.04666666666666667
8582,candidate_1,candidate_3,candidate_2,3,0.04666666666666667
8583,0,candidate_3,candidate_2,3,0.04666666666666667
8584,candidate_1,candidate_3,candidate_2,3,0.04666666666666667
8585,0,candidate_3,candidate_2,3,0.04666666666666667
8586,candidate_1,candidate_3,candidate_2,3,0.04666666666666667
8587,candidate_1,candidate_3,candidate_2,3,0.04666666666666667
8588,candidate_1,candidate_3,candidate_2,3,0.04666666666666667
8589,candidate_1,candidate_3,candidate_2,3,0.04666666666666667
8590,candidate_1,candidate_3,candidate_2,3,0.04666666666666667
8591,0,candidate_3,candidate_2,3,0.04666666666666667
8592,candidate_1,candidate_3,candidate_2,3,0.04666666666666667
8593,candidate_1,candidate_3,candidate_2,3,0.04666666666666667
8594,candidate_1,candidate_3,candidate_2,3,0.04666666666666667
8595,candidate_1,candidate_3,candidate_2,3,0.04666666666666667
8596,candidate_1,candidate_3,candidate_2,3,0.04666666666666667
8597,candidate_1,candidate_3,candidate_2,3,0.04666666666666667
8598,candidate_1,candidate_3,candidate_2,3,0.04666666666666667
8599,0,candidate_3,candidate_2,3,0.04666666666666667
8600,candidate_1,candidate_3,candidate_2,3,0.04666666666666667
8601,candidate_1,candidate_3,candidate_2,3,0.04666666666666667
8602,0,candidate_3,candidate_2,3,0.04666666666666667
8603,candidate_1,candidate_3,0,3,0.04666666666666667
8604,candidate_1,candidate_3,candidate_2,3,0.04666666666666667
8605,candidate_1,0,candidate_2,3,0.04666666666666667
8606,candidate_1,candidate_3,candidate_2,3,0.04666666666666667
8607,candidate_1,candidate_3,candidate_2,3,0.04666666666666667
8608,candidate_1,candidate_3,candidate_2,3,0.04666666666666667
8609,candidate_1,candidate_3,candidate_2,3,0.04666666666666667
8610,candidate_1,candidate_3,candidate_2,3,0.04666666666666667
8611,candidate_1,candidate_3,candidate_2,3,0.04666666666666667
8612,candidate_1,candidate_3,candidate_2,3,0.04666666666666667
8613,candidate_1,candidate_3,candidate_2,3,0.04666666666666667
8614,candidate_1,candidate_3,candidate_2,3,0.04666666666666667
8615,candidate_1,candidate_3,candidate_2,3,0.04666666666666667
8616,candidate_1,candidate_3,candidate_2,3,0.04666666666666667
8617,candidate_1,candidate_3,candidate_2,3,0.04666666666666667
8618,candidate_1,candidate_3,candidate_2,3,0.04666666666666667
8619,0,candidate_3,candidate_2,3,0.04666666666666667
8620,candidate_1,candidate_3,candidate_2,3,0.04666666666666667
8621,candidate_1,candidate_3,candidate_2,3,0.04666666666666667
8622,candidate_1,candidate_3,candidate_2,3,0.04666666666666667
8623,candidate_1,candidate_3,candidate_2,3,0.04666666666666667
8624,0,candidate_3,candidate_2,3,0.04666666666666667
8625,candidate_1,0,candidate_2,3,0.04666666666666667
8626,candidate_1,candidate_3,candidate_2,3,0.04666666666666667
8627,candidate_1,candidate_3,candidate_2,3,0.04666666666666667
8628,candidate_1,candidate_3,candidate_2,3,0.04666666666666667
8629,candidate_1,candidate_3,candidate_2,3,0.04666666666666667
8630,candidate_1,candidate_3,candidate_2,3,0.04666666666666667
8631,candidate_1,candidate_3,candidate_2,3,0.04666666666666667
8632,candidate_1,candidate_3,candidate_2,3,0.04666666666666667
8633,candidate_1,candidate_3,candidate_2,3,0.04666666666666667
8634,candidate_1,candidate_3,candidate_2,3,0.04666666666666667
8635,candidate_1,candidate_3,candidate_2,3,0.04666666666666667
8636,candidate_1,candidate_3,candidate_2,3,0.04666666666666667
8637,candidate_1,candidate_3,candidate_2,3,0.04666666666666667
8638,candidate_1,candidate_3,candidate_2,3,0.04666666666666667
8639,candidate_1,candidate_3,0,3,0.04666666666666667
8640,candidate_1,candidate_3,candidate_2,3,0.04666666666666667
8641,candidate_1,candidate_3,candidate_2,3,0.04666666666666667
8642,candidate_1,candidate_3,candidate_2,3,0.04666666666666667
8643,candidate_1,candidate_3,candidate_2,3,0.04666666666666667
8644,candidate_1,candidate_3,candidate_2,3,0.04666666666666667
8645,candidate_1,candidate_3,candidate_2,3,0.04666666666666667
8646,candidate_1,candidate_3,candidate_2,3,0.04666666666666667
8647,candidate_1,candidate_3,0,3,0.04666666666666667
8648,candidate_1,candidate_3,candidate_2,3,0.04666666666666667
8649,candidate_1,candidate_3,candidate_2,3,0.04666666666666667
8650,candidate_1,candidate_3,candidate_2,3,0.04666666666666667
8651,candidate_1,candidate_3,candidate_2,3,0.04666666666666667
8652,0,candidate_3,candidate_2,3,0.04666666666666667
8653,candidate_1,candidate_3,candidate_2,3,0.04666666666666667
8654,candidate_1,candidate_3,candidate_2,3,0.04666666666666667
8655,candidate_1,candidate_3,candidate_2,3,0.04666666666666667
8656,candidate_1,candidate_3,candidate_2,3,0.04666666666666667
8657,candidate_1,candidate_3,candidate_2,3,0.04666666666666667
8658,candidate_1,candidate_3,candidate_2,3,0.04666666666666667
8659,candidate_1,candidate_3,candidate_2,3,0.04666666666666667
8660,candidate_1,candidate_3,candidate_2,3,0.04666666666666667
8661,candidate_1,candidate_3,candidate_2,3,0.04666666666666667
8662,candidate_1,candidate_3,candidate_2,3,0.04666666666666667
8663,candidate_1,0,candidate_2,3,0.04666666666666667
8664,candidate_1,candidate_3,candidate_2,3,0.04666666666666667
8665,candidate_1,0,candidate_2,3,0.04666666666666667
8666,candidate_1,candidate_3,candidate_2,3,0.04666666666666667
8667,candidate_1,candidate_3,candidate_2,3,0.04666666666666667
8668,candidate_1,candidate_3,candidate_2,3,0.04666666666666667
8669,candidate_1,candidate_3,candidate_2,3,0.04666666666666667
8670,candidate_1,candidate_3,candidate_2,3,0.04666666666666667
8671,candidate_1,candidate_3,candidate_2,3,0.04666666666666667
8672,candidate_1,candidate_3,candidate_2,3,0.04666666666666667
8673,candidate_1,candidate_3,candidate_2,3,0.04666666666666667
8674,candidate_1,candidate_3,candidate_2,3,0.04666666666666667
8675,candidate_1,candidate_3,candidate_2,3,0.04666666666666667
8676,candidate_1,candidate_3,candidate_2,3,0.04666666666666667
8677,candidate_1,candidate_3,candidate_2,3,0.04666666666666667
8678,candidate_1,candidate_3,candidate_2,3,0.04666666666666667
8679,candidate_1,candidate_3,candidate_2,3,0.04666666666666667
8680,candidate_1,candidate_3,candidate_2,3,0.04666666666666667
8681,candidate_1,candidate_3,candidate_2,3,0.04666666666666667
8682,candidate_1,candidate_3,candidate_2,3,0.04666666666666667
8683,candidate_1,candidate_3,candidate_2,3,0.04666666666666667
8684,candidate_1,0,candidate_2,3,0.04666666666666667
8685,candidate_1,candidate_3,candidate_2,3,0.04666666666666667
8686,candidate_1,candidate_3,candidate_2,3,0.04666666666666667
8687,candidate_1,candidate_3,candidate_2,3,0.04666666666666667
8688,candidate_1,candidate_3,0,3,0.04666666666666667
8689,candidate_1,candidate_3,candidate_2,3,0.04666666666666667
8690,candidate_1,candidate_3,candidate_2,3,0.04666666666666667
8691,candidate_1,candidate_3,candidate_2,3,0.04666666666666667
8692,candidate_1,candidate_3,candidate_2,3,0.04666666666666667
8693,candidate_1,candidate_3,candidate_2,3,0.04666666666666667
8694,candidate_1,candidate_3,0,3,0.04666666666666667
8695,candidate_1,candidate_3,candidate_2,3,0.04666666666666667
8696,candidate_1,candidate_3,candidate_2,3,0.04666666666666667
8697,candidate_1,candidate_3,candidate_2,3,0.04666666666666667
8698,candidate_1,candidate_3,candidate_2,3,0.04666666666666667
8699,candidate_1,candidate_3,candidate_2,3,0.04666666666666667
8700,candidate_1,candidate_3,candidate_2,3,0.04666666666666667
8701,candidate_1,0,candidate_2,3,0.04666666666666667
8702,candidate_1,candidate_3,candidate_2,3,0.04666666666666667
8703,candidate_1,candidate_3,candidate_2,3,0.04666666666666667
8704,candidate_1,candidate_3,candidate_2,3,0.04666666666666667
8705,candidate_1,0,candidate_2,3,0.04666666666666667
8706,candidate_1,candidate_3,candidate_2,3,0.04666666666666667
8707,candidate_1,candidate_3,candidate_2,3,0.04666666666666667
8708,candidate_1,candidate_3,candidate_2,3,0.04666666666666667
8709,candidate_1,candidate_3,candidate_2,3,0.04666666666666667
8710,candidate_1,candidate_3,candidate_2,3,0.04666666666666667
8711,candidate_1,candidate_3,candidate_2,3,0.04666666666666667
8712,candidate_1,candidate_3,candidate_2,3,0.04666666666666667
8713,candidate_1,candidate_3,candidate_2,3,0.04666666666666667
8714,candidate_1,candidate_3,candidate_2,3,0.04666666666666667
8715,candidate_1,0,candidate_2,3,0.04666666666666667
8716,0,candidate_3,candidate_2,3,0.04666666666666667
8717,candidate_1,candidate_3,candidate_2,3,0.04666666666666667
8718,candidate_1,candidate_3,candidate_2,3,0.04666666666666667
8719,candidate_1,candidate_3,candidate_2,3,0.04666666666666667
8720,candidate_1,candidate_3,candidate_2,3,0.04666666666666667
8721,candidate_1,candidate_3,candidate_2,3,0.04666666666666667
8722,candidate_1,candidate_3,candidate_2,3,0.04666666666666667
8723,candidate_1,candidate_3,candidate_2,3,0.04666666666666667
8724,0,candidate_3,candidate_2,3,0.04666666666666667
8725,candidate_1,candidate_3,candidate_2,3,0.04666666666666667
8726,candidate_1,candidate_3,candidate_2,3,0.04666666666666667
8727,candidate_1,candidate_3,candidate_2,3,0.04666666666666667
8728,candidate_1,candidate_3,candidate_2,3,0.04666666666666667
8729,candidate_1,candidate_3,candidate_2,3,0.04666666666666667
8730,candidate_1,candidate_3,candidate_2,3,0.04666666666666667
8731,candidate_1,candidate_3,candidate_2,3,0.04666666666666667
8732,candidate_1,candidate_3,candidate_2,3,0.04666666666666667
8733,candidate_1,candidate_3,candidate_2,3,0.04666666666666667
8734,candidate_1,candidate_3,candidate_2,3,0.04666666666666667
8735,candidate_1,candidate_3,candidate_2,3,0.04666666666666667
8736,candidate_1,candidate_3,candidate_2,3,0.04666666666666667
8737,candidate_1,candidate_3,candidate_2,3,0.04666666666666667
8738,candidate_1,candidate_3,0,3,0.04666666666666667
8739,candidate_1,candidate_3,candidate_2,3,0.04666666666666667
8740,candidate_1,candidate_3,candidate_2,3,0.04666666666666667
8741,candidate_1,candidate_3,candidate_2,3,0.04666666666666667
8742,candidate_1,candidate_3,candidate_2,3,0.04666666666666667
8743,candidate_1,candidate_3,candidate_2,3,0.04666666666666667
8744,candidate_1,candidate_3,candidate_2,3,0.04666666666666667
8745,candidate_1,candidate_3,candidate_2,3,0.04666666666666667
8746,candidate_1,candidate_3,candidate_2,3,0.04666666666666667
8747,candidate_1,candidate_3,candidate_2,3,0.04666666666666667
8748,candidate_1,candidate_3,candidate_2,3,0.04666666666666667
8749,candidate_1,candidate_3,candidate_2,3,0.04666666666666667
8750,candidate_1,candidate_3,candidate_2,3,0.04666666666666667
8751,0,candidate_3,candidate_2,3,0.04666666666666667
8752,candidate_1,candidate_3,candidate_2,3,0.04666666666666667
8753,candidate_1,candidate_3,candidate_2,3,0.04666666666666667
8754,candidate_1,candidate_3,candidate_2,3,0.04666666666666667
8755,candidate_1,candidate_3,candidate_2,3,0.04666666666666667
8756,candidate_1,candidate_3,candidate_2,3,0.04666666666666667
8757,candidate_1,0,candidate_2,3,0.04666666666666667
8758,candidate_1,0,candidate_2,3,0.04666666666666667
8759,candidate_1,candidate_3,candidate_2,3,0.04666666666666667
8760,candidate_1,candidate_3,candidate_2,3,0.04666666666666667
8761,candidate_1,candidate_3,candidate_2,3,0.04666666666666667
8762,candidate_1,candidate_3,candidate_2,3,0.04666666666666667
8763,candidate_1,candidate_3,candidate_2,3,0.04666666666666667
8764,candidate_1,candidate_3,candidate_2,3,0.04666666666666667
8765,candidate_1,candidate_3,candidate_2,3,0.04666666666666667
8766,candidate_1,candidate_3,candidate_2,3,0.04666666666666667
8767,candidate_1,candidate_3,candidate_2,3,0.04666666666666667
8768,candidate_1,candidate_3,candidate_2,3,0.04666666666666667
8769,candidate_1,candidate_3,candidate_2,3,0.04666666666666667
8770,candidate_1,0,candidate_2,3,0.04666666666666667
8771,candidate_1,candidate_3,candidate_2,3,0.04666666666666667
8772,candidate_1,candidate_3,candidate_2,3,0.04666666666666667
8773,candidate_1,candidate_3,candidate_2,3,0.04666666666666667
8774,candidate_1,candidate_3,candidate_2,3,0.04666666666666667
8775,candidate_1,candidate_3,candidate_2,3,0.04666666666666667
8776,candidate_1,candidate_3,candidate_2,3,0.04666666666666667
8777,candidate_1,candidate_3,candidate_2,3,0.04666666666666667
8778,candidate_1,candidate_3,candidate_2,3,0.04666666666666667
8779,candidate_1,candidate_3,0,3,0.04666666666666667
8780,candidate_1,candidate_3,candidate_2,3,0.04666666666666667
8781,candidate_1,candidate_3,candidate_2,3,0.04666666666666667
8782,candidate_1,candidate_3,candidate_2,3,0.04666666666666667
8783,candidate_1,candidate_3,candidate_2,3,0.04666666666666667
8784,candidate_1,candidate_3,candidate_2,3,0.04666666666666667
8785,candidate_1,candidate_3,candidate_2,3,0.04666666666666667
8786,candidate_1,candidate_3,candidate_2,3,0.04666666666666667
8787,candidate_1,candidate_3,candidate_2,3,0.04666666666666667
8788,candidate_1,candidate_3,candidate_2,3,0.04666666666666667
8789,candidate_1,candidate_3,candidate_2,3,0.04666666666666667
8790,candidate_1,candidate_3,candidate_2,3,0.04666666666666667
8791,candidate_1,candidate_3,candidate_2,3,0.04666666666666667
8792,candidate_1,candidate_3,candidate_2,3,0.04666666666666667
8793,candidate_1,candidate_3,candidate_2,3,0.04666666666666667
8794,candidate_1,candidate_3,candidate_2,3,0.04666666666666667
8795,candidate_1,candidate_3,candidate_2,3,0.04666666666666667
8796,candidate_1,candidate_3,candidate_2,3,0.04666666666666667
8797,candidate_1,candidate_3,candidate_2,3,0.04666666666666667
8798,candidate_1,candidate_3,candidate_2,3,0.04666666666666667
8799,candidate_1,candidate_3,0,3,0.04666666666666667
8800,candidate_1,candidate_3,candidate_2,3,0.04666666666666667
8801,candidate_1,candidate_3,candidate_2,3,0.04666666666666667
8802,candidate_1,0,candidate_2,3,0.04666666666666667
8803,candidate_1,candidate_3,candidate_2,3,0.04666666666666667
8804,candidate_1,candidate_3,candidate_2,3,0.04666666666666667
8805,candidate_1,candidate_3,candidate_2,3,0.04666666666666667
8806,candidate_1,candidate_3,candidate_2,3,0.04666666666666667
8807,candidate_1,0,candidate_2,3,0.04666666666666667
8808,candidate_1,candidate_3,candidate_2,3,0.04666666666666667
8809,candidate_1,candidate_3,candidate_2,3,0.04666666666666667
8810,candidate_1,candidate_3,candidate_2,3,0.04666666666666667
8811,candidate_1,candidate_3,candidate_2,3,0.04666666666666667
8812,0,candidate_3,candidate_2,3,0.04666666666666667
8813,candidate_1,candidate_3,candidate_2,3,0.04666666666666667
8814,candidate_1,candidate_3,candidate_2,3,0.04666666666666667
8815,candidate_1,candidate_3,candidate_2,3,0.04666666666666667
8816,candidate_1,candidate_3,candidate_2,3,0.04666666666666667
8817,candidate_1,candidate_3,0,3,0.04666666666666667
8818,candidate_1,candidate_3,candidate_2,3,0.04666666666666667
8819,candidate_1,candidate_3,candidate_2,3,0.04666666666666667
8820,candidate_1,candidate_3,candidate_2,3,0.04666666666666667
8821,candidate_1,candidate_3,candidate_2,3,0.04666666666666667
8822,candidate_1,candidate_3,candidate_2,3,0.04666666666666667
8823,candidate_1,candidate_3,candidate_2,3,0.04666666666666667
8824,candidate_1,candidate_3,candidate_2,3,0.04666666666666667
8825,candidate_1,candidate_3,candidate_2,3,0.04666666666666667
8826,candidate_1,candidate_3,candidate_2,3,0.04666666666666667
8827,candidate_1,candidate_3,candidate_2,3,0.04666666666666667
8828,candidate_1,candidate_3,candidate_2,3,0.04666666666666667
8829,candidate_1,candidate_3,0,3,0.04666666666666667
8830,candidate_1,candidate_3,candidate_2,3,0.04666666666666667
8831,0,candidate_3,candidate_2,3,0.04666666666666667
0,candidate_2,candidate_1,candidate_3,3,0.04666666666666667
1,candidate_2,candidate_1,candidate_3,3,0.04666666666666667
2,candidate_2,candidate_1,candidate_3,3,0.04666666666666667
3,candidate_2,candidate_1,candidate_3,3,0.04666666666666667
4,candidate_2,candidate_1,candidate_3,3,0.04666666666666667
5,candidate_2,candidate_1,candidate_3,3,0.04666666666666667
6,candidate_2,candidate_1,candidate_3,3,0.04666666666666667
7,candidate_2,candidate_1,candidate_3,3,0.04666666666666667
8,candidate_2,candidate_1,0,3,0.04666666666666667
9,candidate_2,candidate_1,candidate_3,3,0.04666666666666667
10,candidate_2,candidate_1,candidate_3,3,0.04666666666666667
11,candidate_2,candidate_1,0,3,0.04666666666666667
12,candidate_2,candidate_1,candidate_3,3,0.04666666666666667
13,candidate_2,candidate_1,candidate_3,3,0.04666666666666667
14,candidate_2,candidate_1,candidate_3,3,0.04666666666666667
15,candidate_2,candidate_1,candidate_3,3,0.04666666666666667
16,candidate_2,candidate_1,candidate_3,3,0.04666666666666667
17,candidate_2,candidate_1,candidate_3,3,0.04666666666666667
18,candidate_2,candidate_1,candidate_3,3,0.04666666666666667
19,candidate_2,candidate_1,candidate_3,3,0.04666666666666667
20,candidate_2,candidate_1,candidate_3,3,0.04666666666666667
21,candidate_2,candidate_1,candidate_3,3,0.04666666666666667
22,candidate_2,candidate_1,0,3,0.04666666666666667
23,candidate_2,candidate_1,candidate_3,3,0.04666666666666667
24,candidate_2,candidate_1,candidate_3,3,0.04666666666666667
25,candidate_2,candidate_1,candidate_3,3,0.04666666666666667
26,candidate_2,candidate_1,candidate_3,3,0.04666666666666667
27,candidate_2,candidate_1,candidate_3,3,0.04666666666666667
28,candidate_2,candidate_1,candidate_3,3,0.04666666666666667
29,candidate_2,candidate_1,candidate_3,3,0.04666666666666667
30,candidate_2,candidate_1,candidate_3,3,0.04666666666666667
31,candidate_2,candidate_1,candidate_3,3,0.04666666666666667
32,candidate_2,candidate_1,candidate_3,3,0.04666666666666667
33,candidate_2,candidate_1,candidate_3,3,0.04666666666666667
34,candidate_2,candidate_1,candidate_3,3,0.04666666666666667
35,candidate_2,candidate_1,candidate_3,3,0.04666666666666667
36,candidate_2,candidate_1,candidate_3,3,0.04666666666666667
37,candidate_2,candidate_1,candidate_3,3,0.04666666666666667
38,candidate_2,candidate_1,candidate_3,3,0.04666666666666667
39,candidate_2,candidate_1,0,3,0.04666666666666667
40,candidate_2,candidate_1,candidate_3,3,0.04666666666666667
41,candidate_2,candidate_1,candidate_3,3,0.04666666666666667
42,candidate_2,candidate_1,candidate_3,3,0.04666666666666667
43,candidate_2,candidate_1,candidate_3,3,0.04666666666666667
44,candidate_2,candidate_1,candidate_3,3,0.04666666666666667
45,candidate_2,candidate_1,candidate_3,3,0.04666666666666667
46,candidate_2,candidate_1,candidate_3,3,0.04666666666666667
47,candidate_2,candidate_1,0,3,0.04666666666666667
48,candidate_2,candidate_1,candidate_3,3,0.04666666666666667
49,candidate_2,candidate_1,candidate_3,3,0.04666666666666667
50,candidate_2,candidate_1,candidate_3,3,0.04666666666666667
51,candidate_2,candidate_1,candidate_3,3,0.04666666666666667
52,0,candidate_1,candidate_3,3,0.04666666666666667
53,candidate_2,candidate_1,candidate_3,3,0.04666666666666667
54,candidate_2,candidate_1,candidate_3,3,0.04666666666666667
55,candidate_2,candidate_1,candidate_3,3,0.04666666666666667
56,candidate_2,candidate_1,candidate_3,3,0.04666666666666667
57,candidate_2,candidate_1,candidate_3,3,0.04666666666666667
58,candidate_2,candidate_1,candidate_3,3,0.04666666666666667
59,candidate_2,candidate_1,candidate_3,3,0.04666666666666667
60,candidate_2,candidate_1,candidate_3,3,0.04666666666666667
61,candidate_2,0,candidate_3,3,0.04666666666666667
62,candidate_2,candidate_1,candidate_3,3,0.04666666666666667
63,0,candidate_1,candidate_3,3,0.04666666666666667
64,candidate_2,candidate_1,candidate_3,3,0.04666666666666667
65,candidate_2,candidate_1,candidate_3,3,0.04666666666666667
66,candidate_2,candidate_1,candidate_3,3,0.04666666666666667
67,candidate_2,candidate_1,candidate_3,3,0.04666666666666667
68,candidate_2,candidate_1,candidate_3,3,0.04666666666666667
69,candidate_2,candidate_1,candidate_3,3,0.04666666666666667
70,candidate_2,candidate_1,candidate_3,3,0.04666666666666667
71,candidate_2,candidate_1,candidate_3,3,0.04666666666666667
72,candidate_2,candidate_1,candidate_3,3,0.04666666666666667
73,candidate_2,candidate_1,candidate_3,3,0.04666666666666667
74,candidate_2,candidate_1,0,3,0.04666666666666667
75,candidate_2,candidate_1,candidate_3,3,0.04666666666666667
76,candidate_2,candidate_1,candidate_3,3,0.04666666666666667
77,candidate_2,candidate_1,candidate_3,3,0.04666666666666667
78,candidate_2,candidate_1,candidate_3,3,0.04666666666666667
79,candidate_2,candidate_1,candidate_3,3,0.04666666666666667
80,candidate_2,candidate_1,candidate_3,3,0.04666666666666667
81,candidate_2,candidate_1,candidate_3,3,0.04666666666666667
82,candidate_2,candidate_1,candidate_3,3,0.04666666666666667
83,candidate_2,candidate_1,0,3,0.04666666666666667
84,candidate_2,candidate_1,candidate_3,3,0.04666666666666667
85,candidate_2,candidate_1,candidate_3,3,0.04666666666666667
86,candidate_2,candidate_1,candidate_3,3,0.04666666666666667
87,candidate_2,candidate_1,candidate_3,3,0.04666666666666667
88,candidate_2,candidate_1,candidate_3,3,0.04666666666666667
89,candidate_2,candidate_1,candidate_3,3,0.04666666666666667
90,candidate_2,candidate_1,0,3,0.04666666666666667
91,candidate_2,candidate_1,candidate_3,3,0.04666666666666667
92,candidate_2,candidate_1,candidate_3,3,0.04666666666666667
93,candidate_2,candidate_1,candidate_3,3,0.04666666666666667
94,candidate_2,candidate_1,candidate_3,3,0.04666666666666667
95,candidate_2,candidate_1,candidate_3,3,0.04666666666666667
96,candidate_2,candidate_1,candidate_3,3,0.04666666666666667
97,candidate_2,candidate_1,candidate_3,3,0.04666666666666667
98,candidate_2,candidate_1,0,3,0.04666666666666667
99,candidate_2,candidate_1,candidate_3,3,0.04666666666666667
100,candidate_2,candidate_1,candidate_3,3,0.04666666666666667
101,0,candidate_1,candidate_3,3,0.04666666666666667
102,candidate_2,candidate_1,candidate_3,3,0.04666666666666667
103,0,candidate_1,candidate_3,3,0.04666666666666667
104,candidate_2,candidate_1,candidate_3,3,0.04666666666666667
105,candidate_2,candidate_1,candidate_3,3,0.04666666666666667
106,candidate_2,candidate_1,candidate_3,3,0.04666666666666667
107,candidate_2,candidate_1,0,3,0.04666666666666667
108,0,candidate_1,0,3,0.04666666666666667
109,candidate_2,candidate_1,candidate_3,3,0.04666666666666667
110,candidate_2,candidate_1,0,3,0.04666666666666667
111,candidate_2,candidate_1,candidate_3,3,0.04666666666666667
112,candidate_2,candidate_1,candidate_3,3,0.04666666666666667
113,candidate_2,candidate_1,candidate_3,3,0.04666666666666667
114,candidate_2,candidate_1,candidate_3,3,0.04666666666666667
115,candidate_2,candidate_1,candidate_3,3,0.04666666666666667
116,candidate_2,candidate_1,candidate_3,3,0.04666666666666667
117,candidate_2,candidate_1,candidate_3,3,0.04666666666666667
118,candidate_2,candidate_1,candidate_3,3,0.04666666666666667
119,candidate_2,candidate_1,candidate_3,3,0.04666666666666667
120,candidate_2,candidate_1,candidate_3,3,0.04666666666666667
121,candidate_2,candidate_1,candidate_3,3,0.04666666666666667
122,candidate_2,candidate_1,candidate_3,3,0.04666666666666667
123,candidate_2,candidate_1,candidate_3,3,0.04666666666666667
124,candidate_2,candidate_1,candidate_3,3,0.04666666666666667
125,candidate_2,candidate_1,candidate_3,3,0.04666666666666667
126,candidate_2,candidate_1,candidate_3,3,0.04666666666666667
127,candidate_2,candidate_1,candidate_3,3,0.04666666666666667
128,candidate_2,candidate_1,candidate_3,3,0.04666666666666667
129,0,candidate_1,candidate_3,3,0.04666666666666667
130,candidate_2,candidate_1,candidate_3,3,0.04666666666666667
131,candidate_2,candidate_1,candidate_3,3,0.04666666666666667
132,candidate_2,candidate_1,candidate_3,3,0.04666666666666667
133,candidate_2,candidate_1,candidate_3,3,0.04666666666666667
134,candidate_2,candidate_1,candidate_3,3,0.04666666666666667
135,candidate_2,candidate_1,candidate_3,3,0.04666666666666667
136,candidate_2,candidate_1,candidate_3,3,0.04666666666666667
137,0,candidate_1,0,3,0.04666666666666667
138,candidate_2,candidate_1,candidate_3,3,0.04666666666666667
139,candidate_2,candidate_1,candidate_3,3,0.04666666666666667
140,candidate_2,candidate_1,candidate_3,3,0.04666666666666667
141,candidate_2,candidate_1,candidate_3,3,0.04666666666666667
142,candidate_2,candidate_1,candidate_3,3,0.04666666666666667
143,candidate_2,candidate_1,candidate_3,3,0.04666666666666667
144,candidate_2,candidate_1,candidate_3,3,0.04666666666666667
145,candidate_2,candidate_1,candidate_3,3,0.04666666666666667
146,candidate_2,candidate_1,candidate_3,3,0.04666666666666667
147,candidate_2,candidate_1,candidate_3,3,0.04666666666666667
148,candidate_2,candidate_1,candidate_3,3,0.04666666666666667
149,candidate_2,candidate_1,candidate_3,3,0.04666666666666667
150,candidate_2,candidate_1,candidate_3,3,0.04666666666666667
151,candidate_2,candidate_1,candidate_3,3,0.04666666666666667
152,candidate_2,candidate_1,candidate_3,3,0.04666666666666667
153,candidate_2,candidate_1,candidate_3,3,0.04666666666666667
154,candidate_2,candidate_1,candidate_3,3,0.04666666666666667
155,candidate_2,candidate_1,candidate_3,3,0.04666666666666667
156,candidate_2,candidate_1,candidate_3,3,0.04666666666666667
157,candidate_2,candidate_1,0,3,0.04666666666666667
158,candidate_2,0,candidate_3,3,0.04666666666666667
159,candidate_2,candidate_1,candidate_3,3,0.04666666666666667
160,candidate_2,candidate_1,0,3,0.04666666666666667
161,candidate_2,candidate_1,candidate_3,3,0.04666666666666667
162,candidate_2,candidate_1,candidate_3,3,0.04666666666666667
163,candidate_2,candidate_1,candidate_3,3,0.04666666666666667
164,candidate_2,candidate_1,candidate_3,3,0.04666666666666667
165,candidate_2,candidate_1,candidate_3,3,0.04666666666666667
166,candidate_2,candidate_1,candidate_3,3,0.04666666666666667
167,candidate_2,candidate_1,0,3,0.04666666666666667
168,candidate_2,candidate_1,candidate_3,3,0.04666666666666667
169,candidate_2,candidate_1,candidate_3,3,0.04666666666666667
170,candidate_2,candidate_1,candidate_3,3,0.04666666666666667
171,candidate_2,candidate_1,candidate_3,3,0.04666666666666667
172,candidate_2,candidate_1,candidate_3,3,0.04666666666666667
173,candidate_2,0,candidate_3,3,0.04666666666666667
174,candidate_2,candidate_1,candidate_3,3,0.04666666666666667
175,candidate_2,candidate_1,candidate_3,3,0.04666666666666667
176,candidate_2,candidate_1,candidate_3,3,0.04666666666666667
177,candidate_2,candidate_1,candidate_3,3,0.04666666666666667
178,candidate_2,candidate_1,candidate_3,3,0.04666666666666667
179,candidate_2,candidate_1,candidate_3,3,0.04666666666666667
180,candidate_2,candidate_1,candidate_3,3,0.04666666666666667
181,candidate_2,candidate_1,candidate_3,3,0.04666666666666667
182,candidate_2,0,candidate_3,3,0.04666666666666667
183,candidate_2,candidate_1,candidate_3,3,0.04666666666666667
184,candidate_2,candidate_1,candidate_3,3,0.04666666666666667
185,candidate_2,candidate_1,candidate_3,3,0.04666666666666667
186,candidate_2,candidate_1,candidate_3,3,0.04666666666666667
187,candidate_2,candidate_1,candidate_3,3,0.04666666666666667
188,candidate_2,candidate_1,candidate_3,3,0.04666666666666667
189,candidate_2,candidate_1,0,3,0.04666666666666667
190,candidate_2,candidate_1,candidate_3,3,0.04666666666666667
191,candidate_2,candidate_1,candidate_3,3,0.04666666666666667
192,candidate_2,candidate_1,candidate_3,3,0.04666666666666667
193,candidate_2,candidate_1,candidate_3,3,0.04666666666666667
194,candidate_2,candidate_1,candidate_3,3,0.04666666666666667
195,candidate_2,candidate_1,candidate_3,3,0.04666666666666667
196,candidate_2,candidate_1,candidate_3,3,0.04666666666666667
197,candidate_2,candidate_1,candidate_3,3,0.04666666666666667
198,candidate_2,candidate_1,0,3,0.04666666666666667
199,candidate_2,candidate_1,candidate_3,3,0.04666666666666667
200,candidate_2,candidate_1,candidate_3,3,0.04666666666666667
201,candidate_2,candidate_1,candidate_3,3,0.04666666666666667
202,candidate_2,candidate_1,candidate_3,3,0.04666666666666667
203,candidate_2,candidate_1,candidate_3,3,0.04666666666666667
204,candidate_2,candidate_1,candidate_3,3,0.04666666666666667
205,candidate_2,candidate_1,candidate_3,3,0.04666666666666667
206,candidate_2,candidate_1,0,3,0.04666666666666667
207,candidate_2,0,candidate_3,3,0.04666666666666667
208,candidate_2,candidate_1,candidate_3,3,0.04666666666666667
209,candidate_2,candidate_1,candidate_3,3,0.04666666666666667
210,candidate_2,candidate_1,candidate_3,3,0.04666666666666667
211,candidate_2,candidate_1,candidate_3,3,0.04666666666666667
212,candidate_2,candidate_1,candidate_3,3,0.04666666666666667
213,candidate_2,candidate_1,candidate_3,3,0.04666666666666667
214,candidate_2,candidate_1,candidate_3,3,0.04666666666666667
215,candidate_2,candidate_1,candidate_3,3,0.04666666666666667
216,candidate_2,candidate_1,candidate_3,3,0.04666666666666667
217,candidate_2,candidate_1,0,3,0.04666666666666667
218,candidate_2,candidate_1,candidate_3,3,0.04666666666666667
219,candidate_2,candidate_1,candidate_3,3,0.04666666666666667
220,candidate_2,candidate_1,candidate_3,3,0.04666666666666667
221,candidate_2,candidate_1,0,3,0.04666666666666667
222,candidate_2,candidate_1,candidate_3,3,0.04666666666666667
223,candidate_2,candidate_1,candidate_3,3,0.04666666666666667
224,candidate_2,candidate_1,candidate_3,3,0.04666666666666667
225,candidate_2,candidate_1,candidate_3,3,0.04666666666666667
226,candidate_2,candidate_1,candidate_3,3,0.04666666666666667
227,candidate_2,candidate_1,candidate_3,3,0.04666666666666667
228,candidate_2,candidate_1,candidate_3,3,0.04666666666666667
229,candidate_2,candidate_1,candidate_3,3,0.04666666666666667
230,candidate_2,candidate_1,candidate_3,3,0.04666666666666667
231,candidate_2,candidate_1,candidate_3,3,0.04666666666666667
232,candidate_2,candidate_1,candidate_3,3,0.04666666666666667
233,candidate_2,candidate_1,candidate_3,3,0.04666666666666667
234,candidate_2,candidate_1,0,3,0.04666666666666667
235,candidate_2,candidate_1,candidate_3,3,0.04666666666666667
236,candidate_2,candidate_1,candidate_3,3,0.04666666666666667
237,candidate_2,candidate_1,candidate_3,3,0.04666666666666667
238,candidate_2,candidate_1,candidate_3,3,0.04666666666666667
239,candidate_2,candidate_1,candidate_3,3,0.04666666666666667
240,candidate_2,candidate_1,candidate_3,3,0.04666666666666667
241,candidate_2,candidate_1,candidate_3,3,0.04666666666666667
242,candidate_2,candidate_1,candidate_3,3,0.04666666666666667
243,candidate_2,candidate_1,candidate_3,3,0.04666666666666667
244,candidate_2,candidate_1,candidate_3,3,0.04666666666666667
245,candidate_2,candidate_1,candidate_3,3,0.04666666666666667
246,candidate_2,candidate_1,candidate_3,3,0.04666666666666667
247,candidate_2,candidate_1,0,3,0.04666666666666667
248,candidate_2,0,candidate_3,3,0.04666666666666667
249,candidate_2,candidate_1,candidate_3,3,0.04666666666666667
250,candidate_2,candidate_1,candidate_3,3,0.04666666666666667
251,candidate_2,0,candidate_3,3,0.04666666666666667
252,candidate_2,candidate_1,candidate_3,3,0.04666666666666667
253,candidate_2,candidate_1,candidate_3,3,0.04666666666666667
254,candidate_2,candidate_1,candidate_3,3,0.04666666666666667
255,0,candidate_1,candidate_3,3,0.04666666666666667
256,candidate_2,candidate_1,candidate_3,3,0.04666666666666667
257,candidate_2,candidate_1,candidate_3,3,0.04666666666666667
258,candidate_2,candidate_1,candidate_3,3,0.04666666666666667
259,0,candidate_1,candidate_3,3,0.04666666666666667
260,candidate_2,candidate_1,candidate_3,3,0.04666666666666667
261,0,candidate_1,candidate_3,3,0.04666666666666667
262,candidate_2,candidate_1,candidate_3,3,0.04666666666666667
263,candidate_2,candidate_1,candidate_3,3,0.04666666666666667
264,candidate_2,candidate_1,candidate_3,3,0.04666666666666667
265,candidate_2,candidate_1,candidate_3,3,0.04666666666666667
266,0,candidate_1,candidate_3,3,0.04666666666666667
267,candidate_2,candidate_1,candidate_3,3,0.04666666666666667
268,candidate_2,candidate_1,candidate_3,3,0.04666666666666667
269,candidate_2,candidate_1,candidate_3,3,0.04666666666666667
270,candidate_2,candidate_1,candidate_3,3,0.04666666666666667
271,candidate_2,candidate_1,candidate_3,3,0.04666666666666667
272,candidate_2,candidate_1,candidate_3,3,0.04666666666666667
273,candidate_2,candidate_1,candidate_3,3,0.04666666666666667
274,candidate_2,candidate_1,candidate_3,3,0.04666666666666667
275,candidate_2,candidate_1,candidate_3,3,0.04666666666666667
276,candidate_2,candidate_1,candidate_3,3,0.04666666666666667
277,candidate_2,candidate_1,candidate_3,3,0.04666666666666667
278,candidate_2,candidate_1,0,3,0.04666666666666667
279,candidate_2,candidate_1,candidate_3,3,0.04666666666666667
280,candidate_2,candidate_1,candidate_3,3,0.04666666666666667
281,candidate_2,candidate_1,candidate_3,3,0.04666666666666667
282,candidate_2,candidate_1,candidate_3,3,0.04666666666666667
283,candidate_2,candidate_1,candidate_3,3,0.04666666666666667
284,candidate_2,candidate_1,candidate_3,3,0.04666666666666667
285,candidate_2,candidate_1,candidate_3,3,0.04666666666666667
286,candidate_2,candidate_1,candidate_3,3,0.04666666666666667
287,candidate_2,candidate_1,candidate_3,3,0.04666666666666667
288,candidate_2,candidate_1,candidate_3,3,0.04666666666666667
289,candidate_2,candidate_1,candidate_3,3,0.04666666666666667
290,candidate_2,candidate_1,candidate_3,3,0.04666666666666667
291,candidate_2,candidate_1,candidate_3,3,0.04666666666666667
292,candidate_2,candidate_1,candidate_3,3,0.04666666666666667
293,candidate_2,candidate_1,candidate_3,3,0.04666666666666667
294,candidate_2,candidate_1,candidate_3,3,0.04666666666666667
295,candidate_2,candidate_1,candidate_3,3,0.04666666666666667
296,0,candidate_1,0,3,0.04666666666666667
297,candidate_2,candidate_1,candidate_3,3,0.04666666666666667
298,candidate_2,candidate_1,candidate_3,3,0.04666666666666667
299,candidate_2,candidate_1,candidate_3,3,0.04666666666666667
300,candidate_2,candidate_1,candidate_3,3,0.04666666666666667
301,candidate_2,candidate_1,candidate_3,3,0.04666666666666667
302,candidate_2,candidate_1,candidate_3,3,0.04666666666666667
303,candidate_2,candidate_1,0,3,0.04666666666666667
304,candidate_2,candidate_1,candidate_3,3,0.04666666666666667
305,candidate_2,candidate_1,candidate_3,3,0.04666666666666667
306,candidate_2,candidate_1,candidate_3,3,0.04666666666666667
307,candidate_2,candidate_1,candidate_3,3,0.04666666666666667
308,candidate_2,candidate_1,candidate_3,3,0.04666666666666667
309,candidate_2,candidate_1,candidate_3,3,0.04666666666666667
310,candidate_2,candidate_1,candidate_3,3,0.04666666666666667
311,candidate_2,candidate_1,candidate_3,3,0.04666666666666667
312,candidate_2,0,candidate_3,3,0.04666666666666667
313,candidate_2,candidate_1,candidate_3,3,0.04666666666666667
314,candidate_2,candidate_1,candidate_3,3,0.04666666666666667
315,candidate_2,candidate_1,candidate_3,3,0.04666666666666667
316,candidate_2,candidate_1,candidate_3,3,0.04666666666666667
317,candidate_2,candidate_1,candidate_3,3,0.04666666666666667
318,candidate_2,candidate_1,candidate_3,3,0.04666666666666667
319,candidate_2,candidate_1,candidate_3,3,0.04666666666666667
320,candidate_2,0,candidate_3,3,0.04666666666666667
321,candidate_2,candidate_1,candidate_3,3,0.04666666666666667
322,0,candidate_1,candidate_3,3,0.04666666666666667
323,candidate_2,candidate_1,candidate_3,3,0.04666666666666667
324,candidate_2,candidate_1,candidate_3,3,0.04666666666666667
325,candidate_2,candidate_1,candidate_3,3,0.04666666666666667
326,candidate_2,candidate_1,candidate_3,3,0.04666666666666667
327,candidate_2,candidate_1,candidate_3,3,0.04666666666666667
328,candidate_2,candidate_1,candidate_3,3,0.04666666666666667
329,candidate_2,candidate_1,candidate_3,3,0.04666666666666667
330,candidate_2,candidate_1,0,3,0.04666666666666667
331,candidate_2,candidate_1,candidate_3,3,0.04666666666666667
332,candidate_2,candidate_1,candidate_3,3,0.04666666666666667
333,0,candidate_1,candidate_3,3,0.04666666666666667
334,candidate_2,candidate_1,candidate_3,3,0.04666666666666667
335,candidate_2,candidate_1,candidate_3,3,0.04666666666666667
336,candidate_2,candidate_1,candidate_3,3,0.04666666666666667
337,candidate_2,candidate_1,candidate_3,3,0.04666666666666667
338,candidate_2,candidate_1,candidate_3,3,0.04666666666666667
339,candidate_2,candidate_1,candidate_3,3,0.04666666666666667
340,0,candidate_1,candidate_3,3,0.04666666666666667
341,candidate_2,candidate_1,candidate_3,3,0.04666666666666667
342,candidate_2,candidate_1,candidate_3,3,0.04666666666666667
343,0,candidate_1,candidate_3,3,0.04666666666666667
344,candidate_2,candidate_1,candidate_3,3,0.04666666666666667
345,candidate_2,0,candidate_3,3,0.04666666666666667
346,candidate_2,candidate_1,candidate_3,3,0.04666666666666667
347,candidate_2,candidate_1,candidate_3,3,0.04666666666666667
348,candidate_2,candidate_1,candidate_3,3,0.04666666666666667
349,candidate_2,candidate_1,candidate_3,3,0.04666666666666667
350,candidate_2,candidate_1,candidate_3,3,0.04666666666666667
351,candidate_2,candidate_1,candidate_3,3,0.04666666666666667
352,candidate_2,candidate_1,candidate_3,3,0.04666666666666667
353,candidate_2,candidate_1,candidate_3,3,0.04666666666666667
354,candidate_2,candidate_1,candidate_3,3,0.04666666666666667
355,candidate_2,candidate_1,candidate_3,3,0.04666666666666667
356,candidate_2,candidate_1,candidate_3,3,0.04666666666666667
357,candidate_2,candidate_1,candidate_3,3,0.04666666666666667
358,candidate_2,candidate_1,candidate_3,3,0.04666666666666667
359,0,candidate_1,candidate_3,3,0.04666666666666667
360,candidate_2,0,candidate_3,3,0.04666666666666667
361,candidate_2,candidate_1,candidate_3,3,0.04666666666666667
362,candidate_2,candidate_1,candidate_3,3,0.04666666666666667
363,candidate_2,candidate_1,candidate_3,3,0.04666666666666667
364,candidate_2,candidate_1,candidate_3,3,0.04666666666666667
365,candidate_2,candidate_1,candidate_3,3,0.04666666666666667
366,candidate_2,candidate_1,candidate_3,3,0.04666666666666667
367,candidate_2,candidate_1,candidate_3,3,0.04666666666666667
368,candidate_2,candidate_1,candidate_3,3,0.04666666666666667
369,candidate_2,candidate_1,candidate_3,3,0.04666666666666667
370,candidate_2,candidate_1,candidate_3,3,0.04666666666666667
371,candidate_2,candidate_1,candidate_3,3,0.04666666666666667
372,candidate_2,candidate_1,candidate_3,3,0.04666666666666667
373,candidate_2,candidate_1,candidate_3,3,0.04666666666666667
374,candidate_2,candidate_1,candidate_3,3,0.04666666666666667
375,candidate_2,candidate_1,candidate_3,3,0.04666666666666667
376,candidate_2,candidate_1,candidate_3,3,0.04666666666666667
377,candidate_2,candidate_1,candidate_3,3,0.04666666666666667
378,candidate_2,candidate_1,candidate_3,3,0.04666666666666667
379,candidate_2,candidate_1,candidate_3,3,0.04666666666666667
380,candidate_2,candidate_1,candidate_3,3,0.04666666666666667
381,candidate_2,candidate_1,candidate_3,3,0.04666666666666667
382,candidate_2,candidate_1,candidate_3,3,0.04666666666666667
383,candidate_2,candidate_1,candidate_3,3,0.04666666666666667
384,candidate_2,candidate_1,candidate_3,3,0.04666666666666667
385,candidate_2,candidate_1,candidate_3,3,0.04666666666666667
386,candidate_2,candidate_1,candidate_3,3,0.04666666666666667
387,candidate_2,candidate_1,candidate_3,3,0.04666666666666667
388,candidate_2,candidate_1,candidate_3,3,0.04666666666666667
389,candidate_2,candidate_1,candidate_3,3,0.04666666666666667
390,candidate_2,candidate_1,candidate_3,3,0.04666666666666667
391,candidate_2,candidate_1,candidate_3,3,0.04666666666666667
392,candidate_2,candidate_1,candidate_3,3,0.04666666666666667
393,candidate_2,candidate_1,candidate_3,3,0.04666666666666667
394,candidate_2,candidate_1,candidate_3,3,0.04666666666666667
395,candidate_2,candidate_1,candidate_3,3,0.04666666666666667
396,0,candidate_1,candidate_3,3,0.04666666666666667
397,candidate_2,candidate_1,candidate_3,3,0.04666666666666667
398,candidate_2,candidate_1,candidate_3,3,0.04666666666666667
399,candidate_2,candidate_1,candidate_3,3,0.04666666666666667
400,candidate_2,candidate_1,candidate_3,3,0.04666666666666667
401,candidate_2,candidate_1,0,3,0.04666666666666667
402,candidate_2,0,candidate_3,3,0.04666666666666667
403,candidate_2,candidate_1,candidate_3,3,0.04666666666666667
404,candidate_2,candidate_1,candidate_3,3,0.04666666666666667
405,candidate_2,candidate_1,candidate_3,3,0.04666666666666667
406,0,candidate_1,candidate_3,3,0.04666666666666667
407,candidate_2,candidate_1,candidate_3,3,0.04666666666666667
408,candidate_2,candidate_1,candidate_3,3,0.04666666666666667
409,candidate_2,candidate_1,candidate_3,3,0.04666666666666667
410,candidate_2,candidate_1,candidate_3,3,0.04666666666666667
411,candidate_2,candidate_1,candidate_3,3,0.04666666666666667
412,candidate_2,candidate_1,candidate_3,3,0.04666666666666667
413,candidate_2,candidate_1,candidate_3,3,0.04666666666666667
414,candidate_2,candidate_1,candidate_3,3,0.04666666666666667
415,candidate_2,candidate_1,candidate_3,3,0.04666666666666667
416,candidate_2,candidate_1,candidate_3,3,0.04666666666666667
417,candidate_2,candidate_1,candidate_3,3,0.04666666666666667
418,candidate_2,candidate_1,candidate_3,3,0.04666666666666667
419,candidate_2,candidate_1,candidate_3,3,0.04666666666666667
420,candidate_2,candidate_1,0,3,0.04666666666666667
421,0,candidate_1,candidate_3,3,0.04666666666666667
422,candidate_2,candidate_1,0,3,0.04666666666666667
423,candidate_2,candidate_1,candidate_3,3,0.04666666666666667
424,candidate_2,candidate_1,candidate_3,3,0.04666666666666667
425,candidate_2,candidate_1,candidate_3,3,0.04666666666666667
426,candidate_2,candidate_1,candidate_3,3,0.04666666666666667
427,candidate_2,candidate_1,candidate_3,3,0.04666666666666667
428,candidate_2,candidate_1,candidate_3,3,0.04666666666666667
429,candidate_2,candidate_1,candidate_3,3,0.04666666666666667
430,candidate_2,candidate_1,candidate_3,3,0.04666666666666667
431,candidate_2,candidate_1,candidate_3,3,0.04666666666666667
432,candidate_2,candidate_1,candidate_3,3,0.04666666666666667
433,0,candidate_1,candidate_3,3,0.04666666666666667
434,candidate_2,candidate_1,candidate_3,3,0.04666666666666667
435,candidate_2,candidate_1,candidate_3,3,0.04666666666666667
436,candidate_2,candidate_1,candidate_3,3,0.04666666666666667
437,candidate_2,candidate_1,candidate_3,3,0.04666666666666667
438,candidate_2,candidate_1,candidate_3,3,0.04666666666666667
439,candidate_2,0,candidate_3,3,0.04666666666666667
440,candidate_2,0,candidate_3,3,0.04666666666666667
441,candidate_2,candidate_1,candidate_3,3,0.04666666666666667
442,candidate_2,candidate_1,candidate_3,3,0.04666666666666667
443,candidate_2,candidate_1,candidate_3,3,0.04666666666666667
444,candidate_2,candidate_1,candidate_3,3,0.04666666666666667
445,candidate_2,candidate_1,candidate_3,3,0.04666666666666667
446,candidate_2,candidate_1,candidate_3,3,0.04666666666666667
447,candidate_2,candidate_1,candidate_3,3,0.04666666666666667
448,candidate_2,candidate_1,candidate_3,3,0.04666666666666667
449,candidate_2,candidate_1,candidate_3,3,0.04666666666666667
450,candidate_2,candidate_1,candidate_3,3,0.04666666666666667
451,candidate_2,candidate_1,candidate_3,3,0.04666666666666667
452,candidate_2,candidate_1,candidate_3,3,0.04666666666666667
453,candidate_2,candidate_1,candidate_3,3,0.04666666666666667
454,candidate_2,0,candidate_3,3,0.04666666666666667
455,candidate_2,candidate_1,candidate_3,3,0.04666666666666667
456,candidate_2,candidate_1,candidate_3,3,0.04666666666666667
457,candidate_2,candidate_1,candidate_3,3,0.04666666666666667
458,candidate_2,candidate_1,candidate_3,3,0.04666666666666667
459,candidate_2,candidate_1,candidate_3,3,0.04666666666666667
460,candidate_2,candidate_1,candidate_3,3,0.04666666666666667
461,candidate_2,candidate_1,candidate_3,3,0.04666666666666667
462,candidate_2,candidate_1,candidate_3,3,0.04666666666666667
463,candidate_2,candidate_1,candidate_3,3,0.04666666666666667
464,candidate_2,candidate_1,candidate_3,3,0.04666666666666667
465,candidate_2,candidate_1,candidate_3,3,0.04666666666666667
466,candidate_2,candidate_1,candidate_3,3,0.04666666666666667
467,candidate_2,candidate_1,candidate_3,3,0.04666666666666667
468,candidate_2,candidate_1,candidate_3,3,0.04666666666666667
469,candidate_2,candidate_1,candidate_3,3,0.04666666666666667
470,candidate_2,candidate_1,candidate_3,3,0.04666666666666667
471,candidate_2,candidate_1,candidate_3,3,0.04666666666666667
472,candidate_2,candidate_1,candidate_3,3,0.04666666666666667
473,candidate_2,0,candidate_3,3,0.04666666666666667
474,candidate_2,candidate_1,candidate_3,3,0.04666666666666667
475,candidate_2,candidate_1,candidate_3,3,0.04666666666666667
476,candidate_2,candidate_1,candidate_3,3,0.04666666666666667
477,candidate_2,candidate_1,candidate_3,3,0.04666666666666667
478,candidate_2,candidate_1,candidate_3,3,0.04666666666666667
479,candidate_2,candidate_1,candidate_3,3,0.04666666666666667
480,candidate_2,candidate_1,candidate_3,3,0.04666666666666667
481,candidate_2,candidate_1,candidate_3,3,0.04666666666666667
482,candidate_2,candidate_1,candidate_3,3,0.04666666666666667
483,candidate_2,candidate_1,candidate_3,3,0.04666666666666667
484,candidate_2,candidate_1,candidate_3,3,0.04666666666666667
485,candidate_2,0,candidate_3,3,0.04666666666666667
486,candidate_2,candidate_1,candidate_3,3,0.04666666666666667
487,candidate_2,candidate_1,candidate_3,3,0.04666666666666667
488,candidate_2,candidate_1,candidate_3,3,0.04666666666666667
489,candidate_2,candidate_1,candidate_3,3,0.04666666666666667
490,candidate_2,candidate_1,candidate_3,3,0.04666666666666667
491,candidate_2,candidate_1,candidate_3,3,0.04666666666666667
492,candidate_2,candidate_1,candidate_3,3,0.04666666666666667
493,candidate_2,candidate_1,candidate_3,3,0.04666666666666667
494,candidate_2,candidate_1,candidate_3,3,0.04666666666666667
495,candidate_2,candidate_1,candidate_3,3,0.04666666666666667
496,candidate_2,candidate_1,candidate_3,3,0.04666666666666667
497,candidate_2,candidate_1,candidate_3,3,0.04666666666666667
498,candidate_2,candidate_1,candidate_3,3,0.04666666666666667
499,candidate_2,candidate_1,candidate_3,3,0.04666666666666667
500,candidate_2,candidate_1,candidate_3,3,0.04666666666666667
501,candidate_2,candidate_1,candidate_3,3,0.04666666666666667
502,candidate_2,candidate_1,candidate_3,3,0.04666666666666667
503,candidate_2,candidate_1,candidate_3,3,0.04666666666666667
504,candidate_2,candidate_1,candidate_3,3,0.04666666666666667
505,candidate_2,candidate_1,candidate_3,3,0.04666666666666667
506,candidate_2,candidate_1,candidate_3,3,0.04666666666666667
507,candidate_2,candidate_1,candidate_3,3,0.04666666666666667
508,candidate_2,candidate_1,candidate_3,3,0.04666666666666667
509,candidate_2,candidate_1,candidate_3,3,0.04666666666666667
510,candidate_2,candidate_1,candidate_3,3,0.04666666666666667
511,candidate_2,candidate_1,candidate_3,3,0.04666666666666667
512,candidate_2,candidate_1,candidate_3,3,0.04666666666666667
513,candidate_2,candidate_1,candidate_3,3,0.04666666666666667
514,candidate_2,candidate_1,candidate_3,3,0.04666666666666667
515,candidate_2,candidate_1,candidate_3,3,0.04666666666666667
516,candidate_2,0,candidate_3,3,0.04666666666666667
517,candidate_2,candidate_1,candidate_3,3,0.04666666666666667
518,candidate_2,candidate_1,candidate_3,3,0.04666666666666667
519,candidate_2,candidate_1,candidate_3,3,0.04666666666666667
520,candidate_2,candidate_1,candidate_3,3,0.04666666666666667
521,candidate_2,candidate_1,candidate_3,3,0.04666666666666667
522,candidate_2,candidate_1,candidate_3,3,0.04666666666666667
523,candidate_2,candidate_1,candidate_3,3,0.04666666666666667
524,candidate_2,candidate_1,candidate_3,3,0.04666666666666667
525,candidate_2,candidate_1,candidate_3,3,0.04666666666666667
526,candidate_2,candidate_1,candidate_3,3,0.04666666666666667
527,candidate_2,candidate_1,candidate_3,3,0.04666666666666667
528,candidate_2,candidate_1,candidate_3,3,0.04666666666666667
529,candidate_2,candidate_1,candidate_3,3,0.04666666666666667
530,candidate_2,candidate_1,candidate_3,3,0.04666666666666667
531,candidate_2,candidate_1,candidate_3,3,0.04666666666666667
532,candidate_2,candidate_1,candidate_3,3,0.04666666666666667
533,candidate_2,candidate_1,candidate_3,3,0.04666666666666667
534,candidate_2,candidate_1,candidate_3,3,0.04666666666666667
535,candidate_2,candidate_1,0,3,0.04666666666666667
536,candidate_2,candidate_1,candidate_3,3,0.04666666666666667
537,candidate_2,candidate_1,candidate_3,3,0.04666666666666667
538,candidate_2,candidate_1,candidate_3,3,0.04666666666666667
539,candidate_2,candidate_1,candidate_3,3,0.04666666666666667
540,candidate_2,candidate_1,candidate_3,3,0.04666666666666667
541,candidate_2,candidate_1,candidate_3,3,0.04666666666666667
542,candidate_2,candidate_1,candidate_3,3,0.04666666666666667
543,candidate_2,candidate_1,candidate_3,3,0.04666666666666667
544,candidate_2,candidate_1,candidate_3,3,0.04666666666666667
545,0,candidate_1,candidate_3,3,0.04666666666666667
546,candidate_2,candidate_1,candidate_3,3,0.04666666666666667
547,candidate_2,candidate_1,candidate_3,3,0.04666666666666667
548,candidate_2,candidate_1,candidate_3,3,0.04666666666666667
549,candidate_2,candidate_1,candidate_3,3,0.04666666666666667
550,candidate_2,candidate_1,candidate_3,3,0.04666666666666667
551,candidate_2,candidate_1,candidate_3,3,0.04666666666666667
552,candidate_2,candidate_1,candidate_3,3,0.04666666666666667
553,candidate_2,candidate_1,candidate_3,3,0.04666666666666667
554,candidate_2,candidate_1,candidate_3,3,0.04666666666666667
555,0,candidate_1,candidate_3,3,0.04666666666666667
556,0,candidate_1,0,3,0.04666666666666667
557,candidate_2,candidate_1,candidate_3,3,0.04666666666666667
558,candidate_2,candidate_1,candidate_3,3,0.04666666666666667
559,candidate_2,candidate_1,candidate_3,3,0.04666666666666667
560,candidate_2,candidate_1,candidate_3,3,0.04666666666666667
561,0,candidate_1,0,3,0.04666666666666667
562,candidate_2,candidate_1,candidate_3,3,0.04666666666666667
563,candidate_2,candidate_1,candidate_3,3,0.04666666666666667
564,candidate_2,candidate_1,candidate_3,3,0.04666666666666667
565,candidate_2,candidate_1,candidate_3,3,0.04666666666666667
566,candidate_2,candidate_1,candidate_3,3,0.04666666666666667
567,candidate_2,candidate_1,candidate_3,3,0.04666666666666667
568,candidate_2,0,candidate_3,3,0.04666666666666667
569,0,candidate_1,candidate_3,3,0.04666666666666667
570,candidate_2,candidate_1,candidate_3,3,0.04666666666666667
571,candidate_2,candidate_1,candidate_3,3,0.04666666666666667
572,candidate_2,candidate_1,candidate_3,3,0.04666666666666667
573,candidate_2,candidate_1,candidate_3,3,0.04666666666666667
574,candidate_2,candidate_1,candidate_3,3,0.04666666666666667
575,candidate_2,candidate_1,candidate_3,3,0.04666666666666667
576,candidate_2,candidate_1,candidate_3,3,0.04666666666666667
577,candidate_2,candidate_1,candidate_3,3,0.04666666666666667
578,candidate_2,candidate_1,candidate_3,3,0.04666666666666667
579,candidate_2,candidate_1,candidate_3,3,0.04666666666666667
580,candidate_2,candidate_1,candidate_3,3,0.04666666666666667
581,candidate_2,candidate_1,candidate_3,3,0.04666666666666667
582,candidate_2,candidate_1,0,3,0.04666666666666667
583,candidate_2,candidate_1,candidate_3,3,0.04666666666666667
584,candidate_2,candidate_1,candidate_3,3,0.04666666666666667
585,candidate_2,0,candidate_3,3,0.04666666666666667
586,candidate_2,candidate_1,candidate_3,3,0.04666666666666667
587,candidate_2,candidate_1,candidate_3,3,0.04666666666666667
588,candidate_2,candidate_1,candidate_3,3,0.04666666666666667
589,0,candidate_1,candidate_3,3,0.04666666666666667
590,candidate_2,candidate_1,candidate_3,3,0.04666666666666667
591,candidate_2,candidate_1,candidate_3,3,0.04666666666666667
592,candidate_2,candidate_1,candidate_3,3,0.04666666666666667
593,candidate_2,candidate_1,candidate_3,3,0.04666666666666667
594,candidate_2,candidate_1,candidate_3,3,0.04666666666666667
595,candidate_2,candidate_1,candidate_3,3,0.04666666666666667
596,0,candidate_1,candidate_3,3,0.04666666666666667
597,candidate_2,candidate_1,candidate_3,3,0.04666666666666667
598,candidate_2,candidate_1,0,3,0.04666666666666667
599,candidate_2,candidate_1,candidate_3,3,0.04666666666666667
600,candidate_2,candidate_1,0,3,0.04666666666666667
601,candidate_2,candidate_1,candidate_3,3,0.04666666666666667
602,candidate_2,candidate_1,candidate_3,3,0.04666666666666667
603,candidate_2,candidate_1,candidate_3,3,0.04666666666666667
604,candidate_2,candidate_1,candidate_3,3,0.04666666666666667
605,candidate_2,candidate_1,candidate_3,3,0.04666666666666667
606,candidate_2,candidate_1,candidate_3,3,0.04666666666666667
607,candidate_2,candidate_1,candidate_3,3,0.04666666666666667
608,candidate_2,candidate_1,candidate_3,3,0.04666666666666667
609,candidate_2,candidate_1,candidate_3,3,0.04666666666666667
610,candidate_2,candidate_1,candidate_3,3,0.04666666666666667
611,candidate_2,candidate_1,candidate_3,3,0.04666666666666667
612,candidate_2,candidate_1,candidate_3,3,0.04666666666666667
613,candidate_2,candidate_1,candidate_3,3,0.04666666666666667
614,candidate_2,candidate_1,candidate_3,3,0.04666666666666667
615,candidate_2,0,candidate_3,3,0.04666666666666667
616,candidate_2,candidate_1,candidate_3,3,0.04666666666666667
617,candidate_2,candidate_1,candidate_3,3,0.04666666666666667
618,candidate_2,candidate_1,candidate_3,3,0.04666666666666667
619,candidate_2,candidate_1,0,3,0.04666666666666667
620,candidate_2,candidate_1,candidate_3,3,0.04666666666666667
621,candidate_2,candidate_1,candidate_3,3,0.04666666666666667
622,candidate_2,candidate_1,candidate_3,3,0.04666666666666667
623,candidate_2,candidate_1,candidate_3,3,0.04666666666666667
624,candidate_2,0,candidate_3,3,0.04666666666666667
625,candidate_2,candidate_1,candidate_3,3,0.04666666666666667
626,candidate_2,candidate_1,candidate_3,3,0.04666666666666667
627,candidate_2,candidate_1,candidate_3,3,0.04666666666666667
628,candidate_2,candidate_1,candidate_3,3,0.04666666666666667
629,candidate_2,candidate_1,candidate_3,3,0.04666666666666667
630,candidate_2,candidate_1,candidate_3,3,0.04666666666666667
631,candidate_2,candidate_1,candidate_3,3,0.04666666666666667
632,candidate_2,candidate_1,candidate_3,3,0.04666666666666667
633,candidate_2,candidate_1,candidate_3,3,0.04666666666666667
634,candidate_2,candidate_1,candidate_3,3,0.04666666666666667
635,candidate_2,candidate_1,candidate_3,3,0.04666666666666667
636,candidate_2,candidate_1,candidate_3,3,0.04666666666666667
637,candidate_2,candidate_1,candidate_3,3,0.04666666666666667
638,candidate_2,candidate_1,candidate_3,3,0.04666666666666667
639,candidate_2,candidate_1,candidate_3,3,0.04666666666666667
640,candidate_2,candidate_1,candidate_3,3,0.04666666666666667
641,candidate_2,candidate_1,candidate_3,3,0.04666666666666667
642,candidate_2,candidate_1,candidate_3,3,0.04666666666666667
643,candidate_2,candidate_1,candidate_3,3,0.04666666666666667
644,candidate_2,candidate_1,candidate_3,3,0.04666666666666667
645,candidate_2,0,candidate_3,3,0.04666666666666667
646,candidate_2,candidate_1,candidate_3,3,0.04666666666666667
647,candidate_2,candidate_1,0,3,0.04666666666666667
648,candidate_2,candidate_1,candidate_3,3,0.04666666666666667
649,candidate_2,candidate_1,candidate_3,3,0.04666666666666667
650,candidate_2,candidate_1,candidate_3,3,0.04666666666666667
651,candidate_2,candidate_1,candidate_3,3,0.04666666666666667
652,candidate_2,candidate_1,candidate_3,3,0.04666666666666667
653,candidate_2,candidate_1,candidate_3,3,0.04666666666666667
654,candidate_2,candidate_1,candidate_3,3,0.04666666666666667
655,candidate_2,candidate_1,candidate_3,3,0.04666666666666667
656,0,candidate_1,candidate_3,3,0.04666666666666667
657,candidate_2,candidate_1,candidate_3,3,0.04666666666666667
658,candidate_2,candidate_1,candidate_3,3,0.04666666666666667
659,candidate_2,candidate_1,candidate_3,3,0.04666666666666667
660,candidate_2,candidate_1,candidate_3,3,0.04666666666666667
661,candidate_2,candidate_1,candidate_3,3,0.04666666666666667
662,candidate_2,candidate_1,candidate_3,3,0.04666666666666667
663,candidate_2,0,candidate_3,3,0.04666666666666667
664,0,candidate_1,candidate_3,3,0.04666666666666667
665,candidate_2,candidate_1,candidate_3,3,0.04666666666666667
666,candidate_2,candidate_1,candidate_3,3,0.04666666666666667
667,candidate_2,candidate_1,candidate_3,3,0.04666666666666667
668,candidate_2,candidate_1,candidate_3,3,0.04666666666666667
669,candidate_2,candidate_1,candidate_3,3,0.04666666666666667
670,candidate_2,candidate_1,candidate_3,3,0.04666666666666667
671,candidate_2,candidate_1,candidate_3,3,0.04666666666666667
672,candidate_2,candidate_1,candidate_3,3,0.04666666666666667
673,candidate_2,candidate_1,candidate_3,3,0.04666666666666667
674,candidate_2,candidate_1,candidate_3,3,0.04666666666666667
675,candidate_2,candidate_1,candidate_3,3,0.04666666666666667
676,candidate_2,candidate_1,candidate_3,3,0.04666666666666667
677,candidate_2,candidate_1,candidate_3,3,0.04666666666666667
678,candidate_2,candidate_1,candidate_3,3,0.04666666666666667
679,candidate_2,candidate_1,candidate_3,3,0.04666666666666667
680,candidate_2,candidate_1,candidate_3,3,0.04666666666666667
681,candidate_2,candidate_1,candidate_3,3,0.04666666666666667
682,candidate_2,candidate_1,candidate_3,3,0.04666666666666667
683,candidate_2,candidate_1,candidate_3,3,0.04666666666666667
684,0,candidate_1,0,3,0.04666666666666667
685,candidate_2,candidate_1,candidate_3,3,0.04666666666666667
686,candidate_2,candidate_1,candidate_3,3,0.04666666666666667
687,candidate_2,candidate_1,candidate_3,3,0.04666666666666667
688,candidate_2,candidate_1,candidate_3,3,0.04666666666666667
689,candidate_2,candidate_1,candidate_3,3,0.04666666666666667
690,candidate_2,candidate_1,candidate_3,3,0.04666666666666667
691,candidate_2,candidate_1,candidate_3,3,0.04666666666666667
692,candidate_2,candidate_1,candidate_3,3,0.04666666666666667
693,candidate_2,candidate_1,candidate_3,3,0.04666666666666667
694,candidate_2,candidate_1,candidate_3,3,0.04666666666666667
695,candidate_2,candidate_1,candidate_3,3,0.04666666666666667
696,candidate_2,candidate_1,candidate_3,3,0.04666666666666667
697,candidate_2,candidate_1,candidate_3,3,0.04666666666666667
698,candidate_2,candidate_1,candidate_3,3,0.04666666666666667
699,candidate_2,candidate_1,candidate_3,3,0.04666666666666667
700,candidate_2,candidate_1,candidate_3,3,0.04666666666666667
701,candidate_2,candidate_1,candidate_3,3,0.04666666666666667
702,candidate_2,candidate_1,candidate_3,3,0.04666666666666667
703,candidate_2,candidate_1,candidate_3,3,0.04666666666666667
704,candidate_2,candidate_1,candidate_3,3,0.04666666666666667
705,candidate_2,candidate_1,candidate_3,3,0.04666666666666667
706,candidate_2,candidate_1,0,3,0.04666666666666667
707,candidate_2,candidate_1,0,3,0.04666666666666667
708,candidate_2,candidate_1,candidate_3,3,0.04666666666666667
709,candidate_2,candidate_1,candidate_3,3,0.04666666666666667
710,candidate_2,candidate_1,candidate_3,3,0.04666666666666667
711,candidate_2,candidate_1,candidate_3,3,0.04666666666666667
712,candidate_2,candidate_1,candidate_3,3,0.04666666666666667
713,candidate_2,candidate_1,candidate_3,3,0.04666666666666667
714,candidate_2,candidate_1,candidate_3,3,0.04666666666666667
715,candidate_2,candidate_1,candidate_3,3,0.04666666666666667
716,candidate_2,candidate_1,candidate_3,3,0.04666666666666667
717,candidate_2,candidate_1,candidate_3,3,0.04666666666666667
718,candidate_2,candidate_1,candidate_3,3,0.04666666666666667
719,candidate_2,candidate_1,candidate_3,3,0.04666666666666667
720,candidate_2,candidate_1,0,3,0.04666666666666667
721,candidate_2,candidate_1,candidate_3,3,0.04666666666666667
722,candidate_2,candidate_1,candidate_3,3,0.04666666666666667
723,candidate_2,candidate_1,candidate_3,3,0.04666666666666667
724,candidate_2,candidate_1,candidate_3,3,0.04666666666666667
725,candidate_2,candidate_1,candidate_3,3,0.04666666666666667
726,candidate_2,candidate_1,candidate_3,3,0.04666666666666667
727,candidate_2,candidate_1,candidate_3,3,0.04666666666666667
728,candidate_2,candidate_1,candidate_3,3,0.04666666666666667
729,candidate_2,candidate_1,candidate_3,3,0.04666666666666667
730,candidate_2,candidate_1,candidate_3,3,0.04666666666666667
731,candidate_2,candidate_1,candidate_3,3,0.04666666666666667
732,candidate_2,0,candidate_3,3,0.04666666666666667
733,candidate_2,candidate_1,candidate_3,3,0.04666666666666667
734,candidate_2,candidate_1,candidate_3,3,0.04666666666666667
735,candidate_2,candidate_1,candidate_3,3,0.04666666666666667
736,candidate_2,candidate_1,candidate_3,3,0.04666666666666667
737,candidate_2,candidate_1,0,3,0.04666666666666667
738,candidate_2,0,candidate_3,3,0.04666666666666667
739,candidate_2,candidate_1,candidate_3,3,0.04666666666666667
740,candidate_2,candidate_1,candidate_3,3,0.04666666666666667
741,candidate_2,candidate_1,candidate_3,3,0.04666666666666667
742,candidate_2,candidate_1,candidate_3,3,0.04666666666666667
743,candidate_2,candidate_1,candidate_3,3,0.04666666666666667
744,candidate_2,candidate_1,candidate_3,3,0.04666666666666667
745,candidate_2,candidate_1,candidate_3,3,0.04666666666666667
746,candidate_2,candidate_1,candidate_3,3,0.04666666666666667
747,candidate_2,candidate_1,candidate_3,3,0.04666666666666667
748,candidate_2,candidate_1,candidate_3,3,0.04666666666666667
749,candidate_2,candidate_1,candidate_3,3,0.04666666666666667
750,candidate_2,candidate_1,candidate_3,3,0.04666666666666667
751,candidate_2,candidate_1,candidate_3,3,0.04666666666666667
752,candidate_2,candidate_1,candidate_3,3,0.04666666666666667
753,0,candidate_1,candidate_3,3,0.04666666666666667
754,candidate_2,candidate_1,candidate_3,3,0.04666666666666667
755,candidate_2,candidate_1,candidate_3,3,0.04666666666666667
756,candidate_2,candidate_1,candidate_3,3,0.04666666666666667
757,0,candidate_1,candidate_3,3,0.04666666666666667
758,candidate_2,candidate_1,candidate_3,3,0.04666666666666667
759,candidate_2,candidate_1,0,3,0.04666666666666667
760,candidate_2,candidate_1,candidate_3,3,0.04666666666666667
761,candidate_2,candidate_1,candidate_3,3,0.04666666666666667
762,candidate_2,candidate_1,candidate_3,3,0.04666666666666667
763,candidate_2,candidate_1,candidate_3,3,0.04666666666666667
764,candidate_2,0,candidate_3,3,0.04666666666666667
765,candidate_2,candidate_1,candidate_3,3,0.04666666666666667
766,candidate_2,candidate_1,candidate_3,3,0.04666666666666667
767,candidate_2,candidate_1,candidate_3,3,0.04666666666666667
768,candidate_2,0,candidate_3,3,0.04666666666666667
769,candidate_2,candidate_1,candidate_3,3,0.04666666666666667
770,candidate_2,candidate_1,candidate_3,3,0.04666666666666667
771,candidate_2,candidate_1,0,3,0.04666666666666667
772,candidate_2,candidate_1,candidate_3,3,0.04666666666666667
773,candidate_2,candidate_1,candidate_3,3,0.04666666666666667
774,candidate_2,candidate_1,candidate_3,3,0.04666666666666667
775,candidate_2,candidate_1,candidate_3,3,0.04666666666666667
776,candidate_2,candidate_1,candidate_3,3,0.04666666666666667
777,candidate_2,candidate_1,candidate_3,3,0.04666666666666667
778,candidate_2,candidate_1,candidate_3,3,0.04666666666666667
779,candidate_2,candidate_1,candidate_3,3,0.04666666666666667
780,candidate_2,candidate_1,candidate_3,3,0.04666666666666667
781,candidate_2,candidate_1,candidate_3,3,0.04666666666666667
782,candidate_2,candidate_1,candidate_3,3,0.04666666666666667
783,candidate_2,candidate_1,candidate_3,3,0.04666666666666667
784,candidate_2,candidate_1,candidate_3,3,0.04666666666666667
785,candidate_2,candidate_1,candidate_3,3,0.04666666666666667
786,candidate_2,candidate_1,candidate_3,3,0.04666666666666667
787,candidate_2,candidate_1,candidate_3,3,0.04666666666666667
788,candidate_2,candidate_1,candidate_3,3,0.04666666666666667
789,candidate_2,candidate_1,candidate_3,3,0.04666666666666667
790,candidate_2,candidate_1,candidate_3,3,0.04666666666666667
791,candidate_2,candidate_1,candidate_3,3,0.04666666666666667
792,candidate_2,candidate_1,0,3,0.04666666666666667
793,candidate_2,candidate_1,candidate_3,3,0.04666666666666667
794,candidate_2,candidate_1,candidate_3,3,0.04666666666666667
795,candidate_2,candidate_1,candidate_3,3,0.04666666666666667
796,candidate_2,candidate_1,candidate_3,3,0.04666666666666667
797,candidate_2,candidate_1,candidate_3,3,0.04666666666666667
798,0,candidate_1,candidate_3,3,0.04666666666666667
799,candidate_2,candidate_1,candidate_3,3,0.04666666666666667
800,candidate_2,candidate_1,candidate_3,3,0.04666666666666667
801,candidate_2,0,candidate_3,3,0.04666666666666667
802,candidate_2,candidate_1,candidate_3,3,0.04666666666666667
803,candidate_2,candidate_1,candidate_3,3,0.04666666666666667
804,candidate_2,candidate_1,candidate_3,3,0.04666666666666667
805,candidate_2,candidate_1,candidate_3,3,0.04666666666666667
806,candidate_2,0,candidate_3,3,0.04666666666666667
807,candidate_2,candidate_1,candidate_3,3,0.04666666666666667
808,candidate_2,candidate_1,candidate_3,3,0.04666666666666667
809,candidate_2,candidate_1,candidate_3,3,0.04666666666666667
810,candidate_2,candidate_1,candidate_3,3,0.04666666666666667
811,candidate_2,candidate_1,candidate_3,3,0.04666666666666667
812,candidate_2,candidate_1,candidate_3,3,0.04666666666666667
813,candidate_2,candidate_1,candidate_3,3,0.04666666666666667
814,candidate_2,candidate_1,candidate_3,3,0.04666666666666667
815,candidate_2,candidate_1,candidate_3,3,0.04666666666666667
816,candidate_2,candidate_1,candidate_3,3,0.04666666666666667
817,candidate_2,candidate_1,candidate_3,3,0.04666666666666667
818,candidate_2,candidate_1,candidate_3,3,0.04666666666666667
819,candidate_2,candidate_1,candidate_3,3,0.04666666666666667
820,candidate_2,candidate_1,candidate_3,3,0.04666666666666667
821,candidate_2,candidate_1,candidate_3,3,0.04666666666666667
822,candidate_2,candidate_1,candidate_3,3,0.04666666666666667
823,candidate_2,candidate_1,0,3,0.04666666666666667
824,candidate_2,candidate_1,candidate_3,3,0.04666666666666667
825,candidate_2,candidate_1,candidate_3,3,0.04666666666666667
826,candidate_2,candidate_1,candidate_3,3,0.04666666666666667
827,candidate_2,candidate_1,candidate_3,3,0.04666666666666667
828,candidate_2,candidate_1,candidate_3,3,0.04666666666666667
829,candidate_2,candidate_1,candidate_3,3,0.04666666666666667
830,candidate_2,candidate_1,candidate_3,3,0.04666666666666667
831,candidate_2,candidate_1,candidate_3,3,0.04666666666666667
832,candidate_2,candidate_1,candidate_3,3,0.04666666666666667
833,candidate_2,candidate_1,candidate_3,3,0.04666666666666667
834,candidate_2,candidate_1,candidate_3,3,0.04666666666666667
835,candidate_2,candidate_1,candidate_3,3,0.04666666666666667
836,candidate_2,0,candidate_3,3,0.04666666666666667
837,candidate_2,candidate_1,candidate_3,3,0.04666666666666667
838,candidate_2,candidate_1,candidate_3,3,0.04666666666666667
839,candidate_2,candidate_1,candidate_3,3,0.04666666666666667
840,candidate_2,candidate_1,candidate_3,3,0.04666666666666667
841,candidate_2,candidate_1,candidate_3,3,0.04666666666666667
842,candidate_2,candidate_1,candidate_3,3,0.04666666666666667
843,candidate_2,candidate_1,candidate_3,3,0.04666666666666667
844,candidate_2,candidate_1,candidate_3,3,0.04666666666666667
845,candidate_2,candidate_1,candidate_3,3,0.04666666666666667
846,candidate_2,candidate_1,candidate_3,3,0.04666666666666667
847,candidate_2,0,candidate_3,3,0.04666666666666667
848,candidate_2,candidate_1,candidate_3,3,0.04666666666666667
849,candidate_2,candidate_1,candidate_3,3,0.04666666666666667
850,candidate_2,candidate_1,candidate_3,3,0.04666666666666667
851,candidate_2,candidate_1,candidate_3,3,0.04666666666666667
852,0,candidate_1,candidate_3,3,0.04666666666666667
853,candidate_2,candidate_1,candidate_3,3,0.04666666666666667
854,candidate_2,candidate_1,candidate_3,3,0.04666666666666667
855,candidate_2,candidate_1,candidate_3,3,0.04666666666666667
856,candidate_2,candidate_1,0,3,0.04666666666666667
857,candidate_2,candidate_1,candidate_3,3,0.04666666666666667
858,candidate_2,0,candidate_3,3,0.04666666666666667
859,candidate_2,candidate_1,candidate_3,3,0.04666666666666667
860,candidate_2,candidate_1,candidate_3,3,0.04666666666666667
861,candidate_2,candidate_1,candidate_3,3,0.04666666666666667
862,candidate_2,candidate_1,candidate_3,3,0.04666666666666667
863,candidate_2,candidate_1,0,3,0.04666666666666667
864,candidate_2,candidate_1,candidate_3,3,0.04666666666666667
865,candidate_2,candidate_1,candidate_3,3,0.04666666666666667
866,candidate_2,candidate_1,0,3,0.04666666666666667
867,candidate_2,candidate_1,candidate_3,3,0.04666666666666667
868,candidate_2,candidate_1,candidate_3,3,0.04666666666666667
869,candidate_2,candidate_1,candidate_3,3,0.04666666666666667
870,candidate_2,candidate_1,candidate_3,3,0.04666666666666667
871,candidate_2,candidate_1,candidate_3,3,0.04666666666666667
872,candidate_2,candidate_1,candidate_3,3,0.04666666666666667
873,candidate_2,candidate_1,candidate_3,3,0.04666666666666667
874,candidate_2,candidate_1,candidate_3,3,0.04666666666666667
875,candidate_2,candidate_1,candidate_3,3,0.04666666666666667
876,candidate_2,candidate_1,candidate_3,3,0.04666666666666667
877,candidate_2,candidate_1,candidate_3,3,0.04666666666666667
878,0,candidate_1,candidate_3,3,0.04666666666666667
879,candidate_2,candidate_1,candidate_3,3,0.04666666666666667
880,candidate_2,candidate_1,0,3,0.04666666666666667
881,candidate_2,candidate_1,candidate_3,3,0.04666666666666667
882,candidate_2,candidate_1,candidate_3,3,0.04666666666666667
883,candidate_2,candidate_1,0,3,0.04666666666666667
884,candidate_2,candidate_1,candidate_3,3,0.04666666666666667
885,candidate_2,candidate_1,candidate_3,3,0.04666666666666667
886,candidate_2,candidate_1,candidate_3,3,0.04666666666666667
887,candidate_2,candidate_1,candidate_3,3,0.04666666666666667
888,candidate_2,candidate_1,candidate_3,3,0.04666666666666667
889,candidate_2,candidate_1,candidate_3,3,0.04666666666666667
890,candidate_2,candidate_1,candidate_3,3,0.04666666666666667
891,candidate_2,candidate_1,candidate_3,3,0.04666666666666667
892,candidate_2,candidate_1,candidate_3,3,0.04666666666666667
893,candidate_2,candidate_1,candidate_3,3,0.04666666666666667
894,candidate_2,candidate_1,candidate_3,3,0.04666666666666667
895,candidate_2,candidate_1,candidate_3,3,0.04666666666666667
896,candidate_2,candidate_1,candidate_3,3,0.04666666666666667
897,candidate_2,candidate_1,candidate_3,3,0.04666666666666667
898,candidate_2,candidate_1,candidate_3,3,0.04666666666666667
899,candidate_2,candidate_1,candidate_3,3,0.04666666666666667
900,candidate_2,candidate_1,0,3,0.04666666666666667
901,candidate_2,candidate_1,candidate_3,3,0.04666666666666667
902,candidate_2,candidate_1,candidate_3,3,0.04666666666666667
903,candidate_2,candidate_1,candidate_3,3,0.04666666666666667
904,candidate_2,candidate_1,candidate_3,3,0.04666666666666667
905,candidate_2,candidate_1,candidate_3,3,0.04666666666666667
906,candidate_2,candidate_1,candidate_3,3,0.04666666666666667
907,candidate_2,candidate_1,candidate_3,3,0.04666666666666667
908,candidate_2,candidate_1,candidate_3,3,0.04666666666666667
909,candidate_2,candidate_1,0,3,0.04666666666666667
910,candidate_2,candidate_1,candidate_3,3,0.04666666666666667
911,candidate_2,candidate_1,candidate_3,3,0.04666666666666667
912,candidate_2,candidate_1,candidate_3,3,0.04666666666666667
913,candidate_2,candidate_1,candidate_3,3,0.04666666666666667
914,0,candidate_1,candidate_3,3,0.04666666666666667
915,candidate_2,candidate_1,candidate_3,3,0.04666666666666667
916,candidate_2,candidate_1,candidate_3,3,0.04666666666666667
917,candidate_2,candidate_1,candidate_3,3,0.04666666666666667
918,candidate_2,candidate_1,candidate_3,3,0.04666666666666667
919,candidate_2,candidate_1,candidate_3,3,0.04666666666666667
920,candidate_2,candidate_1,candidate_3,3,0.04666666666666667
921,candidate_2,candidate_1,candidate_3,3,0.04666666666666667
922,candidate_2,candidate_1,candidate_3,3,0.04666666666666667
923,candidate_2,candidate_1,candidate_3,3,0.04666666666666667
924,candidate_2,candidate_1,candidate_3,3,0.04666666666666667
925,candidate_2,candidate_1,candidate_3,3,0.04666666666666667
926,candidate_2,candidate_1,candidate_3,3,0.04666666666666667
927,candidate_2,candidate_1,candidate_3,3,0.04666666666666667
928,candidate_2,candidate_1,candidate_3,3,0.04666666666666667
929,candidate_2,candidate_1,candidate_3,3,0.04666666666666667
930,candidate_2,candidate_1,candidate_3,3,0.04666666666666667
931,candidate_2,candidate_1,candidate_3,3,0.04666666666666667
932,candidate_2,candidate_1,candidate_3,3,0.04666666666666667
933,candidate_2,candidate_1,candidate_3,3,0.04666666666666667
934,candidate_2,candidate_1,candidate_3,3,0.04666666666666667
935,candidate_2,candidate_1,candidate_3,3,0.04666666666666667
936,candidate_2,candidate_1,candidate_3,3,0.04666666666666667
937,candidate_2,candidate_1,candidate_3,3,0.04666666666666667
938,candidate_2,candidate_1,candidate_3,3,0.04666666666666667
939,candidate_2,candidate_1,candidate_3,3,0.04666666666666667
940,candidate_2,candidate_1,candidate_3,3,0.04666666666666667
941,candidate_2,candidate_1,candidate_3,3,0.04666666666666667
942,candidate_2,candidate_1,candidate_3,3,0.04666666666666667
943,candidate_2,candidate_1,candidate_3,3,0.04666666666666667
944,candidate_2,candidate_1,candidate_3,3,0.04666666666666667
945,candidate_2,candidate_1,candidate_3,3,0.04666666666666667
946,candidate_2,candidate_1,candidate_3,3,0.04666666666666667
947,candidate_2,candidate_1,candidate_3,3,0.04666666666666667
948,candidate_2,0,candidate_3,3,0.04666666666666667
949,candidate_2,candidate_1,candidate_3,3,0.04666666666666667
950,candidate_2,candidate_1,candidate_3,3,0.04666666666666667
951,candidate_2,candidate_1,candidate_3,3,0.04666666666666667
952,candidate_2,candidate_1,candidate_3,3,0.04666666666666667
953,candidate_2,candidate_1,candidate_3,3,0.04666666666666667
954,candidate_2,candidate_1,candidate_3,3,0.04666666666666667
955,candidate_2,candidate_1,candidate_3,3,0.04666666666666667
956,candidate_2,candidate_1,candidate_3,3,0.04666666666666667
957,candidate_2,candidate_1,candidate_3,3,0.04666666666666667
958,candidate_2,candidate_1,candidate_3,3,0.04666666666666667
959,candidate_2,candidate_1,candidate_3,3,0.04666666666666667
960,0,0,candidate_3,3,0.04666666666666667
961,candidate_2,candidate_1,candidate_3,3,0.04666666666666667
962,candidate_2,candidate_1,candidate_3,3,0.04666666666666667
963,candidate_2,candidate_1,candidate_3,3,0.04666666666666667
964,candidate_2,candidate_1,candidate_3,3,0.04666666666666667
965,candidate_2,candidate_1,candidate_3,3,0.04666666666666667
966,candidate_2,0,candidate_3,3,0.04666666666666667
967,candidate_2,candidate_1,candidate_3,3,0.04666666666666667
968,0,candidate_1,candidate_3,3,0.04666666666666667
969,candidate_2,candidate_1,candidate_3,3,0.04666666666666667
970,candidate_2,candidate_1,candidate_3,3,0.04666666666666667
971,candidate_2,candidate_1,candidate_3,3,0.04666666666666667
972,candidate_2,candidate_1,candidate_3,3,0.04666666666666667
973,candidate_2,candidate_1,candidate_3,3,0.04666666666666667
974,candidate_2,candidate_1,0,3,0.04666666666666667
975,candidate_2,candidate_1,candidate_3,3,0.04666666666666667
976,0,candidate_1,candidate_3,3,0.04666666666666667
977,candidate_2,candidate_1,candidate_3,3,0.04666666666666667
978,candidate_2,candidate_1,candidate_3,3,0.04666666666666667
979,candidate_2,candidate_1,candidate_3,3,0.04666666666666667
980,candidate_2,candidate_1,candidate_3,3,0.04666666666666667
981,candidate_2,candidate_1,candidate_3,3,0.04666666666666667
982,candidate_2,candidate_1,candidate_3,3,0.04666666666666667
983,candidate_2,candidate_1,candidate_3,3,0.04666666666666667
984,candidate_2,candidate_1,candidate_3,3,0.04666666666666667
985,candidate_2,candidate_1,candidate_3,3,0.04666666666666667
986,0,candidate_1,candidate_3,3,0.04666666666666667
987,candidate_2,candidate_1,candidate_3,3,0.04666666666666667
988,candidate_2,candidate_1,0,3,0.04666666666666667
989,candidate_2,candidate_1,0,3,0.04666666666666667
990,candidate_2,candidate_1,candidate_3,3,0.04666666666666667
991,candidate_2,candidate_1,candidate_3,3,0.04666666666666667
992,candidate_2,candidate_1,candidate_3,3,0.04666666666666667
993,candidate_2,candidate_1,candidate_3,3,0.04666666666666667
994,candidate_2,candidate_1,candidate_3,3,0.04666666666666667
995,candidate_2,candidate_1,candidate_3,3,0.04666666666666667
996,0,candidate_1,candidate_3,3,0.04666666666666667
997,0,candidate_1,candidate_3,3,0.04666666666666667
998,candidate_2,candidate_1,candidate_3,3,0.04666666666666667
999,candidate_2,candidate_1,candidate_3,3,0.04666666666666667
1000,candidate_2,candidate_1,candidate_3,3,0.04666666666666667
1001,candidate_2,candidate_1,candidate_3,3,0.04666666666666667
1002,candidate_2,candidate_1,candidate_3,3,0.04666666666666667
1003,candidate_2,candidate_1,0,3,0.04666666666666667
1004,0,candidate_1,candidate_3,3,0.04666666666666667
1005,candidate_2,candidate_1,candidate_3,3,0.04666666666666667
1006,candidate_2,candidate_1,candidate_3,3,0.04666666666666667
1007,candidate_2,candidate_1,candidate_3,3,0.04666666666666667
1008,candidate_2,candidate_1,candidate_3,3,0.04666666666666667
1009,candidate_2,candidate_1,candidate_3,3,0.04666666666666667
1010,candidate_2,candidate_1,candidate_3,3,0.04666666666666667
1011,candidate_2,candidate_1,candidate_3,3,0.04666666666666667
1012,candidate_2,candidate_1,candidate_3,3,0.04666666666666667
1013,candidate_2,candidate_1,candidate_3,3,0.04666666666666667
1014,candidate_2,candidate_1,candidate_3,3,0.04666666666666667
1015,candidate_2,candidate_1,candidate_3,3,0.04666666666666667
1016,candidate_2,candidate_1,candidate_3,3,0.04666666666666667
1017,candidate_2,candidate_1,candidate_3,3,0.04666666666666667
1018,candidate_2,candidate_1,candidate_3,3,0.04666666666666667
1019,0,candidate_1,candidate_3,3,0.04666666666666667
1020,candidate_2,candidate_1,candidate_3,3,0.04666666666666667
1021,candidate_2,candidate_1,candidate_3,3,0.04666666666666667
1022,candidate_2,candidate_1,candidate_3,3,0.04666666666666667
1023,candidate_2,candidate_1,candidate_3,3,0.04666666666666667
1024,candidate_2,candidate_1,candidate_3,3,0.04666666666666667
1025,candidate_2,candidate_1,candidate_3,3,0.04666666666666667
1026,candidate_2,candidate_1,candidate_3,3,0.04666666666666667
1027,0,candidate_1,candidate_3,3,0.04666666666666667
1028,0,0,candidate_3,3,0.04666666666666667
1029,candidate_2,candidate_1,candidate_3,3,0.04666666666666667
1030,candidate_2,candidate_1,candidate_3,3,0.04666666666666667
1031,candidate_2,candidate_1,candidate_3,3,0.04666666666666667
1032,candidate_2,candidate_1,candidate_3,3,0.04666666666666667
1033,candidate_2,candidate_1,candidate_3,3,0.04666666666666667
1034,0,candidate_1,candidate_3,3,0.04666666666666667
1035,candidate_2,candidate_1,candidate_3,3,0.04666666666666667
1036,candidate_2,candidate_1,candidate_3,3,0.04666666666666667
1037,candidate_2,candidate_1,candidate_3,3,0.04666666666666667
1038,candidate_2,candidate_1,0,3,0.04666666666666667
1039,candidate_2,candidate_1,candidate_3,3,0.04666666666666667
1040,candidate_2,candidate_1,candidate_3,3,0.04666666666666667
1041,candidate_2,candidate_1,candidate_3,3,0.04666666666666667
1042,candidate_2,candidate_1,candidate_3,3,0.04666666666666667
1043,candidate_2,candidate_1,candidate_3,3,0.04666666666666667
1044,candidate_2,candidate_1,candidate_3,3,0.04666666666666667
1045,candidate_2,candidate_1,candidate_3,3,0.04666666666666667
1046,candidate_2,candidate_1,candidate_3,3,0.04666666666666667
1047,candidate_2,candidate_1,candidate_3,3,0.04666666666666667
1048,candidate_2,candidate_1,candidate_3,3,0.04666666666666667
1049,candidate_2,candidate_1,candidate_3,3,0.04666666666666667
1050,candidate_2,candidate_1,candidate_3,3,0.04666666666666667
1051,candidate_2,candidate_1,candidate_3,3,0.04666666666666667
1052,candidate_2,candidate_1,candidate_3,3,0.04666666666666667
1053,candidate_2,candidate_1,candidate_3,3,0.04666666666666667
1054,candidate_2,candidate_1,candidate_3,3,0.04666666666666667
1055,candidate_2,candidate_1,candidate_3,3,0.04666666666666667
1056,candidate_2,candidate_1,candidate_3,3,0.04666666666666667
1057,candidate_2,candidate_1,candidate_3,3,0.04666666666666667
1058,candidate_2,candidate_1,candidate_3,3,0.04666666666666667
1059,candidate_2,candidate_1,candidate_3,3,0.04666666666666667
1060,candidate_2,candidate_1,candidate_3,3,0.04666666666666667
1061,candidate_2,candidate_1,candidate_3,3,0.04666666666666667
1062,candidate_2,candidate_1,candidate_3,3,0.04666666666666667
1063,candidate_2,candidate_1,candidate_3,3,0.04666666666666667
1064,candidate_2,candidate_1,candidate_3,3,0.04666666666666667
1065,candidate_2,candidate_1,candidate_3,3,0.04666666666666667
1066,candidate_2,candidate_1,candidate_3,3,0.04666666666666667
1067,candidate_2,candidate_1,candidate_3,3,0.04666666666666667
1068,candidate_2,0,candidate_3,3,0.04666666666666667
1069,candidate_2,candidate_1,candidate_3,3,0.04666666666666667
1070,candidate_2,candidate_1,candidate_3,3,0.04666666666666667
1071,candidate_2,candidate_1,candidate_3,3,0.04666666666666667
1072,candidate_2,candidate_1,candidate_3,3,0.04666666666666667
1073,candidate_2,candidate_1,candidate_3,3,0.04666666666666667
1074,candidate_2,candidate_1,candidate_3,3,0.04666666666666667
1075,candidate_2,0,candidate_3,3,0.04666666666666667
1076,candidate_2,candidate_1,candidate_3,3,0.04666666666666667
1077,candidate_2,0,candidate_3,3,0.04666666666666667
1078,candidate_2,candidate_1,candidate_3,3,0.04666666666666667
1079,candidate_2,candidate_1,candidate_3,3,0.04666666666666667
1080,candidate_2,candidate_1,candidate_3,3,0.04666666666666667
1081,0,candidate_1,candidate_3,3,0.04666666666666667
1082,candidate_2,candidate_1,candidate_3,3,0.04666666666666667
1083,candidate_2,candidate_1,candidate_3,3,0.04666666666666667
1084,candidate_2,candidate_1,candidate_3,3,0.04666666666666667
1085,candidate_2,candidate_1,candidate_3,3,0.04666666666666667
1086,candidate_2,candidate_1,candidate_3,3,0.04666666666666667
1087,candidate_2,candidate_1,candidate_3,3,0.04666666666666667
1088,candidate_2,candidate_1,candidate_3,3,0.04666666666666667
1089,candidate_2,candidate_1,candidate_3,3,0.04666666666666667
1090,candidate_2,candidate_1,candidate_3,3,0.04666666666666667
1091,0,candidate_1,candidate_3,3,0.04666666666666667
1092,candidate_2,candidate_1,candidate_3,3,0.04666666666666667
1093,candidate_2,candidate_1,candidate_3,3,0.04666666666666667
1094,candidate_2,candidate_1,candidate_3,3,0.04666666666666667
1095,candidate_2,candidate_1,candidate_3,3,0.04666666666666667
1096,candidate_2,candidate_1,candidate_3,3,0.04666666666666667
1097,candidate_2,candidate_1,candidate_3,3,0.04666666666666667
1098,candidate_2,candidate_1,candidate_3,3,0.04666666666666667
1099,candidate_2,candidate_1,candidate_3,3,0.04666666666666667
1100,candidate_2,0,candidate_3,3,0.04666666666666667
1101,candidate_2,candidate_1,candidate_3,3,0.04666666666666667
1102,candidate_2,candidate_1,candidate_3,3,0.04666666666666667
1103,candidate_2,candidate_1,candidate_3,3,0.04666666666666667
1104,candidate_2,candidate_1,candidate_3,3,0.04666666666666667
1105,candidate_2,candidate_1,candidate_3,3,0.04666666666666667
1106,candidate_2,candidate_1,candidate_3,3,0.04666666666666667
1107,candidate_2,candidate_1,candidate_3,3,0.04666666666666667
1108,candidate_2,candidate_1,candidate_3,3,0.04666666666666667
1109,candidate_2,candidate_1,candidate_3,3,0.04666666666666667
1110,candidate_2,candidate_1,candidate_3,3,0.04666666666666667
1111,candidate_2,candidate_1,candidate_3,3,0.04666666666666667
1112,0,candidate_1,candidate_3,3,0.04666666666666667
1113,candidate_2,candidate_1,candidate_3,3,0.04666666666666667
1114,candidate_2,candidate_1,candidate_3,3,0.04666666666666667
1115,candidate_2,candidate_1,candidate_3,3,0.04666666666666667
1116,candidate_2,candidate_1,candidate_3,3,0.04666666666666667
1117,candidate_2,candidate_1,candidate_3,3,0.04666666666666667
1118,candidate_2,candidate_1,candidate_3,3,0.04666666666666667
1119,candidate_2,candidate_1,candidate_3,3,0.04666666666666667
1120,candidate_2,candidate_1,candidate_3,3,0.04666666666666667
1121,candidate_2,candidate_1,candidate_3,3,0.04666666666666667
1122,candidate_2,candidate_1,candidate_3,3,0.04666666666666667
1123,candidate_2,candidate_1,candidate_3,3,0.04666666666666667
1124,candidate_2,candidate_1,candidate_3,3,0.04666666666666667
1125,candidate_2,candidate_1,candidate_3,3,0.04666666666666667
1126,candidate_2,candidate_1,candidate_3,3,0.04666666666666667
1127,candidate_2,candidate_1,candidate_3,3,0.04666666666666667
1128,candidate_2,candidate_1,candidate_3,3,0.04666666666666667
1129,candidate_2,candidate_1,candidate_3,3,0.04666666666666667
1130,0,candidate_1,candidate_3,3,0.04666666666666667
1131,candidate_2,candidate_1,candidate_3,3,0.04666666666666667
1132,candidate_2,candidate_1,candidate_3,3,0.04666666666666667
1133,candidate_2,candidate_1,candidate_3,3,0.04666666666666667
1134,candidate_2,candidate_1,candidate_3,3,0.04666666666666667
1135,candidate_2,candidate_1,candidate_3,3,0.04666666666666667
1136,candidate_2,candidate_1,0,3,0.04666666666666667
1137,candidate_2,candidate_1,candidate_3,3,0.04666666666666667
1138,candidate_2,candidate_1,candidate_3,3,0.04666666666666667
1139,candidate_2,candidate_1,candidate_3,3,0.04666666666666667
1140,candidate_2,candidate_1,candidate_3,3,0.04666666666666667
1141,candidate_2,candidate_1,candidate_3,3,0.04666666666666667
1142,candidate_2,candidate_1,candidate_3,3,0.04666666666666667
1143,candidate_2,candidate_1,candidate_3,3,0.04666666666666667
1144,candidate_2,candidate_1,candidate_3,3,0.04666666666666667
1145,candidate_2,candidate_1,candidate_3,3,0.04666666666666667
1146,candidate_2,candidate_1,candidate_3,3,0.04666666666666667
1147,candidate_2,candidate_1,candidate_3,3,0.04666666666666667
1148,candidate_2,candidate_1,candidate_3,3,0.04666666666666667
1149,candidate_2,candidate_1,candidate_3,3,0.04666666666666667
1150,candidate_2,candidate_1,candidate_3,3,0.04666666666666667
1151,candidate_2,candidate_1,candidate_3,3,0.04666666666666667
1152,candidate_2,candidate_1,candidate_3,3,0.04666666666666667
1153,candidate_2,candidate_1,candidate_3,3,0.04666666666666667
1154,candidate_2,candidate_1,candidate_3,3,0.04666666666666667
1155,candidate_2,candidate_1,candidate_3,3,0.04666666666666667
1156,candidate_2,candidate_1,candidate_3,3,0.04666666666666667
1157,candidate_2,candidate_1,candidate_3,3,0.04666666666666667
1158,candidate_2,candidate_1,candidate_3,3,0.04666666666666667
1159,candidate_2,candidate_1,candidate_3,3,0.04666666666666667
1160,candidate_2,candidate_1,candidate_3,3,0.04666666666666667
1161,candidate_2,candidate_1,candidate_3,3,0.04666666666666667
1162,candidate_2,candidate_1,candidate_3,3,0.04666666666666667
1163,candidate_2,candidate_1,candidate_3,3,0.04666666666666667
1164,candidate_2,candidate_1,candidate_3,3,0.04666666666666667
1165,candidate_2,candidate_1,candidate_3,3,0.04666666666666667
1166,candidate_2,candidate_1,candidate_3,3,0.04666666666666667
1167,candidate_2,candidate_1,candidate_3,3,0.04666666666666667
1168,candidate_2,candidate_1,candidate_3,3,0.04666666666666667
1169,candidate_2,candidate_1,candidate_3,3,0.04666666666666667
1170,candidate_2,candidate_1,candidate_3,3,0.04666666666666667
1171,candidate_2,candidate_1,candidate_3,3,0.04666666666666667
1172,candidate_2,candidate_1,candidate_3,3,0.04666666666666667
1173,0,candidate_1,candidate_3,3,0.04666666666666667
1174,candidate_2,candidate_1,candidate_3,3,0.04666666666666667
1175,candidate_2,candidate_1,candidate_3,3,0.04666666666666667
1176,candidate_2,candidate_1,candidate_3,3,0.04666666666666667
1177,candidate_2,candidate_1,candidate_3,3,0.04666666666666667
1178,candidate_2,candidate_1,candidate_3,3,0.04666666666666667
1179,candidate_2,candidate_1,candidate_3,3,0.04666666666666667
1180,candidate_2,candidate_1,candidate_3,3,0.04666666666666667
1181,candidate_2,candidate_1,candidate_3,3,0.04666666666666667
1182,candidate_2,candidate_1,candidate_3,3,0.04666666666666667
1183,candidate_2,candidate_1,candidate_3,3,0.04666666666666667
1184,candidate_2,candidate_1,candidate_3,3,0.04666666666666667
1185,candidate_2,candidate_1,candidate_3,3,0.04666666666666667
1186,candidate_2,candidate_1,candidate_3,3,0.04666666666666667
1187,candidate_2,candidate_1,candidate_3,3,0.04666666666666667
1188,candidate_2,candidate_1,candidate_3,3,0.04666666666666667
1189,candidate_2,candidate_1,candidate_3,3,0.04666666666666667
1190,candidate_2,candidate_1,candidate_3,3,0.04666666666666667
1191,candidate_2,candidate_1,candidate_3,3,0.04666666666666667
1192,candidate_2,candidate_1,candidate_3,3,0.04666666666666667
1193,candidate_2,candidate_1,candidate_3,3,0.04666666666666667
1194,candidate_2,candidate_1,candidate_3,3,0.04666666666666667
1195,candidate_2,candidate_1,candidate_3,3,0.04666666666666667
1196,candidate_2,candidate_1,candidate_3,3,0.04666666666666667
1197,candidate_2,candidate_1,candidate_3,3,0.04666666666666667
1198,candidate_2,candidate_1,candidate_3,3,0.04666666666666667
1199,candidate_2,candidate_1,candidate_3,3,0.04666666666666667
1200,candidate_2,candidate_1,candidate_3,3,0.04666666666666667
1201,candidate_2,candidate_1,candidate_3,3,0.04666666666666667
1202,candidate_2,candidate_1,candidate_3,3,0.04666666666666667
1203,candidate_2,candidate_1,candidate_3,3,0.04666666666666667
1204,candidate_2,candidate_1,candidate_3,3,0.04666666666666667
1205,candidate_2,candidate_1,candidate_3,3,0.04666666666666667
1206,candidate_2,candidate_1,candidate_3,3,0.04666666666666667
1207,candidate_2,candidate_1,candidate_3,3,0.04666666666666667
1208,candidate_2,candidate_1,candidate_3,3,0.04666666666666667
1209,candidate_2,candidate_1,candidate_3,3,0.04666666666666667
1210,candidate_2,candidate_1,candidate_3,3,0.04666666666666667
1211,candidate_2,candidate_1,candidate_3,3,0.04666666666666667
1212,candidate_2,candidate_1,candidate_3,3,0.04666666666666667
1213,candidate_2,candidate_1,candidate_3,3,0.04666666666666667
1214,0,candidate_1,candidate_3,3,0.04666666666666667
1215,candidate_2,candidate_1,candidate_3,3,0.04666666666666667
1216,candidate_2,candidate_1,candidate_3,3,0.04666666666666667
1217,candidate_2,candidate_1,candidate_3,3,0.04666666666666667
1218,candidate_2,candidate_1,candidate_3,3,0.04666666666666667
1219,0,candidate_1,candidate_3,3,0.04666666666666667
1220,candidate_2,candidate_1,candidate_3,3,0.04666666666666667
1221,candidate_2,candidate_1,candidate_3,3,0.04666666666666667
1222,candidate_2,candidate_1,candidate_3,3,0.04666666666666667
1223,candidate_2,candidate_1,candidate_3,3,0.04666666666666667
1224,candidate_2,candidate_1,candidate_3,3,0.04666666666666667
1225,0,candidate_1,candidate_3,3,0.04666666666666667
1226,candidate_2,candidate_1,0,3,0.04666666666666667
1227,candidate_2,candidate_1,candidate_3,3,0.04666666666666667
1228,candidate_2,candidate_1,candidate_3,3,0.04666666666666667
1229,candidate_2,candidate_1,candidate_3,3,0.04666666666666667
1230,candidate_2,candidate_1,candidate_3,3,0.04666666666666667
1231,0,candidate_1,candidate_3,3,0.04666666666666667
1232,candidate_2,candidate_1,candidate_3,3,0.04666666666666667
1233,candidate_2,candidate_1,candidate_3,3,0.04666666666666667
1234,candidate_2,candidate_1,candidate_3,3,0.04666666666666667
1235,0,candidate_1,candidate_3,3,0.04666666666666667
1236,candidate_2,candidate_1,candidate_3,3,0.04666666666666667
1237,candidate_2,candidate_1,candidate_3,3,0.04666666666666667
1238,candidate_2,0,candidate_3,3,0.04666666666666667
1239,candidate_2,candidate_1,candidate_3,3,0.04666666666666667
1240,candidate_2,candidate_1,candidate_3,3,0.04666666666666667
1241,candidate_2,candidate_1,candidate_3,3,0.04666666666666667
1242,candidate_2,candidate_1,candidate_3,3,0.04666666666666667
1243,candidate_2,candidate_1,candidate_3,3,0.04666666666666667
1244,candidate_2,candidate_1,candidate_3,3,0.04666666666666667
1245,candidate_2,candidate_1,candidate_3,3,0.04666666666666667
1246,candidate_2,candidate_1,0,3,0.04666666666666667
1247,candidate_2,candidate_1,candidate_3,3,0.04666666666666667
1248,candidate_2,candidate_1,0,3,0.04666666666666667
1249,candidate_2,candidate_1,candidate_3,3,0.04666666666666667
1250,candidate_2,candidate_1,candidate_3,3,0.04666666666666667
1251,candidate_2,candidate_1,candidate_3,3,0.04666666666666667
1252,candidate_2,candidate_1,candidate_3,3,0.04666666666666667
1253,candidate_2,candidate_1,candidate_3,3,0.04666666666666667
1254,candidate_2,candidate_1,0,3,0.04666666666666667
1255,candidate_2,candidate_1,candidate_3,3,0.04666666666666667
1256,candidate_2,candidate_1,candidate_3,3,0.04666666666666667
1257,candidate_2,candidate_1,candidate_3,3,0.04666666666666667
1258,candidate_2,candidate_1,candidate_3,3,0.04666666666666667
1259,candidate_2,candidate_1,candidate_3,3,0.04666666666666667
1260,candidate_2,candidate_1,candidate_3,3,0.04666666666666667
1261,0,0,candidate_3,3,0.04666666666666667
1262,candidate_2,candidate_1,candidate_3,3,0.04666666666666667
1263,candidate_2,candidate_1,candidate_3,3,0.04666666666666667
1264,candidate_2,candidate_1,0,3,0.04666666666666667
1265,candidate_2,candidate_1,candidate_3,3,0.04666666666666667
1266,candidate_2,candidate_1,candidate_3,3,0.04666666666666667
1267,candidate_2,candidate_1,candidate_3,3,0.04666666666666667
1268,candidate_2,candidate_1,candidate_3,3,0.04666666666666667
1269,candidate_2,candidate_1,candidate_3,3,0.04666666666666667
1270,candidate_2,candidate_1,candidate_3,3,0.04666666666666667
1271,candidate_2,candidate_1,candidate_3,3,0.04666666666666667
1272,candidate_2,candidate_1,candidate_3,3,0.04666666666666667
1273,candidate_2,candidate_1,candidate_3,3,0.04666666666666667
1274,candidate_2,candidate_1,candidate_3,3,0.04666666666666667
1275,candidate_2,0,candidate_3,3,0.04666666666666667
1276,candidate_2,candidate_1,candidate_3,3,0.04666666666666667
1277,candidate_2,candidate_1,candidate_3,3,0.04666666666666667
1278,candidate_2,candidate_1,candidate_3,3,0.04666666666666667
1279,candidate_2,candidate_1,candidate_3,3,0.04666666666666667
1280,candidate_2,candidate_1,candidate_3,3,0.04666666666666667
1281,candidate_2,candidate_1,candidate_3,3,0.04666666666666667
1282,0,candidate_1,candidate_3,3,0.04666666666666667
1283,candidate_2,candidate_1,candidate_3,3,0.04666666666666667
1284,candidate_2,candidate_1,candidate_3,3,0.04666666666666667
1285,candidate_2,candidate_1,candidate_3,3,0.04666666666666667
1286,candidate_2,candidate_1,candidate_3,3,0.04666666666666667
1287,0,candidate_1,candidate_3,3,0.04666666666666667
1288,candidate_2,candidate_1,candidate_3,3,0.04666666666666667
1289,candidate_2,candidate_1,candidate_3,3,0.04666666666666667
1290,candidate_2,candidate_1,candidate_3,3,0.04666666666666667
1291,candidate_2,candidate_1,candidate_3,3,0.04666666666666667
1292,candidate_2,candidate_1,candidate_3,3,0.04666666666666667
1293,candidate_2,candidate_1,candidate_3,3,0.04666666666666667
1294,0,candidate_1,candidate_3,3,0.04666666666666667
1295,candidate_2,candidate_1,candidate_3,3,0.04666666666666667
1296,candidate_2,candidate_1,candidate_3,3,0.04666666666666667
1297,candidate_2,candidate_1,candidate_3,3,0.04666666666666667
1298,candidate_2,candidate_1,candidate_3,3,0.04666666666666667
1299,candidate_2,candidate_1,candidate_3,3,0.04666666666666667
1300,candidate_2,candidate_1,candidate_3,3,0.04666666666666667
1301,candidate_2,candidate_1,candidate_3,3,0.04666666666666667
1302,candidate_2,candidate_1,candidate_3,3,0.04666666666666667
1303,candidate_2,candidate_1,candidate_3,3,0.04666666666666667
1304,candidate_2,candidate_1,candidate_3,3,0.04666666666666667
1305,candidate_2,candidate_1,candidate_3,3,0.04666666666666667
1306,candidate_2,candidate_1,candidate_3,3,0.04666666666666667
1307,candidate_2,candidate_1,candidate_3,3,0.04666666666666667
1308,0,candidate_1,candidate_3,3,0.04666666666666667
1309,candidate_2,candidate_1,candidate_3,3,0.04666666666666667
1310,candidate_2,candidate_1,candidate_3,3,0.04666666666666667
1311,candidate_2,candidate_1,candidate_3,3,0.04666666666666667
1312,candidate_2,candidate_1,candidate_3,3,0.04666666666666667
1313,candidate_2,candidate_1,candidate_3,3,0.04666666666666667
1314,candidate_2,candidate_1,candidate_3,3,0.04666666666666667
1315,0,candidate_1,candidate_3,3,0.04666666666666667
1316,0,candidate_1,candidate_3,3,0.04666666666666667
1317,candidate_2,candidate_1,candidate_3,3,0.04666666666666667
1318,candidate_2,candidate_1,candidate_3,3,0.04666666666666667
1319,candidate_2,candidate_1,candidate_3,3,0.04666666666666667
1320,candidate_2,candidate_1,candidate_3,3,0.04666666666666667
1321,candidate_2,candidate_1,candidate_3,3,0.04666666666666667
1322,candidate_2,candidate_1,0,3,0.04666666666666667
1323,0,candidate_1,candidate_3,3,0.04666666666666667
1324,candidate_2,candidate_1,candidate_3,3,0.04666666666666667
1325,candidate_2,candidate_1,candidate_3,3,0.04666666666666667
1326,candidate_2,candidate_1,candidate_3,3,0.04666666666666667
1327,candidate_2,candidate_1,candidate_3,3,0.04666666666666667
1328,candidate_2,candidate_1,candidate_3,3,0.04666666666666667
1329,candidate_2,candidate_1,candidate_3,3,0.04666666666666667
1330,candidate_2,candidate_1,candidate_3,3,0.04666666666666667
1331,candidate_2,candidate_1,candidate_3,3,0.04666666666666667
1332,candidate_2,candidate_1,candidate_3,3,0.04666666666666667
1333,candidate_2,candidate_1,candidate_3,3,0.04666666666666667
1334,candidate_2,candidate_1,candidate_3,3,0.04666666666666667
1335,candidate_2,candidate_1,0,3,0.04666666666666667
1336,candidate_2,candidate_1,candidate_3,3,0.04666666666666667
1337,candidate_2,candidate_1,0,3,0.04666666666666667
1338,candidate_2,candidate_1,candidate_3,3,0.04666666666666667
1339,candidate_2,candidate_1,candidate_3,3,0.04666666666666667
1340,0,candidate_1,candidate_3,3,0.04666666666666667
1341,candidate_2,0,candidate_3,3,0.04666666666666667
1342,candidate_2,candidate_1,candidate_3,3,0.04666666666666667
1343,candidate_2,candidate_1,candidate_3,3,0.04666666666666667
1344,candidate_2,candidate_1,candidate_3,3,0.04666666666666667
1345,candidate_2,0,candidate_3,3,0.04666666666666667
1346,candidate_2,candidate_1,candidate_3,3,0.04666666666666667
1347,candidate_2,candidate_1,candidate_3,3,0.04666666666666667
1348,0,candidate_1,candidate_3,3,0.04666666666666667
1349,candidate_2,candidate_1,candidate_3,3,0.04666666666666667
1350,candidate_2,candidate_1,candidate_3,3,0.04666666666666667
1351,candidate_2,candidate_1,candidate_3,3,0.04666666666666667
1352,candidate_2,candidate_1,candidate_3,3,0.04666666666666667
1353,candidate_2,candidate_1,candidate_3,3,0.04666666666666667
1354,candidate_2,0,candidate_3,3,0.04666666666666667
1355,candidate_2,candidate_1,candidate_3,3,0.04666666666666667
1356,candidate_2,candidate_1,candidate_3,3,0.04666666666666667
1357,candidate_2,candidate_1,candidate_3,3,0.04666666666666667
1358,candidate_2,candidate_1,candidate_3,3,0.04666666666666667
1359,candidate_2,candidate_1,candidate_3,3,0.04666666666666667
1360,candidate_2,candidate_1,candidate_3,3,0.04666666666666667
1361,candidate_2,candidate_1,candidate_3,3,0.04666666666666667
1362,candidate_2,candidate_1,candidate_3,3,0.04666666666666667
1363,candidate_2,candidate_1,candidate_3,3,0.04666666666666667
1364,candidate_2,candidate_1,candidate_3,3,0.04666666666666667
1365,candidate_2,candidate_1,candidate_3,3,0.04666666666666667
1366,candidate_2,candidate_1,candidate_3,3,0.04666666666666667
1367,candidate_2,candidate_1,candidate_3,3,0.04666666666666667
1368,candidate_2,candidate_1,candidate_3,3,0.04666666666666667
1369,candidate_2,candidate_1,candidate_3,3,0.04666666666666667
1370,candidate_2,candidate_1,candidate_3,3,0.04666666666666667
1371,candidate_2,candidate_1,candidate_3,3,0.04666666666666667
1372,candidate_2,candidate_1,candidate_3,3,0.04666666666666667
1373,candidate_2,candidate_1,candidate_3,3,0.04666666666666667
1374,candidate_2,candidate_1,candidate_3,3,0.04666666666666667
1375,candidate_2,candidate_1,candidate_3,3,0.04666666666666667
1376,candidate_2,candidate_1,candidate_3,3,0.04666666666666667
1377,candidate_2,candidate_1,candidate_3,3,0.04666666666666667
1378,candidate_2,candidate_1,candidate_3,3,0.04666666666666667
1379,candidate_2,candidate_1,candidate_3,3,0.04666666666666667
1380,candidate_2,candidate_1,candidate_3,3,0.04666666666666667
1381,0,candidate_1,candidate_3,3,0.04666666666666667
1382,candidate_2,candidate_1,candidate_3,3,0.04666666666666667
1383,candidate_2,candidate_1,candidate_3,3,0.04666666666666667
1384,candidate_2,candidate_1,candidate_3,3,0.04666666666666667
1385,candidate_2,candidate_1,candidate_3,3,0.04666666666666667
1386,candidate_2,candidate_1,candidate_3,3,0.04666666666666667
1387,candidate_2,candidate_1,0,3,0.04666666666666667
1388,0,candidate_1,candidate_3,3,0.04666666666666667
1389,candidate_2,candidate_1,candidate_3,3,0.04666666666666667
1390,candidate_2,candidate_1,candidate_3,3,0.04666666666666667
1391,candidate_2,candidate_1,0,3,0.04666666666666667
1392,candidate_2,candidate_1,candidate_3,3,0.04666666666666667
1393,candidate_2,candidate_1,candidate_3,3,0.04666666666666667
1394,candidate_2,candidate_1,candidate_3,3,0.04666666666666667
1395,candidate_2,candidate_1,candidate_3,3,0.04666666666666667
1396,candidate_2,candidate_1,candidate_3,3,0.04666666666666667
1397,candidate_2,candidate_1,candidate_3,3,0.04666666666666667
1398,candidate_2,candidate_1,candidate_3,3,0.04666666666666667
1399,candidate_2,candidate_1,candidate_3,3,0.04666666666666667
1400,candidate_2,candidate_1,candidate_3,3,0.04666666666666667
1401,candidate_2,0,candidate_3,3,0.04666666666666667
1402,candidate_2,candidate_1,candidate_3,3,0.04666666666666667
1403,candidate_2,candidate_1,candidate_3,3,0.04666666666666667
1404,candidate_2,0,candidate_3,3,0.04666666666666667
1405,0,candidate_1,candidate_3,3,0.04666666666666667
1406,candidate_2,candidate_1,candidate_3,3,0.04666666666666667
1407,candidate_2,candidate_1,candidate_3,3,0.04666666666666667
1408,candidate_2,candidate_1,candidate_3,3,0.04666666666666667
1409,candidate_2,candidate_1,candidate_3,3,0.04666666666666667
1410,candidate_2,candidate_1,candidate_3,3,0.04666666666666667
1411,candidate_2,candidate_1,candidate_3,3,0.04666666666666667
1412,candidate_2,candidate_1,candidate_3,3,0.04666666666666667
1413,candidate_2,0,candidate_3,3,0.04666666666666667
1414,candidate_2,candidate_1,candidate_3,3,0.04666666666666667
1415,candidate_2,candidate_1,candidate_3,3,0.04666666666666667
1416,candidate_2,candidate_1,candidate_3,3,0.04666666666666667
1417,candidate_2,candidate_1,candidate_3,3,0.04666666666666667
1418,candidate_2,candidate_1,candidate_3,3,0.04666666666666667
1419,candidate_2,candidate_1,candidate_3,3,0.04666666666666667
1420,candidate_2,candidate_1,candidate_3,3,0.04666666666666667
1421,candidate_2,candidate_1,candidate_3,3,0.04666666666666667
1422,candidate_2,candidate_1,candidate_3,3,0.04666666666666667
1423,candidate_2,candidate_1,candidate_3,3,0.04666666666666667
1424,candidate_2,candidate_1,candidate_3,3,0.04666666666666667
1425,candidate_2,candidate_1,candidate_3,3,0.04666666666666667
1426,candidate_2,candidate_1,candidate_3,3,0.04666666666666667
1427,candidate_2,candidate_1,0,3,0.04666666666666667
1428,candidate_2,candidate_1,candidate_3,3,0.04666666666666667
1429,candidate_2,candidate_1,candidate_3,3,0.04666666666666667
1430,candidate_2,candidate_1,candidate_3,3,0.04666666666666667
1431,candidate_2,candidate_1,candidate_3,3,0.04666666666666667
1432,candidate_2,candidate_1,candidate_3,3,0.04666666666666667
1433,0,candidate_1,candidate_3,3,0.04666666666666667
1434,candidate_2,candidate_1,candidate_3,3,0.04666666666666667
1435,candidate_2,candidate_1,candidate_3,3,0.04666666666666667
1436,candidate_2,candidate_1,candidate_3,3,0.04666666666666667
1437,candidate_2,candidate_1,candidate_3,3,0.04666666666666667
1438,0,candidate_1,candidate_3,3,0.04666666666666667
1439,candidate_2,candidate_1,candidate_3,3,0.04666666666666667
1440,candidate_2,candidate_1,candidate_3,3,0.04666666666666667
1441,candidate_2,candidate_1,candidate_3,3,0.04666666666666667
1442,candidate_2,candidate_1,candidate_3,3,0.04666666666666667
1443,candidate_2,candidate_1,candidate_3,3,0.04666666666666667
1444,candidate_2,candidate_1,candidate_3,3,0.04666666666666667
1445,candidate_2,candidate_1,candidate_3,3,0.04666666666666667
1446,candidate_2,candidate_1,candidate_3,3,0.04666666666666667
1447,candidate_2,candidate_1,candidate_3,3,0.04666666666666667
1448,candidate_2,candidate_1,candidate_3,3,0.04666666666666667
1449,candidate_2,candidate_1,candidate_3,3,0.04666666666666667
1450,candidate_2,candidate_1,candidate_3,3,0.04666666666666667
1451,candidate_2,candidate_1,candidate_3,3,0.04666666666666667
1452,candidate_2,candidate_1,candidate_3,3,0.04666666666666667
1453,candidate_2,candidate_1,candidate_3,3,0.04666666666666667
1454,candidate_2,candidate_1,candidate_3,3,0.04666666666666667
1455,candidate_2,0,candidate_3,3,0.04666666666666667
1456,candidate_2,candidate_1,candidate_3,3,0.04666666666666667
1457,candidate_2,candidate_1,candidate_3,3,0.04666666666666667
1458,candidate_2,candidate_1,candidate_3,3,0.04666666666666667
1459,candidate_2,candidate_1,candidate_3,3,0.04666666666666667
1460,candidate_2,candidate_1,candidate_3,3,0.04666666666666667
1461,candidate_2,candidate_1,candidate_3,3,0.04666666666666667
1462,candidate_2,candidate_1,candidate_3,3,0.04666666666666667
1463,candidate_2,candidate_1,candidate_3,3,0.04666666666666667
1464,candidate_2,candidate_1,candidate_3,3,0.04666666666666667
1465,candidate_2,candidate_1,candidate_3,3,0.04666666666666667
1466,candidate_2,candidate_1,candidate_3,3,0.04666666666666667
1467,candidate_2,candidate_1,candidate_3,3,0.04666666666666667
1468,candidate_2,candidate_1,candidate_3,3,0.04666666666666667
1469,candidate_2,candidate_1,candidate_3,3,0.04666666666666667
1470,candidate_2,candidate_1,candidate_3,3,0.04666666666666667
1471,candidate_2,candidate_1,candidate_3,3,0.04666666666666667
1472,candidate_2,0,candidate_3,3,0.04666666666666667
1473,candidate_2,0,candidate_3,3,0.04666666666666667
1474,candidate_2,candidate_1,candidate_3,3,0.04666666666666667
1475,candidate_2,candidate_1,0,3,0.04666666666666667
1476,candidate_2,candidate_1,candidate_3,3,0.04666666666666667
1477,candidate_2,candidate_1,candidate_3,3,0.04666666666666667
1478,candidate_2,candidate_1,candidate_3,3,0.04666666666666667
1479,candidate_2,candidate_1,candidate_3,3,0.04666666666666667
1480,candidate_2,0,candidate_3,3,0.04666666666666667
1481,candidate_2,0,candidate_3,3,0.04666666666666667
1482,candidate_2,candidate_1,candidate_3,3,0.04666666666666667
1483,candidate_2,candidate_1,candidate_3,3,0.04666666666666667
1484,candidate_2,candidate_1,0,3,0.04666666666666667
1485,candidate_2,candidate_1,candidate_3,3,0.04666666666666667
1486,candidate_2,candidate_1,candidate_3,3,0.04666666666666667
1487,candidate_2,candidate_1,candidate_3,3,0.04666666666666667
1488,candidate_2,candidate_1,candidate_3,3,0.04666666666666667
1489,candidate_2,candidate_1,candidate_3,3,0.04666666666666667
1490,candidate_2,candidate_1,candidate_3,3,0.04666666666666667
1491,candidate_2,candidate_1,candidate_3,3,0.04666666666666667
1492,candidate_2,candidate_1,0,3,0.04666666666666667
1493,candidate_2,candidate_1,candidate_3,3,0.04666666666666667
1494,candidate_2,candidate_1,candidate_3,3,0.04666666666666667
1495,candidate_2,candidate_1,candidate_3,3,0.04666666666666667
1496,candidate_2,candidate_1,candidate_3,3,0.04666666666666667
1497,candidate_2,0,candidate_3,3,0.04666666666666667
1498,0,candidate_1,candidate_3,3,0.04666666666666667
1499,candidate_2,candidate_1,candidate_3,3,0.04666666666666667
1500,candidate_2,candidate_1,candidate_3,3,0.04666666666666667
1501,candidate_2,candidate_1,candidate_3,3,0.04666666666666667
1502,candidate_2,candidate_1,candidate_3,3,0.04666666666666667
1503,candidate_2,candidate_1,candidate_3,3,0.04666666666666667
1504,candidate_2,candidate_1,candidate_3,3,0.04666666666666667
1505,candidate_2,candidate_1,candidate_3,3,0.04666666666666667
1506,candidate_2,candidate_1,candidate_3,3,0.04666666666666667
1507,candidate_2,0,candidate_3,3,0.04666666666666667
1508,candidate_2,candidate_1,candidate_3,3,0.04666666666666667
1509,candidate_2,candidate_1,candidate_3,3,0.04666666666666667
1510,candidate_2,candidate_1,candidate_3,3,0.04666666666666667
1511,candidate_2,candidate_1,candidate_3,3,0.04666666666666667
1512,candidate_2,candidate_1,candidate_3,3,0.04666666666666667
1513,candidate_2,candidate_1,candidate_3,3,0.04666666666666667
1514,candidate_2,candidate_1,candidate_3,3,0.04666666666666667
1515,candidate_2,candidate_1,candidate_3,3,0.04666666666666667
1516,candidate_2,candidate_1,candidate_3,3,0.04666666666666667
1517,candidate_2,candidate_1,candidate_3,3,0.04666666666666667
1518,candidate_2,candidate_1,candidate_3,3,0.04666666666666667
1519,candidate_2,candidate_1,candidate_3,3,0.04666666666666667
1520,candidate_2,candidate_1,candidate_3,3,0.04666666666666667
1521,candidate_2,candidate_1,candidate_3,3,0.04666666666666667
1522,candidate_2,candidate_1,candidate_3,3,0.04666666666666667
1523,candidate_2,candidate_1,0,3,0.04666666666666667
1524,candidate_2,candidate_1,candidate_3,3,0.04666666666666667
1525,candidate_2,candidate_1,candidate_3,3,0.04666666666666667
1526,candidate_2,candidate_1,candidate_3,3,0.04666666666666667
1527,0,candidate_1,candidate_3,3,0.04666666666666667
1528,candidate_2,candidate_1,candidate_3,3,0.04666666666666667
1529,candidate_2,candidate_1,candidate_3,3,0.04666666666666667
1530,candidate_2,candidate_1,candidate_3,3,0.04666666666666667
1531,candidate_2,candidate_1,candidate_3,3,0.04666666666666667
1532,candidate_2,candidate_1,candidate_3,3,0.04666666666666667
1533,candidate_2,candidate_1,candidate_3,3,0.04666666666666667
1534,candidate_2,candidate_1,0,3,0.04666666666666667
1535,candidate_2,0,candidate_3,3,0.04666666666666667
1536,0,candidate_1,candidate_3,3,0.04666666666666667
1537,candidate_2,candidate_1,candidate_3,3,0.04666666666666667
1538,candidate_2,candidate_1,candidate_3,3,0.04666666666666667
1539,candidate_2,candidate_1,candidate_3,3,0.04666666666666667
1540,candidate_2,candidate_1,candidate_3,3,0.04666666666666667
1541,candidate_2,candidate_1,candidate_3,3,0.04666666666666667
1542,candidate_2,candidate_1,candidate_3,3,0.04666666666666667
1543,candidate_2,candidate_1,candidate_3,3,0.04666666666666667
1544,candidate_2,candidate_1,candidate_3,3,0.04666666666666667
1545,candidate_2,candidate_1,candidate_3,3,0.04666666666666667
1546,candidate_2,candidate_1,candidate_3,3,0.04666666666666667
1547,candidate_2,candidate_1,candidate_3,3,0.04666666666666667
1548,candidate_2,candidate_1,candidate_3,3,0.04666666666666667
1549,candidate_2,candidate_1,candidate_3,3,0.04666666666666667
1550,candidate_2,candidate_1,candidate_3,3,0.04666666666666667
1551,candidate_2,candidate_1,candidate_3,3,0.04666666666666667
1552,candidate_2,candidate_1,candidate_3,3,0.04666666666666667
1553,candidate_2,candidate_1,candidate_3,3,0.04666666666666667
1554,candidate_2,candidate_1,candidate_3,3,0.04666666666666667
1555,candidate_2,candidate_1,candidate_3,3,0.04666666666666667
1556,candidate_2,candidate_1,candidate_3,3,0.04666666666666667
1557,candidate_2,candidate_1,0,3,0.04666666666666667
1558,candidate_2,candidate_1,candidate_3,3,0.04666666666666667
1559,candidate_2,candidate_1,candidate_3,3,0.04666666666666667
1560,candidate_2,candidate_1,candidate_3,3,0.04666666666666667
1561,candidate_2,candidate_1,candidate_3,3,0.04666666666666667
1562,candidate_2,candidate_1,candidate_3,3,0.04666666666666667
1563,candidate_2,candidate_1,candidate_3,3,0.04666666666666667
1564,candidate_2,candidate_1,candidate_3,3,0.04666666666666667
1565,candidate_2,candidate_1,candidate_3,3,0.04666666666666667
1566,candidate_2,candidate_1,candidate_3,3,0.04666666666666667
1567,candidate_2,candidate_1,candidate_3,3,0.04666666666666667
1568,candidate_2,candidate_1,candidate_3,3,0.04666666666666667
1569,candidate_2,candidate_1,candidate_3,3,0.04666666666666667
1570,candidate_2,candidate_1,candidate_3,3,0.04666666666666667
1571,candidate_2,candidate_1,candidate_3,3,0.04666666666666667
1572,candidate_2,candidate_1,candidate_3,3,0.04666666666666667
1573,candidate_2,candidate_1,candidate_3,3,0.04666666666666667
1574,candidate_2,candidate_1,candidate_3,3,0.04666666666666667
1575,candidate_2,candidate_1,candidate_3,3,0.04666666666666667
1576,candidate_2,candidate_1,candidate_3,3,0.04666666666666667
1577,candidate_2,candidate_1,candidate_3,3,0.04666666666666667
1578,candidate_2,candidate_1,candidate_3,3,0.04666666666666667
1579,candidate_2,candidate_1,candidate_3,3,0.04666666666666667
1580,candidate_2,candidate_1,candidate_3,3,0.04666666666666667
1581,candidate_2,candidate_1,candidate_3,3,0.04666666666666667
1582,candidate_2,candidate_1,candidate_3,3,0.04666666666666667
1583,candidate_2,candidate_1,candidate_3,3,0.04666666666666667
1584,candidate_2,candidate_1,candidate_3,3,0.04666666666666667
1585,candidate_2,candidate_1,candidate_3,3,0.04666666666666667
1586,candidate_2,candidate_1,candidate_3,3,0.04666666666666667
1587,candidate_2,candidate_1,candidate_3,3,0.04666666666666667
1588,candidate_2,candidate_1,candidate_3,3,0.04666666666666667
1589,candidate_2,candidate_1,candidate_3,3,0.04666666666666667
1590,candidate_2,candidate_1,candidate_3,3,0.04666666666666667
1591,candidate_2,candidate_1,candidate_3,3,0.04666666666666667
1592,0,candidate_1,candidate_3,3,0.04666666666666667
1593,candidate_2,candidate_1,candidate_3,3,0.04666666666666667
1594,candidate_2,candidate_1,candidate_3,3,0.04666666666666667
1595,candidate_2,candidate_1,candidate_3,3,0.04666666666666667
1596,candidate_2,candidate_1,candidate_3,3,0.04666666666666667
1597,0,candidate_1,candidate_3,3,0.04666666666666667
1598,candidate_2,candidate_1,candidate_3,3,0.04666666666666667
1599,candidate_2,candidate_1,candidate_3,3,0.04666666666666667
1600,candidate_2,candidate_1,candidate_3,3,0.04666666666666667
1601,candidate_2,candidate_1,candidate_3,3,0.04666666666666667
1602,candidate_2,candidate_1,candidate_3,3,0.04666666666666667
1603,candidate_2,candidate_1,candidate_3,3,0.04666666666666667
1604,candidate_2,candidate_1,candidate_3,3,0.04666666666666667
1605,0,candidate_1,candidate_3,3,0.04666666666666667
1606,candidate_2,0,candidate_3,3,0.04666666666666667
1607,candidate_2,candidate_1,candidate_3,3,0.04666666666666667
1608,candidate_2,candidate_1,candidate_3,3,0.04666666666666667
1609,candidate_2,candidate_1,0,3,0.04666666666666667
1610,candidate_2,candidate_1,candidate_3,3,0.04666666666666667
1611,candidate_2,candidate_1,candidate_3,3,0.04666666666666667
1612,candidate_2,candidate_1,candidate_3,3,0.04666666666666667
1613,candidate_2,candidate_1,candidate_3,3,0.04666666666666667
1614,candidate_2,0,candidate_3,3,0.04666666666666667
1615,candidate_2,candidate_1,candidate_3,3,0.04666666666666667
1616,candidate_2,candidate_1,candidate_3,3,0.04666666666666667
1617,candidate_2,candidate_1,candidate_3,3,0.04666666666666667
1618,candidate_2,candidate_1,candidate_3,3,0.04666666666666667
1619,candidate_2,candidate_1,candidate_3,3,0.04666666666666667
1620,candidate_2,candidate_1,candidate_3,3,0.04666666666666667
1621,candidate_2,candidate_1,candidate_3,3,0.04666666666666667
1622,candidate_2,candidate_1,candidate_3,3,0.04666666666666667
1623,candidate_2,candidate_1,candidate_3,3,0.04666666666666667
1624,candidate_2,candidate_1,candidate_3,3,0.04666666666666667
1625,candidate_2,candidate_1,candidate_3,3,0.04666666666666667
1626,candidate_2,candidate_1,candidate_3,3,0.04666666666666667
1627,candidate_2,candidate_1,candidate_3,3,0.04666666666666667
1628,candidate_2,candidate_1,candidate_3,3,0.04666666666666667
1629,candidate_2,candidate_1,candidate_3,3,0.04666666666666667
1630,candidate_2,candidate_1,candidate_3,3,0.04666666666666667
1631,candidate_2,candidate_1,candidate_3,3,0.04666666666666667
1632,candidate_2,candidate_1,candidate_3,3,0.04666666666666667
1633,candidate_2,candidate_1,candidate_3,3,0.04666666666666667
1634,candidate_2,candidate_1,candidate_3,3,0.04666666666666667
1635,candidate_2,candidate_1,candidate_3,3,0.04666666666666667
1636,candidate_2,candidate_1,candidate_3,3,0.04666666666666667
1637,candidate_2,candidate_1,candidate_3,3,0.04666666666666667
1638,candidate_2,candidate_1,candidate_3,3,0.04666666666666667
1639,candidate_2,candidate_1,candidate_3,3,0.04666666666666667
1640,candidate_2,candidate_1,candidate_3,3,0.04666666666666667
1641,candidate_2,candidate_1,candidate_3,3,0.04666666666666667
1642,candidate_2,candidate_1,candidate_3,3,0.04666666666666667
1643,candidate_2,candidate_1,candidate_3,3,0.04666666666666667
1644,candidate_2,candidate_1,0,3,0.04666666666666667
1645,candidate_2,candidate_1,candidate_3,3,0.04666666666666667
1646,candidate_2,candidate_1,candidate_3,3,0.04666666666666667
1647,candidate_2,candidate_1,candidate_3,3,0.04666666666666667
1648,candidate_2,candidate_1,candidate_3,3,0.04666666666666667
1649,candidate_2,candidate_1,candidate_3,3,0.04666666666666667
1650,candidate_2,candidate_1,candidate_3,3,0.04666666666666667
1651,candidate_2,candidate_1,candidate_3,3,0.04666666666666667
1652,0,candidate_1,candidate_3,3,0.04666666666666667
1653,candidate_2,candidate_1,candidate_3,3,0.04666666666666667
1654,candidate_2,candidate_1,candidate_3,3,0.04666666666666667
1655,candidate_2,0,candidate_3,3,0.04666666666666667
1656,candidate_2,candidate_1,candidate_3,3,0.04666666666666667
1657,candidate_2,candidate_1,candidate_3,3,0.04666666666666667
1658,candidate_2,candidate_1,candidate_3,3,0.04666666666666667
1659,candidate_2,candidate_1,candidate_3,3,0.04666666666666667
1660,candidate_2,candidate_1,candidate_3,3,0.04666666666666667
1661,candidate_2,candidate_1,candidate_3,3,0.04666666666666667
1662,candidate_2,candidate_1,candidate_3,3,0.04666666666666667
1663,candidate_2,candidate_1,candidate_3,3,0.04666666666666667
1664,candidate_2,candidate_1,candidate_3,3,0.04666666666666667
1665,candidate_2,candidate_1,candidate_3,3,0.04666666666666667
1666,candidate_2,candidate_1,candidate_3,3,0.04666666666666667
1667,candidate_2,0,candidate_3,3,0.04666666666666667
1668,candidate_2,candidate_1,candidate_3,3,0.04666666666666667
1669,candidate_2,candidate_1,candidate_3,3,0.04666666666666667
1670,candidate_2,candidate_1,candidate_3,3,0.04666666666666667
1671,candidate_2,candidate_1,candidate_3,3,0.04666666666666667
1672,candidate_2,candidate_1,candidate_3,3,0.04666666666666667
1673,candidate_2,candidate_1,candidate_3,3,0.04666666666666667
1674,0,candidate_1,candidate_3,3,0.04666666666666667
1675,candidate_2,candidate_1,candidate_3,3,0.04666666666666667
1676,candidate_2,0,candidate_3,3,0.04666666666666667
1677,candidate_2,candidate_1,candidate_3,3,0.04666666666666667
1678,candidate_2,candidate_1,candidate_3,3,0.04666666666666667
1679,candidate_2,candidate_1,candidate_3,3,0.04666666666666667
1680,candidate_2,candidate_1,candidate_3,3,0.04666666666666667
1681,candidate_2,candidate_1,candidate_3,3,0.04666666666666667
1682,candidate_2,candidate_1,candidate_3,3,0.04666666666666667
1683,candidate_2,candidate_1,candidate_3,3,0.04666666666666667
1684,candidate_2,candidate_1,candidate_3,3,0.04666666666666667
1685,candidate_2,candidate_1,candidate_3,3,0.04666666666666667
1686,candidate_2,candidate_1,candidate_3,3,0.04666666666666667
1687,candidate_2,candidate_1,candidate_3,3,0.04666666666666667
1688,candidate_2,0,0,3,0.04666666666666667
1689,candidate_2,candidate_1,candidate_3,3,0.04666666666666667
1690,candidate_2,candidate_1,0,3,0.04666666666666667
1691,candidate_2,candidate_1,candidate_3,3,0.04666666666666667
1692,candidate_2,candidate_1,candidate_3,3,0.04666666666666667
1693,candidate_2,candidate_1,candidate_3,3,0.04666666666666667
1694,candidate_2,candidate_1,candidate_3,3,0.04666666666666667
1695,candidate_2,candidate_1,0,3,0.04666666666666667
1696,candidate_2,candidate_1,candidate_3,3,0.04666666666666667
1697,candidate_2,candidate_1,0,3,0.04666666666666667
1698,candidate_2,candidate_1,candidate_3,3,0.04666666666666667
1699,candidate_2,candidate_1,candidate_3,3,0.04666666666666667
1700,candidate_2,candidate_1,candidate_3,3,0.04666666666666667
1701,candidate_2,candidate_1,candidate_3,3,0.04666666666666667
1702,candidate_2,candidate_1,candidate_3,3,0.04666666666666667
1703,candidate_2,candidate_1,candidate_3,3,0.04666666666666667
1704,0,candidate_1,candidate_3,3,0.04666666666666667
1705,candidate_2,candidate_1,candidate_3,3,0.04666666666666667
1706,candidate_2,candidate_1,candidate_3,3,0.04666666666666667
1707,0,candidate_1,candidate_3,3,0.04666666666666667
1708,candidate_2,candidate_1,candidate_3,3,0.04666666666666667
1709,0,candidate_1,candidate_3,3,0.04666666666666667
1710,candidate_2,candidate_1,candidate_3,3,0.04666666666666667
1711,candidate_2,candidate_1,candidate_3,3,0.04666666666666667
1712,candidate_2,candidate_1,candidate_3,3,0.04666666666666667
1713,candidate_2,candidate_1,candidate_3,3,0.04666666666666667
1714,candidate_2,0,candidate_3,3,0.04666666666666667
1715,candidate_2,candidate_1,candidate_3,3,0.04666666666666667
1716,candidate_2,candidate_1,candidate_3,3,0.04666666666666667
1717,candidate_2,candidate_1,candidate_3,3,0.04666666666666667
1718,candidate_2,0,candidate_3,3,0.04666666666666667
1719,candidate_2,candidate_1,candidate_3,3,0.04666666666666667
1720,candidate_2,candidate_1,candidate_3,3,0.04666666666666667
1721,candidate_2,candidate_1,candidate_3,3,0.04666666666666667
1722,candidate_2,candidate_1,candidate_3,3,0.04666666666666667
1723,candidate_2,candidate_1,candidate_3,3,0.04666666666666667
1724,candidate_2,candidate_1,candidate_3,3,0.04666666666666667
1725,candidate_2,candidate_1,candidate_3,3,0.04666666666666667
1726,candidate_2,candidate_1,candidate_3,3,0.04666666666666667
1727,candidate_2,candidate_1,candidate_3,3,0.04666666666666667
1728,candidate_2,candidate_1,candidate_3,3,0.04666666666666667
1729,candidate_2,candidate_1,candidate_3,3,0.04666666666666667
1730,candidate_2,candidate_1,candidate_3,3,0.04666666666666667
1731,candidate_2,candidate_1,0,3,0.04666666666666667
1732,candidate_2,candidate_1,candidate_3,3,0.04666666666666667
1733,0,candidate_1,candidate_3,3,0.04666666666666667
1734,candidate_2,candidate_1,candidate_3,3,0.04666666666666667
1735,candidate_2,candidate_1,candidate_3,3,0.04666666666666667
1736,candidate_2,candidate_1,candidate_3,3,0.04666666666666667
1737,candidate_2,0,candidate_3,3,0.04666666666666667
1738,candidate_2,0,candidate_3,3,0.04666666666666667
1739,candidate_2,candidate_1,candidate_3,3,0.04666666666666667
1740,candidate_2,candidate_1,candidate_3,3,0.04666666666666667
1741,candidate_2,candidate_1,candidate_3,3,0.04666666666666667
1742,candidate_2,candidate_1,candidate_3,3,0.04666666666666667
1743,candidate_2,candidate_1,candidate_3,3,0.04666666666666667
1744,0,candidate_1,candidate_3,3,0.04666666666666667
1745,candidate_2,candidate_1,candidate_3,3,0.04666666666666667
1746,candidate_2,candidate_1,candidate_3,3,0.04666666666666667
1747,candidate_2,candidate_1,candidate_3,3,0.04666666666666667
1748,candidate_2,candidate_1,candidate_3,3,0.04666666666666667
1749,candidate_2,candidate_1,candidate_3,3,0.04666666666666667
1750,candidate_2,candidate_1,candidate_3,3,0.04666666666666667
1751,0,candidate_1,candidate_3,3,0.04666666666666667
1752,candidate_2,candidate_1,candidate_3,3,0.04666666666666667
1753,candidate_2,candidate_1,candidate_3,3,0.04666666666666667
1754,candidate_2,candidate_1,candidate_3,3,0.04666666666666667
1755,candidate_2,candidate_1,candidate_3,3,0.04666666666666667
1756,candidate_2,candidate_1,candidate_3,3,0.04666666666666667
1757,candidate_2,candidate_1,candidate_3,3,0.04666666666666667
1758,0,candidate_1,candidate_3,3,0.04666666666666667
1759,candidate_2,candidate_1,candidate_3,3,0.04666666666666667
1760,candidate_2,candidate_1,candidate_3,3,0.04666666666666667
1761,candidate_2,candidate_1,candidate_3,3,0.04666666666666667
1762,candidate_2,candidate_1,candidate_3,3,0.04666666666666667
1763,candidate_2,candidate_1,candidate_3,3,0.04666666666666667
1764,0,candidate_1,candidate_3,3,0.04666666666666667
1765,candidate_2,candidate_1,candidate_3,3,0.04666666666666667
1766,candidate_2,candidate_1,candidate_3,3,0.04666666666666667
1767,candidate_2,candidate_1,0,3,0.04666666666666667
1768,candidate_2,candidate_1,candidate_3,3,0.04666666666666667
1769,candidate_2,candidate_1,candidate_3,3,0.04666666666666667
1770,candidate_2,candidate_1,candidate_3,3,0.04666666666666667
1771,candidate_2,candidate_1,candidate_3,3,0.04666666666666667
1772,candidate_2,candidate_1,candidate_3,3,0.04666666666666667
1773,candidate_2,candidate_1,candidate_3,3,0.04666666666666667
1774,candidate_2,candidate_1,candidate_3,3,0.04666666666666667
1775,candidate_2,candidate_1,candidate_3,3,0.04666666666666667
1776,candidate_2,candidate_1,candidate_3,3,0.04666666666666667
1777,candidate_2,candidate_1,candidate_3,3,0.04666666666666667
1778,candidate_2,candidate_1,candidate_3,3,0.04666666666666667
1779,candidate_2,candidate_1,candidate_3,3,0.04666666666666667
1780,candidate_2,candidate_1,candidate_3,3,0.04666666666666667
1781,candidate_2,candidate_1,candidate_3,3,0.04666666666666667
1782,candidate_2,candidate_1,candidate_3,3,0.04666666666666667
1783,candidate_2,candidate_1,candidate_3,3,0.04666666666666667
1784,candidate_2,candidate_1,candidate_3,3,0.04666666666666667
1785,0,candidate_1,candidate_3,3,0.04666666666666667
1786,candidate_2,candidate_1,candidate_3,3,0.04666666666666667
1787,candidate_2,candidate_1,candidate_3,3,0.04666666666666667
1788,candidate_2,candidate_1,candidate_3,3,0.04666666666666667
1789,candidate_2,candidate_1,candidate_3,3,0.04666666666666667
1790,candidate_2,candidate_1,candidate_3,3,0.04666666666666667
1791,candidate_2,candidate_1,candidate_3,3,0.04666666666666667
1792,candidate_2,candidate_1,candidate_3,3,0.04666666666666667
1793,candidate_2,candidate_1,candidate_3,3,0.04666666666666667
1794,candidate_2,candidate_1,0,3,0.04666666666666667
1795,candidate_2,candidate_1,0,3,0.04666666666666667
1796,candidate_2,candidate_1,candidate_3,3,0.04666666666666667
1797,candidate_2,0,candidate_3,3,0.04666666666666667
1798,candidate_2,candidate_1,candidate_3,3,0.04666666666666667
1799,candidate_2,candidate_1,candidate_3,3,0.04666666666666667
1800,candidate_2,candidate_1,candidate_3,3,0.04666666666666667
1801,candidate_2,candidate_1,candidate_3,3,0.04666666666666667
1802,candidate_2,candidate_1,0,3,0.04666666666666667
1803,candidate_2,candidate_1,candidate_3,3,0.04666666666666667
1804,candidate_2,0,candidate_3,3,0.04666666666666667
1805,candidate_2,candidate_1,candidate_3,3,0.04666666666666667
1806,candidate_2,candidate_1,candidate_3,3,0.04666666666666667
1807,candidate_2,candidate_1,candidate_3,3,0.04666666666666667
1808,candidate_2,candidate_1,candidate_3,3,0.04666666666666667
1809,candidate_2,candidate_1,candidate_3,3,0.04666666666666667
1810,candidate_2,candidate_1,candidate_3,3,0.04666666666666667
1811,candidate_2,candidate_1,candidate_3,3,0.04666666666666667
1812,candidate_2,candidate_1,candidate_3,3,0.04666666666666667
1813,candidate_2,candidate_1,candidate_3,3,0.04666666666666667
1814,candidate_2,candidate_1,candidate_3,3,0.04666666666666667
1815,candidate_2,candidate_1,candidate_3,3,0.04666666666666667
1816,candidate_2,candidate_1,candidate_3,3,0.04666666666666667
1817,candidate_2,candidate_1,candidate_3,3,0.04666666666666667
1818,candidate_2,candidate_1,0,3,0.04666666666666667
1819,candidate_2,candidate_1,candidate_3,3,0.04666666666666667
1820,candidate_2,candidate_1,candidate_3,3,0.04666666666666667
1821,0,candidate_1,candidate_3,3,0.04666666666666667
1822,candidate_2,candidate_1,candidate_3,3,0.04666666666666667
1823,0,candidate_1,candidate_3,3,0.04666666666666667
1824,candidate_2,candidate_1,candidate_3,3,0.04666666666666667
1825,candidate_2,candidate_1,candidate_3,3,0.04666666666666667
1826,candidate_2,candidate_1,candidate_3,3,0.04666666666666667
1827,candidate_2,candidate_1,candidate_3,3,0.04666666666666667
1828,candidate_2,candidate_1,candidate_3,3,0.04666666666666667
1829,candidate_2,candidate_1,0,3,0.04666666666666667
1830,candidate_2,candidate_1,candidate_3,3,0.04666666666666667
1831,candidate_2,candidate_1,candidate_3,3,0.04666666666666667
1832,candidate_2,candidate_1,candidate_3,3,0.04666666666666667
1833,0,candidate_1,candidate_3,3,0.04666666666666667
1834,candidate_2,candidate_1,candidate_3,3,0.04666666666666667
1835,candidate_2,candidate_1,candidate_3,3,0.04666666666666667
1836,candidate_2,candidate_1,candidate_3,3,0.04666666666666667
1837,candidate_2,candidate_1,candidate_3,3,0.04666666666666667
1838,candidate_2,candidate_1,candidate_3,3,0.04666666666666667
1839,candidate_2,candidate_1,0,3,0.04666666666666667
1840,candidate_2,candidate_1,candidate_3,3,0.04666666666666667
1841,candidate_2,candidate_1,candidate_3,3,0.04666666666666667
1842,candidate_2,candidate_1,candidate_3,3,0.04666666666666667
1843,candidate_2,candidate_1,candidate_3,3,0.04666666666666667
1844,candidate_2,candidate_1,candidate_3,3,0.04666666666666667
1845,candidate_2,candidate_1,candidate_3,3,0.04666666666666667
1846,candidate_2,candidate_1,candidate_3,3,0.04666666666666667
1847,candidate_2,candidate_1,candidate_3,3,0.04666666666666667
1848,candidate_2,candidate_1,candidate_3,3,0.04666666666666667
1849,candidate_2,candidate_1,0,3,0.04666666666666667
1850,candidate_2,candidate_1,candidate_3,3,0.04666666666666667
1851,candidate_2,candidate_1,candidate_3,3,0.04666666666666667
1852,candidate_2,candidate_1,0,3,0.04666666666666667
1853,candidate_2,candidate_1,candidate_3,3,0.04666666666666667
1854,candidate_2,candidate_1,candidate_3,3,0.04666666666666667
1855,candidate_2,candidate_1,candidate_3,3,0.04666666666666667
1856,candidate_2,candidate_1,candidate_3,3,0.04666666666666667
1857,candidate_2,candidate_1,candidate_3,3,0.04666666666666667
1858,candidate_2,candidate_1,candidate_3,3,0.04666666666666667
1859,candidate_2,candidate_1,candidate_3,3,0.04666666666666667
1860,candidate_2,candidate_1,candidate_3,3,0.04666666666666667
1861,candidate_2,candidate_1,candidate_3,3,0.04666666666666667
1862,candidate_2,candidate_1,candidate_3,3,0.04666666666666667
1863,candidate_2,candidate_1,candidate_3,3,0.04666666666666667
1864,candidate_2,candidate_1,candidate_3,3,0.04666666666666667
1865,candidate_2,candidate_1,candidate_3,3,0.04666666666666667
1866,candidate_2,candidate_1,candidate_3,3,0.04666666666666667
1867,candidate_2,candidate_1,candidate_3,3,0.04666666666666667
1868,candidate_2,candidate_1,candidate_3,3,0.04666666666666667
1869,candidate_2,candidate_1,candidate_3,3,0.04666666666666667
1870,candidate_2,candidate_1,candidate_3,3,0.04666666666666667
1871,candidate_2,candidate_1,candidate_3,3,0.04666666666666667
1872,candidate_2,candidate_1,candidate_3,3,0.04666666666666667
1873,candidate_2,candidate_1,candidate_3,3,0.04666666666666667
1874,candidate_2,candidate_1,candidate_3,3,0.04666666666666667
1875,candidate_2,candidate_1,candidate_3,3,0.04666666666666667
1876,candidate_2,candidate_1,candidate_3,3,0.04666666666666667
1877,candidate_2,candidate_1,candidate_3,3,0.04666666666666667
1878,candidate_2,candidate_1,candidate_3,3,0.04666666666666667
1879,0,candidate_1,candidate_3,3,0.04666666666666667
1880,candidate_2,candidate_1,0,3,0.04666666666666667
1881,candidate_2,candidate_1,candidate_3,3,0.04666666666666667
1882,candidate_2,candidate_1,candidate_3,3,0.04666666666666667
1883,candidate_2,candidate_1,candidate_3,3,0.04666666666666667
1884,candidate_2,candidate_1,candidate_3,3,0.04666666666666667
1885,candidate_2,candidate_1,candidate_3,3,0.04666666666666667
1886,candidate_2,candidate_1,candidate_3,3,0.04666666666666667
1887,candidate_2,candidate_1,candidate_3,3,0.04666666666666667
1888,candidate_2,candidate_1,candidate_3,3,0.04666666666666667
1889,candidate_2,candidate_1,candidate_3,3,0.04666666666666667
1890,candidate_2,candidate_1,0,3,0.04666666666666667
1891,candidate_2,candidate_1,candidate_3,3,0.04666666666666667
1892,candidate_2,candidate_1,candidate_3,3,0.04666666666666667
1893,candidate_2,candidate_1,candidate_3,3,0.04666666666666667
1894,candidate_2,candidate_1,candidate_3,3,0.04666666666666667
1895,candidate_2,candidate_1,candidate_3,3,0.04666666666666667
1896,candidate_2,candidate_1,candidate_3,3,0.04666666666666667
1897,candidate_2,candidate_1,candidate_3,3,0.04666666666666667
1898,candidate_2,candidate_1,candidate_3,3,0.04666666666666667
1899,candidate_2,candidate_1,candidate_3,3,0.04666666666666667
1900,candidate_2,candidate_1,candidate_3,3,0.04666666666666667
1901,candidate_2,candidate_1,candidate_3,3,0.04666666666666667
1902,candidate_2,candidate_1,candidate_3,3,0.04666666666666667
1903,candidate_2,candidate_1,candidate_3,3,0.04666666666666667
1904,candidate_2,candidate_1,candidate_3,3,0.04666666666666667
1905,candidate_2,candidate_1,candidate_3,3,0.04666666666666667
1906,candidate_2,candidate_1,0,3,0.04666666666666667
1907,candidate_2,candidate_1,0,3,0.04666666666666667
1908,candidate_2,candidate_1,candidate_3,3,0.04666666666666667
1909,candidate_2,0,candidate_3,3,0.04666666666666667
1910,0,candidate_1,candidate_3,3,0.04666666666666667
1911,candidate_2,candidate_1,candidate_3,3,0.04666666666666667
1912,candidate_2,candidate_1,candidate_3,3,0.04666666666666667
1913,candidate_2,0,candidate_3,3,0.04666666666666667
1914,candidate_2,candidate_1,candidate_3,3,0.04666666666666667
1915,candidate_2,candidate_1,candidate_3,3,0.04666666666666667
1916,candidate_2,candidate_1,candidate_3,3,0.04666666666666667
1917,candidate_2,candidate_1,0,3,0.04666666666666667
1918,candidate_2,candidate_1,candidate_3,3,0.04666666666666667
1919,candidate_2,candidate_1,candidate_3,3,0.04666666666666667
1920,candidate_2,candidate_1,candidate_3,3,0.04666666666666667
1921,candidate_2,candidate_1,candidate_3,3,0.04666666666666667
1922,candidate_2,candidate_1,0,3,0.04666666666666667
1923,candidate_2,candidate_1,candidate_3,3,0.04666666666666667
1924,candidate_2,candidate_1,candidate_3,3,0.04666666666666667
1925,candidate_2,candidate_1,candidate_3,3,0.04666666666666667
1926,candidate_2,candidate_1,candidate_3,3,0.04666666666666667
1927,candidate_2,candidate_1,candidate_3,3,0.04666666666666667
1928,candidate_2,candidate_1,candidate_3,3,0.04666666666666667
1929,candidate_2,candidate_1,candidate_3,3,0.04666666666666667
1930,candidate_2,candidate_1,candidate_3,3,0.04666666666666667
1931,candidate_2,candidate_1,candidate_3,3,0.04666666666666667
1932,0,candidate_1,candidate_3,3,0.04666666666666667
1933,candidate_2,candidate_1,candidate_3,3,0.04666666666666667
1934,candidate_2,candidate_1,candidate_3,3,0.04666666666666667
1935,candidate_2,candidate_1,candidate_3,3,0.04666666666666667
1936,candidate_2,candidate_1,candidate_3,3,0.04666666666666667
1937,candidate_2,candidate_1,candidate_3,3,0.04666666666666667
1938,candidate_2,candidate_1,candidate_3,3,0.04666666666666667
1939,candidate_2,candidate_1,candidate_3,3,0.04666666666666667
1940,candidate_2,candidate_1,candidate_3,3,0.04666666666666667
1941,candidate_2,candidate_1,candidate_3,3,0.04666666666666667
1942,candidate_2,candidate_1,candidate_3,3,0.04666666666666667
1943,candidate_2,candidate_1,candidate_3,3,0.04666666666666667
1944,candidate_2,candidate_1,candidate_3,3,0.04666666666666667
1945,candidate_2,candidate_1,candidate_3,3,0.04666666666666667
1946,candidate_2,candidate_1,candidate_3,3,0.04666666666666667
1947,candidate_2,candidate_1,candidate_3,3,0.04666666666666667
1948,candidate_2,candidate_1,candidate_3,3,0.04666666666666667
1949,candidate_2,candidate_1,candidate_3,3,0.04666666666666667
1950,candidate_2,candidate_1,candidate_3,3,0.04666666666666667
1951,candidate_2,candidate_1,0,3,0.04666666666666667
1952,candidate_2,candidate_1,candidate_3,3,0.04666666666666667
1953,candidate_2,candidate_1,candidate_3,3,0.04666666666666667
1954,candidate_2,candidate_1,candidate_3,3,0.04666666666666667
1955,0,candidate_1,candidate_3,3,0.04666666666666667
1956,candidate_2,candidate_1,candidate_3,3,0.04666666666666667
1957,candidate_2,candidate_1,candidate_3,3,0.04666666666666667
1958,candidate_2,candidate_1,candidate_3,3,0.04666666666666667
1959,candidate_2,candidate_1,candidate_3,3,0.04666666666666667
1960,candidate_2,candidate_1,candidate_3,3,0.04666666666666667
1961,candidate_2,candidate_1,candidate_3,3,0.04666666666666667
1962,candidate_2,candidate_1,candidate_3,3,0.04666666666666667
1963,candidate_2,candidate_1,candidate_3,3,0.04666666666666667
1964,candidate_2,candidate_1,candidate_3,3,0.04666666666666667
1965,candidate_2,0,candidate_3,3,0.04666666666666667
1966,candidate_2,candidate_1,candidate_3,3,0.04666666666666667
1967,candidate_2,candidate_1,candidate_3,3,0.04666666666666667
1968,candidate_2,candidate_1,candidate_3,3,0.04666666666666667
1969,candidate_2,candidate_1,candidate_3,3,0.04666666666666667
1970,candidate_2,candidate_1,candidate_3,3,0.04666666666666667
1971,candidate_2,candidate_1,candidate_3,3,0.04666666666666667
1972,candidate_2,candidate_1,candidate_3,3,0.04666666666666667
1973,candidate_2,candidate_1,candidate_3,3,0.04666666666666667
1974,candidate_2,0,candidate_3,3,0.04666666666666667
1975,candidate_2,candidate_1,candidate_3,3,0.04666666666666667
1976,candidate_2,candidate_1,candidate_3,3,0.04666666666666667
1977,candidate_2,candidate_1,candidate_3,3,0.04666666666666667
1978,candidate_2,candidate_1,candidate_3,3,0.04666666666666667
1979,candidate_2,candidate_1,candidate_3,3,0.04666666666666667
1980,candidate_2,candidate_1,candidate_3,3,0.04666666666666667
1981,candidate_2,candidate_1,candidate_3,3,0.04666666666666667
1982,candidate_2,candidate_1,candidate_3,3,0.04666666666666667
1983,candidate_2,candidate_1,candidate_3,3,0.04666666666666667
1984,candidate_2,candidate_1,candidate_3,3,0.04666666666666667
1985,candidate_2,candidate_1,candidate_3,3,0.04666666666666667
1986,candidate_2,candidate_1,candidate_3,3,0.04666666666666667
1987,candidate_2,candidate_1,candidate_3,3,0.04666666666666667
1988,candidate_2,candidate_1,candidate_3,3,0.04666666666666667
1989,candidate_2,candidate_1,0,3,0.04666666666666667
1990,candidate_2,candidate_1,candidate_3,3,0.04666666666666667
1991,candidate_2,candidate_1,candidate_3,3,0.04666666666666667
1992,candidate_2,candidate_1,candidate_3,3,0.04666666666666667
1993,candidate_2,0,candidate_3,3,0.04666666666666667
1994,candidate_2,candidate_1,candidate_3,3,0.04666666666666667
1995,candidate_2,candidate_1,candidate_3,3,0.04666666666666667
1996,candidate_2,0,candidate_3,3,0.04666666666666667
1997,candidate_2,candidate_1,candidate_3,3,0.04666666666666667
1998,0,candidate_1,candidate_3,3,0.04666666666666667
1999,candidate_2,candidate_1,candidate_3,3,0.04666666666666667
2000,candidate_2,candidate_1,candidate_3,3,0.04666666666666667
2001,candidate_2,candidate_1,candidate_3,3,0.04666666666666667
2002,candidate_2,candidate_1,candidate_3,3,0.04666666666666667
2003,0,candidate_1,candidate_3,3,0.04666666666666667
2004,candidate_2,candidate_1,candidate_3,3,0.04666666666666667
2005,candidate_2,candidate_1,candidate_3,3,0.04666666666666667
2006,candidate_2,candidate_1,candidate_3,3,0.04666666666666667
2007,candidate_2,candidate_1,candidate_3,3,0.04666666666666667
2008,candidate_2,candidate_1,candidate_3,3,0.04666666666666667
2009,candidate_2,candidate_1,candidate_3,3,0.04666666666666667
2010,candidate_2,candidate_1,0,3,0.04666666666666667
2011,candidate_2,candidate_1,candidate_3,3,0.04666666666666667
2012,0,candidate_1,candidate_3,3,0.04666666666666667
2013,candidate_2,candidate_1,candidate_3,3,0.04666666666666667
2014,candidate_2,candidate_1,candidate_3,3,0.04666666666666667
2015,candidate_2,candidate_1,candidate_3,3,0.04666666666666667
2016,candidate_2,candidate_1,candidate_3,3,0.04666666666666667
2017,candidate_2,candidate_1,candidate_3,3,0.04666666666666667
2018,candidate_2,candidate_1,candidate_3,3,0.04666666666666667
2019,candidate_2,candidate_1,candidate_3,3,0.04666666666666667
2020,candidate_2,candidate_1,candidate_3,3,0.04666666666666667
2021,candidate_2,candidate_1,candidate_3,3,0.04666666666666667
2022,candidate_2,candidate_1,candidate_3,3,0.04666666666666667
2023,candidate_2,candidate_1,candidate_3,3,0.04666666666666667
2024,candidate_2,candidate_1,candidate_3,3,0.04666666666666667
2025,candidate_2,candidate_1,candidate_3,3,0.04666666666666667
2026,candidate_2,candidate_1,candidate_3,3,0.04666666666666667
2027,0,candidate_1,candidate_3,3,0.04666666666666667
2028,candidate_2,candidate_1,candidate_3,3,0.04666666666666667
2029,candidate_2,candidate_1,candidate_3,3,0.04666666666666667
2030,0,candidate_1,candidate_3,3,0.04666666666666667
2031,candidate_2,candidate_1,candidate_3,3,0.04666666666666667
2032,candidate_2,candidate_1,candidate_3,3,0.04666666666666667
2033,candidate_2,candidate_1,candidate_3,3,0.04666666666666667
2034,candidate_2,candidate_1,candidate_3,3,0.04666666666666667
2035,candidate_2,candidate_1,0,3,0.04666666666666667
2036,candidate_2,candidate_1,0,3,0.04666666666666667
2037,candidate_2,candidate_1,candidate_3,3,0.04666666666666667
2038,candidate_2,candidate_1,candidate_3,3,0.04666666666666667
2039,candidate_2,candidate_1,candidate_3,3,0.04666666666666667
2040,candidate_2,candidate_1,candidate_3,3,0.04666666666666667
2041,candidate_2,candidate_1,candidate_3,3,0.04666666666666667
2042,candidate_2,candidate_1,candidate_3,3,0.04666666666666667
2043,candidate_2,candidate_1,candidate_3,3,0.04666666666666667
2044,candidate_2,candidate_1,candidate_3,3,0.04666666666666667
2045,candidate_2,0,candidate_3,3,0.04666666666666667
2046,candidate_2,candidate_1,candidate_3,3,0.04666666666666667
2047,candidate_2,candidate_1,candidate_3,3,0.04666666666666667
2048,candidate_2,candidate_1,candidate_3,3,0.04666666666666667
2049,0,candidate_1,candidate_3,3,0.04666666666666667
2050,candidate_2,candidate_1,candidate_3,3,0.04666666666666667
2051,candidate_2,0,candidate_3,3,0.04666666666666667
2052,candidate_2,candidate_1,candidate_3,3,0.04666666666666667
2053,candidate_2,candidate_1,candidate_3,3,0.04666666666666667
2054,candidate_2,candidate_1,candidate_3,3,0.04666666666666667
2055,candidate_2,candidate_1,candidate_3,3,0.04666666666666667
2056,candidate_2,candidate_1,candidate_3,3,0.04666666666666667
2057,candidate_2,candidate_1,candidate_3,3,0.04666666666666667
2058,candidate_2,0,candidate_3,3,0.04666666666666667
2059,candidate_2,candidate_1,candidate_3,3,0.04666666666666667
2060,candidate_2,candidate_1,candidate_3,3,0.04666666666666667
2061,candidate_2,candidate_1,candidate_3,3,0.04666666666666667
2062,candidate_2,candidate_1,candidate_3,3,0.04666666666666667
2063,candidate_2,candidate_1,candidate_3,3,0.04666666666666667
2064,candidate_2,candidate_1,candidate_3,3,0.04666666666666667
2065,candidate_2,candidate_1,candidate_3,3,0.04666666666666667
2066,0,candidate_1,candidate_3,3,0.04666666666666667
2067,candidate_2,candidate_1,candidate_3,3,0.04666666666666667
2068,candidate_2,candidate_1,0,3,0.04666666666666667
2069,candidate_2,candidate_1,candidate_3,3,0.04666666666666667
2070,candidate_2,candidate_1,candidate_3,3,0.04666666666666667
2071,candidate_2,candidate_1,candidate_3,3,0.04666666666666667
2072,candidate_2,candidate_1,0,3,0.04666666666666667
2073,candidate_2,candidate_1,candidate_3,3,0.04666666666666667
2074,candidate_2,candidate_1,candidate_3,3,0.04666666666666667
2075,candidate_2,0,candidate_3,3,0.04666666666666667
2076,candidate_2,candidate_1,candidate_3,3,0.04666666666666667
2077,candidate_2,candidate_1,candidate_3,3,0.04666666666666667
2078,candidate_2,candidate_1,candidate_3,3,0.04666666666666667
2079,candidate_2,candidate_1,candidate_3,3,0.04666666666666667
2080,candidate_2,candidate_1,candidate_3,3,0.04666666666666667
2081,candidate_2,0,candidate_3,3,0.04666666666666667
2082,candidate_2,candidate_1,candidate_3,3,0.04666666666666667
2083,candidate_2,candidate_1,candidate_3,3,0.04666666666666667
2084,candidate_2,candidate_1,candidate_3,3,0.04666666666666667
2085,candidate_2,candidate_1,candidate_3,3,0.04666666666666667
2086,candidate_2,candidate_1,candidate_3,3,0.04666666666666667
2087,candidate_2,candidate_1,candidate_3,3,0.04666666666666667
2088,candidate_2,candidate_1,candidate_3,3,0.04666666666666667
2089,candidate_2,candidate_1,candidate_3,3,0.04666666666666667
2090,0,candidate_1,candidate_3,3,0.04666666666666667
2091,candidate_2,candidate_1,candidate_3,3,0.04666666666666667
2092,candidate_2,candidate_1,candidate_3,3,0.04666666666666667
2093,candidate_2,candidate_1,candidate_3,3,0.04666666666666667
2094,0,candidate_1,candidate_3,3,0.04666666666666667
2095,candidate_2,candidate_1,candidate_3,3,0.04666666666666667
2096,candidate_2,candidate_1,candidate_3,3,0.04666666666666667
2097,candidate_2,candidate_1,candidate_3,3,0.04666666666666667
2098,candidate_2,candidate_1,candidate_3,3,0.04666666666666667
2099,candidate_2,candidate_1,candidate_3,3,0.04666666666666667
2100,candidate_2,candidate_1,candidate_3,3,0.04666666666666667
2101,candidate_2,candidate_1,candidate_3,3,0.04666666666666667
2102,candidate_2,candidate_1,candidate_3,3,0.04666666666666667
2103,candidate_2,candidate_1,candidate_3,3,0.04666666666666667
2104,0,candidate_1,candidate_3,3,0.04666666666666667
2105,candidate_2,candidate_1,candidate_3,3,0.04666666666666667
2106,candidate_2,candidate_1,candidate_3,3,0.04666666666666667
2107,candidate_2,candidate_1,candidate_3,3,0.04666666666666667
2108,candidate_2,candidate_1,candidate_3,3,0.04666666666666667
2109,candidate_2,candidate_1,candidate_3,3,0.04666666666666667
2110,candidate_2,candidate_1,0,3,0.04666666666666667
2111,candidate_2,candidate_1,0,3,0.04666666666666667
2112,candidate_2,candidate_1,candidate_3,3,0.04666666666666667
2113,candidate_2,candidate_1,candidate_3,3,0.04666666666666667
2114,candidate_2,candidate_1,candidate_3,3,0.04666666666666667
2115,candidate_2,candidate_1,0,3,0.04666666666666667
2116,candidate_2,candidate_1,candidate_3,3,0.04666666666666667
2117,candidate_2,candidate_1,candidate_3,3,0.04666666666666667
2118,candidate_2,candidate_1,candidate_3,3,0.04666666666666667
2119,candidate_2,candidate_1,candidate_3,3,0.04666666666666667
2120,candidate_2,candidate_1,candidate_3,3,0.04666666666666667
2121,candidate_2,candidate_1,candidate_3,3,0.04666666666666667
2122,0,candidate_1,candidate_3,3,0.04666666666666667
2123,candidate_2,candidate_1,candidate_3,3,0.04666666666666667
2124,candidate_2,candidate_1,candidate_3,3,0.04666666666666667
2125,candidate_2,candidate_1,candidate_3,3,0.04666666666666667
2126,candidate_2,candidate_1,candidate_3,3,0.04666666666666667
2127,candidate_2,candidate_1,0,3,0.04666666666666667
2128,candidate_2,candidate_1,candidate_3,3,0.04666666666666667
2129,candidate_2,candidate_1,candidate_3,3,0.04666666666666667
2130,candidate_2,candidate_1,candidate_3,3,0.04666666666666667
2131,candidate_2,candidate_1,candidate_3,3,0.04666666666666667
2132,0,candidate_1,candidate_3,3,0.04666666666666667
2133,0,candidate_1,candidate_3,3,0.04666666666666667
2134,candidate_2,candidate_1,candidate_3,3,0.04666666666666667
2135,candidate_2,candidate_1,candidate_3,3,0.04666666666666667
2136,candidate_2,candidate_1,candidate_3,3,0.04666666666666667
2137,candidate_2,candidate_1,candidate_3,3,0.04666666666666667
2138,candidate_2,candidate_1,candidate_3,3,0.04666666666666667
2139,candidate_2,candidate_1,candidate_3,3,0.04666666666666667
2140,candidate_2,candidate_1,candidate_3,3,0.04666666666666667
2141,candidate_2,candidate_1,candidate_3,3,0.04666666666666667
2142,candidate_2,candidate_1,candidate_3,3,0.04666666666666667
2143,candidate_2,candidate_1,candidate_3,3,0.04666666666666667
2144,candidate_2,candidate_1,candidate_3,3,0.04666666666666667
2145,candidate_2,candidate_1,candidate_3,3,0.04666666666666667
2146,candidate_2,candidate_1,candidate_3,3,0.04666666666666667
2147,candidate_2,candidate_1,candidate_3,3,0.04666666666666667
2148,candidate_2,candidate_1,0,3,0.04666666666666667
2149,candidate_2,candidate_1,candidate_3,3,0.04666666666666667
2150,candidate_2,candidate_1,candidate_3,3,0.04666666666666667
2151,candidate_2,candidate_1,0,3,0.04666666666666667
2152,candidate_2,candidate_1,candidate_3,3,0.04666666666666667
2153,candidate_2,candidate_1,candidate_3,3,0.04666666666666667
2154,candidate_2,candidate_1,candidate_3,3,0.04666666666666667
2155,candidate_2,candidate_1,candidate_3,3,0.04666666666666667
2156,candidate_2,candidate_1,candidate_3,3,0.04666666666666667
2157,candidate_2,candidate_1,candidate_3,3,0.04666666666666667
2158,candidate_2,candidate_1,candidate_3,3,0.04666666666666667
2159,candidate_2,candidate_1,candidate_3,3,0.04666666666666667
2160,candidate_2,candidate_1,candidate_3,3,0.04666666666666667
2161,candidate_2,candidate_1,candidate_3,3,0.04666666666666667
2162,candidate_2,candidate_1,candidate_3,3,0.04666666666666667
2163,0,candidate_1,candidate_3,3,0.04666666666666667
2164,candidate_2,candidate_1,0,3,0.04666666666666667
2165,candidate_2,candidate_1,candidate_3,3,0.04666666666666667
2166,candidate_2,candidate_1,candidate_3,3,0.04666666666666667
2167,candidate_2,candidate_1,candidate_3,3,0.04666666666666667
2168,candidate_2,candidate_1,0,3,0.04666666666666667
2169,candidate_2,candidate_1,candidate_3,3,0.04666666666666667
2170,candidate_2,candidate_1,0,3,0.04666666666666667
2171,candidate_2,candidate_1,candidate_3,3,0.04666666666666667
2172,0,candidate_1,candidate_3,3,0.04666666666666667
2173,candidate_2,candidate_1,candidate_3,3,0.04666666666666667
2174,candidate_2,0,candidate_3,3,0.04666666666666667
2175,candidate_2,candidate_1,candidate_3,3,0.04666666666666667
2176,0,candidate_1,candidate_3,3,0.04666666666666667
2177,candidate_2,candidate_1,candidate_3,3,0.04666666666666667
2178,candidate_2,candidate_1,candidate_3,3,0.04666666666666667
2179,candidate_2,candidate_1,0,3,0.04666666666666667
2180,candidate_2,candidate_1,candidate_3,3,0.04666666666666667
2181,candidate_2,candidate_1,candidate_3,3,0.04666666666666667
2182,candidate_2,candidate_1,candidate_3,3,0.04666666666666667
2183,0,candidate_1,candidate_3,3,0.04666666666666667
2184,candidate_2,candidate_1,candidate_3,3,0.04666666666666667
2185,candidate_2,candidate_1,candidate_3,3,0.04666666666666667
2186,candidate_2,candidate_1,candidate_3,3,0.04666666666666667
2187,candidate_2,candidate_1,candidate_3,3,0.04666666666666667
2188,candidate_2,candidate_1,candidate_3,3,0.04666666666666667
2189,candidate_2,0,candidate_3,3,0.04666666666666667
2190,candidate_2,candidate_1,candidate_3,3,0.04666666666666667
2191,candidate_2,0,candidate_3,3,0.04666666666666667
2192,candidate_2,candidate_1,candidate_3,3,0.04666666666666667
2193,candidate_2,candidate_1,candidate_3,3,0.04666666666666667
2194,candidate_2,candidate_1,candidate_3,3,0.04666666666666667
2195,candidate_2,candidate_1,candidate_3,3,0.04666666666666667
2196,candidate_2,candidate_1,candidate_3,3,0.04666666666666667
2197,candidate_2,candidate_1,candidate_3,3,0.04666666666666667
2198,candidate_2,candidate_1,candidate_3,3,0.04666666666666667
2199,0,candidate_1,candidate_3,3,0.04666666666666667
2200,candidate_2,candidate_1,candidate_3,3,0.04666666666666667
2201,candidate_2,candidate_1,candidate_3,3,0.04666666666666667
2202,candidate_2,candidate_1,candidate_3,3,0.04666666666666667
2203,0,candidate_1,candidate_3,3,0.04666666666666667
2204,candidate_2,candidate_1,candidate_3,3,0.04666666666666667
2205,candidate_2,candidate_1,candidate_3,3,0.04666666666666667
2206,candidate_2,candidate_1,candidate_3,3,0.04666666666666667
2207,candidate_2,candidate_1,candidate_3,3,0.04666666666666667
2208,candidate_2,candidate_1,candidate_3,3,0.04666666666666667
2209,candidate_2,candidate_1,candidate_3,3,0.04666666666666667
2210,candidate_2,candidate_1,candidate_3,3,0.04666666666666667
2211,candidate_2,candidate_1,candidate_3,3,0.04666666666666667
2212,candidate_2,candidate_1,candidate_3,3,0.04666666666666667
2213,candidate_2,candidate_1,candidate_3,3,0.04666666666666667
2214,candidate_2,candidate_1,candidate_3,3,0.04666666666666667
2215,candidate_2,candidate_1,candidate_3,3,0.04666666666666667
2216,candidate_2,candidate_1,candidate_3,3,0.04666666666666667
2217,candidate_2,candidate_1,candidate_3,3,0.04666666666666667
2218,candidate_2,candidate_1,candidate_3,3,0.04666666666666667
2219,candidate_2,candidate_1,candidate_3,3,0.04666666666666667
2220,candidate_2,candidate_1,candidate_3,3,0.04666666666666667
2221,candidate_2,candidate_1,candidate_3,3,0.04666666666666667
2222,candidate_2,candidate_1,candidate_3,3,0.04666666666666667
2223,candidate_2,candidate_1,candidate_3,3,0.04666666666666667
2224,candidate_2,candidate_1,candidate_3,3,0.04666666666666667
2225,candidate_2,candidate_1,candidate_3,3,0.04666666666666667
2226,candidate_2,candidate_1,candidate_3,3,0.04666666666666667
2227,candidate_2,candidate_1,candidate_3,3,0.04666666666666667
2228,candidate_2,candidate_1,candidate_3,3,0.04666666666666667
2229,candidate_2,candidate_1,candidate_3,3,0.04666666666666667
2230,candidate_2,candidate_1,candidate_3,3,0.04666666666666667
2231,candidate_2,candidate_1,candidate_3,3,0.04666666666666667
2232,candidate_2,candidate_1,candidate_3,3,0.04666666666666667
2233,candidate_2,candidate_1,candidate_3,3,0.04666666666666667
2234,candidate_2,candidate_1,candidate_3,3,0.04666666666666667
2235,candidate_2,candidate_1,candidate_3,3,0.04666666666666667
2236,candidate_2,candidate_1,candidate_3,3,0.04666666666666667
2237,candidate_2,candidate_1,0,3,0.04666666666666667
2238,candidate_2,candidate_1,candidate_3,3,0.04666666666666667
2239,candidate_2,candidate_1,candidate_3,3,0.04666666666666667
2240,candidate_2,candidate_1,candidate_3,3,0.04666666666666667
2241,candidate_2,candidate_1,candidate_3,3,0.04666666666666667
2242,candidate_2,candidate_1,candidate_3,3,0.04666666666666667
2243,candidate_2,candidate_1,candidate_3,3,0.04666666666666667
2244,candidate_2,candidate_1,candidate_3,3,0.04666666666666667
2245,candidate_2,candidate_1,candidate_3,3,0.04666666666666667
2246,candidate_2,candidate_1,candidate_3,3,0.04666666666666667
2247,candidate_2,0,candidate_3,3,0.04666666666666667
2248,candidate_2,candidate_1,candidate_3,3,0.04666666666666667
2249,candidate_2,candidate_1,candidate_3,3,0.04666666666666667
2250,candidate_2,candidate_1,candidate_3,3,0.04666666666666667
2251,candidate_2,candidate_1,candidate_3,3,0.04666666666666667
2252,candidate_2,candidate_1,candidate_3,3,0.04666666666666667
2253,candidate_2,candidate_1,0,3,0.04666666666666667
2254,candidate_2,candidate_1,candidate_3,3,0.04666666666666667
2255,candidate_2,candidate_1,candidate_3,3,0.04666666666666667
2256,candidate_2,candidate_1,candidate_3,3,0.04666666666666667
2257,candidate_2,candidate_1,candidate_3,3,0.04666666666666667
2258,0,candidate_1,candidate_3,3,0.04666666666666667
2259,candidate_2,candidate_1,candidate_3,3,0.04666666666666667
2260,candidate_2,candidate_1,candidate_3,3,0.04666666666666667
2261,candidate_2,candidate_1,candidate_3,3,0.04666666666666667
2262,candidate_2,candidate_1,candidate_3,3,0.04666666666666667
2263,candidate_2,candidate_1,candidate_3,3,0.04666666666666667
2264,candidate_2,candidate_1,candidate_3,3,0.04666666666666667
2265,candidate_2,candidate_1,candidate_3,3,0.04666666666666667
2266,candidate_2,candidate_1,candidate_3,3,0.04666666666666667
2267,candidate_2,candidate_1,candidate_3,3,0.04666666666666667
2268,candidate_2,candidate_1,candidate_3,3,0.04666666666666667
2269,candidate_2,candidate_1,candidate_3,3,0.04666666666666667
2270,candidate_2,0,candidate_3,3,0.04666666666666667
2271,candidate_2,candidate_1,candidate_3,3,0.04666666666666667
2272,candidate_2,candidate_1,candidate_3,3,0.04666666666666667
2273,candidate_2,candidate_1,candidate_3,3,0.04666666666666667
2274,candidate_2,candidate_1,candidate_3,3,0.04666666666666667
2275,candidate_2,candidate_1,candidate_3,3,0.04666666666666667
2276,candidate_2,candidate_1,candidate_3,3,0.04666666666666667
2277,candidate_2,candidate_1,candidate_3,3,0.04666666666666667
2278,candidate_2,candidate_1,candidate_3,3,0.04666666666666667
2279,candidate_2,candidate_1,candidate_3,3,0.04666666666666667
2280,candidate_2,candidate_1,candidate_3,3,0.04666666666666667
2281,candidate_2,candidate_1,candidate_3,3,0.04666666666666667
2282,candidate_2,candidate_1,candidate_3,3,0.04666666666666667
2283,candidate_2,candidate_1,candidate_3,3,0.04666666666666667
2284,candidate_2,candidate_1,candidate_3,3,0.04666666666666667
2285,candidate_2,candidate_1,candidate_3,3,0.04666666666666667
2286,candidate_2,candidate_1,candidate_3,3,0.04666666666666667
2287,candidate_2,candidate_1,candidate_3,3,0.04666666666666667
2288,candidate_2,candidate_1,candidate_3,3,0.04666666666666667
2289,candidate_2,candidate_1,candidate_3,3,0.04666666666666667
2290,candidate_2,candidate_1,candidate_3,3,0.04666666666666667
2291,candidate_2,candidate_1,candidate_3,3,0.04666666666666667
2292,0,0,candidate_3,3,0.04666666666666667
2293,candidate_2,candidate_1,candidate_3,3,0.04666666666666667
2294,candidate_2,candidate_1,candidate_3,3,0.04666666666666667
2295,candidate_2,candidate_1,0,3,0.04666666666666667
2296,candidate_2,candidate_1,candidate_3,3,0.04666666666666667
2297,candidate_2,candidate_1,candidate_3,3,0.04666666666666667
2298,candidate_2,candidate_1,candidate_3,3,0.04666666666666667
2299,candidate_2,candidate_1,candidate_3,3,0.04666666666666667
2300,candidate_2,candidate_1,candidate_3,3,0.04666666666666667
2301,candidate_2,candidate_1,candidate_3,3,0.04666666666666667
2302,candidate_2,candidate_1,candidate_3,3,0.04666666666666667
2303,candidate_2,candidate_1,0,3,0.04666666666666667
2304,candidate_2,candidate_1,candidate_3,3,0.04666666666666667
2305,candidate_2,candidate_1,candidate_3,3,0.04666666666666667
2306,candidate_2,candidate_1,candidate_3,3,0.04666666666666667
2307,candidate_2,candidate_1,candidate_3,3,0.04666666666666667
2308,0,candidate_1,candidate_3,3,0.04666666666666667
2309,candidate_2,candidate_1,candidate_3,3,0.04666666666666667
2310,candidate_2,candidate_1,candidate_3,3,0.04666666666666667
2311,candidate_2,candidate_1,candidate_3,3,0.04666666666666667
2312,candidate_2,candidate_1,candidate_3,3,0.04666666666666667
2313,candidate_2,candidate_1,candidate_3,3,0.04666666666666667
2314,candidate_2,candidate_1,candidate_3,3,0.04666666666666667
2315,candidate_2,candidate_1,candidate_3,3,0.04666666666666667
2316,candidate_2,candidate_1,candidate_3,3,0.04666666666666667
2317,candidate_2,candidate_1,0,3,0.04666666666666667
2318,candidate_2,candidate_1,candidate_3,3,0.04666666666666667
2319,candidate_2,candidate_1,candidate_3,3,0.04666666666666667
2320,candidate_2,candidate_1,candidate_3,3,0.04666666666666667
2321,candidate_2,candidate_1,candidate_3,3,0.04666666666666667
2322,candidate_2,candidate_1,candidate_3,3,0.04666666666666667
2323,candidate_2,candidate_1,candidate_3,3,0.04666666666666667
2324,candidate_2,0,candidate_3,3,0.04666666666666667
2325,candidate_2,candidate_1,candidate_3,3,0.04666666666666667
2326,candidate_2,candidate_1,candidate_3,3,0.04666666666666667
2327,candidate_2,candidate_1,candidate_3,3,0.04666666666666667
2328,candidate_2,candidate_1,candidate_3,3,0.04666666666666667
2329,candidate_2,candidate_1,candidate_3,3,0.04666666666666667
2330,candidate_2,candidate_1,candidate_3,3,0.04666666666666667
2331,candidate_2,candidate_1,candidate_3,3,0.04666666666666667
2332,candidate_2,candidate_1,candidate_3,3,0.04666666666666667
2333,candidate_2,candidate_1,candidate_3,3,0.04666666666666667
2334,candidate_2,candidate_1,candidate_3,3,0.04666666666666667
2335,candidate_2,candidate_1,candidate_3,3,0.04666666666666667
2336,candidate_2,candidate_1,candidate_3,3,0.04666666666666667
2337,candidate_2,candidate_1,candidate_3,3,0.04666666666666667
2338,candidate_2,candidate_1,candidate_3,3,0.04666666666666667
2339,candidate_2,0,candidate_3,3,0.04666666666666667
2340,candidate_2,candidate_1,candidate_3,3,0.04666666666666667
2341,candidate_2,candidate_1,candidate_3,3,0.04666666666666667
2342,candidate_2,candidate_1,candidate_3,3,0.04666666666666667
2343,candidate_2,candidate_1,candidate_3,3,0.04666666666666667
2344,candidate_2,candidate_1,candidate_3,3,0.04666666666666667
2345,candidate_2,candidate_1,candidate_3,3,0.04666666666666667
2346,candidate_2,candidate_1,candidate_3,3,0.04666666666666667
2347,candidate_2,candidate_1,candidate_3,3,0.04666666666666667
2348,candidate_2,candidate_1,candidate_3,3,0.04666666666666667
2349,candidate_2,candidate_1,candidate_3,3,0.04666666666666667
2350,candidate_2,candidate_1,candidate_3,3,0.04666666666666667
2351,candidate_2,candidate_1,candidate_3,3,0.04666666666666667
2352,candidate_2,candidate_1,candidate_3,3,0.04666666666666667
2353,0,candidate_1,candidate_3,3,0.04666666666666667
2354,candidate_2,candidate_1,candidate_3,3,0.04666666666666667
2355,candidate_2,candidate_1,candidate_3,3,0.04666666666666667
2356,candidate_2,candidate_1,candidate_3,3,0.04666666666666667
2357,candidate_2,candidate_1,candidate_3,3,0.04666666666666667
2358,candidate_2,candidate_1,candidate_3,3,0.04666666666666667
2359,candidate_2,candidate_1,candidate_3,3,0.04666666666666667
2360,candidate_2,candidate_1,candidate_3,3,0.04666666666666667
2361,candidate_2,candidate_1,candidate_3,3,0.04666666666666667
2362,candidate_2,candidate_1,candidate_3,3,0.04666666666666667
2363,candidate_2,candidate_1,candidate_3,3,0.04666666666666667
2364,candidate_2,candidate_1,candidate_3,3,0.04666666666666667
2365,candidate_2,candidate_1,candidate_3,3,0.04666666666666667
2366,candidate_2,candidate_1,candidate_3,3,0.04666666666666667
2367,candidate_2,candidate_1,candidate_3,3,0.04666666666666667
2368,candidate_2,candidate_1,candidate_3,3,0.04666666666666667
2369,candidate_2,candidate_1,candidate_3,3,0.04666666666666667
2370,candidate_2,candidate_1,candidate_3,3,0.04666666666666667
2371,candidate_2,candidate_1,candidate_3,3,0.04666666666666667
2372,candidate_2,candidate_1,candidate_3,3,0.04666666666666667
2373,candidate_2,candidate_1,candidate_3,3,0.04666666666666667
2374,candidate_2,candidate_1,candidate_3,3,0.04666666666666667
2375,candidate_2,candidate_1,candidate_3,3,0.04666666666666667
2376,candidate_2,candidate_1,candidate_3,3,0.04666666666666667
2377,0,candidate_1,candidate_3,3,0.04666666666666667
2378,candidate_2,candidate_1,candidate_3,3,0.04666666666666667
2379,0,candidate_1,candidate_3,3,0.04666666666666667
2380,candidate_2,candidate_1,candidate_3,3,0.04666666666666667
2381,candidate_2,candidate_1,candidate_3,3,0.04666666666666667
2382,candidate_2,candidate_1,candidate_3,3,0.04666666666666667
2383,candidate_2,candidate_1,candidate_3,3,0.04666666666666667
2384,candidate_2,candidate_1,candidate_3,3,0.04666666666666667
2385,candidate_2,candidate_1,candidate_3,3,0.04666666666666667
2386,candidate_2,candidate_1,candidate_3,3,0.04666666666666667
2387,candidate_2,candidate_1,candidate_3,3,0.04666666666666667
2388,candidate_2,candidate_1,candidate_3,3,0.04666666666666667
2389,candidate_2,candidate_1,candidate_3,3,0.04666666666666667
2390,candidate_2,candidate_1,candidate_3,3,0.04666666666666667
2391,candidate_2,candidate_1,candidate_3,3,0.04666666666666667
2392,candidate_2,candidate_1,candidate_3,3,0.04666666666666667
2393,candidate_2,candidate_1,candidate_3,3,0.04666666666666667
2394,candidate_2,candidate_1,candidate_3,3,0.04666666666666667
2395,candidate_2,candidate_1,candidate_3,3,0.04666666666666667
2396,candidate_2,candidate_1,candidate_3,3,0.04666666666666667
2397,candidate_2,candidate_1,candidate_3,3,0.04666666666666667
2398,candidate_2,candidate_1,candidate_3,3,0.04666666666666667
2399,candidate_2,0,candidate_3,3,0.04666666666666667
2400,candidate_2,0,candidate_3,3,0.04666666666666667
2401,candidate_2,candidate_1,candidate_3,3,0.04666666666666667
2402,candidate_2,candidate_1,candidate_3,3,0.04666666666666667
2403,candidate_2,candidate_1,candidate_3,3,0.04666666666666667
2404,candidate_2,candidate_1,candidate_3,3,0.04666666666666667
2405,candidate_2,candidate_1,candidate_3,3,0.04666666666666667
2406,candidate_2,candidate_1,candidate_3,3,0.04666666666666667
2407,candidate_2,candidate_1,candidate_3,3,0.04666666666666667
2408,candidate_2,candidate_1,candidate_3,3,0.04666666666666667
2409,candidate_2,candidate_1,candidate_3,3,0.04666666666666667
2410,candidate_2,candidate_1,candidate_3,3,0.04666666666666667
2411,candidate_2,candidate_1,candidate_3,3,0.04666666666666667
2412,candidate_2,candidate_1,candidate_3,3,0.04666666666666667
2413,candidate_2,candidate_1,candidate_3,3,0.04666666666666667
2414,candidate_2,candidate_1,candidate_3,3,0.04666666666666667
2415,candidate_2,candidate_1,candidate_3,3,0.04666666666666667
2416,candidate_2,candidate_1,candidate_3,3,0.04666666666666667
2417,candidate_2,candidate_1,candidate_3,3,0.04666666666666667
2418,candidate_2,candidate_1,candidate_3,3,0.04666666666666667
2419,candidate_2,candidate_1,candidate_3,3,0.04666666666666667
2420,candidate_2,candidate_1,candidate_3,3,0.04666666666666667
2421,candidate_2,candidate_1,candidate_3,3,0.04666666666666667
2422,candidate_2,candidate_1,candidate_3,3,0.04666666666666667
2423,candidate_2,candidate_1,candidate_3,3,0.04666666666666667
2424,candidate_2,candidate_1,candidate_3,3,0.04666666666666667
2425,candidate_2,candidate_1,candidate_3,3,0.04666666666666667
2426,candidate_2,candidate_1,candidate_3,3,0.04666666666666667
2427,candidate_2,candidate_1,candidate_3,3,0.04666666666666667
2428,candidate_2,candidate_1,candidate_3,3,0.04666666666666667
2429,candidate_2,candidate_1,candidate_3,3,0.04666666666666667
2430,candidate_2,candidate_1,candidate_3,3,0.04666666666666667
2431,candidate_2,candidate_1,candidate_3,3,0.04666666666666667
2432,candidate_2,candidate_1,candidate_3,3,0.04666666666666667
2433,candidate_2,candidate_1,candidate_3,3,0.04666666666666667
2434,candidate_2,candidate_1,candidate_3,3,0.04666666666666667
2435,candidate_2,candidate_1,candidate_3,3,0.04666666666666667
2436,candidate_2,candidate_1,0,3,0.04666666666666667
2437,candidate_2,candidate_1,candidate_3,3,0.04666666666666667
2438,candidate_2,candidate_1,candidate_3,3,0.04666666666666667
2439,0,candidate_1,candidate_3,3,0.04666666666666667
2440,candidate_2,candidate_1,candidate_3,3,0.04666666666666667
2441,candidate_2,candidate_1,candidate_3,3,0.04666666666666667
2442,candidate_2,candidate_1,candidate_3,3,0.04666666666666667
2443,candidate_2,candidate_1,candidate_3,3,0.04666666666666667
2444,candidate_2,candidate_1,candidate_3,3,0.04666666666666667
2445,candidate_2,candidate_1,candidate_3,3,0.04666666666666667
2446,candidate_2,candidate_1,candidate_3,3,0.04666666666666667
2447,candidate_2,candidate_1,candidate_3,3,0.04666666666666667
2448,candidate_2,candidate_1,candidate_3,3,0.04666666666666667
2449,candidate_2,candidate_1,candidate_3,3,0.04666666666666667
2450,candidate_2,0,candidate_3,3,0.04666666666666667
2451,candidate_2,candidate_1,0,3,0.04666666666666667
2452,candidate_2,candidate_1,candidate_3,3,0.04666666666666667
2453,candidate_2,0,candidate_3,3,0.04666666666666667
2454,candidate_2,candidate_1,0,3,0.04666666666666667
2455,candidate_2,candidate_1,candidate_3,3,0.04666666666666667
2456,candidate_2,0,candidate_3,3,0.04666666666666667
2457,candidate_2,candidate_1,candidate_3,3,0.04666666666666667
2458,candidate_2,candidate_1,candidate_3,3,0.04666666666666667
2459,candidate_2,candidate_1,candidate_3,3,0.04666666666666667
2460,candidate_2,candidate_1,candidate_3,3,0.04666666666666667
2461,0,candidate_1,candidate_3,3,0.04666666666666667
2462,candidate_2,candidate_1,candidate_3,3,0.04666666666666667
2463,candidate_2,candidate_1,candidate_3,3,0.04666666666666667
2464,candidate_2,candidate_1,candidate_3,3,0.04666666666666667
2465,candidate_2,candidate_1,candidate_3,3,0.04666666666666667
2466,candidate_2,candidate_1,candidate_3,3,0.04666666666666667
2467,candidate_2,candidate_1,candidate_3,3,0.04666666666666667
2468,candidate_2,candidate_1,candidate_3,3,0.04666666666666667
2469,candidate_2,candidate_1,candidate_3,3,0.04666666666666667
2470,candidate_2,candidate_1,candidate_3,3,0.04666666666666667
2471,candidate_2,candidate_1,candidate_3,3,0.04666666666666667
2472,candidate_2,candidate_1,candidate_3,3,0.04666666666666667
2473,candidate_2,candidate_1,candidate_3,3,0.04666666666666667
2474,candidate_2,candidate_1,candidate_3,3,0.04666666666666667
2475,candidate_2,candidate_1,candidate_3,3,0.04666666666666667
2476,candidate_2,candidate_1,candidate_3,3,0.04666666666666667
2477,candidate_2,0,candidate_3,3,0.04666666666666667
2478,candidate_2,candidate_1,candidate_3,3,0.04666666666666667
2479,candidate_2,candidate_1,candidate_3,3,0.04666666666666667
2480,candidate_2,candidate_1,candidate_3,3,0.04666666666666667
2481,candidate_2,candidate_1,candidate_3,3,0.04666666666666667
2482,candidate_2,candidate_1,candidate_3,3,0.04666666666666667
2483,candidate_2,candidate_1,candidate_3,3,0.04666666666666667
2484,candidate_2,candidate_1,0,3,0.04666666666666667
2485,candidate_2,candidate_1,candidate_3,3,0.04666666666666667
2486,0,candidate_1,candidate_3,3,0.04666666666666667
2487,candidate_2,candidate_1,candidate_3,3,0.04666666666666667
2488,candidate_2,candidate_1,candidate_3,3,0.04666666666666667
2489,candidate_2,candidate_1,candidate_3,3,0.04666666666666667
2490,candidate_2,candidate_1,candidate_3,3,0.04666666666666667
2491,candidate_2,candidate_1,candidate_3,3,0.04666666666666667
2492,candidate_2,candidate_1,0,3,0.04666666666666667
2493,candidate_2,0,candidate_3,3,0.04666666666666667
2494,candidate_2,candidate_1,candidate_3,3,0.04666666666666667
2495,candidate_2,candidate_1,candidate_3,3,0.04666666666666667
2496,candidate_2,candidate_1,0,3,0.04666666666666667
2497,candidate_2,candidate_1,candidate_3,3,0.04666666666666667
2498,candidate_2,candidate_1,candidate_3,3,0.04666666666666667
2499,candidate_2,candidate_1,candidate_3,3,0.04666666666666667
2500,candidate_2,candidate_1,candidate_3,3,0.04666666666666667
2501,candidate_2,candidate_1,candidate_3,3,0.04666666666666667
2502,candidate_2,candidate_1,candidate_3,3,0.04666666666666667
2503,candidate_2,candidate_1,candidate_3,3,0.04666666666666667
2504,candidate_2,candidate_1,candidate_3,3,0.04666666666666667
2505,candidate_2,candidate_1,candidate_3,3,0.04666666666666667
2506,candidate_2,candidate_1,candidate_3,3,0.04666666666666667
2507,candidate_2,candidate_1,candidate_3,3,0.04666666666666667
2508,candidate_2,candidate_1,0,3,0.04666666666666667
2509,candidate_2,candidate_1,candidate_3,3,0.04666666666666667
2510,candidate_2,candidate_1,candidate_3,3,0.04666666666666667
2511,candidate_2,candidate_1,candidate_3,3,0.04666666666666667
2512,candidate_2,candidate_1,candidate_3,3,0.04666666666666667
2513,candidate_2,0,candidate_3,3,0.04666666666666667
2514,candidate_2,0,candidate_3,3,0.04666666666666667
2515,candidate_2,candidate_1,candidate_3,3,0.04666666666666667
2516,candidate_2,candidate_1,candidate_3,3,0.04666666666666667
2517,candidate_2,candidate_1,candidate_3,3,0.04666666666666667
2518,candidate_2,candidate_1,candidate_3,3,0.04666666666666667
2519,candidate_2,candidate_1,candidate_3,3,0.04666666666666667
2520,candidate_2,candidate_1,candidate_3,3,0.04666666666666667
2521,candidate_2,candidate_1,candidate_3,3,0.04666666666666667
2522,candidate_2,candidate_1,candidate_3,3,0.04666666666666667
2523,candidate_2,candidate_1,candidate_3,3,0.04666666666666667
2524,candidate_2,0,candidate_3,3,0.04666666666666667
2525,candidate_2,candidate_1,candidate_3,3,0.04666666666666667
2526,candidate_2,candidate_1,candidate_3,3,0.04666666666666667
2527,candidate_2,candidate_1,candidate_3,3,0.04666666666666667
2528,candidate_2,candidate_1,candidate_3,3,0.04666666666666667
2529,candidate_2,candidate_1,candidate_3,3,0.04666666666666667
2530,candidate_2,0,candidate_3,3,0.04666666666666667
2531,candidate_2,candidate_1,candidate_3,3,0.04666666666666667
2532,candidate_2,candidate_1,candidate_3,3,0.04666666666666667
2533,candidate_2,candidate_1,candidate_3,3,0.04666666666666667
2534,candidate_2,candidate_1,candidate_3,3,0.04666666666666667
2535,candidate_2,candidate_1,candidate_3,3,0.04666666666666667
2536,candidate_2,candidate_1,candidate_3,3,0.04666666666666667
2537,candidate_2,candidate_1,candidate_3,3,0.04666666666666667
2538,candidate_2,candidate_1,candidate_3,3,0.04666666666666667
2539,candidate_2,candidate_1,candidate_3,3,0.04666666666666667
2540,candidate_2,candidate_1,candidate_3,3,0.04666666666666667
2541,candidate_2,candidate_1,candidate_3,3,0.04666666666666667
2542,candidate_2,candidate_1,candidate_3,3,0.04666666666666667
2543,candidate_2,candidate_1,candidate_3,3,0.04666666666666667
2544,candidate_2,candidate_1,candidate_3,3,0.04666666666666667
2545,candidate_2,candidate_1,candidate_3,3,0.04666666666666667
2546,candidate_2,candidate_1,candidate_3,3,0.04666666666666667
2547,candidate_2,candidate_1,candidate_3,3,0.04666666666666667
2548,candidate_2,candidate_1,candidate_3,3,0.04666666666666667
2549,candidate_2,candidate_1,candidate_3,3,0.04666666666666667
2550,candidate_2,0,candidate_3,3,0.04666666666666667
2551,candidate_2,candidate_1,candidate_3,3,0.04666666666666667
2552,candidate_2,candidate_1,candidate_3,3,0.04666666666666667
2553,candidate_2,candidate_1,candidate_3,3,0.04666666666666667
2554,candidate_2,candidate_1,candidate_3,3,0.04666666666666667
2555,candidate_2,candidate_1,candidate_3,3,0.04666666666666667
2556,candidate_2,candidate_1,candidate_3,3,0.04666666666666667
2557,candidate_2,candidate_1,candidate_3,3,0.04666666666666667
2558,candidate_2,candidate_1,candidate_3,3,0.04666666666666667
2559,candidate_2,candidate_1,candidate_3,3,0.04666666666666667
2560,candidate_2,candidate_1,candidate_3,3,0.04666666666666667
2561,candidate_2,candidate_1,candidate_3,3,0.04666666666666667
2562,candidate_2,0,candidate_3,3,0.04666666666666667
2563,0,candidate_1,candidate_3,3,0.04666666666666667
2564,candidate_2,candidate_1,candidate_3,3,0.04666666666666667
2565,candidate_2,candidate_1,0,3,0.04666666666666667
2566,candidate_2,candidate_1,candidate_3,3,0.04666666666666667
2567,candidate_2,candidate_1,candidate_3,3,0.04666666666666667
2568,candidate_2,candidate_1,candidate_3,3,0.04666666666666667
2569,candidate_2,0,candidate_3,3,0.04666666666666667
2570,candidate_2,candidate_1,candidate_3,3,0.04666666666666667
2571,candidate_2,candidate_1,candidate_3,3,0.04666666666666667
2572,candidate_2,candidate_1,candidate_3,3,0.04666666666666667
2573,candidate_2,candidate_1,candidate_3,3,0.04666666666666667
2574,candidate_2,0,candidate_3,3,0.04666666666666667
2575,candidate_2,candidate_1,candidate_3,3,0.04666666666666667
2576,candidate_2,candidate_1,candidate_3,3,0.04666666666666667
2577,candidate_2,candidate_1,candidate_3,3,0.04666666666666667
2578,candidate_2,candidate_1,candidate_3,3,0.04666666666666667
2579,candidate_2,candidate_1,candidate_3,3,0.04666666666666667
2580,candidate_2,candidate_1,candidate_3,3,0.04666666666666667
2581,candidate_2,candidate_1,candidate_3,3,0.04666666666666667
2582,candidate_2,candidate_1,0,3,0.04666666666666667
2583,0,candidate_1,0,3,0.04666666666666667
2584,candidate_2,candidate_1,candidate_3,3,0.04666666666666667
2585,candidate_2,0,candidate_3,3,0.04666666666666667
2586,candidate_2,candidate_1,candidate_3,3,0.04666666666666667
2587,candidate_2,candidate_1,candidate_3,3,0.04666666666666667
2588,candidate_2,candidate_1,candidate_3,3,0.04666666666666667
2589,candidate_2,candidate_1,candidate_3,3,0.04666666666666667
2590,candidate_2,candidate_1,candidate_3,3,0.04666666666666667
2591,0,candidate_1,candidate_3,3,0.04666666666666667
2592,candidate_2,candidate_1,candidate_3,3,0.04666666666666667
2593,candidate_2,candidate_1,candidate_3,3,0.04666666666666667
2594,candidate_2,candidate_1,0,3,0.04666666666666667
2595,candidate_2,candidate_1,candidate_3,3,0.04666666666666667
2596,candidate_2,candidate_1,candidate_3,3,0.04666666666666667
2597,candidate_2,candidate_1,candidate_3,3,0.04666666666666667
2598,candidate_2,candidate_1,candidate_3,3,0.04666666666666667
2599,candidate_2,candidate_1,candidate_3,3,0.04666666666666667
2600,candidate_2,candidate_1,candidate_3,3,0.04666666666666667
2601,candidate_2,candidate_1,0,3,0.04666666666666667
2602,candidate_2,candidate_1,candidate_3,3,0.04666666666666667
2603,candidate_2,candidate_1,candidate_3,3,0.04666666666666667
2604,candidate_2,candidate_1,candidate_3,3,0.04666666666666667
2605,candidate_2,candidate_1,candidate_3,3,0.04666666666666667
2606,candidate_2,candidate_1,candidate_3,3,0.04666666666666667
2607,candidate_2,candidate_1,candidate_3,3,0.04666666666666667
2608,candidate_2,candidate_1,candidate_3,3,0.04666666666666667
2609,candidate_2,0,candidate_3,3,0.04666666666666667
2610,candidate_2,candidate_1,candidate_3,3,0.04666666666666667
2611,candidate_2,candidate_1,candidate_3,3,0.04666666666666667
2612,candidate_2,candidate_1,candidate_3,3,0.04666666666666667
2613,candidate_2,candidate_1,candidate_3,3,0.04666666666666667
2614,candidate_2,candidate_1,candidate_3,3,0.04666666666666667
2615,candidate_2,candidate_1,candidate_3,3,0.04666666666666667
2616,candidate_2,candidate_1,candidate_3,3,0.04666666666666667
2617,candidate_2,candidate_1,candidate_3,3,0.04666666666666667
2618,candidate_2,candidate_1,candidate_3,3,0.04666666666666667
2619,candidate_2,candidate_1,candidate_3,3,0.04666666666666667
2620,candidate_2,candidate_1,candidate_3,3,0.04666666666666667
2621,candidate_2,candidate_1,candidate_3,3,0.04666666666666667
2622,candidate_2,candidate_1,candidate_3,3,0.04666666666666667
2623,candidate_2,candidate_1,candidate_3,3,0.04666666666666667
2624,candidate_2,candidate_1,0,3,0.04666666666666667
2625,candidate_2,candidate_1,candidate_3,3,0.04666666666666667
2626,candidate_2,candidate_1,candidate_3,3,0.04666666666666667
2627,candidate_2,candidate_1,candidate_3,3,0.04666666666666667
2628,candidate_2,candidate_1,candidate_3,3,0.04666666666666667
2629,0,candidate_1,candidate_3,3,0.04666666666666667
2630,candidate_2,candidate_1,candidate_3,3,0.04666666666666667
2631,candidate_2,candidate_1,candidate_3,3,0.04666666666666667
2632,candidate_2,candidate_1,candidate_3,3,0.04666666666666667
2633,candidate_2,candidate_1,candidate_3,3,0.04666666666666667
2634,candidate_2,candidate_1,candidate_3,3,0.04666666666666667
2635,candidate_2,candidate_1,candidate_3,3,0.04666666666666667
2636,candidate_2,candidate_1,candidate_3,3,0.04666666666666667
2637,candidate_2,candidate_1,candidate_3,3,0.04666666666666667
2638,candidate_2,candidate_1,0,3,0.04666666666666667
2639,candidate_2,candidate_1,candidate_3,3,0.04666666666666667
2640,candidate_2,candidate_1,candidate_3,3,0.04666666666666667
2641,candidate_2,candidate_1,candidate_3,3,0.04666666666666667
2642,candidate_2,candidate_1,candidate_3,3,0.04666666666666667
2643,candidate_2,candidate_1,candidate_3,3,0.04666666666666667
2644,candidate_2,candidate_1,candidate_3,3,0.04666666666666667
2645,candidate_2,candidate_1,candidate_3,3,0.04666666666666667
2646,candidate_2,candidate_1,candidate_3,3,0.04666666666666667
2647,candidate_2,candidate_1,candidate_3,3,0.04666666666666667
2648,candidate_2,candidate_1,candidate_3,3,0.04666666666666667
2649,candidate_2,candidate_1,candidate_3,3,0.04666666666666667
2650,candidate_2,candidate_1,candidate_3,3,0.04666666666666667
2651,candidate_2,candidate_1,candidate_3,3,0.04666666666666667
2652,candidate_2,candidate_1,candidate_3,3,0.04666666666666667
2653,candidate_2,candidate_1,candidate_3,3,0.04666666666666667
2654,candidate_2,candidate_1,candidate_3,3,0.04666666666666667
2655,candidate_2,candidate_1,candidate_3,3,0.04666666666666667
2656,0,candidate_1,candidate_3,3,0.04666666666666667
2657,candidate_2,candidate_1,candidate_3,3,0.04666666666666667
2658,candidate_2,candidate_1,candidate_3,3,0.04666666666666667
2659,candidate_2,candidate_1,candidate_3,3,0.04666666666666667
2660,candidate_2,candidate_1,candidate_3,3,0.04666666666666667
2661,candidate_2,candidate_1,candidate_3,3,0.04666666666666667
2662,candidate_2,candidate_1,candidate_3,3,0.04666666666666667
2663,candidate_2,candidate_1,candidate_3,3,0.04666666666666667
2664,candidate_2,candidate_1,candidate_3,3,0.04666666666666667
2665,candidate_2,candidate_1,candidate_3,3,0.04666666666666667
2666,candidate_2,candidate_1,candidate_3,3,0.04666666666666667
2667,candidate_2,candidate_1,0,3,0.04666666666666667
2668,candidate_2,candidate_1,candidate_3,3,0.04666666666666667
2669,candidate_2,candidate_1,candidate_3,3,0.04666666666666667
2670,candidate_2,candidate_1,candidate_3,3,0.04666666666666667
2671,candidate_2,candidate_1,candidate_3,3,0.04666666666666667
2672,candidate_2,candidate_1,candidate_3,3,0.04666666666666667
2673,candidate_2,candidate_1,candidate_3,3,0.04666666666666667
2674,candidate_2,candidate_1,candidate_3,3,0.04666666666666667
2675,candidate_2,candidate_1,candidate_3,3,0.04666666666666667
2676,candidate_2,candidate_1,candidate_3,3,0.04666666666666667
2677,candidate_2,candidate_1,candidate_3,3,0.04666666666666667
2678,candidate_2,candidate_1,candidate_3,3,0.04666666666666667
2679,candidate_2,0,candidate_3,3,0.04666666666666667
2680,candidate_2,candidate_1,candidate_3,3,0.04666666666666667
2681,candidate_2,candidate_1,candidate_3,3,0.04666666666666667
2682,candidate_2,candidate_1,candidate_3,3,0.04666666666666667
2683,candidate_2,candidate_1,candidate_3,3,0.04666666666666667
2684,candidate_2,candidate_1,candidate_3,3,0.04666666666666667
2685,candidate_2,candidate_1,candidate_3,3,0.04666666666666667
2686,candidate_2,0,candidate_3,3,0.04666666666666667
2687,candidate_2,candidate_1,candidate_3,3,0.04666666666666667
2688,candidate_2,candidate_1,candidate_3,3,0.04666666666666667
2689,candidate_2,candidate_1,candidate_3,3,0.04666666666666667
2690,candidate_2,candidate_1,candidate_3,3,0.04666666666666667
2691,candidate_2,candidate_1,0,3,0.04666666666666667
2692,candidate_2,candidate_1,candidate_3,3,0.04666666666666667
2693,candidate_2,candidate_1,candidate_3,3,0.04666666666666667
2694,candidate_2,candidate_1,candidate_3,3,0.04666666666666667
2695,candidate_2,candidate_1,candidate_3,3,0.04666666666666667
2696,candidate_2,candidate_1,candidate_3,3,0.04666666666666667
2697,candidate_2,candidate_1,candidate_3,3,0.04666666666666667
2698,candidate_2,candidate_1,candidate_3,3,0.04666666666666667
2699,candidate_2,candidate_1,candidate_3,3,0.04666666666666667
2700,candidate_2,candidate_1,candidate_3,3,0.04666666666666667
2701,candidate_2,candidate_1,candidate_3,3,0.04666666666666667
2702,candidate_2,candidate_1,candidate_3,3,0.04666666666666667
2703,candidate_2,candidate_1,candidate_3,3,0.04666666666666667
2704,candidate_2,candidate_1,candidate_3,3,0.04666666666666667
2705,candidate_2,candidate_1,candidate_3,3,0.04666666666666667
2706,candidate_2,candidate_1,candidate_3,3,0.04666666666666667
2707,candidate_2,candidate_1,0,3,0.04666666666666667
2708,candidate_2,candidate_1,candidate_3,3,0.04666666666666667
2709,candidate_2,candidate_1,candidate_3,3,0.04666666666666667
2710,candidate_2,candidate_1,candidate_3,3,0.04666666666666667
2711,candidate_2,candidate_1,candidate_3,3,0.04666666666666667
2712,candidate_2,candidate_1,0,3,0.04666666666666667
2713,candidate_2,candidate_1,candidate_3,3,0.04666666666666667
2714,candidate_2,candidate_1,candidate_3,3,0.04666666666666667
2715,candidate_2,candidate_1,candidate_3,3,0.04666666666666667
2716,candidate_2,candidate_1,candidate_3,3,0.04666666666666667
2717,candidate_2,candidate_1,candidate_3,3,0.04666666666666667
2718,candidate_2,candidate_1,candidate_3,3,0.04666666666666667
2719,candidate_2,candidate_1,candidate_3,3,0.04666666666666667
2720,candidate_2,candidate_1,candidate_3,3,0.04666666666666667
2721,candidate_2,candidate_1,candidate_3,3,0.04666666666666667
2722,candidate_2,candidate_1,candidate_3,3,0.04666666666666667
2723,candidate_2,candidate_1,candidate_3,3,0.04666666666666667
2724,candidate_2,candidate_1,candidate_3,3,0.04666666666666667
2725,candidate_2,candidate_1,candidate_3,3,0.04666666666666667
2726,candidate_2,candidate_1,candidate_3,3,0.04666666666666667
2727,candidate_2,candidate_1,candidate_3,3,0.04666666666666667
2728,candidate_2,candidate_1,candidate_3,3,0.04666666666666667
2729,candidate_2,candidate_1,candidate_3,3,0.04666666666666667
2730,candidate_2,candidate_1,candidate_3,3,0.04666666666666667
2731,0,candidate_1,candidate_3,3,0.04666666666666667
2732,candidate_2,candidate_1,candidate_3,3,0.04666666666666667
2733,candidate_2,candidate_1,candidate_3,3,0.04666666666666667
2734,candidate_2,candidate_1,candidate_3,3,0.04666666666666667
2735,candidate_2,candidate_1,candidate_3,3,0.04666666666666667
2736,candidate_2,candidate_1,candidate_3,3,0.04666666666666667
2737,candidate_2,candidate_1,candidate_3,3,0.04666666666666667
2738,candidate_2,candidate_1,candidate_3,3,0.04666666666666667
2739,candidate_2,candidate_1,candidate_3,3,0.04666666666666667
2740,candidate_2,candidate_1,candidate_3,3,0.04666666666666667
2741,candidate_2,candidate_1,candidate_3,3,0.04666666666666667
2742,candidate_2,candidate_1,candidate_3,3,0.04666666666666667
2743,candidate_2,candidate_1,candidate_3,3,0.04666666666666667
2744,candidate_2,candidate_1,candidate_3,3,0.04666666666666667
2745,candidate_2,candidate_1,candidate_3,3,0.04666666666666667
2746,candidate_2,0,candidate_3,3,0.04666666666666667
2747,candidate_2,candidate_1,candidate_3,3,0.04666666666666667
2748,candidate_2,candidate_1,candidate_3,3,0.04666666666666667
2749,candidate_2,candidate_1,candidate_3,3,0.04666666666666667
2750,candidate_2,candidate_1,candidate_3,3,0.04666666666666667
2751,0,candidate_1,candidate_3,3,0.04666666666666667
2752,candidate_2,candidate_1,candidate_3,3,0.04666666666666667
2753,candidate_2,candidate_1,candidate_3,3,0.04666666666666667
2754,candidate_2,candidate_1,candidate_3,3,0.04666666666666667
2755,candidate_2,candidate_1,candidate_3,3,0.04666666666666667
2756,candidate_2,candidate_1,candidate_3,3,0.04666666666666667
2757,candidate_2,candidate_1,0,3,0.04666666666666667
2758,candidate_2,candidate_1,candidate_3,3,0.04666666666666667
2759,candidate_2,candidate_1,candidate_3,3,0.04666666666666667
2760,0,candidate_1,candidate_3,3,0.04666666666666667
2761,candidate_2,candidate_1,candidate_3,3,0.04666666666666667
2762,candidate_2,candidate_1,candidate_3,3,0.04666666666666667
2763,candidate_2,candidate_1,candidate_3,3,0.04666666666666667
2764,candidate_2,candidate_1,candidate_3,3,0.04666666666666667
2765,candidate_2,candidate_1,candidate_3,3,0.04666666666666667
2766,candidate_2,candidate_1,0,3,0.04666666666666667
2767,0,candidate_1,candidate_3,3,0.04666666666666667
2768,candidate_2,candidate_1,candidate_3,3,0.04666666666666667
2769,candidate_2,candidate_1,candidate_3,3,0.04666666666666667
2770,candidate_2,candidate_1,candidate_3,3,0.04666666666666667
2771,candidate_2,candidate_1,candidate_3,3,0.04666666666666667
2772,candidate_2,candidate_1,0,3,0.04666666666666667
2773,candidate_2,candidate_1,candidate_3,3,0.04666666666666667
2774,candidate_2,candidate_1,candidate_3,3,0.04666666666666667
2775,candidate_2,candidate_1,candidate_3,3,0.04666666666666667
2776,candidate_2,candidate_1,candidate_3,3,0.04666666666666667
2777,candidate_2,candidate_1,candidate_3,3,0.04666666666666667
2778,candidate_2,candidate_1,candidate_3,3,0.04666666666666667
2779,candidate_2,candidate_1,candidate_3,3,0.04666666666666667
2780,candidate_2,candidate_1,candidate_3,3,0.04666666666666667
2781,candidate_2,candidate_1,candidate_3,3,0.04666666666666667
2782,candidate_2,candidate_1,candidate_3,3,0.04666666666666667
2783,candidate_2,candidate_1,candidate_3,3,0.04666666666666667
2784,candidate_2,candidate_1,candidate_3,3,0.04666666666666667
2785,candidate_2,candidate_1,candidate_3,3,0.04666666666666667
2786,candidate_2,candidate_1,candidate_3,3,0.04666666666666667
2787,candidate_2,candidate_1,candidate_3,3,0.04666666666666667
2788,candidate_2,candidate_1,candidate_3,3,0.04666666666666667
2789,candidate_2,candidate_1,candidate_3,3,0.04666666666666667
2790,candidate_2,candidate_1,candidate_3,3,0.04666666666666667
2791,candidate_2,candidate_1,candidate_3,3,0.04666666666666667
2792,candidate_2,candidate_1,candidate_3,3,0.04666666666666667
2793,candidate_2,candidate_1,candidate_3,3,0.04666666666666667
2794,candidate_2,candidate_1,candidate_3,3,0.04666666666666667
2795,candidate_2,candidate_1,candidate_3,3,0.04666666666666667
2796,candidate_2,candidate_1,candidate_3,3,0.04666666666666667
2797,candidate_2,candidate_1,candidate_3,3,0.04666666666666667
2798,candidate_2,candidate_1,0,3,0.04666666666666667
2799,candidate_2,candidate_1,candidate_3,3,0.04666666666666667
2800,candidate_2,candidate_1,candidate_3,3,0.04666666666666667
2801,candidate_2,candidate_1,candidate_3,3,0.04666666666666667
2802,candidate_2,candidate_1,candidate_3,3,0.04666666666666667
2803,candidate_2,candidate_1,candidate_3,3,0.04666666666666667
2804,candidate_2,candidate_1,candidate_3,3,0.04666666666666667
2805,candidate_2,candidate_1,candidate_3,3,0.04666666666666667
2806,candidate_2,candidate_1,candidate_3,3,0.04666666666666667
2807,candidate_2,candidate_1,candidate_3,3,0.04666666666666667
2808,candidate_2,candidate_1,candidate_3,3,0.04666666666666667
2809,candidate_2,candidate_1,candidate_3,3,0.04666666666666667
2810,candidate_2,candidate_1,candidate_3,3,0.04666666666666667
2811,candidate_2,candidate_1,candidate_3,3,0.04666666666666667
2812,candidate_2,candidate_1,candidate_3,3,0.04666666666666667
2813,candidate_2,candidate_1,candidate_3,3,0.04666666666666667
2814,0,candidate_1,candidate_3,3,0.04666666666666667
2815,candidate_2,candidate_1,candidate_3,3,0.04666666666666667
2816,candidate_2,candidate_1,candidate_3,3,0.04666666666666667
2817,candidate_2,0,candidate_3,3,0.04666666666666667
2818,candidate_2,candidate_1,candidate_3,3,0.04666666666666667
2819,candidate_2,candidate_1,candidate_3,3,0.04666666666666667
2820,candidate_2,candidate_1,candidate_3,3,0.04666666666666667
2821,candidate_2,candidate_1,candidate_3,3,0.04666666666666667
2822,candidate_2,candidate_1,candidate_3,3,0.04666666666666667
2823,candidate_2,candidate_1,candidate_3,3,0.04666666666666667
2824,candidate_2,candidate_1,candidate_3,3,0.04666666666666667
2825,candidate_2,candidate_1,candidate_3,3,0.04666666666666667
2826,candidate_2,candidate_1,candidate_3,3,0.04666666666666667
2827,candidate_2,candidate_1,candidate_3,3,0.04666666666666667
2828,candidate_2,candidate_1,candidate_3,3,0.04666666666666667
2829,0,candidate_1,candidate_3,3,0.04666666666666667
2830,candidate_2,candidate_1,candidate_3,3,0.04666666666666667
2831,candidate_2,candidate_1,candidate_3,3,0.04666666666666667
2832,candidate_2,candidate_1,candidate_3,3,0.04666666666666667
2833,candidate_2,candidate_1,candidate_3,3,0.04666666666666667
2834,candidate_2,candidate_1,candidate_3,3,0.04666666666666667
2835,candidate_2,candidate_1,candidate_3,3,0.04666666666666667
2836,candidate_2,candidate_1,candidate_3,3,0.04666666666666667
2837,candidate_2,candidate_1,candidate_3,3,0.04666666666666667
2838,candidate_2,candidate_1,candidate_3,3,0.04666666666666667
2839,candidate_2,candidate_1,candidate_3,3,0.04666666666666667
2840,candidate_2,candidate_1,candidate_3,3,0.04666666666666667
2841,candidate_2,candidate_1,candidate_3,3,0.04666666666666667
2842,candidate_2,candidate_1,candidate_3,3,0.04666666666666667
2843,candidate_2,candidate_1,candidate_3,3,0.04666666666666667
2844,candidate_2,candidate_1,candidate_3,3,0.04666666666666667
2845,candidate_2,candidate_1,candidate_3,3,0.04666666666666667
2846,candidate_2,0,candidate_3,3,0.04666666666666667
2847,candidate_2,candidate_1,candidate_3,3,0.04666666666666667
2848,candidate_2,candidate_1,candidate_3,3,0.04666666666666667
2849,candidate_2,candidate_1,candidate_3,3,0.04666666666666667
2850,candidate_2,candidate_1,candidate_3,3,0.04666666666666667
2851,candidate_2,candidate_1,candidate_3,3,0.04666666666666667
2852,candidate_2,candidate_1,candidate_3,3,0.04666666666666667
2853,candidate_2,candidate_1,candidate_3,3,0.04666666666666667
2854,candidate_2,candidate_1,candidate_3,3,0.04666666666666667
2855,candidate_2,candidate_1,candidate_3,3,0.04666666666666667
2856,candidate_2,candidate_1,candidate_3,3,0.04666666666666667
2857,candidate_2,candidate_1,candidate_3,3,0.04666666666666667
2858,candidate_2,candidate_1,candidate_3,3,0.04666666666666667
2859,candidate_2,candidate_1,candidate_3,3,0.04666666666666667
2860,candidate_2,candidate_1,candidate_3,3,0.04666666666666667
2861,candidate_2,candidate_1,candidate_3,3,0.04666666666666667
2862,candidate_2,candidate_1,candidate_3,3,0.04666666666666667
2863,candidate_2,candidate_1,candidate_3,3,0.04666666666666667
2864,candidate_2,candidate_1,candidate_3,3,0.04666666666666667
2865,candidate_2,candidate_1,candidate_3,3,0.04666666666666667
2866,candidate_2,candidate_1,candidate_3,3,0.04666666666666667
2867,candidate_2,candidate_1,candidate_3,3,0.04666666666666667
2868,candidate_2,candidate_1,candidate_3,3,0.04666666666666667
2869,candidate_2,candidate_1,candidate_3,3,0.04666666666666667
2870,candidate_2,candidate_1,candidate_3,3,0.04666666666666667
2871,candidate_2,candidate_1,candidate_3,3,0.04666666666666667
2872,candidate_2,candidate_1,candidate_3,3,0.04666666666666667
2873,candidate_2,candidate_1,candidate_3,3,0.04666666666666667
2874,candidate_2,candidate_1,candidate_3,3,0.04666666666666667
2875,candidate_2,0,candidate_3,3,0.04666666666666667
2876,candidate_2,candidate_1,candidate_3,3,0.04666666666666667
2877,candidate_2,candidate_1,candidate_3,3,0.04666666666666667
2878,candidate_2,candidate_1,candidate_3,3,0.04666666666666667
2879,candidate_2,candidate_1,candidate_3,3,0.04666666666666667
2880,candidate_2,candidate_1,candidate_3,3,0.04666666666666667
2881,candidate_2,candidate_1,candidate_3,3,0.04666666666666667
2882,candidate_2,0,candidate_3,3,0.04666666666666667
2883,candidate_2,candidate_1,candidate_3,3,0.04666666666666667
2884,candidate_2,candidate_1,candidate_3,3,0.04666666666666667
2885,candidate_2,candidate_1,candidate_3,3,0.04666666666666667
2886,candidate_2,candidate_1,candidate_3,3,0.04666666666666667
2887,candidate_2,candidate_1,candidate_3,3,0.04666666666666667
2888,candidate_2,candidate_1,candidate_3,3,0.04666666666666667
2889,candidate_2,candidate_1,candidate_3,3,0.04666666666666667
2890,candidate_2,candidate_1,candidate_3,3,0.04666666666666667
2891,candidate_2,candidate_1,candidate_3,3,0.04666666666666667
2892,candidate_2,candidate_1,0,3,0.04666666666666667
2893,candidate_2,candidate_1,candidate_3,3,0.04666666666666667
2894,candidate_2,candidate_1,candidate_3,3,0.04666666666666667
2895,candidate_2,candidate_1,candidate_3,3,0.04666666666666667
2896,candidate_2,candidate_1,candidate_3,3,0.04666666666666667
2897,candidate_2,candidate_1,candidate_3,3,0.04666666666666667
2898,candidate_2,candidate_1,candidate_3,3,0.04666666666666667
2899,candidate_2,candidate_1,candidate_3,3,0.04666666666666667
2900,candidate_2,candidate_1,candidate_3,3,0.04666666666666667
2901,0,candidate_1,candidate_3,3,0.04666666666666667
2902,candidate_2,candidate_1,candidate_3,3,0.04666666666666667
2903,candidate_2,candidate_1,candidate_3,3,0.04666666666666667
2904,candidate_2,candidate_1,candidate_3,3,0.04666666666666667
2905,candidate_2,candidate_1,candidate_3,3,0.04666666666666667
2906,candidate_2,candidate_1,candidate_3,3,0.04666666666666667
2907,candidate_2,candidate_1,candidate_3,3,0.04666666666666667
2908,candidate_2,candidate_1,candidate_3,3,0.04666666666666667
2909,candidate_2,candidate_1,candidate_3,3,0.04666666666666667
2910,candidate_2,candidate_1,candidate_3,3,0.04666666666666667
2911,candidate_2,candidate_1,candidate_3,3,0.04666666666666667
2912,candidate_2,candidate_1,candidate_3,3,0.04666666666666667
2913,candidate_2,candidate_1,candidate_3,3,0.04666666666666667
2914,candidate_2,candidate_1,candidate_3,3,0.04666666666666667
2915,candidate_2,candidate_1,candidate_3,3,0.04666666666666667
2916,candidate_2,0,candidate_3,3,0.04666666666666667
2917,candidate_2,candidate_1,candidate_3,3,0.04666666666666667
2918,candidate_2,candidate_1,candidate_3,3,0.04666666666666667
2919,candidate_2,candidate_1,candidate_3,3,0.04666666666666667
2920,0,candidate_1,candidate_3,3,0.04666666666666667
2921,candidate_2,0,candidate_3,3,0.04666666666666667
2922,candidate_2,candidate_1,candidate_3,3,0.04666666666666667
2923,candidate_2,candidate_1,candidate_3,3,0.04666666666666667
2924,candidate_2,candidate_1,candidate_3,3,0.04666666666666667
2925,0,candidate_1,candidate_3,3,0.04666666666666667
2926,candidate_2,candidate_1,candidate_3,3,0.04666666666666667
2927,candidate_2,candidate_1,candidate_3,3,0.04666666666666667
2928,candidate_2,candidate_1,candidate_3,3,0.04666666666666667
2929,candidate_2,candidate_1,candidate_3,3,0.04666666666666667
2930,candidate_2,candidate_1,candidate_3,3,0.04666666666666667
2931,candidate_2,candidate_1,candidate_3,3,0.04666666666666667
2932,candidate_2,candidate_1,candidate_3,3,0.04666666666666667
2933,candidate_2,candidate_1,candidate_3,3,0.04666666666666667
2934,candidate_2,candidate_1,candidate_3,3,0.04666666666666667
2935,candidate_2,candidate_1,candidate_3,3,0.04666666666666667
2936,candidate_2,candidate_1,candidate_3,3,0.04666666666666667
2937,0,candidate_1,candidate_3,3,0.04666666666666667
2938,candidate_2,candidate_1,candidate_3,3,0.04666666666666667
2939,0,0,candidate_3,3,0.04666666666666667
2940,candidate_2,candidate_1,candidate_3,3,0.04666666666666667
2941,candidate_2,candidate_1,candidate_3,3,0.04666666666666667
2942,candidate_2,candidate_1,candidate_3,3,0.04666666666666667
2943,candidate_2,candidate_1,candidate_3,3,0.04666666666666667
2944,candidate_2,candidate_1,candidate_3,3,0.04666666666666667
2945,candidate_2,candidate_1,candidate_3,3,0.04666666666666667
2946,candidate_2,candidate_1,candidate_3,3,0.04666666666666667
2947,candidate_2,candidate_1,candidate_3,3,0.04666666666666667
2948,candidate_2,candidate_1,candidate_3,3,0.04666666666666667
2949,candidate_2,candidate_1,candidate_3,3,0.04666666666666667
2950,candidate_2,candidate_1,candidate_3,3,0.04666666666666667
2951,candidate_2,candidate_1,candidate_3,3,0.04666666666666667
2952,candidate_2,candidate_1,candidate_3,3,0.04666666666666667
2953,candidate_2,candidate_1,candidate_3,3,0.04666666666666667
2954,candidate_2,candidate_1,candidate_3,3,0.04666666666666667
2955,candidate_2,candidate_1,candidate_3,3,0.04666666666666667
2956,candidate_2,candidate_1,candidate_3,3,0.04666666666666667
2957,candidate_2,candidate_1,candidate_3,3,0.04666666666666667
2958,candidate_2,candidate_1,candidate_3,3,0.04666666666666667
2959,candidate_2,candidate_1,0,3,0.04666666666666667
2960,candidate_2,candidate_1,candidate_3,3,0.04666666666666667
2961,candidate_2,candidate_1,candidate_3,3,0.04666666666666667
2962,candidate_2,candidate_1,candidate_3,3,0.04666666666666667
2963,candidate_2,candidate_1,candidate_3,3,0.04666666666666667
2964,candidate_2,candidate_1,candidate_3,3,0.04666666666666667
2965,candidate_2,candidate_1,candidate_3,3,0.04666666666666667
2966,candidate_2,candidate_1,candidate_3,3,0.04666666666666667
2967,candidate_2,candidate_1,candidate_3,3,0.04666666666666667
2968,candidate_2,candidate_1,candidate_3,3,0.04666666666666667
2969,candidate_2,candidate_1,candidate_3,3,0.04666666666666667
2970,candidate_2,candidate_1,candidate_3,3,0.04666666666666667
2971,0,candidate_1,candidate_3,3,0.04666666666666667
2972,candidate_2,candidate_1,candidate_3,3,0.04666666666666667
2973,candidate_2,candidate_1,0,3,0.04666666666666667
2974,candidate_2,candidate_1,candidate_3,3,0.04666666666666667
2975,candidate_2,candidate_1,candidate_3,3,0.04666666666666667
2976,candidate_2,0,candidate_3,3,0.04666666666666667
2977,candidate_2,candidate_1,candidate_3,3,0.04666666666666667
2978,candidate_2,candidate_1,candidate_3,3,0.04666666666666667
2979,candidate_2,candidate_1,candidate_3,3,0.04666666666666667
2980,candidate_2,candidate_1,candidate_3,3,0.04666666666666667
2981,candidate_2,candidate_1,candidate_3,3,0.04666666666666667
2982,candidate_2,candidate_1,candidate_3,3,0.04666666666666667
2983,candidate_2,candidate_1,candidate_3,3,0.04666666666666667
2984,candidate_2,candidate_1,candidate_3,3,0.04666666666666667
2985,candidate_2,0,candidate_3,3,0.04666666666666667
2986,candidate_2,candidate_1,candidate_3,3,0.04666666666666667
2987,candidate_2,candidate_1,candidate_3,3,0.04666666666666667
2988,candidate_2,candidate_1,candidate_3,3,0.04666666666666667
2989,candidate_2,candidate_1,candidate_3,3,0.04666666666666667
2990,candidate_2,candidate_1,candidate_3,3,0.04666666666666667
2991,candidate_2,candidate_1,candidate_3,3,0.04666666666666667
2992,candidate_2,candidate_1,candidate_3,3,0.04666666666666667
2993,candidate_2,candidate_1,candidate_3,3,0.04666666666666667
2994,candidate_2,candidate_1,candidate_3,3,0.04666666666666667
2995,candidate_2,candidate_1,candidate_3,3,0.04666666666666667
2996,candidate_2,candidate_1,candidate_3,3,0.04666666666666667
2997,candidate_2,candidate_1,candidate_3,3,0.04666666666666667
2998,candidate_2,candidate_1,candidate_3,3,0.04666666666666667
2999,candidate_2,candidate_1,candidate_3,3,0.04666666666666667
3000,candidate_2,candidate_1,candidate_3,3,0.04666666666666667
3001,candidate_2,candidate_1,candidate_3,3,0.04666666666666667
3002,candidate_2,candidate_1,candidate_3,3,0.04666666666666667
3003,candidate_2,candidate_1,candidate_3,3,0.04666666666666667
3004,candidate_2,candidate_1,candidate_3,3,0.04666666666666667
3005,candidate_2,candidate_1,candidate_3,3,0.04666666666666667
3006,candidate_2,candidate_1,candidate_3,3,0.04666666666666667
3007,candidate_2,candidate_1,candidate_3,3,0.04666666666666667
3008,0,candidate_1,candidate_3,3,0.04666666666666667
3009,candidate_2,candidate_1,0,3,0.04666666666666667
3010,candidate_2,candidate_1,candidate_3,3,0.04666666666666667
3011,candidate_2,candidate_1,0,3,0.04666666666666667
3012,candidate_2,candidate_1,candidate_3,3,0.04666666666666667
3013,candidate_2,candidate_1,candidate_3,3,0.04666666666666667
3014,candidate_2,candidate_1,candidate_3,3,0.04666666666666667
3015,candidate_2,candidate_1,candidate_3,3,0.04666666666666667
3016,candidate_2,candidate_1,candidate_3,3,0.04666666666666667
3017,candidate_2,candidate_1,candidate_3,3,0.04666666666666667
3018,candidate_2,candidate_1,candidate_3,3,0.04666666666666667
3019,candidate_2,candidate_1,candidate_3,3,0.04666666666666667
3020,candidate_2,candidate_1,candidate_3,3,0.04666666666666667
3021,candidate_2,candidate_1,candidate_3,3,0.04666666666666667
3022,candidate_2,candidate_1,candidate_3,3,0.04666666666666667
3023,candidate_2,candidate_1,candidate_3,3,0.04666666666666667
3024,candidate_2,candidate_1,candidate_3,3,0.04666666666666667
3025,candidate_2,candidate_1,candidate_3,3,0.04666666666666667
3026,candidate_2,candidate_1,candidate_3,3,0.04666666666666667
3027,candidate_2,candidate_1,candidate_3,3,0.04666666666666667
3028,candidate_2,candidate_1,candidate_3,3,0.04666666666666667
3029,candidate_2,candidate_1,candidate_3,3,0.04666666666666667
3030,candidate_2,candidate_1,candidate_3,3,0.04666666666666667
3031,candidate_2,candidate_1,candidate_3,3,0.04666666666666667
3032,candidate_2,candidate_1,candidate_3,3,0.04666666666666667
3033,candidate_2,candidate_1,candidate_3,3,0.04666666666666667
3034,candidate_2,0,candidate_3,3,0.04666666666666667
3035,candidate_2,candidate_1,candidate_3,3,0.04666666666666667
3036,candidate_2,candidate_1,candidate_3,3,0.04666666666666667
3037,candidate_2,candidate_1,candidate_3,3,0.04666666666666667
3038,candidate_2,candidate_1,candidate_3,3,0.04666666666666667
3039,candidate_2,candidate_1,candidate_3,3,0.04666666666666667
3040,candidate_2,candidate_1,candidate_3,3,0.04666666666666667
3041,candidate_2,candidate_1,candidate_3,3,0.04666666666666667
3042,candidate_2,candidate_1,candidate_3,3,0.04666666666666667
3043,candidate_2,candidate_1,candidate_3,3,0.04666666666666667
3044,candidate_2,candidate_1,candidate_3,3,0.04666666666666667
3045,candidate_2,candidate_1,candidate_3,3,0.04666666666666667
3046,candidate_2,candidate_1,candidate_3,3,0.04666666666666667
3047,candidate_2,candidate_1,candidate_3,3,0.04666666666666667
3048,0,0,candidate_3,3,0.04666666666666667
3049,candidate_2,candidate_1,candidate_3,3,0.04666666666666667
3050,candidate_2,candidate_1,candidate_3,3,0.04666666666666667
3051,candidate_2,candidate_1,candidate_3,3,0.04666666666666667
3052,candidate_2,candidate_1,candidate_3,3,0.04666666666666667
3053,candidate_2,candidate_1,candidate_3,3,0.04666666666666667
3054,candidate_2,candidate_1,candidate_3,3,0.04666666666666667
3055,candidate_2,candidate_1,candidate_3,3,0.04666666666666667
3056,candidate_2,candidate_1,candidate_3,3,0.04666666666666667
3057,0,candidate_1,candidate_3,3,0.04666666666666667
3058,candidate_2,candidate_1,candidate_3,3,0.04666666666666667
3059,candidate_2,candidate_1,candidate_3,3,0.04666666666666667
3060,candidate_2,candidate_1,candidate_3,3,0.04666666666666667
3061,candidate_2,candidate_1,candidate_3,3,0.04666666666666667
3062,candidate_2,candidate_1,candidate_3,3,0.04666666666666667
3063,candidate_2,candidate_1,candidate_3,3,0.04666666666666667
3064,candidate_2,0,candidate_3,3,0.04666666666666667
3065,candidate_2,candidate_1,candidate_3,3,0.04666666666666667
3066,candidate_2,candidate_1,0,3,0.04666666666666667
3067,candidate_2,0,candidate_3,3,0.04666666666666667
3068,candidate_2,candidate_1,candidate_3,3,0.04666666666666667
3069,candidate_2,candidate_1,candidate_3,3,0.04666666666666667
3070,candidate_2,0,candidate_3,3,0.04666666666666667
3071,candidate_2,candidate_1,candidate_3,3,0.04666666666666667
3072,candidate_2,candidate_1,candidate_3,3,0.04666666666666667
3073,candidate_2,candidate_1,candidate_3,3,0.04666666666666667
3074,candidate_2,candidate_1,candidate_3,3,0.04666666666666667
3075,candidate_2,candidate_1,candidate_3,3,0.04666666666666667
3076,candidate_2,candidate_1,candidate_3,3,0.04666666666666667
3077,candidate_2,candidate_1,candidate_3,3,0.04666666666666667
3078,candidate_2,candidate_1,candidate_3,3,0.04666666666666667
3079,candidate_2,candidate_1,candidate_3,3,0.04666666666666667
3080,candidate_2,candidate_1,candidate_3,3,0.04666666666666667
3081,candidate_2,candidate_1,candidate_3,3,0.04666666666666667
3082,candidate_2,0,candidate_3,3,0.04666666666666667
3083,candidate_2,candidate_1,candidate_3,3,0.04666666666666667
3084,candidate_2,candidate_1,candidate_3,3,0.04666666666666667
3085,candidate_2,candidate_1,candidate_3,3,0.04666666666666667
3086,candidate_2,0,candidate_3,3,0.04666666666666667
3087,candidate_2,candidate_1,candidate_3,3,0.04666666666666667
3088,candidate_2,candidate_1,candidate_3,3,0.04666666666666667
3089,candidate_2,candidate_1,candidate_3,3,0.04666666666666667
3090,candidate_2,candidate_1,candidate_3,3,0.04666666666666667
3091,candidate_2,candidate_1,candidate_3,3,0.04666666666666667
3092,candidate_2,candidate_1,candidate_3,3,0.04666666666666667
3093,candidate_2,candidate_1,candidate_3,3,0.04666666666666667
3094,candidate_2,0,candidate_3,3,0.04666666666666667
3095,candidate_2,candidate_1,0,3,0.04666666666666667
3096,candidate_2,candidate_1,candidate_3,3,0.04666666666666667
3097,candidate_2,candidate_1,0,3,0.04666666666666667
3098,candidate_2,candidate_1,candidate_3,3,0.04666666666666667
3099,candidate_2,candidate_1,candidate_3,3,0.04666666666666667
3100,candidate_2,candidate_1,candidate_3,3,0.04666666666666667
3101,candidate_2,candidate_1,candidate_3,3,0.04666666666666667
3102,candidate_2,candidate_1,candidate_3,3,0.04666666666666667
3103,candidate_2,candidate_1,candidate_3,3,0.04666666666666667
3104,candidate_2,candidate_1,candidate_3,3,0.04666666666666667
3105,candidate_2,candidate_1,candidate_3,3,0.04666666666666667
3106,candidate_2,candidate_1,candidate_3,3,0.04666666666666667
3107,candidate_2,candidate_1,candidate_3,3,0.04666666666666667
3108,candidate_2,candidate_1,candidate_3,3,0.04666666666666667
3109,candidate_2,candidate_1,candidate_3,3,0.04666666666666667
3110,candidate_2,candidate_1,candidate_3,3,0.04666666666666667
3111,0,candidate_1,candidate_3,3,0.04666666666666667
3112,candidate_2,candidate_1,candidate_3,3,0.04666666666666667
3113,candidate_2,candidate_1,candidate_3,3,0.04666666666666667
3114,candidate_2,candidate_1,candidate_3,3,0.04666666666666667
3115,candidate_2,candidate_1,candidate_3,3,0.04666666666666667
3116,candidate_2,candidate_1,candidate_3,3,0.04666666666666667
3117,candidate_2,candidate_1,candidate_3,3,0.04666666666666667
3118,candidate_2,candidate_1,candidate_3,3,0.04666666666666667
3119,candidate_2,candidate_1,candidate_3,3,0.04666666666666667
3120,candidate_2,candidate_1,candidate_3,3,0.04666666666666667
3121,candidate_2,candidate_1,candidate_3,3,0.04666666666666667
3122,candidate_2,candidate_1,candidate_3,3,0.04666666666666667
3123,candidate_2,candidate_1,candidate_3,3,0.04666666666666667
3124,candidate_2,candidate_1,candidate_3,3,0.04666666666666667
3125,candidate_2,candidate_1,candidate_3,3,0.04666666666666667
3126,candidate_2,candidate_1,candidate_3,3,0.04666666666666667
3127,candidate_2,candidate_1,candidate_3,3,0.04666666666666667
3128,candidate_2,0,candidate_3,3,0.04666666666666667
3129,candidate_2,candidate_1,candidate_3,3,0.04666666666666667
3130,candidate_2,candidate_1,candidate_3,3,0.04666666666666667
3131,0,candidate_1,candidate_3,3,0.04666666666666667
3132,candidate_2,candidate_1,candidate_3,3,0.04666666666666667
3133,candidate_2,candidate_1,candidate_3,3,0.04666666666666667
3134,candidate_2,candidate_1,candidate_3,3,0.04666666666666667
3135,candidate_2,candidate_1,candidate_3,3,0.04666666666666667
3136,candidate_2,candidate_1,candidate_3,3,0.04666666666666667
3137,candidate_2,candidate_1,candidate_3,3,0.04666666666666667
3138,candidate_2,candidate_1,candidate_3,3,0.04666666666666667
3139,candidate_2,candidate_1,candidate_3,3,0.04666666666666667
3140,candidate_2,candidate_1,candidate_3,3,0.04666666666666667
3141,candidate_2,candidate_1,candidate_3,3,0.04666666666666667
3142,candidate_2,candidate_1,candidate_3,3,0.04666666666666667
3143,0,candidate_1,candidate_3,3,0.04666666666666667
3144,candidate_2,candidate_1,candidate_3,3,0.04666666666666667
3145,candidate_2,candidate_1,candidate_3,3,0.04666666666666667
3146,candidate_2,0,candidate_3,3,0.04666666666666667
3147,candidate_2,candidate_1,candidate_3,3,0.04666666666666667
3148,candidate_2,candidate_1,candidate_3,3,0.04666666666666667
3149,candidate_2,candidate_1,candidate_3,3,0.04666666666666667
3150,candidate_2,candidate_1,candidate_3,3,0.04666666666666667
3151,candidate_2,candidate_1,candidate_3,3,0.04666666666666667
3152,0,candidate_1,candidate_3,3,0.04666666666666667
3153,candidate_2,candidate_1,candidate_3,3,0.04666666666666667
3154,candidate_2,candidate_1,candidate_3,3,0.04666666666666667
3155,candidate_2,candidate_1,candidate_3,3,0.04666666666666667
3156,candidate_2,candidate_1,candidate_3,3,0.04666666666666667
3157,candidate_2,candidate_1,candidate_3,3,0.04666666666666667
3158,candidate_2,candidate_1,candidate_3,3,0.04666666666666667
3159,candidate_2,candidate_1,candidate_3,3,0.04666666666666667
3160,candidate_2,candidate_1,candidate_3,3,0.04666666666666667
3161,candidate_2,candidate_1,candidate_3,3,0.04666666666666667
3162,candidate_2,candidate_1,candidate_3,3,0.04666666666666667
3163,candidate_2,candidate_1,candidate_3,3,0.04666666666666667
3164,candidate_2,candidate_1,candidate_3,3,0.04666666666666667
3165,candidate_2,0,candidate_3,3,0.04666666666666667
3166,candidate_2,candidate_1,candidate_3,3,0.04666666666666667
3167,candidate_2,candidate_1,candidate_3,3,0.04666666666666667
3168,candidate_2,candidate_1,candidate_3,3,0.04666666666666667
3169,candidate_2,candidate_1,candidate_3,3,0.04666666666666667
3170,candidate_2,candidate_1,candidate_3,3,0.04666666666666667
3171,candidate_2,candidate_1,candidate_3,3,0.04666666666666667
3172,candidate_2,candidate_1,candidate_3,3,0.04666666666666667
3173,candidate_2,candidate_1,candidate_3,3,0.04666666666666667
3174,candidate_2,candidate_1,candidate_3,3,0.04666666666666667
3175,candidate_2,candidate_1,candidate_3,3,0.04666666666666667
3176,candidate_2,candidate_1,candidate_3,3,0.04666666666666667
3177,candidate_2,candidate_1,candidate_3,3,0.04666666666666667
3178,candidate_2,candidate_1,candidate_3,3,0.04666666666666667
3179,candidate_2,candidate_1,candidate_3,3,0.04666666666666667
3180,candidate_2,candidate_1,candidate_3,3,0.04666666666666667
3181,candidate_2,candidate_1,candidate_3,3,0.04666666666666667
3182,candidate_2,candidate_1,candidate_3,3,0.04666666666666667
3183,candidate_2,candidate_1,candidate_3,3,0.04666666666666667
3184,candidate_2,0,candidate_3,3,0.04666666666666667
3185,0,candidate_1,candidate_3,3,0.04666666666666667
3186,candidate_2,candidate_1,candidate_3,3,0.04666666666666667
3187,candidate_2,candidate_1,candidate_3,3,0.04666666666666667
3188,0,0,candidate_3,3,0.04666666666666667
3189,candidate_2,candidate_1,candidate_3,3,0.04666666666666667
3190,candidate_2,candidate_1,candidate_3,3,0.04666666666666667
3191,candidate_2,candidate_1,candidate_3,3,0.04666666666666667
3192,candidate_2,candidate_1,candidate_3,3,0.04666666666666667
3193,candidate_2,candidate_1,candidate_3,3,0.04666666666666667
3194,candidate_2,0,candidate_3,3,0.04666666666666667
3195,0,candidate_1,candidate_3,3,0.04666666666666667
3196,candidate_2,candidate_1,candidate_3,3,0.04666666666666667
3197,candidate_2,candidate_1,candidate_3,3,0.04666666666666667
3198,candidate_2,candidate_1,candidate_3,3,0.04666666666666667
3199,candidate_2,candidate_1,candidate_3,3,0.04666666666666667
3200,candidate_2,candidate_1,candidate_3,3,0.04666666666666667
3201,0,candidate_1,candidate_3,3,0.04666666666666667
3202,candidate_2,candidate_1,candidate_3,3,0.04666666666666667
3203,0,candidate_1,candidate_3,3,0.04666666666666667
3204,candidate_2,candidate_1,candidate_3,3,0.04666666666666667
3205,candidate_2,candidate_1,candidate_3,3,0.04666666666666667
3206,candidate_2,candidate_1,candidate_3,3,0.04666666666666667
3207,candidate_2,candidate_1,candidate_3,3,0.04666666666666667
3208,candidate_2,candidate_1,candidate_3,3,0.04666666666666667
3209,candidate_2,candidate_1,candidate_3,3,0.04666666666666667
3210,candidate_2,candidate_1,candidate_3,3,0.04666666666666667
3211,candidate_2,candidate_1,candidate_3,3,0.04666666666666667
3212,candidate_2,candidate_1,candidate_3,3,0.04666666666666667
3213,candidate_2,candidate_1,candidate_3,3,0.04666666666666667
3214,candidate_2,candidate_1,candidate_3,3,0.04666666666666667
3215,candidate_2,candidate_1,candidate_3,3,0.04666666666666667
3216,candidate_2,candidate_1,candidate_3,3,0.04666666666666667
3217,candidate_2,candidate_1,candidate_3,3,0.04666666666666667
3218,candidate_2,candidate_1,candidate_3,3,0.04666666666666667
3219,candidate_2,candidate_1,candidate_3,3,0.04666666666666667
3220,candidate_2,candidate_1,0,3,0.04666666666666667
3221,candidate_2,candidate_1,candidate_3,3,0.04666666666666667
3222,candidate_2,candidate_1,candidate_3,3,0.04666666666666667
3223,candidate_2,candidate_1,candidate_3,3,0.04666666666666667
3224,candidate_2,candidate_1,candidate_3,3,0.04666666666666667
3225,candidate_2,candidate_1,candidate_3,3,0.04666666666666667
3226,candidate_2,candidate_1,candidate_3,3,0.04666666666666667
3227,candidate_2,candidate_1,0,3,0.04666666666666667
3228,candidate_2,candidate_1,candidate_3,3,0.04666666666666667
3229,candidate_2,candidate_1,candidate_3,3,0.04666666666666667
3230,0,candidate_1,candidate_3,3,0.04666666666666667
3231,candidate_2,candidate_1,candidate_3,3,0.04666666666666667
3232,0,candidate_1,candidate_3,3,0.04666666666666667
3233,candidate_2,candidate_1,candidate_3,3,0.04666666666666667
3234,candidate_2,candidate_1,candidate_3,3,0.04666666666666667
3235,candidate_2,candidate_1,candidate_3,3,0.04666666666666667
3236,candidate_2,candidate_1,0,3,0.04666666666666667
3237,candidate_2,candidate_1,candidate_3,3,0.04666666666666667
3238,candidate_2,candidate_1,candidate_3,3,0.04666666666666667
3239,candidate_2,candidate_1,0,3,0.04666666666666667
3240,candidate_2,candidate_1,candidate_3,3,0.04666666666666667
3241,candidate_2,candidate_1,candidate_3,3,0.04666666666666667
3242,candidate_2,candidate_1,candidate_3,3,0.04666666666666667
3243,candidate_2,candidate_1,candidate_3,3,0.04666666666666667
3244,candidate_2,candidate_1,candidate_3,3,0.04666666666666667
3245,candidate_2,candidate_1,candidate_3,3,0.04666666666666667
3246,candidate_2,candidate_1,candidate_3,3,0.04666666666666667
3247,candidate_2,candidate_1,candidate_3,3,0.04666666666666667
3248,candidate_2,candidate_1,candidate_3,3,0.04666666666666667
3249,candidate_2,candidate_1,candidate_3,3,0.04666666666666667
3250,candidate_2,candidate_1,candidate_3,3,0.04666666666666667
3251,candidate_2,candidate_1,candidate_3,3,0.04666666666666667
3252,candidate_2,candidate_1,candidate_3,3,0.04666666666666667
3253,candidate_2,candidate_1,candidate_3,3,0.04666666666666667
3254,candidate_2,candidate_1,candidate_3,3,0.04666666666666667
3255,candidate_2,candidate_1,candidate_3,3,0.04666666666666667
3256,candidate_2,candidate_1,candidate_3,3,0.04666666666666667
3257,candidate_2,candidate_1,candidate_3,3,0.04666666666666667
3258,candidate_2,candidate_1,candidate_3,3,0.04666666666666667
3259,candidate_2,candidate_1,candidate_3,3,0.04666666666666667
3260,candidate_2,candidate_1,candidate_3,3,0.04666666666666667
3261,candidate_2,candidate_1,candidate_3,3,0.04666666666666667
3262,candidate_2,candidate_1,candidate_3,3,0.04666666666666667
3263,candidate_2,candidate_1,candidate_3,3,0.04666666666666667
3264,candidate_2,candidate_1,candidate_3,3,0.04666666666666667
3265,candidate_2,candidate_1,0,3,0.04666666666666667
3266,candidate_2,candidate_1,candidate_3,3,0.04666666666666667
3267,candidate_2,0,candidate_3,3,0.04666666666666667
3268,candidate_2,candidate_1,candidate_3,3,0.04666666666666667
3269,candidate_2,candidate_1,0,3,0.04666666666666667
3270,candidate_2,candidate_1,candidate_3,3,0.04666666666666667
3271,candidate_2,candidate_1,candidate_3,3,0.04666666666666667
3272,0,candidate_1,candidate_3,3,0.04666666666666667
3273,candidate_2,0,candidate_3,3,0.04666666666666667
3274,candidate_2,candidate_1,candidate_3,3,0.04666666666666667
3275,candidate_2,candidate_1,candidate_3,3,0.04666666666666667
3276,candidate_2,candidate_1,candidate_3,3,0.04666666666666667
3277,candidate_2,candidate_1,candidate_3,3,0.04666666666666667
3278,candidate_2,candidate_1,candidate_3,3,0.04666666666666667
3279,candidate_2,candidate_1,candidate_3,3,0.04666666666666667
3280,candidate_2,candidate_1,candidate_3,3,0.04666666666666667
3281,candidate_2,candidate_1,candidate_3,3,0.04666666666666667
3282,candidate_2,0,candidate_3,3,0.04666666666666667
3283,candidate_2,candidate_1,candidate_3,3,0.04666666666666667
3284,candidate_2,0,0,3,0.04666666666666667
3285,candidate_2,candidate_1,0,3,0.04666666666666667
3286,candidate_2,candidate_1,0,3,0.04666666666666667
3287,candidate_2,candidate_1,candidate_3,3,0.04666666666666667
3288,candidate_2,candidate_1,candidate_3,3,0.04666666666666667
3289,candidate_2,candidate_1,candidate_3,3,0.04666666666666667
3290,0,candidate_1,candidate_3,3,0.04666666666666667
3291,candidate_2,candidate_1,candidate_3,3,0.04666666666666667
3292,candidate_2,candidate_1,candidate_3,3,0.04666666666666667
3293,0,candidate_1,candidate_3,3,0.04666666666666667
3294,candidate_2,candidate_1,candidate_3,3,0.04666666666666667
3295,candidate_2,candidate_1,candidate_3,3,0.04666666666666667
3296,candidate_2,candidate_1,candidate_3,3,0.04666666666666667
3297,candidate_2,candidate_1,candidate_3,3,0.04666666666666667
3298,candidate_2,candidate_1,candidate_3,3,0.04666666666666667
3299,candidate_2,0,candidate_3,3,0.04666666666666667
3300,candidate_2,candidate_1,candidate_3,3,0.04666666666666667
3301,candidate_2,0,candidate_3,3,0.04666666666666667
3302,0,candidate_1,candidate_3,3,0.04666666666666667
3303,candidate_2,candidate_1,candidate_3,3,0.04666666666666667
3304,candidate_2,candidate_1,candidate_3,3,0.04666666666666667
3305,candidate_2,candidate_1,candidate_3,3,0.04666666666666667
3306,0,candidate_1,candidate_3,3,0.04666666666666667
3307,candidate_2,candidate_1,candidate_3,3,0.04666666666666667
3308,candidate_2,candidate_1,candidate_3,3,0.04666666666666667
3309,candidate_2,0,candidate_3,3,0.04666666666666667
3310,candidate_2,candidate_1,candidate_3,3,0.04666666666666667
3311,candidate_2,candidate_1,candidate_3,3,0.04666666666666667
3312,candidate_2,candidate_1,candidate_3,3,0.04666666666666667
3313,candidate_2,candidate_1,candidate_3,3,0.04666666666666667
3314,candidate_2,candidate_1,candidate_3,3,0.04666666666666667
3315,candidate_2,candidate_1,candidate_3,3,0.04666666666666667
3316,candidate_2,candidate_1,candidate_3,3,0.04666666666666667
3317,candidate_2,candidate_1,candidate_3,3,0.04666666666666667
3318,candidate_2,candidate_1,candidate_3,3,0.04666666666666667
3319,candidate_2,candidate_1,candidate_3,3,0.04666666666666667
3320,0,0,candidate_3,3,0.04666666666666667
3321,candidate_2,0,candidate_3,3,0.04666666666666667
3322,candidate_2,candidate_1,candidate_3,3,0.04666666666666667
3323,candidate_2,candidate_1,candidate_3,3,0.04666666666666667
3324,candidate_2,candidate_1,candidate_3,3,0.04666666666666667
3325,candidate_2,candidate_1,candidate_3,3,0.04666666666666667
3326,candidate_2,candidate_1,candidate_3,3,0.04666666666666667
3327,candidate_2,candidate_1,candidate_3,3,0.04666666666666667
3328,candidate_2,candidate_1,candidate_3,3,0.04666666666666667
3329,candidate_2,candidate_1,candidate_3,3,0.04666666666666667
3330,candidate_2,candidate_1,candidate_3,3,0.04666666666666667
3331,candidate_2,candidate_1,candidate_3,3,0.04666666666666667
3332,candidate_2,candidate_1,candidate_3,3,0.04666666666666667
3333,candidate_2,candidate_1,candidate_3,3,0.04666666666666667
3334,candidate_2,candidate_1,candidate_3,3,0.04666666666666667
3335,candidate_2,candidate_1,candidate_3,3,0.04666666666666667
3336,candidate_2,candidate_1,candidate_3,3,0.04666666666666667
3337,candidate_2,candidate_1,candidate_3,3,0.04666666666666667
3338,candidate_2,candidate_1,candidate_3,3,0.04666666666666667
3339,candidate_2,candidate_1,candidate_3,3,0.04666666666666667
3340,candidate_2,candidate_1,candidate_3,3,0.04666666666666667
3341,candidate_2,candidate_1,candidate_3,3,0.04666666666666667
3342,candidate_2,candidate_1,candidate_3,3,0.04666666666666667
3343,candidate_2,candidate_1,candidate_3,3,0.04666666666666667
3344,candidate_2,candidate_1,candidate_3,3,0.04666666666666667
3345,candidate_2,candidate_1,candidate_3,3,0.04666666666666667
3346,candidate_2,candidate_1,0,3,0.04666666666666667
3347,candidate_2,candidate_1,candidate_3,3,0.04666666666666667
3348,candidate_2,0,candidate_3,3,0.04666666666666667
3349,candidate_2,candidate_1,candidate_3,3,0.04666666666666667
3350,candidate_2,candidate_1,candidate_3,3,0.04666666666666667
3351,candidate_2,candidate_1,candidate_3,3,0.04666666666666667
3352,candidate_2,candidate_1,0,3,0.04666666666666667
3353,candidate_2,candidate_1,candidate_3,3,0.04666666666666667
3354,candidate_2,candidate_1,candidate_3,3,0.04666666666666667
3355,candidate_2,candidate_1,candidate_3,3,0.04666666666666667
3356,candidate_2,candidate_1,candidate_3,3,0.04666666666666667
3357,candidate_2,candidate_1,candidate_3,3,0.04666666666666667
3358,candidate_2,candidate_1,candidate_3,3,0.04666666666666667
3359,candidate_2,candidate_1,candidate_3,3,0.04666666666666667
3360,candidate_2,candidate_1,candidate_3,3,0.04666666666666667
3361,candidate_2,candidate_1,candidate_3,3,0.04666666666666667
3362,candidate_2,candidate_1,candidate_3,3,0.04666666666666667
3363,candidate_2,candidate_1,candidate_3,3,0.04666666666666667
3364,candidate_2,candidate_1,candidate_3,3,0.04666666666666667
3365,candidate_2,candidate_1,candidate_3,3,0.04666666666666667
3366,candidate_2,candidate_1,candidate_3,3,0.04666666666666667
3367,candidate_2,candidate_1,candidate_3,3,0.04666666666666667
3368,candidate_2,candidate_1,candidate_3,3,0.04666666666666667
3369,candidate_2,candidate_1,0,3,0.04666666666666667
3370,candidate_2,candidate_1,candidate_3,3,0.04666666666666667
3371,candidate_2,candidate_1,candidate_3,3,0.04666666666666667
3372,candidate_2,candidate_1,candidate_3,3,0.04666666666666667
3373,candidate_2,candidate_1,candidate_3,3,0.04666666666666667
3374,candidate_2,candidate_1,candidate_3,3,0.04666666666666667
3375,candidate_2,candidate_1,candidate_3,3,0.04666666666666667
3376,candidate_2,candidate_1,candidate_3,3,0.04666666666666667
3377,candidate_2,candidate_1,candidate_3,3,0.04666666666666667
3378,candidate_2,candidate_1,candidate_3,3,0.04666666666666667
3379,candidate_2,candidate_1,candidate_3,3,0.04666666666666667
3380,candidate_2,candidate_1,candidate_3,3,0.04666666666666667
3381,candidate_2,candidate_1,candidate_3,3,0.04666666666666667
3382,candidate_2,candidate_1,candidate_3,3,0.04666666666666667
3383,candidate_2,candidate_1,candidate_3,3,0.04666666666666667
3384,candidate_2,candidate_1,candidate_3,3,0.04666666666666667
3385,candidate_2,candidate_1,candidate_3,3,0.04666666666666667
3386,candidate_2,candidate_1,candidate_3,3,0.04666666666666667
3387,candidate_2,candidate_1,candidate_3,3,0.04666666666666667
3388,candidate_2,candidate_1,candidate_3,3,0.04666666666666667
3389,candidate_2,candidate_1,candidate_3,3,0.04666666666666667
3390,candidate_2,0,candidate_3,3,0.04666666666666667
3391,candidate_2,candidate_1,candidate_3,3,0.04666666666666667
3392,candidate_2,candidate_1,candidate_3,3,0.04666666666666667
3393,candidate_2,candidate_1,0,3,0.04666666666666667
3394,candidate_2,candidate_1,candidate_3,3,0.04666666666666667
3395,candidate_2,candidate_1,candidate_3,3,0.04666666666666667
3396,0,candidate_1,candidate_3,3,0.04666666666666667
3397,candidate_2,candidate_1,candidate_3,3,0.04666666666666667
3398,candidate_2,candidate_1,candidate_3,3,0.04666666666666667
3399,candidate_2,candidate_1,candidate_3,3,0.04666666666666667
3400,candidate_2,candidate_1,candidate_3,3,0.04666666666666667
3401,candidate_2,candidate_1,candidate_3,3,0.04666666666666667
3402,candidate_2,candidate_1,candidate_3,3,0.04666666666666667
3403,candidate_2,candidate_1,candidate_3,3,0.04666666666666667
3404,candidate_2,candidate_1,candidate_3,3,0.04666666666666667
3405,candidate_2,candidate_1,candidate_3,3,0.04666666666666667
3406,0,candidate_1,candidate_3,3,0.04666666666666667
3407,candidate_2,0,candidate_3,3,0.04666666666666667
3408,candidate_2,candidate_1,candidate_3,3,0.04666666666666667
3409,candidate_2,candidate_1,candidate_3,3,0.04666666666666667
3410,candidate_2,candidate_1,candidate_3,3,0.04666666666666667
3411,candidate_2,candidate_1,candidate_3,3,0.04666666666666667
3412,candidate_2,candidate_1,candidate_3,3,0.04666666666666667
3413,candidate_2,candidate_1,candidate_3,3,0.04666666666666667
3414,candidate_2,candidate_1,0,3,0.04666666666666667
3415,candidate_2,candidate_1,candidate_3,3,0.04666666666666667
3416,candidate_2,candidate_1,candidate_3,3,0.04666666666666667
3417,candidate_2,candidate_1,candidate_3,3,0.04666666666666667
3418,candidate_2,candidate_1,candidate_3,3,0.04666666666666667
3419,candidate_2,candidate_1,candidate_3,3,0.04666666666666667
3420,candidate_2,candidate_1,candidate_3,3,0.04666666666666667
3421,candidate_2,candidate_1,candidate_3,3,0.04666666666666667
3422,candidate_2,candidate_1,candidate_3,3,0.04666666666666667
3423,candidate_2,candidate_1,candidate_3,3,0.04666666666666667
3424,candidate_2,candidate_1,candidate_3,3,0.04666666666666667
3425,candidate_2,candidate_1,candidate_3,3,0.04666666666666667
3426,candidate_2,candidate_1,candidate_3,3,0.04666666666666667
3427,candidate_2,candidate_1,candidate_3,3,0.04666666666666667
3428,candidate_2,candidate_1,candidate_3,3,0.04666666666666667
3429,candidate_2,candidate_1,candidate_3,3,0.04666666666666667
3430,candidate_2,candidate_1,candidate_3,3,0.04666666666666667
3431,candidate_2,candidate_1,candidate_3,3,0.04666666666666667
3432,candidate_2,candidate_1,candidate_3,3,0.04666666666666667
3433,candidate_2,candidate_1,candidate_3,3,0.04666666666666667
3434,candidate_2,candidate_1,candidate_3,3,0.04666666666666667
3435,candidate_2,candidate_1,candidate_3,3,0.04666666666666667
3436,candidate_2,candidate_1,candidate_3,3,0.04666666666666667
3437,candidate_2,candidate_1,candidate_3,3,0.04666666666666667
3438,candidate_2,candidate_1,candidate_3,3,0.04666666666666667
3439,candidate_2,candidate_1,candidate_3,3,0.04666666666666667
3440,candidate_2,candidate_1,candidate_3,3,0.04666666666666667
3441,candidate_2,candidate_1,candidate_3,3,0.04666666666666667
3442,candidate_2,candidate_1,candidate_3,3,0.04666666666666667
3443,candidate_2,candidate_1,candidate_3,3,0.04666666666666667
3444,candidate_2,candidate_1,candidate_3,3,0.04666666666666667
3445,candidate_2,candidate_1,candidate_3,3,0.04666666666666667
3446,candidate_2,candidate_1,candidate_3,3,0.04666666666666667
3447,candidate_2,candidate_1,candidate_3,3,0.04666666666666667
3448,candidate_2,candidate_1,candidate_3,3,0.04666666666666667
3449,candidate_2,candidate_1,candidate_3,3,0.04666666666666667
3450,candidate_2,candidate_1,candidate_3,3,0.04666666666666667
3451,candidate_2,candidate_1,0,3,0.04666666666666667
3452,candidate_2,candidate_1,candidate_3,3,0.04666666666666667
3453,candidate_2,candidate_1,candidate_3,3,0.04666666666666667
3454,candidate_2,0,candidate_3,3,0.04666666666666667
3455,candidate_2,candidate_1,candidate_3,3,0.04666666666666667
3456,candidate_2,candidate_1,candidate_3,3,0.04666666666666667
3457,candidate_2,candidate_1,candidate_3,3,0.04666666666666667
3458,candidate_2,candidate_1,candidate_3,3,0.04666666666666667
3459,candidate_2,candidate_1,candidate_3,3,0.04666666666666667
3460,candidate_2,candidate_1,candidate_3,3,0.04666666666666667
3461,candidate_2,candidate_1,candidate_3,3,0.04666666666666667
3462,candidate_2,candidate_1,candidate_3,3,0.04666666666666667
3463,candidate_2,candidate_1,candidate_3,3,0.04666666666666667
3464,candidate_2,candidate_1,candidate_3,3,0.04666666666666667
3465,0,candidate_1,candidate_3,3,0.04666666666666667
3466,candidate_2,candidate_1,candidate_3,3,0.04666666666666667
3467,candidate_2,candidate_1,candidate_3,3,0.04666666666666667
3468,candidate_2,0,0,3,0.04666666666666667
3469,0,candidate_1,candidate_3,3,0.04666666666666667
3470,candidate_2,candidate_1,candidate_3,3,0.04666666666666667
3471,candidate_2,candidate_1,candidate_3,3,0.04666666666666667
3472,candidate_2,candidate_1,candidate_3,3,0.04666666666666667
3473,candidate_2,candidate_1,candidate_3,3,0.04666666666666667
3474,candidate_2,candidate_1,candidate_3,3,0.04666666666666667
3475,candidate_2,candidate_1,candidate_3,3,0.04666666666666667
3476,candidate_2,candidate_1,candidate_3,3,0.04666666666666667
3477,candidate_2,candidate_1,candidate_3,3,0.04666666666666667
3478,candidate_2,candidate_1,candidate_3,3,0.04666666666666667
3479,candidate_2,0,candidate_3,3,0.04666666666666667
3480,candidate_2,candidate_1,candidate_3,3,0.04666666666666667
3481,candidate_2,candidate_1,candidate_3,3,0.04666666666666667
3482,candidate_2,candidate_1,candidate_3,3,0.04666666666666667
3483,candidate_2,candidate_1,candidate_3,3,0.04666666666666667
3484,candidate_2,candidate_1,candidate_3,3,0.04666666666666667
3485,0,candidate_1,candidate_3,3,0.04666666666666667
3486,candidate_2,candidate_1,candidate_3,3,0.04666666666666667
3487,candidate_2,candidate_1,candidate_3,3,0.04666666666666667
3488,candidate_2,candidate_1,candidate_3,3,0.04666666666666667
3489,candidate_2,candidate_1,candidate_3,3,0.04666666666666667
3490,candidate_2,candidate_1,candidate_3,3,0.04666666666666667
3491,candidate_2,0,candidate_3,3,0.04666666666666667
3492,candidate_2,candidate_1,candidate_3,3,0.04666666666666667
3493,candidate_2,0,candidate_3,3,0.04666666666666667
3494,candidate_2,candidate_1,candidate_3,3,0.04666666666666667
3495,0,candidate_1,candidate_3,3,0.04666666666666667
3496,candidate_2,candidate_1,candidate_3,3,0.04666666666666667
3497,candidate_2,candidate_1,candidate_3,3,0.04666666666666667
3498,candidate_2,candidate_1,candidate_3,3,0.04666666666666667
3499,candidate_2,candidate_1,candidate_3,3,0.04666666666666667
3500,candidate_2,candidate_1,candidate_3,3,0.04666666666666667
3501,candidate_2,0,candidate_3,3,0.04666666666666667
3502,candidate_2,candidate_1,candidate_3,3,0.04666666666666667
3503,candidate_2,candidate_1,candidate_3,3,0.04666666666666667
3504,candidate_2,candidate_1,candidate_3,3,0.04666666666666667
3505,candidate_2,candidate_1,candidate_3,3,0.04666666666666667
3506,candidate_2,candidate_1,candidate_3,3,0.04666666666666667
3507,candidate_2,candidate_1,candidate_3,3,0.04666666666666667
3508,candidate_2,candidate_1,candidate_3,3,0.04666666666666667
3509,candidate_2,candidate_1,candidate_3,3,0.04666666666666667
3510,candidate_2,candidate_1,candidate_3,3,0.04666666666666667
3511,candidate_2,0,candidate_3,3,0.04666666666666667
3512,candidate_2,candidate_1,candidate_3,3,0.04666666666666667
3513,candidate_2,candidate_1,candidate_3,3,0.04666666666666667
3514,0,candidate_1,candidate_3,3,0.04666666666666667
3515,candidate_2,candidate_1,candidate_3,3,0.04666666666666667
3516,candidate_2,candidate_1,candidate_3,3,0.04666666666666667
3517,candidate_2,candidate_1,0,3,0.04666666666666667
3518,candidate_2,candidate_1,candidate_3,3,0.04666666666666667
3519,candidate_2,candidate_1,candidate_3,3,0.04666666666666667
3520,candidate_2,candidate_1,candidate_3,3,0.04666666666666667
3521,candidate_2,candidate_1,candidate_3,3,0.04666666666666667
3522,candidate_2,candidate_1,candidate_3,3,0.04666666666666667
3523,candidate_2,candidate_1,candidate_3,3,0.04666666666666667
3524,candidate_2,candidate_1,candidate_3,3,0.04666666666666667
3525,candidate_2,candidate_1,candidate_3,3,0.04666666666666667
3526,candidate_2,candidate_1,candidate_3,3,0.04666666666666667
3527,0,candidate_1,candidate_3,3,0.04666666666666667
3528,candidate_2,candidate_1,candidate_3,3,0.04666666666666667
3529,candidate_2,candidate_1,0,3,0.04666666666666667
3530,candidate_2,candidate_1,candidate_3,3,0.04666666666666667
3531,candidate_2,candidate_1,candidate_3,3,0.04666666666666667
3532,candidate_2,candidate_1,candidate_3,3,0.04666666666666667
3533,candidate_2,candidate_1,candidate_3,3,0.04666666666666667
3534,candidate_2,candidate_1,candidate_3,3,0.04666666666666667
3535,candidate_2,candidate_1,candidate_3,3,0.04666666666666667
3536,candidate_2,candidate_1,candidate_3,3,0.04666666666666667
3537,candidate_2,candidate_1,candidate_3,3,0.04666666666666667
3538,candidate_2,candidate_1,candidate_3,3,0.04666666666666667
3539,candidate_2,candidate_1,candidate_3,3,0.04666666666666667
3540,candidate_2,candidate_1,candidate_3,3,0.04666666666666667
3541,0,candidate_1,candidate_3,3,0.04666666666666667
3542,0,candidate_1,candidate_3,3,0.04666666666666667
3543,candidate_2,candidate_1,candidate_3,3,0.04666666666666667
3544,candidate_2,candidate_1,candidate_3,3,0.04666666666666667
3545,candidate_2,candidate_1,candidate_3,3,0.04666666666666667
3546,candidate_2,candidate_1,candidate_3,3,0.04666666666666667
3547,candidate_2,candidate_1,candidate_3,3,0.04666666666666667
3548,candidate_2,candidate_1,candidate_3,3,0.04666666666666667
3549,0,candidate_1,candidate_3,3,0.04666666666666667
3550,candidate_2,candidate_1,candidate_3,3,0.04666666666666667
3551,candidate_2,candidate_1,candidate_3,3,0.04666666666666667
3552,candidate_2,candidate_1,candidate_3,3,0.04666666666666667
3553,candidate_2,candidate_1,candidate_3,3,0.04666666666666667
3554,candidate_2,candidate_1,candidate_3,3,0.04666666666666667
3555,0,candidate_1,candidate_3,3,0.04666666666666667
3556,candidate_2,candidate_1,candidate_3,3,0.04666666666666667
3557,candidate_2,candidate_1,candidate_3,3,0.04666666666666667
3558,candidate_2,candidate_1,candidate_3,3,0.04666666666666667
3559,candidate_2,candidate_1,candidate_3,3,0.04666666666666667
3560,candidate_2,candidate_1,candidate_3,3,0.04666666666666667
3561,candidate_2,candidate_1,candidate_3,3,0.04666666666666667
3562,candidate_2,candidate_1,candidate_3,3,0.04666666666666667
3563,candidate_2,candidate_1,candidate_3,3,0.04666666666666667
3564,candidate_2,candidate_1,candidate_3,3,0.04666666666666667
3565,candidate_2,candidate_1,0,3,0.04666666666666667
3566,0,candidate_1,candidate_3,3,0.04666666666666667
3567,candidate_2,candidate_1,candidate_3,3,0.04666666666666667
3568,candidate_2,candidate_1,candidate_3,3,0.04666666666666667
3569,candidate_2,candidate_1,candidate_3,3,0.04666666666666667
3570,candidate_2,candidate_1,candidate_3,3,0.04666666666666667
3571,candidate_2,candidate_1,candidate_3,3,0.04666666666666667
3572,candidate_2,candidate_1,candidate_3,3,0.04666666666666667
3573,candidate_2,candidate_1,candidate_3,3,0.04666666666666667
3574,candidate_2,candidate_1,0,3,0.04666666666666667
3575,candidate_2,candidate_1,candidate_3,3,0.04666666666666667
3576,candidate_2,candidate_1,candidate_3,3,0.04666666666666667
3577,candidate_2,candidate_1,candidate_3,3,0.04666666666666667
3578,candidate_2,candidate_1,0,3,0.04666666666666667
3579,candidate_2,candidate_1,candidate_3,3,0.04666666666666667
3580,candidate_2,candidate_1,candidate_3,3,0.04666666666666667
3581,candidate_2,candidate_1,candidate_3,3,0.04666666666666667
3582,candidate_2,candidate_1,candidate_3,3,0.04666666666666667
3583,candidate_2,candidate_1,candidate_3,3,0.04666666666666667
3584,candidate_2,candidate_1,candidate_3,3,0.04666666666666667
3585,candidate_2,candidate_1,candidate_3,3,0.04666666666666667
3586,candidate_2,candidate_1,candidate_3,3,0.04666666666666667
3587,candidate_2,candidate_1,candidate_3,3,0.04666666666666667
3588,candidate_2,candidate_1,candidate_3,3,0.04666666666666667
3589,candidate_2,candidate_1,candidate_3,3,0.04666666666666667
3590,candidate_2,candidate_1,candidate_3,3,0.04666666666666667
3591,candidate_2,candidate_1,candidate_3,3,0.04666666666666667
3592,candidate_2,candidate_1,candidate_3,3,0.04666666666666667
3593,candidate_2,candidate_1,0,3,0.04666666666666667
3594,candidate_2,candidate_1,candidate_3,3,0.04666666666666667
3595,candidate_2,candidate_1,candidate_3,3,0.04666666666666667
3596,candidate_2,candidate_1,candidate_3,3,0.04666666666666667
3597,candidate_2,candidate_1,candidate_3,3,0.04666666666666667
3598,candidate_2,candidate_1,0,3,0.04666666666666667
3599,candidate_2,candidate_1,candidate_3,3,0.04666666666666667
3600,candidate_2,candidate_1,candidate_3,3,0.04666666666666667
3601,candidate_2,candidate_1,candidate_3,3,0.04666666666666667
3602,candidate_2,candidate_1,candidate_3,3,0.04666666666666667
3603,candidate_2,candidate_1,candidate_3,3,0.04666666666666667
3604,candidate_2,candidate_1,candidate_3,3,0.04666666666666667
3605,candidate_2,candidate_1,candidate_3,3,0.04666666666666667
3606,candidate_2,candidate_1,candidate_3,3,0.04666666666666667
3607,candidate_2,candidate_1,candidate_3,3,0.04666666666666667
3608,candidate_2,candidate_1,candidate_3,3,0.04666666666666667
3609,candidate_2,candidate_1,candidate_3,3,0.04666666666666667
3610,candidate_2,candidate_1,candidate_3,3,0.04666666666666667
3611,candidate_2,candidate_1,candidate_3,3,0.04666666666666667
3612,candidate_2,candidate_1,candidate_3,3,0.04666666666666667
3613,candidate_2,candidate_1,candidate_3,3,0.04666666666666667
3614,candidate_2,candidate_1,candidate_3,3,0.04666666666666667
3615,candidate_2,candidate_1,candidate_3,3,0.04666666666666667
3616,candidate_2,candidate_1,candidate_3,3,0.04666666666666667
3617,candidate_2,candidate_1,candidate_3,3,0.04666666666666667
3618,candidate_2,candidate_1,candidate_3,3,0.04666666666666667
3619,candidate_2,candidate_1,candidate_3,3,0.04666666666666667
3620,candidate_2,candidate_1,candidate_3,3,0.04666666666666667
3621,0,candidate_1,candidate_3,3,0.04666666666666667
3622,candidate_2,candidate_1,0,3,0.04666666666666667
3623,candidate_2,candidate_1,candidate_3,3,0.04666666666666667
3624,candidate_2,candidate_1,candidate_3,3,0.04666666666666667
3625,candidate_2,candidate_1,candidate_3,3,0.04666666666666667
3626,candidate_2,candidate_1,candidate_3,3,0.04666666666666667
3627,candidate_2,candidate_1,candidate_3,3,0.04666666666666667
3628,candidate_2,candidate_1,candidate_3,3,0.04666666666666667
3629,candidate_2,candidate_1,candidate_3,3,0.04666666666666667
3630,candidate_2,candidate_1,candidate_3,3,0.04666666666666667
3631,candidate_2,0,candidate_3,3,0.04666666666666667
3632,candidate_2,candidate_1,candidate_3,3,0.04666666666666667
3633,candidate_2,candidate_1,candidate_3,3,0.04666666666666667
3634,candidate_2,candidate_1,candidate_3,3,0.04666666666666667
3635,candidate_2,candidate_1,candidate_3,3,0.04666666666666667
3636,candidate_2,candidate_1,candidate_3,3,0.04666666666666667
3637,candidate_2,candidate_1,candidate_3,3,0.04666666666666667
3638,candidate_2,candidate_1,candidate_3,3,0.04666666666666667
3639,candidate_2,candidate_1,candidate_3,3,0.04666666666666667
3640,candidate_2,candidate_1,candidate_3,3,0.04666666666666667
3641,candidate_2,candidate_1,candidate_3,3,0.04666666666666667
3642,candidate_2,candidate_1,candidate_3,3,0.04666666666666667
3643,candidate_2,candidate_1,candidate_3,3,0.04666666666666667
3644,candidate_2,candidate_1,candidate_3,3,0.04666666666666667
3645,candidate_2,candidate_1,candidate_3,3,0.04666666666666667
3646,candidate_2,candidate_1,candidate_3,3,0.04666666666666667
3647,candidate_2,candidate_1,candidate_3,3,0.04666666666666667
3648,candidate_2,candidate_1,candidate_3,3,0.04666666666666667
3649,candidate_2,candidate_1,candidate_3,3,0.04666666666666667
3650,candidate_2,candidate_1,candidate_3,3,0.04666666666666667
3651,candidate_2,candidate_1,candidate_3,3,0.04666666666666667
3652,candidate_2,candidate_1,candidate_3,3,0.04666666666666667
3653,candidate_2,candidate_1,candidate_3,3,0.04666666666666667
3654,candidate_2,candidate_1,candidate_3,3,0.04666666666666667
3655,candidate_2,candidate_1,candidate_3,3,0.04666666666666667
3656,candidate_2,candidate_1,candidate_3,3,0.04666666666666667
3657,candidate_2,candidate_1,candidate_3,3,0.04666666666666667
3658,candidate_2,candidate_1,candidate_3,3,0.04666666666666667
3659,candidate_2,candidate_1,0,3,0.04666666666666667
3660,candidate_2,candidate_1,candidate_3,3,0.04666666666666667
3661,candidate_2,candidate_1,0,3,0.04666666666666667
3662,0,candidate_1,candidate_3,3,0.04666666666666667
3663,candidate_2,candidate_1,candidate_3,3,0.04666666666666667
3664,candidate_2,candidate_1,candidate_3,3,0.04666666666666667
3665,candidate_2,candidate_1,candidate_3,3,0.04666666666666667
3666,candidate_2,candidate_1,candidate_3,3,0.04666666666666667
3667,candidate_2,candidate_1,candidate_3,3,0.04666666666666667
3668,candidate_2,candidate_1,candidate_3,3,0.04666666666666667
3669,candidate_2,candidate_1,candidate_3,3,0.04666666666666667
3670,candidate_2,candidate_1,candidate_3,3,0.04666666666666667
3671,candidate_2,candidate_1,candidate_3,3,0.04666666666666667
3672,candidate_2,candidate_1,candidate_3,3,0.04666666666666667
3673,candidate_2,candidate_1,candidate_3,3,0.04666666666666667
3674,candidate_2,candidate_1,candidate_3,3,0.04666666666666667
3675,candidate_2,candidate_1,candidate_3,3,0.04666666666666667
3676,candidate_2,candidate_1,candidate_3,3,0.04666666666666667
3677,candidate_2,candidate_1,candidate_3,3,0.04666666666666667
3678,candidate_2,candidate_1,candidate_3,3,0.04666666666666667
3679,candidate_2,candidate_1,candidate_3,3,0.04666666666666667
3680,candidate_2,candidate_1,candidate_3,3,0.04666666666666667
3681,candidate_2,candidate_1,candidate_3,3,0.04666666666666667
3682,candidate_2,candidate_1,candidate_3,3,0.04666666666666667
3683,candidate_2,candidate_1,candidate_3,3,0.04666666666666667
3684,candidate_2,candidate_1,candidate_3,3,0.04666666666666667
3685,candidate_2,candidate_1,candidate_3,3,0.04666666666666667
3686,candidate_2,candidate_1,candidate_3,3,0.04666666666666667
3687,candidate_2,candidate_1,candidate_3,3,0.04666666666666667
3688,candidate_2,candidate_1,candidate_3,3,0.04666666666666667
3689,candidate_2,candidate_1,candidate_3,3,0.04666666666666667
3690,candidate_2,candidate_1,candidate_3,3,0.04666666666666667
3691,candidate_2,candidate_1,candidate_3,3,0.04666666666666667
3692,candidate_2,candidate_1,candidate_3,3,0.04666666666666667
3693,candidate_2,candidate_1,candidate_3,3,0.04666666666666667
3694,candidate_2,candidate_1,0,3,0.04666666666666667
3695,0,candidate_1,candidate_3,3,0.04666666666666667
3696,candidate_2,candidate_1,candidate_3,3,0.04666666666666667
3697,candidate_2,candidate_1,candidate_3,3,0.04666666666666667
3698,candidate_2,candidate_1,candidate_3,3,0.04666666666666667
3699,candidate_2,candidate_1,candidate_3,3,0.04666666666666667
3700,candidate_2,candidate_1,candidate_3,3,0.04666666666666667
3701,candidate_2,candidate_1,candidate_3,3,0.04666666666666667
3702,candidate_2,candidate_1,candidate_3,3,0.04666666666666667
3703,candidate_2,candidate_1,candidate_3,3,0.04666666666666667
3704,candidate_2,candidate_1,candidate_3,3,0.04666666666666667
3705,candidate_2,candidate_1,candidate_3,3,0.04666666666666667
3706,candidate_2,candidate_1,candidate_3,3,0.04666666666666667
3707,candidate_2,candidate_1,candidate_3,3,0.04666666666666667
3708,candidate_2,candidate_1,candidate_3,3,0.04666666666666667
3709,candidate_2,candidate_1,candidate_3,3,0.04666666666666667
3710,candidate_2,candidate_1,candidate_3,3,0.04666666666666667
3711,candidate_2,candidate_1,candidate_3,3,0.04666666666666667
3712,candidate_2,0,0,3,0.04666666666666667
3713,candidate_2,candidate_1,candidate_3,3,0.04666666666666667
3714,candidate_2,candidate_1,candidate_3,3,0.04666666666666667
3715,candidate_2,candidate_1,candidate_3,3,0.04666666666666667
3716,candidate_2,candidate_1,candidate_3,3,0.04666666666666667
3717,candidate_2,candidate_1,candidate_3,3,0.04666666666666667
3718,candidate_2,candidate_1,candidate_3,3,0.04666666666666667
3719,candidate_2,0,candidate_3,3,0.04666666666666667
3720,candidate_2,candidate_1,candidate_3,3,0.04666666666666667
3721,candidate_2,candidate_1,candidate_3,3,0.04666666666666667
3722,candidate_2,candidate_1,candidate_3,3,0.04666666666666667
3723,candidate_2,candidate_1,candidate_3,3,0.04666666666666667
3724,candidate_2,candidate_1,candidate_3,3,0.04666666666666667
3725,candidate_2,candidate_1,candidate_3,3,0.04666666666666667
3726,candidate_2,candidate_1,candidate_3,3,0.04666666666666667
3727,candidate_2,candidate_1,candidate_3,3,0.04666666666666667
3728,candidate_2,candidate_1,candidate_3,3,0.04666666666666667
3729,candidate_2,candidate_1,candidate_3,3,0.04666666666666667
3730,candidate_2,candidate_1,candidate_3,3,0.04666666666666667
3731,candidate_2,0,0,3,0.04666666666666667
3732,0,candidate_1,candidate_3,3,0.04666666666666667
3733,candidate_2,candidate_1,candidate_3,3,0.04666666666666667
3734,candidate_2,candidate_1,candidate_3,3,0.04666666666666667
3735,candidate_2,candidate_1,candidate_3,3,0.04666666666666667
3736,candidate_2,candidate_1,candidate_3,3,0.04666666666666667
3737,0,candidate_1,candidate_3,3,0.04666666666666667
3738,candidate_2,candidate_1,candidate_3,3,0.04666666666666667
3739,candidate_2,candidate_1,candidate_3,3,0.04666666666666667
3740,candidate_2,candidate_1,candidate_3,3,0.04666666666666667
3741,candidate_2,candidate_1,candidate_3,3,0.04666666666666667
3742,candidate_2,candidate_1,candidate_3,3,0.04666666666666667
3743,candidate_2,candidate_1,candidate_3,3,0.04666666666666667
3744,candidate_2,candidate_1,candidate_3,3,0.04666666666666667
3745,candidate_2,candidate_1,candidate_3,3,0.04666666666666667
3746,candidate_2,candidate_1,candidate_3,3,0.04666666666666667
3747,candidate_2,candidate_1,candidate_3,3,0.04666666666666667
3748,candidate_2,candidate_1,candidate_3,3,0.04666666666666667
3749,candidate_2,candidate_1,candidate_3,3,0.04666666666666667
3750,candidate_2,candidate_1,candidate_3,3,0.04666666666666667
3751,candidate_2,candidate_1,candidate_3,3,0.04666666666666667
3752,candidate_2,candidate_1,candidate_3,3,0.04666666666666667
3753,candidate_2,candidate_1,candidate_3,3,0.04666666666666667
3754,0,candidate_1,candidate_3,3,0.04666666666666667
3755,candidate_2,0,candidate_3,3,0.04666666666666667
3756,candidate_2,candidate_1,candidate_3,3,0.04666666666666667
3757,candidate_2,candidate_1,candidate_3,3,0.04666666666666667
3758,candidate_2,0,candidate_3,3,0.04666666666666667
3759,candidate_2,candidate_1,candidate_3,3,0.04666666666666667
3760,candidate_2,candidate_1,candidate_3,3,0.04666666666666667
3761,0,candidate_1,candidate_3,3,0.04666666666666667
3762,candidate_2,candidate_1,candidate_3,3,0.04666666666666667
3763,candidate_2,candidate_1,candidate_3,3,0.04666666666666667
3764,candidate_2,candidate_1,candidate_3,3,0.04666666666666667
3765,candidate_2,candidate_1,candidate_3,3,0.04666666666666667
3766,candidate_2,candidate_1,candidate_3,3,0.04666666666666667
3767,candidate_2,candidate_1,candidate_3,3,0.04666666666666667
3768,candidate_2,candidate_1,candidate_3,3,0.04666666666666667
3769,candidate_2,candidate_1,candidate_3,3,0.04666666666666667
3770,candidate_2,candidate_1,candidate_3,3,0.04666666666666667
3771,candidate_2,candidate_1,candidate_3,3,0.04666666666666667
3772,candidate_2,candidate_1,candidate_3,3,0.04666666666666667
3773,candidate_2,candidate_1,candidate_3,3,0.04666666666666667
3774,candidate_2,candidate_1,candidate_3,3,0.04666666666666667
3775,candidate_2,candidate_1,candidate_3,3,0.04666666666666667
3776,candidate_2,candidate_1,candidate_3,3,0.04666666666666667
3777,candidate_2,candidate_1,candidate_3,3,0.04666666666666667
3778,candidate_2,candidate_1,candidate_3,3,0.04666666666666667
3779,candidate_2,candidate_1,candidate_3,3,0.04666666666666667
3780,candidate_2,candidate_1,candidate_3,3,0.04666666666666667
3781,candidate_2,candidate_1,candidate_3,3,0.04666666666666667
3782,candidate_2,candidate_1,candidate_3,3,0.04666666666666667
3783,candidate_2,candidate_1,candidate_3,3,0.04666666666666667
3784,candidate_2,candidate_1,candidate_3,3,0.04666666666666667
3785,candidate_2,candidate_1,candidate_3,3,0.04666666666666667
3786,candidate_2,candidate_1,candidate_3,3,0.04666666666666667
3787,candidate_2,candidate_1,candidate_3,3,0.04666666666666667
3788,candidate_2,candidate_1,candidate_3,3,0.04666666666666667
3789,candidate_2,candidate_1,candidate_3,3,0.04666666666666667
3790,candidate_2,candidate_1,candidate_3,3,0.04666666666666667
3791,candidate_2,candidate_1,candidate_3,3,0.04666666666666667
3792,candidate_2,candidate_1,candidate_3,3,0.04666666666666667
3793,candidate_2,candidate_1,candidate_3,3,0.04666666666666667
3794,candidate_2,candidate_1,candidate_3,3,0.04666666666666667
3795,candidate_2,candidate_1,candidate_3,3,0.04666666666666667
3796,candidate_2,candidate_1,candidate_3,3,0.04666666666666667
3797,candidate_2,candidate_1,candidate_3,3,0.04666666666666667
3798,candidate_2,candidate_1,candidate_3,3,0.04666666666666667
3799,candidate_2,candidate_1,candidate_3,3,0.04666666666666667
3800,candidate_2,candidate_1,candidate_3,3,0.04666666666666667
3801,candidate_2,candidate_1,candidate_3,3,0.04666666666666667
3802,candidate_2,candidate_1,candidate_3,3,0.04666666666666667
3803,candidate_2,candidate_1,candidate_3,3,0.04666666666666667
3804,candidate_2,0,candidate_3,3,0.04666666666666667
3805,candidate_2,candidate_1,candidate_3,3,0.04666666666666667
3806,candidate_2,candidate_1,candidate_3,3,0.04666666666666667
3807,candidate_2,candidate_1,candidate_3,3,0.04666666666666667
3808,candidate_2,candidate_1,candidate_3,3,0.04666666666666667
3809,candidate_2,candidate_1,candidate_3,3,0.04666666666666667
3810,candidate_2,candidate_1,candidate_3,3,0.04666666666666667
3811,candidate_2,candidate_1,candidate_3,3,0.04666666666666667
3812,candidate_2,candidate_1,candidate_3,3,0.04666666666666667
3813,candidate_2,candidate_1,candidate_3,3,0.04666666666666667
3814,candidate_2,candidate_1,candidate_3,3,0.04666666666666667
3815,candidate_2,candidate_1,candidate_3,3,0.04666666666666667
3816,candidate_2,candidate_1,candidate_3,3,0.04666666666666667
3817,candidate_2,0,candidate_3,3,0.04666666666666667
3818,candidate_2,candidate_1,candidate_3,3,0.04666666666666667
3819,candidate_2,candidate_1,candidate_3,3,0.04666666666666667
3820,candidate_2,candidate_1,candidate_3,3,0.04666666666666667
3821,candidate_2,candidate_1,candidate_3,3,0.04666666666666667
3822,candidate_2,candidate_1,candidate_3,3,0.04666666666666667
3823,candidate_2,candidate_1,candidate_3,3,0.04666666666666667
3824,candidate_2,candidate_1,candidate_3,3,0.04666666666666667
3825,candidate_2,candidate_1,candidate_3,3,0.04666666666666667
3826,candidate_2,candidate_1,candidate_3,3,0.04666666666666667
3827,candidate_2,candidate_1,candidate_3,3,0.04666666666666667
3828,candidate_2,candidate_1,candidate_3,3,0.04666666666666667
3829,candidate_2,candidate_1,candidate_3,3,0.04666666666666667
3830,candidate_2,candidate_1,candidate_3,3,0.04666666666666667
3831,candidate_2,candidate_1,candidate_3,3,0.04666666666666667
3832,candidate_2,candidate_1,candidate_3,3,0.04666666666666667
3833,candidate_2,candidate_1,candidate_3,3,0.04666666666666667
3834,candidate_2,candidate_1,candidate_3,3,0.04666666666666667
3835,candidate_2,candidate_1,candidate_3,3,0.04666666666666667
3836,candidate_2,candidate_1,candidate_3,3,0.04666666666666667
3837,candidate_2,candidate_1,candidate_3,3,0.04666666666666667
3838,candidate_2,candidate_1,0,3,0.04666666666666667
3839,candidate_2,candidate_1,candidate_3,3,0.04666666666666667
3840,0,candidate_1,candidate_3,3,0.04666666666666667
3841,candidate_2,candidate_1,candidate_3,3,0.04666666666666667
3842,candidate_2,candidate_1,candidate_3,3,0.04666666666666667
3843,candidate_2,candidate_1,candidate_3,3,0.04666666666666667
3844,candidate_2,candidate_1,candidate_3,3,0.04666666666666667
3845,candidate_2,candidate_1,candidate_3,3,0.04666666666666667
3846,candidate_2,candidate_1,candidate_3,3,0.04666666666666667
3847,candidate_2,candidate_1,0,3,0.04666666666666667
3848,candidate_2,candidate_1,candidate_3,3,0.04666666666666667
3849,candidate_2,candidate_1,candidate_3,3,0.04666666666666667
3850,candidate_2,candidate_1,candidate_3,3,0.04666666666666667
3851,candidate_2,candidate_1,candidate_3,3,0.04666666666666667
3852,candidate_2,candidate_1,candidate_3,3,0.04666666666666667
3853,candidate_2,candidate_1,candidate_3,3,0.04666666666666667
3854,candidate_2,candidate_1,candidate_3,3,0.04666666666666667
3855,candidate_2,candidate_1,candidate_3,3,0.04666666666666667
3856,candidate_2,candidate_1,candidate_3,3,0.04666666666666667
3857,candidate_2,candidate_1,candidate_3,3,0.04666666666666667
3858,candidate_2,candidate_1,candidate_3,3,0.04666666666666667
3859,candidate_2,candidate_1,candidate_3,3,0.04666666666666667
3860,candidate_2,candidate_1,candidate_3,3,0.04666666666666667
3861,candidate_2,candidate_1,candidate_3,3,0.04666666666666667
3862,candidate_2,candidate_1,candidate_3,3,0.04666666666666667
3863,candidate_2,candidate_1,candidate_3,3,0.04666666666666667
3864,candidate_2,candidate_1,candidate_3,3,0.04666666666666667
3865,candidate_2,candidate_1,candidate_3,3,0.04666666666666667
3866,candidate_2,candidate_1,candidate_3,3,0.04666666666666667
3867,candidate_2,candidate_1,candidate_3,3,0.04666666666666667
3868,candidate_2,candidate_1,candidate_3,3,0.04666666666666667
3869,candidate_2,candidate_1,candidate_3,3,0.04666666666666667
3870,candidate_2,candidate_1,candidate_3,3,0.04666666666666667
3871,candidate_2,candidate_1,candidate_3,3,0.04666666666666667
3872,candidate_2,0,candidate_3,3,0.04666666666666667
3873,candidate_2,candidate_1,candidate_3,3,0.04666666666666667
3874,0,candidate_1,candidate_3,3,0.04666666666666667
3875,candidate_2,candidate_1,candidate_3,3,0.04666666666666667
3876,candidate_2,candidate_1,candidate_3,3,0.04666666666666667
3877,candidate_2,candidate_1,candidate_3,3,0.04666666666666667
3878,candidate_2,candidate_1,candidate_3,3,0.04666666666666667
3879,candidate_2,0,candidate_3,3,0.04666666666666667
3880,candidate_2,candidate_1,candidate_3,3,0.04666666666666667
3881,candidate_2,candidate_1,candidate_3,3,0.04666666666666667
3882,candidate_2,candidate_1,candidate_3,3,0.04666666666666667
3883,candidate_2,candidate_1,candidate_3,3,0.04666666666666667
3884,candidate_2,candidate_1,candidate_3,3,0.04666666666666667
3885,candidate_2,candidate_1,candidate_3,3,0.04666666666666667
3886,candidate_2,candidate_1,candidate_3,3,0.04666666666666667
3887,0,candidate_1,candidate_3,3,0.04666666666666667
3888,candidate_2,candidate_1,candidate_3,3,0.04666666666666667
3889,candidate_2,candidate_1,candidate_3,3,0.04666666666666667
3890,candidate_2,candidate_1,candidate_3,3,0.04666666666666667
3891,candidate_2,candidate_1,candidate_3,3,0.04666666666666667
3892,candidate_2,candidate_1,candidate_3,3,0.04666666666666667
3893,candidate_2,candidate_1,candidate_3,3,0.04666666666666667
3894,candidate_2,candidate_1,candidate_3,3,0.04666666666666667
3895,candidate_2,candidate_1,candidate_3,3,0.04666666666666667
3896,candidate_2,candidate_1,candidate_3,3,0.04666666666666667
3897,candidate_2,candidate_1,candidate_3,3,0.04666666666666667
3898,candidate_2,candidate_1,candidate_3,3,0.04666666666666667
3899,candidate_2,candidate_1,candidate_3,3,0.04666666666666667
3900,candidate_2,candidate_1,candidate_3,3,0.04666666666666667
3901,candidate_2,candidate_1,candidate_3,3,0.04666666666666667
3902,0,candidate_1,candidate_3,3,0.04666666666666667
3903,candidate_2,candidate_1,candidate_3,3,0.04666666666666667
3904,candidate_2,candidate_1,candidate_3,3,0.04666666666666667
3905,candidate_2,candidate_1,candidate_3,3,0.04666666666666667
3906,candidate_2,candidate_1,candidate_3,3,0.04666666666666667
3907,candidate_2,candidate_1,candidate_3,3,0.04666666666666667
3908,candidate_2,candidate_1,candidate_3,3,0.04666666666666667
3909,candidate_2,candidate_1,candidate_3,3,0.04666666666666667
3910,candidate_2,candidate_1,candidate_3,3,0.04666666666666667
3911,candidate_2,candidate_1,candidate_3,3,0.04666666666666667
3912,candidate_2,candidate_1,candidate_3,3,0.04666666666666667
3913,candidate_2,candidate_1,candidate_3,3,0.04666666666666667
3914,candidate_2,candidate_1,candidate_3,3,0.04666666666666667
3915,candidate_2,candidate_1,candidate_3,3,0.04666666666666667
3916,candidate_2,candidate_1,candidate_3,3,0.04666666666666667
3917,candidate_2,0,candidate_3,3,0.04666666666666667
3918,candidate_2,candidate_1,candidate_3,3,0.04666666666666667
3919,candidate_2,candidate_1,candidate_3,3,0.04666666666666667
3920,candidate_2,candidate_1,candidate_3,3,0.04666666666666667
3921,candidate_2,candidate_1,candidate_3,3,0.04666666666666667
3922,candidate_2,candidate_1,candidate_3,3,0.04666666666666667
3923,candidate_2,candidate_1,candidate_3,3,0.04666666666666667
3924,candidate_2,candidate_1,candidate_3,3,0.04666666666666667
3925,candidate_2,candidate_1,candidate_3,3,0.04666666666666667
3926,candidate_2,candidate_1,candidate_3,3,0.04666666666666667
3927,candidate_2,candidate_1,candidate_3,3,0.04666666666666667
3928,candidate_2,candidate_1,candidate_3,3,0.04666666666666667
3929,candidate_2,candidate_1,candidate_3,3,0.04666666666666667
3930,candidate_2,candidate_1,candidate_3,3,0.04666666666666667
3931,candidate_2,candidate_1,candidate_3,3,0.04666666666666667
3932,candidate_2,0,candidate_3,3,0.04666666666666667
3933,candidate_2,candidate_1,candidate_3,3,0.04666666666666667
3934,candidate_2,candidate_1,candidate_3,3,0.04666666666666667
3935,candidate_2,candidate_1,candidate_3,3,0.04666666666666667
3936,candidate_2,candidate_1,candidate_3,3,0.04666666666666667
3937,candidate_2,candidate_1,candidate_3,3,0.04666666666666667
3938,candidate_2,candidate_1,candidate_3,3,0.04666666666666667
3939,candidate_2,candidate_1,candidate_3,3,0.04666666666666667
3940,candidate_2,candidate_1,candidate_3,3,0.04666666666666667
3941,candidate_2,candidate_1,candidate_3,3,0.04666666666666667
3942,candidate_2,candidate_1,candidate_3,3,0.04666666666666667
3943,candidate_2,candidate_1,candidate_3,3,0.04666666666666667
3944,candidate_2,candidate_1,candidate_3,3,0.04666666666666667
3945,candidate_2,candidate_1,candidate_3,3,0.04666666666666667
3946,candidate_2,candidate_1,candidate_3,3,0.04666666666666667
3947,candidate_2,candidate_1,candidate_3,3,0.04666666666666667
3948,candidate_2,candidate_1,candidate_3,3,0.04666666666666667
3949,candidate_2,candidate_1,candidate_3,3,0.04666666666666667
3950,candidate_2,candidate_1,candidate_3,3,0.04666666666666667
3951,candidate_2,candidate_1,candidate_3,3,0.04666666666666667
3952,candidate_2,candidate_1,candidate_3,3,0.04666666666666667
3953,candidate_2,candidate_1,candidate_3,3,0.04666666666666667
3954,candidate_2,candidate_1,candidate_3,3,0.04666666666666667
3955,candidate_2,candidate_1,candidate_3,3,0.04666666666666667
3956,candidate_2,candidate_1,candidate_3,3,0.04666666666666667
3957,candidate_2,candidate_1,candidate_3,3,0.04666666666666667
3958,candidate_2,candidate_1,candidate_3,3,0.04666666666666667
3959,candidate_2,candidate_1,candidate_3,3,0.04666666666666667
3960,candidate_2,candidate_1,candidate_3,3,0.04666666666666667
3961,candidate_2,candidate_1,candidate_3,3,0.04666666666666667
3962,candidate_2,candidate_1,candidate_3,3,0.04666666666666667
3963,candidate_2,candidate_1,0,3,0.04666666666666667
3964,candidate_2,candidate_1,0,3,0.04666666666666667
3965,candidate_2,candidate_1,candidate_3,3,0.04666666666666667
3966,candidate_2,candidate_1,candidate_3,3,0.04666666666666667
3967,candidate_2,candidate_1,candidate_3,3,0.04666666666666667
3968,candidate_2,candidate_1,candidate_3,3,0.04666666666666667
3969,candidate_2,candidate_1,candidate_3,3,0.04666666666666667
3970,candidate_2,candidate_1,candidate_3,3,0.04666666666666667
3971,candidate_2,candidate_1,candidate_3,3,0.04666666666666667
3972,candidate_2,candidate_1,candidate_3,3,0.04666666666666667
3973,candidate_2,candidate_1,candidate_3,3,0.04666666666666667
3974,candidate_2,candidate_1,candidate_3,3,0.04666666666666667
3975,candidate_2,candidate_1,candidate_3,3,0.04666666666666667
3976,candidate_2,candidate_1,candidate_3,3,0.04666666666666667
3977,candidate_2,candidate_1,candidate_3,3,0.04666666666666667
3978,candidate_2,candidate_1,candidate_3,3,0.04666666666666667
3979,candidate_2,candidate_1,0,3,0.04666666666666667
3980,candidate_2,candidate_1,candidate_3,3,0.04666666666666667
3981,candidate_2,candidate_1,candidate_3,3,0.04666666666666667
3982,candidate_2,candidate_1,candidate_3,3,0.04666666666666667
3983,candidate_2,candidate_1,0,3,0.04666666666666667
3984,candidate_2,candidate_1,candidate_3,3,0.04666666666666667
3985,0,candidate_1,candidate_3,3,0.04666666666666667
3986,candidate_2,candidate_1,candidate_3,3,0.04666666666666667
3987,candidate_2,candidate_1,candidate_3,3,0.04666666666666667
3988,candidate_2,candidate_1,candidate_3,3,0.04666666666666667
3989,candidate_2,candidate_1,candidate_3,3,0.04666666666666667
3990,candidate_2,candidate_1,candidate_3,3,0.04666666666666667
3991,candidate_2,candidate_1,candidate_3,3,0.04666666666666667
3992,candidate_2,candidate_1,candidate_3,3,0.04666666666666667
3993,candidate_2,candidate_1,candidate_3,3,0.04666666666666667
3994,candidate_2,candidate_1,candidate_3,3,0.04666666666666667
3995,candidate_2,candidate_1,candidate_3,3,0.04666666666666667
3996,candidate_2,candidate_1,0,3,0.04666666666666667
3997,candidate_2,candidate_1,candidate_3,3,0.04666666666666667
3998,candidate_2,candidate_1,candidate_3,3,0.04666666666666667
3999,candidate_2,candidate_1,candidate_3,3,0.04666666666666667
4000,candidate_2,candidate_1,candidate_3,3,0.04666666666666667
4001,candidate_2,candidate_1,candidate_3,3,0.04666666666666667
4002,candidate_2,candidate_1,candidate_3,3,0.04666666666666667
4003,candidate_2,candidate_1,candidate_3,3,0.04666666666666667
4004,candidate_2,candidate_1,candidate_3,3,0.04666666666666667
4005,candidate_2,candidate_1,candidate_3,3,0.04666666666666667
4006,0,candidate_1,candidate_3,3,0.04666666666666667
4007,candidate_2,candidate_1,candidate_3,3,0.04666666666666667
4008,candidate_2,candidate_1,candidate_3,3,0.04666666666666667
4009,candidate_2,candidate_1,candidate_3,3,0.04666666666666667
4010,candidate_2,candidate_1,candidate_3,3,0.04666666666666667
4011,candidate_2,candidate_1,candidate_3,3,0.04666666666666667
4012,candidate_2,candidate_1,candidate_3,3,0.04666666666666667
4013,candidate_2,candidate_1,candidate_3,3,0.04666666666666667
4014,candidate_2,candidate_1,candidate_3,3,0.04666666666666667
4015,candidate_2,candidate_1,candidate_3,3,0.04666666666666667
4016,candidate_2,candidate_1,candidate_3,3,0.04666666666666667
4017,candidate_2,candidate_1,candidate_3,3,0.04666666666666667
4018,candidate_2,candidate_1,candidate_3,3,0.04666666666666667
4019,candidate_2,candidate_1,candidate_3,3,0.04666666666666667
4020,candidate_2,candidate_1,candidate_3,3,0.04666666666666667
4021,candidate_2,candidate_1,candidate_3,3,0.04666666666666667
4022,candidate_2,candidate_1,candidate_3,3,0.04666666666666667
4023,candidate_2,candidate_1,candidate_3,3,0.04666666666666667
4024,candidate_2,candidate_1,candidate_3,3,0.04666666666666667
4025,candidate_2,candidate_1,candidate_3,3,0.04666666666666667
4026,candidate_2,candidate_1,candidate_3,3,0.04666666666666667
4027,candidate_2,candidate_1,candidate_3,3,0.04666666666666667
4028,candidate_2,candidate_1,candidate_3,3,0.04666666666666667
4029,candidate_2,candidate_1,candidate_3,3,0.04666666666666667
4030,candidate_2,candidate_1,candidate_3,3,0.04666666666666667
4031,candidate_2,candidate_1,candidate_3,3,0.04666666666666667
4032,candidate_2,candidate_1,candidate_3,3,0.04666666666666667
4033,candidate_2,candidate_1,candidate_3,3,0.04666666666666667
4034,candidate_2,candidate_1,candidate_3,3,0.04666666666666667
4035,candidate_2,candidate_1,candidate_3,3,0.04666666666666667
4036,candidate_2,candidate_1,candidate_3,3,0.04666666666666667
4037,candidate_2,candidate_1,candidate_3,3,0.04666666666666667
4038,candidate_2,0,candidate_3,3,0.04666666666666667
4039,candidate_2,candidate_1,candidate_3,3,0.04666666666666667
4040,candidate_2,0,candidate_3,3,0.04666666666666667
4041,candidate_2,candidate_1,candidate_3,3,0.04666666666666667
4042,candidate_2,candidate_1,candidate_3,3,0.04666666666666667
4043,candidate_2,candidate_1,candidate_3,3,0.04666666666666667
4044,candidate_2,candidate_1,candidate_3,3,0.04666666666666667
4045,candidate_2,candidate_1,candidate_3,3,0.04666666666666667
4046,candidate_2,candidate_1,candidate_3,3,0.04666666666666667
4047,candidate_2,candidate_1,candidate_3,3,0.04666666666666667
4048,candidate_2,candidate_1,0,3,0.04666666666666667
4049,candidate_2,candidate_1,candidate_3,3,0.04666666666666667
4050,candidate_2,candidate_1,candidate_3,3,0.04666666666666667
4051,candidate_2,candidate_1,candidate_3,3,0.04666666666666667
4052,candidate_2,candidate_1,candidate_3,3,0.04666666666666667
4053,candidate_2,candidate_1,candidate_3,3,0.04666666666666667
4054,candidate_2,candidate_1,candidate_3,3,0.04666666666666667
4055,candidate_2,candidate_1,candidate_3,3,0.04666666666666667
4056,candidate_2,candidate_1,candidate_3,3,0.04666666666666667
4057,candidate_2,candidate_1,candidate_3,3,0.04666666666666667
4058,candidate_2,candidate_1,candidate_3,3,0.04666666666666667
4059,candidate_2,candidate_1,candidate_3,3,0.04666666666666667
4060,candidate_2,candidate_1,0,3,0.04666666666666667
4061,candidate_2,candidate_1,candidate_3,3,0.04666666666666667
4062,candidate_2,candidate_1,candidate_3,3,0.04666666666666667
4063,candidate_2,candidate_1,candidate_3,3,0.04666666666666667
4064,candidate_2,candidate_1,candidate_3,3,0.04666666666666667
4065,candidate_2,candidate_1,candidate_3,3,0.04666666666666667
4066,candidate_2,candidate_1,candidate_3,3,0.04666666666666667
4067,candidate_2,candidate_1,candidate_3,3,0.04666666666666667
4068,candidate_2,candidate_1,candidate_3,3,0.04666666666666667
4069,candidate_2,candidate_1,candidate_3,3,0.04666666666666667
4070,candidate_2,candidate_1,candidate_3,3,0.04666666666666667
4071,candidate_2,candidate_1,candidate_3,3,0.04666666666666667
4072,candidate_2,candidate_1,candidate_3,3,0.04666666666666667
4073,candidate_2,candidate_1,candidate_3,3,0.04666666666666667
4074,candidate_2,candidate_1,candidate_3,3,0.04666666666666667
4075,candidate_2,candidate_1,candidate_3,3,0.04666666666666667
4076,candidate_2,candidate_1,candidate_3,3,0.04666666666666667
4077,candidate_2,candidate_1,candidate_3,3,0.04666666666666667
4078,candidate_2,candidate_1,candidate_3,3,0.04666666666666667
4079,candidate_2,candidate_1,candidate_3,3,0.04666666666666667
4080,candidate_2,candidate_1,candidate_3,3,0.04666666666666667
4081,candidate_2,candidate_1,candidate_3,3,0.04666666666666667
4082,candidate_2,candidate_1,candidate_3,3,0.04666666666666667
4083,candidate_2,candidate_1,candidate_3,3,0.04666666666666667
4084,candidate_2,candidate_1,candidate_3,3,0.04666666666666667
4085,candidate_2,candidate_1,candidate_3,3,0.04666666666666667
4086,candidate_2,candidate_1,candidate_3,3,0.04666666666666667
4087,candidate_2,candidate_1,candidate_3,3,0.04666666666666667
4088,candidate_2,candidate_1,candidate_3,3,0.04666666666666667
4089,candidate_2,candidate_1,candidate_3,3,0.04666666666666667
4090,candidate_2,candidate_1,candidate_3,3,0.04666666666666667
4091,candidate_2,candidate_1,candidate_3,3,0.04666666666666667
4092,candidate_2,candidate_1,candidate_3,3,0.04666666666666667
4093,candidate_2,candidate_1,candidate_3,3,0.04666666666666667
4094,candidate_2,candidate_1,candidate_3,3,0.04666666666666667
4095,candidate_2,candidate_1,candidate_3,3,0.04666666666666667
4096,candidate_2,candidate_1,candidate_3,3,0.04666666666666667
4097,candidate_2,candidate_1,candidate_3,3,0.04666666666666667
4098,candidate_2,candidate_1,candidate_3,3,0.04666666666666667
4099,candidate_2,candidate_1,candidate_3,3,0.04666666666666667
4100,candidate_2,candidate_1,candidate_3,3,0.04666666666666667
4101,candidate_2,candidate_1,candidate_3,3,0.04666666666666667
4102,candidate_2,candidate_1,candidate_3,3,0.04666666666666667
4103,candidate_2,candidate_1,candidate_3,3,0.04666666666666667
4104,candidate_2,candidate_1,candidate_3,3,0.04666666666666667
4105,candidate_2,candidate_1,candidate_3,3,0.04666666666666667
4106,candidate_2,candidate_1,candidate_3,3,0.04666666666666667
4107,candidate_2,0,candidate_3,3,0.04666666666666667
4108,candidate_2,candidate_1,candidate_3,3,0.04666666666666667
4109,candidate_2,candidate_1,candidate_3,3,0.04666666666666667
4110,candidate_2,candidate_1,candidate_3,3,0.04666666666666667
4111,candidate_2,candidate_1,candidate_3,3,0.04666666666666667
4112,candidate_2,candidate_1,candidate_3,3,0.04666666666666667
4113,candidate_2,candidate_1,candidate_3,3,0.04666666666666667
4114,candidate_2,candidate_1,candidate_3,3,0.04666666666666667
4115,candidate_2,candidate_1,candidate_3,3,0.04666666666666667
4116,candidate_2,candidate_1,candidate_3,3,0.04666666666666667
4117,0,candidate_1,candidate_3,3,0.04666666666666667
4118,candidate_2,candidate_1,candidate_3,3,0.04666666666666667
4119,candidate_2,candidate_1,candidate_3,3,0.04666666666666667
4120,candidate_2,candidate_1,candidate_3,3,0.04666666666666667
4121,candidate_2,candidate_1,candidate_3,3,0.04666666666666667
4122,candidate_2,candidate_1,candidate_3,3,0.04666666666666667
4123,candidate_2,candidate_1,candidate_3,3,0.04666666666666667
4124,candidate_2,candidate_1,candidate_3,3,0.04666666666666667
4125,candidate_2,candidate_1,candidate_3,3,0.04666666666666667
4126,candidate_2,candidate_1,candidate_3,3,0.04666666666666667
4127,candidate_2,candidate_1,candidate_3,3,0.04666666666666667
4128,candidate_2,candidate_1,candidate_3,3,0.04666666666666667
4129,candidate_2,candidate_1,candidate_3,3,0.04666666666666667
4130,candidate_2,candidate_1,candidate_3,3,0.04666666666666667
4131,candidate_2,candidate_1,candidate_3,3,0.04666666666666667
4132,candidate_2,candidate_1,candidate_3,3,0.04666666666666667
4133,candidate_2,candidate_1,candidate_3,3,0.04666666666666667
4134,candidate_2,candidate_1,candidate_3,3,0.04666666666666667
4135,candidate_2,candidate_1,0,3,0.04666666666666667
4136,candidate_2,candidate_1,candidate_3,3,0.04666666666666667
4137,candidate_2,candidate_1,candidate_3,3,0.04666666666666667
4138,candidate_2,candidate_1,candidate_3,3,0.04666666666666667
4139,candidate_2,candidate_1,candidate_3,3,0.04666666666666667
4140,candidate_2,candidate_1,candidate_3,3,0.04666666666666667
4141,candidate_2,candidate_1,candidate_3,3,0.04666666666666667
4142,candidate_2,candidate_1,candidate_3,3,0.04666666666666667
4143,candidate_2,candidate_1,candidate_3,3,0.04666666666666667
4144,candidate_2,candidate_1,candidate_3,3,0.04666666666666667
4145,candidate_2,0,candidate_3,3,0.04666666666666667
4146,candidate_2,candidate_1,candidate_3,3,0.04666666666666667
4147,candidate_2,candidate_1,candidate_3,3,0.04666666666666667
4148,candidate_2,candidate_1,candidate_3,3,0.04666666666666667
4149,candidate_2,candidate_1,candidate_3,3,0.04666666666666667
4150,candidate_2,candidate_1,candidate_3,3,0.04666666666666667
4151,candidate_2,candidate_1,candidate_3,3,0.04666666666666667
4152,candidate_2,candidate_1,candidate_3,3,0.04666666666666667
4153,candidate_2,candidate_1,candidate_3,3,0.04666666666666667
4154,candidate_2,candidate_1,candidate_3,3,0.04666666666666667
4155,candidate_2,candidate_1,candidate_3,3,0.04666666666666667
4156,candidate_2,candidate_1,candidate_3,3,0.04666666666666667
4157,candidate_2,candidate_1,candidate_3,3,0.04666666666666667
4158,candidate_2,candidate_1,candidate_3,3,0.04666666666666667
4159,candidate_2,candidate_1,candidate_3,3,0.04666666666666667
4160,candidate_2,candidate_1,candidate_3,3,0.04666666666666667
4161,candidate_2,candidate_1,candidate_3,3,0.04666666666666667
4162,candidate_2,candidate_1,candidate_3,3,0.04666666666666667
4163,candidate_2,candidate_1,candidate_3,3,0.04666666666666667
4164,candidate_2,candidate_1,candidate_3,3,0.04666666666666667
4165,candidate_2,candidate_1,candidate_3,3,0.04666666666666667
4166,candidate_2,candidate_1,candidate_3,3,0.04666666666666667
4167,candidate_2,candidate_1,candidate_3,3,0.04666666666666667
4168,candidate_2,candidate_1,candidate_3,3,0.04666666666666667
4169,candidate_2,candidate_1,candidate_3,3,0.04666666666666667
4170,candidate_2,candidate_1,candidate_3,3,0.04666666666666667
4171,candidate_2,candidate_1,candidate_3,3,0.04666666666666667
4172,candidate_2,candidate_1,candidate_3,3,0.04666666666666667
4173,candidate_2,candidate_1,candidate_3,3,0.04666666666666667
4174,candidate_2,candidate_1,candidate_3,3,0.04666666666666667
4175,candidate_2,candidate_1,candidate_3,3,0.04666666666666667
4176,candidate_2,candidate_1,candidate_3,3,0.04666666666666667
4177,candidate_2,candidate_1,candidate_3,3,0.04666666666666667
4178,candidate_2,candidate_1,candidate_3,3,0.04666666666666667
4179,candidate_2,candidate_1,candidate_3,3,0.04666666666666667
4180,candidate_2,candidate_1,candidate_3,3,0.04666666666666667
4181,candidate_2,candidate_1,candidate_3,3,0.04666666666666667
4182,candidate_2,candidate_1,candidate_3,3,0.04666666666666667
4183,candidate_2,candidate_1,candidate_3,3,0.04666666666666667
4184,candidate_2,candidate_1,candidate_3,3,0.04666666666666667
4185,candidate_2,candidate_1,candidate_3,3,0.04666666666666667
4186,candidate_2,candidate_1,candidate_3,3,0.04666666666666667
4187,candidate_2,candidate_1,0,3,0.04666666666666667
4188,candidate_2,candidate_1,candidate_3,3,0.04666666666666667
4189,candidate_2,candidate_1,candidate_3,3,0.04666666666666667
4190,candidate_2,candidate_1,candidate_3,3,0.04666666666666667
4191,candidate_2,candidate_1,candidate_3,3,0.04666666666666667
4192,candidate_2,candidate_1,candidate_3,3,0.04666666666666667
4193,candidate_2,candidate_1,candidate_3,3,0.04666666666666667
4194,candidate_2,candidate_1,candidate_3,3,0.04666666666666667
4195,candidate_2,candidate_1,candidate_3,3,0.04666666666666667
4196,candidate_2,candidate_1,candidate_3,3,0.04666666666666667
4197,candidate_2,candidate_1,candidate_3,3,0.04666666666666667
4198,candidate_2,candidate_1,candidate_3,3,0.04666666666666667
4199,candidate_2,candidate_1,candidate_3,3,0.04666666666666667
4200,candidate_2,candidate_1,0,3,0.04666666666666667
4201,candidate_2,candidate_1,candidate_3,3,0.04666666666666667
4202,candidate_2,candidate_1,candidate_3,3,0.04666666666666667
4203,candidate_2,candidate_1,candidate_3,3,0.04666666666666667
4204,candidate_2,candidate_1,candidate_3,3,0.04666666666666667
4205,candidate_2,candidate_1,candidate_3,3,0.04666666666666667
4206,candidate_2,candidate_1,candidate_3,3,0.04666666666666667
4207,candidate_2,candidate_1,candidate_3,3,0.04666666666666667
4208,candidate_2,candidate_1,candidate_3,3,0.04666666666666667
4209,candidate_2,candidate_1,candidate_3,3,0.04666666666666667
4210,candidate_2,candidate_1,candidate_3,3,0.04666666666666667
4211,candidate_2,candidate_1,candidate_3,3,0.04666666666666667
4212,candidate_2,candidate_1,candidate_3,3,0.04666666666666667
4213,candidate_2,0,candidate_3,3,0.04666666666666667
4214,candidate_2,candidate_1,candidate_3,3,0.04666666666666667
4215,0,candidate_1,candidate_3,3,0.04666666666666667
4216,candidate_2,candidate_1,candidate_3,3,0.04666666666666667
4217,candidate_2,candidate_1,0,3,0.04666666666666667
4218,candidate_2,candidate_1,candidate_3,3,0.04666666666666667
4219,candidate_2,candidate_1,candidate_3,3,0.04666666666666667
4220,candidate_2,candidate_1,candidate_3,3,0.04666666666666667
4221,candidate_2,candidate_1,candidate_3,3,0.04666666666666667
4222,candidate_2,candidate_1,candidate_3,3,0.04666666666666667
4223,candidate_2,candidate_1,candidate_3,3,0.04666666666666667
4224,candidate_2,candidate_1,candidate_3,3,0.04666666666666667
4225,candidate_2,candidate_1,candidate_3,3,0.04666666666666667
4226,candidate_2,candidate_1,candidate_3,3,0.04666666666666667
4227,candidate_2,candidate_1,candidate_3,3,0.04666666666666667
4228,candidate_2,candidate_1,candidate_3,3,0.04666666666666667
4229,candidate_2,candidate_1,candidate_3,3,0.04666666666666667
4230,candidate_2,candidate_1,candidate_3,3,0.04666666666666667
4231,candidate_2,candidate_1,candidate_3,3,0.04666666666666667
4232,candidate_2,candidate_1,candidate_3,3,0.04666666666666667
4233,candidate_2,candidate_1,candidate_3,3,0.04666666666666667
4234,candidate_2,candidate_1,candidate_3,3,0.04666666666666667
4235,candidate_2,candidate_1,candidate_3,3,0.04666666666666667
4236,candidate_2,candidate_1,candidate_3,3,0.04666666666666667
4237,candidate_2,candidate_1,candidate_3,3,0.04666666666666667
4238,candidate_2,candidate_1,candidate_3,3,0.04666666666666667
4239,candidate_2,candidate_1,candidate_3,3,0.04666666666666667
4240,candidate_2,candidate_1,candidate_3,3,0.04666666666666667
4241,candidate_2,candidate_1,candidate_3,3,0.04666666666666667
4242,candidate_2,candidate_1,candidate_3,3,0.04666666666666667
4243,candidate_2,0,candidate_3,3,0.04666666666666667
4244,candidate_2,candidate_1,candidate_3,3,0.04666666666666667
4245,0,candidate_1,candidate_3,3,0.04666666666666667
4246,candidate_2,candidate_1,candidate_3,3,0.04666666666666667
4247,candidate_2,candidate_1,candidate_3,3,0.04666666666666667
4248,candidate_2,candidate_1,candidate_3,3,0.04666666666666667
4249,candidate_2,0,candidate_3,3,0.04666666666666667
4250,candidate_2,candidate_1,candidate_3,3,0.04666666666666667
4251,candidate_2,candidate_1,candidate_3,3,0.04666666666666667
4252,candidate_2,candidate_1,candidate_3,3,0.04666666666666667
4253,candidate_2,candidate_1,candidate_3,3,0.04666666666666667
4254,candidate_2,candidate_1,candidate_3,3,0.04666666666666667
4255,candidate_2,candidate_1,candidate_3,3,0.04666666666666667
4256,candidate_2,candidate_1,candidate_3,3,0.04666666666666667
4257,candidate_2,candidate_1,candidate_3,3,0.04666666666666667
4258,candidate_2,candidate_1,candidate_3,3,0.04666666666666667
4259,candidate_2,candidate_1,candidate_3,3,0.04666666666666667
4260,candidate_2,candidate_1,candidate_3,3,0.04666666666666667
4261,candidate_2,candidate_1,candidate_3,3,0.04666666666666667
4262,candidate_2,candidate_1,candidate_3,3,0.04666666666666667
4263,candidate_2,candidate_1,candidate_3,3,0.04666666666666667
4264,candidate_2,candidate_1,candidate_3,3,0.04666666666666667
4265,candidate_2,candidate_1,candidate_3,3,0.04666666666666667
4266,candidate_2,candidate_1,candidate_3,3,0.04666666666666667
4267,candidate_2,candidate_1,candidate_3,3,0.04666666666666667
4268,candidate_2,candidate_1,candidate_3,3,0.04666666666666667
4269,candidate_2,candidate_1,candidate_3,3,0.04666666666666667
4270,candidate_2,candidate_1,candidate_3,3,0.04666666666666667
4271,candidate_2,candidate_1,candidate_3,3,0.04666666666666667
4272,candidate_2,candidate_1,candidate_3,3,0.04666666666666667
4273,candidate_2,candidate_1,candidate_3,3,0.04666666666666667
4274,candidate_2,candidate_1,candidate_3,3,0.04666666666666667
4275,candidate_2,candidate_1,candidate_3,3,0.04666666666666667
4276,candidate_2,candidate_1,candidate_3,3,0.04666666666666667
4277,0,candidate_1,candidate_3,3,0.04666666666666667
4278,candidate_2,candidate_1,candidate_3,3,0.04666666666666667
4279,candidate_2,candidate_1,candidate_3,3,0.04666666666666667
4280,candidate_2,candidate_1,candidate_3,3,0.04666666666666667
4281,candidate_2,candidate_1,candidate_3,3,0.04666666666666667
4282,candidate_2,candidate_1,candidate_3,3,0.04666666666666667
4283,candidate_2,candidate_1,0,3,0.04666666666666667
4284,candidate_2,candidate_1,0,3,0.04666666666666667
4285,candidate_2,candidate_1,candidate_3,3,0.04666666666666667
4286,candidate_2,candidate_1,candidate_3,3,0.04666666666666667
4287,candidate_2,candidate_1,candidate_3,3,0.04666666666666667
4288,candidate_2,candidate_1,0,3,0.04666666666666667
4289,candidate_2,candidate_1,candidate_3,3,0.04666666666666667
4290,candidate_2,candidate_1,candidate_3,3,0.04666666666666667
4291,candidate_2,candidate_1,candidate_3,3,0.04666666666666667
4292,candidate_2,candidate_1,candidate_3,3,0.04666666666666667
4293,candidate_2,candidate_1,candidate_3,3,0.04666666666666667
4294,candidate_2,candidate_1,candidate_3,3,0.04666666666666667
4295,candidate_2,candidate_1,candidate_3,3,0.04666666666666667
4296,candidate_2,candidate_1,candidate_3,3,0.04666666666666667
4297,0,candidate_1,candidate_3,3,0.04666666666666667
4298,candidate_2,candidate_1,candidate_3,3,0.04666666666666667
4299,candidate_2,candidate_1,candidate_3,3,0.04666666666666667
4300,candidate_2,candidate_1,candidate_3,3,0.04666666666666667
4301,candidate_2,candidate_1,candidate_3,3,0.04666666666666667
4302,candidate_2,candidate_1,candidate_3,3,0.04666666666666667
4303,candidate_2,candidate_1,candidate_3,3,0.04666666666666667
4304,candidate_2,candidate_1,candidate_3,3,0.04666666666666667
4305,candidate_2,candidate_1,candidate_3,3,0.04666666666666667
4306,candidate_2,candidate_1,candidate_3,3,0.04666666666666667
4307,candidate_2,candidate_1,candidate_3,3,0.04666666666666667
4308,candidate_2,candidate_1,candidate_3,3,0.04666666666666667
4309,candidate_2,candidate_1,candidate_3,3,0.04666666666666667
4310,candidate_2,candidate_1,candidate_3,3,0.04666666666666667
4311,candidate_2,candidate_1,candidate_3,3,0.04666666666666667
4312,candidate_2,candidate_1,candidate_3,3,0.04666666666666667
4313,candidate_2,candidate_1,candidate_3,3,0.04666666666666667
4314,candidate_2,0,candidate_3,3,0.04666666666666667
4315,candidate_2,candidate_1,candidate_3,3,0.04666666666666667
4316,candidate_2,candidate_1,candidate_3,3,0.04666666666666667
4317,0,candidate_1,candidate_3,3,0.04666666666666667
4318,candidate_2,candidate_1,candidate_3,3,0.04666666666666667
4319,candidate_2,candidate_1,candidate_3,3,0.04666666666666667
4320,candidate_2,candidate_1,candidate_3,3,0.04666666666666667
4321,candidate_2,candidate_1,candidate_3,3,0.04666666666666667
4322,candidate_2,candidate_1,candidate_3,3,0.04666666666666667
4323,candidate_2,candidate_1,candidate_3,3,0.04666666666666667
4324,candidate_2,0,candidate_3,3,0.04666666666666667
4325,candidate_2,candidate_1,candidate_3,3,0.04666666666666667
4326,candidate_2,candidate_1,candidate_3,3,0.04666666666666667
4327,candidate_2,candidate_1,candidate_3,3,0.04666666666666667
4328,candidate_2,candidate_1,candidate_3,3,0.04666666666666667
4329,candidate_2,candidate_1,candidate_3,3,0.04666666666666667
4330,candidate_2,candidate_1,candidate_3,3,0.04666666666666667
4331,candidate_2,candidate_1,candidate_3,3,0.04666666666666667
4332,candidate_2,candidate_1,candidate_3,3,0.04666666666666667
4333,candidate_2,candidate_1,candidate_3,3,0.04666666666666667
4334,candidate_2,candidate_1,candidate_3,3,0.04666666666666667
4335,candidate_2,candidate_1,candidate_3,3,0.04666666666666667
4336,candidate_2,candidate_1,candidate_3,3,0.04666666666666667
4337,candidate_2,candidate_1,candidate_3,3,0.04666666666666667
4338,candidate_2,candidate_1,candidate_3,3,0.04666666666666667
4339,candidate_2,candidate_1,candidate_3,3,0.04666666666666667
4340,candidate_2,candidate_1,candidate_3,3,0.04666666666666667
4341,candidate_2,candidate_1,candidate_3,3,0.04666666666666667
4342,candidate_2,candidate_1,candidate_3,3,0.04666666666666667
4343,0,candidate_1,candidate_3,3,0.04666666666666667
4344,candidate_2,candidate_1,candidate_3,3,0.04666666666666667
4345,candidate_2,candidate_1,candidate_3,3,0.04666666666666667
4346,candidate_2,candidate_1,candidate_3,3,0.04666666666666667
4347,candidate_2,candidate_1,candidate_3,3,0.04666666666666667
4348,candidate_2,candidate_1,candidate_3,3,0.04666666666666667
4349,candidate_2,candidate_1,candidate_3,3,0.04666666666666667
4350,candidate_2,0,candidate_3,3,0.04666666666666667
4351,0,candidate_1,candidate_3,3,0.04666666666666667
4352,candidate_2,candidate_1,candidate_3,3,0.04666666666666667
4353,candidate_2,candidate_1,candidate_3,3,0.04666666666666667
4354,candidate_2,candidate_1,candidate_3,3,0.04666666666666667
4355,candidate_2,candidate_1,candidate_3,3,0.04666666666666667
4356,candidate_2,candidate_1,candidate_3,3,0.04666666666666667
4357,candidate_2,candidate_1,candidate_3,3,0.04666666666666667
4358,candidate_2,candidate_1,candidate_3,3,0.04666666666666667
4359,candidate_2,candidate_1,candidate_3,3,0.04666666666666667
4360,candidate_2,candidate_1,candidate_3,3,0.04666666666666667
4361,candidate_2,candidate_1,candidate_3,3,0.04666666666666667
4362,candidate_2,candidate_1,candidate_3,3,0.04666666666666667
4363,candidate_2,candidate_1,candidate_3,3,0.04666666666666667
4364,candidate_2,candidate_1,candidate_3,3,0.04666666666666667
4365,candidate_2,candidate_1,candidate_3,3,0.04666666666666667
4366,candidate_2,candidate_1,candidate_3,3,0.04666666666666667
4367,candidate_2,candidate_1,candidate_3,3,0.04666666666666667
4368,candidate_2,candidate_1,candidate_3,3,0.04666666666666667
4369,candidate_2,candidate_1,candidate_3,3,0.04666666666666667
4370,candidate_2,candidate_1,candidate_3,3,0.04666666666666667
4371,candidate_2,candidate_1,candidate_3,3,0.04666666666666667
4372,candidate_2,candidate_1,candidate_3,3,0.04666666666666667
4373,candidate_2,candidate_1,candidate_3,3,0.04666666666666667
4374,candidate_2,candidate_1,candidate_3,3,0.04666666666666667
4375,candidate_2,candidate_1,candidate_3,3,0.04666666666666667
4376,candidate_2,candidate_1,candidate_3,3,0.04666666666666667
4377,candidate_2,candidate_1,candidate_3,3,0.04666666666666667
4378,candidate_2,0,candidate_3,3,0.04666666666666667
4379,candidate_2,candidate_1,candidate_3,3,0.04666666666666667
4380,candidate_2,candidate_1,candidate_3,3,0.04666666666666667
4381,candidate_2,candidate_1,candidate_3,3,0.04666666666666667
4382,candidate_2,candidate_1,candidate_3,3,0.04666666666666667
4383,candidate_2,candidate_1,candidate_3,3,0.04666666666666667
4384,candidate_2,candidate_1,candidate_3,3,0.04666666666666667
4385,candidate_2,candidate_1,candidate_3,3,0.04666666666666667
4386,0,candidate_1,candidate_3,3,0.04666666666666667
4387,candidate_2,0,candidate_3,3,0.04666666666666667
4388,candidate_2,candidate_1,candidate_3,3,0.04666666666666667
4389,candidate_2,candidate_1,candidate_3,3,0.04666666666666667
4390,candidate_2,candidate_1,candidate_3,3,0.04666666666666667
4391,candidate_2,candidate_1,candidate_3,3,0.04666666666666667
4392,candidate_2,candidate_1,candidate_3,3,0.04666666666666667
4393,candidate_2,candidate_1,candidate_3,3,0.04666666666666667
4394,candidate_2,candidate_1,candidate_3,3,0.04666666666666667
4395,candidate_2,candidate_1,candidate_3,3,0.04666666666666667
4396,candidate_2,candidate_1,candidate_3,3,0.04666666666666667
4397,candidate_2,candidate_1,candidate_3,3,0.04666666666666667
4398,candidate_2,candidate_1,candidate_3,3,0.04666666666666667
4399,candidate_2,candidate_1,candidate_3,3,0.04666666666666667
4400,candidate_2,candidate_1,candidate_3,3,0.04666666666666667
4401,candidate_2,candidate_1,candidate_3,3,0.04666666666666667
4402,candidate_2,candidate_1,candidate_3,3,0.04666666666666667
4403,candidate_2,candidate_1,candidate_3,3,0.04666666666666667
4404,candidate_2,candidate_1,candidate_3,3,0.04666666666666667
4405,candidate_2,candidate_1,candidate_3,3,0.04666666666666667
4406,candidate_2,candidate_1,candidate_3,3,0.04666666666666667
4407,candidate_2,candidate_1,candidate_3,3,0.04666666666666667
4408,candidate_2,candidate_1,candidate_3,3,0.04666666666666667
4409,candidate_2,candidate_1,candidate_3,3,0.04666666666666667
4410,candidate_2,candidate_1,candidate_3,3,0.04666666666666667
4411,candidate_2,candidate_1,candidate_3,3,0.04666666666666667
4412,candidate_2,candidate_1,0,3,0.04666666666666667
4413,candidate_2,candidate_1,candidate_3,3,0.04666666666666667
4414,candidate_2,candidate_1,candidate_3,3,0.04666666666666667
4415,candidate_2,candidate_1,candidate_3,3,0.04666666666666667
4416,candidate_2,candidate_1,candidate_3,3,0.04666666666666667
4417,candidate_2,candidate_1,candidate_3,3,0.04666666666666667
4418,candidate_2,candidate_1,candidate_3,3,0.04666666666666667
4419,candidate_2,candidate_1,0,3,0.04666666666666667
4420,candidate_2,candidate_1,candidate_3,3,0.04666666666666667
4421,candidate_2,candidate_1,candidate_3,3,0.04666666666666667
4422,candidate_2,0,candidate_3,3,0.04666666666666667
4423,candidate_2,candidate_1,candidate_3,3,0.04666666666666667
4424,candidate_2,candidate_1,candidate_3,3,0.04666666666666667
4425,candidate_2,candidate_1,candidate_3,3,0.04666666666666667
4426,candidate_2,candidate_1,candidate_3,3,0.04666666666666667
4427,candidate_2,candidate_1,candidate_3,3,0.04666666666666667
4428,candidate_2,candidate_1,candidate_3,3,0.04666666666666667
4429,candidate_2,candidate_1,candidate_3,3,0.04666666666666667
4430,candidate_2,candidate_1,candidate_3,3,0.04666666666666667
4431,candidate_2,candidate_1,candidate_3,3,0.04666666666666667
4432,candidate_2,candidate_1,candidate_3,3,0.04666666666666667
4433,candidate_2,0,candidate_3,3,0.04666666666666667
4434,candidate_2,candidate_1,candidate_3,3,0.04666666666666667
4435,candidate_2,candidate_1,candidate_3,3,0.04666666666666667
4436,candidate_2,candidate_1,candidate_3,3,0.04666666666666667
4437,candidate_2,candidate_1,candidate_3,3,0.04666666666666667
4438,candidate_2,candidate_1,candidate_3,3,0.04666666666666667
4439,candidate_2,candidate_1,candidate_3,3,0.04666666666666667
4440,candidate_2,candidate_1,candidate_3,3,0.04666666666666667
4441,candidate_2,candidate_1,candidate_3,3,0.04666666666666667
4442,candidate_2,candidate_1,candidate_3,3,0.04666666666666667
4443,candidate_2,candidate_1,candidate_3,3,0.04666666666666667
4444,candidate_2,candidate_1,candidate_3,3,0.04666666666666667
4445,candidate_2,candidate_1,candidate_3,3,0.04666666666666667
4446,candidate_2,candidate_1,candidate_3,3,0.04666666666666667
4447,candidate_2,candidate_1,candidate_3,3,0.04666666666666667
4448,candidate_2,candidate_1,candidate_3,3,0.04666666666666667
4449,candidate_2,candidate_1,candidate_3,3,0.04666666666666667
4450,candidate_2,candidate_1,candidate_3,3,0.04666666666666667
4451,candidate_2,candidate_1,candidate_3,3,0.04666666666666667
4452,0,candidate_1,candidate_3,3,0.04666666666666667
4453,candidate_2,candidate_1,candidate_3,3,0.04666666666666667
4454,candidate_2,candidate_1,candidate_3,3,0.04666666666666667
4455,candidate_2,candidate_1,candidate_3,3,0.04666666666666667
4456,candidate_2,candidate_1,candidate_3,3,0.04666666666666667
4457,candidate_2,candidate_1,candidate_3,3,0.04666666666666667
4458,candidate_2,candidate_1,candidate_3,3,0.04666666666666667
4459,candidate_2,candidate_1,candidate_3,3,0.04666666666666667
4460,candidate_2,candidate_1,candidate_3,3,0.04666666666666667
4461,candidate_2,candidate_1,candidate_3,3,0.04666666666666667
4462,candidate_2,candidate_1,candidate_3,3,0.04666666666666667
4463,candidate_2,candidate_1,candidate_3,3,0.04666666666666667
4464,candidate_2,candidate_1,candidate_3,3,0.04666666666666667
4465,candidate_2,candidate_1,candidate_3,3,0.04666666666666667
4466,candidate_2,candidate_1,candidate_3,3,0.04666666666666667
4467,candidate_2,candidate_1,candidate_3,3,0.04666666666666667
4468,candidate_2,candidate_1,candidate_3,3,0.04666666666666667
4469,candidate_2,candidate_1,candidate_3,3,0.04666666666666667
4470,candidate_2,candidate_1,candidate_3,3,0.04666666666666667
4471,candidate_2,candidate_1,candidate_3,3,0.04666666666666667
4472,candidate_2,candidate_1,candidate_3,3,0.04666666666666667
4473,candidate_2,candidate_1,candidate_3,3,0.04666666666666667
4474,candidate_2,candidate_1,candidate_3,3,0.04666666666666667
4475,candidate_2,candidate_1,candidate_3,3,0.04666666666666667
4476,candidate_2,candidate_1,candidate_3,3,0.04666666666666667
4477,candidate_2,candidate_1,candidate_3,3,0.04666666666666667
4478,candidate_2,candidate_1,candidate_3,3,0.04666666666666667
4479,candidate_2,candidate_1,candidate_3,3,0.04666666666666667
4480,candidate_2,candidate_1,candidate_3,3,0.04666666666666667
4481,candidate_2,candidate_1,candidate_3,3,0.04666666666666667
4482,candidate_2,0,candidate_3,3,0.04666666666666667
4483,candidate_2,candidate_1,candidate_3,3,0.04666666666666667
4484,candidate_2,candidate_1,candidate_3,3,0.04666666666666667
4485,candidate_2,candidate_1,candidate_3,3,0.04666666666666667
4486,candidate_2,candidate_1,candidate_3,3,0.04666666666666667
4487,candidate_2,candidate_1,candidate_3,3,0.04666666666666667
4488,candidate_2,candidate_1,candidate_3,3,0.04666666666666667
4489,candidate_2,candidate_1,candidate_3,3,0.04666666666666667
4490,0,candidate_1,candidate_3,3,0.04666666666666667
4491,candidate_2,candidate_1,candidate_3,3,0.04666666666666667
4492,candidate_2,candidate_1,candidate_3,3,0.04666666666666667
4493,candidate_2,candidate_1,candidate_3,3,0.04666666666666667
4494,candidate_2,candidate_1,candidate_3,3,0.04666666666666667
4495,candidate_2,candidate_1,0,3,0.04666666666666667
4496,candidate_2,candidate_1,candidate_3,3,0.04666666666666667
4497,candidate_2,candidate_1,candidate_3,3,0.04666666666666667
4498,candidate_2,candidate_1,candidate_3,3,0.04666666666666667
4499,candidate_2,candidate_1,candidate_3,3,0.04666666666666667
4500,candidate_2,candidate_1,candidate_3,3,0.04666666666666667
4501,candidate_2,0,candidate_3,3,0.04666666666666667
4502,candidate_2,candidate_1,candidate_3,3,0.04666666666666667
4503,candidate_2,candidate_1,candidate_3,3,0.04666666666666667
4504,candidate_2,candidate_1,candidate_3,3,0.04666666666666667
4505,candidate_2,candidate_1,candidate_3,3,0.04666666666666667
4506,candidate_2,candidate_1,candidate_3,3,0.04666666666666667
4507,candidate_2,candidate_1,candidate_3,3,0.04666666666666667
4508,candidate_2,candidate_1,candidate_3,3,0.04666666666666667
4509,candidate_2,candidate_1,candidate_3,3,0.04666666666666667
4510,candidate_2,candidate_1,candidate_3,3,0.04666666666666667
4511,0,0,candidate_3,3,0.04666666666666667
4512,candidate_2,candidate_1,candidate_3,3,0.04666666666666667
4513,candidate_2,candidate_1,candidate_3,3,0.04666666666666667
4514,candidate_2,candidate_1,candidate_3,3,0.04666666666666667
4515,candidate_2,candidate_1,candidate_3,3,0.04666666666666667
4516,candidate_2,candidate_1,candidate_3,3,0.04666666666666667
4517,candidate_2,candidate_1,candidate_3,3,0.04666666666666667
4518,candidate_2,candidate_1,candidate_3,3,0.04666666666666667
4519,candidate_2,candidate_1,candidate_3,3,0.04666666666666667
4520,candidate_2,candidate_1,candidate_3,3,0.04666666666666667
4521,candidate_2,candidate_1,candidate_3,3,0.04666666666666667
4522,candidate_2,candidate_1,candidate_3,3,0.04666666666666667
4523,candidate_2,candidate_1,candidate_3,3,0.04666666666666667
4524,candidate_2,candidate_1,candidate_3,3,0.04666666666666667
4525,candidate_2,candidate_1,candidate_3,3,0.04666666666666667
4526,candidate_2,candidate_1,candidate_3,3,0.04666666666666667
4527,candidate_2,candidate_1,candidate_3,3,0.04666666666666667
4528,candidate_2,candidate_1,candidate_3,3,0.04666666666666667
4529,candidate_2,candidate_1,candidate_3,3,0.04666666666666667
4530,candidate_2,candidate_1,candidate_3,3,0.04666666666666667
4531,candidate_2,candidate_1,candidate_3,3,0.04666666666666667
4532,candidate_2,candidate_1,candidate_3,3,0.04666666666666667
4533,candidate_2,candidate_1,0,3,0.04666666666666667
4534,candidate_2,0,candidate_3,3,0.04666666666666667
4535,candidate_2,candidate_1,candidate_3,3,0.04666666666666667
4536,candidate_2,candidate_1,candidate_3,3,0.04666666666666667
4537,candidate_2,candidate_1,candidate_3,3,0.04666666666666667
4538,candidate_2,candidate_1,candidate_3,3,0.04666666666666667
4539,candidate_2,candidate_1,candidate_3,3,0.04666666666666667
4540,candidate_2,candidate_1,candidate_3,3,0.04666666666666667
4541,candidate_2,candidate_1,candidate_3,3,0.04666666666666667
4542,candidate_2,candidate_1,candidate_3,3,0.04666666666666667
4543,candidate_2,candidate_1,candidate_3,3,0.04666666666666667
4544,candidate_2,candidate_1,candidate_3,3,0.04666666666666667
4545,candidate_2,candidate_1,candidate_3,3,0.04666666666666667
4546,candidate_2,candidate_1,candidate_3,3,0.04666666666666667
4547,candidate_2,candidate_1,candidate_3,3,0.04666666666666667
4548,candidate_2,candidate_1,candidate_3,3,0.04666666666666667
4549,candidate_2,candidate_1,candidate_3,3,0.04666666666666667
4550,candidate_2,candidate_1,candidate_3,3,0.04666666666666667
4551,candidate_2,candidate_1,candidate_3,3,0.04666666666666667
4552,candidate_2,candidate_1,candidate_3,3,0.04666666666666667
4553,candidate_2,candidate_1,candidate_3,3,0.04666666666666667
4554,0,candidate_1,candidate_3,3,0.04666666666666667
4555,candidate_2,candidate_1,candidate_3,3,0.04666666666666667
4556,candidate_2,candidate_1,candidate_3,3,0.04666666666666667
4557,candidate_2,candidate_1,candidate_3,3,0.04666666666666667
4558,candidate_2,candidate_1,0,3,0.04666666666666667
4559,candidate_2,candidate_1,candidate_3,3,0.04666666666666667
4560,candidate_2,candidate_1,candidate_3,3,0.04666666666666667
4561,candidate_2,candidate_1,candidate_3,3,0.04666666666666667
4562,candidate_2,candidate_1,candidate_3,3,0.04666666666666667
4563,candidate_2,candidate_1,candidate_3,3,0.04666666666666667
4564,0,candidate_1,candidate_3,3,0.04666666666666667
4565,candidate_2,candidate_1,candidate_3,3,0.04666666666666667
4566,candidate_2,candidate_1,candidate_3,3,0.04666666666666667
4567,candidate_2,candidate_1,candidate_3,3,0.04666666666666667
4568,candidate_2,candidate_1,candidate_3,3,0.04666666666666667
4569,candidate_2,candidate_1,candidate_3,3,0.04666666666666667
4570,candidate_2,candidate_1,candidate_3,3,0.04666666666666667
4571,candidate_2,candidate_1,0,3,0.04666666666666667
4572,candidate_2,candidate_1,candidate_3,3,0.04666666666666667
4573,candidate_2,candidate_1,candidate_3,3,0.04666666666666667
4574,candidate_2,candidate_1,0,3,0.04666666666666667
4575,candidate_2,candidate_1,candidate_3,3,0.04666666666666667
4576,candidate_2,candidate_1,candidate_3,3,0.04666666666666667
4577,candidate_2,candidate_1,candidate_3,3,0.04666666666666667
4578,candidate_2,candidate_1,candidate_3,3,0.04666666666666667
4579,candidate_2,candidate_1,candidate_3,3,0.04666666666666667
4580,candidate_2,candidate_1,candidate_3,3,0.04666666666666667
4581,candidate_2,candidate_1,candidate_3,3,0.04666666666666667
4582,candidate_2,candidate_1,candidate_3,3,0.04666666666666667
4583,candidate_2,candidate_1,candidate_3,3,0.04666666666666667
4584,candidate_2,candidate_1,candidate_3,3,0.04666666666666667
4585,candidate_2,candidate_1,candidate_3,3,0.04666666666666667
4586,candidate_2,candidate_1,candidate_3,3,0.04666666666666667
4587,candidate_2,candidate_1,candidate_3,3,0.04666666666666667
4588,candidate_2,candidate_1,candidate_3,3,0.04666666666666667
4589,candidate_2,candidate_1,candidate_3,3,0.04666666666666667
4590,candidate_2,candidate_1,candidate_3,3,0.04666666666666667
4591,candidate_2,candidate_1,candidate_3,3,0.04666666666666667
4592,candidate_2,candidate_1,candidate_3,3,0.04666666666666667
4593,candidate_2,candidate_1,candidate_3,3,0.04666666666666667
4594,candidate_2,candidate_1,candidate_3,3,0.04666666666666667
4595,candidate_2,candidate_1,candidate_3,3,0.04666666666666667
4596,candidate_2,candidate_1,candidate_3,3,0.04666666666666667
4597,candidate_2,candidate_1,candidate_3,3,0.04666666666666667
4598,candidate_2,candidate_1,candidate_3,3,0.04666666666666667
4599,candidate_2,candidate_1,candidate_3,3,0.04666666666666667
4600,candidate_2,candidate_1,candidate_3,3,0.04666666666666667
4601,candidate_2,0,candidate_3,3,0.04666666666666667
4602,candidate_2,candidate_1,candidate_3,3,0.04666666666666667
4603,candidate_2,candidate_1,candidate_3,3,0.04666666666666667
4604,candidate_2,candidate_1,candidate_3,3,0.04666666666666667
4605,candidate_2,candidate_1,candidate_3,3,0.04666666666666667
4606,candidate_2,candidate_1,candidate_3,3,0.04666666666666667
4607,candidate_2,candidate_1,candidate_3,3,0.04666666666666667
4608,candidate_2,candidate_1,candidate_3,3,0.04666666666666667
4609,candidate_2,candidate_1,candidate_3,3,0.04666666666666667
4610,candidate_2,candidate_1,candidate_3,3,0.04666666666666667
4611,candidate_2,candidate_1,candidate_3,3,0.04666666666666667
4612,candidate_2,candidate_1,candidate_3,3,0.04666666666666667
4613,0,candidate_1,0,3,0.04666666666666667
4614,candidate_2,candidate_1,candidate_3,3,0.04666666666666667
4615,candidate_2,candidate_1,0,3,0.04666666666666667
4616,candidate_2,candidate_1,candidate_3,3,0.04666666666666667
4617,candidate_2,candidate_1,candidate_3,3,0.04666666666666667
4618,candidate_2,candidate_1,candidate_3,3,0.04666666666666667
4619,candidate_2,candidate_1,candidate_3,3,0.04666666666666667
4620,candidate_2,candidate_1,candidate_3,3,0.04666666666666667
4621,candidate_2,candidate_1,candidate_3,3,0.04666666666666667
4622,candidate_2,candidate_1,candidate_3,3,0.04666666666666667
4623,candidate_2,candidate_1,candidate_3,3,0.04666666666666667
4624,candidate_2,candidate_1,candidate_3,3,0.04666666666666667
4625,0,candidate_1,candidate_3,3,0.04666666666666667
4626,0,candidate_1,candidate_3,3,0.04666666666666667
4627,candidate_2,candidate_1,candidate_3,3,0.04666666666666667
4628,candidate_2,candidate_1,candidate_3,3,0.04666666666666667
4629,candidate_2,candidate_1,candidate_3,3,0.04666666666666667
4630,candidate_2,candidate_1,candidate_3,3,0.04666666666666667
4631,candidate_2,candidate_1,candidate_3,3,0.04666666666666667
4632,0,candidate_1,candidate_3,3,0.04666666666666667
4633,candidate_2,candidate_1,candidate_3,3,0.04666666666666667
4634,candidate_2,candidate_1,candidate_3,3,0.04666666666666667
4635,candidate_2,candidate_1,candidate_3,3,0.04666666666666667
4636,candidate_2,candidate_1,candidate_3,3,0.04666666666666667
4637,candidate_2,candidate_1,candidate_3,3,0.04666666666666667
4638,candidate_2,candidate_1,candidate_3,3,0.04666666666666667
4639,candidate_2,candidate_1,candidate_3,3,0.04666666666666667
4640,candidate_2,candidate_1,candidate_3,3,0.04666666666666667
4641,candidate_2,candidate_1,candidate_3,3,0.04666666666666667
4642,candidate_2,candidate_1,candidate_3,3,0.04666666666666667
4643,candidate_2,candidate_1,candidate_3,3,0.04666666666666667
4644,candidate_2,candidate_1,candidate_3,3,0.04666666666666667
4645,candidate_2,candidate_1,candidate_3,3,0.04666666666666667
4646,0,candidate_1,candidate_3,3,0.04666666666666667
4647,candidate_2,candidate_1,candidate_3,3,0.04666666666666667
4648,candidate_2,candidate_1,candidate_3,3,0.04666666666666667
4649,candidate_2,0,candidate_3,3,0.04666666666666667
4650,candidate_2,candidate_1,candidate_3,3,0.04666666666666667
4651,candidate_2,candidate_1,candidate_3,3,0.04666666666666667
4652,candidate_2,candidate_1,candidate_3,3,0.04666666666666667
4653,candidate_2,candidate_1,candidate_3,3,0.04666666666666667
4654,candidate_2,candidate_1,candidate_3,3,0.04666666666666667
4655,candidate_2,candidate_1,candidate_3,3,0.04666666666666667
4656,candidate_2,candidate_1,candidate_3,3,0.04666666666666667
4657,candidate_2,candidate_1,candidate_3,3,0.04666666666666667
4658,candidate_2,candidate_1,candidate_3,3,0.04666666666666667
4659,candidate_2,candidate_1,candidate_3,3,0.04666666666666667
4660,candidate_2,candidate_1,candidate_3,3,0.04666666666666667
4661,candidate_2,candidate_1,candidate_3,3,0.04666666666666667
4662,candidate_2,candidate_1,candidate_3,3,0.04666666666666667
4663,candidate_2,candidate_1,candidate_3,3,0.04666666666666667
4664,candidate_2,candidate_1,candidate_3,3,0.04666666666666667
4665,candidate_2,candidate_1,candidate_3,3,0.04666666666666667
4666,candidate_2,candidate_1,candidate_3,3,0.04666666666666667
4667,candidate_2,candidate_1,candidate_3,3,0.04666666666666667
4668,candidate_2,candidate_1,0,3,0.04666666666666667
4669,0,candidate_1,candidate_3,3,0.04666666666666667
4670,candidate_2,candidate_1,candidate_3,3,0.04666666666666667
4671,candidate_2,candidate_1,candidate_3,3,0.04666666666666667
4672,candidate_2,candidate_1,candidate_3,3,0.04666666666666667
4673,candidate_2,candidate_1,candidate_3,3,0.04666666666666667
4674,candidate_2,candidate_1,candidate_3,3,0.04666666666666667
4675,candidate_2,candidate_1,candidate_3,3,0.04666666666666667
4676,candidate_2,candidate_1,candidate_3,3,0.04666666666666667
4677,candidate_2,candidate_1,candidate_3,3,0.04666666666666667
4678,candidate_2,candidate_1,candidate_3,3,0.04666666666666667
4679,candidate_2,candidate_1,candidate_3,3,0.04666666666666667
4680,candidate_2,candidate_1,candidate_3,3,0.04666666666666667
4681,candidate_2,candidate_1,candidate_3,3,0.04666666666666667
4682,candidate_2,candidate_1,candidate_3,3,0.04666666666666667
4683,candidate_2,candidate_1,candidate_3,3,0.04666666666666667
4684,candidate_2,candidate_1,candidate_3,3,0.04666666666666667
4685,candidate_2,candidate_1,candidate_3,3,0.04666666666666667
4686,candidate_2,candidate_1,candidate_3,3,0.04666666666666667
4687,candidate_2,candidate_1,candidate_3,3,0.04666666666666667
4688,candidate_2,candidate_1,candidate_3,3,0.04666666666666667
4689,candidate_2,candidate_1,candidate_3,3,0.04666666666666667
4690,candidate_2,candidate_1,candidate_3,3,0.04666666666666667
4691,candidate_2,candidate_1,candidate_3,3,0.04666666666666667
4692,candidate_2,candidate_1,candidate_3,3,0.04666666666666667
4693,candidate_2,candidate_1,candidate_3,3,0.04666666666666667
4694,candidate_2,candidate_1,candidate_3,3,0.04666666666666667
4695,candidate_2,candidate_1,candidate_3,3,0.04666666666666667
4696,0,candidate_1,candidate_3,3,0.04666666666666667
4697,candidate_2,candidate_1,candidate_3,3,0.04666666666666667
4698,candidate_2,candidate_1,candidate_3,3,0.04666666666666667
4699,candidate_2,candidate_1,candidate_3,3,0.04666666666666667
4700,candidate_2,candidate_1,candidate_3,3,0.04666666666666667
4701,candidate_2,candidate_1,candidate_3,3,0.04666666666666667
4702,candidate_2,candidate_1,candidate_3,3,0.04666666666666667
4703,candidate_2,candidate_1,candidate_3,3,0.04666666666666667
4704,candidate_2,candidate_1,candidate_3,3,0.04666666666666667
4705,candidate_2,candidate_1,candidate_3,3,0.04666666666666667
4706,candidate_2,candidate_1,candidate_3,3,0.04666666666666667
4707,candidate_2,candidate_1,candidate_3,3,0.04666666666666667
4708,candidate_2,candidate_1,candidate_3,3,0.04666666666666667
4709,candidate_2,candidate_1,candidate_3,3,0.04666666666666667
4710,candidate_2,candidate_1,candidate_3,3,0.04666666666666667
4711,candidate_2,candidate_1,candidate_3,3,0.04666666666666667
4712,0,candidate_1,candidate_3,3,0.04666666666666667
4713,candidate_2,candidate_1,candidate_3,3,0.04666666666666667
4714,candidate_2,candidate_1,candidate_3,3,0.04666666666666667
4715,candidate_2,candidate_1,candidate_3,3,0.04666666666666667
4716,candidate_2,candidate_1,candidate_3,3,0.04666666666666667
4717,candidate_2,candidate_1,candidate_3,3,0.04666666666666667
4718,candidate_2,candidate_1,candidate_3,3,0.04666666666666667
4719,candidate_2,candidate_1,candidate_3,3,0.04666666666666667
4720,candidate_2,candidate_1,candidate_3,3,0.04666666666666667
4721,candidate_2,0,candidate_3,3,0.04666666666666667
4722,candidate_2,candidate_1,candidate_3,3,0.04666666666666667
4723,candidate_2,candidate_1,candidate_3,3,0.04666666666666667
4724,candidate_2,candidate_1,candidate_3,3,0.04666666666666667
4725,0,candidate_1,candidate_3,3,0.04666666666666667
4726,candidate_2,candidate_1,candidate_3,3,0.04666666666666667
4727,candidate_2,candidate_1,candidate_3,3,0.04666666666666667
4728,candidate_2,candidate_1,candidate_3,3,0.04666666666666667
4729,candidate_2,candidate_1,candidate_3,3,0.04666666666666667
4730,candidate_2,candidate_1,candidate_3,3,0.04666666666666667
4731,candidate_2,candidate_1,candidate_3,3,0.04666666666666667
4732,candidate_2,candidate_1,candidate_3,3,0.04666666666666667
4733,candidate_2,candidate_1,candidate_3,3,0.04666666666666667
4734,candidate_2,candidate_1,candidate_3,3,0.04666666666666667
4735,candidate_2,candidate_1,candidate_3,3,0.04666666666666667
4736,candidate_2,candidate_1,candidate_3,3,0.04666666666666667
4737,candidate_2,candidate_1,candidate_3,3,0.04666666666666667
4738,candidate_2,candidate_1,candidate_3,3,0.04666666666666667
4739,candidate_2,candidate_1,candidate_3,3,0.04666666666666667
4740,candidate_2,candidate_1,0,3,0.04666666666666667
4741,candidate_2,0,candidate_3,3,0.04666666666666667
4742,candidate_2,candidate_1,candidate_3,3,0.04666666666666667
4743,candidate_2,candidate_1,candidate_3,3,0.04666666666666667
4744,candidate_2,candidate_1,candidate_3,3,0.04666666666666667
4745,candidate_2,candidate_1,candidate_3,3,0.04666666666666667
4746,candidate_2,candidate_1,candidate_3,3,0.04666666666666667
4747,candidate_2,candidate_1,candidate_3,3,0.04666666666666667
4748,candidate_2,candidate_1,candidate_3,3,0.04666666666666667
4749,candidate_2,candidate_1,candidate_3,3,0.04666666666666667
4750,0,candidate_1,candidate_3,3,0.04666666666666667
4751,candidate_2,candidate_1,candidate_3,3,0.04666666666666667
4752,candidate_2,candidate_1,candidate_3,3,0.04666666666666667
4753,candidate_2,candidate_1,candidate_3,3,0.04666666666666667
4754,candidate_2,candidate_1,candidate_3,3,0.04666666666666667
4755,candidate_2,candidate_1,candidate_3,3,0.04666666666666667
4756,candidate_2,candidate_1,candidate_3,3,0.04666666666666667
4757,candidate_2,candidate_1,candidate_3,3,0.04666666666666667
4758,candidate_2,candidate_1,candidate_3,3,0.04666666666666667
4759,candidate_2,candidate_1,candidate_3,3,0.04666666666666667
4760,candidate_2,candidate_1,candidate_3,3,0.04666666666666667
4761,candidate_2,candidate_1,candidate_3,3,0.04666666666666667
4762,candidate_2,candidate_1,candidate_3,3,0.04666666666666667
4763,candidate_2,candidate_1,candidate_3,3,0.04666666666666667
4764,candidate_2,candidate_1,candidate_3,3,0.04666666666666667
4765,candidate_2,candidate_1,candidate_3,3,0.04666666666666667
4766,candidate_2,candidate_1,candidate_3,3,0.04666666666666667
4767,candidate_2,candidate_1,0,3,0.04666666666666667
4768,candidate_2,candidate_1,candidate_3,3,0.04666666666666667
4769,candidate_2,candidate_1,candidate_3,3,0.04666666666666667
4770,candidate_2,candidate_1,candidate_3,3,0.04666666666666667
4771,candidate_2,candidate_1,candidate_3,3,0.04666666666666667
4772,candidate_2,candidate_1,0,3,0.04666666666666667
4773,0,candidate_1,candidate_3,3,0.04666666666666667
4774,candidate_2,candidate_1,candidate_3,3,0.04666666666666667
4775,candidate_2,candidate_1,candidate_3,3,0.04666666666666667
4776,candidate_2,candidate_1,candidate_3,3,0.04666666666666667
4777,candidate_2,candidate_1,0,3,0.04666666666666667
4778,candidate_2,candidate_1,candidate_3,3,0.04666666666666667
4779,candidate_2,candidate_1,candidate_3,3,0.04666666666666667
4780,candidate_2,candidate_1,candidate_3,3,0.04666666666666667
4781,candidate_2,candidate_1,candidate_3,3,0.04666666666666667
4782,candidate_2,candidate_1,candidate_3,3,0.04666666666666667
4783,candidate_2,candidate_1,candidate_3,3,0.04666666666666667
4784,0,candidate_1,candidate_3,3,0.04666666666666667
4785,0,candidate_1,candidate_3,3,0.04666666666666667
4786,candidate_2,candidate_1,candidate_3,3,0.04666666666666667
4787,candidate_2,candidate_1,0,3,0.04666666666666667
4788,candidate_2,candidate_1,0,3,0.04666666666666667
4789,candidate_2,candidate_1,candidate_3,3,0.04666666666666667
4790,candidate_2,candidate_1,candidate_3,3,0.04666666666666667
4791,candidate_2,candidate_1,candidate_3,3,0.04666666666666667
4792,candidate_2,candidate_1,candidate_3,3,0.04666666666666667
4793,candidate_2,candidate_1,candidate_3,3,0.04666666666666667
4794,candidate_2,candidate_1,candidate_3,3,0.04666666666666667
4795,candidate_2,candidate_1,candidate_3,3,0.04666666666666667
4796,candidate_2,candidate_1,candidate_3,3,0.04666666666666667
4797,candidate_2,candidate_1,candidate_3,3,0.04666666666666667
4798,candidate_2,candidate_1,candidate_3,3,0.04666666666666667
4799,candidate_2,candidate_1,candidate_3,3,0.04666666666666667
4800,candidate_2,candidate_1,candidate_3,3,0.04666666666666667
4801,candidate_2,candidate_1,0,3,0.04666666666666667
4802,candidate_2,candidate_1,candidate_3,3,0.04666666666666667
4803,candidate_2,candidate_1,candidate_3,3,0.04666666666666667
4804,candidate_2,candidate_1,candidate_3,3,0.04666666666666667
4805,candidate_2,candidate_1,candidate_3,3,0.04666666666666667
4806,candidate_2,candidate_1,candidate_3,3,0.04666666666666667
4807,candidate_2,candidate_1,candidate_3,3,0.04666666666666667
4808,candidate_2,candidate_1,candidate_3,3,0.04666666666666667
4809,candidate_2,candidate_1,candidate_3,3,0.04666666666666667
4810,candidate_2,candidate_1,candidate_3,3,0.04666666666666667
4811,candidate_2,candidate_1,candidate_3,3,0.04666666666666667
4812,candidate_2,candidate_1,candidate_3,3,0.04666666666666667
4813,candidate_2,candidate_1,candidate_3,3,0.04666666666666667
4814,candidate_2,candidate_1,candidate_3,3,0.04666666666666667
4815,candidate_2,candidate_1,candidate_3,3,0.04666666666666667
4816,candidate_2,candidate_1,candidate_3,3,0.04666666666666667
4817,candidate_2,candidate_1,candidate_3,3,0.04666666666666667
4818,candidate_2,candidate_1,candidate_3,3,0.04666666666666667
4819,candidate_2,candidate_1,candidate_3,3,0.04666666666666667
4820,candidate_2,candidate_1,candidate_3,3,0.04666666666666667
4821,candidate_2,candidate_1,candidate_3,3,0.04666666666666667
4822,candidate_2,candidate_1,candidate_3,3,0.04666666666666667
4823,candidate_2,candidate_1,candidate_3,3,0.04666666666666667
4824,candidate_2,candidate_1,candidate_3,3,0.04666666666666667
4825,candidate_2,candidate_1,candidate_3,3,0.04666666666666667
4826,candidate_2,candidate_1,candidate_3,3,0.04666666666666667
4827,candidate_2,candidate_1,candidate_3,3,0.04666666666666667
4828,candidate_2,candidate_1,candidate_3,3,0.04666666666666667
4829,candidate_2,candidate_1,candidate_3,3,0.04666666666666667
4830,candidate_2,candidate_1,candidate_3,3,0.04666666666666667
4831,candidate_2,candidate_1,candidate_3,3,0.04666666666666667
4832,candidate_2,candidate_1,0,3,0.04666666666666667
4833,candidate_2,candidate_1,candidate_3,3,0.04666666666666667
4834,candidate_2,candidate_1,candidate_3,3,0.04666666666666667
4835,candidate_2,candidate_1,candidate_3,3,0.04666666666666667
4836,candidate_2,candidate_1,candidate_3,3,0.04666666666666667
4837,candidate_2,candidate_1,0,3,0.04666666666666667
4838,candidate_2,candidate_1,candidate_3,3,0.04666666666666667
4839,candidate_2,candidate_1,candidate_3,3,0.04666666666666667
4840,candidate_2,0,candidate_3,3,0.04666666666666667
4841,candidate_2,candidate_1,candidate_3,3,0.04666666666666667
4842,candidate_2,candidate_1,candidate_3,3,0.04666666666666667
4843,candidate_2,candidate_1,candidate_3,3,0.04666666666666667
4844,candidate_2,candidate_1,candidate_3,3,0.04666666666666667
4845,candidate_2,candidate_1,candidate_3,3,0.04666666666666667
4846,candidate_2,candidate_1,candidate_3,3,0.04666666666666667
4847,candidate_2,candidate_1,candidate_3,3,0.04666666666666667
4848,candidate_2,candidate_1,candidate_3,3,0.04666666666666667
4849,candidate_2,candidate_1,candidate_3,3,0.04666666666666667
4850,candidate_2,candidate_1,candidate_3,3,0.04666666666666667
4851,0,candidate_1,candidate_3,3,0.04666666666666667
4852,candidate_2,candidate_1,candidate_3,3,0.04666666666666667
4853,candidate_2,0,candidate_3,3,0.04666666666666667
4854,candidate_2,candidate_1,candidate_3,3,0.04666666666666667
4855,0,candidate_1,candidate_3,3,0.04666666666666667
4856,candidate_2,candidate_1,candidate_3,3,0.04666666666666667
4857,candidate_2,candidate_1,candidate_3,3,0.04666666666666667
4858,candidate_2,candidate_1,candidate_3,3,0.04666666666666667
4859,candidate_2,candidate_1,candidate_3,3,0.04666666666666667
4860,candidate_2,candidate_1,candidate_3,3,0.04666666666666667
4861,candidate_2,candidate_1,candidate_3,3,0.04666666666666667
4862,candidate_2,candidate_1,candidate_3,3,0.04666666666666667
4863,candidate_2,candidate_1,candidate_3,3,0.04666666666666667
4864,candidate_2,candidate_1,candidate_3,3,0.04666666666666667
4865,candidate_2,candidate_1,candidate_3,3,0.04666666666666667
4866,candidate_2,candidate_1,candidate_3,3,0.04666666666666667
4867,candidate_2,candidate_1,candidate_3,3,0.04666666666666667
4868,candidate_2,candidate_1,candidate_3,3,0.04666666666666667
4869,candidate_2,candidate_1,candidate_3,3,0.04666666666666667
4870,candidate_2,0,0,3,0.04666666666666667
4871,candidate_2,0,candidate_3,3,0.04666666666666667
4872,candidate_2,candidate_1,candidate_3,3,0.04666666666666667
4873,candidate_2,candidate_1,candidate_3,3,0.04666666666666667
4874,candidate_2,candidate_1,candidate_3,3,0.04666666666666667
4875,candidate_2,candidate_1,candidate_3,3,0.04666666666666667
4876,candidate_2,candidate_1,candidate_3,3,0.04666666666666667
4877,candidate_2,candidate_1,candidate_3,3,0.04666666666666667
4878,candidate_2,candidate_1,candidate_3,3,0.04666666666666667
4879,candidate_2,candidate_1,candidate_3,3,0.04666666666666667
4880,candidate_2,candidate_1,candidate_3,3,0.04666666666666667
4881,candidate_2,candidate_1,candidate_3,3,0.04666666666666667
4882,candidate_2,candidate_1,candidate_3,3,0.04666666666666667
4883,candidate_2,candidate_1,candidate_3,3,0.04666666666666667
4884,candidate_2,candidate_1,candidate_3,3,0.04666666666666667
4885,0,candidate_1,candidate_3,3,0.04666666666666667
4886,candidate_2,candidate_1,candidate_3,3,0.04666666666666667
4887,candidate_2,0,candidate_3,3,0.04666666666666667
4888,candidate_2,candidate_1,candidate_3,3,0.04666666666666667
4889,candidate_2,candidate_1,candidate_3,3,0.04666666666666667
4890,candidate_2,candidate_1,candidate_3,3,0.04666666666666667
4891,candidate_2,candidate_1,candidate_3,3,0.04666666666666667
4892,candidate_2,candidate_1,candidate_3,3,0.04666666666666667
4893,candidate_2,candidate_1,candidate_3,3,0.04666666666666667
4894,candidate_2,candidate_1,candidate_3,3,0.04666666666666667
4895,candidate_2,candidate_1,candidate_3,3,0.04666666666666667
4896,candidate_2,candidate_1,candidate_3,3,0.04666666666666667
4897,candidate_2,candidate_1,candidate_3,3,0.04666666666666667
4898,candidate_2,candidate_1,candidate_3,3,0.04666666666666667
4899,candidate_2,candidate_1,candidate_3,3,0.04666666666666667
4900,candidate_2,candidate_1,candidate_3,3,0.04666666666666667
4901,candidate_2,candidate_1,candidate_3,3,0.04666666666666667
4902,candidate_2,candidate_1,candidate_3,3,0.04666666666666667
4903,candidate_2,candidate_1,candidate_3,3,0.04666666666666667
4904,candidate_2,candidate_1,candidate_3,3,0.04666666666666667
4905,candidate_2,candidate_1,candidate_3,3,0.04666666666666667
4906,candidate_2,0,candidate_3,3,0.04666666666666667
4907,candidate_2,0,candidate_3,3,0.04666666666666667
4908,candidate_2,candidate_1,candidate_3,3,0.04666666666666667
4909,candidate_2,candidate_1,candidate_3,3,0.04666666666666667
4910,candidate_2,candidate_1,candidate_3,3,0.04666666666666667
4911,candidate_2,candidate_1,candidate_3,3,0.04666666666666667
4912,candidate_2,candidate_1,0,3,0.04666666666666667
4913,candidate_2,candidate_1,candidate_3,3,0.04666666666666667
4914,candidate_2,candidate_1,candidate_3,3,0.04666666666666667
4915,candidate_2,candidate_1,candidate_3,3,0.04666666666666667
4916,candidate_2,candidate_1,candidate_3,3,0.04666666666666667
4917,candidate_2,candidate_1,candidate_3,3,0.04666666666666667
4918,0,candidate_1,candidate_3,3,0.04666666666666667
4919,candidate_2,candidate_1,candidate_3,3,0.04666666666666667
4920,candidate_2,candidate_1,candidate_3,3,0.04666666666666667
4921,candidate_2,candidate_1,candidate_3,3,0.04666666666666667
4922,candidate_2,candidate_1,candidate_3,3,0.04666666666666667
4923,candidate_2,candidate_1,candidate_3,3,0.04666666666666667
4924,candidate_2,candidate_1,candidate_3,3,0.04666666666666667
4925,candidate_2,candidate_1,candidate_3,3,0.04666666666666667
4926,candidate_2,candidate_1,candidate_3,3,0.04666666666666667
4927,candidate_2,candidate_1,candidate_3,3,0.04666666666666667
4928,candidate_2,0,0,3,0.04666666666666667
4929,candidate_2,candidate_1,candidate_3,3,0.04666666666666667
4930,candidate_2,candidate_1,candidate_3,3,0.04666666666666667
4931,candidate_2,candidate_1,candidate_3,3,0.04666666666666667
4932,candidate_2,candidate_1,candidate_3,3,0.04666666666666667
4933,candidate_2,candidate_1,candidate_3,3,0.04666666666666667
4934,candidate_2,candidate_1,candidate_3,3,0.04666666666666667
4935,candidate_2,candidate_1,candidate_3,3,0.04666666666666667
4936,candidate_2,candidate_1,candidate_3,3,0.04666666666666667
4937,candidate_2,candidate_1,candidate_3,3,0.04666666666666667
4938,candidate_2,candidate_1,candidate_3,3,0.04666666666666667
4939,candidate_2,candidate_1,candidate_3,3,0.04666666666666667
4940,candidate_2,candidate_1,candidate_3,3,0.04666666666666667
4941,candidate_2,candidate_1,candidate_3,3,0.04666666666666667
4942,candidate_2,candidate_1,candidate_3,3,0.04666666666666667
4943,candidate_2,candidate_1,candidate_3,3,0.04666666666666667
4944,candidate_2,candidate_1,candidate_3,3,0.04666666666666667
4945,candidate_2,candidate_1,candidate_3,3,0.04666666666666667
4946,candidate_2,candidate_1,candidate_3,3,0.04666666666666667
4947,candidate_2,candidate_1,candidate_3,3,0.04666666666666667
4948,0,candidate_1,candidate_3,3,0.04666666666666667
4949,candidate_2,candidate_1,candidate_3,3,0.04666666666666667
4950,candidate_2,candidate_1,candidate_3,3,0.04666666666666667
4951,candidate_2,0,candidate_3,3,0.04666666666666667
4952,candidate_2,candidate_1,candidate_3,3,0.04666666666666667
4953,candidate_2,candidate_1,candidate_3,3,0.04666666666666667
4954,candidate_2,candidate_1,candidate_3,3,0.04666666666666667
4955,candidate_2,0,candidate_3,3,0.04666666666666667
4956,candidate_2,candidate_1,candidate_3,3,0.04666666666666667
4957,candidate_2,candidate_1,candidate_3,3,0.04666666666666667
4958,candidate_2,candidate_1,candidate_3,3,0.04666666666666667
4959,candidate_2,candidate_1,candidate_3,3,0.04666666666666667
4960,candidate_2,candidate_1,candidate_3,3,0.04666666666666667
4961,candidate_2,candidate_1,candidate_3,3,0.04666666666666667
4962,candidate_2,candidate_1,candidate_3,3,0.04666666666666667
4963,candidate_2,candidate_1,candidate_3,3,0.04666666666666667
4964,candidate_2,candidate_1,candidate_3,3,0.04666666666666667
4965,candidate_2,candidate_1,candidate_3,3,0.04666666666666667
4966,candidate_2,candidate_1,candidate_3,3,0.04666666666666667
4967,candidate_2,candidate_1,candidate_3,3,0.04666666666666667
4968,0,candidate_1,candidate_3,3,0.04666666666666667
4969,candidate_2,candidate_1,candidate_3,3,0.04666666666666667
4970,candidate_2,candidate_1,candidate_3,3,0.04666666666666667
4971,candidate_2,candidate_1,candidate_3,3,0.04666666666666667
4972,0,candidate_1,candidate_3,3,0.04666666666666667
4973,candidate_2,candidate_1,candidate_3,3,0.04666666666666667
4974,candidate_2,candidate_1,candidate_3,3,0.04666666666666667
4975,candidate_2,candidate_1,candidate_3,3,0.04666666666666667
4976,candidate_2,candidate_1,candidate_3,3,0.04666666666666667
4977,candidate_2,candidate_1,candidate_3,3,0.04666666666666667
4978,candidate_2,candidate_1,candidate_3,3,0.04666666666666667
4979,candidate_2,candidate_1,candidate_3,3,0.04666666666666667
4980,candidate_2,candidate_1,candidate_3,3,0.04666666666666667
4981,candidate_2,candidate_1,candidate_3,3,0.04666666666666667
4982,candidate_2,candidate_1,candidate_3,3,0.04666666666666667
4983,candidate_2,candidate_1,0,3,0.04666666666666667
4984,candidate_2,candidate_1,candidate_3,3,0.04666666666666667
4985,candidate_2,candidate_1,candidate_3,3,0.04666666666666667
4986,candidate_2,candidate_1,candidate_3,3,0.04666666666666667
4987,candidate_2,candidate_1,candidate_3,3,0.04666666666666667
4988,candidate_2,candidate_1,candidate_3,3,0.04666666666666667
4989,candidate_2,candidate_1,candidate_3,3,0.04666666666666667
4990,candidate_2,candidate_1,candidate_3,3,0.04666666666666667
4991,candidate_2,candidate_1,candidate_3,3,0.04666666666666667
4992,candidate_2,candidate_1,candidate_3,3,0.04666666666666667
4993,candidate_2,0,candidate_3,3,0.04666666666666667
4994,candidate_2,candidate_1,candidate_3,3,0.04666666666666667
4995,candidate_2,candidate_1,candidate_3,3,0.04666666666666667
4996,candidate_2,candidate_1,candidate_3,3,0.04666666666666667
4997,candidate_2,candidate_1,candidate_3,3,0.04666666666666667
4998,0,candidate_1,candidate_3,3,0.04666666666666667
4999,candidate_2,candidate_1,candidate_3,3,0.04666666666666667
5000,candidate_2,candidate_1,candidate_3,3,0.04666666666666667
5001,candidate_2,candidate_1,candidate_3,3,0.04666666666666667
5002,candidate_2,candidate_1,candidate_3,3,0.04666666666666667
5003,candidate_2,candidate_1,candidate_3,3,0.04666666666666667
5004,candidate_2,candidate_1,candidate_3,3,0.04666666666666667
5005,candidate_2,candidate_1,candidate_3,3,0.04666666666666667
5006,candidate_2,0,candidate_3,3,0.04666666666666667
5007,candidate_2,candidate_1,candidate_3,3,0.04666666666666667
5008,candidate_2,candidate_1,candidate_3,3,0.04666666666666667
5009,candidate_2,candidate_1,candidate_3,3,0.04666666666666667
5010,candidate_2,candidate_1,0,3,0.04666666666666667
5011,candidate_2,candidate_1,candidate_3,3,0.04666666666666667
5012,0,candidate_1,candidate_3,3,0.04666666666666667
5013,candidate_2,candidate_1,candidate_3,3,0.04666666666666667
5014,candidate_2,candidate_1,candidate_3,3,0.04666666666666667
5015,candidate_2,candidate_1,candidate_3,3,0.04666666666666667
5016,candidate_2,candidate_1,candidate_3,3,0.04666666666666667
5017,candidate_2,candidate_1,candidate_3,3,0.04666666666666667
5018,candidate_2,candidate_1,candidate_3,3,0.04666666666666667
5019,candidate_2,candidate_1,candidate_3,3,0.04666666666666667
5020,candidate_2,candidate_1,candidate_3,3,0.04666666666666667
5021,candidate_2,candidate_1,candidate_3,3,0.04666666666666667
5022,candidate_2,candidate_1,candidate_3,3,0.04666666666666667
5023,candidate_2,candidate_1,candidate_3,3,0.04666666666666667
5024,candidate_2,candidate_1,candidate_3,3,0.04666666666666667
5025,candidate_2,candidate_1,candidate_3,3,0.04666666666666667
5026,candidate_2,candidate_1,candidate_3,3,0.04666666666666667
5027,candidate_2,candidate_1,candidate_3,3,0.04666666666666667
5028,candidate_2,candidate_1,candidate_3,3,0.04666666666666667
5029,candidate_2,candidate_1,candidate_3,3,0.04666666666666667
5030,0,candidate_1,candidate_3,3,0.04666666666666667
5031,candidate_2,candidate_1,candidate_3,3,0.04666666666666667
5032,candidate_2,candidate_1,candidate_3,3,0.04666666666666667
5033,candidate_2,candidate_1,candidate_3,3,0.04666666666666667
5034,candidate_2,candidate_1,candidate_3,3,0.04666666666666667
5035,candidate_2,0,candidate_3,3,0.04666666666666667
5036,candidate_2,candidate_1,candidate_3,3,0.04666666666666667
5037,candidate_2,candidate_1,candidate_3,3,0.04666666666666667
5038,candidate_2,candidate_1,0,3,0.04666666666666667
5039,candidate_2,candidate_1,candidate_3,3,0.04666666666666667
5040,candidate_2,candidate_1,candidate_3,3,0.04666666666666667
5041,candidate_2,candidate_1,candidate_3,3,0.04666666666666667
5042,candidate_2,0,candidate_3,3,0.04666666666666667
5043,candidate_2,candidate_1,candidate_3,3,0.04666666666666667
5044,candidate_2,candidate_1,candidate_3,3,0.04666666666666667
5045,candidate_2,0,candidate_3,3,0.04666666666666667
5046,candidate_2,candidate_1,candidate_3,3,0.04666666666666667
5047,candidate_2,candidate_1,candidate_3,3,0.04666666666666667
5048,candidate_2,candidate_1,candidate_3,3,0.04666666666666667
5049,candidate_2,candidate_1,candidate_3,3,0.04666666666666667
5050,candidate_2,candidate_1,candidate_3,3,0.04666666666666667
5051,candidate_2,candidate_1,candidate_3,3,0.04666666666666667
5052,candidate_2,candidate_1,candidate_3,3,0.04666666666666667
5053,candidate_2,candidate_1,candidate_3,3,0.04666666666666667
5054,candidate_2,candidate_1,candidate_3,3,0.04666666666666667
5055,candidate_2,candidate_1,candidate_3,3,0.04666666666666667
5056,candidate_2,candidate_1,candidate_3,3,0.04666666666666667
5057,candidate_2,candidate_1,candidate_3,3,0.04666666666666667
5058,candidate_2,candidate_1,candidate_3,3,0.04666666666666667
5059,candidate_2,candidate_1,candidate_3,3,0.04666666666666667
5060,candidate_2,candidate_1,candidate_3,3,0.04666666666666667
5061,candidate_2,candidate_1,candidate_3,3,0.04666666666666667
5062,candidate_2,candidate_1,candidate_3,3,0.04666666666666667
5063,0,candidate_1,candidate_3,3,0.04666666666666667
5064,candidate_2,candidate_1,candidate_3,3,0.04666666666666667
5065,candidate_2,candidate_1,candidate_3,3,0.04666666666666667
5066,candidate_2,candidate_1,candidate_3,3,0.04666666666666667
5067,0,candidate_1,candidate_3,3,0.04666666666666667
5068,candidate_2,candidate_1,0,3,0.04666666666666667
5069,candidate_2,candidate_1,candidate_3,3,0.04666666666666667
5070,candidate_2,candidate_1,candidate_3,3,0.04666666666666667
5071,candidate_2,candidate_1,0,3,0.04666666666666667
5072,candidate_2,candidate_1,candidate_3,3,0.04666666666666667
5073,candidate_2,candidate_1,candidate_3,3,0.04666666666666667
5074,candidate_2,candidate_1,candidate_3,3,0.04666666666666667
5075,candidate_2,candidate_1,candidate_3,3,0.04666666666666667
5076,candidate_2,candidate_1,candidate_3,3,0.04666666666666667
5077,candidate_2,candidate_1,candidate_3,3,0.04666666666666667
5078,candidate_2,candidate_1,candidate_3,3,0.04666666666666667
5079,candidate_2,candidate_1,candidate_3,3,0.04666666666666667
5080,candidate_2,candidate_1,candidate_3,3,0.04666666666666667
5081,candidate_2,candidate_1,candidate_3,3,0.04666666666666667
5082,candidate_2,candidate_1,candidate_3,3,0.04666666666666667
5083,candidate_2,candidate_1,candidate_3,3,0.04666666666666667
5084,candidate_2,candidate_1,candidate_3,3,0.04666666666666667
5085,candidate_2,candidate_1,candidate_3,3,0.04666666666666667
5086,candidate_2,candidate_1,candidate_3,3,0.04666666666666667
5087,candidate_2,candidate_1,candidate_3,3,0.04666666666666667
5088,0,candidate_1,candidate_3,3,0.04666666666666667
5089,candidate_2,candidate_1,candidate_3,3,0.04666666666666667
5090,candidate_2,candidate_1,0,3,0.04666666666666667
5091,candidate_2,candidate_1,candidate_3,3,0.04666666666666667
5092,candidate_2,candidate_1,candidate_3,3,0.04666666666666667
5093,candidate_2,candidate_1,candidate_3,3,0.04666666666666667
5094,candidate_2,candidate_1,candidate_3,3,0.04666666666666667
5095,candidate_2,candidate_1,candidate_3,3,0.04666666666666667
5096,candidate_2,candidate_1,candidate_3,3,0.04666666666666667
5097,candidate_2,candidate_1,candidate_3,3,0.04666666666666667
5098,candidate_2,candidate_1,candidate_3,3,0.04666666666666667
5099,candidate_2,candidate_1,candidate_3,3,0.04666666666666667
5100,candidate_2,candidate_1,0,3,0.04666666666666667
5101,candidate_2,candidate_1,candidate_3,3,0.04666666666666667
5102,candidate_2,candidate_1,candidate_3,3,0.04666666666666667
5103,candidate_2,candidate_1,candidate_3,3,0.04666666666666667
5104,candidate_2,candidate_1,candidate_3,3,0.04666666666666667
5105,candidate_2,candidate_1,candidate_3,3,0.04666666666666667
5106,candidate_2,candidate_1,candidate_3,3,0.04666666666666667
5107,0,candidate_1,candidate_3,3,0.04666666666666667
5108,candidate_2,candidate_1,0,3,0.04666666666666667
5109,candidate_2,candidate_1,candidate_3,3,0.04666666666666667
5110,candidate_2,candidate_1,candidate_3,3,0.04666666666666667
5111,0,candidate_1,candidate_3,3,0.04666666666666667
5112,candidate_2,candidate_1,candidate_3,3,0.04666666666666667
5113,candidate_2,candidate_1,0,3,0.04666666666666667
5114,candidate_2,candidate_1,candidate_3,3,0.04666666666666667
5115,candidate_2,candidate_1,candidate_3,3,0.04666666666666667
5116,candidate_2,candidate_1,candidate_3,3,0.04666666666666667
5117,candidate_2,candidate_1,candidate_3,3,0.04666666666666667
5118,candidate_2,candidate_1,candidate_3,3,0.04666666666666667
5119,candidate_2,candidate_1,candidate_3,3,0.04666666666666667
5120,candidate_2,candidate_1,candidate_3,3,0.04666666666666667
5121,candidate_2,candidate_1,candidate_3,3,0.04666666666666667
5122,candidate_2,candidate_1,candidate_3,3,0.04666666666666667
5123,candidate_2,candidate_1,candidate_3,3,0.04666666666666667
5124,candidate_2,candidate_1,candidate_3,3,0.04666666666666667
5125,candidate_2,candidate_1,candidate_3,3,0.04666666666666667
5126,candidate_2,candidate_1,candidate_3,3,0.04666666666666667
5127,candidate_2,candidate_1,candidate_3,3,0.04666666666666667
5128,candidate_2,candidate_1,candidate_3,3,0.04666666666666667
5129,candidate_2,candidate_1,candidate_3,3,0.04666666666666667
5130,0,candidate_1,candidate_3,3,0.04666666666666667
5131,candidate_2,candidate_1,candidate_3,3,0.04666666666666667
5132,candidate_2,candidate_1,candidate_3,3,0.04666666666666667
5133,candidate_2,candidate_1,candidate_3,3,0.04666666666666667
5134,candidate_2,candidate_1,candidate_3,3,0.04666666666666667
5135,candidate_2,candidate_1,candidate_3,3,0.04666666666666667
5136,candidate_2,candidate_1,candidate_3,3,0.04666666666666667
5137,candidate_2,candidate_1,candidate_3,3,0.04666666666666667
5138,candidate_2,candidate_1,candidate_3,3,0.04666666666666667
5139,0,candidate_1,candidate_3,3,0.04666666666666667
5140,candidate_2,candidate_1,candidate_3,3,0.04666666666666667
5141,candidate_2,candidate_1,0,3,0.04666666666666667
5142,candidate_2,candidate_1,candidate_3,3,0.04666666666666667
5143,candidate_2,candidate_1,candidate_3,3,0.04666666666666667
5144,candidate_2,candidate_1,candidate_3,3,0.04666666666666667
5145,candidate_2,candidate_1,candidate_3,3,0.04666666666666667
5146,0,candidate_1,candidate_3,3,0.04666666666666667
5147,candidate_2,candidate_1,candidate_3,3,0.04666666666666667
5148,candidate_2,candidate_1,candidate_3,3,0.04666666666666667
5149,candidate_2,candidate_1,candidate_3,3,0.04666666666666667
5150,candidate_2,candidate_1,candidate_3,3,0.04666666666666667
5151,candidate_2,0,candidate_3,3,0.04666666666666667
5152,candidate_2,candidate_1,candidate_3,3,0.04666666666666667
5153,candidate_2,candidate_1,candidate_3,3,0.04666666666666667
5154,candidate_2,candidate_1,candidate_3,3,0.04666666666666667
5155,candidate_2,candidate_1,candidate_3,3,0.04666666666666667
5156,candidate_2,candidate_1,candidate_3,3,0.04666666666666667
5157,candidate_2,candidate_1,candidate_3,3,0.04666666666666667
5158,candidate_2,candidate_1,candidate_3,3,0.04666666666666667
5159,candidate_2,candidate_1,candidate_3,3,0.04666666666666667
5160,candidate_2,candidate_1,candidate_3,3,0.04666666666666667
5161,0,candidate_1,candidate_3,3,0.04666666666666667
5162,candidate_2,candidate_1,candidate_3,3,0.04666666666666667
5163,candidate_2,candidate_1,candidate_3,3,0.04666666666666667
5164,candidate_2,candidate_1,candidate_3,3,0.04666666666666667
5165,candidate_2,candidate_1,candidate_3,3,0.04666666666666667
5166,candidate_2,candidate_1,candidate_3,3,0.04666666666666667
5167,candidate_2,candidate_1,candidate_3,3,0.04666666666666667
5168,candidate_2,candidate_1,candidate_3,3,0.04666666666666667
5169,candidate_2,candidate_1,candidate_3,3,0.04666666666666667
5170,candidate_2,candidate_1,candidate_3,3,0.04666666666666667
5171,candidate_2,candidate_1,candidate_3,3,0.04666666666666667
5172,candidate_2,candidate_1,candidate_3,3,0.04666666666666667
5173,candidate_2,candidate_1,candidate_3,3,0.04666666666666667
5174,0,candidate_1,candidate_3,3,0.04666666666666667
5175,candidate_2,candidate_1,candidate_3,3,0.04666666666666667
5176,candidate_2,0,candidate_3,3,0.04666666666666667
5177,candidate_2,candidate_1,candidate_3,3,0.04666666666666667
5178,candidate_2,candidate_1,candidate_3,3,0.04666666666666667
5179,candidate_2,candidate_1,candidate_3,3,0.04666666666666667
5180,candidate_2,candidate_1,candidate_3,3,0.04666666666666667
5181,candidate_2,candidate_1,candidate_3,3,0.04666666666666667
5182,candidate_2,candidate_1,candidate_3,3,0.04666666666666667
5183,candidate_2,candidate_1,candidate_3,3,0.04666666666666667
5184,candidate_2,candidate_1,candidate_3,3,0.04666666666666667
5185,candidate_2,candidate_1,candidate_3,3,0.04666666666666667
5186,candidate_2,candidate_1,candidate_3,3,0.04666666666666667
5187,candidate_2,candidate_1,0,3,0.04666666666666667
5188,candidate_2,candidate_1,candidate_3,3,0.04666666666666667
5189,candidate_2,candidate_1,candidate_3,3,0.04666666666666667
5190,candidate_2,candidate_1,candidate_3,3,0.04666666666666667
5191,candidate_2,candidate_1,candidate_3,3,0.04666666666666667
5192,candidate_2,candidate_1,candidate_3,3,0.04666666666666667
5193,candidate_2,candidate_1,candidate_3,3,0.04666666666666667
5194,candidate_2,candidate_1,candidate_3,3,0.04666666666666667
5195,candidate_2,candidate_1,candidate_3,3,0.04666666666666667
5196,candidate_2,candidate_1,candidate_3,3,0.04666666666666667
5197,candidate_2,candidate_1,candidate_3,3,0.04666666666666667
5198,candidate_2,candidate_1,candidate_3,3,0.04666666666666667
5199,candidate_2,candidate_1,candidate_3,3,0.04666666666666667
5200,candidate_2,candidate_1,candidate_3,3,0.04666666666666667
5201,candidate_2,candidate_1,0,3,0.04666666666666667
5202,0,candidate_1,candidate_3,3,0.04666666666666667
5203,candidate_2,candidate_1,candidate_3,3,0.04666666666666667
5204,candidate_2,candidate_1,candidate_3,3,0.04666666666666667
5205,0,candidate_1,candidate_3,3,0.04666666666666667
5206,candidate_2,candidate_1,candidate_3,3,0.04666666666666667
5207,candidate_2,candidate_1,candidate_3,3,0.04666666666666667
5208,candidate_2,candidate_1,candidate_3,3,0.04666666666666667
5209,candidate_2,candidate_1,candidate_3,3,0.04666666666666667
5210,candidate_2,0,candidate_3,3,0.04666666666666667
5211,candidate_2,candidate_1,candidate_3,3,0.04666666666666667
5212,candidate_2,0,candidate_3,3,0.04666666666666667
5213,candidate_2,candidate_1,candidate_3,3,0.04666666666666667
5214,candidate_2,candidate_1,candidate_3,3,0.04666666666666667
5215,candidate_2,candidate_1,candidate_3,3,0.04666666666666667
5216,candidate_2,candidate_1,candidate_3,3,0.04666666666666667
5217,candidate_2,candidate_1,candidate_3,3,0.04666666666666667
5218,candidate_2,candidate_1,candidate_3,3,0.04666666666666667
5219,candidate_2,candidate_1,candidate_3,3,0.04666666666666667
5220,candidate_2,candidate_1,candidate_3,3,0.04666666666666667
5221,0,candidate_1,candidate_3,3,0.04666666666666667
5222,candidate_2,candidate_1,candidate_3,3,0.04666666666666667
5223,candidate_2,candidate_1,candidate_3,3,0.04666666666666667
5224,candidate_2,candidate_1,candidate_3,3,0.04666666666666667
5225,candidate_2,candidate_1,candidate_3,3,0.04666666666666667
5226,candidate_2,0,candidate_3,3,0.04666666666666667
5227,candidate_2,candidate_1,candidate_3,3,0.04666666666666667
5228,candidate_2,candidate_1,candidate_3,3,0.04666666666666667
5229,candidate_2,candidate_1,candidate_3,3,0.04666666666666667
5230,candidate_2,candidate_1,candidate_3,3,0.04666666666666667
5231,candidate_2,0,candidate_3,3,0.04666666666666667
5232,candidate_2,candidate_1,candidate_3,3,0.04666666666666667
5233,candidate_2,candidate_1,candidate_3,3,0.04666666666666667
5234,candidate_2,candidate_1,candidate_3,3,0.04666666666666667
5235,candidate_2,candidate_1,candidate_3,3,0.04666666666666667
5236,candidate_2,candidate_1,candidate_3,3,0.04666666666666667
5237,candidate_2,candidate_1,candidate_3,3,0.04666666666666667
5238,candidate_2,candidate_1,candidate_3,3,0.04666666666666667
5239,candidate_2,candidate_1,candidate_3,3,0.04666666666666667
5240,candidate_2,candidate_1,candidate_3,3,0.04666666666666667
5241,candidate_2,candidate_1,candidate_3,3,0.04666666666666667
5242,0,candidate_1,candidate_3,3,0.04666666666666667
5243,candidate_2,candidate_1,candidate_3,3,0.04666666666666667
5244,candidate_2,candidate_1,candidate_3,3,0.04666666666666667
5245,candidate_2,candidate_1,candidate_3,3,0.04666666666666667
5246,candidate_2,candidate_1,candidate_3,3,0.04666666666666667
5247,candidate_2,candidate_1,candidate_3,3,0.04666666666666667
5248,candidate_2,candidate_1,candidate_3,3,0.04666666666666667
5249,0,candidate_1,candidate_3,3,0.04666666666666667
5250,candidate_2,candidate_1,candidate_3,3,0.04666666666666667
5251,candidate_2,candidate_1,candidate_3,3,0.04666666666666667
5252,candidate_2,candidate_1,candidate_3,3,0.04666666666666667
5253,candidate_2,candidate_1,candidate_3,3,0.04666666666666667
5254,candidate_2,candidate_1,candidate_3,3,0.04666666666666667
5255,candidate_2,candidate_1,candidate_3,3,0.04666666666666667
5256,candidate_2,candidate_1,candidate_3,3,0.04666666666666667
5257,candidate_2,candidate_1,candidate_3,3,0.04666666666666667
5258,candidate_2,candidate_1,candidate_3,3,0.04666666666666667
5259,candidate_2,candidate_1,candidate_3,3,0.04666666666666667
5260,candidate_2,candidate_1,candidate_3,3,0.04666666666666667
5261,candidate_2,candidate_1,candidate_3,3,0.04666666666666667
5262,candidate_2,candidate_1,candidate_3,3,0.04666666666666667
5263,candidate_2,candidate_1,candidate_3,3,0.04666666666666667
5264,candidate_2,candidate_1,candidate_3,3,0.04666666666666667
5265,candidate_2,candidate_1,candidate_3,3,0.04666666666666667
5266,candidate_2,candidate_1,candidate_3,3,0.04666666666666667
5267,candidate_2,candidate_1,candidate_3,3,0.04666666666666667
5268,candidate_2,candidate_1,candidate_3,3,0.04666666666666667
5269,candidate_2,candidate_1,candidate_3,3,0.04666666666666667
5270,candidate_2,candidate_1,candidate_3,3,0.04666666666666667
5271,candidate_2,candidate_1,candidate_3,3,0.04666666666666667
5272,candidate_2,candidate_1,candidate_3,3,0.04666666666666667
5273,candidate_2,candidate_1,candidate_3,3,0.04666666666666667
5274,candidate_2,candidate_1,candidate_3,3,0.04666666666666667
5275,candidate_2,candidate_1,candidate_3,3,0.04666666666666667
5276,candidate_2,candidate_1,candidate_3,3,0.04666666666666667
5277,candidate_2,candidate_1,candidate_3,3,0.04666666666666667
5278,candidate_2,candidate_1,candidate_3,3,0.04666666666666667
5279,candidate_2,candidate_1,candidate_3,3,0.04666666666666667
5280,candidate_2,candidate_1,candidate_3,3,0.04666666666666667
5281,candidate_2,candidate_1,candidate_3,3,0.04666666666666667
5282,candidate_2,candidate_1,0,3,0.04666666666666667
5283,candidate_2,candidate_1,0,3,0.04666666666666667
5284,candidate_2,candidate_1,candidate_3,3,0.04666666666666667
5285,candidate_2,candidate_1,candidate_3,3,0.04666666666666667
5286,candidate_2,candidate_1,candidate_3,3,0.04666666666666667
5287,candidate_2,candidate_1,candidate_3,3,0.04666666666666667
5288,candidate_2,0,candidate_3,3,0.04666666666666667
5289,candidate_2,candidate_1,candidate_3,3,0.04666666666666667
5290,candidate_2,candidate_1,candidate_3,3,0.04666666666666667
5291,candidate_2,candidate_1,candidate_3,3,0.04666666666666667
5292,candidate_2,candidate_1,candidate_3,3,0.04666666666666667
5293,candidate_2,candidate_1,candidate_3,3,0.04666666666666667
5294,candidate_2,candidate_1,candidate_3,3,0.04666666666666667
5295,candidate_2,candidate_1,candidate_3,3,0.04666666666666667
5296,candidate_2,candidate_1,candidate_3,3,0.04666666666666667
5297,candidate_2,candidate_1,candidate_3,3,0.04666666666666667
5298,candidate_2,candidate_1,candidate_3,3,0.04666666666666667
5299,candidate_2,candidate_1,candidate_3,3,0.04666666666666667
5300,candidate_2,candidate_1,candidate_3,3,0.04666666666666667
5301,candidate_2,candidate_1,candidate_3,3,0.04666666666666667
5302,candidate_2,candidate_1,candidate_3,3,0.04666666666666667
5303,candidate_2,candidate_1,candidate_3,3,0.04666666666666667
5304,candidate_2,candidate_1,candidate_3,3,0.04666666666666667
5305,candidate_2,candidate_1,candidate_3,3,0.04666666666666667
5306,candidate_2,candidate_1,candidate_3,3,0.04666666666666667
5307,candidate_2,candidate_1,candidate_3,3,0.04666666666666667
5308,candidate_2,candidate_1,0,3,0.04666666666666667
5309,candidate_2,candidate_1,candidate_3,3,0.04666666666666667
5310,candidate_2,candidate_1,candidate_3,3,0.04666666666666667
5311,candidate_2,candidate_1,candidate_3,3,0.04666666666666667
5312,candidate_2,candidate_1,candidate_3,3,0.04666666666666667
5313,candidate_2,candidate_1,candidate_3,3,0.04666666666666667
5314,candidate_2,candidate_1,candidate_3,3,0.04666666666666667
5315,candidate_2,candidate_1,candidate_3,3,0.04666666666666667
5316,candidate_2,candidate_1,0,3,0.04666666666666667
5317,candidate_2,0,candidate_3,3,0.04666666666666667
5318,candidate_2,candidate_1,candidate_3,3,0.04666666666666667
5319,candidate_2,candidate_1,candidate_3,3,0.04666666666666667
5320,candidate_2,candidate_1,candidate_3,3,0.04666666666666667
5321,candidate_2,candidate_1,candidate_3,3,0.04666666666666667
5322,candidate_2,candidate_1,candidate_3,3,0.04666666666666667
5323,candidate_2,candidate_1,candidate_3,3,0.04666666666666667
5324,candidate_2,candidate_1,candidate_3,3,0.04666666666666667
5325,candidate_2,0,candidate_3,3,0.04666666666666667
5326,candidate_2,candidate_1,candidate_3,3,0.04666666666666667
5327,candidate_2,candidate_1,candidate_3,3,0.04666666666666667
5328,candidate_2,candidate_1,candidate_3,3,0.04666666666666667
5329,candidate_2,candidate_1,candidate_3,3,0.04666666666666667
5330,candidate_2,candidate_1,candidate_3,3,0.04666666666666667
5331,candidate_2,candidate_1,candidate_3,3,0.04666666666666667
5332,candidate_2,candidate_1,candidate_3,3,0.04666666666666667
5333,candidate_2,candidate_1,candidate_3,3,0.04666666666666667
5334,candidate_2,candidate_1,candidate_3,3,0.04666666666666667
5335,candidate_2,candidate_1,candidate_3,3,0.04666666666666667
5336,candidate_2,candidate_1,candidate_3,3,0.04666666666666667
5337,candidate_2,candidate_1,candidate_3,3,0.04666666666666667
5338,candidate_2,candidate_1,candidate_3,3,0.04666666666666667
5339,candidate_2,candidate_1,candidate_3,3,0.04666666666666667
5340,candidate_2,candidate_1,candidate_3,3,0.04666666666666667
5341,candidate_2,candidate_1,candidate_3,3,0.04666666666666667
5342,candidate_2,candidate_1,candidate_3,3,0.04666666666666667
5343,candidate_2,candidate_1,candidate_3,3,0.04666666666666667
5344,candidate_2,candidate_1,candidate_3,3,0.04666666666666667
5345,candidate_2,candidate_1,candidate_3,3,0.04666666666666667
5346,candidate_2,candidate_1,candidate_3,3,0.04666666666666667
5347,candidate_2,candidate_1,candidate_3,3,0.04666666666666667
5348,candidate_2,candidate_1,0,3,0.04666666666666667
5349,candidate_2,candidate_1,candidate_3,3,0.04666666666666667
5350,candidate_2,candidate_1,candidate_3,3,0.04666666666666667
5351,candidate_2,candidate_1,candidate_3,3,0.04666666666666667
5352,candidate_2,candidate_1,candidate_3,3,0.04666666666666667
5353,0,candidate_1,0,3,0.04666666666666667
5354,candidate_2,candidate_1,candidate_3,3,0.04666666666666667
5355,candidate_2,candidate_1,candidate_3,3,0.04666666666666667
5356,candidate_2,candidate_1,0,3,0.04666666666666667
5357,candidate_2,candidate_1,candidate_3,3,0.04666666666666667
5358,0,candidate_1,candidate_3,3,0.04666666666666667
5359,candidate_2,candidate_1,candidate_3,3,0.04666666666666667
5360,candidate_2,candidate_1,candidate_3,3,0.04666666666666667
5361,candidate_2,candidate_1,candidate_3,3,0.04666666666666667
5362,candidate_2,candidate_1,candidate_3,3,0.04666666666666667
5363,candidate_2,candidate_1,candidate_3,3,0.04666666666666667
5364,candidate_2,candidate_1,candidate_3,3,0.04666666666666667
5365,candidate_2,candidate_1,candidate_3,3,0.04666666666666667
5366,candidate_2,candidate_1,candidate_3,3,0.04666666666666667
5367,candidate_2,candidate_1,candidate_3,3,0.04666666666666667
5368,candidate_2,candidate_1,candidate_3,3,0.04666666666666667
5369,candidate_2,candidate_1,candidate_3,3,0.04666666666666667
5370,candidate_2,candidate_1,candidate_3,3,0.04666666666666667
5371,candidate_2,candidate_1,candidate_3,3,0.04666666666666667
5372,candidate_2,candidate_1,candidate_3,3,0.04666666666666667
5373,candidate_2,candidate_1,candidate_3,3,0.04666666666666667
5374,candidate_2,candidate_1,candidate_3,3,0.04666666666666667
5375,candidate_2,candidate_1,candidate_3,3,0.04666666666666667
5376,candidate_2,candidate_1,candidate_3,3,0.04666666666666667
5377,candidate_2,candidate_1,candidate_3,3,0.04666666666666667
5378,candidate_2,candidate_1,candidate_3,3,0.04666666666666667
5379,candidate_2,candidate_1,0,3,0.04666666666666667
5380,candidate_2,candidate_1,candidate_3,3,0.04666666666666667
5381,candidate_2,candidate_1,candidate_3,3,0.04666666666666667
5382,candidate_2,candidate_1,candidate_3,3,0.04666666666666667
5383,candidate_2,candidate_1,candidate_3,3,0.04666666666666667
5384,candidate_2,candidate_1,candidate_3,3,0.04666666666666667
5385,candidate_2,candidate_1,candidate_3,3,0.04666666666666667
5386,candidate_2,candidate_1,candidate_3,3,0.04666666666666667
5387,candidate_2,candidate_1,candidate_3,3,0.04666666666666667
5388,candidate_2,candidate_1,candidate_3,3,0.04666666666666667
5389,candidate_2,candidate_1,candidate_3,3,0.04666666666666667
5390,candidate_2,candidate_1,candidate_3,3,0.04666666666666667
5391,candidate_2,candidate_1,candidate_3,3,0.04666666666666667
5392,candidate_2,candidate_1,candidate_3,3,0.04666666666666667
5393,candidate_2,0,candidate_3,3,0.04666666666666667
5394,candidate_2,candidate_1,candidate_3,3,0.04666666666666667
5395,candidate_2,candidate_1,candidate_3,3,0.04666666666666667
5396,candidate_2,candidate_1,candidate_3,3,0.04666666666666667
5397,candidate_2,candidate_1,candidate_3,3,0.04666666666666667
5398,candidate_2,candidate_1,candidate_3,3,0.04666666666666667
5399,candidate_2,candidate_1,candidate_3,3,0.04666666666666667
5400,candidate_2,candidate_1,candidate_3,3,0.04666666666666667
5401,candidate_2,candidate_1,candidate_3,3,0.04666666666666667
5402,candidate_2,candidate_1,candidate_3,3,0.04666666666666667
5403,candidate_2,candidate_1,candidate_3,3,0.04666666666666667
5404,candidate_2,candidate_1,candidate_3,3,0.04666666666666667
5405,candidate_2,candidate_1,candidate_3,3,0.04666666666666667
5406,candidate_2,candidate_1,candidate_3,3,0.04666666666666667
5407,candidate_2,candidate_1,candidate_3,3,0.04666666666666667
5408,candidate_2,0,candidate_3,3,0.04666666666666667
5409,candidate_2,candidate_1,candidate_3,3,0.04666666666666667
5410,candidate_2,candidate_1,candidate_3,3,0.04666666666666667
5411,candidate_2,candidate_1,candidate_3,3,0.04666666666666667
5412,candidate_2,candidate_1,candidate_3,3,0.04666666666666667
5413,candidate_2,candidate_1,candidate_3,3,0.04666666666666667
5414,candidate_2,candidate_1,candidate_3,3,0.04666666666666667
5415,candidate_2,candidate_1,candidate_3,3,0.04666666666666667
5416,candidate_2,candidate_1,0,3,0.04666666666666667
5417,candidate_2,candidate_1,candidate_3,3,0.04666666666666667
5418,candidate_2,candidate_1,candidate_3,3,0.04666666666666667
5419,candidate_2,candidate_1,candidate_3,3,0.04666666666666667
5420,0,candidate_1,candidate_3,3,0.04666666666666667
5421,candidate_2,0,candidate_3,3,0.04666666666666667
5422,candidate_2,candidate_1,candidate_3,3,0.04666666666666667
5423,candidate_2,candidate_1,candidate_3,3,0.04666666666666667
5424,candidate_2,candidate_1,0,3,0.04666666666666667
5425,candidate_2,0,candidate_3,3,0.04666666666666667
5426,candidate_2,candidate_1,0,3,0.04666666666666667
5427,candidate_2,candidate_1,candidate_3,3,0.04666666666666667
5428,candidate_2,0,candidate_3,3,0.04666666666666667
5429,candidate_2,candidate_1,candidate_3,3,0.04666666666666667
5430,candidate_2,candidate_1,candidate_3,3,0.04666666666666667
5431,candidate_2,candidate_1,candidate_3,3,0.04666666666666667
5432,candidate_2,candidate_1,candidate_3,3,0.04666666666666667
5433,candidate_2,candidate_1,candidate_3,3,0.04666666666666667
5434,0,0,candidate_3,3,0.04666666666666667
5435,candidate_2,candidate_1,candidate_3,3,0.04666666666666667
5436,candidate_2,candidate_1,candidate_3,3,0.04666666666666667
5437,candidate_2,candidate_1,candidate_3,3,0.04666666666666667
5438,candidate_2,candidate_1,candidate_3,3,0.04666666666666667
5439,candidate_2,candidate_1,candidate_3,3,0.04666666666666667
5440,candidate_2,candidate_1,candidate_3,3,0.04666666666666667
5441,candidate_2,candidate_1,candidate_3,3,0.04666666666666667
5442,candidate_2,candidate_1,candidate_3,3,0.04666666666666667
5443,candidate_2,candidate_1,candidate_3,3,0.04666666666666667
5444,candidate_2,candidate_1,candidate_3,3,0.04666666666666667
5445,candidate_2,candidate_1,candidate_3,3,0.04666666666666667
5446,0,candidate_1,candidate_3,3,0.04666666666666667
5447,candidate_2,candidate_1,candidate_3,3,0.04666666666666667
5448,candidate_2,candidate_1,candidate_3,3,0.04666666666666667
5449,candidate_2,candidate_1,candidate_3,3,0.04666666666666667
5450,candidate_2,candidate_1,candidate_3,3,0.04666666666666667
5451,candidate_2,candidate_1,candidate_3,3,0.04666666666666667
5452,candidate_2,candidate_1,candidate_3,3,0.04666666666666667
5453,candidate_2,candidate_1,candidate_3,3,0.04666666666666667
5454,candidate_2,candidate_1,candidate_3,3,0.04666666666666667
5455,candidate_2,candidate_1,candidate_3,3,0.04666666666666667
5456,candidate_2,candidate_1,candidate_3,3,0.04666666666666667
5457,candidate_2,candidate_1,candidate_3,3,0.04666666666666667
5458,candidate_2,candidate_1,candidate_3,3,0.04666666666666667
5459,candidate_2,candidate_1,candidate_3,3,0.04666666666666667
5460,candidate_2,candidate_1,candidate_3,3,0.04666666666666667
5461,candidate_2,candidate_1,candidate_3,3,0.04666666666666667
5462,candidate_2,candidate_1,candidate_3,3,0.04666666666666667
5463,candidate_2,candidate_1,candidate_3,3,0.04666666666666667
5464,candidate_2,candidate_1,candidate_3,3,0.04666666666666667
5465,candidate_2,candidate_1,candidate_3,3,0.04666666666666667
5466,candidate_2,candidate_1,candidate_3,3,0.04666666666666667
5467,candidate_2,candidate_1,candidate_3,3,0.04666666666666667
5468,candidate_2,candidate_1,candidate_3,3,0.04666666666666667
5469,candidate_2,candidate_1,candidate_3,3,0.04666666666666667
5470,candidate_2,candidate_1,candidate_3,3,0.04666666666666667
5471,candidate_2,0,0,3,0.04666666666666667
5472,candidate_2,candidate_1,candidate_3,3,0.04666666666666667
5473,candidate_2,candidate_1,candidate_3,3,0.04666666666666667
5474,candidate_2,candidate_1,candidate_3,3,0.04666666666666667
5475,candidate_2,0,candidate_3,3,0.04666666666666667
5476,candidate_2,candidate_1,candidate_3,3,0.04666666666666667
5477,candidate_2,candidate_1,candidate_3,3,0.04666666666666667
5478,candidate_2,candidate_1,candidate_3,3,0.04666666666666667
5479,candidate_2,0,candidate_3,3,0.04666666666666667
5480,candidate_2,candidate_1,0,3,0.04666666666666667
5481,candidate_2,candidate_1,candidate_3,3,0.04666666666666667
5482,candidate_2,candidate_1,candidate_3,3,0.04666666666666667
5483,candidate_2,candidate_1,candidate_3,3,0.04666666666666667
5484,0,candidate_1,candidate_3,3,0.04666666666666667
5485,candidate_2,candidate_1,candidate_3,3,0.04666666666666667
5486,candidate_2,candidate_1,candidate_3,3,0.04666666666666667
5487,candidate_2,candidate_1,candidate_3,3,0.04666666666666667
5488,candidate_2,candidate_1,candidate_3,3,0.04666666666666667
5489,candidate_2,candidate_1,candidate_3,3,0.04666666666666667
5490,candidate_2,candidate_1,candidate_3,3,0.04666666666666667
5491,candidate_2,candidate_1,candidate_3,3,0.04666666666666667
5492,candidate_2,candidate_1,candidate_3,3,0.04666666666666667
5493,candidate_2,candidate_1,candidate_3,3,0.04666666666666667
5494,candidate_2,0,candidate_3,3,0.04666666666666667
5495,candidate_2,0,candidate_3,3,0.04666666666666667
5496,candidate_2,candidate_1,candidate_3,3,0.04666666666666667
5497,candidate_2,0,candidate_3,3,0.04666666666666667
5498,candidate_2,candidate_1,candidate_3,3,0.04666666666666667
5499,candidate_2,candidate_1,candidate_3,3,0.04666666666666667
5500,candidate_2,candidate_1,candidate_3,3,0.04666666666666667
5501,candidate_2,candidate_1,candidate_3,3,0.04666666666666667
5502,candidate_2,candidate_1,candidate_3,3,0.04666666666666667
5503,candidate_2,candidate_1,candidate_3,3,0.04666666666666667
5504,candidate_2,candidate_1,candidate_3,3,0.04666666666666667
5505,candidate_2,candidate_1,candidate_3,3,0.04666666666666667
5506,candidate_2,candidate_1,candidate_3,3,0.04666666666666667
5507,candidate_2,candidate_1,candidate_3,3,0.04666666666666667
5508,candidate_2,candidate_1,candidate_3,3,0.04666666666666667
5509,candidate_2,candidate_1,candidate_3,3,0.04666666666666667
5510,candidate_2,candidate_1,candidate_3,3,0.04666666666666667
5511,candidate_2,candidate_1,candidate_3,3,0.04666666666666667
5512,candidate_2,candidate_1,candidate_3,3,0.04666666666666667
5513,candidate_2,candidate_1,candidate_3,3,0.04666666666666667
5514,candidate_2,candidate_1,candidate_3,3,0.04666666666666667
5515,candidate_2,candidate_1,candidate_3,3,0.04666666666666667
5516,candidate_2,candidate_1,candidate_3,3,0.04666666666666667
5517,candidate_2,candidate_1,candidate_3,3,0.04666666666666667
5518,candidate_2,candidate_1,candidate_3,3,0.04666666666666667
5519,candidate_2,candidate_1,candidate_3,3,0.04666666666666667
5520,candidate_2,candidate_1,candidate_3,3,0.04666666666666667
5521,candidate_2,candidate_1,candidate_3,3,0.04666666666666667
5522,candidate_2,candidate_1,candidate_3,3,0.04666666666666667
5523,0,candidate_1,0,3,0.04666666666666667
5524,candidate_2,candidate_1,candidate_3,3,0.04666666666666667
5525,candidate_2,candidate_1,candidate_3,3,0.04666666666666667
5526,candidate_2,candidate_1,candidate_3,3,0.04666666666666667
5527,candidate_2,candidate_1,candidate_3,3,0.04666666666666667
5528,candidate_2,candidate_1,candidate_3,3,0.04666666666666667
5529,candidate_2,0,candidate_3,3,0.04666666666666667
5530,candidate_2,0,candidate_3,3,0.04666666666666667
5531,candidate_2,candidate_1,candidate_3,3,0.04666666666666667
5532,candidate_2,candidate_1,candidate_3,3,0.04666666666666667
5533,candidate_2,candidate_1,candidate_3,3,0.04666666666666667
5534,candidate_2,candidate_1,candidate_3,3,0.04666666666666667
5535,candidate_2,candidate_1,0,3,0.04666666666666667
5536,candidate_2,candidate_1,candidate_3,3,0.04666666666666667
5537,candidate_2,0,candidate_3,3,0.04666666666666667
5538,candidate_2,candidate_1,candidate_3,3,0.04666666666666667
5539,candidate_2,candidate_1,candidate_3,3,0.04666666666666667
5540,candidate_2,candidate_1,candidate_3,3,0.04666666666666667
5541,candidate_2,candidate_1,candidate_3,3,0.04666666666666667
5542,candidate_2,candidate_1,candidate_3,3,0.04666666666666667
5543,candidate_2,candidate_1,0,3,0.04666666666666667
5544,candidate_2,candidate_1,candidate_3,3,0.04666666666666667
5545,candidate_2,candidate_1,candidate_3,3,0.04666666666666667
5546,candidate_2,candidate_1,candidate_3,3,0.04666666666666667
5547,candidate_2,candidate_1,candidate_3,3,0.04666666666666667
5548,candidate_2,candidate_1,candidate_3,3,0.04666666666666667
5549,candidate_2,candidate_1,candidate_3,3,0.04666666666666667
5550,candidate_2,candidate_1,candidate_3,3,0.04666666666666667
5551,candidate_2,candidate_1,candidate_3,3,0.04666666666666667
5552,candidate_2,candidate_1,candidate_3,3,0.04666666666666667
5553,candidate_2,candidate_1,candidate_3,3,0.04666666666666667
5554,candidate_2,candidate_1,candidate_3,3,0.04666666666666667
5555,candidate_2,candidate_1,candidate_3,3,0.04666666666666667
5556,candidate_2,candidate_1,candidate_3,3,0.04666666666666667
5557,candidate_2,candidate_1,candidate_3,3,0.04666666666666667
5558,candidate_2,candidate_1,candidate_3,3,0.04666666666666667
5559,0,candidate_1,candidate_3,3,0.04666666666666667
5560,candidate_2,candidate_1,candidate_3,3,0.04666666666666667
5561,candidate_2,candidate_1,candidate_3,3,0.04666666666666667
5562,candidate_2,candidate_1,candidate_3,3,0.04666666666666667
5563,candidate_2,candidate_1,candidate_3,3,0.04666666666666667
5564,candidate_2,0,candidate_3,3,0.04666666666666667
5565,candidate_2,candidate_1,candidate_3,3,0.04666666666666667
5566,candidate_2,candidate_1,candidate_3,3,0.04666666666666667
5567,candidate_2,candidate_1,candidate_3,3,0.04666666666666667
5568,candidate_2,candidate_1,candidate_3,3,0.04666666666666667
5569,candidate_2,candidate_1,candidate_3,3,0.04666666666666667
5570,candidate_2,candidate_1,candidate_3,3,0.04666666666666667
5571,candidate_2,candidate_1,candidate_3,3,0.04666666666666667
5572,candidate_2,candidate_1,candidate_3,3,0.04666666666666667
5573,0,candidate_1,candidate_3,3,0.04666666666666667
5574,candidate_2,candidate_1,candidate_3,3,0.04666666666666667
5575,candidate_2,candidate_1,candidate_3,3,0.04666666666666667
5576,candidate_2,candidate_1,candidate_3,3,0.04666666666666667
5577,candidate_2,candidate_1,candidate_3,3,0.04666666666666667
5578,candidate_2,candidate_1,candidate_3,3,0.04666666666666667
5579,candidate_2,candidate_1,candidate_3,3,0.04666666666666667
5580,candidate_2,candidate_1,candidate_3,3,0.04666666666666667
5581,candidate_2,candidate_1,candidate_3,3,0.04666666666666667
5582,candidate_2,candidate_1,candidate_3,3,0.04666666666666667
5583,candidate_2,candidate_1,0,3,0.04666666666666667
5584,candidate_2,candidate_1,0,3,0.04666666666666667
5585,candidate_2,candidate_1,candidate_3,3,0.04666666666666667
5586,candidate_2,candidate_1,candidate_3,3,0.04666666666666667
5587,candidate_2,candidate_1,candidate_3,3,0.04666666666666667
5588,candidate_2,candidate_1,candidate_3,3,0.04666666666666667
5589,candidate_2,candidate_1,candidate_3,3,0.04666666666666667
5590,candidate_2,candidate_1,candidate_3,3,0.04666666666666667
5591,candidate_2,candidate_1,candidate_3,3,0.04666666666666667
5592,candidate_2,candidate_1,candidate_3,3,0.04666666666666667
5593,candidate_2,candidate_1,candidate_3,3,0.04666666666666667
5594,candidate_2,candidate_1,candidate_3,3,0.04666666666666667
5595,candidate_2,candidate_1,candidate_3,3,0.04666666666666667
5596,candidate_2,candidate_1,candidate_3,3,0.04666666666666667
5597,candidate_2,candidate_1,candidate_3,3,0.04666666666666667
5598,candidate_2,candidate_1,candidate_3,3,0.04666666666666667
5599,candidate_2,candidate_1,candidate_3,3,0.04666666666666667
5600,candidate_2,candidate_1,candidate_3,3,0.04666666666666667
5601,candidate_2,candidate_1,candidate_3,3,0.04666666666666667
5602,candidate_2,candidate_1,candidate_3,3,0.04666666666666667
5603,candidate_2,candidate_1,candidate_3,3,0.04666666666666667
5604,candidate_2,candidate_1,candidate_3,3,0.04666666666666667
5605,candidate_2,candidate_1,candidate_3,3,0.04666666666666667
5606,candidate_2,0,candidate_3,3,0.04666666666666667
5607,candidate_2,candidate_1,candidate_3,3,0.04666666666666667
5608,candidate_2,0,candidate_3,3,0.04666666666666667
5609,candidate_2,candidate_1,candidate_3,3,0.04666666666666667
5610,candidate_2,candidate_1,candidate_3,3,0.04666666666666667
5611,0,candidate_1,candidate_3,3,0.04666666666666667
5612,candidate_2,candidate_1,candidate_3,3,0.04666666666666667
5613,candidate_2,candidate_1,candidate_3,3,0.04666666666666667
5614,candidate_2,candidate_1,candidate_3,3,0.04666666666666667
5615,candidate_2,candidate_1,candidate_3,3,0.04666666666666667
5616,candidate_2,candidate_1,candidate_3,3,0.04666666666666667
5617,candidate_2,candidate_1,candidate_3,3,0.04666666666666667
5618,candidate_2,candidate_1,candidate_3,3,0.04666666666666667
5619,candidate_2,candidate_1,candidate_3,3,0.04666666666666667
5620,candidate_2,candidate_1,candidate_3,3,0.04666666666666667
5621,candidate_2,candidate_1,candidate_3,3,0.04666666666666667
5622,candidate_2,candidate_1,candidate_3,3,0.04666666666666667
5623,candidate_2,candidate_1,candidate_3,3,0.04666666666666667
5624,candidate_2,candidate_1,candidate_3,3,0.04666666666666667
5625,candidate_2,candidate_1,candidate_3,3,0.04666666666666667
5626,candidate_2,candidate_1,candidate_3,3,0.04666666666666667
5627,candidate_2,candidate_1,candidate_3,3,0.04666666666666667
5628,candidate_2,candidate_1,candidate_3,3,0.04666666666666667
5629,0,candidate_1,candidate_3,3,0.04666666666666667
5630,candidate_2,candidate_1,candidate_3,3,0.04666666666666667
5631,candidate_2,candidate_1,candidate_3,3,0.04666666666666667
5632,candidate_2,candidate_1,candidate_3,3,0.04666666666666667
5633,candidate_2,candidate_1,0,3,0.04666666666666667
5634,candidate_2,candidate_1,candidate_3,3,0.04666666666666667
5635,candidate_2,candidate_1,candidate_3,3,0.04666666666666667
5636,candidate_2,candidate_1,candidate_3,3,0.04666666666666667
5637,candidate_2,candidate_1,candidate_3,3,0.04666666666666667
5638,candidate_2,candidate_1,candidate_3,3,0.04666666666666667
5639,candidate_2,0,candidate_3,3,0.04666666666666667
5640,candidate_2,candidate_1,candidate_3,3,0.04666666666666667
5641,candidate_2,candidate_1,candidate_3,3,0.04666666666666667
5642,candidate_2,candidate_1,candidate_3,3,0.04666666666666667
5643,candidate_2,candidate_1,candidate_3,3,0.04666666666666667
5644,candidate_2,candidate_1,candidate_3,3,0.04666666666666667
5645,candidate_2,0,candidate_3,3,0.04666666666666667
5646,candidate_2,candidate_1,candidate_3,3,0.04666666666666667
5647,candidate_2,candidate_1,candidate_3,3,0.04666666666666667
5648,candidate_2,candidate_1,candidate_3,3,0.04666666666666667
5649,candidate_2,candidate_1,candidate_3,3,0.04666666666666667
5650,candidate_2,candidate_1,candidate_3,3,0.04666666666666667
5651,candidate_2,candidate_1,candidate_3,3,0.04666666666666667
5652,candidate_2,candidate_1,candidate_3,3,0.04666666666666667
5653,candidate_2,candidate_1,candidate_3,3,0.04666666666666667
5654,candidate_2,candidate_1,candidate_3,3,0.04666666666666667
5655,candidate_2,candidate_1,candidate_3,3,0.04666666666666667
5656,candidate_2,candidate_1,candidate_3,3,0.04666666666666667
5657,candidate_2,candidate_1,candidate_3,3,0.04666666666666667
5658,0,candidate_1,candidate_3,3,0.04666666666666667
5659,candidate_2,candidate_1,candidate_3,3,0.04666666666666667
5660,candidate_2,0,candidate_3,3,0.04666666666666667
5661,candidate_2,candidate_1,candidate_3,3,0.04666666666666667
5662,candidate_2,candidate_1,candidate_3,3,0.04666666666666667
5663,candidate_2,0,candidate_3,3,0.04666666666666667
5664,candidate_2,candidate_1,candidate_3,3,0.04666666666666667
5665,candidate_2,candidate_1,candidate_3,3,0.04666666666666667
5666,candidate_2,candidate_1,candidate_3,3,0.04666666666666667
5667,candidate_2,candidate_1,candidate_3,3,0.04666666666666667
5668,candidate_2,candidate_1,candidate_3,3,0.04666666666666667
5669,candidate_2,candidate_1,candidate_3,3,0.04666666666666667
5670,0,candidate_1,candidate_3,3,0.04666666666666667
5671,candidate_2,candidate_1,candidate_3,3,0.04666666666666667
5672,candidate_2,candidate_1,candidate_3,3,0.04666666666666667
5673,candidate_2,candidate_1,candidate_3,3,0.04666666666666667
5674,candidate_2,candidate_1,candidate_3,3,0.04666666666666667
5675,candidate_2,candidate_1,candidate_3,3,0.04666666666666667
5676,candidate_2,candidate_1,candidate_3,3,0.04666666666666667
5677,candidate_2,candidate_1,candidate_3,3,0.04666666666666667
5678,candidate_2,candidate_1,candidate_3,3,0.04666666666666667
5679,candidate_2,candidate_1,candidate_3,3,0.04666666666666667
5680,candidate_2,candidate_1,0,3,0.04666666666666667
5681,candidate_2,candidate_1,candidate_3,3,0.04666666666666667
5682,candidate_2,candidate_1,candidate_3,3,0.04666666666666667
5683,candidate_2,candidate_1,candidate_3,3,0.04666666666666667
5684,candidate_2,candidate_1,candidate_3,3,0.04666666666666667
5685,candidate_2,candidate_1,candidate_3,3,0.04666666666666667
5686,candidate_2,candidate_1,candidate_3,3,0.04666666666666667
5687,candidate_2,candidate_1,candidate_3,3,0.04666666666666667
5688,candidate_2,candidate_1,candidate_3,3,0.04666666666666667
5689,candidate_2,candidate_1,candidate_3,3,0.04666666666666667
5690,candidate_2,candidate_1,candidate_3,3,0.04666666666666667
5691,candidate_2,candidate_1,candidate_3,3,0.04666666666666667
5692,candidate_2,candidate_1,candidate_3,3,0.04666666666666667
5693,candidate_2,candidate_1,candidate_3,3,0.04666666666666667
5694,candidate_2,candidate_1,candidate_3,3,0.04666666666666667
5695,candidate_2,candidate_1,candidate_3,3,0.04666666666666667
5696,candidate_2,candidate_1,candidate_3,3,0.04666666666666667
5697,candidate_2,candidate_1,candidate_3,3,0.04666666666666667
5698,candidate_2,candidate_1,candidate_3,3,0.04666666666666667
5699,candidate_2,candidate_1,candidate_3,3,0.04666666666666667
5700,candidate_2,candidate_1,candidate_3,3,0.04666666666666667
5701,candidate_2,candidate_1,candidate_3,3,0.04666666666666667
5702,candidate_2,candidate_1,0,3,0.04666666666666667
5703,candidate_2,candidate_1,candidate_3,3,0.04666666666666667
5704,candidate_2,candidate_1,candidate_3,3,0.04666666666666667
5705,candidate_2,candidate_1,candidate_3,3,0.04666666666666667
5706,candidate_2,candidate_1,candidate_3,3,0.04666666666666667
5707,candidate_2,candidate_1,candidate_3,3,0.04666666666666667
5708,candidate_2,0,candidate_3,3,0.04666666666666667
5709,candidate_2,0,candidate_3,3,0.04666666666666667
5710,candidate_2,0,candidate_3,3,0.04666666666666667
5711,candidate_2,candidate_1,candidate_3,3,0.04666666666666667
5712,candidate_2,candidate_1,candidate_3,3,0.04666666666666667
5713,candidate_2,candidate_1,candidate_3,3,0.04666666666666667
5714,candidate_2,candidate_1,candidate_3,3,0.04666666666666667
5715,candidate_2,candidate_1,candidate_3,3,0.04666666666666667
5716,candidate_2,candidate_1,candidate_3,3,0.04666666666666667
5717,candidate_2,candidate_1,candidate_3,3,0.04666666666666667
5718,candidate_2,candidate_1,candidate_3,3,0.04666666666666667
5719,candidate_2,candidate_1,candidate_3,3,0.04666666666666667
5720,candidate_2,candidate_1,candidate_3,3,0.04666666666666667
5721,candidate_2,candidate_1,candidate_3,3,0.04666666666666667
5722,candidate_2,candidate_1,candidate_3,3,0.04666666666666667
5723,candidate_2,0,candidate_3,3,0.04666666666666667
5724,candidate_2,candidate_1,candidate_3,3,0.04666666666666667
5725,candidate_2,candidate_1,candidate_3,3,0.04666666666666667
5726,candidate_2,candidate_1,candidate_3,3,0.04666666666666667
5727,candidate_2,candidate_1,candidate_3,3,0.04666666666666667
5728,candidate_2,candidate_1,candidate_3,3,0.04666666666666667
5729,candidate_2,candidate_1,candidate_3,3,0.04666666666666667
5730,candidate_2,candidate_1,candidate_3,3,0.04666666666666667
5731,candidate_2,candidate_1,candidate_3,3,0.04666666666666667
5732,candidate_2,candidate_1,candidate_3,3,0.04666666666666667
5733,candidate_2,candidate_1,candidate_3,3,0.04666666666666667
5734,candidate_2,candidate_1,candidate_3,3,0.04666666666666667
5735,0,candidate_1,0,3,0.04666666666666667
5736,candidate_2,candidate_1,candidate_3,3,0.04666666666666667
5737,candidate_2,candidate_1,candidate_3,3,0.04666666666666667
5738,candidate_2,candidate_1,candidate_3,3,0.04666666666666667
5739,candidate_2,candidate_1,candidate_3,3,0.04666666666666667
5740,candidate_2,candidate_1,candidate_3,3,0.04666666666666667
5741,candidate_2,candidate_1,candidate_3,3,0.04666666666666667
5742,candidate_2,candidate_1,candidate_3,3,0.04666666666666667
5743,candidate_2,0,candidate_3,3,0.04666666666666667
5744,candidate_2,candidate_1,candidate_3,3,0.04666666666666667
5745,candidate_2,candidate_1,candidate_3,3,0.04666666666666667
5746,candidate_2,candidate_1,candidate_3,3,0.04666666666666667
5747,candidate_2,candidate_1,candidate_3,3,0.04666666666666667
5748,candidate_2,candidate_1,candidate_3,3,0.04666666666666667
5749,candidate_2,candidate_1,candidate_3,3,0.04666666666666667
5750,candidate_2,candidate_1,candidate_3,3,0.04666666666666667
5751,candidate_2,0,candidate_3,3,0.04666666666666667
5752,candidate_2,candidate_1,candidate_3,3,0.04666666666666667
5753,candidate_2,candidate_1,candidate_3,3,0.04666666666666667
5754,candidate_2,candidate_1,0,3,0.04666666666666667
5755,candidate_2,candidate_1,candidate_3,3,0.04666666666666667
5756,candidate_2,0,candidate_3,3,0.04666666666666667
5757,candidate_2,candidate_1,candidate_3,3,0.04666666666666667
5758,candidate_2,candidate_1,candidate_3,3,0.04666666666666667
5759,candidate_2,candidate_1,candidate_3,3,0.04666666666666667
5760,candidate_2,candidate_1,candidate_3,3,0.04666666666666667
5761,candidate_2,candidate_1,candidate_3,3,0.04666666666666667
5762,candidate_2,candidate_1,candidate_3,3,0.04666666666666667
5763,candidate_2,candidate_1,candidate_3,3,0.04666666666666667
5764,candidate_2,candidate_1,candidate_3,3,0.04666666666666667
5765,candidate_2,candidate_1,candidate_3,3,0.04666666666666667
5766,candidate_2,candidate_1,candidate_3,3,0.04666666666666667
5767,candidate_2,candidate_1,0,3,0.04666666666666667
5768,candidate_2,candidate_1,candidate_3,3,0.04666666666666667
5769,candidate_2,candidate_1,candidate_3,3,0.04666666666666667
5770,candidate_2,0,candidate_3,3,0.04666666666666667
5771,candidate_2,candidate_1,candidate_3,3,0.04666666666666667
5772,candidate_2,candidate_1,candidate_3,3,0.04666666666666667
5773,candidate_2,candidate_1,candidate_3,3,0.04666666666666667
5774,candidate_2,candidate_1,candidate_3,3,0.04666666666666667
5775,candidate_2,candidate_1,candidate_3,3,0.04666666666666667
5776,0,candidate_1,candidate_3,3,0.04666666666666667
5777,candidate_2,candidate_1,candidate_3,3,0.04666666666666667
5778,candidate_2,candidate_1,candidate_3,3,0.04666666666666667
5779,candidate_2,candidate_1,candidate_3,3,0.04666666666666667
5780,candidate_2,candidate_1,0,3,0.04666666666666667
5781,candidate_2,candidate_1,candidate_3,3,0.04666666666666667
5782,candidate_2,candidate_1,candidate_3,3,0.04666666666666667
5783,candidate_2,candidate_1,candidate_3,3,0.04666666666666667
5784,candidate_2,candidate_1,candidate_3,3,0.04666666666666667
5785,candidate_2,candidate_1,candidate_3,3,0.04666666666666667
5786,candidate_2,candidate_1,candidate_3,3,0.04666666666666667
5787,candidate_2,candidate_1,candidate_3,3,0.04666666666666667
5788,candidate_2,0,candidate_3,3,0.04666666666666667
5789,candidate_2,candidate_1,candidate_3,3,0.04666666666666667
5790,0,candidate_1,candidate_3,3,0.04666666666666667
5791,candidate_2,candidate_1,candidate_3,3,0.04666666666666667
5792,candidate_2,candidate_1,candidate_3,3,0.04666666666666667
5793,candidate_2,candidate_1,candidate_3,3,0.04666666666666667
5794,candidate_2,candidate_1,candidate_3,3,0.04666666666666667
5795,candidate_2,candidate_1,candidate_3,3,0.04666666666666667
5796,candidate_2,candidate_1,candidate_3,3,0.04666666666666667
5797,candidate_2,candidate_1,candidate_3,3,0.04666666666666667
5798,candidate_2,candidate_1,candidate_3,3,0.04666666666666667
5799,candidate_2,candidate_1,candidate_3,3,0.04666666666666667
5800,candidate_2,candidate_1,candidate_3,3,0.04666666666666667
5801,candidate_2,candidate_1,candidate_3,3,0.04666666666666667
5802,candidate_2,candidate_1,candidate_3,3,0.04666666666666667
5803,0,candidate_1,candidate_3,3,0.04666666666666667
5804,candidate_2,candidate_1,candidate_3,3,0.04666666666666667
5805,candidate_2,candidate_1,candidate_3,3,0.04666666666666667
5806,candidate_2,candidate_1,candidate_3,3,0.04666666666666667
5807,candidate_2,candidate_1,candidate_3,3,0.04666666666666667
5808,candidate_2,candidate_1,candidate_3,3,0.04666666666666667
5809,candidate_2,candidate_1,candidate_3,3,0.04666666666666667
5810,candidate_2,candidate_1,candidate_3,3,0.04666666666666667
5811,0,candidate_1,candidate_3,3,0.04666666666666667
5812,candidate_2,candidate_1,candidate_3,3,0.04666666666666667
5813,candidate_2,candidate_1,candidate_3,3,0.04666666666666667
5814,candidate_2,candidate_1,candidate_3,3,0.04666666666666667
5815,candidate_2,candidate_1,candidate_3,3,0.04666666666666667
5816,0,candidate_1,candidate_3,3,0.04666666666666667
5817,candidate_2,candidate_1,candidate_3,3,0.04666666666666667
5818,candidate_2,candidate_1,candidate_3,3,0.04666666666666667
5819,candidate_2,candidate_1,candidate_3,3,0.04666666666666667
5820,candidate_2,candidate_1,candidate_3,3,0.04666666666666667
5821,candidate_2,candidate_1,candidate_3,3,0.04666666666666667
5822,candidate_2,candidate_1,candidate_3,3,0.04666666666666667
5823,candidate_2,candidate_1,candidate_3,3,0.04666666666666667
5824,candidate_2,candidate_1,candidate_3,3,0.04666666666666667
5825,candidate_2,candidate_1,candidate_3,3,0.04666666666666667
5826,candidate_2,candidate_1,candidate_3,3,0.04666666666666667
5827,candidate_2,candidate_1,candidate_3,3,0.04666666666666667
5828,candidate_2,candidate_1,candidate_3,3,0.04666666666666667
5829,candidate_2,candidate_1,candidate_3,3,0.04666666666666667
5830,candidate_2,candidate_1,0,3,0.04666666666666667
5831,0,candidate_1,candidate_3,3,0.04666666666666667
5832,candidate_2,candidate_1,candidate_3,3,0.04666666666666667
5833,candidate_2,candidate_1,0,3,0.04666666666666667
5834,candidate_2,candidate_1,candidate_3,3,0.04666666666666667
5835,candidate_2,candidate_1,candidate_3,3,0.04666666666666667
5836,candidate_2,candidate_1,candidate_3,3,0.04666666666666667
5837,candidate_2,candidate_1,candidate_3,3,0.04666666666666667
5838,candidate_2,candidate_1,candidate_3,3,0.04666666666666667
5839,candidate_2,candidate_1,candidate_3,3,0.04666666666666667
5840,candidate_2,candidate_1,candidate_3,3,0.04666666666666667
5841,candidate_2,candidate_1,candidate_3,3,0.04666666666666667
5842,0,candidate_1,candidate_3,3,0.04666666666666667
5843,candidate_2,candidate_1,candidate_3,3,0.04666666666666667
5844,candidate_2,0,candidate_3,3,0.04666666666666667
5845,candidate_2,candidate_1,candidate_3,3,0.04666666666666667
5846,candidate_2,0,candidate_3,3,0.04666666666666667
5847,candidate_2,candidate_1,candidate_3,3,0.04666666666666667
5848,candidate_2,candidate_1,candidate_3,3,0.04666666666666667
5849,candidate_2,candidate_1,candidate_3,3,0.04666666666666667
5850,candidate_2,candidate_1,candidate_3,3,0.04666666666666667
5851,candidate_2,candidate_1,candidate_3,3,0.04666666666666667
5852,candidate_2,candidate_1,candidate_3,3,0.04666666666666667
5853,candidate_2,candidate_1,candidate_3,3,0.04666666666666667
5854,candidate_2,candidate_1,candidate_3,3,0.04666666666666667
5855,candidate_2,candidate_1,candidate_3,3,0.04666666666666667
5856,candidate_2,candidate_1,candidate_3,3,0.04666666666666667
5857,candidate_2,candidate_1,candidate_3,3,0.04666666666666667
5858,candidate_2,candidate_1,0,3,0.04666666666666667
5859,candidate_2,candidate_1,candidate_3,3,0.04666666666666667
5860,candidate_2,candidate_1,candidate_3,3,0.04666666666666667
5861,candidate_2,candidate_1,0,3,0.04666666666666667
5862,0,candidate_1,candidate_3,3,0.04666666666666667
5863,candidate_2,candidate_1,candidate_3,3,0.04666666666666667
5864,candidate_2,candidate_1,candidate_3,3,0.04666666666666667
5865,candidate_2,candidate_1,candidate_3,3,0.04666666666666667
5866,candidate_2,candidate_1,0,3,0.04666666666666667
5867,candidate_2,candidate_1,candidate_3,3,0.04666666666666667
5868,0,candidate_1,candidate_3,3,0.04666666666666667
5869,candidate_2,candidate_1,candidate_3,3,0.04666666666666667
5870,candidate_2,candidate_1,candidate_3,3,0.04666666666666667
5871,0,0,candidate_3,3,0.04666666666666667
5872,candidate_2,candidate_1,candidate_3,3,0.04666666666666667
5873,candidate_2,candidate_1,candidate_3,3,0.04666666666666667
5874,candidate_2,candidate_1,candidate_3,3,0.04666666666666667
5875,candidate_2,candidate_1,0,3,0.04666666666666667
5876,candidate_2,0,candidate_3,3,0.04666666666666667
5877,candidate_2,candidate_1,0,3,0.04666666666666667
5878,candidate_2,candidate_1,0,3,0.04666666666666667
5879,candidate_2,candidate_1,candidate_3,3,0.04666666666666667
5880,candidate_2,candidate_1,candidate_3,3,0.04666666666666667
5881,candidate_2,candidate_1,candidate_3,3,0.04666666666666667
5882,candidate_2,candidate_1,candidate_3,3,0.04666666666666667
5883,candidate_2,candidate_1,candidate_3,3,0.04666666666666667
5884,candidate_2,candidate_1,candidate_3,3,0.04666666666666667
5885,candidate_2,candidate_1,candidate_3,3,0.04666666666666667
5886,candidate_2,0,candidate_3,3,0.04666666666666667
5887,candidate_2,candidate_1,candidate_3,3,0.04666666666666667
5888,candidate_2,candidate_1,candidate_3,3,0.04666666666666667
5889,candidate_2,candidate_1,candidate_3,3,0.04666666666666667
5890,candidate_2,candidate_1,candidate_3,3,0.04666666666666667
5891,candidate_2,candidate_1,0,3,0.04666666666666667
5892,0,candidate_1,candidate_3,3,0.04666666666666667
5893,candidate_2,candidate_1,candidate_3,3,0.04666666666666667
5894,candidate_2,0,candidate_3,3,0.04666666666666667
5895,candidate_2,candidate_1,candidate_3,3,0.04666666666666667
5896,candidate_2,candidate_1,candidate_3,3,0.04666666666666667
5897,candidate_2,candidate_1,candidate_3,3,0.04666666666666667
5898,candidate_2,candidate_1,candidate_3,3,0.04666666666666667
5899,candidate_2,candidate_1,candidate_3,3,0.04666666666666667
5900,candidate_2,candidate_1,candidate_3,3,0.04666666666666667
5901,candidate_2,candidate_1,candidate_3,3,0.04666666666666667
5902,candidate_2,candidate_1,candidate_3,3,0.04666666666666667
5903,candidate_2,candidate_1,0,3,0.04666666666666667
5904,candidate_2,candidate_1,candidate_3,3,0.04666666666666667
5905,candidate_2,candidate_1,candidate_3,3,0.04666666666666667
5906,candidate_2,candidate_1,candidate_3,3,0.04666666666666667
5907,candidate_2,candidate_1,candidate_3,3,0.04666666666666667
5908,candidate_2,candidate_1,candidate_3,3,0.04666666666666667
5909,candidate_2,candidate_1,candidate_3,3,0.04666666666666667
5910,candidate_2,candidate_1,candidate_3,3,0.04666666666666667
5911,candidate_2,candidate_1,candidate_3,3,0.04666666666666667
5912,candidate_2,candidate_1,candidate_3,3,0.04666666666666667
5913,candidate_2,candidate_1,candidate_3,3,0.04666666666666667
5914,candidate_2,candidate_1,candidate_3,3,0.04666666666666667
5915,candidate_2,candidate_1,candidate_3,3,0.04666666666666667
5916,candidate_2,candidate_1,candidate_3,3,0.04666666666666667
5917,candidate_2,candidate_1,candidate_3,3,0.04666666666666667
5918,0,candidate_1,candidate_3,3,0.04666666666666667
5919,candidate_2,candidate_1,candidate_3,3,0.04666666666666667
5920,candidate_2,candidate_1,candidate_3,3,0.04666666666666667
5921,candidate_2,candidate_1,candidate_3,3,0.04666666666666667
5922,candidate_2,candidate_1,candidate_3,3,0.04666666666666667
5923,candidate_2,0,candidate_3,3,0.04666666666666667
5924,candidate_2,candidate_1,candidate_3,3,0.04666666666666667
5925,candidate_2,candidate_1,0,3,0.04666666666666667
5926,candidate_2,candidate_1,candidate_3,3,0.04666666666666667
5927,candidate_2,candidate_1,candidate_3,3,0.04666666666666667
5928,0,0,candidate_3,3,0.04666666666666667
5929,candidate_2,candidate_1,candidate_3,3,0.04666666666666667
5930,candidate_2,candidate_1,candidate_3,3,0.04666666666666667
5931,candidate_2,candidate_1,0,3,0.04666666666666667
5932,candidate_2,candidate_1,candidate_3,3,0.04666666666666667
5933,candidate_2,candidate_1,candidate_3,3,0.04666666666666667
5934,candidate_2,candidate_1,candidate_3,3,0.04666666666666667
5935,candidate_2,candidate_1,candidate_3,3,0.04666666666666667
5936,candidate_2,candidate_1,candidate_3,3,0.04666666666666667
5937,candidate_2,candidate_1,candidate_3,3,0.04666666666666667
5938,candidate_2,candidate_1,candidate_3,3,0.04666666666666667
5939,candidate_2,candidate_1,0,3,0.04666666666666667
5940,candidate_2,candidate_1,candidate_3,3,0.04666666666666667
5941,candidate_2,candidate_1,candidate_3,3,0.04666666666666667
5942,candidate_2,candidate_1,candidate_3,3,0.04666666666666667
5943,candidate_2,candidate_1,candidate_3,3,0.04666666666666667
5944,candidate_2,0,candidate_3,3,0.04666666666666667
5945,candidate_2,candidate_1,candidate_3,3,0.04666666666666667
5946,candidate_2,candidate_1,candidate_3,3,0.04666666666666667
5947,candidate_2,candidate_1,candidate_3,3,0.04666666666666667
5948,candidate_2,candidate_1,candidate_3,3,0.04666666666666667
5949,candidate_2,candidate_1,candidate_3,3,0.04666666666666667
5950,candidate_2,candidate_1,candidate_3,3,0.04666666666666667
5951,candidate_2,candidate_1,candidate_3,3,0.04666666666666667
5952,candidate_2,candidate_1,candidate_3,3,0.04666666666666667
5953,candidate_2,candidate_1,candidate_3,3,0.04666666666666667
5954,candidate_2,candidate_1,candidate_3,3,0.04666666666666667
5955,0,candidate_1,candidate_3,3,0.04666666666666667
5956,candidate_2,candidate_1,candidate_3,3,0.04666666666666667
5957,candidate_2,candidate_1,candidate_3,3,0.04666666666666667
5958,candidate_2,candidate_1,candidate_3,3,0.04666666666666667
5959,candidate_2,candidate_1,candidate_3,3,0.04666666666666667
5960,candidate_2,candidate_1,candidate_3,3,0.04666666666666667
5961,candidate_2,candidate_1,candidate_3,3,0.04666666666666667
5962,candidate_2,candidate_1,candidate_3,3,0.04666666666666667
5963,candidate_2,candidate_1,candidate_3,3,0.04666666666666667
5964,candidate_2,candidate_1,candidate_3,3,0.04666666666666667
5965,candidate_2,candidate_1,candidate_3,3,0.04666666666666667
5966,candidate_2,candidate_1,candidate_3,3,0.04666666666666667
5967,candidate_2,candidate_1,candidate_3,3,0.04666666666666667
5968,candidate_2,candidate_1,candidate_3,3,0.04666666666666667
5969,0,candidate_1,candidate_3,3,0.04666666666666667
5970,candidate_2,candidate_1,candidate_3,3,0.04666666666666667
5971,candidate_2,candidate_1,candidate_3,3,0.04666666666666667
5972,candidate_2,candidate_1,candidate_3,3,0.04666666666666667
5973,0,candidate_1,candidate_3,3,0.04666666666666667
5974,candidate_2,candidate_1,candidate_3,3,0.04666666666666667
5975,candidate_2,candidate_1,candidate_3,3,0.04666666666666667
5976,candidate_2,candidate_1,candidate_3,3,0.04666666666666667
5977,candidate_2,candidate_1,candidate_3,3,0.04666666666666667
5978,candidate_2,candidate_1,0,3,0.04666666666666667
5979,candidate_2,candidate_1,candidate_3,3,0.04666666666666667
5980,candidate_2,candidate_1,candidate_3,3,0.04666666666666667
5981,candidate_2,candidate_1,candidate_3,3,0.04666666666666667
5982,candidate_2,candidate_1,candidate_3,3,0.04666666666666667
5983,candidate_2,candidate_1,candidate_3,3,0.04666666666666667
5984,candidate_2,0,candidate_3,3,0.04666666666666667
5985,candidate_2,candidate_1,candidate_3,3,0.04666666666666667
5986,candidate_2,candidate_1,candidate_3,3,0.04666666666666667
5987,candidate_2,candidate_1,candidate_3,3,0.04666666666666667
5988,candidate_2,candidate_1,candidate_3,3,0.04666666666666667
5989,candidate_2,candidate_1,candidate_3,3,0.04666666666666667
5990,candidate_2,candidate_1,candidate_3,3,0.04666666666666667
5991,candidate_2,candidate_1,candidate_3,3,0.04666666666666667
5992,candidate_2,candidate_1,candidate_3,3,0.04666666666666667
5993,candidate_2,candidate_1,candidate_3,3,0.04666666666666667
5994,candidate_2,candidate_1,candidate_3,3,0.04666666666666667
5995,candidate_2,candidate_1,candidate_3,3,0.04666666666666667
5996,candidate_2,candidate_1,candidate_3,3,0.04666666666666667
5997,candidate_2,candidate_1,candidate_3,3,0.04666666666666667
5998,candidate_2,candidate_1,candidate_3,3,0.04666666666666667
5999,candidate_2,candidate_1,candidate_3,3,0.04666666666666667
6000,candidate_2,candidate_1,candidate_3,3,0.04666666666666667
6001,candidate_2,candidate_1,candidate_3,3,0.04666666666666667
6002,candidate_2,candidate_1,candidate_3,3,0.04666666666666667
6003,candidate_2,0,candidate_3,3,0.04666666666666667
6004,candidate_2,candidate_1,candidate_3,3,0.04666666666666667
6005,candidate_2,0,candidate_3,3,0.04666666666666667
6006,candidate_2,candidate_1,candidate_3,3,0.04666666666666667
6007,candidate_2,candidate_1,candidate_3,3,0.04666666666666667
6008,candidate_2,0,candidate_3,3,0.04666666666666667
6009,candidate_2,candidate_1,candidate_3,3,0.04666666666666667
6010,candidate_2,candidate_1,candidate_3,3,0.04666666666666667
6011,candidate_2,candidate_1,candidate_3,3,0.04666666666666667
6012,0,candidate_1,candidate_3,3,0.04666666666666667
6013,candidate_2,0,candidate_3,3,0.04666666666666667
6014,candidate_2,candidate_1,candidate_3,3,0.04666666666666667
6015,0,candidate_1,candidate_3,3,0.04666666666666667
6016,candidate_2,candidate_1,candidate_3,3,0.04666666666666667
6017,candidate_2,candidate_1,candidate_3,3,0.04666666666666667
6018,candidate_2,candidate_1,candidate_3,3,0.04666666666666667
6019,candidate_2,candidate_1,candidate_3,3,0.04666666666666667
6020,candidate_2,candidate_1,candidate_3,3,0.04666666666666667
6021,candidate_2,candidate_1,candidate_3,3,0.04666666666666667
6022,candidate_2,0,candidate_3,3,0.04666666666666667
6023,candidate_2,candidate_1,candidate_3,3,0.04666666666666667
6024,0,candidate_1,candidate_3,3,0.04666666666666667
6025,candidate_2,candidate_1,candidate_3,3,0.04666666666666667
6026,candidate_2,candidate_1,candidate_3,3,0.04666666666666667
6027,candidate_2,candidate_1,candidate_3,3,0.04666666666666667
6028,candidate_2,candidate_1,candidate_3,3,0.04666666666666667
6029,candidate_2,candidate_1,candidate_3,3,0.04666666666666667
6030,candidate_2,candidate_1,candidate_3,3,0.04666666666666667
6031,candidate_2,candidate_1,candidate_3,3,0.04666666666666667
6032,candidate_2,candidate_1,0,3,0.04666666666666667
6033,candidate_2,candidate_1,candidate_3,3,0.04666666666666667
6034,candidate_2,candidate_1,candidate_3,3,0.04666666666666667
6035,candidate_2,candidate_1,candidate_3,3,0.04666666666666667
6036,0,0,candidate_3,3,0.04666666666666667
6037,candidate_2,candidate_1,candidate_3,3,0.04666666666666667
6038,candidate_2,candidate_1,candidate_3,3,0.04666666666666667
6039,candidate_2,0,candidate_3,3,0.04666666666666667
6040,candidate_2,candidate_1,candidate_3,3,0.04666666666666667
6041,candidate_2,0,candidate_3,3,0.04666666666666667
6042,0,candidate_1,candidate_3,3,0.04666666666666667
6043,candidate_2,candidate_1,candidate_3,3,0.04666666666666667
6044,candidate_2,candidate_1,candidate_3,3,0.04666666666666667
6045,candidate_2,candidate_1,candidate_3,3,0.04666666666666667
6046,0,candidate_1,candidate_3,3,0.04666666666666667
6047,candidate_2,candidate_1,0,3,0.04666666666666667
6048,candidate_2,candidate_1,candidate_3,3,0.04666666666666667
6049,candidate_2,candidate_1,candidate_3,3,0.04666666666666667
6050,candidate_2,candidate_1,candidate_3,3,0.04666666666666667
6051,candidate_2,candidate_1,candidate_3,3,0.04666666666666667
6052,candidate_2,candidate_1,candidate_3,3,0.04666666666666667
6053,candidate_2,candidate_1,candidate_3,3,0.04666666666666667
6054,candidate_2,candidate_1,candidate_3,3,0.04666666666666667
6055,candidate_2,candidate_1,candidate_3,3,0.04666666666666667
6056,candidate_2,candidate_1,candidate_3,3,0.04666666666666667
6057,candidate_2,candidate_1,candidate_3,3,0.04666666666666667
6058,candidate_2,candidate_1,candidate_3,3,0.04666666666666667
6059,candidate_2,candidate_1,candidate_3,3,0.04666666666666667
6060,candidate_2,candidate_1,candidate_3,3,0.04666666666666667
6061,candidate_2,0,candidate_3,3,0.04666666666666667
6062,candidate_2,candidate_1,candidate_3,3,0.04666666666666667
6063,candidate_2,candidate_1,candidate_3,3,0.04666666666666667
6064,candidate_2,candidate_1,candidate_3,3,0.04666666666666667
6065,candidate_2,candidate_1,candidate_3,3,0.04666666666666667
6066,candidate_2,candidate_1,candidate_3,3,0.04666666666666667
6067,candidate_2,candidate_1,candidate_3,3,0.04666666666666667
6068,candidate_2,candidate_1,candidate_3,3,0.04666666666666667
6069,candidate_2,candidate_1,candidate_3,3,0.04666666666666667
6070,candidate_2,candidate_1,candidate_3,3,0.04666666666666667
6071,candidate_2,candidate_1,candidate_3,3,0.04666666666666667
6072,candidate_2,0,candidate_3,3,0.04666666666666667
6073,candidate_2,candidate_1,candidate_3,3,0.04666666666666667
6074,candidate_2,0,candidate_3,3,0.04666666666666667
6075,candidate_2,candidate_1,candidate_3,3,0.04666666666666667
6076,candidate_2,candidate_1,0,3,0.04666666666666667
6077,candidate_2,candidate_1,candidate_3,3,0.04666666666666667
6078,candidate_2,candidate_1,candidate_3,3,0.04666666666666667
6079,candidate_2,candidate_1,candidate_3,3,0.04666666666666667
6080,0,candidate_1,candidate_3,3,0.04666666666666667
6081,candidate_2,candidate_1,candidate_3,3,0.04666666666666667
6082,candidate_2,candidate_1,0,3,0.04666666666666667
6083,candidate_2,candidate_1,candidate_3,3,0.04666666666666667
6084,candidate_2,candidate_1,candidate_3,3,0.04666666666666667
6085,candidate_2,candidate_1,candidate_3,3,0.04666666666666667
6086,candidate_2,candidate_1,candidate_3,3,0.04666666666666667
6087,candidate_2,candidate_1,candidate_3,3,0.04666666666666667
6088,candidate_2,candidate_1,candidate_3,3,0.04666666666666667
6089,candidate_2,candidate_1,candidate_3,3,0.04666666666666667
6090,candidate_2,0,candidate_3,3,0.04666666666666667
6091,0,candidate_1,candidate_3,3,0.04666666666666667
6092,candidate_2,candidate_1,candidate_3,3,0.04666666666666667
6093,candidate_2,candidate_1,candidate_3,3,0.04666666666666667
6094,candidate_2,candidate_1,candidate_3,3,0.04666666666666667
6095,candidate_2,candidate_1,candidate_3,3,0.04666666666666667
6096,candidate_2,candidate_1,candidate_3,3,0.04666666666666667
6097,candidate_2,candidate_1,candidate_3,3,0.04666666666666667
6098,candidate_2,0,candidate_3,3,0.04666666666666667
6099,candidate_2,candidate_1,candidate_3,3,0.04666666666666667
6100,candidate_2,candidate_1,candidate_3,3,0.04666666666666667
6101,0,candidate_1,candidate_3,3,0.04666666666666667
6102,candidate_2,candidate_1,candidate_3,3,0.04666666666666667
6103,candidate_2,candidate_1,candidate_3,3,0.04666666666666667
6104,0,candidate_1,candidate_3,3,0.04666666666666667
6105,candidate_2,candidate_1,candidate_3,3,0.04666666666666667
6106,candidate_2,candidate_1,candidate_3,3,0.04666666666666667
6107,candidate_2,candidate_1,candidate_3,3,0.04666666666666667
6108,candidate_2,candidate_1,candidate_3,3,0.04666666666666667
6109,candidate_2,candidate_1,candidate_3,3,0.04666666666666667
6110,candidate_2,candidate_1,candidate_3,3,0.04666666666666667
6111,0,candidate_1,candidate_3,3,0.04666666666666667
6112,candidate_2,candidate_1,candidate_3,3,0.04666666666666667
6113,candidate_2,0,candidate_3,3,0.04666666666666667
6114,candidate_2,candidate_1,candidate_3,3,0.04666666666666667
6115,candidate_2,candidate_1,candidate_3,3,0.04666666666666667
6116,candidate_2,candidate_1,candidate_3,3,0.04666666666666667
6117,candidate_2,candidate_1,candidate_3,3,0.04666666666666667
6118,candidate_2,candidate_1,0,3,0.04666666666666667
6119,candidate_2,candidate_1,candidate_3,3,0.04666666666666667
6120,candidate_2,candidate_1,candidate_3,3,0.04666666666666667
6121,candidate_2,candidate_1,candidate_3,3,0.04666666666666667
6122,candidate_2,candidate_1,0,3,0.04666666666666667
6123,candidate_2,candidate_1,candidate_3,3,0.04666666666666667
6124,candidate_2,candidate_1,candidate_3,3,0.04666666666666667
6125,candidate_2,candidate_1,candidate_3,3,0.04666666666666667
6126,candidate_2,candidate_1,candidate_3,3,0.04666666666666667
6127,candidate_2,candidate_1,candidate_3,3,0.04666666666666667
6128,candidate_2,candidate_1,candidate_3,3,0.04666666666666667
6129,candidate_2,candidate_1,candidate_3,3,0.04666666666666667
6130,candidate_2,candidate_1,candidate_3,3,0.04666666666666667
6131,candidate_2,candidate_1,candidate_3,3,0.04666666666666667
6132,candidate_2,candidate_1,0,3,0.04666666666666667
6133,candidate_2,candidate_1,candidate_3,3,0.04666666666666667
6134,candidate_2,candidate_1,candidate_3,3,0.04666666666666667
6135,candidate_2,candidate_1,candidate_3,3,0.04666666666666667
6136,candidate_2,candidate_1,candidate_3,3,0.04666666666666667
6137,candidate_2,candidate_1,candidate_3,3,0.04666666666666667
6138,candidate_2,candidate_1,candidate_3,3,0.04666666666666667
6139,candidate_2,candidate_1,candidate_3,3,0.04666666666666667
6140,candidate_2,candidate_1,candidate_3,3,0.04666666666666667
6141,candidate_2,candidate_1,candidate_3,3,0.04666666666666667
6142,candidate_2,candidate_1,candidate_3,3,0.04666666666666667
6143,candidate_2,candidate_1,candidate_3,3,0.04666666666666667
6144,candidate_2,candidate_1,candidate_3,3,0.04666666666666667
6145,candidate_2,candidate_1,candidate_3,3,0.04666666666666667
6146,candidate_2,candidate_1,candidate_3,3,0.04666666666666667
6147,candidate_2,candidate_1,candidate_3,3,0.04666666666666667
6148,candidate_2,candidate_1,candidate_3,3,0.04666666666666667
6149,candidate_2,candidate_1,candidate_3,3,0.04666666666666667
6150,candidate_2,candidate_1,candidate_3,3,0.04666666666666667
6151,candidate_2,candidate_1,candidate_3,3,0.04666666666666667
6152,candidate_2,candidate_1,candidate_3,3,0.04666666666666667
6153,candidate_2,candidate_1,candidate_3,3,0.04666666666666667
6154,candidate_2,candidate_1,candidate_3,3,0.04666666666666667
6155,0,candidate_1,candidate_3,3,0.04666666666666667
6156,candidate_2,candidate_1,candidate_3,3,0.04666666666666667
6157,candidate_2,candidate_1,candidate_3,3,0.04666666666666667
6158,candidate_2,candidate_1,candidate_3,3,0.04666666666666667
6159,candidate_2,candidate_1,candidate_3,3,0.04666666666666667
6160,candidate_2,candidate_1,candidate_3,3,0.04666666666666667
6161,candidate_2,candidate_1,candidate_3,3,0.04666666666666667
6162,candidate_2,candidate_1,candidate_3,3,0.04666666666666667
6163,candidate_2,candidate_1,0,3,0.04666666666666667
6164,candidate_2,candidate_1,candidate_3,3,0.04666666666666667
6165,candidate_2,candidate_1,candidate_3,3,0.04666666666666667
6166,candidate_2,candidate_1,candidate_3,3,0.04666666666666667
6167,candidate_2,candidate_1,candidate_3,3,0.04666666666666667
6168,candidate_2,candidate_1,candidate_3,3,0.04666666666666667
6169,candidate_2,candidate_1,candidate_3,3,0.04666666666666667
6170,candidate_2,candidate_1,candidate_3,3,0.04666666666666667
6171,candidate_2,candidate_1,candidate_3,3,0.04666666666666667
6172,candidate_2,candidate_1,candidate_3,3,0.04666666666666667
6173,candidate_2,candidate_1,candidate_3,3,0.04666666666666667
6174,candidate_2,candidate_1,candidate_3,3,0.04666666666666667
6175,candidate_2,candidate_1,candidate_3,3,0.04666666666666667
6176,candidate_2,candidate_1,candidate_3,3,0.04666666666666667
6177,candidate_2,candidate_1,candidate_3,3,0.04666666666666667
6178,candidate_2,candidate_1,candidate_3,3,0.04666666666666667
6179,candidate_2,candidate_1,candidate_3,3,0.04666666666666667
6180,candidate_2,candidate_1,candidate_3,3,0.04666666666666667
6181,candidate_2,candidate_1,candidate_3,3,0.04666666666666667
6182,candidate_2,candidate_1,candidate_3,3,0.04666666666666667
6183,candidate_2,candidate_1,candidate_3,3,0.04666666666666667
6184,candidate_2,candidate_1,candidate_3,3,0.04666666666666667
6185,candidate_2,candidate_1,candidate_3,3,0.04666666666666667
6186,candidate_2,candidate_1,candidate_3,3,0.04666666666666667
6187,candidate_2,candidate_1,candidate_3,3,0.04666666666666667
6188,candidate_2,candidate_1,candidate_3,3,0.04666666666666667
6189,candidate_2,candidate_1,candidate_3,3,0.04666666666666667
6190,candidate_2,candidate_1,candidate_3,3,0.04666666666666667
6191,candidate_2,candidate_1,candidate_3,3,0.04666666666666667
6192,candidate_2,candidate_1,candidate_3,3,0.04666666666666667
6193,candidate_2,candidate_1,candidate_3,3,0.04666666666666667
6194,candidate_2,candidate_1,candidate_3,3,0.04666666666666667
6195,0,candidate_1,candidate_3,3,0.04666666666666667
6196,candidate_2,candidate_1,candidate_3,3,0.04666666666666667
6197,candidate_2,candidate_1,candidate_3,3,0.04666666666666667
6198,candidate_2,candidate_1,candidate_3,3,0.04666666666666667
6199,candidate_2,0,candidate_3,3,0.04666666666666667
6200,candidate_2,candidate_1,candidate_3,3,0.04666666666666667
6201,candidate_2,candidate_1,0,3,0.04666666666666667
6202,candidate_2,candidate_1,candidate_3,3,0.04666666666666667
6203,candidate_2,candidate_1,candidate_3,3,0.04666666666666667
6204,candidate_2,candidate_1,candidate_3,3,0.04666666666666667
6205,candidate_2,candidate_1,candidate_3,3,0.04666666666666667
6206,candidate_2,candidate_1,candidate_3,3,0.04666666666666667
6207,candidate_2,candidate_1,candidate_3,3,0.04666666666666667
6208,candidate_2,candidate_1,candidate_3,3,0.04666666666666667
6209,candidate_2,candidate_1,candidate_3,3,0.04666666666666667
6210,candidate_2,candidate_1,candidate_3,3,0.04666666666666667
6211,candidate_2,candidate_1,candidate_3,3,0.04666666666666667
6212,candidate_2,candidate_1,candidate_3,3,0.04666666666666667
6213,candidate_2,candidate_1,candidate_3,3,0.04666666666666667
6214,candidate_2,candidate_1,candidate_3,3,0.04666666666666667
6215,candidate_2,candidate_1,candidate_3,3,0.04666666666666667
6216,candidate_2,candidate_1,candidate_3,3,0.04666666666666667
6217,candidate_2,candidate_1,candidate_3,3,0.04666666666666667
6218,candidate_2,candidate_1,candidate_3,3,0.04666666666666667
6219,candidate_2,candidate_1,candidate_3,3,0.04666666666666667
6220,candidate_2,candidate_1,candidate_3,3,0.04666666666666667
6221,candidate_2,candidate_1,candidate_3,3,0.04666666666666667
6222,candidate_2,candidate_1,candidate_3,3,0.04666666666666667
6223,candidate_2,candidate_1,candidate_3,3,0.04666666666666667
6224,candidate_2,candidate_1,candidate_3,3,0.04666666666666667
6225,candidate_2,candidate_1,candidate_3,3,0.04666666666666667
6226,candidate_2,candidate_1,candidate_3,3,0.04666666666666667
6227,candidate_2,candidate_1,candidate_3,3,0.04666666666666667
6228,candidate_2,candidate_1,candidate_3,3,0.04666666666666667
6229,candidate_2,candidate_1,candidate_3,3,0.04666666666666667
6230,candidate_2,candidate_1,candidate_3,3,0.04666666666666667
6231,candidate_2,candidate_1,candidate_3,3,0.04666666666666667
6232,candidate_2,candidate_1,candidate_3,3,0.04666666666666667
6233,candidate_2,candidate_1,candidate_3,3,0.04666666666666667
6234,candidate_2,candidate_1,candidate_3,3,0.04666666666666667
6235,candidate_2,candidate_1,candidate_3,3,0.04666666666666667
6236,candidate_2,candidate_1,candidate_3,3,0.04666666666666667
6237,candidate_2,candidate_1,candidate_3,3,0.04666666666666667
6238,candidate_2,candidate_1,candidate_3,3,0.04666666666666667
6239,candidate_2,candidate_1,candidate_3,3,0.04666666666666667
6240,candidate_2,candidate_1,candidate_3,3,0.04666666666666667
6241,candidate_2,candidate_1,candidate_3,3,0.04666666666666667
6242,candidate_2,candidate_1,candidate_3,3,0.04666666666666667
6243,candidate_2,candidate_1,candidate_3,3,0.04666666666666667
6244,candidate_2,candidate_1,candidate_3,3,0.04666666666666667
6245,candidate_2,candidate_1,candidate_3,3,0.04666666666666667
6246,candidate_2,candidate_1,candidate_3,3,0.04666666666666667
6247,candidate_2,candidate_1,candidate_3,3,0.04666666666666667
6248,0,candidate_1,candidate_3,3,0.04666666666666667
6249,candidate_2,candidate_1,candidate_3,3,0.04666666666666667
6250,candidate_2,candidate_1,candidate_3,3,0.04666666666666667
6251,candidate_2,candidate_1,candidate_3,3,0.04666666666666667
6252,candidate_2,candidate_1,candidate_3,3,0.04666666666666667
6253,candidate_2,candidate_1,candidate_3,3,0.04666666666666667
6254,candidate_2,candidate_1,candidate_3,3,0.04666666666666667
6255,candidate_2,candidate_1,candidate_3,3,0.04666666666666667
6256,candidate_2,candidate_1,candidate_3,3,0.04666666666666667
6257,candidate_2,candidate_1,candidate_3,3,0.04666666666666667
6258,candidate_2,candidate_1,candidate_3,3,0.04666666666666667
6259,candidate_2,0,candidate_3,3,0.04666666666666667
6260,candidate_2,0,candidate_3,3,0.04666666666666667
6261,candidate_2,candidate_1,candidate_3,3,0.04666666666666667
6262,candidate_2,candidate_1,candidate_3,3,0.04666666666666667
6263,candidate_2,candidate_1,candidate_3,3,0.04666666666666667
6264,candidate_2,candidate_1,candidate_3,3,0.04666666666666667
6265,candidate_2,candidate_1,candidate_3,3,0.04666666666666667
6266,candidate_2,candidate_1,candidate_3,3,0.04666666666666667
6267,candidate_2,candidate_1,candidate_3,3,0.04666666666666667
6268,candidate_2,candidate_1,candidate_3,3,0.04666666666666667
6269,0,candidate_1,candidate_3,3,0.04666666666666667
6270,0,0,candidate_3,3,0.04666666666666667
6271,candidate_2,candidate_1,candidate_3,3,0.04666666666666667
6272,candidate_2,candidate_1,candidate_3,3,0.04666666666666667
6273,candidate_2,candidate_1,candidate_3,3,0.04666666666666667
6274,candidate_2,candidate_1,candidate_3,3,0.04666666666666667
6275,candidate_2,candidate_1,candidate_3,3,0.04666666666666667
6276,candidate_2,candidate_1,candidate_3,3,0.04666666666666667
6277,candidate_2,candidate_1,candidate_3,3,0.04666666666666667
6278,candidate_2,candidate_1,candidate_3,3,0.04666666666666667
6279,candidate_2,candidate_1,candidate_3,3,0.04666666666666667
6280,candidate_2,candidate_1,candidate_3,3,0.04666666666666667
6281,candidate_2,candidate_1,candidate_3,3,0.04666666666666667
6282,candidate_2,candidate_1,candidate_3,3,0.04666666666666667
6283,candidate_2,candidate_1,candidate_3,3,0.04666666666666667
6284,candidate_2,candidate_1,candidate_3,3,0.04666666666666667
6285,candidate_2,candidate_1,candidate_3,3,0.04666666666666667
6286,candidate_2,candidate_1,candidate_3,3,0.04666666666666667
6287,candidate_2,candidate_1,candidate_3,3,0.04666666666666667
6288,candidate_2,candidate_1,candidate_3,3,0.04666666666666667
6289,candidate_2,candidate_1,candidate_3,3,0.04666666666666667
6290,candidate_2,candidate_1,candidate_3,3,0.04666666666666667
6291,candidate_2,candidate_1,candidate_3,3,0.04666666666666667
6292,candidate_2,candidate_1,candidate_3,3,0.04666666666666667
6293,candidate_2,candidate_1,candidate_3,3,0.04666666666666667
6294,candidate_2,candidate_1,candidate_3,3,0.04666666666666667
6295,candidate_2,candidate_1,candidate_3,3,0.04666666666666667
6296,candidate_2,candidate_1,candidate_3,3,0.04666666666666667
6297,candidate_2,candidate_1,candidate_3,3,0.04666666666666667
6298,candidate_2,candidate_1,candidate_3,3,0.04666666666666667
6299,candidate_2,candidate_1,candidate_3,3,0.04666666666666667
6300,candidate_2,candidate_1,candidate_3,3,0.04666666666666667
6301,candidate_2,candidate_1,candidate_3,3,0.04666666666666667
6302,candidate_2,candidate_1,candidate_3,3,0.04666666666666667
6303,candidate_2,candidate_1,0,3,0.04666666666666667
6304,candidate_2,candidate_1,candidate_3,3,0.04666666666666667
6305,candidate_2,candidate_1,candidate_3,3,0.04666666666666667
6306,0,candidate_1,0,3,0.04666666666666667
6307,candidate_2,candidate_1,candidate_3,3,0.04666666666666667
6308,candidate_2,0,candidate_3,3,0.04666666666666667
6309,candidate_2,candidate_1,candidate_3,3,0.04666666666666667
6310,candidate_2,candidate_1,candidate_3,3,0.04666666666666667
6311,candidate_2,candidate_1,candidate_3,3,0.04666666666666667
6312,candidate_2,candidate_1,candidate_3,3,0.04666666666666667
6313,candidate_2,candidate_1,candidate_3,3,0.04666666666666667
6314,candidate_2,candidate_1,candidate_3,3,0.04666666666666667
6315,candidate_2,candidate_1,candidate_3,3,0.04666666666666667
6316,candidate_2,candidate_1,candidate_3,3,0.04666666666666667
6317,candidate_2,candidate_1,candidate_3,3,0.04666666666666667
6318,candidate_2,candidate_1,candidate_3,3,0.04666666666666667
6319,candidate_2,candidate_1,candidate_3,3,0.04666666666666667
6320,candidate_2,candidate_1,candidate_3,3,0.04666666666666667
6321,candidate_2,candidate_1,candidate_3,3,0.04666666666666667
6322,candidate_2,candidate_1,candidate_3,3,0.04666666666666667
6323,candidate_2,candidate_1,candidate_3,3,0.04666666666666667
6324,candidate_2,candidate_1,candidate_3,3,0.04666666666666667
6325,candidate_2,candidate_1,candidate_3,3,0.04666666666666667
6326,candidate_2,candidate_1,candidate_3,3,0.04666666666666667
6327,candidate_2,candidate_1,candidate_3,3,0.04666666666666667
6328,candidate_2,candidate_1,candidate_3,3,0.04666666666666667
6329,candidate_2,candidate_1,candidate_3,3,0.04666666666666667
6330,candidate_2,candidate_1,candidate_3,3,0.04666666666666667
6331,0,candidate_1,candidate_3,3,0.04666666666666667
6332,candidate_2,candidate_1,candidate_3,3,0.04666666666666667
6333,candidate_2,candidate_1,candidate_3,3,0.04666666666666667
6334,candidate_2,candidate_1,candidate_3,3,0.04666666666666667
6335,candidate_2,candidate_1,candidate_3,3,0.04666666666666667
6336,candidate_2,candidate_1,candidate_3,3,0.04666666666666667
6337,candidate_2,candidate_1,candidate_3,3,0.04666666666666667
6338,candidate_2,candidate_1,candidate_3,3,0.04666666666666667
6339,0,candidate_1,candidate_3,3,0.04666666666666667
6340,candidate_2,candidate_1,0,3,0.04666666666666667
6341,candidate_2,candidate_1,0,3,0.04666666666666667
6342,0,candidate_1,candidate_3,3,0.04666666666666667
6343,candidate_2,candidate_1,candidate_3,3,0.04666666666666667
6344,candidate_2,candidate_1,candidate_3,3,0.04666666666666667
6345,candidate_2,candidate_1,candidate_3,3,0.04666666666666667
6346,candidate_2,candidate_1,candidate_3,3,0.04666666666666667
6347,candidate_2,candidate_1,candidate_3,3,0.04666666666666667
6348,candidate_2,candidate_1,candidate_3,3,0.04666666666666667
6349,candidate_2,candidate_1,candidate_3,3,0.04666666666666667
6350,candidate_2,candidate_1,candidate_3,3,0.04666666666666667
6351,candidate_2,candidate_1,candidate_3,3,0.04666666666666667
6352,candidate_2,candidate_1,candidate_3,3,0.04666666666666667
6353,candidate_2,candidate_1,candidate_3,3,0.04666666666666667
6354,candidate_2,candidate_1,candidate_3,3,0.04666666666666667
6355,candidate_2,candidate_1,candidate_3,3,0.04666666666666667
6356,candidate_2,candidate_1,candidate_3,3,0.04666666666666667
6357,0,candidate_1,candidate_3,3,0.04666666666666667
6358,candidate_2,candidate_1,candidate_3,3,0.04666666666666667
6359,candidate_2,candidate_1,candidate_3,3,0.04666666666666667
6360,candidate_2,candidate_1,candidate_3,3,0.04666666666666667
6361,candidate_2,candidate_1,0,3,0.04666666666666667
6362,candidate_2,candidate_1,candidate_3,3,0.04666666666666667
6363,candidate_2,candidate_1,candidate_3,3,0.04666666666666667
6364,candidate_2,candidate_1,candidate_3,3,0.04666666666666667
6365,candidate_2,candidate_1,candidate_3,3,0.04666666666666667
6366,candidate_2,candidate_1,candidate_3,3,0.04666666666666667
6367,candidate_2,candidate_1,candidate_3,3,0.04666666666666667
6368,candidate_2,candidate_1,candidate_3,3,0.04666666666666667
6369,candidate_2,candidate_1,candidate_3,3,0.04666666666666667
6370,candidate_2,candidate_1,0,3,0.04666666666666667
6371,candidate_2,candidate_1,candidate_3,3,0.04666666666666667
6372,candidate_2,candidate_1,candidate_3,3,0.04666666666666667
6373,candidate_2,candidate_1,candidate_3,3,0.04666666666666667
6374,candidate_2,candidate_1,candidate_3,3,0.04666666666666667
6375,candidate_2,candidate_1,candidate_3,3,0.04666666666666667
6376,candidate_2,candidate_1,candidate_3,3,0.04666666666666667
6377,candidate_2,candidate_1,0,3,0.04666666666666667
6378,candidate_2,candidate_1,candidate_3,3,0.04666666666666667
6379,candidate_2,candidate_1,candidate_3,3,0.04666666666666667
6380,candidate_2,candidate_1,candidate_3,3,0.04666666666666667
6381,candidate_2,candidate_1,candidate_3,3,0.04666666666666667
6382,candidate_2,candidate_1,candidate_3,3,0.04666666666666667
6383,candidate_2,candidate_1,candidate_3,3,0.04666666666666667
6384,candidate_2,candidate_1,candidate_3,3,0.04666666666666667
6385,candidate_2,candidate_1,candidate_3,3,0.04666666666666667
6386,candidate_2,candidate_1,candidate_3,3,0.04666666666666667
6387,candidate_2,candidate_1,candidate_3,3,0.04666666666666667
6388,candidate_2,candidate_1,candidate_3,3,0.04666666666666667
6389,candidate_2,0,candidate_3,3,0.04666666666666667
6390,candidate_2,candidate_1,candidate_3,3,0.04666666666666667
6391,candidate_2,candidate_1,candidate_3,3,0.04666666666666667
6392,candidate_2,candidate_1,candidate_3,3,0.04666666666666667
6393,candidate_2,candidate_1,candidate_3,3,0.04666666666666667
6394,candidate_2,candidate_1,candidate_3,3,0.04666666666666667
6395,candidate_2,candidate_1,candidate_3,3,0.04666666666666667
6396,candidate_2,candidate_1,candidate_3,3,0.04666666666666667
6397,candidate_2,candidate_1,0,3,0.04666666666666667
6398,candidate_2,candidate_1,candidate_3,3,0.04666666666666667
6399,candidate_2,candidate_1,candidate_3,3,0.04666666666666667
6400,candidate_2,candidate_1,candidate_3,3,0.04666666666666667
6401,candidate_2,candidate_1,candidate_3,3,0.04666666666666667
6402,candidate_2,candidate_1,candidate_3,3,0.04666666666666667
6403,candidate_2,candidate_1,candidate_3,3,0.04666666666666667
6404,candidate_2,candidate_1,candidate_3,3,0.04666666666666667
6405,candidate_2,candidate_1,candidate_3,3,0.04666666666666667
6406,candidate_2,candidate_1,candidate_3,3,0.04666666666666667
6407,candidate_2,candidate_1,candidate_3,3,0.04666666666666667
6408,candidate_2,candidate_1,candidate_3,3,0.04666666666666667
6409,candidate_2,candidate_1,candidate_3,3,0.04666666666666667
6410,0,candidate_1,candidate_3,3,0.04666666666666667
6411,candidate_2,candidate_1,candidate_3,3,0.04666666666666667
6412,candidate_2,candidate_1,candidate_3,3,0.04666666666666667
6413,candidate_2,candidate_1,candidate_3,3,0.04666666666666667
6414,candidate_2,candidate_1,candidate_3,3,0.04666666666666667
6415,candidate_2,candidate_1,candidate_3,3,0.04666666666666667
6416,candidate_2,candidate_1,candidate_3,3,0.04666666666666667
6417,candidate_2,candidate_1,candidate_3,3,0.04666666666666667
6418,candidate_2,candidate_1,candidate_3,3,0.04666666666666667
6419,candidate_2,candidate_1,candidate_3,3,0.04666666666666667
6420,candidate_2,candidate_1,candidate_3,3,0.04666666666666667
6421,candidate_2,candidate_1,candidate_3,3,0.04666666666666667
6422,candidate_2,candidate_1,candidate_3,3,0.04666666666666667
6423,0,candidate_1,candidate_3,3,0.04666666666666667
6424,candidate_2,candidate_1,candidate_3,3,0.04666666666666667
6425,candidate_2,candidate_1,candidate_3,3,0.04666666666666667
6426,candidate_2,candidate_1,candidate_3,3,0.04666666666666667
6427,candidate_2,candidate_1,candidate_3,3,0.04666666666666667
6428,candidate_2,candidate_1,candidate_3,3,0.04666666666666667
6429,candidate_2,0,candidate_3,3,0.04666666666666667
6430,candidate_2,candidate_1,candidate_3,3,0.04666666666666667
6431,candidate_2,candidate_1,candidate_3,3,0.04666666666666667
6432,candidate_2,candidate_1,candidate_3,3,0.04666666666666667
6433,candidate_2,candidate_1,candidate_3,3,0.04666666666666667
6434,candidate_2,candidate_1,candidate_3,3,0.04666666666666667
6435,candidate_2,candidate_1,candidate_3,3,0.04666666666666667
6436,candidate_2,candidate_1,candidate_3,3,0.04666666666666667
6437,candidate_2,0,candidate_3,3,0.04666666666666667
6438,candidate_2,candidate_1,candidate_3,3,0.04666666666666667
6439,candidate_2,candidate_1,candidate_3,3,0.04666666666666667
6440,candidate_2,candidate_1,candidate_3,3,0.04666666666666667
6441,candidate_2,candidate_1,candidate_3,3,0.04666666666666667
6442,candidate_2,0,candidate_3,3,0.04666666666666667
6443,candidate_2,candidate_1,candidate_3,3,0.04666666666666667
6444,candidate_2,candidate_1,candidate_3,3,0.04666666666666667
6445,candidate_2,candidate_1,candidate_3,3,0.04666666666666667
6446,candidate_2,candidate_1,0,3,0.04666666666666667
6447,candidate_2,candidate_1,candidate_3,3,0.04666666666666667
6448,candidate_2,candidate_1,candidate_3,3,0.04666666666666667
6449,candidate_2,candidate_1,candidate_3,3,0.04666666666666667
6450,candidate_2,candidate_1,candidate_3,3,0.04666666666666667
6451,candidate_2,candidate_1,0,3,0.04666666666666667
6452,candidate_2,candidate_1,candidate_3,3,0.04666666666666667
6453,candidate_2,candidate_1,candidate_3,3,0.04666666666666667
6454,candidate_2,candidate_1,candidate_3,3,0.04666666666666667
6455,candidate_2,candidate_1,candidate_3,3,0.04666666666666667
6456,candidate_2,0,candidate_3,3,0.04666666666666667
6457,0,candidate_1,candidate_3,3,0.04666666666666667
6458,candidate_2,candidate_1,candidate_3,3,0.04666666666666667
6459,candidate_2,candidate_1,candidate_3,3,0.04666666666666667
6460,candidate_2,candidate_1,candidate_3,3,0.04666666666666667
6461,candidate_2,candidate_1,candidate_3,3,0.04666666666666667
6462,candidate_2,candidate_1,candidate_3,3,0.04666666666666667
6463,candidate_2,candidate_1,candidate_3,3,0.04666666666666667
6464,candidate_2,candidate_1,candidate_3,3,0.04666666666666667
6465,candidate_2,candidate_1,candidate_3,3,0.04666666666666667
6466,candidate_2,candidate_1,candidate_3,3,0.04666666666666667
6467,candidate_2,candidate_1,candidate_3,3,0.04666666666666667
6468,candidate_2,candidate_1,candidate_3,3,0.04666666666666667
6469,candidate_2,candidate_1,candidate_3,3,0.04666666666666667
6470,candidate_2,candidate_1,candidate_3,3,0.04666666666666667
6471,candidate_2,candidate_1,candidate_3,3,0.04666666666666667
6472,candidate_2,candidate_1,candidate_3,3,0.04666666666666667
6473,candidate_2,candidate_1,candidate_3,3,0.04666666666666667
6474,candidate_2,candidate_1,candidate_3,3,0.04666666666666667
6475,candidate_2,candidate_1,candidate_3,3,0.04666666666666667
6476,candidate_2,0,candidate_3,3,0.04666666666666667
6477,candidate_2,candidate_1,candidate_3,3,0.04666666666666667
6478,candidate_2,candidate_1,candidate_3,3,0.04666666666666667
6479,candidate_2,candidate_1,candidate_3,3,0.04666666666666667
6480,candidate_2,candidate_1,candidate_3,3,0.04666666666666667
6481,candidate_2,candidate_1,0,3,0.04666666666666667
6482,0,0,candidate_3,3,0.04666666666666667
6483,candidate_2,candidate_1,candidate_3,3,0.04666666666666667
6484,candidate_2,candidate_1,candidate_3,3,0.04666666666666667
6485,candidate_2,candidate_1,candidate_3,3,0.04666666666666667
6486,candidate_2,candidate_1,candidate_3,3,0.04666666666666667
6487,candidate_2,candidate_1,candidate_3,3,0.04666666666666667
6488,candidate_2,candidate_1,candidate_3,3,0.04666666666666667
6489,candidate_2,candidate_1,candidate_3,3,0.04666666666666667
6490,candidate_2,candidate_1,candidate_3,3,0.04666666666666667
6491,candidate_2,candidate_1,candidate_3,3,0.04666666666666667
6492,candidate_2,candidate_1,candidate_3,3,0.04666666666666667
6493,candidate_2,candidate_1,candidate_3,3,0.04666666666666667
6494,candidate_2,candidate_1,candidate_3,3,0.04666666666666667
6495,candidate_2,candidate_1,candidate_3,3,0.04666666666666667
6496,candidate_2,candidate_1,0,3,0.04666666666666667
6497,candidate_2,candidate_1,candidate_3,3,0.04666666666666667
6498,candidate_2,candidate_1,0,3,0.04666666666666667
6499,candidate_2,candidate_1,candidate_3,3,0.04666666666666667
6500,0,candidate_1,candidate_3,3,0.04666666666666667
6501,candidate_2,candidate_1,candidate_3,3,0.04666666666666667
6502,candidate_2,candidate_1,candidate_3,3,0.04666666666666667
6503,candidate_2,candidate_1,candidate_3,3,0.04666666666666667
6504,candidate_2,candidate_1,candidate_3,3,0.04666666666666667
6505,candidate_2,candidate_1,candidate_3,3,0.04666666666666667
6506,candidate_2,candidate_1,candidate_3,3,0.04666666666666667
6507,candidate_2,candidate_1,candidate_3,3,0.04666666666666667
6508,candidate_2,candidate_1,candidate_3,3,0.04666666666666667
6509,candidate_2,candidate_1,candidate_3,3,0.04666666666666667
6510,candidate_2,candidate_1,candidate_3,3,0.04666666666666667
6511,candidate_2,candidate_1,candidate_3,3,0.04666666666666667
6512,candidate_2,candidate_1,candidate_3,3,0.04666666666666667
6513,candidate_2,candidate_1,candidate_3,3,0.04666666666666667
6514,candidate_2,candidate_1,candidate_3,3,0.04666666666666667
6515,candidate_2,candidate_1,candidate_3,3,0.04666666666666667
6516,candidate_2,candidate_1,candidate_3,3,0.04666666666666667
6517,candidate_2,candidate_1,candidate_3,3,0.04666666666666667
6518,candidate_2,candidate_1,candidate_3,3,0.04666666666666667
6519,candidate_2,candidate_1,candidate_3,3,0.04666666666666667
6520,candidate_2,candidate_1,candidate_3,3,0.04666666666666667
6521,candidate_2,candidate_1,candidate_3,3,0.04666666666666667
6522,candidate_2,candidate_1,candidate_3,3,0.04666666666666667
6523,candidate_2,candidate_1,candidate_3,3,0.04666666666666667
6524,candidate_2,candidate_1,candidate_3,3,0.04666666666666667
6525,0,candidate_1,candidate_3,3,0.04666666666666667
6526,candidate_2,candidate_1,candidate_3,3,0.04666666666666667
6527,candidate_2,candidate_1,candidate_3,3,0.04666666666666667
6528,candidate_2,candidate_1,candidate_3,3,0.04666666666666667
6529,candidate_2,candidate_1,0,3,0.04666666666666667
6530,candidate_2,candidate_1,candidate_3,3,0.04666666666666667
6531,0,candidate_1,candidate_3,3,0.04666666666666667
6532,candidate_2,candidate_1,candidate_3,3,0.04666666666666667
6533,candidate_2,candidate_1,candidate_3,3,0.04666666666666667
6534,candidate_2,candidate_1,candidate_3,3,0.04666666666666667
6535,candidate_2,candidate_1,candidate_3,3,0.04666666666666667
6536,candidate_2,candidate_1,candidate_3,3,0.04666666666666667
6537,candidate_2,candidate_1,candidate_3,3,0.04666666666666667
6538,candidate_2,0,candidate_3,3,0.04666666666666667
6539,0,candidate_1,candidate_3,3,0.04666666666666667
6540,candidate_2,candidate_1,candidate_3,3,0.04666666666666667
6541,candidate_2,0,candidate_3,3,0.04666666666666667
6542,0,candidate_1,candidate_3,3,0.04666666666666667
6543,0,0,candidate_3,3,0.04666666666666667
6544,candidate_2,candidate_1,candidate_3,3,0.04666666666666667
6545,candidate_2,candidate_1,candidate_3,3,0.04666666666666667
6546,candidate_2,candidate_1,candidate_3,3,0.04666666666666667
6547,candidate_2,candidate_1,candidate_3,3,0.04666666666666667
6548,candidate_2,candidate_1,candidate_3,3,0.04666666666666667
6549,candidate_2,candidate_1,candidate_3,3,0.04666666666666667
6550,candidate_2,candidate_1,candidate_3,3,0.04666666666666667
6551,candidate_2,candidate_1,candidate_3,3,0.04666666666666667
6552,candidate_2,0,candidate_3,3,0.04666666666666667
6553,candidate_2,candidate_1,candidate_3,3,0.04666666666666667
6554,candidate_2,candidate_1,candidate_3,3,0.04666666666666667
6555,candidate_2,candidate_1,candidate_3,3,0.04666666666666667
6556,candidate_2,candidate_1,candidate_3,3,0.04666666666666667
6557,candidate_2,candidate_1,0,3,0.04666666666666667
6558,candidate_2,candidate_1,candidate_3,3,0.04666666666666667
6559,candidate_2,candidate_1,candidate_3,3,0.04666666666666667
6560,candidate_2,candidate_1,candidate_3,3,0.04666666666666667
6561,candidate_2,candidate_1,candidate_3,3,0.04666666666666667
6562,candidate_2,candidate_1,candidate_3,3,0.04666666666666667
6563,candidate_2,candidate_1,candidate_3,3,0.04666666666666667
6564,candidate_2,0,candidate_3,3,0.04666666666666667
6565,candidate_2,candidate_1,candidate_3,3,0.04666666666666667
6566,candidate_2,candidate_1,candidate_3,3,0.04666666666666667
6567,candidate_2,candidate_1,candidate_3,3,0.04666666666666667
6568,candidate_2,candidate_1,candidate_3,3,0.04666666666666667
6569,candidate_2,candidate_1,candidate_3,3,0.04666666666666667
6570,candidate_2,candidate_1,candidate_3,3,0.04666666666666667
6571,candidate_2,candidate_1,candidate_3,3,0.04666666666666667
6572,candidate_2,candidate_1,candidate_3,3,0.04666666666666667
6573,candidate_2,candidate_1,candidate_3,3,0.04666666666666667
6574,candidate_2,candidate_1,candidate_3,3,0.04666666666666667
6575,candidate_2,candidate_1,candidate_3,3,0.04666666666666667
6576,candidate_2,candidate_1,candidate_3,3,0.04666666666666667
6577,candidate_2,candidate_1,candidate_3,3,0.04666666666666667
6578,candidate_2,candidate_1,0,3,0.04666666666666667
6579,candidate_2,candidate_1,candidate_3,3,0.04666666666666667
6580,candidate_2,0,0,3,0.04666666666666667
6581,candidate_2,candidate_1,candidate_3,3,0.04666666666666667
6582,candidate_2,candidate_1,candidate_3,3,0.04666666666666667
6583,candidate_2,candidate_1,candidate_3,3,0.04666666666666667
6584,candidate_2,candidate_1,candidate_3,3,0.04666666666666667
6585,candidate_2,candidate_1,candidate_3,3,0.04666666666666667
6586,candidate_2,candidate_1,candidate_3,3,0.04666666666666667
6587,candidate_2,0,candidate_3,3,0.04666666666666667
6588,candidate_2,candidate_1,candidate_3,3,0.04666666666666667
6589,candidate_2,candidate_1,candidate_3,3,0.04666666666666667
6590,candidate_2,candidate_1,0,3,0.04666666666666667
6591,candidate_2,candidate_1,candidate_3,3,0.04666666666666667
6592,candidate_2,candidate_1,candidate_3,3,0.04666666666666667
6593,candidate_2,candidate_1,candidate_3,3,0.04666666666666667
6594,candidate_2,candidate_1,candidate_3,3,0.04666666666666667
6595,candidate_2,candidate_1,0,3,0.04666666666666667
6596,candidate_2,candidate_1,candidate_3,3,0.04666666666666667
6597,candidate_2,candidate_1,candidate_3,3,0.04666666666666667
6598,candidate_2,candidate_1,candidate_3,3,0.04666666666666667
6599,candidate_2,candidate_1,candidate_3,3,0.04666666666666667
6600,candidate_2,candidate_1,candidate_3,3,0.04666666666666667
6601,candidate_2,candidate_1,candidate_3,3,0.04666666666666667
6602,candidate_2,candidate_1,candidate_3,3,0.04666666666666667
6603,candidate_2,candidate_1,candidate_3,3,0.04666666666666667
6604,candidate_2,candidate_1,candidate_3,3,0.04666666666666667
6605,candidate_2,candidate_1,candidate_3,3,0.04666666666666667
6606,candidate_2,candidate_1,candidate_3,3,0.04666666666666667
6607,candidate_2,candidate_1,0,3,0.04666666666666667
6608,0,candidate_1,candidate_3,3,0.04666666666666667
6609,candidate_2,candidate_1,candidate_3,3,0.04666666666666667
6610,candidate_2,candidate_1,0,3,0.04666666666666667
6611,candidate_2,candidate_1,candidate_3,3,0.04666666666666667
6612,candidate_2,candidate_1,candidate_3,3,0.04666666666666667
6613,candidate_2,candidate_1,candidate_3,3,0.04666666666666667
6614,candidate_2,candidate_1,candidate_3,3,0.04666666666666667
6615,candidate_2,candidate_1,candidate_3,3,0.04666666666666667
6616,candidate_2,candidate_1,candidate_3,3,0.04666666666666667
6617,candidate_2,0,candidate_3,3,0.04666666666666667
6618,candidate_2,candidate_1,candidate_3,3,0.04666666666666667
6619,candidate_2,candidate_1,candidate_3,3,0.04666666666666667
6620,candidate_2,candidate_1,candidate_3,3,0.04666666666666667
6621,candidate_2,candidate_1,candidate_3,3,0.04666666666666667
6622,candidate_2,candidate_1,candidate_3,3,0.04666666666666667
6623,0,candidate_1,candidate_3,3,0.04666666666666667
6624,candidate_2,candidate_1,candidate_3,3,0.04666666666666667
6625,candidate_2,candidate_1,candidate_3,3,0.04666666666666667
6626,candidate_2,candidate_1,candidate_3,3,0.04666666666666667
6627,candidate_2,candidate_1,candidate_3,3,0.04666666666666667
6628,candidate_2,candidate_1,candidate_3,3,0.04666666666666667
6629,0,candidate_1,candidate_3,3,0.04666666666666667
6630,candidate_2,candidate_1,candidate_3,3,0.04666666666666667
6631,candidate_2,candidate_1,candidate_3,3,0.04666666666666667
6632,candidate_2,candidate_1,0,3,0.04666666666666667
6633,candidate_2,candidate_1,candidate_3,3,0.04666666666666667
6634,0,candidate_1,candidate_3,3,0.04666666666666667
6635,candidate_2,0,candidate_3,3,0.04666666666666667
6636,candidate_2,candidate_1,0,3,0.04666666666666667
6637,candidate_2,candidate_1,candidate_3,3,0.04666666666666667
6638,candidate_2,candidate_1,candidate_3,3,0.04666666666666667
6639,candidate_2,candidate_1,candidate_3,3,0.04666666666666667
6640,candidate_2,candidate_1,candidate_3,3,0.04666666666666667
6641,candidate_2,candidate_1,candidate_3,3,0.04666666666666667
6642,candidate_2,candidate_1,0,3,0.04666666666666667
6643,candidate_2,candidate_1,candidate_3,3,0.04666666666666667
6644,candidate_2,candidate_1,candidate_3,3,0.04666666666666667
6645,candidate_2,candidate_1,candidate_3,3,0.04666666666666667
6646,candidate_2,candidate_1,candidate_3,3,0.04666666666666667
6647,candidate_2,candidate_1,candidate_3,3,0.04666666666666667
6648,candidate_2,candidate_1,candidate_3,3,0.04666666666666667
6649,candidate_2,candidate_1,candidate_3,3,0.04666666666666667
6650,candidate_2,candidate_1,candidate_3,3,0.04666666666666667
6651,candidate_2,candidate_1,candidate_3,3,0.04666666666666667
6652,candidate_2,candidate_1,candidate_3,3,0.04666666666666667
6653,candidate_2,candidate_1,candidate_3,3,0.04666666666666667
6654,candidate_2,candidate_1,candidate_3,3,0.04666666666666667
6655,candidate_2,candidate_1,candidate_3,3,0.04666666666666667
6656,0,candidate_1,candidate_3,3,0.04666666666666667
6657,candidate_2,candidate_1,candidate_3,3,0.04666666666666667
6658,candidate_2,candidate_1,candidate_3,3,0.04666666666666667
6659,candidate_2,candidate_1,candidate_3,3,0.04666666666666667
6660,candidate_2,candidate_1,candidate_3,3,0.04666666666666667
6661,candidate_2,candidate_1,candidate_3,3,0.04666666666666667
6662,candidate_2,candidate_1,candidate_3,3,0.04666666666666667
6663,candidate_2,candidate_1,0,3,0.04666666666666667
6664,candidate_2,candidate_1,candidate_3,3,0.04666666666666667
6665,candidate_2,candidate_1,candidate_3,3,0.04666666666666667
6666,candidate_2,candidate_1,candidate_3,3,0.04666666666666667
6667,candidate_2,candidate_1,candidate_3,3,0.04666666666666667
6668,candidate_2,candidate_1,candidate_3,3,0.04666666666666667
6669,candidate_2,candidate_1,candidate_3,3,0.04666666666666667
6670,candidate_2,candidate_1,candidate_3,3,0.04666666666666667
6671,candidate_2,candidate_1,candidate_3,3,0.04666666666666667
6672,candidate_2,candidate_1,candidate_3,3,0.04666666666666667
6673,candidate_2,candidate_1,candidate_3,3,0.04666666666666667
6674,candidate_2,candidate_1,candidate_3,3,0.04666666666666667
6675,candidate_2,candidate_1,candidate_3,3,0.04666666666666667
6676,candidate_2,candidate_1,candidate_3,3,0.04666666666666667
6677,candidate_2,candidate_1,candidate_3,3,0.04666666666666667
6678,candidate_2,candidate_1,candidate_3,3,0.04666666666666667
6679,candidate_2,candidate_1,candidate_3,3,0.04666666666666667
6680,candidate_2,candidate_1,candidate_3,3,0.04666666666666667
6681,0,candidate_1,candidate_3,3,0.04666666666666667
6682,candidate_2,candidate_1,candidate_3,3,0.04666666666666667
6683,candidate_2,candidate_1,candidate_3,3,0.04666666666666667
6684,candidate_2,candidate_1,candidate_3,3,0.04666666666666667
6685,candidate_2,candidate_1,candidate_3,3,0.04666666666666667
6686,candidate_2,candidate_1,candidate_3,3,0.04666666666666667
6687,candidate_2,candidate_1,candidate_3,3,0.04666666666666667
6688,candidate_2,candidate_1,candidate_3,3,0.04666666666666667
6689,candidate_2,candidate_1,candidate_3,3,0.04666666666666667
6690,candidate_2,candidate_1,candidate_3,3,0.04666666666666667
6691,candidate_2,candidate_1,candidate_3,3,0.04666666666666667
6692,candidate_2,candidate_1,candidate_3,3,0.04666666666666667
6693,candidate_2,candidate_1,candidate_3,3,0.04666666666666667
6694,candidate_2,candidate_1,0,3,0.04666666666666667
6695,0,candidate_1,candidate_3,3,0.04666666666666667
6696,candidate_2,candidate_1,candidate_3,3,0.04666666666666667
6697,0,candidate_1,candidate_3,3,0.04666666666666667
6698,candidate_2,candidate_1,candidate_3,3,0.04666666666666667
6699,candidate_2,candidate_1,candidate_3,3,0.04666666666666667
6700,candidate_2,candidate_1,candidate_3,3,0.04666666666666667
6701,candidate_2,candidate_1,candidate_3,3,0.04666666666666667
6702,candidate_2,candidate_1,candidate_3,3,0.04666666666666667
6703,0,candidate_1,0,3,0.04666666666666667
6704,candidate_2,candidate_1,candidate_3,3,0.04666666666666667
6705,candidate_2,0,candidate_3,3,0.04666666666666667
6706,candidate_2,candidate_1,candidate_3,3,0.04666666666666667
6707,candidate_2,candidate_1,candidate_3,3,0.04666666666666667
6708,candidate_2,candidate_1,candidate_3,3,0.04666666666666667
6709,candidate_2,candidate_1,0,3,0.04666666666666667
6710,candidate_2,candidate_1,candidate_3,3,0.04666666666666667
6711,candidate_2,candidate_1,candidate_3,3,0.04666666666666667
6712,candidate_2,candidate_1,candidate_3,3,0.04666666666666667
6713,candidate_2,candidate_1,candidate_3,3,0.04666666666666667
6714,candidate_2,candidate_1,candidate_3,3,0.04666666666666667
6715,candidate_2,candidate_1,candidate_3,3,0.04666666666666667
6716,candidate_2,candidate_1,candidate_3,3,0.04666666666666667
6717,candidate_2,candidate_1,candidate_3,3,0.04666666666666667
6718,candidate_2,0,candidate_3,3,0.04666666666666667
6719,0,0,candidate_3,3,0.04666666666666667
6720,candidate_2,candidate_1,candidate_3,3,0.04666666666666667
6721,candidate_2,candidate_1,candidate_3,3,0.04666666666666667
6722,candidate_2,candidate_1,candidate_3,3,0.04666666666666667
6723,candidate_2,candidate_1,candidate_3,3,0.04666666666666667
6724,candidate_2,candidate_1,candidate_3,3,0.04666666666666667
6725,candidate_2,candidate_1,candidate_3,3,0.04666666666666667
6726,candidate_2,candidate_1,candidate_3,3,0.04666666666666667
6727,candidate_2,0,candidate_3,3,0.04666666666666667
6728,candidate_2,candidate_1,candidate_3,3,0.04666666666666667
6729,candidate_2,candidate_1,candidate_3,3,0.04666666666666667
6730,candidate_2,candidate_1,candidate_3,3,0.04666666666666667
6731,candidate_2,candidate_1,candidate_3,3,0.04666666666666667
6732,candidate_2,candidate_1,candidate_3,3,0.04666666666666667
6733,candidate_2,candidate_1,candidate_3,3,0.04666666666666667
6734,candidate_2,candidate_1,candidate_3,3,0.04666666666666667
6735,candidate_2,candidate_1,candidate_3,3,0.04666666666666667
6736,candidate_2,candidate_1,candidate_3,3,0.04666666666666667
6737,candidate_2,candidate_1,candidate_3,3,0.04666666666666667
6738,candidate_2,candidate_1,candidate_3,3,0.04666666666666667
6739,candidate_2,candidate_1,candidate_3,3,0.04666666666666667
6740,candidate_2,candidate_1,candidate_3,3,0.04666666666666667
6741,0,candidate_1,candidate_3,3,0.04666666666666667
6742,candidate_2,candidate_1,candidate_3,3,0.04666666666666667
6743,candidate_2,candidate_1,0,3,0.04666666666666667
6744,candidate_2,candidate_1,candidate_3,3,0.04666666666666667
6745,candidate_2,candidate_1,candidate_3,3,0.04666666666666667
6746,0,candidate_1,candidate_3,3,0.04666666666666667
6747,candidate_2,candidate_1,candidate_3,3,0.04666666666666667
6748,candidate_2,0,candidate_3,3,0.04666666666666667
6749,candidate_2,candidate_1,candidate_3,3,0.04666666666666667
6750,candidate_2,candidate_1,candidate_3,3,0.04666666666666667
6751,candidate_2,candidate_1,candidate_3,3,0.04666666666666667
6752,candidate_2,candidate_1,candidate_3,3,0.04666666666666667
6753,candidate_2,candidate_1,candidate_3,3,0.04666666666666667
6754,candidate_2,candidate_1,candidate_3,3,0.04666666666666667
6755,candidate_2,candidate_1,candidate_3,3,0.04666666666666667
6756,candidate_2,candidate_1,candidate_3,3,0.04666666666666667
6757,candidate_2,candidate_1,candidate_3,3,0.04666666666666667
6758,candidate_2,candidate_1,candidate_3,3,0.04666666666666667
6759,candidate_2,candidate_1,candidate_3,3,0.04666666666666667
6760,candidate_2,candidate_1,candidate_3,3,0.04666666666666667
6761,candidate_2,0,candidate_3,3,0.04666666666666667
6762,candidate_2,candidate_1,candidate_3,3,0.04666666666666667
6763,candidate_2,candidate_1,candidate_3,3,0.04666666666666667
6764,candidate_2,candidate_1,candidate_3,3,0.04666666666666667
6765,candidate_2,candidate_1,candidate_3,3,0.04666666666666667
6766,candidate_2,candidate_1,candidate_3,3,0.04666666666666667
6767,candidate_2,candidate_1,candidate_3,3,0.04666666666666667
6768,candidate_2,candidate_1,candidate_3,3,0.04666666666666667
6769,candidate_2,candidate_1,candidate_3,3,0.04666666666666667
6770,candidate_2,candidate_1,candidate_3,3,0.04666666666666667
6771,candidate_2,candidate_1,candidate_3,3,0.04666666666666667
6772,candidate_2,candidate_1,candidate_3,3,0.04666666666666667
6773,candidate_2,candidate_1,candidate_3,3,0.04666666666666667
6774,candidate_2,candidate_1,candidate_3,3,0.04666666666666667
6775,candidate_2,candidate_1,candidate_3,3,0.04666666666666667
6776,0,candidate_1,candidate_3,3,0.04666666666666667
6777,candidate_2,candidate_1,candidate_3,3,0.04666666666666667
6778,candidate_2,candidate_1,candidate_3,3,0.04666666666666667
6779,candidate_2,candidate_1,candidate_3,3,0.04666666666666667
6780,candidate_2,candidate_1,candidate_3,3,0.04666666666666667
6781,candidate_2,candidate_1,candidate_3,3,0.04666666666666667
6782,candidate_2,candidate_1,candidate_3,3,0.04666666666666667
6783,candidate_2,candidate_1,candidate_3,3,0.04666666666666667
6784,candidate_2,candidate_1,candidate_3,3,0.04666666666666667
6785,candidate_2,candidate_1,candidate_3,3,0.04666666666666667
6786,candidate_2,0,candidate_3,3,0.04666666666666667
6787,candidate_2,candidate_1,candidate_3,3,0.04666666666666667
6788,candidate_2,candidate_1,candidate_3,3,0.04666666666666667
6789,candidate_2,candidate_1,candidate_3,3,0.04666666666666667
6790,candidate_2,candidate_1,candidate_3,3,0.04666666666666667
6791,candidate_2,candidate_1,candidate_3,3,0.04666666666666667
6792,candidate_2,candidate_1,candidate_3,3,0.04666666666666667
6793,candidate_2,candidate_1,candidate_3,3,0.04666666666666667
6794,candidate_2,candidate_1,candidate_3,3,0.04666666666666667
6795,candidate_2,candidate_1,candidate_3,3,0.04666666666666667
6796,0,candidate_1,candidate_3,3,0.04666666666666667
6797,candidate_2,candidate_1,candidate_3,3,0.04666666666666667
6798,candidate_2,candidate_1,candidate_3,3,0.04666666666666667
6799,candidate_2,0,candidate_3,3,0.04666666666666667
6800,candidate_2,candidate_1,0,3,0.04666666666666667
6801,candidate_2,candidate_1,candidate_3,3,0.04666666666666667
6802,candidate_2,0,candidate_3,3,0.04666666666666667
6803,candidate_2,candidate_1,0,3,0.04666666666666667
6804,candidate_2,candidate_1,candidate_3,3,0.04666666666666667
6805,candidate_2,0,candidate_3,3,0.04666666666666667
6806,candidate_2,candidate_1,candidate_3,3,0.04666666666666667
6807,candidate_2,candidate_1,candidate_3,3,0.04666666666666667
6808,candidate_2,candidate_1,candidate_3,3,0.04666666666666667
6809,candidate_2,candidate_1,candidate_3,3,0.04666666666666667
6810,candidate_2,candidate_1,candidate_3,3,0.04666666666666667
6811,candidate_2,candidate_1,0,3,0.04666666666666667
6812,candidate_2,candidate_1,candidate_3,3,0.04666666666666667
6813,candidate_2,candidate_1,candidate_3,3,0.04666666666666667
6814,candidate_2,candidate_1,candidate_3,3,0.04666666666666667
6815,candidate_2,candidate_1,candidate_3,3,0.04666666666666667
6816,candidate_2,candidate_1,candidate_3,3,0.04666666666666667
6817,candidate_2,candidate_1,candidate_3,3,0.04666666666666667
6818,candidate_2,candidate_1,candidate_3,3,0.04666666666666667
6819,candidate_2,candidate_1,candidate_3,3,0.04666666666666667
6820,candidate_2,candidate_1,candidate_3,3,0.04666666666666667
6821,candidate_2,candidate_1,candidate_3,3,0.04666666666666667
6822,candidate_2,0,candidate_3,3,0.04666666666666667
6823,candidate_2,candidate_1,candidate_3,3,0.04666666666666667
6824,candidate_2,candidate_1,candidate_3,3,0.04666666666666667
6825,candidate_2,candidate_1,candidate_3,3,0.04666666666666667
6826,candidate_2,candidate_1,candidate_3,3,0.04666666666666667
6827,candidate_2,0,candidate_3,3,0.04666666666666667
6828,candidate_2,candidate_1,candidate_3,3,0.04666666666666667
6829,candidate_2,candidate_1,candidate_3,3,0.04666666666666667
6830,candidate_2,candidate_1,candidate_3,3,0.04666666666666667
6831,candidate_2,candidate_1,0,3,0.04666666666666667
6832,candidate_2,candidate_1,candidate_3,3,0.04666666666666667
6833,candidate_2,candidate_1,candidate_3,3,0.04666666666666667
6834,candidate_2,candidate_1,candidate_3,3,0.04666666666666667
6835,candidate_2,candidate_1,candidate_3,3,0.04666666666666667
6836,candidate_2,candidate_1,candidate_3,3,0.04666666666666667
6837,candidate_2,candidate_1,candidate_3,3,0.04666666666666667
6838,candidate_2,candidate_1,candidate_3,3,0.04666666666666667
6839,candidate_2,candidate_1,candidate_3,3,0.04666666666666667
6840,candidate_2,candidate_1,candidate_3,3,0.04666666666666667
6841,candidate_2,candidate_1,candidate_3,3,0.04666666666666667
6842,0,candidate_1,candidate_3,3,0.04666666666666667
6843,candidate_2,candidate_1,candidate_3,3,0.04666666666666667
6844,candidate_2,candidate_1,candidate_3,3,0.04666666666666667
6845,candidate_2,candidate_1,candidate_3,3,0.04666666666666667
6846,candidate_2,candidate_1,candidate_3,3,0.04666666666666667
6847,candidate_2,candidate_1,0,3,0.04666666666666667
6848,candidate_2,candidate_1,candidate_3,3,0.04666666666666667
6849,candidate_2,candidate_1,candidate_3,3,0.04666666666666667
6850,candidate_2,candidate_1,candidate_3,3,0.04666666666666667
6851,candidate_2,candidate_1,candidate_3,3,0.04666666666666667
6852,candidate_2,candidate_1,candidate_3,3,0.04666666666666667
6853,candidate_2,candidate_1,candidate_3,3,0.04666666666666667
6854,candidate_2,candidate_1,candidate_3,3,0.04666666666666667
6855,candidate_2,candidate_1,candidate_3,3,0.04666666666666667
6856,candidate_2,candidate_1,candidate_3,3,0.04666666666666667
6857,candidate_2,candidate_1,candidate_3,3,0.04666666666666667
6858,candidate_2,candidate_1,candidate_3,3,0.04666666666666667
6859,candidate_2,candidate_1,candidate_3,3,0.04666666666666667
6860,candidate_2,candidate_1,candidate_3,3,0.04666666666666667
6861,candidate_2,candidate_1,candidate_3,3,0.04666666666666667
6862,candidate_2,candidate_1,candidate_3,3,0.04666666666666667
6863,candidate_2,candidate_1,candidate_3,3,0.04666666666666667
6864,candidate_2,candidate_1,candidate_3,3,0.04666666666666667
6865,candidate_2,candidate_1,candidate_3,3,0.04666666666666667
6866,candidate_2,candidate_1,candidate_3,3,0.04666666666666667
6867,candidate_2,candidate_1,candidate_3,3,0.04666666666666667
6868,candidate_2,candidate_1,candidate_3,3,0.04666666666666667
6869,candidate_2,candidate_1,candidate_3,3,0.04666666666666667
6870,candidate_2,candidate_1,candidate_3,3,0.04666666666666667
6871,candidate_2,candidate_1,candidate_3,3,0.04666666666666667
6872,candidate_2,candidate_1,candidate_3,3,0.04666666666666667
6873,candidate_2,candidate_1,candidate_3,3,0.04666666666666667
6874,candidate_2,candidate_1,candidate_3,3,0.04666666666666667
6875,candidate_2,candidate_1,candidate_3,3,0.04666666666666667
6876,candidate_2,candidate_1,candidate_3,3,0.04666666666666667
6877,candidate_2,candidate_1,candidate_3,3,0.04666666666666667
6878,candidate_2,0,candidate_3,3,0.04666666666666667
6879,candidate_2,candidate_1,candidate_3,3,0.04666666666666667
6880,candidate_2,candidate_1,candidate_3,3,0.04666666666666667
6881,candidate_2,candidate_1,candidate_3,3,0.04666666666666667
6882,candidate_2,candidate_1,candidate_3,3,0.04666666666666667
6883,candidate_2,0,candidate_3,3,0.04666666666666667
6884,candidate_2,candidate_1,candidate_3,3,0.04666666666666667
6885,candidate_2,candidate_1,candidate_3,3,0.04666666666666667
6886,candidate_2,candidate_1,candidate_3,3,0.04666666666666667
6887,candidate_2,candidate_1,0,3,0.04666666666666667
6888,candidate_2,candidate_1,candidate_3,3,0.04666666666666667
6889,candidate_2,candidate_1,candidate_3,3,0.04666666666666667
6890,candidate_2,candidate_1,candidate_3,3,0.04666666666666667
6891,candidate_2,candidate_1,candidate_3,3,0.04666666666666667
6892,candidate_2,candidate_1,candidate_3,3,0.04666666666666667
6893,candidate_2,candidate_1,candidate_3,3,0.04666666666666667
6894,candidate_2,candidate_1,candidate_3,3,0.04666666666666667
6895,candidate_2,candidate_1,candidate_3,3,0.04666666666666667
6896,candidate_2,candidate_1,candidate_3,3,0.04666666666666667
6897,candidate_2,0,candidate_3,3,0.04666666666666667
6898,candidate_2,candidate_1,candidate_3,3,0.04666666666666667
6899,candidate_2,candidate_1,candidate_3,3,0.04666666666666667
6900,candidate_2,candidate_1,candidate_3,3,0.04666666666666667
6901,candidate_2,candidate_1,candidate_3,3,0.04666666666666667
6902,candidate_2,candidate_1,candidate_3,3,0.04666666666666667
6903,candidate_2,candidate_1,candidate_3,3,0.04666666666666667
6904,candidate_2,candidate_1,candidate_3,3,0.04666666666666667
6905,candidate_2,candidate_1,candidate_3,3,0.04666666666666667
6906,candidate_2,candidate_1,candidate_3,3,0.04666666666666667
6907,candidate_2,candidate_1,candidate_3,3,0.04666666666666667
6908,candidate_2,0,candidate_3,3,0.04666666666666667
6909,candidate_2,candidate_1,candidate_3,3,0.04666666666666667
6910,candidate_2,candidate_1,candidate_3,3,0.04666666666666667
6911,candidate_2,candidate_1,candidate_3,3,0.04666666666666667
6912,candidate_2,candidate_1,candidate_3,3,0.04666666666666667
6913,candidate_2,candidate_1,candidate_3,3,0.04666666666666667
6914,0,candidate_1,candidate_3,3,0.04666666666666667
6915,candidate_2,candidate_1,candidate_3,3,0.04666666666666667
6916,candidate_2,candidate_1,candidate_3,3,0.04666666666666667
6917,candidate_2,candidate_1,candidate_3,3,0.04666666666666667
6918,candidate_2,candidate_1,candidate_3,3,0.04666666666666667
6919,candidate_2,candidate_1,candidate_3,3,0.04666666666666667
6920,candidate_2,candidate_1,candidate_3,3,0.04666666666666667
6921,candidate_2,candidate_1,candidate_3,3,0.04666666666666667
6922,candidate_2,candidate_1,candidate_3,3,0.04666666666666667
6923,candidate_2,candidate_1,candidate_3,3,0.04666666666666667
6924,candidate_2,candidate_1,0,3,0.04666666666666667
6925,candidate_2,candidate_1,candidate_3,3,0.04666666666666667
6926,candidate_2,candidate_1,candidate_3,3,0.04666666666666667
6927,candidate_2,candidate_1,candidate_3,3,0.04666666666666667
6928,candidate_2,candidate_1,candidate_3,3,0.04666666666666667
6929,candidate_2,candidate_1,candidate_3,3,0.04666666666666667
6930,candidate_2,candidate_1,candidate_3,3,0.04666666666666667
6931,candidate_2,candidate_1,candidate_3,3,0.04666666666666667
6932,candidate_2,candidate_1,candidate_3,3,0.04666666666666667
6933,candidate_2,candidate_1,candidate_3,3,0.04666666666666667
6934,candidate_2,candidate_1,candidate_3,3,0.04666666666666667
6935,candidate_2,candidate_1,candidate_3,3,0.04666666666666667
6936,candidate_2,0,candidate_3,3,0.04666666666666667
6937,candidate_2,candidate_1,candidate_3,3,0.04666666666666667
6938,candidate_2,candidate_1,candidate_3,3,0.04666666666666667
6939,candidate_2,candidate_1,candidate_3,3,0.04666666666666667
6940,0,candidate_1,candidate_3,3,0.04666666666666667
6941,candidate_2,candidate_1,candidate_3,3,0.04666666666666667
6942,candidate_2,candidate_1,candidate_3,3,0.04666666666666667
6943,candidate_2,candidate_1,candidate_3,3,0.04666666666666667
6944,candidate_2,candidate_1,candidate_3,3,0.04666666666666667
6945,0,candidate_1,candidate_3,3,0.04666666666666667
6946,candidate_2,candidate_1,candidate_3,3,0.04666666666666667
6947,candidate_2,candidate_1,candidate_3,3,0.04666666666666667
6948,candidate_2,candidate_1,candidate_3,3,0.04666666666666667
6949,candidate_2,candidate_1,candidate_3,3,0.04666666666666667
6950,0,candidate_1,candidate_3,3,0.04666666666666667
6951,candidate_2,candidate_1,candidate_3,3,0.04666666666666667
6952,candidate_2,candidate_1,candidate_3,3,0.04666666666666667
6953,candidate_2,candidate_1,0,3,0.04666666666666667
6954,candidate_2,candidate_1,candidate_3,3,0.04666666666666667
6955,candidate_2,candidate_1,candidate_3,3,0.04666666666666667
6956,candidate_2,candidate_1,candidate_3,3,0.04666666666666667
6957,candidate_2,candidate_1,candidate_3,3,0.04666666666666667
6958,candidate_2,candidate_1,candidate_3,3,0.04666666666666667
6959,candidate_2,candidate_1,candidate_3,3,0.04666666666666667
6960,candidate_2,candidate_1,candidate_3,3,0.04666666666666667
6961,candidate_2,candidate_1,candidate_3,3,0.04666666666666667
6962,candidate_2,candidate_1,candidate_3,3,0.04666666666666667
6963,candidate_2,candidate_1,candidate_3,3,0.04666666666666667
6964,candidate_2,candidate_1,candidate_3,3,0.04666666666666667
6965,candidate_2,candidate_1,candidate_3,3,0.04666666666666667
6966,candidate_2,candidate_1,candidate_3,3,0.04666666666666667
6967,candidate_2,candidate_1,candidate_3,3,0.04666666666666667
6968,candidate_2,candidate_1,candidate_3,3,0.04666666666666667
6969,candidate_2,candidate_1,candidate_3,3,0.04666666666666667
6970,candidate_2,candidate_1,candidate_3,3,0.04666666666666667
6971,candidate_2,candidate_1,candidate_3,3,0.04666666666666667
6972,candidate_2,candidate_1,candidate_3,3,0.04666666666666667
6973,candidate_2,candidate_1,candidate_3,3,0.04666666666666667
6974,candidate_2,candidate_1,candidate_3,3,0.04666666666666667
6975,candidate_2,candidate_1,candidate_3,3,0.04666666666666667
6976,candidate_2,candidate_1,candidate_3,3,0.04666666666666667
6977,candidate_2,candidate_1,candidate_3,3,0.04666666666666667
6978,candidate_2,candidate_1,candidate_3,3,0.04666666666666667
6979,candidate_2,candidate_1,candidate_3,3,0.04666666666666667
6980,candidate_2,candidate_1,candidate_3,3,0.04666666666666667
6981,0,candidate_1,candidate_3,3,0.04666666666666667
6982,0,candidate_1,candidate_3,3,0.04666666666666667
6983,candidate_2,candidate_1,candidate_3,3,0.04666666666666667
6984,candidate_2,candidate_1,candidate_3,3,0.04666666666666667
6985,candidate_2,candidate_1,candidate_3,3,0.04666666666666667
6986,candidate_2,0,candidate_3,3,0.04666666666666667
6987,candidate_2,candidate_1,candidate_3,3,0.04666666666666667
6988,candidate_2,candidate_1,candidate_3,3,0.04666666666666667
6989,candidate_2,candidate_1,candidate_3,3,0.04666666666666667
6990,candidate_2,candidate_1,candidate_3,3,0.04666666666666667
6991,candidate_2,candidate_1,candidate_3,3,0.04666666666666667
6992,candidate_2,candidate_1,candidate_3,3,0.04666666666666667
6993,candidate_2,candidate_1,candidate_3,3,0.04666666666666667
6994,candidate_2,candidate_1,candidate_3,3,0.04666666666666667
6995,candidate_2,0,candidate_3,3,0.04666666666666667
6996,candidate_2,candidate_1,candidate_3,3,0.04666666666666667
6997,candidate_2,candidate_1,candidate_3,3,0.04666666666666667
6998,candidate_2,candidate_1,candidate_3,3,0.04666666666666667
6999,candidate_2,candidate_1,candidate_3,3,0.04666666666666667
7000,candidate_2,candidate_1,candidate_3,3,0.04666666666666667
7001,candidate_2,candidate_1,candidate_3,3,0.04666666666666667
7002,candidate_2,candidate_1,candidate_3,3,0.04666666666666667
7003,candidate_2,candidate_1,candidate_3,3,0.04666666666666667
7004,candidate_2,candidate_1,candidate_3,3,0.04666666666666667
7005,candidate_2,candidate_1,candidate_3,3,0.04666666666666667
7006,candidate_2,candidate_1,candidate_3,3,0.04666666666666667
7007,candidate_2,candidate_1,candidate_3,3,0.04666666666666667
7008,candidate_2,candidate_1,candidate_3,3,0.04666666666666667
7009,candidate_2,candidate_1,candidate_3,3,0.04666666666666667
7010,candidate_2,candidate_1,candidate_3,3,0.04666666666666667
7011,candidate_2,candidate_1,candidate_3,3,0.04666666666666667
7012,candidate_2,candidate_1,candidate_3,3,0.04666666666666667
7013,candidate_2,candidate_1,candidate_3,3,0.04666666666666667
7014,0,0,candidate_3,3,0.04666666666666667
7015,candidate_2,candidate_1,candidate_3,3,0.04666666666666667
7016,candidate_2,candidate_1,candidate_3,3,0.04666666666666667
7017,0,candidate_1,candidate_3,3,0.04666666666666667
7018,candidate_2,candidate_1,candidate_3,3,0.04666666666666667
7019,candidate_2,candidate_1,candidate_3,3,0.04666666666666667
7020,candidate_2,candidate_1,0,3,0.04666666666666667
7021,candidate_2,candidate_1,candidate_3,3,0.04666666666666667
7022,0,candidate_1,0,3,0.04666666666666667
7023,candidate_2,candidate_1,candidate_3,3,0.04666666666666667
7024,candidate_2,candidate_1,candidate_3,3,0.04666666666666667
7025,candidate_2,candidate_1,candidate_3,3,0.04666666666666667
7026,candidate_2,candidate_1,candidate_3,3,0.04666666666666667
7027,candidate_2,candidate_1,candidate_3,3,0.04666666666666667
7028,candidate_2,candidate_1,candidate_3,3,0.04666666666666667
7029,candidate_2,candidate_1,candidate_3,3,0.04666666666666667
7030,candidate_2,candidate_1,candidate_3,3,0.04666666666666667
7031,candidate_2,candidate_1,candidate_3,3,0.04666666666666667
7032,candidate_2,candidate_1,candidate_3,3,0.04666666666666667
7033,candidate_2,candidate_1,candidate_3,3,0.04666666666666667
7034,candidate_2,candidate_1,candidate_3,3,0.04666666666666667
7035,candidate_2,candidate_1,0,3,0.04666666666666667
7036,candidate_2,candidate_1,candidate_3,3,0.04666666666666667
7037,candidate_2,candidate_1,candidate_3,3,0.04666666666666667
7038,candidate_2,candidate_1,candidate_3,3,0.04666666666666667
7039,candidate_2,candidate_1,candidate_3,3,0.04666666666666667
7040,candidate_2,candidate_1,candidate_3,3,0.04666666666666667
7041,candidate_2,candidate_1,candidate_3,3,0.04666666666666667
7042,candidate_2,candidate_1,candidate_3,3,0.04666666666666667
7043,candidate_2,candidate_1,candidate_3,3,0.04666666666666667
7044,candidate_2,candidate_1,candidate_3,3,0.04666666666666667
7045,candidate_2,candidate_1,candidate_3,3,0.04666666666666667
7046,candidate_2,candidate_1,candidate_3,3,0.04666666666666667
7047,candidate_2,candidate_1,candidate_3,3,0.04666666666666667
7048,candidate_2,candidate_1,candidate_3,3,0.04666666666666667
7049,candidate_2,candidate_1,candidate_3,3,0.04666666666666667
7050,candidate_2,candidate_1,candidate_3,3,0.04666666666666667
7051,candidate_2,candidate_1,candidate_3,3,0.04666666666666667
7052,candidate_2,candidate_1,candidate_3,3,0.04666666666666667
7053,candidate_2,candidate_1,candidate_3,3,0.04666666666666667
7054,candidate_2,candidate_1,candidate_3,3,0.04666666666666667
7055,candidate_2,candidate_1,candidate_3,3,0.04666666666666667
7056,candidate_2,candidate_1,candidate_3,3,0.04666666666666667
7057,candidate_2,candidate_1,candidate_3,3,0.04666666666666667
7058,candidate_2,candidate_1,candidate_3,3,0.04666666666666667
7059,0,candidate_1,candidate_3,3,0.04666666666666667
7060,candidate_2,candidate_1,candidate_3,3,0.04666666666666667
7061,candidate_2,candidate_1,candidate_3,3,0.04666666666666667
7062,candidate_2,candidate_1,candidate_3,3,0.04666666666666667
7063,candidate_2,candidate_1,candidate_3,3,0.04666666666666667
7064,candidate_2,candidate_1,candidate_3,3,0.04666666666666667
7065,candidate_2,candidate_1,candidate_3,3,0.04666666666666667
7066,candidate_2,candidate_1,candidate_3,3,0.04666666666666667
7067,candidate_2,candidate_1,candidate_3,3,0.04666666666666667
7068,candidate_2,candidate_1,candidate_3,3,0.04666666666666667
7069,candidate_2,candidate_1,candidate_3,3,0.04666666666666667
7070,candidate_2,candidate_1,candidate_3,3,0.04666666666666667
7071,candidate_2,candidate_1,candidate_3,3,0.04666666666666667
7072,candidate_2,candidate_1,candidate_3,3,0.04666666666666667
7073,candidate_2,candidate_1,candidate_3,3,0.04666666666666667
7074,candidate_2,candidate_1,candidate_3,3,0.04666666666666667
7075,candidate_2,candidate_1,candidate_3,3,0.04666666666666667
7076,candidate_2,candidate_1,candidate_3,3,0.04666666666666667
7077,candidate_2,candidate_1,candidate_3,3,0.04666666666666667
7078,candidate_2,candidate_1,candidate_3,3,0.04666666666666667
7079,candidate_2,candidate_1,candidate_3,3,0.04666666666666667
7080,candidate_2,candidate_1,candidate_3,3,0.04666666666666667
7081,candidate_2,candidate_1,candidate_3,3,0.04666666666666667
7082,candidate_2,candidate_1,candidate_3,3,0.04666666666666667
7083,candidate_2,candidate_1,0,3,0.04666666666666667
7084,candidate_2,candidate_1,candidate_3,3,0.04666666666666667
7085,candidate_2,candidate_1,candidate_3,3,0.04666666666666667
7086,candidate_2,candidate_1,candidate_3,3,0.04666666666666667
7087,candidate_2,candidate_1,candidate_3,3,0.04666666666666667
7088,candidate_2,candidate_1,candidate_3,3,0.04666666666666667
7089,candidate_2,candidate_1,candidate_3,3,0.04666666666666667
7090,candidate_2,candidate_1,candidate_3,3,0.04666666666666667
7091,candidate_2,candidate_1,candidate_3,3,0.04666666666666667
7092,candidate_2,candidate_1,candidate_3,3,0.04666666666666667
7093,candidate_2,candidate_1,0,3,0.04666666666666667
7094,candidate_2,candidate_1,candidate_3,3,0.04666666666666667
7095,candidate_2,candidate_1,candidate_3,3,0.04666666666666667
7096,candidate_2,candidate_1,candidate_3,3,0.04666666666666667
7097,candidate_2,candidate_1,candidate_3,3,0.04666666666666667
7098,candidate_2,candidate_1,candidate_3,3,0.04666666666666667
7099,candidate_2,candidate_1,candidate_3,3,0.04666666666666667
7100,candidate_2,0,candidate_3,3,0.04666666666666667
7101,candidate_2,candidate_1,candidate_3,3,0.04666666666666667
7102,candidate_2,candidate_1,candidate_3,3,0.04666666666666667
7103,candidate_2,candidate_1,candidate_3,3,0.04666666666666667
7104,candidate_2,candidate_1,candidate_3,3,0.04666666666666667
7105,candidate_2,candidate_1,candidate_3,3,0.04666666666666667
7106,candidate_2,candidate_1,candidate_3,3,0.04666666666666667
7107,candidate_2,0,candidate_3,3,0.04666666666666667
7108,candidate_2,candidate_1,candidate_3,3,0.04666666666666667
7109,candidate_2,candidate_1,candidate_3,3,0.04666666666666667
7110,candidate_2,candidate_1,candidate_3,3,0.04666666666666667
7111,candidate_2,candidate_1,candidate_3,3,0.04666666666666667
7112,0,candidate_1,candidate_3,3,0.04666666666666667
7113,candidate_2,candidate_1,candidate_3,3,0.04666666666666667
7114,candidate_2,candidate_1,candidate_3,3,0.04666666666666667
7115,candidate_2,0,candidate_3,3,0.04666666666666667
7116,candidate_2,0,candidate_3,3,0.04666666666666667
7117,candidate_2,candidate_1,candidate_3,3,0.04666666666666667
7118,candidate_2,candidate_1,candidate_3,3,0.04666666666666667
7119,candidate_2,candidate_1,candidate_3,3,0.04666666666666667
7120,candidate_2,candidate_1,candidate_3,3,0.04666666666666667
7121,candidate_2,candidate_1,candidate_3,3,0.04666666666666667
7122,candidate_2,candidate_1,candidate_3,3,0.04666666666666667
7123,0,candidate_1,candidate_3,3,0.04666666666666667
7124,candidate_2,candidate_1,candidate_3,3,0.04666666666666667
7125,candidate_2,candidate_1,candidate_3,3,0.04666666666666667
7126,candidate_2,candidate_1,candidate_3,3,0.04666666666666667
7127,candidate_2,candidate_1,candidate_3,3,0.04666666666666667
7128,candidate_2,candidate_1,candidate_3,3,0.04666666666666667
7129,candidate_2,candidate_1,candidate_3,3,0.04666666666666667
7130,candidate_2,candidate_1,candidate_3,3,0.04666666666666667
7131,candidate_2,candidate_1,candidate_3,3,0.04666666666666667
7132,candidate_2,candidate_1,candidate_3,3,0.04666666666666667
7133,candidate_2,candidate_1,candidate_3,3,0.04666666666666667
7134,candidate_2,candidate_1,candidate_3,3,0.04666666666666667
7135,candidate_2,candidate_1,candidate_3,3,0.04666666666666667
7136,candidate_2,candidate_1,candidate_3,3,0.04666666666666667
7137,candidate_2,candidate_1,candidate_3,3,0.04666666666666667
7138,candidate_2,candidate_1,candidate_3,3,0.04666666666666667
7139,candidate_2,candidate_1,candidate_3,3,0.04666666666666667
7140,candidate_2,candidate_1,candidate_3,3,0.04666666666666667
7141,candidate_2,candidate_1,candidate_3,3,0.04666666666666667
7142,candidate_2,candidate_1,candidate_3,3,0.04666666666666667
7143,candidate_2,candidate_1,candidate_3,3,0.04666666666666667
7144,candidate_2,candidate_1,candidate_3,3,0.04666666666666667
7145,candidate_2,candidate_1,candidate_3,3,0.04666666666666667
7146,candidate_2,candidate_1,candidate_3,3,0.04666666666666667
7147,candidate_2,candidate_1,candidate_3,3,0.04666666666666667
7148,candidate_2,candidate_1,candidate_3,3,0.04666666666666667
7149,candidate_2,candidate_1,candidate_3,3,0.04666666666666667
7150,candidate_2,candidate_1,candidate_3,3,0.04666666666666667
7151,candidate_2,candidate_1,candidate_3,3,0.04666666666666667
7152,candidate_2,candidate_1,candidate_3,3,0.04666666666666667
7153,candidate_2,candidate_1,candidate_3,3,0.04666666666666667
7154,candidate_2,candidate_1,candidate_3,3,0.04666666666666667
7155,candidate_2,candidate_1,candidate_3,3,0.04666666666666667
7156,candidate_2,candidate_1,candidate_3,3,0.04666666666666667
7157,candidate_2,0,candidate_3,3,0.04666666666666667
7158,candidate_2,candidate_1,candidate_3,3,0.04666666666666667
7159,candidate_2,candidate_1,candidate_3,3,0.04666666666666667
7160,candidate_2,candidate_1,candidate_3,3,0.04666666666666667
7161,candidate_2,candidate_1,candidate_3,3,0.04666666666666667
7162,candidate_2,candidate_1,candidate_3,3,0.04666666666666667
7163,candidate_2,0,candidate_3,3,0.04666666666666667
7164,candidate_2,candidate_1,0,3,0.04666666666666667
7165,candidate_2,candidate_1,candidate_3,3,0.04666666666666667
7166,candidate_2,candidate_1,candidate_3,3,0.04666666666666667
7167,candidate_2,candidate_1,candidate_3,3,0.04666666666666667
7168,candidate_2,candidate_1,candidate_3,3,0.04666666666666667
7169,candidate_2,candidate_1,candidate_3,3,0.04666666666666667
7170,candidate_2,candidate_1,candidate_3,3,0.04666666666666667
7171,candidate_2,candidate_1,candidate_3,3,0.04666666666666667
7172,candidate_2,candidate_1,candidate_3,3,0.04666666666666667
7173,candidate_2,candidate_1,candidate_3,3,0.04666666666666667
7174,candidate_2,candidate_1,candidate_3,3,0.04666666666666667
7175,candidate_2,candidate_1,candidate_3,3,0.04666666666666667
7176,candidate_2,candidate_1,candidate_3,3,0.04666666666666667
7177,candidate_2,candidate_1,candidate_3,3,0.04666666666666667
7178,candidate_2,candidate_1,candidate_3,3,0.04666666666666667
7179,candidate_2,candidate_1,candidate_3,3,0.04666666666666667
7180,candidate_2,candidate_1,candidate_3,3,0.04666666666666667
7181,candidate_2,candidate_1,candidate_3,3,0.04666666666666667
7182,candidate_2,candidate_1,candidate_3,3,0.04666666666666667
7183,candidate_2,candidate_1,candidate_3,3,0.04666666666666667
7184,candidate_2,candidate_1,candidate_3,3,0.04666666666666667
7185,candidate_2,candidate_1,candidate_3,3,0.04666666666666667
7186,candidate_2,candidate_1,candidate_3,3,0.04666666666666667
7187,candidate_2,candidate_1,candidate_3,3,0.04666666666666667
7188,candidate_2,candidate_1,0,3,0.04666666666666667
7189,candidate_2,candidate_1,candidate_3,3,0.04666666666666667
7190,candidate_2,candidate_1,candidate_3,3,0.04666666666666667
7191,candidate_2,candidate_1,candidate_3,3,0.04666666666666667
7192,candidate_2,candidate_1,candidate_3,3,0.04666666666666667
7193,candidate_2,candidate_1,candidate_3,3,0.04666666666666667
7194,candidate_2,candidate_1,candidate_3,3,0.04666666666666667
7195,candidate_2,candidate_1,0,3,0.04666666666666667
7196,candidate_2,candidate_1,candidate_3,3,0.04666666666666667
7197,candidate_2,candidate_1,candidate_3,3,0.04666666666666667
7198,0,candidate_1,0,3,0.04666666666666667
7199,candidate_2,candidate_1,candidate_3,3,0.04666666666666667
7200,candidate_2,0,candidate_3,3,0.04666666666666667
7201,candidate_2,candidate_1,candidate_3,3,0.04666666666666667
7202,candidate_2,candidate_1,candidate_3,3,0.04666666666666667
7203,candidate_2,candidate_1,candidate_3,3,0.04666666666666667
7204,candidate_2,candidate_1,candidate_3,3,0.04666666666666667
7205,candidate_2,candidate_1,candidate_3,3,0.04666666666666667
7206,candidate_2,candidate_1,candidate_3,3,0.04666666666666667
7207,candidate_2,candidate_1,candidate_3,3,0.04666666666666667
7208,candidate_2,candidate_1,candidate_3,3,0.04666666666666667
7209,candidate_2,candidate_1,0,3,0.04666666666666667
7210,candidate_2,candidate_1,candidate_3,3,0.04666666666666667
7211,candidate_2,candidate_1,candidate_3,3,0.04666666666666667
7212,candidate_2,candidate_1,candidate_3,3,0.04666666666666667
7213,candidate_2,candidate_1,candidate_3,3,0.04666666666666667
7214,candidate_2,candidate_1,0,3,0.04666666666666667
7215,candidate_2,0,candidate_3,3,0.04666666666666667
7216,candidate_2,candidate_1,candidate_3,3,0.04666666666666667
7217,candidate_2,candidate_1,candidate_3,3,0.04666666666666667
7218,candidate_2,candidate_1,candidate_3,3,0.04666666666666667
7219,candidate_2,candidate_1,candidate_3,3,0.04666666666666667
7220,candidate_2,candidate_1,candidate_3,3,0.04666666666666667
7221,candidate_2,candidate_1,candidate_3,3,0.04666666666666667
7222,candidate_2,candidate_1,candidate_3,3,0.04666666666666667
7223,candidate_2,candidate_1,candidate_3,3,0.04666666666666667
7224,candidate_2,candidate_1,candidate_3,3,0.04666666666666667
7225,candidate_2,candidate_1,candidate_3,3,0.04666666666666667
7226,candidate_2,candidate_1,candidate_3,3,0.04666666666666667
7227,candidate_2,candidate_1,candidate_3,3,0.04666666666666667
7228,candidate_2,candidate_1,candidate_3,3,0.04666666666666667
7229,candidate_2,candidate_1,candidate_3,3,0.04666666666666667
7230,candidate_2,candidate_1,candidate_3,3,0.04666666666666667
7231,candidate_2,candidate_1,0,3,0.04666666666666667
7232,candidate_2,candidate_1,candidate_3,3,0.04666666666666667
7233,candidate_2,candidate_1,candidate_3,3,0.04666666666666667
7234,0,candidate_1,candidate_3,3,0.04666666666666667
7235,candidate_2,candidate_1,candidate_3,3,0.04666666666666667
7236,candidate_2,candidate_1,candidate_3,3,0.04666666666666667
7237,candidate_2,candidate_1,candidate_3,3,0.04666666666666667
7238,candidate_2,candidate_1,0,3,0.04666666666666667
7239,candidate_2,candidate_1,candidate_3,3,0.04666666666666667
7240,0,candidate_1,candidate_3,3,0.04666666666666667
7241,candidate_2,candidate_1,candidate_3,3,0.04666666666666667
7242,candidate_2,candidate_1,candidate_3,3,0.04666666666666667
7243,candidate_2,candidate_1,candidate_3,3,0.04666666666666667
7244,candidate_2,candidate_1,candidate_3,3,0.04666666666666667
7245,candidate_2,candidate_1,candidate_3,3,0.04666666666666667
7246,candidate_2,candidate_1,candidate_3,3,0.04666666666666667
7247,candidate_2,candidate_1,candidate_3,3,0.04666666666666667
7248,candidate_2,candidate_1,candidate_3,3,0.04666666666666667
7249,candidate_2,candidate_1,candidate_3,3,0.04666666666666667
7250,candidate_2,0,candidate_3,3,0.04666666666666667
7251,candidate_2,candidate_1,candidate_3,3,0.04666666666666667
7252,candidate_2,candidate_1,candidate_3,3,0.04666666666666667
7253,candidate_2,candidate_1,candidate_3,3,0.04666666666666667
7254,candidate_2,candidate_1,candidate_3,3,0.04666666666666667
7255,candidate_2,candidate_1,candidate_3,3,0.04666666666666667
7256,candidate_2,candidate_1,candidate_3,3,0.04666666666666667
7257,candidate_2,candidate_1,0,3,0.04666666666666667
7258,candidate_2,candidate_1,candidate_3,3,0.04666666666666667
7259,candidate_2,candidate_1,candidate_3,3,0.04666666666666667
7260,candidate_2,candidate_1,candidate_3,3,0.04666666666666667
7261,candidate_2,candidate_1,candidate_3,3,0.04666666666666667
7262,candidate_2,candidate_1,candidate_3,3,0.04666666666666667
7263,candidate_2,candidate_1,candidate_3,3,0.04666666666666667
7264,candidate_2,candidate_1,candidate_3,3,0.04666666666666667
7265,candidate_2,candidate_1,candidate_3,3,0.04666666666666667
7266,candidate_2,candidate_1,candidate_3,3,0.04666666666666667
7267,candidate_2,candidate_1,candidate_3,3,0.04666666666666667
7268,candidate_2,candidate_1,candidate_3,3,0.04666666666666667
7269,candidate_2,candidate_1,candidate_3,3,0.04666666666666667
7270,candidate_2,candidate_1,candidate_3,3,0.04666666666666667
7271,candidate_2,candidate_1,candidate_3,3,0.04666666666666667
7272,candidate_2,candidate_1,candidate_3,3,0.04666666666666667
7273,candidate_2,candidate_1,candidate_3,3,0.04666666666666667
7274,candidate_2,candidate_1,candidate_3,3,0.04666666666666667
7275,candidate_2,candidate_1,candidate_3,3,0.04666666666666667
7276,candidate_2,candidate_1,candidate_3,3,0.04666666666666667
7277,candidate_2,candidate_1,candidate_3,3,0.04666666666666667
7278,candidate_2,0,candidate_3,3,0.04666666666666667
7279,candidate_2,candidate_1,0,3,0.04666666666666667
7280,candidate_2,candidate_1,candidate_3,3,0.04666666666666667
7281,candidate_2,candidate_1,candidate_3,3,0.04666666666666667
7282,candidate_2,candidate_1,candidate_3,3,0.04666666666666667
7283,candidate_2,candidate_1,candidate_3,3,0.04666666666666667
7284,candidate_2,candidate_1,candidate_3,3,0.04666666666666667
7285,candidate_2,candidate_1,candidate_3,3,0.04666666666666667
7286,candidate_2,candidate_1,candidate_3,3,0.04666666666666667
7287,candidate_2,candidate_1,candidate_3,3,0.04666666666666667
7288,candidate_2,candidate_1,candidate_3,3,0.04666666666666667
7289,candidate_2,candidate_1,candidate_3,3,0.04666666666666667
7290,candidate_2,candidate_1,candidate_3,3,0.04666666666666667
7291,candidate_2,0,candidate_3,3,0.04666666666666667
7292,candidate_2,candidate_1,candidate_3,3,0.04666666666666667
7293,candidate_2,candidate_1,candidate_3,3,0.04666666666666667
7294,candidate_2,candidate_1,candidate_3,3,0.04666666666666667
7295,candidate_2,candidate_1,candidate_3,3,0.04666666666666667
7296,candidate_2,candidate_1,candidate_3,3,0.04666666666666667
7297,candidate_2,candidate_1,candidate_3,3,0.04666666666666667
7298,candidate_2,candidate_1,candidate_3,3,0.04666666666666667
7299,candidate_2,candidate_1,candidate_3,3,0.04666666666666667
7300,candidate_2,candidate_1,candidate_3,3,0.04666666666666667
7301,candidate_2,candidate_1,0,3,0.04666666666666667
7302,candidate_2,candidate_1,candidate_3,3,0.04666666666666667
7303,candidate_2,candidate_1,candidate_3,3,0.04666666666666667
7304,candidate_2,candidate_1,candidate_3,3,0.04666666666666667
7305,candidate_2,0,candidate_3,3,0.04666666666666667
7306,candidate_2,candidate_1,candidate_3,3,0.04666666666666667
7307,candidate_2,candidate_1,candidate_3,3,0.04666666666666667
7308,candidate_2,candidate_1,candidate_3,3,0.04666666666666667
7309,candidate_2,candidate_1,candidate_3,3,0.04666666666666667
7310,candidate_2,candidate_1,candidate_3,3,0.04666666666666667
7311,candidate_2,0,candidate_3,3,0.04666666666666667
7312,candidate_2,candidate_1,0,3,0.04666666666666667
7313,candidate_2,candidate_1,candidate_3,3,0.04666666666666667
7314,candidate_2,candidate_1,candidate_3,3,0.04666666666666667
7315,candidate_2,candidate_1,candidate_3,3,0.04666666666666667
7316,candidate_2,candidate_1,candidate_3,3,0.04666666666666667
7317,candidate_2,0,candidate_3,3,0.04666666666666667
7318,candidate_2,candidate_1,candidate_3,3,0.04666666666666667
7319,candidate_2,candidate_1,candidate_3,3,0.04666666666666667
7320,candidate_2,candidate_1,candidate_3,3,0.04666666666666667
7321,candidate_2,candidate_1,candidate_3,3,0.04666666666666667
7322,candidate_2,candidate_1,candidate_3,3,0.04666666666666667
7323,candidate_2,candidate_1,candidate_3,3,0.04666666666666667
7324,candidate_2,candidate_1,candidate_3,3,0.04666666666666667
7325,candidate_2,candidate_1,candidate_3,3,0.04666666666666667
7326,candidate_2,candidate_1,candidate_3,3,0.04666666666666667
7327,candidate_2,candidate_1,candidate_3,3,0.04666666666666667
7328,candidate_2,candidate_1,candidate_3,3,0.04666666666666667
7329,candidate_2,candidate_1,candidate_3,3,0.04666666666666667
7330,candidate_2,candidate_1,0,3,0.04666666666666667
7331,candidate_2,candidate_1,candidate_3,3,0.04666666666666667
7332,candidate_2,candidate_1,candidate_3,3,0.04666666666666667
7333,candidate_2,candidate_1,candidate_3,3,0.04666666666666667
7334,candidate_2,candidate_1,candidate_3,3,0.04666666666666667
7335,candidate_2,candidate_1,candidate_3,3,0.04666666666666667
7336,candidate_2,candidate_1,candidate_3,3,0.04666666666666667
7337,candidate_2,candidate_1,candidate_3,3,0.04666666666666667
7338,candidate_2,candidate_1,candidate_3,3,0.04666666666666667
7339,candidate_2,candidate_1,candidate_3,3,0.04666666666666667
7340,0,candidate_1,candidate_3,3,0.04666666666666667
7341,candidate_2,0,candidate_3,3,0.04666666666666667
7342,0,candidate_1,0,3,0.04666666666666667
7343,candidate_2,candidate_1,0,3,0.04666666666666667
7344,candidate_2,candidate_1,0,3,0.04666666666666667
7345,candidate_2,candidate_1,candidate_3,3,0.04666666666666667
7346,candidate_2,candidate_1,candidate_3,3,0.04666666666666667
7347,candidate_2,candidate_1,candidate_3,3,0.04666666666666667
7348,candidate_2,candidate_1,candidate_3,3,0.04666666666666667
7349,candidate_2,candidate_1,candidate_3,3,0.04666666666666667
7350,candidate_2,candidate_1,candidate_3,3,0.04666666666666667
7351,candidate_2,candidate_1,candidate_3,3,0.04666666666666667
7352,candidate_2,candidate_1,candidate_3,3,0.04666666666666667
7353,candidate_2,candidate_1,candidate_3,3,0.04666666666666667
7354,candidate_2,candidate_1,candidate_3,3,0.04666666666666667
7355,candidate_2,candidate_1,candidate_3,3,0.04666666666666667
7356,candidate_2,candidate_1,candidate_3,3,0.04666666666666667
7357,candidate_2,candidate_1,candidate_3,3,0.04666666666666667
7358,candidate_2,candidate_1,candidate_3,3,0.04666666666666667
7359,candidate_2,candidate_1,candidate_3,3,0.04666666666666667
7360,candidate_2,candidate_1,candidate_3,3,0.04666666666666667
7361,candidate_2,0,candidate_3,3,0.04666666666666667
7362,candidate_2,candidate_1,candidate_3,3,0.04666666666666667
7363,candidate_2,candidate_1,candidate_3,3,0.04666666666666667
7364,candidate_2,candidate_1,candidate_3,3,0.04666666666666667
7365,candidate_2,candidate_1,candidate_3,3,0.04666666666666667
7366,candidate_2,candidate_1,candidate_3,3,0.04666666666666667
7367,candidate_2,candidate_1,candidate_3,3,0.04666666666666667
7368,candidate_2,candidate_1,candidate_3,3,0.04666666666666667
7369,candidate_2,candidate_1,candidate_3,3,0.04666666666666667
7370,candidate_2,candidate_1,candidate_3,3,0.04666666666666667
7371,candidate_2,candidate_1,candidate_3,3,0.04666666666666667
7372,candidate_2,candidate_1,candidate_3,3,0.04666666666666667
7373,0,candidate_1,candidate_3,3,0.04666666666666667
7374,candidate_2,candidate_1,candidate_3,3,0.04666666666666667
7375,candidate_2,candidate_1,candidate_3,3,0.04666666666666667
7376,candidate_2,candidate_1,candidate_3,3,0.04666666666666667
7377,candidate_2,candidate_1,candidate_3,3,0.04666666666666667
7378,candidate_2,candidate_1,candidate_3,3,0.04666666666666667
7379,candidate_2,candidate_1,candidate_3,3,0.04666666666666667
7380,candidate_2,candidate_1,candidate_3,3,0.04666666666666667
7381,candidate_2,candidate_1,candidate_3,3,0.04666666666666667
7382,candidate_2,candidate_1,candidate_3,3,0.04666666666666667
7383,candidate_2,candidate_1,candidate_3,3,0.04666666666666667
7384,candidate_2,candidate_1,candidate_3,3,0.04666666666666667
7385,0,candidate_1,candidate_3,3,0.04666666666666667
7386,candidate_2,candidate_1,candidate_3,3,0.04666666666666667
7387,candidate_2,candidate_1,candidate_3,3,0.04666666666666667
7388,candidate_2,0,candidate_3,3,0.04666666666666667
7389,candidate_2,candidate_1,candidate_3,3,0.04666666666666667
7390,candidate_2,candidate_1,candidate_3,3,0.04666666666666667
7391,candidate_2,candidate_1,candidate_3,3,0.04666666666666667
7392,candidate_2,candidate_1,candidate_3,3,0.04666666666666667
7393,candidate_2,candidate_1,candidate_3,3,0.04666666666666667
7394,candidate_2,candidate_1,candidate_3,3,0.04666666666666667
7395,candidate_2,candidate_1,candidate_3,3,0.04666666666666667
7396,candidate_2,candidate_1,candidate_3,3,0.04666666666666667
7397,candidate_2,candidate_1,candidate_3,3,0.04666666666666667
7398,candidate_2,candidate_1,candidate_3,3,0.04666666666666667
7399,candidate_2,candidate_1,candidate_3,3,0.04666666666666667
7400,candidate_2,candidate_1,candidate_3,3,0.04666666666666667
7401,candidate_2,candidate_1,candidate_3,3,0.04666666666666667
7402,candidate_2,candidate_1,candidate_3,3,0.04666666666666667
7403,candidate_2,0,candidate_3,3,0.04666666666666667
7404,candidate_2,candidate_1,candidate_3,3,0.04666666666666667
7405,candidate_2,candidate_1,candidate_3,3,0.04666666666666667
7406,candidate_2,candidate_1,candidate_3,3,0.04666666666666667
7407,candidate_2,candidate_1,candidate_3,3,0.04666666666666667
7408,candidate_2,candidate_1,candidate_3,3,0.04666666666666667
7409,candidate_2,candidate_1,candidate_3,3,0.04666666666666667
7410,candidate_2,candidate_1,candidate_3,3,0.04666666666666667
7411,candidate_2,candidate_1,candidate_3,3,0.04666666666666667
7412,candidate_2,candidate_1,candidate_3,3,0.04666666666666667
7413,candidate_2,candidate_1,candidate_3,3,0.04666666666666667
7414,candidate_2,candidate_1,candidate_3,3,0.04666666666666667
7415,candidate_2,candidate_1,candidate_3,3,0.04666666666666667
7416,candidate_2,candidate_1,candidate_3,3,0.04666666666666667
7417,candidate_2,candidate_1,candidate_3,3,0.04666666666666667
7418,candidate_2,candidate_1,candidate_3,3,0.04666666666666667
7419,candidate_2,0,candidate_3,3,0.04666666666666667
7420,candidate_2,candidate_1,candidate_3,3,0.04666666666666667
7421,candidate_2,candidate_1,candidate_3,3,0.04666666666666667
7422,candidate_2,candidate_1,candidate_3,3,0.04666666666666667
7423,candidate_2,candidate_1,candidate_3,3,0.04666666666666667
7424,candidate_2,candidate_1,candidate_3,3,0.04666666666666667
7425,candidate_2,candidate_1,candidate_3,3,0.04666666666666667
7426,candidate_2,candidate_1,candidate_3,3,0.04666666666666667
7427,candidate_2,candidate_1,candidate_3,3,0.04666666666666667
7428,candidate_2,candidate_1,candidate_3,3,0.04666666666666667
7429,candidate_2,candidate_1,candidate_3,3,0.04666666666666667
7430,candidate_2,candidate_1,candidate_3,3,0.04666666666666667
7431,candidate_2,0,candidate_3,3,0.04666666666666667
7432,0,0,candidate_3,3,0.04666666666666667
7433,0,candidate_1,candidate_3,3,0.04666666666666667
7434,candidate_2,candidate_1,candidate_3,3,0.04666666666666667
7435,candidate_2,candidate_1,candidate_3,3,0.04666666666666667
7436,candidate_2,candidate_1,candidate_3,3,0.04666666666666667
7437,candidate_2,candidate_1,candidate_3,3,0.04666666666666667
7438,candidate_2,candidate_1,candidate_3,3,0.04666666666666667
7439,candidate_2,candidate_1,candidate_3,3,0.04666666666666667
7440,candidate_2,candidate_1,candidate_3,3,0.04666666666666667
7441,candidate_2,candidate_1,candidate_3,3,0.04666666666666667
7442,candidate_2,candidate_1,candidate_3,3,0.04666666666666667
7443,candidate_2,candidate_1,candidate_3,3,0.04666666666666667
7444,candidate_2,candidate_1,candidate_3,3,0.04666666666666667
7445,candidate_2,candidate_1,candidate_3,3,0.04666666666666667
7446,candidate_2,candidate_1,candidate_3,3,0.04666666666666667
7447,candidate_2,candidate_1,candidate_3,3,0.04666666666666667
7448,candidate_2,candidate_1,candidate_3,3,0.04666666666666667
7449,candidate_2,candidate_1,candidate_3,3,0.04666666666666667
7450,candidate_2,candidate_1,candidate_3,3,0.04666666666666667
7451,candidate_2,candidate_1,candidate_3,3,0.04666666666666667
7452,candidate_2,candidate_1,candidate_3,3,0.04666666666666667
7453,candidate_2,candidate_1,candidate_3,3,0.04666666666666667
7454,candidate_2,candidate_1,candidate_3,3,0.04666666666666667
7455,candidate_2,candidate_1,candidate_3,3,0.04666666666666667
7456,candidate_2,candidate_1,candidate_3,3,0.04666666666666667
7457,candidate_2,candidate_1,candidate_3,3,0.04666666666666667
7458,candidate_2,0,candidate_3,3,0.04666666666666667
7459,candidate_2,candidate_1,candidate_3,3,0.04666666666666667
7460,candidate_2,candidate_1,candidate_3,3,0.04666666666666667
7461,candidate_2,candidate_1,candidate_3,3,0.04666666666666667
7462,candidate_2,candidate_1,candidate_3,3,0.04666666666666667
7463,candidate_2,candidate_1,0,3,0.04666666666666667
7464,0,candidate_1,candidate_3,3,0.04666666666666667
7465,candidate_2,candidate_1,candidate_3,3,0.04666666666666667
7466,candidate_2,candidate_1,candidate_3,3,0.04666666666666667
7467,candidate_2,candidate_1,candidate_3,3,0.04666666666666667
7468,candidate_2,candidate_1,candidate_3,3,0.04666666666666667
7469,candidate_2,candidate_1,candidate_3,3,0.04666666666666667
7470,candidate_2,candidate_1,candidate_3,3,0.04666666666666667
7471,candidate_2,candidate_1,candidate_3,3,0.04666666666666667
7472,candidate_2,candidate_1,candidate_3,3,0.04666666666666667
7473,candidate_2,candidate_1,candidate_3,3,0.04666666666666667
7474,candidate_2,candidate_1,candidate_3,3,0.04666666666666667
7475,candidate_2,candidate_1,candidate_3,3,0.04666666666666667
7476,candidate_2,candidate_1,candidate_3,3,0.04666666666666667
7477,candidate_2,candidate_1,candidate_3,3,0.04666666666666667
7478,candidate_2,candidate_1,candidate_3,3,0.04666666666666667
7479,candidate_2,candidate_1,candidate_3,3,0.04666666666666667
7480,candidate_2,candidate_1,0,3,0.04666666666666667
7481,candidate_2,candidate_1,candidate_3,3,0.04666666666666667
7482,candidate_2,candidate_1,candidate_3,3,0.04666666666666667
7483,candidate_2,candidate_1,candidate_3,3,0.04666666666666667
7484,candidate_2,candidate_1,candidate_3,3,0.04666666666666667
7485,candidate_2,candidate_1,candidate_3,3,0.04666666666666667
7486,candidate_2,candidate_1,candidate_3,3,0.04666666666666667
7487,candidate_2,candidate_1,candidate_3,3,0.04666666666666667
7488,candidate_2,candidate_1,candidate_3,3,0.04666666666666667
7489,candidate_2,candidate_1,candidate_3,3,0.04666666666666667
7490,candidate_2,candidate_1,candidate_3,3,0.04666666666666667
7491,candidate_2,candidate_1,candidate_3,3,0.04666666666666667
7492,candidate_2,candidate_1,candidate_3,3,0.04666666666666667
7493,candidate_2,0,candidate_3,3,0.04666666666666667
7494,candidate_2,candidate_1,candidate_3,3,0.04666666666666667
7495,candidate_2,candidate_1,candidate_3,3,0.04666666666666667
7496,candidate_2,candidate_1,candidate_3,3,0.04666666666666667
7497,candidate_2,candidate_1,0,3,0.04666666666666667
7498,candidate_2,candidate_1,candidate_3,3,0.04666666666666667
7499,candidate_2,candidate_1,0,3,0.04666666666666667
7500,candidate_2,candidate_1,candidate_3,3,0.04666666666666667
7501,candidate_2,candidate_1,candidate_3,3,0.04666666666666667
7502,candidate_2,0,candidate_3,3,0.04666666666666667
7503,candidate_2,candidate_1,candidate_3,3,0.04666666666666667
7504,candidate_2,candidate_1,candidate_3,3,0.04666666666666667
7505,candidate_2,candidate_1,candidate_3,3,0.04666666666666667
7506,candidate_2,candidate_1,candidate_3,3,0.04666666666666667
7507,candidate_2,candidate_1,candidate_3,3,0.04666666666666667
7508,candidate_2,candidate_1,candidate_3,3,0.04666666666666667
7509,candidate_2,candidate_1,candidate_3,3,0.04666666666666667
7510,candidate_2,candidate_1,0,3,0.04666666666666667
7511,candidate_2,candidate_1,candidate_3,3,0.04666666666666667
7512,candidate_2,candidate_1,candidate_3,3,0.04666666666666667
7513,candidate_2,candidate_1,candidate_3,3,0.04666666666666667
7514,candidate_2,candidate_1,candidate_3,3,0.04666666666666667
7515,candidate_2,0,candidate_3,3,0.04666666666666667
7516,candidate_2,candidate_1,candidate_3,3,0.04666666666666667
7517,candidate_2,candidate_1,0,3,0.04666666666666667
7518,candidate_2,candidate_1,candidate_3,3,0.04666666666666667
7519,candidate_2,candidate_1,candidate_3,3,0.04666666666666667
7520,candidate_2,candidate_1,candidate_3,3,0.04666666666666667
7521,candidate_2,candidate_1,candidate_3,3,0.04666666666666667
7522,candidate_2,candidate_1,candidate_3,3,0.04666666666666667
7523,candidate_2,candidate_1,candidate_3,3,0.04666666666666667
7524,candidate_2,candidate_1,candidate_3,3,0.04666666666666667
7525,candidate_2,candidate_1,candidate_3,3,0.04666666666666667
7526,candidate_2,candidate_1,candidate_3,3,0.04666666666666667
7527,candidate_2,candidate_1,candidate_3,3,0.04666666666666667
7528,candidate_2,candidate_1,candidate_3,3,0.04666666666666667
7529,candidate_2,candidate_1,candidate_3,3,0.04666666666666667
7530,candidate_2,candidate_1,candidate_3,3,0.04666666666666667
7531,candidate_2,candidate_1,candidate_3,3,0.04666666666666667
7532,candidate_2,0,candidate_3,3,0.04666666666666667
7533,candidate_2,candidate_1,candidate_3,3,0.04666666666666667
7534,candidate_2,candidate_1,candidate_3,3,0.04666666666666667
7535,candidate_2,candidate_1,candidate_3,3,0.04666666666666667
7536,candidate_2,candidate_1,candidate_3,3,0.04666666666666667
7537,0,candidate_1,candidate_3,3,0.04666666666666667
7538,candidate_2,candidate_1,candidate_3,3,0.04666666666666667
7539,candidate_2,candidate_1,candidate_3,3,0.04666666666666667
7540,candidate_2,candidate_1,candidate_3,3,0.04666666666666667
7541,candidate_2,candidate_1,candidate_3,3,0.04666666666666667
7542,candidate_2,candidate_1,candidate_3,3,0.04666666666666667
7543,candidate_2,candidate_1,candidate_3,3,0.04666666666666667
7544,candidate_2,candidate_1,candidate_3,3,0.04666666666666667
7545,candidate_2,candidate_1,candidate_3,3,0.04666666666666667
7546,candidate_2,candidate_1,candidate_3,3,0.04666666666666667
7547,0,candidate_1,candidate_3,3,0.04666666666666667
7548,candidate_2,candidate_1,candidate_3,3,0.04666666666666667
7549,candidate_2,candidate_1,candidate_3,3,0.04666666666666667
7550,candidate_2,candidate_1,candidate_3,3,0.04666666666666667
7551,candidate_2,candidate_1,candidate_3,3,0.04666666666666667
7552,candidate_2,candidate_1,candidate_3,3,0.04666666666666667
7553,candidate_2,candidate_1,0,3,0.04666666666666667
7554,candidate_2,candidate_1,candidate_3,3,0.04666666666666667
7555,candidate_2,candidate_1,candidate_3,3,0.04666666666666667
7556,candidate_2,candidate_1,candidate_3,3,0.04666666666666667
7557,candidate_2,candidate_1,candidate_3,3,0.04666666666666667
7558,candidate_2,candidate_1,candidate_3,3,0.04666666666666667
7559,candidate_2,candidate_1,candidate_3,3,0.04666666666666667
7560,candidate_2,candidate_1,candidate_3,3,0.04666666666666667
7561,0,candidate_1,candidate_3,3,0.04666666666666667
7562,candidate_2,candidate_1,candidate_3,3,0.04666666666666667
7563,candidate_2,candidate_1,candidate_3,3,0.04666666666666667
7564,candidate_2,candidate_1,candidate_3,3,0.04666666666666667
7565,candidate_2,candidate_1,candidate_3,3,0.04666666666666667
7566,candidate_2,candidate_1,candidate_3,3,0.04666666666666667
7567,candidate_2,candidate_1,candidate_3,3,0.04666666666666667
7568,candidate_2,candidate_1,candidate_3,3,0.04666666666666667
7569,candidate_2,candidate_1,candidate_3,3,0.04666666666666667
7570,0,candidate_1,candidate_3,3,0.04666666666666667
7571,candidate_2,candidate_1,0,3,0.04666666666666667
7572,candidate_2,candidate_1,candidate_3,3,0.04666666666666667
7573,candidate_2,candidate_1,candidate_3,3,0.04666666666666667
7574,candidate_2,candidate_1,candidate_3,3,0.04666666666666667
7575,0,candidate_1,candidate_3,3,0.04666666666666667
7576,candidate_2,candidate_1,candidate_3,3,0.04666666666666667
7577,candidate_2,candidate_1,candidate_3,3,0.04666666666666667
7578,candidate_2,candidate_1,candidate_3,3,0.04666666666666667
7579,0,candidate_1,candidate_3,3,0.04666666666666667
7580,candidate_2,candidate_1,candidate_3,3,0.04666666666666667
7581,candidate_2,candidate_1,candidate_3,3,0.04666666666666667
7582,candidate_2,candidate_1,candidate_3,3,0.04666666666666667
7583,candidate_2,candidate_1,candidate_3,3,0.04666666666666667
7584,0,candidate_1,candidate_3,3,0.04666666666666667
7585,candidate_2,candidate_1,candidate_3,3,0.04666666666666667
7586,candidate_2,candidate_1,candidate_3,3,0.04666666666666667
7587,candidate_2,candidate_1,candidate_3,3,0.04666666666666667
7588,candidate_2,candidate_1,candidate_3,3,0.04666666666666667
7589,candidate_2,candidate_1,candidate_3,3,0.04666666666666667
7590,candidate_2,candidate_1,candidate_3,3,0.04666666666666667
7591,candidate_2,candidate_1,candidate_3,3,0.04666666666666667
7592,candidate_2,candidate_1,candidate_3,3,0.04666666666666667
7593,candidate_2,candidate_1,candidate_3,3,0.04666666666666667
7594,candidate_2,candidate_1,candidate_3,3,0.04666666666666667
7595,candidate_2,candidate_1,candidate_3,3,0.04666666666666667
7596,candidate_2,candidate_1,candidate_3,3,0.04666666666666667
7597,candidate_2,candidate_1,candidate_3,3,0.04666666666666667
7598,candidate_2,candidate_1,candidate_3,3,0.04666666666666667
7599,candidate_2,candidate_1,candidate_3,3,0.04666666666666667
7600,candidate_2,candidate_1,candidate_3,3,0.04666666666666667
7601,candidate_2,candidate_1,candidate_3,3,0.04666666666666667
7602,candidate_2,candidate_1,candidate_3,3,0.04666666666666667
7603,candidate_2,candidate_1,0,3,0.04666666666666667
7604,candidate_2,candidate_1,candidate_3,3,0.04666666666666667
7605,candidate_2,candidate_1,candidate_3,3,0.04666666666666667
7606,candidate_2,candidate_1,candidate_3,3,0.04666666666666667
7607,candidate_2,candidate_1,candidate_3,3,0.04666666666666667
7608,candidate_2,candidate_1,candidate_3,3,0.04666666666666667
7609,candidate_2,candidate_1,candidate_3,3,0.04666666666666667
7610,candidate_2,candidate_1,candidate_3,3,0.04666666666666667
7611,candidate_2,candidate_1,candidate_3,3,0.04666666666666667
7612,candidate_2,candidate_1,candidate_3,3,0.04666666666666667
7613,candidate_2,candidate_1,candidate_3,3,0.04666666666666667
7614,0,candidate_1,candidate_3,3,0.04666666666666667
7615,candidate_2,candidate_1,candidate_3,3,0.04666666666666667
7616,candidate_2,candidate_1,candidate_3,3,0.04666666666666667
7617,candidate_2,candidate_1,candidate_3,3,0.04666666666666667
7618,candidate_2,candidate_1,candidate_3,3,0.04666666666666667
7619,candidate_2,candidate_1,candidate_3,3,0.04666666666666667
7620,candidate_2,candidate_1,candidate_3,3,0.04666666666666667
7621,0,candidate_1,candidate_3,3,0.04666666666666667
7622,candidate_2,candidate_1,candidate_3,3,0.04666666666666667
7623,candidate_2,candidate_1,candidate_3,3,0.04666666666666667
7624,candidate_2,candidate_1,candidate_3,3,0.04666666666666667
7625,candidate_2,candidate_1,candidate_3,3,0.04666666666666667
7626,candidate_2,candidate_1,candidate_3,3,0.04666666666666667
7627,candidate_2,candidate_1,candidate_3,3,0.04666666666666667
7628,candidate_2,candidate_1,candidate_3,3,0.04666666666666667
7629,candidate_2,candidate_1,candidate_3,3,0.04666666666666667
7630,candidate_2,candidate_1,candidate_3,3,0.04666666666666667
7631,candidate_2,candidate_1,candidate_3,3,0.04666666666666667
7632,candidate_2,candidate_1,candidate_3,3,0.04666666666666667
7633,candidate_2,candidate_1,candidate_3,3,0.04666666666666667
7634,candidate_2,candidate_1,candidate_3,3,0.04666666666666667
7635,candidate_2,candidate_1,candidate_3,3,0.04666666666666667
7636,candidate_2,candidate_1,candidate_3,3,0.04666666666666667
7637,candidate_2,candidate_1,candidate_3,3,0.04666666666666667
7638,candidate_2,candidate_1,candidate_3,3,0.04666666666666667
7639,candidate_2,candidate_1,candidate_3,3,0.04666666666666667
7640,0,candidate_1,candidate_3,3,0.04666666666666667
7641,candidate_2,candidate_1,candidate_3,3,0.04666666666666667
7642,candidate_2,candidate_1,candidate_3,3,0.04666666666666667
7643,candidate_2,candidate_1,candidate_3,3,0.04666666666666667
7644,candidate_2,candidate_1,candidate_3,3,0.04666666666666667
7645,candidate_2,candidate_1,candidate_3,3,0.04666666666666667
7646,0,candidate_1,candidate_3,3,0.04666666666666667
7647,candidate_2,candidate_1,candidate_3,3,0.04666666666666667
7648,candidate_2,candidate_1,candidate_3,3,0.04666666666666667
7649,candidate_2,candidate_1,candidate_3,3,0.04666666666666667
7650,0,candidate_1,candidate_3,3,0.04666666666666667
7651,candidate_2,candidate_1,candidate_3,3,0.04666666666666667
7652,candidate_2,candidate_1,candidate_3,3,0.04666666666666667
7653,candidate_2,candidate_1,candidate_3,3,0.04666666666666667
7654,candidate_2,candidate_1,candidate_3,3,0.04666666666666667
7655,candidate_2,candidate_1,candidate_3,3,0.04666666666666667
7656,0,candidate_1,candidate_3,3,0.04666666666666667
7657,candidate_2,candidate_1,candidate_3,3,0.04666666666666667
7658,candidate_2,candidate_1,candidate_3,3,0.04666666666666667
7659,candidate_2,candidate_1,candidate_3,3,0.04666666666666667
7660,candidate_2,candidate_1,candidate_3,3,0.04666666666666667
7661,candidate_2,candidate_1,candidate_3,3,0.04666666666666667
7662,candidate_2,candidate_1,candidate_3,3,0.04666666666666667
7663,candidate_2,candidate_1,candidate_3,3,0.04666666666666667
7664,candidate_2,candidate_1,candidate_3,3,0.04666666666666667
7665,candidate_2,0,candidate_3,3,0.04666666666666667
7666,candidate_2,candidate_1,candidate_3,3,0.04666666666666667
7667,candidate_2,candidate_1,candidate_3,3,0.04666666666666667
7668,candidate_2,candidate_1,candidate_3,3,0.04666666666666667
7669,candidate_2,candidate_1,candidate_3,3,0.04666666666666667
7670,candidate_2,candidate_1,candidate_3,3,0.04666666666666667
7671,candidate_2,candidate_1,candidate_3,3,0.04666666666666667
7672,candidate_2,candidate_1,candidate_3,3,0.04666666666666667
7673,candidate_2,candidate_1,candidate_3,3,0.04666666666666667
7674,candidate_2,candidate_1,candidate_3,3,0.04666666666666667
7675,candidate_2,candidate_1,candidate_3,3,0.04666666666666667
7676,candidate_2,candidate_1,candidate_3,3,0.04666666666666667
7677,candidate_2,candidate_1,candidate_3,3,0.04666666666666667
7678,candidate_2,candidate_1,candidate_3,3,0.04666666666666667
7679,0,candidate_1,candidate_3,3,0.04666666666666667
7680,candidate_2,candidate_1,candidate_3,3,0.04666666666666667
7681,candidate_2,candidate_1,candidate_3,3,0.04666666666666667
7682,candidate_2,candidate_1,candidate_3,3,0.04666666666666667
7683,candidate_2,candidate_1,candidate_3,3,0.04666666666666667
7684,candidate_2,candidate_1,candidate_3,3,0.04666666666666667
7685,candidate_2,candidate_1,candidate_3,3,0.04666666666666667
7686,candidate_2,candidate_1,candidate_3,3,0.04666666666666667
7687,candidate_2,candidate_1,candidate_3,3,0.04666666666666667
7688,candidate_2,candidate_1,candidate_3,3,0.04666666666666667
7689,candidate_2,candidate_1,0,3,0.04666666666666667
7690,candidate_2,candidate_1,candidate_3,3,0.04666666666666667
7691,candidate_2,candidate_1,candidate_3,3,0.04666666666666667
7692,candidate_2,candidate_1,candidate_3,3,0.04666666666666667
7693,candidate_2,candidate_1,candidate_3,3,0.04666666666666667
7694,candidate_2,candidate_1,candidate_3,3,0.04666666666666667
7695,candidate_2,candidate_1,candidate_3,3,0.04666666666666667
7696,candidate_2,candidate_1,candidate_3,3,0.04666666666666667
7697,candidate_2,candidate_1,candidate_3,3,0.04666666666666667
7698,0,candidate_1,candidate_3,3,0.04666666666666667
7699,candidate_2,candidate_1,candidate_3,3,0.04666666666666667
7700,candidate_2,candidate_1,candidate_3,3,0.04666666666666667
7701,candidate_2,candidate_1,candidate_3,3,0.04666666666666667
7702,candidate_2,candidate_1,candidate_3,3,0.04666666666666667
7703,0,candidate_1,candidate_3,3,0.04666666666666667
7704,candidate_2,candidate_1,candidate_3,3,0.04666666666666667
7705,candidate_2,candidate_1,candidate_3,3,0.04666666666666667
7706,candidate_2,candidate_1,candidate_3,3,0.04666666666666667
7707,candidate_2,candidate_1,0,3,0.04666666666666667
7708,candidate_2,candidate_1,candidate_3,3,0.04666666666666667
7709,candidate_2,candidate_1,candidate_3,3,0.04666666666666667
7710,candidate_2,candidate_1,candidate_3,3,0.04666666666666667
7711,candidate_2,candidate_1,candidate_3,3,0.04666666666666667
7712,0,candidate_1,candidate_3,3,0.04666666666666667
7713,candidate_2,candidate_1,candidate_3,3,0.04666666666666667
7714,candidate_2,candidate_1,candidate_3,3,0.04666666666666667
7715,candidate_2,candidate_1,candidate_3,3,0.04666666666666667
7716,candidate_2,candidate_1,candidate_3,3,0.04666666666666667
7717,candidate_2,candidate_1,candidate_3,3,0.04666666666666667
7718,candidate_2,candidate_1,candidate_3,3,0.04666666666666667
7719,candidate_2,candidate_1,candidate_3,3,0.04666666666666667
7720,candidate_2,candidate_1,candidate_3,3,0.04666666666666667
7721,candidate_2,candidate_1,candidate_3,3,0.04666666666666667
7722,candidate_2,candidate_1,candidate_3,3,0.04666666666666667
7723,candidate_2,candidate_1,candidate_3,3,0.04666666666666667
7724,candidate_2,candidate_1,candidate_3,3,0.04666666666666667
7725,candidate_2,candidate_1,candidate_3,3,0.04666666666666667
7726,candidate_2,candidate_1,candidate_3,3,0.04666666666666667
7727,candidate_2,candidate_1,candidate_3,3,0.04666666666666667
7728,candidate_2,candidate_1,candidate_3,3,0.04666666666666667
7729,candidate_2,candidate_1,candidate_3,3,0.04666666666666667
7730,candidate_2,candidate_1,candidate_3,3,0.04666666666666667
7731,candidate_2,candidate_1,candidate_3,3,0.04666666666666667
7732,candidate_2,candidate_1,candidate_3,3,0.04666666666666667
7733,candidate_2,candidate_1,candidate_3,3,0.04666666666666667
7734,candidate_2,candidate_1,0,3,0.04666666666666667
7735,candidate_2,candidate_1,candidate_3,3,0.04666666666666667
7736,0,candidate_1,candidate_3,3,0.04666666666666667
7737,candidate_2,candidate_1,candidate_3,3,0.04666666666666667
7738,candidate_2,candidate_1,candidate_3,3,0.04666666666666667
7739,candidate_2,candidate_1,candidate_3,3,0.04666666666666667
7740,candidate_2,candidate_1,candidate_3,3,0.04666666666666667
7741,candidate_2,candidate_1,candidate_3,3,0.04666666666666667
7742,candidate_2,candidate_1,candidate_3,3,0.04666666666666667
7743,candidate_2,candidate_1,candidate_3,3,0.04666666666666667
7744,candidate_2,candidate_1,candidate_3,3,0.04666666666666667
7745,candidate_2,candidate_1,candidate_3,3,0.04666666666666667
7746,candidate_2,candidate_1,candidate_3,3,0.04666666666666667
7747,candidate_2,candidate_1,candidate_3,3,0.04666666666666667
7748,candidate_2,candidate_1,candidate_3,3,0.04666666666666667
7749,candidate_2,candidate_1,candidate_3,3,0.04666666666666667
7750,candidate_2,candidate_1,candidate_3,3,0.04666666666666667
7751,candidate_2,candidate_1,0,3,0.04666666666666667
7752,candidate_2,candidate_1,candidate_3,3,0.04666666666666667
7753,candidate_2,candidate_1,candidate_3,3,0.04666666666666667
7754,candidate_2,candidate_1,candidate_3,3,0.04666666666666667
7755,candidate_2,candidate_1,candidate_3,3,0.04666666666666667
7756,candidate_2,candidate_1,candidate_3,3,0.04666666666666667
7757,candidate_2,candidate_1,candidate_3,3,0.04666666666666667
7758,candidate_2,candidate_1,candidate_3,3,0.04666666666666667
7759,0,candidate_1,candidate_3,3,0.04666666666666667
7760,candidate_2,candidate_1,candidate_3,3,0.04666666666666667
7761,candidate_2,candidate_1,candidate_3,3,0.04666666666666667
7762,candidate_2,candidate_1,candidate_3,3,0.04666666666666667
7763,candidate_2,candidate_1,candidate_3,3,0.04666666666666667
7764,candidate_2,candidate_1,candidate_3,3,0.04666666666666667
7765,candidate_2,candidate_1,candidate_3,3,0.04666666666666667
7766,candidate_2,candidate_1,candidate_3,3,0.04666666666666667
7767,candidate_2,candidate_1,candidate_3,3,0.04666666666666667
7768,candidate_2,candidate_1,candidate_3,3,0.04666666666666667
7769,candidate_2,candidate_1,candidate_3,3,0.04666666666666667
7770,candidate_2,candidate_1,candidate_3,3,0.04666666666666667
7771,candidate_2,candidate_1,candidate_3,3,0.04666666666666667
7772,candidate_2,candidate_1,candidate_3,3,0.04666666666666667
7773,candidate_2,candidate_1,candidate_3,3,0.04666666666666667
7774,0,candidate_1,candidate_3,3,0.04666666666666667
7775,candidate_2,candidate_1,candidate_3,3,0.04666666666666667
7776,candidate_2,candidate_1,candidate_3,3,0.04666666666666667
7777,candidate_2,candidate_1,candidate_3,3,0.04666666666666667
7778,candidate_2,candidate_1,0,3,0.04666666666666667
7779,candidate_2,candidate_1,candidate_3,3,0.04666666666666667
7780,candidate_2,candidate_1,candidate_3,3,0.04666666666666667
7781,candidate_2,candidate_1,candidate_3,3,0.04666666666666667
7782,candidate_2,candidate_1,candidate_3,3,0.04666666666666667
7783,candidate_2,candidate_1,candidate_3,3,0.04666666666666667
7784,candidate_2,candidate_1,candidate_3,3,0.04666666666666667
7785,candidate_2,candidate_1,candidate_3,3,0.04666666666666667
7786,candidate_2,candidate_1,candidate_3,3,0.04666666666666667
7787,candidate_2,candidate_1,candidate_3,3,0.04666666666666667
7788,candidate_2,candidate_1,candidate_3,3,0.04666666666666667
7789,candidate_2,candidate_1,candidate_3,3,0.04666666666666667
7790,candidate_2,candidate_1,candidate_3,3,0.04666666666666667
7791,candidate_2,candidate_1,candidate_3,3,0.04666666666666667
7792,candidate_2,candidate_1,candidate_3,3,0.04666666666666667
7793,candidate_2,candidate_1,candidate_3,3,0.04666666666666667
7794,candidate_2,candidate_1,candidate_3,3,0.04666666666666667
7795,candidate_2,candidate_1,candidate_3,3,0.04666666666666667
7796,candidate_2,candidate_1,candidate_3,3,0.04666666666666667
7797,candidate_2,candidate_1,candidate_3,3,0.04666666666666667
7798,candidate_2,candidate_1,candidate_3,3,0.04666666666666667
7799,candidate_2,candidate_1,candidate_3,3,0.04666666666666667
7800,candidate_2,candidate_1,candidate_3,3,0.04666666666666667
7801,0,candidate_1,candidate_3,3,0.04666666666666667
7802,candidate_2,candidate_1,candidate_3,3,0.04666666666666667
7803,candidate_2,candidate_1,candidate_3,3,0.04666666666666667
7804,candidate_2,candidate_1,candidate_3,3,0.04666666666666667
7805,candidate_2,candidate_1,candidate_3,3,0.04666666666666667
7806,candidate_2,candidate_1,0,3,0.04666666666666667
7807,candidate_2,candidate_1,candidate_3,3,0.04666666666666667
7808,candidate_2,candidate_1,candidate_3,3,0.04666666666666667
7809,candidate_2,candidate_1,candidate_3,3,0.04666666666666667
7810,candidate_2,candidate_1,candidate_3,3,0.04666666666666667
7811,candidate_2,candidate_1,candidate_3,3,0.04666666666666667
7812,candidate_2,candidate_1,candidate_3,3,0.04666666666666667
7813,candidate_2,candidate_1,candidate_3,3,0.04666666666666667
7814,candidate_2,candidate_1,candidate_3,3,0.04666666666666667
7815,candidate_2,candidate_1,candidate_3,3,0.04666666666666667
7816,candidate_2,candidate_1,candidate_3,3,0.04666666666666667
7817,candidate_2,candidate_1,candidate_3,3,0.04666666666666667
7818,candidate_2,candidate_1,candidate_3,3,0.04666666666666667
7819,candidate_2,candidate_1,candidate_3,3,0.04666666666666667
7820,0,candidate_1,candidate_3,3,0.04666666666666667
7821,candidate_2,candidate_1,candidate_3,3,0.04666666666666667
7822,candidate_2,candidate_1,0,3,0.04666666666666667
7823,candidate_2,candidate_1,candidate_3,3,0.04666666666666667
7824,candidate_2,candidate_1,candidate_3,3,0.04666666666666667
7825,candidate_2,candidate_1,candidate_3,3,0.04666666666666667
7826,candidate_2,candidate_1,candidate_3,3,0.04666666666666667
7827,candidate_2,candidate_1,candidate_3,3,0.04666666666666667
7828,candidate_2,candidate_1,candidate_3,3,0.04666666666666667
7829,candidate_2,candidate_1,candidate_3,3,0.04666666666666667
7830,candidate_2,candidate_1,candidate_3,3,0.04666666666666667
7831,candidate_2,candidate_1,candidate_3,3,0.04666666666666667
7832,candidate_2,candidate_1,candidate_3,3,0.04666666666666667
7833,candidate_2,candidate_1,candidate_3,3,0.04666666666666667
7834,candidate_2,0,candidate_3,3,0.04666666666666667
7835,candidate_2,candidate_1,candidate_3,3,0.04666666666666667
7836,candidate_2,candidate_1,candidate_3,3,0.04666666666666667
7837,candidate_2,candidate_1,candidate_3,3,0.04666666666666667
7838,candidate_2,candidate_1,candidate_3,3,0.04666666666666667
7839,candidate_2,candidate_1,candidate_3,3,0.04666666666666667
7840,candidate_2,candidate_1,candidate_3,3,0.04666666666666667
7841,candidate_2,candidate_1,candidate_3,3,0.04666666666666667
7842,candidate_2,candidate_1,candidate_3,3,0.04666666666666667
7843,candidate_2,candidate_1,candidate_3,3,0.04666666666666667
7844,candidate_2,candidate_1,candidate_3,3,0.04666666666666667
7845,candidate_2,candidate_1,candidate_3,3,0.04666666666666667
7846,candidate_2,candidate_1,candidate_3,3,0.04666666666666667
7847,candidate_2,candidate_1,candidate_3,3,0.04666666666666667
7848,candidate_2,candidate_1,candidate_3,3,0.04666666666666667
7849,candidate_2,candidate_1,candidate_3,3,0.04666666666666667
7850,candidate_2,candidate_1,candidate_3,3,0.04666666666666667
7851,candidate_2,candidate_1,candidate_3,3,0.04666666666666667
7852,candidate_2,candidate_1,candidate_3,3,0.04666666666666667
7853,candidate_2,candidate_1,candidate_3,3,0.04666666666666667
7854,candidate_2,candidate_1,candidate_3,3,0.04666666666666667
7855,candidate_2,candidate_1,candidate_3,3,0.04666666666666667
7856,candidate_2,candidate_1,candidate_3,3,0.04666666666666667
7857,0,candidate_1,candidate_3,3,0.04666666666666667
7858,candidate_2,candidate_1,candidate_3,3,0.04666666666666667
7859,candidate_2,candidate_1,candidate_3,3,0.04666666666666667
7860,candidate_2,candidate_1,candidate_3,3,0.04666666666666667
7861,candidate_2,candidate_1,candidate_3,3,0.04666666666666667
7862,candidate_2,candidate_1,candidate_3,3,0.04666666666666667
7863,candidate_2,candidate_1,candidate_3,3,0.04666666666666667
7864,candidate_2,candidate_1,candidate_3,3,0.04666666666666667
7865,candidate_2,candidate_1,candidate_3,3,0.04666666666666667
7866,candidate_2,candidate_1,candidate_3,3,0.04666666666666667
7867,candidate_2,candidate_1,candidate_3,3,0.04666666666666667
7868,candidate_2,candidate_1,candidate_3,3,0.04666666666666667
7869,candidate_2,candidate_1,candidate_3,3,0.04666666666666667
7870,candidate_2,candidate_1,candidate_3,3,0.04666666666666667
7871,candidate_2,candidate_1,candidate_3,3,0.04666666666666667
7872,candidate_2,candidate_1,candidate_3,3,0.04666666666666667
7873,candidate_2,candidate_1,candidate_3,3,0.04666666666666667
7874,0,candidate_1,candidate_3,3,0.04666666666666667
7875,candidate_2,candidate_1,candidate_3,3,0.04666666666666667
7876,candidate_2,candidate_1,candidate_3,3,0.04666666666666667
7877,candidate_2,candidate_1,0,3,0.04666666666666667
7878,candidate_2,candidate_1,candidate_3,3,0.04666666666666667
7879,candidate_2,candidate_1,candidate_3,3,0.04666666666666667
7880,candidate_2,candidate_1,candidate_3,3,0.04666666666666667
7881,candidate_2,candidate_1,candidate_3,3,0.04666666666666667
7882,candidate_2,candidate_1,candidate_3,3,0.04666666666666667
7883,candidate_2,candidate_1,candidate_3,3,0.04666666666666667
7884,candidate_2,candidate_1,candidate_3,3,0.04666666666666667
7885,candidate_2,candidate_1,candidate_3,3,0.04666666666666667
7886,candidate_2,candidate_1,candidate_3,3,0.04666666666666667
7887,candidate_2,candidate_1,candidate_3,3,0.04666666666666667
7888,candidate_2,candidate_1,candidate_3,3,0.04666666666666667
7889,candidate_2,candidate_1,candidate_3,3,0.04666666666666667
7890,0,candidate_1,candidate_3,3,0.04666666666666667
7891,candidate_2,candidate_1,candidate_3,3,0.04666666666666667
7892,candidate_2,candidate_1,candidate_3,3,0.04666666666666667
7893,candidate_2,candidate_1,candidate_3,3,0.04666666666666667
7894,candidate_2,candidate_1,candidate_3,3,0.04666666666666667
7895,candidate_2,candidate_1,candidate_3,3,0.04666666666666667
7896,candidate_2,candidate_1,candidate_3,3,0.04666666666666667
7897,candidate_2,candidate_1,candidate_3,3,0.04666666666666667
7898,candidate_2,candidate_1,candidate_3,3,0.04666666666666667
7899,0,candidate_1,candidate_3,3,0.04666666666666667
7900,candidate_2,candidate_1,candidate_3,3,0.04666666666666667
7901,candidate_2,candidate_1,candidate_3,3,0.04666666666666667
7902,0,candidate_1,candidate_3,3,0.04666666666666667
7903,candidate_2,candidate_1,candidate_3,3,0.04666666666666667
7904,candidate_2,candidate_1,candidate_3,3,0.04666666666666667
7905,candidate_2,candidate_1,candidate_3,3,0.04666666666666667
7906,candidate_2,candidate_1,candidate_3,3,0.04666666666666667
7907,candidate_2,candidate_1,candidate_3,3,0.04666666666666667
7908,candidate_2,candidate_1,0,3,0.04666666666666667
7909,candidate_2,candidate_1,candidate_3,3,0.04666666666666667
7910,candidate_2,candidate_1,candidate_3,3,0.04666666666666667
7911,candidate_2,candidate_1,candidate_3,3,0.04666666666666667
7912,candidate_2,candidate_1,candidate_3,3,0.04666666666666667
7913,candidate_2,candidate_1,candidate_3,3,0.04666666666666667
7914,candidate_2,candidate_1,candidate_3,3,0.04666666666666667
7915,candidate_2,0,candidate_3,3,0.04666666666666667
7916,candidate_2,candidate_1,candidate_3,3,0.04666666666666667
7917,candidate_2,candidate_1,candidate_3,3,0.04666666666666667
7918,candidate_2,candidate_1,0,3,0.04666666666666667
7919,candidate_2,candidate_1,0,3,0.04666666666666667
7920,candidate_2,candidate_1,candidate_3,3,0.04666666666666667
7921,candidate_2,candidate_1,candidate_3,3,0.04666666666666667
7922,candidate_2,candidate_1,candidate_3,3,0.04666666666666667
7923,candidate_2,candidate_1,candidate_3,3,0.04666666666666667
7924,candidate_2,candidate_1,candidate_3,3,0.04666666666666667
7925,candidate_2,candidate_1,candidate_3,3,0.04666666666666667
7926,candidate_2,candidate_1,candidate_3,3,0.04666666666666667
7927,candidate_2,candidate_1,candidate_3,3,0.04666666666666667
7928,candidate_2,candidate_1,candidate_3,3,0.04666666666666667
7929,candidate_2,candidate_1,candidate_3,3,0.04666666666666667
7930,candidate_2,candidate_1,candidate_3,3,0.04666666666666667
7931,candidate_2,candidate_1,0,3,0.04666666666666667
7932,candidate_2,candidate_1,candidate_3,3,0.04666666666666667
7933,candidate_2,candidate_1,candidate_3,3,0.04666666666666667
7934,candidate_2,candidate_1,candidate_3,3,0.04666666666666667
7935,candidate_2,candidate_1,candidate_3,3,0.04666666666666667
7936,candidate_2,candidate_1,candidate_3,3,0.04666666666666667
7937,candidate_2,candidate_1,candidate_3,3,0.04666666666666667
7938,candidate_2,candidate_1,candidate_3,3,0.04666666666666667
7939,candidate_2,candidate_1,candidate_3,3,0.04666666666666667
7940,candidate_2,candidate_1,candidate_3,3,0.04666666666666667
7941,candidate_2,candidate_1,candidate_3,3,0.04666666666666667
7942,candidate_2,candidate_1,candidate_3,3,0.04666666666666667
7943,candidate_2,candidate_1,candidate_3,3,0.04666666666666667
7944,candidate_2,0,candidate_3,3,0.04666666666666667
7945,candidate_2,candidate_1,candidate_3,3,0.04666666666666667
7946,candidate_2,candidate_1,candidate_3,3,0.04666666666666667
7947,0,candidate_1,candidate_3,3,0.04666666666666667
7948,candidate_2,candidate_1,candidate_3,3,0.04666666666666667
7949,candidate_2,candidate_1,candidate_3,3,0.04666666666666667
7950,candidate_2,candidate_1,candidate_3,3,0.04666666666666667
7951,candidate_2,candidate_1,candidate_3,3,0.04666666666666667
7952,candidate_2,candidate_1,candidate_3,3,0.04666666666666667
7953,candidate_2,candidate_1,candidate_3,3,0.04666666666666667
7954,candidate_2,candidate_1,candidate_3,3,0.04666666666666667
7955,candidate_2,candidate_1,candidate_3,3,0.04666666666666667
7956,candidate_2,candidate_1,candidate_3,3,0.04666666666666667
7957,candidate_2,candidate_1,candidate_3,3,0.04666666666666667
7958,candidate_2,candidate_1,candidate_3,3,0.04666666666666667
7959,candidate_2,candidate_1,candidate_3,3,0.04666666666666667
7960,candidate_2,candidate_1,candidate_3,3,0.04666666666666667
7961,candidate_2,candidate_1,candidate_3,3,0.04666666666666667
7962,candidate_2,candidate_1,candidate_3,3,0.04666666666666667
7963,candidate_2,candidate_1,candidate_3,3,0.04666666666666667
7964,candidate_2,candidate_1,candidate_3,3,0.04666666666666667
7965,candidate_2,candidate_1,candidate_3,3,0.04666666666666667
7966,candidate_2,candidate_1,candidate_3,3,0.04666666666666667
7967,candidate_2,candidate_1,candidate_3,3,0.04666666666666667
7968,candidate_2,candidate_1,candidate_3,3,0.04666666666666667
7969,candidate_2,candidate_1,candidate_3,3,0.04666666666666667
7970,candidate_2,candidate_1,candidate_3,3,0.04666666666666667
7971,candidate_2,candidate_1,candidate_3,3,0.04666666666666667
7972,candidate_2,candidate_1,candidate_3,3,0.04666666666666667
7973,candidate_2,candidate_1,candidate_3,3,0.04666666666666667
7974,candidate_2,candidate_1,0,3,0.04666666666666667
7975,candidate_2,candidate_1,candidate_3,3,0.04666666666666667
7976,candidate_2,candidate_1,candidate_3,3,0.04666666666666667
7977,candidate_2,candidate_1,candidate_3,3,0.04666666666666667
7978,candidate_2,candidate_1,candidate_3,3,0.04666666666666667
7979,candidate_2,candidate_1,0,3,0.04666666666666667
7980,candidate_2,candidate_1,candidate_3,3,0.04666666666666667
7981,candidate_2,candidate_1,candidate_3,3,0.04666666666666667
7982,candidate_2,0,0,3,0.04666666666666667
7983,0,candidate_1,candidate_3,3,0.04666666666666667
7984,candidate_2,candidate_1,candidate_3,3,0.04666666666666667
7985,candidate_2,candidate_1,candidate_3,3,0.04666666666666667
7986,candidate_2,candidate_1,candidate_3,3,0.04666666666666667
7987,candidate_2,candidate_1,candidate_3,3,0.04666666666666667
7988,0,candidate_1,candidate_3,3,0.04666666666666667
7989,candidate_2,candidate_1,candidate_3,3,0.04666666666666667
7990,candidate_2,candidate_1,candidate_3,3,0.04666666666666667
7991,candidate_2,candidate_1,candidate_3,3,0.04666666666666667
7992,0,candidate_1,candidate_3,3,0.04666666666666667
7993,candidate_2,candidate_1,candidate_3,3,0.04666666666666667
7994,candidate_2,0,candidate_3,3,0.04666666666666667
7995,candidate_2,candidate_1,candidate_3,3,0.04666666666666667
7996,candidate_2,candidate_1,candidate_3,3,0.04666666666666667
7997,candidate_2,candidate_1,candidate_3,3,0.04666666666666667
7998,candidate_2,candidate_1,candidate_3,3,0.04666666666666667
7999,candidate_2,candidate_1,candidate_3,3,0.04666666666666667
8000,0,candidate_1,candidate_3,3,0.04666666666666667
8001,candidate_2,candidate_1,candidate_3,3,0.04666666666666667
8002,candidate_2,candidate_1,candidate_3,3,0.04666666666666667
8003,candidate_2,candidate_1,candidate_3,3,0.04666666666666667
8004,candidate_2,candidate_1,candidate_3,3,0.04666666666666667
8005,candidate_2,candidate_1,candidate_3,3,0.04666666666666667
8006,candidate_2,candidate_1,0,3,0.04666666666666667
8007,candidate_2,candidate_1,candidate_3,3,0.04666666666666667
8008,candidate_2,candidate_1,candidate_3,3,0.04666666666666667
8009,candidate_2,candidate_1,candidate_3,3,0.04666666666666667
8010,candidate_2,candidate_1,candidate_3,3,0.04666666666666667
8011,candidate_2,candidate_1,candidate_3,3,0.04666666666666667
8012,candidate_2,candidate_1,candidate_3,3,0.04666666666666667
8013,candidate_2,candidate_1,candidate_3,3,0.04666666666666667
8014,candidate_2,candidate_1,candidate_3,3,0.04666666666666667
8015,candidate_2,candidate_1,candidate_3,3,0.04666666666666667
8016,candidate_2,candidate_1,candidate_3,3,0.04666666666666667
8017,candidate_2,candidate_1,candidate_3,3,0.04666666666666667
8018,candidate_2,candidate_1,candidate_3,3,0.04666666666666667
8019,candidate_2,0,candidate_3,3,0.04666666666666667
8020,candidate_2,candidate_1,candidate_3,3,0.04666666666666667
8021,candidate_2,candidate_1,candidate_3,3,0.04666666666666667
8022,candidate_2,candidate_1,candidate_3,3,0.04666666666666667
8023,candidate_2,candidate_1,candidate_3,3,0.04666666666666667
8024,candidate_2,candidate_1,candidate_3,3,0.04666666666666667
8025,candidate_2,candidate_1,candidate_3,3,0.04666666666666667
8026,0,candidate_1,candidate_3,3,0.04666666666666667
8027,candidate_2,0,candidate_3,3,0.04666666666666667
8028,candidate_2,candidate_1,candidate_3,3,0.04666666666666667
8029,candidate_2,candidate_1,candidate_3,3,0.04666666666666667
8030,candidate_2,candidate_1,candidate_3,3,0.04666666666666667
8031,candidate_2,candidate_1,candidate_3,3,0.04666666666666667
8032,candidate_2,candidate_1,candidate_3,3,0.04666666666666667
8033,candidate_2,candidate_1,candidate_3,3,0.04666666666666667
8034,candidate_2,candidate_1,candidate_3,3,0.04666666666666667
8035,candidate_2,candidate_1,candidate_3,3,0.04666666666666667
8036,candidate_2,candidate_1,candidate_3,3,0.04666666666666667
8037,candidate_2,candidate_1,candidate_3,3,0.04666666666666667
8038,candidate_2,candidate_1,candidate_3,3,0.04666666666666667
8039,candidate_2,candidate_1,candidate_3,3,0.04666666666666667
8040,candidate_2,candidate_1,candidate_3,3,0.04666666666666667
8041,0,candidate_1,candidate_3,3,0.04666666666666667
8042,candidate_2,candidate_1,candidate_3,3,0.04666666666666667
8043,candidate_2,candidate_1,candidate_3,3,0.04666666666666667
8044,candidate_2,candidate_1,candidate_3,3,0.04666666666666667
8045,candidate_2,candidate_1,candidate_3,3,0.04666666666666667
8046,candidate_2,candidate_1,candidate_3,3,0.04666666666666667
8047,candidate_2,candidate_1,candidate_3,3,0.04666666666666667
8048,candidate_2,candidate_1,candidate_3,3,0.04666666666666667
8049,candidate_2,candidate_1,candidate_3,3,0.04666666666666667
8050,candidate_2,candidate_1,candidate_3,3,0.04666666666666667
8051,candidate_2,candidate_1,candidate_3,3,0.04666666666666667
8052,candidate_2,candidate_1,candidate_3,3,0.04666666666666667
8053,candidate_2,candidate_1,candidate_3,3,0.04666666666666667
8054,candidate_2,candidate_1,candidate_3,3,0.04666666666666667
8055,candidate_2,candidate_1,candidate_3,3,0.04666666666666667
8056,candidate_2,candidate_1,candidate_3,3,0.04666666666666667
8057,candidate_2,candidate_1,candidate_3,3,0.04666666666666667
8058,candidate_2,candidate_1,candidate_3,3,0.04666666666666667
8059,candidate_2,0,candidate_3,3,0.04666666666666667
8060,candidate_2,candidate_1,candidate_3,3,0.04666666666666667
8061,candidate_2,candidate_1,candidate_3,3,0.04666666666666667
8062,candidate_2,candidate_1,candidate_3,3,0.04666666666666667
8063,candidate_2,candidate_1,candidate_3,3,0.04666666666666667
8064,candidate_2,candidate_1,candidate_3,3,0.04666666666666667
8065,0,candidate_1,candidate_3,3,0.04666666666666667
8066,candidate_2,candidate_1,candidate_3,3,0.04666666666666667
8067,candidate_2,candidate_1,candidate_3,3,0.04666666666666667
8068,candidate_2,candidate_1,candidate_3,3,0.04666666666666667
8069,candidate_2,candidate_1,candidate_3,3,0.04666666666666667
8070,candidate_2,candidate_1,candidate_3,3,0.04666666666666667
8071,candidate_2,candidate_1,candidate_3,3,0.04666666666666667
8072,candidate_2,candidate_1,candidate_3,3,0.04666666666666667
8073,candidate_2,candidate_1,candidate_3,3,0.04666666666666667
8074,candidate_2,candidate_1,candidate_3,3,0.04666666666666667
8075,candidate_2,candidate_1,candidate_3,3,0.04666666666666667
8076,candidate_2,0,candidate_3,3,0.04666666666666667
8077,candidate_2,candidate_1,candidate_3,3,0.04666666666666667
8078,candidate_2,candidate_1,candidate_3,3,0.04666666666666667
8079,candidate_2,0,candidate_3,3,0.04666666666666667
8080,candidate_2,candidate_1,candidate_3,3,0.04666666666666667
8081,candidate_2,candidate_1,candidate_3,3,0.04666666666666667
8082,candidate_2,candidate_1,candidate_3,3,0.04666666666666667
8083,candidate_2,candidate_1,candidate_3,3,0.04666666666666667
8084,candidate_2,candidate_1,candidate_3,3,0.04666666666666667
8085,candidate_2,candidate_1,candidate_3,3,0.04666666666666667
8086,candidate_2,candidate_1,candidate_3,3,0.04666666666666667
8087,candidate_2,candidate_1,candidate_3,3,0.04666666666666667
8088,candidate_2,candidate_1,candidate_3,3,0.04666666666666667
8089,candidate_2,candidate_1,candidate_3,3,0.04666666666666667
8090,candidate_2,candidate_1,candidate_3,3,0.04666666666666667
8091,candidate_2,candidate_1,candidate_3,3,0.04666666666666667
8092,candidate_2,candidate_1,candidate_3,3,0.04666666666666667
8093,candidate_2,candidate_1,candidate_3,3,0.04666666666666667
8094,candidate_2,candidate_1,candidate_3,3,0.04666666666666667
8095,candidate_2,candidate_1,candidate_3,3,0.04666666666666667
8096,candidate_2,candidate_1,candidate_3,3,0.04666666666666667
8097,candidate_2,candidate_1,candidate_3,3,0.04666666666666667
8098,candidate_2,candidate_1,0,3,0.04666666666666667
8099,candidate_2,candidate_1,candidate_3,3,0.04666666666666667
8100,candidate_2,candidate_1,candidate_3,3,0.04666666666666667
8101,candidate_2,candidate_1,candidate_3,3,0.04666666666666667
8102,candidate_2,candidate_1,candidate_3,3,0.04666666666666667
8103,candidate_2,candidate_1,0,3,0.04666666666666667
8104,candidate_2,candidate_1,candidate_3,3,0.04666666666666667
8105,candidate_2,candidate_1,candidate_3,3,0.04666666666666667
8106,candidate_2,candidate_1,candidate_3,3,0.04666666666666667
8107,candidate_2,candidate_1,candidate_3,3,0.04666666666666667
8108,candidate_2,candidate_1,candidate_3,3,0.04666666666666667
8109,candidate_2,candidate_1,candidate_3,3,0.04666666666666667
8110,candidate_2,candidate_1,candidate_3,3,0.04666666666666667
8111,candidate_2,candidate_1,candidate_3,3,0.04666666666666667
8112,candidate_2,candidate_1,candidate_3,3,0.04666666666666667
8113,candidate_2,candidate_1,candidate_3,3,0.04666666666666667
8114,candidate_2,candidate_1,candidate_3,3,0.04666666666666667
8115,candidate_2,candidate_1,candidate_3,3,0.04666666666666667
8116,candidate_2,candidate_1,candidate_3,3,0.04666666666666667
8117,candidate_2,candidate_1,candidate_3,3,0.04666666666666667
8118,candidate_2,0,candidate_3,3,0.04666666666666667
8119,candidate_2,candidate_1,candidate_3,3,0.04666666666666667
8120,candidate_2,0,candidate_3,3,0.04666666666666667
8121,candidate_2,candidate_1,candidate_3,3,0.04666666666666667
8122,candidate_2,candidate_1,candidate_3,3,0.04666666666666667
8123,candidate_2,candidate_1,candidate_3,3,0.04666666666666667
8124,candidate_2,candidate_1,candidate_3,3,0.04666666666666667
8125,candidate_2,candidate_1,candidate_3,3,0.04666666666666667
8126,candidate_2,candidate_1,candidate_3,3,0.04666666666666667
8127,candidate_2,candidate_1,candidate_3,3,0.04666666666666667
8128,candidate_2,candidate_1,candidate_3,3,0.04666666666666667
8129,candidate_2,candidate_1,candidate_3,3,0.04666666666666667
8130,candidate_2,candidate_1,candidate_3,3,0.04666666666666667
8131,candidate_2,candidate_1,candidate_3,3,0.04666666666666667
8132,candidate_2,candidate_1,candidate_3,3,0.04666666666666667
8133,candidate_2,candidate_1,candidate_3,3,0.04666666666666667
8134,candidate_2,candidate_1,candidate_3,3,0.04666666666666667
8135,candidate_2,candidate_1,candidate_3,3,0.04666666666666667
8136,candidate_2,candidate_1,candidate_3,3,0.04666666666666667
8137,candidate_2,candidate_1,candidate_3,3,0.04666666666666667
8138,candidate_2,candidate_1,candidate_3,3,0.04666666666666667
8139,candidate_2,candidate_1,candidate_3,3,0.04666666666666667
8140,candidate_2,candidate_1,candidate_3,3,0.04666666666666667
8141,candidate_2,candidate_1,candidate_3,3,0.04666666666666667
8142,candidate_2,candidate_1,candidate_3,3,0.04666666666666667
8143,candidate_2,candidate_1,candidate_3,3,0.04666666666666667
8144,candidate_2,candidate_1,candidate_3,3,0.04666666666666667
8145,candidate_2,candidate_1,candidate_3,3,0.04666666666666667
8146,0,candidate_1,candidate_3,3,0.04666666666666667
8147,candidate_2,candidate_1,candidate_3,3,0.04666666666666667
8148,candidate_2,candidate_1,candidate_3,3,0.04666666666666667
8149,candidate_2,candidate_1,candidate_3,3,0.04666666666666667
8150,candidate_2,candidate_1,candidate_3,3,0.04666666666666667
8151,candidate_2,candidate_1,candidate_3,3,0.04666666666666667
8152,candidate_2,candidate_1,candidate_3,3,0.04666666666666667
8153,candidate_2,candidate_1,candidate_3,3,0.04666666666666667
8154,0,candidate_1,candidate_3,3,0.04666666666666667
8155,0,candidate_1,candidate_3,3,0.04666666666666667
8156,candidate_2,candidate_1,0,3,0.04666666666666667
8157,candidate_2,candidate_1,candidate_3,3,0.04666666666666667
8158,candidate_2,candidate_1,candidate_3,3,0.04666666666666667
8159,candidate_2,candidate_1,candidate_3,3,0.04666666666666667
8160,candidate_2,candidate_1,candidate_3,3,0.04666666666666667
8161,candidate_2,candidate_1,candidate_3,3,0.04666666666666667
8162,candidate_2,candidate_1,candidate_3,3,0.04666666666666667
8163,candidate_2,candidate_1,candidate_3,3,0.04666666666666667
8164,candidate_2,candidate_1,candidate_3,3,0.04666666666666667
8165,candidate_2,candidate_1,candidate_3,3,0.04666666666666667
8166,candidate_2,candidate_1,candidate_3,3,0.04666666666666667
8167,candidate_2,candidate_1,candidate_3,3,0.04666666666666667
8168,candidate_2,candidate_1,candidate_3,3,0.04666666666666667
8169,candidate_2,candidate_1,candidate_3,3,0.04666666666666667
8170,candidate_2,candidate_1,candidate_3,3,0.04666666666666667
8171,candidate_2,0,candidate_3,3,0.04666666666666667
8172,0,candidate_1,candidate_3,3,0.04666666666666667
8173,candidate_2,candidate_1,candidate_3,3,0.04666666666666667
8174,candidate_2,candidate_1,candidate_3,3,0.04666666666666667
8175,candidate_2,candidate_1,candidate_3,3,0.04666666666666667
8176,candidate_2,candidate_1,candidate_3,3,0.04666666666666667
8177,candidate_2,candidate_1,candidate_3,3,0.04666666666666667
8178,candidate_2,candidate_1,candidate_3,3,0.04666666666666667
8179,candidate_2,candidate_1,candidate_3,3,0.04666666666666667
8180,candidate_2,candidate_1,candidate_3,3,0.04666666666666667
8181,candidate_2,candidate_1,candidate_3,3,0.04666666666666667
8182,candidate_2,0,candidate_3,3,0.04666666666666667
8183,candidate_2,candidate_1,candidate_3,3,0.04666666666666667
8184,candidate_2,candidate_1,candidate_3,3,0.04666666666666667
8185,candidate_2,candidate_1,candidate_3,3,0.04666666666666667
8186,candidate_2,candidate_1,candidate_3,3,0.04666666666666667
8187,candidate_2,candidate_1,candidate_3,3,0.04666666666666667
8188,candidate_2,candidate_1,candidate_3,3,0.04666666666666667
8189,candidate_2,0,candidate_3,3,0.04666666666666667
8190,candidate_2,candidate_1,candidate_3,3,0.04666666666666667
8191,candidate_2,candidate_1,candidate_3,3,0.04666666666666667
8192,candidate_2,candidate_1,candidate_3,3,0.04666666666666667
8193,candidate_2,candidate_1,candidate_3,3,0.04666666666666667
8194,0,candidate_1,candidate_3,3,0.04666666666666667
8195,candidate_2,candidate_1,candidate_3,3,0.04666666666666667
8196,candidate_2,candidate_1,candidate_3,3,0.04666666666666667
8197,candidate_2,candidate_1,candidate_3,3,0.04666666666666667
8198,candidate_2,0,candidate_3,3,0.04666666666666667
8199,candidate_2,candidate_1,candidate_3,3,0.04666666666666667
8200,candidate_2,candidate_1,candidate_3,3,0.04666666666666667
8201,candidate_2,candidate_1,candidate_3,3,0.04666666666666667
8202,candidate_2,candidate_1,candidate_3,3,0.04666666666666667
8203,candidate_2,candidate_1,candidate_3,3,0.04666666666666667
8204,candidate_2,candidate_1,candidate_3,3,0.04666666666666667
8205,candidate_2,candidate_1,candidate_3,3,0.04666666666666667
8206,0,candidate_1,candidate_3,3,0.04666666666666667
8207,candidate_2,candidate_1,candidate_3,3,0.04666666666666667
8208,candidate_2,candidate_1,candidate_3,3,0.04666666666666667
8209,candidate_2,candidate_1,0,3,0.04666666666666667
8210,candidate_2,candidate_1,candidate_3,3,0.04666666666666667
8211,candidate_2,candidate_1,candidate_3,3,0.04666666666666667
8212,candidate_2,candidate_1,candidate_3,3,0.04666666666666667
8213,candidate_2,candidate_1,candidate_3,3,0.04666666666666667
8214,candidate_2,candidate_1,candidate_3,3,0.04666666666666667
8215,candidate_2,candidate_1,candidate_3,3,0.04666666666666667
8216,candidate_2,candidate_1,candidate_3,3,0.04666666666666667
8217,candidate_2,candidate_1,candidate_3,3,0.04666666666666667
8218,candidate_2,candidate_1,candidate_3,3,0.04666666666666667
8219,candidate_2,candidate_1,candidate_3,3,0.04666666666666667
8220,candidate_2,candidate_1,candidate_3,3,0.04666666666666667
8221,candidate_2,candidate_1,candidate_3,3,0.04666666666666667
8222,candidate_2,candidate_1,candidate_3,3,0.04666666666666667
8223,candidate_2,candidate_1,candidate_3,3,0.04666666666666667
8224,candidate_2,candidate_1,candidate_3,3,0.04666666666666667
8225,candidate_2,candidate_1,candidate_3,3,0.04666666666666667
8226,candidate_2,candidate_1,candidate_3,3,0.04666666666666667
8227,candidate_2,candidate_1,candidate_3,3,0.04666666666666667
8228,candidate_2,candidate_1,candidate_3,3,0.04666666666666667
8229,candidate_2,candidate_1,candidate_3,3,0.04666666666666667
8230,candidate_2,candidate_1,candidate_3,3,0.04666666666666667
8231,candidate_2,candidate_1,candidate_3,3,0.04666666666666667
8232,candidate_2,candidate_1,candidate_3,3,0.04666666666666667
8233,candidate_2,candidate_1,candidate_3,3,0.04666666666666667
8234,candidate_2,candidate_1,candidate_3,3,0.04666666666666667
8235,candidate_2,candidate_1,candidate_3,3,0.04666666666666667
8236,candidate_2,candidate_1,candidate_3,3,0.04666666666666667
8237,candidate_2,candidate_1,candidate_3,3,0.04666666666666667
8238,candidate_2,candidate_1,candidate_3,3,0.04666666666666667
8239,candidate_2,candidate_1,candidate_3,3,0.04666666666666667
8240,0,candidate_1,candidate_3,3,0.04666666666666667
8241,candidate_2,candidate_1,candidate_3,3,0.04666666666666667
8242,candidate_2,candidate_1,candidate_3,3,0.04666666666666667
8243,candidate_2,candidate_1,candidate_3,3,0.04666666666666667
8244,0,candidate_1,candidate_3,3,0.04666666666666667
8245,candidate_2,candidate_1,0,3,0.04666666666666667
8246,candidate_2,candidate_1,candidate_3,3,0.04666666666666667
8247,candidate_2,candidate_1,candidate_3,3,0.04666666666666667
8248,candidate_2,candidate_1,candidate_3,3,0.04666666666666667
8249,candidate_2,candidate_1,candidate_3,3,0.04666666666666667
8250,candidate_2,candidate_1,candidate_3,3,0.04666666666666667
8251,candidate_2,candidate_1,candidate_3,3,0.04666666666666667
8252,candidate_2,candidate_1,candidate_3,3,0.04666666666666667
8253,0,candidate_1,candidate_3,3,0.04666666666666667
8254,candidate_2,candidate_1,candidate_3,3,0.04666666666666667
8255,candidate_2,candidate_1,candidate_3,3,0.04666666666666667
8256,candidate_2,candidate_1,0,3,0.04666666666666667
8257,candidate_2,candidate_1,candidate_3,3,0.04666666666666667
8258,candidate_2,candidate_1,candidate_3,3,0.04666666666666667
8259,candidate_2,candidate_1,candidate_3,3,0.04666666666666667
8260,candidate_2,candidate_1,candidate_3,3,0.04666666666666667
8261,candidate_2,candidate_1,candidate_3,3,0.04666666666666667
8262,candidate_2,candidate_1,candidate_3,3,0.04666666666666667
8263,candidate_2,candidate_1,candidate_3,3,0.04666666666666667
8264,candidate_2,candidate_1,candidate_3,3,0.04666666666666667
8265,candidate_2,candidate_1,candidate_3,3,0.04666666666666667
8266,candidate_2,candidate_1,candidate_3,3,0.04666666666666667
8267,candidate_2,candidate_1,0,3,0.04666666666666667
8268,candidate_2,candidate_1,candidate_3,3,0.04666666666666667
8269,candidate_2,candidate_1,candidate_3,3,0.04666666666666667
8270,candidate_2,candidate_1,candidate_3,3,0.04666666666666667
8271,candidate_2,candidate_1,candidate_3,3,0.04666666666666667
8272,candidate_2,candidate_1,candidate_3,3,0.04666666666666667
8273,candidate_2,candidate_1,candidate_3,3,0.04666666666666667
8274,candidate_2,candidate_1,0,3,0.04666666666666667
8275,candidate_2,candidate_1,candidate_3,3,0.04666666666666667
8276,candidate_2,candidate_1,candidate_3,3,0.04666666666666667
8277,candidate_2,candidate_1,candidate_3,3,0.04666666666666667
8278,candidate_2,candidate_1,candidate_3,3,0.04666666666666667
8279,candidate_2,candidate_1,candidate_3,3,0.04666666666666667
8280,candidate_2,0,candidate_3,3,0.04666666666666667
8281,candidate_2,candidate_1,candidate_3,3,0.04666666666666667
8282,candidate_2,candidate_1,candidate_3,3,0.04666666666666667
8283,candidate_2,candidate_1,candidate_3,3,0.04666666666666667
8284,candidate_2,candidate_1,candidate_3,3,0.04666666666666667
8285,candidate_2,candidate_1,candidate_3,3,0.04666666666666667
8286,candidate_2,candidate_1,candidate_3,3,0.04666666666666667
8287,candidate_2,candidate_1,candidate_3,3,0.04666666666666667
8288,candidate_2,candidate_1,candidate_3,3,0.04666666666666667
8289,candidate_2,candidate_1,candidate_3,3,0.04666666666666667
8290,candidate_2,candidate_1,candidate_3,3,0.04666666666666667
8291,candidate_2,candidate_1,candidate_3,3,0.04666666666666667
8292,candidate_2,candidate_1,candidate_3,3,0.04666666666666667
8293,0,candidate_1,candidate_3,3,0.04666666666666667
8294,candidate_2,candidate_1,candidate_3,3,0.04666666666666667
8295,candidate_2,candidate_1,candidate_3,3,0.04666666666666667
8296,candidate_2,candidate_1,candidate_3,3,0.04666666666666667
8297,candidate_2,candidate_1,candidate_3,3,0.04666666666666667
8298,candidate_2,0,candidate_3,3,0.04666666666666667
8299,candidate_2,candidate_1,candidate_3,3,0.04666666666666667
8300,0,candidate_1,candidate_3,3,0.04666666666666667
8301,candidate_2,0,candidate_3,3,0.04666666666666667
8302,candidate_2,candidate_1,candidate_3,3,0.04666666666666667
8303,candidate_2,candidate_1,candidate_3,3,0.04666666666666667
8304,0,candidate_1,candidate_3,3,0.04666666666666667
8305,candidate_2,candidate_1,candidate_3,3,0.04666666666666667
8306,candidate_2,candidate_1,candidate_3,3,0.04666666666666667
8307,candidate_2,candidate_1,candidate_3,3,0.04666666666666667
8308,candidate_2,candidate_1,candidate_3,3,0.04666666666666667
8309,candidate_2,candidate_1,candidate_3,3,0.04666666666666667
8310,candidate_2,candidate_1,candidate_3,3,0.04666666666666667
8311,candidate_2,candidate_1,candidate_3,3,0.04666666666666667
8312,candidate_2,candidate_1,candidate_3,3,0.04666666666666667
8313,0,candidate_1,candidate_3,3,0.04666666666666667
8314,candidate_2,candidate_1,candidate_3,3,0.04666666666666667
8315,0,candidate_1,candidate_3,3,0.04666666666666667
8316,candidate_2,0,candidate_3,3,0.04666666666666667
8317,candidate_2,candidate_1,candidate_3,3,0.04666666666666667
8318,candidate_2,candidate_1,candidate_3,3,0.04666666666666667
8319,candidate_2,candidate_1,candidate_3,3,0.04666666666666667
8320,candidate_2,candidate_1,candidate_3,3,0.04666666666666667
8321,0,candidate_1,candidate_3,3,0.04666666666666667
8322,candidate_2,candidate_1,candidate_3,3,0.04666666666666667
8323,candidate_2,candidate_1,candidate_3,3,0.04666666666666667
8324,candidate_2,candidate_1,candidate_3,3,0.04666666666666667
8325,candidate_2,candidate_1,candidate_3,3,0.04666666666666667
8326,candidate_2,candidate_1,candidate_3,3,0.04666666666666667
8327,candidate_2,candidate_1,candidate_3,3,0.04666666666666667
8328,candidate_2,candidate_1,0,3,0.04666666666666667
8329,candidate_2,candidate_1,candidate_3,3,0.04666666666666667
8330,candidate_2,candidate_1,candidate_3,3,0.04666666666666667
8331,candidate_2,0,candidate_3,3,0.04666666666666667
8332,candidate_2,0,candidate_3,3,0.04666666666666667
8333,0,candidate_1,candidate_3,3,0.04666666666666667
8334,candidate_2,candidate_1,candidate_3,3,0.04666666666666667
8335,candidate_2,candidate_1,candidate_3,3,0.04666666666666667
8336,candidate_2,candidate_1,candidate_3,3,0.04666666666666667
8337,candidate_2,candidate_1,candidate_3,3,0.04666666666666667
8338,candidate_2,candidate_1,candidate_3,3,0.04666666666666667
8339,candidate_2,candidate_1,candidate_3,3,0.04666666666666667
8340,candidate_2,candidate_1,candidate_3,3,0.04666666666666667
8341,candidate_2,candidate_1,candidate_3,3,0.04666666666666667
8342,candidate_2,0,candidate_3,3,0.04666666666666667
8343,candidate_2,candidate_1,candidate_3,3,0.04666666666666667
8344,candidate_2,candidate_1,candidate_3,3,0.04666666666666667
8345,candidate_2,candidate_1,0,3,0.04666666666666667
8346,candidate_2,candidate_1,candidate_3,3,0.04666666666666667
8347,candidate_2,candidate_1,candidate_3,3,0.04666666666666667
8348,candidate_2,candidate_1,candidate_3,3,0.04666666666666667
8349,candidate_2,candidate_1,candidate_3,3,0.04666666666666667
8350,candidate_2,candidate_1,candidate_3,3,0.04666666666666667
8351,candidate_2,candidate_1,candidate_3,3,0.04666666666666667
8352,candidate_2,candidate_1,candidate_3,3,0.04666666666666667
8353,candidate_2,candidate_1,candidate_3,3,0.04666666666666667
8354,candidate_2,candidate_1,candidate_3,3,0.04666666666666667
8355,candidate_2,candidate_1,candidate_3,3,0.04666666666666667
8356,candidate_2,candidate_1,candidate_3,3,0.04666666666666667
8357,candidate_2,candidate_1,candidate_3,3,0.04666666666666667
8358,candidate_2,candidate_1,candidate_3,3,0.04666666666666667
8359,candidate_2,candidate_1,candidate_3,3,0.04666666666666667
8360,candidate_2,candidate_1,candidate_3,3,0.04666666666666667
8361,candidate_2,candidate_1,candidate_3,3,0.04666666666666667
8362,candidate_2,0,candidate_3,3,0.04666666666666667
8363,candidate_2,candidate_1,candidate_3,3,0.04666666666666667
8364,candidate_2,candidate_1,candidate_3,3,0.04666666666666667
8365,candidate_2,candidate_1,candidate_3,3,0.04666666666666667
8366,candidate_2,candidate_1,candidate_3,3,0.04666666666666667
8367,candidate_2,candidate_1,candidate_3,3,0.04666666666666667
8368,candidate_2,candidate_1,candidate_3,3,0.04666666666666667
8369,0,candidate_1,candidate_3,3,0.04666666666666667
8370,candidate_2,candidate_1,candidate_3,3,0.04666666666666667
8371,candidate_2,candidate_1,0,3,0.04666666666666667
8372,candidate_2,candidate_1,0,3,0.04666666666666667
8373,candidate_2,candidate_1,candidate_3,3,0.04666666666666667
8374,candidate_2,0,candidate_3,3,0.04666666666666667
8375,candidate_2,candidate_1,candidate_3,3,0.04666666666666667
8376,candidate_2,candidate_1,candidate_3,3,0.04666666666666667
8377,candidate_2,candidate_1,candidate_3,3,0.04666666666666667
8378,candidate_2,candidate_1,candidate_3,3,0.04666666666666667
8379,candidate_2,candidate_1,candidate_3,3,0.04666666666666667
8380,candidate_2,candidate_1,candidate_3,3,0.04666666666666667
8381,candidate_2,candidate_1,candidate_3,3,0.04666666666666667
8382,candidate_2,candidate_1,candidate_3,3,0.04666666666666667
8383,candidate_2,candidate_1,candidate_3,3,0.04666666666666667
8384,candidate_2,0,candidate_3,3,0.04666666666666667
8385,candidate_2,candidate_1,candidate_3,3,0.04666666666666667
8386,candidate_2,candidate_1,candidate_3,3,0.04666666666666667
8387,candidate_2,candidate_1,candidate_3,3,0.04666666666666667
8388,candidate_2,candidate_1,candidate_3,3,0.04666666666666667
8389,candidate_2,candidate_1,candidate_3,3,0.04666666666666667
8390,candidate_2,candidate_1,candidate_3,3,0.04666666666666667
8391,candidate_2,candidate_1,candidate_3,3,0.04666666666666667
8392,candidate_2,candidate_1,candidate_3,3,0.04666666666666667
8393,candidate_2,candidate_1,candidate_3,3,0.04666666666666667
8394,candidate_2,candidate_1,candidate_3,3,0.04666666666666667
8395,candidate_2,candidate_1,candidate_3,3,0.04666666666666667
8396,candidate_2,candidate_1,candidate_3,3,0.04666666666666667
8397,candidate_2,candidate_1,candidate_3,3,0.04666666666666667
8398,candidate_2,candidate_1,candidate_3,3,0.04666666666666667
8399,candidate_2,candidate_1,candidate_3,3,0.04666666666666667
8400,candidate_2,candidate_1,candidate_3,3,0.04666666666666667
8401,candidate_2,candidate_1,candidate_3,3,0.04666666666666667
8402,candidate_2,candidate_1,candidate_3,3,0.04666666666666667
8403,candidate_2,candidate_1,candidate_3,3,0.04666666666666667
8404,candidate_2,candidate_1,candidate_3,3,0.04666666666666667
8405,candidate_2,candidate_1,candidate_3,3,0.04666666666666667
8406,candidate_2,candidate_1,candidate_3,3,0.04666666666666667
8407,candidate_2,candidate_1,candidate_3,3,0.04666666666666667
8408,candidate_2,candidate_1,candidate_3,3,0.04666666666666667
8409,candidate_2,candidate_1,candidate_3,3,0.04666666666666667
8410,candidate_2,candidate_1,candidate_3,3,0.04666666666666667
8411,0,candidate_1,candidate_3,3,0.04666666666666667
8412,candidate_2,candidate_1,candidate_3,3,0.04666666666666667
8413,candidate_2,candidate_1,candidate_3,3,0.04666666666666667
8414,candidate_2,candidate_1,candidate_3,3,0.04666666666666667
8415,candidate_2,candidate_1,candidate_3,3,0.04666666666666667
8416,candidate_2,candidate_1,candidate_3,3,0.04666666666666667
8417,candidate_2,candidate_1,candidate_3,3,0.04666666666666667
8418,candidate_2,candidate_1,candidate_3,3,0.04666666666666667
8419,candidate_2,candidate_1,candidate_3,3,0.04666666666666667
8420,candidate_2,candidate_1,candidate_3,3,0.04666666666666667
8421,candidate_2,candidate_1,candidate_3,3,0.04666666666666667
8422,candidate_2,candidate_1,candidate_3,3,0.04666666666666667
8423,candidate_2,candidate_1,0,3,0.04666666666666667
8424,candidate_2,candidate_1,candidate_3,3,0.04666666666666667
8425,candidate_2,candidate_1,candidate_3,3,0.04666666666666667
8426,candidate_2,0,candidate_3,3,0.04666666666666667
8427,candidate_2,candidate_1,candidate_3,3,0.04666666666666667
8428,candidate_2,candidate_1,candidate_3,3,0.04666666666666667
8429,candidate_2,candidate_1,candidate_3,3,0.04666666666666667
8430,candidate_2,candidate_1,candidate_3,3,0.04666666666666667
8431,candidate_2,candidate_1,candidate_3,3,0.04666666666666667
8432,candidate_2,candidate_1,candidate_3,3,0.04666666666666667
8433,candidate_2,candidate_1,candidate_3,3,0.04666666666666667
8434,candidate_2,candidate_1,candidate_3,3,0.04666666666666667
8435,candidate_2,candidate_1,candidate_3,3,0.04666666666666667
8436,candidate_2,candidate_1,candidate_3,3,0.04666666666666667
8437,candidate_2,0,candidate_3,3,0.04666666666666667
8438,candidate_2,candidate_1,candidate_3,3,0.04666666666666667
8439,candidate_2,candidate_1,candidate_3,3,0.04666666666666667
8440,candidate_2,candidate_1,candidate_3,3,0.04666666666666667
8441,candidate_2,candidate_1,candidate_3,3,0.04666666666666667
8442,candidate_2,candidate_1,candidate_3,3,0.04666666666666667
8443,0,candidate_1,0,3,0.04666666666666667
8444,candidate_2,candidate_1,candidate_3,3,0.04666666666666667
8445,candidate_2,candidate_1,candidate_3,3,0.04666666666666667
8446,candidate_2,candidate_1,candidate_3,3,0.04666666666666667
8447,candidate_2,candidate_1,candidate_3,3,0.04666666666666667
8448,candidate_2,candidate_1,candidate_3,3,0.04666666666666667
8449,candidate_2,candidate_1,candidate_3,3,0.04666666666666667
8450,candidate_2,candidate_1,candidate_3,3,0.04666666666666667
8451,candidate_2,candidate_1,candidate_3,3,0.04666666666666667
8452,candidate_2,candidate_1,candidate_3,3,0.04666666666666667
8453,candidate_2,candidate_1,candidate_3,3,0.04666666666666667
8454,candidate_2,candidate_1,candidate_3,3,0.04666666666666667
8455,candidate_2,candidate_1,candidate_3,3,0.04666666666666667
8456,candidate_2,candidate_1,candidate_3,3,0.04666666666666667
8457,candidate_2,candidate_1,candidate_3,3,0.04666666666666667
8458,candidate_2,candidate_1,candidate_3,3,0.04666666666666667
8459,candidate_2,candidate_1,candidate_3,3,0.04666666666666667
8460,candidate_2,candidate_1,0,3,0.04666666666666667
8461,candidate_2,candidate_1,candidate_3,3,0.04666666666666667
8462,candidate_2,candidate_1,candidate_3,3,0.04666666666666667
8463,candidate_2,candidate_1,candidate_3,3,0.04666666666666667
8464,candidate_2,candidate_1,candidate_3,3,0.04666666666666667
8465,candidate_2,candidate_1,candidate_3,3,0.04666666666666667
8466,candidate_2,candidate_1,candidate_3,3,0.04666666666666667
8467,candidate_2,candidate_1,candidate_3,3,0.04666666666666667
8468,candidate_2,candidate_1,candidate_3,3,0.04666666666666667
8469,candidate_2,candidate_1,candidate_3,3,0.04666666666666667
8470,candidate_2,candidate_1,candidate_3,3,0.04666666666666667
8471,candidate_2,candidate_1,candidate_3,3,0.04666666666666667
8472,candidate_2,0,candidate_3,3,0.04666666666666667
8473,candidate_2,candidate_1,candidate_3,3,0.04666666666666667
8474,candidate_2,candidate_1,candidate_3,3,0.04666666666666667
8475,candidate_2,candidate_1,candidate_3,3,0.04666666666666667
8476,candidate_2,candidate_1,candidate_3,3,0.04666666666666667
8477,candidate_2,candidate_1,candidate_3,3,0.04666666666666667
8478,candidate_2,candidate_1,candidate_3,3,0.04666666666666667
8479,candidate_2,candidate_1,candidate_3,3,0.04666666666666667
8480,candidate_2,candidate_1,candidate_3,3,0.04666666666666667
8481,candidate_2,candidate_1,candidate_3,3,0.04666666666666667
8482,candidate_2,candidate_1,candidate_3,3,0.04666666666666667
8483,candidate_2,candidate_1,candidate_3,3,0.04666666666666667
8484,candidate_2,candidate_1,0,3,0.04666666666666667
8485,candidate_2,candidate_1,candidate_3,3,0.04666666666666667
8486,candidate_2,candidate_1,0,3,0.04666666666666667
8487,candidate_2,candidate_1,candidate_3,3,0.04666666666666667
8488,candidate_2,candidate_1,candidate_3,3,0.04666666666666667
8489,candidate_2,candidate_1,candidate_3,3,0.04666666666666667
8490,candidate_2,candidate_1,candidate_3,3,0.04666666666666667
8491,candidate_2,candidate_1,candidate_3,3,0.04666666666666667
8492,candidate_2,candidate_1,candidate_3,3,0.04666666666666667
8493,candidate_2,0,candidate_3,3,0.04666666666666667
8494,candidate_2,candidate_1,candidate_3,3,0.04666666666666667
8495,candidate_2,candidate_1,candidate_3,3,0.04666666666666667
8496,candidate_2,candidate_1,candidate_3,3,0.04666666666666667
8497,candidate_2,candidate_1,candidate_3,3,0.04666666666666667
8498,candidate_2,candidate_1,candidate_3,3,0.04666666666666667
8499,candidate_2,candidate_1,candidate_3,3,0.04666666666666667
8500,candidate_2,candidate_1,candidate_3,3,0.04666666666666667
8501,candidate_2,candidate_1,candidate_3,3,0.04666666666666667
8502,candidate_2,candidate_1,candidate_3,3,0.04666666666666667
8503,candidate_2,0,candidate_3,3,0.04666666666666667
8504,candidate_2,candidate_1,candidate_3,3,0.04666666666666667
8505,candidate_2,candidate_1,candidate_3,3,0.04666666666666667
8506,candidate_2,candidate_1,candidate_3,3,0.04666666666666667
8507,candidate_2,candidate_1,candidate_3,3,0.04666666666666667
8508,candidate_2,candidate_1,candidate_3,3,0.04666666666666667
8509,candidate_2,candidate_1,candidate_3,3,0.04666666666666667
8510,candidate_2,candidate_1,candidate_3,3,0.04666666666666667
8511,candidate_2,candidate_1,candidate_3,3,0.04666666666666667
8512,candidate_2,candidate_1,candidate_3,3,0.04666666666666667
8513,candidate_2,candidate_1,candidate_3,3,0.04666666666666667
8514,candidate_2,candidate_1,candidate_3,3,0.04666666666666667
8515,candidate_2,candidate_1,candidate_3,3,0.04666666666666667
8516,candidate_2,candidate_1,candidate_3,3,0.04666666666666667
8517,candidate_2,candidate_1,candidate_3,3,0.04666666666666667
8518,candidate_2,candidate_1,candidate_3,3,0.04666666666666667
8519,candidate_2,candidate_1,candidate_3,3,0.04666666666666667
8520,candidate_2,candidate_1,candidate_3,3,0.04666666666666667
8521,candidate_2,candidate_1,candidate_3,3,0.04666666666666667
8522,candidate_2,candidate_1,candidate_3,3,0.04666666666666667
8523,candidate_2,candidate_1,candidate_3,3,0.04666666666666667
8524,candidate_2,candidate_1,0,3,0.04666666666666667
8525,candidate_2,candidate_1,candidate_3,3,0.04666666666666667
8526,candidate_2,candidate_1,candidate_3,3,0.04666666666666667
8527,0,candidate_1,candidate_3,3,0.04666666666666667
8528,candidate_2,candidate_1,candidate_3,3,0.04666666666666667
8529,candidate_2,candidate_1,candidate_3,3,0.04666666666666667
8530,candidate_2,candidate_1,candidate_3,3,0.04666666666666667
8531,candidate_2,candidate_1,candidate_3,3,0.04666666666666667
8532,candidate_2,candidate_1,candidate_3,3,0.04666666666666667
8533,candidate_2,candidate_1,candidate_3,3,0.04666666666666667
8534,candidate_2,candidate_1,candidate_3,3,0.04666666666666667
8535,candidate_2,candidate_1,candidate_3,3,0.04666666666666667
8536,candidate_2,candidate_1,candidate_3,3,0.04666666666666667
8537,candidate_2,candidate_1,candidate_3,3,0.04666666666666667
8538,candidate_2,candidate_1,candidate_3,3,0.04666666666666667
8539,candidate_2,candidate_1,candidate_3,3,0.04666666666666667
8540,candidate_2,candidate_1,candidate_3,3,0.04666666666666667
8541,candidate_2,candidate_1,candidate_3,3,0.04666666666666667
8542,candidate_2,candidate_1,candidate_3,3,0.04666666666666667
8543,0,candidate_1,candidate_3,3,0.04666666666666667
8544,candidate_2,candidate_1,candidate_3,3,0.04666666666666667
8545,candidate_2,candidate_1,candidate_3,3,0.04666666666666667
8546,0,candidate_1,candidate_3,3,0.04666666666666667
8547,candidate_2,candidate_1,candidate_3,3,0.04666666666666667
8548,candidate_2,candidate_1,candidate_3,3,0.04666666666666667
8549,candidate_2,candidate_1,candidate_3,3,0.04666666666666667
8550,candidate_2,candidate_1,candidate_3,3,0.04666666666666667
8551,candidate_2,candidate_1,candidate_3,3,0.04666666666666667
8552,candidate_2,0,candidate_3,3,0.04666666666666667
8553,candidate_2,candidate_1,candidate_3,3,0.04666666666666667
8554,candidate_2,candidate_1,candidate_3,3,0.04666666666666667
8555,candidate_2,candidate_1,candidate_3,3,0.04666666666666667
8556,candidate_2,candidate_1,candidate_3,3,0.04666666666666667
8557,candidate_2,candidate_1,candidate_3,3,0.04666666666666667
8558,candidate_2,candidate_1,candidate_3,3,0.04666666666666667
8559,candidate_2,candidate_1,candidate_3,3,0.04666666666666667
8560,candidate_2,candidate_1,candidate_3,3,0.04666666666666667
8561,candidate_2,candidate_1,candidate_3,3,0.04666666666666667
8562,candidate_2,candidate_1,candidate_3,3,0.04666666666666667
8563,candidate_2,candidate_1,candidate_3,3,0.04666666666666667
8564,candidate_2,candidate_1,0,3,0.04666666666666667
8565,candidate_2,candidate_1,candidate_3,3,0.04666666666666667
8566,candidate_2,candidate_1,candidate_3,3,0.04666666666666667
8567,candidate_2,candidate_1,candidate_3,3,0.04666666666666667
8568,candidate_2,candidate_1,candidate_3,3,0.04666666666666667
8569,candidate_2,candidate_1,candidate_3,3,0.04666666666666667
8570,candidate_2,candidate_1,candidate_3,3,0.04666666666666667
8571,candidate_2,candidate_1,candidate_3,3,0.04666666666666667
8572,candidate_2,candidate_1,candidate_3,3,0.04666666666666667
8573,candidate_2,candidate_1,candidate_3,3,0.04666666666666667
8574,candidate_2,candidate_1,candidate_3,3,0.04666666666666667
8575,candidate_2,candidate_1,candidate_3,3,0.04666666666666667
8576,candidate_2,candidate_1,candidate_3,3,0.04666666666666667
8577,candidate_2,candidate_1,candidate_3,3,0.04666666666666667
8578,candidate_2,candidate_1,candidate_3,3,0.04666666666666667
8579,candidate_2,candidate_1,candidate_3,3,0.04666666666666667
8580,candidate_2,candidate_1,candidate_3,3,0.04666666666666667
8581,0,candidate_1,candidate_3,3,0.04666666666666667
8582,candidate_2,candidate_1,candidate_3,3,0.04666666666666667
8583,candidate_2,candidate_1,candidate_3,3,0.04666666666666667
8584,candidate_2,candidate_1,candidate_3,3,0.04666666666666667
8585,candidate_2,0,candidate_3,3,0.04666666666666667
8586,candidate_2,candidate_1,candidate_3,3,0.04666666666666667
8587,candidate_2,candidate_1,candidate_3,3,0.04666666666666667
8588,candidate_2,candidate_1,candidate_3,3,0.04666666666666667
8589,candidate_2,candidate_1,candidate_3,3,0.04666666666666667
8590,candidate_2,candidate_1,candidate_3,3,0.04666666666666667
8591,candidate_2,candidate_1,candidate_3,3,0.04666666666666667
8592,candidate_2,candidate_1,candidate_3,3,0.04666666666666667
8593,candidate_2,candidate_1,candidate_3,3,0.04666666666666667
8594,candidate_2,candidate_1,candidate_3,3,0.04666666666666667
8595,candidate_2,candidate_1,candidate_3,3,0.04666666666666667
8596,candidate_2,candidate_1,candidate_3,3,0.04666666666666667
8597,candidate_2,candidate_1,candidate_3,3,0.04666666666666667
8598,candidate_2,0,candidate_3,3,0.04666666666666667
8599,candidate_2,candidate_1,candidate_3,3,0.04666666666666667
8600,candidate_2,candidate_1,candidate_3,3,0.04666666666666667
8601,candidate_2,candidate_1,candidate_3,3,0.04666666666666667
8602,0,candidate_1,candidate_3,3,0.04666666666666667
8603,candidate_2,candidate_1,candidate_3,3,0.04666666666666667
8604,candidate_2,candidate_1,candidate_3,3,0.04666666666666667
8605,0,candidate_1,candidate_3,3,0.04666666666666667
8606,candidate_2,candidate_1,candidate_3,3,0.04666666666666667
8607,candidate_2,candidate_1,candidate_3,3,0.04666666666666667
8608,candidate_2,candidate_1,candidate_3,3,0.04666666666666667
8609,candidate_2,candidate_1,candidate_3,3,0.04666666666666667
8610,candidate_2,candidate_1,candidate_3,3,0.04666666666666667
8611,candidate_2,candidate_1,candidate_3,3,0.04666666666666667
8612,candidate_2,candidate_1,candidate_3,3,0.04666666666666667
8613,candidate_2,candidate_1,candidate_3,3,0.04666666666666667
8614,candidate_2,0,candidate_3,3,0.04666666666666667
8615,candidate_2,candidate_1,candidate_3,3,0.04666666666666667
8616,candidate_2,candidate_1,0,3,0.04666666666666667
8617,candidate_2,candidate_1,candidate_3,3,0.04666666666666667
8618,candidate_2,candidate_1,candidate_3,3,0.04666666666666667
8619,candidate_2,candidate_1,candidate_3,3,0.04666666666666667
8620,candidate_2,candidate_1,candidate_3,3,0.04666666666666667
8621,candidate_2,candidate_1,candidate_3,3,0.04666666666666667
8622,candidate_2,candidate_1,candidate_3,3,0.04666666666666667
8623,candidate_2,candidate_1,candidate_3,3,0.04666666666666667
8624,candidate_2,candidate_1,candidate_3,3,0.04666666666666667
8625,candidate_2,candidate_1,candidate_3,3,0.04666666666666667
8626,candidate_2,candidate_1,candidate_3,3,0.04666666666666667
8627,candidate_2,candidate_1,candidate_3,3,0.04666666666666667
8628,candidate_2,candidate_1,candidate_3,3,0.04666666666666667
8629,candidate_2,0,candidate_3,3,0.04666666666666667
8630,candidate_2,candidate_1,candidate_3,3,0.04666666666666667
8631,candidate_2,candidate_1,candidate_3,3,0.04666666666666667
8632,candidate_2,candidate_1,candidate_3,3,0.04666666666666667
8633,candidate_2,candidate_1,0,3,0.04666666666666667
8634,candidate_2,candidate_1,candidate_3,3,0.04666666666666667
8635,candidate_2,candidate_1,candidate_3,3,0.04666666666666667
8636,candidate_2,candidate_1,candidate_3,3,0.04666666666666667
8637,candidate_2,candidate_1,candidate_3,3,0.04666666666666667
8638,candidate_2,candidate_1,candidate_3,3,0.04666666666666667
8639,candidate_2,candidate_1,candidate_3,3,0.04666666666666667
8640,candidate_2,candidate_1,candidate_3,3,0.04666666666666667
8641,candidate_2,candidate_1,candidate_3,3,0.04666666666666667
8642,candidate_2,candidate_1,candidate_3,3,0.04666666666666667
8643,candidate_2,candidate_1,candidate_3,3,0.04666666666666667
8644,candidate_2,candidate_1,candidate_3,3,0.04666666666666667
8645,candidate_2,candidate_1,candidate_3,3,0.04666666666666667
8646,candidate_2,0,candidate_3,3,0.04666666666666667
8647,candidate_2,candidate_1,candidate_3,3,0.04666666666666667
8648,candidate_2,candidate_1,candidate_3,3,0.04666666666666667
8649,candidate_2,candidate_1,0,3,0.04666666666666667
8650,candidate_2,candidate_1,candidate_3,3,0.04666666666666667
8651,candidate_2,candidate_1,candidate_3,3,0.04666666666666667
8652,candidate_2,candidate_1,candidate_3,3,0.04666666666666667
8653,candidate_2,candidate_1,candidate_3,3,0.04666666666666667
8654,candidate_2,candidate_1,candidate_3,3,0.04666666666666667
8655,candidate_2,candidate_1,candidate_3,3,0.04666666666666667
8656,candidate_2,candidate_1,candidate_3,3,0.04666666666666667
8657,candidate_2,candidate_1,candidate_3,3,0.04666666666666667
8658,candidate_2,candidate_1,candidate_3,3,0.04666666666666667
8659,candidate_2,candidate_1,candidate_3,3,0.04666666666666667
8660,candidate_2,candidate_1,candidate_3,3,0.04666666666666667
8661,candidate_2,candidate_1,candidate_3,3,0.04666666666666667
8662,candidate_2,candidate_1,candidate_3,3,0.04666666666666667
8663,candidate_2,candidate_1,candidate_3,3,0.04666666666666667
8664,candidate_2,candidate_1,candidate_3,3,0.04666666666666667
8665,candidate_2,0,candidate_3,3,0.04666666666666667
8666,candidate_2,candidate_1,candidate_3,3,0.04666666666666667
8667,candidate_2,candidate_1,candidate_3,3,0.04666666666666667
8668,candidate_2,candidate_1,candidate_3,3,0.04666666666666667
8669,candidate_2,candidate_1,candidate_3,3,0.04666666666666667
8670,candidate_2,candidate_1,candidate_3,3,0.04666666666666667
8671,candidate_2,candidate_1,candidate_3,3,0.04666666666666667
8672,candidate_2,candidate_1,candidate_3,3,0.04666666666666667
8673,candidate_2,candidate_1,candidate_3,3,0.04666666666666667
8674,candidate_2,candidate_1,candidate_3,3,0.04666666666666667
8675,candidate_2,candidate_1,candidate_3,3,0.04666666666666667
8676,candidate_2,candidate_1,candidate_3,3,0.04666666666666667
8677,candidate_2,candidate_1,candidate_3,3,0.04666666666666667
8678,candidate_2,candidate_1,candidate_3,3,0.04666666666666667
8679,candidate_2,candidate_1,candidate_3,3,0.04666666666666667
8680,candidate_2,candidate_1,candidate_3,3,0.04666666666666667
8681,candidate_2,0,candidate_3,3,0.04666666666666667
8682,candidate_2,candidate_1,candidate_3,3,0.04666666666666667
8683,candidate_2,candidate_1,candidate_3,3,0.04666666666666667
8684,candidate_2,candidate_1,candidate_3,3,0.04666666666666667
8685,candidate_2,0,candidate_3,3,0.04666666666666667
8686,candidate_2,candidate_1,candidate_3,3,0.04666666666666667
8687,candidate_2,candidate_1,candidate_3,3,0.04666666666666667
8688,candidate_2,candidate_1,candidate_3,3,0.04666666666666667
8689,candidate_2,candidate_1,candidate_3,3,0.04666666666666667
8690,candidate_2,candidate_1,candidate_3,3,0.04666666666666667
8691,candidate_2,candidate_1,candidate_3,3,0.04666666666666667
8692,candidate_2,candidate_1,candidate_3,3,0.04666666666666667
8693,candidate_2,0,candidate_3,3,0.04666666666666667
8694,candidate_2,candidate_1,candidate_3,3,0.04666666666666667
8695,candidate_2,candidate_1,candidate_3,3,0.04666666666666667
8696,candidate_2,candidate_1,candidate_3,3,0.04666666666666667
8697,candidate_2,candidate_1,candidate_3,3,0.04666666666666667
8698,candidate_2,candidate_1,candidate_3,3,0.04666666666666667
8699,candidate_2,candidate_1,candidate_3,3,0.04666666666666667
8700,candidate_2,candidate_1,candidate_3,3,0.04666666666666667
8701,candidate_2,candidate_1,candidate_3,3,0.04666666666666667
8702,candidate_2,candidate_1,candidate_3,3,0.04666666666666667
8703,candidate_2,candidate_1,candidate_3,3,0.04666666666666667
8704,candidate_2,candidate_1,candidate_3,3,0.04666666666666667
8705,candidate_2,candidate_1,candidate_3,3,0.04666666666666667
8706,candidate_2,candidate_1,candidate_3,3,0.04666666666666667
8707,candidate_2,candidate_1,candidate_3,3,0.04666666666666667
8708,candidate_2,candidate_1,candidate_3,3,0.04666666666666667
8709,candidate_2,candidate_1,0,3,0.04666666666666667
8710,candidate_2,candidate_1,candidate_3,3,0.04666666666666667
8711,candidate_2,candidate_1,candidate_3,3,0.04666666666666667
8712,candidate_2,candidate_1,candidate_3,3,0.04666666666666667
8713,candidate_2,candidate_1,candidate_3,3,0.04666666666666667
8714,0,candidate_1,candidate_3,3,0.04666666666666667
8715,candidate_2,candidate_1,candidate_3,3,0.04666666666666667
8716,candidate_2,candidate_1,candidate_3,3,0.04666666666666667
8717,candidate_2,candidate_1,candidate_3,3,0.04666666666666667
8718,candidate_2,candidate_1,candidate_3,3,0.04666666666666667
8719,candidate_2,candidate_1,candidate_3,3,0.04666666666666667
8720,candidate_2,candidate_1,candidate_3,3,0.04666666666666667
8721,candidate_2,candidate_1,candidate_3,3,0.04666666666666667
8722,candidate_2,candidate_1,candidate_3,3,0.04666666666666667
8723,candidate_2,candidate_1,candidate_3,3,0.04666666666666667
8724,candidate_2,0,candidate_3,3,0.04666666666666667
8725,candidate_2,candidate_1,candidate_3,3,0.04666666666666667
8726,candidate_2,candidate_1,candidate_3,3,0.04666666666666667
8727,0,candidate_1,candidate_3,3,0.04666666666666667
8728,candidate_2,candidate_1,candidate_3,3,0.04666666666666667
8729,candidate_2,candidate_1,candidate_3,3,0.04666666666666667
8730,candidate_2,candidate_1,candidate_3,3,0.04666666666666667
8731,candidate_2,candidate_1,candidate_3,3,0.04666666666666667
8732,candidate_2,candidate_1,candidate_3,3,0.04666666666666667
8733,candidate_2,candidate_1,candidate_3,3,0.04666666666666667
8734,candidate_2,0,candidate_3,3,0.04666666666666667
8735,candidate_2,candidate_1,candidate_3,3,0.04666666666666667
8736,candidate_2,candidate_1,candidate_3,3,0.04666666666666667
8737,candidate_2,candidate_1,candidate_3,3,0.04666666666666667
8738,candidate_2,candidate_1,candidate_3,3,0.04666666666666667
8739,candidate_2,candidate_1,candidate_3,3,0.04666666666666667
8740,candidate_2,candidate_1,candidate_3,3,0.04666666666666667
8741,candidate_2,candidate_1,candidate_3,3,0.04666666666666667
8742,candidate_2,candidate_1,candidate_3,3,0.04666666666666667
8743,candidate_2,candidate_1,candidate_3,3,0.04666666666666667
8744,candidate_2,candidate_1,candidate_3,3,0.04666666666666667
8745,candidate_2,candidate_1,candidate_3,3,0.04666666666666667
8746,candidate_2,candidate_1,candidate_3,3,0.04666666666666667
8747,candidate_2,candidate_1,candidate_3,3,0.04666666666666667
8748,candidate_2,candidate_1,candidate_3,3,0.04666666666666667
8749,candidate_2,candidate_1,candidate_3,3,0.04666666666666667
8750,0,candidate_1,candidate_3,3,0.04666666666666667
8751,candidate_2,candidate_1,candidate_3,3,0.04666666666666667
8752,candidate_2,candidate_1,candidate_3,3,0.04666666666666667
8753,candidate_2,candidate_1,candidate_3,3,0.04666666666666667
8754,candidate_2,candidate_1,candidate_3,3,0.04666666666666667
8755,candidate_2,candidate_1,candidate_3,3,0.04666666666666667
8756,candidate_2,candidate_1,candidate_3,3,0.04666666666666667
8757,candidate_2,candidate_1,candidate_3,3,0.04666666666666667
8758,candidate_2,candidate_1,candidate_3,3,0.04666666666666667
8759,candidate_2,candidate_1,candidate_3,3,0.04666666666666667
8760,candidate_2,candidate_1,candidate_3,3,0.04666666666666667
8761,candidate_2,candidate_1,candidate_3,3,0.04666666666666667
8762,candidate_2,candidate_1,candidate_3,3,0.04666666666666667
8763,candidate_2,candidate_1,candidate_3,3,0.04666666666666667
8764,candidate_2,candidate_1,candidate_3,3,0.04666666666666667
8765,candidate_2,candidate_1,candidate_3,3,0.04666666666666667
8766,candidate_2,candidate_1,candidate_3,3,0.04666666666666667
8767,candidate_2,candidate_1,candidate_3,3,0.04666666666666667
8768,candidate_2,candidate_1,candidate_3,3,0.04666666666666667
8769,candidate_2,candidate_1,candidate_3,3,0.04666666666666667
8770,candidate_2,candidate_1,candidate_3,3,0.04666666666666667
8771,0,candidate_1,candidate_3,3,0.04666666666666667
8772,candidate_2,0,candidate_3,3,0.04666666666666667
8773,candidate_2,candidate_1,candidate_3,3,0.04666666666666667
8774,candidate_2,candidate_1,candidate_3,3,0.04666666666666667
8775,candidate_2,candidate_1,candidate_3,3,0.04666666666666667
8776,candidate_2,candidate_1,candidate_3,3,0.04666666666666667
8777,candidate_2,candidate_1,candidate_3,3,0.04666666666666667
8778,candidate_2,candidate_1,candidate_3,3,0.04666666666666667
8779,candidate_2,candidate_1,candidate_3,3,0.04666666666666667
8780,0,candidate_1,candidate_3,3,0.04666666666666667
8781,candidate_2,candidate_1,candidate_3,3,0.04666666666666667
8782,candidate_2,candidate_1,candidate_3,3,0.04666666666666667
8783,candidate_2,candidate_1,candidate_3,3,0.04666666666666667
8784,candidate_2,candidate_1,0,3,0.04666666666666667
8785,candidate_2,candidate_1,candidate_3,3,0.04666666666666667
8786,candidate_2,candidate_1,candidate_3,3,0.04666666666666667
8787,candidate_2,candidate_1,candidate_3,3,0.04666666666666667
8788,candidate_2,candidate_1,candidate_3,3,0.04666666666666667
8789,candidate_2,candidate_1,candidate_3,3,0.04666666666666667
8790,candidate_2,candidate_1,candidate_3,3,0.04666666666666667
8791,candidate_2,candidate_1,candidate_3,3,0.04666666666666667
8792,candidate_2,candidate_1,candidate_3,3,0.04666666666666667
8793,candidate_2,candidate_1,candidate_3,3,0.04666666666666667
8794,candidate_2,candidate_1,candidate_3,3,0.04666666666666667
8795,candidate_2,candidate_1,candidate_3,3,0.04666666666666667
8796,candidate_2,candidate_1,candidate_3,3,0.04666666666666667
8797,candidate_2,candidate_1,candidate_3,3,0.04666666666666667
8798,candidate_2,candidate_1,candidate_3,3,0.04666666666666667
8799,candidate_2,candidate_1,candidate_3,3,0.04666666666666667
8800,candidate_2,0,candidate_3,3,0.04666666666666667
8801,candidate_2,candidate_1,candidate_3,3,0.04666666666666667
8802,candidate_2,candidate_1,candidate_3,3,0.04666666666666667
8803,candidate_2,candidate_1,candidate_3,3,0.04666666666666667
8804,candidate_2,candidate_1,candidate_3,3,0.04666666666666667
8805,candidate_2,candidate_1,candidate_3,3,0.04666666666666667
8806,candidate_2,candidate_1,0,3,0.04666666666666667
8807,candidate_2,candidate_1,candidate_3,3,0.04666666666666667
8808,candidate_2,candidate_1,candidate_3,3,0.04666666666666667
8809,candidate_2,candidate_1,candidate_3,3,0.04666666666666667
8810,candidate_2,candidate_1,candidate_3,3,0.04666666666666667
8811,candidate_2,candidate_1,candidate_3,3,0.04666666666666667
8812,candidate_2,candidate_1,candidate_3,3,0.04666666666666667
8813,candidate_2,candidate_1,candidate_3,3,0.04666666666666667
8814,candidate_2,0,candidate_3,3,0.04666666666666667
8815,candidate_2,candidate_1,candidate_3,3,0.04666666666666667
8816,candidate_2,candidate_1,candidate_3,3,0.04666666666666667
8817,candidate_2,candidate_1,candidate_3,3,0.04666666666666667
8818,candidate_2,candidate_1,candidate_3,3,0.04666666666666667
8819,candidate_2,candidate_1,candidate_3,3,0.04666666666666667
8820,candidate_2,candidate_1,candidate_3,3,0.04666666666666667
8821,candidate_2,candidate_1,candidate_3,3,0.04666666666666667
8822,candidate_2,candidate_1,candidate_3,3,0.04666666666666667
8823,candidate_2,candidate_1,candidate_3,3,0.04666666666666667
8824,candidate_2,candidate_1,candidate_3,3,0.04666666666666667
8825,candidate_2,0,candidate_3,3,0.04666666666666667
8826,candidate_2,candidate_1,candidate_3,3,0.04666666666666667
8827,candidate_2,candidate_1,candidate_3,3,0.04666666666666667
8828,candidate_2,candidate_1,candidate_3,3,0.04666666666666667
8829,candidate_2,candidate_1,candidate_3,3,0.04666666666666667
8830,candidate_2,candidate_1,candidate_3,3,0.04666666666666667
8831,candidate_2,candidate_1,candidate_3,3,0.04666666666666667
8832,candidate_2,candidate_1,candidate_3,3,0.04666666666666667
8833,candidate_2,candidate_1,candidate_3,3,0.04666666666666667
8834,candidate_2,0,candidate_3,3,0.04666666666666667
8835,candidate_2,candidate_1,candidate_3,3,0.04666666666666667
8836,candidate_2,candidate_1,candidate_3,3,0.04666666666666667
8837,candidate_2,candidate_1,candidate_3,3,0.04666666666666667
8838,candidate_2,0,0,3,0.04666666666666667
8839,candidate_2,candidate_1,candidate_3,3,0.04666666666666667
8840,candidate_2,candidate_1,candidate_3,3,0.04666666666666667
8841,candidate_2,candidate_1,candidate_3,3,0.04666666666666667
8842,candidate_2,candidate_1,candidate_3,3,0.04666666666666667
8843,candidate_2,candidate_1,candidate_3,3,0.04666666666666667
8844,candidate_2,candidate_1,candidate_3,3,0.04666666666666667
8845,candidate_2,candidate_1,candidate_3,3,0.04666666666666667
8846,candidate_2,candidate_1,0,3,0.04666666666666667
8847,candidate_2,candidate_1,candidate_3,3,0.04666666666666667
8848,candidate_2,candidate_1,candidate_3,3,0.04666666666666667
8849,candidate_2,0,candidate_3,3,0.04666666666666667
8850,candidate_2,candidate_1,candidate_3,3,0.04666666666666667
8851,0,candidate_1,candidate_3,3,0.04666666666666667
8852,candidate_2,candidate_1,candidate_3,3,0.04666666666666667
8853,candidate_2,candidate_1,candidate_3,3,0.04666666666666667
8854,candidate_2,candidate_1,candidate_3,3,0.04666666666666667
8855,candidate_2,candidate_1,candidate_3,3,0.04666666666666667
8856,candidate_2,candidate_1,candidate_3,3,0.04666666666666667
8857,candidate_2,candidate_1,candidate_3,3,0.04666666666666667
8858,candidate_2,candidate_1,candidate_3,3,0.04666666666666667
8859,candidate_2,candidate_1,candidate_3,3,0.04666666666666667
8860,candidate_2,candidate_1,candidate_3,3,0.04666666666666667
8861,candidate_2,candidate_1,0,3,0.04666666666666667
8862,0,candidate_1,candidate_3,3,0.04666666666666667
8863,candidate_2,candidate_1,candidate_3,3,0.04666666666666667
8864,candidate_2,candidate_1,candidate_3,3,0.04666666666666667
8865,candidate_2,candidate_1,candidate_3,3,0.04666666666666667
8866,candidate_2,candidate_1,candidate_3,3,0.04666666666666667
8867,0,candidate_1,0,3,0.04666666666666667
8868,candidate_2,candidate_1,candidate_3,3,0.04666666666666667
8869,candidate_2,candidate_1,candidate_3,3,0.04666666666666667
8870,candidate_2,candidate_1,candidate_3,3,0.04666666666666667
8871,candidate_2,candidate_1,candidate_3,3,0.04666666666666667
8872,candidate_2,candidate_1,candidate_3,3,0.04666666666666667
8873,candidate_2,candidate_1,candidate_3,3,0.04666666666666667
8874,candidate_2,candidate_1,candidate_3,3,0.04666666666666667
8875,candidate_2,candidate_1,candidate_3,3,0.04666666666666667
8876,candidate_2,0,candidate_3,3,0.04666666666666667
8877,candidate_2,candidate_1,candidate_3,3,0.04666666666666667
8878,candidate_2,candidate_1,candidate_3,3,0.04666666666666667
8879,candidate_2,candidate_1,candidate_3,3,0.04666666666666667
8880,candidate_2,candidate_1,candidate_3,3,0.04666666666666667
8881,candidate_2,candidate_1,candidate_3,3,0.04666666666666667
8882,candidate_2,candidate_1,candidate_3,3,0.04666666666666667
8883,candidate_2,candidate_1,candidate_3,3,0.04666666666666667
8884,0,candidate_1,candidate_3,3,0.04666666666666667
8885,candidate_2,candidate_1,candidate_3,3,0.04666666666666667
8886,candidate_2,candidate_1,candidate_3,3,0.04666666666666667
8887,candidate_2,candidate_1,candidate_3,3,0.04666666666666667
8888,candidate_2,candidate_1,candidate_3,3,0.04666666666666667
8889,candidate_2,candidate_1,candidate_3,3,0.04666666666666667
8890,candidate_2,candidate_1,candidate_3,3,0.04666666666666667
8891,candidate_2,candidate_1,candidate_3,3,0.04666666666666667
8892,candidate_2,candidate_1,candidate_3,3,0.04666666666666667
8893,candidate_2,0,candidate_3,3,0.04666666666666667
8894,candidate_2,candidate_1,0,3,0.04666666666666667
8895,candidate_2,candidate_1,0,3,0.04666666666666667
8896,candidate_2,candidate_1,candidate_3,3,0.04666666666666667
8897,candidate_2,candidate_1,candidate_3,3,0.04666666666666667
8898,candidate_2,candidate_1,candidate_3,3,0.04666666666666667
8899,candidate_2,candidate_1,candidate_3,3,0.04666666666666667
8900,candidate_2,candidate_1,candidate_3,3,0.04666666666666667
8901,candidate_2,candidate_1,candidate_3,3,0.04666666666666667
8902,candidate_2,candidate_1,candidate_3,3,0.04666666666666667
8903,candidate_2,candidate_1,candidate_3,3,0.04666666666666667
8904,candidate_2,candidate_1,candidate_3,3,0.04666666666666667
8905,candidate_2,candidate_1,candidate_3,3,0.04666666666666667
8906,candidate_2,candidate_1,candidate_3,3,0.04666666666666667
8907,candidate_2,candidate_1,candidate_3,3,0.04666666666666667
8908,candidate_2,candidate_1,candidate_3,3,0.04666666666666667
8909,candidate_2,candidate_1,candidate_3,3,0.04666666666666667
8910,candidate_2,candidate_1,candidate_3,3,0.04666666666666667
8911,candidate_2,candidate_1,candidate_3,3,0.04666666666666667
8912,candidate_2,candidate_1,candidate_3,3,0.04666666666666667
8913,candidate_2,candidate_1,candidate_3,3,0.04666666666666667
8914,0,candidate_1,0,3,0.04666666666666667
8915,candidate_2,candidate_1,candidate_3,3,0.04666666666666667
8916,candidate_2,candidate_1,candidate_3,3,0.04666666666666667
8917,candidate_2,candidate_1,candidate_3,3,0.04666666666666667
8918,candidate_2,candidate_1,candidate_3,3,0.04666666666666667
8919,candidate_2,candidate_1,candidate_3,3,0.04666666666666667
8920,candidate_2,candidate_1,candidate_3,3,0.04666666666666667
8921,candidate_2,candidate_1,candidate_3,3,0.04666666666666667
8922,candidate_2,candidate_1,candidate_3,3,0.04666666666666667
8923,candidate_2,candidate_1,candidate_3,3,0.04666666666666667
8924,candidate_2,candidate_1,candidate_3,3,0.04666666666666667
8925,candidate_2,candidate_1,candidate_3,3,0.04666666666666667
8926,candidate_2,candidate_1,candidate_3,3,0.04666666666666667
8927,candidate_2,candidate_1,candidate_3,3,0.04666666666666667
8928,candidate_2,candidate_1,candidate_3,3,0.04666666666666667
8929,candidate_2,candidate_1,candidate_3,3,0.04666666666666667
8930,candidate_2,candidate_1,candidate_3,3,0.04666666666666667
8931,candidate_2,candidate_1,candidate_3,3,0.04666666666666667
8932,candidate_2,candidate_1,candidate_3,3,0.04666666666666667
8933,candidate_2,candidate_1,candidate_3,3,0.04666666666666667
8934,candidate_2,candidate_1,candidate_3,3,0.04666666666666667
8935,candidate_2,candidate_1,candidate_3,3,0.04666666666666667
8936,candidate_2,candidate_1,candidate_3,3,0.04666666666666667
8937,candidate_2,candidate_1,candidate_3,3,0.04666666666666667
8938,candidate_2,candidate_1,candidate_3,3,0.04666666666666667
8939,candidate_2,candidate_1,candidate_3,3,0.04666666666666667
8940,candidate_2,candidate_1,candidate_3,3,0.04666666666666667
8941,candidate_2,candidate_1,candidate_3,3,0.04666666666666667
8942,candidate_2,candidate_1,candidate_3,3,0.04666666666666667
8943,candidate_2,candidate_1,candidate_3,3,0.04666666666666667
8944,candidate_2,candidate_1,candidate_3,3,0.04666666666666667
8945,candidate_2,candidate_1,candidate_3,3,0.04666666666666667
8946,candidate_2,candidate_1,candidate_3,3,0.04666666666666667
8947,candidate_2,candidate_1,candidate_3,3,0.04666666666666667
8948,candidate_2,candidate_1,candidate_3,3,0.04666666666666667
8949,candidate_2,candidate_1,candidate_3,3,0.04666666666666667
8950,candidate_2,candidate_1,candidate_3,3,0.04666666666666667
8951,candidate_2,candidate_1,candidate_3,3,0.04666666666666667
8952,candidate_2,candidate_1,candidate_3,3,0.04666666666666667
8953,candidate_2,candidate_1,candidate_3,3,0.04666666666666667
8954,candidate_2,candidate_1,candidate_3,3,0.04666666666666667
8955,candidate_2,candidate_1,candidate_3,3,0.04666666666666667
8956,candidate_2,candidate_1,candidate_3,3,0.04666666666666667
8957,candidate_2,candidate_1,candidate_3,3,0.04666666666666667
8958,candidate_2,candidate_1,candidate_3,3,0.04666666666666667
8959,candidate_2,candidate_1,candidate_3,3,0.04666666666666667
8960,candidate_2,candidate_1,candidate_3,3,0.04666666666666667
8961,candidate_2,candidate_1,candidate_3,3,0.04666666666666667
8962,candidate_2,candidate_1,candidate_3,3,0.04666666666666667
8963,candidate_2,candidate_1,candidate_3,3,0.04666666666666667
8964,candidate_2,candidate_1,candidate_3,3,0.04666666666666667
8965,candidate_2,candidate_1,candidate_3,3,0.04666666666666667
8966,candidate_2,candidate_1,candidate_3,3,0.04666666666666667
8967,candidate_2,0,candidate_3,3,0.04666666666666667
8968,candidate_2,candidate_1,candidate_3,3,0.04666666666666667
8969,candidate_2,candidate_1,0,3,0.04666666666666667
8970,candidate_2,candidate_1,candidate_3,3,0.04666666666666667
8971,candidate_2,0,candidate_3,3,0.04666666666666667
8972,candidate_2,candidate_1,candidate_3,3,0.04666666666666667
8973,candidate_2,candidate_1,candidate_3,3,0.04666666666666667
8974,candidate_2,candidate_1,candidate_3,3,0.04666666666666667
8975,candidate_2,candidate_1,candidate_3,3,0.04666666666666667
8976,candidate_2,candidate_1,candidate_3,3,0.04666666666666667
8977,candidate_2,candidate_1,candidate_3,3,0.04666666666666667
8978,candidate_2,candidate_1,candidate_3,3,0.04666666666666667
8979,candidate_2,candidate_1,candidate_3,3,0.04666666666666667
8980,candidate_2,0,candidate_3,3,0.04666666666666667
8981,candidate_2,candidate_1,candidate_3,3,0.04666666666666667
8982,candidate_2,candidate_1,candidate_3,3,0.04666666666666667
8983,candidate_2,candidate_1,candidate_3,3,0.04666666666666667
8984,candidate_2,candidate_1,candidate_3,3,0.04666666666666667
8985,candidate_2,candidate_1,candidate_3,3,0.04666666666666667
8986,candidate_2,candidate_1,candidate_3,3,0.04666666666666667
8987,candidate_2,candidate_1,candidate_3,3,0.04666666666666667
8988,candidate_2,candidate_1,candidate_3,3,0.04666666666666667
8989,candidate_2,candidate_1,candidate_3,3,0.04666666666666667
8990,candidate_2,0,candidate_3,3,0.04666666666666667
8991,candidate_2,0,candidate_3,3,0.04666666666666667
8992,candidate_2,candidate_1,candidate_3,3,0.04666666666666667
8993,candidate_2,candidate_1,candidate_3,3,0.04666666666666667
8994,candidate_2,candidate_1,candidate_3,3,0.04666666666666667
8995,candidate_2,candidate_1,candidate_3,3,0.04666666666666667
8996,candidate_2,candidate_1,candidate_3,3,0.04666666666666667
8997,candidate_2,0,candidate_3,3,0.04666666666666667
8998,candidate_2,candidate_1,candidate_3,3,0.04666666666666667
8999,candidate_2,candidate_1,candidate_3,3,0.04666666666666667
9000,candidate_2,candidate_1,candidate_3,3,0.04666666666666667
9001,candidate_2,candidate_1,candidate_3,3,0.04666666666666667
9002,0,candidate_1,candidate_3,3,0.04666666666666667
9003,candidate_2,candidate_1,candidate_3,3,0.04666666666666667
9004,candidate_2,candidate_1,candidate_3,3,0.04666666666666667
9005,candidate_2,candidate_1,candidate_3,3,0.04666666666666667
9006,candidate_2,candidate_1,candidate_3,3,0.04666666666666667
9007,candidate_2,candidate_1,candidate_3,3,0.04666666666666667
9008,candidate_2,candidate_1,candidate_3,3,0.04666666666666667
9009,candidate_2,candidate_1,candidate_3,3,0.04666666666666667
9010,candidate_2,candidate_1,candidate_3,3,0.04666666666666667
9011,candidate_2,candidate_1,candidate_3,3,0.04666666666666667
9012,candidate_2,candidate_1,candidate_3,3,0.04666666666666667
9013,candidate_2,candidate_1,candidate_3,3,0.04666666666666667
9014,candidate_2,candidate_1,candidate_3,3,0.04666666666666667
9015,candidate_2,candidate_1,candidate_3,3,0.04666666666666667
9016,candidate_2,candidate_1,candidate_3,3,0.04666666666666667
9017,candidate_2,candidate_1,candidate_3,3,0.04666666666666667
9018,candidate_2,candidate_1,candidate_3,3,0.04666666666666667
9019,candidate_2,candidate_1,candidate_3,3,0.04666666666666667
9020,candidate_2,candidate_1,candidate_3,3,0.04666666666666667
9021,candidate_2,candidate_1,candidate_3,3,0.04666666666666667
9022,candidate_2,candidate_1,candidate_3,3,0.04666666666666667
9023,candidate_2,candidate_1,candidate_3,3,0.04666666666666667
9024,candidate_2,candidate_1,candidate_3,3,0.04666666666666667
9025,candidate_2,0,candidate_3,3,0.04666666666666667
9026,candidate_2,candidate_1,candidate_3,3,0.04666666666666667
9027,candidate_2,candidate_1,candidate_3,3,0.04666666666666667
9028,candidate_2,candidate_1,candidate_3,3,0.04666666666666667
9029,candidate_2,candidate_1,candidate_3,3,0.04666666666666667
9030,candidate_2,candidate_1,candidate_3,3,0.04666666666666667
9031,candidate_2,candidate_1,candidate_3,3,0.04666666666666667
9032,candidate_2,candidate_1,candidate_3,3,0.04666666666666667
9033,candidate_2,candidate_1,candidate_3,3,0.04666666666666667
9034,candidate_2,candidate_1,candidate_3,3,0.04666666666666667
9035,candidate_2,candidate_1,candidate_3,3,0.04666666666666667
9036,candidate_2,candidate_1,candidate_3,3,0.04666666666666667
9037,candidate_2,candidate_1,candidate_3,3,0.04666666666666667
9038,candidate_2,candidate_1,candidate_3,3,0.04666666666666667
9039,candidate_2,candidate_1,candidate_3,3,0.04666666666666667
9040,candidate_2,candidate_1,candidate_3,3,0.04666666666666667
9041,candidate_2,candidate_1,0,3,0.04666666666666667
9042,candidate_2,candidate_1,candidate_3,3,0.04666666666666667
9043,candidate_2,candidate_1,candidate_3,3,0.04666666666666667
9044,candidate_2,candidate_1,candidate_3,3,0.04666666666666667
9045,candidate_2,candidate_1,candidate_3,3,0.04666666666666667
9046,candidate_2,candidate_1,candidate_3,3,0.04666666666666667
9047,candidate_2,candidate_1,candidate_3,3,0.04666666666666667
9048,candidate_2,candidate_1,candidate_3,3,0.04666666666666667
9049,candidate_2,candidate_1,candidate_3,3,0.04666666666666667
9050,candidate_2,candidate_1,candidate_3,3,0.04666666666666667
9051,candidate_2,candidate_1,candidate_3,3,0.04666666666666667
9052,candidate_2,candidate_1,candidate_3,3,0.04666666666666667
9053,candidate_2,candidate_1,candidate_3,3,0.04666666666666667
9054,candidate_2,candidate_1,candidate_3,3,0.04666666666666667
9055,candidate_2,candidate_1,candidate_3,3,0.04666666666666667
9056,candidate_2,candidate_1,candidate_3,3,0.04666666666666667
9057,candidate_2,candidate_1,candidate_3,3,0.04666666666666667
9058,candidate_2,candidate_1,candidate_3,3,0.04666666666666667
9059,candidate_2,candidate_1,candidate_3,3,0.04666666666666667
9060,candidate_2,candidate_1,candidate_3,3,0.04666666666666667
9061,candidate_2,candidate_1,candidate_3,3,0.04666666666666667
9062,candidate_2,candidate_1,candidate_3,3,0.04666666666666667
9063,candidate_2,candidate_1,candidate_3,3,0.04666666666666667
9064,candidate_2,candidate_1,candidate_3,3,0.04666666666666667
9065,candidate_2,candidate_1,candidate_3,3,0.04666666666666667
9066,candidate_2,candidate_1,candidate_3,3,0.04666666666666667
9067,candidate_2,candidate_1,candidate_3,3,0.04666666666666667
9068,candidate_2,candidate_1,candidate_3,3,0.04666666666666667
9069,candidate_2,candidate_1,candidate_3,3,0.04666666666666667
9070,candidate_2,0,candidate_3,3,0.04666666666666667
9071,candidate_2,candidate_1,candidate_3,3,0.04666666666666667
9072,candidate_2,candidate_1,candidate_3,3,0.04666666666666667
9073,candidate_2,candidate_1,0,3,0.04666666666666667
9074,candidate_2,0,0,3,0.04666666666666667
9075,candidate_2,candidate_1,candidate_3,3,0.04666666666666667
9076,candidate_2,candidate_1,candidate_3,3,0.04666666666666667
9077,candidate_2,candidate_1,candidate_3,3,0.04666666666666667
9078,candidate_2,candidate_1,candidate_3,3,0.04666666666666667
9079,candidate_2,0,candidate_3,3,0.04666666666666667
9080,candidate_2,candidate_1,candidate_3,3,0.04666666666666667
9081,candidate_2,candidate_1,candidate_3,3,0.04666666666666667
9082,candidate_2,candidate_1,candidate_3,3,0.04666666666666667
9083,candidate_2,candidate_1,candidate_3,3,0.04666666666666667
9084,candidate_2,candidate_1,candidate_3,3,0.04666666666666667
9085,candidate_2,candidate_1,candidate_3,3,0.04666666666666667
9086,candidate_2,candidate_1,candidate_3,3,0.04666666666666667
9087,candidate_2,candidate_1,candidate_3,3,0.04666666666666667
9088,candidate_2,candidate_1,candidate_3,3,0.04666666666666667
9089,candidate_2,candidate_1,candidate_3,3,0.04666666666666667
9090,candidate_2,candidate_1,candidate_3,3,0.04666666666666667
9091,candidate_2,candidate_1,candidate_3,3,0.04666666666666667
9092,candidate_2,candidate_1,candidate_3,3,0.04666666666666667
9093,candidate_2,candidate_1,candidate_3,3,0.04666666666666667
9094,candidate_2,candidate_1,candidate_3,3,0.04666666666666667
9095,candidate_2,candidate_1,candidate_3,3,0.04666666666666667
9096,candidate_2,candidate_1,candidate_3,3,0.04666666666666667
9097,candidate_2,candidate_1,candidate_3,3,0.04666666666666667
9098,candidate_2,candidate_1,candidate_3,3,0.04666666666666667
9099,candidate_2,candidate_1,candidate_3,3,0.04666666666666667
9100,candidate_2,candidate_1,candidate_3,3,0.04666666666666667
9101,candidate_2,candidate_1,candidate_3,3,0.04666666666666667
9102,candidate_2,candidate_1,candidate_3,3,0.04666666666666667
9103,candidate_2,candidate_1,candidate_3,3,0.04666666666666667
9104,candidate_2,candidate_1,candidate_3,3,0.04666666666666667
9105,candidate_2,candidate_1,candidate_3,3,0.04666666666666667
9106,candidate_2,candidate_1,candidate_3,3,0.04666666666666667
9107,candidate_2,candidate_1,candidate_3,3,0.04666666666666667
9108,candidate_2,candidate_1,candidate_3,3,0.04666666666666667
9109,candidate_2,candidate_1,candidate_3,3,0.04666666666666667
9110,candidate_2,candidate_1,candidate_3,3,0.04666666666666667
9111,candidate_2,candidate_1,candidate_3,3,0.04666666666666667
9112,candidate_2,candidate_1,candidate_3,3,0.04666666666666667
9113,candidate_2,candidate_1,candidate_3,3,0.04666666666666667
9114,candidate_2,candidate_1,candidate_3,3,0.04666666666666667
9115,0,0,candidate_3,3,0.04666666666666667
9116,0,candidate_1,candidate_3,3,0.04666666666666667
9117,candidate_2,candidate_1,candidate_3,3,0.04666666666666667
9118,candidate_2,candidate_1,candidate_3,3,0.04666666666666667
9119,candidate_2,candidate_1,candidate_3,3,0.04666666666666667
9120,candidate_2,candidate_1,candidate_3,3,0.04666666666666667
9121,candidate_2,candidate_1,candidate_3,3,0.04666666666666667
9122,candidate_2,candidate_1,candidate_3,3,0.04666666666666667
9123,candidate_2,candidate_1,candidate_3,3,0.04666666666666667
9124,candidate_2,candidate_1,candidate_3,3,0.04666666666666667
9125,candidate_2,0,candidate_3,3,0.04666666666666667
9126,candidate_2,candidate_1,candidate_3,3,0.04666666666666667
9127,candidate_2,candidate_1,candidate_3,3,0.04666666666666667
9128,candidate_2,candidate_1,candidate_3,3,0.04666666666666667
9129,candidate_2,candidate_1,candidate_3,3,0.04666666666666667
9130,candidate_2,candidate_1,0,3,0.04666666666666667
9131,candidate_2,candidate_1,candidate_3,3,0.04666666666666667
9132,candidate_2,candidate_1,candidate_3,3,0.04666666666666667
9133,candidate_2,candidate_1,candidate_3,3,0.04666666666666667
9134,candidate_2,0,candidate_3,3,0.04666666666666667
9135,candidate_2,candidate_1,candidate_3,3,0.04666666666666667
9136,candidate_2,candidate_1,candidate_3,3,0.04666666666666667
9137,candidate_2,candidate_1,candidate_3,3,0.04666666666666667
9138,candidate_2,candidate_1,candidate_3,3,0.04666666666666667
9139,candidate_2,candidate_1,candidate_3,3,0.04666666666666667
9140,candidate_2,0,candidate_3,3,0.04666666666666667
9141,candidate_2,candidate_1,candidate_3,3,0.04666666666666667
9142,candidate_2,candidate_1,candidate_3,3,0.04666666666666667
9143,0,candidate_1,candidate_3,3,0.04666666666666667
9144,candidate_2,candidate_1,candidate_3,3,0.04666666666666667
9145,candidate_2,candidate_1,candidate_3,3,0.04666666666666667
9146,candidate_2,candidate_1,candidate_3,3,0.04666666666666667
9147,candidate_2,candidate_1,candidate_3,3,0.04666666666666667
9148,candidate_2,candidate_1,candidate_3,3,0.04666666666666667
9149,candidate_2,candidate_1,candidate_3,3,0.04666666666666667
9150,candidate_2,candidate_1,candidate_3,3,0.04666666666666667
9151,candidate_2,candidate_1,candidate_3,3,0.04666666666666667
9152,candidate_2,candidate_1,candidate_3,3,0.04666666666666667
9153,candidate_2,candidate_1,candidate_3,3,0.04666666666666667
9154,candidate_2,candidate_1,candidate_3,3,0.04666666666666667
9155,candidate_2,candidate_1,candidate_3,3,0.04666666666666667
9156,candidate_2,candidate_1,candidate_3,3,0.04666666666666667
9157,candidate_2,candidate_1,candidate_3,3,0.04666666666666667
9158,candidate_2,candidate_1,candidate_3,3,0.04666666666666667
9159,candidate_2,candidate_1,candidate_3,3,0.04666666666666667
9160,candidate_2,candidate_1,candidate_3,3,0.04666666666666667
9161,candidate_2,candidate_1,candidate_3,3,0.04666666666666667
9162,candidate_2,candidate_1,candidate_3,3,0.04666666666666667
9163,candidate_2,candidate_1,candidate_3,3,0.04666666666666667
9164,candidate_2,candidate_1,candidate_3,3,0.04666666666666667
9165,candidate_2,candidate_1,candidate_3,3,0.04666666666666667
9166,candidate_2,candidate_1,candidate_3,3,0.04666666666666667
9167,candidate_2,0,candidate_3,3,0.04666666666666667
9168,candidate_2,candidate_1,0,3,0.04666666666666667
9169,candidate_2,candidate_1,candidate_3,3,0.04666666666666667
9170,candidate_2,candidate_1,candidate_3,3,0.04666666666666667
9171,candidate_2,candidate_1,candidate_3,3,0.04666666666666667
9172,candidate_2,candidate_1,candidate_3,3,0.04666666666666667
9173,0,candidate_1,candidate_3,3,0.04666666666666667
9174,candidate_2,candidate_1,candidate_3,3,0.04666666666666667
9175,candidate_2,candidate_1,candidate_3,3,0.04666666666666667
9176,candidate_2,candidate_1,candidate_3,3,0.04666666666666667
9177,candidate_2,candidate_1,0,3,0.04666666666666667
9178,candidate_2,candidate_1,candidate_3,3,0.04666666666666667
9179,candidate_2,candidate_1,candidate_3,3,0.04666666666666667
9180,candidate_2,candidate_1,candidate_3,3,0.04666666666666667
9181,candidate_2,candidate_1,candidate_3,3,0.04666666666666667
9182,candidate_2,candidate_1,candidate_3,3,0.04666666666666667
9183,candidate_2,candidate_1,candidate_3,3,0.04666666666666667
9184,candidate_2,candidate_1,candidate_3,3,0.04666666666666667
9185,0,candidate_1,candidate_3,3,0.04666666666666667
9186,candidate_2,candidate_1,candidate_3,3,0.04666666666666667
9187,candidate_2,candidate_1,candidate_3,3,0.04666666666666667
9188,candidate_2,candidate_1,candidate_3,3,0.04666666666666667
9189,candidate_2,candidate_1,candidate_3,3,0.04666666666666667
9190,candidate_2,candidate_1,candidate_3,3,0.04666666666666667
9191,0,candidate_1,candidate_3,3,0.04666666666666667
9192,candidate_2,candidate_1,candidate_3,3,0.04666666666666667
9193,candidate_2,candidate_1,candidate_3,3,0.04666666666666667
9194,candidate_2,candidate_1,candidate_3,3,0.04666666666666667
9195,candidate_2,candidate_1,candidate_3,3,0.04666666666666667
9196,candidate_2,candidate_1,candidate_3,3,0.04666666666666667
9197,candidate_2,candidate_1,candidate_3,3,0.04666666666666667
9198,candidate_2,0,candidate_3,3,0.04666666666666667
9199,candidate_2,candidate_1,candidate_3,3,0.04666666666666667
9200,0,candidate_1,candidate_3,3,0.04666666666666667
9201,candidate_2,candidate_1,0,3,0.04666666666666667
9202,candidate_2,candidate_1,0,3,0.04666666666666667
9203,candidate_2,candidate_1,candidate_3,3,0.04666666666666667
9204,candidate_2,candidate_1,candidate_3,3,0.04666666666666667
9205,candidate_2,candidate_1,candidate_3,3,0.04666666666666667
9206,candidate_2,candidate_1,candidate_3,3,0.04666666666666667
9207,candidate_2,candidate_1,candidate_3,3,0.04666666666666667
9208,candidate_2,candidate_1,candidate_3,3,0.04666666666666667
9209,candidate_2,candidate_1,candidate_3,3,0.04666666666666667
9210,candidate_2,candidate_1,candidate_3,3,0.04666666666666667
9211,candidate_2,candidate_1,candidate_3,3,0.04666666666666667
9212,candidate_2,candidate_1,candidate_3,3,0.04666666666666667
9213,candidate_2,candidate_1,candidate_3,3,0.04666666666666667
9214,candidate_2,candidate_1,candidate_3,3,0.04666666666666667
9215,candidate_2,candidate_1,candidate_3,3,0.04666666666666667
9216,candidate_2,candidate_1,candidate_3,3,0.04666666666666667
9217,candidate_2,candidate_1,candidate_3,3,0.04666666666666667
9218,candidate_2,candidate_1,candidate_3,3,0.04666666666666667
9219,candidate_2,candidate_1,candidate_3,3,0.04666666666666667
9220,candidate_2,candidate_1,candidate_3,3,0.04666666666666667
9221,candidate_2,candidate_1,candidate_3,3,0.04666666666666667
9222,candidate_2,candidate_1,candidate_3,3,0.04666666666666667
9223,candidate_2,candidate_1,candidate_3,3,0.04666666666666667
9224,candidate_2,candidate_1,candidate_3,3,0.04666666666666667
9225,candidate_2,candidate_1,candidate_3,3,0.04666666666666667
9226,candidate_2,candidate_1,candidate_3,3,0.04666666666666667
9227,candidate_2,candidate_1,candidate_3,3,0.04666666666666667
9228,candidate_2,candidate_1,candidate_3,3,0.04666666666666667
9229,candidate_2,candidate_1,candidate_3,3,0.04666666666666667
9230,candidate_2,candidate_1,candidate_3,3,0.04666666666666667
9231,candidate_2,candidate_1,candidate_3,3,0.04666666666666667
9232,candidate_2,candidate_1,candidate_3,3,0.04666666666666667
9233,candidate_2,candidate_1,candidate_3,3,0.04666666666666667
9234,candidate_2,candidate_1,candidate_3,3,0.04666666666666667
9235,candidate_2,candidate_1,candidate_3,3,0.04666666666666667
9236,candidate_2,candidate_1,0,3,0.04666666666666667
9237,candidate_2,candidate_1,candidate_3,3,0.04666666666666667
9238,candidate_2,candidate_1,candidate_3,3,0.04666666666666667
9239,candidate_2,candidate_1,candidate_3,3,0.04666666666666667
9240,0,candidate_1,candidate_3,3,0.04666666666666667
9241,candidate_2,candidate_1,candidate_3,3,0.04666666666666667
9242,candidate_2,0,candidate_3,3,0.04666666666666667
9243,0,candidate_1,candidate_3,3,0.04666666666666667
9244,candidate_2,candidate_1,candidate_3,3,0.04666666666666667
9245,candidate_2,candidate_1,candidate_3,3,0.04666666666666667
9246,candidate_2,candidate_1,candidate_3,3,0.04666666666666667
9247,candidate_2,candidate_1,candidate_3,3,0.04666666666666667
9248,candidate_2,candidate_1,candidate_3,3,0.04666666666666667
9249,candidate_2,candidate_1,candidate_3,3,0.04666666666666667
9250,candidate_2,candidate_1,0,3,0.04666666666666667
9251,candidate_2,candidate_1,candidate_3,3,0.04666666666666667
9252,candidate_2,candidate_1,candidate_3,3,0.04666666666666667
9253,candidate_2,candidate_1,candidate_3,3,0.04666666666666667
9254,candidate_2,candidate_1,candidate_3,3,0.04666666666666667
9255,candidate_2,candidate_1,candidate_3,3,0.04666666666666667
9256,candidate_2,candidate_1,candidate_3,3,0.04666666666666667
9257,candidate_2,candidate_1,0,3,0.04666666666666667
9258,candidate_2,candidate_1,candidate_3,3,0.04666666666666667
9259,candidate_2,candidate_1,candidate_3,3,0.04666666666666667
9260,candidate_2,candidate_1,candidate_3,3,0.04666666666666667
9261,candidate_2,candidate_1,0,3,0.04666666666666667
9262,candidate_2,candidate_1,candidate_3,3,0.04666666666666667
9263,candidate_2,candidate_1,candidate_3,3,0.04666666666666667
9264,candidate_2,candidate_1,candidate_3,3,0.04666666666666667
9265,candidate_2,candidate_1,candidate_3,3,0.04666666666666667
9266,0,candidate_1,candidate_3,3,0.04666666666666667
9267,candidate_2,candidate_1,candidate_3,3,0.04666666666666667
9268,candidate_2,candidate_1,candidate_3,3,0.04666666666666667
9269,candidate_2,candidate_1,candidate_3,3,0.04666666666666667
9270,candidate_2,candidate_1,candidate_3,3,0.04666666666666667
9271,candidate_2,candidate_1,candidate_3,3,0.04666666666666667
9272,candidate_2,candidate_1,candidate_3,3,0.04666666666666667
9273,0,0,candidate_3,3,0.04666666666666667
9274,candidate_2,candidate_1,candidate_3,3,0.04666666666666667
9275,candidate_2,candidate_1,candidate_3,3,0.04666666666666667
9276,candidate_2,candidate_1,0,3,0.04666666666666667
9277,0,candidate_1,candidate_3,3,0.04666666666666667
9278,candidate_2,candidate_1,candidate_3,3,0.04666666666666667
9279,candidate_2,candidate_1,candidate_3,3,0.04666666666666667
9280,candidate_2,candidate_1,candidate_3,3,0.04666666666666667
9281,candidate_2,candidate_1,candidate_3,3,0.04666666666666667
9282,candidate_2,candidate_1,candidate_3,3,0.04666666666666667
9283,candidate_2,candidate_1,candidate_3,3,0.04666666666666667
9284,candidate_2,candidate_1,candidate_3,3,0.04666666666666667
9285,0,candidate_1,candidate_3,3,0.04666666666666667
9286,candidate_2,candidate_1,candidate_3,3,0.04666666666666667
9287,candidate_2,candidate_1,candidate_3,3,0.04666666666666667
9288,candidate_2,candidate_1,candidate_3,3,0.04666666666666667
9289,candidate_2,candidate_1,candidate_3,3,0.04666666666666667
9290,candidate_2,candidate_1,candidate_3,3,0.04666666666666667
9291,candidate_2,candidate_1,candidate_3,3,0.04666666666666667
9292,candidate_2,candidate_1,candidate_3,3,0.04666666666666667
9293,candidate_2,candidate_1,candidate_3,3,0.04666666666666667
9294,candidate_2,candidate_1,candidate_3,3,0.04666666666666667
9295,candidate_2,candidate_1,candidate_3,3,0.04666666666666667
9296,0,candidate_1,candidate_3,3,0.04666666666666667
9297,candidate_2,candidate_1,candidate_3,3,0.04666666666666667
9298,candidate_2,candidate_1,candidate_3,3,0.04666666666666667
9299,candidate_2,candidate_1,candidate_3,3,0.04666666666666667
9300,candidate_2,candidate_1,candidate_3,3,0.04666666666666667
9301,0,candidate_1,candidate_3,3,0.04666666666666667
9302,candidate_2,candidate_1,candidate_3,3,0.04666666666666667
9303,candidate_2,candidate_1,candidate_3,3,0.04666666666666667
9304,candidate_2,candidate_1,candidate_3,3,0.04666666666666667
9305,candidate_2,candidate_1,candidate_3,3,0.04666666666666667
9306,candidate_2,candidate_1,candidate_3,3,0.04666666666666667
9307,candidate_2,candidate_1,candidate_3,3,0.04666666666666667
9308,candidate_2,candidate_1,candidate_3,3,0.04666666666666667
9309,candidate_2,candidate_1,candidate_3,3,0.04666666666666667
9310,candidate_2,candidate_1,candidate_3,3,0.04666666666666667
9311,candidate_2,candidate_1,candidate_3,3,0.04666666666666667
9312,candidate_2,candidate_1,0,3,0.04666666666666667
9313,candidate_2,candidate_1,candidate_3,3,0.04666666666666667
9314,candidate_2,candidate_1,candidate_3,3,0.04666666666666667
9315,candidate_2,candidate_1,candidate_3,3,0.04666666666666667
9316,0,candidate_1,candidate_3,3,0.04666666666666667
9317,candidate_2,candidate_1,candidate_3,3,0.04666666666666667
9318,candidate_2,candidate_1,candidate_3,3,0.04666666666666667
9319,candidate_2,candidate_1,candidate_3,3,0.04666666666666667
9320,candidate_2,candidate_1,candidate_3,3,0.04666666666666667
9321,candidate_2,candidate_1,candidate_3,3,0.04666666666666667
9322,candidate_2,candidate_1,candidate_3,3,0.04666666666666667
9323,candidate_2,candidate_1,candidate_3,3,0.04666666666666667
9324,candidate_2,candidate_1,candidate_3,3,0.04666666666666667
9325,candidate_2,candidate_1,candidate_3,3,0.04666666666666667
9326,candidate_2,candidate_1,candidate_3,3,0.04666666666666667
9327,candidate_2,candidate_1,candidate_3,3,0.04666666666666667
9328,candidate_2,candidate_1,candidate_3,3,0.04666666666666667
9329,candidate_2,candidate_1,candidate_3,3,0.04666666666666667
9330,0,candidate_1,candidate_3,3,0.04666666666666667
9331,candidate_2,candidate_1,candidate_3,3,0.04666666666666667
9332,candidate_2,candidate_1,candidate_3,3,0.04666666666666667
9333,candidate_2,candidate_1,candidate_3,3,0.04666666666666667
9334,candidate_2,candidate_1,candidate_3,3,0.04666666666666667
9335,candidate_2,candidate_1,candidate_3,3,0.04666666666666667
9336,candidate_2,candidate_1,candidate_3,3,0.04666666666666667
9337,candidate_2,candidate_1,candidate_3,3,0.04666666666666667
9338,candidate_2,candidate_1,candidate_3,3,0.04666666666666667
9339,candidate_2,candidate_1,candidate_3,3,0.04666666666666667
9340,candidate_2,candidate_1,candidate_3,3,0.04666666666666667
9341,candidate_2,candidate_1,candidate_3,3,0.04666666666666667
9342,candidate_2,candidate_1,candidate_3,3,0.04666666666666667
9343,candidate_2,candidate_1,candidate_3,3,0.04666666666666667
9344,candidate_2,candidate_1,candidate_3,3,0.04666666666666667
9345,candidate_2,candidate_1,candidate_3,3,0.04666666666666667
9346,candidate_2,candidate_1,candidate_3,3,0.04666666666666667
9347,candidate_2,candidate_1,0,3,0.04666666666666667
9348,0,candidate_1,candidate_3,3,0.04666666666666667
9349,candidate_2,candidate_1,candidate_3,3,0.04666666666666667
9350,candidate_2,candidate_1,candidate_3,3,0.04666666666666667
9351,candidate_2,candidate_1,candidate_3,3,0.04666666666666667
9352,candidate_2,candidate_1,candidate_3,3,0.04666666666666667
9353,candidate_2,candidate_1,candidate_3,3,0.04666666666666667
9354,candidate_2,candidate_1,candidate_3,3,0.04666666666666667
9355,candidate_2,candidate_1,candidate_3,3,0.04666666666666667
9356,candidate_2,candidate_1,candidate_3,3,0.04666666666666667
9357,candidate_2,candidate_1,candidate_3,3,0.04666666666666667
9358,candidate_2,candidate_1,candidate_3,3,0.04666666666666667
9359,candidate_2,candidate_1,candidate_3,3,0.04666666666666667
9360,candidate_2,candidate_1,candidate_3,3,0.04666666666666667
9361,candidate_2,candidate_1,candidate_3,3,0.04666666666666667
9362,candidate_2,candidate_1,candidate_3,3,0.04666666666666667
9363,candidate_2,candidate_1,candidate_3,3,0.04666666666666667
9364,candidate_2,candidate_1,candidate_3,3,0.04666666666666667
9365,candidate_2,candidate_1,candidate_3,3,0.04666666666666667
9366,candidate_2,candidate_1,candidate_3,3,0.04666666666666667
9367,candidate_2,candidate_1,candidate_3,3,0.04666666666666667
9368,0,candidate_1,candidate_3,3,0.04666666666666667
9369,0,candidate_1,candidate_3,3,0.04666666666666667
9370,candidate_2,candidate_1,candidate_3,3,0.04666666666666667
9371,candidate_2,candidate_1,candidate_3,3,0.04666666666666667
9372,candidate_2,candidate_1,candidate_3,3,0.04666666666666667
9373,candidate_2,candidate_1,candidate_3,3,0.04666666666666667
9374,candidate_2,candidate_1,candidate_3,3,0.04666666666666667
9375,candidate_2,candidate_1,candidate_3,3,0.04666666666666667
9376,candidate_2,candidate_1,candidate_3,3,0.04666666666666667
9377,candidate_2,candidate_1,candidate_3,3,0.04666666666666667
9378,candidate_2,candidate_1,candidate_3,3,0.04666666666666667
9379,candidate_2,candidate_1,candidate_3,3,0.04666666666666667
9380,candidate_2,candidate_1,candidate_3,3,0.04666666666666667
9381,candidate_2,candidate_1,candidate_3,3,0.04666666666666667
9382,candidate_2,candidate_1,candidate_3,3,0.04666666666666667
9383,candidate_2,candidate_1,candidate_3,3,0.04666666666666667
9384,candidate_2,candidate_1,candidate_3,3,0.04666666666666667
9385,candidate_2,candidate_1,candidate_3,3,0.04666666666666667
9386,candidate_2,candidate_1,candidate_3,3,0.04666666666666667
9387,candidate_2,candidate_1,candidate_3,3,0.04666666666666667
9388,candidate_2,candidate_1,candidate_3,3,0.04666666666666667
9389,candidate_2,candidate_1,candidate_3,3,0.04666666666666667
9390,candidate_2,candidate_1,candidate_3,3,0.04666666666666667
9391,candidate_2,candidate_1,candidate_3,3,0.04666666666666667
9392,0,candidate_1,candidate_3,3,0.04666666666666667
9393,candidate_2,candidate_1,candidate_3,3,0.04666666666666667
9394,candidate_2,candidate_1,candidate_3,3,0.04666666666666667
9395,candidate_2,candidate_1,candidate_3,3,0.04666666666666667
9396,candidate_2,candidate_1,candidate_3,3,0.04666666666666667
9397,candidate_2,candidate_1,candidate_3,3,0.04666666666666667
9398,candidate_2,candidate_1,candidate_3,3,0.04666666666666667
9399,candidate_2,candidate_1,candidate_3,3,0.04666666666666667
9400,candidate_2,candidate_1,candidate_3,3,0.04666666666666667
9401,candidate_2,candidate_1,candidate_3,3,0.04666666666666667
9402,candidate_2,candidate_1,candidate_3,3,0.04666666666666667
9403,candidate_2,candidate_1,candidate_3,3,0.04666666666666667
9404,candidate_2,candidate_1,0,3,0.04666666666666667
9405,candidate_2,candidate_1,candidate_3,3,0.04666666666666667
9406,candidate_2,candidate_1,candidate_3,3,0.04666666666666667
9407,candidate_2,candidate_1,candidate_3,3,0.04666666666666667
9408,candidate_2,candidate_1,candidate_3,3,0.04666666666666667
9409,candidate_2,candidate_1,0,3,0.04666666666666667
9410,candidate_2,candidate_1,candidate_3,3,0.04666666666666667
9411,candidate_2,candidate_1,candidate_3,3,0.04666666666666667
9412,candidate_2,candidate_1,candidate_3,3,0.04666666666666667
9413,candidate_2,candidate_1,candidate_3,3,0.04666666666666667
9414,candidate_2,candidate_1,candidate_3,3,0.04666666666666667
9415,candidate_2,candidate_1,candidate_3,3,0.04666666666666667
9416,candidate_2,candidate_1,candidate_3,3,0.04666666666666667
9417,candidate_2,candidate_1,candidate_3,3,0.04666666666666667
9418,candidate_2,candidate_1,candidate_3,3,0.04666666666666667
9419,candidate_2,0,candidate_3,3,0.04666666666666667
9420,candidate_2,candidate_1,candidate_3,3,0.04666666666666667
9421,candidate_2,candidate_1,candidate_3,3,0.04666666666666667
9422,candidate_2,candidate_1,candidate_3,3,0.04666666666666667
9423,candidate_2,candidate_1,candidate_3,3,0.04666666666666667
9424,candidate_2,candidate_1,candidate_3,3,0.04666666666666667
9425,candidate_2,0,candidate_3,3,0.04666666666666667
9426,candidate_2,candidate_1,candidate_3,3,0.04666666666666667
9427,candidate_2,0,0,3,0.04666666666666667
9428,candidate_2,candidate_1,candidate_3,3,0.04666666666666667
9429,candidate_2,candidate_1,candidate_3,3,0.04666666666666667
9430,candidate_2,candidate_1,candidate_3,3,0.04666666666666667
9431,candidate_2,0,candidate_3,3,0.04666666666666667
9432,candidate_2,candidate_1,candidate_3,3,0.04666666666666667
9433,candidate_2,candidate_1,candidate_3,3,0.04666666666666667
9434,candidate_2,candidate_1,candidate_3,3,0.04666666666666667
9435,candidate_2,candidate_1,candidate_3,3,0.04666666666666667
9436,0,candidate_1,candidate_3,3,0.04666666666666667
9437,candidate_2,candidate_1,candidate_3,3,0.04666666666666667
9438,candidate_2,candidate_1,candidate_3,3,0.04666666666666667
9439,candidate_2,candidate_1,candidate_3,3,0.04666666666666667
9440,candidate_2,0,0,3,0.04666666666666667
9441,0,candidate_1,candidate_3,3,0.04666666666666667
9442,candidate_2,candidate_1,candidate_3,3,0.04666666666666667
9443,candidate_2,candidate_1,candidate_3,3,0.04666666666666667
9444,candidate_2,candidate_1,candidate_3,3,0.04666666666666667
9445,candidate_2,candidate_1,candidate_3,3,0.04666666666666667
9446,candidate_2,candidate_1,candidate_3,3,0.04666666666666667
9447,candidate_2,0,candidate_3,3,0.04666666666666667
9448,candidate_2,candidate_1,candidate_3,3,0.04666666666666667
9449,candidate_2,candidate_1,candidate_3,3,0.04666666666666667
9450,candidate_2,candidate_1,candidate_3,3,0.04666666666666667
9451,candidate_2,candidate_1,candidate_3,3,0.04666666666666667
9452,candidate_2,candidate_1,candidate_3,3,0.04666666666666667
9453,candidate_2,candidate_1,candidate_3,3,0.04666666666666667
9454,candidate_2,candidate_1,candidate_3,3,0.04666666666666667
9455,candidate_2,candidate_1,candidate_3,3,0.04666666666666667
9456,0,candidate_1,candidate_3,3,0.04666666666666667
9457,candidate_2,candidate_1,candidate_3,3,0.04666666666666667
9458,candidate_2,candidate_1,candidate_3,3,0.04666666666666667
9459,candidate_2,candidate_1,candidate_3,3,0.04666666666666667
9460,candidate_2,candidate_1,candidate_3,3,0.04666666666666667
9461,candidate_2,candidate_1,candidate_3,3,0.04666666666666667
9462,candidate_2,candidate_1,candidate_3,3,0.04666666666666667
9463,candidate_2,candidate_1,candidate_3,3,0.04666666666666667
9464,candidate_2,candidate_1,candidate_3,3,0.04666666666666667
9465,candidate_2,candidate_1,candidate_3,3,0.04666666666666667
9466,candidate_2,candidate_1,candidate_3,3,0.04666666666666667
9467,candidate_2,candidate_1,candidate_3,3,0.04666666666666667
9468,candidate_2,candidate_1,candidate_3,3,0.04666666666666667
9469,candidate_2,candidate_1,candidate_3,3,0.04666666666666667
9470,0,candidate_1,candidate_3,3,0.04666666666666667
9471,candidate_2,candidate_1,candidate_3,3,0.04666666666666667
9472,candidate_2,candidate_1,candidate_3,3,0.04666666666666667
9473,candidate_2,candidate_1,candidate_3,3,0.04666666666666667
9474,candidate_2,candidate_1,candidate_3,3,0.04666666666666667
9475,candidate_2,candidate_1,candidate_3,3,0.04666666666666667
9476,candidate_2,candidate_1,candidate_3,3,0.04666666666666667
9477,candidate_2,candidate_1,candidate_3,3,0.04666666666666667
9478,candidate_2,candidate_1,candidate_3,3,0.04666666666666667
9479,candidate_2,candidate_1,candidate_3,3,0.04666666666666667
9480,0,candidate_1,candidate_3,3,0.04666666666666667
9481,candidate_2,candidate_1,candidate_3,3,0.04666666666666667
9482,candidate_2,candidate_1,candidate_3,3,0.04666666666666667
9483,candidate_2,candidate_1,candidate_3,3,0.04666666666666667
9484,candidate_2,candidate_1,candidate_3,3,0.04666666666666667
9485,candidate_2,candidate_1,candidate_3,3,0.04666666666666667
9486,candidate_2,0,candidate_3,3,0.04666666666666667
9487,candidate_2,candidate_1,candidate_3,3,0.04666666666666667
9488,candidate_2,candidate_1,candidate_3,3,0.04666666666666667
9489,candidate_2,candidate_1,0,3,0.04666666666666667
9490,candidate_2,candidate_1,candidate_3,3,0.04666666666666667
9491,candidate_2,candidate_1,candidate_3,3,0.04666666666666667
9492,candidate_2,candidate_1,candidate_3,3,0.04666666666666667
9493,candidate_2,candidate_1,candidate_3,3,0.04666666666666667
9494,candidate_2,candidate_1,candidate_3,3,0.04666666666666667
9495,candidate_2,candidate_1,candidate_3,3,0.04666666666666667
9496,candidate_2,0,candidate_3,3,0.04666666666666667
9497,candidate_2,candidate_1,candidate_3,3,0.04666666666666667
9498,candidate_2,candidate_1,candidate_3,3,0.04666666666666667
9499,candidate_2,candidate_1,candidate_3,3,0.04666666666666667
9500,candidate_2,candidate_1,candidate_3,3,0.04666666666666667
9501,candidate_2,candidate_1,candidate_3,3,0.04666666666666667
9502,candidate_2,candidate_1,candidate_3,3,0.04666666666666667
9503,candidate_2,candidate_1,candidate_3,3,0.04666666666666667
9504,candidate_2,candidate_1,candidate_3,3,0.04666666666666667
9505,candidate_2,candidate_1,candidate_3,3,0.04666666666666667
9506,candidate_2,candidate_1,candidate_3,3,0.04666666666666667
9507,0,candidate_1,candidate_3,3,0.04666666666666667
9508,candidate_2,candidate_1,candidate_3,3,0.04666666666666667
9509,candidate_2,candidate_1,candidate_3,3,0.04666666666666667
9510,candidate_2,candidate_1,candidate_3,3,0.04666666666666667
9511,candidate_2,candidate_1,candidate_3,3,0.04666666666666667
9512,candidate_2,candidate_1,candidate_3,3,0.04666666666666667
9513,candidate_2,candidate_1,candidate_3,3,0.04666666666666667
9514,candidate_2,candidate_1,candidate_3,3,0.04666666666666667
9515,candidate_2,candidate_1,candidate_3,3,0.04666666666666667
9516,candidate_2,candidate_1,candidate_3,3,0.04666666666666667
9517,candidate_2,candidate_1,candidate_3,3,0.04666666666666667
9518,candidate_2,candidate_1,candidate_3,3,0.04666666666666667
9519,0,candidate_1,0,3,0.04666666666666667
9520,candidate_2,candidate_1,candidate_3,3,0.04666666666666667
9521,candidate_2,candidate_1,candidate_3,3,0.04666666666666667
9522,candidate_2,0,candidate_3,3,0.04666666666666667
9523,candidate_2,candidate_1,candidate_3,3,0.04666666666666667
9524,candidate_2,candidate_1,candidate_3,3,0.04666666666666667
9525,candidate_2,candidate_1,candidate_3,3,0.04666666666666667
9526,candidate_2,candidate_1,candidate_3,3,0.04666666666666667
9527,candidate_2,candidate_1,candidate_3,3,0.04666666666666667
9528,candidate_2,candidate_1,candidate_3,3,0.04666666666666667
9529,candidate_2,candidate_1,candidate_3,3,0.04666666666666667
9530,candidate_2,candidate_1,candidate_3,3,0.04666666666666667
9531,candidate_2,candidate_1,candidate_3,3,0.04666666666666667
9532,candidate_2,candidate_1,candidate_3,3,0.04666666666666667
9533,candidate_2,candidate_1,candidate_3,3,0.04666666666666667
9534,candidate_2,candidate_1,candidate_3,3,0.04666666666666667
9535,candidate_2,candidate_1,candidate_3,3,0.04666666666666667
9536,candidate_2,candidate_1,candidate_3,3,0.04666666666666667
9537,candidate_2,candidate_1,candidate_3,3,0.04666666666666667
9538,candidate_2,candidate_1,candidate_3,3,0.04666666666666667
9539,candidate_2,candidate_1,candidate_3,3,0.04666666666666667
9540,candidate_2,candidate_1,candidate_3,3,0.04666666666666667
9541,candidate_2,0,candidate_3,3,0.04666666666666667
9542,candidate_2,candidate_1,candidate_3,3,0.04666666666666667
9543,candidate_2,candidate_1,0,3,0.04666666666666667
9544,candidate_2,candidate_1,candidate_3,3,0.04666666666666667
9545,candidate_2,candidate_1,candidate_3,3,0.04666666666666667
9546,candidate_2,candidate_1,candidate_3,3,0.04666666666666667
9547,candidate_2,0,candidate_3,3,0.04666666666666667
9548,candidate_2,candidate_1,candidate_3,3,0.04666666666666667
9549,candidate_2,candidate_1,candidate_3,3,0.04666666666666667
9550,candidate_2,candidate_1,candidate_3,3,0.04666666666666667
9551,candidate_2,candidate_1,candidate_3,3,0.04666666666666667
9552,candidate_2,candidate_1,candidate_3,3,0.04666666666666667
9553,candidate_2,candidate_1,candidate_3,3,0.04666666666666667
9554,candidate_2,candidate_1,candidate_3,3,0.04666666666666667
9555,candidate_2,candidate_1,candidate_3,3,0.04666666666666667
9556,0,candidate_1,candidate_3,3,0.04666666666666667
9557,candidate_2,candidate_1,candidate_3,3,0.04666666666666667
9558,candidate_2,candidate_1,candidate_3,3,0.04666666666666667
9559,candidate_2,candidate_1,candidate_3,3,0.04666666666666667
9560,candidate_2,candidate_1,candidate_3,3,0.04666666666666667
9561,candidate_2,candidate_1,candidate_3,3,0.04666666666666667
9562,candidate_2,candidate_1,candidate_3,3,0.04666666666666667
9563,candidate_2,candidate_1,candidate_3,3,0.04666666666666667
9564,candidate_2,candidate_1,candidate_3,3,0.04666666666666667
9565,candidate_2,candidate_1,candidate_3,3,0.04666666666666667
9566,candidate_2,candidate_1,candidate_3,3,0.04666666666666667
9567,candidate_2,candidate_1,candidate_3,3,0.04666666666666667
9568,candidate_2,candidate_1,candidate_3,3,0.04666666666666667
9569,candidate_2,candidate_1,candidate_3,3,0.04666666666666667
9570,candidate_2,candidate_1,candidate_3,3,0.04666666666666667
9571,candidate_2,candidate_1,candidate_3,3,0.04666666666666667
9572,candidate_2,candidate_1,candidate_3,3,0.04666666666666667
9573,0,candidate_1,candidate_3,3,0.04666666666666667
9574,candidate_2,candidate_1,candidate_3,3,0.04666666666666667
9575,candidate_2,candidate_1,candidate_3,3,0.04666666666666667
9576,candidate_2,candidate_1,candidate_3,3,0.04666666666666667
9577,candidate_2,candidate_1,candidate_3,3,0.04666666666666667
9578,candidate_2,candidate_1,0,3,0.04666666666666667
9579,candidate_2,candidate_1,candidate_3,3,0.04666666666666667
9580,candidate_2,candidate_1,candidate_3,3,0.04666666666666667
9581,candidate_2,candidate_1,candidate_3,3,0.04666666666666667
9582,candidate_2,candidate_1,0,3,0.04666666666666667
9583,candidate_2,candidate_1,0,3,0.04666666666666667
9584,candidate_2,candidate_1,candidate_3,3,0.04666666666666667
9585,0,candidate_1,candidate_3,3,0.04666666666666667
9586,candidate_2,candidate_1,candidate_3,3,0.04666666666666667
9587,candidate_2,candidate_1,candidate_3,3,0.04666666666666667
9588,candidate_2,candidate_1,candidate_3,3,0.04666666666666667
9589,candidate_2,candidate_1,candidate_3,3,0.04666666666666667
9590,candidate_2,candidate_1,candidate_3,3,0.04666666666666667
9591,candidate_2,candidate_1,candidate_3,3,0.04666666666666667
9592,candidate_2,candidate_1,candidate_3,3,0.04666666666666667
9593,candidate_2,candidate_1,candidate_3,3,0.04666666666666667
9594,candidate_2,0,candidate_3,3,0.04666666666666667
9595,candidate_2,candidate_1,candidate_3,3,0.04666666666666667
9596,candidate_2,candidate_1,candidate_3,3,0.04666666666666667
9597,candidate_2,candidate_1,candidate_3,3,0.04666666666666667
9598,candidate_2,candidate_1,candidate_3,3,0.04666666666666667
9599,candidate_2,candidate_1,candidate_3,3,0.04666666666666667
9600,candidate_2,candidate_1,0,3,0.04666666666666667
9601,candidate_2,candidate_1,candidate_3,3,0.04666666666666667
9602,candidate_2,candidate_1,candidate_3,3,0.04666666666666667
9603,candidate_2,candidate_1,candidate_3,3,0.04666666666666667
9604,candidate_2,candidate_1,candidate_3,3,0.04666666666666667
9605,candidate_2,0,candidate_3,3,0.04666666666666667
9606,candidate_2,candidate_1,candidate_3,3,0.04666666666666667
9607,candidate_2,candidate_1,candidate_3,3,0.04666666666666667
9608,candidate_2,candidate_1,candidate_3,3,0.04666666666666667
9609,candidate_2,candidate_1,candidate_3,3,0.04666666666666667
9610,candidate_2,candidate_1,candidate_3,3,0.04666666666666667
9611,candidate_2,candidate_1,candidate_3,3,0.04666666666666667
9612,0,candidate_1,0,3,0.04666666666666667
9613,candidate_2,candidate_1,0,3,0.04666666666666667
9614,candidate_2,candidate_1,candidate_3,3,0.04666666666666667
9615,candidate_2,candidate_1,candidate_3,3,0.04666666666666667
9616,candidate_2,candidate_1,candidate_3,3,0.04666666666666667
9617,candidate_2,candidate_1,candidate_3,3,0.04666666666666667
9618,candidate_2,0,candidate_3,3,0.04666666666666667
9619,candidate_2,candidate_1,candidate_3,3,0.04666666666666667
9620,0,candidate_1,candidate_3,3,0.04666666666666667
9621,candidate_2,candidate_1,candidate_3,3,0.04666666666666667
9622,candidate_2,candidate_1,candidate_3,3,0.04666666666666667
9623,candidate_2,candidate_1,candidate_3,3,0.04666666666666667
9624,candidate_2,candidate_1,candidate_3,3,0.04666666666666667
9625,candidate_2,candidate_1,candidate_3,3,0.04666666666666667
9626,candidate_2,candidate_1,candidate_3,3,0.04666666666666667
9627,candidate_2,candidate_1,0,3,0.04666666666666667
9628,candidate_2,candidate_1,candidate_3,3,0.04666666666666667
9629,candidate_2,candidate_1,candidate_3,3,0.04666666666666667
9630,candidate_2,candidate_1,candidate_3,3,0.04666666666666667
9631,candidate_2,candidate_1,candidate_3,3,0.04666666666666667
9632,candidate_2,candidate_1,candidate_3,3,0.04666666666666667
9633,candidate_2,candidate_1,candidate_3,3,0.04666666666666667
9634,candidate_2,candidate_1,candidate_3,3,0.04666666666666667
9635,candidate_2,candidate_1,candidate_3,3,0.04666666666666667
9636,candidate_2,candidate_1,candidate_3,3,0.04666666666666667
9637,0,candidate_1,candidate_3,3,0.04666666666666667
9638,0,candidate_1,0,3,0.04666666666666667
9639,candidate_2,candidate_1,candidate_3,3,0.04666666666666667
9640,candidate_2,candidate_1,candidate_3,3,0.04666666666666667
9641,candidate_2,candidate_1,candidate_3,3,0.04666666666666667
9642,candidate_2,candidate_1,candidate_3,3,0.04666666666666667
9643,candidate_2,candidate_1,candidate_3,3,0.04666666666666667
9644,candidate_2,candidate_1,candidate_3,3,0.04666666666666667
9645,candidate_2,candidate_1,candidate_3,3,0.04666666666666667
9646,candidate_2,candidate_1,candidate_3,3,0.04666666666666667
9647,candidate_2,candidate_1,candidate_3,3,0.04666666666666667
9648,candidate_2,candidate_1,candidate_3,3,0.04666666666666667
9649,candidate_2,0,candidate_3,3,0.04666666666666667
9650,candidate_2,candidate_1,candidate_3,3,0.04666666666666667
9651,candidate_2,0,candidate_3,3,0.04666666666666667
9652,candidate_2,candidate_1,candidate_3,3,0.04666666666666667
9653,candidate_2,candidate_1,candidate_3,3,0.04666666666666667
9654,candidate_2,candidate_1,candidate_3,3,0.04666666666666667
9655,candidate_2,candidate_1,candidate_3,3,0.04666666666666667
0,candidate_2,candidate_3,candidate_1,3,0.04666666666666667
1,candidate_2,0,candidate_1,3,0.04666666666666667
2,0,candidate_3,candidate_1,3,0.04666666666666667
3,candidate_2,0,candidate_1,3,0.04666666666666667
4,candidate_2,candidate_3,candidate_1,3,0.04666666666666667
5,candidate_2,candidate_3,candidate_1,3,0.04666666666666667
6,candidate_2,candidate_3,candidate_1,3,0.04666666666666667
7,candidate_2,candidate_3,candidate_1,3,0.04666666666666667
8,candidate_2,candidate_3,candidate_1,3,0.04666666666666667
9,candidate_2,candidate_3,candidate_1,3,0.04666666666666667
10,candidate_2,candidate_3,candidate_1,3,0.04666666666666667
11,candidate_2,candidate_3,candidate_1,3,0.04666666666666667
12,candidate_2,candidate_3,candidate_1,3,0.04666666666666667
13,candidate_2,candidate_3,candidate_1,3,0.04666666666666667
14,candidate_2,candidate_3,candidate_1,3,0.04666666666666667
15,candidate_2,candidate_3,candidate_1,3,0.04666666666666667
16,candidate_2,candidate_3,candidate_1,3,0.04666666666666667
17,candidate_2,candidate_3,0,3,0.04666666666666667
18,candidate_2,candidate_3,candidate_1,3,0.04666666666666667
19,candidate_2,candidate_3,candidate_1,3,0.04666666666666667
20,candidate_2,candidate_3,candidate_1,3,0.04666666666666667
21,candidate_2,candidate_3,candidate_1,3,0.04666666666666667
22,candidate_2,candidate_3,candidate_1,3,0.04666666666666667
23,candidate_2,candidate_3,candidate_1,3,0.04666666666666667
24,candidate_2,candidate_3,candidate_1,3,0.04666666666666667
25,candidate_2,candidate_3,candidate_1,3,0.04666666666666667
26,candidate_2,candidate_3,candidate_1,3,0.04666666666666667
27,candidate_2,candidate_3,0,3,0.04666666666666667
28,candidate_2,candidate_3,candidate_1,3,0.04666666666666667
29,candidate_2,candidate_3,candidate_1,3,0.04666666666666667
30,candidate_2,candidate_3,candidate_1,3,0.04666666666666667
31,candidate_2,candidate_3,candidate_1,3,0.04666666666666667
32,candidate_2,candidate_3,candidate_1,3,0.04666666666666667
33,candidate_2,candidate_3,candidate_1,3,0.04666666666666667
34,candidate_2,candidate_3,candidate_1,3,0.04666666666666667
35,candidate_2,candidate_3,candidate_1,3,0.04666666666666667
36,candidate_2,candidate_3,candidate_1,3,0.04666666666666667
37,candidate_2,candidate_3,candidate_1,3,0.04666666666666667
38,candidate_2,candidate_3,candidate_1,3,0.04666666666666667
39,candidate_2,candidate_3,candidate_1,3,0.04666666666666667
40,candidate_2,candidate_3,candidate_1,3,0.04666666666666667
41,candidate_2,candidate_3,candidate_1,3,0.04666666666666667
42,candidate_2,candidate_3,candidate_1,3,0.04666666666666667
43,candidate_2,candidate_3,candidate_1,3,0.04666666666666667
44,candidate_2,candidate_3,candidate_1,3,0.04666666666666667
45,candidate_2,candidate_3,candidate_1,3,0.04666666666666667
46,candidate_2,candidate_3,0,3,0.04666666666666667
47,candidate_2,candidate_3,candidate_1,3,0.04666666666666667
48,candidate_2,candidate_3,candidate_1,3,0.04666666666666667
49,candidate_2,candidate_3,candidate_1,3,0.04666666666666667
50,candidate_2,candidate_3,candidate_1,3,0.04666666666666667
51,candidate_2,candidate_3,candidate_1,3,0.04666666666666667
52,candidate_2,candidate_3,candidate_1,3,0.04666666666666667
53,candidate_2,candidate_3,candidate_1,3,0.04666666666666667
54,candidate_2,0,candidate_1,3,0.04666666666666667
55,candidate_2,candidate_3,candidate_1,3,0.04666666666666667
56,candidate_2,candidate_3,candidate_1,3,0.04666666666666667
57,candidate_2,candidate_3,candidate_1,3,0.04666666666666667
58,candidate_2,candidate_3,candidate_1,3,0.04666666666666667
59,candidate_2,candidate_3,candidate_1,3,0.04666666666666667
60,candidate_2,candidate_3,candidate_1,3,0.04666666666666667
61,candidate_2,candidate_3,candidate_1,3,0.04666666666666667
62,candidate_2,candidate_3,candidate_1,3,0.04666666666666667
63,candidate_2,candidate_3,candidate_1,3,0.04666666666666667
64,candidate_2,candidate_3,candidate_1,3,0.04666666666666667
65,candidate_2,candidate_3,candidate_1,3,0.04666666666666667
66,candidate_2,candidate_3,candidate_1,3,0.04666666666666667
67,candidate_2,candidate_3,candidate_1,3,0.04666666666666667
68,candidate_2,candidate_3,candidate_1,3,0.04666666666666667
69,candidate_2,candidate_3,candidate_1,3,0.04666666666666667
70,candidate_2,candidate_3,candidate_1,3,0.04666666666666667
71,candidate_2,candidate_3,candidate_1,3,0.04666666666666667
72,candidate_2,candidate_3,candidate_1,3,0.04666666666666667
73,candidate_2,candidate_3,candidate_1,3,0.04666666666666667
74,candidate_2,candidate_3,candidate_1,3,0.04666666666666667
75,candidate_2,candidate_3,candidate_1,3,0.04666666666666667
76,candidate_2,candidate_3,candidate_1,3,0.04666666666666667
77,candidate_2,candidate_3,candidate_1,3,0.04666666666666667
78,candidate_2,candidate_3,candidate_1,3,0.04666666666666667
79,0,candidate_3,candidate_1,3,0.04666666666666667
80,candidate_2,candidate_3,candidate_1,3,0.04666666666666667
81,candidate_2,candidate_3,candidate_1,3,0.04666666666666667
82,candidate_2,candidate_3,candidate_1,3,0.04666666666666667
83,candidate_2,candidate_3,candidate_1,3,0.04666666666666667
84,candidate_2,candidate_3,candidate_1,3,0.04666666666666667
85,candidate_2,candidate_3,candidate_1,3,0.04666666666666667
86,candidate_2,candidate_3,candidate_1,3,0.04666666666666667
87,candidate_2,candidate_3,candidate_1,3,0.04666666666666667
88,candidate_2,candidate_3,candidate_1,3,0.04666666666666667
89,candidate_2,candidate_3,candidate_1,3,0.04666666666666667
90,candidate_2,candidate_3,candidate_1,3,0.04666666666666667
91,candidate_2,candidate_3,candidate_1,3,0.04666666666666667
92,candidate_2,candidate_3,candidate_1,3,0.04666666666666667
93,candidate_2,candidate_3,candidate_1,3,0.04666666666666667
94,candidate_2,candidate_3,candidate_1,3,0.04666666666666667
95,candidate_2,candidate_3,candidate_1,3,0.04666666666666667
96,candidate_2,candidate_3,candidate_1,3,0.04666666666666667
97,candidate_2,candidate_3,candidate_1,3,0.04666666666666667
98,candidate_2,candidate_3,candidate_1,3,0.04666666666666667
99,candidate_2,candidate_3,candidate_1,3,0.04666666666666667
100,candidate_2,candidate_3,candidate_1,3,0.04666666666666667
101,candidate_2,candidate_3,candidate_1,3,0.04666666666666667
102,candidate_2,candidate_3,candidate_1,3,0.04666666666666667
103,candidate_2,candidate_3,candidate_1,3,0.04666666666666667
104,candidate_2,candidate_3,0,3,0.04666666666666667
105,candidate_2,candidate_3,candidate_1,3,0.04666666666666667
106,candidate_2,candidate_3,candidate_1,3,0.04666666666666667
107,candidate_2,candidate_3,candidate_1,3,0.04666666666666667
108,candidate_2,candidate_3,candidate_1,3,0.04666666666666667
109,candidate_2,candidate_3,candidate_1,3,0.04666666666666667
110,candidate_2,candidate_3,candidate_1,3,0.04666666666666667
111,candidate_2,candidate_3,candidate_1,3,0.04666666666666667
112,candidate_2,candidate_3,candidate_1,3,0.04666666666666667
113,candidate_2,candidate_3,candidate_1,3,0.04666666666666667
114,candidate_2,candidate_3,candidate_1,3,0.04666666666666667
115,candidate_2,candidate_3,candidate_1,3,0.04666666666666667
116,candidate_2,candidate_3,candidate_1,3,0.04666666666666667
117,candidate_2,candidate_3,candidate_1,3,0.04666666666666667
118,candidate_2,candidate_3,candidate_1,3,0.04666666666666667
119,candidate_2,candidate_3,candidate_1,3,0.04666666666666667
120,candidate_2,candidate_3,candidate_1,3,0.04666666666666667
121,candidate_2,candidate_3,candidate_1,3,0.04666666666666667
122,candidate_2,candidate_3,candidate_1,3,0.04666666666666667
123,candidate_2,candidate_3,candidate_1,3,0.04666666666666667
124,candidate_2,candidate_3,candidate_1,3,0.04666666666666667
125,candidate_2,candidate_3,candidate_1,3,0.04666666666666667
126,candidate_2,candidate_3,candidate_1,3,0.04666666666666667
127,candidate_2,candidate_3,candidate_1,3,0.04666666666666667
128,candidate_2,candidate_3,candidate_1,3,0.04666666666666667
129,candidate_2,candidate_3,candidate_1,3,0.04666666666666667
130,candidate_2,0,candidate_1,3,0.04666666666666667
131,candidate_2,candidate_3,candidate_1,3,0.04666666666666667
132,candidate_2,candidate_3,candidate_1,3,0.04666666666666667
133,0,candidate_3,candidate_1,3,0.04666666666666667
134,candidate_2,candidate_3,candidate_1,3,0.04666666666666667
135,0,candidate_3,candidate_1,3,0.04666666666666667
136,candidate_2,candidate_3,candidate_1,3,0.04666666666666667
137,candidate_2,0,0,3,0.04666666666666667
138,candidate_2,candidate_3,candidate_1,3,0.04666666666666667
139,candidate_2,candidate_3,candidate_1,3,0.04666666666666667
140,candidate_2,candidate_3,candidate_1,3,0.04666666666666667
141,candidate_2,candidate_3,candidate_1,3,0.04666666666666667
142,candidate_2,candidate_3,candidate_1,3,0.04666666666666667
143,candidate_2,candidate_3,candidate_1,3,0.04666666666666667
144,candidate_2,candidate_3,candidate_1,3,0.04666666666666667
145,0,0,candidate_1,3,0.04666666666666667
146,candidate_2,candidate_3,candidate_1,3,0.04666666666666667
147,candidate_2,candidate_3,candidate_1,3,0.04666666666666667
148,candidate_2,candidate_3,candidate_1,3,0.04666666666666667
149,candidate_2,candidate_3,candidate_1,3,0.04666666666666667
150,candidate_2,candidate_3,candidate_1,3,0.04666666666666667
151,candidate_2,0,candidate_1,3,0.04666666666666667
152,candidate_2,candidate_3,candidate_1,3,0.04666666666666667
153,candidate_2,candidate_3,candidate_1,3,0.04666666666666667
154,candidate_2,candidate_3,candidate_1,3,0.04666666666666667
155,0,candidate_3,candidate_1,3,0.04666666666666667
156,candidate_2,candidate_3,candidate_1,3,0.04666666666666667
157,0,candidate_3,candidate_1,3,0.04666666666666667
158,candidate_2,candidate_3,candidate_1,3,0.04666666666666667
159,candidate_2,candidate_3,candidate_1,3,0.04666666666666667
160,candidate_2,candidate_3,candidate_1,3,0.04666666666666667
161,candidate_2,candidate_3,candidate_1,3,0.04666666666666667
162,candidate_2,candidate_3,candidate_1,3,0.04666666666666667
163,candidate_2,candidate_3,candidate_1,3,0.04666666666666667
164,candidate_2,candidate_3,candidate_1,3,0.04666666666666667
165,candidate_2,candidate_3,candidate_1,3,0.04666666666666667
166,candidate_2,candidate_3,candidate_1,3,0.04666666666666667
167,candidate_2,candidate_3,candidate_1,3,0.04666666666666667
168,candidate_2,candidate_3,candidate_1,3,0.04666666666666667
169,candidate_2,candidate_3,candidate_1,3,0.04666666666666667
170,candidate_2,candidate_3,candidate_1,3,0.04666666666666667
171,candidate_2,candidate_3,candidate_1,3,0.04666666666666667
172,candidate_2,0,candidate_1,3,0.04666666666666667
173,candidate_2,candidate_3,candidate_1,3,0.04666666666666667
174,candidate_2,candidate_3,candidate_1,3,0.04666666666666667
175,candidate_2,candidate_3,candidate_1,3,0.04666666666666667
176,candidate_2,candidate_3,candidate_1,3,0.04666666666666667
177,candidate_2,candidate_3,candidate_1,3,0.04666666666666667
178,candidate_2,candidate_3,candidate_1,3,0.04666666666666667
179,candidate_2,candidate_3,candidate_1,3,0.04666666666666667
180,candidate_2,candidate_3,candidate_1,3,0.04666666666666667
181,candidate_2,candidate_3,candidate_1,3,0.04666666666666667
182,candidate_2,candidate_3,candidate_1,3,0.04666666666666667
183,candidate_2,candidate_3,candidate_1,3,0.04666666666666667
184,candidate_2,candidate_3,candidate_1,3,0.04666666666666667
185,candidate_2,candidate_3,candidate_1,3,0.04666666666666667
186,candidate_2,candidate_3,candidate_1,3,0.04666666666666667
187,candidate_2,candidate_3,candidate_1,3,0.04666666666666667
188,candidate_2,0,candidate_1,3,0.04666666666666667
189,candidate_2,candidate_3,candidate_1,3,0.04666666666666667
190,candidate_2,candidate_3,candidate_1,3,0.04666666666666667
191,candidate_2,candidate_3,candidate_1,3,0.04666666666666667
192,candidate_2,candidate_3,candidate_1,3,0.04666666666666667
193,candidate_2,candidate_3,candidate_1,3,0.04666666666666667
194,candidate_2,candidate_3,candidate_1,3,0.04666666666666667
195,candidate_2,candidate_3,candidate_1,3,0.04666666666666667
196,candidate_2,candidate_3,candidate_1,3,0.04666666666666667
197,candidate_2,candidate_3,candidate_1,3,0.04666666666666667
198,candidate_2,candidate_3,candidate_1,3,0.04666666666666667
199,candidate_2,candidate_3,candidate_1,3,0.04666666666666667
200,candidate_2,candidate_3,candidate_1,3,0.04666666666666667
201,candidate_2,candidate_3,candidate_1,3,0.04666666666666667
202,candidate_2,candidate_3,candidate_1,3,0.04666666666666667
203,candidate_2,candidate_3,candidate_1,3,0.04666666666666667
204,0,candidate_3,candidate_1,3,0.04666666666666667
205,candidate_2,candidate_3,candidate_1,3,0.04666666666666667
206,candidate_2,candidate_3,candidate_1,3,0.04666666666666667
207,candidate_2,candidate_3,candidate_1,3,0.04666666666666667
208,candidate_2,candidate_3,candidate_1,3,0.04666666666666667
209,candidate_2,candidate_3,candidate_1,3,0.04666666666666667
210,candidate_2,candidate_3,candidate_1,3,0.04666666666666667
211,candidate_2,candidate_3,candidate_1,3,0.04666666666666667
212,candidate_2,candidate_3,candidate_1,3,0.04666666666666667
213,candidate_2,candidate_3,candidate_1,3,0.04666666666666667
214,candidate_2,candidate_3,candidate_1,3,0.04666666666666667
215,candidate_2,candidate_3,candidate_1,3,0.04666666666666667
216,candidate_2,candidate_3,candidate_1,3,0.04666666666666667
217,0,candidate_3,candidate_1,3,0.04666666666666667
218,candidate_2,candidate_3,candidate_1,3,0.04666666666666667
219,candidate_2,candidate_3,candidate_1,3,0.04666666666666667
220,candidate_2,candidate_3,candidate_1,3,0.04666666666666667
221,candidate_2,candidate_3,candidate_1,3,0.04666666666666667
222,candidate_2,candidate_3,candidate_1,3,0.04666666666666667
223,candidate_2,candidate_3,candidate_1,3,0.04666666666666667
224,candidate_2,candidate_3,candidate_1,3,0.04666666666666667
225,0,candidate_3,candidate_1,3,0.04666666666666667
226,candidate_2,candidate_3,candidate_1,3,0.04666666666666667
227,candidate_2,0,candidate_1,3,0.04666666666666667
228,candidate_2,0,candidate_1,3,0.04666666666666667
229,candidate_2,candidate_3,candidate_1,3,0.04666666666666667
230,candidate_2,candidate_3,candidate_1,3,0.04666666666666667
231,candidate_2,candidate_3,candidate_1,3,0.04666666666666667
232,candidate_2,candidate_3,candidate_1,3,0.04666666666666667
233,candidate_2,candidate_3,candidate_1,3,0.04666666666666667
234,0,candidate_3,candidate_1,3,0.04666666666666667
235,candidate_2,candidate_3,candidate_1,3,0.04666666666666667
236,candidate_2,candidate_3,candidate_1,3,0.04666666666666667
237,candidate_2,candidate_3,candidate_1,3,0.04666666666666667
238,candidate_2,candidate_3,candidate_1,3,0.04666666666666667
239,candidate_2,candidate_3,candidate_1,3,0.04666666666666667
240,candidate_2,candidate_3,candidate_1,3,0.04666666666666667
241,candidate_2,candidate_3,candidate_1,3,0.04666666666666667
242,candidate_2,candidate_3,candidate_1,3,0.04666666666666667
243,candidate_2,candidate_3,candidate_1,3,0.04666666666666667
244,candidate_2,candidate_3,candidate_1,3,0.04666666666666667
245,candidate_2,candidate_3,candidate_1,3,0.04666666666666667
246,candidate_2,candidate_3,candidate_1,3,0.04666666666666667
247,candidate_2,candidate_3,candidate_1,3,0.04666666666666667
248,candidate_2,candidate_3,candidate_1,3,0.04666666666666667
249,candidate_2,candidate_3,candidate_1,3,0.04666666666666667
250,candidate_2,candidate_3,candidate_1,3,0.04666666666666667
251,candidate_2,0,candidate_1,3,0.04666666666666667
252,candidate_2,candidate_3,candidate_1,3,0.04666666666666667
253,candidate_2,candidate_3,candidate_1,3,0.04666666666666667
254,candidate_2,candidate_3,candidate_1,3,0.04666666666666667
255,candidate_2,candidate_3,candidate_1,3,0.04666666666666667
256,candidate_2,candidate_3,candidate_1,3,0.04666666666666667
257,candidate_2,candidate_3,candidate_1,3,0.04666666666666667
258,candidate_2,candidate_3,candidate_1,3,0.04666666666666667
259,candidate_2,candidate_3,candidate_1,3,0.04666666666666667
260,candidate_2,candidate_3,candidate_1,3,0.04666666666666667
261,candidate_2,candidate_3,candidate_1,3,0.04666666666666667
262,candidate_2,candidate_3,candidate_1,3,0.04666666666666667
263,candidate_2,candidate_3,candidate_1,3,0.04666666666666667
264,candidate_2,candidate_3,candidate_1,3,0.04666666666666667
265,candidate_2,candidate_3,candidate_1,3,0.04666666666666667
266,candidate_2,candidate_3,candidate_1,3,0.04666666666666667
267,candidate_2,candidate_3,candidate_1,3,0.04666666666666667
268,candidate_2,candidate_3,candidate_1,3,0.04666666666666667
269,candidate_2,candidate_3,candidate_1,3,0.04666666666666667
270,candidate_2,candidate_3,candidate_1,3,0.04666666666666667
271,candidate_2,candidate_3,candidate_1,3,0.04666666666666667
272,candidate_2,candidate_3,0,3,0.04666666666666667
273,candidate_2,candidate_3,candidate_1,3,0.04666666666666667
274,candidate_2,candidate_3,candidate_1,3,0.04666666666666667
275,candidate_2,candidate_3,candidate_1,3,0.04666666666666667
276,candidate_2,candidate_3,candidate_1,3,0.04666666666666667
277,candidate_2,candidate_3,candidate_1,3,0.04666666666666667
278,candidate_2,candidate_3,candidate_1,3,0.04666666666666667
279,candidate_2,candidate_3,candidate_1,3,0.04666666666666667
280,candidate_2,candidate_3,candidate_1,3,0.04666666666666667
281,candidate_2,candidate_3,candidate_1,3,0.04666666666666667
282,candidate_2,candidate_3,candidate_1,3,0.04666666666666667
283,candidate_2,candidate_3,candidate_1,3,0.04666666666666667
284,candidate_2,candidate_3,candidate_1,3,0.04666666666666667
285,candidate_2,candidate_3,candidate_1,3,0.04666666666666667
286,candidate_2,candidate_3,candidate_1,3,0.04666666666666667
287,candidate_2,candidate_3,candidate_1,3,0.04666666666666667
288,candidate_2,candidate_3,candidate_1,3,0.04666666666666667
289,candidate_2,candidate_3,candidate_1,3,0.04666666666666667
290,candidate_2,candidate_3,candidate_1,3,0.04666666666666667
291,candidate_2,candidate_3,candidate_1,3,0.04666666666666667
292,candidate_2,candidate_3,candidate_1,3,0.04666666666666667
293,candidate_2,candidate_3,candidate_1,3,0.04666666666666667
294,candidate_2,candidate_3,candidate_1,3,0.04666666666666667
295,candidate_2,candidate_3,candidate_1,3,0.04666666666666667
296,candidate_2,candidate_3,candidate_1,3,0.04666666666666667
297,candidate_2,0,candidate_1,3,0.04666666666666667
298,candidate_2,candidate_3,candidate_1,3,0.04666666666666667
299,candidate_2,candidate_3,candidate_1,3,0.04666666666666667
300,candidate_2,0,candidate_1,3,0.04666666666666667
301,candidate_2,candidate_3,candidate_1,3,0.04666666666666667
302,candidate_2,candidate_3,candidate_1,3,0.04666666666666667
303,candidate_2,candidate_3,candidate_1,3,0.04666666666666667
304,candidate_2,candidate_3,candidate_1,3,0.04666666666666667
305,candidate_2,candidate_3,candidate_1,3,0.04666666666666667
306,candidate_2,candidate_3,0,3,0.04666666666666667
307,candidate_2,candidate_3,candidate_1,3,0.04666666666666667
308,candidate_2,candidate_3,candidate_1,3,0.04666666666666667
309,candidate_2,candidate_3,candidate_1,3,0.04666666666666667
310,candidate_2,candidate_3,candidate_1,3,0.04666666666666667
311,candidate_2,candidate_3,candidate_1,3,0.04666666666666667
312,candidate_2,candidate_3,candidate_1,3,0.04666666666666667
313,candidate_2,candidate_3,candidate_1,3,0.04666666666666667
314,candidate_2,candidate_3,candidate_1,3,0.04666666666666667
315,candidate_2,candidate_3,candidate_1,3,0.04666666666666667
316,candidate_2,candidate_3,candidate_1,3,0.04666666666666667
317,candidate_2,candidate_3,candidate_1,3,0.04666666666666667
318,candidate_2,candidate_3,candidate_1,3,0.04666666666666667
319,candidate_2,candidate_3,candidate_1,3,0.04666666666666667
320,candidate_2,candidate_3,candidate_1,3,0.04666666666666667
321,candidate_2,candidate_3,candidate_1,3,0.04666666666666667
322,candidate_2,candidate_3,candidate_1,3,0.04666666666666667
323,candidate_2,0,candidate_1,3,0.04666666666666667
324,candidate_2,candidate_3,candidate_1,3,0.04666666666666667
325,candidate_2,candidate_3,candidate_1,3,0.04666666666666667
326,candidate_2,candidate_3,candidate_1,3,0.04666666666666667
327,candidate_2,candidate_3,candidate_1,3,0.04666666666666667
328,candidate_2,candidate_3,candidate_1,3,0.04666666666666667
329,candidate_2,candidate_3,candidate_1,3,0.04666666666666667
330,candidate_2,candidate_3,candidate_1,3,0.04666666666666667
331,candidate_2,candidate_3,candidate_1,3,0.04666666666666667
332,candidate_2,candidate_3,candidate_1,3,0.04666666666666667
333,candidate_2,candidate_3,candidate_1,3,0.04666666666666667
334,candidate_2,candidate_3,candidate_1,3,0.04666666666666667
335,candidate_2,candidate_3,candidate_1,3,0.04666666666666667
336,candidate_2,candidate_3,candidate_1,3,0.04666666666666667
337,candidate_2,candidate_3,candidate_1,3,0.04666666666666667
338,candidate_2,candidate_3,candidate_1,3,0.04666666666666667
339,candidate_2,candidate_3,candidate_1,3,0.04666666666666667
340,candidate_2,candidate_3,0,3,0.04666666666666667
341,candidate_2,candidate_3,candidate_1,3,0.04666666666666667
342,candidate_2,candidate_3,0,3,0.04666666666666667
343,candidate_2,candidate_3,candidate_1,3,0.04666666666666667
344,candidate_2,candidate_3,candidate_1,3,0.04666666666666667
345,candidate_2,candidate_3,0,3,0.04666666666666667
346,candidate_2,candidate_3,candidate_1,3,0.04666666666666667
347,candidate_2,candidate_3,candidate_1,3,0.04666666666666667
348,candidate_2,candidate_3,candidate_1,3,0.04666666666666667
349,candidate_2,candidate_3,candidate_1,3,0.04666666666666667
350,candidate_2,candidate_3,candidate_1,3,0.04666666666666667
351,candidate_2,candidate_3,candidate_1,3,0.04666666666666667
352,candidate_2,candidate_3,0,3,0.04666666666666667
353,candidate_2,candidate_3,candidate_1,3,0.04666666666666667
354,candidate_2,candidate_3,candidate_1,3,0.04666666666666667
355,candidate_2,candidate_3,candidate_1,3,0.04666666666666667
356,candidate_2,candidate_3,candidate_1,3,0.04666666666666667
357,candidate_2,candidate_3,candidate_1,3,0.04666666666666667
358,candidate_2,candidate_3,candidate_1,3,0.04666666666666667
359,0,candidate_3,candidate_1,3,0.04666666666666667
360,candidate_2,candidate_3,candidate_1,3,0.04666666666666667
361,candidate_2,candidate_3,candidate_1,3,0.04666666666666667
362,candidate_2,candidate_3,candidate_1,3,0.04666666666666667
363,candidate_2,candidate_3,candidate_1,3,0.04666666666666667
364,candidate_2,candidate_3,candidate_1,3,0.04666666666666667
365,candidate_2,candidate_3,candidate_1,3,0.04666666666666667
366,candidate_2,candidate_3,candidate_1,3,0.04666666666666667
367,candidate_2,candidate_3,candidate_1,3,0.04666666666666667
368,candidate_2,candidate_3,candidate_1,3,0.04666666666666667
369,candidate_2,candidate_3,candidate_1,3,0.04666666666666667
370,candidate_2,candidate_3,candidate_1,3,0.04666666666666667
371,candidate_2,candidate_3,candidate_1,3,0.04666666666666667
372,candidate_2,candidate_3,candidate_1,3,0.04666666666666667
373,candidate_2,candidate_3,candidate_1,3,0.04666666666666667
374,candidate_2,candidate_3,candidate_1,3,0.04666666666666667
375,candidate_2,candidate_3,candidate_1,3,0.04666666666666667
376,candidate_2,candidate_3,candidate_1,3,0.04666666666666667
377,candidate_2,candidate_3,candidate_1,3,0.04666666666666667
378,candidate_2,candidate_3,candidate_1,3,0.04666666666666667
379,candidate_2,candidate_3,0,3,0.04666666666666667
380,candidate_2,candidate_3,candidate_1,3,0.04666666666666667
381,candidate_2,candidate_3,candidate_1,3,0.04666666666666667
382,candidate_2,candidate_3,candidate_1,3,0.04666666666666667
383,candidate_2,candidate_3,candidate_1,3,0.04666666666666667
384,candidate_2,candidate_3,candidate_1,3,0.04666666666666667
385,candidate_2,candidate_3,candidate_1,3,0.04666666666666667
386,candidate_2,candidate_3,candidate_1,3,0.04666666666666667
387,candidate_2,candidate_3,candidate_1,3,0.04666666666666667
388,candidate_2,candidate_3,candidate_1,3,0.04666666666666667
389,candidate_2,candidate_3,candidate_1,3,0.04666666666666667
390,candidate_2,candidate_3,candidate_1,3,0.04666666666666667
391,candidate_2,candidate_3,candidate_1,3,0.04666666666666667
392,candidate_2,candidate_3,candidate_1,3,0.04666666666666667
393,candidate_2,candidate_3,candidate_1,3,0.04666666666666667
394,candidate_2,candidate_3,candidate_1,3,0.04666666666666667
395,candidate_2,candidate_3,candidate_1,3,0.04666666666666667
396,candidate_2,candidate_3,0,3,0.04666666666666667
397,candidate_2,candidate_3,candidate_1,3,0.04666666666666667
398,candidate_2,candidate_3,candidate_1,3,0.04666666666666667
399,candidate_2,candidate_3,candidate_1,3,0.04666666666666667
400,candidate_2,candidate_3,candidate_1,3,0.04666666666666667
401,candidate_2,candidate_3,candidate_1,3,0.04666666666666667
402,candidate_2,candidate_3,0,3,0.04666666666666667
403,candidate_2,candidate_3,candidate_1,3,0.04666666666666667
404,candidate_2,candidate_3,candidate_1,3,0.04666666666666667
405,candidate_2,candidate_3,candidate_1,3,0.04666666666666667
406,candidate_2,candidate_3,candidate_1,3,0.04666666666666667
407,0,0,candidate_1,3,0.04666666666666667
408,candidate_2,candidate_3,candidate_1,3,0.04666666666666667
409,candidate_2,candidate_3,candidate_1,3,0.04666666666666667
410,candidate_2,candidate_3,candidate_1,3,0.04666666666666667
411,candidate_2,candidate_3,candidate_1,3,0.04666666666666667
412,candidate_2,candidate_3,candidate_1,3,0.04666666666666667
413,candidate_2,candidate_3,candidate_1,3,0.04666666666666667
414,candidate_2,candidate_3,candidate_1,3,0.04666666666666667
415,candidate_2,candidate_3,candidate_1,3,0.04666666666666667
416,candidate_2,candidate_3,candidate_1,3,0.04666666666666667
417,candidate_2,candidate_3,candidate_1,3,0.04666666666666667
418,candidate_2,candidate_3,candidate_1,3,0.04666666666666667
419,candidate_2,candidate_3,candidate_1,3,0.04666666666666667
420,candidate_2,candidate_3,candidate_1,3,0.04666666666666667
421,candidate_2,candidate_3,candidate_1,3,0.04666666666666667
422,candidate_2,candidate_3,candidate_1,3,0.04666666666666667
423,candidate_2,candidate_3,candidate_1,3,0.04666666666666667
424,candidate_2,candidate_3,candidate_1,3,0.04666666666666667
425,candidate_2,candidate_3,candidate_1,3,0.04666666666666667
426,candidate_2,0,candidate_1,3,0.04666666666666667
427,candidate_2,candidate_3,candidate_1,3,0.04666666666666667
428,candidate_2,candidate_3,candidate_1,3,0.04666666666666667
429,candidate_2,candidate_3,candidate_1,3,0.04666666666666667
430,candidate_2,candidate_3,candidate_1,3,0.04666666666666667
431,candidate_2,candidate_3,candidate_1,3,0.04666666666666667
432,candidate_2,candidate_3,candidate_1,3,0.04666666666666667
433,candidate_2,candidate_3,candidate_1,3,0.04666666666666667
434,candidate_2,candidate_3,candidate_1,3,0.04666666666666667
435,candidate_2,candidate_3,candidate_1,3,0.04666666666666667
436,candidate_2,candidate_3,candidate_1,3,0.04666666666666667
437,candidate_2,candidate_3,candidate_1,3,0.04666666666666667
438,candidate_2,candidate_3,candidate_1,3,0.04666666666666667
439,candidate_2,candidate_3,candidate_1,3,0.04666666666666667
440,candidate_2,candidate_3,candidate_1,3,0.04666666666666667
441,candidate_2,candidate_3,candidate_1,3,0.04666666666666667
442,candidate_2,candidate_3,candidate_1,3,0.04666666666666667
443,candidate_2,candidate_3,candidate_1,3,0.04666666666666667
444,candidate_2,candidate_3,candidate_1,3,0.04666666666666667
445,candidate_2,candidate_3,candidate_1,3,0.04666666666666667
446,candidate_2,candidate_3,candidate_1,3,0.04666666666666667
447,0,candidate_3,candidate_1,3,0.04666666666666667
448,0,candidate_3,candidate_1,3,0.04666666666666667
449,candidate_2,candidate_3,candidate_1,3,0.04666666666666667
450,candidate_2,candidate_3,candidate_1,3,0.04666666666666667
451,candidate_2,candidate_3,candidate_1,3,0.04666666666666667
452,candidate_2,candidate_3,candidate_1,3,0.04666666666666667
453,candidate_2,candidate_3,candidate_1,3,0.04666666666666667
454,candidate_2,candidate_3,candidate_1,3,0.04666666666666667
455,candidate_2,candidate_3,candidate_1,3,0.04666666666666667
456,candidate_2,candidate_3,candidate_1,3,0.04666666666666667
457,candidate_2,candidate_3,candidate_1,3,0.04666666666666667
458,candidate_2,candidate_3,candidate_1,3,0.04666666666666667
459,candidate_2,candidate_3,candidate_1,3,0.04666666666666667
460,candidate_2,candidate_3,candidate_1,3,0.04666666666666667
461,candidate_2,candidate_3,candidate_1,3,0.04666666666666667
462,candidate_2,candidate_3,candidate_1,3,0.04666666666666667
463,candidate_2,candidate_3,candidate_1,3,0.04666666666666667
464,candidate_2,candidate_3,candidate_1,3,0.04666666666666667
465,candidate_2,0,candidate_1,3,0.04666666666666667
466,candidate_2,candidate_3,candidate_1,3,0.04666666666666667
467,candidate_2,candidate_3,candidate_1,3,0.04666666666666667
468,candidate_2,candidate_3,candidate_1,3,0.04666666666666667
469,candidate_2,candidate_3,candidate_1,3,0.04666666666666667
470,candidate_2,candidate_3,candidate_1,3,0.04666666666666667
471,candidate_2,candidate_3,candidate_1,3,0.04666666666666667
472,candidate_2,candidate_3,candidate_1,3,0.04666666666666667
473,candidate_2,candidate_3,candidate_1,3,0.04666666666666667
474,candidate_2,candidate_3,candidate_1,3,0.04666666666666667
475,candidate_2,candidate_3,candidate_1,3,0.04666666666666667
476,candidate_2,candidate_3,candidate_1,3,0.04666666666666667
477,candidate_2,candidate_3,candidate_1,3,0.04666666666666667
478,candidate_2,candidate_3,candidate_1,3,0.04666666666666667
479,candidate_2,candidate_3,candidate_1,3,0.04666666666666667
480,candidate_2,candidate_3,candidate_1,3,0.04666666666666667
481,candidate_2,candidate_3,candidate_1,3,0.04666666666666667
482,candidate_2,candidate_3,candidate_1,3,0.04666666666666667
483,candidate_2,candidate_3,candidate_1,3,0.04666666666666667
484,candidate_2,candidate_3,candidate_1,3,0.04666666666666667
485,candidate_2,candidate_3,candidate_1,3,0.04666666666666667
486,candidate_2,candidate_3,candidate_1,3,0.04666666666666667
487,candidate_2,candidate_3,candidate_1,3,0.04666666666666667
488,candidate_2,candidate_3,candidate_1,3,0.04666666666666667
489,0,candidate_3,candidate_1,3,0.04666666666666667
490,candidate_2,candidate_3,candidate_1,3,0.04666666666666667
491,candidate_2,candidate_3,candidate_1,3,0.04666666666666667
492,candidate_2,candidate_3,candidate_1,3,0.04666666666666667
493,candidate_2,candidate_3,candidate_1,3,0.04666666666666667
494,candidate_2,candidate_3,candidate_1,3,0.04666666666666667
495,candidate_2,candidate_3,0,3,0.04666666666666667
496,candidate_2,candidate_3,0,3,0.04666666666666667
497,candidate_2,candidate_3,candidate_1,3,0.04666666666666667
498,candidate_2,candidate_3,candidate_1,3,0.04666666666666667
499,candidate_2,candidate_3,candidate_1,3,0.04666666666666667
500,candidate_2,candidate_3,candidate_1,3,0.04666666666666667
501,candidate_2,candidate_3,candidate_1,3,0.04666666666666667
502,candidate_2,candidate_3,candidate_1,3,0.04666666666666667
503,candidate_2,candidate_3,candidate_1,3,0.04666666666666667
504,candidate_2,candidate_3,candidate_1,3,0.04666666666666667
505,candidate_2,0,candidate_1,3,0.04666666666666667
506,0,0,candidate_1,3,0.04666666666666667
507,candidate_2,candidate_3,candidate_1,3,0.04666666666666667
508,candidate_2,candidate_3,candidate_1,3,0.04666666666666667
509,candidate_2,0,candidate_1,3,0.04666666666666667
510,candidate_2,candidate_3,candidate_1,3,0.04666666666666667
511,candidate_2,candidate_3,candidate_1,3,0.04666666666666667
512,candidate_2,candidate_3,candidate_1,3,0.04666666666666667
513,candidate_2,candidate_3,candidate_1,3,0.04666666666666667
514,0,0,candidate_1,3,0.04666666666666667
515,candidate_2,candidate_3,candidate_1,3,0.04666666666666667
516,candidate_2,candidate_3,candidate_1,3,0.04666666666666667
517,candidate_2,candidate_3,candidate_1,3,0.04666666666666667
518,candidate_2,candidate_3,candidate_1,3,0.04666666666666667
519,candidate_2,candidate_3,candidate_1,3,0.04666666666666667
520,candidate_2,candidate_3,candidate_1,3,0.04666666666666667
521,candidate_2,candidate_3,candidate_1,3,0.04666666666666667
522,candidate_2,candidate_3,candidate_1,3,0.04666666666666667
523,candidate_2,candidate_3,candidate_1,3,0.04666666666666667
524,candidate_2,candidate_3,candidate_1,3,0.04666666666666667
525,candidate_2,candidate_3,candidate_1,3,0.04666666666666667
526,candidate_2,0,candidate_1,3,0.04666666666666667
527,candidate_2,candidate_3,candidate_1,3,0.04666666666666667
528,candidate_2,candidate_3,0,3,0.04666666666666667
529,candidate_2,candidate_3,candidate_1,3,0.04666666666666667
530,candidate_2,candidate_3,candidate_1,3,0.04666666666666667
531,candidate_2,candidate_3,candidate_1,3,0.04666666666666667
532,candidate_2,candidate_3,candidate_1,3,0.04666666666666667
533,candidate_2,candidate_3,candidate_1,3,0.04666666666666667
534,candidate_2,candidate_3,candidate_1,3,0.04666666666666667
535,candidate_2,candidate_3,candidate_1,3,0.04666666666666667
536,candidate_2,candidate_3,0,3,0.04666666666666667
537,candidate_2,candidate_3,candidate_1,3,0.04666666666666667
538,candidate_2,candidate_3,candidate_1,3,0.04666666666666667
539,candidate_2,candidate_3,candidate_1,3,0.04666666666666667
540,candidate_2,candidate_3,candidate_1,3,0.04666666666666667
541,candidate_2,candidate_3,candidate_1,3,0.04666666666666667
542,candidate_2,candidate_3,candidate_1,3,0.04666666666666667
543,candidate_2,candidate_3,candidate_1,3,0.04666666666666667
544,0,candidate_3,candidate_1,3,0.04666666666666667
545,candidate_2,candidate_3,candidate_1,3,0.04666666666666667
546,candidate_2,candidate_3,candidate_1,3,0.04666666666666667
547,candidate_2,candidate_3,candidate_1,3,0.04666666666666667
548,candidate_2,candidate_3,candidate_1,3,0.04666666666666667
549,candidate_2,candidate_3,candidate_1,3,0.04666666666666667
550,candidate_2,candidate_3,candidate_1,3,0.04666666666666667
551,candidate_2,candidate_3,candidate_1,3,0.04666666666666667
552,candidate_2,candidate_3,candidate_1,3,0.04666666666666667
553,candidate_2,candidate_3,candidate_1,3,0.04666666666666667
554,candidate_2,candidate_3,candidate_1,3,0.04666666666666667
555,candidate_2,candidate_3,candidate_1,3,0.04666666666666667
556,candidate_2,candidate_3,candidate_1,3,0.04666666666666667
557,candidate_2,candidate_3,candidate_1,3,0.04666666666666667
558,candidate_2,candidate_3,candidate_1,3,0.04666666666666667
559,candidate_2,candidate_3,candidate_1,3,0.04666666666666667
560,candidate_2,candidate_3,candidate_1,3,0.04666666666666667
561,candidate_2,candidate_3,candidate_1,3,0.04666666666666667
562,candidate_2,candidate_3,candidate_1,3,0.04666666666666667
563,candidate_2,candidate_3,candidate_1,3,0.04666666666666667
564,candidate_2,candidate_3,candidate_1,3,0.04666666666666667
565,candidate_2,candidate_3,candidate_1,3,0.04666666666666667
566,candidate_2,candidate_3,candidate_1,3,0.04666666666666667
567,candidate_2,candidate_3,candidate_1,3,0.04666666666666667
568,candidate_2,candidate_3,candidate_1,3,0.04666666666666667
569,candidate_2,candidate_3,candidate_1,3,0.04666666666666667
570,candidate_2,candidate_3,candidate_1,3,0.04666666666666667
571,candidate_2,candidate_3,candidate_1,3,0.04666666666666667
572,candidate_2,candidate_3,candidate_1,3,0.04666666666666667
573,candidate_2,candidate_3,candidate_1,3,0.04666666666666667
574,candidate_2,candidate_3,candidate_1,3,0.04666666666666667
575,candidate_2,candidate_3,candidate_1,3,0.04666666666666667
576,candidate_2,candidate_3,candidate_1,3,0.04666666666666667
577,candidate_2,candidate_3,candidate_1,3,0.04666666666666667
578,candidate_2,candidate_3,candidate_1,3,0.04666666666666667
579,candidate_2,candidate_3,candidate_1,3,0.04666666666666667
580,candidate_2,candidate_3,candidate_1,3,0.04666666666666667
581,candidate_2,candidate_3,candidate_1,3,0.04666666666666667
582,candidate_2,candidate_3,candidate_1,3,0.04666666666666667
583,candidate_2,candidate_3,candidate_1,3,0.04666666666666667
584,candidate_2,candidate_3,candidate_1,3,0.04666666666666667
585,candidate_2,candidate_3,candidate_1,3,0.04666666666666667
586,candidate_2,candidate_3,candidate_1,3,0.04666666666666667
587,candidate_2,candidate_3,candidate_1,3,0.04666666666666667
588,0,candidate_3,candidate_1,3,0.04666666666666667
589,candidate_2,candidate_3,candidate_1,3,0.04666666666666667
590,candidate_2,candidate_3,candidate_1,3,0.04666666666666667
591,candidate_2,candidate_3,candidate_1,3,0.04666666666666667
592,candidate_2,candidate_3,0,3,0.04666666666666667
593,candidate_2,candidate_3,candidate_1,3,0.04666666666666667
594,candidate_2,candidate_3,candidate_1,3,0.04666666666666667
595,candidate_2,candidate_3,candidate_1,3,0.04666666666666667
596,candidate_2,candidate_3,candidate_1,3,0.04666666666666667
597,candidate_2,candidate_3,candidate_1,3,0.04666666666666667
598,candidate_2,candidate_3,candidate_1,3,0.04666666666666667
599,candidate_2,candidate_3,candidate_1,3,0.04666666666666667
600,candidate_2,candidate_3,candidate_1,3,0.04666666666666667
601,candidate_2,candidate_3,candidate_1,3,0.04666666666666667
602,candidate_2,candidate_3,candidate_1,3,0.04666666666666667
603,candidate_2,candidate_3,candidate_1,3,0.04666666666666667
604,candidate_2,candidate_3,candidate_1,3,0.04666666666666667
605,candidate_2,candidate_3,candidate_1,3,0.04666666666666667
606,candidate_2,candidate_3,candidate_1,3,0.04666666666666667
607,candidate_2,candidate_3,candidate_1,3,0.04666666666666667
608,candidate_2,candidate_3,candidate_1,3,0.04666666666666667
609,candidate_2,candidate_3,candidate_1,3,0.04666666666666667
610,candidate_2,candidate_3,candidate_1,3,0.04666666666666667
611,candidate_2,0,candidate_1,3,0.04666666666666667
612,candidate_2,candidate_3,candidate_1,3,0.04666666666666667
613,candidate_2,candidate_3,candidate_1,3,0.04666666666666667
614,candidate_2,candidate_3,candidate_1,3,0.04666666666666667
615,candidate_2,candidate_3,candidate_1,3,0.04666666666666667
616,candidate_2,candidate_3,candidate_1,3,0.04666666666666667
617,candidate_2,candidate_3,candidate_1,3,0.04666666666666667
618,candidate_2,candidate_3,candidate_1,3,0.04666666666666667
619,candidate_2,candidate_3,candidate_1,3,0.04666666666666667
620,candidate_2,candidate_3,candidate_1,3,0.04666666666666667
621,candidate_2,candidate_3,candidate_1,3,0.04666666666666667
622,candidate_2,candidate_3,candidate_1,3,0.04666666666666667
623,candidate_2,candidate_3,candidate_1,3,0.04666666666666667
624,candidate_2,candidate_3,candidate_1,3,0.04666666666666667
625,candidate_2,candidate_3,candidate_1,3,0.04666666666666667
626,candidate_2,candidate_3,candidate_1,3,0.04666666666666667
627,candidate_2,candidate_3,candidate_1,3,0.04666666666666667
628,candidate_2,candidate_3,candidate_1,3,0.04666666666666667
629,candidate_2,0,candidate_1,3,0.04666666666666667
630,candidate_2,candidate_3,candidate_1,3,0.04666666666666667
631,candidate_2,candidate_3,candidate_1,3,0.04666666666666667
632,candidate_2,candidate_3,candidate_1,3,0.04666666666666667
633,candidate_2,candidate_3,candidate_1,3,0.04666666666666667
634,candidate_2,candidate_3,candidate_1,3,0.04666666666666667
635,candidate_2,candidate_3,0,3,0.04666666666666667
636,0,candidate_3,candidate_1,3,0.04666666666666667
637,candidate_2,candidate_3,candidate_1,3,0.04666666666666667
638,candidate_2,candidate_3,candidate_1,3,0.04666666666666667
639,candidate_2,candidate_3,candidate_1,3,0.04666666666666667
640,candidate_2,candidate_3,0,3,0.04666666666666667
641,candidate_2,candidate_3,candidate_1,3,0.04666666666666667
642,candidate_2,candidate_3,0,3,0.04666666666666667
643,candidate_2,candidate_3,candidate_1,3,0.04666666666666667
644,candidate_2,candidate_3,candidate_1,3,0.04666666666666667
645,candidate_2,candidate_3,candidate_1,3,0.04666666666666667
646,candidate_2,candidate_3,candidate_1,3,0.04666666666666667
647,candidate_2,candidate_3,candidate_1,3,0.04666666666666667
648,candidate_2,candidate_3,candidate_1,3,0.04666666666666667
649,candidate_2,candidate_3,candidate_1,3,0.04666666666666667
650,candidate_2,candidate_3,candidate_1,3,0.04666666666666667
651,candidate_2,candidate_3,candidate_1,3,0.04666666666666667
652,candidate_2,candidate_3,candidate_1,3,0.04666666666666667
653,candidate_2,0,candidate_1,3,0.04666666666666667
654,candidate_2,candidate_3,0,3,0.04666666666666667
655,candidate_2,candidate_3,candidate_1,3,0.04666666666666667
656,candidate_2,candidate_3,0,3,0.04666666666666667
657,candidate_2,candidate_3,candidate_1,3,0.04666666666666667
658,candidate_2,candidate_3,candidate_1,3,0.04666666666666667
659,candidate_2,candidate_3,candidate_1,3,0.04666666666666667
660,0,candidate_3,candidate_1,3,0.04666666666666667
661,candidate_2,candidate_3,candidate_1,3,0.04666666666666667
662,candidate_2,candidate_3,candidate_1,3,0.04666666666666667
663,candidate_2,candidate_3,candidate_1,3,0.04666666666666667
664,candidate_2,candidate_3,0,3,0.04666666666666667
665,candidate_2,candidate_3,candidate_1,3,0.04666666666666667
666,candidate_2,candidate_3,candidate_1,3,0.04666666666666667
667,candidate_2,candidate_3,candidate_1,3,0.04666666666666667
668,candidate_2,candidate_3,candidate_1,3,0.04666666666666667
669,candidate_2,candidate_3,candidate_1,3,0.04666666666666667
670,candidate_2,candidate_3,0,3,0.04666666666666667
671,0,candidate_3,candidate_1,3,0.04666666666666667
672,candidate_2,candidate_3,candidate_1,3,0.04666666666666667
673,candidate_2,candidate_3,candidate_1,3,0.04666666666666667
674,candidate_2,candidate_3,candidate_1,3,0.04666666666666667
675,candidate_2,0,candidate_1,3,0.04666666666666667
676,candidate_2,0,candidate_1,3,0.04666666666666667
677,0,candidate_3,0,3,0.04666666666666667
678,candidate_2,candidate_3,candidate_1,3,0.04666666666666667
679,candidate_2,candidate_3,candidate_1,3,0.04666666666666667
680,candidate_2,candidate_3,candidate_1,3,0.04666666666666667
681,candidate_2,0,candidate_1,3,0.04666666666666667
682,candidate_2,candidate_3,candidate_1,3,0.04666666666666667
683,candidate_2,candidate_3,candidate_1,3,0.04666666666666667
684,0,candidate_3,candidate_1,3,0.04666666666666667
685,candidate_2,candidate_3,candidate_1,3,0.04666666666666667
686,candidate_2,candidate_3,candidate_1,3,0.04666666666666667
687,candidate_2,candidate_3,candidate_1,3,0.04666666666666667
688,candidate_2,candidate_3,candidate_1,3,0.04666666666666667
689,candidate_2,candidate_3,candidate_1,3,0.04666666666666667
690,candidate_2,candidate_3,candidate_1,3,0.04666666666666667
691,candidate_2,candidate_3,candidate_1,3,0.04666666666666667
692,candidate_2,candidate_3,candidate_1,3,0.04666666666666667
693,candidate_2,candidate_3,candidate_1,3,0.04666666666666667
694,candidate_2,candidate_3,candidate_1,3,0.04666666666666667
695,candidate_2,candidate_3,candidate_1,3,0.04666666666666667
696,candidate_2,candidate_3,candidate_1,3,0.04666666666666667
697,candidate_2,candidate_3,candidate_1,3,0.04666666666666667
698,candidate_2,candidate_3,candidate_1,3,0.04666666666666667
699,candidate_2,candidate_3,candidate_1,3,0.04666666666666667
700,candidate_2,candidate_3,candidate_1,3,0.04666666666666667
701,candidate_2,candidate_3,candidate_1,3,0.04666666666666667
702,candidate_2,candidate_3,candidate_1,3,0.04666666666666667
703,candidate_2,candidate_3,candidate_1,3,0.04666666666666667
704,candidate_2,candidate_3,0,3,0.04666666666666667
705,candidate_2,candidate_3,candidate_1,3,0.04666666666666667
706,candidate_2,candidate_3,candidate_1,3,0.04666666666666667
707,candidate_2,candidate_3,candidate_1,3,0.04666666666666667
708,candidate_2,candidate_3,0,3,0.04666666666666667
709,candidate_2,candidate_3,candidate_1,3,0.04666666666666667
710,0,candidate_3,candidate_1,3,0.04666666666666667
711,candidate_2,candidate_3,candidate_1,3,0.04666666666666667
712,candidate_2,candidate_3,candidate_1,3,0.04666666666666667
713,candidate_2,candidate_3,candidate_1,3,0.04666666666666667
714,candidate_2,candidate_3,candidate_1,3,0.04666666666666667
715,candidate_2,candidate_3,candidate_1,3,0.04666666666666667
716,candidate_2,candidate_3,candidate_1,3,0.04666666666666667
717,candidate_2,candidate_3,candidate_1,3,0.04666666666666667
718,candidate_2,candidate_3,candidate_1,3,0.04666666666666667
719,candidate_2,candidate_3,candidate_1,3,0.04666666666666667
720,candidate_2,candidate_3,candidate_1,3,0.04666666666666667
721,candidate_2,candidate_3,candidate_1,3,0.04666666666666667
722,candidate_2,candidate_3,0,3,0.04666666666666667
723,candidate_2,candidate_3,candidate_1,3,0.04666666666666667
724,candidate_2,candidate_3,candidate_1,3,0.04666666666666667
725,candidate_2,candidate_3,0,3,0.04666666666666667
726,0,candidate_3,candidate_1,3,0.04666666666666667
727,candidate_2,candidate_3,candidate_1,3,0.04666666666666667
728,candidate_2,candidate_3,candidate_1,3,0.04666666666666667
729,candidate_2,candidate_3,candidate_1,3,0.04666666666666667
730,candidate_2,candidate_3,candidate_1,3,0.04666666666666667
731,candidate_2,candidate_3,candidate_1,3,0.04666666666666667
732,candidate_2,candidate_3,candidate_1,3,0.04666666666666667
733,candidate_2,candidate_3,candidate_1,3,0.04666666666666667
734,candidate_2,candidate_3,candidate_1,3,0.04666666666666667
735,candidate_2,0,candidate_1,3,0.04666666666666667
736,candidate_2,candidate_3,candidate_1,3,0.04666666666666667
737,candidate_2,candidate_3,candidate_1,3,0.04666666666666667
738,candidate_2,candidate_3,candidate_1,3,0.04666666666666667
739,candidate_2,candidate_3,candidate_1,3,0.04666666666666667
740,candidate_2,candidate_3,candidate_1,3,0.04666666666666667
741,candidate_2,candidate_3,candidate_1,3,0.04666666666666667
742,candidate_2,candidate_3,candidate_1,3,0.04666666666666667
743,candidate_2,candidate_3,candidate_1,3,0.04666666666666667
744,candidate_2,candidate_3,candidate_1,3,0.04666666666666667
745,candidate_2,candidate_3,candidate_1,3,0.04666666666666667
746,candidate_2,candidate_3,candidate_1,3,0.04666666666666667
747,candidate_2,candidate_3,candidate_1,3,0.04666666666666667
748,candidate_2,candidate_3,candidate_1,3,0.04666666666666667
749,candidate_2,0,0,3,0.04666666666666667
750,candidate_2,candidate_3,candidate_1,3,0.04666666666666667
751,candidate_2,candidate_3,candidate_1,3,0.04666666666666667
752,candidate_2,candidate_3,candidate_1,3,0.04666666666666667
753,candidate_2,candidate_3,candidate_1,3,0.04666666666666667
754,candidate_2,candidate_3,candidate_1,3,0.04666666666666667
755,candidate_2,candidate_3,candidate_1,3,0.04666666666666667
756,candidate_2,candidate_3,candidate_1,3,0.04666666666666667
757,candidate_2,candidate_3,0,3,0.04666666666666667
758,candidate_2,candidate_3,candidate_1,3,0.04666666666666667
759,candidate_2,candidate_3,candidate_1,3,0.04666666666666667
760,candidate_2,candidate_3,candidate_1,3,0.04666666666666667
761,candidate_2,candidate_3,candidate_1,3,0.04666666666666667
762,candidate_2,candidate_3,candidate_1,3,0.04666666666666667
763,candidate_2,candidate_3,0,3,0.04666666666666667
764,candidate_2,candidate_3,candidate_1,3,0.04666666666666667
765,0,candidate_3,candidate_1,3,0.04666666666666667
766,candidate_2,candidate_3,candidate_1,3,0.04666666666666667
767,candidate_2,candidate_3,candidate_1,3,0.04666666666666667
768,candidate_2,candidate_3,candidate_1,3,0.04666666666666667
769,candidate_2,candidate_3,candidate_1,3,0.04666666666666667
770,candidate_2,candidate_3,candidate_1,3,0.04666666666666667
771,candidate_2,candidate_3,candidate_1,3,0.04666666666666667
772,candidate_2,candidate_3,candidate_1,3,0.04666666666666667
773,candidate_2,candidate_3,candidate_1,3,0.04666666666666667
774,candidate_2,candidate_3,candidate_1,3,0.04666666666666667
775,candidate_2,candidate_3,candidate_1,3,0.04666666666666667
776,candidate_2,candidate_3,candidate_1,3,0.04666666666666667
777,candidate_2,candidate_3,candidate_1,3,0.04666666666666667
778,candidate_2,candidate_3,0,3,0.04666666666666667
779,candidate_2,candidate_3,candidate_1,3,0.04666666666666667
780,candidate_2,candidate_3,candidate_1,3,0.04666666666666667
781,candidate_2,candidate_3,candidate_1,3,0.04666666666666667
782,candidate_2,candidate_3,candidate_1,3,0.04666666666666667
783,candidate_2,candidate_3,candidate_1,3,0.04666666666666667
784,candidate_2,candidate_3,candidate_1,3,0.04666666666666667
785,candidate_2,candidate_3,0,3,0.04666666666666667
786,candidate_2,candidate_3,candidate_1,3,0.04666666666666667
787,candidate_2,candidate_3,candidate_1,3,0.04666666666666667
788,candidate_2,candidate_3,candidate_1,3,0.04666666666666667
789,candidate_2,candidate_3,candidate_1,3,0.04666666666666667
790,candidate_2,candidate_3,candidate_1,3,0.04666666666666667
791,candidate_2,candidate_3,candidate_1,3,0.04666666666666667
792,candidate_2,candidate_3,candidate_1,3,0.04666666666666667
793,candidate_2,candidate_3,candidate_1,3,0.04666666666666667
794,candidate_2,candidate_3,candidate_1,3,0.04666666666666667
795,candidate_2,candidate_3,candidate_1,3,0.04666666666666667
796,candidate_2,candidate_3,candidate_1,3,0.04666666666666667
797,candidate_2,candidate_3,candidate_1,3,0.04666666666666667
798,candidate_2,candidate_3,candidate_1,3,0.04666666666666667
799,candidate_2,0,candidate_1,3,0.04666666666666667
800,candidate_2,candidate_3,candidate_1,3,0.04666666666666667
801,candidate_2,candidate_3,candidate_1,3,0.04666666666666667
802,candidate_2,candidate_3,candidate_1,3,0.04666666666666667
803,candidate_2,candidate_3,candidate_1,3,0.04666666666666667
804,candidate_2,candidate_3,candidate_1,3,0.04666666666666667
805,candidate_2,candidate_3,candidate_1,3,0.04666666666666667
806,candidate_2,0,candidate_1,3,0.04666666666666667
807,candidate_2,candidate_3,candidate_1,3,0.04666666666666667
808,candidate_2,candidate_3,candidate_1,3,0.04666666666666667
809,candidate_2,candidate_3,candidate_1,3,0.04666666666666667
810,candidate_2,candidate_3,candidate_1,3,0.04666666666666667
811,candidate_2,candidate_3,candidate_1,3,0.04666666666666667
812,candidate_2,candidate_3,candidate_1,3,0.04666666666666667
813,candidate_2,candidate_3,candidate_1,3,0.04666666666666667
814,candidate_2,candidate_3,0,3,0.04666666666666667
815,candidate_2,candidate_3,candidate_1,3,0.04666666666666667
816,candidate_2,candidate_3,candidate_1,3,0.04666666666666667
817,candidate_2,candidate_3,candidate_1,3,0.04666666666666667
818,candidate_2,candidate_3,candidate_1,3,0.04666666666666667
819,candidate_2,candidate_3,candidate_1,3,0.04666666666666667
820,candidate_2,candidate_3,candidate_1,3,0.04666666666666667
821,candidate_2,candidate_3,candidate_1,3,0.04666666666666667
822,candidate_2,candidate_3,candidate_1,3,0.04666666666666667
823,candidate_2,candidate_3,candidate_1,3,0.04666666666666667
824,candidate_2,candidate_3,candidate_1,3,0.04666666666666667
825,candidate_2,candidate_3,candidate_1,3,0.04666666666666667
826,candidate_2,candidate_3,candidate_1,3,0.04666666666666667
827,candidate_2,candidate_3,candidate_1,3,0.04666666666666667
828,candidate_2,candidate_3,candidate_1,3,0.04666666666666667
829,candidate_2,candidate_3,candidate_1,3,0.04666666666666667
830,candidate_2,candidate_3,candidate_1,3,0.04666666666666667
831,candidate_2,candidate_3,0,3,0.04666666666666667
832,candidate_2,candidate_3,candidate_1,3,0.04666666666666667
833,candidate_2,candidate_3,candidate_1,3,0.04666666666666667
834,candidate_2,0,candidate_1,3,0.04666666666666667
835,candidate_2,candidate_3,candidate_1,3,0.04666666666666667
836,candidate_2,candidate_3,candidate_1,3,0.04666666666666667
837,candidate_2,candidate_3,candidate_1,3,0.04666666666666667
838,candidate_2,candidate_3,candidate_1,3,0.04666666666666667
839,candidate_2,candidate_3,candidate_1,3,0.04666666666666667
840,candidate_2,candidate_3,candidate_1,3,0.04666666666666667
841,candidate_2,candidate_3,candidate_1,3,0.04666666666666667
842,candidate_2,candidate_3,candidate_1,3,0.04666666666666667
843,candidate_2,candidate_3,candidate_1,3,0.04666666666666667
844,candidate_2,candidate_3,candidate_1,3,0.04666666666666667
845,candidate_2,candidate_3,candidate_1,3,0.04666666666666667
846,candidate_2,candidate_3,candidate_1,3,0.04666666666666667
847,candidate_2,candidate_3,candidate_1,3,0.04666666666666667
848,candidate_2,candidate_3,candidate_1,3,0.04666666666666667
849,0,candidate_3,candidate_1,3,0.04666666666666667
850,candidate_2,candidate_3,candidate_1,3,0.04666666666666667
851,candidate_2,candidate_3,candidate_1,3,0.04666666666666667
852,candidate_2,candidate_3,candidate_1,3,0.04666666666666667
853,candidate_2,candidate_3,candidate_1,3,0.04666666666666667
854,candidate_2,0,candidate_1,3,0.04666666666666667
855,candidate_2,candidate_3,candidate_1,3,0.04666666666666667
856,0,candidate_3,candidate_1,3,0.04666666666666667
857,candidate_2,candidate_3,candidate_1,3,0.04666666666666667
858,candidate_2,candidate_3,candidate_1,3,0.04666666666666667
859,candidate_2,candidate_3,0,3,0.04666666666666667
860,candidate_2,candidate_3,candidate_1,3,0.04666666666666667
861,candidate_2,candidate_3,candidate_1,3,0.04666666666666667
862,candidate_2,candidate_3,candidate_1,3,0.04666666666666667
863,candidate_2,candidate_3,candidate_1,3,0.04666666666666667
864,candidate_2,candidate_3,candidate_1,3,0.04666666666666667
865,candidate_2,candidate_3,candidate_1,3,0.04666666666666667
866,candidate_2,0,candidate_1,3,0.04666666666666667
867,candidate_2,candidate_3,candidate_1,3,0.04666666666666667
868,candidate_2,candidate_3,candidate_1,3,0.04666666666666667
869,candidate_2,candidate_3,candidate_1,3,0.04666666666666667
870,candidate_2,candidate_3,candidate_1,3,0.04666666666666667
871,candidate_2,candidate_3,candidate_1,3,0.04666666666666667
872,candidate_2,candidate_3,candidate_1,3,0.04666666666666667
873,candidate_2,candidate_3,candidate_1,3,0.04666666666666667
874,candidate_2,candidate_3,candidate_1,3,0.04666666666666667
875,candidate_2,candidate_3,candidate_1,3,0.04666666666666667
876,candidate_2,candidate_3,candidate_1,3,0.04666666666666667
877,candidate_2,candidate_3,candidate_1,3,0.04666666666666667
878,candidate_2,candidate_3,candidate_1,3,0.04666666666666667
879,candidate_2,candidate_3,candidate_1,3,0.04666666666666667
880,candidate_2,candidate_3,candidate_1,3,0.04666666666666667
881,candidate_2,candidate_3,candidate_1,3,0.04666666666666667
882,candidate_2,0,candidate_1,3,0.04666666666666667
883,candidate_2,candidate_3,candidate_1,3,0.04666666666666667
884,candidate_2,candidate_3,candidate_1,3,0.04666666666666667
885,candidate_2,candidate_3,candidate_1,3,0.04666666666666667
886,candidate_2,candidate_3,candidate_1,3,0.04666666666666667
887,candidate_2,candidate_3,candidate_1,3,0.04666666666666667
888,candidate_2,candidate_3,candidate_1,3,0.04666666666666667
889,candidate_2,candidate_3,candidate_1,3,0.04666666666666667
890,candidate_2,candidate_3,candidate_1,3,0.04666666666666667
891,candidate_2,0,candidate_1,3,0.04666666666666667
892,candidate_2,candidate_3,candidate_1,3,0.04666666666666667
893,candidate_2,candidate_3,candidate_1,3,0.04666666666666667
894,candidate_2,candidate_3,candidate_1,3,0.04666666666666667
895,candidate_2,candidate_3,candidate_1,3,0.04666666666666667
896,candidate_2,candidate_3,candidate_1,3,0.04666666666666667
897,candidate_2,candidate_3,candidate_1,3,0.04666666666666667
898,candidate_2,candidate_3,candidate_1,3,0.04666666666666667
899,candidate_2,candidate_3,candidate_1,3,0.04666666666666667
900,candidate_2,candidate_3,candidate_1,3,0.04666666666666667
901,candidate_2,candidate_3,candidate_1,3,0.04666666666666667
902,0,candidate_3,candidate_1,3,0.04666666666666667
903,0,0,candidate_1,3,0.04666666666666667
904,candidate_2,candidate_3,candidate_1,3,0.04666666666666667
905,candidate_2,candidate_3,candidate_1,3,0.04666666666666667
906,candidate_2,candidate_3,candidate_1,3,0.04666666666666667
907,candidate_2,candidate_3,candidate_1,3,0.04666666666666667
908,candidate_2,candidate_3,candidate_1,3,0.04666666666666667
909,candidate_2,candidate_3,0,3,0.04666666666666667
910,candidate_2,candidate_3,candidate_1,3,0.04666666666666667
911,candidate_2,candidate_3,candidate_1,3,0.04666666666666667
912,0,candidate_3,candidate_1,3,0.04666666666666667
913,candidate_2,candidate_3,candidate_1,3,0.04666666666666667
914,candidate_2,candidate_3,candidate_1,3,0.04666666666666667
915,candidate_2,candidate_3,candidate_1,3,0.04666666666666667
916,candidate_2,candidate_3,candidate_1,3,0.04666666666666667
917,candidate_2,candidate_3,candidate_1,3,0.04666666666666667
918,candidate_2,candidate_3,candidate_1,3,0.04666666666666667
919,candidate_2,candidate_3,candidate_1,3,0.04666666666666667
920,candidate_2,candidate_3,candidate_1,3,0.04666666666666667
921,candidate_2,candidate_3,candidate_1,3,0.04666666666666667
922,candidate_2,candidate_3,candidate_1,3,0.04666666666666667
923,candidate_2,candidate_3,candidate_1,3,0.04666666666666667
924,candidate_2,candidate_3,candidate_1,3,0.04666666666666667
925,candidate_2,candidate_3,candidate_1,3,0.04666666666666667
926,candidate_2,candidate_3,candidate_1,3,0.04666666666666667
927,candidate_2,candidate_3,candidate_1,3,0.04666666666666667
928,candidate_2,candidate_3,candidate_1,3,0.04666666666666667
929,candidate_2,candidate_3,candidate_1,3,0.04666666666666667
930,candidate_2,candidate_3,candidate_1,3,0.04666666666666667
931,candidate_2,candidate_3,candidate_1,3,0.04666666666666667
932,candidate_2,candidate_3,candidate_1,3,0.04666666666666667
933,candidate_2,candidate_3,candidate_1,3,0.04666666666666667
934,candidate_2,candidate_3,candidate_1,3,0.04666666666666667
935,candidate_2,candidate_3,candidate_1,3,0.04666666666666667
936,candidate_2,candidate_3,candidate_1,3,0.04666666666666667
937,candidate_2,candidate_3,candidate_1,3,0.04666666666666667
938,candidate_2,candidate_3,candidate_1,3,0.04666666666666667
939,candidate_2,candidate_3,candidate_1,3,0.04666666666666667
940,candidate_2,candidate_3,candidate_1,3,0.04666666666666667
941,candidate_2,candidate_3,candidate_1,3,0.04666666666666667
942,candidate_2,candidate_3,candidate_1,3,0.04666666666666667
943,candidate_2,candidate_3,candidate_1,3,0.04666666666666667
944,candidate_2,candidate_3,candidate_1,3,0.04666666666666667
945,candidate_2,candidate_3,candidate_1,3,0.04666666666666667
946,candidate_2,candidate_3,candidate_1,3,0.04666666666666667
947,candidate_2,candidate_3,candidate_1,3,0.04666666666666667
948,candidate_2,candidate_3,candidate_1,3,0.04666666666666667
949,candidate_2,candidate_3,0,3,0.04666666666666667
950,candidate_2,candidate_3,candidate_1,3,0.04666666666666667
951,candidate_2,candidate_3,candidate_1,3,0.04666666666666667
952,0,candidate_3,candidate_1,3,0.04666666666666667
953,candidate_2,candidate_3,candidate_1,3,0.04666666666666667
954,candidate_2,0,0,3,0.04666666666666667
955,candidate_2,candidate_3,candidate_1,3,0.04666666666666667
956,candidate_2,candidate_3,candidate_1,3,0.04666666666666667
957,candidate_2,candidate_3,candidate_1,3,0.04666666666666667
958,0,candidate_3,candidate_1,3,0.04666666666666667
959,candidate_2,candidate_3,candidate_1,3,0.04666666666666667
960,candidate_2,candidate_3,candidate_1,3,0.04666666666666667
961,candidate_2,candidate_3,candidate_1,3,0.04666666666666667
962,candidate_2,candidate_3,candidate_1,3,0.04666666666666667
963,candidate_2,candidate_3,candidate_1,3,0.04666666666666667
964,candidate_2,candidate_3,candidate_1,3,0.04666666666666667
965,candidate_2,candidate_3,candidate_1,3,0.04666666666666667
966,candidate_2,candidate_3,candidate_1,3,0.04666666666666667
967,candidate_2,candidate_3,candidate_1,3,0.04666666666666667
968,candidate_2,candidate_3,0,3,0.04666666666666667
969,candidate_2,candidate_3,candidate_1,3,0.04666666666666667
970,candidate_2,candidate_3,candidate_1,3,0.04666666666666667
971,candidate_2,candidate_3,candidate_1,3,0.04666666666666667
972,candidate_2,candidate_3,0,3,0.04666666666666667
973,candidate_2,candidate_3,candidate_1,3,0.04666666666666667
974,candidate_2,candidate_3,candidate_1,3,0.04666666666666667
975,candidate_2,candidate_3,candidate_1,3,0.04666666666666667
976,candidate_2,candidate_3,candidate_1,3,0.04666666666666667
977,candidate_2,candidate_3,candidate_1,3,0.04666666666666667
978,0,candidate_3,candidate_1,3,0.04666666666666667
979,candidate_2,candidate_3,candidate_1,3,0.04666666666666667
980,0,candidate_3,candidate_1,3,0.04666666666666667
981,0,candidate_3,candidate_1,3,0.04666666666666667
982,candidate_2,candidate_3,candidate_1,3,0.04666666666666667
983,0,candidate_3,0,3,0.04666666666666667
984,candidate_2,candidate_3,candidate_1,3,0.04666666666666667
985,candidate_2,0,candidate_1,3,0.04666666666666667
986,candidate_2,0,candidate_1,3,0.04666666666666667
987,candidate_2,candidate_3,candidate_1,3,0.04666666666666667
988,candidate_2,candidate_3,candidate_1,3,0.04666666666666667
989,candidate_2,candidate_3,candidate_1,3,0.04666666666666667
990,candidate_2,0,candidate_1,3,0.04666666666666667
991,candidate_2,candidate_3,candidate_1,3,0.04666666666666667
992,candidate_2,candidate_3,candidate_1,3,0.04666666666666667
993,candidate_2,candidate_3,candidate_1,3,0.04666666666666667
994,candidate_2,candidate_3,candidate_1,3,0.04666666666666667
995,candidate_2,candidate_3,candidate_1,3,0.04666666666666667
996,candidate_2,candidate_3,candidate_1,3,0.04666666666666667
997,candidate_2,candidate_3,candidate_1,3,0.04666666666666667
998,candidate_2,candidate_3,candidate_1,3,0.04666666666666667
999,candidate_2,candidate_3,candidate_1,3,0.04666666666666667
1000,candidate_2,candidate_3,candidate_1,3,0.04666666666666667
1001,candidate_2,candidate_3,candidate_1,3,0.04666666666666667
1002,candidate_2,candidate_3,candidate_1,3,0.04666666666666667
1003,candidate_2,candidate_3,candidate_1,3,0.04666666666666667
1004,candidate_2,0,candidate_1,3,0.04666666666666667
1005,candidate_2,candidate_3,candidate_1,3,0.04666666666666667
1006,candidate_2,0,candidate_1,3,0.04666666666666667
1007,0,0,candidate_1,3,0.04666666666666667
1008,candidate_2,candidate_3,candidate_1,3,0.04666666666666667
1009,candidate_2,candidate_3,candidate_1,3,0.04666666666666667
1010,candidate_2,candidate_3,candidate_1,3,0.04666666666666667
1011,candidate_2,candidate_3,candidate_1,3,0.04666666666666667
1012,candidate_2,0,candidate_1,3,0.04666666666666667
1013,candidate_2,candidate_3,candidate_1,3,0.04666666666666667
1014,candidate_2,candidate_3,candidate_1,3,0.04666666666666667
1015,candidate_2,candidate_3,candidate_1,3,0.04666666666666667
1016,candidate_2,candidate_3,candidate_1,3,0.04666666666666667
1017,candidate_2,0,candidate_1,3,0.04666666666666667
1018,candidate_2,candidate_3,candidate_1,3,0.04666666666666667
1019,candidate_2,candidate_3,candidate_1,3,0.04666666666666667
1020,candidate_2,candidate_3,candidate_1,3,0.04666666666666667
1021,candidate_2,candidate_3,candidate_1,3,0.04666666666666667
1022,candidate_2,candidate_3,candidate_1,3,0.04666666666666667
1023,candidate_2,candidate_3,candidate_1,3,0.04666666666666667
1024,candidate_2,candidate_3,candidate_1,3,0.04666666666666667
1025,candidate_2,candidate_3,candidate_1,3,0.04666666666666667
1026,candidate_2,candidate_3,candidate_1,3,0.04666666666666667
1027,candidate_2,candidate_3,candidate_1,3,0.04666666666666667
1028,candidate_2,0,candidate_1,3,0.04666666666666667
1029,candidate_2,candidate_3,candidate_1,3,0.04666666666666667
1030,candidate_2,0,candidate_1,3,0.04666666666666667
1031,candidate_2,candidate_3,candidate_1,3,0.04666666666666667
1032,candidate_2,0,candidate_1,3,0.04666666666666667
1033,candidate_2,candidate_3,candidate_1,3,0.04666666666666667
1034,candidate_2,0,0,3,0.04666666666666667
1035,candidate_2,candidate_3,candidate_1,3,0.04666666666666667
1036,candidate_2,candidate_3,candidate_1,3,0.04666666666666667
1037,candidate_2,candidate_3,candidate_1,3,0.04666666666666667
1038,0,candidate_3,candidate_1,3,0.04666666666666667
1039,candidate_2,0,candidate_1,3,0.04666666666666667
1040,candidate_2,candidate_3,candidate_1,3,0.04666666666666667
1041,candidate_2,candidate_3,candidate_1,3,0.04666666666666667
1042,candidate_2,candidate_3,candidate_1,3,0.04666666666666667
1043,candidate_2,candidate_3,candidate_1,3,0.04666666666666667
1044,candidate_2,candidate_3,candidate_1,3,0.04666666666666667
1045,candidate_2,candidate_3,candidate_1,3,0.04666666666666667
1046,candidate_2,candidate_3,candidate_1,3,0.04666666666666667
1047,0,candidate_3,0,3,0.04666666666666667
1048,candidate_2,candidate_3,candidate_1,3,0.04666666666666667
1049,candidate_2,candidate_3,candidate_1,3,0.04666666666666667
1050,candidate_2,candidate_3,candidate_1,3,0.04666666666666667
1051,candidate_2,candidate_3,candidate_1,3,0.04666666666666667
1052,candidate_2,candidate_3,candidate_1,3,0.04666666666666667
1053,candidate_2,candidate_3,candidate_1,3,0.04666666666666667
1054,candidate_2,candidate_3,candidate_1,3,0.04666666666666667
1055,candidate_2,candidate_3,candidate_1,3,0.04666666666666667
1056,candidate_2,candidate_3,0,3,0.04666666666666667
1057,candidate_2,candidate_3,candidate_1,3,0.04666666666666667
1058,candidate_2,candidate_3,candidate_1,3,0.04666666666666667
1059,candidate_2,candidate_3,candidate_1,3,0.04666666666666667
1060,candidate_2,candidate_3,candidate_1,3,0.04666666666666667
1061,candidate_2,candidate_3,candidate_1,3,0.04666666666666667
1062,candidate_2,0,candidate_1,3,0.04666666666666667
1063,candidate_2,candidate_3,candidate_1,3,0.04666666666666667
1064,candidate_2,candidate_3,candidate_1,3,0.04666666666666667
1065,candidate_2,candidate_3,candidate_1,3,0.04666666666666667
1066,candidate_2,candidate_3,candidate_1,3,0.04666666666666667
1067,candidate_2,candidate_3,candidate_1,3,0.04666666666666667
1068,candidate_2,candidate_3,candidate_1,3,0.04666666666666667
1069,candidate_2,candidate_3,candidate_1,3,0.04666666666666667
1070,candidate_2,candidate_3,candidate_1,3,0.04666666666666667
1071,candidate_2,candidate_3,candidate_1,3,0.04666666666666667
1072,candidate_2,candidate_3,candidate_1,3,0.04666666666666667
1073,candidate_2,candidate_3,candidate_1,3,0.04666666666666667
1074,candidate_2,candidate_3,candidate_1,3,0.04666666666666667
1075,candidate_2,candidate_3,candidate_1,3,0.04666666666666667
1076,candidate_2,candidate_3,candidate_1,3,0.04666666666666667
1077,candidate_2,candidate_3,candidate_1,3,0.04666666666666667
1078,candidate_2,candidate_3,candidate_1,3,0.04666666666666667
1079,candidate_2,candidate_3,candidate_1,3,0.04666666666666667
1080,candidate_2,candidate_3,0,3,0.04666666666666667
1081,candidate_2,candidate_3,candidate_1,3,0.04666666666666667
1082,candidate_2,candidate_3,candidate_1,3,0.04666666666666667
1083,candidate_2,candidate_3,candidate_1,3,0.04666666666666667
1084,candidate_2,candidate_3,candidate_1,3,0.04666666666666667
1085,candidate_2,candidate_3,candidate_1,3,0.04666666666666667
1086,0,candidate_3,candidate_1,3,0.04666666666666667
1087,candidate_2,candidate_3,candidate_1,3,0.04666666666666667
1088,candidate_2,candidate_3,candidate_1,3,0.04666666666666667
1089,candidate_2,candidate_3,candidate_1,3,0.04666666666666667
1090,candidate_2,candidate_3,candidate_1,3,0.04666666666666667
1091,candidate_2,candidate_3,candidate_1,3,0.04666666666666667
1092,candidate_2,candidate_3,candidate_1,3,0.04666666666666667
1093,candidate_2,candidate_3,candidate_1,3,0.04666666666666667
1094,candidate_2,candidate_3,candidate_1,3,0.04666666666666667
1095,candidate_2,candidate_3,0,3,0.04666666666666667
1096,candidate_2,candidate_3,candidate_1,3,0.04666666666666667
1097,candidate_2,candidate_3,candidate_1,3,0.04666666666666667
1098,candidate_2,candidate_3,candidate_1,3,0.04666666666666667
1099,candidate_2,candidate_3,candidate_1,3,0.04666666666666667
1100,candidate_2,candidate_3,candidate_1,3,0.04666666666666667
1101,candidate_2,candidate_3,candidate_1,3,0.04666666666666667
1102,candidate_2,candidate_3,candidate_1,3,0.04666666666666667
1103,candidate_2,candidate_3,candidate_1,3,0.04666666666666667
1104,candidate_2,candidate_3,candidate_1,3,0.04666666666666667
1105,candidate_2,candidate_3,candidate_1,3,0.04666666666666667
1106,candidate_2,candidate_3,candidate_1,3,0.04666666666666667
1107,candidate_2,candidate_3,candidate_1,3,0.04666666666666667
1108,candidate_2,candidate_3,candidate_1,3,0.04666666666666667
1109,candidate_2,candidate_3,candidate_1,3,0.04666666666666667
1110,candidate_2,candidate_3,candidate_1,3,0.04666666666666667
1111,candidate_2,candidate_3,candidate_1,3,0.04666666666666667
1112,candidate_2,candidate_3,candidate_1,3,0.04666666666666667
1113,candidate_2,candidate_3,candidate_1,3,0.04666666666666667
1114,candidate_2,candidate_3,candidate_1,3,0.04666666666666667
1115,candidate_2,candidate_3,candidate_1,3,0.04666666666666667
1116,candidate_2,candidate_3,candidate_1,3,0.04666666666666667
1117,candidate_2,candidate_3,candidate_1,3,0.04666666666666667
1118,candidate_2,candidate_3,candidate_1,3,0.04666666666666667
1119,candidate_2,candidate_3,candidate_1,3,0.04666666666666667
1120,candidate_2,candidate_3,candidate_1,3,0.04666666666666667
1121,0,candidate_3,candidate_1,3,0.04666666666666667
1122,candidate_2,candidate_3,candidate_1,3,0.04666666666666667
1123,candidate_2,0,candidate_1,3,0.04666666666666667
1124,candidate_2,candidate_3,candidate_1,3,0.04666666666666667
1125,candidate_2,candidate_3,candidate_1,3,0.04666666666666667
1126,candidate_2,candidate_3,candidate_1,3,0.04666666666666667
1127,candidate_2,candidate_3,candidate_1,3,0.04666666666666667
1128,candidate_2,candidate_3,candidate_1,3,0.04666666666666667
1129,candidate_2,candidate_3,candidate_1,3,0.04666666666666667
1130,candidate_2,candidate_3,candidate_1,3,0.04666666666666667
1131,candidate_2,candidate_3,candidate_1,3,0.04666666666666667
1132,candidate_2,candidate_3,candidate_1,3,0.04666666666666667
1133,candidate_2,candidate_3,candidate_1,3,0.04666666666666667
1134,candidate_2,candidate_3,candidate_1,3,0.04666666666666667
1135,candidate_2,candidate_3,candidate_1,3,0.04666666666666667
1136,candidate_2,candidate_3,candidate_1,3,0.04666666666666667
1137,candidate_2,candidate_3,candidate_1,3,0.04666666666666667
1138,candidate_2,candidate_3,candidate_1,3,0.04666666666666667
1139,candidate_2,candidate_3,candidate_1,3,0.04666666666666667
1140,0,candidate_3,candidate_1,3,0.04666666666666667
1141,candidate_2,candidate_3,candidate_1,3,0.04666666666666667
1142,candidate_2,candidate_3,candidate_1,3,0.04666666666666667
1143,candidate_2,candidate_3,0,3,0.04666666666666667
1144,candidate_2,candidate_3,candidate_1,3,0.04666666666666667
1145,candidate_2,candidate_3,candidate_1,3,0.04666666666666667
1146,candidate_2,candidate_3,candidate_1,3,0.04666666666666667
1147,candidate_2,candidate_3,candidate_1,3,0.04666666666666667
1148,candidate_2,candidate_3,candidate_1,3,0.04666666666666667
1149,candidate_2,0,candidate_1,3,0.04666666666666667
1150,candidate_2,candidate_3,candidate_1,3,0.04666666666666667
1151,0,candidate_3,candidate_1,3,0.04666666666666667
1152,0,candidate_3,candidate_1,3,0.04666666666666667
1153,candidate_2,0,candidate_1,3,0.04666666666666667
1154,candidate_2,candidate_3,candidate_1,3,0.04666666666666667
1155,candidate_2,candidate_3,candidate_1,3,0.04666666666666667
1156,candidate_2,0,candidate_1,3,0.04666666666666667
1157,candidate_2,candidate_3,candidate_1,3,0.04666666666666667
1158,candidate_2,candidate_3,candidate_1,3,0.04666666666666667
1159,candidate_2,candidate_3,candidate_1,3,0.04666666666666667
1160,candidate_2,0,candidate_1,3,0.04666666666666667
1161,candidate_2,candidate_3,candidate_1,3,0.04666666666666667
1162,candidate_2,candidate_3,candidate_1,3,0.04666666666666667
1163,candidate_2,candidate_3,candidate_1,3,0.04666666666666667
1164,candidate_2,candidate_3,candidate_1,3,0.04666666666666667
1165,candidate_2,candidate_3,candidate_1,3,0.04666666666666667
1166,candidate_2,0,candidate_1,3,0.04666666666666667
1167,candidate_2,candidate_3,candidate_1,3,0.04666666666666667
1168,candidate_2,candidate_3,candidate_1,3,0.04666666666666667
1169,candidate_2,candidate_3,0,3,0.04666666666666667
1170,candidate_2,candidate_3,candidate_1,3,0.04666666666666667
1171,candidate_2,candidate_3,candidate_1,3,0.04666666666666667
1172,candidate_2,candidate_3,candidate_1,3,0.04666666666666667
1173,candidate_2,candidate_3,candidate_1,3,0.04666666666666667
1174,candidate_2,candidate_3,candidate_1,3,0.04666666666666667
1175,candidate_2,candidate_3,candidate_1,3,0.04666666666666667
1176,candidate_2,candidate_3,candidate_1,3,0.04666666666666667
1177,candidate_2,candidate_3,candidate_1,3,0.04666666666666667
1178,candidate_2,candidate_3,candidate_1,3,0.04666666666666667
1179,candidate_2,candidate_3,candidate_1,3,0.04666666666666667
1180,candidate_2,0,candidate_1,3,0.04666666666666667
1181,candidate_2,candidate_3,candidate_1,3,0.04666666666666667
1182,candidate_2,candidate_3,candidate_1,3,0.04666666666666667
1183,candidate_2,candidate_3,candidate_1,3,0.04666666666666667
1184,candidate_2,candidate_3,candidate_1,3,0.04666666666666667
1185,candidate_2,candidate_3,candidate_1,3,0.04666666666666667
1186,candidate_2,candidate_3,candidate_1,3,0.04666666666666667
1187,candidate_2,candidate_3,candidate_1,3,0.04666666666666667
1188,candidate_2,candidate_3,candidate_1,3,0.04666666666666667
1189,candidate_2,candidate_3,candidate_1,3,0.04666666666666667
1190,candidate_2,candidate_3,candidate_1,3,0.04666666666666667
1191,candidate_2,candidate_3,candidate_1,3,0.04666666666666667
1192,candidate_2,candidate_3,candidate_1,3,0.04666666666666667
1193,candidate_2,candidate_3,candidate_1,3,0.04666666666666667
1194,candidate_2,candidate_3,candidate_1,3,0.04666666666666667
1195,candidate_2,candidate_3,candidate_1,3,0.04666666666666667
1196,0,candidate_3,0,3,0.04666666666666667
1197,candidate_2,candidate_3,candidate_1,3,0.04666666666666667
1198,candidate_2,0,candidate_1,3,0.04666666666666667
1199,candidate_2,candidate_3,candidate_1,3,0.04666666666666667
1200,candidate_2,candidate_3,candidate_1,3,0.04666666666666667
1201,candidate_2,candidate_3,candidate_1,3,0.04666666666666667
1202,candidate_2,candidate_3,candidate_1,3,0.04666666666666667
1203,candidate_2,candidate_3,candidate_1,3,0.04666666666666667
1204,candidate_2,candidate_3,candidate_1,3,0.04666666666666667
1205,candidate_2,candidate_3,candidate_1,3,0.04666666666666667
1206,candidate_2,candidate_3,candidate_1,3,0.04666666666666667
1207,candidate_2,candidate_3,candidate_1,3,0.04666666666666667
1208,candidate_2,0,candidate_1,3,0.04666666666666667
1209,candidate_2,candidate_3,candidate_1,3,0.04666666666666667
1210,candidate_2,candidate_3,candidate_1,3,0.04666666666666667
1211,candidate_2,candidate_3,candidate_1,3,0.04666666666666667
1212,candidate_2,candidate_3,candidate_1,3,0.04666666666666667
1213,candidate_2,candidate_3,candidate_1,3,0.04666666666666667
1214,candidate_2,candidate_3,candidate_1,3,0.04666666666666667
1215,candidate_2,candidate_3,candidate_1,3,0.04666666666666667
1216,candidate_2,candidate_3,candidate_1,3,0.04666666666666667
1217,candidate_2,candidate_3,candidate_1,3,0.04666666666666667
1218,candidate_2,candidate_3,candidate_1,3,0.04666666666666667
1219,candidate_2,candidate_3,candidate_1,3,0.04666666666666667
1220,candidate_2,candidate_3,candidate_1,3,0.04666666666666667
1221,candidate_2,candidate_3,candidate_1,3,0.04666666666666667
1222,candidate_2,candidate_3,candidate_1,3,0.04666666666666667
1223,candidate_2,candidate_3,candidate_1,3,0.04666666666666667
1224,candidate_2,candidate_3,candidate_1,3,0.04666666666666667
1225,candidate_2,0,candidate_1,3,0.04666666666666667
1226,candidate_2,candidate_3,candidate_1,3,0.04666666666666667
1227,candidate_2,candidate_3,candidate_1,3,0.04666666666666667
1228,candidate_2,candidate_3,candidate_1,3,0.04666666666666667
1229,candidate_2,candidate_3,candidate_1,3,0.04666666666666667
1230,candidate_2,candidate_3,candidate_1,3,0.04666666666666667
1231,candidate_2,candidate_3,candidate_1,3,0.04666666666666667
1232,candidate_2,candidate_3,candidate_1,3,0.04666666666666667
1233,candidate_2,candidate_3,candidate_1,3,0.04666666666666667
1234,candidate_2,candidate_3,0,3,0.04666666666666667
1235,candidate_2,candidate_3,candidate_1,3,0.04666666666666667
1236,candidate_2,0,candidate_1,3,0.04666666666666667
1237,candidate_2,candidate_3,candidate_1,3,0.04666666666666667
1238,candidate_2,candidate_3,candidate_1,3,0.04666666666666667
1239,candidate_2,candidate_3,candidate_1,3,0.04666666666666667
1240,candidate_2,candidate_3,candidate_1,3,0.04666666666666667
1241,candidate_2,candidate_3,0,3,0.04666666666666667
1242,candidate_2,candidate_3,candidate_1,3,0.04666666666666667
1243,candidate_2,candidate_3,candidate_1,3,0.04666666666666667
1244,candidate_2,candidate_3,candidate_1,3,0.04666666666666667
1245,candidate_2,candidate_3,candidate_1,3,0.04666666666666667
1246,candidate_2,candidate_3,candidate_1,3,0.04666666666666667
1247,candidate_2,candidate_3,candidate_1,3,0.04666666666666667
1248,candidate_2,candidate_3,candidate_1,3,0.04666666666666667
1249,candidate_2,candidate_3,candidate_1,3,0.04666666666666667
1250,candidate_2,candidate_3,candidate_1,3,0.04666666666666667
1251,candidate_2,candidate_3,0,3,0.04666666666666667
1252,candidate_2,candidate_3,candidate_1,3,0.04666666666666667
1253,candidate_2,candidate_3,candidate_1,3,0.04666666666666667
1254,candidate_2,candidate_3,candidate_1,3,0.04666666666666667
1255,candidate_2,candidate_3,candidate_1,3,0.04666666666666667
1256,candidate_2,candidate_3,candidate_1,3,0.04666666666666667
1257,candidate_2,candidate_3,candidate_1,3,0.04666666666666667
1258,candidate_2,candidate_3,candidate_1,3,0.04666666666666667
1259,candidate_2,candidate_3,candidate_1,3,0.04666666666666667
1260,candidate_2,candidate_3,candidate_1,3,0.04666666666666667
1261,candidate_2,candidate_3,candidate_1,3,0.04666666666666667
1262,candidate_2,candidate_3,candidate_1,3,0.04666666666666667
1263,candidate_2,candidate_3,candidate_1,3,0.04666666666666667
1264,candidate_2,candidate_3,candidate_1,3,0.04666666666666667
1265,candidate_2,candidate_3,candidate_1,3,0.04666666666666667
1266,candidate_2,candidate_3,candidate_1,3,0.04666666666666667
1267,candidate_2,candidate_3,candidate_1,3,0.04666666666666667
1268,candidate_2,candidate_3,candidate_1,3,0.04666666666666667
1269,0,candidate_3,candidate_1,3,0.04666666666666667
1270,0,candidate_3,candidate_1,3,0.04666666666666667
1271,candidate_2,0,candidate_1,3,0.04666666666666667
1272,candidate_2,candidate_3,candidate_1,3,0.04666666666666667
1273,candidate_2,candidate_3,candidate_1,3,0.04666666666666667
1274,candidate_2,candidate_3,candidate_1,3,0.04666666666666667
1275,candidate_2,candidate_3,candidate_1,3,0.04666666666666667
1276,0,candidate_3,candidate_1,3,0.04666666666666667
1277,candidate_2,0,candidate_1,3,0.04666666666666667
1278,candidate_2,candidate_3,candidate_1,3,0.04666666666666667
1279,candidate_2,candidate_3,candidate_1,3,0.04666666666666667
1280,candidate_2,candidate_3,candidate_1,3,0.04666666666666667
1281,candidate_2,candidate_3,candidate_1,3,0.04666666666666667
1282,candidate_2,candidate_3,candidate_1,3,0.04666666666666667
1283,candidate_2,candidate_3,candidate_1,3,0.04666666666666667
1284,candidate_2,candidate_3,candidate_1,3,0.04666666666666667
1285,candidate_2,candidate_3,candidate_1,3,0.04666666666666667
1286,candidate_2,candidate_3,candidate_1,3,0.04666666666666667
1287,candidate_2,candidate_3,candidate_1,3,0.04666666666666667
1288,candidate_2,candidate_3,candidate_1,3,0.04666666666666667
1289,candidate_2,candidate_3,candidate_1,3,0.04666666666666667
1290,candidate_2,candidate_3,candidate_1,3,0.04666666666666667
1291,candidate_2,candidate_3,candidate_1,3,0.04666666666666667
1292,candidate_2,candidate_3,candidate_1,3,0.04666666666666667
1293,candidate_2,candidate_3,candidate_1,3,0.04666666666666667
1294,candidate_2,candidate_3,candidate_1,3,0.04666666666666667
1295,0,candidate_3,candidate_1,3,0.04666666666666667
1296,candidate_2,0,candidate_1,3,0.04666666666666667
1297,candidate_2,candidate_3,candidate_1,3,0.04666666666666667
1298,candidate_2,candidate_3,candidate_1,3,0.04666666666666667
1299,candidate_2,candidate_3,candidate_1,3,0.04666666666666667
1300,candidate_2,candidate_3,candidate_1,3,0.04666666666666667
1301,candidate_2,candidate_3,candidate_1,3,0.04666666666666667
1302,candidate_2,candidate_3,candidate_1,3,0.04666666666666667
1303,candidate_2,candidate_3,candidate_1,3,0.04666666666666667
1304,candidate_2,candidate_3,candidate_1,3,0.04666666666666667
1305,candidate_2,candidate_3,candidate_1,3,0.04666666666666667
1306,candidate_2,candidate_3,candidate_1,3,0.04666666666666667
1307,candidate_2,candidate_3,candidate_1,3,0.04666666666666667
1308,candidate_2,candidate_3,candidate_1,3,0.04666666666666667
1309,candidate_2,candidate_3,0,3,0.04666666666666667
1310,candidate_2,candidate_3,candidate_1,3,0.04666666666666667
1311,candidate_2,candidate_3,candidate_1,3,0.04666666666666667
1312,candidate_2,candidate_3,candidate_1,3,0.04666666666666667
1313,candidate_2,candidate_3,candidate_1,3,0.04666666666666667
1314,candidate_2,candidate_3,candidate_1,3,0.04666666666666667
1315,candidate_2,candidate_3,candidate_1,3,0.04666666666666667
1316,candidate_2,candidate_3,candidate_1,3,0.04666666666666667
1317,candidate_2,candidate_3,0,3,0.04666666666666667
1318,candidate_2,candidate_3,candidate_1,3,0.04666666666666667
1319,candidate_2,candidate_3,candidate_1,3,0.04666666666666667
1320,candidate_2,candidate_3,candidate_1,3,0.04666666666666667
1321,candidate_2,candidate_3,candidate_1,3,0.04666666666666667
1322,candidate_2,candidate_3,candidate_1,3,0.04666666666666667
1323,candidate_2,candidate_3,candidate_1,3,0.04666666666666667
1324,candidate_2,candidate_3,candidate_1,3,0.04666666666666667
1325,candidate_2,candidate_3,candidate_1,3,0.04666666666666667
1326,candidate_2,candidate_3,candidate_1,3,0.04666666666666667
1327,candidate_2,candidate_3,candidate_1,3,0.04666666666666667
1328,candidate_2,candidate_3,candidate_1,3,0.04666666666666667
1329,candidate_2,candidate_3,candidate_1,3,0.04666666666666667
1330,candidate_2,candidate_3,candidate_1,3,0.04666666666666667
1331,candidate_2,0,candidate_1,3,0.04666666666666667
1332,candidate_2,candidate_3,candidate_1,3,0.04666666666666667
1333,candidate_2,candidate_3,candidate_1,3,0.04666666666666667
1334,candidate_2,candidate_3,candidate_1,3,0.04666666666666667
1335,candidate_2,candidate_3,candidate_1,3,0.04666666666666667
1336,candidate_2,candidate_3,candidate_1,3,0.04666666666666667
1337,candidate_2,candidate_3,candidate_1,3,0.04666666666666667
1338,candidate_2,candidate_3,candidate_1,3,0.04666666666666667
1339,candidate_2,candidate_3,candidate_1,3,0.04666666666666667
1340,candidate_2,candidate_3,candidate_1,3,0.04666666666666667
1341,candidate_2,candidate_3,candidate_1,3,0.04666666666666667
1342,candidate_2,candidate_3,candidate_1,3,0.04666666666666667
1343,candidate_2,candidate_3,candidate_1,3,0.04666666666666667
1344,candidate_2,candidate_3,candidate_1,3,0.04666666666666667
1345,candidate_2,candidate_3,candidate_1,3,0.04666666666666667
1346,candidate_2,candidate_3,candidate_1,3,0.04666666666666667
1347,candidate_2,candidate_3,candidate_1,3,0.04666666666666667
1348,candidate_2,candidate_3,candidate_1,3,0.04666666666666667
1349,candidate_2,candidate_3,candidate_1,3,0.04666666666666667
1350,candidate_2,candidate_3,candidate_1,3,0.04666666666666667
1351,candidate_2,candidate_3,candidate_1,3,0.04666666666666667
1352,candidate_2,candidate_3,candidate_1,3,0.04666666666666667
1353,candidate_2,candidate_3,candidate_1,3,0.04666666666666667
1354,candidate_2,candidate_3,candidate_1,3,0.04666666666666667
1355,candidate_2,candidate_3,candidate_1,3,0.04666666666666667
1356,candidate_2,candidate_3,candidate_1,3,0.04666666666666667
1357,candidate_2,candidate_3,candidate_1,3,0.04666666666666667
1358,candidate_2,candidate_3,0,3,0.04666666666666667
1359,candidate_2,candidate_3,candidate_1,3,0.04666666666666667
1360,candidate_2,candidate_3,candidate_1,3,0.04666666666666667
1361,candidate_2,candidate_3,candidate_1,3,0.04666666666666667
1362,candidate_2,candidate_3,candidate_1,3,0.04666666666666667
1363,candidate_2,candidate_3,candidate_1,3,0.04666666666666667
1364,candidate_2,candidate_3,candidate_1,3,0.04666666666666667
1365,candidate_2,candidate_3,candidate_1,3,0.04666666666666667
1366,candidate_2,candidate_3,candidate_1,3,0.04666666666666667
1367,candidate_2,candidate_3,candidate_1,3,0.04666666666666667
1368,candidate_2,candidate_3,0,3,0.04666666666666667
1369,0,candidate_3,candidate_1,3,0.04666666666666667
1370,candidate_2,candidate_3,candidate_1,3,0.04666666666666667
1371,candidate_2,candidate_3,candidate_1,3,0.04666666666666667
1372,0,candidate_3,candidate_1,3,0.04666666666666667
1373,candidate_2,candidate_3,candidate_1,3,0.04666666666666667
1374,candidate_2,candidate_3,candidate_1,3,0.04666666666666667
1375,0,candidate_3,candidate_1,3,0.04666666666666667
1376,0,candidate_3,candidate_1,3,0.04666666666666667
1377,candidate_2,candidate_3,candidate_1,3,0.04666666666666667
1378,candidate_2,candidate_3,candidate_1,3,0.04666666666666667
1379,candidate_2,candidate_3,candidate_1,3,0.04666666666666667
1380,candidate_2,candidate_3,candidate_1,3,0.04666666666666667
1381,candidate_2,candidate_3,candidate_1,3,0.04666666666666667
1382,candidate_2,candidate_3,candidate_1,3,0.04666666666666667
1383,candidate_2,candidate_3,candidate_1,3,0.04666666666666667
1384,candidate_2,candidate_3,candidate_1,3,0.04666666666666667
1385,candidate_2,candidate_3,candidate_1,3,0.04666666666666667
1386,candidate_2,candidate_3,candidate_1,3,0.04666666666666667
1387,candidate_2,candidate_3,candidate_1,3,0.04666666666666667
1388,candidate_2,candidate_3,candidate_1,3,0.04666666666666667
1389,candidate_2,candidate_3,candidate_1,3,0.04666666666666667
1390,candidate_2,candidate_3,candidate_1,3,0.04666666666666667
1391,candidate_2,candidate_3,candidate_1,3,0.04666666666666667
1392,candidate_2,candidate_3,candidate_1,3,0.04666666666666667
1393,candidate_2,candidate_3,candidate_1,3,0.04666666666666667
1394,candidate_2,candidate_3,candidate_1,3,0.04666666666666667
1395,candidate_2,candidate_3,candidate_1,3,0.04666666666666667
1396,candidate_2,candidate_3,candidate_1,3,0.04666666666666667
1397,candidate_2,candidate_3,candidate_1,3,0.04666666666666667
1398,candidate_2,candidate_3,candidate_1,3,0.04666666666666667
1399,candidate_2,candidate_3,candidate_1,3,0.04666666666666667
1400,candidate_2,candidate_3,0,3,0.04666666666666667
1401,candidate_2,candidate_3,candidate_1,3,0.04666666666666667
1402,candidate_2,candidate_3,candidate_1,3,0.04666666666666667
1403,candidate_2,candidate_3,candidate_1,3,0.04666666666666667
1404,candidate_2,candidate_3,candidate_1,3,0.04666666666666667
1405,candidate_2,candidate_3,candidate_1,3,0.04666666666666667
1406,candidate_2,candidate_3,candidate_1,3,0.04666666666666667
1407,candidate_2,candidate_3,candidate_1,3,0.04666666666666667
1408,candidate_2,candidate_3,candidate_1,3,0.04666666666666667
1409,candidate_2,candidate_3,candidate_1,3,0.04666666666666667
1410,candidate_2,candidate_3,candidate_1,3,0.04666666666666667
1411,candidate_2,candidate_3,candidate_1,3,0.04666666666666667
1412,candidate_2,candidate_3,candidate_1,3,0.04666666666666667
1413,candidate_2,0,candidate_1,3,0.04666666666666667
1414,candidate_2,candidate_3,candidate_1,3,0.04666666666666667
1415,candidate_2,candidate_3,candidate_1,3,0.04666666666666667
1416,candidate_2,candidate_3,candidate_1,3,0.04666666666666667
1417,candidate_2,candidate_3,candidate_1,3,0.04666666666666667
1418,candidate_2,candidate_3,candidate_1,3,0.04666666666666667
1419,candidate_2,candidate_3,candidate_1,3,0.04666666666666667
1420,candidate_2,candidate_3,candidate_1,3,0.04666666666666667
1421,candidate_2,candidate_3,candidate_1,3,0.04666666666666667
1422,candidate_2,candidate_3,candidate_1,3,0.04666666666666667
1423,0,candidate_3,candidate_1,3,0.04666666666666667
1424,candidate_2,candidate_3,candidate_1,3,0.04666666666666667
1425,candidate_2,candidate_3,candidate_1,3,0.04666666666666667
1426,candidate_2,candidate_3,candidate_1,3,0.04666666666666667
1427,candidate_2,candidate_3,candidate_1,3,0.04666666666666667
1428,candidate_2,candidate_3,candidate_1,3,0.04666666666666667
1429,candidate_2,candidate_3,candidate_1,3,0.04666666666666667
1430,candidate_2,candidate_3,candidate_1,3,0.04666666666666667
1431,candidate_2,candidate_3,candidate_1,3,0.04666666666666667
1432,candidate_2,candidate_3,candidate_1,3,0.04666666666666667
1433,candidate_2,candidate_3,candidate_1,3,0.04666666666666667
1434,candidate_2,candidate_3,candidate_1,3,0.04666666666666667
1435,candidate_2,candidate_3,candidate_1,3,0.04666666666666667
1436,candidate_2,candidate_3,candidate_1,3,0.04666666666666667
1437,candidate_2,0,candidate_1,3,0.04666666666666667
1438,candidate_2,candidate_3,0,3,0.04666666666666667
1439,candidate_2,candidate_3,candidate_1,3,0.04666666666666667
1440,candidate_2,candidate_3,candidate_1,3,0.04666666666666667
1441,candidate_2,candidate_3,candidate_1,3,0.04666666666666667
1442,candidate_2,candidate_3,candidate_1,3,0.04666666666666667
1443,candidate_2,candidate_3,candidate_1,3,0.04666666666666667
1444,candidate_2,candidate_3,candidate_1,3,0.04666666666666667
1445,candidate_2,candidate_3,candidate_1,3,0.04666666666666667
1446,candidate_2,candidate_3,candidate_1,3,0.04666666666666667
1447,candidate_2,candidate_3,candidate_1,3,0.04666666666666667
1448,candidate_2,0,candidate_1,3,0.04666666666666667
1449,candidate_2,candidate_3,candidate_1,3,0.04666666666666667
1450,0,candidate_3,candidate_1,3,0.04666666666666667
1451,candidate_2,candidate_3,candidate_1,3,0.04666666666666667
1452,candidate_2,candidate_3,candidate_1,3,0.04666666666666667
1453,candidate_2,candidate_3,0,3,0.04666666666666667
1454,candidate_2,candidate_3,candidate_1,3,0.04666666666666667
1455,candidate_2,candidate_3,candidate_1,3,0.04666666666666667
1456,candidate_2,candidate_3,candidate_1,3,0.04666666666666667
1457,candidate_2,candidate_3,candidate_1,3,0.04666666666666667
1458,candidate_2,candidate_3,candidate_1,3,0.04666666666666667
1459,candidate_2,candidate_3,candidate_1,3,0.04666666666666667
1460,candidate_2,candidate_3,0,3,0.04666666666666667
1461,candidate_2,candidate_3,candidate_1,3,0.04666666666666667
1462,candidate_2,candidate_3,candidate_1,3,0.04666666666666667
1463,candidate_2,candidate_3,candidate_1,3,0.04666666666666667
1464,0,candidate_3,candidate_1,3,0.04666666666666667
1465,candidate_2,candidate_3,candidate_1,3,0.04666666666666667
1466,candidate_2,candidate_3,candidate_1,3,0.04666666666666667
1467,candidate_2,candidate_3,candidate_1,3,0.04666666666666667
1468,candidate_2,candidate_3,candidate_1,3,0.04666666666666667
1469,candidate_2,candidate_3,candidate_1,3,0.04666666666666667
1470,0,candidate_3,candidate_1,3,0.04666666666666667
1471,candidate_2,candidate_3,candidate_1,3,0.04666666666666667
1472,candidate_2,candidate_3,candidate_1,3,0.04666666666666667
1473,candidate_2,candidate_3,candidate_1,3,0.04666666666666667
1474,candidate_2,candidate_3,candidate_1,3,0.04666666666666667
1475,candidate_2,candidate_3,candidate_1,3,0.04666666666666667
1476,candidate_2,candidate_3,candidate_1,3,0.04666666666666667
1477,candidate_2,candidate_3,candidate_1,3,0.04666666666666667
1478,candidate_2,candidate_3,candidate_1,3,0.04666666666666667
1479,candidate_2,candidate_3,candidate_1,3,0.04666666666666667
1480,candidate_2,candidate_3,candidate_1,3,0.04666666666666667
1481,candidate_2,candidate_3,candidate_1,3,0.04666666666666667
1482,candidate_2,candidate_3,candidate_1,3,0.04666666666666667
1483,candidate_2,candidate_3,candidate_1,3,0.04666666666666667
1484,candidate_2,candidate_3,candidate_1,3,0.04666666666666667
1485,candidate_2,candidate_3,candidate_1,3,0.04666666666666667
1486,candidate_2,candidate_3,candidate_1,3,0.04666666666666667
1487,candidate_2,candidate_3,candidate_1,3,0.04666666666666667
1488,candidate_2,candidate_3,candidate_1,3,0.04666666666666667
1489,candidate_2,candidate_3,candidate_1,3,0.04666666666666667
1490,candidate_2,0,candidate_1,3,0.04666666666666667
1491,candidate_2,candidate_3,candidate_1,3,0.04666666666666667
1492,candidate_2,candidate_3,candidate_1,3,0.04666666666666667
1493,0,candidate_3,candidate_1,3,0.04666666666666667
1494,candidate_2,candidate_3,candidate_1,3,0.04666666666666667
1495,candidate_2,candidate_3,candidate_1,3,0.04666666666666667
1496,candidate_2,candidate_3,candidate_1,3,0.04666666666666667
1497,candidate_2,candidate_3,candidate_1,3,0.04666666666666667
1498,candidate_2,candidate_3,candidate_1,3,0.04666666666666667
1499,candidate_2,candidate_3,0,3,0.04666666666666667
1500,candidate_2,candidate_3,candidate_1,3,0.04666666666666667
1501,0,candidate_3,candidate_1,3,0.04666666666666667
1502,candidate_2,candidate_3,candidate_1,3,0.04666666666666667
1503,candidate_2,candidate_3,candidate_1,3,0.04666666666666667
1504,candidate_2,candidate_3,candidate_1,3,0.04666666666666667
1505,candidate_2,candidate_3,candidate_1,3,0.04666666666666667
1506,candidate_2,candidate_3,candidate_1,3,0.04666666666666667
1507,candidate_2,candidate_3,candidate_1,3,0.04666666666666667
1508,candidate_2,candidate_3,candidate_1,3,0.04666666666666667
1509,candidate_2,candidate_3,candidate_1,3,0.04666666666666667
1510,candidate_2,candidate_3,candidate_1,3,0.04666666666666667
1511,candidate_2,candidate_3,candidate_1,3,0.04666666666666667
1512,candidate_2,candidate_3,candidate_1,3,0.04666666666666667
1513,candidate_2,candidate_3,candidate_1,3,0.04666666666666667
1514,candidate_2,candidate_3,candidate_1,3,0.04666666666666667
1515,candidate_2,candidate_3,candidate_1,3,0.04666666666666667
1516,candidate_2,candidate_3,candidate_1,3,0.04666666666666667
1517,candidate_2,candidate_3,0,3,0.04666666666666667
1518,candidate_2,candidate_3,candidate_1,3,0.04666666666666667
1519,candidate_2,candidate_3,candidate_1,3,0.04666666666666667
1520,0,candidate_3,candidate_1,3,0.04666666666666667
1521,candidate_2,candidate_3,candidate_1,3,0.04666666666666667
1522,candidate_2,candidate_3,candidate_1,3,0.04666666666666667
1523,candidate_2,candidate_3,candidate_1,3,0.04666666666666667
1524,candidate_2,candidate_3,candidate_1,3,0.04666666666666667
1525,0,candidate_3,candidate_1,3,0.04666666666666667
1526,candidate_2,0,candidate_1,3,0.04666666666666667
1527,candidate_2,candidate_3,candidate_1,3,0.04666666666666667
1528,candidate_2,candidate_3,candidate_1,3,0.04666666666666667
1529,candidate_2,candidate_3,candidate_1,3,0.04666666666666667
1530,candidate_2,candidate_3,candidate_1,3,0.04666666666666667
1531,candidate_2,candidate_3,candidate_1,3,0.04666666666666667
1532,candidate_2,candidate_3,candidate_1,3,0.04666666666666667
1533,candidate_2,candidate_3,candidate_1,3,0.04666666666666667
1534,candidate_2,candidate_3,candidate_1,3,0.04666666666666667
1535,candidate_2,candidate_3,candidate_1,3,0.04666666666666667
1536,candidate_2,candidate_3,candidate_1,3,0.04666666666666667
1537,candidate_2,candidate_3,candidate_1,3,0.04666666666666667
1538,candidate_2,candidate_3,candidate_1,3,0.04666666666666667
1539,candidate_2,candidate_3,candidate_1,3,0.04666666666666667
1540,candidate_2,candidate_3,candidate_1,3,0.04666666666666667
1541,candidate_2,candidate_3,candidate_1,3,0.04666666666666667
1542,candidate_2,candidate_3,candidate_1,3,0.04666666666666667
1543,candidate_2,candidate_3,candidate_1,3,0.04666666666666667
1544,candidate_2,candidate_3,candidate_1,3,0.04666666666666667
1545,candidate_2,0,0,3,0.04666666666666667
1546,candidate_2,candidate_3,candidate_1,3,0.04666666666666667
1547,candidate_2,candidate_3,candidate_1,3,0.04666666666666667
1548,candidate_2,candidate_3,candidate_1,3,0.04666666666666667
1549,candidate_2,candidate_3,candidate_1,3,0.04666666666666667
1550,candidate_2,0,candidate_1,3,0.04666666666666667
1551,candidate_2,candidate_3,candidate_1,3,0.04666666666666667
1552,candidate_2,candidate_3,candidate_1,3,0.04666666666666667
1553,candidate_2,candidate_3,candidate_1,3,0.04666666666666667
1554,candidate_2,candidate_3,candidate_1,3,0.04666666666666667
1555,candidate_2,candidate_3,candidate_1,3,0.04666666666666667
1556,candidate_2,0,candidate_1,3,0.04666666666666667
1557,candidate_2,candidate_3,candidate_1,3,0.04666666666666667
1558,candidate_2,candidate_3,candidate_1,3,0.04666666666666667
1559,candidate_2,candidate_3,candidate_1,3,0.04666666666666667
1560,candidate_2,candidate_3,candidate_1,3,0.04666666666666667
1561,candidate_2,candidate_3,candidate_1,3,0.04666666666666667
1562,candidate_2,candidate_3,candidate_1,3,0.04666666666666667
1563,candidate_2,candidate_3,candidate_1,3,0.04666666666666667
1564,candidate_2,0,candidate_1,3,0.04666666666666667
1565,candidate_2,candidate_3,candidate_1,3,0.04666666666666667
1566,candidate_2,candidate_3,candidate_1,3,0.04666666666666667
1567,candidate_2,candidate_3,candidate_1,3,0.04666666666666667
1568,candidate_2,candidate_3,candidate_1,3,0.04666666666666667
1569,candidate_2,candidate_3,candidate_1,3,0.04666666666666667
1570,candidate_2,candidate_3,candidate_1,3,0.04666666666666667
1571,candidate_2,candidate_3,candidate_1,3,0.04666666666666667
1572,candidate_2,0,candidate_1,3,0.04666666666666667
1573,candidate_2,candidate_3,candidate_1,3,0.04666666666666667
1574,candidate_2,candidate_3,candidate_1,3,0.04666666666666667
1575,candidate_2,candidate_3,candidate_1,3,0.04666666666666667
1576,candidate_2,candidate_3,candidate_1,3,0.04666666666666667
1577,candidate_2,candidate_3,candidate_1,3,0.04666666666666667
1578,candidate_2,candidate_3,0,3,0.04666666666666667
1579,candidate_2,candidate_3,candidate_1,3,0.04666666666666667
1580,candidate_2,candidate_3,candidate_1,3,0.04666666666666667
1581,candidate_2,candidate_3,candidate_1,3,0.04666666666666667
1582,candidate_2,candidate_3,candidate_1,3,0.04666666666666667
1583,candidate_2,candidate_3,candidate_1,3,0.04666666666666667
1584,candidate_2,candidate_3,candidate_1,3,0.04666666666666667
1585,candidate_2,candidate_3,candidate_1,3,0.04666666666666667
1586,candidate_2,candidate_3,candidate_1,3,0.04666666666666667
1587,candidate_2,candidate_3,candidate_1,3,0.04666666666666667
1588,candidate_2,candidate_3,candidate_1,3,0.04666666666666667
1589,candidate_2,candidate_3,candidate_1,3,0.04666666666666667
1590,candidate_2,candidate_3,candidate_1,3,0.04666666666666667
1591,candidate_2,candidate_3,candidate_1,3,0.04666666666666667
1592,candidate_2,candidate_3,candidate_1,3,0.04666666666666667
1593,candidate_2,0,candidate_1,3,0.04666666666666667
1594,candidate_2,candidate_3,candidate_1,3,0.04666666666666667
1595,0,0,candidate_1,3,0.04666666666666667
1596,candidate_2,candidate_3,candidate_1,3,0.04666666666666667
1597,candidate_2,candidate_3,candidate_1,3,0.04666666666666667
1598,candidate_2,candidate_3,candidate_1,3,0.04666666666666667
1599,candidate_2,candidate_3,candidate_1,3,0.04666666666666667
1600,candidate_2,candidate_3,candidate_1,3,0.04666666666666667
1601,candidate_2,candidate_3,candidate_1,3,0.04666666666666667
1602,candidate_2,candidate_3,candidate_1,3,0.04666666666666667
1603,candidate_2,candidate_3,candidate_1,3,0.04666666666666667
1604,candidate_2,candidate_3,candidate_1,3,0.04666666666666667
1605,candidate_2,candidate_3,candidate_1,3,0.04666666666666667
1606,candidate_2,candidate_3,candidate_1,3,0.04666666666666667
1607,0,candidate_3,candidate_1,3,0.04666666666666667
1608,candidate_2,candidate_3,candidate_1,3,0.04666666666666667
1609,candidate_2,candidate_3,0,3,0.04666666666666667
1610,candidate_2,candidate_3,candidate_1,3,0.04666666666666667
1611,candidate_2,candidate_3,candidate_1,3,0.04666666666666667
1612,candidate_2,candidate_3,candidate_1,3,0.04666666666666667
1613,candidate_2,candidate_3,candidate_1,3,0.04666666666666667
1614,0,candidate_3,candidate_1,3,0.04666666666666667
1615,candidate_2,candidate_3,candidate_1,3,0.04666666666666667
1616,candidate_2,candidate_3,candidate_1,3,0.04666666666666667
1617,candidate_2,candidate_3,candidate_1,3,0.04666666666666667
1618,candidate_2,candidate_3,candidate_1,3,0.04666666666666667
1619,candidate_2,candidate_3,candidate_1,3,0.04666666666666667
1620,candidate_2,candidate_3,candidate_1,3,0.04666666666666667
1621,candidate_2,candidate_3,candidate_1,3,0.04666666666666667
1622,candidate_2,candidate_3,candidate_1,3,0.04666666666666667
1623,candidate_2,candidate_3,candidate_1,3,0.04666666666666667
1624,candidate_2,candidate_3,candidate_1,3,0.04666666666666667
1625,0,candidate_3,candidate_1,3,0.04666666666666667
1626,candidate_2,candidate_3,candidate_1,3,0.04666666666666667
1627,candidate_2,candidate_3,candidate_1,3,0.04666666666666667
1628,candidate_2,candidate_3,candidate_1,3,0.04666666666666667
1629,candidate_2,candidate_3,candidate_1,3,0.04666666666666667
1630,candidate_2,candidate_3,candidate_1,3,0.04666666666666667
1631,candidate_2,candidate_3,candidate_1,3,0.04666666666666667
1632,candidate_2,candidate_3,candidate_1,3,0.04666666666666667
1633,candidate_2,candidate_3,candidate_1,3,0.04666666666666667
1634,candidate_2,candidate_3,candidate_1,3,0.04666666666666667
1635,candidate_2,candidate_3,candidate_1,3,0.04666666666666667
1636,candidate_2,candidate_3,candidate_1,3,0.04666666666666667
1637,candidate_2,candidate_3,candidate_1,3,0.04666666666666667
1638,candidate_2,candidate_3,candidate_1,3,0.04666666666666667
1639,candidate_2,candidate_3,candidate_1,3,0.04666666666666667
1640,0,candidate_3,candidate_1,3,0.04666666666666667
1641,candidate_2,candidate_3,candidate_1,3,0.04666666666666667
1642,candidate_2,candidate_3,candidate_1,3,0.04666666666666667
1643,candidate_2,0,candidate_1,3,0.04666666666666667
1644,candidate_2,candidate_3,candidate_1,3,0.04666666666666667
1645,candidate_2,candidate_3,candidate_1,3,0.04666666666666667
1646,candidate_2,candidate_3,candidate_1,3,0.04666666666666667
1647,candidate_2,0,candidate_1,3,0.04666666666666667
1648,candidate_2,candidate_3,candidate_1,3,0.04666666666666667
1649,candidate_2,candidate_3,candidate_1,3,0.04666666666666667
1650,candidate_2,candidate_3,candidate_1,3,0.04666666666666667
1651,candidate_2,candidate_3,candidate_1,3,0.04666666666666667
1652,0,candidate_3,candidate_1,3,0.04666666666666667
1653,candidate_2,candidate_3,candidate_1,3,0.04666666666666667
1654,candidate_2,candidate_3,candidate_1,3,0.04666666666666667
1655,candidate_2,candidate_3,candidate_1,3,0.04666666666666667
1656,candidate_2,candidate_3,candidate_1,3,0.04666666666666667
1657,candidate_2,0,candidate_1,3,0.04666666666666667
1658,candidate_2,candidate_3,candidate_1,3,0.04666666666666667
1659,candidate_2,candidate_3,candidate_1,3,0.04666666666666667
1660,candidate_2,candidate_3,candidate_1,3,0.04666666666666667
1661,candidate_2,candidate_3,candidate_1,3,0.04666666666666667
1662,candidate_2,candidate_3,candidate_1,3,0.04666666666666667
1663,candidate_2,candidate_3,candidate_1,3,0.04666666666666667
1664,candidate_2,candidate_3,candidate_1,3,0.04666666666666667
1665,candidate_2,candidate_3,candidate_1,3,0.04666666666666667
1666,candidate_2,candidate_3,candidate_1,3,0.04666666666666667
1667,candidate_2,candidate_3,candidate_1,3,0.04666666666666667
1668,candidate_2,candidate_3,candidate_1,3,0.04666666666666667
1669,candidate_2,candidate_3,candidate_1,3,0.04666666666666667
1670,candidate_2,candidate_3,candidate_1,3,0.04666666666666667
1671,candidate_2,candidate_3,candidate_1,3,0.04666666666666667
1672,candidate_2,candidate_3,candidate_1,3,0.04666666666666667
1673,candidate_2,candidate_3,candidate_1,3,0.04666666666666667
1674,candidate_2,candidate_3,candidate_1,3,0.04666666666666667
1675,candidate_2,candidate_3,candidate_1,3,0.04666666666666667
1676,candidate_2,candidate_3,candidate_1,3,0.04666666666666667
1677,candidate_2,candidate_3,candidate_1,3,0.04666666666666667
1678,candidate_2,candidate_3,candidate_1,3,0.04666666666666667
1679,candidate_2,candidate_3,candidate_1,3,0.04666666666666667
1680,candidate_2,candidate_3,candidate_1,3,0.04666666666666667
1681,candidate_2,candidate_3,candidate_1,3,0.04666666666666667
1682,candidate_2,candidate_3,candidate_1,3,0.04666666666666667
1683,candidate_2,candidate_3,candidate_1,3,0.04666666666666667
1684,candidate_2,candidate_3,candidate_1,3,0.04666666666666667
1685,candidate_2,candidate_3,candidate_1,3,0.04666666666666667
1686,candidate_2,candidate_3,candidate_1,3,0.04666666666666667
1687,candidate_2,candidate_3,candidate_1,3,0.04666666666666667
1688,candidate_2,candidate_3,candidate_1,3,0.04666666666666667
1689,candidate_2,candidate_3,candidate_1,3,0.04666666666666667
1690,candidate_2,candidate_3,candidate_1,3,0.04666666666666667
1691,candidate_2,candidate_3,candidate_1,3,0.04666666666666667
1692,candidate_2,candidate_3,candidate_1,3,0.04666666666666667
1693,candidate_2,candidate_3,candidate_1,3,0.04666666666666667
1694,candidate_2,candidate_3,candidate_1,3,0.04666666666666667
1695,candidate_2,candidate_3,candidate_1,3,0.04666666666666667
1696,candidate_2,candidate_3,candidate_1,3,0.04666666666666667
1697,candidate_2,candidate_3,candidate_1,3,0.04666666666666667
1698,candidate_2,candidate_3,candidate_1,3,0.04666666666666667
1699,candidate_2,candidate_3,candidate_1,3,0.04666666666666667
1700,candidate_2,candidate_3,candidate_1,3,0.04666666666666667
1701,candidate_2,candidate_3,candidate_1,3,0.04666666666666667
1702,candidate_2,candidate_3,candidate_1,3,0.04666666666666667
1703,candidate_2,candidate_3,candidate_1,3,0.04666666666666667
1704,candidate_2,candidate_3,candidate_1,3,0.04666666666666667
1705,candidate_2,candidate_3,candidate_1,3,0.04666666666666667
1706,candidate_2,candidate_3,candidate_1,3,0.04666666666666667
1707,candidate_2,candidate_3,candidate_1,3,0.04666666666666667
1708,candidate_2,candidate_3,candidate_1,3,0.04666666666666667
1709,candidate_2,candidate_3,candidate_1,3,0.04666666666666667
1710,candidate_2,candidate_3,candidate_1,3,0.04666666666666667
1711,candidate_2,candidate_3,candidate_1,3,0.04666666666666667
1712,candidate_2,0,candidate_1,3,0.04666666666666667
1713,candidate_2,candidate_3,candidate_1,3,0.04666666666666667
1714,candidate_2,candidate_3,candidate_1,3,0.04666666666666667
1715,candidate_2,candidate_3,candidate_1,3,0.04666666666666667
1716,candidate_2,candidate_3,candidate_1,3,0.04666666666666667
1717,candidate_2,candidate_3,candidate_1,3,0.04666666666666667
1718,candidate_2,candidate_3,candidate_1,3,0.04666666666666667
1719,candidate_2,0,candidate_1,3,0.04666666666666667
1720,candidate_2,candidate_3,0,3,0.04666666666666667
1721,candidate_2,candidate_3,candidate_1,3,0.04666666666666667
1722,candidate_2,candidate_3,candidate_1,3,0.04666666666666667
1723,candidate_2,candidate_3,candidate_1,3,0.04666666666666667
1724,candidate_2,candidate_3,candidate_1,3,0.04666666666666667
1725,candidate_2,candidate_3,candidate_1,3,0.04666666666666667
1726,candidate_2,candidate_3,candidate_1,3,0.04666666666666667
1727,candidate_2,candidate_3,candidate_1,3,0.04666666666666667
1728,candidate_2,candidate_3,candidate_1,3,0.04666666666666667
1729,candidate_2,candidate_3,candidate_1,3,0.04666666666666667
1730,candidate_2,candidate_3,candidate_1,3,0.04666666666666667
1731,candidate_2,candidate_3,candidate_1,3,0.04666666666666667
1732,candidate_2,candidate_3,candidate_1,3,0.04666666666666667
1733,0,candidate_3,candidate_1,3,0.04666666666666667
1734,candidate_2,candidate_3,candidate_1,3,0.04666666666666667
1735,candidate_2,candidate_3,candidate_1,3,0.04666666666666667
1736,candidate_2,candidate_3,candidate_1,3,0.04666666666666667
1737,candidate_2,candidate_3,candidate_1,3,0.04666666666666667
1738,candidate_2,candidate_3,candidate_1,3,0.04666666666666667
1739,candidate_2,candidate_3,candidate_1,3,0.04666666666666667
1740,candidate_2,candidate_3,candidate_1,3,0.04666666666666667
1741,candidate_2,candidate_3,candidate_1,3,0.04666666666666667
1742,candidate_2,candidate_3,candidate_1,3,0.04666666666666667
1743,candidate_2,candidate_3,candidate_1,3,0.04666666666666667
1744,candidate_2,candidate_3,candidate_1,3,0.04666666666666667
1745,candidate_2,candidate_3,candidate_1,3,0.04666666666666667
1746,candidate_2,candidate_3,candidate_1,3,0.04666666666666667
1747,candidate_2,candidate_3,candidate_1,3,0.04666666666666667
1748,candidate_2,candidate_3,candidate_1,3,0.04666666666666667
1749,candidate_2,0,candidate_1,3,0.04666666666666667
1750,candidate_2,candidate_3,candidate_1,3,0.04666666666666667
1751,candidate_2,candidate_3,candidate_1,3,0.04666666666666667
1752,0,candidate_3,candidate_1,3,0.04666666666666667
1753,candidate_2,candidate_3,candidate_1,3,0.04666666666666667
1754,candidate_2,candidate_3,candidate_1,3,0.04666666666666667
1755,candidate_2,candidate_3,candidate_1,3,0.04666666666666667
1756,candidate_2,candidate_3,candidate_1,3,0.04666666666666667
1757,0,candidate_3,candidate_1,3,0.04666666666666667
1758,candidate_2,candidate_3,candidate_1,3,0.04666666666666667
1759,candidate_2,candidate_3,candidate_1,3,0.04666666666666667
1760,candidate_2,candidate_3,candidate_1,3,0.04666666666666667
1761,candidate_2,candidate_3,candidate_1,3,0.04666666666666667
1762,candidate_2,candidate_3,candidate_1,3,0.04666666666666667
1763,candidate_2,candidate_3,candidate_1,3,0.04666666666666667
1764,candidate_2,candidate_3,candidate_1,3,0.04666666666666667
1765,candidate_2,candidate_3,candidate_1,3,0.04666666666666667
1766,candidate_2,candidate_3,candidate_1,3,0.04666666666666667
1767,candidate_2,candidate_3,candidate_1,3,0.04666666666666667
1768,0,candidate_3,candidate_1,3,0.04666666666666667
1769,candidate_2,candidate_3,candidate_1,3,0.04666666666666667
1770,candidate_2,candidate_3,candidate_1,3,0.04666666666666667
1771,candidate_2,candidate_3,candidate_1,3,0.04666666666666667
1772,candidate_2,candidate_3,candidate_1,3,0.04666666666666667
1773,candidate_2,candidate_3,candidate_1,3,0.04666666666666667
1774,candidate_2,candidate_3,candidate_1,3,0.04666666666666667
1775,candidate_2,candidate_3,candidate_1,3,0.04666666666666667
1776,0,candidate_3,candidate_1,3,0.04666666666666667
1777,candidate_2,candidate_3,candidate_1,3,0.04666666666666667
1778,candidate_2,candidate_3,candidate_1,3,0.04666666666666667
1779,candidate_2,candidate_3,candidate_1,3,0.04666666666666667
1780,candidate_2,candidate_3,candidate_1,3,0.04666666666666667
1781,candidate_2,candidate_3,candidate_1,3,0.04666666666666667
1782,candidate_2,candidate_3,candidate_1,3,0.04666666666666667
1783,candidate_2,candidate_3,candidate_1,3,0.04666666666666667
1784,candidate_2,candidate_3,candidate_1,3,0.04666666666666667
1785,candidate_2,candidate_3,candidate_1,3,0.04666666666666667
1786,candidate_2,candidate_3,candidate_1,3,0.04666666666666667
1787,candidate_2,candidate_3,candidate_1,3,0.04666666666666667
1788,candidate_2,candidate_3,candidate_1,3,0.04666666666666667
1789,candidate_2,0,candidate_1,3,0.04666666666666667
1790,candidate_2,candidate_3,candidate_1,3,0.04666666666666667
1791,candidate_2,candidate_3,candidate_1,3,0.04666666666666667
1792,candidate_2,candidate_3,candidate_1,3,0.04666666666666667
1793,candidate_2,candidate_3,candidate_1,3,0.04666666666666667
1794,candidate_2,candidate_3,candidate_1,3,0.04666666666666667
1795,candidate_2,candidate_3,candidate_1,3,0.04666666666666667
1796,candidate_2,candidate_3,candidate_1,3,0.04666666666666667
1797,candidate_2,candidate_3,candidate_1,3,0.04666666666666667
1798,candidate_2,candidate_3,candidate_1,3,0.04666666666666667
1799,candidate_2,candidate_3,candidate_1,3,0.04666666666666667
1800,candidate_2,candidate_3,candidate_1,3,0.04666666666666667
1801,candidate_2,candidate_3,candidate_1,3,0.04666666666666667
1802,candidate_2,0,0,3,0.04666666666666667
1803,candidate_2,candidate_3,candidate_1,3,0.04666666666666667
1804,candidate_2,candidate_3,candidate_1,3,0.04666666666666667
1805,candidate_2,candidate_3,candidate_1,3,0.04666666666666667
1806,0,candidate_3,candidate_1,3,0.04666666666666667
1807,candidate_2,candidate_3,0,3,0.04666666666666667
1808,candidate_2,candidate_3,0,3,0.04666666666666667
1809,candidate_2,candidate_3,candidate_1,3,0.04666666666666667
1810,candidate_2,candidate_3,candidate_1,3,0.04666666666666667
1811,candidate_2,0,candidate_1,3,0.04666666666666667
1812,candidate_2,candidate_3,candidate_1,3,0.04666666666666667
1813,candidate_2,candidate_3,candidate_1,3,0.04666666666666667
1814,candidate_2,candidate_3,candidate_1,3,0.04666666666666667
1815,candidate_2,candidate_3,candidate_1,3,0.04666666666666667
1816,candidate_2,candidate_3,candidate_1,3,0.04666666666666667
1817,candidate_2,candidate_3,candidate_1,3,0.04666666666666667
1818,0,candidate_3,candidate_1,3,0.04666666666666667
1819,candidate_2,candidate_3,candidate_1,3,0.04666666666666667
1820,candidate_2,candidate_3,candidate_1,3,0.04666666666666667
1821,candidate_2,candidate_3,candidate_1,3,0.04666666666666667
1822,candidate_2,candidate_3,candidate_1,3,0.04666666666666667
1823,candidate_2,candidate_3,candidate_1,3,0.04666666666666667
1824,candidate_2,candidate_3,candidate_1,3,0.04666666666666667
1825,candidate_2,candidate_3,candidate_1,3,0.04666666666666667
1826,candidate_2,candidate_3,candidate_1,3,0.04666666666666667
1827,candidate_2,candidate_3,candidate_1,3,0.04666666666666667
1828,candidate_2,candidate_3,candidate_1,3,0.04666666666666667
1829,candidate_2,candidate_3,candidate_1,3,0.04666666666666667
1830,candidate_2,candidate_3,candidate_1,3,0.04666666666666667
1831,candidate_2,candidate_3,candidate_1,3,0.04666666666666667
1832,candidate_2,candidate_3,candidate_1,3,0.04666666666666667
1833,candidate_2,candidate_3,candidate_1,3,0.04666666666666667
1834,0,candidate_3,candidate_1,3,0.04666666666666667
1835,candidate_2,candidate_3,candidate_1,3,0.04666666666666667
1836,candidate_2,candidate_3,candidate_1,3,0.04666666666666667
1837,candidate_2,candidate_3,candidate_1,3,0.04666666666666667
1838,candidate_2,candidate_3,candidate_1,3,0.04666666666666667
1839,candidate_2,candidate_3,candidate_1,3,0.04666666666666667
1840,0,candidate_3,candidate_1,3,0.04666666666666667
1841,candidate_2,candidate_3,candidate_1,3,0.04666666666666667
1842,candidate_2,candidate_3,candidate_1,3,0.04666666666666667
1843,candidate_2,candidate_3,candidate_1,3,0.04666666666666667
1844,candidate_2,candidate_3,candidate_1,3,0.04666666666666667
1845,candidate_2,candidate_3,candidate_1,3,0.04666666666666667
1846,candidate_2,candidate_3,candidate_1,3,0.04666666666666667
1847,candidate_2,candidate_3,candidate_1,3,0.04666666666666667
1848,candidate_2,candidate_3,candidate_1,3,0.04666666666666667
1849,candidate_2,candidate_3,candidate_1,3,0.04666666666666667
1850,candidate_2,candidate_3,candidate_1,3,0.04666666666666667
1851,candidate_2,candidate_3,candidate_1,3,0.04666666666666667
1852,candidate_2,candidate_3,candidate_1,3,0.04666666666666667
1853,candidate_2,candidate_3,candidate_1,3,0.04666666666666667
1854,candidate_2,candidate_3,candidate_1,3,0.04666666666666667
1855,candidate_2,0,candidate_1,3,0.04666666666666667
1856,candidate_2,candidate_3,candidate_1,3,0.04666666666666667
1857,0,candidate_3,candidate_1,3,0.04666666666666667
1858,candidate_2,candidate_3,candidate_1,3,0.04666666666666667
1859,candidate_2,candidate_3,candidate_1,3,0.04666666666666667
1860,candidate_2,candidate_3,candidate_1,3,0.04666666666666667
1861,candidate_2,candidate_3,candidate_1,3,0.04666666666666667
1862,candidate_2,candidate_3,candidate_1,3,0.04666666666666667
1863,candidate_2,candidate_3,candidate_1,3,0.04666666666666667
1864,candidate_2,candidate_3,candidate_1,3,0.04666666666666667
1865,candidate_2,candidate_3,candidate_1,3,0.04666666666666667
1866,candidate_2,candidate_3,candidate_1,3,0.04666666666666667
1867,candidate_2,candidate_3,candidate_1,3,0.04666666666666667
1868,candidate_2,candidate_3,candidate_1,3,0.04666666666666667
1869,candidate_2,candidate_3,candidate_1,3,0.04666666666666667
1870,candidate_2,candidate_3,0,3,0.04666666666666667
1871,candidate_2,candidate_3,candidate_1,3,0.04666666666666667
1872,candidate_2,candidate_3,candidate_1,3,0.04666666666666667
1873,candidate_2,candidate_3,candidate_1,3,0.04666666666666667
1874,candidate_2,candidate_3,candidate_1,3,0.04666666666666667
1875,candidate_2,candidate_3,candidate_1,3,0.04666666666666667
1876,candidate_2,candidate_3,candidate_1,3,0.04666666666666667
1877,candidate_2,candidate_3,candidate_1,3,0.04666666666666667
1878,candidate_2,candidate_3,candidate_1,3,0.04666666666666667
1879,candidate_2,candidate_3,candidate_1,3,0.04666666666666667
1880,candidate_2,candidate_3,candidate_1,3,0.04666666666666667
1881,candidate_2,candidate_3,candidate_1,3,0.04666666666666667
1882,candidate_2,candidate_3,candidate_1,3,0.04666666666666667
1883,candidate_2,candidate_3,candidate_1,3,0.04666666666666667
1884,candidate_2,candidate_3,candidate_1,3,0.04666666666666667
1885,candidate_2,candidate_3,candidate_1,3,0.04666666666666667
1886,candidate_2,candidate_3,candidate_1,3,0.04666666666666667
1887,candidate_2,candidate_3,candidate_1,3,0.04666666666666667
1888,candidate_2,candidate_3,candidate_1,3,0.04666666666666667
1889,0,candidate_3,candidate_1,3,0.04666666666666667
1890,0,candidate_3,candidate_1,3,0.04666666666666667
1891,candidate_2,candidate_3,candidate_1,3,0.04666666666666667
1892,candidate_2,candidate_3,candidate_1,3,0.04666666666666667
1893,candidate_2,candidate_3,candidate_1,3,0.04666666666666667
1894,candidate_2,candidate_3,candidate_1,3,0.04666666666666667
1895,candidate_2,candidate_3,candidate_1,3,0.04666666666666667
1896,candidate_2,candidate_3,candidate_1,3,0.04666666666666667
1897,0,candidate_3,candidate_1,3,0.04666666666666667
1898,candidate_2,candidate_3,candidate_1,3,0.04666666666666667
1899,candidate_2,candidate_3,candidate_1,3,0.04666666666666667
1900,0,candidate_3,candidate_1,3,0.04666666666666667
1901,candidate_2,candidate_3,candidate_1,3,0.04666666666666667
1902,candidate_2,candidate_3,candidate_1,3,0.04666666666666667
1903,candidate_2,candidate_3,candidate_1,3,0.04666666666666667
1904,candidate_2,candidate_3,candidate_1,3,0.04666666666666667
1905,candidate_2,candidate_3,candidate_1,3,0.04666666666666667
1906,candidate_2,0,candidate_1,3,0.04666666666666667
1907,candidate_2,candidate_3,candidate_1,3,0.04666666666666667
1908,0,candidate_3,candidate_1,3,0.04666666666666667
1909,candidate_2,candidate_3,candidate_1,3,0.04666666666666667
1910,0,candidate_3,candidate_1,3,0.04666666666666667
1911,candidate_2,candidate_3,candidate_1,3,0.04666666666666667
1912,candidate_2,candidate_3,candidate_1,3,0.04666666666666667
1913,candidate_2,candidate_3,candidate_1,3,0.04666666666666667
1914,candidate_2,candidate_3,candidate_1,3,0.04666666666666667
1915,candidate_2,candidate_3,candidate_1,3,0.04666666666666667
1916,0,candidate_3,candidate_1,3,0.04666666666666667
1917,candidate_2,candidate_3,candidate_1,3,0.04666666666666667
1918,candidate_2,candidate_3,candidate_1,3,0.04666666666666667
1919,candidate_2,0,candidate_1,3,0.04666666666666667
1920,candidate_2,0,candidate_1,3,0.04666666666666667
1921,candidate_2,candidate_3,candidate_1,3,0.04666666666666667
1922,candidate_2,candidate_3,candidate_1,3,0.04666666666666667
1923,0,candidate_3,candidate_1,3,0.04666666666666667
1924,candidate_2,candidate_3,candidate_1,3,0.04666666666666667
1925,candidate_2,0,candidate_1,3,0.04666666666666667
1926,candidate_2,candidate_3,candidate_1,3,0.04666666666666667
1927,candidate_2,candidate_3,candidate_1,3,0.04666666666666667
1928,candidate_2,candidate_3,candidate_1,3,0.04666666666666667
1929,candidate_2,candidate_3,0,3,0.04666666666666667
1930,candidate_2,candidate_3,candidate_1,3,0.04666666666666667
1931,candidate_2,candidate_3,candidate_1,3,0.04666666666666667
1932,candidate_2,candidate_3,candidate_1,3,0.04666666666666667
1933,candidate_2,candidate_3,candidate_1,3,0.04666666666666667
1934,candidate_2,candidate_3,candidate_1,3,0.04666666666666667
1935,candidate_2,candidate_3,candidate_1,3,0.04666666666666667
1936,candidate_2,candidate_3,candidate_1,3,0.04666666666666667
1937,0,candidate_3,candidate_1,3,0.04666666666666667
1938,candidate_2,candidate_3,candidate_1,3,0.04666666666666667
1939,candidate_2,candidate_3,candidate_1,3,0.04666666666666667
1940,candidate_2,candidate_3,candidate_1,3,0.04666666666666667
1941,candidate_2,candidate_3,candidate_1,3,0.04666666666666667
1942,candidate_2,candidate_3,candidate_1,3,0.04666666666666667
1943,candidate_2,candidate_3,candidate_1,3,0.04666666666666667
1944,candidate_2,candidate_3,candidate_1,3,0.04666666666666667
1945,candidate_2,candidate_3,candidate_1,3,0.04666666666666667
1946,candidate_2,candidate_3,candidate_1,3,0.04666666666666667
1947,candidate_2,candidate_3,candidate_1,3,0.04666666666666667
1948,candidate_2,candidate_3,candidate_1,3,0.04666666666666667
1949,candidate_2,candidate_3,candidate_1,3,0.04666666666666667
1950,candidate_2,candidate_3,candidate_1,3,0.04666666666666667
1951,candidate_2,candidate_3,candidate_1,3,0.04666666666666667
1952,candidate_2,0,candidate_1,3,0.04666666666666667
1953,candidate_2,candidate_3,candidate_1,3,0.04666666666666667
1954,candidate_2,candidate_3,candidate_1,3,0.04666666666666667
1955,candidate_2,candidate_3,candidate_1,3,0.04666666666666667
1956,candidate_2,candidate_3,candidate_1,3,0.04666666666666667
1957,candidate_2,candidate_3,candidate_1,3,0.04666666666666667
1958,candidate_2,0,candidate_1,3,0.04666666666666667
1959,candidate_2,candidate_3,0,3,0.04666666666666667
1960,candidate_2,candidate_3,candidate_1,3,0.04666666666666667
1961,candidate_2,candidate_3,candidate_1,3,0.04666666666666667
1962,candidate_2,candidate_3,candidate_1,3,0.04666666666666667
1963,candidate_2,candidate_3,candidate_1,3,0.04666666666666667
1964,candidate_2,0,candidate_1,3,0.04666666666666667
1965,candidate_2,candidate_3,candidate_1,3,0.04666666666666667
1966,candidate_2,candidate_3,candidate_1,3,0.04666666666666667
1967,candidate_2,candidate_3,candidate_1,3,0.04666666666666667
1968,candidate_2,candidate_3,candidate_1,3,0.04666666666666667
1969,candidate_2,candidate_3,candidate_1,3,0.04666666666666667
1970,candidate_2,candidate_3,candidate_1,3,0.04666666666666667
1971,candidate_2,candidate_3,candidate_1,3,0.04666666666666667
1972,candidate_2,candidate_3,candidate_1,3,0.04666666666666667
1973,candidate_2,candidate_3,candidate_1,3,0.04666666666666667
1974,candidate_2,candidate_3,candidate_1,3,0.04666666666666667
1975,candidate_2,candidate_3,candidate_1,3,0.04666666666666667
1976,candidate_2,candidate_3,candidate_1,3,0.04666666666666667
1977,candidate_2,candidate_3,0,3,0.04666666666666667
1978,candidate_2,candidate_3,candidate_1,3,0.04666666666666667
1979,candidate_2,candidate_3,candidate_1,3,0.04666666666666667
1980,candidate_2,0,candidate_1,3,0.04666666666666667
1981,candidate_2,candidate_3,candidate_1,3,0.04666666666666667
1982,candidate_2,candidate_3,candidate_1,3,0.04666666666666667
1983,candidate_2,candidate_3,candidate_1,3,0.04666666666666667
1984,candidate_2,candidate_3,candidate_1,3,0.04666666666666667
1985,candidate_2,candidate_3,candidate_1,3,0.04666666666666667
1986,candidate_2,candidate_3,candidate_1,3,0.04666666666666667
1987,candidate_2,candidate_3,candidate_1,3,0.04666666666666667
1988,candidate_2,candidate_3,candidate_1,3,0.04666666666666667
1989,candidate_2,candidate_3,candidate_1,3,0.04666666666666667
1990,candidate_2,candidate_3,candidate_1,3,0.04666666666666667
1991,candidate_2,candidate_3,candidate_1,3,0.04666666666666667
1992,candidate_2,candidate_3,candidate_1,3,0.04666666666666667
1993,candidate_2,candidate_3,candidate_1,3,0.04666666666666667
1994,candidate_2,candidate_3,candidate_1,3,0.04666666666666667
1995,candidate_2,candidate_3,candidate_1,3,0.04666666666666667
1996,candidate_2,candidate_3,candidate_1,3,0.04666666666666667
1997,0,0,candidate_1,3,0.04666666666666667
1998,candidate_2,candidate_3,candidate_1,3,0.04666666666666667
1999,candidate_2,candidate_3,candidate_1,3,0.04666666666666667
2000,candidate_2,candidate_3,candidate_1,3,0.04666666666666667
2001,candidate_2,candidate_3,candidate_1,3,0.04666666666666667
2002,candidate_2,candidate_3,candidate_1,3,0.04666666666666667
2003,candidate_2,candidate_3,candidate_1,3,0.04666666666666667
2004,candidate_2,candidate_3,candidate_1,3,0.04666666666666667
2005,candidate_2,candidate_3,candidate_1,3,0.04666666666666667
2006,candidate_2,candidate_3,candidate_1,3,0.04666666666666667
2007,0,candidate_3,candidate_1,3,0.04666666666666667
2008,candidate_2,candidate_3,candidate_1,3,0.04666666666666667
2009,candidate_2,candidate_3,candidate_1,3,0.04666666666666667
2010,candidate_2,candidate_3,candidate_1,3,0.04666666666666667
2011,candidate_2,candidate_3,candidate_1,3,0.04666666666666667
2012,candidate_2,candidate_3,candidate_1,3,0.04666666666666667
2013,candidate_2,candidate_3,candidate_1,3,0.04666666666666667
2014,candidate_2,candidate_3,candidate_1,3,0.04666666666666667
2015,0,candidate_3,candidate_1,3,0.04666666666666667
2016,candidate_2,candidate_3,candidate_1,3,0.04666666666666667
2017,candidate_2,candidate_3,candidate_1,3,0.04666666666666667
2018,candidate_2,candidate_3,candidate_1,3,0.04666666666666667
2019,candidate_2,candidate_3,candidate_1,3,0.04666666666666667
2020,candidate_2,candidate_3,candidate_1,3,0.04666666666666667
2021,candidate_2,candidate_3,candidate_1,3,0.04666666666666667
2022,candidate_2,candidate_3,candidate_1,3,0.04666666666666667
2023,candidate_2,0,0,3,0.04666666666666667
2024,candidate_2,candidate_3,0,3,0.04666666666666667
2025,candidate_2,candidate_3,candidate_1,3,0.04666666666666667
2026,candidate_2,candidate_3,candidate_1,3,0.04666666666666667
2027,candidate_2,candidate_3,0,3,0.04666666666666667
2028,candidate_2,candidate_3,candidate_1,3,0.04666666666666667
2029,candidate_2,candidate_3,candidate_1,3,0.04666666666666667
2030,candidate_2,0,0,3,0.04666666666666667
2031,candidate_2,candidate_3,candidate_1,3,0.04666666666666667
2032,candidate_2,candidate_3,candidate_1,3,0.04666666666666667
2033,candidate_2,candidate_3,candidate_1,3,0.04666666666666667
2034,candidate_2,candidate_3,candidate_1,3,0.04666666666666667
2035,candidate_2,candidate_3,0,3,0.04666666666666667
2036,candidate_2,candidate_3,candidate_1,3,0.04666666666666667
2037,candidate_2,candidate_3,candidate_1,3,0.04666666666666667
2038,0,candidate_3,candidate_1,3,0.04666666666666667
2039,candidate_2,0,0,3,0.04666666666666667
2040,candidate_2,0,candidate_1,3,0.04666666666666667
2041,candidate_2,candidate_3,candidate_1,3,0.04666666666666667
2042,candidate_2,candidate_3,candidate_1,3,0.04666666666666667
2043,candidate_2,candidate_3,candidate_1,3,0.04666666666666667
2044,candidate_2,0,candidate_1,3,0.04666666666666667
2045,candidate_2,candidate_3,candidate_1,3,0.04666666666666667
2046,candidate_2,candidate_3,candidate_1,3,0.04666666666666667
2047,candidate_2,candidate_3,candidate_1,3,0.04666666666666667
2048,0,candidate_3,candidate_1,3,0.04666666666666667
2049,candidate_2,candidate_3,candidate_1,3,0.04666666666666667
2050,candidate_2,0,candidate_1,3,0.04666666666666667
2051,candidate_2,candidate_3,candidate_1,3,0.04666666666666667
2052,candidate_2,candidate_3,candidate_1,3,0.04666666666666667
2053,candidate_2,candidate_3,candidate_1,3,0.04666666666666667
2054,candidate_2,candidate_3,candidate_1,3,0.04666666666666667
2055,candidate_2,candidate_3,candidate_1,3,0.04666666666666667
2056,candidate_2,candidate_3,candidate_1,3,0.04666666666666667
2057,candidate_2,candidate_3,candidate_1,3,0.04666666666666667
2058,candidate_2,candidate_3,candidate_1,3,0.04666666666666667
2059,candidate_2,candidate_3,candidate_1,3,0.04666666666666667
2060,0,candidate_3,candidate_1,3,0.04666666666666667
2061,candidate_2,candidate_3,candidate_1,3,0.04666666666666667
2062,candidate_2,candidate_3,candidate_1,3,0.04666666666666667
2063,candidate_2,candidate_3,candidate_1,3,0.04666666666666667
2064,candidate_2,candidate_3,candidate_1,3,0.04666666666666667
2065,candidate_2,candidate_3,candidate_1,3,0.04666666666666667
2066,candidate_2,candidate_3,candidate_1,3,0.04666666666666667
2067,candidate_2,candidate_3,0,3,0.04666666666666667
2068,candidate_2,candidate_3,candidate_1,3,0.04666666666666667
2069,0,0,candidate_1,3,0.04666666666666667
2070,candidate_2,candidate_3,candidate_1,3,0.04666666666666667
2071,candidate_2,candidate_3,candidate_1,3,0.04666666666666667
2072,candidate_2,candidate_3,candidate_1,3,0.04666666666666667
2073,candidate_2,candidate_3,0,3,0.04666666666666667
2074,candidate_2,candidate_3,candidate_1,3,0.04666666666666667
2075,candidate_2,candidate_3,candidate_1,3,0.04666666666666667
2076,candidate_2,candidate_3,candidate_1,3,0.04666666666666667
2077,candidate_2,candidate_3,candidate_1,3,0.04666666666666667
2078,candidate_2,candidate_3,candidate_1,3,0.04666666666666667
2079,candidate_2,candidate_3,candidate_1,3,0.04666666666666667
2080,candidate_2,candidate_3,candidate_1,3,0.04666666666666667
2081,candidate_2,candidate_3,candidate_1,3,0.04666666666666667
2082,0,candidate_3,candidate_1,3,0.04666666666666667
2083,candidate_2,candidate_3,candidate_1,3,0.04666666666666667
2084,candidate_2,candidate_3,candidate_1,3,0.04666666666666667
2085,candidate_2,candidate_3,0,3,0.04666666666666667
2086,candidate_2,candidate_3,candidate_1,3,0.04666666666666667
2087,candidate_2,candidate_3,candidate_1,3,0.04666666666666667
2088,candidate_2,candidate_3,candidate_1,3,0.04666666666666667
2089,candidate_2,candidate_3,candidate_1,3,0.04666666666666667
2090,candidate_2,candidate_3,candidate_1,3,0.04666666666666667
2091,candidate_2,candidate_3,candidate_1,3,0.04666666666666667
2092,candidate_2,0,0,3,0.04666666666666667
2093,candidate_2,candidate_3,candidate_1,3,0.04666666666666667
2094,candidate_2,candidate_3,candidate_1,3,0.04666666666666667
2095,candidate_2,candidate_3,candidate_1,3,0.04666666666666667
2096,candidate_2,candidate_3,candidate_1,3,0.04666666666666667
2097,candidate_2,candidate_3,candidate_1,3,0.04666666666666667
2098,candidate_2,candidate_3,candidate_1,3,0.04666666666666667
2099,candidate_2,candidate_3,candidate_1,3,0.04666666666666667
2100,candidate_2,candidate_3,candidate_1,3,0.04666666666666667
2101,candidate_2,candidate_3,candidate_1,3,0.04666666666666667
2102,candidate_2,candidate_3,candidate_1,3,0.04666666666666667
2103,candidate_2,candidate_3,candidate_1,3,0.04666666666666667
2104,candidate_2,candidate_3,candidate_1,3,0.04666666666666667
2105,candidate_2,candidate_3,candidate_1,3,0.04666666666666667
2106,candidate_2,candidate_3,candidate_1,3,0.04666666666666667
2107,candidate_2,candidate_3,candidate_1,3,0.04666666666666667
2108,candidate_2,candidate_3,candidate_1,3,0.04666666666666667
2109,candidate_2,candidate_3,candidate_1,3,0.04666666666666667
2110,candidate_2,candidate_3,candidate_1,3,0.04666666666666667
2111,candidate_2,candidate_3,candidate_1,3,0.04666666666666667
2112,candidate_2,candidate_3,candidate_1,3,0.04666666666666667
2113,candidate_2,candidate_3,candidate_1,3,0.04666666666666667
2114,candidate_2,candidate_3,candidate_1,3,0.04666666666666667
2115,candidate_2,candidate_3,candidate_1,3,0.04666666666666667
2116,candidate_2,candidate_3,candidate_1,3,0.04666666666666667
2117,candidate_2,candidate_3,candidate_1,3,0.04666666666666667
2118,candidate_2,candidate_3,candidate_1,3,0.04666666666666667
2119,candidate_2,candidate_3,candidate_1,3,0.04666666666666667
2120,candidate_2,candidate_3,candidate_1,3,0.04666666666666667
2121,candidate_2,candidate_3,candidate_1,3,0.04666666666666667
2122,0,candidate_3,candidate_1,3,0.04666666666666667
2123,candidate_2,candidate_3,candidate_1,3,0.04666666666666667
2124,candidate_2,candidate_3,candidate_1,3,0.04666666666666667
2125,candidate_2,candidate_3,candidate_1,3,0.04666666666666667
2126,candidate_2,candidate_3,candidate_1,3,0.04666666666666667
2127,candidate_2,candidate_3,candidate_1,3,0.04666666666666667
2128,candidate_2,candidate_3,candidate_1,3,0.04666666666666667
2129,candidate_2,candidate_3,candidate_1,3,0.04666666666666667
2130,candidate_2,candidate_3,candidate_1,3,0.04666666666666667
2131,candidate_2,candidate_3,candidate_1,3,0.04666666666666667
2132,candidate_2,candidate_3,candidate_1,3,0.04666666666666667
2133,candidate_2,candidate_3,candidate_1,3,0.04666666666666667
2134,candidate_2,candidate_3,candidate_1,3,0.04666666666666667
2135,0,candidate_3,candidate_1,3,0.04666666666666667
2136,candidate_2,candidate_3,candidate_1,3,0.04666666666666667
2137,candidate_2,candidate_3,candidate_1,3,0.04666666666666667
2138,candidate_2,candidate_3,candidate_1,3,0.04666666666666667
2139,candidate_2,0,candidate_1,3,0.04666666666666667
2140,candidate_2,candidate_3,candidate_1,3,0.04666666666666667
2141,candidate_2,candidate_3,candidate_1,3,0.04666666666666667
2142,candidate_2,candidate_3,candidate_1,3,0.04666666666666667
2143,candidate_2,candidate_3,candidate_1,3,0.04666666666666667
2144,candidate_2,candidate_3,candidate_1,3,0.04666666666666667
2145,candidate_2,candidate_3,candidate_1,3,0.04666666666666667
2146,candidate_2,candidate_3,candidate_1,3,0.04666666666666667
2147,candidate_2,candidate_3,candidate_1,3,0.04666666666666667
2148,candidate_2,candidate_3,candidate_1,3,0.04666666666666667
2149,candidate_2,candidate_3,candidate_1,3,0.04666666666666667
2150,candidate_2,candidate_3,candidate_1,3,0.04666666666666667
2151,candidate_2,candidate_3,candidate_1,3,0.04666666666666667
2152,candidate_2,0,candidate_1,3,0.04666666666666667
2153,candidate_2,candidate_3,candidate_1,3,0.04666666666666667
2154,candidate_2,candidate_3,candidate_1,3,0.04666666666666667
2155,candidate_2,candidate_3,candidate_1,3,0.04666666666666667
2156,candidate_2,candidate_3,candidate_1,3,0.04666666666666667
2157,candidate_2,candidate_3,candidate_1,3,0.04666666666666667
2158,candidate_2,candidate_3,candidate_1,3,0.04666666666666667
2159,candidate_2,candidate_3,candidate_1,3,0.04666666666666667
2160,candidate_2,candidate_3,candidate_1,3,0.04666666666666667
2161,candidate_2,candidate_3,candidate_1,3,0.04666666666666667
2162,0,candidate_3,candidate_1,3,0.04666666666666667
2163,candidate_2,candidate_3,candidate_1,3,0.04666666666666667
2164,candidate_2,candidate_3,candidate_1,3,0.04666666666666667
2165,candidate_2,candidate_3,0,3,0.04666666666666667
2166,candidate_2,candidate_3,candidate_1,3,0.04666666666666667
2167,candidate_2,candidate_3,0,3,0.04666666666666667
2168,candidate_2,candidate_3,0,3,0.04666666666666667
2169,candidate_2,candidate_3,candidate_1,3,0.04666666666666667
2170,candidate_2,candidate_3,candidate_1,3,0.04666666666666667
2171,candidate_2,candidate_3,candidate_1,3,0.04666666666666667
2172,candidate_2,candidate_3,candidate_1,3,0.04666666666666667
2173,candidate_2,candidate_3,candidate_1,3,0.04666666666666667
2174,candidate_2,candidate_3,candidate_1,3,0.04666666666666667
2175,candidate_2,candidate_3,candidate_1,3,0.04666666666666667
2176,candidate_2,candidate_3,candidate_1,3,0.04666666666666667
2177,candidate_2,candidate_3,candidate_1,3,0.04666666666666667
2178,candidate_2,candidate_3,candidate_1,3,0.04666666666666667
2179,candidate_2,0,candidate_1,3,0.04666666666666667
2180,candidate_2,candidate_3,candidate_1,3,0.04666666666666667
2181,candidate_2,candidate_3,candidate_1,3,0.04666666666666667
2182,candidate_2,candidate_3,candidate_1,3,0.04666666666666667
2183,candidate_2,candidate_3,candidate_1,3,0.04666666666666667
2184,candidate_2,candidate_3,candidate_1,3,0.04666666666666667
2185,candidate_2,candidate_3,candidate_1,3,0.04666666666666667
2186,candidate_2,candidate_3,candidate_1,3,0.04666666666666667
2187,candidate_2,candidate_3,candidate_1,3,0.04666666666666667
2188,candidate_2,candidate_3,candidate_1,3,0.04666666666666667
2189,candidate_2,candidate_3,candidate_1,3,0.04666666666666667
2190,candidate_2,candidate_3,candidate_1,3,0.04666666666666667
2191,candidate_2,candidate_3,candidate_1,3,0.04666666666666667
2192,0,candidate_3,candidate_1,3,0.04666666666666667
2193,candidate_2,candidate_3,candidate_1,3,0.04666666666666667
2194,candidate_2,candidate_3,candidate_1,3,0.04666666666666667
2195,candidate_2,candidate_3,candidate_1,3,0.04666666666666667
2196,candidate_2,0,candidate_1,3,0.04666666666666667
2197,candidate_2,candidate_3,candidate_1,3,0.04666666666666667
2198,candidate_2,candidate_3,candidate_1,3,0.04666666666666667
2199,candidate_2,candidate_3,candidate_1,3,0.04666666666666667
2200,candidate_2,candidate_3,candidate_1,3,0.04666666666666667
2201,candidate_2,candidate_3,candidate_1,3,0.04666666666666667
2202,candidate_2,candidate_3,candidate_1,3,0.04666666666666667
2203,candidate_2,candidate_3,candidate_1,3,0.04666666666666667
2204,candidate_2,candidate_3,candidate_1,3,0.04666666666666667
2205,candidate_2,candidate_3,candidate_1,3,0.04666666666666667
2206,candidate_2,candidate_3,candidate_1,3,0.04666666666666667
2207,candidate_2,candidate_3,candidate_1,3,0.04666666666666667
2208,candidate_2,candidate_3,candidate_1,3,0.04666666666666667
2209,candidate_2,candidate_3,candidate_1,3,0.04666666666666667
2210,0,candidate_3,candidate_1,3,0.04666666666666667
2211,candidate_2,candidate_3,candidate_1,3,0.04666666666666667
2212,candidate_2,candidate_3,candidate_1,3,0.04666666666666667
2213,candidate_2,candidate_3,candidate_1,3,0.04666666666666667
2214,candidate_2,candidate_3,candidate_1,3,0.04666666666666667
2215,candidate_2,candidate_3,candidate_1,3,0.04666666666666667
2216,0,candidate_3,candidate_1,3,0.04666666666666667
2217,candidate_2,candidate_3,candidate_1,3,0.04666666666666667
2218,candidate_2,candidate_3,candidate_1,3,0.04666666666666667
2219,candidate_2,0,candidate_1,3,0.04666666666666667
2220,candidate_2,candidate_3,candidate_1,3,0.04666666666666667
2221,candidate_2,candidate_3,candidate_1,3,0.04666666666666667
2222,candidate_2,candidate_3,candidate_1,3,0.04666666666666667
2223,candidate_2,candidate_3,candidate_1,3,0.04666666666666667
2224,candidate_2,candidate_3,candidate_1,3,0.04666666666666667
2225,candidate_2,candidate_3,candidate_1,3,0.04666666666666667
2226,candidate_2,candidate_3,candidate_1,3,0.04666666666666667
2227,candidate_2,candidate_3,candidate_1,3,0.04666666666666667
2228,candidate_2,candidate_3,candidate_1,3,0.04666666666666667
2229,candidate_2,candidate_3,0,3,0.04666666666666667
2230,candidate_2,candidate_3,0,3,0.04666666666666667
2231,candidate_2,candidate_3,candidate_1,3,0.04666666666666667
2232,candidate_2,candidate_3,candidate_1,3,0.04666666666666667
2233,candidate_2,candidate_3,candidate_1,3,0.04666666666666667
2234,candidate_2,candidate_3,candidate_1,3,0.04666666666666667
2235,candidate_2,candidate_3,candidate_1,3,0.04666666666666667
2236,candidate_2,candidate_3,candidate_1,3,0.04666666666666667
2237,candidate_2,candidate_3,candidate_1,3,0.04666666666666667
2238,candidate_2,candidate_3,candidate_1,3,0.04666666666666667
2239,candidate_2,candidate_3,candidate_1,3,0.04666666666666667
2240,candidate_2,candidate_3,candidate_1,3,0.04666666666666667
2241,candidate_2,candidate_3,candidate_1,3,0.04666666666666667
2242,candidate_2,candidate_3,candidate_1,3,0.04666666666666667
2243,candidate_2,candidate_3,0,3,0.04666666666666667
2244,candidate_2,candidate_3,candidate_1,3,0.04666666666666667
2245,0,candidate_3,candidate_1,3,0.04666666666666667
2246,candidate_2,candidate_3,candidate_1,3,0.04666666666666667
2247,candidate_2,candidate_3,candidate_1,3,0.04666666666666667
2248,candidate_2,candidate_3,candidate_1,3,0.04666666666666667
2249,candidate_2,candidate_3,candidate_1,3,0.04666666666666667
2250,candidate_2,candidate_3,candidate_1,3,0.04666666666666667
2251,candidate_2,candidate_3,candidate_1,3,0.04666666666666667
2252,candidate_2,candidate_3,candidate_1,3,0.04666666666666667
2253,candidate_2,candidate_3,candidate_1,3,0.04666666666666667
2254,candidate_2,candidate_3,candidate_1,3,0.04666666666666667
2255,candidate_2,candidate_3,candidate_1,3,0.04666666666666667
2256,candidate_2,candidate_3,candidate_1,3,0.04666666666666667
2257,candidate_2,candidate_3,candidate_1,3,0.04666666666666667
2258,candidate_2,0,candidate_1,3,0.04666666666666667
2259,candidate_2,candidate_3,candidate_1,3,0.04666666666666667
2260,candidate_2,candidate_3,candidate_1,3,0.04666666666666667
2261,candidate_2,candidate_3,candidate_1,3,0.04666666666666667
2262,candidate_2,candidate_3,candidate_1,3,0.04666666666666667
2263,candidate_2,candidate_3,candidate_1,3,0.04666666666666667
2264,candidate_2,candidate_3,candidate_1,3,0.04666666666666667
2265,candidate_2,candidate_3,candidate_1,3,0.04666666666666667
2266,candidate_2,candidate_3,0,3,0.04666666666666667
2267,candidate_2,candidate_3,candidate_1,3,0.04666666666666667
2268,candidate_2,candidate_3,candidate_1,3,0.04666666666666667
2269,candidate_2,candidate_3,candidate_1,3,0.04666666666666667
2270,candidate_2,candidate_3,candidate_1,3,0.04666666666666667
2271,candidate_2,candidate_3,candidate_1,3,0.04666666666666667
2272,candidate_2,candidate_3,candidate_1,3,0.04666666666666667
2273,candidate_2,candidate_3,candidate_1,3,0.04666666666666667
2274,candidate_2,candidate_3,candidate_1,3,0.04666666666666667
2275,candidate_2,candidate_3,candidate_1,3,0.04666666666666667
2276,candidate_2,candidate_3,0,3,0.04666666666666667
2277,candidate_2,candidate_3,candidate_1,3,0.04666666666666667
2278,candidate_2,candidate_3,candidate_1,3,0.04666666666666667
2279,0,candidate_3,candidate_1,3,0.04666666666666667
2280,candidate_2,candidate_3,0,3,0.04666666666666667
2281,candidate_2,candidate_3,candidate_1,3,0.04666666666666667
2282,candidate_2,candidate_3,candidate_1,3,0.04666666666666667
2283,candidate_2,candidate_3,candidate_1,3,0.04666666666666667
2284,candidate_2,candidate_3,candidate_1,3,0.04666666666666667
2285,candidate_2,candidate_3,candidate_1,3,0.04666666666666667
2286,candidate_2,candidate_3,candidate_1,3,0.04666666666666667
2287,candidate_2,0,candidate_1,3,0.04666666666666667
2288,candidate_2,0,candidate_1,3,0.04666666666666667
2289,candidate_2,candidate_3,candidate_1,3,0.04666666666666667
2290,candidate_2,candidate_3,candidate_1,3,0.04666666666666667
2291,candidate_2,candidate_3,candidate_1,3,0.04666666666666667
2292,candidate_2,candidate_3,candidate_1,3,0.04666666666666667
2293,candidate_2,candidate_3,candidate_1,3,0.04666666666666667
2294,candidate_2,candidate_3,candidate_1,3,0.04666666666666667
2295,candidate_2,candidate_3,candidate_1,3,0.04666666666666667
2296,candidate_2,candidate_3,candidate_1,3,0.04666666666666667
2297,candidate_2,candidate_3,candidate_1,3,0.04666666666666667
2298,candidate_2,candidate_3,candidate_1,3,0.04666666666666667
2299,0,candidate_3,0,3,0.04666666666666667
2300,candidate_2,candidate_3,candidate_1,3,0.04666666666666667
2301,candidate_2,candidate_3,candidate_1,3,0.04666666666666667
2302,candidate_2,candidate_3,candidate_1,3,0.04666666666666667
2303,candidate_2,candidate_3,candidate_1,3,0.04666666666666667
2304,candidate_2,candidate_3,candidate_1,3,0.04666666666666667
2305,candidate_2,candidate_3,candidate_1,3,0.04666666666666667
2306,candidate_2,candidate_3,candidate_1,3,0.04666666666666667
2307,candidate_2,candidate_3,0,3,0.04666666666666667
2308,candidate_2,candidate_3,candidate_1,3,0.04666666666666667
2309,candidate_2,candidate_3,candidate_1,3,0.04666666666666667
2310,0,candidate_3,candidate_1,3,0.04666666666666667
2311,candidate_2,candidate_3,candidate_1,3,0.04666666666666667
2312,candidate_2,candidate_3,candidate_1,3,0.04666666666666667
2313,candidate_2,candidate_3,0,3,0.04666666666666667
2314,candidate_2,candidate_3,0,3,0.04666666666666667
2315,candidate_2,candidate_3,candidate_1,3,0.04666666666666667
2316,candidate_2,candidate_3,0,3,0.04666666666666667
2317,candidate_2,candidate_3,candidate_1,3,0.04666666666666667
2318,candidate_2,candidate_3,candidate_1,3,0.04666666666666667
2319,candidate_2,candidate_3,candidate_1,3,0.04666666666666667
2320,candidate_2,candidate_3,candidate_1,3,0.04666666666666667
2321,candidate_2,candidate_3,candidate_1,3,0.04666666666666667
2322,candidate_2,candidate_3,candidate_1,3,0.04666666666666667
2323,candidate_2,candidate_3,candidate_1,3,0.04666666666666667
2324,candidate_2,candidate_3,candidate_1,3,0.04666666666666667
2325,candidate_2,candidate_3,candidate_1,3,0.04666666666666667
2326,candidate_2,candidate_3,candidate_1,3,0.04666666666666667
2327,candidate_2,candidate_3,candidate_1,3,0.04666666666666667
2328,candidate_2,candidate_3,candidate_1,3,0.04666666666666667
2329,candidate_2,candidate_3,candidate_1,3,0.04666666666666667
2330,candidate_2,candidate_3,candidate_1,3,0.04666666666666667
2331,candidate_2,candidate_3,candidate_1,3,0.04666666666666667
2332,candidate_2,candidate_3,candidate_1,3,0.04666666666666667
2333,candidate_2,candidate_3,candidate_1,3,0.04666666666666667
2334,candidate_2,candidate_3,candidate_1,3,0.04666666666666667
2335,candidate_2,candidate_3,candidate_1,3,0.04666666666666667
2336,candidate_2,candidate_3,candidate_1,3,0.04666666666666667
2337,candidate_2,candidate_3,candidate_1,3,0.04666666666666667
2338,candidate_2,candidate_3,0,3,0.04666666666666667
2339,candidate_2,candidate_3,candidate_1,3,0.04666666666666667
2340,candidate_2,candidate_3,0,3,0.04666666666666667
2341,candidate_2,candidate_3,candidate_1,3,0.04666666666666667
2342,candidate_2,candidate_3,candidate_1,3,0.04666666666666667
2343,candidate_2,candidate_3,candidate_1,3,0.04666666666666667
2344,candidate_2,candidate_3,candidate_1,3,0.04666666666666667
2345,candidate_2,candidate_3,candidate_1,3,0.04666666666666667
2346,candidate_2,candidate_3,candidate_1,3,0.04666666666666667
2347,candidate_2,candidate_3,candidate_1,3,0.04666666666666667
2348,candidate_2,candidate_3,candidate_1,3,0.04666666666666667
2349,candidate_2,candidate_3,0,3,0.04666666666666667
2350,candidate_2,candidate_3,candidate_1,3,0.04666666666666667
2351,candidate_2,candidate_3,candidate_1,3,0.04666666666666667
2352,candidate_2,candidate_3,candidate_1,3,0.04666666666666667
2353,candidate_2,0,candidate_1,3,0.04666666666666667
2354,candidate_2,candidate_3,candidate_1,3,0.04666666666666667
2355,candidate_2,candidate_3,candidate_1,3,0.04666666666666667
2356,candidate_2,candidate_3,candidate_1,3,0.04666666666666667
2357,candidate_2,candidate_3,candidate_1,3,0.04666666666666667
2358,candidate_2,candidate_3,candidate_1,3,0.04666666666666667
2359,candidate_2,candidate_3,candidate_1,3,0.04666666666666667
2360,candidate_2,candidate_3,candidate_1,3,0.04666666666666667
2361,candidate_2,candidate_3,candidate_1,3,0.04666666666666667
2362,candidate_2,candidate_3,candidate_1,3,0.04666666666666667
2363,candidate_2,candidate_3,candidate_1,3,0.04666666666666667
2364,candidate_2,candidate_3,candidate_1,3,0.04666666666666667
2365,candidate_2,candidate_3,candidate_1,3,0.04666666666666667
2366,candidate_2,candidate_3,0,3,0.04666666666666667
2367,candidate_2,candidate_3,candidate_1,3,0.04666666666666667
2368,candidate_2,candidate_3,candidate_1,3,0.04666666666666667
2369,candidate_2,candidate_3,candidate_1,3,0.04666666666666667
2370,candidate_2,candidate_3,candidate_1,3,0.04666666666666667
2371,candidate_2,candidate_3,candidate_1,3,0.04666666666666667
2372,candidate_2,candidate_3,candidate_1,3,0.04666666666666667
2373,candidate_2,candidate_3,candidate_1,3,0.04666666666666667
2374,candidate_2,0,candidate_1,3,0.04666666666666667
2375,candidate_2,candidate_3,candidate_1,3,0.04666666666666667
2376,candidate_2,candidate_3,candidate_1,3,0.04666666666666667
2377,candidate_2,candidate_3,candidate_1,3,0.04666666666666667
2378,candidate_2,candidate_3,candidate_1,3,0.04666666666666667
2379,candidate_2,candidate_3,candidate_1,3,0.04666666666666667
2380,candidate_2,candidate_3,candidate_1,3,0.04666666666666667
2381,candidate_2,candidate_3,candidate_1,3,0.04666666666666667
2382,candidate_2,candidate_3,candidate_1,3,0.04666666666666667
2383,candidate_2,candidate_3,candidate_1,3,0.04666666666666667
2384,candidate_2,candidate_3,candidate_1,3,0.04666666666666667
2385,candidate_2,candidate_3,candidate_1,3,0.04666666666666667
2386,candidate_2,candidate_3,candidate_1,3,0.04666666666666667
2387,candidate_2,candidate_3,candidate_1,3,0.04666666666666667
2388,candidate_2,candidate_3,candidate_1,3,0.04666666666666667
2389,candidate_2,candidate_3,candidate_1,3,0.04666666666666667
2390,candidate_2,candidate_3,candidate_1,3,0.04666666666666667
2391,candidate_2,candidate_3,candidate_1,3,0.04666666666666667
2392,candidate_2,candidate_3,candidate_1,3,0.04666666666666667
2393,candidate_2,candidate_3,candidate_1,3,0.04666666666666667
2394,candidate_2,candidate_3,candidate_1,3,0.04666666666666667
2395,candidate_2,0,candidate_1,3,0.04666666666666667
2396,candidate_2,candidate_3,candidate_1,3,0.04666666666666667
2397,candidate_2,candidate_3,candidate_1,3,0.04666666666666667
2398,0,candidate_3,candidate_1,3,0.04666666666666667
2399,candidate_2,candidate_3,candidate_1,3,0.04666666666666667
2400,candidate_2,candidate_3,candidate_1,3,0.04666666666666667
2401,candidate_2,candidate_3,candidate_1,3,0.04666666666666667
2402,candidate_2,candidate_3,candidate_1,3,0.04666666666666667
2403,candidate_2,candidate_3,candidate_1,3,0.04666666666666667
2404,candidate_2,candidate_3,candidate_1,3,0.04666666666666667
2405,candidate_2,candidate_3,candidate_1,3,0.04666666666666667
2406,candidate_2,candidate_3,candidate_1,3,0.04666666666666667
2407,candidate_2,candidate_3,candidate_1,3,0.04666666666666667
2408,candidate_2,candidate_3,candidate_1,3,0.04666666666666667
2409,candidate_2,candidate_3,candidate_1,3,0.04666666666666667
2410,candidate_2,0,candidate_1,3,0.04666666666666667
2411,candidate_2,candidate_3,candidate_1,3,0.04666666666666667
2412,candidate_2,candidate_3,candidate_1,3,0.04666666666666667
2413,candidate_2,candidate_3,candidate_1,3,0.04666666666666667
2414,candidate_2,candidate_3,candidate_1,3,0.04666666666666667
2415,candidate_2,candidate_3,candidate_1,3,0.04666666666666667
2416,candidate_2,candidate_3,candidate_1,3,0.04666666666666667
2417,candidate_2,candidate_3,candidate_1,3,0.04666666666666667
2418,candidate_2,candidate_3,candidate_1,3,0.04666666666666667
2419,candidate_2,candidate_3,candidate_1,3,0.04666666666666667
2420,candidate_2,candidate_3,candidate_1,3,0.04666666666666667
2421,candidate_2,candidate_3,candidate_1,3,0.04666666666666667
2422,candidate_2,candidate_3,candidate_1,3,0.04666666666666667
2423,candidate_2,candidate_3,candidate_1,3,0.04666666666666667
2424,candidate_2,candidate_3,0,3,0.04666666666666667
2425,candidate_2,candidate_3,candidate_1,3,0.04666666666666667
2426,candidate_2,candidate_3,candidate_1,3,0.04666666666666667
2427,candidate_2,candidate_3,candidate_1,3,0.04666666666666667
2428,candidate_2,candidate_3,candidate_1,3,0.04666666666666667
2429,candidate_2,candidate_3,candidate_1,3,0.04666666666666667
2430,candidate_2,candidate_3,candidate_1,3,0.04666666666666667
2431,candidate_2,candidate_3,candidate_1,3,0.04666666666666667
2432,candidate_2,candidate_3,candidate_1,3,0.04666666666666667
2433,candidate_2,candidate_3,candidate_1,3,0.04666666666666667
2434,candidate_2,candidate_3,candidate_1,3,0.04666666666666667
2435,candidate_2,candidate_3,candidate_1,3,0.04666666666666667
2436,candidate_2,0,candidate_1,3,0.04666666666666667
2437,candidate_2,candidate_3,candidate_1,3,0.04666666666666667
2438,candidate_2,candidate_3,candidate_1,3,0.04666666666666667
2439,candidate_2,candidate_3,candidate_1,3,0.04666666666666667
2440,candidate_2,0,candidate_1,3,0.04666666666666667
2441,candidate_2,candidate_3,candidate_1,3,0.04666666666666667
2442,candidate_2,candidate_3,candidate_1,3,0.04666666666666667
2443,candidate_2,candidate_3,candidate_1,3,0.04666666666666667
2444,candidate_2,candidate_3,candidate_1,3,0.04666666666666667
2445,candidate_2,0,candidate_1,3,0.04666666666666667
2446,candidate_2,candidate_3,candidate_1,3,0.04666666666666667
2447,candidate_2,candidate_3,candidate_1,3,0.04666666666666667
2448,candidate_2,candidate_3,candidate_1,3,0.04666666666666667
2449,candidate_2,candidate_3,candidate_1,3,0.04666666666666667
2450,candidate_2,candidate_3,candidate_1,3,0.04666666666666667
2451,candidate_2,candidate_3,candidate_1,3,0.04666666666666667
2452,candidate_2,candidate_3,candidate_1,3,0.04666666666666667
2453,candidate_2,candidate_3,candidate_1,3,0.04666666666666667
2454,candidate_2,candidate_3,candidate_1,3,0.04666666666666667
2455,candidate_2,candidate_3,candidate_1,3,0.04666666666666667
2456,candidate_2,candidate_3,candidate_1,3,0.04666666666666667
2457,candidate_2,candidate_3,candidate_1,3,0.04666666666666667
2458,candidate_2,candidate_3,candidate_1,3,0.04666666666666667
2459,candidate_2,candidate_3,candidate_1,3,0.04666666666666667
2460,candidate_2,candidate_3,candidate_1,3,0.04666666666666667
2461,candidate_2,candidate_3,candidate_1,3,0.04666666666666667
2462,candidate_2,candidate_3,0,3,0.04666666666666667
2463,candidate_2,0,candidate_1,3,0.04666666666666667
2464,candidate_2,candidate_3,candidate_1,3,0.04666666666666667
2465,candidate_2,candidate_3,candidate_1,3,0.04666666666666667
2466,candidate_2,candidate_3,candidate_1,3,0.04666666666666667
2467,candidate_2,candidate_3,candidate_1,3,0.04666666666666667
2468,0,candidate_3,candidate_1,3,0.04666666666666667
2469,candidate_2,candidate_3,candidate_1,3,0.04666666666666667
2470,candidate_2,candidate_3,candidate_1,3,0.04666666666666667
2471,candidate_2,candidate_3,candidate_1,3,0.04666666666666667
2472,candidate_2,candidate_3,candidate_1,3,0.04666666666666667
2473,candidate_2,candidate_3,candidate_1,3,0.04666666666666667
2474,candidate_2,candidate_3,0,3,0.04666666666666667
2475,candidate_2,candidate_3,candidate_1,3,0.04666666666666667
2476,candidate_2,candidate_3,candidate_1,3,0.04666666666666667
2477,candidate_2,candidate_3,candidate_1,3,0.04666666666666667
2478,candidate_2,candidate_3,candidate_1,3,0.04666666666666667
2479,candidate_2,candidate_3,candidate_1,3,0.04666666666666667
2480,candidate_2,candidate_3,candidate_1,3,0.04666666666666667
2481,candidate_2,candidate_3,candidate_1,3,0.04666666666666667
2482,candidate_2,candidate_3,0,3,0.04666666666666667
2483,candidate_2,candidate_3,candidate_1,3,0.04666666666666667
2484,candidate_2,candidate_3,candidate_1,3,0.04666666666666667
2485,candidate_2,candidate_3,candidate_1,3,0.04666666666666667
2486,candidate_2,candidate_3,candidate_1,3,0.04666666666666667
2487,candidate_2,candidate_3,0,3,0.04666666666666667
2488,candidate_2,candidate_3,candidate_1,3,0.04666666666666667
2489,candidate_2,candidate_3,candidate_1,3,0.04666666666666667
2490,candidate_2,0,candidate_1,3,0.04666666666666667
2491,candidate_2,candidate_3,candidate_1,3,0.04666666666666667
2492,candidate_2,candidate_3,candidate_1,3,0.04666666666666667
2493,candidate_2,candidate_3,candidate_1,3,0.04666666666666667
2494,candidate_2,candidate_3,candidate_1,3,0.04666666666666667
2495,candidate_2,candidate_3,candidate_1,3,0.04666666666666667
2496,candidate_2,candidate_3,candidate_1,3,0.04666666666666667
2497,candidate_2,candidate_3,candidate_1,3,0.04666666666666667
2498,candidate_2,candidate_3,candidate_1,3,0.04666666666666667
2499,candidate_2,candidate_3,candidate_1,3,0.04666666666666667
2500,candidate_2,candidate_3,candidate_1,3,0.04666666666666667
2501,candidate_2,candidate_3,candidate_1,3,0.04666666666666667
2502,candidate_2,candidate_3,candidate_1,3,0.04666666666666667
2503,candidate_2,candidate_3,candidate_1,3,0.04666666666666667
2504,candidate_2,candidate_3,candidate_1,3,0.04666666666666667
2505,0,candidate_3,candidate_1,3,0.04666666666666667
2506,0,candidate_3,candidate_1,3,0.04666666666666667
2507,candidate_2,candidate_3,candidate_1,3,0.04666666666666667
2508,candidate_2,candidate_3,0,3,0.04666666666666667
2509,candidate_2,candidate_3,candidate_1,3,0.04666666666666667
2510,candidate_2,candidate_3,candidate_1,3,0.04666666666666667
2511,candidate_2,candidate_3,candidate_1,3,0.04666666666666667
2512,candidate_2,candidate_3,candidate_1,3,0.04666666666666667
2513,candidate_2,candidate_3,candidate_1,3,0.04666666666666667
2514,candidate_2,candidate_3,candidate_1,3,0.04666666666666667
2515,candidate_2,candidate_3,candidate_1,3,0.04666666666666667
2516,candidate_2,candidate_3,candidate_1,3,0.04666666666666667
2517,candidate_2,0,candidate_1,3,0.04666666666666667
2518,candidate_2,candidate_3,candidate_1,3,0.04666666666666667
2519,candidate_2,candidate_3,candidate_1,3,0.04666666666666667
2520,candidate_2,candidate_3,candidate_1,3,0.04666666666666667
2521,candidate_2,candidate_3,candidate_1,3,0.04666666666666667
2522,candidate_2,candidate_3,candidate_1,3,0.04666666666666667
2523,candidate_2,candidate_3,candidate_1,3,0.04666666666666667
2524,candidate_2,candidate_3,candidate_1,3,0.04666666666666667
2525,candidate_2,candidate_3,candidate_1,3,0.04666666666666667
2526,candidate_2,candidate_3,candidate_1,3,0.04666666666666667
2527,candidate_2,candidate_3,candidate_1,3,0.04666666666666667
2528,candidate_2,candidate_3,candidate_1,3,0.04666666666666667
2529,candidate_2,candidate_3,candidate_1,3,0.04666666666666667
2530,candidate_2,candidate_3,candidate_1,3,0.04666666666666667
2531,candidate_2,candidate_3,candidate_1,3,0.04666666666666667
2532,candidate_2,candidate_3,candidate_1,3,0.04666666666666667
2533,candidate_2,candidate_3,candidate_1,3,0.04666666666666667
2534,candidate_2,candidate_3,candidate_1,3,0.04666666666666667
2535,candidate_2,candidate_3,candidate_1,3,0.04666666666666667
2536,candidate_2,candidate_3,candidate_1,3,0.04666666666666667
2537,candidate_2,candidate_3,candidate_1,3,0.04666666666666667
2538,candidate_2,candidate_3,candidate_1,3,0.04666666666666667
2539,candidate_2,candidate_3,candidate_1,3,0.04666666666666667
2540,candidate_2,candidate_3,candidate_1,3,0.04666666666666667
2541,candidate_2,candidate_3,candidate_1,3,0.04666666666666667
2542,candidate_2,candidate_3,candidate_1,3,0.04666666666666667
2543,candidate_2,candidate_3,candidate_1,3,0.04666666666666667
2544,candidate_2,candidate_3,candidate_1,3,0.04666666666666667
2545,candidate_2,candidate_3,candidate_1,3,0.04666666666666667
2546,candidate_2,candidate_3,candidate_1,3,0.04666666666666667
2547,candidate_2,candidate_3,candidate_1,3,0.04666666666666667
2548,candidate_2,candidate_3,0,3,0.04666666666666667
2549,candidate_2,candidate_3,candidate_1,3,0.04666666666666667
2550,candidate_2,candidate_3,candidate_1,3,0.04666666666666667
2551,candidate_2,candidate_3,candidate_1,3,0.04666666666666667
2552,candidate_2,candidate_3,candidate_1,3,0.04666666666666667
2553,candidate_2,candidate_3,candidate_1,3,0.04666666666666667
2554,candidate_2,candidate_3,candidate_1,3,0.04666666666666667
2555,candidate_2,candidate_3,candidate_1,3,0.04666666666666667
2556,candidate_2,candidate_3,candidate_1,3,0.04666666666666667
2557,candidate_2,candidate_3,candidate_1,3,0.04666666666666667
2558,candidate_2,candidate_3,candidate_1,3,0.04666666666666667
2559,candidate_2,candidate_3,candidate_1,3,0.04666666666666667
2560,candidate_2,candidate_3,candidate_1,3,0.04666666666666667
2561,candidate_2,candidate_3,candidate_1,3,0.04666666666666667
2562,candidate_2,0,candidate_1,3,0.04666666666666667
2563,candidate_2,candidate_3,candidate_1,3,0.04666666666666667
2564,0,candidate_3,candidate_1,3,0.04666666666666667
2565,candidate_2,candidate_3,candidate_1,3,0.04666666666666667
2566,candidate_2,candidate_3,candidate_1,3,0.04666666666666667
2567,candidate_2,candidate_3,candidate_1,3,0.04666666666666667
2568,0,0,candidate_1,3,0.04666666666666667
2569,candidate_2,candidate_3,candidate_1,3,0.04666666666666667
2570,candidate_2,candidate_3,0,3,0.04666666666666667
2571,candidate_2,candidate_3,candidate_1,3,0.04666666666666667
2572,candidate_2,candidate_3,candidate_1,3,0.04666666666666667
2573,candidate_2,candidate_3,candidate_1,3,0.04666666666666667
2574,candidate_2,candidate_3,candidate_1,3,0.04666666666666667
2575,candidate_2,candidate_3,candidate_1,3,0.04666666666666667
2576,candidate_2,candidate_3,candidate_1,3,0.04666666666666667
2577,candidate_2,candidate_3,candidate_1,3,0.04666666666666667
2578,candidate_2,candidate_3,candidate_1,3,0.04666666666666667
2579,candidate_2,candidate_3,candidate_1,3,0.04666666666666667
2580,candidate_2,candidate_3,candidate_1,3,0.04666666666666667
2581,candidate_2,candidate_3,candidate_1,3,0.04666666666666667
2582,candidate_2,candidate_3,candidate_1,3,0.04666666666666667
2583,candidate_2,candidate_3,candidate_1,3,0.04666666666666667
2584,candidate_2,candidate_3,candidate_1,3,0.04666666666666667
2585,candidate_2,candidate_3,candidate_1,3,0.04666666666666667
2586,candidate_2,candidate_3,candidate_1,3,0.04666666666666667
2587,candidate_2,candidate_3,candidate_1,3,0.04666666666666667
2588,candidate_2,candidate_3,candidate_1,3,0.04666666666666667
2589,candidate_2,candidate_3,candidate_1,3,0.04666666666666667
2590,candidate_2,candidate_3,candidate_1,3,0.04666666666666667
2591,candidate_2,candidate_3,candidate_1,3,0.04666666666666667
2592,candidate_2,candidate_3,candidate_1,3,0.04666666666666667
2593,candidate_2,candidate_3,candidate_1,3,0.04666666666666667
2594,candidate_2,candidate_3,candidate_1,3,0.04666666666666667
2595,candidate_2,candidate_3,candidate_1,3,0.04666666666666667
2596,candidate_2,candidate_3,candidate_1,3,0.04666666666666667
2597,candidate_2,candidate_3,candidate_1,3,0.04666666666666667
2598,candidate_2,candidate_3,candidate_1,3,0.04666666666666667
2599,candidate_2,candidate_3,candidate_1,3,0.04666666666666667
2600,candidate_2,candidate_3,candidate_1,3,0.04666666666666667
2601,candidate_2,candidate_3,candidate_1,3,0.04666666666666667
2602,candidate_2,candidate_3,candidate_1,3,0.04666666666666667
2603,candidate_2,candidate_3,candidate_1,3,0.04666666666666667
2604,candidate_2,candidate_3,candidate_1,3,0.04666666666666667
2605,candidate_2,candidate_3,candidate_1,3,0.04666666666666667
2606,candidate_2,candidate_3,candidate_1,3,0.04666666666666667
2607,candidate_2,candidate_3,candidate_1,3,0.04666666666666667
2608,candidate_2,candidate_3,candidate_1,3,0.04666666666666667
2609,candidate_2,candidate_3,candidate_1,3,0.04666666666666667
2610,candidate_2,candidate_3,candidate_1,3,0.04666666666666667
2611,candidate_2,candidate_3,0,3,0.04666666666666667
2612,candidate_2,candidate_3,candidate_1,3,0.04666666666666667
2613,candidate_2,candidate_3,candidate_1,3,0.04666666666666667
2614,candidate_2,candidate_3,candidate_1,3,0.04666666666666667
2615,candidate_2,candidate_3,candidate_1,3,0.04666666666666667
2616,candidate_2,0,candidate_1,3,0.04666666666666667
2617,candidate_2,candidate_3,candidate_1,3,0.04666666666666667
2618,candidate_2,candidate_3,candidate_1,3,0.04666666666666667
2619,candidate_2,candidate_3,candidate_1,3,0.04666666666666667
2620,candidate_2,candidate_3,candidate_1,3,0.04666666666666667
2621,candidate_2,candidate_3,0,3,0.04666666666666667
2622,candidate_2,candidate_3,candidate_1,3,0.04666666666666667
2623,candidate_2,candidate_3,candidate_1,3,0.04666666666666667
2624,candidate_2,0,candidate_1,3,0.04666666666666667
2625,candidate_2,candidate_3,candidate_1,3,0.04666666666666667
2626,candidate_2,candidate_3,candidate_1,3,0.04666666666666667
2627,candidate_2,candidate_3,candidate_1,3,0.04666666666666667
2628,candidate_2,candidate_3,candidate_1,3,0.04666666666666667
2629,candidate_2,candidate_3,candidate_1,3,0.04666666666666667
2630,candidate_2,candidate_3,candidate_1,3,0.04666666666666667
2631,0,candidate_3,0,3,0.04666666666666667
2632,candidate_2,candidate_3,candidate_1,3,0.04666666666666667
2633,candidate_2,candidate_3,candidate_1,3,0.04666666666666667
2634,candidate_2,candidate_3,candidate_1,3,0.04666666666666667
2635,candidate_2,candidate_3,candidate_1,3,0.04666666666666667
2636,candidate_2,candidate_3,candidate_1,3,0.04666666666666667
2637,candidate_2,candidate_3,candidate_1,3,0.04666666666666667
2638,candidate_2,candidate_3,candidate_1,3,0.04666666666666667
2639,candidate_2,candidate_3,candidate_1,3,0.04666666666666667
2640,candidate_2,candidate_3,candidate_1,3,0.04666666666666667
2641,candidate_2,candidate_3,candidate_1,3,0.04666666666666667
2642,candidate_2,candidate_3,candidate_1,3,0.04666666666666667
2643,candidate_2,candidate_3,candidate_1,3,0.04666666666666667
2644,candidate_2,candidate_3,candidate_1,3,0.04666666666666667
2645,candidate_2,candidate_3,candidate_1,3,0.04666666666666667
2646,candidate_2,candidate_3,candidate_1,3,0.04666666666666667
2647,candidate_2,candidate_3,candidate_1,3,0.04666666666666667
2648,candidate_2,candidate_3,candidate_1,3,0.04666666666666667
2649,candidate_2,candidate_3,candidate_1,3,0.04666666666666667
2650,candidate_2,candidate_3,0,3,0.04666666666666667
2651,candidate_2,candidate_3,candidate_1,3,0.04666666666666667
2652,candidate_2,candidate_3,candidate_1,3,0.04666666666666667
2653,0,candidate_3,candidate_1,3,0.04666666666666667
2654,candidate_2,candidate_3,candidate_1,3,0.04666666666666667
2655,candidate_2,candidate_3,candidate_1,3,0.04666666666666667
2656,candidate_2,candidate_3,candidate_1,3,0.04666666666666667
2657,candidate_2,candidate_3,candidate_1,3,0.04666666666666667
2658,candidate_2,candidate_3,candidate_1,3,0.04666666666666667
2659,candidate_2,candidate_3,candidate_1,3,0.04666666666666667
2660,candidate_2,candidate_3,candidate_1,3,0.04666666666666667
2661,candidate_2,candidate_3,candidate_1,3,0.04666666666666667
2662,candidate_2,candidate_3,candidate_1,3,0.04666666666666667
2663,candidate_2,candidate_3,candidate_1,3,0.04666666666666667
2664,candidate_2,candidate_3,candidate_1,3,0.04666666666666667
2665,candidate_2,candidate_3,candidate_1,3,0.04666666666666667
2666,candidate_2,candidate_3,candidate_1,3,0.04666666666666667
2667,candidate_2,candidate_3,candidate_1,3,0.04666666666666667
2668,candidate_2,candidate_3,0,3,0.04666666666666667
2669,candidate_2,candidate_3,candidate_1,3,0.04666666666666667
2670,candidate_2,candidate_3,candidate_1,3,0.04666666666666667
2671,candidate_2,candidate_3,candidate_1,3,0.04666666666666667
2672,candidate_2,candidate_3,candidate_1,3,0.04666666666666667
2673,candidate_2,candidate_3,candidate_1,3,0.04666666666666667
2674,candidate_2,candidate_3,candidate_1,3,0.04666666666666667
2675,candidate_2,candidate_3,candidate_1,3,0.04666666666666667
2676,candidate_2,candidate_3,candidate_1,3,0.04666666666666667
2677,candidate_2,candidate_3,candidate_1,3,0.04666666666666667
2678,candidate_2,candidate_3,candidate_1,3,0.04666666666666667
2679,candidate_2,candidate_3,candidate_1,3,0.04666666666666667
2680,candidate_2,candidate_3,candidate_1,3,0.04666666666666667
2681,candidate_2,candidate_3,candidate_1,3,0.04666666666666667
2682,candidate_2,candidate_3,candidate_1,3,0.04666666666666667
2683,candidate_2,candidate_3,candidate_1,3,0.04666666666666667
2684,candidate_2,0,candidate_1,3,0.04666666666666667
2685,candidate_2,candidate_3,0,3,0.04666666666666667
2686,candidate_2,candidate_3,candidate_1,3,0.04666666666666667
2687,candidate_2,candidate_3,candidate_1,3,0.04666666666666667
2688,candidate_2,candidate_3,candidate_1,3,0.04666666666666667
2689,candidate_2,candidate_3,candidate_1,3,0.04666666666666667
2690,candidate_2,candidate_3,candidate_1,3,0.04666666666666667
2691,candidate_2,candidate_3,candidate_1,3,0.04666666666666667
2692,candidate_2,candidate_3,candidate_1,3,0.04666666666666667
2693,candidate_2,candidate_3,candidate_1,3,0.04666666666666667
2694,candidate_2,candidate_3,candidate_1,3,0.04666666666666667
2695,candidate_2,candidate_3,candidate_1,3,0.04666666666666667
2696,candidate_2,candidate_3,candidate_1,3,0.04666666666666667
2697,candidate_2,candidate_3,candidate_1,3,0.04666666666666667
2698,candidate_2,candidate_3,candidate_1,3,0.04666666666666667
2699,candidate_2,candidate_3,candidate_1,3,0.04666666666666667
2700,candidate_2,candidate_3,candidate_1,3,0.04666666666666667
2701,candidate_2,candidate_3,candidate_1,3,0.04666666666666667
2702,candidate_2,candidate_3,candidate_1,3,0.04666666666666667
2703,candidate_2,candidate_3,candidate_1,3,0.04666666666666667
2704,candidate_2,candidate_3,candidate_1,3,0.04666666666666667
2705,candidate_2,candidate_3,candidate_1,3,0.04666666666666667
2706,candidate_2,candidate_3,candidate_1,3,0.04666666666666667
2707,candidate_2,candidate_3,candidate_1,3,0.04666666666666667
2708,candidate_2,candidate_3,candidate_1,3,0.04666666666666667
2709,candidate_2,candidate_3,candidate_1,3,0.04666666666666667
2710,candidate_2,candidate_3,candidate_1,3,0.04666666666666667
2711,candidate_2,candidate_3,candidate_1,3,0.04666666666666667
2712,candidate_2,candidate_3,candidate_1,3,0.04666666666666667
2713,candidate_2,candidate_3,candidate_1,3,0.04666666666666667
2714,candidate_2,candidate_3,candidate_1,3,0.04666666666666667
2715,candidate_2,candidate_3,candidate_1,3,0.04666666666666667
2716,candidate_2,candidate_3,candidate_1,3,0.04666666666666667
2717,candidate_2,candidate_3,candidate_1,3,0.04666666666666667
2718,0,candidate_3,candidate_1,3,0.04666666666666667
2719,candidate_2,candidate_3,candidate_1,3,0.04666666666666667
2720,candidate_2,candidate_3,candidate_1,3,0.04666666666666667
2721,candidate_2,candidate_3,candidate_1,3,0.04666666666666667
2722,candidate_2,candidate_3,candidate_1,3,0.04666666666666667
2723,candidate_2,candidate_3,candidate_1,3,0.04666666666666667
2724,candidate_2,candidate_3,candidate_1,3,0.04666666666666667
2725,candidate_2,candidate_3,candidate_1,3,0.04666666666666667
2726,candidate_2,candidate_3,candidate_1,3,0.04666666666666667
2727,candidate_2,candidate_3,candidate_1,3,0.04666666666666667
2728,candidate_2,candidate_3,candidate_1,3,0.04666666666666667
2729,0,candidate_3,candidate_1,3,0.04666666666666667
2730,candidate_2,candidate_3,candidate_1,3,0.04666666666666667
2731,candidate_2,candidate_3,candidate_1,3,0.04666666666666667
2732,candidate_2,candidate_3,0,3,0.04666666666666667
2733,candidate_2,candidate_3,candidate_1,3,0.04666666666666667
2734,0,candidate_3,candidate_1,3,0.04666666666666667
2735,candidate_2,candidate_3,candidate_1,3,0.04666666666666667
2736,candidate_2,candidate_3,candidate_1,3,0.04666666666666667
2737,candidate_2,candidate_3,candidate_1,3,0.04666666666666667
2738,candidate_2,candidate_3,candidate_1,3,0.04666666666666667
2739,candidate_2,candidate_3,candidate_1,3,0.04666666666666667
2740,candidate_2,candidate_3,candidate_1,3,0.04666666666666667
2741,candidate_2,candidate_3,candidate_1,3,0.04666666666666667
2742,candidate_2,candidate_3,candidate_1,3,0.04666666666666667
2743,candidate_2,candidate_3,candidate_1,3,0.04666666666666667
2744,candidate_2,candidate_3,candidate_1,3,0.04666666666666667
2745,candidate_2,candidate_3,candidate_1,3,0.04666666666666667
2746,candidate_2,candidate_3,candidate_1,3,0.04666666666666667
2747,candidate_2,candidate_3,candidate_1,3,0.04666666666666667
2748,0,candidate_3,candidate_1,3,0.04666666666666667
2749,candidate_2,candidate_3,candidate_1,3,0.04666666666666667
2750,candidate_2,candidate_3,candidate_1,3,0.04666666666666667
2751,candidate_2,candidate_3,0,3,0.04666666666666667
2752,candidate_2,candidate_3,candidate_1,3,0.04666666666666667
2753,candidate_2,candidate_3,candidate_1,3,0.04666666666666667
2754,candidate_2,candidate_3,candidate_1,3,0.04666666666666667
2755,candidate_2,candidate_3,0,3,0.04666666666666667
2756,candidate_2,candidate_3,candidate_1,3,0.04666666666666667
2757,candidate_2,candidate_3,candidate_1,3,0.04666666666666667
2758,candidate_2,candidate_3,candidate_1,3,0.04666666666666667
2759,candidate_2,candidate_3,candidate_1,3,0.04666666666666667
2760,candidate_2,candidate_3,candidate_1,3,0.04666666666666667
2761,candidate_2,candidate_3,candidate_1,3,0.04666666666666667
2762,candidate_2,candidate_3,candidate_1,3,0.04666666666666667
2763,candidate_2,candidate_3,candidate_1,3,0.04666666666666667
2764,candidate_2,candidate_3,candidate_1,3,0.04666666666666667
2765,candidate_2,candidate_3,candidate_1,3,0.04666666666666667
2766,0,candidate_3,candidate_1,3,0.04666666666666667
2767,candidate_2,candidate_3,0,3,0.04666666666666667
2768,candidate_2,candidate_3,candidate_1,3,0.04666666666666667
2769,candidate_2,candidate_3,candidate_1,3,0.04666666666666667
2770,candidate_2,candidate_3,0,3,0.04666666666666667
2771,candidate_2,candidate_3,candidate_1,3,0.04666666666666667
2772,candidate_2,candidate_3,candidate_1,3,0.04666666666666667
2773,candidate_2,candidate_3,candidate_1,3,0.04666666666666667
2774,candidate_2,candidate_3,candidate_1,3,0.04666666666666667
2775,candidate_2,candidate_3,candidate_1,3,0.04666666666666667
2776,candidate_2,candidate_3,candidate_1,3,0.04666666666666667
2777,candidate_2,candidate_3,candidate_1,3,0.04666666666666667
2778,candidate_2,candidate_3,candidate_1,3,0.04666666666666667
2779,candidate_2,candidate_3,candidate_1,3,0.04666666666666667
2780,candidate_2,candidate_3,candidate_1,3,0.04666666666666667
2781,candidate_2,candidate_3,candidate_1,3,0.04666666666666667
2782,candidate_2,0,candidate_1,3,0.04666666666666667
2783,candidate_2,candidate_3,candidate_1,3,0.04666666666666667
2784,candidate_2,candidate_3,candidate_1,3,0.04666666666666667
2785,candidate_2,candidate_3,candidate_1,3,0.04666666666666667
2786,candidate_2,candidate_3,candidate_1,3,0.04666666666666667
2787,candidate_2,candidate_3,candidate_1,3,0.04666666666666667
2788,candidate_2,candidate_3,candidate_1,3,0.04666666666666667
2789,candidate_2,candidate_3,candidate_1,3,0.04666666666666667
2790,candidate_2,candidate_3,candidate_1,3,0.04666666666666667
2791,candidate_2,candidate_3,candidate_1,3,0.04666666666666667
2792,candidate_2,candidate_3,candidate_1,3,0.04666666666666667
2793,candidate_2,candidate_3,0,3,0.04666666666666667
2794,candidate_2,candidate_3,candidate_1,3,0.04666666666666667
2795,candidate_2,candidate_3,candidate_1,3,0.04666666666666667
2796,candidate_2,candidate_3,candidate_1,3,0.04666666666666667
2797,candidate_2,candidate_3,0,3,0.04666666666666667
2798,candidate_2,candidate_3,candidate_1,3,0.04666666666666667
2799,candidate_2,candidate_3,candidate_1,3,0.04666666666666667
2800,candidate_2,candidate_3,candidate_1,3,0.04666666666666667
2801,candidate_2,candidate_3,candidate_1,3,0.04666666666666667
2802,candidate_2,candidate_3,candidate_1,3,0.04666666666666667
2803,candidate_2,candidate_3,candidate_1,3,0.04666666666666667
2804,candidate_2,candidate_3,candidate_1,3,0.04666666666666667
2805,candidate_2,candidate_3,candidate_1,3,0.04666666666666667
2806,candidate_2,candidate_3,candidate_1,3,0.04666666666666667
2807,candidate_2,candidate_3,candidate_1,3,0.04666666666666667
2808,candidate_2,candidate_3,candidate_1,3,0.04666666666666667
2809,candidate_2,0,candidate_1,3,0.04666666666666667
2810,candidate_2,candidate_3,candidate_1,3,0.04666666666666667
2811,candidate_2,candidate_3,candidate_1,3,0.04666666666666667
2812,candidate_2,candidate_3,candidate_1,3,0.04666666666666667
2813,candidate_2,candidate_3,candidate_1,3,0.04666666666666667
2814,candidate_2,candidate_3,0,3,0.04666666666666667
2815,candidate_2,candidate_3,candidate_1,3,0.04666666666666667
2816,candidate_2,candidate_3,0,3,0.04666666666666667
2817,candidate_2,candidate_3,candidate_1,3,0.04666666666666667
2818,candidate_2,candidate_3,candidate_1,3,0.04666666666666667
2819,candidate_2,candidate_3,candidate_1,3,0.04666666666666667
2820,0,candidate_3,candidate_1,3,0.04666666666666667
2821,candidate_2,candidate_3,candidate_1,3,0.04666666666666667
2822,candidate_2,candidate_3,candidate_1,3,0.04666666666666667
2823,candidate_2,candidate_3,candidate_1,3,0.04666666666666667
2824,candidate_2,candidate_3,candidate_1,3,0.04666666666666667
2825,candidate_2,candidate_3,candidate_1,3,0.04666666666666667
2826,candidate_2,candidate_3,candidate_1,3,0.04666666666666667
2827,candidate_2,candidate_3,candidate_1,3,0.04666666666666667
2828,0,candidate_3,candidate_1,3,0.04666666666666667
2829,candidate_2,candidate_3,candidate_1,3,0.04666666666666667
2830,0,candidate_3,candidate_1,3,0.04666666666666667
2831,candidate_2,candidate_3,candidate_1,3,0.04666666666666667
2832,candidate_2,candidate_3,candidate_1,3,0.04666666666666667
2833,candidate_2,candidate_3,candidate_1,3,0.04666666666666667
2834,candidate_2,candidate_3,candidate_1,3,0.04666666666666667
2835,candidate_2,candidate_3,candidate_1,3,0.04666666666666667
2836,0,candidate_3,candidate_1,3,0.04666666666666667
2837,candidate_2,candidate_3,candidate_1,3,0.04666666666666667
2838,candidate_2,candidate_3,candidate_1,3,0.04666666666666667
2839,candidate_2,candidate_3,candidate_1,3,0.04666666666666667
2840,candidate_2,candidate_3,candidate_1,3,0.04666666666666667
2841,candidate_2,candidate_3,candidate_1,3,0.04666666666666667
2842,candidate_2,candidate_3,candidate_1,3,0.04666666666666667
2843,candidate_2,candidate_3,candidate_1,3,0.04666666666666667
2844,candidate_2,candidate_3,candidate_1,3,0.04666666666666667
2845,candidate_2,candidate_3,candidate_1,3,0.04666666666666667
2846,candidate_2,candidate_3,candidate_1,3,0.04666666666666667
2847,candidate_2,candidate_3,candidate_1,3,0.04666666666666667
2848,candidate_2,candidate_3,candidate_1,3,0.04666666666666667
2849,candidate_2,candidate_3,candidate_1,3,0.04666666666666667
2850,candidate_2,candidate_3,candidate_1,3,0.04666666666666667
2851,candidate_2,candidate_3,candidate_1,3,0.04666666666666667
2852,candidate_2,candidate_3,candidate_1,3,0.04666666666666667
2853,candidate_2,candidate_3,candidate_1,3,0.04666666666666667
2854,candidate_2,candidate_3,candidate_1,3,0.04666666666666667
2855,candidate_2,candidate_3,candidate_1,3,0.04666666666666667
2856,candidate_2,candidate_3,candidate_1,3,0.04666666666666667
2857,candidate_2,candidate_3,candidate_1,3,0.04666666666666667
2858,candidate_2,candidate_3,candidate_1,3,0.04666666666666667
2859,candidate_2,candidate_3,0,3,0.04666666666666667
2860,candidate_2,candidate_3,candidate_1,3,0.04666666666666667
2861,candidate_2,candidate_3,candidate_1,3,0.04666666666666667
2862,candidate_2,candidate_3,candidate_1,3,0.04666666666666667
2863,candidate_2,candidate_3,candidate_1,3,0.04666666666666667
2864,candidate_2,candidate_3,candidate_1,3,0.04666666666666667
2865,candidate_2,candidate_3,candidate_1,3,0.04666666666666667
2866,candidate_2,0,candidate_1,3,0.04666666666666667
2867,candidate_2,candidate_3,candidate_1,3,0.04666666666666667
2868,candidate_2,candidate_3,candidate_1,3,0.04666666666666667
2869,candidate_2,candidate_3,candidate_1,3,0.04666666666666667
2870,candidate_2,candidate_3,candidate_1,3,0.04666666666666667
2871,candidate_2,candidate_3,candidate_1,3,0.04666666666666667
2872,0,candidate_3,candidate_1,3,0.04666666666666667
2873,candidate_2,candidate_3,candidate_1,3,0.04666666666666667
2874,0,candidate_3,candidate_1,3,0.04666666666666667
2875,candidate_2,candidate_3,candidate_1,3,0.04666666666666667
2876,candidate_2,candidate_3,candidate_1,3,0.04666666666666667
2877,candidate_2,candidate_3,candidate_1,3,0.04666666666666667
2878,0,candidate_3,candidate_1,3,0.04666666666666667
2879,candidate_2,candidate_3,candidate_1,3,0.04666666666666667
2880,candidate_2,0,candidate_1,3,0.04666666666666667
2881,candidate_2,candidate_3,candidate_1,3,0.04666666666666667
2882,candidate_2,0,candidate_1,3,0.04666666666666667
2883,candidate_2,candidate_3,candidate_1,3,0.04666666666666667
2884,candidate_2,candidate_3,candidate_1,3,0.04666666666666667
2885,candidate_2,candidate_3,candidate_1,3,0.04666666666666667
2886,candidate_2,candidate_3,candidate_1,3,0.04666666666666667
2887,candidate_2,candidate_3,candidate_1,3,0.04666666666666667
2888,candidate_2,candidate_3,candidate_1,3,0.04666666666666667
2889,candidate_2,candidate_3,candidate_1,3,0.04666666666666667
2890,candidate_2,candidate_3,candidate_1,3,0.04666666666666667
2891,candidate_2,candidate_3,candidate_1,3,0.04666666666666667
2892,candidate_2,candidate_3,candidate_1,3,0.04666666666666667
2893,candidate_2,candidate_3,candidate_1,3,0.04666666666666667
2894,candidate_2,candidate_3,candidate_1,3,0.04666666666666667
2895,candidate_2,candidate_3,candidate_1,3,0.04666666666666667
2896,candidate_2,candidate_3,candidate_1,3,0.04666666666666667
2897,candidate_2,candidate_3,candidate_1,3,0.04666666666666667
2898,candidate_2,candidate_3,candidate_1,3,0.04666666666666667
2899,candidate_2,candidate_3,candidate_1,3,0.04666666666666667
2900,candidate_2,candidate_3,candidate_1,3,0.04666666666666667
2901,candidate_2,candidate_3,candidate_1,3,0.04666666666666667
2902,candidate_2,candidate_3,candidate_1,3,0.04666666666666667
2903,candidate_2,candidate_3,candidate_1,3,0.04666666666666667
2904,0,candidate_3,candidate_1,3,0.04666666666666667
2905,candidate_2,candidate_3,candidate_1,3,0.04666666666666667
2906,candidate_2,candidate_3,candidate_1,3,0.04666666666666667
2907,candidate_2,candidate_3,candidate_1,3,0.04666666666666667
2908,candidate_2,candidate_3,candidate_1,3,0.04666666666666667
2909,candidate_2,candidate_3,candidate_1,3,0.04666666666666667
2910,candidate_2,candidate_3,candidate_1,3,0.04666666666666667
2911,candidate_2,candidate_3,candidate_1,3,0.04666666666666667
2912,candidate_2,0,candidate_1,3,0.04666666666666667
2913,candidate_2,candidate_3,candidate_1,3,0.04666666666666667
2914,candidate_2,candidate_3,candidate_1,3,0.04666666666666667
2915,candidate_2,candidate_3,candidate_1,3,0.04666666666666667
2916,candidate_2,candidate_3,candidate_1,3,0.04666666666666667
2917,candidate_2,candidate_3,candidate_1,3,0.04666666666666667
2918,0,candidate_3,candidate_1,3,0.04666666666666667
2919,candidate_2,candidate_3,candidate_1,3,0.04666666666666667
2920,0,candidate_3,candidate_1,3,0.04666666666666667
2921,candidate_2,candidate_3,candidate_1,3,0.04666666666666667
2922,candidate_2,candidate_3,candidate_1,3,0.04666666666666667
2923,candidate_2,candidate_3,candidate_1,3,0.04666666666666667
2924,candidate_2,candidate_3,candidate_1,3,0.04666666666666667
2925,candidate_2,candidate_3,candidate_1,3,0.04666666666666667
2926,candidate_2,candidate_3,candidate_1,3,0.04666666666666667
2927,candidate_2,candidate_3,0,3,0.04666666666666667
2928,candidate_2,candidate_3,candidate_1,3,0.04666666666666667
2929,candidate_2,candidate_3,candidate_1,3,0.04666666666666667
2930,candidate_2,candidate_3,0,3,0.04666666666666667
2931,candidate_2,candidate_3,candidate_1,3,0.04666666666666667
2932,candidate_2,candidate_3,candidate_1,3,0.04666666666666667
2933,candidate_2,candidate_3,candidate_1,3,0.04666666666666667
2934,candidate_2,candidate_3,candidate_1,3,0.04666666666666667
2935,candidate_2,candidate_3,candidate_1,3,0.04666666666666667
2936,candidate_2,candidate_3,candidate_1,3,0.04666666666666667
2937,candidate_2,candidate_3,candidate_1,3,0.04666666666666667
2938,candidate_2,candidate_3,0,3,0.04666666666666667
2939,candidate_2,candidate_3,candidate_1,3,0.04666666666666667
2940,candidate_2,candidate_3,candidate_1,3,0.04666666666666667
2941,candidate_2,candidate_3,candidate_1,3,0.04666666666666667
2942,candidate_2,candidate_3,candidate_1,3,0.04666666666666667
2943,candidate_2,candidate_3,candidate_1,3,0.04666666666666667
2944,candidate_2,candidate_3,candidate_1,3,0.04666666666666667
2945,candidate_2,candidate_3,candidate_1,3,0.04666666666666667
2946,candidate_2,candidate_3,candidate_1,3,0.04666666666666667
2947,candidate_2,candidate_3,candidate_1,3,0.04666666666666667
2948,candidate_2,candidate_3,candidate_1,3,0.04666666666666667
2949,candidate_2,candidate_3,candidate_1,3,0.04666666666666667
2950,candidate_2,candidate_3,candidate_1,3,0.04666666666666667
2951,candidate_2,candidate_3,candidate_1,3,0.04666666666666667
2952,0,candidate_3,candidate_1,3,0.04666666666666667
2953,candidate_2,candidate_3,candidate_1,3,0.04666666666666667
2954,candidate_2,candidate_3,candidate_1,3,0.04666666666666667
2955,candidate_2,candidate_3,candidate_1,3,0.04666666666666667
2956,candidate_2,candidate_3,candidate_1,3,0.04666666666666667
2957,candidate_2,candidate_3,candidate_1,3,0.04666666666666667
2958,candidate_2,candidate_3,candidate_1,3,0.04666666666666667
2959,candidate_2,candidate_3,candidate_1,3,0.04666666666666667
2960,candidate_2,candidate_3,candidate_1,3,0.04666666666666667
2961,candidate_2,candidate_3,candidate_1,3,0.04666666666666667
2962,candidate_2,candidate_3,candidate_1,3,0.04666666666666667
2963,candidate_2,candidate_3,candidate_1,3,0.04666666666666667
2964,candidate_2,candidate_3,candidate_1,3,0.04666666666666667
2965,candidate_2,candidate_3,candidate_1,3,0.04666666666666667
2966,candidate_2,candidate_3,candidate_1,3,0.04666666666666667
2967,candidate_2,candidate_3,candidate_1,3,0.04666666666666667
2968,candidate_2,candidate_3,candidate_1,3,0.04666666666666667
2969,candidate_2,candidate_3,candidate_1,3,0.04666666666666667
2970,candidate_2,candidate_3,candidate_1,3,0.04666666666666667
2971,0,candidate_3,candidate_1,3,0.04666666666666667
2972,candidate_2,candidate_3,candidate_1,3,0.04666666666666667
2973,candidate_2,candidate_3,candidate_1,3,0.04666666666666667
2974,candidate_2,candidate_3,candidate_1,3,0.04666666666666667
2975,candidate_2,candidate_3,candidate_1,3,0.04666666666666667
2976,candidate_2,candidate_3,candidate_1,3,0.04666666666666667
2977,candidate_2,candidate_3,candidate_1,3,0.04666666666666667
2978,candidate_2,candidate_3,candidate_1,3,0.04666666666666667
2979,candidate_2,candidate_3,candidate_1,3,0.04666666666666667
2980,candidate_2,candidate_3,candidate_1,3,0.04666666666666667
2981,candidate_2,candidate_3,candidate_1,3,0.04666666666666667
2982,candidate_2,candidate_3,candidate_1,3,0.04666666666666667
2983,candidate_2,candidate_3,0,3,0.04666666666666667
2984,candidate_2,candidate_3,candidate_1,3,0.04666666666666667
2985,candidate_2,0,candidate_1,3,0.04666666666666667
2986,candidate_2,candidate_3,candidate_1,3,0.04666666666666667
2987,candidate_2,candidate_3,candidate_1,3,0.04666666666666667
2988,candidate_2,candidate_3,candidate_1,3,0.04666666666666667
2989,candidate_2,candidate_3,candidate_1,3,0.04666666666666667
2990,candidate_2,candidate_3,candidate_1,3,0.04666666666666667
2991,candidate_2,candidate_3,candidate_1,3,0.04666666666666667
2992,candidate_2,candidate_3,candidate_1,3,0.04666666666666667
2993,candidate_2,candidate_3,candidate_1,3,0.04666666666666667
2994,candidate_2,candidate_3,candidate_1,3,0.04666666666666667
2995,candidate_2,candidate_3,candidate_1,3,0.04666666666666667
2996,candidate_2,candidate_3,candidate_1,3,0.04666666666666667
2997,candidate_2,candidate_3,candidate_1,3,0.04666666666666667
2998,candidate_2,candidate_3,candidate_1,3,0.04666666666666667
2999,candidate_2,candidate_3,candidate_1,3,0.04666666666666667
3000,candidate_2,candidate_3,candidate_1,3,0.04666666666666667
3001,candidate_2,candidate_3,candidate_1,3,0.04666666666666667
3002,candidate_2,candidate_3,candidate_1,3,0.04666666666666667
3003,candidate_2,candidate_3,candidate_1,3,0.04666666666666667
3004,candidate_2,candidate_3,candidate_1,3,0.04666666666666667
3005,candidate_2,candidate_3,candidate_1,3,0.04666666666666667
3006,candidate_2,candidate_3,candidate_1,3,0.04666666666666667
3007,candidate_2,candidate_3,candidate_1,3,0.04666666666666667
3008,candidate_2,candidate_3,candidate_1,3,0.04666666666666667
3009,candidate_2,candidate_3,candidate_1,3,0.04666666666666667
3010,candidate_2,candidate_3,candidate_1,3,0.04666666666666667
3011,candidate_2,candidate_3,candidate_1,3,0.04666666666666667
3012,candidate_2,candidate_3,candidate_1,3,0.04666666666666667
3013,candidate_2,candidate_3,candidate_1,3,0.04666666666666667
3014,candidate_2,candidate_3,candidate_1,3,0.04666666666666667
3015,candidate_2,candidate_3,candidate_1,3,0.04666666666666667
3016,candidate_2,candidate_3,candidate_1,3,0.04666666666666667
3017,candidate_2,0,candidate_1,3,0.04666666666666667
3018,candidate_2,candidate_3,candidate_1,3,0.04666666666666667
3019,candidate_2,candidate_3,candidate_1,3,0.04666666666666667
3020,candidate_2,candidate_3,candidate_1,3,0.04666666666666667
3021,candidate_2,candidate_3,candidate_1,3,0.04666666666666667
3022,candidate_2,candidate_3,candidate_1,3,0.04666666666666667
3023,candidate_2,candidate_3,candidate_1,3,0.04666666666666667
3024,candidate_2,candidate_3,candidate_1,3,0.04666666666666667
3025,candidate_2,candidate_3,candidate_1,3,0.04666666666666667
3026,candidate_2,candidate_3,candidate_1,3,0.04666666666666667
3027,candidate_2,candidate_3,0,3,0.04666666666666667
3028,candidate_2,candidate_3,candidate_1,3,0.04666666666666667
3029,candidate_2,candidate_3,candidate_1,3,0.04666666666666667
3030,candidate_2,candidate_3,candidate_1,3,0.04666666666666667
3031,candidate_2,candidate_3,candidate_1,3,0.04666666666666667
3032,candidate_2,candidate_3,candidate_1,3,0.04666666666666667
3033,candidate_2,candidate_3,candidate_1,3,0.04666666666666667
3034,candidate_2,candidate_3,candidate_1,3,0.04666666666666667
3035,candidate_2,candidate_3,candidate_1,3,0.04666666666666667
3036,candidate_2,candidate_3,candidate_1,3,0.04666666666666667
3037,candidate_2,candidate_3,candidate_1,3,0.04666666666666667
3038,candidate_2,candidate_3,candidate_1,3,0.04666666666666667
3039,0,candidate_3,0,3,0.04666666666666667
3040,candidate_2,candidate_3,candidate_1,3,0.04666666666666667
3041,0,candidate_3,candidate_1,3,0.04666666666666667
3042,candidate_2,candidate_3,candidate_1,3,0.04666666666666667
3043,candidate_2,candidate_3,candidate_1,3,0.04666666666666667
3044,candidate_2,candidate_3,candidate_1,3,0.04666666666666667
3045,candidate_2,candidate_3,candidate_1,3,0.04666666666666667
3046,candidate_2,0,candidate_1,3,0.04666666666666667
3047,candidate_2,candidate_3,candidate_1,3,0.04666666666666667
3048,candidate_2,candidate_3,candidate_1,3,0.04666666666666667
3049,candidate_2,candidate_3,candidate_1,3,0.04666666666666667
3050,candidate_2,candidate_3,candidate_1,3,0.04666666666666667
3051,candidate_2,candidate_3,candidate_1,3,0.04666666666666667
3052,candidate_2,candidate_3,candidate_1,3,0.04666666666666667
3053,candidate_2,0,candidate_1,3,0.04666666666666667
3054,candidate_2,candidate_3,candidate_1,3,0.04666666666666667
3055,candidate_2,candidate_3,candidate_1,3,0.04666666666666667
3056,candidate_2,candidate_3,candidate_1,3,0.04666666666666667
3057,0,candidate_3,candidate_1,3,0.04666666666666667
3058,candidate_2,candidate_3,candidate_1,3,0.04666666666666667
3059,candidate_2,candidate_3,candidate_1,3,0.04666666666666667
3060,candidate_2,candidate_3,candidate_1,3,0.04666666666666667
3061,candidate_2,candidate_3,candidate_1,3,0.04666666666666667
3062,candidate_2,candidate_3,candidate_1,3,0.04666666666666667
3063,candidate_2,candidate_3,candidate_1,3,0.04666666666666667
3064,candidate_2,candidate_3,candidate_1,3,0.04666666666666667
3065,candidate_2,candidate_3,candidate_1,3,0.04666666666666667
3066,candidate_2,candidate_3,candidate_1,3,0.04666666666666667
3067,candidate_2,0,candidate_1,3,0.04666666666666667
3068,candidate_2,0,candidate_1,3,0.04666666666666667
3069,candidate_2,candidate_3,candidate_1,3,0.04666666666666667
3070,candidate_2,candidate_3,candidate_1,3,0.04666666666666667
3071,0,candidate_3,candidate_1,3,0.04666666666666667
3072,candidate_2,candidate_3,candidate_1,3,0.04666666666666667
3073,candidate_2,candidate_3,candidate_1,3,0.04666666666666667
3074,candidate_2,candidate_3,candidate_1,3,0.04666666666666667
3075,candidate_2,candidate_3,candidate_1,3,0.04666666666666667
3076,candidate_2,candidate_3,candidate_1,3,0.04666666666666667
3077,candidate_2,candidate_3,candidate_1,3,0.04666666666666667
3078,candidate_2,candidate_3,candidate_1,3,0.04666666666666667
3079,candidate_2,candidate_3,candidate_1,3,0.04666666666666667
3080,candidate_2,candidate_3,candidate_1,3,0.04666666666666667
3081,candidate_2,candidate_3,candidate_1,3,0.04666666666666667
3082,candidate_2,candidate_3,candidate_1,3,0.04666666666666667
3083,candidate_2,candidate_3,candidate_1,3,0.04666666666666667
3084,candidate_2,candidate_3,candidate_1,3,0.04666666666666667
3085,candidate_2,candidate_3,candidate_1,3,0.04666666666666667
3086,candidate_2,candidate_3,candidate_1,3,0.04666666666666667
3087,candidate_2,candidate_3,candidate_1,3,0.04666666666666667
3088,candidate_2,candidate_3,candidate_1,3,0.04666666666666667
3089,candidate_2,candidate_3,candidate_1,3,0.04666666666666667
3090,candidate_2,candidate_3,candidate_1,3,0.04666666666666667
3091,candidate_2,candidate_3,candidate_1,3,0.04666666666666667
3092,candidate_2,candidate_3,candidate_1,3,0.04666666666666667
3093,candidate_2,candidate_3,candidate_1,3,0.04666666666666667
3094,candidate_2,0,candidate_1,3,0.04666666666666667
3095,candidate_2,candidate_3,candidate_1,3,0.04666666666666667
3096,candidate_2,candidate_3,candidate_1,3,0.04666666666666667
3097,candidate_2,candidate_3,candidate_1,3,0.04666666666666667
3098,candidate_2,candidate_3,candidate_1,3,0.04666666666666667
3099,candidate_2,0,0,3,0.04666666666666667
3100,0,candidate_3,candidate_1,3,0.04666666666666667
3101,candidate_2,candidate_3,candidate_1,3,0.04666666666666667
3102,candidate_2,candidate_3,candidate_1,3,0.04666666666666667
3103,candidate_2,candidate_3,candidate_1,3,0.04666666666666667
3104,candidate_2,candidate_3,candidate_1,3,0.04666666666666667
3105,candidate_2,candidate_3,candidate_1,3,0.04666666666666667
3106,candidate_2,candidate_3,0,3,0.04666666666666667
3107,candidate_2,candidate_3,candidate_1,3,0.04666666666666667
3108,candidate_2,candidate_3,candidate_1,3,0.04666666666666667
3109,candidate_2,candidate_3,candidate_1,3,0.04666666666666667
3110,candidate_2,candidate_3,candidate_1,3,0.04666666666666667
3111,candidate_2,candidate_3,candidate_1,3,0.04666666666666667
3112,0,candidate_3,candidate_1,3,0.04666666666666667
3113,candidate_2,candidate_3,candidate_1,3,0.04666666666666667
3114,candidate_2,candidate_3,candidate_1,3,0.04666666666666667
3115,candidate_2,candidate_3,candidate_1,3,0.04666666666666667
3116,candidate_2,candidate_3,candidate_1,3,0.04666666666666667
3117,candidate_2,candidate_3,candidate_1,3,0.04666666666666667
3118,candidate_2,candidate_3,candidate_1,3,0.04666666666666667
3119,candidate_2,candidate_3,candidate_1,3,0.04666666666666667
3120,candidate_2,0,0,3,0.04666666666666667
3121,candidate_2,0,candidate_1,3,0.04666666666666667
3122,candidate_2,candidate_3,candidate_1,3,0.04666666666666667
3123,candidate_2,candidate_3,candidate_1,3,0.04666666666666667
3124,candidate_2,candidate_3,candidate_1,3,0.04666666666666667
3125,0,candidate_3,candidate_1,3,0.04666666666666667
3126,candidate_2,candidate_3,candidate_1,3,0.04666666666666667
3127,candidate_2,candidate_3,candidate_1,3,0.04666666666666667
3128,candidate_2,candidate_3,candidate_1,3,0.04666666666666667
3129,candidate_2,candidate_3,candidate_1,3,0.04666666666666667
3130,candidate_2,candidate_3,candidate_1,3,0.04666666666666667
3131,candidate_2,0,0,3,0.04666666666666667
3132,candidate_2,candidate_3,candidate_1,3,0.04666666666666667
3133,candidate_2,candidate_3,candidate_1,3,0.04666666666666667
3134,candidate_2,candidate_3,candidate_1,3,0.04666666666666667
3135,candidate_2,candidate_3,candidate_1,3,0.04666666666666667
3136,candidate_2,candidate_3,candidate_1,3,0.04666666666666667
3137,candidate_2,candidate_3,candidate_1,3,0.04666666666666667
3138,candidate_2,candidate_3,candidate_1,3,0.04666666666666667
3139,candidate_2,candidate_3,candidate_1,3,0.04666666666666667
3140,candidate_2,candidate_3,candidate_1,3,0.04666666666666667
3141,candidate_2,candidate_3,candidate_1,3,0.04666666666666667
3142,candidate_2,0,candidate_1,3,0.04666666666666667
3143,candidate_2,candidate_3,candidate_1,3,0.04666666666666667
3144,candidate_2,candidate_3,candidate_1,3,0.04666666666666667
3145,candidate_2,candidate_3,candidate_1,3,0.04666666666666667
3146,candidate_2,candidate_3,candidate_1,3,0.04666666666666667
3147,candidate_2,0,candidate_1,3,0.04666666666666667
3148,candidate_2,candidate_3,candidate_1,3,0.04666666666666667
3149,candidate_2,candidate_3,0,3,0.04666666666666667
3150,candidate_2,candidate_3,candidate_1,3,0.04666666666666667
3151,candidate_2,candidate_3,candidate_1,3,0.04666666666666667
3152,candidate_2,candidate_3,candidate_1,3,0.04666666666666667
3153,candidate_2,candidate_3,candidate_1,3,0.04666666666666667
3154,candidate_2,candidate_3,0,3,0.04666666666666667
3155,candidate_2,candidate_3,candidate_1,3,0.04666666666666667
3156,candidate_2,candidate_3,candidate_1,3,0.04666666666666667
3157,candidate_2,0,candidate_1,3,0.04666666666666667
3158,candidate_2,candidate_3,candidate_1,3,0.04666666666666667
3159,candidate_2,candidate_3,candidate_1,3,0.04666666666666667
3160,candidate_2,candidate_3,0,3,0.04666666666666667
3161,candidate_2,candidate_3,candidate_1,3,0.04666666666666667
3162,candidate_2,candidate_3,0,3,0.04666666666666667
3163,candidate_2,candidate_3,candidate_1,3,0.04666666666666667
3164,candidate_2,0,candidate_1,3,0.04666666666666667
3165,0,candidate_3,candidate_1,3,0.04666666666666667
3166,candidate_2,0,candidate_1,3,0.04666666666666667
3167,candidate_2,candidate_3,candidate_1,3,0.04666666666666667
3168,candidate_2,candidate_3,candidate_1,3,0.04666666666666667
3169,candidate_2,candidate_3,candidate_1,3,0.04666666666666667
3170,candidate_2,candidate_3,candidate_1,3,0.04666666666666667
3171,candidate_2,candidate_3,candidate_1,3,0.04666666666666667
3172,candidate_2,candidate_3,candidate_1,3,0.04666666666666667
3173,candidate_2,candidate_3,candidate_1,3,0.04666666666666667
3174,candidate_2,candidate_3,candidate_1,3,0.04666666666666667
3175,candidate_2,candidate_3,candidate_1,3,0.04666666666666667
3176,candidate_2,candidate_3,candidate_1,3,0.04666666666666667
3177,candidate_2,candidate_3,candidate_1,3,0.04666666666666667
3178,candidate_2,candidate_3,candidate_1,3,0.04666666666666667
3179,candidate_2,0,candidate_1,3,0.04666666666666667
3180,candidate_2,candidate_3,candidate_1,3,0.04666666666666667
3181,candidate_2,candidate_3,candidate_1,3,0.04666666666666667
3182,candidate_2,candidate_3,candidate_1,3,0.04666666666666667
3183,candidate_2,candidate_3,0,3,0.04666666666666667
3184,candidate_2,candidate_3,candidate_1,3,0.04666666666666667
3185,candidate_2,candidate_3,candidate_1,3,0.04666666666666667
3186,candidate_2,candidate_3,candidate_1,3,0.04666666666666667
3187,candidate_2,candidate_3,candidate_1,3,0.04666666666666667
3188,candidate_2,candidate_3,candidate_1,3,0.04666666666666667
3189,candidate_2,candidate_3,candidate_1,3,0.04666666666666667
3190,candidate_2,candidate_3,candidate_1,3,0.04666666666666667
3191,candidate_2,candidate_3,candidate_1,3,0.04666666666666667
3192,0,candidate_3,candidate_1,3,0.04666666666666667
3193,candidate_2,candidate_3,candidate_1,3,0.04666666666666667
3194,candidate_2,candidate_3,candidate_1,3,0.04666666666666667
3195,candidate_2,candidate_3,candidate_1,3,0.04666666666666667
3196,candidate_2,candidate_3,candidate_1,3,0.04666666666666667
3197,candidate_2,candidate_3,candidate_1,3,0.04666666666666667
3198,candidate_2,candidate_3,candidate_1,3,0.04666666666666667
3199,candidate_2,candidate_3,candidate_1,3,0.04666666666666667
3200,candidate_2,candidate_3,candidate_1,3,0.04666666666666667
3201,candidate_2,candidate_3,candidate_1,3,0.04666666666666667
3202,candidate_2,candidate_3,candidate_1,3,0.04666666666666667
3203,candidate_2,candidate_3,candidate_1,3,0.04666666666666667
3204,candidate_2,candidate_3,0,3,0.04666666666666667
3205,candidate_2,candidate_3,candidate_1,3,0.04666666666666667
3206,candidate_2,candidate_3,candidate_1,3,0.04666666666666667
3207,candidate_2,candidate_3,candidate_1,3,0.04666666666666667
3208,candidate_2,candidate_3,candidate_1,3,0.04666666666666667
3209,0,candidate_3,candidate_1,3,0.04666666666666667
3210,candidate_2,candidate_3,candidate_1,3,0.04666666666666667
3211,0,candidate_3,candidate_1,3,0.04666666666666667
3212,candidate_2,candidate_3,candidate_1,3,0.04666666666666667
3213,candidate_2,candidate_3,candidate_1,3,0.04666666666666667
3214,candidate_2,candidate_3,candidate_1,3,0.04666666666666667
3215,candidate_2,candidate_3,candidate_1,3,0.04666666666666667
3216,candidate_2,candidate_3,candidate_1,3,0.04666666666666667
3217,0,candidate_3,candidate_1,3,0.04666666666666667
3218,candidate_2,candidate_3,candidate_1,3,0.04666666666666667
3219,candidate_2,candidate_3,candidate_1,3,0.04666666666666667
3220,candidate_2,candidate_3,candidate_1,3,0.04666666666666667
3221,candidate_2,candidate_3,candidate_1,3,0.04666666666666667
3222,candidate_2,candidate_3,0,3,0.04666666666666667
3223,candidate_2,candidate_3,candidate_1,3,0.04666666666666667
3224,candidate_2,candidate_3,candidate_1,3,0.04666666666666667
3225,candidate_2,candidate_3,candidate_1,3,0.04666666666666667
3226,candidate_2,0,candidate_1,3,0.04666666666666667
3227,candidate_2,candidate_3,candidate_1,3,0.04666666666666667
3228,candidate_2,candidate_3,0,3,0.04666666666666667
3229,candidate_2,candidate_3,candidate_1,3,0.04666666666666667
3230,candidate_2,0,candidate_1,3,0.04666666666666667
3231,candidate_2,0,candidate_1,3,0.04666666666666667
3232,candidate_2,candidate_3,candidate_1,3,0.04666666666666667
3233,candidate_2,candidate_3,candidate_1,3,0.04666666666666667
3234,candidate_2,candidate_3,candidate_1,3,0.04666666666666667
3235,candidate_2,candidate_3,candidate_1,3,0.04666666666666667
3236,candidate_2,candidate_3,candidate_1,3,0.04666666666666667
3237,candidate_2,candidate_3,candidate_1,3,0.04666666666666667
3238,candidate_2,candidate_3,0,3,0.04666666666666667
3239,0,candidate_3,candidate_1,3,0.04666666666666667
3240,candidate_2,candidate_3,candidate_1,3,0.04666666666666667
3241,candidate_2,candidate_3,candidate_1,3,0.04666666666666667
3242,candidate_2,candidate_3,candidate_1,3,0.04666666666666667
3243,candidate_2,candidate_3,candidate_1,3,0.04666666666666667
3244,candidate_2,candidate_3,candidate_1,3,0.04666666666666667
3245,candidate_2,candidate_3,candidate_1,3,0.04666666666666667
3246,candidate_2,candidate_3,candidate_1,3,0.04666666666666667
3247,candidate_2,candidate_3,candidate_1,3,0.04666666666666667
3248,candidate_2,candidate_3,candidate_1,3,0.04666666666666667
3249,candidate_2,candidate_3,candidate_1,3,0.04666666666666667
3250,candidate_2,candidate_3,candidate_1,3,0.04666666666666667
3251,candidate_2,candidate_3,candidate_1,3,0.04666666666666667
3252,candidate_2,candidate_3,candidate_1,3,0.04666666666666667
3253,candidate_2,candidate_3,candidate_1,3,0.04666666666666667
3254,candidate_2,candidate_3,candidate_1,3,0.04666666666666667
3255,candidate_2,0,candidate_1,3,0.04666666666666667
3256,candidate_2,candidate_3,candidate_1,3,0.04666666666666667
3257,candidate_2,candidate_3,candidate_1,3,0.04666666666666667
3258,candidate_2,candidate_3,candidate_1,3,0.04666666666666667
3259,candidate_2,0,candidate_1,3,0.04666666666666667
3260,candidate_2,candidate_3,candidate_1,3,0.04666666666666667
3261,candidate_2,candidate_3,candidate_1,3,0.04666666666666667
3262,candidate_2,candidate_3,candidate_1,3,0.04666666666666667
3263,candidate_2,candidate_3,candidate_1,3,0.04666666666666667
3264,candidate_2,candidate_3,candidate_1,3,0.04666666666666667
3265,candidate_2,candidate_3,candidate_1,3,0.04666666666666667
3266,candidate_2,candidate_3,candidate_1,3,0.04666666666666667
3267,candidate_2,candidate_3,candidate_1,3,0.04666666666666667
3268,candidate_2,candidate_3,candidate_1,3,0.04666666666666667
3269,candidate_2,candidate_3,0,3,0.04666666666666667
3270,candidate_2,candidate_3,candidate_1,3,0.04666666666666667
3271,candidate_2,candidate_3,candidate_1,3,0.04666666666666667
3272,candidate_2,candidate_3,candidate_1,3,0.04666666666666667
3273,candidate_2,candidate_3,candidate_1,3,0.04666666666666667
3274,candidate_2,candidate_3,candidate_1,3,0.04666666666666667
3275,candidate_2,candidate_3,candidate_1,3,0.04666666666666667
3276,candidate_2,candidate_3,candidate_1,3,0.04666666666666667
3277,candidate_2,candidate_3,candidate_1,3,0.04666666666666667
3278,candidate_2,candidate_3,candidate_1,3,0.04666666666666667
3279,candidate_2,candidate_3,candidate_1,3,0.04666666666666667
3280,candidate_2,candidate_3,candidate_1,3,0.04666666666666667
3281,candidate_2,candidate_3,candidate_1,3,0.04666666666666667
3282,candidate_2,candidate_3,0,3,0.04666666666666667
3283,candidate_2,candidate_3,candidate_1,3,0.04666666666666667
3284,0,candidate_3,candidate_1,3,0.04666666666666667
3285,candidate_2,candidate_3,candidate_1,3,0.04666666666666667
3286,candidate_2,candidate_3,candidate_1,3,0.04666666666666667
3287,candidate_2,0,candidate_1,3,0.04666666666666667
3288,candidate_2,candidate_3,candidate_1,3,0.04666666666666667
3289,0,candidate_3,candidate_1,3,0.04666666666666667
3290,candidate_2,candidate_3,candidate_1,3,0.04666666666666667
3291,candidate_2,candidate_3,candidate_1,3,0.04666666666666667
3292,candidate_2,candidate_3,candidate_1,3,0.04666666666666667
3293,candidate_2,candidate_3,candidate_1,3,0.04666666666666667
3294,candidate_2,candidate_3,candidate_1,3,0.04666666666666667
3295,candidate_2,candidate_3,candidate_1,3,0.04666666666666667
3296,candidate_2,candidate_3,candidate_1,3,0.04666666666666667
3297,candidate_2,candidate_3,candidate_1,3,0.04666666666666667
3298,0,candidate_3,candidate_1,3,0.04666666666666667
3299,candidate_2,candidate_3,0,3,0.04666666666666667
3300,candidate_2,candidate_3,candidate_1,3,0.04666666666666667
3301,candidate_2,candidate_3,candidate_1,3,0.04666666666666667
3302,candidate_2,candidate_3,candidate_1,3,0.04666666666666667
3303,candidate_2,candidate_3,candidate_1,3,0.04666666666666667
3304,candidate_2,candidate_3,candidate_1,3,0.04666666666666667
3305,candidate_2,candidate_3,candidate_1,3,0.04666666666666667
3306,candidate_2,candidate_3,candidate_1,3,0.04666666666666667
3307,candidate_2,candidate_3,candidate_1,3,0.04666666666666667
3308,candidate_2,candidate_3,candidate_1,3,0.04666666666666667
3309,candidate_2,candidate_3,candidate_1,3,0.04666666666666667
3310,candidate_2,candidate_3,candidate_1,3,0.04666666666666667
3311,candidate_2,0,candidate_1,3,0.04666666666666667
3312,0,candidate_3,candidate_1,3,0.04666666666666667
3313,candidate_2,candidate_3,candidate_1,3,0.04666666666666667
3314,candidate_2,candidate_3,candidate_1,3,0.04666666666666667
3315,candidate_2,candidate_3,candidate_1,3,0.04666666666666667
3316,candidate_2,candidate_3,candidate_1,3,0.04666666666666667
3317,candidate_2,candidate_3,candidate_1,3,0.04666666666666667
3318,candidate_2,candidate_3,candidate_1,3,0.04666666666666667
3319,candidate_2,candidate_3,candidate_1,3,0.04666666666666667
3320,candidate_2,candidate_3,candidate_1,3,0.04666666666666667
3321,0,candidate_3,candidate_1,3,0.04666666666666667
3322,candidate_2,candidate_3,candidate_1,3,0.04666666666666667
3323,candidate_2,candidate_3,candidate_1,3,0.04666666666666667
3324,candidate_2,candidate_3,candidate_1,3,0.04666666666666667
3325,candidate_2,0,candidate_1,3,0.04666666666666667
3326,candidate_2,candidate_3,candidate_1,3,0.04666666666666667
3327,candidate_2,candidate_3,candidate_1,3,0.04666666666666667
3328,candidate_2,candidate_3,candidate_1,3,0.04666666666666667
3329,candidate_2,candidate_3,candidate_1,3,0.04666666666666667
3330,candidate_2,candidate_3,candidate_1,3,0.04666666666666667
3331,candidate_2,candidate_3,candidate_1,3,0.04666666666666667
3332,candidate_2,candidate_3,0,3,0.04666666666666667
3333,0,candidate_3,candidate_1,3,0.04666666666666667
3334,candidate_2,candidate_3,candidate_1,3,0.04666666666666667
3335,candidate_2,candidate_3,candidate_1,3,0.04666666666666667
3336,candidate_2,candidate_3,candidate_1,3,0.04666666666666667
3337,candidate_2,candidate_3,candidate_1,3,0.04666666666666667
3338,candidate_2,candidate_3,candidate_1,3,0.04666666666666667
3339,candidate_2,candidate_3,candidate_1,3,0.04666666666666667
3340,candidate_2,candidate_3,candidate_1,3,0.04666666666666667
3341,candidate_2,candidate_3,candidate_1,3,0.04666666666666667
3342,candidate_2,candidate_3,candidate_1,3,0.04666666666666667
3343,candidate_2,candidate_3,candidate_1,3,0.04666666666666667
3344,candidate_2,candidate_3,candidate_1,3,0.04666666666666667
3345,candidate_2,candidate_3,candidate_1,3,0.04666666666666667
3346,0,candidate_3,candidate_1,3,0.04666666666666667
3347,candidate_2,candidate_3,candidate_1,3,0.04666666666666667
3348,candidate_2,candidate_3,0,3,0.04666666666666667
3349,candidate_2,candidate_3,candidate_1,3,0.04666666666666667
3350,candidate_2,candidate_3,candidate_1,3,0.04666666666666667
3351,candidate_2,candidate_3,candidate_1,3,0.04666666666666667
3352,candidate_2,candidate_3,candidate_1,3,0.04666666666666667
3353,candidate_2,candidate_3,candidate_1,3,0.04666666666666667
3354,candidate_2,candidate_3,candidate_1,3,0.04666666666666667
3355,candidate_2,candidate_3,candidate_1,3,0.04666666666666667
3356,candidate_2,candidate_3,candidate_1,3,0.04666666666666667
3357,candidate_2,candidate_3,candidate_1,3,0.04666666666666667
3358,candidate_2,candidate_3,candidate_1,3,0.04666666666666667
3359,candidate_2,candidate_3,candidate_1,3,0.04666666666666667
3360,candidate_2,candidate_3,candidate_1,3,0.04666666666666667
3361,0,candidate_3,candidate_1,3,0.04666666666666667
3362,candidate_2,candidate_3,candidate_1,3,0.04666666666666667
3363,candidate_2,candidate_3,candidate_1,3,0.04666666666666667
3364,candidate_2,candidate_3,candidate_1,3,0.04666666666666667
3365,candidate_2,candidate_3,candidate_1,3,0.04666666666666667
3366,candidate_2,candidate_3,candidate_1,3,0.04666666666666667
3367,candidate_2,candidate_3,candidate_1,3,0.04666666666666667
3368,candidate_2,candidate_3,candidate_1,3,0.04666666666666667
3369,candidate_2,candidate_3,candidate_1,3,0.04666666666666667
3370,candidate_2,candidate_3,candidate_1,3,0.04666666666666667
3371,candidate_2,candidate_3,candidate_1,3,0.04666666666666667
3372,candidate_2,candidate_3,candidate_1,3,0.04666666666666667
3373,candidate_2,candidate_3,candidate_1,3,0.04666666666666667
3374,candidate_2,candidate_3,candidate_1,3,0.04666666666666667
3375,candidate_2,candidate_3,candidate_1,3,0.04666666666666667
3376,candidate_2,candidate_3,candidate_1,3,0.04666666666666667
3377,candidate_2,candidate_3,candidate_1,3,0.04666666666666667
3378,candidate_2,candidate_3,candidate_1,3,0.04666666666666667
3379,candidate_2,candidate_3,candidate_1,3,0.04666666666666667
3380,candidate_2,candidate_3,candidate_1,3,0.04666666666666667
3381,candidate_2,candidate_3,candidate_1,3,0.04666666666666667
3382,candidate_2,candidate_3,candidate_1,3,0.04666666666666667
3383,candidate_2,candidate_3,0,3,0.04666666666666667
3384,candidate_2,candidate_3,candidate_1,3,0.04666666666666667
3385,0,candidate_3,candidate_1,3,0.04666666666666667
3386,candidate_2,candidate_3,candidate_1,3,0.04666666666666667
3387,candidate_2,candidate_3,candidate_1,3,0.04666666666666667
3388,candidate_2,candidate_3,candidate_1,3,0.04666666666666667
3389,candidate_2,candidate_3,candidate_1,3,0.04666666666666667
3390,candidate_2,candidate_3,candidate_1,3,0.04666666666666667
3391,candidate_2,candidate_3,candidate_1,3,0.04666666666666667
3392,candidate_2,candidate_3,candidate_1,3,0.04666666666666667
3393,0,candidate_3,candidate_1,3,0.04666666666666667
3394,candidate_2,0,candidate_1,3,0.04666666666666667
3395,candidate_2,candidate_3,candidate_1,3,0.04666666666666667
3396,candidate_2,candidate_3,candidate_1,3,0.04666666666666667
3397,candidate_2,candidate_3,candidate_1,3,0.04666666666666667
3398,candidate_2,candidate_3,candidate_1,3,0.04666666666666667
3399,candidate_2,candidate_3,candidate_1,3,0.04666666666666667
3400,candidate_2,candidate_3,candidate_1,3,0.04666666666666667
3401,candidate_2,candidate_3,candidate_1,3,0.04666666666666667
3402,candidate_2,candidate_3,candidate_1,3,0.04666666666666667
3403,candidate_2,candidate_3,candidate_1,3,0.04666666666666667
3404,candidate_2,candidate_3,candidate_1,3,0.04666666666666667
3405,candidate_2,candidate_3,candidate_1,3,0.04666666666666667
3406,candidate_2,candidate_3,candidate_1,3,0.04666666666666667
3407,candidate_2,candidate_3,candidate_1,3,0.04666666666666667
3408,candidate_2,candidate_3,candidate_1,3,0.04666666666666667
3409,candidate_2,candidate_3,candidate_1,3,0.04666666666666667
3410,candidate_2,candidate_3,candidate_1,3,0.04666666666666667
3411,candidate_2,candidate_3,candidate_1,3,0.04666666666666667
3412,candidate_2,candidate_3,candidate_1,3,0.04666666666666667
3413,candidate_2,candidate_3,candidate_1,3,0.04666666666666667
3414,candidate_2,candidate_3,candidate_1,3,0.04666666666666667
3415,candidate_2,0,candidate_1,3,0.04666666666666667
3416,candidate_2,candidate_3,candidate_1,3,0.04666666666666667
3417,candidate_2,candidate_3,candidate_1,3,0.04666666666666667
3418,candidate_2,candidate_3,candidate_1,3,0.04666666666666667
3419,candidate_2,candidate_3,candidate_1,3,0.04666666666666667
3420,candidate_2,0,candidate_1,3,0.04666666666666667
3421,candidate_2,candidate_3,candidate_1,3,0.04666666666666667
3422,candidate_2,candidate_3,candidate_1,3,0.04666666666666667
3423,candidate_2,candidate_3,candidate_1,3,0.04666666666666667
3424,candidate_2,candidate_3,candidate_1,3,0.04666666666666667
3425,candidate_2,candidate_3,candidate_1,3,0.04666666666666667
3426,0,candidate_3,candidate_1,3,0.04666666666666667
3427,candidate_2,candidate_3,candidate_1,3,0.04666666666666667
3428,candidate_2,candidate_3,candidate_1,3,0.04666666666666667
3429,candidate_2,candidate_3,candidate_1,3,0.04666666666666667
3430,candidate_2,candidate_3,candidate_1,3,0.04666666666666667
3431,candidate_2,candidate_3,candidate_1,3,0.04666666666666667
3432,candidate_2,candidate_3,candidate_1,3,0.04666666666666667
3433,candidate_2,0,candidate_1,3,0.04666666666666667
3434,candidate_2,candidate_3,candidate_1,3,0.04666666666666667
3435,candidate_2,candidate_3,candidate_1,3,0.04666666666666667
3436,candidate_2,0,candidate_1,3,0.04666666666666667
3437,candidate_2,candidate_3,candidate_1,3,0.04666666666666667
3438,candidate_2,candidate_3,candidate_1,3,0.04666666666666667
3439,candidate_2,candidate_3,candidate_1,3,0.04666666666666667
3440,candidate_2,candidate_3,candidate_1,3,0.04666666666666667
3441,candidate_2,candidate_3,candidate_1,3,0.04666666666666667
3442,candidate_2,candidate_3,candidate_1,3,0.04666666666666667
3443,candidate_2,candidate_3,candidate_1,3,0.04666666666666667
3444,candidate_2,candidate_3,candidate_1,3,0.04666666666666667
3445,candidate_2,candidate_3,candidate_1,3,0.04666666666666667
3446,0,0,candidate_1,3,0.04666666666666667
3447,candidate_2,candidate_3,0,3,0.04666666666666667
3448,candidate_2,candidate_3,candidate_1,3,0.04666666666666667
3449,candidate_2,candidate_3,candidate_1,3,0.04666666666666667
3450,candidate_2,candidate_3,candidate_1,3,0.04666666666666667
3451,0,candidate_3,candidate_1,3,0.04666666666666667
3452,candidate_2,candidate_3,candidate_1,3,0.04666666666666667
3453,candidate_2,candidate_3,candidate_1,3,0.04666666666666667
3454,candidate_2,candidate_3,candidate_1,3,0.04666666666666667
3455,candidate_2,candidate_3,candidate_1,3,0.04666666666666667
3456,candidate_2,candidate_3,candidate_1,3,0.04666666666666667
3457,candidate_2,candidate_3,candidate_1,3,0.04666666666666667
3458,candidate_2,candidate_3,candidate_1,3,0.04666666666666667
3459,candidate_2,candidate_3,candidate_1,3,0.04666666666666667
3460,candidate_2,candidate_3,candidate_1,3,0.04666666666666667
3461,candidate_2,candidate_3,candidate_1,3,0.04666666666666667
3462,0,candidate_3,candidate_1,3,0.04666666666666667
3463,candidate_2,candidate_3,candidate_1,3,0.04666666666666667
3464,candidate_2,candidate_3,0,3,0.04666666666666667
3465,candidate_2,candidate_3,candidate_1,3,0.04666666666666667
3466,candidate_2,candidate_3,candidate_1,3,0.04666666666666667
3467,candidate_2,candidate_3,candidate_1,3,0.04666666666666667
3468,candidate_2,candidate_3,candidate_1,3,0.04666666666666667
3469,candidate_2,candidate_3,candidate_1,3,0.04666666666666667
3470,candidate_2,candidate_3,candidate_1,3,0.04666666666666667
3471,candidate_2,candidate_3,candidate_1,3,0.04666666666666667
3472,candidate_2,candidate_3,candidate_1,3,0.04666666666666667
3473,candidate_2,candidate_3,candidate_1,3,0.04666666666666667
3474,candidate_2,candidate_3,candidate_1,3,0.04666666666666667
3475,candidate_2,candidate_3,candidate_1,3,0.04666666666666667
3476,candidate_2,candidate_3,candidate_1,3,0.04666666666666667
3477,candidate_2,candidate_3,candidate_1,3,0.04666666666666667
3478,candidate_2,candidate_3,candidate_1,3,0.04666666666666667
3479,0,candidate_3,candidate_1,3,0.04666666666666667
3480,candidate_2,candidate_3,candidate_1,3,0.04666666666666667
3481,candidate_2,candidate_3,candidate_1,3,0.04666666666666667
3482,candidate_2,candidate_3,candidate_1,3,0.04666666666666667
3483,candidate_2,candidate_3,candidate_1,3,0.04666666666666667
3484,candidate_2,candidate_3,candidate_1,3,0.04666666666666667
3485,candidate_2,candidate_3,candidate_1,3,0.04666666666666667
3486,0,candidate_3,candidate_1,3,0.04666666666666667
3487,candidate_2,candidate_3,candidate_1,3,0.04666666666666667
3488,candidate_2,candidate_3,candidate_1,3,0.04666666666666667
3489,candidate_2,candidate_3,candidate_1,3,0.04666666666666667
3490,candidate_2,candidate_3,candidate_1,3,0.04666666666666667
3491,candidate_2,candidate_3,candidate_1,3,0.04666666666666667
3492,candidate_2,candidate_3,candidate_1,3,0.04666666666666667
3493,candidate_2,candidate_3,candidate_1,3,0.04666666666666667
3494,candidate_2,candidate_3,0,3,0.04666666666666667
3495,candidate_2,candidate_3,candidate_1,3,0.04666666666666667
3496,candidate_2,candidate_3,candidate_1,3,0.04666666666666667
3497,candidate_2,candidate_3,candidate_1,3,0.04666666666666667
3498,candidate_2,candidate_3,candidate_1,3,0.04666666666666667
3499,candidate_2,candidate_3,candidate_1,3,0.04666666666666667
3500,candidate_2,candidate_3,candidate_1,3,0.04666666666666667
3501,candidate_2,candidate_3,candidate_1,3,0.04666666666666667
3502,0,candidate_3,candidate_1,3,0.04666666666666667
3503,candidate_2,candidate_3,candidate_1,3,0.04666666666666667
3504,candidate_2,candidate_3,candidate_1,3,0.04666666666666667
3505,candidate_2,candidate_3,candidate_1,3,0.04666666666666667
3506,candidate_2,candidate_3,candidate_1,3,0.04666666666666667
3507,candidate_2,candidate_3,candidate_1,3,0.04666666666666667
3508,candidate_2,candidate_3,0,3,0.04666666666666667
3509,candidate_2,candidate_3,candidate_1,3,0.04666666666666667
3510,candidate_2,candidate_3,0,3,0.04666666666666667
3511,candidate_2,candidate_3,candidate_1,3,0.04666666666666667
3512,candidate_2,candidate_3,candidate_1,3,0.04666666666666667
3513,candidate_2,candidate_3,candidate_1,3,0.04666666666666667
3514,candidate_2,candidate_3,candidate_1,3,0.04666666666666667
3515,candidate_2,candidate_3,candidate_1,3,0.04666666666666667
3516,candidate_2,candidate_3,candidate_1,3,0.04666666666666667
3517,candidate_2,candidate_3,candidate_1,3,0.04666666666666667
3518,candidate_2,candidate_3,candidate_1,3,0.04666666666666667
3519,candidate_2,candidate_3,candidate_1,3,0.04666666666666667
3520,0,candidate_3,candidate_1,3,0.04666666666666667
3521,candidate_2,candidate_3,candidate_1,3,0.04666666666666667
3522,candidate_2,candidate_3,candidate_1,3,0.04666666666666667
3523,candidate_2,candidate_3,candidate_1,3,0.04666666666666667
3524,candidate_2,candidate_3,candidate_1,3,0.04666666666666667
3525,candidate_2,candidate_3,candidate_1,3,0.04666666666666667
3526,candidate_2,candidate_3,candidate_1,3,0.04666666666666667
3527,candidate_2,0,candidate_1,3,0.04666666666666667
3528,candidate_2,candidate_3,candidate_1,3,0.04666666666666667
3529,candidate_2,candidate_3,candidate_1,3,0.04666666666666667
3530,candidate_2,candidate_3,candidate_1,3,0.04666666666666667
3531,candidate_2,candidate_3,candidate_1,3,0.04666666666666667
3532,candidate_2,candidate_3,candidate_1,3,0.04666666666666667
3533,candidate_2,candidate_3,candidate_1,3,0.04666666666666667
3534,candidate_2,candidate_3,candidate_1,3,0.04666666666666667
3535,candidate_2,candidate_3,candidate_1,3,0.04666666666666667
3536,candidate_2,candidate_3,candidate_1,3,0.04666666666666667
3537,0,candidate_3,candidate_1,3,0.04666666666666667
3538,candidate_2,candidate_3,candidate_1,3,0.04666666666666667
3539,candidate_2,candidate_3,candidate_1,3,0.04666666666666667
3540,candidate_2,candidate_3,candidate_1,3,0.04666666666666667
3541,candidate_2,candidate_3,candidate_1,3,0.04666666666666667
3542,candidate_2,candidate_3,candidate_1,3,0.04666666666666667
3543,candidate_2,candidate_3,candidate_1,3,0.04666666666666667
3544,candidate_2,candidate_3,candidate_1,3,0.04666666666666667
3545,candidate_2,candidate_3,candidate_1,3,0.04666666666666667
3546,candidate_2,candidate_3,candidate_1,3,0.04666666666666667
3547,candidate_2,candidate_3,candidate_1,3,0.04666666666666667
3548,candidate_2,candidate_3,candidate_1,3,0.04666666666666667
3549,candidate_2,candidate_3,0,3,0.04666666666666667
3550,candidate_2,candidate_3,candidate_1,3,0.04666666666666667
3551,candidate_2,candidate_3,candidate_1,3,0.04666666666666667
3552,candidate_2,candidate_3,candidate_1,3,0.04666666666666667
3553,candidate_2,candidate_3,candidate_1,3,0.04666666666666667
3554,candidate_2,candidate_3,candidate_1,3,0.04666666666666667
3555,candidate_2,candidate_3,candidate_1,3,0.04666666666666667
3556,candidate_2,candidate_3,candidate_1,3,0.04666666666666667
3557,candidate_2,candidate_3,candidate_1,3,0.04666666666666667
3558,candidate_2,candidate_3,candidate_1,3,0.04666666666666667
3559,candidate_2,candidate_3,candidate_1,3,0.04666666666666667
3560,candidate_2,candidate_3,candidate_1,3,0.04666666666666667
3561,candidate_2,candidate_3,candidate_1,3,0.04666666666666667
3562,candidate_2,candidate_3,candidate_1,3,0.04666666666666667
3563,candidate_2,candidate_3,candidate_1,3,0.04666666666666667
3564,candidate_2,candidate_3,candidate_1,3,0.04666666666666667
3565,candidate_2,candidate_3,candidate_1,3,0.04666666666666667
3566,candidate_2,candidate_3,candidate_1,3,0.04666666666666667
3567,candidate_2,candidate_3,candidate_1,3,0.04666666666666667
3568,candidate_2,candidate_3,candidate_1,3,0.04666666666666667
3569,candidate_2,candidate_3,candidate_1,3,0.04666666666666667
3570,candidate_2,candidate_3,candidate_1,3,0.04666666666666667
3571,candidate_2,candidate_3,candidate_1,3,0.04666666666666667
3572,candidate_2,candidate_3,candidate_1,3,0.04666666666666667
3573,candidate_2,candidate_3,candidate_1,3,0.04666666666666667
3574,candidate_2,candidate_3,candidate_1,3,0.04666666666666667
3575,candidate_2,candidate_3,0,3,0.04666666666666667
3576,candidate_2,candidate_3,candidate_1,3,0.04666666666666667
3577,candidate_2,candidate_3,candidate_1,3,0.04666666666666667
3578,candidate_2,candidate_3,candidate_1,3,0.04666666666666667
3579,candidate_2,candidate_3,candidate_1,3,0.04666666666666667
3580,candidate_2,candidate_3,candidate_1,3,0.04666666666666667
3581,candidate_2,candidate_3,candidate_1,3,0.04666666666666667
3582,candidate_2,candidate_3,candidate_1,3,0.04666666666666667
3583,candidate_2,candidate_3,candidate_1,3,0.04666666666666667
3584,candidate_2,candidate_3,candidate_1,3,0.04666666666666667
3585,candidate_2,candidate_3,0,3,0.04666666666666667
3586,candidate_2,candidate_3,candidate_1,3,0.04666666666666667
3587,candidate_2,candidate_3,candidate_1,3,0.04666666666666667
3588,candidate_2,candidate_3,candidate_1,3,0.04666666666666667
3589,candidate_2,candidate_3,candidate_1,3,0.04666666666666667
3590,candidate_2,candidate_3,candidate_1,3,0.04666666666666667
3591,candidate_2,candidate_3,candidate_1,3,0.04666666666666667
3592,candidate_2,candidate_3,candidate_1,3,0.04666666666666667
3593,candidate_2,candidate_3,candidate_1,3,0.04666666666666667
3594,candidate_2,candidate_3,candidate_1,3,0.04666666666666667
3595,candidate_2,candidate_3,candidate_1,3,0.04666666666666667
3596,candidate_2,candidate_3,candidate_1,3,0.04666666666666667
3597,candidate_2,candidate_3,candidate_1,3,0.04666666666666667
3598,candidate_2,candidate_3,candidate_1,3,0.04666666666666667
3599,candidate_2,candidate_3,candidate_1,3,0.04666666666666667
3600,candidate_2,candidate_3,candidate_1,3,0.04666666666666667
3601,candidate_2,candidate_3,candidate_1,3,0.04666666666666667
3602,candidate_2,candidate_3,candidate_1,3,0.04666666666666667
3603,candidate_2,candidate_3,candidate_1,3,0.04666666666666667
3604,candidate_2,candidate_3,candidate_1,3,0.04666666666666667
3605,candidate_2,candidate_3,candidate_1,3,0.04666666666666667
3606,candidate_2,candidate_3,candidate_1,3,0.04666666666666667
3607,candidate_2,candidate_3,candidate_1,3,0.04666666666666667
3608,candidate_2,candidate_3,candidate_1,3,0.04666666666666667
3609,candidate_2,candidate_3,candidate_1,3,0.04666666666666667
3610,0,candidate_3,candidate_1,3,0.04666666666666667
3611,candidate_2,candidate_3,candidate_1,3,0.04666666666666667
3612,candidate_2,candidate_3,candidate_1,3,0.04666666666666667
3613,candidate_2,candidate_3,candidate_1,3,0.04666666666666667
3614,candidate_2,candidate_3,candidate_1,3,0.04666666666666667
3615,candidate_2,candidate_3,candidate_1,3,0.04666666666666667
3616,candidate_2,candidate_3,candidate_1,3,0.04666666666666667
3617,candidate_2,candidate_3,candidate_1,3,0.04666666666666667
3618,candidate_2,candidate_3,candidate_1,3,0.04666666666666667
3619,candidate_2,candidate_3,candidate_1,3,0.04666666666666667
3620,candidate_2,candidate_3,candidate_1,3,0.04666666666666667
3621,0,candidate_3,candidate_1,3,0.04666666666666667
3622,candidate_2,candidate_3,candidate_1,3,0.04666666666666667
3623,candidate_2,candidate_3,candidate_1,3,0.04666666666666667
3624,candidate_2,candidate_3,candidate_1,3,0.04666666666666667
3625,candidate_2,candidate_3,candidate_1,3,0.04666666666666667
3626,candidate_2,candidate_3,candidate_1,3,0.04666666666666667
3627,candidate_2,candidate_3,candidate_1,3,0.04666666666666667
3628,candidate_2,candidate_3,candidate_1,3,0.04666666666666667
3629,candidate_2,candidate_3,candidate_1,3,0.04666666666666667
3630,candidate_2,candidate_3,candidate_1,3,0.04666666666666667
3631,candidate_2,candidate_3,candidate_1,3,0.04666666666666667
3632,candidate_2,candidate_3,candidate_1,3,0.04666666666666667
3633,candidate_2,candidate_3,candidate_1,3,0.04666666666666667
3634,candidate_2,candidate_3,candidate_1,3,0.04666666666666667
3635,candidate_2,candidate_3,candidate_1,3,0.04666666666666667
3636,candidate_2,candidate_3,candidate_1,3,0.04666666666666667
3637,candidate_2,candidate_3,candidate_1,3,0.04666666666666667
3638,candidate_2,candidate_3,candidate_1,3,0.04666666666666667
3639,candidate_2,candidate_3,candidate_1,3,0.04666666666666667
3640,candidate_2,candidate_3,candidate_1,3,0.04666666666666667
3641,candidate_2,candidate_3,candidate_1,3,0.04666666666666667
3642,candidate_2,0,candidate_1,3,0.04666666666666667
3643,candidate_2,candidate_3,candidate_1,3,0.04666666666666667
3644,candidate_2,candidate_3,candidate_1,3,0.04666666666666667
3645,0,0,candidate_1,3,0.04666666666666667
3646,candidate_2,candidate_3,candidate_1,3,0.04666666666666667
3647,candidate_2,candidate_3,candidate_1,3,0.04666666666666667
3648,candidate_2,candidate_3,candidate_1,3,0.04666666666666667
3649,candidate_2,candidate_3,candidate_1,3,0.04666666666666667
3650,candidate_2,candidate_3,candidate_1,3,0.04666666666666667
3651,candidate_2,0,candidate_1,3,0.04666666666666667
3652,candidate_2,candidate_3,candidate_1,3,0.04666666666666667
3653,candidate_2,candidate_3,candidate_1,3,0.04666666666666667
3654,candidate_2,candidate_3,candidate_1,3,0.04666666666666667
3655,candidate_2,candidate_3,candidate_1,3,0.04666666666666667
3656,candidate_2,candidate_3,candidate_1,3,0.04666666666666667
3657,candidate_2,candidate_3,candidate_1,3,0.04666666666666667
3658,candidate_2,candidate_3,candidate_1,3,0.04666666666666667
3659,candidate_2,candidate_3,0,3,0.04666666666666667
3660,candidate_2,candidate_3,candidate_1,3,0.04666666666666667
3661,candidate_2,candidate_3,candidate_1,3,0.04666666666666667
3662,candidate_2,candidate_3,candidate_1,3,0.04666666666666667
3663,candidate_2,candidate_3,candidate_1,3,0.04666666666666667
3664,candidate_2,candidate_3,candidate_1,3,0.04666666666666667
3665,0,candidate_3,candidate_1,3,0.04666666666666667
3666,candidate_2,candidate_3,candidate_1,3,0.04666666666666667
3667,candidate_2,candidate_3,candidate_1,3,0.04666666666666667
3668,candidate_2,candidate_3,candidate_1,3,0.04666666666666667
3669,candidate_2,candidate_3,0,3,0.04666666666666667
3670,candidate_2,candidate_3,candidate_1,3,0.04666666666666667
3671,candidate_2,candidate_3,candidate_1,3,0.04666666666666667
3672,candidate_2,candidate_3,candidate_1,3,0.04666666666666667
3673,candidate_2,candidate_3,candidate_1,3,0.04666666666666667
3674,candidate_2,candidate_3,candidate_1,3,0.04666666666666667
3675,candidate_2,candidate_3,candidate_1,3,0.04666666666666667
3676,candidate_2,candidate_3,candidate_1,3,0.04666666666666667
3677,candidate_2,candidate_3,candidate_1,3,0.04666666666666667
3678,candidate_2,candidate_3,candidate_1,3,0.04666666666666667
3679,candidate_2,candidate_3,candidate_1,3,0.04666666666666667
3680,candidate_2,candidate_3,candidate_1,3,0.04666666666666667
3681,candidate_2,candidate_3,candidate_1,3,0.04666666666666667
3682,candidate_2,candidate_3,candidate_1,3,0.04666666666666667
3683,0,candidate_3,candidate_1,3,0.04666666666666667
3684,candidate_2,candidate_3,0,3,0.04666666666666667
3685,candidate_2,candidate_3,0,3,0.04666666666666667
3686,candidate_2,candidate_3,candidate_1,3,0.04666666666666667
3687,candidate_2,candidate_3,candidate_1,3,0.04666666666666667
3688,candidate_2,candidate_3,candidate_1,3,0.04666666666666667
3689,candidate_2,candidate_3,candidate_1,3,0.04666666666666667
3690,candidate_2,candidate_3,candidate_1,3,0.04666666666666667
3691,candidate_2,candidate_3,candidate_1,3,0.04666666666666667
3692,candidate_2,0,candidate_1,3,0.04666666666666667
3693,candidate_2,candidate_3,candidate_1,3,0.04666666666666667
3694,candidate_2,0,candidate_1,3,0.04666666666666667
3695,candidate_2,candidate_3,candidate_1,3,0.04666666666666667
3696,0,candidate_3,candidate_1,3,0.04666666666666667
3697,candidate_2,candidate_3,candidate_1,3,0.04666666666666667
3698,candidate_2,candidate_3,candidate_1,3,0.04666666666666667
3699,candidate_2,candidate_3,candidate_1,3,0.04666666666666667
3700,candidate_2,candidate_3,candidate_1,3,0.04666666666666667
3701,candidate_2,candidate_3,candidate_1,3,0.04666666666666667
3702,candidate_2,candidate_3,candidate_1,3,0.04666666666666667
3703,candidate_2,candidate_3,candidate_1,3,0.04666666666666667
3704,candidate_2,0,candidate_1,3,0.04666666666666667
3705,candidate_2,candidate_3,candidate_1,3,0.04666666666666667
3706,candidate_2,candidate_3,candidate_1,3,0.04666666666666667
3707,candidate_2,candidate_3,candidate_1,3,0.04666666666666667
3708,candidate_2,candidate_3,candidate_1,3,0.04666666666666667
3709,candidate_2,candidate_3,candidate_1,3,0.04666666666666667
3710,candidate_2,candidate_3,0,3,0.04666666666666667
3711,candidate_2,candidate_3,candidate_1,3,0.04666666666666667
3712,candidate_2,candidate_3,candidate_1,3,0.04666666666666667
3713,candidate_2,candidate_3,candidate_1,3,0.04666666666666667
3714,candidate_2,candidate_3,candidate_1,3,0.04666666666666667
3715,0,candidate_3,candidate_1,3,0.04666666666666667
3716,candidate_2,candidate_3,candidate_1,3,0.04666666666666667
3717,candidate_2,candidate_3,candidate_1,3,0.04666666666666667
3718,candidate_2,candidate_3,candidate_1,3,0.04666666666666667
3719,candidate_2,candidate_3,candidate_1,3,0.04666666666666667
3720,0,candidate_3,candidate_1,3,0.04666666666666667
3721,candidate_2,candidate_3,candidate_1,3,0.04666666666666667
3722,candidate_2,candidate_3,candidate_1,3,0.04666666666666667
3723,candidate_2,candidate_3,candidate_1,3,0.04666666666666667
3724,candidate_2,candidate_3,candidate_1,3,0.04666666666666667
3725,candidate_2,candidate_3,candidate_1,3,0.04666666666666667
3726,0,candidate_3,candidate_1,3,0.04666666666666667
3727,candidate_2,candidate_3,candidate_1,3,0.04666666666666667
3728,candidate_2,candidate_3,candidate_1,3,0.04666666666666667
3729,candidate_2,candidate_3,candidate_1,3,0.04666666666666667
3730,candidate_2,candidate_3,candidate_1,3,0.04666666666666667
3731,candidate_2,0,candidate_1,3,0.04666666666666667
3732,candidate_2,candidate_3,candidate_1,3,0.04666666666666667
3733,candidate_2,candidate_3,candidate_1,3,0.04666666666666667
3734,candidate_2,candidate_3,candidate_1,3,0.04666666666666667
3735,candidate_2,candidate_3,candidate_1,3,0.04666666666666667
3736,candidate_2,candidate_3,candidate_1,3,0.04666666666666667
3737,candidate_2,candidate_3,candidate_1,3,0.04666666666666667
3738,candidate_2,candidate_3,candidate_1,3,0.04666666666666667
3739,candidate_2,candidate_3,candidate_1,3,0.04666666666666667
3740,candidate_2,0,candidate_1,3,0.04666666666666667
3741,candidate_2,candidate_3,candidate_1,3,0.04666666666666667
3742,candidate_2,candidate_3,candidate_1,3,0.04666666666666667
3743,candidate_2,candidate_3,candidate_1,3,0.04666666666666667
3744,candidate_2,candidate_3,candidate_1,3,0.04666666666666667
3745,candidate_2,0,candidate_1,3,0.04666666666666667
3746,candidate_2,candidate_3,candidate_1,3,0.04666666666666667
3747,candidate_2,0,candidate_1,3,0.04666666666666667
3748,candidate_2,candidate_3,candidate_1,3,0.04666666666666667
3749,candidate_2,candidate_3,candidate_1,3,0.04666666666666667
3750,candidate_2,candidate_3,candidate_1,3,0.04666666666666667
3751,candidate_2,candidate_3,candidate_1,3,0.04666666666666667
3752,candidate_2,candidate_3,candidate_1,3,0.04666666666666667
3753,candidate_2,candidate_3,candidate_1,3,0.04666666666666667
3754,candidate_2,candidate_3,candidate_1,3,0.04666666666666667
3755,candidate_2,candidate_3,candidate_1,3,0.04666666666666667
3756,candidate_2,candidate_3,0,3,0.04666666666666667
3757,candidate_2,candidate_3,candidate_1,3,0.04666666666666667
3758,candidate_2,candidate_3,candidate_1,3,0.04666666666666667
3759,candidate_2,candidate_3,candidate_1,3,0.04666666666666667
3760,candidate_2,candidate_3,candidate_1,3,0.04666666666666667
3761,candidate_2,candidate_3,candidate_1,3,0.04666666666666667
3762,candidate_2,candidate_3,candidate_1,3,0.04666666666666667
3763,candidate_2,candidate_3,candidate_1,3,0.04666666666666667
3764,candidate_2,candidate_3,candidate_1,3,0.04666666666666667
3765,0,candidate_3,candidate_1,3,0.04666666666666667
3766,candidate_2,candidate_3,0,3,0.04666666666666667
3767,candidate_2,candidate_3,candidate_1,3,0.04666666666666667
3768,candidate_2,candidate_3,candidate_1,3,0.04666666666666667
3769,0,candidate_3,candidate_1,3,0.04666666666666667
3770,candidate_2,candidate_3,0,3,0.04666666666666667
3771,candidate_2,candidate_3,candidate_1,3,0.04666666666666667
3772,candidate_2,candidate_3,candidate_1,3,0.04666666666666667
3773,candidate_2,candidate_3,candidate_1,3,0.04666666666666667
3774,candidate_2,candidate_3,candidate_1,3,0.04666666666666667
3775,candidate_2,candidate_3,candidate_1,3,0.04666666666666667
3776,candidate_2,candidate_3,candidate_1,3,0.04666666666666667
3777,candidate_2,candidate_3,candidate_1,3,0.04666666666666667
3778,candidate_2,candidate_3,candidate_1,3,0.04666666666666667
3779,candidate_2,candidate_3,candidate_1,3,0.04666666666666667
3780,candidate_2,0,candidate_1,3,0.04666666666666667
3781,candidate_2,candidate_3,candidate_1,3,0.04666666666666667
3782,candidate_2,candidate_3,candidate_1,3,0.04666666666666667
3783,candidate_2,candidate_3,candidate_1,3,0.04666666666666667
3784,candidate_2,candidate_3,candidate_1,3,0.04666666666666667
3785,0,candidate_3,candidate_1,3,0.04666666666666667
3786,candidate_2,candidate_3,candidate_1,3,0.04666666666666667
3787,candidate_2,candidate_3,candidate_1,3,0.04666666666666667
3788,0,candidate_3,candidate_1,3,0.04666666666666667
3789,candidate_2,candidate_3,candidate_1,3,0.04666666666666667
3790,candidate_2,0,candidate_1,3,0.04666666666666667
3791,candidate_2,candidate_3,candidate_1,3,0.04666666666666667
3792,candidate_2,candidate_3,candidate_1,3,0.04666666666666667
3793,candidate_2,candidate_3,0,3,0.04666666666666667
3794,candidate_2,candidate_3,candidate_1,3,0.04666666666666667
3795,candidate_2,candidate_3,candidate_1,3,0.04666666666666667
3796,candidate_2,candidate_3,candidate_1,3,0.04666666666666667
3797,candidate_2,candidate_3,candidate_1,3,0.04666666666666667
3798,candidate_2,candidate_3,candidate_1,3,0.04666666666666667
3799,0,candidate_3,candidate_1,3,0.04666666666666667
3800,candidate_2,0,0,3,0.04666666666666667
3801,candidate_2,candidate_3,candidate_1,3,0.04666666666666667
3802,candidate_2,0,candidate_1,3,0.04666666666666667
3803,candidate_2,candidate_3,candidate_1,3,0.04666666666666667
3804,candidate_2,candidate_3,candidate_1,3,0.04666666666666667
3805,candidate_2,candidate_3,candidate_1,3,0.04666666666666667
3806,candidate_2,0,candidate_1,3,0.04666666666666667
3807,candidate_2,0,candidate_1,3,0.04666666666666667
3808,candidate_2,candidate_3,candidate_1,3,0.04666666666666667
3809,candidate_2,candidate_3,candidate_1,3,0.04666666666666667
3810,candidate_2,candidate_3,candidate_1,3,0.04666666666666667
3811,candidate_2,candidate_3,candidate_1,3,0.04666666666666667
3812,candidate_2,candidate_3,candidate_1,3,0.04666666666666667
3813,candidate_2,candidate_3,candidate_1,3,0.04666666666666667
3814,candidate_2,candidate_3,candidate_1,3,0.04666666666666667
3815,candidate_2,candidate_3,candidate_1,3,0.04666666666666667
3816,candidate_2,candidate_3,candidate_1,3,0.04666666666666667
3817,candidate_2,candidate_3,candidate_1,3,0.04666666666666667
3818,candidate_2,candidate_3,candidate_1,3,0.04666666666666667
3819,candidate_2,candidate_3,0,3,0.04666666666666667
3820,candidate_2,candidate_3,candidate_1,3,0.04666666666666667
3821,candidate_2,candidate_3,candidate_1,3,0.04666666666666667
3822,candidate_2,candidate_3,0,3,0.04666666666666667
3823,candidate_2,candidate_3,candidate_1,3,0.04666666666666667
3824,candidate_2,candidate_3,0,3,0.04666666666666667
3825,candidate_2,candidate_3,candidate_1,3,0.04666666666666667
3826,candidate_2,candidate_3,candidate_1,3,0.04666666666666667
3827,candidate_2,candidate_3,candidate_1,3,0.04666666666666667
3828,candidate_2,candidate_3,candidate_1,3,0.04666666666666667
3829,candidate_2,candidate_3,candidate_1,3,0.04666666666666667
3830,candidate_2,candidate_3,0,3,0.04666666666666667
3831,candidate_2,candidate_3,candidate_1,3,0.04666666666666667
3832,candidate_2,candidate_3,candidate_1,3,0.04666666666666667
3833,candidate_2,candidate_3,candidate_1,3,0.04666666666666667
3834,candidate_2,candidate_3,candidate_1,3,0.04666666666666667
3835,candidate_2,candidate_3,candidate_1,3,0.04666666666666667
3836,candidate_2,candidate_3,candidate_1,3,0.04666666666666667
3837,candidate_2,candidate_3,candidate_1,3,0.04666666666666667
3838,candidate_2,candidate_3,candidate_1,3,0.04666666666666667
3839,candidate_2,candidate_3,candidate_1,3,0.04666666666666667
3840,candidate_2,candidate_3,candidate_1,3,0.04666666666666667
3841,candidate_2,candidate_3,candidate_1,3,0.04666666666666667
3842,candidate_2,candidate_3,candidate_1,3,0.04666666666666667
3843,candidate_2,candidate_3,candidate_1,3,0.04666666666666667
3844,candidate_2,candidate_3,candidate_1,3,0.04666666666666667
3845,candidate_2,candidate_3,candidate_1,3,0.04666666666666667
3846,candidate_2,candidate_3,candidate_1,3,0.04666666666666667
3847,0,candidate_3,candidate_1,3,0.04666666666666667
3848,candidate_2,candidate_3,candidate_1,3,0.04666666666666667
3849,candidate_2,candidate_3,candidate_1,3,0.04666666666666667
3850,candidate_2,candidate_3,candidate_1,3,0.04666666666666667
3851,candidate_2,candidate_3,candidate_1,3,0.04666666666666667
3852,candidate_2,candidate_3,candidate_1,3,0.04666666666666667
3853,candidate_2,candidate_3,candidate_1,3,0.04666666666666667
3854,candidate_2,candidate_3,candidate_1,3,0.04666666666666667
3855,candidate_2,candidate_3,candidate_1,3,0.04666666666666667
3856,candidate_2,candidate_3,candidate_1,3,0.04666666666666667
3857,candidate_2,candidate_3,candidate_1,3,0.04666666666666667
3858,candidate_2,candidate_3,candidate_1,3,0.04666666666666667
3859,candidate_2,candidate_3,candidate_1,3,0.04666666666666667
3860,candidate_2,candidate_3,candidate_1,3,0.04666666666666667
3861,candidate_2,candidate_3,candidate_1,3,0.04666666666666667
3862,candidate_2,candidate_3,candidate_1,3,0.04666666666666667
3863,candidate_2,candidate_3,candidate_1,3,0.04666666666666667
3864,candidate_2,candidate_3,candidate_1,3,0.04666666666666667
3865,candidate_2,candidate_3,candidate_1,3,0.04666666666666667
3866,candidate_2,candidate_3,candidate_1,3,0.04666666666666667
3867,candidate_2,candidate_3,candidate_1,3,0.04666666666666667
3868,candidate_2,candidate_3,candidate_1,3,0.04666666666666667
3869,candidate_2,candidate_3,candidate_1,3,0.04666666666666667
3870,candidate_2,candidate_3,candidate_1,3,0.04666666666666667
3871,candidate_2,candidate_3,candidate_1,3,0.04666666666666667
3872,candidate_2,candidate_3,candidate_1,3,0.04666666666666667
3873,candidate_2,candidate_3,candidate_1,3,0.04666666666666667
3874,candidate_2,candidate_3,candidate_1,3,0.04666666666666667
3875,candidate_2,candidate_3,0,3,0.04666666666666667
3876,candidate_2,candidate_3,candidate_1,3,0.04666666666666667
3877,candidate_2,candidate_3,candidate_1,3,0.04666666666666667
3878,candidate_2,candidate_3,candidate_1,3,0.04666666666666667
3879,candidate_2,candidate_3,candidate_1,3,0.04666666666666667
3880,candidate_2,candidate_3,candidate_1,3,0.04666666666666667
3881,candidate_2,candidate_3,candidate_1,3,0.04666666666666667
3882,candidate_2,candidate_3,candidate_1,3,0.04666666666666667
3883,candidate_2,candidate_3,candidate_1,3,0.04666666666666667
3884,candidate_2,candidate_3,candidate_1,3,0.04666666666666667
3885,candidate_2,candidate_3,candidate_1,3,0.04666666666666667
3886,candidate_2,0,candidate_1,3,0.04666666666666667
3887,candidate_2,candidate_3,candidate_1,3,0.04666666666666667
3888,candidate_2,candidate_3,candidate_1,3,0.04666666666666667
3889,candidate_2,candidate_3,candidate_1,3,0.04666666666666667
3890,candidate_2,candidate_3,candidate_1,3,0.04666666666666667
3891,candidate_2,0,candidate_1,3,0.04666666666666667
3892,0,candidate_3,candidate_1,3,0.04666666666666667
3893,candidate_2,candidate_3,candidate_1,3,0.04666666666666667
3894,candidate_2,candidate_3,candidate_1,3,0.04666666666666667
3895,0,candidate_3,candidate_1,3,0.04666666666666667
3896,candidate_2,candidate_3,0,3,0.04666666666666667
3897,0,candidate_3,candidate_1,3,0.04666666666666667
3898,candidate_2,candidate_3,candidate_1,3,0.04666666666666667
3899,candidate_2,candidate_3,candidate_1,3,0.04666666666666667
3900,candidate_2,candidate_3,candidate_1,3,0.04666666666666667
3901,candidate_2,candidate_3,candidate_1,3,0.04666666666666667
3902,candidate_2,candidate_3,candidate_1,3,0.04666666666666667
3903,candidate_2,candidate_3,candidate_1,3,0.04666666666666667
3904,candidate_2,candidate_3,candidate_1,3,0.04666666666666667
3905,candidate_2,candidate_3,candidate_1,3,0.04666666666666667
3906,candidate_2,candidate_3,candidate_1,3,0.04666666666666667
3907,candidate_2,candidate_3,candidate_1,3,0.04666666666666667
3908,candidate_2,candidate_3,candidate_1,3,0.04666666666666667
3909,candidate_2,candidate_3,candidate_1,3,0.04666666666666667
3910,candidate_2,candidate_3,candidate_1,3,0.04666666666666667
3911,candidate_2,candidate_3,candidate_1,3,0.04666666666666667
3912,candidate_2,candidate_3,candidate_1,3,0.04666666666666667
3913,candidate_2,candidate_3,0,3,0.04666666666666667
3914,candidate_2,candidate_3,candidate_1,3,0.04666666666666667
3915,candidate_2,candidate_3,candidate_1,3,0.04666666666666667
3916,candidate_2,candidate_3,candidate_1,3,0.04666666666666667
3917,candidate_2,candidate_3,candidate_1,3,0.04666666666666667
3918,candidate_2,candidate_3,candidate_1,3,0.04666666666666667
3919,candidate_2,candidate_3,candidate_1,3,0.04666666666666667
3920,candidate_2,candidate_3,candidate_1,3,0.04666666666666667
3921,candidate_2,candidate_3,candidate_1,3,0.04666666666666667
3922,0,candidate_3,candidate_1,3,0.04666666666666667
3923,candidate_2,0,candidate_1,3,0.04666666666666667
3924,candidate_2,candidate_3,candidate_1,3,0.04666666666666667
3925,candidate_2,candidate_3,candidate_1,3,0.04666666666666667
3926,candidate_2,candidate_3,candidate_1,3,0.04666666666666667
3927,candidate_2,candidate_3,candidate_1,3,0.04666666666666667
3928,candidate_2,candidate_3,candidate_1,3,0.04666666666666667
3929,candidate_2,candidate_3,candidate_1,3,0.04666666666666667
3930,candidate_2,candidate_3,candidate_1,3,0.04666666666666667
3931,candidate_2,candidate_3,candidate_1,3,0.04666666666666667
3932,candidate_2,candidate_3,candidate_1,3,0.04666666666666667
3933,candidate_2,candidate_3,candidate_1,3,0.04666666666666667
3934,candidate_2,candidate_3,candidate_1,3,0.04666666666666667
3935,candidate_2,candidate_3,candidate_1,3,0.04666666666666667
3936,candidate_2,candidate_3,candidate_1,3,0.04666666666666667
3937,candidate_2,candidate_3,candidate_1,3,0.04666666666666667
3938,candidate_2,candidate_3,candidate_1,3,0.04666666666666667
3939,candidate_2,candidate_3,candidate_1,3,0.04666666666666667
3940,candidate_2,candidate_3,candidate_1,3,0.04666666666666667
3941,candidate_2,candidate_3,candidate_1,3,0.04666666666666667
3942,candidate_2,candidate_3,candidate_1,3,0.04666666666666667
3943,candidate_2,candidate_3,candidate_1,3,0.04666666666666667
3944,candidate_2,candidate_3,candidate_1,3,0.04666666666666667
3945,candidate_2,candidate_3,candidate_1,3,0.04666666666666667
3946,candidate_2,candidate_3,0,3,0.04666666666666667
3947,candidate_2,candidate_3,candidate_1,3,0.04666666666666667
3948,candidate_2,0,candidate_1,3,0.04666666666666667
3949,candidate_2,0,candidate_1,3,0.04666666666666667
3950,candidate_2,candidate_3,candidate_1,3,0.04666666666666667
3951,0,candidate_3,candidate_1,3,0.04666666666666667
3952,candidate_2,candidate_3,candidate_1,3,0.04666666666666667
3953,candidate_2,candidate_3,candidate_1,3,0.04666666666666667
3954,candidate_2,candidate_3,candidate_1,3,0.04666666666666667
3955,candidate_2,0,candidate_1,3,0.04666666666666667
3956,candidate_2,0,candidate_1,3,0.04666666666666667
3957,candidate_2,candidate_3,candidate_1,3,0.04666666666666667
3958,0,candidate_3,0,3,0.04666666666666667
3959,candidate_2,candidate_3,candidate_1,3,0.04666666666666667
3960,candidate_2,candidate_3,candidate_1,3,0.04666666666666667
3961,candidate_2,candidate_3,candidate_1,3,0.04666666666666667
3962,candidate_2,candidate_3,candidate_1,3,0.04666666666666667
3963,candidate_2,candidate_3,candidate_1,3,0.04666666666666667
3964,candidate_2,candidate_3,candidate_1,3,0.04666666666666667
3965,candidate_2,candidate_3,candidate_1,3,0.04666666666666667
3966,candidate_2,candidate_3,candidate_1,3,0.04666666666666667
3967,0,candidate_3,candidate_1,3,0.04666666666666667
3968,candidate_2,candidate_3,candidate_1,3,0.04666666666666667
3969,candidate_2,candidate_3,candidate_1,3,0.04666666666666667
3970,candidate_2,candidate_3,0,3,0.04666666666666667
3971,candidate_2,candidate_3,candidate_1,3,0.04666666666666667
3972,candidate_2,candidate_3,candidate_1,3,0.04666666666666667
3973,candidate_2,candidate_3,candidate_1,3,0.04666666666666667
3974,candidate_2,0,candidate_1,3,0.04666666666666667
3975,candidate_2,candidate_3,candidate_1,3,0.04666666666666667
3976,candidate_2,candidate_3,candidate_1,3,0.04666666666666667
3977,candidate_2,candidate_3,candidate_1,3,0.04666666666666667
3978,candidate_2,candidate_3,0,3,0.04666666666666667
3979,candidate_2,candidate_3,candidate_1,3,0.04666666666666667
3980,candidate_2,candidate_3,candidate_1,3,0.04666666666666667
3981,candidate_2,candidate_3,candidate_1,3,0.04666666666666667
3982,candidate_2,candidate_3,candidate_1,3,0.04666666666666667
3983,candidate_2,candidate_3,candidate_1,3,0.04666666666666667
3984,candidate_2,candidate_3,candidate_1,3,0.04666666666666667
3985,candidate_2,candidate_3,candidate_1,3,0.04666666666666667
3986,candidate_2,candidate_3,candidate_1,3,0.04666666666666667
3987,0,candidate_3,candidate_1,3,0.04666666666666667
3988,candidate_2,candidate_3,candidate_1,3,0.04666666666666667
3989,candidate_2,candidate_3,candidate_1,3,0.04666666666666667
3990,candidate_2,candidate_3,candidate_1,3,0.04666666666666667
3991,candidate_2,candidate_3,candidate_1,3,0.04666666666666667
3992,candidate_2,candidate_3,candidate_1,3,0.04666666666666667
3993,candidate_2,candidate_3,candidate_1,3,0.04666666666666667
3994,candidate_2,candidate_3,candidate_1,3,0.04666666666666667
3995,0,0,candidate_1,3,0.04666666666666667
3996,0,candidate_3,candidate_1,3,0.04666666666666667
3997,candidate_2,candidate_3,candidate_1,3,0.04666666666666667
3998,candidate_2,candidate_3,candidate_1,3,0.04666666666666667
3999,candidate_2,candidate_3,candidate_1,3,0.04666666666666667
4000,candidate_2,candidate_3,candidate_1,3,0.04666666666666667
4001,candidate_2,candidate_3,candidate_1,3,0.04666666666666667
4002,candidate_2,candidate_3,candidate_1,3,0.04666666666666667
4003,candidate_2,candidate_3,candidate_1,3,0.04666666666666667
4004,candidate_2,candidate_3,candidate_1,3,0.04666666666666667
4005,candidate_2,candidate_3,candidate_1,3,0.04666666666666667
4006,candidate_2,candidate_3,candidate_1,3,0.04666666666666667
4007,candidate_2,candidate_3,candidate_1,3,0.04666666666666667
4008,candidate_2,candidate_3,candidate_1,3,0.04666666666666667
4009,candidate_2,candidate_3,candidate_1,3,0.04666666666666667
4010,candidate_2,candidate_3,candidate_1,3,0.04666666666666667
4011,candidate_2,candidate_3,candidate_1,3,0.04666666666666667
4012,candidate_2,candidate_3,candidate_1,3,0.04666666666666667
4013,candidate_2,candidate_3,candidate_1,3,0.04666666666666667
4014,candidate_2,candidate_3,candidate_1,3,0.04666666666666667
4015,candidate_2,candidate_3,candidate_1,3,0.04666666666666667
4016,candidate_2,candidate_3,candidate_1,3,0.04666666666666667
4017,candidate_2,candidate_3,candidate_1,3,0.04666666666666667
4018,0,candidate_3,candidate_1,3,0.04666666666666667
4019,candidate_2,candidate_3,candidate_1,3,0.04666666666666667
4020,candidate_2,0,candidate_1,3,0.04666666666666667
4021,candidate_2,0,candidate_1,3,0.04666666666666667
4022,candidate_2,candidate_3,candidate_1,3,0.04666666666666667
4023,candidate_2,candidate_3,candidate_1,3,0.04666666666666667
4024,candidate_2,candidate_3,candidate_1,3,0.04666666666666667
4025,candidate_2,candidate_3,candidate_1,3,0.04666666666666667
4026,candidate_2,candidate_3,candidate_1,3,0.04666666666666667
4027,candidate_2,candidate_3,candidate_1,3,0.04666666666666667
4028,0,candidate_3,candidate_1,3,0.04666666666666667
4029,0,candidate_3,candidate_1,3,0.04666666666666667
4030,candidate_2,candidate_3,candidate_1,3,0.04666666666666667
4031,candidate_2,candidate_3,candidate_1,3,0.04666666666666667
4032,candidate_2,candidate_3,candidate_1,3,0.04666666666666667
4033,candidate_2,candidate_3,candidate_1,3,0.04666666666666667
4034,candidate_2,candidate_3,candidate_1,3,0.04666666666666667
4035,candidate_2,candidate_3,candidate_1,3,0.04666666666666667
4036,candidate_2,candidate_3,candidate_1,3,0.04666666666666667
4037,candidate_2,candidate_3,candidate_1,3,0.04666666666666667
4038,candidate_2,candidate_3,candidate_1,3,0.04666666666666667
4039,candidate_2,candidate_3,candidate_1,3,0.04666666666666667
4040,candidate_2,candidate_3,candidate_1,3,0.04666666666666667
4041,candidate_2,candidate_3,candidate_1,3,0.04666666666666667
4042,candidate_2,candidate_3,0,3,0.04666666666666667
4043,candidate_2,candidate_3,candidate_1,3,0.04666666666666667
4044,candidate_2,candidate_3,candidate_1,3,0.04666666666666667
4045,candidate_2,candidate_3,candidate_1,3,0.04666666666666667
4046,candidate_2,candidate_3,candidate_1,3,0.04666666666666667
4047,candidate_2,candidate_3,candidate_1,3,0.04666666666666667
4048,candidate_2,candidate_3,candidate_1,3,0.04666666666666667
4049,candidate_2,candidate_3,candidate_1,3,0.04666666666666667
4050,candidate_2,candidate_3,candidate_1,3,0.04666666666666667
4051,candidate_2,candidate_3,candidate_1,3,0.04666666666666667
4052,candidate_2,candidate_3,candidate_1,3,0.04666666666666667
4053,candidate_2,candidate_3,candidate_1,3,0.04666666666666667
4054,candidate_2,candidate_3,candidate_1,3,0.04666666666666667
4055,candidate_2,candidate_3,candidate_1,3,0.04666666666666667
4056,candidate_2,candidate_3,candidate_1,3,0.04666666666666667
4057,candidate_2,candidate_3,candidate_1,3,0.04666666666666667
4058,candidate_2,candidate_3,0,3,0.04666666666666667
4059,candidate_2,candidate_3,0,3,0.04666666666666667
4060,candidate_2,candidate_3,candidate_1,3,0.04666666666666667
4061,candidate_2,candidate_3,candidate_1,3,0.04666666666666667
4062,candidate_2,candidate_3,candidate_1,3,0.04666666666666667
4063,candidate_2,candidate_3,candidate_1,3,0.04666666666666667
4064,candidate_2,candidate_3,candidate_1,3,0.04666666666666667
4065,candidate_2,candidate_3,candidate_1,3,0.04666666666666667
4066,candidate_2,candidate_3,candidate_1,3,0.04666666666666667
4067,0,candidate_3,candidate_1,3,0.04666666666666667
4068,candidate_2,candidate_3,0,3,0.04666666666666667
4069,candidate_2,candidate_3,candidate_1,3,0.04666666666666667
4070,candidate_2,candidate_3,candidate_1,3,0.04666666666666667
4071,candidate_2,candidate_3,candidate_1,3,0.04666666666666667
4072,candidate_2,candidate_3,candidate_1,3,0.04666666666666667
4073,candidate_2,candidate_3,candidate_1,3,0.04666666666666667
4074,0,candidate_3,candidate_1,3,0.04666666666666667
4075,candidate_2,candidate_3,candidate_1,3,0.04666666666666667
4076,candidate_2,candidate_3,candidate_1,3,0.04666666666666667
4077,candidate_2,candidate_3,candidate_1,3,0.04666666666666667
4078,candidate_2,candidate_3,candidate_1,3,0.04666666666666667
4079,candidate_2,candidate_3,candidate_1,3,0.04666666666666667
4080,candidate_2,candidate_3,candidate_1,3,0.04666666666666667
4081,candidate_2,candidate_3,0,3,0.04666666666666667
4082,candidate_2,candidate_3,candidate_1,3,0.04666666666666667
4083,candidate_2,candidate_3,candidate_1,3,0.04666666666666667
4084,candidate_2,candidate_3,candidate_1,3,0.04666666666666667
4085,candidate_2,candidate_3,candidate_1,3,0.04666666666666667
4086,candidate_2,candidate_3,candidate_1,3,0.04666666666666667
4087,candidate_2,candidate_3,candidate_1,3,0.04666666666666667
4088,candidate_2,candidate_3,candidate_1,3,0.04666666666666667
4089,candidate_2,candidate_3,candidate_1,3,0.04666666666666667
4090,candidate_2,candidate_3,candidate_1,3,0.04666666666666667
4091,candidate_2,candidate_3,candidate_1,3,0.04666666666666667
4092,candidate_2,candidate_3,0,3,0.04666666666666667
4093,0,candidate_3,candidate_1,3,0.04666666666666667
4094,candidate_2,candidate_3,candidate_1,3,0.04666666666666667
4095,candidate_2,candidate_3,candidate_1,3,0.04666666666666667
4096,candidate_2,candidate_3,candidate_1,3,0.04666666666666667
4097,candidate_2,candidate_3,candidate_1,3,0.04666666666666667
4098,candidate_2,candidate_3,candidate_1,3,0.04666666666666667
4099,candidate_2,candidate_3,candidate_1,3,0.04666666666666667
4100,candidate_2,candidate_3,candidate_1,3,0.04666666666666667
4101,candidate_2,candidate_3,candidate_1,3,0.04666666666666667
4102,candidate_2,candidate_3,candidate_1,3,0.04666666666666667
4103,candidate_2,candidate_3,candidate_1,3,0.04666666666666667
4104,candidate_2,candidate_3,candidate_1,3,0.04666666666666667
4105,candidate_2,candidate_3,candidate_1,3,0.04666666666666667
4106,candidate_2,candidate_3,candidate_1,3,0.04666666666666667
4107,candidate_2,candidate_3,candidate_1,3,0.04666666666666667
4108,candidate_2,candidate_3,candidate_1,3,0.04666666666666667
4109,candidate_2,candidate_3,candidate_1,3,0.04666666666666667
4110,candidate_2,candidate_3,candidate_1,3,0.04666666666666667
4111,candidate_2,candidate_3,candidate_1,3,0.04666666666666667
4112,candidate_2,candidate_3,candidate_1,3,0.04666666666666667
4113,candidate_2,0,candidate_1,3,0.04666666666666667
4114,candidate_2,candidate_3,candidate_1,3,0.04666666666666667
4115,candidate_2,candidate_3,candidate_1,3,0.04666666666666667
4116,candidate_2,candidate_3,candidate_1,3,0.04666666666666667
4117,candidate_2,candidate_3,candidate_1,3,0.04666666666666667
4118,candidate_2,candidate_3,candidate_1,3,0.04666666666666667
4119,candidate_2,candidate_3,candidate_1,3,0.04666666666666667
4120,candidate_2,candidate_3,candidate_1,3,0.04666666666666667
4121,candidate_2,candidate_3,candidate_1,3,0.04666666666666667
4122,candidate_2,candidate_3,candidate_1,3,0.04666666666666667
4123,candidate_2,candidate_3,candidate_1,3,0.04666666666666667
4124,candidate_2,candidate_3,candidate_1,3,0.04666666666666667
4125,candidate_2,candidate_3,candidate_1,3,0.04666666666666667
4126,candidate_2,candidate_3,candidate_1,3,0.04666666666666667
4127,candidate_2,candidate_3,candidate_1,3,0.04666666666666667
4128,candidate_2,candidate_3,candidate_1,3,0.04666666666666667
4129,candidate_2,candidate_3,candidate_1,3,0.04666666666666667
4130,candidate_2,candidate_3,candidate_1,3,0.04666666666666667
4131,candidate_2,candidate_3,candidate_1,3,0.04666666666666667
4132,candidate_2,candidate_3,candidate_1,3,0.04666666666666667
4133,candidate_2,candidate_3,candidate_1,3,0.04666666666666667
4134,candidate_2,candidate_3,candidate_1,3,0.04666666666666667
4135,candidate_2,candidate_3,candidate_1,3,0.04666666666666667
4136,0,candidate_3,candidate_1,3,0.04666666666666667
4137,candidate_2,0,candidate_1,3,0.04666666666666667
4138,candidate_2,candidate_3,candidate_1,3,0.04666666666666667
4139,candidate_2,candidate_3,candidate_1,3,0.04666666666666667
4140,candidate_2,candidate_3,candidate_1,3,0.04666666666666667
4141,candidate_2,candidate_3,candidate_1,3,0.04666666666666667
4142,candidate_2,candidate_3,candidate_1,3,0.04666666666666667
4143,candidate_2,candidate_3,candidate_1,3,0.04666666666666667
4144,candidate_2,candidate_3,candidate_1,3,0.04666666666666667
4145,candidate_2,candidate_3,candidate_1,3,0.04666666666666667
4146,candidate_2,candidate_3,candidate_1,3,0.04666666666666667
4147,candidate_2,candidate_3,candidate_1,3,0.04666666666666667
4148,0,candidate_3,candidate_1,3,0.04666666666666667
4149,candidate_2,candidate_3,candidate_1,3,0.04666666666666667
4150,candidate_2,candidate_3,candidate_1,3,0.04666666666666667
4151,candidate_2,candidate_3,candidate_1,3,0.04666666666666667
4152,candidate_2,candidate_3,candidate_1,3,0.04666666666666667
4153,candidate_2,candidate_3,candidate_1,3,0.04666666666666667
4154,candidate_2,candidate_3,0,3,0.04666666666666667
4155,candidate_2,candidate_3,candidate_1,3,0.04666666666666667
4156,candidate_2,candidate_3,candidate_1,3,0.04666666666666667
4157,candidate_2,0,candidate_1,3,0.04666666666666667
4158,candidate_2,candidate_3,candidate_1,3,0.04666666666666667
4159,candidate_2,candidate_3,candidate_1,3,0.04666666666666667
4160,candidate_2,candidate_3,candidate_1,3,0.04666666666666667
4161,candidate_2,candidate_3,candidate_1,3,0.04666666666666667
4162,candidate_2,candidate_3,candidate_1,3,0.04666666666666667
4163,candidate_2,candidate_3,candidate_1,3,0.04666666666666667
4164,candidate_2,candidate_3,candidate_1,3,0.04666666666666667
4165,candidate_2,candidate_3,candidate_1,3,0.04666666666666667
4166,candidate_2,candidate_3,0,3,0.04666666666666667
4167,candidate_2,candidate_3,candidate_1,3,0.04666666666666667
4168,candidate_2,candidate_3,candidate_1,3,0.04666666666666667
4169,candidate_2,candidate_3,candidate_1,3,0.04666666666666667
4170,candidate_2,candidate_3,candidate_1,3,0.04666666666666667
4171,candidate_2,candidate_3,candidate_1,3,0.04666666666666667
4172,candidate_2,candidate_3,candidate_1,3,0.04666666666666667
4173,candidate_2,candidate_3,candidate_1,3,0.04666666666666667
4174,candidate_2,candidate_3,candidate_1,3,0.04666666666666667
4175,0,candidate_3,candidate_1,3,0.04666666666666667
4176,candidate_2,candidate_3,candidate_1,3,0.04666666666666667
4177,candidate_2,candidate_3,candidate_1,3,0.04666666666666667
4178,candidate_2,candidate_3,candidate_1,3,0.04666666666666667
4179,candidate_2,candidate_3,candidate_1,3,0.04666666666666667
4180,candidate_2,candidate_3,candidate_1,3,0.04666666666666667
4181,candidate_2,candidate_3,candidate_1,3,0.04666666666666667
4182,candidate_2,candidate_3,candidate_1,3,0.04666666666666667
4183,candidate_2,candidate_3,candidate_1,3,0.04666666666666667
4184,candidate_2,candidate_3,candidate_1,3,0.04666666666666667
4185,candidate_2,candidate_3,candidate_1,3,0.04666666666666667
4186,candidate_2,candidate_3,candidate_1,3,0.04666666666666667
4187,candidate_2,candidate_3,candidate_1,3,0.04666666666666667
4188,candidate_2,candidate_3,candidate_1,3,0.04666666666666667
4189,candidate_2,candidate_3,candidate_1,3,0.04666666666666667
4190,candidate_2,candidate_3,candidate_1,3,0.04666666666666667
4191,candidate_2,candidate_3,candidate_1,3,0.04666666666666667
4192,candidate_2,candidate_3,0,3,0.04666666666666667
4193,candidate_2,candidate_3,0,3,0.04666666666666667
4194,candidate_2,candidate_3,candidate_1,3,0.04666666666666667
4195,candidate_2,candidate_3,candidate_1,3,0.04666666666666667
4196,0,candidate_3,candidate_1,3,0.04666666666666667
4197,candidate_2,candidate_3,candidate_1,3,0.04666666666666667
4198,candidate_2,candidate_3,candidate_1,3,0.04666666666666667
4199,candidate_2,candidate_3,candidate_1,3,0.04666666666666667
4200,candidate_2,candidate_3,candidate_1,3,0.04666666666666667
4201,candidate_2,candidate_3,candidate_1,3,0.04666666666666667
4202,candidate_2,candidate_3,candidate_1,3,0.04666666666666667
4203,candidate_2,candidate_3,candidate_1,3,0.04666666666666667
4204,candidate_2,candidate_3,candidate_1,3,0.04666666666666667
4205,candidate_2,candidate_3,candidate_1,3,0.04666666666666667
4206,candidate_2,candidate_3,candidate_1,3,0.04666666666666667
4207,candidate_2,candidate_3,0,3,0.04666666666666667
4208,candidate_2,candidate_3,candidate_1,3,0.04666666666666667
4209,candidate_2,candidate_3,candidate_1,3,0.04666666666666667
4210,candidate_2,candidate_3,candidate_1,3,0.04666666666666667
4211,candidate_2,candidate_3,candidate_1,3,0.04666666666666667
4212,candidate_2,0,candidate_1,3,0.04666666666666667
4213,candidate_2,candidate_3,candidate_1,3,0.04666666666666667
4214,candidate_2,candidate_3,candidate_1,3,0.04666666666666667
4215,0,candidate_3,candidate_1,3,0.04666666666666667
4216,candidate_2,candidate_3,candidate_1,3,0.04666666666666667
4217,candidate_2,candidate_3,candidate_1,3,0.04666666666666667
4218,candidate_2,candidate_3,candidate_1,3,0.04666666666666667
4219,candidate_2,candidate_3,candidate_1,3,0.04666666666666667
4220,candidate_2,candidate_3,candidate_1,3,0.04666666666666667
4221,candidate_2,candidate_3,0,3,0.04666666666666667
4222,candidate_2,candidate_3,candidate_1,3,0.04666666666666667
4223,candidate_2,candidate_3,candidate_1,3,0.04666666666666667
4224,candidate_2,candidate_3,candidate_1,3,0.04666666666666667
4225,candidate_2,candidate_3,candidate_1,3,0.04666666666666667
4226,candidate_2,candidate_3,0,3,0.04666666666666667
4227,candidate_2,candidate_3,candidate_1,3,0.04666666666666667
4228,candidate_2,candidate_3,candidate_1,3,0.04666666666666667
4229,candidate_2,candidate_3,candidate_1,3,0.04666666666666667
4230,candidate_2,candidate_3,candidate_1,3,0.04666666666666667
4231,candidate_2,candidate_3,candidate_1,3,0.04666666666666667
4232,candidate_2,candidate_3,candidate_1,3,0.04666666666666667
4233,candidate_2,candidate_3,candidate_1,3,0.04666666666666667
4234,candidate_2,candidate_3,candidate_1,3,0.04666666666666667
4235,candidate_2,candidate_3,candidate_1,3,0.04666666666666667
4236,candidate_2,candidate_3,candidate_1,3,0.04666666666666667
4237,candidate_2,0,candidate_1,3,0.04666666666666667
4238,candidate_2,candidate_3,candidate_1,3,0.04666666666666667
4239,candidate_2,candidate_3,candidate_1,3,0.04666666666666667
4240,candidate_2,candidate_3,candidate_1,3,0.04666666666666667
4241,candidate_2,candidate_3,candidate_1,3,0.04666666666666667
4242,candidate_2,candidate_3,candidate_1,3,0.04666666666666667
4243,candidate_2,candidate_3,candidate_1,3,0.04666666666666667
4244,candidate_2,candidate_3,candidate_1,3,0.04666666666666667
4245,candidate_2,candidate_3,candidate_1,3,0.04666666666666667
4246,candidate_2,candidate_3,candidate_1,3,0.04666666666666667
4247,candidate_2,candidate_3,candidate_1,3,0.04666666666666667
4248,candidate_2,candidate_3,candidate_1,3,0.04666666666666667
4249,candidate_2,candidate_3,candidate_1,3,0.04666666666666667
4250,candidate_2,candidate_3,candidate_1,3,0.04666666666666667
4251,candidate_2,candidate_3,0,3,0.04666666666666667
4252,candidate_2,0,candidate_1,3,0.04666666666666667
4253,candidate_2,candidate_3,candidate_1,3,0.04666666666666667
4254,candidate_2,candidate_3,candidate_1,3,0.04666666666666667
4255,candidate_2,candidate_3,candidate_1,3,0.04666666666666667
4256,candidate_2,candidate_3,candidate_1,3,0.04666666666666667
4257,candidate_2,candidate_3,candidate_1,3,0.04666666666666667
4258,candidate_2,candidate_3,0,3,0.04666666666666667
4259,candidate_2,candidate_3,candidate_1,3,0.04666666666666667
4260,candidate_2,candidate_3,candidate_1,3,0.04666666666666667
4261,candidate_2,candidate_3,candidate_1,3,0.04666666666666667
4262,candidate_2,candidate_3,candidate_1,3,0.04666666666666667
4263,candidate_2,candidate_3,candidate_1,3,0.04666666666666667
4264,candidate_2,candidate_3,candidate_1,3,0.04666666666666667
4265,candidate_2,candidate_3,candidate_1,3,0.04666666666666667
4266,candidate_2,candidate_3,candidate_1,3,0.04666666666666667
4267,candidate_2,candidate_3,candidate_1,3,0.04666666666666667
4268,candidate_2,candidate_3,candidate_1,3,0.04666666666666667
4269,candidate_2,candidate_3,candidate_1,3,0.04666666666666667
4270,candidate_2,candidate_3,0,3,0.04666666666666667
4271,candidate_2,0,candidate_1,3,0.04666666666666667
4272,candidate_2,candidate_3,candidate_1,3,0.04666666666666667
4273,candidate_2,candidate_3,candidate_1,3,0.04666666666666667
4274,0,candidate_3,candidate_1,3,0.04666666666666667
4275,candidate_2,candidate_3,candidate_1,3,0.04666666666666667
4276,candidate_2,candidate_3,candidate_1,3,0.04666666666666667
4277,candidate_2,candidate_3,candidate_1,3,0.04666666666666667
4278,candidate_2,candidate_3,candidate_1,3,0.04666666666666667
4279,candidate_2,candidate_3,candidate_1,3,0.04666666666666667
4280,candidate_2,candidate_3,candidate_1,3,0.04666666666666667
4281,candidate_2,candidate_3,candidate_1,3,0.04666666666666667
4282,candidate_2,candidate_3,candidate_1,3,0.04666666666666667
4283,candidate_2,candidate_3,candidate_1,3,0.04666666666666667
4284,candidate_2,candidate_3,candidate_1,3,0.04666666666666667
4285,candidate_2,candidate_3,candidate_1,3,0.04666666666666667
4286,candidate_2,candidate_3,candidate_1,3,0.04666666666666667
4287,candidate_2,candidate_3,candidate_1,3,0.04666666666666667
4288,candidate_2,candidate_3,candidate_1,3,0.04666666666666667
4289,candidate_2,candidate_3,candidate_1,3,0.04666666666666667
4290,candidate_2,0,candidate_1,3,0.04666666666666667
4291,candidate_2,candidate_3,candidate_1,3,0.04666666666666667
4292,candidate_2,candidate_3,candidate_1,3,0.04666666666666667
4293,candidate_2,candidate_3,candidate_1,3,0.04666666666666667
4294,candidate_2,candidate_3,candidate_1,3,0.04666666666666667
4295,candidate_2,candidate_3,candidate_1,3,0.04666666666666667
4296,candidate_2,candidate_3,candidate_1,3,0.04666666666666667
4297,candidate_2,candidate_3,candidate_1,3,0.04666666666666667
4298,candidate_2,candidate_3,candidate_1,3,0.04666666666666667
4299,candidate_2,candidate_3,candidate_1,3,0.04666666666666667
4300,candidate_2,candidate_3,candidate_1,3,0.04666666666666667
4301,candidate_2,candidate_3,candidate_1,3,0.04666666666666667
4302,candidate_2,candidate_3,candidate_1,3,0.04666666666666667
4303,candidate_2,0,0,3,0.04666666666666667
4304,candidate_2,candidate_3,candidate_1,3,0.04666666666666667
4305,candidate_2,candidate_3,candidate_1,3,0.04666666666666667
4306,candidate_2,candidate_3,candidate_1,3,0.04666666666666667
4307,candidate_2,candidate_3,candidate_1,3,0.04666666666666667
4308,candidate_2,candidate_3,candidate_1,3,0.04666666666666667
4309,candidate_2,candidate_3,candidate_1,3,0.04666666666666667
4310,candidate_2,0,candidate_1,3,0.04666666666666667
4311,candidate_2,candidate_3,candidate_1,3,0.04666666666666667
4312,candidate_2,candidate_3,candidate_1,3,0.04666666666666667
4313,candidate_2,candidate_3,candidate_1,3,0.04666666666666667
4314,candidate_2,candidate_3,candidate_1,3,0.04666666666666667
4315,candidate_2,0,candidate_1,3,0.04666666666666667
4316,candidate_2,candidate_3,candidate_1,3,0.04666666666666667
4317,candidate_2,candidate_3,candidate_1,3,0.04666666666666667
4318,candidate_2,candidate_3,candidate_1,3,0.04666666666666667
4319,candidate_2,candidate_3,candidate_1,3,0.04666666666666667
4320,candidate_2,0,candidate_1,3,0.04666666666666667
4321,candidate_2,candidate_3,candidate_1,3,0.04666666666666667
4322,candidate_2,candidate_3,candidate_1,3,0.04666666666666667
4323,candidate_2,candidate_3,candidate_1,3,0.04666666666666667
4324,candidate_2,candidate_3,0,3,0.04666666666666667
4325,candidate_2,candidate_3,candidate_1,3,0.04666666666666667
4326,candidate_2,candidate_3,0,3,0.04666666666666667
4327,candidate_2,candidate_3,candidate_1,3,0.04666666666666667
4328,candidate_2,candidate_3,0,3,0.04666666666666667
4329,candidate_2,candidate_3,candidate_1,3,0.04666666666666667
4330,candidate_2,candidate_3,candidate_1,3,0.04666666666666667
4331,candidate_2,candidate_3,candidate_1,3,0.04666666666666667
4332,candidate_2,candidate_3,candidate_1,3,0.04666666666666667
4333,candidate_2,candidate_3,candidate_1,3,0.04666666666666667
4334,candidate_2,candidate_3,candidate_1,3,0.04666666666666667
4335,candidate_2,candidate_3,candidate_1,3,0.04666666666666667
4336,candidate_2,candidate_3,candidate_1,3,0.04666666666666667
4337,candidate_2,candidate_3,candidate_1,3,0.04666666666666667
4338,candidate_2,candidate_3,candidate_1,3,0.04666666666666667
4339,candidate_2,candidate_3,candidate_1,3,0.04666666666666667
4340,candidate_2,candidate_3,candidate_1,3,0.04666666666666667
4341,candidate_2,candidate_3,candidate_1,3,0.04666666666666667
4342,candidate_2,candidate_3,candidate_1,3,0.04666666666666667
4343,candidate_2,candidate_3,candidate_1,3,0.04666666666666667
4344,candidate_2,candidate_3,candidate_1,3,0.04666666666666667
4345,0,candidate_3,candidate_1,3,0.04666666666666667
4346,candidate_2,candidate_3,candidate_1,3,0.04666666666666667
4347,candidate_2,candidate_3,candidate_1,3,0.04666666666666667
4348,candidate_2,candidate_3,candidate_1,3,0.04666666666666667
4349,candidate_2,candidate_3,candidate_1,3,0.04666666666666667
4350,candidate_2,candidate_3,0,3,0.04666666666666667
4351,candidate_2,candidate_3,candidate_1,3,0.04666666666666667
4352,candidate_2,candidate_3,candidate_1,3,0.04666666666666667
4353,candidate_2,candidate_3,candidate_1,3,0.04666666666666667
4354,candidate_2,candidate_3,candidate_1,3,0.04666666666666667
4355,candidate_2,candidate_3,candidate_1,3,0.04666666666666667
4356,candidate_2,0,candidate_1,3,0.04666666666666667
4357,candidate_2,candidate_3,candidate_1,3,0.04666666666666667
4358,candidate_2,candidate_3,candidate_1,3,0.04666666666666667
4359,0,candidate_3,candidate_1,3,0.04666666666666667
4360,candidate_2,candidate_3,candidate_1,3,0.04666666666666667
4361,candidate_2,candidate_3,candidate_1,3,0.04666666666666667
4362,candidate_2,candidate_3,candidate_1,3,0.04666666666666667
4363,candidate_2,candidate_3,candidate_1,3,0.04666666666666667
4364,candidate_2,candidate_3,0,3,0.04666666666666667
4365,candidate_2,candidate_3,candidate_1,3,0.04666666666666667
4366,0,candidate_3,candidate_1,3,0.04666666666666667
4367,candidate_2,candidate_3,candidate_1,3,0.04666666666666667
4368,0,candidate_3,candidate_1,3,0.04666666666666667
4369,candidate_2,candidate_3,candidate_1,3,0.04666666666666667
4370,candidate_2,candidate_3,candidate_1,3,0.04666666666666667
4371,candidate_2,candidate_3,candidate_1,3,0.04666666666666667
4372,candidate_2,candidate_3,candidate_1,3,0.04666666666666667
4373,candidate_2,candidate_3,candidate_1,3,0.04666666666666667
4374,candidate_2,candidate_3,candidate_1,3,0.04666666666666667
4375,candidate_2,candidate_3,candidate_1,3,0.04666666666666667
4376,candidate_2,candidate_3,candidate_1,3,0.04666666666666667
4377,candidate_2,candidate_3,candidate_1,3,0.04666666666666667
4378,candidate_2,candidate_3,candidate_1,3,0.04666666666666667
4379,candidate_2,candidate_3,candidate_1,3,0.04666666666666667
4380,candidate_2,candidate_3,candidate_1,3,0.04666666666666667
4381,candidate_2,candidate_3,candidate_1,3,0.04666666666666667
4382,candidate_2,candidate_3,candidate_1,3,0.04666666666666667
4383,candidate_2,candidate_3,candidate_1,3,0.04666666666666667
4384,candidate_2,0,candidate_1,3,0.04666666666666667
4385,candidate_2,candidate_3,candidate_1,3,0.04666666666666667
4386,candidate_2,candidate_3,candidate_1,3,0.04666666666666667
4387,candidate_2,candidate_3,candidate_1,3,0.04666666666666667
4388,candidate_2,candidate_3,candidate_1,3,0.04666666666666667
4389,candidate_2,candidate_3,candidate_1,3,0.04666666666666667
4390,candidate_2,candidate_3,candidate_1,3,0.04666666666666667
4391,candidate_2,candidate_3,candidate_1,3,0.04666666666666667
4392,candidate_2,candidate_3,candidate_1,3,0.04666666666666667
4393,candidate_2,candidate_3,candidate_1,3,0.04666666666666667
4394,candidate_2,candidate_3,candidate_1,3,0.04666666666666667
4395,candidate_2,candidate_3,candidate_1,3,0.04666666666666667
4396,candidate_2,candidate_3,candidate_1,3,0.04666666666666667
4397,candidate_2,candidate_3,0,3,0.04666666666666667
4398,candidate_2,0,candidate_1,3,0.04666666666666667
4399,candidate_2,candidate_3,candidate_1,3,0.04666666666666667
4400,candidate_2,candidate_3,candidate_1,3,0.04666666666666667
4401,candidate_2,candidate_3,candidate_1,3,0.04666666666666667
4402,candidate_2,candidate_3,candidate_1,3,0.04666666666666667
4403,candidate_2,candidate_3,candidate_1,3,0.04666666666666667
4404,candidate_2,candidate_3,candidate_1,3,0.04666666666666667
4405,candidate_2,candidate_3,candidate_1,3,0.04666666666666667
4406,candidate_2,0,candidate_1,3,0.04666666666666667
4407,candidate_2,candidate_3,candidate_1,3,0.04666666666666667
4408,0,candidate_3,candidate_1,3,0.04666666666666667
4409,candidate_2,candidate_3,candidate_1,3,0.04666666666666667
4410,candidate_2,candidate_3,candidate_1,3,0.04666666666666667
4411,candidate_2,0,candidate_1,3,0.04666666666666667
4412,candidate_2,candidate_3,candidate_1,3,0.04666666666666667
4413,candidate_2,candidate_3,candidate_1,3,0.04666666666666667
4414,candidate_2,candidate_3,candidate_1,3,0.04666666666666667
4415,candidate_2,candidate_3,candidate_1,3,0.04666666666666667
4416,0,candidate_3,candidate_1,3,0.04666666666666667
4417,candidate_2,candidate_3,candidate_1,3,0.04666666666666667
4418,candidate_2,0,candidate_1,3,0.04666666666666667
4419,candidate_2,candidate_3,candidate_1,3,0.04666666666666667
4420,candidate_2,0,candidate_1,3,0.04666666666666667
4421,candidate_2,candidate_3,0,3,0.04666666666666667
4422,candidate_2,candidate_3,candidate_1,3,0.04666666666666667
4423,candidate_2,candidate_3,candidate_1,3,0.04666666666666667
4424,candidate_2,candidate_3,candidate_1,3,0.04666666666666667
4425,candidate_2,candidate_3,candidate_1,3,0.04666666666666667
4426,candidate_2,candidate_3,0,3,0.04666666666666667
4427,candidate_2,candidate_3,candidate_1,3,0.04666666666666667
4428,candidate_2,candidate_3,candidate_1,3,0.04666666666666667
4429,0,candidate_3,candidate_1,3,0.04666666666666667
4430,candidate_2,candidate_3,candidate_1,3,0.04666666666666667
4431,candidate_2,candidate_3,candidate_1,3,0.04666666666666667
4432,candidate_2,candidate_3,candidate_1,3,0.04666666666666667
4433,candidate_2,candidate_3,candidate_1,3,0.04666666666666667
4434,candidate_2,candidate_3,0,3,0.04666666666666667
4435,candidate_2,candidate_3,candidate_1,3,0.04666666666666667
4436,candidate_2,candidate_3,candidate_1,3,0.04666666666666667
4437,candidate_2,candidate_3,candidate_1,3,0.04666666666666667
4438,candidate_2,candidate_3,candidate_1,3,0.04666666666666667
4439,candidate_2,0,candidate_1,3,0.04666666666666667
4440,candidate_2,0,candidate_1,3,0.04666666666666667
4441,candidate_2,candidate_3,candidate_1,3,0.04666666666666667
4442,0,candidate_3,candidate_1,3,0.04666666666666667
4443,candidate_2,candidate_3,0,3,0.04666666666666667
4444,candidate_2,candidate_3,candidate_1,3,0.04666666666666667
4445,candidate_2,candidate_3,candidate_1,3,0.04666666666666667
4446,candidate_2,candidate_3,candidate_1,3,0.04666666666666667
4447,candidate_2,candidate_3,candidate_1,3,0.04666666666666667
4448,candidate_2,candidate_3,candidate_1,3,0.04666666666666667
4449,candidate_2,candidate_3,candidate_1,3,0.04666666666666667
4450,candidate_2,candidate_3,candidate_1,3,0.04666666666666667
4451,candidate_2,candidate_3,candidate_1,3,0.04666666666666667
4452,candidate_2,candidate_3,candidate_1,3,0.04666666666666667
4453,candidate_2,candidate_3,candidate_1,3,0.04666666666666667
4454,candidate_2,candidate_3,candidate_1,3,0.04666666666666667
4455,candidate_2,candidate_3,candidate_1,3,0.04666666666666667
4456,candidate_2,candidate_3,candidate_1,3,0.04666666666666667
4457,0,candidate_3,candidate_1,3,0.04666666666666667
4458,candidate_2,candidate_3,candidate_1,3,0.04666666666666667
4459,candidate_2,candidate_3,candidate_1,3,0.04666666666666667
4460,candidate_2,candidate_3,candidate_1,3,0.04666666666666667
4461,candidate_2,0,candidate_1,3,0.04666666666666667
4462,candidate_2,candidate_3,candidate_1,3,0.04666666666666667
4463,candidate_2,candidate_3,candidate_1,3,0.04666666666666667
4464,candidate_2,candidate_3,candidate_1,3,0.04666666666666667
4465,candidate_2,candidate_3,candidate_1,3,0.04666666666666667
4466,candidate_2,candidate_3,candidate_1,3,0.04666666666666667
4467,candidate_2,candidate_3,candidate_1,3,0.04666666666666667
4468,candidate_2,candidate_3,candidate_1,3,0.04666666666666667
4469,candidate_2,candidate_3,candidate_1,3,0.04666666666666667
4470,candidate_2,candidate_3,candidate_1,3,0.04666666666666667
4471,candidate_2,candidate_3,candidate_1,3,0.04666666666666667
4472,candidate_2,candidate_3,candidate_1,3,0.04666666666666667
4473,candidate_2,candidate_3,candidate_1,3,0.04666666666666667
4474,candidate_2,candidate_3,candidate_1,3,0.04666666666666667
4475,candidate_2,candidate_3,candidate_1,3,0.04666666666666667
4476,candidate_2,candidate_3,candidate_1,3,0.04666666666666667
4477,candidate_2,candidate_3,candidate_1,3,0.04666666666666667
4478,candidate_2,candidate_3,candidate_1,3,0.04666666666666667
4479,candidate_2,candidate_3,candidate_1,3,0.04666666666666667
4480,candidate_2,candidate_3,0,3,0.04666666666666667
4481,candidate_2,candidate_3,candidate_1,3,0.04666666666666667
4482,candidate_2,candidate_3,candidate_1,3,0.04666666666666667
4483,candidate_2,candidate_3,candidate_1,3,0.04666666666666667
4484,candidate_2,candidate_3,candidate_1,3,0.04666666666666667
4485,candidate_2,candidate_3,candidate_1,3,0.04666666666666667
4486,candidate_2,candidate_3,candidate_1,3,0.04666666666666667
4487,candidate_2,candidate_3,candidate_1,3,0.04666666666666667
4488,candidate_2,candidate_3,candidate_1,3,0.04666666666666667
4489,candidate_2,candidate_3,candidate_1,3,0.04666666666666667
4490,candidate_2,candidate_3,candidate_1,3,0.04666666666666667
4491,candidate_2,candidate_3,candidate_1,3,0.04666666666666667
4492,candidate_2,candidate_3,candidate_1,3,0.04666666666666667
4493,candidate_2,0,candidate_1,3,0.04666666666666667
4494,candidate_2,candidate_3,candidate_1,3,0.04666666666666667
4495,candidate_2,candidate_3,candidate_1,3,0.04666666666666667
4496,candidate_2,candidate_3,candidate_1,3,0.04666666666666667
4497,candidate_2,candidate_3,candidate_1,3,0.04666666666666667
4498,candidate_2,candidate_3,candidate_1,3,0.04666666666666667
4499,candidate_2,candidate_3,candidate_1,3,0.04666666666666667
4500,candidate_2,candidate_3,candidate_1,3,0.04666666666666667
4501,candidate_2,candidate_3,candidate_1,3,0.04666666666666667
4502,candidate_2,candidate_3,candidate_1,3,0.04666666666666667
4503,candidate_2,candidate_3,candidate_1,3,0.04666666666666667
4504,candidate_2,candidate_3,candidate_1,3,0.04666666666666667
4505,candidate_2,candidate_3,candidate_1,3,0.04666666666666667
4506,candidate_2,candidate_3,candidate_1,3,0.04666666666666667
4507,candidate_2,candidate_3,candidate_1,3,0.04666666666666667
4508,candidate_2,candidate_3,candidate_1,3,0.04666666666666667
4509,candidate_2,candidate_3,candidate_1,3,0.04666666666666667
4510,candidate_2,candidate_3,candidate_1,3,0.04666666666666667
4511,candidate_2,candidate_3,candidate_1,3,0.04666666666666667
4512,candidate_2,candidate_3,candidate_1,3,0.04666666666666667
4513,candidate_2,candidate_3,candidate_1,3,0.04666666666666667
4514,candidate_2,candidate_3,candidate_1,3,0.04666666666666667
4515,candidate_2,candidate_3,candidate_1,3,0.04666666666666667
4516,candidate_2,candidate_3,candidate_1,3,0.04666666666666667
4517,candidate_2,candidate_3,candidate_1,3,0.04666666666666667
4518,candidate_2,candidate_3,candidate_1,3,0.04666666666666667
4519,candidate_2,candidate_3,candidate_1,3,0.04666666666666667
4520,candidate_2,candidate_3,candidate_1,3,0.04666666666666667
4521,candidate_2,0,candidate_1,3,0.04666666666666667
4522,candidate_2,candidate_3,candidate_1,3,0.04666666666666667
4523,candidate_2,candidate_3,candidate_1,3,0.04666666666666667
4524,candidate_2,candidate_3,candidate_1,3,0.04666666666666667
4525,candidate_2,candidate_3,candidate_1,3,0.04666666666666667
4526,0,candidate_3,candidate_1,3,0.04666666666666667
4527,candidate_2,candidate_3,candidate_1,3,0.04666666666666667
4528,candidate_2,candidate_3,candidate_1,3,0.04666666666666667
4529,candidate_2,candidate_3,candidate_1,3,0.04666666666666667
4530,candidate_2,candidate_3,candidate_1,3,0.04666666666666667
4531,candidate_2,candidate_3,candidate_1,3,0.04666666666666667
4532,candidate_2,candidate_3,candidate_1,3,0.04666666666666667
4533,candidate_2,candidate_3,candidate_1,3,0.04666666666666667
4534,candidate_2,candidate_3,candidate_1,3,0.04666666666666667
4535,candidate_2,candidate_3,candidate_1,3,0.04666666666666667
4536,candidate_2,candidate_3,0,3,0.04666666666666667
4537,candidate_2,candidate_3,candidate_1,3,0.04666666666666667
4538,candidate_2,0,candidate_1,3,0.04666666666666667
4539,candidate_2,candidate_3,candidate_1,3,0.04666666666666667
4540,0,candidate_3,candidate_1,3,0.04666666666666667
4541,candidate_2,candidate_3,candidate_1,3,0.04666666666666667
4542,candidate_2,candidate_3,candidate_1,3,0.04666666666666667
4543,candidate_2,candidate_3,candidate_1,3,0.04666666666666667
4544,candidate_2,candidate_3,candidate_1,3,0.04666666666666667
4545,candidate_2,candidate_3,candidate_1,3,0.04666666666666667
4546,candidate_2,candidate_3,candidate_1,3,0.04666666666666667
4547,candidate_2,candidate_3,candidate_1,3,0.04666666666666667
4548,candidate_2,candidate_3,candidate_1,3,0.04666666666666667
4549,candidate_2,candidate_3,candidate_1,3,0.04666666666666667
4550,candidate_2,candidate_3,candidate_1,3,0.04666666666666667
4551,candidate_2,candidate_3,candidate_1,3,0.04666666666666667
4552,candidate_2,candidate_3,candidate_1,3,0.04666666666666667
4553,candidate_2,candidate_3,candidate_1,3,0.04666666666666667
4554,candidate_2,candidate_3,candidate_1,3,0.04666666666666667
4555,candidate_2,candidate_3,candidate_1,3,0.04666666666666667
4556,candidate_2,candidate_3,candidate_1,3,0.04666666666666667
4557,candidate_2,0,candidate_1,3,0.04666666666666667
4558,candidate_2,candidate_3,candidate_1,3,0.04666666666666667
4559,candidate_2,0,candidate_1,3,0.04666666666666667
4560,0,candidate_3,candidate_1,3,0.04666666666666667
4561,candidate_2,candidate_3,candidate_1,3,0.04666666666666667
4562,candidate_2,candidate_3,candidate_1,3,0.04666666666666667
4563,candidate_2,candidate_3,candidate_1,3,0.04666666666666667
4564,candidate_2,candidate_3,candidate_1,3,0.04666666666666667
4565,candidate_2,candidate_3,candidate_1,3,0.04666666666666667
4566,candidate_2,candidate_3,candidate_1,3,0.04666666666666667
4567,candidate_2,candidate_3,0,3,0.04666666666666667
4568,0,candidate_3,candidate_1,3,0.04666666666666667
4569,candidate_2,candidate_3,candidate_1,3,0.04666666666666667
4570,candidate_2,candidate_3,candidate_1,3,0.04666666666666667
4571,candidate_2,candidate_3,candidate_1,3,0.04666666666666667
4572,candidate_2,candidate_3,candidate_1,3,0.04666666666666667
4573,candidate_2,candidate_3,candidate_1,3,0.04666666666666667
4574,candidate_2,candidate_3,candidate_1,3,0.04666666666666667
4575,candidate_2,candidate_3,candidate_1,3,0.04666666666666667
4576,candidate_2,candidate_3,candidate_1,3,0.04666666666666667
4577,candidate_2,candidate_3,candidate_1,3,0.04666666666666667
4578,candidate_2,candidate_3,candidate_1,3,0.04666666666666667
4579,candidate_2,candidate_3,candidate_1,3,0.04666666666666667
4580,0,candidate_3,candidate_1,3,0.04666666666666667
4581,candidate_2,candidate_3,candidate_1,3,0.04666666666666667
4582,candidate_2,candidate_3,candidate_1,3,0.04666666666666667
4583,candidate_2,candidate_3,candidate_1,3,0.04666666666666667
4584,candidate_2,candidate_3,candidate_1,3,0.04666666666666667
4585,candidate_2,candidate_3,candidate_1,3,0.04666666666666667
4586,candidate_2,candidate_3,candidate_1,3,0.04666666666666667
4587,candidate_2,candidate_3,candidate_1,3,0.04666666666666667
4588,candidate_2,candidate_3,candidate_1,3,0.04666666666666667
4589,candidate_2,candidate_3,candidate_1,3,0.04666666666666667
4590,candidate_2,candidate_3,candidate_1,3,0.04666666666666667
4591,candidate_2,candidate_3,candidate_1,3,0.04666666666666667
4592,candidate_2,candidate_3,candidate_1,3,0.04666666666666667
4593,candidate_2,candidate_3,candidate_1,3,0.04666666666666667
4594,candidate_2,candidate_3,candidate_1,3,0.04666666666666667
4595,candidate_2,candidate_3,0,3,0.04666666666666667
4596,candidate_2,candidate_3,candidate_1,3,0.04666666666666667
4597,candidate_2,candidate_3,candidate_1,3,0.04666666666666667
4598,candidate_2,candidate_3,candidate_1,3,0.04666666666666667
4599,candidate_2,candidate_3,candidate_1,3,0.04666666666666667
4600,0,candidate_3,candidate_1,3,0.04666666666666667
4601,candidate_2,candidate_3,candidate_1,3,0.04666666666666667
4602,candidate_2,candidate_3,candidate_1,3,0.04666666666666667
4603,candidate_2,candidate_3,candidate_1,3,0.04666666666666667
4604,candidate_2,candidate_3,candidate_1,3,0.04666666666666667
4605,candidate_2,candidate_3,candidate_1,3,0.04666666666666667
4606,candidate_2,candidate_3,candidate_1,3,0.04666666666666667
4607,candidate_2,candidate_3,candidate_1,3,0.04666666666666667
4608,candidate_2,candidate_3,candidate_1,3,0.04666666666666667
4609,candidate_2,0,candidate_1,3,0.04666666666666667
4610,candidate_2,candidate_3,candidate_1,3,0.04666666666666667
4611,candidate_2,candidate_3,candidate_1,3,0.04666666666666667
4612,candidate_2,candidate_3,candidate_1,3,0.04666666666666667
4613,candidate_2,candidate_3,candidate_1,3,0.04666666666666667
4614,candidate_2,candidate_3,candidate_1,3,0.04666666666666667
4615,candidate_2,candidate_3,0,3,0.04666666666666667
4616,candidate_2,candidate_3,candidate_1,3,0.04666666666666667
4617,candidate_2,candidate_3,candidate_1,3,0.04666666666666667
4618,candidate_2,candidate_3,candidate_1,3,0.04666666666666667
4619,candidate_2,candidate_3,candidate_1,3,0.04666666666666667
4620,candidate_2,candidate_3,candidate_1,3,0.04666666666666667
4621,candidate_2,candidate_3,candidate_1,3,0.04666666666666667
4622,candidate_2,candidate_3,candidate_1,3,0.04666666666666667
4623,candidate_2,candidate_3,candidate_1,3,0.04666666666666667
4624,candidate_2,candidate_3,candidate_1,3,0.04666666666666667
4625,candidate_2,candidate_3,0,3,0.04666666666666667
4626,candidate_2,candidate_3,candidate_1,3,0.04666666666666667
4627,candidate_2,candidate_3,candidate_1,3,0.04666666666666667
4628,candidate_2,candidate_3,candidate_1,3,0.04666666666666667
4629,candidate_2,candidate_3,candidate_1,3,0.04666666666666667
4630,candidate_2,candidate_3,candidate_1,3,0.04666666666666667
4631,candidate_2,candidate_3,0,3,0.04666666666666667
4632,candidate_2,candidate_3,candidate_1,3,0.04666666666666667
4633,candidate_2,candidate_3,0,3,0.04666666666666667
4634,candidate_2,candidate_3,candidate_1,3,0.04666666666666667
4635,candidate_2,candidate_3,candidate_1,3,0.04666666666666667
4636,candidate_2,candidate_3,candidate_1,3,0.04666666666666667
4637,candidate_2,candidate_3,candidate_1,3,0.04666666666666667
4638,candidate_2,candidate_3,candidate_1,3,0.04666666666666667
4639,candidate_2,candidate_3,candidate_1,3,0.04666666666666667
4640,candidate_2,candidate_3,candidate_1,3,0.04666666666666667
4641,candidate_2,candidate_3,candidate_1,3,0.04666666666666667
4642,candidate_2,candidate_3,candidate_1,3,0.04666666666666667
4643,candidate_2,candidate_3,candidate_1,3,0.04666666666666667
4644,candidate_2,candidate_3,candidate_1,3,0.04666666666666667
4645,candidate_2,candidate_3,candidate_1,3,0.04666666666666667
4646,candidate_2,candidate_3,0,3,0.04666666666666667
4647,candidate_2,candidate_3,candidate_1,3,0.04666666666666667
4648,candidate_2,candidate_3,candidate_1,3,0.04666666666666667
4649,candidate_2,candidate_3,candidate_1,3,0.04666666666666667
4650,candidate_2,candidate_3,candidate_1,3,0.04666666666666667
4651,candidate_2,candidate_3,candidate_1,3,0.04666666666666667
4652,candidate_2,candidate_3,candidate_1,3,0.04666666666666667
4653,candidate_2,candidate_3,candidate_1,3,0.04666666666666667
4654,candidate_2,candidate_3,candidate_1,3,0.04666666666666667
4655,candidate_2,candidate_3,candidate_1,3,0.04666666666666667
4656,candidate_2,candidate_3,candidate_1,3,0.04666666666666667
4657,candidate_2,candidate_3,candidate_1,3,0.04666666666666667
4658,candidate_2,candidate_3,candidate_1,3,0.04666666666666667
4659,candidate_2,candidate_3,candidate_1,3,0.04666666666666667
4660,candidate_2,candidate_3,candidate_1,3,0.04666666666666667
4661,candidate_2,candidate_3,candidate_1,3,0.04666666666666667
4662,candidate_2,candidate_3,candidate_1,3,0.04666666666666667
4663,candidate_2,candidate_3,candidate_1,3,0.04666666666666667
4664,candidate_2,candidate_3,0,3,0.04666666666666667
4665,0,candidate_3,candidate_1,3,0.04666666666666667
4666,candidate_2,candidate_3,candidate_1,3,0.04666666666666667
4667,candidate_2,candidate_3,candidate_1,3,0.04666666666666667
4668,0,candidate_3,candidate_1,3,0.04666666666666667
4669,candidate_2,candidate_3,candidate_1,3,0.04666666666666667
4670,candidate_2,candidate_3,candidate_1,3,0.04666666666666667
4671,candidate_2,candidate_3,candidate_1,3,0.04666666666666667
4672,candidate_2,candidate_3,candidate_1,3,0.04666666666666667
4673,candidate_2,candidate_3,candidate_1,3,0.04666666666666667
4674,candidate_2,candidate_3,candidate_1,3,0.04666666666666667
4675,candidate_2,candidate_3,candidate_1,3,0.04666666666666667
4676,candidate_2,candidate_3,0,3,0.04666666666666667
4677,candidate_2,candidate_3,candidate_1,3,0.04666666666666667
4678,candidate_2,candidate_3,candidate_1,3,0.04666666666666667
4679,candidate_2,candidate_3,candidate_1,3,0.04666666666666667
4680,candidate_2,candidate_3,candidate_1,3,0.04666666666666667
4681,candidate_2,candidate_3,candidate_1,3,0.04666666666666667
4682,candidate_2,candidate_3,candidate_1,3,0.04666666666666667
4683,candidate_2,candidate_3,candidate_1,3,0.04666666666666667
4684,candidate_2,candidate_3,candidate_1,3,0.04666666666666667
4685,candidate_2,0,candidate_1,3,0.04666666666666667
4686,candidate_2,candidate_3,candidate_1,3,0.04666666666666667
4687,candidate_2,candidate_3,candidate_1,3,0.04666666666666667
4688,candidate_2,candidate_3,candidate_1,3,0.04666666666666667
4689,candidate_2,candidate_3,candidate_1,3,0.04666666666666667
4690,candidate_2,candidate_3,candidate_1,3,0.04666666666666667
4691,candidate_2,candidate_3,candidate_1,3,0.04666666666666667
4692,candidate_2,candidate_3,candidate_1,3,0.04666666666666667
4693,0,candidate_3,candidate_1,3,0.04666666666666667
4694,candidate_2,candidate_3,candidate_1,3,0.04666666666666667
4695,candidate_2,candidate_3,candidate_1,3,0.04666666666666667
4696,candidate_2,candidate_3,candidate_1,3,0.04666666666666667
4697,candidate_2,candidate_3,candidate_1,3,0.04666666666666667
4698,candidate_2,candidate_3,candidate_1,3,0.04666666666666667
4699,candidate_2,candidate_3,candidate_1,3,0.04666666666666667
4700,candidate_2,candidate_3,candidate_1,3,0.04666666666666667
4701,candidate_2,0,candidate_1,3,0.04666666666666667
4702,candidate_2,candidate_3,candidate_1,3,0.04666666666666667
4703,candidate_2,candidate_3,candidate_1,3,0.04666666666666667
4704,candidate_2,candidate_3,candidate_1,3,0.04666666666666667
4705,candidate_2,candidate_3,candidate_1,3,0.04666666666666667
4706,candidate_2,candidate_3,candidate_1,3,0.04666666666666667
4707,candidate_2,candidate_3,candidate_1,3,0.04666666666666667
4708,candidate_2,candidate_3,candidate_1,3,0.04666666666666667
4709,candidate_2,candidate_3,candidate_1,3,0.04666666666666667
4710,candidate_2,candidate_3,0,3,0.04666666666666667
4711,candidate_2,candidate_3,candidate_1,3,0.04666666666666667
4712,candidate_2,candidate_3,candidate_1,3,0.04666666666666667
4713,candidate_2,candidate_3,candidate_1,3,0.04666666666666667
4714,candidate_2,candidate_3,candidate_1,3,0.04666666666666667
4715,candidate_2,0,candidate_1,3,0.04666666666666667
4716,candidate_2,candidate_3,candidate_1,3,0.04666666666666667
4717,candidate_2,candidate_3,candidate_1,3,0.04666666666666667
4718,candidate_2,candidate_3,candidate_1,3,0.04666666666666667
4719,candidate_2,candidate_3,candidate_1,3,0.04666666666666667
4720,candidate_2,candidate_3,candidate_1,3,0.04666666666666667
4721,candidate_2,candidate_3,candidate_1,3,0.04666666666666667
4722,candidate_2,candidate_3,candidate_1,3,0.04666666666666667
4723,candidate_2,candidate_3,candidate_1,3,0.04666666666666667
4724,candidate_2,candidate_3,candidate_1,3,0.04666666666666667
4725,candidate_2,candidate_3,candidate_1,3,0.04666666666666667
4726,candidate_2,candidate_3,candidate_1,3,0.04666666666666667
4727,candidate_2,candidate_3,candidate_1,3,0.04666666666666667
4728,candidate_2,candidate_3,0,3,0.04666666666666667
4729,candidate_2,candidate_3,candidate_1,3,0.04666666666666667
4730,candidate_2,candidate_3,candidate_1,3,0.04666666666666667
4731,candidate_2,candidate_3,candidate_1,3,0.04666666666666667
4732,candidate_2,candidate_3,candidate_1,3,0.04666666666666667
4733,candidate_2,candidate_3,candidate_1,3,0.04666666666666667
4734,candidate_2,candidate_3,candidate_1,3,0.04666666666666667
4735,candidate_2,candidate_3,candidate_1,3,0.04666666666666667
4736,candidate_2,candidate_3,candidate_1,3,0.04666666666666667
4737,candidate_2,candidate_3,candidate_1,3,0.04666666666666667
4738,candidate_2,0,candidate_1,3,0.04666666666666667
4739,candidate_2,candidate_3,candidate_1,3,0.04666666666666667
4740,candidate_2,candidate_3,candidate_1,3,0.04666666666666667
4741,candidate_2,candidate_3,candidate_1,3,0.04666666666666667
4742,candidate_2,candidate_3,candidate_1,3,0.04666666666666667
4743,candidate_2,candidate_3,candidate_1,3,0.04666666666666667
4744,candidate_2,candidate_3,candidate_1,3,0.04666666666666667
4745,candidate_2,candidate_3,candidate_1,3,0.04666666666666667
4746,candidate_2,candidate_3,candidate_1,3,0.04666666666666667
4747,candidate_2,candidate_3,candidate_1,3,0.04666666666666667
4748,candidate_2,candidate_3,candidate_1,3,0.04666666666666667
4749,candidate_2,candidate_3,candidate_1,3,0.04666666666666667
4750,candidate_2,candidate_3,candidate_1,3,0.04666666666666667
4751,candidate_2,candidate_3,candidate_1,3,0.04666666666666667
4752,candidate_2,candidate_3,candidate_1,3,0.04666666666666667
4753,candidate_2,candidate_3,candidate_1,3,0.04666666666666667
4754,candidate_2,candidate_3,candidate_1,3,0.04666666666666667
4755,candidate_2,candidate_3,0,3,0.04666666666666667
4756,candidate_2,candidate_3,candidate_1,3,0.04666666666666667
4757,candidate_2,candidate_3,candidate_1,3,0.04666666666666667
4758,candidate_2,candidate_3,candidate_1,3,0.04666666666666667
4759,candidate_2,candidate_3,candidate_1,3,0.04666666666666667
4760,candidate_2,candidate_3,candidate_1,3,0.04666666666666667
4761,candidate_2,candidate_3,candidate_1,3,0.04666666666666667
4762,candidate_2,candidate_3,candidate_1,3,0.04666666666666667
4763,candidate_2,candidate_3,candidate_1,3,0.04666666666666667
4764,candidate_2,candidate_3,0,3,0.04666666666666667
4765,candidate_2,candidate_3,candidate_1,3,0.04666666666666667
4766,candidate_2,candidate_3,candidate_1,3,0.04666666666666667
4767,candidate_2,candidate_3,candidate_1,3,0.04666666666666667
4768,candidate_2,candidate_3,candidate_1,3,0.04666666666666667
4769,candidate_2,candidate_3,candidate_1,3,0.04666666666666667
4770,candidate_2,candidate_3,candidate_1,3,0.04666666666666667
4771,candidate_2,0,candidate_1,3,0.04666666666666667
4772,candidate_2,candidate_3,candidate_1,3,0.04666666666666667
4773,candidate_2,candidate_3,candidate_1,3,0.04666666666666667
4774,candidate_2,candidate_3,candidate_1,3,0.04666666666666667
4775,candidate_2,candidate_3,candidate_1,3,0.04666666666666667
4776,candidate_2,candidate_3,candidate_1,3,0.04666666666666667
4777,candidate_2,candidate_3,candidate_1,3,0.04666666666666667
4778,candidate_2,candidate_3,candidate_1,3,0.04666666666666667
4779,candidate_2,candidate_3,candidate_1,3,0.04666666666666667
4780,candidate_2,candidate_3,candidate_1,3,0.04666666666666667
4781,candidate_2,0,candidate_1,3,0.04666666666666667
4782,candidate_2,candidate_3,candidate_1,3,0.04666666666666667
4783,candidate_2,candidate_3,candidate_1,3,0.04666666666666667
4784,candidate_2,candidate_3,candidate_1,3,0.04666666666666667
4785,candidate_2,candidate_3,candidate_1,3,0.04666666666666667
4786,0,0,candidate_1,3,0.04666666666666667
4787,candidate_2,candidate_3,candidate_1,3,0.04666666666666667
4788,candidate_2,candidate_3,candidate_1,3,0.04666666666666667
4789,candidate_2,candidate_3,candidate_1,3,0.04666666666666667
4790,candidate_2,candidate_3,candidate_1,3,0.04666666666666667
4791,0,candidate_3,candidate_1,3,0.04666666666666667
4792,candidate_2,candidate_3,candidate_1,3,0.04666666666666667
4793,candidate_2,candidate_3,candidate_1,3,0.04666666666666667
4794,candidate_2,candidate_3,candidate_1,3,0.04666666666666667
4795,candidate_2,candidate_3,candidate_1,3,0.04666666666666667
4796,candidate_2,candidate_3,candidate_1,3,0.04666666666666667
4797,candidate_2,candidate_3,candidate_1,3,0.04666666666666667
4798,candidate_2,candidate_3,candidate_1,3,0.04666666666666667
4799,candidate_2,candidate_3,candidate_1,3,0.04666666666666667
4800,candidate_2,candidate_3,candidate_1,3,0.04666666666666667
4801,candidate_2,0,candidate_1,3,0.04666666666666667
4802,candidate_2,candidate_3,candidate_1,3,0.04666666666666667
4803,candidate_2,candidate_3,candidate_1,3,0.04666666666666667
4804,candidate_2,candidate_3,candidate_1,3,0.04666666666666667
4805,candidate_2,candidate_3,candidate_1,3,0.04666666666666667
4806,candidate_2,candidate_3,candidate_1,3,0.04666666666666667
4807,candidate_2,candidate_3,candidate_1,3,0.04666666666666667
4808,candidate_2,candidate_3,candidate_1,3,0.04666666666666667
4809,candidate_2,0,candidate_1,3,0.04666666666666667
4810,candidate_2,candidate_3,candidate_1,3,0.04666666666666667
4811,candidate_2,candidate_3,candidate_1,3,0.04666666666666667
4812,candidate_2,candidate_3,candidate_1,3,0.04666666666666667
4813,candidate_2,candidate_3,candidate_1,3,0.04666666666666667
4814,candidate_2,candidate_3,0,3,0.04666666666666667
4815,candidate_2,candidate_3,candidate_1,3,0.04666666666666667
4816,candidate_2,0,candidate_1,3,0.04666666666666667
4817,candidate_2,candidate_3,candidate_1,3,0.04666666666666667
4818,candidate_2,candidate_3,candidate_1,3,0.04666666666666667
4819,candidate_2,candidate_3,candidate_1,3,0.04666666666666667
4820,candidate_2,candidate_3,candidate_1,3,0.04666666666666667
4821,candidate_2,candidate_3,candidate_1,3,0.04666666666666667
4822,candidate_2,candidate_3,candidate_1,3,0.04666666666666667
4823,candidate_2,candidate_3,candidate_1,3,0.04666666666666667
4824,candidate_2,candidate_3,candidate_1,3,0.04666666666666667
4825,candidate_2,candidate_3,candidate_1,3,0.04666666666666667
4826,candidate_2,candidate_3,candidate_1,3,0.04666666666666667
4827,candidate_2,candidate_3,candidate_1,3,0.04666666666666667
4828,candidate_2,candidate_3,candidate_1,3,0.04666666666666667
4829,candidate_2,0,candidate_1,3,0.04666666666666667
4830,candidate_2,candidate_3,candidate_1,3,0.04666666666666667
4831,candidate_2,candidate_3,candidate_1,3,0.04666666666666667
4832,candidate_2,candidate_3,candidate_1,3,0.04666666666666667
4833,candidate_2,candidate_3,candidate_1,3,0.04666666666666667
4834,candidate_2,candidate_3,candidate_1,3,0.04666666666666667
4835,candidate_2,candidate_3,candidate_1,3,0.04666666666666667
4836,candidate_2,0,candidate_1,3,0.04666666666666667
4837,candidate_2,0,candidate_1,3,0.04666666666666667
4838,candidate_2,candidate_3,candidate_1,3,0.04666666666666667
4839,candidate_2,candidate_3,candidate_1,3,0.04666666666666667
4840,candidate_2,candidate_3,candidate_1,3,0.04666666666666667
4841,candidate_2,candidate_3,candidate_1,3,0.04666666666666667
4842,candidate_2,candidate_3,candidate_1,3,0.04666666666666667
4843,candidate_2,candidate_3,candidate_1,3,0.04666666666666667
4844,candidate_2,candidate_3,candidate_1,3,0.04666666666666667
4845,candidate_2,candidate_3,candidate_1,3,0.04666666666666667
4846,candidate_2,candidate_3,candidate_1,3,0.04666666666666667
4847,candidate_2,0,candidate_1,3,0.04666666666666667
4848,candidate_2,candidate_3,candidate_1,3,0.04666666666666667
4849,candidate_2,candidate_3,0,3,0.04666666666666667
4850,candidate_2,candidate_3,0,3,0.04666666666666667
4851,candidate_2,candidate_3,candidate_1,3,0.04666666666666667
4852,candidate_2,candidate_3,candidate_1,3,0.04666666666666667
4853,candidate_2,candidate_3,candidate_1,3,0.04666666666666667
4854,candidate_2,candidate_3,candidate_1,3,0.04666666666666667
4855,candidate_2,candidate_3,candidate_1,3,0.04666666666666667
4856,candidate_2,candidate_3,candidate_1,3,0.04666666666666667
4857,candidate_2,candidate_3,candidate_1,3,0.04666666666666667
4858,candidate_2,candidate_3,candidate_1,3,0.04666666666666667
4859,candidate_2,candidate_3,candidate_1,3,0.04666666666666667
4860,candidate_2,candidate_3,candidate_1,3,0.04666666666666667
4861,candidate_2,candidate_3,candidate_1,3,0.04666666666666667
4862,candidate_2,candidate_3,candidate_1,3,0.04666666666666667
4863,candidate_2,candidate_3,candidate_1,3,0.04666666666666667
4864,candidate_2,candidate_3,candidate_1,3,0.04666666666666667
4865,candidate_2,candidate_3,candidate_1,3,0.04666666666666667
4866,candidate_2,candidate_3,candidate_1,3,0.04666666666666667
4867,candidate_2,candidate_3,candidate_1,3,0.04666666666666667
4868,candidate_2,candidate_3,candidate_1,3,0.04666666666666667
4869,candidate_2,candidate_3,candidate_1,3,0.04666666666666667
4870,candidate_2,candidate_3,candidate_1,3,0.04666666666666667
4871,candidate_2,candidate_3,candidate_1,3,0.04666666666666667
4872,candidate_2,candidate_3,candidate_1,3,0.04666666666666667
4873,candidate_2,candidate_3,candidate_1,3,0.04666666666666667
4874,candidate_2,candidate_3,candidate_1,3,0.04666666666666667
4875,candidate_2,candidate_3,candidate_1,3,0.04666666666666667
4876,candidate_2,0,candidate_1,3,0.04666666666666667
4877,candidate_2,candidate_3,candidate_1,3,0.04666666666666667
4878,candidate_2,candidate_3,candidate_1,3,0.04666666666666667
4879,candidate_2,candidate_3,candidate_1,3,0.04666666666666667
4880,candidate_2,candidate_3,candidate_1,3,0.04666666666666667
4881,candidate_2,candidate_3,candidate_1,3,0.04666666666666667
4882,candidate_2,candidate_3,0,3,0.04666666666666667
4883,candidate_2,candidate_3,candidate_1,3,0.04666666666666667
4884,candidate_2,candidate_3,candidate_1,3,0.04666666666666667
4885,candidate_2,candidate_3,candidate_1,3,0.04666666666666667
4886,candidate_2,candidate_3,candidate_1,3,0.04666666666666667
4887,candidate_2,candidate_3,candidate_1,3,0.04666666666666667
4888,candidate_2,candidate_3,candidate_1,3,0.04666666666666667
4889,candidate_2,candidate_3,candidate_1,3,0.04666666666666667
4890,candidate_2,candidate_3,0,3,0.04666666666666667
4891,candidate_2,candidate_3,candidate_1,3,0.04666666666666667
4892,candidate_2,candidate_3,candidate_1,3,0.04666666666666667
4893,candidate_2,candidate_3,candidate_1,3,0.04666666666666667
4894,candidate_2,candidate_3,candidate_1,3,0.04666666666666667
4895,candidate_2,candidate_3,candidate_1,3,0.04666666666666667
4896,candidate_2,candidate_3,candidate_1,3,0.04666666666666667
4897,0,candidate_3,candidate_1,3,0.04666666666666667
4898,candidate_2,candidate_3,candidate_1,3,0.04666666666666667
4899,candidate_2,candidate_3,candidate_1,3,0.04666666666666667
4900,candidate_2,candidate_3,candidate_1,3,0.04666666666666667
4901,candidate_2,candidate_3,candidate_1,3,0.04666666666666667
4902,candidate_2,candidate_3,candidate_1,3,0.04666666666666667
4903,candidate_2,candidate_3,candidate_1,3,0.04666666666666667
4904,candidate_2,candidate_3,candidate_1,3,0.04666666666666667
4905,candidate_2,0,candidate_1,3,0.04666666666666667
4906,0,candidate_3,candidate_1,3,0.04666666666666667
4907,candidate_2,candidate_3,candidate_1,3,0.04666666666666667
4908,0,candidate_3,candidate_1,3,0.04666666666666667
4909,candidate_2,candidate_3,candidate_1,3,0.04666666666666667
4910,candidate_2,candidate_3,candidate_1,3,0.04666666666666667
4911,candidate_2,candidate_3,candidate_1,3,0.04666666666666667
4912,candidate_2,0,candidate_1,3,0.04666666666666667
4913,candidate_2,candidate_3,candidate_1,3,0.04666666666666667
4914,candidate_2,candidate_3,candidate_1,3,0.04666666666666667
4915,candidate_2,candidate_3,candidate_1,3,0.04666666666666667
4916,candidate_2,candidate_3,candidate_1,3,0.04666666666666667
4917,candidate_2,candidate_3,candidate_1,3,0.04666666666666667
4918,candidate_2,candidate_3,candidate_1,3,0.04666666666666667
4919,candidate_2,candidate_3,candidate_1,3,0.04666666666666667
4920,candidate_2,candidate_3,candidate_1,3,0.04666666666666667
4921,candidate_2,candidate_3,candidate_1,3,0.04666666666666667
4922,candidate_2,candidate_3,candidate_1,3,0.04666666666666667
4923,candidate_2,candidate_3,candidate_1,3,0.04666666666666667
4924,candidate_2,candidate_3,candidate_1,3,0.04666666666666667
4925,candidate_2,candidate_3,candidate_1,3,0.04666666666666667
4926,candidate_2,candidate_3,candidate_1,3,0.04666666666666667
4927,candidate_2,candidate_3,candidate_1,3,0.04666666666666667
4928,candidate_2,candidate_3,candidate_1,3,0.04666666666666667
4929,candidate_2,candidate_3,candidate_1,3,0.04666666666666667
4930,candidate_2,candidate_3,candidate_1,3,0.04666666666666667
4931,0,candidate_3,candidate_1,3,0.04666666666666667
4932,candidate_2,candidate_3,candidate_1,3,0.04666666666666667
4933,candidate_2,candidate_3,candidate_1,3,0.04666666666666667
4934,candidate_2,candidate_3,candidate_1,3,0.04666666666666667
4935,candidate_2,0,candidate_1,3,0.04666666666666667
4936,candidate_2,candidate_3,candidate_1,3,0.04666666666666667
4937,candidate_2,candidate_3,candidate_1,3,0.04666666666666667
4938,candidate_2,candidate_3,candidate_1,3,0.04666666666666667
4939,0,candidate_3,candidate_1,3,0.04666666666666667
4940,candidate_2,candidate_3,candidate_1,3,0.04666666666666667
4941,candidate_2,candidate_3,candidate_1,3,0.04666666666666667
4942,candidate_2,candidate_3,candidate_1,3,0.04666666666666667
4943,candidate_2,candidate_3,candidate_1,3,0.04666666666666667
4944,candidate_2,0,candidate_1,3,0.04666666666666667
4945,candidate_2,candidate_3,candidate_1,3,0.04666666666666667
4946,candidate_2,candidate_3,candidate_1,3,0.04666666666666667
4947,candidate_2,candidate_3,candidate_1,3,0.04666666666666667
4948,candidate_2,candidate_3,0,3,0.04666666666666667
4949,candidate_2,candidate_3,candidate_1,3,0.04666666666666667
4950,candidate_2,candidate_3,candidate_1,3,0.04666666666666667
4951,candidate_2,candidate_3,candidate_1,3,0.04666666666666667
4952,candidate_2,candidate_3,candidate_1,3,0.04666666666666667
4953,candidate_2,candidate_3,candidate_1,3,0.04666666666666667
4954,0,0,candidate_1,3,0.04666666666666667
4955,candidate_2,candidate_3,candidate_1,3,0.04666666666666667
4956,candidate_2,candidate_3,candidate_1,3,0.04666666666666667
4957,candidate_2,candidate_3,candidate_1,3,0.04666666666666667
4958,candidate_2,candidate_3,candidate_1,3,0.04666666666666667
4959,candidate_2,candidate_3,candidate_1,3,0.04666666666666667
4960,candidate_2,candidate_3,candidate_1,3,0.04666666666666667
4961,candidate_2,candidate_3,candidate_1,3,0.04666666666666667
4962,candidate_2,candidate_3,candidate_1,3,0.04666666666666667
4963,candidate_2,candidate_3,candidate_1,3,0.04666666666666667
4964,candidate_2,candidate_3,candidate_1,3,0.04666666666666667
4965,candidate_2,candidate_3,candidate_1,3,0.04666666666666667
4966,candidate_2,candidate_3,candidate_1,3,0.04666666666666667
4967,candidate_2,candidate_3,candidate_1,3,0.04666666666666667
4968,candidate_2,candidate_3,candidate_1,3,0.04666666666666667
4969,candidate_2,candidate_3,candidate_1,3,0.04666666666666667
4970,candidate_2,candidate_3,candidate_1,3,0.04666666666666667
4971,candidate_2,candidate_3,candidate_1,3,0.04666666666666667
4972,candidate_2,candidate_3,candidate_1,3,0.04666666666666667
4973,candidate_2,0,0,3,0.04666666666666667
4974,candidate_2,candidate_3,candidate_1,3,0.04666666666666667
4975,candidate_2,candidate_3,candidate_1,3,0.04666666666666667
4976,candidate_2,candidate_3,candidate_1,3,0.04666666666666667
4977,candidate_2,candidate_3,candidate_1,3,0.04666666666666667
4978,candidate_2,candidate_3,candidate_1,3,0.04666666666666667
4979,candidate_2,candidate_3,candidate_1,3,0.04666666666666667
4980,candidate_2,candidate_3,candidate_1,3,0.04666666666666667
4981,candidate_2,candidate_3,candidate_1,3,0.04666666666666667
4982,candidate_2,candidate_3,candidate_1,3,0.04666666666666667
4983,candidate_2,candidate_3,candidate_1,3,0.04666666666666667
4984,candidate_2,candidate_3,candidate_1,3,0.04666666666666667
4985,candidate_2,candidate_3,candidate_1,3,0.04666666666666667
4986,candidate_2,candidate_3,candidate_1,3,0.04666666666666667
4987,candidate_2,candidate_3,candidate_1,3,0.04666666666666667
4988,candidate_2,candidate_3,candidate_1,3,0.04666666666666667
4989,candidate_2,candidate_3,candidate_1,3,0.04666666666666667
4990,candidate_2,candidate_3,candidate_1,3,0.04666666666666667
4991,candidate_2,candidate_3,candidate_1,3,0.04666666666666667
4992,candidate_2,candidate_3,candidate_1,3,0.04666666666666667
4993,candidate_2,candidate_3,candidate_1,3,0.04666666666666667
4994,candidate_2,candidate_3,candidate_1,3,0.04666666666666667
4995,candidate_2,candidate_3,candidate_1,3,0.04666666666666667
4996,candidate_2,candidate_3,candidate_1,3,0.04666666666666667
4997,candidate_2,candidate_3,candidate_1,3,0.04666666666666667
4998,candidate_2,candidate_3,candidate_1,3,0.04666666666666667
4999,candidate_2,candidate_3,candidate_1,3,0.04666666666666667
5000,candidate_2,candidate_3,candidate_1,3,0.04666666666666667
5001,candidate_2,candidate_3,candidate_1,3,0.04666666666666667
5002,candidate_2,candidate_3,candidate_1,3,0.04666666666666667
5003,candidate_2,candidate_3,candidate_1,3,0.04666666666666667
5004,candidate_2,candidate_3,candidate_1,3,0.04666666666666667
5005,candidate_2,candidate_3,candidate_1,3,0.04666666666666667
5006,candidate_2,candidate_3,candidate_1,3,0.04666666666666667
5007,candidate_2,candidate_3,candidate_1,3,0.04666666666666667
5008,candidate_2,candidate_3,candidate_1,3,0.04666666666666667
5009,candidate_2,candidate_3,0,3,0.04666666666666667
5010,candidate_2,candidate_3,candidate_1,3,0.04666666666666667
5011,candidate_2,candidate_3,candidate_1,3,0.04666666666666667
5012,candidate_2,candidate_3,candidate_1,3,0.04666666666666667
5013,candidate_2,candidate_3,0,3,0.04666666666666667
5014,candidate_2,candidate_3,candidate_1,3,0.04666666666666667
5015,candidate_2,candidate_3,candidate_1,3,0.04666666666666667
5016,candidate_2,candidate_3,0,3,0.04666666666666667
5017,candidate_2,candidate_3,candidate_1,3,0.04666666666666667
5018,candidate_2,candidate_3,candidate_1,3,0.04666666666666667
5019,candidate_2,candidate_3,candidate_1,3,0.04666666666666667
5020,candidate_2,candidate_3,candidate_1,3,0.04666666666666667
5021,candidate_2,candidate_3,candidate_1,3,0.04666666666666667
5022,candidate_2,candidate_3,candidate_1,3,0.04666666666666667
5023,candidate_2,candidate_3,0,3,0.04666666666666667
5024,candidate_2,candidate_3,candidate_1,3,0.04666666666666667
5025,candidate_2,candidate_3,candidate_1,3,0.04666666666666667
5026,candidate_2,candidate_3,candidate_1,3,0.04666666666666667
5027,candidate_2,candidate_3,0,3,0.04666666666666667
5028,candidate_2,candidate_3,candidate_1,3,0.04666666666666667
5029,candidate_2,candidate_3,candidate_1,3,0.04666666666666667
5030,candidate_2,candidate_3,candidate_1,3,0.04666666666666667
5031,candidate_2,candidate_3,candidate_1,3,0.04666666666666667
5032,candidate_2,candidate_3,candidate_1,3,0.04666666666666667
5033,candidate_2,0,candidate_1,3,0.04666666666666667
5034,0,candidate_3,candidate_1,3,0.04666666666666667
5035,candidate_2,candidate_3,candidate_1,3,0.04666666666666667
5036,candidate_2,candidate_3,candidate_1,3,0.04666666666666667
5037,candidate_2,candidate_3,0,3,0.04666666666666667
5038,candidate_2,candidate_3,candidate_1,3,0.04666666666666667
5039,candidate_2,candidate_3,candidate_1,3,0.04666666666666667
5040,candidate_2,candidate_3,0,3,0.04666666666666667
5041,0,candidate_3,candidate_1,3,0.04666666666666667
5042,candidate_2,0,0,3,0.04666666666666667
5043,candidate_2,candidate_3,candidate_1,3,0.04666666666666667
5044,candidate_2,candidate_3,candidate_1,3,0.04666666666666667
5045,candidate_2,candidate_3,candidate_1,3,0.04666666666666667
5046,candidate_2,candidate_3,candidate_1,3,0.04666666666666667
5047,candidate_2,candidate_3,candidate_1,3,0.04666666666666667
5048,candidate_2,candidate_3,candidate_1,3,0.04666666666666667
5049,candidate_2,candidate_3,candidate_1,3,0.04666666666666667
5050,candidate_2,candidate_3,candidate_1,3,0.04666666666666667
5051,candidate_2,candidate_3,candidate_1,3,0.04666666666666667
5052,candidate_2,candidate_3,candidate_1,3,0.04666666666666667
5053,candidate_2,candidate_3,candidate_1,3,0.04666666666666667
5054,candidate_2,candidate_3,candidate_1,3,0.04666666666666667
5055,candidate_2,candidate_3,candidate_1,3,0.04666666666666667
5056,candidate_2,candidate_3,candidate_1,3,0.04666666666666667
5057,candidate_2,candidate_3,candidate_1,3,0.04666666666666667
5058,candidate_2,candidate_3,candidate_1,3,0.04666666666666667
5059,candidate_2,candidate_3,candidate_1,3,0.04666666666666667
5060,candidate_2,candidate_3,0,3,0.04666666666666667
5061,candidate_2,0,candidate_1,3,0.04666666666666667
5062,candidate_2,candidate_3,candidate_1,3,0.04666666666666667
5063,candidate_2,candidate_3,candidate_1,3,0.04666666666666667
5064,candidate_2,candidate_3,candidate_1,3,0.04666666666666667
5065,candidate_2,candidate_3,candidate_1,3,0.04666666666666667
5066,candidate_2,candidate_3,candidate_1,3,0.04666666666666667
5067,candidate_2,candidate_3,candidate_1,3,0.04666666666666667
5068,candidate_2,candidate_3,candidate_1,3,0.04666666666666667
5069,candidate_2,candidate_3,candidate_1,3,0.04666666666666667
5070,candidate_2,candidate_3,candidate_1,3,0.04666666666666667
5071,candidate_2,candidate_3,candidate_1,3,0.04666666666666667
5072,candidate_2,candidate_3,candidate_1,3,0.04666666666666667
5073,candidate_2,candidate_3,candidate_1,3,0.04666666666666667
5074,candidate_2,candidate_3,candidate_1,3,0.04666666666666667
5075,candidate_2,candidate_3,candidate_1,3,0.04666666666666667
5076,candidate_2,candidate_3,candidate_1,3,0.04666666666666667
5077,candidate_2,candidate_3,candidate_1,3,0.04666666666666667
5078,candidate_2,candidate_3,candidate_1,3,0.04666666666666667
5079,candidate_2,candidate_3,candidate_1,3,0.04666666666666667
5080,candidate_2,candidate_3,candidate_1,3,0.04666666666666667
5081,candidate_2,candidate_3,candidate_1,3,0.04666666666666667
5082,0,candidate_3,candidate_1,3,0.04666666666666667
5083,candidate_2,candidate_3,candidate_1,3,0.04666666666666667
5084,candidate_2,candidate_3,candidate_1,3,0.04666666666666667
5085,0,candidate_3,0,3,0.04666666666666667
5086,candidate_2,candidate_3,candidate_1,3,0.04666666666666667
5087,candidate_2,candidate_3,candidate_1,3,0.04666666666666667
5088,candidate_2,0,candidate_1,3,0.04666666666666667
5089,candidate_2,candidate_3,candidate_1,3,0.04666666666666667
5090,candidate_2,candidate_3,candidate_1,3,0.04666666666666667
5091,candidate_2,candidate_3,candidate_1,3,0.04666666666666667
5092,0,candidate_3,candidate_1,3,0.04666666666666667
5093,candidate_2,candidate_3,candidate_1,3,0.04666666666666667
5094,candidate_2,candidate_3,candidate_1,3,0.04666666666666667
5095,candidate_2,candidate_3,candidate_1,3,0.04666666666666667
5096,0,candidate_3,candidate_1,3,0.04666666666666667
5097,candidate_2,candidate_3,candidate_1,3,0.04666666666666667
5098,candidate_2,candidate_3,candidate_1,3,0.04666666666666667
5099,candidate_2,candidate_3,candidate_1,3,0.04666666666666667
5100,candidate_2,candidate_3,candidate_1,3,0.04666666666666667
5101,candidate_2,candidate_3,candidate_1,3,0.04666666666666667
5102,candidate_2,candidate_3,0,3,0.04666666666666667
5103,candidate_2,candidate_3,candidate_1,3,0.04666666666666667
5104,candidate_2,candidate_3,candidate_1,3,0.04666666666666667
5105,candidate_2,candidate_3,candidate_1,3,0.04666666666666667
5106,candidate_2,candidate_3,candidate_1,3,0.04666666666666667
5107,candidate_2,candidate_3,candidate_1,3,0.04666666666666667
5108,candidate_2,candidate_3,candidate_1,3,0.04666666666666667
5109,candidate_2,candidate_3,candidate_1,3,0.04666666666666667
5110,candidate_2,candidate_3,0,3,0.04666666666666667
5111,candidate_2,candidate_3,candidate_1,3,0.04666666666666667
5112,candidate_2,candidate_3,0,3,0.04666666666666667
5113,candidate_2,candidate_3,candidate_1,3,0.04666666666666667
5114,candidate_2,candidate_3,candidate_1,3,0.04666666666666667
5115,candidate_2,candidate_3,candidate_1,3,0.04666666666666667
5116,candidate_2,candidate_3,candidate_1,3,0.04666666666666667
5117,candidate_2,candidate_3,candidate_1,3,0.04666666666666667
5118,candidate_2,candidate_3,candidate_1,3,0.04666666666666667
5119,candidate_2,candidate_3,candidate_1,3,0.04666666666666667
5120,candidate_2,candidate_3,candidate_1,3,0.04666666666666667
5121,candidate_2,candidate_3,candidate_1,3,0.04666666666666667
5122,candidate_2,candidate_3,candidate_1,3,0.04666666666666667
5123,candidate_2,candidate_3,candidate_1,3,0.04666666666666667
5124,candidate_2,candidate_3,candidate_1,3,0.04666666666666667
5125,candidate_2,candidate_3,candidate_1,3,0.04666666666666667
5126,candidate_2,candidate_3,candidate_1,3,0.04666666666666667
5127,candidate_2,candidate_3,candidate_1,3,0.04666666666666667
5128,candidate_2,candidate_3,candidate_1,3,0.04666666666666667
5129,candidate_2,candidate_3,candidate_1,3,0.04666666666666667
5130,candidate_2,candidate_3,candidate_1,3,0.04666666666666667
5131,candidate_2,candidate_3,candidate_1,3,0.04666666666666667
5132,candidate_2,candidate_3,candidate_1,3,0.04666666666666667
5133,candidate_2,candidate_3,candidate_1,3,0.04666666666666667
5134,candidate_2,candidate_3,candidate_1,3,0.04666666666666667
5135,candidate_2,candidate_3,candidate_1,3,0.04666666666666667
5136,candidate_2,candidate_3,candidate_1,3,0.04666666666666667
5137,candidate_2,candidate_3,candidate_1,3,0.04666666666666667
5138,candidate_2,candidate_3,candidate_1,3,0.04666666666666667
5139,candidate_2,candidate_3,candidate_1,3,0.04666666666666667
5140,candidate_2,candidate_3,candidate_1,3,0.04666666666666667
5141,candidate_2,candidate_3,candidate_1,3,0.04666666666666667
5142,candidate_2,candidate_3,candidate_1,3,0.04666666666666667
5143,candidate_2,candidate_3,candidate_1,3,0.04666666666666667
5144,0,candidate_3,candidate_1,3,0.04666666666666667
5145,candidate_2,candidate_3,candidate_1,3,0.04666666666666667
5146,candidate_2,candidate_3,candidate_1,3,0.04666666666666667
5147,candidate_2,candidate_3,candidate_1,3,0.04666666666666667
5148,candidate_2,candidate_3,candidate_1,3,0.04666666666666667
5149,candidate_2,candidate_3,0,3,0.04666666666666667
5150,candidate_2,candidate_3,candidate_1,3,0.04666666666666667
5151,0,candidate_3,candidate_1,3,0.04666666666666667
5152,candidate_2,candidate_3,candidate_1,3,0.04666666666666667
5153,candidate_2,candidate_3,0,3,0.04666666666666667
5154,candidate_2,candidate_3,candidate_1,3,0.04666666666666667
5155,candidate_2,candidate_3,candidate_1,3,0.04666666666666667
5156,candidate_2,candidate_3,candidate_1,3,0.04666666666666667
5157,candidate_2,candidate_3,candidate_1,3,0.04666666666666667
5158,candidate_2,candidate_3,candidate_1,3,0.04666666666666667
5159,candidate_2,candidate_3,candidate_1,3,0.04666666666666667
5160,candidate_2,candidate_3,candidate_1,3,0.04666666666666667
5161,candidate_2,candidate_3,candidate_1,3,0.04666666666666667
5162,candidate_2,candidate_3,candidate_1,3,0.04666666666666667
5163,candidate_2,candidate_3,candidate_1,3,0.04666666666666667
5164,candidate_2,candidate_3,0,3,0.04666666666666667
5165,candidate_2,candidate_3,0,3,0.04666666666666667
5166,candidate_2,candidate_3,candidate_1,3,0.04666666666666667
5167,candidate_2,candidate_3,candidate_1,3,0.04666666666666667
5168,candidate_2,candidate_3,candidate_1,3,0.04666666666666667
5169,candidate_2,candidate_3,candidate_1,3,0.04666666666666667
5170,candidate_2,candidate_3,candidate_1,3,0.04666666666666667
5171,candidate_2,candidate_3,candidate_1,3,0.04666666666666667
5172,candidate_2,candidate_3,candidate_1,3,0.04666666666666667
5173,candidate_2,candidate_3,candidate_1,3,0.04666666666666667
5174,candidate_2,candidate_3,0,3,0.04666666666666667
5175,0,candidate_3,candidate_1,3,0.04666666666666667
5176,candidate_2,candidate_3,candidate_1,3,0.04666666666666667
5177,0,0,candidate_1,3,0.04666666666666667
5178,candidate_2,candidate_3,candidate_1,3,0.04666666666666667
5179,candidate_2,candidate_3,candidate_1,3,0.04666666666666667
5180,candidate_2,candidate_3,candidate_1,3,0.04666666666666667
5181,candidate_2,candidate_3,candidate_1,3,0.04666666666666667
5182,candidate_2,candidate_3,candidate_1,3,0.04666666666666667
5183,candidate_2,candidate_3,candidate_1,3,0.04666666666666667
5184,candidate_2,candidate_3,candidate_1,3,0.04666666666666667
5185,candidate_2,candidate_3,candidate_1,3,0.04666666666666667
5186,candidate_2,candidate_3,candidate_1,3,0.04666666666666667
5187,candidate_2,candidate_3,candidate_1,3,0.04666666666666667
5188,candidate_2,candidate_3,candidate_1,3,0.04666666666666667
5189,candidate_2,candidate_3,candidate_1,3,0.04666666666666667
5190,candidate_2,candidate_3,candidate_1,3,0.04666666666666667
5191,candidate_2,candidate_3,candidate_1,3,0.04666666666666667
5192,candidate_2,candidate_3,candidate_1,3,0.04666666666666667
5193,candidate_2,candidate_3,candidate_1,3,0.04666666666666667
5194,candidate_2,candidate_3,candidate_1,3,0.04666666666666667
5195,candidate_2,candidate_3,candidate_1,3,0.04666666666666667
5196,candidate_2,candidate_3,candidate_1,3,0.04666666666666667
5197,candidate_2,candidate_3,candidate_1,3,0.04666666666666667
5198,candidate_2,candidate_3,candidate_1,3,0.04666666666666667
5199,candidate_2,candidate_3,0,3,0.04666666666666667
5200,candidate_2,candidate_3,candidate_1,3,0.04666666666666667
5201,candidate_2,candidate_3,candidate_1,3,0.04666666666666667
5202,candidate_2,candidate_3,candidate_1,3,0.04666666666666667
5203,candidate_2,candidate_3,candidate_1,3,0.04666666666666667
5204,candidate_2,candidate_3,candidate_1,3,0.04666666666666667
5205,candidate_2,candidate_3,candidate_1,3,0.04666666666666667
5206,candidate_2,candidate_3,candidate_1,3,0.04666666666666667
5207,candidate_2,candidate_3,candidate_1,3,0.04666666666666667
5208,candidate_2,candidate_3,candidate_1,3,0.04666666666666667
5209,candidate_2,candidate_3,candidate_1,3,0.04666666666666667
5210,candidate_2,candidate_3,0,3,0.04666666666666667
5211,candidate_2,candidate_3,candidate_1,3,0.04666666666666667
5212,candidate_2,candidate_3,candidate_1,3,0.04666666666666667
5213,candidate_2,candidate_3,candidate_1,3,0.04666666666666667
5214,candidate_2,candidate_3,candidate_1,3,0.04666666666666667
5215,candidate_2,candidate_3,candidate_1,3,0.04666666666666667
5216,candidate_2,candidate_3,candidate_1,3,0.04666666666666667
5217,candidate_2,candidate_3,candidate_1,3,0.04666666666666667
5218,candidate_2,candidate_3,candidate_1,3,0.04666666666666667
5219,candidate_2,candidate_3,candidate_1,3,0.04666666666666667
5220,candidate_2,candidate_3,candidate_1,3,0.04666666666666667
5221,candidate_2,candidate_3,candidate_1,3,0.04666666666666667
5222,candidate_2,0,candidate_1,3,0.04666666666666667
5223,candidate_2,candidate_3,candidate_1,3,0.04666666666666667
5224,candidate_2,candidate_3,candidate_1,3,0.04666666666666667
5225,candidate_2,candidate_3,candidate_1,3,0.04666666666666667
5226,candidate_2,candidate_3,candidate_1,3,0.04666666666666667
5227,candidate_2,candidate_3,candidate_1,3,0.04666666666666667
5228,candidate_2,candidate_3,candidate_1,3,0.04666666666666667
5229,candidate_2,candidate_3,candidate_1,3,0.04666666666666667
5230,candidate_2,candidate_3,candidate_1,3,0.04666666666666667
5231,candidate_2,candidate_3,0,3,0.04666666666666667
5232,candidate_2,candidate_3,candidate_1,3,0.04666666666666667
5233,candidate_2,candidate_3,candidate_1,3,0.04666666666666667
5234,candidate_2,candidate_3,candidate_1,3,0.04666666666666667
5235,candidate_2,candidate_3,candidate_1,3,0.04666666666666667
5236,candidate_2,0,candidate_1,3,0.04666666666666667
5237,candidate_2,candidate_3,candidate_1,3,0.04666666666666667
5238,candidate_2,candidate_3,0,3,0.04666666666666667
5239,candidate_2,candidate_3,candidate_1,3,0.04666666666666667
5240,candidate_2,candidate_3,candidate_1,3,0.04666666666666667
5241,candidate_2,candidate_3,candidate_1,3,0.04666666666666667
5242,candidate_2,candidate_3,candidate_1,3,0.04666666666666667
5243,candidate_2,candidate_3,candidate_1,3,0.04666666666666667
5244,candidate_2,candidate_3,candidate_1,3,0.04666666666666667
5245,candidate_2,candidate_3,candidate_1,3,0.04666666666666667
5246,candidate_2,candidate_3,0,3,0.04666666666666667
5247,candidate_2,candidate_3,candidate_1,3,0.04666666666666667
5248,candidate_2,candidate_3,candidate_1,3,0.04666666666666667
5249,candidate_2,candidate_3,candidate_1,3,0.04666666666666667
5250,candidate_2,candidate_3,0,3,0.04666666666666667
5251,candidate_2,candidate_3,candidate_1,3,0.04666666666666667
5252,candidate_2,candidate_3,0,3,0.04666666666666667
5253,candidate_2,candidate_3,candidate_1,3,0.04666666666666667
5254,0,candidate_3,candidate_1,3,0.04666666666666667
5255,candidate_2,candidate_3,candidate_1,3,0.04666666666666667
5256,candidate_2,candidate_3,candidate_1,3,0.04666666666666667
5257,candidate_2,candidate_3,candidate_1,3,0.04666666666666667
5258,candidate_2,candidate_3,candidate_1,3,0.04666666666666667
5259,candidate_2,candidate_3,candidate_1,3,0.04666666666666667
5260,candidate_2,candidate_3,candidate_1,3,0.04666666666666667
5261,candidate_2,candidate_3,candidate_1,3,0.04666666666666667
5262,candidate_2,candidate_3,candidate_1,3,0.04666666666666667
5263,candidate_2,candidate_3,candidate_1,3,0.04666666666666667
5264,candidate_2,candidate_3,candidate_1,3,0.04666666666666667
5265,candidate_2,candidate_3,0,3,0.04666666666666667
5266,candidate_2,candidate_3,0,3,0.04666666666666667
5267,candidate_2,candidate_3,candidate_1,3,0.04666666666666667
5268,candidate_2,candidate_3,candidate_1,3,0.04666666666666667
5269,candidate_2,candidate_3,candidate_1,3,0.04666666666666667
5270,candidate_2,candidate_3,candidate_1,3,0.04666666666666667
5271,candidate_2,candidate_3,candidate_1,3,0.04666666666666667
5272,candidate_2,candidate_3,candidate_1,3,0.04666666666666667
5273,candidate_2,candidate_3,candidate_1,3,0.04666666666666667
5274,candidate_2,candidate_3,candidate_1,3,0.04666666666666667
5275,candidate_2,candidate_3,candidate_1,3,0.04666666666666667
5276,candidate_2,candidate_3,candidate_1,3,0.04666666666666667
5277,candidate_2,candidate_3,candidate_1,3,0.04666666666666667
5278,candidate_2,candidate_3,candidate_1,3,0.04666666666666667
5279,candidate_2,candidate_3,candidate_1,3,0.04666666666666667
5280,candidate_2,candidate_3,candidate_1,3,0.04666666666666667
5281,candidate_2,candidate_3,candidate_1,3,0.04666666666666667
5282,candidate_2,candidate_3,candidate_1,3,0.04666666666666667
5283,candidate_2,candidate_3,candidate_1,3,0.04666666666666667
5284,candidate_2,0,candidate_1,3,0.04666666666666667
5285,candidate_2,candidate_3,candidate_1,3,0.04666666666666667
5286,candidate_2,candidate_3,candidate_1,3,0.04666666666666667
5287,candidate_2,candidate_3,candidate_1,3,0.04666666666666667
5288,candidate_2,candidate_3,candidate_1,3,0.04666666666666667
5289,candidate_2,candidate_3,candidate_1,3,0.04666666666666667
5290,0,candidate_3,candidate_1,3,0.04666666666666667
5291,candidate_2,candidate_3,candidate_1,3,0.04666666666666667
5292,candidate_2,candidate_3,candidate_1,3,0.04666666666666667
5293,candidate_2,candidate_3,candidate_1,3,0.04666666666666667
5294,candidate_2,candidate_3,candidate_1,3,0.04666666666666667
5295,candidate_2,candidate_3,candidate_1,3,0.04666666666666667
5296,candidate_2,candidate_3,candidate_1,3,0.04666666666666667
5297,candidate_2,candidate_3,candidate_1,3,0.04666666666666667
5298,candidate_2,candidate_3,candidate_1,3,0.04666666666666667
5299,candidate_2,candidate_3,candidate_1,3,0.04666666666666667
5300,candidate_2,candidate_3,candidate_1,3,0.04666666666666667
5301,candidate_2,candidate_3,candidate_1,3,0.04666666666666667
5302,candidate_2,candidate_3,candidate_1,3,0.04666666666666667
5303,candidate_2,candidate_3,0,3,0.04666666666666667
5304,candidate_2,candidate_3,candidate_1,3,0.04666666666666667
5305,candidate_2,candidate_3,candidate_1,3,0.04666666666666667
5306,candidate_2,0,candidate_1,3,0.04666666666666667
5307,candidate_2,candidate_3,candidate_1,3,0.04666666666666667
5308,candidate_2,candidate_3,candidate_1,3,0.04666666666666667
5309,candidate_2,candidate_3,candidate_1,3,0.04666666666666667
5310,0,candidate_3,candidate_1,3,0.04666666666666667
5311,0,candidate_3,candidate_1,3,0.04666666666666667
5312,candidate_2,candidate_3,candidate_1,3,0.04666666666666667
5313,candidate_2,0,candidate_1,3,0.04666666666666667
5314,candidate_2,candidate_3,candidate_1,3,0.04666666666666667
5315,candidate_2,candidate_3,candidate_1,3,0.04666666666666667
5316,candidate_2,candidate_3,candidate_1,3,0.04666666666666667
5317,candidate_2,candidate_3,0,3,0.04666666666666667
5318,candidate_2,candidate_3,candidate_1,3,0.04666666666666667
5319,candidate_2,candidate_3,candidate_1,3,0.04666666666666667
5320,candidate_2,candidate_3,candidate_1,3,0.04666666666666667
5321,candidate_2,candidate_3,candidate_1,3,0.04666666666666667
5322,candidate_2,candidate_3,candidate_1,3,0.04666666666666667
5323,candidate_2,candidate_3,candidate_1,3,0.04666666666666667
5324,candidate_2,candidate_3,candidate_1,3,0.04666666666666667
5325,candidate_2,candidate_3,candidate_1,3,0.04666666666666667
5326,candidate_2,candidate_3,candidate_1,3,0.04666666666666667
5327,candidate_2,candidate_3,candidate_1,3,0.04666666666666667
5328,candidate_2,candidate_3,candidate_1,3,0.04666666666666667
5329,candidate_2,candidate_3,candidate_1,3,0.04666666666666667
5330,candidate_2,candidate_3,candidate_1,3,0.04666666666666667
5331,candidate_2,candidate_3,candidate_1,3,0.04666666666666667
5332,candidate_2,candidate_3,candidate_1,3,0.04666666666666667
5333,candidate_2,candidate_3,candidate_1,3,0.04666666666666667
5334,candidate_2,candidate_3,candidate_1,3,0.04666666666666667
5335,candidate_2,candidate_3,candidate_1,3,0.04666666666666667
5336,candidate_2,candidate_3,candidate_1,3,0.04666666666666667
5337,candidate_2,candidate_3,candidate_1,3,0.04666666666666667
5338,candidate_2,candidate_3,candidate_1,3,0.04666666666666667
5339,candidate_2,candidate_3,0,3,0.04666666666666667
5340,candidate_2,candidate_3,0,3,0.04666666666666667
5341,candidate_2,candidate_3,candidate_1,3,0.04666666666666667
5342,candidate_2,candidate_3,candidate_1,3,0.04666666666666667
5343,candidate_2,candidate_3,candidate_1,3,0.04666666666666667
5344,candidate_2,candidate_3,candidate_1,3,0.04666666666666667
5345,0,candidate_3,candidate_1,3,0.04666666666666667
5346,candidate_2,candidate_3,candidate_1,3,0.04666666666666667
5347,candidate_2,candidate_3,candidate_1,3,0.04666666666666667
5348,candidate_2,candidate_3,candidate_1,3,0.04666666666666667
5349,candidate_2,candidate_3,candidate_1,3,0.04666666666666667
5350,candidate_2,candidate_3,candidate_1,3,0.04666666666666667
5351,candidate_2,candidate_3,candidate_1,3,0.04666666666666667
5352,candidate_2,candidate_3,candidate_1,3,0.04666666666666667
5353,candidate_2,candidate_3,candidate_1,3,0.04666666666666667
5354,candidate_2,candidate_3,candidate_1,3,0.04666666666666667
5355,candidate_2,candidate_3,candidate_1,3,0.04666666666666667
5356,0,candidate_3,0,3,0.04666666666666667
5357,candidate_2,candidate_3,0,3,0.04666666666666667
5358,candidate_2,candidate_3,candidate_1,3,0.04666666666666667
5359,candidate_2,candidate_3,candidate_1,3,0.04666666666666667
5360,candidate_2,candidate_3,candidate_1,3,0.04666666666666667
5361,candidate_2,candidate_3,candidate_1,3,0.04666666666666667
5362,candidate_2,candidate_3,candidate_1,3,0.04666666666666667
5363,0,candidate_3,candidate_1,3,0.04666666666666667
5364,candidate_2,candidate_3,candidate_1,3,0.04666666666666667
5365,candidate_2,candidate_3,candidate_1,3,0.04666666666666667
5366,candidate_2,0,candidate_1,3,0.04666666666666667
5367,candidate_2,candidate_3,candidate_1,3,0.04666666666666667
5368,candidate_2,candidate_3,candidate_1,3,0.04666666666666667
5369,candidate_2,candidate_3,candidate_1,3,0.04666666666666667
5370,candidate_2,candidate_3,candidate_1,3,0.04666666666666667
5371,candidate_2,candidate_3,candidate_1,3,0.04666666666666667
5372,candidate_2,candidate_3,candidate_1,3,0.04666666666666667
5373,0,candidate_3,candidate_1,3,0.04666666666666667
5374,candidate_2,0,candidate_1,3,0.04666666666666667
5375,candidate_2,candidate_3,candidate_1,3,0.04666666666666667
5376,candidate_2,candidate_3,candidate_1,3,0.04666666666666667
5377,candidate_2,candidate_3,candidate_1,3,0.04666666666666667
5378,candidate_2,candidate_3,candidate_1,3,0.04666666666666667
5379,candidate_2,candidate_3,candidate_1,3,0.04666666666666667
5380,0,candidate_3,candidate_1,3,0.04666666666666667
5381,candidate_2,candidate_3,candidate_1,3,0.04666666666666667
5382,candidate_2,candidate_3,candidate_1,3,0.04666666666666667
5383,candidate_2,candidate_3,candidate_1,3,0.04666666666666667
5384,candidate_2,candidate_3,candidate_1,3,0.04666666666666667
5385,candidate_2,candidate_3,candidate_1,3,0.04666666666666667
5386,candidate_2,candidate_3,candidate_1,3,0.04666666666666667
5387,candidate_2,candidate_3,candidate_1,3,0.04666666666666667
5388,candidate_2,candidate_3,candidate_1,3,0.04666666666666667
5389,candidate_2,candidate_3,candidate_1,3,0.04666666666666667
5390,candidate_2,candidate_3,candidate_1,3,0.04666666666666667
5391,candidate_2,candidate_3,candidate_1,3,0.04666666666666667
5392,candidate_2,candidate_3,candidate_1,3,0.04666666666666667
5393,candidate_2,candidate_3,candidate_1,3,0.04666666666666667
5394,candidate_2,candidate_3,candidate_1,3,0.04666666666666667
5395,candidate_2,candidate_3,candidate_1,3,0.04666666666666667
5396,candidate_2,candidate_3,candidate_1,3,0.04666666666666667
5397,candidate_2,candidate_3,candidate_1,3,0.04666666666666667
5398,candidate_2,candidate_3,candidate_1,3,0.04666666666666667
5399,candidate_2,candidate_3,candidate_1,3,0.04666666666666667
5400,candidate_2,candidate_3,candidate_1,3,0.04666666666666667
5401,candidate_2,0,candidate_1,3,0.04666666666666667
5402,candidate_2,candidate_3,candidate_1,3,0.04666666666666667
5403,0,candidate_3,candidate_1,3,0.04666666666666667
5404,0,candidate_3,candidate_1,3,0.04666666666666667
5405,candidate_2,candidate_3,candidate_1,3,0.04666666666666667
5406,candidate_2,candidate_3,candidate_1,3,0.04666666666666667
5407,candidate_2,candidate_3,candidate_1,3,0.04666666666666667
5408,candidate_2,candidate_3,candidate_1,3,0.04666666666666667
5409,candidate_2,candidate_3,candidate_1,3,0.04666666666666667
5410,candidate_2,0,candidate_1,3,0.04666666666666667
5411,candidate_2,candidate_3,candidate_1,3,0.04666666666666667
5412,candidate_2,candidate_3,candidate_1,3,0.04666666666666667
5413,candidate_2,candidate_3,candidate_1,3,0.04666666666666667
5414,candidate_2,candidate_3,candidate_1,3,0.04666666666666667
5415,candidate_2,candidate_3,candidate_1,3,0.04666666666666667
5416,candidate_2,candidate_3,candidate_1,3,0.04666666666666667
5417,candidate_2,candidate_3,candidate_1,3,0.04666666666666667
5418,candidate_2,candidate_3,candidate_1,3,0.04666666666666667
5419,candidate_2,candidate_3,candidate_1,3,0.04666666666666667
5420,candidate_2,candidate_3,candidate_1,3,0.04666666666666667
5421,candidate_2,candidate_3,candidate_1,3,0.04666666666666667
5422,candidate_2,candidate_3,candidate_1,3,0.04666666666666667
5423,candidate_2,candidate_3,candidate_1,3,0.04666666666666667
5424,candidate_2,candidate_3,candidate_1,3,0.04666666666666667
5425,candidate_2,candidate_3,candidate_1,3,0.04666666666666667
5426,candidate_2,candidate_3,candidate_1,3,0.04666666666666667
5427,candidate_2,candidate_3,candidate_1,3,0.04666666666666667
5428,0,candidate_3,candidate_1,3,0.04666666666666667
5429,candidate_2,candidate_3,candidate_1,3,0.04666666666666667
5430,candidate_2,candidate_3,candidate_1,3,0.04666666666666667
5431,0,candidate_3,candidate_1,3,0.04666666666666667
5432,candidate_2,candidate_3,candidate_1,3,0.04666666666666667
5433,candidate_2,candidate_3,candidate_1,3,0.04666666666666667
5434,candidate_2,candidate_3,candidate_1,3,0.04666666666666667
5435,candidate_2,candidate_3,candidate_1,3,0.04666666666666667
5436,candidate_2,candidate_3,candidate_1,3,0.04666666666666667
5437,candidate_2,candidate_3,candidate_1,3,0.04666666666666667
5438,candidate_2,candidate_3,candidate_1,3,0.04666666666666667
5439,candidate_2,0,candidate_1,3,0.04666666666666667
5440,candidate_2,candidate_3,candidate_1,3,0.04666666666666667
5441,candidate_2,candidate_3,candidate_1,3,0.04666666666666667
5442,candidate_2,candidate_3,candidate_1,3,0.04666666666666667
5443,candidate_2,candidate_3,candidate_1,3,0.04666666666666667
5444,candidate_2,candidate_3,candidate_1,3,0.04666666666666667
5445,candidate_2,candidate_3,candidate_1,3,0.04666666666666667
5446,candidate_2,candidate_3,candidate_1,3,0.04666666666666667
5447,candidate_2,candidate_3,candidate_1,3,0.04666666666666667
5448,candidate_2,candidate_3,0,3,0.04666666666666667
5449,candidate_2,candidate_3,candidate_1,3,0.04666666666666667
5450,candidate_2,candidate_3,candidate_1,3,0.04666666666666667
5451,candidate_2,candidate_3,0,3,0.04666666666666667
5452,candidate_2,candidate_3,candidate_1,3,0.04666666666666667
5453,candidate_2,candidate_3,candidate_1,3,0.04666666666666667
5454,candidate_2,candidate_3,candidate_1,3,0.04666666666666667
5455,candidate_2,candidate_3,candidate_1,3,0.04666666666666667
5456,0,candidate_3,0,3,0.04666666666666667
5457,candidate_2,candidate_3,candidate_1,3,0.04666666666666667
5458,candidate_2,candidate_3,candidate_1,3,0.04666666666666667
5459,candidate_2,candidate_3,candidate_1,3,0.04666666666666667
5460,candidate_2,0,candidate_1,3,0.04666666666666667
5461,candidate_2,candidate_3,candidate_1,3,0.04666666666666667
5462,candidate_2,candidate_3,candidate_1,3,0.04666666666666667
5463,0,candidate_3,candidate_1,3,0.04666666666666667
5464,candidate_2,candidate_3,candidate_1,3,0.04666666666666667
5465,candidate_2,candidate_3,candidate_1,3,0.04666666666666667
5466,candidate_2,candidate_3,candidate_1,3,0.04666666666666667
5467,candidate_2,candidate_3,candidate_1,3,0.04666666666666667
5468,candidate_2,candidate_3,candidate_1,3,0.04666666666666667
5469,candidate_2,candidate_3,candidate_1,3,0.04666666666666667
5470,candidate_2,candidate_3,candidate_1,3,0.04666666666666667
5471,candidate_2,candidate_3,candidate_1,3,0.04666666666666667
5472,candidate_2,candidate_3,candidate_1,3,0.04666666666666667
5473,candidate_2,candidate_3,candidate_1,3,0.04666666666666667
5474,candidate_2,candidate_3,candidate_1,3,0.04666666666666667
5475,candidate_2,candidate_3,candidate_1,3,0.04666666666666667
5476,candidate_2,candidate_3,candidate_1,3,0.04666666666666667
5477,candidate_2,candidate_3,candidate_1,3,0.04666666666666667
5478,candidate_2,candidate_3,candidate_1,3,0.04666666666666667
5479,candidate_2,candidate_3,candidate_1,3,0.04666666666666667
5480,candidate_2,candidate_3,candidate_1,3,0.04666666666666667
5481,candidate_2,candidate_3,candidate_1,3,0.04666666666666667
5482,0,0,candidate_1,3,0.04666666666666667
5483,candidate_2,candidate_3,candidate_1,3,0.04666666666666667
5484,candidate_2,candidate_3,candidate_1,3,0.04666666666666667
5485,candidate_2,candidate_3,candidate_1,3,0.04666666666666667
5486,candidate_2,candidate_3,candidate_1,3,0.04666666666666667
5487,candidate_2,candidate_3,candidate_1,3,0.04666666666666667
5488,candidate_2,candidate_3,candidate_1,3,0.04666666666666667
5489,candidate_2,candidate_3,candidate_1,3,0.04666666666666667
5490,candidate_2,candidate_3,candidate_1,3,0.04666666666666667
5491,candidate_2,candidate_3,candidate_1,3,0.04666666666666667
5492,candidate_2,candidate_3,candidate_1,3,0.04666666666666667
5493,candidate_2,candidate_3,candidate_1,3,0.04666666666666667
5494,candidate_2,candidate_3,candidate_1,3,0.04666666666666667
5495,candidate_2,candidate_3,candidate_1,3,0.04666666666666667
5496,candidate_2,candidate_3,candidate_1,3,0.04666666666666667
5497,candidate_2,candidate_3,candidate_1,3,0.04666666666666667
5498,0,candidate_3,candidate_1,3,0.04666666666666667
5499,candidate_2,candidate_3,candidate_1,3,0.04666666666666667
5500,candidate_2,candidate_3,candidate_1,3,0.04666666666666667
5501,candidate_2,candidate_3,candidate_1,3,0.04666666666666667
5502,candidate_2,candidate_3,candidate_1,3,0.04666666666666667
5503,candidate_2,candidate_3,candidate_1,3,0.04666666666666667
5504,candidate_2,candidate_3,candidate_1,3,0.04666666666666667
5505,candidate_2,0,candidate_1,3,0.04666666666666667
5506,candidate_2,candidate_3,candidate_1,3,0.04666666666666667
5507,candidate_2,0,candidate_1,3,0.04666666666666667
5508,candidate_2,candidate_3,candidate_1,3,0.04666666666666667
5509,candidate_2,candidate_3,candidate_1,3,0.04666666666666667
5510,candidate_2,candidate_3,0,3,0.04666666666666667
5511,candidate_2,candidate_3,candidate_1,3,0.04666666666666667
5512,candidate_2,candidate_3,candidate_1,3,0.04666666666666667
5513,candidate_2,candidate_3,candidate_1,3,0.04666666666666667
5514,candidate_2,candidate_3,candidate_1,3,0.04666666666666667
5515,candidate_2,candidate_3,candidate_1,3,0.04666666666666667
5516,candidate_2,candidate_3,candidate_1,3,0.04666666666666667
5517,candidate_2,candidate_3,candidate_1,3,0.04666666666666667
5518,0,candidate_3,candidate_1,3,0.04666666666666667
5519,candidate_2,candidate_3,candidate_1,3,0.04666666666666667
5520,candidate_2,candidate_3,candidate_1,3,0.04666666666666667
5521,candidate_2,candidate_3,candidate_1,3,0.04666666666666667
5522,candidate_2,candidate_3,candidate_1,3,0.04666666666666667
5523,candidate_2,candidate_3,candidate_1,3,0.04666666666666667
5524,candidate_2,candidate_3,candidate_1,3,0.04666666666666667
5525,candidate_2,candidate_3,candidate_1,3,0.04666666666666667
5526,candidate_2,candidate_3,candidate_1,3,0.04666666666666667
5527,candidate_2,candidate_3,candidate_1,3,0.04666666666666667
5528,candidate_2,candidate_3,candidate_1,3,0.04666666666666667
5529,candidate_2,candidate_3,candidate_1,3,0.04666666666666667
5530,candidate_2,candidate_3,candidate_1,3,0.04666666666666667
5531,candidate_2,candidate_3,candidate_1,3,0.04666666666666667
5532,0,candidate_3,candidate_1,3,0.04666666666666667
5533,candidate_2,candidate_3,candidate_1,3,0.04666666666666667
5534,candidate_2,candidate_3,candidate_1,3,0.04666666666666667
5535,candidate_2,candidate_3,0,3,0.04666666666666667
5536,candidate_2,candidate_3,candidate_1,3,0.04666666666666667
5537,0,candidate_3,candidate_1,3,0.04666666666666667
5538,candidate_2,candidate_3,candidate_1,3,0.04666666666666667
5539,candidate_2,candidate_3,candidate_1,3,0.04666666666666667
5540,candidate_2,candidate_3,candidate_1,3,0.04666666666666667
5541,candidate_2,candidate_3,candidate_1,3,0.04666666666666667
5542,0,candidate_3,candidate_1,3,0.04666666666666667
5543,candidate_2,candidate_3,candidate_1,3,0.04666666666666667
5544,candidate_2,candidate_3,candidate_1,3,0.04666666666666667
5545,candidate_2,candidate_3,candidate_1,3,0.04666666666666667
5546,candidate_2,candidate_3,0,3,0.04666666666666667
5547,candidate_2,candidate_3,candidate_1,3,0.04666666666666667
5548,candidate_2,candidate_3,candidate_1,3,0.04666666666666667
5549,candidate_2,candidate_3,candidate_1,3,0.04666666666666667
5550,candidate_2,candidate_3,candidate_1,3,0.04666666666666667
5551,candidate_2,candidate_3,candidate_1,3,0.04666666666666667
5552,candidate_2,candidate_3,candidate_1,3,0.04666666666666667
5553,candidate_2,candidate_3,candidate_1,3,0.04666666666666667
5554,candidate_2,candidate_3,candidate_1,3,0.04666666666666667
5555,candidate_2,candidate_3,candidate_1,3,0.04666666666666667
5556,candidate_2,candidate_3,candidate_1,3,0.04666666666666667
5557,candidate_2,candidate_3,candidate_1,3,0.04666666666666667
5558,candidate_2,candidate_3,0,3,0.04666666666666667
5559,candidate_2,candidate_3,candidate_1,3,0.04666666666666667
5560,candidate_2,0,candidate_1,3,0.04666666666666667
5561,candidate_2,candidate_3,candidate_1,3,0.04666666666666667
5562,candidate_2,0,candidate_1,3,0.04666666666666667
5563,0,candidate_3,0,3,0.04666666666666667
5564,candidate_2,candidate_3,candidate_1,3,0.04666666666666667
5565,candidate_2,candidate_3,candidate_1,3,0.04666666666666667
5566,candidate_2,candidate_3,candidate_1,3,0.04666666666666667
5567,candidate_2,candidate_3,candidate_1,3,0.04666666666666667
5568,candidate_2,candidate_3,candidate_1,3,0.04666666666666667
5569,candidate_2,candidate_3,candidate_1,3,0.04666666666666667
5570,candidate_2,candidate_3,candidate_1,3,0.04666666666666667
5571,candidate_2,candidate_3,candidate_1,3,0.04666666666666667
5572,candidate_2,candidate_3,candidate_1,3,0.04666666666666667
5573,candidate_2,candidate_3,candidate_1,3,0.04666666666666667
5574,candidate_2,candidate_3,candidate_1,3,0.04666666666666667
5575,candidate_2,0,candidate_1,3,0.04666666666666667
5576,candidate_2,candidate_3,candidate_1,3,0.04666666666666667
5577,candidate_2,candidate_3,candidate_1,3,0.04666666666666667
5578,candidate_2,candidate_3,candidate_1,3,0.04666666666666667
5579,0,candidate_3,candidate_1,3,0.04666666666666667
5580,candidate_2,candidate_3,candidate_1,3,0.04666666666666667
5581,candidate_2,candidate_3,candidate_1,3,0.04666666666666667
5582,candidate_2,candidate_3,candidate_1,3,0.04666666666666667
5583,candidate_2,candidate_3,candidate_1,3,0.04666666666666667
5584,candidate_2,candidate_3,candidate_1,3,0.04666666666666667
5585,candidate_2,candidate_3,candidate_1,3,0.04666666666666667
5586,candidate_2,candidate_3,candidate_1,3,0.04666666666666667
5587,candidate_2,candidate_3,candidate_1,3,0.04666666666666667
5588,candidate_2,candidate_3,candidate_1,3,0.04666666666666667
5589,candidate_2,candidate_3,candidate_1,3,0.04666666666666667
5590,candidate_2,candidate_3,candidate_1,3,0.04666666666666667
5591,candidate_2,candidate_3,candidate_1,3,0.04666666666666667
5592,candidate_2,candidate_3,candidate_1,3,0.04666666666666667
5593,candidate_2,candidate_3,candidate_1,3,0.04666666666666667
5594,candidate_2,candidate_3,candidate_1,3,0.04666666666666667
5595,candidate_2,candidate_3,candidate_1,3,0.04666666666666667
5596,candidate_2,candidate_3,candidate_1,3,0.04666666666666667
5597,candidate_2,candidate_3,candidate_1,3,0.04666666666666667
5598,candidate_2,candidate_3,candidate_1,3,0.04666666666666667
5599,candidate_2,0,candidate_1,3,0.04666666666666667
5600,candidate_2,candidate_3,candidate_1,3,0.04666666666666667
5601,candidate_2,candidate_3,candidate_1,3,0.04666666666666667
5602,candidate_2,candidate_3,candidate_1,3,0.04666666666666667
5603,candidate_2,candidate_3,0,3,0.04666666666666667
5604,candidate_2,candidate_3,0,3,0.04666666666666667
5605,candidate_2,candidate_3,candidate_1,3,0.04666666666666667
5606,candidate_2,candidate_3,candidate_1,3,0.04666666666666667
5607,candidate_2,candidate_3,candidate_1,3,0.04666666666666667
5608,candidate_2,candidate_3,candidate_1,3,0.04666666666666667
5609,candidate_2,candidate_3,candidate_1,3,0.04666666666666667
5610,candidate_2,candidate_3,candidate_1,3,0.04666666666666667
5611,candidate_2,candidate_3,candidate_1,3,0.04666666666666667
5612,candidate_2,candidate_3,candidate_1,3,0.04666666666666667
5613,candidate_2,candidate_3,candidate_1,3,0.04666666666666667
5614,candidate_2,candidate_3,candidate_1,3,0.04666666666666667
5615,candidate_2,candidate_3,candidate_1,3,0.04666666666666667
5616,candidate_2,candidate_3,candidate_1,3,0.04666666666666667
5617,candidate_2,candidate_3,candidate_1,3,0.04666666666666667
5618,candidate_2,candidate_3,candidate_1,3,0.04666666666666667
5619,candidate_2,candidate_3,candidate_1,3,0.04666666666666667
5620,candidate_2,candidate_3,candidate_1,3,0.04666666666666667
5621,candidate_2,candidate_3,candidate_1,3,0.04666666666666667
5622,candidate_2,candidate_3,candidate_1,3,0.04666666666666667
5623,candidate_2,candidate_3,candidate_1,3,0.04666666666666667
5624,candidate_2,candidate_3,candidate_1,3,0.04666666666666667
5625,candidate_2,candidate_3,candidate_1,3,0.04666666666666667
5626,candidate_2,candidate_3,candidate_1,3,0.04666666666666667
5627,candidate_2,candidate_3,candidate_1,3,0.04666666666666667
5628,candidate_2,candidate_3,candidate_1,3,0.04666666666666667
5629,candidate_2,candidate_3,candidate_1,3,0.04666666666666667
5630,candidate_2,candidate_3,candidate_1,3,0.04666666666666667
5631,candidate_2,candidate_3,candidate_1,3,0.04666666666666667
5632,candidate_2,candidate_3,0,3,0.04666666666666667
5633,candidate_2,candidate_3,candidate_1,3,0.04666666666666667
5634,candidate_2,candidate_3,candidate_1,3,0.04666666666666667
5635,candidate_2,candidate_3,candidate_1,3,0.04666666666666667
5636,candidate_2,candidate_3,candidate_1,3,0.04666666666666667
5637,candidate_2,candidate_3,candidate_1,3,0.04666666666666667
5638,candidate_2,candidate_3,candidate_1,3,0.04666666666666667
5639,candidate_2,0,candidate_1,3,0.04666666666666667
5640,candidate_2,candidate_3,candidate_1,3,0.04666666666666667
5641,candidate_2,candidate_3,0,3,0.04666666666666667
5642,candidate_2,candidate_3,candidate_1,3,0.04666666666666667
5643,candidate_2,candidate_3,candidate_1,3,0.04666666666666667
5644,candidate_2,candidate_3,candidate_1,3,0.04666666666666667
5645,candidate_2,candidate_3,candidate_1,3,0.04666666666666667
5646,candidate_2,candidate_3,candidate_1,3,0.04666666666666667
5647,candidate_2,candidate_3,candidate_1,3,0.04666666666666667
5648,candidate_2,candidate_3,candidate_1,3,0.04666666666666667
5649,candidate_2,candidate_3,candidate_1,3,0.04666666666666667
5650,candidate_2,candidate_3,candidate_1,3,0.04666666666666667
5651,candidate_2,candidate_3,candidate_1,3,0.04666666666666667
5652,candidate_2,candidate_3,candidate_1,3,0.04666666666666667
5653,candidate_2,candidate_3,candidate_1,3,0.04666666666666667
5654,candidate_2,candidate_3,0,3,0.04666666666666667
5655,candidate_2,0,candidate_1,3,0.04666666666666667
5656,candidate_2,0,candidate_1,3,0.04666666666666667
5657,candidate_2,candidate_3,candidate_1,3,0.04666666666666667
5658,candidate_2,candidate_3,candidate_1,3,0.04666666666666667
5659,candidate_2,candidate_3,candidate_1,3,0.04666666666666667
5660,candidate_2,candidate_3,candidate_1,3,0.04666666666666667
5661,candidate_2,candidate_3,candidate_1,3,0.04666666666666667
5662,candidate_2,candidate_3,candidate_1,3,0.04666666666666667
5663,candidate_2,candidate_3,candidate_1,3,0.04666666666666667
5664,candidate_2,candidate_3,candidate_1,3,0.04666666666666667
5665,candidate_2,candidate_3,candidate_1,3,0.04666666666666667
5666,candidate_2,candidate_3,0,3,0.04666666666666667
5667,candidate_2,candidate_3,candidate_1,3,0.04666666666666667
5668,candidate_2,candidate_3,candidate_1,3,0.04666666666666667
5669,candidate_2,candidate_3,candidate_1,3,0.04666666666666667
5670,candidate_2,candidate_3,candidate_1,3,0.04666666666666667
5671,candidate_2,candidate_3,candidate_1,3,0.04666666666666667
5672,candidate_2,candidate_3,candidate_1,3,0.04666666666666667
5673,candidate_2,candidate_3,candidate_1,3,0.04666666666666667
5674,candidate_2,candidate_3,candidate_1,3,0.04666666666666667
5675,candidate_2,candidate_3,candidate_1,3,0.04666666666666667
5676,candidate_2,candidate_3,candidate_1,3,0.04666666666666667
5677,candidate_2,candidate_3,candidate_1,3,0.04666666666666667
5678,candidate_2,0,candidate_1,3,0.04666666666666667
5679,candidate_2,candidate_3,candidate_1,3,0.04666666666666667
5680,candidate_2,candidate_3,candidate_1,3,0.04666666666666667
5681,candidate_2,candidate_3,candidate_1,3,0.04666666666666667
5682,candidate_2,candidate_3,candidate_1,3,0.04666666666666667
5683,candidate_2,candidate_3,candidate_1,3,0.04666666666666667
5684,candidate_2,candidate_3,candidate_1,3,0.04666666666666667
5685,candidate_2,candidate_3,candidate_1,3,0.04666666666666667
5686,candidate_2,candidate_3,candidate_1,3,0.04666666666666667
5687,candidate_2,candidate_3,candidate_1,3,0.04666666666666667
5688,candidate_2,candidate_3,candidate_1,3,0.04666666666666667
5689,candidate_2,candidate_3,candidate_1,3,0.04666666666666667
5690,candidate_2,candidate_3,candidate_1,3,0.04666666666666667
5691,candidate_2,candidate_3,candidate_1,3,0.04666666666666667
5692,candidate_2,candidate_3,candidate_1,3,0.04666666666666667
5693,candidate_2,candidate_3,candidate_1,3,0.04666666666666667
5694,candidate_2,candidate_3,candidate_1,3,0.04666666666666667
5695,candidate_2,candidate_3,candidate_1,3,0.04666666666666667
5696,candidate_2,0,candidate_1,3,0.04666666666666667
5697,candidate_2,candidate_3,candidate_1,3,0.04666666666666667
5698,candidate_2,candidate_3,candidate_1,3,0.04666666666666667
5699,candidate_2,candidate_3,candidate_1,3,0.04666666666666667
5700,candidate_2,candidate_3,candidate_1,3,0.04666666666666667
5701,candidate_2,candidate_3,candidate_1,3,0.04666666666666667
5702,candidate_2,candidate_3,candidate_1,3,0.04666666666666667
5703,candidate_2,candidate_3,candidate_1,3,0.04666666666666667
5704,candidate_2,candidate_3,candidate_1,3,0.04666666666666667
5705,candidate_2,candidate_3,candidate_1,3,0.04666666666666667
5706,candidate_2,candidate_3,candidate_1,3,0.04666666666666667
5707,candidate_2,candidate_3,candidate_1,3,0.04666666666666667
5708,candidate_2,candidate_3,candidate_1,3,0.04666666666666667
5709,candidate_2,candidate_3,candidate_1,3,0.04666666666666667
5710,candidate_2,candidate_3,candidate_1,3,0.04666666666666667
5711,candidate_2,candidate_3,candidate_1,3,0.04666666666666667
5712,candidate_2,candidate_3,candidate_1,3,0.04666666666666667
5713,candidate_2,candidate_3,candidate_1,3,0.04666666666666667
5714,candidate_2,candidate_3,candidate_1,3,0.04666666666666667
5715,candidate_2,0,candidate_1,3,0.04666666666666667
5716,candidate_2,candidate_3,candidate_1,3,0.04666666666666667
5717,candidate_2,candidate_3,candidate_1,3,0.04666666666666667
5718,candidate_2,candidate_3,candidate_1,3,0.04666666666666667
5719,candidate_2,candidate_3,candidate_1,3,0.04666666666666667
5720,candidate_2,candidate_3,candidate_1,3,0.04666666666666667
5721,candidate_2,candidate_3,candidate_1,3,0.04666666666666667
5722,candidate_2,candidate_3,candidate_1,3,0.04666666666666667
5723,candidate_2,candidate_3,candidate_1,3,0.04666666666666667
5724,candidate_2,candidate_3,candidate_1,3,0.04666666666666667
5725,candidate_2,candidate_3,candidate_1,3,0.04666666666666667
5726,candidate_2,candidate_3,0,3,0.04666666666666667
5727,candidate_2,candidate_3,candidate_1,3,0.04666666666666667
5728,candidate_2,candidate_3,candidate_1,3,0.04666666666666667
5729,candidate_2,candidate_3,candidate_1,3,0.04666666666666667
5730,candidate_2,candidate_3,candidate_1,3,0.04666666666666667
5731,candidate_2,candidate_3,candidate_1,3,0.04666666666666667
5732,candidate_2,candidate_3,candidate_1,3,0.04666666666666667
5733,candidate_2,candidate_3,candidate_1,3,0.04666666666666667
5734,candidate_2,candidate_3,candidate_1,3,0.04666666666666667
5735,candidate_2,candidate_3,candidate_1,3,0.04666666666666667
5736,candidate_2,candidate_3,candidate_1,3,0.04666666666666667
5737,0,candidate_3,candidate_1,3,0.04666666666666667
5738,candidate_2,candidate_3,candidate_1,3,0.04666666666666667
5739,candidate_2,candidate_3,candidate_1,3,0.04666666666666667
5740,candidate_2,candidate_3,candidate_1,3,0.04666666666666667
5741,candidate_2,candidate_3,candidate_1,3,0.04666666666666667
5742,candidate_2,candidate_3,candidate_1,3,0.04666666666666667
5743,candidate_2,candidate_3,candidate_1,3,0.04666666666666667
5744,candidate_2,candidate_3,candidate_1,3,0.04666666666666667
5745,candidate_2,0,candidate_1,3,0.04666666666666667
5746,candidate_2,candidate_3,candidate_1,3,0.04666666666666667
5747,candidate_2,candidate_3,candidate_1,3,0.04666666666666667
5748,candidate_2,candidate_3,candidate_1,3,0.04666666666666667
5749,candidate_2,candidate_3,candidate_1,3,0.04666666666666667
5750,candidate_2,candidate_3,candidate_1,3,0.04666666666666667
5751,candidate_2,0,candidate_1,3,0.04666666666666667
5752,candidate_2,candidate_3,candidate_1,3,0.04666666666666667
5753,candidate_2,candidate_3,candidate_1,3,0.04666666666666667
5754,candidate_2,candidate_3,candidate_1,3,0.04666666666666667
5755,candidate_2,candidate_3,candidate_1,3,0.04666666666666667
5756,candidate_2,candidate_3,candidate_1,3,0.04666666666666667
5757,candidate_2,candidate_3,candidate_1,3,0.04666666666666667
5758,candidate_2,candidate_3,candidate_1,3,0.04666666666666667
5759,candidate_2,candidate_3,candidate_1,3,0.04666666666666667
5760,candidate_2,candidate_3,candidate_1,3,0.04666666666666667
5761,candidate_2,candidate_3,candidate_1,3,0.04666666666666667
5762,candidate_2,candidate_3,candidate_1,3,0.04666666666666667
5763,candidate_2,candidate_3,candidate_1,3,0.04666666666666667
5764,candidate_2,candidate_3,candidate_1,3,0.04666666666666667
5765,0,candidate_3,candidate_1,3,0.04666666666666667
5766,candidate_2,0,candidate_1,3,0.04666666666666667
5767,candidate_2,candidate_3,candidate_1,3,0.04666666666666667
5768,candidate_2,candidate_3,candidate_1,3,0.04666666666666667
5769,candidate_2,candidate_3,candidate_1,3,0.04666666666666667
5770,candidate_2,candidate_3,candidate_1,3,0.04666666666666667
5771,candidate_2,candidate_3,candidate_1,3,0.04666666666666667
5772,candidate_2,candidate_3,candidate_1,3,0.04666666666666667
5773,candidate_2,candidate_3,candidate_1,3,0.04666666666666667
5774,candidate_2,candidate_3,candidate_1,3,0.04666666666666667
5775,candidate_2,candidate_3,candidate_1,3,0.04666666666666667
5776,candidate_2,candidate_3,candidate_1,3,0.04666666666666667
5777,candidate_2,candidate_3,candidate_1,3,0.04666666666666667
5778,candidate_2,candidate_3,candidate_1,3,0.04666666666666667
5779,candidate_2,candidate_3,candidate_1,3,0.04666666666666667
5780,candidate_2,candidate_3,candidate_1,3,0.04666666666666667
5781,candidate_2,candidate_3,candidate_1,3,0.04666666666666667
5782,0,0,candidate_1,3,0.04666666666666667
5783,candidate_2,candidate_3,candidate_1,3,0.04666666666666667
5784,candidate_2,candidate_3,candidate_1,3,0.04666666666666667
5785,candidate_2,candidate_3,candidate_1,3,0.04666666666666667
5786,candidate_2,candidate_3,candidate_1,3,0.04666666666666667
5787,candidate_2,candidate_3,candidate_1,3,0.04666666666666667
5788,candidate_2,candidate_3,candidate_1,3,0.04666666666666667
5789,candidate_2,candidate_3,candidate_1,3,0.04666666666666667
5790,candidate_2,candidate_3,candidate_1,3,0.04666666666666667
5791,candidate_2,candidate_3,candidate_1,3,0.04666666666666667
5792,candidate_2,candidate_3,candidate_1,3,0.04666666666666667
5793,candidate_2,candidate_3,candidate_1,3,0.04666666666666667
5794,candidate_2,candidate_3,candidate_1,3,0.04666666666666667
5795,candidate_2,0,candidate_1,3,0.04666666666666667
5796,candidate_2,candidate_3,candidate_1,3,0.04666666666666667
5797,candidate_2,candidate_3,candidate_1,3,0.04666666666666667
5798,candidate_2,candidate_3,candidate_1,3,0.04666666666666667
5799,candidate_2,candidate_3,candidate_1,3,0.04666666666666667
5800,candidate_2,candidate_3,candidate_1,3,0.04666666666666667
5801,candidate_2,candidate_3,0,3,0.04666666666666667
5802,candidate_2,candidate_3,candidate_1,3,0.04666666666666667
5803,candidate_2,candidate_3,candidate_1,3,0.04666666666666667
5804,candidate_2,candidate_3,candidate_1,3,0.04666666666666667
5805,candidate_2,candidate_3,candidate_1,3,0.04666666666666667
5806,candidate_2,candidate_3,candidate_1,3,0.04666666666666667
5807,candidate_2,candidate_3,candidate_1,3,0.04666666666666667
5808,candidate_2,candidate_3,candidate_1,3,0.04666666666666667
5809,candidate_2,candidate_3,candidate_1,3,0.04666666666666667
5810,candidate_2,candidate_3,candidate_1,3,0.04666666666666667
5811,candidate_2,candidate_3,candidate_1,3,0.04666666666666667
5812,candidate_2,candidate_3,candidate_1,3,0.04666666666666667
5813,candidate_2,candidate_3,candidate_1,3,0.04666666666666667
5814,candidate_2,0,candidate_1,3,0.04666666666666667
5815,candidate_2,candidate_3,candidate_1,3,0.04666666666666667
5816,candidate_2,candidate_3,candidate_1,3,0.04666666666666667
5817,candidate_2,candidate_3,candidate_1,3,0.04666666666666667
5818,candidate_2,candidate_3,0,3,0.04666666666666667
5819,candidate_2,candidate_3,candidate_1,3,0.04666666666666667
5820,candidate_2,candidate_3,candidate_1,3,0.04666666666666667
5821,candidate_2,candidate_3,candidate_1,3,0.04666666666666667
5822,candidate_2,candidate_3,candidate_1,3,0.04666666666666667
5823,candidate_2,candidate_3,candidate_1,3,0.04666666666666667
5824,candidate_2,candidate_3,candidate_1,3,0.04666666666666667
5825,candidate_2,candidate_3,candidate_1,3,0.04666666666666667
5826,candidate_2,candidate_3,candidate_1,3,0.04666666666666667
5827,candidate_2,candidate_3,candidate_1,3,0.04666666666666667
5828,candidate_2,candidate_3,candidate_1,3,0.04666666666666667
5829,candidate_2,candidate_3,candidate_1,3,0.04666666666666667
5830,candidate_2,candidate_3,candidate_1,3,0.04666666666666667
5831,candidate_2,candidate_3,candidate_1,3,0.04666666666666667
5832,candidate_2,candidate_3,candidate_1,3,0.04666666666666667
5833,candidate_2,candidate_3,candidate_1,3,0.04666666666666667
5834,candidate_2,candidate_3,candidate_1,3,0.04666666666666667
5835,candidate_2,candidate_3,candidate_1,3,0.04666666666666667
5836,candidate_2,candidate_3,candidate_1,3,0.04666666666666667
5837,candidate_2,candidate_3,candidate_1,3,0.04666666666666667
5838,candidate_2,candidate_3,candidate_1,3,0.04666666666666667
5839,candidate_2,candidate_3,candidate_1,3,0.04666666666666667
5840,candidate_2,candidate_3,candidate_1,3,0.04666666666666667
5841,candidate_2,candidate_3,candidate_1,3,0.04666666666666667
5842,candidate_2,candidate_3,candidate_1,3,0.04666666666666667
5843,candidate_2,candidate_3,candidate_1,3,0.04666666666666667
5844,candidate_2,candidate_3,candidate_1,3,0.04666666666666667
5845,candidate_2,candidate_3,candidate_1,3,0.04666666666666667
5846,candidate_2,candidate_3,candidate_1,3,0.04666666666666667
5847,candidate_2,candidate_3,candidate_1,3,0.04666666666666667
5848,candidate_2,candidate_3,candidate_1,3,0.04666666666666667
5849,candidate_2,candidate_3,candidate_1,3,0.04666666666666667
5850,candidate_2,candidate_3,candidate_1,3,0.04666666666666667
5851,candidate_2,candidate_3,candidate_1,3,0.04666666666666667
5852,candidate_2,candidate_3,candidate_1,3,0.04666666666666667
5853,candidate_2,candidate_3,candidate_1,3,0.04666666666666667
5854,candidate_2,candidate_3,candidate_1,3,0.04666666666666667
5855,candidate_2,candidate_3,candidate_1,3,0.04666666666666667
5856,candidate_2,candidate_3,candidate_1,3,0.04666666666666667
5857,candidate_2,candidate_3,candidate_1,3,0.04666666666666667
5858,candidate_2,candidate_3,candidate_1,3,0.04666666666666667
5859,candidate_2,candidate_3,candidate_1,3,0.04666666666666667
5860,candidate_2,candidate_3,candidate_1,3,0.04666666666666667
5861,candidate_2,candidate_3,candidate_1,3,0.04666666666666667
5862,candidate_2,0,candidate_1,3,0.04666666666666667
5863,0,candidate_3,candidate_1,3,0.04666666666666667
5864,candidate_2,candidate_3,candidate_1,3,0.04666666666666667
5865,candidate_2,candidate_3,candidate_1,3,0.04666666666666667
5866,candidate_2,candidate_3,candidate_1,3,0.04666666666666667
5867,candidate_2,candidate_3,candidate_1,3,0.04666666666666667
5868,candidate_2,candidate_3,candidate_1,3,0.04666666666666667
5869,candidate_2,candidate_3,candidate_1,3,0.04666666666666667
5870,candidate_2,candidate_3,candidate_1,3,0.04666666666666667
5871,candidate_2,candidate_3,candidate_1,3,0.04666666666666667
5872,candidate_2,candidate_3,candidate_1,3,0.04666666666666667
5873,candidate_2,candidate_3,candidate_1,3,0.04666666666666667
5874,0,candidate_3,candidate_1,3,0.04666666666666667
5875,candidate_2,candidate_3,candidate_1,3,0.04666666666666667
5876,candidate_2,candidate_3,candidate_1,3,0.04666666666666667
5877,candidate_2,candidate_3,candidate_1,3,0.04666666666666667
5878,candidate_2,candidate_3,candidate_1,3,0.04666666666666667
5879,candidate_2,candidate_3,candidate_1,3,0.04666666666666667
5880,candidate_2,candidate_3,candidate_1,3,0.04666666666666667
5881,candidate_2,candidate_3,candidate_1,3,0.04666666666666667
5882,candidate_2,candidate_3,candidate_1,3,0.04666666666666667
5883,candidate_2,candidate_3,candidate_1,3,0.04666666666666667
5884,candidate_2,candidate_3,candidate_1,3,0.04666666666666667
5885,candidate_2,candidate_3,candidate_1,3,0.04666666666666667
5886,candidate_2,candidate_3,0,3,0.04666666666666667
5887,candidate_2,candidate_3,candidate_1,3,0.04666666666666667
5888,candidate_2,candidate_3,candidate_1,3,0.04666666666666667
5889,candidate_2,candidate_3,candidate_1,3,0.04666666666666667
5890,candidate_2,candidate_3,candidate_1,3,0.04666666666666667
5891,candidate_2,candidate_3,candidate_1,3,0.04666666666666667
5892,candidate_2,candidate_3,candidate_1,3,0.04666666666666667
5893,candidate_2,candidate_3,candidate_1,3,0.04666666666666667
5894,candidate_2,candidate_3,candidate_1,3,0.04666666666666667
5895,candidate_2,candidate_3,candidate_1,3,0.04666666666666667
5896,candidate_2,candidate_3,candidate_1,3,0.04666666666666667
5897,candidate_2,candidate_3,candidate_1,3,0.04666666666666667
5898,0,candidate_3,candidate_1,3,0.04666666666666667
5899,candidate_2,candidate_3,candidate_1,3,0.04666666666666667
5900,candidate_2,candidate_3,candidate_1,3,0.04666666666666667
5901,candidate_2,candidate_3,candidate_1,3,0.04666666666666667
5902,candidate_2,candidate_3,candidate_1,3,0.04666666666666667
5903,candidate_2,candidate_3,candidate_1,3,0.04666666666666667
5904,candidate_2,candidate_3,candidate_1,3,0.04666666666666667
5905,candidate_2,candidate_3,0,3,0.04666666666666667
5906,candidate_2,candidate_3,candidate_1,3,0.04666666666666667
5907,candidate_2,candidate_3,candidate_1,3,0.04666666666666667
5908,candidate_2,candidate_3,candidate_1,3,0.04666666666666667
5909,candidate_2,candidate_3,candidate_1,3,0.04666666666666667
5910,candidate_2,candidate_3,candidate_1,3,0.04666666666666667
5911,candidate_2,candidate_3,candidate_1,3,0.04666666666666667
5912,candidate_2,candidate_3,candidate_1,3,0.04666666666666667
5913,candidate_2,candidate_3,candidate_1,3,0.04666666666666667
5914,candidate_2,candidate_3,candidate_1,3,0.04666666666666667
5915,candidate_2,candidate_3,candidate_1,3,0.04666666666666667
5916,candidate_2,candidate_3,candidate_1,3,0.04666666666666667
5917,candidate_2,candidate_3,candidate_1,3,0.04666666666666667
5918,candidate_2,candidate_3,candidate_1,3,0.04666666666666667
5919,candidate_2,candidate_3,candidate_1,3,0.04666666666666667
5920,candidate_2,candidate_3,candidate_1,3,0.04666666666666667
5921,candidate_2,candidate_3,candidate_1,3,0.04666666666666667
5922,candidate_2,candidate_3,candidate_1,3,0.04666666666666667
5923,0,candidate_3,candidate_1,3,0.04666666666666667
5924,candidate_2,candidate_3,candidate_1,3,0.04666666666666667
5925,candidate_2,candidate_3,candidate_1,3,0.04666666666666667
5926,candidate_2,candidate_3,candidate_1,3,0.04666666666666667
5927,candidate_2,candidate_3,candidate_1,3,0.04666666666666667
5928,candidate_2,candidate_3,candidate_1,3,0.04666666666666667
5929,candidate_2,candidate_3,candidate_1,3,0.04666666666666667
5930,candidate_2,candidate_3,candidate_1,3,0.04666666666666667
5931,candidate_2,candidate_3,candidate_1,3,0.04666666666666667
5932,candidate_2,candidate_3,candidate_1,3,0.04666666666666667
5933,candidate_2,candidate_3,candidate_1,3,0.04666666666666667
5934,candidate_2,candidate_3,candidate_1,3,0.04666666666666667
5935,candidate_2,candidate_3,candidate_1,3,0.04666666666666667
5936,candidate_2,candidate_3,candidate_1,3,0.04666666666666667
5937,candidate_2,candidate_3,0,3,0.04666666666666667
5938,candidate_2,candidate_3,candidate_1,3,0.04666666666666667
5939,0,candidate_3,candidate_1,3,0.04666666666666667
5940,candidate_2,candidate_3,candidate_1,3,0.04666666666666667
5941,candidate_2,candidate_3,candidate_1,3,0.04666666666666667
5942,candidate_2,candidate_3,candidate_1,3,0.04666666666666667
5943,candidate_2,candidate_3,candidate_1,3,0.04666666666666667
5944,candidate_2,candidate_3,candidate_1,3,0.04666666666666667
5945,candidate_2,candidate_3,candidate_1,3,0.04666666666666667
5946,candidate_2,candidate_3,candidate_1,3,0.04666666666666667
5947,candidate_2,candidate_3,candidate_1,3,0.04666666666666667
5948,candidate_2,candidate_3,candidate_1,3,0.04666666666666667
5949,candidate_2,0,candidate_1,3,0.04666666666666667
5950,candidate_2,candidate_3,candidate_1,3,0.04666666666666667
5951,candidate_2,candidate_3,candidate_1,3,0.04666666666666667
5952,candidate_2,candidate_3,candidate_1,3,0.04666666666666667
5953,candidate_2,candidate_3,candidate_1,3,0.04666666666666667
5954,candidate_2,candidate_3,0,3,0.04666666666666667
5955,candidate_2,candidate_3,candidate_1,3,0.04666666666666667
5956,candidate_2,candidate_3,candidate_1,3,0.04666666666666667
5957,0,candidate_3,candidate_1,3,0.04666666666666667
5958,candidate_2,candidate_3,candidate_1,3,0.04666666666666667
5959,candidate_2,candidate_3,candidate_1,3,0.04666666666666667
5960,candidate_2,candidate_3,candidate_1,3,0.04666666666666667
5961,candidate_2,candidate_3,candidate_1,3,0.04666666666666667
5962,candidate_2,candidate_3,candidate_1,3,0.04666666666666667
5963,candidate_2,candidate_3,candidate_1,3,0.04666666666666667
5964,candidate_2,candidate_3,candidate_1,3,0.04666666666666667
5965,candidate_2,candidate_3,candidate_1,3,0.04666666666666667
5966,candidate_2,candidate_3,candidate_1,3,0.04666666666666667
5967,candidate_2,candidate_3,candidate_1,3,0.04666666666666667
5968,candidate_2,candidate_3,candidate_1,3,0.04666666666666667
5969,candidate_2,candidate_3,candidate_1,3,0.04666666666666667
5970,candidate_2,candidate_3,candidate_1,3,0.04666666666666667
5971,candidate_2,0,candidate_1,3,0.04666666666666667
5972,candidate_2,candidate_3,candidate_1,3,0.04666666666666667
5973,candidate_2,candidate_3,0,3,0.04666666666666667
5974,candidate_2,candidate_3,candidate_1,3,0.04666666666666667
5975,candidate_2,candidate_3,candidate_1,3,0.04666666666666667
5976,candidate_2,candidate_3,candidate_1,3,0.04666666666666667
5977,candidate_2,candidate_3,candidate_1,3,0.04666666666666667
5978,candidate_2,candidate_3,candidate_1,3,0.04666666666666667
5979,candidate_2,candidate_3,0,3,0.04666666666666667
5980,candidate_2,candidate_3,candidate_1,3,0.04666666666666667
5981,candidate_2,candidate_3,candidate_1,3,0.04666666666666667
5982,candidate_2,candidate_3,0,3,0.04666666666666667
5983,candidate_2,candidate_3,candidate_1,3,0.04666666666666667
5984,0,candidate_3,candidate_1,3,0.04666666666666667
5985,candidate_2,candidate_3,candidate_1,3,0.04666666666666667
5986,candidate_2,candidate_3,candidate_1,3,0.04666666666666667
5987,candidate_2,candidate_3,candidate_1,3,0.04666666666666667
5988,candidate_2,candidate_3,candidate_1,3,0.04666666666666667
5989,candidate_2,candidate_3,candidate_1,3,0.04666666666666667
5990,0,candidate_3,candidate_1,3,0.04666666666666667
5991,candidate_2,candidate_3,candidate_1,3,0.04666666666666667
5992,candidate_2,candidate_3,candidate_1,3,0.04666666666666667
5993,candidate_2,candidate_3,candidate_1,3,0.04666666666666667
5994,candidate_2,candidate_3,candidate_1,3,0.04666666666666667
5995,candidate_2,candidate_3,candidate_1,3,0.04666666666666667
5996,candidate_2,candidate_3,candidate_1,3,0.04666666666666667
5997,candidate_2,candidate_3,candidate_1,3,0.04666666666666667
5998,candidate_2,0,candidate_1,3,0.04666666666666667
5999,candidate_2,candidate_3,candidate_1,3,0.04666666666666667
6000,candidate_2,candidate_3,candidate_1,3,0.04666666666666667
6001,candidate_2,candidate_3,candidate_1,3,0.04666666666666667
6002,candidate_2,candidate_3,candidate_1,3,0.04666666666666667
6003,candidate_2,candidate_3,candidate_1,3,0.04666666666666667
6004,candidate_2,candidate_3,candidate_1,3,0.04666666666666667
6005,candidate_2,candidate_3,candidate_1,3,0.04666666666666667
6006,candidate_2,candidate_3,candidate_1,3,0.04666666666666667
6007,candidate_2,candidate_3,candidate_1,3,0.04666666666666667
6008,candidate_2,candidate_3,candidate_1,3,0.04666666666666667
6009,candidate_2,candidate_3,candidate_1,3,0.04666666666666667
6010,candidate_2,candidate_3,candidate_1,3,0.04666666666666667
6011,candidate_2,candidate_3,candidate_1,3,0.04666666666666667
6012,candidate_2,candidate_3,candidate_1,3,0.04666666666666667
6013,candidate_2,candidate_3,candidate_1,3,0.04666666666666667
6014,candidate_2,0,candidate_1,3,0.04666666666666667
6015,candidate_2,candidate_3,candidate_1,3,0.04666666666666667
6016,candidate_2,candidate_3,candidate_1,3,0.04666666666666667
6017,candidate_2,candidate_3,candidate_1,3,0.04666666666666667
6018,candidate_2,candidate_3,0,3,0.04666666666666667
6019,candidate_2,candidate_3,candidate_1,3,0.04666666666666667
6020,candidate_2,candidate_3,candidate_1,3,0.04666666666666667
6021,candidate_2,candidate_3,candidate_1,3,0.04666666666666667
6022,candidate_2,candidate_3,candidate_1,3,0.04666666666666667
6023,candidate_2,candidate_3,candidate_1,3,0.04666666666666667
6024,candidate_2,candidate_3,candidate_1,3,0.04666666666666667
6025,candidate_2,candidate_3,candidate_1,3,0.04666666666666667
6026,candidate_2,candidate_3,candidate_1,3,0.04666666666666667
6027,0,candidate_3,candidate_1,3,0.04666666666666667
6028,candidate_2,candidate_3,candidate_1,3,0.04666666666666667
6029,candidate_2,candidate_3,candidate_1,3,0.04666666666666667
6030,candidate_2,candidate_3,candidate_1,3,0.04666666666666667
6031,candidate_2,candidate_3,candidate_1,3,0.04666666666666667
6032,candidate_2,candidate_3,candidate_1,3,0.04666666666666667
6033,candidate_2,candidate_3,candidate_1,3,0.04666666666666667
6034,candidate_2,candidate_3,candidate_1,3,0.04666666666666667
6035,candidate_2,candidate_3,candidate_1,3,0.04666666666666667
6036,candidate_2,candidate_3,candidate_1,3,0.04666666666666667
6037,candidate_2,candidate_3,candidate_1,3,0.04666666666666667
6038,candidate_2,candidate_3,candidate_1,3,0.04666666666666667
6039,candidate_2,candidate_3,candidate_1,3,0.04666666666666667
6040,candidate_2,candidate_3,candidate_1,3,0.04666666666666667
6041,candidate_2,candidate_3,candidate_1,3,0.04666666666666667
6042,candidate_2,candidate_3,candidate_1,3,0.04666666666666667
6043,candidate_2,candidate_3,candidate_1,3,0.04666666666666667
6044,candidate_2,candidate_3,candidate_1,3,0.04666666666666667
6045,candidate_2,candidate_3,candidate_1,3,0.04666666666666667
6046,candidate_2,candidate_3,candidate_1,3,0.04666666666666667
6047,candidate_2,candidate_3,candidate_1,3,0.04666666666666667
6048,candidate_2,candidate_3,candidate_1,3,0.04666666666666667
6049,candidate_2,0,candidate_1,3,0.04666666666666667
6050,candidate_2,0,candidate_1,3,0.04666666666666667
6051,candidate_2,candidate_3,candidate_1,3,0.04666666666666667
6052,candidate_2,candidate_3,candidate_1,3,0.04666666666666667
6053,candidate_2,candidate_3,candidate_1,3,0.04666666666666667
6054,candidate_2,candidate_3,candidate_1,3,0.04666666666666667
6055,candidate_2,candidate_3,candidate_1,3,0.04666666666666667
6056,candidate_2,candidate_3,candidate_1,3,0.04666666666666667
6057,candidate_2,candidate_3,candidate_1,3,0.04666666666666667
6058,candidate_2,candidate_3,0,3,0.04666666666666667
6059,candidate_2,candidate_3,candidate_1,3,0.04666666666666667
6060,candidate_2,candidate_3,candidate_1,3,0.04666666666666667
6061,candidate_2,candidate_3,candidate_1,3,0.04666666666666667
6062,candidate_2,candidate_3,candidate_1,3,0.04666666666666667
6063,candidate_2,candidate_3,candidate_1,3,0.04666666666666667
6064,candidate_2,candidate_3,candidate_1,3,0.04666666666666667
6065,candidate_2,0,candidate_1,3,0.04666666666666667
6066,candidate_2,candidate_3,candidate_1,3,0.04666666666666667
6067,candidate_2,candidate_3,candidate_1,3,0.04666666666666667
6068,candidate_2,0,candidate_1,3,0.04666666666666667
6069,candidate_2,candidate_3,candidate_1,3,0.04666666666666667
6070,candidate_2,candidate_3,candidate_1,3,0.04666666666666667
6071,candidate_2,candidate_3,candidate_1,3,0.04666666666666667
6072,candidate_2,candidate_3,candidate_1,3,0.04666666666666667
6073,candidate_2,candidate_3,candidate_1,3,0.04666666666666667
6074,candidate_2,candidate_3,candidate_1,3,0.04666666666666667
6075,candidate_2,candidate_3,candidate_1,3,0.04666666666666667
6076,candidate_2,candidate_3,candidate_1,3,0.04666666666666667
6077,candidate_2,candidate_3,0,3,0.04666666666666667
6078,candidate_2,candidate_3,candidate_1,3,0.04666666666666667
6079,candidate_2,candidate_3,candidate_1,3,0.04666666666666667
6080,candidate_2,candidate_3,candidate_1,3,0.04666666666666667
6081,candidate_2,candidate_3,candidate_1,3,0.04666666666666667
6082,candidate_2,candidate_3,candidate_1,3,0.04666666666666667
6083,candidate_2,candidate_3,candidate_1,3,0.04666666666666667
6084,candidate_2,candidate_3,candidate_1,3,0.04666666666666667
6085,0,candidate_3,candidate_1,3,0.04666666666666667
6086,candidate_2,candidate_3,candidate_1,3,0.04666666666666667
6087,candidate_2,candidate_3,candidate_1,3,0.04666666666666667
6088,candidate_2,candidate_3,0,3,0.04666666666666667
6089,0,candidate_3,candidate_1,3,0.04666666666666667
6090,candidate_2,candidate_3,candidate_1,3,0.04666666666666667
6091,candidate_2,candidate_3,candidate_1,3,0.04666666666666667
6092,candidate_2,candidate_3,candidate_1,3,0.04666666666666667
6093,candidate_2,candidate_3,candidate_1,3,0.04666666666666667
6094,candidate_2,candidate_3,candidate_1,3,0.04666666666666667
6095,candidate_2,candidate_3,candidate_1,3,0.04666666666666667
6096,candidate_2,candidate_3,candidate_1,3,0.04666666666666667
6097,candidate_2,candidate_3,0,3,0.04666666666666667
6098,candidate_2,candidate_3,candidate_1,3,0.04666666666666667
6099,candidate_2,candidate_3,candidate_1,3,0.04666666666666667
6100,candidate_2,candidate_3,candidate_1,3,0.04666666666666667
6101,candidate_2,candidate_3,candidate_1,3,0.04666666666666667
6102,candidate_2,candidate_3,candidate_1,3,0.04666666666666667
6103,candidate_2,candidate_3,candidate_1,3,0.04666666666666667
6104,candidate_2,candidate_3,candidate_1,3,0.04666666666666667
6105,candidate_2,candidate_3,candidate_1,3,0.04666666666666667
6106,candidate_2,candidate_3,candidate_1,3,0.04666666666666667
6107,candidate_2,candidate_3,candidate_1,3,0.04666666666666667
6108,candidate_2,candidate_3,candidate_1,3,0.04666666666666667
6109,candidate_2,candidate_3,candidate_1,3,0.04666666666666667
6110,candidate_2,candidate_3,candidate_1,3,0.04666666666666667
6111,candidate_2,candidate_3,candidate_1,3,0.04666666666666667
6112,candidate_2,candidate_3,candidate_1,3,0.04666666666666667
6113,candidate_2,candidate_3,candidate_1,3,0.04666666666666667
6114,candidate_2,candidate_3,candidate_1,3,0.04666666666666667
6115,candidate_2,candidate_3,candidate_1,3,0.04666666666666667
6116,candidate_2,candidate_3,candidate_1,3,0.04666666666666667
6117,candidate_2,candidate_3,candidate_1,3,0.04666666666666667
6118,candidate_2,candidate_3,0,3,0.04666666666666667
6119,candidate_2,candidate_3,candidate_1,3,0.04666666666666667
6120,candidate_2,0,candidate_1,3,0.04666666666666667
6121,candidate_2,candidate_3,candidate_1,3,0.04666666666666667
6122,candidate_2,candidate_3,candidate_1,3,0.04666666666666667
6123,candidate_2,candidate_3,candidate_1,3,0.04666666666666667
6124,candidate_2,candidate_3,candidate_1,3,0.04666666666666667
6125,candidate_2,candidate_3,candidate_1,3,0.04666666666666667
6126,candidate_2,candidate_3,candidate_1,3,0.04666666666666667
6127,candidate_2,candidate_3,candidate_1,3,0.04666666666666667
6128,candidate_2,candidate_3,candidate_1,3,0.04666666666666667
6129,candidate_2,candidate_3,candidate_1,3,0.04666666666666667
6130,candidate_2,candidate_3,candidate_1,3,0.04666666666666667
6131,candidate_2,candidate_3,candidate_1,3,0.04666666666666667
6132,candidate_2,candidate_3,candidate_1,3,0.04666666666666667
6133,candidate_2,candidate_3,candidate_1,3,0.04666666666666667
6134,candidate_2,candidate_3,candidate_1,3,0.04666666666666667
6135,candidate_2,candidate_3,candidate_1,3,0.04666666666666667
6136,candidate_2,0,candidate_1,3,0.04666666666666667
6137,candidate_2,candidate_3,candidate_1,3,0.04666666666666667
6138,candidate_2,candidate_3,candidate_1,3,0.04666666666666667
6139,candidate_2,0,candidate_1,3,0.04666666666666667
6140,candidate_2,candidate_3,candidate_1,3,0.04666666666666667
6141,candidate_2,candidate_3,candidate_1,3,0.04666666666666667
6142,candidate_2,candidate_3,candidate_1,3,0.04666666666666667
6143,candidate_2,candidate_3,candidate_1,3,0.04666666666666667
6144,candidate_2,candidate_3,candidate_1,3,0.04666666666666667
6145,candidate_2,candidate_3,candidate_1,3,0.04666666666666667
6146,candidate_2,candidate_3,candidate_1,3,0.04666666666666667
6147,candidate_2,candidate_3,candidate_1,3,0.04666666666666667
6148,candidate_2,candidate_3,candidate_1,3,0.04666666666666667
6149,candidate_2,candidate_3,candidate_1,3,0.04666666666666667
6150,candidate_2,candidate_3,candidate_1,3,0.04666666666666667
6151,candidate_2,candidate_3,candidate_1,3,0.04666666666666667
6152,candidate_2,candidate_3,candidate_1,3,0.04666666666666667
6153,candidate_2,candidate_3,0,3,0.04666666666666667
6154,0,candidate_3,candidate_1,3,0.04666666666666667
6155,candidate_2,candidate_3,candidate_1,3,0.04666666666666667
6156,candidate_2,candidate_3,candidate_1,3,0.04666666666666667
6157,candidate_2,candidate_3,candidate_1,3,0.04666666666666667
6158,candidate_2,candidate_3,candidate_1,3,0.04666666666666667
6159,candidate_2,candidate_3,candidate_1,3,0.04666666666666667
6160,candidate_2,candidate_3,candidate_1,3,0.04666666666666667
6161,candidate_2,candidate_3,candidate_1,3,0.04666666666666667
6162,candidate_2,candidate_3,candidate_1,3,0.04666666666666667
6163,candidate_2,candidate_3,candidate_1,3,0.04666666666666667
6164,candidate_2,candidate_3,candidate_1,3,0.04666666666666667
6165,candidate_2,candidate_3,candidate_1,3,0.04666666666666667
6166,candidate_2,candidate_3,0,3,0.04666666666666667
6167,candidate_2,candidate_3,candidate_1,3,0.04666666666666667
6168,candidate_2,candidate_3,candidate_1,3,0.04666666666666667
6169,candidate_2,candidate_3,candidate_1,3,0.04666666666666667
6170,candidate_2,candidate_3,candidate_1,3,0.04666666666666667
6171,candidate_2,candidate_3,candidate_1,3,0.04666666666666667
6172,candidate_2,candidate_3,candidate_1,3,0.04666666666666667
6173,candidate_2,candidate_3,candidate_1,3,0.04666666666666667
6174,candidate_2,candidate_3,candidate_1,3,0.04666666666666667
6175,candidate_2,candidate_3,candidate_1,3,0.04666666666666667
6176,candidate_2,candidate_3,candidate_1,3,0.04666666666666667
6177,candidate_2,candidate_3,candidate_1,3,0.04666666666666667
6178,candidate_2,candidate_3,candidate_1,3,0.04666666666666667
6179,candidate_2,candidate_3,candidate_1,3,0.04666666666666667
6180,candidate_2,candidate_3,candidate_1,3,0.04666666666666667
6181,candidate_2,candidate_3,candidate_1,3,0.04666666666666667
6182,candidate_2,candidate_3,candidate_1,3,0.04666666666666667
6183,candidate_2,candidate_3,candidate_1,3,0.04666666666666667
6184,candidate_2,candidate_3,candidate_1,3,0.04666666666666667
6185,0,candidate_3,candidate_1,3,0.04666666666666667
6186,candidate_2,candidate_3,candidate_1,3,0.04666666666666667
6187,candidate_2,candidate_3,candidate_1,3,0.04666666666666667
6188,candidate_2,candidate_3,candidate_1,3,0.04666666666666667
6189,candidate_2,candidate_3,candidate_1,3,0.04666666666666667
6190,candidate_2,candidate_3,0,3,0.04666666666666667
6191,candidate_2,candidate_3,candidate_1,3,0.04666666666666667
6192,candidate_2,candidate_3,candidate_1,3,0.04666666666666667
6193,candidate_2,candidate_3,candidate_1,3,0.04666666666666667
6194,candidate_2,0,candidate_1,3,0.04666666666666667
6195,candidate_2,candidate_3,candidate_1,3,0.04666666666666667
6196,candidate_2,candidate_3,0,3,0.04666666666666667
6197,candidate_2,candidate_3,candidate_1,3,0.04666666666666667
6198,candidate_2,candidate_3,candidate_1,3,0.04666666666666667
6199,candidate_2,candidate_3,candidate_1,3,0.04666666666666667
6200,candidate_2,candidate_3,candidate_1,3,0.04666666666666667
6201,candidate_2,candidate_3,candidate_1,3,0.04666666666666667
6202,candidate_2,candidate_3,candidate_1,3,0.04666666666666667
6203,candidate_2,candidate_3,candidate_1,3,0.04666666666666667
6204,candidate_2,candidate_3,candidate_1,3,0.04666666666666667
6205,candidate_2,candidate_3,candidate_1,3,0.04666666666666667
6206,candidate_2,candidate_3,candidate_1,3,0.04666666666666667
6207,candidate_2,candidate_3,candidate_1,3,0.04666666666666667
6208,candidate_2,candidate_3,candidate_1,3,0.04666666666666667
6209,candidate_2,candidate_3,candidate_1,3,0.04666666666666667
6210,candidate_2,candidate_3,candidate_1,3,0.04666666666666667
6211,candidate_2,candidate_3,candidate_1,3,0.04666666666666667
6212,candidate_2,candidate_3,0,3,0.04666666666666667
6213,candidate_2,candidate_3,candidate_1,3,0.04666666666666667
6214,candidate_2,candidate_3,candidate_1,3,0.04666666666666667
6215,candidate_2,candidate_3,candidate_1,3,0.04666666666666667
6216,candidate_2,candidate_3,candidate_1,3,0.04666666666666667
6217,candidate_2,candidate_3,candidate_1,3,0.04666666666666667
6218,candidate_2,candidate_3,candidate_1,3,0.04666666666666667
6219,candidate_2,0,candidate_1,3,0.04666666666666667
6220,candidate_2,candidate_3,candidate_1,3,0.04666666666666667
6221,candidate_2,candidate_3,candidate_1,3,0.04666666666666667
6222,candidate_2,candidate_3,candidate_1,3,0.04666666666666667
6223,candidate_2,candidate_3,candidate_1,3,0.04666666666666667
6224,candidate_2,candidate_3,candidate_1,3,0.04666666666666667
6225,candidate_2,candidate_3,candidate_1,3,0.04666666666666667
6226,candidate_2,candidate_3,candidate_1,3,0.04666666666666667
6227,candidate_2,candidate_3,candidate_1,3,0.04666666666666667
6228,candidate_2,candidate_3,candidate_1,3,0.04666666666666667
6229,candidate_2,candidate_3,candidate_1,3,0.04666666666666667
6230,candidate_2,candidate_3,candidate_1,3,0.04666666666666667
6231,candidate_2,0,candidate_1,3,0.04666666666666667
6232,candidate_2,candidate_3,candidate_1,3,0.04666666666666667
6233,candidate_2,candidate_3,candidate_1,3,0.04666666666666667
6234,candidate_2,candidate_3,candidate_1,3,0.04666666666666667
6235,candidate_2,candidate_3,0,3,0.04666666666666667
6236,0,candidate_3,candidate_1,3,0.04666666666666667
6237,candidate_2,candidate_3,candidate_1,3,0.04666666666666667
6238,candidate_2,candidate_3,candidate_1,3,0.04666666666666667
6239,0,candidate_3,candidate_1,3,0.04666666666666667
6240,candidate_2,candidate_3,candidate_1,3,0.04666666666666667
6241,candidate_2,candidate_3,candidate_1,3,0.04666666666666667
6242,candidate_2,candidate_3,candidate_1,3,0.04666666666666667
6243,candidate_2,candidate_3,candidate_1,3,0.04666666666666667
6244,candidate_2,candidate_3,candidate_1,3,0.04666666666666667
6245,candidate_2,candidate_3,candidate_1,3,0.04666666666666667
6246,candidate_2,candidate_3,candidate_1,3,0.04666666666666667
6247,candidate_2,candidate_3,candidate_1,3,0.04666666666666667
6248,candidate_2,candidate_3,candidate_1,3,0.04666666666666667
6249,candidate_2,0,candidate_1,3,0.04666666666666667
6250,candidate_2,candidate_3,candidate_1,3,0.04666666666666667
6251,candidate_2,candidate_3,candidate_1,3,0.04666666666666667
6252,candidate_2,candidate_3,candidate_1,3,0.04666666666666667
6253,candidate_2,candidate_3,candidate_1,3,0.04666666666666667
6254,candidate_2,candidate_3,candidate_1,3,0.04666666666666667
6255,candidate_2,candidate_3,candidate_1,3,0.04666666666666667
6256,candidate_2,candidate_3,candidate_1,3,0.04666666666666667
6257,candidate_2,candidate_3,candidate_1,3,0.04666666666666667
6258,candidate_2,candidate_3,candidate_1,3,0.04666666666666667
6259,candidate_2,candidate_3,candidate_1,3,0.04666666666666667
6260,candidate_2,candidate_3,candidate_1,3,0.04666666666666667
6261,candidate_2,candidate_3,candidate_1,3,0.04666666666666667
6262,candidate_2,candidate_3,candidate_1,3,0.04666666666666667
6263,candidate_2,candidate_3,candidate_1,3,0.04666666666666667
6264,candidate_2,candidate_3,candidate_1,3,0.04666666666666667
6265,candidate_2,candidate_3,candidate_1,3,0.04666666666666667
6266,candidate_2,candidate_3,candidate_1,3,0.04666666666666667
6267,candidate_2,0,candidate_1,3,0.04666666666666667
6268,candidate_2,candidate_3,candidate_1,3,0.04666666666666667
6269,candidate_2,candidate_3,candidate_1,3,0.04666666666666667
6270,candidate_2,candidate_3,candidate_1,3,0.04666666666666667
6271,candidate_2,candidate_3,candidate_1,3,0.04666666666666667
6272,candidate_2,0,candidate_1,3,0.04666666666666667
6273,candidate_2,candidate_3,candidate_1,3,0.04666666666666667
6274,candidate_2,candidate_3,candidate_1,3,0.04666666666666667
6275,candidate_2,candidate_3,candidate_1,3,0.04666666666666667
6276,candidate_2,candidate_3,candidate_1,3,0.04666666666666667
6277,candidate_2,candidate_3,candidate_1,3,0.04666666666666667
6278,candidate_2,candidate_3,candidate_1,3,0.04666666666666667
6279,candidate_2,candidate_3,candidate_1,3,0.04666666666666667
6280,candidate_2,candidate_3,candidate_1,3,0.04666666666666667
6281,candidate_2,candidate_3,candidate_1,3,0.04666666666666667
6282,candidate_2,candidate_3,candidate_1,3,0.04666666666666667
6283,candidate_2,candidate_3,candidate_1,3,0.04666666666666667
6284,candidate_2,candidate_3,candidate_1,3,0.04666666666666667
6285,candidate_2,candidate_3,candidate_1,3,0.04666666666666667
6286,candidate_2,candidate_3,candidate_1,3,0.04666666666666667
6287,0,candidate_3,candidate_1,3,0.04666666666666667
6288,candidate_2,candidate_3,candidate_1,3,0.04666666666666667
6289,candidate_2,candidate_3,candidate_1,3,0.04666666666666667
6290,candidate_2,candidate_3,candidate_1,3,0.04666666666666667
6291,0,candidate_3,candidate_1,3,0.04666666666666667
6292,candidate_2,candidate_3,candidate_1,3,0.04666666666666667
6293,candidate_2,candidate_3,candidate_1,3,0.04666666666666667
6294,candidate_2,candidate_3,candidate_1,3,0.04666666666666667
6295,candidate_2,candidate_3,candidate_1,3,0.04666666666666667
6296,candidate_2,candidate_3,0,3,0.04666666666666667
6297,candidate_2,candidate_3,candidate_1,3,0.04666666666666667
6298,candidate_2,candidate_3,candidate_1,3,0.04666666666666667
6299,candidate_2,candidate_3,candidate_1,3,0.04666666666666667
6300,candidate_2,candidate_3,candidate_1,3,0.04666666666666667
6301,candidate_2,candidate_3,candidate_1,3,0.04666666666666667
6302,candidate_2,candidate_3,candidate_1,3,0.04666666666666667
6303,candidate_2,0,candidate_1,3,0.04666666666666667
6304,candidate_2,candidate_3,candidate_1,3,0.04666666666666667
6305,candidate_2,candidate_3,candidate_1,3,0.04666666666666667
6306,candidate_2,candidate_3,candidate_1,3,0.04666666666666667
6307,candidate_2,candidate_3,candidate_1,3,0.04666666666666667
6308,candidate_2,0,candidate_1,3,0.04666666666666667
6309,candidate_2,candidate_3,candidate_1,3,0.04666666666666667
6310,candidate_2,candidate_3,candidate_1,3,0.04666666666666667
6311,candidate_2,candidate_3,candidate_1,3,0.04666666666666667
6312,candidate_2,candidate_3,candidate_1,3,0.04666666666666667
6313,candidate_2,candidate_3,candidate_1,3,0.04666666666666667
6314,candidate_2,candidate_3,candidate_1,3,0.04666666666666667
6315,candidate_2,candidate_3,candidate_1,3,0.04666666666666667
6316,candidate_2,candidate_3,candidate_1,3,0.04666666666666667
6317,candidate_2,candidate_3,candidate_1,3,0.04666666666666667
6318,candidate_2,candidate_3,candidate_1,3,0.04666666666666667
6319,candidate_2,candidate_3,candidate_1,3,0.04666666666666667
6320,candidate_2,candidate_3,candidate_1,3,0.04666666666666667
6321,candidate_2,candidate_3,candidate_1,3,0.04666666666666667
6322,candidate_2,candidate_3,candidate_1,3,0.04666666666666667
6323,candidate_2,0,candidate_1,3,0.04666666666666667
6324,candidate_2,candidate_3,candidate_1,3,0.04666666666666667
6325,candidate_2,candidate_3,candidate_1,3,0.04666666666666667
6326,candidate_2,candidate_3,0,3,0.04666666666666667
6327,candidate_2,candidate_3,candidate_1,3,0.04666666666666667
6328,candidate_2,candidate_3,candidate_1,3,0.04666666666666667
6329,candidate_2,candidate_3,candidate_1,3,0.04666666666666667
6330,candidate_2,candidate_3,candidate_1,3,0.04666666666666667
6331,candidate_2,candidate_3,candidate_1,3,0.04666666666666667
6332,candidate_2,0,candidate_1,3,0.04666666666666667
6333,candidate_2,candidate_3,candidate_1,3,0.04666666666666667
6334,candidate_2,candidate_3,candidate_1,3,0.04666666666666667
6335,candidate_2,candidate_3,candidate_1,3,0.04666666666666667
6336,candidate_2,candidate_3,candidate_1,3,0.04666666666666667
6337,candidate_2,candidate_3,candidate_1,3,0.04666666666666667
6338,candidate_2,candidate_3,candidate_1,3,0.04666666666666667
6339,candidate_2,candidate_3,candidate_1,3,0.04666666666666667
6340,candidate_2,candidate_3,candidate_1,3,0.04666666666666667
6341,candidate_2,candidate_3,candidate_1,3,0.04666666666666667
6342,candidate_2,candidate_3,candidate_1,3,0.04666666666666667
6343,candidate_2,candidate_3,candidate_1,3,0.04666666666666667
6344,candidate_2,candidate_3,candidate_1,3,0.04666666666666667
6345,candidate_2,candidate_3,candidate_1,3,0.04666666666666667
6346,candidate_2,candidate_3,0,3,0.04666666666666667
6347,candidate_2,candidate_3,candidate_1,3,0.04666666666666667
6348,candidate_2,candidate_3,candidate_1,3,0.04666666666666667
6349,candidate_2,candidate_3,candidate_1,3,0.04666666666666667
6350,candidate_2,candidate_3,candidate_1,3,0.04666666666666667
6351,candidate_2,candidate_3,candidate_1,3,0.04666666666666667
6352,candidate_2,0,candidate_1,3,0.04666666666666667
6353,candidate_2,candidate_3,candidate_1,3,0.04666666666666667
6354,candidate_2,candidate_3,candidate_1,3,0.04666666666666667
6355,candidate_2,candidate_3,candidate_1,3,0.04666666666666667
6356,candidate_2,candidate_3,candidate_1,3,0.04666666666666667
6357,candidate_2,candidate_3,candidate_1,3,0.04666666666666667
6358,candidate_2,candidate_3,candidate_1,3,0.04666666666666667
6359,candidate_2,candidate_3,candidate_1,3,0.04666666666666667
6360,candidate_2,candidate_3,candidate_1,3,0.04666666666666667
6361,candidate_2,candidate_3,candidate_1,3,0.04666666666666667
6362,candidate_2,candidate_3,candidate_1,3,0.04666666666666667
6363,candidate_2,candidate_3,candidate_1,3,0.04666666666666667
6364,candidate_2,candidate_3,candidate_1,3,0.04666666666666667
6365,candidate_2,candidate_3,candidate_1,3,0.04666666666666667
6366,candidate_2,candidate_3,candidate_1,3,0.04666666666666667
6367,candidate_2,candidate_3,0,3,0.04666666666666667
6368,candidate_2,candidate_3,candidate_1,3,0.04666666666666667
6369,candidate_2,candidate_3,candidate_1,3,0.04666666666666667
6370,candidate_2,candidate_3,candidate_1,3,0.04666666666666667
6371,candidate_2,candidate_3,candidate_1,3,0.04666666666666667
6372,candidate_2,candidate_3,candidate_1,3,0.04666666666666667
6373,candidate_2,candidate_3,candidate_1,3,0.04666666666666667
6374,candidate_2,candidate_3,candidate_1,3,0.04666666666666667
6375,candidate_2,candidate_3,candidate_1,3,0.04666666666666667
6376,candidate_2,candidate_3,candidate_1,3,0.04666666666666667
6377,candidate_2,candidate_3,candidate_1,3,0.04666666666666667
6378,candidate_2,candidate_3,candidate_1,3,0.04666666666666667
6379,candidate_2,candidate_3,candidate_1,3,0.04666666666666667
6380,candidate_2,candidate_3,candidate_1,3,0.04666666666666667
6381,candidate_2,candidate_3,candidate_1,3,0.04666666666666667
6382,candidate_2,candidate_3,candidate_1,3,0.04666666666666667
6383,candidate_2,candidate_3,candidate_1,3,0.04666666666666667
6384,candidate_2,candidate_3,candidate_1,3,0.04666666666666667
6385,candidate_2,candidate_3,candidate_1,3,0.04666666666666667
6386,candidate_2,candidate_3,candidate_1,3,0.04666666666666667
6387,candidate_2,candidate_3,candidate_1,3,0.04666666666666667
6388,candidate_2,candidate_3,candidate_1,3,0.04666666666666667
6389,candidate_2,candidate_3,candidate_1,3,0.04666666666666667
6390,candidate_2,candidate_3,candidate_1,3,0.04666666666666667
6391,candidate_2,candidate_3,candidate_1,3,0.04666666666666667
6392,candidate_2,candidate_3,candidate_1,3,0.04666666666666667
6393,candidate_2,candidate_3,candidate_1,3,0.04666666666666667
6394,candidate_2,candidate_3,candidate_1,3,0.04666666666666667
6395,candidate_2,candidate_3,candidate_1,3,0.04666666666666667
6396,candidate_2,candidate_3,candidate_1,3,0.04666666666666667
6397,candidate_2,candidate_3,candidate_1,3,0.04666666666666667
6398,candidate_2,candidate_3,candidate_1,3,0.04666666666666667
6399,candidate_2,candidate_3,candidate_1,3,0.04666666666666667
6400,candidate_2,candidate_3,candidate_1,3,0.04666666666666667
6401,0,candidate_3,candidate_1,3,0.04666666666666667
6402,candidate_2,candidate_3,candidate_1,3,0.04666666666666667
6403,candidate_2,candidate_3,candidate_1,3,0.04666666666666667
6404,candidate_2,candidate_3,candidate_1,3,0.04666666666666667
6405,candidate_2,candidate_3,candidate_1,3,0.04666666666666667
6406,candidate_2,candidate_3,candidate_1,3,0.04666666666666667
6407,0,candidate_3,candidate_1,3,0.04666666666666667
6408,candidate_2,candidate_3,candidate_1,3,0.04666666666666667
6409,candidate_2,candidate_3,candidate_1,3,0.04666666666666667
6410,candidate_2,candidate_3,candidate_1,3,0.04666666666666667
6411,candidate_2,candidate_3,candidate_1,3,0.04666666666666667
6412,candidate_2,candidate_3,candidate_1,3,0.04666666666666667
6413,0,candidate_3,candidate_1,3,0.04666666666666667
6414,candidate_2,0,candidate_1,3,0.04666666666666667
6415,candidate_2,candidate_3,candidate_1,3,0.04666666666666667
6416,candidate_2,candidate_3,candidate_1,3,0.04666666666666667
6417,candidate_2,candidate_3,candidate_1,3,0.04666666666666667
6418,candidate_2,candidate_3,candidate_1,3,0.04666666666666667
6419,candidate_2,candidate_3,candidate_1,3,0.04666666666666667
6420,candidate_2,candidate_3,candidate_1,3,0.04666666666666667
6421,candidate_2,candidate_3,candidate_1,3,0.04666666666666667
6422,candidate_2,candidate_3,candidate_1,3,0.04666666666666667
6423,candidate_2,candidate_3,candidate_1,3,0.04666666666666667
6424,candidate_2,candidate_3,candidate_1,3,0.04666666666666667
6425,candidate_2,candidate_3,candidate_1,3,0.04666666666666667
6426,candidate_2,candidate_3,candidate_1,3,0.04666666666666667
6427,candidate_2,candidate_3,candidate_1,3,0.04666666666666667
6428,candidate_2,candidate_3,candidate_1,3,0.04666666666666667
6429,candidate_2,candidate_3,candidate_1,3,0.04666666666666667
6430,candidate_2,candidate_3,candidate_1,3,0.04666666666666667
6431,candidate_2,candidate_3,candidate_1,3,0.04666666666666667
6432,candidate_2,candidate_3,candidate_1,3,0.04666666666666667
6433,0,candidate_3,candidate_1,3,0.04666666666666667
6434,candidate_2,candidate_3,candidate_1,3,0.04666666666666667
6435,candidate_2,candidate_3,0,3,0.04666666666666667
6436,candidate_2,0,candidate_1,3,0.04666666666666667
6437,candidate_2,candidate_3,candidate_1,3,0.04666666666666667
6438,candidate_2,candidate_3,candidate_1,3,0.04666666666666667
6439,candidate_2,candidate_3,candidate_1,3,0.04666666666666667
6440,candidate_2,candidate_3,candidate_1,3,0.04666666666666667
6441,candidate_2,candidate_3,candidate_1,3,0.04666666666666667
6442,candidate_2,candidate_3,candidate_1,3,0.04666666666666667
6443,0,candidate_3,candidate_1,3,0.04666666666666667
6444,0,candidate_3,candidate_1,3,0.04666666666666667
6445,candidate_2,candidate_3,candidate_1,3,0.04666666666666667
6446,candidate_2,candidate_3,candidate_1,3,0.04666666666666667
6447,candidate_2,candidate_3,candidate_1,3,0.04666666666666667
6448,candidate_2,candidate_3,candidate_1,3,0.04666666666666667
6449,candidate_2,candidate_3,candidate_1,3,0.04666666666666667
6450,candidate_2,candidate_3,candidate_1,3,0.04666666666666667
6451,0,candidate_3,candidate_1,3,0.04666666666666667
6452,candidate_2,candidate_3,candidate_1,3,0.04666666666666667
6453,candidate_2,candidate_3,candidate_1,3,0.04666666666666667
6454,candidate_2,candidate_3,candidate_1,3,0.04666666666666667
6455,candidate_2,candidate_3,candidate_1,3,0.04666666666666667
6456,candidate_2,candidate_3,candidate_1,3,0.04666666666666667
6457,candidate_2,candidate_3,candidate_1,3,0.04666666666666667
6458,candidate_2,candidate_3,candidate_1,3,0.04666666666666667
6459,candidate_2,candidate_3,candidate_1,3,0.04666666666666667
6460,candidate_2,candidate_3,candidate_1,3,0.04666666666666667
6461,candidate_2,0,candidate_1,3,0.04666666666666667
6462,candidate_2,candidate_3,candidate_1,3,0.04666666666666667
6463,candidate_2,candidate_3,candidate_1,3,0.04666666666666667
6464,candidate_2,candidate_3,candidate_1,3,0.04666666666666667
6465,candidate_2,candidate_3,candidate_1,3,0.04666666666666667
6466,candidate_2,candidate_3,candidate_1,3,0.04666666666666667
6467,candidate_2,candidate_3,candidate_1,3,0.04666666666666667
6468,candidate_2,0,candidate_1,3,0.04666666666666667
6469,candidate_2,candidate_3,candidate_1,3,0.04666666666666667
6470,candidate_2,candidate_3,candidate_1,3,0.04666666666666667
6471,candidate_2,candidate_3,candidate_1,3,0.04666666666666667
6472,candidate_2,candidate_3,candidate_1,3,0.04666666666666667
6473,0,candidate_3,candidate_1,3,0.04666666666666667
6474,candidate_2,candidate_3,candidate_1,3,0.04666666666666667
6475,candidate_2,candidate_3,candidate_1,3,0.04666666666666667
6476,candidate_2,candidate_3,candidate_1,3,0.04666666666666667
6477,candidate_2,candidate_3,candidate_1,3,0.04666666666666667
6478,candidate_2,candidate_3,candidate_1,3,0.04666666666666667
6479,candidate_2,candidate_3,candidate_1,3,0.04666666666666667
6480,0,0,candidate_1,3,0.04666666666666667
6481,candidate_2,candidate_3,candidate_1,3,0.04666666666666667
6482,candidate_2,candidate_3,candidate_1,3,0.04666666666666667
6483,candidate_2,candidate_3,candidate_1,3,0.04666666666666667
6484,candidate_2,candidate_3,candidate_1,3,0.04666666666666667
6485,candidate_2,candidate_3,candidate_1,3,0.04666666666666667
6486,candidate_2,candidate_3,candidate_1,3,0.04666666666666667
6487,candidate_2,candidate_3,candidate_1,3,0.04666666666666667
6488,candidate_2,candidate_3,candidate_1,3,0.04666666666666667
6489,candidate_2,candidate_3,candidate_1,3,0.04666666666666667
6490,candidate_2,candidate_3,0,3,0.04666666666666667
6491,candidate_2,candidate_3,candidate_1,3,0.04666666666666667
6492,candidate_2,candidate_3,candidate_1,3,0.04666666666666667
6493,candidate_2,candidate_3,candidate_1,3,0.04666666666666667
6494,candidate_2,candidate_3,0,3,0.04666666666666667
6495,candidate_2,candidate_3,candidate_1,3,0.04666666666666667
6496,candidate_2,candidate_3,candidate_1,3,0.04666666666666667
6497,candidate_2,candidate_3,candidate_1,3,0.04666666666666667
6498,candidate_2,candidate_3,candidate_1,3,0.04666666666666667
6499,0,0,0,3,0.04666666666666667
6500,candidate_2,candidate_3,candidate_1,3,0.04666666666666667
6501,candidate_2,candidate_3,candidate_1,3,0.04666666666666667
6502,candidate_2,candidate_3,candidate_1,3,0.04666666666666667
6503,candidate_2,candidate_3,candidate_1,3,0.04666666666666667
6504,candidate_2,candidate_3,candidate_1,3,0.04666666666666667
6505,candidate_2,candidate_3,candidate_1,3,0.04666666666666667
6506,candidate_2,candidate_3,candidate_1,3,0.04666666666666667
6507,candidate_2,candidate_3,candidate_1,3,0.04666666666666667
6508,0,candidate_3,candidate_1,3,0.04666666666666667
6509,candidate_2,candidate_3,candidate_1,3,0.04666666666666667
6510,candidate_2,candidate_3,0,3,0.04666666666666667
6511,candidate_2,candidate_3,candidate_1,3,0.04666666666666667
6512,candidate_2,candidate_3,candidate_1,3,0.04666666666666667
6513,candidate_2,candidate_3,candidate_1,3,0.04666666666666667
6514,candidate_2,candidate_3,candidate_1,3,0.04666666666666667
6515,candidate_2,candidate_3,candidate_1,3,0.04666666666666667
6516,candidate_2,0,0,3,0.04666666666666667
6517,candidate_2,candidate_3,candidate_1,3,0.04666666666666667
6518,candidate_2,candidate_3,candidate_1,3,0.04666666666666667
6519,candidate_2,candidate_3,candidate_1,3,0.04666666666666667
6520,candidate_2,candidate_3,candidate_1,3,0.04666666666666667
6521,candidate_2,candidate_3,candidate_1,3,0.04666666666666667
6522,candidate_2,candidate_3,candidate_1,3,0.04666666666666667
6523,candidate_2,candidate_3,candidate_1,3,0.04666666666666667
6524,candidate_2,candidate_3,candidate_1,3,0.04666666666666667
6525,candidate_2,candidate_3,candidate_1,3,0.04666666666666667
6526,candidate_2,candidate_3,candidate_1,3,0.04666666666666667
6527,candidate_2,candidate_3,candidate_1,3,0.04666666666666667
6528,candidate_2,candidate_3,candidate_1,3,0.04666666666666667
6529,candidate_2,candidate_3,candidate_1,3,0.04666666666666667
6530,candidate_2,candidate_3,candidate_1,3,0.04666666666666667
6531,candidate_2,candidate_3,candidate_1,3,0.04666666666666667
6532,candidate_2,candidate_3,candidate_1,3,0.04666666666666667
6533,candidate_2,candidate_3,candidate_1,3,0.04666666666666667
6534,candidate_2,candidate_3,candidate_1,3,0.04666666666666667
6535,candidate_2,candidate_3,candidate_1,3,0.04666666666666667
6536,candidate_2,candidate_3,candidate_1,3,0.04666666666666667
6537,candidate_2,candidate_3,candidate_1,3,0.04666666666666667
6538,candidate_2,candidate_3,candidate_1,3,0.04666666666666667
6539,candidate_2,candidate_3,candidate_1,3,0.04666666666666667
6540,candidate_2,candidate_3,candidate_1,3,0.04666666666666667
6541,candidate_2,candidate_3,candidate_1,3,0.04666666666666667
6542,candidate_2,0,candidate_1,3,0.04666666666666667
6543,candidate_2,candidate_3,candidate_1,3,0.04666666666666667
6544,candidate_2,candidate_3,candidate_1,3,0.04666666666666667
6545,candidate_2,candidate_3,candidate_1,3,0.04666666666666667
6546,candidate_2,candidate_3,candidate_1,3,0.04666666666666667
6547,0,candidate_3,candidate_1,3,0.04666666666666667
6548,candidate_2,candidate_3,candidate_1,3,0.04666666666666667
6549,candidate_2,candidate_3,candidate_1,3,0.04666666666666667
6550,candidate_2,candidate_3,candidate_1,3,0.04666666666666667
6551,candidate_2,candidate_3,candidate_1,3,0.04666666666666667
6552,candidate_2,candidate_3,candidate_1,3,0.04666666666666667
6553,0,candidate_3,candidate_1,3,0.04666666666666667
6554,candidate_2,candidate_3,candidate_1,3,0.04666666666666667
6555,candidate_2,candidate_3,candidate_1,3,0.04666666666666667
6556,candidate_2,candidate_3,candidate_1,3,0.04666666666666667
6557,candidate_2,candidate_3,candidate_1,3,0.04666666666666667
6558,candidate_2,candidate_3,candidate_1,3,0.04666666666666667
6559,candidate_2,candidate_3,0,3,0.04666666666666667
6560,candidate_2,candidate_3,candidate_1,3,0.04666666666666667
6561,candidate_2,candidate_3,candidate_1,3,0.04666666666666667
6562,candidate_2,0,candidate_1,3,0.04666666666666667
6563,candidate_2,candidate_3,candidate_1,3,0.04666666666666667
6564,candidate_2,candidate_3,candidate_1,3,0.04666666666666667
6565,candidate_2,candidate_3,candidate_1,3,0.04666666666666667
6566,candidate_2,candidate_3,candidate_1,3,0.04666666666666667
6567,candidate_2,candidate_3,0,3,0.04666666666666667
6568,candidate_2,candidate_3,candidate_1,3,0.04666666666666667
6569,candidate_2,candidate_3,candidate_1,3,0.04666666666666667
6570,0,candidate_3,candidate_1,3,0.04666666666666667
6571,candidate_2,candidate_3,candidate_1,3,0.04666666666666667
6572,candidate_2,candidate_3,candidate_1,3,0.04666666666666667
6573,candidate_2,candidate_3,candidate_1,3,0.04666666666666667
6574,candidate_2,candidate_3,candidate_1,3,0.04666666666666667
6575,candidate_2,candidate_3,candidate_1,3,0.04666666666666667
6576,candidate_2,candidate_3,candidate_1,3,0.04666666666666667
6577,candidate_2,candidate_3,candidate_1,3,0.04666666666666667
6578,candidate_2,candidate_3,candidate_1,3,0.04666666666666667
6579,candidate_2,candidate_3,candidate_1,3,0.04666666666666667
6580,candidate_2,candidate_3,candidate_1,3,0.04666666666666667
6581,candidate_2,candidate_3,candidate_1,3,0.04666666666666667
6582,candidate_2,candidate_3,candidate_1,3,0.04666666666666667
6583,0,candidate_3,candidate_1,3,0.04666666666666667
6584,candidate_2,candidate_3,candidate_1,3,0.04666666666666667
6585,candidate_2,candidate_3,candidate_1,3,0.04666666666666667
6586,candidate_2,candidate_3,candidate_1,3,0.04666666666666667
6587,candidate_2,candidate_3,candidate_1,3,0.04666666666666667
6588,candidate_2,candidate_3,candidate_1,3,0.04666666666666667
6589,candidate_2,candidate_3,candidate_1,3,0.04666666666666667
6590,candidate_2,candidate_3,candidate_1,3,0.04666666666666667
6591,candidate_2,candidate_3,candidate_1,3,0.04666666666666667
6592,candidate_2,candidate_3,candidate_1,3,0.04666666666666667
6593,candidate_2,candidate_3,candidate_1,3,0.04666666666666667
6594,candidate_2,candidate_3,candidate_1,3,0.04666666666666667
6595,candidate_2,candidate_3,candidate_1,3,0.04666666666666667
6596,candidate_2,candidate_3,candidate_1,3,0.04666666666666667
6597,candidate_2,candidate_3,candidate_1,3,0.04666666666666667
6598,candidate_2,candidate_3,candidate_1,3,0.04666666666666667
6599,candidate_2,candidate_3,candidate_1,3,0.04666666666666667
6600,candidate_2,candidate_3,candidate_1,3,0.04666666666666667
6601,0,candidate_3,candidate_1,3,0.04666666666666667
6602,candidate_2,candidate_3,candidate_1,3,0.04666666666666667
6603,candidate_2,candidate_3,candidate_1,3,0.04666666666666667
6604,candidate_2,candidate_3,candidate_1,3,0.04666666666666667
6605,candidate_2,candidate_3,candidate_1,3,0.04666666666666667
6606,candidate_2,candidate_3,candidate_1,3,0.04666666666666667
6607,candidate_2,candidate_3,candidate_1,3,0.04666666666666667
6608,candidate_2,candidate_3,candidate_1,3,0.04666666666666667
6609,candidate_2,candidate_3,0,3,0.04666666666666667
6610,candidate_2,candidate_3,candidate_1,3,0.04666666666666667
6611,candidate_2,candidate_3,candidate_1,3,0.04666666666666667
6612,candidate_2,candidate_3,candidate_1,3,0.04666666666666667
6613,candidate_2,candidate_3,candidate_1,3,0.04666666666666667
6614,candidate_2,candidate_3,candidate_1,3,0.04666666666666667
6615,candidate_2,candidate_3,candidate_1,3,0.04666666666666667
6616,candidate_2,candidate_3,candidate_1,3,0.04666666666666667
6617,candidate_2,candidate_3,candidate_1,3,0.04666666666666667
6618,candidate_2,candidate_3,candidate_1,3,0.04666666666666667
6619,candidate_2,candidate_3,candidate_1,3,0.04666666666666667
6620,candidate_2,0,candidate_1,3,0.04666666666666667
6621,candidate_2,candidate_3,candidate_1,3,0.04666666666666667
6622,candidate_2,candidate_3,0,3,0.04666666666666667
6623,candidate_2,candidate_3,candidate_1,3,0.04666666666666667
6624,candidate_2,candidate_3,candidate_1,3,0.04666666666666667
6625,candidate_2,candidate_3,candidate_1,3,0.04666666666666667
6626,candidate_2,candidate_3,candidate_1,3,0.04666666666666667
6627,candidate_2,candidate_3,candidate_1,3,0.04666666666666667
6628,candidate_2,candidate_3,candidate_1,3,0.04666666666666667
6629,candidate_2,candidate_3,candidate_1,3,0.04666666666666667
6630,candidate_2,candidate_3,candidate_1,3,0.04666666666666667
6631,candidate_2,candidate_3,candidate_1,3,0.04666666666666667
6632,candidate_2,candidate_3,candidate_1,3,0.04666666666666667
6633,candidate_2,candidate_3,candidate_1,3,0.04666666666666667
6634,candidate_2,candidate_3,candidate_1,3,0.04666666666666667
6635,candidate_2,candidate_3,candidate_1,3,0.04666666666666667
6636,candidate_2,candidate_3,candidate_1,3,0.04666666666666667
6637,0,candidate_3,candidate_1,3,0.04666666666666667
6638,candidate_2,candidate_3,candidate_1,3,0.04666666666666667
6639,candidate_2,candidate_3,candidate_1,3,0.04666666666666667
6640,candidate_2,candidate_3,candidate_1,3,0.04666666666666667
6641,candidate_2,candidate_3,candidate_1,3,0.04666666666666667
6642,candidate_2,candidate_3,candidate_1,3,0.04666666666666667
6643,candidate_2,candidate_3,candidate_1,3,0.04666666666666667
6644,0,candidate_3,candidate_1,3,0.04666666666666667
6645,candidate_2,candidate_3,candidate_1,3,0.04666666666666667
6646,candidate_2,candidate_3,0,3,0.04666666666666667
6647,candidate_2,candidate_3,candidate_1,3,0.04666666666666667
6648,candidate_2,candidate_3,candidate_1,3,0.04666666666666667
6649,candidate_2,candidate_3,candidate_1,3,0.04666666666666667
6650,candidate_2,candidate_3,candidate_1,3,0.04666666666666667
6651,candidate_2,candidate_3,candidate_1,3,0.04666666666666667
6652,candidate_2,candidate_3,candidate_1,3,0.04666666666666667
6653,candidate_2,candidate_3,candidate_1,3,0.04666666666666667
6654,candidate_2,candidate_3,candidate_1,3,0.04666666666666667
6655,0,candidate_3,candidate_1,3,0.04666666666666667
6656,candidate_2,candidate_3,candidate_1,3,0.04666666666666667
6657,candidate_2,candidate_3,candidate_1,3,0.04666666666666667
6658,0,candidate_3,candidate_1,3,0.04666666666666667
6659,candidate_2,candidate_3,candidate_1,3,0.04666666666666667
6660,candidate_2,candidate_3,candidate_1,3,0.04666666666666667
6661,candidate_2,candidate_3,candidate_1,3,0.04666666666666667
6662,candidate_2,candidate_3,candidate_1,3,0.04666666666666667
6663,candidate_2,0,candidate_1,3,0.04666666666666667
6664,0,candidate_3,candidate_1,3,0.04666666666666667
6665,candidate_2,candidate_3,candidate_1,3,0.04666666666666667
6666,candidate_2,candidate_3,candidate_1,3,0.04666666666666667
6667,candidate_2,0,candidate_1,3,0.04666666666666667
6668,candidate_2,candidate_3,candidate_1,3,0.04666666666666667
6669,candidate_2,candidate_3,candidate_1,3,0.04666666666666667
6670,candidate_2,candidate_3,candidate_1,3,0.04666666666666667
6671,candidate_2,candidate_3,candidate_1,3,0.04666666666666667
6672,candidate_2,candidate_3,candidate_1,3,0.04666666666666667
6673,candidate_2,candidate_3,candidate_1,3,0.04666666666666667
6674,candidate_2,candidate_3,candidate_1,3,0.04666666666666667
6675,candidate_2,candidate_3,candidate_1,3,0.04666666666666667
6676,candidate_2,candidate_3,candidate_1,3,0.04666666666666667
6677,candidate_2,candidate_3,candidate_1,3,0.04666666666666667
6678,candidate_2,0,candidate_1,3,0.04666666666666667
6679,candidate_2,candidate_3,candidate_1,3,0.04666666666666667
6680,0,candidate_3,candidate_1,3,0.04666666666666667
6681,candidate_2,candidate_3,candidate_1,3,0.04666666666666667
6682,candidate_2,candidate_3,0,3,0.04666666666666667
6683,candidate_2,0,candidate_1,3,0.04666666666666667
6684,candidate_2,candidate_3,candidate_1,3,0.04666666666666667
6685,candidate_2,candidate_3,candidate_1,3,0.04666666666666667
6686,candidate_2,candidate_3,candidate_1,3,0.04666666666666667
6687,candidate_2,candidate_3,candidate_1,3,0.04666666666666667
6688,candidate_2,candidate_3,candidate_1,3,0.04666666666666667
6689,candidate_2,candidate_3,candidate_1,3,0.04666666666666667
6690,candidate_2,candidate_3,0,3,0.04666666666666667
6691,candidate_2,candidate_3,candidate_1,3,0.04666666666666667
6692,candidate_2,candidate_3,candidate_1,3,0.04666666666666667
6693,candidate_2,candidate_3,candidate_1,3,0.04666666666666667
6694,candidate_2,candidate_3,candidate_1,3,0.04666666666666667
6695,candidate_2,candidate_3,candidate_1,3,0.04666666666666667
6696,candidate_2,candidate_3,candidate_1,3,0.04666666666666667
6697,0,candidate_3,candidate_1,3,0.04666666666666667
6698,candidate_2,candidate_3,candidate_1,3,0.04666666666666667
6699,candidate_2,candidate_3,candidate_1,3,0.04666666666666667
6700,candidate_2,candidate_3,candidate_1,3,0.04666666666666667
6701,candidate_2,candidate_3,candidate_1,3,0.04666666666666667
6702,candidate_2,candidate_3,candidate_1,3,0.04666666666666667
6703,candidate_2,candidate_3,candidate_1,3,0.04666666666666667
6704,candidate_2,candidate_3,candidate_1,3,0.04666666666666667
6705,candidate_2,candidate_3,candidate_1,3,0.04666666666666667
6706,candidate_2,candidate_3,candidate_1,3,0.04666666666666667
6707,candidate_2,candidate_3,candidate_1,3,0.04666666666666667
6708,candidate_2,0,candidate_1,3,0.04666666666666667
6709,candidate_2,candidate_3,candidate_1,3,0.04666666666666667
6710,candidate_2,candidate_3,candidate_1,3,0.04666666666666667
6711,candidate_2,0,candidate_1,3,0.04666666666666667
6712,candidate_2,candidate_3,candidate_1,3,0.04666666666666667
6713,candidate_2,candidate_3,candidate_1,3,0.04666666666666667
6714,0,candidate_3,candidate_1,3,0.04666666666666667
6715,candidate_2,candidate_3,0,3,0.04666666666666667
6716,candidate_2,candidate_3,candidate_1,3,0.04666666666666667
6717,candidate_2,candidate_3,candidate_1,3,0.04666666666666667
6718,candidate_2,candidate_3,candidate_1,3,0.04666666666666667
6719,candidate_2,candidate_3,0,3,0.04666666666666667
6720,candidate_2,candidate_3,candidate_1,3,0.04666666666666667
6721,candidate_2,candidate_3,candidate_1,3,0.04666666666666667
6722,candidate_2,candidate_3,candidate_1,3,0.04666666666666667
6723,candidate_2,candidate_3,candidate_1,3,0.04666666666666667
6724,candidate_2,candidate_3,candidate_1,3,0.04666666666666667
6725,candidate_2,candidate_3,candidate_1,3,0.04666666666666667
6726,candidate_2,candidate_3,0,3,0.04666666666666667
6727,0,candidate_3,candidate_1,3,0.04666666666666667
6728,candidate_2,candidate_3,candidate_1,3,0.04666666666666667
6729,candidate_2,candidate_3,candidate_1,3,0.04666666666666667
6730,candidate_2,candidate_3,candidate_1,3,0.04666666666666667
6731,candidate_2,candidate_3,candidate_1,3,0.04666666666666667
6732,candidate_2,candidate_3,candidate_1,3,0.04666666666666667
6733,candidate_2,candidate_3,candidate_1,3,0.04666666666666667
6734,candidate_2,candidate_3,candidate_1,3,0.04666666666666667
6735,candidate_2,0,candidate_1,3,0.04666666666666667
6736,candidate_2,candidate_3,candidate_1,3,0.04666666666666667
6737,candidate_2,candidate_3,candidate_1,3,0.04666666666666667
6738,0,0,candidate_1,3,0.04666666666666667
6739,candidate_2,candidate_3,candidate_1,3,0.04666666666666667
6740,candidate_2,candidate_3,candidate_1,3,0.04666666666666667
6741,candidate_2,candidate_3,candidate_1,3,0.04666666666666667
6742,candidate_2,candidate_3,candidate_1,3,0.04666666666666667
6743,candidate_2,candidate_3,candidate_1,3,0.04666666666666667
6744,candidate_2,candidate_3,candidate_1,3,0.04666666666666667
6745,candidate_2,candidate_3,candidate_1,3,0.04666666666666667
6746,candidate_2,candidate_3,candidate_1,3,0.04666666666666667
6747,candidate_2,candidate_3,candidate_1,3,0.04666666666666667
6748,candidate_2,candidate_3,candidate_1,3,0.04666666666666667
6749,candidate_2,candidate_3,candidate_1,3,0.04666666666666667
6750,candidate_2,candidate_3,0,3,0.04666666666666667
6751,candidate_2,candidate_3,candidate_1,3,0.04666666666666667
6752,candidate_2,candidate_3,candidate_1,3,0.04666666666666667
6753,candidate_2,candidate_3,candidate_1,3,0.04666666666666667
6754,candidate_2,candidate_3,candidate_1,3,0.04666666666666667
6755,candidate_2,candidate_3,candidate_1,3,0.04666666666666667
6756,candidate_2,candidate_3,candidate_1,3,0.04666666666666667
6757,candidate_2,candidate_3,candidate_1,3,0.04666666666666667
6758,candidate_2,candidate_3,candidate_1,3,0.04666666666666667
6759,candidate_2,candidate_3,candidate_1,3,0.04666666666666667
6760,candidate_2,candidate_3,candidate_1,3,0.04666666666666667
6761,candidate_2,candidate_3,candidate_1,3,0.04666666666666667
6762,candidate_2,candidate_3,candidate_1,3,0.04666666666666667
6763,candidate_2,candidate_3,candidate_1,3,0.04666666666666667
6764,candidate_2,candidate_3,candidate_1,3,0.04666666666666667
6765,candidate_2,candidate_3,candidate_1,3,0.04666666666666667
6766,candidate_2,candidate_3,candidate_1,3,0.04666666666666667
6767,candidate_2,candidate_3,candidate_1,3,0.04666666666666667
6768,candidate_2,candidate_3,candidate_1,3,0.04666666666666667
6769,candidate_2,candidate_3,candidate_1,3,0.04666666666666667
6770,candidate_2,candidate_3,candidate_1,3,0.04666666666666667
6771,candidate_2,candidate_3,candidate_1,3,0.04666666666666667
6772,candidate_2,candidate_3,candidate_1,3,0.04666666666666667
6773,candidate_2,candidate_3,candidate_1,3,0.04666666666666667
6774,candidate_2,candidate_3,candidate_1,3,0.04666666666666667
6775,candidate_2,candidate_3,candidate_1,3,0.04666666666666667
6776,candidate_2,candidate_3,candidate_1,3,0.04666666666666667
6777,candidate_2,candidate_3,candidate_1,3,0.04666666666666667
6778,candidate_2,candidate_3,candidate_1,3,0.04666666666666667
6779,0,candidate_3,candidate_1,3,0.04666666666666667
6780,0,candidate_3,candidate_1,3,0.04666666666666667
6781,candidate_2,candidate_3,candidate_1,3,0.04666666666666667
6782,candidate_2,candidate_3,candidate_1,3,0.04666666666666667
6783,candidate_2,candidate_3,candidate_1,3,0.04666666666666667
6784,candidate_2,candidate_3,candidate_1,3,0.04666666666666667
6785,candidate_2,candidate_3,candidate_1,3,0.04666666666666667
6786,candidate_2,candidate_3,candidate_1,3,0.04666666666666667
6787,candidate_2,candidate_3,candidate_1,3,0.04666666666666667
6788,candidate_2,candidate_3,0,3,0.04666666666666667
6789,candidate_2,candidate_3,candidate_1,3,0.04666666666666667
6790,candidate_2,candidate_3,candidate_1,3,0.04666666666666667
6791,candidate_2,candidate_3,candidate_1,3,0.04666666666666667
6792,candidate_2,candidate_3,candidate_1,3,0.04666666666666667
6793,0,candidate_3,0,3,0.04666666666666667
6794,candidate_2,candidate_3,candidate_1,3,0.04666666666666667
6795,candidate_2,candidate_3,candidate_1,3,0.04666666666666667
6796,candidate_2,candidate_3,candidate_1,3,0.04666666666666667
6797,candidate_2,candidate_3,candidate_1,3,0.04666666666666667
6798,candidate_2,0,candidate_1,3,0.04666666666666667
6799,candidate_2,candidate_3,0,3,0.04666666666666667
6800,candidate_2,candidate_3,candidate_1,3,0.04666666666666667
6801,candidate_2,candidate_3,candidate_1,3,0.04666666666666667
6802,candidate_2,candidate_3,candidate_1,3,0.04666666666666667
6803,candidate_2,candidate_3,candidate_1,3,0.04666666666666667
6804,candidate_2,candidate_3,candidate_1,3,0.04666666666666667
6805,candidate_2,candidate_3,candidate_1,3,0.04666666666666667
6806,candidate_2,candidate_3,candidate_1,3,0.04666666666666667
6807,candidate_2,candidate_3,candidate_1,3,0.04666666666666667
6808,candidate_2,candidate_3,candidate_1,3,0.04666666666666667
6809,candidate_2,candidate_3,candidate_1,3,0.04666666666666667
6810,candidate_2,candidate_3,candidate_1,3,0.04666666666666667
6811,candidate_2,candidate_3,candidate_1,3,0.04666666666666667
6812,candidate_2,candidate_3,candidate_1,3,0.04666666666666667
6813,candidate_2,candidate_3,0,3,0.04666666666666667
6814,candidate_2,candidate_3,candidate_1,3,0.04666666666666667
6815,candidate_2,candidate_3,candidate_1,3,0.04666666666666667
6816,candidate_2,candidate_3,candidate_1,3,0.04666666666666667
6817,candidate_2,candidate_3,candidate_1,3,0.04666666666666667
6818,candidate_2,candidate_3,candidate_1,3,0.04666666666666667
6819,candidate_2,0,candidate_1,3,0.04666666666666667
6820,candidate_2,candidate_3,candidate_1,3,0.04666666666666667
6821,candidate_2,candidate_3,candidate_1,3,0.04666666666666667
6822,candidate_2,candidate_3,candidate_1,3,0.04666666666666667
6823,candidate_2,candidate_3,candidate_1,3,0.04666666666666667
6824,candidate_2,candidate_3,candidate_1,3,0.04666666666666667
6825,candidate_2,candidate_3,candidate_1,3,0.04666666666666667
6826,candidate_2,candidate_3,candidate_1,3,0.04666666666666667
6827,candidate_2,0,candidate_1,3,0.04666666666666667
6828,candidate_2,candidate_3,candidate_1,3,0.04666666666666667
6829,candidate_2,candidate_3,candidate_1,3,0.04666666666666667
6830,candidate_2,candidate_3,candidate_1,3,0.04666666666666667
6831,candidate_2,candidate_3,candidate_1,3,0.04666666666666667
6832,candidate_2,candidate_3,candidate_1,3,0.04666666666666667
6833,candidate_2,candidate_3,candidate_1,3,0.04666666666666667
6834,candidate_2,candidate_3,candidate_1,3,0.04666666666666667
6835,candidate_2,candidate_3,candidate_1,3,0.04666666666666667
6836,candidate_2,candidate_3,candidate_1,3,0.04666666666666667
6837,candidate_2,candidate_3,candidate_1,3,0.04666666666666667
6838,candidate_2,candidate_3,candidate_1,3,0.04666666666666667
6839,candidate_2,0,candidate_1,3,0.04666666666666667
6840,candidate_2,candidate_3,candidate_1,3,0.04666666666666667
6841,candidate_2,candidate_3,candidate_1,3,0.04666666666666667
6842,candidate_2,candidate_3,candidate_1,3,0.04666666666666667
6843,candidate_2,candidate_3,candidate_1,3,0.04666666666666667
6844,candidate_2,candidate_3,candidate_1,3,0.04666666666666667
6845,candidate_2,candidate_3,candidate_1,3,0.04666666666666667
6846,candidate_2,candidate_3,candidate_1,3,0.04666666666666667
6847,candidate_2,candidate_3,candidate_1,3,0.04666666666666667
6848,candidate_2,candidate_3,candidate_1,3,0.04666666666666667
6849,candidate_2,candidate_3,candidate_1,3,0.04666666666666667
6850,candidate_2,candidate_3,candidate_1,3,0.04666666666666667
6851,candidate_2,candidate_3,candidate_1,3,0.04666666666666667
6852,candidate_2,candidate_3,candidate_1,3,0.04666666666666667
6853,candidate_2,candidate_3,candidate_1,3,0.04666666666666667
6854,candidate_2,candidate_3,candidate_1,3,0.04666666666666667
6855,candidate_2,candidate_3,candidate_1,3,0.04666666666666667
6856,candidate_2,candidate_3,candidate_1,3,0.04666666666666667
6857,candidate_2,candidate_3,candidate_1,3,0.04666666666666667
6858,candidate_2,candidate_3,candidate_1,3,0.04666666666666667
6859,candidate_2,candidate_3,candidate_1,3,0.04666666666666667
6860,candidate_2,candidate_3,candidate_1,3,0.04666666666666667
6861,candidate_2,candidate_3,candidate_1,3,0.04666666666666667
6862,candidate_2,candidate_3,candidate_1,3,0.04666666666666667
6863,candidate_2,candidate_3,candidate_1,3,0.04666666666666667
6864,candidate_2,0,candidate_1,3,0.04666666666666667
6865,candidate_2,candidate_3,candidate_1,3,0.04666666666666667
6866,candidate_2,candidate_3,candidate_1,3,0.04666666666666667
6867,candidate_2,candidate_3,candidate_1,3,0.04666666666666667
6868,candidate_2,candidate_3,candidate_1,3,0.04666666666666667
6869,candidate_2,candidate_3,candidate_1,3,0.04666666666666667
6870,candidate_2,candidate_3,candidate_1,3,0.04666666666666667
6871,candidate_2,candidate_3,candidate_1,3,0.04666666666666667
6872,candidate_2,candidate_3,candidate_1,3,0.04666666666666667
6873,candidate_2,candidate_3,candidate_1,3,0.04666666666666667
6874,candidate_2,candidate_3,0,3,0.04666666666666667
6875,candidate_2,candidate_3,0,3,0.04666666666666667
6876,candidate_2,candidate_3,candidate_1,3,0.04666666666666667
6877,candidate_2,candidate_3,candidate_1,3,0.04666666666666667
6878,candidate_2,candidate_3,candidate_1,3,0.04666666666666667
6879,candidate_2,candidate_3,candidate_1,3,0.04666666666666667
6880,candidate_2,candidate_3,candidate_1,3,0.04666666666666667
6881,candidate_2,candidate_3,candidate_1,3,0.04666666666666667
6882,candidate_2,candidate_3,candidate_1,3,0.04666666666666667
6883,candidate_2,candidate_3,candidate_1,3,0.04666666666666667
6884,candidate_2,candidate_3,candidate_1,3,0.04666666666666667
6885,candidate_2,candidate_3,candidate_1,3,0.04666666666666667
6886,candidate_2,candidate_3,candidate_1,3,0.04666666666666667
6887,candidate_2,candidate_3,candidate_1,3,0.04666666666666667
6888,candidate_2,candidate_3,candidate_1,3,0.04666666666666667
6889,0,candidate_3,candidate_1,3,0.04666666666666667
6890,candidate_2,candidate_3,candidate_1,3,0.04666666666666667
6891,candidate_2,0,candidate_1,3,0.04666666666666667
6892,candidate_2,candidate_3,candidate_1,3,0.04666666666666667
6893,candidate_2,candidate_3,candidate_1,3,0.04666666666666667
6894,candidate_2,candidate_3,candidate_1,3,0.04666666666666667
6895,candidate_2,candidate_3,candidate_1,3,0.04666666666666667
6896,candidate_2,candidate_3,candidate_1,3,0.04666666666666667
6897,candidate_2,candidate_3,candidate_1,3,0.04666666666666667
6898,candidate_2,candidate_3,candidate_1,3,0.04666666666666667
6899,candidate_2,candidate_3,candidate_1,3,0.04666666666666667
6900,candidate_2,candidate_3,candidate_1,3,0.04666666666666667
6901,candidate_2,candidate_3,0,3,0.04666666666666667
6902,candidate_2,candidate_3,candidate_1,3,0.04666666666666667
6903,candidate_2,0,candidate_1,3,0.04666666666666667
6904,candidate_2,candidate_3,candidate_1,3,0.04666666666666667
6905,candidate_2,candidate_3,candidate_1,3,0.04666666666666667
6906,candidate_2,candidate_3,candidate_1,3,0.04666666666666667
6907,candidate_2,candidate_3,0,3,0.04666666666666667
6908,candidate_2,candidate_3,candidate_1,3,0.04666666666666667
6909,candidate_2,candidate_3,candidate_1,3,0.04666666666666667
6910,candidate_2,candidate_3,candidate_1,3,0.04666666666666667
6911,candidate_2,candidate_3,candidate_1,3,0.04666666666666667
6912,candidate_2,candidate_3,candidate_1,3,0.04666666666666667
6913,candidate_2,candidate_3,candidate_1,3,0.04666666666666667
6914,candidate_2,candidate_3,candidate_1,3,0.04666666666666667
6915,candidate_2,candidate_3,candidate_1,3,0.04666666666666667
6916,candidate_2,candidate_3,candidate_1,3,0.04666666666666667
6917,candidate_2,candidate_3,candidate_1,3,0.04666666666666667
6918,candidate_2,candidate_3,candidate_1,3,0.04666666666666667
6919,candidate_2,0,candidate_1,3,0.04666666666666667
6920,candidate_2,candidate_3,candidate_1,3,0.04666666666666667
6921,0,candidate_3,candidate_1,3,0.04666666666666667
6922,candidate_2,candidate_3,candidate_1,3,0.04666666666666667
6923,candidate_2,candidate_3,candidate_1,3,0.04666666666666667
6924,candidate_2,candidate_3,candidate_1,3,0.04666666666666667
6925,candidate_2,candidate_3,candidate_1,3,0.04666666666666667
6926,candidate_2,candidate_3,0,3,0.04666666666666667
6927,candidate_2,candidate_3,candidate_1,3,0.04666666666666667
6928,candidate_2,candidate_3,candidate_1,3,0.04666666666666667
6929,candidate_2,candidate_3,candidate_1,3,0.04666666666666667
6930,candidate_2,candidate_3,candidate_1,3,0.04666666666666667
6931,0,candidate_3,candidate_1,3,0.04666666666666667
6932,candidate_2,candidate_3,candidate_1,3,0.04666666666666667
6933,candidate_2,candidate_3,candidate_1,3,0.04666666666666667
6934,candidate_2,candidate_3,0,3,0.04666666666666667
6935,candidate_2,candidate_3,candidate_1,3,0.04666666666666667
6936,candidate_2,candidate_3,candidate_1,3,0.04666666666666667
6937,candidate_2,candidate_3,candidate_1,3,0.04666666666666667
6938,candidate_2,candidate_3,candidate_1,3,0.04666666666666667
6939,0,candidate_3,candidate_1,3,0.04666666666666667
6940,candidate_2,candidate_3,candidate_1,3,0.04666666666666667
6941,candidate_2,candidate_3,candidate_1,3,0.04666666666666667
6942,candidate_2,0,candidate_1,3,0.04666666666666667
6943,candidate_2,candidate_3,candidate_1,3,0.04666666666666667
6944,candidate_2,candidate_3,candidate_1,3,0.04666666666666667
6945,candidate_2,candidate_3,candidate_1,3,0.04666666666666667
6946,candidate_2,candidate_3,candidate_1,3,0.04666666666666667
6947,candidate_2,candidate_3,candidate_1,3,0.04666666666666667
6948,candidate_2,candidate_3,candidate_1,3,0.04666666666666667
6949,candidate_2,candidate_3,candidate_1,3,0.04666666666666667
6950,candidate_2,candidate_3,candidate_1,3,0.04666666666666667
6951,0,candidate_3,candidate_1,3,0.04666666666666667
6952,candidate_2,candidate_3,candidate_1,3,0.04666666666666667
6953,candidate_2,candidate_3,candidate_1,3,0.04666666666666667
6954,candidate_2,candidate_3,candidate_1,3,0.04666666666666667
6955,candidate_2,candidate_3,candidate_1,3,0.04666666666666667
6956,candidate_2,candidate_3,candidate_1,3,0.04666666666666667
6957,candidate_2,candidate_3,candidate_1,3,0.04666666666666667
6958,0,candidate_3,candidate_1,3,0.04666666666666667
6959,candidate_2,candidate_3,candidate_1,3,0.04666666666666667
6960,candidate_2,candidate_3,candidate_1,3,0.04666666666666667
6961,candidate_2,candidate_3,candidate_1,3,0.04666666666666667
6962,candidate_2,candidate_3,candidate_1,3,0.04666666666666667
6963,candidate_2,candidate_3,candidate_1,3,0.04666666666666667
6964,candidate_2,candidate_3,candidate_1,3,0.04666666666666667
6965,candidate_2,candidate_3,0,3,0.04666666666666667
6966,candidate_2,candidate_3,candidate_1,3,0.04666666666666667
6967,candidate_2,candidate_3,0,3,0.04666666666666667
6968,candidate_2,candidate_3,candidate_1,3,0.04666666666666667
6969,candidate_2,candidate_3,candidate_1,3,0.04666666666666667
6970,candidate_2,candidate_3,candidate_1,3,0.04666666666666667
6971,candidate_2,candidate_3,candidate_1,3,0.04666666666666667
6972,candidate_2,candidate_3,candidate_1,3,0.04666666666666667
6973,candidate_2,0,0,3,0.04666666666666667
6974,candidate_2,candidate_3,candidate_1,3,0.04666666666666667
6975,candidate_2,candidate_3,candidate_1,3,0.04666666666666667
6976,candidate_2,candidate_3,candidate_1,3,0.04666666666666667
6977,candidate_2,candidate_3,candidate_1,3,0.04666666666666667
6978,candidate_2,candidate_3,candidate_1,3,0.04666666666666667
6979,candidate_2,candidate_3,candidate_1,3,0.04666666666666667
6980,candidate_2,candidate_3,candidate_1,3,0.04666666666666667
6981,candidate_2,candidate_3,candidate_1,3,0.04666666666666667
6982,0,candidate_3,candidate_1,3,0.04666666666666667
6983,0,candidate_3,candidate_1,3,0.04666666666666667
6984,candidate_2,candidate_3,candidate_1,3,0.04666666666666667
6985,candidate_2,candidate_3,candidate_1,3,0.04666666666666667
6986,candidate_2,candidate_3,candidate_1,3,0.04666666666666667
6987,candidate_2,candidate_3,0,3,0.04666666666666667
6988,candidate_2,candidate_3,candidate_1,3,0.04666666666666667
6989,0,candidate_3,candidate_1,3,0.04666666666666667
6990,candidate_2,candidate_3,candidate_1,3,0.04666666666666667
6991,candidate_2,candidate_3,candidate_1,3,0.04666666666666667
6992,candidate_2,candidate_3,candidate_1,3,0.04666666666666667
6993,candidate_2,candidate_3,candidate_1,3,0.04666666666666667
6994,candidate_2,candidate_3,candidate_1,3,0.04666666666666667
6995,candidate_2,candidate_3,candidate_1,3,0.04666666666666667
6996,candidate_2,candidate_3,candidate_1,3,0.04666666666666667
6997,candidate_2,candidate_3,candidate_1,3,0.04666666666666667
6998,candidate_2,candidate_3,candidate_1,3,0.04666666666666667
6999,candidate_2,candidate_3,candidate_1,3,0.04666666666666667
7000,candidate_2,candidate_3,candidate_1,3,0.04666666666666667
7001,0,candidate_3,candidate_1,3,0.04666666666666667
7002,candidate_2,candidate_3,candidate_1,3,0.04666666666666667
7003,0,candidate_3,candidate_1,3,0.04666666666666667
7004,candidate_2,candidate_3,candidate_1,3,0.04666666666666667
7005,candidate_2,candidate_3,candidate_1,3,0.04666666666666667
7006,candidate_2,candidate_3,candidate_1,3,0.04666666666666667
7007,candidate_2,candidate_3,candidate_1,3,0.04666666666666667
7008,candidate_2,candidate_3,candidate_1,3,0.04666666666666667
7009,candidate_2,candidate_3,candidate_1,3,0.04666666666666667
7010,candidate_2,candidate_3,candidate_1,3,0.04666666666666667
7011,candidate_2,candidate_3,candidate_1,3,0.04666666666666667
7012,candidate_2,candidate_3,candidate_1,3,0.04666666666666667
7013,candidate_2,candidate_3,candidate_1,3,0.04666666666666667
7014,candidate_2,candidate_3,candidate_1,3,0.04666666666666667
7015,candidate_2,candidate_3,candidate_1,3,0.04666666666666667
7016,candidate_2,candidate_3,candidate_1,3,0.04666666666666667
7017,candidate_2,candidate_3,candidate_1,3,0.04666666666666667
7018,candidate_2,candidate_3,candidate_1,3,0.04666666666666667
7019,candidate_2,candidate_3,candidate_1,3,0.04666666666666667
7020,candidate_2,candidate_3,candidate_1,3,0.04666666666666667
7021,candidate_2,candidate_3,candidate_1,3,0.04666666666666667
7022,candidate_2,0,candidate_1,3,0.04666666666666667
7023,candidate_2,candidate_3,candidate_1,3,0.04666666666666667
7024,0,candidate_3,candidate_1,3,0.04666666666666667
7025,candidate_2,candidate_3,candidate_1,3,0.04666666666666667
7026,candidate_2,candidate_3,candidate_1,3,0.04666666666666667
7027,candidate_2,candidate_3,candidate_1,3,0.04666666666666667
7028,candidate_2,candidate_3,candidate_1,3,0.04666666666666667
7029,candidate_2,candidate_3,candidate_1,3,0.04666666666666667
7030,candidate_2,candidate_3,candidate_1,3,0.04666666666666667
7031,candidate_2,candidate_3,candidate_1,3,0.04666666666666667
7032,candidate_2,candidate_3,candidate_1,3,0.04666666666666667
7033,candidate_2,candidate_3,candidate_1,3,0.04666666666666667
7034,candidate_2,candidate_3,candidate_1,3,0.04666666666666667
7035,candidate_2,candidate_3,candidate_1,3,0.04666666666666667
7036,candidate_2,candidate_3,candidate_1,3,0.04666666666666667
7037,candidate_2,0,candidate_1,3,0.04666666666666667
7038,candidate_2,candidate_3,candidate_1,3,0.04666666666666667
7039,candidate_2,candidate_3,candidate_1,3,0.04666666666666667
7040,candidate_2,candidate_3,candidate_1,3,0.04666666666666667
7041,candidate_2,candidate_3,candidate_1,3,0.04666666666666667
7042,candidate_2,candidate_3,candidate_1,3,0.04666666666666667
7043,candidate_2,candidate_3,candidate_1,3,0.04666666666666667
7044,candidate_2,candidate_3,candidate_1,3,0.04666666666666667
7045,candidate_2,candidate_3,candidate_1,3,0.04666666666666667
7046,candidate_2,candidate_3,candidate_1,3,0.04666666666666667
7047,candidate_2,candidate_3,candidate_1,3,0.04666666666666667
7048,candidate_2,candidate_3,candidate_1,3,0.04666666666666667
7049,candidate_2,candidate_3,candidate_1,3,0.04666666666666667
7050,candidate_2,candidate_3,candidate_1,3,0.04666666666666667
7051,candidate_2,candidate_3,candidate_1,3,0.04666666666666667
7052,candidate_2,candidate_3,candidate_1,3,0.04666666666666667
7053,candidate_2,candidate_3,candidate_1,3,0.04666666666666667
7054,candidate_2,candidate_3,candidate_1,3,0.04666666666666667
7055,candidate_2,candidate_3,candidate_1,3,0.04666666666666667
7056,candidate_2,candidate_3,candidate_1,3,0.04666666666666667
7057,candidate_2,candidate_3,candidate_1,3,0.04666666666666667
7058,candidate_2,candidate_3,candidate_1,3,0.04666666666666667
7059,candidate_2,candidate_3,candidate_1,3,0.04666666666666667
7060,candidate_2,0,candidate_1,3,0.04666666666666667
7061,candidate_2,candidate_3,candidate_1,3,0.04666666666666667
7062,candidate_2,candidate_3,candidate_1,3,0.04666666666666667
7063,candidate_2,candidate_3,candidate_1,3,0.04666666666666667
7064,candidate_2,candidate_3,candidate_1,3,0.04666666666666667
7065,candidate_2,candidate_3,candidate_1,3,0.04666666666666667
7066,candidate_2,candidate_3,candidate_1,3,0.04666666666666667
7067,candidate_2,candidate_3,candidate_1,3,0.04666666666666667
7068,candidate_2,candidate_3,candidate_1,3,0.04666666666666667
7069,candidate_2,candidate_3,candidate_1,3,0.04666666666666667
7070,0,candidate_3,candidate_1,3,0.04666666666666667
7071,candidate_2,candidate_3,candidate_1,3,0.04666666666666667
7072,0,0,candidate_1,3,0.04666666666666667
7073,candidate_2,candidate_3,candidate_1,3,0.04666666666666667
7074,candidate_2,candidate_3,candidate_1,3,0.04666666666666667
7075,candidate_2,candidate_3,candidate_1,3,0.04666666666666667
7076,candidate_2,candidate_3,0,3,0.04666666666666667
7077,candidate_2,candidate_3,candidate_1,3,0.04666666666666667
7078,candidate_2,candidate_3,candidate_1,3,0.04666666666666667
7079,candidate_2,candidate_3,candidate_1,3,0.04666666666666667
7080,candidate_2,candidate_3,candidate_1,3,0.04666666666666667
7081,candidate_2,candidate_3,candidate_1,3,0.04666666666666667
7082,candidate_2,candidate_3,candidate_1,3,0.04666666666666667
7083,candidate_2,candidate_3,candidate_1,3,0.04666666666666667
7084,candidate_2,candidate_3,candidate_1,3,0.04666666666666667
7085,candidate_2,candidate_3,candidate_1,3,0.04666666666666667
7086,0,candidate_3,candidate_1,3,0.04666666666666667
7087,candidate_2,candidate_3,candidate_1,3,0.04666666666666667
7088,candidate_2,candidate_3,candidate_1,3,0.04666666666666667
7089,candidate_2,0,candidate_1,3,0.04666666666666667
7090,candidate_2,candidate_3,candidate_1,3,0.04666666666666667
7091,candidate_2,candidate_3,candidate_1,3,0.04666666666666667
7092,candidate_2,candidate_3,candidate_1,3,0.04666666666666667
7093,candidate_2,candidate_3,candidate_1,3,0.04666666666666667
7094,candidate_2,candidate_3,candidate_1,3,0.04666666666666667
7095,candidate_2,candidate_3,candidate_1,3,0.04666666666666667
7096,candidate_2,0,candidate_1,3,0.04666666666666667
7097,candidate_2,candidate_3,candidate_1,3,0.04666666666666667
7098,candidate_2,candidate_3,0,3,0.04666666666666667
7099,candidate_2,candidate_3,candidate_1,3,0.04666666666666667
7100,candidate_2,candidate_3,candidate_1,3,0.04666666666666667
7101,candidate_2,0,candidate_1,3,0.04666666666666667
7102,candidate_2,candidate_3,candidate_1,3,0.04666666666666667
7103,candidate_2,candidate_3,candidate_1,3,0.04666666666666667
7104,candidate_2,candidate_3,candidate_1,3,0.04666666666666667
7105,candidate_2,candidate_3,candidate_1,3,0.04666666666666667
7106,candidate_2,candidate_3,candidate_1,3,0.04666666666666667
7107,candidate_2,candidate_3,candidate_1,3,0.04666666666666667
7108,candidate_2,candidate_3,candidate_1,3,0.04666666666666667
7109,candidate_2,candidate_3,candidate_1,3,0.04666666666666667
7110,candidate_2,candidate_3,candidate_1,3,0.04666666666666667
7111,candidate_2,candidate_3,candidate_1,3,0.04666666666666667
7112,candidate_2,candidate_3,candidate_1,3,0.04666666666666667
7113,candidate_2,candidate_3,candidate_1,3,0.04666666666666667
7114,candidate_2,candidate_3,candidate_1,3,0.04666666666666667
7115,candidate_2,candidate_3,candidate_1,3,0.04666666666666667
7116,candidate_2,candidate_3,candidate_1,3,0.04666666666666667
7117,candidate_2,candidate_3,candidate_1,3,0.04666666666666667
7118,candidate_2,candidate_3,candidate_1,3,0.04666666666666667
7119,candidate_2,candidate_3,candidate_1,3,0.04666666666666667
7120,candidate_2,candidate_3,candidate_1,3,0.04666666666666667
7121,candidate_2,candidate_3,candidate_1,3,0.04666666666666667
7122,candidate_2,candidate_3,candidate_1,3,0.04666666666666667
7123,candidate_2,candidate_3,candidate_1,3,0.04666666666666667
7124,candidate_2,candidate_3,candidate_1,3,0.04666666666666667
7125,candidate_2,candidate_3,candidate_1,3,0.04666666666666667
7126,0,0,candidate_1,3,0.04666666666666667
7127,candidate_2,candidate_3,candidate_1,3,0.04666666666666667
7128,candidate_2,candidate_3,candidate_1,3,0.04666666666666667
7129,candidate_2,candidate_3,candidate_1,3,0.04666666666666667
7130,candidate_2,candidate_3,candidate_1,3,0.04666666666666667
7131,candidate_2,candidate_3,candidate_1,3,0.04666666666666667
7132,candidate_2,candidate_3,candidate_1,3,0.04666666666666667
7133,candidate_2,candidate_3,candidate_1,3,0.04666666666666667
7134,candidate_2,candidate_3,candidate_1,3,0.04666666666666667
7135,candidate_2,candidate_3,candidate_1,3,0.04666666666666667
7136,candidate_2,candidate_3,candidate_1,3,0.04666666666666667
7137,candidate_2,candidate_3,candidate_1,3,0.04666666666666667
7138,candidate_2,candidate_3,candidate_1,3,0.04666666666666667
7139,candidate_2,candidate_3,candidate_1,3,0.04666666666666667
7140,candidate_2,candidate_3,candidate_1,3,0.04666666666666667
7141,candidate_2,candidate_3,candidate_1,3,0.04666666666666667
7142,candidate_2,candidate_3,candidate_1,3,0.04666666666666667
7143,candidate_2,candidate_3,candidate_1,3,0.04666666666666667
7144,candidate_2,candidate_3,candidate_1,3,0.04666666666666667
7145,candidate_2,candidate_3,candidate_1,3,0.04666666666666667
7146,candidate_2,candidate_3,candidate_1,3,0.04666666666666667
7147,candidate_2,candidate_3,candidate_1,3,0.04666666666666667
7148,candidate_2,candidate_3,candidate_1,3,0.04666666666666667
7149,candidate_2,candidate_3,candidate_1,3,0.04666666666666667
7150,candidate_2,candidate_3,candidate_1,3,0.04666666666666667
7151,candidate_2,candidate_3,candidate_1,3,0.04666666666666667
7152,candidate_2,candidate_3,candidate_1,3,0.04666666666666667
7153,candidate_2,candidate_3,candidate_1,3,0.04666666666666667
7154,candidate_2,candidate_3,candidate_1,3,0.04666666666666667
7155,candidate_2,candidate_3,candidate_1,3,0.04666666666666667
7156,candidate_2,candidate_3,candidate_1,3,0.04666666666666667
7157,candidate_2,candidate_3,candidate_1,3,0.04666666666666667
7158,candidate_2,candidate_3,candidate_1,3,0.04666666666666667
7159,candidate_2,candidate_3,candidate_1,3,0.04666666666666667
7160,candidate_2,candidate_3,candidate_1,3,0.04666666666666667
7161,candidate_2,candidate_3,candidate_1,3,0.04666666666666667
7162,candidate_2,candidate_3,candidate_1,3,0.04666666666666667
7163,candidate_2,candidate_3,candidate_1,3,0.04666666666666667
7164,candidate_2,candidate_3,candidate_1,3,0.04666666666666667
7165,candidate_2,candidate_3,candidate_1,3,0.04666666666666667
7166,candidate_2,0,candidate_1,3,0.04666666666666667
7167,candidate_2,candidate_3,candidate_1,3,0.04666666666666667
7168,candidate_2,0,candidate_1,3,0.04666666666666667
7169,candidate_2,candidate_3,candidate_1,3,0.04666666666666667
7170,candidate_2,candidate_3,candidate_1,3,0.04666666666666667
7171,candidate_2,candidate_3,candidate_1,3,0.04666666666666667
7172,candidate_2,candidate_3,candidate_1,3,0.04666666666666667
7173,candidate_2,candidate_3,candidate_1,3,0.04666666666666667
7174,candidate_2,candidate_3,candidate_1,3,0.04666666666666667
7175,candidate_2,candidate_3,candidate_1,3,0.04666666666666667
7176,0,candidate_3,0,3,0.04666666666666667
7177,0,candidate_3,candidate_1,3,0.04666666666666667
7178,candidate_2,candidate_3,candidate_1,3,0.04666666666666667
7179,candidate_2,0,candidate_1,3,0.04666666666666667
7180,candidate_2,candidate_3,candidate_1,3,0.04666666666666667
7181,candidate_2,candidate_3,candidate_1,3,0.04666666666666667
7182,candidate_2,candidate_3,candidate_1,3,0.04666666666666667
7183,candidate_2,candidate_3,0,3,0.04666666666666667
7184,candidate_2,candidate_3,candidate_1,3,0.04666666666666667
7185,candidate_2,candidate_3,candidate_1,3,0.04666666666666667
7186,candidate_2,candidate_3,candidate_1,3,0.04666666666666667
7187,candidate_2,candidate_3,candidate_1,3,0.04666666666666667
7188,candidate_2,candidate_3,candidate_1,3,0.04666666666666667
7189,0,candidate_3,candidate_1,3,0.04666666666666667
7190,candidate_2,candidate_3,candidate_1,3,0.04666666666666667
7191,candidate_2,candidate_3,candidate_1,3,0.04666666666666667
7192,candidate_2,0,candidate_1,3,0.04666666666666667
7193,candidate_2,candidate_3,candidate_1,3,0.04666666666666667
7194,candidate_2,candidate_3,candidate_1,3,0.04666666666666667
7195,candidate_2,candidate_3,0,3,0.04666666666666667
7196,candidate_2,candidate_3,candidate_1,3,0.04666666666666667
7197,candidate_2,candidate_3,candidate_1,3,0.04666666666666667
7198,candidate_2,candidate_3,candidate_1,3,0.04666666666666667
7199,candidate_2,candidate_3,candidate_1,3,0.04666666666666667
7200,candidate_2,candidate_3,candidate_1,3,0.04666666666666667
7201,0,candidate_3,candidate_1,3,0.04666666666666667
7202,candidate_2,candidate_3,candidate_1,3,0.04666666666666667
7203,candidate_2,candidate_3,candidate_1,3,0.04666666666666667
7204,candidate_2,candidate_3,candidate_1,3,0.04666666666666667
7205,candidate_2,candidate_3,candidate_1,3,0.04666666666666667
7206,candidate_2,candidate_3,candidate_1,3,0.04666666666666667
7207,candidate_2,candidate_3,candidate_1,3,0.04666666666666667
7208,candidate_2,candidate_3,candidate_1,3,0.04666666666666667
7209,candidate_2,candidate_3,candidate_1,3,0.04666666666666667
7210,candidate_2,candidate_3,candidate_1,3,0.04666666666666667
7211,candidate_2,candidate_3,candidate_1,3,0.04666666666666667
7212,candidate_2,0,candidate_1,3,0.04666666666666667
7213,candidate_2,candidate_3,candidate_1,3,0.04666666666666667
7214,candidate_2,candidate_3,candidate_1,3,0.04666666666666667
7215,candidate_2,candidate_3,candidate_1,3,0.04666666666666667
7216,candidate_2,candidate_3,candidate_1,3,0.04666666666666667
7217,candidate_2,candidate_3,candidate_1,3,0.04666666666666667
7218,0,candidate_3,candidate_1,3,0.04666666666666667
7219,candidate_2,candidate_3,candidate_1,3,0.04666666666666667
7220,candidate_2,candidate_3,candidate_1,3,0.04666666666666667
7221,candidate_2,candidate_3,candidate_1,3,0.04666666666666667
7222,candidate_2,candidate_3,candidate_1,3,0.04666666666666667
7223,candidate_2,candidate_3,candidate_1,3,0.04666666666666667
7224,candidate_2,candidate_3,candidate_1,3,0.04666666666666667
7225,candidate_2,candidate_3,candidate_1,3,0.04666666666666667
7226,candidate_2,candidate_3,0,3,0.04666666666666667
7227,candidate_2,candidate_3,candidate_1,3,0.04666666666666667
7228,candidate_2,candidate_3,candidate_1,3,0.04666666666666667
7229,candidate_2,candidate_3,candidate_1,3,0.04666666666666667
7230,candidate_2,0,candidate_1,3,0.04666666666666667
7231,candidate_2,candidate_3,candidate_1,3,0.04666666666666667
7232,0,candidate_3,candidate_1,3,0.04666666666666667
7233,candidate_2,candidate_3,candidate_1,3,0.04666666666666667
7234,0,candidate_3,candidate_1,3,0.04666666666666667
7235,candidate_2,candidate_3,candidate_1,3,0.04666666666666667
7236,candidate_2,candidate_3,candidate_1,3,0.04666666666666667
7237,candidate_2,0,candidate_1,3,0.04666666666666667
7238,candidate_2,candidate_3,candidate_1,3,0.04666666666666667
7239,candidate_2,candidate_3,candidate_1,3,0.04666666666666667
7240,candidate_2,candidate_3,candidate_1,3,0.04666666666666667
7241,candidate_2,candidate_3,candidate_1,3,0.04666666666666667
7242,candidate_2,candidate_3,candidate_1,3,0.04666666666666667
7243,0,candidate_3,candidate_1,3,0.04666666666666667
7244,candidate_2,candidate_3,candidate_1,3,0.04666666666666667
7245,candidate_2,0,candidate_1,3,0.04666666666666667
7246,candidate_2,candidate_3,candidate_1,3,0.04666666666666667
7247,candidate_2,candidate_3,candidate_1,3,0.04666666666666667
7248,candidate_2,candidate_3,candidate_1,3,0.04666666666666667
7249,candidate_2,candidate_3,candidate_1,3,0.04666666666666667
7250,candidate_2,candidate_3,candidate_1,3,0.04666666666666667
7251,candidate_2,0,candidate_1,3,0.04666666666666667
7252,candidate_2,candidate_3,candidate_1,3,0.04666666666666667
7253,candidate_2,candidate_3,candidate_1,3,0.04666666666666667
7254,candidate_2,candidate_3,candidate_1,3,0.04666666666666667
7255,candidate_2,candidate_3,candidate_1,3,0.04666666666666667
7256,candidate_2,candidate_3,candidate_1,3,0.04666666666666667
7257,candidate_2,candidate_3,0,3,0.04666666666666667
7258,candidate_2,candidate_3,candidate_1,3,0.04666666666666667
7259,candidate_2,candidate_3,candidate_1,3,0.04666666666666667
7260,candidate_2,0,candidate_1,3,0.04666666666666667
7261,candidate_2,candidate_3,0,3,0.04666666666666667
7262,candidate_2,candidate_3,candidate_1,3,0.04666666666666667
7263,candidate_2,candidate_3,candidate_1,3,0.04666666666666667
7264,candidate_2,candidate_3,candidate_1,3,0.04666666666666667
7265,candidate_2,candidate_3,candidate_1,3,0.04666666666666667
7266,candidate_2,candidate_3,candidate_1,3,0.04666666666666667
7267,candidate_2,candidate_3,candidate_1,3,0.04666666666666667
7268,candidate_2,candidate_3,candidate_1,3,0.04666666666666667
7269,candidate_2,candidate_3,candidate_1,3,0.04666666666666667
7270,candidate_2,candidate_3,candidate_1,3,0.04666666666666667
7271,0,candidate_3,candidate_1,3,0.04666666666666667
7272,candidate_2,candidate_3,candidate_1,3,0.04666666666666667
7273,candidate_2,candidate_3,candidate_1,3,0.04666666666666667
7274,candidate_2,candidate_3,candidate_1,3,0.04666666666666667
7275,candidate_2,0,candidate_1,3,0.04666666666666667
7276,candidate_2,candidate_3,candidate_1,3,0.04666666666666667
7277,candidate_2,candidate_3,candidate_1,3,0.04666666666666667
7278,candidate_2,candidate_3,candidate_1,3,0.04666666666666667
7279,candidate_2,candidate_3,candidate_1,3,0.04666666666666667
7280,candidate_2,candidate_3,candidate_1,3,0.04666666666666667
7281,candidate_2,candidate_3,candidate_1,3,0.04666666666666667
7282,candidate_2,candidate_3,candidate_1,3,0.04666666666666667
7283,candidate_2,candidate_3,candidate_1,3,0.04666666666666667
7284,candidate_2,candidate_3,candidate_1,3,0.04666666666666667
7285,candidate_2,candidate_3,candidate_1,3,0.04666666666666667
7286,candidate_2,candidate_3,candidate_1,3,0.04666666666666667
7287,candidate_2,candidate_3,candidate_1,3,0.04666666666666667
7288,candidate_2,candidate_3,0,3,0.04666666666666667
7289,candidate_2,candidate_3,candidate_1,3,0.04666666666666667
7290,candidate_2,candidate_3,candidate_1,3,0.04666666666666667
7291,candidate_2,candidate_3,0,3,0.04666666666666667
7292,candidate_2,candidate_3,candidate_1,3,0.04666666666666667
7293,candidate_2,candidate_3,candidate_1,3,0.04666666666666667
7294,candidate_2,candidate_3,candidate_1,3,0.04666666666666667
7295,candidate_2,candidate_3,candidate_1,3,0.04666666666666667
7296,candidate_2,candidate_3,0,3,0.04666666666666667
7297,0,candidate_3,candidate_1,3,0.04666666666666667
7298,candidate_2,candidate_3,candidate_1,3,0.04666666666666667
7299,candidate_2,candidate_3,0,3,0.04666666666666667
7300,candidate_2,candidate_3,0,3,0.04666666666666667
7301,candidate_2,candidate_3,0,3,0.04666666666666667
7302,candidate_2,candidate_3,candidate_1,3,0.04666666666666667
7303,candidate_2,candidate_3,candidate_1,3,0.04666666666666667
7304,candidate_2,candidate_3,candidate_1,3,0.04666666666666667
7305,candidate_2,candidate_3,candidate_1,3,0.04666666666666667
7306,candidate_2,candidate_3,candidate_1,3,0.04666666666666667
7307,candidate_2,candidate_3,candidate_1,3,0.04666666666666667
7308,candidate_2,candidate_3,candidate_1,3,0.04666666666666667
7309,candidate_2,candidate_3,candidate_1,3,0.04666666666666667
7310,candidate_2,0,candidate_1,3,0.04666666666666667
7311,candidate_2,candidate_3,candidate_1,3,0.04666666666666667
7312,candidate_2,candidate_3,candidate_1,3,0.04666666666666667
7313,candidate_2,candidate_3,candidate_1,3,0.04666666666666667
7314,candidate_2,candidate_3,candidate_1,3,0.04666666666666667
7315,0,candidate_3,candidate_1,3,0.04666666666666667
7316,candidate_2,candidate_3,candidate_1,3,0.04666666666666667
7317,candidate_2,candidate_3,candidate_1,3,0.04666666666666667
7318,candidate_2,candidate_3,0,3,0.04666666666666667
7319,0,candidate_3,candidate_1,3,0.04666666666666667
7320,candidate_2,candidate_3,candidate_1,3,0.04666666666666667
7321,candidate_2,candidate_3,candidate_1,3,0.04666666666666667
7322,candidate_2,candidate_3,candidate_1,3,0.04666666666666667
7323,candidate_2,candidate_3,candidate_1,3,0.04666666666666667
7324,candidate_2,candidate_3,candidate_1,3,0.04666666666666667
7325,candidate_2,candidate_3,candidate_1,3,0.04666666666666667
7326,candidate_2,candidate_3,candidate_1,3,0.04666666666666667
7327,candidate_2,candidate_3,candidate_1,3,0.04666666666666667
7328,candidate_2,candidate_3,candidate_1,3,0.04666666666666667
7329,candidate_2,candidate_3,candidate_1,3,0.04666666666666667
7330,candidate_2,candidate_3,candidate_1,3,0.04666666666666667
7331,candidate_2,candidate_3,candidate_1,3,0.04666666666666667
7332,candidate_2,candidate_3,candidate_1,3,0.04666666666666667
7333,candidate_2,candidate_3,candidate_1,3,0.04666666666666667
7334,candidate_2,candidate_3,candidate_1,3,0.04666666666666667
7335,candidate_2,candidate_3,candidate_1,3,0.04666666666666667
7336,candidate_2,candidate_3,candidate_1,3,0.04666666666666667
7337,candidate_2,candidate_3,candidate_1,3,0.04666666666666667
7338,candidate_2,candidate_3,candidate_1,3,0.04666666666666667
7339,candidate_2,candidate_3,candidate_1,3,0.04666666666666667
7340,candidate_2,candidate_3,candidate_1,3,0.04666666666666667
7341,candidate_2,candidate_3,candidate_1,3,0.04666666666666667
7342,candidate_2,candidate_3,candidate_1,3,0.04666666666666667
7343,candidate_2,candidate_3,candidate_1,3,0.04666666666666667
7344,candidate_2,candidate_3,candidate_1,3,0.04666666666666667
7345,candidate_2,candidate_3,candidate_1,3,0.04666666666666667
7346,candidate_2,candidate_3,candidate_1,3,0.04666666666666667
7347,candidate_2,candidate_3,candidate_1,3,0.04666666666666667
7348,candidate_2,candidate_3,candidate_1,3,0.04666666666666667
7349,candidate_2,candidate_3,candidate_1,3,0.04666666666666667
7350,candidate_2,candidate_3,candidate_1,3,0.04666666666666667
7351,candidate_2,candidate_3,candidate_1,3,0.04666666666666667
7352,candidate_2,candidate_3,candidate_1,3,0.04666666666666667
7353,candidate_2,candidate_3,candidate_1,3,0.04666666666666667
7354,candidate_2,0,candidate_1,3,0.04666666666666667
7355,candidate_2,candidate_3,candidate_1,3,0.04666666666666667
7356,0,candidate_3,candidate_1,3,0.04666666666666667
7357,0,candidate_3,candidate_1,3,0.04666666666666667
7358,candidate_2,candidate_3,candidate_1,3,0.04666666666666667
7359,candidate_2,candidate_3,candidate_1,3,0.04666666666666667
7360,candidate_2,candidate_3,candidate_1,3,0.04666666666666667
7361,candidate_2,candidate_3,candidate_1,3,0.04666666666666667
7362,candidate_2,0,candidate_1,3,0.04666666666666667
7363,candidate_2,candidate_3,candidate_1,3,0.04666666666666667
7364,candidate_2,candidate_3,candidate_1,3,0.04666666666666667
7365,candidate_2,candidate_3,candidate_1,3,0.04666666666666667
7366,candidate_2,candidate_3,candidate_1,3,0.04666666666666667
7367,candidate_2,candidate_3,candidate_1,3,0.04666666666666667
7368,candidate_2,candidate_3,candidate_1,3,0.04666666666666667
7369,candidate_2,candidate_3,candidate_1,3,0.04666666666666667
7370,candidate_2,candidate_3,candidate_1,3,0.04666666666666667
7371,candidate_2,candidate_3,candidate_1,3,0.04666666666666667
7372,candidate_2,candidate_3,candidate_1,3,0.04666666666666667
7373,candidate_2,candidate_3,candidate_1,3,0.04666666666666667
7374,candidate_2,0,candidate_1,3,0.04666666666666667
7375,candidate_2,candidate_3,candidate_1,3,0.04666666666666667
7376,candidate_2,candidate_3,candidate_1,3,0.04666666666666667
7377,0,candidate_3,candidate_1,3,0.04666666666666667
7378,candidate_2,candidate_3,0,3,0.04666666666666667
7379,candidate_2,candidate_3,candidate_1,3,0.04666666666666667
7380,candidate_2,candidate_3,0,3,0.04666666666666667
7381,candidate_2,candidate_3,candidate_1,3,0.04666666666666667
7382,candidate_2,candidate_3,candidate_1,3,0.04666666666666667
7383,candidate_2,candidate_3,candidate_1,3,0.04666666666666667
7384,candidate_2,candidate_3,candidate_1,3,0.04666666666666667
7385,candidate_2,candidate_3,candidate_1,3,0.04666666666666667
7386,candidate_2,candidate_3,candidate_1,3,0.04666666666666667
7387,candidate_2,candidate_3,candidate_1,3,0.04666666666666667
7388,candidate_2,candidate_3,candidate_1,3,0.04666666666666667
7389,candidate_2,candidate_3,candidate_1,3,0.04666666666666667
7390,candidate_2,candidate_3,candidate_1,3,0.04666666666666667
7391,candidate_2,candidate_3,candidate_1,3,0.04666666666666667
7392,candidate_2,candidate_3,candidate_1,3,0.04666666666666667
7393,candidate_2,candidate_3,candidate_1,3,0.04666666666666667
7394,candidate_2,candidate_3,candidate_1,3,0.04666666666666667
7395,0,candidate_3,candidate_1,3,0.04666666666666667
7396,candidate_2,0,candidate_1,3,0.04666666666666667
7397,candidate_2,candidate_3,0,3,0.04666666666666667
7398,candidate_2,candidate_3,candidate_1,3,0.04666666666666667
7399,candidate_2,candidate_3,candidate_1,3,0.04666666666666667
7400,candidate_2,candidate_3,0,3,0.04666666666666667
7401,candidate_2,candidate_3,candidate_1,3,0.04666666666666667
7402,candidate_2,candidate_3,candidate_1,3,0.04666666666666667
7403,candidate_2,candidate_3,candidate_1,3,0.04666666666666667
7404,candidate_2,candidate_3,candidate_1,3,0.04666666666666667
7405,candidate_2,candidate_3,candidate_1,3,0.04666666666666667
7406,candidate_2,candidate_3,candidate_1,3,0.04666666666666667
7407,candidate_2,candidate_3,candidate_1,3,0.04666666666666667
7408,candidate_2,candidate_3,candidate_1,3,0.04666666666666667
7409,candidate_2,candidate_3,candidate_1,3,0.04666666666666667
7410,candidate_2,candidate_3,candidate_1,3,0.04666666666666667
7411,candidate_2,candidate_3,candidate_1,3,0.04666666666666667
7412,0,candidate_3,candidate_1,3,0.04666666666666667
7413,candidate_2,candidate_3,candidate_1,3,0.04666666666666667
7414,candidate_2,candidate_3,candidate_1,3,0.04666666666666667
7415,0,candidate_3,candidate_1,3,0.04666666666666667
7416,candidate_2,candidate_3,candidate_1,3,0.04666666666666667
7417,candidate_2,candidate_3,candidate_1,3,0.04666666666666667
7418,candidate_2,candidate_3,candidate_1,3,0.04666666666666667
7419,candidate_2,candidate_3,candidate_1,3,0.04666666666666667
7420,candidate_2,candidate_3,candidate_1,3,0.04666666666666667
7421,candidate_2,candidate_3,candidate_1,3,0.04666666666666667
7422,candidate_2,candidate_3,candidate_1,3,0.04666666666666667
7423,candidate_2,candidate_3,candidate_1,3,0.04666666666666667
7424,candidate_2,candidate_3,0,3,0.04666666666666667
7425,0,candidate_3,candidate_1,3,0.04666666666666667
7426,candidate_2,candidate_3,candidate_1,3,0.04666666666666667
7427,candidate_2,0,candidate_1,3,0.04666666666666667
7428,candidate_2,candidate_3,candidate_1,3,0.04666666666666667
7429,candidate_2,candidate_3,candidate_1,3,0.04666666666666667
7430,candidate_2,candidate_3,candidate_1,3,0.04666666666666667
7431,candidate_2,candidate_3,candidate_1,3,0.04666666666666667
7432,candidate_2,candidate_3,candidate_1,3,0.04666666666666667
7433,candidate_2,candidate_3,candidate_1,3,0.04666666666666667
7434,candidate_2,candidate_3,candidate_1,3,0.04666666666666667
7435,candidate_2,candidate_3,candidate_1,3,0.04666666666666667
7436,candidate_2,candidate_3,candidate_1,3,0.04666666666666667
7437,candidate_2,candidate_3,candidate_1,3,0.04666666666666667
7438,candidate_2,candidate_3,candidate_1,3,0.04666666666666667
7439,candidate_2,candidate_3,candidate_1,3,0.04666666666666667
7440,candidate_2,candidate_3,candidate_1,3,0.04666666666666667
7441,candidate_2,candidate_3,candidate_1,3,0.04666666666666667
7442,candidate_2,candidate_3,candidate_1,3,0.04666666666666667
7443,candidate_2,candidate_3,candidate_1,3,0.04666666666666667
7444,candidate_2,candidate_3,0,3,0.04666666666666667
7445,candidate_2,candidate_3,candidate_1,3,0.04666666666666667
7446,candidate_2,0,candidate_1,3,0.04666666666666667
7447,candidate_2,candidate_3,candidate_1,3,0.04666666666666667
7448,candidate_2,candidate_3,candidate_1,3,0.04666666666666667
7449,candidate_2,candidate_3,candidate_1,3,0.04666666666666667
7450,candidate_2,candidate_3,candidate_1,3,0.04666666666666667
7451,candidate_2,candidate_3,candidate_1,3,0.04666666666666667
7452,candidate_2,candidate_3,candidate_1,3,0.04666666666666667
7453,candidate_2,candidate_3,candidate_1,3,0.04666666666666667
7454,candidate_2,candidate_3,candidate_1,3,0.04666666666666667
7455,candidate_2,candidate_3,0,3,0.04666666666666667
7456,candidate_2,candidate_3,candidate_1,3,0.04666666666666667
7457,0,0,candidate_1,3,0.04666666666666667
7458,candidate_2,candidate_3,candidate_1,3,0.04666666666666667
7459,candidate_2,candidate_3,candidate_1,3,0.04666666666666667
7460,candidate_2,candidate_3,candidate_1,3,0.04666666666666667
7461,candidate_2,candidate_3,candidate_1,3,0.04666666666666667
7462,candidate_2,candidate_3,candidate_1,3,0.04666666666666667
7463,candidate_2,candidate_3,candidate_1,3,0.04666666666666667
7464,candidate_2,candidate_3,candidate_1,3,0.04666666666666667
7465,candidate_2,candidate_3,candidate_1,3,0.04666666666666667
7466,candidate_2,0,candidate_1,3,0.04666666666666667
7467,candidate_2,candidate_3,candidate_1,3,0.04666666666666667
7468,candidate_2,candidate_3,candidate_1,3,0.04666666666666667
7469,candidate_2,candidate_3,candidate_1,3,0.04666666666666667
7470,candidate_2,candidate_3,candidate_1,3,0.04666666666666667
7471,candidate_2,candidate_3,candidate_1,3,0.04666666666666667
7472,candidate_2,candidate_3,candidate_1,3,0.04666666666666667
7473,candidate_2,candidate_3,candidate_1,3,0.04666666666666667
7474,candidate_2,0,candidate_1,3,0.04666666666666667
7475,candidate_2,candidate_3,0,3,0.04666666666666667
7476,candidate_2,candidate_3,candidate_1,3,0.04666666666666667
7477,candidate_2,candidate_3,candidate_1,3,0.04666666666666667
7478,candidate_2,candidate_3,0,3,0.04666666666666667
7479,candidate_2,candidate_3,candidate_1,3,0.04666666666666667
7480,candidate_2,candidate_3,candidate_1,3,0.04666666666666667
7481,candidate_2,candidate_3,candidate_1,3,0.04666666666666667
7482,candidate_2,candidate_3,candidate_1,3,0.04666666666666667
7483,candidate_2,candidate_3,candidate_1,3,0.04666666666666667
7484,candidate_2,candidate_3,candidate_1,3,0.04666666666666667
7485,candidate_2,candidate_3,candidate_1,3,0.04666666666666667
7486,candidate_2,candidate_3,candidate_1,3,0.04666666666666667
7487,candidate_2,candidate_3,candidate_1,3,0.04666666666666667
7488,candidate_2,candidate_3,candidate_1,3,0.04666666666666667
7489,candidate_2,candidate_3,candidate_1,3,0.04666666666666667
7490,candidate_2,candidate_3,candidate_1,3,0.04666666666666667
7491,candidate_2,0,candidate_1,3,0.04666666666666667
7492,candidate_2,0,candidate_1,3,0.04666666666666667
7493,candidate_2,candidate_3,candidate_1,3,0.04666666666666667
7494,candidate_2,candidate_3,candidate_1,3,0.04666666666666667
7495,candidate_2,candidate_3,candidate_1,3,0.04666666666666667
7496,candidate_2,candidate_3,candidate_1,3,0.04666666666666667
7497,candidate_2,candidate_3,candidate_1,3,0.04666666666666667
7498,candidate_2,0,candidate_1,3,0.04666666666666667
7499,0,candidate_3,candidate_1,3,0.04666666666666667
7500,candidate_2,candidate_3,0,3,0.04666666666666667
7501,candidate_2,0,candidate_1,3,0.04666666666666667
7502,candidate_2,candidate_3,candidate_1,3,0.04666666666666667
7503,candidate_2,candidate_3,candidate_1,3,0.04666666666666667
7504,candidate_2,candidate_3,candidate_1,3,0.04666666666666667
7505,candidate_2,candidate_3,candidate_1,3,0.04666666666666667
7506,0,candidate_3,candidate_1,3,0.04666666666666667
7507,candidate_2,candidate_3,candidate_1,3,0.04666666666666667
7508,candidate_2,candidate_3,candidate_1,3,0.04666666666666667
7509,candidate_2,candidate_3,candidate_1,3,0.04666666666666667
7510,candidate_2,candidate_3,candidate_1,3,0.04666666666666667
7511,candidate_2,candidate_3,candidate_1,3,0.04666666666666667
7512,candidate_2,candidate_3,candidate_1,3,0.04666666666666667
7513,candidate_2,candidate_3,candidate_1,3,0.04666666666666667
7514,candidate_2,candidate_3,candidate_1,3,0.04666666666666667
7515,candidate_2,candidate_3,candidate_1,3,0.04666666666666667
7516,candidate_2,candidate_3,candidate_1,3,0.04666666666666667
7517,candidate_2,candidate_3,candidate_1,3,0.04666666666666667
7518,candidate_2,0,candidate_1,3,0.04666666666666667
7519,candidate_2,candidate_3,candidate_1,3,0.04666666666666667
7520,candidate_2,candidate_3,candidate_1,3,0.04666666666666667
7521,candidate_2,candidate_3,candidate_1,3,0.04666666666666667
7522,candidate_2,candidate_3,candidate_1,3,0.04666666666666667
7523,candidate_2,candidate_3,candidate_1,3,0.04666666666666667
7524,candidate_2,candidate_3,candidate_1,3,0.04666666666666667
7525,candidate_2,candidate_3,candidate_1,3,0.04666666666666667
7526,candidate_2,candidate_3,candidate_1,3,0.04666666666666667
7527,candidate_2,candidate_3,candidate_1,3,0.04666666666666667
7528,candidate_2,candidate_3,0,3,0.04666666666666667
7529,candidate_2,candidate_3,candidate_1,3,0.04666666666666667
7530,candidate_2,candidate_3,candidate_1,3,0.04666666666666667
7531,candidate_2,candidate_3,candidate_1,3,0.04666666666666667
7532,candidate_2,candidate_3,candidate_1,3,0.04666666666666667
7533,candidate_2,candidate_3,candidate_1,3,0.04666666666666667
7534,candidate_2,candidate_3,candidate_1,3,0.04666666666666667
7535,candidate_2,candidate_3,candidate_1,3,0.04666666666666667
7536,candidate_2,candidate_3,candidate_1,3,0.04666666666666667
7537,candidate_2,candidate_3,candidate_1,3,0.04666666666666667
7538,candidate_2,0,candidate_1,3,0.04666666666666667
7539,candidate_2,candidate_3,candidate_1,3,0.04666666666666667
7540,candidate_2,candidate_3,candidate_1,3,0.04666666666666667
7541,candidate_2,candidate_3,candidate_1,3,0.04666666666666667
7542,candidate_2,candidate_3,candidate_1,3,0.04666666666666667
7543,candidate_2,candidate_3,candidate_1,3,0.04666666666666667
7544,0,candidate_3,candidate_1,3,0.04666666666666667
7545,candidate_2,candidate_3,candidate_1,3,0.04666666666666667
7546,candidate_2,candidate_3,candidate_1,3,0.04666666666666667
7547,candidate_2,candidate_3,candidate_1,3,0.04666666666666667
7548,candidate_2,candidate_3,candidate_1,3,0.04666666666666667
7549,candidate_2,candidate_3,candidate_1,3,0.04666666666666667
7550,candidate_2,candidate_3,candidate_1,3,0.04666666666666667
7551,candidate_2,candidate_3,candidate_1,3,0.04666666666666667
7552,candidate_2,candidate_3,candidate_1,3,0.04666666666666667
7553,candidate_2,candidate_3,candidate_1,3,0.04666666666666667
7554,candidate_2,candidate_3,candidate_1,3,0.04666666666666667
7555,candidate_2,candidate_3,candidate_1,3,0.04666666666666667
7556,candidate_2,candidate_3,candidate_1,3,0.04666666666666667
7557,candidate_2,candidate_3,candidate_1,3,0.04666666666666667
7558,candidate_2,candidate_3,candidate_1,3,0.04666666666666667
7559,candidate_2,candidate_3,candidate_1,3,0.04666666666666667
7560,candidate_2,candidate_3,candidate_1,3,0.04666666666666667
7561,candidate_2,candidate_3,candidate_1,3,0.04666666666666667
7562,candidate_2,candidate_3,candidate_1,3,0.04666666666666667
7563,candidate_2,0,candidate_1,3,0.04666666666666667
7564,candidate_2,candidate_3,candidate_1,3,0.04666666666666667
7565,candidate_2,candidate_3,candidate_1,3,0.04666666666666667
7566,0,candidate_3,candidate_1,3,0.04666666666666667
7567,candidate_2,candidate_3,candidate_1,3,0.04666666666666667
7568,candidate_2,candidate_3,candidate_1,3,0.04666666666666667
7569,candidate_2,candidate_3,candidate_1,3,0.04666666666666667
7570,candidate_2,candidate_3,candidate_1,3,0.04666666666666667
7571,candidate_2,candidate_3,candidate_1,3,0.04666666666666667
7572,0,candidate_3,candidate_1,3,0.04666666666666667
7573,0,candidate_3,candidate_1,3,0.04666666666666667
7574,candidate_2,candidate_3,candidate_1,3,0.04666666666666667
7575,candidate_2,candidate_3,candidate_1,3,0.04666666666666667
7576,0,candidate_3,candidate_1,3,0.04666666666666667
7577,candidate_2,candidate_3,candidate_1,3,0.04666666666666667
7578,candidate_2,candidate_3,candidate_1,3,0.04666666666666667
7579,0,candidate_3,candidate_1,3,0.04666666666666667
7580,candidate_2,candidate_3,candidate_1,3,0.04666666666666667
7581,candidate_2,candidate_3,candidate_1,3,0.04666666666666667
7582,candidate_2,candidate_3,candidate_1,3,0.04666666666666667
7583,candidate_2,candidate_3,candidate_1,3,0.04666666666666667
7584,0,candidate_3,candidate_1,3,0.04666666666666667
7585,candidate_2,candidate_3,candidate_1,3,0.04666666666666667
7586,candidate_2,candidate_3,candidate_1,3,0.04666666666666667
7587,candidate_2,candidate_3,candidate_1,3,0.04666666666666667
7588,candidate_2,candidate_3,candidate_1,3,0.04666666666666667
7589,candidate_2,0,candidate_1,3,0.04666666666666667
7590,candidate_2,candidate_3,candidate_1,3,0.04666666666666667
7591,candidate_2,candidate_3,candidate_1,3,0.04666666666666667
7592,candidate_2,candidate_3,candidate_1,3,0.04666666666666667
7593,candidate_2,candidate_3,0,3,0.04666666666666667
7594,candidate_2,candidate_3,candidate_1,3,0.04666666666666667
7595,candidate_2,candidate_3,candidate_1,3,0.04666666666666667
7596,candidate_2,candidate_3,candidate_1,3,0.04666666666666667
7597,candidate_2,candidate_3,candidate_1,3,0.04666666666666667
7598,candidate_2,candidate_3,candidate_1,3,0.04666666666666667
7599,candidate_2,candidate_3,candidate_1,3,0.04666666666666667
7600,candidate_2,candidate_3,candidate_1,3,0.04666666666666667
7601,candidate_2,candidate_3,candidate_1,3,0.04666666666666667
7602,candidate_2,candidate_3,candidate_1,3,0.04666666666666667
7603,candidate_2,candidate_3,candidate_1,3,0.04666666666666667
7604,candidate_2,candidate_3,candidate_1,3,0.04666666666666667
7605,candidate_2,candidate_3,0,3,0.04666666666666667
7606,candidate_2,candidate_3,candidate_1,3,0.04666666666666667
7607,candidate_2,candidate_3,candidate_1,3,0.04666666666666667
7608,candidate_2,candidate_3,candidate_1,3,0.04666666666666667
7609,candidate_2,candidate_3,candidate_1,3,0.04666666666666667
7610,candidate_2,candidate_3,candidate_1,3,0.04666666666666667
7611,candidate_2,candidate_3,candidate_1,3,0.04666666666666667
7612,candidate_2,candidate_3,candidate_1,3,0.04666666666666667
7613,candidate_2,candidate_3,candidate_1,3,0.04666666666666667
7614,candidate_2,candidate_3,candidate_1,3,0.04666666666666667
7615,candidate_2,candidate_3,candidate_1,3,0.04666666666666667
7616,candidate_2,candidate_3,candidate_1,3,0.04666666666666667
7617,candidate_2,candidate_3,candidate_1,3,0.04666666666666667
7618,candidate_2,candidate_3,candidate_1,3,0.04666666666666667
7619,candidate_2,candidate_3,candidate_1,3,0.04666666666666667
7620,candidate_2,candidate_3,candidate_1,3,0.04666666666666667
7621,candidate_2,candidate_3,candidate_1,3,0.04666666666666667
7622,candidate_2,candidate_3,0,3,0.04666666666666667
7623,candidate_2,candidate_3,candidate_1,3,0.04666666666666667
7624,0,candidate_3,candidate_1,3,0.04666666666666667
7625,candidate_2,candidate_3,candidate_1,3,0.04666666666666667
7626,candidate_2,candidate_3,candidate_1,3,0.04666666666666667
7627,candidate_2,candidate_3,candidate_1,3,0.04666666666666667
7628,candidate_2,candidate_3,candidate_1,3,0.04666666666666667
7629,candidate_2,candidate_3,candidate_1,3,0.04666666666666667
7630,candidate_2,candidate_3,candidate_1,3,0.04666666666666667
7631,candidate_2,candidate_3,candidate_1,3,0.04666666666666667
7632,0,candidate_3,0,3,0.04666666666666667
7633,candidate_2,candidate_3,candidate_1,3,0.04666666666666667
7634,candidate_2,candidate_3,candidate_1,3,0.04666666666666667
7635,candidate_2,candidate_3,candidate_1,3,0.04666666666666667
7636,0,candidate_3,candidate_1,3,0.04666666666666667
7637,candidate_2,candidate_3,candidate_1,3,0.04666666666666667
7638,candidate_2,candidate_3,candidate_1,3,0.04666666666666667
7639,candidate_2,candidate_3,candidate_1,3,0.04666666666666667
7640,candidate_2,candidate_3,candidate_1,3,0.04666666666666667
7641,candidate_2,candidate_3,candidate_1,3,0.04666666666666667
7642,candidate_2,candidate_3,candidate_1,3,0.04666666666666667
7643,candidate_2,candidate_3,candidate_1,3,0.04666666666666667
7644,candidate_2,candidate_3,0,3,0.04666666666666667
7645,candidate_2,candidate_3,candidate_1,3,0.04666666666666667
7646,candidate_2,candidate_3,candidate_1,3,0.04666666666666667
7647,candidate_2,candidate_3,candidate_1,3,0.04666666666666667
7648,candidate_2,candidate_3,candidate_1,3,0.04666666666666667
7649,candidate_2,candidate_3,candidate_1,3,0.04666666666666667
7650,candidate_2,0,candidate_1,3,0.04666666666666667
7651,candidate_2,candidate_3,candidate_1,3,0.04666666666666667
7652,candidate_2,candidate_3,candidate_1,3,0.04666666666666667
7653,candidate_2,candidate_3,candidate_1,3,0.04666666666666667
7654,candidate_2,candidate_3,candidate_1,3,0.04666666666666667
0,candidate_3,candidate_1,candidate_2,3,0.04666666666666667
1,candidate_3,candidate_1,candidate_2,3,0.04666666666666667
2,candidate_3,candidate_1,candidate_2,3,0.04666666666666667
3,0,candidate_1,candidate_2,3,0.04666666666666667
4,candidate_3,candidate_1,candidate_2,3,0.04666666666666667
5,candidate_3,candidate_1,candidate_2,3,0.04666666666666667
6,candidate_3,candidate_1,candidate_2,3,0.04666666666666667
7,candidate_3,candidate_1,candidate_2,3,0.04666666666666667
8,candidate_3,candidate_1,candidate_2,3,0.04666666666666667
9,candidate_3,candidate_1,candidate_2,3,0.04666666666666667
10,candidate_3,candidate_1,candidate_2,3,0.04666666666666667
11,candidate_3,candidate_1,0,3,0.04666666666666667
12,candidate_3,candidate_1,candidate_2,3,0.04666666666666667
13,candidate_3,candidate_1,candidate_2,3,0.04666666666666667
14,candidate_3,candidate_1,candidate_2,3,0.04666666666666667
15,candidate_3,candidate_1,candidate_2,3,0.04666666666666667
16,candidate_3,candidate_1,candidate_2,3,0.04666666666666667
17,candidate_3,candidate_1,candidate_2,3,0.04666666666666667
18,candidate_3,candidate_1,candidate_2,3,0.04666666666666667
19,candidate_3,candidate_1,candidate_2,3,0.04666666666666667
20,candidate_3,candidate_1,candidate_2,3,0.04666666666666667
21,candidate_3,candidate_1,0,3,0.04666666666666667
22,candidate_3,candidate_1,candidate_2,3,0.04666666666666667
23,candidate_3,candidate_1,candidate_2,3,0.04666666666666667
24,candidate_3,candidate_1,candidate_2,3,0.04666666666666667
25,candidate_3,candidate_1,candidate_2,3,0.04666666666666667
26,candidate_3,candidate_1,candidate_2,3,0.04666666666666667
27,candidate_3,candidate_1,candidate_2,3,0.04666666666666667
28,candidate_3,candidate_1,candidate_2,3,0.04666666666666667
29,candidate_3,candidate_1,candidate_2,3,0.04666666666666667
30,0,candidate_1,candidate_2,3,0.04666666666666667
31,candidate_3,0,candidate_2,3,0.04666666666666667
32,candidate_3,0,candidate_2,3,0.04666666666666667
33,candidate_3,candidate_1,candidate_2,3,0.04666666666666667
34,candidate_3,candidate_1,candidate_2,3,0.04666666666666667
35,candidate_3,candidate_1,candidate_2,3,0.04666666666666667
36,candidate_3,candidate_1,candidate_2,3,0.04666666666666667
37,candidate_3,candidate_1,candidate_2,3,0.04666666666666667
38,candidate_3,candidate_1,candidate_2,3,0.04666666666666667
39,candidate_3,candidate_1,candidate_2,3,0.04666666666666667
40,candidate_3,candidate_1,candidate_2,3,0.04666666666666667
41,candidate_3,candidate_1,candidate_2,3,0.04666666666666667
42,candidate_3,candidate_1,candidate_2,3,0.04666666666666667
43,candidate_3,candidate_1,candidate_2,3,0.04666666666666667
44,candidate_3,candidate_1,candidate_2,3,0.04666666666666667
45,candidate_3,candidate_1,0,3,0.04666666666666667
46,candidate_3,candidate_1,candidate_2,3,0.04666666666666667
47,candidate_3,candidate_1,candidate_2,3,0.04666666666666667
48,candidate_3,candidate_1,0,3,0.04666666666666667
49,candidate_3,candidate_1,candidate_2,3,0.04666666666666667
50,candidate_3,candidate_1,candidate_2,3,0.04666666666666667
51,candidate_3,candidate_1,candidate_2,3,0.04666666666666667
52,0,candidate_1,candidate_2,3,0.04666666666666667
53,candidate_3,candidate_1,candidate_2,3,0.04666666666666667
54,candidate_3,candidate_1,candidate_2,3,0.04666666666666667
55,candidate_3,candidate_1,candidate_2,3,0.04666666666666667
56,candidate_3,candidate_1,candidate_2,3,0.04666666666666667
57,candidate_3,candidate_1,candidate_2,3,0.04666666666666667
58,candidate_3,candidate_1,candidate_2,3,0.04666666666666667
59,candidate_3,candidate_1,candidate_2,3,0.04666666666666667
60,candidate_3,candidate_1,candidate_2,3,0.04666666666666667
61,candidate_3,candidate_1,candidate_2,3,0.04666666666666667
62,candidate_3,candidate_1,candidate_2,3,0.04666666666666667
63,candidate_3,candidate_1,candidate_2,3,0.04666666666666667
64,candidate_3,candidate_1,candidate_2,3,0.04666666666666667
65,candidate_3,candidate_1,candidate_2,3,0.04666666666666667
66,candidate_3,candidate_1,candidate_2,3,0.04666666666666667
67,candidate_3,candidate_1,candidate_2,3,0.04666666666666667
68,candidate_3,candidate_1,candidate_2,3,0.04666666666666667
69,candidate_3,candidate_1,candidate_2,3,0.04666666666666667
70,candidate_3,candidate_1,candidate_2,3,0.04666666666666667
71,candidate_3,candidate_1,candidate_2,3,0.04666666666666667
72,candidate_3,candidate_1,candidate_2,3,0.04666666666666667
73,candidate_3,candidate_1,candidate_2,3,0.04666666666666667
74,candidate_3,candidate_1,candidate_2,3,0.04666666666666667
75,candidate_3,candidate_1,candidate_2,3,0.04666666666666667
76,candidate_3,candidate_1,candidate_2,3,0.04666666666666667
77,candidate_3,candidate_1,0,3,0.04666666666666667
78,candidate_3,candidate_1,candidate_2,3,0.04666666666666667
79,0,candidate_1,candidate_2,3,0.04666666666666667
80,candidate_3,candidate_1,candidate_2,3,0.04666666666666667
81,candidate_3,candidate_1,candidate_2,3,0.04666666666666667
82,candidate_3,candidate_1,candidate_2,3,0.04666666666666667
83,candidate_3,candidate_1,candidate_2,3,0.04666666666666667
84,candidate_3,candidate_1,candidate_2,3,0.04666666666666667
85,candidate_3,0,candidate_2,3,0.04666666666666667
86,candidate_3,0,candidate_2,3,0.04666666666666667
87,candidate_3,candidate_1,candidate_2,3,0.04666666666666667
88,candidate_3,candidate_1,candidate_2,3,0.04666666666666667
89,candidate_3,candidate_1,candidate_2,3,0.04666666666666667
90,candidate_3,candidate_1,0,3,0.04666666666666667
91,candidate_3,candidate_1,candidate_2,3,0.04666666666666667
92,candidate_3,candidate_1,candidate_2,3,0.04666666666666667
93,candidate_3,candidate_1,candidate_2,3,0.04666666666666667
94,candidate_3,candidate_1,candidate_2,3,0.04666666666666667
95,candidate_3,candidate_1,candidate_2,3,0.04666666666666667
96,0,candidate_1,candidate_2,3,0.04666666666666667
97,candidate_3,candidate_1,candidate_2,3,0.04666666666666667
98,candidate_3,candidate_1,candidate_2,3,0.04666666666666667
99,candidate_3,candidate_1,candidate_2,3,0.04666666666666667
100,candidate_3,candidate_1,candidate_2,3,0.04666666666666667
101,candidate_3,candidate_1,candidate_2,3,0.04666666666666667
102,candidate_3,candidate_1,candidate_2,3,0.04666666666666667
103,candidate_3,candidate_1,0,3,0.04666666666666667
104,candidate_3,candidate_1,candidate_2,3,0.04666666666666667
105,candidate_3,candidate_1,candidate_2,3,0.04666666666666667
106,candidate_3,candidate_1,candidate_2,3,0.04666666666666667
107,candidate_3,candidate_1,candidate_2,3,0.04666666666666667
108,candidate_3,candidate_1,candidate_2,3,0.04666666666666667
109,candidate_3,candidate_1,candidate_2,3,0.04666666666666667
110,candidate_3,0,candidate_2,3,0.04666666666666667
111,candidate_3,candidate_1,candidate_2,3,0.04666666666666667
112,candidate_3,candidate_1,candidate_2,3,0.04666666666666667
113,candidate_3,candidate_1,candidate_2,3,0.04666666666666667
114,candidate_3,candidate_1,0,3,0.04666666666666667
115,candidate_3,candidate_1,candidate_2,3,0.04666666666666667
116,candidate_3,candidate_1,candidate_2,3,0.04666666666666667
117,candidate_3,candidate_1,candidate_2,3,0.04666666666666667
118,candidate_3,candidate_1,candidate_2,3,0.04666666666666667
119,candidate_3,candidate_1,candidate_2,3,0.04666666666666667
120,candidate_3,candidate_1,candidate_2,3,0.04666666666666667
121,candidate_3,candidate_1,candidate_2,3,0.04666666666666667
122,candidate_3,candidate_1,candidate_2,3,0.04666666666666667
123,candidate_3,candidate_1,candidate_2,3,0.04666666666666667
124,candidate_3,candidate_1,candidate_2,3,0.04666666666666667
125,candidate_3,candidate_1,0,3,0.04666666666666667
126,candidate_3,candidate_1,candidate_2,3,0.04666666666666667
127,candidate_3,candidate_1,candidate_2,3,0.04666666666666667
128,candidate_3,candidate_1,candidate_2,3,0.04666666666666667
129,candidate_3,candidate_1,candidate_2,3,0.04666666666666667
130,candidate_3,candidate_1,0,3,0.04666666666666667
131,candidate_3,candidate_1,candidate_2,3,0.04666666666666667
132,candidate_3,candidate_1,candidate_2,3,0.04666666666666667
133,candidate_3,candidate_1,candidate_2,3,0.04666666666666667
134,candidate_3,candidate_1,0,3,0.04666666666666667
135,candidate_3,candidate_1,candidate_2,3,0.04666666666666667
136,candidate_3,candidate_1,candidate_2,3,0.04666666666666667
137,candidate_3,candidate_1,candidate_2,3,0.04666666666666667
138,candidate_3,candidate_1,candidate_2,3,0.04666666666666667
139,candidate_3,candidate_1,candidate_2,3,0.04666666666666667
140,candidate_3,candidate_1,candidate_2,3,0.04666666666666667
141,candidate_3,0,candidate_2,3,0.04666666666666667
142,candidate_3,candidate_1,candidate_2,3,0.04666666666666667
143,candidate_3,candidate_1,candidate_2,3,0.04666666666666667
144,candidate_3,candidate_1,candidate_2,3,0.04666666666666667
145,candidate_3,candidate_1,candidate_2,3,0.04666666666666667
146,candidate_3,candidate_1,candidate_2,3,0.04666666666666667
147,candidate_3,candidate_1,candidate_2,3,0.04666666666666667
148,candidate_3,candidate_1,candidate_2,3,0.04666666666666667
149,candidate_3,candidate_1,candidate_2,3,0.04666666666666667
150,candidate_3,candidate_1,candidate_2,3,0.04666666666666667
151,candidate_3,candidate_1,0,3,0.04666666666666667
152,candidate_3,candidate_1,candidate_2,3,0.04666666666666667
153,candidate_3,candidate_1,candidate_2,3,0.04666666666666667
154,candidate_3,candidate_1,candidate_2,3,0.04666666666666667
155,candidate_3,candidate_1,candidate_2,3,0.04666666666666667
156,candidate_3,candidate_1,candidate_2,3,0.04666666666666667
157,candidate_3,candidate_1,candidate_2,3,0.04666666666666667
158,candidate_3,candidate_1,candidate_2,3,0.04666666666666667
159,candidate_3,candidate_1,candidate_2,3,0.04666666666666667
160,candidate_3,0,candidate_2,3,0.04666666666666667
161,candidate_3,candidate_1,candidate_2,3,0.04666666666666667
162,candidate_3,candidate_1,candidate_2,3,0.04666666666666667
163,candidate_3,candidate_1,candidate_2,3,0.04666666666666667
164,candidate_3,candidate_1,candidate_2,3,0.04666666666666667
165,candidate_3,candidate_1,candidate_2,3,0.04666666666666667
166,candidate_3,candidate_1,candidate_2,3,0.04666666666666667
167,candidate_3,candidate_1,candidate_2,3,0.04666666666666667
168,candidate_3,candidate_1,candidate_2,3,0.04666666666666667
169,candidate_3,candidate_1,candidate_2,3,0.04666666666666667
170,candidate_3,candidate_1,candidate_2,3,0.04666666666666667
171,candidate_3,candidate_1,candidate_2,3,0.04666666666666667
172,candidate_3,candidate_1,candidate_2,3,0.04666666666666667
173,candidate_3,candidate_1,candidate_2,3,0.04666666666666667
174,candidate_3,candidate_1,candidate_2,3,0.04666666666666667
175,0,candidate_1,candidate_2,3,0.04666666666666667
176,candidate_3,candidate_1,candidate_2,3,0.04666666666666667
177,candidate_3,candidate_1,candidate_2,3,0.04666666666666667
178,candidate_3,candidate_1,candidate_2,3,0.04666666666666667
179,candidate_3,candidate_1,candidate_2,3,0.04666666666666667
180,candidate_3,candidate_1,candidate_2,3,0.04666666666666667
181,candidate_3,candidate_1,candidate_2,3,0.04666666666666667
182,candidate_3,candidate_1,candidate_2,3,0.04666666666666667
183,candidate_3,candidate_1,candidate_2,3,0.04666666666666667
184,candidate_3,candidate_1,candidate_2,3,0.04666666666666667
185,0,candidate_1,candidate_2,3,0.04666666666666667
186,candidate_3,candidate_1,0,3,0.04666666666666667
187,candidate_3,candidate_1,candidate_2,3,0.04666666666666667
188,candidate_3,candidate_1,candidate_2,3,0.04666666666666667
189,candidate_3,candidate_1,candidate_2,3,0.04666666666666667
190,0,candidate_1,candidate_2,3,0.04666666666666667
191,candidate_3,candidate_1,candidate_2,3,0.04666666666666667
192,candidate_3,candidate_1,candidate_2,3,0.04666666666666667
193,candidate_3,candidate_1,candidate_2,3,0.04666666666666667
194,0,candidate_1,candidate_2,3,0.04666666666666667
195,candidate_3,candidate_1,candidate_2,3,0.04666666666666667
196,candidate_3,candidate_1,0,3,0.04666666666666667
197,candidate_3,candidate_1,candidate_2,3,0.04666666666666667
198,candidate_3,candidate_1,candidate_2,3,0.04666666666666667
199,candidate_3,candidate_1,candidate_2,3,0.04666666666666667
200,candidate_3,candidate_1,candidate_2,3,0.04666666666666667
201,candidate_3,candidate_1,candidate_2,3,0.04666666666666667
202,candidate_3,candidate_1,candidate_2,3,0.04666666666666667
203,candidate_3,candidate_1,candidate_2,3,0.04666666666666667
204,candidate_3,0,candidate_2,3,0.04666666666666667
205,candidate_3,candidate_1,candidate_2,3,0.04666666666666667
206,candidate_3,candidate_1,candidate_2,3,0.04666666666666667
207,candidate_3,candidate_1,candidate_2,3,0.04666666666666667
208,candidate_3,candidate_1,candidate_2,3,0.04666666666666667
209,candidate_3,candidate_1,candidate_2,3,0.04666666666666667
210,candidate_3,candidate_1,candidate_2,3,0.04666666666666667
211,candidate_3,candidate_1,candidate_2,3,0.04666666666666667
212,candidate_3,0,candidate_2,3,0.04666666666666667
213,candidate_3,candidate_1,candidate_2,3,0.04666666666666667
214,candidate_3,0,candidate_2,3,0.04666666666666667
215,candidate_3,candidate_1,candidate_2,3,0.04666666666666667
216,candidate_3,candidate_1,candidate_2,3,0.04666666666666667
217,candidate_3,candidate_1,candidate_2,3,0.04666666666666667
218,candidate_3,candidate_1,candidate_2,3,0.04666666666666667
219,candidate_3,candidate_1,candidate_2,3,0.04666666666666667
220,candidate_3,candidate_1,0,3,0.04666666666666667
221,candidate_3,candidate_1,candidate_2,3,0.04666666666666667
222,candidate_3,candidate_1,candidate_2,3,0.04666666666666667
223,candidate_3,candidate_1,candidate_2,3,0.04666666666666667
224,candidate_3,candidate_1,candidate_2,3,0.04666666666666667
225,candidate_3,candidate_1,0,3,0.04666666666666667
226,candidate_3,candidate_1,candidate_2,3,0.04666666666666667
227,candidate_3,candidate_1,candidate_2,3,0.04666666666666667
228,candidate_3,candidate_1,0,3,0.04666666666666667
229,candidate_3,candidate_1,candidate_2,3,0.04666666666666667
230,candidate_3,candidate_1,0,3,0.04666666666666667
231,candidate_3,candidate_1,candidate_2,3,0.04666666666666667
232,candidate_3,candidate_1,candidate_2,3,0.04666666666666667
233,0,candidate_1,candidate_2,3,0.04666666666666667
234,candidate_3,candidate_1,candidate_2,3,0.04666666666666667
235,candidate_3,candidate_1,candidate_2,3,0.04666666666666667
236,candidate_3,candidate_1,0,3,0.04666666666666667
237,candidate_3,candidate_1,candidate_2,3,0.04666666666666667
238,candidate_3,candidate_1,candidate_2,3,0.04666666666666667
239,candidate_3,candidate_1,candidate_2,3,0.04666666666666667
240,candidate_3,candidate_1,candidate_2,3,0.04666666666666667
241,candidate_3,candidate_1,candidate_2,3,0.04666666666666667
242,candidate_3,candidate_1,candidate_2,3,0.04666666666666667
243,candidate_3,candidate_1,candidate_2,3,0.04666666666666667
244,candidate_3,candidate_1,candidate_2,3,0.04666666666666667
245,candidate_3,candidate_1,candidate_2,3,0.04666666666666667
246,candidate_3,0,candidate_2,3,0.04666666666666667
247,candidate_3,candidate_1,candidate_2,3,0.04666666666666667
248,candidate_3,candidate_1,candidate_2,3,0.04666666666666667
249,candidate_3,candidate_1,candidate_2,3,0.04666666666666667
250,candidate_3,candidate_1,candidate_2,3,0.04666666666666667
251,candidate_3,candidate_1,candidate_2,3,0.04666666666666667
252,candidate_3,candidate_1,candidate_2,3,0.04666666666666667
253,candidate_3,candidate_1,candidate_2,3,0.04666666666666667
254,0,candidate_1,candidate_2,3,0.04666666666666667
255,candidate_3,candidate_1,candidate_2,3,0.04666666666666667
256,candidate_3,candidate_1,candidate_2,3,0.04666666666666667
257,candidate_3,candidate_1,candidate_2,3,0.04666666666666667
258,candidate_3,candidate_1,candidate_2,3,0.04666666666666667
259,candidate_3,candidate_1,candidate_2,3,0.04666666666666667
260,candidate_3,candidate_1,candidate_2,3,0.04666666666666667
261,candidate_3,candidate_1,candidate_2,3,0.04666666666666667
262,candidate_3,candidate_1,candidate_2,3,0.04666666666666667
263,candidate_3,candidate_1,candidate_2,3,0.04666666666666667
264,candidate_3,candidate_1,candidate_2,3,0.04666666666666667
265,candidate_3,candidate_1,candidate_2,3,0.04666666666666667
266,candidate_3,candidate_1,candidate_2,3,0.04666666666666667
267,candidate_3,candidate_1,candidate_2,3,0.04666666666666667
268,candidate_3,candidate_1,candidate_2,3,0.04666666666666667
269,candidate_3,candidate_1,candidate_2,3,0.04666666666666667
270,candidate_3,candidate_1,0,3,0.04666666666666667
271,candidate_3,candidate_1,candidate_2,3,0.04666666666666667
272,candidate_3,candidate_1,candidate_2,3,0.04666666666666667
273,candidate_3,candidate_1,candidate_2,3,0.04666666666666667
274,candidate_3,candidate_1,candidate_2,3,0.04666666666666667
275,candidate_3,candidate_1,candidate_2,3,0.04666666666666667
276,candidate_3,candidate_1,candidate_2,3,0.04666666666666667
277,candidate_3,candidate_1,candidate_2,3,0.04666666666666667
278,candidate_3,candidate_1,candidate_2,3,0.04666666666666667
279,candidate_3,candidate_1,0,3,0.04666666666666667
280,candidate_3,candidate_1,candidate_2,3,0.04666666666666667
281,candidate_3,candidate_1,candidate_2,3,0.04666666666666667
282,candidate_3,candidate_1,candidate_2,3,0.04666666666666667
283,candidate_3,candidate_1,candidate_2,3,0.04666666666666667
284,candidate_3,candidate_1,0,3,0.04666666666666667
285,candidate_3,candidate_1,candidate_2,3,0.04666666666666667
286,candidate_3,candidate_1,candidate_2,3,0.04666666666666667
287,candidate_3,candidate_1,candidate_2,3,0.04666666666666667
288,0,candidate_1,candidate_2,3,0.04666666666666667
289,candidate_3,candidate_1,candidate_2,3,0.04666666666666667
290,candidate_3,candidate_1,candidate_2,3,0.04666666666666667
291,candidate_3,candidate_1,candidate_2,3,0.04666666666666667
292,candidate_3,candidate_1,candidate_2,3,0.04666666666666667
293,candidate_3,candidate_1,candidate_2,3,0.04666666666666667
294,candidate_3,candidate_1,candidate_2,3,0.04666666666666667
295,0,candidate_1,candidate_2,3,0.04666666666666667
296,candidate_3,candidate_1,candidate_2,3,0.04666666666666667
297,candidate_3,0,candidate_2,3,0.04666666666666667
298,candidate_3,candidate_1,candidate_2,3,0.04666666666666667
299,candidate_3,candidate_1,candidate_2,3,0.04666666666666667
300,candidate_3,candidate_1,candidate_2,3,0.04666666666666667
301,0,candidate_1,candidate_2,3,0.04666666666666667
302,candidate_3,candidate_1,candidate_2,3,0.04666666666666667
303,candidate_3,candidate_1,candidate_2,3,0.04666666666666667
304,candidate_3,candidate_1,candidate_2,3,0.04666666666666667
305,candidate_3,candidate_1,candidate_2,3,0.04666666666666667
306,candidate_3,candidate_1,candidate_2,3,0.04666666666666667
307,candidate_3,candidate_1,candidate_2,3,0.04666666666666667
308,candidate_3,candidate_1,candidate_2,3,0.04666666666666667
309,candidate_3,candidate_1,candidate_2,3,0.04666666666666667
310,candidate_3,candidate_1,candidate_2,3,0.04666666666666667
311,candidate_3,candidate_1,candidate_2,3,0.04666666666666667
312,candidate_3,candidate_1,0,3,0.04666666666666667
313,candidate_3,candidate_1,candidate_2,3,0.04666666666666667
314,candidate_3,candidate_1,candidate_2,3,0.04666666666666667
315,candidate_3,candidate_1,candidate_2,3,0.04666666666666667
316,candidate_3,candidate_1,candidate_2,3,0.04666666666666667
317,candidate_3,candidate_1,candidate_2,3,0.04666666666666667
318,candidate_3,candidate_1,candidate_2,3,0.04666666666666667
319,candidate_3,candidate_1,candidate_2,3,0.04666666666666667
320,candidate_3,candidate_1,candidate_2,3,0.04666666666666667
321,candidate_3,candidate_1,candidate_2,3,0.04666666666666667
322,candidate_3,candidate_1,candidate_2,3,0.04666666666666667
323,candidate_3,candidate_1,candidate_2,3,0.04666666666666667
324,candidate_3,0,candidate_2,3,0.04666666666666667
325,candidate_3,candidate_1,candidate_2,3,0.04666666666666667
326,candidate_3,candidate_1,candidate_2,3,0.04666666666666667
327,candidate_3,candidate_1,candidate_2,3,0.04666666666666667
328,candidate_3,candidate_1,candidate_2,3,0.04666666666666667
329,candidate_3,candidate_1,candidate_2,3,0.04666666666666667
330,candidate_3,candidate_1,candidate_2,3,0.04666666666666667
331,0,candidate_1,candidate_2,3,0.04666666666666667
332,candidate_3,candidate_1,candidate_2,3,0.04666666666666667
333,candidate_3,candidate_1,candidate_2,3,0.04666666666666667
334,candidate_3,candidate_1,candidate_2,3,0.04666666666666667
335,candidate_3,candidate_1,candidate_2,3,0.04666666666666667
336,candidate_3,candidate_1,candidate_2,3,0.04666666666666667
337,candidate_3,candidate_1,candidate_2,3,0.04666666666666667
338,candidate_3,candidate_1,candidate_2,3,0.04666666666666667
339,candidate_3,candidate_1,candidate_2,3,0.04666666666666667
340,candidate_3,0,candidate_2,3,0.04666666666666667
341,candidate_3,candidate_1,candidate_2,3,0.04666666666666667
342,candidate_3,candidate_1,candidate_2,3,0.04666666666666667
343,candidate_3,candidate_1,candidate_2,3,0.04666666666666667
344,candidate_3,candidate_1,candidate_2,3,0.04666666666666667
345,0,candidate_1,0,3,0.04666666666666667
346,candidate_3,candidate_1,candidate_2,3,0.04666666666666667
347,candidate_3,candidate_1,candidate_2,3,0.04666666666666667
348,candidate_3,candidate_1,candidate_2,3,0.04666666666666667
349,0,candidate_1,candidate_2,3,0.04666666666666667
350,candidate_3,candidate_1,candidate_2,3,0.04666666666666667
351,0,candidate_1,candidate_2,3,0.04666666666666667
352,candidate_3,candidate_1,candidate_2,3,0.04666666666666667
353,candidate_3,candidate_1,candidate_2,3,0.04666666666666667
354,candidate_3,candidate_1,candidate_2,3,0.04666666666666667
355,candidate_3,candidate_1,candidate_2,3,0.04666666666666667
356,candidate_3,candidate_1,candidate_2,3,0.04666666666666667
357,candidate_3,candidate_1,candidate_2,3,0.04666666666666667
358,candidate_3,candidate_1,candidate_2,3,0.04666666666666667
359,candidate_3,candidate_1,candidate_2,3,0.04666666666666667
360,candidate_3,candidate_1,candidate_2,3,0.04666666666666667
361,0,candidate_1,0,3,0.04666666666666667
362,candidate_3,candidate_1,candidate_2,3,0.04666666666666667
363,candidate_3,candidate_1,candidate_2,3,0.04666666666666667
364,candidate_3,candidate_1,candidate_2,3,0.04666666666666667
365,candidate_3,0,candidate_2,3,0.04666666666666667
366,candidate_3,candidate_1,candidate_2,3,0.04666666666666667
367,candidate_3,candidate_1,candidate_2,3,0.04666666666666667
368,candidate_3,candidate_1,candidate_2,3,0.04666666666666667
369,candidate_3,candidate_1,candidate_2,3,0.04666666666666667
370,candidate_3,candidate_1,candidate_2,3,0.04666666666666667
371,0,candidate_1,candidate_2,3,0.04666666666666667
372,candidate_3,candidate_1,candidate_2,3,0.04666666666666667
373,candidate_3,candidate_1,candidate_2,3,0.04666666666666667
374,candidate_3,candidate_1,candidate_2,3,0.04666666666666667
375,candidate_3,candidate_1,0,3,0.04666666666666667
376,candidate_3,candidate_1,candidate_2,3,0.04666666666666667
377,candidate_3,candidate_1,candidate_2,3,0.04666666666666667
378,candidate_3,candidate_1,candidate_2,3,0.04666666666666667
379,candidate_3,candidate_1,0,3,0.04666666666666667
380,candidate_3,candidate_1,candidate_2,3,0.04666666666666667
381,candidate_3,candidate_1,candidate_2,3,0.04666666666666667
382,candidate_3,candidate_1,candidate_2,3,0.04666666666666667
383,candidate_3,candidate_1,candidate_2,3,0.04666666666666667
384,candidate_3,candidate_1,candidate_2,3,0.04666666666666667
385,candidate_3,candidate_1,candidate_2,3,0.04666666666666667
386,candidate_3,candidate_1,candidate_2,3,0.04666666666666667
387,candidate_3,candidate_1,candidate_2,3,0.04666666666666667
388,candidate_3,candidate_1,candidate_2,3,0.04666666666666667
389,candidate_3,candidate_1,candidate_2,3,0.04666666666666667
390,candidate_3,candidate_1,candidate_2,3,0.04666666666666667
391,candidate_3,candidate_1,candidate_2,3,0.04666666666666667
392,candidate_3,candidate_1,candidate_2,3,0.04666666666666667
393,candidate_3,candidate_1,candidate_2,3,0.04666666666666667
394,candidate_3,candidate_1,candidate_2,3,0.04666666666666667
395,candidate_3,candidate_1,candidate_2,3,0.04666666666666667
396,candidate_3,candidate_1,candidate_2,3,0.04666666666666667
397,candidate_3,candidate_1,candidate_2,3,0.04666666666666667
398,candidate_3,0,candidate_2,3,0.04666666666666667
399,candidate_3,candidate_1,candidate_2,3,0.04666666666666667
400,candidate_3,candidate_1,candidate_2,3,0.04666666666666667
401,candidate_3,0,candidate_2,3,0.04666666666666667
402,candidate_3,candidate_1,candidate_2,3,0.04666666666666667
403,candidate_3,candidate_1,candidate_2,3,0.04666666666666667
404,candidate_3,candidate_1,candidate_2,3,0.04666666666666667
405,candidate_3,candidate_1,candidate_2,3,0.04666666666666667
406,candidate_3,candidate_1,candidate_2,3,0.04666666666666667
407,0,candidate_1,candidate_2,3,0.04666666666666667
408,candidate_3,candidate_1,candidate_2,3,0.04666666666666667
409,0,candidate_1,candidate_2,3,0.04666666666666667
410,candidate_3,candidate_1,candidate_2,3,0.04666666666666667
411,candidate_3,candidate_1,candidate_2,3,0.04666666666666667
412,0,candidate_1,candidate_2,3,0.04666666666666667
413,candidate_3,candidate_1,candidate_2,3,0.04666666666666667
414,candidate_3,candidate_1,candidate_2,3,0.04666666666666667
415,candidate_3,candidate_1,candidate_2,3,0.04666666666666667
416,candidate_3,0,candidate_2,3,0.04666666666666667
417,candidate_3,candidate_1,candidate_2,3,0.04666666666666667
418,candidate_3,candidate_1,candidate_2,3,0.04666666666666667
419,candidate_3,candidate_1,0,3,0.04666666666666667
420,candidate_3,0,candidate_2,3,0.04666666666666667
421,candidate_3,candidate_1,candidate_2,3,0.04666666666666667
422,candidate_3,candidate_1,candidate_2,3,0.04666666666666667
423,candidate_3,candidate_1,candidate_2,3,0.04666666666666667
424,candidate_3,candidate_1,candidate_2,3,0.04666666666666667
425,candidate_3,candidate_1,candidate_2,3,0.04666666666666667
426,0,candidate_1,candidate_2,3,0.04666666666666667
427,candidate_3,candidate_1,candidate_2,3,0.04666666666666667
428,candidate_3,candidate_1,candidate_2,3,0.04666666666666667
429,candidate_3,candidate_1,candidate_2,3,0.04666666666666667
430,candidate_3,candidate_1,candidate_2,3,0.04666666666666667
431,candidate_3,candidate_1,candidate_2,3,0.04666666666666667
432,candidate_3,candidate_1,candidate_2,3,0.04666666666666667
433,candidate_3,candidate_1,candidate_2,3,0.04666666666666667
434,candidate_3,candidate_1,candidate_2,3,0.04666666666666667
435,candidate_3,candidate_1,0,3,0.04666666666666667
436,candidate_3,candidate_1,candidate_2,3,0.04666666666666667
437,candidate_3,candidate_1,candidate_2,3,0.04666666666666667
438,candidate_3,candidate_1,candidate_2,3,0.04666666666666667
439,candidate_3,candidate_1,candidate_2,3,0.04666666666666667
440,candidate_3,candidate_1,candidate_2,3,0.04666666666666667
441,candidate_3,candidate_1,candidate_2,3,0.04666666666666667
442,candidate_3,candidate_1,candidate_2,3,0.04666666666666667
443,candidate_3,candidate_1,candidate_2,3,0.04666666666666667
444,candidate_3,candidate_1,candidate_2,3,0.04666666666666667
445,candidate_3,candidate_1,candidate_2,3,0.04666666666666667
446,candidate_3,candidate_1,candidate_2,3,0.04666666666666667
447,candidate_3,candidate_1,0,3,0.04666666666666667
448,candidate_3,candidate_1,candidate_2,3,0.04666666666666667
449,candidate_3,candidate_1,candidate_2,3,0.04666666666666667
450,candidate_3,0,candidate_2,3,0.04666666666666667
451,candidate_3,0,candidate_2,3,0.04666666666666667
452,candidate_3,candidate_1,candidate_2,3,0.04666666666666667
453,candidate_3,candidate_1,candidate_2,3,0.04666666666666667
454,candidate_3,candidate_1,candidate_2,3,0.04666666666666667
455,candidate_3,candidate_1,candidate_2,3,0.04666666666666667
456,candidate_3,candidate_1,candidate_2,3,0.04666666666666667
457,candidate_3,candidate_1,candidate_2,3,0.04666666666666667
458,candidate_3,candidate_1,candidate_2,3,0.04666666666666667
459,candidate_3,candidate_1,candidate_2,3,0.04666666666666667
460,candidate_3,candidate_1,candidate_2,3,0.04666666666666667
461,candidate_3,candidate_1,0,3,0.04666666666666667
462,candidate_3,candidate_1,candidate_2,3,0.04666666666666667
463,candidate_3,candidate_1,candidate_2,3,0.04666666666666667
464,candidate_3,candidate_1,candidate_2,3,0.04666666666666667
465,0,candidate_1,candidate_2,3,0.04666666666666667
466,0,candidate_1,candidate_2,3,0.04666666666666667
467,candidate_3,candidate_1,candidate_2,3,0.04666666666666667
468,candidate_3,candidate_1,0,3,0.04666666666666667
469,candidate_3,candidate_1,candidate_2,3,0.04666666666666667
470,candidate_3,candidate_1,candidate_2,3,0.04666666666666667
0,candidate_3,candidate_2,0,3,0.04666666666666667
1,candidate_3,candidate_2,candidate_1,3,0.04666666666666667
2,candidate_3,candidate_2,candidate_1,3,0.04666666666666667
3,candidate_3,candidate_2,candidate_1,3,0.04666666666666667
4,candidate_3,candidate_2,candidate_1,3,0.04666666666666667
5,candidate_3,candidate_2,candidate_1,3,0.04666666666666667
6,candidate_3,candidate_2,candidate_1,3,0.04666666666666667
7,candidate_3,candidate_2,candidate_1,3,0.04666666666666667
8,candidate_3,candidate_2,candidate_1,3,0.04666666666666667
9,candidate_3,0,candidate_1,3,0.04666666666666667
10,candidate_3,candidate_2,candidate_1,3,0.04666666666666667
11,candidate_3,candidate_2,candidate_1,3,0.04666666666666667
12,candidate_3,candidate_2,candidate_1,3,0.04666666666666667
13,candidate_3,candidate_2,candidate_1,3,0.04666666666666667
14,candidate_3,candidate_2,candidate_1,3,0.04666666666666667
15,candidate_3,candidate_2,candidate_1,3,0.04666666666666667
16,candidate_3,candidate_2,candidate_1,3,0.04666666666666667
17,candidate_3,candidate_2,candidate_1,3,0.04666666666666667
18,candidate_3,candidate_2,candidate_1,3,0.04666666666666667
19,candidate_3,candidate_2,candidate_1,3,0.04666666666666667
20,candidate_3,candidate_2,candidate_1,3,0.04666666666666667
21,candidate_3,candidate_2,candidate_1,3,0.04666666666666667
22,candidate_3,candidate_2,candidate_1,3,0.04666666666666667
23,candidate_3,candidate_2,candidate_1,3,0.04666666666666667
24,candidate_3,candidate_2,candidate_1,3,0.04666666666666667
25,candidate_3,candidate_2,candidate_1,3,0.04666666666666667
26,candidate_3,candidate_2,candidate_1,3,0.04666666666666667
27,candidate_3,candidate_2,candidate_1,3,0.04666666666666667
28,candidate_3,candidate_2,candidate_1,3,0.04666666666666667
29,candidate_3,candidate_2,candidate_1,3,0.04666666666666667
30,candidate_3,candidate_2,candidate_1,3,0.04666666666666667
31,candidate_3,candidate_2,candidate_1,3,0.04666666666666667
32,candidate_3,candidate_2,candidate_1,3,0.04666666666666667
33,candidate_3,candidate_2,0,3,0.04666666666666667
34,candidate_3,candidate_2,candidate_1,3,0.04666666666666667
35,candidate_3,candidate_2,0,3,0.04666666666666667
36,candidate_3,0,candidate_1,3,0.04666666666666667
37,candidate_3,candidate_2,candidate_1,3,0.04666666666666667
38,candidate_3,candidate_2,candidate_1,3,0.04666666666666667
39,candidate_3,candidate_2,candidate_1,3,0.04666666666666667
40,candidate_3,candidate_2,candidate_1,3,0.04666666666666667
41,candidate_3,0,candidate_1,3,0.04666666666666667
42,candidate_3,candidate_2,candidate_1,3,0.04666666666666667
43,candidate_3,candidate_2,candidate_1,3,0.04666666666666667
44,candidate_3,candidate_2,candidate_1,3,0.04666666666666667
45,candidate_3,candidate_2,candidate_1,3,0.04666666666666667
46,candidate_3,0,candidate_1,3,0.04666666666666667
47,candidate_3,candidate_2,candidate_1,3,0.04666666666666667
48,candidate_3,0,candidate_1,3,0.04666666666666667
49,candidate_3,candidate_2,candidate_1,3,0.04666666666666667
50,candidate_3,candidate_2,candidate_1,3,0.04666666666666667
51,candidate_3,candidate_2,candidate_1,3,0.04666666666666667
52,candidate_3,candidate_2,candidate_1,3,0.04666666666666667
53,candidate_3,candidate_2,candidate_1,3,0.04666666666666667
54,candidate_3,candidate_2,candidate_1,3,0.04666666666666667
55,candidate_3,candidate_2,candidate_1,3,0.04666666666666667
56,candidate_3,candidate_2,candidate_1,3,0.04666666666666667
57,candidate_3,0,candidate_1,3,0.04666666666666667
58,candidate_3,candidate_2,candidate_1,3,0.04666666666666667
59,candidate_3,candidate_2,candidate_1,3,0.04666666666666667
60,candidate_3,candidate_2,candidate_1,3,0.04666666666666667
61,candidate_3,candidate_2,candidate_1,3,0.04666666666666667
62,candidate_3,candidate_2,candidate_1,3,0.04666666666666667
63,candidate_3,candidate_2,candidate_1,3,0.04666666666666667
64,candidate_3,candidate_2,candidate_1,3,0.04666666666666667
65,candidate_3,candidate_2,candidate_1,3,0.04666666666666667
66,candidate_3,candidate_2,candidate_1,3,0.04666666666666667
67,candidate_3,candidate_2,candidate_1,3,0.04666666666666667
68,candidate_3,candidate_2,candidate_1,3,0.04666666666666667
69,candidate_3,candidate_2,candidate_1,3,0.04666666666666667
70,candidate_3,candidate_2,candidate_1,3,0.04666666666666667
71,candidate_3,candidate_2,candidate_1,3,0.04666666666666667
72,candidate_3,candidate_2,candidate_1,3,0.04666666666666667
73,candidate_3,candidate_2,candidate_1,3,0.04666666666666667
74,candidate_3,candidate_2,candidate_1,3,0.04666666666666667
75,candidate_3,candidate_2,candidate_1,3,0.04666666666666667
76,candidate_3,candidate_2,candidate_1,3,0.04666666666666667
77,candidate_3,candidate_2,candidate_1,3,0.04666666666666667
78,candidate_3,0,candidate_1,3,0.04666666666666667
79,candidate_3,candidate_2,candidate_1,3,0.04666666666666667
80,candidate_3,candidate_2,candidate_1,3,0.04666666666666667
81,candidate_3,candidate_2,candidate_1,3,0.04666666666666667
82,candidate_3,candidate_2,candidate_1,3,0.04666666666666667
83,candidate_3,candidate_2,candidate_1,3,0.04666666666666667
84,candidate_3,candidate_2,candidate_1,3,0.04666666666666667
85,candidate_3,candidate_2,candidate_1,3,0.04666666666666667
86,candidate_3,candidate_2,candidate_1,3,0.04666666666666667
87,candidate_3,candidate_2,candidate_1,3,0.04666666666666667
88,candidate_3,candidate_2,candidate_1,3,0.04666666666666667
89,candidate_3,candidate_2,candidate_1,3,0.04666666666666667
90,candidate_3,candidate_2,candidate_1,3,0.04666666666666667
91,candidate_3,candidate_2,candidate_1,3,0.04666666666666667
92,candidate_3,candidate_2,candidate_1,3,0.04666666666666667
93,candidate_3,candidate_2,candidate_1,3,0.04666666666666667
94,candidate_3,candidate_2,candidate_1,3,0.04666666666666667
95,candidate_3,candidate_2,candidate_1,3,0.04666666666666667
96,candidate_3,candidate_2,candidate_1,3,0.04666666666666667
97,candidate_3,candidate_2,candidate_1,3,0.04666666666666667
98,candidate_3,candidate_2,candidate_1,3,0.04666666666666667
99,candidate_3,candidate_2,candidate_1,3,0.04666666666666667
100,candidate_3,candidate_2,candidate_1,3,0.04666666666666667
101,candidate_3,candidate_2,0,3,0.04666666666666667
102,candidate_3,candidate_2,candidate_1,3,0.04666666666666667
103,candidate_3,candidate_2,candidate_1,3,0.04666666666666667
104,candidate_3,candidate_2,0,3,0.04666666666666667
105,candidate_3,candidate_2,candidate_1,3,0.04666666666666667
106,candidate_3,candidate_2,candidate_1,3,0.04666666666666667
107,candidate_3,candidate_2,candidate_1,3,0.04666666666666667
108,candidate_3,candidate_2,candidate_1,3,0.04666666666666667
109,candidate_3,candidate_2,candidate_1,3,0.04666666666666667
110,0,candidate_2,candidate_1,3,0.04666666666666667
111,0,candidate_2,0,3,0.04666666666666667
112,candidate_3,candidate_2,candidate_1,3,0.04666666666666667
113,candidate_3,candidate_2,candidate_1,3,0.04666666666666667
114,candidate_3,candidate_2,candidate_1,3,0.04666666666666667
115,candidate_3,candidate_2,candidate_1,3,0.04666666666666667
116,candidate_3,candidate_2,candidate_1,3,0.04666666666666667
117,candidate_3,candidate_2,candidate_1,3,0.04666666666666667
118,candidate_3,candidate_2,candidate_1,3,0.04666666666666667
119,candidate_3,candidate_2,candidate_1,3,0.04666666666666667
120,candidate_3,candidate_2,candidate_1,3,0.04666666666666667
121,candidate_3,candidate_2,candidate_1,3,0.04666666666666667
122,candidate_3,candidate_2,candidate_1,3,0.04666666666666667
123,candidate_3,candidate_2,candidate_1,3,0.04666666666666667
124,candidate_3,candidate_2,candidate_1,3,0.04666666666666667
125,candidate_3,0,candidate_1,3,0.04666666666666667
126,candidate_3,candidate_2,candidate_1,3,0.04666666666666667
127,candidate_3,candidate_2,candidate_1,3,0.04666666666666667
128,candidate_3,candidate_2,candidate_1,3,0.04666666666666667
129,candidate_3,candidate_2,candidate_1,3,0.04666666666666667
130,0,candidate_2,0,3,0.04666666666666667
131,0,candidate_2,candidate_1,3,0.04666666666666667
132,candidate_3,candidate_2,candidate_1,3,0.04666666666666667
133,candidate_3,candidate_2,candidate_1,3,0.04666666666666667
134,0,candidate_2,candidate_1,3,0.04666666666666667
135,candidate_3,candidate_2,candidate_1,3,0.04666666666666667
136,candidate_3,candidate_2,0,3,0.04666666666666667
137,candidate_3,candidate_2,candidate_1,3,0.04666666666666667
138,candidate_3,candidate_2,candidate_1,3,0.04666666666666667
139,0,candidate_2,candidate_1,3,0.04666666666666667
140,candidate_3,candidate_2,candidate_1,3,0.04666666666666667
141,candidate_3,candidate_2,candidate_1,3,0.04666666666666667
142,candidate_3,0,candidate_1,3,0.04666666666666667
143,candidate_3,candidate_2,candidate_1,3,0.04666666666666667
144,candidate_3,candidate_2,candidate_1,3,0.04666666666666667
145,candidate_3,candidate_2,candidate_1,3,0.04666666666666667
146,candidate_3,candidate_2,candidate_1,3,0.04666666666666667
147,0,candidate_2,candidate_1,3,0.04666666666666667
148,candidate_3,candidate_2,candidate_1,3,0.04666666666666667
149,candidate_3,candidate_2,candidate_1,3,0.04666666666666667
150,candidate_3,candidate_2,candidate_1,3,0.04666666666666667
151,candidate_3,candidate_2,candidate_1,3,0.04666666666666667
152,candidate_3,candidate_2,candidate_1,3,0.04666666666666667
153,candidate_3,candidate_2,candidate_1,3,0.04666666666666667
154,candidate_3,candidate_2,candidate_1,3,0.04666666666666667
155,candidate_3,candidate_2,candidate_1,3,0.04666666666666667
156,candidate_3,candidate_2,candidate_1,3,0.04666666666666667
157,candidate_3,candidate_2,candidate_1,3,0.04666666666666667
158,candidate_3,candidate_2,candidate_1,3,0.04666666666666667
159,candidate_3,candidate_2,candidate_1,3,0.04666666666666667
160,candidate_3,candidate_2,candidate_1,3,0.04666666666666667
161,candidate_3,candidate_2,candidate_1,3,0.04666666666666667
162,candidate_3,candidate_2,0,3,0.04666666666666667
163,candidate_3,candidate_2,candidate_1,3,0.04666666666666667
164,candidate_3,candidate_2,candidate_1,3,0.04666666666666667
165,candidate_3,candidate_2,candidate_1,3,0.04666666666666667
166,candidate_3,candidate_2,candidate_1,3,0.04666666666666667
167,candidate_3,candidate_2,candidate_1,3,0.04666666666666667
168,candidate_3,candidate_2,candidate_1,3,0.04666666666666667
169,candidate_3,candidate_2,candidate_1,3,0.04666666666666667
170,candidate_3,candidate_2,candidate_1,3,0.04666666666666667
171,candidate_3,candidate_2,candidate_1,3,0.04666666666666667
172,candidate_3,candidate_2,candidate_1,3,0.04666666666666667
173,candidate_3,candidate_2,candidate_1,3,0.04666666666666667
174,candidate_3,candidate_2,candidate_1,3,0.04666666666666667
175,candidate_3,candidate_2,candidate_1,3,0.04666666666666667
176,candidate_3,candidate_2,candidate_1,3,0.04666666666666667
177,candidate_3,candidate_2,candidate_1,3,0.04666666666666667
178,candidate_3,candidate_2,0,3,0.04666666666666667
179,candidate_3,candidate_2,candidate_1,3,0.04666666666666667
180,candidate_3,0,candidate_1,3,0.04666666666666667
181,candidate_3,candidate_2,candidate_1,3,0.04666666666666667
182,candidate_3,candidate_2,candidate_1,3,0.04666666666666667
183,candidate_3,candidate_2,candidate_1,3,0.04666666666666667
184,candidate_3,candidate_2,candidate_1,3,0.04666666666666667
185,candidate_3,candidate_2,0,3,0.04666666666666667
186,candidate_3,candidate_2,candidate_1,3,0.04666666666666667
187,candidate_3,candidate_2,candidate_1,3,0.04666666666666667
188,0,candidate_2,candidate_1,3,0.04666666666666667
189,candidate_3,candidate_2,candidate_1,3,0.04666666666666667
190,candidate_3,candidate_2,candidate_1,3,0.04666666666666667
191,candidate_3,candidate_2,candidate_1,3,0.04666666666666667
192,candidate_3,candidate_2,candidate_1,3,0.04666666666666667
193,candidate_3,candidate_2,candidate_1,3,0.04666666666666667
194,candidate_3,candidate_2,candidate_1,3,0.04666666666666667
195,candidate_3,candidate_2,candidate_1,3,0.04666666666666667
196,candidate_3,candidate_2,candidate_1,3,0.04666666666666667
197,candidate_3,candidate_2,candidate_1,3,0.04666666666666667
198,candidate_3,candidate_2,candidate_1,3,0.04666666666666667
199,candidate_3,candidate_2,candidate_1,3,0.04666666666666667
200,candidate_3,candidate_2,candidate_1,3,0.04666666666666667
201,candidate_3,candidate_2,candidate_1,3,0.04666666666666667
202,candidate_3,candidate_2,candidate_1,3,0.04666666666666667
203,candidate_3,candidate_2,candidate_1,3,0.04666666666666667
204,candidate_3,candidate_2,candidate_1,3,0.04666666666666667
205,candidate_3,candidate_2,candidate_1,3,0.04666666666666667
206,candidate_3,candidate_2,candidate_1,3,0.04666666666666667
207,candidate_3,candidate_2,candidate_1,3,0.04666666666666667
208,candidate_3,candidate_2,candidate_1,3,0.04666666666666667
209,candidate_3,candidate_2,candidate_1,3,0.04666666666666667
210,candidate_3,candidate_2,candidate_1,3,0.04666666666666667
211,0,candidate_2,candidate_1,3,0.04666666666666667
212,candidate_3,candidate_2,candidate_1,3,0.04666666666666667
213,candidate_3,candidate_2,candidate_1,3,0.04666666666666667
214,candidate_3,candidate_2,candidate_1,3,0.04666666666666667
215,candidate_3,0,candidate_1,3,0.04666666666666667
216,candidate_3,candidate_2,candidate_1,3,0.04666666666666667
217,candidate_3,candidate_2,candidate_1,3,0.04666666666666667
218,candidate_3,candidate_2,candidate_1,3,0.04666666666666667
219,candidate_3,candidate_2,candidate_1,3,0.04666666666666667
220,candidate_3,candidate_2,candidate_1,3,0.04666666666666667
221,candidate_3,candidate_2,candidate_1,3,0.04666666666666667
222,candidate_3,candidate_2,candidate_1,3,0.04666666666666667
223,candidate_3,candidate_2,candidate_1,3,0.04666666666666667
224,candidate_3,candidate_2,candidate_1,3,0.04666666666666667
225,candidate_3,candidate_2,candidate_1,3,0.04666666666666667
226,candidate_3,candidate_2,candidate_1,3,0.04666666666666667
227,candidate_3,candidate_2,candidate_1,3,0.04666666666666667
228,candidate_3,candidate_2,candidate_1,3,0.04666666666666667
229,candidate_3,candidate_2,candidate_1,3,0.04666666666666667
230,candidate_3,candidate_2,candidate_1,3,0.04666666666666667
231,candidate_3,candidate_2,candidate_1,3,0.04666666666666667
232,candidate_3,candidate_2,candidate_1,3,0.04666666666666667
233,0,candidate_2,candidate_1,3,0.04666666666666667
234,candidate_3,candidate_2,candidate_1,3,0.04666666666666667
235,candidate_3,candidate_2,candidate_1,3,0.04666666666666667
236,candidate_3,candidate_2,candidate_1,3,0.04666666666666667
237,candidate_3,candidate_2,candidate_1,3,0.04666666666666667
238,candidate_3,candidate_2,candidate_1,3,0.04666666666666667
239,candidate_3,candidate_2,candidate_1,3,0.04666666666666667
240,candidate_3,candidate_2,candidate_1,3,0.04666666666666667
241,candidate_3,candidate_2,candidate_1,3,0.04666666666666667
242,candidate_3,candidate_2,candidate_1,3,0.04666666666666667
243,0,candidate_2,candidate_1,3,0.04666666666666667
244,candidate_3,candidate_2,candidate_1,3,0.04666666666666667
245,candidate_3,candidate_2,candidate_1,3,0.04666666666666667
246,candidate_3,candidate_2,candidate_1,3,0.04666666666666667
247,candidate_3,candidate_2,candidate_1,3,0.04666666666666667
248,candidate_3,candidate_2,candidate_1,3,0.04666666666666667
249,candidate_3,candidate_2,candidate_1,3,0.04666666666666667
250,candidate_3,candidate_2,candidate_1,3,0.04666666666666667
251,candidate_3,candidate_2,candidate_1,3,0.04666666666666667
252,0,candidate_2,candidate_1,3,0.04666666666666667
253,candidate_3,candidate_2,candidate_1,3,0.04666666666666667
254,candidate_3,candidate_2,candidate_1,3,0.04666666666666667
255,candidate_3,candidate_2,candidate_1,3,0.04666666666666667
256,candidate_3,candidate_2,candidate_1,3,0.04666666666666667
257,candidate_3,candidate_2,candidate_1,3,0.04666666666666667
258,candidate_3,candidate_2,candidate_1,3,0.04666666666666667
259,candidate_3,candidate_2,candidate_1,3,0.04666666666666667
260,candidate_3,candidate_2,candidate_1,3,0.04666666666666667
261,candidate_3,candidate_2,candidate_1,3,0.04666666666666667
262,0,0,candidate_1,3,0.04666666666666667
263,candidate_3,candidate_2,candidate_1,3,0.04666666666666667
264,candidate_3,candidate_2,candidate_1,3,0.04666666666666667
265,0,candidate_2,candidate_1,3,0.04666666666666667
266,candidate_3,candidate_2,candidate_1,3,0.04666666666666667
267,candidate_3,candidate_2,candidate_1,3,0.04666666666666667
268,candidate_3,candidate_2,candidate_1,3,0.04666666666666667
269,candidate_3,candidate_2,candidate_1,3,0.04666666666666667
270,candidate_3,candidate_2,candidate_1,3,0.04666666666666667
271,candidate_3,candidate_2,0,3,0.04666666666666667
272,candidate_3,candidate_2,candidate_1,3,0.04666666666666667
273,candidate_3,candidate_2,candidate_1,3,0.04666666666666667
274,candidate_3,candidate_2,candidate_1,3,0.04666666666666667
275,candidate_3,candidate_2,candidate_1,3,0.04666666666666667
276,candidate_3,candidate_2,candidate_1,3,0.04666666666666667
277,candidate_3,candidate_2,candidate_1,3,0.04666666666666667
278,candidate_3,candidate_2,candidate_1,3,0.04666666666666667
279,candidate_3,candidate_2,candidate_1,3,0.04666666666666667
280,candidate_3,candidate_2,candidate_1,3,0.04666666666666667
281,candidate_3,candidate_2,candidate_1,3,0.04666666666666667
282,candidate_3,candidate_2,candidate_1,3,0.04666666666666667
283,0,candidate_2,candidate_1,3,0.04666666666666667
284,candidate_3,candidate_2,candidate_1,3,0.04666666666666667
285,candidate_3,candidate_2,candidate_1,3,0.04666666666666667
286,candidate_3,candidate_2,candidate_1,3,0.04666666666666667
287,candidate_3,candidate_2,0,3,0.04666666666666667
288,0,candidate_2,candidate_1,3,0.04666666666666667
289,candidate_3,candidate_2,candidate_1,3,0.04666666666666667
290,candidate_3,candidate_2,candidate_1,3,0.04666666666666667
291,candidate_3,candidate_2,candidate_1,3,0.04666666666666667
292,candidate_3,candidate_2,candidate_1,3,0.04666666666666667
293,candidate_3,candidate_2,candidate_1,3,0.04666666666666667
294,candidate_3,candidate_2,candidate_1,3,0.04666666666666667
295,candidate_3,candidate_2,candidate_1,3,0.04666666666666667
296,candidate_3,candidate_2,candidate_1,3,0.04666666666666667
297,candidate_3,candidate_2,candidate_1,3,0.04666666666666667
298,candidate_3,candidate_2,candidate_1,3,0.04666666666666667
299,candidate_3,candidate_2,candidate_1,3,0.04666666666666667
300,candidate_3,candidate_2,candidate_1,3,0.04666666666666667
301,0,0,candidate_1,3,0.04666666666666667
302,candidate_3,candidate_2,candidate_1,3,0.04666666666666667
303,candidate_3,candidate_2,candidate_1,3,0.04666666666666667
304,candidate_3,candidate_2,candidate_1,3,0.04666666666666667
305,candidate_3,candidate_2,candidate_1,3,0.04666666666666667
306,0,candidate_2,0,3,0.04666666666666667
307,candidate_3,candidate_2,candidate_1,3,0.04666666666666667
308,candidate_3,candidate_2,0,3,0.04666666666666667
309,candidate_3,candidate_2,candidate_1,3,0.04666666666666667
310,candidate_3,candidate_2,candidate_1,3,0.04666666666666667
311,candidate_3,candidate_2,candidate_1,3,0.04666666666666667
312,candidate_3,candidate_2,candidate_1,3,0.04666666666666667
313,candidate_3,candidate_2,candidate_1,3,0.04666666666666667
314,candidate_3,candidate_2,candidate_1,3,0.04666666666666667
315,candidate_3,candidate_2,candidate_1,3,0.04666666666666667
316,candidate_3,candidate_2,candidate_1,3,0.04666666666666667
317,candidate_3,candidate_2,candidate_1,3,0.04666666666666667
318,candidate_3,candidate_2,candidate_1,3,0.04666666666666667
319,candidate_3,candidate_2,0,3,0.04666666666666667
320,candidate_3,0,candidate_1,3,0.04666666666666667
321,candidate_3,candidate_2,candidate_1,3,0.04666666666666667
322,0,candidate_2,candidate_1,3,0.04666666666666667
323,candidate_3,candidate_2,candidate_1,3,0.04666666666666667
324,candidate_3,candidate_2,candidate_1,3,0.04666666666666667
325,candidate_3,candidate_2,candidate_1,3,0.04666666666666667
326,candidate_3,candidate_2,candidate_1,3,0.04666666666666667
327,candidate_3,candidate_2,candidate_1,3,0.04666666666666667
328,candidate_3,candidate_2,candidate_1,3,0.04666666666666667
329,candidate_3,0,candidate_1,3,0.04666666666666667
330,0,candidate_2,candidate_1,3,0.04666666666666667
331,candidate_3,candidate_2,candidate_1,3,0.04666666666666667
332,0,candidate_2,candidate_1,3,0.04666666666666667
333,candidate_3,candidate_2,candidate_1,3,0.04666666666666667
334,candidate_3,candidate_2,candidate_1,3,0.04666666666666667
335,candidate_3,candidate_2,candidate_1,3,0.04666666666666667
336,candidate_3,candidate_2,candidate_1,3,0.04666666666666667
337,candidate_3,candidate_2,candidate_1,3,0.04666666666666667
338,candidate_3,candidate_2,candidate_1,3,0.04666666666666667
339,candidate_3,candidate_2,candidate_1,3,0.04666666666666667
340,candidate_3,candidate_2,candidate_1,3,0.04666666666666667
341,candidate_3,candidate_2,candidate_1,3,0.04666666666666667
342,candidate_3,candidate_2,candidate_1,3,0.04666666666666667
343,candidate_3,0,candidate_1,3,0.04666666666666667
344,candidate_3,candidate_2,candidate_1,3,0.04666666666666667
345,candidate_3,candidate_2,candidate_1,3,0.04666666666666667
346,candidate_3,candidate_2,candidate_1,3,0.04666666666666667
347,candidate_3,candidate_2,candidate_1,3,0.04666666666666667
348,candidate_3,candidate_2,0,3,0.04666666666666667
349,candidate_3,candidate_2,candidate_1,3,0.04666666666666667
350,candidate_3,candidate_2,candidate_1,3,0.04666666666666667
351,candidate_3,candidate_2,candidate_1,3,0.04666666666666667
352,candidate_3,candidate_2,candidate_1,3,0.04666666666666667
353,candidate_3,candidate_2,candidate_1,3,0.04666666666666667
354,candidate_3,candidate_2,candidate_1,3,0.04666666666666667
355,candidate_3,candidate_2,candidate_1,3,0.04666666666666667
356,candidate_3,candidate_2,candidate_1,3,0.04666666666666667
357,candidate_3,candidate_2,candidate_1,3,0.04666666666666667
358,candidate_3,candidate_2,candidate_1,3,0.04666666666666667
359,candidate_3,candidate_2,0,3,0.04666666666666667
360,candidate_3,candidate_2,candidate_1,3,0.04666666666666667
361,candidate_3,candidate_2,candidate_1,3,0.04666666666666667
362,candidate_3,candidate_2,candidate_1,3,0.04666666666666667
363,candidate_3,candidate_2,candidate_1,3,0.04666666666666667
364,candidate_3,candidate_2,candidate_1,3,0.04666666666666667
365,candidate_3,candidate_2,candidate_1,3,0.04666666666666667
366,candidate_3,candidate_2,0,3,0.04666666666666667
367,candidate_3,candidate_2,0,3,0.04666666666666667
368,candidate_3,candidate_2,candidate_1,3,0.04666666666666667
369,candidate_3,candidate_2,candidate_1,3,0.04666666666666667
370,0,candidate_2,candidate_1,3,0.04666666666666667
371,candidate_3,candidate_2,candidate_1,3,0.04666666666666667
372,candidate_3,candidate_2,candidate_1,3,0.04666666666666667
373,candidate_3,candidate_2,candidate_1,3,0.04666666666666667
374,candidate_3,candidate_2,candidate_1,3,0.04666666666666667
375,candidate_3,candidate_2,candidate_1,3,0.04666666666666667
376,candidate_3,candidate_2,candidate_1,3,0.04666666666666667
377,candidate_3,candidate_2,candidate_1,3,0.04666666666666667
378,candidate_3,candidate_2,candidate_1,3,0.04666666666666667
379,candidate_3,candidate_2,candidate_1,3,0.04666666666666667
380,candidate_3,candidate_2,candidate_1,3,0.04666666666666667
381,candidate_3,candidate_2,candidate_1,3,0.04666666666666667
382,candidate_3,candidate_2,candidate_1,3,0.04666666666666667
383,candidate_3,candidate_2,candidate_1,3,0.04666666666666667
384,candidate_3,candidate_2,candidate_1,3,0.04666666666666667
385,candidate_3,candidate_2,candidate_1,3,0.04666666666666667
386,candidate_3,candidate_2,candidate_1,3,0.04666666666666667
387,candidate_3,candidate_2,candidate_1,3,0.04666666666666667
388,candidate_3,candidate_2,candidate_1,3,0.04666666666666667
389,candidate_3,candidate_2,candidate_1,3,0.04666666666666667
390,candidate_3,candidate_2,candidate_1,3,0.04666666666666667
391,candidate_3,candidate_2,candidate_1,3,0.04666666666666667
392,candidate_3,candidate_2,candidate_1,3,0.04666666666666667
393,candidate_3,candidate_2,candidate_1,3,0.04666666666666667
394,candidate_3,candidate_2,candidate_1,3,0.04666666666666667
395,candidate_3,candidate_2,candidate_1,3,0.04666666666666667
396,candidate_3,candidate_2,0,3,0.04666666666666667
397,candidate_3,candidate_2,candidate_1,3,0.04666666666666667
398,candidate_3,candidate_2,candidate_1,3,0.04666666666666667
399,candidate_3,candidate_2,candidate_1,3,0.04666666666666667
400,candidate_3,candidate_2,candidate_1,3,0.04666666666666667
401,candidate_3,candidate_2,candidate_1,3,0.04666666666666667
402,candidate_3,candidate_2,candidate_1,3,0.04666666666666667
403,candidate_3,candidate_2,candidate_1,3,0.04666666666666667
404,candidate_3,candidate_2,candidate_1,3,0.04666666666666667
405,candidate_3,candidate_2,candidate_1,3,0.04666666666666667
406,candidate_3,candidate_2,candidate_1,3,0.04666666666666667
407,candidate_3,candidate_2,candidate_1,3,0.04666666666666667
408,candidate_3,candidate_2,candidate_1,3,0.04666666666666667
409,candidate_3,candidate_2,candidate_1,3,0.04666666666666667
410,candidate_3,candidate_2,candidate_1,3,0.04666666666666667
411,candidate_3,candidate_2,candidate_1,3,0.04666666666666667
412,candidate_3,candidate_2,candidate_1,3,0.04666666666666667
413,candidate_3,candidate_2,candidate_1,3,0.04666666666666667
414,candidate_3,candidate_2,candidate_1,3,0.04666666666666667
415,candidate_3,candidate_2,candidate_1,3,0.04666666666666667
416,candidate_3,candidate_2,candidate_1,3,0.04666666666666667
417,candidate_3,candidate_2,candidate_1,3,0.04666666666666667
418,candidate_3,candidate_2,candidate_1,3,0.04666666666666667
419,candidate_3,candidate_2,candidate_1,3,0.04666666666666667
420,candidate_3,candidate_2,candidate_1,3,0.04666666666666667
421,candidate_3,candidate_2,candidate_1,3,0.04666666666666667
422,candidate_3,candidate_2,candidate_1,3,0.04666666666666667
423,candidate_3,candidate_2,candidate_1,3,0.04666666666666667
424,0,candidate_2,candidate_1,3,0.04666666666666667
425,candidate_3,candidate_2,candidate_1,3,0.04666666666666667
426,0,candidate_2,candidate_1,3,0.04666666666666667
427,candidate_3,candidate_2,candidate_1,3,0.04666666666666667
428,candidate_3,candidate_2,candidate_1,3,0.04666666666666667
429,candidate_3,candidate_2,candidate_1,3,0.04666666666666667
430,candidate_3,candidate_2,candidate_1,3,0.04666666666666667
431,candidate_3,candidate_2,candidate_1,3,0.04666666666666667
432,candidate_3,candidate_2,candidate_1,3,0.04666666666666667
433,candidate_3,candidate_2,candidate_1,3,0.04666666666666667
434,candidate_3,candidate_2,candidate_1,3,0.04666666666666667
435,candidate_3,candidate_2,candidate_1,3,0.04666666666666667
436,candidate_3,candidate_2,candidate_1,3,0.04666666666666667
437,candidate_3,candidate_2,candidate_1,3,0.04666666666666667
438,candidate_3,candidate_2,candidate_1,3,0.04666666666666667
439,candidate_3,candidate_2,candidate_1,3,0.04666666666666667
440,candidate_3,candidate_2,candidate_1,3,0.04666666666666667
441,candidate_3,candidate_2,candidate_1,3,0.04666666666666667
442,candidate_3,candidate_2,candidate_1,3,0.04666666666666667
443,candidate_3,candidate_2,candidate_1,3,0.04666666666666667
444,candidate_3,candidate_2,candidate_1,3,0.04666666666666667
445,candidate_3,candidate_2,0,3,0.04666666666666667
446,candidate_3,candidate_2,candidate_1,3,0.04666666666666667
447,candidate_3,candidate_2,0,3,0.04666666666666667
448,candidate_3,candidate_2,candidate_1,3,0.04666666666666667
449,candidate_3,candidate_2,candidate_1,3,0.04666666666666667
450,candidate_3,candidate_2,candidate_1,3,0.04666666666666667
451,candidate_3,candidate_2,candidate_1,3,0.04666666666666667
452,candidate_3,candidate_2,candidate_1,3,0.04666666666666667
453,candidate_3,candidate_2,candidate_1,3,0.04666666666666667
454,candidate_3,candidate_2,candidate_1,3,0.04666666666666667
455,candidate_3,candidate_2,candidate_1,3,0.04666666666666667
456,candidate_3,candidate_2,candidate_1,3,0.04666666666666667
457,0,candidate_2,candidate_1,3,0.04666666666666667
458,candidate_3,candidate_2,candidate_1,3,0.04666666666666667
459,candidate_3,candidate_2,0,3,0.04666666666666667
460,candidate_3,candidate_2,candidate_1,3,0.04666666666666667
461,candidate_3,candidate_2,0,3,0.04666666666666667
462,candidate_3,candidate_2,candidate_1,3,0.04666666666666667
463,candidate_3,candidate_2,candidate_1,3,0.04666666666666667
464,candidate_3,candidate_2,candidate_1,3,0.04666666666666667
465,candidate_3,candidate_2,candidate_1,3,0.04666666666666667
466,candidate_3,candidate_2,candidate_1,3,0.04666666666666667
467,candidate_3,candidate_2,candidate_1,3,0.04666666666666667
468,candidate_3,candidate_2,0,3,0.04666666666666667
469,candidate_3,candidate_2,candidate_1,3,0.04666666666666667
470,candidate_3,candidate_2,candidate_1,3,0.04666666666666667
471,candidate_3,candidate_2,candidate_1,3,0.04666666666666667
472,candidate_3,candidate_2,candidate_1,3,0.04666666666666667
473,candidate_3,candidate_2,candidate_1,3,0.04666666666666667
474,candidate_3,0,candidate_1,3,0.04666666666666667
475,candidate_3,candidate_2,candidate_1,3,0.04666666666666667
476,candidate_3,0,candidate_1,3,0.04666666666666667
477,candidate_3,candidate_2,candidate_1,3,0.04666666666666667
478,candidate_3,0,candidate_1,3,0.04666666666666667
479,candidate_3,candidate_2,candidate_1,3,0.04666666666666667
480,candidate_3,candidate_2,candidate_1,3,0.04666666666666667
481,0,0,candidate_1,3,0.04666666666666667
482,candidate_3,candidate_2,candidate_1,3,0.04666666666666667
483,candidate_3,candidate_2,candidate_1,3,0.04666666666666667
484,candidate_3,candidate_2,candidate_1,3,0.04666666666666667
485,candidate_3,0,candidate_1,3,0.04666666666666667
486,candidate_3,candidate_2,candidate_1,3,0.04666666666666667
487,candidate_3,candidate_2,candidate_1,3,0.04666666666666667
488,candidate_3,candidate_2,candidate_1,3,0.04666666666666667
489,candidate_3,candidate_2,0,3,0.04666666666666667
490,candidate_3,candidate_2,candidate_1,3,0.04666666666666667
491,candidate_3,candidate_2,candidate_1,3,0.04666666666666667
492,candidate_3,candidate_2,candidate_1,3,0.04666666666666667
493,candidate_3,candidate_2,candidate_1,3,0.04666666666666667
494,candidate_3,candidate_2,candidate_1,3,0.04666666666666667
495,candidate_3,candidate_2,candidate_1,3,0.04666666666666667
496,candidate_3,candidate_2,candidate_1,3,0.04666666666666667
497,candidate_3,candidate_2,0,3,0.04666666666666667
498,candidate_3,candidate_2,candidate_1,3,0.04666666666666667
499,candidate_3,candidate_2,candidate_1,3,0.04666666666666667
500,candidate_3,candidate_2,candidate_1,3,0.04666666666666667
501,0,candidate_2,candidate_1,3,0.04666666666666667
502,candidate_3,candidate_2,candidate_1,3,0.04666666666666667
503,candidate_3,candidate_2,candidate_1,3,0.04666666666666667
504,candidate_3,candidate_2,candidate_1,3,0.04666666666666667
505,candidate_3,candidate_2,candidate_1,3,0.04666666666666667
506,candidate_3,candidate_2,candidate_1,3,0.04666666666666667
507,candidate_3,candidate_2,0,3,0.04666666666666667
508,candidate_3,0,candidate_1,3,0.04666666666666667
509,candidate_3,candidate_2,0,3,0.04666666666666667
510,candidate_3,candidate_2,candidate_1,3,0.04666666666666667
511,candidate_3,candidate_2,candidate_1,3,0.04666666666666667
512,candidate_3,candidate_2,candidate_1,3,0.04666666666666667
513,candidate_3,candidate_2,candidate_1,3,0.04666666666666667
514,0,candidate_2,candidate_1,3,0.04666666666666667
515,candidate_3,candidate_2,candidate_1,3,0.04666666666666667
516,candidate_3,candidate_2,candidate_1,3,0.04666666666666667
517,candidate_3,candidate_2,candidate_1,3,0.04666666666666667
518,candidate_3,candidate_2,candidate_1,3,0.04666666666666667
519,candidate_3,candidate_2,candidate_1,3,0.04666666666666667
520,candidate_3,0,candidate_1,3,0.04666666666666667
521,candidate_3,candidate_2,candidate_1,3,0.04666666666666667
522,candidate_3,candidate_2,candidate_1,3,0.04666666666666667
523,candidate_3,candidate_2,candidate_1,3,0.04666666666666667
524,candidate_3,candidate_2,candidate_1,3,0.04666666666666667
525,candidate_3,candidate_2,candidate_1,3,0.04666666666666667
526,candidate_3,candidate_2,candidate_1,3,0.04666666666666667
527,candidate_3,candidate_2,0,3,0.04666666666666667
528,candidate_3,candidate_2,candidate_1,3,0.04666666666666667
529,candidate_3,candidate_2,candidate_1,3,0.04666666666666667
530,candidate_3,candidate_2,candidate_1,3,0.04666666666666667
531,candidate_3,candidate_2,candidate_1,3,0.04666666666666667
532,candidate_3,candidate_2,candidate_1,3,0.04666666666666667
533,candidate_3,candidate_2,candidate_1,3,0.04666666666666667
534,candidate_3,candidate_2,candidate_1,3,0.04666666666666667
535,candidate_3,candidate_2,candidate_1,3,0.04666666666666667
536,candidate_3,candidate_2,candidate_1,3,0.04666666666666667
537,candidate_3,candidate_2,0,3,0.04666666666666667
538,candidate_3,candidate_2,candidate_1,3,0.04666666666666667
539,candidate_3,candidate_2,candidate_1,3,0.04666666666666667
540,candidate_3,candidate_2,candidate_1,3,0.04666666666666667
541,candidate_3,candidate_2,candidate_1,3,0.04666666666666667
542,candidate_3,candidate_2,candidate_1,3,0.04666666666666667
543,candidate_3,candidate_2,candidate_1,3,0.04666666666666667
544,0,candidate_2,candidate_1,3,0.04666666666666667
545,candidate_3,candidate_2,candidate_1,3,0.04666666666666667
546,candidate_3,candidate_2,candidate_1,3,0.04666666666666667
547,candidate_3,candidate_2,candidate_1,3,0.04666666666666667
548,candidate_3,candidate_2,candidate_1,3,0.04666666666666667
549,candidate_3,candidate_2,candidate_1,3,0.04666666666666667
550,candidate_3,candidate_2,candidate_1,3,0.04666666666666667
551,candidate_3,candidate_2,candidate_1,3,0.04666666666666667
552,candidate_3,candidate_2,candidate_1,3,0.04666666666666667
553,candidate_3,candidate_2,candidate_1,3,0.04666666666666667
554,candidate_3,candidate_2,candidate_1,3,0.04666666666666667
555,candidate_3,candidate_2,candidate_1,3,0.04666666666666667
556,candidate_3,candidate_2,candidate_1,3,0.04666666666666667
557,candidate_3,candidate_2,candidate_1,3,0.04666666666666667
558,candidate_3,candidate_2,candidate_1,3,0.04666666666666667
559,candidate_3,candidate_2,candidate_1,3,0.04666666666666667
560,candidate_3,candidate_2,candidate_1,3,0.04666666666666667
561,candidate_3,candidate_2,candidate_1,3,0.04666666666666667
562,candidate_3,candidate_2,0,3,0.04666666666666667
563,candidate_3,candidate_2,candidate_1,3,0.04666666666666667
564,candidate_3,candidate_2,candidate_1,3,0.04666666666666667
565,candidate_3,candidate_2,candidate_1,3,0.04666666666666667
566,candidate_3,candidate_2,candidate_1,3,0.04666666666666667
567,candidate_3,candidate_2,candidate_1,3,0.04666666666666667
568,candidate_3,candidate_2,candidate_1,3,0.04666666666666667
569,candidate_3,candidate_2,candidate_1,3,0.04666666666666667
570,candidate_3,candidate_2,candidate_1,3,0.04666666666666667
571,candidate_3,candidate_2,candidate_1,3,0.04666666666666667
572,candidate_3,candidate_2,candidate_1,3,0.04666666666666667
573,candidate_3,candidate_2,candidate_1,3,0.04666666666666667
574,candidate_3,candidate_2,candidate_1,3,0.04666666666666667
575,candidate_3,candidate_2,candidate_1,3,0.04666666666666667
576,candidate_3,candidate_2,candidate_1,3,0.04666666666666667
577,candidate_3,candidate_2,candidate_1,3,0.04666666666666667
578,candidate_3,candidate_2,candidate_1,3,0.04666666666666667
579,candidate_3,candidate_2,candidate_1,3,0.04666666666666667
580,candidate_3,0,candidate_1,3,0.04666666666666667
581,candidate_3,candidate_2,candidate_1,3,0.04666666666666667
582,0,candidate_2,candidate_1,3,0.04666666666666667
583,candidate_3,candidate_2,candidate_1,3,0.04666666666666667
584,candidate_3,candidate_2,candidate_1,3,0.04666666666666667
585,candidate_3,candidate_2,candidate_1,3,0.04666666666666667
586,candidate_3,candidate_2,0,3,0.04666666666666667
587,candidate_3,candidate_2,candidate_1,3,0.04666666666666667
588,candidate_3,candidate_2,candidate_1,3,0.04666666666666667
589,candidate_3,candidate_2,candidate_1,3,0.04666666666666667
590,candidate_3,candidate_2,candidate_1,3,0.04666666666666667
591,candidate_3,candidate_2,candidate_1,3,0.04666666666666667
592,candidate_3,candidate_2,candidate_1,3,0.04666666666666667
593,candidate_3,candidate_2,candidate_1,3,0.04666666666666667
594,candidate_3,candidate_2,candidate_1,3,0.04666666666666667
595,candidate_3,candidate_2,candidate_1,3,0.04666666666666667
596,candidate_3,candidate_2,candidate_1,3,0.04666666666666667
597,candidate_3,candidate_2,candidate_1,3,0.04666666666666667
598,candidate_3,candidate_2,candidate_1,3,0.04666666666666667
599,candidate_3,candidate_2,candidate_1,3,0.04666666666666667
600,candidate_3,candidate_2,candidate_1,3,0.04666666666666667
601,candidate_3,candidate_2,candidate_1,3,0.04666666666666667
602,candidate_3,candidate_2,candidate_1,3,0.04666666666666667
603,candidate_3,candidate_2,candidate_1,3,0.04666666666666667
604,candidate_3,candidate_2,candidate_1,3,0.04666666666666667
605,candidate_3,candidate_2,candidate_1,3,0.04666666666666667
606,candidate_3,candidate_2,candidate_1,3,0.04666666666666667
607,candidate_3,candidate_2,candidate_1,3,0.04666666666666667
608,candidate_3,candidate_2,candidate_1,3,0.04666666666666667
609,candidate_3,candidate_2,candidate_1,3,0.04666666666666667
610,candidate_3,candidate_2,candidate_1,3,0.04666666666666667
611,candidate_3,candidate_2,candidate_1,3,0.04666666666666667
612,candidate_3,candidate_2,candidate_1,3,0.04666666666666667
613,candidate_3,candidate_2,candidate_1,3,0.04666666666666667
614,0,candidate_2,candidate_1,3,0.04666666666666667
615,candidate_3,candidate_2,candidate_1,3,0.04666666666666667
616,candidate_3,candidate_2,candidate_1,3,0.04666666666666667
617,candidate_3,candidate_2,candidate_1,3,0.04666666666666667
618,candidate_3,candidate_2,candidate_1,3,0.04666666666666667
619,candidate_3,candidate_2,candidate_1,3,0.04666666666666667
620,candidate_3,candidate_2,candidate_1,3,0.04666666666666667
621,candidate_3,candidate_2,candidate_1,3,0.04666666666666667
622,candidate_3,candidate_2,candidate_1,3,0.04666666666666667
623,candidate_3,candidate_2,0,3,0.04666666666666667
624,candidate_3,candidate_2,candidate_1,3,0.04666666666666667
625,candidate_3,candidate_2,candidate_1,3,0.04666666666666667
626,candidate_3,candidate_2,candidate_1,3,0.04666666666666667
627,candidate_3,candidate_2,candidate_1,3,0.04666666666666667
628,candidate_3,candidate_2,candidate_1,3,0.04666666666666667
629,candidate_3,0,candidate_1,3,0.04666666666666667
630,candidate_3,candidate_2,candidate_1,3,0.04666666666666667
631,candidate_3,candidate_2,candidate_1,3,0.04666666666666667
632,candidate_3,candidate_2,candidate_1,3,0.04666666666666667
633,candidate_3,candidate_2,candidate_1,3,0.04666666666666667
634,candidate_3,candidate_2,candidate_1,3,0.04666666666666667
635,candidate_3,candidate_2,candidate_1,3,0.04666666666666667
636,candidate_3,candidate_2,candidate_1,3,0.04666666666666667
637,candidate_3,candidate_2,candidate_1,3,0.04666666666666667
638,candidate_3,candidate_2,candidate_1,3,0.04666666666666667
639,candidate_3,candidate_2,candidate_1,3,0.04666666666666667
640,candidate_3,candidate_2,candidate_1,3,0.04666666666666667
641,candidate_3,candidate_2,candidate_1,3,0.04666666666666667
642,candidate_3,candidate_2,candidate_1,3,0.04666666666666667
643,candidate_3,candidate_2,candidate_1,3,0.04666666666666667
644,candidate_3,0,candidate_1,3,0.04666666666666667
645,candidate_3,candidate_2,candidate_1,3,0.04666666666666667
646,candidate_3,candidate_2,0,3,0.04666666666666667
647,candidate_3,candidate_2,candidate_1,3,0.04666666666666667
648,candidate_3,candidate_2,candidate_1,3,0.04666666666666667
649,candidate_3,candidate_2,candidate_1,3,0.04666666666666667
650,candidate_3,candidate_2,candidate_1,3,0.04666666666666667
651,candidate_3,candidate_2,candidate_1,3,0.04666666666666667
652,candidate_3,candidate_2,candidate_1,3,0.04666666666666667
653,0,candidate_2,candidate_1,3,0.04666666666666667
654,candidate_3,candidate_2,candidate_1,3,0.04666666666666667
655,candidate_3,candidate_2,candidate_1,3,0.04666666666666667
656,candidate_3,candidate_2,candidate_1,3,0.04666666666666667
657,candidate_3,candidate_2,candidate_1,3,0.04666666666666667
658,candidate_3,candidate_2,candidate_1,3,0.04666666666666667
659,candidate_3,candidate_2,candidate_1,3,0.04666666666666667
660,candidate_3,candidate_2,candidate_1,3,0.04666666666666667
661,candidate_3,candidate_2,candidate_1,3,0.04666666666666667
662,candidate_3,candidate_2,candidate_1,3,0.04666666666666667
663,candidate_3,candidate_2,candidate_1,3,0.04666666666666667
664,candidate_3,candidate_2,candidate_1,3,0.04666666666666667
665,candidate_3,candidate_2,candidate_1,3,0.04666666666666667
666,candidate_3,candidate_2,candidate_1,3,0.04666666666666667
667,candidate_3,candidate_2,candidate_1,3,0.04666666666666667
668,candidate_3,candidate_2,candidate_1,3,0.04666666666666667
669,candidate_3,candidate_2,candidate_1,3,0.04666666666666667
670,candidate_3,candidate_2,candidate_1,3,0.04666666666666667
671,candidate_3,candidate_2,0,3,0.04666666666666667
672,candidate_3,candidate_2,candidate_1,3,0.04666666666666667
673,candidate_3,candidate_2,candidate_1,3,0.04666666666666667
674,candidate_3,candidate_2,candidate_1,3,0.04666666666666667
675,candidate_3,candidate_2,candidate_1,3,0.04666666666666667
676,candidate_3,candidate_2,candidate_1,3,0.04666666666666667
677,candidate_3,candidate_2,candidate_1,3,0.04666666666666667
678,candidate_3,candidate_2,candidate_1,3,0.04666666666666667
679,candidate_3,candidate_2,candidate_1,3,0.04666666666666667
680,candidate_3,candidate_2,candidate_1,3,0.04666666666666667
681,candidate_3,candidate_2,candidate_1,3,0.04666666666666667
682,candidate_3,candidate_2,candidate_1,3,0.04666666666666667
683,candidate_3,candidate_2,candidate_1,3,0.04666666666666667
684,candidate_3,candidate_2,candidate_1,3,0.04666666666666667
685,candidate_3,candidate_2,candidate_1,3,0.04666666666666667
686,candidate_3,candidate_2,candidate_1,3,0.04666666666666667
687,candidate_3,candidate_2,candidate_1,3,0.04666666666666667
688,candidate_3,candidate_2,candidate_1,3,0.04666666666666667
689,candidate_3,candidate_2,candidate_1,3,0.04666666666666667
690,candidate_3,candidate_2,candidate_1,3,0.04666666666666667
691,candidate_3,candidate_2,candidate_1,3,0.04666666666666667
692,candidate_3,candidate_2,candidate_1,3,0.04666666666666667
693,candidate_3,candidate_2,candidate_1,3,0.04666666666666667
694,candidate_3,candidate_2,candidate_1,3,0.04666666666666667
695,candidate_3,candidate_2,candidate_1,3,0.04666666666666667
696,candidate_3,candidate_2,candidate_1,3,0.04666666666666667
697,candidate_3,candidate_2,candidate_1,3,0.04666666666666667
698,candidate_3,candidate_2,candidate_1,3,0.04666666666666667
699,candidate_3,candidate_2,candidate_1,3,0.04666666666666667
700,candidate_3,candidate_2,candidate_1,3,0.04666666666666667
701,candidate_3,candidate_2,candidate_1,3,0.04666666666666667
702,candidate_3,candidate_2,candidate_1,3,0.04666666666666667
703,candidate_3,candidate_2,candidate_1,3,0.04666666666666667
704,0,candidate_2,candidate_1,3,0.04666666666666667
705,candidate_3,candidate_2,candidate_1,3,0.04666666666666667
706,candidate_3,candidate_2,candidate_1,3,0.04666666666666667
707,candidate_3,candidate_2,candidate_1,3,0.04666666666666667
708,candidate_3,candidate_2,candidate_1,3,0.04666666666666667
709,candidate_3,candidate_2,candidate_1,3,0.04666666666666667
710,candidate_3,candidate_2,candidate_1,3,0.04666666666666667
711,candidate_3,candidate_2,candidate_1,3,0.04666666666666667
712,candidate_3,candidate_2,candidate_1,3,0.04666666666666667
713,candidate_3,candidate_2,0,3,0.04666666666666667
714,candidate_3,candidate_2,candidate_1,3,0.04666666666666667
715,candidate_3,candidate_2,candidate_1,3,0.04666666666666667
716,candidate_3,candidate_2,candidate_1,3,0.04666666666666667
717,candidate_3,candidate_2,candidate_1,3,0.04666666666666667
718,candidate_3,candidate_2,candidate_1,3,0.04666666666666667
719,candidate_3,candidate_2,candidate_1,3,0.04666666666666667
720,candidate_3,candidate_2,candidate_1,3,0.04666666666666667
721,candidate_3,candidate_2,candidate_1,3,0.04666666666666667
722,candidate_3,candidate_2,candidate_1,3,0.04666666666666667
723,candidate_3,candidate_2,candidate_1,3,0.04666666666666667
724,candidate_3,candidate_2,candidate_1,3,0.04666666666666667
725,candidate_3,candidate_2,candidate_1,3,0.04666666666666667
726,candidate_3,candidate_2,candidate_1,3,0.04666666666666667
727,candidate_3,candidate_2,candidate_1,3,0.04666666666666667
728,candidate_3,candidate_2,candidate_1,3,0.04666666666666667
729,candidate_3,candidate_2,candidate_1,3,0.04666666666666667
730,candidate_3,candidate_2,candidate_1,3,0.04666666666666667
731,candidate_3,candidate_2,candidate_1,3,0.04666666666666667
732,candidate_3,candidate_2,candidate_1,3,0.04666666666666667
733,candidate_3,candidate_2,candidate_1,3,0.04666666666666667
734,candidate_3,candidate_2,candidate_1,3,0.04666666666666667
735,0,candidate_2,candidate_1,3,0.04666666666666667
736,0,candidate_2,candidate_1,3,0.04666666666666667
737,candidate_3,candidate_2,candidate_1,3,0.04666666666666667
738,candidate_3,candidate_2,candidate_1,3,0.04666666666666667
739,candidate_3,candidate_2,candidate_1,3,0.04666666666666667
740,candidate_3,candidate_2,candidate_1,3,0.04666666666666667
741,candidate_3,candidate_2,candidate_1,3,0.04666666666666667
742,candidate_3,candidate_2,candidate_1,3,0.04666666666666667
743,candidate_3,0,candidate_1,3,0.04666666666666667
744,candidate_3,candidate_2,candidate_1,3,0.04666666666666667
745,candidate_3,candidate_2,candidate_1,3,0.04666666666666667
746,candidate_3,candidate_2,candidate_1,3,0.04666666666666667
747,candidate_3,candidate_2,candidate_1,3,0.04666666666666667
748,candidate_3,candidate_2,candidate_1,3,0.04666666666666667
749,candidate_3,candidate_2,candidate_1,3,0.04666666666666667
750,candidate_3,0,candidate_1,3,0.04666666666666667
751,candidate_3,candidate_2,candidate_1,3,0.04666666666666667
752,candidate_3,candidate_2,candidate_1,3,0.04666666666666667
753,candidate_3,candidate_2,candidate_1,3,0.04666666666666667
754,candidate_3,candidate_2,candidate_1,3,0.04666666666666667
755,candidate_3,candidate_2,candidate_1,3,0.04666666666666667
756,candidate_3,candidate_2,candidate_1,3,0.04666666666666667
757,candidate_3,candidate_2,candidate_1,3,0.04666666666666667
758,candidate_3,candidate_2,candidate_1,3,0.04666666666666667
759,candidate_3,candidate_2,candidate_1,3,0.04666666666666667
760,candidate_3,candidate_2,candidate_1,3,0.04666666666666667
761,candidate_3,candidate_2,candidate_1,3,0.04666666666666667
762,0,candidate_2,candidate_1,3,0.04666666666666667
763,candidate_3,candidate_2,candidate_1,3,0.04666666666666667
764,candidate_3,candidate_2,candidate_1,3,0.04666666666666667
765,candidate_3,candidate_2,candidate_1,3,0.04666666666666667
766,candidate_3,candidate_2,candidate_1,3,0.04666666666666667
767,candidate_3,0,candidate_1,3,0.04666666666666667
768,candidate_3,candidate_2,candidate_1,3,0.04666666666666667
769,candidate_3,0,candidate_1,3,0.04666666666666667
770,candidate_3,candidate_2,candidate_1,3,0.04666666666666667
771,candidate_3,candidate_2,candidate_1,3,0.04666666666666667
772,candidate_3,0,candidate_1,3,0.04666666666666667
773,candidate_3,candidate_2,candidate_1,3,0.04666666666666667
774,candidate_3,candidate_2,candidate_1,3,0.04666666666666667
775,candidate_3,candidate_2,candidate_1,3,0.04666666666666667
776,candidate_3,candidate_2,candidate_1,3,0.04666666666666667
777,candidate_3,candidate_2,0,3,0.04666666666666667
778,candidate_3,candidate_2,candidate_1,3,0.04666666666666667
779,candidate_3,candidate_2,candidate_1,3,0.04666666666666667
780,candidate_3,candidate_2,candidate_1,3,0.04666666666666667
781,candidate_3,candidate_2,candidate_1,3,0.04666666666666667
782,candidate_3,0,candidate_1,3,0.04666666666666667
783,candidate_3,candidate_2,candidate_1,3,0.04666666666666667
784,candidate_3,candidate_2,candidate_1,3,0.04666666666666667
785,candidate_3,candidate_2,candidate_1,3,0.04666666666666667
786,candidate_3,candidate_2,candidate_1,3,0.04666666666666667
787,candidate_3,candidate_2,candidate_1,3,0.04666666666666667
788,candidate_3,candidate_2,candidate_1,3,0.04666666666666667
789,candidate_3,candidate_2,candidate_1,3,0.04666666666666667
790,candidate_3,candidate_2,candidate_1,3,0.04666666666666667
791,candidate_3,candidate_2,candidate_1,3,0.04666666666666667
792,candidate_3,candidate_2,candidate_1,3,0.04666666666666667
793,candidate_3,candidate_2,candidate_1,3,0.04666666666666667
794,candidate_3,candidate_2,candidate_1,3,0.04666666666666667
795,candidate_3,candidate_2,candidate_1,3,0.04666666666666667
796,candidate_3,candidate_2,candidate_1,3,0.04666666666666667
797,candidate_3,candidate_2,candidate_1,3,0.04666666666666667
798,candidate_3,candidate_2,candidate_1,3,0.04666666666666667
799,candidate_3,candidate_2,candidate_1,3,0.04666666666666667
800,candidate_3,candidate_2,candidate_1,3,0.04666666666666667
801,candidate_3,candidate_2,candidate_1,3,0.04666666666666667
802,candidate_3,candidate_2,candidate_1,3,0.04666666666666667
803,candidate_3,candidate_2,candidate_1,3,0.04666666666666667
804,candidate_3,candidate_2,candidate_1,3,0.04666666666666667
805,candidate_3,candidate_2,candidate_1,3,0.04666666666666667
806,candidate_3,candidate_2,candidate_1,3,0.04666666666666667
807,candidate_3,candidate_2,candidate_1,3,0.04666666666666667
808,candidate_3,candidate_2,candidate_1,3,0.04666666666666667
809,candidate_3,candidate_2,candidate_1,3,0.04666666666666667
810,candidate_3,candidate_2,candidate_1,3,0.04666666666666667
811,candidate_3,candidate_2,candidate_1,3,0.04666666666666667
812,candidate_3,candidate_2,candidate_1,3,0.04666666666666667
813,candidate_3,candidate_2,0,3,0.04666666666666667
814,candidate_3,0,candidate_1,3,0.04666666666666667
815,candidate_3,candidate_2,candidate_1,3,0.04666666666666667
816,candidate_3,candidate_2,candidate_1,3,0.04666666666666667
817,candidate_3,candidate_2,candidate_1,3,0.04666666666666667
818,candidate_3,candidate_2,candidate_1,3,0.04666666666666667
819,candidate_3,candidate_2,candidate_1,3,0.04666666666666667
820,candidate_3,candidate_2,0,3,0.04666666666666667
821,candidate_3,candidate_2,candidate_1,3,0.04666666666666667
822,candidate_3,candidate_2,candidate_1,3,0.04666666666666667
823,candidate_3,candidate_2,candidate_1,3,0.04666666666666667
824,candidate_3,candidate_2,candidate_1,3,0.04666666666666667
825,candidate_3,candidate_2,candidate_1,3,0.04666666666666667
826,candidate_3,candidate_2,candidate_1,3,0.04666666666666667
827,candidate_3,candidate_2,candidate_1,3,0.04666666666666667
828,candidate_3,candidate_2,candidate_1,3,0.04666666666666667
829,candidate_3,candidate_2,candidate_1,3,0.04666666666666667
830,candidate_3,candidate_2,candidate_1,3,0.04666666666666667
831,candidate_3,candidate_2,candidate_1,3,0.04666666666666667
832,candidate_3,candidate_2,candidate_1,3,0.04666666666666667
833,candidate_3,candidate_2,0,3,0.04666666666666667
834,candidate_3,candidate_2,candidate_1,3,0.04666666666666667
835,candidate_3,candidate_2,candidate_1,3,0.04666666666666667
836,candidate_3,candidate_2,candidate_1,3,0.04666666666666667
837,candidate_3,candidate_2,candidate_1,3,0.04666666666666667
838,candidate_3,candidate_2,candidate_1,3,0.04666666666666667
839,candidate_3,candidate_2,candidate_1,3,0.04666666666666667
840,candidate_3,candidate_2,candidate_1,3,0.04666666666666667
841,candidate_3,candidate_2,0,3,0.04666666666666667
842,candidate_3,candidate_2,candidate_1,3,0.04666666666666667
843,candidate_3,candidate_2,candidate_1,3,0.04666666666666667
844,candidate_3,candidate_2,candidate_1,3,0.04666666666666667
845,candidate_3,candidate_2,candidate_1,3,0.04666666666666667
846,candidate_3,candidate_2,candidate_1,3,0.04666666666666667
847,candidate_3,candidate_2,candidate_1,3,0.04666666666666667
848,candidate_3,candidate_2,candidate_1,3,0.04666666666666667
849,candidate_3,candidate_2,candidate_1,3,0.04666666666666667
850,candidate_3,candidate_2,candidate_1,3,0.04666666666666667
851,candidate_3,candidate_2,candidate_1,3,0.04666666666666667
852,candidate_3,candidate_2,candidate_1,3,0.04666666666666667
853,candidate_3,candidate_2,candidate_1,3,0.04666666666666667
854,candidate_3,candidate_2,candidate_1,3,0.04666666666666667
855,candidate_3,candidate_2,candidate_1,3,0.04666666666666667
856,candidate_3,candidate_2,candidate_1,3,0.04666666666666667
857,candidate_3,candidate_2,candidate_1,3,0.04666666666666667
858,candidate_3,candidate_2,candidate_1,3,0.04666666666666667
859,candidate_3,candidate_2,candidate_1,3,0.04666666666666667
860,candidate_3,candidate_2,candidate_1,3,0.04666666666666667
861,candidate_3,candidate_2,candidate_1,3,0.04666666666666667
862,candidate_3,candidate_2,candidate_1,3,0.04666666666666667
863,candidate_3,candidate_2,candidate_1,3,0.04666666666666667
864,candidate_3,candidate_2,candidate_1,3,0.04666666666666667
865,candidate_3,candidate_2,candidate_1,3,0.04666666666666667
866,candidate_3,candidate_2,candidate_1,3,0.04666666666666667
867,candidate_3,candidate_2,candidate_1,3,0.04666666666666667
868,candidate_3,candidate_2,candidate_1,3,0.04666666666666667
869,candidate_3,candidate_2,candidate_1,3,0.04666666666666667
870,candidate_3,candidate_2,candidate_1,3,0.04666666666666667
871,candidate_3,candidate_2,candidate_1,3,0.04666666666666667
872,candidate_3,candidate_2,candidate_1,3,0.04666666666666667
873,candidate_3,candidate_2,candidate_1,3,0.04666666666666667
874,candidate_3,candidate_2,candidate_1,3,0.04666666666666667
875,candidate_3,candidate_2,candidate_1,3,0.04666666666666667
876,candidate_3,candidate_2,candidate_1,3,0.04666666666666667
877,candidate_3,candidate_2,candidate_1,3,0.04666666666666667
878,candidate_3,candidate_2,candidate_1,3,0.04666666666666667
879,candidate_3,candidate_2,candidate_1,3,0.04666666666666667
880,candidate_3,candidate_2,candidate_1,3,0.04666666666666667
881,candidate_3,candidate_2,candidate_1,3,0.04666666666666667
882,candidate_3,candidate_2,candidate_1,3,0.04666666666666667
883,candidate_3,candidate_2,candidate_1,3,0.04666666666666667
884,candidate_3,candidate_2,0,3,0.04666666666666667
885,candidate_3,0,candidate_1,3,0.04666666666666667
886,candidate_3,candidate_2,candidate_1,3,0.04666666666666667
887,candidate_3,candidate_2,candidate_1,3,0.04666666666666667
888,candidate_3,candidate_2,candidate_1,3,0.04666666666666667
889,0,candidate_2,candidate_1,3,0.04666666666666667
890,candidate_3,0,candidate_1,3,0.04666666666666667
891,candidate_3,candidate_2,candidate_1,3,0.04666666666666667
892,candidate_3,candidate_2,candidate_1,3,0.04666666666666667
893,candidate_3,candidate_2,0,3,0.04666666666666667
894,candidate_3,candidate_2,candidate_1,3,0.04666666666666667
895,candidate_3,candidate_2,candidate_1,3,0.04666666666666667
896,candidate_3,candidate_2,candidate_1,3,0.04666666666666667
897,candidate_3,candidate_2,candidate_1,3,0.04666666666666667
898,candidate_3,candidate_2,candidate_1,3,0.04666666666666667
899,candidate_3,candidate_2,candidate_1,3,0.04666666666666667
900,candidate_3,candidate_2,candidate_1,3,0.04666666666666667
901,candidate_3,candidate_2,candidate_1,3,0.04666666666666667
902,0,candidate_2,candidate_1,3,0.04666666666666667
903,candidate_3,candidate_2,candidate_1,3,0.04666666666666667
904,candidate_3,candidate_2,candidate_1,3,0.04666666666666667
905,candidate_3,candidate_2,candidate_1,3,0.04666666666666667
906,candidate_3,candidate_2,candidate_1,3,0.04666666666666667
907,candidate_3,candidate_2,candidate_1,3,0.04666666666666667
908,candidate_3,candidate_2,candidate_1,3,0.04666666666666667
909,candidate_3,candidate_2,0,3,0.04666666666666667
910,candidate_3,0,candidate_1,3,0.04666666666666667
911,candidate_3,candidate_2,candidate_1,3,0.04666666666666667
912,candidate_3,candidate_2,candidate_1,3,0.04666666666666667
913,candidate_3,candidate_2,candidate_1,3,0.04666666666666667
914,candidate_3,candidate_2,candidate_1,3,0.04666666666666667
915,candidate_3,candidate_2,candidate_1,3,0.04666666666666667
916,candidate_3,candidate_2,candidate_1,3,0.04666666666666667
917,candidate_3,candidate_2,candidate_1,3,0.04666666666666667
918,candidate_3,0,candidate_1,3,0.04666666666666667
919,candidate_3,candidate_2,candidate_1,3,0.04666666666666667
920,candidate_3,candidate_2,candidate_1,3,0.04666666666666667
921,candidate_3,candidate_2,candidate_1,3,0.04666666666666667
922,candidate_3,candidate_2,candidate_1,3,0.04666666666666667
923,candidate_3,candidate_2,candidate_1,3,0.04666666666666667
924,0,candidate_2,candidate_1,3,0.04666666666666667
925,candidate_3,candidate_2,candidate_1,3,0.04666666666666667
926,candidate_3,candidate_2,candidate_1,3,0.04666666666666667
927,candidate_3,candidate_2,candidate_1,3,0.04666666666666667
928,candidate_3,candidate_2,candidate_1,3,0.04666666666666667
929,candidate_3,candidate_2,0,3,0.04666666666666667
930,0,candidate_2,candidate_1,3,0.04666666666666667
931,candidate_3,candidate_2,candidate_1,3,0.04666666666666667
932,candidate_3,candidate_2,candidate_1,3,0.04666666666666667
933,candidate_3,candidate_2,candidate_1,3,0.04666666666666667
934,candidate_3,candidate_2,candidate_1,3,0.04666666666666667
935,0,candidate_2,candidate_1,3,0.04666666666666667
936,candidate_3,candidate_2,candidate_1,3,0.04666666666666667
937,candidate_3,0,candidate_1,3,0.04666666666666667
938,candidate_3,candidate_2,candidate_1,3,0.04666666666666667
939,candidate_3,candidate_2,candidate_1,3,0.04666666666666667
940,candidate_3,candidate_2,candidate_1,3,0.04666666666666667
941,candidate_3,candidate_2,candidate_1,3,0.04666666666666667
942,candidate_3,candidate_2,candidate_1,3,0.04666666666666667
943,candidate_3,candidate_2,candidate_1,3,0.04666666666666667
944,candidate_3,candidate_2,candidate_1,3,0.04666666666666667
945,candidate_3,candidate_2,candidate_1,3,0.04666666666666667
946,candidate_3,candidate_2,candidate_1,3,0.04666666666666667
947,candidate_3,candidate_2,candidate_1,3,0.04666666666666667
948,candidate_3,candidate_2,candidate_1,3,0.04666666666666667
949,candidate_3,candidate_2,candidate_1,3,0.04666666666666667
950,candidate_3,candidate_2,candidate_1,3,0.04666666666666667
951,candidate_3,candidate_2,candidate_1,3,0.04666666666666667
952,candidate_3,candidate_2,candidate_1,3,0.04666666666666667
953,candidate_3,candidate_2,candidate_1,3,0.04666666666666667
954,candidate_3,candidate_2,candidate_1,3,0.04666666666666667
955,candidate_3,candidate_2,candidate_1,3,0.04666666666666667
956,candidate_3,candidate_2,candidate_1,3,0.04666666666666667
957,candidate_3,0,candidate_1,3,0.04666666666666667
958,candidate_3,candidate_2,candidate_1,3,0.04666666666666667
959,candidate_3,candidate_2,candidate_1,3,0.04666666666666667
960,candidate_3,candidate_2,candidate_1,3,0.04666666666666667
961,candidate_3,candidate_2,candidate_1,3,0.04666666666666667
962,candidate_3,candidate_2,candidate_1,3,0.04666666666666667
963,candidate_3,candidate_2,candidate_1,3,0.04666666666666667
964,0,candidate_2,candidate_1,3,0.04666666666666667
965,candidate_3,candidate_2,candidate_1,3,0.04666666666666667
966,candidate_3,candidate_2,candidate_1,3,0.04666666666666667
967,candidate_3,candidate_2,candidate_1,3,0.04666666666666667
968,candidate_3,candidate_2,candidate_1,3,0.04666666666666667
969,candidate_3,candidate_2,candidate_1,3,0.04666666666666667
970,0,candidate_2,candidate_1,3,0.04666666666666667
971,candidate_3,candidate_2,candidate_1,3,0.04666666666666667
972,candidate_3,candidate_2,candidate_1,3,0.04666666666666667
973,candidate_3,candidate_2,candidate_1,3,0.04666666666666667
974,candidate_3,candidate_2,candidate_1,3,0.04666666666666667
975,candidate_3,candidate_2,candidate_1,3,0.04666666666666667
976,candidate_3,candidate_2,candidate_1,3,0.04666666666666667
977,0,candidate_2,candidate_1,3,0.04666666666666667
978,candidate_3,candidate_2,candidate_1,3,0.04666666666666667
979,candidate_3,candidate_2,candidate_1,3,0.04666666666666667
980,candidate_3,candidate_2,candidate_1,3,0.04666666666666667
981,candidate_3,candidate_2,candidate_1,3,0.04666666666666667
982,candidate_3,candidate_2,candidate_1,3,0.04666666666666667
983,candidate_3,candidate_2,candidate_1,3,0.04666666666666667
984,candidate_3,candidate_2,candidate_1,3,0.04666666666666667
985,candidate_3,candidate_2,candidate_1,3,0.04666666666666667
986,candidate_3,candidate_2,candidate_1,3,0.04666666666666667
987,candidate_3,candidate_2,candidate_1,3,0.04666666666666667
988,candidate_3,candidate_2,candidate_1,3,0.04666666666666667
989,candidate_3,candidate_2,candidate_1,3,0.04666666666666667
990,candidate_3,candidate_2,candidate_1,3,0.04666666666666667
991,candidate_3,candidate_2,candidate_1,3,0.04666666666666667
992,candidate_3,0,candidate_1,3,0.04666666666666667
993,candidate_3,candidate_2,candidate_1,3,0.04666666666666667
994,candidate_3,candidate_2,candidate_1,3,0.04666666666666667
995,candidate_3,candidate_2,candidate_1,3,0.04666666666666667
996,candidate_3,candidate_2,candidate_1,3,0.04666666666666667
997,candidate_3,candidate_2,candidate_1,3,0.04666666666666667
998,candidate_3,candidate_2,candidate_1,3,0.04666666666666667
999,candidate_3,candidate_2,candidate_1,3,0.04666666666666667
1000,candidate_3,candidate_2,candidate_1,3,0.04666666666666667
1001,candidate_3,0,candidate_1,3,0.04666666666666667
1002,candidate_3,candidate_2,candidate_1,3,0.04666666666666667
1003,candidate_3,candidate_2,candidate_1,3,0.04666666666666667
1004,candidate_3,candidate_2,candidate_1,3,0.04666666666666667
1005,candidate_3,candidate_2,candidate_1,3,0.04666666666666667
1006,candidate_3,candidate_2,candidate_1,3,0.04666666666666667
1007,candidate_3,candidate_2,candidate_1,3,0.04666666666666667
1008,candidate_3,candidate_2,candidate_1,3,0.04666666666666667
1009,candidate_3,candidate_2,candidate_1,3,0.04666666666666667
1010,0,candidate_2,candidate_1,3,0.04666666666666667
1011,candidate_3,candidate_2,candidate_1,3,0.04666666666666667
1012,candidate_3,candidate_2,candidate_1,3,0.04666666666666667
1013,candidate_3,candidate_2,candidate_1,3,0.04666666666666667
1014,candidate_3,candidate_2,candidate_1,3,0.04666666666666667
1015,candidate_3,candidate_2,candidate_1,3,0.04666666666666667
1016,candidate_3,candidate_2,candidate_1,3,0.04666666666666667
1017,candidate_3,candidate_2,candidate_1,3,0.04666666666666667
1018,candidate_3,0,candidate_1,3,0.04666666666666667
1019,candidate_3,candidate_2,candidate_1,3,0.04666666666666667
1020,candidate_3,candidate_2,candidate_1,3,0.04666666666666667
1021,candidate_3,candidate_2,candidate_1,3,0.04666666666666667
1022,candidate_3,candidate_2,candidate_1,3,0.04666666666666667
1023,candidate_3,candidate_2,candidate_1,3,0.04666666666666667
1024,candidate_3,candidate_2,candidate_1,3,0.04666666666666667
1025,candidate_3,candidate_2,candidate_1,3,0.04666666666666667
1026,candidate_3,candidate_2,candidate_1,3,0.04666666666666667
1027,candidate_3,candidate_2,candidate_1,3,0.04666666666666667
1028,candidate_3,candidate_2,candidate_1,3,0.04666666666666667
1029,0,candidate_2,candidate_1,3,0.04666666666666667
1030,candidate_3,candidate_2,candidate_1,3,0.04666666666666667
1031,0,candidate_2,candidate_1,3,0.04666666666666667
1032,candidate_3,candidate_2,candidate_1,3,0.04666666666666667
1033,candidate_3,candidate_2,candidate_1,3,0.04666666666666667
1034,candidate_3,candidate_2,candidate_1,3,0.04666666666666667
1035,candidate_3,candidate_2,candidate_1,3,0.04666666666666667
1036,candidate_3,candidate_2,candidate_1,3,0.04666666666666667
1037,candidate_3,candidate_2,candidate_1,3,0.04666666666666667
1038,candidate_3,candidate_2,candidate_1,3,0.04666666666666667
1039,candidate_3,candidate_2,candidate_1,3,0.04666666666666667
1040,candidate_3,candidate_2,candidate_1,3,0.04666666666666667
1041,candidate_3,candidate_2,0,3,0.04666666666666667
1042,candidate_3,candidate_2,candidate_1,3,0.04666666666666667
1043,candidate_3,candidate_2,candidate_1,3,0.04666666666666667
1044,candidate_3,candidate_2,0,3,0.04666666666666667
1045,candidate_3,candidate_2,candidate_1,3,0.04666666666666667
1046,candidate_3,candidate_2,candidate_1,3,0.04666666666666667
1047,candidate_3,candidate_2,candidate_1,3,0.04666666666666667
1048,candidate_3,candidate_2,candidate_1,3,0.04666666666666667
1049,candidate_3,candidate_2,candidate_1,3,0.04666666666666667
1050,candidate_3,candidate_2,candidate_1,3,0.04666666666666667
1051,candidate_3,candidate_2,candidate_1,3,0.04666666666666667
1052,candidate_3,candidate_2,candidate_1,3,0.04666666666666667
1053,candidate_3,candidate_2,candidate_1,3,0.04666666666666667
1054,candidate_3,candidate_2,candidate_1,3,0.04666666666666667
1055,candidate_3,candidate_2,candidate_1,3,0.04666666666666667
1056,candidate_3,0,candidate_1,3,0.04666666666666667
1057,candidate_3,candidate_2,candidate_1,3,0.04666666666666667
1058,candidate_3,candidate_2,candidate_1,3,0.04666666666666667
1059,candidate_3,candidate_2,candidate_1,3,0.04666666666666667
1060,candidate_3,candidate_2,candidate_1,3,0.04666666666666667
1061,candidate_3,candidate_2,candidate_1,3,0.04666666666666667
1062,candidate_3,candidate_2,candidate_1,3,0.04666666666666667
1063,candidate_3,candidate_2,candidate_1,3,0.04666666666666667
1064,candidate_3,candidate_2,0,3,0.04666666666666667
1065,candidate_3,candidate_2,candidate_1,3,0.04666666666666667
1066,candidate_3,0,candidate_1,3,0.04666666666666667
1067,candidate_3,candidate_2,candidate_1,3,0.04666666666666667
1068,candidate_3,candidate_2,candidate_1,3,0.04666666666666667
1069,candidate_3,candidate_2,candidate_1,3,0.04666666666666667
1070,candidate_3,candidate_2,candidate_1,3,0.04666666666666667
1071,candidate_3,candidate_2,candidate_1,3,0.04666666666666667
1072,candidate_3,candidate_2,candidate_1,3,0.04666666666666667
1073,candidate_3,candidate_2,candidate_1,3,0.04666666666666667
1074,candidate_3,candidate_2,candidate_1,3,0.04666666666666667
1075,candidate_3,candidate_2,candidate_1,3,0.04666666666666667
1076,candidate_3,candidate_2,candidate_1,3,0.04666666666666667
1077,0,candidate_2,candidate_1,3,0.04666666666666667
1078,candidate_3,candidate_2,candidate_1,3,0.04666666666666667
1079,candidate_3,candidate_2,candidate_1,3,0.04666666666666667
1080,candidate_3,candidate_2,0,3,0.04666666666666667
1081,candidate_3,candidate_2,candidate_1,3,0.04666666666666667
1082,candidate_3,candidate_2,candidate_1,3,0.04666666666666667
1083,candidate_3,candidate_2,candidate_1,3,0.04666666666666667
1084,candidate_3,candidate_2,candidate_1,3,0.04666666666666667
1085,candidate_3,candidate_2,candidate_1,3,0.04666666666666667
1086,candidate_3,candidate_2,candidate_1,3,0.04666666666666667
1087,candidate_3,candidate_2,candidate_1,3,0.04666666666666667
1088,candidate_3,candidate_2,candidate_1,3,0.04666666666666667
1089,candidate_3,candidate_2,candidate_1,3,0.04666666666666667
1090,candidate_3,candidate_2,candidate_1,3,0.04666666666666667
1091,candidate_3,candidate_2,candidate_1,3,0.04666666666666667
1092,candidate_3,candidate_2,candidate_1,3,0.04666666666666667
1093,candidate_3,candidate_2,candidate_1,3,0.04666666666666667
1094,candidate_3,candidate_2,candidate_1,3,0.04666666666666667
1095,0,candidate_2,candidate_1,3,0.04666666666666667
1096,candidate_3,candidate_2,candidate_1,3,0.04666666666666667
1097,candidate_3,candidate_2,candidate_1,3,0.04666666666666667
1098,candidate_3,candidate_2,candidate_1,3,0.04666666666666667
1099,candidate_3,candidate_2,candidate_1,3,0.04666666666666667
1100,candidate_3,candidate_2,candidate_1,3,0.04666666666666667
1101,candidate_3,candidate_2,candidate_1,3,0.04666666666666667
1102,candidate_3,candidate_2,candidate_1,3,0.04666666666666667
1103,candidate_3,candidate_2,candidate_1,3,0.04666666666666667
1104,candidate_3,candidate_2,candidate_1,3,0.04666666666666667
1105,candidate_3,candidate_2,candidate_1,3,0.04666666666666667
1106,candidate_3,candidate_2,candidate_1,3,0.04666666666666667
1107,candidate_3,candidate_2,candidate_1,3,0.04666666666666667
1108,candidate_3,candidate_2,candidate_1,3,0.04666666666666667
1109,0,0,candidate_1,3,0.04666666666666667
1110,candidate_3,candidate_2,candidate_1,3,0.04666666666666667
1111,candidate_3,candidate_2,candidate_1,3,0.04666666666666667
1112,candidate_3,candidate_2,candidate_1,3,0.04666666666666667
1113,candidate_3,candidate_2,candidate_1,3,0.04666666666666667
1114,candidate_3,candidate_2,candidate_1,3,0.04666666666666667
1115,candidate_3,0,candidate_1,3,0.04666666666666667
1116,candidate_3,candidate_2,candidate_1,3,0.04666666666666667
1117,candidate_3,candidate_2,candidate_1,3,0.04666666666666667
1118,candidate_3,candidate_2,candidate_1,3,0.04666666666666667
1119,candidate_3,candidate_2,candidate_1,3,0.04666666666666667
1120,candidate_3,candidate_2,candidate_1,3,0.04666666666666667
1121,candidate_3,candidate_2,candidate_1,3,0.04666666666666667
1122,candidate_3,candidate_2,candidate_1,3,0.04666666666666667
1123,candidate_3,candidate_2,candidate_1,3,0.04666666666666667
1124,candidate_3,candidate_2,0,3,0.04666666666666667
1125,candidate_3,candidate_2,candidate_1,3,0.04666666666666667
1126,candidate_3,candidate_2,candidate_1,3,0.04666666666666667
1127,candidate_3,candidate_2,candidate_1,3,0.04666666666666667
1128,candidate_3,candidate_2,candidate_1,3,0.04666666666666667
1129,candidate_3,candidate_2,candidate_1,3,0.04666666666666667
1130,candidate_3,candidate_2,candidate_1,3,0.04666666666666667
1131,candidate_3,candidate_2,candidate_1,3,0.04666666666666667
1132,candidate_3,candidate_2,candidate_1,3,0.04666666666666667
1133,candidate_3,candidate_2,candidate_1,3,0.04666666666666667
1134,0,candidate_2,0,3,0.04666666666666667
1135,candidate_3,candidate_2,candidate_1,3,0.04666666666666667
1136,candidate_3,candidate_2,candidate_1,3,0.04666666666666667
1137,candidate_3,candidate_2,candidate_1,3,0.04666666666666667
1138,candidate_3,candidate_2,candidate_1,3,0.04666666666666667
1139,candidate_3,0,candidate_1,3,0.04666666666666667
1140,candidate_3,candidate_2,candidate_1,3,0.04666666666666667
1141,candidate_3,candidate_2,candidate_1,3,0.04666666666666667
1142,candidate_3,candidate_2,candidate_1,3,0.04666666666666667
1143,candidate_3,candidate_2,candidate_1,3,0.04666666666666667
1144,candidate_3,candidate_2,candidate_1,3,0.04666666666666667
1145,candidate_3,candidate_2,candidate_1,3,0.04666666666666667
1146,candidate_3,candidate_2,candidate_1,3,0.04666666666666667
1147,candidate_3,candidate_2,candidate_1,3,0.04666666666666667
1148,candidate_3,candidate_2,candidate_1,3,0.04666666666666667
1149,candidate_3,candidate_2,candidate_1,3,0.04666666666666667
1150,candidate_3,candidate_2,candidate_1,3,0.04666666666666667
1151,candidate_3,0,candidate_1,3,0.04666666666666667
1152,candidate_3,candidate_2,candidate_1,3,0.04666666666666667
1153,candidate_3,candidate_2,candidate_1,3,0.04666666666666667
1154,candidate_3,candidate_2,candidate_1,3,0.04666666666666667
1155,candidate_3,candidate_2,candidate_1,3,0.04666666666666667
1156,candidate_3,candidate_2,candidate_1,3,0.04666666666666667
1157,candidate_3,candidate_2,candidate_1,3,0.04666666666666667
1158,candidate_3,candidate_2,candidate_1,3,0.04666666666666667
1159,candidate_3,candidate_2,candidate_1,3,0.04666666666666667
1160,candidate_3,0,candidate_1,3,0.04666666666666667
1161,candidate_3,candidate_2,candidate_1,3,0.04666666666666667
1162,candidate_3,candidate_2,candidate_1,3,0.04666666666666667
1163,candidate_3,candidate_2,0,3,0.04666666666666667
1164,candidate_3,candidate_2,candidate_1,3,0.04666666666666667
1165,candidate_3,candidate_2,candidate_1,3,0.04666666666666667
1166,candidate_3,candidate_2,candidate_1,3,0.04666666666666667
1167,candidate_3,candidate_2,candidate_1,3,0.04666666666666667
1168,candidate_3,candidate_2,candidate_1,3,0.04666666666666667
1169,candidate_3,candidate_2,candidate_1,3,0.04666666666666667
1170,candidate_3,candidate_2,0,3,0.04666666666666667
1171,candidate_3,candidate_2,candidate_1,3,0.04666666666666667
1172,candidate_3,candidate_2,candidate_1,3,0.04666666666666667
1173,candidate_3,candidate_2,candidate_1,3,0.04666666666666667
1174,candidate_3,candidate_2,candidate_1,3,0.04666666666666667
1175,candidate_3,candidate_2,candidate_1,3,0.04666666666666667
1176,candidate_3,candidate_2,candidate_1,3,0.04666666666666667
1177,candidate_3,candidate_2,candidate_1,3,0.04666666666666667
1178,candidate_3,candidate_2,candidate_1,3,0.04666666666666667
1179,candidate_3,candidate_2,candidate_1,3,0.04666666666666667
1180,candidate_3,candidate_2,candidate_1,3,0.04666666666666667
1181,candidate_3,candidate_2,candidate_1,3,0.04666666666666667
1182,candidate_3,candidate_2,candidate_1,3,0.04666666666666667
1183,candidate_3,candidate_2,candidate_1,3,0.04666666666666667
1184,candidate_3,candidate_2,candidate_1,3,0.04666666666666667
1185,candidate_3,candidate_2,candidate_1,3,0.04666666666666667
1186,candidate_3,candidate_2,candidate_1,3,0.04666666666666667
1187,candidate_3,candidate_2,candidate_1,3,0.04666666666666667
1188,candidate_3,candidate_2,candidate_1,3,0.04666666666666667
1189,candidate_3,candidate_2,candidate_1,3,0.04666666666666667
1190,candidate_3,candidate_2,candidate_1,3,0.04666666666666667
1191,candidate_3,candidate_2,candidate_1,3,0.04666666666666667
1192,candidate_3,candidate_2,candidate_1,3,0.04666666666666667
1193,candidate_3,candidate_2,candidate_1,3,0.04666666666666667
1194,candidate_3,candidate_2,candidate_1,3,0.04666666666666667
1195,candidate_3,candidate_2,candidate_1,3,0.04666666666666667
1196,candidate_3,candidate_2,candidate_1,3,0.04666666666666667
1197,candidate_3,candidate_2,candidate_1,3,0.04666666666666667
1198,candidate_3,candidate_2,candidate_1,3,0.04666666666666667
1199,candidate_3,candidate_2,candidate_1,3,0.04666666666666667
1200,candidate_3,candidate_2,candidate_1,3,0.04666666666666667
1201,candidate_3,candidate_2,candidate_1,3,0.04666666666666667
1202,candidate_3,candidate_2,candidate_1,3,0.04666666666666667
1203,0,candidate_2,candidate_1,3,0.04666666666666667
1204,candidate_3,candidate_2,candidate_1,3,0.04666666666666667
1205,candidate_3,candidate_2,candidate_1,3,0.04666666666666667
1206,candidate_3,candidate_2,candidate_1,3,0.04666666666666667
1207,candidate_3,candidate_2,candidate_1,3,0.04666666666666667
1208,candidate_3,candidate_2,candidate_1,3,0.04666666666666667
1209,candidate_3,0,0,3,0.04666666666666667
1210,candidate_3,candidate_2,candidate_1,3,0.04666666666666667
1211,candidate_3,candidate_2,candidate_1,3,0.04666666666666667
1212,candidate_3,candidate_2,0,3,0.04666666666666667
1213,candidate_3,candidate_2,candidate_1,3,0.04666666666666667
1214,candidate_3,candidate_2,candidate_1,3,0.04666666666666667
1215,candidate_3,candidate_2,candidate_1,3,0.04666666666666667
1216,candidate_3,0,candidate_1,3,0.04666666666666667
1217,candidate_3,candidate_2,candidate_1,3,0.04666666666666667
1218,candidate_3,candidate_2,candidate_1,3,0.04666666666666667
1219,candidate_3,candidate_2,candidate_1,3,0.04666666666666667
1220,candidate_3,candidate_2,candidate_1,3,0.04666666666666667
1221,candidate_3,candidate_2,0,3,0.04666666666666667
1222,candidate_3,candidate_2,candidate_1,3,0.04666666666666667
1223,candidate_3,candidate_2,candidate_1,3,0.04666666666666667
1224,candidate_3,candidate_2,candidate_1,3,0.04666666666666667
1225,0,candidate_2,candidate_1,3,0.04666666666666667
1226,candidate_3,candidate_2,0,3,0.04666666666666667
1227,candidate_3,candidate_2,candidate_1,3,0.04666666666666667
1228,candidate_3,candidate_2,candidate_1,3,0.04666666666666667
1229,candidate_3,0,candidate_1,3,0.04666666666666667
1230,candidate_3,candidate_2,candidate_1,3,0.04666666666666667
1231,candidate_3,candidate_2,candidate_1,3,0.04666666666666667
1232,candidate_3,candidate_2,candidate_1,3,0.04666666666666667
1233,candidate_3,candidate_2,candidate_1,3,0.04666666666666667
1234,candidate_3,candidate_2,candidate_1,3,0.04666666666666667
1235,candidate_3,candidate_2,candidate_1,3,0.04666666666666667
1236,candidate_3,candidate_2,candidate_1,3,0.04666666666666667
1237,candidate_3,candidate_2,candidate_1,3,0.04666666666666667
1238,candidate_3,candidate_2,candidate_1,3,0.04666666666666667
1239,candidate_3,candidate_2,candidate_1,3,0.04666666666666667
1240,candidate_3,candidate_2,candidate_1,3,0.04666666666666667
1241,candidate_3,candidate_2,candidate_1,3,0.04666666666666667
1242,candidate_3,candidate_2,candidate_1,3,0.04666666666666667
1243,candidate_3,candidate_2,candidate_1,3,0.04666666666666667
1244,candidate_3,candidate_2,candidate_1,3,0.04666666666666667
1245,candidate_3,candidate_2,candidate_1,3,0.04666666666666667
1246,candidate_3,candidate_2,candidate_1,3,0.04666666666666667
1247,candidate_3,candidate_2,candidate_1,3,0.04666666666666667
1248,0,candidate_2,candidate_1,3,0.04666666666666667
1249,candidate_3,candidate_2,candidate_1,3,0.04666666666666667
1250,0,candidate_2,candidate_1,3,0.04666666666666667
1251,0,candidate_2,candidate_1,3,0.04666666666666667
1252,0,candidate_2,candidate_1,3,0.04666666666666667
1253,candidate_3,candidate_2,candidate_1,3,0.04666666666666667
1254,candidate_3,candidate_2,candidate_1,3,0.04666666666666667
1255,candidate_3,candidate_2,candidate_1,3,0.04666666666666667
1256,candidate_3,candidate_2,0,3,0.04666666666666667
1257,candidate_3,candidate_2,candidate_1,3,0.04666666666666667
1258,candidate_3,candidate_2,candidate_1,3,0.04666666666666667
1259,candidate_3,candidate_2,candidate_1,3,0.04666666666666667
1260,candidate_3,candidate_2,candidate_1,3,0.04666666666666667
1261,candidate_3,candidate_2,candidate_1,3,0.04666666666666667
1262,candidate_3,candidate_2,0,3,0.04666666666666667
1263,candidate_3,candidate_2,candidate_1,3,0.04666666666666667
1264,candidate_3,0,candidate_1,3,0.04666666666666667
1265,candidate_3,candidate_2,candidate_1,3,0.04666666666666667
1266,candidate_3,candidate_2,candidate_1,3,0.04666666666666667
1267,candidate_3,candidate_2,0,3,0.04666666666666667
1268,candidate_3,candidate_2,candidate_1,3,0.04666666666666667
1269,candidate_3,candidate_2,candidate_1,3,0.04666666666666667
1270,candidate_3,candidate_2,candidate_1,3,0.04666666666666667
1271,candidate_3,candidate_2,0,3,0.04666666666666667
1272,candidate_3,candidate_2,candidate_1,3,0.04666666666666667
1273,candidate_3,candidate_2,candidate_1,3,0.04666666666666667
1274,candidate_3,0,0,3,0.04666666666666667
1275,0,candidate_2,candidate_1,3,0.04666666666666667
1276,candidate_3,candidate_2,candidate_1,3,0.04666666666666667
1277,candidate_3,candidate_2,candidate_1,3,0.04666666666666667
1278,candidate_3,candidate_2,candidate_1,3,0.04666666666666667
1279,candidate_3,candidate_2,candidate_1,3,0.04666666666666667
1280,candidate_3,candidate_2,candidate_1,3,0.04666666666666667
1281,candidate_3,candidate_2,candidate_1,3,0.04666666666666667
1282,candidate_3,candidate_2,candidate_1,3,0.04666666666666667
1283,candidate_3,candidate_2,candidate_1,3,0.04666666666666667
1284,candidate_3,candidate_2,candidate_1,3,0.04666666666666667
1285,candidate_3,candidate_2,candidate_1,3,0.04666666666666667
1286,candidate_3,candidate_2,0,3,0.04666666666666667
1287,candidate_3,candidate_2,candidate_1,3,0.04666666666666667
1288,candidate_3,candidate_2,candidate_1,3,0.04666666666666667
1289,candidate_3,candidate_2,candidate_1,3,0.04666666666666667
1290,candidate_3,candidate_2,candidate_1,3,0.04666666666666667
1291,candidate_3,candidate_2,candidate_1,3,0.04666666666666667
1292,candidate_3,candidate_2,candidate_1,3,0.04666666666666667
1293,candidate_3,candidate_2,candidate_1,3,0.04666666666666667
1294,candidate_3,candidate_2,candidate_1,3,0.04666666666666667
1295,candidate_3,candidate_2,candidate_1,3,0.04666666666666667
1296,candidate_3,candidate_2,candidate_1,3,0.04666666666666667
1297,candidate_3,candidate_2,0,3,0.04666666666666667
1298,candidate_3,candidate_2,candidate_1,3,0.04666666666666667
1299,candidate_3,candidate_2,candidate_1,3,0.04666666666666667
1300,candidate_3,candidate_2,candidate_1,3,0.04666666666666667
1301,candidate_3,candidate_2,candidate_1,3,0.04666666666666667
1302,candidate_3,candidate_2,candidate_1,3,0.04666666666666667
1303,candidate_3,candidate_2,candidate_1,3,0.04666666666666667
1304,candidate_3,candidate_2,candidate_1,3,0.04666666666666667
1305,0,candidate_2,candidate_1,3,0.04666666666666667
1306,candidate_3,0,candidate_1,3,0.04666666666666667
1307,candidate_3,candidate_2,candidate_1,3,0.04666666666666667
1308,candidate_3,candidate_2,candidate_1,3,0.04666666666666667
1309,candidate_3,candidate_2,candidate_1,3,0.04666666666666667
1310,candidate_3,candidate_2,candidate_1,3,0.04666666666666667
1311,candidate_3,candidate_2,candidate_1,3,0.04666666666666667
1312,candidate_3,candidate_2,candidate_1,3,0.04666666666666667
1313,candidate_3,candidate_2,candidate_1,3,0.04666666666666667
1314,candidate_3,0,candidate_1,3,0.04666666666666667
1315,candidate_3,candidate_2,candidate_1,3,0.04666666666666667
1316,candidate_3,candidate_2,0,3,0.04666666666666667
1317,candidate_3,candidate_2,candidate_1,3,0.04666666666666667
1318,candidate_3,candidate_2,candidate_1,3,0.04666666666666667
1319,0,candidate_2,candidate_1,3,0.04666666666666667
1320,candidate_3,candidate_2,0,3,0.04666666666666667
1321,candidate_3,candidate_2,candidate_1,3,0.04666666666666667
1322,candidate_3,candidate_2,candidate_1,3,0.04666666666666667
1323,candidate_3,0,candidate_1,3,0.04666666666666667
1324,candidate_3,candidate_2,candidate_1,3,0.04666666666666667
1325,candidate_3,candidate_2,candidate_1,3,0.04666666666666667
1326,candidate_3,candidate_2,0,3,0.04666666666666667
1327,candidate_3,candidate_2,candidate_1,3,0.04666666666666667
1328,candidate_3,0,0,3,0.04666666666666667
1329,candidate_3,candidate_2,candidate_1,3,0.04666666666666667
1330,candidate_3,candidate_2,candidate_1,3,0.04666666666666667
1331,candidate_3,candidate_2,candidate_1,3,0.04666666666666667
1332,candidate_3,candidate_2,candidate_1,3,0.04666666666666667
1333,candidate_3,candidate_2,candidate_1,3,0.04666666666666667
1334,candidate_3,candidate_2,candidate_1,3,0.04666666666666667
1335,candidate_3,candidate_2,candidate_1,3,0.04666666666666667
1336,candidate_3,candidate_2,candidate_1,3,0.04666666666666667
1337,candidate_3,candidate_2,candidate_1,3,0.04666666666666667
1338,candidate_3,candidate_2,0,3,0.04666666666666667
1339,candidate_3,candidate_2,candidate_1,3,0.04666666666666667
1340,candidate_3,candidate_2,0,3,0.04666666666666667
1341,candidate_3,candidate_2,candidate_1,3,0.04666666666666667
1342,candidate_3,candidate_2,candidate_1,3,0.04666666666666667
1343,candidate_3,candidate_2,candidate_1,3,0.04666666666666667
1344,candidate_3,candidate_2,candidate_1,3,0.04666666666666667
1345,candidate_3,candidate_2,candidate_1,3,0.04666666666666667
1346,candidate_3,candidate_2,candidate_1,3,0.04666666666666667
1347,candidate_3,candidate_2,candidate_1,3,0.04666666666666667
1348,candidate_3,candidate_2,candidate_1,3,0.04666666666666667
1349,candidate_3,candidate_2,candidate_1,3,0.04666666666666667
1350,candidate_3,candidate_2,0,3,0.04666666666666667
1351,candidate_3,candidate_2,candidate_1,3,0.04666666666666667
1352,candidate_3,candidate_2,candidate_1,3,0.04666666666666667
1353,candidate_3,candidate_2,0,3,0.04666666666666667
1354,candidate_3,candidate_2,candidate_1,3,0.04666666666666667
1355,candidate_3,candidate_2,candidate_1,3,0.04666666666666667
1356,candidate_3,candidate_2,candidate_1,3,0.04666666666666667
1357,candidate_3,candidate_2,candidate_1,3,0.04666666666666667
1358,candidate_3,candidate_2,candidate_1,3,0.04666666666666667
1359,candidate_3,candidate_2,candidate_1,3,0.04666666666666667
1360,candidate_3,candidate_2,candidate_1,3,0.04666666666666667
1361,candidate_3,candidate_2,candidate_1,3,0.04666666666666667
1362,candidate_3,candidate_2,candidate_1,3,0.04666666666666667
1363,candidate_3,candidate_2,candidate_1,3,0.04666666666666667
1364,candidate_3,candidate_2,candidate_1,3,0.04666666666666667
1365,candidate_3,0,candidate_1,3,0.04666666666666667
1366,candidate_3,candidate_2,candidate_1,3,0.04666666666666667
1367,candidate_3,candidate_2,candidate_1,3,0.04666666666666667
1368,candidate_3,candidate_2,candidate_1,3,0.04666666666666667
1369,candidate_3,candidate_2,0,3,0.04666666666666667
1370,candidate_3,candidate_2,candidate_1,3,0.04666666666666667
1371,candidate_3,candidate_2,candidate_1,3,0.04666666666666667
1372,candidate_3,candidate_2,candidate_1,3,0.04666666666666667
1373,candidate_3,candidate_2,candidate_1,3,0.04666666666666667
1374,candidate_3,candidate_2,candidate_1,3,0.04666666666666667
1375,candidate_3,candidate_2,candidate_1,3,0.04666666666666667
1376,candidate_3,candidate_2,candidate_1,3,0.04666666666666667
1377,candidate_3,candidate_2,candidate_1,3,0.04666666666666667
1378,candidate_3,candidate_2,candidate_1,3,0.04666666666666667
1379,candidate_3,candidate_2,candidate_1,3,0.04666666666666667
1380,candidate_3,0,candidate_1,3,0.04666666666666667
1381,candidate_3,candidate_2,candidate_1,3,0.04666666666666667
1382,candidate_3,candidate_2,candidate_1,3,0.04666666666666667
1383,candidate_3,candidate_2,candidate_1,3,0.04666666666666667
1384,candidate_3,candidate_2,candidate_1,3,0.04666666666666667
1385,candidate_3,candidate_2,candidate_1,3,0.04666666666666667
1386,candidate_3,candidate_2,candidate_1,3,0.04666666666666667
1387,candidate_3,candidate_2,candidate_1,3,0.04666666666666667
1388,candidate_3,candidate_2,candidate_1,3,0.04666666666666667
1389,candidate_3,candidate_2,candidate_1,3,0.04666666666666667
1390,candidate_3,candidate_2,candidate_1,3,0.04666666666666667
1391,candidate_3,candidate_2,candidate_1,3,0.04666666666666667
1392,candidate_3,candidate_2,candidate_1,3,0.04666666666666667
1393,candidate_3,candidate_2,candidate_1,3,0.04666666666666667
1394,candidate_3,candidate_2,candidate_1,3,0.04666666666666667
1395,candidate_3,candidate_2,candidate_1,3,0.04666666666666667
1396,candidate_3,candidate_2,candidate_1,3,0.04666666666666667
1397,candidate_3,candidate_2,candidate_1,3,0.04666666666666667
1398,candidate_3,candidate_2,candidate_1,3,0.04666666666666667
1399,candidate_3,candidate_2,candidate_1,3,0.04666666666666667
1400,candidate_3,candidate_2,candidate_1,3,0.04666666666666667
1401,candidate_3,candidate_2,candidate_1,3,0.04666666666666667
1402,candidate_3,candidate_2,candidate_1,3,0.04666666666666667
1403,candidate_3,candidate_2,candidate_1,3,0.04666666666666667
1404,candidate_3,candidate_2,candidate_1,3,0.04666666666666667
1405,candidate_3,candidate_2,candidate_1,3,0.04666666666666667
1406,candidate_3,candidate_2,candidate_1,3,0.04666666666666667
1407,candidate_3,candidate_2,candidate_1,3,0.04666666666666667
1408,candidate_3,candidate_2,candidate_1,3,0.04666666666666667
1409,candidate_3,0,candidate_1,3,0.04666666666666667
1410,candidate_3,candidate_2,candidate_1,3,0.04666666666666667
1411,candidate_3,candidate_2,candidate_1,3,0.04666666666666667
1412,candidate_3,candidate_2,candidate_1,3,0.04666666666666667
1413,candidate_3,candidate_2,candidate_1,3,0.04666666666666667
1414,candidate_3,0,candidate_1,3,0.04666666666666667
1415,candidate_3,candidate_2,candidate_1,3,0.04666666666666667
1416,0,candidate_2,candidate_1,3,0.04666666666666667
1417,candidate_3,candidate_2,candidate_1,3,0.04666666666666667
1418,candidate_3,0,candidate_1,3,0.04666666666666667
1419,candidate_3,candidate_2,candidate_1,3,0.04666666666666667
1420,candidate_3,candidate_2,candidate_1,3,0.04666666666666667
1421,candidate_3,candidate_2,candidate_1,3,0.04666666666666667
1422,candidate_3,candidate_2,0,3,0.04666666666666667
1423,candidate_3,candidate_2,candidate_1,3,0.04666666666666667
1424,candidate_3,candidate_2,candidate_1,3,0.04666666666666667
1425,candidate_3,candidate_2,candidate_1,3,0.04666666666666667
1426,candidate_3,candidate_2,candidate_1,3,0.04666666666666667
1427,candidate_3,candidate_2,candidate_1,3,0.04666666666666667
1428,candidate_3,candidate_2,candidate_1,3,0.04666666666666667
1429,candidate_3,0,candidate_1,3,0.04666666666666667
1430,candidate_3,candidate_2,candidate_1,3,0.04666666666666667
1431,candidate_3,candidate_2,candidate_1,3,0.04666666666666667
1432,candidate_3,candidate_2,candidate_1,3,0.04666666666666667
1433,candidate_3,candidate_2,candidate_1,3,0.04666666666666667
1434,candidate_3,candidate_2,0,3,0.04666666666666667
1435,candidate_3,candidate_2,candidate_1,3,0.04666666666666667
1436,candidate_3,candidate_2,candidate_1,3,0.04666666666666667
1437,candidate_3,candidate_2,candidate_1,3,0.04666666666666667
1438,candidate_3,candidate_2,candidate_1,3,0.04666666666666667
1439,candidate_3,candidate_2,candidate_1,3,0.04666666666666667
1440,candidate_3,candidate_2,candidate_1,3,0.04666666666666667
1441,candidate_3,candidate_2,candidate_1,3,0.04666666666666667
1442,candidate_3,candidate_2,candidate_1,3,0.04666666666666667
1443,candidate_3,candidate_2,candidate_1,3,0.04666666666666667
1444,candidate_3,candidate_2,candidate_1,3,0.04666666666666667
1445,candidate_3,0,candidate_1,3,0.04666666666666667
1446,candidate_3,candidate_2,candidate_1,3,0.04666666666666667
1447,candidate_3,candidate_2,candidate_1,3,0.04666666666666667
1448,candidate_3,candidate_2,candidate_1,3,0.04666666666666667
1449,candidate_3,candidate_2,candidate_1,3,0.04666666666666667
1450,candidate_3,candidate_2,candidate_1,3,0.04666666666666667
1451,candidate_3,candidate_2,candidate_1,3,0.04666666666666667
1452,candidate_3,candidate_2,candidate_1,3,0.04666666666666667
1453,candidate_3,candidate_2,candidate_1,3,0.04666666666666667
1454,candidate_3,candidate_2,candidate_1,3,0.04666666666666667
1455,candidate_3,candidate_2,candidate_1,3,0.04666666666666667
1456,candidate_3,candidate_2,0,3,0.04666666666666667
1457,candidate_3,candidate_2,0,3,0.04666666666666667
1458,candidate_3,candidate_2,candidate_1,3,0.04666666666666667
1459,candidate_3,candidate_2,candidate_1,3,0.04666666666666667
1460,candidate_3,candidate_2,candidate_1,3,0.04666666666666667
1461,candidate_3,candidate_2,candidate_1,3,0.04666666666666667
1462,candidate_3,0,candidate_1,3,0.04666666666666667
1463,candidate_3,candidate_2,candidate_1,3,0.04666666666666667
1464,candidate_3,candidate_2,candidate_1,3,0.04666666666666667
1465,candidate_3,candidate_2,candidate_1,3,0.04666666666666667
1466,candidate_3,candidate_2,candidate_1,3,0.04666666666666667
1467,candidate_3,0,candidate_1,3,0.04666666666666667
1468,candidate_3,candidate_2,candidate_1,3,0.04666666666666667
1469,candidate_3,candidate_2,candidate_1,3,0.04666666666666667
1470,candidate_3,candidate_2,candidate_1,3,0.04666666666666667
1471,candidate_3,candidate_2,0,3,0.04666666666666667
1472,candidate_3,candidate_2,candidate_1,3,0.04666666666666667
1473,candidate_3,candidate_2,candidate_1,3,0.04666666666666667
1474,candidate_3,candidate_2,candidate_1,3,0.04666666666666667
1475,candidate_3,candidate_2,candidate_1,3,0.04666666666666667
1476,candidate_3,candidate_2,candidate_1,3,0.04666666666666667
1477,candidate_3,candidate_2,candidate_1,3,0.04666666666666667
1478,candidate_3,candidate_2,candidate_1,3,0.04666666666666667
1479,candidate_3,candidate_2,candidate_1,3,0.04666666666666667
1480,candidate_3,candidate_2,candidate_1,3,0.04666666666666667
1481,0,candidate_2,candidate_1,3,0.04666666666666667
1482,candidate_3,candidate_2,candidate_1,3,0.04666666666666667
1483,candidate_3,candidate_2,candidate_1,3,0.04666666666666667
1484,candidate_3,candidate_2,candidate_1,3,0.04666666666666667
1485,candidate_3,candidate_2,candidate_1,3,0.04666666666666667
1486,candidate_3,candidate_2,candidate_1,3,0.04666666666666667
1487,candidate_3,candidate_2,candidate_1,3,0.04666666666666667
1488,candidate_3,candidate_2,candidate_1,3,0.04666666666666667
1489,candidate_3,candidate_2,candidate_1,3,0.04666666666666667
1490,candidate_3,candidate_2,candidate_1,3,0.04666666666666667
1491,candidate_3,candidate_2,candidate_1,3,0.04666666666666667
1492,candidate_3,candidate_2,candidate_1,3,0.04666666666666667
1493,candidate_3,candidate_2,candidate_1,3,0.04666666666666667
1494,candidate_3,candidate_2,candidate_1,3,0.04666666666666667
1495,candidate_3,candidate_2,candidate_1,3,0.04666666666666667
1496,candidate_3,candidate_2,candidate_1,3,0.04666666666666667
1497,candidate_3,candidate_2,candidate_1,3,0.04666666666666667
1498,candidate_3,candidate_2,candidate_1,3,0.04666666666666667
1499,candidate_3,candidate_2,candidate_1,3,0.04666666666666667
1500,candidate_3,candidate_2,candidate_1,3,0.04666666666666667
1501,candidate_3,candidate_2,candidate_1,3,0.04666666666666667
1502,candidate_3,candidate_2,candidate_1,3,0.04666666666666667
1503,candidate_3,candidate_2,candidate_1,3,0.04666666666666667
1504,candidate_3,candidate_2,candidate_1,3,0.04666666666666667
1505,candidate_3,candidate_2,candidate_1,3,0.04666666666666667
1506,candidate_3,candidate_2,candidate_1,3,0.04666666666666667
1507,candidate_3,candidate_2,candidate_1,3,0.04666666666666667
1508,candidate_3,candidate_2,candidate_1,3,0.04666666666666667
1509,candidate_3,candidate_2,candidate_1,3,0.04666666666666667
1510,candidate_3,candidate_2,candidate_1,3,0.04666666666666667
1511,candidate_3,candidate_2,candidate_1,3,0.04666666666666667
1512,candidate_3,candidate_2,candidate_1,3,0.04666666666666667
1513,candidate_3,candidate_2,candidate_1,3,0.04666666666666667
1514,candidate_3,candidate_2,candidate_1,3,0.04666666666666667
1515,candidate_3,candidate_2,candidate_1,3,0.04666666666666667
1516,candidate_3,candidate_2,candidate_1,3,0.04666666666666667
1517,candidate_3,candidate_2,candidate_1,3,0.04666666666666667
1518,candidate_3,candidate_2,candidate_1,3,0.04666666666666667
1519,0,candidate_2,candidate_1,3,0.04666666666666667
1520,candidate_3,candidate_2,candidate_1,3,0.04666666666666667
1521,candidate_3,candidate_2,candidate_1,3,0.04666666666666667
1522,candidate_3,candidate_2,candidate_1,3,0.04666666666666667
1523,candidate_3,candidate_2,candidate_1,3,0.04666666666666667
1524,candidate_3,candidate_2,candidate_1,3,0.04666666666666667
1525,candidate_3,candidate_2,candidate_1,3,0.04666666666666667
1526,candidate_3,candidate_2,candidate_1,3,0.04666666666666667
1527,candidate_3,candidate_2,candidate_1,3,0.04666666666666667
1528,candidate_3,0,candidate_1,3,0.04666666666666667
1529,candidate_3,candidate_2,candidate_1,3,0.04666666666666667
1530,candidate_3,candidate_2,0,3,0.04666666666666667
1531,candidate_3,candidate_2,candidate_1,3,0.04666666666666667
1532,candidate_3,candidate_2,candidate_1,3,0.04666666666666667
1533,0,candidate_2,candidate_1,3,0.04666666666666667
1534,0,candidate_2,candidate_1,3,0.04666666666666667
1535,candidate_3,candidate_2,candidate_1,3,0.04666666666666667
1536,0,candidate_2,candidate_1,3,0.04666666666666667
1537,candidate_3,candidate_2,candidate_1,3,0.04666666666666667
1538,candidate_3,candidate_2,candidate_1,3,0.04666666666666667
1539,candidate_3,candidate_2,candidate_1,3,0.04666666666666667
1540,0,candidate_2,candidate_1,3,0.04666666666666667
1541,candidate_3,candidate_2,candidate_1,3,0.04666666666666667
1542,candidate_3,candidate_2,candidate_1,3,0.04666666666666667
1543,candidate_3,candidate_2,candidate_1,3,0.04666666666666667
1544,candidate_3,candidate_2,0,3,0.04666666666666667
1545,candidate_3,candidate_2,candidate_1,3,0.04666666666666667
1546,candidate_3,candidate_2,candidate_1,3,0.04666666666666667
1547,candidate_3,candidate_2,candidate_1,3,0.04666666666666667
1548,candidate_3,candidate_2,candidate_1,3,0.04666666666666667
1549,candidate_3,candidate_2,candidate_1,3,0.04666666666666667
1550,candidate_3,candidate_2,candidate_1,3,0.04666666666666667
1551,candidate_3,candidate_2,candidate_1,3,0.04666666666666667
1552,candidate_3,candidate_2,candidate_1,3,0.04666666666666667
1553,candidate_3,candidate_2,candidate_1,3,0.04666666666666667
1554,candidate_3,candidate_2,candidate_1,3,0.04666666666666667
1555,candidate_3,candidate_2,candidate_1,3,0.04666666666666667
1556,candidate_3,candidate_2,candidate_1,3,0.04666666666666667
1557,candidate_3,candidate_2,candidate_1,3,0.04666666666666667
1558,candidate_3,candidate_2,candidate_1,3,0.04666666666666667
1559,candidate_3,candidate_2,candidate_1,3,0.04666666666666667
1560,candidate_3,candidate_2,candidate_1,3,0.04666666666666667
1561,candidate_3,candidate_2,candidate_1,3,0.04666666666666667
1562,candidate_3,candidate_2,candidate_1,3,0.04666666666666667
1563,candidate_3,candidate_2,candidate_1,3,0.04666666666666667
1564,candidate_3,candidate_2,candidate_1,3,0.04666666666666667
1565,candidate_3,candidate_2,candidate_1,3,0.04666666666666667
1566,candidate_3,candidate_2,candidate_1,3,0.04666666666666667
1567,candidate_3,candidate_2,candidate_1,3,0.04666666666666667
1568,candidate_3,candidate_2,candidate_1,3,0.04666666666666667
1569,candidate_3,0,candidate_1,3,0.04666666666666667
1570,candidate_3,candidate_2,candidate_1,3,0.04666666666666667
1571,candidate_3,candidate_2,candidate_1,3,0.04666666666666667
1572,candidate_3,candidate_2,candidate_1,3,0.04666666666666667
1573,candidate_3,candidate_2,candidate_1,3,0.04666666666666667
1574,candidate_3,candidate_2,candidate_1,3,0.04666666666666667
1575,candidate_3,candidate_2,candidate_1,3,0.04666666666666667
1576,candidate_3,candidate_2,candidate_1,3,0.04666666666666667
1577,candidate_3,candidate_2,candidate_1,3,0.04666666666666667
1578,candidate_3,candidate_2,candidate_1,3,0.04666666666666667
1579,candidate_3,candidate_2,candidate_1,3,0.04666666666666667
1580,candidate_3,candidate_2,candidate_1,3,0.04666666666666667
1581,candidate_3,candidate_2,candidate_1,3,0.04666666666666667
1582,candidate_3,candidate_2,candidate_1,3,0.04666666666666667
1583,candidate_3,candidate_2,candidate_1,3,0.04666666666666667
1584,candidate_3,candidate_2,0,3,0.04666666666666667
1585,candidate_3,candidate_2,candidate_1,3,0.04666666666666667
1586,candidate_3,candidate_2,candidate_1,3,0.04666666666666667
1587,candidate_3,candidate_2,candidate_1,3,0.04666666666666667
1588,candidate_3,candidate_2,candidate_1,3,0.04666666666666667
1589,candidate_3,candidate_2,candidate_1,3,0.04666666666666667
1590,candidate_3,candidate_2,candidate_1,3,0.04666666666666667
1591,candidate_3,candidate_2,candidate_1,3,0.04666666666666667
1592,candidate_3,candidate_2,candidate_1,3,0.04666666666666667
1593,candidate_3,candidate_2,candidate_1,3,0.04666666666666667
1594,candidate_3,candidate_2,candidate_1,3,0.04666666666666667
1595,candidate_3,candidate_2,candidate_1,3,0.04666666666666667
1596,candidate_3,candidate_2,candidate_1,3,0.04666666666666667
1597,candidate_3,candidate_2,candidate_1,3,0.04666666666666667
1598,candidate_3,candidate_2,candidate_1,3,0.04666666666666667
1599,candidate_3,candidate_2,candidate_1,3,0.04666666666666667
1600,candidate_3,candidate_2,candidate_1,3,0.04666666666666667
1601,candidate_3,0,candidate_1,3,0.04666666666666667
1602,candidate_3,candidate_2,candidate_1,3,0.04666666666666667
1603,candidate_3,candidate_2,candidate_1,3,0.04666666666666667
1604,candidate_3,candidate_2,candidate_1,3,0.04666666666666667
1605,candidate_3,candidate_2,candidate_1,3,0.04666666666666667
1606,candidate_3,candidate_2,candidate_1,3,0.04666666666666667
1607,candidate_3,candidate_2,candidate_1,3,0.04666666666666667
1608,candidate_3,candidate_2,candidate_1,3,0.04666666666666667
1609,candidate_3,candidate_2,candidate_1,3,0.04666666666666667
1610,candidate_3,candidate_2,candidate_1,3,0.04666666666666667
1611,candidate_3,candidate_2,candidate_1,3,0.04666666666666667
1612,candidate_3,candidate_2,candidate_1,3,0.04666666666666667
1613,candidate_3,candidate_2,candidate_1,3,0.04666666666666667
1614,candidate_3,candidate_2,candidate_1,3,0.04666666666666667
1615,candidate_3,candidate_2,candidate_1,3,0.04666666666666667
1616,candidate_3,candidate_2,candidate_1,3,0.04666666666666667
1617,candidate_3,candidate_2,candidate_1,3,0.04666666666666667
1618,candidate_3,candidate_2,candidate_1,3,0.04666666666666667
1619,candidate_3,candidate_2,candidate_1,3,0.04666666666666667
1620,candidate_3,candidate_2,candidate_1,3,0.04666666666666667
1621,candidate_3,candidate_2,candidate_1,3,0.04666666666666667
1622,candidate_3,candidate_2,candidate_1,3,0.04666666666666667
1623,candidate_3,candidate_2,candidate_1,3,0.04666666666666667
1624,candidate_3,candidate_2,0,3,0.04666666666666667
1625,candidate_3,candidate_2,0,3,0.04666666666666667
1626,candidate_3,candidate_2,0,3,0.04666666666666667
1627,candidate_3,candidate_2,candidate_1,3,0.04666666666666667
1628,candidate_3,candidate_2,candidate_1,3,0.04666666666666667
1629,candidate_3,candidate_2,candidate_1,3,0.04666666666666667
1630,candidate_3,candidate_2,candidate_1,3,0.04666666666666667
1631,candidate_3,candidate_2,0,3,0.04666666666666667
1632,candidate_3,candidate_2,candidate_1,3,0.04666666666666667
1633,candidate_3,candidate_2,candidate_1,3,0.04666666666666667
1634,candidate_3,candidate_2,candidate_1,3,0.04666666666666667
1635,candidate_3,candidate_2,candidate_1,3,0.04666666666666667
1636,candidate_3,candidate_2,candidate_1,3,0.04666666666666667
1637,candidate_3,candidate_2,candidate_1,3,0.04666666666666667
1638,0,candidate_2,candidate_1,3,0.04666666666666667
1639,candidate_3,candidate_2,candidate_1,3,0.04666666666666667
1640,candidate_3,candidate_2,candidate_1,3,0.04666666666666667
1641,candidate_3,candidate_2,candidate_1,3,0.04666666666666667
1642,candidate_3,candidate_2,candidate_1,3,0.04666666666666667
1643,candidate_3,candidate_2,candidate_1,3,0.04666666666666667
1644,candidate_3,candidate_2,candidate_1,3,0.04666666666666667
1645,candidate_3,candidate_2,candidate_1,3,0.04666666666666667
1646,candidate_3,candidate_2,candidate_1,3,0.04666666666666667
1647,candidate_3,candidate_2,candidate_1,3,0.04666666666666667
1648,candidate_3,candidate_2,candidate_1,3,0.04666666666666667
1649,candidate_3,candidate_2,candidate_1,3,0.04666666666666667
1650,candidate_3,candidate_2,candidate_1,3,0.04666666666666667
1651,candidate_3,candidate_2,candidate_1,3,0.04666666666666667
1652,candidate_3,candidate_2,candidate_1,3,0.04666666666666667
1653,candidate_3,candidate_2,candidate_1,3,0.04666666666666667
1654,0,candidate_2,candidate_1,3,0.04666666666666667
1655,candidate_3,candidate_2,candidate_1,3,0.04666666666666667
1656,candidate_3,candidate_2,candidate_1,3,0.04666666666666667
1657,candidate_3,0,candidate_1,3,0.04666666666666667
1658,candidate_3,candidate_2,candidate_1,3,0.04666666666666667
1659,candidate_3,candidate_2,candidate_1,3,0.04666666666666667
1660,candidate_3,candidate_2,candidate_1,3,0.04666666666666667
1661,candidate_3,candidate_2,candidate_1,3,0.04666666666666667
1662,candidate_3,candidate_2,candidate_1,3,0.04666666666666667
1663,candidate_3,candidate_2,candidate_1,3,0.04666666666666667
1664,candidate_3,candidate_2,candidate_1,3,0.04666666666666667
1665,candidate_3,0,candidate_1,3,0.04666666666666667
1666,candidate_3,candidate_2,candidate_1,3,0.04666666666666667
1667,candidate_3,candidate_2,candidate_1,3,0.04666666666666667
1668,0,candidate_2,candidate_1,3,0.04666666666666667
1669,candidate_3,candidate_2,candidate_1,3,0.04666666666666667
1670,candidate_3,candidate_2,candidate_1,3,0.04666666666666667
1671,candidate_3,candidate_2,candidate_1,3,0.04666666666666667
1672,candidate_3,candidate_2,candidate_1,3,0.04666666666666667
1673,candidate_3,candidate_2,candidate_1,3,0.04666666666666667
1674,candidate_3,candidate_2,candidate_1,3,0.04666666666666667
1675,candidate_3,candidate_2,candidate_1,3,0.04666666666666667
1676,candidate_3,candidate_2,candidate_1,3,0.04666666666666667
1677,candidate_3,candidate_2,candidate_1,3,0.04666666666666667
1678,candidate_3,candidate_2,candidate_1,3,0.04666666666666667
1679,candidate_3,candidate_2,candidate_1,3,0.04666666666666667
1680,candidate_3,candidate_2,candidate_1,3,0.04666666666666667
1681,candidate_3,candidate_2,candidate_1,3,0.04666666666666667
1682,candidate_3,candidate_2,candidate_1,3,0.04666666666666667
1683,candidate_3,candidate_2,0,3,0.04666666666666667
1684,candidate_3,candidate_2,candidate_1,3,0.04666666666666667
1685,candidate_3,candidate_2,candidate_1,3,0.04666666666666667
1686,candidate_3,0,candidate_1,3,0.04666666666666667
1687,candidate_3,candidate_2,candidate_1,3,0.04666666666666667
1688,candidate_3,candidate_2,candidate_1,3,0.04666666666666667
1689,candidate_3,candidate_2,candidate_1,3,0.04666666666666667
1690,candidate_3,candidate_2,candidate_1,3,0.04666666666666667
1691,candidate_3,candidate_2,candidate_1,3,0.04666666666666667
1692,candidate_3,candidate_2,candidate_1,3,0.04666666666666667
1693,0,candidate_2,candidate_1,3,0.04666666666666667
1694,candidate_3,candidate_2,candidate_1,3,0.04666666666666667
1695,candidate_3,candidate_2,candidate_1,3,0.04666666666666667
1696,candidate_3,0,candidate_1,3,0.04666666666666667
1697,candidate_3,candidate_2,candidate_1,3,0.04666666666666667
1698,candidate_3,candidate_2,candidate_1,3,0.04666666666666667
1699,candidate_3,candidate_2,candidate_1,3,0.04666666666666667
1700,candidate_3,candidate_2,candidate_1,3,0.04666666666666667
1701,candidate_3,candidate_2,candidate_1,3,0.04666666666666667
1702,candidate_3,candidate_2,candidate_1,3,0.04666666666666667
1703,candidate_3,candidate_2,candidate_1,3,0.04666666666666667
1704,candidate_3,candidate_2,candidate_1,3,0.04666666666666667
1705,candidate_3,candidate_2,candidate_1,3,0.04666666666666667
1706,candidate_3,candidate_2,candidate_1,3,0.04666666666666667
1707,candidate_3,candidate_2,0,3,0.04666666666666667
1708,candidate_3,candidate_2,candidate_1,3,0.04666666666666667
1709,candidate_3,candidate_2,candidate_1,3,0.04666666666666667
1710,candidate_3,candidate_2,candidate_1,3,0.04666666666666667
1711,candidate_3,candidate_2,candidate_1,3,0.04666666666666667
1712,candidate_3,candidate_2,candidate_1,3,0.04666666666666667
1713,candidate_3,candidate_2,candidate_1,3,0.04666666666666667
1714,candidate_3,0,candidate_1,3,0.04666666666666667
1715,candidate_3,candidate_2,candidate_1,3,0.04666666666666667
1716,candidate_3,candidate_2,candidate_1,3,0.04666666666666667
1717,candidate_3,candidate_2,candidate_1,3,0.04666666666666667
1718,candidate_3,candidate_2,candidate_1,3,0.04666666666666667
1719,candidate_3,candidate_2,candidate_1,3,0.04666666666666667
1720,candidate_3,candidate_2,candidate_1,3,0.04666666666666667
1721,candidate_3,candidate_2,candidate_1,3,0.04666666666666667
1722,0,candidate_2,candidate_1,3,0.04666666666666667
1723,candidate_3,candidate_2,candidate_1,3,0.04666666666666667
1724,candidate_3,candidate_2,candidate_1,3,0.04666666666666667
1725,candidate_3,candidate_2,candidate_1,3,0.04666666666666667
1726,candidate_3,candidate_2,candidate_1,3,0.04666666666666667
1727,candidate_3,candidate_2,candidate_1,3,0.04666666666666667
1728,candidate_3,candidate_2,candidate_1,3,0.04666666666666667
1729,candidate_3,candidate_2,0,3,0.04666666666666667
1730,candidate_3,candidate_2,candidate_1,3,0.04666666666666667
1731,candidate_3,candidate_2,candidate_1,3,0.04666666666666667
1732,candidate_3,candidate_2,candidate_1,3,0.04666666666666667
1733,candidate_3,candidate_2,candidate_1,3,0.04666666666666667
1734,candidate_3,candidate_2,candidate_1,3,0.04666666666666667
1735,candidate_3,candidate_2,0,3,0.04666666666666667
1736,candidate_3,candidate_2,candidate_1,3,0.04666666666666667
1737,candidate_3,candidate_2,candidate_1,3,0.04666666666666667
1738,0,candidate_2,candidate_1,3,0.04666666666666667
1739,candidate_3,candidate_2,candidate_1,3,0.04666666666666667
1740,candidate_3,0,candidate_1,3,0.04666666666666667
1741,candidate_3,candidate_2,candidate_1,3,0.04666666666666667
1742,candidate_3,0,candidate_1,3,0.04666666666666667
1743,candidate_3,candidate_2,candidate_1,3,0.04666666666666667
1744,candidate_3,candidate_2,candidate_1,3,0.04666666666666667
1745,candidate_3,candidate_2,candidate_1,3,0.04666666666666667
1746,candidate_3,candidate_2,candidate_1,3,0.04666666666666667
1747,candidate_3,candidate_2,candidate_1,3,0.04666666666666667
1748,candidate_3,candidate_2,candidate_1,3,0.04666666666666667
1749,candidate_3,candidate_2,candidate_1,3,0.04666666666666667
1750,candidate_3,candidate_2,candidate_1,3,0.04666666666666667
1751,candidate_3,candidate_2,candidate_1,3,0.04666666666666667
1752,candidate_3,candidate_2,candidate_1,3,0.04666666666666667
1753,candidate_3,candidate_2,candidate_1,3,0.04666666666666667
1754,candidate_3,candidate_2,0,3,0.04666666666666667
1755,candidate_3,candidate_2,candidate_1,3,0.04666666666666667
1756,candidate_3,candidate_2,candidate_1,3,0.04666666666666667
1757,candidate_3,0,candidate_1,3,0.04666666666666667
1758,candidate_3,candidate_2,candidate_1,3,0.04666666666666667
1759,candidate_3,candidate_2,0,3,0.04666666666666667
1760,candidate_3,candidate_2,candidate_1,3,0.04666666666666667
1761,candidate_3,candidate_2,candidate_1,3,0.04666666666666667
1762,candidate_3,0,candidate_1,3,0.04666666666666667
1763,candidate_3,candidate_2,candidate_1,3,0.04666666666666667
1764,candidate_3,candidate_2,candidate_1,3,0.04666666666666667
1765,candidate_3,candidate_2,candidate_1,3,0.04666666666666667
1766,candidate_3,candidate_2,candidate_1,3,0.04666666666666667
1767,candidate_3,candidate_2,candidate_1,3,0.04666666666666667
1768,candidate_3,candidate_2,candidate_1,3,0.04666666666666667
1769,candidate_3,candidate_2,candidate_1,3,0.04666666666666667
1770,candidate_3,candidate_2,candidate_1,3,0.04666666666666667
1771,candidate_3,candidate_2,candidate_1,3,0.04666666666666667
1772,candidate_3,candidate_2,0,3,0.04666666666666667
1773,candidate_3,candidate_2,candidate_1,3,0.04666666666666667
1774,candidate_3,candidate_2,candidate_1,3,0.04666666666666667
1775,candidate_3,candidate_2,candidate_1,3,0.04666666666666667
1776,candidate_3,candidate_2,candidate_1,3,0.04666666666666667
1777,candidate_3,candidate_2,candidate_1,3,0.04666666666666667
1778,candidate_3,candidate_2,0,3,0.04666666666666667
1779,candidate_3,candidate_2,candidate_1,3,0.04666666666666667
1780,candidate_3,candidate_2,candidate_1,3,0.04666666666666667
1781,candidate_3,0,candidate_1,3,0.04666666666666667
1782,candidate_3,candidate_2,candidate_1,3,0.04666666666666667
1783,candidate_3,candidate_2,candidate_1,3,0.04666666666666667
1784,candidate_3,candidate_2,candidate_1,3,0.04666666666666667
1785,candidate_3,candidate_2,candidate_1,3,0.04666666666666667
1786,candidate_3,candidate_2,candidate_1,3,0.04666666666666667
1787,candidate_3,candidate_2,candidate_1,3,0.04666666666666667
1788,candidate_3,candidate_2,candidate_1,3,0.04666666666666667
1789,candidate_3,candidate_2,candidate_1,3,0.04666666666666667
1790,candidate_3,candidate_2,candidate_1,3,0.04666666666666667
1791,candidate_3,candidate_2,0,3,0.04666666666666667
1792,candidate_3,candidate_2,candidate_1,3,0.04666666666666667
1793,candidate_3,candidate_2,candidate_1,3,0.04666666666666667
1794,candidate_3,candidate_2,candidate_1,3,0.04666666666666667
1795,candidate_3,candidate_2,candidate_1,3,0.04666666666666667
1796,candidate_3,0,candidate_1,3,0.04666666666666667
1797,candidate_3,candidate_2,candidate_1,3,0.04666666666666667
1798,candidate_3,candidate_2,candidate_1,3,0.04666666666666667
1799,candidate_3,candidate_2,candidate_1,3,0.04666666666666667
1800,candidate_3,candidate_2,candidate_1,3,0.04666666666666667
1801,candidate_3,candidate_2,candidate_1,3,0.04666666666666667
1802,candidate_3,candidate_2,candidate_1,3,0.04666666666666667
1803,candidate_3,candidate_2,candidate_1,3,0.04666666666666667
1804,candidate_3,candidate_2,candidate_1,3,0.04666666666666667
1805,candidate_3,candidate_2,candidate_1,3,0.04666666666666667
1806,candidate_3,candidate_2,candidate_1,3,0.04666666666666667
1807,candidate_3,candidate_2,candidate_1,3,0.04666666666666667
1808,candidate_3,candidate_2,candidate_1,3,0.04666666666666667
1809,candidate_3,candidate_2,candidate_1,3,0.04666666666666667
1810,candidate_3,candidate_2,candidate_1,3,0.04666666666666667
1811,candidate_3,candidate_2,candidate_1,3,0.04666666666666667
1812,candidate_3,candidate_2,candidate_1,3,0.04666666666666667
1813,candidate_3,candidate_2,candidate_1,3,0.04666666666666667
1814,candidate_3,candidate_2,candidate_1,3,0.04666666666666667
1815,candidate_3,candidate_2,candidate_1,3,0.04666666666666667
1816,candidate_3,candidate_2,candidate_1,3,0.04666666666666667
1817,candidate_3,candidate_2,candidate_1,3,0.04666666666666667
1818,candidate_3,candidate_2,candidate_1,3,0.04666666666666667
1819,candidate_3,candidate_2,candidate_1,3,0.04666666666666667
1820,candidate_3,candidate_2,0,3,0.04666666666666667
1821,candidate_3,candidate_2,candidate_1,3,0.04666666666666667
1822,candidate_3,candidate_2,candidate_1,3,0.04666666666666667
1823,candidate_3,candidate_2,candidate_1,3,0.04666666666666667
1824,candidate_3,candidate_2,candidate_1,3,0.04666666666666667
1825,candidate_3,candidate_2,candidate_1,3,0.04666666666666667
1826,candidate_3,candidate_2,0,3,0.04666666666666667
1827,candidate_3,candidate_2,candidate_1,3,0.04666666666666667
1828,candidate_3,candidate_2,0,3,0.04666666666666667
1829,candidate_3,candidate_2,candidate_1,3,0.04666666666666667
1830,candidate_3,candidate_2,candidate_1,3,0.04666666666666667
1831,candidate_3,candidate_2,candidate_1,3,0.04666666666666667
1832,candidate_3,candidate_2,candidate_1,3,0.04666666666666667
1833,candidate_3,candidate_2,candidate_1,3,0.04666666666666667
1834,candidate_3,0,candidate_1,3,0.04666666666666667
1835,candidate_3,candidate_2,candidate_1,3,0.04666666666666667
1836,candidate_3,candidate_2,candidate_1,3,0.04666666666666667
1837,candidate_3,candidate_2,candidate_1,3,0.04666666666666667
1838,candidate_3,candidate_2,0,3,0.04666666666666667
1839,candidate_3,candidate_2,candidate_1,3,0.04666666666666667
1840,candidate_3,candidate_2,candidate_1,3,0.04666666666666667
1841,candidate_3,candidate_2,candidate_1,3,0.04666666666666667
1842,candidate_3,candidate_2,candidate_1,3,0.04666666666666667
1843,candidate_3,0,candidate_1,3,0.04666666666666667
1844,candidate_3,candidate_2,0,3,0.04666666666666667
1845,candidate_3,0,candidate_1,3,0.04666666666666667
1846,candidate_3,candidate_2,candidate_1,3,0.04666666666666667
1847,candidate_3,candidate_2,candidate_1,3,0.04666666666666667
1848,candidate_3,candidate_2,candidate_1,3,0.04666666666666667
1849,candidate_3,candidate_2,candidate_1,3,0.04666666666666667
1850,candidate_3,candidate_2,candidate_1,3,0.04666666666666667
1851,candidate_3,0,candidate_1,3,0.04666666666666667
1852,candidate_3,candidate_2,candidate_1,3,0.04666666666666667
1853,candidate_3,candidate_2,candidate_1,3,0.04666666666666667
1854,candidate_3,0,candidate_1,3,0.04666666666666667
1855,candidate_3,candidate_2,candidate_1,3,0.04666666666666667
1856,candidate_3,candidate_2,candidate_1,3,0.04666666666666667
1857,candidate_3,candidate_2,candidate_1,3,0.04666666666666667
1858,candidate_3,candidate_2,candidate_1,3,0.04666666666666667
1859,candidate_3,candidate_2,candidate_1,3,0.04666666666666667
1860,candidate_3,candidate_2,candidate_1,3,0.04666666666666667
1861,candidate_3,candidate_2,candidate_1,3,0.04666666666666667
1862,candidate_3,candidate_2,candidate_1,3,0.04666666666666667
1863,candidate_3,candidate_2,candidate_1,3,0.04666666666666667
1864,candidate_3,candidate_2,candidate_1,3,0.04666666666666667
1865,candidate_3,candidate_2,candidate_1,3,0.04666666666666667
1866,candidate_3,0,candidate_1,3,0.04666666666666667
1867,candidate_3,candidate_2,candidate_1,3,0.04666666666666667
1868,candidate_3,candidate_2,candidate_1,3,0.04666666666666667
1869,candidate_3,candidate_2,candidate_1,3,0.04666666666666667
1870,candidate_3,candidate_2,candidate_1,3,0.04666666666666667
1871,0,candidate_2,candidate_1,3,0.04666666666666667
1872,candidate_3,candidate_2,candidate_1,3,0.04666666666666667
1873,candidate_3,candidate_2,candidate_1,3,0.04666666666666667
1874,candidate_3,candidate_2,candidate_1,3,0.04666666666666667
1875,candidate_3,candidate_2,candidate_1,3,0.04666666666666667
1876,candidate_3,candidate_2,candidate_1,3,0.04666666666666667
1877,candidate_3,candidate_2,candidate_1,3,0.04666666666666667
1878,candidate_3,candidate_2,candidate_1,3,0.04666666666666667
1879,candidate_3,candidate_2,candidate_1,3,0.04666666666666667
1880,candidate_3,candidate_2,candidate_1,3,0.04666666666666667
1881,candidate_3,candidate_2,candidate_1,3,0.04666666666666667
1882,candidate_3,candidate_2,candidate_1,3,0.04666666666666667
1883,candidate_3,candidate_2,candidate_1,3,0.04666666666666667
1884,candidate_3,candidate_2,candidate_1,3,0.04666666666666667
1885,candidate_3,candidate_2,candidate_1,3,0.04666666666666667
1886,candidate_3,candidate_2,candidate_1,3,0.04666666666666667
1887,candidate_3,candidate_2,candidate_1,3,0.04666666666666667
1888,candidate_3,candidate_2,candidate_1,3,0.04666666666666667
1889,candidate_3,candidate_2,candidate_1,3,0.04666666666666667
1890,candidate_3,candidate_2,candidate_1,3,0.04666666666666667
1891,candidate_3,candidate_2,candidate_1,3,0.04666666666666667
1892,candidate_3,candidate_2,candidate_1,3,0.04666666666666667
1893,0,candidate_2,candidate_1,3,0.04666666666666667
1894,candidate_3,candidate_2,candidate_1,3,0.04666666666666667
1895,candidate_3,candidate_2,candidate_1,3,0.04666666666666667
1896,candidate_3,candidate_2,candidate_1,3,0.04666666666666667
1897,candidate_3,candidate_2,candidate_1,3,0.04666666666666667
1898,candidate_3,candidate_2,candidate_1,3,0.04666666666666667
1899,candidate_3,candidate_2,candidate_1,3,0.04666666666666667
1900,candidate_3,candidate_2,candidate_1,3,0.04666666666666667
1901,candidate_3,candidate_2,candidate_1,3,0.04666666666666667
1902,candidate_3,candidate_2,candidate_1,3,0.04666666666666667
1903,candidate_3,candidate_2,candidate_1,3,0.04666666666666667
1904,candidate_3,candidate_2,candidate_1,3,0.04666666666666667
1905,candidate_3,candidate_2,candidate_1,3,0.04666666666666667
1906,candidate_3,candidate_2,candidate_1,3,0.04666666666666667
1907,candidate_3,candidate_2,candidate_1,3,0.04666666666666667
1908,candidate_3,candidate_2,candidate_1,3,0.04666666666666667
1909,candidate_3,candidate_2,candidate_1,3,0.04666666666666667
1910,0,candidate_2,candidate_1,3,0.04666666666666667
1911,candidate_3,candidate_2,candidate_1,3,0.04666666666666667
1912,candidate_3,candidate_2,candidate_1,3,0.04666666666666667
1913,candidate_3,candidate_2,candidate_1,3,0.04666666666666667
1914,candidate_3,candidate_2,candidate_1,3,0.04666666666666667
1915,candidate_3,0,candidate_1,3,0.04666666666666667
1916,candidate_3,candidate_2,candidate_1,3,0.04666666666666667
1917,candidate_3,candidate_2,candidate_1,3,0.04666666666666667
1918,candidate_3,candidate_2,candidate_1,3,0.04666666666666667
1919,candidate_3,candidate_2,candidate_1,3,0.04666666666666667
1920,candidate_3,candidate_2,candidate_1,3,0.04666666666666667
1921,candidate_3,candidate_2,candidate_1,3,0.04666666666666667
1922,candidate_3,candidate_2,candidate_1,3,0.04666666666666667
1923,candidate_3,candidate_2,candidate_1,3,0.04666666666666667
1924,candidate_3,candidate_2,candidate_1,3,0.04666666666666667
1925,candidate_3,candidate_2,candidate_1,3,0.04666666666666667
1926,candidate_3,candidate_2,candidate_1,3,0.04666666666666667
1927,candidate_3,candidate_2,candidate_1,3,0.04666666666666667
1928,candidate_3,candidate_2,candidate_1,3,0.04666666666666667
1929,candidate_3,candidate_2,candidate_1,3,0.04666666666666667
1930,candidate_3,candidate_2,candidate_1,3,0.04666666666666667
1931,candidate_3,candidate_2,candidate_1,3,0.04666666666666667
1932,candidate_3,candidate_2,0,3,0.04666666666666667
1933,candidate_3,candidate_2,candidate_1,3,0.04666666666666667
1934,candidate_3,candidate_2,candidate_1,3,0.04666666666666667
1935,candidate_3,candidate_2,candidate_1,3,0.04666666666666667
1936,candidate_3,candidate_2,candidate_1,3,0.04666666666666667
1937,candidate_3,candidate_2,candidate_1,3,0.04666666666666667
1938,candidate_3,candidate_2,candidate_1,3,0.04666666666666667
1939,candidate_3,candidate_2,candidate_1,3,0.04666666666666667
1940,candidate_3,candidate_2,candidate_1,3,0.04666666666666667
1941,candidate_3,candidate_2,0,3,0.04666666666666667
1942,candidate_3,candidate_2,candidate_1,3,0.04666666666666667
1943,candidate_3,candidate_2,candidate_1,3,0.04666666666666667
1944,candidate_3,candidate_2,candidate_1,3,0.04666666666666667
1945,candidate_3,candidate_2,candidate_1,3,0.04666666666666667
1946,candidate_3,candidate_2,candidate_1,3,0.04666666666666667
1947,candidate_3,candidate_2,candidate_1,3,0.04666666666666667
1948,candidate_3,candidate_2,candidate_1,3,0.04666666666666667
1949,candidate_3,candidate_2,candidate_1,3,0.04666666666666667
1950,candidate_3,candidate_2,candidate_1,3,0.04666666666666667
1951,0,0,candidate_1,3,0.04666666666666667
1952,candidate_3,candidate_2,candidate_1,3,0.04666666666666667
1953,0,candidate_2,candidate_1,3,0.04666666666666667
1954,candidate_3,candidate_2,candidate_1,3,0.04666666666666667
1955,candidate_3,candidate_2,candidate_1,3,0.04666666666666667
1956,candidate_3,candidate_2,candidate_1,3,0.04666666666666667
1957,candidate_3,candidate_2,candidate_1,3,0.04666666666666667
1958,candidate_3,candidate_2,candidate_1,3,0.04666666666666667
1959,candidate_3,candidate_2,candidate_1,3,0.04666666666666667
1960,candidate_3,candidate_2,candidate_1,3,0.04666666666666667
1961,candidate_3,candidate_2,candidate_1,3,0.04666666666666667
1962,candidate_3,candidate_2,candidate_1,3,0.04666666666666667
1963,candidate_3,candidate_2,candidate_1,3,0.04666666666666667
1964,candidate_3,candidate_2,candidate_1,3,0.04666666666666667
1965,candidate_3,candidate_2,candidate_1,3,0.04666666666666667
1966,candidate_3,candidate_2,candidate_1,3,0.04666666666666667
1967,candidate_3,candidate_2,candidate_1,3,0.04666666666666667
1968,candidate_3,candidate_2,candidate_1,3,0.04666666666666667
1969,candidate_3,candidate_2,candidate_1,3,0.04666666666666667
1970,candidate_3,candidate_2,candidate_1,3,0.04666666666666667
1971,candidate_3,candidate_2,candidate_1,3,0.04666666666666667
1972,candidate_3,candidate_2,candidate_1,3,0.04666666666666667
1973,candidate_3,candidate_2,candidate_1,3,0.04666666666666667
1974,candidate_3,candidate_2,candidate_1,3,0.04666666666666667
1975,candidate_3,candidate_2,candidate_1,3,0.04666666666666667
1976,candidate_3,candidate_2,candidate_1,3,0.04666666666666667
1977,candidate_3,candidate_2,candidate_1,3,0.04666666666666667
1978,candidate_3,candidate_2,candidate_1,3,0.04666666666666667
1979,candidate_3,candidate_2,candidate_1,3,0.04666666666666667
1980,candidate_3,candidate_2,candidate_1,3,0.04666666666666667
1981,candidate_3,candidate_2,candidate_1,3,0.04666666666666667
1982,candidate_3,candidate_2,candidate_1,3,0.04666666666666667
1983,candidate_3,candidate_2,candidate_1,3,0.04666666666666667
1984,candidate_3,candidate_2,0,3,0.04666666666666667
1985,candidate_3,candidate_2,candidate_1,3,0.04666666666666667
1986,candidate_3,candidate_2,candidate_1,3,0.04666666666666667
1987,candidate_3,candidate_2,0,3,0.04666666666666667
1988,candidate_3,candidate_2,candidate_1,3,0.04666666666666667
1989,candidate_3,candidate_2,candidate_1,3,0.04666666666666667
1990,candidate_3,0,candidate_1,3,0.04666666666666667
1991,candidate_3,candidate_2,candidate_1,3,0.04666666666666667
1992,candidate_3,candidate_2,candidate_1,3,0.04666666666666667
1993,candidate_3,candidate_2,candidate_1,3,0.04666666666666667
1994,candidate_3,candidate_2,candidate_1,3,0.04666666666666667
1995,candidate_3,candidate_2,candidate_1,3,0.04666666666666667
1996,candidate_3,candidate_2,candidate_1,3,0.04666666666666667
1997,candidate_3,candidate_2,candidate_1,3,0.04666666666666667
1998,candidate_3,candidate_2,candidate_1,3,0.04666666666666667
1999,candidate_3,candidate_2,candidate_1,3,0.04666666666666667
2000,candidate_3,candidate_2,candidate_1,3,0.04666666666666667
2001,candidate_3,candidate_2,candidate_1,3,0.04666666666666667
2002,candidate_3,candidate_2,candidate_1,3,0.04666666666666667
2003,candidate_3,candidate_2,candidate_1,3,0.04666666666666667
2004,candidate_3,candidate_2,candidate_1,3,0.04666666666666667
2005,candidate_3,candidate_2,candidate_1,3,0.04666666666666667
2006,candidate_3,candidate_2,candidate_1,3,0.04666666666666667
2007,candidate_3,candidate_2,candidate_1,3,0.04666666666666667
2008,candidate_3,0,candidate_1,3,0.04666666666666667
2009,candidate_3,candidate_2,candidate_1,3,0.04666666666666667
2010,candidate_3,candidate_2,candidate_1,3,0.04666666666666667
2011,candidate_3,candidate_2,candidate_1,3,0.04666666666666667
2012,candidate_3,candidate_2,candidate_1,3,0.04666666666666667
2013,candidate_3,candidate_2,candidate_1,3,0.04666666666666667
2014,candidate_3,candidate_2,candidate_1,3,0.04666666666666667
2015,candidate_3,candidate_2,candidate_1,3,0.04666666666666667
2016,candidate_3,candidate_2,0,3,0.04666666666666667
2017,candidate_3,candidate_2,candidate_1,3,0.04666666666666667
2018,candidate_3,candidate_2,candidate_1,3,0.04666666666666667
2019,candidate_3,candidate_2,candidate_1,3,0.04666666666666667
2020,candidate_3,candidate_2,candidate_1,3,0.04666666666666667
2021,candidate_3,candidate_2,candidate_1,3,0.04666666666666667
2022,candidate_3,candidate_2,candidate_1,3,0.04666666666666667
2023,candidate_3,candidate_2,candidate_1,3,0.04666666666666667
2024,candidate_3,candidate_2,candidate_1,3,0.04666666666666667
2025,candidate_3,candidate_2,candidate_1,3,0.04666666666666667
2026,candidate_3,candidate_2,candidate_1,3,0.04666666666666667
2027,candidate_3,candidate_2,candidate_1,3,0.04666666666666667
2028,candidate_3,candidate_2,candidate_1,3,0.04666666666666667
2029,candidate_3,candidate_2,candidate_1,3,0.04666666666666667
2030,candidate_3,candidate_2,candidate_1,3,0.04666666666666667
2031,candidate_3,candidate_2,candidate_1,3,0.04666666666666667
2032,candidate_3,candidate_2,candidate_1,3,0.04666666666666667
2033,candidate_3,candidate_2,candidate_1,3,0.04666666666666667
2034,candidate_3,candidate_2,0,3,0.04666666666666667
2035,0,candidate_2,candidate_1,3,0.04666666666666667
2036,candidate_3,candidate_2,candidate_1,3,0.04666666666666667
2037,candidate_3,0,candidate_1,3,0.04666666666666667
2038,0,candidate_2,candidate_1,3,0.04666666666666667
2039,candidate_3,candidate_2,candidate_1,3,0.04666666666666667
2040,candidate_3,candidate_2,0,3,0.04666666666666667
2041,candidate_3,candidate_2,candidate_1,3,0.04666666666666667
2042,candidate_3,0,candidate_1,3,0.04666666666666667
2043,candidate_3,candidate_2,candidate_1,3,0.04666666666666667
2044,candidate_3,candidate_2,candidate_1,3,0.04666666666666667
2045,candidate_3,candidate_2,candidate_1,3,0.04666666666666667
2046,candidate_3,candidate_2,candidate_1,3,0.04666666666666667
2047,candidate_3,candidate_2,candidate_1,3,0.04666666666666667
2048,candidate_3,candidate_2,candidate_1,3,0.04666666666666667
2049,candidate_3,candidate_2,candidate_1,3,0.04666666666666667
2050,0,candidate_2,candidate_1,3,0.04666666666666667
2051,candidate_3,candidate_2,candidate_1,3,0.04666666666666667
2052,0,candidate_2,candidate_1,3,0.04666666666666667
2053,candidate_3,candidate_2,candidate_1,3,0.04666666666666667
2054,candidate_3,candidate_2,candidate_1,3,0.04666666666666667
2055,candidate_3,candidate_2,candidate_1,3,0.04666666666666667
2056,candidate_3,candidate_2,0,3,0.04666666666666667
2057,candidate_3,candidate_2,candidate_1,3,0.04666666666666667
2058,0,candidate_2,candidate_1,3,0.04666666666666667
2059,candidate_3,candidate_2,candidate_1,3,0.04666666666666667
2060,candidate_3,candidate_2,candidate_1,3,0.04666666666666667
2061,candidate_3,candidate_2,candidate_1,3,0.04666666666666667
2062,candidate_3,candidate_2,candidate_1,3,0.04666666666666667
2063,candidate_3,candidate_2,candidate_1,3,0.04666666666666667
2064,candidate_3,candidate_2,candidate_1,3,0.04666666666666667
2065,candidate_3,candidate_2,candidate_1,3,0.04666666666666667
2066,candidate_3,candidate_2,candidate_1,3,0.04666666666666667
2067,candidate_3,candidate_2,candidate_1,3,0.04666666666666667
2068,candidate_3,candidate_2,candidate_1,3,0.04666666666666667
2069,candidate_3,0,0,3,0.04666666666666667
2070,candidate_3,candidate_2,candidate_1,3,0.04666666666666667
2071,candidate_3,candidate_2,candidate_1,3,0.04666666666666667
2072,candidate_3,0,candidate_1,3,0.04666666666666667
2073,candidate_3,candidate_2,0,3,0.04666666666666667
2074,candidate_3,candidate_2,candidate_1,3,0.04666666666666667
2075,candidate_3,candidate_2,candidate_1,3,0.04666666666666667
2076,candidate_3,candidate_2,candidate_1,3,0.04666666666666667
2077,candidate_3,candidate_2,candidate_1,3,0.04666666666666667
2078,candidate_3,candidate_2,candidate_1,3,0.04666666666666667
2079,candidate_3,candidate_2,candidate_1,3,0.04666666666666667
2080,candidate_3,candidate_2,candidate_1,3,0.04666666666666667
2081,candidate_3,candidate_2,candidate_1,3,0.04666666666666667
2082,candidate_3,candidate_2,candidate_1,3,0.04666666666666667
2083,candidate_3,candidate_2,candidate_1,3,0.04666666666666667
2084,candidate_3,candidate_2,candidate_1,3,0.04666666666666667
2085,candidate_3,0,candidate_1,3,0.04666666666666667
2086,0,0,candidate_1,3,0.04666666666666667
2087,candidate_3,candidate_2,candidate_1,3,0.04666666666666667
2088,candidate_3,candidate_2,candidate_1,3,0.04666666666666667
2089,candidate_3,candidate_2,candidate_1,3,0.04666666666666667
2090,candidate_3,candidate_2,candidate_1,3,0.04666666666666667
2091,candidate_3,candidate_2,candidate_1,3,0.04666666666666667
2092,candidate_3,candidate_2,candidate_1,3,0.04666666666666667
2093,candidate_3,candidate_2,candidate_1,3,0.04666666666666667
2094,candidate_3,candidate_2,candidate_1,3,0.04666666666666667
2095,candidate_3,candidate_2,candidate_1,3,0.04666666666666667
2096,candidate_3,candidate_2,candidate_1,3,0.04666666666666667
2097,candidate_3,candidate_2,candidate_1,3,0.04666666666666667
2098,candidate_3,candidate_2,candidate_1,3,0.04666666666666667
2099,candidate_3,candidate_2,candidate_1,3,0.04666666666666667
2100,candidate_3,candidate_2,candidate_1,3,0.04666666666666667
2101,candidate_3,candidate_2,candidate_1,3,0.04666666666666667
2102,candidate_3,candidate_2,candidate_1,3,0.04666666666666667
2103,candidate_3,candidate_2,candidate_1,3,0.04666666666666667
2104,candidate_3,candidate_2,candidate_1,3,0.04666666666666667
2105,candidate_3,candidate_2,candidate_1,3,0.04666666666666667
2106,candidate_3,0,candidate_1,3,0.04666666666666667
2107,candidate_3,candidate_2,candidate_1,3,0.04666666666666667
2108,candidate_3,candidate_2,candidate_1,3,0.04666666666666667
2109,candidate_3,candidate_2,candidate_1,3,0.04666666666666667
2110,candidate_3,candidate_2,candidate_1,3,0.04666666666666667
2111,candidate_3,candidate_2,candidate_1,3,0.04666666666666667
2112,candidate_3,candidate_2,candidate_1,3,0.04666666666666667
2113,candidate_3,candidate_2,candidate_1,3,0.04666666666666667
2114,candidate_3,candidate_2,candidate_1,3,0.04666666666666667
2115,candidate_3,candidate_2,candidate_1,3,0.04666666666666667
2116,candidate_3,candidate_2,candidate_1,3,0.04666666666666667
2117,candidate_3,candidate_2,candidate_1,3,0.04666666666666667
2118,candidate_3,candidate_2,candidate_1,3,0.04666666666666667
2119,candidate_3,candidate_2,candidate_1,3,0.04666666666666667
2120,candidate_3,candidate_2,candidate_1,3,0.04666666666666667
2121,candidate_3,candidate_2,candidate_1,3,0.04666666666666667
2122,candidate_3,candidate_2,candidate_1,3,0.04666666666666667
2123,candidate_3,candidate_2,candidate_1,3,0.04666666666666667
2124,candidate_3,candidate_2,candidate_1,3,0.04666666666666667
2125,candidate_3,candidate_2,candidate_1,3,0.04666666666666667
2126,candidate_3,candidate_2,0,3,0.04666666666666667
2127,candidate_3,candidate_2,candidate_1,3,0.04666666666666667
2128,candidate_3,candidate_2,candidate_1,3,0.04666666666666667
2129,0,candidate_2,candidate_1,3,0.04666666666666667
2130,candidate_3,candidate_2,candidate_1,3,0.04666666666666667
2131,candidate_3,candidate_2,candidate_1,3,0.04666666666666667
2132,candidate_3,candidate_2,candidate_1,3,0.04666666666666667
2133,candidate_3,candidate_2,candidate_1,3,0.04666666666666667
2134,candidate_3,candidate_2,candidate_1,3,0.04666666666666667
2135,candidate_3,candidate_2,candidate_1,3,0.04666666666666667
2136,candidate_3,candidate_2,candidate_1,3,0.04666666666666667
2137,candidate_3,candidate_2,candidate_1,3,0.04666666666666667
2138,candidate_3,candidate_2,candidate_1,3,0.04666666666666667
2139,candidate_3,candidate_2,candidate_1,3,0.04666666666666667
2140,candidate_3,candidate_2,candidate_1,3,0.04666666666666667
2141,candidate_3,candidate_2,candidate_1,3,0.04666666666666667
2142,candidate_3,candidate_2,candidate_1,3,0.04666666666666667
2143,candidate_3,0,candidate_1,3,0.04666666666666667
2144,candidate_3,candidate_2,candidate_1,3,0.04666666666666667
2145,candidate_3,candidate_2,candidate_1,3,0.04666666666666667
2146,candidate_3,candidate_2,candidate_1,3,0.04666666666666667
2147,candidate_3,candidate_2,0,3,0.04666666666666667
2148,candidate_3,candidate_2,candidate_1,3,0.04666666666666667
2149,candidate_3,candidate_2,candidate_1,3,0.04666666666666667
2150,candidate_3,candidate_2,0,3,0.04666666666666667
2151,candidate_3,candidate_2,candidate_1,3,0.04666666666666667
2152,candidate_3,0,0,3,0.04666666666666667
2153,candidate_3,candidate_2,candidate_1,3,0.04666666666666667
2154,candidate_3,candidate_2,candidate_1,3,0.04666666666666667
2155,candidate_3,candidate_2,candidate_1,3,0.04666666666666667
2156,candidate_3,candidate_2,candidate_1,3,0.04666666666666667
2157,candidate_3,candidate_2,candidate_1,3,0.04666666666666667
2158,candidate_3,candidate_2,candidate_1,3,0.04666666666666667
2159,candidate_3,candidate_2,candidate_1,3,0.04666666666666667
2160,candidate_3,candidate_2,candidate_1,3,0.04666666666666667
2161,candidate_3,candidate_2,candidate_1,3,0.04666666666666667
2162,candidate_3,candidate_2,candidate_1,3,0.04666666666666667
2163,candidate_3,0,candidate_1,3,0.04666666666666667
2164,candidate_3,candidate_2,candidate_1,3,0.04666666666666667
2165,candidate_3,candidate_2,candidate_1,3,0.04666666666666667
2166,candidate_3,candidate_2,candidate_1,3,0.04666666666666667
2167,candidate_3,candidate_2,candidate_1,3,0.04666666666666667
2168,candidate_3,candidate_2,candidate_1,3,0.04666666666666667
2169,candidate_3,candidate_2,candidate_1,3,0.04666666666666667
2170,candidate_3,candidate_2,candidate_1,3,0.04666666666666667
2171,candidate_3,candidate_2,candidate_1,3,0.04666666666666667
2172,candidate_3,candidate_2,candidate_1,3,0.04666666666666667
2173,candidate_3,candidate_2,candidate_1,3,0.04666666666666667
2174,candidate_3,candidate_2,candidate_1,3,0.04666666666666667
2175,candidate_3,candidate_2,candidate_1,3,0.04666666666666667
2176,candidate_3,candidate_2,candidate_1,3,0.04666666666666667
2177,candidate_3,candidate_2,candidate_1,3,0.04666666666666667
2178,candidate_3,candidate_2,candidate_1,3,0.04666666666666667
2179,candidate_3,candidate_2,candidate_1,3,0.04666666666666667
2180,candidate_3,candidate_2,candidate_1,3,0.04666666666666667
2181,candidate_3,candidate_2,candidate_1,3,0.04666666666666667
2182,candidate_3,candidate_2,candidate_1,3,0.04666666666666667
2183,candidate_3,candidate_2,candidate_1,3,0.04666666666666667
2184,candidate_3,candidate_2,candidate_1,3,0.04666666666666667
2185,candidate_3,candidate_2,candidate_1,3,0.04666666666666667
2186,candidate_3,candidate_2,candidate_1,3,0.04666666666666667
2187,candidate_3,candidate_2,candidate_1,3,0.04666666666666667
2188,0,candidate_2,candidate_1,3,0.04666666666666667
2189,candidate_3,candidate_2,candidate_1,3,0.04666666666666667
2190,candidate_3,candidate_2,candidate_1,3,0.04666666666666667
2191,candidate_3,candidate_2,candidate_1,3,0.04666666666666667
2192,candidate_3,candidate_2,candidate_1,3,0.04666666666666667
2193,candidate_3,candidate_2,candidate_1,3,0.04666666666666667
2194,candidate_3,candidate_2,candidate_1,3,0.04666666666666667
2195,candidate_3,candidate_2,candidate_1,3,0.04666666666666667
2196,candidate_3,candidate_2,candidate_1,3,0.04666666666666667
2197,candidate_3,candidate_2,candidate_1,3,0.04666666666666667
2198,candidate_3,candidate_2,candidate_1,3,0.04666666666666667
2199,candidate_3,candidate_2,candidate_1,3,0.04666666666666667
2200,candidate_3,candidate_2,candidate_1,3,0.04666666666666667
2201,candidate_3,candidate_2,candidate_1,3,0.04666666666666667
2202,candidate_3,candidate_2,candidate_1,3,0.04666666666666667
2203,candidate_3,candidate_2,candidate_1,3,0.04666666666666667
2204,0,candidate_2,candidate_1,3,0.04666666666666667
2205,candidate_3,candidate_2,candidate_1,3,0.04666666666666667
2206,candidate_3,candidate_2,candidate_1,3,0.04666666666666667
2207,candidate_3,candidate_2,candidate_1,3,0.04666666666666667
2208,candidate_3,candidate_2,candidate_1,3,0.04666666666666667
2209,candidate_3,candidate_2,candidate_1,3,0.04666666666666667
2210,candidate_3,0,candidate_1,3,0.04666666666666667
2211,candidate_3,candidate_2,candidate_1,3,0.04666666666666667
2212,candidate_3,candidate_2,candidate_1,3,0.04666666666666667
2213,candidate_3,candidate_2,candidate_1,3,0.04666666666666667
2214,candidate_3,candidate_2,candidate_1,3,0.04666666666666667
2215,candidate_3,candidate_2,candidate_1,3,0.04666666666666667
2216,candidate_3,candidate_2,candidate_1,3,0.04666666666666667
2217,candidate_3,candidate_2,0,3,0.04666666666666667
2218,candidate_3,candidate_2,candidate_1,3,0.04666666666666667
2219,candidate_3,candidate_2,candidate_1,3,0.04666666666666667
2220,candidate_3,candidate_2,candidate_1,3,0.04666666666666667
2221,candidate_3,candidate_2,candidate_1,3,0.04666666666666667
2222,candidate_3,candidate_2,candidate_1,3,0.04666666666666667
2223,candidate_3,0,candidate_1,3,0.04666666666666667
2224,candidate_3,candidate_2,candidate_1,3,0.04666666666666667
2225,candidate_3,candidate_2,candidate_1,3,0.04666666666666667
2226,candidate_3,candidate_2,candidate_1,3,0.04666666666666667
2227,candidate_3,candidate_2,candidate_1,3,0.04666666666666667
2228,candidate_3,candidate_2,candidate_1,3,0.04666666666666667
2229,candidate_3,candidate_2,candidate_1,3,0.04666666666666667
2230,candidate_3,candidate_2,candidate_1,3,0.04666666666666667
2231,candidate_3,candidate_2,candidate_1,3,0.04666666666666667
2232,candidate_3,candidate_2,candidate_1,3,0.04666666666666667
2233,candidate_3,candidate_2,candidate_1,3,0.04666666666666667
2234,candidate_3,candidate_2,candidate_1,3,0.04666666666666667
2235,candidate_3,candidate_2,candidate_1,3,0.04666666666666667
2236,candidate_3,candidate_2,candidate_1,3,0.04666666666666667
2237,candidate_3,0,candidate_1,3,0.04666666666666667
2238,candidate_3,candidate_2,candidate_1,3,0.04666666666666667
2239,candidate_3,candidate_2,0,3,0.04666666666666667
2240,candidate_3,candidate_2,candidate_1,3,0.04666666666666667
2241,candidate_3,candidate_2,candidate_1,3,0.04666666666666667
2242,candidate_3,0,candidate_1,3,0.04666666666666667
2243,candidate_3,candidate_2,candidate_1,3,0.04666666666666667
2244,candidate_3,candidate_2,candidate_1,3,0.04666666666666667
2245,candidate_3,candidate_2,candidate_1,3,0.04666666666666667
2246,0,candidate_2,0,3,0.04666666666666667
2247,candidate_3,candidate_2,candidate_1,3,0.04666666666666667
2248,candidate_3,candidate_2,candidate_1,3,0.04666666666666667
2249,candidate_3,candidate_2,0,3,0.04666666666666667
2250,candidate_3,candidate_2,0,3,0.04666666666666667
2251,candidate_3,candidate_2,candidate_1,3,0.04666666666666667
2252,candidate_3,candidate_2,candidate_1,3,0.04666666666666667
2253,candidate_3,candidate_2,candidate_1,3,0.04666666666666667
2254,candidate_3,candidate_2,candidate_1,3,0.04666666666666667
2255,candidate_3,candidate_2,candidate_1,3,0.04666666666666667
2256,candidate_3,candidate_2,candidate_1,3,0.04666666666666667
2257,candidate_3,candidate_2,candidate_1,3,0.04666666666666667
2258,candidate_3,0,candidate_1,3,0.04666666666666667
2259,candidate_3,candidate_2,candidate_1,3,0.04666666666666667
2260,candidate_3,candidate_2,candidate_1,3,0.04666666666666667
2261,candidate_3,0,candidate_1,3,0.04666666666666667
2262,candidate_3,candidate_2,candidate_1,3,0.04666666666666667
2263,candidate_3,candidate_2,candidate_1,3,0.04666666666666667
2264,candidate_3,candidate_2,candidate_1,3,0.04666666666666667
2265,candidate_3,candidate_2,candidate_1,3,0.04666666666666667
2266,candidate_3,candidate_2,candidate_1,3,0.04666666666666667
2267,candidate_3,candidate_2,candidate_1,3,0.04666666666666667
2268,candidate_3,candidate_2,candidate_1,3,0.04666666666666667
2269,candidate_3,candidate_2,candidate_1,3,0.04666666666666667
2270,candidate_3,candidate_2,candidate_1,3,0.04666666666666667
2271,candidate_3,candidate_2,0,3,0.04666666666666667
2272,candidate_3,candidate_2,candidate_1,3,0.04666666666666667
2273,candidate_3,candidate_2,candidate_1,3,0.04666666666666667
2274,candidate_3,candidate_2,candidate_1,3,0.04666666666666667
2275,candidate_3,candidate_2,candidate_1,3,0.04666666666666667
2276,candidate_3,candidate_2,candidate_1,3,0.04666666666666667
2277,candidate_3,candidate_2,candidate_1,3,0.04666666666666667
2278,candidate_3,candidate_2,candidate_1,3,0.04666666666666667
2279,candidate_3,candidate_2,candidate_1,3,0.04666666666666667
2280,candidate_3,candidate_2,candidate_1,3,0.04666666666666667
2281,candidate_3,candidate_2,candidate_1,3,0.04666666666666667
2282,candidate_3,candidate_2,candidate_1,3,0.04666666666666667
2283,candidate_3,candidate_2,0,3,0.04666666666666667
2284,candidate_3,candidate_2,candidate_1,3,0.04666666666666667
2285,candidate_3,candidate_2,candidate_1,3,0.04666666666666667
2286,candidate_3,candidate_2,candidate_1,3,0.04666666666666667
2287,candidate_3,candidate_2,candidate_1,3,0.04666666666666667
2288,candidate_3,0,0,3,0.04666666666666667
2289,candidate_3,candidate_2,candidate_1,3,0.04666666666666667
2290,candidate_3,candidate_2,candidate_1,3,0.04666666666666667
2291,candidate_3,candidate_2,candidate_1,3,0.04666666666666667
2292,candidate_3,candidate_2,candidate_1,3,0.04666666666666667
2293,candidate_3,candidate_2,candidate_1,3,0.04666666666666667
2294,candidate_3,candidate_2,candidate_1,3,0.04666666666666667
2295,candidate_3,candidate_2,candidate_1,3,0.04666666666666667
2296,candidate_3,0,candidate_1,3,0.04666666666666667
2297,candidate_3,candidate_2,0,3,0.04666666666666667
2298,candidate_3,candidate_2,0,3,0.04666666666666667
2299,candidate_3,candidate_2,candidate_1,3,0.04666666666666667
2300,candidate_3,candidate_2,candidate_1,3,0.04666666666666667
2301,0,candidate_2,candidate_1,3,0.04666666666666667
2302,candidate_3,candidate_2,candidate_1,3,0.04666666666666667
2303,candidate_3,candidate_2,candidate_1,3,0.04666666666666667
2304,candidate_3,candidate_2,0,3,0.04666666666666667
2305,candidate_3,candidate_2,candidate_1,3,0.04666666666666667
2306,candidate_3,candidate_2,candidate_1,3,0.04666666666666667
2307,candidate_3,candidate_2,candidate_1,3,0.04666666666666667
2308,candidate_3,candidate_2,candidate_1,3,0.04666666666666667
2309,candidate_3,candidate_2,candidate_1,3,0.04666666666666667
2310,candidate_3,candidate_2,0,3,0.04666666666666667
2311,candidate_3,candidate_2,candidate_1,3,0.04666666666666667
2312,candidate_3,candidate_2,candidate_1,3,0.04666666666666667
2313,candidate_3,candidate_2,candidate_1,3,0.04666666666666667
2314,candidate_3,candidate_2,candidate_1,3,0.04666666666666667
2315,candidate_3,candidate_2,candidate_1,3,0.04666666666666667
2316,candidate_3,candidate_2,candidate_1,3,0.04666666666666667
2317,candidate_3,candidate_2,candidate_1,3,0.04666666666666667
2318,candidate_3,candidate_2,candidate_1,3,0.04666666666666667
2319,candidate_3,candidate_2,candidate_1,3,0.04666666666666667
2320,candidate_3,candidate_2,candidate_1,3,0.04666666666666667
2321,candidate_3,candidate_2,candidate_1,3,0.04666666666666667
2322,candidate_3,candidate_2,candidate_1,3,0.04666666666666667
2323,candidate_3,candidate_2,candidate_1,3,0.04666666666666667
2324,candidate_3,0,candidate_1,3,0.04666666666666667
2325,candidate_3,candidate_2,candidate_1,3,0.04666666666666667
2326,candidate_3,0,candidate_1,3,0.04666666666666667
2327,candidate_3,candidate_2,candidate_1,3,0.04666666666666667
2328,candidate_3,candidate_2,candidate_1,3,0.04666666666666667
2329,candidate_3,candidate_2,candidate_1,3,0.04666666666666667
2330,candidate_3,candidate_2,candidate_1,3,0.04666666666666667
2331,candidate_3,candidate_2,candidate_1,3,0.04666666666666667
2332,candidate_3,candidate_2,candidate_1,3,0.04666666666666667
2333,candidate_3,0,candidate_1,3,0.04666666666666667
2334,candidate_3,candidate_2,candidate_1,3,0.04666666666666667
2335,candidate_3,candidate_2,candidate_1,3,0.04666666666666667
2336,candidate_3,candidate_2,candidate_1,3,0.04666666666666667
2337,candidate_3,candidate_2,candidate_1,3,0.04666666666666667
2338,candidate_3,candidate_2,candidate_1,3,0.04666666666666667
2339,candidate_3,candidate_2,candidate_1,3,0.04666666666666667
2340,candidate_3,candidate_2,candidate_1,3,0.04666666666666667
2341,candidate_3,candidate_2,candidate_1,3,0.04666666666666667
2342,candidate_3,candidate_2,candidate_1,3,0.04666666666666667
2343,candidate_3,candidate_2,candidate_1,3,0.04666666666666667
2344,candidate_3,candidate_2,candidate_1,3,0.04666666666666667
2345,candidate_3,candidate_2,candidate_1,3,0.04666666666666667
2346,candidate_3,candidate_2,candidate_1,3,0.04666666666666667
2347,candidate_3,candidate_2,candidate_1,3,0.04666666666666667
2348,candidate_3,candidate_2,candidate_1,3,0.04666666666666667
2349,candidate_3,0,candidate_1,3,0.04666666666666667
2350,candidate_3,candidate_2,candidate_1,3,0.04666666666666667
2351,candidate_3,candidate_2,candidate_1,3,0.04666666666666667
2352,candidate_3,candidate_2,candidate_1,3,0.04666666666666667
2353,candidate_3,candidate_2,candidate_1,3,0.04666666666666667
2354,candidate_3,candidate_2,candidate_1,3,0.04666666666666667
2355,candidate_3,candidate_2,candidate_1,3,0.04666666666666667
2356,candidate_3,candidate_2,candidate_1,3,0.04666666666666667
2357,candidate_3,candidate_2,candidate_1,3,0.04666666666666667
2358,candidate_3,candidate_2,candidate_1,3,0.04666666666666667
2359,candidate_3,0,candidate_1,3,0.04666666666666667
2360,candidate_3,candidate_2,candidate_1,3,0.04666666666666667
2361,candidate_3,candidate_2,candidate_1,3,0.04666666666666667
2362,candidate_3,candidate_2,candidate_1,3,0.04666666666666667
2363,candidate_3,candidate_2,candidate_1,3,0.04666666666666667
2364,candidate_3,candidate_2,candidate_1,3,0.04666666666666667
2365,candidate_3,candidate_2,candidate_1,3,0.04666666666666667
2366,candidate_3,candidate_2,candidate_1,3,0.04666666666666667
2367,candidate_3,candidate_2,candidate_1,3,0.04666666666666667
2368,candidate_3,candidate_2,candidate_1,3,0.04666666666666667
2369,candidate_3,candidate_2,candidate_1,3,0.04666666666666667
2370,candidate_3,candidate_2,candidate_1,3,0.04666666666666667
2371,candidate_3,candidate_2,candidate_1,3,0.04666666666666667
2372,candidate_3,candidate_2,candidate_1,3,0.04666666666666667
2373,candidate_3,candidate_2,0,3,0.04666666666666667
2374,candidate_3,candidate_2,candidate_1,3,0.04666666666666667
2375,candidate_3,candidate_2,candidate_1,3,0.04666666666666667
2376,candidate_3,candidate_2,candidate_1,3,0.04666666666666667
2377,candidate_3,candidate_2,candidate_1,3,0.04666666666666667
2378,candidate_3,candidate_2,candidate_1,3,0.04666666666666667
2379,candidate_3,candidate_2,candidate_1,3,0.04666666666666667
2380,candidate_3,candidate_2,candidate_1,3,0.04666666666666667
2381,candidate_3,candidate_2,candidate_1,3,0.04666666666666667
2382,candidate_3,candidate_2,candidate_1,3,0.04666666666666667
2383,candidate_3,0,candidate_1,3,0.04666666666666667
2384,candidate_3,candidate_2,candidate_1,3,0.04666666666666667
2385,candidate_3,candidate_2,candidate_1,3,0.04666666666666667
2386,candidate_3,candidate_2,candidate_1,3,0.04666666666666667
2387,0,candidate_2,candidate_1,3,0.04666666666666667
2388,candidate_3,candidate_2,candidate_1,3,0.04666666666666667
2389,candidate_3,candidate_2,0,3,0.04666666666666667
2390,candidate_3,candidate_2,candidate_1,3,0.04666666666666667
2391,candidate_3,candidate_2,candidate_1,3,0.04666666666666667
2392,candidate_3,candidate_2,candidate_1,3,0.04666666666666667
2393,candidate_3,0,candidate_1,3,0.04666666666666667
2394,candidate_3,candidate_2,candidate_1,3,0.04666666666666667
2395,candidate_3,candidate_2,candidate_1,3,0.04666666666666667
2396,candidate_3,candidate_2,candidate_1,3,0.04666666666666667
2397,candidate_3,candidate_2,candidate_1,3,0.04666666666666667
2398,candidate_3,candidate_2,candidate_1,3,0.04666666666666667
2399,candidate_3,candidate_2,candidate_1,3,0.04666666666666667
2400,candidate_3,candidate_2,candidate_1,3,0.04666666666666667
2401,0,candidate_2,candidate_1,3,0.04666666666666667
2402,candidate_3,candidate_2,candidate_1,3,0.04666666666666667
2403,candidate_3,candidate_2,candidate_1,3,0.04666666666666667
2404,candidate_3,candidate_2,candidate_1,3,0.04666666666666667
2405,candidate_3,candidate_2,candidate_1,3,0.04666666666666667
2406,candidate_3,candidate_2,candidate_1,3,0.04666666666666667
2407,candidate_3,candidate_2,candidate_1,3,0.04666666666666667
2408,candidate_3,candidate_2,candidate_1,3,0.04666666666666667
2409,candidate_3,candidate_2,candidate_1,3,0.04666666666666667
2410,candidate_3,candidate_2,candidate_1,3,0.04666666666666667
2411,candidate_3,candidate_2,candidate_1,3,0.04666666666666667
2412,candidate_3,candidate_2,candidate_1,3,0.04666666666666667
2413,candidate_3,candidate_2,candidate_1,3,0.04666666666666667
2414,candidate_3,candidate_2,candidate_1,3,0.04666666666666667
2415,candidate_3,candidate_2,candidate_1,3,0.04666666666666667
2416,0,candidate_2,candidate_1,3,0.04666666666666667
2417,candidate_3,candidate_2,candidate_1,3,0.04666666666666667
2418,candidate_3,candidate_2,candidate_1,3,0.04666666666666667
2419,candidate_3,candidate_2,candidate_1,3,0.04666666666666667
2420,candidate_3,candidate_2,candidate_1,3,0.04666666666666667
2421,0,candidate_2,candidate_1,3,0.04666666666666667
2422,candidate_3,candidate_2,candidate_1,3,0.04666666666666667
2423,candidate_3,candidate_2,candidate_1,3,0.04666666666666667
2424,candidate_3,candidate_2,candidate_1,3,0.04666666666666667
2425,candidate_3,candidate_2,candidate_1,3,0.04666666666666667
2426,candidate_3,candidate_2,candidate_1,3,0.04666666666666667
2427,candidate_3,candidate_2,candidate_1,3,0.04666666666666667
2428,candidate_3,candidate_2,candidate_1,3,0.04666666666666667
2429,candidate_3,candidate_2,candidate_1,3,0.04666666666666667
2430,candidate_3,candidate_2,candidate_1,3,0.04666666666666667
2431,candidate_3,candidate_2,candidate_1,3,0.04666666666666667
2432,candidate_3,candidate_2,candidate_1,3,0.04666666666666667
2433,candidate_3,candidate_2,candidate_1,3,0.04666666666666667
2434,candidate_3,candidate_2,candidate_1,3,0.04666666666666667
2435,candidate_3,candidate_2,candidate_1,3,0.04666666666666667
2436,candidate_3,candidate_2,candidate_1,3,0.04666666666666667
2437,candidate_3,candidate_2,candidate_1,3,0.04666666666666667
2438,candidate_3,candidate_2,candidate_1,3,0.04666666666666667
2439,candidate_3,candidate_2,candidate_1,3,0.04666666666666667
2440,candidate_3,candidate_2,candidate_1,3,0.04666666666666667
2441,candidate_3,candidate_2,candidate_1,3,0.04666666666666667
2442,candidate_3,candidate_2,candidate_1,3,0.04666666666666667
2443,candidate_3,candidate_2,candidate_1,3,0.04666666666666667
2444,candidate_3,candidate_2,candidate_1,3,0.04666666666666667
2445,candidate_3,candidate_2,candidate_1,3,0.04666666666666667
2446,candidate_3,candidate_2,candidate_1,3,0.04666666666666667
2447,candidate_3,candidate_2,candidate_1,3,0.04666666666666667
2448,candidate_3,candidate_2,candidate_1,3,0.04666666666666667
2449,candidate_3,candidate_2,candidate_1,3,0.04666666666666667
2450,candidate_3,candidate_2,candidate_1,3,0.04666666666666667
2451,candidate_3,candidate_2,candidate_1,3,0.04666666666666667
2452,candidate_3,candidate_2,0,3,0.04666666666666667
2453,candidate_3,candidate_2,candidate_1,3,0.04666666666666667
2454,candidate_3,candidate_2,candidate_1,3,0.04666666666666667
2455,candidate_3,candidate_2,candidate_1,3,0.04666666666666667
2456,candidate_3,candidate_2,candidate_1,3,0.04666666666666667
2457,candidate_3,candidate_2,candidate_1,3,0.04666666666666667
2458,candidate_3,candidate_2,candidate_1,3,0.04666666666666667
2459,candidate_3,candidate_2,candidate_1,3,0.04666666666666667
2460,candidate_3,candidate_2,candidate_1,3,0.04666666666666667
2461,candidate_3,candidate_2,candidate_1,3,0.04666666666666667
2462,candidate_3,candidate_2,candidate_1,3,0.04666666666666667
2463,candidate_3,candidate_2,candidate_1,3,0.04666666666666667
2464,candidate_3,candidate_2,candidate_1,3,0.04666666666666667
2465,candidate_3,candidate_2,0,3,0.04666666666666667
2466,candidate_3,candidate_2,candidate_1,3,0.04666666666666667
2467,candidate_3,candidate_2,candidate_1,3,0.04666666666666667
2468,candidate_3,candidate_2,candidate_1,3,0.04666666666666667
2469,candidate_3,candidate_2,candidate_1,3,0.04666666666666667
2470,candidate_3,candidate_2,candidate_1,3,0.04666666666666667
2471,candidate_3,candidate_2,candidate_1,3,0.04666666666666667
2472,candidate_3,candidate_2,candidate_1,3,0.04666666666666667
2473,candidate_3,candidate_2,candidate_1,3,0.04666666666666667
2474,candidate_3,candidate_2,candidate_1,3,0.04666666666666667
2475,candidate_3,candidate_2,candidate_1,3,0.04666666666666667
2476,0,candidate_2,candidate_1,3,0.04666666666666667
2477,candidate_3,candidate_2,candidate_1,3,0.04666666666666667
2478,candidate_3,candidate_2,candidate_1,3,0.04666666666666667
2479,candidate_3,candidate_2,candidate_1,3,0.04666666666666667
2480,candidate_3,candidate_2,candidate_1,3,0.04666666666666667
2481,candidate_3,candidate_2,candidate_1,3,0.04666666666666667
2482,candidate_3,candidate_2,candidate_1,3,0.04666666666666667
2483,candidate_3,candidate_2,candidate_1,3,0.04666666666666667
2484,candidate_3,candidate_2,candidate_1,3,0.04666666666666667
2485,candidate_3,candidate_2,candidate_1,3,0.04666666666666667
2486,0,candidate_2,candidate_1,3,0.04666666666666667
2487,candidate_3,candidate_2,candidate_1,3,0.04666666666666667
2488,candidate_3,candidate_2,candidate_1,3,0.04666666666666667
2489,candidate_3,candidate_2,candidate_1,3,0.04666666666666667
2490,candidate_3,candidate_2,candidate_1,3,0.04666666666666667
2491,candidate_3,candidate_2,candidate_1,3,0.04666666666666667
2492,candidate_3,0,candidate_1,3,0.04666666666666667
2493,candidate_3,candidate_2,candidate_1,3,0.04666666666666667
2494,candidate_3,candidate_2,candidate_1,3,0.04666666666666667
2495,candidate_3,candidate_2,candidate_1,3,0.04666666666666667
2496,candidate_3,candidate_2,candidate_1,3,0.04666666666666667
2497,candidate_3,candidate_2,candidate_1,3,0.04666666666666667
2498,candidate_3,candidate_2,candidate_1,3,0.04666666666666667
2499,candidate_3,candidate_2,candidate_1,3,0.04666666666666667
2500,candidate_3,candidate_2,candidate_1,3,0.04666666666666667
2501,candidate_3,candidate_2,0,3,0.04666666666666667
2502,candidate_3,0,candidate_1,3,0.04666666666666667
2503,candidate_3,candidate_2,candidate_1,3,0.04666666666666667
2504,candidate_3,candidate_2,candidate_1,3,0.04666666666666667
2505,candidate_3,candidate_2,candidate_1,3,0.04666666666666667
2506,candidate_3,candidate_2,candidate_1,3,0.04666666666666667
2507,candidate_3,candidate_2,candidate_1,3,0.04666666666666667
2508,candidate_3,candidate_2,candidate_1,3,0.04666666666666667
2509,candidate_3,candidate_2,candidate_1,3,0.04666666666666667
2510,candidate_3,candidate_2,candidate_1,3,0.04666666666666667
2511,candidate_3,candidate_2,candidate_1,3,0.04666666666666667
2512,candidate_3,candidate_2,candidate_1,3,0.04666666666666667
2513,candidate_3,candidate_2,candidate_1,3,0.04666666666666667
2514,candidate_3,candidate_2,candidate_1,3,0.04666666666666667
2515,candidate_3,candidate_2,candidate_1,3,0.04666666666666667
2516,candidate_3,0,candidate_1,3,0.04666666666666667
2517,candidate_3,candidate_2,candidate_1,3,0.04666666666666667
2518,candidate_3,candidate_2,candidate_1,3,0.04666666666666667
2519,candidate_3,candidate_2,candidate_1,3,0.04666666666666667
2520,candidate_3,candidate_2,candidate_1,3,0.04666666666666667
2521,candidate_3,candidate_2,candidate_1,3,0.04666666666666667
2522,candidate_3,candidate_2,candidate_1,3,0.04666666666666667
2523,candidate_3,candidate_2,candidate_1,3,0.04666666666666667
2524,candidate_3,candidate_2,candidate_1,3,0.04666666666666667
2525,candidate_3,candidate_2,candidate_1,3,0.04666666666666667
2526,candidate_3,candidate_2,candidate_1,3,0.04666666666666667
2527,candidate_3,candidate_2,candidate_1,3,0.04666666666666667
2528,candidate_3,0,candidate_1,3,0.04666666666666667
2529,candidate_3,candidate_2,candidate_1,3,0.04666666666666667
2530,candidate_3,candidate_2,candidate_1,3,0.04666666666666667
2531,candidate_3,candidate_2,candidate_1,3,0.04666666666666667
2532,candidate_3,candidate_2,candidate_1,3,0.04666666666666667
2533,candidate_3,candidate_2,candidate_1,3,0.04666666666666667
2534,candidate_3,candidate_2,candidate_1,3,0.04666666666666667
2535,candidate_3,candidate_2,candidate_1,3,0.04666666666666667
2536,candidate_3,candidate_2,candidate_1,3,0.04666666666666667
2537,candidate_3,candidate_2,candidate_1,3,0.04666666666666667
2538,candidate_3,candidate_2,candidate_1,3,0.04666666666666667
2539,candidate_3,candidate_2,candidate_1,3,0.04666666666666667
2540,0,candidate_2,candidate_1,3,0.04666666666666667
2541,candidate_3,0,candidate_1,3,0.04666666666666667
2542,candidate_3,candidate_2,candidate_1,3,0.04666666666666667
2543,candidate_3,candidate_2,candidate_1,3,0.04666666666666667
2544,candidate_3,candidate_2,candidate_1,3,0.04666666666666667
2545,candidate_3,candidate_2,candidate_1,3,0.04666666666666667
2546,candidate_3,candidate_2,candidate_1,3,0.04666666666666667
2547,candidate_3,candidate_2,candidate_1,3,0.04666666666666667
2548,candidate_3,candidate_2,candidate_1,3,0.04666666666666667
2549,candidate_3,0,candidate_1,3,0.04666666666666667
2550,candidate_3,candidate_2,0,3,0.04666666666666667
2551,candidate_3,candidate_2,candidate_1,3,0.04666666666666667
2552,candidate_3,candidate_2,candidate_1,3,0.04666666666666667
2553,candidate_3,0,candidate_1,3,0.04666666666666667
2554,candidate_3,candidate_2,candidate_1,3,0.04666666666666667
2555,candidate_3,candidate_2,candidate_1,3,0.04666666666666667
2556,candidate_3,candidate_2,candidate_1,3,0.04666666666666667
2557,candidate_3,candidate_2,candidate_1,3,0.04666666666666667
2558,candidate_3,candidate_2,candidate_1,3,0.04666666666666667
2559,candidate_3,candidate_2,candidate_1,3,0.04666666666666667
2560,candidate_3,candidate_2,candidate_1,3,0.04666666666666667
2561,candidate_3,candidate_2,candidate_1,3,0.04666666666666667
2562,candidate_3,candidate_2,candidate_1,3,0.04666666666666667
2563,candidate_3,candidate_2,candidate_1,3,0.04666666666666667
2564,candidate_3,candidate_2,candidate_1,3,0.04666666666666667
2565,candidate_3,candidate_2,candidate_1,3,0.04666666666666667
2566,candidate_3,candidate_2,candidate_1,3,0.04666666666666667
2567,candidate_3,candidate_2,candidate_1,3,0.04666666666666667
2568,candidate_3,candidate_2,candidate_1,3,0.04666666666666667
2569,candidate_3,candidate_2,candidate_1,3,0.04666666666666667
2570,0,candidate_2,candidate_1,3,0.04666666666666667
2571,candidate_3,0,0,3,0.04666666666666667
2572,candidate_3,candidate_2,candidate_1,3,0.04666666666666667
2573,candidate_3,candidate_2,candidate_1,3,0.04666666666666667
2574,candidate_3,candidate_2,candidate_1,3,0.04666666666666667
2575,candidate_3,candidate_2,candidate_1,3,0.04666666666666667
2576,candidate_3,candidate_2,candidate_1,3,0.04666666666666667
2577,candidate_3,candidate_2,candidate_1,3,0.04666666666666667
2578,candidate_3,candidate_2,candidate_1,3,0.04666666666666667
2579,candidate_3,candidate_2,0,3,0.04666666666666667
2580,candidate_3,candidate_2,0,3,0.04666666666666667
2581,candidate_3,0,candidate_1,3,0.04666666666666667
2582,candidate_3,candidate_2,candidate_1,3,0.04666666666666667
2583,candidate_3,candidate_2,candidate_1,3,0.04666666666666667
2584,candidate_3,candidate_2,candidate_1,3,0.04666666666666667
2585,candidate_3,candidate_2,candidate_1,3,0.04666666666666667
2586,candidate_3,candidate_2,candidate_1,3,0.04666666666666667
2587,candidate_3,candidate_2,candidate_1,3,0.04666666666666667
2588,candidate_3,candidate_2,candidate_1,3,0.04666666666666667
2589,candidate_3,candidate_2,candidate_1,3,0.04666666666666667
2590,candidate_3,candidate_2,candidate_1,3,0.04666666666666667
2591,candidate_3,candidate_2,candidate_1,3,0.04666666666666667
2592,candidate_3,candidate_2,candidate_1,3,0.04666666666666667
2593,0,candidate_2,candidate_1,3,0.04666666666666667
2594,candidate_3,candidate_2,candidate_1,3,0.04666666666666667
2595,candidate_3,candidate_2,candidate_1,3,0.04666666666666667
2596,candidate_3,candidate_2,candidate_1,3,0.04666666666666667
2597,candidate_3,candidate_2,candidate_1,3,0.04666666666666667
2598,candidate_3,candidate_2,candidate_1,3,0.04666666666666667
2599,candidate_3,candidate_2,candidate_1,3,0.04666666666666667
2600,candidate_3,candidate_2,candidate_1,3,0.04666666666666667
2601,candidate_3,candidate_2,0,3,0.04666666666666667
2602,candidate_3,candidate_2,candidate_1,3,0.04666666666666667
2603,candidate_3,candidate_2,candidate_1,3,0.04666666666666667
2604,candidate_3,candidate_2,candidate_1,3,0.04666666666666667
2605,candidate_3,candidate_2,candidate_1,3,0.04666666666666667
2606,candidate_3,candidate_2,candidate_1,3,0.04666666666666667
2607,candidate_3,candidate_2,candidate_1,3,0.04666666666666667
2608,candidate_3,candidate_2,candidate_1,3,0.04666666666666667
2609,candidate_3,candidate_2,candidate_1,3,0.04666666666666667
2610,candidate_3,candidate_2,candidate_1,3,0.04666666666666667
2611,candidate_3,candidate_2,candidate_1,3,0.04666666666666667
2612,candidate_3,candidate_2,candidate_1,3,0.04666666666666667
2613,candidate_3,candidate_2,candidate_1,3,0.04666666666666667
2614,candidate_3,candidate_2,candidate_1,3,0.04666666666666667
2615,candidate_3,candidate_2,candidate_1,3,0.04666666666666667
2616,candidate_3,candidate_2,candidate_1,3,0.04666666666666667
2617,candidate_3,candidate_2,candidate_1,3,0.04666666666666667
2618,candidate_3,candidate_2,candidate_1,3,0.04666666666666667
2619,candidate_3,candidate_2,candidate_1,3,0.04666666666666667
2620,candidate_3,candidate_2,candidate_1,3,0.04666666666666667
2621,candidate_3,candidate_2,candidate_1,3,0.04666666666666667
2622,0,candidate_2,candidate_1,3,0.04666666666666667
2623,candidate_3,candidate_2,candidate_1,3,0.04666666666666667
2624,candidate_3,candidate_2,candidate_1,3,0.04666666666666667
2625,candidate_3,candidate_2,candidate_1,3,0.04666666666666667
2626,candidate_3,candidate_2,candidate_1,3,0.04666666666666667
2627,candidate_3,candidate_2,candidate_1,3,0.04666666666666667
2628,candidate_3,candidate_2,candidate_1,3,0.04666666666666667
2629,0,candidate_2,candidate_1,3,0.04666666666666667
2630,candidate_3,candidate_2,candidate_1,3,0.04666666666666667
2631,candidate_3,candidate_2,candidate_1,3,0.04666666666666667
2632,candidate_3,candidate_2,candidate_1,3,0.04666666666666667
2633,candidate_3,candidate_2,candidate_1,3,0.04666666666666667
2634,candidate_3,candidate_2,candidate_1,3,0.04666666666666667
2635,candidate_3,candidate_2,candidate_1,3,0.04666666666666667
2636,candidate_3,candidate_2,candidate_1,3,0.04666666666666667
2637,candidate_3,0,candidate_1,3,0.04666666666666667
2638,candidate_3,candidate_2,candidate_1,3,0.04666666666666667
2639,candidate_3,candidate_2,candidate_1,3,0.04666666666666667
2640,candidate_3,candidate_2,candidate_1,3,0.04666666666666667
2641,candidate_3,candidate_2,candidate_1,3,0.04666666666666667
2642,candidate_3,candidate_2,candidate_1,3,0.04666666666666667
2643,candidate_3,candidate_2,0,3,0.04666666666666667
2644,candidate_3,0,candidate_1,3,0.04666666666666667
2645,candidate_3,candidate_2,candidate_1,3,0.04666666666666667
2646,candidate_3,candidate_2,candidate_1,3,0.04666666666666667
2647,0,candidate_2,candidate_1,3,0.04666666666666667
2648,candidate_3,candidate_2,candidate_1,3,0.04666666666666667
2649,candidate_3,candidate_2,candidate_1,3,0.04666666666666667
2650,candidate_3,candidate_2,candidate_1,3,0.04666666666666667
2651,0,candidate_2,candidate_1,3,0.04666666666666667
2652,candidate_3,candidate_2,candidate_1,3,0.04666666666666667
2653,candidate_3,candidate_2,candidate_1,3,0.04666666666666667
2654,candidate_3,candidate_2,candidate_1,3,0.04666666666666667
2655,candidate_3,candidate_2,candidate_1,3,0.04666666666666667
2656,candidate_3,candidate_2,candidate_1,3,0.04666666666666667
2657,candidate_3,candidate_2,candidate_1,3,0.04666666666666667
2658,candidate_3,candidate_2,candidate_1,3,0.04666666666666667
2659,candidate_3,candidate_2,candidate_1,3,0.04666666666666667
2660,candidate_3,candidate_2,candidate_1,3,0.04666666666666667
2661,candidate_3,candidate_2,candidate_1,3,0.04666666666666667
2662,candidate_3,candidate_2,candidate_1,3,0.04666666666666667
2663,candidate_3,candidate_2,candidate_1,3,0.04666666666666667
2664,candidate_3,candidate_2,candidate_1,3,0.04666666666666667
2665,candidate_3,candidate_2,0,3,0.04666666666666667
2666,candidate_3,candidate_2,candidate_1,3,0.04666666666666667
2667,candidate_3,candidate_2,candidate_1,3,0.04666666666666667
2668,candidate_3,candidate_2,candidate_1,3,0.04666666666666667
2669,candidate_3,candidate_2,candidate_1,3,0.04666666666666667
2670,candidate_3,candidate_2,candidate_1,3,0.04666666666666667
2671,candidate_3,candidate_2,candidate_1,3,0.04666666666666667
2672,candidate_3,candidate_2,candidate_1,3,0.04666666666666667
2673,candidate_3,0,0,3,0.04666666666666667
2674,candidate_3,candidate_2,candidate_1,3,0.04666666666666667
2675,candidate_3,candidate_2,candidate_1,3,0.04666666666666667
2676,candidate_3,candidate_2,candidate_1,3,0.04666666666666667
2677,candidate_3,candidate_2,candidate_1,3,0.04666666666666667
2678,candidate_3,candidate_2,candidate_1,3,0.04666666666666667
2679,candidate_3,candidate_2,candidate_1,3,0.04666666666666667
2680,candidate_3,candidate_2,candidate_1,3,0.04666666666666667
2681,candidate_3,candidate_2,candidate_1,3,0.04666666666666667
2682,candidate_3,candidate_2,candidate_1,3,0.04666666666666667
2683,candidate_3,candidate_2,candidate_1,3,0.04666666666666667
2684,candidate_3,candidate_2,candidate_1,3,0.04666666666666667
2685,candidate_3,candidate_2,candidate_1,3,0.04666666666666667
2686,candidate_3,candidate_2,candidate_1,3,0.04666666666666667
2687,candidate_3,candidate_2,candidate_1,3,0.04666666666666667
2688,candidate_3,candidate_2,candidate_1,3,0.04666666666666667
2689,candidate_3,candidate_2,candidate_1,3,0.04666666666666667
2690,0,candidate_2,candidate_1,3,0.04666666666666667
2691,candidate_3,candidate_2,candidate_1,3,0.04666666666666667
2692,candidate_3,candidate_2,candidate_1,3,0.04666666666666667
2693,candidate_3,candidate_2,0,3,0.04666666666666667
2694,candidate_3,candidate_2,candidate_1,3,0.04666666666666667
2695,candidate_3,candidate_2,candidate_1,3,0.04666666666666667
2696,candidate_3,candidate_2,candidate_1,3,0.04666666666666667
2697,candidate_3,candidate_2,candidate_1,3,0.04666666666666667
2698,candidate_3,candidate_2,candidate_1,3,0.04666666666666667
2699,candidate_3,candidate_2,candidate_1,3,0.04666666666666667
2700,candidate_3,candidate_2,candidate_1,3,0.04666666666666667
2701,0,candidate_2,candidate_1,3,0.04666666666666667
2702,candidate_3,candidate_2,candidate_1,3,0.04666666666666667
2703,candidate_3,candidate_2,candidate_1,3,0.04666666666666667
2704,candidate_3,candidate_2,candidate_1,3,0.04666666666666667
2705,candidate_3,candidate_2,candidate_1,3,0.04666666666666667
2706,candidate_3,candidate_2,candidate_1,3,0.04666666666666667
2707,candidate_3,candidate_2,candidate_1,3,0.04666666666666667
2708,candidate_3,candidate_2,candidate_1,3,0.04666666666666667
2709,candidate_3,candidate_2,candidate_1,3,0.04666666666666667
2710,candidate_3,candidate_2,candidate_1,3,0.04666666666666667
2711,candidate_3,candidate_2,candidate_1,3,0.04666666666666667
2712,candidate_3,candidate_2,candidate_1,3,0.04666666666666667
2713,candidate_3,candidate_2,candidate_1,3,0.04666666666666667
2714,candidate_3,candidate_2,candidate_1,3,0.04666666666666667
2715,candidate_3,candidate_2,candidate_1,3,0.04666666666666667
2716,candidate_3,candidate_2,candidate_1,3,0.04666666666666667
2717,candidate_3,candidate_2,candidate_1,3,0.04666666666666667
2718,candidate_3,candidate_2,candidate_1,3,0.04666666666666667
2719,candidate_3,candidate_2,candidate_1,3,0.04666666666666667
2720,candidate_3,candidate_2,candidate_1,3,0.04666666666666667
2721,candidate_3,candidate_2,candidate_1,3,0.04666666666666667
2722,candidate_3,candidate_2,candidate_1,3,0.04666666666666667
2723,candidate_3,candidate_2,candidate_1,3,0.04666666666666667
2724,candidate_3,candidate_2,candidate_1,3,0.04666666666666667
2725,candidate_3,candidate_2,candidate_1,3,0.04666666666666667
2726,0,candidate_2,candidate_1,3,0.04666666666666667
2727,candidate_3,candidate_2,candidate_1,3,0.04666666666666667
2728,candidate_3,candidate_2,candidate_1,3,0.04666666666666667
2729,candidate_3,candidate_2,candidate_1,3,0.04666666666666667
2730,candidate_3,0,candidate_1,3,0.04666666666666667
2731,candidate_3,candidate_2,candidate_1,3,0.04666666666666667
2732,candidate_3,candidate_2,candidate_1,3,0.04666666666666667
2733,candidate_3,candidate_2,candidate_1,3,0.04666666666666667
2734,candidate_3,candidate_2,candidate_1,3,0.04666666666666667
2735,candidate_3,candidate_2,candidate_1,3,0.04666666666666667
2736,candidate_3,candidate_2,candidate_1,3,0.04666666666666667
2737,candidate_3,candidate_2,candidate_1,3,0.04666666666666667
2738,candidate_3,candidate_2,candidate_1,3,0.04666666666666667
2739,candidate_3,candidate_2,candidate_1,3,0.04666666666666667
2740,candidate_3,candidate_2,candidate_1,3,0.04666666666666667
2741,candidate_3,candidate_2,candidate_1,3,0.04666666666666667
2742,candidate_3,candidate_2,candidate_1,3,0.04666666666666667
2743,candidate_3,candidate_2,candidate_1,3,0.04666666666666667
2744,0,candidate_2,candidate_1,3,0.04666666666666667
2745,candidate_3,candidate_2,candidate_1,3,0.04666666666666667
2746,candidate_3,candidate_2,candidate_1,3,0.04666666666666667
2747,candidate_3,candidate_2,candidate_1,3,0.04666666666666667
2748,candidate_3,candidate_2,candidate_1,3,0.04666666666666667
2749,candidate_3,candidate_2,candidate_1,3,0.04666666666666667
2750,candidate_3,candidate_2,candidate_1,3,0.04666666666666667
2751,candidate_3,candidate_2,candidate_1,3,0.04666666666666667
2752,candidate_3,candidate_2,candidate_1,3,0.04666666666666667
2753,candidate_3,0,candidate_1,3,0.04666666666666667
2754,candidate_3,candidate_2,candidate_1,3,0.04666666666666667
2755,candidate_3,candidate_2,candidate_1,3,0.04666666666666667
2756,candidate_3,candidate_2,candidate_1,3,0.04666666666666667
2757,candidate_3,candidate_2,candidate_1,3,0.04666666666666667
2758,candidate_3,candidate_2,candidate_1,3,0.04666666666666667
2759,candidate_3,candidate_2,candidate_1,3,0.04666666666666667
2760,0,candidate_2,candidate_1,3,0.04666666666666667
2761,candidate_3,candidate_2,candidate_1,3,0.04666666666666667
2762,candidate_3,candidate_2,candidate_1,3,0.04666666666666667
2763,candidate_3,candidate_2,candidate_1,3,0.04666666666666667
2764,candidate_3,candidate_2,candidate_1,3,0.04666666666666667
2765,candidate_3,candidate_2,candidate_1,3,0.04666666666666667
2766,candidate_3,candidate_2,candidate_1,3,0.04666666666666667
2767,candidate_3,candidate_2,candidate_1,3,0.04666666666666667
2768,candidate_3,candidate_2,candidate_1,3,0.04666666666666667
2769,candidate_3,candidate_2,0,3,0.04666666666666667
2770,candidate_3,candidate_2,candidate_1,3,0.04666666666666667
2771,candidate_3,candidate_2,candidate_1,3,0.04666666666666667
2772,candidate_3,candidate_2,candidate_1,3,0.04666666666666667
2773,candidate_3,candidate_2,candidate_1,3,0.04666666666666667
2774,candidate_3,candidate_2,candidate_1,3,0.04666666666666667
2775,candidate_3,candidate_2,candidate_1,3,0.04666666666666667
2776,candidate_3,candidate_2,candidate_1,3,0.04666666666666667
2777,candidate_3,candidate_2,candidate_1,3,0.04666666666666667
2778,candidate_3,candidate_2,candidate_1,3,0.04666666666666667
2779,candidate_3,candidate_2,candidate_1,3,0.04666666666666667
2780,candidate_3,0,candidate_1,3,0.04666666666666667
2781,candidate_3,candidate_2,candidate_1,3,0.04666666666666667
2782,0,candidate_2,candidate_1,3,0.04666666666666667
2783,candidate_3,0,candidate_1,3,0.04666666666666667
2784,candidate_3,candidate_2,candidate_1,3,0.04666666666666667
2785,candidate_3,candidate_2,candidate_1,3,0.04666666666666667
2786,candidate_3,candidate_2,candidate_1,3,0.04666666666666667
2787,candidate_3,candidate_2,candidate_1,3,0.04666666666666667
2788,candidate_3,candidate_2,candidate_1,3,0.04666666666666667
2789,candidate_3,candidate_2,candidate_1,3,0.04666666666666667
2790,candidate_3,candidate_2,candidate_1,3,0.04666666666666667
2791,candidate_3,candidate_2,candidate_1,3,0.04666666666666667
2792,candidate_3,candidate_2,candidate_1,3,0.04666666666666667
2793,candidate_3,candidate_2,candidate_1,3,0.04666666666666667
2794,candidate_3,candidate_2,candidate_1,3,0.04666666666666667
2795,candidate_3,candidate_2,candidate_1,3,0.04666666666666667
2796,candidate_3,candidate_2,candidate_1,3,0.04666666666666667
2797,candidate_3,candidate_2,candidate_1,3,0.04666666666666667
2798,candidate_3,candidate_2,candidate_1,3,0.04666666666666667
2799,candidate_3,candidate_2,candidate_1,3,0.04666666666666667
2800,candidate_3,candidate_2,candidate_1,3,0.04666666666666667
2801,0,candidate_2,candidate_1,3,0.04666666666666667
2802,candidate_3,candidate_2,candidate_1,3,0.04666666666666667
2803,candidate_3,candidate_2,candidate_1,3,0.04666666666666667
2804,candidate_3,candidate_2,0,3,0.04666666666666667
2805,candidate_3,candidate_2,0,3,0.04666666666666667
2806,candidate_3,candidate_2,candidate_1,3,0.04666666666666667
2807,candidate_3,candidate_2,candidate_1,3,0.04666666666666667
2808,candidate_3,candidate_2,candidate_1,3,0.04666666666666667
2809,candidate_3,candidate_2,0,3,0.04666666666666667
2810,candidate_3,candidate_2,candidate_1,3,0.04666666666666667
2811,0,candidate_2,candidate_1,3,0.04666666666666667
2812,candidate_3,candidate_2,candidate_1,3,0.04666666666666667
2813,candidate_3,candidate_2,candidate_1,3,0.04666666666666667
2814,candidate_3,candidate_2,candidate_1,3,0.04666666666666667
2815,candidate_3,candidate_2,candidate_1,3,0.04666666666666667
2816,candidate_3,candidate_2,candidate_1,3,0.04666666666666667
2817,candidate_3,candidate_2,candidate_1,3,0.04666666666666667
2818,candidate_3,candidate_2,candidate_1,3,0.04666666666666667
2819,0,candidate_2,candidate_1,3,0.04666666666666667
2820,candidate_3,candidate_2,candidate_1,3,0.04666666666666667
2821,candidate_3,candidate_2,candidate_1,3,0.04666666666666667
2822,candidate_3,candidate_2,candidate_1,3,0.04666666666666667
2823,candidate_3,candidate_2,candidate_1,3,0.04666666666666667
2824,candidate_3,candidate_2,candidate_1,3,0.04666666666666667
2825,candidate_3,candidate_2,candidate_1,3,0.04666666666666667
2826,candidate_3,candidate_2,candidate_1,3,0.04666666666666667
2827,candidate_3,candidate_2,0,3,0.04666666666666667
2828,candidate_3,candidate_2,candidate_1,3,0.04666666666666667
2829,candidate_3,candidate_2,candidate_1,3,0.04666666666666667
2830,candidate_3,candidate_2,candidate_1,3,0.04666666666666667
2831,candidate_3,candidate_2,candidate_1,3,0.04666666666666667
2832,candidate_3,0,candidate_1,3,0.04666666666666667
2833,candidate_3,candidate_2,candidate_1,3,0.04666666666666667
2834,candidate_3,candidate_2,candidate_1,3,0.04666666666666667
2835,candidate_3,candidate_2,candidate_1,3,0.04666666666666667
2836,candidate_3,candidate_2,candidate_1,3,0.04666666666666667
2837,candidate_3,candidate_2,candidate_1,3,0.04666666666666667
2838,candidate_3,candidate_2,candidate_1,3,0.04666666666666667
2839,candidate_3,candidate_2,candidate_1,3,0.04666666666666667
2840,candidate_3,candidate_2,candidate_1,3,0.04666666666666667
2841,candidate_3,candidate_2,candidate_1,3,0.04666666666666667
2842,candidate_3,candidate_2,candidate_1,3,0.04666666666666667
2843,candidate_3,candidate_2,candidate_1,3,0.04666666666666667
2844,candidate_3,candidate_2,candidate_1,3,0.04666666666666667
2845,candidate_3,candidate_2,candidate_1,3,0.04666666666666667
2846,candidate_3,candidate_2,candidate_1,3,0.04666666666666667
2847,candidate_3,candidate_2,0,3,0.04666666666666667
2848,0,candidate_2,candidate_1,3,0.04666666666666667
2849,candidate_3,candidate_2,candidate_1,3,0.04666666666666667
2850,candidate_3,candidate_2,0,3,0.04666666666666667
2851,candidate_3,candidate_2,candidate_1,3,0.04666666666666667
2852,candidate_3,candidate_2,candidate_1,3,0.04666666666666667
2853,candidate_3,candidate_2,candidate_1,3,0.04666666666666667
2854,candidate_3,candidate_2,candidate_1,3,0.04666666666666667
2855,candidate_3,candidate_2,candidate_1,3,0.04666666666666667
2856,candidate_3,candidate_2,candidate_1,3,0.04666666666666667
2857,candidate_3,0,candidate_1,3,0.04666666666666667
2858,candidate_3,candidate_2,candidate_1,3,0.04666666666666667
2859,candidate_3,candidate_2,candidate_1,3,0.04666666666666667
2860,candidate_3,candidate_2,candidate_1,3,0.04666666666666667
2861,candidate_3,candidate_2,candidate_1,3,0.04666666666666667
2862,candidate_3,candidate_2,0,3,0.04666666666666667
2863,candidate_3,candidate_2,candidate_1,3,0.04666666666666667
2864,candidate_3,candidate_2,candidate_1,3,0.04666666666666667
2865,candidate_3,candidate_2,candidate_1,3,0.04666666666666667
2866,candidate_3,candidate_2,candidate_1,3,0.04666666666666667
2867,0,candidate_2,candidate_1,3,0.04666666666666667
2868,candidate_3,candidate_2,candidate_1,3,0.04666666666666667
2869,candidate_3,candidate_2,candidate_1,3,0.04666666666666667
2870,candidate_3,candidate_2,candidate_1,3,0.04666666666666667
2871,candidate_3,candidate_2,candidate_1,3,0.04666666666666667
2872,candidate_3,candidate_2,candidate_1,3,0.04666666666666667
2873,candidate_3,candidate_2,0,3,0.04666666666666667
2874,candidate_3,candidate_2,candidate_1,3,0.04666666666666667
2875,candidate_3,candidate_2,candidate_1,3,0.04666666666666667
2876,candidate_3,0,candidate_1,3,0.04666666666666667
2877,candidate_3,candidate_2,candidate_1,3,0.04666666666666667
2878,candidate_3,0,candidate_1,3,0.04666666666666667
2879,candidate_3,candidate_2,candidate_1,3,0.04666666666666667
2880,candidate_3,candidate_2,candidate_1,3,0.04666666666666667
2881,candidate_3,candidate_2,candidate_1,3,0.04666666666666667
2882,candidate_3,candidate_2,candidate_1,3,0.04666666666666667
2883,candidate_3,candidate_2,candidate_1,3,0.04666666666666667
2884,candidate_3,candidate_2,candidate_1,3,0.04666666666666667
2885,candidate_3,candidate_2,candidate_1,3,0.04666666666666667
2886,candidate_3,candidate_2,candidate_1,3,0.04666666666666667
2887,candidate_3,candidate_2,candidate_1,3,0.04666666666666667
2888,candidate_3,candidate_2,candidate_1,3,0.04666666666666667
2889,candidate_3,candidate_2,candidate_1,3,0.04666666666666667
2890,candidate_3,candidate_2,candidate_1,3,0.04666666666666667
2891,candidate_3,candidate_2,candidate_1,3,0.04666666666666667
2892,candidate_3,candidate_2,0,3,0.04666666666666667
2893,candidate_3,candidate_2,candidate_1,3,0.04666666666666667
2894,candidate_3,candidate_2,candidate_1,3,0.04666666666666667
2895,candidate_3,candidate_2,candidate_1,3,0.04666666666666667
2896,candidate_3,candidate_2,candidate_1,3,0.04666666666666667
2897,candidate_3,candidate_2,candidate_1,3,0.04666666666666667
2898,candidate_3,candidate_2,candidate_1,3,0.04666666666666667
2899,candidate_3,candidate_2,candidate_1,3,0.04666666666666667
2900,candidate_3,candidate_2,candidate_1,3,0.04666666666666667
2901,candidate_3,candidate_2,candidate_1,3,0.04666666666666667
2902,candidate_3,candidate_2,candidate_1,3,0.04666666666666667
2903,candidate_3,candidate_2,candidate_1,3,0.04666666666666667
2904,candidate_3,candidate_2,candidate_1,3,0.04666666666666667
2905,candidate_3,candidate_2,candidate_1,3,0.04666666666666667
2906,candidate_3,candidate_2,candidate_1,3,0.04666666666666667
2907,candidate_3,candidate_2,candidate_1,3,0.04666666666666667
2908,candidate_3,candidate_2,candidate_1,3,0.04666666666666667
2909,candidate_3,candidate_2,0,3,0.04666666666666667
2910,candidate_3,candidate_2,candidate_1,3,0.04666666666666667
2911,candidate_3,candidate_2,0,3,0.04666666666666667
2912,candidate_3,candidate_2,candidate_1,3,0.04666666666666667
2913,candidate_3,0,candidate_1,3,0.04666666666666667
2914,candidate_3,candidate_2,0,3,0.04666666666666667
2915,candidate_3,candidate_2,candidate_1,3,0.04666666666666667
2916,candidate_3,candidate_2,candidate_1,3,0.04666666666666667
2917,candidate_3,candidate_2,candidate_1,3,0.04666666666666667
2918,candidate_3,candidate_2,candidate_1,3,0.04666666666666667
2919,candidate_3,candidate_2,candidate_1,3,0.04666666666666667
2920,candidate_3,candidate_2,0,3,0.04666666666666667
2921,candidate_3,0,candidate_1,3,0.04666666666666667
2922,candidate_3,candidate_2,candidate_1,3,0.04666666666666667
2923,candidate_3,candidate_2,candidate_1,3,0.04666666666666667
2924,candidate_3,candidate_2,candidate_1,3,0.04666666666666667
2925,candidate_3,0,candidate_1,3,0.04666666666666667
2926,candidate_3,candidate_2,candidate_1,3,0.04666666666666667
2927,candidate_3,candidate_2,candidate_1,3,0.04666666666666667
2928,candidate_3,candidate_2,candidate_1,3,0.04666666666666667
2929,candidate_3,candidate_2,candidate_1,3,0.04666666666666667
2930,candidate_3,candidate_2,candidate_1,3,0.04666666666666667
2931,candidate_3,candidate_2,candidate_1,3,0.04666666666666667
2932,candidate_3,0,candidate_1,3,0.04666666666666667
2933,candidate_3,candidate_2,candidate_1,3,0.04666666666666667
2934,candidate_3,candidate_2,candidate_1,3,0.04666666666666667
2935,candidate_3,candidate_2,candidate_1,3,0.04666666666666667
2936,candidate_3,candidate_2,candidate_1,3,0.04666666666666667
2937,candidate_3,candidate_2,candidate_1,3,0.04666666666666667
2938,candidate_3,candidate_2,candidate_1,3,0.04666666666666667
2939,candidate_3,candidate_2,candidate_1,3,0.04666666666666667
2940,candidate_3,candidate_2,candidate_1,3,0.04666666666666667
2941,candidate_3,candidate_2,candidate_1,3,0.04666666666666667
2942,candidate_3,candidate_2,candidate_1,3,0.04666666666666667
2943,candidate_3,candidate_2,0,3,0.04666666666666667
2944,candidate_3,candidate_2,candidate_1,3,0.04666666666666667
2945,candidate_3,candidate_2,candidate_1,3,0.04666666666666667
2946,candidate_3,candidate_2,candidate_1,3,0.04666666666666667
2947,candidate_3,0,candidate_1,3,0.04666666666666667
2948,candidate_3,candidate_2,candidate_1,3,0.04666666666666667
2949,candidate_3,candidate_2,candidate_1,3,0.04666666666666667
2950,candidate_3,candidate_2,0,3,0.04666666666666667
2951,candidate_3,candidate_2,candidate_1,3,0.04666666666666667
2952,candidate_3,candidate_2,candidate_1,3,0.04666666666666667
2953,candidate_3,candidate_2,candidate_1,3,0.04666666666666667
2954,candidate_3,candidate_2,candidate_1,3,0.04666666666666667
2955,candidate_3,candidate_2,candidate_1,3,0.04666666666666667
2956,candidate_3,candidate_2,candidate_1,3,0.04666666666666667
2957,candidate_3,candidate_2,candidate_1,3,0.04666666666666667
2958,candidate_3,candidate_2,candidate_1,3,0.04666666666666667
2959,candidate_3,candidate_2,candidate_1,3,0.04666666666666667
2960,candidate_3,candidate_2,0,3,0.04666666666666667
2961,candidate_3,candidate_2,candidate_1,3,0.04666666666666667
2962,candidate_3,candidate_2,candidate_1,3,0.04666666666666667
2963,candidate_3,candidate_2,candidate_1,3,0.04666666666666667
2964,candidate_3,candidate_2,candidate_1,3,0.04666666666666667
2965,candidate_3,candidate_2,candidate_1,3,0.04666666666666667
2966,candidate_3,candidate_2,candidate_1,3,0.04666666666666667
2967,0,candidate_2,0,3,0.04666666666666667
2968,candidate_3,candidate_2,candidate_1,3,0.04666666666666667
2969,candidate_3,candidate_2,candidate_1,3,0.04666666666666667
2970,candidate_3,candidate_2,candidate_1,3,0.04666666666666667
2971,candidate_3,candidate_2,candidate_1,3,0.04666666666666667
2972,candidate_3,candidate_2,candidate_1,3,0.04666666666666667
2973,candidate_3,0,candidate_1,3,0.04666666666666667
2974,candidate_3,candidate_2,candidate_1,3,0.04666666666666667
2975,candidate_3,candidate_2,candidate_1,3,0.04666666666666667
2976,candidate_3,candidate_2,candidate_1,3,0.04666666666666667
2977,candidate_3,candidate_2,0,3,0.04666666666666667
2978,candidate_3,candidate_2,candidate_1,3,0.04666666666666667
2979,candidate_3,candidate_2,candidate_1,3,0.04666666666666667
2980,candidate_3,candidate_2,candidate_1,3,0.04666666666666667
2981,candidate_3,candidate_2,candidate_1,3,0.04666666666666667
2982,candidate_3,candidate_2,candidate_1,3,0.04666666666666667
2983,candidate_3,candidate_2,candidate_1,3,0.04666666666666667
2984,candidate_3,candidate_2,candidate_1,3,0.04666666666666667
2985,candidate_3,candidate_2,candidate_1,3,0.04666666666666667
2986,candidate_3,candidate_2,candidate_1,3,0.04666666666666667
2987,candidate_3,candidate_2,0,3,0.04666666666666667
2988,candidate_3,candidate_2,candidate_1,3,0.04666666666666667
2989,candidate_3,candidate_2,candidate_1,3,0.04666666666666667
2990,candidate_3,0,0,3,0.04666666666666667
2991,candidate_3,candidate_2,candidate_1,3,0.04666666666666667
2992,candidate_3,0,candidate_1,3,0.04666666666666667
2993,candidate_3,candidate_2,candidate_1,3,0.04666666666666667
2994,candidate_3,candidate_2,candidate_1,3,0.04666666666666667
2995,candidate_3,candidate_2,candidate_1,3,0.04666666666666667
2996,candidate_3,candidate_2,candidate_1,3,0.04666666666666667
2997,candidate_3,candidate_2,candidate_1,3,0.04666666666666667
2998,candidate_3,candidate_2,candidate_1,3,0.04666666666666667
2999,candidate_3,candidate_2,candidate_1,3,0.04666666666666667
3000,candidate_3,candidate_2,candidate_1,3,0.04666666666666667
3001,candidate_3,candidate_2,candidate_1,3,0.04666666666666667
3002,candidate_3,candidate_2,candidate_1,3,0.04666666666666667
3003,candidate_3,candidate_2,candidate_1,3,0.04666666666666667
3004,candidate_3,candidate_2,candidate_1,3,0.04666666666666667
3005,candidate_3,candidate_2,candidate_1,3,0.04666666666666667
3006,candidate_3,candidate_2,candidate_1,3,0.04666666666666667
3007,candidate_3,candidate_2,candidate_1,3,0.04666666666666667
3008,candidate_3,candidate_2,0,3,0.04666666666666667
3009,candidate_3,candidate_2,candidate_1,3,0.04666666666666667
3010,candidate_3,candidate_2,candidate_1,3,0.04666666666666667
3011,candidate_3,candidate_2,candidate_1,3,0.04666666666666667
3012,candidate_3,candidate_2,candidate_1,3,0.04666666666666667
3013,candidate_3,candidate_2,candidate_1,3,0.04666666666666667
3014,candidate_3,candidate_2,candidate_1,3,0.04666666666666667
3015,candidate_3,candidate_2,candidate_1,3,0.04666666666666667
3016,candidate_3,candidate_2,candidate_1,3,0.04666666666666667
3017,candidate_3,candidate_2,candidate_1,3,0.04666666666666667
3018,candidate_3,candidate_2,candidate_1,3,0.04666666666666667
3019,candidate_3,candidate_2,candidate_1,3,0.04666666666666667
3020,candidate_3,candidate_2,candidate_1,3,0.04666666666666667
3021,candidate_3,candidate_2,candidate_1,3,0.04666666666666667
3022,candidate_3,candidate_2,candidate_1,3,0.04666666666666667
3023,candidate_3,candidate_2,0,3,0.04666666666666667
3024,candidate_3,candidate_2,candidate_1,3,0.04666666666666667
3025,candidate_3,candidate_2,candidate_1,3,0.04666666666666667
3026,candidate_3,candidate_2,candidate_1,3,0.04666666666666667
3027,candidate_3,candidate_2,candidate_1,3,0.04666666666666667
3028,candidate_3,candidate_2,candidate_1,3,0.04666666666666667
3029,candidate_3,0,candidate_1,3,0.04666666666666667
3030,candidate_3,candidate_2,candidate_1,3,0.04666666666666667
3031,candidate_3,candidate_2,candidate_1,3,0.04666666666666667
3032,candidate_3,candidate_2,candidate_1,3,0.04666666666666667
3033,0,candidate_2,candidate_1,3,0.04666666666666667
3034,candidate_3,0,candidate_1,3,0.04666666666666667
3035,candidate_3,candidate_2,candidate_1,3,0.04666666666666667
3036,candidate_3,candidate_2,candidate_1,3,0.04666666666666667
3037,candidate_3,candidate_2,candidate_1,3,0.04666666666666667
3038,candidate_3,candidate_2,candidate_1,3,0.04666666666666667
3039,candidate_3,0,candidate_1,3,0.04666666666666667
3040,candidate_3,candidate_2,candidate_1,3,0.04666666666666667
3041,candidate_3,candidate_2,candidate_1,3,0.04666666666666667
3042,candidate_3,0,candidate_1,3,0.04666666666666667
3043,candidate_3,candidate_2,candidate_1,3,0.04666666666666667
3044,candidate_3,candidate_2,candidate_1,3,0.04666666666666667
3045,candidate_3,candidate_2,candidate_1,3,0.04666666666666667
3046,0,candidate_2,candidate_1,3,0.04666666666666667
3047,candidate_3,candidate_2,candidate_1,3,0.04666666666666667
3048,candidate_3,candidate_2,candidate_1,3,0.04666666666666667
3049,candidate_3,candidate_2,candidate_1,3,0.04666666666666667
3050,candidate_3,candidate_2,candidate_1,3,0.04666666666666667
3051,candidate_3,candidate_2,candidate_1,3,0.04666666666666667
3052,candidate_3,candidate_2,candidate_1,3,0.04666666666666667
3053,candidate_3,candidate_2,candidate_1,3,0.04666666666666667
3054,candidate_3,candidate_2,0,3,0.04666666666666667
3055,candidate_3,candidate_2,candidate_1,3,0.04666666666666667
3056,candidate_3,candidate_2,candidate_1,3,0.04666666666666667
3057,candidate_3,candidate_2,candidate_1,3,0.04666666666666667
3058,candidate_3,candidate_2,candidate_1,3,0.04666666666666667
3059,candidate_3,candidate_2,candidate_1,3,0.04666666666666667
3060,candidate_3,candidate_2,candidate_1,3,0.04666666666666667
3061,candidate_3,candidate_2,candidate_1,3,0.04666666666666667
3062,candidate_3,candidate_2,candidate_1,3,0.04666666666666667
3063,candidate_3,candidate_2,candidate_1,3,0.04666666666666667
3064,candidate_3,candidate_2,candidate_1,3,0.04666666666666667
3065,candidate_3,candidate_2,candidate_1,3,0.04666666666666667
3066,candidate_3,candidate_2,candidate_1,3,0.04666666666666667
3067,candidate_3,candidate_2,candidate_1,3,0.04666666666666667
3068,candidate_3,candidate_2,candidate_1,3,0.04666666666666667
3069,candidate_3,candidate_2,candidate_1,3,0.04666666666666667
3070,candidate_3,candidate_2,candidate_1,3,0.04666666666666667
3071,candidate_3,candidate_2,candidate_1,3,0.04666666666666667
3072,candidate_3,candidate_2,candidate_1,3,0.04666666666666667
3073,candidate_3,candidate_2,candidate_1,3,0.04666666666666667
3074,candidate_3,candidate_2,candidate_1,3,0.04666666666666667
3075,candidate_3,candidate_2,0,3,0.04666666666666667
3076,candidate_3,candidate_2,candidate_1,3,0.04666666666666667
3077,candidate_3,candidate_2,candidate_1,3,0.04666666666666667
3078,candidate_3,candidate_2,candidate_1,3,0.04666666666666667
3079,candidate_3,candidate_2,candidate_1,3,0.04666666666666667
3080,candidate_3,candidate_2,candidate_1,3,0.04666666666666667
3081,candidate_3,candidate_2,candidate_1,3,0.04666666666666667
3082,candidate_3,candidate_2,candidate_1,3,0.04666666666666667
3083,candidate_3,candidate_2,candidate_1,3,0.04666666666666667
3084,candidate_3,candidate_2,candidate_1,3,0.04666666666666667
3085,candidate_3,candidate_2,candidate_1,3,0.04666666666666667
3086,candidate_3,candidate_2,0,3,0.04666666666666667
3087,candidate_3,candidate_2,candidate_1,3,0.04666666666666667
3088,candidate_3,candidate_2,candidate_1,3,0.04666666666666667
3089,candidate_3,candidate_2,candidate_1,3,0.04666666666666667
3090,candidate_3,candidate_2,candidate_1,3,0.04666666666666667
3091,candidate_3,candidate_2,candidate_1,3,0.04666666666666667
3092,candidate_3,candidate_2,candidate_1,3,0.04666666666666667
3093,candidate_3,candidate_2,candidate_1,3,0.04666666666666667
3094,candidate_3,candidate_2,0,3,0.04666666666666667
3095,candidate_3,candidate_2,candidate_1,3,0.04666666666666667
3096,0,candidate_2,candidate_1,3,0.04666666666666667
3097,candidate_3,candidate_2,candidate_1,3,0.04666666666666667
3098,candidate_3,candidate_2,candidate_1,3,0.04666666666666667
3099,candidate_3,candidate_2,candidate_1,3,0.04666666666666667
3100,candidate_3,candidate_2,candidate_1,3,0.04666666666666667
3101,candidate_3,candidate_2,candidate_1,3,0.04666666666666667
3102,candidate_3,candidate_2,candidate_1,3,0.04666666666666667
3103,candidate_3,candidate_2,candidate_1,3,0.04666666666666667
3104,candidate_3,candidate_2,candidate_1,3,0.04666666666666667
3105,candidate_3,candidate_2,candidate_1,3,0.04666666666666667
3106,candidate_3,candidate_2,candidate_1,3,0.04666666666666667
3107,candidate_3,candidate_2,candidate_1,3,0.04666666666666667
3108,candidate_3,candidate_2,candidate_1,3,0.04666666666666667
3109,candidate_3,candidate_2,candidate_1,3,0.04666666666666667
3110,candidate_3,candidate_2,candidate_1,3,0.04666666666666667
3111,candidate_3,candidate_2,candidate_1,3,0.04666666666666667
3112,0,0,0,3,0.04666666666666667
3113,candidate_3,candidate_2,candidate_1,3,0.04666666666666667
3114,candidate_3,candidate_2,candidate_1,3,0.04666666666666667
3115,candidate_3,candidate_2,0,3,0.04666666666666667
3116,candidate_3,candidate_2,candidate_1,3,0.04666666666666667
3117,candidate_3,candidate_2,candidate_1,3,0.04666666666666667
3118,candidate_3,0,candidate_1,3,0.04666666666666667
3119,candidate_3,candidate_2,candidate_1,3,0.04666666666666667
3120,candidate_3,candidate_2,candidate_1,3,0.04666666666666667
3121,candidate_3,candidate_2,candidate_1,3,0.04666666666666667
3122,candidate_3,candidate_2,candidate_1,3,0.04666666666666667
3123,candidate_3,candidate_2,candidate_1,3,0.04666666666666667
3124,candidate_3,candidate_2,candidate_1,3,0.04666666666666667
3125,candidate_3,0,candidate_1,3,0.04666666666666667
3126,candidate_3,candidate_2,candidate_1,3,0.04666666666666667
3127,candidate_3,candidate_2,candidate_1,3,0.04666666666666667
3128,candidate_3,candidate_2,candidate_1,3,0.04666666666666667
3129,candidate_3,candidate_2,candidate_1,3,0.04666666666666667
3130,candidate_3,candidate_2,candidate_1,3,0.04666666666666667
3131,candidate_3,candidate_2,candidate_1,3,0.04666666666666667
3132,candidate_3,candidate_2,candidate_1,3,0.04666666666666667
3133,candidate_3,candidate_2,candidate_1,3,0.04666666666666667
3134,candidate_3,candidate_2,candidate_1,3,0.04666666666666667
3135,candidate_3,candidate_2,candidate_1,3,0.04666666666666667
3136,candidate_3,candidate_2,candidate_1,3,0.04666666666666667
3137,candidate_3,candidate_2,candidate_1,3,0.04666666666666667
3138,candidate_3,candidate_2,candidate_1,3,0.04666666666666667
3139,candidate_3,candidate_2,candidate_1,3,0.04666666666666667
3140,candidate_3,candidate_2,candidate_1,3,0.04666666666666667
3141,candidate_3,candidate_2,candidate_1,3,0.04666666666666667
3142,candidate_3,candidate_2,candidate_1,3,0.04666666666666667
3143,candidate_3,candidate_2,candidate_1,3,0.04666666666666667
3144,candidate_3,candidate_2,candidate_1,3,0.04666666666666667
3145,candidate_3,candidate_2,candidate_1,3,0.04666666666666667
3146,candidate_3,candidate_2,candidate_1,3,0.04666666666666667
3147,candidate_3,candidate_2,candidate_1,3,0.04666666666666667
3148,candidate_3,candidate_2,candidate_1,3,0.04666666666666667
3149,candidate_3,candidate_2,candidate_1,3,0.04666666666666667
3150,candidate_3,candidate_2,candidate_1,3,0.04666666666666667
3151,candidate_3,candidate_2,candidate_1,3,0.04666666666666667
3152,candidate_3,candidate_2,candidate_1,3,0.04666666666666667
3153,candidate_3,candidate_2,candidate_1,3,0.04666666666666667
3154,candidate_3,candidate_2,0,3,0.04666666666666667
3155,candidate_3,candidate_2,candidate_1,3,0.04666666666666667
3156,candidate_3,candidate_2,candidate_1,3,0.04666666666666667
3157,candidate_3,candidate_2,candidate_1,3,0.04666666666666667
3158,candidate_3,candidate_2,candidate_1,3,0.04666666666666667
3159,candidate_3,candidate_2,candidate_1,3,0.04666666666666667
3160,candidate_3,candidate_2,candidate_1,3,0.04666666666666667
3161,candidate_3,candidate_2,candidate_1,3,0.04666666666666667
3162,candidate_3,candidate_2,candidate_1,3,0.04666666666666667
3163,candidate_3,candidate_2,candidate_1,3,0.04666666666666667
3164,candidate_3,candidate_2,candidate_1,3,0.04666666666666667
3165,candidate_3,candidate_2,candidate_1,3,0.04666666666666667
3166,candidate_3,candidate_2,candidate_1,3,0.04666666666666667
3167,candidate_3,candidate_2,0,3,0.04666666666666667
3168,candidate_3,candidate_2,candidate_1,3,0.04666666666666667
3169,candidate_3,candidate_2,candidate_1,3,0.04666666666666667
3170,candidate_3,candidate_2,candidate_1,3,0.04666666666666667
3171,candidate_3,candidate_2,candidate_1,3,0.04666666666666667
3172,candidate_3,candidate_2,candidate_1,3,0.04666666666666667
3173,candidate_3,candidate_2,candidate_1,3,0.04666666666666667
3174,candidate_3,candidate_2,candidate_1,3,0.04666666666666667
3175,candidate_3,candidate_2,candidate_1,3,0.04666666666666667
3176,candidate_3,candidate_2,candidate_1,3,0.04666666666666667
3177,0,candidate_2,candidate_1,3,0.04666666666666667
3178,candidate_3,candidate_2,candidate_1,3,0.04666666666666667
3179,candidate_3,candidate_2,candidate_1,3,0.04666666666666667
3180,candidate_3,candidate_2,candidate_1,3,0.04666666666666667
3181,0,candidate_2,candidate_1,3,0.04666666666666667
3182,candidate_3,candidate_2,candidate_1,3,0.04666666666666667
3183,candidate_3,candidate_2,candidate_1,3,0.04666666666666667
3184,candidate_3,candidate_2,0,3,0.04666666666666667
3185,candidate_3,candidate_2,candidate_1,3,0.04666666666666667
3186,candidate_3,candidate_2,candidate_1,3,0.04666666666666667
3187,candidate_3,candidate_2,candidate_1,3,0.04666666666666667
3188,candidate_3,candidate_2,candidate_1,3,0.04666666666666667
3189,candidate_3,candidate_2,candidate_1,3,0.04666666666666667
3190,candidate_3,candidate_2,candidate_1,3,0.04666666666666667
3191,candidate_3,candidate_2,candidate_1,3,0.04666666666666667
3192,candidate_3,candidate_2,candidate_1,3,0.04666666666666667
3193,candidate_3,candidate_2,candidate_1,3,0.04666666666666667
3194,candidate_3,candidate_2,candidate_1,3,0.04666666666666667
3195,candidate_3,candidate_2,candidate_1,3,0.04666666666666667
3196,candidate_3,candidate_2,candidate_1,3,0.04666666666666667
3197,candidate_3,candidate_2,candidate_1,3,0.04666666666666667
3198,candidate_3,candidate_2,candidate_1,3,0.04666666666666667
3199,candidate_3,candidate_2,candidate_1,3,0.04666666666666667
3200,candidate_3,candidate_2,candidate_1,3,0.04666666666666667
3201,candidate_3,candidate_2,candidate_1,3,0.04666666666666667
3202,candidate_3,0,candidate_1,3,0.04666666666666667
3203,0,candidate_2,candidate_1,3,0.04666666666666667
3204,candidate_3,candidate_2,candidate_1,3,0.04666666666666667
3205,0,candidate_2,candidate_1,3,0.04666666666666667
3206,0,candidate_2,candidate_1,3,0.04666666666666667
3207,candidate_3,candidate_2,candidate_1,3,0.04666666666666667
3208,candidate_3,candidate_2,candidate_1,3,0.04666666666666667
3209,candidate_3,candidate_2,candidate_1,3,0.04666666666666667
3210,candidate_3,candidate_2,candidate_1,3,0.04666666666666667
3211,candidate_3,candidate_2,candidate_1,3,0.04666666666666667
3212,candidate_3,candidate_2,candidate_1,3,0.04666666666666667
3213,candidate_3,candidate_2,candidate_1,3,0.04666666666666667
3214,candidate_3,candidate_2,candidate_1,3,0.04666666666666667
3215,candidate_3,candidate_2,candidate_1,3,0.04666666666666667
3216,candidate_3,candidate_2,candidate_1,3,0.04666666666666667
3217,candidate_3,candidate_2,candidate_1,3,0.04666666666666667
3218,candidate_3,candidate_2,candidate_1,3,0.04666666666666667
3219,candidate_3,candidate_2,candidate_1,3,0.04666666666666667
3220,candidate_3,candidate_2,candidate_1,3,0.04666666666666667
3221,candidate_3,candidate_2,candidate_1,3,0.04666666666666667
3222,candidate_3,candidate_2,candidate_1,3,0.04666666666666667
3223,candidate_3,candidate_2,candidate_1,3,0.04666666666666667
3224,candidate_3,candidate_2,candidate_1,3,0.04666666666666667
3225,candidate_3,candidate_2,candidate_1,3,0.04666666666666667
3226,candidate_3,candidate_2,candidate_1,3,0.04666666666666667
3227,candidate_3,candidate_2,candidate_1,3,0.04666666666666667
3228,candidate_3,candidate_2,candidate_1,3,0.04666666666666667
3229,candidate_3,candidate_2,candidate_1,3,0.04666666666666667
3230,candidate_3,candidate_2,candidate_1,3,0.04666666666666667
3231,candidate_3,candidate_2,candidate_1,3,0.04666666666666667
3232,candidate_3,candidate_2,candidate_1,3,0.04666666666666667
3233,candidate_3,candidate_2,candidate_1,3,0.04666666666666667
3234,candidate_3,candidate_2,candidate_1,3,0.04666666666666667
3235,candidate_3,candidate_2,candidate_1,3,0.04666666666666667
3236,candidate_3,candidate_2,candidate_1,3,0.04666666666666667
3237,candidate_3,candidate_2,candidate_1,3,0.04666666666666667
3238,candidate_3,candidate_2,candidate_1,3,0.04666666666666667
3239,candidate_3,candidate_2,candidate_1,3,0.04666666666666667
3240,candidate_3,candidate_2,candidate_1,3,0.04666666666666667
3241,candidate_3,candidate_2,candidate_1,3,0.04666666666666667
3242,candidate_3,candidate_2,candidate_1,3,0.04666666666666667
3243,candidate_3,candidate_2,candidate_1,3,0.04666666666666667
3244,0,candidate_2,candidate_1,3,0.04666666666666667
3245,candidate_3,candidate_2,candidate_1,3,0.04666666666666667
3246,0,candidate_2,candidate_1,3,0.04666666666666667
3247,candidate_3,candidate_2,candidate_1,3,0.04666666666666667
3248,candidate_3,0,candidate_1,3,0.04666666666666667
3249,candidate_3,candidate_2,candidate_1,3,0.04666666666666667
3250,candidate_3,candidate_2,candidate_1,3,0.04666666666666667
3251,candidate_3,candidate_2,candidate_1,3,0.04666666666666667
3252,candidate_3,candidate_2,candidate_1,3,0.04666666666666667
3253,candidate_3,candidate_2,candidate_1,3,0.04666666666666667
3254,candidate_3,candidate_2,candidate_1,3,0.04666666666666667
3255,candidate_3,candidate_2,candidate_1,3,0.04666666666666667
3256,candidate_3,candidate_2,candidate_1,3,0.04666666666666667
3257,candidate_3,candidate_2,0,3,0.04666666666666667
3258,candidate_3,candidate_2,candidate_1,3,0.04666666666666667
3259,candidate_3,candidate_2,candidate_1,3,0.04666666666666667
3260,candidate_3,candidate_2,candidate_1,3,0.04666666666666667
3261,candidate_3,candidate_2,candidate_1,3,0.04666666666666667
3262,candidate_3,candidate_2,candidate_1,3,0.04666666666666667
3263,candidate_3,candidate_2,candidate_1,3,0.04666666666666667
3264,candidate_3,candidate_2,candidate_1,3,0.04666666666666667
3265,candidate_3,candidate_2,candidate_1,3,0.04666666666666667
3266,candidate_3,candidate_2,candidate_1,3,0.04666666666666667
3267,candidate_3,candidate_2,candidate_1,3,0.04666666666666667
3268,candidate_3,candidate_2,candidate_1,3,0.04666666666666667
3269,candidate_3,candidate_2,candidate_1,3,0.04666666666666667
3270,candidate_3,candidate_2,candidate_1,3,0.04666666666666667
3271,candidate_3,candidate_2,candidate_1,3,0.04666666666666667
3272,candidate_3,candidate_2,candidate_1,3,0.04666666666666667
3273,candidate_3,candidate_2,candidate_1,3,0.04666666666666667
3274,candidate_3,candidate_2,candidate_1,3,0.04666666666666667
3275,candidate_3,candidate_2,candidate_1,3,0.04666666666666667
3276,candidate_3,candidate_2,candidate_1,3,0.04666666666666667
3277,candidate_3,candidate_2,candidate_1,3,0.04666666666666667
3278,candidate_3,candidate_2,candidate_1,3,0.04666666666666667
3279,candidate_3,candidate_2,candidate_1,3,0.04666666666666667
3280,candidate_3,candidate_2,candidate_1,3,0.04666666666666667
3281,candidate_3,candidate_2,candidate_1,3,0.04666666666666667
3282,candidate_3,candidate_2,candidate_1,3,0.04666666666666667
3283,candidate_3,candidate_2,candidate_1,3,0.04666666666666667
3284,candidate_3,candidate_2,candidate_1,3,0.04666666666666667
3285,candidate_3,candidate_2,candidate_1,3,0.04666666666666667
3286,candidate_3,candidate_2,candidate_1,3,0.04666666666666667
3287,candidate_3,candidate_2,0,3,0.04666666666666667
3288,candidate_3,candidate_2,candidate_1,3,0.04666666666666667
3289,candidate_3,candidate_2,candidate_1,3,0.04666666666666667
3290,candidate_3,candidate_2,candidate_1,3,0.04666666666666667
3291,candidate_3,candidate_2,candidate_1,3,0.04666666666666667
3292,candidate_3,candidate_2,candidate_1,3,0.04666666666666667
3293,candidate_3,candidate_2,candidate_1,3,0.04666666666666667
3294,candidate_3,candidate_2,candidate_1,3,0.04666666666666667
3295,candidate_3,candidate_2,candidate_1,3,0.04666666666666667
3296,candidate_3,candidate_2,candidate_1,3,0.04666666666666667
3297,candidate_3,candidate_2,candidate_1,3,0.04666666666666667
3298,candidate_3,candidate_2,candidate_1,3,0.04666666666666667
3299,candidate_3,0,candidate_1,3,0.04666666666666667
3300,candidate_3,candidate_2,candidate_1,3,0.04666666666666667
3301,candidate_3,candidate_2,candidate_1,3,0.04666666666666667
3302,candidate_3,candidate_2,candidate_1,3,0.04666666666666667
3303,candidate_3,candidate_2,candidate_1,3,0.04666666666666667
3304,candidate_3,candidate_2,candidate_1,3,0.04666666666666667
3305,candidate_3,candidate_2,candidate_1,3,0.04666666666666667
3306,candidate_3,candidate_2,candidate_1,3,0.04666666666666667
3307,candidate_3,candidate_2,0,3,0.04666666666666667
3308,candidate_3,candidate_2,candidate_1,3,0.04666666666666667
3309,candidate_3,candidate_2,candidate_1,3,0.04666666666666667
3310,candidate_3,candidate_2,candidate_1,3,0.04666666666666667
3311,candidate_3,candidate_2,candidate_1,3,0.04666666666666667
3312,candidate_3,candidate_2,candidate_1,3,0.04666666666666667
3313,candidate_3,candidate_2,candidate_1,3,0.04666666666666667
3314,candidate_3,candidate_2,candidate_1,3,0.04666666666666667
3315,candidate_3,candidate_2,candidate_1,3,0.04666666666666667
3316,0,candidate_2,0,3,0.04666666666666667
3317,candidate_3,candidate_2,candidate_1,3,0.04666666666666667
3318,candidate_3,candidate_2,candidate_1,3,0.04666666666666667
3319,candidate_3,candidate_2,candidate_1,3,0.04666666666666667
3320,candidate_3,candidate_2,candidate_1,3,0.04666666666666667
3321,candidate_3,candidate_2,candidate_1,3,0.04666666666666667
3322,candidate_3,candidate_2,candidate_1,3,0.04666666666666667
3323,candidate_3,candidate_2,candidate_1,3,0.04666666666666667
3324,candidate_3,candidate_2,candidate_1,3,0.04666666666666667
3325,candidate_3,candidate_2,candidate_1,3,0.04666666666666667
3326,candidate_3,candidate_2,candidate_1,3,0.04666666666666667
3327,candidate_3,candidate_2,candidate_1,3,0.04666666666666667
3328,candidate_3,candidate_2,candidate_1,3,0.04666666666666667
3329,candidate_3,candidate_2,candidate_1,3,0.04666666666666667
3330,candidate_3,candidate_2,candidate_1,3,0.04666666666666667
3331,candidate_3,candidate_2,candidate_1,3,0.04666666666666667
3332,candidate_3,candidate_2,candidate_1,3,0.04666666666666667
3333,candidate_3,candidate_2,0,3,0.04666666666666667
3334,candidate_3,candidate_2,0,3,0.04666666666666667
3335,candidate_3,candidate_2,candidate_1,3,0.04666666666666667
3336,candidate_3,candidate_2,candidate_1,3,0.04666666666666667
3337,candidate_3,candidate_2,candidate_1,3,0.04666666666666667
3338,candidate_3,candidate_2,0,3,0.04666666666666667
3339,candidate_3,candidate_2,candidate_1,3,0.04666666666666667
3340,candidate_3,candidate_2,candidate_1,3,0.04666666666666667
3341,candidate_3,candidate_2,candidate_1,3,0.04666666666666667
3342,candidate_3,candidate_2,candidate_1,3,0.04666666666666667
3343,0,candidate_2,candidate_1,3,0.04666666666666667
3344,candidate_3,candidate_2,candidate_1,3,0.04666666666666667
3345,candidate_3,0,candidate_1,3,0.04666666666666667
3346,candidate_3,candidate_2,candidate_1,3,0.04666666666666667
3347,candidate_3,0,candidate_1,3,0.04666666666666667
3348,candidate_3,candidate_2,candidate_1,3,0.04666666666666667
3349,candidate_3,candidate_2,candidate_1,3,0.04666666666666667
3350,candidate_3,candidate_2,candidate_1,3,0.04666666666666667
3351,candidate_3,candidate_2,candidate_1,3,0.04666666666666667
3352,candidate_3,candidate_2,candidate_1,3,0.04666666666666667
3353,candidate_3,candidate_2,candidate_1,3,0.04666666666666667
3354,candidate_3,candidate_2,candidate_1,3,0.04666666666666667
3355,candidate_3,candidate_2,candidate_1,3,0.04666666666666667
3356,candidate_3,candidate_2,candidate_1,3,0.04666666666666667
3357,candidate_3,candidate_2,candidate_1,3,0.04666666666666667
3358,0,candidate_2,candidate_1,3,0.04666666666666667
3359,candidate_3,candidate_2,candidate_1,3,0.04666666666666667
3360,candidate_3,candidate_2,candidate_1,3,0.04666666666666667
3361,candidate_3,candidate_2,candidate_1,3,0.04666666666666667
3362,candidate_3,candidate_2,candidate_1,3,0.04666666666666667
3363,candidate_3,candidate_2,candidate_1,3,0.04666666666666667
3364,candidate_3,candidate_2,candidate_1,3,0.04666666666666667
3365,candidate_3,candidate_2,candidate_1,3,0.04666666666666667
3366,candidate_3,candidate_2,candidate_1,3,0.04666666666666667
3367,candidate_3,candidate_2,candidate_1,3,0.04666666666666667
3368,candidate_3,candidate_2,candidate_1,3,0.04666666666666667
3369,candidate_3,candidate_2,candidate_1,3,0.04666666666666667
3370,candidate_3,candidate_2,candidate_1,3,0.04666666666666667
3371,candidate_3,candidate_2,candidate_1,3,0.04666666666666667
3372,candidate_3,candidate_2,candidate_1,3,0.04666666666666667
3373,candidate_3,candidate_2,candidate_1,3,0.04666666666666667
3374,candidate_3,candidate_2,candidate_1,3,0.04666666666666667
3375,candidate_3,candidate_2,candidate_1,3,0.04666666666666667
3376,candidate_3,candidate_2,candidate_1,3,0.04666666666666667
3377,candidate_3,candidate_2,candidate_1,3,0.04666666666666667
3378,candidate_3,candidate_2,candidate_1,3,0.04666666666666667
3379,candidate_3,0,candidate_1,3,0.04666666666666667
3380,candidate_3,candidate_2,candidate_1,3,0.04666666666666667
3381,candidate_3,candidate_2,candidate_1,3,0.04666666666666667
3382,candidate_3,candidate_2,candidate_1,3,0.04666666666666667
3383,candidate_3,candidate_2,candidate_1,3,0.04666666666666667
3384,candidate_3,candidate_2,candidate_1,3,0.04666666666666667
3385,candidate_3,candidate_2,candidate_1,3,0.04666666666666667
3386,0,candidate_2,candidate_1,3,0.04666666666666667
3387,candidate_3,candidate_2,candidate_1,3,0.04666666666666667
3388,candidate_3,candidate_2,candidate_1,3,0.04666666666666667
3389,candidate_3,candidate_2,candidate_1,3,0.04666666666666667
3390,candidate_3,candidate_2,candidate_1,3,0.04666666666666667
3391,candidate_3,candidate_2,candidate_1,3,0.04666666666666667
3392,candidate_3,candidate_2,candidate_1,3,0.04666666666666667
3393,candidate_3,candidate_2,candidate_1,3,0.04666666666666667
3394,0,candidate_2,candidate_1,3,0.04666666666666667
3395,candidate_3,candidate_2,candidate_1,3,0.04666666666666667
3396,candidate_3,candidate_2,candidate_1,3,0.04666666666666667
3397,candidate_3,candidate_2,candidate_1,3,0.04666666666666667
3398,candidate_3,candidate_2,candidate_1,3,0.04666666666666667
3399,candidate_3,candidate_2,0,3,0.04666666666666667
3400,candidate_3,candidate_2,candidate_1,3,0.04666666666666667
3401,candidate_3,candidate_2,candidate_1,3,0.04666666666666667
3402,candidate_3,candidate_2,candidate_1,3,0.04666666666666667
3403,candidate_3,candidate_2,candidate_1,3,0.04666666666666667
3404,candidate_3,candidate_2,candidate_1,3,0.04666666666666667
3405,candidate_3,candidate_2,candidate_1,3,0.04666666666666667
3406,candidate_3,0,candidate_1,3,0.04666666666666667
3407,candidate_3,candidate_2,candidate_1,3,0.04666666666666667
3408,candidate_3,candidate_2,candidate_1,3,0.04666666666666667
3409,candidate_3,candidate_2,candidate_1,3,0.04666666666666667
3410,candidate_3,candidate_2,candidate_1,3,0.04666666666666667
3411,candidate_3,candidate_2,candidate_1,3,0.04666666666666667
3412,candidate_3,candidate_2,candidate_1,3,0.04666666666666667
3413,candidate_3,candidate_2,candidate_1,3,0.04666666666666667
3414,candidate_3,candidate_2,candidate_1,3,0.04666666666666667
3415,candidate_3,candidate_2,candidate_1,3,0.04666666666666667
3416,candidate_3,candidate_2,candidate_1,3,0.04666666666666667
3417,candidate_3,candidate_2,candidate_1,3,0.04666666666666667
3418,0,candidate_2,candidate_1,3,0.04666666666666667
3419,candidate_3,candidate_2,candidate_1,3,0.04666666666666667
3420,candidate_3,candidate_2,candidate_1,3,0.04666666666666667
3421,candidate_3,candidate_2,candidate_1,3,0.04666666666666667
3422,candidate_3,candidate_2,candidate_1,3,0.04666666666666667
3423,0,candidate_2,candidate_1,3,0.04666666666666667
3424,candidate_3,candidate_2,candidate_1,3,0.04666666666666667
3425,candidate_3,candidate_2,candidate_1,3,0.04666666666666667
3426,candidate_3,candidate_2,candidate_1,3,0.04666666666666667
3427,candidate_3,candidate_2,candidate_1,3,0.04666666666666667
3428,candidate_3,candidate_2,candidate_1,3,0.04666666666666667
3429,candidate_3,candidate_2,candidate_1,3,0.04666666666666667
3430,candidate_3,candidate_2,candidate_1,3,0.04666666666666667
3431,candidate_3,candidate_2,candidate_1,3,0.04666666666666667
3432,candidate_3,candidate_2,candidate_1,3,0.04666666666666667
3433,candidate_3,candidate_2,candidate_1,3,0.04666666666666667
3434,candidate_3,candidate_2,candidate_1,3,0.04666666666666667
3435,candidate_3,candidate_2,candidate_1,3,0.04666666666666667
3436,candidate_3,candidate_2,candidate_1,3,0.04666666666666667
3437,candidate_3,candidate_2,candidate_1,3,0.04666666666666667
3438,candidate_3,candidate_2,candidate_1,3,0.04666666666666667
3439,candidate_3,candidate_2,candidate_1,3,0.04666666666666667
3440,candidate_3,candidate_2,candidate_1,3,0.04666666666666667
3441,candidate_3,candidate_2,candidate_1,3,0.04666666666666667
3442,candidate_3,candidate_2,candidate_1,3,0.04666666666666667
3443,candidate_3,candidate_2,candidate_1,3,0.04666666666666667
3444,candidate_3,candidate_2,candidate_1,3,0.04666666666666667
3445,candidate_3,candidate_2,candidate_1,3,0.04666666666666667
3446,candidate_3,candidate_2,candidate_1,3,0.04666666666666667
3447,candidate_3,candidate_2,candidate_1,3,0.04666666666666667
3448,candidate_3,candidate_2,candidate_1,3,0.04666666666666667
3449,candidate_3,candidate_2,candidate_1,3,0.04666666666666667
3450,candidate_3,candidate_2,candidate_1,3,0.04666666666666667
3451,candidate_3,candidate_2,candidate_1,3,0.04666666666666667
3452,candidate_3,candidate_2,candidate_1,3,0.04666666666666667
3453,candidate_3,0,candidate_1,3,0.04666666666666667
3454,candidate_3,candidate_2,candidate_1,3,0.04666666666666667
3455,candidate_3,candidate_2,candidate_1,3,0.04666666666666667
3456,candidate_3,candidate_2,candidate_1,3,0.04666666666666667
3457,candidate_3,0,candidate_1,3,0.04666666666666667
3458,candidate_3,candidate_2,candidate_1,3,0.04666666666666667
3459,candidate_3,candidate_2,candidate_1,3,0.04666666666666667
3460,candidate_3,candidate_2,candidate_1,3,0.04666666666666667
3461,candidate_3,candidate_2,candidate_1,3,0.04666666666666667
3462,candidate_3,candidate_2,candidate_1,3,0.04666666666666667
3463,candidate_3,candidate_2,candidate_1,3,0.04666666666666667
3464,candidate_3,candidate_2,candidate_1,3,0.04666666666666667
3465,candidate_3,candidate_2,candidate_1,3,0.04666666666666667
3466,candidate_3,candidate_2,candidate_1,3,0.04666666666666667
3467,candidate_3,candidate_2,candidate_1,3,0.04666666666666667
3468,candidate_3,candidate_2,candidate_1,3,0.04666666666666667
3469,candidate_3,candidate_2,candidate_1,3,0.04666666666666667
3470,candidate_3,candidate_2,candidate_1,3,0.04666666666666667
3471,candidate_3,candidate_2,candidate_1,3,0.04666666666666667
3472,candidate_3,candidate_2,candidate_1,3,0.04666666666666667
3473,candidate_3,candidate_2,candidate_1,3,0.04666666666666667
3474,candidate_3,candidate_2,candidate_1,3,0.04666666666666667
3475,candidate_3,candidate_2,candidate_1,3,0.04666666666666667
3476,candidate_3,candidate_2,candidate_1,3,0.04666666666666667
3477,candidate_3,candidate_2,candidate_1,3,0.04666666666666667
3478,candidate_3,candidate_2,candidate_1,3,0.04666666666666667
3479,candidate_3,candidate_2,candidate_1,3,0.04666666666666667
3480,candidate_3,candidate_2,candidate_1,3,0.04666666666666667
3481,candidate_3,candidate_2,candidate_1,3,0.04666666666666667
3482,candidate_3,candidate_2,candidate_1,3,0.04666666666666667
3483,candidate_3,candidate_2,candidate_1,3,0.04666666666666667
3484,candidate_3,candidate_2,candidate_1,3,0.04666666666666667
3485,candidate_3,candidate_2,candidate_1,3,0.04666666666666667
3486,candidate_3,candidate_2,candidate_1,3,0.04666666666666667
3487,candidate_3,candidate_2,candidate_1,3,0.04666666666666667
3488,candidate_3,0,candidate_1,3,0.04666666666666667
3489,candidate_3,candidate_2,candidate_1,3,0.04666666666666667
3490,0,candidate_2,0,3,0.04666666666666667
3491,candidate_3,candidate_2,candidate_1,3,0.04666666666666667
3492,candidate_3,candidate_2,candidate_1,3,0.04666666666666667
3493,candidate_3,candidate_2,candidate_1,3,0.04666666666666667
3494,candidate_3,candidate_2,candidate_1,3,0.04666666666666667
3495,candidate_3,candidate_2,candidate_1,3,0.04666666666666667
3496,candidate_3,candidate_2,candidate_1,3,0.04666666666666667
3497,candidate_3,candidate_2,candidate_1,3,0.04666666666666667
3498,candidate_3,candidate_2,candidate_1,3,0.04666666666666667
3499,candidate_3,candidate_2,candidate_1,3,0.04666666666666667
3500,candidate_3,candidate_2,candidate_1,3,0.04666666666666667
3501,candidate_3,candidate_2,candidate_1,3,0.04666666666666667
3502,candidate_3,candidate_2,candidate_1,3,0.04666666666666667
3503,candidate_3,candidate_2,candidate_1,3,0.04666666666666667
3504,candidate_3,candidate_2,candidate_1,3,0.04666666666666667
3505,candidate_3,candidate_2,candidate_1,3,0.04666666666666667
3506,candidate_3,candidate_2,candidate_1,3,0.04666666666666667
3507,candidate_3,candidate_2,candidate_1,3,0.04666666666666667
3508,candidate_3,candidate_2,candidate_1,3,0.04666666666666667
3509,candidate_3,candidate_2,candidate_1,3,0.04666666666666667
3510,candidate_3,candidate_2,candidate_1,3,0.04666666666666667
3511,candidate_3,candidate_2,candidate_1,3,0.04666666666666667
3512,candidate_3,candidate_2,candidate_1,3,0.04666666666666667
3513,candidate_3,candidate_2,candidate_1,3,0.04666666666666667
3514,candidate_3,candidate_2,candidate_1,3,0.04666666666666667
3515,candidate_3,candidate_2,candidate_1,3,0.04666666666666667
3516,candidate_3,candidate_2,candidate_1,3,0.04666666666666667
3517,0,candidate_2,candidate_1,3,0.04666666666666667
3518,candidate_3,candidate_2,candidate_1,3,0.04666666666666667
3519,0,candidate_2,candidate_1,3,0.04666666666666667
3520,candidate_3,candidate_2,candidate_1,3,0.04666666666666667
3521,0,candidate_2,candidate_1,3,0.04666666666666667
3522,candidate_3,0,candidate_1,3,0.04666666666666667
3523,candidate_3,candidate_2,candidate_1,3,0.04666666666666667
3524,candidate_3,candidate_2,candidate_1,3,0.04666666666666667
3525,candidate_3,candidate_2,candidate_1,3,0.04666666666666667
3526,candidate_3,candidate_2,candidate_1,3,0.04666666666666667
3527,candidate_3,candidate_2,candidate_1,3,0.04666666666666667
3528,candidate_3,candidate_2,candidate_1,3,0.04666666666666667
3529,candidate_3,candidate_2,candidate_1,3,0.04666666666666667
3530,candidate_3,candidate_2,candidate_1,3,0.04666666666666667
3531,0,candidate_2,candidate_1,3,0.04666666666666667
3532,candidate_3,candidate_2,candidate_1,3,0.04666666666666667
3533,candidate_3,candidate_2,0,3,0.04666666666666667
3534,0,candidate_2,candidate_1,3,0.04666666666666667
3535,candidate_3,candidate_2,candidate_1,3,0.04666666666666667
3536,candidate_3,candidate_2,candidate_1,3,0.04666666666666667
3537,candidate_3,0,0,3,0.04666666666666667
3538,0,candidate_2,candidate_1,3,0.04666666666666667
3539,candidate_3,candidate_2,candidate_1,3,0.04666666666666667
3540,candidate_3,candidate_2,candidate_1,3,0.04666666666666667
3541,candidate_3,candidate_2,candidate_1,3,0.04666666666666667
3542,candidate_3,candidate_2,candidate_1,3,0.04666666666666667
3543,candidate_3,candidate_2,candidate_1,3,0.04666666666666667
3544,candidate_3,candidate_2,candidate_1,3,0.04666666666666667
3545,candidate_3,candidate_2,candidate_1,3,0.04666666666666667
3546,candidate_3,candidate_2,candidate_1,3,0.04666666666666667
3547,candidate_3,0,candidate_1,3,0.04666666666666667
3548,candidate_3,candidate_2,candidate_1,3,0.04666666666666667
3549,candidate_3,candidate_2,candidate_1,3,0.04666666666666667
3550,candidate_3,candidate_2,candidate_1,3,0.04666666666666667
3551,candidate_3,candidate_2,candidate_1,3,0.04666666666666667
3552,candidate_3,candidate_2,candidate_1,3,0.04666666666666667
3553,candidate_3,candidate_2,candidate_1,3,0.04666666666666667
3554,candidate_3,candidate_2,candidate_1,3,0.04666666666666667
3555,candidate_3,candidate_2,candidate_1,3,0.04666666666666667
3556,0,candidate_2,candidate_1,3,0.04666666666666667
3557,candidate_3,candidate_2,candidate_1,3,0.04666666666666667
3558,candidate_3,candidate_2,candidate_1,3,0.04666666666666667
3559,candidate_3,candidate_2,candidate_1,3,0.04666666666666667
3560,candidate_3,candidate_2,candidate_1,3,0.04666666666666667
3561,candidate_3,0,candidate_1,3,0.04666666666666667
3562,candidate_3,candidate_2,candidate_1,3,0.04666666666666667
3563,candidate_3,candidate_2,candidate_1,3,0.04666666666666667
3564,candidate_3,candidate_2,candidate_1,3,0.04666666666666667
3565,candidate_3,candidate_2,candidate_1,3,0.04666666666666667
3566,candidate_3,candidate_2,candidate_1,3,0.04666666666666667
3567,candidate_3,candidate_2,candidate_1,3,0.04666666666666667
3568,candidate_3,candidate_2,candidate_1,3,0.04666666666666667
3569,candidate_3,candidate_2,0,3,0.04666666666666667
3570,candidate_3,candidate_2,candidate_1,3,0.04666666666666667
3571,0,candidate_2,candidate_1,3,0.04666666666666667
3572,candidate_3,candidate_2,candidate_1,3,0.04666666666666667
3573,candidate_3,candidate_2,candidate_1,3,0.04666666666666667
3574,candidate_3,candidate_2,candidate_1,3,0.04666666666666667
3575,candidate_3,candidate_2,candidate_1,3,0.04666666666666667
3576,candidate_3,candidate_2,candidate_1,3,0.04666666666666667
3577,candidate_3,candidate_2,candidate_1,3,0.04666666666666667
3578,candidate_3,candidate_2,candidate_1,3,0.04666666666666667
3579,candidate_3,candidate_2,candidate_1,3,0.04666666666666667
3580,candidate_3,candidate_2,candidate_1,3,0.04666666666666667
3581,candidate_3,candidate_2,candidate_1,3,0.04666666666666667
3582,candidate_3,candidate_2,candidate_1,3,0.04666666666666667
3583,candidate_3,candidate_2,candidate_1,3,0.04666666666666667
3584,candidate_3,candidate_2,candidate_1,3,0.04666666666666667
3585,candidate_3,candidate_2,candidate_1,3,0.04666666666666667
3586,candidate_3,candidate_2,candidate_1,3,0.04666666666666667
3587,candidate_3,candidate_2,candidate_1,3,0.04666666666666667
3588,candidate_3,candidate_2,0,3,0.04666666666666667
3589,candidate_3,candidate_2,candidate_1,3,0.04666666666666667
3590,candidate_3,0,candidate_1,3,0.04666666666666667
3591,candidate_3,candidate_2,candidate_1,3,0.04666666666666667
3592,candidate_3,0,candidate_1,3,0.04666666666666667
3593,candidate_3,candidate_2,candidate_1,3,0.04666666666666667
3594,candidate_3,candidate_2,candidate_1,3,0.04666666666666667
3595,candidate_3,candidate_2,candidate_1,3,0.04666666666666667
3596,candidate_3,candidate_2,candidate_1,3,0.04666666666666667
3597,candidate_3,candidate_2,candidate_1,3,0.04666666666666667
3598,candidate_3,candidate_2,candidate_1,3,0.04666666666666667
3599,candidate_3,candidate_2,candidate_1,3,0.04666666666666667
3600,candidate_3,candidate_2,candidate_1,3,0.04666666666666667
3601,candidate_3,candidate_2,candidate_1,3,0.04666666666666667
3602,candidate_3,candidate_2,candidate_1,3,0.04666666666666667
3603,candidate_3,candidate_2,candidate_1,3,0.04666666666666667
3604,candidate_3,candidate_2,candidate_1,3,0.04666666666666667
3605,candidate_3,candidate_2,candidate_1,3,0.04666666666666667
3606,candidate_3,candidate_2,candidate_1,3,0.04666666666666667
3607,candidate_3,candidate_2,candidate_1,3,0.04666666666666667
3608,candidate_3,candidate_2,candidate_1,3,0.04666666666666667
3609,candidate_3,candidate_2,candidate_1,3,0.04666666666666667
3610,candidate_3,candidate_2,candidate_1,3,0.04666666666666667
3611,candidate_3,candidate_2,candidate_1,3,0.04666666666666667
3612,candidate_3,candidate_2,candidate_1,3,0.04666666666666667
3613,candidate_3,candidate_2,candidate_1,3,0.04666666666666667
3614,candidate_3,candidate_2,candidate_1,3,0.04666666666666667
3615,candidate_3,candidate_2,candidate_1,3,0.04666666666666667
3616,candidate_3,candidate_2,candidate_1,3,0.04666666666666667
3617,candidate_3,candidate_2,0,3,0.04666666666666667
3618,candidate_3,candidate_2,candidate_1,3,0.04666666666666667
3619,candidate_3,candidate_2,candidate_1,3,0.04666666666666667
3620,candidate_3,candidate_2,candidate_1,3,0.04666666666666667
3621,candidate_3,candidate_2,candidate_1,3,0.04666666666666667
3622,candidate_3,candidate_2,candidate_1,3,0.04666666666666667
3623,0,candidate_2,candidate_1,3,0.04666666666666667
3624,candidate_3,candidate_2,candidate_1,3,0.04666666666666667
3625,candidate_3,candidate_2,candidate_1,3,0.04666666666666667
3626,candidate_3,candidate_2,candidate_1,3,0.04666666666666667
3627,0,candidate_2,candidate_1,3,0.04666666666666667
3628,candidate_3,candidate_2,candidate_1,3,0.04666666666666667
3629,candidate_3,candidate_2,candidate_1,3,0.04666666666666667
3630,candidate_3,candidate_2,candidate_1,3,0.04666666666666667
3631,candidate_3,candidate_2,candidate_1,3,0.04666666666666667
3632,candidate_3,candidate_2,candidate_1,3,0.04666666666666667
3633,candidate_3,candidate_2,candidate_1,3,0.04666666666666667
3634,candidate_3,candidate_2,candidate_1,3,0.04666666666666667
3635,candidate_3,candidate_2,candidate_1,3,0.04666666666666667
3636,candidate_3,candidate_2,candidate_1,3,0.04666666666666667
3637,candidate_3,candidate_2,candidate_1,3,0.04666666666666667
3638,candidate_3,candidate_2,candidate_1,3,0.04666666666666667
3639,candidate_3,candidate_2,candidate_1,3,0.04666666666666667
3640,candidate_3,0,candidate_1,3,0.04666666666666667
3641,candidate_3,candidate_2,candidate_1,3,0.04666666666666667
3642,candidate_3,candidate_2,candidate_1,3,0.04666666666666667
3643,candidate_3,candidate_2,candidate_1,3,0.04666666666666667
3644,candidate_3,candidate_2,candidate_1,3,0.04666666666666667
3645,candidate_3,candidate_2,candidate_1,3,0.04666666666666667
3646,candidate_3,candidate_2,candidate_1,3,0.04666666666666667
3647,candidate_3,candidate_2,candidate_1,3,0.04666666666666667
3648,0,candidate_2,0,3,0.04666666666666667
3649,candidate_3,candidate_2,candidate_1,3,0.04666666666666667
3650,candidate_3,candidate_2,candidate_1,3,0.04666666666666667
3651,candidate_3,candidate_2,candidate_1,3,0.04666666666666667
3652,candidate_3,candidate_2,candidate_1,3,0.04666666666666667
3653,candidate_3,candidate_2,candidate_1,3,0.04666666666666667
3654,0,candidate_2,candidate_1,3,0.04666666666666667
3655,candidate_3,candidate_2,candidate_1,3,0.04666666666666667
3656,candidate_3,candidate_2,candidate_1,3,0.04666666666666667
3657,candidate_3,candidate_2,candidate_1,3,0.04666666666666667
3658,candidate_3,candidate_2,candidate_1,3,0.04666666666666667
3659,candidate_3,candidate_2,candidate_1,3,0.04666666666666667
3660,candidate_3,candidate_2,candidate_1,3,0.04666666666666667
3661,0,0,candidate_1,3,0.04666666666666667
3662,candidate_3,candidate_2,candidate_1,3,0.04666666666666667
3663,candidate_3,candidate_2,candidate_1,3,0.04666666666666667
3664,candidate_3,candidate_2,candidate_1,3,0.04666666666666667
3665,candidate_3,candidate_2,candidate_1,3,0.04666666666666667
3666,candidate_3,candidate_2,candidate_1,3,0.04666666666666667
3667,candidate_3,candidate_2,candidate_1,3,0.04666666666666667
3668,candidate_3,candidate_2,candidate_1,3,0.04666666666666667
3669,candidate_3,candidate_2,candidate_1,3,0.04666666666666667
3670,candidate_3,candidate_2,candidate_1,3,0.04666666666666667
3671,candidate_3,candidate_2,candidate_1,3,0.04666666666666667
3672,candidate_3,candidate_2,candidate_1,3,0.04666666666666667
3673,candidate_3,candidate_2,candidate_1,3,0.04666666666666667
3674,candidate_3,candidate_2,0,3,0.04666666666666667
3675,candidate_3,candidate_2,candidate_1,3,0.04666666666666667
3676,candidate_3,candidate_2,candidate_1,3,0.04666666666666667
3677,candidate_3,candidate_2,candidate_1,3,0.04666666666666667
3678,candidate_3,candidate_2,candidate_1,3,0.04666666666666667
3679,candidate_3,candidate_2,candidate_1,3,0.04666666666666667
3680,candidate_3,candidate_2,candidate_1,3,0.04666666666666667
3681,candidate_3,candidate_2,candidate_1,3,0.04666666666666667
3682,candidate_3,candidate_2,candidate_1,3,0.04666666666666667
3683,candidate_3,candidate_2,candidate_1,3,0.04666666666666667
3684,candidate_3,candidate_2,candidate_1,3,0.04666666666666667
3685,candidate_3,0,candidate_1,3,0.04666666666666667
3686,candidate_3,candidate_2,candidate_1,3,0.04666666666666667
3687,candidate_3,candidate_2,candidate_1,3,0.04666666666666667
3688,candidate_3,candidate_2,candidate_1,3,0.04666666666666667
3689,candidate_3,candidate_2,candidate_1,3,0.04666666666666667
3690,candidate_3,candidate_2,candidate_1,3,0.04666666666666667
3691,candidate_3,candidate_2,candidate_1,3,0.04666666666666667
3692,candidate_3,candidate_2,candidate_1,3,0.04666666666666667
3693,candidate_3,candidate_2,candidate_1,3,0.04666666666666667
3694,candidate_3,candidate_2,candidate_1,3,0.04666666666666667
3695,candidate_3,candidate_2,candidate_1,3,0.04666666666666667
3696,candidate_3,candidate_2,candidate_1,3,0.04666666666666667
3697,candidate_3,candidate_2,candidate_1,3,0.04666666666666667
3698,candidate_3,candidate_2,candidate_1,3,0.04666666666666667
3699,candidate_3,candidate_2,candidate_1,3,0.04666666666666667
3700,0,candidate_2,candidate_1,3,0.04666666666666667
3701,candidate_3,0,candidate_1,3,0.04666666666666667
3702,candidate_3,candidate_2,candidate_1,3,0.04666666666666667
3703,candidate_3,candidate_2,candidate_1,3,0.04666666666666667
3704,candidate_3,candidate_2,candidate_1,3,0.04666666666666667
3705,0,candidate_2,candidate_1,3,0.04666666666666667
3706,candidate_3,candidate_2,candidate_1,3,0.04666666666666667
3707,candidate_3,0,candidate_1,3,0.04666666666666667
3708,candidate_3,candidate_2,candidate_1,3,0.04666666666666667
3709,candidate_3,candidate_2,0,3,0.04666666666666667
3710,candidate_3,candidate_2,candidate_1,3,0.04666666666666667
3711,candidate_3,candidate_2,candidate_1,3,0.04666666666666667
3712,candidate_3,candidate_2,0,3,0.04666666666666667
3713,candidate_3,candidate_2,candidate_1,3,0.04666666666666667
3714,candidate_3,candidate_2,candidate_1,3,0.04666666666666667
3715,candidate_3,candidate_2,candidate_1,3,0.04666666666666667
3716,candidate_3,candidate_2,candidate_1,3,0.04666666666666667
3717,0,candidate_2,candidate_1,3,0.04666666666666667
3718,candidate_3,candidate_2,candidate_1,3,0.04666666666666667
3719,candidate_3,candidate_2,candidate_1,3,0.04666666666666667
3720,candidate_3,candidate_2,candidate_1,3,0.04666666666666667
3721,candidate_3,candidate_2,candidate_1,3,0.04666666666666667
3722,0,candidate_2,candidate_1,3,0.04666666666666667
3723,candidate_3,candidate_2,candidate_1,3,0.04666666666666667
3724,candidate_3,candidate_2,candidate_1,3,0.04666666666666667
3725,candidate_3,candidate_2,candidate_1,3,0.04666666666666667
3726,candidate_3,candidate_2,candidate_1,3,0.04666666666666667
3727,0,candidate_2,candidate_1,3,0.04666666666666667
3728,candidate_3,candidate_2,candidate_1,3,0.04666666666666667
3729,candidate_3,candidate_2,candidate_1,3,0.04666666666666667
3730,candidate_3,candidate_2,candidate_1,3,0.04666666666666667
3731,candidate_3,candidate_2,candidate_1,3,0.04666666666666667
3732,candidate_3,candidate_2,candidate_1,3,0.04666666666666667
3733,candidate_3,candidate_2,candidate_1,3,0.04666666666666667
3734,candidate_3,candidate_2,candidate_1,3,0.04666666666666667
3735,candidate_3,candidate_2,candidate_1,3,0.04666666666666667
3736,candidate_3,candidate_2,candidate_1,3,0.04666666666666667
3737,candidate_3,candidate_2,candidate_1,3,0.04666666666666667
3738,candidate_3,candidate_2,candidate_1,3,0.04666666666666667
3739,candidate_3,candidate_2,candidate_1,3,0.04666666666666667
3740,candidate_3,candidate_2,candidate_1,3,0.04666666666666667
3741,candidate_3,candidate_2,candidate_1,3,0.04666666666666667
3742,candidate_3,candidate_2,candidate_1,3,0.04666666666666667
3743,0,candidate_2,candidate_1,3,0.04666666666666667
3744,candidate_3,candidate_2,candidate_1,3,0.04666666666666667
3745,candidate_3,candidate_2,candidate_1,3,0.04666666666666667
3746,candidate_3,candidate_2,candidate_1,3,0.04666666666666667
3747,candidate_3,candidate_2,candidate_1,3,0.04666666666666667
3748,candidate_3,candidate_2,candidate_1,3,0.04666666666666667
3749,0,candidate_2,candidate_1,3,0.04666666666666667
3750,candidate_3,candidate_2,candidate_1,3,0.04666666666666667
3751,candidate_3,candidate_2,candidate_1,3,0.04666666666666667
3752,candidate_3,0,0,3,0.04666666666666667
3753,candidate_3,candidate_2,candidate_1,3,0.04666666666666667
3754,candidate_3,candidate_2,candidate_1,3,0.04666666666666667
3755,candidate_3,candidate_2,candidate_1,3,0.04666666666666667
3756,candidate_3,candidate_2,candidate_1,3,0.04666666666666667
3757,candidate_3,candidate_2,candidate_1,3,0.04666666666666667
3758,candidate_3,candidate_2,candidate_1,3,0.04666666666666667
3759,candidate_3,candidate_2,candidate_1,3,0.04666666666666667
3760,candidate_3,candidate_2,candidate_1,3,0.04666666666666667
3761,candidate_3,candidate_2,candidate_1,3,0.04666666666666667
3762,candidate_3,candidate_2,candidate_1,3,0.04666666666666667
3763,candidate_3,candidate_2,candidate_1,3,0.04666666666666667
3764,candidate_3,candidate_2,candidate_1,3,0.04666666666666667
3765,candidate_3,candidate_2,candidate_1,3,0.04666666666666667
3766,candidate_3,candidate_2,0,3,0.04666666666666667
3767,candidate_3,candidate_2,candidate_1,3,0.04666666666666667
3768,candidate_3,candidate_2,candidate_1,3,0.04666666666666667
3769,candidate_3,candidate_2,0,3,0.04666666666666667
3770,candidate_3,candidate_2,candidate_1,3,0.04666666666666667
3771,candidate_3,candidate_2,candidate_1,3,0.04666666666666667
3772,candidate_3,candidate_2,candidate_1,3,0.04666666666666667
3773,candidate_3,candidate_2,candidate_1,3,0.04666666666666667
3774,candidate_3,candidate_2,candidate_1,3,0.04666666666666667
3775,candidate_3,candidate_2,candidate_1,3,0.04666666666666667
3776,candidate_3,candidate_2,candidate_1,3,0.04666666666666667
3777,0,0,candidate_1,3,0.04666666666666667
3778,candidate_3,candidate_2,0,3,0.04666666666666667
3779,candidate_3,candidate_2,candidate_1,3,0.04666666666666667
3780,candidate_3,candidate_2,candidate_1,3,0.04666666666666667
3781,candidate_3,candidate_2,candidate_1,3,0.04666666666666667
3782,candidate_3,candidate_2,candidate_1,3,0.04666666666666667
3783,candidate_3,candidate_2,candidate_1,3,0.04666666666666667
3784,candidate_3,candidate_2,candidate_1,3,0.04666666666666667
3785,candidate_3,candidate_2,candidate_1,3,0.04666666666666667
3786,candidate_3,candidate_2,candidate_1,3,0.04666666666666667
3787,candidate_3,candidate_2,candidate_1,3,0.04666666666666667
3788,candidate_3,candidate_2,candidate_1,3,0.04666666666666667
3789,candidate_3,candidate_2,candidate_1,3,0.04666666666666667
3790,candidate_3,candidate_2,candidate_1,3,0.04666666666666667
3791,candidate_3,candidate_2,candidate_1,3,0.04666666666666667
3792,candidate_3,candidate_2,candidate_1,3,0.04666666666666667
3793,candidate_3,candidate_2,candidate_1,3,0.04666666666666667
3794,candidate_3,candidate_2,candidate_1,3,0.04666666666666667
3795,candidate_3,candidate_2,candidate_1,3,0.04666666666666667
3796,candidate_3,candidate_2,candidate_1,3,0.04666666666666667
3797,0,candidate_2,candidate_1,3,0.04666666666666667
3798,candidate_3,candidate_2,candidate_1,3,0.04666666666666667
3799,candidate_3,candidate_2,candidate_1,3,0.04666666666666667
3800,candidate_3,candidate_2,candidate_1,3,0.04666666666666667
3801,candidate_3,candidate_2,candidate_1,3,0.04666666666666667
3802,candidate_3,candidate_2,candidate_1,3,0.04666666666666667
3803,candidate_3,0,candidate_1,3,0.04666666666666667
3804,candidate_3,candidate_2,candidate_1,3,0.04666666666666667
3805,candidate_3,candidate_2,candidate_1,3,0.04666666666666667
3806,candidate_3,candidate_2,candidate_1,3,0.04666666666666667
3807,candidate_3,candidate_2,candidate_1,3,0.04666666666666667
3808,candidate_3,candidate_2,candidate_1,3,0.04666666666666667
3809,candidate_3,candidate_2,candidate_1,3,0.04666666666666667
3810,candidate_3,candidate_2,candidate_1,3,0.04666666666666667
3811,candidate_3,candidate_2,candidate_1,3,0.04666666666666667
3812,candidate_3,candidate_2,candidate_1,3,0.04666666666666667
3813,candidate_3,candidate_2,candidate_1,3,0.04666666666666667
3814,candidate_3,0,candidate_1,3,0.04666666666666667
3815,candidate_3,candidate_2,candidate_1,3,0.04666666666666667
3816,candidate_3,candidate_2,candidate_1,3,0.04666666666666667
3817,candidate_3,candidate_2,candidate_1,3,0.04666666666666667
3818,candidate_3,candidate_2,candidate_1,3,0.04666666666666667
3819,candidate_3,candidate_2,candidate_1,3,0.04666666666666667
3820,candidate_3,candidate_2,candidate_1,3,0.04666666666666667
3821,candidate_3,candidate_2,0,3,0.04666666666666667
3822,candidate_3,candidate_2,candidate_1,3,0.04666666666666667
3823,candidate_3,candidate_2,candidate_1,3,0.04666666666666667
3824,candidate_3,candidate_2,candidate_1,3,0.04666666666666667
3825,candidate_3,candidate_2,candidate_1,3,0.04666666666666667
3826,0,candidate_2,candidate_1,3,0.04666666666666667
3827,candidate_3,candidate_2,candidate_1,3,0.04666666666666667
3828,candidate_3,candidate_2,candidate_1,3,0.04666666666666667
3829,candidate_3,candidate_2,candidate_1,3,0.04666666666666667
3830,candidate_3,candidate_2,candidate_1,3,0.04666666666666667
3831,0,candidate_2,candidate_1,3,0.04666666666666667
3832,candidate_3,candidate_2,0,3,0.04666666666666667
3833,candidate_3,candidate_2,candidate_1,3,0.04666666666666667
3834,candidate_3,candidate_2,candidate_1,3,0.04666666666666667
3835,candidate_3,candidate_2,candidate_1,3,0.04666666666666667
3836,candidate_3,candidate_2,candidate_1,3,0.04666666666666667
3837,candidate_3,candidate_2,candidate_1,3,0.04666666666666667
3838,candidate_3,candidate_2,candidate_1,3,0.04666666666666667
3839,candidate_3,candidate_2,candidate_1,3,0.04666666666666667
3840,candidate_3,candidate_2,candidate_1,3,0.04666666666666667
3841,candidate_3,candidate_2,candidate_1,3,0.04666666666666667
3842,candidate_3,candidate_2,candidate_1,3,0.04666666666666667
3843,candidate_3,candidate_2,candidate_1,3,0.04666666666666667
3844,candidate_3,candidate_2,candidate_1,3,0.04666666666666667
3845,candidate_3,candidate_2,candidate_1,3,0.04666666666666667
3846,candidate_3,candidate_2,candidate_1,3,0.04666666666666667
3847,candidate_3,candidate_2,candidate_1,3,0.04666666666666667
3848,candidate_3,candidate_2,candidate_1,3,0.04666666666666667
3849,candidate_3,candidate_2,candidate_1,3,0.04666666666666667
3850,candidate_3,candidate_2,candidate_1,3,0.04666666666666667
3851,candidate_3,candidate_2,candidate_1,3,0.04666666666666667
3852,candidate_3,0,candidate_1,3,0.04666666666666667
3853,0,candidate_2,candidate_1,3,0.04666666666666667
3854,candidate_3,candidate_2,candidate_1,3,0.04666666666666667
3855,candidate_3,candidate_2,candidate_1,3,0.04666666666666667
3856,candidate_3,candidate_2,candidate_1,3,0.04666666666666667
3857,candidate_3,candidate_2,candidate_1,3,0.04666666666666667
3858,candidate_3,candidate_2,candidate_1,3,0.04666666666666667
3859,candidate_3,candidate_2,candidate_1,3,0.04666666666666667
3860,0,candidate_2,candidate_1,3,0.04666666666666667
3861,candidate_3,candidate_2,candidate_1,3,0.04666666666666667
3862,candidate_3,candidate_2,candidate_1,3,0.04666666666666667
3863,candidate_3,candidate_2,0,3,0.04666666666666667
3864,candidate_3,candidate_2,candidate_1,3,0.04666666666666667
3865,candidate_3,candidate_2,candidate_1,3,0.04666666666666667
3866,candidate_3,candidate_2,candidate_1,3,0.04666666666666667
3867,candidate_3,candidate_2,candidate_1,3,0.04666666666666667
3868,candidate_3,candidate_2,candidate_1,3,0.04666666666666667
3869,candidate_3,candidate_2,candidate_1,3,0.04666666666666667
3870,candidate_3,candidate_2,candidate_1,3,0.04666666666666667
3871,candidate_3,candidate_2,candidate_1,3,0.04666666666666667
3872,candidate_3,candidate_2,0,3,0.04666666666666667
3873,candidate_3,candidate_2,candidate_1,3,0.04666666666666667
3874,0,candidate_2,candidate_1,3,0.04666666666666667
3875,candidate_3,candidate_2,candidate_1,3,0.04666666666666667
3876,candidate_3,candidate_2,candidate_1,3,0.04666666666666667
3877,candidate_3,candidate_2,candidate_1,3,0.04666666666666667
3878,candidate_3,candidate_2,candidate_1,3,0.04666666666666667
3879,candidate_3,candidate_2,candidate_1,3,0.04666666666666667
3880,candidate_3,candidate_2,candidate_1,3,0.04666666666666667
3881,candidate_3,candidate_2,candidate_1,3,0.04666666666666667
3882,candidate_3,candidate_2,candidate_1,3,0.04666666666666667
3883,candidate_3,candidate_2,candidate_1,3,0.04666666666666667
3884,candidate_3,candidate_2,candidate_1,3,0.04666666666666667
3885,candidate_3,candidate_2,candidate_1,3,0.04666666666666667
3886,candidate_3,candidate_2,candidate_1,3,0.04666666666666667
3887,candidate_3,candidate_2,candidate_1,3,0.04666666666666667
3888,candidate_3,candidate_2,candidate_1,3,0.04666666666666667
3889,candidate_3,candidate_2,candidate_1,3,0.04666666666666667
3890,candidate_3,0,candidate_1,3,0.04666666666666667
3891,candidate_3,candidate_2,candidate_1,3,0.04666666666666667
3892,candidate_3,candidate_2,candidate_1,3,0.04666666666666667
3893,candidate_3,candidate_2,candidate_1,3,0.04666666666666667
3894,candidate_3,candidate_2,candidate_1,3,0.04666666666666667
3895,candidate_3,candidate_2,candidate_1,3,0.04666666666666667
3896,candidate_3,candidate_2,candidate_1,3,0.04666666666666667
3897,0,candidate_2,candidate_1,3,0.04666666666666667
3898,candidate_3,candidate_2,0,3,0.04666666666666667
3899,candidate_3,candidate_2,candidate_1,3,0.04666666666666667
3900,candidate_3,candidate_2,candidate_1,3,0.04666666666666667
3901,candidate_3,candidate_2,candidate_1,3,0.04666666666666667
3902,candidate_3,candidate_2,candidate_1,3,0.04666666666666667
3903,candidate_3,candidate_2,candidate_1,3,0.04666666666666667
3904,candidate_3,candidate_2,candidate_1,3,0.04666666666666667
3905,candidate_3,candidate_2,candidate_1,3,0.04666666666666667
3906,candidate_3,candidate_2,candidate_1,3,0.04666666666666667
3907,candidate_3,candidate_2,candidate_1,3,0.04666666666666667
3908,candidate_3,candidate_2,candidate_1,3,0.04666666666666667
3909,candidate_3,candidate_2,candidate_1,3,0.04666666666666667
3910,0,candidate_2,candidate_1,3,0.04666666666666667
3911,candidate_3,candidate_2,0,3,0.04666666666666667
3912,0,candidate_2,candidate_1,3,0.04666666666666667
3913,candidate_3,candidate_2,candidate_1,3,0.04666666666666667
3914,candidate_3,candidate_2,candidate_1,3,0.04666666666666667
3915,candidate_3,candidate_2,candidate_1,3,0.04666666666666667
3916,candidate_3,candidate_2,candidate_1,3,0.04666666666666667
3917,candidate_3,candidate_2,candidate_1,3,0.04666666666666667
3918,candidate_3,candidate_2,candidate_1,3,0.04666666666666667
3919,candidate_3,0,candidate_1,3,0.04666666666666667
3920,candidate_3,candidate_2,candidate_1,3,0.04666666666666667
3921,candidate_3,candidate_2,candidate_1,3,0.04666666666666667
3922,candidate_3,candidate_2,0,3,0.04666666666666667
3923,candidate_3,candidate_2,candidate_1,3,0.04666666666666667
3924,candidate_3,candidate_2,0,3,0.04666666666666667
3925,candidate_3,candidate_2,candidate_1,3,0.04666666666666667
3926,candidate_3,candidate_2,candidate_1,3,0.04666666666666667
3927,candidate_3,candidate_2,candidate_1,3,0.04666666666666667
3928,candidate_3,candidate_2,candidate_1,3,0.04666666666666667
3929,candidate_3,candidate_2,candidate_1,3,0.04666666666666667
3930,candidate_3,candidate_2,candidate_1,3,0.04666666666666667
3931,candidate_3,candidate_2,candidate_1,3,0.04666666666666667
3932,candidate_3,candidate_2,candidate_1,3,0.04666666666666667
3933,candidate_3,candidate_2,candidate_1,3,0.04666666666666667
3934,0,candidate_2,candidate_1,3,0.04666666666666667
3935,candidate_3,candidate_2,0,3,0.04666666666666667
3936,candidate_3,candidate_2,candidate_1,3,0.04666666666666667
3937,candidate_3,candidate_2,candidate_1,3,0.04666666666666667
3938,candidate_3,candidate_2,candidate_1,3,0.04666666666666667
3939,candidate_3,candidate_2,candidate_1,3,0.04666666666666667
3940,candidate_3,candidate_2,candidate_1,3,0.04666666666666667
3941,candidate_3,candidate_2,candidate_1,3,0.04666666666666667
3942,candidate_3,candidate_2,candidate_1,3,0.04666666666666667
3943,candidate_3,candidate_2,candidate_1,3,0.04666666666666667
3944,0,candidate_2,candidate_1,3,0.04666666666666667
3945,candidate_3,candidate_2,candidate_1,3,0.04666666666666667
3946,candidate_3,candidate_2,candidate_1,3,0.04666666666666667
3947,candidate_3,candidate_2,candidate_1,3,0.04666666666666667
3948,0,candidate_2,candidate_1,3,0.04666666666666667
3949,candidate_3,candidate_2,candidate_1,3,0.04666666666666667
3950,candidate_3,candidate_2,candidate_1,3,0.04666666666666667
3951,candidate_3,candidate_2,candidate_1,3,0.04666666666666667
3952,candidate_3,candidate_2,candidate_1,3,0.04666666666666667
3953,candidate_3,candidate_2,candidate_1,3,0.04666666666666667
3954,candidate_3,candidate_2,candidate_1,3,0.04666666666666667
3955,candidate_3,candidate_2,candidate_1,3,0.04666666666666667
3956,candidate_3,candidate_2,candidate_1,3,0.04666666666666667
3957,candidate_3,candidate_2,candidate_1,3,0.04666666666666667
3958,candidate_3,candidate_2,candidate_1,3,0.04666666666666667
3959,candidate_3,candidate_2,candidate_1,3,0.04666666666666667
3960,candidate_3,candidate_2,candidate_1,3,0.04666666666666667
3961,candidate_3,candidate_2,candidate_1,3,0.04666666666666667
3962,candidate_3,candidate_2,candidate_1,3,0.04666666666666667
3963,candidate_3,candidate_2,candidate_1,3,0.04666666666666667
3964,candidate_3,candidate_2,candidate_1,3,0.04666666666666667
3965,candidate_3,candidate_2,0,3,0.04666666666666667
3966,candidate_3,candidate_2,0,3,0.04666666666666667
3967,candidate_3,candidate_2,candidate_1,3,0.04666666666666667
3968,candidate_3,candidate_2,candidate_1,3,0.04666666666666667
3969,candidate_3,candidate_2,candidate_1,3,0.04666666666666667
3970,candidate_3,candidate_2,candidate_1,3,0.04666666666666667
3971,candidate_3,candidate_2,candidate_1,3,0.04666666666666667
3972,candidate_3,candidate_2,candidate_1,3,0.04666666666666667
3973,candidate_3,candidate_2,candidate_1,3,0.04666666666666667
3974,candidate_3,candidate_2,candidate_1,3,0.04666666666666667
3975,candidate_3,candidate_2,candidate_1,3,0.04666666666666667
3976,candidate_3,candidate_2,candidate_1,3,0.04666666666666667
3977,candidate_3,candidate_2,candidate_1,3,0.04666666666666667
3978,0,candidate_2,candidate_1,3,0.04666666666666667
3979,candidate_3,candidate_2,candidate_1,3,0.04666666666666667
3980,candidate_3,candidate_2,candidate_1,3,0.04666666666666667
3981,candidate_3,candidate_2,candidate_1,3,0.04666666666666667
3982,0,candidate_2,candidate_1,3,0.04666666666666667
3983,candidate_3,candidate_2,candidate_1,3,0.04666666666666667
3984,candidate_3,candidate_2,candidate_1,3,0.04666666666666667
3985,candidate_3,candidate_2,candidate_1,3,0.04666666666666667
3986,candidate_3,candidate_2,candidate_1,3,0.04666666666666667
3987,candidate_3,candidate_2,candidate_1,3,0.04666666666666667
3988,candidate_3,candidate_2,candidate_1,3,0.04666666666666667
3989,candidate_3,candidate_2,candidate_1,3,0.04666666666666667
3990,candidate_3,candidate_2,candidate_1,3,0.04666666666666667
3991,candidate_3,candidate_2,candidate_1,3,0.04666666666666667
3992,candidate_3,0,candidate_1,3,0.04666666666666667
3993,candidate_3,candidate_2,candidate_1,3,0.04666666666666667
3994,0,candidate_2,candidate_1,3,0.04666666666666667
3995,candidate_3,candidate_2,candidate_1,3,0.04666666666666667
3996,candidate_3,candidate_2,candidate_1,3,0.04666666666666667
3997,candidate_3,candidate_2,candidate_1,3,0.04666666666666667
3998,candidate_3,candidate_2,candidate_1,3,0.04666666666666667
3999,candidate_3,candidate_2,0,3,0.04666666666666667
4000,candidate_3,candidate_2,candidate_1,3,0.04666666666666667
4001,candidate_3,candidate_2,candidate_1,3,0.04666666666666667
4002,candidate_3,candidate_2,candidate_1,3,0.04666666666666667
4003,candidate_3,candidate_2,candidate_1,3,0.04666666666666667
4004,candidate_3,candidate_2,candidate_1,3,0.04666666666666667
4005,candidate_3,candidate_2,candidate_1,3,0.04666666666666667
4006,candidate_3,candidate_2,candidate_1,3,0.04666666666666667
4007,candidate_3,candidate_2,candidate_1,3,0.04666666666666667
4008,candidate_3,candidate_2,candidate_1,3,0.04666666666666667
4009,candidate_3,candidate_2,candidate_1,3,0.04666666666666667
4010,candidate_3,candidate_2,candidate_1,3,0.04666666666666667
4011,candidate_3,candidate_2,candidate_1,3,0.04666666666666667
4012,candidate_3,candidate_2,candidate_1,3,0.04666666666666667
4013,candidate_3,candidate_2,0,3,0.04666666666666667
4014,candidate_3,candidate_2,candidate_1,3,0.04666666666666667
4015,candidate_3,0,candidate_1,3,0.04666666666666667
4016,candidate_3,candidate_2,candidate_1,3,0.04666666666666667
4017,candidate_3,candidate_2,candidate_1,3,0.04666666666666667
4018,0,candidate_2,candidate_1,3,0.04666666666666667
4019,candidate_3,candidate_2,candidate_1,3,0.04666666666666667
4020,candidate_3,candidate_2,candidate_1,3,0.04666666666666667
4021,candidate_3,candidate_2,candidate_1,3,0.04666666666666667
4022,candidate_3,candidate_2,candidate_1,3,0.04666666666666667
4023,candidate_3,candidate_2,candidate_1,3,0.04666666666666667
4024,candidate_3,candidate_2,candidate_1,3,0.04666666666666667
4025,candidate_3,0,candidate_1,3,0.04666666666666667
4026,candidate_3,candidate_2,candidate_1,3,0.04666666666666667
4027,candidate_3,candidate_2,candidate_1,3,0.04666666666666667
4028,candidate_3,candidate_2,candidate_1,3,0.04666666666666667
4029,candidate_3,candidate_2,candidate_1,3,0.04666666666666667
4030,candidate_3,candidate_2,candidate_1,3,0.04666666666666667
4031,candidate_3,candidate_2,candidate_1,3,0.04666666666666667
4032,candidate_3,candidate_2,candidate_1,3,0.04666666666666667
4033,candidate_3,candidate_2,0,3,0.04666666666666667
4034,candidate_3,candidate_2,candidate_1,3,0.04666666666666667
4035,candidate_3,0,candidate_1,3,0.04666666666666667
4036,candidate_3,candidate_2,candidate_1,3,0.04666666666666667
4037,candidate_3,candidate_2,candidate_1,3,0.04666666666666667
4038,candidate_3,candidate_2,candidate_1,3,0.04666666666666667
4039,candidate_3,candidate_2,candidate_1,3,0.04666666666666667
4040,candidate_3,candidate_2,candidate_1,3,0.04666666666666667
4041,candidate_3,candidate_2,candidate_1,3,0.04666666666666667
4042,candidate_3,candidate_2,candidate_1,3,0.04666666666666667
4043,candidate_3,candidate_2,candidate_1,3,0.04666666666666667
4044,candidate_3,candidate_2,candidate_1,3,0.04666666666666667
4045,candidate_3,candidate_2,candidate_1,3,0.04666666666666667
4046,candidate_3,candidate_2,candidate_1,3,0.04666666666666667
4047,candidate_3,candidate_2,candidate_1,3,0.04666666666666667
4048,candidate_3,candidate_2,candidate_1,3,0.04666666666666667
4049,0,candidate_2,candidate_1,3,0.04666666666666667
4050,candidate_3,candidate_2,candidate_1,3,0.04666666666666667
4051,candidate_3,candidate_2,candidate_1,3,0.04666666666666667
4052,candidate_3,candidate_2,candidate_1,3,0.04666666666666667
4053,candidate_3,candidate_2,candidate_1,3,0.04666666666666667
4054,candidate_3,candidate_2,candidate_1,3,0.04666666666666667
4055,candidate_3,candidate_2,candidate_1,3,0.04666666666666667
4056,candidate_3,candidate_2,candidate_1,3,0.04666666666666667
4057,candidate_3,candidate_2,candidate_1,3,0.04666666666666667
4058,candidate_3,candidate_2,candidate_1,3,0.04666666666666667
4059,candidate_3,candidate_2,candidate_1,3,0.04666666666666667
4060,candidate_3,candidate_2,candidate_1,3,0.04666666666666667
4061,candidate_3,candidate_2,candidate_1,3,0.04666666666666667
4062,candidate_3,candidate_2,candidate_1,3,0.04666666666666667
4063,candidate_3,candidate_2,candidate_1,3,0.04666666666666667
4064,candidate_3,candidate_2,candidate_1,3,0.04666666666666667
4065,candidate_3,candidate_2,candidate_1,3,0.04666666666666667
4066,candidate_3,candidate_2,candidate_1,3,0.04666666666666667
4067,candidate_3,candidate_2,candidate_1,3,0.04666666666666667
4068,candidate_3,candidate_2,candidate_1,3,0.04666666666666667
4069,candidate_3,candidate_2,candidate_1,3,0.04666666666666667
4070,candidate_3,candidate_2,candidate_1,3,0.04666666666666667
4071,candidate_3,candidate_2,candidate_1,3,0.04666666666666667
4072,candidate_3,candidate_2,candidate_1,3,0.04666666666666667
4073,candidate_3,candidate_2,candidate_1,3,0.04666666666666667
4074,candidate_3,candidate_2,candidate_1,3,0.04666666666666667
4075,candidate_3,candidate_2,candidate_1,3,0.04666666666666667
4076,candidate_3,candidate_2,candidate_1,3,0.04666666666666667
4077,candidate_3,candidate_2,candidate_1,3,0.04666666666666667
4078,candidate_3,candidate_2,candidate_1,3,0.04666666666666667
4079,candidate_3,candidate_2,candidate_1,3,0.04666666666666667
4080,candidate_3,candidate_2,candidate_1,3,0.04666666666666667
4081,0,0,candidate_1,3,0.04666666666666667
4082,0,candidate_2,candidate_1,3,0.04666666666666667
4083,candidate_3,candidate_2,candidate_1,3,0.04666666666666667
4084,candidate_3,candidate_2,candidate_1,3,0.04666666666666667
4085,candidate_3,candidate_2,candidate_1,3,0.04666666666666667
4086,candidate_3,candidate_2,candidate_1,3,0.04666666666666667
4087,candidate_3,candidate_2,candidate_1,3,0.04666666666666667
4088,candidate_3,candidate_2,candidate_1,3,0.04666666666666667
4089,candidate_3,candidate_2,candidate_1,3,0.04666666666666667
4090,candidate_3,candidate_2,candidate_1,3,0.04666666666666667
4091,candidate_3,candidate_2,candidate_1,3,0.04666666666666667
4092,candidate_3,candidate_2,candidate_1,3,0.04666666666666667
4093,candidate_3,candidate_2,candidate_1,3,0.04666666666666667
4094,candidate_3,candidate_2,candidate_1,3,0.04666666666666667
4095,candidate_3,candidate_2,candidate_1,3,0.04666666666666667
4096,candidate_3,candidate_2,candidate_1,3,0.04666666666666667
4097,candidate_3,candidate_2,candidate_1,3,0.04666666666666667
4098,candidate_3,candidate_2,candidate_1,3,0.04666666666666667
4099,candidate_3,candidate_2,candidate_1,3,0.04666666666666667
4100,candidate_3,candidate_2,candidate_1,3,0.04666666666666667
4101,candidate_3,candidate_2,candidate_1,3,0.04666666666666667
4102,candidate_3,candidate_2,candidate_1,3,0.04666666666666667
4103,candidate_3,candidate_2,candidate_1,3,0.04666666666666667
4104,candidate_3,candidate_2,candidate_1,3,0.04666666666666667
4105,candidate_3,candidate_2,candidate_1,3,0.04666666666666667
4106,candidate_3,candidate_2,0,3,0.04666666666666667
4107,candidate_3,candidate_2,candidate_1,3,0.04666666666666667
4108,candidate_3,candidate_2,candidate_1,3,0.04666666666666667
4109,candidate_3,candidate_2,0,3,0.04666666666666667
4110,candidate_3,candidate_2,0,3,0.04666666666666667
4111,candidate_3,candidate_2,candidate_1,3,0.04666666666666667
4112,candidate_3,candidate_2,candidate_1,3,0.04666666666666667
4113,candidate_3,candidate_2,candidate_1,3,0.04666666666666667
4114,0,candidate_2,candidate_1,3,0.04666666666666667
4115,0,candidate_2,candidate_1,3,0.04666666666666667
4116,candidate_3,candidate_2,candidate_1,3,0.04666666666666667
4117,candidate_3,candidate_2,candidate_1,3,0.04666666666666667
4118,candidate_3,candidate_2,candidate_1,3,0.04666666666666667
4119,candidate_3,candidate_2,candidate_1,3,0.04666666666666667
4120,candidate_3,candidate_2,candidate_1,3,0.04666666666666667
4121,0,candidate_2,candidate_1,3,0.04666666666666667
4122,candidate_3,candidate_2,candidate_1,3,0.04666666666666667
4123,candidate_3,candidate_2,candidate_1,3,0.04666666666666667
4124,candidate_3,candidate_2,candidate_1,3,0.04666666666666667
4125,0,candidate_2,candidate_1,3,0.04666666666666667
4126,candidate_3,candidate_2,candidate_1,3,0.04666666666666667
4127,candidate_3,candidate_2,candidate_1,3,0.04666666666666667
4128,candidate_3,0,candidate_1,3,0.04666666666666667
4129,candidate_3,candidate_2,candidate_1,3,0.04666666666666667
4130,candidate_3,candidate_2,candidate_1,3,0.04666666666666667
4131,candidate_3,candidate_2,candidate_1,3,0.04666666666666667
4132,candidate_3,candidate_2,0,3,0.04666666666666667
4133,candidate_3,candidate_2,candidate_1,3,0.04666666666666667
4134,candidate_3,candidate_2,candidate_1,3,0.04666666666666667
4135,candidate_3,candidate_2,candidate_1,3,0.04666666666666667
4136,candidate_3,candidate_2,candidate_1,3,0.04666666666666667
4137,candidate_3,candidate_2,candidate_1,3,0.04666666666666667
4138,candidate_3,candidate_2,candidate_1,3,0.04666666666666667
4139,candidate_3,candidate_2,candidate_1,3,0.04666666666666667
4140,candidate_3,candidate_2,candidate_1,3,0.04666666666666667
4141,candidate_3,candidate_2,candidate_1,3,0.04666666666666667
4142,0,candidate_2,candidate_1,3,0.04666666666666667
4143,candidate_3,candidate_2,candidate_1,3,0.04666666666666667
4144,candidate_3,candidate_2,candidate_1,3,0.04666666666666667
4145,candidate_3,candidate_2,candidate_1,3,0.04666666666666667
4146,candidate_3,candidate_2,candidate_1,3,0.04666666666666667
4147,candidate_3,candidate_2,candidate_1,3,0.04666666666666667
4148,candidate_3,candidate_2,candidate_1,3,0.04666666666666667
4149,candidate_3,candidate_2,candidate_1,3,0.04666666666666667
4150,candidate_3,candidate_2,candidate_1,3,0.04666666666666667
4151,candidate_3,candidate_2,candidate_1,3,0.04666666666666667
4152,candidate_3,candidate_2,candidate_1,3,0.04666666666666667
4153,candidate_3,candidate_2,candidate_1,3,0.04666666666666667
4154,candidate_3,candidate_2,0,3,0.04666666666666667
4155,candidate_3,0,candidate_1,3,0.04666666666666667
4156,candidate_3,candidate_2,candidate_1,3,0.04666666666666667
4157,candidate_3,candidate_2,candidate_1,3,0.04666666666666667
4158,candidate_3,candidate_2,candidate_1,3,0.04666666666666667
4159,candidate_3,candidate_2,candidate_1,3,0.04666666666666667
4160,candidate_3,candidate_2,candidate_1,3,0.04666666666666667
4161,candidate_3,candidate_2,candidate_1,3,0.04666666666666667
4162,candidate_3,0,candidate_1,3,0.04666666666666667
4163,candidate_3,candidate_2,candidate_1,3,0.04666666666666667
4164,candidate_3,candidate_2,candidate_1,3,0.04666666666666667
4165,candidate_3,candidate_2,candidate_1,3,0.04666666666666667
4166,candidate_3,candidate_2,candidate_1,3,0.04666666666666667
4167,candidate_3,candidate_2,candidate_1,3,0.04666666666666667
4168,candidate_3,candidate_2,candidate_1,3,0.04666666666666667
4169,candidate_3,candidate_2,candidate_1,3,0.04666666666666667
4170,candidate_3,candidate_2,candidate_1,3,0.04666666666666667
4171,candidate_3,candidate_2,candidate_1,3,0.04666666666666667
4172,candidate_3,candidate_2,candidate_1,3,0.04666666666666667
4173,candidate_3,candidate_2,candidate_1,3,0.04666666666666667
4174,candidate_3,candidate_2,candidate_1,3,0.04666666666666667
4175,candidate_3,0,candidate_1,3,0.04666666666666667
4176,candidate_3,candidate_2,candidate_1,3,0.04666666666666667
4177,candidate_3,candidate_2,candidate_1,3,0.04666666666666667
4178,candidate_3,candidate_2,candidate_1,3,0.04666666666666667
4179,candidate_3,candidate_2,candidate_1,3,0.04666666666666667
4180,candidate_3,candidate_2,candidate_1,3,0.04666666666666667
4181,candidate_3,candidate_2,candidate_1,3,0.04666666666666667
4182,candidate_3,candidate_2,0,3,0.04666666666666667
4183,candidate_3,candidate_2,candidate_1,3,0.04666666666666667
4184,candidate_3,candidate_2,candidate_1,3,0.04666666666666667
4185,candidate_3,candidate_2,candidate_1,3,0.04666666666666667
4186,candidate_3,candidate_2,candidate_1,3,0.04666666666666667
4187,candidate_3,candidate_2,candidate_1,3,0.04666666666666667
4188,candidate_3,candidate_2,candidate_1,3,0.04666666666666667
4189,candidate_3,candidate_2,candidate_1,3,0.04666666666666667
4190,candidate_3,candidate_2,candidate_1,3,0.04666666666666667
4191,candidate_3,candidate_2,candidate_1,3,0.04666666666666667
4192,candidate_3,candidate_2,candidate_1,3,0.04666666666666667
4193,candidate_3,candidate_2,candidate_1,3,0.04666666666666667
4194,candidate_3,candidate_2,0,3,0.04666666666666667
4195,candidate_3,candidate_2,candidate_1,3,0.04666666666666667
4196,candidate_3,candidate_2,candidate_1,3,0.04666666666666667
4197,candidate_3,candidate_2,candidate_1,3,0.04666666666666667
4198,candidate_3,candidate_2,candidate_1,3,0.04666666666666667
4199,candidate_3,candidate_2,candidate_1,3,0.04666666666666667
4200,candidate_3,candidate_2,candidate_1,3,0.04666666666666667
4201,candidate_3,candidate_2,candidate_1,3,0.04666666666666667
4202,candidate_3,candidate_2,candidate_1,3,0.04666666666666667
4203,candidate_3,candidate_2,candidate_1,3,0.04666666666666667
4204,candidate_3,candidate_2,0,3,0.04666666666666667
4205,candidate_3,candidate_2,candidate_1,3,0.04666666666666667
4206,candidate_3,candidate_2,candidate_1,3,0.04666666666666667
4207,candidate_3,candidate_2,candidate_1,3,0.04666666666666667
4208,candidate_3,candidate_2,candidate_1,3,0.04666666666666667
4209,candidate_3,candidate_2,candidate_1,3,0.04666666666666667
4210,candidate_3,candidate_2,candidate_1,3,0.04666666666666667
4211,candidate_3,candidate_2,candidate_1,3,0.04666666666666667
4212,candidate_3,candidate_2,candidate_1,3,0.04666666666666667
4213,candidate_3,candidate_2,candidate_1,3,0.04666666666666667
4214,candidate_3,candidate_2,candidate_1,3,0.04666666666666667
4215,candidate_3,candidate_2,candidate_1,3,0.04666666666666667
4216,candidate_3,candidate_2,candidate_1,3,0.04666666666666667
4217,candidate_3,candidate_2,candidate_1,3,0.04666666666666667
4218,candidate_3,candidate_2,candidate_1,3,0.04666666666666667
4219,candidate_3,candidate_2,candidate_1,3,0.04666666666666667
4220,candidate_3,candidate_2,candidate_1,3,0.04666666666666667
4221,candidate_3,candidate_2,candidate_1,3,0.04666666666666667
4222,candidate_3,candidate_2,candidate_1,3,0.04666666666666667
4223,candidate_3,candidate_2,candidate_1,3,0.04666666666666667
4224,candidate_3,candidate_2,candidate_1,3,0.04666666666666667
4225,candidate_3,candidate_2,candidate_1,3,0.04666666666666667
4226,candidate_3,candidate_2,candidate_1,3,0.04666666666666667
4227,candidate_3,candidate_2,candidate_1,3,0.04666666666666667
4228,candidate_3,0,candidate_1,3,0.04666666666666667
4229,candidate_3,candidate_2,candidate_1,3,0.04666666666666667
4230,candidate_3,candidate_2,candidate_1,3,0.04666666666666667
4231,candidate_3,candidate_2,candidate_1,3,0.04666666666666667
4232,candidate_3,candidate_2,candidate_1,3,0.04666666666666667
4233,candidate_3,candidate_2,candidate_1,3,0.04666666666666667
4234,candidate_3,candidate_2,0,3,0.04666666666666667
4235,candidate_3,candidate_2,candidate_1,3,0.04666666666666667
4236,candidate_3,candidate_2,candidate_1,3,0.04666666666666667
4237,candidate_3,candidate_2,candidate_1,3,0.04666666666666667
4238,candidate_3,candidate_2,candidate_1,3,0.04666666666666667
4239,candidate_3,candidate_2,candidate_1,3,0.04666666666666667
4240,candidate_3,candidate_2,candidate_1,3,0.04666666666666667
4241,candidate_3,candidate_2,candidate_1,3,0.04666666666666667
4242,candidate_3,candidate_2,candidate_1,3,0.04666666666666667
4243,candidate_3,candidate_2,candidate_1,3,0.04666666666666667
4244,candidate_3,candidate_2,candidate_1,3,0.04666666666666667
4245,candidate_3,candidate_2,candidate_1,3,0.04666666666666667
4246,candidate_3,candidate_2,candidate_1,3,0.04666666666666667
4247,0,candidate_2,0,3,0.04666666666666667
4248,candidate_3,candidate_2,candidate_1,3,0.04666666666666667
4249,candidate_3,candidate_2,candidate_1,3,0.04666666666666667
4250,candidate_3,candidate_2,candidate_1,3,0.04666666666666667
4251,candidate_3,candidate_2,candidate_1,3,0.04666666666666667
4252,candidate_3,candidate_2,candidate_1,3,0.04666666666666667
4253,candidate_3,candidate_2,candidate_1,3,0.04666666666666667
4254,candidate_3,candidate_2,candidate_1,3,0.04666666666666667
4255,candidate_3,candidate_2,candidate_1,3,0.04666666666666667
4256,candidate_3,candidate_2,candidate_1,3,0.04666666666666667
4257,candidate_3,candidate_2,candidate_1,3,0.04666666666666667
4258,candidate_3,candidate_2,candidate_1,3,0.04666666666666667
4259,candidate_3,candidate_2,0,3,0.04666666666666667
4260,candidate_3,candidate_2,candidate_1,3,0.04666666666666667
4261,candidate_3,candidate_2,candidate_1,3,0.04666666666666667
4262,candidate_3,candidate_2,candidate_1,3,0.04666666666666667
4263,candidate_3,candidate_2,candidate_1,3,0.04666666666666667
4264,candidate_3,candidate_2,candidate_1,3,0.04666666666666667
4265,candidate_3,candidate_2,candidate_1,3,0.04666666666666667
4266,candidate_3,candidate_2,candidate_1,3,0.04666666666666667
4267,candidate_3,0,candidate_1,3,0.04666666666666667
4268,candidate_3,candidate_2,candidate_1,3,0.04666666666666667
4269,candidate_3,candidate_2,candidate_1,3,0.04666666666666667
4270,candidate_3,candidate_2,candidate_1,3,0.04666666666666667
4271,candidate_3,candidate_2,candidate_1,3,0.04666666666666667
4272,candidate_3,candidate_2,0,3,0.04666666666666667
4273,candidate_3,candidate_2,candidate_1,3,0.04666666666666667
4274,candidate_3,candidate_2,candidate_1,3,0.04666666666666667
4275,candidate_3,candidate_2,candidate_1,3,0.04666666666666667
4276,candidate_3,candidate_2,candidate_1,3,0.04666666666666667
4277,0,candidate_2,candidate_1,3,0.04666666666666667
4278,0,candidate_2,candidate_1,3,0.04666666666666667
4279,candidate_3,candidate_2,candidate_1,3,0.04666666666666667
4280,candidate_3,candidate_2,candidate_1,3,0.04666666666666667
4281,candidate_3,candidate_2,candidate_1,3,0.04666666666666667
4282,candidate_3,candidate_2,candidate_1,3,0.04666666666666667
4283,candidate_3,candidate_2,candidate_1,3,0.04666666666666667
4284,candidate_3,candidate_2,candidate_1,3,0.04666666666666667
4285,candidate_3,candidate_2,candidate_1,3,0.04666666666666667
4286,candidate_3,candidate_2,candidate_1,3,0.04666666666666667
4287,candidate_3,candidate_2,candidate_1,3,0.04666666666666667
4288,candidate_3,candidate_2,candidate_1,3,0.04666666666666667
4289,candidate_3,candidate_2,candidate_1,3,0.04666666666666667
4290,candidate_3,candidate_2,candidate_1,3,0.04666666666666667
4291,0,candidate_2,candidate_1,3,0.04666666666666667
4292,candidate_3,candidate_2,candidate_1,3,0.04666666666666667
4293,candidate_3,candidate_2,candidate_1,3,0.04666666666666667
4294,candidate_3,candidate_2,candidate_1,3,0.04666666666666667
4295,candidate_3,candidate_2,candidate_1,3,0.04666666666666667
4296,candidate_3,candidate_2,candidate_1,3,0.04666666666666667
4297,candidate_3,candidate_2,candidate_1,3,0.04666666666666667
4298,candidate_3,candidate_2,candidate_1,3,0.04666666666666667
4299,candidate_3,candidate_2,candidate_1,3,0.04666666666666667
4300,candidate_3,candidate_2,candidate_1,3,0.04666666666666667
4301,candidate_3,candidate_2,candidate_1,3,0.04666666666666667
4302,candidate_3,candidate_2,candidate_1,3,0.04666666666666667
4303,candidate_3,candidate_2,candidate_1,3,0.04666666666666667
4304,candidate_3,candidate_2,candidate_1,3,0.04666666666666667
4305,candidate_3,candidate_2,candidate_1,3,0.04666666666666667
4306,candidate_3,candidate_2,candidate_1,3,0.04666666666666667
4307,0,candidate_2,candidate_1,3,0.04666666666666667
4308,candidate_3,candidate_2,candidate_1,3,0.04666666666666667
4309,candidate_3,candidate_2,candidate_1,3,0.04666666666666667
4310,candidate_3,candidate_2,candidate_1,3,0.04666666666666667
4311,candidate_3,candidate_2,0,3,0.04666666666666667
4312,candidate_3,candidate_2,candidate_1,3,0.04666666666666667
4313,candidate_3,candidate_2,candidate_1,3,0.04666666666666667
4314,candidate_3,candidate_2,0,3,0.04666666666666667
4315,candidate_3,candidate_2,candidate_1,3,0.04666666666666667
4316,candidate_3,candidate_2,candidate_1,3,0.04666666666666667
4317,candidate_3,candidate_2,candidate_1,3,0.04666666666666667
4318,candidate_3,candidate_2,candidate_1,3,0.04666666666666667
4319,candidate_3,candidate_2,candidate_1,3,0.04666666666666667
4320,0,candidate_2,candidate_1,3,0.04666666666666667
4321,candidate_3,candidate_2,candidate_1,3,0.04666666666666667
4322,candidate_3,candidate_2,candidate_1,3,0.04666666666666667
4323,candidate_3,candidate_2,candidate_1,3,0.04666666666666667
4324,candidate_3,candidate_2,candidate_1,3,0.04666666666666667
4325,candidate_3,0,candidate_1,3,0.04666666666666667
4326,candidate_3,candidate_2,candidate_1,3,0.04666666666666667
4327,candidate_3,candidate_2,0,3,0.04666666666666667
4328,candidate_3,candidate_2,candidate_1,3,0.04666666666666667
4329,0,candidate_2,candidate_1,3,0.04666666666666667
4330,candidate_3,candidate_2,candidate_1,3,0.04666666666666667
4331,candidate_3,candidate_2,candidate_1,3,0.04666666666666667
4332,candidate_3,candidate_2,candidate_1,3,0.04666666666666667
4333,candidate_3,candidate_2,candidate_1,3,0.04666666666666667
4334,candidate_3,candidate_2,candidate_1,3,0.04666666666666667
4335,candidate_3,candidate_2,candidate_1,3,0.04666666666666667
4336,candidate_3,candidate_2,candidate_1,3,0.04666666666666667
4337,candidate_3,candidate_2,candidate_1,3,0.04666666666666667
4338,candidate_3,candidate_2,candidate_1,3,0.04666666666666667
4339,candidate_3,candidate_2,0,3,0.04666666666666667
4340,candidate_3,candidate_2,candidate_1,3,0.04666666666666667
4341,candidate_3,candidate_2,candidate_1,3,0.04666666666666667
4342,candidate_3,candidate_2,candidate_1,3,0.04666666666666667
4343,candidate_3,candidate_2,candidate_1,3,0.04666666666666667
4344,candidate_3,candidate_2,0,3,0.04666666666666667
4345,candidate_3,candidate_2,candidate_1,3,0.04666666666666667
4346,candidate_3,candidate_2,candidate_1,3,0.04666666666666667
4347,candidate_3,candidate_2,candidate_1,3,0.04666666666666667
4348,candidate_3,candidate_2,candidate_1,3,0.04666666666666667
4349,candidate_3,candidate_2,candidate_1,3,0.04666666666666667
4350,candidate_3,candidate_2,candidate_1,3,0.04666666666666667
4351,candidate_3,candidate_2,candidate_1,3,0.04666666666666667
4352,candidate_3,candidate_2,0,3,0.04666666666666667
4353,candidate_3,candidate_2,candidate_1,3,0.04666666666666667
4354,candidate_3,candidate_2,candidate_1,3,0.04666666666666667
4355,candidate_3,candidate_2,candidate_1,3,0.04666666666666667
4356,candidate_3,candidate_2,candidate_1,3,0.04666666666666667
4357,candidate_3,candidate_2,candidate_1,3,0.04666666666666667
4358,candidate_3,candidate_2,candidate_1,3,0.04666666666666667
4359,candidate_3,candidate_2,candidate_1,3,0.04666666666666667
4360,candidate_3,candidate_2,candidate_1,3,0.04666666666666667
4361,candidate_3,candidate_2,candidate_1,3,0.04666666666666667
4362,candidate_3,candidate_2,candidate_1,3,0.04666666666666667
4363,candidate_3,candidate_2,candidate_1,3,0.04666666666666667
4364,candidate_3,candidate_2,candidate_1,3,0.04666666666666667
4365,candidate_3,candidate_2,candidate_1,3,0.04666666666666667
4366,candidate_3,candidate_2,candidate_1,3,0.04666666666666667
4367,candidate_3,candidate_2,candidate_1,3,0.04666666666666667
4368,candidate_3,candidate_2,candidate_1,3,0.04666666666666667
4369,candidate_3,0,candidate_1,3,0.04666666666666667
4370,candidate_3,candidate_2,candidate_1,3,0.04666666666666667
4371,candidate_3,candidate_2,candidate_1,3,0.04666666666666667
4372,candidate_3,candidate_2,0,3,0.04666666666666667
4373,candidate_3,candidate_2,candidate_1,3,0.04666666666666667
4374,candidate_3,candidate_2,candidate_1,3,0.04666666666666667
4375,candidate_3,candidate_2,candidate_1,3,0.04666666666666667
4376,candidate_3,candidate_2,candidate_1,3,0.04666666666666667
4377,0,candidate_2,candidate_1,3,0.04666666666666667
4378,candidate_3,candidate_2,candidate_1,3,0.04666666666666667
4379,candidate_3,candidate_2,candidate_1,3,0.04666666666666667
4380,candidate_3,candidate_2,candidate_1,3,0.04666666666666667
4381,candidate_3,candidate_2,candidate_1,3,0.04666666666666667
4382,candidate_3,candidate_2,candidate_1,3,0.04666666666666667
4383,candidate_3,candidate_2,0,3,0.04666666666666667
4384,candidate_3,candidate_2,candidate_1,3,0.04666666666666667
4385,candidate_3,candidate_2,candidate_1,3,0.04666666666666667
4386,candidate_3,candidate_2,candidate_1,3,0.04666666666666667
4387,candidate_3,candidate_2,candidate_1,3,0.04666666666666667
4388,candidate_3,0,candidate_1,3,0.04666666666666667
4389,candidate_3,candidate_2,candidate_1,3,0.04666666666666667
4390,candidate_3,candidate_2,candidate_1,3,0.04666666666666667
4391,candidate_3,candidate_2,candidate_1,3,0.04666666666666667
4392,candidate_3,candidate_2,candidate_1,3,0.04666666666666667
4393,candidate_3,candidate_2,candidate_1,3,0.04666666666666667
4394,candidate_3,candidate_2,candidate_1,3,0.04666666666666667
4395,candidate_3,candidate_2,candidate_1,3,0.04666666666666667
4396,candidate_3,candidate_2,candidate_1,3,0.04666666666666667
4397,candidate_3,candidate_2,candidate_1,3,0.04666666666666667
4398,candidate_3,candidate_2,candidate_1,3,0.04666666666666667
4399,candidate_3,candidate_2,candidate_1,3,0.04666666666666667
4400,0,0,candidate_1,3,0.04666666666666667
4401,candidate_3,candidate_2,candidate_1,3,0.04666666666666667
4402,candidate_3,candidate_2,0,3,0.04666666666666667
4403,candidate_3,candidate_2,candidate_1,3,0.04666666666666667
4404,candidate_3,candidate_2,candidate_1,3,0.04666666666666667
4405,candidate_3,candidate_2,candidate_1,3,0.04666666666666667
4406,candidate_3,candidate_2,candidate_1,3,0.04666666666666667
4407,candidate_3,candidate_2,candidate_1,3,0.04666666666666667
4408,candidate_3,candidate_2,candidate_1,3,0.04666666666666667
4409,candidate_3,candidate_2,candidate_1,3,0.04666666666666667
4410,candidate_3,0,candidate_1,3,0.04666666666666667
4411,candidate_3,candidate_2,candidate_1,3,0.04666666666666667
4412,0,candidate_2,candidate_1,3,0.04666666666666667
4413,candidate_3,candidate_2,candidate_1,3,0.04666666666666667
4414,candidate_3,candidate_2,candidate_1,3,0.04666666666666667
4415,candidate_3,candidate_2,candidate_1,3,0.04666666666666667
4416,0,candidate_2,candidate_1,3,0.04666666666666667
4417,candidate_3,candidate_2,candidate_1,3,0.04666666666666667
4418,candidate_3,candidate_2,candidate_1,3,0.04666666666666667
4419,candidate_3,candidate_2,candidate_1,3,0.04666666666666667
4420,candidate_3,candidate_2,candidate_1,3,0.04666666666666667
4421,candidate_3,candidate_2,0,3,0.04666666666666667
4422,candidate_3,candidate_2,candidate_1,3,0.04666666666666667
4423,candidate_3,candidate_2,candidate_1,3,0.04666666666666667
4424,candidate_3,candidate_2,candidate_1,3,0.04666666666666667
4425,candidate_3,candidate_2,candidate_1,3,0.04666666666666667
4426,candidate_3,candidate_2,candidate_1,3,0.04666666666666667
4427,candidate_3,candidate_2,candidate_1,3,0.04666666666666667
4428,candidate_3,candidate_2,candidate_1,3,0.04666666666666667
4429,candidate_3,candidate_2,candidate_1,3,0.04666666666666667
4430,candidate_3,0,candidate_1,3,0.04666666666666667
4431,candidate_3,candidate_2,candidate_1,3,0.04666666666666667
4432,candidate_3,candidate_2,candidate_1,3,0.04666666666666667
4433,candidate_3,candidate_2,candidate_1,3,0.04666666666666667
4434,candidate_3,candidate_2,candidate_1,3,0.04666666666666667
4435,0,candidate_2,candidate_1,3,0.04666666666666667
4436,candidate_3,candidate_2,candidate_1,3,0.04666666666666667
4437,candidate_3,candidate_2,candidate_1,3,0.04666666666666667
4438,candidate_3,candidate_2,candidate_1,3,0.04666666666666667
4439,candidate_3,candidate_2,candidate_1,3,0.04666666666666667
4440,candidate_3,candidate_2,candidate_1,3,0.04666666666666667
4441,candidate_3,candidate_2,candidate_1,3,0.04666666666666667
4442,candidate_3,candidate_2,candidate_1,3,0.04666666666666667
4443,candidate_3,candidate_2,candidate_1,3,0.04666666666666667
4444,candidate_3,candidate_2,candidate_1,3,0.04666666666666667
4445,candidate_3,candidate_2,candidate_1,3,0.04666666666666667
4446,0,candidate_2,candidate_1,3,0.04666666666666667
4447,candidate_3,candidate_2,candidate_1,3,0.04666666666666667
4448,candidate_3,candidate_2,candidate_1,3,0.04666666666666667
4449,candidate_3,candidate_2,candidate_1,3,0.04666666666666667
4450,candidate_3,candidate_2,candidate_1,3,0.04666666666666667
4451,candidate_3,candidate_2,candidate_1,3,0.04666666666666667
4452,candidate_3,candidate_2,candidate_1,3,0.04666666666666667
4453,candidate_3,candidate_2,candidate_1,3,0.04666666666666667
4454,0,candidate_2,candidate_1,3,0.04666666666666667
4455,candidate_3,candidate_2,candidate_1,3,0.04666666666666667
4456,candidate_3,candidate_2,0,3,0.04666666666666667
4457,candidate_3,candidate_2,candidate_1,3,0.04666666666666667
4458,candidate_3,candidate_2,candidate_1,3,0.04666666666666667
4459,candidate_3,candidate_2,candidate_1,3,0.04666666666666667
4460,candidate_3,candidate_2,candidate_1,3,0.04666666666666667
4461,candidate_3,candidate_2,candidate_1,3,0.04666666666666667
4462,candidate_3,candidate_2,candidate_1,3,0.04666666666666667
4463,candidate_3,candidate_2,candidate_1,3,0.04666666666666667
4464,candidate_3,candidate_2,candidate_1,3,0.04666666666666667
4465,candidate_3,candidate_2,candidate_1,3,0.04666666666666667
4466,candidate_3,candidate_2,candidate_1,3,0.04666666666666667
4467,candidate_3,candidate_2,candidate_1,3,0.04666666666666667
4468,candidate_3,candidate_2,candidate_1,3,0.04666666666666667
4469,candidate_3,candidate_2,0,3,0.04666666666666667
4470,candidate_3,candidate_2,candidate_1,3,0.04666666666666667
4471,candidate_3,candidate_2,candidate_1,3,0.04666666666666667
4472,candidate_3,candidate_2,candidate_1,3,0.04666666666666667
4473,candidate_3,candidate_2,candidate_1,3,0.04666666666666667
4474,candidate_3,candidate_2,candidate_1,3,0.04666666666666667
4475,candidate_3,candidate_2,candidate_1,3,0.04666666666666667
4476,candidate_3,candidate_2,candidate_1,3,0.04666666666666667
4477,candidate_3,candidate_2,candidate_1,3,0.04666666666666667
4478,candidate_3,candidate_2,candidate_1,3,0.04666666666666667
4479,candidate_3,candidate_2,candidate_1,3,0.04666666666666667
4480,candidate_3,candidate_2,candidate_1,3,0.04666666666666667
4481,candidate_3,candidate_2,candidate_1,3,0.04666666666666667
4482,candidate_3,candidate_2,candidate_1,3,0.04666666666666667
4483,candidate_3,candidate_2,candidate_1,3,0.04666666666666667
4484,candidate_3,candidate_2,candidate_1,3,0.04666666666666667
4485,candidate_3,candidate_2,candidate_1,3,0.04666666666666667
4486,candidate_3,candidate_2,candidate_1,3,0.04666666666666667
4487,candidate_3,candidate_2,candidate_1,3,0.04666666666666667
4488,candidate_3,candidate_2,candidate_1,3,0.04666666666666667
4489,candidate_3,candidate_2,candidate_1,3,0.04666666666666667
4490,candidate_3,candidate_2,candidate_1,3,0.04666666666666667
4491,candidate_3,candidate_2,candidate_1,3,0.04666666666666667
4492,candidate_3,candidate_2,candidate_1,3,0.04666666666666667
4493,candidate_3,0,candidate_1,3,0.04666666666666667
4494,candidate_3,candidate_2,candidate_1,3,0.04666666666666667
4495,0,candidate_2,0,3,0.04666666666666667
4496,candidate_3,candidate_2,candidate_1,3,0.04666666666666667
4497,candidate_3,candidate_2,candidate_1,3,0.04666666666666667
4498,candidate_3,candidate_2,candidate_1,3,0.04666666666666667
4499,candidate_3,candidate_2,candidate_1,3,0.04666666666666667
4500,candidate_3,candidate_2,candidate_1,3,0.04666666666666667
4501,candidate_3,candidate_2,candidate_1,3,0.04666666666666667
4502,0,candidate_2,candidate_1,3,0.04666666666666667
4503,candidate_3,candidate_2,candidate_1,3,0.04666666666666667
4504,candidate_3,candidate_2,candidate_1,3,0.04666666666666667
4505,candidate_3,candidate_2,candidate_1,3,0.04666666666666667
4506,candidate_3,candidate_2,0,3,0.04666666666666667
4507,candidate_3,candidate_2,candidate_1,3,0.04666666666666667
4508,candidate_3,candidate_2,candidate_1,3,0.04666666666666667
4509,candidate_3,candidate_2,candidate_1,3,0.04666666666666667
4510,candidate_3,candidate_2,candidate_1,3,0.04666666666666667
4511,candidate_3,candidate_2,candidate_1,3,0.04666666666666667
4512,candidate_3,candidate_2,candidate_1,3,0.04666666666666667
4513,candidate_3,candidate_2,candidate_1,3,0.04666666666666667
4514,candidate_3,candidate_2,candidate_1,3,0.04666666666666667
4515,candidate_3,candidate_2,candidate_1,3,0.04666666666666667
4516,candidate_3,candidate_2,candidate_1,3,0.04666666666666667
4517,candidate_3,candidate_2,candidate_1,3,0.04666666666666667
4518,candidate_3,candidate_2,0,3,0.04666666666666667
4519,candidate_3,candidate_2,candidate_1,3,0.04666666666666667
4520,candidate_3,candidate_2,candidate_1,3,0.04666666666666667
4521,candidate_3,candidate_2,candidate_1,3,0.04666666666666667
4522,candidate_3,candidate_2,candidate_1,3,0.04666666666666667
4523,candidate_3,candidate_2,candidate_1,3,0.04666666666666667
4524,candidate_3,candidate_2,candidate_1,3,0.04666666666666667
4525,candidate_3,candidate_2,candidate_1,3,0.04666666666666667
4526,candidate_3,candidate_2,candidate_1,3,0.04666666666666667
4527,candidate_3,0,candidate_1,3,0.04666666666666667
4528,candidate_3,candidate_2,candidate_1,3,0.04666666666666667
4529,candidate_3,0,candidate_1,3,0.04666666666666667
4530,candidate_3,candidate_2,candidate_1,3,0.04666666666666667
4531,candidate_3,candidate_2,candidate_1,3,0.04666666666666667
4532,candidate_3,candidate_2,candidate_1,3,0.04666666666666667
4533,candidate_3,candidate_2,candidate_1,3,0.04666666666666667
4534,candidate_3,candidate_2,candidate_1,3,0.04666666666666667
4535,candidate_3,candidate_2,candidate_1,3,0.04666666666666667
4536,candidate_3,candidate_2,candidate_1,3,0.04666666666666667
4537,candidate_3,candidate_2,candidate_1,3,0.04666666666666667
4538,candidate_3,candidate_2,candidate_1,3,0.04666666666666667
4539,candidate_3,candidate_2,candidate_1,3,0.04666666666666667
4540,0,candidate_2,candidate_1,3,0.04666666666666667
4541,candidate_3,candidate_2,candidate_1,3,0.04666666666666667
4542,candidate_3,candidate_2,candidate_1,3,0.04666666666666667
4543,candidate_3,candidate_2,candidate_1,3,0.04666666666666667
4544,candidate_3,candidate_2,candidate_1,3,0.04666666666666667
4545,candidate_3,candidate_2,0,3,0.04666666666666667
4546,candidate_3,candidate_2,candidate_1,3,0.04666666666666667
4547,candidate_3,candidate_2,candidate_1,3,0.04666666666666667
4548,candidate_3,candidate_2,candidate_1,3,0.04666666666666667
4549,candidate_3,0,candidate_1,3,0.04666666666666667
4550,candidate_3,candidate_2,candidate_1,3,0.04666666666666667
4551,candidate_3,candidate_2,candidate_1,3,0.04666666666666667
4552,candidate_3,candidate_2,candidate_1,3,0.04666666666666667
4553,candidate_3,candidate_2,candidate_1,3,0.04666666666666667
4554,candidate_3,candidate_2,candidate_1,3,0.04666666666666667
4555,candidate_3,candidate_2,candidate_1,3,0.04666666666666667
4556,candidate_3,candidate_2,candidate_1,3,0.04666666666666667
4557,0,candidate_2,candidate_1,3,0.04666666666666667
4558,candidate_3,candidate_2,candidate_1,3,0.04666666666666667
4559,0,candidate_2,candidate_1,3,0.04666666666666667
4560,candidate_3,0,candidate_1,3,0.04666666666666667
4561,candidate_3,candidate_2,candidate_1,3,0.04666666666666667
4562,candidate_3,candidate_2,candidate_1,3,0.04666666666666667
4563,candidate_3,candidate_2,candidate_1,3,0.04666666666666667
4564,candidate_3,candidate_2,candidate_1,3,0.04666666666666667
4565,candidate_3,candidate_2,candidate_1,3,0.04666666666666667
4566,candidate_3,candidate_2,candidate_1,3,0.04666666666666667
4567,candidate_3,candidate_2,candidate_1,3,0.04666666666666667
4568,candidate_3,candidate_2,candidate_1,3,0.04666666666666667
4569,candidate_3,0,candidate_1,3,0.04666666666666667
4570,candidate_3,candidate_2,candidate_1,3,0.04666666666666667
4571,candidate_3,candidate_2,candidate_1,3,0.04666666666666667
4572,candidate_3,candidate_2,candidate_1,3,0.04666666666666667
4573,candidate_3,candidate_2,candidate_1,3,0.04666666666666667
4574,candidate_3,candidate_2,candidate_1,3,0.04666666666666667
4575,candidate_3,candidate_2,candidate_1,3,0.04666666666666667
4576,candidate_3,candidate_2,candidate_1,3,0.04666666666666667
4577,candidate_3,candidate_2,candidate_1,3,0.04666666666666667
4578,candidate_3,candidate_2,candidate_1,3,0.04666666666666667
4579,candidate_3,candidate_2,candidate_1,3,0.04666666666666667
4580,candidate_3,candidate_2,candidate_1,3,0.04666666666666667
4581,candidate_3,candidate_2,candidate_1,3,0.04666666666666667
4582,candidate_3,candidate_2,candidate_1,3,0.04666666666666667
4583,candidate_3,candidate_2,candidate_1,3,0.04666666666666667
4584,candidate_3,candidate_2,candidate_1,3,0.04666666666666667
4585,candidate_3,candidate_2,candidate_1,3,0.04666666666666667
4586,candidate_3,candidate_2,candidate_1,3,0.04666666666666667
4587,candidate_3,candidate_2,candidate_1,3,0.04666666666666667
4588,candidate_3,candidate_2,candidate_1,3,0.04666666666666667
4589,candidate_3,candidate_2,candidate_1,3,0.04666666666666667
4590,candidate_3,candidate_2,candidate_1,3,0.04666666666666667
4591,candidate_3,candidate_2,candidate_1,3,0.04666666666666667
4592,candidate_3,candidate_2,candidate_1,3,0.04666666666666667
4593,candidate_3,candidate_2,candidate_1,3,0.04666666666666667
4594,candidate_3,candidate_2,candidate_1,3,0.04666666666666667
4595,candidate_3,0,candidate_1,3,0.04666666666666667
4596,candidate_3,candidate_2,candidate_1,3,0.04666666666666667
4597,candidate_3,candidate_2,candidate_1,3,0.04666666666666667
4598,candidate_3,candidate_2,candidate_1,3,0.04666666666666667
4599,candidate_3,candidate_2,candidate_1,3,0.04666666666666667
4600,0,candidate_2,candidate_1,3,0.04666666666666667
4601,candidate_3,candidate_2,candidate_1,3,0.04666666666666667
4602,candidate_3,candidate_2,candidate_1,3,0.04666666666666667
4603,candidate_3,candidate_2,candidate_1,3,0.04666666666666667
4604,candidate_3,candidate_2,candidate_1,3,0.04666666666666667
4605,candidate_3,candidate_2,candidate_1,3,0.04666666666666667
4606,candidate_3,candidate_2,0,3,0.04666666666666667
4607,candidate_3,candidate_2,candidate_1,3,0.04666666666666667
4608,candidate_3,candidate_2,candidate_1,3,0.04666666666666667
4609,candidate_3,candidate_2,candidate_1,3,0.04666666666666667
4610,candidate_3,candidate_2,candidate_1,3,0.04666666666666667
4611,candidate_3,candidate_2,candidate_1,3,0.04666666666666667
4612,candidate_3,candidate_2,candidate_1,3,0.04666666666666667
4613,candidate_3,candidate_2,candidate_1,3,0.04666666666666667
4614,candidate_3,candidate_2,candidate_1,3,0.04666666666666667
4615,candidate_3,candidate_2,candidate_1,3,0.04666666666666667
4616,candidate_3,candidate_2,candidate_1,3,0.04666666666666667
4617,candidate_3,candidate_2,candidate_1,3,0.04666666666666667
4618,candidate_3,candidate_2,candidate_1,3,0.04666666666666667
4619,candidate_3,candidate_2,candidate_1,3,0.04666666666666667
4620,candidate_3,candidate_2,candidate_1,3,0.04666666666666667
4621,candidate_3,candidate_2,candidate_1,3,0.04666666666666667
4622,candidate_3,candidate_2,0,3,0.04666666666666667
4623,candidate_3,candidate_2,candidate_1,3,0.04666666666666667
4624,candidate_3,candidate_2,candidate_1,3,0.04666666666666667
4625,candidate_3,candidate_2,candidate_1,3,0.04666666666666667
4626,candidate_3,candidate_2,candidate_1,3,0.04666666666666667
4627,candidate_3,candidate_2,candidate_1,3,0.04666666666666667
4628,candidate_3,candidate_2,candidate_1,3,0.04666666666666667
4629,candidate_3,candidate_2,candidate_1,3,0.04666666666666667
4630,candidate_3,candidate_2,candidate_1,3,0.04666666666666667
4631,candidate_3,candidate_2,0,3,0.04666666666666667
4632,candidate_3,candidate_2,candidate_1,3,0.04666666666666667
4633,candidate_3,candidate_2,candidate_1,3,0.04666666666666667
4634,candidate_3,0,candidate_1,3,0.04666666666666667
4635,candidate_3,candidate_2,candidate_1,3,0.04666666666666667
4636,candidate_3,candidate_2,candidate_1,3,0.04666666666666667
4637,candidate_3,candidate_2,candidate_1,3,0.04666666666666667
4638,candidate_3,candidate_2,candidate_1,3,0.04666666666666667
4639,candidate_3,candidate_2,candidate_1,3,0.04666666666666667
4640,candidate_3,candidate_2,candidate_1,3,0.04666666666666667
4641,candidate_3,candidate_2,candidate_1,3,0.04666666666666667
4642,candidate_3,candidate_2,candidate_1,3,0.04666666666666667
4643,candidate_3,candidate_2,candidate_1,3,0.04666666666666667
4644,candidate_3,candidate_2,0,3,0.04666666666666667
4645,candidate_3,candidate_2,candidate_1,3,0.04666666666666667
4646,candidate_3,candidate_2,candidate_1,3,0.04666666666666667
4647,candidate_3,candidate_2,candidate_1,3,0.04666666666666667
4648,candidate_3,candidate_2,candidate_1,3,0.04666666666666667
4649,candidate_3,candidate_2,candidate_1,3,0.04666666666666667
4650,candidate_3,candidate_2,candidate_1,3,0.04666666666666667
4651,candidate_3,candidate_2,0,3,0.04666666666666667
4652,candidate_3,candidate_2,candidate_1,3,0.04666666666666667
4653,candidate_3,candidate_2,candidate_1,3,0.04666666666666667
4654,candidate_3,candidate_2,candidate_1,3,0.04666666666666667
4655,candidate_3,candidate_2,candidate_1,3,0.04666666666666667
4656,candidate_3,candidate_2,candidate_1,3,0.04666666666666667
4657,candidate_3,candidate_2,candidate_1,3,0.04666666666666667
4658,candidate_3,candidate_2,candidate_1,3,0.04666666666666667
4659,candidate_3,candidate_2,candidate_1,3,0.04666666666666667
4660,candidate_3,candidate_2,candidate_1,3,0.04666666666666667
4661,candidate_3,candidate_2,0,3,0.04666666666666667
4662,candidate_3,candidate_2,candidate_1,3,0.04666666666666667
4663,0,candidate_2,candidate_1,3,0.04666666666666667
4664,candidate_3,candidate_2,candidate_1,3,0.04666666666666667
4665,candidate_3,candidate_2,candidate_1,3,0.04666666666666667
4666,candidate_3,candidate_2,candidate_1,3,0.04666666666666667
4667,candidate_3,candidate_2,candidate_1,3,0.04666666666666667
4668,candidate_3,candidate_2,candidate_1,3,0.04666666666666667
4669,candidate_3,candidate_2,candidate_1,3,0.04666666666666667
4670,candidate_3,candidate_2,candidate_1,3,0.04666666666666667
4671,candidate_3,candidate_2,candidate_1,3,0.04666666666666667
4672,candidate_3,candidate_2,candidate_1,3,0.04666666666666667
4673,candidate_3,candidate_2,candidate_1,3,0.04666666666666667
4674,candidate_3,candidate_2,candidate_1,3,0.04666666666666667
4675,candidate_3,candidate_2,candidate_1,3,0.04666666666666667
4676,0,candidate_2,candidate_1,3,0.04666666666666667
4677,candidate_3,candidate_2,candidate_1,3,0.04666666666666667
4678,candidate_3,candidate_2,candidate_1,3,0.04666666666666667
4679,candidate_3,candidate_2,candidate_1,3,0.04666666666666667
4680,candidate_3,candidate_2,candidate_1,3,0.04666666666666667
4681,candidate_3,candidate_2,candidate_1,3,0.04666666666666667
4682,candidate_3,candidate_2,candidate_1,3,0.04666666666666667
4683,candidate_3,candidate_2,candidate_1,3,0.04666666666666667
4684,candidate_3,candidate_2,candidate_1,3,0.04666666666666667
4685,candidate_3,0,candidate_1,3,0.04666666666666667
4686,candidate_3,candidate_2,candidate_1,3,0.04666666666666667
4687,candidate_3,candidate_2,candidate_1,3,0.04666666666666667
4688,candidate_3,candidate_2,candidate_1,3,0.04666666666666667
4689,candidate_3,candidate_2,candidate_1,3,0.04666666666666667
4690,candidate_3,candidate_2,candidate_1,3,0.04666666666666667
4691,candidate_3,candidate_2,candidate_1,3,0.04666666666666667
4692,candidate_3,0,candidate_1,3,0.04666666666666667
4693,candidate_3,candidate_2,candidate_1,3,0.04666666666666667
4694,0,candidate_2,candidate_1,3,0.04666666666666667
4695,candidate_3,candidate_2,candidate_1,3,0.04666666666666667
4696,candidate_3,candidate_2,candidate_1,3,0.04666666666666667
4697,candidate_3,candidate_2,candidate_1,3,0.04666666666666667
4698,candidate_3,candidate_2,candidate_1,3,0.04666666666666667
4699,candidate_3,candidate_2,candidate_1,3,0.04666666666666667
4700,candidate_3,candidate_2,candidate_1,3,0.04666666666666667
4701,candidate_3,candidate_2,candidate_1,3,0.04666666666666667
4702,candidate_3,candidate_2,candidate_1,3,0.04666666666666667
4703,candidate_3,candidate_2,candidate_1,3,0.04666666666666667
4704,candidate_3,candidate_2,candidate_1,3,0.04666666666666667
4705,candidate_3,candidate_2,candidate_1,3,0.04666666666666667
4706,candidate_3,candidate_2,candidate_1,3,0.04666666666666667
4707,candidate_3,candidate_2,0,3,0.04666666666666667
4708,candidate_3,candidate_2,candidate_1,3,0.04666666666666667
4709,candidate_3,0,candidate_1,3,0.04666666666666667
4710,candidate_3,candidate_2,candidate_1,3,0.04666666666666667
4711,candidate_3,candidate_2,candidate_1,3,0.04666666666666667
4712,candidate_3,candidate_2,candidate_1,3,0.04666666666666667
4713,candidate_3,candidate_2,candidate_1,3,0.04666666666666667
4714,candidate_3,candidate_2,candidate_1,3,0.04666666666666667
4715,candidate_3,candidate_2,candidate_1,3,0.04666666666666667
4716,candidate_3,candidate_2,candidate_1,3,0.04666666666666667
4717,candidate_3,candidate_2,candidate_1,3,0.04666666666666667
4718,candidate_3,candidate_2,candidate_1,3,0.04666666666666667
4719,candidate_3,candidate_2,candidate_1,3,0.04666666666666667
4720,candidate_3,candidate_2,candidate_1,3,0.04666666666666667
4721,candidate_3,candidate_2,candidate_1,3,0.04666666666666667
4722,candidate_3,candidate_2,candidate_1,3,0.04666666666666667
4723,0,candidate_2,candidate_1,3,0.04666666666666667
4724,candidate_3,0,candidate_1,3,0.04666666666666667
4725,candidate_3,candidate_2,candidate_1,3,0.04666666666666667
4726,candidate_3,candidate_2,candidate_1,3,0.04666666666666667
4727,candidate_3,candidate_2,candidate_1,3,0.04666666666666667
4728,candidate_3,candidate_2,candidate_1,3,0.04666666666666667
4729,0,candidate_2,candidate_1,3,0.04666666666666667
4730,candidate_3,candidate_2,candidate_1,3,0.04666666666666667
4731,candidate_3,candidate_2,candidate_1,3,0.04666666666666667
4732,candidate_3,candidate_2,candidate_1,3,0.04666666666666667
4733,candidate_3,candidate_2,candidate_1,3,0.04666666666666667
4734,candidate_3,candidate_2,candidate_1,3,0.04666666666666667
4735,candidate_3,candidate_2,candidate_1,3,0.04666666666666667
4736,candidate_3,candidate_2,candidate_1,3,0.04666666666666667
4737,candidate_3,candidate_2,candidate_1,3,0.04666666666666667
4738,candidate_3,candidate_2,candidate_1,3,0.04666666666666667
4739,candidate_3,candidate_2,candidate_1,3,0.04666666666666667
4740,candidate_3,candidate_2,candidate_1,3,0.04666666666666667
4741,candidate_3,candidate_2,candidate_1,3,0.04666666666666667
4742,candidate_3,candidate_2,candidate_1,3,0.04666666666666667
4743,candidate_3,candidate_2,candidate_1,3,0.04666666666666667
4744,0,candidate_2,candidate_1,3,0.04666666666666667
4745,candidate_3,candidate_2,candidate_1,3,0.04666666666666667
4746,candidate_3,candidate_2,candidate_1,3,0.04666666666666667
4747,candidate_3,candidate_2,candidate_1,3,0.04666666666666667
4748,candidate_3,candidate_2,candidate_1,3,0.04666666666666667
4749,candidate_3,candidate_2,candidate_1,3,0.04666666666666667
4750,candidate_3,candidate_2,candidate_1,3,0.04666666666666667
4751,candidate_3,candidate_2,candidate_1,3,0.04666666666666667
4752,candidate_3,candidate_2,candidate_1,3,0.04666666666666667
4753,candidate_3,candidate_2,candidate_1,3,0.04666666666666667
4754,candidate_3,0,candidate_1,3,0.04666666666666667
4755,candidate_3,candidate_2,candidate_1,3,0.04666666666666667
4756,candidate_3,candidate_2,candidate_1,3,0.04666666666666667
4757,candidate_3,candidate_2,candidate_1,3,0.04666666666666667
4758,candidate_3,candidate_2,candidate_1,3,0.04666666666666667
4759,candidate_3,candidate_2,candidate_1,3,0.04666666666666667
4760,candidate_3,candidate_2,candidate_1,3,0.04666666666666667
4761,candidate_3,candidate_2,0,3,0.04666666666666667
4762,candidate_3,candidate_2,candidate_1,3,0.04666666666666667
4763,candidate_3,candidate_2,candidate_1,3,0.04666666666666667
4764,candidate_3,candidate_2,candidate_1,3,0.04666666666666667
4765,candidate_3,candidate_2,candidate_1,3,0.04666666666666667
4766,candidate_3,0,candidate_1,3,0.04666666666666667
4767,candidate_3,candidate_2,candidate_1,3,0.04666666666666667
4768,candidate_3,candidate_2,candidate_1,3,0.04666666666666667
4769,candidate_3,candidate_2,candidate_1,3,0.04666666666666667
4770,candidate_3,candidate_2,candidate_1,3,0.04666666666666667
4771,candidate_3,candidate_2,candidate_1,3,0.04666666666666667
4772,candidate_3,candidate_2,candidate_1,3,0.04666666666666667
4773,candidate_3,candidate_2,candidate_1,3,0.04666666666666667
4774,candidate_3,candidate_2,candidate_1,3,0.04666666666666667
4775,candidate_3,candidate_2,candidate_1,3,0.04666666666666667
4776,candidate_3,candidate_2,candidate_1,3,0.04666666666666667
4777,candidate_3,candidate_2,candidate_1,3,0.04666666666666667
4778,candidate_3,candidate_2,candidate_1,3,0.04666666666666667
4779,candidate_3,candidate_2,candidate_1,3,0.04666666666666667
4780,0,candidate_2,candidate_1,3,0.04666666666666667
4781,0,candidate_2,candidate_1,3,0.04666666666666667
4782,candidate_3,candidate_2,candidate_1,3,0.04666666666666667
4783,candidate_3,candidate_2,candidate_1,3,0.04666666666666667
4784,candidate_3,0,candidate_1,3,0.04666666666666667
4785,candidate_3,candidate_2,candidate_1,3,0.04666666666666667
4786,candidate_3,candidate_2,candidate_1,3,0.04666666666666667
4787,candidate_3,candidate_2,candidate_1,3,0.04666666666666667
4788,candidate_3,candidate_2,candidate_1,3,0.04666666666666667
4789,candidate_3,candidate_2,candidate_1,3,0.04666666666666667
4790,candidate_3,candidate_2,candidate_1,3,0.04666666666666667
4791,candidate_3,0,candidate_1,3,0.04666666666666667
4792,candidate_3,candidate_2,candidate_1,3,0.04666666666666667
4793,candidate_3,candidate_2,candidate_1,3,0.04666666666666667
4794,candidate_3,candidate_2,candidate_1,3,0.04666666666666667
4795,candidate_3,0,candidate_1,3,0.04666666666666667
4796,candidate_3,candidate_2,candidate_1,3,0.04666666666666667
4797,candidate_3,candidate_2,candidate_1,3,0.04666666666666667
4798,candidate_3,candidate_2,candidate_1,3,0.04666666666666667
4799,candidate_3,candidate_2,candidate_1,3,0.04666666666666667
4800,candidate_3,candidate_2,0,3,0.04666666666666667
4801,candidate_3,candidate_2,candidate_1,3,0.04666666666666667
4802,candidate_3,candidate_2,candidate_1,3,0.04666666666666667
4803,candidate_3,candidate_2,candidate_1,3,0.04666666666666667
4804,candidate_3,candidate_2,candidate_1,3,0.04666666666666667
4805,candidate_3,candidate_2,candidate_1,3,0.04666666666666667
4806,candidate_3,candidate_2,candidate_1,3,0.04666666666666667
4807,candidate_3,candidate_2,candidate_1,3,0.04666666666666667
4808,candidate_3,candidate_2,candidate_1,3,0.04666666666666667
4809,candidate_3,candidate_2,candidate_1,3,0.04666666666666667
4810,candidate_3,candidate_2,candidate_1,3,0.04666666666666667
4811,candidate_3,candidate_2,candidate_1,3,0.04666666666666667
4812,candidate_3,candidate_2,candidate_1,3,0.04666666666666667
4813,candidate_3,candidate_2,candidate_1,3,0.04666666666666667
4814,candidate_3,candidate_2,0,3,0.04666666666666667
4815,candidate_3,0,candidate_1,3,0.04666666666666667
4816,candidate_3,candidate_2,candidate_1,3,0.04666666666666667
4817,0,candidate_2,candidate_1,3,0.04666666666666667
4818,candidate_3,candidate_2,candidate_1,3,0.04666666666666667
4819,candidate_3,candidate_2,candidate_1,3,0.04666666666666667
4820,candidate_3,candidate_2,candidate_1,3,0.04666666666666667
4821,0,candidate_2,candidate_1,3,0.04666666666666667
4822,candidate_3,candidate_2,candidate_1,3,0.04666666666666667
4823,candidate_3,candidate_2,candidate_1,3,0.04666666666666667
4824,candidate_3,candidate_2,candidate_1,3,0.04666666666666667
4825,candidate_3,candidate_2,candidate_1,3,0.04666666666666667
4826,candidate_3,candidate_2,candidate_1,3,0.04666666666666667
4827,candidate_3,candidate_2,candidate_1,3,0.04666666666666667
4828,candidate_3,candidate_2,candidate_1,3,0.04666666666666667
4829,candidate_3,candidate_2,candidate_1,3,0.04666666666666667
4830,candidate_3,candidate_2,0,3,0.04666666666666667
4831,candidate_3,candidate_2,candidate_1,3,0.04666666666666667
4832,0,candidate_2,candidate_1,3,0.04666666666666667
4833,candidate_3,candidate_2,candidate_1,3,0.04666666666666667
4834,candidate_3,candidate_2,candidate_1,3,0.04666666666666667
4835,candidate_3,candidate_2,0,3,0.04666666666666667
4836,candidate_3,candidate_2,candidate_1,3,0.04666666666666667
4837,candidate_3,candidate_2,candidate_1,3,0.04666666666666667
4838,candidate_3,candidate_2,candidate_1,3,0.04666666666666667
4839,candidate_3,candidate_2,candidate_1,3,0.04666666666666667
4840,candidate_3,candidate_2,candidate_1,3,0.04666666666666667
4841,candidate_3,0,candidate_1,3,0.04666666666666667
4842,candidate_3,candidate_2,candidate_1,3,0.04666666666666667
4843,candidate_3,candidate_2,candidate_1,3,0.04666666666666667
4844,candidate_3,candidate_2,candidate_1,3,0.04666666666666667
4845,candidate_3,candidate_2,candidate_1,3,0.04666666666666667
4846,candidate_3,candidate_2,candidate_1,3,0.04666666666666667
4847,candidate_3,candidate_2,candidate_1,3,0.04666666666666667
4848,candidate_3,candidate_2,candidate_1,3,0.04666666666666667
4849,candidate_3,candidate_2,candidate_1,3,0.04666666666666667
4850,candidate_3,candidate_2,candidate_1,3,0.04666666666666667
4851,candidate_3,0,candidate_1,3,0.04666666666666667
4852,candidate_3,candidate_2,candidate_1,3,0.04666666666666667
4853,candidate_3,candidate_2,candidate_1,3,0.04666666666666667
4854,candidate_3,candidate_2,candidate_1,3,0.04666666666666667
4855,candidate_3,candidate_2,candidate_1,3,0.04666666666666667
4856,candidate_3,candidate_2,candidate_1,3,0.04666666666666667
4857,candidate_3,candidate_2,candidate_1,3,0.04666666666666667
4858,candidate_3,candidate_2,candidate_1,3,0.04666666666666667
4859,candidate_3,candidate_2,candidate_1,3,0.04666666666666667
4860,candidate_3,candidate_2,candidate_1,3,0.04666666666666667
4861,candidate_3,candidate_2,candidate_1,3,0.04666666666666667
4862,candidate_3,candidate_2,candidate_1,3,0.04666666666666667
4863,candidate_3,candidate_2,candidate_1,3,0.04666666666666667
4864,candidate_3,candidate_2,candidate_1,3,0.04666666666666667
4865,candidate_3,candidate_2,candidate_1,3,0.04666666666666667
4866,candidate_3,candidate_2,candidate_1,3,0.04666666666666667
4867,candidate_3,candidate_2,candidate_1,3,0.04666666666666667
4868,candidate_3,0,candidate_1,3,0.04666666666666667
4869,candidate_3,candidate_2,candidate_1,3,0.04666666666666667
4870,candidate_3,candidate_2,candidate_1,3,0.04666666666666667
4871,candidate_3,candidate_2,candidate_1,3,0.04666666666666667
4872,candidate_3,candidate_2,candidate_1,3,0.04666666666666667
4873,candidate_3,candidate_2,candidate_1,3,0.04666666666666667
4874,candidate_3,candidate_2,candidate_1,3,0.04666666666666667
4875,candidate_3,candidate_2,candidate_1,3,0.04666666666666667
4876,candidate_3,candidate_2,candidate_1,3,0.04666666666666667
4877,candidate_3,candidate_2,candidate_1,3,0.04666666666666667
4878,candidate_3,candidate_2,candidate_1,3,0.04666666666666667
4879,candidate_3,candidate_2,candidate_1,3,0.04666666666666667
4880,candidate_3,candidate_2,candidate_1,3,0.04666666666666667
4881,candidate_3,candidate_2,candidate_1,3,0.04666666666666667
4882,candidate_3,candidate_2,candidate_1,3,0.04666666666666667
4883,candidate_3,candidate_2,candidate_1,3,0.04666666666666667
4884,0,candidate_2,candidate_1,3,0.04666666666666667
4885,candidate_3,candidate_2,candidate_1,3,0.04666666666666667
4886,candidate_3,candidate_2,candidate_1,3,0.04666666666666667
4887,candidate_3,candidate_2,candidate_1,3,0.04666666666666667
4888,candidate_3,candidate_2,candidate_1,3,0.04666666666666667
4889,0,candidate_2,candidate_1,3,0.04666666666666667
4890,candidate_3,candidate_2,candidate_1,3,0.04666666666666667
4891,candidate_3,candidate_2,candidate_1,3,0.04666666666666667
4892,candidate_3,candidate_2,candidate_1,3,0.04666666666666667
4893,candidate_3,candidate_2,candidate_1,3,0.04666666666666667
4894,candidate_3,candidate_2,candidate_1,3,0.04666666666666667
4895,candidate_3,candidate_2,candidate_1,3,0.04666666666666667
4896,candidate_3,candidate_2,candidate_1,3,0.04666666666666667
4897,candidate_3,candidate_2,candidate_1,3,0.04666666666666667
4898,candidate_3,0,candidate_1,3,0.04666666666666667
4899,candidate_3,candidate_2,candidate_1,3,0.04666666666666667
4900,candidate_3,candidate_2,candidate_1,3,0.04666666666666667
4901,candidate_3,candidate_2,candidate_1,3,0.04666666666666667
4902,candidate_3,candidate_2,candidate_1,3,0.04666666666666667
4903,candidate_3,0,candidate_1,3,0.04666666666666667
4904,candidate_3,candidate_2,candidate_1,3,0.04666666666666667
4905,candidate_3,candidate_2,candidate_1,3,0.04666666666666667
4906,candidate_3,candidate_2,candidate_1,3,0.04666666666666667
4907,candidate_3,candidate_2,candidate_1,3,0.04666666666666667
4908,candidate_3,candidate_2,candidate_1,3,0.04666666666666667
4909,candidate_3,candidate_2,candidate_1,3,0.04666666666666667
4910,candidate_3,candidate_2,candidate_1,3,0.04666666666666667
4911,candidate_3,candidate_2,candidate_1,3,0.04666666666666667
4912,candidate_3,candidate_2,candidate_1,3,0.04666666666666667
4913,candidate_3,candidate_2,candidate_1,3,0.04666666666666667
4914,candidate_3,candidate_2,candidate_1,3,0.04666666666666667
4915,candidate_3,candidate_2,candidate_1,3,0.04666666666666667
4916,candidate_3,candidate_2,candidate_1,3,0.04666666666666667
4917,candidate_3,candidate_2,candidate_1,3,0.04666666666666667
4918,candidate_3,candidate_2,candidate_1,3,0.04666666666666667
4919,candidate_3,candidate_2,candidate_1,3,0.04666666666666667
4920,candidate_3,candidate_2,candidate_1,3,0.04666666666666667
4921,candidate_3,candidate_2,candidate_1,3,0.04666666666666667
4922,candidate_3,candidate_2,candidate_1,3,0.04666666666666667
4923,0,candidate_2,candidate_1,3,0.04666666666666667
4924,candidate_3,candidate_2,candidate_1,3,0.04666666666666667
4925,candidate_3,candidate_2,candidate_1,3,0.04666666666666667
4926,candidate_3,candidate_2,candidate_1,3,0.04666666666666667
4927,candidate_3,candidate_2,candidate_1,3,0.04666666666666667
4928,candidate_3,candidate_2,candidate_1,3,0.04666666666666667
4929,candidate_3,candidate_2,candidate_1,3,0.04666666666666667
4930,candidate_3,candidate_2,candidate_1,3,0.04666666666666667
4931,candidate_3,candidate_2,candidate_1,3,0.04666666666666667
4932,candidate_3,candidate_2,candidate_1,3,0.04666666666666667
4933,candidate_3,candidate_2,candidate_1,3,0.04666666666666667
4934,candidate_3,candidate_2,candidate_1,3,0.04666666666666667
4935,candidate_3,candidate_2,candidate_1,3,0.04666666666666667
4936,candidate_3,candidate_2,candidate_1,3,0.04666666666666667
4937,candidate_3,candidate_2,candidate_1,3,0.04666666666666667
4938,candidate_3,candidate_2,candidate_1,3,0.04666666666666667
4939,0,candidate_2,candidate_1,3,0.04666666666666667
4940,candidate_3,candidate_2,candidate_1,3,0.04666666666666667
4941,candidate_3,candidate_2,candidate_1,3,0.04666666666666667
4942,candidate_3,candidate_2,candidate_1,3,0.04666666666666667
4943,candidate_3,candidate_2,candidate_1,3,0.04666666666666667
4944,candidate_3,candidate_2,candidate_1,3,0.04666666666666667
4945,candidate_3,candidate_2,candidate_1,3,0.04666666666666667
4946,candidate_3,candidate_2,0,3,0.04666666666666667
4947,candidate_3,candidate_2,candidate_1,3,0.04666666666666667
4948,candidate_3,candidate_2,candidate_1,3,0.04666666666666667
4949,candidate_3,candidate_2,candidate_1,3,0.04666666666666667
4950,candidate_3,candidate_2,candidate_1,3,0.04666666666666667
4951,candidate_3,candidate_2,candidate_1,3,0.04666666666666667
4952,candidate_3,candidate_2,candidate_1,3,0.04666666666666667
4953,candidate_3,candidate_2,candidate_1,3,0.04666666666666667
4954,candidate_3,candidate_2,candidate_1,3,0.04666666666666667
4955,candidate_3,candidate_2,candidate_1,3,0.04666666666666667
4956,candidate_3,0,0,3,0.04666666666666667
4957,candidate_3,candidate_2,candidate_1,3,0.04666666666666667
4958,candidate_3,0,candidate_1,3,0.04666666666666667
4959,candidate_3,candidate_2,candidate_1,3,0.04666666666666667
4960,candidate_3,candidate_2,candidate_1,3,0.04666666666666667
4961,candidate_3,candidate_2,candidate_1,3,0.04666666666666667
4962,0,candidate_2,candidate_1,3,0.04666666666666667
4963,candidate_3,candidate_2,candidate_1,3,0.04666666666666667
4964,candidate_3,0,candidate_1,3,0.04666666666666667
4965,candidate_3,candidate_2,candidate_1,3,0.04666666666666667
4966,candidate_3,candidate_2,candidate_1,3,0.04666666666666667
4967,candidate_3,candidate_2,candidate_1,3,0.04666666666666667
4968,candidate_3,candidate_2,candidate_1,3,0.04666666666666667
4969,candidate_3,candidate_2,candidate_1,3,0.04666666666666667
4970,candidate_3,candidate_2,candidate_1,3,0.04666666666666667
4971,candidate_3,candidate_2,candidate_1,3,0.04666666666666667
4972,candidate_3,0,candidate_1,3,0.04666666666666667
4973,candidate_3,candidate_2,candidate_1,3,0.04666666666666667
4974,candidate_3,candidate_2,candidate_1,3,0.04666666666666667
4975,candidate_3,candidate_2,candidate_1,3,0.04666666666666667
4976,candidate_3,candidate_2,candidate_1,3,0.04666666666666667
4977,candidate_3,candidate_2,candidate_1,3,0.04666666666666667
4978,candidate_3,0,candidate_1,3,0.04666666666666667
4979,candidate_3,candidate_2,candidate_1,3,0.04666666666666667
4980,candidate_3,candidate_2,candidate_1,3,0.04666666666666667
4981,candidate_3,candidate_2,0,3,0.04666666666666667
4982,candidate_3,candidate_2,candidate_1,3,0.04666666666666667
4983,candidate_3,candidate_2,candidate_1,3,0.04666666666666667
4984,candidate_3,candidate_2,candidate_1,3,0.04666666666666667
4985,candidate_3,0,candidate_1,3,0.04666666666666667
4986,candidate_3,candidate_2,candidate_1,3,0.04666666666666667
4987,candidate_3,candidate_2,candidate_1,3,0.04666666666666667
4988,candidate_3,candidate_2,candidate_1,3,0.04666666666666667
4989,candidate_3,candidate_2,candidate_1,3,0.04666666666666667
4990,candidate_3,candidate_2,candidate_1,3,0.04666666666666667
4991,candidate_3,candidate_2,candidate_1,3,0.04666666666666667
4992,candidate_3,candidate_2,candidate_1,3,0.04666666666666667
4993,candidate_3,candidate_2,candidate_1,3,0.04666666666666667
4994,candidate_3,candidate_2,candidate_1,3,0.04666666666666667
4995,candidate_3,candidate_2,candidate_1,3,0.04666666666666667
4996,candidate_3,candidate_2,candidate_1,3,0.04666666666666667
4997,candidate_3,candidate_2,candidate_1,3,0.04666666666666667
4998,candidate_3,candidate_2,candidate_1,3,0.04666666666666667
4999,candidate_3,candidate_2,0,3,0.04666666666666667
5000,candidate_3,0,candidate_1,3,0.04666666666666667
5001,candidate_3,candidate_2,candidate_1,3,0.04666666666666667
5002,0,candidate_2,candidate_1,3,0.04666666666666667
5003,candidate_3,candidate_2,candidate_1,3,0.04666666666666667
5004,candidate_3,candidate_2,candidate_1,3,0.04666666666666667
5005,candidate_3,candidate_2,candidate_1,3,0.04666666666666667
5006,candidate_3,candidate_2,candidate_1,3,0.04666666666666667
5007,candidate_3,candidate_2,candidate_1,3,0.04666666666666667
5008,candidate_3,candidate_2,candidate_1,3,0.04666666666666667
5009,candidate_3,candidate_2,candidate_1,3,0.04666666666666667
5010,candidate_3,candidate_2,candidate_1,3,0.04666666666666667
5011,candidate_3,candidate_2,0,3,0.04666666666666667
5012,candidate_3,candidate_2,candidate_1,3,0.04666666666666667
5013,candidate_3,candidate_2,candidate_1,3,0.04666666666666667
5014,candidate_3,candidate_2,candidate_1,3,0.04666666666666667
5015,candidate_3,candidate_2,candidate_1,3,0.04666666666666667
5016,candidate_3,0,candidate_1,3,0.04666666666666667
5017,candidate_3,candidate_2,candidate_1,3,0.04666666666666667
5018,candidate_3,candidate_2,candidate_1,3,0.04666666666666667
5019,candidate_3,candidate_2,candidate_1,3,0.04666666666666667
5020,candidate_3,candidate_2,candidate_1,3,0.04666666666666667
5021,candidate_3,candidate_2,candidate_1,3,0.04666666666666667
5022,candidate_3,candidate_2,candidate_1,3,0.04666666666666667
5023,0,candidate_2,candidate_1,3,0.04666666666666667
5024,candidate_3,candidate_2,candidate_1,3,0.04666666666666667
5025,candidate_3,candidate_2,candidate_1,3,0.04666666666666667
5026,candidate_3,candidate_2,candidate_1,3,0.04666666666666667
5027,candidate_3,candidate_2,candidate_1,3,0.04666666666666667
5028,candidate_3,0,candidate_1,3,0.04666666666666667
5029,candidate_3,candidate_2,candidate_1,3,0.04666666666666667
5030,candidate_3,candidate_2,candidate_1,3,0.04666666666666667
5031,candidate_3,candidate_2,candidate_1,3,0.04666666666666667
5032,candidate_3,candidate_2,candidate_1,3,0.04666666666666667
5033,candidate_3,candidate_2,candidate_1,3,0.04666666666666667
5034,candidate_3,candidate_2,candidate_1,3,0.04666666666666667
5035,candidate_3,candidate_2,candidate_1,3,0.04666666666666667
5036,candidate_3,candidate_2,candidate_1,3,0.04666666666666667
5037,candidate_3,candidate_2,candidate_1,3,0.04666666666666667
5038,candidate_3,candidate_2,candidate_1,3,0.04666666666666667
5039,candidate_3,candidate_2,candidate_1,3,0.04666666666666667
5040,candidate_3,candidate_2,candidate_1,3,0.04666666666666667
5041,candidate_3,candidate_2,candidate_1,3,0.04666666666666667
5042,candidate_3,candidate_2,candidate_1,3,0.04666666666666667
5043,candidate_3,candidate_2,candidate_1,3,0.04666666666666667
5044,candidate_3,candidate_2,candidate_1,3,0.04666666666666667
5045,candidate_3,0,candidate_1,3,0.04666666666666667
5046,candidate_3,candidate_2,candidate_1,3,0.04666666666666667
5047,candidate_3,candidate_2,candidate_1,3,0.04666666666666667
5048,candidate_3,candidate_2,candidate_1,3,0.04666666666666667
5049,candidate_3,candidate_2,candidate_1,3,0.04666666666666667
5050,candidate_3,candidate_2,candidate_1,3,0.04666666666666667
5051,candidate_3,candidate_2,candidate_1,3,0.04666666666666667
5052,candidate_3,candidate_2,candidate_1,3,0.04666666666666667
5053,candidate_3,candidate_2,candidate_1,3,0.04666666666666667
5054,candidate_3,candidate_2,candidate_1,3,0.04666666666666667
5055,candidate_3,candidate_2,candidate_1,3,0.04666666666666667
5056,candidate_3,candidate_2,candidate_1,3,0.04666666666666667
5057,candidate_3,candidate_2,candidate_1,3,0.04666666666666667
5058,candidate_3,candidate_2,candidate_1,3,0.04666666666666667
5059,candidate_3,candidate_2,candidate_1,3,0.04666666666666667
5060,candidate_3,0,candidate_1,3,0.04666666666666667
5061,candidate_3,candidate_2,candidate_1,3,0.04666666666666667
5062,candidate_3,candidate_2,0,3,0.04666666666666667
5063,candidate_3,candidate_2,candidate_1,3,0.04666666666666667
5064,candidate_3,candidate_2,candidate_1,3,0.04666666666666667
5065,candidate_3,candidate_2,candidate_1,3,0.04666666666666667
5066,candidate_3,0,candidate_1,3,0.04666666666666667
5067,candidate_3,candidate_2,candidate_1,3,0.04666666666666667
5068,candidate_3,candidate_2,candidate_1,3,0.04666666666666667
5069,candidate_3,candidate_2,candidate_1,3,0.04666666666666667
5070,candidate_3,candidate_2,candidate_1,3,0.04666666666666667
5071,candidate_3,candidate_2,candidate_1,3,0.04666666666666667
5072,candidate_3,candidate_2,candidate_1,3,0.04666666666666667
5073,candidate_3,candidate_2,candidate_1,3,0.04666666666666667
5074,candidate_3,candidate_2,candidate_1,3,0.04666666666666667
5075,candidate_3,candidate_2,candidate_1,3,0.04666666666666667
5076,candidate_3,candidate_2,candidate_1,3,0.04666666666666667
5077,candidate_3,candidate_2,candidate_1,3,0.04666666666666667
5078,0,candidate_2,candidate_1,3,0.04666666666666667
5079,candidate_3,candidate_2,candidate_1,3,0.04666666666666667
5080,candidate_3,candidate_2,candidate_1,3,0.04666666666666667
5081,candidate_3,candidate_2,candidate_1,3,0.04666666666666667
5082,candidate_3,candidate_2,candidate_1,3,0.04666666666666667
5083,candidate_3,candidate_2,candidate_1,3,0.04666666666666667
5084,candidate_3,candidate_2,candidate_1,3,0.04666666666666667
5085,candidate_3,candidate_2,candidate_1,3,0.04666666666666667
5086,candidate_3,candidate_2,candidate_1,3,0.04666666666666667
5087,candidate_3,candidate_2,candidate_1,3,0.04666666666666667
5088,candidate_3,candidate_2,candidate_1,3,0.04666666666666667
5089,candidate_3,candidate_2,candidate_1,3,0.04666666666666667
5090,candidate_3,candidate_2,candidate_1,3,0.04666666666666667
5091,candidate_3,candidate_2,candidate_1,3,0.04666666666666667
5092,candidate_3,candidate_2,candidate_1,3,0.04666666666666667
5093,candidate_3,candidate_2,candidate_1,3,0.04666666666666667
5094,candidate_3,candidate_2,candidate_1,3,0.04666666666666667
5095,candidate_3,candidate_2,candidate_1,3,0.04666666666666667
5096,candidate_3,candidate_2,candidate_1,3,0.04666666666666667
5097,candidate_3,candidate_2,candidate_1,3,0.04666666666666667
5098,0,candidate_2,candidate_1,3,0.04666666666666667
5099,0,candidate_2,candidate_1,3,0.04666666666666667
5100,candidate_3,candidate_2,candidate_1,3,0.04666666666666667
5101,candidate_3,candidate_2,candidate_1,3,0.04666666666666667
5102,candidate_3,candidate_2,candidate_1,3,0.04666666666666667
5103,candidate_3,candidate_2,candidate_1,3,0.04666666666666667
5104,candidate_3,candidate_2,candidate_1,3,0.04666666666666667
5105,candidate_3,candidate_2,0,3,0.04666666666666667
5106,candidate_3,candidate_2,candidate_1,3,0.04666666666666667
5107,candidate_3,candidate_2,candidate_1,3,0.04666666666666667
5108,candidate_3,candidate_2,candidate_1,3,0.04666666666666667
5109,candidate_3,candidate_2,candidate_1,3,0.04666666666666667
5110,candidate_3,candidate_2,candidate_1,3,0.04666666666666667
5111,candidate_3,candidate_2,candidate_1,3,0.04666666666666667
5112,candidate_3,candidate_2,candidate_1,3,0.04666666666666667
5113,candidate_3,candidate_2,candidate_1,3,0.04666666666666667
5114,candidate_3,candidate_2,candidate_1,3,0.04666666666666667
5115,candidate_3,candidate_2,candidate_1,3,0.04666666666666667
5116,candidate_3,candidate_2,candidate_1,3,0.04666666666666667
5117,candidate_3,candidate_2,candidate_1,3,0.04666666666666667
5118,candidate_3,candidate_2,candidate_1,3,0.04666666666666667
5119,candidate_3,candidate_2,candidate_1,3,0.04666666666666667
5120,candidate_3,candidate_2,candidate_1,3,0.04666666666666667
5121,candidate_3,candidate_2,0,3,0.04666666666666667
5122,candidate_3,candidate_2,candidate_1,3,0.04666666666666667
5123,candidate_3,candidate_2,candidate_1,3,0.04666666666666667
5124,candidate_3,candidate_2,candidate_1,3,0.04666666666666667
5125,candidate_3,candidate_2,candidate_1,3,0.04666666666666667
5126,candidate_3,candidate_2,0,3,0.04666666666666667
5127,candidate_3,candidate_2,candidate_1,3,0.04666666666666667
5128,candidate_3,candidate_2,candidate_1,3,0.04666666666666667
5129,candidate_3,candidate_2,candidate_1,3,0.04666666666666667
5130,candidate_3,candidate_2,candidate_1,3,0.04666666666666667
5131,candidate_3,candidate_2,0,3,0.04666666666666667
5132,candidate_3,candidate_2,candidate_1,3,0.04666666666666667
5133,candidate_3,candidate_2,candidate_1,3,0.04666666666666667
5134,candidate_3,candidate_2,candidate_1,3,0.04666666666666667
5135,candidate_3,candidate_2,candidate_1,3,0.04666666666666667
5136,candidate_3,candidate_2,candidate_1,3,0.04666666666666667
5137,candidate_3,candidate_2,0,3,0.04666666666666667
5138,candidate_3,0,candidate_1,3,0.04666666666666667
5139,candidate_3,candidate_2,candidate_1,3,0.04666666666666667
5140,candidate_3,0,candidate_1,3,0.04666666666666667
5141,candidate_3,candidate_2,candidate_1,3,0.04666666666666667
5142,candidate_3,candidate_2,candidate_1,3,0.04666666666666667
5143,candidate_3,0,candidate_1,3,0.04666666666666667
5144,candidate_3,candidate_2,candidate_1,3,0.04666666666666667
5145,candidate_3,candidate_2,candidate_1,3,0.04666666666666667
5146,candidate_3,candidate_2,candidate_1,3,0.04666666666666667
5147,candidate_3,candidate_2,candidate_1,3,0.04666666666666667
5148,candidate_3,candidate_2,candidate_1,3,0.04666666666666667
5149,candidate_3,candidate_2,candidate_1,3,0.04666666666666667
5150,candidate_3,candidate_2,candidate_1,3,0.04666666666666667
5151,candidate_3,candidate_2,candidate_1,3,0.04666666666666667
5152,candidate_3,candidate_2,candidate_1,3,0.04666666666666667
5153,candidate_3,candidate_2,candidate_1,3,0.04666666666666667
5154,candidate_3,candidate_2,candidate_1,3,0.04666666666666667
5155,0,candidate_2,candidate_1,3,0.04666666666666667
5156,candidate_3,candidate_2,candidate_1,3,0.04666666666666667
5157,candidate_3,candidate_2,candidate_1,3,0.04666666666666667
5158,candidate_3,candidate_2,candidate_1,3,0.04666666666666667
5159,candidate_3,candidate_2,candidate_1,3,0.04666666666666667
5160,candidate_3,candidate_2,candidate_1,3,0.04666666666666667
5161,candidate_3,candidate_2,candidate_1,3,0.04666666666666667
5162,candidate_3,candidate_2,candidate_1,3,0.04666666666666667
5163,candidate_3,candidate_2,candidate_1,3,0.04666666666666667
5164,candidate_3,candidate_2,candidate_1,3,0.04666666666666667
5165,candidate_3,candidate_2,candidate_1,3,0.04666666666666667
5166,0,candidate_2,candidate_1,3,0.04666666666666667
5167,candidate_3,0,candidate_1,3,0.04666666666666667
5168,candidate_3,candidate_2,0,3,0.04666666666666667
5169,candidate_3,candidate_2,candidate_1,3,0.04666666666666667
5170,candidate_3,candidate_2,candidate_1,3,0.04666666666666667
5171,candidate_3,candidate_2,candidate_1,3,0.04666666666666667
5172,0,candidate_2,candidate_1,3,0.04666666666666667
5173,candidate_3,candidate_2,candidate_1,3,0.04666666666666667
5174,candidate_3,candidate_2,candidate_1,3,0.04666666666666667
5175,candidate_3,candidate_2,candidate_1,3,0.04666666666666667
5176,candidate_3,candidate_2,candidate_1,3,0.04666666666666667
5177,candidate_3,candidate_2,candidate_1,3,0.04666666666666667
5178,candidate_3,candidate_2,candidate_1,3,0.04666666666666667
5179,candidate_3,candidate_2,candidate_1,3,0.04666666666666667
5180,candidate_3,candidate_2,candidate_1,3,0.04666666666666667
5181,candidate_3,candidate_2,candidate_1,3,0.04666666666666667
5182,candidate_3,candidate_2,candidate_1,3,0.04666666666666667
5183,candidate_3,0,candidate_1,3,0.04666666666666667
5184,candidate_3,candidate_2,candidate_1,3,0.04666666666666667
5185,candidate_3,candidate_2,candidate_1,3,0.04666666666666667
5186,candidate_3,candidate_2,0,3,0.04666666666666667
5187,candidate_3,candidate_2,candidate_1,3,0.04666666666666667
5188,candidate_3,candidate_2,candidate_1,3,0.04666666666666667
5189,candidate_3,candidate_2,candidate_1,3,0.04666666666666667
5190,candidate_3,candidate_2,candidate_1,3,0.04666666666666667
5191,candidate_3,candidate_2,candidate_1,3,0.04666666666666667
5192,candidate_3,candidate_2,candidate_1,3,0.04666666666666667
5193,candidate_3,candidate_2,candidate_1,3,0.04666666666666667
5194,candidate_3,candidate_2,candidate_1,3,0.04666666666666667
5195,candidate_3,0,candidate_1,3,0.04666666666666667
5196,candidate_3,candidate_2,0,3,0.04666666666666667
5197,candidate_3,candidate_2,candidate_1,3,0.04666666666666667
5198,candidate_3,candidate_2,candidate_1,3,0.04666666666666667
5199,candidate_3,candidate_2,candidate_1,3,0.04666666666666667
5200,candidate_3,candidate_2,candidate_1,3,0.04666666666666667
5201,candidate_3,candidate_2,candidate_1,3,0.04666666666666667
5202,candidate_3,candidate_2,candidate_1,3,0.04666666666666667
5203,candidate_3,candidate_2,candidate_1,3,0.04666666666666667
5204,candidate_3,candidate_2,candidate_1,3,0.04666666666666667
5205,candidate_3,candidate_2,candidate_1,3,0.04666666666666667
5206,candidate_3,candidate_2,candidate_1,3,0.04666666666666667
5207,candidate_3,candidate_2,candidate_1,3,0.04666666666666667
5208,candidate_3,candidate_2,0,3,0.04666666666666667
5209,0,candidate_2,candidate_1,3,0.04666666666666667
5210,candidate_3,candidate_2,candidate_1,3,0.04666666666666667
5211,candidate_3,candidate_2,candidate_1,3,0.04666666666666667
5212,candidate_3,candidate_2,candidate_1,3,0.04666666666666667
5213,candidate_3,candidate_2,candidate_1,3,0.04666666666666667
5214,candidate_3,candidate_2,candidate_1,3,0.04666666666666667
5215,candidate_3,candidate_2,candidate_1,3,0.04666666666666667
5216,candidate_3,candidate_2,0,3,0.04666666666666667
5217,candidate_3,0,candidate_1,3,0.04666666666666667
5218,candidate_3,candidate_2,candidate_1,3,0.04666666666666667
5219,candidate_3,candidate_2,candidate_1,3,0.04666666666666667
5220,candidate_3,candidate_2,candidate_1,3,0.04666666666666667
5221,candidate_3,0,candidate_1,3,0.04666666666666667
5222,candidate_3,candidate_2,candidate_1,3,0.04666666666666667
5223,candidate_3,candidate_2,candidate_1,3,0.04666666666666667
5224,candidate_3,candidate_2,candidate_1,3,0.04666666666666667
5225,candidate_3,candidate_2,candidate_1,3,0.04666666666666667
5226,candidate_3,candidate_2,candidate_1,3,0.04666666666666667
5227,candidate_3,candidate_2,candidate_1,3,0.04666666666666667
5228,0,candidate_2,candidate_1,3,0.04666666666666667
5229,candidate_3,candidate_2,candidate_1,3,0.04666666666666667
5230,0,candidate_2,candidate_1,3,0.04666666666666667
5231,candidate_3,candidate_2,candidate_1,3,0.04666666666666667
5232,0,0,candidate_1,3,0.04666666666666667
5233,candidate_3,candidate_2,candidate_1,3,0.04666666666666667
5234,candidate_3,candidate_2,candidate_1,3,0.04666666666666667
5235,candidate_3,candidate_2,candidate_1,3,0.04666666666666667
5236,candidate_3,candidate_2,candidate_1,3,0.04666666666666667
5237,candidate_3,candidate_2,candidate_1,3,0.04666666666666667
5238,candidate_3,candidate_2,candidate_1,3,0.04666666666666667
5239,candidate_3,candidate_2,candidate_1,3,0.04666666666666667
5240,candidate_3,candidate_2,candidate_1,3,0.04666666666666667
5241,candidate_3,candidate_2,candidate_1,3,0.04666666666666667
5242,candidate_3,candidate_2,candidate_1,3,0.04666666666666667
5243,candidate_3,candidate_2,candidate_1,3,0.04666666666666667
5244,candidate_3,candidate_2,candidate_1,3,0.04666666666666667
5245,candidate_3,candidate_2,candidate_1,3,0.04666666666666667
5246,candidate_3,candidate_2,candidate_1,3,0.04666666666666667
5247,0,candidate_2,candidate_1,3,0.04666666666666667
5248,candidate_3,candidate_2,candidate_1,3,0.04666666666666667
5249,0,candidate_2,candidate_1,3,0.04666666666666667
5250,candidate_3,0,candidate_1,3,0.04666666666666667
5251,candidate_3,candidate_2,candidate_1,3,0.04666666666666667
5252,candidate_3,candidate_2,candidate_1,3,0.04666666666666667
5253,candidate_3,candidate_2,candidate_1,3,0.04666666666666667
5254,candidate_3,candidate_2,candidate_1,3,0.04666666666666667
5255,candidate_3,candidate_2,candidate_1,3,0.04666666666666667
5256,candidate_3,candidate_2,candidate_1,3,0.04666666666666667
5257,candidate_3,candidate_2,candidate_1,3,0.04666666666666667
5258,candidate_3,candidate_2,0,3,0.04666666666666667
5259,candidate_3,candidate_2,candidate_1,3,0.04666666666666667
5260,candidate_3,candidate_2,candidate_1,3,0.04666666666666667
5261,candidate_3,candidate_2,candidate_1,3,0.04666666666666667
5262,candidate_3,candidate_2,0,3,0.04666666666666667
5263,candidate_3,candidate_2,0,3,0.04666666666666667
5264,candidate_3,candidate_2,candidate_1,3,0.04666666666666667
5265,candidate_3,candidate_2,candidate_1,3,0.04666666666666667
5266,candidate_3,candidate_2,candidate_1,3,0.04666666666666667
5267,candidate_3,candidate_2,candidate_1,3,0.04666666666666667
5268,candidate_3,candidate_2,candidate_1,3,0.04666666666666667
5269,candidate_3,candidate_2,candidate_1,3,0.04666666666666667
5270,candidate_3,candidate_2,candidate_1,3,0.04666666666666667
5271,candidate_3,candidate_2,candidate_1,3,0.04666666666666667
5272,candidate_3,0,candidate_1,3,0.04666666666666667
5273,0,candidate_2,candidate_1,3,0.04666666666666667
5274,candidate_3,candidate_2,candidate_1,3,0.04666666666666667
5275,0,candidate_2,candidate_1,3,0.04666666666666667
5276,candidate_3,candidate_2,candidate_1,3,0.04666666666666667
5277,candidate_3,candidate_2,candidate_1,3,0.04666666666666667
5278,candidate_3,0,candidate_1,3,0.04666666666666667
5279,candidate_3,candidate_2,candidate_1,3,0.04666666666666667
5280,candidate_3,candidate_2,candidate_1,3,0.04666666666666667
5281,candidate_3,candidate_2,candidate_1,3,0.04666666666666667
5282,candidate_3,candidate_2,candidate_1,3,0.04666666666666667
5283,candidate_3,candidate_2,candidate_1,3,0.04666666666666667
5284,candidate_3,candidate_2,candidate_1,3,0.04666666666666667
5285,candidate_3,candidate_2,candidate_1,3,0.04666666666666667
5286,candidate_3,candidate_2,candidate_1,3,0.04666666666666667
5287,candidate_3,0,candidate_1,3,0.04666666666666667
5288,candidate_3,0,candidate_1,3,0.04666666666666667
5289,candidate_3,candidate_2,candidate_1,3,0.04666666666666667
5290,candidate_3,candidate_2,candidate_1,3,0.04666666666666667
5291,candidate_3,candidate_2,candidate_1,3,0.04666666666666667
5292,candidate_3,candidate_2,candidate_1,3,0.04666666666666667
5293,candidate_3,candidate_2,candidate_1,3,0.04666666666666667
5294,candidate_3,0,candidate_1,3,0.04666666666666667
5295,candidate_3,candidate_2,candidate_1,3,0.04666666666666667
5296,candidate_3,candidate_2,candidate_1,3,0.04666666666666667
5297,candidate_3,candidate_2,candidate_1,3,0.04666666666666667
5298,candidate_3,candidate_2,candidate_1,3,0.04666666666666667
5299,candidate_3,candidate_2,candidate_1,3,0.04666666666666667
5300,candidate_3,candidate_2,candidate_1,3,0.04666666666666667
5301,candidate_3,candidate_2,candidate_1,3,0.04666666666666667
5302,candidate_3,candidate_2,candidate_1,3,0.04666666666666667
5303,candidate_3,candidate_2,0,3,0.04666666666666667
5304,candidate_3,candidate_2,candidate_1,3,0.04666666666666667
5305,candidate_3,candidate_2,candidate_1,3,0.04666666666666667
5306,candidate_3,candidate_2,candidate_1,3,0.04666666666666667
5307,candidate_3,candidate_2,candidate_1,3,0.04666666666666667
5308,candidate_3,candidate_2,candidate_1,3,0.04666666666666667
5309,candidate_3,candidate_2,candidate_1,3,0.04666666666666667
5310,candidate_3,candidate_2,candidate_1,3,0.04666666666666667
5311,candidate_3,candidate_2,candidate_1,3,0.04666666666666667
5312,candidate_3,candidate_2,candidate_1,3,0.04666666666666667
5313,candidate_3,candidate_2,candidate_1,3,0.04666666666666667
5314,candidate_3,candidate_2,candidate_1,3,0.04666666666666667
5315,candidate_3,candidate_2,candidate_1,3,0.04666666666666667
5316,candidate_3,candidate_2,candidate_1,3,0.04666666666666667
5317,candidate_3,candidate_2,candidate_1,3,0.04666666666666667
5318,candidate_3,candidate_2,candidate_1,3,0.04666666666666667
5319,candidate_3,candidate_2,0,3,0.04666666666666667
5320,candidate_3,candidate_2,candidate_1,3,0.04666666666666667
5321,candidate_3,candidate_2,candidate_1,3,0.04666666666666667
5322,candidate_3,candidate_2,candidate_1,3,0.04666666666666667
5323,candidate_3,candidate_2,candidate_1,3,0.04666666666666667
5324,0,candidate_2,candidate_1,3,0.04666666666666667
5325,candidate_3,candidate_2,candidate_1,3,0.04666666666666667
5326,candidate_3,candidate_2,candidate_1,3,0.04666666666666667
5327,candidate_3,candidate_2,candidate_1,3,0.04666666666666667
5328,candidate_3,candidate_2,candidate_1,3,0.04666666666666667
5329,candidate_3,candidate_2,candidate_1,3,0.04666666666666667
5330,candidate_3,candidate_2,candidate_1,3,0.04666666666666667
5331,candidate_3,candidate_2,candidate_1,3,0.04666666666666667
5332,0,candidate_2,candidate_1,3,0.04666666666666667
5333,candidate_3,candidate_2,candidate_1,3,0.04666666666666667
5334,candidate_3,0,candidate_1,3,0.04666666666666667
5335,candidate_3,candidate_2,candidate_1,3,0.04666666666666667
5336,candidate_3,candidate_2,candidate_1,3,0.04666666666666667
5337,candidate_3,candidate_2,candidate_1,3,0.04666666666666667
5338,0,candidate_2,candidate_1,3,0.04666666666666667
5339,candidate_3,candidate_2,0,3,0.04666666666666667
5340,candidate_3,candidate_2,candidate_1,3,0.04666666666666667
5341,candidate_3,candidate_2,candidate_1,3,0.04666666666666667
5342,candidate_3,candidate_2,candidate_1,3,0.04666666666666667
5343,candidate_3,candidate_2,candidate_1,3,0.04666666666666667
5344,candidate_3,candidate_2,candidate_1,3,0.04666666666666667
5345,candidate_3,candidate_2,candidate_1,3,0.04666666666666667
5346,candidate_3,candidate_2,candidate_1,3,0.04666666666666667
5347,candidate_3,candidate_2,candidate_1,3,0.04666666666666667
5348,candidate_3,candidate_2,candidate_1,3,0.04666666666666667
5349,candidate_3,candidate_2,candidate_1,3,0.04666666666666667
5350,candidate_3,candidate_2,candidate_1,3,0.04666666666666667
5351,candidate_3,candidate_2,candidate_1,3,0.04666666666666667
5352,candidate_3,candidate_2,candidate_1,3,0.04666666666666667
5353,candidate_3,candidate_2,candidate_1,3,0.04666666666666667
5354,candidate_3,candidate_2,candidate_1,3,0.04666666666666667
5355,candidate_3,candidate_2,candidate_1,3,0.04666666666666667
5356,candidate_3,candidate_2,candidate_1,3,0.04666666666666667
5357,candidate_3,candidate_2,candidate_1,3,0.04666666666666667
5358,candidate_3,candidate_2,candidate_1,3,0.04666666666666667
5359,candidate_3,candidate_2,candidate_1,3,0.04666666666666667
5360,candidate_3,candidate_2,candidate_1,3,0.04666666666666667
5361,candidate_3,candidate_2,candidate_1,3,0.04666666666666667
5362,candidate_3,candidate_2,candidate_1,3,0.04666666666666667
5363,candidate_3,candidate_2,candidate_1,3,0.04666666666666667
5364,candidate_3,candidate_2,candidate_1,3,0.04666666666666667
5365,candidate_3,candidate_2,candidate_1,3,0.04666666666666667
5366,candidate_3,candidate_2,candidate_1,3,0.04666666666666667
5367,candidate_3,candidate_2,candidate_1,3,0.04666666666666667
5368,0,candidate_2,candidate_1,3,0.04666666666666667
5369,0,candidate_2,candidate_1,3,0.04666666666666667
5370,candidate_3,candidate_2,0,3,0.04666666666666667
5371,candidate_3,candidate_2,candidate_1,3,0.04666666666666667
5372,candidate_3,candidate_2,candidate_1,3,0.04666666666666667
5373,candidate_3,candidate_2,candidate_1,3,0.04666666666666667
5374,candidate_3,candidate_2,candidate_1,3,0.04666666666666667
5375,candidate_3,candidate_2,candidate_1,3,0.04666666666666667
5376,candidate_3,candidate_2,candidate_1,3,0.04666666666666667
5377,candidate_3,candidate_2,candidate_1,3,0.04666666666666667
5378,candidate_3,candidate_2,candidate_1,3,0.04666666666666667
5379,candidate_3,candidate_2,candidate_1,3,0.04666666666666667
5380,candidate_3,candidate_2,candidate_1,3,0.04666666666666667
5381,candidate_3,candidate_2,candidate_1,3,0.04666666666666667
5382,candidate_3,candidate_2,candidate_1,3,0.04666666666666667
5383,candidate_3,candidate_2,candidate_1,3,0.04666666666666667
5384,candidate_3,candidate_2,0,3,0.04666666666666667
5385,candidate_3,candidate_2,candidate_1,3,0.04666666666666667
5386,candidate_3,candidate_2,candidate_1,3,0.04666666666666667
5387,candidate_3,candidate_2,candidate_1,3,0.04666666666666667
5388,candidate_3,candidate_2,candidate_1,3,0.04666666666666667
5389,candidate_3,candidate_2,candidate_1,3,0.04666666666666667
5390,candidate_3,candidate_2,candidate_1,3,0.04666666666666667
5391,candidate_3,candidate_2,candidate_1,3,0.04666666666666667
5392,candidate_3,candidate_2,candidate_1,3,0.04666666666666667
5393,candidate_3,candidate_2,candidate_1,3,0.04666666666666667
5394,candidate_3,candidate_2,candidate_1,3,0.04666666666666667
5395,candidate_3,candidate_2,candidate_1,3,0.04666666666666667
5396,candidate_3,candidate_2,candidate_1,3,0.04666666666666667
5397,candidate_3,candidate_2,0,3,0.04666666666666667
5398,candidate_3,candidate_2,0,3,0.04666666666666667
5399,candidate_3,candidate_2,candidate_1,3,0.04666666666666667
5400,candidate_3,candidate_2,candidate_1,3,0.04666666666666667
5401,candidate_3,candidate_2,candidate_1,3,0.04666666666666667
5402,candidate_3,0,candidate_1,3,0.04666666666666667
5403,candidate_3,candidate_2,candidate_1,3,0.04666666666666667
5404,candidate_3,candidate_2,candidate_1,3,0.04666666666666667
5405,candidate_3,candidate_2,candidate_1,3,0.04666666666666667
5406,candidate_3,candidate_2,candidate_1,3,0.04666666666666667
5407,candidate_3,candidate_2,candidate_1,3,0.04666666666666667
5408,candidate_3,candidate_2,0,3,0.04666666666666667
5409,candidate_3,candidate_2,candidate_1,3,0.04666666666666667
5410,candidate_3,candidate_2,0,3,0.04666666666666667
5411,0,candidate_2,0,3,0.04666666666666667
5412,candidate_3,candidate_2,candidate_1,3,0.04666666666666667
5413,0,candidate_2,candidate_1,3,0.04666666666666667
5414,candidate_3,candidate_2,candidate_1,3,0.04666666666666667
5415,candidate_3,candidate_2,candidate_1,3,0.04666666666666667
5416,candidate_3,candidate_2,candidate_1,3,0.04666666666666667
5417,candidate_3,candidate_2,candidate_1,3,0.04666666666666667
5418,candidate_3,candidate_2,candidate_1,3,0.04666666666666667
5419,candidate_3,candidate_2,candidate_1,3,0.04666666666666667
5420,candidate_3,candidate_2,candidate_1,3,0.04666666666666667
5421,candidate_3,candidate_2,candidate_1,3,0.04666666666666667
5422,0,candidate_2,candidate_1,3,0.04666666666666667
5423,candidate_3,candidate_2,candidate_1,3,0.04666666666666667
5424,candidate_3,candidate_2,candidate_1,3,0.04666666666666667
5425,candidate_3,candidate_2,candidate_1,3,0.04666666666666667
5426,0,candidate_2,0,3,0.04666666666666667
5427,candidate_3,candidate_2,candidate_1,3,0.04666666666666667
5428,candidate_3,candidate_2,candidate_1,3,0.04666666666666667
5429,candidate_3,candidate_2,candidate_1,3,0.04666666666666667
5430,candidate_3,candidate_2,candidate_1,3,0.04666666666666667
5431,candidate_3,candidate_2,candidate_1,3,0.04666666666666667
5432,candidate_3,candidate_2,0,3,0.04666666666666667
5433,candidate_3,candidate_2,candidate_1,3,0.04666666666666667
5434,candidate_3,candidate_2,candidate_1,3,0.04666666666666667
5435,candidate_3,candidate_2,candidate_1,3,0.04666666666666667
5436,candidate_3,candidate_2,candidate_1,3,0.04666666666666667
5437,candidate_3,candidate_2,candidate_1,3,0.04666666666666667
5438,candidate_3,candidate_2,candidate_1,3,0.04666666666666667
5439,candidate_3,candidate_2,candidate_1,3,0.04666666666666667
5440,candidate_3,candidate_2,candidate_1,3,0.04666666666666667
5441,candidate_3,candidate_2,candidate_1,3,0.04666666666666667
5442,candidate_3,candidate_2,candidate_1,3,0.04666666666666667
5443,candidate_3,candidate_2,candidate_1,3,0.04666666666666667
5444,candidate_3,candidate_2,candidate_1,3,0.04666666666666667
5445,candidate_3,candidate_2,candidate_1,3,0.04666666666666667
5446,candidate_3,candidate_2,0,3,0.04666666666666667
5447,candidate_3,candidate_2,candidate_1,3,0.04666666666666667
5448,0,candidate_2,candidate_1,3,0.04666666666666667
5449,candidate_3,candidate_2,candidate_1,3,0.04666666666666667
5450,candidate_3,candidate_2,candidate_1,3,0.04666666666666667
5451,candidate_3,candidate_2,candidate_1,3,0.04666666666666667
5452,candidate_3,candidate_2,candidate_1,3,0.04666666666666667
5453,candidate_3,candidate_2,candidate_1,3,0.04666666666666667
5454,candidate_3,candidate_2,candidate_1,3,0.04666666666666667
5455,candidate_3,0,candidate_1,3,0.04666666666666667
5456,candidate_3,candidate_2,candidate_1,3,0.04666666666666667
5457,candidate_3,candidate_2,candidate_1,3,0.04666666666666667
5458,candidate_3,candidate_2,candidate_1,3,0.04666666666666667
5459,candidate_3,candidate_2,0,3,0.04666666666666667
5460,candidate_3,candidate_2,candidate_1,3,0.04666666666666667
5461,candidate_3,candidate_2,candidate_1,3,0.04666666666666667
5462,candidate_3,candidate_2,candidate_1,3,0.04666666666666667
5463,candidate_3,candidate_2,candidate_1,3,0.04666666666666667
5464,candidate_3,candidate_2,candidate_1,3,0.04666666666666667
5465,candidate_3,candidate_2,candidate_1,3,0.04666666666666667
5466,candidate_3,candidate_2,candidate_1,3,0.04666666666666667
5467,candidate_3,candidate_2,candidate_1,3,0.04666666666666667
5468,candidate_3,candidate_2,candidate_1,3,0.04666666666666667
5469,candidate_3,candidate_2,candidate_1,3,0.04666666666666667
5470,candidate_3,candidate_2,candidate_1,3,0.04666666666666667
5471,candidate_3,candidate_2,candidate_1,3,0.04666666666666667
5472,candidate_3,candidate_2,candidate_1,3,0.04666666666666667
5473,candidate_3,candidate_2,candidate_1,3,0.04666666666666667
5474,candidate_3,candidate_2,candidate_1,3,0.04666666666666667
5475,candidate_3,0,candidate_1,3,0.04666666666666667
5476,candidate_3,candidate_2,0,3,0.04666666666666667
5477,candidate_3,candidate_2,0,3,0.04666666666666667
5478,candidate_3,candidate_2,candidate_1,3,0.04666666666666667
5479,0,candidate_2,candidate_1,3,0.04666666666666667
5480,candidate_3,candidate_2,candidate_1,3,0.04666666666666667
5481,candidate_3,candidate_2,candidate_1,3,0.04666666666666667
5482,candidate_3,candidate_2,candidate_1,3,0.04666666666666667
5483,candidate_3,candidate_2,candidate_1,3,0.04666666666666667
5484,candidate_3,candidate_2,candidate_1,3,0.04666666666666667
5485,candidate_3,candidate_2,candidate_1,3,0.04666666666666667
5486,candidate_3,candidate_2,candidate_1,3,0.04666666666666667
5487,candidate_3,candidate_2,candidate_1,3,0.04666666666666667
5488,candidate_3,candidate_2,candidate_1,3,0.04666666666666667
5489,candidate_3,candidate_2,candidate_1,3,0.04666666666666667
5490,candidate_3,candidate_2,candidate_1,3,0.04666666666666667
5491,candidate_3,candidate_2,0,3,0.04666666666666667
5492,candidate_3,candidate_2,candidate_1,3,0.04666666666666667
5493,candidate_3,candidate_2,candidate_1,3,0.04666666666666667
5494,candidate_3,candidate_2,candidate_1,3,0.04666666666666667
5495,candidate_3,candidate_2,candidate_1,3,0.04666666666666667
5496,candidate_3,candidate_2,candidate_1,3,0.04666666666666667
5497,0,candidate_2,candidate_1,3,0.04666666666666667
5498,candidate_3,candidate_2,candidate_1,3,0.04666666666666667
5499,candidate_3,candidate_2,candidate_1,3,0.04666666666666667
5500,candidate_3,candidate_2,candidate_1,3,0.04666666666666667
5501,candidate_3,candidate_2,candidate_1,3,0.04666666666666667
5502,candidate_3,candidate_2,candidate_1,3,0.04666666666666667
5503,candidate_3,candidate_2,candidate_1,3,0.04666666666666667
5504,candidate_3,candidate_2,candidate_1,3,0.04666666666666667
5505,candidate_3,candidate_2,candidate_1,3,0.04666666666666667
5506,candidate_3,candidate_2,candidate_1,3,0.04666666666666667
5507,0,candidate_2,candidate_1,3,0.04666666666666667
5508,candidate_3,candidate_2,candidate_1,3,0.04666666666666667
5509,candidate_3,candidate_2,candidate_1,3,0.04666666666666667
5510,candidate_3,candidate_2,candidate_1,3,0.04666666666666667
5511,candidate_3,candidate_2,candidate_1,3,0.04666666666666667
5512,candidate_3,candidate_2,candidate_1,3,0.04666666666666667
5513,candidate_3,candidate_2,candidate_1,3,0.04666666666666667
5514,candidate_3,candidate_2,candidate_1,3,0.04666666666666667
5515,candidate_3,candidate_2,candidate_1,3,0.04666666666666667
5516,0,candidate_2,candidate_1,3,0.04666666666666667
5517,candidate_3,candidate_2,0,3,0.04666666666666667
5518,candidate_3,candidate_2,candidate_1,3,0.04666666666666667
5519,candidate_3,candidate_2,candidate_1,3,0.04666666666666667
5520,candidate_3,candidate_2,candidate_1,3,0.04666666666666667
5521,candidate_3,candidate_2,candidate_1,3,0.04666666666666667
5522,candidate_3,candidate_2,candidate_1,3,0.04666666666666667
5523,candidate_3,candidate_2,candidate_1,3,0.04666666666666667
5524,candidate_3,candidate_2,candidate_1,3,0.04666666666666667
5525,candidate_3,candidate_2,candidate_1,3,0.04666666666666667
5526,candidate_3,0,candidate_1,3,0.04666666666666667
5527,candidate_3,candidate_2,candidate_1,3,0.04666666666666667
5528,candidate_3,candidate_2,candidate_1,3,0.04666666666666667
5529,candidate_3,candidate_2,candidate_1,3,0.04666666666666667
5530,candidate_3,0,candidate_1,3,0.04666666666666667
5531,candidate_3,candidate_2,candidate_1,3,0.04666666666666667
5532,candidate_3,candidate_2,candidate_1,3,0.04666666666666667
5533,candidate_3,candidate_2,candidate_1,3,0.04666666666666667
5534,candidate_3,candidate_2,candidate_1,3,0.04666666666666667
5535,candidate_3,candidate_2,candidate_1,3,0.04666666666666667
5536,candidate_3,candidate_2,candidate_1,3,0.04666666666666667
5537,candidate_3,candidate_2,candidate_1,3,0.04666666666666667
5538,candidate_3,candidate_2,candidate_1,3,0.04666666666666667
5539,candidate_3,candidate_2,candidate_1,3,0.04666666666666667
5540,candidate_3,0,candidate_1,3,0.04666666666666667
5541,candidate_3,candidate_2,candidate_1,3,0.04666666666666667
5542,candidate_3,candidate_2,candidate_1,3,0.04666666666666667
5543,candidate_3,candidate_2,candidate_1,3,0.04666666666666667
5544,candidate_3,candidate_2,candidate_1,3,0.04666666666666667
5545,candidate_3,candidate_2,candidate_1,3,0.04666666666666667
5546,candidate_3,0,candidate_1,3,0.04666666666666667
5547,candidate_3,candidate_2,candidate_1,3,0.04666666666666667
5548,candidate_3,candidate_2,0,3,0.04666666666666667
5549,0,candidate_2,candidate_1,3,0.04666666666666667
5550,candidate_3,candidate_2,candidate_1,3,0.04666666666666667
5551,candidate_3,candidate_2,candidate_1,3,0.04666666666666667
5552,candidate_3,candidate_2,0,3,0.04666666666666667
5553,candidate_3,candidate_2,candidate_1,3,0.04666666666666667
5554,candidate_3,candidate_2,candidate_1,3,0.04666666666666667
5555,candidate_3,candidate_2,candidate_1,3,0.04666666666666667
5556,candidate_3,candidate_2,candidate_1,3,0.04666666666666667
5557,candidate_3,candidate_2,candidate_1,3,0.04666666666666667
5558,candidate_3,candidate_2,candidate_1,3,0.04666666666666667
5559,candidate_3,candidate_2,candidate_1,3,0.04666666666666667
5560,candidate_3,candidate_2,candidate_1,3,0.04666666666666667
5561,candidate_3,candidate_2,candidate_1,3,0.04666666666666667
5562,candidate_3,candidate_2,candidate_1,3,0.04666666666666667
5563,candidate_3,candidate_2,0,3,0.04666666666666667
5564,candidate_3,candidate_2,candidate_1,3,0.04666666666666667
5565,candidate_3,candidate_2,candidate_1,3,0.04666666666666667
5566,candidate_3,candidate_2,candidate_1,3,0.04666666666666667
5567,candidate_3,candidate_2,candidate_1,3,0.04666666666666667
5568,candidate_3,0,candidate_1,3,0.04666666666666667
5569,candidate_3,candidate_2,candidate_1,3,0.04666666666666667
5570,candidate_3,candidate_2,candidate_1,3,0.04666666666666667
5571,candidate_3,candidate_2,candidate_1,3,0.04666666666666667
5572,candidate_3,candidate_2,candidate_1,3,0.04666666666666667
5573,candidate_3,candidate_2,candidate_1,3,0.04666666666666667
5574,candidate_3,candidate_2,candidate_1,3,0.04666666666666667
5575,candidate_3,candidate_2,candidate_1,3,0.04666666666666667
5576,candidate_3,candidate_2,candidate_1,3,0.04666666666666667
5577,candidate_3,candidate_2,candidate_1,3,0.04666666666666667
5578,candidate_3,candidate_2,candidate_1,3,0.04666666666666667
5579,candidate_3,candidate_2,candidate_1,3,0.04666666666666667
5580,candidate_3,candidate_2,candidate_1,3,0.04666666666666667
5581,candidate_3,candidate_2,candidate_1,3,0.04666666666666667
5582,candidate_3,candidate_2,candidate_1,3,0.04666666666666667
5583,candidate_3,candidate_2,candidate_1,3,0.04666666666666667
5584,candidate_3,candidate_2,candidate_1,3,0.04666666666666667
5585,candidate_3,candidate_2,candidate_1,3,0.04666666666666667
5586,candidate_3,candidate_2,candidate_1,3,0.04666666666666667
5587,candidate_3,candidate_2,candidate_1,3,0.04666666666666667
5588,candidate_3,candidate_2,candidate_1,3,0.04666666666666667
5589,candidate_3,candidate_2,candidate_1,3,0.04666666666666667
5590,candidate_3,candidate_2,candidate_1,3,0.04666666666666667
5591,candidate_3,candidate_2,candidate_1,3,0.04666666666666667
5592,candidate_3,candidate_2,candidate_1,3,0.04666666666666667
5593,candidate_3,candidate_2,candidate_1,3,0.04666666666666667
5594,candidate_3,candidate_2,candidate_1,3,0.04666666666666667
5595,candidate_3,candidate_2,candidate_1,3,0.04666666666666667
5596,candidate_3,candidate_2,candidate_1,3,0.04666666666666667
5597,candidate_3,candidate_2,candidate_1,3,0.04666666666666667
5598,candidate_3,candidate_2,candidate_1,3,0.04666666666666667
5599,candidate_3,candidate_2,candidate_1,3,0.04666666666666667
5600,0,candidate_2,candidate_1,3,0.04666666666666667
5601,candidate_3,candidate_2,candidate_1,3,0.04666666666666667
5602,candidate_3,candidate_2,candidate_1,3,0.04666666666666667
5603,candidate_3,candidate_2,candidate_1,3,0.04666666666666667
5604,candidate_3,candidate_2,candidate_1,3,0.04666666666666667
5605,candidate_3,candidate_2,candidate_1,3,0.04666666666666667
5606,candidate_3,candidate_2,candidate_1,3,0.04666666666666667
5607,candidate_3,candidate_2,candidate_1,3,0.04666666666666667
5608,candidate_3,candidate_2,candidate_1,3,0.04666666666666667
5609,candidate_3,candidate_2,candidate_1,3,0.04666666666666667
5610,candidate_3,candidate_2,candidate_1,3,0.04666666666666667
5611,candidate_3,candidate_2,candidate_1,3,0.04666666666666667
5612,candidate_3,candidate_2,candidate_1,3,0.04666666666666667
5613,candidate_3,candidate_2,candidate_1,3,0.04666666666666667
5614,candidate_3,candidate_2,candidate_1,3,0.04666666666666667
5615,candidate_3,candidate_2,candidate_1,3,0.04666666666666667
5616,candidate_3,candidate_2,candidate_1,3,0.04666666666666667
5617,candidate_3,candidate_2,candidate_1,3,0.04666666666666667
5618,candidate_3,candidate_2,candidate_1,3,0.04666666666666667
5619,candidate_3,candidate_2,candidate_1,3,0.04666666666666667
5620,candidate_3,candidate_2,candidate_1,3,0.04666666666666667
5621,candidate_3,candidate_2,candidate_1,3,0.04666666666666667
5622,candidate_3,candidate_2,0,3,0.04666666666666667
5623,candidate_3,candidate_2,candidate_1,3,0.04666666666666667
5624,candidate_3,candidate_2,candidate_1,3,0.04666666666666667
5625,0,candidate_2,candidate_1,3,0.04666666666666667
5626,candidate_3,candidate_2,candidate_1,3,0.04666666666666667
5627,candidate_3,candidate_2,candidate_1,3,0.04666666666666667
5628,candidate_3,candidate_2,candidate_1,3,0.04666666666666667
5629,candidate_3,candidate_2,candidate_1,3,0.04666666666666667
5630,candidate_3,candidate_2,candidate_1,3,0.04666666666666667
5631,candidate_3,candidate_2,candidate_1,3,0.04666666666666667
5632,candidate_3,candidate_2,candidate_1,3,0.04666666666666667
5633,candidate_3,candidate_2,candidate_1,3,0.04666666666666667
5634,candidate_3,candidate_2,candidate_1,3,0.04666666666666667
5635,candidate_3,candidate_2,candidate_1,3,0.04666666666666667
5636,candidate_3,candidate_2,candidate_1,3,0.04666666666666667
5637,candidate_3,candidate_2,0,3,0.04666666666666667
5638,candidate_3,candidate_2,candidate_1,3,0.04666666666666667
5639,candidate_3,candidate_2,candidate_1,3,0.04666666666666667
5640,candidate_3,candidate_2,candidate_1,3,0.04666666666666667
5641,candidate_3,candidate_2,candidate_1,3,0.04666666666666667
5642,0,0,candidate_1,3,0.04666666666666667
5643,candidate_3,candidate_2,candidate_1,3,0.04666666666666667
5644,0,candidate_2,candidate_1,3,0.04666666666666667
5645,candidate_3,candidate_2,candidate_1,3,0.04666666666666667
5646,candidate_3,candidate_2,candidate_1,3,0.04666666666666667
5647,candidate_3,candidate_2,candidate_1,3,0.04666666666666667
5648,candidate_3,candidate_2,candidate_1,3,0.04666666666666667
5649,candidate_3,candidate_2,candidate_1,3,0.04666666666666667
5650,candidate_3,candidate_2,candidate_1,3,0.04666666666666667
5651,candidate_3,candidate_2,candidate_1,3,0.04666666666666667
5652,0,candidate_2,candidate_1,3,0.04666666666666667
5653,candidate_3,candidate_2,candidate_1,3,0.04666666666666667
5654,candidate_3,candidate_2,candidate_1,3,0.04666666666666667
5655,candidate_3,0,candidate_1,3,0.04666666666666667
5656,0,candidate_2,candidate_1,3,0.04666666666666667
5657,candidate_3,candidate_2,candidate_1,3,0.04666666666666667
5658,candidate_3,candidate_2,candidate_1,3,0.04666666666666667
5659,candidate_3,candidate_2,candidate_1,3,0.04666666666666667
5660,candidate_3,candidate_2,candidate_1,3,0.04666666666666667
5661,candidate_3,candidate_2,candidate_1,3,0.04666666666666667
5662,candidate_3,candidate_2,candidate_1,3,0.04666666666666667
5663,candidate_3,candidate_2,candidate_1,3,0.04666666666666667
5664,candidate_3,candidate_2,candidate_1,3,0.04666666666666667
5665,candidate_3,candidate_2,candidate_1,3,0.04666666666666667
5666,candidate_3,0,candidate_1,3,0.04666666666666667
5667,candidate_3,candidate_2,candidate_1,3,0.04666666666666667
5668,candidate_3,candidate_2,candidate_1,3,0.04666666666666667
5669,candidate_3,candidate_2,candidate_1,3,0.04666666666666667
5670,candidate_3,candidate_2,candidate_1,3,0.04666666666666667
5671,candidate_3,candidate_2,candidate_1,3,0.04666666666666667
5672,candidate_3,candidate_2,candidate_1,3,0.04666666666666667
5673,candidate_3,candidate_2,candidate_1,3,0.04666666666666667
5674,candidate_3,candidate_2,candidate_1,3,0.04666666666666667
5675,candidate_3,candidate_2,candidate_1,3,0.04666666666666667
5676,candidate_3,candidate_2,candidate_1,3,0.04666666666666667
5677,candidate_3,candidate_2,candidate_1,3,0.04666666666666667
5678,candidate_3,candidate_2,candidate_1,3,0.04666666666666667
5679,candidate_3,candidate_2,candidate_1,3,0.04666666666666667
5680,candidate_3,candidate_2,0,3,0.04666666666666667
5681,candidate_3,0,candidate_1,3,0.04666666666666667
5682,candidate_3,candidate_2,candidate_1,3,0.04666666666666667
5683,candidate_3,candidate_2,candidate_1,3,0.04666666666666667
5684,candidate_3,candidate_2,candidate_1,3,0.04666666666666667
5685,candidate_3,candidate_2,candidate_1,3,0.04666666666666667
5686,candidate_3,candidate_2,candidate_1,3,0.04666666666666667
5687,0,candidate_2,candidate_1,3,0.04666666666666667
5688,0,candidate_2,candidate_1,3,0.04666666666666667
5689,candidate_3,candidate_2,candidate_1,3,0.04666666666666667
5690,candidate_3,candidate_2,candidate_1,3,0.04666666666666667
5691,candidate_3,candidate_2,candidate_1,3,0.04666666666666667
5692,candidate_3,candidate_2,candidate_1,3,0.04666666666666667
5693,candidate_3,candidate_2,candidate_1,3,0.04666666666666667
5694,candidate_3,candidate_2,candidate_1,3,0.04666666666666667
5695,candidate_3,candidate_2,0,3,0.04666666666666667
5696,candidate_3,candidate_2,candidate_1,3,0.04666666666666667
5697,candidate_3,candidate_2,candidate_1,3,0.04666666666666667
5698,candidate_3,candidate_2,candidate_1,3,0.04666666666666667
5699,candidate_3,candidate_2,candidate_1,3,0.04666666666666667
5700,candidate_3,candidate_2,candidate_1,3,0.04666666666666667
5701,candidate_3,0,candidate_1,3,0.04666666666666667
5702,candidate_3,candidate_2,candidate_1,3,0.04666666666666667
5703,candidate_3,candidate_2,candidate_1,3,0.04666666666666667
5704,candidate_3,candidate_2,candidate_1,3,0.04666666666666667
5705,candidate_3,candidate_2,candidate_1,3,0.04666666666666667
5706,candidate_3,candidate_2,candidate_1,3,0.04666666666666667
5707,candidate_3,0,candidate_1,3,0.04666666666666667
5708,candidate_3,candidate_2,candidate_1,3,0.04666666666666667
5709,candidate_3,candidate_2,candidate_1,3,0.04666666666666667
5710,candidate_3,candidate_2,candidate_1,3,0.04666666666666667
5711,candidate_3,candidate_2,candidate_1,3,0.04666666666666667
5712,0,candidate_2,candidate_1,3,0.04666666666666667
5713,candidate_3,candidate_2,candidate_1,3,0.04666666666666667
5714,candidate_3,candidate_2,candidate_1,3,0.04666666666666667
5715,candidate_3,candidate_2,candidate_1,3,0.04666666666666667
5716,candidate_3,candidate_2,candidate_1,3,0.04666666666666667
5717,candidate_3,candidate_2,candidate_1,3,0.04666666666666667
5718,candidate_3,candidate_2,candidate_1,3,0.04666666666666667
5719,candidate_3,candidate_2,candidate_1,3,0.04666666666666667
5720,candidate_3,candidate_2,candidate_1,3,0.04666666666666667
5721,candidate_3,candidate_2,candidate_1,3,0.04666666666666667
5722,candidate_3,candidate_2,candidate_1,3,0.04666666666666667
5723,candidate_3,candidate_2,candidate_1,3,0.04666666666666667
5724,candidate_3,candidate_2,candidate_1,3,0.04666666666666667
5725,candidate_3,candidate_2,candidate_1,3,0.04666666666666667
5726,candidate_3,candidate_2,candidate_1,3,0.04666666666666667
5727,candidate_3,candidate_2,candidate_1,3,0.04666666666666667
5728,candidate_3,candidate_2,candidate_1,3,0.04666666666666667
5729,candidate_3,candidate_2,candidate_1,3,0.04666666666666667
5730,candidate_3,candidate_2,candidate_1,3,0.04666666666666667
5731,candidate_3,candidate_2,candidate_1,3,0.04666666666666667
5732,candidate_3,candidate_2,candidate_1,3,0.04666666666666667
5733,candidate_3,candidate_2,candidate_1,3,0.04666666666666667
5734,candidate_3,candidate_2,candidate_1,3,0.04666666666666667
5735,candidate_3,0,candidate_1,3,0.04666666666666667
5736,candidate_3,candidate_2,candidate_1,3,0.04666666666666667
5737,candidate_3,candidate_2,candidate_1,3,0.04666666666666667
5738,candidate_3,candidate_2,candidate_1,3,0.04666666666666667
5739,candidate_3,0,candidate_1,3,0.04666666666666667
5740,candidate_3,candidate_2,candidate_1,3,0.04666666666666667
5741,candidate_3,candidate_2,candidate_1,3,0.04666666666666667
5742,candidate_3,0,candidate_1,3,0.04666666666666667
5743,candidate_3,candidate_2,candidate_1,3,0.04666666666666667
5744,candidate_3,candidate_2,candidate_1,3,0.04666666666666667
5745,candidate_3,candidate_2,candidate_1,3,0.04666666666666667
5746,candidate_3,candidate_2,0,3,0.04666666666666667
5747,candidate_3,candidate_2,candidate_1,3,0.04666666666666667
5748,candidate_3,candidate_2,candidate_1,3,0.04666666666666667
5749,candidate_3,candidate_2,candidate_1,3,0.04666666666666667
5750,candidate_3,candidate_2,candidate_1,3,0.04666666666666667
5751,candidate_3,candidate_2,candidate_1,3,0.04666666666666667
5752,candidate_3,candidate_2,candidate_1,3,0.04666666666666667
5753,candidate_3,candidate_2,candidate_1,3,0.04666666666666667
5754,0,candidate_2,candidate_1,3,0.04666666666666667
5755,candidate_3,candidate_2,candidate_1,3,0.04666666666666667
5756,candidate_3,candidate_2,candidate_1,3,0.04666666666666667
5757,candidate_3,candidate_2,candidate_1,3,0.04666666666666667
5758,candidate_3,candidate_2,candidate_1,3,0.04666666666666667
5759,candidate_3,candidate_2,candidate_1,3,0.04666666666666667
5760,candidate_3,candidate_2,candidate_1,3,0.04666666666666667
5761,candidate_3,candidate_2,candidate_1,3,0.04666666666666667
5762,candidate_3,candidate_2,candidate_1,3,0.04666666666666667
5763,candidate_3,candidate_2,candidate_1,3,0.04666666666666667
5764,candidate_3,candidate_2,candidate_1,3,0.04666666666666667
5765,candidate_3,candidate_2,candidate_1,3,0.04666666666666667
5766,candidate_3,candidate_2,candidate_1,3,0.04666666666666667
5767,candidate_3,candidate_2,candidate_1,3,0.04666666666666667
5768,candidate_3,candidate_2,candidate_1,3,0.04666666666666667
5769,candidate_3,candidate_2,candidate_1,3,0.04666666666666667
5770,candidate_3,candidate_2,candidate_1,3,0.04666666666666667
5771,candidate_3,candidate_2,candidate_1,3,0.04666666666666667
5772,candidate_3,candidate_2,0,3,0.04666666666666667
5773,candidate_3,candidate_2,candidate_1,3,0.04666666666666667
5774,candidate_3,candidate_2,candidate_1,3,0.04666666666666667
5775,candidate_3,candidate_2,candidate_1,3,0.04666666666666667
5776,candidate_3,candidate_2,0,3,0.04666666666666667
5777,candidate_3,candidate_2,0,3,0.04666666666666667
5778,candidate_3,candidate_2,candidate_1,3,0.04666666666666667
5779,candidate_3,candidate_2,candidate_1,3,0.04666666666666667
5780,candidate_3,candidate_2,candidate_1,3,0.04666666666666667
5781,candidate_3,candidate_2,candidate_1,3,0.04666666666666667
5782,candidate_3,candidate_2,0,3,0.04666666666666667
5783,candidate_3,candidate_2,candidate_1,3,0.04666666666666667
5784,candidate_3,candidate_2,candidate_1,3,0.04666666666666667
5785,candidate_3,candidate_2,candidate_1,3,0.04666666666666667
5786,candidate_3,candidate_2,candidate_1,3,0.04666666666666667
5787,candidate_3,candidate_2,candidate_1,3,0.04666666666666667
5788,candidate_3,candidate_2,candidate_1,3,0.04666666666666667
5789,candidate_3,candidate_2,candidate_1,3,0.04666666666666667
5790,candidate_3,candidate_2,candidate_1,3,0.04666666666666667
5791,0,candidate_2,candidate_1,3,0.04666666666666667
5792,candidate_3,candidate_2,candidate_1,3,0.04666666666666667
5793,candidate_3,candidate_2,candidate_1,3,0.04666666666666667
5794,candidate_3,0,candidate_1,3,0.04666666666666667
5795,candidate_3,candidate_2,candidate_1,3,0.04666666666666667
5796,candidate_3,candidate_2,candidate_1,3,0.04666666666666667
5797,candidate_3,candidate_2,candidate_1,3,0.04666666666666667
5798,candidate_3,candidate_2,candidate_1,3,0.04666666666666667
5799,candidate_3,candidate_2,candidate_1,3,0.04666666666666667
5800,candidate_3,candidate_2,0,3,0.04666666666666667
5801,candidate_3,candidate_2,candidate_1,3,0.04666666666666667
5802,candidate_3,candidate_2,candidate_1,3,0.04666666666666667
5803,candidate_3,candidate_2,candidate_1,3,0.04666666666666667
5804,candidate_3,candidate_2,candidate_1,3,0.04666666666666667
5805,candidate_3,candidate_2,candidate_1,3,0.04666666666666667
5806,candidate_3,0,candidate_1,3,0.04666666666666667
5807,candidate_3,candidate_2,candidate_1,3,0.04666666666666667
5808,candidate_3,candidate_2,candidate_1,3,0.04666666666666667
5809,candidate_3,candidate_2,candidate_1,3,0.04666666666666667
5810,candidate_3,candidate_2,candidate_1,3,0.04666666666666667
5811,candidate_3,candidate_2,candidate_1,3,0.04666666666666667
5812,candidate_3,candidate_2,candidate_1,3,0.04666666666666667
5813,candidate_3,candidate_2,candidate_1,3,0.04666666666666667
5814,candidate_3,candidate_2,candidate_1,3,0.04666666666666667
5815,candidate_3,candidate_2,candidate_1,3,0.04666666666666667
5816,candidate_3,candidate_2,candidate_1,3,0.04666666666666667
5817,candidate_3,candidate_2,candidate_1,3,0.04666666666666667
5818,candidate_3,candidate_2,0,3,0.04666666666666667
5819,candidate_3,candidate_2,candidate_1,3,0.04666666666666667
5820,0,candidate_2,candidate_1,3,0.04666666666666667
5821,candidate_3,0,candidate_1,3,0.04666666666666667
5822,candidate_3,candidate_2,candidate_1,3,0.04666666666666667
5823,0,candidate_2,candidate_1,3,0.04666666666666667
5824,0,candidate_2,candidate_1,3,0.04666666666666667
5825,candidate_3,candidate_2,0,3,0.04666666666666667
5826,candidate_3,candidate_2,candidate_1,3,0.04666666666666667
5827,candidate_3,candidate_2,candidate_1,3,0.04666666666666667
5828,candidate_3,candidate_2,candidate_1,3,0.04666666666666667
5829,candidate_3,candidate_2,candidate_1,3,0.04666666666666667
5830,candidate_3,candidate_2,candidate_1,3,0.04666666666666667
5831,candidate_3,candidate_2,candidate_1,3,0.04666666666666667
5832,candidate_3,candidate_2,candidate_1,3,0.04666666666666667
5833,candidate_3,candidate_2,candidate_1,3,0.04666666666666667
5834,candidate_3,candidate_2,candidate_1,3,0.04666666666666667
5835,candidate_3,candidate_2,candidate_1,3,0.04666666666666667
5836,candidate_3,candidate_2,candidate_1,3,0.04666666666666667
5837,candidate_3,candidate_2,candidate_1,3,0.04666666666666667
5838,candidate_3,candidate_2,candidate_1,3,0.04666666666666667
5839,candidate_3,candidate_2,candidate_1,3,0.04666666666666667
5840,candidate_3,candidate_2,candidate_1,3,0.04666666666666667
5841,candidate_3,candidate_2,candidate_1,3,0.04666666666666667
5842,candidate_3,candidate_2,candidate_1,3,0.04666666666666667
5843,candidate_3,candidate_2,candidate_1,3,0.04666666666666667
5844,candidate_3,candidate_2,candidate_1,3,0.04666666666666667
5845,0,candidate_2,candidate_1,3,0.04666666666666667
5846,candidate_3,candidate_2,candidate_1,3,0.04666666666666667
5847,candidate_3,candidate_2,candidate_1,3,0.04666666666666667
5848,candidate_3,candidate_2,candidate_1,3,0.04666666666666667
5849,candidate_3,candidate_2,candidate_1,3,0.04666666666666667
5850,candidate_3,candidate_2,candidate_1,3,0.04666666666666667
5851,candidate_3,candidate_2,candidate_1,3,0.04666666666666667
5852,candidate_3,candidate_2,candidate_1,3,0.04666666666666667
5853,candidate_3,candidate_2,candidate_1,3,0.04666666666666667
5854,candidate_3,0,candidate_1,3,0.04666666666666667
5855,candidate_3,candidate_2,candidate_1,3,0.04666666666666667
5856,candidate_3,candidate_2,candidate_1,3,0.04666666666666667
5857,candidate_3,candidate_2,candidate_1,3,0.04666666666666667
5858,candidate_3,candidate_2,0,3,0.04666666666666667
5859,candidate_3,candidate_2,candidate_1,3,0.04666666666666667
5860,candidate_3,candidate_2,candidate_1,3,0.04666666666666667
5861,candidate_3,candidate_2,candidate_1,3,0.04666666666666667
5862,0,candidate_2,candidate_1,3,0.04666666666666667
5863,candidate_3,candidate_2,candidate_1,3,0.04666666666666667
5864,candidate_3,candidate_2,candidate_1,3,0.04666666666666667
5865,candidate_3,candidate_2,candidate_1,3,0.04666666666666667
5866,candidate_3,candidate_2,candidate_1,3,0.04666666666666667
5867,candidate_3,candidate_2,candidate_1,3,0.04666666666666667
5868,candidate_3,candidate_2,candidate_1,3,0.04666666666666667
5869,candidate_3,candidate_2,candidate_1,3,0.04666666666666667
5870,candidate_3,candidate_2,candidate_1,3,0.04666666666666667
5871,candidate_3,candidate_2,0,3,0.04666666666666667
5872,candidate_3,candidate_2,candidate_1,3,0.04666666666666667
5873,candidate_3,candidate_2,candidate_1,3,0.04666666666666667
5874,candidate_3,candidate_2,candidate_1,3,0.04666666666666667
5875,candidate_3,candidate_2,candidate_1,3,0.04666666666666667
5876,candidate_3,candidate_2,candidate_1,3,0.04666666666666667
5877,candidate_3,candidate_2,candidate_1,3,0.04666666666666667
5878,candidate_3,candidate_2,candidate_1,3,0.04666666666666667
5879,candidate_3,candidate_2,candidate_1,3,0.04666666666666667
5880,candidate_3,candidate_2,candidate_1,3,0.04666666666666667
5881,candidate_3,candidate_2,candidate_1,3,0.04666666666666667
5882,candidate_3,candidate_2,candidate_1,3,0.04666666666666667
5883,candidate_3,candidate_2,candidate_1,3,0.04666666666666667
5884,0,candidate_2,candidate_1,3,0.04666666666666667
5885,candidate_3,candidate_2,candidate_1,3,0.04666666666666667
5886,candidate_3,0,candidate_1,3,0.04666666666666667
5887,candidate_3,candidate_2,candidate_1,3,0.04666666666666667
5888,candidate_3,candidate_2,candidate_1,3,0.04666666666666667
5889,candidate_3,candidate_2,candidate_1,3,0.04666666666666667
5890,candidate_3,candidate_2,candidate_1,3,0.04666666666666667
5891,candidate_3,candidate_2,candidate_1,3,0.04666666666666667
5892,candidate_3,candidate_2,candidate_1,3,0.04666666666666667
5893,candidate_3,candidate_2,0,3,0.04666666666666667
5894,candidate_3,candidate_2,0,3,0.04666666666666667
5895,candidate_3,candidate_2,candidate_1,3,0.04666666666666667
5896,0,candidate_2,candidate_1,3,0.04666666666666667
5897,candidate_3,candidate_2,candidate_1,3,0.04666666666666667
5898,candidate_3,candidate_2,candidate_1,3,0.04666666666666667
5899,candidate_3,candidate_2,candidate_1,3,0.04666666666666667
5900,candidate_3,candidate_2,candidate_1,3,0.04666666666666667
5901,candidate_3,candidate_2,candidate_1,3,0.04666666666666667
5902,candidate_3,candidate_2,candidate_1,3,0.04666666666666667
5903,candidate_3,candidate_2,candidate_1,3,0.04666666666666667
5904,candidate_3,candidate_2,candidate_1,3,0.04666666666666667
5905,candidate_3,candidate_2,candidate_1,3,0.04666666666666667
5906,candidate_3,candidate_2,candidate_1,3,0.04666666666666667
5907,candidate_3,candidate_2,candidate_1,3,0.04666666666666667
5908,candidate_3,candidate_2,candidate_1,3,0.04666666666666667
5909,candidate_3,candidate_2,candidate_1,3,0.04666666666666667
5910,candidate_3,candidate_2,candidate_1,3,0.04666666666666667
5911,0,candidate_2,candidate_1,3,0.04666666666666667
5912,candidate_3,candidate_2,candidate_1,3,0.04666666666666667
5913,candidate_3,candidate_2,candidate_1,3,0.04666666666666667
5914,candidate_3,candidate_2,0,3,0.04666666666666667
5915,candidate_3,candidate_2,0,3,0.04666666666666667
5916,candidate_3,candidate_2,candidate_1,3,0.04666666666666667
5917,candidate_3,candidate_2,candidate_1,3,0.04666666666666667
5918,candidate_3,candidate_2,candidate_1,3,0.04666666666666667
5919,candidate_3,candidate_2,candidate_1,3,0.04666666666666667
5920,candidate_3,candidate_2,candidate_1,3,0.04666666666666667
5921,candidate_3,candidate_2,candidate_1,3,0.04666666666666667
5922,candidate_3,candidate_2,candidate_1,3,0.04666666666666667
5923,candidate_3,candidate_2,candidate_1,3,0.04666666666666667
5924,candidate_3,candidate_2,candidate_1,3,0.04666666666666667
5925,candidate_3,candidate_2,candidate_1,3,0.04666666666666667
5926,candidate_3,candidate_2,candidate_1,3,0.04666666666666667
5927,candidate_3,candidate_2,candidate_1,3,0.04666666666666667
5928,candidate_3,candidate_2,candidate_1,3,0.04666666666666667
5929,candidate_3,candidate_2,candidate_1,3,0.04666666666666667
5930,candidate_3,candidate_2,candidate_1,3,0.04666666666666667
5931,candidate_3,candidate_2,candidate_1,3,0.04666666666666667
5932,candidate_3,candidate_2,candidate_1,3,0.04666666666666667
5933,candidate_3,candidate_2,candidate_1,3,0.04666666666666667
5934,candidate_3,candidate_2,candidate_1,3,0.04666666666666667
5935,candidate_3,candidate_2,candidate_1,3,0.04666666666666667
5936,candidate_3,candidate_2,candidate_1,3,0.04666666666666667
5937,candidate_3,candidate_2,candidate_1,3,0.04666666666666667
5938,candidate_3,0,candidate_1,3,0.04666666666666667
5939,candidate_3,candidate_2,candidate_1,3,0.04666666666666667
5940,candidate_3,candidate_2,candidate_1,3,0.04666666666666667
5941,candidate_3,candidate_2,candidate_1,3,0.04666666666666667
5942,candidate_3,candidate_2,candidate_1,3,0.04666666666666667
5943,candidate_3,candidate_2,candidate_1,3,0.04666666666666667
5944,candidate_3,candidate_2,candidate_1,3,0.04666666666666667
5945,candidate_3,candidate_2,candidate_1,3,0.04666666666666667
5946,0,candidate_2,candidate_1,3,0.04666666666666667
5947,candidate_3,candidate_2,candidate_1,3,0.04666666666666667
5948,candidate_3,candidate_2,candidate_1,3,0.04666666666666667
5949,candidate_3,candidate_2,candidate_1,3,0.04666666666666667
5950,candidate_3,candidate_2,candidate_1,3,0.04666666666666667
5951,candidate_3,candidate_2,candidate_1,3,0.04666666666666667
5952,0,candidate_2,candidate_1,3,0.04666666666666667
5953,candidate_3,candidate_2,candidate_1,3,0.04666666666666667
5954,candidate_3,candidate_2,candidate_1,3,0.04666666666666667
5955,candidate_3,candidate_2,candidate_1,3,0.04666666666666667
5956,candidate_3,candidate_2,candidate_1,3,0.04666666666666667
5957,candidate_3,candidate_2,candidate_1,3,0.04666666666666667
5958,candidate_3,candidate_2,candidate_1,3,0.04666666666666667
5959,candidate_3,candidate_2,candidate_1,3,0.04666666666666667
5960,candidate_3,candidate_2,candidate_1,3,0.04666666666666667
5961,candidate_3,candidate_2,candidate_1,3,0.04666666666666667
5962,candidate_3,candidate_2,candidate_1,3,0.04666666666666667
5963,candidate_3,candidate_2,candidate_1,3,0.04666666666666667
5964,candidate_3,candidate_2,candidate_1,3,0.04666666666666667
5965,candidate_3,candidate_2,candidate_1,3,0.04666666666666667
5966,candidate_3,candidate_2,candidate_1,3,0.04666666666666667
5967,candidate_3,candidate_2,candidate_1,3,0.04666666666666667
5968,candidate_3,candidate_2,candidate_1,3,0.04666666666666667
5969,candidate_3,candidate_2,candidate_1,3,0.04666666666666667
5970,candidate_3,candidate_2,candidate_1,3,0.04666666666666667
5971,candidate_3,candidate_2,candidate_1,3,0.04666666666666667
5972,candidate_3,candidate_2,candidate_1,3,0.04666666666666667
5973,candidate_3,candidate_2,candidate_1,3,0.04666666666666667
5974,candidate_3,candidate_2,candidate_1,3,0.04666666666666667
5975,candidate_3,candidate_2,candidate_1,3,0.04666666666666667
5976,candidate_3,candidate_2,candidate_1,3,0.04666666666666667
5977,candidate_3,candidate_2,candidate_1,3,0.04666666666666667
5978,candidate_3,candidate_2,candidate_1,3,0.04666666666666667
5979,candidate_3,candidate_2,candidate_1,3,0.04666666666666667
5980,candidate_3,candidate_2,candidate_1,3,0.04666666666666667
5981,candidate_3,candidate_2,candidate_1,3,0.04666666666666667
5982,candidate_3,candidate_2,candidate_1,3,0.04666666666666667
5983,0,candidate_2,candidate_1,3,0.04666666666666667
5984,candidate_3,candidate_2,candidate_1,3,0.04666666666666667
5985,candidate_3,candidate_2,candidate_1,3,0.04666666666666667
5986,candidate_3,candidate_2,candidate_1,3,0.04666666666666667
5987,candidate_3,candidate_2,candidate_1,3,0.04666666666666667
5988,candidate_3,candidate_2,candidate_1,3,0.04666666666666667
5989,candidate_3,candidate_2,candidate_1,3,0.04666666666666667
5990,candidate_3,0,candidate_1,3,0.04666666666666667
5991,candidate_3,candidate_2,candidate_1,3,0.04666666666666667
5992,candidate_3,candidate_2,candidate_1,3,0.04666666666666667
5993,candidate_3,candidate_2,candidate_1,3,0.04666666666666667
5994,candidate_3,candidate_2,candidate_1,3,0.04666666666666667
5995,candidate_3,candidate_2,candidate_1,3,0.04666666666666667
5996,candidate_3,candidate_2,candidate_1,3,0.04666666666666667
5997,candidate_3,candidate_2,candidate_1,3,0.04666666666666667
5998,candidate_3,candidate_2,candidate_1,3,0.04666666666666667
5999,candidate_3,candidate_2,0,3,0.04666666666666667
6000,candidate_3,candidate_2,candidate_1,3,0.04666666666666667
6001,candidate_3,candidate_2,candidate_1,3,0.04666666666666667
6002,candidate_3,candidate_2,candidate_1,3,0.04666666666666667
6003,candidate_3,candidate_2,candidate_1,3,0.04666666666666667
6004,candidate_3,candidate_2,candidate_1,3,0.04666666666666667
6005,candidate_3,candidate_2,0,3,0.04666666666666667
6006,candidate_3,candidate_2,candidate_1,3,0.04666666666666667
6007,candidate_3,candidate_2,candidate_1,3,0.04666666666666667
6008,candidate_3,candidate_2,candidate_1,3,0.04666666666666667
6009,candidate_3,candidate_2,candidate_1,3,0.04666666666666667
6010,candidate_3,candidate_2,candidate_1,3,0.04666666666666667
6011,candidate_3,candidate_2,candidate_1,3,0.04666666666666667
6012,candidate_3,candidate_2,candidate_1,3,0.04666666666666667
6013,candidate_3,candidate_2,candidate_1,3,0.04666666666666667
6014,candidate_3,candidate_2,candidate_1,3,0.04666666666666667
6015,candidate_3,candidate_2,candidate_1,3,0.04666666666666667
6016,candidate_3,candidate_2,candidate_1,3,0.04666666666666667
6017,candidate_3,candidate_2,candidate_1,3,0.04666666666666667
6018,candidate_3,candidate_2,candidate_1,3,0.04666666666666667
6019,candidate_3,candidate_2,candidate_1,3,0.04666666666666667
6020,candidate_3,candidate_2,candidate_1,3,0.04666666666666667
6021,candidate_3,candidate_2,0,3,0.04666666666666667
6022,candidate_3,candidate_2,candidate_1,3,0.04666666666666667
6023,candidate_3,candidate_2,candidate_1,3,0.04666666666666667
6024,0,candidate_2,candidate_1,3,0.04666666666666667
6025,candidate_3,candidate_2,candidate_1,3,0.04666666666666667
6026,candidate_3,candidate_2,candidate_1,3,0.04666666666666667
6027,0,candidate_2,candidate_1,3,0.04666666666666667
6028,candidate_3,candidate_2,candidate_1,3,0.04666666666666667
6029,candidate_3,candidate_2,candidate_1,3,0.04666666666666667
6030,candidate_3,candidate_2,candidate_1,3,0.04666666666666667
6031,candidate_3,candidate_2,candidate_1,3,0.04666666666666667
6032,candidate_3,0,candidate_1,3,0.04666666666666667
6033,candidate_3,candidate_2,candidate_1,3,0.04666666666666667
6034,candidate_3,candidate_2,candidate_1,3,0.04666666666666667
6035,candidate_3,candidate_2,candidate_1,3,0.04666666666666667
6036,candidate_3,candidate_2,candidate_1,3,0.04666666666666667
6037,candidate_3,candidate_2,candidate_1,3,0.04666666666666667
6038,candidate_3,candidate_2,candidate_1,3,0.04666666666666667
6039,candidate_3,candidate_2,candidate_1,3,0.04666666666666667
6040,candidate_3,candidate_2,candidate_1,3,0.04666666666666667
6041,candidate_3,candidate_2,candidate_1,3,0.04666666666666667
6042,candidate_3,candidate_2,candidate_1,3,0.04666666666666667
6043,candidate_3,candidate_2,0,3,0.04666666666666667
6044,candidate_3,candidate_2,candidate_1,3,0.04666666666666667
6045,candidate_3,0,0,3,0.04666666666666667
6046,candidate_3,candidate_2,candidate_1,3,0.04666666666666667
6047,candidate_3,candidate_2,candidate_1,3,0.04666666666666667
6048,candidate_3,candidate_2,candidate_1,3,0.04666666666666667
6049,candidate_3,candidate_2,candidate_1,3,0.04666666666666667
6050,candidate_3,candidate_2,candidate_1,3,0.04666666666666667
6051,candidate_3,candidate_2,0,3,0.04666666666666667
6052,candidate_3,candidate_2,candidate_1,3,0.04666666666666667
6053,candidate_3,candidate_2,candidate_1,3,0.04666666666666667
6054,candidate_3,candidate_2,candidate_1,3,0.04666666666666667
6055,candidate_3,candidate_2,candidate_1,3,0.04666666666666667
6056,candidate_3,candidate_2,0,3,0.04666666666666667
6057,candidate_3,candidate_2,candidate_1,3,0.04666666666666667
6058,candidate_3,candidate_2,candidate_1,3,0.04666666666666667
6059,candidate_3,candidate_2,candidate_1,3,0.04666666666666667
6060,candidate_3,candidate_2,candidate_1,3,0.04666666666666667
6061,candidate_3,candidate_2,candidate_1,3,0.04666666666666667
6062,candidate_3,0,candidate_1,3,0.04666666666666667
6063,candidate_3,candidate_2,candidate_1,3,0.04666666666666667
6064,candidate_3,candidate_2,candidate_1,3,0.04666666666666667
6065,candidate_3,candidate_2,candidate_1,3,0.04666666666666667
6066,candidate_3,candidate_2,candidate_1,3,0.04666666666666667
6067,candidate_3,0,candidate_1,3,0.04666666666666667
6068,candidate_3,candidate_2,candidate_1,3,0.04666666666666667
6069,candidate_3,candidate_2,candidate_1,3,0.04666666666666667
6070,candidate_3,candidate_2,candidate_1,3,0.04666666666666667
6071,0,0,candidate_1,3,0.04666666666666667
6072,candidate_3,candidate_2,candidate_1,3,0.04666666666666667
6073,candidate_3,candidate_2,candidate_1,3,0.04666666666666667
6074,candidate_3,candidate_2,candidate_1,3,0.04666666666666667
6075,candidate_3,candidate_2,candidate_1,3,0.04666666666666667
6076,candidate_3,candidate_2,candidate_1,3,0.04666666666666667
6077,candidate_3,candidate_2,candidate_1,3,0.04666666666666667
6078,candidate_3,candidate_2,candidate_1,3,0.04666666666666667
6079,candidate_3,candidate_2,candidate_1,3,0.04666666666666667
6080,candidate_3,candidate_2,candidate_1,3,0.04666666666666667
6081,candidate_3,candidate_2,candidate_1,3,0.04666666666666667
6082,candidate_3,candidate_2,candidate_1,3,0.04666666666666667
6083,candidate_3,candidate_2,candidate_1,3,0.04666666666666667
6084,candidate_3,candidate_2,candidate_1,3,0.04666666666666667
6085,candidate_3,candidate_2,candidate_1,3,0.04666666666666667
6086,candidate_3,candidate_2,candidate_1,3,0.04666666666666667
6087,candidate_3,candidate_2,candidate_1,3,0.04666666666666667
6088,candidate_3,candidate_2,candidate_1,3,0.04666666666666667
6089,candidate_3,candidate_2,candidate_1,3,0.04666666666666667
6090,candidate_3,0,candidate_1,3,0.04666666666666667
6091,candidate_3,candidate_2,candidate_1,3,0.04666666666666667
6092,candidate_3,candidate_2,candidate_1,3,0.04666666666666667
6093,candidate_3,candidate_2,candidate_1,3,0.04666666666666667
6094,candidate_3,candidate_2,candidate_1,3,0.04666666666666667
6095,candidate_3,candidate_2,candidate_1,3,0.04666666666666667
6096,candidate_3,candidate_2,candidate_1,3,0.04666666666666667
6097,candidate_3,candidate_2,candidate_1,3,0.04666666666666667
6098,candidate_3,0,candidate_1,3,0.04666666666666667
6099,candidate_3,candidate_2,0,3,0.04666666666666667
6100,candidate_3,candidate_2,0,3,0.04666666666666667
6101,candidate_3,candidate_2,candidate_1,3,0.04666666666666667
6102,candidate_3,candidate_2,candidate_1,3,0.04666666666666667
6103,candidate_3,candidate_2,candidate_1,3,0.04666666666666667
6104,candidate_3,candidate_2,candidate_1,3,0.04666666666666667
6105,candidate_3,candidate_2,candidate_1,3,0.04666666666666667
6106,candidate_3,candidate_2,0,3,0.04666666666666667
6107,candidate_3,candidate_2,candidate_1,3,0.04666666666666667
6108,candidate_3,0,candidate_1,3,0.04666666666666667
6109,candidate_3,candidate_2,candidate_1,3,0.04666666666666667
6110,candidate_3,candidate_2,candidate_1,3,0.04666666666666667
6111,candidate_3,candidate_2,candidate_1,3,0.04666666666666667
6112,candidate_3,candidate_2,candidate_1,3,0.04666666666666667
6113,candidate_3,candidate_2,candidate_1,3,0.04666666666666667
6114,candidate_3,candidate_2,candidate_1,3,0.04666666666666667
6115,candidate_3,candidate_2,candidate_1,3,0.04666666666666667
6116,candidate_3,candidate_2,0,3,0.04666666666666667
6117,candidate_3,candidate_2,candidate_1,3,0.04666666666666667
6118,candidate_3,candidate_2,candidate_1,3,0.04666666666666667
6119,0,candidate_2,candidate_1,3,0.04666666666666667
6120,candidate_3,candidate_2,candidate_1,3,0.04666666666666667
6121,candidate_3,candidate_2,candidate_1,3,0.04666666666666667
6122,candidate_3,candidate_2,candidate_1,3,0.04666666666666667
6123,candidate_3,candidate_2,candidate_1,3,0.04666666666666667
6124,candidate_3,candidate_2,0,3,0.04666666666666667
6125,candidate_3,candidate_2,candidate_1,3,0.04666666666666667
6126,candidate_3,candidate_2,candidate_1,3,0.04666666666666667
6127,candidate_3,candidate_2,candidate_1,3,0.04666666666666667
6128,candidate_3,candidate_2,candidate_1,3,0.04666666666666667
6129,candidate_3,candidate_2,0,3,0.04666666666666667
6130,candidate_3,0,candidate_1,3,0.04666666666666667
6131,candidate_3,candidate_2,candidate_1,3,0.04666666666666667
6132,candidate_3,candidate_2,candidate_1,3,0.04666666666666667
6133,candidate_3,candidate_2,candidate_1,3,0.04666666666666667
6134,candidate_3,candidate_2,candidate_1,3,0.04666666666666667
6135,candidate_3,candidate_2,candidate_1,3,0.04666666666666667
6136,candidate_3,candidate_2,candidate_1,3,0.04666666666666667
6137,0,candidate_2,candidate_1,3,0.04666666666666667
6138,0,candidate_2,candidate_1,3,0.04666666666666667
6139,candidate_3,candidate_2,candidate_1,3,0.04666666666666667
6140,candidate_3,candidate_2,candidate_1,3,0.04666666666666667
6141,candidate_3,candidate_2,candidate_1,3,0.04666666666666667
6142,candidate_3,0,candidate_1,3,0.04666666666666667
6143,candidate_3,candidate_2,candidate_1,3,0.04666666666666667
6144,candidate_3,candidate_2,candidate_1,3,0.04666666666666667
6145,candidate_3,candidate_2,candidate_1,3,0.04666666666666667
6146,candidate_3,candidate_2,candidate_1,3,0.04666666666666667
6147,candidate_3,candidate_2,candidate_1,3,0.04666666666666667
6148,0,candidate_2,candidate_1,3,0.04666666666666667
6149,candidate_3,candidate_2,candidate_1,3,0.04666666666666667
6150,candidate_3,candidate_2,candidate_1,3,0.04666666666666667
6151,candidate_3,0,candidate_1,3,0.04666666666666667
6152,candidate_3,candidate_2,candidate_1,3,0.04666666666666667
6153,candidate_3,candidate_2,candidate_1,3,0.04666666666666667
6154,candidate_3,candidate_2,candidate_1,3,0.04666666666666667
6155,candidate_3,candidate_2,candidate_1,3,0.04666666666666667
6156,candidate_3,candidate_2,candidate_1,3,0.04666666666666667
6157,candidate_3,candidate_2,candidate_1,3,0.04666666666666667
6158,candidate_3,candidate_2,candidate_1,3,0.04666666666666667
6159,candidate_3,candidate_2,candidate_1,3,0.04666666666666667
6160,candidate_3,candidate_2,candidate_1,3,0.04666666666666667
6161,candidate_3,candidate_2,candidate_1,3,0.04666666666666667
6162,candidate_3,candidate_2,candidate_1,3,0.04666666666666667
6163,candidate_3,candidate_2,candidate_1,3,0.04666666666666667
6164,candidate_3,candidate_2,candidate_1,3,0.04666666666666667
6165,candidate_3,candidate_2,candidate_1,3,0.04666666666666667
6166,0,candidate_2,candidate_1,3,0.04666666666666667
6167,candidate_3,candidate_2,candidate_1,3,0.04666666666666667
6168,candidate_3,0,candidate_1,3,0.04666666666666667
6169,candidate_3,candidate_2,candidate_1,3,0.04666666666666667
6170,candidate_3,candidate_2,candidate_1,3,0.04666666666666667
6171,candidate_3,candidate_2,candidate_1,3,0.04666666666666667
6172,candidate_3,candidate_2,candidate_1,3,0.04666666666666667
6173,candidate_3,candidate_2,candidate_1,3,0.04666666666666667
6174,candidate_3,candidate_2,candidate_1,3,0.04666666666666667
6175,candidate_3,candidate_2,candidate_1,3,0.04666666666666667
6176,candidate_3,candidate_2,candidate_1,3,0.04666666666666667
6177,candidate_3,candidate_2,candidate_1,3,0.04666666666666667
6178,candidate_3,candidate_2,candidate_1,3,0.04666666666666667
6179,candidate_3,candidate_2,candidate_1,3,0.04666666666666667
6180,candidate_3,candidate_2,candidate_1,3,0.04666666666666667
6181,candidate_3,candidate_2,candidate_1,3,0.04666666666666667
6182,candidate_3,candidate_2,0,3,0.04666666666666667
6183,candidate_3,candidate_2,candidate_1,3,0.04666666666666667
6184,candidate_3,candidate_2,candidate_1,3,0.04666666666666667
6185,candidate_3,candidate_2,candidate_1,3,0.04666666666666667
6186,candidate_3,candidate_2,candidate_1,3,0.04666666666666667
6187,candidate_3,candidate_2,candidate_1,3,0.04666666666666667
6188,candidate_3,candidate_2,candidate_1,3,0.04666666666666667
6189,candidate_3,candidate_2,candidate_1,3,0.04666666666666667
6190,candidate_3,candidate_2,candidate_1,3,0.04666666666666667
6191,candidate_3,candidate_2,candidate_1,3,0.04666666666666667
6192,candidate_3,candidate_2,candidate_1,3,0.04666666666666667
6193,candidate_3,candidate_2,candidate_1,3,0.04666666666666667
6194,candidate_3,candidate_2,candidate_1,3,0.04666666666666667
6195,candidate_3,candidate_2,candidate_1,3,0.04666666666666667
6196,candidate_3,0,candidate_1,3,0.04666666666666667
6197,candidate_3,candidate_2,candidate_1,3,0.04666666666666667
6198,candidate_3,candidate_2,candidate_1,3,0.04666666666666667
6199,candidate_3,candidate_2,candidate_1,3,0.04666666666666667
6200,candidate_3,candidate_2,candidate_1,3,0.04666666666666667
6201,candidate_3,candidate_2,candidate_1,3,0.04666666666666667
6202,candidate_3,candidate_2,candidate_1,3,0.04666666666666667
6203,candidate_3,candidate_2,candidate_1,3,0.04666666666666667
6204,candidate_3,candidate_2,candidate_1,3,0.04666666666666667
6205,candidate_3,candidate_2,candidate_1,3,0.04666666666666667
6206,candidate_3,candidate_2,candidate_1,3,0.04666666666666667
6207,candidate_3,0,candidate_1,3,0.04666666666666667
6208,candidate_3,candidate_2,candidate_1,3,0.04666666666666667
6209,candidate_3,candidate_2,candidate_1,3,0.04666666666666667
6210,candidate_3,candidate_2,candidate_1,3,0.04666666666666667
6211,candidate_3,candidate_2,candidate_1,3,0.04666666666666667
6212,candidate_3,candidate_2,candidate_1,3,0.04666666666666667
6213,candidate_3,candidate_2,candidate_1,3,0.04666666666666667
6214,candidate_3,candidate_2,candidate_1,3,0.04666666666666667
6215,candidate_3,candidate_2,candidate_1,3,0.04666666666666667
6216,candidate_3,candidate_2,candidate_1,3,0.04666666666666667
6217,candidate_3,candidate_2,candidate_1,3,0.04666666666666667
6218,candidate_3,candidate_2,candidate_1,3,0.04666666666666667
6219,candidate_3,candidate_2,candidate_1,3,0.04666666666666667
6220,candidate_3,candidate_2,candidate_1,3,0.04666666666666667
6221,candidate_3,candidate_2,candidate_1,3,0.04666666666666667
6222,candidate_3,candidate_2,candidate_1,3,0.04666666666666667
6223,candidate_3,candidate_2,candidate_1,3,0.04666666666666667
6224,candidate_3,candidate_2,candidate_1,3,0.04666666666666667
6225,candidate_3,candidate_2,candidate_1,3,0.04666666666666667
6226,candidate_3,candidate_2,candidate_1,3,0.04666666666666667
6227,candidate_3,candidate_2,candidate_1,3,0.04666666666666667
6228,candidate_3,candidate_2,candidate_1,3,0.04666666666666667
6229,candidate_3,candidate_2,candidate_1,3,0.04666666666666667
6230,candidate_3,candidate_2,candidate_1,3,0.04666666666666667
6231,candidate_3,candidate_2,candidate_1,3,0.04666666666666667
6232,candidate_3,candidate_2,candidate_1,3,0.04666666666666667
6233,candidate_3,candidate_2,candidate_1,3,0.04666666666666667
6234,candidate_3,candidate_2,candidate_1,3,0.04666666666666667
6235,candidate_3,candidate_2,candidate_1,3,0.04666666666666667
6236,candidate_3,candidate_2,candidate_1,3,0.04666666666666667
6237,candidate_3,candidate_2,candidate_1,3,0.04666666666666667
6238,candidate_3,candidate_2,candidate_1,3,0.04666666666666667
6239,candidate_3,candidate_2,candidate_1,3,0.04666666666666667
6240,candidate_3,candidate_2,candidate_1,3,0.04666666666666667
6241,candidate_3,candidate_2,candidate_1,3,0.04666666666666667
6242,candidate_3,candidate_2,candidate_1,3,0.04666666666666667
6243,candidate_3,candidate_2,candidate_1,3,0.04666666666666667
6244,candidate_3,candidate_2,candidate_1,3,0.04666666666666667
6245,candidate_3,candidate_2,candidate_1,3,0.04666666666666667
6246,candidate_3,candidate_2,candidate_1,3,0.04666666666666667
6247,candidate_3,candidate_2,candidate_1,3,0.04666666666666667
6248,candidate_3,candidate_2,0,3,0.04666666666666667
6249,candidate_3,candidate_2,candidate_1,3,0.04666666666666667
6250,candidate_3,0,candidate_1,3,0.04666666666666667
6251,candidate_3,candidate_2,candidate_1,3,0.04666666666666667
6252,candidate_3,candidate_2,candidate_1,3,0.04666666666666667
6253,candidate_3,candidate_2,candidate_1,3,0.04666666666666667
6254,candidate_3,candidate_2,candidate_1,3,0.04666666666666667
6255,candidate_3,candidate_2,candidate_1,3,0.04666666666666667
6256,candidate_3,candidate_2,candidate_1,3,0.04666666666666667
6257,candidate_3,candidate_2,candidate_1,3,0.04666666666666667
6258,candidate_3,0,candidate_1,3,0.04666666666666667
6259,candidate_3,candidate_2,candidate_1,3,0.04666666666666667
6260,candidate_3,candidate_2,candidate_1,3,0.04666666666666667
6261,candidate_3,candidate_2,candidate_1,3,0.04666666666666667
6262,candidate_3,candidate_2,candidate_1,3,0.04666666666666667
6263,0,candidate_2,candidate_1,3,0.04666666666666667
6264,candidate_3,candidate_2,candidate_1,3,0.04666666666666667
6265,candidate_3,candidate_2,candidate_1,3,0.04666666666666667
6266,candidate_3,candidate_2,candidate_1,3,0.04666666666666667
6267,candidate_3,0,candidate_1,3,0.04666666666666667
6268,candidate_3,candidate_2,candidate_1,3,0.04666666666666667
6269,candidate_3,candidate_2,candidate_1,3,0.04666666666666667
6270,candidate_3,candidate_2,candidate_1,3,0.04666666666666667
6271,candidate_3,candidate_2,candidate_1,3,0.04666666666666667
6272,candidate_3,candidate_2,candidate_1,3,0.04666666666666667
6273,candidate_3,candidate_2,candidate_1,3,0.04666666666666667
6274,candidate_3,candidate_2,0,3,0.04666666666666667
6275,0,candidate_2,candidate_1,3,0.04666666666666667
6276,candidate_3,candidate_2,candidate_1,3,0.04666666666666667
6277,candidate_3,candidate_2,candidate_1,3,0.04666666666666667
6278,candidate_3,candidate_2,candidate_1,3,0.04666666666666667
6279,candidate_3,candidate_2,candidate_1,3,0.04666666666666667
6280,candidate_3,candidate_2,candidate_1,3,0.04666666666666667
6281,candidate_3,candidate_2,candidate_1,3,0.04666666666666667
6282,candidate_3,candidate_2,candidate_1,3,0.04666666666666667
6283,candidate_3,candidate_2,candidate_1,3,0.04666666666666667
6284,candidate_3,candidate_2,candidate_1,3,0.04666666666666667
6285,candidate_3,candidate_2,candidate_1,3,0.04666666666666667
6286,candidate_3,candidate_2,candidate_1,3,0.04666666666666667
6287,candidate_3,candidate_2,candidate_1,3,0.04666666666666667
6288,candidate_3,candidate_2,candidate_1,3,0.04666666666666667
6289,candidate_3,candidate_2,candidate_1,3,0.04666666666666667
6290,candidate_3,candidate_2,candidate_1,3,0.04666666666666667
6291,candidate_3,candidate_2,candidate_1,3,0.04666666666666667
6292,candidate_3,candidate_2,candidate_1,3,0.04666666666666667
6293,candidate_3,candidate_2,candidate_1,3,0.04666666666666667
6294,0,candidate_2,candidate_1,3,0.04666666666666667
6295,candidate_3,candidate_2,candidate_1,3,0.04666666666666667
6296,candidate_3,candidate_2,0,3,0.04666666666666667
6297,candidate_3,candidate_2,0,3,0.04666666666666667
6298,candidate_3,candidate_2,candidate_1,3,0.04666666666666667
6299,candidate_3,candidate_2,candidate_1,3,0.04666666666666667
6300,candidate_3,candidate_2,candidate_1,3,0.04666666666666667
6301,candidate_3,candidate_2,candidate_1,3,0.04666666666666667
6302,0,candidate_2,candidate_1,3,0.04666666666666667
6303,candidate_3,candidate_2,candidate_1,3,0.04666666666666667
6304,candidate_3,candidate_2,candidate_1,3,0.04666666666666667
6305,candidate_3,candidate_2,candidate_1,3,0.04666666666666667
6306,candidate_3,candidate_2,candidate_1,3,0.04666666666666667
6307,candidate_3,candidate_2,candidate_1,3,0.04666666666666667
6308,0,candidate_2,candidate_1,3,0.04666666666666667
6309,candidate_3,candidate_2,0,3,0.04666666666666667
6310,candidate_3,candidate_2,candidate_1,3,0.04666666666666667
6311,candidate_3,candidate_2,0,3,0.04666666666666667
6312,candidate_3,candidate_2,candidate_1,3,0.04666666666666667
6313,0,candidate_2,candidate_1,3,0.04666666666666667
6314,candidate_3,candidate_2,candidate_1,3,0.04666666666666667
6315,candidate_3,candidate_2,candidate_1,3,0.04666666666666667
6316,candidate_3,candidate_2,candidate_1,3,0.04666666666666667
6317,candidate_3,candidate_2,candidate_1,3,0.04666666666666667
6318,candidate_3,candidate_2,candidate_1,3,0.04666666666666667
6319,candidate_3,candidate_2,candidate_1,3,0.04666666666666667
6320,candidate_3,candidate_2,candidate_1,3,0.04666666666666667
6321,candidate_3,candidate_2,candidate_1,3,0.04666666666666667
6322,candidate_3,candidate_2,candidate_1,3,0.04666666666666667
6323,candidate_3,candidate_2,candidate_1,3,0.04666666666666667
6324,candidate_3,candidate_2,candidate_1,3,0.04666666666666667
6325,candidate_3,candidate_2,candidate_1,3,0.04666666666666667
6326,candidate_3,candidate_2,0,3,0.04666666666666667
6327,candidate_3,candidate_2,candidate_1,3,0.04666666666666667
6328,candidate_3,candidate_2,candidate_1,3,0.04666666666666667
6329,candidate_3,candidate_2,candidate_1,3,0.04666666666666667
6330,candidate_3,candidate_2,candidate_1,3,0.04666666666666667
6331,candidate_3,candidate_2,0,3,0.04666666666666667
6332,candidate_3,candidate_2,candidate_1,3,0.04666666666666667
6333,candidate_3,candidate_2,candidate_1,3,0.04666666666666667
6334,candidate_3,candidate_2,candidate_1,3,0.04666666666666667
6335,candidate_3,candidate_2,candidate_1,3,0.04666666666666667
6336,candidate_3,candidate_2,candidate_1,3,0.04666666666666667
6337,candidate_3,candidate_2,candidate_1,3,0.04666666666666667
6338,candidate_3,candidate_2,candidate_1,3,0.04666666666666667
6339,candidate_3,candidate_2,candidate_1,3,0.04666666666666667
6340,candidate_3,candidate_2,candidate_1,3,0.04666666666666667
6341,candidate_3,candidate_2,candidate_1,3,0.04666666666666667
6342,candidate_3,candidate_2,candidate_1,3,0.04666666666666667
6343,candidate_3,candidate_2,candidate_1,3,0.04666666666666667
6344,candidate_3,candidate_2,candidate_1,3,0.04666666666666667
6345,candidate_3,candidate_2,candidate_1,3,0.04666666666666667
6346,candidate_3,candidate_2,candidate_1,3,0.04666666666666667
6347,candidate_3,candidate_2,candidate_1,3,0.04666666666666667
6348,candidate_3,candidate_2,candidate_1,3,0.04666666666666667
6349,candidate_3,candidate_2,0,3,0.04666666666666667
6350,candidate_3,candidate_2,candidate_1,3,0.04666666666666667
6351,candidate_3,candidate_2,candidate_1,3,0.04666666666666667
6352,candidate_3,candidate_2,candidate_1,3,0.04666666666666667
6353,candidate_3,candidate_2,candidate_1,3,0.04666666666666667
6354,candidate_3,candidate_2,candidate_1,3,0.04666666666666667
6355,candidate_3,0,candidate_1,3,0.04666666666666667
6356,candidate_3,candidate_2,candidate_1,3,0.04666666666666667
6357,candidate_3,candidate_2,candidate_1,3,0.04666666666666667
6358,candidate_3,candidate_2,candidate_1,3,0.04666666666666667
6359,candidate_3,candidate_2,candidate_1,3,0.04666666666666667
6360,candidate_3,candidate_2,candidate_1,3,0.04666666666666667
6361,candidate_3,candidate_2,candidate_1,3,0.04666666666666667
6362,candidate_3,candidate_2,candidate_1,3,0.04666666666666667
6363,candidate_3,candidate_2,candidate_1,3,0.04666666666666667
6364,candidate_3,candidate_2,candidate_1,3,0.04666666666666667
6365,candidate_3,candidate_2,candidate_1,3,0.04666666666666667
6366,candidate_3,candidate_2,candidate_1,3,0.04666666666666667
6367,candidate_3,candidate_2,candidate_1,3,0.04666666666666667
6368,candidate_3,candidate_2,candidate_1,3,0.04666666666666667
6369,candidate_3,candidate_2,candidate_1,3,0.04666666666666667
6370,candidate_3,candidate_2,candidate_1,3,0.04666666666666667
6371,candidate_3,candidate_2,candidate_1,3,0.04666666666666667
6372,candidate_3,candidate_2,candidate_1,3,0.04666666666666667
6373,candidate_3,candidate_2,candidate_1,3,0.04666666666666667
6374,candidate_3,candidate_2,candidate_1,3,0.04666666666666667
6375,candidate_3,candidate_2,candidate_1,3,0.04666666666666667
6376,candidate_3,candidate_2,candidate_1,3,0.04666666666666667
6377,candidate_3,candidate_2,candidate_1,3,0.04666666666666667
6378,candidate_3,candidate_2,candidate_1,3,0.04666666666666667
6379,candidate_3,candidate_2,candidate_1,3,0.04666666666666667
6380,candidate_3,candidate_2,0,3,0.04666666666666667
6381,candidate_3,candidate_2,candidate_1,3,0.04666666666666667
6382,candidate_3,candidate_2,candidate_1,3,0.04666666666666667
6383,candidate_3,candidate_2,candidate_1,3,0.04666666666666667
6384,candidate_3,candidate_2,candidate_1,3,0.04666666666666667
6385,candidate_3,candidate_2,candidate_1,3,0.04666666666666667
6386,candidate_3,candidate_2,candidate_1,3,0.04666666666666667
6387,candidate_3,candidate_2,candidate_1,3,0.04666666666666667
6388,candidate_3,candidate_2,candidate_1,3,0.04666666666666667
6389,candidate_3,candidate_2,candidate_1,3,0.04666666666666667
6390,candidate_3,candidate_2,candidate_1,3,0.04666666666666667
6391,0,candidate_2,candidate_1,3,0.04666666666666667
6392,candidate_3,candidate_2,candidate_1,3,0.04666666666666667
6393,candidate_3,candidate_2,candidate_1,3,0.04666666666666667
6394,candidate_3,candidate_2,candidate_1,3,0.04666666666666667
6395,candidate_3,candidate_2,candidate_1,3,0.04666666666666667
6396,candidate_3,candidate_2,candidate_1,3,0.04666666666666667
6397,candidate_3,candidate_2,candidate_1,3,0.04666666666666667
6398,candidate_3,candidate_2,candidate_1,3,0.04666666666666667
6399,candidate_3,candidate_2,candidate_1,3,0.04666666666666667
6400,candidate_3,candidate_2,candidate_1,3,0.04666666666666667
6401,candidate_3,candidate_2,candidate_1,3,0.04666666666666667
6402,candidate_3,candidate_2,candidate_1,3,0.04666666666666667
6403,candidate_3,candidate_2,candidate_1,3,0.04666666666666667
6404,candidate_3,candidate_2,candidate_1,3,0.04666666666666667
6405,candidate_3,candidate_2,candidate_1,3,0.04666666666666667
6406,candidate_3,candidate_2,0,3,0.04666666666666667
6407,candidate_3,candidate_2,candidate_1,3,0.04666666666666667
6408,candidate_3,candidate_2,candidate_1,3,0.04666666666666667
6409,candidate_3,candidate_2,candidate_1,3,0.04666666666666667
6410,candidate_3,candidate_2,candidate_1,3,0.04666666666666667
6411,candidate_3,candidate_2,candidate_1,3,0.04666666666666667
6412,candidate_3,candidate_2,candidate_1,3,0.04666666666666667
6413,candidate_3,candidate_2,candidate_1,3,0.04666666666666667
6414,candidate_3,candidate_2,candidate_1,3,0.04666666666666667
6415,candidate_3,candidate_2,candidate_1,3,0.04666666666666667
6416,candidate_3,candidate_2,candidate_1,3,0.04666666666666667
6417,candidate_3,candidate_2,candidate_1,3,0.04666666666666667
6418,candidate_3,candidate_2,candidate_1,3,0.04666666666666667
6419,candidate_3,candidate_2,candidate_1,3,0.04666666666666667
6420,0,candidate_2,candidate_1,3,0.04666666666666667
6421,candidate_3,candidate_2,candidate_1,3,0.04666666666666667
6422,candidate_3,candidate_2,0,3,0.04666666666666667
6423,candidate_3,candidate_2,candidate_1,3,0.04666666666666667
6424,candidate_3,candidate_2,candidate_1,3,0.04666666666666667
6425,candidate_3,candidate_2,candidate_1,3,0.04666666666666667
6426,candidate_3,candidate_2,candidate_1,3,0.04666666666666667
6427,candidate_3,candidate_2,candidate_1,3,0.04666666666666667
6428,candidate_3,candidate_2,candidate_1,3,0.04666666666666667
6429,candidate_3,candidate_2,candidate_1,3,0.04666666666666667
6430,candidate_3,candidate_2,candidate_1,3,0.04666666666666667
6431,candidate_3,candidate_2,candidate_1,3,0.04666666666666667
6432,0,candidate_2,candidate_1,3,0.04666666666666667
6433,candidate_3,candidate_2,candidate_1,3,0.04666666666666667
6434,candidate_3,candidate_2,candidate_1,3,0.04666666666666667
6435,candidate_3,candidate_2,candidate_1,3,0.04666666666666667
6436,candidate_3,candidate_2,0,3,0.04666666666666667
6437,candidate_3,candidate_2,candidate_1,3,0.04666666666666667
6438,candidate_3,candidate_2,candidate_1,3,0.04666666666666667
6439,candidate_3,candidate_2,candidate_1,3,0.04666666666666667
6440,candidate_3,candidate_2,candidate_1,3,0.04666666666666667
6441,candidate_3,candidate_2,candidate_1,3,0.04666666666666667
6442,candidate_3,candidate_2,candidate_1,3,0.04666666666666667
6443,candidate_3,candidate_2,candidate_1,3,0.04666666666666667
6444,candidate_3,candidate_2,candidate_1,3,0.04666666666666667
6445,candidate_3,candidate_2,candidate_1,3,0.04666666666666667
6446,candidate_3,candidate_2,candidate_1,3,0.04666666666666667
6447,candidate_3,candidate_2,candidate_1,3,0.04666666666666667
6448,candidate_3,candidate_2,candidate_1,3,0.04666666666666667
6449,candidate_3,candidate_2,candidate_1,3,0.04666666666666667
6450,candidate_3,candidate_2,candidate_1,3,0.04666666666666667
6451,candidate_3,candidate_2,candidate_1,3,0.04666666666666667
6452,candidate_3,candidate_2,candidate_1,3,0.04666666666666667
6453,candidate_3,candidate_2,candidate_1,3,0.04666666666666667
6454,candidate_3,candidate_2,candidate_1,3,0.04666666666666667
6455,candidate_3,candidate_2,candidate_1,3,0.04666666666666667
6456,candidate_3,candidate_2,candidate_1,3,0.04666666666666667
6457,candidate_3,candidate_2,candidate_1,3,0.04666666666666667
6458,candidate_3,candidate_2,candidate_1,3,0.04666666666666667
6459,candidate_3,candidate_2,candidate_1,3,0.04666666666666667
6460,candidate_3,candidate_2,0,3,0.04666666666666667
6461,candidate_3,candidate_2,candidate_1,3,0.04666666666666667
6462,candidate_3,candidate_2,candidate_1,3,0.04666666666666667
6463,candidate_3,candidate_2,candidate_1,3,0.04666666666666667
6464,candidate_3,candidate_2,candidate_1,3,0.04666666666666667
6465,candidate_3,candidate_2,candidate_1,3,0.04666666666666667
6466,candidate_3,candidate_2,candidate_1,3,0.04666666666666667
6467,candidate_3,candidate_2,candidate_1,3,0.04666666666666667
6468,candidate_3,candidate_2,candidate_1,3,0.04666666666666667
6469,candidate_3,candidate_2,candidate_1,3,0.04666666666666667
6470,candidate_3,candidate_2,candidate_1,3,0.04666666666666667
6471,candidate_3,candidate_2,candidate_1,3,0.04666666666666667
6472,candidate_3,candidate_2,candidate_1,3,0.04666666666666667
6473,candidate_3,candidate_2,candidate_1,3,0.04666666666666667
6474,candidate_3,candidate_2,candidate_1,3,0.04666666666666667
6475,0,candidate_2,candidate_1,3,0.04666666666666667
6476,candidate_3,candidate_2,candidate_1,3,0.04666666666666667
6477,0,candidate_2,0,3,0.04666666666666667
6478,candidate_3,candidate_2,candidate_1,3,0.04666666666666667
6479,0,candidate_2,candidate_1,3,0.04666666666666667
6480,candidate_3,candidate_2,candidate_1,3,0.04666666666666667
6481,0,0,candidate_1,3,0.04666666666666667
6482,candidate_3,0,candidate_1,3,0.04666666666666667
6483,candidate_3,candidate_2,candidate_1,3,0.04666666666666667
6484,candidate_3,0,candidate_1,3,0.04666666666666667
6485,0,candidate_2,candidate_1,3,0.04666666666666667
6486,candidate_3,candidate_2,candidate_1,3,0.04666666666666667
6487,candidate_3,candidate_2,candidate_1,3,0.04666666666666667
6488,candidate_3,candidate_2,candidate_1,3,0.04666666666666667
6489,candidate_3,0,candidate_1,3,0.04666666666666667
6490,candidate_3,candidate_2,candidate_1,3,0.04666666666666667
6491,candidate_3,candidate_2,candidate_1,3,0.04666666666666667
6492,candidate_3,candidate_2,candidate_1,3,0.04666666666666667
6493,candidate_3,candidate_2,candidate_1,3,0.04666666666666667
6494,candidate_3,candidate_2,candidate_1,3,0.04666666666666667
6495,candidate_3,candidate_2,candidate_1,3,0.04666666666666667
6496,candidate_3,candidate_2,candidate_1,3,0.04666666666666667
6497,candidate_3,candidate_2,candidate_1,3,0.04666666666666667
6498,candidate_3,candidate_2,candidate_1,3,0.04666666666666667
6499,candidate_3,candidate_2,candidate_1,3,0.04666666666666667
6500,candidate_3,candidate_2,candidate_1,3,0.04666666666666667
6501,candidate_3,candidate_2,candidate_1,3,0.04666666666666667
6502,candidate_3,candidate_2,candidate_1,3,0.04666666666666667
6503,candidate_3,candidate_2,0,3,0.04666666666666667
6504,candidate_3,candidate_2,candidate_1,3,0.04666666666666667
6505,candidate_3,candidate_2,candidate_1,3,0.04666666666666667
6506,candidate_3,candidate_2,candidate_1,3,0.04666666666666667
6507,candidate_3,candidate_2,0,3,0.04666666666666667
6508,candidate_3,candidate_2,candidate_1,3,0.04666666666666667
6509,candidate_3,candidate_2,candidate_1,3,0.04666666666666667
6510,candidate_3,candidate_2,candidate_1,3,0.04666666666666667
6511,candidate_3,candidate_2,candidate_1,3,0.04666666666666667
6512,candidate_3,0,candidate_1,3,0.04666666666666667
6513,candidate_3,candidate_2,candidate_1,3,0.04666666666666667
6514,candidate_3,candidate_2,candidate_1,3,0.04666666666666667
6515,candidate_3,candidate_2,candidate_1,3,0.04666666666666667
6516,0,candidate_2,candidate_1,3,0.04666666666666667
6517,candidate_3,candidate_2,candidate_1,3,0.04666666666666667
6518,candidate_3,candidate_2,candidate_1,3,0.04666666666666667
6519,candidate_3,0,candidate_1,3,0.04666666666666667
6520,candidate_3,candidate_2,candidate_1,3,0.04666666666666667
6521,candidate_3,candidate_2,candidate_1,3,0.04666666666666667
6522,candidate_3,candidate_2,candidate_1,3,0.04666666666666667
6523,candidate_3,candidate_2,candidate_1,3,0.04666666666666667
6524,candidate_3,candidate_2,candidate_1,3,0.04666666666666667
6525,candidate_3,candidate_2,candidate_1,3,0.04666666666666667
6526,candidate_3,candidate_2,candidate_1,3,0.04666666666666667
6527,candidate_3,candidate_2,candidate_1,3,0.04666666666666667
6528,candidate_3,candidate_2,0,3,0.04666666666666667
6529,candidate_3,candidate_2,candidate_1,3,0.04666666666666667
6530,candidate_3,0,candidate_1,3,0.04666666666666667
6531,candidate_3,candidate_2,candidate_1,3,0.04666666666666667
6532,candidate_3,candidate_2,candidate_1,3,0.04666666666666667
6533,candidate_3,candidate_2,candidate_1,3,0.04666666666666667
6534,candidate_3,candidate_2,candidate_1,3,0.04666666666666667
6535,candidate_3,candidate_2,candidate_1,3,0.04666666666666667
6536,candidate_3,candidate_2,candidate_1,3,0.04666666666666667
6537,candidate_3,candidate_2,candidate_1,3,0.04666666666666667
6538,candidate_3,candidate_2,candidate_1,3,0.04666666666666667
6539,candidate_3,candidate_2,candidate_1,3,0.04666666666666667
6540,candidate_3,candidate_2,candidate_1,3,0.04666666666666667
6541,candidate_3,candidate_2,candidate_1,3,0.04666666666666667
6542,candidate_3,candidate_2,candidate_1,3,0.04666666666666667
6543,candidate_3,candidate_2,candidate_1,3,0.04666666666666667
6544,candidate_3,candidate_2,candidate_1,3,0.04666666666666667
6545,candidate_3,candidate_2,candidate_1,3,0.04666666666666667
6546,candidate_3,candidate_2,candidate_1,3,0.04666666666666667
6547,candidate_3,candidate_2,candidate_1,3,0.04666666666666667
6548,candidate_3,candidate_2,candidate_1,3,0.04666666666666667
6549,candidate_3,candidate_2,candidate_1,3,0.04666666666666667
6550,candidate_3,candidate_2,candidate_1,3,0.04666666666666667
6551,candidate_3,candidate_2,candidate_1,3,0.04666666666666667
6552,candidate_3,candidate_2,candidate_1,3,0.04666666666666667
6553,candidate_3,candidate_2,candidate_1,3,0.04666666666666667
6554,candidate_3,candidate_2,candidate_1,3,0.04666666666666667
6555,candidate_3,candidate_2,candidate_1,3,0.04666666666666667
6556,candidate_3,candidate_2,candidate_1,3,0.04666666666666667
6557,candidate_3,candidate_2,candidate_1,3,0.04666666666666667
6558,candidate_3,candidate_2,candidate_1,3,0.04666666666666667
6559,candidate_3,candidate_2,candidate_1,3,0.04666666666666667
6560,candidate_3,candidate_2,0,3,0.04666666666666667
6561,candidate_3,candidate_2,candidate_1,3,0.04666666666666667
6562,candidate_3,candidate_2,candidate_1,3,0.04666666666666667
6563,candidate_3,candidate_2,candidate_1,3,0.04666666666666667
6564,candidate_3,candidate_2,candidate_1,3,0.04666666666666667
6565,candidate_3,candidate_2,candidate_1,3,0.04666666666666667
6566,candidate_3,candidate_2,candidate_1,3,0.04666666666666667
6567,candidate_3,candidate_2,candidate_1,3,0.04666666666666667
6568,candidate_3,0,candidate_1,3,0.04666666666666667
6569,candidate_3,candidate_2,candidate_1,3,0.04666666666666667
6570,candidate_3,candidate_2,candidate_1,3,0.04666666666666667
6571,candidate_3,candidate_2,candidate_1,3,0.04666666666666667
6572,candidate_3,candidate_2,candidate_1,3,0.04666666666666667
6573,candidate_3,candidate_2,candidate_1,3,0.04666666666666667
6574,candidate_3,candidate_2,candidate_1,3,0.04666666666666667
6575,candidate_3,candidate_2,candidate_1,3,0.04666666666666667
6576,candidate_3,candidate_2,candidate_1,3,0.04666666666666667
6577,candidate_3,candidate_2,candidate_1,3,0.04666666666666667
6578,candidate_3,candidate_2,candidate_1,3,0.04666666666666667
6579,candidate_3,candidate_2,candidate_1,3,0.04666666666666667
6580,candidate_3,candidate_2,candidate_1,3,0.04666666666666667
6581,candidate_3,candidate_2,candidate_1,3,0.04666666666666667
6582,candidate_3,candidate_2,candidate_1,3,0.04666666666666667
6583,candidate_3,candidate_2,candidate_1,3,0.04666666666666667
6584,candidate_3,candidate_2,candidate_1,3,0.04666666666666667
6585,candidate_3,candidate_2,candidate_1,3,0.04666666666666667
6586,candidate_3,candidate_2,candidate_1,3,0.04666666666666667
6587,candidate_3,candidate_2,candidate_1,3,0.04666666666666667
6588,candidate_3,candidate_2,candidate_1,3,0.04666666666666667
6589,candidate_3,candidate_2,candidate_1,3,0.04666666666666667
6590,candidate_3,candidate_2,candidate_1,3,0.04666666666666667
6591,candidate_3,candidate_2,candidate_1,3,0.04666666666666667
6592,candidate_3,candidate_2,candidate_1,3,0.04666666666666667
6593,candidate_3,candidate_2,candidate_1,3,0.04666666666666667
6594,candidate_3,candidate_2,candidate_1,3,0.04666666666666667
6595,candidate_3,candidate_2,candidate_1,3,0.04666666666666667
6596,candidate_3,candidate_2,candidate_1,3,0.04666666666666667
6597,candidate_3,candidate_2,candidate_1,3,0.04666666666666667
6598,candidate_3,candidate_2,candidate_1,3,0.04666666666666667
6599,candidate_3,0,candidate_1,3,0.04666666666666667
6600,candidate_3,candidate_2,0,3,0.04666666666666667
6601,candidate_3,0,candidate_1,3,0.04666666666666667
6602,candidate_3,candidate_2,candidate_1,3,0.04666666666666667
6603,candidate_3,candidate_2,candidate_1,3,0.04666666666666667
6604,candidate_3,candidate_2,candidate_1,3,0.04666666666666667
6605,candidate_3,0,candidate_1,3,0.04666666666666667
6606,candidate_3,candidate_2,candidate_1,3,0.04666666666666667
6607,candidate_3,candidate_2,candidate_1,3,0.04666666666666667
6608,candidate_3,candidate_2,0,3,0.04666666666666667
6609,candidate_3,candidate_2,candidate_1,3,0.04666666666666667
6610,candidate_3,candidate_2,candidate_1,3,0.04666666666666667
6611,candidate_3,candidate_2,candidate_1,3,0.04666666666666667
6612,candidate_3,candidate_2,candidate_1,3,0.04666666666666667
6613,candidate_3,candidate_2,candidate_1,3,0.04666666666666667
6614,candidate_3,candidate_2,candidate_1,3,0.04666666666666667
6615,candidate_3,candidate_2,candidate_1,3,0.04666666666666667
6616,candidate_3,candidate_2,candidate_1,3,0.04666666666666667
6617,candidate_3,candidate_2,candidate_1,3,0.04666666666666667
6618,candidate_3,candidate_2,candidate_1,3,0.04666666666666667
6619,candidate_3,candidate_2,0,3,0.04666666666666667
6620,candidate_3,candidate_2,candidate_1,3,0.04666666666666667
6621,candidate_3,candidate_2,candidate_1,3,0.04666666666666667
6622,candidate_3,candidate_2,candidate_1,3,0.04666666666666667
6623,candidate_3,candidate_2,candidate_1,3,0.04666666666666667
6624,candidate_3,candidate_2,candidate_1,3,0.04666666666666667
6625,candidate_3,candidate_2,candidate_1,3,0.04666666666666667
6626,candidate_3,0,candidate_1,3,0.04666666666666667
6627,candidate_3,candidate_2,candidate_1,3,0.04666666666666667
6628,candidate_3,candidate_2,candidate_1,3,0.04666666666666667
6629,candidate_3,candidate_2,candidate_1,3,0.04666666666666667
6630,candidate_3,0,candidate_1,3,0.04666666666666667
6631,candidate_3,candidate_2,candidate_1,3,0.04666666666666667
6632,candidate_3,candidate_2,candidate_1,3,0.04666666666666667
6633,candidate_3,0,candidate_1,3,0.04666666666666667
6634,candidate_3,candidate_2,candidate_1,3,0.04666666666666667
6635,0,candidate_2,candidate_1,3,0.04666666666666667
6636,candidate_3,candidate_2,candidate_1,3,0.04666666666666667
6637,candidate_3,candidate_2,candidate_1,3,0.04666666666666667
6638,candidate_3,candidate_2,candidate_1,3,0.04666666666666667
6639,candidate_3,candidate_2,candidate_1,3,0.04666666666666667
6640,candidate_3,candidate_2,candidate_1,3,0.04666666666666667
6641,candidate_3,candidate_2,candidate_1,3,0.04666666666666667
6642,candidate_3,candidate_2,candidate_1,3,0.04666666666666667
6643,candidate_3,candidate_2,candidate_1,3,0.04666666666666667
6644,candidate_3,candidate_2,candidate_1,3,0.04666666666666667
6645,candidate_3,candidate_2,candidate_1,3,0.04666666666666667
6646,candidate_3,candidate_2,candidate_1,3,0.04666666666666667
6647,candidate_3,candidate_2,candidate_1,3,0.04666666666666667
6648,candidate_3,candidate_2,candidate_1,3,0.04666666666666667
6649,candidate_3,candidate_2,candidate_1,3,0.04666666666666667
6650,candidate_3,candidate_2,candidate_1,3,0.04666666666666667
6651,candidate_3,candidate_2,candidate_1,3,0.04666666666666667
6652,candidate_3,0,candidate_1,3,0.04666666666666667
6653,candidate_3,candidate_2,candidate_1,3,0.04666666666666667
6654,candidate_3,candidate_2,candidate_1,3,0.04666666666666667
6655,candidate_3,candidate_2,candidate_1,3,0.04666666666666667
6656,candidate_3,candidate_2,candidate_1,3,0.04666666666666667
6657,candidate_3,candidate_2,candidate_1,3,0.04666666666666667
6658,candidate_3,candidate_2,candidate_1,3,0.04666666666666667
6659,candidate_3,candidate_2,candidate_1,3,0.04666666666666667
6660,0,candidate_2,candidate_1,3,0.04666666666666667
6661,candidate_3,candidate_2,candidate_1,3,0.04666666666666667
6662,candidate_3,candidate_2,candidate_1,3,0.04666666666666667
6663,candidate_3,0,candidate_1,3,0.04666666666666667
6664,0,candidate_2,candidate_1,3,0.04666666666666667
6665,candidate_3,candidate_2,candidate_1,3,0.04666666666666667
6666,candidate_3,candidate_2,candidate_1,3,0.04666666666666667
6667,candidate_3,candidate_2,candidate_1,3,0.04666666666666667
6668,candidate_3,candidate_2,candidate_1,3,0.04666666666666667
6669,candidate_3,candidate_2,candidate_1,3,0.04666666666666667
6670,candidate_3,candidate_2,candidate_1,3,0.04666666666666667
6671,candidate_3,candidate_2,candidate_1,3,0.04666666666666667
6672,candidate_3,candidate_2,candidate_1,3,0.04666666666666667
6673,candidate_3,candidate_2,candidate_1,3,0.04666666666666667
6674,candidate_3,candidate_2,candidate_1,3,0.04666666666666667
6675,candidate_3,candidate_2,candidate_1,3,0.04666666666666667
6676,candidate_3,candidate_2,candidate_1,3,0.04666666666666667
6677,candidate_3,candidate_2,candidate_1,3,0.04666666666666667
6678,candidate_3,candidate_2,candidate_1,3,0.04666666666666667
6679,candidate_3,0,candidate_1,3,0.04666666666666667
6680,candidate_3,candidate_2,candidate_1,3,0.04666666666666667
6681,candidate_3,candidate_2,candidate_1,3,0.04666666666666667
6682,candidate_3,candidate_2,0,3,0.04666666666666667
6683,candidate_3,0,candidate_1,3,0.04666666666666667
6684,candidate_3,candidate_2,candidate_1,3,0.04666666666666667
6685,candidate_3,candidate_2,candidate_1,3,0.04666666666666667
6686,candidate_3,candidate_2,candidate_1,3,0.04666666666666667
6687,candidate_3,candidate_2,candidate_1,3,0.04666666666666667
6688,candidate_3,candidate_2,candidate_1,3,0.04666666666666667
6689,candidate_3,candidate_2,candidate_1,3,0.04666666666666667
6690,candidate_3,candidate_2,candidate_1,3,0.04666666666666667
6691,candidate_3,candidate_2,candidate_1,3,0.04666666666666667
6692,0,candidate_2,candidate_1,3,0.04666666666666667
6693,candidate_3,candidate_2,candidate_1,3,0.04666666666666667
6694,candidate_3,candidate_2,candidate_1,3,0.04666666666666667
6695,candidate_3,candidate_2,candidate_1,3,0.04666666666666667
6696,candidate_3,candidate_2,0,3,0.04666666666666667
6697,candidate_3,candidate_2,candidate_1,3,0.04666666666666667
6698,candidate_3,candidate_2,candidate_1,3,0.04666666666666667
6699,candidate_3,0,candidate_1,3,0.04666666666666667
6700,candidate_3,candidate_2,candidate_1,3,0.04666666666666667
6701,candidate_3,candidate_2,candidate_1,3,0.04666666666666667
6702,candidate_3,candidate_2,candidate_1,3,0.04666666666666667
6703,candidate_3,candidate_2,candidate_1,3,0.04666666666666667
6704,candidate_3,candidate_2,0,3,0.04666666666666667
6705,candidate_3,candidate_2,candidate_1,3,0.04666666666666667
6706,candidate_3,candidate_2,candidate_1,3,0.04666666666666667
6707,candidate_3,candidate_2,candidate_1,3,0.04666666666666667
6708,candidate_3,candidate_2,candidate_1,3,0.04666666666666667
6709,candidate_3,candidate_2,candidate_1,3,0.04666666666666667
6710,candidate_3,candidate_2,candidate_1,3,0.04666666666666667
6711,candidate_3,candidate_2,candidate_1,3,0.04666666666666667
6712,candidate_3,candidate_2,candidate_1,3,0.04666666666666667
6713,candidate_3,candidate_2,candidate_1,3,0.04666666666666667
6714,candidate_3,candidate_2,candidate_1,3,0.04666666666666667
6715,candidate_3,candidate_2,candidate_1,3,0.04666666666666667
6716,candidate_3,candidate_2,candidate_1,3,0.04666666666666667
6717,candidate_3,candidate_2,candidate_1,3,0.04666666666666667
6718,candidate_3,candidate_2,candidate_1,3,0.04666666666666667
6719,candidate_3,candidate_2,candidate_1,3,0.04666666666666667
6720,candidate_3,candidate_2,candidate_1,3,0.04666666666666667
6721,candidate_3,candidate_2,candidate_1,3,0.04666666666666667
6722,candidate_3,candidate_2,candidate_1,3,0.04666666666666667
6723,candidate_3,candidate_2,candidate_1,3,0.04666666666666667
6724,candidate_3,candidate_2,candidate_1,3,0.04666666666666667
6725,candidate_3,candidate_2,candidate_1,3,0.04666666666666667
6726,candidate_3,candidate_2,candidate_1,3,0.04666666666666667
6727,candidate_3,candidate_2,candidate_1,3,0.04666666666666667
6728,candidate_3,candidate_2,candidate_1,3,0.04666666666666667
6729,candidate_3,candidate_2,candidate_1,3,0.04666666666666667
6730,candidate_3,candidate_2,candidate_1,3,0.04666666666666667
6731,candidate_3,candidate_2,candidate_1,3,0.04666666666666667
6732,candidate_3,candidate_2,candidate_1,3,0.04666666666666667
6733,candidate_3,candidate_2,candidate_1,3,0.04666666666666667
6734,candidate_3,candidate_2,candidate_1,3,0.04666666666666667
6735,candidate_3,candidate_2,candidate_1,3,0.04666666666666667
6736,candidate_3,candidate_2,candidate_1,3,0.04666666666666667
6737,candidate_3,candidate_2,candidate_1,3,0.04666666666666667
6738,candidate_3,candidate_2,candidate_1,3,0.04666666666666667
6739,candidate_3,candidate_2,candidate_1,3,0.04666666666666667
6740,candidate_3,candidate_2,candidate_1,3,0.04666666666666667
6741,candidate_3,candidate_2,candidate_1,3,0.04666666666666667
6742,candidate_3,candidate_2,candidate_1,3,0.04666666666666667
6743,candidate_3,candidate_2,candidate_1,3,0.04666666666666667
6744,candidate_3,candidate_2,candidate_1,3,0.04666666666666667
6745,candidate_3,candidate_2,candidate_1,3,0.04666666666666667
6746,candidate_3,candidate_2,candidate_1,3,0.04666666666666667
6747,candidate_3,0,candidate_1,3,0.04666666666666667
6748,candidate_3,candidate_2,candidate_1,3,0.04666666666666667
6749,candidate_3,candidate_2,candidate_1,3,0.04666666666666667
6750,candidate_3,candidate_2,candidate_1,3,0.04666666666666667
6751,candidate_3,candidate_2,candidate_1,3,0.04666666666666667
6752,candidate_3,candidate_2,candidate_1,3,0.04666666666666667
6753,candidate_3,candidate_2,candidate_1,3,0.04666666666666667
6754,candidate_3,candidate_2,candidate_1,3,0.04666666666666667
6755,candidate_3,candidate_2,candidate_1,3,0.04666666666666667
6756,candidate_3,candidate_2,candidate_1,3,0.04666666666666667
6757,candidate_3,candidate_2,candidate_1,3,0.04666666666666667
6758,candidate_3,candidate_2,candidate_1,3,0.04666666666666667
6759,candidate_3,candidate_2,candidate_1,3,0.04666666666666667
6760,candidate_3,candidate_2,candidate_1,3,0.04666666666666667
6761,candidate_3,candidate_2,candidate_1,3,0.04666666666666667
6762,candidate_3,candidate_2,candidate_1,3,0.04666666666666667
6763,candidate_3,candidate_2,candidate_1,3,0.04666666666666667
6764,candidate_3,candidate_2,candidate_1,3,0.04666666666666667
6765,candidate_3,candidate_2,candidate_1,3,0.04666666666666667
6766,candidate_3,candidate_2,candidate_1,3,0.04666666666666667
6767,candidate_3,candidate_2,candidate_1,3,0.04666666666666667
6768,candidate_3,candidate_2,candidate_1,3,0.04666666666666667
6769,candidate_3,candidate_2,candidate_1,3,0.04666666666666667
6770,candidate_3,candidate_2,candidate_1,3,0.04666666666666667
6771,candidate_3,candidate_2,candidate_1,3,0.04666666666666667
6772,candidate_3,0,candidate_1,3,0.04666666666666667
6773,candidate_3,candidate_2,candidate_1,3,0.04666666666666667
6774,candidate_3,candidate_2,candidate_1,3,0.04666666666666667
6775,candidate_3,candidate_2,candidate_1,3,0.04666666666666667
6776,candidate_3,candidate_2,0,3,0.04666666666666667
6777,candidate_3,candidate_2,candidate_1,3,0.04666666666666667
6778,0,candidate_2,candidate_1,3,0.04666666666666667
6779,candidate_3,candidate_2,candidate_1,3,0.04666666666666667
6780,candidate_3,candidate_2,candidate_1,3,0.04666666666666667
6781,candidate_3,candidate_2,candidate_1,3,0.04666666666666667
6782,candidate_3,0,candidate_1,3,0.04666666666666667
6783,candidate_3,candidate_2,candidate_1,3,0.04666666666666667
6784,candidate_3,candidate_2,candidate_1,3,0.04666666666666667
6785,candidate_3,candidate_2,candidate_1,3,0.04666666666666667
6786,candidate_3,candidate_2,candidate_1,3,0.04666666666666667
6787,candidate_3,candidate_2,candidate_1,3,0.04666666666666667
6788,0,candidate_2,candidate_1,3,0.04666666666666667
6789,candidate_3,candidate_2,candidate_1,3,0.04666666666666667
6790,candidate_3,candidate_2,candidate_1,3,0.04666666666666667
6791,0,candidate_2,candidate_1,3,0.04666666666666667
6792,candidate_3,candidate_2,candidate_1,3,0.04666666666666667
6793,candidate_3,candidate_2,candidate_1,3,0.04666666666666667
6794,candidate_3,candidate_2,candidate_1,3,0.04666666666666667
6795,candidate_3,candidate_2,candidate_1,3,0.04666666666666667
6796,candidate_3,candidate_2,candidate_1,3,0.04666666666666667
6797,candidate_3,0,candidate_1,3,0.04666666666666667
6798,candidate_3,candidate_2,candidate_1,3,0.04666666666666667
6799,candidate_3,candidate_2,candidate_1,3,0.04666666666666667
6800,candidate_3,candidate_2,candidate_1,3,0.04666666666666667
6801,candidate_3,candidate_2,candidate_1,3,0.04666666666666667
6802,candidate_3,0,candidate_1,3,0.04666666666666667
6803,0,candidate_2,candidate_1,3,0.04666666666666667
6804,candidate_3,candidate_2,candidate_1,3,0.04666666666666667
6805,candidate_3,candidate_2,candidate_1,3,0.04666666666666667
6806,candidate_3,candidate_2,candidate_1,3,0.04666666666666667
6807,candidate_3,candidate_2,candidate_1,3,0.04666666666666667
6808,candidate_3,candidate_2,candidate_1,3,0.04666666666666667
6809,candidate_3,candidate_2,candidate_1,3,0.04666666666666667
6810,candidate_3,candidate_2,candidate_1,3,0.04666666666666667
6811,candidate_3,candidate_2,candidate_1,3,0.04666666666666667
6812,candidate_3,candidate_2,candidate_1,3,0.04666666666666667
6813,candidate_3,candidate_2,candidate_1,3,0.04666666666666667
6814,candidate_3,candidate_2,candidate_1,3,0.04666666666666667
6815,candidate_3,0,candidate_1,3,0.04666666666666667
6816,candidate_3,candidate_2,candidate_1,3,0.04666666666666667
6817,candidate_3,candidate_2,candidate_1,3,0.04666666666666667
6818,candidate_3,candidate_2,0,3,0.04666666666666667
6819,candidate_3,candidate_2,candidate_1,3,0.04666666666666667
6820,candidate_3,candidate_2,candidate_1,3,0.04666666666666667
6821,candidate_3,candidate_2,candidate_1,3,0.04666666666666667
6822,candidate_3,candidate_2,candidate_1,3,0.04666666666666667
6823,candidate_3,candidate_2,candidate_1,3,0.04666666666666667
6824,candidate_3,candidate_2,candidate_1,3,0.04666666666666667
6825,candidate_3,candidate_2,candidate_1,3,0.04666666666666667
6826,candidate_3,candidate_2,candidate_1,3,0.04666666666666667
6827,candidate_3,candidate_2,candidate_1,3,0.04666666666666667
6828,candidate_3,candidate_2,candidate_1,3,0.04666666666666667
6829,candidate_3,candidate_2,candidate_1,3,0.04666666666666667
6830,0,candidate_2,candidate_1,3,0.04666666666666667
6831,candidate_3,candidate_2,candidate_1,3,0.04666666666666667
6832,0,candidate_2,candidate_1,3,0.04666666666666667
6833,candidate_3,candidate_2,candidate_1,3,0.04666666666666667
6834,candidate_3,candidate_2,candidate_1,3,0.04666666666666667
6835,candidate_3,candidate_2,candidate_1,3,0.04666666666666667
6836,candidate_3,candidate_2,candidate_1,3,0.04666666666666667
6837,candidate_3,candidate_2,candidate_1,3,0.04666666666666667
6838,0,0,candidate_1,3,0.04666666666666667
6839,candidate_3,candidate_2,candidate_1,3,0.04666666666666667
6840,candidate_3,candidate_2,candidate_1,3,0.04666666666666667
6841,candidate_3,candidate_2,candidate_1,3,0.04666666666666667
6842,candidate_3,candidate_2,candidate_1,3,0.04666666666666667
6843,candidate_3,candidate_2,candidate_1,3,0.04666666666666667
6844,candidate_3,candidate_2,candidate_1,3,0.04666666666666667
6845,candidate_3,candidate_2,candidate_1,3,0.04666666666666667
6846,candidate_3,candidate_2,candidate_1,3,0.04666666666666667
6847,0,candidate_2,candidate_1,3,0.04666666666666667
6848,candidate_3,candidate_2,candidate_1,3,0.04666666666666667
6849,candidate_3,candidate_2,candidate_1,3,0.04666666666666667
6850,candidate_3,candidate_2,candidate_1,3,0.04666666666666667
6851,candidate_3,candidate_2,candidate_1,3,0.04666666666666667
6852,candidate_3,candidate_2,candidate_1,3,0.04666666666666667
6853,candidate_3,candidate_2,candidate_1,3,0.04666666666666667
6854,candidate_3,candidate_2,candidate_1,3,0.04666666666666667
6855,candidate_3,candidate_2,candidate_1,3,0.04666666666666667
6856,candidate_3,candidate_2,0,3,0.04666666666666667
6857,candidate_3,candidate_2,candidate_1,3,0.04666666666666667
6858,candidate_3,candidate_2,candidate_1,3,0.04666666666666667
6859,candidate_3,candidate_2,candidate_1,3,0.04666666666666667
6860,candidate_3,candidate_2,candidate_1,3,0.04666666666666667
6861,candidate_3,candidate_2,candidate_1,3,0.04666666666666667
6862,candidate_3,candidate_2,candidate_1,3,0.04666666666666667
6863,candidate_3,candidate_2,candidate_1,3,0.04666666666666667
6864,0,candidate_2,candidate_1,3,0.04666666666666667
6865,candidate_3,candidate_2,candidate_1,3,0.04666666666666667
6866,candidate_3,candidate_2,candidate_1,3,0.04666666666666667
6867,candidate_3,candidate_2,candidate_1,3,0.04666666666666667
6868,candidate_3,candidate_2,candidate_1,3,0.04666666666666667
6869,candidate_3,candidate_2,candidate_1,3,0.04666666666666667
6870,candidate_3,candidate_2,candidate_1,3,0.04666666666666667
6871,candidate_3,candidate_2,candidate_1,3,0.04666666666666667
6872,0,candidate_2,candidate_1,3,0.04666666666666667
6873,candidate_3,candidate_2,candidate_1,3,0.04666666666666667
6874,candidate_3,candidate_2,candidate_1,3,0.04666666666666667
6875,candidate_3,candidate_2,candidate_1,3,0.04666666666666667
6876,candidate_3,candidate_2,candidate_1,3,0.04666666666666667
6877,candidate_3,candidate_2,candidate_1,3,0.04666666666666667
6878,candidate_3,candidate_2,candidate_1,3,0.04666666666666667
6879,candidate_3,candidate_2,candidate_1,3,0.04666666666666667
6880,candidate_3,candidate_2,candidate_1,3,0.04666666666666667
6881,candidate_3,candidate_2,candidate_1,3,0.04666666666666667
6882,candidate_3,candidate_2,candidate_1,3,0.04666666666666667
6883,candidate_3,candidate_2,candidate_1,3,0.04666666666666667
6884,candidate_3,candidate_2,candidate_1,3,0.04666666666666667
6885,candidate_3,candidate_2,candidate_1,3,0.04666666666666667
6886,candidate_3,candidate_2,candidate_1,3,0.04666666666666667
6887,candidate_3,candidate_2,candidate_1,3,0.04666666666666667
6888,candidate_3,candidate_2,candidate_1,3,0.04666666666666667
6889,candidate_3,candidate_2,candidate_1,3,0.04666666666666667
6890,candidate_3,candidate_2,candidate_1,3,0.04666666666666667
6891,candidate_3,candidate_2,candidate_1,3,0.04666666666666667
6892,candidate_3,candidate_2,candidate_1,3,0.04666666666666667
6893,candidate_3,candidate_2,candidate_1,3,0.04666666666666667
6894,candidate_3,candidate_2,candidate_1,3,0.04666666666666667
6895,candidate_3,candidate_2,candidate_1,3,0.04666666666666667
6896,candidate_3,candidate_2,candidate_1,3,0.04666666666666667
6897,candidate_3,candidate_2,candidate_1,3,0.04666666666666667
6898,candidate_3,candidate_2,candidate_1,3,0.04666666666666667
6899,candidate_3,candidate_2,candidate_1,3,0.04666666666666667
6900,candidate_3,0,candidate_1,3,0.04666666666666667
6901,candidate_3,candidate_2,candidate_1,3,0.04666666666666667
6902,candidate_3,candidate_2,candidate_1,3,0.04666666666666667
6903,candidate_3,candidate_2,candidate_1,3,0.04666666666666667
6904,candidate_3,candidate_2,candidate_1,3,0.04666666666666667
6905,candidate_3,0,candidate_1,3,0.04666666666666667
6906,candidate_3,candidate_2,candidate_1,3,0.04666666666666667
6907,candidate_3,candidate_2,candidate_1,3,0.04666666666666667
6908,candidate_3,candidate_2,candidate_1,3,0.04666666666666667
6909,0,candidate_2,0,3,0.04666666666666667
6910,candidate_3,candidate_2,candidate_1,3,0.04666666666666667
6911,candidate_3,candidate_2,candidate_1,3,0.04666666666666667
6912,candidate_3,candidate_2,candidate_1,3,0.04666666666666667
6913,candidate_3,candidate_2,candidate_1,3,0.04666666666666667
6914,candidate_3,candidate_2,candidate_1,3,0.04666666666666667
6915,candidate_3,candidate_2,candidate_1,3,0.04666666666666667
6916,candidate_3,candidate_2,candidate_1,3,0.04666666666666667
6917,candidate_3,candidate_2,0,3,0.04666666666666667
6918,candidate_3,candidate_2,candidate_1,3,0.04666666666666667
6919,candidate_3,candidate_2,candidate_1,3,0.04666666666666667
6920,candidate_3,0,candidate_1,3,0.04666666666666667
6921,candidate_3,candidate_2,candidate_1,3,0.04666666666666667
6922,candidate_3,candidate_2,candidate_1,3,0.04666666666666667
6923,candidate_3,candidate_2,candidate_1,3,0.04666666666666667
6924,candidate_3,candidate_2,candidate_1,3,0.04666666666666667
6925,0,candidate_2,candidate_1,3,0.04666666666666667
6926,candidate_3,candidate_2,candidate_1,3,0.04666666666666667
6927,candidate_3,candidate_2,candidate_1,3,0.04666666666666667
6928,candidate_3,candidate_2,candidate_1,3,0.04666666666666667
6929,candidate_3,candidate_2,candidate_1,3,0.04666666666666667
6930,0,candidate_2,candidate_1,3,0.04666666666666667
6931,candidate_3,candidate_2,candidate_1,3,0.04666666666666667
6932,candidate_3,candidate_2,candidate_1,3,0.04666666666666667
6933,candidate_3,candidate_2,candidate_1,3,0.04666666666666667
6934,candidate_3,candidate_2,candidate_1,3,0.04666666666666667
6935,candidate_3,candidate_2,candidate_1,3,0.04666666666666667
6936,candidate_3,candidate_2,candidate_1,3,0.04666666666666667
6937,candidate_3,candidate_2,candidate_1,3,0.04666666666666667
6938,candidate_3,candidate_2,candidate_1,3,0.04666666666666667
6939,candidate_3,candidate_2,candidate_1,3,0.04666666666666667
6940,candidate_3,candidate_2,candidate_1,3,0.04666666666666667
6941,candidate_3,candidate_2,candidate_1,3,0.04666666666666667
6942,candidate_3,candidate_2,candidate_1,3,0.04666666666666667
6943,candidate_3,candidate_2,candidate_1,3,0.04666666666666667
6944,candidate_3,candidate_2,candidate_1,3,0.04666666666666667
6945,candidate_3,candidate_2,candidate_1,3,0.04666666666666667
6946,candidate_3,candidate_2,candidate_1,3,0.04666666666666667
6947,candidate_3,candidate_2,candidate_1,3,0.04666666666666667
6948,candidate_3,candidate_2,candidate_1,3,0.04666666666666667
6949,candidate_3,candidate_2,candidate_1,3,0.04666666666666667
6950,candidate_3,candidate_2,candidate_1,3,0.04666666666666667
6951,candidate_3,candidate_2,candidate_1,3,0.04666666666666667
6952,candidate_3,candidate_2,candidate_1,3,0.04666666666666667
6953,candidate_3,candidate_2,candidate_1,3,0.04666666666666667
6954,candidate_3,candidate_2,candidate_1,3,0.04666666666666667
6955,candidate_3,candidate_2,candidate_1,3,0.04666666666666667
6956,candidate_3,candidate_2,candidate_1,3,0.04666666666666667
6957,candidate_3,candidate_2,candidate_1,3,0.04666666666666667
6958,candidate_3,candidate_2,candidate_1,3,0.04666666666666667
6959,candidate_3,candidate_2,candidate_1,3,0.04666666666666667
6960,candidate_3,candidate_2,candidate_1,3,0.04666666666666667
6961,candidate_3,candidate_2,candidate_1,3,0.04666666666666667
6962,candidate_3,candidate_2,candidate_1,3,0.04666666666666667
6963,candidate_3,candidate_2,candidate_1,3,0.04666666666666667
6964,candidate_3,candidate_2,candidate_1,3,0.04666666666666667
6965,0,candidate_2,candidate_1,3,0.04666666666666667
6966,candidate_3,candidate_2,candidate_1,3,0.04666666666666667
6967,candidate_3,candidate_2,candidate_1,3,0.04666666666666667
6968,candidate_3,candidate_2,candidate_1,3,0.04666666666666667
6969,candidate_3,candidate_2,candidate_1,3,0.04666666666666667
6970,candidate_3,candidate_2,candidate_1,3,0.04666666666666667
6971,candidate_3,candidate_2,candidate_1,3,0.04666666666666667
6972,candidate_3,candidate_2,candidate_1,3,0.04666666666666667
6973,candidate_3,candidate_2,candidate_1,3,0.04666666666666667
6974,candidate_3,candidate_2,candidate_1,3,0.04666666666666667
6975,candidate_3,candidate_2,candidate_1,3,0.04666666666666667
6976,candidate_3,candidate_2,candidate_1,3,0.04666666666666667
6977,candidate_3,candidate_2,candidate_1,3,0.04666666666666667
6978,candidate_3,candidate_2,candidate_1,3,0.04666666666666667
6979,candidate_3,candidate_2,candidate_1,3,0.04666666666666667
6980,candidate_3,candidate_2,candidate_1,3,0.04666666666666667
6981,candidate_3,candidate_2,candidate_1,3,0.04666666666666667
6982,candidate_3,candidate_2,candidate_1,3,0.04666666666666667
6983,candidate_3,candidate_2,candidate_1,3,0.04666666666666667
6984,candidate_3,candidate_2,candidate_1,3,0.04666666666666667
6985,candidate_3,candidate_2,candidate_1,3,0.04666666666666667
6986,candidate_3,candidate_2,candidate_1,3,0.04666666666666667
6987,candidate_3,candidate_2,candidate_1,3,0.04666666666666667
6988,candidate_3,candidate_2,candidate_1,3,0.04666666666666667
6989,candidate_3,candidate_2,candidate_1,3,0.04666666666666667
6990,candidate_3,candidate_2,candidate_1,3,0.04666666666666667
6991,candidate_3,candidate_2,candidate_1,3,0.04666666666666667
6992,candidate_3,candidate_2,candidate_1,3,0.04666666666666667
6993,candidate_3,candidate_2,candidate_1,3,0.04666666666666667
6994,candidate_3,candidate_2,candidate_1,3,0.04666666666666667
6995,candidate_3,candidate_2,candidate_1,3,0.04666666666666667
6996,candidate_3,candidate_2,candidate_1,3,0.04666666666666667
6997,candidate_3,candidate_2,candidate_1,3,0.04666666666666667
6998,candidate_3,0,candidate_1,3,0.04666666666666667
6999,0,candidate_2,candidate_1,3,0.04666666666666667
7000,candidate_3,0,candidate_1,3,0.04666666666666667
7001,candidate_3,candidate_2,candidate_1,3,0.04666666666666667
7002,candidate_3,candidate_2,candidate_1,3,0.04666666666666667
7003,candidate_3,candidate_2,candidate_1,3,0.04666666666666667
7004,candidate_3,candidate_2,candidate_1,3,0.04666666666666667
7005,candidate_3,candidate_2,candidate_1,3,0.04666666666666667
7006,candidate_3,candidate_2,candidate_1,3,0.04666666666666667
7007,candidate_3,candidate_2,candidate_1,3,0.04666666666666667
7008,candidate_3,candidate_2,candidate_1,3,0.04666666666666667
7009,candidate_3,candidate_2,candidate_1,3,0.04666666666666667
7010,candidate_3,candidate_2,0,3,0.04666666666666667
7011,candidate_3,candidate_2,candidate_1,3,0.04666666666666667
7012,candidate_3,candidate_2,candidate_1,3,0.04666666666666667
7013,candidate_3,candidate_2,candidate_1,3,0.04666666666666667
7014,0,candidate_2,candidate_1,3,0.04666666666666667
7015,candidate_3,candidate_2,candidate_1,3,0.04666666666666667
7016,candidate_3,candidate_2,candidate_1,3,0.04666666666666667
7017,candidate_3,candidate_2,0,3,0.04666666666666667
7018,candidate_3,candidate_2,0,3,0.04666666666666667
7019,candidate_3,candidate_2,candidate_1,3,0.04666666666666667
7020,candidate_3,candidate_2,candidate_1,3,0.04666666666666667
7021,candidate_3,candidate_2,candidate_1,3,0.04666666666666667
7022,candidate_3,candidate_2,candidate_1,3,0.04666666666666667
7023,0,candidate_2,candidate_1,3,0.04666666666666667
7024,0,candidate_2,candidate_1,3,0.04666666666666667
7025,candidate_3,candidate_2,candidate_1,3,0.04666666666666667
7026,candidate_3,0,candidate_1,3,0.04666666666666667
7027,candidate_3,candidate_2,candidate_1,3,0.04666666666666667
7028,candidate_3,candidate_2,candidate_1,3,0.04666666666666667
7029,candidate_3,0,candidate_1,3,0.04666666666666667
7030,candidate_3,candidate_2,candidate_1,3,0.04666666666666667
7031,candidate_3,candidate_2,candidate_1,3,0.04666666666666667
7032,0,candidate_2,candidate_1,3,0.04666666666666667
7033,candidate_3,candidate_2,0,3,0.04666666666666667
7034,candidate_3,candidate_2,candidate_1,3,0.04666666666666667
7035,candidate_3,candidate_2,candidate_1,3,0.04666666666666667
7036,candidate_3,candidate_2,candidate_1,3,0.04666666666666667
7037,candidate_3,candidate_2,candidate_1,3,0.04666666666666667
7038,candidate_3,candidate_2,candidate_1,3,0.04666666666666667
7039,candidate_3,candidate_2,candidate_1,3,0.04666666666666667
7040,candidate_3,candidate_2,candidate_1,3,0.04666666666666667
7041,candidate_3,candidate_2,candidate_1,3,0.04666666666666667
7042,candidate_3,candidate_2,candidate_1,3,0.04666666666666667
7043,candidate_3,candidate_2,candidate_1,3,0.04666666666666667
7044,candidate_3,candidate_2,candidate_1,3,0.04666666666666667
7045,candidate_3,candidate_2,candidate_1,3,0.04666666666666667
7046,candidate_3,candidate_2,candidate_1,3,0.04666666666666667
7047,candidate_3,candidate_2,candidate_1,3,0.04666666666666667
7048,candidate_3,candidate_2,candidate_1,3,0.04666666666666667
7049,candidate_3,candidate_2,candidate_1,3,0.04666666666666667
7050,candidate_3,candidate_2,candidate_1,3,0.04666666666666667
7051,candidate_3,candidate_2,candidate_1,3,0.04666666666666667
7052,candidate_3,candidate_2,candidate_1,3,0.04666666666666667
7053,candidate_3,candidate_2,candidate_1,3,0.04666666666666667
7054,candidate_3,candidate_2,candidate_1,3,0.04666666666666667
7055,candidate_3,0,candidate_1,3,0.04666666666666667
7056,candidate_3,candidate_2,candidate_1,3,0.04666666666666667
7057,candidate_3,candidate_2,candidate_1,3,0.04666666666666667
7058,candidate_3,candidate_2,candidate_1,3,0.04666666666666667
7059,candidate_3,candidate_2,candidate_1,3,0.04666666666666667
7060,candidate_3,0,candidate_1,3,0.04666666666666667
7061,0,candidate_2,candidate_1,3,0.04666666666666667
7062,candidate_3,candidate_2,candidate_1,3,0.04666666666666667
7063,candidate_3,candidate_2,candidate_1,3,0.04666666666666667
7064,candidate_3,candidate_2,candidate_1,3,0.04666666666666667
7065,candidate_3,candidate_2,0,3,0.04666666666666667
7066,0,candidate_2,candidate_1,3,0.04666666666666667
7067,candidate_3,candidate_2,candidate_1,3,0.04666666666666667
7068,candidate_3,candidate_2,candidate_1,3,0.04666666666666667
7069,candidate_3,candidate_2,candidate_1,3,0.04666666666666667
7070,candidate_3,candidate_2,0,3,0.04666666666666667
7071,candidate_3,candidate_2,candidate_1,3,0.04666666666666667
7072,candidate_3,candidate_2,candidate_1,3,0.04666666666666667
7073,candidate_3,candidate_2,candidate_1,3,0.04666666666666667
7074,candidate_3,candidate_2,candidate_1,3,0.04666666666666667
7075,candidate_3,candidate_2,candidate_1,3,0.04666666666666667
7076,candidate_3,0,candidate_1,3,0.04666666666666667
7077,candidate_3,candidate_2,candidate_1,3,0.04666666666666667
7078,candidate_3,candidate_2,candidate_1,3,0.04666666666666667
7079,candidate_3,candidate_2,candidate_1,3,0.04666666666666667
7080,candidate_3,candidate_2,candidate_1,3,0.04666666666666667
7081,candidate_3,candidate_2,candidate_1,3,0.04666666666666667
7082,candidate_3,candidate_2,0,3,0.04666666666666667
7083,0,candidate_2,candidate_1,3,0.04666666666666667
7084,candidate_3,candidate_2,candidate_1,3,0.04666666666666667
7085,candidate_3,candidate_2,candidate_1,3,0.04666666666666667
7086,candidate_3,candidate_2,candidate_1,3,0.04666666666666667
7087,candidate_3,candidate_2,candidate_1,3,0.04666666666666667
7088,candidate_3,candidate_2,candidate_1,3,0.04666666666666667
7089,candidate_3,candidate_2,candidate_1,3,0.04666666666666667
7090,candidate_3,candidate_2,candidate_1,3,0.04666666666666667
7091,candidate_3,candidate_2,candidate_1,3,0.04666666666666667
7092,0,candidate_2,candidate_1,3,0.04666666666666667
7093,candidate_3,candidate_2,candidate_1,3,0.04666666666666667
7094,candidate_3,0,candidate_1,3,0.04666666666666667
7095,candidate_3,candidate_2,candidate_1,3,0.04666666666666667
7096,0,candidate_2,candidate_1,3,0.04666666666666667
7097,candidate_3,candidate_2,candidate_1,3,0.04666666666666667
7098,candidate_3,candidate_2,candidate_1,3,0.04666666666666667
7099,candidate_3,candidate_2,candidate_1,3,0.04666666666666667
7100,candidate_3,candidate_2,candidate_1,3,0.04666666666666667
7101,candidate_3,0,candidate_1,3,0.04666666666666667
7102,candidate_3,candidate_2,candidate_1,3,0.04666666666666667
7103,candidate_3,candidate_2,0,3,0.04666666666666667
7104,candidate_3,candidate_2,candidate_1,3,0.04666666666666667
7105,candidate_3,candidate_2,candidate_1,3,0.04666666666666667
7106,candidate_3,candidate_2,candidate_1,3,0.04666666666666667
7107,candidate_3,candidate_2,candidate_1,3,0.04666666666666667
7108,candidate_3,candidate_2,candidate_1,3,0.04666666666666667
7109,candidate_3,candidate_2,candidate_1,3,0.04666666666666667
7110,0,candidate_2,candidate_1,3,0.04666666666666667
7111,candidate_3,candidate_2,candidate_1,3,0.04666666666666667
7112,candidate_3,candidate_2,candidate_1,3,0.04666666666666667
7113,candidate_3,candidate_2,candidate_1,3,0.04666666666666667
7114,candidate_3,candidate_2,candidate_1,3,0.04666666666666667
7115,candidate_3,candidate_2,candidate_1,3,0.04666666666666667
7116,candidate_3,candidate_2,candidate_1,3,0.04666666666666667
7117,candidate_3,candidate_2,candidate_1,3,0.04666666666666667
7118,candidate_3,candidate_2,candidate_1,3,0.04666666666666667
7119,candidate_3,candidate_2,candidate_1,3,0.04666666666666667
7120,candidate_3,candidate_2,candidate_1,3,0.04666666666666667
7121,candidate_3,candidate_2,candidate_1,3,0.04666666666666667
7122,candidate_3,candidate_2,candidate_1,3,0.04666666666666667
7123,candidate_3,candidate_2,candidate_1,3,0.04666666666666667
7124,candidate_3,candidate_2,candidate_1,3,0.04666666666666667
7125,candidate_3,candidate_2,candidate_1,3,0.04666666666666667
7126,candidate_3,candidate_2,candidate_1,3,0.04666666666666667
7127,candidate_3,candidate_2,candidate_1,3,0.04666666666666667
7128,candidate_3,candidate_2,candidate_1,3,0.04666666666666667
7129,candidate_3,0,candidate_1,3,0.04666666666666667
7130,candidate_3,candidate_2,candidate_1,3,0.04666666666666667
7131,candidate_3,candidate_2,candidate_1,3,0.04666666666666667
7132,candidate_3,candidate_2,candidate_1,3,0.04666666666666667
7133,candidate_3,candidate_2,candidate_1,3,0.04666666666666667
7134,candidate_3,candidate_2,candidate_1,3,0.04666666666666667
7135,candidate_3,candidate_2,candidate_1,3,0.04666666666666667
7136,candidate_3,candidate_2,candidate_1,3,0.04666666666666667
7137,candidate_3,candidate_2,candidate_1,3,0.04666666666666667
7138,candidate_3,candidate_2,candidate_1,3,0.04666666666666667
7139,candidate_3,candidate_2,candidate_1,3,0.04666666666666667
7140,candidate_3,candidate_2,candidate_1,3,0.04666666666666667
7141,candidate_3,candidate_2,candidate_1,3,0.04666666666666667
7142,candidate_3,candidate_2,candidate_1,3,0.04666666666666667
7143,candidate_3,0,candidate_1,3,0.04666666666666667
7144,candidate_3,candidate_2,candidate_1,3,0.04666666666666667
7145,candidate_3,candidate_2,candidate_1,3,0.04666666666666667
7146,0,candidate_2,candidate_1,3,0.04666666666666667
7147,candidate_3,candidate_2,candidate_1,3,0.04666666666666667
7148,candidate_3,candidate_2,candidate_1,3,0.04666666666666667
7149,candidate_3,candidate_2,candidate_1,3,0.04666666666666667
7150,candidate_3,candidate_2,candidate_1,3,0.04666666666666667
7151,candidate_3,candidate_2,candidate_1,3,0.04666666666666667
7152,candidate_3,candidate_2,candidate_1,3,0.04666666666666667
7153,candidate_3,candidate_2,candidate_1,3,0.04666666666666667
7154,candidate_3,candidate_2,candidate_1,3,0.04666666666666667
7155,candidate_3,candidate_2,candidate_1,3,0.04666666666666667
7156,candidate_3,candidate_2,0,3,0.04666666666666667
7157,candidate_3,candidate_2,candidate_1,3,0.04666666666666667
7158,candidate_3,candidate_2,candidate_1,3,0.04666666666666667
7159,candidate_3,candidate_2,candidate_1,3,0.04666666666666667
7160,candidate_3,candidate_2,candidate_1,3,0.04666666666666667
7161,candidate_3,candidate_2,candidate_1,3,0.04666666666666667
7162,candidate_3,candidate_2,candidate_1,3,0.04666666666666667
7163,candidate_3,candidate_2,candidate_1,3,0.04666666666666667
7164,candidate_3,candidate_2,candidate_1,3,0.04666666666666667
7165,candidate_3,candidate_2,candidate_1,3,0.04666666666666667
7166,candidate_3,candidate_2,candidate_1,3,0.04666666666666667
7167,candidate_3,0,candidate_1,3,0.04666666666666667
7168,0,candidate_2,candidate_1,3,0.04666666666666667
7169,candidate_3,candidate_2,candidate_1,3,0.04666666666666667
7170,candidate_3,candidate_2,candidate_1,3,0.04666666666666667
7171,candidate_3,candidate_2,candidate_1,3,0.04666666666666667
7172,candidate_3,candidate_2,candidate_1,3,0.04666666666666667
7173,candidate_3,candidate_2,candidate_1,3,0.04666666666666667
7174,candidate_3,candidate_2,candidate_1,3,0.04666666666666667
7175,candidate_3,candidate_2,candidate_1,3,0.04666666666666667
7176,candidate_3,candidate_2,0,3,0.04666666666666667
7177,candidate_3,candidate_2,candidate_1,3,0.04666666666666667
7178,candidate_3,candidate_2,candidate_1,3,0.04666666666666667
7179,candidate_3,candidate_2,candidate_1,3,0.04666666666666667
7180,candidate_3,candidate_2,candidate_1,3,0.04666666666666667
7181,candidate_3,candidate_2,candidate_1,3,0.04666666666666667
7182,candidate_3,candidate_2,candidate_1,3,0.04666666666666667
7183,candidate_3,candidate_2,candidate_1,3,0.04666666666666667
7184,candidate_3,candidate_2,candidate_1,3,0.04666666666666667
7185,candidate_3,candidate_2,candidate_1,3,0.04666666666666667
7186,candidate_3,candidate_2,candidate_1,3,0.04666666666666667
7187,candidate_3,candidate_2,candidate_1,3,0.04666666666666667
7188,candidate_3,candidate_2,0,3,0.04666666666666667
7189,candidate_3,candidate_2,candidate_1,3,0.04666666666666667
7190,candidate_3,candidate_2,candidate_1,3,0.04666666666666667
7191,candidate_3,candidate_2,candidate_1,3,0.04666666666666667
7192,candidate_3,candidate_2,candidate_1,3,0.04666666666666667
7193,candidate_3,candidate_2,candidate_1,3,0.04666666666666667
7194,candidate_3,candidate_2,candidate_1,3,0.04666666666666667
7195,candidate_3,candidate_2,candidate_1,3,0.04666666666666667
7196,candidate_3,candidate_2,candidate_1,3,0.04666666666666667
7197,candidate_3,candidate_2,candidate_1,3,0.04666666666666667
7198,candidate_3,0,candidate_1,3,0.04666666666666667
7199,candidate_3,candidate_2,candidate_1,3,0.04666666666666667
7200,candidate_3,candidate_2,candidate_1,3,0.04666666666666667
7201,candidate_3,candidate_2,candidate_1,3,0.04666666666666667
7202,candidate_3,candidate_2,candidate_1,3,0.04666666666666667
7203,candidate_3,candidate_2,candidate_1,3,0.04666666666666667
7204,candidate_3,candidate_2,candidate_1,3,0.04666666666666667
7205,candidate_3,candidate_2,candidate_1,3,0.04666666666666667
7206,candidate_3,candidate_2,candidate_1,3,0.04666666666666667
7207,candidate_3,candidate_2,candidate_1,3,0.04666666666666667
7208,candidate_3,candidate_2,candidate_1,3,0.04666666666666667
7209,candidate_3,candidate_2,candidate_1,3,0.04666666666666667
7210,candidate_3,candidate_2,candidate_1,3,0.04666666666666667
7211,candidate_3,candidate_2,candidate_1,3,0.04666666666666667
7212,candidate_3,candidate_2,candidate_1,3,0.04666666666666667
7213,candidate_3,candidate_2,candidate_1,3,0.04666666666666667
7214,candidate_3,candidate_2,candidate_1,3,0.04666666666666667
7215,candidate_3,candidate_2,candidate_1,3,0.04666666666666667
7216,candidate_3,0,candidate_1,3,0.04666666666666667
7217,candidate_3,candidate_2,candidate_1,3,0.04666666666666667
7218,candidate_3,candidate_2,candidate_1,3,0.04666666666666667
7219,candidate_3,candidate_2,candidate_1,3,0.04666666666666667
7220,candidate_3,candidate_2,candidate_1,3,0.04666666666666667
7221,candidate_3,candidate_2,candidate_1,3,0.04666666666666667
7222,candidate_3,candidate_2,candidate_1,3,0.04666666666666667
7223,candidate_3,candidate_2,candidate_1,3,0.04666666666666667
7224,candidate_3,candidate_2,candidate_1,3,0.04666666666666667
7225,candidate_3,candidate_2,candidate_1,3,0.04666666666666667
7226,candidate_3,candidate_2,candidate_1,3,0.04666666666666667
7227,candidate_3,candidate_2,candidate_1,3,0.04666666666666667
7228,candidate_3,candidate_2,candidate_1,3,0.04666666666666667
7229,candidate_3,candidate_2,candidate_1,3,0.04666666666666667
7230,candidate_3,candidate_2,candidate_1,3,0.04666666666666667
7231,candidate_3,candidate_2,candidate_1,3,0.04666666666666667
7232,candidate_3,candidate_2,candidate_1,3,0.04666666666666667
7233,candidate_3,candidate_2,candidate_1,3,0.04666666666666667
7234,candidate_3,0,candidate_1,3,0.04666666666666667
7235,candidate_3,candidate_2,0,3,0.04666666666666667
7236,candidate_3,candidate_2,candidate_1,3,0.04666666666666667
7237,candidate_3,candidate_2,candidate_1,3,0.04666666666666667
7238,candidate_3,candidate_2,candidate_1,3,0.04666666666666667
7239,candidate_3,candidate_2,candidate_1,3,0.04666666666666667
7240,candidate_3,candidate_2,candidate_1,3,0.04666666666666667
7241,candidate_3,candidate_2,candidate_1,3,0.04666666666666667
7242,0,candidate_2,0,3,0.04666666666666667
7243,candidate_3,candidate_2,candidate_1,3,0.04666666666666667
7244,candidate_3,candidate_2,candidate_1,3,0.04666666666666667
7245,candidate_3,candidate_2,candidate_1,3,0.04666666666666667
7246,candidate_3,candidate_2,candidate_1,3,0.04666666666666667
7247,candidate_3,candidate_2,candidate_1,3,0.04666666666666667
7248,candidate_3,candidate_2,candidate_1,3,0.04666666666666667
7249,candidate_3,candidate_2,candidate_1,3,0.04666666666666667
7250,candidate_3,candidate_2,candidate_1,3,0.04666666666666667
7251,candidate_3,candidate_2,candidate_1,3,0.04666666666666667
7252,candidate_3,candidate_2,candidate_1,3,0.04666666666666667
7253,candidate_3,candidate_2,candidate_1,3,0.04666666666666667
7254,candidate_3,candidate_2,0,3,0.04666666666666667
7255,candidate_3,candidate_2,candidate_1,3,0.04666666666666667
7256,candidate_3,candidate_2,candidate_1,3,0.04666666666666667
7257,candidate_3,candidate_2,candidate_1,3,0.04666666666666667
7258,candidate_3,candidate_2,candidate_1,3,0.04666666666666667
7259,candidate_3,candidate_2,candidate_1,3,0.04666666666666667
7260,candidate_3,candidate_2,candidate_1,3,0.04666666666666667
7261,candidate_3,candidate_2,candidate_1,3,0.04666666666666667
7262,candidate_3,candidate_2,candidate_1,3,0.04666666666666667
7263,candidate_3,0,candidate_1,3,0.04666666666666667
7264,candidate_3,candidate_2,candidate_1,3,0.04666666666666667
7265,candidate_3,candidate_2,0,3,0.04666666666666667
7266,candidate_3,candidate_2,candidate_1,3,0.04666666666666667
7267,candidate_3,candidate_2,candidate_1,3,0.04666666666666667
7268,candidate_3,0,candidate_1,3,0.04666666666666667
7269,candidate_3,candidate_2,candidate_1,3,0.04666666666666667
7270,candidate_3,candidate_2,candidate_1,3,0.04666666666666667
7271,candidate_3,0,0,3,0.04666666666666667
7272,candidate_3,0,candidate_1,3,0.04666666666666667
7273,candidate_3,candidate_2,candidate_1,3,0.04666666666666667
7274,candidate_3,candidate_2,candidate_1,3,0.04666666666666667
7275,candidate_3,candidate_2,candidate_1,3,0.04666666666666667
7276,candidate_3,0,candidate_1,3,0.04666666666666667
7277,candidate_3,candidate_2,candidate_1,3,0.04666666666666667
7278,candidate_3,candidate_2,candidate_1,3,0.04666666666666667
7279,candidate_3,candidate_2,candidate_1,3,0.04666666666666667
7280,candidate_3,candidate_2,candidate_1,3,0.04666666666666667
7281,candidate_3,candidate_2,candidate_1,3,0.04666666666666667
7282,candidate_3,candidate_2,candidate_1,3,0.04666666666666667
7283,candidate_3,candidate_2,candidate_1,3,0.04666666666666667
7284,candidate_3,candidate_2,candidate_1,3,0.04666666666666667
7285,candidate_3,candidate_2,candidate_1,3,0.04666666666666667
7286,candidate_3,candidate_2,candidate_1,3,0.04666666666666667
7287,candidate_3,candidate_2,candidate_1,3,0.04666666666666667
7288,candidate_3,candidate_2,candidate_1,3,0.04666666666666667
7289,candidate_3,candidate_2,candidate_1,3,0.04666666666666667
7290,candidate_3,candidate_2,candidate_1,3,0.04666666666666667
7291,candidate_3,candidate_2,candidate_1,3,0.04666666666666667
7292,candidate_3,candidate_2,candidate_1,3,0.04666666666666667
7293,candidate_3,candidate_2,candidate_1,3,0.04666666666666667
7294,candidate_3,candidate_2,candidate_1,3,0.04666666666666667
7295,candidate_3,candidate_2,candidate_1,3,0.04666666666666667
7296,candidate_3,0,candidate_1,3,0.04666666666666667
7297,candidate_3,candidate_2,candidate_1,3,0.04666666666666667
7298,candidate_3,candidate_2,candidate_1,3,0.04666666666666667
7299,candidate_3,candidate_2,candidate_1,3,0.04666666666666667
7300,candidate_3,candidate_2,candidate_1,3,0.04666666666666667
7301,candidate_3,candidate_2,candidate_1,3,0.04666666666666667
7302,candidate_3,0,candidate_1,3,0.04666666666666667
7303,candidate_3,candidate_2,0,3,0.04666666666666667
7304,candidate_3,candidate_2,candidate_1,3,0.04666666666666667
7305,candidate_3,candidate_2,candidate_1,3,0.04666666666666667
7306,candidate_3,candidate_2,candidate_1,3,0.04666666666666667
7307,candidate_3,candidate_2,candidate_1,3,0.04666666666666667
7308,candidate_3,candidate_2,candidate_1,3,0.04666666666666667
7309,candidate_3,candidate_2,candidate_1,3,0.04666666666666667
7310,candidate_3,candidate_2,candidate_1,3,0.04666666666666667
7311,candidate_3,candidate_2,candidate_1,3,0.04666666666666667
7312,candidate_3,candidate_2,candidate_1,3,0.04666666666666667
7313,candidate_3,candidate_2,candidate_1,3,0.04666666666666667
7314,candidate_3,candidate_2,candidate_1,3,0.04666666666666667
7315,candidate_3,candidate_2,candidate_1,3,0.04666666666666667
7316,candidate_3,candidate_2,candidate_1,3,0.04666666666666667
7317,candidate_3,candidate_2,candidate_1,3,0.04666666666666667
7318,candidate_3,0,candidate_1,3,0.04666666666666667
7319,candidate_3,candidate_2,candidate_1,3,0.04666666666666667
7320,candidate_3,candidate_2,candidate_1,3,0.04666666666666667
7321,candidate_3,candidate_2,0,3,0.04666666666666667
7322,candidate_3,candidate_2,candidate_1,3,0.04666666666666667
7323,0,candidate_2,candidate_1,3,0.04666666666666667
7324,candidate_3,candidate_2,candidate_1,3,0.04666666666666667
7325,candidate_3,candidate_2,candidate_1,3,0.04666666666666667
7326,candidate_3,candidate_2,candidate_1,3,0.04666666666666667
7327,candidate_3,candidate_2,candidate_1,3,0.04666666666666667
7328,candidate_3,candidate_2,candidate_1,3,0.04666666666666667
7329,candidate_3,candidate_2,candidate_1,3,0.04666666666666667
7330,candidate_3,candidate_2,candidate_1,3,0.04666666666666667
7331,candidate_3,candidate_2,candidate_1,3,0.04666666666666667
7332,candidate_3,candidate_2,candidate_1,3,0.04666666666666667
7333,candidate_3,candidate_2,candidate_1,3,0.04666666666666667
7334,candidate_3,candidate_2,candidate_1,3,0.04666666666666667
7335,candidate_3,candidate_2,candidate_1,3,0.04666666666666667
7336,candidate_3,candidate_2,candidate_1,3,0.04666666666666667
7337,candidate_3,candidate_2,candidate_1,3,0.04666666666666667
7338,candidate_3,candidate_2,candidate_1,3,0.04666666666666667
7339,candidate_3,candidate_2,0,3,0.04666666666666667
7340,candidate_3,candidate_2,candidate_1,3,0.04666666666666667
7341,candidate_3,candidate_2,candidate_1,3,0.04666666666666667
7342,candidate_3,candidate_2,candidate_1,3,0.04666666666666667
7343,candidate_3,candidate_2,candidate_1,3,0.04666666666666667
7344,candidate_3,candidate_2,0,3,0.04666666666666667
7345,candidate_3,candidate_2,candidate_1,3,0.04666666666666667
7346,candidate_3,candidate_2,candidate_1,3,0.04666666666666667
7347,0,candidate_2,candidate_1,3,0.04666666666666667
7348,candidate_3,candidate_2,0,3,0.04666666666666667
7349,candidate_3,candidate_2,candidate_1,3,0.04666666666666667
7350,candidate_3,candidate_2,candidate_1,3,0.04666666666666667
7351,candidate_3,candidate_2,candidate_1,3,0.04666666666666667
7352,candidate_3,candidate_2,candidate_1,3,0.04666666666666667
7353,candidate_3,candidate_2,candidate_1,3,0.04666666666666667
7354,candidate_3,candidate_2,candidate_1,3,0.04666666666666667
7355,candidate_3,0,candidate_1,3,0.04666666666666667
7356,candidate_3,candidate_2,candidate_1,3,0.04666666666666667
7357,candidate_3,candidate_2,candidate_1,3,0.04666666666666667
7358,candidate_3,candidate_2,candidate_1,3,0.04666666666666667
7359,0,candidate_2,candidate_1,3,0.04666666666666667
7360,candidate_3,candidate_2,candidate_1,3,0.04666666666666667
7361,candidate_3,candidate_2,candidate_1,3,0.04666666666666667
7362,candidate_3,candidate_2,candidate_1,3,0.04666666666666667
7363,candidate_3,candidate_2,candidate_1,3,0.04666666666666667
7364,candidate_3,0,candidate_1,3,0.04666666666666667
7365,candidate_3,candidate_2,candidate_1,3,0.04666666666666667
7366,candidate_3,candidate_2,candidate_1,3,0.04666666666666667
7367,candidate_3,candidate_2,candidate_1,3,0.04666666666666667
7368,candidate_3,candidate_2,candidate_1,3,0.04666666666666667
7369,0,candidate_2,candidate_1,3,0.04666666666666667
7370,candidate_3,candidate_2,candidate_1,3,0.04666666666666667
7371,candidate_3,candidate_2,0,3,0.04666666666666667
7372,candidate_3,candidate_2,candidate_1,3,0.04666666666666667
7373,candidate_3,candidate_2,0,3,0.04666666666666667
7374,candidate_3,0,candidate_1,3,0.04666666666666667
7375,candidate_3,candidate_2,candidate_1,3,0.04666666666666667
7376,candidate_3,candidate_2,candidate_1,3,0.04666666666666667
7377,candidate_3,candidate_2,candidate_1,3,0.04666666666666667
7378,candidate_3,candidate_2,candidate_1,3,0.04666666666666667
7379,candidate_3,candidate_2,candidate_1,3,0.04666666666666667
7380,candidate_3,candidate_2,candidate_1,3,0.04666666666666667
7381,candidate_3,candidate_2,candidate_1,3,0.04666666666666667
7382,candidate_3,candidate_2,candidate_1,3,0.04666666666666667
7383,candidate_3,candidate_2,candidate_1,3,0.04666666666666667
7384,0,candidate_2,candidate_1,3,0.04666666666666667
7385,candidate_3,candidate_2,candidate_1,3,0.04666666666666667
7386,candidate_3,candidate_2,candidate_1,3,0.04666666666666667
7387,candidate_3,candidate_2,candidate_1,3,0.04666666666666667
7388,candidate_3,candidate_2,candidate_1,3,0.04666666666666667
7389,candidate_3,candidate_2,0,3,0.04666666666666667
7390,candidate_3,candidate_2,candidate_1,3,0.04666666666666667
7391,candidate_3,0,candidate_1,3,0.04666666666666667
7392,candidate_3,candidate_2,candidate_1,3,0.04666666666666667
7393,candidate_3,candidate_2,candidate_1,3,0.04666666666666667
7394,candidate_3,candidate_2,candidate_1,3,0.04666666666666667
7395,candidate_3,candidate_2,candidate_1,3,0.04666666666666667
7396,candidate_3,candidate_2,candidate_1,3,0.04666666666666667
7397,candidate_3,candidate_2,candidate_1,3,0.04666666666666667
7398,candidate_3,candidate_2,candidate_1,3,0.04666666666666667
7399,candidate_3,candidate_2,candidate_1,3,0.04666666666666667
7400,candidate_3,candidate_2,candidate_1,3,0.04666666666666667
7401,candidate_3,candidate_2,candidate_1,3,0.04666666666666667
7402,0,candidate_2,candidate_1,3,0.04666666666666667
7403,candidate_3,candidate_2,candidate_1,3,0.04666666666666667
7404,candidate_3,candidate_2,candidate_1,3,0.04666666666666667
7405,candidate_3,candidate_2,candidate_1,3,0.04666666666666667
7406,candidate_3,candidate_2,candidate_1,3,0.04666666666666667
7407,candidate_3,candidate_2,candidate_1,3,0.04666666666666667
7408,candidate_3,candidate_2,candidate_1,3,0.04666666666666667
7409,candidate_3,candidate_2,candidate_1,3,0.04666666666666667
7410,candidate_3,candidate_2,candidate_1,3,0.04666666666666667
7411,candidate_3,candidate_2,candidate_1,3,0.04666666666666667
7412,0,candidate_2,candidate_1,3,0.04666666666666667
7413,candidate_3,candidate_2,candidate_1,3,0.04666666666666667
7414,candidate_3,candidate_2,candidate_1,3,0.04666666666666667
7415,candidate_3,candidate_2,candidate_1,3,0.04666666666666667
7416,candidate_3,candidate_2,candidate_1,3,0.04666666666666667
7417,candidate_3,candidate_2,candidate_1,3,0.04666666666666667
7418,candidate_3,candidate_2,candidate_1,3,0.04666666666666667
7419,candidate_3,candidate_2,candidate_1,3,0.04666666666666667
7420,candidate_3,candidate_2,candidate_1,3,0.04666666666666667
7421,0,candidate_2,candidate_1,3,0.04666666666666667
7422,candidate_3,candidate_2,candidate_1,3,0.04666666666666667
7423,candidate_3,candidate_2,candidate_1,3,0.04666666666666667
7424,candidate_3,candidate_2,candidate_1,3,0.04666666666666667
7425,candidate_3,candidate_2,candidate_1,3,0.04666666666666667
7426,candidate_3,0,candidate_1,3,0.04666666666666667
7427,candidate_3,candidate_2,candidate_1,3,0.04666666666666667
7428,candidate_3,candidate_2,candidate_1,3,0.04666666666666667
7429,candidate_3,candidate_2,candidate_1,3,0.04666666666666667
7430,candidate_3,candidate_2,candidate_1,3,0.04666666666666667
7431,candidate_3,candidate_2,candidate_1,3,0.04666666666666667
7432,candidate_3,candidate_2,candidate_1,3,0.04666666666666667
7433,candidate_3,candidate_2,candidate_1,3,0.04666666666666667
7434,candidate_3,candidate_2,candidate_1,3,0.04666666666666667
7435,candidate_3,candidate_2,candidate_1,3,0.04666666666666667
7436,candidate_3,candidate_2,candidate_1,3,0.04666666666666667
7437,candidate_3,candidate_2,candidate_1,3,0.04666666666666667
7438,candidate_3,candidate_2,candidate_1,3,0.04666666666666667
7439,candidate_3,candidate_2,candidate_1,3,0.04666666666666667
7440,candidate_3,0,candidate_1,3,0.04666666666666667
7441,candidate_3,candidate_2,candidate_1,3,0.04666666666666667
7442,candidate_3,0,candidate_1,3,0.04666666666666667
7443,candidate_3,candidate_2,candidate_1,3,0.04666666666666667
7444,candidate_3,candidate_2,candidate_1,3,0.04666666666666667
7445,candidate_3,candidate_2,candidate_1,3,0.04666666666666667
7446,candidate_3,candidate_2,candidate_1,3,0.04666666666666667
7447,candidate_3,candidate_2,candidate_1,3,0.04666666666666667
7448,candidate_3,candidate_2,candidate_1,3,0.04666666666666667
7449,candidate_3,0,candidate_1,3,0.04666666666666667
7450,candidate_3,candidate_2,candidate_1,3,0.04666666666666667
7451,candidate_3,candidate_2,candidate_1,3,0.04666666666666667
7452,candidate_3,candidate_2,candidate_1,3,0.04666666666666667
7453,candidate_3,candidate_2,candidate_1,3,0.04666666666666667
7454,candidate_3,candidate_2,candidate_1,3,0.04666666666666667
7455,candidate_3,candidate_2,candidate_1,3,0.04666666666666667
7456,candidate_3,candidate_2,candidate_1,3,0.04666666666666667
7457,candidate_3,0,candidate_1,3,0.04666666666666667
7458,candidate_3,candidate_2,candidate_1,3,0.04666666666666667
7459,candidate_3,candidate_2,candidate_1,3,0.04666666666666667
7460,candidate_3,0,0,3,0.04666666666666667
7461,candidate_3,candidate_2,candidate_1,3,0.04666666666666667
7462,candidate_3,candidate_2,candidate_1,3,0.04666666666666667
7463,candidate_3,candidate_2,candidate_1,3,0.04666666666666667
7464,candidate_3,candidate_2,candidate_1,3,0.04666666666666667
7465,candidate_3,candidate_2,candidate_1,3,0.04666666666666667
7466,candidate_3,candidate_2,candidate_1,3,0.04666666666666667
7467,candidate_3,candidate_2,candidate_1,3,0.04666666666666667
7468,candidate_3,candidate_2,candidate_1,3,0.04666666666666667
7469,candidate_3,candidate_2,candidate_1,3,0.04666666666666667
7470,candidate_3,candidate_2,candidate_1,3,0.04666666666666667
7471,candidate_3,candidate_2,candidate_1,3,0.04666666666666667
7472,candidate_3,candidate_2,candidate_1,3,0.04666666666666667
7473,candidate_3,candidate_2,candidate_1,3,0.04666666666666667
7474,candidate_3,candidate_2,candidate_1,3,0.04666666666666667
7475,candidate_3,candidate_2,candidate_1,3,0.04666666666666667
7476,candidate_3,candidate_2,candidate_1,3,0.04666666666666667
7477,candidate_3,candidate_2,candidate_1,3,0.04666666666666667
7478,0,candidate_2,candidate_1,3,0.04666666666666667
7479,candidate_3,candidate_2,candidate_1,3,0.04666666666666667
7480,candidate_3,candidate_2,candidate_1,3,0.04666666666666667
7481,candidate_3,candidate_2,candidate_1,3,0.04666666666666667
7482,candidate_3,candidate_2,candidate_1,3,0.04666666666666667
7483,candidate_3,candidate_2,candidate_1,3,0.04666666666666667
7484,candidate_3,candidate_2,candidate_1,3,0.04666666666666667
7485,candidate_3,candidate_2,candidate_1,3,0.04666666666666667
7486,candidate_3,candidate_2,candidate_1,3,0.04666666666666667
7487,candidate_3,candidate_2,candidate_1,3,0.04666666666666667
7488,candidate_3,candidate_2,candidate_1,3,0.04666666666666667
7489,candidate_3,candidate_2,candidate_1,3,0.04666666666666667
7490,candidate_3,candidate_2,candidate_1,3,0.04666666666666667
7491,candidate_3,candidate_2,candidate_1,3,0.04666666666666667
7492,0,candidate_2,candidate_1,3,0.04666666666666667
7493,candidate_3,candidate_2,candidate_1,3,0.04666666666666667
7494,candidate_3,candidate_2,candidate_1,3,0.04666666666666667
7495,candidate_3,candidate_2,candidate_1,3,0.04666666666666667
7496,candidate_3,candidate_2,candidate_1,3,0.04666666666666667
7497,candidate_3,candidate_2,candidate_1,3,0.04666666666666667
7498,candidate_3,candidate_2,candidate_1,3,0.04666666666666667
7499,candidate_3,candidate_2,0,3,0.04666666666666667
7500,candidate_3,candidate_2,candidate_1,3,0.04666666666666667
7501,candidate_3,candidate_2,candidate_1,3,0.04666666666666667
7502,candidate_3,candidate_2,candidate_1,3,0.04666666666666667
7503,candidate_3,candidate_2,candidate_1,3,0.04666666666666667
7504,candidate_3,candidate_2,candidate_1,3,0.04666666666666667
7505,candidate_3,candidate_2,candidate_1,3,0.04666666666666667
7506,candidate_3,candidate_2,candidate_1,3,0.04666666666666667
7507,candidate_3,candidate_2,candidate_1,3,0.04666666666666667
7508,candidate_3,candidate_2,candidate_1,3,0.04666666666666667
7509,candidate_3,candidate_2,candidate_1,3,0.04666666666666667
7510,candidate_3,candidate_2,candidate_1,3,0.04666666666666667
7511,candidate_3,candidate_2,candidate_1,3,0.04666666666666667
7512,candidate_3,candidate_2,candidate_1,3,0.04666666666666667
7513,candidate_3,candidate_2,0,3,0.04666666666666667
7514,candidate_3,candidate_2,candidate_1,3,0.04666666666666667
7515,candidate_3,candidate_2,candidate_1,3,0.04666666666666667
7516,candidate_3,candidate_2,candidate_1,3,0.04666666666666667
7517,candidate_3,candidate_2,candidate_1,3,0.04666666666666667
7518,candidate_3,candidate_2,candidate_1,3,0.04666666666666667
7519,0,candidate_2,candidate_1,3,0.04666666666666667
7520,candidate_3,candidate_2,candidate_1,3,0.04666666666666667
7521,candidate_3,candidate_2,candidate_1,3,0.04666666666666667
7522,candidate_3,candidate_2,candidate_1,3,0.04666666666666667
7523,candidate_3,candidate_2,candidate_1,3,0.04666666666666667
7524,candidate_3,candidate_2,candidate_1,3,0.04666666666666667
7525,candidate_3,candidate_2,candidate_1,3,0.04666666666666667
7526,candidate_3,candidate_2,candidate_1,3,0.04666666666666667
7527,candidate_3,candidate_2,candidate_1,3,0.04666666666666667
7528,candidate_3,candidate_2,candidate_1,3,0.04666666666666667
7529,candidate_3,candidate_2,candidate_1,3,0.04666666666666667
7530,candidate_3,candidate_2,candidate_1,3,0.04666666666666667
7531,candidate_3,candidate_2,candidate_1,3,0.04666666666666667
7532,candidate_3,candidate_2,candidate_1,3,0.04666666666666667
7533,candidate_3,candidate_2,candidate_1,3,0.04666666666666667
7534,candidate_3,candidate_2,candidate_1,3,0.04666666666666667
7535,candidate_3,candidate_2,0,3,0.04666666666666667
7536,candidate_3,candidate_2,candidate_1,3,0.04666666666666667
7537,candidate_3,candidate_2,candidate_1,3,0.04666666666666667
7538,candidate_3,candidate_2,candidate_1,3,0.04666666666666667
7539,candidate_3,candidate_2,candidate_1,3,0.04666666666666667
7540,candidate_3,candidate_2,candidate_1,3,0.04666666666666667
7541,candidate_3,candidate_2,candidate_1,3,0.04666666666666667
7542,candidate_3,candidate_2,candidate_1,3,0.04666666666666667
7543,candidate_3,candidate_2,candidate_1,3,0.04666666666666667
7544,candidate_3,candidate_2,candidate_1,3,0.04666666666666667
7545,candidate_3,candidate_2,candidate_1,3,0.04666666666666667
7546,candidate_3,candidate_2,candidate_1,3,0.04666666666666667
7547,candidate_3,candidate_2,candidate_1,3,0.04666666666666667
7548,candidate_3,candidate_2,candidate_1,3,0.04666666666666667
7549,candidate_3,candidate_2,candidate_1,3,0.04666666666666667
7550,candidate_3,candidate_2,candidate_1,3,0.04666666666666667
7551,candidate_3,candidate_2,candidate_1,3,0.04666666666666667
7552,candidate_3,candidate_2,candidate_1,3,0.04666666666666667
7553,candidate_3,candidate_2,candidate_1,3,0.04666666666666667
7554,candidate_3,candidate_2,candidate_1,3,0.04666666666666667
7555,candidate_3,candidate_2,candidate_1,3,0.04666666666666667
7556,candidate_3,candidate_2,candidate_1,3,0.04666666666666667
7557,candidate_3,candidate_2,candidate_1,3,0.04666666666666667
7558,candidate_3,candidate_2,candidate_1,3,0.04666666666666667
7559,candidate_3,candidate_2,candidate_1,3,0.04666666666666667
7560,candidate_3,candidate_2,candidate_1,3,0.04666666666666667
7561,candidate_3,candidate_2,0,3,0.04666666666666667
7562,candidate_3,candidate_2,candidate_1,3,0.04666666666666667
7563,candidate_3,candidate_2,candidate_1,3,0.04666666666666667
7564,candidate_3,candidate_2,candidate_1,3,0.04666666666666667
7565,candidate_3,candidate_2,candidate_1,3,0.04666666666666667
7566,candidate_3,candidate_2,candidate_1,3,0.04666666666666667
7567,candidate_3,candidate_2,candidate_1,3,0.04666666666666667
7568,candidate_3,candidate_2,candidate_1,3,0.04666666666666667
7569,candidate_3,candidate_2,candidate_1,3,0.04666666666666667
7570,candidate_3,candidate_2,candidate_1,3,0.04666666666666667
7571,candidate_3,candidate_2,candidate_1,3,0.04666666666666667
7572,candidate_3,candidate_2,candidate_1,3,0.04666666666666667
7573,candidate_3,candidate_2,candidate_1,3,0.04666666666666667
7574,candidate_3,candidate_2,candidate_1,3,0.04666666666666667
7575,candidate_3,candidate_2,candidate_1,3,0.04666666666666667
7576,candidate_3,candidate_2,candidate_1,3,0.04666666666666667
7577,candidate_3,candidate_2,candidate_1,3,0.04666666666666667
7578,candidate_3,candidate_2,candidate_1,3,0.04666666666666667
7579,0,candidate_2,candidate_1,3,0.04666666666666667
7580,candidate_3,candidate_2,candidate_1,3,0.04666666666666667
7581,candidate_3,candidate_2,candidate_1,3,0.04666666666666667
7582,candidate_3,candidate_2,candidate_1,3,0.04666666666666667
7583,candidate_3,candidate_2,candidate_1,3,0.04666666666666667
7584,candidate_3,candidate_2,candidate_1,3,0.04666666666666667
7585,0,candidate_2,candidate_1,3,0.04666666666666667
7586,candidate_3,candidate_2,candidate_1,3,0.04666666666666667
7587,candidate_3,candidate_2,candidate_1,3,0.04666666666666667
7588,candidate_3,candidate_2,candidate_1,3,0.04666666666666667
7589,candidate_3,candidate_2,candidate_1,3,0.04666666666666667
7590,candidate_3,candidate_2,candidate_1,3,0.04666666666666667
7591,candidate_3,candidate_2,candidate_1,3,0.04666666666666667
7592,candidate_3,candidate_2,candidate_1,3,0.04666666666666667
7593,candidate_3,candidate_2,candidate_1,3,0.04666666666666667
7594,candidate_3,candidate_2,candidate_1,3,0.04666666666666667
7595,candidate_3,candidate_2,candidate_1,3,0.04666666666666667
7596,candidate_3,candidate_2,candidate_1,3,0.04666666666666667
7597,candidate_3,candidate_2,candidate_1,3,0.04666666666666667
7598,0,candidate_2,candidate_1,3,0.04666666666666667
7599,candidate_3,candidate_2,candidate_1,3,0.04666666666666667
7600,candidate_3,candidate_2,candidate_1,3,0.04666666666666667
7601,candidate_3,candidate_2,candidate_1,3,0.04666666666666667
7602,candidate_3,candidate_2,candidate_1,3,0.04666666666666667
7603,candidate_3,candidate_2,candidate_1,3,0.04666666666666667
7604,candidate_3,candidate_2,candidate_1,3,0.04666666666666667
7605,candidate_3,candidate_2,candidate_1,3,0.04666666666666667
7606,candidate_3,candidate_2,candidate_1,3,0.04666666666666667
7607,candidate_3,candidate_2,candidate_1,3,0.04666666666666667
7608,candidate_3,candidate_2,candidate_1,3,0.04666666666666667
7609,candidate_3,candidate_2,candidate_1,3,0.04666666666666667
7610,candidate_3,0,candidate_1,3,0.04666666666666667
7611,candidate_3,candidate_2,candidate_1,3,0.04666666666666667
7612,candidate_3,candidate_2,candidate_1,3,0.04666666666666667
7613,candidate_3,candidate_2,0,3,0.04666666666666667
7614,candidate_3,candidate_2,candidate_1,3,0.04666666666666667
7615,candidate_3,candidate_2,candidate_1,3,0.04666666666666667
7616,candidate_3,candidate_2,candidate_1,3,0.04666666666666667
7617,candidate_3,candidate_2,candidate_1,3,0.04666666666666667
7618,candidate_3,candidate_2,candidate_1,3,0.04666666666666667
7619,candidate_3,candidate_2,candidate_1,3,0.04666666666666667
7620,candidate_3,candidate_2,candidate_1,3,0.04666666666666667
7621,candidate_3,candidate_2,candidate_1,3,0.04666666666666667
7622,0,candidate_2,candidate_1,3,0.04666666666666667
7623,candidate_3,candidate_2,candidate_1,3,0.04666666666666667
7624,candidate_3,candidate_2,candidate_1,3,0.04666666666666667
7625,candidate_3,candidate_2,candidate_1,3,0.04666666666666667
7626,candidate_3,candidate_2,candidate_1,3,0.04666666666666667
7627,candidate_3,candidate_2,candidate_1,3,0.04666666666666667
7628,candidate_3,candidate_2,candidate_1,3,0.04666666666666667
7629,candidate_3,0,candidate_1,3,0.04666666666666667
7630,candidate_3,candidate_2,candidate_1,3,0.04666666666666667
7631,candidate_3,candidate_2,candidate_1,3,0.04666666666666667
7632,candidate_3,candidate_2,candidate_1,3,0.04666666666666667
7633,candidate_3,candidate_2,candidate_1,3,0.04666666666666667
7634,candidate_3,candidate_2,candidate_1,3,0.04666666666666667
7635,0,candidate_2,candidate_1,3,0.04666666666666667
7636,candidate_3,candidate_2,candidate_1,3,0.04666666666666667
7637,candidate_3,candidate_2,candidate_1,3,0.04666666666666667
7638,candidate_3,candidate_2,candidate_1,3,0.04666666666666667
7639,candidate_3,candidate_2,candidate_1,3,0.04666666666666667
7640,candidate_3,candidate_2,candidate_1,3,0.04666666666666667
7641,candidate_3,candidate_2,candidate_1,3,0.04666666666666667
7642,candidate_3,candidate_2,candidate_1,3,0.04666666666666667
7643,candidate_3,candidate_2,0,3,0.04666666666666667
7644,candidate_3,candidate_2,candidate_1,3,0.04666666666666667
7645,candidate_3,candidate_2,candidate_1,3,0.04666666666666667
7646,candidate_3,candidate_2,candidate_1,3,0.04666666666666667
7647,candidate_3,candidate_2,candidate_1,3,0.04666666666666667
7648,0,candidate_2,candidate_1,3,0.04666666666666667
7649,candidate_3,candidate_2,candidate_1,3,0.04666666666666667
7650,candidate_3,candidate_2,candidate_1,3,0.04666666666666667
7651,candidate_3,candidate_2,candidate_1,3,0.04666666666666667
7652,0,0,candidate_1,3,0.04666666666666667
7653,candidate_3,candidate_2,candidate_1,3,0.04666666666666667
7654,candidate_3,candidate_2,candidate_1,3,0.04666666666666667
7655,candidate_3,candidate_2,candidate_1,3,0.04666666666666667
7656,candidate_3,candidate_2,candidate_1,3,0.04666666666666667
7657,candidate_3,candidate_2,candidate_1,3,0.04666666666666667
7658,candidate_3,candidate_2,candidate_1,3,0.04666666666666667
7659,candidate_3,candidate_2,candidate_1,3,0.04666666666666667
7660,candidate_3,candidate_2,candidate_1,3,0.04666666666666667
7661,candidate_3,candidate_2,candidate_1,3,0.04666666666666667
7662,candidate_3,candidate_2,candidate_1,3,0.04666666666666667
7663,candidate_3,candidate_2,candidate_1,3,0.04666666666666667
7664,candidate_3,candidate_2,candidate_1,3,0.04666666666666667
7665,candidate_3,candidate_2,candidate_1,3,0.04666666666666667
7666,candidate_3,candidate_2,candidate_1,3,0.04666666666666667
7667,candidate_3,candidate_2,candidate_1,3,0.04666666666666667
7668,candidate_3,candidate_2,candidate_1,3,0.04666666666666667
7669,candidate_3,candidate_2,candidate_1,3,0.04666666666666667
7670,candidate_3,candidate_2,candidate_1,3,0.04666666666666667
7671,candidate_3,candidate_2,candidate_1,3,0.04666666666666667
7672,candidate_3,candidate_2,candidate_1,3,0.04666666666666667
7673,candidate_3,candidate_2,candidate_1,3,0.04666666666666667
7674,candidate_3,candidate_2,candidate_1,3,0.04666666666666667
7675,candidate_3,candidate_2,candidate_1,3,0.04666666666666667
7676,candidate_3,candidate_2,candidate_1,3,0.04666666666666667
7677,candidate_3,candidate_2,candidate_1,3,0.04666666666666667
7678,candidate_3,candidate_2,candidate_1,3,0.04666666666666667
7679,candidate_3,candidate_2,candidate_1,3,0.04666666666666667
7680,candidate_3,candidate_2,candidate_1,3,0.04666666666666667
7681,candidate_3,candidate_2,candidate_1,3,0.04666666666666667
7682,0,candidate_2,candidate_1,3,0.04666666666666667
7683,candidate_3,candidate_2,candidate_1,3,0.04666666666666667
7684,candidate_3,candidate_2,candidate_1,3,0.04666666666666667
7685,candidate_3,candidate_2,candidate_1,3,0.04666666666666667
7686,candidate_3,candidate_2,candidate_1,3,0.04666666666666667
7687,candidate_3,candidate_2,candidate_1,3,0.04666666666666667
7688,candidate_3,candidate_2,candidate_1,3,0.04666666666666667
7689,candidate_3,candidate_2,candidate_1,3,0.04666666666666667
7690,candidate_3,candidate_2,candidate_1,3,0.04666666666666667
7691,candidate_3,0,candidate_1,3,0.04666666666666667
7692,candidate_3,0,candidate_1,3,0.04666666666666667
7693,candidate_3,candidate_2,0,3,0.04666666666666667
7694,candidate_3,candidate_2,candidate_1,3,0.04666666666666667
7695,candidate_3,candidate_2,candidate_1,3,0.04666666666666667
7696,candidate_3,candidate_2,candidate_1,3,0.04666666666666667
7697,candidate_3,0,candidate_1,3,0.04666666666666667
7698,candidate_3,candidate_2,candidate_1,3,0.04666666666666667
7699,candidate_3,candidate_2,candidate_1,3,0.04666666666666667
7700,candidate_3,candidate_2,candidate_1,3,0.04666666666666667
7701,candidate_3,candidate_2,candidate_1,3,0.04666666666666667
7702,candidate_3,candidate_2,candidate_1,3,0.04666666666666667
7703,candidate_3,candidate_2,candidate_1,3,0.04666666666666667
7704,0,candidate_2,candidate_1,3,0.04666666666666667
7705,candidate_3,candidate_2,candidate_1,3,0.04666666666666667
7706,candidate_3,candidate_2,candidate_1,3,0.04666666666666667
7707,candidate_3,candidate_2,candidate_1,3,0.04666666666666667
7708,candidate_3,candidate_2,0,3,0.04666666666666667
7709,candidate_3,candidate_2,candidate_1,3,0.04666666666666667
7710,candidate_3,candidate_2,candidate_1,3,0.04666666666666667
7711,candidate_3,candidate_2,candidate_1,3,0.04666666666666667
7712,candidate_3,candidate_2,candidate_1,3,0.04666666666666667
7713,candidate_3,candidate_2,candidate_1,3,0.04666666666666667
7714,candidate_3,candidate_2,candidate_1,3,0.04666666666666667
7715,candidate_3,candidate_2,0,3,0.04666666666666667
7716,candidate_3,candidate_2,candidate_1,3,0.04666666666666667
7717,candidate_3,candidate_2,0,3,0.04666666666666667
7718,candidate_3,candidate_2,candidate_1,3,0.04666666666666667
7719,0,candidate_2,candidate_1,3,0.04666666666666667
7720,candidate_3,candidate_2,candidate_1,3,0.04666666666666667
7721,candidate_3,candidate_2,candidate_1,3,0.04666666666666667
7722,candidate_3,candidate_2,candidate_1,3,0.04666666666666667
7723,candidate_3,candidate_2,candidate_1,3,0.04666666666666667
7724,candidate_3,candidate_2,candidate_1,3,0.04666666666666667
7725,candidate_3,candidate_2,candidate_1,3,0.04666666666666667
7726,candidate_3,candidate_2,candidate_1,3,0.04666666666666667
7727,candidate_3,candidate_2,candidate_1,3,0.04666666666666667
7728,0,candidate_2,candidate_1,3,0.04666666666666667
7729,candidate_3,candidate_2,candidate_1,3,0.04666666666666667
7730,candidate_3,candidate_2,0,3,0.04666666666666667
7731,candidate_3,candidate_2,candidate_1,3,0.04666666666666667
7732,candidate_3,candidate_2,candidate_1,3,0.04666666666666667
7733,candidate_3,candidate_2,candidate_1,3,0.04666666666666667
7734,candidate_3,0,candidate_1,3,0.04666666666666667
7735,candidate_3,0,candidate_1,3,0.04666666666666667
7736,candidate_3,candidate_2,candidate_1,3,0.04666666666666667
7737,candidate_3,candidate_2,candidate_1,3,0.04666666666666667
7738,candidate_3,candidate_2,candidate_1,3,0.04666666666666667
7739,candidate_3,candidate_2,0,3,0.04666666666666667
7740,candidate_3,candidate_2,candidate_1,3,0.04666666666666667
7741,candidate_3,candidate_2,candidate_1,3,0.04666666666666667
7742,candidate_3,candidate_2,candidate_1,3,0.04666666666666667
7743,0,candidate_2,candidate_1,3,0.04666666666666667
7744,candidate_3,candidate_2,candidate_1,3,0.04666666666666667
7745,candidate_3,candidate_2,0,3,0.04666666666666667
7746,candidate_3,candidate_2,candidate_1,3,0.04666666666666667
7747,0,candidate_2,candidate_1,3,0.04666666666666667
7748,candidate_3,candidate_2,candidate_1,3,0.04666666666666667
7749,candidate_3,candidate_2,candidate_1,3,0.04666666666666667
7750,candidate_3,candidate_2,candidate_1,3,0.04666666666666667
7751,candidate_3,candidate_2,candidate_1,3,0.04666666666666667
7752,candidate_3,candidate_2,candidate_1,3,0.04666666666666667
7753,candidate_3,candidate_2,candidate_1,3,0.04666666666666667
7754,candidate_3,candidate_2,candidate_1,3,0.04666666666666667
7755,candidate_3,candidate_2,candidate_1,3,0.04666666666666667
7756,candidate_3,candidate_2,candidate_1,3,0.04666666666666667
7757,candidate_3,candidate_2,candidate_1,3,0.04666666666666667
7758,candidate_3,candidate_2,candidate_1,3,0.04666666666666667
7759,candidate_3,0,candidate_1,3,0.04666666666666667
7760,candidate_3,candidate_2,candidate_1,3,0.04666666666666667
7761,candidate_3,candidate_2,candidate_1,3,0.04666666666666667
7762,candidate_3,candidate_2,candidate_1,3,0.04666666666666667
7763,candidate_3,candidate_2,0,3,0.04666666666666667
7764,candidate_3,candidate_2,candidate_1,3,0.04666666666666667
7765,candidate_3,candidate_2,candidate_1,3,0.04666666666666667
7766,candidate_3,candidate_2,candidate_1,3,0.04666666666666667
7767,candidate_3,candidate_2,0,3,0.04666666666666667
7768,candidate_3,candidate_2,candidate_1,3,0.04666666666666667
7769,candidate_3,candidate_2,candidate_1,3,0.04666666666666667
7770,candidate_3,candidate_2,candidate_1,3,0.04666666666666667
7771,candidate_3,candidate_2,candidate_1,3,0.04666666666666667
7772,candidate_3,candidate_2,candidate_1,3,0.04666666666666667
7773,candidate_3,candidate_2,candidate_1,3,0.04666666666666667
7774,candidate_3,candidate_2,candidate_1,3,0.04666666666666667
7775,0,candidate_2,candidate_1,3,0.04666666666666667
7776,0,candidate_2,candidate_1,3,0.04666666666666667
7777,candidate_3,candidate_2,candidate_1,3,0.04666666666666667
7778,candidate_3,0,candidate_1,3,0.04666666666666667
7779,candidate_3,candidate_2,candidate_1,3,0.04666666666666667
7780,candidate_3,candidate_2,candidate_1,3,0.04666666666666667
7781,candidate_3,0,candidate_1,3,0.04666666666666667
7782,candidate_3,candidate_2,candidate_1,3,0.04666666666666667
7783,candidate_3,candidate_2,0,3,0.04666666666666667
7784,candidate_3,candidate_2,candidate_1,3,0.04666666666666667
7785,candidate_3,candidate_2,candidate_1,3,0.04666666666666667
7786,candidate_3,candidate_2,candidate_1,3,0.04666666666666667
7787,candidate_3,candidate_2,candidate_1,3,0.04666666666666667
7788,candidate_3,candidate_2,0,3,0.04666666666666667
7789,candidate_3,candidate_2,candidate_1,3,0.04666666666666667
7790,candidate_3,candidate_2,candidate_1,3,0.04666666666666667
7791,candidate_3,candidate_2,candidate_1,3,0.04666666666666667
7792,candidate_3,candidate_2,candidate_1,3,0.04666666666666667
7793,candidate_3,candidate_2,candidate_1,3,0.04666666666666667
7794,candidate_3,candidate_2,candidate_1,3,0.04666666666666667
7795,candidate_3,candidate_2,candidate_1,3,0.04666666666666667
7796,candidate_3,candidate_2,candidate_1,3,0.04666666666666667
7797,candidate_3,candidate_2,candidate_1,3,0.04666666666666667
7798,candidate_3,candidate_2,candidate_1,3,0.04666666666666667
7799,candidate_3,candidate_2,candidate_1,3,0.04666666666666667
7800,candidate_3,candidate_2,candidate_1,3,0.04666666666666667
7801,candidate_3,candidate_2,candidate_1,3,0.04666666666666667
7802,candidate_3,candidate_2,candidate_1,3,0.04666666666666667
7803,candidate_3,candidate_2,candidate_1,3,0.04666666666666667
7804,candidate_3,candidate_2,candidate_1,3,0.04666666666666667
7805,0,candidate_2,candidate_1,3,0.04666666666666667
7806,candidate_3,candidate_2,candidate_1,3,0.04666666666666667
7807,candidate_3,candidate_2,candidate_1,3,0.04666666666666667
7808,candidate_3,candidate_2,candidate_1,3,0.04666666666666667
7809,candidate_3,candidate_2,candidate_1,3,0.04666666666666667
7810,candidate_3,candidate_2,candidate_1,3,0.04666666666666667
7811,candidate_3,candidate_2,candidate_1,3,0.04666666666666667
7812,candidate_3,candidate_2,candidate_1,3,0.04666666666666667
7813,candidate_3,candidate_2,candidate_1,3,0.04666666666666667
7814,candidate_3,candidate_2,candidate_1,3,0.04666666666666667
7815,candidate_3,candidate_2,candidate_1,3,0.04666666666666667
7816,candidate_3,candidate_2,candidate_1,3,0.04666666666666667
7817,candidate_3,candidate_2,candidate_1,3,0.04666666666666667
7818,candidate_3,candidate_2,candidate_1,3,0.04666666666666667
7819,candidate_3,candidate_2,candidate_1,3,0.04666666666666667
7820,candidate_3,candidate_2,candidate_1,3,0.04666666666666667
7821,candidate_3,candidate_2,candidate_1,3,0.04666666666666667
7822,candidate_3,candidate_2,candidate_1,3,0.04666666666666667
7823,candidate_3,candidate_2,candidate_1,3,0.04666666666666667
7824,candidate_3,candidate_2,candidate_1,3,0.04666666666666667
7825,candidate_3,candidate_2,candidate_1,3,0.04666666666666667
7826,candidate_3,candidate_2,candidate_1,3,0.04666666666666667
7827,candidate_3,candidate_2,candidate_1,3,0.04666666666666667
7828,candidate_3,candidate_2,candidate_1,3,0.04666666666666667
7829,candidate_3,candidate_2,candidate_1,3,0.04666666666666667
7830,candidate_3,candidate_2,candidate_1,3,0.04666666666666667
7831,candidate_3,candidate_2,candidate_1,3,0.04666666666666667
7832,candidate_3,candidate_2,candidate_1,3,0.04666666666666667
7833,candidate_3,candidate_2,0,3,0.04666666666666667
7834,candidate_3,candidate_2,candidate_1,3,0.04666666666666667
7835,candidate_3,candidate_2,candidate_1,3,0.04666666666666667
7836,candidate_3,candidate_2,candidate_1,3,0.04666666666666667
7837,candidate_3,candidate_2,candidate_1,3,0.04666666666666667
7838,candidate_3,candidate_2,candidate_1,3,0.04666666666666667
7839,candidate_3,0,candidate_1,3,0.04666666666666667
7840,candidate_3,0,candidate_1,3,0.04666666666666667
7841,candidate_3,0,candidate_1,3,0.04666666666666667
7842,candidate_3,candidate_2,candidate_1,3,0.04666666666666667
7843,candidate_3,candidate_2,candidate_1,3,0.04666666666666667
7844,candidate_3,candidate_2,candidate_1,3,0.04666666666666667
7845,candidate_3,candidate_2,candidate_1,3,0.04666666666666667
7846,candidate_3,candidate_2,candidate_1,3,0.04666666666666667
7847,0,candidate_2,candidate_1,3,0.04666666666666667
7848,candidate_3,candidate_2,candidate_1,3,0.04666666666666667
7849,candidate_3,candidate_2,candidate_1,3,0.04666666666666667
7850,candidate_3,candidate_2,candidate_1,3,0.04666666666666667
7851,candidate_3,candidate_2,candidate_1,3,0.04666666666666667
7852,candidate_3,candidate_2,candidate_1,3,0.04666666666666667
7853,candidate_3,candidate_2,candidate_1,3,0.04666666666666667
7854,candidate_3,candidate_2,candidate_1,3,0.04666666666666667
7855,candidate_3,candidate_2,candidate_1,3,0.04666666666666667
7856,candidate_3,candidate_2,candidate_1,3,0.04666666666666667
7857,candidate_3,candidate_2,candidate_1,3,0.04666666666666667
7858,candidate_3,candidate_2,candidate_1,3,0.04666666666666667
7859,candidate_3,candidate_2,candidate_1,3,0.04666666666666667
7860,candidate_3,candidate_2,candidate_1,3,0.04666666666666667
7861,candidate_3,candidate_2,candidate_1,3,0.04666666666666667
7862,candidate_3,candidate_2,candidate_1,3,0.04666666666666667
7863,candidate_3,candidate_2,candidate_1,3,0.04666666666666667
7864,candidate_3,candidate_2,0,3,0.04666666666666667
7865,candidate_3,candidate_2,candidate_1,3,0.04666666666666667
7866,candidate_3,candidate_2,candidate_1,3,0.04666666666666667
7867,candidate_3,candidate_2,candidate_1,3,0.04666666666666667
7868,candidate_3,0,candidate_1,3,0.04666666666666667
7869,candidate_3,candidate_2,candidate_1,3,0.04666666666666667
7870,candidate_3,candidate_2,candidate_1,3,0.04666666666666667
7871,candidate_3,candidate_2,candidate_1,3,0.04666666666666667
7872,candidate_3,candidate_2,candidate_1,3,0.04666666666666667
7873,candidate_3,candidate_2,candidate_1,3,0.04666666666666667
7874,candidate_3,candidate_2,candidate_1,3,0.04666666666666667
7875,candidate_3,candidate_2,0,3,0.04666666666666667
7876,candidate_3,candidate_2,candidate_1,3,0.04666666666666667
7877,candidate_3,candidate_2,candidate_1,3,0.04666666666666667
7878,candidate_3,candidate_2,candidate_1,3,0.04666666666666667
7879,candidate_3,candidate_2,candidate_1,3,0.04666666666666667
7880,candidate_3,candidate_2,candidate_1,3,0.04666666666666667
7881,candidate_3,candidate_2,candidate_1,3,0.04666666666666667
7882,candidate_3,candidate_2,candidate_1,3,0.04666666666666667
7883,candidate_3,candidate_2,candidate_1,3,0.04666666666666667
7884,candidate_3,0,candidate_1,3,0.04666666666666667
7885,candidate_3,candidate_2,candidate_1,3,0.04666666666666667
7886,candidate_3,candidate_2,candidate_1,3,0.04666666666666667
7887,candidate_3,0,0,3,0.04666666666666667
7888,candidate_3,candidate_2,candidate_1,3,0.04666666666666667
7889,candidate_3,candidate_2,candidate_1,3,0.04666666666666667
7890,candidate_3,candidate_2,candidate_1,3,0.04666666666666667
7891,candidate_3,candidate_2,candidate_1,3,0.04666666666666667
7892,0,candidate_2,candidate_1,3,0.04666666666666667
7893,candidate_3,candidate_2,candidate_1,3,0.04666666666666667
7894,candidate_3,candidate_2,candidate_1,3,0.04666666666666667
7895,candidate_3,candidate_2,candidate_1,3,0.04666666666666667
7896,candidate_3,0,candidate_1,3,0.04666666666666667
7897,0,candidate_2,candidate_1,3,0.04666666666666667
7898,candidate_3,candidate_2,candidate_1,3,0.04666666666666667
7899,candidate_3,candidate_2,candidate_1,3,0.04666666666666667
7900,candidate_3,candidate_2,candidate_1,3,0.04666666666666667
7901,candidate_3,0,candidate_1,3,0.04666666666666667
7902,candidate_3,candidate_2,candidate_1,3,0.04666666666666667
7903,candidate_3,candidate_2,candidate_1,3,0.04666666666666667
7904,candidate_3,candidate_2,candidate_1,3,0.04666666666666667
7905,candidate_3,candidate_2,candidate_1,3,0.04666666666666667
7906,candidate_3,candidate_2,candidate_1,3,0.04666666666666667
7907,candidate_3,candidate_2,0,3,0.04666666666666667
7908,candidate_3,candidate_2,candidate_1,3,0.04666666666666667
7909,candidate_3,candidate_2,candidate_1,3,0.04666666666666667
7910,candidate_3,candidate_2,candidate_1,3,0.04666666666666667
7911,candidate_3,candidate_2,candidate_1,3,0.04666666666666667
7912,candidate_3,candidate_2,candidate_1,3,0.04666666666666667
7913,candidate_3,candidate_2,candidate_1,3,0.04666666666666667
7914,candidate_3,candidate_2,candidate_1,3,0.04666666666666667
7915,0,candidate_2,candidate_1,3,0.04666666666666667
7916,candidate_3,candidate_2,candidate_1,3,0.04666666666666667
7917,candidate_3,candidate_2,candidate_1,3,0.04666666666666667
7918,candidate_3,candidate_2,candidate_1,3,0.04666666666666667
7919,candidate_3,candidate_2,candidate_1,3,0.04666666666666667
7920,candidate_3,candidate_2,candidate_1,3,0.04666666666666667
7921,0,candidate_2,candidate_1,3,0.04666666666666667
7922,candidate_3,candidate_2,candidate_1,3,0.04666666666666667
7923,candidate_3,0,candidate_1,3,0.04666666666666667
7924,candidate_3,candidate_2,0,3,0.04666666666666667
7925,candidate_3,0,candidate_1,3,0.04666666666666667
7926,candidate_3,candidate_2,candidate_1,3,0.04666666666666667
7927,candidate_3,candidate_2,candidate_1,3,0.04666666666666667
7928,candidate_3,candidate_2,candidate_1,3,0.04666666666666667
7929,candidate_3,candidate_2,candidate_1,3,0.04666666666666667
7930,candidate_3,candidate_2,candidate_1,3,0.04666666666666667
7931,candidate_3,candidate_2,candidate_1,3,0.04666666666666667
7932,candidate_3,candidate_2,candidate_1,3,0.04666666666666667
7933,candidate_3,candidate_2,candidate_1,3,0.04666666666666667
7934,candidate_3,candidate_2,candidate_1,3,0.04666666666666667
7935,candidate_3,candidate_2,candidate_1,3,0.04666666666666667
7936,candidate_3,candidate_2,0,3,0.04666666666666667
7937,candidate_3,candidate_2,candidate_1,3,0.04666666666666667
7938,0,candidate_2,candidate_1,3,0.04666666666666667
7939,candidate_3,candidate_2,candidate_1,3,0.04666666666666667
7940,candidate_3,candidate_2,candidate_1,3,0.04666666666666667
7941,candidate_3,candidate_2,candidate_1,3,0.04666666666666667
7942,candidate_3,candidate_2,candidate_1,3,0.04666666666666667
7943,candidate_3,candidate_2,candidate_1,3,0.04666666666666667
7944,candidate_3,candidate_2,candidate_1,3,0.04666666666666667
7945,candidate_3,candidate_2,candidate_1,3,0.04666666666666667
7946,candidate_3,candidate_2,candidate_1,3,0.04666666666666667
7947,candidate_3,candidate_2,candidate_1,3,0.04666666666666667
7948,candidate_3,candidate_2,candidate_1,3,0.04666666666666667
7949,candidate_3,0,candidate_1,3,0.04666666666666667
7950,candidate_3,candidate_2,candidate_1,3,0.04666666666666667
7951,candidate_3,candidate_2,candidate_1,3,0.04666666666666667
7952,candidate_3,candidate_2,candidate_1,3,0.04666666666666667
7953,candidate_3,candidate_2,candidate_1,3,0.04666666666666667
7954,candidate_3,0,candidate_1,3,0.04666666666666667
7955,candidate_3,candidate_2,candidate_1,3,0.04666666666666667
7956,candidate_3,candidate_2,candidate_1,3,0.04666666666666667
7957,candidate_3,candidate_2,candidate_1,3,0.04666666666666667
7958,candidate_3,0,candidate_1,3,0.04666666666666667
7959,candidate_3,candidate_2,candidate_1,3,0.04666666666666667
7960,candidate_3,candidate_2,candidate_1,3,0.04666666666666667
7961,candidate_3,0,candidate_1,3,0.04666666666666667
7962,candidate_3,candidate_2,candidate_1,3,0.04666666666666667
7963,candidate_3,candidate_2,candidate_1,3,0.04666666666666667
7964,candidate_3,candidate_2,candidate_1,3,0.04666666666666667
7965,candidate_3,candidate_2,candidate_1,3,0.04666666666666667
7966,candidate_3,candidate_2,candidate_1,3,0.04666666666666667
7967,candidate_3,0,candidate_1,3,0.04666666666666667
7968,candidate_3,candidate_2,candidate_1,3,0.04666666666666667
7969,candidate_3,candidate_2,candidate_1,3,0.04666666666666667
7970,candidate_3,candidate_2,candidate_1,3,0.04666666666666667
7971,candidate_3,candidate_2,candidate_1,3,0.04666666666666667
7972,candidate_3,candidate_2,candidate_1,3,0.04666666666666667
7973,candidate_3,candidate_2,candidate_1,3,0.04666666666666667
7974,candidate_3,candidate_2,candidate_1,3,0.04666666666666667
7975,candidate_3,candidate_2,candidate_1,3,0.04666666666666667
7976,candidate_3,candidate_2,candidate_1,3,0.04666666666666667
7977,candidate_3,candidate_2,candidate_1,3,0.04666666666666667
7978,candidate_3,candidate_2,candidate_1,3,0.04666666666666667
7979,candidate_3,candidate_2,candidate_1,3,0.04666666666666667
7980,candidate_3,candidate_2,candidate_1,3,0.04666666666666667
7981,candidate_3,candidate_2,candidate_1,3,0.04666666666666667
7982,candidate_3,candidate_2,candidate_1,3,0.04666666666666667
7983,candidate_3,candidate_2,candidate_1,3,0.04666666666666667
7984,candidate_3,candidate_2,candidate_1,3,0.04666666666666667
7985,candidate_3,candidate_2,candidate_1,3,0.04666666666666667
7986,candidate_3,candidate_2,candidate_1,3,0.04666666666666667
7987,candidate_3,candidate_2,candidate_1,3,0.04666666666666667
7988,candidate_3,candidate_2,candidate_1,3,0.04666666666666667
7989,candidate_3,candidate_2,candidate_1,3,0.04666666666666667
7990,candidate_3,candidate_2,candidate_1,3,0.04666666666666667
7991,candidate_3,candidate_2,candidate_1,3,0.04666666666666667
7992,candidate_3,candidate_2,candidate_1,3,0.04666666666666667
7993,candidate_3,candidate_2,candidate_1,3,0.04666666666666667
7994,candidate_3,candidate_2,candidate_1,3,0.04666666666666667
7995,candidate_3,candidate_2,candidate_1,3,0.04666666666666667
7996,candidate_3,candidate_2,candidate_1,3,0.04666666666666667
7997,candidate_3,candidate_2,candidate_1,3,0.04666666666666667
7998,candidate_3,candidate_2,candidate_1,3,0.04666666666666667
7999,candidate_3,candidate_2,candidate_1,3,0.04666666666666667
8000,candidate_3,candidate_2,candidate_1,3,0.04666666666666667
8001,0,candidate_2,candidate_1,3,0.04666666666666667
8002,candidate_3,candidate_2,candidate_1,3,0.04666666666666667
8003,candidate_3,candidate_2,candidate_1,3,0.04666666666666667
8004,candidate_3,candidate_2,candidate_1,3,0.04666666666666667
8005,candidate_3,candidate_2,candidate_1,3,0.04666666666666667
8006,candidate_3,candidate_2,candidate_1,3,0.04666666666666667
8007,candidate_3,candidate_2,candidate_1,3,0.04666666666666667
8008,candidate_3,candidate_2,candidate_1,3,0.04666666666666667
8009,candidate_3,candidate_2,candidate_1,3,0.04666666666666667
8010,candidate_3,candidate_2,candidate_1,3,0.04666666666666667
8011,candidate_3,candidate_2,candidate_1,3,0.04666666666666667
8012,candidate_3,candidate_2,candidate_1,3,0.04666666666666667
8013,candidate_3,0,candidate_1,3,0.04666666666666667
8014,candidate_3,candidate_2,candidate_1,3,0.04666666666666667
8015,candidate_3,candidate_2,candidate_1,3,0.04666666666666667
8016,candidate_3,candidate_2,candidate_1,3,0.04666666666666667
8017,candidate_3,candidate_2,candidate_1,3,0.04666666666666667
8018,0,candidate_2,candidate_1,3,0.04666666666666667
8019,candidate_3,candidate_2,candidate_1,3,0.04666666666666667
8020,0,candidate_2,candidate_1,3,0.04666666666666667
8021,candidate_3,candidate_2,candidate_1,3,0.04666666666666667
8022,candidate_3,0,candidate_1,3,0.04666666666666667
8023,candidate_3,0,candidate_1,3,0.04666666666666667
8024,candidate_3,candidate_2,candidate_1,3,0.04666666666666667
8025,candidate_3,candidate_2,candidate_1,3,0.04666666666666667
8026,candidate_3,candidate_2,candidate_1,3,0.04666666666666667
8027,0,candidate_2,candidate_1,3,0.04666666666666667
8028,candidate_3,candidate_2,candidate_1,3,0.04666666666666667
8029,0,candidate_2,candidate_1,3,0.04666666666666667
8030,candidate_3,candidate_2,candidate_1,3,0.04666666666666667
8031,candidate_3,candidate_2,candidate_1,3,0.04666666666666667
8032,candidate_3,candidate_2,0,3,0.04666666666666667
8033,candidate_3,candidate_2,candidate_1,3,0.04666666666666667
8034,candidate_3,candidate_2,candidate_1,3,0.04666666666666667
8035,candidate_3,candidate_2,candidate_1,3,0.04666666666666667
8036,candidate_3,candidate_2,candidate_1,3,0.04666666666666667
8037,candidate_3,candidate_2,candidate_1,3,0.04666666666666667
8038,candidate_3,candidate_2,candidate_1,3,0.04666666666666667
8039,candidate_3,candidate_2,candidate_1,3,0.04666666666666667
8040,candidate_3,candidate_2,candidate_1,3,0.04666666666666667
8041,candidate_3,candidate_2,candidate_1,3,0.04666666666666667
8042,candidate_3,candidate_2,candidate_1,3,0.04666666666666667
8043,candidate_3,candidate_2,candidate_1,3,0.04666666666666667
8044,candidate_3,candidate_2,candidate_1,3,0.04666666666666667
8045,candidate_3,0,candidate_1,3,0.04666666666666667
8046,candidate_3,candidate_2,candidate_1,3,0.04666666666666667
8047,candidate_3,candidate_2,0,3,0.04666666666666667
8048,candidate_3,candidate_2,candidate_1,3,0.04666666666666667
8049,candidate_3,candidate_2,candidate_1,3,0.04666666666666667
8050,0,candidate_2,candidate_1,3,0.04666666666666667
8051,candidate_3,candidate_2,candidate_1,3,0.04666666666666667
8052,candidate_3,candidate_2,candidate_1,3,0.04666666666666667
8053,candidate_3,candidate_2,candidate_1,3,0.04666666666666667
8054,candidate_3,candidate_2,candidate_1,3,0.04666666666666667
8055,candidate_3,0,candidate_1,3,0.04666666666666667
8056,candidate_3,candidate_2,candidate_1,3,0.04666666666666667
8057,candidate_3,candidate_2,candidate_1,3,0.04666666666666667
8058,candidate_3,0,candidate_1,3,0.04666666666666667
8059,candidate_3,candidate_2,candidate_1,3,0.04666666666666667
8060,0,candidate_2,candidate_1,3,0.04666666666666667
8061,candidate_3,candidate_2,candidate_1,3,0.04666666666666667
8062,candidate_3,candidate_2,candidate_1,3,0.04666666666666667
8063,candidate_3,candidate_2,candidate_1,3,0.04666666666666667
8064,candidate_3,candidate_2,candidate_1,3,0.04666666666666667
8065,candidate_3,candidate_2,candidate_1,3,0.04666666666666667
8066,candidate_3,candidate_2,candidate_1,3,0.04666666666666667
8067,candidate_3,candidate_2,candidate_1,3,0.04666666666666667
8068,candidate_3,candidate_2,candidate_1,3,0.04666666666666667
8069,candidate_3,candidate_2,candidate_1,3,0.04666666666666667
8070,candidate_3,candidate_2,0,3,0.04666666666666667
8071,candidate_3,candidate_2,candidate_1,3,0.04666666666666667
8072,candidate_3,candidate_2,candidate_1,3,0.04666666666666667
8073,candidate_3,candidate_2,candidate_1,3,0.04666666666666667
8074,candidate_3,candidate_2,candidate_1,3,0.04666666666666667
8075,candidate_3,candidate_2,candidate_1,3,0.04666666666666667
8076,candidate_3,candidate_2,candidate_1,3,0.04666666666666667
8077,candidate_3,candidate_2,candidate_1,3,0.04666666666666667
8078,candidate_3,candidate_2,candidate_1,3,0.04666666666666667
8079,candidate_3,candidate_2,candidate_1,3,0.04666666666666667
8080,candidate_3,candidate_2,candidate_1,3,0.04666666666666667
8081,candidate_3,candidate_2,candidate_1,3,0.04666666666666667
8082,candidate_3,candidate_2,candidate_1,3,0.04666666666666667
8083,candidate_3,candidate_2,candidate_1,3,0.04666666666666667
8084,candidate_3,candidate_2,candidate_1,3,0.04666666666666667
8085,candidate_3,candidate_2,candidate_1,3,0.04666666666666667
8086,candidate_3,candidate_2,candidate_1,3,0.04666666666666667
8087,candidate_3,0,candidate_1,3,0.04666666666666667
8088,candidate_3,candidate_2,candidate_1,3,0.04666666666666667
8089,candidate_3,candidate_2,candidate_1,3,0.04666666666666667
8090,candidate_3,candidate_2,candidate_1,3,0.04666666666666667
8091,candidate_3,candidate_2,candidate_1,3,0.04666666666666667
8092,candidate_3,candidate_2,candidate_1,3,0.04666666666666667
8093,candidate_3,candidate_2,candidate_1,3,0.04666666666666667
8094,candidate_3,candidate_2,candidate_1,3,0.04666666666666667
8095,candidate_3,candidate_2,candidate_1,3,0.04666666666666667
8096,0,candidate_2,candidate_1,3,0.04666666666666667
8097,candidate_3,candidate_2,candidate_1,3,0.04666666666666667
8098,0,candidate_2,candidate_1,3,0.04666666666666667
8099,candidate_3,candidate_2,candidate_1,3,0.04666666666666667
8100,candidate_3,candidate_2,candidate_1,3,0.04666666666666667
8101,candidate_3,candidate_2,candidate_1,3,0.04666666666666667
8102,candidate_3,candidate_2,candidate_1,3,0.04666666666666667
8103,candidate_3,candidate_2,candidate_1,3,0.04666666666666667
8104,candidate_3,candidate_2,candidate_1,3,0.04666666666666667
8105,candidate_3,candidate_2,candidate_1,3,0.04666666666666667
8106,candidate_3,candidate_2,candidate_1,3,0.04666666666666667
8107,candidate_3,candidate_2,candidate_1,3,0.04666666666666667
8108,candidate_3,candidate_2,candidate_1,3,0.04666666666666667
8109,candidate_3,candidate_2,candidate_1,3,0.04666666666666667
8110,candidate_3,candidate_2,candidate_1,3,0.04666666666666667
8111,candidate_3,candidate_2,candidate_1,3,0.04666666666666667
8112,candidate_3,candidate_2,candidate_1,3,0.04666666666666667
8113,candidate_3,0,candidate_1,3,0.04666666666666667
8114,candidate_3,candidate_2,candidate_1,3,0.04666666666666667
8115,candidate_3,candidate_2,candidate_1,3,0.04666666666666667
8116,candidate_3,candidate_2,candidate_1,3,0.04666666666666667
8117,candidate_3,candidate_2,candidate_1,3,0.04666666666666667
8118,candidate_3,candidate_2,candidate_1,3,0.04666666666666667
8119,candidate_3,candidate_2,candidate_1,3,0.04666666666666667
8120,candidate_3,candidate_2,candidate_1,3,0.04666666666666667
8121,candidate_3,candidate_2,candidate_1,3,0.04666666666666667
8122,candidate_3,candidate_2,candidate_1,3,0.04666666666666667
8123,candidate_3,candidate_2,candidate_1,3,0.04666666666666667
8124,candidate_3,candidate_2,candidate_1,3,0.04666666666666667
8125,candidate_3,candidate_2,candidate_1,3,0.04666666666666667
8126,candidate_3,candidate_2,candidate_1,3,0.04666666666666667
8127,candidate_3,candidate_2,candidate_1,3,0.04666666666666667
8128,candidate_3,candidate_2,0,3,0.04666666666666667
8129,candidate_3,candidate_2,candidate_1,3,0.04666666666666667
8130,0,candidate_2,candidate_1,3,0.04666666666666667
8131,candidate_3,0,candidate_1,3,0.04666666666666667
8132,candidate_3,candidate_2,candidate_1,3,0.04666666666666667
8133,candidate_3,candidate_2,candidate_1,3,0.04666666666666667
8134,candidate_3,candidate_2,candidate_1,3,0.04666666666666667
8135,candidate_3,candidate_2,candidate_1,3,0.04666666666666667
8136,candidate_3,candidate_2,candidate_1,3,0.04666666666666667
8137,candidate_3,candidate_2,candidate_1,3,0.04666666666666667
8138,candidate_3,candidate_2,candidate_1,3,0.04666666666666667
8139,candidate_3,0,candidate_1,3,0.04666666666666667
8140,candidate_3,candidate_2,candidate_1,3,0.04666666666666667
8141,candidate_3,candidate_2,candidate_1,3,0.04666666666666667
8142,candidate_3,candidate_2,candidate_1,3,0.04666666666666667
8143,candidate_3,candidate_2,0,3,0.04666666666666667
8144,candidate_3,candidate_2,candidate_1,3,0.04666666666666667
8145,candidate_3,candidate_2,candidate_1,3,0.04666666666666667
8146,candidate_3,candidate_2,candidate_1,3,0.04666666666666667
8147,candidate_3,candidate_2,0,3,0.04666666666666667
8148,candidate_3,candidate_2,candidate_1,3,0.04666666666666667
8149,candidate_3,candidate_2,candidate_1,3,0.04666666666666667
8150,candidate_3,candidate_2,candidate_1,3,0.04666666666666667
8151,candidate_3,candidate_2,candidate_1,3,0.04666666666666667
8152,candidate_3,candidate_2,candidate_1,3,0.04666666666666667
8153,candidate_3,candidate_2,candidate_1,3,0.04666666666666667
8154,candidate_3,candidate_2,candidate_1,3,0.04666666666666667
8155,candidate_3,candidate_2,candidate_1,3,0.04666666666666667
8156,candidate_3,candidate_2,candidate_1,3,0.04666666666666667
8157,candidate_3,candidate_2,candidate_1,3,0.04666666666666667
8158,candidate_3,0,candidate_1,3,0.04666666666666667
8159,candidate_3,candidate_2,candidate_1,3,0.04666666666666667
8160,candidate_3,candidate_2,candidate_1,3,0.04666666666666667
8161,candidate_3,candidate_2,candidate_1,3,0.04666666666666667
8162,candidate_3,candidate_2,candidate_1,3,0.04666666666666667
8163,candidate_3,candidate_2,candidate_1,3,0.04666666666666667
8164,candidate_3,candidate_2,candidate_1,3,0.04666666666666667
8165,candidate_3,candidate_2,candidate_1,3,0.04666666666666667
8166,candidate_3,candidate_2,candidate_1,3,0.04666666666666667
8167,candidate_3,candidate_2,candidate_1,3,0.04666666666666667
8168,candidate_3,candidate_2,candidate_1,3,0.04666666666666667
8169,candidate_3,candidate_2,candidate_1,3,0.04666666666666667
8170,candidate_3,candidate_2,candidate_1,3,0.04666666666666667
8171,candidate_3,candidate_2,candidate_1,3,0.04666666666666667
8172,candidate_3,candidate_2,candidate_1,3,0.04666666666666667
8173,candidate_3,candidate_2,candidate_1,3,0.04666666666666667
8174,candidate_3,candidate_2,candidate_1,3,0.04666666666666667
8175,candidate_3,candidate_2,candidate_1,3,0.04666666666666667
8176,candidate_3,candidate_2,candidate_1,3,0.04666666666666667
8177,candidate_3,candidate_2,candidate_1,3,0.04666666666666667
8178,candidate_3,candidate_2,candidate_1,3,0.04666666666666667
8179,candidate_3,candidate_2,candidate_1,3,0.04666666666666667
8180,candidate_3,candidate_2,candidate_1,3,0.04666666666666667
8181,candidate_3,0,candidate_1,3,0.04666666666666667
8182,candidate_3,candidate_2,candidate_1,3,0.04666666666666667
8183,candidate_3,candidate_2,candidate_1,3,0.04666666666666667
8184,candidate_3,candidate_2,candidate_1,3,0.04666666666666667
8185,candidate_3,candidate_2,candidate_1,3,0.04666666666666667
8186,candidate_3,candidate_2,candidate_1,3,0.04666666666666667
8187,candidate_3,0,candidate_1,3,0.04666666666666667
8188,candidate_3,candidate_2,candidate_1,3,0.04666666666666667
8189,candidate_3,candidate_2,candidate_1,3,0.04666666666666667
8190,candidate_3,candidate_2,candidate_1,3,0.04666666666666667
8191,candidate_3,candidate_2,candidate_1,3,0.04666666666666667
8192,candidate_3,candidate_2,candidate_1,3,0.04666666666666667
8193,candidate_3,candidate_2,candidate_1,3,0.04666666666666667
8194,candidate_3,candidate_2,candidate_1,3,0.04666666666666667
8195,candidate_3,candidate_2,candidate_1,3,0.04666666666666667
8196,candidate_3,candidate_2,candidate_1,3,0.04666666666666667
8197,candidate_3,candidate_2,candidate_1,3,0.04666666666666667
8198,candidate_3,candidate_2,candidate_1,3,0.04666666666666667
8199,candidate_3,candidate_2,candidate_1,3,0.04666666666666667
8200,candidate_3,0,candidate_1,3,0.04666666666666667
8201,candidate_3,candidate_2,candidate_1,3,0.04666666666666667
8202,candidate_3,candidate_2,candidate_1,3,0.04666666666666667
8203,candidate_3,candidate_2,candidate_1,3,0.04666666666666667
8204,candidate_3,candidate_2,candidate_1,3,0.04666666666666667
8205,candidate_3,candidate_2,candidate_1,3,0.04666666666666667
8206,candidate_3,candidate_2,candidate_1,3,0.04666666666666667
8207,candidate_3,candidate_2,candidate_1,3,0.04666666666666667
8208,candidate_3,candidate_2,candidate_1,3,0.04666666666666667
8209,candidate_3,candidate_2,candidate_1,3,0.04666666666666667
8210,candidate_3,0,candidate_1,3,0.04666666666666667
8211,candidate_3,candidate_2,candidate_1,3,0.04666666666666667
8212,candidate_3,candidate_2,candidate_1,3,0.04666666666666667
8213,candidate_3,candidate_2,candidate_1,3,0.04666666666666667
8214,candidate_3,candidate_2,candidate_1,3,0.04666666666666667
8215,candidate_3,candidate_2,candidate_1,3,0.04666666666666667
8216,candidate_3,candidate_2,candidate_1,3,0.04666666666666667
8217,candidate_3,candidate_2,candidate_1,3,0.04666666666666667
8218,0,candidate_2,candidate_1,3,0.04666666666666667
8219,candidate_3,candidate_2,candidate_1,3,0.04666666666666667
8220,candidate_3,candidate_2,candidate_1,3,0.04666666666666667
8221,candidate_3,candidate_2,candidate_1,3,0.04666666666666667
8222,candidate_3,candidate_2,candidate_1,3,0.04666666666666667
8223,0,candidate_2,candidate_1,3,0.04666666666666667
8224,candidate_3,candidate_2,candidate_1,3,0.04666666666666667
8225,candidate_3,candidate_2,candidate_1,3,0.04666666666666667
8226,candidate_3,candidate_2,candidate_1,3,0.04666666666666667
8227,candidate_3,candidate_2,candidate_1,3,0.04666666666666667
8228,candidate_3,candidate_2,candidate_1,3,0.04666666666666667
8229,candidate_3,candidate_2,candidate_1,3,0.04666666666666667
8230,candidate_3,candidate_2,candidate_1,3,0.04666666666666667
8231,candidate_3,candidate_2,candidate_1,3,0.04666666666666667
8232,candidate_3,candidate_2,candidate_1,3,0.04666666666666667
8233,candidate_3,candidate_2,candidate_1,3,0.04666666666666667
8234,candidate_3,candidate_2,candidate_1,3,0.04666666666666667
8235,candidate_3,candidate_2,candidate_1,3,0.04666666666666667
8236,candidate_3,candidate_2,candidate_1,3,0.04666666666666667
8237,candidate_3,candidate_2,candidate_1,3,0.04666666666666667
8238,candidate_3,candidate_2,candidate_1,3,0.04666666666666667
8239,0,candidate_2,candidate_1,3,0.04666666666666667
8240,candidate_3,candidate_2,candidate_1,3,0.04666666666666667
8241,candidate_3,candidate_2,candidate_1,3,0.04666666666666667
8242,candidate_3,candidate_2,candidate_1,3,0.04666666666666667
8243,candidate_3,candidate_2,candidate_1,3,0.04666666666666667
8244,candidate_3,candidate_2,candidate_1,3,0.04666666666666667
8245,candidate_3,candidate_2,candidate_1,3,0.04666666666666667
8246,candidate_3,candidate_2,candidate_1,3,0.04666666666666667
8247,candidate_3,candidate_2,candidate_1,3,0.04666666666666667
8248,candidate_3,candidate_2,candidate_1,3,0.04666666666666667
8249,candidate_3,candidate_2,candidate_1,3,0.04666666666666667
8250,candidate_3,candidate_2,candidate_1,3,0.04666666666666667
8251,candidate_3,candidate_2,candidate_1,3,0.04666666666666667
8252,candidate_3,candidate_2,candidate_1,3,0.04666666666666667
8253,candidate_3,0,candidate_1,3,0.04666666666666667
8254,candidate_3,candidate_2,candidate_1,3,0.04666666666666667
8255,candidate_3,candidate_2,candidate_1,3,0.04666666666666667
8256,candidate_3,candidate_2,candidate_1,3,0.04666666666666667
8257,candidate_3,candidate_2,0,3,0.04666666666666667
8258,candidate_3,candidate_2,candidate_1,3,0.04666666666666667
8259,candidate_3,candidate_2,candidate_1,3,0.04666666666666667
8260,candidate_3,candidate_2,candidate_1,3,0.04666666666666667
8261,candidate_3,candidate_2,candidate_1,3,0.04666666666666667
8262,candidate_3,candidate_2,candidate_1,3,0.04666666666666667
8263,candidate_3,candidate_2,candidate_1,3,0.04666666666666667
8264,candidate_3,candidate_2,candidate_1,3,0.04666666666666667
8265,candidate_3,0,candidate_1,3,0.04666666666666667
8266,candidate_3,candidate_2,candidate_1,3,0.04666666666666667
8267,candidate_3,candidate_2,candidate_1,3,0.04666666666666667
8268,0,0,candidate_1,3,0.04666666666666667
8269,candidate_3,candidate_2,candidate_1,3,0.04666666666666667
8270,candidate_3,candidate_2,candidate_1,3,0.04666666666666667
8271,candidate_3,candidate_2,candidate_1,3,0.04666666666666667
8272,candidate_3,candidate_2,candidate_1,3,0.04666666666666667
8273,candidate_3,candidate_2,candidate_1,3,0.04666666666666667
8274,candidate_3,candidate_2,0,3,0.04666666666666667
8275,candidate_3,candidate_2,candidate_1,3,0.04666666666666667
8276,candidate_3,candidate_2,candidate_1,3,0.04666666666666667
8277,candidate_3,candidate_2,candidate_1,3,0.04666666666666667
8278,candidate_3,candidate_2,0,3,0.04666666666666667
8279,candidate_3,candidate_2,candidate_1,3,0.04666666666666667
8280,candidate_3,candidate_2,candidate_1,3,0.04666666666666667
8281,0,candidate_2,candidate_1,3,0.04666666666666667
8282,candidate_3,candidate_2,candidate_1,3,0.04666666666666667
8283,candidate_3,candidate_2,candidate_1,3,0.04666666666666667
8284,0,candidate_2,candidate_1,3,0.04666666666666667
8285,candidate_3,candidate_2,candidate_1,3,0.04666666666666667
8286,candidate_3,candidate_2,candidate_1,3,0.04666666666666667
8287,candidate_3,candidate_2,candidate_1,3,0.04666666666666667
8288,candidate_3,candidate_2,candidate_1,3,0.04666666666666667
8289,candidate_3,candidate_2,candidate_1,3,0.04666666666666667
8290,candidate_3,candidate_2,candidate_1,3,0.04666666666666667
8291,candidate_3,candidate_2,candidate_1,3,0.04666666666666667
8292,candidate_3,candidate_2,candidate_1,3,0.04666666666666667
8293,candidate_3,candidate_2,candidate_1,3,0.04666666666666667
8294,candidate_3,candidate_2,candidate_1,3,0.04666666666666667
8295,candidate_3,candidate_2,candidate_1,3,0.04666666666666667
8296,candidate_3,candidate_2,candidate_1,3,0.04666666666666667
8297,candidate_3,candidate_2,candidate_1,3,0.04666666666666667
8298,0,candidate_2,candidate_1,3,0.04666666666666667
8299,candidate_3,candidate_2,candidate_1,3,0.04666666666666667
8300,candidate_3,candidate_2,candidate_1,3,0.04666666666666667
8301,candidate_3,candidate_2,0,3,0.04666666666666667
8302,candidate_3,candidate_2,candidate_1,3,0.04666666666666667
8303,candidate_3,candidate_2,candidate_1,3,0.04666666666666667
8304,candidate_3,candidate_2,candidate_1,3,0.04666666666666667
8305,candidate_3,candidate_2,candidate_1,3,0.04666666666666667
8306,candidate_3,candidate_2,candidate_1,3,0.04666666666666667
8307,candidate_3,candidate_2,candidate_1,3,0.04666666666666667
8308,candidate_3,candidate_2,candidate_1,3,0.04666666666666667
8309,candidate_3,candidate_2,candidate_1,3,0.04666666666666667
8310,candidate_3,candidate_2,candidate_1,3,0.04666666666666667
8311,candidate_3,candidate_2,candidate_1,3,0.04666666666666667
8312,candidate_3,candidate_2,candidate_1,3,0.04666666666666667
8313,candidate_3,candidate_2,candidate_1,3,0.04666666666666667
8314,candidate_3,candidate_2,candidate_1,3,0.04666666666666667
8315,candidate_3,candidate_2,candidate_1,3,0.04666666666666667
8316,candidate_3,candidate_2,candidate_1,3,0.04666666666666667
8317,candidate_3,candidate_2,candidate_1,3,0.04666666666666667
8318,candidate_3,0,candidate_1,3,0.04666666666666667
8319,candidate_3,candidate_2,candidate_1,3,0.04666666666666667
8320,candidate_3,candidate_2,candidate_1,3,0.04666666666666667
8321,candidate_3,candidate_2,candidate_1,3,0.04666666666666667
8322,candidate_3,candidate_2,candidate_1,3,0.04666666666666667
8323,candidate_3,candidate_2,candidate_1,3,0.04666666666666667
8324,candidate_3,candidate_2,candidate_1,3,0.04666666666666667
8325,candidate_3,candidate_2,candidate_1,3,0.04666666666666667
8326,candidate_3,candidate_2,candidate_1,3,0.04666666666666667
8327,0,candidate_2,candidate_1,3,0.04666666666666667
8328,candidate_3,candidate_2,candidate_1,3,0.04666666666666667
8329,candidate_3,candidate_2,candidate_1,3,0.04666666666666667
8330,candidate_3,candidate_2,candidate_1,3,0.04666666666666667
8331,candidate_3,candidate_2,candidate_1,3,0.04666666666666667
8332,candidate_3,candidate_2,candidate_1,3,0.04666666666666667
8333,candidate_3,candidate_2,candidate_1,3,0.04666666666666667
8334,candidate_3,candidate_2,candidate_1,3,0.04666666666666667
8335,candidate_3,candidate_2,candidate_1,3,0.04666666666666667
8336,candidate_3,candidate_2,candidate_1,3,0.04666666666666667
8337,candidate_3,candidate_2,candidate_1,3,0.04666666666666667
8338,candidate_3,0,candidate_1,3,0.04666666666666667
8339,candidate_3,candidate_2,candidate_1,3,0.04666666666666667
8340,candidate_3,candidate_2,candidate_1,3,0.04666666666666667
8341,candidate_3,candidate_2,candidate_1,3,0.04666666666666667
8342,candidate_3,candidate_2,candidate_1,3,0.04666666666666667
8343,candidate_3,candidate_2,candidate_1,3,0.04666666666666667
8344,candidate_3,candidate_2,candidate_1,3,0.04666666666666667
8345,candidate_3,candidate_2,candidate_1,3,0.04666666666666667
8346,candidate_3,candidate_2,candidate_1,3,0.04666666666666667
8347,candidate_3,candidate_2,candidate_1,3,0.04666666666666667
8348,candidate_3,candidate_2,candidate_1,3,0.04666666666666667
8349,candidate_3,candidate_2,0,3,0.04666666666666667
8350,candidate_3,candidate_2,candidate_1,3,0.04666666666666667
8351,candidate_3,candidate_2,candidate_1,3,0.04666666666666667
8352,candidate_3,candidate_2,candidate_1,3,0.04666666666666667
8353,candidate_3,candidate_2,candidate_1,3,0.04666666666666667
8354,candidate_3,candidate_2,candidate_1,3,0.04666666666666667
8355,candidate_3,candidate_2,candidate_1,3,0.04666666666666667
8356,candidate_3,candidate_2,candidate_1,3,0.04666666666666667
8357,candidate_3,candidate_2,candidate_1,3,0.04666666666666667
8358,candidate_3,candidate_2,candidate_1,3,0.04666666666666667
8359,0,candidate_2,candidate_1,3,0.04666666666666667
8360,candidate_3,candidate_2,candidate_1,3,0.04666666666666667
8361,candidate_3,candidate_2,0,3,0.04666666666666667
8362,candidate_3,candidate_2,candidate_1,3,0.04666666666666667
8363,candidate_3,candidate_2,candidate_1,3,0.04666666666666667
8364,candidate_3,candidate_2,candidate_1,3,0.04666666666666667
8365,candidate_3,candidate_2,candidate_1,3,0.04666666666666667
8366,candidate_3,candidate_2,candidate_1,3,0.04666666666666667
8367,candidate_3,candidate_2,candidate_1,3,0.04666666666666667
8368,candidate_3,candidate_2,candidate_1,3,0.04666666666666667
8369,candidate_3,candidate_2,candidate_1,3,0.04666666666666667
8370,candidate_3,candidate_2,candidate_1,3,0.04666666666666667
8371,candidate_3,candidate_2,candidate_1,3,0.04666666666666667
8372,candidate_3,candidate_2,candidate_1,3,0.04666666666666667
8373,candidate_3,candidate_2,candidate_1,3,0.04666666666666667
8374,candidate_3,candidate_2,candidate_1,3,0.04666666666666667
8375,candidate_3,candidate_2,candidate_1,3,0.04666666666666667
8376,candidate_3,candidate_2,candidate_1,3,0.04666666666666667
8377,candidate_3,candidate_2,candidate_1,3,0.04666666666666667
8378,candidate_3,candidate_2,candidate_1,3,0.04666666666666667
8379,candidate_3,candidate_2,candidate_1,3,0.04666666666666667
8380,candidate_3,candidate_2,candidate_1,3,0.04666666666666667
8381,candidate_3,candidate_2,candidate_1,3,0.04666666666666667
8382,candidate_3,candidate_2,candidate_1,3,0.04666666666666667
8383,candidate_3,candidate_2,candidate_1,3,0.04666666666666667
8384,candidate_3,candidate_2,candidate_1,3,0.04666666666666667
8385,candidate_3,candidate_2,candidate_1,3,0.04666666666666667
8386,candidate_3,candidate_2,candidate_1,3,0.04666666666666667
8387,candidate_3,candidate_2,candidate_1,3,0.04666666666666667
8388,candidate_3,candidate_2,0,3,0.04666666666666667
8389,candidate_3,candidate_2,candidate_1,3,0.04666666666666667
8390,candidate_3,candidate_2,candidate_1,3,0.04666666666666667
8391,candidate_3,candidate_2,candidate_1,3,0.04666666666666667
8392,candidate_3,candidate_2,candidate_1,3,0.04666666666666667
8393,candidate_3,candidate_2,candidate_1,3,0.04666666666666667
8394,candidate_3,candidate_2,candidate_1,3,0.04666666666666667
8395,candidate_3,candidate_2,candidate_1,3,0.04666666666666667
8396,candidate_3,0,candidate_1,3,0.04666666666666667
8397,candidate_3,candidate_2,candidate_1,3,0.04666666666666667
8398,candidate_3,candidate_2,candidate_1,3,0.04666666666666667
8399,candidate_3,candidate_2,candidate_1,3,0.04666666666666667
8400,candidate_3,candidate_2,candidate_1,3,0.04666666666666667
8401,0,candidate_2,candidate_1,3,0.04666666666666667
8402,candidate_3,candidate_2,candidate_1,3,0.04666666666666667
8403,candidate_3,candidate_2,candidate_1,3,0.04666666666666667
8404,0,candidate_2,candidate_1,3,0.04666666666666667
8405,candidate_3,candidate_2,candidate_1,3,0.04666666666666667
8406,candidate_3,candidate_2,candidate_1,3,0.04666666666666667
8407,candidate_3,candidate_2,candidate_1,3,0.04666666666666667
8408,candidate_3,candidate_2,candidate_1,3,0.04666666666666667
8409,candidate_3,candidate_2,0,3,0.04666666666666667
8410,candidate_3,candidate_2,candidate_1,3,0.04666666666666667
8411,candidate_3,candidate_2,candidate_1,3,0.04666666666666667
8412,candidate_3,candidate_2,candidate_1,3,0.04666666666666667
8413,candidate_3,candidate_2,candidate_1,3,0.04666666666666667
8414,candidate_3,candidate_2,candidate_1,3,0.04666666666666667
8415,candidate_3,candidate_2,candidate_1,3,0.04666666666666667
8416,candidate_3,candidate_2,candidate_1,3,0.04666666666666667
8417,candidate_3,candidate_2,candidate_1,3,0.04666666666666667
8418,candidate_3,candidate_2,candidate_1,3,0.04666666666666667
8419,candidate_3,candidate_2,candidate_1,3,0.04666666666666667
8420,candidate_3,candidate_2,candidate_1,3,0.04666666666666667
8421,candidate_3,candidate_2,candidate_1,3,0.04666666666666667
8422,0,candidate_2,candidate_1,3,0.04666666666666667
8423,candidate_3,candidate_2,candidate_1,3,0.04666666666666667
8424,candidate_3,candidate_2,candidate_1,3,0.04666666666666667
8425,candidate_3,candidate_2,candidate_1,3,0.04666666666666667
8426,candidate_3,candidate_2,candidate_1,3,0.04666666666666667
8427,candidate_3,candidate_2,candidate_1,3,0.04666666666666667
8428,candidate_3,candidate_2,candidate_1,3,0.04666666666666667
8429,candidate_3,candidate_2,candidate_1,3,0.04666666666666667
8430,candidate_3,candidate_2,candidate_1,3,0.04666666666666667
8431,candidate_3,0,candidate_1,3,0.04666666666666667
8432,candidate_3,candidate_2,candidate_1,3,0.04666666666666667
8433,candidate_3,candidate_2,candidate_1,3,0.04666666666666667
8434,candidate_3,candidate_2,candidate_1,3,0.04666666666666667
8435,candidate_3,candidate_2,candidate_1,3,0.04666666666666667
8436,candidate_3,candidate_2,candidate_1,3,0.04666666666666667
8437,candidate_3,candidate_2,candidate_1,3,0.04666666666666667
8438,candidate_3,candidate_2,candidate_1,3,0.04666666666666667
8439,candidate_3,candidate_2,candidate_1,3,0.04666666666666667
8440,candidate_3,candidate_2,candidate_1,3,0.04666666666666667
8441,0,candidate_2,candidate_1,3,0.04666666666666667
8442,candidate_3,candidate_2,candidate_1,3,0.04666666666666667
8443,candidate_3,candidate_2,candidate_1,3,0.04666666666666667
8444,candidate_3,candidate_2,candidate_1,3,0.04666666666666667
8445,0,0,candidate_1,3,0.04666666666666667
8446,candidate_3,candidate_2,candidate_1,3,0.04666666666666667
8447,candidate_3,candidate_2,candidate_1,3,0.04666666666666667
8448,candidate_3,candidate_2,candidate_1,3,0.04666666666666667
8449,candidate_3,candidate_2,candidate_1,3,0.04666666666666667
8450,candidate_3,candidate_2,candidate_1,3,0.04666666666666667
8451,candidate_3,candidate_2,candidate_1,3,0.04666666666666667
8452,0,0,candidate_1,3,0.04666666666666667
8453,candidate_3,candidate_2,candidate_1,3,0.04666666666666667
8454,candidate_3,candidate_2,candidate_1,3,0.04666666666666667
8455,candidate_3,candidate_2,candidate_1,3,0.04666666666666667
8456,candidate_3,candidate_2,candidate_1,3,0.04666666666666667
8457,candidate_3,candidate_2,candidate_1,3,0.04666666666666667
8458,candidate_3,candidate_2,candidate_1,3,0.04666666666666667
8459,candidate_3,candidate_2,candidate_1,3,0.04666666666666667
8460,candidate_3,candidate_2,candidate_1,3,0.04666666666666667
8461,candidate_3,candidate_2,candidate_1,3,0.04666666666666667
8462,candidate_3,candidate_2,candidate_1,3,0.04666666666666667
8463,candidate_3,candidate_2,candidate_1,3,0.04666666666666667
8464,candidate_3,candidate_2,candidate_1,3,0.04666666666666667
8465,candidate_3,candidate_2,candidate_1,3,0.04666666666666667
8466,candidate_3,0,candidate_1,3,0.04666666666666667
8467,candidate_3,candidate_2,candidate_1,3,0.04666666666666667
8468,candidate_3,candidate_2,candidate_1,3,0.04666666666666667
8469,candidate_3,candidate_2,candidate_1,3,0.04666666666666667
8470,candidate_3,candidate_2,candidate_1,3,0.04666666666666667
8471,0,0,candidate_1,3,0.04666666666666667
8472,candidate_3,candidate_2,candidate_1,3,0.04666666666666667
8473,candidate_3,candidate_2,candidate_1,3,0.04666666666666667
8474,candidate_3,candidate_2,candidate_1,3,0.04666666666666667
8475,candidate_3,candidate_2,candidate_1,3,0.04666666666666667
8476,0,candidate_2,candidate_1,3,0.04666666666666667
8477,candidate_3,candidate_2,candidate_1,3,0.04666666666666667
8478,candidate_3,candidate_2,candidate_1,3,0.04666666666666667
8479,candidate_3,candidate_2,candidate_1,3,0.04666666666666667
8480,candidate_3,candidate_2,candidate_1,3,0.04666666666666667
8481,candidate_3,candidate_2,candidate_1,3,0.04666666666666667
8482,candidate_3,candidate_2,candidate_1,3,0.04666666666666667
8483,candidate_3,candidate_2,candidate_1,3,0.04666666666666667
8484,candidate_3,candidate_2,candidate_1,3,0.04666666666666667
8485,candidate_3,candidate_2,candidate_1,3,0.04666666666666667
8486,candidate_3,candidate_2,candidate_1,3,0.04666666666666667
8487,candidate_3,candidate_2,candidate_1,3,0.04666666666666667
8488,candidate_3,candidate_2,candidate_1,3,0.04666666666666667
8489,candidate_3,candidate_2,candidate_1,3,0.04666666666666667
8490,candidate_3,candidate_2,candidate_1,3,0.04666666666666667
8491,candidate_3,candidate_2,candidate_1,3,0.04666666666666667
8492,candidate_3,candidate_2,candidate_1,3,0.04666666666666667
8493,candidate_3,candidate_2,candidate_1,3,0.04666666666666667
8494,0,candidate_2,candidate_1,3,0.04666666666666667
8495,candidate_3,candidate_2,candidate_1,3,0.04666666666666667
8496,candidate_3,candidate_2,candidate_1,3,0.04666666666666667
8497,candidate_3,candidate_2,candidate_1,3,0.04666666666666667
8498,candidate_3,candidate_2,candidate_1,3,0.04666666666666667
8499,candidate_3,0,candidate_1,3,0.04666666666666667
8500,candidate_3,candidate_2,candidate_1,3,0.04666666666666667
8501,candidate_3,candidate_2,candidate_1,3,0.04666666666666667
8502,candidate_3,0,candidate_1,3,0.04666666666666667
8503,candidate_3,candidate_2,candidate_1,3,0.04666666666666667
8504,candidate_3,candidate_2,candidate_1,3,0.04666666666666667
8505,candidate_3,candidate_2,candidate_1,3,0.04666666666666667
8506,candidate_3,candidate_2,candidate_1,3,0.04666666666666667
8507,candidate_3,candidate_2,candidate_1,3,0.04666666666666667
8508,candidate_3,candidate_2,candidate_1,3,0.04666666666666667
8509,candidate_3,candidate_2,candidate_1,3,0.04666666666666667
8510,candidate_3,candidate_2,candidate_1,3,0.04666666666666667
8511,candidate_3,candidate_2,candidate_1,3,0.04666666666666667
8512,candidate_3,candidate_2,candidate_1,3,0.04666666666666667
8513,candidate_3,candidate_2,candidate_1,3,0.04666666666666667
8514,candidate_3,candidate_2,candidate_1,3,0.04666666666666667
8515,candidate_3,candidate_2,candidate_1,3,0.04666666666666667
8516,candidate_3,candidate_2,candidate_1,3,0.04666666666666667
8517,candidate_3,candidate_2,candidate_1,3,0.04666666666666667
8518,candidate_3,candidate_2,candidate_1,3,0.04666666666666667
8519,candidate_3,candidate_2,candidate_1,3,0.04666666666666667
8520,candidate_3,candidate_2,candidate_1,3,0.04666666666666667
8521,candidate_3,candidate_2,candidate_1,3,0.04666666666666667
8522,candidate_3,candidate_2,candidate_1,3,0.04666666666666667
8523,candidate_3,candidate_2,candidate_1,3,0.04666666666666667
8524,candidate_3,candidate_2,candidate_1,3,0.04666666666666667
8525,candidate_3,candidate_2,candidate_1,3,0.04666666666666667
8526,candidate_3,candidate_2,candidate_1,3,0.04666666666666667
8527,candidate_3,candidate_2,candidate_1,3,0.04666666666666667
8528,candidate_3,candidate_2,candidate_1,3,0.04666666666666667
8529,candidate_3,candidate_2,candidate_1,3,0.04666666666666667
8530,candidate_3,candidate_2,candidate_1,3,0.04666666666666667
8531,candidate_3,candidate_2,candidate_1,3,0.04666666666666667
8532,candidate_3,candidate_2,candidate_1,3,0.04666666666666667
8533,candidate_3,candidate_2,candidate_1,3,0.04666666666666667
8534,candidate_3,candidate_2,0,3,0.04666666666666667
8535,candidate_3,candidate_2,candidate_1,3,0.04666666666666667
8536,0,candidate_2,candidate_1,3,0.04666666666666667
8537,candidate_3,candidate_2,candidate_1,3,0.04666666666666667
8538,candidate_3,candidate_2,candidate_1,3,0.04666666666666667
8539,candidate_3,candidate_2,candidate_1,3,0.04666666666666667
8540,candidate_3,candidate_2,candidate_1,3,0.04666666666666667
8541,candidate_3,candidate_2,candidate_1,3,0.04666666666666667
8542,candidate_3,candidate_2,candidate_1,3,0.04666666666666667
8543,candidate_3,candidate_2,candidate_1,3,0.04666666666666667
8544,candidate_3,candidate_2,0,3,0.04666666666666667
8545,candidate_3,candidate_2,candidate_1,3,0.04666666666666667
8546,candidate_3,candidate_2,candidate_1,3,0.04666666666666667
8547,candidate_3,candidate_2,candidate_1,3,0.04666666666666667
8548,candidate_3,candidate_2,candidate_1,3,0.04666666666666667
8549,candidate_3,candidate_2,candidate_1,3,0.04666666666666667
8550,candidate_3,candidate_2,candidate_1,3,0.04666666666666667
8551,candidate_3,candidate_2,candidate_1,3,0.04666666666666667
8552,candidate_3,candidate_2,candidate_1,3,0.04666666666666667
8553,candidate_3,candidate_2,candidate_1,3,0.04666666666666667
8554,candidate_3,candidate_2,candidate_1,3,0.04666666666666667
8555,candidate_3,candidate_2,candidate_1,3,0.04666666666666667
8556,candidate_3,candidate_2,candidate_1,3,0.04666666666666667
8557,candidate_3,candidate_2,candidate_1,3,0.04666666666666667
8558,candidate_3,candidate_2,candidate_1,3,0.04666666666666667
8559,candidate_3,candidate_2,candidate_1,3,0.04666666666666667
8560,0,candidate_2,candidate_1,3,0.04666666666666667
8561,candidate_3,0,candidate_1,3,0.04666666666666667
8562,candidate_3,candidate_2,candidate_1,3,0.04666666666666667
8563,candidate_3,candidate_2,candidate_1,3,0.04666666666666667
8564,candidate_3,candidate_2,candidate_1,3,0.04666666666666667
8565,candidate_3,candidate_2,candidate_1,3,0.04666666666666667
8566,candidate_3,candidate_2,candidate_1,3,0.04666666666666667
8567,candidate_3,0,candidate_1,3,0.04666666666666667
8568,candidate_3,candidate_2,0,3,0.04666666666666667
8569,candidate_3,candidate_2,candidate_1,3,0.04666666666666667
8570,candidate_3,candidate_2,candidate_1,3,0.04666666666666667
8571,candidate_3,candidate_2,candidate_1,3,0.04666666666666667
8572,candidate_3,candidate_2,candidate_1,3,0.04666666666666667
8573,candidate_3,candidate_2,candidate_1,3,0.04666666666666667
8574,candidate_3,candidate_2,candidate_1,3,0.04666666666666667
8575,candidate_3,candidate_2,candidate_1,3,0.04666666666666667
8576,candidate_3,candidate_2,candidate_1,3,0.04666666666666667
8577,candidate_3,candidate_2,candidate_1,3,0.04666666666666667
8578,candidate_3,candidate_2,candidate_1,3,0.04666666666666667
8579,0,candidate_2,candidate_1,3,0.04666666666666667
8580,candidate_3,candidate_2,candidate_1,3,0.04666666666666667
8581,candidate_3,candidate_2,candidate_1,3,0.04666666666666667
8582,candidate_3,candidate_2,candidate_1,3,0.04666666666666667
8583,candidate_3,candidate_2,candidate_1,3,0.04666666666666667
8584,candidate_3,candidate_2,candidate_1,3,0.04666666666666667
8585,candidate_3,candidate_2,0,3,0.04666666666666667
8586,candidate_3,candidate_2,candidate_1,3,0.04666666666666667
8587,candidate_3,candidate_2,candidate_1,3,0.04666666666666667
8588,candidate_3,candidate_2,candidate_1,3,0.04666666666666667
8589,candidate_3,candidate_2,candidate_1,3,0.04666666666666667
8590,candidate_3,candidate_2,candidate_1,3,0.04666666666666667
8591,candidate_3,candidate_2,candidate_1,3,0.04666666666666667
8592,candidate_3,candidate_2,candidate_1,3,0.04666666666666667
8593,candidate_3,candidate_2,candidate_1,3,0.04666666666666667
8594,candidate_3,candidate_2,candidate_1,3,0.04666666666666667
8595,candidate_3,candidate_2,candidate_1,3,0.04666666666666667
8596,candidate_3,candidate_2,candidate_1,3,0.04666666666666667
8597,candidate_3,candidate_2,0,3,0.04666666666666667
8598,candidate_3,candidate_2,candidate_1,3,0.04666666666666667
8599,candidate_3,candidate_2,candidate_1,3,0.04666666666666667
8600,candidate_3,0,candidate_1,3,0.04666666666666667
8601,candidate_3,candidate_2,candidate_1,3,0.04666666666666667
8602,candidate_3,candidate_2,candidate_1,3,0.04666666666666667
8603,candidate_3,candidate_2,candidate_1,3,0.04666666666666667
8604,candidate_3,candidate_2,candidate_1,3,0.04666666666666667
8605,candidate_3,candidate_2,candidate_1,3,0.04666666666666667
8606,candidate_3,candidate_2,candidate_1,3,0.04666666666666667
8607,candidate_3,candidate_2,candidate_1,3,0.04666666666666667
8608,candidate_3,candidate_2,candidate_1,3,0.04666666666666667
8609,candidate_3,candidate_2,candidate_1,3,0.04666666666666667
8610,candidate_3,candidate_2,candidate_1,3,0.04666666666666667
8611,candidate_3,candidate_2,candidate_1,3,0.04666666666666667
8612,candidate_3,candidate_2,candidate_1,3,0.04666666666666667
8613,candidate_3,0,candidate_1,3,0.04666666666666667
8614,candidate_3,candidate_2,candidate_1,3,0.04666666666666667
8615,0,candidate_2,0,3,0.04666666666666667
8616,candidate_3,candidate_2,candidate_1,3,0.04666666666666667
8617,candidate_3,candidate_2,candidate_1,3,0.04666666666666667
8618,candidate_3,candidate_2,candidate_1,3,0.04666666666666667
8619,candidate_3,candidate_2,candidate_1,3,0.04666666666666667
8620,candidate_3,candidate_2,candidate_1,3,0.04666666666666667
8621,candidate_3,candidate_2,candidate_1,3,0.04666666666666667
8622,candidate_3,candidate_2,candidate_1,3,0.04666666666666667
8623,candidate_3,candidate_2,candidate_1,3,0.04666666666666667
8624,candidate_3,candidate_2,candidate_1,3,0.04666666666666667
8625,candidate_3,candidate_2,candidate_1,3,0.04666666666666667
8626,candidate_3,candidate_2,candidate_1,3,0.04666666666666667
8627,candidate_3,candidate_2,candidate_1,3,0.04666666666666667
8628,candidate_3,candidate_2,candidate_1,3,0.04666666666666667
8629,candidate_3,candidate_2,candidate_1,3,0.04666666666666667
8630,candidate_3,candidate_2,candidate_1,3,0.04666666666666667
8631,candidate_3,candidate_2,candidate_1,3,0.04666666666666667
8632,candidate_3,candidate_2,candidate_1,3,0.04666666666666667
8633,candidate_3,candidate_2,candidate_1,3,0.04666666666666667
8634,candidate_3,candidate_2,0,3,0.04666666666666667
8635,candidate_3,candidate_2,candidate_1,3,0.04666666666666667
8636,candidate_3,0,candidate_1,3,0.04666666666666667
8637,candidate_3,candidate_2,candidate_1,3,0.04666666666666667
8638,candidate_3,candidate_2,0,3,0.04666666666666667
8639,candidate_3,candidate_2,candidate_1,3,0.04666666666666667
8640,candidate_3,candidate_2,candidate_1,3,0.04666666666666667
8641,candidate_3,candidate_2,candidate_1,3,0.04666666666666667
8642,candidate_3,candidate_2,candidate_1,3,0.04666666666666667
8643,0,candidate_2,candidate_1,3,0.04666666666666667
8644,candidate_3,candidate_2,candidate_1,3,0.04666666666666667
8645,candidate_3,candidate_2,candidate_1,3,0.04666666666666667
8646,candidate_3,0,candidate_1,3,0.04666666666666667
8647,candidate_3,candidate_2,candidate_1,3,0.04666666666666667
8648,candidate_3,candidate_2,candidate_1,3,0.04666666666666667
8649,candidate_3,candidate_2,candidate_1,3,0.04666666666666667
8650,candidate_3,candidate_2,candidate_1,3,0.04666666666666667
8651,candidate_3,candidate_2,candidate_1,3,0.04666666666666667
8652,0,candidate_2,candidate_1,3,0.04666666666666667
8653,candidate_3,candidate_2,candidate_1,3,0.04666666666666667
8654,candidate_3,0,candidate_1,3,0.04666666666666667
8655,candidate_3,candidate_2,candidate_1,3,0.04666666666666667
8656,candidate_3,candidate_2,candidate_1,3,0.04666666666666667
8657,candidate_3,candidate_2,candidate_1,3,0.04666666666666667
8658,candidate_3,candidate_2,candidate_1,3,0.04666666666666667
8659,candidate_3,candidate_2,candidate_1,3,0.04666666666666667
8660,candidate_3,candidate_2,candidate_1,3,0.04666666666666667
8661,candidate_3,candidate_2,candidate_1,3,0.04666666666666667
8662,candidate_3,candidate_2,candidate_1,3,0.04666666666666667
8663,candidate_3,candidate_2,candidate_1,3,0.04666666666666667
8664,candidate_3,candidate_2,candidate_1,3,0.04666666666666667
8665,candidate_3,candidate_2,candidate_1,3,0.04666666666666667
8666,candidate_3,candidate_2,candidate_1,3,0.04666666666666667
8667,candidate_3,candidate_2,candidate_1,3,0.04666666666666667
8668,candidate_3,candidate_2,candidate_1,3,0.04666666666666667
8669,candidate_3,candidate_2,candidate_1,3,0.04666666666666667
8670,0,candidate_2,candidate_1,3,0.04666666666666667
8671,candidate_3,candidate_2,candidate_1,3,0.04666666666666667
8672,candidate_3,candidate_2,candidate_1,3,0.04666666666666667
8673,candidate_3,candidate_2,candidate_1,3,0.04666666666666667
8674,candidate_3,candidate_2,candidate_1,3,0.04666666666666667
8675,candidate_3,candidate_2,candidate_1,3,0.04666666666666667
8676,candidate_3,candidate_2,0,3,0.04666666666666667
8677,candidate_3,candidate_2,candidate_1,3,0.04666666666666667
8678,candidate_3,candidate_2,candidate_1,3,0.04666666666666667
8679,candidate_3,0,candidate_1,3,0.04666666666666667
8680,candidate_3,candidate_2,candidate_1,3,0.04666666666666667
8681,candidate_3,candidate_2,candidate_1,3,0.04666666666666667
8682,candidate_3,candidate_2,candidate_1,3,0.04666666666666667
8683,candidate_3,candidate_2,candidate_1,3,0.04666666666666667
8684,candidate_3,0,candidate_1,3,0.04666666666666667
8685,candidate_3,candidate_2,candidate_1,3,0.04666666666666667
8686,candidate_3,candidate_2,candidate_1,3,0.04666666666666667
8687,candidate_3,candidate_2,candidate_1,3,0.04666666666666667
8688,candidate_3,candidate_2,candidate_1,3,0.04666666666666667
8689,candidate_3,candidate_2,candidate_1,3,0.04666666666666667
8690,candidate_3,candidate_2,candidate_1,3,0.04666666666666667
8691,candidate_3,candidate_2,candidate_1,3,0.04666666666666667
8692,candidate_3,candidate_2,candidate_1,3,0.04666666666666667
8693,candidate_3,candidate_2,candidate_1,3,0.04666666666666667
8694,candidate_3,candidate_2,candidate_1,3,0.04666666666666667
8695,candidate_3,candidate_2,candidate_1,3,0.04666666666666667
8696,candidate_3,candidate_2,candidate_1,3,0.04666666666666667
8697,candidate_3,candidate_2,candidate_1,3,0.04666666666666667
8698,candidate_3,candidate_2,candidate_1,3,0.04666666666666667
8699,candidate_3,candidate_2,candidate_1,3,0.04666666666666667
8700,candidate_3,candidate_2,candidate_1,3,0.04666666666666667
8701,candidate_3,candidate_2,candidate_1,3,0.04666666666666667
8702,candidate_3,candidate_2,candidate_1,3,0.04666666666666667
8703,candidate_3,candidate_2,candidate_1,3,0.04666666666666667
8704,candidate_3,candidate_2,candidate_1,3,0.04666666666666667
8705,candidate_3,candidate_2,candidate_1,3,0.04666666666666667
8706,candidate_3,candidate_2,candidate_1,3,0.04666666666666667
8707,candidate_3,candidate_2,candidate_1,3,0.04666666666666667
8708,candidate_3,candidate_2,candidate_1,3,0.04666666666666667
8709,candidate_3,candidate_2,0,3,0.04666666666666667
8710,candidate_3,candidate_2,candidate_1,3,0.04666666666666667
8711,candidate_3,candidate_2,candidate_1,3,0.04666666666666667
8712,candidate_3,candidate_2,candidate_1,3,0.04666666666666667
8713,candidate_3,candidate_2,candidate_1,3,0.04666666666666667
8714,candidate_3,candidate_2,candidate_1,3,0.04666666666666667
8715,candidate_3,candidate_2,0,3,0.04666666666666667
8716,candidate_3,candidate_2,candidate_1,3,0.04666666666666667
8717,candidate_3,candidate_2,candidate_1,3,0.04666666666666667
8718,candidate_3,candidate_2,candidate_1,3,0.04666666666666667
8719,candidate_3,candidate_2,candidate_1,3,0.04666666666666667
8720,candidate_3,candidate_2,candidate_1,3,0.04666666666666667
8721,candidate_3,candidate_2,candidate_1,3,0.04666666666666667
8722,candidate_3,candidate_2,candidate_1,3,0.04666666666666667
8723,candidate_3,candidate_2,candidate_1,3,0.04666666666666667
8724,candidate_3,candidate_2,candidate_1,3,0.04666666666666667
8725,candidate_3,candidate_2,candidate_1,3,0.04666666666666667
8726,candidate_3,candidate_2,candidate_1,3,0.04666666666666667
8727,candidate_3,candidate_2,candidate_1,3,0.04666666666666667
8728,candidate_3,candidate_2,candidate_1,3,0.04666666666666667
8729,candidate_3,candidate_2,candidate_1,3,0.04666666666666667
8730,candidate_3,candidate_2,candidate_1,3,0.04666666666666667
8731,candidate_3,candidate_2,candidate_1,3,0.04666666666666667
8732,candidate_3,candidate_2,candidate_1,3,0.04666666666666667
8733,candidate_3,candidate_2,candidate_1,3,0.04666666666666667
8734,candidate_3,candidate_2,candidate_1,3,0.04666666666666667
8735,candidate_3,candidate_2,candidate_1,3,0.04666666666666667
8736,candidate_3,candidate_2,candidate_1,3,0.04666666666666667
8737,candidate_3,candidate_2,candidate_1,3,0.04666666666666667
8738,candidate_3,candidate_2,candidate_1,3,0.04666666666666667
8739,candidate_3,candidate_2,candidate_1,3,0.04666666666666667
8740,candidate_3,candidate_2,candidate_1,3,0.04666666666666667
8741,candidate_3,candidate_2,candidate_1,3,0.04666666666666667
8742,candidate_3,candidate_2,candidate_1,3,0.04666666666666667
8743,candidate_3,candidate_2,candidate_1,3,0.04666666666666667
8744,candidate_3,candidate_2,candidate_1,3,0.04666666666666667
8745,candidate_3,candidate_2,0,3,0.04666666666666667
8746,candidate_3,candidate_2,candidate_1,3,0.04666666666666667
8747,candidate_3,candidate_2,candidate_1,3,0.04666666666666667
8748,candidate_3,candidate_2,candidate_1,3,0.04666666666666667
8749,candidate_3,candidate_2,candidate_1,3,0.04666666666666667
8750,candidate_3,candidate_2,candidate_1,3,0.04666666666666667
8751,candidate_3,candidate_2,candidate_1,3,0.04666666666666667
8752,candidate_3,candidate_2,candidate_1,3,0.04666666666666667
8753,candidate_3,candidate_2,candidate_1,3,0.04666666666666667
8754,candidate_3,candidate_2,candidate_1,3,0.04666666666666667
8755,candidate_3,candidate_2,candidate_1,3,0.04666666666666667
8756,candidate_3,candidate_2,candidate_1,3,0.04666666666666667
8757,candidate_3,candidate_2,candidate_1,3,0.04666666666666667
8758,candidate_3,candidate_2,candidate_1,3,0.04666666666666667
8759,candidate_3,candidate_2,candidate_1,3,0.04666666666666667
8760,candidate_3,candidate_2,candidate_1,3,0.04666666666666667
8761,candidate_3,candidate_2,candidate_1,3,0.04666666666666667
8762,candidate_3,candidate_2,candidate_1,3,0.04666666666666667
8763,candidate_3,0,candidate_1,3,0.04666666666666667
8764,candidate_3,candidate_2,candidate_1,3,0.04666666666666667
8765,candidate_3,candidate_2,candidate_1,3,0.04666666666666667
8766,candidate_3,candidate_2,candidate_1,3,0.04666666666666667
8767,candidate_3,candidate_2,candidate_1,3,0.04666666666666667
8768,candidate_3,candidate_2,candidate_1,3,0.04666666666666667
8769,candidate_3,candidate_2,candidate_1,3,0.04666666666666667
8770,candidate_3,candidate_2,candidate_1,3,0.04666666666666667
8771,candidate_3,candidate_2,candidate_1,3,0.04666666666666667
8772,candidate_3,candidate_2,candidate_1,3,0.04666666666666667
8773,candidate_3,candidate_2,candidate_1,3,0.04666666666666667
8774,candidate_3,candidate_2,candidate_1,3,0.04666666666666667
8775,candidate_3,candidate_2,candidate_1,3,0.04666666666666667
8776,candidate_3,candidate_2,candidate_1,3,0.04666666666666667
8777,candidate_3,candidate_2,candidate_1,3,0.04666666666666667
8778,candidate_3,candidate_2,candidate_1,3,0.04666666666666667
8779,candidate_3,candidate_2,0,3,0.04666666666666667
8780,candidate_3,candidate_2,candidate_1,3,0.04666666666666667
8781,candidate_3,candidate_2,candidate_1,3,0.04666666666666667
8782,candidate_3,candidate_2,candidate_1,3,0.04666666666666667
8783,candidate_3,candidate_2,candidate_1,3,0.04666666666666667
8784,candidate_3,candidate_2,0,3,0.04666666666666667
8785,candidate_3,candidate_2,candidate_1,3,0.04666666666666667
8786,candidate_3,candidate_2,candidate_1,3,0.04666666666666667
8787,candidate_3,candidate_2,candidate_1,3,0.04666666666666667
8788,candidate_3,candidate_2,candidate_1,3,0.04666666666666667
8789,candidate_3,candidate_2,candidate_1,3,0.04666666666666667
8790,candidate_3,candidate_2,candidate_1,3,0.04666666666666667
8791,candidate_3,candidate_2,candidate_1,3,0.04666666666666667
8792,candidate_3,candidate_2,candidate_1,3,0.04666666666666667
8793,candidate_3,candidate_2,0,3,0.04666666666666667
8794,candidate_3,candidate_2,candidate_1,3,0.04666666666666667
8795,candidate_3,candidate_2,candidate_1,3,0.04666666666666667
8796,candidate_3,candidate_2,candidate_1,3,0.04666666666666667
8797,candidate_3,candidate_2,candidate_1,3,0.04666666666666667
8798,candidate_3,candidate_2,candidate_1,3,0.04666666666666667
8799,candidate_3,candidate_2,candidate_1,3,0.04666666666666667
8800,candidate_3,candidate_2,candidate_1,3,0.04666666666666667
8801,candidate_3,candidate_2,candidate_1,3,0.04666666666666667
8802,candidate_3,0,candidate_1,3,0.04666666666666667
8803,candidate_3,candidate_2,candidate_1,3,0.04666666666666667
8804,candidate_3,0,candidate_1,3,0.04666666666666667
8805,candidate_3,candidate_2,candidate_1,3,0.04666666666666667
8806,candidate_3,candidate_2,candidate_1,3,0.04666666666666667
8807,candidate_3,candidate_2,candidate_1,3,0.04666666666666667
8808,0,candidate_2,candidate_1,3,0.04666666666666667
8809,candidate_3,candidate_2,candidate_1,3,0.04666666666666667
8810,candidate_3,candidate_2,candidate_1,3,0.04666666666666667
8811,candidate_3,candidate_2,candidate_1,3,0.04666666666666667
8812,candidate_3,candidate_2,candidate_1,3,0.04666666666666667
8813,candidate_3,candidate_2,candidate_1,3,0.04666666666666667
8814,candidate_3,candidate_2,candidate_1,3,0.04666666666666667
8815,candidate_3,candidate_2,candidate_1,3,0.04666666666666667
8816,candidate_3,candidate_2,0,3,0.04666666666666667
8817,candidate_3,candidate_2,candidate_1,3,0.04666666666666667
8818,candidate_3,0,candidate_1,3,0.04666666666666667
8819,candidate_3,candidate_2,candidate_1,3,0.04666666666666667
8820,candidate_3,candidate_2,candidate_1,3,0.04666666666666667
8821,candidate_3,candidate_2,0,3,0.04666666666666667
8822,candidate_3,candidate_2,candidate_1,3,0.04666666666666667
8823,candidate_3,candidate_2,candidate_1,3,0.04666666666666667
8824,candidate_3,candidate_2,0,3,0.04666666666666667
8825,candidate_3,candidate_2,candidate_1,3,0.04666666666666667
8826,candidate_3,candidate_2,candidate_1,3,0.04666666666666667
8827,candidate_3,candidate_2,candidate_1,3,0.04666666666666667
8828,candidate_3,candidate_2,candidate_1,3,0.04666666666666667
8829,candidate_3,candidate_2,candidate_1,3,0.04666666666666667
8830,candidate_3,candidate_2,candidate_1,3,0.04666666666666667
8831,candidate_3,candidate_2,candidate_1,3,0.04666666666666667
8832,candidate_3,candidate_2,candidate_1,3,0.04666666666666667
8833,candidate_3,candidate_2,candidate_1,3,0.04666666666666667
8834,candidate_3,candidate_2,candidate_1,3,0.04666666666666667
8835,candidate_3,candidate_2,candidate_1,3,0.04666666666666667
8836,candidate_3,candidate_2,candidate_1,3,0.04666666666666667
8837,candidate_3,candidate_2,candidate_1,3,0.04666666666666667
8838,candidate_3,0,candidate_1,3,0.04666666666666667
8839,candidate_3,candidate_2,candidate_1,3,0.04666666666666667
8840,candidate_3,candidate_2,candidate_1,3,0.04666666666666667
8841,candidate_3,candidate_2,candidate_1,3,0.04666666666666667
8842,candidate_3,candidate_2,candidate_1,3,0.04666666666666667
8843,candidate_3,candidate_2,candidate_1,3,0.04666666666666667
8844,candidate_3,candidate_2,candidate_1,3,0.04666666666666667
8845,candidate_3,candidate_2,candidate_1,3,0.04666666666666667
8846,candidate_3,candidate_2,candidate_1,3,0.04666666666666667
8847,candidate_3,candidate_2,0,3,0.04666666666666667
8848,candidate_3,candidate_2,candidate_1,3,0.04666666666666667
8849,candidate_3,candidate_2,candidate_1,3,0.04666666666666667
8850,candidate_3,candidate_2,0,3,0.04666666666666667
8851,candidate_3,candidate_2,candidate_1,3,0.04666666666666667
8852,candidate_3,candidate_2,0,3,0.04666666666666667
8853,candidate_3,candidate_2,candidate_1,3,0.04666666666666667
8854,candidate_3,candidate_2,candidate_1,3,0.04666666666666667
8855,candidate_3,0,candidate_1,3,0.04666666666666667
8856,candidate_3,0,candidate_1,3,0.04666666666666667
8857,candidate_3,candidate_2,candidate_1,3,0.04666666666666667
8858,candidate_3,candidate_2,candidate_1,3,0.04666666666666667
8859,candidate_3,candidate_2,candidate_1,3,0.04666666666666667
8860,candidate_3,candidate_2,candidate_1,3,0.04666666666666667
8861,0,candidate_2,candidate_1,3,0.04666666666666667
8862,candidate_3,candidate_2,candidate_1,3,0.04666666666666667
8863,candidate_3,candidate_2,candidate_1,3,0.04666666666666667
8864,candidate_3,candidate_2,candidate_1,3,0.04666666666666667
8865,candidate_3,candidate_2,candidate_1,3,0.04666666666666667
8866,candidate_3,candidate_2,candidate_1,3,0.04666666666666667
8867,candidate_3,candidate_2,candidate_1,3,0.04666666666666667
8868,candidate_3,candidate_2,candidate_1,3,0.04666666666666667
8869,candidate_3,candidate_2,candidate_1,3,0.04666666666666667
8870,candidate_3,candidate_2,candidate_1,3,0.04666666666666667
8871,candidate_3,candidate_2,candidate_1,3,0.04666666666666667
8872,candidate_3,candidate_2,candidate_1,3,0.04666666666666667
8873,candidate_3,candidate_2,candidate_1,3,0.04666666666666667
8874,candidate_3,candidate_2,candidate_1,3,0.04666666666666667
8875,candidate_3,candidate_2,candidate_1,3,0.04666666666666667
8876,candidate_3,candidate_2,candidate_1,3,0.04666666666666667
8877,candidate_3,candidate_2,candidate_1,3,0.04666666666666667
8878,candidate_3,0,candidate_1,3,0.04666666666666667
8879,candidate_3,candidate_2,candidate_1,3,0.04666666666666667
8880,candidate_3,0,candidate_1,3,0.04666666666666667
8881,candidate_3,0,candidate_1,3,0.04666666666666667
8882,0,candidate_2,candidate_1,3,0.04666666666666667
8883,candidate_3,candidate_2,candidate_1,3,0.04666666666666667
8884,candidate_3,candidate_2,candidate_1,3,0.04666666666666667
8885,candidate_3,candidate_2,candidate_1,3,0.04666666666666667
8886,candidate_3,candidate_2,candidate_1,3,0.04666666666666667
8887,candidate_3,candidate_2,candidate_1,3,0.04666666666666667
8888,candidate_3,candidate_2,candidate_1,3,0.04666666666666667
8889,candidate_3,candidate_2,candidate_1,3,0.04666666666666667
8890,candidate_3,candidate_2,candidate_1,3,0.04666666666666667
8891,candidate_3,candidate_2,candidate_1,3,0.04666666666666667
8892,candidate_3,candidate_2,candidate_1,3,0.04666666666666667
8893,candidate_3,candidate_2,candidate_1,3,0.04666666666666667
8894,candidate_3,candidate_2,candidate_1,3,0.04666666666666667
8895,candidate_3,candidate_2,candidate_1,3,0.04666666666666667
8896,candidate_3,candidate_2,candidate_1,3,0.04666666666666667
8897,candidate_3,candidate_2,candidate_1,3,0.04666666666666667
8898,candidate_3,candidate_2,candidate_1,3,0.04666666666666667
8899,candidate_3,candidate_2,candidate_1,3,0.04666666666666667
8900,candidate_3,candidate_2,candidate_1,3,0.04666666666666667
8901,candidate_3,candidate_2,candidate_1,3,0.04666666666666667
8902,candidate_3,candidate_2,candidate_1,3,0.04666666666666667
8903,candidate_3,candidate_2,candidate_1,3,0.04666666666666667
8904,candidate_3,candidate_2,candidate_1,3,0.04666666666666667
8905,candidate_3,candidate_2,candidate_1,3,0.04666666666666667
8906,candidate_3,candidate_2,candidate_1,3,0.04666666666666667
8907,candidate_3,candidate_2,candidate_1,3,0.04666666666666667
8908,candidate_3,candidate_2,candidate_1,3,0.04666666666666667
8909,candidate_3,candidate_2,candidate_1,3,0.04666666666666667
8910,candidate_3,candidate_2,candidate_1,3,0.04666666666666667
8911,candidate_3,candidate_2,candidate_1,3,0.04666666666666667
8912,candidate_3,candidate_2,candidate_1,3,0.04666666666666667
8913,candidate_3,candidate_2,candidate_1,3,0.04666666666666667
8914,candidate_3,candidate_2,candidate_1,3,0.04666666666666667
8915,candidate_3,candidate_2,candidate_1,3,0.04666666666666667
8916,candidate_3,candidate_2,candidate_1,3,0.04666666666666667
8917,candidate_3,candidate_2,candidate_1,3,0.04666666666666667
8918,candidate_3,candidate_2,candidate_1,3,0.04666666666666667
8919,candidate_3,candidate_2,candidate_1,3,0.04666666666666667
8920,candidate_3,candidate_2,candidate_1,3,0.04666666666666667
8921,candidate_3,candidate_2,candidate_1,3,0.04666666666666667
8922,candidate_3,candidate_2,candidate_1,3,0.04666666666666667
8923,candidate_3,candidate_2,candidate_1,3,0.04666666666666667
8924,candidate_3,candidate_2,candidate_1,3,0.04666666666666667
8925,candidate_3,candidate_2,candidate_1,3,0.04666666666666667
8926,candidate_3,candidate_2,candidate_1,3,0.04666666666666667
8927,candidate_3,candidate_2,candidate_1,3,0.04666666666666667
8928,candidate_3,candidate_2,candidate_1,3,0.04666666666666667
8929,candidate_3,candidate_2,candidate_1,3,0.04666666666666667
8930,candidate_3,candidate_2,candidate_1,3,0.04666666666666667
8931,candidate_3,candidate_2,candidate_1,3,0.04666666666666667
8932,candidate_3,candidate_2,candidate_1,3,0.04666666666666667
8933,candidate_3,candidate_2,candidate_1,3,0.04666666666666667
8934,candidate_3,candidate_2,candidate_1,3,0.04666666666666667
8935,candidate_3,0,candidate_1,3,0.04666666666666667
8936,candidate_3,candidate_2,candidate_1,3,0.04666666666666667
8937,candidate_3,candidate_2,candidate_1,3,0.04666666666666667
8938,candidate_3,candidate_2,candidate_1,3,0.04666666666666667
8939,candidate_3,candidate_2,0,3,0.04666666666666667
8940,candidate_3,candidate_2,candidate_1,3,0.04666666666666667
8941,candidate_3,candidate_2,0,3,0.04666666666666667
8942,candidate_3,candidate_2,candidate_1,3,0.04666666666666667
8943,candidate_3,candidate_2,candidate_1,3,0.04666666666666667
8944,candidate_3,candidate_2,candidate_1,3,0.04666666666666667
8945,candidate_3,candidate_2,candidate_1,3,0.04666666666666667
8946,candidate_3,candidate_2,candidate_1,3,0.04666666666666667
8947,candidate_3,candidate_2,candidate_1,3,0.04666666666666667
8948,candidate_3,0,candidate_1,3,0.04666666666666667
8949,candidate_3,candidate_2,candidate_1,3,0.04666666666666667
8950,candidate_3,candidate_2,candidate_1,3,0.04666666666666667
8951,candidate_3,candidate_2,candidate_1,3,0.04666666666666667
8952,candidate_3,candidate_2,candidate_1,3,0.04666666666666667
8953,candidate_3,candidate_2,candidate_1,3,0.04666666666666667
8954,candidate_3,candidate_2,candidate_1,3,0.04666666666666667
8955,candidate_3,candidate_2,0,3,0.04666666666666667
8956,candidate_3,candidate_2,candidate_1,3,0.04666666666666667
8957,candidate_3,candidate_2,candidate_1,3,0.04666666666666667
8958,candidate_3,candidate_2,candidate_1,3,0.04666666666666667
8959,candidate_3,candidate_2,candidate_1,3,0.04666666666666667
8960,candidate_3,candidate_2,candidate_1,3,0.04666666666666667
8961,candidate_3,candidate_2,candidate_1,3,0.04666666666666667
8962,candidate_3,candidate_2,candidate_1,3,0.04666666666666667
8963,candidate_3,candidate_2,candidate_1,3,0.04666666666666667
8964,candidate_3,candidate_2,candidate_1,3,0.04666666666666667
8965,candidate_3,candidate_2,candidate_1,3,0.04666666666666667
8966,candidate_3,0,candidate_1,3,0.04666666666666667
8967,candidate_3,candidate_2,candidate_1,3,0.04666666666666667
8968,candidate_3,candidate_2,candidate_1,3,0.04666666666666667
8969,candidate_3,candidate_2,candidate_1,3,0.04666666666666667
8970,candidate_3,candidate_2,candidate_1,3,0.04666666666666667
8971,0,candidate_2,candidate_1,3,0.04666666666666667
8972,candidate_3,0,candidate_1,3,0.04666666666666667
8973,candidate_3,candidate_2,candidate_1,3,0.04666666666666667
8974,candidate_3,candidate_2,candidate_1,3,0.04666666666666667
8975,candidate_3,candidate_2,candidate_1,3,0.04666666666666667
8976,candidate_3,0,candidate_1,3,0.04666666666666667
8977,candidate_3,candidate_2,candidate_1,3,0.04666666666666667
8978,candidate_3,candidate_2,candidate_1,3,0.04666666666666667
8979,candidate_3,candidate_2,candidate_1,3,0.04666666666666667
8980,candidate_3,candidate_2,candidate_1,3,0.04666666666666667
8981,candidate_3,candidate_2,candidate_1,3,0.04666666666666667
8982,candidate_3,candidate_2,candidate_1,3,0.04666666666666667
8983,candidate_3,candidate_2,0,3,0.04666666666666667
8984,candidate_3,candidate_2,candidate_1,3,0.04666666666666667
8985,candidate_3,candidate_2,candidate_1,3,0.04666666666666667
8986,candidate_3,candidate_2,candidate_1,3,0.04666666666666667
8987,candidate_3,candidate_2,candidate_1,3,0.04666666666666667
8988,candidate_3,candidate_2,candidate_1,3,0.04666666666666667
8989,candidate_3,candidate_2,candidate_1,3,0.04666666666666667
8990,candidate_3,candidate_2,candidate_1,3,0.04666666666666667
8991,candidate_3,candidate_2,candidate_1,3,0.04666666666666667
8992,candidate_3,0,candidate_1,3,0.04666666666666667
8993,candidate_3,candidate_2,candidate_1,3,0.04666666666666667
8994,candidate_3,candidate_2,candidate_1,3,0.04666666666666667
8995,candidate_3,candidate_2,candidate_1,3,0.04666666666666667
8996,candidate_3,candidate_2,candidate_1,3,0.04666666666666667
8997,candidate_3,candidate_2,candidate_1,3,0.04666666666666667
8998,candidate_3,candidate_2,candidate_1,3,0.04666666666666667
8999,candidate_3,candidate_2,candidate_1,3,0.04666666666666667
9000,candidate_3,candidate_2,0,3,0.04666666666666667
9001,candidate_3,candidate_2,0,3,0.04666666666666667
9002,0,candidate_2,candidate_1,3,0.04666666666666667
9003,candidate_3,candidate_2,0,3,0.04666666666666667
9004,candidate_3,candidate_2,candidate_1,3,0.04666666666666667
9005,0,candidate_2,candidate_1,3,0.04666666666666667
9006,candidate_3,candidate_2,0,3,0.04666666666666667
9007,candidate_3,candidate_2,candidate_1,3,0.04666666666666667
9008,candidate_3,candidate_2,candidate_1,3,0.04666666666666667
9009,candidate_3,candidate_2,candidate_1,3,0.04666666666666667
9010,candidate_3,candidate_2,candidate_1,3,0.04666666666666667
9011,candidate_3,candidate_2,candidate_1,3,0.04666666666666667
9012,candidate_3,candidate_2,candidate_1,3,0.04666666666666667
9013,candidate_3,candidate_2,candidate_1,3,0.04666666666666667
9014,candidate_3,candidate_2,candidate_1,3,0.04666666666666667
9015,candidate_3,0,candidate_1,3,0.04666666666666667
9016,candidate_3,candidate_2,candidate_1,3,0.04666666666666667
9017,candidate_3,candidate_2,0,3,0.04666666666666667
9018,0,candidate_2,candidate_1,3,0.04666666666666667
9019,candidate_3,candidate_2,candidate_1,3,0.04666666666666667
9020,candidate_3,candidate_2,candidate_1,3,0.04666666666666667
9021,candidate_3,candidate_2,candidate_1,3,0.04666666666666667
9022,candidate_3,candidate_2,candidate_1,3,0.04666666666666667
9023,candidate_3,candidate_2,candidate_1,3,0.04666666666666667
9024,candidate_3,candidate_2,candidate_1,3,0.04666666666666667
9025,candidate_3,candidate_2,candidate_1,3,0.04666666666666667
9026,candidate_3,candidate_2,candidate_1,3,0.04666666666666667
9027,candidate_3,candidate_2,candidate_1,3,0.04666666666666667
9028,candidate_3,candidate_2,candidate_1,3,0.04666666666666667
9029,candidate_3,candidate_2,candidate_1,3,0.04666666666666667
9030,candidate_3,candidate_2,candidate_1,3,0.04666666666666667
9031,candidate_3,candidate_2,candidate_1,3,0.04666666666666667
9032,0,candidate_2,candidate_1,3,0.04666666666666667
9033,candidate_3,candidate_2,candidate_1,3,0.04666666666666667
9034,candidate_3,candidate_2,candidate_1,3,0.04666666666666667
9035,candidate_3,candidate_2,candidate_1,3,0.04666666666666667
9036,candidate_3,candidate_2,candidate_1,3,0.04666666666666667
9037,candidate_3,candidate_2,candidate_1,3,0.04666666666666667
9038,0,0,candidate_1,3,0.04666666666666667
9039,candidate_3,0,candidate_1,3,0.04666666666666667
9040,candidate_3,candidate_2,candidate_1,3,0.04666666666666667
9041,candidate_3,candidate_2,candidate_1,3,0.04666666666666667
9042,candidate_3,candidate_2,candidate_1,3,0.04666666666666667
9043,candidate_3,candidate_2,candidate_1,3,0.04666666666666667
9044,candidate_3,0,candidate_1,3,0.04666666666666667
9045,candidate_3,candidate_2,candidate_1,3,0.04666666666666667
9046,candidate_3,candidate_2,candidate_1,3,0.04666666666666667
9047,candidate_3,candidate_2,candidate_1,3,0.04666666666666667
9048,candidate_3,candidate_2,candidate_1,3,0.04666666666666667
9049,candidate_3,candidate_2,candidate_1,3,0.04666666666666667
9050,candidate_3,candidate_2,candidate_1,3,0.04666666666666667
9051,0,candidate_2,candidate_1,3,0.04666666666666667
9052,candidate_3,candidate_2,candidate_1,3,0.04666666666666667
9053,candidate_3,candidate_2,candidate_1,3,0.04666666666666667
9054,candidate_3,candidate_2,candidate_1,3,0.04666666666666667
9055,candidate_3,candidate_2,candidate_1,3,0.04666666666666667
9056,candidate_3,candidate_2,candidate_1,3,0.04666666666666667
9057,candidate_3,candidate_2,candidate_1,3,0.04666666666666667
9058,candidate_3,candidate_2,candidate_1,3,0.04666666666666667
9059,candidate_3,candidate_2,candidate_1,3,0.04666666666666667
9060,candidate_3,candidate_2,candidate_1,3,0.04666666666666667
9061,0,candidate_2,candidate_1,3,0.04666666666666667
9062,candidate_3,candidate_2,candidate_1,3,0.04666666666666667
9063,0,candidate_2,candidate_1,3,0.04666666666666667
9064,candidate_3,candidate_2,candidate_1,3,0.04666666666666667
9065,0,candidate_2,candidate_1,3,0.04666666666666667
9066,candidate_3,candidate_2,candidate_1,3,0.04666666666666667
9067,candidate_3,candidate_2,candidate_1,3,0.04666666666666667
9068,candidate_3,candidate_2,candidate_1,3,0.04666666666666667
9069,candidate_3,candidate_2,candidate_1,3,0.04666666666666667
9070,candidate_3,candidate_2,candidate_1,3,0.04666666666666667
9071,candidate_3,candidate_2,candidate_1,3,0.04666666666666667
9072,candidate_3,candidate_2,candidate_1,3,0.04666666666666667
9073,candidate_3,candidate_2,candidate_1,3,0.04666666666666667
9074,candidate_3,candidate_2,candidate_1,3,0.04666666666666667
9075,candidate_3,candidate_2,0,3,0.04666666666666667
9076,candidate_3,candidate_2,candidate_1,3,0.04666666666666667
9077,candidate_3,candidate_2,candidate_1,3,0.04666666666666667
9078,candidate_3,candidate_2,candidate_1,3,0.04666666666666667
9079,candidate_3,candidate_2,candidate_1,3,0.04666666666666667
9080,candidate_3,candidate_2,candidate_1,3,0.04666666666666667
9081,candidate_3,candidate_2,candidate_1,3,0.04666666666666667
9082,candidate_3,candidate_2,candidate_1,3,0.04666666666666667
9083,candidate_3,candidate_2,candidate_1,3,0.04666666666666667
9084,candidate_3,candidate_2,candidate_1,3,0.04666666666666667
9085,candidate_3,candidate_2,candidate_1,3,0.04666666666666667
9086,candidate_3,candidate_2,candidate_1,3,0.04666666666666667
9087,candidate_3,candidate_2,candidate_1,3,0.04666666666666667
9088,candidate_3,candidate_2,candidate_1,3,0.04666666666666667
9089,candidate_3,candidate_2,candidate_1,3,0.04666666666666667
9090,candidate_3,candidate_2,candidate_1,3,0.04666666666666667
9091,0,candidate_2,candidate_1,3,0.04666666666666667
9092,candidate_3,candidate_2,candidate_1,3,0.04666666666666667
9093,candidate_3,candidate_2,candidate_1,3,0.04666666666666667
9094,candidate_3,candidate_2,candidate_1,3,0.04666666666666667
9095,candidate_3,candidate_2,candidate_1,3,0.04666666666666667
9096,candidate_3,candidate_2,candidate_1,3,0.04666666666666667
9097,candidate_3,candidate_2,candidate_1,3,0.04666666666666667
9098,0,candidate_2,candidate_1,3,0.04666666666666667
9099,candidate_3,candidate_2,candidate_1,3,0.04666666666666667
9100,candidate_3,candidate_2,candidate_1,3,0.04666666666666667
9101,candidate_3,candidate_2,candidate_1,3,0.04666666666666667
9102,candidate_3,candidate_2,candidate_1,3,0.04666666666666667
9103,candidate_3,candidate_2,candidate_1,3,0.04666666666666667
9104,candidate_3,candidate_2,candidate_1,3,0.04666666666666667
9105,candidate_3,candidate_2,candidate_1,3,0.04666666666666667
9106,candidate_3,candidate_2,candidate_1,3,0.04666666666666667
9107,candidate_3,candidate_2,candidate_1,3,0.04666666666666667
9108,candidate_3,candidate_2,candidate_1,3,0.04666666666666667
9109,candidate_3,candidate_2,candidate_1,3,0.04666666666666667
9110,candidate_3,candidate_2,candidate_1,3,0.04666666666666667
9111,candidate_3,candidate_2,candidate_1,3,0.04666666666666667
9112,candidate_3,candidate_2,candidate_1,3,0.04666666666666667
9113,candidate_3,candidate_2,candidate_1,3,0.04666666666666667
9114,candidate_3,candidate_2,candidate_1,3,0.04666666666666667
9115,candidate_3,candidate_2,candidate_1,3,0.04666666666666667
9116,candidate_3,candidate_2,0,3,0.04666666666666667
9117,candidate_3,candidate_2,candidate_1,3,0.04666666666666667
9118,candidate_3,candidate_2,candidate_1,3,0.04666666666666667
9119,candidate_3,candidate_2,0,3,0.04666666666666667
9120,candidate_3,candidate_2,candidate_1,3,0.04666666666666667
9121,candidate_3,candidate_2,candidate_1,3,0.04666666666666667
9122,candidate_3,candidate_2,candidate_1,3,0.04666666666666667
9123,candidate_3,0,candidate_1,3,0.04666666666666667
9124,candidate_3,candidate_2,candidate_1,3,0.04666666666666667
9125,candidate_3,candidate_2,candidate_1,3,0.04666666666666667
9126,0,candidate_2,candidate_1,3,0.04666666666666667
9127,candidate_3,candidate_2,candidate_1,3,0.04666666666666667
9128,candidate_3,candidate_2,candidate_1,3,0.04666666666666667
9129,candidate_3,candidate_2,candidate_1,3,0.04666666666666667
9130,candidate_3,candidate_2,candidate_1,3,0.04666666666666667
9131,candidate_3,candidate_2,candidate_1,3,0.04666666666666667
9132,candidate_3,candidate_2,candidate_1,3,0.04666666666666667
9133,candidate_3,candidate_2,candidate_1,3,0.04666666666666667
9134,candidate_3,candidate_2,candidate_1,3,0.04666666666666667
9135,candidate_3,candidate_2,candidate_1,3,0.04666666666666667
9136,candidate_3,candidate_2,candidate_1,3,0.04666666666666667
9137,candidate_3,candidate_2,candidate_1,3,0.04666666666666667
9138,candidate_3,candidate_2,candidate_1,3,0.04666666666666667
9139,candidate_3,candidate_2,candidate_1,3,0.04666666666666667
9140,candidate_3,0,candidate_1,3,0.04666666666666667
9141,candidate_3,candidate_2,candidate_1,3,0.04666666666666667
9142,candidate_3,candidate_2,candidate_1,3,0.04666666666666667
9143,candidate_3,candidate_2,candidate_1,3,0.04666666666666667
9144,0,candidate_2,candidate_1,3,0.04666666666666667
9145,candidate_3,candidate_2,candidate_1,3,0.04666666666666667
9146,candidate_3,candidate_2,candidate_1,3,0.04666666666666667
9147,candidate_3,candidate_2,candidate_1,3,0.04666666666666667
9148,candidate_3,candidate_2,candidate_1,3,0.04666666666666667
9149,candidate_3,candidate_2,candidate_1,3,0.04666666666666667
9150,candidate_3,candidate_2,candidate_1,3,0.04666666666666667
9151,candidate_3,candidate_2,candidate_1,3,0.04666666666666667
9152,candidate_3,candidate_2,candidate_1,3,0.04666666666666667
9153,candidate_3,candidate_2,candidate_1,3,0.04666666666666667
9154,candidate_3,candidate_2,0,3,0.04666666666666667
9155,candidate_3,candidate_2,candidate_1,3,0.04666666666666667
9156,candidate_3,candidate_2,candidate_1,3,0.04666666666666667
9157,candidate_3,candidate_2,candidate_1,3,0.04666666666666667
9158,candidate_3,candidate_2,candidate_1,3,0.04666666666666667
9159,candidate_3,candidate_2,candidate_1,3,0.04666666666666667
9160,candidate_3,candidate_2,candidate_1,3,0.04666666666666667
9161,candidate_3,candidate_2,candidate_1,3,0.04666666666666667
9162,candidate_3,candidate_2,candidate_1,3,0.04666666666666667
9163,candidate_3,candidate_2,candidate_1,3,0.04666666666666667
9164,candidate_3,candidate_2,candidate_1,3,0.04666666666666667
9165,candidate_3,candidate_2,candidate_1,3,0.04666666666666667
9166,candidate_3,candidate_2,candidate_1,3,0.04666666666666667
9167,candidate_3,candidate_2,candidate_1,3,0.04666666666666667
9168,candidate_3,candidate_2,candidate_1,3,0.04666666666666667
9169,candidate_3,candidate_2,candidate_1,3,0.04666666666666667
9170,candidate_3,candidate_2,candidate_1,3,0.04666666666666667
9171,candidate_3,candidate_2,candidate_1,3,0.04666666666666667
9172,candidate_3,candidate_2,candidate_1,3,0.04666666666666667
9173,candidate_3,candidate_2,candidate_1,3,0.04666666666666667
9174,candidate_3,candidate_2,candidate_1,3,0.04666666666666667
9175,candidate_3,candidate_2,candidate_1,3,0.04666666666666667
9176,candidate_3,candidate_2,candidate_1,3,0.04666666666666667
9177,candidate_3,candidate_2,candidate_1,3,0.04666666666666667
9178,candidate_3,candidate_2,candidate_1,3,0.04666666666666667
9179,candidate_3,candidate_2,candidate_1,3,0.04666666666666667
9180,candidate_3,0,candidate_1,3,0.04666666666666667
9181,candidate_3,candidate_2,0,3,0.04666666666666667
9182,candidate_3,candidate_2,candidate_1,3,0.04666666666666667
9183,candidate_3,candidate_2,candidate_1,3,0.04666666666666667
9184,0,candidate_2,candidate_1,3,0.04666666666666667
9185,candidate_3,candidate_2,candidate_1,3,0.04666666666666667
9186,candidate_3,candidate_2,candidate_1,3,0.04666666666666667
9187,0,0,candidate_1,3,0.04666666666666667
9188,0,candidate_2,candidate_1,3,0.04666666666666667
9189,candidate_3,candidate_2,candidate_1,3,0.04666666666666667
9190,candidate_3,candidate_2,0,3,0.04666666666666667
9191,candidate_3,candidate_2,candidate_1,3,0.04666666666666667
9192,candidate_3,candidate_2,candidate_1,3,0.04666666666666667
9193,candidate_3,candidate_2,candidate_1,3,0.04666666666666667
9194,candidate_3,candidate_2,candidate_1,3,0.04666666666666667
9195,candidate_3,candidate_2,candidate_1,3,0.04666666666666667
9196,candidate_3,candidate_2,candidate_1,3,0.04666666666666667
9197,candidate_3,candidate_2,candidate_1,3,0.04666666666666667
9198,0,candidate_2,candidate_1,3,0.04666666666666667
9199,candidate_3,candidate_2,candidate_1,3,0.04666666666666667
9200,candidate_3,candidate_2,candidate_1,3,0.04666666666666667
9201,candidate_3,candidate_2,candidate_1,3,0.04666666666666667
9202,candidate_3,candidate_2,candidate_1,3,0.04666666666666667
9203,candidate_3,candidate_2,candidate_1,3,0.04666666666666667
9204,candidate_3,candidate_2,candidate_1,3,0.04666666666666667
9205,candidate_3,candidate_2,candidate_1,3,0.04666666666666667
9206,candidate_3,candidate_2,candidate_1,3,0.04666666666666667
9207,candidate_3,candidate_2,candidate_1,3,0.04666666666666667
9208,candidate_3,candidate_2,candidate_1,3,0.04666666666666667
9209,candidate_3,candidate_2,candidate_1,3,0.04666666666666667
9210,candidate_3,candidate_2,candidate_1,3,0.04666666666666667
9211,0,candidate_2,candidate_1,3,0.04666666666666667
9212,candidate_3,candidate_2,candidate_1,3,0.04666666666666667
9213,candidate_3,candidate_2,candidate_1,3,0.04666666666666667
9214,candidate_3,candidate_2,candidate_1,3,0.04666666666666667
9215,candidate_3,candidate_2,candidate_1,3,0.04666666666666667
9216,candidate_3,candidate_2,candidate_1,3,0.04666666666666667
9217,candidate_3,candidate_2,candidate_1,3,0.04666666666666667
9218,candidate_3,candidate_2,candidate_1,3,0.04666666666666667
9219,candidate_3,candidate_2,0,3,0.04666666666666667
9220,candidate_3,candidate_2,candidate_1,3,0.04666666666666667
9221,0,candidate_2,candidate_1,3,0.04666666666666667
9222,candidate_3,candidate_2,candidate_1,3,0.04666666666666667
9223,candidate_3,candidate_2,0,3,0.04666666666666667
9224,candidate_3,candidate_2,candidate_1,3,0.04666666666666667
9225,candidate_3,candidate_2,candidate_1,3,0.04666666666666667
9226,candidate_3,candidate_2,candidate_1,3,0.04666666666666667
9227,candidate_3,candidate_2,candidate_1,3,0.04666666666666667
9228,candidate_3,candidate_2,candidate_1,3,0.04666666666666667
9229,candidate_3,candidate_2,candidate_1,3,0.04666666666666667
9230,candidate_3,candidate_2,candidate_1,3,0.04666666666666667
9231,candidate_3,candidate_2,candidate_1,3,0.04666666666666667
9232,candidate_3,candidate_2,candidate_1,3,0.04666666666666667
9233,candidate_3,candidate_2,candidate_1,3,0.04666666666666667
9234,candidate_3,candidate_2,candidate_1,3,0.04666666666666667
9235,candidate_3,candidate_2,candidate_1,3,0.04666666666666667
9236,candidate_3,candidate_2,candidate_1,3,0.04666666666666667
9237,candidate_3,candidate_2,candidate_1,3,0.04666666666666667
9238,candidate_3,candidate_2,candidate_1,3,0.04666666666666667
9239,candidate_3,candidate_2,candidate_1,3,0.04666666666666667
9240,candidate_3,candidate_2,candidate_1,3,0.04666666666666667
9241,candidate_3,candidate_2,candidate_1,3,0.04666666666666667
9242,candidate_3,0,candidate_1,3,0.04666666666666667
9243,candidate_3,candidate_2,candidate_1,3,0.04666666666666667
9244,candidate_3,candidate_2,candidate_1,3,0.04666666666666667
9245,candidate_3,candidate_2,candidate_1,3,0.04666666666666667
9246,candidate_3,candidate_2,candidate_1,3,0.04666666666666667
9247,candidate_3,candidate_2,candidate_1,3,0.04666666666666667
9248,candidate_3,candidate_2,candidate_1,3,0.04666666666666667
9249,candidate_3,candidate_2,candidate_1,3,0.04666666666666667
9250,candidate_3,candidate_2,candidate_1,3,0.04666666666666667
9251,candidate_3,candidate_2,candidate_1,3,0.04666666666666667
9252,0,candidate_2,candidate_1,3,0.04666666666666667
9253,candidate_3,candidate_2,candidate_1,3,0.04666666666666667
9254,candidate_3,candidate_2,candidate_1,3,0.04666666666666667
9255,candidate_3,candidate_2,candidate_1,3,0.04666666666666667
9256,candidate_3,candidate_2,candidate_1,3,0.04666666666666667
9257,candidate_3,candidate_2,candidate_1,3,0.04666666666666667
9258,candidate_3,candidate_2,candidate_1,3,0.04666666666666667
9259,candidate_3,candidate_2,candidate_1,3,0.04666666666666667
9260,candidate_3,candidate_2,candidate_1,3,0.04666666666666667
9261,0,candidate_2,candidate_1,3,0.04666666666666667
9262,0,candidate_2,candidate_1,3,0.04666666666666667
9263,candidate_3,candidate_2,candidate_1,3,0.04666666666666667
9264,candidate_3,candidate_2,0,3,0.04666666666666667
9265,candidate_3,candidate_2,candidate_1,3,0.04666666666666667
9266,candidate_3,candidate_2,candidate_1,3,0.04666666666666667
9267,candidate_3,candidate_2,candidate_1,3,0.04666666666666667
9268,candidate_3,0,candidate_1,3,0.04666666666666667
9269,0,candidate_2,candidate_1,3,0.04666666666666667
9270,candidate_3,candidate_2,candidate_1,3,0.04666666666666667
9271,candidate_3,candidate_2,candidate_1,3,0.04666666666666667
9272,candidate_3,candidate_2,candidate_1,3,0.04666666666666667
9273,candidate_3,candidate_2,candidate_1,3,0.04666666666666667
9274,candidate_3,candidate_2,candidate_1,3,0.04666666666666667
9275,candidate_3,candidate_2,candidate_1,3,0.04666666666666667
9276,candidate_3,candidate_2,candidate_1,3,0.04666666666666667
9277,candidate_3,candidate_2,candidate_1,3,0.04666666666666667
9278,candidate_3,0,candidate_1,3,0.04666666666666667
9279,candidate_3,candidate_2,candidate_1,3,0.04666666666666667
9280,candidate_3,candidate_2,candidate_1,3,0.04666666666666667
9281,candidate_3,candidate_2,candidate_1,3,0.04666666666666667
9282,candidate_3,candidate_2,candidate_1,3,0.04666666666666667
9283,candidate_3,0,candidate_1,3,0.04666666666666667
9284,candidate_3,candidate_2,candidate_1,3,0.04666666666666667
9285,candidate_3,candidate_2,candidate_1,3,0.04666666666666667
9286,candidate_3,candidate_2,candidate_1,3,0.04666666666666667
9287,candidate_3,candidate_2,candidate_1,3,0.04666666666666667
9288,candidate_3,candidate_2,candidate_1,3,0.04666666666666667
9289,candidate_3,candidate_2,candidate_1,3,0.04666666666666667
9290,candidate_3,candidate_2,candidate_1,3,0.04666666666666667
9291,candidate_3,candidate_2,candidate_1,3,0.04666666666666667
9292,candidate_3,candidate_2,candidate_1,3,0.04666666666666667
9293,candidate_3,candidate_2,candidate_1,3,0.04666666666666667
9294,candidate_3,candidate_2,candidate_1,3,0.04666666666666667
9295,candidate_3,candidate_2,candidate_1,3,0.04666666666666667
9296,candidate_3,candidate_2,candidate_1,3,0.04666666666666667
9297,candidate_3,candidate_2,candidate_1,3,0.04666666666666667
9298,candidate_3,candidate_2,candidate_1,3,0.04666666666666667
9299,0,candidate_2,candidate_1,3,0.04666666666666667
9300,candidate_3,candidate_2,candidate_1,3,0.04666666666666667
9301,candidate_3,candidate_2,candidate_1,3,0.04666666666666667
9302,candidate_3,candidate_2,candidate_1,3,0.04666666666666667
9303,candidate_3,candidate_2,candidate_1,3,0.04666666666666667
9304,candidate_3,candidate_2,candidate_1,3,0.04666666666666667
9305,candidate_3,candidate_2,candidate_1,3,0.04666666666666667
9306,candidate_3,candidate_2,candidate_1,3,0.04666666666666667
9307,candidate_3,candidate_2,candidate_1,3,0.04666666666666667
9308,candidate_3,0,candidate_1,3,0.04666666666666667
9309,candidate_3,candidate_2,candidate_1,3,0.04666666666666667
9310,candidate_3,candidate_2,candidate_1,3,0.04666666666666667
9311,candidate_3,candidate_2,candidate_1,3,0.04666666666666667
9312,candidate_3,candidate_2,candidate_1,3,0.04666666666666667
9313,candidate_3,candidate_2,candidate_1,3,0.04666666666666667
9314,candidate_3,candidate_2,candidate_1,3,0.04666666666666667
9315,candidate_3,candidate_2,candidate_1,3,0.04666666666666667
9316,candidate_3,candidate_2,candidate_1,3,0.04666666666666667
9317,candidate_3,candidate_2,candidate_1,3,0.04666666666666667
9318,candidate_3,candidate_2,candidate_1,3,0.04666666666666667
9319,candidate_3,candidate_2,candidate_1,3,0.04666666666666667
9320,candidate_3,candidate_2,candidate_1,3,0.04666666666666667
9321,candidate_3,candidate_2,candidate_1,3,0.04666666666666667
9322,candidate_3,candidate_2,0,3,0.04666666666666667
9323,candidate_3,candidate_2,candidate_1,3,0.04666666666666667
9324,candidate_3,0,candidate_1,3,0.04666666666666667
9325,candidate_3,candidate_2,candidate_1,3,0.04666666666666667
9326,candidate_3,candidate_2,candidate_1,3,0.04666666666666667
9327,candidate_3,candidate_2,candidate_1,3,0.04666666666666667
9328,candidate_3,candidate_2,candidate_1,3,0.04666666666666667
9329,candidate_3,candidate_2,candidate_1,3,0.04666666666666667
9330,candidate_3,candidate_2,candidate_1,3,0.04666666666666667
9331,candidate_3,candidate_2,candidate_1,3,0.04666666666666667
9332,candidate_3,candidate_2,candidate_1,3,0.04666666666666667
9333,candidate_3,candidate_2,candidate_1,3,0.04666666666666667
9334,candidate_3,candidate_2,candidate_1,3,0.04666666666666667
9335,candidate_3,candidate_2,candidate_1,3,0.04666666666666667
9336,candidate_3,candidate_2,candidate_1,3,0.04666666666666667
9337,candidate_3,0,candidate_1,3,0.04666666666666667
9338,candidate_3,candidate_2,candidate_1,3,0.04666666666666667
9339,candidate_3,candidate_2,candidate_1,3,0.04666666666666667
9340,candidate_3,candidate_2,candidate_1,3,0.04666666666666667
9341,candidate_3,candidate_2,candidate_1,3,0.04666666666666667
9342,candidate_3,candidate_2,candidate_1,3,0.04666666666666667
9343,candidate_3,candidate_2,candidate_1,3,0.04666666666666667
9344,candidate_3,candidate_2,candidate_1,3,0.04666666666666667
9345,candidate_3,candidate_2,candidate_1,3,0.04666666666666667
9346,candidate_3,candidate_2,candidate_1,3,0.04666666666666667
9347,candidate_3,candidate_2,candidate_1,3,0.04666666666666667
9348,candidate_3,0,candidate_1,3,0.04666666666666667
9349,candidate_3,candidate_2,candidate_1,3,0.04666666666666667
9350,candidate_3,candidate_2,candidate_1,3,0.04666666666666667
9351,candidate_3,candidate_2,candidate_1,3,0.04666666666666667
9352,candidate_3,candidate_2,candidate_1,3,0.04666666666666667
9353,candidate_3,candidate_2,candidate_1,3,0.04666666666666667
9354,candidate_3,candidate_2,candidate_1,3,0.04666666666666667
9355,candidate_3,candidate_2,candidate_1,3,0.04666666666666667
9356,candidate_3,candidate_2,candidate_1,3,0.04666666666666667
9357,candidate_3,candidate_2,candidate_1,3,0.04666666666666667
9358,candidate_3,candidate_2,candidate_1,3,0.04666666666666667
9359,candidate_3,candidate_2,candidate_1,3,0.04666666666666667
9360,candidate_3,candidate_2,candidate_1,3,0.04666666666666667
9361,candidate_3,candidate_2,candidate_1,3,0.04666666666666667
9362,candidate_3,candidate_2,candidate_1,3,0.04666666666666667
9363,candidate_3,candidate_2,candidate_1,3,0.04666666666666667
9364,candidate_3,candidate_2,candidate_1,3,0.04666666666666667
9365,candidate_3,candidate_2,candidate_1,3,0.04666666666666667
9366,candidate_3,candidate_2,candidate_1,3,0.04666666666666667
9367,candidate_3,candidate_2,candidate_1,3,0.04666666666666667
9368,candidate_3,candidate_2,candidate_1,3,0.04666666666666667
9369,candidate_3,0,candidate_1,3,0.04666666666666667
9370,candidate_3,candidate_2,0,3,0.04666666666666667
9371,candidate_3,candidate_2,candidate_1,3,0.04666666666666667
9372,candidate_3,candidate_2,candidate_1,3,0.04666666666666667
9373,candidate_3,candidate_2,candidate_1,3,0.04666666666666667
9374,candidate_3,candidate_2,candidate_1,3,0.04666666666666667
9375,candidate_3,candidate_2,candidate_1,3,0.04666666666666667
9376,candidate_3,candidate_2,candidate_1,3,0.04666666666666667
9377,candidate_3,candidate_2,candidate_1,3,0.04666666666666667
9378,candidate_3,candidate_2,candidate_1,3,0.04666666666666667
9379,candidate_3,candidate_2,candidate_1,3,0.04666666666666667
9380,candidate_3,candidate_2,candidate_1,3,0.04666666666666667
9381,candidate_3,candidate_2,candidate_1,3,0.04666666666666667
9382,candidate_3,candidate_2,candidate_1,3,0.04666666666666667
9383,candidate_3,candidate_2,candidate_1,3,0.04666666666666667
9384,candidate_3,candidate_2,candidate_1,3,0.04666666666666667
9385,candidate_3,candidate_2,candidate_1,3,0.04666666666666667
9386,candidate_3,candidate_2,candidate_1,3,0.04666666666666667
9387,candidate_3,candidate_2,candidate_1,3,0.04666666666666667
9388,candidate_3,candidate_2,candidate_1,3,0.04666666666666667
9389,candidate_3,candidate_2,candidate_1,3,0.04666666666666667
9390,candidate_3,candidate_2,candidate_1,3,0.04666666666666667
9391,candidate_3,candidate_2,candidate_1,3,0.04666666666666667
9392,candidate_3,candidate_2,candidate_1,3,0.04666666666666667
9393,candidate_3,candidate_2,candidate_1,3,0.04666666666666667
9394,0,candidate_2,candidate_1,3,0.04666666666666667
9395,candidate_3,candidate_2,candidate_1,3,0.04666666666666667
9396,candidate_3,candidate_2,candidate_1,3,0.04666666666666667
9397,candidate_3,candidate_2,candidate_1,3,0.04666666666666667
9398,candidate_3,candidate_2,candidate_1,3,0.04666666666666667
9399,candidate_3,candidate_2,candidate_1,3,0.04666666666666667
9400,candidate_3,candidate_2,candidate_1,3,0.04666666666666667
9401,candidate_3,candidate_2,candidate_1,3,0.04666666666666667
9402,candidate_3,candidate_2,candidate_1,3,0.04666666666666667
9403,candidate_3,candidate_2,candidate_1,3,0.04666666666666667
9404,candidate_3,candidate_2,candidate_1,3,0.04666666666666667
9405,candidate_3,candidate_2,candidate_1,3,0.04666666666666667
9406,candidate_3,candidate_2,candidate_1,3,0.04666666666666667
9407,candidate_3,candidate_2,candidate_1,3,0.04666666666666667
9408,candidate_3,candidate_2,candidate_1,3,0.04666666666666667
9409,candidate_3,candidate_2,candidate_1,3,0.04666666666666667
9410,candidate_3,candidate_2,candidate_1,3,0.04666666666666667
9411,candidate_3,candidate_2,candidate_1,3,0.04666666666666667
9412,candidate_3,0,candidate_1,3,0.04666666666666667
9413,candidate_3,candidate_2,candidate_1,3,0.04666666666666667
9414,candidate_3,candidate_2,candidate_1,3,0.04666666666666667
9415,candidate_3,candidate_2,candidate_1,3,0.04666666666666667
9416,candidate_3,candidate_2,candidate_1,3,0.04666666666666667
9417,candidate_3,candidate_2,candidate_1,3,0.04666666666666667
9418,candidate_3,candidate_2,0,3,0.04666666666666667
9419,candidate_3,candidate_2,candidate_1,3,0.04666666666666667
9420,candidate_3,candidate_2,candidate_1,3,0.04666666666666667
9421,candidate_3,candidate_2,candidate_1,3,0.04666666666666667
9422,candidate_3,candidate_2,candidate_1,3,0.04666666666666667
9423,candidate_3,candidate_2,candidate_1,3,0.04666666666666667
9424,candidate_3,candidate_2,candidate_1,3,0.04666666666666667
9425,candidate_3,candidate_2,candidate_1,3,0.04666666666666667
9426,candidate_3,0,candidate_1,3,0.04666666666666667
9427,candidate_3,candidate_2,candidate_1,3,0.04666666666666667
9428,candidate_3,0,candidate_1,3,0.04666666666666667
9429,candidate_3,candidate_2,candidate_1,3,0.04666666666666667
9430,candidate_3,candidate_2,candidate_1,3,0.04666666666666667
9431,candidate_3,candidate_2,candidate_1,3,0.04666666666666667
9432,candidate_3,candidate_2,candidate_1,3,0.04666666666666667
9433,candidate_3,candidate_2,candidate_1,3,0.04666666666666667
9434,candidate_3,candidate_2,candidate_1,3,0.04666666666666667
9435,0,candidate_2,candidate_1,3,0.04666666666666667
9436,candidate_3,candidate_2,candidate_1,3,0.04666666666666667
9437,candidate_3,0,0,3,0.04666666666666667
9438,candidate_3,candidate_2,candidate_1,3,0.04666666666666667
9439,candidate_3,candidate_2,candidate_1,3,0.04666666666666667
9440,candidate_3,candidate_2,candidate_1,3,0.04666666666666667
9441,candidate_3,candidate_2,candidate_1,3,0.04666666666666667
9442,candidate_3,candidate_2,candidate_1,3,0.04666666666666667
9443,candidate_3,candidate_2,candidate_1,3,0.04666666666666667
9444,candidate_3,candidate_2,candidate_1,3,0.04666666666666667
9445,candidate_3,candidate_2,candidate_1,3,0.04666666666666667
9446,candidate_3,candidate_2,candidate_1,3,0.04666666666666667
9447,candidate_3,candidate_2,candidate_1,3,0.04666666666666667
9448,candidate_3,candidate_2,candidate_1,3,0.04666666666666667
9449,0,candidate_2,candidate_1,3,0.04666666666666667
9450,0,candidate_2,candidate_1,3,0.04666666666666667
9451,candidate_3,candidate_2,candidate_1,3,0.04666666666666667
9452,0,candidate_2,candidate_1,3,0.04666666666666667
9453,candidate_3,candidate_2,candidate_1,3,0.04666666666666667
9454,candidate_3,candidate_2,candidate_1,3,0.04666666666666667
9455,candidate_3,candidate_2,candidate_1,3,0.04666666666666667
9456,candidate_3,candidate_2,candidate_1,3,0.04666666666666667
9457,candidate_3,candidate_2,candidate_1,3,0.04666666666666667
9458,candidate_3,candidate_2,candidate_1,3,0.04666666666666667
9459,candidate_3,candidate_2,candidate_1,3,0.04666666666666667
9460,candidate_3,candidate_2,candidate_1,3,0.04666666666666667
9461,candidate_3,candidate_2,candidate_1,3,0.04666666666666667
9462,candidate_3,candidate_2,candidate_1,3,0.04666666666666667
9463,candidate_3,candidate_2,0,3,0.04666666666666667
9464,candidate_3,candidate_2,candidate_1,3,0.04666666666666667
9465,candidate_3,candidate_2,candidate_1,3,0.04666666666666667
9466,candidate_3,candidate_2,0,3,0.04666666666666667
9467,candidate_3,candidate_2,candidate_1,3,0.04666666666666667
9468,candidate_3,candidate_2,candidate_1,3,0.04666666666666667
9469,candidate_3,candidate_2,candidate_1,3,0.04666666666666667
9470,candidate_3,candidate_2,candidate_1,3,0.04666666666666667
9471,candidate_3,candidate_2,candidate_1,3,0.04666666666666667
9472,candidate_3,candidate_2,candidate_1,3,0.04666666666666667
9473,candidate_3,candidate_2,candidate_1,3,0.04666666666666667
9474,0,candidate_2,candidate_1,3,0.04666666666666667
9475,candidate_3,candidate_2,candidate_1,3,0.04666666666666667
9476,candidate_3,candidate_2,candidate_1,3,0.04666666666666667
9477,candidate_3,candidate_2,candidate_1,3,0.04666666666666667
9478,candidate_3,candidate_2,candidate_1,3,0.04666666666666667
9479,candidate_3,candidate_2,candidate_1,3,0.04666666666666667
9480,candidate_3,candidate_2,candidate_1,3,0.04666666666666667
9481,candidate_3,candidate_2,candidate_1,3,0.04666666666666667
9482,candidate_3,candidate_2,candidate_1,3,0.04666666666666667
9483,candidate_3,candidate_2,candidate_1,3,0.04666666666666667
9484,candidate_3,candidate_2,candidate_1,3,0.04666666666666667
9485,candidate_3,candidate_2,candidate_1,3,0.04666666666666667
9486,candidate_3,candidate_2,candidate_1,3,0.04666666666666667
9487,candidate_3,candidate_2,candidate_1,3,0.04666666666666667
9488,candidate_3,candidate_2,candidate_1,3,0.04666666666666667
9489,candidate_3,candidate_2,candidate_1,3,0.04666666666666667
9490,candidate_3,candidate_2,candidate_1,3,0.04666666666666667
9491,candidate_3,candidate_2,candidate_1,3,0.04666666666666667
9492,candidate_3,candidate_2,candidate_1,3,0.04666666666666667
9493,candidate_3,candidate_2,candidate_1,3,0.04666666666666667
9494,candidate_3,candidate_2,candidate_1,3,0.04666666666666667
9495,candidate_3,candidate_2,candidate_1,3,0.04666666666666667
9496,candidate_3,candidate_2,candidate_1,3,0.04666666666666667
9497,candidate_3,candidate_2,candidate_1,3,0.04666666666666667
9498,candidate_3,candidate_2,candidate_1,3,0.04666666666666667
9499,candidate_3,candidate_2,candidate_1,3,0.04666666666666667
9500,candidate_3,candidate_2,candidate_1,3,0.04666666666666667
9501,candidate_3,candidate_2,candidate_1,3,0.04666666666666667
9502,candidate_3,candidate_2,0,3,0.04666666666666667
9503,candidate_3,candidate_2,candidate_1,3,0.04666666666666667
9504,candidate_3,candidate_2,candidate_1,3,0.04666666666666667
9505,candidate_3,candidate_2,candidate_1,3,0.04666666666666667
9506,candidate_3,candidate_2,candidate_1,3,0.04666666666666667
9507,candidate_3,candidate_2,candidate_1,3,0.04666666666666667
9508,candidate_3,candidate_2,candidate_1,3,0.04666666666666667
9509,candidate_3,candidate_2,candidate_1,3,0.04666666666666667
9510,candidate_3,candidate_2,candidate_1,3,0.04666666666666667
9511,candidate_3,candidate_2,0,3,0.04666666666666667
9512,candidate_3,candidate_2,0,3,0.04666666666666667
9513,candidate_3,candidate_2,candidate_1,3,0.04666666666666667
9514,candidate_3,candidate_2,candidate_1,3,0.04666666666666667
9515,candidate_3,candidate_2,candidate_1,3,0.04666666666666667
9516,candidate_3,candidate_2,candidate_1,3,0.04666666666666667
9517,candidate_3,candidate_2,candidate_1,3,0.04666666666666667
9518,candidate_3,candidate_2,candidate_1,3,0.04666666666666667
9519,candidate_3,candidate_2,candidate_1,3,0.04666666666666667
9520,candidate_3,candidate_2,candidate_1,3,0.04666666666666667
9521,candidate_3,candidate_2,candidate_1,3,0.04666666666666667
9522,candidate_3,candidate_2,candidate_1,3,0.04666666666666667
9523,candidate_3,candidate_2,candidate_1,3,0.04666666666666667
9524,candidate_3,candidate_2,candidate_1,3,0.04666666666666667
9525,candidate_3,candidate_2,candidate_1,3,0.04666666666666667
9526,candidate_3,candidate_2,candidate_1,3,0.04666666666666667
9527,candidate_3,candidate_2,candidate_1,3,0.04666666666666667
9528,candidate_3,candidate_2,candidate_1,3,0.04666666666666667
9529,candidate_3,candidate_2,candidate_1,3,0.04666666666666667
9530,candidate_3,candidate_2,candidate_1,3,0.04666666666666667
9531,candidate_3,candidate_2,candidate_1,3,0.04666666666666667
9532,candidate_3,candidate_2,candidate_1,3,0.04666666666666667
9533,candidate_3,candidate_2,candidate_1,3,0.04666666666666667
9534,candidate_3,candidate_2,candidate_1,3,0.04666666666666667
9535,candidate_3,candidate_2,candidate_1,3,0.04666666666666667
9536,candidate_3,candidate_2,candidate_1,3,0.04666666666666667
9537,candidate_3,0,candidate_1,3,0.04666666666666667
9538,candidate_3,candidate_2,candidate_1,3,0.04666666666666667
9539,candidate_3,candidate_2,candidate_1,3,0.04666666666666667
9540,candidate_3,candidate_2,candidate_1,3,0.04666666666666667
9541,candidate_3,0,candidate_1,3,0.04666666666666667
9542,candidate_3,candidate_2,candidate_1,3,0.04666666666666667
9543,candidate_3,candidate_2,0,3,0.04666666666666667
9544,candidate_3,candidate_2,candidate_1,3,0.04666666666666667
9545,candidate_3,candidate_2,candidate_1,3,0.04666666666666667
9546,candidate_3,candidate_2,candidate_1,3,0.04666666666666667
9547,candidate_3,candidate_2,0,3,0.04666666666666667
9548,candidate_3,candidate_2,candidate_1,3,0.04666666666666667
9549,candidate_3,candidate_2,candidate_1,3,0.04666666666666667
9550,candidate_3,candidate_2,candidate_1,3,0.04666666666666667
9551,candidate_3,candidate_2,candidate_1,3,0.04666666666666667
9552,candidate_3,candidate_2,candidate_1,3,0.04666666666666667
9553,candidate_3,candidate_2,candidate_1,3,0.04666666666666667
9554,candidate_3,candidate_2,0,3,0.04666666666666667
9555,candidate_3,candidate_2,candidate_1,3,0.04666666666666667
9556,candidate_3,candidate_2,candidate_1,3,0.04666666666666667
9557,0,candidate_2,candidate_1,3,0.04666666666666667
9558,candidate_3,candidate_2,candidate_1,3,0.04666666666666667
9559,candidate_3,candidate_2,candidate_1,3,0.04666666666666667
9560,candidate_3,candidate_2,candidate_1,3,0.04666666666666667
9561,candidate_3,candidate_2,candidate_1,3,0.04666666666666667
9562,candidate_3,candidate_2,candidate_1,3,0.04666666666666667
9563,candidate_3,candidate_2,candidate_1,3,0.04666666666666667
9564,candidate_3,candidate_2,candidate_1,3,0.04666666666666667
9565,candidate_3,0,candidate_1,3,0.04666666666666667
9566,candidate_3,candidate_2,candidate_1,3,0.04666666666666667
9567,0,candidate_2,candidate_1,3,0.04666666666666667
9568,candidate_3,candidate_2,candidate_1,3,0.04666666666666667
9569,candidate_3,candidate_2,candidate_1,3,0.04666666666666667
9570,candidate_3,candidate_2,candidate_1,3,0.04666666666666667
9571,candidate_3,candidate_2,candidate_1,3,0.04666666666666667
9572,candidate_3,0,candidate_1,3,0.04666666666666667
9573,candidate_3,candidate_2,candidate_1,3,0.04666666666666667
9574,candidate_3,candidate_2,candidate_1,3,0.04666666666666667
9575,candidate_3,candidate_2,0,3,0.04666666666666667
9576,candidate_3,candidate_2,candidate_1,3,0.04666666666666667
9577,candidate_3,candidate_2,candidate_1,3,0.04666666666666667
9578,candidate_3,candidate_2,candidate_1,3,0.04666666666666667
9579,candidate_3,0,candidate_1,3,0.04666666666666667
9580,candidate_3,candidate_2,candidate_1,3,0.04666666666666667
9581,candidate_3,candidate_2,candidate_1,3,0.04666666666666667
9582,candidate_3,candidate_2,candidate_1,3,0.04666666666666667
9583,candidate_3,candidate_2,candidate_1,3,0.04666666666666667
9584,candidate_3,candidate_2,candidate_1,3,0.04666666666666667
9585,candidate_3,candidate_2,candidate_1,3,0.04666666666666667
9586,candidate_3,candidate_2,candidate_1,3,0.04666666666666667
9587,candidate_3,candidate_2,candidate_1,3,0.04666666666666667
9588,candidate_3,candidate_2,candidate_1,3,0.04666666666666667
9589,candidate_3,candidate_2,candidate_1,3,0.04666666666666667
9590,candidate_3,candidate_2,candidate_1,3,0.04666666666666667
9591,candidate_3,candidate_2,candidate_1,3,0.04666666666666667
9592,candidate_3,candidate_2,candidate_1,3,0.04666666666666667
9593,candidate_3,candidate_2,candidate_1,3,0.04666666666666667
9594,candidate_3,candidate_2,candidate_1,3,0.04666666666666667
9595,candidate_3,candidate_2,candidate_1,3,0.04666666666666667
9596,candidate_3,candidate_2,candidate_1,3,0.04666666666666667
9597,candidate_3,candidate_2,candidate_1,3,0.04666666666666667
9598,candidate_3,candidate_2,candidate_1,3,0.04666666666666667
9599,candidate_3,candidate_2,candidate_1,3,0.04666666666666667
9600,candidate_3,0,candidate_1,3,0.04666666666666667
9601,candidate_3,candidate_2,0,3,0.04666666666666667
9602,candidate_3,candidate_2,candidate_1,3,0.04666666666666667
9603,0,candidate_2,candidate_1,3,0.04666666666666667
9604,candidate_3,candidate_2,candidate_1,3,0.04666666666666667
9605,candidate_3,candidate_2,candidate_1,3,0.04666666666666667
9606,candidate_3,candidate_2,candidate_1,3,0.04666666666666667
9607,candidate_3,candidate_2,candidate_1,3,0.04666666666666667
9608,candidate_3,candidate_2,candidate_1,3,0.04666666666666667
9609,candidate_3,0,candidate_1,3,0.04666666666666667
9610,candidate_3,candidate_2,candidate_1,3,0.04666666666666667
9611,candidate_3,0,candidate_1,3,0.04666666666666667
9612,candidate_3,candidate_2,candidate_1,3,0.04666666666666667
9613,candidate_3,candidate_2,candidate_1,3,0.04666666666666667
9614,candidate_3,candidate_2,candidate_1,3,0.04666666666666667
9615,candidate_3,candidate_2,candidate_1,3,0.04666666666666667
9616,0,candidate_2,candidate_1,3,0.04666666666666667
9617,candidate_3,candidate_2,candidate_1,3,0.04666666666666667
9618,candidate_3,candidate_2,candidate_1,3,0.04666666666666667
9619,candidate_3,candidate_2,candidate_1,3,0.04666666666666667
9620,candidate_3,candidate_2,0,3,0.04666666666666667
9621,candidate_3,candidate_2,candidate_1,3,0.04666666666666667
9622,candidate_3,candidate_2,candidate_1,3,0.04666666666666667
9623,candidate_3,candidate_2,candidate_1,3,0.04666666666666667
9624,candidate_3,candidate_2,candidate_1,3,0.04666666666666667
9625,candidate_3,candidate_2,candidate_1,3,0.04666666666666667
9626,0,candidate_2,candidate_1,3,0.04666666666666667
9627,candidate_3,candidate_2,candidate_1,3,0.04666666666666667
9628,candidate_3,candidate_2,candidate_1,3,0.04666666666666667
9629,candidate_3,candidate_2,candidate_1,3,0.04666666666666667
9630,candidate_3,candidate_2,candidate_1,3,0.04666666666666667
9631,candidate_3,candidate_2,candidate_1,3,0.04666666666666667
9632,candidate_3,candidate_2,candidate_1,3,0.04666666666666667
9633,candidate_3,candidate_2,candidate_1,3,0.04666666666666667
9634,candidate_3,candidate_2,candidate_1,3,0.04666666666666667
9635,candidate_3,candidate_2,candidate_1,3,0.04666666666666667
9636,candidate_3,0,candidate_1,3,0.04666666666666667
9637,candidate_3,candidate_2,candidate_1,3,0.04666666666666667
9638,candidate_3,candidate_2,candidate_1,3,0.04666666666666667
9639,candidate_3,candidate_2,candidate_1,3,0.04666666666666667
9640,candidate_3,candidate_2,candidate_1,3,0.04666666666666667
9641,candidate_3,candidate_2,candidate_1,3,0.04666666666666667
9642,candidate_3,candidate_2,candidate_1,3,0.04666666666666667
9643,candidate_3,candidate_2,candidate_1,3,0.04666666666666667
9644,candidate_3,candidate_2,candidate_1,3,0.04666666666666667
9645,candidate_3,candidate_2,candidate_1,3,0.04666666666666667
9646,0,candidate_2,candidate_1,3,0.04666666666666667
9647,candidate_3,candidate_2,candidate_1,3,0.04666666666666667
9648,candidate_3,candidate_2,candidate_1,3,0.04666666666666667
9649,candidate_3,candidate_2,candidate_1,3,0.04666666666666667
9650,candidate_3,candidate_2,candidate_1,3,0.04666666666666667
9651,candidate_3,candidate_2,candidate_1,3,0.04666666666666667
9652,candidate_3,candidate_2,candidate_1,3,0.04666666666666667
9653,candidate_3,candidate_2,candidate_1,3,0.04666666666666667
9654,candidate_3,candidate_2,candidate_1,3,0.04666666666666667
9655,candidate_3,candidate_2,candidate_1,3,0.04666666666666667
9656,candidate_3,candidate_2,candidate_1,3,0.04666666666666667
9657,candidate_3,candidate_2,candidate_1,3,0.04666666666666667
9658,candidate_3,candidate_2,candidate_1,3,0.04666666666666667
9659,candidate_3,candidate_2,candidate_1,3,0.04666666666666667
9660,candidate_3,candidate_2,candidate_1,3,0.04666666666666667
9661,candidate_3,candidate_2,candidate_1,3,0.04666666666666667
9662,candidate_3,candidate_2,candidate_1,3,0.04666666666666667
9663,candidate_3,candidate_2,candidate_1,3,0.04666666666666667
9664,candidate_3,candidate_2,candidate_1,3,0.04666666666666667
9665,candidate_3,candidate_2,candidate_1,3,0.04666666666666667
9666,candidate_3,candidate_2,0,3,0.04666666666666667
9667,candidate_3,candidate_2,candidate_1,3,0.04666666666666667
9668,candidate_3,candidate_2,candidate_1,3,0.04666666666666667
9669,candidate_3,candidate_2,candidate_1,3,0.04666666666666667
9670,0,candidate_2,candidate_1,3,0.04666666666666667
9671,candidate_3,candidate_2,candidate_1,3,0.04666666666666667
9672,candidate_3,candidate_2,candidate_1,3,0.04666666666666667
9673,candidate_3,candidate_2,0,3,0.04666666666666667
9674,candidate_3,candidate_2,candidate_1,3,0.04666666666666667
9675,candidate_3,candidate_2,candidate_1,3,0.04666666666666667
9676,0,candidate_2,candidate_1,3,0.04666666666666667
9677,candidate_3,candidate_2,candidate_1,3,0.04666666666666667
9678,candidate_3,candidate_2,candidate_1,3,0.04666666666666667
9679,candidate_3,candidate_2,candidate_1,3,0.04666666666666667
9680,candidate_3,candidate_2,candidate_1,3,0.04666666666666667
9681,candidate_3,candidate_2,candidate_1,3,0.04666666666666667
9682,candidate_3,candidate_2,candidate_1,3,0.04666666666666667
9683,0,candidate_2,candidate_1,3,0.04666666666666667
9684,candidate_3,0,candidate_1,3,0.04666666666666667
9685,candidate_3,candidate_2,candidate_1,3,0.04666666666666667
9686,candidate_3,candidate_2,candidate_1,3,0.04666666666666667
9687,candidate_3,candidate_2,candidate_1,3,0.04666666666666667
9688,candidate_3,candidate_2,0,3,0.04666666666666667
9689,candidate_3,candidate_2,candidate_1,3,0.04666666666666667
9690,candidate_3,candidate_2,candidate_1,3,0.04666666666666667
9691,candidate_3,candidate_2,candidate_1,3,0.04666666666666667
9692,candidate_3,candidate_2,candidate_1,3,0.04666666666666667
9693,candidate_3,candidate_2,candidate_1,3,0.04666666666666667
9694,0,candidate_2,candidate_1,3,0.04666666666666667
9695,candidate_3,candidate_2,candidate_1,3,0.04666666666666667
9696,0,candidate_2,candidate_1,3,0.04666666666666667
9697,candidate_3,candidate_2,candidate_1,3,0.04666666666666667
9698,candidate_3,candidate_2,candidate_1,3,0.04666666666666667
9699,candidate_3,candidate_2,candidate_1,3,0.04666666666666667
9700,candidate_3,candidate_2,candidate_1,3,0.04666666666666667
9701,0,candidate_2,candidate_1,3,0.04666666666666667
9702,candidate_3,candidate_2,candidate_1,3,0.04666666666666667
9703,candidate_3,candidate_2,0,3,0.04666666666666667
9704,candidate_3,candidate_2,candidate_1,3,0.04666666666666667
9705,candidate_3,candidate_2,candidate_1,3,0.04666666666666667
9706,candidate_3,0,candidate_1,3,0.04666666666666667
9707,candidate_3,candidate_2,candidate_1,3,0.04666666666666667
9708,candidate_3,candidate_2,candidate_1,3,0.04666666666666667
9709,candidate_3,candidate_2,candidate_1,3,0.04666666666666667
9710,candidate_3,candidate_2,candidate_1,3,0.04666666666666667
9711,candidate_3,candidate_2,candidate_1,3,0.04666666666666667
9712,candidate_3,candidate_2,candidate_1,3,0.04666666666666667
9713,candidate_3,candidate_2,candidate_1,3,0.04666666666666667
9714,candidate_3,candidate_2,candidate_1,3,0.04666666666666667
9715,candidate_3,candidate_2,candidate_1,3,0.04666666666666667
9716,candidate_3,candidate_2,candidate_1,3,0.04666666666666667
9717,candidate_3,candidate_2,candidate_1,3,0.04666666666666667
9718,candidate_3,candidate_2,candidate_1,3,0.04666666666666667
9719,candidate_3,candidate_2,candidate_1,3,0.04666666666666667
9720,candidate_3,candidate_2,candidate_1,3,0.04666666666666667
9721,candidate_3,candidate_2,candidate_1,3,0.04666666666666667
9722,candidate_3,candidate_2,candidate_1,3,0.04666666666666667
9723,candidate_3,candidate_2,candidate_1,3,0.04666666666666667
9724,candidate_3,0,candidate_1,3,0.04666666666666667
9725,candidate_3,candidate_2,candidate_1,3,0.04666666666666667
9726,candidate_3,candidate_2,candidate_1,3,0.04666666666666667
9727,candidate_3,candidate_2,candidate_1,3,0.04666666666666667
9728,candidate_3,candidate_2,candidate_1,3,0.04666666666666667
9729,candidate_3,candidate_2,candidate_1,3,0.04666666666666667
9730,candidate_3,candidate_2,candidate_1,3,0.04666666666666667
9731,candidate_3,candidate_2,candidate_1,3,0.04666666666666667
9732,candidate_3,candidate_2,candidate_1,3,0.04666666666666667
9733,candidate_3,candidate_2,candidate_1,3,0.04666666666666667
9734,candidate_3,candidate_2,candidate_1,3,0.04666666666666667
9735,candidate_3,candidate_2,candidate_1,3,0.04666666666666667
9736,candidate_3,candidate_2,candidate_1,3,0.04666666666666667
9737,candidate_3,candidate_2,candidate_1,3,0.04666666666666667
9738,candidate_3,candidate_2,candidate_1,3,0.04666666666666667
9739,candidate_3,candidate_2,candidate_1,3,0.04666666666666667
9740,candidate_3,candidate_2,candidate_1,3,0.04666666666666667
9741,candidate_3,candidate_2,candidate_1,3,0.04666666666666667
9742,candidate_3,candidate_2,candidate_1,3,0.04666666666666667
9743,candidate_3,candidate_2,candidate_1,3,0.04666666666666667
9744,candidate_3,candidate_2,candidate_1,3,0.04666666666666667
9745,candidate_3,candidate_2,candidate_1,3,0.04666666666666667
9746,candidate_3,candidate_2,candidate_1,3,0.04666666666666667
9747,candidate_3,candidate_2,candidate_1,3,0.04666666666666667
9748,candidate_3,candidate_2,0,3,0.04666666666666667
9749,candidate_3,candidate_2,candidate_1,3,0.04666666666666667
9750,candidate_3,candidate_2,candidate_1,3,0.04666666666666667
9751,candidate_3,candidate_2,candidate_1,3,0.04666666666666667
9752,candidate_3,candidate_2,candidate_1,3,0.04666666666666667
9753,candidate_3,candidate_2,candidate_1,3,0.04666666666666667
9754,candidate_3,candidate_2,candidate_1,3,0.04666666666666667
9755,candidate_3,candidate_2,candidate_1,3,0.04666666666666667
9756,candidate_3,candidate_2,candidate_1,3,0.04666666666666667
9757,candidate_3,candidate_2,candidate_1,3,0.04666666666666667
9758,candidate_3,candidate_2,candidate_1,3,0.04666666666666667
9759,candidate_3,candidate_2,candidate_1,3,0.04666666666666667
9760,candidate_3,candidate_2,candidate_1,3,0.04666666666666667
9761,candidate_3,candidate_2,0,3,0.04666666666666667
9762,candidate_3,candidate_2,candidate_1,3,0.04666666666666667
9763,candidate_3,candidate_2,candidate_1,3,0.04666666666666667
9764,candidate_3,candidate_2,candidate_1,3,0.04666666666666667
9765,candidate_3,candidate_2,candidate_1,3,0.04666666666666667
9766,candidate_3,candidate_2,candidate_1,3,0.04666666666666667
9767,candidate_3,candidate_2,candidate_1,3,0.04666666666666667
9768,candidate_3,candidate_2,candidate_1,3,0.04666666666666667
9769,candidate_3,candidate_2,candidate_1,3,0.04666666666666667
9770,candidate_3,candidate_2,candidate_1,3,0.04666666666666667
9771,candidate_3,candidate_2,candidate_1,3,0.04666666666666667
9772,candidate_3,candidate_2,candidate_1,3,0.04666666666666667
9773,candidate_3,candidate_2,candidate_1,3,0.04666666666666667
9774,candidate_3,candidate_2,candidate_1,3,0.04666666666666667
9775,0,candidate_2,candidate_1,3,0.04666666666666667
9776,candidate_3,candidate_2,candidate_1,3,0.04666666666666667
9777,candidate_3,candidate_2,candidate_1,3,0.04666666666666667
9778,candidate_3,candidate_2,candidate_1,3,0.04666666666666667
9779,candidate_3,candidate_2,candidate_1,3,0.04666666666666667
9780,candidate_3,candidate_2,candidate_1,3,0.04666666666666667
9781,candidate_3,candidate_2,candidate_1,3,0.04666666666666667
9782,candidate_3,candidate_2,candidate_1,3,0.04666666666666667
9783,candidate_3,candidate_2,candidate_1,3,0.04666666666666667
9784,candidate_3,candidate_2,candidate_1,3,0.04666666666666667
9785,candidate_3,candidate_2,candidate_1,3,0.04666666666666667
9786,candidate_3,candidate_2,candidate_1,3,0.04666666666666667
9787,candidate_3,candidate_2,candidate_1,3,0.04666666666666667
9788,candidate_3,candidate_2,candidate_1,3,0.04666666666666667
9789,candidate_3,candidate_2,0,3,0.04666666666666667
9790,candidate_3,candidate_2,candidate_1,3,0.04666666666666667
9791,candidate_3,candidate_2,candidate_1,3,0.04666666666666667
9792,candidate_3,candidate_2,candidate_1,3,0.04666666666666667
9793,candidate_3,candidate_2,candidate_1,3,0.04666666666666667
9794,candidate_3,candidate_2,0,3,0.04666666666666667
9795,0,candidate_2,candidate_1,3,0.04666666666666667
9796,candidate_3,candidate_2,candidate_1,3,0.04666666666666667
9797,candidate_3,candidate_2,candidate_1,3,0.04666666666666667
9798,candidate_3,candidate_2,candidate_1,3,0.04666666666666667
9799,candidate_3,candidate_2,candidate_1,3,0.04666666666666667
9800,candidate_3,candidate_2,candidate_1,3,0.04666666666666667
9801,candidate_3,candidate_2,candidate_1,3,0.04666666666666667
9802,candidate_3,candidate_2,candidate_1,3,0.04666666666666667
9803,candidate_3,candidate_2,candidate_1,3,0.04666666666666667
9804,candidate_3,candidate_2,candidate_1,3,0.04666666666666667
9805,candidate_3,candidate_2,candidate_1,3,0.04666666666666667
9806,candidate_3,candidate_2,candidate_1,3,0.04666666666666667
9807,candidate_3,candidate_2,candidate_1,3,0.04666666666666667
9808,candidate_3,candidate_2,candidate_1,3,0.04666666666666667
9809,candidate_3,candidate_2,candidate_1,3,0.04666666666666667
9810,candidate_3,candidate_2,candidate_1,3,0.04666666666666667
9811,candidate_3,candidate_2,candidate_1,3,0.04666666666666667
9812,candidate_3,candidate_2,candidate_1,3,0.04666666666666667
9813,candidate_3,candidate_2,candidate_1,3,0.04666666666666667
9814,candidate_3,candidate_2,candidate_1,3,0.04666666666666667
9815,candidate_3,candidate_2,candidate_1,3,0.04666666666666667
9816,candidate_3,candidate_2,candidate_1,3,0.04666666666666667
9817,candidate_3,candidate_2,candidate_1,3,0.04666666666666667
9818,candidate_3,candidate_2,candidate_1,3,0.04666666666666667
9819,0,candidate_2,candidate_1,3,0.04666666666666667
9820,candidate_3,candidate_2,candidate_1,3,0.04666666666666667
9821,candidate_3,candidate_2,candidate_1,3,0.04666666666666667
9822,candidate_3,candidate_2,candidate_1,3,0.04666666666666667
9823,candidate_3,candidate_2,candidate_1,3,0.04666666666666667
9824,0,candidate_2,candidate_1,3,0.04666666666666667
9825,candidate_3,candidate_2,candidate_1,3,0.04666666666666667
9826,candidate_3,0,candidate_1,3,0.04666666666666667
9827,candidate_3,candidate_2,candidate_1,3,0.04666666666666667
9828,candidate_3,candidate_2,candidate_1,3,0.04666666666666667
9829,candidate_3,candidate_2,candidate_1,3,0.04666666666666667
9830,candidate_3,candidate_2,candidate_1,3,0.04666666666666667
9831,candidate_3,candidate_2,candidate_1,3,0.04666666666666667
9832,candidate_3,candidate_2,candidate_1,3,0.04666666666666667
9833,candidate_3,candidate_2,candidate_1,3,0.04666666666666667
9834,candidate_3,candidate_2,candidate_1,3,0.04666666666666667
9835,candidate_3,0,candidate_1,3,0.04666666666666667
9836,candidate_3,candidate_2,candidate_1,3,0.04666666666666667
9837,candidate_3,candidate_2,candidate_1,3,0.04666666666666667
9838,candidate_3,candidate_2,candidate_1,3,0.04666666666666667
9839,candidate_3,candidate_2,candidate_1,3,0.04666666666666667
9840,candidate_3,candidate_2,candidate_1,3,0.04666666666666667
9841,candidate_3,0,candidate_1,3,0.04666666666666667
9842,candidate_3,candidate_2,candidate_1,3,0.04666666666666667
9843,candidate_3,candidate_2,candidate_1,3,0.04666666666666667
9844,candidate_3,candidate_2,candidate_1,3,0.04666666666666667
9845,candidate_3,candidate_2,candidate_1,3,0.04666666666666667
9846,candidate_3,candidate_2,candidate_1,3,0.04666666666666667
9847,candidate_3,candidate_2,candidate_1,3,0.04666666666666667
9848,candidate_3,candidate_2,candidate_1,3,0.04666666666666667
9849,candidate_3,candidate_2,candidate_1,3,0.04666666666666667
9850,candidate_3,candidate_2,0,3,0.04666666666666667
9851,candidate_3,candidate_2,candidate_1,3,0.04666666666666667
9852,candidate_3,candidate_2,candidate_1,3,0.04666666666666667
9853,candidate_3,candidate_2,candidate_1,3,0.04666666666666667
9854,candidate_3,candidate_2,candidate_1,3,0.04666666666666667
9855,candidate_3,candidate_2,candidate_1,3,0.04666666666666667
9856,candidate_3,candidate_2,candidate_1,3,0.04666666666666667
9857,candidate_3,candidate_2,candidate_1,3,0.04666666666666667
9858,candidate_3,candidate_2,candidate_1,3,0.04666666666666667
9859,candidate_3,0,candidate_1,3,0.04666666666666667
9860,candidate_3,candidate_2,candidate_1,3,0.04666666666666667
9861,candidate_3,candidate_2,candidate_1,3,0.04666666666666667
9862,candidate_3,candidate_2,candidate_1,3,0.04666666666666667
9863,candidate_3,0,candidate_1,3,0.04666666666666667
9864,candidate_3,candidate_2,candidate_1,3,0.04666666666666667
9865,candidate_3,candidate_2,candidate_1,3,0.04666666666666667
9866,candidate_3,candidate_2,candidate_1,3,0.04666666666666667
9867,candidate_3,candidate_2,candidate_1,3,0.04666666666666667
9868,candidate_3,candidate_2,candidate_1,3,0.04666666666666667
9869,candidate_3,candidate_2,candidate_1,3,0.04666666666666667
9870,candidate_3,candidate_2,candidate_1,3,0.04666666666666667
9871,candidate_3,candidate_2,candidate_1,3,0.04666666666666667
9872,candidate_3,candidate_2,candidate_1,3,0.04666666666666667
9873,candidate_3,candidate_2,candidate_1,3,0.04666666666666667
9874,candidate_3,candidate_2,candidate_1,3,0.04666666666666667
9875,candidate_3,candidate_2,candidate_1,3,0.04666666666666667
9876,candidate_3,candidate_2,candidate_1,3,0.04666666666666667
9877,candidate_3,candidate_2,candidate_1,3,0.04666666666666667
9878,candidate_3,candidate_2,candidate_1,3,0.04666666666666667
9879,candidate_3,candidate_2,candidate_1,3,0.04666666666666667
9880,candidate_3,candidate_2,candidate_1,3,0.04666666666666667
9881,candidate_3,candidate_2,candidate_1,3,0.04666666666666667
9882,candidate_3,candidate_2,candidate_1,3,0.04666666666666667
9883,candidate_3,candidate_2,candidate_1,3,0.04666666666666667
9884,candidate_3,candidate_2,candidate_1,3,0.04666666666666667
9885,0,candidate_2,candidate_1,3,0.04666666666666667
9886,candidate_3,candidate_2,candidate_1,3,0.04666666666666667
9887,candidate_3,0,candidate_1,3,0.04666666666666667
9888,candidate_3,candidate_2,candidate_1,3,0.04666666666666667
9889,candidate_3,candidate_2,candidate_1,3,0.04666666666666667
9890,candidate_3,candidate_2,candidate_1,3,0.04666666666666667
9891,candidate_3,candidate_2,candidate_1,3,0.04666666666666667
9892,candidate_3,candidate_2,candidate_1,3,0.04666666666666667
9893,candidate_3,candidate_2,candidate_1,3,0.04666666666666667
9894,candidate_3,candidate_2,candidate_1,3,0.04666666666666667
9895,candidate_3,candidate_2,candidate_1,3,0.04666666666666667
9896,candidate_3,candidate_2,candidate_1,3,0.04666666666666667
9897,candidate_3,candidate_2,candidate_1,3,0.04666666666666667
9898,candidate_3,candidate_2,candidate_1,3,0.04666666666666667
9899,candidate_3,candidate_2,candidate_1,3,0.04666666666666667
9900,candidate_3,candidate_2,candidate_1,3,0.04666666666666667
9901,candidate_3,candidate_2,candidate_1,3,0.04666666666666667
9902,candidate_3,candidate_2,candidate_1,3,0.04666666666666667
9903,candidate_3,candidate_2,candidate_1,3,0.04666666666666667
9904,candidate_3,candidate_2,candidate_1,3,0.04666666666666667
9905,candidate_3,candidate_2,candidate_1,3,0.04666666666666667
9906,candidate_3,candidate_2,candidate_1,3,0.04666666666666667
9907,candidate_3,candidate_2,candidate_1,3,0.04666666666666667
9908,candidate_3,candidate_2,candidate_1,3,0.04666666666666667
9909,candidate_3,candidate_2,candidate_1,3,0.04666666666666667
9910,candidate_3,candidate_2,candidate_1,3,0.04666666666666667
9911,candidate_3,candidate_2,candidate_1,3,0.04666666666666667
9912,candidate_3,0,candidate_1,3,0.04666666666666667
9913,candidate_3,candidate_2,candidate_1,3,0.04666666666666667
9914,candidate_3,candidate_2,candidate_1,3,0.04666666666666667
9915,candidate_3,candidate_2,candidate_1,3,0.04666666666666667
9916,candidate_3,candidate_2,candidate_1,3,0.04666666666666667
9917,candidate_3,candidate_2,candidate_1,3,0.04666666666666667
9918,candidate_3,candidate_2,candidate_1,3,0.04666666666666667
9919,candidate_3,candidate_2,candidate_1,3,0.04666666666666667
9920,candidate_3,candidate_2,candidate_1,3,0.04666666666666667
9921,candidate_3,candidate_2,candidate_1,3,0.04666666666666667
9922,candidate_3,candidate_2,candidate_1,3,0.04666666666666667
9923,candidate_3,candidate_2,candidate_1,3,0.04666666666666667
9924,candidate_3,candidate_2,candidate_1,3,0.04666666666666667
9925,candidate_3,candidate_2,candidate_1,3,0.04666666666666667
9926,candidate_3,candidate_2,candidate_1,3,0.04666666666666667
9927,candidate_3,candidate_2,candidate_1,3,0.04666666666666667
9928,candidate_3,candidate_2,candidate_1,3,0.04666666666666667
9929,candidate_3,candidate_2,candidate_1,3,0.04666666666666667
9930,candidate_3,candidate_2,candidate_1,3,0.04666666666666667
9931,candidate_3,0,candidate_1,3,0.04666666666666667
9932,candidate_3,candidate_2,candidate_1,3,0.04666666666666667
9933,candidate_3,candidate_2,candidate_1,3,0.04666666666666667
9934,candidate_3,candidate_2,candidate_1,3,0.04666666666666667
9935,candidate_3,candidate_2,candidate_1,3,0.04666666666666667
9936,candidate_3,candidate_2,candidate_1,3,0.04666666666666667
9937,candidate_3,candidate_2,candidate_1,3,0.04666666666666667
9938,candidate_3,candidate_2,candidate_1,3,0.04666666666666667
9939,candidate_3,candidate_2,candidate_1,3,0.04666666666666667
9940,candidate_3,candidate_2,candidate_1,3,0.04666666666666667
9941,candidate_3,candidate_2,candidate_1,3,0.04666666666666667
9942,candidate_3,candidate_2,candidate_1,3,0.04666666666666667
9943,candidate_3,candidate_2,candidate_1,3,0.04666666666666667
9944,candidate_3,candidate_2,candidate_1,3,0.04666666666666667
9945,candidate_3,candidate_2,candidate_1,3,0.04666666666666667
9946,candidate_3,candidate_2,candidate_1,3,0.04666666666666667
9947,candidate_3,candidate_2,candidate_1,3,0.04666666666666667
9948,candidate_3,candidate_2,candidate_1,3,0.04666666666666667
9949,candidate_3,0,candidate_1,3,0.04666666666666667
9950,candidate_3,candidate_2,candidate_1,3,0.04666666666666667
9951,candidate_3,candidate_2,candidate_1,3,0.04666666666666667
9952,candidate_3,candidate_2,0,3,0.04666666666666667
9953,candidate_3,candidate_2,candidate_1,3,0.04666666666666667
9954,candidate_3,candidate_2,candidate_1,3,0.04666666666666667
9955,candidate_3,candidate_2,candidate_1,3,0.04666666666666667
9956,candidate_3,candidate_2,candidate_1,3,0.04666666666666667
9957,0,candidate_2,candidate_1,3,0.04666666666666667
9958,candidate_3,candidate_2,candidate_1,3,0.04666666666666667
9959,candidate_3,candidate_2,candidate_1,3,0.04666666666666667
9960,candidate_3,candidate_2,candidate_1,3,0.04666666666666667
9961,candidate_3,candidate_2,candidate_1,3,0.04666666666666667
9962,candidate_3,candidate_2,candidate_1,3,0.04666666666666667
9963,candidate_3,candidate_2,0,3,0.04666666666666667
9964,candidate_3,0,candidate_1,3,0.04666666666666667
9965,candidate_3,0,candidate_1,3,0.04666666666666667
9966,candidate_3,candidate_2,candidate_1,3,0.04666666666666667
9967,candidate_3,candidate_2,candidate_1,3,0.04666666666666667
9968,candidate_3,candidate_2,candidate_1,3,0.04666666666666667
9969,candidate_3,candidate_2,candidate_1,3,0.04666666666666667
9970,candidate_3,candidate_2,candidate_1,3,0.04666666666666667
9971,candidate_3,candidate_2,candidate_1,3,0.04666666666666667
9972,candidate_3,candidate_2,candidate_1,3,0.04666666666666667
9973,candidate_3,candidate_2,candidate_1,3,0.04666666666666667
9974,candidate_3,candidate_2,candidate_1,3,0.04666666666666667
9975,candidate_3,candidate_2,candidate_1,3,0.04666666666666667
9976,candidate_3,candidate_2,candidate_1,3,0.04666666666666667
9977,candidate_3,candidate_2,candidate_1,3,0.04666666666666667
9978,candidate_3,0,candidate_1,3,0.04666666666666667
9979,candidate_3,candidate_2,candidate_1,3,0.04666666666666667
9980,candidate_3,candidate_2,0,3,0.04666666666666667
9981,candidate_3,0,candidate_1,3,0.04666666666666667
9982,0,candidate_2,candidate_1,3,0.04666666666666667
9983,candidate_3,candidate_2,candidate_1,3,0.04666666666666667
9984,0,candidate_2,candidate_1,3,0.04666666666666667
9985,candidate_3,candidate_2,candidate_1,3,0.04666666666666667
9986,0,candidate_2,candidate_1,3,0.04666666666666667
9987,candidate_3,candidate_2,candidate_1,3,0.04666666666666667
9988,candidate_3,candidate_2,candidate_1,3,0.04666666666666667
9989,0,candidate_2,candidate_1,3,0.04666666666666667
9990,candidate_3,candidate_2,candidate_1,3,0.04666666666666667
9991,candidate_3,candidate_2,candidate_1,3,0.04666666666666667
9992,candidate_3,candidate_2,candidate_1,3,0.04666666666666667
9993,candidate_3,candidate_2,0,3,0.04666666666666667
9994,candidate_3,candidate_2,candidate_1,3,0.04666666666666667
9995,candidate_3,0,candidate_1,3,0.04666666666666667
9996,candidate_3,candidate_2,candidate_1,3,0.04666666666666667
9997,candidate_3,candidate_2,candidate_1,3,0.04666666666666667
9998,candidate_3,candidate_2,candidate_1,3,0.04666666666666667
9999,candidate_3,candidate_2,candidate_1,3,0.04666666666666667
10000,candidate_3,candidate_2,candidate_1,3,0.04666666666666667
10001,candidate_3,candidate_2,candidate_1,3,0.04666666666666667
10002,candidate_3,candidate_2,candidate_1,3,0.04666666666666667
10003,candidate_3,candidate_2,candidate_1,3,0.04666666666666667
10004,candidate_3,candidate_2,candidate_1,3,0.04666666666666667
10005,candidate_3,candidate_2,candidate_1,3,0.04666666666666667
10006,candidate_3,candidate_2,candidate_1,3,0.04666666666666667
10007,candidate_3,candidate_2,candidate_1,3,0.04666666666666667
10008,candidate_3,candidate_2,candidate_1,3,0.04666666666666667
10009,candidate_3,candidate_2,candidate_1,3,0.04666666666666667
10010,candidate_3,candidate_2,candidate_1,3,0.04666666666666667
10011,candidate_3,candidate_2,candidate_1,3,0.04666666666666667
10012,candidate_3,candidate_2,candidate_1,3,0.04666666666666667
10013,candidate_3,candidate_2,candidate_1,3,0.04666666666666667
10014,candidate_3,candidate_2,candidate_1,3,0.04666666666666667
10015,candidate_3,candidate_2,candidate_1,3,0.04666666666666667
10016,candidate_3,candidate_2,candidate_1,3,0.04666666666666667
10017,candidate_3,candidate_2,candidate_1,3,0.04666666666666667
10018,candidate_3,candidate_2,candidate_1,3,0.04666666666666667
10019,candidate_3,candidate_2,candidate_1,3,0.04666666666666667
10020,candidate_3,candidate_2,candidate_1,3,0.04666666666666667
10021,candidate_3,candidate_2,candidate_1,3,0.04666666666666667
10022,candidate_3,candidate_2,candidate_1,3,0.04666666666666667
10023,candidate_3,candidate_2,candidate_1,3,0.04666666666666667
10024,candidate_3,candidate_2,candidate_1,3,0.04666666666666667
10025,candidate_3,candidate_2,candidate_1,3,0.04666666666666667
10026,candidate_3,candidate_2,candidate_1,3,0.04666666666666667
10027,candidate_3,candidate_2,candidate_1,3,0.04666666666666667
10028,candidate_3,candidate_2,candidate_1,3,0.04666666666666667
10029,candidate_3,candidate_2,candidate_1,3,0.04666666666666667
10030,candidate_3,candidate_2,candidate_1,3,0.04666666666666667
10031,candidate_3,candidate_2,candidate_1,3,0.04666666666666667
10032,candidate_3,candidate_2,candidate_1,3,0.04666666666666667
10033,candidate_3,candidate_2,candidate_1,3,0.04666666666666667
10034,candidate_3,candidate_2,candidate_1,3,0.04666666666666667
10035,candidate_3,candidate_2,candidate_1,3,0.04666666666666667
10036,candidate_3,candidate_2,candidate_1,3,0.04666666666666667
10037,candidate_3,candidate_2,candidate_1,3,0.04666666666666667
10038,candidate_3,0,candidate_1,3,0.04666666666666667
10039,candidate_3,candidate_2,candidate_1,3,0.04666666666666667
10040,candidate_3,candidate_2,candidate_1,3,0.04666666666666667
10041,candidate_3,candidate_2,candidate_1,3,0.04666666666666667
10042,candidate_3,0,candidate_1,3,0.04666666666666667
10043,candidate_3,candidate_2,candidate_1,3,0.04666666666666667
10044,0,candidate_2,candidate_1,3,0.04666666666666667
10045,candidate_3,candidate_2,candidate_1,3,0.04666666666666667
10046,candidate_3,candidate_2,candidate_1,3,0.04666666666666667
10047,candidate_3,candidate_2,0,3,0.04666666666666667
10048,0,candidate_2,candidate_1,3,0.04666666666666667
10049,candidate_3,candidate_2,candidate_1,3,0.04666666666666667
10050,candidate_3,candidate_2,candidate_1,3,0.04666666666666667
10051,candidate_3,candidate_2,candidate_1,3,0.04666666666666667
10052,candidate_3,candidate_2,candidate_1,3,0.04666666666666667
10053,candidate_3,candidate_2,candidate_1,3,0.04666666666666667
10054,candidate_3,0,candidate_1,3,0.04666666666666667
10055,candidate_3,candidate_2,candidate_1,3,0.04666666666666667
10056,candidate_3,candidate_2,candidate_1,3,0.04666666666666667
10057,candidate_3,candidate_2,candidate_1,3,0.04666666666666667
10058,candidate_3,candidate_2,candidate_1,3,0.04666666666666667
10059,candidate_3,candidate_2,candidate_1,3,0.04666666666666667
10060,candidate_3,candidate_2,candidate_1,3,0.04666666666666667
10061,candidate_3,candidate_2,candidate_1,3,0.04666666666666667
10062,candidate_3,candidate_2,candidate_1,3,0.04666666666666667
10063,0,candidate_2,candidate_1,3,0.04666666666666667
10064,0,0,candidate_1,3,0.04666666666666667
10065,candidate_3,candidate_2,candidate_1,3,0.04666666666666667
10066,candidate_3,candidate_2,candidate_1,3,0.04666666666666667
10067,candidate_3,candidate_2,candidate_1,3,0.04666666666666667
10068,candidate_3,candidate_2,candidate_1,3,0.04666666666666667
10069,candidate_3,candidate_2,candidate_1,3,0.04666666666666667
10070,candidate_3,candidate_2,candidate_1,3,0.04666666666666667
10071,candidate_3,candidate_2,candidate_1,3,0.04666666666666667
10072,candidate_3,candidate_2,candidate_1,3,0.04666666666666667
10073,candidate_3,candidate_2,candidate_1,3,0.04666666666666667
10074,candidate_3,candidate_2,candidate_1,3,0.04666666666666667
10075,candidate_3,candidate_2,candidate_1,3,0.04666666666666667
10076,candidate_3,candidate_2,candidate_1,3,0.04666666666666667
10077,candidate_3,candidate_2,candidate_1,3,0.04666666666666667
10078,candidate_3,candidate_2,candidate_1,3,0.04666666666666667
10079,candidate_3,candidate_2,candidate_1,3,0.04666666666666667
10080,candidate_3,candidate_2,candidate_1,3,0.04666666666666667
10081,candidate_3,candidate_2,candidate_1,3,0.04666666666666667
10082,candidate_3,candidate_2,candidate_1,3,0.04666666666666667
10083,candidate_3,candidate_2,candidate_1,3,0.04666666666666667
10084,candidate_3,candidate_2,candidate_1,3,0.04666666666666667
10085,candidate_3,candidate_2,candidate_1,3,0.04666666666666667
10086,candidate_3,candidate_2,candidate_1,3,0.04666666666666667
10087,candidate_3,candidate_2,candidate_1,3,0.04666666666666667
10088,candidate_3,candidate_2,candidate_1,3,0.04666666666666667
10089,candidate_3,candidate_2,candidate_1,3,0.04666666666666667
10090,candidate_3,0,candidate_1,3,0.04666666666666667
10091,candidate_3,candidate_2,candidate_1,3,0.04666666666666667
10092,candidate_3,candidate_2,candidate_1,3,0.04666666666666667
10093,candidate_3,candidate_2,candidate_1,3,0.04666666666666667
10094,candidate_3,candidate_2,candidate_1,3,0.04666666666666667
10095,candidate_3,candidate_2,candidate_1,3,0.04666666666666667
10096,candidate_3,candidate_2,candidate_1,3,0.04666666666666667
10097,candidate_3,0,candidate_1,3,0.04666666666666667
10098,candidate_3,candidate_2,candidate_1,3,0.04666666666666667
10099,candidate_3,candidate_2,candidate_1,3,0.04666666666666667
10100,candidate_3,candidate_2,0,3,0.04666666666666667
10101,candidate_3,candidate_2,candidate_1,3,0.04666666666666667
10102,candidate_3,candidate_2,candidate_1,3,0.04666666666666667
10103,candidate_3,candidate_2,candidate_1,3,0.04666666666666667
10104,candidate_3,candidate_2,candidate_1,3,0.04666666666666667
10105,candidate_3,candidate_2,candidate_1,3,0.04666666666666667
10106,candidate_3,candidate_2,candidate_1,3,0.04666666666666667
10107,candidate_3,candidate_2,candidate_1,3,0.04666666666666667
10108,candidate_3,candidate_2,candidate_1,3,0.04666666666666667
10109,candidate_3,candidate_2,candidate_1,3,0.04666666666666667
10110,candidate_3,candidate_2,candidate_1,3,0.04666666666666667
10111,candidate_3,candidate_2,candidate_1,3,0.04666666666666667
10112,candidate_3,candidate_2,candidate_1,3,0.04666666666666667
10113,candidate_3,candidate_2,candidate_1,3,0.04666666666666667
10114,candidate_3,candidate_2,candidate_1,3,0.04666666666666667
10115,candidate_3,candidate_2,candidate_1,3,0.04666666666666667
10116,candidate_3,candidate_2,candidate_1,3,0.04666666666666667
10117,candidate_3,candidate_2,candidate_1,3,0.04666666666666667
10118,0,candidate_2,candidate_1,3,0.04666666666666667
10119,candidate_3,candidate_2,candidate_1,3,0.04666666666666667
10120,candidate_3,candidate_2,candidate_1,3,0.04666666666666667
10121,candidate_3,candidate_2,candidate_1,3,0.04666666666666667
10122,candidate_3,candidate_2,candidate_1,3,0.04666666666666667
10123,candidate_3,candidate_2,candidate_1,3,0.04666666666666667
10124,candidate_3,candidate_2,candidate_1,3,0.04666666666666667
10125,candidate_3,candidate_2,candidate_1,3,0.04666666666666667
10126,candidate_3,candidate_2,candidate_1,3,0.04666666666666667
10127,candidate_3,0,candidate_1,3,0.04666666666666667
10128,candidate_3,candidate_2,candidate_1,3,0.04666666666666667
10129,candidate_3,candidate_2,candidate_1,3,0.04666666666666667
10130,candidate_3,candidate_2,candidate_1,3,0.04666666666666667
10131,candidate_3,candidate_2,candidate_1,3,0.04666666666666667
10132,candidate_3,candidate_2,candidate_1,3,0.04666666666666667
10133,candidate_3,candidate_2,candidate_1,3,0.04666666666666667
10134,candidate_3,candidate_2,candidate_1,3,0.04666666666666667
10135,candidate_3,candidate_2,candidate_1,3,0.04666666666666667
10136,candidate_3,candidate_2,candidate_1,3,0.04666666666666667
10137,candidate_3,candidate_2,candidate_1,3,0.04666666666666667
10138,0,candidate_2,candidate_1,3,0.04666666666666667
10139,candidate_3,candidate_2,candidate_1,3,0.04666666666666667
10140,candidate_3,candidate_2,candidate_1,3,0.04666666666666667
10141,candidate_3,candidate_2,candidate_1,3,0.04666666666666667
10142,candidate_3,candidate_2,candidate_1,3,0.04666666666666667
10143,candidate_3,candidate_2,candidate_1,3,0.04666666666666667
10144,candidate_3,candidate_2,candidate_1,3,0.04666666666666667
10145,candidate_3,candidate_2,candidate_1,3,0.04666666666666667
10146,candidate_3,candidate_2,candidate_1,3,0.04666666666666667
10147,candidate_3,candidate_2,candidate_1,3,0.04666666666666667
10148,candidate_3,candidate_2,0,3,0.04666666666666667
10149,candidate_3,candidate_2,candidate_1,3,0.04666666666666667
10150,candidate_3,candidate_2,candidate_1,3,0.04666666666666667
10151,candidate_3,candidate_2,candidate_1,3,0.04666666666666667
10152,candidate_3,candidate_2,candidate_1,3,0.04666666666666667
10153,candidate_3,candidate_2,candidate_1,3,0.04666666666666667
10154,candidate_3,candidate_2,candidate_1,3,0.04666666666666667
10155,candidate_3,candidate_2,candidate_1,3,0.04666666666666667
10156,candidate_3,0,candidate_1,3,0.04666666666666667
10157,candidate_3,candidate_2,0,3,0.04666666666666667
10158,candidate_3,candidate_2,candidate_1,3,0.04666666666666667
10159,candidate_3,0,candidate_1,3,0.04666666666666667
10160,candidate_3,candidate_2,candidate_1,3,0.04666666666666667
10161,0,candidate_2,candidate_1,3,0.04666666666666667
10162,candidate_3,0,candidate_1,3,0.04666666666666667
10163,candidate_3,candidate_2,candidate_1,3,0.04666666666666667
10164,candidate_3,candidate_2,candidate_1,3,0.04666666666666667
10165,candidate_3,candidate_2,candidate_1,3,0.04666666666666667
10166,candidate_3,candidate_2,candidate_1,3,0.04666666666666667
10167,candidate_3,candidate_2,0,3,0.04666666666666667
10168,candidate_3,candidate_2,candidate_1,3,0.04666666666666667
10169,candidate_3,candidate_2,candidate_1,3,0.04666666666666667
10170,candidate_3,candidate_2,candidate_1,3,0.04666666666666667
10171,candidate_3,candidate_2,0,3,0.04666666666666667
10172,candidate_3,candidate_2,candidate_1,3,0.04666666666666667
10173,candidate_3,candidate_2,candidate_1,3,0.04666666666666667
10174,candidate_3,candidate_2,candidate_1,3,0.04666666666666667
10175,candidate_3,candidate_2,candidate_1,3,0.04666666666666667
10176,candidate_3,candidate_2,candidate_1,3,0.04666666666666667
10177,0,candidate_2,candidate_1,3,0.04666666666666667
10178,candidate_3,0,candidate_1,3,0.04666666666666667
10179,candidate_3,candidate_2,candidate_1,3,0.04666666666666667
10180,candidate_3,candidate_2,candidate_1,3,0.04666666666666667
10181,candidate_3,candidate_2,candidate_1,3,0.04666666666666667
10182,candidate_3,candidate_2,candidate_1,3,0.04666666666666667
10183,candidate_3,candidate_2,candidate_1,3,0.04666666666666667
10184,candidate_3,candidate_2,candidate_1,3,0.04666666666666667
10185,candidate_3,candidate_2,candidate_1,3,0.04666666666666667
10186,candidate_3,candidate_2,0,3,0.04666666666666667
10187,candidate_3,candidate_2,candidate_1,3,0.04666666666666667
10188,candidate_3,candidate_2,candidate_1,3,0.04666666666666667
10189,candidate_3,candidate_2,candidate_1,3,0.04666666666666667
10190,candidate_3,candidate_2,candidate_1,3,0.04666666666666667
10191,candidate_3,candidate_2,candidate_1,3,0.04666666666666667
10192,candidate_3,candidate_2,candidate_1,3,0.04666666666666667
10193,candidate_3,candidate_2,candidate_1,3,0.04666666666666667
10194,candidate_3,candidate_2,candidate_1,3,0.04666666666666667
10195,candidate_3,candidate_2,candidate_1,3,0.04666666666666667
10196,candidate_3,candidate_2,0,3,0.04666666666666667
10197,candidate_3,candidate_2,candidate_1,3,0.04666666666666667
10198,candidate_3,candidate_2,0,3,0.04666666666666667
10199,candidate_3,candidate_2,candidate_1,3,0.04666666666666667
10200,candidate_3,candidate_2,candidate_1,3,0.04666666666666667
10201,candidate_3,candidate_2,candidate_1,3,0.04666666666666667
10202,candidate_3,candidate_2,candidate_1,3,0.04666666666666667
10203,candidate_3,candidate_2,candidate_1,3,0.04666666666666667
10204,candidate_3,candidate_2,candidate_1,3,0.04666666666666667
10205,candidate_3,candidate_2,candidate_1,3,0.04666666666666667
10206,candidate_3,candidate_2,candidate_1,3,0.04666666666666667
10207,candidate_3,candidate_2,candidate_1,3,0.04666666666666667
10208,candidate_3,0,candidate_1,3,0.04666666666666667
10209,candidate_3,candidate_2,candidate_1,3,0.04666666666666667
10210,candidate_3,candidate_2,candidate_1,3,0.04666666666666667
10211,candidate_3,candidate_2,candidate_1,3,0.04666666666666667
10212,candidate_3,candidate_2,candidate_1,3,0.04666666666666667
10213,candidate_3,candidate_2,candidate_1,3,0.04666666666666667
10214,candidate_3,candidate_2,candidate_1,3,0.04666666666666667
10215,candidate_3,candidate_2,candidate_1,3,0.04666666666666667
10216,candidate_3,candidate_2,candidate_1,3,0.04666666666666667
10217,candidate_3,candidate_2,candidate_1,3,0.04666666666666667
10218,candidate_3,candidate_2,candidate_1,3,0.04666666666666667
10219,candidate_3,candidate_2,candidate_1,3,0.04666666666666667
10220,0,0,candidate_1,3,0.04666666666666667
10221,candidate_3,candidate_2,candidate_1,3,0.04666666666666667
10222,candidate_3,candidate_2,candidate_1,3,0.04666666666666667
10223,candidate_3,candidate_2,candidate_1,3,0.04666666666666667
10224,candidate_3,candidate_2,candidate_1,3,0.04666666666666667
10225,candidate_3,candidate_2,candidate_1,3,0.04666666666666667
10226,candidate_3,candidate_2,candidate_1,3,0.04666666666666667
10227,candidate_3,candidate_2,candidate_1,3,0.04666666666666667
10228,candidate_3,candidate_2,candidate_1,3,0.04666666666666667
10229,0,candidate_2,candidate_1,3,0.04666666666666667
10230,candidate_3,candidate_2,candidate_1,3,0.04666666666666667
10231,candidate_3,candidate_2,candidate_1,3,0.04666666666666667
10232,candidate_3,0,candidate_1,3,0.04666666666666667
10233,candidate_3,candidate_2,candidate_1,3,0.04666666666666667
10234,candidate_3,candidate_2,candidate_1,3,0.04666666666666667
10235,candidate_3,candidate_2,candidate_1,3,0.04666666666666667
10236,candidate_3,candidate_2,candidate_1,3,0.04666666666666667
10237,candidate_3,candidate_2,candidate_1,3,0.04666666666666667
10238,candidate_3,candidate_2,candidate_1,3,0.04666666666666667
10239,candidate_3,candidate_2,candidate_1,3,0.04666666666666667
10240,0,candidate_2,candidate_1,3,0.04666666666666667
10241,candidate_3,candidate_2,candidate_1,3,0.04666666666666667
10242,candidate_3,candidate_2,candidate_1,3,0.04666666666666667
10243,candidate_3,candidate_2,candidate_1,3,0.04666666666666667
10244,candidate_3,candidate_2,candidate_1,3,0.04666666666666667
10245,candidate_3,candidate_2,candidate_1,3,0.04666666666666667
10246,candidate_3,candidate_2,candidate_1,3,0.04666666666666667
10247,candidate_3,0,candidate_1,3,0.04666666666666667
10248,candidate_3,candidate_2,candidate_1,3,0.04666666666666667
10249,candidate_3,candidate_2,candidate_1,3,0.04666666666666667
10250,candidate_3,candidate_2,candidate_1,3,0.04666666666666667
10251,candidate_3,candidate_2,candidate_1,3,0.04666666666666667
10252,candidate_3,candidate_2,candidate_1,3,0.04666666666666667
10253,candidate_3,0,candidate_1,3,0.04666666666666667
10254,candidate_3,candidate_2,candidate_1,3,0.04666666666666667
10255,candidate_3,candidate_2,candidate_1,3,0.04666666666666667
10256,candidate_3,candidate_2,candidate_1,3,0.04666666666666667
10257,candidate_3,candidate_2,candidate_1,3,0.04666666666666667
10258,candidate_3,candidate_2,candidate_1,3,0.04666666666666667
10259,candidate_3,candidate_2,candidate_1,3,0.04666666666666667
10260,candidate_3,candidate_2,candidate_1,3,0.04666666666666667
10261,candidate_3,candidate_2,candidate_1,3,0.04666666666666667
10262,candidate_3,candidate_2,candidate_1,3,0.04666666666666667
10263,candidate_3,candidate_2,candidate_1,3,0.04666666666666667
10264,candidate_3,candidate_2,candidate_1,3,0.04666666666666667
10265,candidate_3,0,candidate_1,3,0.04666666666666667
10266,candidate_3,candidate_2,candidate_1,3,0.04666666666666667
10267,candidate_3,0,candidate_1,3,0.04666666666666667
10268,candidate_3,candidate_2,candidate_1,3,0.04666666666666667
10269,candidate_3,candidate_2,candidate_1,3,0.04666666666666667
10270,candidate_3,candidate_2,candidate_1,3,0.04666666666666667
10271,candidate_3,candidate_2,candidate_1,3,0.04666666666666667
10272,candidate_3,candidate_2,candidate_1,3,0.04666666666666667
10273,candidate_3,candidate_2,candidate_1,3,0.04666666666666667
10274,candidate_3,candidate_2,candidate_1,3,0.04666666666666667
10275,candidate_3,candidate_2,candidate_1,3,0.04666666666666667
10276,candidate_3,candidate_2,candidate_1,3,0.04666666666666667
10277,0,candidate_2,candidate_1,3,0.04666666666666667
10278,candidate_3,candidate_2,0,3,0.04666666666666667
10279,candidate_3,candidate_2,candidate_1,3,0.04666666666666667
10280,candidate_3,candidate_2,candidate_1,3,0.04666666666666667
10281,candidate_3,candidate_2,candidate_1,3,0.04666666666666667
10282,candidate_3,candidate_2,candidate_1,3,0.04666666666666667
10283,candidate_3,candidate_2,candidate_1,3,0.04666666666666667
10284,candidate_3,candidate_2,candidate_1,3,0.04666666666666667
10285,candidate_3,candidate_2,candidate_1,3,0.04666666666666667
10286,candidate_3,candidate_2,candidate_1,3,0.04666666666666667
10287,candidate_3,candidate_2,candidate_1,3,0.04666666666666667
10288,candidate_3,candidate_2,0,3,0.04666666666666667
10289,candidate_3,candidate_2,candidate_1,3,0.04666666666666667
10290,candidate_3,candidate_2,candidate_1,3,0.04666666666666667
10291,candidate_3,candidate_2,candidate_1,3,0.04666666666666667
10292,candidate_3,candidate_2,candidate_1,3,0.04666666666666667
10293,candidate_3,candidate_2,candidate_1,3,0.04666666666666667
10294,candidate_3,candidate_2,candidate_1,3,0.04666666666666667
10295,candidate_3,0,candidate_1,3,0.04666666666666667
10296,candidate_3,candidate_2,candidate_1,3,0.04666666666666667
10297,candidate_3,candidate_2,candidate_1,3,0.04666666666666667
10298,candidate_3,candidate_2,candidate_1,3,0.04666666666666667
10299,candidate_3,candidate_2,candidate_1,3,0.04666666666666667
10300,candidate_3,candidate_2,candidate_1,3,0.04666666666666667
10301,candidate_3,candidate_2,candidate_1,3,0.04666666666666667
10302,candidate_3,candidate_2,candidate_1,3,0.04666666666666667
10303,0,candidate_2,candidate_1,3,0.04666666666666667
10304,0,candidate_2,candidate_1,3,0.04666666666666667
10305,candidate_3,candidate_2,candidate_1,3,0.04666666666666667
10306,candidate_3,candidate_2,candidate_1,3,0.04666666666666667
10307,candidate_3,candidate_2,candidate_1,3,0.04666666666666667
10308,candidate_3,candidate_2,candidate_1,3,0.04666666666666667
10309,candidate_3,0,candidate_1,3,0.04666666666666667
10310,candidate_3,candidate_2,candidate_1,3,0.04666666666666667
10311,candidate_3,candidate_2,0,3,0.04666666666666667
10312,candidate_3,candidate_2,candidate_1,3,0.04666666666666667
10313,candidate_3,candidate_2,candidate_1,3,0.04666666666666667
10314,candidate_3,candidate_2,candidate_1,3,0.04666666666666667
10315,candidate_3,0,candidate_1,3,0.04666666666666667
10316,candidate_3,candidate_2,candidate_1,3,0.04666666666666667
10317,candidate_3,candidate_2,candidate_1,3,0.04666666666666667
10318,candidate_3,candidate_2,0,3,0.04666666666666667
10319,candidate_3,candidate_2,candidate_1,3,0.04666666666666667
10320,0,candidate_2,candidate_1,3,0.04666666666666667
10321,candidate_3,candidate_2,candidate_1,3,0.04666666666666667
10322,candidate_3,candidate_2,candidate_1,3,0.04666666666666667
10323,candidate_3,candidate_2,candidate_1,3,0.04666666666666667
10324,candidate_3,candidate_2,candidate_1,3,0.04666666666666667
10325,candidate_3,candidate_2,candidate_1,3,0.04666666666666667
10326,candidate_3,0,candidate_1,3,0.04666666666666667
10327,0,candidate_2,candidate_1,3,0.04666666666666667
10328,candidate_3,candidate_2,candidate_1,3,0.04666666666666667
10329,candidate_3,candidate_2,candidate_1,3,0.04666666666666667
10330,candidate_3,candidate_2,candidate_1,3,0.04666666666666667
10331,candidate_3,candidate_2,candidate_1,3,0.04666666666666667
10332,candidate_3,candidate_2,candidate_1,3,0.04666666666666667
10333,candidate_3,candidate_2,candidate_1,3,0.04666666666666667
10334,0,candidate_2,candidate_1,3,0.04666666666666667
10335,candidate_3,candidate_2,candidate_1,3,0.04666666666666667
10336,candidate_3,candidate_2,candidate_1,3,0.04666666666666667
10337,candidate_3,candidate_2,candidate_1,3,0.04666666666666667
10338,candidate_3,candidate_2,candidate_1,3,0.04666666666666667
10339,candidate_3,candidate_2,0,3,0.04666666666666667
10340,candidate_3,candidate_2,candidate_1,3,0.04666666666666667
10341,candidate_3,candidate_2,candidate_1,3,0.04666666666666667
10342,candidate_3,candidate_2,candidate_1,3,0.04666666666666667
10343,candidate_3,candidate_2,candidate_1,3,0.04666666666666667
10344,candidate_3,candidate_2,candidate_1,3,0.04666666666666667
10345,candidate_3,candidate_2,candidate_1,3,0.04666666666666667
10346,candidate_3,candidate_2,candidate_1,3,0.04666666666666667
10347,candidate_3,candidate_2,candidate_1,3,0.04666666666666667
10348,candidate_3,candidate_2,candidate_1,3,0.04666666666666667
10349,candidate_3,candidate_2,candidate_1,3,0.04666666666666667
10350,candidate_3,candidate_2,candidate_1,3,0.04666666666666667
10351,candidate_3,candidate_2,candidate_1,3,0.04666666666666667
10352,0,candidate_2,candidate_1,3,0.04666666666666667
10353,candidate_3,candidate_2,candidate_1,3,0.04666666666666667
10354,candidate_3,candidate_2,candidate_1,3,0.04666666666666667
10355,candidate_3,candidate_2,candidate_1,3,0.04666666666666667
10356,candidate_3,candidate_2,candidate_1,3,0.04666666666666667
10357,candidate_3,candidate_2,candidate_1,3,0.04666666666666667
10358,candidate_3,candidate_2,candidate_1,3,0.04666666666666667
10359,candidate_3,candidate_2,candidate_1,3,0.04666666666666667
10360,candidate_3,candidate_2,candidate_1,3,0.04666666666666667
10361,candidate_3,candidate_2,candidate_1,3,0.04666666666666667
10362,candidate_3,candidate_2,candidate_1,3,0.04666666666666667
10363,candidate_3,candidate_2,candidate_1,3,0.04666666666666667
10364,candidate_3,candidate_2,candidate_1,3,0.04666666666666667
10365,candidate_3,candidate_2,candidate_1,3,0.04666666666666667
10366,candidate_3,candidate_2,candidate_1,3,0.04666666666666667
10367,candidate_3,candidate_2,candidate_1,3,0.04666666666666667
10368,candidate_3,candidate_2,candidate_1,3,0.04666666666666667
10369,candidate_3,candidate_2,candidate_1,3,0.04666666666666667
10370,candidate_3,candidate_2,candidate_1,3,0.04666666666666667
10371,candidate_3,0,candidate_1,3,0.04666666666666667
10372,candidate_3,candidate_2,0,3,0.04666666666666667
10373,0,candidate_2,candidate_1,3,0.04666666666666667
10374,candidate_3,candidate_2,candidate_1,3,0.04666666666666667
10375,candidate_3,candidate_2,candidate_1,3,0.04666666666666667
10376,candidate_3,0,candidate_1,3,0.04666666666666667
10377,candidate_3,candidate_2,candidate_1,3,0.04666666666666667
10378,candidate_3,candidate_2,candidate_1,3,0.04666666666666667
10379,candidate_3,candidate_2,candidate_1,3,0.04666666666666667
10380,candidate_3,candidate_2,candidate_1,3,0.04666666666666667
10381,candidate_3,candidate_2,0,3,0.04666666666666667
10382,0,candidate_2,candidate_1,3,0.04666666666666667
10383,candidate_3,0,candidate_1,3,0.04666666666666667
10384,candidate_3,candidate_2,candidate_1,3,0.04666666666666667
10385,candidate_3,candidate_2,candidate_1,3,0.04666666666666667
10386,candidate_3,candidate_2,candidate_1,3,0.04666666666666667
10387,candidate_3,0,candidate_1,3,0.04666666666666667
10388,0,candidate_2,candidate_1,3,0.04666666666666667
10389,candidate_3,candidate_2,candidate_1,3,0.04666666666666667
10390,candidate_3,candidate_2,candidate_1,3,0.04666666666666667
10391,candidate_3,candidate_2,candidate_1,3,0.04666666666666667
10392,0,candidate_2,candidate_1,3,0.04666666666666667
10393,0,candidate_2,candidate_1,3,0.04666666666666667
10394,candidate_3,candidate_2,candidate_1,3,0.04666666666666667
10395,candidate_3,candidate_2,candidate_1,3,0.04666666666666667
10396,candidate_3,candidate_2,candidate_1,3,0.04666666666666667
10397,candidate_3,candidate_2,candidate_1,3,0.04666666666666667
10398,candidate_3,candidate_2,candidate_1,3,0.04666666666666667
10399,candidate_3,candidate_2,candidate_1,3,0.04666666666666667
10400,candidate_3,candidate_2,candidate_1,3,0.04666666666666667
10401,candidate_3,candidate_2,candidate_1,3,0.04666666666666667
10402,candidate_3,candidate_2,candidate_1,3,0.04666666666666667
10403,candidate_3,candidate_2,candidate_1,3,0.04666666666666667
10404,candidate_3,candidate_2,candidate_1,3,0.04666666666666667
10405,candidate_3,candidate_2,candidate_1,3,0.04666666666666667
10406,candidate_3,candidate_2,candidate_1,3,0.04666666666666667
10407,candidate_3,candidate_2,candidate_1,3,0.04666666666666667
10408,candidate_3,candidate_2,candidate_1,3,0.04666666666666667
10409,candidate_3,candidate_2,candidate_1,3,0.04666666666666667
10410,0,candidate_2,candidate_1,3,0.04666666666666667
10411,candidate_3,candidate_2,candidate_1,3,0.04666666666666667
10412,candidate_3,candidate_2,candidate_1,3,0.04666666666666667
10413,candidate_3,0,candidate_1,3,0.04666666666666667
10414,candidate_3,candidate_2,0,3,0.04666666666666667
10415,candidate_3,candidate_2,candidate_1,3,0.04666666666666667
10416,candidate_3,candidate_2,candidate_1,3,0.04666666666666667
10417,candidate_3,candidate_2,candidate_1,3,0.04666666666666667
10418,candidate_3,candidate_2,candidate_1,3,0.04666666666666667
10419,candidate_3,candidate_2,candidate_1,3,0.04666666666666667
10420,candidate_3,candidate_2,candidate_1,3,0.04666666666666667
10421,candidate_3,candidate_2,candidate_1,3,0.04666666666666667
10422,candidate_3,candidate_2,candidate_1,3,0.04666666666666667
10423,candidate_3,candidate_2,candidate_1,3,0.04666666666666667
10424,candidate_3,candidate_2,candidate_1,3,0.04666666666666667
10425,candidate_3,candidate_2,candidate_1,3,0.04666666666666667
10426,candidate_3,candidate_2,candidate_1,3,0.04666666666666667
10427,candidate_3,0,candidate_1,3,0.04666666666666667
10428,candidate_3,candidate_2,candidate_1,3,0.04666666666666667
10429,candidate_3,candidate_2,0,3,0.04666666666666667
10430,candidate_3,candidate_2,candidate_1,3,0.04666666666666667
10431,candidate_3,candidate_2,candidate_1,3,0.04666666666666667
10432,candidate_3,candidate_2,candidate_1,3,0.04666666666666667
10433,candidate_3,candidate_2,candidate_1,3,0.04666666666666667
10434,candidate_3,candidate_2,candidate_1,3,0.04666666666666667
10435,candidate_3,candidate_2,candidate_1,3,0.04666666666666667
10436,0,candidate_2,candidate_1,3,0.04666666666666667
10437,candidate_3,candidate_2,candidate_1,3,0.04666666666666667
10438,candidate_3,candidate_2,candidate_1,3,0.04666666666666667
10439,candidate_3,candidate_2,candidate_1,3,0.04666666666666667
10440,candidate_3,candidate_2,candidate_1,3,0.04666666666666667
10441,candidate_3,candidate_2,candidate_1,3,0.04666666666666667
10442,candidate_3,candidate_2,candidate_1,3,0.04666666666666667
10443,candidate_3,candidate_2,candidate_1,3,0.04666666666666667
10444,0,candidate_2,candidate_1,3,0.04666666666666667
10445,candidate_3,candidate_2,candidate_1,3,0.04666666666666667
10446,candidate_3,candidate_2,candidate_1,3,0.04666666666666667
10447,candidate_3,candidate_2,candidate_1,3,0.04666666666666667
10448,candidate_3,candidate_2,candidate_1,3,0.04666666666666667
10449,candidate_3,candidate_2,candidate_1,3,0.04666666666666667
10450,candidate_3,candidate_2,candidate_1,3,0.04666666666666667
10451,candidate_3,candidate_2,candidate_1,3,0.04666666666666667
10452,candidate_3,candidate_2,candidate_1,3,0.04666666666666667
10453,candidate_3,candidate_2,candidate_1,3,0.04666666666666667
10454,candidate_3,candidate_2,candidate_1,3,0.04666666666666667
10455,candidate_3,candidate_2,candidate_1,3,0.04666666666666667
10456,candidate_3,0,candidate_1,3,0.04666666666666667
10457,candidate_3,candidate_2,candidate_1,3,0.04666666666666667
10458,candidate_3,candidate_2,candidate_1,3,0.04666666666666667
10459,candidate_3,candidate_2,candidate_1,3,0.04666666666666667
10460,candidate_3,candidate_2,candidate_1,3,0.04666666666666667
10461,candidate_3,candidate_2,candidate_1,3,0.04666666666666667
10462,candidate_3,candidate_2,candidate_1,3,0.04666666666666667
10463,candidate_3,candidate_2,candidate_1,3,0.04666666666666667
10464,candidate_3,candidate_2,candidate_1,3,0.04666666666666667
10465,candidate_3,candidate_2,0,3,0.04666666666666667
10466,candidate_3,candidate_2,candidate_1,3,0.04666666666666667
10467,candidate_3,candidate_2,candidate_1,3,0.04666666666666667
10468,candidate_3,candidate_2,candidate_1,3,0.04666666666666667
10469,candidate_3,candidate_2,candidate_1,3,0.04666666666666667
10470,candidate_3,candidate_2,0,3,0.04666666666666667
10471,candidate_3,candidate_2,candidate_1,3,0.04666666666666667
10472,candidate_3,candidate_2,candidate_1,3,0.04666666666666667
10473,candidate_3,candidate_2,candidate_1,3,0.04666666666666667
10474,candidate_3,candidate_2,candidate_1,3,0.04666666666666667
10475,candidate_3,candidate_2,candidate_1,3,0.04666666666666667
10476,candidate_3,candidate_2,candidate_1,3,0.04666666666666667
10477,candidate_3,candidate_2,candidate_1,3,0.04666666666666667
10478,candidate_3,candidate_2,candidate_1,3,0.04666666666666667
10479,candidate_3,candidate_2,candidate_1,3,0.04666666666666667
10480,candidate_3,candidate_2,candidate_1,3,0.04666666666666667
10481,candidate_3,candidate_2,candidate_1,3,0.04666666666666667
10482,candidate_3,0,0,3,0.04666666666666667
10483,candidate_3,candidate_2,candidate_1,3,0.04666666666666667
10484,candidate_3,candidate_2,candidate_1,3,0.04666666666666667
10485,candidate_3,candidate_2,candidate_1,3,0.04666666666666667
10486,0,candidate_2,0,3,0.04666666666666667
10487,candidate_3,candidate_2,candidate_1,3,0.04666666666666667
10488,candidate_3,candidate_2,candidate_1,3,0.04666666666666667
10489,candidate_3,candidate_2,candidate_1,3,0.04666666666666667
10490,candidate_3,candidate_2,candidate_1,3,0.04666666666666667
10491,candidate_3,candidate_2,candidate_1,3,0.04666666666666667
10492,candidate_3,candidate_2,candidate_1,3,0.04666666666666667
10493,candidate_3,candidate_2,candidate_1,3,0.04666666666666667
10494,candidate_3,0,candidate_1,3,0.04666666666666667
10495,candidate_3,candidate_2,candidate_1,3,0.04666666666666667
10496,0,candidate_2,candidate_1,3,0.04666666666666667
10497,candidate_3,candidate_2,candidate_1,3,0.04666666666666667
10498,candidate_3,candidate_2,candidate_1,3,0.04666666666666667
10499,candidate_3,candidate_2,0,3,0.04666666666666667
10500,candidate_3,candidate_2,candidate_1,3,0.04666666666666667
10501,candidate_3,candidate_2,candidate_1,3,0.04666666666666667
10502,candidate_3,0,0,3,0.04666666666666667
10503,candidate_3,candidate_2,candidate_1,3,0.04666666666666667
10504,candidate_3,candidate_2,candidate_1,3,0.04666666666666667
10505,0,candidate_2,candidate_1,3,0.04666666666666667
10506,candidate_3,candidate_2,candidate_1,3,0.04666666666666667
10507,candidate_3,candidate_2,candidate_1,3,0.04666666666666667
10508,candidate_3,candidate_2,candidate_1,3,0.04666666666666667
10509,candidate_3,candidate_2,candidate_1,3,0.04666666666666667
10510,candidate_3,candidate_2,candidate_1,3,0.04666666666666667
10511,candidate_3,candidate_2,candidate_1,3,0.04666666666666667
10512,0,candidate_2,candidate_1,3,0.04666666666666667
10513,candidate_3,candidate_2,candidate_1,3,0.04666666666666667
10514,candidate_3,candidate_2,candidate_1,3,0.04666666666666667
10515,candidate_3,candidate_2,0,3,0.04666666666666667
10516,candidate_3,candidate_2,candidate_1,3,0.04666666666666667
10517,candidate_3,candidate_2,candidate_1,3,0.04666666666666667
10518,candidate_3,candidate_2,candidate_1,3,0.04666666666666667
10519,candidate_3,candidate_2,candidate_1,3,0.04666666666666667
10520,candidate_3,candidate_2,candidate_1,3,0.04666666666666667
10521,candidate_3,candidate_2,candidate_1,3,0.04666666666666667
10522,candidate_3,candidate_2,candidate_1,3,0.04666666666666667
10523,candidate_3,candidate_2,candidate_1,3,0.04666666666666667
10524,0,candidate_2,candidate_1,3,0.04666666666666667
10525,candidate_3,0,candidate_1,3,0.04666666666666667
10526,candidate_3,candidate_2,candidate_1,3,0.04666666666666667
10527,candidate_3,candidate_2,candidate_1,3,0.04666666666666667
10528,candidate_3,candidate_2,candidate_1,3,0.04666666666666667
10529,candidate_3,candidate_2,candidate_1,3,0.04666666666666667
10530,candidate_3,candidate_2,candidate_1,3,0.04666666666666667
10531,0,0,0,3,0.04666666666666667
10532,candidate_3,candidate_2,candidate_1,3,0.04666666666666667
10533,candidate_3,candidate_2,candidate_1,3,0.04666666666666667
10534,candidate_3,candidate_2,candidate_1,3,0.04666666666666667
10535,candidate_3,candidate_2,candidate_1,3,0.04666666666666667
10536,candidate_3,candidate_2,candidate_1,3,0.04666666666666667
10537,candidate_3,candidate_2,candidate_1,3,0.04666666666666667
10538,candidate_3,candidate_2,candidate_1,3,0.04666666666666667
10539,candidate_3,candidate_2,candidate_1,3,0.04666666666666667
10540,candidate_3,candidate_2,candidate_1,3,0.04666666666666667
10541,candidate_3,candidate_2,candidate_1,3,0.04666666666666667
10542,candidate_3,candidate_2,candidate_1,3,0.04666666666666667
10543,candidate_3,candidate_2,candidate_1,3,0.04666666666666667
10544,candidate_3,candidate_2,candidate_1,3,0.04666666666666667
10545,candidate_3,candidate_2,candidate_1,3,0.04666666666666667
10546,candidate_3,candidate_2,candidate_1,3,0.04666666666666667
10547,candidate_3,candidate_2,candidate_1,3,0.04666666666666667
10548,candidate_3,candidate_2,0,3,0.04666666666666667
10549,candidate_3,candidate_2,candidate_1,3,0.04666666666666667
10550,candidate_3,candidate_2,candidate_1,3,0.04666666666666667
10551,candidate_3,candidate_2,0,3,0.04666666666666667
10552,candidate_3,candidate_2,candidate_1,3,0.04666666666666667
10553,candidate_3,candidate_2,candidate_1,3,0.04666666666666667
10554,candidate_3,candidate_2,candidate_1,3,0.04666666666666667
10555,candidate_3,candidate_2,candidate_1,3,0.04666666666666667
10556,candidate_3,candidate_2,candidate_1,3,0.04666666666666667
10557,candidate_3,candidate_2,candidate_1,3,0.04666666666666667
10558,candidate_3,candidate_2,candidate_1,3,0.04666666666666667
10559,candidate_3,0,candidate_1,3,0.04666666666666667
10560,0,candidate_2,candidate_1,3,0.04666666666666667
10561,candidate_3,candidate_2,candidate_1,3,0.04666666666666667
10562,candidate_3,candidate_2,0,3,0.04666666666666667
10563,candidate_3,candidate_2,candidate_1,3,0.04666666666666667
10564,candidate_3,candidate_2,candidate_1,3,0.04666666666666667
10565,candidate_3,candidate_2,candidate_1,3,0.04666666666666667
10566,candidate_3,0,candidate_1,3,0.04666666666666667
10567,candidate_3,candidate_2,candidate_1,3,0.04666666666666667
10568,candidate_3,candidate_2,candidate_1,3,0.04666666666666667
10569,candidate_3,candidate_2,candidate_1,3,0.04666666666666667
10570,candidate_3,candidate_2,candidate_1,3,0.04666666666666667
10571,candidate_3,0,candidate_1,3,0.04666666666666667
10572,candidate_3,0,candidate_1,3,0.04666666666666667
10573,candidate_3,candidate_2,candidate_1,3,0.04666666666666667
10574,candidate_3,candidate_2,candidate_1,3,0.04666666666666667
10575,candidate_3,0,candidate_1,3,0.04666666666666667
10576,candidate_3,candidate_2,candidate_1,3,0.04666666666666667
10577,candidate_3,candidate_2,candidate_1,3,0.04666666666666667
10578,candidate_3,candidate_2,candidate_1,3,0.04666666666666667
10579,candidate_3,candidate_2,candidate_1,3,0.04666666666666667
10580,candidate_3,candidate_2,candidate_1,3,0.04666666666666667
10581,candidate_3,candidate_2,candidate_1,3,0.04666666666666667
10582,candidate_3,candidate_2,candidate_1,3,0.04666666666666667
10583,candidate_3,candidate_2,candidate_1,3,0.04666666666666667
10584,candidate_3,candidate_2,0,3,0.04666666666666667
10585,candidate_3,candidate_2,candidate_1,3,0.04666666666666667
10586,candidate_3,candidate_2,candidate_1,3,0.04666666666666667
10587,candidate_3,candidate_2,candidate_1,3,0.04666666666666667
10588,candidate_3,candidate_2,candidate_1,3,0.04666666666666667
10589,candidate_3,candidate_2,0,3,0.04666666666666667
10590,candidate_3,candidate_2,candidate_1,3,0.04666666666666667
10591,candidate_3,candidate_2,candidate_1,3,0.04666666666666667
10592,candidate_3,candidate_2,candidate_1,3,0.04666666666666667
10593,candidate_3,candidate_2,candidate_1,3,0.04666666666666667
10594,candidate_3,0,candidate_1,3,0.04666666666666667
10595,candidate_3,candidate_2,candidate_1,3,0.04666666666666667
10596,0,candidate_2,candidate_1,3,0.04666666666666667
10597,candidate_3,candidate_2,candidate_1,3,0.04666666666666667
10598,candidate_3,candidate_2,candidate_1,3,0.04666666666666667
10599,candidate_3,candidate_2,candidate_1,3,0.04666666666666667
10600,candidate_3,candidate_2,candidate_1,3,0.04666666666666667
10601,candidate_3,candidate_2,candidate_1,3,0.04666666666666667
10602,candidate_3,candidate_2,candidate_1,3,0.04666666666666667
10603,candidate_3,candidate_2,candidate_1,3,0.04666666666666667
10604,candidate_3,candidate_2,candidate_1,3,0.04666666666666667
10605,candidate_3,candidate_2,candidate_1,3,0.04666666666666667
10606,candidate_3,candidate_2,0,3,0.04666666666666667
10607,candidate_3,candidate_2,candidate_1,3,0.04666666666666667
10608,candidate_3,candidate_2,candidate_1,3,0.04666666666666667
10609,0,candidate_2,candidate_1,3,0.04666666666666667
10610,candidate_3,candidate_2,candidate_1,3,0.04666666666666667
10611,candidate_3,candidate_2,candidate_1,3,0.04666666666666667
10612,candidate_3,candidate_2,candidate_1,3,0.04666666666666667
10613,candidate_3,candidate_2,candidate_1,3,0.04666666666666667
10614,candidate_3,candidate_2,0,3,0.04666666666666667
10615,candidate_3,candidate_2,candidate_1,3,0.04666666666666667
10616,0,candidate_2,candidate_1,3,0.04666666666666667
10617,candidate_3,candidate_2,candidate_1,3,0.04666666666666667
10618,candidate_3,candidate_2,0,3,0.04666666666666667
10619,candidate_3,candidate_2,candidate_1,3,0.04666666666666667
10620,candidate_3,candidate_2,candidate_1,3,0.04666666666666667
10621,candidate_3,candidate_2,candidate_1,3,0.04666666666666667
10622,candidate_3,candidate_2,candidate_1,3,0.04666666666666667
10623,candidate_3,candidate_2,candidate_1,3,0.04666666666666667
10624,candidate_3,candidate_2,candidate_1,3,0.04666666666666667
10625,candidate_3,candidate_2,candidate_1,3,0.04666666666666667
10626,0,candidate_2,candidate_1,3,0.04666666666666667
10627,candidate_3,candidate_2,candidate_1,3,0.04666666666666667
10628,candidate_3,candidate_2,candidate_1,3,0.04666666666666667
10629,candidate_3,candidate_2,0,3,0.04666666666666667
10630,candidate_3,0,candidate_1,3,0.04666666666666667
10631,candidate_3,candidate_2,candidate_1,3,0.04666666666666667
10632,candidate_3,candidate_2,candidate_1,3,0.04666666666666667
10633,candidate_3,candidate_2,candidate_1,3,0.04666666666666667
10634,candidate_3,candidate_2,candidate_1,3,0.04666666666666667
10635,candidate_3,candidate_2,candidate_1,3,0.04666666666666667
10636,candidate_3,candidate_2,candidate_1,3,0.04666666666666667
10637,candidate_3,candidate_2,candidate_1,3,0.04666666666666667
10638,candidate_3,candidate_2,candidate_1,3,0.04666666666666667
10639,candidate_3,candidate_2,candidate_1,3,0.04666666666666667
10640,candidate_3,candidate_2,candidate_1,3,0.04666666666666667
10641,candidate_3,candidate_2,candidate_1,3,0.04666666666666667
10642,candidate_3,candidate_2,0,3,0.04666666666666667
10643,candidate_3,0,candidate_1,3,0.04666666666666667
10644,candidate_3,candidate_2,candidate_1,3,0.04666666666666667
10645,candidate_3,candidate_2,candidate_1,3,0.04666666666666667
10646,candidate_3,candidate_2,candidate_1,3,0.04666666666666667
10647,0,candidate_2,candidate_1,3,0.04666666666666667
10648,candidate_3,candidate_2,candidate_1,3,0.04666666666666667
10649,candidate_3,candidate_2,candidate_1,3,0.04666666666666667
10650,candidate_3,candidate_2,candidate_1,3,0.04666666666666667
10651,candidate_3,0,candidate_1,3,0.04666666666666667
10652,candidate_3,candidate_2,candidate_1,3,0.04666666666666667
10653,0,candidate_2,candidate_1,3,0.04666666666666667
10654,candidate_3,candidate_2,candidate_1,3,0.04666666666666667
10655,candidate_3,candidate_2,candidate_1,3,0.04666666666666667
10656,candidate_3,candidate_2,0,3,0.04666666666666667
10657,candidate_3,candidate_2,candidate_1,3,0.04666666666666667
10658,candidate_3,candidate_2,candidate_1,3,0.04666666666666667
10659,candidate_3,candidate_2,candidate_1,3,0.04666666666666667
10660,candidate_3,candidate_2,candidate_1,3,0.04666666666666667
10661,candidate_3,candidate_2,candidate_1,3,0.04666666666666667
10662,candidate_3,candidate_2,candidate_1,3,0.04666666666666667
10663,candidate_3,candidate_2,candidate_1,3,0.04666666666666667
10664,candidate_3,candidate_2,candidate_1,3,0.04666666666666667
10665,candidate_3,candidate_2,candidate_1,3,0.04666666666666667
10666,candidate_3,candidate_2,candidate_1,3,0.04666666666666667
10667,candidate_3,candidate_2,candidate_1,3,0.04666666666666667
10668,candidate_3,0,candidate_1,3,0.04666666666666667
10669,candidate_3,candidate_2,candidate_1,3,0.04666666666666667
10670,0,0,candidate_1,3,0.04666666666666667
10671,candidate_3,candidate_2,candidate_1,3,0.04666666666666667
10672,candidate_3,candidate_2,candidate_1,3,0.04666666666666667
10673,candidate_3,candidate_2,candidate_1,3,0.04666666666666667
10674,candidate_3,candidate_2,candidate_1,3,0.04666666666666667
10675,candidate_3,candidate_2,candidate_1,3,0.04666666666666667
10676,candidate_3,candidate_2,candidate_1,3,0.04666666666666667
10677,candidate_3,candidate_2,candidate_1,3,0.04666666666666667
10678,candidate_3,candidate_2,candidate_1,3,0.04666666666666667
10679,candidate_3,candidate_2,candidate_1,3,0.04666666666666667
10680,candidate_3,candidate_2,candidate_1,3,0.04666666666666667
10681,candidate_3,candidate_2,candidate_1,3,0.04666666666666667
10682,candidate_3,0,candidate_1,3,0.04666666666666667
10683,candidate_3,candidate_2,candidate_1,3,0.04666666666666667
10684,candidate_3,candidate_2,candidate_1,3,0.04666666666666667
10685,0,candidate_2,0,3,0.04666666666666667
10686,candidate_3,candidate_2,candidate_1,3,0.04666666666666667
10687,candidate_3,candidate_2,candidate_1,3,0.04666666666666667
10688,candidate_3,candidate_2,candidate_1,3,0.04666666666666667
10689,candidate_3,candidate_2,candidate_1,3,0.04666666666666667
10690,candidate_3,candidate_2,candidate_1,3,0.04666666666666667
10691,candidate_3,candidate_2,candidate_1,3,0.04666666666666667
10692,candidate_3,candidate_2,candidate_1,3,0.04666666666666667
10693,candidate_3,candidate_2,candidate_1,3,0.04666666666666667
10694,candidate_3,candidate_2,candidate_1,3,0.04666666666666667
10695,candidate_3,0,candidate_1,3,0.04666666666666667
10696,candidate_3,candidate_2,candidate_1,3,0.04666666666666667
10697,candidate_3,candidate_2,candidate_1,3,0.04666666666666667
10698,candidate_3,candidate_2,candidate_1,3,0.04666666666666667
10699,0,candidate_2,candidate_1,3,0.04666666666666667
10700,candidate_3,candidate_2,candidate_1,3,0.04666666666666667
10701,candidate_3,candidate_2,candidate_1,3,0.04666666666666667
10702,candidate_3,candidate_2,candidate_1,3,0.04666666666666667
10703,candidate_3,candidate_2,candidate_1,3,0.04666666666666667
10704,candidate_3,candidate_2,candidate_1,3,0.04666666666666667
10705,candidate_3,candidate_2,candidate_1,3,0.04666666666666667
10706,candidate_3,0,candidate_1,3,0.04666666666666667
10707,candidate_3,candidate_2,candidate_1,3,0.04666666666666667
10708,candidate_3,candidate_2,0,3,0.04666666666666667
10709,candidate_3,candidate_2,candidate_1,3,0.04666666666666667
10710,candidate_3,candidate_2,candidate_1,3,0.04666666666666667
10711,candidate_3,candidate_2,candidate_1,3,0.04666666666666667
10712,candidate_3,candidate_2,candidate_1,3,0.04666666666666667
10713,candidate_3,candidate_2,candidate_1,3,0.04666666666666667
10714,candidate_3,candidate_2,candidate_1,3,0.04666666666666667
10715,candidate_3,candidate_2,candidate_1,3,0.04666666666666667
10716,0,candidate_2,candidate_1,3,0.04666666666666667
10717,candidate_3,0,candidate_1,3,0.04666666666666667
10718,candidate_3,candidate_2,candidate_1,3,0.04666666666666667
10719,candidate_3,candidate_2,candidate_1,3,0.04666666666666667
10720,candidate_3,candidate_2,candidate_1,3,0.04666666666666667
10721,candidate_3,candidate_2,candidate_1,3,0.04666666666666667
10722,candidate_3,candidate_2,candidate_1,3,0.04666666666666667
10723,candidate_3,candidate_2,candidate_1,3,0.04666666666666667
10724,candidate_3,candidate_2,candidate_1,3,0.04666666666666667
10725,candidate_3,candidate_2,candidate_1,3,0.04666666666666667
10726,candidate_3,candidate_2,candidate_1,3,0.04666666666666667
10727,candidate_3,candidate_2,candidate_1,3,0.04666666666666667
10728,candidate_3,candidate_2,candidate_1,3,0.04666666666666667
10729,candidate_3,candidate_2,candidate_1,3,0.04666666666666667
10730,candidate_3,0,candidate_1,3,0.04666666666666667
10731,candidate_3,candidate_2,candidate_1,3,0.04666666666666667
10732,candidate_3,candidate_2,candidate_1,3,0.04666666666666667
10733,candidate_3,candidate_2,candidate_1,3,0.04666666666666667
10734,candidate_3,candidate_2,candidate_1,3,0.04666666666666667
10735,0,0,candidate_1,3,0.04666666666666667
10736,candidate_3,candidate_2,candidate_1,3,0.04666666666666667
10737,candidate_3,candidate_2,candidate_1,3,0.04666666666666667
10738,candidate_3,candidate_2,candidate_1,3,0.04666666666666667
10739,candidate_3,candidate_2,candidate_1,3,0.04666666666666667
10740,candidate_3,candidate_2,candidate_1,3,0.04666666666666667
10741,candidate_3,candidate_2,candidate_1,3,0.04666666666666667
10742,candidate_3,candidate_2,candidate_1,3,0.04666666666666667
10743,candidate_3,candidate_2,0,3,0.04666666666666667
10744,candidate_3,candidate_2,candidate_1,3,0.04666666666666667
10745,candidate_3,candidate_2,0,3,0.04666666666666667
10746,candidate_3,0,0,3,0.04666666666666667
10747,candidate_3,candidate_2,candidate_1,3,0.04666666666666667
10748,candidate_3,candidate_2,candidate_1,3,0.04666666666666667
10749,candidate_3,candidate_2,candidate_1,3,0.04666666666666667
10750,candidate_3,candidate_2,candidate_1,3,0.04666666666666667
10751,candidate_3,candidate_2,candidate_1,3,0.04666666666666667
10752,candidate_3,candidate_2,candidate_1,3,0.04666666666666667
10753,candidate_3,candidate_2,candidate_1,3,0.04666666666666667
10754,candidate_3,candidate_2,candidate_1,3,0.04666666666666667
10755,candidate_3,candidate_2,candidate_1,3,0.04666666666666667
10756,candidate_3,candidate_2,candidate_1,3,0.04666666666666667
10757,candidate_3,candidate_2,candidate_1,3,0.04666666666666667
10758,candidate_3,candidate_2,candidate_1,3,0.04666666666666667
10759,candidate_3,candidate_2,candidate_1,3,0.04666666666666667
10760,candidate_3,candidate_2,candidate_1,3,0.04666666666666667
10761,candidate_3,0,candidate_1,3,0.04666666666666667
10762,0,candidate_2,candidate_1,3,0.04666666666666667
10763,candidate_3,candidate_2,candidate_1,3,0.04666666666666667
10764,candidate_3,candidate_2,candidate_1,3,0.04666666666666667
10765,candidate_3,candidate_2,candidate_1,3,0.04666666666666667
10766,candidate_3,candidate_2,candidate_1,3,0.04666666666666667
10767,candidate_3,candidate_2,candidate_1,3,0.04666666666666667
10768,candidate_3,candidate_2,candidate_1,3,0.04666666666666667
10769,candidate_3,candidate_2,candidate_1,3,0.04666666666666667
10770,0,candidate_2,candidate_1,3,0.04666666666666667
10771,candidate_3,candidate_2,candidate_1,3,0.04666666666666667
10772,candidate_3,candidate_2,candidate_1,3,0.04666666666666667
10773,candidate_3,candidate_2,candidate_1,3,0.04666666666666667
10774,candidate_3,0,candidate_1,3,0.04666666666666667
10775,candidate_3,candidate_2,candidate_1,3,0.04666666666666667
10776,candidate_3,candidate_2,candidate_1,3,0.04666666666666667
10777,candidate_3,candidate_2,candidate_1,3,0.04666666666666667
10778,candidate_3,candidate_2,candidate_1,3,0.04666666666666667
10779,candidate_3,candidate_2,candidate_1,3,0.04666666666666667
10780,candidate_3,candidate_2,candidate_1,3,0.04666666666666667
10781,candidate_3,candidate_2,candidate_1,3,0.04666666666666667
10782,candidate_3,candidate_2,candidate_1,3,0.04666666666666667
10783,candidate_3,candidate_2,candidate_1,3,0.04666666666666667
10784,candidate_3,candidate_2,candidate_1,3,0.04666666666666667
10785,candidate_3,0,candidate_1,3,0.04666666666666667
10786,candidate_3,candidate_2,candidate_1,3,0.04666666666666667
10787,candidate_3,candidate_2,candidate_1,3,0.04666666666666667
10788,candidate_3,candidate_2,candidate_1,3,0.04666666666666667
10789,candidate_3,candidate_2,candidate_1,3,0.04666666666666667
10790,candidate_3,candidate_2,candidate_1,3,0.04666666666666667
10791,candidate_3,candidate_2,candidate_1,3,0.04666666666666667
10792,candidate_3,candidate_2,candidate_1,3,0.04666666666666667
10793,candidate_3,0,candidate_1,3,0.04666666666666667
10794,candidate_3,0,candidate_1,3,0.04666666666666667
10795,candidate_3,candidate_2,candidate_1,3,0.04666666666666667
10796,candidate_3,candidate_2,candidate_1,3,0.04666666666666667
10797,candidate_3,candidate_2,candidate_1,3,0.04666666666666667
10798,candidate_3,candidate_2,candidate_1,3,0.04666666666666667
10799,candidate_3,candidate_2,candidate_1,3,0.04666666666666667
10800,candidate_3,candidate_2,candidate_1,3,0.04666666666666667
10801,candidate_3,candidate_2,candidate_1,3,0.04666666666666667
10802,candidate_3,candidate_2,candidate_1,3,0.04666666666666667
10803,candidate_3,candidate_2,candidate_1,3,0.04666666666666667
10804,candidate_3,candidate_2,candidate_1,3,0.04666666666666667
10805,candidate_3,candidate_2,0,3,0.04666666666666667
10806,candidate_3,candidate_2,0,3,0.04666666666666667
10807,candidate_3,candidate_2,candidate_1,3,0.04666666666666667
10808,candidate_3,candidate_2,candidate_1,3,0.04666666666666667
10809,candidate_3,candidate_2,candidate_1,3,0.04666666666666667
10810,candidate_3,candidate_2,candidate_1,3,0.04666666666666667
10811,candidate_3,candidate_2,candidate_1,3,0.04666666666666667
10812,candidate_3,candidate_2,candidate_1,3,0.04666666666666667
10813,candidate_3,candidate_2,candidate_1,3,0.04666666666666667
10814,candidate_3,candidate_2,candidate_1,3,0.04666666666666667
10815,candidate_3,candidate_2,candidate_1,3,0.04666666666666667
10816,candidate_3,candidate_2,candidate_1,3,0.04666666666666667
10817,candidate_3,candidate_2,candidate_1,3,0.04666666666666667
10818,candidate_3,candidate_2,candidate_1,3,0.04666666666666667
10819,candidate_3,candidate_2,candidate_1,3,0.04666666666666667
10820,candidate_3,candidate_2,candidate_1,3,0.04666666666666667
10821,candidate_3,candidate_2,candidate_1,3,0.04666666666666667
10822,candidate_3,candidate_2,candidate_1,3,0.04666666666666667
10823,candidate_3,candidate_2,candidate_1,3,0.04666666666666667
10824,candidate_3,0,candidate_1,3,0.04666666666666667
10825,0,candidate_2,candidate_1,3,0.04666666666666667
10826,0,candidate_2,candidate_1,3,0.04666666666666667
10827,candidate_3,candidate_2,candidate_1,3,0.04666666666666667
10828,candidate_3,candidate_2,candidate_1,3,0.04666666666666667
10829,candidate_3,0,candidate_1,3,0.04666666666666667
10830,candidate_3,candidate_2,candidate_1,3,0.04666666666666667
10831,candidate_3,candidate_2,candidate_1,3,0.04666666666666667
10832,candidate_3,candidate_2,candidate_1,3,0.04666666666666667
10833,candidate_3,candidate_2,candidate_1,3,0.04666666666666667
10834,candidate_3,candidate_2,candidate_1,3,0.04666666666666667
10835,candidate_3,0,0,3,0.04666666666666667
10836,candidate_3,candidate_2,candidate_1,3,0.04666666666666667
10837,candidate_3,candidate_2,candidate_1,3,0.04666666666666667
10838,candidate_3,candidate_2,candidate_1,3,0.04666666666666667
10839,candidate_3,candidate_2,candidate_1,3,0.04666666666666667
10840,candidate_3,candidate_2,candidate_1,3,0.04666666666666667
10841,candidate_3,candidate_2,candidate_1,3,0.04666666666666667
10842,candidate_3,candidate_2,candidate_1,3,0.04666666666666667
10843,candidate_3,candidate_2,candidate_1,3,0.04666666666666667
10844,candidate_3,candidate_2,candidate_1,3,0.04666666666666667
10845,candidate_3,candidate_2,candidate_1,3,0.04666666666666667
10846,candidate_3,candidate_2,candidate_1,3,0.04666666666666667
10847,candidate_3,candidate_2,candidate_1,3,0.04666666666666667
10848,candidate_3,candidate_2,candidate_1,3,0.04666666666666667
10849,candidate_3,candidate_2,candidate_1,3,0.04666666666666667
10850,candidate_3,candidate_2,candidate_1,3,0.04666666666666667
10851,candidate_3,candidate_2,candidate_1,3,0.04666666666666667
10852,candidate_3,candidate_2,candidate_1,3,0.04666666666666667
10853,candidate_3,0,candidate_1,3,0.04666666666666667
10854,candidate_3,candidate_2,candidate_1,3,0.04666666666666667
10855,candidate_3,candidate_2,candidate_1,3,0.04666666666666667
10856,0,candidate_2,candidate_1,3,0.04666666666666667
10857,candidate_3,candidate_2,candidate_1,3,0.04666666666666667
10858,candidate_3,0,candidate_1,3,0.04666666666666667
10859,candidate_3,candidate_2,candidate_1,3,0.04666666666666667
10860,candidate_3,candidate_2,candidate_1,3,0.04666666666666667
10861,candidate_3,candidate_2,candidate_1,3,0.04666666666666667
10862,0,candidate_2,candidate_1,3,0.04666666666666667
10863,candidate_3,candidate_2,candidate_1,3,0.04666666666666667
10864,candidate_3,candidate_2,candidate_1,3,0.04666666666666667
10865,candidate_3,candidate_2,candidate_1,3,0.04666666666666667
10866,0,candidate_2,candidate_1,3,0.04666666666666667
10867,candidate_3,candidate_2,candidate_1,3,0.04666666666666667
10868,candidate_3,candidate_2,candidate_1,3,0.04666666666666667
10869,candidate_3,candidate_2,candidate_1,3,0.04666666666666667
10870,candidate_3,candidate_2,candidate_1,3,0.04666666666666667
10871,candidate_3,candidate_2,candidate_1,3,0.04666666666666667
10872,candidate_3,candidate_2,candidate_1,3,0.04666666666666667
10873,candidate_3,candidate_2,candidate_1,3,0.04666666666666667
10874,candidate_3,candidate_2,candidate_1,3,0.04666666666666667
10875,candidate_3,candidate_2,candidate_1,3,0.04666666666666667
10876,candidate_3,candidate_2,candidate_1,3,0.04666666666666667
10877,candidate_3,candidate_2,candidate_1,3,0.04666666666666667
10878,candidate_3,candidate_2,candidate_1,3,0.04666666666666667
10879,candidate_3,candidate_2,candidate_1,3,0.04666666666666667
10880,candidate_3,candidate_2,candidate_1,3,0.04666666666666667
10881,candidate_3,candidate_2,candidate_1,3,0.04666666666666667
10882,candidate_3,candidate_2,candidate_1,3,0.04666666666666667
10883,candidate_3,candidate_2,candidate_1,3,0.04666666666666667
10884,candidate_3,candidate_2,candidate_1,3,0.04666666666666667
10885,candidate_3,candidate_2,candidate_1,3,0.04666666666666667
10886,0,candidate_2,candidate_1,3,0.04666666666666667
10887,candidate_3,candidate_2,candidate_1,3,0.04666666666666667
10888,candidate_3,candidate_2,candidate_1,3,0.04666666666666667
10889,candidate_3,0,candidate_1,3,0.04666666666666667
10890,candidate_3,candidate_2,candidate_1,3,0.04666666666666667
10891,candidate_3,candidate_2,candidate_1,3,0.04666666666666667
10892,candidate_3,candidate_2,candidate_1,3,0.04666666666666667
10893,candidate_3,candidate_2,candidate_1,3,0.04666666666666667
10894,candidate_3,candidate_2,candidate_1,3,0.04666666666666667
10895,candidate_3,candidate_2,candidate_1,3,0.04666666666666667
10896,candidate_3,candidate_2,candidate_1,3,0.04666666666666667
10897,candidate_3,candidate_2,candidate_1,3,0.04666666666666667
10898,candidate_3,candidate_2,candidate_1,3,0.04666666666666667
10899,candidate_3,candidate_2,candidate_1,3,0.04666666666666667
10900,candidate_3,candidate_2,candidate_1,3,0.04666666666666667
10901,candidate_3,candidate_2,candidate_1,3,0.04666666666666667
10902,candidate_3,candidate_2,candidate_1,3,0.04666666666666667
10903,candidate_3,candidate_2,candidate_1,3,0.04666666666666667
10904,candidate_3,candidate_2,candidate_1,3,0.04666666666666667
10905,candidate_3,candidate_2,candidate_1,3,0.04666666666666667
10906,candidate_3,candidate_2,0,3,0.04666666666666667
10907,candidate_3,candidate_2,candidate_1,3,0.04666666666666667
10908,candidate_3,candidate_2,candidate_1,3,0.04666666666666667
10909,candidate_3,candidate_2,candidate_1,3,0.04666666666666667
10910,candidate_3,candidate_2,candidate_1,3,0.04666666666666667
10911,candidate_3,candidate_2,candidate_1,3,0.04666666666666667
10912,candidate_3,candidate_2,candidate_1,3,0.04666666666666667
10913,candidate_3,candidate_2,candidate_1,3,0.04666666666666667
10914,candidate_3,candidate_2,candidate_1,3,0.04666666666666667
10915,candidate_3,candidate_2,candidate_1,3,0.04666666666666667
10916,candidate_3,candidate_2,candidate_1,3,0.04666666666666667
10917,candidate_3,candidate_2,candidate_1,3,0.04666666666666667
10918,0,0,candidate_1,3,0.04666666666666667
10919,candidate_3,candidate_2,candidate_1,3,0.04666666666666667
10920,candidate_3,candidate_2,candidate_1,3,0.04666666666666667
10921,0,candidate_2,candidate_1,3,0.04666666666666667
10922,candidate_3,candidate_2,candidate_1,3,0.04666666666666667
10923,candidate_3,candidate_2,candidate_1,3,0.04666666666666667
10924,candidate_3,0,candidate_1,3,0.04666666666666667
10925,candidate_3,candidate_2,candidate_1,3,0.04666666666666667
10926,candidate_3,candidate_2,candidate_1,3,0.04666666666666667
10927,candidate_3,candidate_2,candidate_1,3,0.04666666666666667
10928,candidate_3,candidate_2,candidate_1,3,0.04666666666666667
10929,candidate_3,candidate_2,candidate_1,3,0.04666666666666667
10930,candidate_3,candidate_2,candidate_1,3,0.04666666666666667
10931,0,candidate_2,candidate_1,3,0.04666666666666667
10932,candidate_3,candidate_2,candidate_1,3,0.04666666666666667
10933,candidate_3,candidate_2,candidate_1,3,0.04666666666666667
10934,candidate_3,candidate_2,candidate_1,3,0.04666666666666667
10935,candidate_3,candidate_2,candidate_1,3,0.04666666666666667
10936,candidate_3,candidate_2,candidate_1,3,0.04666666666666667
10937,candidate_3,candidate_2,candidate_1,3,0.04666666666666667
10938,candidate_3,candidate_2,0,3,0.04666666666666667
10939,candidate_3,candidate_2,candidate_1,3,0.04666666666666667
10940,candidate_3,candidate_2,candidate_1,3,0.04666666666666667
10941,candidate_3,candidate_2,candidate_1,3,0.04666666666666667
10942,candidate_3,candidate_2,candidate_1,3,0.04666666666666667
10943,candidate_3,candidate_2,candidate_1,3,0.04666666666666667
10944,candidate_3,candidate_2,candidate_1,3,0.04666666666666667
10945,candidate_3,candidate_2,candidate_1,3,0.04666666666666667
10946,candidate_3,candidate_2,candidate_1,3,0.04666666666666667
10947,candidate_3,candidate_2,candidate_1,3,0.04666666666666667
10948,candidate_3,candidate_2,candidate_1,3,0.04666666666666667
10949,candidate_3,candidate_2,candidate_1,3,0.04666666666666667
10950,candidate_3,candidate_2,candidate_1,3,0.04666666666666667
10951,candidate_3,candidate_2,candidate_1,3,0.04666666666666667
10952,candidate_3,candidate_2,candidate_1,3,0.04666666666666667
10953,candidate_3,candidate_2,candidate_1,3,0.04666666666666667
10954,candidate_3,candidate_2,candidate_1,3,0.04666666666666667
10955,candidate_3,candidate_2,candidate_1,3,0.04666666666666667
10956,candidate_3,candidate_2,candidate_1,3,0.04666666666666667
10957,candidate_3,candidate_2,candidate_1,3,0.04666666666666667
10958,candidate_3,candidate_2,candidate_1,3,0.04666666666666667
10959,candidate_3,candidate_2,candidate_1,3,0.04666666666666667
10960,candidate_3,candidate_2,candidate_1,3,0.04666666666666667
10961,candidate_3,candidate_2,candidate_1,3,0.04666666666666667
10962,candidate_3,candidate_2,candidate_1,3,0.04666666666666667
10963,candidate_3,candidate_2,candidate_1,3,0.04666666666666667
10964,candidate_3,candidate_2,candidate_1,3,0.04666666666666667
10965,candidate_3,candidate_2,candidate_1,3,0.04666666666666667
10966,candidate_3,candidate_2,candidate_1,3,0.04666666666666667
10967,candidate_3,candidate_2,candidate_1,3,0.04666666666666667
10968,candidate_3,candidate_2,candidate_1,3,0.04666666666666667
10969,candidate_3,candidate_2,candidate_1,3,0.04666666666666667
10970,0,0,0,3,0.04666666666666667
10971,candidate_3,0,candidate_1,3,0.04666666666666667
10972,candidate_3,candidate_2,candidate_1,3,0.04666666666666667
10973,candidate_3,candidate_2,candidate_1,3,0.04666666666666667
10974,candidate_3,0,candidate_1,3,0.04666666666666667
10975,candidate_3,candidate_2,candidate_1,3,0.04666666666666667
10976,candidate_3,candidate_2,candidate_1,3,0.04666666666666667
10977,candidate_3,candidate_2,candidate_1,3,0.04666666666666667
10978,candidate_3,candidate_2,candidate_1,3,0.04666666666666667
10979,candidate_3,candidate_2,candidate_1,3,0.04666666666666667
10980,candidate_3,candidate_2,candidate_1,3,0.04666666666666667
10981,candidate_3,candidate_2,candidate_1,3,0.04666666666666667
10982,candidate_3,candidate_2,candidate_1,3,0.04666666666666667
10983,candidate_3,candidate_2,0,3,0.04666666666666667
10984,candidate_3,candidate_2,0,3,0.04666666666666667
10985,candidate_3,candidate_2,candidate_1,3,0.04666666666666667
10986,candidate_3,candidate_2,candidate_1,3,0.04666666666666667
10987,candidate_3,candidate_2,candidate_1,3,0.04666666666666667
10988,candidate_3,0,candidate_1,3,0.04666666666666667
10989,candidate_3,candidate_2,candidate_1,3,0.04666666666666667
10990,candidate_3,candidate_2,candidate_1,3,0.04666666666666667
10991,candidate_3,candidate_2,candidate_1,3,0.04666666666666667
10992,candidate_3,candidate_2,candidate_1,3,0.04666666666666667
10993,candidate_3,candidate_2,candidate_1,3,0.04666666666666667
10994,candidate_3,candidate_2,candidate_1,3,0.04666666666666667
10995,candidate_3,candidate_2,candidate_1,3,0.04666666666666667
10996,candidate_3,candidate_2,candidate_1,3,0.04666666666666667
10997,candidate_3,candidate_2,candidate_1,3,0.04666666666666667
10998,candidate_3,candidate_2,0,3,0.04666666666666667
10999,candidate_3,candidate_2,candidate_1,3,0.04666666666666667
11000,candidate_3,candidate_2,candidate_1,3,0.04666666666666667
11001,candidate_3,candidate_2,candidate_1,3,0.04666666666666667
11002,candidate_3,candidate_2,candidate_1,3,0.04666666666666667
11003,candidate_3,candidate_2,candidate_1,3,0.04666666666666667
11004,candidate_3,candidate_2,candidate_1,3,0.04666666666666667
11005,candidate_3,candidate_2,candidate_1,3,0.04666666666666667
11006,candidate_3,candidate_2,0,3,0.04666666666666667
11007,candidate_3,candidate_2,candidate_1,3,0.04666666666666667
11008,candidate_3,candidate_2,candidate_1,3,0.04666666666666667
11009,candidate_3,candidate_2,candidate_1,3,0.04666666666666667
11010,candidate_3,candidate_2,candidate_1,3,0.04666666666666667
11011,candidate_3,candidate_2,candidate_1,3,0.04666666666666667
11012,candidate_3,candidate_2,candidate_1,3,0.04666666666666667
11013,candidate_3,candidate_2,candidate_1,3,0.04666666666666667
11014,candidate_3,candidate_2,candidate_1,3,0.04666666666666667
11015,candidate_3,candidate_2,0,3,0.04666666666666667
11016,candidate_3,candidate_2,candidate_1,3,0.04666666666666667
11017,candidate_3,candidate_2,candidate_1,3,0.04666666666666667
11018,candidate_3,candidate_2,candidate_1,3,0.04666666666666667
11019,candidate_3,0,candidate_1,3,0.04666666666666667
11020,candidate_3,candidate_2,candidate_1,3,0.04666666666666667
11021,candidate_3,candidate_2,candidate_1,3,0.04666666666666667
11022,candidate_3,candidate_2,candidate_1,3,0.04666666666666667
11023,candidate_3,candidate_2,candidate_1,3,0.04666666666666667
11024,0,candidate_2,candidate_1,3,0.04666666666666667
11025,candidate_3,candidate_2,candidate_1,3,0.04666666666666667
11026,candidate_3,candidate_2,candidate_1,3,0.04666666666666667
11027,candidate_3,candidate_2,candidate_1,3,0.04666666666666667
11028,candidate_3,candidate_2,candidate_1,3,0.04666666666666667
11029,candidate_3,0,candidate_1,3,0.04666666666666667
11030,candidate_3,candidate_2,candidate_1,3,0.04666666666666667
11031,candidate_3,candidate_2,candidate_1,3,0.04666666666666667
11032,candidate_3,candidate_2,candidate_1,3,0.04666666666666667
11033,candidate_3,0,candidate_1,3,0.04666666666666667
11034,candidate_3,candidate_2,candidate_1,3,0.04666666666666667
11035,0,candidate_2,candidate_1,3,0.04666666666666667
11036,candidate_3,candidate_2,candidate_1,3,0.04666666666666667
11037,candidate_3,candidate_2,candidate_1,3,0.04666666666666667
11038,candidate_3,candidate_2,candidate_1,3,0.04666666666666667
11039,0,candidate_2,candidate_1,3,0.04666666666666667
11040,0,0,candidate_1,3,0.04666666666666667
11041,candidate_3,candidate_2,candidate_1,3,0.04666666666666667
11042,candidate_3,candidate_2,candidate_1,3,0.04666666666666667
11043,candidate_3,candidate_2,candidate_1,3,0.04666666666666667
11044,candidate_3,candidate_2,candidate_1,3,0.04666666666666667
11045,candidate_3,candidate_2,candidate_1,3,0.04666666666666667
11046,candidate_3,candidate_2,candidate_1,3,0.04666666666666667
11047,candidate_3,candidate_2,candidate_1,3,0.04666666666666667
11048,candidate_3,candidate_2,candidate_1,3,0.04666666666666667
11049,candidate_3,candidate_2,candidate_1,3,0.04666666666666667
11050,candidate_3,candidate_2,candidate_1,3,0.04666666666666667
11051,candidate_3,candidate_2,candidate_1,3,0.04666666666666667
11052,candidate_3,candidate_2,candidate_1,3,0.04666666666666667
11053,candidate_3,candidate_2,candidate_1,3,0.04666666666666667
11054,candidate_3,candidate_2,candidate_1,3,0.04666666666666667
11055,candidate_3,candidate_2,candidate_1,3,0.04666666666666667
11056,candidate_3,candidate_2,candidate_1,3,0.04666666666666667
11057,candidate_3,candidate_2,candidate_1,3,0.04666666666666667
11058,candidate_3,0,candidate_1,3,0.04666666666666667
11059,candidate_3,candidate_2,candidate_1,3,0.04666666666666667
11060,candidate_3,candidate_2,candidate_1,3,0.04666666666666667
11061,candidate_3,candidate_2,candidate_1,3,0.04666666666666667
11062,candidate_3,candidate_2,candidate_1,3,0.04666666666666667
11063,candidate_3,candidate_2,candidate_1,3,0.04666666666666667
11064,candidate_3,candidate_2,0,3,0.04666666666666667
11065,candidate_3,candidate_2,candidate_1,3,0.04666666666666667
11066,0,candidate_2,candidate_1,3,0.04666666666666667
11067,candidate_3,0,candidate_1,3,0.04666666666666667
11068,candidate_3,candidate_2,candidate_1,3,0.04666666666666667
11069,candidate_3,candidate_2,candidate_1,3,0.04666666666666667
11070,candidate_3,candidate_2,candidate_1,3,0.04666666666666667
11071,candidate_3,candidate_2,candidate_1,3,0.04666666666666667
11072,candidate_3,candidate_2,candidate_1,3,0.04666666666666667
11073,candidate_3,candidate_2,candidate_1,3,0.04666666666666667
11074,candidate_3,candidate_2,candidate_1,3,0.04666666666666667
11075,candidate_3,candidate_2,candidate_1,3,0.04666666666666667
11076,candidate_3,candidate_2,candidate_1,3,0.04666666666666667
11077,candidate_3,candidate_2,candidate_1,3,0.04666666666666667
11078,candidate_3,candidate_2,candidate_1,3,0.04666666666666667
11079,candidate_3,candidate_2,candidate_1,3,0.04666666666666667
11080,candidate_3,candidate_2,candidate_1,3,0.04666666666666667
11081,candidate_3,candidate_2,candidate_1,3,0.04666666666666667
11082,candidate_3,candidate_2,candidate_1,3,0.04666666666666667
11083,candidate_3,candidate_2,candidate_1,3,0.04666666666666667
11084,candidate_3,candidate_2,candidate_1,3,0.04666666666666667
11085,0,candidate_2,candidate_1,3,0.04666666666666667
11086,candidate_3,candidate_2,candidate_1,3,0.04666666666666667
11087,candidate_3,candidate_2,candidate_1,3,0.04666666666666667
11088,candidate_3,candidate_2,0,3,0.04666666666666667
11089,candidate_3,candidate_2,candidate_1,3,0.04666666666666667
11090,candidate_3,0,candidate_1,3,0.04666666666666667
11091,candidate_3,candidate_2,candidate_1,3,0.04666666666666667
11092,candidate_3,0,candidate_1,3,0.04666666666666667
11093,candidate_3,candidate_2,candidate_1,3,0.04666666666666667
11094,candidate_3,0,candidate_1,3,0.04666666666666667
11095,candidate_3,candidate_2,candidate_1,3,0.04666666666666667
11096,candidate_3,candidate_2,candidate_1,3,0.04666666666666667
11097,candidate_3,candidate_2,candidate_1,3,0.04666666666666667
11098,candidate_3,candidate_2,candidate_1,3,0.04666666666666667
11099,candidate_3,candidate_2,0,3,0.04666666666666667
11100,candidate_3,candidate_2,0,3,0.04666666666666667
11101,candidate_3,candidate_2,candidate_1,3,0.04666666666666667
11102,candidate_3,candidate_2,candidate_1,3,0.04666666666666667
11103,0,candidate_2,candidate_1,3,0.04666666666666667
11104,candidate_3,0,candidate_1,3,0.04666666666666667
11105,candidate_3,candidate_2,candidate_1,3,0.04666666666666667
11106,candidate_3,0,candidate_1,3,0.04666666666666667
11107,candidate_3,candidate_2,candidate_1,3,0.04666666666666667
11108,candidate_3,candidate_2,candidate_1,3,0.04666666666666667
11109,candidate_3,0,candidate_1,3,0.04666666666666667
11110,candidate_3,candidate_2,candidate_1,3,0.04666666666666667
11111,candidate_3,candidate_2,candidate_1,3,0.04666666666666667
11112,candidate_3,candidate_2,candidate_1,3,0.04666666666666667
11113,candidate_3,candidate_2,candidate_1,3,0.04666666666666667
11114,candidate_3,candidate_2,candidate_1,3,0.04666666666666667
11115,candidate_3,candidate_2,candidate_1,3,0.04666666666666667
11116,0,candidate_2,candidate_1,3,0.04666666666666667
11117,0,candidate_2,candidate_1,3,0.04666666666666667
11118,candidate_3,candidate_2,candidate_1,3,0.04666666666666667
11119,candidate_3,candidate_2,candidate_1,3,0.04666666666666667
11120,candidate_3,candidate_2,candidate_1,3,0.04666666666666667
11121,candidate_3,candidate_2,candidate_1,3,0.04666666666666667
11122,candidate_3,candidate_2,candidate_1,3,0.04666666666666667
11123,candidate_3,candidate_2,candidate_1,3,0.04666666666666667
11124,candidate_3,0,candidate_1,3,0.04666666666666667
11125,candidate_3,0,candidate_1,3,0.04666666666666667
11126,candidate_3,candidate_2,candidate_1,3,0.04666666666666667
11127,candidate_3,candidate_2,candidate_1,3,0.04666666666666667
11128,candidate_3,candidate_2,candidate_1,3,0.04666666666666667
11129,candidate_3,candidate_2,candidate_1,3,0.04666666666666667
11130,candidate_3,candidate_2,candidate_1,3,0.04666666666666667
11131,candidate_3,candidate_2,candidate_1,3,0.04666666666666667
11132,candidate_3,candidate_2,candidate_1,3,0.04666666666666667
11133,candidate_3,candidate_2,candidate_1,3,0.04666666666666667
11134,candidate_3,candidate_2,candidate_1,3,0.04666666666666667
11135,candidate_3,candidate_2,candidate_1,3,0.04666666666666667
11136,candidate_3,candidate_2,candidate_1,3,0.04666666666666667
11137,candidate_3,candidate_2,candidate_1,3,0.04666666666666667
11138,candidate_3,candidate_2,candidate_1,3,0.04666666666666667
11139,candidate_3,0,candidate_1,3,0.04666666666666667
11140,candidate_3,candidate_2,candidate_1,3,0.04666666666666667
11141,candidate_3,candidate_2,candidate_1,3,0.04666666666666667
11142,candidate_3,candidate_2,candidate_1,3,0.04666666666666667
11143,candidate_3,candidate_2,candidate_1,3,0.04666666666666667
11144,candidate_3,candidate_2,candidate_1,3,0.04666666666666667
11145,candidate_3,candidate_2,candidate_1,3,0.04666666666666667
11146,candidate_3,candidate_2,candidate_1,3,0.04666666666666667
11147,candidate_3,candidate_2,candidate_1,3,0.04666666666666667
11148,candidate_3,candidate_2,candidate_1,3,0.04666666666666667
11149,candidate_3,candidate_2,candidate_1,3,0.04666666666666667
11150,candidate_3,candidate_2,candidate_1,3,0.04666666666666667
11151,candidate_3,candidate_2,candidate_1,3,0.04666666666666667
11152,candidate_3,candidate_2,candidate_1,3,0.04666666666666667
11153,candidate_3,candidate_2,candidate_1,3,0.04666666666666667
11154,candidate_3,candidate_2,candidate_1,3,0.04666666666666667
11155,candidate_3,candidate_2,candidate_1,3,0.04666666666666667
11156,candidate_3,0,candidate_1,3,0.04666666666666667
11157,candidate_3,candidate_2,candidate_1,3,0.04666666666666667
11158,candidate_3,candidate_2,candidate_1,3,0.04666666666666667
11159,candidate_3,candidate_2,candidate_1,3,0.04666666666666667
11160,candidate_3,candidate_2,candidate_1,3,0.04666666666666667
11161,candidate_3,candidate_2,candidate_1,3,0.04666666666666667
11162,candidate_3,candidate_2,candidate_1,3,0.04666666666666667
11163,candidate_3,candidate_2,candidate_1,3,0.04666666666666667
11164,candidate_3,candidate_2,candidate_1,3,0.04666666666666667
11165,candidate_3,candidate_2,candidate_1,3,0.04666666666666667
11166,candidate_3,candidate_2,candidate_1,3,0.04666666666666667
11167,candidate_3,candidate_2,candidate_1,3,0.04666666666666667
11168,candidate_3,candidate_2,candidate_1,3,0.04666666666666667
11169,candidate_3,candidate_2,candidate_1,3,0.04666666666666667
11170,candidate_3,candidate_2,candidate_1,3,0.04666666666666667
11171,candidate_3,candidate_2,candidate_1,3,0.04666666666666667
11172,candidate_3,0,candidate_1,3,0.04666666666666667
11173,candidate_3,candidate_2,candidate_1,3,0.04666666666666667
11174,candidate_3,candidate_2,candidate_1,3,0.04666666666666667
11175,candidate_3,candidate_2,0,3,0.04666666666666667
11176,candidate_3,candidate_2,candidate_1,3,0.04666666666666667
11177,candidate_3,candidate_2,candidate_1,3,0.04666666666666667
11178,candidate_3,candidate_2,candidate_1,3,0.04666666666666667
11179,candidate_3,candidate_2,candidate_1,3,0.04666666666666667
11180,candidate_3,candidate_2,candidate_1,3,0.04666666666666667
11181,candidate_3,candidate_2,candidate_1,3,0.04666666666666667
11182,candidate_3,candidate_2,candidate_1,3,0.04666666666666667
11183,candidate_3,0,candidate_1,3,0.04666666666666667
11184,candidate_3,candidate_2,candidate_1,3,0.04666666666666667
11185,candidate_3,candidate_2,0,3,0.04666666666666667
11186,0,candidate_2,candidate_1,3,0.04666666666666667
11187,candidate_3,candidate_2,candidate_1,3,0.04666666666666667
11188,candidate_3,candidate_2,candidate_1,3,0.04666666666666667
11189,candidate_3,candidate_2,candidate_1,3,0.04666666666666667
11190,candidate_3,candidate_2,candidate_1,3,0.04666666666666667
11191,candidate_3,candidate_2,candidate_1,3,0.04666666666666667
11192,candidate_3,candidate_2,candidate_1,3,0.04666666666666667
11193,0,candidate_2,candidate_1,3,0.04666666666666667
11194,candidate_3,candidate_2,candidate_1,3,0.04666666666666667
11195,candidate_3,candidate_2,candidate_1,3,0.04666666666666667
11196,candidate_3,candidate_2,candidate_1,3,0.04666666666666667
11197,candidate_3,candidate_2,candidate_1,3,0.04666666666666667
11198,candidate_3,candidate_2,candidate_1,3,0.04666666666666667
11199,candidate_3,candidate_2,candidate_1,3,0.04666666666666667
11200,candidate_3,candidate_2,candidate_1,3,0.04666666666666667
11201,candidate_3,candidate_2,candidate_1,3,0.04666666666666667
11202,candidate_3,candidate_2,candidate_1,3,0.04666666666666667
11203,candidate_3,0,candidate_1,3,0.04666666666666667
11204,candidate_3,candidate_2,candidate_1,3,0.04666666666666667
11205,candidate_3,candidate_2,candidate_1,3,0.04666666666666667
11206,candidate_3,candidate_2,candidate_1,3,0.04666666666666667
11207,candidate_3,candidate_2,candidate_1,3,0.04666666666666667
11208,candidate_3,candidate_2,candidate_1,3,0.04666666666666667
11209,candidate_3,candidate_2,candidate_1,3,0.04666666666666667
11210,candidate_3,candidate_2,candidate_1,3,0.04666666666666667
11211,candidate_3,candidate_2,candidate_1,3,0.04666666666666667
11212,0,candidate_2,candidate_1,3,0.04666666666666667
11213,candidate_3,candidate_2,candidate_1,3,0.04666666666666667
11214,candidate_3,candidate_2,candidate_1,3,0.04666666666666667
11215,candidate_3,candidate_2,candidate_1,3,0.04666666666666667
11216,candidate_3,candidate_2,candidate_1,3,0.04666666666666667
11217,candidate_3,candidate_2,candidate_1,3,0.04666666666666667
11218,0,candidate_2,candidate_1,3,0.04666666666666667
11219,candidate_3,candidate_2,candidate_1,3,0.04666666666666667
11220,0,candidate_2,candidate_1,3,0.04666666666666667
11221,candidate_3,candidate_2,candidate_1,3,0.04666666666666667
11222,candidate_3,candidate_2,candidate_1,3,0.04666666666666667
11223,candidate_3,candidate_2,candidate_1,3,0.04666666666666667
11224,candidate_3,candidate_2,candidate_1,3,0.04666666666666667
11225,candidate_3,candidate_2,candidate_1,3,0.04666666666666667
11226,candidate_3,candidate_2,candidate_1,3,0.04666666666666667
11227,candidate_3,candidate_2,candidate_1,3,0.04666666666666667
11228,candidate_3,candidate_2,candidate_1,3,0.04666666666666667
11229,candidate_3,candidate_2,candidate_1,3,0.04666666666666667
11230,candidate_3,candidate_2,candidate_1,3,0.04666666666666667
11231,candidate_3,candidate_2,candidate_1,3,0.04666666666666667
11232,candidate_3,candidate_2,candidate_1,3,0.04666666666666667
11233,candidate_3,candidate_2,candidate_1,3,0.04666666666666667
11234,candidate_3,0,candidate_1,3,0.04666666666666667
11235,candidate_3,candidate_2,candidate_1,3,0.04666666666666667
11236,candidate_3,candidate_2,candidate_1,3,0.04666666666666667
11237,candidate_3,candidate_2,candidate_1,3,0.04666666666666667
11238,candidate_3,candidate_2,candidate_1,3,0.04666666666666667
11239,candidate_3,0,candidate_1,3,0.04666666666666667
11240,candidate_3,candidate_2,candidate_1,3,0.04666666666666667
11241,candidate_3,candidate_2,candidate_1,3,0.04666666666666667
11242,candidate_3,candidate_2,candidate_1,3,0.04666666666666667
11243,candidate_3,candidate_2,candidate_1,3,0.04666666666666667
11244,candidate_3,candidate_2,candidate_1,3,0.04666666666666667
11245,candidate_3,candidate_2,candidate_1,3,0.04666666666666667
11246,candidate_3,candidate_2,candidate_1,3,0.04666666666666667
11247,candidate_3,candidate_2,0,3,0.04666666666666667
11248,candidate_3,candidate_2,candidate_1,3,0.04666666666666667
11249,candidate_3,candidate_2,candidate_1,3,0.04666666666666667
11250,candidate_3,candidate_2,candidate_1,3,0.04666666666666667
11251,candidate_3,candidate_2,candidate_1,3,0.04666666666666667
11252,0,candidate_2,candidate_1,3,0.04666666666666667
11253,0,candidate_2,0,3,0.04666666666666667
11254,0,candidate_2,candidate_1,3,0.04666666666666667
11255,candidate_3,candidate_2,candidate_1,3,0.04666666666666667
11256,candidate_3,candidate_2,candidate_1,3,0.04666666666666667
11257,candidate_3,candidate_2,candidate_1,3,0.04666666666666667
11258,candidate_3,candidate_2,candidate_1,3,0.04666666666666667
11259,0,candidate_2,candidate_1,3,0.04666666666666667
11260,candidate_3,candidate_2,candidate_1,3,0.04666666666666667
11261,candidate_3,candidate_2,candidate_1,3,0.04666666666666667
11262,candidate_3,candidate_2,candidate_1,3,0.04666666666666667
11263,candidate_3,candidate_2,0,3,0.04666666666666667
11264,candidate_3,candidate_2,candidate_1,3,0.04666666666666667
11265,candidate_3,candidate_2,candidate_1,3,0.04666666666666667
11266,candidate_3,candidate_2,candidate_1,3,0.04666666666666667
11267,candidate_3,candidate_2,candidate_1,3,0.04666666666666667
11268,candidate_3,candidate_2,candidate_1,3,0.04666666666666667
11269,candidate_3,candidate_2,candidate_1,3,0.04666666666666667
11270,candidate_3,candidate_2,candidate_1,3,0.04666666666666667
11271,candidate_3,candidate_2,candidate_1,3,0.04666666666666667
11272,candidate_3,candidate_2,candidate_1,3,0.04666666666666667
11273,candidate_3,candidate_2,candidate_1,3,0.04666666666666667
11274,candidate_3,candidate_2,candidate_1,3,0.04666666666666667
11275,candidate_3,candidate_2,candidate_1,3,0.04666666666666667
11276,candidate_3,candidate_2,candidate_1,3,0.04666666666666667
11277,candidate_3,candidate_2,candidate_1,3,0.04666666666666667
11278,candidate_3,candidate_2,candidate_1,3,0.04666666666666667
11279,candidate_3,candidate_2,candidate_1,3,0.04666666666666667
11280,candidate_3,candidate_2,candidate_1,3,0.04666666666666667
11281,candidate_3,candidate_2,0,3,0.04666666666666667
11282,candidate_3,candidate_2,candidate_1,3,0.04666666666666667
11283,candidate_3,candidate_2,candidate_1,3,0.04666666666666667
11284,candidate_3,candidate_2,candidate_1,3,0.04666666666666667
11285,candidate_3,candidate_2,candidate_1,3,0.04666666666666667
11286,candidate_3,candidate_2,candidate_1,3,0.04666666666666667
11287,candidate_3,candidate_2,candidate_1,3,0.04666666666666667
11288,candidate_3,candidate_2,candidate_1,3,0.04666666666666667
11289,candidate_3,candidate_2,candidate_1,3,0.04666666666666667
11290,candidate_3,candidate_2,candidate_1,3,0.04666666666666667
11291,candidate_3,candidate_2,candidate_1,3,0.04666666666666667
11292,candidate_3,candidate_2,candidate_1,3,0.04666666666666667
11293,candidate_3,candidate_2,candidate_1,3,0.04666666666666667
11294,candidate_3,candidate_2,candidate_1,3,0.04666666666666667
11295,candidate_3,candidate_2,candidate_1,3,0.04666666666666667
11296,candidate_3,candidate_2,candidate_1,3,0.04666666666666667
11297,candidate_3,candidate_2,0,3,0.04666666666666667
11298,candidate_3,candidate_2,candidate_1,3,0.04666666666666667
11299,candidate_3,candidate_2,candidate_1,3,0.04666666666666667
11300,candidate_3,candidate_2,candidate_1,3,0.04666666666666667
11301,candidate_3,candidate_2,candidate_1,3,0.04666666666666667
11302,candidate_3,candidate_2,candidate_1,3,0.04666666666666667
11303,candidate_3,candidate_2,candidate_1,3,0.04666666666666667
11304,candidate_3,candidate_2,candidate_1,3,0.04666666666666667
11305,0,0,candidate_1,3,0.04666666666666667
11306,candidate_3,candidate_2,candidate_1,3,0.04666666666666667
11307,candidate_3,candidate_2,candidate_1,3,0.04666666666666667
11308,candidate_3,candidate_2,candidate_1,3,0.04666666666666667
11309,candidate_3,candidate_2,candidate_1,3,0.04666666666666667
11310,candidate_3,candidate_2,candidate_1,3,0.04666666666666667
11311,candidate_3,candidate_2,candidate_1,3,0.04666666666666667
11312,candidate_3,candidate_2,candidate_1,3,0.04666666666666667
11313,candidate_3,candidate_2,candidate_1,3,0.04666666666666667
11314,candidate_3,candidate_2,candidate_1,3,0.04666666666666667
11315,candidate_3,candidate_2,candidate_1,3,0.04666666666666667
11316,candidate_3,candidate_2,candidate_1,3,0.04666666666666667
11317,candidate_3,0,candidate_1,3,0.04666666666666667
11318,candidate_3,candidate_2,candidate_1,3,0.04666666666666667
11319,candidate_3,0,candidate_1,3,0.04666666666666667
11320,0,candidate_2,candidate_1,3,0.04666666666666667
11321,candidate_3,candidate_2,candidate_1,3,0.04666666666666667
11322,candidate_3,candidate_2,candidate_1,3,0.04666666666666667
11323,candidate_3,candidate_2,candidate_1,3,0.04666666666666667
11324,candidate_3,candidate_2,0,3,0.04666666666666667
11325,candidate_3,candidate_2,candidate_1,3,0.04666666666666667
11326,candidate_3,candidate_2,candidate_1,3,0.04666666666666667
11327,candidate_3,candidate_2,candidate_1,3,0.04666666666666667
11328,candidate_3,candidate_2,candidate_1,3,0.04666666666666667
11329,candidate_3,candidate_2,candidate_1,3,0.04666666666666667
11330,candidate_3,candidate_2,candidate_1,3,0.04666666666666667
11331,candidate_3,candidate_2,candidate_1,3,0.04666666666666667
11332,candidate_3,candidate_2,candidate_1,3,0.04666666666666667
11333,candidate_3,candidate_2,candidate_1,3,0.04666666666666667
11334,candidate_3,candidate_2,candidate_1,3,0.04666666666666667
11335,candidate_3,candidate_2,candidate_1,3,0.04666666666666667
11336,candidate_3,candidate_2,candidate_1,3,0.04666666666666667
11337,candidate_3,candidate_2,candidate_1,3,0.04666666666666667
11338,candidate_3,candidate_2,candidate_1,3,0.04666666666666667
11339,candidate_3,candidate_2,candidate_1,3,0.04666666666666667
11340,candidate_3,candidate_2,candidate_1,3,0.04666666666666667
11341,candidate_3,candidate_2,candidate_1,3,0.04666666666666667
11342,candidate_3,candidate_2,candidate_1,3,0.04666666666666667
11343,candidate_3,candidate_2,candidate_1,3,0.04666666666666667
11344,candidate_3,candidate_2,candidate_1,3,0.04666666666666667
11345,candidate_3,candidate_2,candidate_1,3,0.04666666666666667
11346,candidate_3,candidate_2,candidate_1,3,0.04666666666666667
11347,candidate_3,candidate_2,0,3,0.04666666666666667
11348,candidate_3,candidate_2,candidate_1,3,0.04666666666666667
11349,candidate_3,candidate_2,candidate_1,3,0.04666666666666667
11350,candidate_3,candidate_2,candidate_1,3,0.04666666666666667
11351,candidate_3,candidate_2,candidate_1,3,0.04666666666666667
11352,candidate_3,candidate_2,candidate_1,3,0.04666666666666667
11353,candidate_3,candidate_2,candidate_1,3,0.04666666666666667
11354,candidate_3,candidate_2,candidate_1,3,0.04666666666666667
11355,candidate_3,candidate_2,candidate_1,3,0.04666666666666667
11356,candidate_3,candidate_2,candidate_1,3,0.04666666666666667
11357,candidate_3,candidate_2,candidate_1,3,0.04666666666666667
11358,candidate_3,candidate_2,candidate_1,3,0.04666666666666667
11359,candidate_3,0,0,3,0.04666666666666667
11360,0,candidate_2,candidate_1,3,0.04666666666666667
11361,candidate_3,candidate_2,candidate_1,3,0.04666666666666667
11362,candidate_3,candidate_2,0,3,0.04666666666666667
11363,candidate_3,candidate_2,candidate_1,3,0.04666666666666667
11364,candidate_3,0,candidate_1,3,0.04666666666666667
11365,candidate_3,candidate_2,candidate_1,3,0.04666666666666667
11366,candidate_3,candidate_2,candidate_1,3,0.04666666666666667
11367,candidate_3,candidate_2,candidate_1,3,0.04666666666666667
11368,candidate_3,0,candidate_1,3,0.04666666666666667
11369,candidate_3,candidate_2,candidate_1,3,0.04666666666666667
11370,candidate_3,candidate_2,candidate_1,3,0.04666666666666667
11371,candidate_3,candidate_2,candidate_1,3,0.04666666666666667
11372,candidate_3,candidate_2,candidate_1,3,0.04666666666666667
11373,candidate_3,candidate_2,candidate_1,3,0.04666666666666667
11374,candidate_3,candidate_2,candidate_1,3,0.04666666666666667
11375,candidate_3,candidate_2,candidate_1,3,0.04666666666666667
11376,candidate_3,candidate_2,candidate_1,3,0.04666666666666667
11377,candidate_3,candidate_2,candidate_1,3,0.04666666666666667
11378,0,candidate_2,candidate_1,3,0.04666666666666667
11379,candidate_3,candidate_2,candidate_1,3,0.04666666666666667
11380,candidate_3,candidate_2,candidate_1,3,0.04666666666666667
11381,candidate_3,candidate_2,candidate_1,3,0.04666666666666667
11382,candidate_3,candidate_2,candidate_1,3,0.04666666666666667
11383,candidate_3,candidate_2,candidate_1,3,0.04666666666666667
11384,candidate_3,candidate_2,candidate_1,3,0.04666666666666667
11385,candidate_3,candidate_2,candidate_1,3,0.04666666666666667
11386,candidate_3,candidate_2,candidate_1,3,0.04666666666666667
11387,candidate_3,candidate_2,candidate_1,3,0.04666666666666667
11388,candidate_3,candidate_2,candidate_1,3,0.04666666666666667
11389,candidate_3,candidate_2,candidate_1,3,0.04666666666666667
11390,candidate_3,candidate_2,candidate_1,3,0.04666666666666667
11391,candidate_3,candidate_2,candidate_1,3,0.04666666666666667
11392,candidate_3,candidate_2,candidate_1,3,0.04666666666666667
11393,0,candidate_2,candidate_1,3,0.04666666666666667
11394,candidate_3,candidate_2,candidate_1,3,0.04666666666666667
11395,candidate_3,candidate_2,candidate_1,3,0.04666666666666667
11396,0,candidate_2,candidate_1,3,0.04666666666666667
11397,candidate_3,candidate_2,candidate_1,3,0.04666666666666667
11398,candidate_3,candidate_2,candidate_1,3,0.04666666666666667
11399,candidate_3,candidate_2,candidate_1,3,0.04666666666666667
11400,candidate_3,candidate_2,candidate_1,3,0.04666666666666667
11401,candidate_3,candidate_2,candidate_1,3,0.04666666666666667
11402,candidate_3,candidate_2,candidate_1,3,0.04666666666666667
11403,candidate_3,candidate_2,candidate_1,3,0.04666666666666667
11404,candidate_3,candidate_2,candidate_1,3,0.04666666666666667
11405,candidate_3,candidate_2,candidate_1,3,0.04666666666666667
11406,candidate_3,candidate_2,candidate_1,3,0.04666666666666667
11407,candidate_3,candidate_2,candidate_1,3,0.04666666666666667
11408,candidate_3,candidate_2,candidate_1,3,0.04666666666666667
11409,candidate_3,candidate_2,candidate_1,3,0.04666666666666667
11410,candidate_3,candidate_2,candidate_1,3,0.04666666666666667
11411,candidate_3,candidate_2,candidate_1,3,0.04666666666666667
11412,candidate_3,candidate_2,candidate_1,3,0.04666666666666667
11413,candidate_3,candidate_2,candidate_1,3,0.04666666666666667
11414,candidate_3,candidate_2,candidate_1,3,0.04666666666666667
11415,candidate_3,candidate_2,candidate_1,3,0.04666666666666667
11416,candidate_3,candidate_2,candidate_1,3,0.04666666666666667
11417,candidate_3,candidate_2,candidate_1,3,0.04666666666666667
11418,candidate_3,candidate_2,candidate_1,3,0.04666666666666667
11419,candidate_3,candidate_2,candidate_1,3,0.04666666666666667
11420,candidate_3,candidate_2,candidate_1,3,0.04666666666666667
11421,0,candidate_2,candidate_1,3,0.04666666666666667
11422,candidate_3,candidate_2,candidate_1,3,0.04666666666666667
