,candidate_1,candidate_2,candidate_3,num_candidates,noise
0,candidate_1,candidate_2,candidate_3,3,0.02
1,candidate_1,candidate_2,candidate_3,3,0.02
2,candidate_1,candidate_2,candidate_3,3,0.02
3,candidate_1,candidate_2,candidate_3,3,0.02
4,candidate_1,candidate_2,candidate_3,3,0.02
5,candidate_1,candidate_2,candidate_3,3,0.02
6,candidate_1,candidate_2,candidate_3,3,0.02
7,candidate_1,candidate_2,candidate_3,3,0.02
8,candidate_1,candidate_2,candidate_3,3,0.02
9,candidate_1,candidate_2,0,3,0.02
10,candidate_1,candidate_2,candidate_3,3,0.02
11,candidate_1,candidate_2,candidate_3,3,0.02
12,candidate_1,candidate_2,candidate_3,3,0.02
13,candidate_1,candidate_2,candidate_3,3,0.02
14,candidate_1,candidate_2,candidate_3,3,0.02
15,candidate_1,candidate_2,candidate_3,3,0.02
16,candidate_1,candidate_2,candidate_3,3,0.02
17,candidate_1,candidate_2,candidate_3,3,0.02
18,candidate_1,candidate_2,candidate_3,3,0.02
19,candidate_1,candidate_2,candidate_3,3,0.02
20,candidate_1,candidate_2,candidate_3,3,0.02
21,candidate_1,candidate_2,candidate_3,3,0.02
22,candidate_1,candidate_2,candidate_3,3,0.02
23,candidate_1,candidate_2,candidate_3,3,0.02
24,candidate_1,candidate_2,candidate_3,3,0.02
25,candidate_1,candidate_2,candidate_3,3,0.02
26,candidate_1,candidate_2,candidate_3,3,0.02
27,candidate_1,candidate_2,candidate_3,3,0.02
28,candidate_1,candidate_2,candidate_3,3,0.02
29,candidate_1,candidate_2,candidate_3,3,0.02
30,candidate_1,candidate_2,candidate_3,3,0.02
31,candidate_1,candidate_2,candidate_3,3,0.02
32,candidate_1,candidate_2,candidate_3,3,0.02
33,candidate_1,candidate_2,candidate_3,3,0.02
34,candidate_1,candidate_2,candidate_3,3,0.02
35,candidate_1,candidate_2,candidate_3,3,0.02
36,candidate_1,candidate_2,candidate_3,3,0.02
37,candidate_1,candidate_2,candidate_3,3,0.02
38,candidate_1,candidate_2,candidate_3,3,0.02
39,candidate_1,candidate_2,candidate_3,3,0.02
40,candidate_1,candidate_2,candidate_3,3,0.02
41,candidate_1,candidate_2,candidate_3,3,0.02
42,candidate_1,candidate_2,candidate_3,3,0.02
43,candidate_1,candidate_2,candidate_3,3,0.02
44,candidate_1,candidate_2,candidate_3,3,0.02
45,candidate_1,candidate_2,0,3,0.02
46,candidate_1,candidate_2,candidate_3,3,0.02
47,candidate_1,candidate_2,candidate_3,3,0.02
48,candidate_1,candidate_2,candidate_3,3,0.02
49,candidate_1,candidate_2,candidate_3,3,0.02
50,candidate_1,candidate_2,candidate_3,3,0.02
51,candidate_1,candidate_2,candidate_3,3,0.02
52,candidate_1,candidate_2,candidate_3,3,0.02
53,candidate_1,candidate_2,candidate_3,3,0.02
54,candidate_1,candidate_2,candidate_3,3,0.02
55,candidate_1,candidate_2,candidate_3,3,0.02
56,candidate_1,candidate_2,0,3,0.02
57,candidate_1,candidate_2,candidate_3,3,0.02
58,candidate_1,candidate_2,0,3,0.02
59,candidate_1,candidate_2,candidate_3,3,0.02
60,candidate_1,candidate_2,candidate_3,3,0.02
61,candidate_1,candidate_2,candidate_3,3,0.02
62,candidate_1,candidate_2,candidate_3,3,0.02
63,candidate_1,candidate_2,candidate_3,3,0.02
64,candidate_1,candidate_2,candidate_3,3,0.02
65,candidate_1,candidate_2,candidate_3,3,0.02
66,candidate_1,candidate_2,candidate_3,3,0.02
67,candidate_1,candidate_2,candidate_3,3,0.02
68,candidate_1,candidate_2,candidate_3,3,0.02
69,candidate_1,candidate_2,candidate_3,3,0.02
70,candidate_1,candidate_2,candidate_3,3,0.02
71,candidate_1,candidate_2,candidate_3,3,0.02
72,candidate_1,candidate_2,candidate_3,3,0.02
73,candidate_1,candidate_2,candidate_3,3,0.02
74,candidate_1,0,candidate_3,3,0.02
75,candidate_1,candidate_2,candidate_3,3,0.02
76,candidate_1,candidate_2,candidate_3,3,0.02
77,candidate_1,candidate_2,candidate_3,3,0.02
78,candidate_1,candidate_2,candidate_3,3,0.02
79,candidate_1,candidate_2,candidate_3,3,0.02
80,candidate_1,candidate_2,candidate_3,3,0.02
81,candidate_1,candidate_2,candidate_3,3,0.02
82,candidate_1,candidate_2,candidate_3,3,0.02
83,candidate_1,candidate_2,candidate_3,3,0.02
84,candidate_1,candidate_2,candidate_3,3,0.02
85,candidate_1,candidate_2,candidate_3,3,0.02
86,candidate_1,candidate_2,candidate_3,3,0.02
87,candidate_1,candidate_2,candidate_3,3,0.02
88,candidate_1,candidate_2,candidate_3,3,0.02
89,candidate_1,candidate_2,candidate_3,3,0.02
90,candidate_1,candidate_2,candidate_3,3,0.02
91,candidate_1,candidate_2,candidate_3,3,0.02
92,candidate_1,candidate_2,candidate_3,3,0.02
93,candidate_1,candidate_2,0,3,0.02
94,candidate_1,candidate_2,candidate_3,3,0.02
95,candidate_1,candidate_2,candidate_3,3,0.02
96,candidate_1,candidate_2,candidate_3,3,0.02
97,candidate_1,candidate_2,candidate_3,3,0.02
98,candidate_1,candidate_2,candidate_3,3,0.02
99,candidate_1,candidate_2,candidate_3,3,0.02
100,candidate_1,candidate_2,candidate_3,3,0.02
101,candidate_1,candidate_2,candidate_3,3,0.02
102,candidate_1,candidate_2,0,3,0.02
103,candidate_1,candidate_2,candidate_3,3,0.02
104,candidate_1,candidate_2,candidate_3,3,0.02
105,candidate_1,candidate_2,candidate_3,3,0.02
106,candidate_1,candidate_2,candidate_3,3,0.02
107,candidate_1,candidate_2,candidate_3,3,0.02
108,candidate_1,candidate_2,candidate_3,3,0.02
109,candidate_1,candidate_2,candidate_3,3,0.02
110,candidate_1,candidate_2,candidate_3,3,0.02
111,candidate_1,candidate_2,candidate_3,3,0.02
112,candidate_1,candidate_2,candidate_3,3,0.02
113,candidate_1,candidate_2,candidate_3,3,0.02
114,candidate_1,candidate_2,candidate_3,3,0.02
115,candidate_1,candidate_2,0,3,0.02
116,candidate_1,candidate_2,candidate_3,3,0.02
117,candidate_1,candidate_2,candidate_3,3,0.02
118,candidate_1,candidate_2,candidate_3,3,0.02
119,candidate_1,0,candidate_3,3,0.02
120,candidate_1,candidate_2,candidate_3,3,0.02
121,candidate_1,candidate_2,candidate_3,3,0.02
122,candidate_1,candidate_2,0,3,0.02
123,candidate_1,candidate_2,candidate_3,3,0.02
124,candidate_1,candidate_2,candidate_3,3,0.02
125,candidate_1,candidate_2,candidate_3,3,0.02
126,candidate_1,candidate_2,candidate_3,3,0.02
127,candidate_1,candidate_2,candidate_3,3,0.02
128,candidate_1,candidate_2,candidate_3,3,0.02
129,candidate_1,candidate_2,candidate_3,3,0.02
130,candidate_1,candidate_2,candidate_3,3,0.02
131,candidate_1,candidate_2,candidate_3,3,0.02
132,candidate_1,candidate_2,candidate_3,3,0.02
133,candidate_1,candidate_2,candidate_3,3,0.02
134,candidate_1,candidate_2,candidate_3,3,0.02
135,candidate_1,candidate_2,candidate_3,3,0.02
136,candidate_1,candidate_2,candidate_3,3,0.02
137,candidate_1,candidate_2,candidate_3,3,0.02
138,candidate_1,candidate_2,candidate_3,3,0.02
139,candidate_1,candidate_2,candidate_3,3,0.02
140,candidate_1,candidate_2,candidate_3,3,0.02
141,candidate_1,candidate_2,candidate_3,3,0.02
142,candidate_1,candidate_2,candidate_3,3,0.02
143,candidate_1,candidate_2,candidate_3,3,0.02
144,candidate_1,candidate_2,candidate_3,3,0.02
145,candidate_1,candidate_2,candidate_3,3,0.02
146,candidate_1,candidate_2,candidate_3,3,0.02
147,candidate_1,candidate_2,candidate_3,3,0.02
148,candidate_1,candidate_2,candidate_3,3,0.02
149,candidate_1,candidate_2,candidate_3,3,0.02
150,candidate_1,candidate_2,candidate_3,3,0.02
151,candidate_1,candidate_2,candidate_3,3,0.02
152,candidate_1,candidate_2,candidate_3,3,0.02
153,candidate_1,candidate_2,candidate_3,3,0.02
154,candidate_1,candidate_2,candidate_3,3,0.02
155,candidate_1,candidate_2,candidate_3,3,0.02
156,candidate_1,candidate_2,candidate_3,3,0.02
157,candidate_1,candidate_2,candidate_3,3,0.02
158,candidate_1,candidate_2,candidate_3,3,0.02
159,0,candidate_2,candidate_3,3,0.02
160,candidate_1,candidate_2,candidate_3,3,0.02
161,candidate_1,candidate_2,candidate_3,3,0.02
162,candidate_1,candidate_2,candidate_3,3,0.02
163,candidate_1,candidate_2,candidate_3,3,0.02
164,candidate_1,candidate_2,candidate_3,3,0.02
165,candidate_1,candidate_2,candidate_3,3,0.02
166,candidate_1,candidate_2,candidate_3,3,0.02
167,candidate_1,candidate_2,candidate_3,3,0.02
168,candidate_1,candidate_2,candidate_3,3,0.02
169,candidate_1,candidate_2,candidate_3,3,0.02
170,candidate_1,candidate_2,candidate_3,3,0.02
171,candidate_1,candidate_2,candidate_3,3,0.02
172,candidate_1,candidate_2,candidate_3,3,0.02
173,candidate_1,candidate_2,candidate_3,3,0.02
174,candidate_1,candidate_2,candidate_3,3,0.02
175,candidate_1,candidate_2,candidate_3,3,0.02
176,candidate_1,candidate_2,candidate_3,3,0.02
177,candidate_1,candidate_2,candidate_3,3,0.02
178,candidate_1,candidate_2,candidate_3,3,0.02
179,0,candidate_2,candidate_3,3,0.02
180,candidate_1,candidate_2,candidate_3,3,0.02
181,candidate_1,0,candidate_3,3,0.02
182,candidate_1,candidate_2,candidate_3,3,0.02
183,0,candidate_2,candidate_3,3,0.02
184,0,candidate_2,candidate_3,3,0.02
185,candidate_1,candidate_2,candidate_3,3,0.02
186,candidate_1,candidate_2,candidate_3,3,0.02
187,candidate_1,candidate_2,candidate_3,3,0.02
188,candidate_1,candidate_2,candidate_3,3,0.02
189,candidate_1,candidate_2,candidate_3,3,0.02
190,candidate_1,candidate_2,candidate_3,3,0.02
191,candidate_1,candidate_2,candidate_3,3,0.02
192,candidate_1,candidate_2,candidate_3,3,0.02
193,candidate_1,candidate_2,candidate_3,3,0.02
194,candidate_1,candidate_2,candidate_3,3,0.02
195,candidate_1,candidate_2,candidate_3,3,0.02
196,candidate_1,candidate_2,candidate_3,3,0.02
197,candidate_1,candidate_2,candidate_3,3,0.02
198,candidate_1,candidate_2,candidate_3,3,0.02
199,candidate_1,candidate_2,candidate_3,3,0.02
200,candidate_1,candidate_2,candidate_3,3,0.02
201,candidate_1,candidate_2,candidate_3,3,0.02
202,candidate_1,candidate_2,candidate_3,3,0.02
203,candidate_1,candidate_2,candidate_3,3,0.02
204,candidate_1,candidate_2,candidate_3,3,0.02
205,candidate_1,candidate_2,candidate_3,3,0.02
206,candidate_1,candidate_2,candidate_3,3,0.02
207,candidate_1,candidate_2,candidate_3,3,0.02
208,candidate_1,candidate_2,candidate_3,3,0.02
209,candidate_1,candidate_2,candidate_3,3,0.02
210,candidate_1,candidate_2,candidate_3,3,0.02
211,candidate_1,candidate_2,candidate_3,3,0.02
212,candidate_1,candidate_2,candidate_3,3,0.02
213,candidate_1,candidate_2,candidate_3,3,0.02
214,candidate_1,candidate_2,candidate_3,3,0.02
215,candidate_1,candidate_2,candidate_3,3,0.02
216,candidate_1,candidate_2,candidate_3,3,0.02
217,candidate_1,candidate_2,0,3,0.02
218,candidate_1,candidate_2,candidate_3,3,0.02
219,candidate_1,candidate_2,candidate_3,3,0.02
220,candidate_1,candidate_2,candidate_3,3,0.02
221,candidate_1,candidate_2,candidate_3,3,0.02
222,candidate_1,candidate_2,candidate_3,3,0.02
223,candidate_1,candidate_2,candidate_3,3,0.02
224,candidate_1,candidate_2,candidate_3,3,0.02
225,candidate_1,candidate_2,candidate_3,3,0.02
226,candidate_1,candidate_2,candidate_3,3,0.02
227,candidate_1,candidate_2,candidate_3,3,0.02
228,candidate_1,candidate_2,candidate_3,3,0.02
229,candidate_1,candidate_2,candidate_3,3,0.02
230,candidate_1,candidate_2,candidate_3,3,0.02
231,candidate_1,candidate_2,candidate_3,3,0.02
232,candidate_1,candidate_2,candidate_3,3,0.02
233,candidate_1,candidate_2,candidate_3,3,0.02
234,candidate_1,candidate_2,candidate_3,3,0.02
235,candidate_1,candidate_2,candidate_3,3,0.02
236,candidate_1,candidate_2,candidate_3,3,0.02
237,0,candidate_2,candidate_3,3,0.02
238,candidate_1,candidate_2,candidate_3,3,0.02
239,candidate_1,candidate_2,candidate_3,3,0.02
240,candidate_1,candidate_2,candidate_3,3,0.02
241,candidate_1,candidate_2,candidate_3,3,0.02
242,candidate_1,candidate_2,candidate_3,3,0.02
243,candidate_1,candidate_2,candidate_3,3,0.02
244,candidate_1,candidate_2,candidate_3,3,0.02
245,candidate_1,candidate_2,candidate_3,3,0.02
246,candidate_1,candidate_2,candidate_3,3,0.02
247,candidate_1,candidate_2,candidate_3,3,0.02
248,0,candidate_2,candidate_3,3,0.02
249,0,candidate_2,candidate_3,3,0.02
250,candidate_1,candidate_2,candidate_3,3,0.02
251,candidate_1,0,candidate_3,3,0.02
252,candidate_1,candidate_2,candidate_3,3,0.02
253,candidate_1,candidate_2,candidate_3,3,0.02
254,candidate_1,candidate_2,candidate_3,3,0.02
255,candidate_1,candidate_2,candidate_3,3,0.02
256,candidate_1,candidate_2,candidate_3,3,0.02
257,candidate_1,candidate_2,candidate_3,3,0.02
258,candidate_1,candidate_2,candidate_3,3,0.02
259,candidate_1,candidate_2,candidate_3,3,0.02
260,candidate_1,candidate_2,candidate_3,3,0.02
261,candidate_1,candidate_2,candidate_3,3,0.02
262,candidate_1,candidate_2,candidate_3,3,0.02
263,candidate_1,candidate_2,candidate_3,3,0.02
264,candidate_1,candidate_2,0,3,0.02
265,candidate_1,candidate_2,candidate_3,3,0.02
266,candidate_1,candidate_2,candidate_3,3,0.02
267,candidate_1,candidate_2,candidate_3,3,0.02
268,candidate_1,candidate_2,candidate_3,3,0.02
269,candidate_1,candidate_2,candidate_3,3,0.02
270,candidate_1,candidate_2,candidate_3,3,0.02
271,candidate_1,candidate_2,candidate_3,3,0.02
272,candidate_1,candidate_2,candidate_3,3,0.02
273,candidate_1,candidate_2,candidate_3,3,0.02
274,candidate_1,candidate_2,candidate_3,3,0.02
275,candidate_1,candidate_2,candidate_3,3,0.02
276,candidate_1,0,candidate_3,3,0.02
277,candidate_1,candidate_2,candidate_3,3,0.02
278,candidate_1,candidate_2,candidate_3,3,0.02
279,candidate_1,candidate_2,candidate_3,3,0.02
280,candidate_1,candidate_2,candidate_3,3,0.02
281,candidate_1,candidate_2,candidate_3,3,0.02
282,candidate_1,0,candidate_3,3,0.02
283,candidate_1,candidate_2,candidate_3,3,0.02
284,candidate_1,candidate_2,candidate_3,3,0.02
285,candidate_1,candidate_2,candidate_3,3,0.02
286,candidate_1,candidate_2,candidate_3,3,0.02
287,candidate_1,candidate_2,candidate_3,3,0.02
288,candidate_1,candidate_2,candidate_3,3,0.02
289,candidate_1,candidate_2,candidate_3,3,0.02
290,candidate_1,candidate_2,candidate_3,3,0.02
291,candidate_1,candidate_2,candidate_3,3,0.02
292,candidate_1,candidate_2,candidate_3,3,0.02
293,candidate_1,candidate_2,candidate_3,3,0.02
294,candidate_1,candidate_2,candidate_3,3,0.02
295,candidate_1,candidate_2,0,3,0.02
296,candidate_1,candidate_2,candidate_3,3,0.02
297,candidate_1,candidate_2,candidate_3,3,0.02
298,candidate_1,candidate_2,candidate_3,3,0.02
299,candidate_1,candidate_2,candidate_3,3,0.02
300,candidate_1,candidate_2,candidate_3,3,0.02
301,candidate_1,candidate_2,candidate_3,3,0.02
302,candidate_1,candidate_2,candidate_3,3,0.02
303,candidate_1,candidate_2,candidate_3,3,0.02
304,candidate_1,candidate_2,candidate_3,3,0.02
305,candidate_1,candidate_2,candidate_3,3,0.02
306,candidate_1,candidate_2,candidate_3,3,0.02
307,candidate_1,candidate_2,candidate_3,3,0.02
308,candidate_1,candidate_2,candidate_3,3,0.02
309,candidate_1,candidate_2,candidate_3,3,0.02
310,candidate_1,candidate_2,candidate_3,3,0.02
311,0,candidate_2,candidate_3,3,0.02
312,candidate_1,candidate_2,candidate_3,3,0.02
313,candidate_1,candidate_2,0,3,0.02
314,candidate_1,candidate_2,candidate_3,3,0.02
315,candidate_1,candidate_2,candidate_3,3,0.02
316,candidate_1,candidate_2,candidate_3,3,0.02
317,candidate_1,candidate_2,candidate_3,3,0.02
318,candidate_1,candidate_2,candidate_3,3,0.02
319,candidate_1,candidate_2,candidate_3,3,0.02
320,candidate_1,candidate_2,candidate_3,3,0.02
321,candidate_1,candidate_2,candidate_3,3,0.02
322,candidate_1,candidate_2,candidate_3,3,0.02
323,candidate_1,candidate_2,candidate_3,3,0.02
324,candidate_1,candidate_2,candidate_3,3,0.02
325,candidate_1,candidate_2,candidate_3,3,0.02
326,candidate_1,candidate_2,candidate_3,3,0.02
327,candidate_1,candidate_2,candidate_3,3,0.02
328,candidate_1,candidate_2,candidate_3,3,0.02
329,candidate_1,candidate_2,candidate_3,3,0.02
330,candidate_1,candidate_2,candidate_3,3,0.02
331,candidate_1,candidate_2,candidate_3,3,0.02
332,candidate_1,candidate_2,candidate_3,3,0.02
333,candidate_1,candidate_2,candidate_3,3,0.02
334,candidate_1,candidate_2,candidate_3,3,0.02
335,candidate_1,candidate_2,candidate_3,3,0.02
336,0,candidate_2,candidate_3,3,0.02
337,candidate_1,candidate_2,candidate_3,3,0.02
338,candidate_1,candidate_2,candidate_3,3,0.02
339,candidate_1,candidate_2,candidate_3,3,0.02
340,candidate_1,candidate_2,candidate_3,3,0.02
341,candidate_1,candidate_2,candidate_3,3,0.02
342,candidate_1,candidate_2,candidate_3,3,0.02
343,candidate_1,candidate_2,candidate_3,3,0.02
344,candidate_1,candidate_2,candidate_3,3,0.02
345,candidate_1,candidate_2,candidate_3,3,0.02
346,candidate_1,candidate_2,candidate_3,3,0.02
347,candidate_1,candidate_2,candidate_3,3,0.02
348,candidate_1,candidate_2,candidate_3,3,0.02
349,candidate_1,candidate_2,candidate_3,3,0.02
350,candidate_1,candidate_2,candidate_3,3,0.02
351,candidate_1,candidate_2,candidate_3,3,0.02
352,candidate_1,candidate_2,candidate_3,3,0.02
353,candidate_1,candidate_2,candidate_3,3,0.02
354,candidate_1,candidate_2,candidate_3,3,0.02
355,candidate_1,candidate_2,candidate_3,3,0.02
356,candidate_1,candidate_2,candidate_3,3,0.02
357,candidate_1,candidate_2,candidate_3,3,0.02
358,candidate_1,candidate_2,candidate_3,3,0.02
359,candidate_1,candidate_2,candidate_3,3,0.02
360,candidate_1,candidate_2,candidate_3,3,0.02
361,candidate_1,candidate_2,candidate_3,3,0.02
362,candidate_1,candidate_2,candidate_3,3,0.02
363,0,candidate_2,candidate_3,3,0.02
364,candidate_1,candidate_2,candidate_3,3,0.02
365,candidate_1,candidate_2,candidate_3,3,0.02
366,candidate_1,candidate_2,candidate_3,3,0.02
367,candidate_1,candidate_2,candidate_3,3,0.02
368,candidate_1,candidate_2,candidate_3,3,0.02
369,candidate_1,candidate_2,candidate_3,3,0.02
370,candidate_1,candidate_2,candidate_3,3,0.02
371,candidate_1,candidate_2,candidate_3,3,0.02
372,candidate_1,candidate_2,candidate_3,3,0.02
373,candidate_1,candidate_2,candidate_3,3,0.02
374,candidate_1,candidate_2,candidate_3,3,0.02
375,candidate_1,candidate_2,candidate_3,3,0.02
376,candidate_1,candidate_2,candidate_3,3,0.02
377,candidate_1,candidate_2,candidate_3,3,0.02
378,candidate_1,candidate_2,candidate_3,3,0.02
379,candidate_1,candidate_2,candidate_3,3,0.02
380,0,candidate_2,candidate_3,3,0.02
381,candidate_1,candidate_2,candidate_3,3,0.02
382,candidate_1,candidate_2,candidate_3,3,0.02
383,candidate_1,candidate_2,candidate_3,3,0.02
384,candidate_1,0,candidate_3,3,0.02
385,candidate_1,candidate_2,candidate_3,3,0.02
386,candidate_1,candidate_2,candidate_3,3,0.02
387,candidate_1,candidate_2,candidate_3,3,0.02
388,candidate_1,candidate_2,0,3,0.02
389,candidate_1,candidate_2,candidate_3,3,0.02
390,candidate_1,candidate_2,candidate_3,3,0.02
391,candidate_1,candidate_2,candidate_3,3,0.02
392,0,candidate_2,candidate_3,3,0.02
393,candidate_1,candidate_2,candidate_3,3,0.02
394,candidate_1,candidate_2,candidate_3,3,0.02
395,candidate_1,candidate_2,candidate_3,3,0.02
396,candidate_1,candidate_2,candidate_3,3,0.02
397,candidate_1,candidate_2,candidate_3,3,0.02
398,candidate_1,candidate_2,candidate_3,3,0.02
399,candidate_1,candidate_2,candidate_3,3,0.02
400,candidate_1,candidate_2,candidate_3,3,0.02
401,candidate_1,candidate_2,candidate_3,3,0.02
402,candidate_1,candidate_2,candidate_3,3,0.02
403,candidate_1,candidate_2,candidate_3,3,0.02
404,candidate_1,candidate_2,candidate_3,3,0.02
405,candidate_1,candidate_2,candidate_3,3,0.02
406,candidate_1,candidate_2,candidate_3,3,0.02
407,candidate_1,candidate_2,candidate_3,3,0.02
408,candidate_1,candidate_2,candidate_3,3,0.02
409,candidate_1,candidate_2,candidate_3,3,0.02
410,candidate_1,candidate_2,candidate_3,3,0.02
411,candidate_1,candidate_2,candidate_3,3,0.02
412,candidate_1,candidate_2,candidate_3,3,0.02
413,candidate_1,candidate_2,candidate_3,3,0.02
414,candidate_1,candidate_2,candidate_3,3,0.02
415,candidate_1,candidate_2,candidate_3,3,0.02
416,candidate_1,candidate_2,candidate_3,3,0.02
417,candidate_1,candidate_2,candidate_3,3,0.02
418,candidate_1,candidate_2,candidate_3,3,0.02
419,candidate_1,candidate_2,candidate_3,3,0.02
420,candidate_1,candidate_2,candidate_3,3,0.02
421,candidate_1,candidate_2,candidate_3,3,0.02
422,candidate_1,candidate_2,candidate_3,3,0.02
423,candidate_1,candidate_2,candidate_3,3,0.02
424,candidate_1,candidate_2,candidate_3,3,0.02
425,candidate_1,candidate_2,candidate_3,3,0.02
426,candidate_1,candidate_2,candidate_3,3,0.02
427,candidate_1,candidate_2,candidate_3,3,0.02
428,candidate_1,candidate_2,candidate_3,3,0.02
429,candidate_1,candidate_2,candidate_3,3,0.02
430,candidate_1,candidate_2,candidate_3,3,0.02
431,candidate_1,candidate_2,candidate_3,3,0.02
432,candidate_1,candidate_2,candidate_3,3,0.02
433,candidate_1,candidate_2,candidate_3,3,0.02
434,candidate_1,candidate_2,candidate_3,3,0.02
435,0,candidate_2,candidate_3,3,0.02
436,candidate_1,candidate_2,candidate_3,3,0.02
437,candidate_1,candidate_2,candidate_3,3,0.02
438,candidate_1,candidate_2,candidate_3,3,0.02
439,candidate_1,candidate_2,candidate_3,3,0.02
440,candidate_1,candidate_2,candidate_3,3,0.02
441,candidate_1,candidate_2,candidate_3,3,0.02
442,candidate_1,candidate_2,candidate_3,3,0.02
443,candidate_1,candidate_2,candidate_3,3,0.02
444,candidate_1,candidate_2,candidate_3,3,0.02
445,candidate_1,candidate_2,candidate_3,3,0.02
446,candidate_1,candidate_2,candidate_3,3,0.02
447,candidate_1,candidate_2,candidate_3,3,0.02
448,candidate_1,candidate_2,candidate_3,3,0.02
449,candidate_1,candidate_2,candidate_3,3,0.02
450,candidate_1,candidate_2,candidate_3,3,0.02
451,0,candidate_2,candidate_3,3,0.02
452,candidate_1,candidate_2,candidate_3,3,0.02
453,candidate_1,candidate_2,candidate_3,3,0.02
454,candidate_1,candidate_2,candidate_3,3,0.02
455,candidate_1,candidate_2,candidate_3,3,0.02
456,candidate_1,candidate_2,candidate_3,3,0.02
457,candidate_1,candidate_2,candidate_3,3,0.02
458,candidate_1,candidate_2,candidate_3,3,0.02
459,candidate_1,candidate_2,candidate_3,3,0.02
460,candidate_1,candidate_2,0,3,0.02
461,candidate_1,candidate_2,candidate_3,3,0.02
462,candidate_1,candidate_2,candidate_3,3,0.02
463,candidate_1,candidate_2,0,3,0.02
464,candidate_1,candidate_2,candidate_3,3,0.02
465,candidate_1,candidate_2,candidate_3,3,0.02
466,candidate_1,candidate_2,candidate_3,3,0.02
467,candidate_1,candidate_2,candidate_3,3,0.02
468,candidate_1,candidate_2,candidate_3,3,0.02
469,candidate_1,candidate_2,candidate_3,3,0.02
470,candidate_1,candidate_2,candidate_3,3,0.02
471,candidate_1,candidate_2,candidate_3,3,0.02
472,candidate_1,candidate_2,candidate_3,3,0.02
473,candidate_1,candidate_2,candidate_3,3,0.02
474,candidate_1,candidate_2,candidate_3,3,0.02
475,candidate_1,candidate_2,candidate_3,3,0.02
476,candidate_1,candidate_2,candidate_3,3,0.02
477,candidate_1,candidate_2,candidate_3,3,0.02
478,candidate_1,candidate_2,candidate_3,3,0.02
479,candidate_1,candidate_2,candidate_3,3,0.02
480,candidate_1,candidate_2,candidate_3,3,0.02
481,candidate_1,candidate_2,candidate_3,3,0.02
482,candidate_1,candidate_2,candidate_3,3,0.02
483,candidate_1,candidate_2,candidate_3,3,0.02
484,candidate_1,candidate_2,candidate_3,3,0.02
485,candidate_1,candidate_2,candidate_3,3,0.02
486,candidate_1,candidate_2,candidate_3,3,0.02
487,candidate_1,candidate_2,candidate_3,3,0.02
488,candidate_1,candidate_2,candidate_3,3,0.02
489,candidate_1,candidate_2,candidate_3,3,0.02
490,candidate_1,candidate_2,candidate_3,3,0.02
491,candidate_1,candidate_2,candidate_3,3,0.02
492,candidate_1,candidate_2,candidate_3,3,0.02
493,candidate_1,candidate_2,candidate_3,3,0.02
494,candidate_1,candidate_2,candidate_3,3,0.02
495,candidate_1,candidate_2,candidate_3,3,0.02
496,candidate_1,candidate_2,candidate_3,3,0.02
497,candidate_1,candidate_2,candidate_3,3,0.02
498,candidate_1,candidate_2,candidate_3,3,0.02
499,candidate_1,candidate_2,candidate_3,3,0.02
500,candidate_1,candidate_2,0,3,0.02
501,candidate_1,candidate_2,candidate_3,3,0.02
502,candidate_1,candidate_2,candidate_3,3,0.02
503,candidate_1,candidate_2,candidate_3,3,0.02
504,candidate_1,candidate_2,candidate_3,3,0.02
505,candidate_1,candidate_2,candidate_3,3,0.02
506,candidate_1,candidate_2,candidate_3,3,0.02
507,candidate_1,candidate_2,candidate_3,3,0.02
508,candidate_1,candidate_2,candidate_3,3,0.02
509,candidate_1,candidate_2,candidate_3,3,0.02
510,candidate_1,candidate_2,candidate_3,3,0.02
511,candidate_1,candidate_2,candidate_3,3,0.02
512,candidate_1,candidate_2,candidate_3,3,0.02
513,candidate_1,candidate_2,candidate_3,3,0.02
514,candidate_1,candidate_2,candidate_3,3,0.02
515,candidate_1,candidate_2,candidate_3,3,0.02
516,candidate_1,candidate_2,candidate_3,3,0.02
517,candidate_1,candidate_2,candidate_3,3,0.02
518,candidate_1,candidate_2,candidate_3,3,0.02
519,candidate_1,candidate_2,candidate_3,3,0.02
520,candidate_1,candidate_2,candidate_3,3,0.02
521,candidate_1,candidate_2,candidate_3,3,0.02
522,candidate_1,candidate_2,0,3,0.02
523,candidate_1,candidate_2,candidate_3,3,0.02
524,candidate_1,candidate_2,candidate_3,3,0.02
525,candidate_1,candidate_2,candidate_3,3,0.02
526,candidate_1,candidate_2,candidate_3,3,0.02
527,candidate_1,candidate_2,candidate_3,3,0.02
528,candidate_1,candidate_2,candidate_3,3,0.02
529,candidate_1,candidate_2,candidate_3,3,0.02
530,candidate_1,candidate_2,candidate_3,3,0.02
531,candidate_1,candidate_2,candidate_3,3,0.02
532,candidate_1,candidate_2,candidate_3,3,0.02
533,candidate_1,candidate_2,candidate_3,3,0.02
534,candidate_1,candidate_2,candidate_3,3,0.02
535,candidate_1,candidate_2,candidate_3,3,0.02
536,candidate_1,candidate_2,candidate_3,3,0.02
537,candidate_1,candidate_2,candidate_3,3,0.02
538,candidate_1,candidate_2,candidate_3,3,0.02
539,candidate_1,candidate_2,candidate_3,3,0.02
540,candidate_1,candidate_2,candidate_3,3,0.02
541,candidate_1,candidate_2,candidate_3,3,0.02
542,candidate_1,candidate_2,0,3,0.02
543,candidate_1,candidate_2,candidate_3,3,0.02
544,candidate_1,candidate_2,candidate_3,3,0.02
545,candidate_1,candidate_2,candidate_3,3,0.02
546,candidate_1,candidate_2,candidate_3,3,0.02
547,candidate_1,candidate_2,candidate_3,3,0.02
548,candidate_1,candidate_2,candidate_3,3,0.02
549,candidate_1,candidate_2,candidate_3,3,0.02
550,candidate_1,candidate_2,candidate_3,3,0.02
551,candidate_1,candidate_2,candidate_3,3,0.02
552,candidate_1,candidate_2,candidate_3,3,0.02
553,candidate_1,candidate_2,candidate_3,3,0.02
554,candidate_1,candidate_2,candidate_3,3,0.02
555,candidate_1,candidate_2,candidate_3,3,0.02
556,candidate_1,candidate_2,candidate_3,3,0.02
557,candidate_1,candidate_2,candidate_3,3,0.02
558,candidate_1,candidate_2,candidate_3,3,0.02
559,candidate_1,candidate_2,candidate_3,3,0.02
560,candidate_1,0,candidate_3,3,0.02
561,candidate_1,candidate_2,candidate_3,3,0.02
562,candidate_1,candidate_2,candidate_3,3,0.02
563,candidate_1,candidate_2,candidate_3,3,0.02
564,candidate_1,candidate_2,candidate_3,3,0.02
565,candidate_1,candidate_2,candidate_3,3,0.02
566,candidate_1,candidate_2,candidate_3,3,0.02
567,candidate_1,candidate_2,candidate_3,3,0.02
568,candidate_1,candidate_2,candidate_3,3,0.02
569,candidate_1,candidate_2,candidate_3,3,0.02
570,candidate_1,candidate_2,candidate_3,3,0.02
571,candidate_1,candidate_2,candidate_3,3,0.02
572,candidate_1,candidate_2,candidate_3,3,0.02
573,candidate_1,candidate_2,candidate_3,3,0.02
574,candidate_1,candidate_2,candidate_3,3,0.02
575,candidate_1,candidate_2,candidate_3,3,0.02
576,candidate_1,candidate_2,candidate_3,3,0.02
577,candidate_1,candidate_2,candidate_3,3,0.02
578,candidate_1,candidate_2,candidate_3,3,0.02
579,candidate_1,candidate_2,candidate_3,3,0.02
580,candidate_1,candidate_2,candidate_3,3,0.02
581,candidate_1,candidate_2,candidate_3,3,0.02
582,candidate_1,candidate_2,candidate_3,3,0.02
583,candidate_1,candidate_2,candidate_3,3,0.02
584,candidate_1,candidate_2,candidate_3,3,0.02
585,candidate_1,candidate_2,candidate_3,3,0.02
586,candidate_1,candidate_2,candidate_3,3,0.02
587,candidate_1,candidate_2,candidate_3,3,0.02
588,candidate_1,candidate_2,candidate_3,3,0.02
589,candidate_1,candidate_2,candidate_3,3,0.02
590,candidate_1,candidate_2,candidate_3,3,0.02
591,candidate_1,candidate_2,candidate_3,3,0.02
592,candidate_1,candidate_2,candidate_3,3,0.02
593,candidate_1,candidate_2,candidate_3,3,0.02
594,candidate_1,candidate_2,candidate_3,3,0.02
595,candidate_1,candidate_2,candidate_3,3,0.02
596,candidate_1,candidate_2,candidate_3,3,0.02
597,candidate_1,candidate_2,candidate_3,3,0.02
598,candidate_1,candidate_2,candidate_3,3,0.02
599,candidate_1,candidate_2,candidate_3,3,0.02
600,candidate_1,candidate_2,candidate_3,3,0.02
601,candidate_1,candidate_2,candidate_3,3,0.02
602,candidate_1,candidate_2,candidate_3,3,0.02
603,candidate_1,candidate_2,candidate_3,3,0.02
604,candidate_1,candidate_2,candidate_3,3,0.02
605,candidate_1,candidate_2,candidate_3,3,0.02
606,candidate_1,0,candidate_3,3,0.02
607,candidate_1,candidate_2,candidate_3,3,0.02
608,candidate_1,candidate_2,candidate_3,3,0.02
609,candidate_1,candidate_2,candidate_3,3,0.02
610,candidate_1,candidate_2,candidate_3,3,0.02
611,candidate_1,candidate_2,candidate_3,3,0.02
612,candidate_1,candidate_2,candidate_3,3,0.02
613,candidate_1,candidate_2,candidate_3,3,0.02
614,candidate_1,candidate_2,candidate_3,3,0.02
615,candidate_1,candidate_2,candidate_3,3,0.02
616,candidate_1,candidate_2,candidate_3,3,0.02
617,candidate_1,candidate_2,candidate_3,3,0.02
618,candidate_1,candidate_2,candidate_3,3,0.02
619,candidate_1,candidate_2,candidate_3,3,0.02
620,candidate_1,candidate_2,candidate_3,3,0.02
621,candidate_1,candidate_2,candidate_3,3,0.02
622,candidate_1,candidate_2,candidate_3,3,0.02
623,candidate_1,candidate_2,candidate_3,3,0.02
624,candidate_1,candidate_2,candidate_3,3,0.02
625,candidate_1,candidate_2,candidate_3,3,0.02
626,candidate_1,candidate_2,candidate_3,3,0.02
627,candidate_1,candidate_2,candidate_3,3,0.02
628,candidate_1,candidate_2,candidate_3,3,0.02
629,candidate_1,candidate_2,candidate_3,3,0.02
630,candidate_1,candidate_2,candidate_3,3,0.02
631,candidate_1,candidate_2,candidate_3,3,0.02
632,candidate_1,candidate_2,candidate_3,3,0.02
633,candidate_1,candidate_2,candidate_3,3,0.02
634,candidate_1,candidate_2,candidate_3,3,0.02
635,candidate_1,candidate_2,candidate_3,3,0.02
636,candidate_1,candidate_2,candidate_3,3,0.02
637,candidate_1,candidate_2,candidate_3,3,0.02
638,candidate_1,candidate_2,candidate_3,3,0.02
639,candidate_1,candidate_2,candidate_3,3,0.02
640,candidate_1,candidate_2,candidate_3,3,0.02
641,candidate_1,candidate_2,candidate_3,3,0.02
642,candidate_1,candidate_2,candidate_3,3,0.02
643,candidate_1,candidate_2,candidate_3,3,0.02
644,candidate_1,candidate_2,candidate_3,3,0.02
645,candidate_1,candidate_2,candidate_3,3,0.02
646,candidate_1,candidate_2,candidate_3,3,0.02
647,candidate_1,candidate_2,candidate_3,3,0.02
648,candidate_1,candidate_2,candidate_3,3,0.02
649,candidate_1,candidate_2,candidate_3,3,0.02
650,candidate_1,candidate_2,candidate_3,3,0.02
651,candidate_1,candidate_2,candidate_3,3,0.02
652,candidate_1,candidate_2,candidate_3,3,0.02
653,candidate_1,candidate_2,candidate_3,3,0.02
654,candidate_1,candidate_2,candidate_3,3,0.02
655,candidate_1,candidate_2,0,3,0.02
656,candidate_1,candidate_2,candidate_3,3,0.02
657,candidate_1,candidate_2,candidate_3,3,0.02
658,candidate_1,candidate_2,candidate_3,3,0.02
659,candidate_1,candidate_2,candidate_3,3,0.02
660,candidate_1,candidate_2,candidate_3,3,0.02
661,candidate_1,candidate_2,candidate_3,3,0.02
662,candidate_1,candidate_2,candidate_3,3,0.02
663,candidate_1,candidate_2,candidate_3,3,0.02
664,candidate_1,candidate_2,candidate_3,3,0.02
665,candidate_1,candidate_2,candidate_3,3,0.02
666,candidate_1,candidate_2,candidate_3,3,0.02
667,candidate_1,candidate_2,candidate_3,3,0.02
668,candidate_1,candidate_2,candidate_3,3,0.02
669,candidate_1,candidate_2,0,3,0.02
670,candidate_1,candidate_2,candidate_3,3,0.02
671,candidate_1,candidate_2,candidate_3,3,0.02
672,candidate_1,candidate_2,candidate_3,3,0.02
673,candidate_1,candidate_2,candidate_3,3,0.02
674,candidate_1,candidate_2,candidate_3,3,0.02
675,candidate_1,candidate_2,candidate_3,3,0.02
676,candidate_1,candidate_2,candidate_3,3,0.02
677,candidate_1,candidate_2,candidate_3,3,0.02
678,candidate_1,0,candidate_3,3,0.02
679,candidate_1,candidate_2,candidate_3,3,0.02
680,candidate_1,candidate_2,candidate_3,3,0.02
681,candidate_1,candidate_2,candidate_3,3,0.02
682,candidate_1,candidate_2,candidate_3,3,0.02
683,0,candidate_2,candidate_3,3,0.02
684,candidate_1,candidate_2,candidate_3,3,0.02
685,candidate_1,candidate_2,candidate_3,3,0.02
686,candidate_1,candidate_2,candidate_3,3,0.02
687,candidate_1,candidate_2,candidate_3,3,0.02
688,candidate_1,candidate_2,candidate_3,3,0.02
689,candidate_1,candidate_2,candidate_3,3,0.02
690,candidate_1,candidate_2,candidate_3,3,0.02
691,candidate_1,candidate_2,candidate_3,3,0.02
692,candidate_1,candidate_2,candidate_3,3,0.02
693,candidate_1,candidate_2,candidate_3,3,0.02
694,candidate_1,candidate_2,candidate_3,3,0.02
695,candidate_1,candidate_2,candidate_3,3,0.02
696,candidate_1,candidate_2,candidate_3,3,0.02
697,candidate_1,candidate_2,candidate_3,3,0.02
698,candidate_1,candidate_2,candidate_3,3,0.02
699,candidate_1,candidate_2,candidate_3,3,0.02
700,candidate_1,candidate_2,candidate_3,3,0.02
701,candidate_1,candidate_2,candidate_3,3,0.02
702,candidate_1,candidate_2,candidate_3,3,0.02
703,candidate_1,candidate_2,candidate_3,3,0.02
704,candidate_1,candidate_2,candidate_3,3,0.02
705,candidate_1,candidate_2,candidate_3,3,0.02
706,candidate_1,candidate_2,candidate_3,3,0.02
707,candidate_1,candidate_2,candidate_3,3,0.02
708,candidate_1,candidate_2,candidate_3,3,0.02
709,candidate_1,candidate_2,candidate_3,3,0.02
710,candidate_1,candidate_2,candidate_3,3,0.02
711,candidate_1,candidate_2,candidate_3,3,0.02
712,candidate_1,candidate_2,candidate_3,3,0.02
713,candidate_1,candidate_2,candidate_3,3,0.02
714,candidate_1,candidate_2,candidate_3,3,0.02
715,0,candidate_2,candidate_3,3,0.02
716,candidate_1,candidate_2,candidate_3,3,0.02
717,candidate_1,candidate_2,candidate_3,3,0.02
718,candidate_1,candidate_2,candidate_3,3,0.02
719,candidate_1,0,candidate_3,3,0.02
720,candidate_1,candidate_2,candidate_3,3,0.02
721,candidate_1,candidate_2,candidate_3,3,0.02
722,candidate_1,candidate_2,candidate_3,3,0.02
723,candidate_1,candidate_2,candidate_3,3,0.02
724,candidate_1,candidate_2,candidate_3,3,0.02
725,candidate_1,candidate_2,candidate_3,3,0.02
726,candidate_1,candidate_2,candidate_3,3,0.02
727,candidate_1,candidate_2,candidate_3,3,0.02
728,candidate_1,candidate_2,candidate_3,3,0.02
729,candidate_1,candidate_2,candidate_3,3,0.02
730,0,candidate_2,candidate_3,3,0.02
731,candidate_1,candidate_2,candidate_3,3,0.02
732,candidate_1,candidate_2,candidate_3,3,0.02
733,candidate_1,candidate_2,candidate_3,3,0.02
734,candidate_1,candidate_2,candidate_3,3,0.02
735,candidate_1,candidate_2,candidate_3,3,0.02
736,candidate_1,candidate_2,candidate_3,3,0.02
737,candidate_1,candidate_2,candidate_3,3,0.02
738,candidate_1,candidate_2,candidate_3,3,0.02
739,candidate_1,candidate_2,candidate_3,3,0.02
740,candidate_1,candidate_2,candidate_3,3,0.02
741,candidate_1,candidate_2,candidate_3,3,0.02
742,candidate_1,candidate_2,candidate_3,3,0.02
743,candidate_1,candidate_2,candidate_3,3,0.02
744,candidate_1,candidate_2,candidate_3,3,0.02
745,candidate_1,candidate_2,candidate_3,3,0.02
746,candidate_1,candidate_2,candidate_3,3,0.02
747,candidate_1,candidate_2,candidate_3,3,0.02
748,candidate_1,candidate_2,candidate_3,3,0.02
749,candidate_1,candidate_2,candidate_3,3,0.02
750,candidate_1,candidate_2,0,3,0.02
751,candidate_1,candidate_2,candidate_3,3,0.02
752,0,candidate_2,candidate_3,3,0.02
753,candidate_1,candidate_2,candidate_3,3,0.02
754,0,candidate_2,candidate_3,3,0.02
755,candidate_1,candidate_2,candidate_3,3,0.02
756,candidate_1,candidate_2,candidate_3,3,0.02
757,candidate_1,candidate_2,candidate_3,3,0.02
758,candidate_1,candidate_2,candidate_3,3,0.02
759,candidate_1,candidate_2,candidate_3,3,0.02
760,candidate_1,candidate_2,candidate_3,3,0.02
761,candidate_1,candidate_2,candidate_3,3,0.02
762,candidate_1,candidate_2,candidate_3,3,0.02
763,candidate_1,candidate_2,candidate_3,3,0.02
764,candidate_1,candidate_2,candidate_3,3,0.02
765,candidate_1,candidate_2,candidate_3,3,0.02
766,candidate_1,candidate_2,candidate_3,3,0.02
767,candidate_1,candidate_2,candidate_3,3,0.02
768,candidate_1,candidate_2,candidate_3,3,0.02
769,candidate_1,0,candidate_3,3,0.02
770,candidate_1,candidate_2,candidate_3,3,0.02
771,candidate_1,candidate_2,candidate_3,3,0.02
772,0,candidate_2,candidate_3,3,0.02
773,candidate_1,candidate_2,0,3,0.02
774,candidate_1,candidate_2,candidate_3,3,0.02
775,candidate_1,candidate_2,candidate_3,3,0.02
776,candidate_1,candidate_2,candidate_3,3,0.02
777,candidate_1,candidate_2,candidate_3,3,0.02
778,candidate_1,candidate_2,0,3,0.02
779,candidate_1,candidate_2,candidate_3,3,0.02
780,candidate_1,candidate_2,candidate_3,3,0.02
781,candidate_1,candidate_2,candidate_3,3,0.02
782,candidate_1,candidate_2,candidate_3,3,0.02
783,candidate_1,candidate_2,candidate_3,3,0.02
784,candidate_1,candidate_2,candidate_3,3,0.02
785,candidate_1,candidate_2,candidate_3,3,0.02
786,candidate_1,candidate_2,candidate_3,3,0.02
787,candidate_1,candidate_2,candidate_3,3,0.02
788,candidate_1,candidate_2,candidate_3,3,0.02
789,candidate_1,candidate_2,candidate_3,3,0.02
790,candidate_1,candidate_2,candidate_3,3,0.02
791,candidate_1,candidate_2,candidate_3,3,0.02
792,candidate_1,candidate_2,candidate_3,3,0.02
793,candidate_1,candidate_2,candidate_3,3,0.02
794,candidate_1,candidate_2,candidate_3,3,0.02
795,candidate_1,candidate_2,candidate_3,3,0.02
796,candidate_1,candidate_2,candidate_3,3,0.02
797,candidate_1,candidate_2,candidate_3,3,0.02
798,candidate_1,candidate_2,candidate_3,3,0.02
799,candidate_1,candidate_2,candidate_3,3,0.02
800,candidate_1,candidate_2,candidate_3,3,0.02
801,candidate_1,candidate_2,candidate_3,3,0.02
802,candidate_1,candidate_2,candidate_3,3,0.02
803,candidate_1,candidate_2,candidate_3,3,0.02
804,candidate_1,candidate_2,candidate_3,3,0.02
805,candidate_1,candidate_2,candidate_3,3,0.02
806,candidate_1,candidate_2,candidate_3,3,0.02
807,candidate_1,candidate_2,candidate_3,3,0.02
808,candidate_1,candidate_2,candidate_3,3,0.02
809,candidate_1,candidate_2,candidate_3,3,0.02
810,candidate_1,candidate_2,candidate_3,3,0.02
811,candidate_1,candidate_2,candidate_3,3,0.02
812,candidate_1,candidate_2,candidate_3,3,0.02
813,candidate_1,candidate_2,candidate_3,3,0.02
814,candidate_1,candidate_2,candidate_3,3,0.02
815,candidate_1,candidate_2,candidate_3,3,0.02
816,candidate_1,candidate_2,candidate_3,3,0.02
817,candidate_1,candidate_2,candidate_3,3,0.02
818,candidate_1,candidate_2,candidate_3,3,0.02
819,candidate_1,candidate_2,candidate_3,3,0.02
820,candidate_1,candidate_2,candidate_3,3,0.02
821,candidate_1,candidate_2,candidate_3,3,0.02
822,candidate_1,candidate_2,candidate_3,3,0.02
823,candidate_1,candidate_2,candidate_3,3,0.02
824,candidate_1,candidate_2,candidate_3,3,0.02
825,candidate_1,candidate_2,candidate_3,3,0.02
826,candidate_1,candidate_2,candidate_3,3,0.02
827,candidate_1,candidate_2,candidate_3,3,0.02
828,candidate_1,candidate_2,candidate_3,3,0.02
829,candidate_1,candidate_2,candidate_3,3,0.02
830,candidate_1,candidate_2,candidate_3,3,0.02
831,candidate_1,candidate_2,candidate_3,3,0.02
832,candidate_1,candidate_2,candidate_3,3,0.02
833,candidate_1,0,candidate_3,3,0.02
834,candidate_1,0,candidate_3,3,0.02
835,candidate_1,candidate_2,candidate_3,3,0.02
836,candidate_1,candidate_2,candidate_3,3,0.02
837,candidate_1,candidate_2,candidate_3,3,0.02
838,candidate_1,candidate_2,candidate_3,3,0.02
839,candidate_1,candidate_2,candidate_3,3,0.02
840,candidate_1,candidate_2,candidate_3,3,0.02
841,candidate_1,candidate_2,candidate_3,3,0.02
842,candidate_1,candidate_2,candidate_3,3,0.02
843,candidate_1,candidate_2,candidate_3,3,0.02
844,candidate_1,candidate_2,candidate_3,3,0.02
845,candidate_1,candidate_2,candidate_3,3,0.02
846,candidate_1,candidate_2,candidate_3,3,0.02
847,candidate_1,candidate_2,candidate_3,3,0.02
848,candidate_1,candidate_2,candidate_3,3,0.02
849,candidate_1,candidate_2,candidate_3,3,0.02
850,candidate_1,candidate_2,candidate_3,3,0.02
851,candidate_1,candidate_2,candidate_3,3,0.02
852,candidate_1,candidate_2,candidate_3,3,0.02
853,candidate_1,candidate_2,candidate_3,3,0.02
854,candidate_1,candidate_2,candidate_3,3,0.02
855,candidate_1,candidate_2,candidate_3,3,0.02
856,candidate_1,candidate_2,candidate_3,3,0.02
857,candidate_1,candidate_2,candidate_3,3,0.02
858,candidate_1,candidate_2,candidate_3,3,0.02
859,candidate_1,candidate_2,candidate_3,3,0.02
860,candidate_1,candidate_2,candidate_3,3,0.02
861,candidate_1,candidate_2,candidate_3,3,0.02
862,candidate_1,candidate_2,candidate_3,3,0.02
863,candidate_1,candidate_2,candidate_3,3,0.02
864,candidate_1,candidate_2,candidate_3,3,0.02
865,candidate_1,candidate_2,candidate_3,3,0.02
866,candidate_1,candidate_2,candidate_3,3,0.02
867,candidate_1,candidate_2,candidate_3,3,0.02
868,candidate_1,candidate_2,candidate_3,3,0.02
869,candidate_1,candidate_2,candidate_3,3,0.02
870,0,candidate_2,candidate_3,3,0.02
871,candidate_1,candidate_2,candidate_3,3,0.02
872,candidate_1,candidate_2,candidate_3,3,0.02
873,candidate_1,candidate_2,candidate_3,3,0.02
874,candidate_1,candidate_2,candidate_3,3,0.02
875,candidate_1,candidate_2,candidate_3,3,0.02
876,candidate_1,candidate_2,candidate_3,3,0.02
877,candidate_1,candidate_2,candidate_3,3,0.02
878,candidate_1,candidate_2,candidate_3,3,0.02
879,candidate_1,candidate_2,candidate_3,3,0.02
880,candidate_1,candidate_2,candidate_3,3,0.02
881,candidate_1,candidate_2,candidate_3,3,0.02
882,candidate_1,candidate_2,candidate_3,3,0.02
883,candidate_1,candidate_2,candidate_3,3,0.02
884,candidate_1,candidate_2,candidate_3,3,0.02
885,candidate_1,candidate_2,candidate_3,3,0.02
886,candidate_1,candidate_2,candidate_3,3,0.02
887,candidate_1,candidate_2,candidate_3,3,0.02
888,candidate_1,candidate_2,candidate_3,3,0.02
889,candidate_1,candidate_2,candidate_3,3,0.02
890,candidate_1,candidate_2,candidate_3,3,0.02
891,candidate_1,candidate_2,candidate_3,3,0.02
892,candidate_1,candidate_2,candidate_3,3,0.02
893,candidate_1,candidate_2,candidate_3,3,0.02
894,candidate_1,candidate_2,candidate_3,3,0.02
895,candidate_1,candidate_2,candidate_3,3,0.02
896,candidate_1,candidate_2,candidate_3,3,0.02
897,candidate_1,candidate_2,candidate_3,3,0.02
898,candidate_1,candidate_2,candidate_3,3,0.02
899,candidate_1,candidate_2,candidate_3,3,0.02
900,candidate_1,candidate_2,candidate_3,3,0.02
901,candidate_1,candidate_2,candidate_3,3,0.02
902,candidate_1,candidate_2,candidate_3,3,0.02
903,candidate_1,candidate_2,candidate_3,3,0.02
904,candidate_1,candidate_2,candidate_3,3,0.02
905,candidate_1,candidate_2,candidate_3,3,0.02
906,candidate_1,candidate_2,candidate_3,3,0.02
907,candidate_1,candidate_2,candidate_3,3,0.02
908,candidate_1,0,candidate_3,3,0.02
909,candidate_1,candidate_2,candidate_3,3,0.02
910,candidate_1,candidate_2,candidate_3,3,0.02
911,candidate_1,candidate_2,candidate_3,3,0.02
912,candidate_1,candidate_2,candidate_3,3,0.02
913,candidate_1,candidate_2,candidate_3,3,0.02
914,candidate_1,candidate_2,candidate_3,3,0.02
915,candidate_1,candidate_2,candidate_3,3,0.02
916,candidate_1,candidate_2,candidate_3,3,0.02
917,candidate_1,candidate_2,candidate_3,3,0.02
918,candidate_1,candidate_2,candidate_3,3,0.02
919,candidate_1,candidate_2,candidate_3,3,0.02
920,candidate_1,candidate_2,candidate_3,3,0.02
921,candidate_1,candidate_2,0,3,0.02
922,candidate_1,candidate_2,candidate_3,3,0.02
923,candidate_1,candidate_2,candidate_3,3,0.02
924,candidate_1,candidate_2,candidate_3,3,0.02
925,candidate_1,candidate_2,candidate_3,3,0.02
926,candidate_1,candidate_2,candidate_3,3,0.02
927,candidate_1,candidate_2,candidate_3,3,0.02
928,candidate_1,candidate_2,candidate_3,3,0.02
929,candidate_1,candidate_2,candidate_3,3,0.02
930,candidate_1,candidate_2,candidate_3,3,0.02
931,candidate_1,candidate_2,candidate_3,3,0.02
932,candidate_1,candidate_2,candidate_3,3,0.02
933,candidate_1,candidate_2,candidate_3,3,0.02
934,candidate_1,candidate_2,candidate_3,3,0.02
935,0,candidate_2,candidate_3,3,0.02
936,candidate_1,candidate_2,candidate_3,3,0.02
937,candidate_1,candidate_2,candidate_3,3,0.02
938,candidate_1,candidate_2,candidate_3,3,0.02
939,candidate_1,candidate_2,candidate_3,3,0.02
940,candidate_1,candidate_2,candidate_3,3,0.02
941,candidate_1,candidate_2,candidate_3,3,0.02
942,candidate_1,candidate_2,candidate_3,3,0.02
943,candidate_1,candidate_2,candidate_3,3,0.02
944,candidate_1,candidate_2,candidate_3,3,0.02
945,candidate_1,candidate_2,candidate_3,3,0.02
946,candidate_1,candidate_2,candidate_3,3,0.02
947,candidate_1,candidate_2,candidate_3,3,0.02
948,candidate_1,candidate_2,candidate_3,3,0.02
949,candidate_1,candidate_2,candidate_3,3,0.02
950,candidate_1,candidate_2,candidate_3,3,0.02
951,candidate_1,candidate_2,candidate_3,3,0.02
952,candidate_1,candidate_2,candidate_3,3,0.02
953,candidate_1,candidate_2,candidate_3,3,0.02
954,candidate_1,candidate_2,candidate_3,3,0.02
955,candidate_1,0,candidate_3,3,0.02
956,candidate_1,candidate_2,0,3,0.02
957,candidate_1,candidate_2,candidate_3,3,0.02
958,candidate_1,candidate_2,candidate_3,3,0.02
959,candidate_1,candidate_2,candidate_3,3,0.02
960,candidate_1,candidate_2,candidate_3,3,0.02
961,candidate_1,candidate_2,candidate_3,3,0.02
962,candidate_1,candidate_2,candidate_3,3,0.02
963,candidate_1,candidate_2,candidate_3,3,0.02
964,candidate_1,candidate_2,candidate_3,3,0.02
965,candidate_1,candidate_2,candidate_3,3,0.02
966,candidate_1,candidate_2,candidate_3,3,0.02
967,candidate_1,candidate_2,candidate_3,3,0.02
968,candidate_1,candidate_2,candidate_3,3,0.02
969,candidate_1,candidate_2,candidate_3,3,0.02
970,candidate_1,candidate_2,candidate_3,3,0.02
971,candidate_1,candidate_2,candidate_3,3,0.02
972,candidate_1,candidate_2,candidate_3,3,0.02
973,candidate_1,candidate_2,candidate_3,3,0.02
974,0,candidate_2,candidate_3,3,0.02
975,candidate_1,candidate_2,candidate_3,3,0.02
976,candidate_1,candidate_2,candidate_3,3,0.02
977,candidate_1,candidate_2,candidate_3,3,0.02
978,candidate_1,candidate_2,candidate_3,3,0.02
979,candidate_1,candidate_2,candidate_3,3,0.02
980,candidate_1,candidate_2,candidate_3,3,0.02
981,candidate_1,candidate_2,candidate_3,3,0.02
982,candidate_1,candidate_2,candidate_3,3,0.02
983,candidate_1,candidate_2,candidate_3,3,0.02
984,candidate_1,candidate_2,candidate_3,3,0.02
985,candidate_1,candidate_2,candidate_3,3,0.02
986,candidate_1,candidate_2,candidate_3,3,0.02
987,candidate_1,candidate_2,candidate_3,3,0.02
988,candidate_1,0,candidate_3,3,0.02
989,candidate_1,candidate_2,candidate_3,3,0.02
990,candidate_1,candidate_2,candidate_3,3,0.02
991,candidate_1,candidate_2,candidate_3,3,0.02
992,candidate_1,candidate_2,candidate_3,3,0.02
993,candidate_1,candidate_2,candidate_3,3,0.02
994,candidate_1,candidate_2,candidate_3,3,0.02
995,0,candidate_2,candidate_3,3,0.02
996,candidate_1,candidate_2,0,3,0.02
997,candidate_1,candidate_2,candidate_3,3,0.02
998,candidate_1,candidate_2,candidate_3,3,0.02
999,candidate_1,candidate_2,candidate_3,3,0.02
1000,candidate_1,candidate_2,candidate_3,3,0.02
1001,candidate_1,0,candidate_3,3,0.02
1002,candidate_1,candidate_2,candidate_3,3,0.02
1003,candidate_1,candidate_2,candidate_3,3,0.02
1004,candidate_1,candidate_2,candidate_3,3,0.02
1005,candidate_1,candidate_2,candidate_3,3,0.02
1006,candidate_1,candidate_2,candidate_3,3,0.02
1007,candidate_1,candidate_2,candidate_3,3,0.02
1008,candidate_1,candidate_2,candidate_3,3,0.02
1009,candidate_1,candidate_2,candidate_3,3,0.02
1010,candidate_1,candidate_2,candidate_3,3,0.02
1011,candidate_1,candidate_2,candidate_3,3,0.02
1012,candidate_1,candidate_2,candidate_3,3,0.02
1013,candidate_1,candidate_2,candidate_3,3,0.02
1014,candidate_1,candidate_2,candidate_3,3,0.02
1015,candidate_1,candidate_2,candidate_3,3,0.02
1016,candidate_1,candidate_2,candidate_3,3,0.02
1017,candidate_1,candidate_2,candidate_3,3,0.02
1018,candidate_1,candidate_2,candidate_3,3,0.02
1019,candidate_1,candidate_2,candidate_3,3,0.02
1020,candidate_1,candidate_2,candidate_3,3,0.02
1021,candidate_1,candidate_2,candidate_3,3,0.02
1022,candidate_1,candidate_2,candidate_3,3,0.02
1023,candidate_1,candidate_2,candidate_3,3,0.02
1024,candidate_1,candidate_2,candidate_3,3,0.02
1025,candidate_1,candidate_2,candidate_3,3,0.02
1026,candidate_1,candidate_2,candidate_3,3,0.02
1027,candidate_1,candidate_2,candidate_3,3,0.02
1028,candidate_1,candidate_2,candidate_3,3,0.02
1029,candidate_1,candidate_2,0,3,0.02
1030,candidate_1,candidate_2,candidate_3,3,0.02
1031,candidate_1,candidate_2,candidate_3,3,0.02
1032,candidate_1,candidate_2,candidate_3,3,0.02
1033,candidate_1,candidate_2,candidate_3,3,0.02
1034,candidate_1,candidate_2,candidate_3,3,0.02
1035,candidate_1,candidate_2,candidate_3,3,0.02
1036,candidate_1,candidate_2,candidate_3,3,0.02
1037,candidate_1,candidate_2,candidate_3,3,0.02
1038,0,candidate_2,candidate_3,3,0.02
1039,candidate_1,candidate_2,candidate_3,3,0.02
1040,candidate_1,candidate_2,candidate_3,3,0.02
1041,candidate_1,candidate_2,candidate_3,3,0.02
1042,candidate_1,candidate_2,candidate_3,3,0.02
1043,candidate_1,candidate_2,candidate_3,3,0.02
1044,candidate_1,candidate_2,candidate_3,3,0.02
1045,candidate_1,candidate_2,candidate_3,3,0.02
1046,candidate_1,candidate_2,candidate_3,3,0.02
1047,candidate_1,candidate_2,candidate_3,3,0.02
1048,candidate_1,candidate_2,candidate_3,3,0.02
1049,candidate_1,candidate_2,candidate_3,3,0.02
1050,candidate_1,candidate_2,candidate_3,3,0.02
1051,candidate_1,candidate_2,candidate_3,3,0.02
1052,candidate_1,candidate_2,candidate_3,3,0.02
1053,candidate_1,candidate_2,candidate_3,3,0.02
1054,candidate_1,candidate_2,0,3,0.02
1055,candidate_1,candidate_2,candidate_3,3,0.02
1056,candidate_1,candidate_2,candidate_3,3,0.02
1057,candidate_1,0,candidate_3,3,0.02
1058,candidate_1,candidate_2,candidate_3,3,0.02
1059,candidate_1,candidate_2,candidate_3,3,0.02
1060,candidate_1,candidate_2,candidate_3,3,0.02
1061,candidate_1,candidate_2,candidate_3,3,0.02
1062,candidate_1,candidate_2,candidate_3,3,0.02
1063,candidate_1,candidate_2,candidate_3,3,0.02
1064,candidate_1,candidate_2,candidate_3,3,0.02
1065,candidate_1,candidate_2,candidate_3,3,0.02
1066,candidate_1,candidate_2,candidate_3,3,0.02
1067,candidate_1,candidate_2,candidate_3,3,0.02
1068,candidate_1,candidate_2,candidate_3,3,0.02
1069,candidate_1,candidate_2,candidate_3,3,0.02
1070,candidate_1,candidate_2,candidate_3,3,0.02
1071,candidate_1,candidate_2,candidate_3,3,0.02
1072,candidate_1,candidate_2,candidate_3,3,0.02
1073,candidate_1,candidate_2,candidate_3,3,0.02
1074,candidate_1,candidate_2,candidate_3,3,0.02
1075,candidate_1,candidate_2,candidate_3,3,0.02
1076,candidate_1,candidate_2,candidate_3,3,0.02
1077,candidate_1,candidate_2,candidate_3,3,0.02
1078,candidate_1,candidate_2,candidate_3,3,0.02
1079,candidate_1,candidate_2,candidate_3,3,0.02
1080,candidate_1,candidate_2,candidate_3,3,0.02
1081,candidate_1,candidate_2,candidate_3,3,0.02
1082,candidate_1,candidate_2,candidate_3,3,0.02
1083,candidate_1,candidate_2,candidate_3,3,0.02
1084,candidate_1,candidate_2,candidate_3,3,0.02
1085,candidate_1,candidate_2,candidate_3,3,0.02
1086,candidate_1,candidate_2,candidate_3,3,0.02
1087,candidate_1,candidate_2,candidate_3,3,0.02
1088,candidate_1,candidate_2,candidate_3,3,0.02
1089,candidate_1,candidate_2,candidate_3,3,0.02
1090,candidate_1,candidate_2,candidate_3,3,0.02
1091,candidate_1,candidate_2,candidate_3,3,0.02
1092,candidate_1,candidate_2,candidate_3,3,0.02
1093,candidate_1,candidate_2,candidate_3,3,0.02
1094,0,candidate_2,candidate_3,3,0.02
1095,candidate_1,candidate_2,candidate_3,3,0.02
1096,candidate_1,candidate_2,candidate_3,3,0.02
1097,candidate_1,candidate_2,candidate_3,3,0.02
1098,candidate_1,candidate_2,candidate_3,3,0.02
1099,candidate_1,candidate_2,candidate_3,3,0.02
1100,candidate_1,candidate_2,candidate_3,3,0.02
1101,candidate_1,candidate_2,candidate_3,3,0.02
1102,candidate_1,candidate_2,candidate_3,3,0.02
1103,candidate_1,candidate_2,candidate_3,3,0.02
1104,candidate_1,candidate_2,candidate_3,3,0.02
1105,candidate_1,candidate_2,candidate_3,3,0.02
1106,candidate_1,candidate_2,candidate_3,3,0.02
1107,candidate_1,candidate_2,candidate_3,3,0.02
1108,candidate_1,candidate_2,candidate_3,3,0.02
1109,candidate_1,candidate_2,candidate_3,3,0.02
1110,candidate_1,candidate_2,candidate_3,3,0.02
1111,candidate_1,candidate_2,candidate_3,3,0.02
1112,candidate_1,candidate_2,candidate_3,3,0.02
1113,candidate_1,candidate_2,candidate_3,3,0.02
1114,candidate_1,candidate_2,candidate_3,3,0.02
1115,candidate_1,0,candidate_3,3,0.02
1116,candidate_1,candidate_2,candidate_3,3,0.02
1117,candidate_1,candidate_2,candidate_3,3,0.02
1118,candidate_1,candidate_2,candidate_3,3,0.02
1119,candidate_1,candidate_2,candidate_3,3,0.02
1120,candidate_1,candidate_2,candidate_3,3,0.02
1121,candidate_1,candidate_2,candidate_3,3,0.02
1122,candidate_1,candidate_2,candidate_3,3,0.02
1123,candidate_1,candidate_2,candidate_3,3,0.02
1124,candidate_1,candidate_2,candidate_3,3,0.02
1125,candidate_1,candidate_2,candidate_3,3,0.02
1126,candidate_1,candidate_2,candidate_3,3,0.02
1127,candidate_1,candidate_2,candidate_3,3,0.02
1128,candidate_1,candidate_2,candidate_3,3,0.02
1129,candidate_1,candidate_2,candidate_3,3,0.02
1130,candidate_1,candidate_2,candidate_3,3,0.02
1131,candidate_1,candidate_2,candidate_3,3,0.02
1132,candidate_1,candidate_2,candidate_3,3,0.02
1133,candidate_1,0,candidate_3,3,0.02
1134,candidate_1,candidate_2,candidate_3,3,0.02
1135,candidate_1,candidate_2,candidate_3,3,0.02
1136,candidate_1,candidate_2,candidate_3,3,0.02
1137,candidate_1,candidate_2,candidate_3,3,0.02
1138,candidate_1,candidate_2,candidate_3,3,0.02
1139,candidate_1,candidate_2,0,3,0.02
1140,candidate_1,candidate_2,candidate_3,3,0.02
1141,candidate_1,candidate_2,candidate_3,3,0.02
1142,0,candidate_2,candidate_3,3,0.02
1143,candidate_1,candidate_2,0,3,0.02
1144,candidate_1,candidate_2,candidate_3,3,0.02
1145,candidate_1,candidate_2,candidate_3,3,0.02
1146,candidate_1,candidate_2,candidate_3,3,0.02
1147,candidate_1,candidate_2,candidate_3,3,0.02
1148,candidate_1,candidate_2,candidate_3,3,0.02
1149,candidate_1,candidate_2,candidate_3,3,0.02
1150,candidate_1,candidate_2,candidate_3,3,0.02
1151,candidate_1,candidate_2,candidate_3,3,0.02
1152,candidate_1,candidate_2,candidate_3,3,0.02
1153,candidate_1,candidate_2,candidate_3,3,0.02
1154,candidate_1,candidate_2,candidate_3,3,0.02
1155,candidate_1,candidate_2,candidate_3,3,0.02
1156,candidate_1,candidate_2,candidate_3,3,0.02
1157,candidate_1,candidate_2,candidate_3,3,0.02
1158,candidate_1,candidate_2,candidate_3,3,0.02
1159,candidate_1,candidate_2,candidate_3,3,0.02
1160,candidate_1,candidate_2,candidate_3,3,0.02
1161,candidate_1,candidate_2,candidate_3,3,0.02
1162,candidate_1,candidate_2,candidate_3,3,0.02
1163,candidate_1,candidate_2,candidate_3,3,0.02
1164,candidate_1,candidate_2,candidate_3,3,0.02
1165,candidate_1,candidate_2,candidate_3,3,0.02
1166,candidate_1,candidate_2,candidate_3,3,0.02
1167,candidate_1,candidate_2,candidate_3,3,0.02
1168,candidate_1,candidate_2,candidate_3,3,0.02
1169,candidate_1,candidate_2,candidate_3,3,0.02
1170,candidate_1,candidate_2,candidate_3,3,0.02
1171,candidate_1,candidate_2,candidate_3,3,0.02
1172,candidate_1,candidate_2,candidate_3,3,0.02
1173,candidate_1,candidate_2,candidate_3,3,0.02
1174,candidate_1,candidate_2,candidate_3,3,0.02
1175,0,candidate_2,candidate_3,3,0.02
1176,candidate_1,candidate_2,candidate_3,3,0.02
1177,candidate_1,candidate_2,candidate_3,3,0.02
1178,candidate_1,candidate_2,candidate_3,3,0.02
1179,candidate_1,candidate_2,candidate_3,3,0.02
1180,candidate_1,candidate_2,candidate_3,3,0.02
1181,candidate_1,candidate_2,candidate_3,3,0.02
1182,candidate_1,candidate_2,candidate_3,3,0.02
1183,candidate_1,candidate_2,candidate_3,3,0.02
1184,candidate_1,candidate_2,candidate_3,3,0.02
1185,candidate_1,candidate_2,candidate_3,3,0.02
1186,candidate_1,candidate_2,candidate_3,3,0.02
1187,candidate_1,candidate_2,candidate_3,3,0.02
1188,candidate_1,candidate_2,candidate_3,3,0.02
1189,candidate_1,candidate_2,candidate_3,3,0.02
1190,candidate_1,candidate_2,candidate_3,3,0.02
1191,candidate_1,candidate_2,candidate_3,3,0.02
1192,candidate_1,candidate_2,0,3,0.02
1193,candidate_1,candidate_2,candidate_3,3,0.02
1194,candidate_1,candidate_2,candidate_3,3,0.02
1195,candidate_1,candidate_2,candidate_3,3,0.02
1196,candidate_1,candidate_2,candidate_3,3,0.02
1197,candidate_1,candidate_2,candidate_3,3,0.02
1198,candidate_1,candidate_2,candidate_3,3,0.02
1199,candidate_1,candidate_2,candidate_3,3,0.02
1200,candidate_1,0,candidate_3,3,0.02
1201,candidate_1,candidate_2,candidate_3,3,0.02
1202,candidate_1,candidate_2,candidate_3,3,0.02
1203,candidate_1,candidate_2,0,3,0.02
1204,candidate_1,candidate_2,candidate_3,3,0.02
1205,candidate_1,candidate_2,candidate_3,3,0.02
1206,candidate_1,candidate_2,candidate_3,3,0.02
1207,candidate_1,candidate_2,candidate_3,3,0.02
1208,candidate_1,candidate_2,candidate_3,3,0.02
1209,candidate_1,candidate_2,candidate_3,3,0.02
1210,candidate_1,candidate_2,candidate_3,3,0.02
1211,candidate_1,candidate_2,candidate_3,3,0.02
1212,candidate_1,candidate_2,candidate_3,3,0.02
1213,candidate_1,candidate_2,candidate_3,3,0.02
1214,candidate_1,candidate_2,candidate_3,3,0.02
1215,candidate_1,candidate_2,candidate_3,3,0.02
1216,candidate_1,candidate_2,candidate_3,3,0.02
1217,candidate_1,0,candidate_3,3,0.02
1218,candidate_1,candidate_2,candidate_3,3,0.02
1219,candidate_1,candidate_2,candidate_3,3,0.02
1220,candidate_1,candidate_2,candidate_3,3,0.02
1221,candidate_1,candidate_2,candidate_3,3,0.02
1222,candidate_1,candidate_2,candidate_3,3,0.02
1223,candidate_1,candidate_2,candidate_3,3,0.02
1224,candidate_1,candidate_2,candidate_3,3,0.02
1225,candidate_1,candidate_2,candidate_3,3,0.02
1226,candidate_1,candidate_2,candidate_3,3,0.02
1227,candidate_1,candidate_2,candidate_3,3,0.02
1228,candidate_1,candidate_2,candidate_3,3,0.02
1229,candidate_1,candidate_2,candidate_3,3,0.02
1230,candidate_1,candidate_2,candidate_3,3,0.02
1231,candidate_1,candidate_2,candidate_3,3,0.02
1232,candidate_1,candidate_2,candidate_3,3,0.02
1233,candidate_1,candidate_2,candidate_3,3,0.02
1234,candidate_1,candidate_2,candidate_3,3,0.02
1235,candidate_1,candidate_2,candidate_3,3,0.02
1236,candidate_1,candidate_2,candidate_3,3,0.02
1237,candidate_1,candidate_2,candidate_3,3,0.02
1238,candidate_1,candidate_2,candidate_3,3,0.02
1239,candidate_1,candidate_2,candidate_3,3,0.02
1240,candidate_1,candidate_2,candidate_3,3,0.02
1241,candidate_1,candidate_2,candidate_3,3,0.02
1242,candidate_1,candidate_2,candidate_3,3,0.02
1243,candidate_1,candidate_2,candidate_3,3,0.02
1244,candidate_1,candidate_2,candidate_3,3,0.02
1245,candidate_1,0,candidate_3,3,0.02
1246,candidate_1,candidate_2,candidate_3,3,0.02
1247,candidate_1,candidate_2,candidate_3,3,0.02
1248,candidate_1,candidate_2,candidate_3,3,0.02
1249,candidate_1,candidate_2,candidate_3,3,0.02
1250,candidate_1,candidate_2,candidate_3,3,0.02
1251,candidate_1,candidate_2,candidate_3,3,0.02
1252,candidate_1,candidate_2,candidate_3,3,0.02
1253,candidate_1,candidate_2,candidate_3,3,0.02
1254,candidate_1,candidate_2,candidate_3,3,0.02
1255,candidate_1,candidate_2,candidate_3,3,0.02
1256,candidate_1,candidate_2,candidate_3,3,0.02
1257,candidate_1,candidate_2,candidate_3,3,0.02
1258,candidate_1,candidate_2,candidate_3,3,0.02
1259,candidate_1,candidate_2,candidate_3,3,0.02
1260,candidate_1,candidate_2,candidate_3,3,0.02
1261,candidate_1,candidate_2,candidate_3,3,0.02
1262,candidate_1,candidate_2,candidate_3,3,0.02
1263,candidate_1,candidate_2,candidate_3,3,0.02
1264,candidate_1,candidate_2,candidate_3,3,0.02
1265,candidate_1,candidate_2,candidate_3,3,0.02
1266,candidate_1,candidate_2,candidate_3,3,0.02
1267,candidate_1,candidate_2,candidate_3,3,0.02
1268,candidate_1,candidate_2,candidate_3,3,0.02
1269,candidate_1,candidate_2,candidate_3,3,0.02
1270,candidate_1,candidate_2,candidate_3,3,0.02
1271,candidate_1,candidate_2,candidate_3,3,0.02
1272,candidate_1,candidate_2,candidate_3,3,0.02
1273,candidate_1,candidate_2,candidate_3,3,0.02
1274,candidate_1,candidate_2,candidate_3,3,0.02
1275,candidate_1,candidate_2,candidate_3,3,0.02
1276,candidate_1,candidate_2,candidate_3,3,0.02
1277,candidate_1,candidate_2,candidate_3,3,0.02
1278,candidate_1,candidate_2,candidate_3,3,0.02
1279,candidate_1,candidate_2,candidate_3,3,0.02
1280,candidate_1,candidate_2,candidate_3,3,0.02
1281,candidate_1,candidate_2,candidate_3,3,0.02
1282,candidate_1,candidate_2,candidate_3,3,0.02
1283,candidate_1,candidate_2,candidate_3,3,0.02
1284,candidate_1,candidate_2,candidate_3,3,0.02
1285,candidate_1,candidate_2,candidate_3,3,0.02
1286,candidate_1,candidate_2,candidate_3,3,0.02
1287,0,candidate_2,candidate_3,3,0.02
1288,candidate_1,candidate_2,candidate_3,3,0.02
1289,candidate_1,candidate_2,candidate_3,3,0.02
1290,candidate_1,candidate_2,0,3,0.02
1291,candidate_1,candidate_2,candidate_3,3,0.02
1292,candidate_1,candidate_2,candidate_3,3,0.02
1293,candidate_1,candidate_2,candidate_3,3,0.02
1294,candidate_1,candidate_2,candidate_3,3,0.02
1295,candidate_1,candidate_2,candidate_3,3,0.02
1296,candidate_1,candidate_2,candidate_3,3,0.02
1297,candidate_1,candidate_2,candidate_3,3,0.02
1298,candidate_1,candidate_2,candidate_3,3,0.02
1299,candidate_1,candidate_2,candidate_3,3,0.02
1300,candidate_1,candidate_2,candidate_3,3,0.02
1301,candidate_1,candidate_2,candidate_3,3,0.02
1302,candidate_1,candidate_2,candidate_3,3,0.02
1303,candidate_1,candidate_2,candidate_3,3,0.02
1304,candidate_1,candidate_2,candidate_3,3,0.02
1305,candidate_1,candidate_2,candidate_3,3,0.02
1306,candidate_1,candidate_2,candidate_3,3,0.02
1307,candidate_1,candidate_2,candidate_3,3,0.02
1308,candidate_1,candidate_2,candidate_3,3,0.02
1309,candidate_1,candidate_2,candidate_3,3,0.02
1310,candidate_1,candidate_2,candidate_3,3,0.02
1311,candidate_1,candidate_2,candidate_3,3,0.02
1312,candidate_1,candidate_2,0,3,0.02
1313,candidate_1,candidate_2,candidate_3,3,0.02
1314,candidate_1,candidate_2,candidate_3,3,0.02
1315,candidate_1,candidate_2,candidate_3,3,0.02
1316,candidate_1,candidate_2,candidate_3,3,0.02
1317,candidate_1,candidate_2,candidate_3,3,0.02
1318,candidate_1,candidate_2,candidate_3,3,0.02
1319,candidate_1,candidate_2,candidate_3,3,0.02
1320,candidate_1,candidate_2,candidate_3,3,0.02
1321,candidate_1,candidate_2,candidate_3,3,0.02
1322,candidate_1,candidate_2,candidate_3,3,0.02
1323,candidate_1,candidate_2,candidate_3,3,0.02
1324,candidate_1,candidate_2,candidate_3,3,0.02
1325,candidate_1,candidate_2,candidate_3,3,0.02
1326,candidate_1,candidate_2,candidate_3,3,0.02
1327,candidate_1,candidate_2,candidate_3,3,0.02
1328,candidate_1,candidate_2,candidate_3,3,0.02
1329,candidate_1,candidate_2,candidate_3,3,0.02
1330,candidate_1,candidate_2,candidate_3,3,0.02
1331,candidate_1,0,candidate_3,3,0.02
1332,candidate_1,candidate_2,0,3,0.02
1333,candidate_1,candidate_2,candidate_3,3,0.02
1334,0,candidate_2,candidate_3,3,0.02
1335,candidate_1,candidate_2,candidate_3,3,0.02
1336,candidate_1,candidate_2,candidate_3,3,0.02
1337,candidate_1,candidate_2,candidate_3,3,0.02
1338,candidate_1,candidate_2,candidate_3,3,0.02
1339,candidate_1,candidate_2,candidate_3,3,0.02
1340,candidate_1,candidate_2,candidate_3,3,0.02
1341,0,candidate_2,candidate_3,3,0.02
1342,candidate_1,candidate_2,candidate_3,3,0.02
1343,candidate_1,candidate_2,candidate_3,3,0.02
1344,candidate_1,candidate_2,candidate_3,3,0.02
1345,candidate_1,candidate_2,candidate_3,3,0.02
1346,candidate_1,candidate_2,candidate_3,3,0.02
1347,candidate_1,candidate_2,candidate_3,3,0.02
1348,candidate_1,candidate_2,candidate_3,3,0.02
1349,candidate_1,candidate_2,candidate_3,3,0.02
1350,candidate_1,candidate_2,candidate_3,3,0.02
1351,candidate_1,candidate_2,candidate_3,3,0.02
1352,candidate_1,0,candidate_3,3,0.02
1353,candidate_1,candidate_2,candidate_3,3,0.02
1354,candidate_1,candidate_2,candidate_3,3,0.02
1355,candidate_1,candidate_2,candidate_3,3,0.02
1356,candidate_1,candidate_2,candidate_3,3,0.02
1357,candidate_1,candidate_2,candidate_3,3,0.02
1358,candidate_1,candidate_2,candidate_3,3,0.02
1359,candidate_1,candidate_2,candidate_3,3,0.02
1360,candidate_1,candidate_2,candidate_3,3,0.02
1361,candidate_1,candidate_2,candidate_3,3,0.02
1362,candidate_1,candidate_2,candidate_3,3,0.02
1363,candidate_1,candidate_2,candidate_3,3,0.02
1364,candidate_1,candidate_2,candidate_3,3,0.02
1365,candidate_1,candidate_2,candidate_3,3,0.02
1366,candidate_1,candidate_2,candidate_3,3,0.02
1367,candidate_1,candidate_2,candidate_3,3,0.02
1368,candidate_1,candidate_2,candidate_3,3,0.02
1369,candidate_1,candidate_2,candidate_3,3,0.02
1370,candidate_1,candidate_2,candidate_3,3,0.02
1371,candidate_1,candidate_2,candidate_3,3,0.02
1372,0,candidate_2,candidate_3,3,0.02
1373,candidate_1,candidate_2,candidate_3,3,0.02
1374,candidate_1,candidate_2,candidate_3,3,0.02
1375,candidate_1,candidate_2,candidate_3,3,0.02
1376,candidate_1,candidate_2,candidate_3,3,0.02
1377,candidate_1,candidate_2,candidate_3,3,0.02
1378,candidate_1,candidate_2,candidate_3,3,0.02
1379,candidate_1,candidate_2,candidate_3,3,0.02
1380,candidate_1,candidate_2,candidate_3,3,0.02
1381,candidate_1,candidate_2,candidate_3,3,0.02
1382,candidate_1,candidate_2,candidate_3,3,0.02
1383,candidate_1,candidate_2,candidate_3,3,0.02
1384,candidate_1,candidate_2,candidate_3,3,0.02
1385,candidate_1,candidate_2,candidate_3,3,0.02
1386,candidate_1,candidate_2,candidate_3,3,0.02
1387,candidate_1,candidate_2,candidate_3,3,0.02
1388,candidate_1,candidate_2,candidate_3,3,0.02
1389,candidate_1,candidate_2,candidate_3,3,0.02
1390,candidate_1,candidate_2,candidate_3,3,0.02
1391,candidate_1,candidate_2,candidate_3,3,0.02
1392,candidate_1,candidate_2,candidate_3,3,0.02
1393,0,candidate_2,candidate_3,3,0.02
1394,candidate_1,candidate_2,candidate_3,3,0.02
1395,candidate_1,candidate_2,candidate_3,3,0.02
1396,candidate_1,candidate_2,candidate_3,3,0.02
1397,candidate_1,candidate_2,candidate_3,3,0.02
1398,candidate_1,candidate_2,candidate_3,3,0.02
1399,candidate_1,candidate_2,candidate_3,3,0.02
1400,candidate_1,candidate_2,candidate_3,3,0.02
1401,candidate_1,candidate_2,candidate_3,3,0.02
1402,candidate_1,candidate_2,0,3,0.02
1403,candidate_1,candidate_2,candidate_3,3,0.02
1404,candidate_1,candidate_2,candidate_3,3,0.02
1405,candidate_1,candidate_2,candidate_3,3,0.02
1406,candidate_1,candidate_2,0,3,0.02
1407,candidate_1,candidate_2,candidate_3,3,0.02
1408,candidate_1,candidate_2,candidate_3,3,0.02
1409,candidate_1,candidate_2,candidate_3,3,0.02
1410,candidate_1,candidate_2,candidate_3,3,0.02
1411,candidate_1,candidate_2,candidate_3,3,0.02
1412,candidate_1,candidate_2,candidate_3,3,0.02
1413,candidate_1,candidate_2,candidate_3,3,0.02
1414,0,candidate_2,candidate_3,3,0.02
1415,candidate_1,candidate_2,candidate_3,3,0.02
1416,candidate_1,candidate_2,candidate_3,3,0.02
1417,candidate_1,candidate_2,candidate_3,3,0.02
1418,candidate_1,candidate_2,candidate_3,3,0.02
1419,candidate_1,candidate_2,candidate_3,3,0.02
1420,candidate_1,candidate_2,candidate_3,3,0.02
1421,candidate_1,candidate_2,candidate_3,3,0.02
1422,candidate_1,candidate_2,candidate_3,3,0.02
1423,candidate_1,candidate_2,candidate_3,3,0.02
1424,candidate_1,0,candidate_3,3,0.02
1425,candidate_1,candidate_2,candidate_3,3,0.02
1426,candidate_1,candidate_2,candidate_3,3,0.02
1427,candidate_1,candidate_2,candidate_3,3,0.02
1428,candidate_1,candidate_2,candidate_3,3,0.02
1429,candidate_1,candidate_2,candidate_3,3,0.02
1430,candidate_1,candidate_2,candidate_3,3,0.02
1431,candidate_1,candidate_2,candidate_3,3,0.02
1432,candidate_1,candidate_2,candidate_3,3,0.02
1433,candidate_1,candidate_2,candidate_3,3,0.02
1434,candidate_1,candidate_2,candidate_3,3,0.02
1435,candidate_1,candidate_2,candidate_3,3,0.02
1436,candidate_1,candidate_2,0,3,0.02
1437,candidate_1,candidate_2,candidate_3,3,0.02
1438,candidate_1,candidate_2,candidate_3,3,0.02
1439,candidate_1,candidate_2,candidate_3,3,0.02
1440,candidate_1,candidate_2,candidate_3,3,0.02
1441,candidate_1,candidate_2,candidate_3,3,0.02
1442,candidate_1,candidate_2,candidate_3,3,0.02
1443,candidate_1,candidate_2,candidate_3,3,0.02
1444,candidate_1,candidate_2,candidate_3,3,0.02
1445,candidate_1,candidate_2,candidate_3,3,0.02
1446,candidate_1,candidate_2,candidate_3,3,0.02
1447,candidate_1,candidate_2,candidate_3,3,0.02
1448,candidate_1,candidate_2,candidate_3,3,0.02
1449,candidate_1,candidate_2,candidate_3,3,0.02
1450,candidate_1,candidate_2,candidate_3,3,0.02
1451,candidate_1,candidate_2,candidate_3,3,0.02
1452,candidate_1,candidate_2,candidate_3,3,0.02
1453,candidate_1,candidate_2,candidate_3,3,0.02
1454,candidate_1,candidate_2,candidate_3,3,0.02
1455,candidate_1,candidate_2,candidate_3,3,0.02
1456,candidate_1,candidate_2,candidate_3,3,0.02
1457,candidate_1,candidate_2,candidate_3,3,0.02
1458,candidate_1,candidate_2,candidate_3,3,0.02
1459,candidate_1,candidate_2,candidate_3,3,0.02
1460,candidate_1,candidate_2,candidate_3,3,0.02
1461,candidate_1,candidate_2,candidate_3,3,0.02
1462,0,candidate_2,candidate_3,3,0.02
1463,candidate_1,candidate_2,candidate_3,3,0.02
1464,candidate_1,candidate_2,candidate_3,3,0.02
1465,candidate_1,candidate_2,candidate_3,3,0.02
1466,candidate_1,candidate_2,candidate_3,3,0.02
1467,candidate_1,candidate_2,candidate_3,3,0.02
1468,candidate_1,candidate_2,candidate_3,3,0.02
1469,candidate_1,candidate_2,candidate_3,3,0.02
1470,candidate_1,candidate_2,candidate_3,3,0.02
1471,candidate_1,candidate_2,candidate_3,3,0.02
1472,candidate_1,candidate_2,candidate_3,3,0.02
1473,candidate_1,candidate_2,candidate_3,3,0.02
1474,candidate_1,candidate_2,candidate_3,3,0.02
1475,candidate_1,candidate_2,candidate_3,3,0.02
1476,candidate_1,candidate_2,candidate_3,3,0.02
1477,candidate_1,candidate_2,candidate_3,3,0.02
1478,candidate_1,candidate_2,candidate_3,3,0.02
1479,candidate_1,candidate_2,candidate_3,3,0.02
1480,candidate_1,candidate_2,0,3,0.02
1481,candidate_1,candidate_2,candidate_3,3,0.02
1482,candidate_1,candidate_2,candidate_3,3,0.02
1483,candidate_1,candidate_2,candidate_3,3,0.02
1484,candidate_1,candidate_2,candidate_3,3,0.02
1485,candidate_1,candidate_2,candidate_3,3,0.02
1486,candidate_1,candidate_2,candidate_3,3,0.02
1487,candidate_1,candidate_2,candidate_3,3,0.02
1488,candidate_1,candidate_2,candidate_3,3,0.02
1489,candidate_1,candidate_2,candidate_3,3,0.02
1490,candidate_1,candidate_2,candidate_3,3,0.02
1491,candidate_1,candidate_2,candidate_3,3,0.02
1492,candidate_1,candidate_2,candidate_3,3,0.02
1493,candidate_1,candidate_2,candidate_3,3,0.02
1494,candidate_1,candidate_2,candidate_3,3,0.02
1495,candidate_1,candidate_2,candidate_3,3,0.02
1496,candidate_1,candidate_2,candidate_3,3,0.02
1497,candidate_1,candidate_2,candidate_3,3,0.02
1498,candidate_1,candidate_2,candidate_3,3,0.02
1499,candidate_1,candidate_2,candidate_3,3,0.02
1500,candidate_1,candidate_2,candidate_3,3,0.02
1501,candidate_1,candidate_2,candidate_3,3,0.02
1502,candidate_1,candidate_2,candidate_3,3,0.02
1503,candidate_1,candidate_2,candidate_3,3,0.02
1504,candidate_1,candidate_2,candidate_3,3,0.02
1505,candidate_1,candidate_2,candidate_3,3,0.02
1506,candidate_1,candidate_2,candidate_3,3,0.02
1507,candidate_1,0,candidate_3,3,0.02
1508,candidate_1,candidate_2,candidate_3,3,0.02
1509,candidate_1,0,candidate_3,3,0.02
1510,candidate_1,candidate_2,candidate_3,3,0.02
1511,candidate_1,candidate_2,candidate_3,3,0.02
1512,candidate_1,candidate_2,candidate_3,3,0.02
1513,candidate_1,candidate_2,candidate_3,3,0.02
1514,candidate_1,candidate_2,candidate_3,3,0.02
1515,candidate_1,candidate_2,candidate_3,3,0.02
1516,candidate_1,candidate_2,candidate_3,3,0.02
1517,candidate_1,candidate_2,candidate_3,3,0.02
1518,candidate_1,candidate_2,candidate_3,3,0.02
1519,candidate_1,candidate_2,candidate_3,3,0.02
1520,candidate_1,candidate_2,candidate_3,3,0.02
1521,candidate_1,candidate_2,candidate_3,3,0.02
1522,candidate_1,candidate_2,candidate_3,3,0.02
1523,candidate_1,candidate_2,candidate_3,3,0.02
1524,candidate_1,candidate_2,candidate_3,3,0.02
1525,candidate_1,candidate_2,candidate_3,3,0.02
1526,0,candidate_2,candidate_3,3,0.02
1527,candidate_1,candidate_2,candidate_3,3,0.02
1528,candidate_1,candidate_2,candidate_3,3,0.02
1529,candidate_1,candidate_2,candidate_3,3,0.02
1530,candidate_1,candidate_2,candidate_3,3,0.02
1531,candidate_1,candidate_2,candidate_3,3,0.02
1532,candidate_1,candidate_2,candidate_3,3,0.02
1533,candidate_1,0,candidate_3,3,0.02
1534,candidate_1,candidate_2,candidate_3,3,0.02
1535,candidate_1,candidate_2,candidate_3,3,0.02
1536,candidate_1,candidate_2,candidate_3,3,0.02
1537,candidate_1,candidate_2,candidate_3,3,0.02
1538,candidate_1,candidate_2,candidate_3,3,0.02
1539,candidate_1,candidate_2,candidate_3,3,0.02
1540,candidate_1,candidate_2,candidate_3,3,0.02
1541,candidate_1,candidate_2,candidate_3,3,0.02
1542,candidate_1,candidate_2,candidate_3,3,0.02
1543,candidate_1,candidate_2,candidate_3,3,0.02
1544,candidate_1,candidate_2,candidate_3,3,0.02
1545,candidate_1,candidate_2,candidate_3,3,0.02
1546,0,candidate_2,candidate_3,3,0.02
1547,candidate_1,candidate_2,candidate_3,3,0.02
1548,candidate_1,candidate_2,candidate_3,3,0.02
1549,candidate_1,candidate_2,candidate_3,3,0.02
1550,candidate_1,candidate_2,candidate_3,3,0.02
1551,candidate_1,candidate_2,candidate_3,3,0.02
1552,candidate_1,candidate_2,candidate_3,3,0.02
1553,candidate_1,candidate_2,candidate_3,3,0.02
1554,candidate_1,candidate_2,candidate_3,3,0.02
1555,candidate_1,candidate_2,candidate_3,3,0.02
1556,candidate_1,candidate_2,candidate_3,3,0.02
1557,candidate_1,candidate_2,candidate_3,3,0.02
1558,candidate_1,candidate_2,candidate_3,3,0.02
1559,candidate_1,candidate_2,candidate_3,3,0.02
1560,candidate_1,candidate_2,candidate_3,3,0.02
1561,candidate_1,candidate_2,candidate_3,3,0.02
1562,candidate_1,candidate_2,candidate_3,3,0.02
1563,candidate_1,candidate_2,candidate_3,3,0.02
1564,candidate_1,candidate_2,candidate_3,3,0.02
1565,0,candidate_2,candidate_3,3,0.02
1566,candidate_1,candidate_2,candidate_3,3,0.02
1567,candidate_1,candidate_2,candidate_3,3,0.02
1568,candidate_1,candidate_2,candidate_3,3,0.02
1569,candidate_1,candidate_2,candidate_3,3,0.02
1570,candidate_1,candidate_2,candidate_3,3,0.02
1571,candidate_1,candidate_2,candidate_3,3,0.02
1572,candidate_1,candidate_2,candidate_3,3,0.02
1573,candidate_1,candidate_2,candidate_3,3,0.02
1574,candidate_1,candidate_2,candidate_3,3,0.02
1575,candidate_1,candidate_2,candidate_3,3,0.02
1576,candidate_1,candidate_2,candidate_3,3,0.02
1577,candidate_1,candidate_2,candidate_3,3,0.02
1578,candidate_1,candidate_2,candidate_3,3,0.02
1579,candidate_1,candidate_2,candidate_3,3,0.02
1580,candidate_1,candidate_2,candidate_3,3,0.02
1581,candidate_1,candidate_2,candidate_3,3,0.02
1582,candidate_1,candidate_2,candidate_3,3,0.02
1583,candidate_1,candidate_2,candidate_3,3,0.02
1584,candidate_1,candidate_2,candidate_3,3,0.02
1585,candidate_1,candidate_2,candidate_3,3,0.02
1586,0,candidate_2,candidate_3,3,0.02
1587,candidate_1,candidate_2,candidate_3,3,0.02
1588,candidate_1,candidate_2,candidate_3,3,0.02
1589,candidate_1,candidate_2,candidate_3,3,0.02
1590,candidate_1,candidate_2,candidate_3,3,0.02
1591,candidate_1,0,candidate_3,3,0.02
1592,candidate_1,candidate_2,candidate_3,3,0.02
1593,candidate_1,candidate_2,candidate_3,3,0.02
1594,candidate_1,candidate_2,candidate_3,3,0.02
1595,candidate_1,candidate_2,candidate_3,3,0.02
1596,candidate_1,candidate_2,candidate_3,3,0.02
1597,candidate_1,candidate_2,candidate_3,3,0.02
1598,candidate_1,candidate_2,candidate_3,3,0.02
1599,candidate_1,candidate_2,candidate_3,3,0.02
1600,candidate_1,candidate_2,candidate_3,3,0.02
1601,candidate_1,candidate_2,candidate_3,3,0.02
1602,candidate_1,candidate_2,candidate_3,3,0.02
1603,candidate_1,candidate_2,candidate_3,3,0.02
1604,candidate_1,candidate_2,candidate_3,3,0.02
1605,candidate_1,candidate_2,candidate_3,3,0.02
1606,candidate_1,candidate_2,candidate_3,3,0.02
1607,candidate_1,candidate_2,candidate_3,3,0.02
1608,candidate_1,candidate_2,candidate_3,3,0.02
1609,candidate_1,candidate_2,candidate_3,3,0.02
1610,candidate_1,candidate_2,candidate_3,3,0.02
1611,candidate_1,candidate_2,candidate_3,3,0.02
1612,candidate_1,candidate_2,candidate_3,3,0.02
1613,candidate_1,candidate_2,candidate_3,3,0.02
1614,candidate_1,candidate_2,candidate_3,3,0.02
1615,candidate_1,candidate_2,candidate_3,3,0.02
1616,candidate_1,candidate_2,candidate_3,3,0.02
1617,candidate_1,candidate_2,candidate_3,3,0.02
1618,candidate_1,candidate_2,candidate_3,3,0.02
1619,candidate_1,candidate_2,candidate_3,3,0.02
1620,candidate_1,candidate_2,candidate_3,3,0.02
1621,candidate_1,candidate_2,candidate_3,3,0.02
1622,candidate_1,0,candidate_3,3,0.02
1623,candidate_1,candidate_2,candidate_3,3,0.02
1624,candidate_1,candidate_2,candidate_3,3,0.02
1625,candidate_1,candidate_2,candidate_3,3,0.02
1626,candidate_1,candidate_2,candidate_3,3,0.02
1627,candidate_1,candidate_2,candidate_3,3,0.02
1628,candidate_1,candidate_2,candidate_3,3,0.02
1629,candidate_1,candidate_2,candidate_3,3,0.02
1630,candidate_1,candidate_2,candidate_3,3,0.02
1631,candidate_1,candidate_2,candidate_3,3,0.02
1632,candidate_1,candidate_2,candidate_3,3,0.02
1633,candidate_1,candidate_2,candidate_3,3,0.02
1634,candidate_1,candidate_2,candidate_3,3,0.02
1635,candidate_1,candidate_2,candidate_3,3,0.02
1636,candidate_1,candidate_2,candidate_3,3,0.02
1637,candidate_1,candidate_2,candidate_3,3,0.02
1638,candidate_1,candidate_2,candidate_3,3,0.02
1639,candidate_1,candidate_2,candidate_3,3,0.02
1640,candidate_1,candidate_2,candidate_3,3,0.02
1641,candidate_1,candidate_2,candidate_3,3,0.02
1642,candidate_1,candidate_2,candidate_3,3,0.02
1643,candidate_1,candidate_2,candidate_3,3,0.02
1644,candidate_1,candidate_2,candidate_3,3,0.02
1645,candidate_1,candidate_2,candidate_3,3,0.02
1646,candidate_1,candidate_2,candidate_3,3,0.02
1647,candidate_1,candidate_2,candidate_3,3,0.02
1648,candidate_1,candidate_2,candidate_3,3,0.02
1649,0,candidate_2,candidate_3,3,0.02
1650,candidate_1,candidate_2,candidate_3,3,0.02
1651,candidate_1,candidate_2,candidate_3,3,0.02
1652,candidate_1,candidate_2,candidate_3,3,0.02
1653,candidate_1,candidate_2,candidate_3,3,0.02
1654,candidate_1,candidate_2,candidate_3,3,0.02
1655,candidate_1,candidate_2,candidate_3,3,0.02
1656,candidate_1,candidate_2,candidate_3,3,0.02
1657,candidate_1,candidate_2,candidate_3,3,0.02
1658,candidate_1,candidate_2,candidate_3,3,0.02
1659,0,candidate_2,candidate_3,3,0.02
1660,candidate_1,candidate_2,candidate_3,3,0.02
1661,candidate_1,candidate_2,candidate_3,3,0.02
1662,candidate_1,candidate_2,candidate_3,3,0.02
1663,candidate_1,candidate_2,candidate_3,3,0.02
1664,candidate_1,candidate_2,candidate_3,3,0.02
1665,candidate_1,candidate_2,0,3,0.02
1666,candidate_1,candidate_2,candidate_3,3,0.02
1667,candidate_1,candidate_2,candidate_3,3,0.02
1668,candidate_1,candidate_2,candidate_3,3,0.02
1669,candidate_1,candidate_2,candidate_3,3,0.02
1670,candidate_1,candidate_2,candidate_3,3,0.02
1671,candidate_1,candidate_2,candidate_3,3,0.02
1672,candidate_1,candidate_2,candidate_3,3,0.02
1673,candidate_1,candidate_2,candidate_3,3,0.02
1674,candidate_1,candidate_2,candidate_3,3,0.02
1675,candidate_1,candidate_2,candidate_3,3,0.02
1676,candidate_1,candidate_2,candidate_3,3,0.02
1677,candidate_1,candidate_2,candidate_3,3,0.02
1678,candidate_1,candidate_2,candidate_3,3,0.02
1679,candidate_1,candidate_2,candidate_3,3,0.02
1680,candidate_1,candidate_2,candidate_3,3,0.02
1681,candidate_1,candidate_2,candidate_3,3,0.02
1682,candidate_1,candidate_2,candidate_3,3,0.02
1683,0,candidate_2,candidate_3,3,0.02
1684,candidate_1,candidate_2,candidate_3,3,0.02
1685,candidate_1,candidate_2,candidate_3,3,0.02
1686,candidate_1,candidate_2,candidate_3,3,0.02
1687,candidate_1,candidate_2,candidate_3,3,0.02
1688,candidate_1,candidate_2,candidate_3,3,0.02
1689,candidate_1,candidate_2,candidate_3,3,0.02
1690,candidate_1,candidate_2,candidate_3,3,0.02
1691,candidate_1,candidate_2,candidate_3,3,0.02
1692,candidate_1,candidate_2,candidate_3,3,0.02
1693,candidate_1,candidate_2,candidate_3,3,0.02
1694,candidate_1,candidate_2,candidate_3,3,0.02
1695,candidate_1,candidate_2,candidate_3,3,0.02
1696,candidate_1,candidate_2,candidate_3,3,0.02
1697,candidate_1,candidate_2,candidate_3,3,0.02
1698,candidate_1,candidate_2,candidate_3,3,0.02
1699,candidate_1,candidate_2,candidate_3,3,0.02
1700,candidate_1,candidate_2,candidate_3,3,0.02
1701,candidate_1,candidate_2,candidate_3,3,0.02
1702,0,candidate_2,candidate_3,3,0.02
1703,candidate_1,candidate_2,candidate_3,3,0.02
1704,candidate_1,candidate_2,candidate_3,3,0.02
1705,candidate_1,candidate_2,candidate_3,3,0.02
1706,candidate_1,candidate_2,candidate_3,3,0.02
1707,candidate_1,candidate_2,candidate_3,3,0.02
1708,candidate_1,candidate_2,candidate_3,3,0.02
1709,candidate_1,candidate_2,candidate_3,3,0.02
1710,candidate_1,candidate_2,candidate_3,3,0.02
1711,candidate_1,candidate_2,candidate_3,3,0.02
1712,candidate_1,candidate_2,candidate_3,3,0.02
1713,candidate_1,candidate_2,candidate_3,3,0.02
1714,candidate_1,candidate_2,candidate_3,3,0.02
1715,candidate_1,candidate_2,candidate_3,3,0.02
1716,candidate_1,candidate_2,candidate_3,3,0.02
1717,candidate_1,candidate_2,candidate_3,3,0.02
1718,candidate_1,candidate_2,candidate_3,3,0.02
1719,candidate_1,candidate_2,candidate_3,3,0.02
1720,candidate_1,candidate_2,candidate_3,3,0.02
1721,candidate_1,candidate_2,candidate_3,3,0.02
1722,candidate_1,candidate_2,candidate_3,3,0.02
1723,candidate_1,candidate_2,candidate_3,3,0.02
1724,candidate_1,candidate_2,candidate_3,3,0.02
1725,candidate_1,candidate_2,candidate_3,3,0.02
1726,candidate_1,candidate_2,candidate_3,3,0.02
1727,candidate_1,candidate_2,candidate_3,3,0.02
1728,candidate_1,candidate_2,candidate_3,3,0.02
1729,candidate_1,candidate_2,candidate_3,3,0.02
1730,candidate_1,candidate_2,candidate_3,3,0.02
1731,candidate_1,0,candidate_3,3,0.02
1732,candidate_1,candidate_2,candidate_3,3,0.02
1733,candidate_1,candidate_2,candidate_3,3,0.02
1734,candidate_1,candidate_2,candidate_3,3,0.02
1735,candidate_1,candidate_2,candidate_3,3,0.02
1736,candidate_1,candidate_2,candidate_3,3,0.02
1737,candidate_1,candidate_2,candidate_3,3,0.02
1738,0,candidate_2,candidate_3,3,0.02
1739,candidate_1,candidate_2,candidate_3,3,0.02
1740,candidate_1,candidate_2,candidate_3,3,0.02
1741,candidate_1,candidate_2,candidate_3,3,0.02
1742,candidate_1,candidate_2,candidate_3,3,0.02
1743,candidate_1,candidate_2,candidate_3,3,0.02
1744,candidate_1,candidate_2,candidate_3,3,0.02
1745,candidate_1,candidate_2,candidate_3,3,0.02
1746,candidate_1,candidate_2,candidate_3,3,0.02
1747,candidate_1,candidate_2,candidate_3,3,0.02
1748,candidate_1,candidate_2,candidate_3,3,0.02
1749,candidate_1,candidate_2,candidate_3,3,0.02
1750,candidate_1,candidate_2,candidate_3,3,0.02
1751,candidate_1,candidate_2,candidate_3,3,0.02
1752,candidate_1,candidate_2,candidate_3,3,0.02
1753,candidate_1,candidate_2,candidate_3,3,0.02
1754,candidate_1,candidate_2,candidate_3,3,0.02
1755,candidate_1,0,candidate_3,3,0.02
1756,candidate_1,candidate_2,candidate_3,3,0.02
1757,candidate_1,candidate_2,candidate_3,3,0.02
1758,candidate_1,candidate_2,candidate_3,3,0.02
1759,candidate_1,candidate_2,candidate_3,3,0.02
1760,0,candidate_2,candidate_3,3,0.02
1761,candidate_1,candidate_2,candidate_3,3,0.02
1762,candidate_1,candidate_2,candidate_3,3,0.02
1763,candidate_1,candidate_2,candidate_3,3,0.02
1764,candidate_1,candidate_2,candidate_3,3,0.02
1765,candidate_1,candidate_2,candidate_3,3,0.02
1766,candidate_1,candidate_2,candidate_3,3,0.02
1767,candidate_1,candidate_2,candidate_3,3,0.02
1768,candidate_1,candidate_2,candidate_3,3,0.02
1769,candidate_1,candidate_2,candidate_3,3,0.02
1770,candidate_1,candidate_2,candidate_3,3,0.02
1771,candidate_1,candidate_2,candidate_3,3,0.02
1772,candidate_1,candidate_2,candidate_3,3,0.02
1773,candidate_1,candidate_2,candidate_3,3,0.02
1774,0,candidate_2,candidate_3,3,0.02
1775,candidate_1,candidate_2,candidate_3,3,0.02
1776,candidate_1,candidate_2,candidate_3,3,0.02
1777,candidate_1,candidate_2,candidate_3,3,0.02
1778,candidate_1,candidate_2,candidate_3,3,0.02
1779,candidate_1,candidate_2,candidate_3,3,0.02
1780,candidate_1,candidate_2,candidate_3,3,0.02
1781,candidate_1,candidate_2,candidate_3,3,0.02
1782,candidate_1,candidate_2,candidate_3,3,0.02
1783,candidate_1,candidate_2,candidate_3,3,0.02
1784,candidate_1,candidate_2,candidate_3,3,0.02
1785,candidate_1,candidate_2,candidate_3,3,0.02
1786,candidate_1,candidate_2,candidate_3,3,0.02
1787,candidate_1,candidate_2,candidate_3,3,0.02
1788,candidate_1,candidate_2,candidate_3,3,0.02
1789,candidate_1,candidate_2,candidate_3,3,0.02
1790,candidate_1,candidate_2,candidate_3,3,0.02
1791,candidate_1,candidate_2,candidate_3,3,0.02
1792,candidate_1,0,candidate_3,3,0.02
1793,candidate_1,candidate_2,candidate_3,3,0.02
1794,candidate_1,candidate_2,candidate_3,3,0.02
1795,candidate_1,candidate_2,candidate_3,3,0.02
1796,candidate_1,candidate_2,candidate_3,3,0.02
1797,candidate_1,candidate_2,candidate_3,3,0.02
1798,candidate_1,candidate_2,candidate_3,3,0.02
1799,candidate_1,candidate_2,candidate_3,3,0.02
1800,candidate_1,candidate_2,candidate_3,3,0.02
1801,candidate_1,candidate_2,candidate_3,3,0.02
1802,candidate_1,candidate_2,candidate_3,3,0.02
1803,candidate_1,candidate_2,candidate_3,3,0.02
1804,candidate_1,candidate_2,candidate_3,3,0.02
1805,candidate_1,candidate_2,candidate_3,3,0.02
1806,candidate_1,candidate_2,candidate_3,3,0.02
1807,candidate_1,candidate_2,candidate_3,3,0.02
1808,candidate_1,candidate_2,candidate_3,3,0.02
1809,candidate_1,candidate_2,candidate_3,3,0.02
1810,candidate_1,candidate_2,candidate_3,3,0.02
1811,candidate_1,candidate_2,candidate_3,3,0.02
1812,candidate_1,candidate_2,candidate_3,3,0.02
1813,candidate_1,candidate_2,candidate_3,3,0.02
1814,candidate_1,candidate_2,candidate_3,3,0.02
1815,candidate_1,candidate_2,candidate_3,3,0.02
1816,candidate_1,candidate_2,candidate_3,3,0.02
1817,candidate_1,candidate_2,candidate_3,3,0.02
1818,candidate_1,candidate_2,candidate_3,3,0.02
1819,candidate_1,candidate_2,candidate_3,3,0.02
1820,candidate_1,candidate_2,candidate_3,3,0.02
1821,candidate_1,candidate_2,candidate_3,3,0.02
1822,candidate_1,candidate_2,candidate_3,3,0.02
1823,candidate_1,candidate_2,candidate_3,3,0.02
1824,candidate_1,candidate_2,candidate_3,3,0.02
1825,candidate_1,candidate_2,candidate_3,3,0.02
1826,candidate_1,candidate_2,candidate_3,3,0.02
1827,candidate_1,candidate_2,candidate_3,3,0.02
1828,candidate_1,candidate_2,candidate_3,3,0.02
1829,candidate_1,candidate_2,candidate_3,3,0.02
1830,candidate_1,candidate_2,candidate_3,3,0.02
1831,candidate_1,candidate_2,candidate_3,3,0.02
1832,candidate_1,candidate_2,candidate_3,3,0.02
1833,candidate_1,candidate_2,candidate_3,3,0.02
1834,candidate_1,candidate_2,candidate_3,3,0.02
1835,candidate_1,candidate_2,candidate_3,3,0.02
1836,candidate_1,candidate_2,candidate_3,3,0.02
1837,candidate_1,candidate_2,candidate_3,3,0.02
1838,candidate_1,candidate_2,candidate_3,3,0.02
1839,candidate_1,candidate_2,candidate_3,3,0.02
1840,candidate_1,candidate_2,candidate_3,3,0.02
1841,candidate_1,candidate_2,candidate_3,3,0.02
1842,candidate_1,candidate_2,candidate_3,3,0.02
1843,candidate_1,candidate_2,candidate_3,3,0.02
1844,candidate_1,candidate_2,candidate_3,3,0.02
1845,candidate_1,candidate_2,candidate_3,3,0.02
1846,candidate_1,candidate_2,candidate_3,3,0.02
1847,candidate_1,candidate_2,candidate_3,3,0.02
1848,candidate_1,0,candidate_3,3,0.02
1849,candidate_1,candidate_2,candidate_3,3,0.02
1850,candidate_1,candidate_2,0,3,0.02
1851,candidate_1,candidate_2,candidate_3,3,0.02
1852,candidate_1,candidate_2,candidate_3,3,0.02
1853,candidate_1,candidate_2,candidate_3,3,0.02
1854,candidate_1,candidate_2,candidate_3,3,0.02
1855,candidate_1,candidate_2,candidate_3,3,0.02
1856,candidate_1,candidate_2,candidate_3,3,0.02
1857,candidate_1,candidate_2,candidate_3,3,0.02
1858,candidate_1,candidate_2,candidate_3,3,0.02
1859,candidate_1,candidate_2,candidate_3,3,0.02
1860,candidate_1,candidate_2,candidate_3,3,0.02
1861,candidate_1,candidate_2,candidate_3,3,0.02
1862,candidate_1,candidate_2,candidate_3,3,0.02
1863,candidate_1,candidate_2,candidate_3,3,0.02
1864,candidate_1,candidate_2,candidate_3,3,0.02
1865,candidate_1,candidate_2,candidate_3,3,0.02
1866,candidate_1,candidate_2,candidate_3,3,0.02
1867,candidate_1,candidate_2,candidate_3,3,0.02
1868,candidate_1,candidate_2,candidate_3,3,0.02
1869,candidate_1,candidate_2,candidate_3,3,0.02
1870,candidate_1,candidate_2,candidate_3,3,0.02
1871,candidate_1,candidate_2,candidate_3,3,0.02
1872,candidate_1,candidate_2,candidate_3,3,0.02
1873,candidate_1,candidate_2,candidate_3,3,0.02
1874,candidate_1,candidate_2,candidate_3,3,0.02
1875,candidate_1,0,candidate_3,3,0.02
1876,candidate_1,candidate_2,candidate_3,3,0.02
1877,candidate_1,candidate_2,candidate_3,3,0.02
1878,candidate_1,candidate_2,candidate_3,3,0.02
1879,candidate_1,candidate_2,candidate_3,3,0.02
1880,candidate_1,candidate_2,candidate_3,3,0.02
1881,candidate_1,candidate_2,candidate_3,3,0.02
1882,candidate_1,candidate_2,candidate_3,3,0.02
1883,candidate_1,candidate_2,candidate_3,3,0.02
1884,candidate_1,candidate_2,candidate_3,3,0.02
1885,candidate_1,candidate_2,candidate_3,3,0.02
1886,candidate_1,candidate_2,candidate_3,3,0.02
1887,candidate_1,candidate_2,candidate_3,3,0.02
1888,candidate_1,candidate_2,candidate_3,3,0.02
1889,candidate_1,candidate_2,candidate_3,3,0.02
1890,candidate_1,candidate_2,candidate_3,3,0.02
1891,candidate_1,candidate_2,candidate_3,3,0.02
1892,candidate_1,candidate_2,candidate_3,3,0.02
1893,candidate_1,candidate_2,candidate_3,3,0.02
1894,candidate_1,candidate_2,candidate_3,3,0.02
1895,candidate_1,candidate_2,candidate_3,3,0.02
1896,candidate_1,candidate_2,candidate_3,3,0.02
1897,candidate_1,0,candidate_3,3,0.02
1898,candidate_1,candidate_2,candidate_3,3,0.02
1899,candidate_1,candidate_2,candidate_3,3,0.02
1900,candidate_1,candidate_2,candidate_3,3,0.02
1901,candidate_1,candidate_2,candidate_3,3,0.02
1902,candidate_1,candidate_2,candidate_3,3,0.02
1903,candidate_1,candidate_2,candidate_3,3,0.02
1904,candidate_1,candidate_2,candidate_3,3,0.02
1905,candidate_1,candidate_2,candidate_3,3,0.02
1906,candidate_1,candidate_2,candidate_3,3,0.02
1907,candidate_1,candidate_2,candidate_3,3,0.02
1908,candidate_1,candidate_2,candidate_3,3,0.02
1909,candidate_1,candidate_2,candidate_3,3,0.02
1910,candidate_1,candidate_2,candidate_3,3,0.02
1911,candidate_1,candidate_2,candidate_3,3,0.02
1912,candidate_1,candidate_2,candidate_3,3,0.02
1913,candidate_1,candidate_2,candidate_3,3,0.02
1914,candidate_1,candidate_2,candidate_3,3,0.02
1915,candidate_1,candidate_2,candidate_3,3,0.02
1916,candidate_1,candidate_2,candidate_3,3,0.02
1917,candidate_1,candidate_2,candidate_3,3,0.02
1918,candidate_1,candidate_2,candidate_3,3,0.02
1919,candidate_1,candidate_2,candidate_3,3,0.02
1920,candidate_1,candidate_2,candidate_3,3,0.02
1921,candidate_1,candidate_2,candidate_3,3,0.02
1922,candidate_1,candidate_2,candidate_3,3,0.02
1923,candidate_1,candidate_2,candidate_3,3,0.02
1924,candidate_1,candidate_2,candidate_3,3,0.02
1925,candidate_1,candidate_2,candidate_3,3,0.02
1926,candidate_1,candidate_2,candidate_3,3,0.02
1927,candidate_1,candidate_2,candidate_3,3,0.02
1928,candidate_1,candidate_2,candidate_3,3,0.02
1929,candidate_1,candidate_2,candidate_3,3,0.02
1930,candidate_1,candidate_2,candidate_3,3,0.02
1931,candidate_1,0,candidate_3,3,0.02
1932,candidate_1,candidate_2,candidate_3,3,0.02
1933,candidate_1,candidate_2,candidate_3,3,0.02
1934,candidate_1,candidate_2,candidate_3,3,0.02
1935,candidate_1,candidate_2,candidate_3,3,0.02
1936,candidate_1,candidate_2,candidate_3,3,0.02
1937,candidate_1,candidate_2,candidate_3,3,0.02
1938,candidate_1,candidate_2,candidate_3,3,0.02
1939,candidate_1,candidate_2,candidate_3,3,0.02
1940,candidate_1,candidate_2,candidate_3,3,0.02
1941,0,candidate_2,candidate_3,3,0.02
1942,candidate_1,candidate_2,candidate_3,3,0.02
1943,candidate_1,candidate_2,candidate_3,3,0.02
1944,candidate_1,candidate_2,candidate_3,3,0.02
1945,candidate_1,candidate_2,candidate_3,3,0.02
1946,candidate_1,candidate_2,candidate_3,3,0.02
1947,candidate_1,candidate_2,candidate_3,3,0.02
1948,candidate_1,candidate_2,candidate_3,3,0.02
1949,candidate_1,candidate_2,candidate_3,3,0.02
1950,candidate_1,candidate_2,candidate_3,3,0.02
1951,candidate_1,candidate_2,candidate_3,3,0.02
1952,candidate_1,candidate_2,candidate_3,3,0.02
1953,candidate_1,candidate_2,candidate_3,3,0.02
1954,candidate_1,candidate_2,candidate_3,3,0.02
1955,candidate_1,candidate_2,candidate_3,3,0.02
1956,candidate_1,candidate_2,candidate_3,3,0.02
1957,candidate_1,0,candidate_3,3,0.02
1958,candidate_1,candidate_2,candidate_3,3,0.02
1959,candidate_1,candidate_2,candidate_3,3,0.02
1960,candidate_1,candidate_2,candidate_3,3,0.02
1961,candidate_1,candidate_2,candidate_3,3,0.02
1962,candidate_1,candidate_2,candidate_3,3,0.02
1963,candidate_1,candidate_2,candidate_3,3,0.02
1964,candidate_1,candidate_2,candidate_3,3,0.02
1965,candidate_1,candidate_2,candidate_3,3,0.02
1966,candidate_1,candidate_2,candidate_3,3,0.02
1967,candidate_1,candidate_2,candidate_3,3,0.02
1968,candidate_1,candidate_2,candidate_3,3,0.02
1969,candidate_1,0,candidate_3,3,0.02
1970,candidate_1,candidate_2,candidate_3,3,0.02
1971,candidate_1,candidate_2,candidate_3,3,0.02
1972,candidate_1,candidate_2,candidate_3,3,0.02
1973,candidate_1,candidate_2,candidate_3,3,0.02
1974,0,candidate_2,candidate_3,3,0.02
1975,candidate_1,candidate_2,candidate_3,3,0.02
1976,candidate_1,candidate_2,candidate_3,3,0.02
1977,candidate_1,candidate_2,candidate_3,3,0.02
1978,candidate_1,candidate_2,candidate_3,3,0.02
1979,candidate_1,candidate_2,candidate_3,3,0.02
1980,candidate_1,candidate_2,candidate_3,3,0.02
1981,candidate_1,candidate_2,candidate_3,3,0.02
1982,candidate_1,candidate_2,candidate_3,3,0.02
1983,candidate_1,candidate_2,candidate_3,3,0.02
1984,candidate_1,candidate_2,candidate_3,3,0.02
1985,candidate_1,candidate_2,candidate_3,3,0.02
1986,candidate_1,candidate_2,candidate_3,3,0.02
1987,candidate_1,candidate_2,candidate_3,3,0.02
1988,candidate_1,candidate_2,candidate_3,3,0.02
1989,candidate_1,candidate_2,candidate_3,3,0.02
1990,candidate_1,candidate_2,candidate_3,3,0.02
1991,candidate_1,candidate_2,candidate_3,3,0.02
1992,0,candidate_2,candidate_3,3,0.02
1993,candidate_1,candidate_2,candidate_3,3,0.02
1994,candidate_1,candidate_2,candidate_3,3,0.02
1995,candidate_1,candidate_2,candidate_3,3,0.02
1996,candidate_1,candidate_2,candidate_3,3,0.02
1997,candidate_1,candidate_2,candidate_3,3,0.02
1998,candidate_1,candidate_2,candidate_3,3,0.02
1999,candidate_1,candidate_2,candidate_3,3,0.02
2000,candidate_1,candidate_2,candidate_3,3,0.02
2001,candidate_1,candidate_2,candidate_3,3,0.02
2002,candidate_1,candidate_2,candidate_3,3,0.02
2003,candidate_1,0,candidate_3,3,0.02
2004,candidate_1,candidate_2,candidate_3,3,0.02
2005,candidate_1,candidate_2,candidate_3,3,0.02
2006,candidate_1,candidate_2,candidate_3,3,0.02
2007,candidate_1,candidate_2,candidate_3,3,0.02
2008,candidate_1,0,candidate_3,3,0.02
2009,candidate_1,candidate_2,candidate_3,3,0.02
2010,candidate_1,candidate_2,candidate_3,3,0.02
2011,candidate_1,candidate_2,candidate_3,3,0.02
2012,candidate_1,candidate_2,candidate_3,3,0.02
2013,candidate_1,candidate_2,candidate_3,3,0.02
2014,candidate_1,candidate_2,candidate_3,3,0.02
2015,candidate_1,candidate_2,candidate_3,3,0.02
2016,candidate_1,candidate_2,candidate_3,3,0.02
2017,candidate_1,candidate_2,candidate_3,3,0.02
2018,candidate_1,candidate_2,candidate_3,3,0.02
2019,candidate_1,candidate_2,candidate_3,3,0.02
2020,candidate_1,candidate_2,candidate_3,3,0.02
2021,candidate_1,candidate_2,candidate_3,3,0.02
2022,candidate_1,candidate_2,candidate_3,3,0.02
2023,candidate_1,candidate_2,candidate_3,3,0.02
2024,candidate_1,candidate_2,candidate_3,3,0.02
2025,candidate_1,candidate_2,candidate_3,3,0.02
2026,candidate_1,candidate_2,candidate_3,3,0.02
2027,candidate_1,0,candidate_3,3,0.02
2028,candidate_1,candidate_2,candidate_3,3,0.02
2029,candidate_1,candidate_2,candidate_3,3,0.02
2030,candidate_1,candidate_2,candidate_3,3,0.02
2031,candidate_1,candidate_2,candidate_3,3,0.02
2032,candidate_1,candidate_2,candidate_3,3,0.02
2033,candidate_1,candidate_2,candidate_3,3,0.02
2034,candidate_1,candidate_2,candidate_3,3,0.02
2035,candidate_1,candidate_2,candidate_3,3,0.02
2036,candidate_1,candidate_2,candidate_3,3,0.02
2037,candidate_1,candidate_2,candidate_3,3,0.02
2038,candidate_1,candidate_2,candidate_3,3,0.02
2039,candidate_1,candidate_2,candidate_3,3,0.02
2040,candidate_1,candidate_2,candidate_3,3,0.02
2041,candidate_1,candidate_2,candidate_3,3,0.02
2042,candidate_1,candidate_2,candidate_3,3,0.02
2043,candidate_1,candidate_2,candidate_3,3,0.02
2044,0,candidate_2,candidate_3,3,0.02
2045,candidate_1,candidate_2,candidate_3,3,0.02
2046,candidate_1,candidate_2,candidate_3,3,0.02
2047,candidate_1,candidate_2,candidate_3,3,0.02
2048,candidate_1,candidate_2,candidate_3,3,0.02
2049,candidate_1,candidate_2,candidate_3,3,0.02
2050,candidate_1,candidate_2,candidate_3,3,0.02
2051,candidate_1,candidate_2,candidate_3,3,0.02
2052,candidate_1,candidate_2,0,3,0.02
2053,candidate_1,candidate_2,candidate_3,3,0.02
2054,candidate_1,candidate_2,candidate_3,3,0.02
2055,candidate_1,candidate_2,candidate_3,3,0.02
2056,candidate_1,candidate_2,candidate_3,3,0.02
2057,candidate_1,candidate_2,candidate_3,3,0.02
2058,candidate_1,candidate_2,candidate_3,3,0.02
2059,candidate_1,candidate_2,candidate_3,3,0.02
2060,candidate_1,candidate_2,candidate_3,3,0.02
2061,candidate_1,candidate_2,candidate_3,3,0.02
2062,candidate_1,candidate_2,candidate_3,3,0.02
2063,candidate_1,candidate_2,candidate_3,3,0.02
2064,candidate_1,candidate_2,candidate_3,3,0.02
2065,candidate_1,candidate_2,candidate_3,3,0.02
2066,candidate_1,candidate_2,candidate_3,3,0.02
2067,candidate_1,candidate_2,candidate_3,3,0.02
2068,candidate_1,candidate_2,candidate_3,3,0.02
2069,candidate_1,candidate_2,candidate_3,3,0.02
2070,candidate_1,candidate_2,candidate_3,3,0.02
2071,candidate_1,candidate_2,candidate_3,3,0.02
2072,candidate_1,candidate_2,candidate_3,3,0.02
2073,candidate_1,candidate_2,candidate_3,3,0.02
2074,candidate_1,candidate_2,candidate_3,3,0.02
2075,candidate_1,candidate_2,candidate_3,3,0.02
2076,candidate_1,candidate_2,candidate_3,3,0.02
2077,candidate_1,candidate_2,candidate_3,3,0.02
2078,candidate_1,candidate_2,candidate_3,3,0.02
2079,candidate_1,candidate_2,candidate_3,3,0.02
2080,candidate_1,candidate_2,candidate_3,3,0.02
2081,candidate_1,candidate_2,candidate_3,3,0.02
2082,candidate_1,candidate_2,candidate_3,3,0.02
2083,candidate_1,candidate_2,candidate_3,3,0.02
2084,candidate_1,candidate_2,candidate_3,3,0.02
2085,candidate_1,candidate_2,candidate_3,3,0.02
2086,0,candidate_2,candidate_3,3,0.02
2087,candidate_1,candidate_2,candidate_3,3,0.02
2088,candidate_1,candidate_2,candidate_3,3,0.02
2089,candidate_1,candidate_2,candidate_3,3,0.02
2090,candidate_1,candidate_2,candidate_3,3,0.02
2091,candidate_1,candidate_2,candidate_3,3,0.02
2092,candidate_1,candidate_2,candidate_3,3,0.02
2093,candidate_1,candidate_2,candidate_3,3,0.02
2094,candidate_1,candidate_2,candidate_3,3,0.02
2095,candidate_1,candidate_2,candidate_3,3,0.02
2096,candidate_1,candidate_2,candidate_3,3,0.02
2097,candidate_1,candidate_2,candidate_3,3,0.02
2098,candidate_1,candidate_2,candidate_3,3,0.02
2099,candidate_1,0,candidate_3,3,0.02
2100,candidate_1,candidate_2,0,3,0.02
2101,candidate_1,candidate_2,candidate_3,3,0.02
2102,candidate_1,candidate_2,candidate_3,3,0.02
2103,candidate_1,candidate_2,candidate_3,3,0.02
2104,candidate_1,candidate_2,candidate_3,3,0.02
2105,candidate_1,candidate_2,candidate_3,3,0.02
2106,candidate_1,candidate_2,candidate_3,3,0.02
2107,candidate_1,candidate_2,candidate_3,3,0.02
2108,0,candidate_2,candidate_3,3,0.02
2109,candidate_1,candidate_2,candidate_3,3,0.02
2110,candidate_1,candidate_2,candidate_3,3,0.02
2111,candidate_1,candidate_2,candidate_3,3,0.02
2112,candidate_1,candidate_2,candidate_3,3,0.02
2113,candidate_1,candidate_2,candidate_3,3,0.02
2114,candidate_1,candidate_2,candidate_3,3,0.02
2115,candidate_1,candidate_2,candidate_3,3,0.02
2116,candidate_1,candidate_2,candidate_3,3,0.02
2117,candidate_1,candidate_2,candidate_3,3,0.02
2118,candidate_1,candidate_2,candidate_3,3,0.02
2119,candidate_1,candidate_2,candidate_3,3,0.02
2120,candidate_1,candidate_2,candidate_3,3,0.02
2121,candidate_1,candidate_2,candidate_3,3,0.02
2122,candidate_1,candidate_2,candidate_3,3,0.02
2123,candidate_1,candidate_2,0,3,0.02
2124,candidate_1,candidate_2,candidate_3,3,0.02
2125,candidate_1,candidate_2,candidate_3,3,0.02
2126,candidate_1,candidate_2,candidate_3,3,0.02
2127,candidate_1,candidate_2,candidate_3,3,0.02
2128,candidate_1,candidate_2,candidate_3,3,0.02
2129,candidate_1,candidate_2,candidate_3,3,0.02
2130,candidate_1,candidate_2,candidate_3,3,0.02
2131,candidate_1,candidate_2,candidate_3,3,0.02
2132,candidate_1,candidate_2,candidate_3,3,0.02
2133,candidate_1,candidate_2,candidate_3,3,0.02
2134,candidate_1,candidate_2,candidate_3,3,0.02
2135,candidate_1,candidate_2,candidate_3,3,0.02
2136,candidate_1,candidate_2,candidate_3,3,0.02
2137,candidate_1,candidate_2,candidate_3,3,0.02
2138,candidate_1,candidate_2,candidate_3,3,0.02
2139,candidate_1,candidate_2,candidate_3,3,0.02
2140,candidate_1,candidate_2,candidate_3,3,0.02
2141,candidate_1,candidate_2,candidate_3,3,0.02
2142,candidate_1,candidate_2,candidate_3,3,0.02
2143,candidate_1,candidate_2,candidate_3,3,0.02
2144,candidate_1,candidate_2,candidate_3,3,0.02
2145,candidate_1,candidate_2,candidate_3,3,0.02
2146,candidate_1,candidate_2,candidate_3,3,0.02
2147,candidate_1,candidate_2,candidate_3,3,0.02
2148,candidate_1,candidate_2,candidate_3,3,0.02
2149,candidate_1,candidate_2,candidate_3,3,0.02
2150,candidate_1,candidate_2,candidate_3,3,0.02
2151,candidate_1,candidate_2,candidate_3,3,0.02
2152,candidate_1,candidate_2,candidate_3,3,0.02
2153,candidate_1,candidate_2,candidate_3,3,0.02
2154,candidate_1,candidate_2,candidate_3,3,0.02
2155,candidate_1,candidate_2,candidate_3,3,0.02
2156,candidate_1,candidate_2,candidate_3,3,0.02
2157,candidate_1,candidate_2,candidate_3,3,0.02
2158,candidate_1,candidate_2,candidate_3,3,0.02
2159,candidate_1,candidate_2,candidate_3,3,0.02
2160,candidate_1,candidate_2,candidate_3,3,0.02
2161,candidate_1,candidate_2,candidate_3,3,0.02
2162,candidate_1,candidate_2,candidate_3,3,0.02
2163,candidate_1,candidate_2,candidate_3,3,0.02
2164,candidate_1,candidate_2,candidate_3,3,0.02
2165,candidate_1,candidate_2,candidate_3,3,0.02
2166,candidate_1,candidate_2,candidate_3,3,0.02
2167,candidate_1,candidate_2,candidate_3,3,0.02
2168,candidate_1,candidate_2,candidate_3,3,0.02
2169,candidate_1,candidate_2,candidate_3,3,0.02
2170,candidate_1,candidate_2,candidate_3,3,0.02
2171,candidate_1,candidate_2,candidate_3,3,0.02
2172,candidate_1,candidate_2,candidate_3,3,0.02
2173,candidate_1,candidate_2,candidate_3,3,0.02
2174,candidate_1,candidate_2,candidate_3,3,0.02
2175,candidate_1,candidate_2,candidate_3,3,0.02
2176,candidate_1,candidate_2,candidate_3,3,0.02
2177,candidate_1,candidate_2,candidate_3,3,0.02
2178,candidate_1,candidate_2,candidate_3,3,0.02
2179,candidate_1,candidate_2,candidate_3,3,0.02
2180,candidate_1,candidate_2,candidate_3,3,0.02
2181,candidate_1,candidate_2,candidate_3,3,0.02
2182,candidate_1,candidate_2,candidate_3,3,0.02
2183,candidate_1,candidate_2,candidate_3,3,0.02
2184,candidate_1,candidate_2,candidate_3,3,0.02
2185,candidate_1,candidate_2,candidate_3,3,0.02
2186,candidate_1,candidate_2,candidate_3,3,0.02
2187,candidate_1,candidate_2,candidate_3,3,0.02
2188,candidate_1,candidate_2,candidate_3,3,0.02
2189,candidate_1,candidate_2,candidate_3,3,0.02
2190,candidate_1,candidate_2,candidate_3,3,0.02
2191,candidate_1,candidate_2,candidate_3,3,0.02
2192,candidate_1,candidate_2,candidate_3,3,0.02
2193,candidate_1,candidate_2,candidate_3,3,0.02
2194,candidate_1,candidate_2,candidate_3,3,0.02
2195,candidate_1,candidate_2,candidate_3,3,0.02
2196,candidate_1,candidate_2,candidate_3,3,0.02
2197,candidate_1,candidate_2,candidate_3,3,0.02
2198,candidate_1,candidate_2,candidate_3,3,0.02
2199,candidate_1,candidate_2,0,3,0.02
2200,candidate_1,candidate_2,candidate_3,3,0.02
2201,candidate_1,candidate_2,candidate_3,3,0.02
2202,candidate_1,candidate_2,candidate_3,3,0.02
2203,candidate_1,candidate_2,candidate_3,3,0.02
2204,candidate_1,candidate_2,candidate_3,3,0.02
2205,candidate_1,candidate_2,candidate_3,3,0.02
2206,candidate_1,candidate_2,candidate_3,3,0.02
2207,candidate_1,candidate_2,candidate_3,3,0.02
2208,candidate_1,candidate_2,candidate_3,3,0.02
2209,candidate_1,candidate_2,candidate_3,3,0.02
2210,candidate_1,candidate_2,candidate_3,3,0.02
2211,candidate_1,candidate_2,candidate_3,3,0.02
2212,candidate_1,candidate_2,candidate_3,3,0.02
2213,candidate_1,candidate_2,candidate_3,3,0.02
2214,candidate_1,candidate_2,candidate_3,3,0.02
2215,candidate_1,candidate_2,candidate_3,3,0.02
2216,candidate_1,candidate_2,candidate_3,3,0.02
2217,candidate_1,candidate_2,candidate_3,3,0.02
2218,candidate_1,candidate_2,candidate_3,3,0.02
2219,candidate_1,candidate_2,candidate_3,3,0.02
2220,candidate_1,candidate_2,candidate_3,3,0.02
2221,candidate_1,candidate_2,candidate_3,3,0.02
2222,candidate_1,candidate_2,candidate_3,3,0.02
2223,candidate_1,candidate_2,candidate_3,3,0.02
2224,candidate_1,candidate_2,candidate_3,3,0.02
2225,candidate_1,candidate_2,candidate_3,3,0.02
2226,candidate_1,0,candidate_3,3,0.02
2227,0,candidate_2,candidate_3,3,0.02
2228,candidate_1,candidate_2,candidate_3,3,0.02
2229,candidate_1,candidate_2,candidate_3,3,0.02
2230,candidate_1,candidate_2,candidate_3,3,0.02
2231,candidate_1,candidate_2,candidate_3,3,0.02
2232,0,candidate_2,candidate_3,3,0.02
2233,candidate_1,candidate_2,candidate_3,3,0.02
2234,candidate_1,candidate_2,0,3,0.02
2235,candidate_1,candidate_2,candidate_3,3,0.02
2236,candidate_1,candidate_2,candidate_3,3,0.02
2237,candidate_1,candidate_2,candidate_3,3,0.02
2238,candidate_1,candidate_2,candidate_3,3,0.02
2239,candidate_1,candidate_2,candidate_3,3,0.02
2240,candidate_1,candidate_2,candidate_3,3,0.02
2241,0,candidate_2,candidate_3,3,0.02
2242,candidate_1,candidate_2,candidate_3,3,0.02
2243,candidate_1,0,candidate_3,3,0.02
2244,candidate_1,candidate_2,candidate_3,3,0.02
2245,candidate_1,candidate_2,candidate_3,3,0.02
2246,candidate_1,candidate_2,candidate_3,3,0.02
2247,candidate_1,candidate_2,candidate_3,3,0.02
2248,candidate_1,candidate_2,candidate_3,3,0.02
2249,candidate_1,candidate_2,candidate_3,3,0.02
2250,candidate_1,candidate_2,candidate_3,3,0.02
2251,candidate_1,candidate_2,candidate_3,3,0.02
2252,candidate_1,candidate_2,candidate_3,3,0.02
2253,candidate_1,candidate_2,candidate_3,3,0.02
2254,candidate_1,candidate_2,candidate_3,3,0.02
2255,candidate_1,candidate_2,candidate_3,3,0.02
2256,candidate_1,candidate_2,candidate_3,3,0.02
2257,candidate_1,candidate_2,candidate_3,3,0.02
2258,candidate_1,candidate_2,candidate_3,3,0.02
2259,candidate_1,candidate_2,candidate_3,3,0.02
2260,candidate_1,candidate_2,candidate_3,3,0.02
2261,candidate_1,candidate_2,candidate_3,3,0.02
2262,candidate_1,candidate_2,candidate_3,3,0.02
2263,candidate_1,candidate_2,candidate_3,3,0.02
2264,candidate_1,candidate_2,candidate_3,3,0.02
2265,candidate_1,candidate_2,candidate_3,3,0.02
2266,candidate_1,candidate_2,candidate_3,3,0.02
2267,candidate_1,candidate_2,candidate_3,3,0.02
2268,0,candidate_2,candidate_3,3,0.02
2269,candidate_1,candidate_2,candidate_3,3,0.02
2270,candidate_1,candidate_2,candidate_3,3,0.02
2271,candidate_1,candidate_2,candidate_3,3,0.02
2272,candidate_1,candidate_2,candidate_3,3,0.02
2273,candidate_1,candidate_2,candidate_3,3,0.02
2274,candidate_1,candidate_2,candidate_3,3,0.02
2275,candidate_1,candidate_2,candidate_3,3,0.02
2276,candidate_1,candidate_2,candidate_3,3,0.02
2277,candidate_1,candidate_2,candidate_3,3,0.02
2278,candidate_1,candidate_2,candidate_3,3,0.02
2279,candidate_1,candidate_2,candidate_3,3,0.02
2280,candidate_1,candidate_2,candidate_3,3,0.02
2281,candidate_1,candidate_2,candidate_3,3,0.02
2282,candidate_1,candidate_2,candidate_3,3,0.02
2283,candidate_1,candidate_2,candidate_3,3,0.02
2284,0,candidate_2,candidate_3,3,0.02
2285,candidate_1,candidate_2,candidate_3,3,0.02
2286,candidate_1,candidate_2,candidate_3,3,0.02
2287,candidate_1,candidate_2,candidate_3,3,0.02
2288,candidate_1,candidate_2,candidate_3,3,0.02
2289,candidate_1,candidate_2,candidate_3,3,0.02
2290,candidate_1,candidate_2,candidate_3,3,0.02
2291,candidate_1,candidate_2,candidate_3,3,0.02
2292,candidate_1,candidate_2,candidate_3,3,0.02
2293,candidate_1,candidate_2,candidate_3,3,0.02
2294,candidate_1,candidate_2,candidate_3,3,0.02
2295,candidate_1,candidate_2,candidate_3,3,0.02
2296,candidate_1,candidate_2,candidate_3,3,0.02
2297,candidate_1,candidate_2,candidate_3,3,0.02
2298,candidate_1,candidate_2,candidate_3,3,0.02
2299,candidate_1,candidate_2,candidate_3,3,0.02
2300,candidate_1,candidate_2,candidate_3,3,0.02
2301,candidate_1,candidate_2,candidate_3,3,0.02
2302,candidate_1,0,candidate_3,3,0.02
2303,candidate_1,candidate_2,candidate_3,3,0.02
2304,candidate_1,candidate_2,candidate_3,3,0.02
2305,candidate_1,candidate_2,candidate_3,3,0.02
2306,candidate_1,candidate_2,candidate_3,3,0.02
2307,candidate_1,candidate_2,candidate_3,3,0.02
2308,candidate_1,candidate_2,candidate_3,3,0.02
2309,candidate_1,candidate_2,candidate_3,3,0.02
2310,candidate_1,candidate_2,0,3,0.02
2311,candidate_1,candidate_2,candidate_3,3,0.02
2312,candidate_1,candidate_2,candidate_3,3,0.02
2313,candidate_1,candidate_2,candidate_3,3,0.02
2314,candidate_1,candidate_2,candidate_3,3,0.02
2315,candidate_1,candidate_2,candidate_3,3,0.02
2316,candidate_1,candidate_2,candidate_3,3,0.02
2317,candidate_1,candidate_2,candidate_3,3,0.02
2318,candidate_1,candidate_2,candidate_3,3,0.02
2319,candidate_1,candidate_2,candidate_3,3,0.02
2320,candidate_1,candidate_2,candidate_3,3,0.02
2321,candidate_1,candidate_2,candidate_3,3,0.02
2322,0,candidate_2,candidate_3,3,0.02
2323,candidate_1,candidate_2,candidate_3,3,0.02
2324,candidate_1,candidate_2,candidate_3,3,0.02
2325,candidate_1,candidate_2,candidate_3,3,0.02
2326,candidate_1,candidate_2,candidate_3,3,0.02
2327,candidate_1,candidate_2,candidate_3,3,0.02
2328,candidate_1,candidate_2,candidate_3,3,0.02
2329,candidate_1,candidate_2,candidate_3,3,0.02
2330,candidate_1,candidate_2,candidate_3,3,0.02
2331,candidate_1,candidate_2,candidate_3,3,0.02
2332,candidate_1,candidate_2,candidate_3,3,0.02
2333,candidate_1,candidate_2,candidate_3,3,0.02
2334,candidate_1,candidate_2,candidate_3,3,0.02
2335,candidate_1,candidate_2,candidate_3,3,0.02
2336,candidate_1,candidate_2,0,3,0.02
2337,candidate_1,candidate_2,candidate_3,3,0.02
2338,candidate_1,candidate_2,candidate_3,3,0.02
2339,candidate_1,candidate_2,candidate_3,3,0.02
2340,candidate_1,candidate_2,candidate_3,3,0.02
2341,candidate_1,candidate_2,candidate_3,3,0.02
2342,candidate_1,0,candidate_3,3,0.02
2343,candidate_1,candidate_2,candidate_3,3,0.02
2344,candidate_1,candidate_2,candidate_3,3,0.02
2345,0,candidate_2,candidate_3,3,0.02
2346,candidate_1,candidate_2,candidate_3,3,0.02
2347,candidate_1,0,candidate_3,3,0.02
2348,candidate_1,candidate_2,candidate_3,3,0.02
2349,candidate_1,candidate_2,candidate_3,3,0.02
2350,candidate_1,candidate_2,candidate_3,3,0.02
2351,candidate_1,candidate_2,candidate_3,3,0.02
2352,candidate_1,candidate_2,candidate_3,3,0.02
2353,candidate_1,candidate_2,candidate_3,3,0.02
2354,candidate_1,candidate_2,candidate_3,3,0.02
2355,candidate_1,candidate_2,candidate_3,3,0.02
2356,0,candidate_2,candidate_3,3,0.02
2357,candidate_1,candidate_2,candidate_3,3,0.02
2358,candidate_1,candidate_2,candidate_3,3,0.02
2359,candidate_1,candidate_2,candidate_3,3,0.02
2360,candidate_1,candidate_2,candidate_3,3,0.02
2361,candidate_1,candidate_2,candidate_3,3,0.02
2362,candidate_1,candidate_2,candidate_3,3,0.02
2363,candidate_1,candidate_2,candidate_3,3,0.02
2364,candidate_1,candidate_2,candidate_3,3,0.02
2365,candidate_1,candidate_2,candidate_3,3,0.02
2366,candidate_1,candidate_2,candidate_3,3,0.02
2367,candidate_1,0,candidate_3,3,0.02
2368,candidate_1,candidate_2,candidate_3,3,0.02
2369,candidate_1,candidate_2,candidate_3,3,0.02
2370,candidate_1,candidate_2,candidate_3,3,0.02
2371,candidate_1,candidate_2,candidate_3,3,0.02
2372,candidate_1,candidate_2,candidate_3,3,0.02
2373,candidate_1,candidate_2,candidate_3,3,0.02
2374,candidate_1,candidate_2,candidate_3,3,0.02
2375,candidate_1,candidate_2,candidate_3,3,0.02
2376,candidate_1,candidate_2,candidate_3,3,0.02
2377,candidate_1,candidate_2,candidate_3,3,0.02
2378,candidate_1,candidate_2,candidate_3,3,0.02
2379,candidate_1,candidate_2,candidate_3,3,0.02
2380,candidate_1,candidate_2,candidate_3,3,0.02
2381,candidate_1,candidate_2,candidate_3,3,0.02
2382,candidate_1,candidate_2,candidate_3,3,0.02
2383,candidate_1,candidate_2,candidate_3,3,0.02
2384,candidate_1,candidate_2,candidate_3,3,0.02
2385,candidate_1,candidate_2,candidate_3,3,0.02
2386,candidate_1,candidate_2,candidate_3,3,0.02
2387,candidate_1,candidate_2,candidate_3,3,0.02
2388,candidate_1,candidate_2,candidate_3,3,0.02
2389,candidate_1,candidate_2,candidate_3,3,0.02
2390,candidate_1,candidate_2,candidate_3,3,0.02
2391,candidate_1,candidate_2,candidate_3,3,0.02
2392,candidate_1,candidate_2,candidate_3,3,0.02
2393,candidate_1,candidate_2,candidate_3,3,0.02
2394,candidate_1,candidate_2,candidate_3,3,0.02
2395,candidate_1,candidate_2,candidate_3,3,0.02
2396,candidate_1,candidate_2,candidate_3,3,0.02
2397,candidate_1,candidate_2,candidate_3,3,0.02
2398,candidate_1,candidate_2,candidate_3,3,0.02
2399,candidate_1,candidate_2,candidate_3,3,0.02
2400,candidate_1,candidate_2,candidate_3,3,0.02
2401,candidate_1,candidate_2,candidate_3,3,0.02
2402,candidate_1,candidate_2,candidate_3,3,0.02
2403,candidate_1,candidate_2,candidate_3,3,0.02
2404,candidate_1,candidate_2,candidate_3,3,0.02
2405,candidate_1,candidate_2,candidate_3,3,0.02
2406,candidate_1,candidate_2,candidate_3,3,0.02
2407,candidate_1,candidate_2,candidate_3,3,0.02
2408,candidate_1,candidate_2,candidate_3,3,0.02
2409,candidate_1,candidate_2,candidate_3,3,0.02
2410,candidate_1,candidate_2,candidate_3,3,0.02
2411,candidate_1,candidate_2,candidate_3,3,0.02
2412,0,candidate_2,candidate_3,3,0.02
2413,candidate_1,candidate_2,candidate_3,3,0.02
2414,candidate_1,candidate_2,candidate_3,3,0.02
2415,candidate_1,candidate_2,candidate_3,3,0.02
2416,candidate_1,candidate_2,candidate_3,3,0.02
2417,candidate_1,candidate_2,candidate_3,3,0.02
2418,candidate_1,candidate_2,candidate_3,3,0.02
2419,candidate_1,candidate_2,candidate_3,3,0.02
2420,candidate_1,candidate_2,candidate_3,3,0.02
2421,candidate_1,candidate_2,candidate_3,3,0.02
2422,candidate_1,candidate_2,candidate_3,3,0.02
2423,candidate_1,candidate_2,candidate_3,3,0.02
2424,candidate_1,candidate_2,candidate_3,3,0.02
2425,candidate_1,candidate_2,candidate_3,3,0.02
2426,candidate_1,candidate_2,candidate_3,3,0.02
2427,candidate_1,candidate_2,candidate_3,3,0.02
2428,candidate_1,candidate_2,candidate_3,3,0.02
2429,candidate_1,candidate_2,candidate_3,3,0.02
2430,candidate_1,candidate_2,candidate_3,3,0.02
2431,candidate_1,candidate_2,candidate_3,3,0.02
2432,candidate_1,candidate_2,candidate_3,3,0.02
2433,candidate_1,candidate_2,candidate_3,3,0.02
2434,candidate_1,candidate_2,candidate_3,3,0.02
2435,candidate_1,candidate_2,candidate_3,3,0.02
2436,candidate_1,candidate_2,candidate_3,3,0.02
2437,candidate_1,candidate_2,candidate_3,3,0.02
2438,candidate_1,candidate_2,candidate_3,3,0.02
2439,candidate_1,candidate_2,candidate_3,3,0.02
2440,candidate_1,candidate_2,candidate_3,3,0.02
2441,candidate_1,0,candidate_3,3,0.02
2442,candidate_1,candidate_2,candidate_3,3,0.02
2443,candidate_1,0,candidate_3,3,0.02
2444,candidate_1,candidate_2,candidate_3,3,0.02
2445,candidate_1,candidate_2,candidate_3,3,0.02
2446,candidate_1,candidate_2,candidate_3,3,0.02
2447,candidate_1,candidate_2,candidate_3,3,0.02
2448,candidate_1,candidate_2,candidate_3,3,0.02
2449,candidate_1,candidate_2,candidate_3,3,0.02
2450,candidate_1,candidate_2,candidate_3,3,0.02
2451,candidate_1,candidate_2,candidate_3,3,0.02
2452,candidate_1,candidate_2,candidate_3,3,0.02
2453,candidate_1,candidate_2,candidate_3,3,0.02
2454,candidate_1,candidate_2,candidate_3,3,0.02
2455,candidate_1,candidate_2,candidate_3,3,0.02
2456,candidate_1,candidate_2,candidate_3,3,0.02
2457,candidate_1,candidate_2,candidate_3,3,0.02
2458,candidate_1,candidate_2,candidate_3,3,0.02
2459,candidate_1,candidate_2,candidate_3,3,0.02
2460,candidate_1,candidate_2,candidate_3,3,0.02
2461,candidate_1,candidate_2,candidate_3,3,0.02
2462,candidate_1,candidate_2,candidate_3,3,0.02
2463,candidate_1,candidate_2,candidate_3,3,0.02
2464,candidate_1,candidate_2,candidate_3,3,0.02
2465,candidate_1,candidate_2,candidate_3,3,0.02
2466,candidate_1,candidate_2,candidate_3,3,0.02
2467,candidate_1,candidate_2,candidate_3,3,0.02
2468,candidate_1,candidate_2,candidate_3,3,0.02
2469,candidate_1,0,candidate_3,3,0.02
2470,candidate_1,candidate_2,candidate_3,3,0.02
2471,candidate_1,candidate_2,candidate_3,3,0.02
2472,candidate_1,candidate_2,candidate_3,3,0.02
2473,candidate_1,candidate_2,candidate_3,3,0.02
2474,candidate_1,candidate_2,candidate_3,3,0.02
2475,candidate_1,0,candidate_3,3,0.02
2476,candidate_1,candidate_2,candidate_3,3,0.02
2477,candidate_1,candidate_2,candidate_3,3,0.02
2478,candidate_1,candidate_2,candidate_3,3,0.02
2479,candidate_1,candidate_2,candidate_3,3,0.02
2480,candidate_1,candidate_2,candidate_3,3,0.02
2481,candidate_1,candidate_2,candidate_3,3,0.02
2482,candidate_1,candidate_2,candidate_3,3,0.02
2483,0,candidate_2,candidate_3,3,0.02
2484,candidate_1,candidate_2,candidate_3,3,0.02
2485,candidate_1,candidate_2,candidate_3,3,0.02
2486,candidate_1,candidate_2,candidate_3,3,0.02
2487,candidate_1,candidate_2,candidate_3,3,0.02
2488,candidate_1,candidate_2,candidate_3,3,0.02
2489,candidate_1,candidate_2,candidate_3,3,0.02
2490,candidate_1,candidate_2,candidate_3,3,0.02
2491,candidate_1,candidate_2,candidate_3,3,0.02
2492,candidate_1,candidate_2,candidate_3,3,0.02
2493,candidate_1,candidate_2,candidate_3,3,0.02
2494,candidate_1,candidate_2,candidate_3,3,0.02
2495,candidate_1,candidate_2,candidate_3,3,0.02
2496,candidate_1,candidate_2,candidate_3,3,0.02
2497,candidate_1,candidate_2,candidate_3,3,0.02
2498,candidate_1,candidate_2,candidate_3,3,0.02
2499,candidate_1,candidate_2,candidate_3,3,0.02
2500,candidate_1,candidate_2,candidate_3,3,0.02
2501,candidate_1,0,candidate_3,3,0.02
2502,candidate_1,candidate_2,candidate_3,3,0.02
2503,candidate_1,candidate_2,candidate_3,3,0.02
2504,candidate_1,candidate_2,candidate_3,3,0.02
2505,candidate_1,candidate_2,candidate_3,3,0.02
2506,candidate_1,candidate_2,candidate_3,3,0.02
2507,candidate_1,candidate_2,candidate_3,3,0.02
2508,candidate_1,candidate_2,candidate_3,3,0.02
2509,candidate_1,candidate_2,candidate_3,3,0.02
2510,candidate_1,candidate_2,candidate_3,3,0.02
2511,candidate_1,candidate_2,candidate_3,3,0.02
2512,candidate_1,candidate_2,candidate_3,3,0.02
2513,candidate_1,candidate_2,candidate_3,3,0.02
2514,candidate_1,candidate_2,0,3,0.02
2515,candidate_1,candidate_2,candidate_3,3,0.02
2516,candidate_1,candidate_2,0,3,0.02
2517,candidate_1,candidate_2,candidate_3,3,0.02
2518,candidate_1,candidate_2,candidate_3,3,0.02
2519,candidate_1,0,candidate_3,3,0.02
2520,candidate_1,candidate_2,candidate_3,3,0.02
2521,candidate_1,candidate_2,candidate_3,3,0.02
2522,candidate_1,candidate_2,candidate_3,3,0.02
2523,candidate_1,candidate_2,candidate_3,3,0.02
2524,candidate_1,candidate_2,candidate_3,3,0.02
2525,candidate_1,candidate_2,candidate_3,3,0.02
2526,candidate_1,candidate_2,candidate_3,3,0.02
2527,candidate_1,candidate_2,candidate_3,3,0.02
2528,candidate_1,0,candidate_3,3,0.02
2529,candidate_1,candidate_2,candidate_3,3,0.02
2530,candidate_1,candidate_2,candidate_3,3,0.02
2531,candidate_1,candidate_2,candidate_3,3,0.02
2532,candidate_1,candidate_2,candidate_3,3,0.02
2533,candidate_1,candidate_2,candidate_3,3,0.02
2534,candidate_1,candidate_2,candidate_3,3,0.02
2535,candidate_1,candidate_2,candidate_3,3,0.02
2536,candidate_1,candidate_2,candidate_3,3,0.02
2537,candidate_1,candidate_2,candidate_3,3,0.02
2538,candidate_1,candidate_2,candidate_3,3,0.02
2539,candidate_1,candidate_2,candidate_3,3,0.02
2540,candidate_1,candidate_2,candidate_3,3,0.02
2541,candidate_1,candidate_2,candidate_3,3,0.02
2542,candidate_1,candidate_2,candidate_3,3,0.02
2543,candidate_1,candidate_2,candidate_3,3,0.02
2544,candidate_1,candidate_2,candidate_3,3,0.02
2545,candidate_1,candidate_2,candidate_3,3,0.02
2546,candidate_1,candidate_2,0,3,0.02
2547,candidate_1,candidate_2,candidate_3,3,0.02
2548,candidate_1,candidate_2,candidate_3,3,0.02
2549,0,candidate_2,candidate_3,3,0.02
2550,candidate_1,candidate_2,candidate_3,3,0.02
2551,candidate_1,candidate_2,candidate_3,3,0.02
2552,candidate_1,candidate_2,candidate_3,3,0.02
2553,candidate_1,candidate_2,candidate_3,3,0.02
2554,candidate_1,candidate_2,candidate_3,3,0.02
2555,candidate_1,candidate_2,candidate_3,3,0.02
2556,candidate_1,candidate_2,candidate_3,3,0.02
2557,candidate_1,candidate_2,candidate_3,3,0.02
2558,candidate_1,candidate_2,candidate_3,3,0.02
2559,candidate_1,candidate_2,candidate_3,3,0.02
2560,candidate_1,candidate_2,0,3,0.02
2561,candidate_1,candidate_2,candidate_3,3,0.02
2562,candidate_1,candidate_2,candidate_3,3,0.02
2563,candidate_1,candidate_2,0,3,0.02
2564,candidate_1,candidate_2,candidate_3,3,0.02
2565,candidate_1,candidate_2,candidate_3,3,0.02
2566,candidate_1,candidate_2,candidate_3,3,0.02
2567,candidate_1,candidate_2,candidate_3,3,0.02
2568,candidate_1,candidate_2,candidate_3,3,0.02
2569,candidate_1,candidate_2,candidate_3,3,0.02
2570,candidate_1,candidate_2,candidate_3,3,0.02
2571,candidate_1,0,candidate_3,3,0.02
2572,candidate_1,candidate_2,candidate_3,3,0.02
2573,candidate_1,candidate_2,candidate_3,3,0.02
2574,candidate_1,candidate_2,candidate_3,3,0.02
2575,candidate_1,candidate_2,candidate_3,3,0.02
2576,candidate_1,candidate_2,candidate_3,3,0.02
2577,candidate_1,candidate_2,candidate_3,3,0.02
2578,candidate_1,candidate_2,candidate_3,3,0.02
2579,candidate_1,candidate_2,candidate_3,3,0.02
2580,candidate_1,candidate_2,candidate_3,3,0.02
2581,candidate_1,candidate_2,candidate_3,3,0.02
2582,candidate_1,candidate_2,candidate_3,3,0.02
2583,candidate_1,candidate_2,candidate_3,3,0.02
2584,candidate_1,candidate_2,candidate_3,3,0.02
2585,candidate_1,0,candidate_3,3,0.02
2586,candidate_1,candidate_2,candidate_3,3,0.02
2587,candidate_1,candidate_2,candidate_3,3,0.02
2588,candidate_1,candidate_2,candidate_3,3,0.02
2589,candidate_1,candidate_2,candidate_3,3,0.02
2590,candidate_1,candidate_2,candidate_3,3,0.02
2591,candidate_1,candidate_2,candidate_3,3,0.02
2592,candidate_1,candidate_2,candidate_3,3,0.02
2593,candidate_1,candidate_2,candidate_3,3,0.02
2594,candidate_1,0,candidate_3,3,0.02
2595,candidate_1,candidate_2,candidate_3,3,0.02
2596,candidate_1,candidate_2,candidate_3,3,0.02
2597,candidate_1,candidate_2,candidate_3,3,0.02
2598,candidate_1,candidate_2,candidate_3,3,0.02
2599,candidate_1,candidate_2,candidate_3,3,0.02
2600,candidate_1,candidate_2,candidate_3,3,0.02
2601,candidate_1,candidate_2,candidate_3,3,0.02
2602,candidate_1,candidate_2,candidate_3,3,0.02
2603,candidate_1,candidate_2,candidate_3,3,0.02
2604,candidate_1,0,candidate_3,3,0.02
2605,candidate_1,candidate_2,candidate_3,3,0.02
2606,candidate_1,candidate_2,candidate_3,3,0.02
2607,candidate_1,candidate_2,candidate_3,3,0.02
2608,candidate_1,candidate_2,candidate_3,3,0.02
2609,candidate_1,candidate_2,candidate_3,3,0.02
2610,candidate_1,candidate_2,candidate_3,3,0.02
2611,candidate_1,candidate_2,candidate_3,3,0.02
2612,candidate_1,candidate_2,candidate_3,3,0.02
2613,candidate_1,candidate_2,candidate_3,3,0.02
2614,candidate_1,candidate_2,candidate_3,3,0.02
2615,candidate_1,candidate_2,candidate_3,3,0.02
2616,candidate_1,candidate_2,candidate_3,3,0.02
2617,candidate_1,candidate_2,candidate_3,3,0.02
2618,candidate_1,candidate_2,candidate_3,3,0.02
2619,candidate_1,candidate_2,candidate_3,3,0.02
2620,candidate_1,candidate_2,candidate_3,3,0.02
2621,candidate_1,candidate_2,candidate_3,3,0.02
2622,candidate_1,candidate_2,candidate_3,3,0.02
2623,0,candidate_2,candidate_3,3,0.02
2624,candidate_1,candidate_2,candidate_3,3,0.02
2625,candidate_1,candidate_2,candidate_3,3,0.02
2626,candidate_1,candidate_2,candidate_3,3,0.02
2627,candidate_1,candidate_2,candidate_3,3,0.02
2628,candidate_1,candidate_2,candidate_3,3,0.02
2629,candidate_1,0,candidate_3,3,0.02
2630,candidate_1,candidate_2,candidate_3,3,0.02
2631,candidate_1,candidate_2,candidate_3,3,0.02
2632,candidate_1,candidate_2,candidate_3,3,0.02
2633,candidate_1,candidate_2,candidate_3,3,0.02
2634,candidate_1,candidate_2,candidate_3,3,0.02
2635,candidate_1,candidate_2,candidate_3,3,0.02
2636,candidate_1,candidate_2,candidate_3,3,0.02
2637,candidate_1,candidate_2,candidate_3,3,0.02
2638,candidate_1,candidate_2,candidate_3,3,0.02
2639,candidate_1,candidate_2,candidate_3,3,0.02
2640,candidate_1,candidate_2,candidate_3,3,0.02
2641,0,candidate_2,candidate_3,3,0.02
2642,candidate_1,candidate_2,candidate_3,3,0.02
2643,candidate_1,candidate_2,candidate_3,3,0.02
2644,candidate_1,candidate_2,candidate_3,3,0.02
2645,candidate_1,candidate_2,candidate_3,3,0.02
2646,candidate_1,candidate_2,candidate_3,3,0.02
2647,candidate_1,candidate_2,candidate_3,3,0.02
2648,candidate_1,candidate_2,candidate_3,3,0.02
2649,candidate_1,candidate_2,candidate_3,3,0.02
2650,candidate_1,candidate_2,candidate_3,3,0.02
2651,candidate_1,candidate_2,candidate_3,3,0.02
2652,candidate_1,candidate_2,candidate_3,3,0.02
2653,candidate_1,candidate_2,candidate_3,3,0.02
2654,candidate_1,candidate_2,candidate_3,3,0.02
2655,candidate_1,candidate_2,candidate_3,3,0.02
2656,candidate_1,candidate_2,candidate_3,3,0.02
2657,candidate_1,candidate_2,candidate_3,3,0.02
2658,candidate_1,candidate_2,candidate_3,3,0.02
2659,candidate_1,candidate_2,candidate_3,3,0.02
2660,candidate_1,candidate_2,candidate_3,3,0.02
2661,candidate_1,candidate_2,candidate_3,3,0.02
2662,candidate_1,candidate_2,candidate_3,3,0.02
2663,candidate_1,candidate_2,candidate_3,3,0.02
2664,candidate_1,candidate_2,candidate_3,3,0.02
2665,candidate_1,candidate_2,candidate_3,3,0.02
2666,candidate_1,candidate_2,candidate_3,3,0.02
2667,candidate_1,candidate_2,candidate_3,3,0.02
2668,candidate_1,candidate_2,candidate_3,3,0.02
2669,candidate_1,candidate_2,0,3,0.02
2670,candidate_1,candidate_2,candidate_3,3,0.02
2671,candidate_1,candidate_2,candidate_3,3,0.02
2672,candidate_1,candidate_2,candidate_3,3,0.02
2673,candidate_1,0,candidate_3,3,0.02
2674,candidate_1,candidate_2,candidate_3,3,0.02
2675,candidate_1,candidate_2,candidate_3,3,0.02
2676,candidate_1,candidate_2,candidate_3,3,0.02
2677,candidate_1,candidate_2,candidate_3,3,0.02
2678,candidate_1,candidate_2,candidate_3,3,0.02
2679,candidate_1,candidate_2,candidate_3,3,0.02
2680,candidate_1,candidate_2,candidate_3,3,0.02
2681,candidate_1,candidate_2,candidate_3,3,0.02
2682,candidate_1,candidate_2,candidate_3,3,0.02
2683,candidate_1,candidate_2,candidate_3,3,0.02
2684,candidate_1,candidate_2,candidate_3,3,0.02
2685,candidate_1,candidate_2,candidate_3,3,0.02
2686,candidate_1,candidate_2,candidate_3,3,0.02
2687,candidate_1,candidate_2,candidate_3,3,0.02
2688,candidate_1,candidate_2,candidate_3,3,0.02
2689,candidate_1,candidate_2,candidate_3,3,0.02
2690,candidate_1,candidate_2,candidate_3,3,0.02
2691,candidate_1,candidate_2,candidate_3,3,0.02
2692,candidate_1,candidate_2,candidate_3,3,0.02
2693,candidate_1,candidate_2,candidate_3,3,0.02
2694,candidate_1,candidate_2,candidate_3,3,0.02
2695,candidate_1,candidate_2,candidate_3,3,0.02
2696,candidate_1,candidate_2,candidate_3,3,0.02
2697,candidate_1,candidate_2,candidate_3,3,0.02
2698,candidate_1,candidate_2,candidate_3,3,0.02
2699,candidate_1,candidate_2,candidate_3,3,0.02
2700,candidate_1,candidate_2,candidate_3,3,0.02
2701,candidate_1,candidate_2,candidate_3,3,0.02
2702,candidate_1,candidate_2,candidate_3,3,0.02
2703,candidate_1,candidate_2,candidate_3,3,0.02
2704,candidate_1,candidate_2,candidate_3,3,0.02
2705,candidate_1,candidate_2,candidate_3,3,0.02
2706,candidate_1,candidate_2,candidate_3,3,0.02
2707,candidate_1,candidate_2,candidate_3,3,0.02
2708,0,candidate_2,candidate_3,3,0.02
2709,candidate_1,candidate_2,candidate_3,3,0.02
2710,candidate_1,candidate_2,candidate_3,3,0.02
2711,candidate_1,candidate_2,candidate_3,3,0.02
2712,candidate_1,candidate_2,candidate_3,3,0.02
2713,candidate_1,candidate_2,candidate_3,3,0.02
2714,candidate_1,candidate_2,candidate_3,3,0.02
2715,candidate_1,candidate_2,candidate_3,3,0.02
2716,candidate_1,candidate_2,candidate_3,3,0.02
2717,candidate_1,candidate_2,candidate_3,3,0.02
2718,candidate_1,candidate_2,candidate_3,3,0.02
2719,candidate_1,candidate_2,candidate_3,3,0.02
2720,candidate_1,candidate_2,candidate_3,3,0.02
2721,candidate_1,candidate_2,candidate_3,3,0.02
2722,candidate_1,candidate_2,candidate_3,3,0.02
2723,candidate_1,candidate_2,candidate_3,3,0.02
2724,candidate_1,candidate_2,candidate_3,3,0.02
2725,candidate_1,candidate_2,candidate_3,3,0.02
2726,candidate_1,candidate_2,candidate_3,3,0.02
2727,0,candidate_2,candidate_3,3,0.02
2728,candidate_1,candidate_2,candidate_3,3,0.02
2729,candidate_1,candidate_2,candidate_3,3,0.02
2730,candidate_1,candidate_2,candidate_3,3,0.02
2731,candidate_1,candidate_2,candidate_3,3,0.02
2732,candidate_1,candidate_2,candidate_3,3,0.02
2733,candidate_1,candidate_2,candidate_3,3,0.02
2734,candidate_1,candidate_2,candidate_3,3,0.02
2735,candidate_1,candidate_2,candidate_3,3,0.02
2736,candidate_1,candidate_2,candidate_3,3,0.02
2737,candidate_1,candidate_2,candidate_3,3,0.02
2738,candidate_1,candidate_2,candidate_3,3,0.02
2739,candidate_1,candidate_2,candidate_3,3,0.02
2740,candidate_1,candidate_2,candidate_3,3,0.02
2741,candidate_1,candidate_2,candidate_3,3,0.02
2742,candidate_1,candidate_2,candidate_3,3,0.02
2743,candidate_1,candidate_2,candidate_3,3,0.02
2744,candidate_1,candidate_2,candidate_3,3,0.02
2745,candidate_1,candidate_2,candidate_3,3,0.02
2746,candidate_1,candidate_2,candidate_3,3,0.02
2747,candidate_1,candidate_2,candidate_3,3,0.02
2748,candidate_1,0,candidate_3,3,0.02
2749,candidate_1,candidate_2,candidate_3,3,0.02
2750,candidate_1,candidate_2,candidate_3,3,0.02
2751,candidate_1,candidate_2,candidate_3,3,0.02
2752,candidate_1,candidate_2,candidate_3,3,0.02
2753,candidate_1,candidate_2,candidate_3,3,0.02
2754,candidate_1,candidate_2,candidate_3,3,0.02
2755,candidate_1,candidate_2,candidate_3,3,0.02
2756,candidate_1,candidate_2,candidate_3,3,0.02
2757,candidate_1,0,candidate_3,3,0.02
2758,candidate_1,candidate_2,candidate_3,3,0.02
2759,candidate_1,0,candidate_3,3,0.02
2760,candidate_1,candidate_2,candidate_3,3,0.02
2761,candidate_1,candidate_2,candidate_3,3,0.02
2762,candidate_1,candidate_2,candidate_3,3,0.02
2763,candidate_1,candidate_2,candidate_3,3,0.02
2764,candidate_1,candidate_2,candidate_3,3,0.02
2765,candidate_1,candidate_2,candidate_3,3,0.02
2766,candidate_1,candidate_2,candidate_3,3,0.02
2767,candidate_1,candidate_2,candidate_3,3,0.02
2768,candidate_1,candidate_2,candidate_3,3,0.02
2769,candidate_1,candidate_2,candidate_3,3,0.02
2770,candidate_1,candidate_2,candidate_3,3,0.02
2771,candidate_1,candidate_2,candidate_3,3,0.02
2772,candidate_1,candidate_2,candidate_3,3,0.02
2773,candidate_1,candidate_2,candidate_3,3,0.02
2774,candidate_1,candidate_2,candidate_3,3,0.02
2775,candidate_1,candidate_2,candidate_3,3,0.02
2776,candidate_1,candidate_2,candidate_3,3,0.02
2777,candidate_1,candidate_2,candidate_3,3,0.02
2778,0,candidate_2,candidate_3,3,0.02
2779,candidate_1,candidate_2,candidate_3,3,0.02
2780,candidate_1,candidate_2,candidate_3,3,0.02
2781,candidate_1,candidate_2,candidate_3,3,0.02
2782,candidate_1,candidate_2,candidate_3,3,0.02
2783,candidate_1,candidate_2,candidate_3,3,0.02
2784,candidate_1,candidate_2,candidate_3,3,0.02
2785,candidate_1,candidate_2,candidate_3,3,0.02
2786,candidate_1,candidate_2,candidate_3,3,0.02
2787,candidate_1,candidate_2,candidate_3,3,0.02
2788,candidate_1,candidate_2,candidate_3,3,0.02
2789,candidate_1,candidate_2,candidate_3,3,0.02
2790,candidate_1,candidate_2,candidate_3,3,0.02
2791,candidate_1,candidate_2,candidate_3,3,0.02
2792,candidate_1,candidate_2,candidate_3,3,0.02
2793,candidate_1,candidate_2,candidate_3,3,0.02
2794,candidate_1,candidate_2,candidate_3,3,0.02
2795,candidate_1,candidate_2,candidate_3,3,0.02
2796,candidate_1,candidate_2,candidate_3,3,0.02
2797,candidate_1,candidate_2,candidate_3,3,0.02
2798,candidate_1,candidate_2,candidate_3,3,0.02
2799,candidate_1,candidate_2,candidate_3,3,0.02
2800,candidate_1,candidate_2,candidate_3,3,0.02
2801,candidate_1,candidate_2,candidate_3,3,0.02
2802,candidate_1,candidate_2,candidate_3,3,0.02
2803,candidate_1,candidate_2,candidate_3,3,0.02
2804,candidate_1,candidate_2,candidate_3,3,0.02
2805,candidate_1,candidate_2,candidate_3,3,0.02
2806,candidate_1,candidate_2,candidate_3,3,0.02
2807,candidate_1,candidate_2,candidate_3,3,0.02
2808,candidate_1,candidate_2,candidate_3,3,0.02
2809,candidate_1,candidate_2,candidate_3,3,0.02
2810,candidate_1,candidate_2,candidate_3,3,0.02
2811,candidate_1,candidate_2,candidate_3,3,0.02
2812,candidate_1,candidate_2,candidate_3,3,0.02
2813,candidate_1,0,candidate_3,3,0.02
2814,candidate_1,candidate_2,candidate_3,3,0.02
2815,candidate_1,candidate_2,candidate_3,3,0.02
2816,candidate_1,candidate_2,candidate_3,3,0.02
2817,candidate_1,candidate_2,candidate_3,3,0.02
2818,candidate_1,candidate_2,candidate_3,3,0.02
2819,candidate_1,candidate_2,candidate_3,3,0.02
2820,candidate_1,candidate_2,candidate_3,3,0.02
2821,candidate_1,candidate_2,candidate_3,3,0.02
2822,candidate_1,candidate_2,candidate_3,3,0.02
2823,candidate_1,candidate_2,candidate_3,3,0.02
2824,candidate_1,candidate_2,candidate_3,3,0.02
2825,candidate_1,candidate_2,candidate_3,3,0.02
2826,candidate_1,candidate_2,candidate_3,3,0.02
2827,candidate_1,candidate_2,candidate_3,3,0.02
2828,candidate_1,candidate_2,candidate_3,3,0.02
2829,candidate_1,candidate_2,candidate_3,3,0.02
2830,candidate_1,candidate_2,candidate_3,3,0.02
2831,candidate_1,candidate_2,candidate_3,3,0.02
2832,candidate_1,candidate_2,candidate_3,3,0.02
2833,candidate_1,candidate_2,candidate_3,3,0.02
2834,candidate_1,candidate_2,candidate_3,3,0.02
2835,candidate_1,candidate_2,candidate_3,3,0.02
2836,candidate_1,candidate_2,candidate_3,3,0.02
2837,candidate_1,candidate_2,candidate_3,3,0.02
2838,candidate_1,candidate_2,candidate_3,3,0.02
2839,candidate_1,candidate_2,candidate_3,3,0.02
2840,candidate_1,candidate_2,candidate_3,3,0.02
2841,candidate_1,candidate_2,candidate_3,3,0.02
2842,candidate_1,0,candidate_3,3,0.02
2843,candidate_1,candidate_2,candidate_3,3,0.02
2844,candidate_1,candidate_2,candidate_3,3,0.02
2845,candidate_1,candidate_2,candidate_3,3,0.02
2846,candidate_1,candidate_2,candidate_3,3,0.02
2847,candidate_1,candidate_2,candidate_3,3,0.02
2848,candidate_1,candidate_2,candidate_3,3,0.02
2849,candidate_1,candidate_2,candidate_3,3,0.02
2850,candidate_1,candidate_2,candidate_3,3,0.02
2851,candidate_1,candidate_2,candidate_3,3,0.02
2852,0,candidate_2,candidate_3,3,0.02
2853,candidate_1,candidate_2,candidate_3,3,0.02
2854,candidate_1,candidate_2,candidate_3,3,0.02
2855,candidate_1,candidate_2,candidate_3,3,0.02
2856,candidate_1,candidate_2,candidate_3,3,0.02
2857,candidate_1,candidate_2,candidate_3,3,0.02
2858,candidate_1,candidate_2,candidate_3,3,0.02
2859,candidate_1,candidate_2,candidate_3,3,0.02
2860,candidate_1,candidate_2,candidate_3,3,0.02
2861,candidate_1,candidate_2,candidate_3,3,0.02
2862,candidate_1,candidate_2,candidate_3,3,0.02
2863,candidate_1,candidate_2,candidate_3,3,0.02
2864,candidate_1,candidate_2,candidate_3,3,0.02
2865,candidate_1,candidate_2,candidate_3,3,0.02
2866,candidate_1,candidate_2,candidate_3,3,0.02
2867,candidate_1,candidate_2,candidate_3,3,0.02
2868,candidate_1,candidate_2,candidate_3,3,0.02
2869,candidate_1,candidate_2,0,3,0.02
2870,candidate_1,candidate_2,candidate_3,3,0.02
2871,candidate_1,candidate_2,candidate_3,3,0.02
2872,candidate_1,candidate_2,candidate_3,3,0.02
2873,candidate_1,candidate_2,candidate_3,3,0.02
2874,candidate_1,candidate_2,candidate_3,3,0.02
2875,candidate_1,candidate_2,candidate_3,3,0.02
2876,candidate_1,candidate_2,candidate_3,3,0.02
2877,candidate_1,candidate_2,candidate_3,3,0.02
2878,candidate_1,candidate_2,candidate_3,3,0.02
2879,candidate_1,candidate_2,candidate_3,3,0.02
2880,candidate_1,candidate_2,candidate_3,3,0.02
2881,candidate_1,candidate_2,candidate_3,3,0.02
2882,0,candidate_2,candidate_3,3,0.02
2883,candidate_1,candidate_2,candidate_3,3,0.02
2884,candidate_1,candidate_2,candidate_3,3,0.02
2885,candidate_1,candidate_2,candidate_3,3,0.02
2886,candidate_1,candidate_2,candidate_3,3,0.02
2887,candidate_1,candidate_2,candidate_3,3,0.02
2888,candidate_1,candidate_2,candidate_3,3,0.02
2889,candidate_1,candidate_2,candidate_3,3,0.02
2890,candidate_1,candidate_2,candidate_3,3,0.02
2891,candidate_1,candidate_2,candidate_3,3,0.02
2892,candidate_1,candidate_2,candidate_3,3,0.02
2893,candidate_1,candidate_2,candidate_3,3,0.02
2894,candidate_1,candidate_2,candidate_3,3,0.02
2895,candidate_1,candidate_2,candidate_3,3,0.02
2896,candidate_1,candidate_2,candidate_3,3,0.02
2897,candidate_1,candidate_2,candidate_3,3,0.02
2898,candidate_1,candidate_2,candidate_3,3,0.02
2899,candidate_1,candidate_2,candidate_3,3,0.02
2900,0,candidate_2,candidate_3,3,0.02
2901,candidate_1,candidate_2,candidate_3,3,0.02
2902,candidate_1,candidate_2,candidate_3,3,0.02
2903,candidate_1,candidate_2,candidate_3,3,0.02
2904,candidate_1,candidate_2,candidate_3,3,0.02
2905,candidate_1,candidate_2,candidate_3,3,0.02
2906,candidate_1,candidate_2,candidate_3,3,0.02
2907,candidate_1,candidate_2,candidate_3,3,0.02
2908,candidate_1,candidate_2,candidate_3,3,0.02
2909,candidate_1,candidate_2,candidate_3,3,0.02
2910,candidate_1,candidate_2,candidate_3,3,0.02
2911,candidate_1,candidate_2,candidate_3,3,0.02
2912,candidate_1,candidate_2,candidate_3,3,0.02
2913,candidate_1,candidate_2,candidate_3,3,0.02
2914,candidate_1,candidate_2,candidate_3,3,0.02
2915,candidate_1,candidate_2,candidate_3,3,0.02
2916,candidate_1,candidate_2,candidate_3,3,0.02
2917,candidate_1,candidate_2,candidate_3,3,0.02
2918,candidate_1,0,candidate_3,3,0.02
2919,candidate_1,candidate_2,candidate_3,3,0.02
2920,candidate_1,candidate_2,candidate_3,3,0.02
2921,candidate_1,candidate_2,candidate_3,3,0.02
2922,candidate_1,candidate_2,candidate_3,3,0.02
2923,candidate_1,candidate_2,candidate_3,3,0.02
2924,candidate_1,candidate_2,candidate_3,3,0.02
2925,candidate_1,candidate_2,candidate_3,3,0.02
2926,candidate_1,candidate_2,candidate_3,3,0.02
2927,candidate_1,candidate_2,candidate_3,3,0.02
2928,candidate_1,candidate_2,candidate_3,3,0.02
2929,candidate_1,candidate_2,candidate_3,3,0.02
2930,candidate_1,candidate_2,candidate_3,3,0.02
2931,candidate_1,0,candidate_3,3,0.02
2932,candidate_1,candidate_2,candidate_3,3,0.02
2933,candidate_1,candidate_2,candidate_3,3,0.02
2934,0,candidate_2,candidate_3,3,0.02
2935,candidate_1,candidate_2,candidate_3,3,0.02
2936,candidate_1,candidate_2,candidate_3,3,0.02
2937,candidate_1,candidate_2,candidate_3,3,0.02
2938,candidate_1,candidate_2,candidate_3,3,0.02
2939,candidate_1,candidate_2,candidate_3,3,0.02
2940,candidate_1,candidate_2,candidate_3,3,0.02
2941,candidate_1,candidate_2,candidate_3,3,0.02
2942,candidate_1,candidate_2,candidate_3,3,0.02
2943,candidate_1,candidate_2,candidate_3,3,0.02
2944,candidate_1,candidate_2,candidate_3,3,0.02
2945,candidate_1,candidate_2,candidate_3,3,0.02
2946,candidate_1,candidate_2,candidate_3,3,0.02
2947,candidate_1,candidate_2,candidate_3,3,0.02
2948,candidate_1,candidate_2,candidate_3,3,0.02
2949,candidate_1,candidate_2,candidate_3,3,0.02
2950,candidate_1,candidate_2,candidate_3,3,0.02
2951,candidate_1,candidate_2,candidate_3,3,0.02
2952,candidate_1,candidate_2,candidate_3,3,0.02
2953,candidate_1,candidate_2,candidate_3,3,0.02
2954,candidate_1,candidate_2,candidate_3,3,0.02
2955,candidate_1,candidate_2,candidate_3,3,0.02
2956,candidate_1,candidate_2,candidate_3,3,0.02
2957,candidate_1,candidate_2,candidate_3,3,0.02
2958,candidate_1,candidate_2,candidate_3,3,0.02
2959,candidate_1,candidate_2,candidate_3,3,0.02
2960,candidate_1,candidate_2,candidate_3,3,0.02
2961,candidate_1,0,candidate_3,3,0.02
2962,candidate_1,candidate_2,candidate_3,3,0.02
2963,candidate_1,candidate_2,candidate_3,3,0.02
2964,candidate_1,candidate_2,candidate_3,3,0.02
2965,candidate_1,candidate_2,candidate_3,3,0.02
2966,candidate_1,candidate_2,candidate_3,3,0.02
2967,candidate_1,candidate_2,candidate_3,3,0.02
2968,candidate_1,candidate_2,candidate_3,3,0.02
2969,0,candidate_2,candidate_3,3,0.02
2970,candidate_1,candidate_2,candidate_3,3,0.02
2971,candidate_1,candidate_2,candidate_3,3,0.02
2972,candidate_1,candidate_2,candidate_3,3,0.02
2973,candidate_1,candidate_2,candidate_3,3,0.02
2974,candidate_1,candidate_2,candidate_3,3,0.02
2975,candidate_1,candidate_2,candidate_3,3,0.02
2976,candidate_1,candidate_2,candidate_3,3,0.02
2977,candidate_1,candidate_2,candidate_3,3,0.02
2978,candidate_1,candidate_2,candidate_3,3,0.02
2979,candidate_1,candidate_2,candidate_3,3,0.02
2980,candidate_1,candidate_2,candidate_3,3,0.02
2981,candidate_1,candidate_2,candidate_3,3,0.02
2982,candidate_1,0,candidate_3,3,0.02
2983,candidate_1,candidate_2,candidate_3,3,0.02
2984,candidate_1,candidate_2,candidate_3,3,0.02
2985,candidate_1,candidate_2,candidate_3,3,0.02
2986,candidate_1,candidate_2,candidate_3,3,0.02
2987,candidate_1,candidate_2,candidate_3,3,0.02
2988,candidate_1,candidate_2,candidate_3,3,0.02
2989,candidate_1,candidate_2,candidate_3,3,0.02
2990,candidate_1,candidate_2,candidate_3,3,0.02
2991,candidate_1,candidate_2,candidate_3,3,0.02
2992,candidate_1,candidate_2,candidate_3,3,0.02
2993,candidate_1,candidate_2,candidate_3,3,0.02
2994,candidate_1,candidate_2,candidate_3,3,0.02
2995,candidate_1,candidate_2,candidate_3,3,0.02
2996,candidate_1,candidate_2,candidate_3,3,0.02
2997,candidate_1,candidate_2,candidate_3,3,0.02
2998,candidate_1,candidate_2,candidate_3,3,0.02
2999,candidate_1,candidate_2,candidate_3,3,0.02
3000,candidate_1,candidate_2,candidate_3,3,0.02
3001,candidate_1,candidate_2,candidate_3,3,0.02
3002,candidate_1,candidate_2,candidate_3,3,0.02
3003,candidate_1,candidate_2,candidate_3,3,0.02
3004,candidate_1,candidate_2,candidate_3,3,0.02
3005,candidate_1,candidate_2,candidate_3,3,0.02
3006,candidate_1,candidate_2,candidate_3,3,0.02
3007,candidate_1,candidate_2,candidate_3,3,0.02
3008,candidate_1,candidate_2,candidate_3,3,0.02
3009,candidate_1,candidate_2,candidate_3,3,0.02
3010,candidate_1,candidate_2,candidate_3,3,0.02
3011,candidate_1,candidate_2,candidate_3,3,0.02
3012,candidate_1,candidate_2,candidate_3,3,0.02
3013,candidate_1,candidate_2,candidate_3,3,0.02
3014,candidate_1,candidate_2,candidate_3,3,0.02
3015,candidate_1,candidate_2,candidate_3,3,0.02
3016,candidate_1,candidate_2,0,3,0.02
3017,candidate_1,candidate_2,candidate_3,3,0.02
3018,candidate_1,candidate_2,candidate_3,3,0.02
3019,candidate_1,candidate_2,candidate_3,3,0.02
3020,candidate_1,candidate_2,candidate_3,3,0.02
3021,candidate_1,candidate_2,candidate_3,3,0.02
3022,candidate_1,candidate_2,candidate_3,3,0.02
3023,candidate_1,candidate_2,candidate_3,3,0.02
3024,candidate_1,candidate_2,candidate_3,3,0.02
3025,candidate_1,candidate_2,candidate_3,3,0.02
3026,candidate_1,candidate_2,candidate_3,3,0.02
3027,candidate_1,candidate_2,candidate_3,3,0.02
3028,candidate_1,candidate_2,candidate_3,3,0.02
3029,candidate_1,candidate_2,candidate_3,3,0.02
3030,candidate_1,candidate_2,candidate_3,3,0.02
3031,candidate_1,candidate_2,candidate_3,3,0.02
3032,candidate_1,candidate_2,candidate_3,3,0.02
3033,candidate_1,candidate_2,candidate_3,3,0.02
3034,candidate_1,candidate_2,candidate_3,3,0.02
3035,candidate_1,candidate_2,candidate_3,3,0.02
3036,candidate_1,candidate_2,candidate_3,3,0.02
3037,candidate_1,candidate_2,candidate_3,3,0.02
3038,candidate_1,candidate_2,candidate_3,3,0.02
3039,candidate_1,candidate_2,candidate_3,3,0.02
3040,candidate_1,candidate_2,candidate_3,3,0.02
3041,candidate_1,candidate_2,candidate_3,3,0.02
3042,0,candidate_2,candidate_3,3,0.02
3043,candidate_1,candidate_2,candidate_3,3,0.02
3044,candidate_1,candidate_2,candidate_3,3,0.02
3045,candidate_1,candidate_2,candidate_3,3,0.02
3046,candidate_1,candidate_2,candidate_3,3,0.02
3047,candidate_1,candidate_2,candidate_3,3,0.02
3048,candidate_1,candidate_2,candidate_3,3,0.02
3049,candidate_1,candidate_2,candidate_3,3,0.02
3050,candidate_1,candidate_2,candidate_3,3,0.02
3051,candidate_1,candidate_2,candidate_3,3,0.02
3052,candidate_1,candidate_2,candidate_3,3,0.02
3053,candidate_1,candidate_2,candidate_3,3,0.02
3054,candidate_1,candidate_2,candidate_3,3,0.02
3055,candidate_1,candidate_2,candidate_3,3,0.02
3056,candidate_1,candidate_2,candidate_3,3,0.02
3057,candidate_1,candidate_2,candidate_3,3,0.02
3058,candidate_1,candidate_2,candidate_3,3,0.02
3059,candidate_1,candidate_2,candidate_3,3,0.02
3060,candidate_1,candidate_2,candidate_3,3,0.02
3061,candidate_1,candidate_2,candidate_3,3,0.02
3062,candidate_1,candidate_2,candidate_3,3,0.02
3063,candidate_1,candidate_2,candidate_3,3,0.02
3064,candidate_1,candidate_2,candidate_3,3,0.02
3065,candidate_1,candidate_2,candidate_3,3,0.02
3066,candidate_1,candidate_2,candidate_3,3,0.02
3067,candidate_1,candidate_2,candidate_3,3,0.02
3068,candidate_1,candidate_2,candidate_3,3,0.02
3069,candidate_1,candidate_2,candidate_3,3,0.02
3070,candidate_1,candidate_2,candidate_3,3,0.02
3071,candidate_1,candidate_2,candidate_3,3,0.02
3072,candidate_1,candidate_2,candidate_3,3,0.02
3073,candidate_1,candidate_2,candidate_3,3,0.02
3074,candidate_1,candidate_2,candidate_3,3,0.02
3075,candidate_1,candidate_2,candidate_3,3,0.02
3076,candidate_1,0,candidate_3,3,0.02
3077,candidate_1,candidate_2,candidate_3,3,0.02
3078,candidate_1,candidate_2,candidate_3,3,0.02
3079,candidate_1,candidate_2,candidate_3,3,0.02
3080,candidate_1,candidate_2,candidate_3,3,0.02
3081,candidate_1,candidate_2,candidate_3,3,0.02
3082,candidate_1,candidate_2,candidate_3,3,0.02
3083,candidate_1,candidate_2,candidate_3,3,0.02
3084,candidate_1,candidate_2,candidate_3,3,0.02
3085,candidate_1,candidate_2,candidate_3,3,0.02
3086,candidate_1,candidate_2,candidate_3,3,0.02
3087,candidate_1,candidate_2,candidate_3,3,0.02
3088,candidate_1,candidate_2,candidate_3,3,0.02
3089,candidate_1,candidate_2,candidate_3,3,0.02
3090,candidate_1,candidate_2,candidate_3,3,0.02
3091,candidate_1,candidate_2,candidate_3,3,0.02
3092,candidate_1,candidate_2,candidate_3,3,0.02
3093,candidate_1,candidate_2,candidate_3,3,0.02
3094,candidate_1,candidate_2,candidate_3,3,0.02
3095,candidate_1,candidate_2,candidate_3,3,0.02
3096,candidate_1,candidate_2,candidate_3,3,0.02
3097,candidate_1,candidate_2,candidate_3,3,0.02
3098,candidate_1,candidate_2,candidate_3,3,0.02
3099,candidate_1,candidate_2,candidate_3,3,0.02
3100,candidate_1,candidate_2,candidate_3,3,0.02
3101,candidate_1,candidate_2,candidate_3,3,0.02
3102,candidate_1,candidate_2,candidate_3,3,0.02
3103,candidate_1,candidate_2,candidate_3,3,0.02
3104,candidate_1,candidate_2,candidate_3,3,0.02
3105,candidate_1,candidate_2,candidate_3,3,0.02
3106,candidate_1,candidate_2,candidate_3,3,0.02
3107,candidate_1,candidate_2,candidate_3,3,0.02
3108,candidate_1,candidate_2,candidate_3,3,0.02
3109,candidate_1,candidate_2,candidate_3,3,0.02
3110,candidate_1,candidate_2,candidate_3,3,0.02
3111,candidate_1,candidate_2,candidate_3,3,0.02
3112,candidate_1,candidate_2,candidate_3,3,0.02
3113,candidate_1,candidate_2,candidate_3,3,0.02
3114,candidate_1,candidate_2,candidate_3,3,0.02
3115,candidate_1,candidate_2,candidate_3,3,0.02
3116,candidate_1,candidate_2,candidate_3,3,0.02
3117,candidate_1,candidate_2,candidate_3,3,0.02
3118,candidate_1,candidate_2,candidate_3,3,0.02
3119,candidate_1,candidate_2,candidate_3,3,0.02
3120,candidate_1,candidate_2,candidate_3,3,0.02
3121,candidate_1,candidate_2,candidate_3,3,0.02
3122,candidate_1,candidate_2,candidate_3,3,0.02
3123,candidate_1,candidate_2,candidate_3,3,0.02
3124,candidate_1,candidate_2,candidate_3,3,0.02
3125,candidate_1,candidate_2,candidate_3,3,0.02
3126,candidate_1,candidate_2,candidate_3,3,0.02
3127,candidate_1,candidate_2,candidate_3,3,0.02
3128,candidate_1,candidate_2,candidate_3,3,0.02
3129,candidate_1,candidate_2,candidate_3,3,0.02
3130,candidate_1,candidate_2,candidate_3,3,0.02
3131,candidate_1,candidate_2,candidate_3,3,0.02
3132,candidate_1,candidate_2,candidate_3,3,0.02
3133,candidate_1,candidate_2,candidate_3,3,0.02
3134,candidate_1,candidate_2,candidate_3,3,0.02
3135,candidate_1,candidate_2,candidate_3,3,0.02
3136,candidate_1,candidate_2,candidate_3,3,0.02
3137,candidate_1,candidate_2,candidate_3,3,0.02
3138,candidate_1,candidate_2,candidate_3,3,0.02
3139,candidate_1,candidate_2,candidate_3,3,0.02
3140,candidate_1,candidate_2,candidate_3,3,0.02
3141,candidate_1,candidate_2,candidate_3,3,0.02
3142,candidate_1,candidate_2,candidate_3,3,0.02
3143,candidate_1,candidate_2,candidate_3,3,0.02
3144,candidate_1,candidate_2,candidate_3,3,0.02
3145,candidate_1,candidate_2,candidate_3,3,0.02
3146,candidate_1,candidate_2,candidate_3,3,0.02
3147,candidate_1,candidate_2,candidate_3,3,0.02
3148,candidate_1,candidate_2,candidate_3,3,0.02
3149,candidate_1,candidate_2,candidate_3,3,0.02
3150,candidate_1,0,0,3,0.02
3151,candidate_1,candidate_2,0,3,0.02
3152,candidate_1,candidate_2,candidate_3,3,0.02
3153,candidate_1,candidate_2,candidate_3,3,0.02
3154,candidate_1,candidate_2,candidate_3,3,0.02
3155,candidate_1,candidate_2,candidate_3,3,0.02
3156,candidate_1,candidate_2,candidate_3,3,0.02
3157,candidate_1,candidate_2,candidate_3,3,0.02
3158,candidate_1,candidate_2,candidate_3,3,0.02
3159,candidate_1,candidate_2,candidate_3,3,0.02
3160,candidate_1,candidate_2,candidate_3,3,0.02
3161,0,candidate_2,candidate_3,3,0.02
3162,candidate_1,candidate_2,candidate_3,3,0.02
3163,candidate_1,candidate_2,candidate_3,3,0.02
3164,candidate_1,candidate_2,candidate_3,3,0.02
3165,candidate_1,0,candidate_3,3,0.02
3166,candidate_1,candidate_2,candidate_3,3,0.02
3167,candidate_1,candidate_2,candidate_3,3,0.02
3168,candidate_1,candidate_2,candidate_3,3,0.02
3169,candidate_1,candidate_2,candidate_3,3,0.02
3170,candidate_1,candidate_2,0,3,0.02
3171,candidate_1,candidate_2,candidate_3,3,0.02
3172,candidate_1,candidate_2,candidate_3,3,0.02
3173,candidate_1,candidate_2,candidate_3,3,0.02
3174,candidate_1,candidate_2,0,3,0.02
3175,candidate_1,candidate_2,candidate_3,3,0.02
3176,candidate_1,candidate_2,candidate_3,3,0.02
3177,candidate_1,candidate_2,candidate_3,3,0.02
3178,candidate_1,candidate_2,candidate_3,3,0.02
3179,candidate_1,candidate_2,candidate_3,3,0.02
3180,0,candidate_2,candidate_3,3,0.02
3181,candidate_1,candidate_2,candidate_3,3,0.02
3182,candidate_1,candidate_2,candidate_3,3,0.02
3183,candidate_1,candidate_2,candidate_3,3,0.02
3184,candidate_1,candidate_2,candidate_3,3,0.02
3185,candidate_1,candidate_2,candidate_3,3,0.02
3186,0,candidate_2,candidate_3,3,0.02
3187,candidate_1,candidate_2,candidate_3,3,0.02
3188,candidate_1,candidate_2,candidate_3,3,0.02
3189,candidate_1,candidate_2,candidate_3,3,0.02
3190,candidate_1,candidate_2,candidate_3,3,0.02
3191,candidate_1,candidate_2,candidate_3,3,0.02
3192,candidate_1,0,candidate_3,3,0.02
3193,candidate_1,candidate_2,candidate_3,3,0.02
3194,candidate_1,candidate_2,candidate_3,3,0.02
3195,candidate_1,candidate_2,candidate_3,3,0.02
3196,candidate_1,candidate_2,candidate_3,3,0.02
3197,candidate_1,candidate_2,candidate_3,3,0.02
3198,candidate_1,candidate_2,candidate_3,3,0.02
3199,candidate_1,candidate_2,candidate_3,3,0.02
3200,candidate_1,candidate_2,candidate_3,3,0.02
3201,candidate_1,candidate_2,candidate_3,3,0.02
3202,candidate_1,candidate_2,candidate_3,3,0.02
3203,candidate_1,candidate_2,candidate_3,3,0.02
3204,candidate_1,candidate_2,candidate_3,3,0.02
3205,candidate_1,candidate_2,candidate_3,3,0.02
3206,0,candidate_2,candidate_3,3,0.02
3207,candidate_1,candidate_2,candidate_3,3,0.02
3208,candidate_1,candidate_2,candidate_3,3,0.02
3209,candidate_1,candidate_2,candidate_3,3,0.02
3210,candidate_1,candidate_2,candidate_3,3,0.02
3211,candidate_1,candidate_2,candidate_3,3,0.02
3212,candidate_1,candidate_2,candidate_3,3,0.02
3213,candidate_1,candidate_2,candidate_3,3,0.02
3214,candidate_1,candidate_2,candidate_3,3,0.02
3215,candidate_1,candidate_2,candidate_3,3,0.02
3216,candidate_1,candidate_2,candidate_3,3,0.02
3217,candidate_1,candidate_2,candidate_3,3,0.02
3218,candidate_1,candidate_2,candidate_3,3,0.02
3219,candidate_1,candidate_2,candidate_3,3,0.02
3220,candidate_1,candidate_2,candidate_3,3,0.02
3221,candidate_1,candidate_2,candidate_3,3,0.02
3222,candidate_1,candidate_2,candidate_3,3,0.02
3223,candidate_1,candidate_2,candidate_3,3,0.02
3224,candidate_1,candidate_2,candidate_3,3,0.02
3225,candidate_1,candidate_2,candidate_3,3,0.02
3226,candidate_1,candidate_2,candidate_3,3,0.02
3227,candidate_1,candidate_2,candidate_3,3,0.02
3228,candidate_1,candidate_2,candidate_3,3,0.02
3229,candidate_1,candidate_2,candidate_3,3,0.02
3230,candidate_1,candidate_2,candidate_3,3,0.02
3231,candidate_1,candidate_2,candidate_3,3,0.02
3232,candidate_1,candidate_2,candidate_3,3,0.02
3233,candidate_1,candidate_2,candidate_3,3,0.02
3234,candidate_1,candidate_2,candidate_3,3,0.02
3235,candidate_1,candidate_2,candidate_3,3,0.02
3236,candidate_1,candidate_2,candidate_3,3,0.02
3237,candidate_1,candidate_2,candidate_3,3,0.02
3238,candidate_1,candidate_2,candidate_3,3,0.02
3239,candidate_1,candidate_2,candidate_3,3,0.02
3240,candidate_1,candidate_2,candidate_3,3,0.02
3241,candidate_1,candidate_2,candidate_3,3,0.02
3242,candidate_1,candidate_2,candidate_3,3,0.02
3243,candidate_1,candidate_2,candidate_3,3,0.02
3244,candidate_1,candidate_2,candidate_3,3,0.02
3245,candidate_1,candidate_2,candidate_3,3,0.02
3246,candidate_1,0,candidate_3,3,0.02
3247,candidate_1,candidate_2,candidate_3,3,0.02
3248,candidate_1,candidate_2,candidate_3,3,0.02
3249,candidate_1,candidate_2,candidate_3,3,0.02
3250,candidate_1,candidate_2,candidate_3,3,0.02
3251,candidate_1,candidate_2,candidate_3,3,0.02
3252,candidate_1,candidate_2,candidate_3,3,0.02
3253,candidate_1,candidate_2,candidate_3,3,0.02
3254,candidate_1,candidate_2,candidate_3,3,0.02
3255,candidate_1,candidate_2,candidate_3,3,0.02
3256,candidate_1,candidate_2,candidate_3,3,0.02
3257,candidate_1,candidate_2,candidate_3,3,0.02
3258,candidate_1,candidate_2,candidate_3,3,0.02
3259,candidate_1,candidate_2,candidate_3,3,0.02
3260,candidate_1,candidate_2,candidate_3,3,0.02
3261,candidate_1,candidate_2,candidate_3,3,0.02
3262,candidate_1,candidate_2,candidate_3,3,0.02
3263,candidate_1,candidate_2,candidate_3,3,0.02
3264,candidate_1,candidate_2,candidate_3,3,0.02
3265,candidate_1,candidate_2,candidate_3,3,0.02
3266,candidate_1,candidate_2,candidate_3,3,0.02
3267,candidate_1,candidate_2,candidate_3,3,0.02
3268,candidate_1,candidate_2,candidate_3,3,0.02
3269,candidate_1,candidate_2,candidate_3,3,0.02
3270,candidate_1,candidate_2,candidate_3,3,0.02
3271,candidate_1,candidate_2,candidate_3,3,0.02
3272,candidate_1,candidate_2,candidate_3,3,0.02
3273,candidate_1,candidate_2,candidate_3,3,0.02
3274,candidate_1,candidate_2,candidate_3,3,0.02
3275,candidate_1,candidate_2,candidate_3,3,0.02
3276,candidate_1,candidate_2,candidate_3,3,0.02
3277,candidate_1,candidate_2,candidate_3,3,0.02
3278,candidate_1,candidate_2,candidate_3,3,0.02
3279,candidate_1,candidate_2,candidate_3,3,0.02
3280,candidate_1,candidate_2,candidate_3,3,0.02
3281,candidate_1,candidate_2,candidate_3,3,0.02
3282,candidate_1,candidate_2,candidate_3,3,0.02
3283,candidate_1,candidate_2,candidate_3,3,0.02
3284,candidate_1,candidate_2,candidate_3,3,0.02
3285,0,candidate_2,candidate_3,3,0.02
3286,candidate_1,candidate_2,candidate_3,3,0.02
3287,candidate_1,candidate_2,candidate_3,3,0.02
3288,candidate_1,candidate_2,candidate_3,3,0.02
3289,candidate_1,candidate_2,candidate_3,3,0.02
3290,candidate_1,candidate_2,candidate_3,3,0.02
3291,candidate_1,candidate_2,candidate_3,3,0.02
3292,candidate_1,candidate_2,candidate_3,3,0.02
3293,candidate_1,candidate_2,candidate_3,3,0.02
3294,candidate_1,candidate_2,candidate_3,3,0.02
3295,candidate_1,candidate_2,candidate_3,3,0.02
3296,candidate_1,0,candidate_3,3,0.02
3297,candidate_1,candidate_2,candidate_3,3,0.02
3298,candidate_1,candidate_2,candidate_3,3,0.02
3299,candidate_1,candidate_2,candidate_3,3,0.02
3300,candidate_1,candidate_2,candidate_3,3,0.02
3301,candidate_1,candidate_2,candidate_3,3,0.02
3302,candidate_1,candidate_2,candidate_3,3,0.02
3303,candidate_1,candidate_2,candidate_3,3,0.02
3304,candidate_1,candidate_2,candidate_3,3,0.02
3305,candidate_1,candidate_2,candidate_3,3,0.02
3306,candidate_1,candidate_2,candidate_3,3,0.02
3307,candidate_1,candidate_2,candidate_3,3,0.02
3308,candidate_1,candidate_2,candidate_3,3,0.02
3309,candidate_1,candidate_2,candidate_3,3,0.02
3310,candidate_1,candidate_2,candidate_3,3,0.02
3311,candidate_1,candidate_2,candidate_3,3,0.02
3312,candidate_1,candidate_2,candidate_3,3,0.02
3313,candidate_1,candidate_2,candidate_3,3,0.02
3314,candidate_1,candidate_2,candidate_3,3,0.02
3315,candidate_1,candidate_2,candidate_3,3,0.02
3316,candidate_1,candidate_2,candidate_3,3,0.02
3317,candidate_1,candidate_2,candidate_3,3,0.02
3318,candidate_1,candidate_2,candidate_3,3,0.02
3319,candidate_1,candidate_2,candidate_3,3,0.02
3320,candidate_1,candidate_2,candidate_3,3,0.02
3321,candidate_1,candidate_2,candidate_3,3,0.02
3322,candidate_1,candidate_2,candidate_3,3,0.02
3323,candidate_1,candidate_2,candidate_3,3,0.02
3324,candidate_1,candidate_2,candidate_3,3,0.02
3325,candidate_1,candidate_2,candidate_3,3,0.02
3326,candidate_1,candidate_2,candidate_3,3,0.02
3327,candidate_1,candidate_2,candidate_3,3,0.02
3328,candidate_1,candidate_2,candidate_3,3,0.02
3329,candidate_1,candidate_2,candidate_3,3,0.02
3330,candidate_1,candidate_2,candidate_3,3,0.02
3331,candidate_1,candidate_2,candidate_3,3,0.02
3332,candidate_1,candidate_2,candidate_3,3,0.02
3333,candidate_1,candidate_2,candidate_3,3,0.02
3334,candidate_1,candidate_2,candidate_3,3,0.02
3335,candidate_1,candidate_2,candidate_3,3,0.02
3336,candidate_1,candidate_2,candidate_3,3,0.02
3337,candidate_1,candidate_2,candidate_3,3,0.02
3338,candidate_1,candidate_2,candidate_3,3,0.02
3339,candidate_1,candidate_2,candidate_3,3,0.02
3340,candidate_1,candidate_2,candidate_3,3,0.02
3341,candidate_1,candidate_2,candidate_3,3,0.02
3342,candidate_1,candidate_2,candidate_3,3,0.02
3343,candidate_1,candidate_2,candidate_3,3,0.02
3344,candidate_1,candidate_2,candidate_3,3,0.02
3345,candidate_1,candidate_2,candidate_3,3,0.02
3346,candidate_1,candidate_2,candidate_3,3,0.02
3347,candidate_1,candidate_2,candidate_3,3,0.02
3348,candidate_1,candidate_2,candidate_3,3,0.02
3349,candidate_1,candidate_2,candidate_3,3,0.02
3350,candidate_1,candidate_2,candidate_3,3,0.02
3351,candidate_1,candidate_2,candidate_3,3,0.02
3352,candidate_1,candidate_2,candidate_3,3,0.02
3353,candidate_1,candidate_2,candidate_3,3,0.02
3354,candidate_1,candidate_2,candidate_3,3,0.02
3355,candidate_1,candidate_2,candidate_3,3,0.02
3356,candidate_1,candidate_2,candidate_3,3,0.02
3357,candidate_1,candidate_2,candidate_3,3,0.02
3358,candidate_1,candidate_2,candidate_3,3,0.02
3359,candidate_1,candidate_2,candidate_3,3,0.02
3360,candidate_1,candidate_2,candidate_3,3,0.02
3361,candidate_1,candidate_2,candidate_3,3,0.02
3362,candidate_1,candidate_2,candidate_3,3,0.02
3363,candidate_1,candidate_2,candidate_3,3,0.02
3364,candidate_1,candidate_2,candidate_3,3,0.02
3365,candidate_1,candidate_2,candidate_3,3,0.02
3366,candidate_1,candidate_2,candidate_3,3,0.02
3367,candidate_1,candidate_2,candidate_3,3,0.02
3368,candidate_1,candidate_2,candidate_3,3,0.02
3369,candidate_1,candidate_2,candidate_3,3,0.02
3370,candidate_1,candidate_2,candidate_3,3,0.02
3371,candidate_1,candidate_2,candidate_3,3,0.02
3372,0,candidate_2,candidate_3,3,0.02
3373,candidate_1,candidate_2,candidate_3,3,0.02
3374,candidate_1,candidate_2,candidate_3,3,0.02
3375,candidate_1,candidate_2,candidate_3,3,0.02
3376,candidate_1,candidate_2,candidate_3,3,0.02
3377,candidate_1,candidate_2,candidate_3,3,0.02
3378,candidate_1,candidate_2,candidate_3,3,0.02
3379,candidate_1,candidate_2,candidate_3,3,0.02
3380,candidate_1,candidate_2,candidate_3,3,0.02
3381,candidate_1,candidate_2,candidate_3,3,0.02
3382,candidate_1,candidate_2,candidate_3,3,0.02
3383,candidate_1,candidate_2,candidate_3,3,0.02
3384,candidate_1,candidate_2,candidate_3,3,0.02
3385,candidate_1,candidate_2,candidate_3,3,0.02
3386,candidate_1,candidate_2,candidate_3,3,0.02
3387,candidate_1,candidate_2,candidate_3,3,0.02
3388,candidate_1,candidate_2,candidate_3,3,0.02
3389,candidate_1,candidate_2,candidate_3,3,0.02
3390,candidate_1,candidate_2,candidate_3,3,0.02
3391,candidate_1,candidate_2,candidate_3,3,0.02
3392,candidate_1,candidate_2,candidate_3,3,0.02
3393,candidate_1,candidate_2,candidate_3,3,0.02
3394,candidate_1,candidate_2,candidate_3,3,0.02
3395,candidate_1,candidate_2,0,3,0.02
3396,candidate_1,candidate_2,candidate_3,3,0.02
3397,candidate_1,candidate_2,candidate_3,3,0.02
3398,candidate_1,candidate_2,candidate_3,3,0.02
3399,candidate_1,candidate_2,candidate_3,3,0.02
3400,candidate_1,candidate_2,candidate_3,3,0.02
3401,candidate_1,candidate_2,candidate_3,3,0.02
3402,candidate_1,candidate_2,candidate_3,3,0.02
3403,candidate_1,candidate_2,candidate_3,3,0.02
3404,candidate_1,candidate_2,candidate_3,3,0.02
3405,candidate_1,candidate_2,candidate_3,3,0.02
3406,candidate_1,candidate_2,candidate_3,3,0.02
3407,candidate_1,candidate_2,candidate_3,3,0.02
3408,candidate_1,candidate_2,candidate_3,3,0.02
3409,candidate_1,candidate_2,candidate_3,3,0.02
3410,candidate_1,candidate_2,candidate_3,3,0.02
3411,candidate_1,candidate_2,candidate_3,3,0.02
3412,candidate_1,candidate_2,candidate_3,3,0.02
3413,candidate_1,candidate_2,candidate_3,3,0.02
3414,candidate_1,candidate_2,candidate_3,3,0.02
3415,candidate_1,candidate_2,candidate_3,3,0.02
3416,candidate_1,candidate_2,candidate_3,3,0.02
3417,candidate_1,candidate_2,candidate_3,3,0.02
3418,candidate_1,candidate_2,candidate_3,3,0.02
3419,candidate_1,candidate_2,candidate_3,3,0.02
3420,candidate_1,candidate_2,candidate_3,3,0.02
3421,candidate_1,candidate_2,candidate_3,3,0.02
3422,candidate_1,candidate_2,candidate_3,3,0.02
3423,candidate_1,candidate_2,candidate_3,3,0.02
3424,candidate_1,candidate_2,candidate_3,3,0.02
3425,candidate_1,candidate_2,candidate_3,3,0.02
3426,candidate_1,0,candidate_3,3,0.02
3427,candidate_1,candidate_2,candidate_3,3,0.02
3428,candidate_1,candidate_2,candidate_3,3,0.02
3429,candidate_1,candidate_2,candidate_3,3,0.02
3430,candidate_1,candidate_2,candidate_3,3,0.02
3431,candidate_1,candidate_2,candidate_3,3,0.02
3432,candidate_1,candidate_2,candidate_3,3,0.02
3433,candidate_1,candidate_2,candidate_3,3,0.02
3434,candidate_1,0,candidate_3,3,0.02
3435,candidate_1,candidate_2,candidate_3,3,0.02
3436,candidate_1,candidate_2,candidate_3,3,0.02
3437,candidate_1,candidate_2,candidate_3,3,0.02
3438,candidate_1,candidate_2,candidate_3,3,0.02
3439,candidate_1,candidate_2,candidate_3,3,0.02
3440,candidate_1,candidate_2,candidate_3,3,0.02
3441,candidate_1,candidate_2,candidate_3,3,0.02
3442,candidate_1,candidate_2,candidate_3,3,0.02
3443,candidate_1,candidate_2,candidate_3,3,0.02
3444,candidate_1,candidate_2,candidate_3,3,0.02
3445,candidate_1,candidate_2,candidate_3,3,0.02
3446,candidate_1,candidate_2,candidate_3,3,0.02
3447,candidate_1,candidate_2,candidate_3,3,0.02
3448,candidate_1,candidate_2,candidate_3,3,0.02
3449,candidate_1,0,candidate_3,3,0.02
3450,candidate_1,candidate_2,candidate_3,3,0.02
3451,candidate_1,candidate_2,candidate_3,3,0.02
3452,candidate_1,candidate_2,candidate_3,3,0.02
3453,candidate_1,candidate_2,candidate_3,3,0.02
3454,candidate_1,candidate_2,candidate_3,3,0.02
3455,candidate_1,candidate_2,candidate_3,3,0.02
3456,candidate_1,candidate_2,candidate_3,3,0.02
3457,candidate_1,candidate_2,candidate_3,3,0.02
3458,candidate_1,candidate_2,candidate_3,3,0.02
3459,candidate_1,candidate_2,candidate_3,3,0.02
3460,candidate_1,0,candidate_3,3,0.02
3461,candidate_1,candidate_2,candidate_3,3,0.02
3462,candidate_1,candidate_2,candidate_3,3,0.02
3463,candidate_1,candidate_2,candidate_3,3,0.02
3464,candidate_1,candidate_2,candidate_3,3,0.02
3465,candidate_1,candidate_2,candidate_3,3,0.02
3466,candidate_1,candidate_2,candidate_3,3,0.02
3467,candidate_1,candidate_2,candidate_3,3,0.02
3468,candidate_1,candidate_2,candidate_3,3,0.02
3469,candidate_1,candidate_2,candidate_3,3,0.02
3470,candidate_1,candidate_2,candidate_3,3,0.02
3471,candidate_1,candidate_2,candidate_3,3,0.02
3472,candidate_1,candidate_2,candidate_3,3,0.02
3473,candidate_1,candidate_2,candidate_3,3,0.02
3474,candidate_1,candidate_2,candidate_3,3,0.02
3475,candidate_1,candidate_2,candidate_3,3,0.02
3476,candidate_1,candidate_2,candidate_3,3,0.02
3477,candidate_1,candidate_2,candidate_3,3,0.02
3478,candidate_1,candidate_2,candidate_3,3,0.02
3479,candidate_1,candidate_2,candidate_3,3,0.02
3480,candidate_1,candidate_2,0,3,0.02
3481,candidate_1,candidate_2,candidate_3,3,0.02
3482,candidate_1,candidate_2,candidate_3,3,0.02
3483,candidate_1,candidate_2,candidate_3,3,0.02
3484,candidate_1,candidate_2,candidate_3,3,0.02
3485,candidate_1,candidate_2,candidate_3,3,0.02
3486,candidate_1,candidate_2,candidate_3,3,0.02
3487,candidate_1,0,0,3,0.02
3488,candidate_1,candidate_2,candidate_3,3,0.02
3489,candidate_1,candidate_2,candidate_3,3,0.02
3490,candidate_1,candidate_2,candidate_3,3,0.02
3491,candidate_1,candidate_2,candidate_3,3,0.02
3492,candidate_1,candidate_2,candidate_3,3,0.02
3493,candidate_1,candidate_2,candidate_3,3,0.02
3494,candidate_1,candidate_2,candidate_3,3,0.02
3495,candidate_1,candidate_2,candidate_3,3,0.02
3496,candidate_1,candidate_2,candidate_3,3,0.02
3497,candidate_1,candidate_2,candidate_3,3,0.02
3498,candidate_1,candidate_2,candidate_3,3,0.02
3499,candidate_1,candidate_2,candidate_3,3,0.02
3500,candidate_1,candidate_2,candidate_3,3,0.02
3501,candidate_1,candidate_2,candidate_3,3,0.02
3502,candidate_1,candidate_2,candidate_3,3,0.02
3503,candidate_1,candidate_2,candidate_3,3,0.02
3504,candidate_1,candidate_2,candidate_3,3,0.02
3505,candidate_1,candidate_2,candidate_3,3,0.02
3506,candidate_1,candidate_2,candidate_3,3,0.02
3507,candidate_1,candidate_2,candidate_3,3,0.02
3508,candidate_1,candidate_2,candidate_3,3,0.02
3509,candidate_1,candidate_2,candidate_3,3,0.02
3510,candidate_1,candidate_2,candidate_3,3,0.02
3511,0,candidate_2,candidate_3,3,0.02
3512,candidate_1,candidate_2,candidate_3,3,0.02
3513,candidate_1,candidate_2,candidate_3,3,0.02
3514,candidate_1,candidate_2,candidate_3,3,0.02
3515,candidate_1,candidate_2,candidate_3,3,0.02
3516,candidate_1,candidate_2,candidate_3,3,0.02
3517,candidate_1,candidate_2,candidate_3,3,0.02
3518,candidate_1,candidate_2,candidate_3,3,0.02
3519,candidate_1,candidate_2,candidate_3,3,0.02
3520,candidate_1,candidate_2,candidate_3,3,0.02
3521,candidate_1,candidate_2,candidate_3,3,0.02
3522,candidate_1,candidate_2,candidate_3,3,0.02
3523,candidate_1,candidate_2,candidate_3,3,0.02
3524,candidate_1,candidate_2,candidate_3,3,0.02
3525,candidate_1,candidate_2,candidate_3,3,0.02
3526,candidate_1,candidate_2,candidate_3,3,0.02
3527,candidate_1,candidate_2,candidate_3,3,0.02
3528,candidate_1,candidate_2,candidate_3,3,0.02
3529,candidate_1,candidate_2,candidate_3,3,0.02
3530,candidate_1,candidate_2,candidate_3,3,0.02
3531,candidate_1,candidate_2,candidate_3,3,0.02
3532,candidate_1,candidate_2,candidate_3,3,0.02
3533,candidate_1,candidate_2,candidate_3,3,0.02
3534,candidate_1,candidate_2,candidate_3,3,0.02
3535,candidate_1,candidate_2,candidate_3,3,0.02
3536,candidate_1,candidate_2,candidate_3,3,0.02
3537,candidate_1,candidate_2,candidate_3,3,0.02
3538,candidate_1,candidate_2,candidate_3,3,0.02
3539,candidate_1,candidate_2,candidate_3,3,0.02
3540,candidate_1,candidate_2,candidate_3,3,0.02
3541,candidate_1,candidate_2,candidate_3,3,0.02
3542,candidate_1,candidate_2,candidate_3,3,0.02
3543,candidate_1,candidate_2,candidate_3,3,0.02
3544,candidate_1,candidate_2,candidate_3,3,0.02
3545,candidate_1,candidate_2,candidate_3,3,0.02
3546,candidate_1,candidate_2,candidate_3,3,0.02
3547,candidate_1,candidate_2,candidate_3,3,0.02
3548,candidate_1,candidate_2,candidate_3,3,0.02
3549,candidate_1,candidate_2,0,3,0.02
3550,candidate_1,candidate_2,candidate_3,3,0.02
3551,candidate_1,candidate_2,candidate_3,3,0.02
3552,candidate_1,candidate_2,candidate_3,3,0.02
3553,candidate_1,candidate_2,candidate_3,3,0.02
3554,candidate_1,candidate_2,candidate_3,3,0.02
3555,candidate_1,candidate_2,candidate_3,3,0.02
3556,candidate_1,candidate_2,candidate_3,3,0.02
3557,candidate_1,candidate_2,candidate_3,3,0.02
3558,candidate_1,candidate_2,candidate_3,3,0.02
3559,candidate_1,candidate_2,candidate_3,3,0.02
3560,candidate_1,candidate_2,candidate_3,3,0.02
3561,0,candidate_2,candidate_3,3,0.02
3562,candidate_1,candidate_2,0,3,0.02
3563,candidate_1,candidate_2,candidate_3,3,0.02
3564,candidate_1,candidate_2,candidate_3,3,0.02
3565,candidate_1,candidate_2,candidate_3,3,0.02
3566,candidate_1,candidate_2,candidate_3,3,0.02
3567,candidate_1,candidate_2,candidate_3,3,0.02
3568,candidate_1,candidate_2,candidate_3,3,0.02
3569,candidate_1,candidate_2,candidate_3,3,0.02
3570,candidate_1,candidate_2,candidate_3,3,0.02
3571,candidate_1,candidate_2,candidate_3,3,0.02
3572,candidate_1,candidate_2,candidate_3,3,0.02
3573,candidate_1,candidate_2,candidate_3,3,0.02
3574,candidate_1,candidate_2,candidate_3,3,0.02
3575,candidate_1,candidate_2,candidate_3,3,0.02
3576,candidate_1,candidate_2,candidate_3,3,0.02
3577,candidate_1,candidate_2,candidate_3,3,0.02
3578,candidate_1,candidate_2,candidate_3,3,0.02
3579,candidate_1,candidate_2,candidate_3,3,0.02
3580,candidate_1,candidate_2,candidate_3,3,0.02
3581,candidate_1,candidate_2,candidate_3,3,0.02
3582,candidate_1,candidate_2,candidate_3,3,0.02
3583,candidate_1,candidate_2,candidate_3,3,0.02
3584,candidate_1,candidate_2,candidate_3,3,0.02
3585,candidate_1,candidate_2,candidate_3,3,0.02
3586,candidate_1,candidate_2,candidate_3,3,0.02
3587,candidate_1,candidate_2,candidate_3,3,0.02
3588,candidate_1,candidate_2,candidate_3,3,0.02
3589,candidate_1,candidate_2,candidate_3,3,0.02
3590,candidate_1,candidate_2,candidate_3,3,0.02
3591,candidate_1,0,0,3,0.02
3592,candidate_1,candidate_2,candidate_3,3,0.02
3593,candidate_1,candidate_2,candidate_3,3,0.02
3594,candidate_1,candidate_2,candidate_3,3,0.02
3595,candidate_1,candidate_2,candidate_3,3,0.02
3596,candidate_1,candidate_2,candidate_3,3,0.02
3597,candidate_1,candidate_2,candidate_3,3,0.02
3598,candidate_1,candidate_2,candidate_3,3,0.02
3599,candidate_1,candidate_2,candidate_3,3,0.02
3600,candidate_1,candidate_2,candidate_3,3,0.02
3601,candidate_1,0,candidate_3,3,0.02
3602,candidate_1,candidate_2,candidate_3,3,0.02
3603,candidate_1,candidate_2,candidate_3,3,0.02
3604,candidate_1,candidate_2,candidate_3,3,0.02
3605,candidate_1,candidate_2,candidate_3,3,0.02
3606,candidate_1,0,candidate_3,3,0.02
3607,candidate_1,candidate_2,candidate_3,3,0.02
3608,candidate_1,candidate_2,candidate_3,3,0.02
3609,candidate_1,candidate_2,candidate_3,3,0.02
3610,candidate_1,candidate_2,0,3,0.02
3611,candidate_1,candidate_2,candidate_3,3,0.02
3612,candidate_1,candidate_2,candidate_3,3,0.02
3613,candidate_1,candidate_2,candidate_3,3,0.02
3614,candidate_1,candidate_2,candidate_3,3,0.02
3615,candidate_1,candidate_2,candidate_3,3,0.02
3616,0,candidate_2,candidate_3,3,0.02
3617,candidate_1,candidate_2,candidate_3,3,0.02
3618,candidate_1,candidate_2,candidate_3,3,0.02
3619,candidate_1,candidate_2,candidate_3,3,0.02
3620,candidate_1,candidate_2,candidate_3,3,0.02
3621,candidate_1,candidate_2,candidate_3,3,0.02
3622,candidate_1,candidate_2,candidate_3,3,0.02
3623,candidate_1,candidate_2,candidate_3,3,0.02
3624,candidate_1,candidate_2,candidate_3,3,0.02
3625,candidate_1,candidate_2,candidate_3,3,0.02
3626,candidate_1,candidate_2,candidate_3,3,0.02
3627,candidate_1,candidate_2,candidate_3,3,0.02
3628,candidate_1,candidate_2,candidate_3,3,0.02
3629,candidate_1,candidate_2,candidate_3,3,0.02
3630,candidate_1,candidate_2,candidate_3,3,0.02
3631,candidate_1,candidate_2,candidate_3,3,0.02
3632,candidate_1,candidate_2,candidate_3,3,0.02
3633,candidate_1,candidate_2,candidate_3,3,0.02
3634,candidate_1,candidate_2,candidate_3,3,0.02
3635,candidate_1,candidate_2,candidate_3,3,0.02
3636,candidate_1,candidate_2,candidate_3,3,0.02
3637,candidate_1,candidate_2,candidate_3,3,0.02
3638,candidate_1,candidate_2,candidate_3,3,0.02
3639,candidate_1,candidate_2,candidate_3,3,0.02
3640,candidate_1,candidate_2,candidate_3,3,0.02
3641,candidate_1,candidate_2,candidate_3,3,0.02
3642,candidate_1,candidate_2,candidate_3,3,0.02
3643,candidate_1,candidate_2,candidate_3,3,0.02
3644,candidate_1,candidate_2,candidate_3,3,0.02
3645,candidate_1,candidate_2,candidate_3,3,0.02
3646,candidate_1,candidate_2,candidate_3,3,0.02
3647,candidate_1,candidate_2,candidate_3,3,0.02
3648,candidate_1,0,candidate_3,3,0.02
3649,candidate_1,candidate_2,candidate_3,3,0.02
3650,candidate_1,candidate_2,candidate_3,3,0.02
3651,candidate_1,candidate_2,candidate_3,3,0.02
3652,candidate_1,candidate_2,candidate_3,3,0.02
3653,candidate_1,candidate_2,candidate_3,3,0.02
3654,candidate_1,candidate_2,candidate_3,3,0.02
3655,candidate_1,candidate_2,candidate_3,3,0.02
3656,candidate_1,candidate_2,candidate_3,3,0.02
3657,candidate_1,candidate_2,candidate_3,3,0.02
3658,candidate_1,candidate_2,candidate_3,3,0.02
3659,candidate_1,candidate_2,candidate_3,3,0.02
3660,candidate_1,candidate_2,candidate_3,3,0.02
3661,candidate_1,candidate_2,candidate_3,3,0.02
3662,candidate_1,candidate_2,candidate_3,3,0.02
3663,candidate_1,candidate_2,candidate_3,3,0.02
3664,candidate_1,candidate_2,candidate_3,3,0.02
3665,candidate_1,candidate_2,candidate_3,3,0.02
3666,candidate_1,candidate_2,candidate_3,3,0.02
3667,candidate_1,candidate_2,candidate_3,3,0.02
3668,candidate_1,candidate_2,candidate_3,3,0.02
3669,candidate_1,candidate_2,candidate_3,3,0.02
3670,candidate_1,candidate_2,candidate_3,3,0.02
3671,candidate_1,candidate_2,candidate_3,3,0.02
3672,candidate_1,candidate_2,candidate_3,3,0.02
3673,candidate_1,candidate_2,candidate_3,3,0.02
3674,candidate_1,candidate_2,candidate_3,3,0.02
3675,candidate_1,candidate_2,0,3,0.02
3676,candidate_1,candidate_2,candidate_3,3,0.02
3677,candidate_1,candidate_2,candidate_3,3,0.02
3678,candidate_1,candidate_2,candidate_3,3,0.02
3679,candidate_1,candidate_2,candidate_3,3,0.02
3680,candidate_1,candidate_2,candidate_3,3,0.02
3681,candidate_1,candidate_2,candidate_3,3,0.02
3682,candidate_1,candidate_2,candidate_3,3,0.02
3683,0,candidate_2,candidate_3,3,0.02
3684,candidate_1,candidate_2,candidate_3,3,0.02
3685,candidate_1,candidate_2,candidate_3,3,0.02
3686,candidate_1,candidate_2,candidate_3,3,0.02
3687,candidate_1,candidate_2,candidate_3,3,0.02
3688,candidate_1,candidate_2,candidate_3,3,0.02
3689,candidate_1,candidate_2,candidate_3,3,0.02
3690,candidate_1,candidate_2,candidate_3,3,0.02
3691,candidate_1,candidate_2,candidate_3,3,0.02
3692,candidate_1,candidate_2,candidate_3,3,0.02
3693,candidate_1,candidate_2,candidate_3,3,0.02
3694,candidate_1,candidate_2,candidate_3,3,0.02
3695,candidate_1,candidate_2,0,3,0.02
3696,candidate_1,candidate_2,candidate_3,3,0.02
3697,candidate_1,candidate_2,candidate_3,3,0.02
3698,candidate_1,candidate_2,candidate_3,3,0.02
3699,candidate_1,candidate_2,candidate_3,3,0.02
3700,candidate_1,candidate_2,candidate_3,3,0.02
3701,candidate_1,candidate_2,candidate_3,3,0.02
3702,candidate_1,candidate_2,candidate_3,3,0.02
3703,candidate_1,candidate_2,candidate_3,3,0.02
3704,candidate_1,candidate_2,candidate_3,3,0.02
3705,candidate_1,candidate_2,candidate_3,3,0.02
3706,candidate_1,candidate_2,candidate_3,3,0.02
3707,candidate_1,candidate_2,candidate_3,3,0.02
3708,candidate_1,candidate_2,candidate_3,3,0.02
3709,candidate_1,candidate_2,candidate_3,3,0.02
3710,candidate_1,candidate_2,candidate_3,3,0.02
3711,candidate_1,candidate_2,candidate_3,3,0.02
3712,candidate_1,candidate_2,candidate_3,3,0.02
3713,candidate_1,candidate_2,candidate_3,3,0.02
3714,candidate_1,candidate_2,0,3,0.02
3715,candidate_1,candidate_2,candidate_3,3,0.02
3716,candidate_1,candidate_2,candidate_3,3,0.02
3717,candidate_1,candidate_2,candidate_3,3,0.02
3718,candidate_1,candidate_2,candidate_3,3,0.02
3719,candidate_1,candidate_2,candidate_3,3,0.02
3720,candidate_1,candidate_2,candidate_3,3,0.02
3721,0,candidate_2,candidate_3,3,0.02
3722,candidate_1,candidate_2,candidate_3,3,0.02
3723,candidate_1,candidate_2,candidate_3,3,0.02
3724,candidate_1,candidate_2,candidate_3,3,0.02
3725,candidate_1,candidate_2,candidate_3,3,0.02
3726,candidate_1,candidate_2,candidate_3,3,0.02
3727,candidate_1,candidate_2,candidate_3,3,0.02
3728,candidate_1,candidate_2,candidate_3,3,0.02
3729,candidate_1,candidate_2,0,3,0.02
3730,candidate_1,candidate_2,candidate_3,3,0.02
3731,candidate_1,candidate_2,candidate_3,3,0.02
3732,candidate_1,candidate_2,candidate_3,3,0.02
3733,candidate_1,candidate_2,candidate_3,3,0.02
3734,candidate_1,candidate_2,candidate_3,3,0.02
3735,candidate_1,candidate_2,candidate_3,3,0.02
3736,candidate_1,candidate_2,candidate_3,3,0.02
3737,0,candidate_2,candidate_3,3,0.02
3738,candidate_1,candidate_2,candidate_3,3,0.02
3739,candidate_1,candidate_2,candidate_3,3,0.02
3740,candidate_1,candidate_2,candidate_3,3,0.02
3741,candidate_1,candidate_2,candidate_3,3,0.02
3742,candidate_1,candidate_2,candidate_3,3,0.02
3743,candidate_1,candidate_2,candidate_3,3,0.02
3744,candidate_1,candidate_2,candidate_3,3,0.02
3745,candidate_1,candidate_2,candidate_3,3,0.02
3746,candidate_1,candidate_2,candidate_3,3,0.02
3747,candidate_1,candidate_2,candidate_3,3,0.02
3748,candidate_1,candidate_2,candidate_3,3,0.02
3749,candidate_1,candidate_2,candidate_3,3,0.02
3750,candidate_1,candidate_2,candidate_3,3,0.02
3751,candidate_1,candidate_2,candidate_3,3,0.02
3752,candidate_1,candidate_2,candidate_3,3,0.02
3753,candidate_1,candidate_2,candidate_3,3,0.02
3754,candidate_1,candidate_2,candidate_3,3,0.02
3755,candidate_1,candidate_2,candidate_3,3,0.02
3756,candidate_1,candidate_2,candidate_3,3,0.02
3757,candidate_1,candidate_2,candidate_3,3,0.02
3758,candidate_1,candidate_2,candidate_3,3,0.02
3759,candidate_1,candidate_2,candidate_3,3,0.02
3760,candidate_1,candidate_2,candidate_3,3,0.02
3761,candidate_1,candidate_2,candidate_3,3,0.02
3762,candidate_1,candidate_2,candidate_3,3,0.02
3763,candidate_1,candidate_2,candidate_3,3,0.02
3764,candidate_1,candidate_2,candidate_3,3,0.02
3765,candidate_1,candidate_2,candidate_3,3,0.02
3766,candidate_1,candidate_2,candidate_3,3,0.02
3767,candidate_1,candidate_2,candidate_3,3,0.02
3768,candidate_1,candidate_2,candidate_3,3,0.02
3769,candidate_1,candidate_2,candidate_3,3,0.02
3770,candidate_1,candidate_2,candidate_3,3,0.02
3771,candidate_1,candidate_2,candidate_3,3,0.02
3772,candidate_1,candidate_2,candidate_3,3,0.02
3773,candidate_1,candidate_2,candidate_3,3,0.02
3774,candidate_1,candidate_2,candidate_3,3,0.02
3775,candidate_1,candidate_2,candidate_3,3,0.02
3776,candidate_1,candidate_2,candidate_3,3,0.02
3777,candidate_1,candidate_2,candidate_3,3,0.02
3778,candidate_1,candidate_2,candidate_3,3,0.02
3779,candidate_1,0,candidate_3,3,0.02
3780,candidate_1,candidate_2,candidate_3,3,0.02
3781,candidate_1,candidate_2,candidate_3,3,0.02
3782,candidate_1,candidate_2,candidate_3,3,0.02
3783,candidate_1,candidate_2,candidate_3,3,0.02
3784,candidate_1,candidate_2,candidate_3,3,0.02
3785,candidate_1,candidate_2,candidate_3,3,0.02
3786,candidate_1,candidate_2,candidate_3,3,0.02
3787,candidate_1,candidate_2,candidate_3,3,0.02
3788,candidate_1,candidate_2,candidate_3,3,0.02
3789,candidate_1,candidate_2,candidate_3,3,0.02
3790,candidate_1,candidate_2,candidate_3,3,0.02
3791,candidate_1,candidate_2,candidate_3,3,0.02
3792,0,candidate_2,candidate_3,3,0.02
3793,candidate_1,candidate_2,candidate_3,3,0.02
3794,candidate_1,candidate_2,candidate_3,3,0.02
3795,candidate_1,candidate_2,candidate_3,3,0.02
3796,candidate_1,candidate_2,candidate_3,3,0.02
3797,candidate_1,candidate_2,candidate_3,3,0.02
3798,candidate_1,candidate_2,candidate_3,3,0.02
3799,candidate_1,candidate_2,candidate_3,3,0.02
3800,candidate_1,candidate_2,candidate_3,3,0.02
3801,candidate_1,candidate_2,candidate_3,3,0.02
3802,candidate_1,candidate_2,0,3,0.02
3803,candidate_1,candidate_2,candidate_3,3,0.02
3804,candidate_1,candidate_2,candidate_3,3,0.02
3805,candidate_1,candidate_2,candidate_3,3,0.02
3806,candidate_1,candidate_2,candidate_3,3,0.02
3807,candidate_1,candidate_2,candidate_3,3,0.02
3808,candidate_1,candidate_2,candidate_3,3,0.02
3809,candidate_1,candidate_2,candidate_3,3,0.02
3810,candidate_1,0,candidate_3,3,0.02
3811,candidate_1,candidate_2,candidate_3,3,0.02
3812,candidate_1,candidate_2,candidate_3,3,0.02
3813,candidate_1,candidate_2,candidate_3,3,0.02
3814,candidate_1,candidate_2,candidate_3,3,0.02
3815,0,candidate_2,candidate_3,3,0.02
3816,candidate_1,candidate_2,candidate_3,3,0.02
3817,candidate_1,candidate_2,candidate_3,3,0.02
3818,candidate_1,candidate_2,candidate_3,3,0.02
3819,candidate_1,candidate_2,candidate_3,3,0.02
3820,candidate_1,candidate_2,candidate_3,3,0.02
3821,candidate_1,candidate_2,candidate_3,3,0.02
3822,candidate_1,candidate_2,candidate_3,3,0.02
3823,candidate_1,candidate_2,candidate_3,3,0.02
3824,candidate_1,candidate_2,candidate_3,3,0.02
3825,candidate_1,candidate_2,candidate_3,3,0.02
3826,candidate_1,candidate_2,candidate_3,3,0.02
3827,candidate_1,candidate_2,candidate_3,3,0.02
3828,candidate_1,candidate_2,candidate_3,3,0.02
3829,candidate_1,candidate_2,candidate_3,3,0.02
3830,candidate_1,candidate_2,0,3,0.02
3831,candidate_1,candidate_2,candidate_3,3,0.02
3832,candidate_1,candidate_2,candidate_3,3,0.02
3833,candidate_1,candidate_2,candidate_3,3,0.02
3834,candidate_1,candidate_2,candidate_3,3,0.02
3835,candidate_1,candidate_2,candidate_3,3,0.02
3836,candidate_1,candidate_2,candidate_3,3,0.02
3837,candidate_1,candidate_2,candidate_3,3,0.02
3838,candidate_1,candidate_2,candidate_3,3,0.02
3839,candidate_1,candidate_2,candidate_3,3,0.02
3840,candidate_1,candidate_2,candidate_3,3,0.02
3841,candidate_1,candidate_2,candidate_3,3,0.02
3842,candidate_1,candidate_2,candidate_3,3,0.02
3843,candidate_1,candidate_2,candidate_3,3,0.02
3844,candidate_1,candidate_2,candidate_3,3,0.02
3845,candidate_1,candidate_2,candidate_3,3,0.02
3846,candidate_1,candidate_2,candidate_3,3,0.02
3847,candidate_1,candidate_2,candidate_3,3,0.02
3848,candidate_1,candidate_2,candidate_3,3,0.02
3849,candidate_1,candidate_2,candidate_3,3,0.02
3850,candidate_1,candidate_2,candidate_3,3,0.02
3851,candidate_1,candidate_2,candidate_3,3,0.02
3852,candidate_1,candidate_2,candidate_3,3,0.02
3853,candidate_1,candidate_2,candidate_3,3,0.02
3854,candidate_1,candidate_2,candidate_3,3,0.02
3855,candidate_1,candidate_2,candidate_3,3,0.02
3856,candidate_1,candidate_2,candidate_3,3,0.02
3857,candidate_1,0,candidate_3,3,0.02
3858,candidate_1,candidate_2,candidate_3,3,0.02
3859,candidate_1,candidate_2,candidate_3,3,0.02
3860,candidate_1,candidate_2,candidate_3,3,0.02
3861,candidate_1,candidate_2,candidate_3,3,0.02
3862,candidate_1,candidate_2,candidate_3,3,0.02
3863,candidate_1,candidate_2,candidate_3,3,0.02
3864,candidate_1,candidate_2,candidate_3,3,0.02
3865,candidate_1,candidate_2,candidate_3,3,0.02
3866,candidate_1,candidate_2,candidate_3,3,0.02
3867,candidate_1,candidate_2,candidate_3,3,0.02
3868,candidate_1,candidate_2,candidate_3,3,0.02
3869,candidate_1,candidate_2,0,3,0.02
3870,candidate_1,candidate_2,candidate_3,3,0.02
3871,candidate_1,candidate_2,candidate_3,3,0.02
3872,candidate_1,0,candidate_3,3,0.02
3873,candidate_1,candidate_2,candidate_3,3,0.02
3874,candidate_1,candidate_2,candidate_3,3,0.02
3875,candidate_1,candidate_2,candidate_3,3,0.02
3876,candidate_1,candidate_2,candidate_3,3,0.02
3877,candidate_1,candidate_2,candidate_3,3,0.02
3878,candidate_1,candidate_2,candidate_3,3,0.02
3879,candidate_1,candidate_2,candidate_3,3,0.02
3880,candidate_1,candidate_2,candidate_3,3,0.02
3881,candidate_1,candidate_2,candidate_3,3,0.02
3882,candidate_1,candidate_2,candidate_3,3,0.02
3883,candidate_1,candidate_2,candidate_3,3,0.02
3884,candidate_1,candidate_2,candidate_3,3,0.02
3885,candidate_1,candidate_2,candidate_3,3,0.02
3886,candidate_1,candidate_2,candidate_3,3,0.02
3887,candidate_1,candidate_2,candidate_3,3,0.02
3888,candidate_1,candidate_2,candidate_3,3,0.02
3889,candidate_1,candidate_2,candidate_3,3,0.02
3890,candidate_1,candidate_2,candidate_3,3,0.02
3891,candidate_1,candidate_2,candidate_3,3,0.02
3892,candidate_1,candidate_2,candidate_3,3,0.02
3893,candidate_1,candidate_2,candidate_3,3,0.02
3894,candidate_1,candidate_2,candidate_3,3,0.02
3895,candidate_1,candidate_2,candidate_3,3,0.02
3896,candidate_1,candidate_2,candidate_3,3,0.02
3897,candidate_1,candidate_2,candidate_3,3,0.02
3898,candidate_1,candidate_2,candidate_3,3,0.02
3899,candidate_1,candidate_2,candidate_3,3,0.02
3900,candidate_1,candidate_2,candidate_3,3,0.02
3901,candidate_1,candidate_2,candidate_3,3,0.02
3902,candidate_1,candidate_2,candidate_3,3,0.02
3903,candidate_1,candidate_2,candidate_3,3,0.02
3904,candidate_1,candidate_2,candidate_3,3,0.02
3905,candidate_1,candidate_2,candidate_3,3,0.02
3906,candidate_1,candidate_2,candidate_3,3,0.02
3907,candidate_1,0,candidate_3,3,0.02
3908,candidate_1,candidate_2,candidate_3,3,0.02
3909,candidate_1,candidate_2,candidate_3,3,0.02
3910,candidate_1,candidate_2,candidate_3,3,0.02
3911,candidate_1,candidate_2,candidate_3,3,0.02
3912,candidate_1,candidate_2,candidate_3,3,0.02
3913,candidate_1,candidate_2,candidate_3,3,0.02
3914,candidate_1,candidate_2,candidate_3,3,0.02
3915,candidate_1,candidate_2,0,3,0.02
3916,candidate_1,candidate_2,candidate_3,3,0.02
3917,candidate_1,candidate_2,candidate_3,3,0.02
3918,candidate_1,candidate_2,candidate_3,3,0.02
3919,candidate_1,candidate_2,candidate_3,3,0.02
3920,candidate_1,candidate_2,candidate_3,3,0.02
3921,candidate_1,candidate_2,candidate_3,3,0.02
3922,candidate_1,candidate_2,candidate_3,3,0.02
3923,candidate_1,candidate_2,candidate_3,3,0.02
3924,candidate_1,candidate_2,candidate_3,3,0.02
3925,candidate_1,candidate_2,candidate_3,3,0.02
3926,candidate_1,candidate_2,candidate_3,3,0.02
3927,candidate_1,candidate_2,candidate_3,3,0.02
3928,candidate_1,candidate_2,candidate_3,3,0.02
3929,candidate_1,candidate_2,candidate_3,3,0.02
3930,candidate_1,candidate_2,candidate_3,3,0.02
3931,candidate_1,candidate_2,candidate_3,3,0.02
3932,candidate_1,candidate_2,candidate_3,3,0.02
3933,candidate_1,candidate_2,candidate_3,3,0.02
3934,candidate_1,candidate_2,candidate_3,3,0.02
3935,candidate_1,candidate_2,candidate_3,3,0.02
3936,candidate_1,candidate_2,candidate_3,3,0.02
3937,0,candidate_2,candidate_3,3,0.02
3938,0,candidate_2,candidate_3,3,0.02
3939,0,candidate_2,candidate_3,3,0.02
3940,candidate_1,candidate_2,candidate_3,3,0.02
3941,candidate_1,candidate_2,candidate_3,3,0.02
3942,candidate_1,candidate_2,candidate_3,3,0.02
3943,candidate_1,candidate_2,candidate_3,3,0.02
3944,candidate_1,candidate_2,0,3,0.02
3945,candidate_1,candidate_2,0,3,0.02
3946,candidate_1,candidate_2,candidate_3,3,0.02
3947,candidate_1,candidate_2,candidate_3,3,0.02
3948,candidate_1,0,candidate_3,3,0.02
3949,candidate_1,candidate_2,candidate_3,3,0.02
3950,candidate_1,candidate_2,candidate_3,3,0.02
3951,candidate_1,candidate_2,candidate_3,3,0.02
3952,candidate_1,candidate_2,candidate_3,3,0.02
3953,candidate_1,candidate_2,candidate_3,3,0.02
3954,candidate_1,candidate_2,candidate_3,3,0.02
3955,candidate_1,candidate_2,candidate_3,3,0.02
3956,candidate_1,candidate_2,candidate_3,3,0.02
3957,candidate_1,candidate_2,candidate_3,3,0.02
3958,candidate_1,candidate_2,candidate_3,3,0.02
3959,candidate_1,candidate_2,candidate_3,3,0.02
3960,candidate_1,candidate_2,candidate_3,3,0.02
3961,candidate_1,candidate_2,candidate_3,3,0.02
3962,candidate_1,0,candidate_3,3,0.02
3963,candidate_1,candidate_2,candidate_3,3,0.02
3964,candidate_1,candidate_2,candidate_3,3,0.02
3965,candidate_1,candidate_2,candidate_3,3,0.02
3966,candidate_1,candidate_2,candidate_3,3,0.02
3967,candidate_1,candidate_2,candidate_3,3,0.02
3968,candidate_1,candidate_2,candidate_3,3,0.02
3969,candidate_1,candidate_2,candidate_3,3,0.02
3970,0,candidate_2,candidate_3,3,0.02
3971,candidate_1,candidate_2,candidate_3,3,0.02
3972,candidate_1,candidate_2,candidate_3,3,0.02
3973,candidate_1,candidate_2,candidate_3,3,0.02
3974,candidate_1,candidate_2,candidate_3,3,0.02
3975,candidate_1,candidate_2,candidate_3,3,0.02
3976,candidate_1,candidate_2,candidate_3,3,0.02
3977,candidate_1,candidate_2,candidate_3,3,0.02
3978,candidate_1,candidate_2,candidate_3,3,0.02
3979,candidate_1,0,candidate_3,3,0.02
3980,candidate_1,candidate_2,candidate_3,3,0.02
3981,candidate_1,candidate_2,candidate_3,3,0.02
3982,candidate_1,candidate_2,candidate_3,3,0.02
3983,candidate_1,candidate_2,candidate_3,3,0.02
3984,candidate_1,0,candidate_3,3,0.02
3985,candidate_1,candidate_2,candidate_3,3,0.02
3986,candidate_1,candidate_2,candidate_3,3,0.02
3987,candidate_1,candidate_2,candidate_3,3,0.02
3988,candidate_1,candidate_2,candidate_3,3,0.02
3989,candidate_1,candidate_2,candidate_3,3,0.02
3990,candidate_1,candidate_2,candidate_3,3,0.02
3991,candidate_1,candidate_2,candidate_3,3,0.02
3992,candidate_1,candidate_2,candidate_3,3,0.02
3993,candidate_1,candidate_2,candidate_3,3,0.02
3994,candidate_1,candidate_2,candidate_3,3,0.02
3995,candidate_1,candidate_2,candidate_3,3,0.02
3996,candidate_1,candidate_2,candidate_3,3,0.02
3997,candidate_1,candidate_2,candidate_3,3,0.02
3998,candidate_1,candidate_2,candidate_3,3,0.02
3999,candidate_1,candidate_2,candidate_3,3,0.02
4000,candidate_1,candidate_2,candidate_3,3,0.02
4001,candidate_1,candidate_2,candidate_3,3,0.02
4002,candidate_1,candidate_2,candidate_3,3,0.02
4003,candidate_1,candidate_2,candidate_3,3,0.02
4004,candidate_1,0,candidate_3,3,0.02
4005,candidate_1,candidate_2,candidate_3,3,0.02
4006,candidate_1,candidate_2,candidate_3,3,0.02
4007,candidate_1,candidate_2,candidate_3,3,0.02
4008,candidate_1,candidate_2,candidate_3,3,0.02
4009,candidate_1,candidate_2,candidate_3,3,0.02
4010,candidate_1,candidate_2,candidate_3,3,0.02
4011,candidate_1,candidate_2,candidate_3,3,0.02
4012,candidate_1,candidate_2,candidate_3,3,0.02
4013,candidate_1,candidate_2,candidate_3,3,0.02
4014,candidate_1,candidate_2,candidate_3,3,0.02
4015,candidate_1,candidate_2,candidate_3,3,0.02
4016,candidate_1,candidate_2,candidate_3,3,0.02
4017,candidate_1,candidate_2,candidate_3,3,0.02
4018,candidate_1,candidate_2,candidate_3,3,0.02
4019,candidate_1,candidate_2,candidate_3,3,0.02
4020,candidate_1,candidate_2,candidate_3,3,0.02
4021,candidate_1,candidate_2,candidate_3,3,0.02
4022,candidate_1,candidate_2,candidate_3,3,0.02
4023,candidate_1,candidate_2,candidate_3,3,0.02
4024,candidate_1,candidate_2,candidate_3,3,0.02
4025,candidate_1,candidate_2,candidate_3,3,0.02
4026,candidate_1,candidate_2,candidate_3,3,0.02
4027,candidate_1,candidate_2,candidate_3,3,0.02
4028,candidate_1,candidate_2,candidate_3,3,0.02
4029,candidate_1,candidate_2,0,3,0.02
4030,candidate_1,candidate_2,candidate_3,3,0.02
4031,candidate_1,candidate_2,candidate_3,3,0.02
4032,0,candidate_2,candidate_3,3,0.02
4033,candidate_1,candidate_2,candidate_3,3,0.02
4034,candidate_1,candidate_2,candidate_3,3,0.02
4035,candidate_1,candidate_2,candidate_3,3,0.02
4036,candidate_1,candidate_2,candidate_3,3,0.02
4037,candidate_1,candidate_2,candidate_3,3,0.02
4038,candidate_1,candidate_2,candidate_3,3,0.02
4039,candidate_1,candidate_2,candidate_3,3,0.02
4040,candidate_1,candidate_2,candidate_3,3,0.02
4041,candidate_1,candidate_2,candidate_3,3,0.02
4042,candidate_1,candidate_2,candidate_3,3,0.02
4043,candidate_1,0,candidate_3,3,0.02
4044,candidate_1,candidate_2,candidate_3,3,0.02
4045,candidate_1,candidate_2,candidate_3,3,0.02
4046,candidate_1,candidate_2,candidate_3,3,0.02
4047,candidate_1,candidate_2,candidate_3,3,0.02
4048,candidate_1,candidate_2,candidate_3,3,0.02
4049,candidate_1,candidate_2,candidate_3,3,0.02
4050,candidate_1,candidate_2,candidate_3,3,0.02
4051,candidate_1,candidate_2,candidate_3,3,0.02
4052,candidate_1,candidate_2,candidate_3,3,0.02
4053,candidate_1,candidate_2,candidate_3,3,0.02
4054,candidate_1,candidate_2,candidate_3,3,0.02
4055,candidate_1,candidate_2,candidate_3,3,0.02
4056,candidate_1,candidate_2,candidate_3,3,0.02
4057,candidate_1,candidate_2,candidate_3,3,0.02
4058,candidate_1,candidate_2,candidate_3,3,0.02
4059,candidate_1,candidate_2,candidate_3,3,0.02
4060,candidate_1,candidate_2,candidate_3,3,0.02
4061,candidate_1,candidate_2,candidate_3,3,0.02
4062,candidate_1,candidate_2,candidate_3,3,0.02
4063,candidate_1,candidate_2,candidate_3,3,0.02
4064,candidate_1,candidate_2,candidate_3,3,0.02
4065,candidate_1,candidate_2,candidate_3,3,0.02
4066,candidate_1,candidate_2,candidate_3,3,0.02
4067,candidate_1,candidate_2,candidate_3,3,0.02
4068,candidate_1,candidate_2,candidate_3,3,0.02
4069,candidate_1,candidate_2,candidate_3,3,0.02
4070,candidate_1,candidate_2,candidate_3,3,0.02
4071,candidate_1,candidate_2,candidate_3,3,0.02
4072,candidate_1,candidate_2,candidate_3,3,0.02
4073,candidate_1,candidate_2,candidate_3,3,0.02
4074,candidate_1,candidate_2,candidate_3,3,0.02
4075,candidate_1,candidate_2,candidate_3,3,0.02
4076,candidate_1,candidate_2,candidate_3,3,0.02
4077,candidate_1,candidate_2,candidate_3,3,0.02
4078,candidate_1,candidate_2,candidate_3,3,0.02
4079,candidate_1,candidate_2,candidate_3,3,0.02
4080,candidate_1,candidate_2,candidate_3,3,0.02
4081,candidate_1,candidate_2,candidate_3,3,0.02
4082,candidate_1,candidate_2,candidate_3,3,0.02
4083,candidate_1,candidate_2,candidate_3,3,0.02
4084,candidate_1,candidate_2,candidate_3,3,0.02
4085,candidate_1,candidate_2,candidate_3,3,0.02
4086,candidate_1,candidate_2,candidate_3,3,0.02
4087,candidate_1,candidate_2,candidate_3,3,0.02
4088,candidate_1,candidate_2,candidate_3,3,0.02
4089,candidate_1,candidate_2,candidate_3,3,0.02
4090,candidate_1,candidate_2,candidate_3,3,0.02
4091,candidate_1,candidate_2,candidate_3,3,0.02
4092,candidate_1,candidate_2,candidate_3,3,0.02
4093,candidate_1,candidate_2,candidate_3,3,0.02
4094,candidate_1,candidate_2,candidate_3,3,0.02
4095,candidate_1,candidate_2,candidate_3,3,0.02
4096,candidate_1,candidate_2,candidate_3,3,0.02
4097,candidate_1,candidate_2,candidate_3,3,0.02
4098,candidate_1,candidate_2,candidate_3,3,0.02
4099,candidate_1,candidate_2,candidate_3,3,0.02
4100,candidate_1,candidate_2,candidate_3,3,0.02
4101,candidate_1,candidate_2,candidate_3,3,0.02
4102,candidate_1,candidate_2,candidate_3,3,0.02
4103,candidate_1,candidate_2,0,3,0.02
4104,candidate_1,candidate_2,candidate_3,3,0.02
4105,candidate_1,candidate_2,candidate_3,3,0.02
4106,candidate_1,candidate_2,candidate_3,3,0.02
4107,candidate_1,candidate_2,candidate_3,3,0.02
4108,candidate_1,candidate_2,candidate_3,3,0.02
4109,candidate_1,candidate_2,candidate_3,3,0.02
4110,candidate_1,candidate_2,candidate_3,3,0.02
4111,candidate_1,candidate_2,candidate_3,3,0.02
4112,candidate_1,candidate_2,candidate_3,3,0.02
4113,0,candidate_2,candidate_3,3,0.02
4114,candidate_1,candidate_2,candidate_3,3,0.02
4115,candidate_1,candidate_2,candidate_3,3,0.02
4116,candidate_1,candidate_2,candidate_3,3,0.02
4117,candidate_1,candidate_2,candidate_3,3,0.02
4118,candidate_1,candidate_2,candidate_3,3,0.02
4119,candidate_1,candidate_2,candidate_3,3,0.02
4120,candidate_1,candidate_2,candidate_3,3,0.02
4121,candidate_1,candidate_2,candidate_3,3,0.02
4122,candidate_1,candidate_2,candidate_3,3,0.02
4123,candidate_1,candidate_2,candidate_3,3,0.02
4124,candidate_1,candidate_2,candidate_3,3,0.02
4125,candidate_1,candidate_2,candidate_3,3,0.02
4126,candidate_1,candidate_2,candidate_3,3,0.02
4127,candidate_1,candidate_2,candidate_3,3,0.02
4128,candidate_1,candidate_2,candidate_3,3,0.02
4129,candidate_1,candidate_2,candidate_3,3,0.02
4130,candidate_1,candidate_2,candidate_3,3,0.02
4131,candidate_1,candidate_2,candidate_3,3,0.02
4132,candidate_1,candidate_2,0,3,0.02
4133,candidate_1,candidate_2,candidate_3,3,0.02
4134,candidate_1,candidate_2,candidate_3,3,0.02
4135,candidate_1,candidate_2,candidate_3,3,0.02
4136,candidate_1,candidate_2,candidate_3,3,0.02
4137,candidate_1,candidate_2,candidate_3,3,0.02
4138,candidate_1,candidate_2,candidate_3,3,0.02
4139,candidate_1,candidate_2,candidate_3,3,0.02
4140,candidate_1,candidate_2,candidate_3,3,0.02
4141,candidate_1,candidate_2,candidate_3,3,0.02
4142,candidate_1,candidate_2,candidate_3,3,0.02
4143,candidate_1,0,candidate_3,3,0.02
4144,candidate_1,candidate_2,candidate_3,3,0.02
4145,candidate_1,candidate_2,candidate_3,3,0.02
4146,candidate_1,candidate_2,candidate_3,3,0.02
4147,candidate_1,candidate_2,candidate_3,3,0.02
4148,0,candidate_2,candidate_3,3,0.02
4149,candidate_1,candidate_2,candidate_3,3,0.02
4150,candidate_1,candidate_2,candidate_3,3,0.02
4151,candidate_1,candidate_2,candidate_3,3,0.02
4152,candidate_1,candidate_2,candidate_3,3,0.02
4153,candidate_1,candidate_2,candidate_3,3,0.02
4154,candidate_1,candidate_2,candidate_3,3,0.02
4155,candidate_1,candidate_2,candidate_3,3,0.02
4156,candidate_1,candidate_2,candidate_3,3,0.02
4157,candidate_1,candidate_2,candidate_3,3,0.02
4158,candidate_1,candidate_2,candidate_3,3,0.02
4159,candidate_1,candidate_2,candidate_3,3,0.02
4160,candidate_1,candidate_2,candidate_3,3,0.02
4161,candidate_1,candidate_2,candidate_3,3,0.02
4162,candidate_1,candidate_2,candidate_3,3,0.02
4163,candidate_1,candidate_2,candidate_3,3,0.02
4164,candidate_1,candidate_2,candidate_3,3,0.02
4165,candidate_1,candidate_2,candidate_3,3,0.02
4166,candidate_1,candidate_2,candidate_3,3,0.02
4167,candidate_1,candidate_2,candidate_3,3,0.02
4168,candidate_1,candidate_2,candidate_3,3,0.02
4169,candidate_1,candidate_2,candidate_3,3,0.02
4170,candidate_1,candidate_2,candidate_3,3,0.02
4171,candidate_1,candidate_2,candidate_3,3,0.02
4172,candidate_1,candidate_2,candidate_3,3,0.02
4173,candidate_1,candidate_2,candidate_3,3,0.02
4174,candidate_1,candidate_2,candidate_3,3,0.02
4175,candidate_1,candidate_2,candidate_3,3,0.02
4176,candidate_1,candidate_2,candidate_3,3,0.02
4177,candidate_1,candidate_2,candidate_3,3,0.02
4178,candidate_1,candidate_2,candidate_3,3,0.02
4179,candidate_1,candidate_2,candidate_3,3,0.02
4180,candidate_1,candidate_2,candidate_3,3,0.02
4181,candidate_1,candidate_2,candidate_3,3,0.02
4182,candidate_1,candidate_2,candidate_3,3,0.02
4183,candidate_1,candidate_2,candidate_3,3,0.02
4184,candidate_1,candidate_2,candidate_3,3,0.02
4185,candidate_1,candidate_2,candidate_3,3,0.02
4186,candidate_1,candidate_2,candidate_3,3,0.02
4187,0,candidate_2,candidate_3,3,0.02
4188,candidate_1,candidate_2,candidate_3,3,0.02
4189,candidate_1,candidate_2,candidate_3,3,0.02
4190,candidate_1,candidate_2,candidate_3,3,0.02
4191,candidate_1,candidate_2,candidate_3,3,0.02
4192,candidate_1,0,candidate_3,3,0.02
4193,candidate_1,candidate_2,candidate_3,3,0.02
4194,candidate_1,candidate_2,candidate_3,3,0.02
4195,candidate_1,candidate_2,candidate_3,3,0.02
4196,candidate_1,candidate_2,candidate_3,3,0.02
4197,candidate_1,candidate_2,candidate_3,3,0.02
4198,candidate_1,candidate_2,candidate_3,3,0.02
4199,candidate_1,candidate_2,candidate_3,3,0.02
4200,candidate_1,candidate_2,candidate_3,3,0.02
4201,candidate_1,candidate_2,candidate_3,3,0.02
4202,candidate_1,candidate_2,candidate_3,3,0.02
4203,candidate_1,candidate_2,candidate_3,3,0.02
4204,candidate_1,candidate_2,candidate_3,3,0.02
4205,candidate_1,candidate_2,candidate_3,3,0.02
4206,0,candidate_2,candidate_3,3,0.02
4207,candidate_1,candidate_2,candidate_3,3,0.02
4208,candidate_1,candidate_2,candidate_3,3,0.02
4209,candidate_1,candidate_2,candidate_3,3,0.02
4210,candidate_1,candidate_2,candidate_3,3,0.02
4211,candidate_1,candidate_2,candidate_3,3,0.02
4212,candidate_1,candidate_2,candidate_3,3,0.02
4213,candidate_1,candidate_2,candidate_3,3,0.02
4214,candidate_1,candidate_2,candidate_3,3,0.02
4215,candidate_1,candidate_2,candidate_3,3,0.02
4216,candidate_1,candidate_2,candidate_3,3,0.02
4217,candidate_1,candidate_2,candidate_3,3,0.02
4218,candidate_1,candidate_2,candidate_3,3,0.02
4219,candidate_1,candidate_2,candidate_3,3,0.02
4220,candidate_1,candidate_2,candidate_3,3,0.02
4221,candidate_1,candidate_2,candidate_3,3,0.02
4222,candidate_1,candidate_2,candidate_3,3,0.02
4223,candidate_1,candidate_2,candidate_3,3,0.02
4224,candidate_1,candidate_2,candidate_3,3,0.02
4225,candidate_1,candidate_2,candidate_3,3,0.02
4226,candidate_1,candidate_2,candidate_3,3,0.02
4227,candidate_1,candidate_2,candidate_3,3,0.02
4228,candidate_1,candidate_2,candidate_3,3,0.02
4229,candidate_1,candidate_2,candidate_3,3,0.02
4230,candidate_1,candidate_2,candidate_3,3,0.02
4231,candidate_1,candidate_2,candidate_3,3,0.02
4232,candidate_1,candidate_2,candidate_3,3,0.02
4233,candidate_1,candidate_2,candidate_3,3,0.02
4234,candidate_1,candidate_2,candidate_3,3,0.02
4235,candidate_1,candidate_2,candidate_3,3,0.02
4236,candidate_1,candidate_2,candidate_3,3,0.02
4237,candidate_1,candidate_2,candidate_3,3,0.02
4238,candidate_1,candidate_2,candidate_3,3,0.02
4239,candidate_1,candidate_2,candidate_3,3,0.02
4240,candidate_1,candidate_2,candidate_3,3,0.02
4241,candidate_1,candidate_2,candidate_3,3,0.02
4242,candidate_1,candidate_2,candidate_3,3,0.02
4243,candidate_1,candidate_2,candidate_3,3,0.02
4244,candidate_1,candidate_2,candidate_3,3,0.02
4245,candidate_1,candidate_2,candidate_3,3,0.02
4246,candidate_1,candidate_2,candidate_3,3,0.02
4247,candidate_1,candidate_2,candidate_3,3,0.02
4248,candidate_1,candidate_2,candidate_3,3,0.02
4249,candidate_1,candidate_2,candidate_3,3,0.02
4250,candidate_1,candidate_2,candidate_3,3,0.02
4251,candidate_1,candidate_2,candidate_3,3,0.02
4252,candidate_1,candidate_2,candidate_3,3,0.02
4253,candidate_1,candidate_2,candidate_3,3,0.02
4254,candidate_1,candidate_2,candidate_3,3,0.02
4255,candidate_1,candidate_2,candidate_3,3,0.02
4256,candidate_1,candidate_2,candidate_3,3,0.02
4257,candidate_1,candidate_2,candidate_3,3,0.02
4258,candidate_1,candidate_2,candidate_3,3,0.02
4259,candidate_1,candidate_2,candidate_3,3,0.02
4260,candidate_1,candidate_2,candidate_3,3,0.02
4261,candidate_1,candidate_2,candidate_3,3,0.02
4262,0,candidate_2,candidate_3,3,0.02
4263,candidate_1,candidate_2,candidate_3,3,0.02
4264,candidate_1,candidate_2,candidate_3,3,0.02
4265,candidate_1,candidate_2,candidate_3,3,0.02
4266,candidate_1,candidate_2,candidate_3,3,0.02
4267,candidate_1,candidate_2,candidate_3,3,0.02
4268,candidate_1,candidate_2,candidate_3,3,0.02
4269,candidate_1,candidate_2,candidate_3,3,0.02
4270,candidate_1,0,candidate_3,3,0.02
4271,candidate_1,candidate_2,candidate_3,3,0.02
4272,candidate_1,candidate_2,candidate_3,3,0.02
4273,0,candidate_2,candidate_3,3,0.02
4274,candidate_1,candidate_2,candidate_3,3,0.02
4275,candidate_1,candidate_2,candidate_3,3,0.02
4276,candidate_1,candidate_2,candidate_3,3,0.02
4277,candidate_1,candidate_2,candidate_3,3,0.02
4278,candidate_1,candidate_2,candidate_3,3,0.02
4279,candidate_1,candidate_2,candidate_3,3,0.02
4280,candidate_1,candidate_2,candidate_3,3,0.02
4281,candidate_1,candidate_2,candidate_3,3,0.02
4282,candidate_1,candidate_2,candidate_3,3,0.02
4283,candidate_1,candidate_2,candidate_3,3,0.02
4284,candidate_1,candidate_2,candidate_3,3,0.02
4285,candidate_1,candidate_2,candidate_3,3,0.02
4286,candidate_1,candidate_2,candidate_3,3,0.02
4287,candidate_1,candidate_2,candidate_3,3,0.02
4288,candidate_1,candidate_2,candidate_3,3,0.02
4289,0,0,candidate_3,3,0.02
4290,candidate_1,candidate_2,candidate_3,3,0.02
4291,candidate_1,candidate_2,candidate_3,3,0.02
4292,candidate_1,candidate_2,candidate_3,3,0.02
4293,candidate_1,candidate_2,candidate_3,3,0.02
4294,candidate_1,candidate_2,candidate_3,3,0.02
4295,candidate_1,candidate_2,candidate_3,3,0.02
4296,candidate_1,candidate_2,candidate_3,3,0.02
4297,candidate_1,candidate_2,candidate_3,3,0.02
4298,candidate_1,candidate_2,candidate_3,3,0.02
4299,candidate_1,candidate_2,candidate_3,3,0.02
4300,candidate_1,candidate_2,candidate_3,3,0.02
4301,candidate_1,candidate_2,candidate_3,3,0.02
4302,candidate_1,candidate_2,candidate_3,3,0.02
4303,candidate_1,candidate_2,candidate_3,3,0.02
4304,candidate_1,candidate_2,candidate_3,3,0.02
4305,candidate_1,candidate_2,candidate_3,3,0.02
4306,candidate_1,candidate_2,candidate_3,3,0.02
4307,candidate_1,candidate_2,candidate_3,3,0.02
4308,candidate_1,candidate_2,0,3,0.02
4309,candidate_1,candidate_2,candidate_3,3,0.02
4310,candidate_1,candidate_2,candidate_3,3,0.02
4311,candidate_1,candidate_2,candidate_3,3,0.02
4312,candidate_1,candidate_2,candidate_3,3,0.02
4313,candidate_1,candidate_2,candidate_3,3,0.02
4314,candidate_1,candidate_2,candidate_3,3,0.02
4315,candidate_1,candidate_2,candidate_3,3,0.02
4316,candidate_1,candidate_2,candidate_3,3,0.02
4317,candidate_1,candidate_2,candidate_3,3,0.02
4318,candidate_1,candidate_2,candidate_3,3,0.02
4319,candidate_1,candidate_2,candidate_3,3,0.02
4320,candidate_1,candidate_2,candidate_3,3,0.02
4321,candidate_1,candidate_2,candidate_3,3,0.02
4322,candidate_1,candidate_2,0,3,0.02
4323,candidate_1,candidate_2,candidate_3,3,0.02
4324,candidate_1,candidate_2,candidate_3,3,0.02
4325,candidate_1,candidate_2,0,3,0.02
4326,candidate_1,candidate_2,candidate_3,3,0.02
4327,candidate_1,0,candidate_3,3,0.02
4328,candidate_1,candidate_2,candidate_3,3,0.02
4329,candidate_1,candidate_2,candidate_3,3,0.02
4330,candidate_1,candidate_2,candidate_3,3,0.02
4331,candidate_1,candidate_2,candidate_3,3,0.02
4332,candidate_1,candidate_2,candidate_3,3,0.02
4333,candidate_1,candidate_2,candidate_3,3,0.02
4334,candidate_1,candidate_2,candidate_3,3,0.02
4335,candidate_1,candidate_2,candidate_3,3,0.02
4336,candidate_1,candidate_2,candidate_3,3,0.02
4337,candidate_1,candidate_2,candidate_3,3,0.02
4338,candidate_1,candidate_2,candidate_3,3,0.02
4339,candidate_1,candidate_2,candidate_3,3,0.02
4340,candidate_1,candidate_2,candidate_3,3,0.02
4341,candidate_1,candidate_2,candidate_3,3,0.02
4342,candidate_1,candidate_2,candidate_3,3,0.02
4343,candidate_1,candidate_2,candidate_3,3,0.02
4344,candidate_1,candidate_2,candidate_3,3,0.02
4345,candidate_1,candidate_2,candidate_3,3,0.02
4346,candidate_1,candidate_2,candidate_3,3,0.02
4347,candidate_1,candidate_2,candidate_3,3,0.02
4348,candidate_1,candidate_2,candidate_3,3,0.02
4349,candidate_1,candidate_2,candidate_3,3,0.02
4350,candidate_1,candidate_2,candidate_3,3,0.02
4351,candidate_1,candidate_2,candidate_3,3,0.02
4352,candidate_1,candidate_2,candidate_3,3,0.02
4353,candidate_1,candidate_2,candidate_3,3,0.02
4354,candidate_1,candidate_2,candidate_3,3,0.02
4355,candidate_1,candidate_2,candidate_3,3,0.02
4356,candidate_1,candidate_2,candidate_3,3,0.02
4357,candidate_1,candidate_2,candidate_3,3,0.02
4358,candidate_1,candidate_2,candidate_3,3,0.02
4359,candidate_1,candidate_2,candidate_3,3,0.02
4360,candidate_1,candidate_2,candidate_3,3,0.02
4361,candidate_1,candidate_2,candidate_3,3,0.02
4362,candidate_1,candidate_2,candidate_3,3,0.02
4363,candidate_1,candidate_2,candidate_3,3,0.02
4364,candidate_1,candidate_2,candidate_3,3,0.02
4365,candidate_1,candidate_2,candidate_3,3,0.02
4366,candidate_1,candidate_2,candidate_3,3,0.02
4367,candidate_1,candidate_2,candidate_3,3,0.02
4368,candidate_1,candidate_2,candidate_3,3,0.02
4369,candidate_1,candidate_2,candidate_3,3,0.02
4370,candidate_1,candidate_2,candidate_3,3,0.02
4371,candidate_1,candidate_2,candidate_3,3,0.02
4372,candidate_1,candidate_2,candidate_3,3,0.02
4373,candidate_1,candidate_2,candidate_3,3,0.02
4374,candidate_1,candidate_2,candidate_3,3,0.02
4375,candidate_1,candidate_2,candidate_3,3,0.02
4376,candidate_1,candidate_2,candidate_3,3,0.02
4377,candidate_1,candidate_2,candidate_3,3,0.02
4378,candidate_1,candidate_2,candidate_3,3,0.02
4379,candidate_1,candidate_2,candidate_3,3,0.02
4380,candidate_1,candidate_2,candidate_3,3,0.02
4381,candidate_1,candidate_2,candidate_3,3,0.02
4382,candidate_1,candidate_2,candidate_3,3,0.02
4383,candidate_1,candidate_2,candidate_3,3,0.02
4384,candidate_1,candidate_2,candidate_3,3,0.02
4385,candidate_1,candidate_2,candidate_3,3,0.02
4386,candidate_1,candidate_2,candidate_3,3,0.02
4387,candidate_1,candidate_2,candidate_3,3,0.02
4388,candidate_1,candidate_2,candidate_3,3,0.02
4389,candidate_1,candidate_2,candidate_3,3,0.02
4390,candidate_1,candidate_2,candidate_3,3,0.02
4391,candidate_1,candidate_2,candidate_3,3,0.02
4392,candidate_1,candidate_2,candidate_3,3,0.02
4393,candidate_1,candidate_2,candidate_3,3,0.02
4394,candidate_1,candidate_2,candidate_3,3,0.02
4395,candidate_1,candidate_2,candidate_3,3,0.02
4396,candidate_1,candidate_2,candidate_3,3,0.02
4397,candidate_1,candidate_2,candidate_3,3,0.02
4398,candidate_1,candidate_2,candidate_3,3,0.02
4399,candidate_1,candidate_2,candidate_3,3,0.02
4400,candidate_1,candidate_2,candidate_3,3,0.02
4401,candidate_1,candidate_2,candidate_3,3,0.02
4402,candidate_1,candidate_2,candidate_3,3,0.02
4403,candidate_1,candidate_2,candidate_3,3,0.02
4404,candidate_1,candidate_2,candidate_3,3,0.02
4405,candidate_1,candidate_2,candidate_3,3,0.02
4406,candidate_1,candidate_2,candidate_3,3,0.02
4407,candidate_1,candidate_2,candidate_3,3,0.02
4408,candidate_1,candidate_2,candidate_3,3,0.02
4409,candidate_1,candidate_2,candidate_3,3,0.02
4410,candidate_1,candidate_2,candidate_3,3,0.02
4411,candidate_1,candidate_2,candidate_3,3,0.02
4412,candidate_1,candidate_2,candidate_3,3,0.02
4413,candidate_1,candidate_2,candidate_3,3,0.02
4414,candidate_1,candidate_2,candidate_3,3,0.02
4415,candidate_1,candidate_2,candidate_3,3,0.02
4416,candidate_1,candidate_2,candidate_3,3,0.02
4417,candidate_1,candidate_2,candidate_3,3,0.02
4418,candidate_1,candidate_2,candidate_3,3,0.02
4419,candidate_1,candidate_2,candidate_3,3,0.02
4420,candidate_1,candidate_2,candidate_3,3,0.02
4421,candidate_1,candidate_2,candidate_3,3,0.02
4422,0,candidate_2,candidate_3,3,0.02
4423,candidate_1,candidate_2,candidate_3,3,0.02
4424,candidate_1,candidate_2,candidate_3,3,0.02
4425,candidate_1,candidate_2,0,3,0.02
4426,candidate_1,candidate_2,candidate_3,3,0.02
4427,candidate_1,candidate_2,candidate_3,3,0.02
4428,candidate_1,candidate_2,candidate_3,3,0.02
4429,candidate_1,candidate_2,candidate_3,3,0.02
4430,candidate_1,candidate_2,0,3,0.02
4431,candidate_1,candidate_2,candidate_3,3,0.02
4432,candidate_1,candidate_2,candidate_3,3,0.02
4433,candidate_1,candidate_2,candidate_3,3,0.02
4434,candidate_1,candidate_2,candidate_3,3,0.02
4435,candidate_1,candidate_2,candidate_3,3,0.02
4436,candidate_1,candidate_2,candidate_3,3,0.02
4437,candidate_1,candidate_2,candidate_3,3,0.02
4438,candidate_1,candidate_2,candidate_3,3,0.02
4439,candidate_1,candidate_2,candidate_3,3,0.02
4440,candidate_1,candidate_2,candidate_3,3,0.02
4441,candidate_1,candidate_2,candidate_3,3,0.02
4442,candidate_1,candidate_2,candidate_3,3,0.02
4443,candidate_1,candidate_2,candidate_3,3,0.02
4444,candidate_1,candidate_2,candidate_3,3,0.02
4445,candidate_1,candidate_2,candidate_3,3,0.02
4446,candidate_1,candidate_2,candidate_3,3,0.02
4447,candidate_1,candidate_2,candidate_3,3,0.02
4448,candidate_1,candidate_2,candidate_3,3,0.02
4449,candidate_1,candidate_2,candidate_3,3,0.02
4450,candidate_1,candidate_2,candidate_3,3,0.02
4451,candidate_1,candidate_2,candidate_3,3,0.02
4452,candidate_1,candidate_2,candidate_3,3,0.02
4453,candidate_1,candidate_2,candidate_3,3,0.02
4454,candidate_1,candidate_2,candidate_3,3,0.02
4455,0,candidate_2,candidate_3,3,0.02
4456,candidate_1,candidate_2,candidate_3,3,0.02
4457,candidate_1,candidate_2,candidate_3,3,0.02
4458,candidate_1,candidate_2,candidate_3,3,0.02
4459,candidate_1,candidate_2,candidate_3,3,0.02
4460,candidate_1,candidate_2,candidate_3,3,0.02
4461,candidate_1,candidate_2,candidate_3,3,0.02
4462,candidate_1,candidate_2,candidate_3,3,0.02
4463,0,candidate_2,candidate_3,3,0.02
4464,0,candidate_2,candidate_3,3,0.02
4465,candidate_1,candidate_2,candidate_3,3,0.02
4466,candidate_1,candidate_2,candidate_3,3,0.02
4467,candidate_1,candidate_2,candidate_3,3,0.02
4468,candidate_1,candidate_2,candidate_3,3,0.02
4469,candidate_1,candidate_2,candidate_3,3,0.02
4470,candidate_1,candidate_2,candidate_3,3,0.02
4471,candidate_1,candidate_2,candidate_3,3,0.02
4472,candidate_1,candidate_2,candidate_3,3,0.02
4473,candidate_1,candidate_2,candidate_3,3,0.02
4474,candidate_1,candidate_2,candidate_3,3,0.02
4475,candidate_1,candidate_2,candidate_3,3,0.02
4476,candidate_1,candidate_2,candidate_3,3,0.02
4477,candidate_1,candidate_2,candidate_3,3,0.02
4478,candidate_1,candidate_2,candidate_3,3,0.02
4479,candidate_1,candidate_2,candidate_3,3,0.02
4480,candidate_1,candidate_2,candidate_3,3,0.02
4481,candidate_1,candidate_2,candidate_3,3,0.02
4482,candidate_1,candidate_2,candidate_3,3,0.02
4483,0,candidate_2,candidate_3,3,0.02
4484,candidate_1,candidate_2,candidate_3,3,0.02
4485,0,candidate_2,candidate_3,3,0.02
4486,candidate_1,candidate_2,candidate_3,3,0.02
4487,candidate_1,candidate_2,candidate_3,3,0.02
4488,candidate_1,candidate_2,candidate_3,3,0.02
4489,candidate_1,candidate_2,candidate_3,3,0.02
4490,candidate_1,candidate_2,candidate_3,3,0.02
4491,candidate_1,candidate_2,candidate_3,3,0.02
4492,candidate_1,candidate_2,0,3,0.02
4493,candidate_1,candidate_2,candidate_3,3,0.02
4494,candidate_1,candidate_2,0,3,0.02
4495,candidate_1,candidate_2,candidate_3,3,0.02
4496,candidate_1,candidate_2,candidate_3,3,0.02
4497,candidate_1,candidate_2,candidate_3,3,0.02
4498,candidate_1,candidate_2,candidate_3,3,0.02
4499,candidate_1,candidate_2,candidate_3,3,0.02
4500,candidate_1,candidate_2,candidate_3,3,0.02
4501,candidate_1,candidate_2,candidate_3,3,0.02
4502,candidate_1,candidate_2,candidate_3,3,0.02
4503,candidate_1,candidate_2,candidate_3,3,0.02
4504,candidate_1,candidate_2,candidate_3,3,0.02
4505,candidate_1,candidate_2,candidate_3,3,0.02
4506,candidate_1,candidate_2,candidate_3,3,0.02
4507,candidate_1,candidate_2,candidate_3,3,0.02
4508,candidate_1,candidate_2,candidate_3,3,0.02
4509,candidate_1,0,candidate_3,3,0.02
4510,candidate_1,candidate_2,candidate_3,3,0.02
4511,candidate_1,candidate_2,candidate_3,3,0.02
4512,candidate_1,candidate_2,candidate_3,3,0.02
4513,candidate_1,candidate_2,candidate_3,3,0.02
4514,candidate_1,candidate_2,candidate_3,3,0.02
4515,candidate_1,candidate_2,candidate_3,3,0.02
4516,candidate_1,candidate_2,candidate_3,3,0.02
4517,candidate_1,candidate_2,candidate_3,3,0.02
4518,candidate_1,candidate_2,candidate_3,3,0.02
4519,candidate_1,0,candidate_3,3,0.02
4520,candidate_1,candidate_2,candidate_3,3,0.02
4521,candidate_1,candidate_2,candidate_3,3,0.02
4522,candidate_1,candidate_2,candidate_3,3,0.02
4523,candidate_1,candidate_2,candidate_3,3,0.02
4524,candidate_1,candidate_2,candidate_3,3,0.02
4525,candidate_1,candidate_2,candidate_3,3,0.02
4526,candidate_1,candidate_2,candidate_3,3,0.02
4527,candidate_1,candidate_2,candidate_3,3,0.02
4528,candidate_1,candidate_2,candidate_3,3,0.02
4529,candidate_1,candidate_2,candidate_3,3,0.02
4530,candidate_1,candidate_2,candidate_3,3,0.02
4531,candidate_1,candidate_2,candidate_3,3,0.02
4532,candidate_1,candidate_2,candidate_3,3,0.02
4533,candidate_1,candidate_2,candidate_3,3,0.02
4534,candidate_1,candidate_2,candidate_3,3,0.02
4535,candidate_1,candidate_2,candidate_3,3,0.02
4536,candidate_1,candidate_2,candidate_3,3,0.02
4537,candidate_1,candidate_2,candidate_3,3,0.02
4538,candidate_1,candidate_2,candidate_3,3,0.02
4539,candidate_1,candidate_2,candidate_3,3,0.02
4540,candidate_1,candidate_2,candidate_3,3,0.02
4541,candidate_1,candidate_2,candidate_3,3,0.02
4542,candidate_1,candidate_2,candidate_3,3,0.02
4543,candidate_1,candidate_2,candidate_3,3,0.02
4544,candidate_1,candidate_2,candidate_3,3,0.02
4545,candidate_1,candidate_2,candidate_3,3,0.02
4546,candidate_1,candidate_2,0,3,0.02
4547,candidate_1,candidate_2,candidate_3,3,0.02
4548,candidate_1,candidate_2,candidate_3,3,0.02
4549,candidate_1,candidate_2,candidate_3,3,0.02
4550,candidate_1,candidate_2,candidate_3,3,0.02
4551,candidate_1,candidate_2,candidate_3,3,0.02
4552,candidate_1,candidate_2,candidate_3,3,0.02
4553,candidate_1,candidate_2,candidate_3,3,0.02
4554,candidate_1,candidate_2,candidate_3,3,0.02
4555,candidate_1,candidate_2,candidate_3,3,0.02
4556,candidate_1,candidate_2,candidate_3,3,0.02
4557,candidate_1,candidate_2,candidate_3,3,0.02
4558,candidate_1,candidate_2,candidate_3,3,0.02
4559,candidate_1,candidate_2,candidate_3,3,0.02
4560,candidate_1,candidate_2,candidate_3,3,0.02
4561,candidate_1,candidate_2,candidate_3,3,0.02
4562,candidate_1,candidate_2,candidate_3,3,0.02
4563,candidate_1,candidate_2,candidate_3,3,0.02
4564,candidate_1,candidate_2,candidate_3,3,0.02
4565,candidate_1,candidate_2,candidate_3,3,0.02
4566,candidate_1,candidate_2,candidate_3,3,0.02
4567,candidate_1,candidate_2,candidate_3,3,0.02
4568,candidate_1,candidate_2,candidate_3,3,0.02
4569,candidate_1,candidate_2,0,3,0.02
4570,candidate_1,candidate_2,candidate_3,3,0.02
4571,candidate_1,candidate_2,candidate_3,3,0.02
4572,candidate_1,candidate_2,candidate_3,3,0.02
4573,candidate_1,candidate_2,candidate_3,3,0.02
4574,candidate_1,candidate_2,candidate_3,3,0.02
4575,candidate_1,candidate_2,candidate_3,3,0.02
4576,candidate_1,candidate_2,candidate_3,3,0.02
4577,candidate_1,candidate_2,candidate_3,3,0.02
4578,candidate_1,candidate_2,candidate_3,3,0.02
4579,candidate_1,candidate_2,candidate_3,3,0.02
4580,candidate_1,candidate_2,candidate_3,3,0.02
4581,candidate_1,0,candidate_3,3,0.02
4582,candidate_1,candidate_2,candidate_3,3,0.02
4583,candidate_1,candidate_2,candidate_3,3,0.02
4584,candidate_1,0,candidate_3,3,0.02
4585,candidate_1,candidate_2,candidate_3,3,0.02
4586,candidate_1,candidate_2,candidate_3,3,0.02
4587,candidate_1,candidate_2,candidate_3,3,0.02
4588,candidate_1,candidate_2,candidate_3,3,0.02
4589,candidate_1,candidate_2,candidate_3,3,0.02
4590,candidate_1,candidate_2,candidate_3,3,0.02
4591,candidate_1,candidate_2,candidate_3,3,0.02
4592,candidate_1,candidate_2,candidate_3,3,0.02
4593,candidate_1,candidate_2,candidate_3,3,0.02
4594,candidate_1,candidate_2,candidate_3,3,0.02
4595,candidate_1,candidate_2,candidate_3,3,0.02
4596,candidate_1,candidate_2,candidate_3,3,0.02
4597,candidate_1,candidate_2,candidate_3,3,0.02
4598,candidate_1,candidate_2,candidate_3,3,0.02
4599,candidate_1,candidate_2,candidate_3,3,0.02
4600,0,candidate_2,candidate_3,3,0.02
4601,candidate_1,candidate_2,candidate_3,3,0.02
4602,candidate_1,candidate_2,candidate_3,3,0.02
4603,candidate_1,candidate_2,candidate_3,3,0.02
4604,candidate_1,candidate_2,candidate_3,3,0.02
4605,candidate_1,candidate_2,candidate_3,3,0.02
4606,candidate_1,candidate_2,candidate_3,3,0.02
4607,candidate_1,candidate_2,candidate_3,3,0.02
4608,candidate_1,candidate_2,candidate_3,3,0.02
4609,candidate_1,candidate_2,candidate_3,3,0.02
4610,candidate_1,candidate_2,candidate_3,3,0.02
4611,candidate_1,candidate_2,candidate_3,3,0.02
4612,candidate_1,candidate_2,candidate_3,3,0.02
4613,candidate_1,candidate_2,candidate_3,3,0.02
4614,candidate_1,candidate_2,candidate_3,3,0.02
4615,candidate_1,candidate_2,candidate_3,3,0.02
4616,candidate_1,candidate_2,candidate_3,3,0.02
4617,candidate_1,candidate_2,candidate_3,3,0.02
4618,candidate_1,candidate_2,candidate_3,3,0.02
4619,candidate_1,candidate_2,candidate_3,3,0.02
4620,candidate_1,candidate_2,candidate_3,3,0.02
4621,candidate_1,candidate_2,candidate_3,3,0.02
4622,candidate_1,candidate_2,candidate_3,3,0.02
4623,candidate_1,candidate_2,candidate_3,3,0.02
4624,candidate_1,candidate_2,candidate_3,3,0.02
4625,candidate_1,candidate_2,candidate_3,3,0.02
4626,candidate_1,candidate_2,candidate_3,3,0.02
4627,candidate_1,candidate_2,candidate_3,3,0.02
4628,candidate_1,candidate_2,0,3,0.02
0,candidate_1,candidate_3,candidate_2,3,0.02
1,candidate_1,candidate_3,candidate_2,3,0.02
2,candidate_1,candidate_3,candidate_2,3,0.02
3,candidate_1,candidate_3,candidate_2,3,0.02
4,candidate_1,candidate_3,candidate_2,3,0.02
5,candidate_1,candidate_3,candidate_2,3,0.02
6,candidate_1,candidate_3,candidate_2,3,0.02
7,candidate_1,candidate_3,candidate_2,3,0.02
8,candidate_1,candidate_3,candidate_2,3,0.02
9,candidate_1,candidate_3,candidate_2,3,0.02
10,candidate_1,candidate_3,candidate_2,3,0.02
11,candidate_1,candidate_3,candidate_2,3,0.02
12,candidate_1,candidate_3,candidate_2,3,0.02
13,candidate_1,candidate_3,candidate_2,3,0.02
14,candidate_1,candidate_3,candidate_2,3,0.02
15,candidate_1,candidate_3,candidate_2,3,0.02
16,candidate_1,candidate_3,candidate_2,3,0.02
17,candidate_1,candidate_3,candidate_2,3,0.02
18,candidate_1,candidate_3,candidate_2,3,0.02
19,candidate_1,candidate_3,candidate_2,3,0.02
20,candidate_1,candidate_3,candidate_2,3,0.02
21,candidate_1,candidate_3,candidate_2,3,0.02
22,candidate_1,candidate_3,candidate_2,3,0.02
23,candidate_1,candidate_3,candidate_2,3,0.02
24,candidate_1,candidate_3,candidate_2,3,0.02
25,candidate_1,candidate_3,candidate_2,3,0.02
26,candidate_1,candidate_3,candidate_2,3,0.02
27,candidate_1,candidate_3,candidate_2,3,0.02
28,candidate_1,candidate_3,candidate_2,3,0.02
29,candidate_1,candidate_3,candidate_2,3,0.02
30,candidate_1,candidate_3,candidate_2,3,0.02
31,candidate_1,candidate_3,candidate_2,3,0.02
32,candidate_1,candidate_3,candidate_2,3,0.02
33,candidate_1,candidate_3,candidate_2,3,0.02
34,candidate_1,candidate_3,candidate_2,3,0.02
35,candidate_1,candidate_3,candidate_2,3,0.02
36,candidate_1,candidate_3,candidate_2,3,0.02
37,candidate_1,candidate_3,candidate_2,3,0.02
38,candidate_1,candidate_3,candidate_2,3,0.02
39,candidate_1,candidate_3,candidate_2,3,0.02
40,candidate_1,candidate_3,candidate_2,3,0.02
41,candidate_1,candidate_3,candidate_2,3,0.02
42,candidate_1,candidate_3,candidate_2,3,0.02
43,candidate_1,candidate_3,candidate_2,3,0.02
44,candidate_1,candidate_3,candidate_2,3,0.02
45,candidate_1,candidate_3,candidate_2,3,0.02
46,candidate_1,candidate_3,candidate_2,3,0.02
47,candidate_1,0,candidate_2,3,0.02
48,candidate_1,candidate_3,candidate_2,3,0.02
49,candidate_1,candidate_3,candidate_2,3,0.02
50,candidate_1,candidate_3,candidate_2,3,0.02
51,candidate_1,candidate_3,candidate_2,3,0.02
52,candidate_1,candidate_3,candidate_2,3,0.02
53,candidate_1,candidate_3,candidate_2,3,0.02
54,candidate_1,candidate_3,candidate_2,3,0.02
55,candidate_1,candidate_3,candidate_2,3,0.02
56,candidate_1,candidate_3,candidate_2,3,0.02
57,candidate_1,candidate_3,candidate_2,3,0.02
58,candidate_1,candidate_3,candidate_2,3,0.02
59,candidate_1,candidate_3,candidate_2,3,0.02
60,candidate_1,candidate_3,candidate_2,3,0.02
61,candidate_1,candidate_3,candidate_2,3,0.02
62,candidate_1,candidate_3,candidate_2,3,0.02
63,candidate_1,candidate_3,candidate_2,3,0.02
64,candidate_1,candidate_3,candidate_2,3,0.02
65,candidate_1,candidate_3,candidate_2,3,0.02
66,candidate_1,candidate_3,candidate_2,3,0.02
67,candidate_1,candidate_3,candidate_2,3,0.02
68,candidate_1,candidate_3,candidate_2,3,0.02
69,candidate_1,candidate_3,candidate_2,3,0.02
70,candidate_1,candidate_3,candidate_2,3,0.02
71,candidate_1,candidate_3,candidate_2,3,0.02
72,candidate_1,candidate_3,candidate_2,3,0.02
73,candidate_1,candidate_3,candidate_2,3,0.02
74,candidate_1,candidate_3,candidate_2,3,0.02
75,candidate_1,candidate_3,candidate_2,3,0.02
76,candidate_1,candidate_3,candidate_2,3,0.02
77,candidate_1,candidate_3,0,3,0.02
78,candidate_1,candidate_3,candidate_2,3,0.02
79,candidate_1,candidate_3,candidate_2,3,0.02
80,candidate_1,candidate_3,candidate_2,3,0.02
81,candidate_1,candidate_3,candidate_2,3,0.02
82,candidate_1,candidate_3,candidate_2,3,0.02
83,candidate_1,candidate_3,candidate_2,3,0.02
84,candidate_1,candidate_3,candidate_2,3,0.02
85,candidate_1,candidate_3,candidate_2,3,0.02
86,candidate_1,candidate_3,candidate_2,3,0.02
87,candidate_1,candidate_3,candidate_2,3,0.02
88,candidate_1,candidate_3,candidate_2,3,0.02
89,candidate_1,candidate_3,candidate_2,3,0.02
90,candidate_1,candidate_3,candidate_2,3,0.02
91,candidate_1,candidate_3,candidate_2,3,0.02
92,candidate_1,candidate_3,candidate_2,3,0.02
93,candidate_1,candidate_3,candidate_2,3,0.02
94,candidate_1,candidate_3,candidate_2,3,0.02
95,candidate_1,candidate_3,candidate_2,3,0.02
96,candidate_1,candidate_3,candidate_2,3,0.02
97,candidate_1,candidate_3,candidate_2,3,0.02
98,candidate_1,candidate_3,0,3,0.02
99,candidate_1,candidate_3,candidate_2,3,0.02
100,candidate_1,candidate_3,candidate_2,3,0.02
101,candidate_1,candidate_3,candidate_2,3,0.02
102,candidate_1,candidate_3,candidate_2,3,0.02
103,candidate_1,candidate_3,candidate_2,3,0.02
104,candidate_1,candidate_3,candidate_2,3,0.02
105,candidate_1,candidate_3,candidate_2,3,0.02
106,candidate_1,candidate_3,candidate_2,3,0.02
107,candidate_1,candidate_3,candidate_2,3,0.02
108,candidate_1,candidate_3,candidate_2,3,0.02
109,candidate_1,candidate_3,candidate_2,3,0.02
110,candidate_1,candidate_3,candidate_2,3,0.02
111,candidate_1,candidate_3,candidate_2,3,0.02
112,candidate_1,candidate_3,candidate_2,3,0.02
113,candidate_1,candidate_3,candidate_2,3,0.02
114,candidate_1,candidate_3,candidate_2,3,0.02
115,candidate_1,candidate_3,candidate_2,3,0.02
116,candidate_1,candidate_3,0,3,0.02
117,candidate_1,candidate_3,candidate_2,3,0.02
118,candidate_1,candidate_3,candidate_2,3,0.02
119,candidate_1,candidate_3,candidate_2,3,0.02
120,candidate_1,candidate_3,candidate_2,3,0.02
121,candidate_1,candidate_3,candidate_2,3,0.02
122,candidate_1,candidate_3,candidate_2,3,0.02
123,candidate_1,candidate_3,candidate_2,3,0.02
124,candidate_1,candidate_3,candidate_2,3,0.02
125,candidate_1,0,candidate_2,3,0.02
126,candidate_1,candidate_3,0,3,0.02
127,candidate_1,candidate_3,candidate_2,3,0.02
128,candidate_1,candidate_3,candidate_2,3,0.02
129,0,candidate_3,candidate_2,3,0.02
130,candidate_1,candidate_3,candidate_2,3,0.02
131,candidate_1,candidate_3,candidate_2,3,0.02
132,candidate_1,candidate_3,candidate_2,3,0.02
133,candidate_1,candidate_3,candidate_2,3,0.02
134,candidate_1,candidate_3,candidate_2,3,0.02
135,candidate_1,candidate_3,candidate_2,3,0.02
136,candidate_1,candidate_3,candidate_2,3,0.02
137,candidate_1,candidate_3,candidate_2,3,0.02
138,candidate_1,candidate_3,candidate_2,3,0.02
139,candidate_1,candidate_3,candidate_2,3,0.02
140,candidate_1,candidate_3,candidate_2,3,0.02
141,candidate_1,candidate_3,candidate_2,3,0.02
142,candidate_1,candidate_3,candidate_2,3,0.02
143,candidate_1,candidate_3,candidate_2,3,0.02
144,candidate_1,candidate_3,candidate_2,3,0.02
145,candidate_1,candidate_3,candidate_2,3,0.02
146,candidate_1,candidate_3,candidate_2,3,0.02
147,candidate_1,candidate_3,candidate_2,3,0.02
148,candidate_1,candidate_3,candidate_2,3,0.02
149,candidate_1,candidate_3,candidate_2,3,0.02
150,candidate_1,candidate_3,candidate_2,3,0.02
151,candidate_1,candidate_3,candidate_2,3,0.02
152,candidate_1,candidate_3,candidate_2,3,0.02
153,candidate_1,candidate_3,candidate_2,3,0.02
154,candidate_1,candidate_3,candidate_2,3,0.02
155,candidate_1,candidate_3,candidate_2,3,0.02
156,candidate_1,candidate_3,candidate_2,3,0.02
157,candidate_1,candidate_3,candidate_2,3,0.02
158,candidate_1,candidate_3,candidate_2,3,0.02
159,candidate_1,candidate_3,candidate_2,3,0.02
160,candidate_1,candidate_3,candidate_2,3,0.02
161,candidate_1,candidate_3,candidate_2,3,0.02
162,candidate_1,candidate_3,candidate_2,3,0.02
163,candidate_1,candidate_3,candidate_2,3,0.02
164,candidate_1,candidate_3,candidate_2,3,0.02
165,candidate_1,candidate_3,candidate_2,3,0.02
166,candidate_1,candidate_3,candidate_2,3,0.02
167,candidate_1,candidate_3,candidate_2,3,0.02
168,candidate_1,candidate_3,candidate_2,3,0.02
169,candidate_1,candidate_3,candidate_2,3,0.02
170,candidate_1,candidate_3,candidate_2,3,0.02
171,candidate_1,candidate_3,candidate_2,3,0.02
172,candidate_1,candidate_3,candidate_2,3,0.02
173,candidate_1,candidate_3,candidate_2,3,0.02
174,candidate_1,candidate_3,candidate_2,3,0.02
175,candidate_1,candidate_3,candidate_2,3,0.02
176,candidate_1,candidate_3,candidate_2,3,0.02
177,candidate_1,candidate_3,candidate_2,3,0.02
178,candidate_1,candidate_3,candidate_2,3,0.02
179,candidate_1,candidate_3,candidate_2,3,0.02
180,candidate_1,candidate_3,candidate_2,3,0.02
181,candidate_1,candidate_3,candidate_2,3,0.02
182,candidate_1,candidate_3,candidate_2,3,0.02
183,candidate_1,candidate_3,candidate_2,3,0.02
184,candidate_1,candidate_3,candidate_2,3,0.02
185,candidate_1,candidate_3,candidate_2,3,0.02
186,candidate_1,candidate_3,candidate_2,3,0.02
187,candidate_1,candidate_3,candidate_2,3,0.02
188,candidate_1,candidate_3,candidate_2,3,0.02
189,candidate_1,candidate_3,candidate_2,3,0.02
190,candidate_1,candidate_3,candidate_2,3,0.02
191,candidate_1,candidate_3,candidate_2,3,0.02
192,candidate_1,candidate_3,candidate_2,3,0.02
193,candidate_1,candidate_3,candidate_2,3,0.02
194,0,candidate_3,candidate_2,3,0.02
195,candidate_1,candidate_3,candidate_2,3,0.02
196,candidate_1,candidate_3,candidate_2,3,0.02
197,candidate_1,candidate_3,candidate_2,3,0.02
198,candidate_1,candidate_3,candidate_2,3,0.02
199,candidate_1,candidate_3,candidate_2,3,0.02
200,candidate_1,candidate_3,candidate_2,3,0.02
201,candidate_1,candidate_3,candidate_2,3,0.02
202,candidate_1,candidate_3,candidate_2,3,0.02
203,candidate_1,candidate_3,0,3,0.02
204,candidate_1,candidate_3,candidate_2,3,0.02
205,candidate_1,candidate_3,candidate_2,3,0.02
206,candidate_1,candidate_3,candidate_2,3,0.02
207,candidate_1,candidate_3,candidate_2,3,0.02
208,candidate_1,candidate_3,candidate_2,3,0.02
209,candidate_1,candidate_3,candidate_2,3,0.02
210,candidate_1,candidate_3,candidate_2,3,0.02
211,candidate_1,candidate_3,candidate_2,3,0.02
212,candidate_1,candidate_3,candidate_2,3,0.02
213,candidate_1,candidate_3,candidate_2,3,0.02
214,candidate_1,candidate_3,candidate_2,3,0.02
215,candidate_1,candidate_3,candidate_2,3,0.02
216,candidate_1,candidate_3,candidate_2,3,0.02
217,candidate_1,candidate_3,candidate_2,3,0.02
218,candidate_1,candidate_3,candidate_2,3,0.02
219,candidate_1,candidate_3,candidate_2,3,0.02
220,candidate_1,candidate_3,candidate_2,3,0.02
221,candidate_1,candidate_3,candidate_2,3,0.02
222,candidate_1,candidate_3,candidate_2,3,0.02
223,candidate_1,candidate_3,candidate_2,3,0.02
224,candidate_1,candidate_3,candidate_2,3,0.02
225,candidate_1,candidate_3,candidate_2,3,0.02
226,candidate_1,0,candidate_2,3,0.02
227,candidate_1,candidate_3,candidate_2,3,0.02
228,candidate_1,candidate_3,candidate_2,3,0.02
229,candidate_1,candidate_3,candidate_2,3,0.02
230,candidate_1,candidate_3,candidate_2,3,0.02
231,candidate_1,candidate_3,candidate_2,3,0.02
232,candidate_1,candidate_3,candidate_2,3,0.02
233,candidate_1,candidate_3,candidate_2,3,0.02
234,candidate_1,candidate_3,candidate_2,3,0.02
235,candidate_1,candidate_3,candidate_2,3,0.02
236,candidate_1,candidate_3,candidate_2,3,0.02
237,candidate_1,candidate_3,candidate_2,3,0.02
238,candidate_1,candidate_3,candidate_2,3,0.02
239,candidate_1,candidate_3,candidate_2,3,0.02
240,candidate_1,candidate_3,candidate_2,3,0.02
241,candidate_1,candidate_3,candidate_2,3,0.02
242,candidate_1,candidate_3,candidate_2,3,0.02
243,candidate_1,candidate_3,candidate_2,3,0.02
244,candidate_1,candidate_3,candidate_2,3,0.02
245,candidate_1,candidate_3,candidate_2,3,0.02
246,candidate_1,candidate_3,candidate_2,3,0.02
247,candidate_1,candidate_3,candidate_2,3,0.02
248,candidate_1,candidate_3,candidate_2,3,0.02
249,candidate_1,candidate_3,candidate_2,3,0.02
250,candidate_1,candidate_3,candidate_2,3,0.02
251,candidate_1,candidate_3,candidate_2,3,0.02
252,candidate_1,candidate_3,candidate_2,3,0.02
253,candidate_1,candidate_3,candidate_2,3,0.02
254,candidate_1,candidate_3,candidate_2,3,0.02
255,candidate_1,candidate_3,candidate_2,3,0.02
256,candidate_1,candidate_3,candidate_2,3,0.02
257,candidate_1,candidate_3,candidate_2,3,0.02
258,candidate_1,candidate_3,candidate_2,3,0.02
259,candidate_1,candidate_3,candidate_2,3,0.02
260,candidate_1,candidate_3,candidate_2,3,0.02
261,candidate_1,candidate_3,candidate_2,3,0.02
262,candidate_1,candidate_3,candidate_2,3,0.02
263,candidate_1,candidate_3,candidate_2,3,0.02
264,candidate_1,candidate_3,candidate_2,3,0.02
265,candidate_1,candidate_3,candidate_2,3,0.02
266,candidate_1,candidate_3,candidate_2,3,0.02
267,candidate_1,0,candidate_2,3,0.02
268,candidate_1,candidate_3,candidate_2,3,0.02
269,candidate_1,candidate_3,candidate_2,3,0.02
270,candidate_1,candidate_3,candidate_2,3,0.02
271,candidate_1,candidate_3,candidate_2,3,0.02
272,candidate_1,candidate_3,candidate_2,3,0.02
273,candidate_1,candidate_3,candidate_2,3,0.02
274,candidate_1,candidate_3,candidate_2,3,0.02
275,candidate_1,candidate_3,candidate_2,3,0.02
276,candidate_1,candidate_3,candidate_2,3,0.02
277,candidate_1,candidate_3,candidate_2,3,0.02
278,candidate_1,candidate_3,candidate_2,3,0.02
279,candidate_1,candidate_3,candidate_2,3,0.02
280,candidate_1,candidate_3,candidate_2,3,0.02
281,candidate_1,candidate_3,candidate_2,3,0.02
282,candidate_1,candidate_3,candidate_2,3,0.02
283,candidate_1,candidate_3,candidate_2,3,0.02
284,candidate_1,candidate_3,candidate_2,3,0.02
285,candidate_1,candidate_3,candidate_2,3,0.02
286,candidate_1,candidate_3,candidate_2,3,0.02
287,candidate_1,candidate_3,candidate_2,3,0.02
288,candidate_1,candidate_3,candidate_2,3,0.02
289,candidate_1,candidate_3,candidate_2,3,0.02
290,candidate_1,candidate_3,candidate_2,3,0.02
291,candidate_1,candidate_3,candidate_2,3,0.02
292,candidate_1,candidate_3,candidate_2,3,0.02
293,candidate_1,candidate_3,candidate_2,3,0.02
294,candidate_1,candidate_3,candidate_2,3,0.02
295,candidate_1,candidate_3,candidate_2,3,0.02
296,candidate_1,candidate_3,candidate_2,3,0.02
297,candidate_1,candidate_3,candidate_2,3,0.02
298,candidate_1,candidate_3,candidate_2,3,0.02
299,candidate_1,candidate_3,candidate_2,3,0.02
300,candidate_1,candidate_3,candidate_2,3,0.02
301,candidate_1,candidate_3,candidate_2,3,0.02
302,candidate_1,candidate_3,candidate_2,3,0.02
303,candidate_1,candidate_3,candidate_2,3,0.02
304,candidate_1,candidate_3,candidate_2,3,0.02
305,candidate_1,candidate_3,candidate_2,3,0.02
306,candidate_1,candidate_3,candidate_2,3,0.02
307,candidate_1,candidate_3,candidate_2,3,0.02
308,candidate_1,candidate_3,candidate_2,3,0.02
309,candidate_1,candidate_3,candidate_2,3,0.02
310,candidate_1,candidate_3,candidate_2,3,0.02
311,candidate_1,candidate_3,candidate_2,3,0.02
312,candidate_1,candidate_3,candidate_2,3,0.02
313,candidate_1,candidate_3,candidate_2,3,0.02
314,candidate_1,candidate_3,candidate_2,3,0.02
315,candidate_1,candidate_3,candidate_2,3,0.02
316,candidate_1,candidate_3,candidate_2,3,0.02
317,candidate_1,candidate_3,candidate_2,3,0.02
318,candidate_1,candidate_3,candidate_2,3,0.02
319,candidate_1,candidate_3,candidate_2,3,0.02
320,candidate_1,candidate_3,candidate_2,3,0.02
321,candidate_1,candidate_3,candidate_2,3,0.02
322,candidate_1,candidate_3,0,3,0.02
323,candidate_1,candidate_3,candidate_2,3,0.02
324,0,candidate_3,candidate_2,3,0.02
325,candidate_1,0,candidate_2,3,0.02
326,candidate_1,candidate_3,candidate_2,3,0.02
327,candidate_1,candidate_3,candidate_2,3,0.02
328,candidate_1,candidate_3,candidate_2,3,0.02
329,candidate_1,candidate_3,candidate_2,3,0.02
330,0,candidate_3,candidate_2,3,0.02
331,candidate_1,candidate_3,candidate_2,3,0.02
332,candidate_1,candidate_3,candidate_2,3,0.02
333,candidate_1,candidate_3,candidate_2,3,0.02
334,candidate_1,candidate_3,candidate_2,3,0.02
335,candidate_1,candidate_3,candidate_2,3,0.02
336,0,candidate_3,candidate_2,3,0.02
337,candidate_1,candidate_3,candidate_2,3,0.02
338,candidate_1,candidate_3,candidate_2,3,0.02
339,candidate_1,candidate_3,candidate_2,3,0.02
340,candidate_1,candidate_3,candidate_2,3,0.02
341,candidate_1,candidate_3,candidate_2,3,0.02
342,candidate_1,candidate_3,candidate_2,3,0.02
343,candidate_1,candidate_3,candidate_2,3,0.02
344,candidate_1,candidate_3,candidate_2,3,0.02
345,0,candidate_3,candidate_2,3,0.02
346,candidate_1,candidate_3,candidate_2,3,0.02
347,candidate_1,candidate_3,candidate_2,3,0.02
348,0,candidate_3,candidate_2,3,0.02
349,candidate_1,candidate_3,candidate_2,3,0.02
350,candidate_1,candidate_3,candidate_2,3,0.02
351,candidate_1,candidate_3,candidate_2,3,0.02
352,candidate_1,candidate_3,candidate_2,3,0.02
353,candidate_1,candidate_3,candidate_2,3,0.02
354,candidate_1,candidate_3,candidate_2,3,0.02
355,candidate_1,candidate_3,candidate_2,3,0.02
356,candidate_1,candidate_3,candidate_2,3,0.02
357,candidate_1,0,candidate_2,3,0.02
358,candidate_1,candidate_3,candidate_2,3,0.02
359,candidate_1,candidate_3,candidate_2,3,0.02
360,candidate_1,candidate_3,candidate_2,3,0.02
361,candidate_1,candidate_3,candidate_2,3,0.02
362,candidate_1,candidate_3,candidate_2,3,0.02
363,candidate_1,candidate_3,candidate_2,3,0.02
364,candidate_1,candidate_3,candidate_2,3,0.02
365,candidate_1,candidate_3,candidate_2,3,0.02
366,candidate_1,candidate_3,candidate_2,3,0.02
367,candidate_1,candidate_3,candidate_2,3,0.02
368,candidate_1,candidate_3,candidate_2,3,0.02
369,candidate_1,candidate_3,candidate_2,3,0.02
370,candidate_1,candidate_3,candidate_2,3,0.02
371,candidate_1,candidate_3,candidate_2,3,0.02
372,candidate_1,candidate_3,candidate_2,3,0.02
373,candidate_1,candidate_3,0,3,0.02
374,candidate_1,candidate_3,candidate_2,3,0.02
375,candidate_1,candidate_3,candidate_2,3,0.02
376,candidate_1,candidate_3,candidate_2,3,0.02
377,candidate_1,candidate_3,candidate_2,3,0.02
378,candidate_1,candidate_3,candidate_2,3,0.02
379,candidate_1,candidate_3,candidate_2,3,0.02
380,candidate_1,candidate_3,candidate_2,3,0.02
381,candidate_1,candidate_3,candidate_2,3,0.02
382,candidate_1,candidate_3,candidate_2,3,0.02
383,candidate_1,candidate_3,candidate_2,3,0.02
384,candidate_1,candidate_3,candidate_2,3,0.02
385,candidate_1,candidate_3,candidate_2,3,0.02
386,candidate_1,candidate_3,candidate_2,3,0.02
387,candidate_1,candidate_3,candidate_2,3,0.02
388,candidate_1,candidate_3,candidate_2,3,0.02
389,candidate_1,candidate_3,candidate_2,3,0.02
390,candidate_1,candidate_3,candidate_2,3,0.02
391,candidate_1,candidate_3,candidate_2,3,0.02
392,candidate_1,candidate_3,candidate_2,3,0.02
393,candidate_1,candidate_3,candidate_2,3,0.02
394,candidate_1,candidate_3,candidate_2,3,0.02
395,candidate_1,candidate_3,candidate_2,3,0.02
396,candidate_1,candidate_3,candidate_2,3,0.02
397,candidate_1,candidate_3,candidate_2,3,0.02
398,candidate_1,candidate_3,candidate_2,3,0.02
399,candidate_1,candidate_3,candidate_2,3,0.02
400,candidate_1,candidate_3,candidate_2,3,0.02
401,candidate_1,candidate_3,candidate_2,3,0.02
402,candidate_1,candidate_3,candidate_2,3,0.02
403,candidate_1,candidate_3,candidate_2,3,0.02
404,candidate_1,candidate_3,candidate_2,3,0.02
405,candidate_1,candidate_3,candidate_2,3,0.02
406,candidate_1,candidate_3,candidate_2,3,0.02
407,candidate_1,candidate_3,candidate_2,3,0.02
408,candidate_1,candidate_3,candidate_2,3,0.02
409,candidate_1,candidate_3,candidate_2,3,0.02
410,candidate_1,candidate_3,candidate_2,3,0.02
411,candidate_1,candidate_3,candidate_2,3,0.02
412,candidate_1,candidate_3,candidate_2,3,0.02
413,candidate_1,candidate_3,candidate_2,3,0.02
414,candidate_1,candidate_3,candidate_2,3,0.02
415,candidate_1,candidate_3,candidate_2,3,0.02
416,candidate_1,candidate_3,candidate_2,3,0.02
417,candidate_1,candidate_3,0,3,0.02
418,candidate_1,candidate_3,candidate_2,3,0.02
419,0,candidate_3,candidate_2,3,0.02
420,candidate_1,candidate_3,candidate_2,3,0.02
421,candidate_1,candidate_3,candidate_2,3,0.02
422,candidate_1,candidate_3,candidate_2,3,0.02
423,candidate_1,candidate_3,candidate_2,3,0.02
424,candidate_1,candidate_3,candidate_2,3,0.02
425,candidate_1,candidate_3,candidate_2,3,0.02
426,candidate_1,candidate_3,candidate_2,3,0.02
427,candidate_1,candidate_3,candidate_2,3,0.02
428,candidate_1,candidate_3,candidate_2,3,0.02
429,candidate_1,candidate_3,candidate_2,3,0.02
430,candidate_1,candidate_3,candidate_2,3,0.02
431,candidate_1,candidate_3,candidate_2,3,0.02
432,candidate_1,candidate_3,candidate_2,3,0.02
433,candidate_1,candidate_3,candidate_2,3,0.02
434,candidate_1,candidate_3,candidate_2,3,0.02
435,candidate_1,candidate_3,candidate_2,3,0.02
436,candidate_1,candidate_3,candidate_2,3,0.02
437,candidate_1,candidate_3,candidate_2,3,0.02
438,candidate_1,candidate_3,candidate_2,3,0.02
439,candidate_1,candidate_3,candidate_2,3,0.02
440,candidate_1,candidate_3,candidate_2,3,0.02
441,candidate_1,candidate_3,candidate_2,3,0.02
442,candidate_1,candidate_3,candidate_2,3,0.02
443,candidate_1,candidate_3,candidate_2,3,0.02
444,candidate_1,candidate_3,candidate_2,3,0.02
445,candidate_1,candidate_3,candidate_2,3,0.02
446,candidate_1,candidate_3,candidate_2,3,0.02
447,0,candidate_3,0,3,0.02
448,candidate_1,candidate_3,candidate_2,3,0.02
449,candidate_1,candidate_3,candidate_2,3,0.02
450,candidate_1,candidate_3,candidate_2,3,0.02
451,candidate_1,0,candidate_2,3,0.02
452,candidate_1,candidate_3,candidate_2,3,0.02
453,candidate_1,candidate_3,candidate_2,3,0.02
454,candidate_1,candidate_3,candidate_2,3,0.02
455,candidate_1,candidate_3,candidate_2,3,0.02
456,candidate_1,candidate_3,candidate_2,3,0.02
457,candidate_1,candidate_3,candidate_2,3,0.02
458,candidate_1,candidate_3,candidate_2,3,0.02
459,candidate_1,candidate_3,candidate_2,3,0.02
460,candidate_1,candidate_3,candidate_2,3,0.02
461,candidate_1,candidate_3,candidate_2,3,0.02
462,candidate_1,candidate_3,candidate_2,3,0.02
463,candidate_1,candidate_3,candidate_2,3,0.02
464,candidate_1,candidate_3,candidate_2,3,0.02
465,candidate_1,candidate_3,candidate_2,3,0.02
466,candidate_1,candidate_3,candidate_2,3,0.02
467,candidate_1,candidate_3,candidate_2,3,0.02
468,candidate_1,candidate_3,candidate_2,3,0.02
469,candidate_1,candidate_3,candidate_2,3,0.02
470,candidate_1,candidate_3,candidate_2,3,0.02
471,0,candidate_3,candidate_2,3,0.02
472,candidate_1,candidate_3,candidate_2,3,0.02
473,candidate_1,candidate_3,candidate_2,3,0.02
474,candidate_1,candidate_3,candidate_2,3,0.02
475,candidate_1,candidate_3,candidate_2,3,0.02
476,candidate_1,candidate_3,candidate_2,3,0.02
477,candidate_1,candidate_3,candidate_2,3,0.02
478,candidate_1,candidate_3,candidate_2,3,0.02
479,candidate_1,candidate_3,candidate_2,3,0.02
480,candidate_1,candidate_3,0,3,0.02
481,candidate_1,candidate_3,candidate_2,3,0.02
482,candidate_1,candidate_3,candidate_2,3,0.02
483,candidate_1,candidate_3,candidate_2,3,0.02
484,candidate_1,candidate_3,candidate_2,3,0.02
485,candidate_1,candidate_3,candidate_2,3,0.02
486,candidate_1,candidate_3,candidate_2,3,0.02
487,candidate_1,candidate_3,candidate_2,3,0.02
488,candidate_1,candidate_3,candidate_2,3,0.02
489,candidate_1,candidate_3,candidate_2,3,0.02
490,candidate_1,candidate_3,candidate_2,3,0.02
491,candidate_1,candidate_3,candidate_2,3,0.02
492,candidate_1,candidate_3,candidate_2,3,0.02
493,candidate_1,candidate_3,candidate_2,3,0.02
494,candidate_1,candidate_3,candidate_2,3,0.02
495,candidate_1,candidate_3,candidate_2,3,0.02
496,candidate_1,candidate_3,candidate_2,3,0.02
497,candidate_1,candidate_3,candidate_2,3,0.02
498,candidate_1,candidate_3,candidate_2,3,0.02
499,candidate_1,candidate_3,candidate_2,3,0.02
500,candidate_1,candidate_3,candidate_2,3,0.02
501,candidate_1,candidate_3,candidate_2,3,0.02
502,candidate_1,candidate_3,candidate_2,3,0.02
503,candidate_1,candidate_3,candidate_2,3,0.02
504,candidate_1,candidate_3,candidate_2,3,0.02
505,candidate_1,candidate_3,candidate_2,3,0.02
506,candidate_1,candidate_3,candidate_2,3,0.02
507,candidate_1,candidate_3,candidate_2,3,0.02
508,candidate_1,candidate_3,candidate_2,3,0.02
509,candidate_1,candidate_3,candidate_2,3,0.02
510,0,candidate_3,candidate_2,3,0.02
511,candidate_1,candidate_3,candidate_2,3,0.02
512,candidate_1,candidate_3,candidate_2,3,0.02
513,candidate_1,candidate_3,candidate_2,3,0.02
514,candidate_1,candidate_3,candidate_2,3,0.02
515,candidate_1,candidate_3,candidate_2,3,0.02
516,candidate_1,candidate_3,candidate_2,3,0.02
517,candidate_1,candidate_3,candidate_2,3,0.02
518,candidate_1,candidate_3,candidate_2,3,0.02
519,candidate_1,candidate_3,candidate_2,3,0.02
520,candidate_1,candidate_3,candidate_2,3,0.02
521,candidate_1,candidate_3,candidate_2,3,0.02
522,0,candidate_3,candidate_2,3,0.02
523,candidate_1,candidate_3,candidate_2,3,0.02
524,candidate_1,candidate_3,candidate_2,3,0.02
525,candidate_1,candidate_3,candidate_2,3,0.02
526,candidate_1,candidate_3,candidate_2,3,0.02
527,candidate_1,candidate_3,candidate_2,3,0.02
528,candidate_1,candidate_3,candidate_2,3,0.02
529,candidate_1,candidate_3,candidate_2,3,0.02
530,candidate_1,candidate_3,candidate_2,3,0.02
531,candidate_1,candidate_3,candidate_2,3,0.02
532,candidate_1,candidate_3,candidate_2,3,0.02
533,candidate_1,candidate_3,candidate_2,3,0.02
534,candidate_1,candidate_3,candidate_2,3,0.02
535,candidate_1,candidate_3,candidate_2,3,0.02
536,candidate_1,0,candidate_2,3,0.02
537,candidate_1,candidate_3,candidate_2,3,0.02
538,candidate_1,candidate_3,candidate_2,3,0.02
539,candidate_1,candidate_3,candidate_2,3,0.02
540,candidate_1,candidate_3,candidate_2,3,0.02
541,candidate_1,candidate_3,candidate_2,3,0.02
542,candidate_1,candidate_3,candidate_2,3,0.02
543,candidate_1,candidate_3,candidate_2,3,0.02
544,candidate_1,candidate_3,candidate_2,3,0.02
545,candidate_1,candidate_3,candidate_2,3,0.02
546,candidate_1,candidate_3,candidate_2,3,0.02
547,candidate_1,candidate_3,candidate_2,3,0.02
548,candidate_1,candidate_3,candidate_2,3,0.02
549,candidate_1,candidate_3,candidate_2,3,0.02
550,candidate_1,candidate_3,candidate_2,3,0.02
551,candidate_1,candidate_3,candidate_2,3,0.02
552,candidate_1,candidate_3,candidate_2,3,0.02
553,candidate_1,candidate_3,candidate_2,3,0.02
554,candidate_1,candidate_3,candidate_2,3,0.02
555,candidate_1,candidate_3,candidate_2,3,0.02
556,candidate_1,candidate_3,candidate_2,3,0.02
557,candidate_1,candidate_3,candidate_2,3,0.02
558,candidate_1,candidate_3,candidate_2,3,0.02
559,candidate_1,candidate_3,candidate_2,3,0.02
560,candidate_1,candidate_3,candidate_2,3,0.02
561,candidate_1,candidate_3,candidate_2,3,0.02
562,candidate_1,candidate_3,candidate_2,3,0.02
563,candidate_1,candidate_3,candidate_2,3,0.02
564,candidate_1,candidate_3,candidate_2,3,0.02
565,candidate_1,candidate_3,candidate_2,3,0.02
566,candidate_1,candidate_3,candidate_2,3,0.02
567,candidate_1,candidate_3,candidate_2,3,0.02
568,candidate_1,candidate_3,candidate_2,3,0.02
569,candidate_1,candidate_3,candidate_2,3,0.02
570,candidate_1,candidate_3,candidate_2,3,0.02
571,candidate_1,candidate_3,candidate_2,3,0.02
572,candidate_1,candidate_3,candidate_2,3,0.02
573,candidate_1,candidate_3,candidate_2,3,0.02
574,candidate_1,candidate_3,candidate_2,3,0.02
575,candidate_1,candidate_3,candidate_2,3,0.02
576,candidate_1,candidate_3,candidate_2,3,0.02
577,candidate_1,candidate_3,candidate_2,3,0.02
578,candidate_1,0,candidate_2,3,0.02
579,candidate_1,candidate_3,candidate_2,3,0.02
580,candidate_1,candidate_3,candidate_2,3,0.02
581,candidate_1,candidate_3,candidate_2,3,0.02
582,candidate_1,candidate_3,candidate_2,3,0.02
583,candidate_1,candidate_3,candidate_2,3,0.02
584,candidate_1,candidate_3,candidate_2,3,0.02
585,candidate_1,candidate_3,candidate_2,3,0.02
586,candidate_1,candidate_3,candidate_2,3,0.02
587,candidate_1,candidate_3,candidate_2,3,0.02
588,candidate_1,candidate_3,candidate_2,3,0.02
589,candidate_1,candidate_3,candidate_2,3,0.02
590,candidate_1,candidate_3,candidate_2,3,0.02
591,candidate_1,candidate_3,candidate_2,3,0.02
592,candidate_1,candidate_3,candidate_2,3,0.02
593,candidate_1,candidate_3,candidate_2,3,0.02
594,candidate_1,candidate_3,candidate_2,3,0.02
595,candidate_1,candidate_3,candidate_2,3,0.02
596,candidate_1,candidate_3,candidate_2,3,0.02
597,candidate_1,candidate_3,candidate_2,3,0.02
598,candidate_1,candidate_3,candidate_2,3,0.02
599,candidate_1,candidate_3,candidate_2,3,0.02
600,candidate_1,candidate_3,candidate_2,3,0.02
601,candidate_1,candidate_3,candidate_2,3,0.02
602,candidate_1,candidate_3,candidate_2,3,0.02
603,candidate_1,candidate_3,candidate_2,3,0.02
604,candidate_1,candidate_3,candidate_2,3,0.02
605,candidate_1,candidate_3,candidate_2,3,0.02
606,candidate_1,candidate_3,candidate_2,3,0.02
607,candidate_1,candidate_3,candidate_2,3,0.02
608,candidate_1,candidate_3,candidate_2,3,0.02
609,candidate_1,candidate_3,0,3,0.02
610,candidate_1,candidate_3,candidate_2,3,0.02
611,candidate_1,candidate_3,candidate_2,3,0.02
612,candidate_1,candidate_3,candidate_2,3,0.02
613,candidate_1,candidate_3,candidate_2,3,0.02
614,candidate_1,candidate_3,candidate_2,3,0.02
615,candidate_1,candidate_3,candidate_2,3,0.02
616,candidate_1,candidate_3,0,3,0.02
617,candidate_1,candidate_3,candidate_2,3,0.02
618,candidate_1,candidate_3,candidate_2,3,0.02
619,0,candidate_3,candidate_2,3,0.02
620,candidate_1,candidate_3,candidate_2,3,0.02
621,candidate_1,candidate_3,candidate_2,3,0.02
622,candidate_1,candidate_3,candidate_2,3,0.02
623,candidate_1,candidate_3,candidate_2,3,0.02
624,candidate_1,candidate_3,candidate_2,3,0.02
625,candidate_1,candidate_3,candidate_2,3,0.02
626,candidate_1,candidate_3,candidate_2,3,0.02
627,candidate_1,candidate_3,candidate_2,3,0.02
628,candidate_1,candidate_3,candidate_2,3,0.02
629,candidate_1,candidate_3,candidate_2,3,0.02
630,candidate_1,candidate_3,candidate_2,3,0.02
631,candidate_1,candidate_3,candidate_2,3,0.02
632,candidate_1,candidate_3,candidate_2,3,0.02
633,candidate_1,candidate_3,candidate_2,3,0.02
634,candidate_1,candidate_3,candidate_2,3,0.02
635,candidate_1,candidate_3,candidate_2,3,0.02
636,candidate_1,candidate_3,candidate_2,3,0.02
637,candidate_1,candidate_3,candidate_2,3,0.02
638,candidate_1,candidate_3,candidate_2,3,0.02
639,candidate_1,candidate_3,candidate_2,3,0.02
640,candidate_1,candidate_3,candidate_2,3,0.02
641,candidate_1,candidate_3,candidate_2,3,0.02
642,candidate_1,candidate_3,candidate_2,3,0.02
643,candidate_1,candidate_3,candidate_2,3,0.02
644,0,candidate_3,candidate_2,3,0.02
645,candidate_1,candidate_3,candidate_2,3,0.02
646,candidate_1,candidate_3,candidate_2,3,0.02
647,candidate_1,candidate_3,candidate_2,3,0.02
648,candidate_1,candidate_3,candidate_2,3,0.02
649,candidate_1,candidate_3,candidate_2,3,0.02
650,candidate_1,candidate_3,candidate_2,3,0.02
651,candidate_1,candidate_3,candidate_2,3,0.02
652,candidate_1,candidate_3,candidate_2,3,0.02
653,candidate_1,candidate_3,candidate_2,3,0.02
654,candidate_1,candidate_3,candidate_2,3,0.02
655,candidate_1,candidate_3,0,3,0.02
656,0,candidate_3,candidate_2,3,0.02
657,candidate_1,candidate_3,candidate_2,3,0.02
658,candidate_1,candidate_3,candidate_2,3,0.02
659,candidate_1,candidate_3,candidate_2,3,0.02
660,candidate_1,candidate_3,candidate_2,3,0.02
661,candidate_1,candidate_3,candidate_2,3,0.02
662,candidate_1,candidate_3,0,3,0.02
663,candidate_1,candidate_3,candidate_2,3,0.02
664,candidate_1,candidate_3,candidate_2,3,0.02
665,candidate_1,candidate_3,candidate_2,3,0.02
666,candidate_1,candidate_3,candidate_2,3,0.02
667,candidate_1,candidate_3,candidate_2,3,0.02
668,candidate_1,candidate_3,candidate_2,3,0.02
669,candidate_1,candidate_3,candidate_2,3,0.02
670,candidate_1,candidate_3,candidate_2,3,0.02
671,candidate_1,candidate_3,candidate_2,3,0.02
672,candidate_1,candidate_3,candidate_2,3,0.02
673,candidate_1,candidate_3,candidate_2,3,0.02
674,candidate_1,candidate_3,candidate_2,3,0.02
675,candidate_1,candidate_3,candidate_2,3,0.02
676,candidate_1,candidate_3,candidate_2,3,0.02
677,candidate_1,candidate_3,candidate_2,3,0.02
678,candidate_1,candidate_3,candidate_2,3,0.02
679,candidate_1,candidate_3,candidate_2,3,0.02
680,candidate_1,candidate_3,candidate_2,3,0.02
681,candidate_1,candidate_3,candidate_2,3,0.02
682,candidate_1,candidate_3,candidate_2,3,0.02
683,candidate_1,candidate_3,candidate_2,3,0.02
684,candidate_1,candidate_3,candidate_2,3,0.02
685,candidate_1,candidate_3,candidate_2,3,0.02
686,candidate_1,candidate_3,candidate_2,3,0.02
687,candidate_1,candidate_3,candidate_2,3,0.02
688,candidate_1,candidate_3,candidate_2,3,0.02
689,candidate_1,candidate_3,candidate_2,3,0.02
690,candidate_1,candidate_3,candidate_2,3,0.02
691,candidate_1,candidate_3,candidate_2,3,0.02
692,candidate_1,candidate_3,candidate_2,3,0.02
693,candidate_1,candidate_3,candidate_2,3,0.02
694,candidate_1,candidate_3,candidate_2,3,0.02
695,candidate_1,candidate_3,candidate_2,3,0.02
696,candidate_1,candidate_3,candidate_2,3,0.02
697,0,candidate_3,candidate_2,3,0.02
698,candidate_1,candidate_3,candidate_2,3,0.02
699,candidate_1,candidate_3,candidate_2,3,0.02
700,candidate_1,candidate_3,candidate_2,3,0.02
701,candidate_1,0,candidate_2,3,0.02
702,candidate_1,candidate_3,candidate_2,3,0.02
703,candidate_1,candidate_3,candidate_2,3,0.02
704,candidate_1,candidate_3,candidate_2,3,0.02
705,candidate_1,candidate_3,candidate_2,3,0.02
706,candidate_1,candidate_3,candidate_2,3,0.02
707,candidate_1,candidate_3,candidate_2,3,0.02
708,candidate_1,candidate_3,candidate_2,3,0.02
709,candidate_1,candidate_3,candidate_2,3,0.02
710,candidate_1,candidate_3,candidate_2,3,0.02
711,candidate_1,candidate_3,candidate_2,3,0.02
712,candidate_1,candidate_3,candidate_2,3,0.02
713,0,candidate_3,candidate_2,3,0.02
714,candidate_1,candidate_3,candidate_2,3,0.02
715,candidate_1,candidate_3,candidate_2,3,0.02
716,candidate_1,candidate_3,candidate_2,3,0.02
717,candidate_1,candidate_3,candidate_2,3,0.02
718,candidate_1,candidate_3,candidate_2,3,0.02
719,candidate_1,candidate_3,candidate_2,3,0.02
720,candidate_1,candidate_3,candidate_2,3,0.02
721,candidate_1,candidate_3,candidate_2,3,0.02
722,candidate_1,0,candidate_2,3,0.02
723,candidate_1,candidate_3,candidate_2,3,0.02
724,candidate_1,candidate_3,candidate_2,3,0.02
725,0,candidate_3,candidate_2,3,0.02
726,candidate_1,candidate_3,candidate_2,3,0.02
727,candidate_1,candidate_3,candidate_2,3,0.02
728,candidate_1,candidate_3,candidate_2,3,0.02
729,candidate_1,candidate_3,candidate_2,3,0.02
730,candidate_1,candidate_3,candidate_2,3,0.02
731,candidate_1,candidate_3,candidate_2,3,0.02
732,candidate_1,candidate_3,candidate_2,3,0.02
733,candidate_1,candidate_3,candidate_2,3,0.02
734,candidate_1,candidate_3,candidate_2,3,0.02
735,candidate_1,candidate_3,candidate_2,3,0.02
736,candidate_1,candidate_3,candidate_2,3,0.02
737,candidate_1,candidate_3,candidate_2,3,0.02
738,candidate_1,candidate_3,candidate_2,3,0.02
739,candidate_1,candidate_3,candidate_2,3,0.02
740,candidate_1,candidate_3,candidate_2,3,0.02
741,candidate_1,candidate_3,candidate_2,3,0.02
742,candidate_1,candidate_3,candidate_2,3,0.02
743,candidate_1,candidate_3,candidate_2,3,0.02
744,candidate_1,candidate_3,candidate_2,3,0.02
745,candidate_1,candidate_3,candidate_2,3,0.02
746,candidate_1,0,candidate_2,3,0.02
747,candidate_1,0,candidate_2,3,0.02
748,candidate_1,candidate_3,candidate_2,3,0.02
749,candidate_1,candidate_3,candidate_2,3,0.02
750,candidate_1,candidate_3,candidate_2,3,0.02
751,candidate_1,candidate_3,candidate_2,3,0.02
752,candidate_1,candidate_3,candidate_2,3,0.02
753,candidate_1,candidate_3,candidate_2,3,0.02
754,candidate_1,candidate_3,candidate_2,3,0.02
755,candidate_1,candidate_3,candidate_2,3,0.02
756,candidate_1,candidate_3,candidate_2,3,0.02
757,candidate_1,candidate_3,candidate_2,3,0.02
758,candidate_1,candidate_3,candidate_2,3,0.02
759,candidate_1,candidate_3,candidate_2,3,0.02
760,candidate_1,candidate_3,candidate_2,3,0.02
761,candidate_1,candidate_3,candidate_2,3,0.02
762,candidate_1,candidate_3,candidate_2,3,0.02
763,candidate_1,candidate_3,candidate_2,3,0.02
764,candidate_1,candidate_3,candidate_2,3,0.02
765,candidate_1,candidate_3,candidate_2,3,0.02
766,candidate_1,candidate_3,candidate_2,3,0.02
767,candidate_1,candidate_3,candidate_2,3,0.02
768,candidate_1,candidate_3,candidate_2,3,0.02
769,candidate_1,candidate_3,candidate_2,3,0.02
770,candidate_1,candidate_3,candidate_2,3,0.02
771,candidate_1,candidate_3,candidate_2,3,0.02
772,candidate_1,candidate_3,candidate_2,3,0.02
773,candidate_1,candidate_3,candidate_2,3,0.02
774,candidate_1,candidate_3,candidate_2,3,0.02
775,candidate_1,candidate_3,candidate_2,3,0.02
776,candidate_1,candidate_3,candidate_2,3,0.02
777,candidate_1,candidate_3,candidate_2,3,0.02
778,candidate_1,candidate_3,candidate_2,3,0.02
779,candidate_1,candidate_3,candidate_2,3,0.02
780,candidate_1,candidate_3,candidate_2,3,0.02
781,candidate_1,candidate_3,candidate_2,3,0.02
782,candidate_1,candidate_3,candidate_2,3,0.02
783,candidate_1,candidate_3,candidate_2,3,0.02
784,candidate_1,candidate_3,candidate_2,3,0.02
785,candidate_1,candidate_3,candidate_2,3,0.02
786,candidate_1,candidate_3,candidate_2,3,0.02
787,candidate_1,candidate_3,candidate_2,3,0.02
788,candidate_1,candidate_3,candidate_2,3,0.02
789,candidate_1,candidate_3,candidate_2,3,0.02
790,candidate_1,candidate_3,candidate_2,3,0.02
791,candidate_1,candidate_3,candidate_2,3,0.02
792,candidate_1,candidate_3,candidate_2,3,0.02
793,candidate_1,candidate_3,candidate_2,3,0.02
794,candidate_1,candidate_3,candidate_2,3,0.02
795,candidate_1,candidate_3,candidate_2,3,0.02
796,candidate_1,candidate_3,candidate_2,3,0.02
797,candidate_1,candidate_3,0,3,0.02
798,candidate_1,candidate_3,candidate_2,3,0.02
799,candidate_1,candidate_3,candidate_2,3,0.02
800,candidate_1,candidate_3,candidate_2,3,0.02
801,candidate_1,candidate_3,candidate_2,3,0.02
802,candidate_1,candidate_3,candidate_2,3,0.02
803,candidate_1,candidate_3,candidate_2,3,0.02
804,candidate_1,candidate_3,candidate_2,3,0.02
805,candidate_1,candidate_3,candidate_2,3,0.02
806,candidate_1,candidate_3,candidate_2,3,0.02
807,candidate_1,candidate_3,candidate_2,3,0.02
808,candidate_1,candidate_3,candidate_2,3,0.02
809,candidate_1,candidate_3,candidate_2,3,0.02
810,candidate_1,candidate_3,candidate_2,3,0.02
811,candidate_1,candidate_3,candidate_2,3,0.02
812,candidate_1,candidate_3,candidate_2,3,0.02
813,candidate_1,candidate_3,candidate_2,3,0.02
814,candidate_1,candidate_3,candidate_2,3,0.02
815,candidate_1,candidate_3,candidate_2,3,0.02
816,candidate_1,candidate_3,candidate_2,3,0.02
817,candidate_1,candidate_3,candidate_2,3,0.02
818,candidate_1,candidate_3,candidate_2,3,0.02
819,candidate_1,candidate_3,candidate_2,3,0.02
820,candidate_1,candidate_3,candidate_2,3,0.02
821,candidate_1,candidate_3,candidate_2,3,0.02
822,candidate_1,candidate_3,candidate_2,3,0.02
823,candidate_1,candidate_3,candidate_2,3,0.02
824,candidate_1,candidate_3,candidate_2,3,0.02
825,candidate_1,candidate_3,candidate_2,3,0.02
826,candidate_1,candidate_3,candidate_2,3,0.02
827,candidate_1,candidate_3,candidate_2,3,0.02
828,candidate_1,candidate_3,candidate_2,3,0.02
829,candidate_1,candidate_3,candidate_2,3,0.02
830,0,candidate_3,candidate_2,3,0.02
831,candidate_1,candidate_3,candidate_2,3,0.02
832,candidate_1,candidate_3,candidate_2,3,0.02
833,candidate_1,candidate_3,candidate_2,3,0.02
834,candidate_1,candidate_3,candidate_2,3,0.02
835,candidate_1,candidate_3,candidate_2,3,0.02
836,candidate_1,candidate_3,candidate_2,3,0.02
837,candidate_1,candidate_3,candidate_2,3,0.02
838,candidate_1,candidate_3,candidate_2,3,0.02
839,candidate_1,candidate_3,candidate_2,3,0.02
840,candidate_1,candidate_3,candidate_2,3,0.02
841,candidate_1,candidate_3,candidate_2,3,0.02
842,candidate_1,candidate_3,candidate_2,3,0.02
843,candidate_1,candidate_3,candidate_2,3,0.02
844,candidate_1,candidate_3,0,3,0.02
845,candidate_1,candidate_3,candidate_2,3,0.02
846,candidate_1,candidate_3,candidate_2,3,0.02
847,candidate_1,candidate_3,candidate_2,3,0.02
848,candidate_1,candidate_3,candidate_2,3,0.02
849,candidate_1,candidate_3,candidate_2,3,0.02
850,candidate_1,candidate_3,candidate_2,3,0.02
851,candidate_1,candidate_3,candidate_2,3,0.02
852,candidate_1,candidate_3,candidate_2,3,0.02
853,candidate_1,candidate_3,candidate_2,3,0.02
854,candidate_1,candidate_3,candidate_2,3,0.02
855,candidate_1,candidate_3,candidate_2,3,0.02
856,candidate_1,candidate_3,candidate_2,3,0.02
857,candidate_1,candidate_3,candidate_2,3,0.02
858,candidate_1,candidate_3,candidate_2,3,0.02
859,candidate_1,candidate_3,candidate_2,3,0.02
860,candidate_1,candidate_3,candidate_2,3,0.02
861,candidate_1,candidate_3,candidate_2,3,0.02
862,candidate_1,candidate_3,candidate_2,3,0.02
863,candidate_1,candidate_3,candidate_2,3,0.02
864,candidate_1,candidate_3,candidate_2,3,0.02
865,candidate_1,candidate_3,candidate_2,3,0.02
866,candidate_1,candidate_3,candidate_2,3,0.02
867,candidate_1,candidate_3,candidate_2,3,0.02
868,candidate_1,candidate_3,candidate_2,3,0.02
869,candidate_1,candidate_3,candidate_2,3,0.02
870,candidate_1,candidate_3,candidate_2,3,0.02
871,candidate_1,candidate_3,candidate_2,3,0.02
872,candidate_1,candidate_3,candidate_2,3,0.02
873,candidate_1,candidate_3,candidate_2,3,0.02
874,candidate_1,candidate_3,candidate_2,3,0.02
875,candidate_1,candidate_3,candidate_2,3,0.02
876,candidate_1,candidate_3,candidate_2,3,0.02
877,candidate_1,candidate_3,0,3,0.02
878,candidate_1,candidate_3,candidate_2,3,0.02
879,candidate_1,candidate_3,candidate_2,3,0.02
880,candidate_1,candidate_3,candidate_2,3,0.02
881,candidate_1,candidate_3,candidate_2,3,0.02
882,candidate_1,candidate_3,candidate_2,3,0.02
883,candidate_1,candidate_3,candidate_2,3,0.02
884,candidate_1,candidate_3,candidate_2,3,0.02
885,candidate_1,candidate_3,candidate_2,3,0.02
886,candidate_1,candidate_3,candidate_2,3,0.02
887,candidate_1,candidate_3,candidate_2,3,0.02
888,candidate_1,candidate_3,candidate_2,3,0.02
889,candidate_1,candidate_3,candidate_2,3,0.02
890,candidate_1,candidate_3,candidate_2,3,0.02
891,candidate_1,candidate_3,candidate_2,3,0.02
892,candidate_1,candidate_3,candidate_2,3,0.02
893,candidate_1,candidate_3,candidate_2,3,0.02
894,candidate_1,candidate_3,candidate_2,3,0.02
895,candidate_1,candidate_3,candidate_2,3,0.02
896,candidate_1,candidate_3,candidate_2,3,0.02
897,candidate_1,candidate_3,candidate_2,3,0.02
898,candidate_1,candidate_3,candidate_2,3,0.02
899,candidate_1,candidate_3,candidate_2,3,0.02
900,candidate_1,candidate_3,candidate_2,3,0.02
901,candidate_1,candidate_3,candidate_2,3,0.02
902,candidate_1,candidate_3,candidate_2,3,0.02
903,candidate_1,candidate_3,candidate_2,3,0.02
904,candidate_1,candidate_3,candidate_2,3,0.02
905,candidate_1,candidate_3,candidate_2,3,0.02
906,candidate_1,candidate_3,candidate_2,3,0.02
907,candidate_1,candidate_3,candidate_2,3,0.02
908,candidate_1,candidate_3,candidate_2,3,0.02
909,candidate_1,candidate_3,candidate_2,3,0.02
910,candidate_1,candidate_3,candidate_2,3,0.02
911,candidate_1,candidate_3,candidate_2,3,0.02
912,candidate_1,candidate_3,candidate_2,3,0.02
913,candidate_1,candidate_3,candidate_2,3,0.02
914,candidate_1,candidate_3,candidate_2,3,0.02
915,candidate_1,candidate_3,candidate_2,3,0.02
916,candidate_1,candidate_3,candidate_2,3,0.02
917,candidate_1,candidate_3,candidate_2,3,0.02
918,candidate_1,candidate_3,candidate_2,3,0.02
919,candidate_1,candidate_3,candidate_2,3,0.02
920,candidate_1,candidate_3,candidate_2,3,0.02
921,0,candidate_3,candidate_2,3,0.02
922,candidate_1,candidate_3,candidate_2,3,0.02
923,candidate_1,candidate_3,candidate_2,3,0.02
924,candidate_1,candidate_3,candidate_2,3,0.02
925,0,candidate_3,candidate_2,3,0.02
926,candidate_1,candidate_3,candidate_2,3,0.02
927,candidate_1,candidate_3,candidate_2,3,0.02
928,candidate_1,candidate_3,candidate_2,3,0.02
929,candidate_1,candidate_3,candidate_2,3,0.02
930,candidate_1,candidate_3,candidate_2,3,0.02
931,candidate_1,candidate_3,candidate_2,3,0.02
932,candidate_1,candidate_3,candidate_2,3,0.02
933,candidate_1,candidate_3,candidate_2,3,0.02
934,candidate_1,candidate_3,candidate_2,3,0.02
935,candidate_1,candidate_3,candidate_2,3,0.02
936,candidate_1,candidate_3,candidate_2,3,0.02
937,candidate_1,candidate_3,candidate_2,3,0.02
938,candidate_1,candidate_3,candidate_2,3,0.02
939,candidate_1,candidate_3,candidate_2,3,0.02
940,candidate_1,candidate_3,candidate_2,3,0.02
941,candidate_1,candidate_3,candidate_2,3,0.02
942,candidate_1,candidate_3,candidate_2,3,0.02
943,candidate_1,0,candidate_2,3,0.02
944,candidate_1,candidate_3,candidate_2,3,0.02
945,candidate_1,candidate_3,candidate_2,3,0.02
946,candidate_1,candidate_3,candidate_2,3,0.02
947,candidate_1,candidate_3,candidate_2,3,0.02
948,candidate_1,candidate_3,candidate_2,3,0.02
949,candidate_1,candidate_3,candidate_2,3,0.02
950,candidate_1,candidate_3,candidate_2,3,0.02
951,candidate_1,0,candidate_2,3,0.02
952,candidate_1,candidate_3,candidate_2,3,0.02
953,candidate_1,candidate_3,candidate_2,3,0.02
954,candidate_1,candidate_3,candidate_2,3,0.02
955,candidate_1,candidate_3,candidate_2,3,0.02
956,candidate_1,candidate_3,candidate_2,3,0.02
957,candidate_1,candidate_3,candidate_2,3,0.02
958,candidate_1,candidate_3,candidate_2,3,0.02
959,candidate_1,candidate_3,candidate_2,3,0.02
960,candidate_1,candidate_3,candidate_2,3,0.02
961,candidate_1,candidate_3,candidate_2,3,0.02
962,candidate_1,candidate_3,candidate_2,3,0.02
963,candidate_1,candidate_3,candidate_2,3,0.02
964,candidate_1,candidate_3,candidate_2,3,0.02
965,candidate_1,candidate_3,candidate_2,3,0.02
966,candidate_1,candidate_3,candidate_2,3,0.02
967,candidate_1,candidate_3,candidate_2,3,0.02
968,candidate_1,candidate_3,candidate_2,3,0.02
969,candidate_1,candidate_3,candidate_2,3,0.02
970,candidate_1,candidate_3,candidate_2,3,0.02
971,candidate_1,candidate_3,candidate_2,3,0.02
972,candidate_1,candidate_3,candidate_2,3,0.02
973,candidate_1,candidate_3,candidate_2,3,0.02
974,candidate_1,candidate_3,candidate_2,3,0.02
975,candidate_1,candidate_3,candidate_2,3,0.02
976,candidate_1,candidate_3,candidate_2,3,0.02
977,candidate_1,candidate_3,candidate_2,3,0.02
978,candidate_1,candidate_3,candidate_2,3,0.02
979,candidate_1,candidate_3,candidate_2,3,0.02
980,candidate_1,candidate_3,candidate_2,3,0.02
981,candidate_1,candidate_3,candidate_2,3,0.02
982,candidate_1,candidate_3,candidate_2,3,0.02
983,candidate_1,candidate_3,candidate_2,3,0.02
984,candidate_1,candidate_3,candidate_2,3,0.02
985,candidate_1,candidate_3,candidate_2,3,0.02
986,candidate_1,candidate_3,candidate_2,3,0.02
987,candidate_1,candidate_3,candidate_2,3,0.02
988,candidate_1,candidate_3,candidate_2,3,0.02
989,candidate_1,candidate_3,candidate_2,3,0.02
990,candidate_1,candidate_3,candidate_2,3,0.02
991,candidate_1,candidate_3,candidate_2,3,0.02
992,candidate_1,candidate_3,candidate_2,3,0.02
993,candidate_1,candidate_3,candidate_2,3,0.02
994,candidate_1,candidate_3,candidate_2,3,0.02
995,candidate_1,candidate_3,candidate_2,3,0.02
996,candidate_1,candidate_3,candidate_2,3,0.02
997,candidate_1,candidate_3,candidate_2,3,0.02
998,candidate_1,candidate_3,candidate_2,3,0.02
999,candidate_1,candidate_3,candidate_2,3,0.02
1000,candidate_1,candidate_3,candidate_2,3,0.02
1001,candidate_1,candidate_3,candidate_2,3,0.02
1002,candidate_1,candidate_3,candidate_2,3,0.02
1003,candidate_1,candidate_3,candidate_2,3,0.02
1004,candidate_1,candidate_3,candidate_2,3,0.02
1005,candidate_1,candidate_3,candidate_2,3,0.02
1006,candidate_1,candidate_3,candidate_2,3,0.02
1007,candidate_1,candidate_3,candidate_2,3,0.02
1008,candidate_1,candidate_3,candidate_2,3,0.02
1009,candidate_1,candidate_3,0,3,0.02
1010,candidate_1,candidate_3,candidate_2,3,0.02
1011,candidate_1,candidate_3,candidate_2,3,0.02
1012,candidate_1,candidate_3,candidate_2,3,0.02
1013,candidate_1,candidate_3,candidate_2,3,0.02
1014,candidate_1,candidate_3,0,3,0.02
1015,candidate_1,candidate_3,candidate_2,3,0.02
1016,candidate_1,candidate_3,candidate_2,3,0.02
1017,candidate_1,candidate_3,candidate_2,3,0.02
1018,candidate_1,candidate_3,candidate_2,3,0.02
1019,candidate_1,candidate_3,candidate_2,3,0.02
1020,candidate_1,candidate_3,candidate_2,3,0.02
1021,candidate_1,candidate_3,candidate_2,3,0.02
1022,candidate_1,candidate_3,candidate_2,3,0.02
1023,candidate_1,candidate_3,candidate_2,3,0.02
1024,candidate_1,candidate_3,candidate_2,3,0.02
1025,candidate_1,candidate_3,candidate_2,3,0.02
1026,candidate_1,candidate_3,candidate_2,3,0.02
1027,candidate_1,candidate_3,candidate_2,3,0.02
1028,candidate_1,candidate_3,candidate_2,3,0.02
1029,candidate_1,candidate_3,candidate_2,3,0.02
1030,candidate_1,candidate_3,candidate_2,3,0.02
1031,candidate_1,candidate_3,candidate_2,3,0.02
1032,candidate_1,candidate_3,candidate_2,3,0.02
1033,candidate_1,candidate_3,candidate_2,3,0.02
1034,candidate_1,candidate_3,candidate_2,3,0.02
1035,candidate_1,candidate_3,candidate_2,3,0.02
1036,candidate_1,candidate_3,candidate_2,3,0.02
1037,candidate_1,candidate_3,candidate_2,3,0.02
1038,candidate_1,candidate_3,candidate_2,3,0.02
1039,candidate_1,candidate_3,candidate_2,3,0.02
1040,candidate_1,candidate_3,candidate_2,3,0.02
1041,candidate_1,candidate_3,candidate_2,3,0.02
1042,candidate_1,candidate_3,candidate_2,3,0.02
1043,candidate_1,candidate_3,candidate_2,3,0.02
1044,candidate_1,candidate_3,candidate_2,3,0.02
1045,candidate_1,candidate_3,candidate_2,3,0.02
1046,candidate_1,candidate_3,candidate_2,3,0.02
1047,candidate_1,candidate_3,candidate_2,3,0.02
1048,candidate_1,candidate_3,candidate_2,3,0.02
1049,candidate_1,candidate_3,candidate_2,3,0.02
1050,candidate_1,candidate_3,candidate_2,3,0.02
1051,candidate_1,candidate_3,candidate_2,3,0.02
1052,candidate_1,candidate_3,candidate_2,3,0.02
1053,candidate_1,candidate_3,candidate_2,3,0.02
1054,candidate_1,candidate_3,candidate_2,3,0.02
1055,candidate_1,candidate_3,candidate_2,3,0.02
1056,candidate_1,candidate_3,candidate_2,3,0.02
1057,candidate_1,candidate_3,candidate_2,3,0.02
1058,candidate_1,candidate_3,candidate_2,3,0.02
1059,candidate_1,candidate_3,candidate_2,3,0.02
1060,candidate_1,candidate_3,candidate_2,3,0.02
1061,candidate_1,candidate_3,candidate_2,3,0.02
1062,candidate_1,candidate_3,candidate_2,3,0.02
1063,candidate_1,candidate_3,candidate_2,3,0.02
1064,candidate_1,candidate_3,candidate_2,3,0.02
1065,candidate_1,candidate_3,candidate_2,3,0.02
1066,candidate_1,candidate_3,candidate_2,3,0.02
1067,candidate_1,candidate_3,candidate_2,3,0.02
1068,candidate_1,candidate_3,candidate_2,3,0.02
1069,candidate_1,candidate_3,candidate_2,3,0.02
1070,candidate_1,candidate_3,candidate_2,3,0.02
1071,candidate_1,candidate_3,candidate_2,3,0.02
1072,candidate_1,candidate_3,candidate_2,3,0.02
1073,candidate_1,candidate_3,0,3,0.02
1074,candidate_1,candidate_3,candidate_2,3,0.02
1075,candidate_1,candidate_3,candidate_2,3,0.02
1076,candidate_1,candidate_3,candidate_2,3,0.02
1077,candidate_1,candidate_3,candidate_2,3,0.02
1078,candidate_1,candidate_3,candidate_2,3,0.02
1079,candidate_1,candidate_3,candidate_2,3,0.02
1080,candidate_1,candidate_3,candidate_2,3,0.02
1081,candidate_1,candidate_3,candidate_2,3,0.02
1082,candidate_1,candidate_3,candidate_2,3,0.02
1083,candidate_1,candidate_3,candidate_2,3,0.02
1084,candidate_1,candidate_3,candidate_2,3,0.02
1085,candidate_1,candidate_3,candidate_2,3,0.02
1086,candidate_1,candidate_3,candidate_2,3,0.02
1087,candidate_1,candidate_3,candidate_2,3,0.02
1088,candidate_1,candidate_3,candidate_2,3,0.02
1089,candidate_1,candidate_3,candidate_2,3,0.02
1090,candidate_1,candidate_3,candidate_2,3,0.02
1091,candidate_1,candidate_3,0,3,0.02
1092,0,candidate_3,candidate_2,3,0.02
1093,candidate_1,candidate_3,candidate_2,3,0.02
1094,candidate_1,candidate_3,candidate_2,3,0.02
1095,candidate_1,candidate_3,candidate_2,3,0.02
1096,candidate_1,candidate_3,candidate_2,3,0.02
1097,candidate_1,candidate_3,candidate_2,3,0.02
1098,candidate_1,candidate_3,candidate_2,3,0.02
1099,candidate_1,candidate_3,candidate_2,3,0.02
1100,candidate_1,candidate_3,candidate_2,3,0.02
1101,candidate_1,candidate_3,candidate_2,3,0.02
1102,candidate_1,candidate_3,candidate_2,3,0.02
1103,candidate_1,candidate_3,candidate_2,3,0.02
1104,candidate_1,candidate_3,candidate_2,3,0.02
1105,candidate_1,candidate_3,candidate_2,3,0.02
1106,candidate_1,candidate_3,candidate_2,3,0.02
1107,candidate_1,candidate_3,candidate_2,3,0.02
1108,candidate_1,candidate_3,candidate_2,3,0.02
1109,candidate_1,candidate_3,candidate_2,3,0.02
1110,candidate_1,candidate_3,candidate_2,3,0.02
1111,candidate_1,candidate_3,candidate_2,3,0.02
1112,candidate_1,candidate_3,0,3,0.02
1113,candidate_1,candidate_3,candidate_2,3,0.02
1114,candidate_1,candidate_3,candidate_2,3,0.02
1115,candidate_1,candidate_3,candidate_2,3,0.02
1116,candidate_1,candidate_3,candidate_2,3,0.02
1117,candidate_1,candidate_3,candidate_2,3,0.02
1118,candidate_1,candidate_3,candidate_2,3,0.02
1119,candidate_1,candidate_3,candidate_2,3,0.02
1120,candidate_1,candidate_3,candidate_2,3,0.02
1121,candidate_1,candidate_3,candidate_2,3,0.02
1122,candidate_1,candidate_3,candidate_2,3,0.02
1123,candidate_1,candidate_3,candidate_2,3,0.02
1124,candidate_1,candidate_3,candidate_2,3,0.02
1125,candidate_1,candidate_3,candidate_2,3,0.02
1126,candidate_1,candidate_3,candidate_2,3,0.02
1127,candidate_1,candidate_3,candidate_2,3,0.02
1128,candidate_1,candidate_3,candidate_2,3,0.02
1129,candidate_1,candidate_3,candidate_2,3,0.02
1130,candidate_1,candidate_3,candidate_2,3,0.02
1131,candidate_1,candidate_3,candidate_2,3,0.02
1132,candidate_1,candidate_3,candidate_2,3,0.02
1133,candidate_1,candidate_3,candidate_2,3,0.02
1134,candidate_1,candidate_3,candidate_2,3,0.02
1135,candidate_1,candidate_3,candidate_2,3,0.02
1136,candidate_1,candidate_3,candidate_2,3,0.02
1137,candidate_1,candidate_3,candidate_2,3,0.02
1138,candidate_1,candidate_3,candidate_2,3,0.02
1139,candidate_1,candidate_3,candidate_2,3,0.02
1140,candidate_1,candidate_3,candidate_2,3,0.02
1141,candidate_1,candidate_3,candidate_2,3,0.02
1142,candidate_1,candidate_3,candidate_2,3,0.02
1143,candidate_1,candidate_3,candidate_2,3,0.02
1144,candidate_1,candidate_3,candidate_2,3,0.02
1145,candidate_1,candidate_3,candidate_2,3,0.02
1146,candidate_1,candidate_3,candidate_2,3,0.02
1147,candidate_1,candidate_3,candidate_2,3,0.02
1148,candidate_1,candidate_3,candidate_2,3,0.02
1149,candidate_1,candidate_3,candidate_2,3,0.02
1150,candidate_1,candidate_3,candidate_2,3,0.02
1151,0,candidate_3,candidate_2,3,0.02
1152,candidate_1,candidate_3,candidate_2,3,0.02
1153,candidate_1,candidate_3,candidate_2,3,0.02
1154,candidate_1,candidate_3,candidate_2,3,0.02
1155,candidate_1,candidate_3,candidate_2,3,0.02
1156,candidate_1,candidate_3,candidate_2,3,0.02
1157,candidate_1,candidate_3,candidate_2,3,0.02
1158,candidate_1,candidate_3,candidate_2,3,0.02
1159,candidate_1,candidate_3,candidate_2,3,0.02
1160,candidate_1,candidate_3,candidate_2,3,0.02
1161,candidate_1,candidate_3,candidate_2,3,0.02
1162,candidate_1,candidate_3,candidate_2,3,0.02
1163,candidate_1,candidate_3,candidate_2,3,0.02
1164,candidate_1,candidate_3,candidate_2,3,0.02
1165,candidate_1,candidate_3,candidate_2,3,0.02
1166,candidate_1,candidate_3,candidate_2,3,0.02
1167,candidate_1,candidate_3,candidate_2,3,0.02
1168,candidate_1,candidate_3,candidate_2,3,0.02
1169,candidate_1,candidate_3,candidate_2,3,0.02
1170,candidate_1,candidate_3,candidate_2,3,0.02
1171,candidate_1,candidate_3,candidate_2,3,0.02
1172,candidate_1,candidate_3,candidate_2,3,0.02
1173,candidate_1,candidate_3,candidate_2,3,0.02
1174,candidate_1,candidate_3,candidate_2,3,0.02
1175,candidate_1,candidate_3,candidate_2,3,0.02
1176,candidate_1,candidate_3,candidate_2,3,0.02
1177,candidate_1,candidate_3,candidate_2,3,0.02
1178,candidate_1,candidate_3,candidate_2,3,0.02
1179,candidate_1,candidate_3,candidate_2,3,0.02
1180,candidate_1,candidate_3,candidate_2,3,0.02
1181,0,candidate_3,candidate_2,3,0.02
1182,candidate_1,candidate_3,candidate_2,3,0.02
1183,candidate_1,candidate_3,candidate_2,3,0.02
1184,candidate_1,candidate_3,candidate_2,3,0.02
1185,candidate_1,candidate_3,candidate_2,3,0.02
1186,candidate_1,candidate_3,candidate_2,3,0.02
1187,candidate_1,candidate_3,candidate_2,3,0.02
1188,candidate_1,candidate_3,candidate_2,3,0.02
1189,candidate_1,candidate_3,candidate_2,3,0.02
1190,candidate_1,candidate_3,candidate_2,3,0.02
1191,candidate_1,candidate_3,candidate_2,3,0.02
1192,candidate_1,candidate_3,candidate_2,3,0.02
1193,candidate_1,candidate_3,candidate_2,3,0.02
1194,candidate_1,candidate_3,candidate_2,3,0.02
1195,candidate_1,candidate_3,candidate_2,3,0.02
1196,candidate_1,candidate_3,candidate_2,3,0.02
1197,candidate_1,candidate_3,candidate_2,3,0.02
1198,candidate_1,candidate_3,candidate_2,3,0.02
1199,candidate_1,candidate_3,candidate_2,3,0.02
1200,candidate_1,candidate_3,candidate_2,3,0.02
1201,candidate_1,candidate_3,0,3,0.02
1202,candidate_1,candidate_3,candidate_2,3,0.02
1203,candidate_1,candidate_3,0,3,0.02
1204,candidate_1,candidate_3,candidate_2,3,0.02
1205,candidate_1,candidate_3,candidate_2,3,0.02
1206,candidate_1,candidate_3,candidate_2,3,0.02
1207,candidate_1,candidate_3,candidate_2,3,0.02
1208,candidate_1,candidate_3,candidate_2,3,0.02
1209,candidate_1,candidate_3,candidate_2,3,0.02
1210,candidate_1,candidate_3,candidate_2,3,0.02
1211,candidate_1,candidate_3,candidate_2,3,0.02
1212,candidate_1,candidate_3,candidate_2,3,0.02
1213,0,candidate_3,candidate_2,3,0.02
1214,candidate_1,candidate_3,candidate_2,3,0.02
1215,candidate_1,candidate_3,candidate_2,3,0.02
1216,candidate_1,candidate_3,candidate_2,3,0.02
1217,candidate_1,candidate_3,candidate_2,3,0.02
1218,candidate_1,candidate_3,candidate_2,3,0.02
1219,candidate_1,candidate_3,candidate_2,3,0.02
1220,candidate_1,candidate_3,candidate_2,3,0.02
1221,candidate_1,0,candidate_2,3,0.02
1222,candidate_1,candidate_3,candidate_2,3,0.02
1223,candidate_1,candidate_3,candidate_2,3,0.02
1224,candidate_1,candidate_3,candidate_2,3,0.02
1225,candidate_1,candidate_3,candidate_2,3,0.02
1226,candidate_1,candidate_3,candidate_2,3,0.02
1227,candidate_1,candidate_3,candidate_2,3,0.02
1228,candidate_1,candidate_3,candidate_2,3,0.02
1229,candidate_1,candidate_3,candidate_2,3,0.02
1230,candidate_1,candidate_3,candidate_2,3,0.02
1231,candidate_1,candidate_3,candidate_2,3,0.02
1232,candidate_1,candidate_3,candidate_2,3,0.02
1233,candidate_1,candidate_3,candidate_2,3,0.02
1234,candidate_1,candidate_3,candidate_2,3,0.02
1235,candidate_1,candidate_3,candidate_2,3,0.02
1236,candidate_1,candidate_3,candidate_2,3,0.02
1237,candidate_1,candidate_3,candidate_2,3,0.02
1238,candidate_1,candidate_3,candidate_2,3,0.02
1239,candidate_1,candidate_3,candidate_2,3,0.02
1240,candidate_1,candidate_3,candidate_2,3,0.02
1241,candidate_1,candidate_3,candidate_2,3,0.02
1242,candidate_1,candidate_3,candidate_2,3,0.02
1243,candidate_1,candidate_3,candidate_2,3,0.02
1244,candidate_1,candidate_3,candidate_2,3,0.02
1245,candidate_1,candidate_3,candidate_2,3,0.02
1246,candidate_1,candidate_3,candidate_2,3,0.02
1247,candidate_1,candidate_3,candidate_2,3,0.02
1248,candidate_1,candidate_3,candidate_2,3,0.02
1249,candidate_1,candidate_3,candidate_2,3,0.02
1250,candidate_1,0,candidate_2,3,0.02
1251,candidate_1,candidate_3,candidate_2,3,0.02
1252,candidate_1,candidate_3,candidate_2,3,0.02
1253,candidate_1,candidate_3,candidate_2,3,0.02
1254,candidate_1,candidate_3,candidate_2,3,0.02
1255,candidate_1,candidate_3,candidate_2,3,0.02
1256,candidate_1,candidate_3,candidate_2,3,0.02
1257,candidate_1,candidate_3,candidate_2,3,0.02
1258,candidate_1,candidate_3,candidate_2,3,0.02
1259,candidate_1,candidate_3,candidate_2,3,0.02
1260,candidate_1,candidate_3,candidate_2,3,0.02
1261,candidate_1,candidate_3,candidate_2,3,0.02
1262,candidate_1,candidate_3,candidate_2,3,0.02
1263,candidate_1,candidate_3,candidate_2,3,0.02
1264,candidate_1,candidate_3,candidate_2,3,0.02
1265,candidate_1,candidate_3,candidate_2,3,0.02
1266,candidate_1,candidate_3,candidate_2,3,0.02
1267,candidate_1,candidate_3,candidate_2,3,0.02
1268,candidate_1,candidate_3,candidate_2,3,0.02
1269,candidate_1,candidate_3,candidate_2,3,0.02
1270,candidate_1,candidate_3,candidate_2,3,0.02
1271,candidate_1,candidate_3,candidate_2,3,0.02
1272,candidate_1,candidate_3,candidate_2,3,0.02
1273,candidate_1,candidate_3,candidate_2,3,0.02
1274,candidate_1,candidate_3,candidate_2,3,0.02
1275,candidate_1,candidate_3,candidate_2,3,0.02
1276,candidate_1,candidate_3,candidate_2,3,0.02
1277,candidate_1,candidate_3,candidate_2,3,0.02
1278,candidate_1,candidate_3,candidate_2,3,0.02
1279,candidate_1,candidate_3,candidate_2,3,0.02
1280,0,candidate_3,candidate_2,3,0.02
1281,candidate_1,candidate_3,candidate_2,3,0.02
1282,candidate_1,candidate_3,candidate_2,3,0.02
1283,candidate_1,candidate_3,candidate_2,3,0.02
1284,candidate_1,candidate_3,candidate_2,3,0.02
1285,candidate_1,candidate_3,0,3,0.02
1286,candidate_1,candidate_3,candidate_2,3,0.02
1287,candidate_1,0,candidate_2,3,0.02
1288,candidate_1,candidate_3,candidate_2,3,0.02
1289,0,candidate_3,candidate_2,3,0.02
1290,candidate_1,candidate_3,candidate_2,3,0.02
1291,candidate_1,candidate_3,candidate_2,3,0.02
1292,candidate_1,candidate_3,candidate_2,3,0.02
1293,candidate_1,candidate_3,candidate_2,3,0.02
1294,candidate_1,candidate_3,candidate_2,3,0.02
1295,candidate_1,candidate_3,candidate_2,3,0.02
1296,candidate_1,candidate_3,0,3,0.02
1297,candidate_1,candidate_3,candidate_2,3,0.02
1298,candidate_1,candidate_3,candidate_2,3,0.02
1299,0,candidate_3,candidate_2,3,0.02
1300,candidate_1,candidate_3,candidate_2,3,0.02
1301,candidate_1,candidate_3,candidate_2,3,0.02
1302,candidate_1,candidate_3,candidate_2,3,0.02
1303,candidate_1,candidate_3,candidate_2,3,0.02
1304,candidate_1,candidate_3,candidate_2,3,0.02
1305,candidate_1,candidate_3,candidate_2,3,0.02
1306,candidate_1,candidate_3,candidate_2,3,0.02
1307,candidate_1,candidate_3,candidate_2,3,0.02
1308,candidate_1,candidate_3,candidate_2,3,0.02
1309,candidate_1,candidate_3,candidate_2,3,0.02
1310,candidate_1,candidate_3,candidate_2,3,0.02
1311,candidate_1,candidate_3,candidate_2,3,0.02
1312,candidate_1,candidate_3,candidate_2,3,0.02
1313,candidate_1,candidate_3,candidate_2,3,0.02
1314,candidate_1,candidate_3,candidate_2,3,0.02
1315,candidate_1,candidate_3,candidate_2,3,0.02
1316,candidate_1,candidate_3,candidate_2,3,0.02
1317,candidate_1,candidate_3,candidate_2,3,0.02
1318,candidate_1,candidate_3,candidate_2,3,0.02
1319,candidate_1,candidate_3,candidate_2,3,0.02
1320,candidate_1,candidate_3,candidate_2,3,0.02
1321,candidate_1,candidate_3,candidate_2,3,0.02
1322,candidate_1,candidate_3,candidate_2,3,0.02
1323,candidate_1,candidate_3,0,3,0.02
1324,candidate_1,candidate_3,candidate_2,3,0.02
1325,candidate_1,candidate_3,candidate_2,3,0.02
1326,candidate_1,candidate_3,candidate_2,3,0.02
1327,candidate_1,candidate_3,candidate_2,3,0.02
1328,candidate_1,candidate_3,candidate_2,3,0.02
1329,candidate_1,candidate_3,candidate_2,3,0.02
1330,candidate_1,candidate_3,candidate_2,3,0.02
1331,candidate_1,candidate_3,candidate_2,3,0.02
1332,candidate_1,candidate_3,candidate_2,3,0.02
1333,candidate_1,candidate_3,candidate_2,3,0.02
1334,candidate_1,candidate_3,candidate_2,3,0.02
1335,candidate_1,candidate_3,candidate_2,3,0.02
1336,candidate_1,candidate_3,candidate_2,3,0.02
1337,candidate_1,candidate_3,candidate_2,3,0.02
1338,0,candidate_3,0,3,0.02
1339,candidate_1,candidate_3,candidate_2,3,0.02
1340,candidate_1,candidate_3,candidate_2,3,0.02
1341,candidate_1,candidate_3,candidate_2,3,0.02
1342,candidate_1,candidate_3,candidate_2,3,0.02
1343,candidate_1,candidate_3,candidate_2,3,0.02
1344,candidate_1,candidate_3,candidate_2,3,0.02
1345,candidate_1,candidate_3,candidate_2,3,0.02
1346,candidate_1,candidate_3,candidate_2,3,0.02
1347,candidate_1,candidate_3,candidate_2,3,0.02
1348,candidate_1,candidate_3,0,3,0.02
1349,candidate_1,candidate_3,candidate_2,3,0.02
1350,candidate_1,candidate_3,candidate_2,3,0.02
1351,candidate_1,candidate_3,candidate_2,3,0.02
1352,candidate_1,candidate_3,candidate_2,3,0.02
1353,candidate_1,candidate_3,candidate_2,3,0.02
1354,candidate_1,candidate_3,candidate_2,3,0.02
1355,candidate_1,candidate_3,candidate_2,3,0.02
1356,candidate_1,candidate_3,0,3,0.02
1357,candidate_1,candidate_3,candidate_2,3,0.02
1358,candidate_1,candidate_3,candidate_2,3,0.02
1359,candidate_1,0,candidate_2,3,0.02
1360,candidate_1,candidate_3,candidate_2,3,0.02
1361,candidate_1,candidate_3,candidate_2,3,0.02
1362,candidate_1,candidate_3,candidate_2,3,0.02
1363,candidate_1,candidate_3,candidate_2,3,0.02
1364,candidate_1,candidate_3,candidate_2,3,0.02
1365,candidate_1,candidate_3,candidate_2,3,0.02
1366,candidate_1,candidate_3,candidate_2,3,0.02
1367,candidate_1,candidate_3,candidate_2,3,0.02
1368,candidate_1,candidate_3,candidate_2,3,0.02
1369,candidate_1,candidate_3,candidate_2,3,0.02
1370,candidate_1,candidate_3,candidate_2,3,0.02
1371,candidate_1,candidate_3,candidate_2,3,0.02
1372,candidate_1,candidate_3,candidate_2,3,0.02
1373,candidate_1,candidate_3,candidate_2,3,0.02
1374,candidate_1,candidate_3,candidate_2,3,0.02
1375,candidate_1,candidate_3,candidate_2,3,0.02
1376,candidate_1,candidate_3,candidate_2,3,0.02
1377,candidate_1,candidate_3,candidate_2,3,0.02
1378,candidate_1,candidate_3,candidate_2,3,0.02
1379,candidate_1,candidate_3,candidate_2,3,0.02
1380,candidate_1,candidate_3,0,3,0.02
1381,candidate_1,candidate_3,candidate_2,3,0.02
1382,candidate_1,candidate_3,candidate_2,3,0.02
1383,0,candidate_3,candidate_2,3,0.02
1384,candidate_1,candidate_3,candidate_2,3,0.02
1385,candidate_1,candidate_3,candidate_2,3,0.02
1386,candidate_1,candidate_3,candidate_2,3,0.02
1387,candidate_1,candidate_3,candidate_2,3,0.02
1388,candidate_1,candidate_3,candidate_2,3,0.02
1389,candidate_1,candidate_3,candidate_2,3,0.02
1390,candidate_1,candidate_3,candidate_2,3,0.02
1391,candidate_1,candidate_3,candidate_2,3,0.02
1392,candidate_1,candidate_3,candidate_2,3,0.02
1393,candidate_1,candidate_3,candidate_2,3,0.02
1394,candidate_1,candidate_3,candidate_2,3,0.02
1395,candidate_1,candidate_3,candidate_2,3,0.02
1396,candidate_1,candidate_3,candidate_2,3,0.02
1397,candidate_1,candidate_3,candidate_2,3,0.02
1398,candidate_1,candidate_3,candidate_2,3,0.02
1399,candidate_1,candidate_3,candidate_2,3,0.02
1400,candidate_1,candidate_3,candidate_2,3,0.02
1401,candidate_1,candidate_3,candidate_2,3,0.02
1402,candidate_1,candidate_3,candidate_2,3,0.02
1403,candidate_1,candidate_3,candidate_2,3,0.02
1404,candidate_1,candidate_3,candidate_2,3,0.02
1405,candidate_1,candidate_3,candidate_2,3,0.02
1406,candidate_1,candidate_3,candidate_2,3,0.02
1407,candidate_1,candidate_3,candidate_2,3,0.02
1408,candidate_1,candidate_3,candidate_2,3,0.02
1409,candidate_1,candidate_3,candidate_2,3,0.02
1410,candidate_1,candidate_3,candidate_2,3,0.02
1411,candidate_1,candidate_3,candidate_2,3,0.02
1412,candidate_1,candidate_3,candidate_2,3,0.02
1413,candidate_1,candidate_3,candidate_2,3,0.02
1414,candidate_1,0,candidate_2,3,0.02
1415,candidate_1,candidate_3,candidate_2,3,0.02
1416,candidate_1,candidate_3,candidate_2,3,0.02
1417,candidate_1,candidate_3,candidate_2,3,0.02
1418,candidate_1,candidate_3,candidate_2,3,0.02
1419,candidate_1,candidate_3,candidate_2,3,0.02
1420,candidate_1,candidate_3,candidate_2,3,0.02
1421,candidate_1,candidate_3,candidate_2,3,0.02
1422,candidate_1,candidate_3,candidate_2,3,0.02
1423,candidate_1,candidate_3,candidate_2,3,0.02
1424,candidate_1,candidate_3,candidate_2,3,0.02
1425,candidate_1,candidate_3,candidate_2,3,0.02
1426,candidate_1,candidate_3,candidate_2,3,0.02
1427,candidate_1,candidate_3,candidate_2,3,0.02
1428,candidate_1,candidate_3,candidate_2,3,0.02
1429,candidate_1,candidate_3,candidate_2,3,0.02
1430,candidate_1,candidate_3,candidate_2,3,0.02
1431,candidate_1,candidate_3,candidate_2,3,0.02
1432,candidate_1,candidate_3,candidate_2,3,0.02
1433,candidate_1,candidate_3,candidate_2,3,0.02
1434,candidate_1,candidate_3,candidate_2,3,0.02
1435,candidate_1,0,candidate_2,3,0.02
1436,candidate_1,candidate_3,candidate_2,3,0.02
1437,candidate_1,candidate_3,candidate_2,3,0.02
1438,candidate_1,candidate_3,candidate_2,3,0.02
1439,0,candidate_3,candidate_2,3,0.02
1440,candidate_1,candidate_3,candidate_2,3,0.02
1441,candidate_1,candidate_3,candidate_2,3,0.02
1442,candidate_1,candidate_3,candidate_2,3,0.02
1443,candidate_1,candidate_3,candidate_2,3,0.02
1444,candidate_1,candidate_3,candidate_2,3,0.02
1445,candidate_1,candidate_3,candidate_2,3,0.02
1446,candidate_1,candidate_3,candidate_2,3,0.02
1447,candidate_1,candidate_3,candidate_2,3,0.02
1448,candidate_1,candidate_3,candidate_2,3,0.02
1449,candidate_1,candidate_3,candidate_2,3,0.02
1450,candidate_1,candidate_3,candidate_2,3,0.02
1451,candidate_1,candidate_3,candidate_2,3,0.02
1452,candidate_1,candidate_3,candidate_2,3,0.02
1453,candidate_1,candidate_3,candidate_2,3,0.02
1454,candidate_1,candidate_3,candidate_2,3,0.02
1455,candidate_1,candidate_3,candidate_2,3,0.02
1456,candidate_1,candidate_3,candidate_2,3,0.02
1457,candidate_1,candidate_3,candidate_2,3,0.02
1458,candidate_1,candidate_3,candidate_2,3,0.02
1459,candidate_1,candidate_3,candidate_2,3,0.02
1460,candidate_1,candidate_3,candidate_2,3,0.02
1461,candidate_1,candidate_3,candidate_2,3,0.02
1462,candidate_1,candidate_3,candidate_2,3,0.02
1463,candidate_1,candidate_3,candidate_2,3,0.02
1464,candidate_1,candidate_3,candidate_2,3,0.02
1465,candidate_1,candidate_3,candidate_2,3,0.02
1466,candidate_1,candidate_3,candidate_2,3,0.02
1467,candidate_1,candidate_3,candidate_2,3,0.02
1468,candidate_1,candidate_3,candidate_2,3,0.02
1469,candidate_1,candidate_3,candidate_2,3,0.02
1470,candidate_1,candidate_3,candidate_2,3,0.02
1471,candidate_1,candidate_3,candidate_2,3,0.02
1472,candidate_1,candidate_3,candidate_2,3,0.02
1473,candidate_1,candidate_3,candidate_2,3,0.02
1474,candidate_1,candidate_3,candidate_2,3,0.02
1475,candidate_1,candidate_3,candidate_2,3,0.02
1476,candidate_1,candidate_3,candidate_2,3,0.02
1477,candidate_1,candidate_3,candidate_2,3,0.02
1478,candidate_1,candidate_3,candidate_2,3,0.02
1479,candidate_1,candidate_3,candidate_2,3,0.02
1480,candidate_1,candidate_3,candidate_2,3,0.02
1481,candidate_1,candidate_3,candidate_2,3,0.02
1482,candidate_1,candidate_3,candidate_2,3,0.02
1483,candidate_1,candidate_3,candidate_2,3,0.02
1484,candidate_1,candidate_3,candidate_2,3,0.02
1485,candidate_1,candidate_3,candidate_2,3,0.02
1486,candidate_1,candidate_3,candidate_2,3,0.02
1487,candidate_1,candidate_3,candidate_2,3,0.02
1488,candidate_1,candidate_3,candidate_2,3,0.02
1489,candidate_1,candidate_3,candidate_2,3,0.02
1490,candidate_1,candidate_3,candidate_2,3,0.02
1491,candidate_1,candidate_3,candidate_2,3,0.02
1492,candidate_1,candidate_3,candidate_2,3,0.02
1493,candidate_1,candidate_3,candidate_2,3,0.02
1494,candidate_1,candidate_3,candidate_2,3,0.02
1495,candidate_1,candidate_3,candidate_2,3,0.02
1496,candidate_1,candidate_3,candidate_2,3,0.02
1497,candidate_1,candidate_3,candidate_2,3,0.02
1498,candidate_1,candidate_3,candidate_2,3,0.02
1499,candidate_1,candidate_3,candidate_2,3,0.02
1500,candidate_1,candidate_3,candidate_2,3,0.02
1501,candidate_1,candidate_3,candidate_2,3,0.02
1502,candidate_1,candidate_3,candidate_2,3,0.02
1503,candidate_1,candidate_3,candidate_2,3,0.02
1504,candidate_1,candidate_3,0,3,0.02
1505,candidate_1,candidate_3,candidate_2,3,0.02
1506,candidate_1,candidate_3,candidate_2,3,0.02
1507,candidate_1,candidate_3,candidate_2,3,0.02
1508,candidate_1,candidate_3,candidate_2,3,0.02
1509,candidate_1,candidate_3,candidate_2,3,0.02
1510,candidate_1,candidate_3,candidate_2,3,0.02
1511,candidate_1,candidate_3,candidate_2,3,0.02
1512,candidate_1,candidate_3,candidate_2,3,0.02
1513,candidate_1,candidate_3,candidate_2,3,0.02
1514,candidate_1,candidate_3,candidate_2,3,0.02
1515,candidate_1,candidate_3,candidate_2,3,0.02
1516,candidate_1,candidate_3,candidate_2,3,0.02
1517,candidate_1,candidate_3,candidate_2,3,0.02
1518,candidate_1,candidate_3,candidate_2,3,0.02
1519,candidate_1,candidate_3,candidate_2,3,0.02
1520,candidate_1,candidate_3,candidate_2,3,0.02
1521,candidate_1,candidate_3,candidate_2,3,0.02
1522,candidate_1,candidate_3,candidate_2,3,0.02
1523,candidate_1,candidate_3,candidate_2,3,0.02
1524,candidate_1,candidate_3,candidate_2,3,0.02
1525,candidate_1,candidate_3,candidate_2,3,0.02
1526,0,candidate_3,candidate_2,3,0.02
1527,candidate_1,candidate_3,candidate_2,3,0.02
1528,candidate_1,candidate_3,0,3,0.02
1529,candidate_1,0,candidate_2,3,0.02
1530,candidate_1,candidate_3,candidate_2,3,0.02
1531,candidate_1,candidate_3,candidate_2,3,0.02
1532,candidate_1,candidate_3,candidate_2,3,0.02
1533,candidate_1,candidate_3,candidate_2,3,0.02
1534,candidate_1,candidate_3,candidate_2,3,0.02
1535,candidate_1,candidate_3,candidate_2,3,0.02
1536,candidate_1,candidate_3,candidate_2,3,0.02
1537,candidate_1,candidate_3,candidate_2,3,0.02
1538,candidate_1,candidate_3,candidate_2,3,0.02
1539,candidate_1,candidate_3,candidate_2,3,0.02
1540,candidate_1,candidate_3,candidate_2,3,0.02
1541,candidate_1,candidate_3,candidate_2,3,0.02
1542,candidate_1,candidate_3,candidate_2,3,0.02
1543,candidate_1,candidate_3,candidate_2,3,0.02
1544,candidate_1,candidate_3,candidate_2,3,0.02
1545,candidate_1,candidate_3,candidate_2,3,0.02
1546,candidate_1,candidate_3,candidate_2,3,0.02
1547,candidate_1,candidate_3,candidate_2,3,0.02
1548,candidate_1,candidate_3,candidate_2,3,0.02
1549,candidate_1,candidate_3,candidate_2,3,0.02
1550,candidate_1,candidate_3,candidate_2,3,0.02
1551,candidate_1,candidate_3,candidate_2,3,0.02
1552,candidate_1,candidate_3,candidate_2,3,0.02
1553,candidate_1,candidate_3,candidate_2,3,0.02
1554,candidate_1,candidate_3,candidate_2,3,0.02
1555,candidate_1,candidate_3,candidate_2,3,0.02
1556,candidate_1,candidate_3,candidate_2,3,0.02
1557,candidate_1,candidate_3,candidate_2,3,0.02
1558,candidate_1,candidate_3,candidate_2,3,0.02
1559,candidate_1,candidate_3,candidate_2,3,0.02
1560,candidate_1,candidate_3,candidate_2,3,0.02
1561,candidate_1,candidate_3,candidate_2,3,0.02
1562,candidate_1,candidate_3,candidate_2,3,0.02
1563,candidate_1,candidate_3,candidate_2,3,0.02
1564,candidate_1,candidate_3,candidate_2,3,0.02
1565,candidate_1,candidate_3,candidate_2,3,0.02
1566,candidate_1,candidate_3,candidate_2,3,0.02
1567,candidate_1,candidate_3,candidate_2,3,0.02
1568,candidate_1,candidate_3,candidate_2,3,0.02
1569,candidate_1,candidate_3,candidate_2,3,0.02
1570,candidate_1,candidate_3,candidate_2,3,0.02
1571,candidate_1,candidate_3,candidate_2,3,0.02
1572,candidate_1,candidate_3,0,3,0.02
1573,candidate_1,candidate_3,candidate_2,3,0.02
1574,candidate_1,candidate_3,candidate_2,3,0.02
1575,candidate_1,candidate_3,candidate_2,3,0.02
1576,candidate_1,candidate_3,candidate_2,3,0.02
1577,candidate_1,candidate_3,candidate_2,3,0.02
1578,candidate_1,candidate_3,candidate_2,3,0.02
1579,candidate_1,candidate_3,candidate_2,3,0.02
1580,candidate_1,candidate_3,candidate_2,3,0.02
1581,candidate_1,candidate_3,candidate_2,3,0.02
1582,candidate_1,candidate_3,candidate_2,3,0.02
1583,candidate_1,candidate_3,candidate_2,3,0.02
1584,candidate_1,candidate_3,candidate_2,3,0.02
1585,candidate_1,candidate_3,candidate_2,3,0.02
1586,candidate_1,candidate_3,candidate_2,3,0.02
1587,candidate_1,candidate_3,candidate_2,3,0.02
1588,candidate_1,candidate_3,candidate_2,3,0.02
1589,candidate_1,candidate_3,candidate_2,3,0.02
1590,candidate_1,candidate_3,candidate_2,3,0.02
1591,candidate_1,candidate_3,candidate_2,3,0.02
1592,candidate_1,candidate_3,candidate_2,3,0.02
1593,candidate_1,candidate_3,candidate_2,3,0.02
1594,candidate_1,candidate_3,candidate_2,3,0.02
1595,candidate_1,candidate_3,candidate_2,3,0.02
1596,candidate_1,candidate_3,candidate_2,3,0.02
1597,candidate_1,candidate_3,candidate_2,3,0.02
1598,candidate_1,candidate_3,candidate_2,3,0.02
1599,candidate_1,candidate_3,candidate_2,3,0.02
1600,candidate_1,candidate_3,candidate_2,3,0.02
1601,candidate_1,candidate_3,candidate_2,3,0.02
1602,candidate_1,candidate_3,candidate_2,3,0.02
1603,candidate_1,candidate_3,candidate_2,3,0.02
1604,candidate_1,candidate_3,candidate_2,3,0.02
1605,candidate_1,candidate_3,candidate_2,3,0.02
1606,candidate_1,candidate_3,candidate_2,3,0.02
1607,candidate_1,candidate_3,candidate_2,3,0.02
1608,candidate_1,candidate_3,candidate_2,3,0.02
1609,candidate_1,candidate_3,candidate_2,3,0.02
1610,candidate_1,candidate_3,candidate_2,3,0.02
1611,0,candidate_3,candidate_2,3,0.02
1612,candidate_1,candidate_3,candidate_2,3,0.02
1613,candidate_1,0,candidate_2,3,0.02
1614,candidate_1,candidate_3,candidate_2,3,0.02
1615,candidate_1,candidate_3,candidate_2,3,0.02
1616,candidate_1,candidate_3,candidate_2,3,0.02
1617,candidate_1,candidate_3,candidate_2,3,0.02
1618,candidate_1,candidate_3,candidate_2,3,0.02
1619,candidate_1,candidate_3,candidate_2,3,0.02
1620,candidate_1,candidate_3,candidate_2,3,0.02
1621,candidate_1,candidate_3,0,3,0.02
1622,candidate_1,candidate_3,candidate_2,3,0.02
1623,candidate_1,candidate_3,candidate_2,3,0.02
1624,candidate_1,candidate_3,candidate_2,3,0.02
1625,candidate_1,candidate_3,candidate_2,3,0.02
1626,candidate_1,candidate_3,candidate_2,3,0.02
1627,candidate_1,candidate_3,candidate_2,3,0.02
1628,candidate_1,candidate_3,candidate_2,3,0.02
1629,candidate_1,candidate_3,candidate_2,3,0.02
1630,candidate_1,candidate_3,candidate_2,3,0.02
1631,candidate_1,candidate_3,candidate_2,3,0.02
1632,candidate_1,candidate_3,candidate_2,3,0.02
1633,candidate_1,candidate_3,candidate_2,3,0.02
1634,candidate_1,candidate_3,candidate_2,3,0.02
1635,candidate_1,candidate_3,candidate_2,3,0.02
1636,candidate_1,candidate_3,0,3,0.02
1637,candidate_1,candidate_3,candidate_2,3,0.02
1638,candidate_1,candidate_3,candidate_2,3,0.02
1639,candidate_1,candidate_3,candidate_2,3,0.02
1640,candidate_1,candidate_3,candidate_2,3,0.02
1641,candidate_1,candidate_3,candidate_2,3,0.02
1642,candidate_1,candidate_3,candidate_2,3,0.02
1643,candidate_1,candidate_3,candidate_2,3,0.02
1644,candidate_1,candidate_3,candidate_2,3,0.02
1645,candidate_1,candidate_3,candidate_2,3,0.02
1646,candidate_1,candidate_3,candidate_2,3,0.02
1647,candidate_1,candidate_3,candidate_2,3,0.02
1648,candidate_1,candidate_3,candidate_2,3,0.02
1649,candidate_1,candidate_3,candidate_2,3,0.02
1650,candidate_1,candidate_3,candidate_2,3,0.02
1651,candidate_1,candidate_3,candidate_2,3,0.02
1652,candidate_1,candidate_3,candidate_2,3,0.02
1653,candidate_1,candidate_3,candidate_2,3,0.02
1654,candidate_1,candidate_3,candidate_2,3,0.02
1655,candidate_1,candidate_3,candidate_2,3,0.02
1656,candidate_1,candidate_3,candidate_2,3,0.02
1657,candidate_1,candidate_3,candidate_2,3,0.02
1658,candidate_1,candidate_3,0,3,0.02
1659,candidate_1,candidate_3,candidate_2,3,0.02
1660,candidate_1,candidate_3,candidate_2,3,0.02
1661,candidate_1,candidate_3,candidate_2,3,0.02
1662,candidate_1,candidate_3,candidate_2,3,0.02
1663,candidate_1,candidate_3,candidate_2,3,0.02
1664,candidate_1,candidate_3,candidate_2,3,0.02
1665,candidate_1,candidate_3,candidate_2,3,0.02
1666,candidate_1,candidate_3,candidate_2,3,0.02
1667,candidate_1,candidate_3,candidate_2,3,0.02
1668,candidate_1,candidate_3,candidate_2,3,0.02
1669,candidate_1,candidate_3,candidate_2,3,0.02
1670,candidate_1,candidate_3,candidate_2,3,0.02
1671,candidate_1,candidate_3,candidate_2,3,0.02
1672,candidate_1,candidate_3,candidate_2,3,0.02
1673,candidate_1,candidate_3,candidate_2,3,0.02
1674,candidate_1,candidate_3,candidate_2,3,0.02
1675,candidate_1,candidate_3,candidate_2,3,0.02
1676,candidate_1,candidate_3,candidate_2,3,0.02
1677,candidate_1,candidate_3,candidate_2,3,0.02
1678,candidate_1,candidate_3,candidate_2,3,0.02
1679,candidate_1,candidate_3,candidate_2,3,0.02
1680,candidate_1,candidate_3,candidate_2,3,0.02
1681,candidate_1,candidate_3,candidate_2,3,0.02
1682,candidate_1,candidate_3,candidate_2,3,0.02
1683,candidate_1,candidate_3,candidate_2,3,0.02
1684,candidate_1,candidate_3,candidate_2,3,0.02
1685,candidate_1,candidate_3,candidate_2,3,0.02
1686,candidate_1,candidate_3,candidate_2,3,0.02
1687,candidate_1,candidate_3,candidate_2,3,0.02
1688,candidate_1,candidate_3,candidate_2,3,0.02
1689,candidate_1,candidate_3,candidate_2,3,0.02
1690,candidate_1,candidate_3,candidate_2,3,0.02
1691,candidate_1,candidate_3,candidate_2,3,0.02
1692,candidate_1,candidate_3,candidate_2,3,0.02
1693,candidate_1,candidate_3,candidate_2,3,0.02
1694,candidate_1,candidate_3,candidate_2,3,0.02
1695,candidate_1,candidate_3,candidate_2,3,0.02
1696,candidate_1,candidate_3,candidate_2,3,0.02
1697,candidate_1,candidate_3,candidate_2,3,0.02
1698,candidate_1,candidate_3,candidate_2,3,0.02
1699,candidate_1,candidate_3,candidate_2,3,0.02
1700,candidate_1,candidate_3,candidate_2,3,0.02
1701,0,candidate_3,candidate_2,3,0.02
1702,candidate_1,candidate_3,candidate_2,3,0.02
1703,candidate_1,candidate_3,candidate_2,3,0.02
1704,candidate_1,candidate_3,candidate_2,3,0.02
1705,candidate_1,candidate_3,candidate_2,3,0.02
1706,candidate_1,candidate_3,candidate_2,3,0.02
1707,candidate_1,candidate_3,0,3,0.02
1708,candidate_1,candidate_3,candidate_2,3,0.02
1709,candidate_1,candidate_3,candidate_2,3,0.02
1710,candidate_1,candidate_3,candidate_2,3,0.02
1711,candidate_1,candidate_3,candidate_2,3,0.02
1712,candidate_1,candidate_3,candidate_2,3,0.02
1713,candidate_1,candidate_3,candidate_2,3,0.02
1714,candidate_1,candidate_3,candidate_2,3,0.02
1715,candidate_1,candidate_3,candidate_2,3,0.02
1716,candidate_1,candidate_3,candidate_2,3,0.02
1717,candidate_1,candidate_3,candidate_2,3,0.02
1718,candidate_1,candidate_3,candidate_2,3,0.02
1719,candidate_1,candidate_3,candidate_2,3,0.02
1720,candidate_1,candidate_3,candidate_2,3,0.02
1721,candidate_1,candidate_3,candidate_2,3,0.02
1722,candidate_1,candidate_3,candidate_2,3,0.02
1723,candidate_1,candidate_3,candidate_2,3,0.02
1724,candidate_1,candidate_3,candidate_2,3,0.02
1725,candidate_1,candidate_3,candidate_2,3,0.02
1726,candidate_1,candidate_3,candidate_2,3,0.02
1727,candidate_1,candidate_3,candidate_2,3,0.02
1728,candidate_1,candidate_3,candidate_2,3,0.02
1729,candidate_1,candidate_3,candidate_2,3,0.02
1730,candidate_1,candidate_3,candidate_2,3,0.02
1731,candidate_1,candidate_3,candidate_2,3,0.02
1732,candidate_1,candidate_3,candidate_2,3,0.02
1733,candidate_1,candidate_3,candidate_2,3,0.02
1734,candidate_1,0,candidate_2,3,0.02
1735,candidate_1,candidate_3,candidate_2,3,0.02
1736,candidate_1,candidate_3,candidate_2,3,0.02
1737,candidate_1,candidate_3,candidate_2,3,0.02
1738,candidate_1,candidate_3,candidate_2,3,0.02
1739,candidate_1,candidate_3,candidate_2,3,0.02
1740,candidate_1,0,candidate_2,3,0.02
1741,candidate_1,candidate_3,candidate_2,3,0.02
1742,candidate_1,candidate_3,candidate_2,3,0.02
1743,candidate_1,candidate_3,candidate_2,3,0.02
1744,candidate_1,candidate_3,candidate_2,3,0.02
1745,candidate_1,candidate_3,candidate_2,3,0.02
1746,candidate_1,candidate_3,candidate_2,3,0.02
1747,candidate_1,candidate_3,candidate_2,3,0.02
1748,candidate_1,candidate_3,candidate_2,3,0.02
1749,candidate_1,candidate_3,candidate_2,3,0.02
1750,candidate_1,candidate_3,candidate_2,3,0.02
1751,candidate_1,candidate_3,candidate_2,3,0.02
1752,candidate_1,candidate_3,candidate_2,3,0.02
1753,candidate_1,candidate_3,candidate_2,3,0.02
1754,candidate_1,candidate_3,candidate_2,3,0.02
1755,candidate_1,candidate_3,candidate_2,3,0.02
1756,candidate_1,candidate_3,candidate_2,3,0.02
1757,candidate_1,candidate_3,candidate_2,3,0.02
1758,candidate_1,candidate_3,candidate_2,3,0.02
1759,candidate_1,candidate_3,candidate_2,3,0.02
1760,candidate_1,candidate_3,candidate_2,3,0.02
1761,candidate_1,candidate_3,candidate_2,3,0.02
1762,candidate_1,candidate_3,candidate_2,3,0.02
1763,candidate_1,candidate_3,candidate_2,3,0.02
1764,candidate_1,candidate_3,candidate_2,3,0.02
1765,candidate_1,candidate_3,candidate_2,3,0.02
1766,candidate_1,candidate_3,candidate_2,3,0.02
1767,candidate_1,candidate_3,candidate_2,3,0.02
1768,candidate_1,candidate_3,candidate_2,3,0.02
1769,candidate_1,candidate_3,candidate_2,3,0.02
1770,candidate_1,candidate_3,candidate_2,3,0.02
1771,candidate_1,candidate_3,candidate_2,3,0.02
1772,candidate_1,candidate_3,candidate_2,3,0.02
1773,candidate_1,candidate_3,candidate_2,3,0.02
1774,candidate_1,candidate_3,candidate_2,3,0.02
1775,candidate_1,candidate_3,candidate_2,3,0.02
1776,candidate_1,candidate_3,candidate_2,3,0.02
1777,candidate_1,candidate_3,candidate_2,3,0.02
1778,candidate_1,candidate_3,candidate_2,3,0.02
1779,candidate_1,candidate_3,candidate_2,3,0.02
1780,candidate_1,candidate_3,candidate_2,3,0.02
1781,candidate_1,candidate_3,candidate_2,3,0.02
1782,candidate_1,candidate_3,candidate_2,3,0.02
1783,candidate_1,candidate_3,candidate_2,3,0.02
1784,candidate_1,candidate_3,candidate_2,3,0.02
1785,candidate_1,candidate_3,candidate_2,3,0.02
1786,candidate_1,candidate_3,candidate_2,3,0.02
1787,candidate_1,candidate_3,candidate_2,3,0.02
1788,0,candidate_3,candidate_2,3,0.02
1789,candidate_1,candidate_3,candidate_2,3,0.02
1790,candidate_1,candidate_3,candidate_2,3,0.02
1791,candidate_1,candidate_3,candidate_2,3,0.02
1792,candidate_1,candidate_3,candidate_2,3,0.02
1793,candidate_1,candidate_3,candidate_2,3,0.02
1794,candidate_1,candidate_3,candidate_2,3,0.02
1795,candidate_1,candidate_3,candidate_2,3,0.02
1796,candidate_1,candidate_3,candidate_2,3,0.02
1797,candidate_1,candidate_3,candidate_2,3,0.02
1798,candidate_1,candidate_3,candidate_2,3,0.02
1799,candidate_1,candidate_3,candidate_2,3,0.02
1800,candidate_1,candidate_3,candidate_2,3,0.02
1801,candidate_1,candidate_3,candidate_2,3,0.02
1802,candidate_1,candidate_3,candidate_2,3,0.02
1803,candidate_1,candidate_3,candidate_2,3,0.02
1804,candidate_1,candidate_3,candidate_2,3,0.02
1805,candidate_1,candidate_3,candidate_2,3,0.02
1806,0,candidate_3,candidate_2,3,0.02
1807,candidate_1,candidate_3,candidate_2,3,0.02
1808,candidate_1,candidate_3,candidate_2,3,0.02
1809,candidate_1,candidate_3,candidate_2,3,0.02
1810,candidate_1,candidate_3,candidate_2,3,0.02
1811,candidate_1,candidate_3,candidate_2,3,0.02
1812,candidate_1,candidate_3,candidate_2,3,0.02
1813,candidate_1,candidate_3,candidate_2,3,0.02
1814,candidate_1,candidate_3,candidate_2,3,0.02
1815,candidate_1,0,candidate_2,3,0.02
1816,candidate_1,candidate_3,candidate_2,3,0.02
1817,candidate_1,candidate_3,candidate_2,3,0.02
1818,candidate_1,candidate_3,candidate_2,3,0.02
1819,0,candidate_3,candidate_2,3,0.02
1820,candidate_1,candidate_3,candidate_2,3,0.02
1821,candidate_1,candidate_3,candidate_2,3,0.02
1822,0,candidate_3,candidate_2,3,0.02
1823,candidate_1,candidate_3,candidate_2,3,0.02
1824,0,candidate_3,candidate_2,3,0.02
1825,candidate_1,candidate_3,candidate_2,3,0.02
1826,candidate_1,candidate_3,candidate_2,3,0.02
1827,candidate_1,candidate_3,candidate_2,3,0.02
1828,candidate_1,candidate_3,candidate_2,3,0.02
1829,candidate_1,candidate_3,candidate_2,3,0.02
1830,candidate_1,candidate_3,candidate_2,3,0.02
1831,candidate_1,candidate_3,candidate_2,3,0.02
1832,candidate_1,candidate_3,candidate_2,3,0.02
1833,0,0,candidate_2,3,0.02
1834,candidate_1,candidate_3,candidate_2,3,0.02
1835,candidate_1,candidate_3,candidate_2,3,0.02
1836,candidate_1,candidate_3,candidate_2,3,0.02
1837,candidate_1,candidate_3,candidate_2,3,0.02
1838,candidate_1,candidate_3,candidate_2,3,0.02
1839,candidate_1,candidate_3,candidate_2,3,0.02
1840,candidate_1,candidate_3,candidate_2,3,0.02
1841,candidate_1,candidate_3,candidate_2,3,0.02
1842,candidate_1,candidate_3,candidate_2,3,0.02
1843,candidate_1,candidate_3,candidate_2,3,0.02
1844,candidate_1,candidate_3,candidate_2,3,0.02
1845,candidate_1,candidate_3,candidate_2,3,0.02
1846,candidate_1,candidate_3,candidate_2,3,0.02
1847,candidate_1,candidate_3,candidate_2,3,0.02
1848,candidate_1,candidate_3,candidate_2,3,0.02
1849,candidate_1,candidate_3,candidate_2,3,0.02
1850,candidate_1,candidate_3,candidate_2,3,0.02
1851,candidate_1,candidate_3,candidate_2,3,0.02
1852,candidate_1,candidate_3,candidate_2,3,0.02
1853,candidate_1,candidate_3,candidate_2,3,0.02
1854,candidate_1,candidate_3,candidate_2,3,0.02
1855,candidate_1,candidate_3,candidate_2,3,0.02
1856,candidate_1,candidate_3,candidate_2,3,0.02
1857,candidate_1,candidate_3,candidate_2,3,0.02
1858,candidate_1,candidate_3,candidate_2,3,0.02
1859,candidate_1,candidate_3,candidate_2,3,0.02
1860,candidate_1,candidate_3,candidate_2,3,0.02
1861,candidate_1,candidate_3,candidate_2,3,0.02
1862,candidate_1,candidate_3,candidate_2,3,0.02
1863,candidate_1,candidate_3,candidate_2,3,0.02
1864,candidate_1,candidate_3,candidate_2,3,0.02
1865,candidate_1,candidate_3,candidate_2,3,0.02
1866,candidate_1,candidate_3,candidate_2,3,0.02
1867,candidate_1,candidate_3,candidate_2,3,0.02
1868,candidate_1,candidate_3,candidate_2,3,0.02
1869,candidate_1,candidate_3,candidate_2,3,0.02
1870,candidate_1,candidate_3,candidate_2,3,0.02
1871,candidate_1,candidate_3,candidate_2,3,0.02
1872,candidate_1,candidate_3,candidate_2,3,0.02
1873,candidate_1,candidate_3,candidate_2,3,0.02
1874,candidate_1,candidate_3,candidate_2,3,0.02
1875,candidate_1,candidate_3,candidate_2,3,0.02
1876,candidate_1,candidate_3,candidate_2,3,0.02
1877,candidate_1,candidate_3,candidate_2,3,0.02
1878,candidate_1,candidate_3,candidate_2,3,0.02
1879,candidate_1,candidate_3,candidate_2,3,0.02
1880,candidate_1,candidate_3,candidate_2,3,0.02
1881,candidate_1,candidate_3,candidate_2,3,0.02
1882,candidate_1,candidate_3,candidate_2,3,0.02
1883,candidate_1,candidate_3,candidate_2,3,0.02
1884,candidate_1,candidate_3,candidate_2,3,0.02
1885,candidate_1,candidate_3,candidate_2,3,0.02
1886,candidate_1,candidate_3,candidate_2,3,0.02
1887,candidate_1,candidate_3,candidate_2,3,0.02
1888,candidate_1,candidate_3,candidate_2,3,0.02
1889,candidate_1,candidate_3,candidate_2,3,0.02
1890,candidate_1,candidate_3,candidate_2,3,0.02
1891,candidate_1,candidate_3,candidate_2,3,0.02
1892,candidate_1,candidate_3,candidate_2,3,0.02
1893,candidate_1,candidate_3,candidate_2,3,0.02
1894,candidate_1,candidate_3,candidate_2,3,0.02
1895,candidate_1,candidate_3,candidate_2,3,0.02
1896,candidate_1,candidate_3,candidate_2,3,0.02
1897,candidate_1,candidate_3,candidate_2,3,0.02
1898,candidate_1,candidate_3,candidate_2,3,0.02
1899,candidate_1,candidate_3,candidate_2,3,0.02
1900,candidate_1,candidate_3,candidate_2,3,0.02
1901,candidate_1,candidate_3,candidate_2,3,0.02
1902,candidate_1,candidate_3,candidate_2,3,0.02
1903,candidate_1,candidate_3,candidate_2,3,0.02
1904,candidate_1,candidate_3,candidate_2,3,0.02
1905,candidate_1,candidate_3,candidate_2,3,0.02
1906,candidate_1,candidate_3,candidate_2,3,0.02
1907,candidate_1,candidate_3,candidate_2,3,0.02
1908,candidate_1,candidate_3,candidate_2,3,0.02
1909,candidate_1,candidate_3,candidate_2,3,0.02
1910,candidate_1,candidate_3,candidate_2,3,0.02
1911,candidate_1,candidate_3,candidate_2,3,0.02
1912,candidate_1,candidate_3,candidate_2,3,0.02
1913,candidate_1,candidate_3,candidate_2,3,0.02
1914,candidate_1,candidate_3,candidate_2,3,0.02
1915,candidate_1,candidate_3,candidate_2,3,0.02
1916,candidate_1,candidate_3,candidate_2,3,0.02
1917,candidate_1,candidate_3,candidate_2,3,0.02
1918,candidate_1,candidate_3,candidate_2,3,0.02
1919,candidate_1,candidate_3,candidate_2,3,0.02
1920,candidate_1,candidate_3,candidate_2,3,0.02
1921,candidate_1,candidate_3,candidate_2,3,0.02
1922,candidate_1,candidate_3,candidate_2,3,0.02
1923,candidate_1,candidate_3,candidate_2,3,0.02
1924,candidate_1,candidate_3,candidate_2,3,0.02
1925,candidate_1,candidate_3,candidate_2,3,0.02
1926,candidate_1,candidate_3,candidate_2,3,0.02
1927,candidate_1,candidate_3,candidate_2,3,0.02
1928,candidate_1,candidate_3,0,3,0.02
1929,candidate_1,candidate_3,candidate_2,3,0.02
1930,candidate_1,0,candidate_2,3,0.02
1931,candidate_1,candidate_3,candidate_2,3,0.02
1932,candidate_1,candidate_3,candidate_2,3,0.02
1933,candidate_1,candidate_3,candidate_2,3,0.02
1934,candidate_1,candidate_3,candidate_2,3,0.02
1935,candidate_1,candidate_3,candidate_2,3,0.02
1936,candidate_1,candidate_3,candidate_2,3,0.02
1937,candidate_1,candidate_3,candidate_2,3,0.02
1938,candidate_1,candidate_3,candidate_2,3,0.02
1939,candidate_1,candidate_3,candidate_2,3,0.02
1940,candidate_1,candidate_3,candidate_2,3,0.02
1941,candidate_1,candidate_3,candidate_2,3,0.02
1942,candidate_1,candidate_3,candidate_2,3,0.02
1943,candidate_1,candidate_3,candidate_2,3,0.02
1944,candidate_1,candidate_3,candidate_2,3,0.02
1945,candidate_1,candidate_3,candidate_2,3,0.02
1946,candidate_1,candidate_3,candidate_2,3,0.02
1947,candidate_1,candidate_3,candidate_2,3,0.02
1948,candidate_1,candidate_3,candidate_2,3,0.02
1949,candidate_1,candidate_3,candidate_2,3,0.02
1950,candidate_1,candidate_3,candidate_2,3,0.02
1951,candidate_1,candidate_3,candidate_2,3,0.02
1952,candidate_1,candidate_3,candidate_2,3,0.02
1953,candidate_1,candidate_3,candidate_2,3,0.02
1954,candidate_1,candidate_3,candidate_2,3,0.02
1955,candidate_1,candidate_3,candidate_2,3,0.02
1956,candidate_1,candidate_3,candidate_2,3,0.02
1957,candidate_1,candidate_3,candidate_2,3,0.02
1958,candidate_1,candidate_3,candidate_2,3,0.02
1959,candidate_1,candidate_3,candidate_2,3,0.02
1960,candidate_1,candidate_3,candidate_2,3,0.02
1961,candidate_1,candidate_3,candidate_2,3,0.02
1962,candidate_1,candidate_3,candidate_2,3,0.02
1963,candidate_1,candidate_3,candidate_2,3,0.02
1964,candidate_1,candidate_3,candidate_2,3,0.02
1965,candidate_1,candidate_3,candidate_2,3,0.02
1966,candidate_1,candidate_3,candidate_2,3,0.02
1967,candidate_1,candidate_3,candidate_2,3,0.02
1968,candidate_1,candidate_3,candidate_2,3,0.02
1969,candidate_1,candidate_3,candidate_2,3,0.02
1970,candidate_1,candidate_3,candidate_2,3,0.02
1971,candidate_1,candidate_3,candidate_2,3,0.02
1972,candidate_1,candidate_3,candidate_2,3,0.02
1973,candidate_1,candidate_3,candidate_2,3,0.02
1974,candidate_1,candidate_3,candidate_2,3,0.02
1975,candidate_1,candidate_3,candidate_2,3,0.02
1976,candidate_1,candidate_3,candidate_2,3,0.02
1977,candidate_1,candidate_3,candidate_2,3,0.02
1978,candidate_1,candidate_3,candidate_2,3,0.02
1979,candidate_1,candidate_3,0,3,0.02
1980,candidate_1,candidate_3,candidate_2,3,0.02
1981,candidate_1,candidate_3,candidate_2,3,0.02
1982,candidate_1,candidate_3,candidate_2,3,0.02
1983,candidate_1,candidate_3,candidate_2,3,0.02
1984,candidate_1,candidate_3,candidate_2,3,0.02
1985,candidate_1,candidate_3,candidate_2,3,0.02
1986,candidate_1,candidate_3,candidate_2,3,0.02
1987,candidate_1,candidate_3,candidate_2,3,0.02
1988,candidate_1,candidate_3,candidate_2,3,0.02
1989,candidate_1,candidate_3,candidate_2,3,0.02
1990,candidate_1,candidate_3,candidate_2,3,0.02
1991,candidate_1,candidate_3,candidate_2,3,0.02
1992,candidate_1,candidate_3,candidate_2,3,0.02
1993,candidate_1,candidate_3,candidate_2,3,0.02
1994,candidate_1,0,candidate_2,3,0.02
1995,candidate_1,candidate_3,candidate_2,3,0.02
1996,candidate_1,candidate_3,candidate_2,3,0.02
1997,candidate_1,candidate_3,candidate_2,3,0.02
1998,candidate_1,candidate_3,candidate_2,3,0.02
1999,candidate_1,0,candidate_2,3,0.02
2000,candidate_1,candidate_3,candidate_2,3,0.02
2001,candidate_1,candidate_3,candidate_2,3,0.02
2002,candidate_1,0,candidate_2,3,0.02
2003,candidate_1,candidate_3,candidate_2,3,0.02
2004,candidate_1,candidate_3,candidate_2,3,0.02
2005,candidate_1,candidate_3,candidate_2,3,0.02
2006,candidate_1,candidate_3,candidate_2,3,0.02
2007,candidate_1,candidate_3,candidate_2,3,0.02
2008,candidate_1,candidate_3,candidate_2,3,0.02
2009,candidate_1,candidate_3,0,3,0.02
2010,candidate_1,0,candidate_2,3,0.02
2011,candidate_1,candidate_3,candidate_2,3,0.02
2012,candidate_1,candidate_3,candidate_2,3,0.02
2013,candidate_1,0,candidate_2,3,0.02
2014,candidate_1,candidate_3,candidate_2,3,0.02
2015,candidate_1,candidate_3,candidate_2,3,0.02
2016,candidate_1,candidate_3,candidate_2,3,0.02
2017,candidate_1,candidate_3,candidate_2,3,0.02
2018,candidate_1,candidate_3,candidate_2,3,0.02
2019,candidate_1,candidate_3,candidate_2,3,0.02
2020,candidate_1,candidate_3,candidate_2,3,0.02
2021,candidate_1,candidate_3,candidate_2,3,0.02
2022,candidate_1,candidate_3,candidate_2,3,0.02
2023,candidate_1,candidate_3,candidate_2,3,0.02
2024,candidate_1,candidate_3,candidate_2,3,0.02
2025,candidate_1,candidate_3,candidate_2,3,0.02
2026,candidate_1,candidate_3,candidate_2,3,0.02
2027,candidate_1,candidate_3,candidate_2,3,0.02
2028,candidate_1,candidate_3,candidate_2,3,0.02
2029,candidate_1,candidate_3,candidate_2,3,0.02
2030,candidate_1,candidate_3,candidate_2,3,0.02
2031,candidate_1,candidate_3,candidate_2,3,0.02
2032,candidate_1,candidate_3,candidate_2,3,0.02
2033,candidate_1,candidate_3,candidate_2,3,0.02
2034,candidate_1,candidate_3,candidate_2,3,0.02
2035,candidate_1,candidate_3,candidate_2,3,0.02
2036,candidate_1,candidate_3,candidate_2,3,0.02
2037,candidate_1,candidate_3,candidate_2,3,0.02
2038,candidate_1,candidate_3,candidate_2,3,0.02
2039,candidate_1,candidate_3,candidate_2,3,0.02
2040,candidate_1,candidate_3,candidate_2,3,0.02
2041,candidate_1,candidate_3,candidate_2,3,0.02
2042,candidate_1,candidate_3,candidate_2,3,0.02
2043,candidate_1,candidate_3,candidate_2,3,0.02
2044,candidate_1,candidate_3,candidate_2,3,0.02
2045,candidate_1,candidate_3,candidate_2,3,0.02
2046,candidate_1,candidate_3,candidate_2,3,0.02
2047,candidate_1,candidate_3,candidate_2,3,0.02
2048,candidate_1,candidate_3,candidate_2,3,0.02
2049,candidate_1,candidate_3,candidate_2,3,0.02
2050,candidate_1,candidate_3,candidate_2,3,0.02
2051,candidate_1,candidate_3,candidate_2,3,0.02
2052,candidate_1,candidate_3,candidate_2,3,0.02
2053,0,candidate_3,candidate_2,3,0.02
2054,candidate_1,candidate_3,candidate_2,3,0.02
2055,candidate_1,candidate_3,candidate_2,3,0.02
2056,candidate_1,candidate_3,candidate_2,3,0.02
2057,candidate_1,candidate_3,candidate_2,3,0.02
2058,candidate_1,candidate_3,candidate_2,3,0.02
2059,candidate_1,candidate_3,candidate_2,3,0.02
2060,candidate_1,candidate_3,candidate_2,3,0.02
2061,candidate_1,candidate_3,candidate_2,3,0.02
2062,candidate_1,candidate_3,candidate_2,3,0.02
2063,candidate_1,candidate_3,candidate_2,3,0.02
2064,candidate_1,candidate_3,candidate_2,3,0.02
2065,candidate_1,candidate_3,candidate_2,3,0.02
2066,candidate_1,candidate_3,candidate_2,3,0.02
2067,candidate_1,candidate_3,candidate_2,3,0.02
2068,candidate_1,candidate_3,candidate_2,3,0.02
2069,candidate_1,candidate_3,candidate_2,3,0.02
2070,candidate_1,candidate_3,candidate_2,3,0.02
2071,candidate_1,candidate_3,candidate_2,3,0.02
2072,candidate_1,candidate_3,candidate_2,3,0.02
2073,candidate_1,candidate_3,candidate_2,3,0.02
2074,candidate_1,candidate_3,candidate_2,3,0.02
2075,candidate_1,candidate_3,candidate_2,3,0.02
2076,candidate_1,candidate_3,candidate_2,3,0.02
2077,candidate_1,candidate_3,candidate_2,3,0.02
2078,candidate_1,candidate_3,candidate_2,3,0.02
2079,candidate_1,candidate_3,candidate_2,3,0.02
2080,candidate_1,candidate_3,candidate_2,3,0.02
2081,candidate_1,candidate_3,candidate_2,3,0.02
2082,candidate_1,candidate_3,candidate_2,3,0.02
2083,candidate_1,candidate_3,candidate_2,3,0.02
2084,candidate_1,candidate_3,candidate_2,3,0.02
2085,candidate_1,candidate_3,candidate_2,3,0.02
2086,candidate_1,candidate_3,candidate_2,3,0.02
2087,candidate_1,candidate_3,candidate_2,3,0.02
2088,candidate_1,candidate_3,candidate_2,3,0.02
2089,candidate_1,candidate_3,candidate_2,3,0.02
2090,candidate_1,candidate_3,candidate_2,3,0.02
2091,candidate_1,candidate_3,candidate_2,3,0.02
2092,candidate_1,candidate_3,candidate_2,3,0.02
2093,candidate_1,candidate_3,candidate_2,3,0.02
2094,candidate_1,candidate_3,candidate_2,3,0.02
2095,candidate_1,candidate_3,candidate_2,3,0.02
2096,candidate_1,candidate_3,candidate_2,3,0.02
2097,candidate_1,candidate_3,candidate_2,3,0.02
2098,candidate_1,candidate_3,candidate_2,3,0.02
2099,candidate_1,candidate_3,candidate_2,3,0.02
2100,candidate_1,candidate_3,candidate_2,3,0.02
2101,candidate_1,candidate_3,candidate_2,3,0.02
2102,candidate_1,candidate_3,candidate_2,3,0.02
2103,candidate_1,candidate_3,candidate_2,3,0.02
2104,candidate_1,candidate_3,candidate_2,3,0.02
2105,candidate_1,candidate_3,candidate_2,3,0.02
2106,candidate_1,candidate_3,candidate_2,3,0.02
2107,candidate_1,candidate_3,candidate_2,3,0.02
2108,candidate_1,candidate_3,candidate_2,3,0.02
2109,candidate_1,candidate_3,candidate_2,3,0.02
2110,candidate_1,candidate_3,candidate_2,3,0.02
2111,candidate_1,candidate_3,candidate_2,3,0.02
2112,candidate_1,candidate_3,candidate_2,3,0.02
2113,candidate_1,candidate_3,candidate_2,3,0.02
2114,0,candidate_3,candidate_2,3,0.02
2115,candidate_1,candidate_3,candidate_2,3,0.02
2116,candidate_1,candidate_3,candidate_2,3,0.02
2117,candidate_1,candidate_3,candidate_2,3,0.02
2118,candidate_1,candidate_3,candidate_2,3,0.02
2119,candidate_1,candidate_3,candidate_2,3,0.02
2120,candidate_1,candidate_3,candidate_2,3,0.02
2121,candidate_1,candidate_3,candidate_2,3,0.02
2122,candidate_1,candidate_3,candidate_2,3,0.02
2123,candidate_1,candidate_3,candidate_2,3,0.02
2124,0,candidate_3,candidate_2,3,0.02
2125,candidate_1,candidate_3,candidate_2,3,0.02
2126,0,candidate_3,candidate_2,3,0.02
2127,candidate_1,candidate_3,candidate_2,3,0.02
2128,candidate_1,candidate_3,candidate_2,3,0.02
2129,candidate_1,candidate_3,candidate_2,3,0.02
2130,candidate_1,0,candidate_2,3,0.02
2131,candidate_1,candidate_3,candidate_2,3,0.02
2132,candidate_1,candidate_3,candidate_2,3,0.02
2133,candidate_1,candidate_3,candidate_2,3,0.02
2134,candidate_1,candidate_3,candidate_2,3,0.02
2135,candidate_1,candidate_3,candidate_2,3,0.02
2136,candidate_1,candidate_3,candidate_2,3,0.02
2137,candidate_1,candidate_3,candidate_2,3,0.02
2138,candidate_1,candidate_3,candidate_2,3,0.02
2139,candidate_1,candidate_3,candidate_2,3,0.02
2140,candidate_1,candidate_3,candidate_2,3,0.02
2141,candidate_1,candidate_3,candidate_2,3,0.02
2142,candidate_1,candidate_3,candidate_2,3,0.02
2143,candidate_1,candidate_3,candidate_2,3,0.02
2144,candidate_1,candidate_3,candidate_2,3,0.02
2145,candidate_1,candidate_3,candidate_2,3,0.02
2146,candidate_1,candidate_3,candidate_2,3,0.02
2147,candidate_1,candidate_3,candidate_2,3,0.02
2148,candidate_1,candidate_3,candidate_2,3,0.02
2149,candidate_1,candidate_3,candidate_2,3,0.02
2150,candidate_1,candidate_3,candidate_2,3,0.02
2151,candidate_1,candidate_3,candidate_2,3,0.02
2152,candidate_1,candidate_3,candidate_2,3,0.02
2153,candidate_1,candidate_3,candidate_2,3,0.02
2154,candidate_1,candidate_3,candidate_2,3,0.02
2155,candidate_1,candidate_3,candidate_2,3,0.02
2156,candidate_1,candidate_3,candidate_2,3,0.02
2157,candidate_1,candidate_3,candidate_2,3,0.02
2158,candidate_1,candidate_3,candidate_2,3,0.02
2159,candidate_1,candidate_3,candidate_2,3,0.02
2160,candidate_1,candidate_3,candidate_2,3,0.02
2161,candidate_1,candidate_3,candidate_2,3,0.02
2162,candidate_1,candidate_3,candidate_2,3,0.02
2163,candidate_1,candidate_3,candidate_2,3,0.02
2164,candidate_1,candidate_3,candidate_2,3,0.02
2165,candidate_1,candidate_3,candidate_2,3,0.02
2166,candidate_1,candidate_3,candidate_2,3,0.02
2167,candidate_1,candidate_3,candidate_2,3,0.02
2168,candidate_1,candidate_3,candidate_2,3,0.02
2169,candidate_1,candidate_3,candidate_2,3,0.02
2170,candidate_1,0,candidate_2,3,0.02
2171,candidate_1,candidate_3,candidate_2,3,0.02
2172,candidate_1,candidate_3,candidate_2,3,0.02
2173,candidate_1,candidate_3,candidate_2,3,0.02
2174,candidate_1,candidate_3,candidate_2,3,0.02
2175,candidate_1,candidate_3,candidate_2,3,0.02
2176,candidate_1,candidate_3,candidate_2,3,0.02
2177,candidate_1,candidate_3,candidate_2,3,0.02
2178,candidate_1,candidate_3,candidate_2,3,0.02
2179,candidate_1,candidate_3,candidate_2,3,0.02
2180,candidate_1,candidate_3,candidate_2,3,0.02
2181,candidate_1,candidate_3,candidate_2,3,0.02
2182,candidate_1,candidate_3,candidate_2,3,0.02
2183,candidate_1,candidate_3,candidate_2,3,0.02
2184,candidate_1,candidate_3,candidate_2,3,0.02
2185,candidate_1,candidate_3,candidate_2,3,0.02
2186,candidate_1,candidate_3,candidate_2,3,0.02
2187,candidate_1,candidate_3,candidate_2,3,0.02
2188,candidate_1,candidate_3,candidate_2,3,0.02
2189,candidate_1,candidate_3,candidate_2,3,0.02
2190,candidate_1,candidate_3,candidate_2,3,0.02
2191,candidate_1,candidate_3,candidate_2,3,0.02
2192,candidate_1,candidate_3,candidate_2,3,0.02
2193,candidate_1,candidate_3,candidate_2,3,0.02
2194,candidate_1,candidate_3,candidate_2,3,0.02
2195,candidate_1,candidate_3,candidate_2,3,0.02
2196,candidate_1,candidate_3,candidate_2,3,0.02
2197,candidate_1,candidate_3,candidate_2,3,0.02
2198,candidate_1,candidate_3,candidate_2,3,0.02
2199,candidate_1,candidate_3,candidate_2,3,0.02
2200,candidate_1,candidate_3,candidate_2,3,0.02
2201,candidate_1,candidate_3,candidate_2,3,0.02
2202,candidate_1,candidate_3,candidate_2,3,0.02
2203,candidate_1,candidate_3,candidate_2,3,0.02
2204,candidate_1,candidate_3,0,3,0.02
2205,candidate_1,candidate_3,candidate_2,3,0.02
2206,candidate_1,candidate_3,candidate_2,3,0.02
2207,candidate_1,candidate_3,candidate_2,3,0.02
2208,candidate_1,candidate_3,candidate_2,3,0.02
2209,candidate_1,candidate_3,0,3,0.02
2210,candidate_1,candidate_3,candidate_2,3,0.02
2211,candidate_1,candidate_3,candidate_2,3,0.02
2212,candidate_1,candidate_3,candidate_2,3,0.02
2213,candidate_1,candidate_3,candidate_2,3,0.02
2214,candidate_1,candidate_3,candidate_2,3,0.02
2215,candidate_1,candidate_3,candidate_2,3,0.02
2216,candidate_1,0,candidate_2,3,0.02
2217,candidate_1,candidate_3,candidate_2,3,0.02
2218,candidate_1,candidate_3,candidate_2,3,0.02
2219,candidate_1,candidate_3,candidate_2,3,0.02
2220,candidate_1,candidate_3,candidate_2,3,0.02
2221,candidate_1,candidate_3,candidate_2,3,0.02
2222,candidate_1,candidate_3,candidate_2,3,0.02
2223,candidate_1,candidate_3,candidate_2,3,0.02
2224,candidate_1,candidate_3,candidate_2,3,0.02
2225,candidate_1,candidate_3,candidate_2,3,0.02
2226,candidate_1,candidate_3,candidate_2,3,0.02
2227,candidate_1,candidate_3,candidate_2,3,0.02
2228,candidate_1,candidate_3,candidate_2,3,0.02
2229,candidate_1,candidate_3,candidate_2,3,0.02
2230,candidate_1,candidate_3,candidate_2,3,0.02
2231,candidate_1,0,candidate_2,3,0.02
2232,candidate_1,candidate_3,0,3,0.02
2233,candidate_1,candidate_3,candidate_2,3,0.02
2234,candidate_1,candidate_3,candidate_2,3,0.02
2235,candidate_1,candidate_3,candidate_2,3,0.02
2236,candidate_1,candidate_3,candidate_2,3,0.02
2237,candidate_1,candidate_3,candidate_2,3,0.02
2238,candidate_1,candidate_3,candidate_2,3,0.02
2239,candidate_1,candidate_3,candidate_2,3,0.02
2240,candidate_1,candidate_3,candidate_2,3,0.02
2241,candidate_1,candidate_3,candidate_2,3,0.02
2242,candidate_1,candidate_3,candidate_2,3,0.02
2243,candidate_1,candidate_3,candidate_2,3,0.02
2244,candidate_1,candidate_3,candidate_2,3,0.02
2245,candidate_1,candidate_3,candidate_2,3,0.02
2246,candidate_1,candidate_3,candidate_2,3,0.02
2247,candidate_1,candidate_3,candidate_2,3,0.02
2248,candidate_1,candidate_3,candidate_2,3,0.02
2249,candidate_1,candidate_3,candidate_2,3,0.02
2250,candidate_1,candidate_3,candidate_2,3,0.02
2251,candidate_1,candidate_3,candidate_2,3,0.02
2252,candidate_1,candidate_3,candidate_2,3,0.02
2253,candidate_1,candidate_3,candidate_2,3,0.02
2254,candidate_1,candidate_3,candidate_2,3,0.02
2255,candidate_1,candidate_3,candidate_2,3,0.02
2256,candidate_1,candidate_3,candidate_2,3,0.02
2257,candidate_1,candidate_3,candidate_2,3,0.02
2258,candidate_1,candidate_3,candidate_2,3,0.02
2259,candidate_1,candidate_3,candidate_2,3,0.02
2260,0,candidate_3,candidate_2,3,0.02
2261,candidate_1,candidate_3,candidate_2,3,0.02
2262,candidate_1,candidate_3,candidate_2,3,0.02
2263,candidate_1,candidate_3,candidate_2,3,0.02
2264,candidate_1,candidate_3,candidate_2,3,0.02
2265,candidate_1,candidate_3,candidate_2,3,0.02
2266,candidate_1,candidate_3,candidate_2,3,0.02
2267,candidate_1,candidate_3,candidate_2,3,0.02
2268,candidate_1,candidate_3,candidate_2,3,0.02
2269,candidate_1,candidate_3,candidate_2,3,0.02
2270,candidate_1,candidate_3,candidate_2,3,0.02
2271,candidate_1,candidate_3,candidate_2,3,0.02
2272,candidate_1,candidate_3,candidate_2,3,0.02
2273,candidate_1,candidate_3,candidate_2,3,0.02
2274,candidate_1,candidate_3,candidate_2,3,0.02
2275,candidate_1,candidate_3,candidate_2,3,0.02
2276,candidate_1,candidate_3,0,3,0.02
2277,candidate_1,0,candidate_2,3,0.02
2278,candidate_1,candidate_3,candidate_2,3,0.02
2279,candidate_1,candidate_3,candidate_2,3,0.02
2280,candidate_1,candidate_3,0,3,0.02
2281,candidate_1,candidate_3,candidate_2,3,0.02
2282,candidate_1,candidate_3,candidate_2,3,0.02
2283,candidate_1,candidate_3,candidate_2,3,0.02
2284,candidate_1,candidate_3,candidate_2,3,0.02
2285,candidate_1,candidate_3,candidate_2,3,0.02
2286,candidate_1,candidate_3,candidate_2,3,0.02
2287,candidate_1,candidate_3,candidate_2,3,0.02
2288,candidate_1,candidate_3,candidate_2,3,0.02
2289,candidate_1,candidate_3,candidate_2,3,0.02
2290,candidate_1,candidate_3,candidate_2,3,0.02
2291,candidate_1,candidate_3,candidate_2,3,0.02
2292,candidate_1,candidate_3,candidate_2,3,0.02
2293,candidate_1,candidate_3,candidate_2,3,0.02
2294,candidate_1,candidate_3,candidate_2,3,0.02
2295,candidate_1,candidate_3,candidate_2,3,0.02
2296,candidate_1,candidate_3,candidate_2,3,0.02
2297,candidate_1,candidate_3,candidate_2,3,0.02
2298,candidate_1,candidate_3,candidate_2,3,0.02
2299,candidate_1,candidate_3,candidate_2,3,0.02
2300,candidate_1,candidate_3,candidate_2,3,0.02
2301,candidate_1,candidate_3,candidate_2,3,0.02
2302,candidate_1,candidate_3,candidate_2,3,0.02
2303,candidate_1,candidate_3,candidate_2,3,0.02
2304,candidate_1,candidate_3,candidate_2,3,0.02
2305,candidate_1,candidate_3,candidate_2,3,0.02
2306,candidate_1,candidate_3,candidate_2,3,0.02
2307,candidate_1,candidate_3,candidate_2,3,0.02
2308,candidate_1,candidate_3,candidate_2,3,0.02
2309,candidate_1,candidate_3,candidate_2,3,0.02
2310,candidate_1,candidate_3,candidate_2,3,0.02
2311,candidate_1,0,candidate_2,3,0.02
2312,candidate_1,candidate_3,candidate_2,3,0.02
2313,candidate_1,candidate_3,candidate_2,3,0.02
2314,candidate_1,candidate_3,candidate_2,3,0.02
2315,candidate_1,candidate_3,candidate_2,3,0.02
2316,candidate_1,0,candidate_2,3,0.02
2317,candidate_1,candidate_3,candidate_2,3,0.02
2318,candidate_1,candidate_3,candidate_2,3,0.02
2319,candidate_1,candidate_3,candidate_2,3,0.02
2320,candidate_1,candidate_3,candidate_2,3,0.02
2321,candidate_1,candidate_3,candidate_2,3,0.02
2322,candidate_1,candidate_3,candidate_2,3,0.02
2323,candidate_1,candidate_3,candidate_2,3,0.02
2324,candidate_1,candidate_3,candidate_2,3,0.02
2325,candidate_1,candidate_3,candidate_2,3,0.02
2326,candidate_1,candidate_3,candidate_2,3,0.02
2327,candidate_1,candidate_3,candidate_2,3,0.02
2328,candidate_1,0,candidate_2,3,0.02
2329,candidate_1,candidate_3,candidate_2,3,0.02
2330,candidate_1,candidate_3,candidate_2,3,0.02
2331,candidate_1,candidate_3,candidate_2,3,0.02
2332,candidate_1,candidate_3,candidate_2,3,0.02
2333,candidate_1,candidate_3,candidate_2,3,0.02
2334,candidate_1,candidate_3,candidate_2,3,0.02
2335,candidate_1,candidate_3,0,3,0.02
2336,candidate_1,candidate_3,0,3,0.02
2337,candidate_1,candidate_3,candidate_2,3,0.02
2338,candidate_1,candidate_3,candidate_2,3,0.02
2339,candidate_1,candidate_3,candidate_2,3,0.02
2340,candidate_1,candidate_3,candidate_2,3,0.02
2341,candidate_1,candidate_3,candidate_2,3,0.02
2342,candidate_1,candidate_3,candidate_2,3,0.02
2343,candidate_1,candidate_3,candidate_2,3,0.02
2344,candidate_1,candidate_3,candidate_2,3,0.02
2345,candidate_1,candidate_3,candidate_2,3,0.02
2346,candidate_1,candidate_3,candidate_2,3,0.02
2347,candidate_1,candidate_3,candidate_2,3,0.02
2348,candidate_1,candidate_3,candidate_2,3,0.02
2349,candidate_1,candidate_3,candidate_2,3,0.02
2350,candidate_1,candidate_3,candidate_2,3,0.02
2351,candidate_1,candidate_3,candidate_2,3,0.02
2352,candidate_1,candidate_3,candidate_2,3,0.02
2353,candidate_1,candidate_3,candidate_2,3,0.02
2354,candidate_1,candidate_3,candidate_2,3,0.02
2355,candidate_1,candidate_3,candidate_2,3,0.02
2356,candidate_1,candidate_3,candidate_2,3,0.02
2357,candidate_1,candidate_3,candidate_2,3,0.02
2358,candidate_1,candidate_3,candidate_2,3,0.02
2359,candidate_1,candidate_3,candidate_2,3,0.02
2360,candidate_1,candidate_3,candidate_2,3,0.02
2361,candidate_1,candidate_3,candidate_2,3,0.02
2362,candidate_1,candidate_3,candidate_2,3,0.02
2363,candidate_1,candidate_3,candidate_2,3,0.02
2364,candidate_1,candidate_3,candidate_2,3,0.02
2365,candidate_1,candidate_3,candidate_2,3,0.02
2366,candidate_1,candidate_3,candidate_2,3,0.02
2367,candidate_1,candidate_3,candidate_2,3,0.02
2368,candidate_1,candidate_3,candidate_2,3,0.02
2369,candidate_1,candidate_3,candidate_2,3,0.02
2370,candidate_1,candidate_3,candidate_2,3,0.02
2371,candidate_1,candidate_3,candidate_2,3,0.02
2372,candidate_1,candidate_3,candidate_2,3,0.02
2373,candidate_1,candidate_3,candidate_2,3,0.02
2374,candidate_1,candidate_3,candidate_2,3,0.02
2375,0,candidate_3,candidate_2,3,0.02
2376,candidate_1,candidate_3,candidate_2,3,0.02
2377,candidate_1,candidate_3,0,3,0.02
2378,candidate_1,candidate_3,candidate_2,3,0.02
2379,candidate_1,candidate_3,candidate_2,3,0.02
2380,candidate_1,candidate_3,candidate_2,3,0.02
2381,candidate_1,candidate_3,candidate_2,3,0.02
2382,candidate_1,candidate_3,candidate_2,3,0.02
2383,candidate_1,candidate_3,candidate_2,3,0.02
2384,candidate_1,candidate_3,candidate_2,3,0.02
2385,candidate_1,candidate_3,candidate_2,3,0.02
2386,candidate_1,candidate_3,candidate_2,3,0.02
2387,candidate_1,candidate_3,candidate_2,3,0.02
2388,candidate_1,candidate_3,candidate_2,3,0.02
2389,candidate_1,candidate_3,candidate_2,3,0.02
2390,candidate_1,candidate_3,candidate_2,3,0.02
2391,candidate_1,candidate_3,candidate_2,3,0.02
2392,candidate_1,candidate_3,candidate_2,3,0.02
2393,candidate_1,candidate_3,candidate_2,3,0.02
2394,candidate_1,candidate_3,candidate_2,3,0.02
2395,candidate_1,candidate_3,candidate_2,3,0.02
2396,candidate_1,candidate_3,candidate_2,3,0.02
2397,candidate_1,candidate_3,candidate_2,3,0.02
2398,candidate_1,candidate_3,candidate_2,3,0.02
2399,candidate_1,candidate_3,candidate_2,3,0.02
2400,candidate_1,candidate_3,candidate_2,3,0.02
2401,candidate_1,candidate_3,candidate_2,3,0.02
2402,candidate_1,candidate_3,candidate_2,3,0.02
2403,candidate_1,candidate_3,candidate_2,3,0.02
2404,candidate_1,candidate_3,candidate_2,3,0.02
2405,candidate_1,candidate_3,candidate_2,3,0.02
2406,candidate_1,candidate_3,candidate_2,3,0.02
2407,candidate_1,candidate_3,candidate_2,3,0.02
2408,candidate_1,candidate_3,candidate_2,3,0.02
2409,candidate_1,candidate_3,candidate_2,3,0.02
2410,candidate_1,candidate_3,candidate_2,3,0.02
2411,candidate_1,candidate_3,candidate_2,3,0.02
2412,candidate_1,candidate_3,candidate_2,3,0.02
2413,candidate_1,candidate_3,candidate_2,3,0.02
2414,candidate_1,candidate_3,candidate_2,3,0.02
2415,candidate_1,candidate_3,candidate_2,3,0.02
2416,candidate_1,candidate_3,candidate_2,3,0.02
2417,candidate_1,candidate_3,candidate_2,3,0.02
2418,candidate_1,candidate_3,candidate_2,3,0.02
2419,candidate_1,candidate_3,candidate_2,3,0.02
2420,candidate_1,candidate_3,0,3,0.02
2421,candidate_1,candidate_3,candidate_2,3,0.02
2422,candidate_1,candidate_3,candidate_2,3,0.02
2423,candidate_1,candidate_3,candidate_2,3,0.02
2424,candidate_1,candidate_3,candidate_2,3,0.02
2425,candidate_1,candidate_3,candidate_2,3,0.02
2426,candidate_1,candidate_3,candidate_2,3,0.02
2427,candidate_1,candidate_3,candidate_2,3,0.02
2428,candidate_1,candidate_3,candidate_2,3,0.02
2429,candidate_1,candidate_3,candidate_2,3,0.02
2430,candidate_1,candidate_3,candidate_2,3,0.02
2431,candidate_1,candidate_3,candidate_2,3,0.02
2432,candidate_1,candidate_3,candidate_2,3,0.02
2433,candidate_1,candidate_3,candidate_2,3,0.02
2434,candidate_1,candidate_3,candidate_2,3,0.02
2435,candidate_1,candidate_3,candidate_2,3,0.02
2436,candidate_1,candidate_3,candidate_2,3,0.02
2437,candidate_1,candidate_3,candidate_2,3,0.02
2438,candidate_1,candidate_3,candidate_2,3,0.02
2439,candidate_1,candidate_3,candidate_2,3,0.02
2440,candidate_1,candidate_3,candidate_2,3,0.02
2441,candidate_1,candidate_3,candidate_2,3,0.02
2442,candidate_1,candidate_3,candidate_2,3,0.02
2443,candidate_1,candidate_3,candidate_2,3,0.02
2444,candidate_1,candidate_3,candidate_2,3,0.02
2445,candidate_1,candidate_3,candidate_2,3,0.02
2446,candidate_1,candidate_3,candidate_2,3,0.02
2447,candidate_1,candidate_3,candidate_2,3,0.02
2448,candidate_1,candidate_3,candidate_2,3,0.02
2449,candidate_1,candidate_3,candidate_2,3,0.02
2450,candidate_1,candidate_3,candidate_2,3,0.02
2451,candidate_1,candidate_3,candidate_2,3,0.02
2452,0,candidate_3,candidate_2,3,0.02
2453,0,candidate_3,candidate_2,3,0.02
2454,candidate_1,candidate_3,candidate_2,3,0.02
2455,candidate_1,candidate_3,candidate_2,3,0.02
2456,candidate_1,candidate_3,candidate_2,3,0.02
2457,candidate_1,candidate_3,candidate_2,3,0.02
2458,candidate_1,candidate_3,candidate_2,3,0.02
2459,candidate_1,candidate_3,candidate_2,3,0.02
2460,candidate_1,candidate_3,candidate_2,3,0.02
2461,candidate_1,candidate_3,candidate_2,3,0.02
0,candidate_2,candidate_1,candidate_3,3,0.02
1,candidate_2,candidate_1,candidate_3,3,0.02
2,candidate_2,candidate_1,candidate_3,3,0.02
3,candidate_2,candidate_1,candidate_3,3,0.02
4,candidate_2,candidate_1,candidate_3,3,0.02
5,candidate_2,candidate_1,candidate_3,3,0.02
6,0,candidate_1,candidate_3,3,0.02
7,candidate_2,candidate_1,candidate_3,3,0.02
8,candidate_2,candidate_1,candidate_3,3,0.02
9,candidate_2,candidate_1,candidate_3,3,0.02
10,candidate_2,candidate_1,candidate_3,3,0.02
11,candidate_2,candidate_1,candidate_3,3,0.02
12,candidate_2,candidate_1,candidate_3,3,0.02
13,candidate_2,candidate_1,candidate_3,3,0.02
14,0,candidate_1,candidate_3,3,0.02
15,candidate_2,candidate_1,candidate_3,3,0.02
16,candidate_2,candidate_1,candidate_3,3,0.02
17,candidate_2,candidate_1,candidate_3,3,0.02
18,candidate_2,candidate_1,candidate_3,3,0.02
19,candidate_2,candidate_1,candidate_3,3,0.02
20,candidate_2,candidate_1,candidate_3,3,0.02
21,candidate_2,candidate_1,candidate_3,3,0.02
22,candidate_2,candidate_1,candidate_3,3,0.02
23,candidate_2,candidate_1,candidate_3,3,0.02
24,candidate_2,0,candidate_3,3,0.02
25,candidate_2,candidate_1,candidate_3,3,0.02
26,candidate_2,candidate_1,candidate_3,3,0.02
27,candidate_2,candidate_1,candidate_3,3,0.02
28,candidate_2,candidate_1,candidate_3,3,0.02
29,candidate_2,candidate_1,candidate_3,3,0.02
30,candidate_2,candidate_1,candidate_3,3,0.02
31,candidate_2,candidate_1,candidate_3,3,0.02
32,candidate_2,candidate_1,candidate_3,3,0.02
33,candidate_2,candidate_1,candidate_3,3,0.02
34,candidate_2,candidate_1,candidate_3,3,0.02
35,candidate_2,candidate_1,candidate_3,3,0.02
36,candidate_2,candidate_1,candidate_3,3,0.02
37,candidate_2,0,candidate_3,3,0.02
38,candidate_2,candidate_1,candidate_3,3,0.02
39,candidate_2,candidate_1,candidate_3,3,0.02
40,candidate_2,candidate_1,candidate_3,3,0.02
41,candidate_2,candidate_1,candidate_3,3,0.02
42,candidate_2,candidate_1,candidate_3,3,0.02
43,candidate_2,candidate_1,candidate_3,3,0.02
44,candidate_2,candidate_1,candidate_3,3,0.02
45,candidate_2,candidate_1,candidate_3,3,0.02
46,candidate_2,candidate_1,candidate_3,3,0.02
47,candidate_2,candidate_1,candidate_3,3,0.02
48,candidate_2,candidate_1,candidate_3,3,0.02
49,candidate_2,candidate_1,candidate_3,3,0.02
50,candidate_2,candidate_1,candidate_3,3,0.02
51,candidate_2,candidate_1,candidate_3,3,0.02
52,candidate_2,candidate_1,candidate_3,3,0.02
53,0,candidate_1,candidate_3,3,0.02
54,candidate_2,candidate_1,candidate_3,3,0.02
55,candidate_2,candidate_1,candidate_3,3,0.02
56,candidate_2,candidate_1,candidate_3,3,0.02
57,candidate_2,candidate_1,candidate_3,3,0.02
58,candidate_2,candidate_1,candidate_3,3,0.02
59,candidate_2,candidate_1,candidate_3,3,0.02
60,candidate_2,candidate_1,candidate_3,3,0.02
61,candidate_2,candidate_1,candidate_3,3,0.02
62,candidate_2,candidate_1,candidate_3,3,0.02
63,candidate_2,candidate_1,0,3,0.02
64,candidate_2,candidate_1,0,3,0.02
65,candidate_2,candidate_1,candidate_3,3,0.02
66,candidate_2,candidate_1,candidate_3,3,0.02
67,candidate_2,candidate_1,candidate_3,3,0.02
68,0,candidate_1,candidate_3,3,0.02
69,candidate_2,candidate_1,candidate_3,3,0.02
70,candidate_2,candidate_1,candidate_3,3,0.02
71,candidate_2,candidate_1,0,3,0.02
72,candidate_2,candidate_1,candidate_3,3,0.02
73,candidate_2,candidate_1,candidate_3,3,0.02
74,candidate_2,candidate_1,candidate_3,3,0.02
75,0,candidate_1,candidate_3,3,0.02
76,candidate_2,candidate_1,candidate_3,3,0.02
77,candidate_2,candidate_1,candidate_3,3,0.02
78,candidate_2,candidate_1,candidate_3,3,0.02
79,candidate_2,candidate_1,candidate_3,3,0.02
80,candidate_2,candidate_1,candidate_3,3,0.02
81,candidate_2,candidate_1,candidate_3,3,0.02
82,candidate_2,candidate_1,candidate_3,3,0.02
83,candidate_2,candidate_1,candidate_3,3,0.02
84,candidate_2,candidate_1,candidate_3,3,0.02
85,candidate_2,candidate_1,candidate_3,3,0.02
86,candidate_2,candidate_1,candidate_3,3,0.02
87,candidate_2,candidate_1,candidate_3,3,0.02
88,candidate_2,candidate_1,candidate_3,3,0.02
89,candidate_2,candidate_1,candidate_3,3,0.02
90,candidate_2,candidate_1,candidate_3,3,0.02
91,candidate_2,candidate_1,candidate_3,3,0.02
92,candidate_2,candidate_1,candidate_3,3,0.02
93,candidate_2,candidate_1,candidate_3,3,0.02
94,candidate_2,candidate_1,candidate_3,3,0.02
95,candidate_2,candidate_1,candidate_3,3,0.02
96,candidate_2,candidate_1,candidate_3,3,0.02
97,candidate_2,candidate_1,candidate_3,3,0.02
98,candidate_2,candidate_1,candidate_3,3,0.02
99,candidate_2,candidate_1,candidate_3,3,0.02
100,candidate_2,candidate_1,candidate_3,3,0.02
101,candidate_2,candidate_1,candidate_3,3,0.02
102,candidate_2,candidate_1,candidate_3,3,0.02
103,candidate_2,candidate_1,candidate_3,3,0.02
104,candidate_2,candidate_1,candidate_3,3,0.02
105,candidate_2,candidate_1,candidate_3,3,0.02
106,candidate_2,candidate_1,candidate_3,3,0.02
107,candidate_2,candidate_1,candidate_3,3,0.02
108,candidate_2,candidate_1,candidate_3,3,0.02
109,candidate_2,candidate_1,candidate_3,3,0.02
110,candidate_2,candidate_1,candidate_3,3,0.02
111,candidate_2,candidate_1,candidate_3,3,0.02
112,candidate_2,candidate_1,candidate_3,3,0.02
113,0,candidate_1,candidate_3,3,0.02
114,candidate_2,candidate_1,candidate_3,3,0.02
115,candidate_2,candidate_1,candidate_3,3,0.02
116,candidate_2,candidate_1,candidate_3,3,0.02
117,candidate_2,candidate_1,candidate_3,3,0.02
118,candidate_2,candidate_1,candidate_3,3,0.02
119,candidate_2,candidate_1,candidate_3,3,0.02
120,candidate_2,candidate_1,candidate_3,3,0.02
121,candidate_2,candidate_1,candidate_3,3,0.02
122,candidate_2,candidate_1,candidate_3,3,0.02
123,candidate_2,candidate_1,candidate_3,3,0.02
124,candidate_2,candidate_1,candidate_3,3,0.02
125,candidate_2,candidate_1,candidate_3,3,0.02
126,candidate_2,candidate_1,0,3,0.02
127,candidate_2,candidate_1,candidate_3,3,0.02
128,candidate_2,candidate_1,candidate_3,3,0.02
129,candidate_2,candidate_1,candidate_3,3,0.02
130,candidate_2,candidate_1,candidate_3,3,0.02
131,candidate_2,candidate_1,candidate_3,3,0.02
132,candidate_2,candidate_1,candidate_3,3,0.02
133,candidate_2,0,candidate_3,3,0.02
134,candidate_2,candidate_1,candidate_3,3,0.02
135,candidate_2,candidate_1,0,3,0.02
136,candidate_2,candidate_1,candidate_3,3,0.02
137,candidate_2,candidate_1,candidate_3,3,0.02
138,candidate_2,candidate_1,candidate_3,3,0.02
139,candidate_2,candidate_1,candidate_3,3,0.02
140,candidate_2,candidate_1,candidate_3,3,0.02
141,candidate_2,candidate_1,candidate_3,3,0.02
142,candidate_2,candidate_1,candidate_3,3,0.02
143,candidate_2,candidate_1,candidate_3,3,0.02
144,candidate_2,candidate_1,candidate_3,3,0.02
145,candidate_2,candidate_1,candidate_3,3,0.02
146,candidate_2,candidate_1,candidate_3,3,0.02
147,candidate_2,candidate_1,candidate_3,3,0.02
148,candidate_2,candidate_1,candidate_3,3,0.02
149,candidate_2,candidate_1,candidate_3,3,0.02
150,candidate_2,candidate_1,candidate_3,3,0.02
151,candidate_2,candidate_1,candidate_3,3,0.02
152,0,candidate_1,candidate_3,3,0.02
153,candidate_2,candidate_1,candidate_3,3,0.02
154,candidate_2,candidate_1,candidate_3,3,0.02
155,candidate_2,candidate_1,candidate_3,3,0.02
156,candidate_2,candidate_1,candidate_3,3,0.02
157,candidate_2,candidate_1,candidate_3,3,0.02
158,candidate_2,candidate_1,candidate_3,3,0.02
159,candidate_2,candidate_1,candidate_3,3,0.02
160,candidate_2,candidate_1,candidate_3,3,0.02
161,candidate_2,candidate_1,candidate_3,3,0.02
162,candidate_2,candidate_1,candidate_3,3,0.02
163,candidate_2,candidate_1,candidate_3,3,0.02
164,candidate_2,candidate_1,candidate_3,3,0.02
165,candidate_2,candidate_1,candidate_3,3,0.02
166,candidate_2,candidate_1,candidate_3,3,0.02
167,candidate_2,candidate_1,candidate_3,3,0.02
168,candidate_2,candidate_1,candidate_3,3,0.02
169,candidate_2,candidate_1,candidate_3,3,0.02
170,candidate_2,candidate_1,candidate_3,3,0.02
171,candidate_2,candidate_1,candidate_3,3,0.02
172,candidate_2,candidate_1,candidate_3,3,0.02
173,candidate_2,0,candidate_3,3,0.02
174,candidate_2,candidate_1,candidate_3,3,0.02
175,candidate_2,candidate_1,candidate_3,3,0.02
176,candidate_2,candidate_1,candidate_3,3,0.02
177,candidate_2,candidate_1,candidate_3,3,0.02
178,candidate_2,0,candidate_3,3,0.02
179,candidate_2,candidate_1,candidate_3,3,0.02
180,candidate_2,candidate_1,candidate_3,3,0.02
181,candidate_2,candidate_1,candidate_3,3,0.02
182,candidate_2,candidate_1,candidate_3,3,0.02
183,candidate_2,candidate_1,candidate_3,3,0.02
184,candidate_2,candidate_1,candidate_3,3,0.02
185,candidate_2,candidate_1,candidate_3,3,0.02
186,candidate_2,candidate_1,candidate_3,3,0.02
187,candidate_2,candidate_1,candidate_3,3,0.02
188,candidate_2,candidate_1,candidate_3,3,0.02
189,candidate_2,candidate_1,candidate_3,3,0.02
190,candidate_2,candidate_1,candidate_3,3,0.02
191,candidate_2,candidate_1,candidate_3,3,0.02
192,candidate_2,candidate_1,candidate_3,3,0.02
193,candidate_2,candidate_1,candidate_3,3,0.02
194,candidate_2,candidate_1,candidate_3,3,0.02
195,candidate_2,candidate_1,candidate_3,3,0.02
196,candidate_2,candidate_1,candidate_3,3,0.02
197,candidate_2,candidate_1,candidate_3,3,0.02
198,candidate_2,candidate_1,candidate_3,3,0.02
199,candidate_2,candidate_1,candidate_3,3,0.02
200,candidate_2,candidate_1,candidate_3,3,0.02
201,candidate_2,candidate_1,candidate_3,3,0.02
202,candidate_2,candidate_1,candidate_3,3,0.02
203,candidate_2,0,candidate_3,3,0.02
204,candidate_2,candidate_1,candidate_3,3,0.02
205,candidate_2,candidate_1,candidate_3,3,0.02
206,candidate_2,candidate_1,candidate_3,3,0.02
207,candidate_2,candidate_1,candidate_3,3,0.02
208,candidate_2,candidate_1,candidate_3,3,0.02
209,candidate_2,candidate_1,candidate_3,3,0.02
210,candidate_2,candidate_1,candidate_3,3,0.02
211,candidate_2,candidate_1,candidate_3,3,0.02
212,candidate_2,candidate_1,0,3,0.02
213,candidate_2,candidate_1,candidate_3,3,0.02
214,candidate_2,candidate_1,candidate_3,3,0.02
215,candidate_2,candidate_1,candidate_3,3,0.02
216,candidate_2,candidate_1,candidate_3,3,0.02
217,candidate_2,candidate_1,candidate_3,3,0.02
218,candidate_2,candidate_1,candidate_3,3,0.02
219,candidate_2,candidate_1,candidate_3,3,0.02
220,candidate_2,candidate_1,candidate_3,3,0.02
221,candidate_2,candidate_1,candidate_3,3,0.02
222,candidate_2,candidate_1,candidate_3,3,0.02
223,candidate_2,candidate_1,candidate_3,3,0.02
224,candidate_2,candidate_1,candidate_3,3,0.02
225,candidate_2,candidate_1,candidate_3,3,0.02
226,candidate_2,candidate_1,candidate_3,3,0.02
227,candidate_2,candidate_1,candidate_3,3,0.02
228,candidate_2,candidate_1,candidate_3,3,0.02
229,candidate_2,candidate_1,candidate_3,3,0.02
230,candidate_2,candidate_1,candidate_3,3,0.02
231,candidate_2,candidate_1,candidate_3,3,0.02
232,candidate_2,candidate_1,candidate_3,3,0.02
233,candidate_2,candidate_1,candidate_3,3,0.02
234,candidate_2,candidate_1,candidate_3,3,0.02
235,candidate_2,candidate_1,candidate_3,3,0.02
236,candidate_2,candidate_1,candidate_3,3,0.02
237,candidate_2,candidate_1,candidate_3,3,0.02
238,candidate_2,candidate_1,candidate_3,3,0.02
239,candidate_2,candidate_1,candidate_3,3,0.02
240,candidate_2,candidate_1,candidate_3,3,0.02
241,candidate_2,candidate_1,candidate_3,3,0.02
242,candidate_2,candidate_1,candidate_3,3,0.02
243,candidate_2,candidate_1,candidate_3,3,0.02
244,candidate_2,candidate_1,candidate_3,3,0.02
245,candidate_2,candidate_1,candidate_3,3,0.02
246,candidate_2,candidate_1,candidate_3,3,0.02
247,candidate_2,candidate_1,candidate_3,3,0.02
248,candidate_2,candidate_1,candidate_3,3,0.02
249,candidate_2,candidate_1,candidate_3,3,0.02
250,candidate_2,candidate_1,candidate_3,3,0.02
251,candidate_2,candidate_1,candidate_3,3,0.02
252,candidate_2,candidate_1,candidate_3,3,0.02
253,candidate_2,candidate_1,candidate_3,3,0.02
254,candidate_2,candidate_1,candidate_3,3,0.02
255,candidate_2,candidate_1,candidate_3,3,0.02
256,candidate_2,candidate_1,candidate_3,3,0.02
257,candidate_2,candidate_1,candidate_3,3,0.02
258,candidate_2,candidate_1,candidate_3,3,0.02
259,candidate_2,candidate_1,candidate_3,3,0.02
260,candidate_2,candidate_1,candidate_3,3,0.02
261,candidate_2,candidate_1,candidate_3,3,0.02
262,candidate_2,candidate_1,candidate_3,3,0.02
263,candidate_2,candidate_1,candidate_3,3,0.02
264,candidate_2,candidate_1,candidate_3,3,0.02
265,candidate_2,candidate_1,candidate_3,3,0.02
266,candidate_2,candidate_1,candidate_3,3,0.02
267,0,candidate_1,candidate_3,3,0.02
268,candidate_2,candidate_1,candidate_3,3,0.02
269,candidate_2,candidate_1,candidate_3,3,0.02
270,candidate_2,candidate_1,candidate_3,3,0.02
271,candidate_2,candidate_1,candidate_3,3,0.02
272,candidate_2,candidate_1,candidate_3,3,0.02
273,candidate_2,candidate_1,0,3,0.02
274,candidate_2,candidate_1,candidate_3,3,0.02
275,candidate_2,candidate_1,candidate_3,3,0.02
276,candidate_2,candidate_1,candidate_3,3,0.02
277,candidate_2,candidate_1,candidate_3,3,0.02
278,candidate_2,candidate_1,candidate_3,3,0.02
279,candidate_2,candidate_1,0,3,0.02
280,candidate_2,candidate_1,candidate_3,3,0.02
281,candidate_2,candidate_1,candidate_3,3,0.02
282,candidate_2,candidate_1,candidate_3,3,0.02
283,candidate_2,candidate_1,candidate_3,3,0.02
284,candidate_2,candidate_1,0,3,0.02
285,candidate_2,candidate_1,candidate_3,3,0.02
286,0,candidate_1,candidate_3,3,0.02
287,candidate_2,candidate_1,candidate_3,3,0.02
288,candidate_2,candidate_1,candidate_3,3,0.02
289,candidate_2,candidate_1,candidate_3,3,0.02
290,candidate_2,candidate_1,candidate_3,3,0.02
291,0,candidate_1,0,3,0.02
292,candidate_2,candidate_1,candidate_3,3,0.02
293,candidate_2,candidate_1,candidate_3,3,0.02
294,candidate_2,candidate_1,candidate_3,3,0.02
295,candidate_2,candidate_1,candidate_3,3,0.02
296,candidate_2,candidate_1,candidate_3,3,0.02
297,candidate_2,candidate_1,candidate_3,3,0.02
298,candidate_2,candidate_1,candidate_3,3,0.02
299,candidate_2,candidate_1,candidate_3,3,0.02
300,candidate_2,candidate_1,candidate_3,3,0.02
301,candidate_2,candidate_1,candidate_3,3,0.02
302,candidate_2,candidate_1,candidate_3,3,0.02
303,candidate_2,candidate_1,candidate_3,3,0.02
304,candidate_2,candidate_1,candidate_3,3,0.02
305,candidate_2,candidate_1,candidate_3,3,0.02
306,candidate_2,candidate_1,candidate_3,3,0.02
307,candidate_2,candidate_1,candidate_3,3,0.02
308,candidate_2,candidate_1,candidate_3,3,0.02
309,candidate_2,candidate_1,candidate_3,3,0.02
310,candidate_2,candidate_1,candidate_3,3,0.02
311,candidate_2,candidate_1,candidate_3,3,0.02
312,candidate_2,0,candidate_3,3,0.02
313,candidate_2,candidate_1,candidate_3,3,0.02
314,candidate_2,candidate_1,candidate_3,3,0.02
315,candidate_2,candidate_1,candidate_3,3,0.02
316,candidate_2,candidate_1,candidate_3,3,0.02
317,candidate_2,candidate_1,candidate_3,3,0.02
318,candidate_2,candidate_1,candidate_3,3,0.02
319,candidate_2,candidate_1,candidate_3,3,0.02
320,candidate_2,candidate_1,candidate_3,3,0.02
321,candidate_2,candidate_1,candidate_3,3,0.02
322,candidate_2,candidate_1,candidate_3,3,0.02
323,candidate_2,candidate_1,candidate_3,3,0.02
324,candidate_2,candidate_1,candidate_3,3,0.02
325,candidate_2,candidate_1,candidate_3,3,0.02
326,candidate_2,candidate_1,candidate_3,3,0.02
327,candidate_2,0,candidate_3,3,0.02
328,candidate_2,candidate_1,candidate_3,3,0.02
329,candidate_2,candidate_1,candidate_3,3,0.02
330,candidate_2,candidate_1,candidate_3,3,0.02
331,candidate_2,candidate_1,candidate_3,3,0.02
332,candidate_2,candidate_1,candidate_3,3,0.02
333,candidate_2,candidate_1,candidate_3,3,0.02
334,candidate_2,candidate_1,candidate_3,3,0.02
335,candidate_2,candidate_1,candidate_3,3,0.02
336,candidate_2,candidate_1,candidate_3,3,0.02
337,candidate_2,candidate_1,candidate_3,3,0.02
338,candidate_2,candidate_1,candidate_3,3,0.02
339,candidate_2,candidate_1,candidate_3,3,0.02
340,candidate_2,candidate_1,candidate_3,3,0.02
341,candidate_2,candidate_1,candidate_3,3,0.02
342,candidate_2,candidate_1,candidate_3,3,0.02
343,candidate_2,candidate_1,candidate_3,3,0.02
344,candidate_2,candidate_1,candidate_3,3,0.02
345,candidate_2,candidate_1,0,3,0.02
346,candidate_2,candidate_1,candidate_3,3,0.02
347,candidate_2,candidate_1,candidate_3,3,0.02
348,candidate_2,candidate_1,candidate_3,3,0.02
349,candidate_2,candidate_1,candidate_3,3,0.02
350,candidate_2,candidate_1,candidate_3,3,0.02
351,candidate_2,candidate_1,candidate_3,3,0.02
352,candidate_2,candidate_1,candidate_3,3,0.02
353,0,candidate_1,candidate_3,3,0.02
354,candidate_2,candidate_1,candidate_3,3,0.02
355,candidate_2,candidate_1,candidate_3,3,0.02
356,candidate_2,candidate_1,candidate_3,3,0.02
357,candidate_2,candidate_1,candidate_3,3,0.02
358,candidate_2,candidate_1,candidate_3,3,0.02
359,candidate_2,candidate_1,candidate_3,3,0.02
360,candidate_2,candidate_1,0,3,0.02
361,candidate_2,candidate_1,candidate_3,3,0.02
362,candidate_2,candidate_1,candidate_3,3,0.02
363,0,candidate_1,candidate_3,3,0.02
364,candidate_2,candidate_1,candidate_3,3,0.02
365,candidate_2,candidate_1,candidate_3,3,0.02
366,candidate_2,candidate_1,candidate_3,3,0.02
367,candidate_2,candidate_1,candidate_3,3,0.02
368,candidate_2,candidate_1,candidate_3,3,0.02
369,candidate_2,candidate_1,candidate_3,3,0.02
370,candidate_2,candidate_1,candidate_3,3,0.02
371,candidate_2,candidate_1,0,3,0.02
372,candidate_2,candidate_1,candidate_3,3,0.02
373,candidate_2,candidate_1,candidate_3,3,0.02
374,candidate_2,candidate_1,candidate_3,3,0.02
375,candidate_2,candidate_1,candidate_3,3,0.02
376,candidate_2,candidate_1,candidate_3,3,0.02
377,candidate_2,candidate_1,candidate_3,3,0.02
378,candidate_2,candidate_1,candidate_3,3,0.02
379,candidate_2,candidate_1,candidate_3,3,0.02
380,candidate_2,candidate_1,candidate_3,3,0.02
381,candidate_2,candidate_1,candidate_3,3,0.02
382,candidate_2,candidate_1,candidate_3,3,0.02
383,candidate_2,candidate_1,candidate_3,3,0.02
384,candidate_2,candidate_1,candidate_3,3,0.02
385,candidate_2,candidate_1,candidate_3,3,0.02
386,candidate_2,candidate_1,candidate_3,3,0.02
387,candidate_2,candidate_1,candidate_3,3,0.02
388,candidate_2,candidate_1,candidate_3,3,0.02
389,candidate_2,candidate_1,candidate_3,3,0.02
390,candidate_2,candidate_1,candidate_3,3,0.02
391,candidate_2,candidate_1,candidate_3,3,0.02
392,candidate_2,candidate_1,candidate_3,3,0.02
393,candidate_2,candidate_1,candidate_3,3,0.02
394,candidate_2,candidate_1,0,3,0.02
395,candidate_2,candidate_1,candidate_3,3,0.02
396,candidate_2,candidate_1,candidate_3,3,0.02
397,candidate_2,candidate_1,candidate_3,3,0.02
398,candidate_2,candidate_1,candidate_3,3,0.02
399,candidate_2,candidate_1,candidate_3,3,0.02
400,candidate_2,candidate_1,candidate_3,3,0.02
401,candidate_2,candidate_1,candidate_3,3,0.02
402,candidate_2,candidate_1,candidate_3,3,0.02
403,candidate_2,candidate_1,candidate_3,3,0.02
404,candidate_2,candidate_1,candidate_3,3,0.02
405,candidate_2,candidate_1,candidate_3,3,0.02
406,candidate_2,candidate_1,candidate_3,3,0.02
407,candidate_2,candidate_1,candidate_3,3,0.02
408,candidate_2,0,candidate_3,3,0.02
409,candidate_2,candidate_1,candidate_3,3,0.02
410,candidate_2,candidate_1,candidate_3,3,0.02
411,candidate_2,candidate_1,candidate_3,3,0.02
412,candidate_2,candidate_1,candidate_3,3,0.02
413,candidate_2,0,candidate_3,3,0.02
414,candidate_2,candidate_1,candidate_3,3,0.02
415,candidate_2,candidate_1,0,3,0.02
416,candidate_2,0,candidate_3,3,0.02
417,candidate_2,candidate_1,candidate_3,3,0.02
418,candidate_2,candidate_1,candidate_3,3,0.02
419,candidate_2,candidate_1,candidate_3,3,0.02
420,candidate_2,candidate_1,candidate_3,3,0.02
421,candidate_2,candidate_1,candidate_3,3,0.02
422,candidate_2,candidate_1,candidate_3,3,0.02
423,candidate_2,candidate_1,candidate_3,3,0.02
424,candidate_2,candidate_1,candidate_3,3,0.02
425,candidate_2,candidate_1,0,3,0.02
426,candidate_2,candidate_1,candidate_3,3,0.02
427,candidate_2,candidate_1,candidate_3,3,0.02
428,candidate_2,candidate_1,candidate_3,3,0.02
429,candidate_2,candidate_1,candidate_3,3,0.02
430,candidate_2,candidate_1,candidate_3,3,0.02
431,candidate_2,candidate_1,candidate_3,3,0.02
432,candidate_2,candidate_1,candidate_3,3,0.02
433,candidate_2,candidate_1,candidate_3,3,0.02
434,candidate_2,candidate_1,candidate_3,3,0.02
435,candidate_2,candidate_1,candidate_3,3,0.02
436,candidate_2,candidate_1,candidate_3,3,0.02
437,candidate_2,candidate_1,candidate_3,3,0.02
438,candidate_2,candidate_1,candidate_3,3,0.02
439,candidate_2,candidate_1,candidate_3,3,0.02
440,candidate_2,candidate_1,candidate_3,3,0.02
441,candidate_2,candidate_1,candidate_3,3,0.02
442,candidate_2,candidate_1,candidate_3,3,0.02
443,candidate_2,candidate_1,candidate_3,3,0.02
444,candidate_2,candidate_1,candidate_3,3,0.02
445,candidate_2,candidate_1,candidate_3,3,0.02
446,candidate_2,candidate_1,candidate_3,3,0.02
447,candidate_2,candidate_1,candidate_3,3,0.02
448,candidate_2,candidate_1,candidate_3,3,0.02
449,candidate_2,candidate_1,candidate_3,3,0.02
450,candidate_2,candidate_1,candidate_3,3,0.02
451,candidate_2,0,candidate_3,3,0.02
452,candidate_2,candidate_1,candidate_3,3,0.02
453,candidate_2,candidate_1,candidate_3,3,0.02
454,candidate_2,candidate_1,candidate_3,3,0.02
455,candidate_2,candidate_1,candidate_3,3,0.02
456,candidate_2,candidate_1,candidate_3,3,0.02
457,candidate_2,candidate_1,candidate_3,3,0.02
458,candidate_2,candidate_1,candidate_3,3,0.02
459,candidate_2,candidate_1,0,3,0.02
460,candidate_2,candidate_1,candidate_3,3,0.02
461,candidate_2,candidate_1,candidate_3,3,0.02
462,candidate_2,candidate_1,candidate_3,3,0.02
463,candidate_2,candidate_1,candidate_3,3,0.02
464,candidate_2,candidate_1,candidate_3,3,0.02
465,candidate_2,candidate_1,candidate_3,3,0.02
466,candidate_2,candidate_1,candidate_3,3,0.02
467,candidate_2,candidate_1,candidate_3,3,0.02
468,candidate_2,0,candidate_3,3,0.02
469,candidate_2,candidate_1,candidate_3,3,0.02
470,candidate_2,candidate_1,candidate_3,3,0.02
471,candidate_2,candidate_1,candidate_3,3,0.02
472,0,candidate_1,candidate_3,3,0.02
473,candidate_2,candidate_1,candidate_3,3,0.02
474,candidate_2,candidate_1,candidate_3,3,0.02
475,candidate_2,candidate_1,candidate_3,3,0.02
476,candidate_2,candidate_1,candidate_3,3,0.02
477,candidate_2,candidate_1,candidate_3,3,0.02
478,candidate_2,candidate_1,candidate_3,3,0.02
479,candidate_2,candidate_1,candidate_3,3,0.02
480,candidate_2,candidate_1,candidate_3,3,0.02
481,candidate_2,candidate_1,candidate_3,3,0.02
482,candidate_2,candidate_1,candidate_3,3,0.02
483,candidate_2,candidate_1,candidate_3,3,0.02
484,candidate_2,candidate_1,candidate_3,3,0.02
485,candidate_2,candidate_1,candidate_3,3,0.02
486,candidate_2,candidate_1,candidate_3,3,0.02
487,candidate_2,candidate_1,candidate_3,3,0.02
488,candidate_2,candidate_1,candidate_3,3,0.02
489,candidate_2,candidate_1,candidate_3,3,0.02
490,candidate_2,candidate_1,candidate_3,3,0.02
491,candidate_2,candidate_1,candidate_3,3,0.02
492,candidate_2,candidate_1,candidate_3,3,0.02
493,candidate_2,candidate_1,candidate_3,3,0.02
494,candidate_2,candidate_1,candidate_3,3,0.02
495,candidate_2,candidate_1,candidate_3,3,0.02
496,candidate_2,candidate_1,candidate_3,3,0.02
497,candidate_2,candidate_1,candidate_3,3,0.02
498,candidate_2,candidate_1,candidate_3,3,0.02
499,candidate_2,candidate_1,candidate_3,3,0.02
500,candidate_2,candidate_1,candidate_3,3,0.02
501,candidate_2,candidate_1,candidate_3,3,0.02
502,candidate_2,candidate_1,candidate_3,3,0.02
503,candidate_2,candidate_1,candidate_3,3,0.02
504,candidate_2,candidate_1,candidate_3,3,0.02
505,candidate_2,candidate_1,candidate_3,3,0.02
506,candidate_2,candidate_1,candidate_3,3,0.02
507,candidate_2,candidate_1,candidate_3,3,0.02
508,candidate_2,candidate_1,candidate_3,3,0.02
509,candidate_2,candidate_1,candidate_3,3,0.02
510,candidate_2,candidate_1,candidate_3,3,0.02
511,0,candidate_1,candidate_3,3,0.02
512,candidate_2,candidate_1,candidate_3,3,0.02
513,candidate_2,candidate_1,candidate_3,3,0.02
514,candidate_2,candidate_1,candidate_3,3,0.02
515,candidate_2,candidate_1,candidate_3,3,0.02
516,candidate_2,candidate_1,candidate_3,3,0.02
517,candidate_2,candidate_1,candidate_3,3,0.02
518,candidate_2,candidate_1,candidate_3,3,0.02
519,candidate_2,candidate_1,candidate_3,3,0.02
520,candidate_2,candidate_1,candidate_3,3,0.02
521,candidate_2,candidate_1,candidate_3,3,0.02
522,candidate_2,candidate_1,candidate_3,3,0.02
523,candidate_2,candidate_1,candidate_3,3,0.02
524,candidate_2,candidate_1,candidate_3,3,0.02
525,candidate_2,candidate_1,candidate_3,3,0.02
526,candidate_2,candidate_1,candidate_3,3,0.02
527,candidate_2,candidate_1,candidate_3,3,0.02
528,candidate_2,candidate_1,candidate_3,3,0.02
529,candidate_2,candidate_1,candidate_3,3,0.02
530,candidate_2,candidate_1,candidate_3,3,0.02
531,candidate_2,candidate_1,candidate_3,3,0.02
532,candidate_2,candidate_1,candidate_3,3,0.02
533,candidate_2,candidate_1,candidate_3,3,0.02
534,candidate_2,candidate_1,candidate_3,3,0.02
535,candidate_2,candidate_1,candidate_3,3,0.02
536,candidate_2,candidate_1,candidate_3,3,0.02
537,candidate_2,candidate_1,candidate_3,3,0.02
538,candidate_2,candidate_1,candidate_3,3,0.02
539,candidate_2,candidate_1,candidate_3,3,0.02
540,candidate_2,candidate_1,candidate_3,3,0.02
541,candidate_2,candidate_1,candidate_3,3,0.02
542,candidate_2,candidate_1,candidate_3,3,0.02
543,candidate_2,candidate_1,candidate_3,3,0.02
544,candidate_2,candidate_1,candidate_3,3,0.02
545,candidate_2,candidate_1,candidate_3,3,0.02
546,candidate_2,candidate_1,candidate_3,3,0.02
547,candidate_2,candidate_1,candidate_3,3,0.02
548,candidate_2,candidate_1,candidate_3,3,0.02
549,candidate_2,candidate_1,candidate_3,3,0.02
550,candidate_2,candidate_1,candidate_3,3,0.02
551,candidate_2,candidate_1,candidate_3,3,0.02
552,candidate_2,candidate_1,candidate_3,3,0.02
553,candidate_2,0,candidate_3,3,0.02
554,candidate_2,candidate_1,candidate_3,3,0.02
555,candidate_2,candidate_1,candidate_3,3,0.02
556,candidate_2,candidate_1,candidate_3,3,0.02
557,candidate_2,candidate_1,candidate_3,3,0.02
558,candidate_2,candidate_1,candidate_3,3,0.02
559,candidate_2,candidate_1,candidate_3,3,0.02
560,candidate_2,0,candidate_3,3,0.02
561,candidate_2,candidate_1,candidate_3,3,0.02
562,candidate_2,candidate_1,candidate_3,3,0.02
563,candidate_2,candidate_1,candidate_3,3,0.02
564,candidate_2,candidate_1,candidate_3,3,0.02
565,candidate_2,candidate_1,candidate_3,3,0.02
566,candidate_2,candidate_1,candidate_3,3,0.02
567,candidate_2,candidate_1,candidate_3,3,0.02
568,candidate_2,candidate_1,candidate_3,3,0.02
569,candidate_2,candidate_1,candidate_3,3,0.02
570,candidate_2,candidate_1,candidate_3,3,0.02
571,candidate_2,candidate_1,candidate_3,3,0.02
572,candidate_2,candidate_1,candidate_3,3,0.02
573,candidate_2,candidate_1,candidate_3,3,0.02
574,candidate_2,candidate_1,candidate_3,3,0.02
575,candidate_2,candidate_1,candidate_3,3,0.02
576,candidate_2,candidate_1,candidate_3,3,0.02
577,candidate_2,candidate_1,candidate_3,3,0.02
578,candidate_2,candidate_1,candidate_3,3,0.02
579,candidate_2,candidate_1,candidate_3,3,0.02
580,candidate_2,candidate_1,candidate_3,3,0.02
581,candidate_2,candidate_1,candidate_3,3,0.02
582,candidate_2,candidate_1,candidate_3,3,0.02
583,candidate_2,candidate_1,candidate_3,3,0.02
584,candidate_2,candidate_1,candidate_3,3,0.02
585,candidate_2,candidate_1,candidate_3,3,0.02
586,candidate_2,candidate_1,candidate_3,3,0.02
587,candidate_2,candidate_1,candidate_3,3,0.02
588,candidate_2,candidate_1,candidate_3,3,0.02
589,candidate_2,candidate_1,0,3,0.02
590,candidate_2,candidate_1,candidate_3,3,0.02
591,candidate_2,candidate_1,candidate_3,3,0.02
592,candidate_2,candidate_1,candidate_3,3,0.02
593,candidate_2,candidate_1,candidate_3,3,0.02
594,candidate_2,candidate_1,candidate_3,3,0.02
595,candidate_2,0,candidate_3,3,0.02
596,candidate_2,candidate_1,candidate_3,3,0.02
597,candidate_2,candidate_1,0,3,0.02
598,candidate_2,candidate_1,candidate_3,3,0.02
599,candidate_2,candidate_1,candidate_3,3,0.02
600,candidate_2,candidate_1,candidate_3,3,0.02
601,candidate_2,candidate_1,candidate_3,3,0.02
602,candidate_2,candidate_1,candidate_3,3,0.02
603,candidate_2,candidate_1,candidate_3,3,0.02
604,candidate_2,candidate_1,candidate_3,3,0.02
605,candidate_2,candidate_1,candidate_3,3,0.02
606,candidate_2,candidate_1,candidate_3,3,0.02
607,candidate_2,candidate_1,candidate_3,3,0.02
608,candidate_2,candidate_1,candidate_3,3,0.02
609,candidate_2,candidate_1,candidate_3,3,0.02
610,candidate_2,candidate_1,candidate_3,3,0.02
611,candidate_2,candidate_1,candidate_3,3,0.02
612,candidate_2,candidate_1,candidate_3,3,0.02
613,candidate_2,candidate_1,candidate_3,3,0.02
614,candidate_2,candidate_1,candidate_3,3,0.02
615,candidate_2,candidate_1,candidate_3,3,0.02
616,candidate_2,candidate_1,candidate_3,3,0.02
617,candidate_2,candidate_1,candidate_3,3,0.02
618,candidate_2,candidate_1,candidate_3,3,0.02
619,candidate_2,candidate_1,candidate_3,3,0.02
620,candidate_2,candidate_1,candidate_3,3,0.02
621,candidate_2,candidate_1,candidate_3,3,0.02
622,candidate_2,candidate_1,candidate_3,3,0.02
623,candidate_2,candidate_1,candidate_3,3,0.02
624,candidate_2,candidate_1,candidate_3,3,0.02
625,candidate_2,candidate_1,candidate_3,3,0.02
626,candidate_2,candidate_1,candidate_3,3,0.02
627,candidate_2,candidate_1,candidate_3,3,0.02
628,candidate_2,candidate_1,candidate_3,3,0.02
629,candidate_2,candidate_1,candidate_3,3,0.02
630,candidate_2,candidate_1,candidate_3,3,0.02
631,candidate_2,candidate_1,candidate_3,3,0.02
632,candidate_2,candidate_1,candidate_3,3,0.02
633,candidate_2,candidate_1,candidate_3,3,0.02
634,candidate_2,candidate_1,candidate_3,3,0.02
635,candidate_2,candidate_1,candidate_3,3,0.02
636,candidate_2,candidate_1,0,3,0.02
637,candidate_2,candidate_1,0,3,0.02
638,candidate_2,candidate_1,candidate_3,3,0.02
639,candidate_2,candidate_1,candidate_3,3,0.02
640,candidate_2,candidate_1,candidate_3,3,0.02
641,candidate_2,candidate_1,candidate_3,3,0.02
642,candidate_2,candidate_1,candidate_3,3,0.02
643,candidate_2,candidate_1,candidate_3,3,0.02
644,candidate_2,candidate_1,candidate_3,3,0.02
645,candidate_2,candidate_1,candidate_3,3,0.02
646,candidate_2,candidate_1,candidate_3,3,0.02
647,candidate_2,candidate_1,candidate_3,3,0.02
648,candidate_2,candidate_1,candidate_3,3,0.02
649,candidate_2,candidate_1,candidate_3,3,0.02
650,candidate_2,candidate_1,candidate_3,3,0.02
651,candidate_2,candidate_1,candidate_3,3,0.02
652,candidate_2,candidate_1,candidate_3,3,0.02
653,candidate_2,candidate_1,candidate_3,3,0.02
654,candidate_2,candidate_1,candidate_3,3,0.02
655,candidate_2,candidate_1,candidate_3,3,0.02
656,candidate_2,candidate_1,candidate_3,3,0.02
657,candidate_2,candidate_1,candidate_3,3,0.02
658,candidate_2,candidate_1,candidate_3,3,0.02
659,candidate_2,candidate_1,candidate_3,3,0.02
660,candidate_2,candidate_1,candidate_3,3,0.02
661,candidate_2,candidate_1,candidate_3,3,0.02
662,candidate_2,candidate_1,candidate_3,3,0.02
663,candidate_2,candidate_1,candidate_3,3,0.02
664,candidate_2,candidate_1,candidate_3,3,0.02
665,candidate_2,candidate_1,candidate_3,3,0.02
666,candidate_2,candidate_1,candidate_3,3,0.02
667,candidate_2,candidate_1,candidate_3,3,0.02
668,candidate_2,candidate_1,candidate_3,3,0.02
669,candidate_2,0,candidate_3,3,0.02
670,candidate_2,candidate_1,candidate_3,3,0.02
671,candidate_2,candidate_1,candidate_3,3,0.02
672,candidate_2,candidate_1,candidate_3,3,0.02
673,candidate_2,candidate_1,candidate_3,3,0.02
674,candidate_2,candidate_1,candidate_3,3,0.02
675,candidate_2,candidate_1,candidate_3,3,0.02
676,candidate_2,candidate_1,candidate_3,3,0.02
677,candidate_2,candidate_1,candidate_3,3,0.02
678,candidate_2,candidate_1,candidate_3,3,0.02
679,candidate_2,candidate_1,candidate_3,3,0.02
680,0,candidate_1,candidate_3,3,0.02
681,candidate_2,candidate_1,candidate_3,3,0.02
682,candidate_2,candidate_1,candidate_3,3,0.02
683,candidate_2,candidate_1,candidate_3,3,0.02
684,candidate_2,candidate_1,candidate_3,3,0.02
685,candidate_2,candidate_1,candidate_3,3,0.02
686,candidate_2,candidate_1,candidate_3,3,0.02
687,candidate_2,candidate_1,candidate_3,3,0.02
688,candidate_2,candidate_1,candidate_3,3,0.02
689,candidate_2,candidate_1,candidate_3,3,0.02
690,candidate_2,candidate_1,candidate_3,3,0.02
691,candidate_2,candidate_1,candidate_3,3,0.02
692,candidate_2,candidate_1,candidate_3,3,0.02
693,candidate_2,candidate_1,candidate_3,3,0.02
694,0,candidate_1,candidate_3,3,0.02
695,candidate_2,candidate_1,candidate_3,3,0.02
696,0,candidate_1,candidate_3,3,0.02
697,candidate_2,candidate_1,candidate_3,3,0.02
698,candidate_2,candidate_1,candidate_3,3,0.02
699,candidate_2,candidate_1,candidate_3,3,0.02
700,candidate_2,candidate_1,candidate_3,3,0.02
701,candidate_2,candidate_1,candidate_3,3,0.02
702,candidate_2,candidate_1,candidate_3,3,0.02
703,0,candidate_1,candidate_3,3,0.02
704,candidate_2,candidate_1,candidate_3,3,0.02
705,candidate_2,candidate_1,candidate_3,3,0.02
706,candidate_2,candidate_1,candidate_3,3,0.02
707,candidate_2,candidate_1,candidate_3,3,0.02
708,candidate_2,candidate_1,candidate_3,3,0.02
709,candidate_2,candidate_1,candidate_3,3,0.02
710,candidate_2,candidate_1,candidate_3,3,0.02
711,candidate_2,0,candidate_3,3,0.02
712,candidate_2,candidate_1,candidate_3,3,0.02
713,candidate_2,candidate_1,candidate_3,3,0.02
714,candidate_2,candidate_1,candidate_3,3,0.02
715,candidate_2,candidate_1,candidate_3,3,0.02
716,candidate_2,candidate_1,candidate_3,3,0.02
717,candidate_2,candidate_1,candidate_3,3,0.02
718,candidate_2,candidate_1,candidate_3,3,0.02
719,candidate_2,candidate_1,candidate_3,3,0.02
720,candidate_2,candidate_1,candidate_3,3,0.02
721,candidate_2,candidate_1,candidate_3,3,0.02
722,candidate_2,candidate_1,candidate_3,3,0.02
723,candidate_2,candidate_1,candidate_3,3,0.02
724,candidate_2,candidate_1,candidate_3,3,0.02
725,candidate_2,candidate_1,candidate_3,3,0.02
726,candidate_2,candidate_1,candidate_3,3,0.02
727,candidate_2,candidate_1,candidate_3,3,0.02
728,candidate_2,candidate_1,candidate_3,3,0.02
729,candidate_2,candidate_1,candidate_3,3,0.02
730,candidate_2,candidate_1,candidate_3,3,0.02
731,candidate_2,candidate_1,candidate_3,3,0.02
732,candidate_2,candidate_1,candidate_3,3,0.02
733,candidate_2,candidate_1,candidate_3,3,0.02
734,candidate_2,candidate_1,candidate_3,3,0.02
735,candidate_2,candidate_1,candidate_3,3,0.02
736,candidate_2,candidate_1,candidate_3,3,0.02
737,candidate_2,candidate_1,candidate_3,3,0.02
738,candidate_2,candidate_1,candidate_3,3,0.02
739,candidate_2,candidate_1,candidate_3,3,0.02
740,candidate_2,candidate_1,candidate_3,3,0.02
741,candidate_2,candidate_1,candidate_3,3,0.02
742,candidate_2,candidate_1,candidate_3,3,0.02
743,candidate_2,candidate_1,candidate_3,3,0.02
744,candidate_2,candidate_1,candidate_3,3,0.02
745,candidate_2,candidate_1,candidate_3,3,0.02
746,candidate_2,candidate_1,candidate_3,3,0.02
747,0,candidate_1,candidate_3,3,0.02
748,candidate_2,candidate_1,candidate_3,3,0.02
749,candidate_2,candidate_1,candidate_3,3,0.02
750,candidate_2,candidate_1,candidate_3,3,0.02
751,candidate_2,candidate_1,candidate_3,3,0.02
752,candidate_2,candidate_1,candidate_3,3,0.02
753,candidate_2,candidate_1,candidate_3,3,0.02
754,candidate_2,candidate_1,candidate_3,3,0.02
755,candidate_2,candidate_1,candidate_3,3,0.02
756,candidate_2,candidate_1,candidate_3,3,0.02
757,candidate_2,candidate_1,candidate_3,3,0.02
758,candidate_2,candidate_1,candidate_3,3,0.02
759,candidate_2,candidate_1,candidate_3,3,0.02
760,candidate_2,candidate_1,candidate_3,3,0.02
761,candidate_2,0,candidate_3,3,0.02
762,candidate_2,candidate_1,candidate_3,3,0.02
763,candidate_2,0,candidate_3,3,0.02
764,candidate_2,candidate_1,candidate_3,3,0.02
765,candidate_2,candidate_1,candidate_3,3,0.02
766,candidate_2,candidate_1,candidate_3,3,0.02
767,candidate_2,candidate_1,candidate_3,3,0.02
768,candidate_2,candidate_1,candidate_3,3,0.02
769,candidate_2,candidate_1,candidate_3,3,0.02
770,candidate_2,candidate_1,candidate_3,3,0.02
771,candidate_2,candidate_1,candidate_3,3,0.02
772,candidate_2,candidate_1,candidate_3,3,0.02
773,candidate_2,candidate_1,candidate_3,3,0.02
774,candidate_2,candidate_1,candidate_3,3,0.02
775,candidate_2,candidate_1,candidate_3,3,0.02
776,candidate_2,candidate_1,candidate_3,3,0.02
777,candidate_2,candidate_1,candidate_3,3,0.02
778,candidate_2,candidate_1,candidate_3,3,0.02
779,0,candidate_1,candidate_3,3,0.02
780,candidate_2,candidate_1,candidate_3,3,0.02
781,candidate_2,candidate_1,candidate_3,3,0.02
782,candidate_2,candidate_1,candidate_3,3,0.02
783,candidate_2,candidate_1,candidate_3,3,0.02
784,candidate_2,candidate_1,candidate_3,3,0.02
785,candidate_2,candidate_1,candidate_3,3,0.02
786,candidate_2,candidate_1,candidate_3,3,0.02
787,candidate_2,candidate_1,candidate_3,3,0.02
788,candidate_2,candidate_1,candidate_3,3,0.02
789,candidate_2,candidate_1,candidate_3,3,0.02
790,candidate_2,candidate_1,candidate_3,3,0.02
791,candidate_2,candidate_1,candidate_3,3,0.02
792,candidate_2,candidate_1,candidate_3,3,0.02
793,candidate_2,candidate_1,candidate_3,3,0.02
794,candidate_2,candidate_1,candidate_3,3,0.02
795,candidate_2,candidate_1,candidate_3,3,0.02
796,candidate_2,candidate_1,candidate_3,3,0.02
797,candidate_2,candidate_1,candidate_3,3,0.02
798,candidate_2,candidate_1,candidate_3,3,0.02
799,candidate_2,candidate_1,candidate_3,3,0.02
800,candidate_2,candidate_1,candidate_3,3,0.02
801,candidate_2,candidate_1,candidate_3,3,0.02
802,0,candidate_1,candidate_3,3,0.02
803,candidate_2,candidate_1,0,3,0.02
804,candidate_2,candidate_1,candidate_3,3,0.02
805,candidate_2,candidate_1,candidate_3,3,0.02
806,candidate_2,candidate_1,candidate_3,3,0.02
807,candidate_2,candidate_1,candidate_3,3,0.02
808,candidate_2,candidate_1,candidate_3,3,0.02
809,candidate_2,candidate_1,candidate_3,3,0.02
810,candidate_2,candidate_1,candidate_3,3,0.02
811,candidate_2,candidate_1,candidate_3,3,0.02
812,candidate_2,candidate_1,candidate_3,3,0.02
813,candidate_2,candidate_1,candidate_3,3,0.02
814,candidate_2,candidate_1,candidate_3,3,0.02
815,candidate_2,candidate_1,candidate_3,3,0.02
816,candidate_2,candidate_1,candidate_3,3,0.02
817,candidate_2,candidate_1,candidate_3,3,0.02
818,candidate_2,candidate_1,candidate_3,3,0.02
819,candidate_2,candidate_1,candidate_3,3,0.02
820,candidate_2,candidate_1,candidate_3,3,0.02
821,candidate_2,candidate_1,candidate_3,3,0.02
822,candidate_2,candidate_1,0,3,0.02
823,candidate_2,candidate_1,candidate_3,3,0.02
824,candidate_2,candidate_1,candidate_3,3,0.02
825,candidate_2,0,candidate_3,3,0.02
826,candidate_2,candidate_1,candidate_3,3,0.02
827,candidate_2,candidate_1,candidate_3,3,0.02
828,candidate_2,candidate_1,candidate_3,3,0.02
829,candidate_2,candidate_1,candidate_3,3,0.02
830,candidate_2,candidate_1,candidate_3,3,0.02
831,candidate_2,candidate_1,candidate_3,3,0.02
832,candidate_2,candidate_1,candidate_3,3,0.02
833,candidate_2,candidate_1,candidate_3,3,0.02
834,candidate_2,candidate_1,candidate_3,3,0.02
835,candidate_2,candidate_1,candidate_3,3,0.02
836,candidate_2,candidate_1,candidate_3,3,0.02
837,candidate_2,candidate_1,candidate_3,3,0.02
838,candidate_2,candidate_1,candidate_3,3,0.02
839,candidate_2,candidate_1,candidate_3,3,0.02
840,candidate_2,candidate_1,candidate_3,3,0.02
841,candidate_2,candidate_1,candidate_3,3,0.02
842,candidate_2,candidate_1,candidate_3,3,0.02
843,candidate_2,candidate_1,candidate_3,3,0.02
844,candidate_2,candidate_1,candidate_3,3,0.02
845,candidate_2,candidate_1,candidate_3,3,0.02
846,candidate_2,candidate_1,candidate_3,3,0.02
847,candidate_2,candidate_1,candidate_3,3,0.02
848,candidate_2,candidate_1,candidate_3,3,0.02
849,candidate_2,candidate_1,candidate_3,3,0.02
850,candidate_2,candidate_1,candidate_3,3,0.02
851,candidate_2,candidate_1,candidate_3,3,0.02
852,candidate_2,candidate_1,candidate_3,3,0.02
853,candidate_2,candidate_1,candidate_3,3,0.02
854,candidate_2,candidate_1,candidate_3,3,0.02
855,0,candidate_1,candidate_3,3,0.02
856,candidate_2,candidate_1,candidate_3,3,0.02
857,candidate_2,candidate_1,candidate_3,3,0.02
858,candidate_2,candidate_1,candidate_3,3,0.02
859,candidate_2,candidate_1,candidate_3,3,0.02
860,candidate_2,candidate_1,candidate_3,3,0.02
861,candidate_2,candidate_1,candidate_3,3,0.02
862,candidate_2,candidate_1,candidate_3,3,0.02
863,candidate_2,candidate_1,candidate_3,3,0.02
864,candidate_2,candidate_1,candidate_3,3,0.02
865,candidate_2,candidate_1,candidate_3,3,0.02
866,candidate_2,candidate_1,candidate_3,3,0.02
867,candidate_2,candidate_1,candidate_3,3,0.02
868,candidate_2,candidate_1,candidate_3,3,0.02
869,candidate_2,candidate_1,candidate_3,3,0.02
870,candidate_2,candidate_1,candidate_3,3,0.02
871,candidate_2,candidate_1,candidate_3,3,0.02
872,0,candidate_1,candidate_3,3,0.02
873,candidate_2,candidate_1,candidate_3,3,0.02
874,candidate_2,candidate_1,candidate_3,3,0.02
875,candidate_2,candidate_1,candidate_3,3,0.02
876,candidate_2,candidate_1,candidate_3,3,0.02
877,candidate_2,candidate_1,candidate_3,3,0.02
878,candidate_2,candidate_1,candidate_3,3,0.02
879,candidate_2,candidate_1,candidate_3,3,0.02
880,candidate_2,candidate_1,candidate_3,3,0.02
881,candidate_2,candidate_1,0,3,0.02
882,candidate_2,candidate_1,candidate_3,3,0.02
883,candidate_2,candidate_1,candidate_3,3,0.02
884,candidate_2,candidate_1,candidate_3,3,0.02
885,candidate_2,candidate_1,candidate_3,3,0.02
886,candidate_2,candidate_1,candidate_3,3,0.02
887,candidate_2,candidate_1,candidate_3,3,0.02
888,candidate_2,candidate_1,candidate_3,3,0.02
889,candidate_2,candidate_1,candidate_3,3,0.02
890,candidate_2,candidate_1,candidate_3,3,0.02
891,candidate_2,candidate_1,candidate_3,3,0.02
892,candidate_2,candidate_1,candidate_3,3,0.02
893,candidate_2,candidate_1,candidate_3,3,0.02
894,candidate_2,candidate_1,candidate_3,3,0.02
895,candidate_2,candidate_1,candidate_3,3,0.02
896,candidate_2,candidate_1,candidate_3,3,0.02
897,candidate_2,candidate_1,candidate_3,3,0.02
898,candidate_2,candidate_1,candidate_3,3,0.02
899,candidate_2,candidate_1,candidate_3,3,0.02
900,candidate_2,candidate_1,candidate_3,3,0.02
901,candidate_2,candidate_1,candidate_3,3,0.02
902,candidate_2,candidate_1,candidate_3,3,0.02
903,candidate_2,candidate_1,candidate_3,3,0.02
904,candidate_2,candidate_1,candidate_3,3,0.02
905,candidate_2,candidate_1,candidate_3,3,0.02
906,candidate_2,candidate_1,candidate_3,3,0.02
907,candidate_2,candidate_1,candidate_3,3,0.02
908,candidate_2,candidate_1,candidate_3,3,0.02
909,candidate_2,candidate_1,candidate_3,3,0.02
910,candidate_2,candidate_1,candidate_3,3,0.02
911,candidate_2,candidate_1,candidate_3,3,0.02
912,candidate_2,candidate_1,candidate_3,3,0.02
913,candidate_2,candidate_1,0,3,0.02
914,candidate_2,candidate_1,candidate_3,3,0.02
915,candidate_2,candidate_1,candidate_3,3,0.02
916,candidate_2,candidate_1,candidate_3,3,0.02
917,candidate_2,candidate_1,candidate_3,3,0.02
918,candidate_2,candidate_1,candidate_3,3,0.02
919,candidate_2,candidate_1,candidate_3,3,0.02
920,candidate_2,candidate_1,candidate_3,3,0.02
921,candidate_2,candidate_1,candidate_3,3,0.02
922,candidate_2,candidate_1,candidate_3,3,0.02
923,candidate_2,candidate_1,candidate_3,3,0.02
924,candidate_2,candidate_1,0,3,0.02
925,candidate_2,candidate_1,candidate_3,3,0.02
926,candidate_2,candidate_1,candidate_3,3,0.02
927,candidate_2,candidate_1,candidate_3,3,0.02
928,candidate_2,candidate_1,0,3,0.02
929,candidate_2,candidate_1,candidate_3,3,0.02
930,candidate_2,candidate_1,candidate_3,3,0.02
931,candidate_2,candidate_1,candidate_3,3,0.02
932,candidate_2,candidate_1,candidate_3,3,0.02
933,candidate_2,candidate_1,candidate_3,3,0.02
934,candidate_2,candidate_1,candidate_3,3,0.02
935,candidate_2,candidate_1,candidate_3,3,0.02
936,candidate_2,candidate_1,candidate_3,3,0.02
937,candidate_2,candidate_1,candidate_3,3,0.02
938,candidate_2,candidate_1,candidate_3,3,0.02
939,candidate_2,candidate_1,candidate_3,3,0.02
940,candidate_2,candidate_1,candidate_3,3,0.02
941,candidate_2,candidate_1,candidate_3,3,0.02
942,candidate_2,candidate_1,candidate_3,3,0.02
943,candidate_2,candidate_1,candidate_3,3,0.02
944,candidate_2,candidate_1,candidate_3,3,0.02
945,candidate_2,candidate_1,0,3,0.02
946,candidate_2,candidate_1,candidate_3,3,0.02
947,candidate_2,candidate_1,candidate_3,3,0.02
948,candidate_2,candidate_1,candidate_3,3,0.02
949,candidate_2,candidate_1,candidate_3,3,0.02
950,candidate_2,candidate_1,candidate_3,3,0.02
951,candidate_2,candidate_1,candidate_3,3,0.02
952,candidate_2,candidate_1,candidate_3,3,0.02
953,candidate_2,candidate_1,candidate_3,3,0.02
954,candidate_2,candidate_1,candidate_3,3,0.02
955,candidate_2,candidate_1,candidate_3,3,0.02
956,candidate_2,candidate_1,candidate_3,3,0.02
957,candidate_2,candidate_1,candidate_3,3,0.02
958,candidate_2,candidate_1,candidate_3,3,0.02
959,candidate_2,0,candidate_3,3,0.02
960,candidate_2,candidate_1,candidate_3,3,0.02
961,candidate_2,candidate_1,candidate_3,3,0.02
962,candidate_2,candidate_1,candidate_3,3,0.02
963,candidate_2,candidate_1,candidate_3,3,0.02
964,candidate_2,candidate_1,candidate_3,3,0.02
965,candidate_2,candidate_1,candidate_3,3,0.02
966,candidate_2,candidate_1,candidate_3,3,0.02
967,candidate_2,candidate_1,candidate_3,3,0.02
968,candidate_2,candidate_1,candidate_3,3,0.02
969,candidate_2,candidate_1,candidate_3,3,0.02
970,candidate_2,0,candidate_3,3,0.02
971,candidate_2,candidate_1,candidate_3,3,0.02
972,candidate_2,candidate_1,candidate_3,3,0.02
973,candidate_2,candidate_1,candidate_3,3,0.02
974,candidate_2,candidate_1,candidate_3,3,0.02
975,candidate_2,0,candidate_3,3,0.02
976,candidate_2,candidate_1,candidate_3,3,0.02
977,candidate_2,candidate_1,candidate_3,3,0.02
978,candidate_2,candidate_1,candidate_3,3,0.02
979,candidate_2,candidate_1,candidate_3,3,0.02
980,candidate_2,candidate_1,candidate_3,3,0.02
981,candidate_2,candidate_1,candidate_3,3,0.02
982,candidate_2,candidate_1,candidate_3,3,0.02
983,candidate_2,candidate_1,candidate_3,3,0.02
984,candidate_2,candidate_1,candidate_3,3,0.02
985,candidate_2,candidate_1,candidate_3,3,0.02
986,candidate_2,0,candidate_3,3,0.02
987,candidate_2,candidate_1,candidate_3,3,0.02
988,candidate_2,candidate_1,candidate_3,3,0.02
989,candidate_2,candidate_1,candidate_3,3,0.02
990,candidate_2,candidate_1,candidate_3,3,0.02
991,candidate_2,candidate_1,candidate_3,3,0.02
992,candidate_2,candidate_1,candidate_3,3,0.02
993,candidate_2,candidate_1,candidate_3,3,0.02
994,candidate_2,candidate_1,candidate_3,3,0.02
995,candidate_2,candidate_1,candidate_3,3,0.02
996,candidate_2,candidate_1,candidate_3,3,0.02
997,candidate_2,candidate_1,candidate_3,3,0.02
998,candidate_2,candidate_1,candidate_3,3,0.02
999,candidate_2,candidate_1,candidate_3,3,0.02
1000,candidate_2,candidate_1,candidate_3,3,0.02
1001,candidate_2,candidate_1,candidate_3,3,0.02
1002,candidate_2,candidate_1,candidate_3,3,0.02
1003,candidate_2,candidate_1,candidate_3,3,0.02
1004,candidate_2,candidate_1,candidate_3,3,0.02
1005,candidate_2,candidate_1,candidate_3,3,0.02
1006,candidate_2,candidate_1,candidate_3,3,0.02
1007,candidate_2,candidate_1,candidate_3,3,0.02
1008,candidate_2,candidate_1,candidate_3,3,0.02
1009,candidate_2,candidate_1,candidate_3,3,0.02
1010,candidate_2,candidate_1,candidate_3,3,0.02
1011,candidate_2,candidate_1,candidate_3,3,0.02
1012,candidate_2,candidate_1,candidate_3,3,0.02
1013,candidate_2,candidate_1,candidate_3,3,0.02
1014,candidate_2,candidate_1,candidate_3,3,0.02
1015,candidate_2,candidate_1,candidate_3,3,0.02
1016,candidate_2,candidate_1,candidate_3,3,0.02
1017,candidate_2,candidate_1,candidate_3,3,0.02
1018,candidate_2,candidate_1,candidate_3,3,0.02
1019,candidate_2,candidate_1,candidate_3,3,0.02
1020,candidate_2,candidate_1,candidate_3,3,0.02
1021,candidate_2,candidate_1,candidate_3,3,0.02
1022,candidate_2,candidate_1,candidate_3,3,0.02
1023,candidate_2,candidate_1,candidate_3,3,0.02
1024,candidate_2,candidate_1,candidate_3,3,0.02
1025,candidate_2,candidate_1,candidate_3,3,0.02
1026,candidate_2,candidate_1,candidate_3,3,0.02
1027,candidate_2,candidate_1,candidate_3,3,0.02
1028,candidate_2,candidate_1,candidate_3,3,0.02
1029,candidate_2,candidate_1,candidate_3,3,0.02
1030,candidate_2,candidate_1,candidate_3,3,0.02
1031,candidate_2,candidate_1,candidate_3,3,0.02
1032,candidate_2,candidate_1,candidate_3,3,0.02
1033,candidate_2,candidate_1,candidate_3,3,0.02
1034,candidate_2,candidate_1,candidate_3,3,0.02
1035,candidate_2,0,candidate_3,3,0.02
1036,candidate_2,candidate_1,candidate_3,3,0.02
1037,candidate_2,candidate_1,0,3,0.02
1038,candidate_2,candidate_1,candidate_3,3,0.02
1039,candidate_2,candidate_1,candidate_3,3,0.02
1040,candidate_2,candidate_1,candidate_3,3,0.02
1041,candidate_2,candidate_1,candidate_3,3,0.02
1042,candidate_2,candidate_1,candidate_3,3,0.02
1043,candidate_2,candidate_1,0,3,0.02
1044,candidate_2,candidate_1,candidate_3,3,0.02
1045,0,candidate_1,candidate_3,3,0.02
1046,candidate_2,candidate_1,candidate_3,3,0.02
1047,candidate_2,candidate_1,candidate_3,3,0.02
1048,candidate_2,candidate_1,candidate_3,3,0.02
1049,candidate_2,candidate_1,candidate_3,3,0.02
1050,candidate_2,candidate_1,candidate_3,3,0.02
1051,candidate_2,candidate_1,candidate_3,3,0.02
1052,candidate_2,candidate_1,candidate_3,3,0.02
1053,candidate_2,candidate_1,candidate_3,3,0.02
1054,candidate_2,candidate_1,candidate_3,3,0.02
1055,0,candidate_1,candidate_3,3,0.02
1056,candidate_2,candidate_1,candidate_3,3,0.02
1057,candidate_2,candidate_1,candidate_3,3,0.02
1058,candidate_2,candidate_1,candidate_3,3,0.02
1059,candidate_2,candidate_1,candidate_3,3,0.02
1060,candidate_2,candidate_1,candidate_3,3,0.02
1061,candidate_2,candidate_1,candidate_3,3,0.02
1062,candidate_2,candidate_1,candidate_3,3,0.02
1063,candidate_2,candidate_1,candidate_3,3,0.02
1064,candidate_2,candidate_1,candidate_3,3,0.02
1065,candidate_2,candidate_1,candidate_3,3,0.02
1066,candidate_2,candidate_1,candidate_3,3,0.02
1067,candidate_2,candidate_1,candidate_3,3,0.02
1068,candidate_2,0,candidate_3,3,0.02
1069,candidate_2,candidate_1,candidate_3,3,0.02
1070,candidate_2,candidate_1,candidate_3,3,0.02
1071,candidate_2,candidate_1,candidate_3,3,0.02
1072,candidate_2,candidate_1,candidate_3,3,0.02
1073,candidate_2,candidate_1,candidate_3,3,0.02
1074,candidate_2,0,candidate_3,3,0.02
1075,candidate_2,candidate_1,candidate_3,3,0.02
1076,candidate_2,candidate_1,candidate_3,3,0.02
1077,candidate_2,candidate_1,candidate_3,3,0.02
1078,candidate_2,candidate_1,0,3,0.02
1079,candidate_2,candidate_1,candidate_3,3,0.02
1080,candidate_2,candidate_1,candidate_3,3,0.02
1081,candidate_2,0,candidate_3,3,0.02
1082,candidate_2,candidate_1,candidate_3,3,0.02
1083,candidate_2,candidate_1,candidate_3,3,0.02
1084,candidate_2,0,candidate_3,3,0.02
1085,candidate_2,candidate_1,candidate_3,3,0.02
1086,candidate_2,candidate_1,candidate_3,3,0.02
1087,candidate_2,candidate_1,candidate_3,3,0.02
1088,candidate_2,candidate_1,candidate_3,3,0.02
1089,candidate_2,candidate_1,candidate_3,3,0.02
1090,candidate_2,candidate_1,candidate_3,3,0.02
1091,candidate_2,candidate_1,candidate_3,3,0.02
1092,candidate_2,candidate_1,candidate_3,3,0.02
1093,candidate_2,candidate_1,candidate_3,3,0.02
1094,candidate_2,candidate_1,candidate_3,3,0.02
1095,candidate_2,candidate_1,candidate_3,3,0.02
1096,candidate_2,candidate_1,candidate_3,3,0.02
1097,candidate_2,candidate_1,candidate_3,3,0.02
1098,candidate_2,candidate_1,candidate_3,3,0.02
1099,candidate_2,candidate_1,candidate_3,3,0.02
1100,candidate_2,candidate_1,candidate_3,3,0.02
1101,candidate_2,candidate_1,candidate_3,3,0.02
1102,candidate_2,candidate_1,candidate_3,3,0.02
1103,candidate_2,candidate_1,candidate_3,3,0.02
1104,candidate_2,candidate_1,candidate_3,3,0.02
1105,candidate_2,candidate_1,candidate_3,3,0.02
1106,candidate_2,candidate_1,candidate_3,3,0.02
1107,candidate_2,candidate_1,candidate_3,3,0.02
1108,candidate_2,candidate_1,candidate_3,3,0.02
1109,candidate_2,candidate_1,candidate_3,3,0.02
1110,candidate_2,candidate_1,candidate_3,3,0.02
1111,candidate_2,candidate_1,candidate_3,3,0.02
1112,candidate_2,candidate_1,candidate_3,3,0.02
1113,candidate_2,candidate_1,candidate_3,3,0.02
1114,candidate_2,candidate_1,candidate_3,3,0.02
1115,candidate_2,candidate_1,candidate_3,3,0.02
1116,candidate_2,candidate_1,candidate_3,3,0.02
1117,candidate_2,candidate_1,candidate_3,3,0.02
1118,candidate_2,candidate_1,candidate_3,3,0.02
1119,candidate_2,candidate_1,candidate_3,3,0.02
1120,candidate_2,candidate_1,candidate_3,3,0.02
1121,candidate_2,candidate_1,candidate_3,3,0.02
1122,candidate_2,candidate_1,candidate_3,3,0.02
1123,candidate_2,candidate_1,candidate_3,3,0.02
1124,candidate_2,candidate_1,candidate_3,3,0.02
1125,candidate_2,candidate_1,candidate_3,3,0.02
1126,candidate_2,candidate_1,candidate_3,3,0.02
1127,candidate_2,candidate_1,candidate_3,3,0.02
1128,candidate_2,candidate_1,candidate_3,3,0.02
1129,candidate_2,candidate_1,candidate_3,3,0.02
1130,candidate_2,candidate_1,candidate_3,3,0.02
1131,candidate_2,candidate_1,candidate_3,3,0.02
1132,candidate_2,candidate_1,candidate_3,3,0.02
1133,candidate_2,candidate_1,0,3,0.02
1134,candidate_2,candidate_1,candidate_3,3,0.02
1135,candidate_2,candidate_1,candidate_3,3,0.02
1136,candidate_2,candidate_1,candidate_3,3,0.02
1137,candidate_2,0,candidate_3,3,0.02
1138,candidate_2,candidate_1,candidate_3,3,0.02
1139,candidate_2,candidate_1,candidate_3,3,0.02
1140,candidate_2,candidate_1,candidate_3,3,0.02
1141,candidate_2,candidate_1,candidate_3,3,0.02
1142,candidate_2,candidate_1,candidate_3,3,0.02
1143,candidate_2,candidate_1,candidate_3,3,0.02
1144,candidate_2,candidate_1,candidate_3,3,0.02
1145,candidate_2,candidate_1,0,3,0.02
1146,candidate_2,candidate_1,candidate_3,3,0.02
1147,candidate_2,candidate_1,candidate_3,3,0.02
1148,candidate_2,candidate_1,candidate_3,3,0.02
1149,candidate_2,candidate_1,candidate_3,3,0.02
1150,candidate_2,candidate_1,candidate_3,3,0.02
1151,candidate_2,candidate_1,candidate_3,3,0.02
1152,candidate_2,candidate_1,candidate_3,3,0.02
1153,candidate_2,candidate_1,candidate_3,3,0.02
1154,candidate_2,candidate_1,candidate_3,3,0.02
1155,candidate_2,candidate_1,candidate_3,3,0.02
1156,0,candidate_1,candidate_3,3,0.02
1157,candidate_2,candidate_1,candidate_3,3,0.02
1158,candidate_2,candidate_1,candidate_3,3,0.02
1159,candidate_2,candidate_1,candidate_3,3,0.02
1160,candidate_2,candidate_1,candidate_3,3,0.02
1161,candidate_2,candidate_1,candidate_3,3,0.02
1162,candidate_2,candidate_1,candidate_3,3,0.02
1163,candidate_2,candidate_1,candidate_3,3,0.02
1164,candidate_2,candidate_1,candidate_3,3,0.02
1165,candidate_2,candidate_1,candidate_3,3,0.02
1166,candidate_2,candidate_1,candidate_3,3,0.02
1167,candidate_2,candidate_1,candidate_3,3,0.02
1168,candidate_2,candidate_1,candidate_3,3,0.02
1169,candidate_2,candidate_1,candidate_3,3,0.02
1170,candidate_2,candidate_1,candidate_3,3,0.02
1171,candidate_2,candidate_1,candidate_3,3,0.02
1172,candidate_2,candidate_1,candidate_3,3,0.02
1173,candidate_2,candidate_1,candidate_3,3,0.02
1174,candidate_2,candidate_1,candidate_3,3,0.02
1175,candidate_2,candidate_1,candidate_3,3,0.02
1176,candidate_2,candidate_1,candidate_3,3,0.02
1177,candidate_2,candidate_1,candidate_3,3,0.02
1178,candidate_2,candidate_1,candidate_3,3,0.02
1179,candidate_2,candidate_1,candidate_3,3,0.02
1180,candidate_2,candidate_1,candidate_3,3,0.02
1181,candidate_2,candidate_1,candidate_3,3,0.02
1182,candidate_2,candidate_1,candidate_3,3,0.02
1183,candidate_2,candidate_1,candidate_3,3,0.02
1184,0,candidate_1,candidate_3,3,0.02
1185,candidate_2,candidate_1,candidate_3,3,0.02
1186,candidate_2,candidate_1,candidate_3,3,0.02
1187,candidate_2,candidate_1,candidate_3,3,0.02
1188,candidate_2,candidate_1,candidate_3,3,0.02
1189,candidate_2,candidate_1,candidate_3,3,0.02
1190,candidate_2,candidate_1,candidate_3,3,0.02
1191,candidate_2,candidate_1,candidate_3,3,0.02
1192,candidate_2,candidate_1,candidate_3,3,0.02
1193,candidate_2,candidate_1,candidate_3,3,0.02
1194,candidate_2,candidate_1,candidate_3,3,0.02
1195,candidate_2,candidate_1,candidate_3,3,0.02
1196,candidate_2,candidate_1,candidate_3,3,0.02
1197,candidate_2,candidate_1,candidate_3,3,0.02
1198,candidate_2,candidate_1,candidate_3,3,0.02
1199,candidate_2,candidate_1,candidate_3,3,0.02
1200,candidate_2,candidate_1,candidate_3,3,0.02
1201,candidate_2,candidate_1,candidate_3,3,0.02
1202,candidate_2,candidate_1,candidate_3,3,0.02
1203,candidate_2,candidate_1,candidate_3,3,0.02
1204,candidate_2,candidate_1,candidate_3,3,0.02
1205,candidate_2,candidate_1,candidate_3,3,0.02
1206,candidate_2,candidate_1,candidate_3,3,0.02
1207,candidate_2,candidate_1,candidate_3,3,0.02
1208,candidate_2,candidate_1,candidate_3,3,0.02
1209,candidate_2,candidate_1,candidate_3,3,0.02
1210,candidate_2,candidate_1,candidate_3,3,0.02
1211,candidate_2,candidate_1,candidate_3,3,0.02
1212,candidate_2,candidate_1,candidate_3,3,0.02
1213,candidate_2,candidate_1,candidate_3,3,0.02
1214,candidate_2,candidate_1,candidate_3,3,0.02
1215,candidate_2,candidate_1,candidate_3,3,0.02
1216,candidate_2,candidate_1,candidate_3,3,0.02
1217,candidate_2,candidate_1,candidate_3,3,0.02
1218,candidate_2,candidate_1,candidate_3,3,0.02
1219,candidate_2,candidate_1,candidate_3,3,0.02
1220,candidate_2,candidate_1,candidate_3,3,0.02
1221,0,candidate_1,candidate_3,3,0.02
1222,candidate_2,candidate_1,candidate_3,3,0.02
1223,candidate_2,candidate_1,candidate_3,3,0.02
1224,candidate_2,candidate_1,candidate_3,3,0.02
1225,candidate_2,candidate_1,candidate_3,3,0.02
1226,candidate_2,candidate_1,candidate_3,3,0.02
1227,candidate_2,0,candidate_3,3,0.02
1228,candidate_2,candidate_1,candidate_3,3,0.02
1229,candidate_2,candidate_1,candidate_3,3,0.02
1230,candidate_2,candidate_1,candidate_3,3,0.02
1231,candidate_2,candidate_1,0,3,0.02
1232,candidate_2,candidate_1,candidate_3,3,0.02
1233,candidate_2,candidate_1,candidate_3,3,0.02
1234,candidate_2,candidate_1,candidate_3,3,0.02
1235,candidate_2,candidate_1,candidate_3,3,0.02
1236,candidate_2,candidate_1,candidate_3,3,0.02
1237,candidate_2,candidate_1,candidate_3,3,0.02
1238,candidate_2,candidate_1,candidate_3,3,0.02
1239,candidate_2,candidate_1,candidate_3,3,0.02
1240,candidate_2,candidate_1,candidate_3,3,0.02
1241,candidate_2,candidate_1,candidate_3,3,0.02
1242,candidate_2,candidate_1,candidate_3,3,0.02
1243,candidate_2,candidate_1,candidate_3,3,0.02
1244,candidate_2,candidate_1,candidate_3,3,0.02
1245,candidate_2,candidate_1,candidate_3,3,0.02
1246,candidate_2,candidate_1,candidate_3,3,0.02
1247,candidate_2,candidate_1,candidate_3,3,0.02
1248,candidate_2,candidate_1,0,3,0.02
1249,candidate_2,candidate_1,candidate_3,3,0.02
1250,candidate_2,candidate_1,candidate_3,3,0.02
1251,candidate_2,candidate_1,candidate_3,3,0.02
1252,candidate_2,candidate_1,candidate_3,3,0.02
1253,candidate_2,candidate_1,candidate_3,3,0.02
1254,candidate_2,candidate_1,candidate_3,3,0.02
1255,candidate_2,candidate_1,candidate_3,3,0.02
1256,candidate_2,candidate_1,candidate_3,3,0.02
1257,candidate_2,candidate_1,candidate_3,3,0.02
1258,candidate_2,candidate_1,candidate_3,3,0.02
1259,candidate_2,candidate_1,candidate_3,3,0.02
1260,candidate_2,candidate_1,candidate_3,3,0.02
1261,candidate_2,candidate_1,candidate_3,3,0.02
1262,candidate_2,candidate_1,candidate_3,3,0.02
1263,candidate_2,candidate_1,candidate_3,3,0.02
1264,candidate_2,candidate_1,candidate_3,3,0.02
1265,candidate_2,candidate_1,candidate_3,3,0.02
1266,candidate_2,candidate_1,candidate_3,3,0.02
1267,candidate_2,candidate_1,candidate_3,3,0.02
1268,candidate_2,candidate_1,candidate_3,3,0.02
1269,candidate_2,candidate_1,candidate_3,3,0.02
1270,candidate_2,candidate_1,candidate_3,3,0.02
1271,candidate_2,candidate_1,candidate_3,3,0.02
1272,candidate_2,candidate_1,candidate_3,3,0.02
1273,candidate_2,candidate_1,candidate_3,3,0.02
1274,candidate_2,candidate_1,candidate_3,3,0.02
1275,candidate_2,candidate_1,candidate_3,3,0.02
1276,candidate_2,candidate_1,candidate_3,3,0.02
1277,candidate_2,candidate_1,candidate_3,3,0.02
1278,candidate_2,candidate_1,candidate_3,3,0.02
1279,candidate_2,candidate_1,candidate_3,3,0.02
1280,candidate_2,candidate_1,candidate_3,3,0.02
1281,candidate_2,candidate_1,candidate_3,3,0.02
1282,candidate_2,candidate_1,candidate_3,3,0.02
1283,candidate_2,candidate_1,candidate_3,3,0.02
1284,candidate_2,candidate_1,candidate_3,3,0.02
1285,candidate_2,candidate_1,0,3,0.02
1286,candidate_2,candidate_1,candidate_3,3,0.02
1287,candidate_2,candidate_1,candidate_3,3,0.02
1288,candidate_2,candidate_1,candidate_3,3,0.02
1289,candidate_2,candidate_1,candidate_3,3,0.02
1290,candidate_2,candidate_1,candidate_3,3,0.02
1291,candidate_2,candidate_1,0,3,0.02
1292,candidate_2,candidate_1,candidate_3,3,0.02
1293,candidate_2,candidate_1,candidate_3,3,0.02
1294,candidate_2,candidate_1,candidate_3,3,0.02
1295,candidate_2,candidate_1,candidate_3,3,0.02
1296,candidate_2,candidate_1,candidate_3,3,0.02
1297,candidate_2,candidate_1,candidate_3,3,0.02
1298,candidate_2,candidate_1,candidate_3,3,0.02
1299,candidate_2,candidate_1,candidate_3,3,0.02
1300,candidate_2,candidate_1,candidate_3,3,0.02
1301,candidate_2,candidate_1,candidate_3,3,0.02
1302,candidate_2,candidate_1,candidate_3,3,0.02
1303,candidate_2,candidate_1,candidate_3,3,0.02
1304,candidate_2,candidate_1,candidate_3,3,0.02
1305,candidate_2,candidate_1,candidate_3,3,0.02
1306,candidate_2,candidate_1,candidate_3,3,0.02
1307,candidate_2,candidate_1,candidate_3,3,0.02
1308,candidate_2,candidate_1,candidate_3,3,0.02
1309,candidate_2,candidate_1,candidate_3,3,0.02
1310,0,candidate_1,candidate_3,3,0.02
1311,candidate_2,candidate_1,candidate_3,3,0.02
1312,candidate_2,candidate_1,candidate_3,3,0.02
1313,candidate_2,candidate_1,candidate_3,3,0.02
1314,candidate_2,candidate_1,candidate_3,3,0.02
1315,candidate_2,candidate_1,candidate_3,3,0.02
1316,candidate_2,candidate_1,candidate_3,3,0.02
1317,candidate_2,candidate_1,candidate_3,3,0.02
1318,candidate_2,candidate_1,candidate_3,3,0.02
1319,candidate_2,candidate_1,candidate_3,3,0.02
1320,candidate_2,candidate_1,candidate_3,3,0.02
1321,candidate_2,candidate_1,candidate_3,3,0.02
1322,candidate_2,candidate_1,candidate_3,3,0.02
1323,candidate_2,candidate_1,candidate_3,3,0.02
1324,candidate_2,candidate_1,candidate_3,3,0.02
1325,candidate_2,candidate_1,candidate_3,3,0.02
1326,candidate_2,candidate_1,candidate_3,3,0.02
1327,candidate_2,candidate_1,0,3,0.02
1328,candidate_2,candidate_1,candidate_3,3,0.02
1329,candidate_2,candidate_1,candidate_3,3,0.02
1330,candidate_2,candidate_1,candidate_3,3,0.02
1331,candidate_2,candidate_1,candidate_3,3,0.02
1332,candidate_2,candidate_1,candidate_3,3,0.02
1333,candidate_2,candidate_1,candidate_3,3,0.02
1334,candidate_2,candidate_1,candidate_3,3,0.02
1335,candidate_2,candidate_1,candidate_3,3,0.02
1336,candidate_2,candidate_1,candidate_3,3,0.02
1337,candidate_2,candidate_1,candidate_3,3,0.02
1338,candidate_2,candidate_1,candidate_3,3,0.02
1339,candidate_2,candidate_1,candidate_3,3,0.02
1340,0,candidate_1,candidate_3,3,0.02
1341,candidate_2,candidate_1,candidate_3,3,0.02
1342,candidate_2,candidate_1,candidate_3,3,0.02
1343,candidate_2,candidate_1,candidate_3,3,0.02
1344,candidate_2,candidate_1,candidate_3,3,0.02
1345,candidate_2,candidate_1,candidate_3,3,0.02
1346,candidate_2,candidate_1,candidate_3,3,0.02
1347,candidate_2,candidate_1,0,3,0.02
1348,candidate_2,candidate_1,candidate_3,3,0.02
1349,candidate_2,candidate_1,candidate_3,3,0.02
1350,candidate_2,candidate_1,candidate_3,3,0.02
1351,candidate_2,candidate_1,candidate_3,3,0.02
1352,candidate_2,candidate_1,candidate_3,3,0.02
1353,candidate_2,candidate_1,candidate_3,3,0.02
1354,candidate_2,candidate_1,candidate_3,3,0.02
1355,candidate_2,candidate_1,candidate_3,3,0.02
1356,candidate_2,candidate_1,candidate_3,3,0.02
1357,candidate_2,candidate_1,candidate_3,3,0.02
1358,candidate_2,candidate_1,candidate_3,3,0.02
1359,candidate_2,candidate_1,candidate_3,3,0.02
1360,candidate_2,candidate_1,candidate_3,3,0.02
1361,candidate_2,candidate_1,candidate_3,3,0.02
1362,candidate_2,candidate_1,candidate_3,3,0.02
1363,candidate_2,candidate_1,candidate_3,3,0.02
1364,candidate_2,candidate_1,candidate_3,3,0.02
1365,candidate_2,candidate_1,candidate_3,3,0.02
1366,candidate_2,candidate_1,candidate_3,3,0.02
1367,candidate_2,candidate_1,candidate_3,3,0.02
1368,candidate_2,candidate_1,candidate_3,3,0.02
1369,candidate_2,candidate_1,candidate_3,3,0.02
1370,candidate_2,candidate_1,candidate_3,3,0.02
1371,candidate_2,candidate_1,candidate_3,3,0.02
1372,candidate_2,candidate_1,candidate_3,3,0.02
1373,candidate_2,candidate_1,candidate_3,3,0.02
1374,candidate_2,candidate_1,candidate_3,3,0.02
1375,candidate_2,candidate_1,candidate_3,3,0.02
1376,candidate_2,candidate_1,candidate_3,3,0.02
1377,candidate_2,candidate_1,candidate_3,3,0.02
1378,candidate_2,candidate_1,candidate_3,3,0.02
1379,candidate_2,candidate_1,candidate_3,3,0.02
1380,candidate_2,candidate_1,candidate_3,3,0.02
1381,candidate_2,candidate_1,candidate_3,3,0.02
1382,candidate_2,candidate_1,candidate_3,3,0.02
1383,candidate_2,candidate_1,candidate_3,3,0.02
1384,candidate_2,candidate_1,candidate_3,3,0.02
1385,candidate_2,candidate_1,candidate_3,3,0.02
1386,candidate_2,candidate_1,candidate_3,3,0.02
1387,candidate_2,candidate_1,candidate_3,3,0.02
1388,candidate_2,candidate_1,candidate_3,3,0.02
1389,candidate_2,candidate_1,candidate_3,3,0.02
1390,candidate_2,candidate_1,candidate_3,3,0.02
1391,candidate_2,candidate_1,candidate_3,3,0.02
1392,candidate_2,candidate_1,candidate_3,3,0.02
1393,candidate_2,candidate_1,candidate_3,3,0.02
1394,candidate_2,candidate_1,candidate_3,3,0.02
1395,candidate_2,candidate_1,candidate_3,3,0.02
1396,candidate_2,candidate_1,candidate_3,3,0.02
1397,candidate_2,candidate_1,candidate_3,3,0.02
1398,candidate_2,candidate_1,candidate_3,3,0.02
1399,candidate_2,candidate_1,candidate_3,3,0.02
1400,candidate_2,candidate_1,candidate_3,3,0.02
1401,candidate_2,candidate_1,candidate_3,3,0.02
1402,candidate_2,candidate_1,candidate_3,3,0.02
1403,candidate_2,candidate_1,candidate_3,3,0.02
1404,candidate_2,candidate_1,candidate_3,3,0.02
1405,candidate_2,candidate_1,candidate_3,3,0.02
1406,candidate_2,candidate_1,candidate_3,3,0.02
1407,candidate_2,candidate_1,candidate_3,3,0.02
1408,candidate_2,candidate_1,candidate_3,3,0.02
1409,candidate_2,candidate_1,candidate_3,3,0.02
1410,candidate_2,candidate_1,candidate_3,3,0.02
1411,candidate_2,candidate_1,candidate_3,3,0.02
1412,candidate_2,candidate_1,candidate_3,3,0.02
1413,candidate_2,candidate_1,candidate_3,3,0.02
1414,candidate_2,candidate_1,candidate_3,3,0.02
1415,candidate_2,candidate_1,candidate_3,3,0.02
1416,candidate_2,candidate_1,candidate_3,3,0.02
1417,candidate_2,candidate_1,candidate_3,3,0.02
1418,candidate_2,candidate_1,candidate_3,3,0.02
1419,candidate_2,candidate_1,candidate_3,3,0.02
1420,candidate_2,candidate_1,candidate_3,3,0.02
1421,candidate_2,candidate_1,candidate_3,3,0.02
1422,candidate_2,candidate_1,candidate_3,3,0.02
1423,candidate_2,candidate_1,candidate_3,3,0.02
1424,candidate_2,candidate_1,candidate_3,3,0.02
1425,candidate_2,candidate_1,candidate_3,3,0.02
1426,candidate_2,candidate_1,candidate_3,3,0.02
1427,candidate_2,candidate_1,candidate_3,3,0.02
1428,candidate_2,candidate_1,candidate_3,3,0.02
1429,candidate_2,candidate_1,candidate_3,3,0.02
1430,candidate_2,candidate_1,candidate_3,3,0.02
1431,candidate_2,candidate_1,candidate_3,3,0.02
1432,candidate_2,candidate_1,candidate_3,3,0.02
1433,candidate_2,candidate_1,candidate_3,3,0.02
1434,candidate_2,candidate_1,candidate_3,3,0.02
1435,candidate_2,candidate_1,candidate_3,3,0.02
1436,candidate_2,candidate_1,candidate_3,3,0.02
1437,candidate_2,candidate_1,candidate_3,3,0.02
1438,candidate_2,candidate_1,candidate_3,3,0.02
1439,candidate_2,candidate_1,candidate_3,3,0.02
1440,candidate_2,candidate_1,candidate_3,3,0.02
1441,candidate_2,candidate_1,candidate_3,3,0.02
1442,candidate_2,candidate_1,candidate_3,3,0.02
1443,candidate_2,candidate_1,candidate_3,3,0.02
1444,candidate_2,candidate_1,candidate_3,3,0.02
1445,candidate_2,candidate_1,candidate_3,3,0.02
1446,candidate_2,candidate_1,candidate_3,3,0.02
1447,candidate_2,candidate_1,candidate_3,3,0.02
1448,candidate_2,candidate_1,candidate_3,3,0.02
1449,candidate_2,candidate_1,candidate_3,3,0.02
1450,candidate_2,candidate_1,candidate_3,3,0.02
1451,candidate_2,candidate_1,candidate_3,3,0.02
1452,candidate_2,candidate_1,candidate_3,3,0.02
1453,candidate_2,candidate_1,candidate_3,3,0.02
1454,candidate_2,candidate_1,candidate_3,3,0.02
1455,candidate_2,candidate_1,candidate_3,3,0.02
1456,candidate_2,candidate_1,candidate_3,3,0.02
1457,0,candidate_1,candidate_3,3,0.02
1458,candidate_2,candidate_1,candidate_3,3,0.02
1459,candidate_2,candidate_1,candidate_3,3,0.02
1460,candidate_2,candidate_1,candidate_3,3,0.02
1461,candidate_2,candidate_1,candidate_3,3,0.02
1462,candidate_2,candidate_1,candidate_3,3,0.02
1463,candidate_2,candidate_1,candidate_3,3,0.02
1464,candidate_2,candidate_1,candidate_3,3,0.02
1465,candidate_2,candidate_1,candidate_3,3,0.02
1466,candidate_2,candidate_1,candidate_3,3,0.02
1467,candidate_2,0,candidate_3,3,0.02
1468,candidate_2,candidate_1,candidate_3,3,0.02
1469,candidate_2,candidate_1,candidate_3,3,0.02
1470,candidate_2,candidate_1,candidate_3,3,0.02
1471,candidate_2,candidate_1,candidate_3,3,0.02
1472,candidate_2,candidate_1,candidate_3,3,0.02
1473,candidate_2,candidate_1,candidate_3,3,0.02
1474,candidate_2,candidate_1,candidate_3,3,0.02
1475,candidate_2,candidate_1,candidate_3,3,0.02
1476,candidate_2,candidate_1,candidate_3,3,0.02
1477,candidate_2,candidate_1,candidate_3,3,0.02
1478,candidate_2,candidate_1,candidate_3,3,0.02
1479,candidate_2,candidate_1,candidate_3,3,0.02
1480,candidate_2,candidate_1,candidate_3,3,0.02
1481,candidate_2,candidate_1,candidate_3,3,0.02
1482,candidate_2,candidate_1,candidate_3,3,0.02
1483,candidate_2,candidate_1,candidate_3,3,0.02
1484,0,candidate_1,candidate_3,3,0.02
1485,candidate_2,candidate_1,candidate_3,3,0.02
1486,candidate_2,candidate_1,candidate_3,3,0.02
1487,candidate_2,candidate_1,candidate_3,3,0.02
1488,candidate_2,candidate_1,candidate_3,3,0.02
1489,candidate_2,candidate_1,candidate_3,3,0.02
1490,candidate_2,candidate_1,candidate_3,3,0.02
1491,candidate_2,candidate_1,candidate_3,3,0.02
1492,candidate_2,candidate_1,candidate_3,3,0.02
1493,candidate_2,candidate_1,0,3,0.02
1494,candidate_2,candidate_1,candidate_3,3,0.02
1495,candidate_2,candidate_1,candidate_3,3,0.02
1496,candidate_2,candidate_1,candidate_3,3,0.02
1497,candidate_2,candidate_1,candidate_3,3,0.02
1498,candidate_2,candidate_1,candidate_3,3,0.02
1499,candidate_2,candidate_1,candidate_3,3,0.02
1500,candidate_2,candidate_1,candidate_3,3,0.02
1501,candidate_2,candidate_1,candidate_3,3,0.02
1502,candidate_2,candidate_1,candidate_3,3,0.02
1503,candidate_2,candidate_1,candidate_3,3,0.02
1504,candidate_2,candidate_1,candidate_3,3,0.02
1505,candidate_2,candidate_1,candidate_3,3,0.02
1506,candidate_2,candidate_1,candidate_3,3,0.02
1507,candidate_2,candidate_1,candidate_3,3,0.02
1508,candidate_2,candidate_1,candidate_3,3,0.02
1509,candidate_2,0,candidate_3,3,0.02
1510,candidate_2,candidate_1,candidate_3,3,0.02
1511,candidate_2,candidate_1,candidate_3,3,0.02
1512,candidate_2,candidate_1,candidate_3,3,0.02
1513,candidate_2,candidate_1,candidate_3,3,0.02
1514,candidate_2,candidate_1,candidate_3,3,0.02
1515,candidate_2,candidate_1,candidate_3,3,0.02
1516,candidate_2,candidate_1,candidate_3,3,0.02
1517,candidate_2,candidate_1,candidate_3,3,0.02
1518,candidate_2,candidate_1,candidate_3,3,0.02
1519,candidate_2,candidate_1,candidate_3,3,0.02
1520,candidate_2,candidate_1,candidate_3,3,0.02
1521,candidate_2,candidate_1,candidate_3,3,0.02
1522,candidate_2,candidate_1,candidate_3,3,0.02
1523,candidate_2,candidate_1,candidate_3,3,0.02
1524,candidate_2,candidate_1,candidate_3,3,0.02
1525,candidate_2,candidate_1,candidate_3,3,0.02
1526,candidate_2,candidate_1,candidate_3,3,0.02
1527,candidate_2,candidate_1,candidate_3,3,0.02
1528,candidate_2,candidate_1,candidate_3,3,0.02
1529,candidate_2,candidate_1,candidate_3,3,0.02
1530,candidate_2,candidate_1,candidate_3,3,0.02
1531,candidate_2,candidate_1,candidate_3,3,0.02
1532,candidate_2,candidate_1,candidate_3,3,0.02
1533,candidate_2,candidate_1,candidate_3,3,0.02
1534,candidate_2,candidate_1,candidate_3,3,0.02
1535,candidate_2,candidate_1,candidate_3,3,0.02
1536,candidate_2,candidate_1,candidate_3,3,0.02
1537,candidate_2,candidate_1,candidate_3,3,0.02
1538,candidate_2,candidate_1,candidate_3,3,0.02
1539,candidate_2,candidate_1,candidate_3,3,0.02
1540,candidate_2,candidate_1,candidate_3,3,0.02
1541,candidate_2,candidate_1,candidate_3,3,0.02
1542,candidate_2,candidate_1,candidate_3,3,0.02
1543,candidate_2,candidate_1,candidate_3,3,0.02
1544,candidate_2,candidate_1,candidate_3,3,0.02
1545,candidate_2,candidate_1,candidate_3,3,0.02
1546,candidate_2,candidate_1,candidate_3,3,0.02
1547,candidate_2,candidate_1,candidate_3,3,0.02
1548,candidate_2,candidate_1,candidate_3,3,0.02
1549,candidate_2,candidate_1,candidate_3,3,0.02
1550,candidate_2,candidate_1,candidate_3,3,0.02
1551,candidate_2,candidate_1,candidate_3,3,0.02
1552,candidate_2,candidate_1,candidate_3,3,0.02
1553,candidate_2,0,candidate_3,3,0.02
1554,candidate_2,candidate_1,candidate_3,3,0.02
1555,candidate_2,candidate_1,candidate_3,3,0.02
1556,candidate_2,candidate_1,candidate_3,3,0.02
1557,candidate_2,candidate_1,candidate_3,3,0.02
1558,candidate_2,candidate_1,candidate_3,3,0.02
1559,candidate_2,0,candidate_3,3,0.02
1560,candidate_2,candidate_1,0,3,0.02
1561,candidate_2,candidate_1,candidate_3,3,0.02
1562,candidate_2,candidate_1,candidate_3,3,0.02
1563,candidate_2,candidate_1,candidate_3,3,0.02
1564,candidate_2,candidate_1,candidate_3,3,0.02
1565,candidate_2,candidate_1,candidate_3,3,0.02
1566,candidate_2,candidate_1,candidate_3,3,0.02
1567,candidate_2,candidate_1,candidate_3,3,0.02
1568,candidate_2,0,candidate_3,3,0.02
1569,candidate_2,candidate_1,candidate_3,3,0.02
1570,candidate_2,candidate_1,candidate_3,3,0.02
1571,candidate_2,0,candidate_3,3,0.02
1572,candidate_2,candidate_1,candidate_3,3,0.02
1573,0,candidate_1,candidate_3,3,0.02
1574,candidate_2,candidate_1,candidate_3,3,0.02
1575,candidate_2,candidate_1,candidate_3,3,0.02
1576,candidate_2,candidate_1,candidate_3,3,0.02
1577,candidate_2,candidate_1,candidate_3,3,0.02
1578,candidate_2,candidate_1,candidate_3,3,0.02
1579,candidate_2,candidate_1,candidate_3,3,0.02
1580,candidate_2,candidate_1,candidate_3,3,0.02
1581,candidate_2,candidate_1,candidate_3,3,0.02
1582,candidate_2,candidate_1,candidate_3,3,0.02
1583,candidate_2,candidate_1,candidate_3,3,0.02
1584,candidate_2,candidate_1,candidate_3,3,0.02
1585,candidate_2,candidate_1,candidate_3,3,0.02
1586,candidate_2,candidate_1,candidate_3,3,0.02
1587,candidate_2,candidate_1,candidate_3,3,0.02
1588,candidate_2,candidate_1,candidate_3,3,0.02
1589,candidate_2,candidate_1,candidate_3,3,0.02
1590,candidate_2,candidate_1,candidate_3,3,0.02
1591,candidate_2,candidate_1,candidate_3,3,0.02
1592,candidate_2,candidate_1,candidate_3,3,0.02
1593,candidate_2,candidate_1,candidate_3,3,0.02
1594,candidate_2,candidate_1,candidate_3,3,0.02
1595,candidate_2,candidate_1,candidate_3,3,0.02
1596,candidate_2,candidate_1,candidate_3,3,0.02
1597,0,candidate_1,candidate_3,3,0.02
1598,candidate_2,candidate_1,candidate_3,3,0.02
1599,candidate_2,candidate_1,candidate_3,3,0.02
1600,candidate_2,candidate_1,candidate_3,3,0.02
1601,candidate_2,candidate_1,candidate_3,3,0.02
1602,0,candidate_1,candidate_3,3,0.02
1603,candidate_2,candidate_1,candidate_3,3,0.02
1604,candidate_2,candidate_1,candidate_3,3,0.02
1605,candidate_2,candidate_1,candidate_3,3,0.02
1606,candidate_2,candidate_1,0,3,0.02
1607,candidate_2,candidate_1,candidate_3,3,0.02
1608,candidate_2,candidate_1,candidate_3,3,0.02
1609,candidate_2,candidate_1,candidate_3,3,0.02
1610,candidate_2,candidate_1,candidate_3,3,0.02
1611,candidate_2,candidate_1,candidate_3,3,0.02
1612,candidate_2,candidate_1,candidate_3,3,0.02
1613,candidate_2,candidate_1,candidate_3,3,0.02
1614,candidate_2,candidate_1,candidate_3,3,0.02
1615,candidate_2,candidate_1,candidate_3,3,0.02
1616,candidate_2,candidate_1,candidate_3,3,0.02
1617,candidate_2,candidate_1,candidate_3,3,0.02
1618,candidate_2,candidate_1,candidate_3,3,0.02
1619,candidate_2,candidate_1,candidate_3,3,0.02
1620,candidate_2,candidate_1,candidate_3,3,0.02
1621,candidate_2,candidate_1,candidate_3,3,0.02
1622,candidate_2,candidate_1,candidate_3,3,0.02
1623,candidate_2,candidate_1,candidate_3,3,0.02
1624,candidate_2,candidate_1,candidate_3,3,0.02
1625,candidate_2,candidate_1,candidate_3,3,0.02
1626,candidate_2,candidate_1,candidate_3,3,0.02
1627,candidate_2,candidate_1,candidate_3,3,0.02
1628,candidate_2,candidate_1,0,3,0.02
1629,candidate_2,candidate_1,candidate_3,3,0.02
1630,candidate_2,candidate_1,candidate_3,3,0.02
1631,candidate_2,candidate_1,candidate_3,3,0.02
1632,candidate_2,candidate_1,candidate_3,3,0.02
1633,candidate_2,candidate_1,candidate_3,3,0.02
1634,candidate_2,candidate_1,candidate_3,3,0.02
1635,candidate_2,candidate_1,candidate_3,3,0.02
1636,candidate_2,candidate_1,candidate_3,3,0.02
1637,candidate_2,candidate_1,candidate_3,3,0.02
1638,candidate_2,candidate_1,candidate_3,3,0.02
1639,candidate_2,candidate_1,candidate_3,3,0.02
1640,candidate_2,candidate_1,candidate_3,3,0.02
1641,candidate_2,candidate_1,candidate_3,3,0.02
1642,candidate_2,candidate_1,candidate_3,3,0.02
1643,candidate_2,candidate_1,candidate_3,3,0.02
1644,candidate_2,candidate_1,candidate_3,3,0.02
1645,candidate_2,candidate_1,candidate_3,3,0.02
1646,candidate_2,candidate_1,candidate_3,3,0.02
1647,candidate_2,candidate_1,candidate_3,3,0.02
1648,candidate_2,candidate_1,candidate_3,3,0.02
1649,candidate_2,candidate_1,candidate_3,3,0.02
1650,candidate_2,candidate_1,candidate_3,3,0.02
1651,candidate_2,candidate_1,candidate_3,3,0.02
1652,candidate_2,candidate_1,candidate_3,3,0.02
1653,candidate_2,candidate_1,candidate_3,3,0.02
1654,candidate_2,candidate_1,candidate_3,3,0.02
1655,candidate_2,candidate_1,candidate_3,3,0.02
1656,candidate_2,candidate_1,candidate_3,3,0.02
1657,candidate_2,candidate_1,candidate_3,3,0.02
1658,candidate_2,candidate_1,candidate_3,3,0.02
1659,candidate_2,candidate_1,candidate_3,3,0.02
1660,candidate_2,candidate_1,candidate_3,3,0.02
1661,candidate_2,candidate_1,candidate_3,3,0.02
1662,candidate_2,candidate_1,candidate_3,3,0.02
1663,candidate_2,candidate_1,candidate_3,3,0.02
1664,candidate_2,candidate_1,candidate_3,3,0.02
1665,candidate_2,candidate_1,candidate_3,3,0.02
1666,candidate_2,candidate_1,candidate_3,3,0.02
1667,candidate_2,candidate_1,candidate_3,3,0.02
1668,candidate_2,candidate_1,candidate_3,3,0.02
1669,candidate_2,candidate_1,candidate_3,3,0.02
1670,candidate_2,candidate_1,candidate_3,3,0.02
1671,candidate_2,candidate_1,candidate_3,3,0.02
1672,candidate_2,candidate_1,candidate_3,3,0.02
1673,candidate_2,candidate_1,candidate_3,3,0.02
1674,candidate_2,candidate_1,candidate_3,3,0.02
1675,candidate_2,candidate_1,candidate_3,3,0.02
1676,candidate_2,candidate_1,candidate_3,3,0.02
1677,candidate_2,candidate_1,candidate_3,3,0.02
1678,candidate_2,candidate_1,candidate_3,3,0.02
1679,candidate_2,candidate_1,candidate_3,3,0.02
1680,candidate_2,candidate_1,candidate_3,3,0.02
1681,candidate_2,candidate_1,candidate_3,3,0.02
1682,candidate_2,candidate_1,candidate_3,3,0.02
1683,candidate_2,candidate_1,candidate_3,3,0.02
1684,candidate_2,candidate_1,candidate_3,3,0.02
1685,candidate_2,candidate_1,candidate_3,3,0.02
1686,candidate_2,candidate_1,candidate_3,3,0.02
1687,candidate_2,candidate_1,candidate_3,3,0.02
1688,candidate_2,candidate_1,candidate_3,3,0.02
1689,candidate_2,candidate_1,candidate_3,3,0.02
1690,candidate_2,candidate_1,candidate_3,3,0.02
1691,candidate_2,candidate_1,candidate_3,3,0.02
1692,candidate_2,candidate_1,candidate_3,3,0.02
1693,candidate_2,candidate_1,candidate_3,3,0.02
1694,candidate_2,candidate_1,candidate_3,3,0.02
1695,candidate_2,candidate_1,candidate_3,3,0.02
1696,candidate_2,candidate_1,candidate_3,3,0.02
1697,candidate_2,candidate_1,candidate_3,3,0.02
1698,candidate_2,candidate_1,candidate_3,3,0.02
1699,candidate_2,candidate_1,candidate_3,3,0.02
1700,candidate_2,candidate_1,candidate_3,3,0.02
1701,candidate_2,candidate_1,candidate_3,3,0.02
1702,candidate_2,candidate_1,candidate_3,3,0.02
1703,candidate_2,candidate_1,candidate_3,3,0.02
1704,candidate_2,candidate_1,candidate_3,3,0.02
1705,candidate_2,candidate_1,candidate_3,3,0.02
1706,candidate_2,candidate_1,candidate_3,3,0.02
1707,candidate_2,candidate_1,candidate_3,3,0.02
1708,candidate_2,candidate_1,candidate_3,3,0.02
1709,candidate_2,candidate_1,candidate_3,3,0.02
1710,candidate_2,candidate_1,candidate_3,3,0.02
1711,candidate_2,candidate_1,candidate_3,3,0.02
1712,candidate_2,candidate_1,candidate_3,3,0.02
1713,0,candidate_1,candidate_3,3,0.02
1714,candidate_2,candidate_1,candidate_3,3,0.02
1715,candidate_2,candidate_1,candidate_3,3,0.02
1716,candidate_2,candidate_1,candidate_3,3,0.02
1717,candidate_2,candidate_1,candidate_3,3,0.02
1718,candidate_2,candidate_1,candidate_3,3,0.02
1719,candidate_2,candidate_1,candidate_3,3,0.02
1720,candidate_2,candidate_1,candidate_3,3,0.02
1721,candidate_2,candidate_1,candidate_3,3,0.02
1722,candidate_2,candidate_1,candidate_3,3,0.02
1723,candidate_2,candidate_1,candidate_3,3,0.02
1724,candidate_2,candidate_1,candidate_3,3,0.02
1725,candidate_2,candidate_1,candidate_3,3,0.02
1726,candidate_2,candidate_1,candidate_3,3,0.02
1727,candidate_2,candidate_1,candidate_3,3,0.02
1728,candidate_2,candidate_1,candidate_3,3,0.02
1729,candidate_2,candidate_1,candidate_3,3,0.02
1730,candidate_2,candidate_1,candidate_3,3,0.02
1731,candidate_2,candidate_1,candidate_3,3,0.02
1732,candidate_2,candidate_1,candidate_3,3,0.02
1733,candidate_2,candidate_1,candidate_3,3,0.02
1734,candidate_2,candidate_1,candidate_3,3,0.02
1735,candidate_2,candidate_1,candidate_3,3,0.02
1736,candidate_2,candidate_1,candidate_3,3,0.02
1737,candidate_2,candidate_1,candidate_3,3,0.02
1738,candidate_2,candidate_1,candidate_3,3,0.02
1739,candidate_2,candidate_1,candidate_3,3,0.02
1740,candidate_2,candidate_1,candidate_3,3,0.02
1741,candidate_2,candidate_1,candidate_3,3,0.02
1742,candidate_2,candidate_1,candidate_3,3,0.02
1743,candidate_2,candidate_1,candidate_3,3,0.02
1744,candidate_2,candidate_1,candidate_3,3,0.02
1745,candidate_2,candidate_1,candidate_3,3,0.02
1746,candidate_2,candidate_1,candidate_3,3,0.02
1747,candidate_2,candidate_1,candidate_3,3,0.02
1748,candidate_2,candidate_1,candidate_3,3,0.02
1749,candidate_2,candidate_1,candidate_3,3,0.02
1750,candidate_2,candidate_1,0,3,0.02
1751,candidate_2,candidate_1,candidate_3,3,0.02
1752,candidate_2,candidate_1,candidate_3,3,0.02
1753,candidate_2,candidate_1,candidate_3,3,0.02
1754,candidate_2,candidate_1,candidate_3,3,0.02
1755,candidate_2,candidate_1,candidate_3,3,0.02
1756,candidate_2,candidate_1,candidate_3,3,0.02
1757,candidate_2,candidate_1,candidate_3,3,0.02
1758,candidate_2,candidate_1,candidate_3,3,0.02
1759,candidate_2,candidate_1,candidate_3,3,0.02
1760,candidate_2,candidate_1,candidate_3,3,0.02
1761,candidate_2,candidate_1,candidate_3,3,0.02
1762,candidate_2,candidate_1,candidate_3,3,0.02
1763,candidate_2,0,candidate_3,3,0.02
1764,candidate_2,candidate_1,candidate_3,3,0.02
1765,candidate_2,candidate_1,candidate_3,3,0.02
1766,candidate_2,candidate_1,candidate_3,3,0.02
1767,candidate_2,candidate_1,candidate_3,3,0.02
1768,candidate_2,candidate_1,candidate_3,3,0.02
1769,candidate_2,candidate_1,candidate_3,3,0.02
1770,candidate_2,candidate_1,candidate_3,3,0.02
1771,candidate_2,0,candidate_3,3,0.02
1772,candidate_2,candidate_1,candidate_3,3,0.02
1773,candidate_2,candidate_1,candidate_3,3,0.02
1774,candidate_2,candidate_1,candidate_3,3,0.02
1775,candidate_2,candidate_1,candidate_3,3,0.02
1776,candidate_2,candidate_1,candidate_3,3,0.02
1777,candidate_2,candidate_1,candidate_3,3,0.02
1778,candidate_2,candidate_1,candidate_3,3,0.02
1779,candidate_2,candidate_1,candidate_3,3,0.02
1780,candidate_2,candidate_1,candidate_3,3,0.02
1781,candidate_2,candidate_1,candidate_3,3,0.02
1782,candidate_2,candidate_1,candidate_3,3,0.02
1783,candidate_2,candidate_1,candidate_3,3,0.02
1784,candidate_2,candidate_1,candidate_3,3,0.02
1785,candidate_2,candidate_1,candidate_3,3,0.02
1786,candidate_2,candidate_1,candidate_3,3,0.02
1787,candidate_2,candidate_1,candidate_3,3,0.02
1788,candidate_2,candidate_1,candidate_3,3,0.02
1789,candidate_2,candidate_1,candidate_3,3,0.02
1790,candidate_2,candidate_1,candidate_3,3,0.02
1791,candidate_2,candidate_1,candidate_3,3,0.02
1792,candidate_2,candidate_1,candidate_3,3,0.02
1793,candidate_2,candidate_1,candidate_3,3,0.02
1794,candidate_2,candidate_1,candidate_3,3,0.02
1795,candidate_2,candidate_1,candidate_3,3,0.02
1796,candidate_2,candidate_1,candidate_3,3,0.02
1797,candidate_2,candidate_1,candidate_3,3,0.02
1798,candidate_2,candidate_1,candidate_3,3,0.02
1799,candidate_2,candidate_1,candidate_3,3,0.02
1800,candidate_2,candidate_1,candidate_3,3,0.02
1801,candidate_2,candidate_1,candidate_3,3,0.02
1802,candidate_2,candidate_1,candidate_3,3,0.02
1803,candidate_2,candidate_1,candidate_3,3,0.02
1804,candidate_2,candidate_1,0,3,0.02
1805,candidate_2,candidate_1,candidate_3,3,0.02
1806,candidate_2,candidate_1,candidate_3,3,0.02
1807,candidate_2,candidate_1,candidate_3,3,0.02
1808,candidate_2,candidate_1,candidate_3,3,0.02
1809,candidate_2,candidate_1,candidate_3,3,0.02
1810,candidate_2,candidate_1,candidate_3,3,0.02
1811,candidate_2,candidate_1,candidate_3,3,0.02
1812,candidate_2,candidate_1,candidate_3,3,0.02
1813,candidate_2,candidate_1,candidate_3,3,0.02
1814,candidate_2,candidate_1,candidate_3,3,0.02
1815,candidate_2,candidate_1,candidate_3,3,0.02
1816,candidate_2,candidate_1,candidate_3,3,0.02
1817,candidate_2,candidate_1,candidate_3,3,0.02
1818,candidate_2,candidate_1,candidate_3,3,0.02
1819,candidate_2,candidate_1,candidate_3,3,0.02
1820,candidate_2,candidate_1,0,3,0.02
1821,candidate_2,candidate_1,candidate_3,3,0.02
1822,candidate_2,candidate_1,candidate_3,3,0.02
1823,0,candidate_1,candidate_3,3,0.02
1824,candidate_2,0,candidate_3,3,0.02
1825,candidate_2,candidate_1,candidate_3,3,0.02
1826,candidate_2,candidate_1,candidate_3,3,0.02
1827,candidate_2,candidate_1,candidate_3,3,0.02
1828,candidate_2,candidate_1,candidate_3,3,0.02
1829,candidate_2,candidate_1,candidate_3,3,0.02
1830,candidate_2,candidate_1,candidate_3,3,0.02
1831,candidate_2,candidate_1,candidate_3,3,0.02
1832,candidate_2,candidate_1,candidate_3,3,0.02
1833,candidate_2,candidate_1,candidate_3,3,0.02
1834,candidate_2,candidate_1,candidate_3,3,0.02
1835,candidate_2,candidate_1,candidate_3,3,0.02
1836,candidate_2,candidate_1,candidate_3,3,0.02
1837,candidate_2,candidate_1,candidate_3,3,0.02
1838,candidate_2,candidate_1,candidate_3,3,0.02
1839,candidate_2,candidate_1,candidate_3,3,0.02
1840,candidate_2,candidate_1,candidate_3,3,0.02
1841,candidate_2,candidate_1,candidate_3,3,0.02
1842,candidate_2,candidate_1,candidate_3,3,0.02
1843,candidate_2,candidate_1,candidate_3,3,0.02
1844,candidate_2,candidate_1,candidate_3,3,0.02
1845,candidate_2,candidate_1,candidate_3,3,0.02
1846,candidate_2,candidate_1,candidate_3,3,0.02
1847,candidate_2,candidate_1,candidate_3,3,0.02
1848,candidate_2,candidate_1,candidate_3,3,0.02
1849,candidate_2,candidate_1,candidate_3,3,0.02
1850,candidate_2,0,candidate_3,3,0.02
1851,candidate_2,candidate_1,candidate_3,3,0.02
1852,candidate_2,candidate_1,candidate_3,3,0.02
1853,candidate_2,candidate_1,candidate_3,3,0.02
1854,candidate_2,candidate_1,candidate_3,3,0.02
1855,candidate_2,candidate_1,candidate_3,3,0.02
1856,candidate_2,candidate_1,candidate_3,3,0.02
1857,candidate_2,candidate_1,candidate_3,3,0.02
1858,candidate_2,candidate_1,candidate_3,3,0.02
1859,candidate_2,candidate_1,candidate_3,3,0.02
1860,candidate_2,candidate_1,candidate_3,3,0.02
1861,candidate_2,candidate_1,candidate_3,3,0.02
1862,candidate_2,candidate_1,candidate_3,3,0.02
1863,candidate_2,candidate_1,candidate_3,3,0.02
1864,candidate_2,candidate_1,candidate_3,3,0.02
1865,candidate_2,candidate_1,candidate_3,3,0.02
1866,candidate_2,candidate_1,candidate_3,3,0.02
1867,candidate_2,candidate_1,candidate_3,3,0.02
1868,candidate_2,candidate_1,candidate_3,3,0.02
1869,candidate_2,candidate_1,candidate_3,3,0.02
1870,candidate_2,candidate_1,candidate_3,3,0.02
1871,candidate_2,candidate_1,candidate_3,3,0.02
1872,candidate_2,candidate_1,0,3,0.02
1873,candidate_2,candidate_1,candidate_3,3,0.02
1874,candidate_2,candidate_1,candidate_3,3,0.02
1875,candidate_2,candidate_1,candidate_3,3,0.02
1876,candidate_2,candidate_1,candidate_3,3,0.02
1877,candidate_2,candidate_1,candidate_3,3,0.02
1878,candidate_2,candidate_1,candidate_3,3,0.02
1879,candidate_2,candidate_1,candidate_3,3,0.02
1880,candidate_2,candidate_1,candidate_3,3,0.02
1881,candidate_2,candidate_1,candidate_3,3,0.02
1882,candidate_2,candidate_1,candidate_3,3,0.02
1883,candidate_2,candidate_1,candidate_3,3,0.02
1884,candidate_2,candidate_1,candidate_3,3,0.02
1885,candidate_2,candidate_1,candidate_3,3,0.02
1886,candidate_2,candidate_1,candidate_3,3,0.02
1887,candidate_2,candidate_1,candidate_3,3,0.02
1888,candidate_2,candidate_1,candidate_3,3,0.02
1889,candidate_2,candidate_1,candidate_3,3,0.02
1890,candidate_2,candidate_1,candidate_3,3,0.02
1891,candidate_2,candidate_1,candidate_3,3,0.02
1892,candidate_2,candidate_1,candidate_3,3,0.02
1893,candidate_2,candidate_1,candidate_3,3,0.02
1894,candidate_2,candidate_1,candidate_3,3,0.02
1895,candidate_2,candidate_1,candidate_3,3,0.02
1896,candidate_2,candidate_1,candidate_3,3,0.02
1897,candidate_2,candidate_1,0,3,0.02
1898,candidate_2,candidate_1,candidate_3,3,0.02
1899,candidate_2,candidate_1,candidate_3,3,0.02
1900,candidate_2,candidate_1,candidate_3,3,0.02
1901,candidate_2,candidate_1,candidate_3,3,0.02
1902,candidate_2,candidate_1,candidate_3,3,0.02
1903,candidate_2,candidate_1,candidate_3,3,0.02
1904,candidate_2,candidate_1,candidate_3,3,0.02
1905,candidate_2,candidate_1,candidate_3,3,0.02
1906,candidate_2,candidate_1,candidate_3,3,0.02
1907,candidate_2,candidate_1,candidate_3,3,0.02
1908,candidate_2,candidate_1,candidate_3,3,0.02
1909,candidate_2,candidate_1,candidate_3,3,0.02
1910,candidate_2,candidate_1,candidate_3,3,0.02
1911,candidate_2,candidate_1,candidate_3,3,0.02
1912,candidate_2,candidate_1,candidate_3,3,0.02
1913,candidate_2,candidate_1,candidate_3,3,0.02
1914,candidate_2,candidate_1,candidate_3,3,0.02
1915,candidate_2,candidate_1,candidate_3,3,0.02
1916,candidate_2,candidate_1,candidate_3,3,0.02
1917,candidate_2,candidate_1,candidate_3,3,0.02
1918,candidate_2,candidate_1,candidate_3,3,0.02
1919,candidate_2,candidate_1,candidate_3,3,0.02
1920,candidate_2,candidate_1,candidate_3,3,0.02
1921,candidate_2,candidate_1,candidate_3,3,0.02
1922,candidate_2,candidate_1,candidate_3,3,0.02
1923,candidate_2,candidate_1,candidate_3,3,0.02
1924,candidate_2,candidate_1,candidate_3,3,0.02
1925,candidate_2,candidate_1,candidate_3,3,0.02
1926,candidate_2,candidate_1,candidate_3,3,0.02
1927,candidate_2,candidate_1,candidate_3,3,0.02
1928,candidate_2,candidate_1,candidate_3,3,0.02
1929,candidate_2,candidate_1,candidate_3,3,0.02
1930,candidate_2,candidate_1,candidate_3,3,0.02
1931,candidate_2,candidate_1,candidate_3,3,0.02
1932,candidate_2,candidate_1,candidate_3,3,0.02
1933,candidate_2,candidate_1,candidate_3,3,0.02
1934,candidate_2,candidate_1,candidate_3,3,0.02
1935,candidate_2,candidate_1,candidate_3,3,0.02
1936,candidate_2,candidate_1,candidate_3,3,0.02
1937,candidate_2,candidate_1,0,3,0.02
1938,candidate_2,candidate_1,candidate_3,3,0.02
1939,candidate_2,candidate_1,candidate_3,3,0.02
1940,candidate_2,candidate_1,candidate_3,3,0.02
1941,candidate_2,candidate_1,candidate_3,3,0.02
1942,candidate_2,candidate_1,candidate_3,3,0.02
1943,candidate_2,candidate_1,candidate_3,3,0.02
1944,candidate_2,candidate_1,candidate_3,3,0.02
1945,candidate_2,candidate_1,candidate_3,3,0.02
1946,candidate_2,candidate_1,candidate_3,3,0.02
1947,candidate_2,candidate_1,candidate_3,3,0.02
1948,candidate_2,candidate_1,candidate_3,3,0.02
1949,candidate_2,candidate_1,0,3,0.02
1950,0,candidate_1,candidate_3,3,0.02
1951,candidate_2,candidate_1,candidate_3,3,0.02
1952,candidate_2,candidate_1,candidate_3,3,0.02
1953,candidate_2,candidate_1,candidate_3,3,0.02
1954,candidate_2,candidate_1,candidate_3,3,0.02
1955,candidate_2,candidate_1,candidate_3,3,0.02
1956,candidate_2,candidate_1,candidate_3,3,0.02
1957,candidate_2,candidate_1,candidate_3,3,0.02
1958,candidate_2,candidate_1,0,3,0.02
1959,candidate_2,candidate_1,candidate_3,3,0.02
1960,candidate_2,candidate_1,candidate_3,3,0.02
1961,candidate_2,candidate_1,candidate_3,3,0.02
1962,candidate_2,candidate_1,candidate_3,3,0.02
1963,candidate_2,candidate_1,candidate_3,3,0.02
1964,candidate_2,candidate_1,candidate_3,3,0.02
1965,candidate_2,candidate_1,candidate_3,3,0.02
1966,candidate_2,candidate_1,candidate_3,3,0.02
1967,candidate_2,candidate_1,candidate_3,3,0.02
1968,candidate_2,candidate_1,candidate_3,3,0.02
1969,candidate_2,candidate_1,candidate_3,3,0.02
1970,candidate_2,candidate_1,candidate_3,3,0.02
1971,candidate_2,candidate_1,candidate_3,3,0.02
1972,candidate_2,candidate_1,candidate_3,3,0.02
1973,candidate_2,candidate_1,candidate_3,3,0.02
1974,candidate_2,candidate_1,candidate_3,3,0.02
1975,candidate_2,candidate_1,candidate_3,3,0.02
1976,candidate_2,candidate_1,candidate_3,3,0.02
1977,candidate_2,candidate_1,candidate_3,3,0.02
1978,candidate_2,candidate_1,candidate_3,3,0.02
1979,candidate_2,candidate_1,candidate_3,3,0.02
1980,candidate_2,candidate_1,candidate_3,3,0.02
1981,candidate_2,candidate_1,candidate_3,3,0.02
1982,candidate_2,candidate_1,candidate_3,3,0.02
1983,candidate_2,candidate_1,candidate_3,3,0.02
1984,candidate_2,candidate_1,candidate_3,3,0.02
1985,candidate_2,candidate_1,candidate_3,3,0.02
1986,candidate_2,candidate_1,candidate_3,3,0.02
1987,candidate_2,candidate_1,candidate_3,3,0.02
1988,candidate_2,candidate_1,candidate_3,3,0.02
1989,candidate_2,candidate_1,0,3,0.02
1990,candidate_2,candidate_1,candidate_3,3,0.02
1991,candidate_2,candidate_1,candidate_3,3,0.02
1992,candidate_2,candidate_1,candidate_3,3,0.02
1993,candidate_2,candidate_1,candidate_3,3,0.02
1994,candidate_2,candidate_1,candidate_3,3,0.02
1995,candidate_2,candidate_1,candidate_3,3,0.02
1996,candidate_2,candidate_1,candidate_3,3,0.02
1997,candidate_2,candidate_1,candidate_3,3,0.02
1998,candidate_2,candidate_1,candidate_3,3,0.02
1999,0,candidate_1,candidate_3,3,0.02
2000,candidate_2,candidate_1,candidate_3,3,0.02
2001,candidate_2,candidate_1,candidate_3,3,0.02
2002,candidate_2,candidate_1,candidate_3,3,0.02
2003,candidate_2,candidate_1,candidate_3,3,0.02
2004,candidate_2,candidate_1,candidate_3,3,0.02
2005,candidate_2,candidate_1,candidate_3,3,0.02
2006,candidate_2,candidate_1,candidate_3,3,0.02
2007,candidate_2,candidate_1,candidate_3,3,0.02
2008,candidate_2,candidate_1,candidate_3,3,0.02
2009,candidate_2,candidate_1,candidate_3,3,0.02
2010,candidate_2,candidate_1,candidate_3,3,0.02
2011,candidate_2,0,candidate_3,3,0.02
2012,candidate_2,candidate_1,candidate_3,3,0.02
2013,candidate_2,candidate_1,candidate_3,3,0.02
2014,candidate_2,candidate_1,candidate_3,3,0.02
2015,candidate_2,candidate_1,candidate_3,3,0.02
2016,candidate_2,candidate_1,candidate_3,3,0.02
2017,candidate_2,0,candidate_3,3,0.02
2018,candidate_2,candidate_1,candidate_3,3,0.02
2019,candidate_2,candidate_1,candidate_3,3,0.02
2020,candidate_2,candidate_1,candidate_3,3,0.02
2021,candidate_2,candidate_1,candidate_3,3,0.02
2022,candidate_2,candidate_1,candidate_3,3,0.02
2023,candidate_2,candidate_1,candidate_3,3,0.02
2024,candidate_2,candidate_1,candidate_3,3,0.02
2025,candidate_2,candidate_1,candidate_3,3,0.02
2026,candidate_2,candidate_1,candidate_3,3,0.02
2027,0,candidate_1,candidate_3,3,0.02
2028,candidate_2,candidate_1,candidate_3,3,0.02
2029,candidate_2,candidate_1,candidate_3,3,0.02
2030,candidate_2,candidate_1,candidate_3,3,0.02
2031,candidate_2,candidate_1,candidate_3,3,0.02
2032,candidate_2,candidate_1,candidate_3,3,0.02
2033,candidate_2,candidate_1,candidate_3,3,0.02
2034,candidate_2,candidate_1,candidate_3,3,0.02
2035,candidate_2,candidate_1,candidate_3,3,0.02
2036,candidate_2,candidate_1,candidate_3,3,0.02
2037,candidate_2,candidate_1,candidate_3,3,0.02
2038,candidate_2,candidate_1,candidate_3,3,0.02
2039,candidate_2,candidate_1,candidate_3,3,0.02
2040,candidate_2,candidate_1,candidate_3,3,0.02
2041,candidate_2,candidate_1,candidate_3,3,0.02
2042,candidate_2,candidate_1,candidate_3,3,0.02
2043,candidate_2,candidate_1,candidate_3,3,0.02
2044,candidate_2,candidate_1,candidate_3,3,0.02
2045,candidate_2,candidate_1,candidate_3,3,0.02
2046,candidate_2,candidate_1,candidate_3,3,0.02
2047,candidate_2,candidate_1,candidate_3,3,0.02
2048,candidate_2,candidate_1,candidate_3,3,0.02
2049,candidate_2,candidate_1,candidate_3,3,0.02
2050,candidate_2,0,candidate_3,3,0.02
2051,candidate_2,candidate_1,candidate_3,3,0.02
2052,candidate_2,candidate_1,candidate_3,3,0.02
2053,candidate_2,candidate_1,candidate_3,3,0.02
2054,candidate_2,candidate_1,candidate_3,3,0.02
2055,candidate_2,candidate_1,candidate_3,3,0.02
2056,candidate_2,candidate_1,candidate_3,3,0.02
2057,candidate_2,candidate_1,candidate_3,3,0.02
2058,candidate_2,candidate_1,candidate_3,3,0.02
2059,candidate_2,candidate_1,candidate_3,3,0.02
2060,candidate_2,candidate_1,candidate_3,3,0.02
2061,candidate_2,candidate_1,candidate_3,3,0.02
2062,candidate_2,candidate_1,candidate_3,3,0.02
2063,candidate_2,candidate_1,candidate_3,3,0.02
2064,candidate_2,candidate_1,candidate_3,3,0.02
2065,candidate_2,candidate_1,candidate_3,3,0.02
2066,candidate_2,candidate_1,candidate_3,3,0.02
2067,candidate_2,0,candidate_3,3,0.02
2068,candidate_2,candidate_1,candidate_3,3,0.02
2069,candidate_2,candidate_1,candidate_3,3,0.02
2070,candidate_2,candidate_1,candidate_3,3,0.02
2071,candidate_2,candidate_1,candidate_3,3,0.02
2072,candidate_2,candidate_1,candidate_3,3,0.02
2073,candidate_2,candidate_1,candidate_3,3,0.02
2074,candidate_2,candidate_1,candidate_3,3,0.02
2075,candidate_2,candidate_1,candidate_3,3,0.02
2076,candidate_2,candidate_1,candidate_3,3,0.02
2077,candidate_2,candidate_1,candidate_3,3,0.02
2078,candidate_2,candidate_1,candidate_3,3,0.02
2079,candidate_2,candidate_1,candidate_3,3,0.02
2080,candidate_2,candidate_1,candidate_3,3,0.02
2081,candidate_2,candidate_1,candidate_3,3,0.02
2082,candidate_2,candidate_1,candidate_3,3,0.02
2083,candidate_2,candidate_1,candidate_3,3,0.02
2084,candidate_2,candidate_1,candidate_3,3,0.02
2085,candidate_2,candidate_1,candidate_3,3,0.02
2086,candidate_2,candidate_1,candidate_3,3,0.02
2087,0,candidate_1,candidate_3,3,0.02
2088,candidate_2,candidate_1,candidate_3,3,0.02
2089,candidate_2,candidate_1,candidate_3,3,0.02
2090,candidate_2,candidate_1,candidate_3,3,0.02
2091,candidate_2,candidate_1,candidate_3,3,0.02
2092,candidate_2,candidate_1,candidate_3,3,0.02
2093,candidate_2,candidate_1,0,3,0.02
2094,candidate_2,candidate_1,0,3,0.02
2095,candidate_2,candidate_1,candidate_3,3,0.02
2096,candidate_2,candidate_1,candidate_3,3,0.02
2097,candidate_2,candidate_1,candidate_3,3,0.02
2098,candidate_2,candidate_1,candidate_3,3,0.02
2099,candidate_2,candidate_1,candidate_3,3,0.02
2100,candidate_2,candidate_1,candidate_3,3,0.02
2101,candidate_2,candidate_1,candidate_3,3,0.02
2102,candidate_2,candidate_1,candidate_3,3,0.02
2103,candidate_2,candidate_1,candidate_3,3,0.02
2104,candidate_2,candidate_1,candidate_3,3,0.02
2105,candidate_2,candidate_1,candidate_3,3,0.02
2106,candidate_2,candidate_1,candidate_3,3,0.02
2107,candidate_2,candidate_1,candidate_3,3,0.02
2108,candidate_2,candidate_1,candidate_3,3,0.02
2109,candidate_2,candidate_1,candidate_3,3,0.02
2110,candidate_2,candidate_1,candidate_3,3,0.02
2111,candidate_2,candidate_1,candidate_3,3,0.02
2112,candidate_2,candidate_1,candidate_3,3,0.02
2113,candidate_2,candidate_1,candidate_3,3,0.02
2114,candidate_2,candidate_1,candidate_3,3,0.02
2115,candidate_2,candidate_1,candidate_3,3,0.02
2116,candidate_2,candidate_1,candidate_3,3,0.02
2117,candidate_2,candidate_1,candidate_3,3,0.02
2118,candidate_2,candidate_1,candidate_3,3,0.02
2119,candidate_2,candidate_1,candidate_3,3,0.02
2120,candidate_2,candidate_1,candidate_3,3,0.02
2121,candidate_2,candidate_1,0,3,0.02
2122,candidate_2,candidate_1,candidate_3,3,0.02
2123,candidate_2,candidate_1,candidate_3,3,0.02
2124,candidate_2,candidate_1,candidate_3,3,0.02
2125,candidate_2,candidate_1,candidate_3,3,0.02
2126,candidate_2,candidate_1,candidate_3,3,0.02
2127,candidate_2,candidate_1,candidate_3,3,0.02
2128,candidate_2,candidate_1,candidate_3,3,0.02
2129,candidate_2,candidate_1,candidate_3,3,0.02
2130,candidate_2,candidate_1,candidate_3,3,0.02
2131,candidate_2,candidate_1,candidate_3,3,0.02
2132,candidate_2,candidate_1,candidate_3,3,0.02
2133,candidate_2,candidate_1,candidate_3,3,0.02
2134,candidate_2,candidate_1,candidate_3,3,0.02
2135,candidate_2,candidate_1,candidate_3,3,0.02
2136,candidate_2,candidate_1,candidate_3,3,0.02
2137,candidate_2,candidate_1,candidate_3,3,0.02
2138,candidate_2,candidate_1,candidate_3,3,0.02
2139,candidate_2,candidate_1,candidate_3,3,0.02
2140,candidate_2,candidate_1,candidate_3,3,0.02
2141,candidate_2,candidate_1,candidate_3,3,0.02
2142,candidate_2,candidate_1,candidate_3,3,0.02
2143,candidate_2,candidate_1,candidate_3,3,0.02
2144,candidate_2,candidate_1,candidate_3,3,0.02
2145,candidate_2,candidate_1,candidate_3,3,0.02
2146,candidate_2,candidate_1,candidate_3,3,0.02
2147,candidate_2,candidate_1,candidate_3,3,0.02
2148,candidate_2,candidate_1,candidate_3,3,0.02
2149,candidate_2,candidate_1,candidate_3,3,0.02
2150,candidate_2,candidate_1,candidate_3,3,0.02
2151,candidate_2,candidate_1,candidate_3,3,0.02
2152,candidate_2,candidate_1,candidate_3,3,0.02
2153,candidate_2,candidate_1,candidate_3,3,0.02
2154,candidate_2,candidate_1,candidate_3,3,0.02
2155,candidate_2,candidate_1,candidate_3,3,0.02
2156,candidate_2,candidate_1,candidate_3,3,0.02
2157,candidate_2,0,candidate_3,3,0.02
2158,candidate_2,candidate_1,candidate_3,3,0.02
2159,candidate_2,candidate_1,candidate_3,3,0.02
2160,candidate_2,candidate_1,candidate_3,3,0.02
2161,candidate_2,candidate_1,candidate_3,3,0.02
2162,candidate_2,candidate_1,candidate_3,3,0.02
2163,candidate_2,candidate_1,candidate_3,3,0.02
2164,candidate_2,candidate_1,candidate_3,3,0.02
2165,candidate_2,0,candidate_3,3,0.02
2166,candidate_2,candidate_1,candidate_3,3,0.02
2167,candidate_2,candidate_1,candidate_3,3,0.02
2168,candidate_2,candidate_1,candidate_3,3,0.02
2169,candidate_2,candidate_1,candidate_3,3,0.02
2170,candidate_2,candidate_1,candidate_3,3,0.02
2171,candidate_2,candidate_1,candidate_3,3,0.02
2172,candidate_2,candidate_1,candidate_3,3,0.02
2173,candidate_2,0,candidate_3,3,0.02
2174,candidate_2,candidate_1,candidate_3,3,0.02
2175,candidate_2,candidate_1,candidate_3,3,0.02
2176,candidate_2,candidate_1,candidate_3,3,0.02
2177,candidate_2,candidate_1,candidate_3,3,0.02
2178,candidate_2,candidate_1,candidate_3,3,0.02
2179,candidate_2,candidate_1,candidate_3,3,0.02
2180,candidate_2,candidate_1,candidate_3,3,0.02
2181,candidate_2,candidate_1,candidate_3,3,0.02
2182,candidate_2,candidate_1,candidate_3,3,0.02
2183,candidate_2,candidate_1,candidate_3,3,0.02
2184,candidate_2,candidate_1,candidate_3,3,0.02
2185,candidate_2,candidate_1,candidate_3,3,0.02
2186,candidate_2,candidate_1,candidate_3,3,0.02
2187,candidate_2,candidate_1,0,3,0.02
2188,candidate_2,candidate_1,candidate_3,3,0.02
2189,candidate_2,candidate_1,candidate_3,3,0.02
2190,candidate_2,candidate_1,candidate_3,3,0.02
2191,candidate_2,candidate_1,candidate_3,3,0.02
2192,candidate_2,candidate_1,candidate_3,3,0.02
2193,candidate_2,candidate_1,candidate_3,3,0.02
2194,candidate_2,candidate_1,candidate_3,3,0.02
2195,candidate_2,candidate_1,candidate_3,3,0.02
2196,candidate_2,candidate_1,candidate_3,3,0.02
2197,candidate_2,candidate_1,candidate_3,3,0.02
2198,candidate_2,candidate_1,candidate_3,3,0.02
2199,candidate_2,candidate_1,candidate_3,3,0.02
2200,candidate_2,candidate_1,candidate_3,3,0.02
2201,0,candidate_1,candidate_3,3,0.02
2202,candidate_2,candidate_1,candidate_3,3,0.02
2203,candidate_2,candidate_1,candidate_3,3,0.02
2204,candidate_2,candidate_1,candidate_3,3,0.02
2205,candidate_2,candidate_1,candidate_3,3,0.02
2206,candidate_2,candidate_1,candidate_3,3,0.02
2207,candidate_2,candidate_1,candidate_3,3,0.02
2208,candidate_2,candidate_1,candidate_3,3,0.02
2209,candidate_2,candidate_1,candidate_3,3,0.02
2210,candidate_2,candidate_1,candidate_3,3,0.02
2211,candidate_2,candidate_1,candidate_3,3,0.02
2212,candidate_2,candidate_1,candidate_3,3,0.02
2213,candidate_2,candidate_1,candidate_3,3,0.02
2214,candidate_2,candidate_1,candidate_3,3,0.02
2215,candidate_2,candidate_1,candidate_3,3,0.02
2216,candidate_2,candidate_1,candidate_3,3,0.02
2217,candidate_2,candidate_1,candidate_3,3,0.02
2218,candidate_2,candidate_1,candidate_3,3,0.02
2219,candidate_2,candidate_1,candidate_3,3,0.02
2220,candidate_2,candidate_1,candidate_3,3,0.02
2221,candidate_2,candidate_1,candidate_3,3,0.02
2222,candidate_2,candidate_1,candidate_3,3,0.02
2223,candidate_2,candidate_1,candidate_3,3,0.02
2224,candidate_2,candidate_1,candidate_3,3,0.02
2225,candidate_2,candidate_1,candidate_3,3,0.02
2226,candidate_2,candidate_1,candidate_3,3,0.02
2227,candidate_2,candidate_1,candidate_3,3,0.02
2228,candidate_2,candidate_1,candidate_3,3,0.02
2229,candidate_2,candidate_1,candidate_3,3,0.02
2230,candidate_2,candidate_1,candidate_3,3,0.02
2231,candidate_2,candidate_1,candidate_3,3,0.02
2232,candidate_2,candidate_1,candidate_3,3,0.02
2233,candidate_2,candidate_1,candidate_3,3,0.02
2234,candidate_2,candidate_1,candidate_3,3,0.02
2235,candidate_2,candidate_1,candidate_3,3,0.02
2236,candidate_2,candidate_1,candidate_3,3,0.02
2237,candidate_2,candidate_1,candidate_3,3,0.02
2238,candidate_2,candidate_1,candidate_3,3,0.02
2239,candidate_2,candidate_1,candidate_3,3,0.02
2240,candidate_2,candidate_1,candidate_3,3,0.02
2241,candidate_2,candidate_1,candidate_3,3,0.02
2242,candidate_2,candidate_1,candidate_3,3,0.02
2243,candidate_2,candidate_1,candidate_3,3,0.02
2244,candidate_2,candidate_1,candidate_3,3,0.02
2245,candidate_2,candidate_1,candidate_3,3,0.02
2246,candidate_2,candidate_1,candidate_3,3,0.02
2247,candidate_2,candidate_1,candidate_3,3,0.02
2248,candidate_2,candidate_1,candidate_3,3,0.02
2249,candidate_2,candidate_1,candidate_3,3,0.02
2250,candidate_2,candidate_1,candidate_3,3,0.02
2251,candidate_2,candidate_1,candidate_3,3,0.02
2252,candidate_2,candidate_1,candidate_3,3,0.02
2253,candidate_2,candidate_1,candidate_3,3,0.02
2254,candidate_2,candidate_1,candidate_3,3,0.02
2255,candidate_2,candidate_1,candidate_3,3,0.02
2256,candidate_2,candidate_1,candidate_3,3,0.02
2257,candidate_2,candidate_1,candidate_3,3,0.02
2258,candidate_2,candidate_1,candidate_3,3,0.02
2259,candidate_2,candidate_1,candidate_3,3,0.02
2260,candidate_2,candidate_1,candidate_3,3,0.02
2261,candidate_2,candidate_1,candidate_3,3,0.02
2262,candidate_2,candidate_1,candidate_3,3,0.02
2263,candidate_2,candidate_1,candidate_3,3,0.02
2264,candidate_2,candidate_1,candidate_3,3,0.02
2265,candidate_2,candidate_1,0,3,0.02
2266,candidate_2,candidate_1,candidate_3,3,0.02
2267,candidate_2,candidate_1,candidate_3,3,0.02
2268,candidate_2,candidate_1,candidate_3,3,0.02
2269,candidate_2,candidate_1,candidate_3,3,0.02
2270,candidate_2,candidate_1,candidate_3,3,0.02
2271,candidate_2,0,candidate_3,3,0.02
2272,candidate_2,candidate_1,candidate_3,3,0.02
2273,candidate_2,candidate_1,candidate_3,3,0.02
2274,candidate_2,candidate_1,candidate_3,3,0.02
2275,candidate_2,candidate_1,candidate_3,3,0.02
2276,candidate_2,candidate_1,candidate_3,3,0.02
2277,candidate_2,candidate_1,candidate_3,3,0.02
2278,candidate_2,candidate_1,candidate_3,3,0.02
2279,candidate_2,candidate_1,candidate_3,3,0.02
2280,0,candidate_1,candidate_3,3,0.02
2281,candidate_2,candidate_1,candidate_3,3,0.02
2282,candidate_2,candidate_1,candidate_3,3,0.02
2283,candidate_2,candidate_1,candidate_3,3,0.02
2284,candidate_2,candidate_1,0,3,0.02
2285,candidate_2,candidate_1,candidate_3,3,0.02
2286,candidate_2,candidate_1,candidate_3,3,0.02
2287,candidate_2,candidate_1,candidate_3,3,0.02
2288,candidate_2,candidate_1,0,3,0.02
2289,candidate_2,candidate_1,candidate_3,3,0.02
2290,candidate_2,candidate_1,candidate_3,3,0.02
2291,candidate_2,candidate_1,candidate_3,3,0.02
2292,candidate_2,0,candidate_3,3,0.02
2293,candidate_2,candidate_1,candidate_3,3,0.02
2294,candidate_2,candidate_1,candidate_3,3,0.02
2295,candidate_2,candidate_1,candidate_3,3,0.02
2296,candidate_2,candidate_1,candidate_3,3,0.02
2297,candidate_2,candidate_1,candidate_3,3,0.02
2298,candidate_2,candidate_1,candidate_3,3,0.02
2299,candidate_2,candidate_1,candidate_3,3,0.02
2300,candidate_2,candidate_1,candidate_3,3,0.02
2301,candidate_2,candidate_1,candidate_3,3,0.02
2302,candidate_2,candidate_1,candidate_3,3,0.02
2303,0,candidate_1,candidate_3,3,0.02
2304,candidate_2,candidate_1,candidate_3,3,0.02
2305,candidate_2,candidate_1,candidate_3,3,0.02
2306,candidate_2,candidate_1,candidate_3,3,0.02
2307,candidate_2,candidate_1,candidate_3,3,0.02
2308,candidate_2,candidate_1,candidate_3,3,0.02
2309,candidate_2,candidate_1,candidate_3,3,0.02
2310,0,candidate_1,candidate_3,3,0.02
2311,candidate_2,candidate_1,candidate_3,3,0.02
2312,candidate_2,candidate_1,candidate_3,3,0.02
2313,candidate_2,candidate_1,candidate_3,3,0.02
2314,candidate_2,candidate_1,candidate_3,3,0.02
2315,candidate_2,candidate_1,candidate_3,3,0.02
2316,candidate_2,candidate_1,candidate_3,3,0.02
2317,candidate_2,candidate_1,candidate_3,3,0.02
2318,candidate_2,candidate_1,candidate_3,3,0.02
2319,candidate_2,candidate_1,candidate_3,3,0.02
2320,candidate_2,candidate_1,candidate_3,3,0.02
2321,candidate_2,candidate_1,candidate_3,3,0.02
2322,candidate_2,candidate_1,candidate_3,3,0.02
2323,candidate_2,candidate_1,candidate_3,3,0.02
2324,candidate_2,candidate_1,candidate_3,3,0.02
2325,candidate_2,candidate_1,candidate_3,3,0.02
2326,candidate_2,candidate_1,candidate_3,3,0.02
2327,candidate_2,candidate_1,candidate_3,3,0.02
2328,candidate_2,candidate_1,0,3,0.02
2329,candidate_2,candidate_1,0,3,0.02
2330,candidate_2,candidate_1,candidate_3,3,0.02
2331,candidate_2,candidate_1,candidate_3,3,0.02
2332,candidate_2,candidate_1,candidate_3,3,0.02
2333,candidate_2,candidate_1,candidate_3,3,0.02
2334,candidate_2,candidate_1,candidate_3,3,0.02
2335,candidate_2,candidate_1,candidate_3,3,0.02
2336,candidate_2,candidate_1,candidate_3,3,0.02
2337,candidate_2,candidate_1,candidate_3,3,0.02
2338,candidate_2,candidate_1,candidate_3,3,0.02
2339,candidate_2,candidate_1,candidate_3,3,0.02
2340,candidate_2,candidate_1,candidate_3,3,0.02
2341,candidate_2,candidate_1,candidate_3,3,0.02
2342,candidate_2,candidate_1,candidate_3,3,0.02
2343,candidate_2,candidate_1,candidate_3,3,0.02
2344,candidate_2,candidate_1,candidate_3,3,0.02
2345,candidate_2,candidate_1,candidate_3,3,0.02
2346,candidate_2,candidate_1,candidate_3,3,0.02
2347,candidate_2,candidate_1,candidate_3,3,0.02
2348,candidate_2,0,candidate_3,3,0.02
2349,candidate_2,candidate_1,candidate_3,3,0.02
2350,candidate_2,candidate_1,candidate_3,3,0.02
2351,candidate_2,candidate_1,candidate_3,3,0.02
2352,candidate_2,candidate_1,candidate_3,3,0.02
2353,candidate_2,candidate_1,candidate_3,3,0.02
2354,candidate_2,candidate_1,candidate_3,3,0.02
2355,candidate_2,candidate_1,candidate_3,3,0.02
2356,candidate_2,candidate_1,candidate_3,3,0.02
2357,candidate_2,candidate_1,candidate_3,3,0.02
2358,0,candidate_1,candidate_3,3,0.02
2359,candidate_2,candidate_1,candidate_3,3,0.02
2360,candidate_2,candidate_1,candidate_3,3,0.02
2361,candidate_2,candidate_1,candidate_3,3,0.02
2362,candidate_2,candidate_1,candidate_3,3,0.02
2363,candidate_2,candidate_1,candidate_3,3,0.02
2364,candidate_2,candidate_1,candidate_3,3,0.02
2365,candidate_2,candidate_1,candidate_3,3,0.02
2366,candidate_2,candidate_1,candidate_3,3,0.02
2367,candidate_2,candidate_1,candidate_3,3,0.02
2368,candidate_2,candidate_1,candidate_3,3,0.02
2369,candidate_2,candidate_1,candidate_3,3,0.02
2370,candidate_2,candidate_1,candidate_3,3,0.02
2371,candidate_2,candidate_1,candidate_3,3,0.02
2372,candidate_2,candidate_1,candidate_3,3,0.02
2373,candidate_2,candidate_1,candidate_3,3,0.02
2374,candidate_2,candidate_1,0,3,0.02
2375,candidate_2,candidate_1,candidate_3,3,0.02
2376,candidate_2,candidate_1,candidate_3,3,0.02
2377,candidate_2,candidate_1,candidate_3,3,0.02
2378,candidate_2,candidate_1,candidate_3,3,0.02
2379,candidate_2,candidate_1,candidate_3,3,0.02
2380,candidate_2,candidate_1,candidate_3,3,0.02
2381,candidate_2,candidate_1,candidate_3,3,0.02
2382,candidate_2,candidate_1,candidate_3,3,0.02
2383,candidate_2,candidate_1,candidate_3,3,0.02
2384,candidate_2,candidate_1,candidate_3,3,0.02
2385,candidate_2,candidate_1,candidate_3,3,0.02
2386,candidate_2,candidate_1,candidate_3,3,0.02
2387,candidate_2,candidate_1,candidate_3,3,0.02
2388,candidate_2,candidate_1,candidate_3,3,0.02
2389,candidate_2,candidate_1,candidate_3,3,0.02
2390,candidate_2,candidate_1,candidate_3,3,0.02
2391,candidate_2,candidate_1,candidate_3,3,0.02
2392,candidate_2,candidate_1,candidate_3,3,0.02
2393,candidate_2,candidate_1,candidate_3,3,0.02
2394,candidate_2,candidate_1,candidate_3,3,0.02
2395,candidate_2,candidate_1,candidate_3,3,0.02
2396,candidate_2,candidate_1,candidate_3,3,0.02
2397,candidate_2,candidate_1,candidate_3,3,0.02
2398,0,candidate_1,candidate_3,3,0.02
2399,candidate_2,candidate_1,candidate_3,3,0.02
2400,candidate_2,candidate_1,candidate_3,3,0.02
2401,candidate_2,candidate_1,candidate_3,3,0.02
2402,candidate_2,candidate_1,candidate_3,3,0.02
2403,candidate_2,candidate_1,candidate_3,3,0.02
2404,candidate_2,candidate_1,candidate_3,3,0.02
2405,candidate_2,candidate_1,0,3,0.02
2406,candidate_2,candidate_1,candidate_3,3,0.02
2407,candidate_2,candidate_1,candidate_3,3,0.02
2408,candidate_2,candidate_1,candidate_3,3,0.02
2409,candidate_2,candidate_1,candidate_3,3,0.02
2410,candidate_2,candidate_1,candidate_3,3,0.02
2411,candidate_2,candidate_1,candidate_3,3,0.02
2412,candidate_2,candidate_1,candidate_3,3,0.02
2413,candidate_2,candidate_1,candidate_3,3,0.02
2414,candidate_2,candidate_1,candidate_3,3,0.02
2415,candidate_2,candidate_1,candidate_3,3,0.02
2416,candidate_2,candidate_1,candidate_3,3,0.02
2417,candidate_2,candidate_1,candidate_3,3,0.02
2418,candidate_2,candidate_1,candidate_3,3,0.02
2419,candidate_2,candidate_1,candidate_3,3,0.02
2420,candidate_2,candidate_1,candidate_3,3,0.02
2421,candidate_2,candidate_1,candidate_3,3,0.02
2422,candidate_2,candidate_1,candidate_3,3,0.02
2423,candidate_2,candidate_1,candidate_3,3,0.02
2424,candidate_2,candidate_1,0,3,0.02
2425,candidate_2,candidate_1,candidate_3,3,0.02
2426,candidate_2,candidate_1,candidate_3,3,0.02
2427,candidate_2,candidate_1,candidate_3,3,0.02
2428,candidate_2,candidate_1,candidate_3,3,0.02
2429,candidate_2,candidate_1,candidate_3,3,0.02
2430,candidate_2,candidate_1,candidate_3,3,0.02
2431,candidate_2,candidate_1,candidate_3,3,0.02
2432,candidate_2,candidate_1,candidate_3,3,0.02
2433,candidate_2,candidate_1,candidate_3,3,0.02
2434,candidate_2,candidate_1,candidate_3,3,0.02
2435,candidate_2,0,candidate_3,3,0.02
2436,candidate_2,candidate_1,candidate_3,3,0.02
2437,candidate_2,candidate_1,candidate_3,3,0.02
2438,candidate_2,candidate_1,candidate_3,3,0.02
2439,candidate_2,candidate_1,candidate_3,3,0.02
2440,candidate_2,candidate_1,candidate_3,3,0.02
2441,0,candidate_1,candidate_3,3,0.02
2442,candidate_2,candidate_1,candidate_3,3,0.02
2443,candidate_2,candidate_1,candidate_3,3,0.02
2444,candidate_2,candidate_1,candidate_3,3,0.02
2445,candidate_2,candidate_1,candidate_3,3,0.02
2446,candidate_2,candidate_1,candidate_3,3,0.02
2447,candidate_2,candidate_1,candidate_3,3,0.02
2448,candidate_2,candidate_1,candidate_3,3,0.02
2449,candidate_2,candidate_1,candidate_3,3,0.02
2450,candidate_2,candidate_1,candidate_3,3,0.02
2451,candidate_2,candidate_1,candidate_3,3,0.02
2452,candidate_2,candidate_1,candidate_3,3,0.02
2453,candidate_2,candidate_1,candidate_3,3,0.02
2454,candidate_2,candidate_1,candidate_3,3,0.02
2455,candidate_2,candidate_1,candidate_3,3,0.02
2456,candidate_2,candidate_1,candidate_3,3,0.02
2457,candidate_2,candidate_1,candidate_3,3,0.02
2458,candidate_2,candidate_1,candidate_3,3,0.02
2459,candidate_2,candidate_1,candidate_3,3,0.02
2460,candidate_2,candidate_1,candidate_3,3,0.02
2461,candidate_2,0,candidate_3,3,0.02
2462,candidate_2,candidate_1,candidate_3,3,0.02
2463,candidate_2,candidate_1,candidate_3,3,0.02
2464,candidate_2,candidate_1,candidate_3,3,0.02
2465,candidate_2,candidate_1,candidate_3,3,0.02
2466,candidate_2,candidate_1,candidate_3,3,0.02
2467,candidate_2,candidate_1,candidate_3,3,0.02
2468,candidate_2,candidate_1,candidate_3,3,0.02
2469,candidate_2,candidate_1,candidate_3,3,0.02
2470,candidate_2,candidate_1,candidate_3,3,0.02
2471,candidate_2,candidate_1,candidate_3,3,0.02
2472,candidate_2,candidate_1,candidate_3,3,0.02
2473,candidate_2,candidate_1,candidate_3,3,0.02
2474,candidate_2,candidate_1,candidate_3,3,0.02
2475,candidate_2,candidate_1,candidate_3,3,0.02
2476,candidate_2,candidate_1,candidate_3,3,0.02
2477,candidate_2,candidate_1,candidate_3,3,0.02
2478,candidate_2,candidate_1,candidate_3,3,0.02
2479,candidate_2,candidate_1,candidate_3,3,0.02
2480,candidate_2,candidate_1,candidate_3,3,0.02
2481,candidate_2,candidate_1,candidate_3,3,0.02
2482,candidate_2,candidate_1,candidate_3,3,0.02
2483,candidate_2,candidate_1,candidate_3,3,0.02
2484,candidate_2,candidate_1,candidate_3,3,0.02
2485,candidate_2,candidate_1,candidate_3,3,0.02
2486,candidate_2,candidate_1,candidate_3,3,0.02
2487,candidate_2,candidate_1,candidate_3,3,0.02
2488,candidate_2,candidate_1,candidate_3,3,0.02
2489,candidate_2,candidate_1,candidate_3,3,0.02
2490,candidate_2,candidate_1,candidate_3,3,0.02
2491,candidate_2,candidate_1,candidate_3,3,0.02
2492,candidate_2,candidate_1,candidate_3,3,0.02
2493,candidate_2,candidate_1,candidate_3,3,0.02
2494,candidate_2,candidate_1,candidate_3,3,0.02
2495,candidate_2,candidate_1,candidate_3,3,0.02
2496,candidate_2,candidate_1,candidate_3,3,0.02
2497,candidate_2,candidate_1,candidate_3,3,0.02
2498,candidate_2,candidate_1,candidate_3,3,0.02
2499,candidate_2,candidate_1,candidate_3,3,0.02
2500,candidate_2,candidate_1,candidate_3,3,0.02
2501,candidate_2,candidate_1,candidate_3,3,0.02
2502,candidate_2,candidate_1,candidate_3,3,0.02
2503,candidate_2,0,0,3,0.02
2504,candidate_2,candidate_1,candidate_3,3,0.02
2505,candidate_2,candidate_1,candidate_3,3,0.02
2506,candidate_2,candidate_1,candidate_3,3,0.02
2507,candidate_2,candidate_1,candidate_3,3,0.02
2508,candidate_2,candidate_1,candidate_3,3,0.02
2509,candidate_2,candidate_1,candidate_3,3,0.02
2510,candidate_2,candidate_1,candidate_3,3,0.02
2511,candidate_2,candidate_1,candidate_3,3,0.02
2512,candidate_2,candidate_1,candidate_3,3,0.02
2513,candidate_2,candidate_1,candidate_3,3,0.02
2514,candidate_2,candidate_1,candidate_3,3,0.02
2515,candidate_2,candidate_1,candidate_3,3,0.02
2516,candidate_2,0,candidate_3,3,0.02
2517,candidate_2,candidate_1,candidate_3,3,0.02
2518,candidate_2,candidate_1,candidate_3,3,0.02
2519,candidate_2,candidate_1,candidate_3,3,0.02
2520,candidate_2,candidate_1,candidate_3,3,0.02
2521,candidate_2,candidate_1,candidate_3,3,0.02
2522,candidate_2,candidate_1,candidate_3,3,0.02
2523,candidate_2,candidate_1,candidate_3,3,0.02
2524,candidate_2,candidate_1,candidate_3,3,0.02
2525,candidate_2,candidate_1,candidate_3,3,0.02
2526,candidate_2,candidate_1,candidate_3,3,0.02
2527,candidate_2,candidate_1,candidate_3,3,0.02
2528,candidate_2,candidate_1,candidate_3,3,0.02
2529,candidate_2,candidate_1,candidate_3,3,0.02
2530,candidate_2,candidate_1,candidate_3,3,0.02
2531,candidate_2,candidate_1,candidate_3,3,0.02
2532,candidate_2,candidate_1,candidate_3,3,0.02
2533,candidate_2,candidate_1,candidate_3,3,0.02
2534,candidate_2,candidate_1,candidate_3,3,0.02
2535,candidate_2,candidate_1,candidate_3,3,0.02
2536,candidate_2,candidate_1,candidate_3,3,0.02
2537,candidate_2,candidate_1,candidate_3,3,0.02
2538,candidate_2,candidate_1,candidate_3,3,0.02
2539,candidate_2,candidate_1,candidate_3,3,0.02
2540,candidate_2,candidate_1,0,3,0.02
2541,candidate_2,candidate_1,candidate_3,3,0.02
2542,candidate_2,candidate_1,candidate_3,3,0.02
2543,candidate_2,candidate_1,candidate_3,3,0.02
2544,candidate_2,candidate_1,candidate_3,3,0.02
2545,candidate_2,candidate_1,candidate_3,3,0.02
2546,candidate_2,candidate_1,candidate_3,3,0.02
2547,candidate_2,candidate_1,candidate_3,3,0.02
2548,candidate_2,candidate_1,candidate_3,3,0.02
2549,candidate_2,candidate_1,candidate_3,3,0.02
2550,candidate_2,0,candidate_3,3,0.02
2551,candidate_2,candidate_1,candidate_3,3,0.02
2552,candidate_2,candidate_1,candidate_3,3,0.02
2553,candidate_2,candidate_1,candidate_3,3,0.02
2554,candidate_2,candidate_1,candidate_3,3,0.02
2555,candidate_2,candidate_1,candidate_3,3,0.02
2556,candidate_2,candidate_1,candidate_3,3,0.02
2557,candidate_2,candidate_1,candidate_3,3,0.02
2558,candidate_2,candidate_1,candidate_3,3,0.02
2559,candidate_2,candidate_1,candidate_3,3,0.02
2560,candidate_2,candidate_1,candidate_3,3,0.02
2561,candidate_2,candidate_1,candidate_3,3,0.02
2562,candidate_2,candidate_1,candidate_3,3,0.02
2563,candidate_2,candidate_1,candidate_3,3,0.02
2564,candidate_2,candidate_1,candidate_3,3,0.02
2565,candidate_2,candidate_1,candidate_3,3,0.02
2566,candidate_2,candidate_1,candidate_3,3,0.02
2567,candidate_2,candidate_1,candidate_3,3,0.02
2568,candidate_2,candidate_1,candidate_3,3,0.02
2569,candidate_2,candidate_1,candidate_3,3,0.02
2570,candidate_2,candidate_1,candidate_3,3,0.02
2571,candidate_2,candidate_1,candidate_3,3,0.02
2572,candidate_2,candidate_1,candidate_3,3,0.02
2573,candidate_2,candidate_1,candidate_3,3,0.02
2574,candidate_2,candidate_1,candidate_3,3,0.02
2575,candidate_2,candidate_1,candidate_3,3,0.02
2576,candidate_2,candidate_1,candidate_3,3,0.02
2577,candidate_2,candidate_1,candidate_3,3,0.02
2578,candidate_2,candidate_1,candidate_3,3,0.02
2579,candidate_2,candidate_1,candidate_3,3,0.02
2580,candidate_2,candidate_1,0,3,0.02
2581,candidate_2,candidate_1,candidate_3,3,0.02
2582,candidate_2,candidate_1,candidate_3,3,0.02
2583,candidate_2,candidate_1,candidate_3,3,0.02
2584,candidate_2,0,candidate_3,3,0.02
2585,candidate_2,candidate_1,candidate_3,3,0.02
2586,candidate_2,candidate_1,candidate_3,3,0.02
2587,candidate_2,candidate_1,candidate_3,3,0.02
2588,0,candidate_1,candidate_3,3,0.02
2589,candidate_2,candidate_1,candidate_3,3,0.02
2590,candidate_2,candidate_1,candidate_3,3,0.02
2591,candidate_2,candidate_1,candidate_3,3,0.02
2592,candidate_2,candidate_1,candidate_3,3,0.02
2593,candidate_2,candidate_1,candidate_3,3,0.02
2594,candidate_2,candidate_1,candidate_3,3,0.02
2595,0,candidate_1,candidate_3,3,0.02
2596,candidate_2,candidate_1,candidate_3,3,0.02
2597,candidate_2,candidate_1,candidate_3,3,0.02
2598,candidate_2,candidate_1,candidate_3,3,0.02
2599,candidate_2,candidate_1,candidate_3,3,0.02
2600,candidate_2,candidate_1,candidate_3,3,0.02
2601,candidate_2,candidate_1,candidate_3,3,0.02
2602,candidate_2,candidate_1,candidate_3,3,0.02
2603,candidate_2,candidate_1,candidate_3,3,0.02
2604,candidate_2,candidate_1,candidate_3,3,0.02
2605,candidate_2,candidate_1,candidate_3,3,0.02
2606,candidate_2,candidate_1,candidate_3,3,0.02
2607,candidate_2,candidate_1,candidate_3,3,0.02
2608,candidate_2,candidate_1,candidate_3,3,0.02
2609,candidate_2,candidate_1,candidate_3,3,0.02
2610,candidate_2,candidate_1,candidate_3,3,0.02
2611,candidate_2,candidate_1,candidate_3,3,0.02
2612,candidate_2,candidate_1,candidate_3,3,0.02
2613,candidate_2,candidate_1,candidate_3,3,0.02
2614,candidate_2,candidate_1,candidate_3,3,0.02
2615,candidate_2,candidate_1,candidate_3,3,0.02
2616,candidate_2,candidate_1,candidate_3,3,0.02
2617,candidate_2,candidate_1,candidate_3,3,0.02
2618,candidate_2,candidate_1,candidate_3,3,0.02
2619,candidate_2,candidate_1,candidate_3,3,0.02
2620,candidate_2,candidate_1,candidate_3,3,0.02
2621,candidate_2,candidate_1,candidate_3,3,0.02
2622,candidate_2,candidate_1,candidate_3,3,0.02
2623,candidate_2,candidate_1,candidate_3,3,0.02
2624,candidate_2,candidate_1,0,3,0.02
2625,candidate_2,candidate_1,candidate_3,3,0.02
2626,candidate_2,candidate_1,candidate_3,3,0.02
2627,candidate_2,candidate_1,candidate_3,3,0.02
2628,0,candidate_1,candidate_3,3,0.02
2629,candidate_2,candidate_1,candidate_3,3,0.02
2630,candidate_2,candidate_1,candidate_3,3,0.02
2631,candidate_2,candidate_1,candidate_3,3,0.02
2632,candidate_2,candidate_1,candidate_3,3,0.02
2633,candidate_2,candidate_1,candidate_3,3,0.02
2634,candidate_2,candidate_1,candidate_3,3,0.02
2635,candidate_2,candidate_1,candidate_3,3,0.02
2636,candidate_2,candidate_1,candidate_3,3,0.02
2637,candidate_2,candidate_1,candidate_3,3,0.02
2638,candidate_2,candidate_1,candidate_3,3,0.02
2639,candidate_2,candidate_1,candidate_3,3,0.02
2640,candidate_2,candidate_1,candidate_3,3,0.02
2641,candidate_2,candidate_1,candidate_3,3,0.02
2642,candidate_2,candidate_1,candidate_3,3,0.02
2643,candidate_2,candidate_1,candidate_3,3,0.02
2644,candidate_2,candidate_1,candidate_3,3,0.02
2645,candidate_2,candidate_1,candidate_3,3,0.02
2646,candidate_2,candidate_1,candidate_3,3,0.02
2647,candidate_2,candidate_1,candidate_3,3,0.02
2648,candidate_2,candidate_1,candidate_3,3,0.02
2649,candidate_2,candidate_1,candidate_3,3,0.02
2650,candidate_2,candidate_1,candidate_3,3,0.02
2651,candidate_2,candidate_1,candidate_3,3,0.02
2652,candidate_2,candidate_1,candidate_3,3,0.02
2653,candidate_2,candidate_1,candidate_3,3,0.02
2654,candidate_2,candidate_1,candidate_3,3,0.02
2655,candidate_2,candidate_1,candidate_3,3,0.02
2656,candidate_2,candidate_1,candidate_3,3,0.02
2657,candidate_2,candidate_1,candidate_3,3,0.02
2658,candidate_2,candidate_1,candidate_3,3,0.02
2659,candidate_2,candidate_1,candidate_3,3,0.02
2660,candidate_2,candidate_1,candidate_3,3,0.02
2661,candidate_2,candidate_1,candidate_3,3,0.02
2662,candidate_2,candidate_1,candidate_3,3,0.02
2663,candidate_2,candidate_1,candidate_3,3,0.02
2664,candidate_2,candidate_1,candidate_3,3,0.02
2665,candidate_2,candidate_1,candidate_3,3,0.02
2666,candidate_2,candidate_1,candidate_3,3,0.02
2667,candidate_2,candidate_1,candidate_3,3,0.02
2668,candidate_2,candidate_1,candidate_3,3,0.02
2669,candidate_2,candidate_1,candidate_3,3,0.02
2670,candidate_2,candidate_1,candidate_3,3,0.02
2671,candidate_2,candidate_1,candidate_3,3,0.02
2672,candidate_2,candidate_1,candidate_3,3,0.02
2673,candidate_2,candidate_1,candidate_3,3,0.02
2674,candidate_2,candidate_1,candidate_3,3,0.02
2675,candidate_2,candidate_1,candidate_3,3,0.02
2676,candidate_2,candidate_1,candidate_3,3,0.02
2677,candidate_2,candidate_1,candidate_3,3,0.02
2678,candidate_2,candidate_1,candidate_3,3,0.02
2679,candidate_2,candidate_1,candidate_3,3,0.02
2680,candidate_2,candidate_1,candidate_3,3,0.02
2681,candidate_2,candidate_1,candidate_3,3,0.02
2682,candidate_2,candidate_1,candidate_3,3,0.02
2683,candidate_2,candidate_1,candidate_3,3,0.02
2684,candidate_2,candidate_1,candidate_3,3,0.02
2685,candidate_2,candidate_1,candidate_3,3,0.02
2686,candidate_2,candidate_1,candidate_3,3,0.02
2687,candidate_2,candidate_1,candidate_3,3,0.02
2688,candidate_2,candidate_1,candidate_3,3,0.02
2689,candidate_2,candidate_1,candidate_3,3,0.02
2690,candidate_2,candidate_1,candidate_3,3,0.02
2691,candidate_2,candidate_1,candidate_3,3,0.02
2692,candidate_2,candidate_1,candidate_3,3,0.02
2693,candidate_2,candidate_1,candidate_3,3,0.02
2694,candidate_2,candidate_1,candidate_3,3,0.02
2695,candidate_2,candidate_1,candidate_3,3,0.02
2696,0,candidate_1,candidate_3,3,0.02
2697,candidate_2,candidate_1,candidate_3,3,0.02
2698,candidate_2,candidate_1,candidate_3,3,0.02
2699,candidate_2,candidate_1,candidate_3,3,0.02
2700,candidate_2,candidate_1,candidate_3,3,0.02
2701,candidate_2,candidate_1,candidate_3,3,0.02
2702,candidate_2,candidate_1,candidate_3,3,0.02
2703,candidate_2,candidate_1,candidate_3,3,0.02
2704,candidate_2,candidate_1,candidate_3,3,0.02
2705,candidate_2,candidate_1,candidate_3,3,0.02
2706,candidate_2,candidate_1,candidate_3,3,0.02
2707,candidate_2,candidate_1,candidate_3,3,0.02
2708,candidate_2,candidate_1,candidate_3,3,0.02
2709,candidate_2,candidate_1,candidate_3,3,0.02
2710,candidate_2,candidate_1,candidate_3,3,0.02
2711,candidate_2,candidate_1,candidate_3,3,0.02
2712,candidate_2,candidate_1,candidate_3,3,0.02
2713,candidate_2,candidate_1,candidate_3,3,0.02
2714,candidate_2,candidate_1,candidate_3,3,0.02
2715,candidate_2,candidate_1,candidate_3,3,0.02
2716,candidate_2,candidate_1,candidate_3,3,0.02
2717,candidate_2,candidate_1,candidate_3,3,0.02
2718,candidate_2,candidate_1,candidate_3,3,0.02
2719,candidate_2,candidate_1,candidate_3,3,0.02
2720,candidate_2,0,candidate_3,3,0.02
2721,candidate_2,candidate_1,candidate_3,3,0.02
2722,candidate_2,candidate_1,candidate_3,3,0.02
2723,candidate_2,candidate_1,candidate_3,3,0.02
2724,candidate_2,candidate_1,candidate_3,3,0.02
2725,candidate_2,candidate_1,candidate_3,3,0.02
2726,candidate_2,candidate_1,candidate_3,3,0.02
2727,candidate_2,candidate_1,candidate_3,3,0.02
2728,candidate_2,candidate_1,candidate_3,3,0.02
2729,candidate_2,candidate_1,candidate_3,3,0.02
2730,candidate_2,candidate_1,candidate_3,3,0.02
2731,candidate_2,candidate_1,candidate_3,3,0.02
2732,candidate_2,candidate_1,candidate_3,3,0.02
2733,candidate_2,candidate_1,candidate_3,3,0.02
2734,candidate_2,candidate_1,candidate_3,3,0.02
2735,candidate_2,candidate_1,candidate_3,3,0.02
2736,candidate_2,candidate_1,candidate_3,3,0.02
2737,candidate_2,candidate_1,candidate_3,3,0.02
2738,candidate_2,0,candidate_3,3,0.02
2739,0,candidate_1,candidate_3,3,0.02
2740,candidate_2,candidate_1,candidate_3,3,0.02
2741,candidate_2,candidate_1,candidate_3,3,0.02
2742,candidate_2,candidate_1,candidate_3,3,0.02
2743,candidate_2,candidate_1,candidate_3,3,0.02
2744,candidate_2,candidate_1,candidate_3,3,0.02
2745,candidate_2,candidate_1,candidate_3,3,0.02
2746,candidate_2,candidate_1,candidate_3,3,0.02
2747,candidate_2,candidate_1,candidate_3,3,0.02
2748,candidate_2,candidate_1,candidate_3,3,0.02
2749,candidate_2,candidate_1,candidate_3,3,0.02
2750,candidate_2,candidate_1,candidate_3,3,0.02
2751,candidate_2,candidate_1,candidate_3,3,0.02
2752,candidate_2,candidate_1,candidate_3,3,0.02
2753,candidate_2,candidate_1,candidate_3,3,0.02
2754,candidate_2,candidate_1,candidate_3,3,0.02
2755,candidate_2,0,candidate_3,3,0.02
2756,candidate_2,candidate_1,candidate_3,3,0.02
2757,candidate_2,candidate_1,candidate_3,3,0.02
2758,candidate_2,candidate_1,candidate_3,3,0.02
2759,candidate_2,candidate_1,candidate_3,3,0.02
2760,candidate_2,candidate_1,candidate_3,3,0.02
2761,candidate_2,candidate_1,candidate_3,3,0.02
2762,candidate_2,candidate_1,candidate_3,3,0.02
2763,candidate_2,candidate_1,candidate_3,3,0.02
2764,candidate_2,candidate_1,candidate_3,3,0.02
2765,candidate_2,candidate_1,candidate_3,3,0.02
2766,candidate_2,candidate_1,candidate_3,3,0.02
2767,candidate_2,candidate_1,candidate_3,3,0.02
2768,candidate_2,candidate_1,candidate_3,3,0.02
2769,candidate_2,candidate_1,candidate_3,3,0.02
2770,candidate_2,candidate_1,candidate_3,3,0.02
2771,candidate_2,candidate_1,candidate_3,3,0.02
2772,candidate_2,candidate_1,candidate_3,3,0.02
2773,candidate_2,candidate_1,candidate_3,3,0.02
2774,candidate_2,candidate_1,candidate_3,3,0.02
2775,candidate_2,candidate_1,candidate_3,3,0.02
2776,candidate_2,candidate_1,candidate_3,3,0.02
2777,candidate_2,candidate_1,candidate_3,3,0.02
2778,candidate_2,0,candidate_3,3,0.02
2779,candidate_2,candidate_1,candidate_3,3,0.02
2780,candidate_2,candidate_1,candidate_3,3,0.02
2781,candidate_2,candidate_1,candidate_3,3,0.02
2782,candidate_2,candidate_1,candidate_3,3,0.02
2783,candidate_2,candidate_1,candidate_3,3,0.02
2784,candidate_2,candidate_1,candidate_3,3,0.02
2785,candidate_2,candidate_1,candidate_3,3,0.02
2786,candidate_2,candidate_1,candidate_3,3,0.02
2787,candidate_2,candidate_1,candidate_3,3,0.02
2788,candidate_2,candidate_1,candidate_3,3,0.02
2789,candidate_2,candidate_1,candidate_3,3,0.02
2790,candidate_2,candidate_1,candidate_3,3,0.02
2791,candidate_2,candidate_1,candidate_3,3,0.02
2792,candidate_2,candidate_1,candidate_3,3,0.02
2793,candidate_2,candidate_1,candidate_3,3,0.02
2794,candidate_2,candidate_1,candidate_3,3,0.02
2795,candidate_2,candidate_1,candidate_3,3,0.02
2796,candidate_2,candidate_1,candidate_3,3,0.02
2797,candidate_2,candidate_1,candidate_3,3,0.02
2798,candidate_2,candidate_1,candidate_3,3,0.02
2799,candidate_2,candidate_1,candidate_3,3,0.02
2800,candidate_2,candidate_1,candidate_3,3,0.02
2801,candidate_2,candidate_1,candidate_3,3,0.02
2802,candidate_2,candidate_1,candidate_3,3,0.02
2803,0,candidate_1,candidate_3,3,0.02
2804,candidate_2,candidate_1,candidate_3,3,0.02
2805,candidate_2,candidate_1,candidate_3,3,0.02
2806,candidate_2,candidate_1,candidate_3,3,0.02
2807,candidate_2,candidate_1,candidate_3,3,0.02
2808,candidate_2,candidate_1,candidate_3,3,0.02
2809,candidate_2,candidate_1,candidate_3,3,0.02
2810,candidate_2,candidate_1,candidate_3,3,0.02
2811,candidate_2,0,candidate_3,3,0.02
2812,candidate_2,candidate_1,candidate_3,3,0.02
2813,candidate_2,candidate_1,candidate_3,3,0.02
2814,candidate_2,0,candidate_3,3,0.02
2815,candidate_2,candidate_1,candidate_3,3,0.02
2816,candidate_2,candidate_1,candidate_3,3,0.02
2817,candidate_2,candidate_1,candidate_3,3,0.02
2818,candidate_2,candidate_1,candidate_3,3,0.02
2819,candidate_2,candidate_1,candidate_3,3,0.02
2820,candidate_2,candidate_1,candidate_3,3,0.02
2821,candidate_2,candidate_1,candidate_3,3,0.02
2822,candidate_2,candidate_1,candidate_3,3,0.02
2823,candidate_2,candidate_1,candidate_3,3,0.02
2824,candidate_2,candidate_1,candidate_3,3,0.02
2825,candidate_2,candidate_1,candidate_3,3,0.02
2826,candidate_2,candidate_1,0,3,0.02
2827,candidate_2,candidate_1,candidate_3,3,0.02
2828,candidate_2,candidate_1,candidate_3,3,0.02
2829,candidate_2,candidate_1,candidate_3,3,0.02
2830,candidate_2,candidate_1,candidate_3,3,0.02
2831,candidate_2,0,candidate_3,3,0.02
2832,candidate_2,0,candidate_3,3,0.02
2833,candidate_2,candidate_1,candidate_3,3,0.02
2834,candidate_2,candidate_1,candidate_3,3,0.02
2835,candidate_2,candidate_1,candidate_3,3,0.02
2836,candidate_2,candidate_1,candidate_3,3,0.02
2837,candidate_2,candidate_1,candidate_3,3,0.02
2838,candidate_2,candidate_1,candidate_3,3,0.02
2839,candidate_2,candidate_1,candidate_3,3,0.02
2840,candidate_2,candidate_1,0,3,0.02
2841,candidate_2,candidate_1,candidate_3,3,0.02
2842,candidate_2,candidate_1,candidate_3,3,0.02
2843,candidate_2,candidate_1,candidate_3,3,0.02
2844,candidate_2,candidate_1,candidate_3,3,0.02
2845,candidate_2,candidate_1,candidate_3,3,0.02
2846,candidate_2,candidate_1,candidate_3,3,0.02
2847,candidate_2,candidate_1,candidate_3,3,0.02
2848,candidate_2,candidate_1,candidate_3,3,0.02
2849,0,candidate_1,0,3,0.02
2850,candidate_2,candidate_1,candidate_3,3,0.02
2851,candidate_2,candidate_1,candidate_3,3,0.02
2852,candidate_2,candidate_1,candidate_3,3,0.02
2853,candidate_2,candidate_1,candidate_3,3,0.02
2854,candidate_2,candidate_1,candidate_3,3,0.02
2855,candidate_2,candidate_1,candidate_3,3,0.02
2856,candidate_2,candidate_1,candidate_3,3,0.02
2857,candidate_2,candidate_1,candidate_3,3,0.02
2858,candidate_2,candidate_1,candidate_3,3,0.02
2859,candidate_2,candidate_1,candidate_3,3,0.02
2860,candidate_2,candidate_1,candidate_3,3,0.02
2861,candidate_2,candidate_1,candidate_3,3,0.02
2862,candidate_2,candidate_1,candidate_3,3,0.02
2863,candidate_2,candidate_1,candidate_3,3,0.02
2864,candidate_2,candidate_1,candidate_3,3,0.02
2865,candidate_2,candidate_1,candidate_3,3,0.02
2866,candidate_2,candidate_1,candidate_3,3,0.02
2867,candidate_2,candidate_1,candidate_3,3,0.02
2868,candidate_2,candidate_1,0,3,0.02
2869,candidate_2,candidate_1,candidate_3,3,0.02
2870,candidate_2,candidate_1,candidate_3,3,0.02
2871,candidate_2,candidate_1,candidate_3,3,0.02
2872,candidate_2,candidate_1,candidate_3,3,0.02
2873,0,candidate_1,candidate_3,3,0.02
2874,candidate_2,candidate_1,candidate_3,3,0.02
2875,candidate_2,candidate_1,candidate_3,3,0.02
2876,candidate_2,candidate_1,candidate_3,3,0.02
2877,candidate_2,candidate_1,candidate_3,3,0.02
2878,candidate_2,candidate_1,candidate_3,3,0.02
2879,candidate_2,candidate_1,candidate_3,3,0.02
2880,candidate_2,candidate_1,candidate_3,3,0.02
2881,candidate_2,candidate_1,candidate_3,3,0.02
2882,candidate_2,candidate_1,candidate_3,3,0.02
2883,candidate_2,candidate_1,candidate_3,3,0.02
2884,candidate_2,candidate_1,0,3,0.02
2885,candidate_2,candidate_1,candidate_3,3,0.02
2886,candidate_2,candidate_1,candidate_3,3,0.02
2887,candidate_2,candidate_1,0,3,0.02
2888,candidate_2,candidate_1,candidate_3,3,0.02
2889,candidate_2,candidate_1,candidate_3,3,0.02
2890,candidate_2,candidate_1,candidate_3,3,0.02
2891,candidate_2,candidate_1,candidate_3,3,0.02
2892,candidate_2,candidate_1,candidate_3,3,0.02
2893,candidate_2,candidate_1,candidate_3,3,0.02
2894,candidate_2,candidate_1,candidate_3,3,0.02
2895,candidate_2,candidate_1,candidate_3,3,0.02
2896,candidate_2,candidate_1,candidate_3,3,0.02
2897,candidate_2,0,candidate_3,3,0.02
2898,candidate_2,candidate_1,candidate_3,3,0.02
2899,candidate_2,candidate_1,candidate_3,3,0.02
2900,candidate_2,candidate_1,candidate_3,3,0.02
2901,candidate_2,candidate_1,candidate_3,3,0.02
2902,candidate_2,candidate_1,candidate_3,3,0.02
2903,candidate_2,candidate_1,candidate_3,3,0.02
2904,candidate_2,candidate_1,candidate_3,3,0.02
2905,candidate_2,candidate_1,candidate_3,3,0.02
2906,candidate_2,candidate_1,candidate_3,3,0.02
2907,candidate_2,candidate_1,candidate_3,3,0.02
2908,0,candidate_1,candidate_3,3,0.02
2909,candidate_2,candidate_1,candidate_3,3,0.02
2910,candidate_2,candidate_1,candidate_3,3,0.02
2911,candidate_2,candidate_1,candidate_3,3,0.02
2912,candidate_2,candidate_1,candidate_3,3,0.02
2913,candidate_2,candidate_1,candidate_3,3,0.02
2914,candidate_2,candidate_1,candidate_3,3,0.02
2915,candidate_2,candidate_1,candidate_3,3,0.02
2916,candidate_2,candidate_1,candidate_3,3,0.02
2917,candidate_2,candidate_1,candidate_3,3,0.02
2918,candidate_2,candidate_1,candidate_3,3,0.02
2919,candidate_2,candidate_1,candidate_3,3,0.02
2920,candidate_2,candidate_1,candidate_3,3,0.02
2921,candidate_2,candidate_1,candidate_3,3,0.02
2922,candidate_2,candidate_1,candidate_3,3,0.02
2923,candidate_2,candidate_1,candidate_3,3,0.02
2924,candidate_2,candidate_1,candidate_3,3,0.02
2925,candidate_2,candidate_1,candidate_3,3,0.02
2926,candidate_2,candidate_1,candidate_3,3,0.02
2927,candidate_2,candidate_1,candidate_3,3,0.02
2928,candidate_2,candidate_1,candidate_3,3,0.02
2929,candidate_2,candidate_1,candidate_3,3,0.02
2930,candidate_2,candidate_1,candidate_3,3,0.02
2931,candidate_2,candidate_1,candidate_3,3,0.02
2932,candidate_2,candidate_1,candidate_3,3,0.02
2933,candidate_2,candidate_1,candidate_3,3,0.02
2934,candidate_2,candidate_1,candidate_3,3,0.02
2935,candidate_2,candidate_1,candidate_3,3,0.02
2936,candidate_2,candidate_1,candidate_3,3,0.02
2937,candidate_2,candidate_1,candidate_3,3,0.02
2938,candidate_2,candidate_1,candidate_3,3,0.02
2939,candidate_2,candidate_1,candidate_3,3,0.02
2940,candidate_2,candidate_1,candidate_3,3,0.02
2941,candidate_2,candidate_1,candidate_3,3,0.02
2942,candidate_2,candidate_1,candidate_3,3,0.02
2943,candidate_2,candidate_1,candidate_3,3,0.02
2944,candidate_2,candidate_1,candidate_3,3,0.02
2945,candidate_2,candidate_1,candidate_3,3,0.02
2946,candidate_2,candidate_1,candidate_3,3,0.02
2947,candidate_2,candidate_1,candidate_3,3,0.02
2948,candidate_2,candidate_1,candidate_3,3,0.02
2949,candidate_2,candidate_1,candidate_3,3,0.02
2950,candidate_2,candidate_1,candidate_3,3,0.02
2951,candidate_2,candidate_1,candidate_3,3,0.02
2952,candidate_2,candidate_1,candidate_3,3,0.02
2953,candidate_2,candidate_1,candidate_3,3,0.02
2954,candidate_2,candidate_1,candidate_3,3,0.02
2955,candidate_2,candidate_1,candidate_3,3,0.02
2956,candidate_2,candidate_1,candidate_3,3,0.02
2957,candidate_2,candidate_1,candidate_3,3,0.02
2958,candidate_2,candidate_1,candidate_3,3,0.02
2959,candidate_2,candidate_1,candidate_3,3,0.02
2960,candidate_2,candidate_1,candidate_3,3,0.02
2961,candidate_2,candidate_1,candidate_3,3,0.02
2962,candidate_2,candidate_1,candidate_3,3,0.02
2963,candidate_2,candidate_1,candidate_3,3,0.02
2964,candidate_2,candidate_1,candidate_3,3,0.02
2965,candidate_2,candidate_1,candidate_3,3,0.02
2966,0,candidate_1,candidate_3,3,0.02
2967,candidate_2,candidate_1,candidate_3,3,0.02
2968,candidate_2,candidate_1,candidate_3,3,0.02
2969,candidate_2,candidate_1,candidate_3,3,0.02
2970,candidate_2,candidate_1,candidate_3,3,0.02
2971,candidate_2,candidate_1,candidate_3,3,0.02
2972,candidate_2,candidate_1,candidate_3,3,0.02
2973,candidate_2,candidate_1,candidate_3,3,0.02
2974,candidate_2,candidate_1,candidate_3,3,0.02
2975,candidate_2,candidate_1,candidate_3,3,0.02
2976,candidate_2,candidate_1,candidate_3,3,0.02
2977,candidate_2,candidate_1,candidate_3,3,0.02
2978,candidate_2,candidate_1,candidate_3,3,0.02
2979,candidate_2,0,candidate_3,3,0.02
2980,candidate_2,candidate_1,candidate_3,3,0.02
2981,candidate_2,candidate_1,candidate_3,3,0.02
2982,candidate_2,candidate_1,candidate_3,3,0.02
2983,candidate_2,candidate_1,candidate_3,3,0.02
2984,candidate_2,candidate_1,candidate_3,3,0.02
2985,candidate_2,candidate_1,candidate_3,3,0.02
2986,candidate_2,candidate_1,candidate_3,3,0.02
2987,candidate_2,candidate_1,candidate_3,3,0.02
2988,candidate_2,candidate_1,candidate_3,3,0.02
2989,candidate_2,candidate_1,candidate_3,3,0.02
2990,candidate_2,candidate_1,candidate_3,3,0.02
2991,candidate_2,candidate_1,candidate_3,3,0.02
2992,candidate_2,candidate_1,candidate_3,3,0.02
2993,candidate_2,0,candidate_3,3,0.02
2994,candidate_2,candidate_1,candidate_3,3,0.02
2995,candidate_2,candidate_1,candidate_3,3,0.02
2996,candidate_2,candidate_1,candidate_3,3,0.02
2997,candidate_2,candidate_1,candidate_3,3,0.02
2998,candidate_2,candidate_1,candidate_3,3,0.02
2999,candidate_2,candidate_1,candidate_3,3,0.02
3000,candidate_2,candidate_1,candidate_3,3,0.02
3001,candidate_2,candidate_1,candidate_3,3,0.02
3002,candidate_2,candidate_1,candidate_3,3,0.02
3003,candidate_2,candidate_1,candidate_3,3,0.02
3004,candidate_2,candidate_1,candidate_3,3,0.02
3005,candidate_2,candidate_1,candidate_3,3,0.02
3006,candidate_2,candidate_1,candidate_3,3,0.02
3007,candidate_2,candidate_1,candidate_3,3,0.02
3008,candidate_2,candidate_1,candidate_3,3,0.02
3009,candidate_2,candidate_1,candidate_3,3,0.02
3010,candidate_2,candidate_1,candidate_3,3,0.02
3011,candidate_2,candidate_1,candidate_3,3,0.02
3012,candidate_2,candidate_1,candidate_3,3,0.02
3013,candidate_2,candidate_1,candidate_3,3,0.02
3014,candidate_2,candidate_1,candidate_3,3,0.02
3015,candidate_2,candidate_1,candidate_3,3,0.02
3016,candidate_2,candidate_1,candidate_3,3,0.02
3017,candidate_2,candidate_1,candidate_3,3,0.02
3018,candidate_2,candidate_1,candidate_3,3,0.02
3019,candidate_2,candidate_1,candidate_3,3,0.02
3020,candidate_2,candidate_1,candidate_3,3,0.02
3021,candidate_2,candidate_1,candidate_3,3,0.02
3022,candidate_2,candidate_1,candidate_3,3,0.02
3023,candidate_2,candidate_1,candidate_3,3,0.02
3024,candidate_2,candidate_1,candidate_3,3,0.02
3025,candidate_2,candidate_1,candidate_3,3,0.02
3026,candidate_2,candidate_1,candidate_3,3,0.02
3027,candidate_2,candidate_1,candidate_3,3,0.02
3028,candidate_2,candidate_1,candidate_3,3,0.02
3029,candidate_2,candidate_1,candidate_3,3,0.02
3030,candidate_2,candidate_1,candidate_3,3,0.02
3031,candidate_2,candidate_1,candidate_3,3,0.02
3032,candidate_2,candidate_1,candidate_3,3,0.02
3033,candidate_2,candidate_1,candidate_3,3,0.02
3034,candidate_2,candidate_1,candidate_3,3,0.02
3035,candidate_2,candidate_1,candidate_3,3,0.02
3036,candidate_2,candidate_1,candidate_3,3,0.02
3037,candidate_2,candidate_1,candidate_3,3,0.02
3038,candidate_2,candidate_1,candidate_3,3,0.02
3039,0,candidate_1,candidate_3,3,0.02
3040,candidate_2,candidate_1,candidate_3,3,0.02
3041,candidate_2,candidate_1,candidate_3,3,0.02
3042,candidate_2,candidate_1,candidate_3,3,0.02
3043,candidate_2,candidate_1,candidate_3,3,0.02
3044,candidate_2,candidate_1,candidate_3,3,0.02
3045,candidate_2,candidate_1,candidate_3,3,0.02
3046,candidate_2,candidate_1,candidate_3,3,0.02
3047,candidate_2,candidate_1,candidate_3,3,0.02
3048,candidate_2,candidate_1,candidate_3,3,0.02
3049,candidate_2,candidate_1,candidate_3,3,0.02
3050,candidate_2,candidate_1,candidate_3,3,0.02
3051,candidate_2,candidate_1,candidate_3,3,0.02
3052,candidate_2,candidate_1,candidate_3,3,0.02
3053,candidate_2,candidate_1,candidate_3,3,0.02
3054,candidate_2,candidate_1,candidate_3,3,0.02
3055,candidate_2,candidate_1,candidate_3,3,0.02
3056,candidate_2,candidate_1,candidate_3,3,0.02
3057,candidate_2,candidate_1,candidate_3,3,0.02
3058,candidate_2,candidate_1,candidate_3,3,0.02
3059,candidate_2,candidate_1,candidate_3,3,0.02
3060,candidate_2,candidate_1,candidate_3,3,0.02
3061,candidate_2,candidate_1,candidate_3,3,0.02
3062,candidate_2,candidate_1,candidate_3,3,0.02
3063,candidate_2,candidate_1,candidate_3,3,0.02
3064,candidate_2,candidate_1,candidate_3,3,0.02
3065,candidate_2,candidate_1,candidate_3,3,0.02
3066,candidate_2,candidate_1,candidate_3,3,0.02
3067,candidate_2,candidate_1,candidate_3,3,0.02
3068,candidate_2,candidate_1,candidate_3,3,0.02
3069,candidate_2,candidate_1,candidate_3,3,0.02
3070,candidate_2,candidate_1,candidate_3,3,0.02
3071,candidate_2,candidate_1,candidate_3,3,0.02
3072,candidate_2,candidate_1,candidate_3,3,0.02
3073,candidate_2,0,candidate_3,3,0.02
3074,candidate_2,candidate_1,candidate_3,3,0.02
3075,candidate_2,candidate_1,candidate_3,3,0.02
3076,candidate_2,candidate_1,candidate_3,3,0.02
3077,candidate_2,candidate_1,candidate_3,3,0.02
3078,candidate_2,candidate_1,candidate_3,3,0.02
3079,candidate_2,candidate_1,candidate_3,3,0.02
3080,candidate_2,candidate_1,candidate_3,3,0.02
3081,candidate_2,candidate_1,candidate_3,3,0.02
3082,candidate_2,candidate_1,candidate_3,3,0.02
3083,candidate_2,candidate_1,candidate_3,3,0.02
3084,candidate_2,candidate_1,candidate_3,3,0.02
3085,candidate_2,candidate_1,candidate_3,3,0.02
3086,candidate_2,candidate_1,candidate_3,3,0.02
3087,candidate_2,candidate_1,candidate_3,3,0.02
3088,candidate_2,candidate_1,candidate_3,3,0.02
3089,candidate_2,candidate_1,candidate_3,3,0.02
3090,candidate_2,candidate_1,candidate_3,3,0.02
3091,candidate_2,candidate_1,candidate_3,3,0.02
3092,candidate_2,candidate_1,candidate_3,3,0.02
3093,candidate_2,candidate_1,candidate_3,3,0.02
3094,0,candidate_1,candidate_3,3,0.02
3095,candidate_2,candidate_1,candidate_3,3,0.02
3096,candidate_2,candidate_1,candidate_3,3,0.02
3097,candidate_2,candidate_1,candidate_3,3,0.02
3098,candidate_2,candidate_1,candidate_3,3,0.02
3099,candidate_2,candidate_1,candidate_3,3,0.02
3100,candidate_2,candidate_1,candidate_3,3,0.02
3101,candidate_2,candidate_1,candidate_3,3,0.02
3102,candidate_2,candidate_1,candidate_3,3,0.02
3103,candidate_2,candidate_1,candidate_3,3,0.02
3104,candidate_2,candidate_1,candidate_3,3,0.02
3105,candidate_2,candidate_1,candidate_3,3,0.02
3106,candidate_2,candidate_1,candidate_3,3,0.02
3107,candidate_2,candidate_1,candidate_3,3,0.02
3108,candidate_2,candidate_1,candidate_3,3,0.02
3109,candidate_2,candidate_1,candidate_3,3,0.02
3110,candidate_2,candidate_1,candidate_3,3,0.02
3111,candidate_2,candidate_1,candidate_3,3,0.02
3112,candidate_2,candidate_1,candidate_3,3,0.02
3113,candidate_2,candidate_1,candidate_3,3,0.02
3114,candidate_2,candidate_1,candidate_3,3,0.02
3115,candidate_2,candidate_1,candidate_3,3,0.02
3116,candidate_2,candidate_1,candidate_3,3,0.02
3117,candidate_2,candidate_1,candidate_3,3,0.02
3118,candidate_2,candidate_1,candidate_3,3,0.02
3119,candidate_2,candidate_1,candidate_3,3,0.02
3120,candidate_2,candidate_1,0,3,0.02
3121,candidate_2,candidate_1,candidate_3,3,0.02
3122,candidate_2,candidate_1,candidate_3,3,0.02
3123,candidate_2,candidate_1,candidate_3,3,0.02
3124,candidate_2,candidate_1,candidate_3,3,0.02
3125,candidate_2,candidate_1,candidate_3,3,0.02
3126,candidate_2,candidate_1,candidate_3,3,0.02
3127,candidate_2,candidate_1,candidate_3,3,0.02
3128,candidate_2,candidate_1,candidate_3,3,0.02
3129,candidate_2,candidate_1,candidate_3,3,0.02
3130,candidate_2,candidate_1,candidate_3,3,0.02
3131,candidate_2,candidate_1,candidate_3,3,0.02
3132,candidate_2,candidate_1,candidate_3,3,0.02
3133,candidate_2,candidate_1,candidate_3,3,0.02
3134,candidate_2,candidate_1,candidate_3,3,0.02
3135,candidate_2,candidate_1,candidate_3,3,0.02
3136,candidate_2,candidate_1,candidate_3,3,0.02
3137,candidate_2,candidate_1,candidate_3,3,0.02
3138,candidate_2,candidate_1,candidate_3,3,0.02
3139,candidate_2,candidate_1,candidate_3,3,0.02
3140,candidate_2,candidate_1,candidate_3,3,0.02
3141,candidate_2,candidate_1,candidate_3,3,0.02
3142,candidate_2,candidate_1,candidate_3,3,0.02
3143,candidate_2,candidate_1,candidate_3,3,0.02
3144,candidate_2,candidate_1,candidate_3,3,0.02
3145,candidate_2,candidate_1,candidate_3,3,0.02
3146,candidate_2,candidate_1,candidate_3,3,0.02
3147,candidate_2,candidate_1,candidate_3,3,0.02
3148,candidate_2,candidate_1,0,3,0.02
3149,candidate_2,candidate_1,candidate_3,3,0.02
3150,candidate_2,candidate_1,candidate_3,3,0.02
3151,candidate_2,candidate_1,candidate_3,3,0.02
3152,candidate_2,candidate_1,candidate_3,3,0.02
3153,candidate_2,candidate_1,candidate_3,3,0.02
3154,candidate_2,candidate_1,candidate_3,3,0.02
3155,candidate_2,candidate_1,candidate_3,3,0.02
3156,candidate_2,candidate_1,candidate_3,3,0.02
3157,candidate_2,candidate_1,candidate_3,3,0.02
3158,candidate_2,candidate_1,candidate_3,3,0.02
3159,candidate_2,candidate_1,candidate_3,3,0.02
3160,candidate_2,candidate_1,candidate_3,3,0.02
3161,candidate_2,candidate_1,candidate_3,3,0.02
3162,candidate_2,candidate_1,candidate_3,3,0.02
3163,candidate_2,candidate_1,candidate_3,3,0.02
3164,candidate_2,candidate_1,candidate_3,3,0.02
3165,candidate_2,candidate_1,candidate_3,3,0.02
3166,candidate_2,candidate_1,candidate_3,3,0.02
3167,candidate_2,candidate_1,candidate_3,3,0.02
3168,candidate_2,candidate_1,candidate_3,3,0.02
3169,candidate_2,candidate_1,candidate_3,3,0.02
3170,candidate_2,candidate_1,candidate_3,3,0.02
3171,candidate_2,candidate_1,candidate_3,3,0.02
3172,candidate_2,candidate_1,candidate_3,3,0.02
3173,candidate_2,candidate_1,candidate_3,3,0.02
3174,candidate_2,candidate_1,candidate_3,3,0.02
3175,candidate_2,0,candidate_3,3,0.02
3176,candidate_2,candidate_1,candidate_3,3,0.02
3177,candidate_2,candidate_1,candidate_3,3,0.02
3178,candidate_2,0,candidate_3,3,0.02
3179,candidate_2,candidate_1,candidate_3,3,0.02
3180,candidate_2,candidate_1,candidate_3,3,0.02
3181,candidate_2,candidate_1,candidate_3,3,0.02
3182,candidate_2,candidate_1,candidate_3,3,0.02
3183,candidate_2,candidate_1,candidate_3,3,0.02
3184,candidate_2,candidate_1,candidate_3,3,0.02
3185,candidate_2,candidate_1,candidate_3,3,0.02
3186,candidate_2,candidate_1,candidate_3,3,0.02
3187,candidate_2,candidate_1,candidate_3,3,0.02
3188,candidate_2,candidate_1,0,3,0.02
3189,candidate_2,candidate_1,candidate_3,3,0.02
3190,candidate_2,candidate_1,candidate_3,3,0.02
3191,candidate_2,candidate_1,candidate_3,3,0.02
3192,candidate_2,candidate_1,candidate_3,3,0.02
3193,0,candidate_1,candidate_3,3,0.02
3194,candidate_2,candidate_1,candidate_3,3,0.02
3195,candidate_2,candidate_1,candidate_3,3,0.02
3196,candidate_2,candidate_1,candidate_3,3,0.02
3197,candidate_2,candidate_1,candidate_3,3,0.02
3198,candidate_2,candidate_1,candidate_3,3,0.02
3199,candidate_2,candidate_1,candidate_3,3,0.02
3200,candidate_2,candidate_1,candidate_3,3,0.02
3201,candidate_2,candidate_1,candidate_3,3,0.02
3202,candidate_2,candidate_1,candidate_3,3,0.02
3203,candidate_2,candidate_1,candidate_3,3,0.02
3204,candidate_2,candidate_1,candidate_3,3,0.02
3205,candidate_2,0,candidate_3,3,0.02
3206,candidate_2,candidate_1,candidate_3,3,0.02
3207,candidate_2,candidate_1,candidate_3,3,0.02
3208,candidate_2,candidate_1,candidate_3,3,0.02
3209,candidate_2,candidate_1,candidate_3,3,0.02
3210,candidate_2,candidate_1,candidate_3,3,0.02
3211,candidate_2,0,candidate_3,3,0.02
3212,candidate_2,candidate_1,candidate_3,3,0.02
3213,candidate_2,candidate_1,candidate_3,3,0.02
3214,candidate_2,candidate_1,candidate_3,3,0.02
3215,candidate_2,candidate_1,candidate_3,3,0.02
3216,candidate_2,candidate_1,candidate_3,3,0.02
3217,candidate_2,candidate_1,candidate_3,3,0.02
3218,candidate_2,candidate_1,candidate_3,3,0.02
3219,candidate_2,candidate_1,candidate_3,3,0.02
3220,candidate_2,candidate_1,candidate_3,3,0.02
3221,candidate_2,candidate_1,candidate_3,3,0.02
3222,candidate_2,candidate_1,candidate_3,3,0.02
3223,candidate_2,candidate_1,candidate_3,3,0.02
3224,candidate_2,candidate_1,candidate_3,3,0.02
3225,candidate_2,candidate_1,candidate_3,3,0.02
3226,candidate_2,candidate_1,candidate_3,3,0.02
3227,candidate_2,candidate_1,candidate_3,3,0.02
3228,candidate_2,candidate_1,candidate_3,3,0.02
3229,candidate_2,candidate_1,candidate_3,3,0.02
3230,candidate_2,candidate_1,candidate_3,3,0.02
3231,candidate_2,candidate_1,candidate_3,3,0.02
3232,candidate_2,candidate_1,candidate_3,3,0.02
3233,candidate_2,candidate_1,candidate_3,3,0.02
3234,candidate_2,candidate_1,candidate_3,3,0.02
3235,candidate_2,candidate_1,candidate_3,3,0.02
3236,candidate_2,candidate_1,candidate_3,3,0.02
3237,candidate_2,candidate_1,candidate_3,3,0.02
3238,candidate_2,candidate_1,candidate_3,3,0.02
3239,candidate_2,candidate_1,candidate_3,3,0.02
3240,candidate_2,candidate_1,candidate_3,3,0.02
3241,candidate_2,candidate_1,candidate_3,3,0.02
3242,candidate_2,candidate_1,candidate_3,3,0.02
3243,candidate_2,candidate_1,candidate_3,3,0.02
3244,candidate_2,candidate_1,candidate_3,3,0.02
3245,candidate_2,candidate_1,candidate_3,3,0.02
3246,candidate_2,candidate_1,candidate_3,3,0.02
3247,candidate_2,candidate_1,candidate_3,3,0.02
3248,candidate_2,candidate_1,candidate_3,3,0.02
3249,candidate_2,candidate_1,candidate_3,3,0.02
3250,candidate_2,candidate_1,candidate_3,3,0.02
3251,candidate_2,candidate_1,candidate_3,3,0.02
3252,candidate_2,candidate_1,candidate_3,3,0.02
3253,candidate_2,candidate_1,candidate_3,3,0.02
3254,candidate_2,candidate_1,candidate_3,3,0.02
3255,candidate_2,candidate_1,candidate_3,3,0.02
3256,candidate_2,candidate_1,candidate_3,3,0.02
3257,candidate_2,candidate_1,candidate_3,3,0.02
3258,candidate_2,candidate_1,candidate_3,3,0.02
3259,candidate_2,candidate_1,candidate_3,3,0.02
3260,candidate_2,candidate_1,candidate_3,3,0.02
3261,candidate_2,candidate_1,candidate_3,3,0.02
3262,candidate_2,candidate_1,candidate_3,3,0.02
3263,candidate_2,candidate_1,candidate_3,3,0.02
3264,candidate_2,candidate_1,candidate_3,3,0.02
3265,candidate_2,candidate_1,0,3,0.02
3266,candidate_2,candidate_1,candidate_3,3,0.02
3267,candidate_2,candidate_1,candidate_3,3,0.02
3268,candidate_2,candidate_1,candidate_3,3,0.02
3269,candidate_2,candidate_1,candidate_3,3,0.02
3270,candidate_2,candidate_1,candidate_3,3,0.02
3271,candidate_2,candidate_1,candidate_3,3,0.02
3272,candidate_2,candidate_1,candidate_3,3,0.02
3273,candidate_2,candidate_1,candidate_3,3,0.02
3274,candidate_2,candidate_1,candidate_3,3,0.02
3275,candidate_2,candidate_1,candidate_3,3,0.02
3276,candidate_2,candidate_1,candidate_3,3,0.02
3277,candidate_2,candidate_1,candidate_3,3,0.02
3278,candidate_2,candidate_1,candidate_3,3,0.02
3279,candidate_2,candidate_1,candidate_3,3,0.02
3280,candidate_2,candidate_1,candidate_3,3,0.02
3281,candidate_2,candidate_1,candidate_3,3,0.02
3282,candidate_2,candidate_1,candidate_3,3,0.02
3283,candidate_2,candidate_1,candidate_3,3,0.02
3284,candidate_2,candidate_1,candidate_3,3,0.02
3285,candidate_2,candidate_1,candidate_3,3,0.02
3286,candidate_2,candidate_1,candidate_3,3,0.02
3287,candidate_2,candidate_1,candidate_3,3,0.02
3288,candidate_2,candidate_1,candidate_3,3,0.02
3289,candidate_2,candidate_1,candidate_3,3,0.02
3290,candidate_2,candidate_1,candidate_3,3,0.02
3291,candidate_2,candidate_1,candidate_3,3,0.02
3292,candidate_2,candidate_1,candidate_3,3,0.02
3293,candidate_2,candidate_1,candidate_3,3,0.02
3294,candidate_2,candidate_1,candidate_3,3,0.02
3295,candidate_2,candidate_1,0,3,0.02
3296,candidate_2,candidate_1,candidate_3,3,0.02
3297,candidate_2,candidate_1,candidate_3,3,0.02
3298,candidate_2,candidate_1,candidate_3,3,0.02
3299,candidate_2,candidate_1,candidate_3,3,0.02
3300,candidate_2,candidate_1,candidate_3,3,0.02
3301,candidate_2,candidate_1,candidate_3,3,0.02
3302,candidate_2,candidate_1,candidate_3,3,0.02
3303,candidate_2,candidate_1,candidate_3,3,0.02
3304,candidate_2,candidate_1,candidate_3,3,0.02
3305,candidate_2,candidate_1,candidate_3,3,0.02
3306,candidate_2,candidate_1,candidate_3,3,0.02
3307,candidate_2,candidate_1,candidate_3,3,0.02
3308,candidate_2,candidate_1,candidate_3,3,0.02
3309,candidate_2,candidate_1,candidate_3,3,0.02
3310,candidate_2,candidate_1,candidate_3,3,0.02
3311,candidate_2,candidate_1,candidate_3,3,0.02
3312,candidate_2,candidate_1,candidate_3,3,0.02
3313,candidate_2,candidate_1,candidate_3,3,0.02
3314,candidate_2,candidate_1,candidate_3,3,0.02
3315,candidate_2,candidate_1,candidate_3,3,0.02
3316,candidate_2,candidate_1,candidate_3,3,0.02
3317,candidate_2,candidate_1,candidate_3,3,0.02
3318,candidate_2,candidate_1,candidate_3,3,0.02
3319,candidate_2,candidate_1,candidate_3,3,0.02
3320,candidate_2,0,candidate_3,3,0.02
3321,candidate_2,candidate_1,candidate_3,3,0.02
3322,candidate_2,candidate_1,candidate_3,3,0.02
3323,candidate_2,candidate_1,candidate_3,3,0.02
3324,candidate_2,candidate_1,candidate_3,3,0.02
3325,candidate_2,candidate_1,candidate_3,3,0.02
3326,candidate_2,candidate_1,candidate_3,3,0.02
3327,candidate_2,candidate_1,candidate_3,3,0.02
3328,candidate_2,candidate_1,candidate_3,3,0.02
3329,candidate_2,candidate_1,candidate_3,3,0.02
3330,candidate_2,candidate_1,candidate_3,3,0.02
3331,candidate_2,candidate_1,candidate_3,3,0.02
3332,candidate_2,candidate_1,candidate_3,3,0.02
3333,candidate_2,candidate_1,candidate_3,3,0.02
3334,candidate_2,candidate_1,candidate_3,3,0.02
3335,candidate_2,candidate_1,candidate_3,3,0.02
3336,candidate_2,candidate_1,candidate_3,3,0.02
3337,candidate_2,candidate_1,candidate_3,3,0.02
3338,candidate_2,candidate_1,candidate_3,3,0.02
3339,candidate_2,candidate_1,candidate_3,3,0.02
3340,candidate_2,candidate_1,candidate_3,3,0.02
3341,candidate_2,candidate_1,candidate_3,3,0.02
3342,candidate_2,candidate_1,candidate_3,3,0.02
3343,candidate_2,candidate_1,candidate_3,3,0.02
3344,candidate_2,candidate_1,candidate_3,3,0.02
3345,candidate_2,candidate_1,candidate_3,3,0.02
3346,candidate_2,candidate_1,candidate_3,3,0.02
3347,candidate_2,candidate_1,candidate_3,3,0.02
3348,candidate_2,candidate_1,candidate_3,3,0.02
3349,candidate_2,candidate_1,candidate_3,3,0.02
3350,candidate_2,candidate_1,candidate_3,3,0.02
3351,candidate_2,candidate_1,candidate_3,3,0.02
3352,candidate_2,candidate_1,candidate_3,3,0.02
3353,candidate_2,candidate_1,candidate_3,3,0.02
3354,candidate_2,candidate_1,candidate_3,3,0.02
3355,candidate_2,candidate_1,candidate_3,3,0.02
3356,candidate_2,candidate_1,candidate_3,3,0.02
3357,candidate_2,candidate_1,candidate_3,3,0.02
3358,candidate_2,candidate_1,candidate_3,3,0.02
3359,candidate_2,candidate_1,candidate_3,3,0.02
3360,candidate_2,candidate_1,candidate_3,3,0.02
3361,candidate_2,candidate_1,candidate_3,3,0.02
3362,candidate_2,candidate_1,candidate_3,3,0.02
3363,candidate_2,candidate_1,candidate_3,3,0.02
3364,0,candidate_1,candidate_3,3,0.02
3365,candidate_2,candidate_1,candidate_3,3,0.02
3366,candidate_2,candidate_1,candidate_3,3,0.02
3367,candidate_2,candidate_1,candidate_3,3,0.02
3368,candidate_2,candidate_1,candidate_3,3,0.02
3369,candidate_2,candidate_1,candidate_3,3,0.02
3370,candidate_2,candidate_1,candidate_3,3,0.02
3371,candidate_2,candidate_1,0,3,0.02
3372,candidate_2,candidate_1,candidate_3,3,0.02
3373,candidate_2,candidate_1,candidate_3,3,0.02
3374,candidate_2,candidate_1,candidate_3,3,0.02
3375,candidate_2,candidate_1,candidate_3,3,0.02
3376,candidate_2,candidate_1,candidate_3,3,0.02
3377,candidate_2,candidate_1,candidate_3,3,0.02
3378,candidate_2,candidate_1,candidate_3,3,0.02
3379,candidate_2,candidate_1,candidate_3,3,0.02
3380,candidate_2,candidate_1,candidate_3,3,0.02
3381,candidate_2,candidate_1,candidate_3,3,0.02
3382,candidate_2,candidate_1,candidate_3,3,0.02
3383,candidate_2,candidate_1,candidate_3,3,0.02
3384,candidate_2,candidate_1,candidate_3,3,0.02
3385,candidate_2,candidate_1,candidate_3,3,0.02
3386,candidate_2,candidate_1,candidate_3,3,0.02
3387,candidate_2,candidate_1,candidate_3,3,0.02
3388,candidate_2,candidate_1,candidate_3,3,0.02
3389,candidate_2,candidate_1,candidate_3,3,0.02
3390,candidate_2,candidate_1,candidate_3,3,0.02
3391,candidate_2,candidate_1,candidate_3,3,0.02
3392,candidate_2,candidate_1,candidate_3,3,0.02
3393,0,candidate_1,candidate_3,3,0.02
3394,candidate_2,candidate_1,candidate_3,3,0.02
3395,candidate_2,candidate_1,candidate_3,3,0.02
3396,candidate_2,candidate_1,candidate_3,3,0.02
3397,candidate_2,candidate_1,candidate_3,3,0.02
3398,candidate_2,candidate_1,candidate_3,3,0.02
3399,candidate_2,candidate_1,candidate_3,3,0.02
3400,candidate_2,candidate_1,candidate_3,3,0.02
3401,candidate_2,candidate_1,candidate_3,3,0.02
3402,candidate_2,candidate_1,candidate_3,3,0.02
3403,candidate_2,candidate_1,candidate_3,3,0.02
3404,candidate_2,candidate_1,candidate_3,3,0.02
3405,candidate_2,candidate_1,candidate_3,3,0.02
3406,candidate_2,candidate_1,candidate_3,3,0.02
3407,candidate_2,candidate_1,candidate_3,3,0.02
3408,candidate_2,candidate_1,candidate_3,3,0.02
3409,candidate_2,candidate_1,candidate_3,3,0.02
3410,candidate_2,candidate_1,candidate_3,3,0.02
3411,candidate_2,candidate_1,candidate_3,3,0.02
3412,candidate_2,candidate_1,0,3,0.02
3413,candidate_2,candidate_1,candidate_3,3,0.02
3414,candidate_2,candidate_1,0,3,0.02
3415,candidate_2,candidate_1,candidate_3,3,0.02
3416,candidate_2,candidate_1,candidate_3,3,0.02
3417,candidate_2,candidate_1,candidate_3,3,0.02
3418,candidate_2,0,candidate_3,3,0.02
3419,candidate_2,candidate_1,candidate_3,3,0.02
3420,candidate_2,candidate_1,candidate_3,3,0.02
3421,candidate_2,candidate_1,candidate_3,3,0.02
3422,candidate_2,candidate_1,candidate_3,3,0.02
3423,candidate_2,candidate_1,candidate_3,3,0.02
3424,candidate_2,candidate_1,candidate_3,3,0.02
3425,candidate_2,candidate_1,candidate_3,3,0.02
3426,candidate_2,candidate_1,candidate_3,3,0.02
3427,candidate_2,candidate_1,candidate_3,3,0.02
3428,candidate_2,candidate_1,candidate_3,3,0.02
3429,candidate_2,candidate_1,candidate_3,3,0.02
3430,candidate_2,candidate_1,candidate_3,3,0.02
3431,candidate_2,candidate_1,candidate_3,3,0.02
3432,candidate_2,candidate_1,candidate_3,3,0.02
3433,candidate_2,candidate_1,candidate_3,3,0.02
3434,candidate_2,candidate_1,candidate_3,3,0.02
3435,candidate_2,candidate_1,candidate_3,3,0.02
3436,candidate_2,candidate_1,candidate_3,3,0.02
3437,candidate_2,candidate_1,candidate_3,3,0.02
3438,candidate_2,candidate_1,candidate_3,3,0.02
3439,candidate_2,candidate_1,candidate_3,3,0.02
3440,candidate_2,candidate_1,candidate_3,3,0.02
3441,candidate_2,candidate_1,candidate_3,3,0.02
3442,candidate_2,candidate_1,candidate_3,3,0.02
3443,candidate_2,candidate_1,candidate_3,3,0.02
3444,candidate_2,candidate_1,candidate_3,3,0.02
3445,candidate_2,candidate_1,candidate_3,3,0.02
3446,candidate_2,candidate_1,candidate_3,3,0.02
3447,candidate_2,candidate_1,candidate_3,3,0.02
3448,candidate_2,candidate_1,candidate_3,3,0.02
3449,candidate_2,candidate_1,candidate_3,3,0.02
3450,candidate_2,candidate_1,candidate_3,3,0.02
3451,candidate_2,candidate_1,candidate_3,3,0.02
3452,candidate_2,candidate_1,candidate_3,3,0.02
3453,candidate_2,candidate_1,candidate_3,3,0.02
3454,candidate_2,candidate_1,candidate_3,3,0.02
3455,candidate_2,candidate_1,candidate_3,3,0.02
3456,candidate_2,candidate_1,candidate_3,3,0.02
3457,candidate_2,candidate_1,candidate_3,3,0.02
3458,candidate_2,candidate_1,candidate_3,3,0.02
3459,candidate_2,candidate_1,candidate_3,3,0.02
3460,candidate_2,candidate_1,candidate_3,3,0.02
3461,candidate_2,candidate_1,candidate_3,3,0.02
3462,candidate_2,candidate_1,candidate_3,3,0.02
3463,candidate_2,candidate_1,candidate_3,3,0.02
3464,candidate_2,candidate_1,candidate_3,3,0.02
3465,candidate_2,candidate_1,candidate_3,3,0.02
3466,candidate_2,0,candidate_3,3,0.02
3467,candidate_2,candidate_1,candidate_3,3,0.02
3468,candidate_2,candidate_1,candidate_3,3,0.02
3469,0,candidate_1,candidate_3,3,0.02
3470,candidate_2,candidate_1,candidate_3,3,0.02
3471,candidate_2,candidate_1,candidate_3,3,0.02
3472,candidate_2,candidate_1,candidate_3,3,0.02
3473,candidate_2,candidate_1,candidate_3,3,0.02
3474,candidate_2,candidate_1,candidate_3,3,0.02
3475,candidate_2,candidate_1,candidate_3,3,0.02
3476,candidate_2,candidate_1,candidate_3,3,0.02
3477,candidate_2,candidate_1,candidate_3,3,0.02
3478,candidate_2,candidate_1,candidate_3,3,0.02
3479,candidate_2,candidate_1,candidate_3,3,0.02
3480,candidate_2,candidate_1,candidate_3,3,0.02
3481,candidate_2,candidate_1,candidate_3,3,0.02
3482,candidate_2,candidate_1,candidate_3,3,0.02
3483,candidate_2,candidate_1,candidate_3,3,0.02
3484,candidate_2,0,candidate_3,3,0.02
3485,candidate_2,candidate_1,candidate_3,3,0.02
3486,candidate_2,candidate_1,candidate_3,3,0.02
3487,candidate_2,candidate_1,candidate_3,3,0.02
3488,candidate_2,0,candidate_3,3,0.02
3489,candidate_2,candidate_1,candidate_3,3,0.02
3490,candidate_2,candidate_1,candidate_3,3,0.02
3491,candidate_2,candidate_1,candidate_3,3,0.02
3492,candidate_2,candidate_1,candidate_3,3,0.02
3493,candidate_2,candidate_1,0,3,0.02
3494,candidate_2,0,candidate_3,3,0.02
3495,candidate_2,candidate_1,candidate_3,3,0.02
3496,candidate_2,candidate_1,candidate_3,3,0.02
3497,candidate_2,candidate_1,candidate_3,3,0.02
3498,candidate_2,candidate_1,candidate_3,3,0.02
3499,candidate_2,candidate_1,candidate_3,3,0.02
3500,candidate_2,candidate_1,candidate_3,3,0.02
3501,candidate_2,0,candidate_3,3,0.02
3502,candidate_2,candidate_1,candidate_3,3,0.02
3503,candidate_2,candidate_1,candidate_3,3,0.02
3504,candidate_2,candidate_1,candidate_3,3,0.02
3505,candidate_2,candidate_1,candidate_3,3,0.02
3506,candidate_2,candidate_1,candidate_3,3,0.02
3507,candidate_2,candidate_1,candidate_3,3,0.02
3508,candidate_2,candidate_1,candidate_3,3,0.02
3509,candidate_2,candidate_1,candidate_3,3,0.02
3510,candidate_2,candidate_1,candidate_3,3,0.02
3511,candidate_2,candidate_1,candidate_3,3,0.02
3512,candidate_2,candidate_1,candidate_3,3,0.02
3513,candidate_2,candidate_1,candidate_3,3,0.02
3514,candidate_2,candidate_1,candidate_3,3,0.02
3515,candidate_2,candidate_1,candidate_3,3,0.02
3516,0,candidate_1,candidate_3,3,0.02
3517,candidate_2,candidate_1,candidate_3,3,0.02
3518,candidate_2,candidate_1,candidate_3,3,0.02
3519,0,0,candidate_3,3,0.02
3520,candidate_2,candidate_1,candidate_3,3,0.02
3521,candidate_2,candidate_1,candidate_3,3,0.02
3522,candidate_2,candidate_1,candidate_3,3,0.02
3523,candidate_2,candidate_1,candidate_3,3,0.02
3524,candidate_2,candidate_1,candidate_3,3,0.02
3525,candidate_2,candidate_1,candidate_3,3,0.02
3526,candidate_2,candidate_1,candidate_3,3,0.02
3527,candidate_2,candidate_1,candidate_3,3,0.02
3528,candidate_2,candidate_1,candidate_3,3,0.02
3529,candidate_2,candidate_1,candidate_3,3,0.02
3530,candidate_2,candidate_1,candidate_3,3,0.02
3531,candidate_2,candidate_1,candidate_3,3,0.02
3532,candidate_2,candidate_1,candidate_3,3,0.02
3533,candidate_2,candidate_1,candidate_3,3,0.02
3534,candidate_2,candidate_1,candidate_3,3,0.02
3535,candidate_2,candidate_1,candidate_3,3,0.02
3536,candidate_2,candidate_1,candidate_3,3,0.02
3537,candidate_2,candidate_1,candidate_3,3,0.02
3538,candidate_2,candidate_1,candidate_3,3,0.02
3539,candidate_2,candidate_1,candidate_3,3,0.02
3540,candidate_2,candidate_1,candidate_3,3,0.02
3541,candidate_2,candidate_1,candidate_3,3,0.02
3542,candidate_2,candidate_1,candidate_3,3,0.02
3543,candidate_2,candidate_1,candidate_3,3,0.02
3544,candidate_2,candidate_1,candidate_3,3,0.02
3545,candidate_2,candidate_1,candidate_3,3,0.02
3546,candidate_2,candidate_1,candidate_3,3,0.02
3547,candidate_2,candidate_1,candidate_3,3,0.02
3548,candidate_2,candidate_1,candidate_3,3,0.02
3549,candidate_2,candidate_1,candidate_3,3,0.02
3550,candidate_2,candidate_1,candidate_3,3,0.02
3551,candidate_2,candidate_1,candidate_3,3,0.02
3552,candidate_2,candidate_1,candidate_3,3,0.02
3553,candidate_2,candidate_1,candidate_3,3,0.02
3554,candidate_2,candidate_1,candidate_3,3,0.02
3555,candidate_2,candidate_1,candidate_3,3,0.02
3556,candidate_2,candidate_1,candidate_3,3,0.02
3557,candidate_2,candidate_1,candidate_3,3,0.02
3558,candidate_2,candidate_1,candidate_3,3,0.02
3559,candidate_2,candidate_1,candidate_3,3,0.02
3560,candidate_2,candidate_1,candidate_3,3,0.02
3561,candidate_2,candidate_1,candidate_3,3,0.02
3562,candidate_2,candidate_1,candidate_3,3,0.02
3563,candidate_2,candidate_1,candidate_3,3,0.02
3564,candidate_2,candidate_1,candidate_3,3,0.02
3565,candidate_2,candidate_1,candidate_3,3,0.02
3566,candidate_2,candidate_1,candidate_3,3,0.02
3567,candidate_2,candidate_1,candidate_3,3,0.02
3568,candidate_2,candidate_1,candidate_3,3,0.02
3569,candidate_2,candidate_1,candidate_3,3,0.02
3570,candidate_2,candidate_1,candidate_3,3,0.02
3571,candidate_2,0,candidate_3,3,0.02
3572,candidate_2,candidate_1,candidate_3,3,0.02
3573,candidate_2,candidate_1,candidate_3,3,0.02
3574,candidate_2,candidate_1,candidate_3,3,0.02
3575,candidate_2,candidate_1,candidate_3,3,0.02
3576,candidate_2,candidate_1,candidate_3,3,0.02
3577,candidate_2,candidate_1,candidate_3,3,0.02
3578,candidate_2,candidate_1,candidate_3,3,0.02
3579,candidate_2,candidate_1,candidate_3,3,0.02
3580,candidate_2,candidate_1,candidate_3,3,0.02
3581,candidate_2,candidate_1,candidate_3,3,0.02
3582,candidate_2,candidate_1,candidate_3,3,0.02
3583,candidate_2,candidate_1,candidate_3,3,0.02
3584,candidate_2,candidate_1,candidate_3,3,0.02
3585,candidate_2,candidate_1,candidate_3,3,0.02
3586,candidate_2,candidate_1,candidate_3,3,0.02
3587,candidate_2,candidate_1,candidate_3,3,0.02
3588,candidate_2,candidate_1,candidate_3,3,0.02
3589,candidate_2,candidate_1,candidate_3,3,0.02
3590,candidate_2,candidate_1,candidate_3,3,0.02
3591,candidate_2,candidate_1,candidate_3,3,0.02
3592,0,candidate_1,candidate_3,3,0.02
3593,candidate_2,candidate_1,candidate_3,3,0.02
3594,candidate_2,candidate_1,candidate_3,3,0.02
3595,candidate_2,candidate_1,candidate_3,3,0.02
3596,candidate_2,candidate_1,candidate_3,3,0.02
3597,candidate_2,candidate_1,candidate_3,3,0.02
3598,candidate_2,candidate_1,candidate_3,3,0.02
3599,candidate_2,candidate_1,candidate_3,3,0.02
3600,candidate_2,candidate_1,candidate_3,3,0.02
3601,candidate_2,candidate_1,candidate_3,3,0.02
3602,candidate_2,candidate_1,candidate_3,3,0.02
3603,candidate_2,candidate_1,candidate_3,3,0.02
3604,candidate_2,candidate_1,candidate_3,3,0.02
3605,0,candidate_1,candidate_3,3,0.02
3606,candidate_2,candidate_1,candidate_3,3,0.02
3607,candidate_2,candidate_1,candidate_3,3,0.02
3608,candidate_2,candidate_1,candidate_3,3,0.02
3609,candidate_2,candidate_1,candidate_3,3,0.02
3610,candidate_2,candidate_1,candidate_3,3,0.02
3611,candidate_2,candidate_1,candidate_3,3,0.02
3612,candidate_2,candidate_1,candidate_3,3,0.02
3613,candidate_2,candidate_1,candidate_3,3,0.02
3614,candidate_2,candidate_1,candidate_3,3,0.02
3615,candidate_2,candidate_1,candidate_3,3,0.02
3616,candidate_2,candidate_1,candidate_3,3,0.02
3617,candidate_2,candidate_1,candidate_3,3,0.02
3618,candidate_2,0,candidate_3,3,0.02
3619,candidate_2,0,0,3,0.02
3620,candidate_2,candidate_1,candidate_3,3,0.02
3621,candidate_2,candidate_1,candidate_3,3,0.02
3622,candidate_2,candidate_1,candidate_3,3,0.02
3623,candidate_2,candidate_1,candidate_3,3,0.02
3624,candidate_2,candidate_1,candidate_3,3,0.02
3625,candidate_2,candidate_1,candidate_3,3,0.02
3626,candidate_2,candidate_1,candidate_3,3,0.02
3627,candidate_2,candidate_1,candidate_3,3,0.02
3628,candidate_2,candidate_1,candidate_3,3,0.02
3629,candidate_2,candidate_1,candidate_3,3,0.02
3630,candidate_2,candidate_1,candidate_3,3,0.02
3631,candidate_2,candidate_1,candidate_3,3,0.02
3632,candidate_2,candidate_1,candidate_3,3,0.02
3633,candidate_2,candidate_1,candidate_3,3,0.02
3634,candidate_2,candidate_1,0,3,0.02
3635,0,candidate_1,candidate_3,3,0.02
3636,candidate_2,candidate_1,candidate_3,3,0.02
3637,candidate_2,candidate_1,candidate_3,3,0.02
3638,candidate_2,candidate_1,candidate_3,3,0.02
3639,candidate_2,candidate_1,candidate_3,3,0.02
3640,candidate_2,candidate_1,candidate_3,3,0.02
3641,candidate_2,candidate_1,candidate_3,3,0.02
3642,candidate_2,candidate_1,candidate_3,3,0.02
3643,candidate_2,candidate_1,candidate_3,3,0.02
3644,candidate_2,candidate_1,candidate_3,3,0.02
3645,candidate_2,candidate_1,candidate_3,3,0.02
3646,candidate_2,candidate_1,candidate_3,3,0.02
3647,candidate_2,candidate_1,candidate_3,3,0.02
3648,candidate_2,candidate_1,candidate_3,3,0.02
3649,candidate_2,candidate_1,candidate_3,3,0.02
3650,0,candidate_1,candidate_3,3,0.02
3651,candidate_2,candidate_1,candidate_3,3,0.02
3652,candidate_2,0,candidate_3,3,0.02
3653,candidate_2,candidate_1,candidate_3,3,0.02
3654,candidate_2,candidate_1,candidate_3,3,0.02
3655,candidate_2,candidate_1,candidate_3,3,0.02
3656,candidate_2,candidate_1,candidate_3,3,0.02
3657,candidate_2,candidate_1,candidate_3,3,0.02
3658,candidate_2,candidate_1,candidate_3,3,0.02
3659,candidate_2,candidate_1,candidate_3,3,0.02
3660,candidate_2,candidate_1,candidate_3,3,0.02
3661,candidate_2,candidate_1,candidate_3,3,0.02
3662,candidate_2,candidate_1,candidate_3,3,0.02
3663,candidate_2,0,candidate_3,3,0.02
3664,candidate_2,candidate_1,candidate_3,3,0.02
3665,candidate_2,candidate_1,candidate_3,3,0.02
3666,candidate_2,candidate_1,candidate_3,3,0.02
3667,candidate_2,candidate_1,candidate_3,3,0.02
3668,candidate_2,candidate_1,candidate_3,3,0.02
3669,candidate_2,candidate_1,candidate_3,3,0.02
3670,candidate_2,candidate_1,candidate_3,3,0.02
3671,candidate_2,candidate_1,candidate_3,3,0.02
3672,candidate_2,candidate_1,candidate_3,3,0.02
3673,candidate_2,0,candidate_3,3,0.02
3674,candidate_2,candidate_1,candidate_3,3,0.02
3675,candidate_2,candidate_1,candidate_3,3,0.02
3676,candidate_2,candidate_1,candidate_3,3,0.02
3677,candidate_2,candidate_1,candidate_3,3,0.02
3678,candidate_2,candidate_1,candidate_3,3,0.02
3679,candidate_2,candidate_1,candidate_3,3,0.02
3680,candidate_2,candidate_1,candidate_3,3,0.02
3681,candidate_2,candidate_1,candidate_3,3,0.02
3682,candidate_2,candidate_1,candidate_3,3,0.02
3683,candidate_2,candidate_1,candidate_3,3,0.02
3684,candidate_2,candidate_1,candidate_3,3,0.02
3685,candidate_2,candidate_1,candidate_3,3,0.02
3686,candidate_2,candidate_1,candidate_3,3,0.02
3687,0,candidate_1,candidate_3,3,0.02
3688,candidate_2,candidate_1,candidate_3,3,0.02
3689,candidate_2,candidate_1,candidate_3,3,0.02
3690,candidate_2,candidate_1,candidate_3,3,0.02
3691,candidate_2,candidate_1,candidate_3,3,0.02
3692,candidate_2,candidate_1,candidate_3,3,0.02
3693,candidate_2,candidate_1,candidate_3,3,0.02
3694,candidate_2,candidate_1,candidate_3,3,0.02
3695,candidate_2,candidate_1,candidate_3,3,0.02
3696,candidate_2,candidate_1,candidate_3,3,0.02
3697,candidate_2,candidate_1,candidate_3,3,0.02
3698,candidate_2,candidate_1,candidate_3,3,0.02
3699,candidate_2,candidate_1,candidate_3,3,0.02
3700,candidate_2,candidate_1,candidate_3,3,0.02
3701,candidate_2,candidate_1,candidate_3,3,0.02
3702,candidate_2,candidate_1,candidate_3,3,0.02
3703,0,candidate_1,candidate_3,3,0.02
3704,candidate_2,candidate_1,candidate_3,3,0.02
3705,candidate_2,candidate_1,candidate_3,3,0.02
3706,candidate_2,candidate_1,candidate_3,3,0.02
3707,candidate_2,candidate_1,candidate_3,3,0.02
3708,candidate_2,candidate_1,candidate_3,3,0.02
3709,candidate_2,candidate_1,candidate_3,3,0.02
3710,candidate_2,candidate_1,candidate_3,3,0.02
3711,candidate_2,candidate_1,candidate_3,3,0.02
3712,candidate_2,candidate_1,candidate_3,3,0.02
3713,candidate_2,candidate_1,candidate_3,3,0.02
3714,candidate_2,candidate_1,candidate_3,3,0.02
3715,candidate_2,candidate_1,candidate_3,3,0.02
3716,candidate_2,candidate_1,candidate_3,3,0.02
3717,candidate_2,candidate_1,candidate_3,3,0.02
3718,candidate_2,candidate_1,candidate_3,3,0.02
3719,candidate_2,candidate_1,candidate_3,3,0.02
3720,candidate_2,candidate_1,candidate_3,3,0.02
3721,candidate_2,candidate_1,candidate_3,3,0.02
3722,candidate_2,candidate_1,candidate_3,3,0.02
3723,candidate_2,candidate_1,candidate_3,3,0.02
3724,candidate_2,candidate_1,candidate_3,3,0.02
3725,candidate_2,candidate_1,candidate_3,3,0.02
3726,candidate_2,candidate_1,candidate_3,3,0.02
3727,candidate_2,candidate_1,candidate_3,3,0.02
3728,candidate_2,candidate_1,candidate_3,3,0.02
3729,candidate_2,candidate_1,candidate_3,3,0.02
3730,candidate_2,0,candidate_3,3,0.02
3731,candidate_2,candidate_1,candidate_3,3,0.02
3732,candidate_2,candidate_1,candidate_3,3,0.02
3733,candidate_2,candidate_1,candidate_3,3,0.02
3734,candidate_2,candidate_1,candidate_3,3,0.02
3735,candidate_2,candidate_1,candidate_3,3,0.02
3736,candidate_2,candidate_1,candidate_3,3,0.02
3737,candidate_2,candidate_1,candidate_3,3,0.02
3738,candidate_2,0,candidate_3,3,0.02
3739,candidate_2,candidate_1,candidate_3,3,0.02
3740,0,candidate_1,candidate_3,3,0.02
3741,candidate_2,candidate_1,candidate_3,3,0.02
3742,candidate_2,candidate_1,candidate_3,3,0.02
3743,0,candidate_1,candidate_3,3,0.02
3744,candidate_2,candidate_1,candidate_3,3,0.02
3745,candidate_2,candidate_1,candidate_3,3,0.02
3746,candidate_2,candidate_1,candidate_3,3,0.02
3747,candidate_2,candidate_1,candidate_3,3,0.02
3748,candidate_2,candidate_1,candidate_3,3,0.02
3749,candidate_2,0,candidate_3,3,0.02
3750,candidate_2,candidate_1,candidate_3,3,0.02
3751,candidate_2,candidate_1,candidate_3,3,0.02
3752,candidate_2,candidate_1,candidate_3,3,0.02
3753,candidate_2,candidate_1,candidate_3,3,0.02
3754,candidate_2,candidate_1,candidate_3,3,0.02
3755,candidate_2,candidate_1,candidate_3,3,0.02
3756,candidate_2,candidate_1,candidate_3,3,0.02
3757,candidate_2,candidate_1,candidate_3,3,0.02
3758,candidate_2,candidate_1,candidate_3,3,0.02
3759,candidate_2,candidate_1,candidate_3,3,0.02
3760,candidate_2,candidate_1,candidate_3,3,0.02
3761,candidate_2,candidate_1,candidate_3,3,0.02
3762,candidate_2,candidate_1,candidate_3,3,0.02
3763,candidate_2,candidate_1,candidate_3,3,0.02
3764,candidate_2,candidate_1,candidate_3,3,0.02
3765,candidate_2,candidate_1,candidate_3,3,0.02
3766,candidate_2,candidate_1,candidate_3,3,0.02
3767,candidate_2,candidate_1,candidate_3,3,0.02
3768,candidate_2,candidate_1,candidate_3,3,0.02
3769,candidate_2,candidate_1,candidate_3,3,0.02
3770,candidate_2,candidate_1,candidate_3,3,0.02
3771,candidate_2,candidate_1,candidate_3,3,0.02
3772,candidate_2,candidate_1,candidate_3,3,0.02
3773,candidate_2,candidate_1,candidate_3,3,0.02
3774,candidate_2,candidate_1,candidate_3,3,0.02
3775,candidate_2,candidate_1,candidate_3,3,0.02
3776,candidate_2,candidate_1,candidate_3,3,0.02
3777,candidate_2,candidate_1,candidate_3,3,0.02
3778,candidate_2,candidate_1,candidate_3,3,0.02
3779,0,candidate_1,candidate_3,3,0.02
3780,candidate_2,candidate_1,candidate_3,3,0.02
3781,0,candidate_1,0,3,0.02
3782,candidate_2,candidate_1,candidate_3,3,0.02
3783,candidate_2,candidate_1,candidate_3,3,0.02
3784,candidate_2,candidate_1,candidate_3,3,0.02
3785,0,candidate_1,candidate_3,3,0.02
3786,candidate_2,candidate_1,candidate_3,3,0.02
3787,candidate_2,candidate_1,candidate_3,3,0.02
3788,candidate_2,candidate_1,candidate_3,3,0.02
3789,candidate_2,candidate_1,candidate_3,3,0.02
3790,candidate_2,candidate_1,candidate_3,3,0.02
3791,0,candidate_1,candidate_3,3,0.02
3792,candidate_2,candidate_1,candidate_3,3,0.02
3793,candidate_2,candidate_1,candidate_3,3,0.02
3794,candidate_2,candidate_1,candidate_3,3,0.02
3795,candidate_2,candidate_1,candidate_3,3,0.02
3796,candidate_2,candidate_1,candidate_3,3,0.02
3797,candidate_2,candidate_1,candidate_3,3,0.02
3798,0,candidate_1,candidate_3,3,0.02
3799,candidate_2,candidate_1,candidate_3,3,0.02
3800,candidate_2,candidate_1,candidate_3,3,0.02
3801,0,candidate_1,candidate_3,3,0.02
3802,candidate_2,candidate_1,candidate_3,3,0.02
3803,candidate_2,candidate_1,candidate_3,3,0.02
3804,candidate_2,candidate_1,candidate_3,3,0.02
3805,candidate_2,candidate_1,candidate_3,3,0.02
3806,candidate_2,candidate_1,candidate_3,3,0.02
3807,0,candidate_1,candidate_3,3,0.02
3808,candidate_2,candidate_1,candidate_3,3,0.02
3809,candidate_2,candidate_1,candidate_3,3,0.02
3810,candidate_2,candidate_1,candidate_3,3,0.02
3811,candidate_2,candidate_1,candidate_3,3,0.02
3812,0,candidate_1,candidate_3,3,0.02
3813,candidate_2,candidate_1,candidate_3,3,0.02
3814,candidate_2,candidate_1,candidate_3,3,0.02
3815,candidate_2,candidate_1,candidate_3,3,0.02
3816,candidate_2,candidate_1,candidate_3,3,0.02
3817,candidate_2,candidate_1,candidate_3,3,0.02
3818,candidate_2,candidate_1,candidate_3,3,0.02
3819,candidate_2,candidate_1,candidate_3,3,0.02
3820,candidate_2,candidate_1,candidate_3,3,0.02
3821,candidate_2,candidate_1,candidate_3,3,0.02
3822,candidate_2,candidate_1,candidate_3,3,0.02
3823,candidate_2,candidate_1,candidate_3,3,0.02
3824,candidate_2,candidate_1,candidate_3,3,0.02
3825,candidate_2,candidate_1,candidate_3,3,0.02
3826,candidate_2,candidate_1,candidate_3,3,0.02
3827,candidate_2,candidate_1,candidate_3,3,0.02
3828,candidate_2,candidate_1,candidate_3,3,0.02
3829,candidate_2,candidate_1,candidate_3,3,0.02
3830,candidate_2,candidate_1,candidate_3,3,0.02
3831,candidate_2,candidate_1,candidate_3,3,0.02
3832,candidate_2,candidate_1,candidate_3,3,0.02
3833,candidate_2,candidate_1,candidate_3,3,0.02
3834,candidate_2,candidate_1,candidate_3,3,0.02
3835,candidate_2,candidate_1,candidate_3,3,0.02
3836,candidate_2,candidate_1,candidate_3,3,0.02
3837,candidate_2,candidate_1,candidate_3,3,0.02
3838,candidate_2,candidate_1,candidate_3,3,0.02
3839,candidate_2,candidate_1,candidate_3,3,0.02
3840,candidate_2,candidate_1,candidate_3,3,0.02
3841,candidate_2,candidate_1,candidate_3,3,0.02
3842,candidate_2,candidate_1,candidate_3,3,0.02
3843,candidate_2,candidate_1,candidate_3,3,0.02
3844,candidate_2,candidate_1,candidate_3,3,0.02
3845,candidate_2,candidate_1,candidate_3,3,0.02
3846,candidate_2,candidate_1,candidate_3,3,0.02
3847,candidate_2,candidate_1,candidate_3,3,0.02
3848,candidate_2,candidate_1,candidate_3,3,0.02
3849,candidate_2,candidate_1,candidate_3,3,0.02
3850,candidate_2,candidate_1,candidate_3,3,0.02
3851,candidate_2,candidate_1,candidate_3,3,0.02
3852,candidate_2,candidate_1,candidate_3,3,0.02
3853,candidate_2,candidate_1,candidate_3,3,0.02
3854,candidate_2,candidate_1,candidate_3,3,0.02
3855,candidate_2,candidate_1,candidate_3,3,0.02
3856,candidate_2,candidate_1,candidate_3,3,0.02
3857,candidate_2,candidate_1,candidate_3,3,0.02
3858,candidate_2,candidate_1,candidate_3,3,0.02
3859,candidate_2,candidate_1,candidate_3,3,0.02
3860,candidate_2,candidate_1,candidate_3,3,0.02
3861,candidate_2,candidate_1,candidate_3,3,0.02
3862,candidate_2,candidate_1,candidate_3,3,0.02
3863,candidate_2,candidate_1,candidate_3,3,0.02
3864,candidate_2,candidate_1,candidate_3,3,0.02
3865,candidate_2,candidate_1,candidate_3,3,0.02
3866,candidate_2,candidate_1,candidate_3,3,0.02
3867,candidate_2,candidate_1,candidate_3,3,0.02
3868,candidate_2,candidate_1,candidate_3,3,0.02
3869,candidate_2,candidate_1,0,3,0.02
3870,candidate_2,candidate_1,candidate_3,3,0.02
3871,candidate_2,candidate_1,candidate_3,3,0.02
3872,candidate_2,candidate_1,candidate_3,3,0.02
3873,candidate_2,candidate_1,candidate_3,3,0.02
3874,candidate_2,candidate_1,candidate_3,3,0.02
3875,candidate_2,candidate_1,candidate_3,3,0.02
3876,candidate_2,candidate_1,candidate_3,3,0.02
3877,candidate_2,candidate_1,candidate_3,3,0.02
3878,candidate_2,candidate_1,candidate_3,3,0.02
3879,candidate_2,candidate_1,candidate_3,3,0.02
3880,candidate_2,candidate_1,candidate_3,3,0.02
3881,candidate_2,candidate_1,candidate_3,3,0.02
3882,candidate_2,candidate_1,candidate_3,3,0.02
3883,candidate_2,candidate_1,candidate_3,3,0.02
3884,candidate_2,candidate_1,candidate_3,3,0.02
3885,candidate_2,candidate_1,candidate_3,3,0.02
3886,candidate_2,candidate_1,candidate_3,3,0.02
3887,candidate_2,candidate_1,candidate_3,3,0.02
3888,candidate_2,candidate_1,candidate_3,3,0.02
3889,candidate_2,candidate_1,candidate_3,3,0.02
3890,candidate_2,candidate_1,candidate_3,3,0.02
3891,candidate_2,candidate_1,candidate_3,3,0.02
3892,candidate_2,candidate_1,candidate_3,3,0.02
3893,0,candidate_1,candidate_3,3,0.02
3894,candidate_2,candidate_1,candidate_3,3,0.02
3895,candidate_2,candidate_1,candidate_3,3,0.02
3896,candidate_2,candidate_1,candidate_3,3,0.02
3897,candidate_2,candidate_1,candidate_3,3,0.02
3898,candidate_2,0,0,3,0.02
3899,candidate_2,0,candidate_3,3,0.02
3900,candidate_2,candidate_1,candidate_3,3,0.02
3901,candidate_2,candidate_1,candidate_3,3,0.02
3902,candidate_2,candidate_1,candidate_3,3,0.02
3903,candidate_2,candidate_1,candidate_3,3,0.02
3904,candidate_2,candidate_1,candidate_3,3,0.02
3905,candidate_2,candidate_1,candidate_3,3,0.02
3906,candidate_2,candidate_1,candidate_3,3,0.02
3907,candidate_2,candidate_1,candidate_3,3,0.02
3908,candidate_2,candidate_1,candidate_3,3,0.02
3909,candidate_2,candidate_1,candidate_3,3,0.02
3910,candidate_2,candidate_1,candidate_3,3,0.02
3911,candidate_2,candidate_1,candidate_3,3,0.02
3912,candidate_2,candidate_1,candidate_3,3,0.02
3913,candidate_2,candidate_1,candidate_3,3,0.02
3914,candidate_2,candidate_1,candidate_3,3,0.02
3915,candidate_2,candidate_1,candidate_3,3,0.02
3916,candidate_2,candidate_1,candidate_3,3,0.02
3917,candidate_2,candidate_1,candidate_3,3,0.02
3918,candidate_2,candidate_1,candidate_3,3,0.02
3919,candidate_2,candidate_1,candidate_3,3,0.02
3920,candidate_2,candidate_1,candidate_3,3,0.02
3921,candidate_2,candidate_1,candidate_3,3,0.02
3922,candidate_2,candidate_1,candidate_3,3,0.02
3923,candidate_2,candidate_1,candidate_3,3,0.02
3924,candidate_2,candidate_1,candidate_3,3,0.02
3925,candidate_2,candidate_1,candidate_3,3,0.02
3926,candidate_2,candidate_1,candidate_3,3,0.02
3927,candidate_2,candidate_1,candidate_3,3,0.02
3928,candidate_2,candidate_1,candidate_3,3,0.02
3929,candidate_2,candidate_1,candidate_3,3,0.02
3930,candidate_2,candidate_1,candidate_3,3,0.02
3931,candidate_2,candidate_1,candidate_3,3,0.02
3932,candidate_2,candidate_1,candidate_3,3,0.02
3933,candidate_2,candidate_1,candidate_3,3,0.02
3934,candidate_2,candidate_1,candidate_3,3,0.02
3935,candidate_2,candidate_1,candidate_3,3,0.02
3936,candidate_2,candidate_1,candidate_3,3,0.02
3937,candidate_2,candidate_1,candidate_3,3,0.02
3938,candidate_2,candidate_1,candidate_3,3,0.02
3939,candidate_2,candidate_1,candidate_3,3,0.02
3940,candidate_2,candidate_1,candidate_3,3,0.02
3941,candidate_2,candidate_1,candidate_3,3,0.02
3942,candidate_2,candidate_1,candidate_3,3,0.02
3943,candidate_2,candidate_1,candidate_3,3,0.02
3944,candidate_2,candidate_1,candidate_3,3,0.02
3945,candidate_2,candidate_1,candidate_3,3,0.02
3946,candidate_2,candidate_1,candidate_3,3,0.02
3947,candidate_2,candidate_1,candidate_3,3,0.02
3948,candidate_2,candidate_1,candidate_3,3,0.02
3949,candidate_2,candidate_1,candidate_3,3,0.02
3950,candidate_2,candidate_1,candidate_3,3,0.02
3951,candidate_2,candidate_1,candidate_3,3,0.02
3952,candidate_2,candidate_1,candidate_3,3,0.02
3953,candidate_2,candidate_1,candidate_3,3,0.02
3954,candidate_2,candidate_1,candidate_3,3,0.02
3955,candidate_2,candidate_1,candidate_3,3,0.02
3956,candidate_2,candidate_1,candidate_3,3,0.02
3957,candidate_2,candidate_1,candidate_3,3,0.02
3958,candidate_2,candidate_1,candidate_3,3,0.02
3959,candidate_2,candidate_1,candidate_3,3,0.02
3960,candidate_2,candidate_1,candidate_3,3,0.02
3961,candidate_2,candidate_1,candidate_3,3,0.02
3962,candidate_2,candidate_1,candidate_3,3,0.02
3963,candidate_2,candidate_1,candidate_3,3,0.02
3964,candidate_2,candidate_1,candidate_3,3,0.02
3965,candidate_2,candidate_1,candidate_3,3,0.02
3966,candidate_2,candidate_1,candidate_3,3,0.02
3967,candidate_2,candidate_1,candidate_3,3,0.02
3968,candidate_2,candidate_1,candidate_3,3,0.02
3969,candidate_2,candidate_1,candidate_3,3,0.02
3970,candidate_2,candidate_1,candidate_3,3,0.02
3971,candidate_2,candidate_1,candidate_3,3,0.02
3972,0,candidate_1,candidate_3,3,0.02
3973,candidate_2,candidate_1,candidate_3,3,0.02
3974,candidate_2,candidate_1,candidate_3,3,0.02
3975,candidate_2,candidate_1,candidate_3,3,0.02
3976,candidate_2,candidate_1,candidate_3,3,0.02
3977,candidate_2,candidate_1,candidate_3,3,0.02
3978,candidate_2,candidate_1,candidate_3,3,0.02
3979,candidate_2,candidate_1,candidate_3,3,0.02
3980,candidate_2,candidate_1,candidate_3,3,0.02
3981,candidate_2,candidate_1,candidate_3,3,0.02
3982,candidate_2,candidate_1,candidate_3,3,0.02
3983,candidate_2,candidate_1,candidate_3,3,0.02
3984,candidate_2,candidate_1,candidate_3,3,0.02
3985,candidate_2,0,candidate_3,3,0.02
3986,candidate_2,candidate_1,candidate_3,3,0.02
3987,candidate_2,candidate_1,candidate_3,3,0.02
3988,candidate_2,candidate_1,candidate_3,3,0.02
3989,candidate_2,candidate_1,candidate_3,3,0.02
3990,candidate_2,candidate_1,candidate_3,3,0.02
3991,candidate_2,candidate_1,candidate_3,3,0.02
3992,candidate_2,candidate_1,candidate_3,3,0.02
3993,candidate_2,candidate_1,candidate_3,3,0.02
3994,candidate_2,candidate_1,candidate_3,3,0.02
3995,candidate_2,candidate_1,candidate_3,3,0.02
3996,candidate_2,candidate_1,candidate_3,3,0.02
3997,candidate_2,candidate_1,candidate_3,3,0.02
3998,candidate_2,candidate_1,candidate_3,3,0.02
3999,candidate_2,candidate_1,candidate_3,3,0.02
4000,candidate_2,candidate_1,candidate_3,3,0.02
4001,candidate_2,candidate_1,candidate_3,3,0.02
4002,candidate_2,candidate_1,candidate_3,3,0.02
4003,candidate_2,candidate_1,candidate_3,3,0.02
4004,candidate_2,candidate_1,candidate_3,3,0.02
4005,candidate_2,candidate_1,candidate_3,3,0.02
4006,0,candidate_1,candidate_3,3,0.02
4007,candidate_2,candidate_1,candidate_3,3,0.02
4008,candidate_2,candidate_1,candidate_3,3,0.02
4009,candidate_2,candidate_1,candidate_3,3,0.02
4010,candidate_2,candidate_1,candidate_3,3,0.02
4011,candidate_2,candidate_1,candidate_3,3,0.02
4012,candidate_2,candidate_1,candidate_3,3,0.02
4013,candidate_2,candidate_1,candidate_3,3,0.02
4014,candidate_2,candidate_1,candidate_3,3,0.02
4015,candidate_2,candidate_1,candidate_3,3,0.02
4016,candidate_2,candidate_1,candidate_3,3,0.02
4017,candidate_2,candidate_1,candidate_3,3,0.02
4018,candidate_2,candidate_1,candidate_3,3,0.02
4019,candidate_2,candidate_1,candidate_3,3,0.02
4020,candidate_2,candidate_1,candidate_3,3,0.02
4021,candidate_2,candidate_1,candidate_3,3,0.02
4022,candidate_2,candidate_1,candidate_3,3,0.02
4023,candidate_2,candidate_1,candidate_3,3,0.02
4024,candidate_2,candidate_1,candidate_3,3,0.02
4025,candidate_2,candidate_1,candidate_3,3,0.02
4026,candidate_2,0,candidate_3,3,0.02
4027,candidate_2,candidate_1,candidate_3,3,0.02
4028,candidate_2,candidate_1,candidate_3,3,0.02
4029,candidate_2,0,candidate_3,3,0.02
4030,candidate_2,candidate_1,candidate_3,3,0.02
4031,candidate_2,candidate_1,candidate_3,3,0.02
4032,candidate_2,candidate_1,candidate_3,3,0.02
4033,candidate_2,candidate_1,candidate_3,3,0.02
4034,candidate_2,candidate_1,candidate_3,3,0.02
4035,candidate_2,candidate_1,candidate_3,3,0.02
4036,candidate_2,candidate_1,candidate_3,3,0.02
4037,candidate_2,candidate_1,candidate_3,3,0.02
4038,candidate_2,candidate_1,candidate_3,3,0.02
4039,candidate_2,candidate_1,candidate_3,3,0.02
4040,candidate_2,candidate_1,candidate_3,3,0.02
4041,candidate_2,candidate_1,candidate_3,3,0.02
4042,candidate_2,candidate_1,candidate_3,3,0.02
4043,candidate_2,candidate_1,candidate_3,3,0.02
4044,candidate_2,candidate_1,candidate_3,3,0.02
4045,candidate_2,candidate_1,candidate_3,3,0.02
4046,candidate_2,candidate_1,candidate_3,3,0.02
4047,candidate_2,candidate_1,candidate_3,3,0.02
4048,candidate_2,0,candidate_3,3,0.02
4049,candidate_2,candidate_1,candidate_3,3,0.02
4050,candidate_2,candidate_1,candidate_3,3,0.02
4051,candidate_2,candidate_1,candidate_3,3,0.02
4052,candidate_2,candidate_1,candidate_3,3,0.02
4053,candidate_2,candidate_1,candidate_3,3,0.02
4054,candidate_2,candidate_1,candidate_3,3,0.02
4055,candidate_2,candidate_1,candidate_3,3,0.02
4056,candidate_2,candidate_1,candidate_3,3,0.02
4057,candidate_2,candidate_1,candidate_3,3,0.02
4058,candidate_2,candidate_1,candidate_3,3,0.02
4059,candidate_2,candidate_1,candidate_3,3,0.02
4060,candidate_2,candidate_1,candidate_3,3,0.02
4061,candidate_2,candidate_1,candidate_3,3,0.02
4062,candidate_2,candidate_1,candidate_3,3,0.02
4063,candidate_2,candidate_1,candidate_3,3,0.02
4064,candidate_2,candidate_1,candidate_3,3,0.02
4065,candidate_2,candidate_1,candidate_3,3,0.02
4066,candidate_2,candidate_1,candidate_3,3,0.02
4067,candidate_2,candidate_1,candidate_3,3,0.02
4068,candidate_2,candidate_1,candidate_3,3,0.02
4069,candidate_2,candidate_1,candidate_3,3,0.02
4070,candidate_2,candidate_1,candidate_3,3,0.02
4071,candidate_2,candidate_1,candidate_3,3,0.02
4072,candidate_2,candidate_1,candidate_3,3,0.02
4073,candidate_2,candidate_1,candidate_3,3,0.02
4074,candidate_2,candidate_1,candidate_3,3,0.02
4075,candidate_2,candidate_1,candidate_3,3,0.02
4076,candidate_2,candidate_1,candidate_3,3,0.02
4077,candidate_2,candidate_1,candidate_3,3,0.02
4078,candidate_2,candidate_1,candidate_3,3,0.02
4079,candidate_2,candidate_1,candidate_3,3,0.02
4080,candidate_2,candidate_1,candidate_3,3,0.02
4081,candidate_2,candidate_1,candidate_3,3,0.02
4082,0,candidate_1,candidate_3,3,0.02
4083,candidate_2,candidate_1,candidate_3,3,0.02
4084,candidate_2,0,candidate_3,3,0.02
4085,candidate_2,candidate_1,candidate_3,3,0.02
4086,candidate_2,candidate_1,candidate_3,3,0.02
4087,candidate_2,candidate_1,candidate_3,3,0.02
4088,candidate_2,candidate_1,candidate_3,3,0.02
4089,candidate_2,candidate_1,candidate_3,3,0.02
4090,candidate_2,candidate_1,candidate_3,3,0.02
4091,candidate_2,candidate_1,candidate_3,3,0.02
4092,candidate_2,candidate_1,candidate_3,3,0.02
4093,candidate_2,candidate_1,candidate_3,3,0.02
4094,candidate_2,candidate_1,candidate_3,3,0.02
4095,candidate_2,candidate_1,candidate_3,3,0.02
4096,candidate_2,candidate_1,candidate_3,3,0.02
4097,candidate_2,candidate_1,candidate_3,3,0.02
4098,candidate_2,candidate_1,candidate_3,3,0.02
4099,candidate_2,0,candidate_3,3,0.02
4100,candidate_2,candidate_1,candidate_3,3,0.02
4101,candidate_2,candidate_1,candidate_3,3,0.02
4102,candidate_2,candidate_1,candidate_3,3,0.02
4103,candidate_2,candidate_1,candidate_3,3,0.02
4104,candidate_2,candidate_1,0,3,0.02
4105,candidate_2,candidate_1,candidate_3,3,0.02
4106,candidate_2,candidate_1,candidate_3,3,0.02
4107,candidate_2,candidate_1,candidate_3,3,0.02
4108,candidate_2,candidate_1,candidate_3,3,0.02
4109,candidate_2,candidate_1,candidate_3,3,0.02
4110,candidate_2,candidate_1,candidate_3,3,0.02
4111,0,candidate_1,candidate_3,3,0.02
4112,candidate_2,candidate_1,candidate_3,3,0.02
4113,candidate_2,candidate_1,candidate_3,3,0.02
4114,candidate_2,candidate_1,candidate_3,3,0.02
4115,candidate_2,candidate_1,candidate_3,3,0.02
4116,candidate_2,candidate_1,candidate_3,3,0.02
4117,candidate_2,candidate_1,candidate_3,3,0.02
4118,candidate_2,candidate_1,candidate_3,3,0.02
4119,candidate_2,candidate_1,candidate_3,3,0.02
4120,candidate_2,candidate_1,candidate_3,3,0.02
4121,candidate_2,candidate_1,candidate_3,3,0.02
4122,candidate_2,candidate_1,candidate_3,3,0.02
4123,candidate_2,candidate_1,candidate_3,3,0.02
4124,candidate_2,candidate_1,0,3,0.02
4125,candidate_2,candidate_1,candidate_3,3,0.02
4126,candidate_2,candidate_1,candidate_3,3,0.02
4127,candidate_2,candidate_1,candidate_3,3,0.02
4128,candidate_2,candidate_1,candidate_3,3,0.02
4129,candidate_2,candidate_1,candidate_3,3,0.02
4130,candidate_2,candidate_1,candidate_3,3,0.02
4131,candidate_2,candidate_1,candidate_3,3,0.02
4132,candidate_2,candidate_1,candidate_3,3,0.02
4133,candidate_2,candidate_1,candidate_3,3,0.02
4134,candidate_2,candidate_1,candidate_3,3,0.02
4135,candidate_2,candidate_1,candidate_3,3,0.02
0,candidate_2,candidate_3,candidate_1,3,0.02
1,candidate_2,candidate_3,candidate_1,3,0.02
2,candidate_2,candidate_3,candidate_1,3,0.02
3,candidate_2,candidate_3,candidate_1,3,0.02
4,candidate_2,candidate_3,candidate_1,3,0.02
5,candidate_2,candidate_3,candidate_1,3,0.02
6,candidate_2,candidate_3,candidate_1,3,0.02
7,candidate_2,candidate_3,candidate_1,3,0.02
8,candidate_2,candidate_3,candidate_1,3,0.02
9,candidate_2,candidate_3,candidate_1,3,0.02
10,candidate_2,candidate_3,candidate_1,3,0.02
11,candidate_2,candidate_3,candidate_1,3,0.02
12,candidate_2,candidate_3,candidate_1,3,0.02
13,candidate_2,candidate_3,candidate_1,3,0.02
14,candidate_2,candidate_3,candidate_1,3,0.02
15,candidate_2,candidate_3,candidate_1,3,0.02
16,candidate_2,candidate_3,candidate_1,3,0.02
17,candidate_2,candidate_3,candidate_1,3,0.02
18,candidate_2,candidate_3,candidate_1,3,0.02
19,candidate_2,candidate_3,candidate_1,3,0.02
20,candidate_2,candidate_3,candidate_1,3,0.02
21,candidate_2,candidate_3,candidate_1,3,0.02
22,candidate_2,candidate_3,candidate_1,3,0.02
23,candidate_2,candidate_3,candidate_1,3,0.02
24,candidate_2,candidate_3,candidate_1,3,0.02
25,candidate_2,candidate_3,candidate_1,3,0.02
26,candidate_2,candidate_3,candidate_1,3,0.02
27,candidate_2,candidate_3,candidate_1,3,0.02
28,candidate_2,candidate_3,candidate_1,3,0.02
29,candidate_2,candidate_3,candidate_1,3,0.02
30,candidate_2,candidate_3,candidate_1,3,0.02
31,candidate_2,candidate_3,0,3,0.02
32,candidate_2,candidate_3,candidate_1,3,0.02
33,candidate_2,candidate_3,candidate_1,3,0.02
34,candidate_2,candidate_3,candidate_1,3,0.02
35,candidate_2,candidate_3,candidate_1,3,0.02
36,candidate_2,candidate_3,candidate_1,3,0.02
37,candidate_2,candidate_3,candidate_1,3,0.02
38,candidate_2,candidate_3,candidate_1,3,0.02
39,candidate_2,candidate_3,candidate_1,3,0.02
40,candidate_2,candidate_3,candidate_1,3,0.02
41,candidate_2,candidate_3,candidate_1,3,0.02
42,candidate_2,candidate_3,candidate_1,3,0.02
43,candidate_2,candidate_3,candidate_1,3,0.02
44,candidate_2,candidate_3,candidate_1,3,0.02
45,candidate_2,candidate_3,candidate_1,3,0.02
46,candidate_2,candidate_3,candidate_1,3,0.02
47,candidate_2,candidate_3,candidate_1,3,0.02
48,candidate_2,candidate_3,candidate_1,3,0.02
49,candidate_2,candidate_3,candidate_1,3,0.02
50,candidate_2,candidate_3,candidate_1,3,0.02
51,candidate_2,candidate_3,candidate_1,3,0.02
52,candidate_2,candidate_3,candidate_1,3,0.02
53,candidate_2,candidate_3,candidate_1,3,0.02
54,candidate_2,candidate_3,candidate_1,3,0.02
55,candidate_2,candidate_3,candidate_1,3,0.02
56,candidate_2,candidate_3,candidate_1,3,0.02
57,candidate_2,candidate_3,candidate_1,3,0.02
58,candidate_2,candidate_3,candidate_1,3,0.02
59,candidate_2,candidate_3,candidate_1,3,0.02
60,candidate_2,candidate_3,candidate_1,3,0.02
61,candidate_2,candidate_3,candidate_1,3,0.02
62,candidate_2,candidate_3,candidate_1,3,0.02
63,candidate_2,candidate_3,candidate_1,3,0.02
64,candidate_2,candidate_3,candidate_1,3,0.02
65,candidate_2,candidate_3,candidate_1,3,0.02
66,candidate_2,candidate_3,candidate_1,3,0.02
67,candidate_2,candidate_3,candidate_1,3,0.02
68,candidate_2,0,candidate_1,3,0.02
69,candidate_2,candidate_3,candidate_1,3,0.02
70,candidate_2,candidate_3,candidate_1,3,0.02
71,candidate_2,candidate_3,candidate_1,3,0.02
72,candidate_2,candidate_3,candidate_1,3,0.02
73,candidate_2,candidate_3,candidate_1,3,0.02
74,candidate_2,candidate_3,candidate_1,3,0.02
75,candidate_2,candidate_3,candidate_1,3,0.02
76,candidate_2,candidate_3,candidate_1,3,0.02
77,candidate_2,candidate_3,candidate_1,3,0.02
78,candidate_2,candidate_3,candidate_1,3,0.02
79,candidate_2,candidate_3,candidate_1,3,0.02
80,candidate_2,candidate_3,candidate_1,3,0.02
81,candidate_2,candidate_3,candidate_1,3,0.02
82,candidate_2,candidate_3,candidate_1,3,0.02
83,candidate_2,candidate_3,candidate_1,3,0.02
84,candidate_2,candidate_3,candidate_1,3,0.02
85,candidate_2,candidate_3,candidate_1,3,0.02
86,candidate_2,candidate_3,candidate_1,3,0.02
87,candidate_2,candidate_3,candidate_1,3,0.02
88,candidate_2,candidate_3,candidate_1,3,0.02
89,candidate_2,candidate_3,candidate_1,3,0.02
90,candidate_2,candidate_3,candidate_1,3,0.02
91,candidate_2,candidate_3,candidate_1,3,0.02
92,candidate_2,candidate_3,candidate_1,3,0.02
93,candidate_2,candidate_3,candidate_1,3,0.02
94,candidate_2,candidate_3,candidate_1,3,0.02
95,candidate_2,candidate_3,0,3,0.02
96,candidate_2,candidate_3,candidate_1,3,0.02
97,candidate_2,candidate_3,candidate_1,3,0.02
98,candidate_2,candidate_3,candidate_1,3,0.02
99,candidate_2,candidate_3,candidate_1,3,0.02
100,candidate_2,candidate_3,0,3,0.02
101,candidate_2,candidate_3,candidate_1,3,0.02
102,candidate_2,candidate_3,candidate_1,3,0.02
103,candidate_2,candidate_3,candidate_1,3,0.02
104,candidate_2,candidate_3,candidate_1,3,0.02
105,candidate_2,candidate_3,candidate_1,3,0.02
106,candidate_2,candidate_3,candidate_1,3,0.02
107,candidate_2,candidate_3,candidate_1,3,0.02
108,candidate_2,candidate_3,candidate_1,3,0.02
109,candidate_2,candidate_3,candidate_1,3,0.02
110,candidate_2,candidate_3,candidate_1,3,0.02
111,candidate_2,candidate_3,candidate_1,3,0.02
112,candidate_2,candidate_3,candidate_1,3,0.02
113,candidate_2,candidate_3,candidate_1,3,0.02
114,candidate_2,candidate_3,candidate_1,3,0.02
115,candidate_2,candidate_3,candidate_1,3,0.02
116,candidate_2,candidate_3,candidate_1,3,0.02
117,candidate_2,candidate_3,candidate_1,3,0.02
118,candidate_2,candidate_3,candidate_1,3,0.02
119,candidate_2,candidate_3,candidate_1,3,0.02
120,candidate_2,candidate_3,candidate_1,3,0.02
121,candidate_2,candidate_3,candidate_1,3,0.02
122,candidate_2,candidate_3,candidate_1,3,0.02
123,candidate_2,candidate_3,candidate_1,3,0.02
124,candidate_2,candidate_3,candidate_1,3,0.02
125,0,candidate_3,candidate_1,3,0.02
126,candidate_2,candidate_3,candidate_1,3,0.02
127,candidate_2,candidate_3,candidate_1,3,0.02
128,candidate_2,candidate_3,candidate_1,3,0.02
129,candidate_2,candidate_3,candidate_1,3,0.02
130,candidate_2,candidate_3,candidate_1,3,0.02
131,candidate_2,candidate_3,candidate_1,3,0.02
132,candidate_2,candidate_3,candidate_1,3,0.02
133,candidate_2,candidate_3,candidate_1,3,0.02
134,candidate_2,candidate_3,candidate_1,3,0.02
135,candidate_2,candidate_3,candidate_1,3,0.02
136,candidate_2,candidate_3,candidate_1,3,0.02
137,candidate_2,candidate_3,candidate_1,3,0.02
138,candidate_2,candidate_3,candidate_1,3,0.02
139,candidate_2,candidate_3,candidate_1,3,0.02
140,candidate_2,candidate_3,candidate_1,3,0.02
141,candidate_2,candidate_3,candidate_1,3,0.02
142,candidate_2,candidate_3,candidate_1,3,0.02
143,candidate_2,candidate_3,candidate_1,3,0.02
144,candidate_2,candidate_3,candidate_1,3,0.02
145,candidate_2,candidate_3,candidate_1,3,0.02
146,candidate_2,candidate_3,candidate_1,3,0.02
147,candidate_2,candidate_3,candidate_1,3,0.02
148,candidate_2,candidate_3,candidate_1,3,0.02
149,candidate_2,candidate_3,candidate_1,3,0.02
150,candidate_2,candidate_3,candidate_1,3,0.02
151,candidate_2,candidate_3,candidate_1,3,0.02
152,candidate_2,candidate_3,candidate_1,3,0.02
153,candidate_2,candidate_3,candidate_1,3,0.02
154,candidate_2,candidate_3,candidate_1,3,0.02
155,candidate_2,candidate_3,candidate_1,3,0.02
156,candidate_2,candidate_3,candidate_1,3,0.02
157,candidate_2,candidate_3,candidate_1,3,0.02
158,candidate_2,candidate_3,candidate_1,3,0.02
159,candidate_2,candidate_3,0,3,0.02
160,candidate_2,candidate_3,candidate_1,3,0.02
161,candidate_2,candidate_3,candidate_1,3,0.02
162,candidate_2,candidate_3,candidate_1,3,0.02
163,candidate_2,candidate_3,candidate_1,3,0.02
164,candidate_2,candidate_3,candidate_1,3,0.02
165,candidate_2,candidate_3,candidate_1,3,0.02
166,candidate_2,candidate_3,candidate_1,3,0.02
167,0,candidate_3,candidate_1,3,0.02
168,candidate_2,candidate_3,candidate_1,3,0.02
169,candidate_2,candidate_3,candidate_1,3,0.02
170,candidate_2,candidate_3,candidate_1,3,0.02
171,candidate_2,candidate_3,candidate_1,3,0.02
172,candidate_2,candidate_3,candidate_1,3,0.02
173,candidate_2,candidate_3,candidate_1,3,0.02
174,candidate_2,candidate_3,candidate_1,3,0.02
175,candidate_2,candidate_3,candidate_1,3,0.02
176,candidate_2,candidate_3,candidate_1,3,0.02
177,candidate_2,candidate_3,candidate_1,3,0.02
178,candidate_2,candidate_3,candidate_1,3,0.02
179,candidate_2,candidate_3,candidate_1,3,0.02
180,candidate_2,candidate_3,candidate_1,3,0.02
181,candidate_2,candidate_3,candidate_1,3,0.02
182,candidate_2,candidate_3,candidate_1,3,0.02
183,candidate_2,candidate_3,candidate_1,3,0.02
184,candidate_2,0,candidate_1,3,0.02
185,candidate_2,candidate_3,candidate_1,3,0.02
186,candidate_2,candidate_3,candidate_1,3,0.02
187,candidate_2,candidate_3,candidate_1,3,0.02
188,candidate_2,candidate_3,candidate_1,3,0.02
189,candidate_2,candidate_3,candidate_1,3,0.02
190,candidate_2,candidate_3,candidate_1,3,0.02
191,candidate_2,candidate_3,candidate_1,3,0.02
192,candidate_2,candidate_3,0,3,0.02
193,candidate_2,candidate_3,candidate_1,3,0.02
194,candidate_2,candidate_3,candidate_1,3,0.02
195,candidate_2,candidate_3,candidate_1,3,0.02
196,candidate_2,candidate_3,candidate_1,3,0.02
197,candidate_2,candidate_3,candidate_1,3,0.02
198,candidate_2,candidate_3,candidate_1,3,0.02
199,candidate_2,candidate_3,candidate_1,3,0.02
200,candidate_2,candidate_3,candidate_1,3,0.02
201,candidate_2,candidate_3,candidate_1,3,0.02
202,candidate_2,candidate_3,candidate_1,3,0.02
203,candidate_2,candidate_3,candidate_1,3,0.02
204,candidate_2,candidate_3,candidate_1,3,0.02
205,candidate_2,candidate_3,candidate_1,3,0.02
206,candidate_2,candidate_3,candidate_1,3,0.02
207,candidate_2,candidate_3,candidate_1,3,0.02
208,candidate_2,candidate_3,candidate_1,3,0.02
209,candidate_2,candidate_3,candidate_1,3,0.02
210,candidate_2,candidate_3,candidate_1,3,0.02
211,0,candidate_3,candidate_1,3,0.02
212,candidate_2,candidate_3,candidate_1,3,0.02
213,candidate_2,candidate_3,candidate_1,3,0.02
214,candidate_2,candidate_3,candidate_1,3,0.02
215,candidate_2,candidate_3,candidate_1,3,0.02
216,0,candidate_3,candidate_1,3,0.02
217,candidate_2,candidate_3,candidate_1,3,0.02
218,candidate_2,candidate_3,candidate_1,3,0.02
219,candidate_2,candidate_3,candidate_1,3,0.02
220,candidate_2,candidate_3,candidate_1,3,0.02
221,candidate_2,candidate_3,candidate_1,3,0.02
222,candidate_2,candidate_3,candidate_1,3,0.02
223,candidate_2,candidate_3,candidate_1,3,0.02
224,candidate_2,candidate_3,candidate_1,3,0.02
225,candidate_2,candidate_3,candidate_1,3,0.02
226,candidate_2,candidate_3,candidate_1,3,0.02
227,candidate_2,0,candidate_1,3,0.02
228,candidate_2,candidate_3,candidate_1,3,0.02
229,candidate_2,candidate_3,candidate_1,3,0.02
230,candidate_2,candidate_3,candidate_1,3,0.02
231,candidate_2,candidate_3,candidate_1,3,0.02
232,candidate_2,candidate_3,candidate_1,3,0.02
233,candidate_2,candidate_3,candidate_1,3,0.02
234,candidate_2,candidate_3,candidate_1,3,0.02
235,candidate_2,candidate_3,candidate_1,3,0.02
236,candidate_2,candidate_3,candidate_1,3,0.02
237,candidate_2,candidate_3,candidate_1,3,0.02
238,candidate_2,candidate_3,candidate_1,3,0.02
239,candidate_2,candidate_3,candidate_1,3,0.02
240,candidate_2,candidate_3,candidate_1,3,0.02
241,candidate_2,candidate_3,candidate_1,3,0.02
242,candidate_2,candidate_3,candidate_1,3,0.02
243,0,candidate_3,candidate_1,3,0.02
244,candidate_2,candidate_3,candidate_1,3,0.02
245,candidate_2,candidate_3,candidate_1,3,0.02
246,candidate_2,candidate_3,candidate_1,3,0.02
247,candidate_2,candidate_3,candidate_1,3,0.02
248,candidate_2,candidate_3,candidate_1,3,0.02
249,candidate_2,candidate_3,candidate_1,3,0.02
250,candidate_2,candidate_3,candidate_1,3,0.02
251,candidate_2,candidate_3,candidate_1,3,0.02
252,candidate_2,candidate_3,candidate_1,3,0.02
253,candidate_2,candidate_3,candidate_1,3,0.02
254,candidate_2,candidate_3,candidate_1,3,0.02
255,candidate_2,candidate_3,candidate_1,3,0.02
256,candidate_2,candidate_3,candidate_1,3,0.02
257,candidate_2,candidate_3,candidate_1,3,0.02
258,candidate_2,candidate_3,candidate_1,3,0.02
259,candidate_2,candidate_3,0,3,0.02
260,candidate_2,candidate_3,candidate_1,3,0.02
261,candidate_2,candidate_3,candidate_1,3,0.02
262,candidate_2,candidate_3,candidate_1,3,0.02
263,candidate_2,candidate_3,candidate_1,3,0.02
264,candidate_2,candidate_3,candidate_1,3,0.02
265,candidate_2,candidate_3,candidate_1,3,0.02
266,candidate_2,candidate_3,candidate_1,3,0.02
267,candidate_2,candidate_3,candidate_1,3,0.02
268,candidate_2,candidate_3,candidate_1,3,0.02
269,candidate_2,candidate_3,candidate_1,3,0.02
270,candidate_2,0,candidate_1,3,0.02
271,candidate_2,candidate_3,candidate_1,3,0.02
272,candidate_2,0,candidate_1,3,0.02
273,candidate_2,candidate_3,candidate_1,3,0.02
274,candidate_2,candidate_3,candidate_1,3,0.02
275,candidate_2,candidate_3,candidate_1,3,0.02
276,candidate_2,candidate_3,candidate_1,3,0.02
277,candidate_2,candidate_3,candidate_1,3,0.02
278,candidate_2,candidate_3,candidate_1,3,0.02
279,candidate_2,candidate_3,candidate_1,3,0.02
280,candidate_2,candidate_3,candidate_1,3,0.02
281,candidate_2,candidate_3,candidate_1,3,0.02
282,candidate_2,candidate_3,candidate_1,3,0.02
283,candidate_2,candidate_3,candidate_1,3,0.02
284,candidate_2,candidate_3,candidate_1,3,0.02
285,candidate_2,candidate_3,candidate_1,3,0.02
286,candidate_2,candidate_3,candidate_1,3,0.02
287,candidate_2,candidate_3,candidate_1,3,0.02
288,candidate_2,0,candidate_1,3,0.02
289,candidate_2,candidate_3,candidate_1,3,0.02
290,candidate_2,candidate_3,candidate_1,3,0.02
291,candidate_2,candidate_3,candidate_1,3,0.02
292,0,candidate_3,candidate_1,3,0.02
293,candidate_2,candidate_3,candidate_1,3,0.02
294,candidate_2,candidate_3,candidate_1,3,0.02
295,candidate_2,candidate_3,candidate_1,3,0.02
296,candidate_2,candidate_3,candidate_1,3,0.02
297,candidate_2,candidate_3,candidate_1,3,0.02
298,candidate_2,candidate_3,candidate_1,3,0.02
299,candidate_2,candidate_3,candidate_1,3,0.02
300,candidate_2,candidate_3,candidate_1,3,0.02
301,candidate_2,candidate_3,candidate_1,3,0.02
302,candidate_2,0,candidate_1,3,0.02
303,candidate_2,candidate_3,candidate_1,3,0.02
304,candidate_2,candidate_3,candidate_1,3,0.02
305,candidate_2,candidate_3,candidate_1,3,0.02
306,candidate_2,candidate_3,candidate_1,3,0.02
307,candidate_2,candidate_3,candidate_1,3,0.02
308,candidate_2,candidate_3,candidate_1,3,0.02
309,candidate_2,candidate_3,candidate_1,3,0.02
310,candidate_2,candidate_3,candidate_1,3,0.02
311,candidate_2,candidate_3,candidate_1,3,0.02
312,candidate_2,candidate_3,candidate_1,3,0.02
313,candidate_2,candidate_3,candidate_1,3,0.02
314,candidate_2,candidate_3,candidate_1,3,0.02
315,candidate_2,candidate_3,candidate_1,3,0.02
316,0,candidate_3,candidate_1,3,0.02
317,candidate_2,candidate_3,candidate_1,3,0.02
318,candidate_2,candidate_3,candidate_1,3,0.02
319,candidate_2,candidate_3,candidate_1,3,0.02
320,candidate_2,candidate_3,candidate_1,3,0.02
321,candidate_2,candidate_3,candidate_1,3,0.02
322,candidate_2,candidate_3,0,3,0.02
323,candidate_2,candidate_3,candidate_1,3,0.02
324,candidate_2,candidate_3,candidate_1,3,0.02
325,candidate_2,candidate_3,candidate_1,3,0.02
326,candidate_2,candidate_3,candidate_1,3,0.02
327,candidate_2,candidate_3,candidate_1,3,0.02
328,candidate_2,candidate_3,candidate_1,3,0.02
329,candidate_2,candidate_3,candidate_1,3,0.02
330,candidate_2,candidate_3,candidate_1,3,0.02
331,candidate_2,candidate_3,candidate_1,3,0.02
332,candidate_2,candidate_3,candidate_1,3,0.02
333,candidate_2,candidate_3,candidate_1,3,0.02
334,candidate_2,candidate_3,candidate_1,3,0.02
335,candidate_2,candidate_3,candidate_1,3,0.02
336,candidate_2,candidate_3,candidate_1,3,0.02
337,candidate_2,candidate_3,candidate_1,3,0.02
338,candidate_2,candidate_3,candidate_1,3,0.02
339,candidate_2,candidate_3,candidate_1,3,0.02
340,candidate_2,candidate_3,0,3,0.02
341,candidate_2,candidate_3,candidate_1,3,0.02
342,candidate_2,candidate_3,candidate_1,3,0.02
343,candidate_2,0,candidate_1,3,0.02
344,candidate_2,candidate_3,candidate_1,3,0.02
345,candidate_2,candidate_3,candidate_1,3,0.02
346,candidate_2,candidate_3,candidate_1,3,0.02
347,candidate_2,candidate_3,candidate_1,3,0.02
348,candidate_2,candidate_3,candidate_1,3,0.02
349,candidate_2,0,candidate_1,3,0.02
350,candidate_2,candidate_3,candidate_1,3,0.02
351,candidate_2,candidate_3,candidate_1,3,0.02
352,candidate_2,candidate_3,candidate_1,3,0.02
353,candidate_2,candidate_3,candidate_1,3,0.02
354,candidate_2,candidate_3,candidate_1,3,0.02
355,candidate_2,candidate_3,candidate_1,3,0.02
356,candidate_2,candidate_3,candidate_1,3,0.02
357,candidate_2,candidate_3,candidate_1,3,0.02
358,candidate_2,candidate_3,candidate_1,3,0.02
359,candidate_2,candidate_3,candidate_1,3,0.02
360,candidate_2,candidate_3,candidate_1,3,0.02
361,candidate_2,0,candidate_1,3,0.02
362,candidate_2,candidate_3,candidate_1,3,0.02
363,candidate_2,candidate_3,candidate_1,3,0.02
364,candidate_2,candidate_3,candidate_1,3,0.02
365,candidate_2,candidate_3,candidate_1,3,0.02
366,candidate_2,candidate_3,candidate_1,3,0.02
367,candidate_2,candidate_3,candidate_1,3,0.02
368,candidate_2,candidate_3,candidate_1,3,0.02
369,candidate_2,candidate_3,candidate_1,3,0.02
370,candidate_2,candidate_3,candidate_1,3,0.02
371,candidate_2,candidate_3,candidate_1,3,0.02
372,candidate_2,candidate_3,candidate_1,3,0.02
373,candidate_2,candidate_3,candidate_1,3,0.02
374,candidate_2,candidate_3,candidate_1,3,0.02
375,candidate_2,candidate_3,candidate_1,3,0.02
376,candidate_2,0,candidate_1,3,0.02
377,candidate_2,candidate_3,candidate_1,3,0.02
378,candidate_2,candidate_3,candidate_1,3,0.02
379,candidate_2,candidate_3,candidate_1,3,0.02
380,candidate_2,candidate_3,candidate_1,3,0.02
381,candidate_2,candidate_3,candidate_1,3,0.02
382,candidate_2,candidate_3,candidate_1,3,0.02
383,candidate_2,candidate_3,candidate_1,3,0.02
384,candidate_2,candidate_3,candidate_1,3,0.02
385,candidate_2,candidate_3,candidate_1,3,0.02
386,candidate_2,candidate_3,candidate_1,3,0.02
387,candidate_2,candidate_3,candidate_1,3,0.02
388,candidate_2,candidate_3,candidate_1,3,0.02
389,candidate_2,candidate_3,candidate_1,3,0.02
390,candidate_2,candidate_3,candidate_1,3,0.02
391,candidate_2,candidate_3,candidate_1,3,0.02
392,candidate_2,candidate_3,candidate_1,3,0.02
393,candidate_2,candidate_3,candidate_1,3,0.02
394,candidate_2,candidate_3,candidate_1,3,0.02
395,candidate_2,candidate_3,candidate_1,3,0.02
396,0,candidate_3,candidate_1,3,0.02
397,candidate_2,candidate_3,candidate_1,3,0.02
398,candidate_2,candidate_3,candidate_1,3,0.02
399,candidate_2,candidate_3,candidate_1,3,0.02
400,candidate_2,candidate_3,candidate_1,3,0.02
401,candidate_2,candidate_3,candidate_1,3,0.02
402,candidate_2,candidate_3,candidate_1,3,0.02
403,candidate_2,candidate_3,candidate_1,3,0.02
404,candidate_2,candidate_3,candidate_1,3,0.02
405,candidate_2,candidate_3,candidate_1,3,0.02
406,candidate_2,candidate_3,candidate_1,3,0.02
407,candidate_2,candidate_3,candidate_1,3,0.02
408,candidate_2,candidate_3,candidate_1,3,0.02
409,candidate_2,candidate_3,candidate_1,3,0.02
410,candidate_2,candidate_3,candidate_1,3,0.02
411,candidate_2,candidate_3,candidate_1,3,0.02
412,candidate_2,candidate_3,candidate_1,3,0.02
413,candidate_2,candidate_3,candidate_1,3,0.02
414,candidate_2,candidate_3,candidate_1,3,0.02
415,candidate_2,candidate_3,candidate_1,3,0.02
416,candidate_2,candidate_3,candidate_1,3,0.02
417,candidate_2,candidate_3,candidate_1,3,0.02
418,candidate_2,candidate_3,candidate_1,3,0.02
419,candidate_2,candidate_3,candidate_1,3,0.02
420,candidate_2,candidate_3,candidate_1,3,0.02
421,candidate_2,candidate_3,candidate_1,3,0.02
422,candidate_2,candidate_3,candidate_1,3,0.02
423,candidate_2,candidate_3,candidate_1,3,0.02
424,candidate_2,candidate_3,candidate_1,3,0.02
425,candidate_2,candidate_3,candidate_1,3,0.02
426,candidate_2,candidate_3,candidate_1,3,0.02
427,candidate_2,candidate_3,candidate_1,3,0.02
428,0,candidate_3,candidate_1,3,0.02
429,candidate_2,candidate_3,candidate_1,3,0.02
430,candidate_2,candidate_3,candidate_1,3,0.02
431,candidate_2,candidate_3,candidate_1,3,0.02
432,candidate_2,candidate_3,candidate_1,3,0.02
433,candidate_2,candidate_3,candidate_1,3,0.02
434,candidate_2,candidate_3,candidate_1,3,0.02
435,candidate_2,candidate_3,candidate_1,3,0.02
436,candidate_2,candidate_3,candidate_1,3,0.02
437,candidate_2,candidate_3,candidate_1,3,0.02
438,candidate_2,candidate_3,candidate_1,3,0.02
439,candidate_2,candidate_3,candidate_1,3,0.02
440,candidate_2,candidate_3,candidate_1,3,0.02
441,candidate_2,candidate_3,candidate_1,3,0.02
442,candidate_2,candidate_3,candidate_1,3,0.02
443,candidate_2,candidate_3,candidate_1,3,0.02
444,candidate_2,candidate_3,candidate_1,3,0.02
445,candidate_2,candidate_3,candidate_1,3,0.02
446,candidate_2,candidate_3,candidate_1,3,0.02
447,candidate_2,candidate_3,candidate_1,3,0.02
448,candidate_2,candidate_3,candidate_1,3,0.02
449,candidate_2,candidate_3,candidate_1,3,0.02
450,candidate_2,candidate_3,candidate_1,3,0.02
451,candidate_2,candidate_3,candidate_1,3,0.02
452,candidate_2,candidate_3,candidate_1,3,0.02
453,candidate_2,candidate_3,candidate_1,3,0.02
454,candidate_2,candidate_3,candidate_1,3,0.02
455,candidate_2,candidate_3,candidate_1,3,0.02
456,candidate_2,candidate_3,candidate_1,3,0.02
457,candidate_2,candidate_3,candidate_1,3,0.02
458,candidate_2,candidate_3,candidate_1,3,0.02
459,candidate_2,candidate_3,candidate_1,3,0.02
460,candidate_2,candidate_3,candidate_1,3,0.02
461,candidate_2,candidate_3,candidate_1,3,0.02
462,candidate_2,candidate_3,candidate_1,3,0.02
463,candidate_2,candidate_3,candidate_1,3,0.02
464,candidate_2,candidate_3,candidate_1,3,0.02
465,candidate_2,candidate_3,candidate_1,3,0.02
466,candidate_2,candidate_3,candidate_1,3,0.02
467,candidate_2,candidate_3,candidate_1,3,0.02
468,candidate_2,candidate_3,candidate_1,3,0.02
469,candidate_2,candidate_3,candidate_1,3,0.02
470,candidate_2,candidate_3,candidate_1,3,0.02
471,candidate_2,candidate_3,candidate_1,3,0.02
472,candidate_2,candidate_3,candidate_1,3,0.02
473,candidate_2,candidate_3,candidate_1,3,0.02
474,candidate_2,candidate_3,candidate_1,3,0.02
475,candidate_2,candidate_3,candidate_1,3,0.02
476,candidate_2,candidate_3,candidate_1,3,0.02
477,candidate_2,candidate_3,candidate_1,3,0.02
478,candidate_2,candidate_3,candidate_1,3,0.02
479,candidate_2,candidate_3,candidate_1,3,0.02
480,candidate_2,candidate_3,candidate_1,3,0.02
481,candidate_2,candidate_3,candidate_1,3,0.02
482,candidate_2,candidate_3,candidate_1,3,0.02
483,candidate_2,candidate_3,candidate_1,3,0.02
484,candidate_2,candidate_3,candidate_1,3,0.02
485,candidate_2,candidate_3,candidate_1,3,0.02
486,candidate_2,candidate_3,0,3,0.02
487,candidate_2,candidate_3,candidate_1,3,0.02
488,candidate_2,candidate_3,candidate_1,3,0.02
489,candidate_2,candidate_3,candidate_1,3,0.02
490,candidate_2,candidate_3,candidate_1,3,0.02
491,candidate_2,candidate_3,candidate_1,3,0.02
492,candidate_2,candidate_3,candidate_1,3,0.02
493,candidate_2,candidate_3,candidate_1,3,0.02
494,candidate_2,candidate_3,candidate_1,3,0.02
495,candidate_2,candidate_3,candidate_1,3,0.02
496,candidate_2,candidate_3,candidate_1,3,0.02
497,candidate_2,candidate_3,candidate_1,3,0.02
498,candidate_2,candidate_3,candidate_1,3,0.02
499,candidate_2,candidate_3,candidate_1,3,0.02
500,candidate_2,candidate_3,candidate_1,3,0.02
501,candidate_2,candidate_3,candidate_1,3,0.02
502,candidate_2,candidate_3,candidate_1,3,0.02
503,candidate_2,candidate_3,candidate_1,3,0.02
504,candidate_2,candidate_3,candidate_1,3,0.02
505,candidate_2,candidate_3,candidate_1,3,0.02
506,candidate_2,candidate_3,candidate_1,3,0.02
507,candidate_2,candidate_3,candidate_1,3,0.02
508,candidate_2,candidate_3,candidate_1,3,0.02
509,candidate_2,candidate_3,candidate_1,3,0.02
510,candidate_2,candidate_3,candidate_1,3,0.02
511,candidate_2,candidate_3,candidate_1,3,0.02
512,candidate_2,candidate_3,candidate_1,3,0.02
513,candidate_2,candidate_3,candidate_1,3,0.02
514,candidate_2,candidate_3,candidate_1,3,0.02
515,candidate_2,candidate_3,candidate_1,3,0.02
516,candidate_2,candidate_3,candidate_1,3,0.02
517,candidate_2,candidate_3,candidate_1,3,0.02
518,candidate_2,candidate_3,candidate_1,3,0.02
519,candidate_2,candidate_3,candidate_1,3,0.02
520,candidate_2,candidate_3,candidate_1,3,0.02
521,candidate_2,candidate_3,candidate_1,3,0.02
522,candidate_2,candidate_3,candidate_1,3,0.02
523,candidate_2,candidate_3,candidate_1,3,0.02
524,candidate_2,candidate_3,candidate_1,3,0.02
525,candidate_2,candidate_3,candidate_1,3,0.02
526,candidate_2,candidate_3,candidate_1,3,0.02
527,candidate_2,candidate_3,candidate_1,3,0.02
528,candidate_2,candidate_3,candidate_1,3,0.02
529,candidate_2,candidate_3,candidate_1,3,0.02
530,candidate_2,candidate_3,candidate_1,3,0.02
531,candidate_2,candidate_3,candidate_1,3,0.02
532,candidate_2,candidate_3,candidate_1,3,0.02
533,candidate_2,candidate_3,candidate_1,3,0.02
534,candidate_2,candidate_3,candidate_1,3,0.02
535,candidate_2,candidate_3,candidate_1,3,0.02
536,candidate_2,candidate_3,candidate_1,3,0.02
537,candidate_2,candidate_3,candidate_1,3,0.02
538,candidate_2,candidate_3,candidate_1,3,0.02
539,candidate_2,candidate_3,candidate_1,3,0.02
540,candidate_2,candidate_3,candidate_1,3,0.02
541,0,candidate_3,candidate_1,3,0.02
542,candidate_2,candidate_3,candidate_1,3,0.02
543,candidate_2,candidate_3,candidate_1,3,0.02
544,candidate_2,candidate_3,candidate_1,3,0.02
545,candidate_2,candidate_3,candidate_1,3,0.02
546,candidate_2,candidate_3,candidate_1,3,0.02
547,candidate_2,candidate_3,candidate_1,3,0.02
548,candidate_2,candidate_3,candidate_1,3,0.02
549,candidate_2,candidate_3,candidate_1,3,0.02
550,candidate_2,candidate_3,candidate_1,3,0.02
551,candidate_2,candidate_3,candidate_1,3,0.02
552,candidate_2,candidate_3,candidate_1,3,0.02
553,candidate_2,candidate_3,candidate_1,3,0.02
554,candidate_2,0,candidate_1,3,0.02
555,candidate_2,candidate_3,candidate_1,3,0.02
556,candidate_2,candidate_3,candidate_1,3,0.02
557,candidate_2,candidate_3,candidate_1,3,0.02
558,candidate_2,candidate_3,candidate_1,3,0.02
559,candidate_2,candidate_3,candidate_1,3,0.02
560,candidate_2,candidate_3,candidate_1,3,0.02
561,candidate_2,candidate_3,candidate_1,3,0.02
562,candidate_2,candidate_3,candidate_1,3,0.02
563,candidate_2,candidate_3,candidate_1,3,0.02
564,candidate_2,candidate_3,candidate_1,3,0.02
565,candidate_2,candidate_3,candidate_1,3,0.02
566,candidate_2,candidate_3,candidate_1,3,0.02
567,candidate_2,candidate_3,candidate_1,3,0.02
568,candidate_2,candidate_3,candidate_1,3,0.02
569,candidate_2,candidate_3,candidate_1,3,0.02
570,candidate_2,candidate_3,candidate_1,3,0.02
571,candidate_2,candidate_3,candidate_1,3,0.02
572,candidate_2,candidate_3,candidate_1,3,0.02
573,candidate_2,candidate_3,candidate_1,3,0.02
574,candidate_2,candidate_3,candidate_1,3,0.02
575,candidate_2,candidate_3,candidate_1,3,0.02
576,candidate_2,0,candidate_1,3,0.02
577,candidate_2,candidate_3,candidate_1,3,0.02
578,candidate_2,candidate_3,candidate_1,3,0.02
579,candidate_2,candidate_3,candidate_1,3,0.02
580,candidate_2,candidate_3,candidate_1,3,0.02
581,candidate_2,candidate_3,candidate_1,3,0.02
582,candidate_2,candidate_3,candidate_1,3,0.02
583,candidate_2,candidate_3,candidate_1,3,0.02
584,candidate_2,0,candidate_1,3,0.02
585,candidate_2,candidate_3,candidate_1,3,0.02
586,candidate_2,candidate_3,candidate_1,3,0.02
587,candidate_2,candidate_3,candidate_1,3,0.02
588,candidate_2,candidate_3,candidate_1,3,0.02
589,candidate_2,candidate_3,candidate_1,3,0.02
590,candidate_2,candidate_3,candidate_1,3,0.02
591,candidate_2,candidate_3,candidate_1,3,0.02
592,candidate_2,candidate_3,candidate_1,3,0.02
593,candidate_2,candidate_3,candidate_1,3,0.02
594,candidate_2,candidate_3,candidate_1,3,0.02
595,candidate_2,candidate_3,candidate_1,3,0.02
596,candidate_2,candidate_3,candidate_1,3,0.02
597,candidate_2,candidate_3,candidate_1,3,0.02
598,candidate_2,candidate_3,candidate_1,3,0.02
599,candidate_2,candidate_3,candidate_1,3,0.02
600,candidate_2,candidate_3,0,3,0.02
601,candidate_2,candidate_3,candidate_1,3,0.02
602,candidate_2,candidate_3,candidate_1,3,0.02
603,candidate_2,candidate_3,candidate_1,3,0.02
604,candidate_2,candidate_3,candidate_1,3,0.02
605,candidate_2,candidate_3,candidate_1,3,0.02
606,candidate_2,candidate_3,candidate_1,3,0.02
607,candidate_2,candidate_3,candidate_1,3,0.02
608,candidate_2,candidate_3,candidate_1,3,0.02
609,candidate_2,candidate_3,candidate_1,3,0.02
610,candidate_2,candidate_3,candidate_1,3,0.02
611,candidate_2,candidate_3,candidate_1,3,0.02
612,candidate_2,candidate_3,candidate_1,3,0.02
613,candidate_2,candidate_3,candidate_1,3,0.02
614,candidate_2,candidate_3,candidate_1,3,0.02
615,candidate_2,candidate_3,candidate_1,3,0.02
616,candidate_2,candidate_3,candidate_1,3,0.02
617,candidate_2,candidate_3,candidate_1,3,0.02
618,candidate_2,candidate_3,candidate_1,3,0.02
619,candidate_2,candidate_3,candidate_1,3,0.02
620,candidate_2,candidate_3,candidate_1,3,0.02
621,candidate_2,candidate_3,candidate_1,3,0.02
622,candidate_2,candidate_3,candidate_1,3,0.02
623,candidate_2,candidate_3,candidate_1,3,0.02
624,candidate_2,candidate_3,candidate_1,3,0.02
625,candidate_2,candidate_3,candidate_1,3,0.02
626,candidate_2,candidate_3,candidate_1,3,0.02
627,candidate_2,candidate_3,candidate_1,3,0.02
628,candidate_2,candidate_3,candidate_1,3,0.02
629,candidate_2,candidate_3,candidate_1,3,0.02
630,candidate_2,candidate_3,candidate_1,3,0.02
631,candidate_2,candidate_3,candidate_1,3,0.02
632,candidate_2,candidate_3,candidate_1,3,0.02
633,candidate_2,candidate_3,candidate_1,3,0.02
634,candidate_2,candidate_3,candidate_1,3,0.02
635,candidate_2,candidate_3,candidate_1,3,0.02
636,candidate_2,candidate_3,candidate_1,3,0.02
637,candidate_2,candidate_3,candidate_1,3,0.02
638,candidate_2,candidate_3,candidate_1,3,0.02
639,candidate_2,candidate_3,candidate_1,3,0.02
640,candidate_2,candidate_3,0,3,0.02
641,candidate_2,candidate_3,candidate_1,3,0.02
642,candidate_2,candidate_3,candidate_1,3,0.02
643,candidate_2,candidate_3,candidate_1,3,0.02
644,candidate_2,candidate_3,candidate_1,3,0.02
645,candidate_2,candidate_3,candidate_1,3,0.02
646,candidate_2,candidate_3,candidate_1,3,0.02
647,candidate_2,candidate_3,candidate_1,3,0.02
648,candidate_2,candidate_3,candidate_1,3,0.02
649,candidate_2,candidate_3,candidate_1,3,0.02
650,candidate_2,candidate_3,candidate_1,3,0.02
651,candidate_2,candidate_3,candidate_1,3,0.02
652,candidate_2,candidate_3,candidate_1,3,0.02
653,candidate_2,0,candidate_1,3,0.02
654,candidate_2,candidate_3,candidate_1,3,0.02
655,candidate_2,candidate_3,candidate_1,3,0.02
656,candidate_2,candidate_3,candidate_1,3,0.02
657,candidate_2,candidate_3,0,3,0.02
658,candidate_2,candidate_3,candidate_1,3,0.02
659,candidate_2,candidate_3,candidate_1,3,0.02
660,candidate_2,candidate_3,candidate_1,3,0.02
661,candidate_2,candidate_3,candidate_1,3,0.02
662,candidate_2,candidate_3,candidate_1,3,0.02
663,candidate_2,candidate_3,candidate_1,3,0.02
664,candidate_2,candidate_3,candidate_1,3,0.02
665,candidate_2,candidate_3,candidate_1,3,0.02
666,candidate_2,candidate_3,candidate_1,3,0.02
667,candidate_2,candidate_3,candidate_1,3,0.02
668,candidate_2,candidate_3,candidate_1,3,0.02
669,candidate_2,candidate_3,candidate_1,3,0.02
670,candidate_2,candidate_3,candidate_1,3,0.02
671,candidate_2,candidate_3,candidate_1,3,0.02
672,candidate_2,candidate_3,candidate_1,3,0.02
673,candidate_2,candidate_3,candidate_1,3,0.02
674,candidate_2,candidate_3,candidate_1,3,0.02
675,candidate_2,candidate_3,candidate_1,3,0.02
676,candidate_2,candidate_3,candidate_1,3,0.02
677,candidate_2,candidate_3,candidate_1,3,0.02
678,candidate_2,candidate_3,candidate_1,3,0.02
679,candidate_2,candidate_3,candidate_1,3,0.02
680,candidate_2,candidate_3,candidate_1,3,0.02
681,candidate_2,0,candidate_1,3,0.02
682,candidate_2,candidate_3,candidate_1,3,0.02
683,candidate_2,candidate_3,candidate_1,3,0.02
684,candidate_2,candidate_3,candidate_1,3,0.02
685,candidate_2,candidate_3,candidate_1,3,0.02
686,candidate_2,candidate_3,candidate_1,3,0.02
687,candidate_2,candidate_3,candidate_1,3,0.02
688,candidate_2,candidate_3,0,3,0.02
689,candidate_2,candidate_3,candidate_1,3,0.02
690,candidate_2,candidate_3,candidate_1,3,0.02
691,candidate_2,candidate_3,candidate_1,3,0.02
692,candidate_2,candidate_3,candidate_1,3,0.02
693,candidate_2,candidate_3,candidate_1,3,0.02
694,candidate_2,candidate_3,candidate_1,3,0.02
695,candidate_2,candidate_3,candidate_1,3,0.02
696,candidate_2,candidate_3,candidate_1,3,0.02
697,candidate_2,candidate_3,candidate_1,3,0.02
698,candidate_2,candidate_3,candidate_1,3,0.02
699,candidate_2,candidate_3,candidate_1,3,0.02
700,candidate_2,candidate_3,candidate_1,3,0.02
701,candidate_2,candidate_3,candidate_1,3,0.02
702,candidate_2,candidate_3,candidate_1,3,0.02
703,candidate_2,candidate_3,candidate_1,3,0.02
704,candidate_2,candidate_3,candidate_1,3,0.02
705,candidate_2,candidate_3,candidate_1,3,0.02
706,candidate_2,candidate_3,candidate_1,3,0.02
707,candidate_2,candidate_3,candidate_1,3,0.02
708,candidate_2,candidate_3,candidate_1,3,0.02
709,candidate_2,candidate_3,candidate_1,3,0.02
710,candidate_2,candidate_3,candidate_1,3,0.02
711,candidate_2,candidate_3,candidate_1,3,0.02
712,candidate_2,candidate_3,candidate_1,3,0.02
713,candidate_2,0,candidate_1,3,0.02
714,candidate_2,candidate_3,candidate_1,3,0.02
715,candidate_2,candidate_3,candidate_1,3,0.02
716,0,candidate_3,candidate_1,3,0.02
717,candidate_2,candidate_3,candidate_1,3,0.02
718,candidate_2,candidate_3,candidate_1,3,0.02
719,candidate_2,candidate_3,candidate_1,3,0.02
720,candidate_2,candidate_3,candidate_1,3,0.02
721,candidate_2,candidate_3,candidate_1,3,0.02
722,candidate_2,candidate_3,candidate_1,3,0.02
723,candidate_2,candidate_3,candidate_1,3,0.02
724,candidate_2,candidate_3,candidate_1,3,0.02
725,candidate_2,candidate_3,candidate_1,3,0.02
726,candidate_2,candidate_3,candidate_1,3,0.02
727,candidate_2,candidate_3,candidate_1,3,0.02
728,candidate_2,candidate_3,candidate_1,3,0.02
729,candidate_2,candidate_3,candidate_1,3,0.02
730,candidate_2,candidate_3,candidate_1,3,0.02
731,0,candidate_3,candidate_1,3,0.02
732,candidate_2,candidate_3,candidate_1,3,0.02
733,candidate_2,candidate_3,candidate_1,3,0.02
734,candidate_2,candidate_3,candidate_1,3,0.02
735,candidate_2,candidate_3,candidate_1,3,0.02
736,candidate_2,candidate_3,candidate_1,3,0.02
737,candidate_2,candidate_3,candidate_1,3,0.02
738,candidate_2,candidate_3,candidate_1,3,0.02
739,candidate_2,candidate_3,candidate_1,3,0.02
740,candidate_2,candidate_3,candidate_1,3,0.02
741,candidate_2,candidate_3,candidate_1,3,0.02
742,candidate_2,candidate_3,candidate_1,3,0.02
743,candidate_2,candidate_3,candidate_1,3,0.02
744,0,candidate_3,candidate_1,3,0.02
745,candidate_2,candidate_3,candidate_1,3,0.02
746,candidate_2,candidate_3,candidate_1,3,0.02
747,candidate_2,candidate_3,candidate_1,3,0.02
748,candidate_2,candidate_3,candidate_1,3,0.02
749,candidate_2,candidate_3,candidate_1,3,0.02
750,candidate_2,candidate_3,candidate_1,3,0.02
751,candidate_2,candidate_3,candidate_1,3,0.02
752,candidate_2,candidate_3,0,3,0.02
753,candidate_2,candidate_3,candidate_1,3,0.02
754,candidate_2,candidate_3,candidate_1,3,0.02
755,candidate_2,candidate_3,candidate_1,3,0.02
756,candidate_2,candidate_3,candidate_1,3,0.02
757,candidate_2,candidate_3,candidate_1,3,0.02
758,candidate_2,candidate_3,candidate_1,3,0.02
759,candidate_2,candidate_3,candidate_1,3,0.02
760,candidate_2,candidate_3,candidate_1,3,0.02
761,candidate_2,candidate_3,candidate_1,3,0.02
762,candidate_2,candidate_3,candidate_1,3,0.02
763,candidate_2,candidate_3,0,3,0.02
764,candidate_2,candidate_3,candidate_1,3,0.02
765,candidate_2,candidate_3,candidate_1,3,0.02
766,candidate_2,candidate_3,candidate_1,3,0.02
767,candidate_2,candidate_3,candidate_1,3,0.02
768,candidate_2,candidate_3,candidate_1,3,0.02
769,candidate_2,candidate_3,candidate_1,3,0.02
770,candidate_2,candidate_3,candidate_1,3,0.02
771,candidate_2,candidate_3,0,3,0.02
772,candidate_2,candidate_3,candidate_1,3,0.02
773,candidate_2,candidate_3,candidate_1,3,0.02
774,candidate_2,candidate_3,candidate_1,3,0.02
775,candidate_2,candidate_3,candidate_1,3,0.02
776,candidate_2,candidate_3,candidate_1,3,0.02
777,candidate_2,candidate_3,candidate_1,3,0.02
778,candidate_2,candidate_3,0,3,0.02
779,candidate_2,candidate_3,candidate_1,3,0.02
780,candidate_2,candidate_3,candidate_1,3,0.02
781,candidate_2,candidate_3,candidate_1,3,0.02
782,candidate_2,candidate_3,candidate_1,3,0.02
783,candidate_2,candidate_3,candidate_1,3,0.02
784,candidate_2,0,candidate_1,3,0.02
785,candidate_2,candidate_3,candidate_1,3,0.02
786,candidate_2,candidate_3,candidate_1,3,0.02
787,candidate_2,candidate_3,candidate_1,3,0.02
788,candidate_2,candidate_3,candidate_1,3,0.02
789,candidate_2,candidate_3,candidate_1,3,0.02
790,candidate_2,candidate_3,candidate_1,3,0.02
791,candidate_2,candidate_3,candidate_1,3,0.02
792,candidate_2,candidate_3,candidate_1,3,0.02
793,candidate_2,candidate_3,candidate_1,3,0.02
794,candidate_2,candidate_3,candidate_1,3,0.02
795,candidate_2,candidate_3,candidate_1,3,0.02
796,candidate_2,candidate_3,candidate_1,3,0.02
797,candidate_2,candidate_3,candidate_1,3,0.02
798,candidate_2,candidate_3,candidate_1,3,0.02
799,candidate_2,candidate_3,candidate_1,3,0.02
800,candidate_2,candidate_3,candidate_1,3,0.02
801,candidate_2,candidate_3,candidate_1,3,0.02
802,candidate_2,candidate_3,candidate_1,3,0.02
803,candidate_2,candidate_3,candidate_1,3,0.02
804,candidate_2,candidate_3,candidate_1,3,0.02
805,candidate_2,candidate_3,candidate_1,3,0.02
806,candidate_2,candidate_3,candidate_1,3,0.02
807,candidate_2,candidate_3,candidate_1,3,0.02
808,candidate_2,candidate_3,candidate_1,3,0.02
809,candidate_2,candidate_3,candidate_1,3,0.02
810,candidate_2,candidate_3,candidate_1,3,0.02
811,candidate_2,candidate_3,candidate_1,3,0.02
812,candidate_2,candidate_3,candidate_1,3,0.02
813,candidate_2,candidate_3,candidate_1,3,0.02
814,candidate_2,candidate_3,candidate_1,3,0.02
815,candidate_2,candidate_3,candidate_1,3,0.02
816,candidate_2,candidate_3,candidate_1,3,0.02
817,0,0,candidate_1,3,0.02
818,candidate_2,candidate_3,candidate_1,3,0.02
819,candidate_2,candidate_3,candidate_1,3,0.02
820,candidate_2,candidate_3,candidate_1,3,0.02
821,candidate_2,candidate_3,candidate_1,3,0.02
822,candidate_2,candidate_3,candidate_1,3,0.02
823,candidate_2,candidate_3,candidate_1,3,0.02
824,candidate_2,candidate_3,candidate_1,3,0.02
825,candidate_2,candidate_3,candidate_1,3,0.02
826,candidate_2,candidate_3,candidate_1,3,0.02
827,candidate_2,candidate_3,candidate_1,3,0.02
828,candidate_2,candidate_3,candidate_1,3,0.02
829,candidate_2,candidate_3,candidate_1,3,0.02
830,0,candidate_3,candidate_1,3,0.02
831,candidate_2,candidate_3,candidate_1,3,0.02
832,candidate_2,candidate_3,candidate_1,3,0.02
833,candidate_2,candidate_3,candidate_1,3,0.02
834,candidate_2,candidate_3,candidate_1,3,0.02
835,candidate_2,candidate_3,candidate_1,3,0.02
836,candidate_2,candidate_3,candidate_1,3,0.02
837,candidate_2,candidate_3,candidate_1,3,0.02
838,candidate_2,candidate_3,candidate_1,3,0.02
839,candidate_2,candidate_3,candidate_1,3,0.02
840,candidate_2,candidate_3,candidate_1,3,0.02
841,candidate_2,candidate_3,candidate_1,3,0.02
842,candidate_2,candidate_3,candidate_1,3,0.02
843,candidate_2,candidate_3,candidate_1,3,0.02
844,candidate_2,candidate_3,candidate_1,3,0.02
845,candidate_2,candidate_3,candidate_1,3,0.02
846,candidate_2,candidate_3,candidate_1,3,0.02
847,candidate_2,candidate_3,candidate_1,3,0.02
848,candidate_2,candidate_3,candidate_1,3,0.02
849,candidate_2,candidate_3,candidate_1,3,0.02
850,candidate_2,candidate_3,candidate_1,3,0.02
851,candidate_2,candidate_3,candidate_1,3,0.02
852,candidate_2,candidate_3,candidate_1,3,0.02
853,candidate_2,candidate_3,candidate_1,3,0.02
854,candidate_2,candidate_3,candidate_1,3,0.02
855,candidate_2,candidate_3,candidate_1,3,0.02
856,candidate_2,candidate_3,candidate_1,3,0.02
857,candidate_2,candidate_3,candidate_1,3,0.02
858,candidate_2,candidate_3,candidate_1,3,0.02
859,candidate_2,candidate_3,candidate_1,3,0.02
860,candidate_2,candidate_3,candidate_1,3,0.02
861,candidate_2,candidate_3,candidate_1,3,0.02
862,candidate_2,candidate_3,candidate_1,3,0.02
863,candidate_2,candidate_3,candidate_1,3,0.02
864,candidate_2,candidate_3,candidate_1,3,0.02
865,candidate_2,candidate_3,candidate_1,3,0.02
866,candidate_2,candidate_3,candidate_1,3,0.02
867,candidate_2,candidate_3,candidate_1,3,0.02
868,candidate_2,candidate_3,candidate_1,3,0.02
869,candidate_2,candidate_3,candidate_1,3,0.02
870,candidate_2,candidate_3,candidate_1,3,0.02
871,candidate_2,candidate_3,candidate_1,3,0.02
872,candidate_2,candidate_3,candidate_1,3,0.02
873,0,candidate_3,candidate_1,3,0.02
874,candidate_2,candidate_3,candidate_1,3,0.02
875,candidate_2,candidate_3,candidate_1,3,0.02
876,candidate_2,candidate_3,candidate_1,3,0.02
877,candidate_2,candidate_3,candidate_1,3,0.02
878,candidate_2,candidate_3,candidate_1,3,0.02
879,candidate_2,candidate_3,candidate_1,3,0.02
880,candidate_2,candidate_3,candidate_1,3,0.02
881,candidate_2,candidate_3,candidate_1,3,0.02
882,candidate_2,candidate_3,candidate_1,3,0.02
883,candidate_2,0,candidate_1,3,0.02
884,candidate_2,candidate_3,candidate_1,3,0.02
885,candidate_2,candidate_3,candidate_1,3,0.02
886,candidate_2,candidate_3,candidate_1,3,0.02
887,candidate_2,candidate_3,candidate_1,3,0.02
888,candidate_2,candidate_3,candidate_1,3,0.02
889,candidate_2,candidate_3,candidate_1,3,0.02
890,candidate_2,candidate_3,candidate_1,3,0.02
891,candidate_2,candidate_3,candidate_1,3,0.02
892,candidate_2,candidate_3,candidate_1,3,0.02
893,candidate_2,candidate_3,candidate_1,3,0.02
894,candidate_2,candidate_3,candidate_1,3,0.02
895,candidate_2,candidate_3,candidate_1,3,0.02
896,candidate_2,candidate_3,candidate_1,3,0.02
897,candidate_2,candidate_3,candidate_1,3,0.02
898,candidate_2,candidate_3,candidate_1,3,0.02
899,candidate_2,candidate_3,candidate_1,3,0.02
900,candidate_2,candidate_3,candidate_1,3,0.02
901,candidate_2,candidate_3,candidate_1,3,0.02
902,candidate_2,candidate_3,candidate_1,3,0.02
903,0,candidate_3,candidate_1,3,0.02
904,candidate_2,candidate_3,candidate_1,3,0.02
905,candidate_2,candidate_3,candidate_1,3,0.02
906,candidate_2,candidate_3,candidate_1,3,0.02
907,candidate_2,candidate_3,candidate_1,3,0.02
908,candidate_2,candidate_3,candidate_1,3,0.02
909,candidate_2,candidate_3,candidate_1,3,0.02
910,candidate_2,candidate_3,candidate_1,3,0.02
911,candidate_2,candidate_3,candidate_1,3,0.02
912,candidate_2,candidate_3,candidate_1,3,0.02
913,candidate_2,candidate_3,candidate_1,3,0.02
914,candidate_2,candidate_3,candidate_1,3,0.02
915,candidate_2,candidate_3,candidate_1,3,0.02
916,candidate_2,candidate_3,candidate_1,3,0.02
917,candidate_2,candidate_3,candidate_1,3,0.02
918,candidate_2,candidate_3,candidate_1,3,0.02
919,candidate_2,0,candidate_1,3,0.02
920,candidate_2,candidate_3,candidate_1,3,0.02
921,candidate_2,candidate_3,candidate_1,3,0.02
922,candidate_2,candidate_3,candidate_1,3,0.02
923,candidate_2,candidate_3,candidate_1,3,0.02
924,candidate_2,candidate_3,candidate_1,3,0.02
925,candidate_2,candidate_3,candidate_1,3,0.02
926,candidate_2,candidate_3,candidate_1,3,0.02
927,candidate_2,candidate_3,candidate_1,3,0.02
928,candidate_2,candidate_3,candidate_1,3,0.02
929,candidate_2,candidate_3,candidate_1,3,0.02
930,candidate_2,candidate_3,candidate_1,3,0.02
931,candidate_2,candidate_3,candidate_1,3,0.02
932,candidate_2,candidate_3,candidate_1,3,0.02
933,candidate_2,candidate_3,candidate_1,3,0.02
934,candidate_2,candidate_3,candidate_1,3,0.02
935,candidate_2,candidate_3,candidate_1,3,0.02
936,candidate_2,candidate_3,candidate_1,3,0.02
937,candidate_2,candidate_3,candidate_1,3,0.02
938,candidate_2,candidate_3,candidate_1,3,0.02
939,candidate_2,candidate_3,candidate_1,3,0.02
940,candidate_2,candidate_3,candidate_1,3,0.02
941,candidate_2,candidate_3,candidate_1,3,0.02
942,candidate_2,candidate_3,candidate_1,3,0.02
943,candidate_2,candidate_3,candidate_1,3,0.02
944,candidate_2,candidate_3,candidate_1,3,0.02
945,candidate_2,candidate_3,candidate_1,3,0.02
946,candidate_2,candidate_3,0,3,0.02
947,0,candidate_3,candidate_1,3,0.02
948,candidate_2,candidate_3,candidate_1,3,0.02
949,candidate_2,candidate_3,candidate_1,3,0.02
950,candidate_2,candidate_3,candidate_1,3,0.02
951,candidate_2,candidate_3,candidate_1,3,0.02
952,candidate_2,candidate_3,candidate_1,3,0.02
953,candidate_2,candidate_3,candidate_1,3,0.02
954,candidate_2,candidate_3,candidate_1,3,0.02
955,candidate_2,candidate_3,candidate_1,3,0.02
956,candidate_2,candidate_3,candidate_1,3,0.02
957,candidate_2,candidate_3,candidate_1,3,0.02
958,candidate_2,candidate_3,candidate_1,3,0.02
959,candidate_2,candidate_3,candidate_1,3,0.02
960,candidate_2,candidate_3,candidate_1,3,0.02
961,candidate_2,candidate_3,candidate_1,3,0.02
962,candidate_2,candidate_3,candidate_1,3,0.02
963,candidate_2,candidate_3,candidate_1,3,0.02
964,candidate_2,0,candidate_1,3,0.02
965,candidate_2,candidate_3,candidate_1,3,0.02
966,candidate_2,candidate_3,candidate_1,3,0.02
967,candidate_2,candidate_3,candidate_1,3,0.02
968,candidate_2,candidate_3,candidate_1,3,0.02
969,candidate_2,candidate_3,candidate_1,3,0.02
970,candidate_2,candidate_3,candidate_1,3,0.02
971,candidate_2,candidate_3,candidate_1,3,0.02
972,candidate_2,candidate_3,candidate_1,3,0.02
973,candidate_2,candidate_3,candidate_1,3,0.02
974,candidate_2,candidate_3,candidate_1,3,0.02
975,candidate_2,candidate_3,candidate_1,3,0.02
976,candidate_2,candidate_3,candidate_1,3,0.02
977,candidate_2,candidate_3,candidate_1,3,0.02
978,candidate_2,candidate_3,candidate_1,3,0.02
979,candidate_2,candidate_3,0,3,0.02
980,candidate_2,candidate_3,candidate_1,3,0.02
981,candidate_2,candidate_3,candidate_1,3,0.02
982,candidate_2,candidate_3,candidate_1,3,0.02
983,candidate_2,candidate_3,candidate_1,3,0.02
984,candidate_2,candidate_3,candidate_1,3,0.02
985,candidate_2,candidate_3,candidate_1,3,0.02
986,candidate_2,candidate_3,candidate_1,3,0.02
987,candidate_2,candidate_3,candidate_1,3,0.02
988,candidate_2,candidate_3,candidate_1,3,0.02
989,candidate_2,candidate_3,candidate_1,3,0.02
990,candidate_2,candidate_3,candidate_1,3,0.02
991,candidate_2,candidate_3,0,3,0.02
992,candidate_2,candidate_3,candidate_1,3,0.02
993,candidate_2,candidate_3,candidate_1,3,0.02
994,candidate_2,candidate_3,candidate_1,3,0.02
995,candidate_2,candidate_3,candidate_1,3,0.02
996,candidate_2,candidate_3,candidate_1,3,0.02
997,candidate_2,candidate_3,candidate_1,3,0.02
998,candidate_2,candidate_3,candidate_1,3,0.02
999,candidate_2,candidate_3,candidate_1,3,0.02
1000,candidate_2,candidate_3,candidate_1,3,0.02
1001,candidate_2,candidate_3,candidate_1,3,0.02
1002,candidate_2,candidate_3,candidate_1,3,0.02
1003,0,candidate_3,candidate_1,3,0.02
1004,candidate_2,candidate_3,candidate_1,3,0.02
1005,candidate_2,candidate_3,candidate_1,3,0.02
1006,candidate_2,candidate_3,candidate_1,3,0.02
1007,candidate_2,candidate_3,candidate_1,3,0.02
1008,candidate_2,candidate_3,candidate_1,3,0.02
1009,candidate_2,candidate_3,0,3,0.02
1010,candidate_2,candidate_3,candidate_1,3,0.02
1011,candidate_2,candidate_3,candidate_1,3,0.02
1012,candidate_2,candidate_3,candidate_1,3,0.02
1013,candidate_2,candidate_3,candidate_1,3,0.02
1014,candidate_2,candidate_3,candidate_1,3,0.02
1015,candidate_2,candidate_3,candidate_1,3,0.02
1016,candidate_2,candidate_3,candidate_1,3,0.02
1017,candidate_2,candidate_3,candidate_1,3,0.02
1018,candidate_2,candidate_3,candidate_1,3,0.02
1019,candidate_2,candidate_3,candidate_1,3,0.02
1020,candidate_2,candidate_3,candidate_1,3,0.02
1021,candidate_2,0,candidate_1,3,0.02
1022,candidate_2,candidate_3,candidate_1,3,0.02
1023,candidate_2,candidate_3,candidate_1,3,0.02
1024,candidate_2,candidate_3,candidate_1,3,0.02
1025,candidate_2,candidate_3,candidate_1,3,0.02
1026,candidate_2,candidate_3,candidate_1,3,0.02
1027,candidate_2,candidate_3,candidate_1,3,0.02
1028,candidate_2,candidate_3,candidate_1,3,0.02
1029,0,candidate_3,candidate_1,3,0.02
1030,candidate_2,candidate_3,candidate_1,3,0.02
1031,candidate_2,candidate_3,candidate_1,3,0.02
1032,candidate_2,candidate_3,candidate_1,3,0.02
1033,candidate_2,candidate_3,candidate_1,3,0.02
1034,candidate_2,candidate_3,candidate_1,3,0.02
1035,candidate_2,candidate_3,candidate_1,3,0.02
1036,candidate_2,candidate_3,candidate_1,3,0.02
1037,candidate_2,candidate_3,candidate_1,3,0.02
1038,candidate_2,candidate_3,candidate_1,3,0.02
1039,candidate_2,candidate_3,candidate_1,3,0.02
1040,candidate_2,candidate_3,candidate_1,3,0.02
1041,candidate_2,candidate_3,candidate_1,3,0.02
1042,candidate_2,candidate_3,candidate_1,3,0.02
1043,candidate_2,candidate_3,candidate_1,3,0.02
1044,candidate_2,candidate_3,candidate_1,3,0.02
1045,candidate_2,0,candidate_1,3,0.02
1046,candidate_2,candidate_3,candidate_1,3,0.02
1047,candidate_2,candidate_3,candidate_1,3,0.02
1048,candidate_2,candidate_3,candidate_1,3,0.02
1049,candidate_2,candidate_3,candidate_1,3,0.02
1050,candidate_2,candidate_3,candidate_1,3,0.02
1051,candidate_2,candidate_3,candidate_1,3,0.02
1052,candidate_2,candidate_3,candidate_1,3,0.02
1053,candidate_2,candidate_3,candidate_1,3,0.02
1054,candidate_2,candidate_3,candidate_1,3,0.02
1055,candidate_2,candidate_3,candidate_1,3,0.02
1056,candidate_2,candidate_3,candidate_1,3,0.02
1057,candidate_2,candidate_3,candidate_1,3,0.02
1058,candidate_2,candidate_3,candidate_1,3,0.02
1059,candidate_2,candidate_3,candidate_1,3,0.02
1060,candidate_2,candidate_3,candidate_1,3,0.02
1061,candidate_2,candidate_3,candidate_1,3,0.02
1062,candidate_2,candidate_3,candidate_1,3,0.02
1063,candidate_2,candidate_3,candidate_1,3,0.02
1064,candidate_2,candidate_3,candidate_1,3,0.02
1065,candidate_2,candidate_3,candidate_1,3,0.02
1066,candidate_2,candidate_3,candidate_1,3,0.02
1067,candidate_2,candidate_3,candidate_1,3,0.02
1068,candidate_2,candidate_3,candidate_1,3,0.02
1069,candidate_2,candidate_3,candidate_1,3,0.02
1070,0,candidate_3,candidate_1,3,0.02
1071,candidate_2,candidate_3,candidate_1,3,0.02
1072,candidate_2,candidate_3,candidate_1,3,0.02
1073,candidate_2,candidate_3,candidate_1,3,0.02
1074,candidate_2,candidate_3,candidate_1,3,0.02
1075,candidate_2,candidate_3,candidate_1,3,0.02
1076,candidate_2,0,candidate_1,3,0.02
1077,candidate_2,candidate_3,candidate_1,3,0.02
1078,candidate_2,candidate_3,candidate_1,3,0.02
1079,candidate_2,candidate_3,0,3,0.02
1080,candidate_2,candidate_3,candidate_1,3,0.02
1081,candidate_2,candidate_3,candidate_1,3,0.02
1082,candidate_2,candidate_3,candidate_1,3,0.02
1083,candidate_2,candidate_3,candidate_1,3,0.02
1084,candidate_2,candidate_3,candidate_1,3,0.02
1085,candidate_2,candidate_3,candidate_1,3,0.02
1086,candidate_2,candidate_3,candidate_1,3,0.02
1087,candidate_2,candidate_3,candidate_1,3,0.02
1088,candidate_2,candidate_3,candidate_1,3,0.02
1089,0,candidate_3,candidate_1,3,0.02
1090,candidate_2,candidate_3,candidate_1,3,0.02
1091,candidate_2,candidate_3,candidate_1,3,0.02
1092,candidate_2,candidate_3,candidate_1,3,0.02
1093,candidate_2,candidate_3,candidate_1,3,0.02
1094,candidate_2,candidate_3,candidate_1,3,0.02
1095,candidate_2,candidate_3,candidate_1,3,0.02
1096,candidate_2,candidate_3,candidate_1,3,0.02
1097,candidate_2,candidate_3,candidate_1,3,0.02
1098,candidate_2,candidate_3,candidate_1,3,0.02
1099,candidate_2,candidate_3,candidate_1,3,0.02
1100,0,candidate_3,candidate_1,3,0.02
1101,candidate_2,candidate_3,candidate_1,3,0.02
1102,candidate_2,candidate_3,candidate_1,3,0.02
1103,candidate_2,candidate_3,candidate_1,3,0.02
1104,candidate_2,candidate_3,0,3,0.02
1105,candidate_2,candidate_3,candidate_1,3,0.02
1106,candidate_2,candidate_3,candidate_1,3,0.02
1107,candidate_2,candidate_3,candidate_1,3,0.02
1108,candidate_2,candidate_3,candidate_1,3,0.02
1109,candidate_2,candidate_3,candidate_1,3,0.02
1110,candidate_2,candidate_3,candidate_1,3,0.02
1111,candidate_2,candidate_3,candidate_1,3,0.02
1112,candidate_2,candidate_3,candidate_1,3,0.02
1113,candidate_2,candidate_3,candidate_1,3,0.02
1114,candidate_2,candidate_3,candidate_1,3,0.02
1115,candidate_2,candidate_3,candidate_1,3,0.02
1116,candidate_2,candidate_3,candidate_1,3,0.02
1117,candidate_2,candidate_3,candidate_1,3,0.02
1118,candidate_2,candidate_3,candidate_1,3,0.02
1119,candidate_2,candidate_3,candidate_1,3,0.02
1120,candidate_2,candidate_3,candidate_1,3,0.02
1121,candidate_2,candidate_3,candidate_1,3,0.02
1122,candidate_2,candidate_3,candidate_1,3,0.02
1123,candidate_2,0,candidate_1,3,0.02
1124,candidate_2,candidate_3,0,3,0.02
1125,candidate_2,candidate_3,candidate_1,3,0.02
1126,candidate_2,candidate_3,candidate_1,3,0.02
1127,candidate_2,candidate_3,candidate_1,3,0.02
1128,candidate_2,candidate_3,candidate_1,3,0.02
1129,candidate_2,candidate_3,candidate_1,3,0.02
1130,candidate_2,candidate_3,candidate_1,3,0.02
1131,candidate_2,candidate_3,candidate_1,3,0.02
1132,candidate_2,candidate_3,candidate_1,3,0.02
1133,candidate_2,candidate_3,candidate_1,3,0.02
1134,candidate_2,candidate_3,candidate_1,3,0.02
1135,candidate_2,candidate_3,candidate_1,3,0.02
1136,candidate_2,candidate_3,candidate_1,3,0.02
1137,candidate_2,candidate_3,candidate_1,3,0.02
1138,candidate_2,candidate_3,candidate_1,3,0.02
1139,candidate_2,candidate_3,candidate_1,3,0.02
1140,candidate_2,candidate_3,candidate_1,3,0.02
1141,candidate_2,candidate_3,candidate_1,3,0.02
1142,candidate_2,candidate_3,candidate_1,3,0.02
1143,candidate_2,candidate_3,candidate_1,3,0.02
1144,candidate_2,candidate_3,candidate_1,3,0.02
1145,candidate_2,candidate_3,candidate_1,3,0.02
1146,candidate_2,candidate_3,candidate_1,3,0.02
1147,candidate_2,candidate_3,candidate_1,3,0.02
1148,candidate_2,candidate_3,candidate_1,3,0.02
1149,candidate_2,candidate_3,candidate_1,3,0.02
1150,candidate_2,candidate_3,candidate_1,3,0.02
1151,candidate_2,candidate_3,candidate_1,3,0.02
1152,candidate_2,candidate_3,candidate_1,3,0.02
1153,candidate_2,candidate_3,candidate_1,3,0.02
1154,candidate_2,candidate_3,candidate_1,3,0.02
1155,candidate_2,candidate_3,candidate_1,3,0.02
1156,candidate_2,candidate_3,candidate_1,3,0.02
1157,candidate_2,candidate_3,candidate_1,3,0.02
1158,candidate_2,candidate_3,0,3,0.02
1159,candidate_2,candidate_3,candidate_1,3,0.02
1160,candidate_2,candidate_3,candidate_1,3,0.02
1161,candidate_2,candidate_3,candidate_1,3,0.02
1162,candidate_2,candidate_3,candidate_1,3,0.02
1163,candidate_2,candidate_3,candidate_1,3,0.02
1164,candidate_2,candidate_3,candidate_1,3,0.02
1165,candidate_2,candidate_3,candidate_1,3,0.02
1166,candidate_2,candidate_3,candidate_1,3,0.02
1167,candidate_2,candidate_3,candidate_1,3,0.02
1168,candidate_2,candidate_3,candidate_1,3,0.02
1169,candidate_2,candidate_3,candidate_1,3,0.02
1170,candidate_2,candidate_3,candidate_1,3,0.02
1171,candidate_2,candidate_3,candidate_1,3,0.02
1172,candidate_2,candidate_3,candidate_1,3,0.02
1173,candidate_2,candidate_3,candidate_1,3,0.02
1174,candidate_2,candidate_3,candidate_1,3,0.02
1175,candidate_2,candidate_3,candidate_1,3,0.02
1176,candidate_2,candidate_3,candidate_1,3,0.02
1177,candidate_2,candidate_3,candidate_1,3,0.02
1178,candidate_2,candidate_3,candidate_1,3,0.02
1179,candidate_2,candidate_3,candidate_1,3,0.02
1180,candidate_2,candidate_3,candidate_1,3,0.02
1181,candidate_2,candidate_3,candidate_1,3,0.02
1182,candidate_2,candidate_3,candidate_1,3,0.02
1183,candidate_2,candidate_3,candidate_1,3,0.02
1184,candidate_2,candidate_3,candidate_1,3,0.02
1185,candidate_2,candidate_3,candidate_1,3,0.02
1186,candidate_2,candidate_3,candidate_1,3,0.02
1187,candidate_2,candidate_3,candidate_1,3,0.02
1188,candidate_2,candidate_3,candidate_1,3,0.02
1189,candidate_2,candidate_3,candidate_1,3,0.02
1190,candidate_2,candidate_3,candidate_1,3,0.02
1191,candidate_2,candidate_3,candidate_1,3,0.02
1192,candidate_2,candidate_3,candidate_1,3,0.02
1193,candidate_2,candidate_3,candidate_1,3,0.02
1194,candidate_2,candidate_3,candidate_1,3,0.02
1195,candidate_2,candidate_3,candidate_1,3,0.02
1196,candidate_2,candidate_3,candidate_1,3,0.02
1197,candidate_2,candidate_3,candidate_1,3,0.02
1198,candidate_2,candidate_3,candidate_1,3,0.02
1199,candidate_2,candidate_3,candidate_1,3,0.02
1200,candidate_2,candidate_3,candidate_1,3,0.02
1201,candidate_2,candidate_3,candidate_1,3,0.02
1202,candidate_2,candidate_3,candidate_1,3,0.02
1203,candidate_2,candidate_3,candidate_1,3,0.02
1204,candidate_2,candidate_3,candidate_1,3,0.02
1205,candidate_2,0,candidate_1,3,0.02
1206,candidate_2,candidate_3,candidate_1,3,0.02
1207,candidate_2,candidate_3,candidate_1,3,0.02
1208,candidate_2,candidate_3,candidate_1,3,0.02
1209,candidate_2,candidate_3,candidate_1,3,0.02
1210,candidate_2,candidate_3,candidate_1,3,0.02
1211,0,candidate_3,candidate_1,3,0.02
1212,candidate_2,candidate_3,candidate_1,3,0.02
1213,candidate_2,candidate_3,candidate_1,3,0.02
1214,0,candidate_3,candidate_1,3,0.02
1215,candidate_2,candidate_3,candidate_1,3,0.02
1216,0,candidate_3,candidate_1,3,0.02
1217,candidate_2,candidate_3,candidate_1,3,0.02
1218,candidate_2,candidate_3,candidate_1,3,0.02
1219,candidate_2,candidate_3,candidate_1,3,0.02
1220,candidate_2,candidate_3,candidate_1,3,0.02
1221,candidate_2,candidate_3,candidate_1,3,0.02
1222,candidate_2,candidate_3,candidate_1,3,0.02
1223,candidate_2,candidate_3,candidate_1,3,0.02
1224,candidate_2,candidate_3,0,3,0.02
1225,candidate_2,candidate_3,candidate_1,3,0.02
1226,candidate_2,candidate_3,candidate_1,3,0.02
1227,candidate_2,candidate_3,candidate_1,3,0.02
1228,candidate_2,candidate_3,candidate_1,3,0.02
1229,candidate_2,candidate_3,candidate_1,3,0.02
1230,candidate_2,candidate_3,candidate_1,3,0.02
1231,candidate_2,candidate_3,candidate_1,3,0.02
1232,candidate_2,candidate_3,candidate_1,3,0.02
1233,candidate_2,candidate_3,candidate_1,3,0.02
1234,candidate_2,candidate_3,0,3,0.02
1235,candidate_2,candidate_3,candidate_1,3,0.02
1236,candidate_2,candidate_3,candidate_1,3,0.02
1237,candidate_2,candidate_3,candidate_1,3,0.02
1238,candidate_2,candidate_3,candidate_1,3,0.02
1239,candidate_2,candidate_3,candidate_1,3,0.02
1240,candidate_2,candidate_3,0,3,0.02
1241,candidate_2,candidate_3,candidate_1,3,0.02
1242,candidate_2,0,candidate_1,3,0.02
1243,candidate_2,candidate_3,candidate_1,3,0.02
1244,candidate_2,candidate_3,candidate_1,3,0.02
1245,candidate_2,candidate_3,candidate_1,3,0.02
1246,candidate_2,candidate_3,candidate_1,3,0.02
1247,candidate_2,candidate_3,candidate_1,3,0.02
1248,candidate_2,candidate_3,candidate_1,3,0.02
1249,candidate_2,candidate_3,candidate_1,3,0.02
1250,candidate_2,candidate_3,candidate_1,3,0.02
1251,candidate_2,candidate_3,0,3,0.02
1252,candidate_2,candidate_3,candidate_1,3,0.02
1253,candidate_2,candidate_3,candidate_1,3,0.02
1254,candidate_2,candidate_3,candidate_1,3,0.02
1255,candidate_2,candidate_3,candidate_1,3,0.02
1256,candidate_2,candidate_3,candidate_1,3,0.02
1257,candidate_2,candidate_3,candidate_1,3,0.02
1258,candidate_2,candidate_3,candidate_1,3,0.02
1259,candidate_2,candidate_3,candidate_1,3,0.02
1260,candidate_2,candidate_3,candidate_1,3,0.02
1261,candidate_2,candidate_3,candidate_1,3,0.02
1262,candidate_2,candidate_3,candidate_1,3,0.02
1263,candidate_2,candidate_3,candidate_1,3,0.02
1264,candidate_2,candidate_3,candidate_1,3,0.02
1265,candidate_2,candidate_3,candidate_1,3,0.02
1266,candidate_2,candidate_3,candidate_1,3,0.02
1267,candidate_2,candidate_3,candidate_1,3,0.02
1268,candidate_2,candidate_3,candidate_1,3,0.02
1269,candidate_2,candidate_3,candidate_1,3,0.02
1270,candidate_2,candidate_3,candidate_1,3,0.02
1271,candidate_2,candidate_3,candidate_1,3,0.02
1272,candidate_2,0,candidate_1,3,0.02
1273,candidate_2,candidate_3,candidate_1,3,0.02
1274,candidate_2,candidate_3,candidate_1,3,0.02
1275,candidate_2,candidate_3,candidate_1,3,0.02
1276,candidate_2,candidate_3,candidate_1,3,0.02
1277,candidate_2,candidate_3,candidate_1,3,0.02
1278,candidate_2,candidate_3,candidate_1,3,0.02
1279,candidate_2,candidate_3,0,3,0.02
1280,candidate_2,candidate_3,candidate_1,3,0.02
1281,candidate_2,candidate_3,candidate_1,3,0.02
1282,candidate_2,candidate_3,candidate_1,3,0.02
1283,candidate_2,candidate_3,candidate_1,3,0.02
1284,candidate_2,candidate_3,candidate_1,3,0.02
1285,candidate_2,candidate_3,candidate_1,3,0.02
1286,candidate_2,candidate_3,candidate_1,3,0.02
1287,0,candidate_3,candidate_1,3,0.02
1288,candidate_2,candidate_3,candidate_1,3,0.02
1289,candidate_2,candidate_3,candidate_1,3,0.02
1290,candidate_2,candidate_3,candidate_1,3,0.02
1291,0,candidate_3,candidate_1,3,0.02
1292,candidate_2,candidate_3,candidate_1,3,0.02
1293,candidate_2,candidate_3,candidate_1,3,0.02
1294,candidate_2,candidate_3,candidate_1,3,0.02
1295,candidate_2,candidate_3,candidate_1,3,0.02
1296,candidate_2,candidate_3,candidate_1,3,0.02
1297,candidate_2,candidate_3,candidate_1,3,0.02
1298,candidate_2,candidate_3,candidate_1,3,0.02
1299,candidate_2,candidate_3,candidate_1,3,0.02
1300,candidate_2,candidate_3,candidate_1,3,0.02
1301,candidate_2,candidate_3,candidate_1,3,0.02
1302,candidate_2,candidate_3,candidate_1,3,0.02
1303,candidate_2,candidate_3,candidate_1,3,0.02
1304,candidate_2,candidate_3,candidate_1,3,0.02
1305,candidate_2,candidate_3,candidate_1,3,0.02
1306,candidate_2,candidate_3,candidate_1,3,0.02
1307,candidate_2,candidate_3,candidate_1,3,0.02
1308,candidate_2,candidate_3,candidate_1,3,0.02
1309,candidate_2,candidate_3,candidate_1,3,0.02
1310,candidate_2,candidate_3,candidate_1,3,0.02
1311,candidate_2,candidate_3,candidate_1,3,0.02
1312,candidate_2,candidate_3,candidate_1,3,0.02
1313,candidate_2,candidate_3,candidate_1,3,0.02
1314,candidate_2,candidate_3,0,3,0.02
1315,candidate_2,candidate_3,candidate_1,3,0.02
1316,candidate_2,candidate_3,candidate_1,3,0.02
1317,candidate_2,candidate_3,candidate_1,3,0.02
1318,candidate_2,candidate_3,candidate_1,3,0.02
1319,candidate_2,candidate_3,candidate_1,3,0.02
1320,candidate_2,candidate_3,candidate_1,3,0.02
1321,candidate_2,candidate_3,candidate_1,3,0.02
1322,candidate_2,candidate_3,candidate_1,3,0.02
1323,candidate_2,candidate_3,candidate_1,3,0.02
1324,candidate_2,candidate_3,candidate_1,3,0.02
1325,candidate_2,candidate_3,candidate_1,3,0.02
1326,candidate_2,candidate_3,candidate_1,3,0.02
1327,candidate_2,candidate_3,candidate_1,3,0.02
1328,candidate_2,candidate_3,candidate_1,3,0.02
1329,candidate_2,candidate_3,candidate_1,3,0.02
1330,candidate_2,candidate_3,candidate_1,3,0.02
1331,candidate_2,candidate_3,candidate_1,3,0.02
1332,candidate_2,candidate_3,candidate_1,3,0.02
1333,candidate_2,candidate_3,candidate_1,3,0.02
1334,candidate_2,candidate_3,0,3,0.02
1335,candidate_2,candidate_3,candidate_1,3,0.02
1336,candidate_2,candidate_3,candidate_1,3,0.02
1337,candidate_2,candidate_3,candidate_1,3,0.02
1338,candidate_2,candidate_3,candidate_1,3,0.02
1339,candidate_2,candidate_3,candidate_1,3,0.02
1340,candidate_2,candidate_3,candidate_1,3,0.02
1341,candidate_2,candidate_3,candidate_1,3,0.02
1342,candidate_2,candidate_3,candidate_1,3,0.02
1343,candidate_2,candidate_3,candidate_1,3,0.02
1344,candidate_2,candidate_3,candidate_1,3,0.02
1345,candidate_2,candidate_3,candidate_1,3,0.02
1346,candidate_2,candidate_3,candidate_1,3,0.02
1347,candidate_2,candidate_3,candidate_1,3,0.02
1348,candidate_2,candidate_3,candidate_1,3,0.02
1349,candidate_2,candidate_3,candidate_1,3,0.02
1350,candidate_2,0,candidate_1,3,0.02
1351,candidate_2,candidate_3,candidate_1,3,0.02
1352,candidate_2,candidate_3,candidate_1,3,0.02
1353,candidate_2,candidate_3,candidate_1,3,0.02
1354,candidate_2,candidate_3,candidate_1,3,0.02
1355,candidate_2,candidate_3,candidate_1,3,0.02
1356,candidate_2,candidate_3,candidate_1,3,0.02
1357,candidate_2,candidate_3,candidate_1,3,0.02
1358,candidate_2,candidate_3,candidate_1,3,0.02
1359,candidate_2,candidate_3,candidate_1,3,0.02
1360,candidate_2,candidate_3,candidate_1,3,0.02
1361,candidate_2,candidate_3,candidate_1,3,0.02
1362,candidate_2,candidate_3,candidate_1,3,0.02
1363,candidate_2,candidate_3,candidate_1,3,0.02
1364,candidate_2,candidate_3,candidate_1,3,0.02
1365,candidate_2,candidate_3,candidate_1,3,0.02
1366,candidate_2,candidate_3,candidate_1,3,0.02
1367,candidate_2,candidate_3,candidate_1,3,0.02
1368,candidate_2,candidate_3,candidate_1,3,0.02
1369,candidate_2,candidate_3,candidate_1,3,0.02
1370,candidate_2,candidate_3,candidate_1,3,0.02
1371,candidate_2,candidate_3,candidate_1,3,0.02
1372,candidate_2,candidate_3,candidate_1,3,0.02
1373,candidate_2,candidate_3,candidate_1,3,0.02
1374,candidate_2,candidate_3,candidate_1,3,0.02
1375,candidate_2,candidate_3,candidate_1,3,0.02
1376,candidate_2,candidate_3,candidate_1,3,0.02
1377,candidate_2,candidate_3,candidate_1,3,0.02
1378,candidate_2,candidate_3,0,3,0.02
1379,candidate_2,candidate_3,candidate_1,3,0.02
1380,candidate_2,candidate_3,candidate_1,3,0.02
1381,candidate_2,candidate_3,candidate_1,3,0.02
1382,candidate_2,candidate_3,candidate_1,3,0.02
1383,candidate_2,candidate_3,candidate_1,3,0.02
1384,candidate_2,candidate_3,candidate_1,3,0.02
1385,candidate_2,candidate_3,candidate_1,3,0.02
1386,candidate_2,candidate_3,candidate_1,3,0.02
1387,candidate_2,candidate_3,candidate_1,3,0.02
1388,candidate_2,candidate_3,candidate_1,3,0.02
1389,candidate_2,candidate_3,candidate_1,3,0.02
1390,candidate_2,candidate_3,candidate_1,3,0.02
1391,candidate_2,candidate_3,candidate_1,3,0.02
1392,candidate_2,candidate_3,candidate_1,3,0.02
1393,candidate_2,candidate_3,candidate_1,3,0.02
1394,candidate_2,candidate_3,candidate_1,3,0.02
1395,candidate_2,candidate_3,candidate_1,3,0.02
1396,candidate_2,candidate_3,candidate_1,3,0.02
1397,candidate_2,candidate_3,candidate_1,3,0.02
1398,candidate_2,candidate_3,candidate_1,3,0.02
1399,candidate_2,candidate_3,candidate_1,3,0.02
1400,candidate_2,candidate_3,candidate_1,3,0.02
1401,candidate_2,candidate_3,candidate_1,3,0.02
1402,candidate_2,candidate_3,candidate_1,3,0.02
1403,candidate_2,candidate_3,candidate_1,3,0.02
1404,candidate_2,candidate_3,candidate_1,3,0.02
1405,candidate_2,candidate_3,candidate_1,3,0.02
1406,candidate_2,candidate_3,candidate_1,3,0.02
1407,candidate_2,candidate_3,candidate_1,3,0.02
1408,candidate_2,candidate_3,candidate_1,3,0.02
1409,candidate_2,candidate_3,candidate_1,3,0.02
1410,candidate_2,candidate_3,candidate_1,3,0.02
1411,candidate_2,candidate_3,candidate_1,3,0.02
1412,candidate_2,candidate_3,candidate_1,3,0.02
1413,candidate_2,candidate_3,candidate_1,3,0.02
1414,candidate_2,candidate_3,candidate_1,3,0.02
1415,candidate_2,candidate_3,candidate_1,3,0.02
1416,candidate_2,candidate_3,candidate_1,3,0.02
1417,candidate_2,candidate_3,candidate_1,3,0.02
1418,candidate_2,candidate_3,candidate_1,3,0.02
1419,candidate_2,candidate_3,candidate_1,3,0.02
1420,candidate_2,0,candidate_1,3,0.02
1421,candidate_2,candidate_3,candidate_1,3,0.02
1422,candidate_2,candidate_3,candidate_1,3,0.02
1423,candidate_2,candidate_3,candidate_1,3,0.02
1424,candidate_2,candidate_3,candidate_1,3,0.02
1425,candidate_2,candidate_3,candidate_1,3,0.02
1426,candidate_2,candidate_3,candidate_1,3,0.02
1427,candidate_2,candidate_3,candidate_1,3,0.02
1428,candidate_2,candidate_3,candidate_1,3,0.02
1429,candidate_2,candidate_3,candidate_1,3,0.02
1430,candidate_2,candidate_3,candidate_1,3,0.02
1431,candidate_2,candidate_3,candidate_1,3,0.02
1432,candidate_2,candidate_3,candidate_1,3,0.02
1433,candidate_2,candidate_3,candidate_1,3,0.02
1434,candidate_2,candidate_3,candidate_1,3,0.02
1435,candidate_2,candidate_3,candidate_1,3,0.02
1436,candidate_2,candidate_3,candidate_1,3,0.02
1437,candidate_2,candidate_3,candidate_1,3,0.02
1438,candidate_2,candidate_3,candidate_1,3,0.02
1439,candidate_2,candidate_3,candidate_1,3,0.02
1440,candidate_2,candidate_3,candidate_1,3,0.02
1441,candidate_2,candidate_3,candidate_1,3,0.02
1442,candidate_2,candidate_3,candidate_1,3,0.02
1443,candidate_2,candidate_3,candidate_1,3,0.02
1444,candidate_2,candidate_3,candidate_1,3,0.02
1445,candidate_2,candidate_3,candidate_1,3,0.02
1446,candidate_2,candidate_3,candidate_1,3,0.02
1447,candidate_2,candidate_3,candidate_1,3,0.02
1448,candidate_2,candidate_3,candidate_1,3,0.02
1449,candidate_2,candidate_3,candidate_1,3,0.02
1450,candidate_2,candidate_3,candidate_1,3,0.02
1451,candidate_2,candidate_3,candidate_1,3,0.02
1452,candidate_2,candidate_3,candidate_1,3,0.02
1453,candidate_2,candidate_3,candidate_1,3,0.02
1454,candidate_2,candidate_3,candidate_1,3,0.02
1455,candidate_2,candidate_3,candidate_1,3,0.02
1456,candidate_2,candidate_3,candidate_1,3,0.02
1457,candidate_2,candidate_3,candidate_1,3,0.02
1458,candidate_2,candidate_3,candidate_1,3,0.02
1459,candidate_2,candidate_3,candidate_1,3,0.02
1460,candidate_2,candidate_3,candidate_1,3,0.02
1461,candidate_2,candidate_3,candidate_1,3,0.02
1462,candidate_2,candidate_3,candidate_1,3,0.02
1463,candidate_2,candidate_3,candidate_1,3,0.02
1464,candidate_2,candidate_3,candidate_1,3,0.02
1465,candidate_2,candidate_3,candidate_1,3,0.02
1466,candidate_2,candidate_3,candidate_1,3,0.02
1467,candidate_2,candidate_3,candidate_1,3,0.02
1468,candidate_2,candidate_3,candidate_1,3,0.02
1469,candidate_2,candidate_3,candidate_1,3,0.02
1470,candidate_2,candidate_3,candidate_1,3,0.02
1471,candidate_2,candidate_3,candidate_1,3,0.02
1472,candidate_2,candidate_3,candidate_1,3,0.02
1473,candidate_2,candidate_3,candidate_1,3,0.02
1474,candidate_2,candidate_3,candidate_1,3,0.02
1475,candidate_2,candidate_3,candidate_1,3,0.02
1476,candidate_2,candidate_3,candidate_1,3,0.02
1477,candidate_2,candidate_3,candidate_1,3,0.02
1478,candidate_2,candidate_3,candidate_1,3,0.02
1479,candidate_2,candidate_3,candidate_1,3,0.02
1480,candidate_2,candidate_3,candidate_1,3,0.02
1481,candidate_2,candidate_3,candidate_1,3,0.02
1482,candidate_2,candidate_3,candidate_1,3,0.02
1483,candidate_2,candidate_3,candidate_1,3,0.02
1484,candidate_2,candidate_3,candidate_1,3,0.02
1485,candidate_2,candidate_3,candidate_1,3,0.02
1486,candidate_2,candidate_3,candidate_1,3,0.02
1487,candidate_2,candidate_3,candidate_1,3,0.02
1488,candidate_2,candidate_3,candidate_1,3,0.02
1489,candidate_2,candidate_3,candidate_1,3,0.02
1490,candidate_2,candidate_3,candidate_1,3,0.02
1491,candidate_2,0,candidate_1,3,0.02
1492,candidate_2,candidate_3,candidate_1,3,0.02
1493,candidate_2,candidate_3,candidate_1,3,0.02
1494,candidate_2,candidate_3,candidate_1,3,0.02
1495,candidate_2,candidate_3,candidate_1,3,0.02
1496,candidate_2,candidate_3,candidate_1,3,0.02
1497,candidate_2,candidate_3,candidate_1,3,0.02
1498,candidate_2,candidate_3,candidate_1,3,0.02
1499,0,candidate_3,candidate_1,3,0.02
1500,candidate_2,candidate_3,candidate_1,3,0.02
1501,candidate_2,candidate_3,candidate_1,3,0.02
1502,candidate_2,candidate_3,candidate_1,3,0.02
1503,candidate_2,candidate_3,candidate_1,3,0.02
1504,candidate_2,candidate_3,candidate_1,3,0.02
1505,candidate_2,candidate_3,candidate_1,3,0.02
1506,candidate_2,candidate_3,candidate_1,3,0.02
1507,candidate_2,candidate_3,candidate_1,3,0.02
1508,candidate_2,candidate_3,candidate_1,3,0.02
1509,candidate_2,candidate_3,candidate_1,3,0.02
1510,candidate_2,candidate_3,candidate_1,3,0.02
1511,candidate_2,candidate_3,candidate_1,3,0.02
1512,candidate_2,candidate_3,0,3,0.02
1513,candidate_2,candidate_3,candidate_1,3,0.02
1514,candidate_2,candidate_3,candidate_1,3,0.02
1515,candidate_2,candidate_3,candidate_1,3,0.02
1516,candidate_2,candidate_3,candidate_1,3,0.02
1517,0,candidate_3,candidate_1,3,0.02
1518,candidate_2,candidate_3,candidate_1,3,0.02
1519,candidate_2,candidate_3,candidate_1,3,0.02
1520,candidate_2,candidate_3,candidate_1,3,0.02
1521,candidate_2,candidate_3,candidate_1,3,0.02
1522,candidate_2,candidate_3,candidate_1,3,0.02
1523,candidate_2,candidate_3,candidate_1,3,0.02
1524,candidate_2,candidate_3,candidate_1,3,0.02
1525,candidate_2,0,0,3,0.02
1526,candidate_2,candidate_3,candidate_1,3,0.02
1527,candidate_2,candidate_3,candidate_1,3,0.02
1528,candidate_2,candidate_3,candidate_1,3,0.02
1529,candidate_2,candidate_3,candidate_1,3,0.02
1530,candidate_2,candidate_3,candidate_1,3,0.02
1531,candidate_2,candidate_3,candidate_1,3,0.02
1532,candidate_2,candidate_3,candidate_1,3,0.02
1533,candidate_2,candidate_3,candidate_1,3,0.02
1534,candidate_2,candidate_3,candidate_1,3,0.02
1535,candidate_2,candidate_3,candidate_1,3,0.02
1536,candidate_2,candidate_3,candidate_1,3,0.02
1537,candidate_2,candidate_3,candidate_1,3,0.02
1538,candidate_2,candidate_3,candidate_1,3,0.02
1539,candidate_2,candidate_3,candidate_1,3,0.02
1540,candidate_2,candidate_3,candidate_1,3,0.02
1541,candidate_2,candidate_3,candidate_1,3,0.02
1542,candidate_2,candidate_3,candidate_1,3,0.02
1543,candidate_2,candidate_3,candidate_1,3,0.02
1544,candidate_2,candidate_3,candidate_1,3,0.02
1545,candidate_2,candidate_3,candidate_1,3,0.02
1546,candidate_2,candidate_3,candidate_1,3,0.02
1547,candidate_2,candidate_3,candidate_1,3,0.02
1548,candidate_2,candidate_3,candidate_1,3,0.02
1549,candidate_2,candidate_3,candidate_1,3,0.02
1550,candidate_2,0,candidate_1,3,0.02
1551,candidate_2,candidate_3,candidate_1,3,0.02
1552,candidate_2,candidate_3,candidate_1,3,0.02
1553,candidate_2,candidate_3,candidate_1,3,0.02
1554,candidate_2,candidate_3,candidate_1,3,0.02
1555,candidate_2,candidate_3,candidate_1,3,0.02
1556,candidate_2,candidate_3,candidate_1,3,0.02
1557,candidate_2,candidate_3,candidate_1,3,0.02
1558,candidate_2,candidate_3,candidate_1,3,0.02
1559,candidate_2,candidate_3,candidate_1,3,0.02
1560,candidate_2,candidate_3,candidate_1,3,0.02
1561,candidate_2,candidate_3,candidate_1,3,0.02
1562,candidate_2,candidate_3,candidate_1,3,0.02
1563,candidate_2,candidate_3,candidate_1,3,0.02
1564,candidate_2,candidate_3,candidate_1,3,0.02
1565,candidate_2,candidate_3,candidate_1,3,0.02
1566,candidate_2,candidate_3,candidate_1,3,0.02
1567,candidate_2,candidate_3,candidate_1,3,0.02
1568,candidate_2,candidate_3,candidate_1,3,0.02
1569,candidate_2,candidate_3,candidate_1,3,0.02
1570,candidate_2,candidate_3,candidate_1,3,0.02
1571,candidate_2,candidate_3,candidate_1,3,0.02
1572,candidate_2,candidate_3,candidate_1,3,0.02
1573,candidate_2,candidate_3,candidate_1,3,0.02
1574,candidate_2,candidate_3,candidate_1,3,0.02
1575,candidate_2,candidate_3,candidate_1,3,0.02
1576,candidate_2,candidate_3,candidate_1,3,0.02
1577,candidate_2,candidate_3,candidate_1,3,0.02
1578,candidate_2,candidate_3,candidate_1,3,0.02
1579,candidate_2,candidate_3,candidate_1,3,0.02
1580,candidate_2,candidate_3,candidate_1,3,0.02
1581,candidate_2,candidate_3,candidate_1,3,0.02
1582,candidate_2,candidate_3,candidate_1,3,0.02
1583,candidate_2,candidate_3,0,3,0.02
1584,candidate_2,candidate_3,candidate_1,3,0.02
1585,candidate_2,candidate_3,candidate_1,3,0.02
1586,candidate_2,candidate_3,candidate_1,3,0.02
1587,candidate_2,candidate_3,candidate_1,3,0.02
1588,candidate_2,candidate_3,candidate_1,3,0.02
1589,candidate_2,candidate_3,candidate_1,3,0.02
1590,candidate_2,candidate_3,candidate_1,3,0.02
1591,candidate_2,candidate_3,candidate_1,3,0.02
1592,candidate_2,candidate_3,candidate_1,3,0.02
1593,candidate_2,candidate_3,candidate_1,3,0.02
1594,candidate_2,candidate_3,0,3,0.02
1595,candidate_2,candidate_3,candidate_1,3,0.02
1596,candidate_2,candidate_3,candidate_1,3,0.02
1597,candidate_2,candidate_3,candidate_1,3,0.02
1598,0,candidate_3,candidate_1,3,0.02
1599,candidate_2,candidate_3,candidate_1,3,0.02
1600,candidate_2,candidate_3,candidate_1,3,0.02
1601,candidate_2,candidate_3,candidate_1,3,0.02
1602,candidate_2,candidate_3,candidate_1,3,0.02
1603,candidate_2,candidate_3,candidate_1,3,0.02
1604,candidate_2,candidate_3,candidate_1,3,0.02
1605,candidate_2,candidate_3,candidate_1,3,0.02
1606,candidate_2,candidate_3,candidate_1,3,0.02
1607,candidate_2,candidate_3,candidate_1,3,0.02
1608,candidate_2,candidate_3,candidate_1,3,0.02
1609,candidate_2,candidate_3,candidate_1,3,0.02
1610,candidate_2,candidate_3,candidate_1,3,0.02
1611,candidate_2,candidate_3,candidate_1,3,0.02
1612,candidate_2,candidate_3,candidate_1,3,0.02
1613,candidate_2,candidate_3,candidate_1,3,0.02
1614,candidate_2,candidate_3,candidate_1,3,0.02
1615,candidate_2,candidate_3,candidate_1,3,0.02
1616,candidate_2,candidate_3,candidate_1,3,0.02
1617,candidate_2,candidate_3,candidate_1,3,0.02
1618,candidate_2,candidate_3,candidate_1,3,0.02
1619,candidate_2,candidate_3,candidate_1,3,0.02
1620,candidate_2,candidate_3,candidate_1,3,0.02
1621,candidate_2,candidate_3,candidate_1,3,0.02
1622,candidate_2,candidate_3,candidate_1,3,0.02
1623,candidate_2,candidate_3,candidate_1,3,0.02
1624,candidate_2,0,candidate_1,3,0.02
1625,candidate_2,candidate_3,candidate_1,3,0.02
1626,0,candidate_3,candidate_1,3,0.02
1627,candidate_2,candidate_3,candidate_1,3,0.02
1628,candidate_2,candidate_3,candidate_1,3,0.02
1629,candidate_2,candidate_3,candidate_1,3,0.02
1630,candidate_2,candidate_3,candidate_1,3,0.02
1631,candidate_2,candidate_3,candidate_1,3,0.02
1632,candidate_2,candidate_3,candidate_1,3,0.02
1633,candidate_2,candidate_3,candidate_1,3,0.02
1634,candidate_2,candidate_3,candidate_1,3,0.02
1635,candidate_2,candidate_3,candidate_1,3,0.02
1636,candidate_2,candidate_3,candidate_1,3,0.02
1637,candidate_2,candidate_3,candidate_1,3,0.02
1638,candidate_2,candidate_3,candidate_1,3,0.02
1639,candidate_2,candidate_3,candidate_1,3,0.02
1640,candidate_2,candidate_3,candidate_1,3,0.02
1641,candidate_2,candidate_3,candidate_1,3,0.02
1642,candidate_2,candidate_3,candidate_1,3,0.02
1643,candidate_2,candidate_3,candidate_1,3,0.02
1644,candidate_2,candidate_3,candidate_1,3,0.02
1645,candidate_2,candidate_3,candidate_1,3,0.02
1646,candidate_2,candidate_3,candidate_1,3,0.02
1647,candidate_2,candidate_3,candidate_1,3,0.02
1648,candidate_2,candidate_3,candidate_1,3,0.02
1649,candidate_2,candidate_3,candidate_1,3,0.02
1650,candidate_2,candidate_3,candidate_1,3,0.02
1651,candidate_2,candidate_3,candidate_1,3,0.02
1652,candidate_2,candidate_3,candidate_1,3,0.02
1653,candidate_2,candidate_3,candidate_1,3,0.02
1654,candidate_2,candidate_3,candidate_1,3,0.02
1655,candidate_2,candidate_3,candidate_1,3,0.02
1656,0,candidate_3,candidate_1,3,0.02
1657,candidate_2,candidate_3,candidate_1,3,0.02
1658,candidate_2,candidate_3,candidate_1,3,0.02
1659,candidate_2,candidate_3,candidate_1,3,0.02
1660,candidate_2,candidate_3,candidate_1,3,0.02
1661,candidate_2,candidate_3,candidate_1,3,0.02
1662,candidate_2,candidate_3,candidate_1,3,0.02
1663,candidate_2,candidate_3,candidate_1,3,0.02
1664,candidate_2,candidate_3,candidate_1,3,0.02
1665,candidate_2,candidate_3,candidate_1,3,0.02
1666,candidate_2,candidate_3,0,3,0.02
1667,candidate_2,candidate_3,candidate_1,3,0.02
1668,candidate_2,candidate_3,candidate_1,3,0.02
1669,candidate_2,candidate_3,candidate_1,3,0.02
1670,candidate_2,candidate_3,candidate_1,3,0.02
1671,candidate_2,candidate_3,candidate_1,3,0.02
1672,candidate_2,candidate_3,candidate_1,3,0.02
1673,candidate_2,candidate_3,candidate_1,3,0.02
1674,candidate_2,candidate_3,candidate_1,3,0.02
1675,candidate_2,candidate_3,candidate_1,3,0.02
1676,candidate_2,candidate_3,candidate_1,3,0.02
1677,candidate_2,0,candidate_1,3,0.02
1678,candidate_2,candidate_3,candidate_1,3,0.02
1679,candidate_2,candidate_3,candidate_1,3,0.02
1680,candidate_2,candidate_3,candidate_1,3,0.02
1681,candidate_2,candidate_3,candidate_1,3,0.02
1682,candidate_2,candidate_3,candidate_1,3,0.02
1683,candidate_2,candidate_3,candidate_1,3,0.02
1684,candidate_2,candidate_3,candidate_1,3,0.02
1685,candidate_2,candidate_3,candidate_1,3,0.02
1686,candidate_2,candidate_3,candidate_1,3,0.02
1687,candidate_2,candidate_3,candidate_1,3,0.02
1688,candidate_2,candidate_3,candidate_1,3,0.02
1689,candidate_2,candidate_3,candidate_1,3,0.02
1690,candidate_2,candidate_3,candidate_1,3,0.02
1691,0,candidate_3,candidate_1,3,0.02
1692,candidate_2,candidate_3,candidate_1,3,0.02
1693,candidate_2,candidate_3,candidate_1,3,0.02
1694,candidate_2,candidate_3,candidate_1,3,0.02
1695,candidate_2,candidate_3,candidate_1,3,0.02
1696,candidate_2,candidate_3,candidate_1,3,0.02
1697,candidate_2,candidate_3,candidate_1,3,0.02
1698,candidate_2,candidate_3,candidate_1,3,0.02
1699,candidate_2,candidate_3,candidate_1,3,0.02
1700,candidate_2,candidate_3,candidate_1,3,0.02
1701,candidate_2,candidate_3,candidate_1,3,0.02
1702,candidate_2,candidate_3,candidate_1,3,0.02
1703,candidate_2,candidate_3,candidate_1,3,0.02
1704,candidate_2,candidate_3,candidate_1,3,0.02
1705,candidate_2,candidate_3,candidate_1,3,0.02
1706,candidate_2,candidate_3,candidate_1,3,0.02
1707,candidate_2,candidate_3,candidate_1,3,0.02
1708,candidate_2,candidate_3,candidate_1,3,0.02
1709,candidate_2,candidate_3,candidate_1,3,0.02
1710,candidate_2,candidate_3,candidate_1,3,0.02
1711,candidate_2,candidate_3,candidate_1,3,0.02
1712,candidate_2,candidate_3,candidate_1,3,0.02
1713,candidate_2,candidate_3,candidate_1,3,0.02
1714,candidate_2,candidate_3,candidate_1,3,0.02
1715,candidate_2,candidate_3,candidate_1,3,0.02
1716,candidate_2,candidate_3,candidate_1,3,0.02
1717,candidate_2,candidate_3,candidate_1,3,0.02
1718,candidate_2,candidate_3,0,3,0.02
1719,candidate_2,candidate_3,candidate_1,3,0.02
1720,candidate_2,candidate_3,candidate_1,3,0.02
1721,candidate_2,candidate_3,candidate_1,3,0.02
1722,candidate_2,candidate_3,candidate_1,3,0.02
1723,candidate_2,candidate_3,candidate_1,3,0.02
1724,candidate_2,candidate_3,candidate_1,3,0.02
1725,candidate_2,candidate_3,candidate_1,3,0.02
1726,candidate_2,candidate_3,candidate_1,3,0.02
1727,candidate_2,candidate_3,candidate_1,3,0.02
1728,candidate_2,candidate_3,candidate_1,3,0.02
1729,candidate_2,candidate_3,candidate_1,3,0.02
1730,candidate_2,candidate_3,candidate_1,3,0.02
1731,candidate_2,candidate_3,candidate_1,3,0.02
1732,candidate_2,candidate_3,candidate_1,3,0.02
1733,candidate_2,candidate_3,candidate_1,3,0.02
1734,candidate_2,candidate_3,candidate_1,3,0.02
1735,candidate_2,candidate_3,candidate_1,3,0.02
1736,candidate_2,candidate_3,candidate_1,3,0.02
1737,candidate_2,candidate_3,candidate_1,3,0.02
1738,candidate_2,candidate_3,candidate_1,3,0.02
1739,candidate_2,candidate_3,candidate_1,3,0.02
1740,candidate_2,candidate_3,candidate_1,3,0.02
1741,candidate_2,candidate_3,candidate_1,3,0.02
1742,candidate_2,candidate_3,candidate_1,3,0.02
1743,candidate_2,candidate_3,candidate_1,3,0.02
1744,candidate_2,candidate_3,candidate_1,3,0.02
1745,candidate_2,candidate_3,candidate_1,3,0.02
1746,candidate_2,candidate_3,0,3,0.02
1747,candidate_2,candidate_3,candidate_1,3,0.02
1748,candidate_2,candidate_3,candidate_1,3,0.02
1749,candidate_2,candidate_3,candidate_1,3,0.02
1750,candidate_2,candidate_3,candidate_1,3,0.02
1751,candidate_2,candidate_3,candidate_1,3,0.02
1752,candidate_2,candidate_3,candidate_1,3,0.02
1753,candidate_2,candidate_3,candidate_1,3,0.02
1754,candidate_2,candidate_3,candidate_1,3,0.02
1755,candidate_2,candidate_3,candidate_1,3,0.02
1756,candidate_2,candidate_3,candidate_1,3,0.02
1757,candidate_2,candidate_3,candidate_1,3,0.02
1758,candidate_2,candidate_3,candidate_1,3,0.02
1759,candidate_2,candidate_3,candidate_1,3,0.02
1760,candidate_2,candidate_3,candidate_1,3,0.02
1761,candidate_2,candidate_3,candidate_1,3,0.02
1762,candidate_2,candidate_3,candidate_1,3,0.02
1763,candidate_2,candidate_3,candidate_1,3,0.02
1764,candidate_2,candidate_3,candidate_1,3,0.02
1765,candidate_2,candidate_3,candidate_1,3,0.02
1766,candidate_2,candidate_3,candidate_1,3,0.02
1767,candidate_2,candidate_3,candidate_1,3,0.02
1768,candidate_2,candidate_3,candidate_1,3,0.02
1769,candidate_2,candidate_3,candidate_1,3,0.02
1770,candidate_2,candidate_3,candidate_1,3,0.02
1771,candidate_2,candidate_3,candidate_1,3,0.02
1772,candidate_2,candidate_3,candidate_1,3,0.02
1773,candidate_2,candidate_3,candidate_1,3,0.02
1774,candidate_2,candidate_3,candidate_1,3,0.02
1775,candidate_2,candidate_3,candidate_1,3,0.02
1776,candidate_2,candidate_3,candidate_1,3,0.02
1777,candidate_2,candidate_3,candidate_1,3,0.02
1778,candidate_2,candidate_3,candidate_1,3,0.02
1779,candidate_2,candidate_3,candidate_1,3,0.02
1780,candidate_2,candidate_3,candidate_1,3,0.02
1781,candidate_2,candidate_3,candidate_1,3,0.02
1782,candidate_2,candidate_3,candidate_1,3,0.02
1783,candidate_2,candidate_3,candidate_1,3,0.02
1784,candidate_2,candidate_3,candidate_1,3,0.02
1785,candidate_2,0,candidate_1,3,0.02
1786,candidate_2,candidate_3,candidate_1,3,0.02
1787,candidate_2,candidate_3,candidate_1,3,0.02
1788,candidate_2,candidate_3,candidate_1,3,0.02
1789,candidate_2,candidate_3,candidate_1,3,0.02
1790,candidate_2,candidate_3,candidate_1,3,0.02
1791,candidate_2,candidate_3,candidate_1,3,0.02
1792,candidate_2,candidate_3,candidate_1,3,0.02
1793,candidate_2,candidate_3,candidate_1,3,0.02
1794,candidate_2,candidate_3,candidate_1,3,0.02
1795,candidate_2,candidate_3,candidate_1,3,0.02
1796,candidate_2,candidate_3,candidate_1,3,0.02
1797,candidate_2,candidate_3,candidate_1,3,0.02
1798,candidate_2,candidate_3,candidate_1,3,0.02
1799,candidate_2,candidate_3,candidate_1,3,0.02
1800,candidate_2,candidate_3,candidate_1,3,0.02
1801,candidate_2,candidate_3,candidate_1,3,0.02
1802,candidate_2,candidate_3,candidate_1,3,0.02
1803,candidate_2,candidate_3,candidate_1,3,0.02
1804,candidate_2,candidate_3,candidate_1,3,0.02
1805,candidate_2,candidate_3,candidate_1,3,0.02
1806,candidate_2,candidate_3,candidate_1,3,0.02
1807,candidate_2,candidate_3,candidate_1,3,0.02
1808,candidate_2,candidate_3,candidate_1,3,0.02
1809,candidate_2,candidate_3,candidate_1,3,0.02
1810,candidate_2,candidate_3,candidate_1,3,0.02
1811,candidate_2,candidate_3,candidate_1,3,0.02
1812,candidate_2,candidate_3,candidate_1,3,0.02
1813,candidate_2,candidate_3,candidate_1,3,0.02
1814,candidate_2,candidate_3,candidate_1,3,0.02
1815,candidate_2,candidate_3,candidate_1,3,0.02
1816,candidate_2,candidate_3,candidate_1,3,0.02
1817,candidate_2,candidate_3,candidate_1,3,0.02
1818,candidate_2,candidate_3,candidate_1,3,0.02
1819,candidate_2,candidate_3,candidate_1,3,0.02
1820,candidate_2,candidate_3,candidate_1,3,0.02
1821,candidate_2,candidate_3,candidate_1,3,0.02
1822,candidate_2,candidate_3,candidate_1,3,0.02
1823,candidate_2,candidate_3,candidate_1,3,0.02
1824,candidate_2,0,candidate_1,3,0.02
1825,candidate_2,candidate_3,candidate_1,3,0.02
1826,candidate_2,candidate_3,candidate_1,3,0.02
1827,candidate_2,candidate_3,candidate_1,3,0.02
1828,candidate_2,candidate_3,candidate_1,3,0.02
1829,candidate_2,candidate_3,candidate_1,3,0.02
1830,candidate_2,candidate_3,candidate_1,3,0.02
1831,candidate_2,candidate_3,candidate_1,3,0.02
1832,candidate_2,candidate_3,candidate_1,3,0.02
1833,candidate_2,candidate_3,candidate_1,3,0.02
1834,candidate_2,candidate_3,candidate_1,3,0.02
1835,candidate_2,candidate_3,candidate_1,3,0.02
1836,0,candidate_3,candidate_1,3,0.02
1837,candidate_2,candidate_3,candidate_1,3,0.02
1838,candidate_2,candidate_3,candidate_1,3,0.02
1839,candidate_2,candidate_3,candidate_1,3,0.02
1840,candidate_2,candidate_3,candidate_1,3,0.02
1841,candidate_2,candidate_3,candidate_1,3,0.02
1842,candidate_2,candidate_3,candidate_1,3,0.02
1843,candidate_2,candidate_3,candidate_1,3,0.02
1844,candidate_2,candidate_3,candidate_1,3,0.02
1845,candidate_2,candidate_3,candidate_1,3,0.02
1846,candidate_2,candidate_3,candidate_1,3,0.02
1847,candidate_2,candidate_3,candidate_1,3,0.02
1848,candidate_2,candidate_3,candidate_1,3,0.02
1849,candidate_2,candidate_3,candidate_1,3,0.02
1850,candidate_2,candidate_3,candidate_1,3,0.02
1851,candidate_2,candidate_3,candidate_1,3,0.02
1852,0,candidate_3,candidate_1,3,0.02
1853,candidate_2,candidate_3,candidate_1,3,0.02
1854,candidate_2,candidate_3,candidate_1,3,0.02
1855,candidate_2,candidate_3,candidate_1,3,0.02
1856,candidate_2,candidate_3,candidate_1,3,0.02
1857,candidate_2,candidate_3,candidate_1,3,0.02
1858,candidate_2,candidate_3,candidate_1,3,0.02
1859,candidate_2,candidate_3,candidate_1,3,0.02
1860,candidate_2,candidate_3,candidate_1,3,0.02
1861,candidate_2,candidate_3,candidate_1,3,0.02
1862,candidate_2,candidate_3,candidate_1,3,0.02
1863,candidate_2,candidate_3,candidate_1,3,0.02
1864,candidate_2,candidate_3,candidate_1,3,0.02
1865,candidate_2,candidate_3,candidate_1,3,0.02
1866,candidate_2,candidate_3,candidate_1,3,0.02
1867,candidate_2,candidate_3,candidate_1,3,0.02
1868,candidate_2,candidate_3,candidate_1,3,0.02
1869,candidate_2,candidate_3,candidate_1,3,0.02
1870,candidate_2,candidate_3,candidate_1,3,0.02
1871,candidate_2,candidate_3,candidate_1,3,0.02
1872,candidate_2,candidate_3,candidate_1,3,0.02
1873,candidate_2,candidate_3,candidate_1,3,0.02
1874,candidate_2,candidate_3,candidate_1,3,0.02
1875,candidate_2,candidate_3,candidate_1,3,0.02
1876,candidate_2,candidate_3,candidate_1,3,0.02
1877,candidate_2,candidate_3,candidate_1,3,0.02
1878,0,candidate_3,candidate_1,3,0.02
1879,candidate_2,candidate_3,candidate_1,3,0.02
1880,candidate_2,candidate_3,candidate_1,3,0.02
1881,candidate_2,candidate_3,candidate_1,3,0.02
1882,candidate_2,candidate_3,candidate_1,3,0.02
1883,candidate_2,candidate_3,candidate_1,3,0.02
1884,candidate_2,0,candidate_1,3,0.02
1885,candidate_2,candidate_3,candidate_1,3,0.02
1886,candidate_2,candidate_3,candidate_1,3,0.02
1887,candidate_2,candidate_3,candidate_1,3,0.02
1888,candidate_2,candidate_3,candidate_1,3,0.02
1889,candidate_2,0,candidate_1,3,0.02
1890,candidate_2,candidate_3,candidate_1,3,0.02
1891,candidate_2,candidate_3,candidate_1,3,0.02
1892,candidate_2,candidate_3,candidate_1,3,0.02
1893,candidate_2,candidate_3,candidate_1,3,0.02
1894,candidate_2,candidate_3,candidate_1,3,0.02
1895,candidate_2,candidate_3,candidate_1,3,0.02
1896,candidate_2,candidate_3,candidate_1,3,0.02
1897,candidate_2,candidate_3,candidate_1,3,0.02
1898,candidate_2,0,candidate_1,3,0.02
1899,candidate_2,candidate_3,candidate_1,3,0.02
1900,candidate_2,candidate_3,candidate_1,3,0.02
1901,candidate_2,candidate_3,candidate_1,3,0.02
1902,candidate_2,candidate_3,candidate_1,3,0.02
1903,candidate_2,candidate_3,candidate_1,3,0.02
1904,candidate_2,candidate_3,candidate_1,3,0.02
1905,candidate_2,candidate_3,candidate_1,3,0.02
1906,candidate_2,0,candidate_1,3,0.02
1907,candidate_2,candidate_3,candidate_1,3,0.02
1908,candidate_2,candidate_3,candidate_1,3,0.02
1909,candidate_2,candidate_3,candidate_1,3,0.02
1910,candidate_2,candidate_3,candidate_1,3,0.02
1911,candidate_2,candidate_3,candidate_1,3,0.02
1912,candidate_2,candidate_3,candidate_1,3,0.02
1913,candidate_2,candidate_3,candidate_1,3,0.02
1914,candidate_2,candidate_3,candidate_1,3,0.02
1915,candidate_2,candidate_3,candidate_1,3,0.02
1916,candidate_2,candidate_3,candidate_1,3,0.02
1917,candidate_2,candidate_3,candidate_1,3,0.02
1918,candidate_2,candidate_3,candidate_1,3,0.02
1919,candidate_2,candidate_3,candidate_1,3,0.02
1920,candidate_2,candidate_3,candidate_1,3,0.02
1921,candidate_2,candidate_3,candidate_1,3,0.02
1922,candidate_2,0,candidate_1,3,0.02
1923,candidate_2,candidate_3,candidate_1,3,0.02
1924,candidate_2,candidate_3,candidate_1,3,0.02
1925,candidate_2,candidate_3,candidate_1,3,0.02
1926,candidate_2,candidate_3,candidate_1,3,0.02
1927,candidate_2,candidate_3,candidate_1,3,0.02
1928,candidate_2,candidate_3,candidate_1,3,0.02
1929,candidate_2,candidate_3,candidate_1,3,0.02
1930,candidate_2,candidate_3,candidate_1,3,0.02
1931,candidate_2,candidate_3,candidate_1,3,0.02
1932,candidate_2,candidate_3,candidate_1,3,0.02
1933,candidate_2,candidate_3,candidate_1,3,0.02
1934,candidate_2,candidate_3,candidate_1,3,0.02
1935,candidate_2,candidate_3,candidate_1,3,0.02
1936,candidate_2,candidate_3,candidate_1,3,0.02
1937,candidate_2,candidate_3,candidate_1,3,0.02
1938,candidate_2,candidate_3,candidate_1,3,0.02
1939,candidate_2,candidate_3,candidate_1,3,0.02
1940,candidate_2,candidate_3,candidate_1,3,0.02
1941,candidate_2,candidate_3,candidate_1,3,0.02
1942,candidate_2,candidate_3,candidate_1,3,0.02
1943,candidate_2,candidate_3,candidate_1,3,0.02
1944,candidate_2,candidate_3,candidate_1,3,0.02
1945,candidate_2,candidate_3,candidate_1,3,0.02
1946,candidate_2,candidate_3,candidate_1,3,0.02
1947,candidate_2,candidate_3,candidate_1,3,0.02
1948,candidate_2,candidate_3,candidate_1,3,0.02
1949,candidate_2,candidate_3,candidate_1,3,0.02
1950,candidate_2,candidate_3,candidate_1,3,0.02
1951,candidate_2,candidate_3,candidate_1,3,0.02
1952,candidate_2,candidate_3,candidate_1,3,0.02
1953,candidate_2,candidate_3,candidate_1,3,0.02
1954,candidate_2,candidate_3,candidate_1,3,0.02
1955,candidate_2,candidate_3,candidate_1,3,0.02
1956,candidate_2,candidate_3,candidate_1,3,0.02
1957,candidate_2,candidate_3,candidate_1,3,0.02
1958,candidate_2,candidate_3,candidate_1,3,0.02
1959,candidate_2,candidate_3,candidate_1,3,0.02
1960,candidate_2,candidate_3,candidate_1,3,0.02
1961,candidate_2,candidate_3,candidate_1,3,0.02
1962,candidate_2,candidate_3,candidate_1,3,0.02
1963,candidate_2,candidate_3,candidate_1,3,0.02
1964,candidate_2,candidate_3,candidate_1,3,0.02
1965,candidate_2,candidate_3,candidate_1,3,0.02
1966,candidate_2,candidate_3,candidate_1,3,0.02
1967,candidate_2,candidate_3,candidate_1,3,0.02
1968,candidate_2,candidate_3,candidate_1,3,0.02
1969,candidate_2,candidate_3,candidate_1,3,0.02
1970,candidate_2,candidate_3,candidate_1,3,0.02
1971,candidate_2,candidate_3,candidate_1,3,0.02
1972,candidate_2,candidate_3,candidate_1,3,0.02
1973,candidate_2,candidate_3,candidate_1,3,0.02
1974,candidate_2,candidate_3,candidate_1,3,0.02
1975,candidate_2,candidate_3,candidate_1,3,0.02
1976,candidate_2,candidate_3,candidate_1,3,0.02
1977,candidate_2,candidate_3,candidate_1,3,0.02
1978,candidate_2,candidate_3,candidate_1,3,0.02
1979,candidate_2,candidate_3,candidate_1,3,0.02
1980,candidate_2,candidate_3,candidate_1,3,0.02
1981,candidate_2,candidate_3,candidate_1,3,0.02
1982,candidate_2,candidate_3,candidate_1,3,0.02
1983,candidate_2,candidate_3,candidate_1,3,0.02
1984,candidate_2,candidate_3,candidate_1,3,0.02
1985,candidate_2,candidate_3,candidate_1,3,0.02
1986,candidate_2,candidate_3,candidate_1,3,0.02
1987,candidate_2,candidate_3,candidate_1,3,0.02
1988,candidate_2,candidate_3,candidate_1,3,0.02
1989,candidate_2,candidate_3,candidate_1,3,0.02
1990,candidate_2,candidate_3,candidate_1,3,0.02
1991,candidate_2,0,candidate_1,3,0.02
1992,candidate_2,candidate_3,candidate_1,3,0.02
1993,candidate_2,candidate_3,candidate_1,3,0.02
1994,candidate_2,candidate_3,candidate_1,3,0.02
1995,candidate_2,candidate_3,candidate_1,3,0.02
1996,candidate_2,candidate_3,candidate_1,3,0.02
1997,candidate_2,candidate_3,candidate_1,3,0.02
1998,candidate_2,candidate_3,candidate_1,3,0.02
1999,candidate_2,candidate_3,candidate_1,3,0.02
2000,candidate_2,candidate_3,candidate_1,3,0.02
2001,candidate_2,candidate_3,candidate_1,3,0.02
2002,candidate_2,candidate_3,candidate_1,3,0.02
2003,candidate_2,candidate_3,candidate_1,3,0.02
2004,candidate_2,candidate_3,candidate_1,3,0.02
2005,candidate_2,candidate_3,candidate_1,3,0.02
2006,candidate_2,candidate_3,candidate_1,3,0.02
2007,candidate_2,candidate_3,candidate_1,3,0.02
2008,candidate_2,candidate_3,candidate_1,3,0.02
2009,candidate_2,candidate_3,candidate_1,3,0.02
2010,candidate_2,candidate_3,candidate_1,3,0.02
2011,candidate_2,candidate_3,candidate_1,3,0.02
2012,candidate_2,candidate_3,candidate_1,3,0.02
2013,candidate_2,candidate_3,candidate_1,3,0.02
2014,candidate_2,candidate_3,candidate_1,3,0.02
2015,candidate_2,candidate_3,candidate_1,3,0.02
2016,candidate_2,candidate_3,candidate_1,3,0.02
2017,candidate_2,candidate_3,candidate_1,3,0.02
2018,candidate_2,candidate_3,candidate_1,3,0.02
2019,candidate_2,candidate_3,candidate_1,3,0.02
2020,candidate_2,candidate_3,candidate_1,3,0.02
2021,candidate_2,candidate_3,candidate_1,3,0.02
2022,candidate_2,candidate_3,candidate_1,3,0.02
2023,candidate_2,candidate_3,candidate_1,3,0.02
2024,candidate_2,candidate_3,candidate_1,3,0.02
2025,candidate_2,candidate_3,candidate_1,3,0.02
2026,candidate_2,candidate_3,candidate_1,3,0.02
2027,candidate_2,candidate_3,candidate_1,3,0.02
2028,candidate_2,candidate_3,candidate_1,3,0.02
2029,candidate_2,candidate_3,candidate_1,3,0.02
2030,candidate_2,candidate_3,candidate_1,3,0.02
2031,candidate_2,candidate_3,candidate_1,3,0.02
2032,candidate_2,candidate_3,candidate_1,3,0.02
2033,candidate_2,0,candidate_1,3,0.02
2034,candidate_2,candidate_3,candidate_1,3,0.02
2035,candidate_2,candidate_3,candidate_1,3,0.02
2036,candidate_2,candidate_3,candidate_1,3,0.02
2037,candidate_2,candidate_3,candidate_1,3,0.02
2038,candidate_2,candidate_3,candidate_1,3,0.02
2039,candidate_2,candidate_3,candidate_1,3,0.02
2040,candidate_2,candidate_3,candidate_1,3,0.02
2041,candidate_2,candidate_3,candidate_1,3,0.02
2042,candidate_2,candidate_3,candidate_1,3,0.02
2043,candidate_2,0,candidate_1,3,0.02
2044,candidate_2,candidate_3,candidate_1,3,0.02
2045,candidate_2,candidate_3,candidate_1,3,0.02
2046,candidate_2,candidate_3,candidate_1,3,0.02
2047,candidate_2,candidate_3,candidate_1,3,0.02
2048,candidate_2,candidate_3,candidate_1,3,0.02
2049,candidate_2,candidate_3,candidate_1,3,0.02
2050,candidate_2,candidate_3,candidate_1,3,0.02
2051,candidate_2,candidate_3,candidate_1,3,0.02
2052,candidate_2,candidate_3,candidate_1,3,0.02
2053,candidate_2,candidate_3,candidate_1,3,0.02
2054,candidate_2,candidate_3,candidate_1,3,0.02
2055,candidate_2,candidate_3,candidate_1,3,0.02
2056,candidate_2,candidate_3,candidate_1,3,0.02
2057,candidate_2,candidate_3,candidate_1,3,0.02
2058,candidate_2,candidate_3,candidate_1,3,0.02
2059,candidate_2,candidate_3,0,3,0.02
2060,candidate_2,0,candidate_1,3,0.02
2061,candidate_2,candidate_3,candidate_1,3,0.02
2062,candidate_2,candidate_3,candidate_1,3,0.02
2063,candidate_2,candidate_3,candidate_1,3,0.02
2064,candidate_2,candidate_3,candidate_1,3,0.02
2065,candidate_2,candidate_3,candidate_1,3,0.02
2066,candidate_2,candidate_3,candidate_1,3,0.02
2067,candidate_2,candidate_3,candidate_1,3,0.02
2068,candidate_2,candidate_3,candidate_1,3,0.02
2069,candidate_2,candidate_3,candidate_1,3,0.02
2070,candidate_2,candidate_3,candidate_1,3,0.02
2071,candidate_2,candidate_3,candidate_1,3,0.02
2072,candidate_2,candidate_3,candidate_1,3,0.02
2073,candidate_2,candidate_3,candidate_1,3,0.02
2074,candidate_2,candidate_3,candidate_1,3,0.02
2075,candidate_2,candidate_3,candidate_1,3,0.02
2076,candidate_2,candidate_3,candidate_1,3,0.02
2077,candidate_2,candidate_3,candidate_1,3,0.02
2078,candidate_2,candidate_3,candidate_1,3,0.02
2079,0,candidate_3,candidate_1,3,0.02
2080,candidate_2,candidate_3,candidate_1,3,0.02
2081,candidate_2,candidate_3,candidate_1,3,0.02
2082,candidate_2,candidate_3,candidate_1,3,0.02
2083,candidate_2,candidate_3,candidate_1,3,0.02
2084,candidate_2,candidate_3,candidate_1,3,0.02
2085,candidate_2,candidate_3,candidate_1,3,0.02
2086,candidate_2,candidate_3,candidate_1,3,0.02
2087,candidate_2,candidate_3,candidate_1,3,0.02
2088,candidate_2,candidate_3,candidate_1,3,0.02
2089,candidate_2,candidate_3,candidate_1,3,0.02
2090,candidate_2,candidate_3,candidate_1,3,0.02
2091,candidate_2,candidate_3,candidate_1,3,0.02
2092,candidate_2,candidate_3,candidate_1,3,0.02
2093,candidate_2,candidate_3,candidate_1,3,0.02
2094,candidate_2,candidate_3,candidate_1,3,0.02
2095,candidate_2,candidate_3,candidate_1,3,0.02
2096,candidate_2,candidate_3,candidate_1,3,0.02
2097,candidate_2,candidate_3,candidate_1,3,0.02
2098,0,candidate_3,candidate_1,3,0.02
2099,candidate_2,candidate_3,candidate_1,3,0.02
2100,candidate_2,candidate_3,candidate_1,3,0.02
2101,candidate_2,candidate_3,candidate_1,3,0.02
2102,candidate_2,candidate_3,candidate_1,3,0.02
2103,candidate_2,candidate_3,candidate_1,3,0.02
2104,candidate_2,candidate_3,candidate_1,3,0.02
2105,candidate_2,candidate_3,candidate_1,3,0.02
2106,candidate_2,0,candidate_1,3,0.02
2107,candidate_2,candidate_3,candidate_1,3,0.02
2108,candidate_2,candidate_3,candidate_1,3,0.02
2109,candidate_2,candidate_3,candidate_1,3,0.02
2110,candidate_2,candidate_3,candidate_1,3,0.02
2111,candidate_2,0,candidate_1,3,0.02
2112,candidate_2,candidate_3,candidate_1,3,0.02
2113,candidate_2,candidate_3,candidate_1,3,0.02
2114,candidate_2,candidate_3,candidate_1,3,0.02
2115,0,0,candidate_1,3,0.02
2116,candidate_2,candidate_3,candidate_1,3,0.02
2117,candidate_2,candidate_3,candidate_1,3,0.02
2118,candidate_2,candidate_3,candidate_1,3,0.02
2119,candidate_2,candidate_3,candidate_1,3,0.02
2120,candidate_2,candidate_3,candidate_1,3,0.02
2121,candidate_2,candidate_3,candidate_1,3,0.02
2122,candidate_2,candidate_3,candidate_1,3,0.02
2123,candidate_2,candidate_3,candidate_1,3,0.02
2124,candidate_2,candidate_3,candidate_1,3,0.02
2125,candidate_2,candidate_3,candidate_1,3,0.02
2126,candidate_2,candidate_3,candidate_1,3,0.02
2127,candidate_2,candidate_3,candidate_1,3,0.02
2128,candidate_2,candidate_3,candidate_1,3,0.02
2129,candidate_2,candidate_3,candidate_1,3,0.02
2130,candidate_2,candidate_3,candidate_1,3,0.02
2131,0,candidate_3,candidate_1,3,0.02
2132,candidate_2,candidate_3,candidate_1,3,0.02
2133,candidate_2,candidate_3,candidate_1,3,0.02
2134,candidate_2,candidate_3,candidate_1,3,0.02
2135,candidate_2,candidate_3,candidate_1,3,0.02
2136,0,candidate_3,candidate_1,3,0.02
2137,candidate_2,candidate_3,candidate_1,3,0.02
2138,candidate_2,candidate_3,candidate_1,3,0.02
2139,candidate_2,candidate_3,candidate_1,3,0.02
2140,0,candidate_3,candidate_1,3,0.02
2141,candidate_2,candidate_3,candidate_1,3,0.02
2142,candidate_2,candidate_3,candidate_1,3,0.02
2143,candidate_2,candidate_3,candidate_1,3,0.02
2144,candidate_2,candidate_3,candidate_1,3,0.02
2145,candidate_2,candidate_3,candidate_1,3,0.02
2146,candidate_2,candidate_3,candidate_1,3,0.02
2147,candidate_2,candidate_3,candidate_1,3,0.02
2148,candidate_2,candidate_3,candidate_1,3,0.02
2149,candidate_2,candidate_3,candidate_1,3,0.02
2150,candidate_2,candidate_3,candidate_1,3,0.02
2151,candidate_2,candidate_3,candidate_1,3,0.02
2152,candidate_2,candidate_3,candidate_1,3,0.02
2153,candidate_2,candidate_3,candidate_1,3,0.02
2154,candidate_2,candidate_3,candidate_1,3,0.02
2155,candidate_2,candidate_3,candidate_1,3,0.02
2156,candidate_2,candidate_3,candidate_1,3,0.02
2157,candidate_2,candidate_3,candidate_1,3,0.02
2158,candidate_2,candidate_3,candidate_1,3,0.02
2159,candidate_2,candidate_3,candidate_1,3,0.02
2160,candidate_2,candidate_3,candidate_1,3,0.02
2161,candidate_2,candidate_3,candidate_1,3,0.02
2162,candidate_2,candidate_3,candidate_1,3,0.02
2163,candidate_2,candidate_3,candidate_1,3,0.02
2164,candidate_2,candidate_3,candidate_1,3,0.02
2165,candidate_2,candidate_3,candidate_1,3,0.02
2166,candidate_2,candidate_3,candidate_1,3,0.02
2167,candidate_2,candidate_3,candidate_1,3,0.02
2168,candidate_2,candidate_3,candidate_1,3,0.02
2169,candidate_2,candidate_3,candidate_1,3,0.02
2170,candidate_2,candidate_3,candidate_1,3,0.02
2171,candidate_2,candidate_3,candidate_1,3,0.02
2172,candidate_2,candidate_3,candidate_1,3,0.02
2173,candidate_2,candidate_3,candidate_1,3,0.02
2174,candidate_2,candidate_3,candidate_1,3,0.02
2175,candidate_2,candidate_3,candidate_1,3,0.02
2176,candidate_2,candidate_3,candidate_1,3,0.02
2177,candidate_2,candidate_3,candidate_1,3,0.02
2178,candidate_2,candidate_3,candidate_1,3,0.02
2179,candidate_2,candidate_3,candidate_1,3,0.02
2180,candidate_2,candidate_3,candidate_1,3,0.02
2181,candidate_2,candidate_3,candidate_1,3,0.02
2182,candidate_2,candidate_3,candidate_1,3,0.02
2183,candidate_2,candidate_3,candidate_1,3,0.02
2184,candidate_2,candidate_3,candidate_1,3,0.02
2185,candidate_2,candidate_3,candidate_1,3,0.02
2186,candidate_2,candidate_3,candidate_1,3,0.02
2187,candidate_2,candidate_3,candidate_1,3,0.02
2188,candidate_2,candidate_3,candidate_1,3,0.02
2189,candidate_2,candidate_3,candidate_1,3,0.02
2190,candidate_2,candidate_3,candidate_1,3,0.02
2191,candidate_2,candidate_3,candidate_1,3,0.02
2192,candidate_2,candidate_3,candidate_1,3,0.02
2193,candidate_2,candidate_3,candidate_1,3,0.02
2194,candidate_2,candidate_3,candidate_1,3,0.02
2195,candidate_2,candidate_3,candidate_1,3,0.02
2196,candidate_2,candidate_3,candidate_1,3,0.02
2197,candidate_2,candidate_3,candidate_1,3,0.02
2198,candidate_2,candidate_3,candidate_1,3,0.02
2199,candidate_2,candidate_3,candidate_1,3,0.02
2200,candidate_2,candidate_3,candidate_1,3,0.02
2201,candidate_2,candidate_3,candidate_1,3,0.02
2202,candidate_2,candidate_3,candidate_1,3,0.02
2203,candidate_2,candidate_3,candidate_1,3,0.02
2204,candidate_2,candidate_3,candidate_1,3,0.02
2205,candidate_2,candidate_3,candidate_1,3,0.02
2206,0,candidate_3,candidate_1,3,0.02
2207,candidate_2,candidate_3,candidate_1,3,0.02
2208,candidate_2,candidate_3,candidate_1,3,0.02
2209,candidate_2,candidate_3,candidate_1,3,0.02
2210,candidate_2,candidate_3,candidate_1,3,0.02
2211,candidate_2,candidate_3,candidate_1,3,0.02
2212,candidate_2,candidate_3,candidate_1,3,0.02
2213,candidate_2,candidate_3,candidate_1,3,0.02
2214,candidate_2,candidate_3,candidate_1,3,0.02
2215,candidate_2,candidate_3,candidate_1,3,0.02
2216,candidate_2,candidate_3,candidate_1,3,0.02
2217,candidate_2,candidate_3,candidate_1,3,0.02
2218,candidate_2,candidate_3,candidate_1,3,0.02
2219,candidate_2,candidate_3,candidate_1,3,0.02
2220,candidate_2,0,candidate_1,3,0.02
2221,candidate_2,candidate_3,candidate_1,3,0.02
2222,candidate_2,candidate_3,candidate_1,3,0.02
2223,candidate_2,candidate_3,candidate_1,3,0.02
2224,candidate_2,candidate_3,candidate_1,3,0.02
2225,candidate_2,candidate_3,candidate_1,3,0.02
2226,candidate_2,candidate_3,candidate_1,3,0.02
2227,candidate_2,candidate_3,candidate_1,3,0.02
2228,candidate_2,candidate_3,candidate_1,3,0.02
2229,candidate_2,candidate_3,candidate_1,3,0.02
2230,candidate_2,candidate_3,candidate_1,3,0.02
2231,candidate_2,candidate_3,candidate_1,3,0.02
2232,candidate_2,candidate_3,candidate_1,3,0.02
2233,candidate_2,candidate_3,candidate_1,3,0.02
2234,candidate_2,candidate_3,candidate_1,3,0.02
2235,candidate_2,candidate_3,candidate_1,3,0.02
2236,candidate_2,candidate_3,candidate_1,3,0.02
2237,candidate_2,candidate_3,candidate_1,3,0.02
2238,candidate_2,candidate_3,candidate_1,3,0.02
2239,candidate_2,candidate_3,candidate_1,3,0.02
2240,candidate_2,candidate_3,candidate_1,3,0.02
2241,candidate_2,candidate_3,candidate_1,3,0.02
2242,candidate_2,candidate_3,candidate_1,3,0.02
2243,candidate_2,candidate_3,candidate_1,3,0.02
2244,candidate_2,candidate_3,candidate_1,3,0.02
2245,candidate_2,candidate_3,candidate_1,3,0.02
2246,candidate_2,candidate_3,candidate_1,3,0.02
2247,candidate_2,candidate_3,candidate_1,3,0.02
2248,candidate_2,0,candidate_1,3,0.02
2249,candidate_2,candidate_3,candidate_1,3,0.02
2250,candidate_2,candidate_3,candidate_1,3,0.02
2251,candidate_2,candidate_3,candidate_1,3,0.02
2252,candidate_2,candidate_3,candidate_1,3,0.02
2253,candidate_2,candidate_3,candidate_1,3,0.02
2254,candidate_2,candidate_3,candidate_1,3,0.02
2255,candidate_2,candidate_3,candidate_1,3,0.02
2256,candidate_2,candidate_3,candidate_1,3,0.02
2257,candidate_2,candidate_3,candidate_1,3,0.02
2258,candidate_2,candidate_3,candidate_1,3,0.02
2259,candidate_2,candidate_3,candidate_1,3,0.02
2260,candidate_2,candidate_3,candidate_1,3,0.02
2261,candidate_2,candidate_3,candidate_1,3,0.02
2262,candidate_2,candidate_3,candidate_1,3,0.02
2263,candidate_2,candidate_3,candidate_1,3,0.02
2264,candidate_2,candidate_3,candidate_1,3,0.02
2265,candidate_2,candidate_3,candidate_1,3,0.02
2266,candidate_2,candidate_3,candidate_1,3,0.02
2267,candidate_2,candidate_3,candidate_1,3,0.02
2268,candidate_2,candidate_3,candidate_1,3,0.02
2269,candidate_2,candidate_3,candidate_1,3,0.02
2270,candidate_2,candidate_3,candidate_1,3,0.02
2271,candidate_2,candidate_3,candidate_1,3,0.02
2272,candidate_2,candidate_3,candidate_1,3,0.02
2273,candidate_2,candidate_3,candidate_1,3,0.02
2274,candidate_2,candidate_3,candidate_1,3,0.02
2275,candidate_2,candidate_3,candidate_1,3,0.02
2276,candidate_2,candidate_3,candidate_1,3,0.02
2277,candidate_2,candidate_3,candidate_1,3,0.02
2278,candidate_2,candidate_3,candidate_1,3,0.02
2279,candidate_2,candidate_3,candidate_1,3,0.02
2280,candidate_2,candidate_3,candidate_1,3,0.02
2281,candidate_2,candidate_3,candidate_1,3,0.02
2282,candidate_2,candidate_3,candidate_1,3,0.02
2283,candidate_2,candidate_3,candidate_1,3,0.02
2284,candidate_2,candidate_3,candidate_1,3,0.02
2285,candidate_2,candidate_3,candidate_1,3,0.02
2286,candidate_2,candidate_3,candidate_1,3,0.02
2287,candidate_2,candidate_3,candidate_1,3,0.02
2288,candidate_2,candidate_3,candidate_1,3,0.02
2289,candidate_2,candidate_3,candidate_1,3,0.02
2290,candidate_2,candidate_3,candidate_1,3,0.02
2291,candidate_2,candidate_3,candidate_1,3,0.02
2292,candidate_2,candidate_3,candidate_1,3,0.02
2293,candidate_2,candidate_3,candidate_1,3,0.02
2294,candidate_2,candidate_3,candidate_1,3,0.02
2295,candidate_2,candidate_3,candidate_1,3,0.02
2296,candidate_2,candidate_3,candidate_1,3,0.02
2297,candidate_2,candidate_3,candidate_1,3,0.02
2298,candidate_2,candidate_3,candidate_1,3,0.02
2299,candidate_2,candidate_3,candidate_1,3,0.02
2300,candidate_2,candidate_3,candidate_1,3,0.02
2301,candidate_2,candidate_3,candidate_1,3,0.02
2302,candidate_2,candidate_3,candidate_1,3,0.02
2303,candidate_2,candidate_3,candidate_1,3,0.02
2304,candidate_2,candidate_3,candidate_1,3,0.02
2305,candidate_2,candidate_3,candidate_1,3,0.02
2306,candidate_2,candidate_3,candidate_1,3,0.02
2307,candidate_2,candidate_3,candidate_1,3,0.02
2308,candidate_2,candidate_3,candidate_1,3,0.02
2309,candidate_2,candidate_3,candidate_1,3,0.02
2310,candidate_2,candidate_3,candidate_1,3,0.02
2311,candidate_2,candidate_3,candidate_1,3,0.02
2312,candidate_2,candidate_3,candidate_1,3,0.02
2313,candidate_2,candidate_3,candidate_1,3,0.02
2314,candidate_2,candidate_3,candidate_1,3,0.02
2315,candidate_2,candidate_3,candidate_1,3,0.02
2316,candidate_2,candidate_3,candidate_1,3,0.02
2317,candidate_2,candidate_3,candidate_1,3,0.02
2318,candidate_2,candidate_3,candidate_1,3,0.02
2319,candidate_2,candidate_3,candidate_1,3,0.02
2320,candidate_2,0,candidate_1,3,0.02
2321,candidate_2,candidate_3,candidate_1,3,0.02
2322,candidate_2,candidate_3,candidate_1,3,0.02
2323,candidate_2,candidate_3,candidate_1,3,0.02
2324,candidate_2,candidate_3,candidate_1,3,0.02
2325,candidate_2,candidate_3,candidate_1,3,0.02
2326,candidate_2,candidate_3,candidate_1,3,0.02
2327,candidate_2,candidate_3,candidate_1,3,0.02
2328,candidate_2,candidate_3,candidate_1,3,0.02
2329,candidate_2,candidate_3,candidate_1,3,0.02
2330,candidate_2,candidate_3,candidate_1,3,0.02
2331,candidate_2,candidate_3,candidate_1,3,0.02
2332,candidate_2,candidate_3,candidate_1,3,0.02
2333,candidate_2,candidate_3,candidate_1,3,0.02
2334,candidate_2,candidate_3,candidate_1,3,0.02
2335,candidate_2,candidate_3,candidate_1,3,0.02
2336,candidate_2,candidate_3,candidate_1,3,0.02
2337,candidate_2,candidate_3,candidate_1,3,0.02
2338,candidate_2,candidate_3,candidate_1,3,0.02
2339,candidate_2,candidate_3,candidate_1,3,0.02
2340,candidate_2,0,candidate_1,3,0.02
2341,candidate_2,candidate_3,candidate_1,3,0.02
2342,candidate_2,candidate_3,candidate_1,3,0.02
2343,candidate_2,candidate_3,candidate_1,3,0.02
2344,candidate_2,candidate_3,candidate_1,3,0.02
2345,0,candidate_3,candidate_1,3,0.02
2346,candidate_2,candidate_3,candidate_1,3,0.02
2347,candidate_2,candidate_3,candidate_1,3,0.02
2348,candidate_2,candidate_3,candidate_1,3,0.02
2349,candidate_2,candidate_3,candidate_1,3,0.02
2350,candidate_2,candidate_3,candidate_1,3,0.02
2351,candidate_2,candidate_3,candidate_1,3,0.02
2352,candidate_2,candidate_3,candidate_1,3,0.02
2353,candidate_2,candidate_3,candidate_1,3,0.02
2354,candidate_2,candidate_3,candidate_1,3,0.02
2355,candidate_2,0,candidate_1,3,0.02
2356,candidate_2,candidate_3,candidate_1,3,0.02
2357,candidate_2,candidate_3,candidate_1,3,0.02
2358,candidate_2,candidate_3,candidate_1,3,0.02
2359,candidate_2,candidate_3,candidate_1,3,0.02
2360,candidate_2,candidate_3,candidate_1,3,0.02
2361,candidate_2,candidate_3,candidate_1,3,0.02
2362,candidate_2,candidate_3,candidate_1,3,0.02
2363,candidate_2,candidate_3,candidate_1,3,0.02
2364,candidate_2,candidate_3,candidate_1,3,0.02
2365,candidate_2,candidate_3,candidate_1,3,0.02
2366,candidate_2,candidate_3,candidate_1,3,0.02
2367,candidate_2,candidate_3,candidate_1,3,0.02
2368,candidate_2,candidate_3,candidate_1,3,0.02
2369,candidate_2,candidate_3,candidate_1,3,0.02
2370,candidate_2,candidate_3,candidate_1,3,0.02
2371,candidate_2,0,candidate_1,3,0.02
2372,candidate_2,candidate_3,candidate_1,3,0.02
2373,candidate_2,candidate_3,candidate_1,3,0.02
2374,candidate_2,candidate_3,candidate_1,3,0.02
2375,candidate_2,candidate_3,candidate_1,3,0.02
2376,candidate_2,candidate_3,candidate_1,3,0.02
2377,candidate_2,candidate_3,candidate_1,3,0.02
2378,candidate_2,candidate_3,candidate_1,3,0.02
2379,candidate_2,candidate_3,candidate_1,3,0.02
2380,candidate_2,candidate_3,candidate_1,3,0.02
2381,candidate_2,candidate_3,candidate_1,3,0.02
2382,candidate_2,candidate_3,candidate_1,3,0.02
2383,candidate_2,candidate_3,candidate_1,3,0.02
2384,candidate_2,candidate_3,candidate_1,3,0.02
2385,candidate_2,candidate_3,candidate_1,3,0.02
2386,candidate_2,candidate_3,candidate_1,3,0.02
2387,candidate_2,candidate_3,candidate_1,3,0.02
2388,candidate_2,candidate_3,candidate_1,3,0.02
2389,candidate_2,candidate_3,candidate_1,3,0.02
2390,candidate_2,candidate_3,candidate_1,3,0.02
2391,candidate_2,candidate_3,candidate_1,3,0.02
2392,candidate_2,candidate_3,candidate_1,3,0.02
2393,candidate_2,candidate_3,candidate_1,3,0.02
2394,candidate_2,candidate_3,candidate_1,3,0.02
2395,candidate_2,candidate_3,candidate_1,3,0.02
2396,candidate_2,candidate_3,candidate_1,3,0.02
2397,candidate_2,candidate_3,candidate_1,3,0.02
2398,candidate_2,candidate_3,candidate_1,3,0.02
2399,candidate_2,candidate_3,candidate_1,3,0.02
2400,candidate_2,candidate_3,candidate_1,3,0.02
2401,candidate_2,candidate_3,candidate_1,3,0.02
2402,candidate_2,candidate_3,candidate_1,3,0.02
2403,candidate_2,candidate_3,candidate_1,3,0.02
2404,candidate_2,candidate_3,candidate_1,3,0.02
2405,candidate_2,candidate_3,candidate_1,3,0.02
2406,candidate_2,candidate_3,candidate_1,3,0.02
2407,candidate_2,candidate_3,candidate_1,3,0.02
2408,candidate_2,candidate_3,candidate_1,3,0.02
2409,candidate_2,candidate_3,candidate_1,3,0.02
2410,candidate_2,candidate_3,candidate_1,3,0.02
2411,candidate_2,candidate_3,candidate_1,3,0.02
2412,candidate_2,candidate_3,candidate_1,3,0.02
2413,candidate_2,candidate_3,candidate_1,3,0.02
2414,candidate_2,candidate_3,candidate_1,3,0.02
2415,candidate_2,candidate_3,candidate_1,3,0.02
2416,candidate_2,candidate_3,candidate_1,3,0.02
2417,candidate_2,candidate_3,candidate_1,3,0.02
2418,candidate_2,candidate_3,candidate_1,3,0.02
2419,candidate_2,candidate_3,candidate_1,3,0.02
2420,candidate_2,candidate_3,candidate_1,3,0.02
2421,candidate_2,candidate_3,candidate_1,3,0.02
2422,candidate_2,candidate_3,candidate_1,3,0.02
2423,candidate_2,candidate_3,candidate_1,3,0.02
2424,candidate_2,candidate_3,candidate_1,3,0.02
2425,candidate_2,candidate_3,candidate_1,3,0.02
2426,candidate_2,candidate_3,candidate_1,3,0.02
2427,candidate_2,candidate_3,candidate_1,3,0.02
2428,candidate_2,candidate_3,candidate_1,3,0.02
2429,candidate_2,candidate_3,candidate_1,3,0.02
2430,candidate_2,candidate_3,candidate_1,3,0.02
2431,candidate_2,candidate_3,candidate_1,3,0.02
2432,candidate_2,candidate_3,candidate_1,3,0.02
2433,candidate_2,candidate_3,candidate_1,3,0.02
2434,candidate_2,candidate_3,0,3,0.02
2435,candidate_2,candidate_3,candidate_1,3,0.02
2436,candidate_2,candidate_3,candidate_1,3,0.02
2437,candidate_2,candidate_3,candidate_1,3,0.02
2438,candidate_2,candidate_3,candidate_1,3,0.02
2439,candidate_2,candidate_3,candidate_1,3,0.02
2440,candidate_2,candidate_3,candidate_1,3,0.02
2441,candidate_2,candidate_3,candidate_1,3,0.02
2442,candidate_2,candidate_3,candidate_1,3,0.02
2443,candidate_2,candidate_3,candidate_1,3,0.02
2444,candidate_2,candidate_3,candidate_1,3,0.02
2445,candidate_2,candidate_3,candidate_1,3,0.02
2446,candidate_2,candidate_3,candidate_1,3,0.02
2447,candidate_2,candidate_3,candidate_1,3,0.02
2448,candidate_2,candidate_3,candidate_1,3,0.02
2449,candidate_2,candidate_3,candidate_1,3,0.02
2450,candidate_2,candidate_3,candidate_1,3,0.02
2451,0,candidate_3,candidate_1,3,0.02
2452,candidate_2,candidate_3,candidate_1,3,0.02
2453,candidate_2,candidate_3,candidate_1,3,0.02
2454,candidate_2,candidate_3,candidate_1,3,0.02
2455,candidate_2,candidate_3,candidate_1,3,0.02
2456,candidate_2,candidate_3,candidate_1,3,0.02
2457,candidate_2,candidate_3,candidate_1,3,0.02
2458,candidate_2,candidate_3,candidate_1,3,0.02
2459,candidate_2,candidate_3,candidate_1,3,0.02
2460,candidate_2,candidate_3,candidate_1,3,0.02
2461,candidate_2,candidate_3,candidate_1,3,0.02
2462,candidate_2,candidate_3,candidate_1,3,0.02
2463,candidate_2,candidate_3,candidate_1,3,0.02
2464,candidate_2,candidate_3,candidate_1,3,0.02
2465,candidate_2,candidate_3,candidate_1,3,0.02
2466,candidate_2,candidate_3,candidate_1,3,0.02
2467,candidate_2,candidate_3,candidate_1,3,0.02
2468,candidate_2,candidate_3,candidate_1,3,0.02
2469,candidate_2,candidate_3,candidate_1,3,0.02
2470,candidate_2,candidate_3,candidate_1,3,0.02
2471,candidate_2,candidate_3,candidate_1,3,0.02
2472,candidate_2,candidate_3,candidate_1,3,0.02
2473,candidate_2,candidate_3,candidate_1,3,0.02
2474,candidate_2,candidate_3,candidate_1,3,0.02
2475,candidate_2,candidate_3,candidate_1,3,0.02
2476,candidate_2,candidate_3,candidate_1,3,0.02
2477,candidate_2,candidate_3,candidate_1,3,0.02
2478,candidate_2,candidate_3,candidate_1,3,0.02
2479,candidate_2,candidate_3,candidate_1,3,0.02
2480,candidate_2,candidate_3,candidate_1,3,0.02
2481,candidate_2,candidate_3,candidate_1,3,0.02
2482,0,candidate_3,candidate_1,3,0.02
2483,candidate_2,candidate_3,candidate_1,3,0.02
2484,candidate_2,candidate_3,candidate_1,3,0.02
2485,candidate_2,candidate_3,candidate_1,3,0.02
2486,candidate_2,candidate_3,candidate_1,3,0.02
2487,candidate_2,candidate_3,candidate_1,3,0.02
2488,candidate_2,candidate_3,candidate_1,3,0.02
2489,candidate_2,candidate_3,candidate_1,3,0.02
2490,candidate_2,candidate_3,candidate_1,3,0.02
2491,candidate_2,candidate_3,candidate_1,3,0.02
2492,candidate_2,candidate_3,candidate_1,3,0.02
2493,0,candidate_3,candidate_1,3,0.02
2494,candidate_2,candidate_3,candidate_1,3,0.02
2495,candidate_2,candidate_3,candidate_1,3,0.02
2496,candidate_2,candidate_3,candidate_1,3,0.02
2497,candidate_2,candidate_3,candidate_1,3,0.02
2498,candidate_2,candidate_3,candidate_1,3,0.02
2499,candidate_2,candidate_3,candidate_1,3,0.02
2500,candidate_2,candidate_3,candidate_1,3,0.02
2501,candidate_2,candidate_3,candidate_1,3,0.02
2502,candidate_2,candidate_3,candidate_1,3,0.02
2503,candidate_2,candidate_3,candidate_1,3,0.02
2504,candidate_2,candidate_3,candidate_1,3,0.02
2505,0,candidate_3,candidate_1,3,0.02
2506,candidate_2,candidate_3,candidate_1,3,0.02
2507,candidate_2,candidate_3,candidate_1,3,0.02
2508,candidate_2,candidate_3,candidate_1,3,0.02
2509,candidate_2,candidate_3,candidate_1,3,0.02
2510,candidate_2,candidate_3,candidate_1,3,0.02
2511,candidate_2,candidate_3,candidate_1,3,0.02
2512,candidate_2,candidate_3,candidate_1,3,0.02
2513,candidate_2,candidate_3,candidate_1,3,0.02
2514,candidate_2,candidate_3,candidate_1,3,0.02
2515,candidate_2,candidate_3,candidate_1,3,0.02
2516,candidate_2,candidate_3,candidate_1,3,0.02
2517,candidate_2,candidate_3,candidate_1,3,0.02
2518,candidate_2,candidate_3,candidate_1,3,0.02
2519,candidate_2,candidate_3,candidate_1,3,0.02
2520,candidate_2,candidate_3,candidate_1,3,0.02
2521,candidate_2,candidate_3,candidate_1,3,0.02
2522,candidate_2,candidate_3,candidate_1,3,0.02
2523,candidate_2,candidate_3,candidate_1,3,0.02
2524,candidate_2,candidate_3,candidate_1,3,0.02
2525,candidate_2,candidate_3,candidate_1,3,0.02
2526,candidate_2,candidate_3,candidate_1,3,0.02
2527,candidate_2,candidate_3,candidate_1,3,0.02
2528,candidate_2,candidate_3,candidate_1,3,0.02
2529,candidate_2,candidate_3,candidate_1,3,0.02
2530,candidate_2,candidate_3,candidate_1,3,0.02
2531,candidate_2,candidate_3,candidate_1,3,0.02
2532,candidate_2,candidate_3,candidate_1,3,0.02
2533,candidate_2,candidate_3,candidate_1,3,0.02
2534,candidate_2,candidate_3,candidate_1,3,0.02
2535,candidate_2,candidate_3,0,3,0.02
2536,candidate_2,candidate_3,candidate_1,3,0.02
2537,candidate_2,candidate_3,candidate_1,3,0.02
2538,candidate_2,candidate_3,candidate_1,3,0.02
2539,candidate_2,candidate_3,candidate_1,3,0.02
2540,candidate_2,candidate_3,candidate_1,3,0.02
2541,candidate_2,candidate_3,candidate_1,3,0.02
2542,candidate_2,candidate_3,candidate_1,3,0.02
2543,candidate_2,candidate_3,candidate_1,3,0.02
2544,candidate_2,candidate_3,candidate_1,3,0.02
2545,candidate_2,candidate_3,candidate_1,3,0.02
2546,candidate_2,candidate_3,candidate_1,3,0.02
2547,candidate_2,candidate_3,candidate_1,3,0.02
2548,candidate_2,candidate_3,candidate_1,3,0.02
2549,candidate_2,candidate_3,candidate_1,3,0.02
2550,candidate_2,candidate_3,candidate_1,3,0.02
2551,candidate_2,candidate_3,candidate_1,3,0.02
2552,candidate_2,candidate_3,candidate_1,3,0.02
2553,candidate_2,candidate_3,candidate_1,3,0.02
2554,candidate_2,candidate_3,candidate_1,3,0.02
2555,candidate_2,candidate_3,candidate_1,3,0.02
2556,candidate_2,candidate_3,candidate_1,3,0.02
2557,candidate_2,candidate_3,0,3,0.02
2558,candidate_2,candidate_3,candidate_1,3,0.02
2559,candidate_2,candidate_3,candidate_1,3,0.02
2560,candidate_2,candidate_3,candidate_1,3,0.02
2561,candidate_2,candidate_3,candidate_1,3,0.02
2562,candidate_2,candidate_3,candidate_1,3,0.02
2563,candidate_2,candidate_3,candidate_1,3,0.02
2564,0,candidate_3,candidate_1,3,0.02
2565,candidate_2,candidate_3,candidate_1,3,0.02
2566,candidate_2,candidate_3,candidate_1,3,0.02
2567,candidate_2,candidate_3,candidate_1,3,0.02
2568,candidate_2,candidate_3,candidate_1,3,0.02
2569,candidate_2,candidate_3,candidate_1,3,0.02
2570,candidate_2,candidate_3,candidate_1,3,0.02
2571,candidate_2,candidate_3,candidate_1,3,0.02
2572,candidate_2,candidate_3,candidate_1,3,0.02
2573,candidate_2,candidate_3,candidate_1,3,0.02
2574,candidate_2,candidate_3,candidate_1,3,0.02
2575,candidate_2,candidate_3,candidate_1,3,0.02
2576,candidate_2,candidate_3,candidate_1,3,0.02
2577,candidate_2,candidate_3,candidate_1,3,0.02
2578,candidate_2,candidate_3,candidate_1,3,0.02
2579,candidate_2,candidate_3,candidate_1,3,0.02
2580,candidate_2,candidate_3,candidate_1,3,0.02
2581,candidate_2,candidate_3,candidate_1,3,0.02
2582,candidate_2,candidate_3,candidate_1,3,0.02
2583,candidate_2,candidate_3,candidate_1,3,0.02
2584,candidate_2,candidate_3,candidate_1,3,0.02
2585,candidate_2,candidate_3,candidate_1,3,0.02
2586,candidate_2,candidate_3,candidate_1,3,0.02
2587,candidate_2,candidate_3,candidate_1,3,0.02
2588,candidate_2,candidate_3,candidate_1,3,0.02
2589,candidate_2,candidate_3,candidate_1,3,0.02
2590,candidate_2,candidate_3,candidate_1,3,0.02
2591,candidate_2,candidate_3,candidate_1,3,0.02
2592,candidate_2,candidate_3,candidate_1,3,0.02
2593,candidate_2,candidate_3,candidate_1,3,0.02
2594,0,candidate_3,candidate_1,3,0.02
2595,candidate_2,candidate_3,candidate_1,3,0.02
2596,candidate_2,candidate_3,candidate_1,3,0.02
2597,candidate_2,candidate_3,candidate_1,3,0.02
2598,candidate_2,candidate_3,candidate_1,3,0.02
2599,candidate_2,candidate_3,candidate_1,3,0.02
2600,candidate_2,candidate_3,candidate_1,3,0.02
2601,candidate_2,candidate_3,0,3,0.02
2602,candidate_2,candidate_3,candidate_1,3,0.02
2603,0,candidate_3,candidate_1,3,0.02
2604,candidate_2,candidate_3,candidate_1,3,0.02
2605,candidate_2,candidate_3,candidate_1,3,0.02
2606,candidate_2,candidate_3,candidate_1,3,0.02
2607,candidate_2,candidate_3,candidate_1,3,0.02
2608,candidate_2,candidate_3,candidate_1,3,0.02
2609,candidate_2,candidate_3,candidate_1,3,0.02
2610,candidate_2,candidate_3,0,3,0.02
2611,candidate_2,candidate_3,candidate_1,3,0.02
2612,candidate_2,candidate_3,candidate_1,3,0.02
2613,candidate_2,candidate_3,candidate_1,3,0.02
2614,candidate_2,candidate_3,candidate_1,3,0.02
2615,candidate_2,candidate_3,candidate_1,3,0.02
2616,candidate_2,candidate_3,candidate_1,3,0.02
2617,candidate_2,candidate_3,candidate_1,3,0.02
2618,candidate_2,candidate_3,candidate_1,3,0.02
2619,candidate_2,0,candidate_1,3,0.02
2620,candidate_2,candidate_3,candidate_1,3,0.02
2621,candidate_2,candidate_3,candidate_1,3,0.02
2622,candidate_2,candidate_3,candidate_1,3,0.02
2623,candidate_2,candidate_3,candidate_1,3,0.02
2624,candidate_2,candidate_3,candidate_1,3,0.02
2625,candidate_2,candidate_3,candidate_1,3,0.02
2626,candidate_2,candidate_3,candidate_1,3,0.02
2627,candidate_2,candidate_3,candidate_1,3,0.02
2628,candidate_2,candidate_3,candidate_1,3,0.02
2629,candidate_2,candidate_3,candidate_1,3,0.02
2630,candidate_2,candidate_3,candidate_1,3,0.02
2631,candidate_2,candidate_3,candidate_1,3,0.02
2632,candidate_2,candidate_3,candidate_1,3,0.02
2633,candidate_2,candidate_3,candidate_1,3,0.02
2634,candidate_2,candidate_3,candidate_1,3,0.02
2635,candidate_2,candidate_3,candidate_1,3,0.02
2636,candidate_2,candidate_3,candidate_1,3,0.02
2637,candidate_2,candidate_3,candidate_1,3,0.02
2638,candidate_2,candidate_3,candidate_1,3,0.02
2639,candidate_2,0,candidate_1,3,0.02
2640,candidate_2,candidate_3,candidate_1,3,0.02
2641,candidate_2,candidate_3,candidate_1,3,0.02
2642,candidate_2,candidate_3,candidate_1,3,0.02
2643,candidate_2,candidate_3,candidate_1,3,0.02
2644,candidate_2,candidate_3,candidate_1,3,0.02
2645,candidate_2,candidate_3,candidate_1,3,0.02
2646,candidate_2,candidate_3,candidate_1,3,0.02
2647,candidate_2,candidate_3,candidate_1,3,0.02
2648,candidate_2,candidate_3,candidate_1,3,0.02
2649,candidate_2,candidate_3,candidate_1,3,0.02
2650,candidate_2,candidate_3,candidate_1,3,0.02
2651,candidate_2,candidate_3,candidate_1,3,0.02
2652,candidate_2,candidate_3,candidate_1,3,0.02
2653,candidate_2,candidate_3,candidate_1,3,0.02
2654,candidate_2,candidate_3,candidate_1,3,0.02
2655,candidate_2,candidate_3,candidate_1,3,0.02
2656,candidate_2,candidate_3,candidate_1,3,0.02
2657,candidate_2,candidate_3,candidate_1,3,0.02
2658,candidate_2,candidate_3,candidate_1,3,0.02
2659,candidate_2,candidate_3,candidate_1,3,0.02
2660,candidate_2,candidate_3,candidate_1,3,0.02
2661,candidate_2,candidate_3,candidate_1,3,0.02
2662,candidate_2,candidate_3,candidate_1,3,0.02
2663,candidate_2,candidate_3,candidate_1,3,0.02
2664,candidate_2,candidate_3,candidate_1,3,0.02
2665,candidate_2,candidate_3,candidate_1,3,0.02
2666,candidate_2,0,candidate_1,3,0.02
2667,candidate_2,candidate_3,candidate_1,3,0.02
2668,candidate_2,candidate_3,candidate_1,3,0.02
2669,candidate_2,candidate_3,candidate_1,3,0.02
2670,candidate_2,candidate_3,candidate_1,3,0.02
2671,candidate_2,candidate_3,candidate_1,3,0.02
2672,candidate_2,candidate_3,candidate_1,3,0.02
2673,candidate_2,candidate_3,candidate_1,3,0.02
2674,candidate_2,candidate_3,candidate_1,3,0.02
2675,candidate_2,candidate_3,candidate_1,3,0.02
2676,candidate_2,candidate_3,candidate_1,3,0.02
2677,candidate_2,candidate_3,candidate_1,3,0.02
2678,candidate_2,candidate_3,candidate_1,3,0.02
2679,0,candidate_3,candidate_1,3,0.02
2680,candidate_2,candidate_3,candidate_1,3,0.02
2681,candidate_2,candidate_3,candidate_1,3,0.02
2682,candidate_2,candidate_3,candidate_1,3,0.02
2683,candidate_2,candidate_3,candidate_1,3,0.02
2684,candidate_2,candidate_3,candidate_1,3,0.02
2685,candidate_2,candidate_3,candidate_1,3,0.02
2686,candidate_2,candidate_3,candidate_1,3,0.02
2687,candidate_2,candidate_3,candidate_1,3,0.02
2688,candidate_2,candidate_3,candidate_1,3,0.02
2689,candidate_2,candidate_3,candidate_1,3,0.02
2690,candidate_2,candidate_3,candidate_1,3,0.02
2691,candidate_2,candidate_3,candidate_1,3,0.02
2692,candidate_2,candidate_3,candidate_1,3,0.02
2693,candidate_2,candidate_3,candidate_1,3,0.02
2694,candidate_2,candidate_3,candidate_1,3,0.02
2695,candidate_2,candidate_3,0,3,0.02
2696,candidate_2,candidate_3,candidate_1,3,0.02
2697,candidate_2,candidate_3,candidate_1,3,0.02
2698,candidate_2,candidate_3,candidate_1,3,0.02
2699,candidate_2,candidate_3,candidate_1,3,0.02
2700,candidate_2,candidate_3,candidate_1,3,0.02
2701,candidate_2,candidate_3,candidate_1,3,0.02
2702,candidate_2,candidate_3,candidate_1,3,0.02
2703,candidate_2,candidate_3,candidate_1,3,0.02
2704,candidate_2,candidate_3,candidate_1,3,0.02
2705,candidate_2,candidate_3,candidate_1,3,0.02
2706,candidate_2,candidate_3,candidate_1,3,0.02
2707,candidate_2,0,candidate_1,3,0.02
2708,candidate_2,candidate_3,candidate_1,3,0.02
2709,candidate_2,candidate_3,candidate_1,3,0.02
2710,candidate_2,candidate_3,candidate_1,3,0.02
2711,candidate_2,candidate_3,candidate_1,3,0.02
2712,candidate_2,candidate_3,candidate_1,3,0.02
2713,candidate_2,candidate_3,candidate_1,3,0.02
2714,candidate_2,candidate_3,candidate_1,3,0.02
2715,candidate_2,candidate_3,candidate_1,3,0.02
2716,candidate_2,candidate_3,candidate_1,3,0.02
2717,candidate_2,candidate_3,candidate_1,3,0.02
2718,candidate_2,candidate_3,candidate_1,3,0.02
2719,candidate_2,candidate_3,candidate_1,3,0.02
2720,candidate_2,candidate_3,candidate_1,3,0.02
2721,candidate_2,candidate_3,candidate_1,3,0.02
2722,candidate_2,candidate_3,candidate_1,3,0.02
2723,candidate_2,0,candidate_1,3,0.02
2724,candidate_2,candidate_3,candidate_1,3,0.02
2725,candidate_2,candidate_3,candidate_1,3,0.02
2726,candidate_2,candidate_3,candidate_1,3,0.02
2727,candidate_2,candidate_3,candidate_1,3,0.02
2728,0,candidate_3,candidate_1,3,0.02
2729,candidate_2,candidate_3,candidate_1,3,0.02
2730,candidate_2,candidate_3,candidate_1,3,0.02
2731,candidate_2,candidate_3,candidate_1,3,0.02
2732,candidate_2,candidate_3,candidate_1,3,0.02
2733,candidate_2,candidate_3,candidate_1,3,0.02
2734,candidate_2,candidate_3,candidate_1,3,0.02
2735,candidate_2,candidate_3,candidate_1,3,0.02
2736,candidate_2,candidate_3,candidate_1,3,0.02
2737,candidate_2,candidate_3,candidate_1,3,0.02
2738,candidate_2,candidate_3,candidate_1,3,0.02
2739,candidate_2,candidate_3,candidate_1,3,0.02
2740,candidate_2,candidate_3,candidate_1,3,0.02
2741,candidate_2,candidate_3,candidate_1,3,0.02
2742,candidate_2,candidate_3,candidate_1,3,0.02
2743,candidate_2,candidate_3,candidate_1,3,0.02
2744,candidate_2,candidate_3,candidate_1,3,0.02
2745,candidate_2,candidate_3,candidate_1,3,0.02
2746,candidate_2,candidate_3,candidate_1,3,0.02
2747,candidate_2,candidate_3,candidate_1,3,0.02
2748,candidate_2,candidate_3,candidate_1,3,0.02
2749,candidate_2,candidate_3,candidate_1,3,0.02
2750,candidate_2,candidate_3,candidate_1,3,0.02
2751,candidate_2,candidate_3,candidate_1,3,0.02
2752,candidate_2,candidate_3,candidate_1,3,0.02
2753,candidate_2,candidate_3,candidate_1,3,0.02
2754,candidate_2,candidate_3,candidate_1,3,0.02
2755,candidate_2,candidate_3,candidate_1,3,0.02
2756,candidate_2,candidate_3,candidate_1,3,0.02
2757,candidate_2,candidate_3,candidate_1,3,0.02
2758,0,candidate_3,candidate_1,3,0.02
2759,candidate_2,candidate_3,candidate_1,3,0.02
2760,candidate_2,candidate_3,candidate_1,3,0.02
2761,candidate_2,candidate_3,candidate_1,3,0.02
2762,candidate_2,candidate_3,candidate_1,3,0.02
2763,candidate_2,candidate_3,candidate_1,3,0.02
2764,candidate_2,candidate_3,candidate_1,3,0.02
2765,candidate_2,candidate_3,candidate_1,3,0.02
2766,candidate_2,candidate_3,candidate_1,3,0.02
2767,candidate_2,candidate_3,candidate_1,3,0.02
2768,candidate_2,candidate_3,0,3,0.02
2769,candidate_2,candidate_3,candidate_1,3,0.02
2770,candidate_2,candidate_3,candidate_1,3,0.02
2771,candidate_2,candidate_3,candidate_1,3,0.02
2772,candidate_2,candidate_3,candidate_1,3,0.02
2773,candidate_2,candidate_3,candidate_1,3,0.02
2774,candidate_2,candidate_3,candidate_1,3,0.02
2775,candidate_2,candidate_3,candidate_1,3,0.02
2776,candidate_2,candidate_3,candidate_1,3,0.02
2777,candidate_2,candidate_3,candidate_1,3,0.02
2778,candidate_2,candidate_3,candidate_1,3,0.02
2779,candidate_2,candidate_3,candidate_1,3,0.02
2780,candidate_2,candidate_3,candidate_1,3,0.02
2781,candidate_2,candidate_3,candidate_1,3,0.02
2782,candidate_2,candidate_3,candidate_1,3,0.02
2783,candidate_2,candidate_3,candidate_1,3,0.02
2784,candidate_2,candidate_3,candidate_1,3,0.02
2785,candidate_2,candidate_3,candidate_1,3,0.02
2786,candidate_2,candidate_3,candidate_1,3,0.02
2787,candidate_2,candidate_3,candidate_1,3,0.02
2788,0,candidate_3,candidate_1,3,0.02
2789,candidate_2,candidate_3,candidate_1,3,0.02
2790,candidate_2,candidate_3,candidate_1,3,0.02
2791,candidate_2,candidate_3,candidate_1,3,0.02
2792,candidate_2,candidate_3,candidate_1,3,0.02
2793,candidate_2,0,candidate_1,3,0.02
2794,candidate_2,candidate_3,candidate_1,3,0.02
2795,candidate_2,candidate_3,candidate_1,3,0.02
2796,candidate_2,candidate_3,candidate_1,3,0.02
2797,candidate_2,candidate_3,candidate_1,3,0.02
2798,candidate_2,candidate_3,candidate_1,3,0.02
2799,candidate_2,candidate_3,candidate_1,3,0.02
2800,candidate_2,candidate_3,candidate_1,3,0.02
2801,candidate_2,candidate_3,candidate_1,3,0.02
2802,candidate_2,candidate_3,candidate_1,3,0.02
2803,candidate_2,candidate_3,0,3,0.02
2804,candidate_2,candidate_3,candidate_1,3,0.02
2805,candidate_2,candidate_3,candidate_1,3,0.02
2806,candidate_2,candidate_3,candidate_1,3,0.02
2807,candidate_2,candidate_3,candidate_1,3,0.02
2808,candidate_2,candidate_3,candidate_1,3,0.02
2809,candidate_2,candidate_3,candidate_1,3,0.02
2810,candidate_2,candidate_3,candidate_1,3,0.02
2811,candidate_2,candidate_3,candidate_1,3,0.02
2812,candidate_2,candidate_3,candidate_1,3,0.02
2813,candidate_2,candidate_3,candidate_1,3,0.02
2814,candidate_2,candidate_3,candidate_1,3,0.02
2815,candidate_2,candidate_3,candidate_1,3,0.02
2816,candidate_2,candidate_3,candidate_1,3,0.02
2817,candidate_2,candidate_3,candidate_1,3,0.02
2818,candidate_2,candidate_3,candidate_1,3,0.02
2819,candidate_2,candidate_3,candidate_1,3,0.02
2820,candidate_2,candidate_3,candidate_1,3,0.02
2821,candidate_2,candidate_3,candidate_1,3,0.02
2822,candidate_2,candidate_3,candidate_1,3,0.02
2823,candidate_2,candidate_3,candidate_1,3,0.02
2824,candidate_2,candidate_3,candidate_1,3,0.02
2825,candidate_2,candidate_3,candidate_1,3,0.02
2826,candidate_2,candidate_3,candidate_1,3,0.02
2827,candidate_2,candidate_3,candidate_1,3,0.02
2828,candidate_2,candidate_3,candidate_1,3,0.02
2829,candidate_2,candidate_3,candidate_1,3,0.02
2830,candidate_2,candidate_3,candidate_1,3,0.02
2831,candidate_2,candidate_3,candidate_1,3,0.02
2832,candidate_2,candidate_3,candidate_1,3,0.02
2833,candidate_2,candidate_3,candidate_1,3,0.02
2834,candidate_2,candidate_3,candidate_1,3,0.02
2835,candidate_2,candidate_3,candidate_1,3,0.02
2836,candidate_2,candidate_3,candidate_1,3,0.02
2837,candidate_2,candidate_3,candidate_1,3,0.02
2838,candidate_2,candidate_3,candidate_1,3,0.02
2839,candidate_2,candidate_3,candidate_1,3,0.02
2840,candidate_2,candidate_3,candidate_1,3,0.02
2841,candidate_2,candidate_3,candidate_1,3,0.02
2842,candidate_2,candidate_3,candidate_1,3,0.02
2843,candidate_2,candidate_3,candidate_1,3,0.02
2844,candidate_2,candidate_3,candidate_1,3,0.02
2845,candidate_2,candidate_3,candidate_1,3,0.02
2846,candidate_2,candidate_3,candidate_1,3,0.02
2847,candidate_2,candidate_3,candidate_1,3,0.02
2848,candidate_2,candidate_3,candidate_1,3,0.02
2849,0,candidate_3,candidate_1,3,0.02
2850,candidate_2,candidate_3,candidate_1,3,0.02
2851,candidate_2,candidate_3,candidate_1,3,0.02
2852,candidate_2,candidate_3,candidate_1,3,0.02
2853,candidate_2,candidate_3,candidate_1,3,0.02
2854,candidate_2,candidate_3,candidate_1,3,0.02
2855,candidate_2,candidate_3,candidate_1,3,0.02
2856,candidate_2,candidate_3,candidate_1,3,0.02
2857,candidate_2,candidate_3,candidate_1,3,0.02
2858,candidate_2,candidate_3,candidate_1,3,0.02
2859,candidate_2,candidate_3,candidate_1,3,0.02
2860,candidate_2,candidate_3,0,3,0.02
2861,candidate_2,candidate_3,candidate_1,3,0.02
2862,candidate_2,candidate_3,candidate_1,3,0.02
2863,candidate_2,candidate_3,candidate_1,3,0.02
2864,candidate_2,candidate_3,candidate_1,3,0.02
2865,candidate_2,candidate_3,candidate_1,3,0.02
2866,candidate_2,candidate_3,candidate_1,3,0.02
2867,candidate_2,candidate_3,candidate_1,3,0.02
2868,candidate_2,candidate_3,candidate_1,3,0.02
2869,candidate_2,candidate_3,candidate_1,3,0.02
2870,candidate_2,candidate_3,candidate_1,3,0.02
2871,candidate_2,0,candidate_1,3,0.02
2872,candidate_2,candidate_3,candidate_1,3,0.02
2873,candidate_2,candidate_3,candidate_1,3,0.02
2874,candidate_2,candidate_3,candidate_1,3,0.02
2875,candidate_2,candidate_3,candidate_1,3,0.02
2876,candidate_2,candidate_3,candidate_1,3,0.02
2877,candidate_2,candidate_3,candidate_1,3,0.02
2878,candidate_2,candidate_3,candidate_1,3,0.02
2879,candidate_2,candidate_3,candidate_1,3,0.02
2880,candidate_2,candidate_3,candidate_1,3,0.02
2881,candidate_2,candidate_3,candidate_1,3,0.02
2882,candidate_2,candidate_3,candidate_1,3,0.02
2883,candidate_2,candidate_3,candidate_1,3,0.02
2884,candidate_2,candidate_3,candidate_1,3,0.02
2885,candidate_2,candidate_3,candidate_1,3,0.02
2886,candidate_2,candidate_3,candidate_1,3,0.02
2887,candidate_2,0,candidate_1,3,0.02
2888,0,candidate_3,candidate_1,3,0.02
2889,candidate_2,candidate_3,candidate_1,3,0.02
2890,candidate_2,candidate_3,candidate_1,3,0.02
2891,candidate_2,candidate_3,candidate_1,3,0.02
2892,candidate_2,candidate_3,candidate_1,3,0.02
2893,candidate_2,candidate_3,candidate_1,3,0.02
2894,candidate_2,candidate_3,candidate_1,3,0.02
2895,candidate_2,candidate_3,candidate_1,3,0.02
2896,candidate_2,candidate_3,candidate_1,3,0.02
2897,candidate_2,candidate_3,candidate_1,3,0.02
2898,candidate_2,candidate_3,candidate_1,3,0.02
2899,candidate_2,candidate_3,candidate_1,3,0.02
2900,candidate_2,candidate_3,candidate_1,3,0.02
2901,candidate_2,candidate_3,candidate_1,3,0.02
2902,candidate_2,candidate_3,candidate_1,3,0.02
2903,candidate_2,candidate_3,candidate_1,3,0.02
2904,candidate_2,candidate_3,candidate_1,3,0.02
2905,candidate_2,candidate_3,candidate_1,3,0.02
2906,candidate_2,candidate_3,candidate_1,3,0.02
2907,candidate_2,candidate_3,candidate_1,3,0.02
2908,candidate_2,candidate_3,candidate_1,3,0.02
2909,candidate_2,candidate_3,candidate_1,3,0.02
2910,candidate_2,candidate_3,candidate_1,3,0.02
2911,candidate_2,candidate_3,candidate_1,3,0.02
2912,candidate_2,candidate_3,candidate_1,3,0.02
2913,candidate_2,candidate_3,candidate_1,3,0.02
2914,candidate_2,candidate_3,candidate_1,3,0.02
2915,candidate_2,candidate_3,candidate_1,3,0.02
2916,candidate_2,candidate_3,candidate_1,3,0.02
2917,candidate_2,candidate_3,candidate_1,3,0.02
2918,candidate_2,candidate_3,candidate_1,3,0.02
2919,candidate_2,candidate_3,candidate_1,3,0.02
2920,candidate_2,candidate_3,candidate_1,3,0.02
2921,candidate_2,candidate_3,candidate_1,3,0.02
2922,candidate_2,candidate_3,candidate_1,3,0.02
2923,candidate_2,candidate_3,candidate_1,3,0.02
2924,candidate_2,candidate_3,candidate_1,3,0.02
2925,candidate_2,candidate_3,candidate_1,3,0.02
2926,candidate_2,candidate_3,candidate_1,3,0.02
2927,candidate_2,candidate_3,candidate_1,3,0.02
2928,candidate_2,candidate_3,candidate_1,3,0.02
2929,candidate_2,candidate_3,candidate_1,3,0.02
2930,candidate_2,candidate_3,candidate_1,3,0.02
2931,candidate_2,candidate_3,candidate_1,3,0.02
2932,candidate_2,candidate_3,candidate_1,3,0.02
2933,candidate_2,candidate_3,candidate_1,3,0.02
2934,candidate_2,candidate_3,candidate_1,3,0.02
2935,candidate_2,candidate_3,candidate_1,3,0.02
2936,candidate_2,candidate_3,candidate_1,3,0.02
2937,candidate_2,candidate_3,candidate_1,3,0.02
2938,candidate_2,candidate_3,candidate_1,3,0.02
2939,candidate_2,candidate_3,candidate_1,3,0.02
2940,candidate_2,candidate_3,candidate_1,3,0.02
2941,candidate_2,candidate_3,candidate_1,3,0.02
2942,candidate_2,candidate_3,candidate_1,3,0.02
2943,candidate_2,candidate_3,candidate_1,3,0.02
2944,candidate_2,candidate_3,candidate_1,3,0.02
2945,candidate_2,candidate_3,candidate_1,3,0.02
2946,candidate_2,candidate_3,candidate_1,3,0.02
2947,candidate_2,candidate_3,candidate_1,3,0.02
2948,candidate_2,candidate_3,candidate_1,3,0.02
2949,candidate_2,candidate_3,candidate_1,3,0.02
2950,candidate_2,candidate_3,candidate_1,3,0.02
2951,0,candidate_3,candidate_1,3,0.02
2952,candidate_2,candidate_3,candidate_1,3,0.02
2953,candidate_2,candidate_3,candidate_1,3,0.02
2954,candidate_2,candidate_3,candidate_1,3,0.02
2955,candidate_2,candidate_3,candidate_1,3,0.02
2956,candidate_2,candidate_3,candidate_1,3,0.02
2957,candidate_2,candidate_3,candidate_1,3,0.02
2958,candidate_2,candidate_3,candidate_1,3,0.02
2959,candidate_2,candidate_3,candidate_1,3,0.02
2960,candidate_2,candidate_3,candidate_1,3,0.02
2961,candidate_2,candidate_3,candidate_1,3,0.02
2962,candidate_2,candidate_3,candidate_1,3,0.02
2963,candidate_2,candidate_3,candidate_1,3,0.02
2964,0,candidate_3,candidate_1,3,0.02
2965,candidate_2,candidate_3,candidate_1,3,0.02
2966,candidate_2,candidate_3,candidate_1,3,0.02
2967,candidate_2,candidate_3,candidate_1,3,0.02
2968,candidate_2,candidate_3,candidate_1,3,0.02
2969,0,candidate_3,candidate_1,3,0.02
2970,candidate_2,candidate_3,candidate_1,3,0.02
2971,candidate_2,candidate_3,candidate_1,3,0.02
2972,candidate_2,candidate_3,candidate_1,3,0.02
2973,candidate_2,candidate_3,candidate_1,3,0.02
2974,candidate_2,candidate_3,candidate_1,3,0.02
2975,candidate_2,candidate_3,candidate_1,3,0.02
2976,candidate_2,candidate_3,candidate_1,3,0.02
2977,candidate_2,candidate_3,0,3,0.02
2978,candidate_2,candidate_3,candidate_1,3,0.02
2979,candidate_2,candidate_3,candidate_1,3,0.02
2980,candidate_2,candidate_3,0,3,0.02
2981,candidate_2,candidate_3,candidate_1,3,0.02
2982,candidate_2,candidate_3,candidate_1,3,0.02
2983,candidate_2,candidate_3,candidate_1,3,0.02
2984,candidate_2,candidate_3,candidate_1,3,0.02
2985,candidate_2,candidate_3,candidate_1,3,0.02
2986,candidate_2,candidate_3,candidate_1,3,0.02
2987,candidate_2,candidate_3,candidate_1,3,0.02
2988,0,candidate_3,candidate_1,3,0.02
2989,candidate_2,candidate_3,candidate_1,3,0.02
2990,candidate_2,candidate_3,candidate_1,3,0.02
2991,candidate_2,candidate_3,candidate_1,3,0.02
2992,candidate_2,candidate_3,candidate_1,3,0.02
2993,candidate_2,candidate_3,candidate_1,3,0.02
2994,candidate_2,candidate_3,candidate_1,3,0.02
2995,candidate_2,candidate_3,candidate_1,3,0.02
2996,candidate_2,candidate_3,candidate_1,3,0.02
2997,candidate_2,candidate_3,candidate_1,3,0.02
2998,candidate_2,candidate_3,candidate_1,3,0.02
2999,candidate_2,candidate_3,candidate_1,3,0.02
3000,candidate_2,candidate_3,candidate_1,3,0.02
3001,candidate_2,candidate_3,candidate_1,3,0.02
3002,candidate_2,candidate_3,0,3,0.02
3003,candidate_2,candidate_3,candidate_1,3,0.02
3004,candidate_2,candidate_3,candidate_1,3,0.02
3005,candidate_2,candidate_3,candidate_1,3,0.02
3006,candidate_2,candidate_3,candidate_1,3,0.02
3007,candidate_2,candidate_3,candidate_1,3,0.02
3008,candidate_2,candidate_3,candidate_1,3,0.02
3009,candidate_2,candidate_3,candidate_1,3,0.02
3010,candidate_2,candidate_3,candidate_1,3,0.02
3011,candidate_2,candidate_3,candidate_1,3,0.02
3012,candidate_2,0,candidate_1,3,0.02
3013,candidate_2,candidate_3,candidate_1,3,0.02
3014,candidate_2,candidate_3,candidate_1,3,0.02
3015,candidate_2,candidate_3,candidate_1,3,0.02
3016,candidate_2,candidate_3,candidate_1,3,0.02
3017,candidate_2,candidate_3,candidate_1,3,0.02
3018,candidate_2,candidate_3,candidate_1,3,0.02
3019,candidate_2,candidate_3,candidate_1,3,0.02
3020,candidate_2,candidate_3,candidate_1,3,0.02
3021,candidate_2,candidate_3,candidate_1,3,0.02
3022,candidate_2,candidate_3,candidate_1,3,0.02
3023,candidate_2,candidate_3,candidate_1,3,0.02
3024,candidate_2,candidate_3,candidate_1,3,0.02
3025,candidate_2,candidate_3,candidate_1,3,0.02
3026,candidate_2,candidate_3,candidate_1,3,0.02
3027,candidate_2,candidate_3,candidate_1,3,0.02
3028,candidate_2,candidate_3,candidate_1,3,0.02
3029,candidate_2,candidate_3,candidate_1,3,0.02
3030,candidate_2,candidate_3,candidate_1,3,0.02
3031,candidate_2,candidate_3,candidate_1,3,0.02
3032,candidate_2,candidate_3,candidate_1,3,0.02
3033,candidate_2,candidate_3,candidate_1,3,0.02
3034,candidate_2,candidate_3,candidate_1,3,0.02
3035,candidate_2,candidate_3,candidate_1,3,0.02
3036,candidate_2,candidate_3,candidate_1,3,0.02
3037,candidate_2,candidate_3,candidate_1,3,0.02
3038,candidate_2,candidate_3,candidate_1,3,0.02
3039,candidate_2,candidate_3,candidate_1,3,0.02
3040,candidate_2,candidate_3,candidate_1,3,0.02
3041,candidate_2,candidate_3,candidate_1,3,0.02
3042,candidate_2,candidate_3,candidate_1,3,0.02
3043,candidate_2,candidate_3,candidate_1,3,0.02
3044,candidate_2,candidate_3,candidate_1,3,0.02
3045,candidate_2,0,candidate_1,3,0.02
3046,candidate_2,candidate_3,candidate_1,3,0.02
3047,candidate_2,candidate_3,candidate_1,3,0.02
3048,candidate_2,candidate_3,candidate_1,3,0.02
3049,candidate_2,candidate_3,candidate_1,3,0.02
3050,candidate_2,candidate_3,candidate_1,3,0.02
3051,candidate_2,candidate_3,candidate_1,3,0.02
3052,candidate_2,candidate_3,candidate_1,3,0.02
3053,candidate_2,candidate_3,candidate_1,3,0.02
3054,candidate_2,candidate_3,candidate_1,3,0.02
3055,candidate_2,candidate_3,candidate_1,3,0.02
3056,candidate_2,candidate_3,candidate_1,3,0.02
3057,candidate_2,candidate_3,candidate_1,3,0.02
3058,candidate_2,candidate_3,candidate_1,3,0.02
3059,candidate_2,candidate_3,candidate_1,3,0.02
3060,candidate_2,candidate_3,candidate_1,3,0.02
3061,candidate_2,candidate_3,candidate_1,3,0.02
3062,candidate_2,candidate_3,candidate_1,3,0.02
3063,candidate_2,0,candidate_1,3,0.02
3064,candidate_2,candidate_3,0,3,0.02
3065,candidate_2,candidate_3,candidate_1,3,0.02
3066,candidate_2,candidate_3,candidate_1,3,0.02
3067,candidate_2,candidate_3,candidate_1,3,0.02
3068,candidate_2,candidate_3,candidate_1,3,0.02
3069,candidate_2,candidate_3,candidate_1,3,0.02
3070,candidate_2,candidate_3,candidate_1,3,0.02
3071,candidate_2,candidate_3,candidate_1,3,0.02
3072,candidate_2,candidate_3,candidate_1,3,0.02
3073,candidate_2,candidate_3,candidate_1,3,0.02
3074,candidate_2,candidate_3,candidate_1,3,0.02
3075,candidate_2,candidate_3,candidate_1,3,0.02
3076,candidate_2,0,candidate_1,3,0.02
3077,candidate_2,candidate_3,candidate_1,3,0.02
3078,candidate_2,candidate_3,candidate_1,3,0.02
3079,candidate_2,candidate_3,candidate_1,3,0.02
3080,candidate_2,candidate_3,candidate_1,3,0.02
3081,candidate_2,candidate_3,candidate_1,3,0.02
3082,candidate_2,candidate_3,candidate_1,3,0.02
3083,candidate_2,candidate_3,candidate_1,3,0.02
3084,candidate_2,candidate_3,candidate_1,3,0.02
3085,candidate_2,candidate_3,candidate_1,3,0.02
3086,candidate_2,candidate_3,candidate_1,3,0.02
3087,candidate_2,candidate_3,candidate_1,3,0.02
3088,candidate_2,candidate_3,candidate_1,3,0.02
3089,candidate_2,candidate_3,candidate_1,3,0.02
3090,candidate_2,candidate_3,candidate_1,3,0.02
3091,candidate_2,candidate_3,candidate_1,3,0.02
3092,candidate_2,candidate_3,candidate_1,3,0.02
3093,candidate_2,candidate_3,candidate_1,3,0.02
3094,candidate_2,candidate_3,candidate_1,3,0.02
3095,candidate_2,candidate_3,0,3,0.02
3096,candidate_2,candidate_3,candidate_1,3,0.02
3097,candidate_2,candidate_3,candidate_1,3,0.02
3098,candidate_2,candidate_3,candidate_1,3,0.02
3099,candidate_2,candidate_3,candidate_1,3,0.02
3100,candidate_2,candidate_3,candidate_1,3,0.02
3101,candidate_2,candidate_3,candidate_1,3,0.02
3102,candidate_2,candidate_3,candidate_1,3,0.02
3103,candidate_2,candidate_3,candidate_1,3,0.02
3104,candidate_2,candidate_3,candidate_1,3,0.02
3105,candidate_2,candidate_3,candidate_1,3,0.02
3106,candidate_2,candidate_3,candidate_1,3,0.02
3107,candidate_2,candidate_3,candidate_1,3,0.02
3108,candidate_2,candidate_3,candidate_1,3,0.02
3109,candidate_2,candidate_3,candidate_1,3,0.02
3110,candidate_2,candidate_3,candidate_1,3,0.02
3111,candidate_2,candidate_3,candidate_1,3,0.02
3112,candidate_2,candidate_3,candidate_1,3,0.02
3113,candidate_2,candidate_3,candidate_1,3,0.02
3114,candidate_2,candidate_3,candidate_1,3,0.02
3115,candidate_2,candidate_3,candidate_1,3,0.02
3116,candidate_2,candidate_3,candidate_1,3,0.02
3117,candidate_2,candidate_3,candidate_1,3,0.02
3118,0,candidate_3,candidate_1,3,0.02
3119,candidate_2,candidate_3,candidate_1,3,0.02
3120,candidate_2,candidate_3,candidate_1,3,0.02
3121,candidate_2,candidate_3,candidate_1,3,0.02
3122,candidate_2,candidate_3,candidate_1,3,0.02
3123,candidate_2,candidate_3,candidate_1,3,0.02
3124,candidate_2,candidate_3,candidate_1,3,0.02
3125,candidate_2,candidate_3,0,3,0.02
3126,candidate_2,candidate_3,candidate_1,3,0.02
3127,candidate_2,candidate_3,candidate_1,3,0.02
3128,candidate_2,candidate_3,candidate_1,3,0.02
3129,candidate_2,candidate_3,candidate_1,3,0.02
3130,candidate_2,candidate_3,candidate_1,3,0.02
3131,candidate_2,candidate_3,candidate_1,3,0.02
3132,candidate_2,candidate_3,candidate_1,3,0.02
3133,candidate_2,candidate_3,candidate_1,3,0.02
3134,candidate_2,candidate_3,candidate_1,3,0.02
3135,candidate_2,candidate_3,candidate_1,3,0.02
3136,candidate_2,candidate_3,candidate_1,3,0.02
3137,candidate_2,candidate_3,candidate_1,3,0.02
3138,candidate_2,candidate_3,candidate_1,3,0.02
3139,candidate_2,candidate_3,candidate_1,3,0.02
3140,candidate_2,candidate_3,candidate_1,3,0.02
3141,candidate_2,candidate_3,candidate_1,3,0.02
3142,candidate_2,candidate_3,candidate_1,3,0.02
3143,candidate_2,candidate_3,candidate_1,3,0.02
3144,candidate_2,candidate_3,candidate_1,3,0.02
3145,candidate_2,candidate_3,candidate_1,3,0.02
3146,candidate_2,candidate_3,candidate_1,3,0.02
3147,candidate_2,candidate_3,candidate_1,3,0.02
3148,candidate_2,candidate_3,candidate_1,3,0.02
3149,candidate_2,candidate_3,candidate_1,3,0.02
3150,candidate_2,candidate_3,candidate_1,3,0.02
3151,candidate_2,candidate_3,candidate_1,3,0.02
3152,candidate_2,candidate_3,candidate_1,3,0.02
3153,candidate_2,candidate_3,candidate_1,3,0.02
3154,candidate_2,candidate_3,candidate_1,3,0.02
3155,candidate_2,candidate_3,candidate_1,3,0.02
3156,candidate_2,candidate_3,candidate_1,3,0.02
3157,candidate_2,candidate_3,candidate_1,3,0.02
3158,candidate_2,candidate_3,candidate_1,3,0.02
3159,candidate_2,candidate_3,candidate_1,3,0.02
3160,candidate_2,candidate_3,candidate_1,3,0.02
3161,candidate_2,candidate_3,candidate_1,3,0.02
3162,candidate_2,candidate_3,candidate_1,3,0.02
3163,candidate_2,candidate_3,candidate_1,3,0.02
3164,candidate_2,candidate_3,candidate_1,3,0.02
3165,candidate_2,candidate_3,candidate_1,3,0.02
3166,candidate_2,candidate_3,candidate_1,3,0.02
3167,candidate_2,candidate_3,candidate_1,3,0.02
3168,candidate_2,candidate_3,candidate_1,3,0.02
3169,candidate_2,candidate_3,candidate_1,3,0.02
3170,candidate_2,candidate_3,candidate_1,3,0.02
3171,candidate_2,candidate_3,candidate_1,3,0.02
3172,candidate_2,candidate_3,candidate_1,3,0.02
3173,candidate_2,candidate_3,candidate_1,3,0.02
3174,candidate_2,candidate_3,candidate_1,3,0.02
3175,candidate_2,candidate_3,candidate_1,3,0.02
3176,candidate_2,candidate_3,candidate_1,3,0.02
3177,candidate_2,0,0,3,0.02
3178,candidate_2,candidate_3,candidate_1,3,0.02
3179,candidate_2,candidate_3,0,3,0.02
3180,candidate_2,candidate_3,candidate_1,3,0.02
3181,candidate_2,candidate_3,candidate_1,3,0.02
3182,candidate_2,candidate_3,candidate_1,3,0.02
3183,candidate_2,candidate_3,candidate_1,3,0.02
3184,candidate_2,candidate_3,candidate_1,3,0.02
3185,candidate_2,0,candidate_1,3,0.02
3186,candidate_2,candidate_3,candidate_1,3,0.02
3187,candidate_2,candidate_3,candidate_1,3,0.02
3188,candidate_2,candidate_3,candidate_1,3,0.02
3189,candidate_2,candidate_3,candidate_1,3,0.02
3190,candidate_2,candidate_3,candidate_1,3,0.02
3191,candidate_2,candidate_3,candidate_1,3,0.02
3192,candidate_2,candidate_3,candidate_1,3,0.02
3193,candidate_2,candidate_3,candidate_1,3,0.02
3194,candidate_2,candidate_3,candidate_1,3,0.02
3195,candidate_2,candidate_3,candidate_1,3,0.02
3196,candidate_2,candidate_3,candidate_1,3,0.02
3197,candidate_2,candidate_3,candidate_1,3,0.02
3198,candidate_2,candidate_3,candidate_1,3,0.02
3199,candidate_2,candidate_3,candidate_1,3,0.02
3200,candidate_2,candidate_3,candidate_1,3,0.02
3201,candidate_2,candidate_3,candidate_1,3,0.02
3202,candidate_2,candidate_3,candidate_1,3,0.02
3203,candidate_2,candidate_3,candidate_1,3,0.02
3204,candidate_2,candidate_3,candidate_1,3,0.02
3205,candidate_2,candidate_3,candidate_1,3,0.02
3206,candidate_2,candidate_3,candidate_1,3,0.02
3207,candidate_2,candidate_3,candidate_1,3,0.02
3208,candidate_2,candidate_3,candidate_1,3,0.02
3209,candidate_2,candidate_3,candidate_1,3,0.02
3210,candidate_2,candidate_3,candidate_1,3,0.02
3211,candidate_2,candidate_3,candidate_1,3,0.02
3212,candidate_2,candidate_3,candidate_1,3,0.02
3213,candidate_2,candidate_3,candidate_1,3,0.02
3214,candidate_2,candidate_3,candidate_1,3,0.02
3215,candidate_2,candidate_3,candidate_1,3,0.02
3216,candidate_2,candidate_3,candidate_1,3,0.02
3217,candidate_2,candidate_3,candidate_1,3,0.02
3218,candidate_2,candidate_3,candidate_1,3,0.02
3219,candidate_2,candidate_3,candidate_1,3,0.02
3220,candidate_2,candidate_3,candidate_1,3,0.02
3221,candidate_2,candidate_3,candidate_1,3,0.02
3222,candidate_2,candidate_3,candidate_1,3,0.02
3223,candidate_2,candidate_3,candidate_1,3,0.02
3224,candidate_2,candidate_3,candidate_1,3,0.02
3225,candidate_2,candidate_3,candidate_1,3,0.02
3226,candidate_2,candidate_3,candidate_1,3,0.02
3227,candidate_2,candidate_3,candidate_1,3,0.02
3228,candidate_2,candidate_3,candidate_1,3,0.02
3229,candidate_2,candidate_3,candidate_1,3,0.02
3230,candidate_2,candidate_3,candidate_1,3,0.02
3231,candidate_2,candidate_3,candidate_1,3,0.02
3232,candidate_2,candidate_3,candidate_1,3,0.02
3233,candidate_2,candidate_3,candidate_1,3,0.02
3234,candidate_2,candidate_3,candidate_1,3,0.02
3235,candidate_2,candidate_3,candidate_1,3,0.02
3236,candidate_2,candidate_3,candidate_1,3,0.02
3237,candidate_2,candidate_3,candidate_1,3,0.02
3238,candidate_2,candidate_3,candidate_1,3,0.02
3239,candidate_2,candidate_3,candidate_1,3,0.02
3240,candidate_2,candidate_3,candidate_1,3,0.02
3241,candidate_2,candidate_3,candidate_1,3,0.02
3242,candidate_2,candidate_3,candidate_1,3,0.02
3243,candidate_2,candidate_3,candidate_1,3,0.02
3244,candidate_2,candidate_3,candidate_1,3,0.02
3245,candidate_2,candidate_3,candidate_1,3,0.02
3246,candidate_2,candidate_3,candidate_1,3,0.02
3247,candidate_2,candidate_3,candidate_1,3,0.02
3248,candidate_2,candidate_3,candidate_1,3,0.02
3249,candidate_2,candidate_3,candidate_1,3,0.02
3250,candidate_2,candidate_3,candidate_1,3,0.02
3251,candidate_2,candidate_3,candidate_1,3,0.02
3252,candidate_2,candidate_3,candidate_1,3,0.02
3253,candidate_2,candidate_3,candidate_1,3,0.02
3254,candidate_2,candidate_3,candidate_1,3,0.02
3255,candidate_2,candidate_3,candidate_1,3,0.02
3256,candidate_2,candidate_3,candidate_1,3,0.02
3257,candidate_2,candidate_3,candidate_1,3,0.02
3258,candidate_2,candidate_3,candidate_1,3,0.02
3259,candidate_2,candidate_3,candidate_1,3,0.02
3260,candidate_2,candidate_3,candidate_1,3,0.02
3261,candidate_2,candidate_3,candidate_1,3,0.02
3262,candidate_2,candidate_3,candidate_1,3,0.02
3263,candidate_2,candidate_3,candidate_1,3,0.02
3264,candidate_2,candidate_3,candidate_1,3,0.02
3265,candidate_2,candidate_3,candidate_1,3,0.02
3266,candidate_2,candidate_3,candidate_1,3,0.02
3267,candidate_2,candidate_3,candidate_1,3,0.02
3268,candidate_2,candidate_3,candidate_1,3,0.02
3269,candidate_2,candidate_3,candidate_1,3,0.02
3270,candidate_2,0,candidate_1,3,0.02
3271,candidate_2,candidate_3,candidate_1,3,0.02
3272,candidate_2,candidate_3,candidate_1,3,0.02
3273,candidate_2,candidate_3,candidate_1,3,0.02
3274,candidate_2,candidate_3,candidate_1,3,0.02
3275,candidate_2,candidate_3,candidate_1,3,0.02
3276,candidate_2,candidate_3,candidate_1,3,0.02
3277,candidate_2,candidate_3,candidate_1,3,0.02
3278,candidate_2,candidate_3,candidate_1,3,0.02
3279,candidate_2,candidate_3,candidate_1,3,0.02
3280,candidate_2,candidate_3,candidate_1,3,0.02
3281,candidate_2,candidate_3,candidate_1,3,0.02
3282,candidate_2,candidate_3,candidate_1,3,0.02
3283,candidate_2,candidate_3,candidate_1,3,0.02
3284,candidate_2,candidate_3,candidate_1,3,0.02
3285,candidate_2,candidate_3,candidate_1,3,0.02
3286,candidate_2,candidate_3,candidate_1,3,0.02
3287,candidate_2,candidate_3,candidate_1,3,0.02
3288,candidate_2,candidate_3,candidate_1,3,0.02
3289,candidate_2,candidate_3,candidate_1,3,0.02
3290,candidate_2,candidate_3,candidate_1,3,0.02
3291,candidate_2,candidate_3,candidate_1,3,0.02
3292,candidate_2,candidate_3,candidate_1,3,0.02
3293,candidate_2,candidate_3,candidate_1,3,0.02
3294,candidate_2,candidate_3,candidate_1,3,0.02
3295,candidate_2,candidate_3,candidate_1,3,0.02
3296,candidate_2,candidate_3,candidate_1,3,0.02
3297,candidate_2,candidate_3,candidate_1,3,0.02
3298,candidate_2,candidate_3,candidate_1,3,0.02
3299,candidate_2,candidate_3,candidate_1,3,0.02
3300,candidate_2,candidate_3,candidate_1,3,0.02
3301,candidate_2,candidate_3,candidate_1,3,0.02
3302,0,candidate_3,candidate_1,3,0.02
3303,candidate_2,candidate_3,candidate_1,3,0.02
3304,candidate_2,candidate_3,candidate_1,3,0.02
3305,candidate_2,0,candidate_1,3,0.02
3306,candidate_2,candidate_3,candidate_1,3,0.02
3307,candidate_2,candidate_3,candidate_1,3,0.02
3308,candidate_2,candidate_3,candidate_1,3,0.02
3309,candidate_2,candidate_3,candidate_1,3,0.02
3310,candidate_2,candidate_3,candidate_1,3,0.02
3311,candidate_2,candidate_3,candidate_1,3,0.02
3312,candidate_2,candidate_3,candidate_1,3,0.02
3313,candidate_2,candidate_3,candidate_1,3,0.02
3314,candidate_2,candidate_3,candidate_1,3,0.02
3315,candidate_2,candidate_3,candidate_1,3,0.02
3316,candidate_2,candidate_3,candidate_1,3,0.02
3317,candidate_2,candidate_3,candidate_1,3,0.02
3318,candidate_2,candidate_3,candidate_1,3,0.02
3319,candidate_2,candidate_3,candidate_1,3,0.02
3320,candidate_2,candidate_3,candidate_1,3,0.02
3321,candidate_2,candidate_3,candidate_1,3,0.02
3322,candidate_2,candidate_3,0,3,0.02
3323,candidate_2,candidate_3,candidate_1,3,0.02
3324,candidate_2,candidate_3,candidate_1,3,0.02
3325,candidate_2,candidate_3,candidate_1,3,0.02
3326,candidate_2,candidate_3,candidate_1,3,0.02
3327,candidate_2,candidate_3,candidate_1,3,0.02
3328,candidate_2,candidate_3,candidate_1,3,0.02
3329,candidate_2,candidate_3,candidate_1,3,0.02
3330,candidate_2,candidate_3,candidate_1,3,0.02
3331,candidate_2,candidate_3,candidate_1,3,0.02
3332,candidate_2,candidate_3,candidate_1,3,0.02
3333,candidate_2,candidate_3,0,3,0.02
3334,candidate_2,candidate_3,candidate_1,3,0.02
3335,candidate_2,candidate_3,candidate_1,3,0.02
3336,candidate_2,candidate_3,candidate_1,3,0.02
3337,candidate_2,candidate_3,candidate_1,3,0.02
3338,candidate_2,candidate_3,candidate_1,3,0.02
3339,0,candidate_3,candidate_1,3,0.02
3340,candidate_2,0,candidate_1,3,0.02
3341,candidate_2,candidate_3,candidate_1,3,0.02
3342,candidate_2,candidate_3,candidate_1,3,0.02
3343,candidate_2,candidate_3,candidate_1,3,0.02
3344,candidate_2,candidate_3,candidate_1,3,0.02
3345,candidate_2,candidate_3,candidate_1,3,0.02
3346,candidate_2,candidate_3,candidate_1,3,0.02
3347,candidate_2,candidate_3,candidate_1,3,0.02
3348,candidate_2,candidate_3,candidate_1,3,0.02
3349,candidate_2,candidate_3,candidate_1,3,0.02
3350,candidate_2,candidate_3,candidate_1,3,0.02
3351,candidate_2,candidate_3,candidate_1,3,0.02
3352,candidate_2,candidate_3,candidate_1,3,0.02
3353,candidate_2,candidate_3,candidate_1,3,0.02
3354,candidate_2,candidate_3,candidate_1,3,0.02
3355,candidate_2,candidate_3,candidate_1,3,0.02
3356,candidate_2,candidate_3,candidate_1,3,0.02
3357,candidate_2,candidate_3,candidate_1,3,0.02
3358,candidate_2,candidate_3,candidate_1,3,0.02
3359,candidate_2,candidate_3,candidate_1,3,0.02
3360,candidate_2,candidate_3,candidate_1,3,0.02
3361,candidate_2,candidate_3,candidate_1,3,0.02
3362,candidate_2,candidate_3,candidate_1,3,0.02
3363,candidate_2,candidate_3,candidate_1,3,0.02
3364,candidate_2,candidate_3,candidate_1,3,0.02
3365,candidate_2,candidate_3,candidate_1,3,0.02
3366,candidate_2,candidate_3,candidate_1,3,0.02
3367,candidate_2,candidate_3,candidate_1,3,0.02
3368,candidate_2,candidate_3,candidate_1,3,0.02
3369,candidate_2,candidate_3,candidate_1,3,0.02
3370,candidate_2,candidate_3,candidate_1,3,0.02
3371,candidate_2,candidate_3,candidate_1,3,0.02
3372,candidate_2,candidate_3,candidate_1,3,0.02
3373,candidate_2,candidate_3,candidate_1,3,0.02
3374,candidate_2,candidate_3,candidate_1,3,0.02
3375,candidate_2,candidate_3,candidate_1,3,0.02
3376,candidate_2,candidate_3,candidate_1,3,0.02
3377,candidate_2,candidate_3,candidate_1,3,0.02
3378,candidate_2,candidate_3,candidate_1,3,0.02
3379,candidate_2,candidate_3,candidate_1,3,0.02
3380,candidate_2,candidate_3,candidate_1,3,0.02
3381,candidate_2,candidate_3,candidate_1,3,0.02
3382,candidate_2,candidate_3,candidate_1,3,0.02
3383,candidate_2,candidate_3,candidate_1,3,0.02
3384,candidate_2,candidate_3,candidate_1,3,0.02
3385,candidate_2,candidate_3,candidate_1,3,0.02
3386,candidate_2,candidate_3,candidate_1,3,0.02
3387,candidate_2,candidate_3,candidate_1,3,0.02
3388,candidate_2,candidate_3,candidate_1,3,0.02
3389,candidate_2,candidate_3,candidate_1,3,0.02
3390,candidate_2,candidate_3,candidate_1,3,0.02
3391,candidate_2,candidate_3,candidate_1,3,0.02
3392,candidate_2,candidate_3,candidate_1,3,0.02
3393,candidate_2,candidate_3,candidate_1,3,0.02
3394,candidate_2,candidate_3,candidate_1,3,0.02
3395,candidate_2,candidate_3,candidate_1,3,0.02
3396,candidate_2,candidate_3,candidate_1,3,0.02
3397,candidate_2,candidate_3,candidate_1,3,0.02
3398,candidate_2,candidate_3,candidate_1,3,0.02
3399,candidate_2,candidate_3,candidate_1,3,0.02
3400,candidate_2,candidate_3,candidate_1,3,0.02
3401,candidate_2,candidate_3,candidate_1,3,0.02
3402,candidate_2,candidate_3,candidate_1,3,0.02
3403,candidate_2,candidate_3,candidate_1,3,0.02
3404,candidate_2,candidate_3,candidate_1,3,0.02
3405,candidate_2,candidate_3,candidate_1,3,0.02
3406,candidate_2,candidate_3,candidate_1,3,0.02
3407,candidate_2,candidate_3,candidate_1,3,0.02
3408,candidate_2,candidate_3,candidate_1,3,0.02
3409,candidate_2,candidate_3,candidate_1,3,0.02
3410,candidate_2,candidate_3,candidate_1,3,0.02
3411,candidate_2,candidate_3,candidate_1,3,0.02
3412,candidate_2,candidate_3,candidate_1,3,0.02
3413,candidate_2,candidate_3,candidate_1,3,0.02
3414,candidate_2,candidate_3,candidate_1,3,0.02
3415,0,candidate_3,candidate_1,3,0.02
3416,candidate_2,candidate_3,candidate_1,3,0.02
3417,candidate_2,candidate_3,candidate_1,3,0.02
3418,candidate_2,candidate_3,candidate_1,3,0.02
3419,candidate_2,candidate_3,candidate_1,3,0.02
3420,0,0,candidate_1,3,0.02
3421,candidate_2,candidate_3,candidate_1,3,0.02
3422,candidate_2,candidate_3,candidate_1,3,0.02
3423,candidate_2,candidate_3,candidate_1,3,0.02
3424,candidate_2,candidate_3,candidate_1,3,0.02
3425,candidate_2,candidate_3,candidate_1,3,0.02
3426,candidate_2,candidate_3,candidate_1,3,0.02
3427,candidate_2,candidate_3,candidate_1,3,0.02
3428,candidate_2,0,candidate_1,3,0.02
3429,candidate_2,candidate_3,candidate_1,3,0.02
3430,candidate_2,candidate_3,candidate_1,3,0.02
3431,candidate_2,candidate_3,candidate_1,3,0.02
3432,candidate_2,candidate_3,candidate_1,3,0.02
3433,candidate_2,candidate_3,candidate_1,3,0.02
3434,candidate_2,candidate_3,candidate_1,3,0.02
3435,candidate_2,candidate_3,candidate_1,3,0.02
3436,candidate_2,candidate_3,candidate_1,3,0.02
3437,candidate_2,candidate_3,candidate_1,3,0.02
3438,candidate_2,candidate_3,candidate_1,3,0.02
3439,candidate_2,candidate_3,candidate_1,3,0.02
3440,candidate_2,candidate_3,candidate_1,3,0.02
3441,candidate_2,candidate_3,candidate_1,3,0.02
3442,candidate_2,candidate_3,candidate_1,3,0.02
3443,candidate_2,candidate_3,candidate_1,3,0.02
3444,candidate_2,candidate_3,candidate_1,3,0.02
3445,candidate_2,candidate_3,candidate_1,3,0.02
3446,candidate_2,candidate_3,candidate_1,3,0.02
3447,candidate_2,candidate_3,candidate_1,3,0.02
3448,candidate_2,candidate_3,candidate_1,3,0.02
3449,candidate_2,candidate_3,candidate_1,3,0.02
3450,candidate_2,candidate_3,candidate_1,3,0.02
3451,candidate_2,candidate_3,candidate_1,3,0.02
3452,candidate_2,candidate_3,candidate_1,3,0.02
3453,candidate_2,candidate_3,candidate_1,3,0.02
3454,candidate_2,candidate_3,candidate_1,3,0.02
3455,candidate_2,candidate_3,candidate_1,3,0.02
3456,candidate_2,candidate_3,candidate_1,3,0.02
3457,candidate_2,candidate_3,candidate_1,3,0.02
3458,candidate_2,candidate_3,candidate_1,3,0.02
3459,candidate_2,candidate_3,candidate_1,3,0.02
3460,candidate_2,candidate_3,candidate_1,3,0.02
3461,candidate_2,candidate_3,candidate_1,3,0.02
3462,candidate_2,candidate_3,candidate_1,3,0.02
3463,candidate_2,candidate_3,candidate_1,3,0.02
3464,candidate_2,candidate_3,candidate_1,3,0.02
3465,candidate_2,candidate_3,candidate_1,3,0.02
3466,candidate_2,candidate_3,candidate_1,3,0.02
3467,candidate_2,candidate_3,candidate_1,3,0.02
3468,candidate_2,candidate_3,candidate_1,3,0.02
3469,candidate_2,candidate_3,candidate_1,3,0.02
3470,candidate_2,candidate_3,candidate_1,3,0.02
3471,candidate_2,candidate_3,candidate_1,3,0.02
3472,candidate_2,candidate_3,candidate_1,3,0.02
3473,candidate_2,candidate_3,candidate_1,3,0.02
3474,candidate_2,candidate_3,candidate_1,3,0.02
3475,candidate_2,candidate_3,candidate_1,3,0.02
3476,candidate_2,candidate_3,candidate_1,3,0.02
3477,candidate_2,candidate_3,candidate_1,3,0.02
3478,candidate_2,candidate_3,candidate_1,3,0.02
3479,candidate_2,candidate_3,candidate_1,3,0.02
3480,candidate_2,0,candidate_1,3,0.02
3481,candidate_2,candidate_3,candidate_1,3,0.02
3482,candidate_2,candidate_3,candidate_1,3,0.02
3483,candidate_2,candidate_3,candidate_1,3,0.02
3484,candidate_2,candidate_3,candidate_1,3,0.02
3485,candidate_2,candidate_3,0,3,0.02
3486,candidate_2,candidate_3,candidate_1,3,0.02
3487,candidate_2,candidate_3,candidate_1,3,0.02
3488,candidate_2,candidate_3,candidate_1,3,0.02
3489,candidate_2,candidate_3,candidate_1,3,0.02
3490,candidate_2,candidate_3,candidate_1,3,0.02
3491,candidate_2,candidate_3,candidate_1,3,0.02
3492,candidate_2,candidate_3,candidate_1,3,0.02
3493,candidate_2,candidate_3,candidate_1,3,0.02
3494,candidate_2,candidate_3,candidate_1,3,0.02
3495,candidate_2,candidate_3,candidate_1,3,0.02
3496,candidate_2,candidate_3,candidate_1,3,0.02
3497,candidate_2,candidate_3,candidate_1,3,0.02
3498,candidate_2,candidate_3,candidate_1,3,0.02
3499,candidate_2,candidate_3,candidate_1,3,0.02
3500,candidate_2,candidate_3,candidate_1,3,0.02
3501,candidate_2,candidate_3,candidate_1,3,0.02
3502,candidate_2,candidate_3,candidate_1,3,0.02
3503,candidate_2,candidate_3,candidate_1,3,0.02
3504,candidate_2,candidate_3,candidate_1,3,0.02
3505,candidate_2,candidate_3,candidate_1,3,0.02
3506,candidate_2,candidate_3,candidate_1,3,0.02
3507,candidate_2,candidate_3,candidate_1,3,0.02
3508,candidate_2,candidate_3,candidate_1,3,0.02
3509,candidate_2,candidate_3,candidate_1,3,0.02
3510,candidate_2,candidate_3,candidate_1,3,0.02
3511,candidate_2,candidate_3,candidate_1,3,0.02
3512,candidate_2,candidate_3,candidate_1,3,0.02
3513,candidate_2,candidate_3,candidate_1,3,0.02
3514,candidate_2,candidate_3,candidate_1,3,0.02
3515,candidate_2,candidate_3,candidate_1,3,0.02
3516,candidate_2,candidate_3,candidate_1,3,0.02
3517,candidate_2,candidate_3,candidate_1,3,0.02
3518,candidate_2,candidate_3,candidate_1,3,0.02
3519,candidate_2,candidate_3,candidate_1,3,0.02
3520,candidate_2,candidate_3,candidate_1,3,0.02
3521,candidate_2,candidate_3,candidate_1,3,0.02
3522,candidate_2,candidate_3,candidate_1,3,0.02
3523,candidate_2,candidate_3,candidate_1,3,0.02
3524,0,candidate_3,candidate_1,3,0.02
3525,candidate_2,candidate_3,candidate_1,3,0.02
3526,0,candidate_3,candidate_1,3,0.02
3527,candidate_2,candidate_3,candidate_1,3,0.02
3528,candidate_2,candidate_3,candidate_1,3,0.02
3529,candidate_2,candidate_3,candidate_1,3,0.02
3530,candidate_2,candidate_3,candidate_1,3,0.02
3531,candidate_2,candidate_3,candidate_1,3,0.02
3532,candidate_2,candidate_3,candidate_1,3,0.02
3533,candidate_2,candidate_3,candidate_1,3,0.02
3534,candidate_2,candidate_3,candidate_1,3,0.02
3535,candidate_2,candidate_3,candidate_1,3,0.02
3536,candidate_2,candidate_3,candidate_1,3,0.02
3537,candidate_2,candidate_3,candidate_1,3,0.02
3538,candidate_2,candidate_3,candidate_1,3,0.02
3539,candidate_2,candidate_3,candidate_1,3,0.02
3540,candidate_2,candidate_3,candidate_1,3,0.02
3541,candidate_2,candidate_3,candidate_1,3,0.02
3542,candidate_2,candidate_3,candidate_1,3,0.02
3543,candidate_2,candidate_3,candidate_1,3,0.02
3544,candidate_2,candidate_3,candidate_1,3,0.02
3545,candidate_2,candidate_3,candidate_1,3,0.02
3546,candidate_2,candidate_3,candidate_1,3,0.02
3547,candidate_2,candidate_3,candidate_1,3,0.02
3548,candidate_2,candidate_3,candidate_1,3,0.02
3549,candidate_2,candidate_3,candidate_1,3,0.02
3550,candidate_2,candidate_3,candidate_1,3,0.02
3551,candidate_2,candidate_3,candidate_1,3,0.02
3552,candidate_2,candidate_3,candidate_1,3,0.02
3553,candidate_2,candidate_3,candidate_1,3,0.02
3554,candidate_2,candidate_3,candidate_1,3,0.02
3555,candidate_2,candidate_3,candidate_1,3,0.02
3556,candidate_2,candidate_3,candidate_1,3,0.02
3557,candidate_2,candidate_3,candidate_1,3,0.02
3558,candidate_2,candidate_3,candidate_1,3,0.02
3559,candidate_2,candidate_3,candidate_1,3,0.02
3560,candidate_2,candidate_3,candidate_1,3,0.02
3561,candidate_2,candidate_3,candidate_1,3,0.02
3562,candidate_2,candidate_3,candidate_1,3,0.02
3563,candidate_2,0,candidate_1,3,0.02
3564,candidate_2,candidate_3,candidate_1,3,0.02
3565,candidate_2,0,candidate_1,3,0.02
3566,candidate_2,candidate_3,candidate_1,3,0.02
3567,candidate_2,candidate_3,candidate_1,3,0.02
3568,candidate_2,candidate_3,0,3,0.02
3569,candidate_2,candidate_3,candidate_1,3,0.02
3570,candidate_2,candidate_3,candidate_1,3,0.02
3571,candidate_2,candidate_3,candidate_1,3,0.02
3572,candidate_2,candidate_3,candidate_1,3,0.02
3573,candidate_2,candidate_3,candidate_1,3,0.02
3574,candidate_2,candidate_3,candidate_1,3,0.02
3575,candidate_2,candidate_3,candidate_1,3,0.02
3576,candidate_2,candidate_3,candidate_1,3,0.02
3577,candidate_2,candidate_3,candidate_1,3,0.02
3578,candidate_2,candidate_3,candidate_1,3,0.02
3579,candidate_2,candidate_3,candidate_1,3,0.02
3580,candidate_2,candidate_3,candidate_1,3,0.02
3581,0,candidate_3,candidate_1,3,0.02
3582,candidate_2,candidate_3,candidate_1,3,0.02
3583,candidate_2,candidate_3,candidate_1,3,0.02
3584,candidate_2,candidate_3,candidate_1,3,0.02
3585,candidate_2,candidate_3,0,3,0.02
3586,candidate_2,candidate_3,candidate_1,3,0.02
3587,candidate_2,candidate_3,candidate_1,3,0.02
3588,candidate_2,candidate_3,candidate_1,3,0.02
3589,candidate_2,candidate_3,candidate_1,3,0.02
3590,candidate_2,candidate_3,candidate_1,3,0.02
3591,candidate_2,candidate_3,candidate_1,3,0.02
3592,candidate_2,candidate_3,candidate_1,3,0.02
3593,candidate_2,candidate_3,candidate_1,3,0.02
3594,candidate_2,candidate_3,candidate_1,3,0.02
3595,candidate_2,candidate_3,candidate_1,3,0.02
3596,candidate_2,candidate_3,candidate_1,3,0.02
3597,candidate_2,candidate_3,candidate_1,3,0.02
3598,candidate_2,candidate_3,candidate_1,3,0.02
3599,0,candidate_3,candidate_1,3,0.02
3600,candidate_2,candidate_3,candidate_1,3,0.02
3601,candidate_2,candidate_3,candidate_1,3,0.02
3602,candidate_2,candidate_3,candidate_1,3,0.02
3603,candidate_2,candidate_3,0,3,0.02
3604,candidate_2,0,candidate_1,3,0.02
3605,candidate_2,candidate_3,candidate_1,3,0.02
3606,candidate_2,candidate_3,candidate_1,3,0.02
3607,candidate_2,candidate_3,candidate_1,3,0.02
3608,candidate_2,candidate_3,candidate_1,3,0.02
3609,candidate_2,candidate_3,candidate_1,3,0.02
3610,candidate_2,candidate_3,candidate_1,3,0.02
3611,candidate_2,candidate_3,candidate_1,3,0.02
3612,candidate_2,candidate_3,candidate_1,3,0.02
3613,candidate_2,candidate_3,candidate_1,3,0.02
3614,candidate_2,candidate_3,candidate_1,3,0.02
3615,candidate_2,candidate_3,candidate_1,3,0.02
3616,candidate_2,candidate_3,candidate_1,3,0.02
3617,candidate_2,candidate_3,candidate_1,3,0.02
3618,candidate_2,candidate_3,candidate_1,3,0.02
3619,candidate_2,candidate_3,candidate_1,3,0.02
3620,candidate_2,candidate_3,candidate_1,3,0.02
3621,candidate_2,candidate_3,candidate_1,3,0.02
3622,candidate_2,candidate_3,candidate_1,3,0.02
3623,candidate_2,candidate_3,candidate_1,3,0.02
3624,candidate_2,candidate_3,candidate_1,3,0.02
3625,candidate_2,candidate_3,candidate_1,3,0.02
3626,candidate_2,candidate_3,candidate_1,3,0.02
3627,candidate_2,candidate_3,candidate_1,3,0.02
3628,candidate_2,candidate_3,candidate_1,3,0.02
3629,candidate_2,candidate_3,candidate_1,3,0.02
3630,candidate_2,candidate_3,candidate_1,3,0.02
3631,candidate_2,candidate_3,candidate_1,3,0.02
3632,candidate_2,candidate_3,candidate_1,3,0.02
3633,candidate_2,candidate_3,candidate_1,3,0.02
3634,candidate_2,candidate_3,candidate_1,3,0.02
3635,candidate_2,candidate_3,candidate_1,3,0.02
3636,candidate_2,candidate_3,candidate_1,3,0.02
3637,candidate_2,candidate_3,candidate_1,3,0.02
3638,candidate_2,candidate_3,0,3,0.02
3639,candidate_2,candidate_3,candidate_1,3,0.02
3640,candidate_2,candidate_3,candidate_1,3,0.02
3641,candidate_2,candidate_3,0,3,0.02
3642,candidate_2,candidate_3,candidate_1,3,0.02
3643,candidate_2,candidate_3,candidate_1,3,0.02
3644,candidate_2,candidate_3,candidate_1,3,0.02
3645,candidate_2,candidate_3,candidate_1,3,0.02
3646,candidate_2,candidate_3,candidate_1,3,0.02
3647,candidate_2,candidate_3,candidate_1,3,0.02
3648,candidate_2,candidate_3,candidate_1,3,0.02
3649,candidate_2,candidate_3,candidate_1,3,0.02
3650,candidate_2,candidate_3,candidate_1,3,0.02
3651,candidate_2,candidate_3,candidate_1,3,0.02
3652,candidate_2,candidate_3,candidate_1,3,0.02
3653,candidate_2,candidate_3,candidate_1,3,0.02
3654,candidate_2,candidate_3,candidate_1,3,0.02
3655,candidate_2,candidate_3,candidate_1,3,0.02
3656,candidate_2,candidate_3,candidate_1,3,0.02
3657,candidate_2,candidate_3,candidate_1,3,0.02
3658,candidate_2,candidate_3,candidate_1,3,0.02
3659,candidate_2,candidate_3,candidate_1,3,0.02
3660,candidate_2,candidate_3,candidate_1,3,0.02
3661,candidate_2,candidate_3,candidate_1,3,0.02
3662,candidate_2,candidate_3,candidate_1,3,0.02
3663,candidate_2,candidate_3,candidate_1,3,0.02
3664,candidate_2,candidate_3,candidate_1,3,0.02
3665,candidate_2,candidate_3,candidate_1,3,0.02
3666,candidate_2,candidate_3,candidate_1,3,0.02
3667,candidate_2,candidate_3,candidate_1,3,0.02
3668,candidate_2,candidate_3,candidate_1,3,0.02
3669,candidate_2,candidate_3,candidate_1,3,0.02
3670,candidate_2,candidate_3,candidate_1,3,0.02
3671,candidate_2,candidate_3,candidate_1,3,0.02
3672,candidate_2,0,candidate_1,3,0.02
3673,candidate_2,0,candidate_1,3,0.02
3674,candidate_2,candidate_3,candidate_1,3,0.02
3675,candidate_2,candidate_3,candidate_1,3,0.02
3676,candidate_2,candidate_3,candidate_1,3,0.02
3677,candidate_2,candidate_3,0,3,0.02
3678,candidate_2,candidate_3,candidate_1,3,0.02
3679,candidate_2,candidate_3,candidate_1,3,0.02
3680,candidate_2,candidate_3,candidate_1,3,0.02
3681,candidate_2,candidate_3,candidate_1,3,0.02
3682,candidate_2,candidate_3,candidate_1,3,0.02
3683,candidate_2,candidate_3,candidate_1,3,0.02
3684,candidate_2,candidate_3,candidate_1,3,0.02
3685,candidate_2,candidate_3,candidate_1,3,0.02
3686,candidate_2,candidate_3,candidate_1,3,0.02
3687,candidate_2,candidate_3,candidate_1,3,0.02
3688,candidate_2,0,candidate_1,3,0.02
3689,candidate_2,candidate_3,candidate_1,3,0.02
3690,candidate_2,candidate_3,candidate_1,3,0.02
3691,candidate_2,candidate_3,candidate_1,3,0.02
3692,candidate_2,candidate_3,candidate_1,3,0.02
3693,candidate_2,candidate_3,candidate_1,3,0.02
3694,candidate_2,candidate_3,candidate_1,3,0.02
3695,candidate_2,candidate_3,candidate_1,3,0.02
3696,0,candidate_3,candidate_1,3,0.02
3697,candidate_2,candidate_3,candidate_1,3,0.02
3698,candidate_2,candidate_3,candidate_1,3,0.02
3699,candidate_2,candidate_3,candidate_1,3,0.02
3700,candidate_2,candidate_3,candidate_1,3,0.02
3701,candidate_2,candidate_3,candidate_1,3,0.02
3702,candidate_2,candidate_3,candidate_1,3,0.02
3703,candidate_2,candidate_3,0,3,0.02
3704,candidate_2,candidate_3,candidate_1,3,0.02
3705,candidate_2,candidate_3,candidate_1,3,0.02
3706,candidate_2,candidate_3,candidate_1,3,0.02
3707,candidate_2,candidate_3,candidate_1,3,0.02
3708,candidate_2,candidate_3,candidate_1,3,0.02
3709,candidate_2,candidate_3,candidate_1,3,0.02
3710,candidate_2,candidate_3,candidate_1,3,0.02
3711,candidate_2,candidate_3,candidate_1,3,0.02
3712,candidate_2,candidate_3,candidate_1,3,0.02
3713,candidate_2,candidate_3,candidate_1,3,0.02
3714,candidate_2,candidate_3,candidate_1,3,0.02
3715,candidate_2,candidate_3,candidate_1,3,0.02
3716,candidate_2,candidate_3,candidate_1,3,0.02
3717,candidate_2,candidate_3,candidate_1,3,0.02
3718,candidate_2,candidate_3,candidate_1,3,0.02
3719,candidate_2,candidate_3,candidate_1,3,0.02
3720,candidate_2,candidate_3,candidate_1,3,0.02
3721,candidate_2,candidate_3,candidate_1,3,0.02
3722,candidate_2,candidate_3,candidate_1,3,0.02
3723,candidate_2,candidate_3,candidate_1,3,0.02
3724,candidate_2,candidate_3,candidate_1,3,0.02
3725,candidate_2,candidate_3,candidate_1,3,0.02
3726,candidate_2,candidate_3,candidate_1,3,0.02
3727,candidate_2,candidate_3,candidate_1,3,0.02
3728,candidate_2,candidate_3,candidate_1,3,0.02
3729,candidate_2,candidate_3,candidate_1,3,0.02
3730,candidate_2,candidate_3,candidate_1,3,0.02
3731,candidate_2,candidate_3,candidate_1,3,0.02
3732,candidate_2,candidate_3,candidate_1,3,0.02
3733,candidate_2,candidate_3,candidate_1,3,0.02
3734,candidate_2,candidate_3,candidate_1,3,0.02
3735,candidate_2,candidate_3,candidate_1,3,0.02
3736,candidate_2,candidate_3,candidate_1,3,0.02
3737,candidate_2,candidate_3,0,3,0.02
3738,candidate_2,candidate_3,candidate_1,3,0.02
3739,candidate_2,candidate_3,candidate_1,3,0.02
3740,candidate_2,candidate_3,candidate_1,3,0.02
3741,candidate_2,candidate_3,candidate_1,3,0.02
3742,candidate_2,candidate_3,candidate_1,3,0.02
3743,candidate_2,0,candidate_1,3,0.02
3744,candidate_2,candidate_3,candidate_1,3,0.02
3745,candidate_2,candidate_3,candidate_1,3,0.02
3746,candidate_2,candidate_3,candidate_1,3,0.02
3747,candidate_2,candidate_3,candidate_1,3,0.02
3748,candidate_2,candidate_3,candidate_1,3,0.02
3749,candidate_2,candidate_3,candidate_1,3,0.02
3750,candidate_2,candidate_3,candidate_1,3,0.02
3751,candidate_2,candidate_3,candidate_1,3,0.02
3752,candidate_2,candidate_3,candidate_1,3,0.02
3753,candidate_2,candidate_3,candidate_1,3,0.02
3754,candidate_2,candidate_3,candidate_1,3,0.02
3755,candidate_2,candidate_3,candidate_1,3,0.02
3756,candidate_2,candidate_3,candidate_1,3,0.02
3757,candidate_2,candidate_3,candidate_1,3,0.02
3758,candidate_2,candidate_3,candidate_1,3,0.02
3759,candidate_2,candidate_3,0,3,0.02
3760,candidate_2,candidate_3,candidate_1,3,0.02
3761,candidate_2,candidate_3,candidate_1,3,0.02
3762,candidate_2,candidate_3,candidate_1,3,0.02
3763,candidate_2,candidate_3,candidate_1,3,0.02
3764,candidate_2,candidate_3,candidate_1,3,0.02
3765,candidate_2,candidate_3,candidate_1,3,0.02
3766,candidate_2,candidate_3,candidate_1,3,0.02
3767,candidate_2,candidate_3,candidate_1,3,0.02
3768,candidate_2,candidate_3,candidate_1,3,0.02
3769,candidate_2,candidate_3,candidate_1,3,0.02
3770,candidate_2,candidate_3,candidate_1,3,0.02
3771,candidate_2,candidate_3,candidate_1,3,0.02
3772,candidate_2,candidate_3,candidate_1,3,0.02
3773,candidate_2,candidate_3,candidate_1,3,0.02
3774,candidate_2,candidate_3,candidate_1,3,0.02
3775,candidate_2,candidate_3,candidate_1,3,0.02
3776,candidate_2,candidate_3,candidate_1,3,0.02
3777,candidate_2,candidate_3,candidate_1,3,0.02
3778,candidate_2,candidate_3,candidate_1,3,0.02
3779,candidate_2,candidate_3,candidate_1,3,0.02
3780,candidate_2,candidate_3,candidate_1,3,0.02
3781,candidate_2,candidate_3,candidate_1,3,0.02
3782,candidate_2,candidate_3,candidate_1,3,0.02
3783,candidate_2,candidate_3,candidate_1,3,0.02
3784,candidate_2,candidate_3,candidate_1,3,0.02
3785,candidate_2,candidate_3,candidate_1,3,0.02
3786,candidate_2,candidate_3,candidate_1,3,0.02
3787,candidate_2,candidate_3,candidate_1,3,0.02
3788,candidate_2,candidate_3,candidate_1,3,0.02
3789,candidate_2,candidate_3,candidate_1,3,0.02
3790,candidate_2,candidate_3,candidate_1,3,0.02
3791,candidate_2,candidate_3,candidate_1,3,0.02
3792,candidate_2,candidate_3,candidate_1,3,0.02
3793,candidate_2,candidate_3,candidate_1,3,0.02
3794,candidate_2,candidate_3,candidate_1,3,0.02
3795,candidate_2,candidate_3,candidate_1,3,0.02
3796,candidate_2,candidate_3,candidate_1,3,0.02
3797,candidate_2,candidate_3,candidate_1,3,0.02
3798,candidate_2,candidate_3,0,3,0.02
3799,candidate_2,candidate_3,candidate_1,3,0.02
3800,candidate_2,candidate_3,candidate_1,3,0.02
3801,candidate_2,candidate_3,candidate_1,3,0.02
3802,candidate_2,candidate_3,candidate_1,3,0.02
3803,candidate_2,candidate_3,0,3,0.02
3804,candidate_2,candidate_3,candidate_1,3,0.02
3805,candidate_2,candidate_3,candidate_1,3,0.02
3806,candidate_2,candidate_3,candidate_1,3,0.02
3807,candidate_2,candidate_3,candidate_1,3,0.02
3808,candidate_2,candidate_3,candidate_1,3,0.02
3809,candidate_2,candidate_3,candidate_1,3,0.02
3810,candidate_2,candidate_3,candidate_1,3,0.02
3811,candidate_2,candidate_3,candidate_1,3,0.02
3812,candidate_2,candidate_3,candidate_1,3,0.02
3813,candidate_2,candidate_3,candidate_1,3,0.02
3814,candidate_2,candidate_3,candidate_1,3,0.02
3815,candidate_2,candidate_3,candidate_1,3,0.02
3816,candidate_2,candidate_3,candidate_1,3,0.02
3817,candidate_2,candidate_3,candidate_1,3,0.02
3818,candidate_2,candidate_3,candidate_1,3,0.02
3819,candidate_2,candidate_3,candidate_1,3,0.02
3820,candidate_2,candidate_3,candidate_1,3,0.02
3821,candidate_2,candidate_3,candidate_1,3,0.02
3822,candidate_2,candidate_3,candidate_1,3,0.02
3823,candidate_2,candidate_3,candidate_1,3,0.02
3824,candidate_2,candidate_3,candidate_1,3,0.02
3825,candidate_2,candidate_3,0,3,0.02
3826,candidate_2,0,candidate_1,3,0.02
3827,candidate_2,candidate_3,candidate_1,3,0.02
3828,candidate_2,candidate_3,candidate_1,3,0.02
3829,candidate_2,candidate_3,candidate_1,3,0.02
3830,candidate_2,candidate_3,candidate_1,3,0.02
3831,candidate_2,candidate_3,candidate_1,3,0.02
3832,candidate_2,candidate_3,candidate_1,3,0.02
3833,candidate_2,candidate_3,candidate_1,3,0.02
3834,candidate_2,candidate_3,candidate_1,3,0.02
3835,candidate_2,candidate_3,candidate_1,3,0.02
3836,candidate_2,candidate_3,candidate_1,3,0.02
3837,candidate_2,candidate_3,candidate_1,3,0.02
3838,candidate_2,candidate_3,candidate_1,3,0.02
3839,candidate_2,candidate_3,candidate_1,3,0.02
3840,candidate_2,candidate_3,candidate_1,3,0.02
3841,candidate_2,candidate_3,candidate_1,3,0.02
3842,candidate_2,candidate_3,candidate_1,3,0.02
3843,candidate_2,candidate_3,0,3,0.02
3844,candidate_2,candidate_3,candidate_1,3,0.02
3845,candidate_2,candidate_3,candidate_1,3,0.02
3846,candidate_2,candidate_3,candidate_1,3,0.02
3847,candidate_2,candidate_3,candidate_1,3,0.02
3848,candidate_2,candidate_3,candidate_1,3,0.02
3849,candidate_2,candidate_3,candidate_1,3,0.02
3850,candidate_2,candidate_3,candidate_1,3,0.02
3851,candidate_2,candidate_3,candidate_1,3,0.02
3852,candidate_2,candidate_3,candidate_1,3,0.02
3853,candidate_2,candidate_3,candidate_1,3,0.02
3854,candidate_2,candidate_3,candidate_1,3,0.02
3855,candidate_2,candidate_3,candidate_1,3,0.02
3856,candidate_2,candidate_3,candidate_1,3,0.02
3857,candidate_2,candidate_3,candidate_1,3,0.02
3858,candidate_2,candidate_3,candidate_1,3,0.02
3859,candidate_2,candidate_3,candidate_1,3,0.02
3860,candidate_2,candidate_3,candidate_1,3,0.02
3861,candidate_2,candidate_3,candidate_1,3,0.02
3862,candidate_2,candidate_3,0,3,0.02
3863,candidate_2,candidate_3,candidate_1,3,0.02
3864,candidate_2,candidate_3,candidate_1,3,0.02
3865,candidate_2,candidate_3,candidate_1,3,0.02
3866,candidate_2,candidate_3,candidate_1,3,0.02
3867,candidate_2,candidate_3,candidate_1,3,0.02
3868,candidate_2,candidate_3,candidate_1,3,0.02
3869,0,candidate_3,candidate_1,3,0.02
3870,candidate_2,candidate_3,candidate_1,3,0.02
3871,candidate_2,candidate_3,candidate_1,3,0.02
3872,candidate_2,candidate_3,candidate_1,3,0.02
3873,candidate_2,candidate_3,candidate_1,3,0.02
3874,candidate_2,candidate_3,candidate_1,3,0.02
3875,candidate_2,candidate_3,candidate_1,3,0.02
3876,candidate_2,candidate_3,candidate_1,3,0.02
3877,candidate_2,0,candidate_1,3,0.02
3878,candidate_2,candidate_3,candidate_1,3,0.02
3879,candidate_2,candidate_3,candidate_1,3,0.02
3880,candidate_2,candidate_3,candidate_1,3,0.02
3881,candidate_2,candidate_3,candidate_1,3,0.02
3882,candidate_2,candidate_3,candidate_1,3,0.02
3883,candidate_2,candidate_3,candidate_1,3,0.02
3884,candidate_2,candidate_3,candidate_1,3,0.02
3885,candidate_2,candidate_3,candidate_1,3,0.02
3886,candidate_2,candidate_3,candidate_1,3,0.02
3887,candidate_2,candidate_3,candidate_1,3,0.02
3888,candidate_2,candidate_3,candidate_1,3,0.02
3889,candidate_2,candidate_3,candidate_1,3,0.02
3890,candidate_2,candidate_3,candidate_1,3,0.02
3891,candidate_2,candidate_3,candidate_1,3,0.02
3892,candidate_2,candidate_3,candidate_1,3,0.02
3893,candidate_2,candidate_3,candidate_1,3,0.02
3894,candidate_2,candidate_3,candidate_1,3,0.02
3895,candidate_2,candidate_3,candidate_1,3,0.02
3896,candidate_2,candidate_3,candidate_1,3,0.02
3897,candidate_2,candidate_3,candidate_1,3,0.02
3898,candidate_2,candidate_3,candidate_1,3,0.02
3899,candidate_2,candidate_3,candidate_1,3,0.02
3900,candidate_2,candidate_3,candidate_1,3,0.02
3901,candidate_2,candidate_3,0,3,0.02
3902,candidate_2,candidate_3,candidate_1,3,0.02
3903,candidate_2,candidate_3,candidate_1,3,0.02
3904,candidate_2,candidate_3,candidate_1,3,0.02
3905,candidate_2,candidate_3,candidate_1,3,0.02
3906,candidate_2,candidate_3,candidate_1,3,0.02
3907,candidate_2,candidate_3,candidate_1,3,0.02
3908,candidate_2,candidate_3,candidate_1,3,0.02
3909,candidate_2,candidate_3,candidate_1,3,0.02
3910,candidate_2,candidate_3,candidate_1,3,0.02
3911,candidate_2,candidate_3,candidate_1,3,0.02
3912,candidate_2,candidate_3,candidate_1,3,0.02
3913,candidate_2,candidate_3,candidate_1,3,0.02
3914,candidate_2,candidate_3,candidate_1,3,0.02
3915,candidate_2,candidate_3,candidate_1,3,0.02
3916,candidate_2,candidate_3,candidate_1,3,0.02
3917,candidate_2,candidate_3,candidate_1,3,0.02
3918,candidate_2,candidate_3,candidate_1,3,0.02
3919,candidate_2,candidate_3,candidate_1,3,0.02
3920,candidate_2,candidate_3,candidate_1,3,0.02
3921,candidate_2,candidate_3,candidate_1,3,0.02
3922,candidate_2,candidate_3,candidate_1,3,0.02
3923,candidate_2,candidate_3,candidate_1,3,0.02
3924,candidate_2,candidate_3,candidate_1,3,0.02
3925,candidate_2,candidate_3,candidate_1,3,0.02
3926,candidate_2,candidate_3,candidate_1,3,0.02
3927,candidate_2,candidate_3,candidate_1,3,0.02
3928,candidate_2,candidate_3,candidate_1,3,0.02
3929,candidate_2,candidate_3,candidate_1,3,0.02
3930,candidate_2,candidate_3,candidate_1,3,0.02
3931,candidate_2,candidate_3,candidate_1,3,0.02
3932,candidate_2,candidate_3,candidate_1,3,0.02
3933,candidate_2,candidate_3,candidate_1,3,0.02
3934,candidate_2,candidate_3,candidate_1,3,0.02
3935,candidate_2,candidate_3,candidate_1,3,0.02
3936,candidate_2,candidate_3,candidate_1,3,0.02
3937,candidate_2,candidate_3,candidate_1,3,0.02
3938,candidate_2,candidate_3,0,3,0.02
3939,candidate_2,candidate_3,candidate_1,3,0.02
3940,candidate_2,candidate_3,candidate_1,3,0.02
3941,candidate_2,candidate_3,candidate_1,3,0.02
3942,candidate_2,candidate_3,candidate_1,3,0.02
3943,candidate_2,candidate_3,candidate_1,3,0.02
3944,candidate_2,candidate_3,candidate_1,3,0.02
3945,candidate_2,candidate_3,candidate_1,3,0.02
3946,candidate_2,candidate_3,candidate_1,3,0.02
3947,candidate_2,candidate_3,candidate_1,3,0.02
3948,candidate_2,candidate_3,candidate_1,3,0.02
3949,candidate_2,candidate_3,candidate_1,3,0.02
3950,candidate_2,candidate_3,candidate_1,3,0.02
3951,candidate_2,candidate_3,candidate_1,3,0.02
3952,candidate_2,candidate_3,candidate_1,3,0.02
3953,candidate_2,candidate_3,candidate_1,3,0.02
3954,candidate_2,candidate_3,candidate_1,3,0.02
3955,candidate_2,candidate_3,candidate_1,3,0.02
3956,candidate_2,candidate_3,candidate_1,3,0.02
3957,candidate_2,candidate_3,candidate_1,3,0.02
3958,candidate_2,candidate_3,candidate_1,3,0.02
3959,candidate_2,candidate_3,candidate_1,3,0.02
3960,candidate_2,candidate_3,candidate_1,3,0.02
3961,candidate_2,candidate_3,candidate_1,3,0.02
3962,candidate_2,candidate_3,candidate_1,3,0.02
3963,candidate_2,candidate_3,candidate_1,3,0.02
3964,candidate_2,candidate_3,candidate_1,3,0.02
3965,candidate_2,candidate_3,candidate_1,3,0.02
3966,candidate_2,candidate_3,candidate_1,3,0.02
3967,candidate_2,candidate_3,candidate_1,3,0.02
3968,candidate_2,candidate_3,candidate_1,3,0.02
3969,candidate_2,candidate_3,candidate_1,3,0.02
3970,candidate_2,candidate_3,candidate_1,3,0.02
3971,candidate_2,candidate_3,candidate_1,3,0.02
3972,candidate_2,candidate_3,candidate_1,3,0.02
3973,candidate_2,candidate_3,candidate_1,3,0.02
3974,candidate_2,candidate_3,candidate_1,3,0.02
3975,candidate_2,candidate_3,candidate_1,3,0.02
3976,candidate_2,candidate_3,candidate_1,3,0.02
3977,candidate_2,candidate_3,candidate_1,3,0.02
3978,candidate_2,candidate_3,candidate_1,3,0.02
3979,candidate_2,candidate_3,candidate_1,3,0.02
3980,candidate_2,candidate_3,candidate_1,3,0.02
3981,candidate_2,candidate_3,candidate_1,3,0.02
3982,candidate_2,candidate_3,candidate_1,3,0.02
3983,candidate_2,candidate_3,candidate_1,3,0.02
3984,candidate_2,candidate_3,candidate_1,3,0.02
3985,candidate_2,candidate_3,candidate_1,3,0.02
3986,candidate_2,candidate_3,candidate_1,3,0.02
3987,candidate_2,candidate_3,candidate_1,3,0.02
3988,candidate_2,candidate_3,candidate_1,3,0.02
3989,candidate_2,candidate_3,candidate_1,3,0.02
3990,candidate_2,candidate_3,candidate_1,3,0.02
3991,candidate_2,candidate_3,candidate_1,3,0.02
3992,candidate_2,0,candidate_1,3,0.02
3993,candidate_2,candidate_3,candidate_1,3,0.02
3994,candidate_2,candidate_3,candidate_1,3,0.02
3995,candidate_2,candidate_3,candidate_1,3,0.02
3996,candidate_2,candidate_3,candidate_1,3,0.02
3997,candidate_2,candidate_3,candidate_1,3,0.02
3998,candidate_2,candidate_3,candidate_1,3,0.02
3999,candidate_2,candidate_3,candidate_1,3,0.02
4000,candidate_2,candidate_3,candidate_1,3,0.02
4001,candidate_2,candidate_3,candidate_1,3,0.02
4002,candidate_2,candidate_3,candidate_1,3,0.02
4003,candidate_2,candidate_3,candidate_1,3,0.02
4004,candidate_2,candidate_3,candidate_1,3,0.02
4005,candidate_2,candidate_3,candidate_1,3,0.02
4006,candidate_2,candidate_3,candidate_1,3,0.02
4007,candidate_2,candidate_3,candidate_1,3,0.02
4008,candidate_2,candidate_3,candidate_1,3,0.02
4009,candidate_2,candidate_3,candidate_1,3,0.02
4010,candidate_2,candidate_3,candidate_1,3,0.02
4011,candidate_2,candidate_3,candidate_1,3,0.02
4012,candidate_2,candidate_3,candidate_1,3,0.02
4013,candidate_2,candidate_3,candidate_1,3,0.02
4014,candidate_2,candidate_3,candidate_1,3,0.02
4015,candidate_2,candidate_3,candidate_1,3,0.02
4016,candidate_2,candidate_3,candidate_1,3,0.02
4017,candidate_2,candidate_3,candidate_1,3,0.02
4018,candidate_2,candidate_3,candidate_1,3,0.02
4019,candidate_2,candidate_3,candidate_1,3,0.02
4020,candidate_2,candidate_3,candidate_1,3,0.02
4021,candidate_2,candidate_3,candidate_1,3,0.02
4022,0,candidate_3,0,3,0.02
4023,candidate_2,candidate_3,candidate_1,3,0.02
4024,candidate_2,candidate_3,candidate_1,3,0.02
4025,candidate_2,candidate_3,candidate_1,3,0.02
4026,0,candidate_3,0,3,0.02
4027,candidate_2,candidate_3,candidate_1,3,0.02
4028,candidate_2,candidate_3,candidate_1,3,0.02
4029,candidate_2,candidate_3,candidate_1,3,0.02
4030,candidate_2,candidate_3,candidate_1,3,0.02
4031,candidate_2,candidate_3,candidate_1,3,0.02
4032,candidate_2,candidate_3,candidate_1,3,0.02
4033,candidate_2,candidate_3,candidate_1,3,0.02
4034,candidate_2,candidate_3,candidate_1,3,0.02
4035,candidate_2,candidate_3,candidate_1,3,0.02
4036,candidate_2,0,candidate_1,3,0.02
4037,candidate_2,candidate_3,candidate_1,3,0.02
4038,candidate_2,candidate_3,candidate_1,3,0.02
4039,candidate_2,candidate_3,candidate_1,3,0.02
4040,candidate_2,candidate_3,candidate_1,3,0.02
4041,candidate_2,candidate_3,candidate_1,3,0.02
4042,candidate_2,candidate_3,candidate_1,3,0.02
4043,candidate_2,candidate_3,candidate_1,3,0.02
4044,candidate_2,candidate_3,candidate_1,3,0.02
4045,candidate_2,candidate_3,candidate_1,3,0.02
4046,candidate_2,candidate_3,candidate_1,3,0.02
4047,candidate_2,candidate_3,candidate_1,3,0.02
4048,candidate_2,candidate_3,candidate_1,3,0.02
4049,candidate_2,candidate_3,candidate_1,3,0.02
4050,candidate_2,candidate_3,candidate_1,3,0.02
4051,candidate_2,candidate_3,candidate_1,3,0.02
4052,candidate_2,candidate_3,candidate_1,3,0.02
4053,candidate_2,candidate_3,candidate_1,3,0.02
4054,candidate_2,candidate_3,candidate_1,3,0.02
4055,candidate_2,candidate_3,0,3,0.02
4056,candidate_2,candidate_3,candidate_1,3,0.02
4057,candidate_2,candidate_3,candidate_1,3,0.02
4058,candidate_2,candidate_3,candidate_1,3,0.02
4059,candidate_2,candidate_3,candidate_1,3,0.02
4060,0,candidate_3,candidate_1,3,0.02
4061,candidate_2,candidate_3,candidate_1,3,0.02
4062,candidate_2,candidate_3,candidate_1,3,0.02
4063,candidate_2,candidate_3,candidate_1,3,0.02
4064,candidate_2,candidate_3,candidate_1,3,0.02
4065,candidate_2,candidate_3,candidate_1,3,0.02
4066,candidate_2,candidate_3,candidate_1,3,0.02
4067,candidate_2,candidate_3,candidate_1,3,0.02
4068,candidate_2,candidate_3,candidate_1,3,0.02
4069,candidate_2,candidate_3,candidate_1,3,0.02
4070,candidate_2,candidate_3,candidate_1,3,0.02
4071,candidate_2,candidate_3,candidate_1,3,0.02
4072,candidate_2,candidate_3,candidate_1,3,0.02
4073,candidate_2,candidate_3,candidate_1,3,0.02
4074,candidate_2,candidate_3,candidate_1,3,0.02
4075,candidate_2,candidate_3,candidate_1,3,0.02
4076,candidate_2,candidate_3,candidate_1,3,0.02
4077,candidate_2,candidate_3,candidate_1,3,0.02
4078,candidate_2,candidate_3,candidate_1,3,0.02
4079,candidate_2,candidate_3,candidate_1,3,0.02
4080,candidate_2,candidate_3,candidate_1,3,0.02
4081,candidate_2,candidate_3,candidate_1,3,0.02
4082,candidate_2,candidate_3,candidate_1,3,0.02
4083,candidate_2,candidate_3,candidate_1,3,0.02
4084,candidate_2,candidate_3,candidate_1,3,0.02
4085,candidate_2,candidate_3,candidate_1,3,0.02
4086,candidate_2,candidate_3,candidate_1,3,0.02
4087,candidate_2,candidate_3,candidate_1,3,0.02
4088,candidate_2,candidate_3,candidate_1,3,0.02
4089,candidate_2,candidate_3,candidate_1,3,0.02
4090,candidate_2,candidate_3,candidate_1,3,0.02
4091,candidate_2,candidate_3,candidate_1,3,0.02
4092,candidate_2,candidate_3,candidate_1,3,0.02
4093,candidate_2,candidate_3,candidate_1,3,0.02
4094,candidate_2,candidate_3,candidate_1,3,0.02
4095,candidate_2,candidate_3,candidate_1,3,0.02
4096,candidate_2,candidate_3,candidate_1,3,0.02
4097,candidate_2,candidate_3,candidate_1,3,0.02
4098,candidate_2,candidate_3,candidate_1,3,0.02
4099,candidate_2,candidate_3,candidate_1,3,0.02
4100,candidate_2,candidate_3,candidate_1,3,0.02
4101,candidate_2,candidate_3,candidate_1,3,0.02
4102,candidate_2,candidate_3,candidate_1,3,0.02
4103,candidate_2,0,candidate_1,3,0.02
4104,candidate_2,candidate_3,candidate_1,3,0.02
4105,candidate_2,candidate_3,candidate_1,3,0.02
4106,candidate_2,candidate_3,candidate_1,3,0.02
4107,candidate_2,candidate_3,candidate_1,3,0.02
4108,candidate_2,candidate_3,candidate_1,3,0.02
4109,candidate_2,candidate_3,candidate_1,3,0.02
4110,candidate_2,candidate_3,candidate_1,3,0.02
4111,candidate_2,candidate_3,candidate_1,3,0.02
4112,candidate_2,candidate_3,candidate_1,3,0.02
4113,candidate_2,candidate_3,candidate_1,3,0.02
4114,candidate_2,candidate_3,candidate_1,3,0.02
4115,candidate_2,candidate_3,candidate_1,3,0.02
4116,candidate_2,candidate_3,candidate_1,3,0.02
4117,candidate_2,candidate_3,candidate_1,3,0.02
4118,candidate_2,candidate_3,candidate_1,3,0.02
4119,candidate_2,candidate_3,candidate_1,3,0.02
4120,candidate_2,candidate_3,candidate_1,3,0.02
4121,candidate_2,candidate_3,candidate_1,3,0.02
4122,candidate_2,candidate_3,candidate_1,3,0.02
4123,candidate_2,candidate_3,candidate_1,3,0.02
4124,candidate_2,candidate_3,candidate_1,3,0.02
4125,candidate_2,0,candidate_1,3,0.02
4126,candidate_2,candidate_3,candidate_1,3,0.02
4127,candidate_2,candidate_3,candidate_1,3,0.02
4128,candidate_2,candidate_3,candidate_1,3,0.02
4129,0,candidate_3,candidate_1,3,0.02
4130,candidate_2,candidate_3,candidate_1,3,0.02
4131,candidate_2,candidate_3,candidate_1,3,0.02
4132,candidate_2,candidate_3,candidate_1,3,0.02
4133,candidate_2,candidate_3,candidate_1,3,0.02
4134,candidate_2,candidate_3,candidate_1,3,0.02
4135,candidate_2,candidate_3,candidate_1,3,0.02
4136,candidate_2,candidate_3,candidate_1,3,0.02
4137,0,candidate_3,candidate_1,3,0.02
4138,candidate_2,candidate_3,0,3,0.02
4139,candidate_2,candidate_3,candidate_1,3,0.02
4140,candidate_2,candidate_3,candidate_1,3,0.02
4141,candidate_2,candidate_3,candidate_1,3,0.02
4142,candidate_2,candidate_3,candidate_1,3,0.02
4143,candidate_2,candidate_3,candidate_1,3,0.02
4144,candidate_2,candidate_3,candidate_1,3,0.02
4145,candidate_2,candidate_3,candidate_1,3,0.02
4146,candidate_2,candidate_3,candidate_1,3,0.02
4147,candidate_2,candidate_3,candidate_1,3,0.02
4148,candidate_2,candidate_3,candidate_1,3,0.02
4149,candidate_2,candidate_3,candidate_1,3,0.02
4150,candidate_2,candidate_3,candidate_1,3,0.02
4151,candidate_2,candidate_3,candidate_1,3,0.02
4152,candidate_2,candidate_3,candidate_1,3,0.02
4153,candidate_2,candidate_3,candidate_1,3,0.02
4154,candidate_2,candidate_3,candidate_1,3,0.02
4155,candidate_2,candidate_3,candidate_1,3,0.02
4156,candidate_2,candidate_3,candidate_1,3,0.02
4157,candidate_2,candidate_3,candidate_1,3,0.02
4158,candidate_2,candidate_3,candidate_1,3,0.02
4159,candidate_2,candidate_3,candidate_1,3,0.02
4160,candidate_2,candidate_3,candidate_1,3,0.02
4161,candidate_2,candidate_3,candidate_1,3,0.02
4162,candidate_2,candidate_3,candidate_1,3,0.02
4163,candidate_2,candidate_3,candidate_1,3,0.02
4164,candidate_2,candidate_3,candidate_1,3,0.02
4165,candidate_2,candidate_3,candidate_1,3,0.02
4166,candidate_2,candidate_3,candidate_1,3,0.02
4167,candidate_2,candidate_3,candidate_1,3,0.02
4168,candidate_2,candidate_3,candidate_1,3,0.02
4169,candidate_2,candidate_3,candidate_1,3,0.02
4170,candidate_2,candidate_3,candidate_1,3,0.02
4171,candidate_2,candidate_3,candidate_1,3,0.02
4172,candidate_2,candidate_3,candidate_1,3,0.02
4173,candidate_2,candidate_3,candidate_1,3,0.02
4174,candidate_2,candidate_3,candidate_1,3,0.02
4175,candidate_2,candidate_3,candidate_1,3,0.02
4176,candidate_2,candidate_3,0,3,0.02
4177,candidate_2,candidate_3,candidate_1,3,0.02
4178,candidate_2,candidate_3,candidate_1,3,0.02
4179,candidate_2,candidate_3,candidate_1,3,0.02
4180,candidate_2,candidate_3,candidate_1,3,0.02
4181,candidate_2,candidate_3,0,3,0.02
4182,candidate_2,candidate_3,candidate_1,3,0.02
4183,candidate_2,candidate_3,0,3,0.02
4184,candidate_2,candidate_3,candidate_1,3,0.02
4185,candidate_2,candidate_3,candidate_1,3,0.02
4186,candidate_2,candidate_3,candidate_1,3,0.02
4187,candidate_2,candidate_3,candidate_1,3,0.02
4188,candidate_2,0,candidate_1,3,0.02
4189,candidate_2,candidate_3,candidate_1,3,0.02
4190,candidate_2,candidate_3,candidate_1,3,0.02
4191,candidate_2,candidate_3,candidate_1,3,0.02
4192,candidate_2,candidate_3,candidate_1,3,0.02
4193,candidate_2,candidate_3,candidate_1,3,0.02
4194,0,candidate_3,candidate_1,3,0.02
4195,candidate_2,candidate_3,candidate_1,3,0.02
4196,candidate_2,candidate_3,candidate_1,3,0.02
4197,candidate_2,candidate_3,candidate_1,3,0.02
4198,candidate_2,candidate_3,candidate_1,3,0.02
4199,candidate_2,candidate_3,candidate_1,3,0.02
4200,candidate_2,candidate_3,candidate_1,3,0.02
4201,candidate_2,candidate_3,candidate_1,3,0.02
4202,candidate_2,candidate_3,candidate_1,3,0.02
4203,candidate_2,candidate_3,candidate_1,3,0.02
4204,candidate_2,candidate_3,candidate_1,3,0.02
4205,candidate_2,candidate_3,candidate_1,3,0.02
4206,candidate_2,candidate_3,candidate_1,3,0.02
4207,candidate_2,candidate_3,candidate_1,3,0.02
4208,candidate_2,candidate_3,candidate_1,3,0.02
4209,candidate_2,candidate_3,candidate_1,3,0.02
4210,candidate_2,candidate_3,candidate_1,3,0.02
4211,candidate_2,candidate_3,candidate_1,3,0.02
4212,candidate_2,candidate_3,candidate_1,3,0.02
4213,candidate_2,candidate_3,candidate_1,3,0.02
4214,candidate_2,candidate_3,candidate_1,3,0.02
4215,candidate_2,candidate_3,candidate_1,3,0.02
4216,candidate_2,candidate_3,candidate_1,3,0.02
4217,candidate_2,candidate_3,candidate_1,3,0.02
4218,candidate_2,candidate_3,candidate_1,3,0.02
4219,candidate_2,candidate_3,candidate_1,3,0.02
4220,candidate_2,candidate_3,candidate_1,3,0.02
4221,candidate_2,candidate_3,candidate_1,3,0.02
4222,candidate_2,candidate_3,candidate_1,3,0.02
4223,candidate_2,candidate_3,candidate_1,3,0.02
4224,candidate_2,candidate_3,candidate_1,3,0.02
4225,candidate_2,candidate_3,candidate_1,3,0.02
4226,candidate_2,candidate_3,candidate_1,3,0.02
4227,candidate_2,candidate_3,candidate_1,3,0.02
4228,candidate_2,candidate_3,candidate_1,3,0.02
4229,candidate_2,candidate_3,candidate_1,3,0.02
4230,candidate_2,candidate_3,candidate_1,3,0.02
4231,candidate_2,candidate_3,candidate_1,3,0.02
4232,candidate_2,candidate_3,candidate_1,3,0.02
4233,candidate_2,candidate_3,candidate_1,3,0.02
4234,candidate_2,candidate_3,candidate_1,3,0.02
4235,candidate_2,candidate_3,candidate_1,3,0.02
4236,candidate_2,candidate_3,candidate_1,3,0.02
4237,candidate_2,candidate_3,candidate_1,3,0.02
4238,candidate_2,candidate_3,candidate_1,3,0.02
4239,candidate_2,candidate_3,candidate_1,3,0.02
4240,candidate_2,candidate_3,candidate_1,3,0.02
4241,candidate_2,candidate_3,candidate_1,3,0.02
4242,candidate_2,candidate_3,candidate_1,3,0.02
4243,candidate_2,candidate_3,candidate_1,3,0.02
4244,candidate_2,candidate_3,candidate_1,3,0.02
4245,candidate_2,candidate_3,candidate_1,3,0.02
4246,candidate_2,candidate_3,candidate_1,3,0.02
4247,candidate_2,candidate_3,candidate_1,3,0.02
4248,candidate_2,candidate_3,candidate_1,3,0.02
4249,candidate_2,candidate_3,candidate_1,3,0.02
4250,candidate_2,candidate_3,candidate_1,3,0.02
4251,candidate_2,candidate_3,candidate_1,3,0.02
4252,candidate_2,candidate_3,candidate_1,3,0.02
4253,candidate_2,candidate_3,candidate_1,3,0.02
4254,candidate_2,candidate_3,candidate_1,3,0.02
4255,candidate_2,candidate_3,candidate_1,3,0.02
4256,candidate_2,candidate_3,candidate_1,3,0.02
4257,candidate_2,candidate_3,candidate_1,3,0.02
4258,candidate_2,candidate_3,candidate_1,3,0.02
4259,candidate_2,candidate_3,candidate_1,3,0.02
4260,candidate_2,candidate_3,candidate_1,3,0.02
4261,candidate_2,candidate_3,candidate_1,3,0.02
4262,candidate_2,candidate_3,0,3,0.02
4263,candidate_2,candidate_3,candidate_1,3,0.02
4264,candidate_2,candidate_3,candidate_1,3,0.02
4265,candidate_2,candidate_3,candidate_1,3,0.02
4266,candidate_2,candidate_3,candidate_1,3,0.02
4267,candidate_2,candidate_3,candidate_1,3,0.02
4268,candidate_2,candidate_3,candidate_1,3,0.02
4269,candidate_2,candidate_3,candidate_1,3,0.02
4270,candidate_2,candidate_3,candidate_1,3,0.02
4271,candidate_2,candidate_3,candidate_1,3,0.02
4272,candidate_2,candidate_3,candidate_1,3,0.02
4273,candidate_2,candidate_3,candidate_1,3,0.02
4274,candidate_2,candidate_3,candidate_1,3,0.02
4275,candidate_2,0,0,3,0.02
4276,candidate_2,0,candidate_1,3,0.02
4277,candidate_2,candidate_3,candidate_1,3,0.02
4278,candidate_2,candidate_3,candidate_1,3,0.02
4279,candidate_2,candidate_3,0,3,0.02
4280,candidate_2,candidate_3,candidate_1,3,0.02
4281,candidate_2,candidate_3,candidate_1,3,0.02
4282,candidate_2,candidate_3,candidate_1,3,0.02
4283,candidate_2,candidate_3,candidate_1,3,0.02
4284,candidate_2,candidate_3,candidate_1,3,0.02
4285,candidate_2,candidate_3,candidate_1,3,0.02
4286,candidate_2,candidate_3,candidate_1,3,0.02
4287,candidate_2,candidate_3,candidate_1,3,0.02
4288,candidate_2,candidate_3,candidate_1,3,0.02
4289,candidate_2,candidate_3,candidate_1,3,0.02
4290,candidate_2,candidate_3,candidate_1,3,0.02
4291,candidate_2,candidate_3,candidate_1,3,0.02
4292,candidate_2,candidate_3,candidate_1,3,0.02
4293,candidate_2,candidate_3,candidate_1,3,0.02
4294,candidate_2,0,candidate_1,3,0.02
4295,candidate_2,candidate_3,candidate_1,3,0.02
4296,candidate_2,candidate_3,candidate_1,3,0.02
4297,candidate_2,candidate_3,candidate_1,3,0.02
4298,candidate_2,candidate_3,candidate_1,3,0.02
4299,candidate_2,candidate_3,candidate_1,3,0.02
4300,candidate_2,candidate_3,candidate_1,3,0.02
4301,candidate_2,candidate_3,candidate_1,3,0.02
4302,candidate_2,candidate_3,candidate_1,3,0.02
4303,candidate_2,candidate_3,candidate_1,3,0.02
4304,candidate_2,candidate_3,candidate_1,3,0.02
4305,candidate_2,candidate_3,candidate_1,3,0.02
4306,candidate_2,candidate_3,candidate_1,3,0.02
4307,candidate_2,candidate_3,candidate_1,3,0.02
4308,candidate_2,candidate_3,candidate_1,3,0.02
4309,candidate_2,candidate_3,candidate_1,3,0.02
4310,candidate_2,candidate_3,candidate_1,3,0.02
4311,0,candidate_3,candidate_1,3,0.02
4312,candidate_2,candidate_3,candidate_1,3,0.02
4313,candidate_2,candidate_3,candidate_1,3,0.02
4314,candidate_2,candidate_3,candidate_1,3,0.02
4315,candidate_2,candidate_3,candidate_1,3,0.02
4316,candidate_2,candidate_3,candidate_1,3,0.02
4317,candidate_2,candidate_3,candidate_1,3,0.02
4318,candidate_2,candidate_3,candidate_1,3,0.02
4319,candidate_2,candidate_3,candidate_1,3,0.02
4320,candidate_2,candidate_3,candidate_1,3,0.02
4321,candidate_2,candidate_3,0,3,0.02
4322,candidate_2,candidate_3,candidate_1,3,0.02
4323,candidate_2,0,candidate_1,3,0.02
4324,candidate_2,candidate_3,candidate_1,3,0.02
4325,candidate_2,candidate_3,candidate_1,3,0.02
4326,candidate_2,candidate_3,candidate_1,3,0.02
4327,candidate_2,candidate_3,candidate_1,3,0.02
4328,candidate_2,candidate_3,candidate_1,3,0.02
4329,candidate_2,candidate_3,candidate_1,3,0.02
4330,candidate_2,candidate_3,candidate_1,3,0.02
4331,candidate_2,candidate_3,candidate_1,3,0.02
4332,candidate_2,candidate_3,candidate_1,3,0.02
4333,candidate_2,candidate_3,candidate_1,3,0.02
4334,candidate_2,candidate_3,candidate_1,3,0.02
4335,candidate_2,candidate_3,candidate_1,3,0.02
4336,candidate_2,candidate_3,candidate_1,3,0.02
4337,candidate_2,candidate_3,candidate_1,3,0.02
4338,candidate_2,candidate_3,candidate_1,3,0.02
4339,candidate_2,candidate_3,candidate_1,3,0.02
4340,candidate_2,0,candidate_1,3,0.02
4341,candidate_2,candidate_3,candidate_1,3,0.02
4342,candidate_2,candidate_3,candidate_1,3,0.02
4343,candidate_2,candidate_3,candidate_1,3,0.02
4344,candidate_2,candidate_3,candidate_1,3,0.02
4345,candidate_2,candidate_3,candidate_1,3,0.02
4346,candidate_2,candidate_3,candidate_1,3,0.02
4347,candidate_2,candidate_3,candidate_1,3,0.02
4348,candidate_2,candidate_3,candidate_1,3,0.02
4349,candidate_2,candidate_3,candidate_1,3,0.02
4350,candidate_2,candidate_3,candidate_1,3,0.02
4351,candidate_2,candidate_3,candidate_1,3,0.02
4352,candidate_2,candidate_3,candidate_1,3,0.02
4353,candidate_2,candidate_3,candidate_1,3,0.02
4354,candidate_2,candidate_3,candidate_1,3,0.02
4355,candidate_2,candidate_3,candidate_1,3,0.02
4356,candidate_2,candidate_3,candidate_1,3,0.02
4357,candidate_2,candidate_3,candidate_1,3,0.02
4358,candidate_2,candidate_3,candidate_1,3,0.02
4359,candidate_2,candidate_3,candidate_1,3,0.02
4360,candidate_2,candidate_3,candidate_1,3,0.02
4361,candidate_2,candidate_3,candidate_1,3,0.02
4362,candidate_2,candidate_3,candidate_1,3,0.02
4363,candidate_2,candidate_3,candidate_1,3,0.02
4364,candidate_2,candidate_3,candidate_1,3,0.02
4365,candidate_2,candidate_3,candidate_1,3,0.02
4366,candidate_2,candidate_3,candidate_1,3,0.02
4367,candidate_2,candidate_3,candidate_1,3,0.02
4368,candidate_2,candidate_3,candidate_1,3,0.02
4369,candidate_2,candidate_3,candidate_1,3,0.02
4370,candidate_2,candidate_3,candidate_1,3,0.02
4371,candidate_2,candidate_3,candidate_1,3,0.02
4372,candidate_2,candidate_3,candidate_1,3,0.02
4373,candidate_2,candidate_3,candidate_1,3,0.02
4374,candidate_2,candidate_3,candidate_1,3,0.02
4375,candidate_2,candidate_3,candidate_1,3,0.02
4376,candidate_2,candidate_3,candidate_1,3,0.02
4377,candidate_2,candidate_3,candidate_1,3,0.02
4378,candidate_2,candidate_3,0,3,0.02
4379,candidate_2,candidate_3,candidate_1,3,0.02
4380,candidate_2,candidate_3,candidate_1,3,0.02
4381,candidate_2,candidate_3,candidate_1,3,0.02
4382,0,candidate_3,candidate_1,3,0.02
4383,candidate_2,candidate_3,candidate_1,3,0.02
4384,candidate_2,candidate_3,candidate_1,3,0.02
4385,candidate_2,0,candidate_1,3,0.02
4386,candidate_2,candidate_3,candidate_1,3,0.02
4387,candidate_2,candidate_3,candidate_1,3,0.02
4388,candidate_2,candidate_3,candidate_1,3,0.02
4389,candidate_2,candidate_3,candidate_1,3,0.02
4390,candidate_2,candidate_3,candidate_1,3,0.02
4391,candidate_2,candidate_3,candidate_1,3,0.02
4392,candidate_2,candidate_3,candidate_1,3,0.02
4393,candidate_2,candidate_3,candidate_1,3,0.02
4394,candidate_2,candidate_3,candidate_1,3,0.02
4395,candidate_2,candidate_3,candidate_1,3,0.02
4396,0,candidate_3,0,3,0.02
4397,candidate_2,candidate_3,candidate_1,3,0.02
4398,candidate_2,candidate_3,candidate_1,3,0.02
4399,candidate_2,candidate_3,candidate_1,3,0.02
4400,candidate_2,candidate_3,candidate_1,3,0.02
4401,candidate_2,candidate_3,candidate_1,3,0.02
4402,candidate_2,candidate_3,candidate_1,3,0.02
4403,candidate_2,candidate_3,candidate_1,3,0.02
4404,candidate_2,candidate_3,candidate_1,3,0.02
4405,candidate_2,candidate_3,candidate_1,3,0.02
4406,candidate_2,candidate_3,candidate_1,3,0.02
4407,candidate_2,candidate_3,candidate_1,3,0.02
4408,candidate_2,candidate_3,candidate_1,3,0.02
4409,candidate_2,candidate_3,candidate_1,3,0.02
4410,candidate_2,candidate_3,candidate_1,3,0.02
4411,candidate_2,candidate_3,candidate_1,3,0.02
4412,candidate_2,candidate_3,candidate_1,3,0.02
4413,candidate_2,candidate_3,candidate_1,3,0.02
4414,candidate_2,candidate_3,candidate_1,3,0.02
4415,candidate_2,candidate_3,candidate_1,3,0.02
4416,candidate_2,candidate_3,candidate_1,3,0.02
4417,candidate_2,candidate_3,candidate_1,3,0.02
4418,candidate_2,candidate_3,candidate_1,3,0.02
4419,candidate_2,candidate_3,candidate_1,3,0.02
4420,candidate_2,candidate_3,candidate_1,3,0.02
4421,candidate_2,candidate_3,candidate_1,3,0.02
4422,candidate_2,candidate_3,candidate_1,3,0.02
4423,candidate_2,candidate_3,candidate_1,3,0.02
4424,candidate_2,candidate_3,candidate_1,3,0.02
4425,candidate_2,candidate_3,candidate_1,3,0.02
4426,candidate_2,candidate_3,candidate_1,3,0.02
4427,candidate_2,candidate_3,candidate_1,3,0.02
4428,candidate_2,candidate_3,candidate_1,3,0.02
4429,candidate_2,candidate_3,candidate_1,3,0.02
4430,candidate_2,candidate_3,candidate_1,3,0.02
4431,candidate_2,candidate_3,candidate_1,3,0.02
4432,candidate_2,candidate_3,candidate_1,3,0.02
4433,candidate_2,candidate_3,candidate_1,3,0.02
4434,candidate_2,candidate_3,candidate_1,3,0.02
4435,candidate_2,candidate_3,candidate_1,3,0.02
4436,candidate_2,candidate_3,candidate_1,3,0.02
4437,candidate_2,candidate_3,candidate_1,3,0.02
4438,candidate_2,candidate_3,candidate_1,3,0.02
4439,candidate_2,candidate_3,candidate_1,3,0.02
4440,candidate_2,candidate_3,candidate_1,3,0.02
4441,candidate_2,candidate_3,candidate_1,3,0.02
4442,candidate_2,candidate_3,candidate_1,3,0.02
4443,candidate_2,0,candidate_1,3,0.02
4444,candidate_2,candidate_3,candidate_1,3,0.02
4445,candidate_2,candidate_3,candidate_1,3,0.02
4446,candidate_2,candidate_3,candidate_1,3,0.02
4447,candidate_2,candidate_3,candidate_1,3,0.02
4448,candidate_2,candidate_3,candidate_1,3,0.02
4449,candidate_2,candidate_3,candidate_1,3,0.02
4450,candidate_2,candidate_3,candidate_1,3,0.02
4451,candidate_2,candidate_3,candidate_1,3,0.02
4452,candidate_2,0,candidate_1,3,0.02
4453,0,candidate_3,candidate_1,3,0.02
4454,candidate_2,candidate_3,candidate_1,3,0.02
4455,candidate_2,candidate_3,candidate_1,3,0.02
4456,candidate_2,candidate_3,candidate_1,3,0.02
4457,candidate_2,candidate_3,candidate_1,3,0.02
4458,candidate_2,candidate_3,candidate_1,3,0.02
4459,candidate_2,candidate_3,candidate_1,3,0.02
4460,candidate_2,candidate_3,candidate_1,3,0.02
4461,candidate_2,candidate_3,candidate_1,3,0.02
4462,candidate_2,candidate_3,candidate_1,3,0.02
4463,candidate_2,candidate_3,candidate_1,3,0.02
4464,candidate_2,candidate_3,candidate_1,3,0.02
4465,candidate_2,candidate_3,candidate_1,3,0.02
4466,candidate_2,candidate_3,candidate_1,3,0.02
4467,candidate_2,candidate_3,candidate_1,3,0.02
4468,candidate_2,candidate_3,candidate_1,3,0.02
4469,candidate_2,candidate_3,candidate_1,3,0.02
4470,candidate_2,candidate_3,candidate_1,3,0.02
4471,candidate_2,candidate_3,candidate_1,3,0.02
4472,candidate_2,candidate_3,candidate_1,3,0.02
4473,candidate_2,candidate_3,candidate_1,3,0.02
4474,candidate_2,candidate_3,candidate_1,3,0.02
4475,candidate_2,candidate_3,candidate_1,3,0.02
4476,candidate_2,candidate_3,candidate_1,3,0.02
4477,candidate_2,candidate_3,candidate_1,3,0.02
4478,candidate_2,candidate_3,candidate_1,3,0.02
4479,candidate_2,candidate_3,candidate_1,3,0.02
4480,candidate_2,candidate_3,candidate_1,3,0.02
4481,candidate_2,candidate_3,candidate_1,3,0.02
4482,candidate_2,candidate_3,candidate_1,3,0.02
4483,candidate_2,candidate_3,candidate_1,3,0.02
4484,candidate_2,candidate_3,candidate_1,3,0.02
4485,candidate_2,candidate_3,candidate_1,3,0.02
4486,candidate_2,candidate_3,candidate_1,3,0.02
4487,candidate_2,candidate_3,candidate_1,3,0.02
4488,candidate_2,candidate_3,candidate_1,3,0.02
4489,candidate_2,candidate_3,candidate_1,3,0.02
4490,candidate_2,candidate_3,0,3,0.02
4491,candidate_2,candidate_3,candidate_1,3,0.02
4492,candidate_2,candidate_3,candidate_1,3,0.02
4493,candidate_2,0,candidate_1,3,0.02
4494,candidate_2,candidate_3,candidate_1,3,0.02
4495,candidate_2,candidate_3,candidate_1,3,0.02
4496,candidate_2,candidate_3,candidate_1,3,0.02
4497,candidate_2,candidate_3,candidate_1,3,0.02
4498,candidate_2,candidate_3,candidate_1,3,0.02
4499,candidate_2,candidate_3,candidate_1,3,0.02
4500,candidate_2,candidate_3,candidate_1,3,0.02
4501,candidate_2,candidate_3,0,3,0.02
4502,candidate_2,candidate_3,candidate_1,3,0.02
4503,candidate_2,candidate_3,candidate_1,3,0.02
4504,candidate_2,candidate_3,candidate_1,3,0.02
4505,candidate_2,candidate_3,candidate_1,3,0.02
4506,candidate_2,candidate_3,candidate_1,3,0.02
4507,candidate_2,candidate_3,candidate_1,3,0.02
4508,0,candidate_3,candidate_1,3,0.02
4509,candidate_2,candidate_3,candidate_1,3,0.02
4510,candidate_2,candidate_3,candidate_1,3,0.02
4511,candidate_2,candidate_3,candidate_1,3,0.02
4512,candidate_2,candidate_3,candidate_1,3,0.02
4513,candidate_2,candidate_3,candidate_1,3,0.02
4514,candidate_2,candidate_3,candidate_1,3,0.02
4515,candidate_2,candidate_3,candidate_1,3,0.02
4516,candidate_2,candidate_3,candidate_1,3,0.02
4517,candidate_2,candidate_3,candidate_1,3,0.02
4518,candidate_2,candidate_3,candidate_1,3,0.02
4519,candidate_2,0,candidate_1,3,0.02
4520,candidate_2,candidate_3,0,3,0.02
4521,candidate_2,candidate_3,candidate_1,3,0.02
4522,candidate_2,candidate_3,candidate_1,3,0.02
4523,candidate_2,candidate_3,candidate_1,3,0.02
4524,candidate_2,candidate_3,candidate_1,3,0.02
4525,candidate_2,candidate_3,candidate_1,3,0.02
4526,candidate_2,candidate_3,candidate_1,3,0.02
4527,candidate_2,candidate_3,candidate_1,3,0.02
4528,candidate_2,0,candidate_1,3,0.02
4529,candidate_2,candidate_3,candidate_1,3,0.02
4530,candidate_2,candidate_3,candidate_1,3,0.02
4531,0,candidate_3,candidate_1,3,0.02
4532,candidate_2,candidate_3,candidate_1,3,0.02
4533,candidate_2,candidate_3,candidate_1,3,0.02
4534,candidate_2,candidate_3,candidate_1,3,0.02
4535,candidate_2,candidate_3,candidate_1,3,0.02
4536,candidate_2,candidate_3,candidate_1,3,0.02
4537,candidate_2,candidate_3,candidate_1,3,0.02
4538,candidate_2,candidate_3,candidate_1,3,0.02
4539,candidate_2,candidate_3,candidate_1,3,0.02
4540,candidate_2,candidate_3,candidate_1,3,0.02
4541,candidate_2,candidate_3,candidate_1,3,0.02
4542,candidate_2,candidate_3,candidate_1,3,0.02
4543,candidate_2,candidate_3,candidate_1,3,0.02
4544,candidate_2,candidate_3,candidate_1,3,0.02
4545,candidate_2,candidate_3,candidate_1,3,0.02
4546,candidate_2,candidate_3,candidate_1,3,0.02
4547,candidate_2,candidate_3,candidate_1,3,0.02
4548,candidate_2,candidate_3,candidate_1,3,0.02
4549,candidate_2,candidate_3,candidate_1,3,0.02
4550,candidate_2,candidate_3,candidate_1,3,0.02
4551,candidate_2,candidate_3,candidate_1,3,0.02
4552,candidate_2,candidate_3,candidate_1,3,0.02
4553,candidate_2,candidate_3,candidate_1,3,0.02
4554,candidate_2,candidate_3,candidate_1,3,0.02
4555,candidate_2,candidate_3,candidate_1,3,0.02
4556,candidate_2,candidate_3,candidate_1,3,0.02
4557,candidate_2,candidate_3,candidate_1,3,0.02
4558,candidate_2,candidate_3,candidate_1,3,0.02
4559,candidate_2,candidate_3,candidate_1,3,0.02
4560,candidate_2,candidate_3,candidate_1,3,0.02
4561,candidate_2,candidate_3,candidate_1,3,0.02
4562,candidate_2,candidate_3,candidate_1,3,0.02
4563,candidate_2,candidate_3,candidate_1,3,0.02
4564,candidate_2,candidate_3,candidate_1,3,0.02
4565,candidate_2,candidate_3,candidate_1,3,0.02
4566,candidate_2,candidate_3,candidate_1,3,0.02
4567,candidate_2,candidate_3,candidate_1,3,0.02
4568,candidate_2,candidate_3,candidate_1,3,0.02
4569,candidate_2,candidate_3,candidate_1,3,0.02
4570,candidate_2,0,candidate_1,3,0.02
4571,candidate_2,candidate_3,candidate_1,3,0.02
4572,candidate_2,candidate_3,candidate_1,3,0.02
4573,candidate_2,candidate_3,candidate_1,3,0.02
4574,candidate_2,candidate_3,candidate_1,3,0.02
4575,candidate_2,candidate_3,candidate_1,3,0.02
4576,candidate_2,candidate_3,candidate_1,3,0.02
4577,candidate_2,candidate_3,0,3,0.02
4578,candidate_2,candidate_3,candidate_1,3,0.02
4579,candidate_2,candidate_3,candidate_1,3,0.02
4580,candidate_2,candidate_3,candidate_1,3,0.02
4581,candidate_2,candidate_3,candidate_1,3,0.02
4582,candidate_2,candidate_3,candidate_1,3,0.02
4583,candidate_2,0,candidate_1,3,0.02
4584,candidate_2,candidate_3,candidate_1,3,0.02
4585,candidate_2,candidate_3,candidate_1,3,0.02
4586,candidate_2,candidate_3,candidate_1,3,0.02
4587,candidate_2,candidate_3,candidate_1,3,0.02
4588,candidate_2,candidate_3,candidate_1,3,0.02
4589,candidate_2,candidate_3,candidate_1,3,0.02
4590,candidate_2,candidate_3,candidate_1,3,0.02
4591,candidate_2,candidate_3,candidate_1,3,0.02
4592,candidate_2,candidate_3,candidate_1,3,0.02
4593,candidate_2,candidate_3,candidate_1,3,0.02
4594,candidate_2,candidate_3,candidate_1,3,0.02
4595,candidate_2,candidate_3,candidate_1,3,0.02
4596,candidate_2,candidate_3,candidate_1,3,0.02
4597,candidate_2,candidate_3,candidate_1,3,0.02
4598,candidate_2,candidate_3,candidate_1,3,0.02
4599,candidate_2,candidate_3,candidate_1,3,0.02
4600,candidate_2,candidate_3,candidate_1,3,0.02
4601,candidate_2,candidate_3,candidate_1,3,0.02
4602,candidate_2,candidate_3,candidate_1,3,0.02
4603,candidate_2,candidate_3,candidate_1,3,0.02
4604,candidate_2,candidate_3,candidate_1,3,0.02
4605,candidate_2,candidate_3,candidate_1,3,0.02
4606,candidate_2,candidate_3,candidate_1,3,0.02
4607,candidate_2,candidate_3,candidate_1,3,0.02
4608,candidate_2,candidate_3,candidate_1,3,0.02
4609,candidate_2,candidate_3,candidate_1,3,0.02
4610,candidate_2,candidate_3,candidate_1,3,0.02
4611,candidate_2,candidate_3,candidate_1,3,0.02
4612,candidate_2,candidate_3,candidate_1,3,0.02
4613,candidate_2,candidate_3,candidate_1,3,0.02
4614,candidate_2,candidate_3,candidate_1,3,0.02
4615,candidate_2,candidate_3,candidate_1,3,0.02
4616,candidate_2,candidate_3,candidate_1,3,0.02
4617,candidate_2,candidate_3,candidate_1,3,0.02
4618,candidate_2,candidate_3,candidate_1,3,0.02
4619,candidate_2,candidate_3,candidate_1,3,0.02
4620,candidate_2,candidate_3,candidate_1,3,0.02
4621,candidate_2,candidate_3,candidate_1,3,0.02
4622,candidate_2,candidate_3,candidate_1,3,0.02
4623,candidate_2,candidate_3,candidate_1,3,0.02
4624,candidate_2,candidate_3,candidate_1,3,0.02
4625,candidate_2,candidate_3,candidate_1,3,0.02
4626,candidate_2,candidate_3,0,3,0.02
4627,candidate_2,candidate_3,candidate_1,3,0.02
4628,candidate_2,0,candidate_1,3,0.02
4629,candidate_2,candidate_3,candidate_1,3,0.02
4630,candidate_2,candidate_3,candidate_1,3,0.02
4631,candidate_2,candidate_3,candidate_1,3,0.02
4632,candidate_2,candidate_3,candidate_1,3,0.02
4633,candidate_2,candidate_3,candidate_1,3,0.02
4634,candidate_2,candidate_3,candidate_1,3,0.02
4635,candidate_2,candidate_3,candidate_1,3,0.02
4636,candidate_2,candidate_3,candidate_1,3,0.02
4637,candidate_2,candidate_3,candidate_1,3,0.02
4638,candidate_2,candidate_3,candidate_1,3,0.02
4639,candidate_2,candidate_3,candidate_1,3,0.02
4640,candidate_2,0,candidate_1,3,0.02
4641,candidate_2,candidate_3,candidate_1,3,0.02
4642,candidate_2,candidate_3,candidate_1,3,0.02
4643,candidate_2,candidate_3,candidate_1,3,0.02
4644,candidate_2,candidate_3,candidate_1,3,0.02
4645,candidate_2,candidate_3,candidate_1,3,0.02
4646,candidate_2,candidate_3,candidate_1,3,0.02
4647,candidate_2,candidate_3,candidate_1,3,0.02
4648,candidate_2,candidate_3,candidate_1,3,0.02
4649,candidate_2,candidate_3,candidate_1,3,0.02
4650,candidate_2,candidate_3,candidate_1,3,0.02
4651,candidate_2,candidate_3,candidate_1,3,0.02
4652,candidate_2,candidate_3,candidate_1,3,0.02
4653,candidate_2,candidate_3,candidate_1,3,0.02
4654,candidate_2,candidate_3,candidate_1,3,0.02
4655,0,candidate_3,candidate_1,3,0.02
4656,candidate_2,candidate_3,candidate_1,3,0.02
4657,candidate_2,candidate_3,candidate_1,3,0.02
4658,candidate_2,candidate_3,candidate_1,3,0.02
4659,candidate_2,candidate_3,candidate_1,3,0.02
4660,candidate_2,candidate_3,candidate_1,3,0.02
4661,candidate_2,candidate_3,candidate_1,3,0.02
4662,candidate_2,candidate_3,0,3,0.02
4663,candidate_2,candidate_3,candidate_1,3,0.02
4664,candidate_2,candidate_3,candidate_1,3,0.02
4665,candidate_2,0,candidate_1,3,0.02
4666,candidate_2,candidate_3,candidate_1,3,0.02
4667,candidate_2,candidate_3,candidate_1,3,0.02
4668,candidate_2,candidate_3,0,3,0.02
4669,candidate_2,candidate_3,candidate_1,3,0.02
4670,candidate_2,candidate_3,candidate_1,3,0.02
4671,0,candidate_3,candidate_1,3,0.02
4672,candidate_2,candidate_3,0,3,0.02
4673,candidate_2,candidate_3,candidate_1,3,0.02
4674,candidate_2,candidate_3,candidate_1,3,0.02
4675,candidate_2,candidate_3,candidate_1,3,0.02
4676,candidate_2,candidate_3,candidate_1,3,0.02
4677,candidate_2,candidate_3,candidate_1,3,0.02
4678,candidate_2,candidate_3,candidate_1,3,0.02
4679,candidate_2,candidate_3,candidate_1,3,0.02
4680,candidate_2,candidate_3,candidate_1,3,0.02
4681,candidate_2,candidate_3,candidate_1,3,0.02
4682,candidate_2,candidate_3,candidate_1,3,0.02
4683,candidate_2,candidate_3,candidate_1,3,0.02
4684,candidate_2,candidate_3,candidate_1,3,0.02
4685,candidate_2,candidate_3,candidate_1,3,0.02
4686,candidate_2,candidate_3,0,3,0.02
4687,candidate_2,candidate_3,candidate_1,3,0.02
4688,candidate_2,candidate_3,candidate_1,3,0.02
4689,candidate_2,candidate_3,candidate_1,3,0.02
4690,candidate_2,candidate_3,candidate_1,3,0.02
4691,candidate_2,candidate_3,candidate_1,3,0.02
4692,candidate_2,candidate_3,candidate_1,3,0.02
4693,candidate_2,candidate_3,candidate_1,3,0.02
4694,candidate_2,candidate_3,candidate_1,3,0.02
4695,candidate_2,candidate_3,candidate_1,3,0.02
4696,candidate_2,candidate_3,candidate_1,3,0.02
4697,candidate_2,0,candidate_1,3,0.02
4698,candidate_2,candidate_3,candidate_1,3,0.02
4699,candidate_2,candidate_3,candidate_1,3,0.02
4700,candidate_2,candidate_3,candidate_1,3,0.02
4701,candidate_2,candidate_3,candidate_1,3,0.02
4702,candidate_2,candidate_3,candidate_1,3,0.02
4703,candidate_2,candidate_3,candidate_1,3,0.02
4704,candidate_2,candidate_3,candidate_1,3,0.02
4705,candidate_2,candidate_3,candidate_1,3,0.02
4706,candidate_2,candidate_3,candidate_1,3,0.02
4707,candidate_2,candidate_3,candidate_1,3,0.02
4708,candidate_2,candidate_3,candidate_1,3,0.02
4709,candidate_2,candidate_3,candidate_1,3,0.02
4710,candidate_2,candidate_3,candidate_1,3,0.02
4711,candidate_2,candidate_3,candidate_1,3,0.02
4712,candidate_2,candidate_3,candidate_1,3,0.02
4713,candidate_2,candidate_3,candidate_1,3,0.02
4714,candidate_2,candidate_3,candidate_1,3,0.02
4715,candidate_2,candidate_3,candidate_1,3,0.02
4716,candidate_2,candidate_3,candidate_1,3,0.02
4717,candidate_2,candidate_3,candidate_1,3,0.02
4718,0,candidate_3,candidate_1,3,0.02
4719,candidate_2,candidate_3,candidate_1,3,0.02
4720,candidate_2,candidate_3,candidate_1,3,0.02
4721,candidate_2,candidate_3,candidate_1,3,0.02
4722,candidate_2,candidate_3,candidate_1,3,0.02
4723,candidate_2,candidate_3,candidate_1,3,0.02
4724,candidate_2,candidate_3,candidate_1,3,0.02
4725,candidate_2,candidate_3,candidate_1,3,0.02
4726,candidate_2,candidate_3,candidate_1,3,0.02
4727,candidate_2,candidate_3,candidate_1,3,0.02
4728,candidate_2,candidate_3,candidate_1,3,0.02
4729,candidate_2,candidate_3,candidate_1,3,0.02
4730,candidate_2,candidate_3,candidate_1,3,0.02
4731,candidate_2,candidate_3,candidate_1,3,0.02
4732,candidate_2,candidate_3,candidate_1,3,0.02
4733,candidate_2,candidate_3,candidate_1,3,0.02
4734,candidate_2,candidate_3,candidate_1,3,0.02
4735,candidate_2,candidate_3,candidate_1,3,0.02
4736,candidate_2,candidate_3,candidate_1,3,0.02
4737,candidate_2,candidate_3,candidate_1,3,0.02
4738,candidate_2,candidate_3,candidate_1,3,0.02
4739,candidate_2,candidate_3,candidate_1,3,0.02
4740,candidate_2,0,candidate_1,3,0.02
4741,candidate_2,candidate_3,candidate_1,3,0.02
4742,0,candidate_3,candidate_1,3,0.02
4743,candidate_2,candidate_3,candidate_1,3,0.02
4744,candidate_2,candidate_3,0,3,0.02
4745,candidate_2,candidate_3,candidate_1,3,0.02
4746,candidate_2,candidate_3,candidate_1,3,0.02
4747,candidate_2,candidate_3,candidate_1,3,0.02
4748,candidate_2,candidate_3,candidate_1,3,0.02
4749,candidate_2,candidate_3,candidate_1,3,0.02
4750,candidate_2,candidate_3,candidate_1,3,0.02
4751,candidate_2,candidate_3,candidate_1,3,0.02
4752,candidate_2,candidate_3,candidate_1,3,0.02
4753,candidate_2,candidate_3,candidate_1,3,0.02
4754,candidate_2,candidate_3,candidate_1,3,0.02
4755,candidate_2,candidate_3,candidate_1,3,0.02
4756,candidate_2,candidate_3,candidate_1,3,0.02
4757,candidate_2,candidate_3,candidate_1,3,0.02
4758,candidate_2,candidate_3,candidate_1,3,0.02
4759,candidate_2,candidate_3,candidate_1,3,0.02
4760,candidate_2,candidate_3,candidate_1,3,0.02
4761,candidate_2,candidate_3,candidate_1,3,0.02
4762,candidate_2,candidate_3,candidate_1,3,0.02
4763,candidate_2,candidate_3,candidate_1,3,0.02
4764,candidate_2,candidate_3,candidate_1,3,0.02
4765,candidate_2,candidate_3,candidate_1,3,0.02
4766,candidate_2,candidate_3,candidate_1,3,0.02
4767,candidate_2,candidate_3,candidate_1,3,0.02
4768,candidate_2,candidate_3,candidate_1,3,0.02
4769,candidate_2,candidate_3,candidate_1,3,0.02
4770,candidate_2,candidate_3,candidate_1,3,0.02
4771,candidate_2,candidate_3,candidate_1,3,0.02
4772,candidate_2,candidate_3,candidate_1,3,0.02
4773,candidate_2,candidate_3,candidate_1,3,0.02
4774,candidate_2,candidate_3,0,3,0.02
4775,candidate_2,candidate_3,candidate_1,3,0.02
4776,candidate_2,candidate_3,candidate_1,3,0.02
4777,candidate_2,candidate_3,candidate_1,3,0.02
4778,candidate_2,candidate_3,candidate_1,3,0.02
4779,candidate_2,candidate_3,candidate_1,3,0.02
4780,candidate_2,candidate_3,candidate_1,3,0.02
4781,candidate_2,candidate_3,candidate_1,3,0.02
4782,candidate_2,candidate_3,candidate_1,3,0.02
4783,candidate_2,candidate_3,candidate_1,3,0.02
4784,candidate_2,candidate_3,candidate_1,3,0.02
4785,candidate_2,candidate_3,candidate_1,3,0.02
4786,candidate_2,candidate_3,candidate_1,3,0.02
4787,candidate_2,candidate_3,candidate_1,3,0.02
4788,candidate_2,candidate_3,candidate_1,3,0.02
4789,candidate_2,candidate_3,candidate_1,3,0.02
4790,0,candidate_3,candidate_1,3,0.02
4791,candidate_2,0,candidate_1,3,0.02
4792,candidate_2,candidate_3,candidate_1,3,0.02
4793,candidate_2,candidate_3,candidate_1,3,0.02
4794,candidate_2,candidate_3,candidate_1,3,0.02
4795,candidate_2,candidate_3,candidate_1,3,0.02
4796,candidate_2,candidate_3,candidate_1,3,0.02
4797,candidate_2,candidate_3,candidate_1,3,0.02
4798,candidate_2,candidate_3,candidate_1,3,0.02
4799,candidate_2,candidate_3,candidate_1,3,0.02
4800,candidate_2,candidate_3,candidate_1,3,0.02
4801,candidate_2,candidate_3,candidate_1,3,0.02
4802,candidate_2,candidate_3,candidate_1,3,0.02
4803,candidate_2,candidate_3,candidate_1,3,0.02
4804,candidate_2,candidate_3,candidate_1,3,0.02
4805,candidate_2,candidate_3,candidate_1,3,0.02
4806,candidate_2,candidate_3,candidate_1,3,0.02
4807,candidate_2,candidate_3,candidate_1,3,0.02
4808,candidate_2,candidate_3,candidate_1,3,0.02
4809,candidate_2,candidate_3,0,3,0.02
4810,candidate_2,candidate_3,candidate_1,3,0.02
4811,candidate_2,candidate_3,candidate_1,3,0.02
4812,candidate_2,candidate_3,candidate_1,3,0.02
4813,candidate_2,candidate_3,candidate_1,3,0.02
4814,candidate_2,candidate_3,candidate_1,3,0.02
4815,candidate_2,candidate_3,candidate_1,3,0.02
4816,candidate_2,candidate_3,candidate_1,3,0.02
4817,candidate_2,candidate_3,candidate_1,3,0.02
4818,candidate_2,candidate_3,candidate_1,3,0.02
4819,candidate_2,candidate_3,candidate_1,3,0.02
4820,candidate_2,candidate_3,candidate_1,3,0.02
4821,candidate_2,candidate_3,candidate_1,3,0.02
4822,candidate_2,candidate_3,candidate_1,3,0.02
4823,candidate_2,candidate_3,candidate_1,3,0.02
4824,candidate_2,candidate_3,candidate_1,3,0.02
4825,candidate_2,candidate_3,candidate_1,3,0.02
4826,candidate_2,candidate_3,candidate_1,3,0.02
4827,candidate_2,candidate_3,candidate_1,3,0.02
4828,candidate_2,candidate_3,candidate_1,3,0.02
4829,candidate_2,candidate_3,candidate_1,3,0.02
4830,candidate_2,candidate_3,candidate_1,3,0.02
4831,candidate_2,candidate_3,candidate_1,3,0.02
4832,candidate_2,candidate_3,candidate_1,3,0.02
4833,candidate_2,candidate_3,candidate_1,3,0.02
4834,candidate_2,candidate_3,candidate_1,3,0.02
4835,candidate_2,candidate_3,candidate_1,3,0.02
4836,candidate_2,candidate_3,candidate_1,3,0.02
4837,candidate_2,candidate_3,candidate_1,3,0.02
4838,candidate_2,candidate_3,candidate_1,3,0.02
4839,candidate_2,candidate_3,candidate_1,3,0.02
4840,candidate_2,candidate_3,candidate_1,3,0.02
4841,candidate_2,candidate_3,candidate_1,3,0.02
4842,candidate_2,candidate_3,candidate_1,3,0.02
4843,candidate_2,candidate_3,candidate_1,3,0.02
4844,candidate_2,candidate_3,candidate_1,3,0.02
4845,candidate_2,candidate_3,candidate_1,3,0.02
4846,candidate_2,candidate_3,0,3,0.02
4847,candidate_2,candidate_3,candidate_1,3,0.02
4848,candidate_2,candidate_3,candidate_1,3,0.02
4849,candidate_2,candidate_3,candidate_1,3,0.02
4850,candidate_2,candidate_3,candidate_1,3,0.02
4851,candidate_2,candidate_3,candidate_1,3,0.02
4852,candidate_2,candidate_3,candidate_1,3,0.02
4853,candidate_2,candidate_3,candidate_1,3,0.02
4854,candidate_2,candidate_3,candidate_1,3,0.02
4855,candidate_2,candidate_3,candidate_1,3,0.02
4856,candidate_2,candidate_3,candidate_1,3,0.02
4857,candidate_2,candidate_3,candidate_1,3,0.02
4858,candidate_2,candidate_3,candidate_1,3,0.02
4859,candidate_2,candidate_3,candidate_1,3,0.02
4860,candidate_2,candidate_3,candidate_1,3,0.02
4861,candidate_2,candidate_3,candidate_1,3,0.02
4862,candidate_2,candidate_3,candidate_1,3,0.02
4863,candidate_2,candidate_3,candidate_1,3,0.02
4864,candidate_2,candidate_3,candidate_1,3,0.02
4865,candidate_2,candidate_3,candidate_1,3,0.02
4866,candidate_2,candidate_3,candidate_1,3,0.02
4867,candidate_2,candidate_3,candidate_1,3,0.02
4868,candidate_2,candidate_3,candidate_1,3,0.02
4869,candidate_2,candidate_3,candidate_1,3,0.02
4870,0,candidate_3,candidate_1,3,0.02
4871,candidate_2,candidate_3,0,3,0.02
4872,candidate_2,candidate_3,candidate_1,3,0.02
4873,candidate_2,candidate_3,candidate_1,3,0.02
4874,candidate_2,candidate_3,candidate_1,3,0.02
4875,candidate_2,candidate_3,candidate_1,3,0.02
4876,candidate_2,candidate_3,candidate_1,3,0.02
4877,candidate_2,candidate_3,candidate_1,3,0.02
4878,candidate_2,candidate_3,candidate_1,3,0.02
4879,candidate_2,candidate_3,candidate_1,3,0.02
4880,candidate_2,candidate_3,candidate_1,3,0.02
4881,candidate_2,candidate_3,candidate_1,3,0.02
4882,candidate_2,candidate_3,candidate_1,3,0.02
4883,candidate_2,candidate_3,candidate_1,3,0.02
4884,candidate_2,candidate_3,candidate_1,3,0.02
4885,candidate_2,candidate_3,candidate_1,3,0.02
4886,candidate_2,candidate_3,candidate_1,3,0.02
4887,candidate_2,candidate_3,candidate_1,3,0.02
4888,candidate_2,0,candidate_1,3,0.02
4889,candidate_2,candidate_3,candidate_1,3,0.02
4890,candidate_2,candidate_3,candidate_1,3,0.02
4891,candidate_2,candidate_3,candidate_1,3,0.02
4892,candidate_2,candidate_3,candidate_1,3,0.02
4893,candidate_2,candidate_3,candidate_1,3,0.02
4894,candidate_2,candidate_3,candidate_1,3,0.02
4895,candidate_2,candidate_3,0,3,0.02
4896,candidate_2,candidate_3,candidate_1,3,0.02
4897,candidate_2,candidate_3,candidate_1,3,0.02
4898,candidate_2,candidate_3,candidate_1,3,0.02
4899,candidate_2,candidate_3,candidate_1,3,0.02
4900,candidate_2,candidate_3,candidate_1,3,0.02
4901,candidate_2,candidate_3,candidate_1,3,0.02
4902,candidate_2,candidate_3,candidate_1,3,0.02
4903,candidate_2,candidate_3,candidate_1,3,0.02
4904,candidate_2,candidate_3,candidate_1,3,0.02
4905,candidate_2,candidate_3,candidate_1,3,0.02
4906,candidate_2,candidate_3,candidate_1,3,0.02
4907,candidate_2,0,candidate_1,3,0.02
4908,candidate_2,candidate_3,candidate_1,3,0.02
4909,candidate_2,candidate_3,candidate_1,3,0.02
4910,candidate_2,candidate_3,candidate_1,3,0.02
4911,candidate_2,candidate_3,candidate_1,3,0.02
4912,candidate_2,candidate_3,candidate_1,3,0.02
4913,candidate_2,candidate_3,candidate_1,3,0.02
4914,candidate_2,candidate_3,candidate_1,3,0.02
4915,candidate_2,candidate_3,candidate_1,3,0.02
4916,candidate_2,candidate_3,candidate_1,3,0.02
4917,candidate_2,candidate_3,candidate_1,3,0.02
4918,candidate_2,candidate_3,candidate_1,3,0.02
4919,candidate_2,candidate_3,candidate_1,3,0.02
4920,candidate_2,candidate_3,candidate_1,3,0.02
4921,candidate_2,candidate_3,candidate_1,3,0.02
4922,candidate_2,candidate_3,candidate_1,3,0.02
4923,0,candidate_3,candidate_1,3,0.02
4924,candidate_2,candidate_3,candidate_1,3,0.02
4925,candidate_2,candidate_3,candidate_1,3,0.02
4926,candidate_2,candidate_3,candidate_1,3,0.02
4927,0,candidate_3,candidate_1,3,0.02
4928,candidate_2,candidate_3,candidate_1,3,0.02
4929,candidate_2,candidate_3,candidate_1,3,0.02
4930,candidate_2,candidate_3,candidate_1,3,0.02
4931,candidate_2,candidate_3,candidate_1,3,0.02
4932,candidate_2,candidate_3,candidate_1,3,0.02
4933,candidate_2,candidate_3,candidate_1,3,0.02
4934,candidate_2,candidate_3,candidate_1,3,0.02
4935,candidate_2,candidate_3,candidate_1,3,0.02
4936,candidate_2,candidate_3,candidate_1,3,0.02
4937,candidate_2,candidate_3,candidate_1,3,0.02
4938,candidate_2,candidate_3,candidate_1,3,0.02
4939,candidate_2,candidate_3,candidate_1,3,0.02
4940,candidate_2,candidate_3,candidate_1,3,0.02
4941,candidate_2,candidate_3,candidate_1,3,0.02
4942,candidate_2,candidate_3,candidate_1,3,0.02
4943,candidate_2,candidate_3,candidate_1,3,0.02
4944,candidate_2,candidate_3,candidate_1,3,0.02
4945,candidate_2,candidate_3,candidate_1,3,0.02
4946,candidate_2,candidate_3,candidate_1,3,0.02
4947,candidate_2,candidate_3,candidate_1,3,0.02
4948,candidate_2,candidate_3,candidate_1,3,0.02
4949,candidate_2,candidate_3,candidate_1,3,0.02
4950,candidate_2,candidate_3,candidate_1,3,0.02
4951,candidate_2,candidate_3,candidate_1,3,0.02
4952,candidate_2,candidate_3,candidate_1,3,0.02
4953,candidate_2,candidate_3,candidate_1,3,0.02
4954,candidate_2,candidate_3,candidate_1,3,0.02
4955,candidate_2,candidate_3,candidate_1,3,0.02
4956,candidate_2,candidate_3,candidate_1,3,0.02
4957,candidate_2,candidate_3,candidate_1,3,0.02
4958,candidate_2,candidate_3,candidate_1,3,0.02
4959,candidate_2,candidate_3,candidate_1,3,0.02
4960,candidate_2,candidate_3,candidate_1,3,0.02
4961,candidate_2,candidate_3,candidate_1,3,0.02
4962,candidate_2,candidate_3,candidate_1,3,0.02
4963,candidate_2,candidate_3,candidate_1,3,0.02
4964,candidate_2,candidate_3,candidate_1,3,0.02
4965,candidate_2,candidate_3,candidate_1,3,0.02
4966,candidate_2,candidate_3,candidate_1,3,0.02
4967,candidate_2,candidate_3,candidate_1,3,0.02
4968,candidate_2,candidate_3,candidate_1,3,0.02
4969,candidate_2,candidate_3,candidate_1,3,0.02
4970,candidate_2,candidate_3,candidate_1,3,0.02
4971,candidate_2,candidate_3,candidate_1,3,0.02
4972,candidate_2,candidate_3,candidate_1,3,0.02
4973,candidate_2,candidate_3,candidate_1,3,0.02
4974,candidate_2,candidate_3,candidate_1,3,0.02
4975,candidate_2,candidate_3,candidate_1,3,0.02
4976,candidate_2,candidate_3,candidate_1,3,0.02
4977,candidate_2,candidate_3,candidate_1,3,0.02
4978,candidate_2,candidate_3,candidate_1,3,0.02
4979,candidate_2,candidate_3,candidate_1,3,0.02
4980,candidate_2,candidate_3,candidate_1,3,0.02
4981,candidate_2,candidate_3,candidate_1,3,0.02
4982,candidate_2,candidate_3,candidate_1,3,0.02
4983,candidate_2,candidate_3,candidate_1,3,0.02
4984,candidate_2,candidate_3,candidate_1,3,0.02
4985,candidate_2,candidate_3,candidate_1,3,0.02
4986,candidate_2,candidate_3,candidate_1,3,0.02
4987,candidate_2,candidate_3,candidate_1,3,0.02
4988,candidate_2,candidate_3,candidate_1,3,0.02
4989,candidate_2,candidate_3,candidate_1,3,0.02
4990,candidate_2,candidate_3,candidate_1,3,0.02
4991,candidate_2,candidate_3,candidate_1,3,0.02
4992,candidate_2,candidate_3,candidate_1,3,0.02
4993,candidate_2,candidate_3,candidate_1,3,0.02
4994,candidate_2,candidate_3,0,3,0.02
4995,candidate_2,candidate_3,candidate_1,3,0.02
4996,candidate_2,candidate_3,candidate_1,3,0.02
4997,candidate_2,candidate_3,candidate_1,3,0.02
4998,candidate_2,candidate_3,candidate_1,3,0.02
4999,candidate_2,candidate_3,candidate_1,3,0.02
5000,candidate_2,candidate_3,candidate_1,3,0.02
5001,candidate_2,candidate_3,candidate_1,3,0.02
5002,candidate_2,candidate_3,candidate_1,3,0.02
5003,candidate_2,candidate_3,candidate_1,3,0.02
5004,candidate_2,candidate_3,0,3,0.02
5005,candidate_2,candidate_3,candidate_1,3,0.02
5006,candidate_2,candidate_3,candidate_1,3,0.02
5007,candidate_2,candidate_3,candidate_1,3,0.02
5008,candidate_2,candidate_3,candidate_1,3,0.02
5009,candidate_2,candidate_3,candidate_1,3,0.02
5010,candidate_2,candidate_3,candidate_1,3,0.02
5011,candidate_2,candidate_3,candidate_1,3,0.02
5012,candidate_2,candidate_3,candidate_1,3,0.02
5013,candidate_2,candidate_3,candidate_1,3,0.02
5014,candidate_2,candidate_3,candidate_1,3,0.02
5015,candidate_2,candidate_3,candidate_1,3,0.02
5016,candidate_2,candidate_3,candidate_1,3,0.02
5017,candidate_2,candidate_3,candidate_1,3,0.02
5018,candidate_2,candidate_3,candidate_1,3,0.02
5019,candidate_2,candidate_3,candidate_1,3,0.02
5020,candidate_2,candidate_3,candidate_1,3,0.02
5021,candidate_2,candidate_3,candidate_1,3,0.02
5022,candidate_2,candidate_3,candidate_1,3,0.02
5023,candidate_2,candidate_3,0,3,0.02
5024,candidate_2,candidate_3,candidate_1,3,0.02
5025,candidate_2,candidate_3,candidate_1,3,0.02
5026,candidate_2,candidate_3,candidate_1,3,0.02
5027,candidate_2,candidate_3,candidate_1,3,0.02
5028,candidate_2,candidate_3,candidate_1,3,0.02
5029,candidate_2,candidate_3,candidate_1,3,0.02
5030,candidate_2,candidate_3,candidate_1,3,0.02
5031,candidate_2,candidate_3,candidate_1,3,0.02
5032,candidate_2,candidate_3,candidate_1,3,0.02
5033,candidate_2,candidate_3,candidate_1,3,0.02
5034,0,candidate_3,candidate_1,3,0.02
5035,candidate_2,candidate_3,candidate_1,3,0.02
5036,candidate_2,candidate_3,candidate_1,3,0.02
5037,candidate_2,candidate_3,candidate_1,3,0.02
5038,candidate_2,candidate_3,candidate_1,3,0.02
5039,candidate_2,candidate_3,candidate_1,3,0.02
5040,candidate_2,candidate_3,candidate_1,3,0.02
5041,candidate_2,candidate_3,candidate_1,3,0.02
5042,candidate_2,candidate_3,candidate_1,3,0.02
5043,candidate_2,0,candidate_1,3,0.02
5044,candidate_2,candidate_3,candidate_1,3,0.02
5045,candidate_2,candidate_3,candidate_1,3,0.02
5046,candidate_2,candidate_3,candidate_1,3,0.02
5047,candidate_2,candidate_3,candidate_1,3,0.02
5048,candidate_2,candidate_3,candidate_1,3,0.02
5049,candidate_2,candidate_3,candidate_1,3,0.02
5050,candidate_2,candidate_3,candidate_1,3,0.02
5051,candidate_2,candidate_3,candidate_1,3,0.02
5052,candidate_2,candidate_3,candidate_1,3,0.02
5053,candidate_2,candidate_3,candidate_1,3,0.02
5054,candidate_2,candidate_3,candidate_1,3,0.02
5055,candidate_2,candidate_3,candidate_1,3,0.02
5056,candidate_2,candidate_3,candidate_1,3,0.02
5057,candidate_2,candidate_3,candidate_1,3,0.02
5058,candidate_2,candidate_3,candidate_1,3,0.02
5059,candidate_2,0,candidate_1,3,0.02
5060,candidate_2,candidate_3,candidate_1,3,0.02
5061,candidate_2,candidate_3,candidate_1,3,0.02
5062,candidate_2,candidate_3,candidate_1,3,0.02
5063,candidate_2,candidate_3,candidate_1,3,0.02
5064,candidate_2,candidate_3,candidate_1,3,0.02
5065,candidate_2,candidate_3,candidate_1,3,0.02
5066,candidate_2,candidate_3,candidate_1,3,0.02
5067,candidate_2,candidate_3,candidate_1,3,0.02
5068,candidate_2,candidate_3,candidate_1,3,0.02
5069,candidate_2,candidate_3,candidate_1,3,0.02
5070,candidate_2,candidate_3,candidate_1,3,0.02
5071,candidate_2,candidate_3,candidate_1,3,0.02
5072,candidate_2,candidate_3,candidate_1,3,0.02
5073,candidate_2,candidate_3,candidate_1,3,0.02
5074,candidate_2,candidate_3,candidate_1,3,0.02
5075,candidate_2,candidate_3,candidate_1,3,0.02
5076,candidate_2,candidate_3,candidate_1,3,0.02
5077,candidate_2,candidate_3,candidate_1,3,0.02
5078,candidate_2,candidate_3,candidate_1,3,0.02
5079,candidate_2,candidate_3,candidate_1,3,0.02
5080,candidate_2,candidate_3,candidate_1,3,0.02
5081,candidate_2,candidate_3,candidate_1,3,0.02
5082,candidate_2,candidate_3,candidate_1,3,0.02
5083,candidate_2,candidate_3,candidate_1,3,0.02
5084,candidate_2,candidate_3,candidate_1,3,0.02
5085,candidate_2,candidate_3,candidate_1,3,0.02
5086,0,candidate_3,candidate_1,3,0.02
5087,candidate_2,candidate_3,candidate_1,3,0.02
5088,candidate_2,candidate_3,candidate_1,3,0.02
5089,candidate_2,candidate_3,candidate_1,3,0.02
5090,candidate_2,candidate_3,candidate_1,3,0.02
5091,candidate_2,candidate_3,0,3,0.02
5092,candidate_2,candidate_3,candidate_1,3,0.02
5093,candidate_2,candidate_3,candidate_1,3,0.02
5094,candidate_2,candidate_3,candidate_1,3,0.02
5095,candidate_2,candidate_3,candidate_1,3,0.02
5096,candidate_2,candidate_3,candidate_1,3,0.02
5097,candidate_2,candidate_3,candidate_1,3,0.02
5098,candidate_2,candidate_3,candidate_1,3,0.02
5099,candidate_2,candidate_3,candidate_1,3,0.02
5100,candidate_2,candidate_3,candidate_1,3,0.02
5101,candidate_2,candidate_3,candidate_1,3,0.02
5102,candidate_2,candidate_3,candidate_1,3,0.02
5103,candidate_2,0,candidate_1,3,0.02
5104,candidate_2,candidate_3,candidate_1,3,0.02
5105,candidate_2,candidate_3,candidate_1,3,0.02
5106,candidate_2,candidate_3,candidate_1,3,0.02
5107,candidate_2,candidate_3,candidate_1,3,0.02
5108,candidate_2,candidate_3,candidate_1,3,0.02
5109,candidate_2,candidate_3,candidate_1,3,0.02
5110,candidate_2,candidate_3,candidate_1,3,0.02
5111,candidate_2,candidate_3,candidate_1,3,0.02
5112,candidate_2,candidate_3,candidate_1,3,0.02
5113,candidate_2,candidate_3,candidate_1,3,0.02
5114,candidate_2,candidate_3,candidate_1,3,0.02
5115,candidate_2,candidate_3,candidate_1,3,0.02
5116,candidate_2,candidate_3,candidate_1,3,0.02
5117,candidate_2,candidate_3,candidate_1,3,0.02
5118,candidate_2,candidate_3,candidate_1,3,0.02
5119,candidate_2,candidate_3,candidate_1,3,0.02
5120,candidate_2,candidate_3,candidate_1,3,0.02
5121,candidate_2,candidate_3,candidate_1,3,0.02
5122,candidate_2,candidate_3,candidate_1,3,0.02
5123,candidate_2,candidate_3,candidate_1,3,0.02
5124,candidate_2,candidate_3,candidate_1,3,0.02
5125,candidate_2,candidate_3,candidate_1,3,0.02
5126,candidate_2,candidate_3,candidate_1,3,0.02
5127,candidate_2,candidate_3,candidate_1,3,0.02
5128,candidate_2,candidate_3,candidate_1,3,0.02
5129,candidate_2,candidate_3,candidate_1,3,0.02
5130,candidate_2,candidate_3,candidate_1,3,0.02
5131,candidate_2,candidate_3,candidate_1,3,0.02
5132,candidate_2,candidate_3,candidate_1,3,0.02
5133,candidate_2,candidate_3,candidate_1,3,0.02
5134,candidate_2,candidate_3,candidate_1,3,0.02
5135,candidate_2,candidate_3,candidate_1,3,0.02
5136,candidate_2,candidate_3,0,3,0.02
5137,candidate_2,candidate_3,candidate_1,3,0.02
5138,candidate_2,candidate_3,candidate_1,3,0.02
5139,candidate_2,candidate_3,candidate_1,3,0.02
5140,candidate_2,candidate_3,candidate_1,3,0.02
5141,candidate_2,candidate_3,candidate_1,3,0.02
5142,candidate_2,candidate_3,candidate_1,3,0.02
5143,candidate_2,candidate_3,candidate_1,3,0.02
5144,candidate_2,candidate_3,candidate_1,3,0.02
5145,candidate_2,candidate_3,candidate_1,3,0.02
5146,candidate_2,candidate_3,candidate_1,3,0.02
5147,candidate_2,candidate_3,candidate_1,3,0.02
5148,candidate_2,candidate_3,candidate_1,3,0.02
5149,candidate_2,candidate_3,candidate_1,3,0.02
5150,candidate_2,candidate_3,candidate_1,3,0.02
5151,candidate_2,candidate_3,candidate_1,3,0.02
5152,candidate_2,candidate_3,candidate_1,3,0.02
5153,candidate_2,candidate_3,candidate_1,3,0.02
5154,candidate_2,candidate_3,candidate_1,3,0.02
5155,candidate_2,candidate_3,candidate_1,3,0.02
5156,candidate_2,candidate_3,candidate_1,3,0.02
5157,candidate_2,candidate_3,0,3,0.02
5158,candidate_2,candidate_3,candidate_1,3,0.02
5159,candidate_2,candidate_3,candidate_1,3,0.02
5160,candidate_2,candidate_3,candidate_1,3,0.02
5161,candidate_2,candidate_3,candidate_1,3,0.02
5162,candidate_2,candidate_3,candidate_1,3,0.02
5163,candidate_2,candidate_3,candidate_1,3,0.02
5164,candidate_2,candidate_3,candidate_1,3,0.02
5165,candidate_2,candidate_3,candidate_1,3,0.02
5166,candidate_2,candidate_3,candidate_1,3,0.02
5167,candidate_2,candidate_3,candidate_1,3,0.02
5168,candidate_2,candidate_3,candidate_1,3,0.02
5169,candidate_2,candidate_3,candidate_1,3,0.02
5170,candidate_2,candidate_3,candidate_1,3,0.02
5171,candidate_2,candidate_3,candidate_1,3,0.02
5172,candidate_2,candidate_3,candidate_1,3,0.02
5173,candidate_2,candidate_3,candidate_1,3,0.02
5174,candidate_2,candidate_3,candidate_1,3,0.02
5175,candidate_2,candidate_3,candidate_1,3,0.02
5176,candidate_2,candidate_3,candidate_1,3,0.02
5177,candidate_2,candidate_3,candidate_1,3,0.02
5178,candidate_2,candidate_3,candidate_1,3,0.02
5179,candidate_2,candidate_3,candidate_1,3,0.02
5180,candidate_2,candidate_3,candidate_1,3,0.02
5181,candidate_2,candidate_3,candidate_1,3,0.02
5182,candidate_2,candidate_3,candidate_1,3,0.02
5183,candidate_2,candidate_3,candidate_1,3,0.02
5184,candidate_2,candidate_3,candidate_1,3,0.02
5185,candidate_2,candidate_3,candidate_1,3,0.02
5186,candidate_2,candidate_3,candidate_1,3,0.02
5187,candidate_2,candidate_3,candidate_1,3,0.02
5188,candidate_2,candidate_3,candidate_1,3,0.02
5189,candidate_2,candidate_3,candidate_1,3,0.02
5190,candidate_2,candidate_3,candidate_1,3,0.02
5191,candidate_2,0,candidate_1,3,0.02
5192,candidate_2,candidate_3,candidate_1,3,0.02
5193,candidate_2,candidate_3,candidate_1,3,0.02
5194,candidate_2,candidate_3,candidate_1,3,0.02
5195,candidate_2,candidate_3,candidate_1,3,0.02
5196,candidate_2,candidate_3,candidate_1,3,0.02
5197,candidate_2,candidate_3,candidate_1,3,0.02
5198,candidate_2,candidate_3,candidate_1,3,0.02
5199,candidate_2,candidate_3,candidate_1,3,0.02
5200,candidate_2,candidate_3,candidate_1,3,0.02
5201,candidate_2,candidate_3,candidate_1,3,0.02
5202,candidate_2,candidate_3,candidate_1,3,0.02
5203,candidate_2,candidate_3,candidate_1,3,0.02
5204,candidate_2,candidate_3,candidate_1,3,0.02
5205,candidate_2,candidate_3,candidate_1,3,0.02
5206,candidate_2,candidate_3,candidate_1,3,0.02
5207,candidate_2,candidate_3,candidate_1,3,0.02
5208,candidate_2,candidate_3,candidate_1,3,0.02
5209,candidate_2,candidate_3,candidate_1,3,0.02
5210,candidate_2,candidate_3,candidate_1,3,0.02
5211,candidate_2,candidate_3,candidate_1,3,0.02
5212,candidate_2,candidate_3,candidate_1,3,0.02
5213,candidate_2,candidate_3,candidate_1,3,0.02
5214,candidate_2,candidate_3,candidate_1,3,0.02
5215,candidate_2,candidate_3,candidate_1,3,0.02
5216,candidate_2,candidate_3,candidate_1,3,0.02
5217,candidate_2,candidate_3,candidate_1,3,0.02
5218,candidate_2,candidate_3,candidate_1,3,0.02
5219,candidate_2,candidate_3,candidate_1,3,0.02
5220,candidate_2,candidate_3,candidate_1,3,0.02
5221,candidate_2,candidate_3,candidate_1,3,0.02
5222,candidate_2,candidate_3,candidate_1,3,0.02
5223,candidate_2,candidate_3,candidate_1,3,0.02
5224,candidate_2,candidate_3,candidate_1,3,0.02
5225,candidate_2,candidate_3,candidate_1,3,0.02
5226,candidate_2,candidate_3,candidate_1,3,0.02
5227,candidate_2,candidate_3,candidate_1,3,0.02
5228,candidate_2,candidate_3,candidate_1,3,0.02
5229,candidate_2,candidate_3,candidate_1,3,0.02
5230,candidate_2,candidate_3,candidate_1,3,0.02
5231,candidate_2,candidate_3,candidate_1,3,0.02
5232,candidate_2,candidate_3,candidate_1,3,0.02
5233,candidate_2,candidate_3,candidate_1,3,0.02
5234,candidate_2,candidate_3,candidate_1,3,0.02
5235,candidate_2,candidate_3,candidate_1,3,0.02
5236,candidate_2,candidate_3,candidate_1,3,0.02
5237,candidate_2,candidate_3,candidate_1,3,0.02
5238,candidate_2,candidate_3,candidate_1,3,0.02
5239,candidate_2,candidate_3,candidate_1,3,0.02
5240,candidate_2,candidate_3,candidate_1,3,0.02
5241,candidate_2,candidate_3,candidate_1,3,0.02
5242,candidate_2,candidate_3,candidate_1,3,0.02
5243,candidate_2,candidate_3,candidate_1,3,0.02
5244,candidate_2,candidate_3,candidate_1,3,0.02
5245,candidate_2,candidate_3,candidate_1,3,0.02
5246,candidate_2,candidate_3,candidate_1,3,0.02
5247,candidate_2,candidate_3,candidate_1,3,0.02
5248,candidate_2,candidate_3,candidate_1,3,0.02
5249,candidate_2,candidate_3,candidate_1,3,0.02
5250,candidate_2,candidate_3,candidate_1,3,0.02
5251,candidate_2,candidate_3,candidate_1,3,0.02
5252,candidate_2,candidate_3,candidate_1,3,0.02
5253,candidate_2,candidate_3,candidate_1,3,0.02
5254,candidate_2,candidate_3,candidate_1,3,0.02
5255,candidate_2,candidate_3,candidate_1,3,0.02
5256,candidate_2,candidate_3,candidate_1,3,0.02
5257,candidate_2,candidate_3,candidate_1,3,0.02
5258,candidate_2,candidate_3,candidate_1,3,0.02
5259,candidate_2,candidate_3,candidate_1,3,0.02
5260,candidate_2,0,candidate_1,3,0.02
5261,candidate_2,candidate_3,candidate_1,3,0.02
5262,candidate_2,candidate_3,candidate_1,3,0.02
5263,candidate_2,candidate_3,candidate_1,3,0.02
5264,candidate_2,candidate_3,candidate_1,3,0.02
5265,candidate_2,candidate_3,candidate_1,3,0.02
5266,candidate_2,candidate_3,candidate_1,3,0.02
5267,candidate_2,candidate_3,candidate_1,3,0.02
5268,candidate_2,candidate_3,candidate_1,3,0.02
5269,candidate_2,candidate_3,candidate_1,3,0.02
5270,candidate_2,candidate_3,candidate_1,3,0.02
5271,candidate_2,candidate_3,candidate_1,3,0.02
5272,candidate_2,candidate_3,candidate_1,3,0.02
5273,candidate_2,candidate_3,candidate_1,3,0.02
5274,candidate_2,candidate_3,0,3,0.02
5275,candidate_2,candidate_3,candidate_1,3,0.02
5276,candidate_2,candidate_3,candidate_1,3,0.02
5277,candidate_2,candidate_3,candidate_1,3,0.02
5278,candidate_2,candidate_3,candidate_1,3,0.02
5279,candidate_2,candidate_3,candidate_1,3,0.02
5280,candidate_2,candidate_3,candidate_1,3,0.02
5281,candidate_2,0,candidate_1,3,0.02
5282,candidate_2,candidate_3,candidate_1,3,0.02
5283,candidate_2,candidate_3,candidate_1,3,0.02
5284,candidate_2,candidate_3,candidate_1,3,0.02
5285,candidate_2,0,candidate_1,3,0.02
5286,candidate_2,candidate_3,candidate_1,3,0.02
5287,candidate_2,candidate_3,candidate_1,3,0.02
5288,candidate_2,candidate_3,candidate_1,3,0.02
5289,candidate_2,candidate_3,candidate_1,3,0.02
5290,candidate_2,candidate_3,candidate_1,3,0.02
5291,candidate_2,0,candidate_1,3,0.02
5292,candidate_2,candidate_3,candidate_1,3,0.02
5293,candidate_2,candidate_3,candidate_1,3,0.02
5294,candidate_2,candidate_3,candidate_1,3,0.02
5295,candidate_2,candidate_3,candidate_1,3,0.02
5296,candidate_2,candidate_3,candidate_1,3,0.02
5297,candidate_2,candidate_3,candidate_1,3,0.02
5298,candidate_2,candidate_3,candidate_1,3,0.02
5299,candidate_2,candidate_3,0,3,0.02
5300,candidate_2,candidate_3,candidate_1,3,0.02
5301,candidate_2,candidate_3,candidate_1,3,0.02
5302,candidate_2,candidate_3,candidate_1,3,0.02
5303,candidate_2,candidate_3,candidate_1,3,0.02
5304,candidate_2,candidate_3,candidate_1,3,0.02
5305,candidate_2,candidate_3,candidate_1,3,0.02
5306,candidate_2,candidate_3,candidate_1,3,0.02
5307,candidate_2,candidate_3,candidate_1,3,0.02
5308,candidate_2,candidate_3,candidate_1,3,0.02
5309,candidate_2,candidate_3,candidate_1,3,0.02
5310,candidate_2,candidate_3,candidate_1,3,0.02
5311,candidate_2,candidate_3,candidate_1,3,0.02
5312,candidate_2,candidate_3,candidate_1,3,0.02
5313,candidate_2,candidate_3,candidate_1,3,0.02
5314,candidate_2,candidate_3,candidate_1,3,0.02
5315,candidate_2,candidate_3,candidate_1,3,0.02
5316,candidate_2,candidate_3,candidate_1,3,0.02
5317,candidate_2,candidate_3,candidate_1,3,0.02
5318,candidate_2,candidate_3,candidate_1,3,0.02
5319,candidate_2,candidate_3,candidate_1,3,0.02
5320,candidate_2,candidate_3,candidate_1,3,0.02
5321,candidate_2,candidate_3,candidate_1,3,0.02
5322,candidate_2,candidate_3,candidate_1,3,0.02
5323,candidate_2,candidate_3,candidate_1,3,0.02
5324,candidate_2,candidate_3,candidate_1,3,0.02
5325,candidate_2,candidate_3,candidate_1,3,0.02
5326,candidate_2,candidate_3,candidate_1,3,0.02
5327,candidate_2,candidate_3,candidate_1,3,0.02
5328,candidate_2,candidate_3,candidate_1,3,0.02
5329,candidate_2,candidate_3,candidate_1,3,0.02
5330,candidate_2,candidate_3,candidate_1,3,0.02
5331,candidate_2,candidate_3,candidate_1,3,0.02
5332,candidate_2,candidate_3,candidate_1,3,0.02
5333,candidate_2,candidate_3,candidate_1,3,0.02
5334,candidate_2,candidate_3,candidate_1,3,0.02
5335,candidate_2,candidate_3,candidate_1,3,0.02
5336,candidate_2,candidate_3,candidate_1,3,0.02
5337,candidate_2,candidate_3,candidate_1,3,0.02
5338,candidate_2,candidate_3,candidate_1,3,0.02
5339,candidate_2,0,candidate_1,3,0.02
5340,candidate_2,candidate_3,candidate_1,3,0.02
5341,candidate_2,candidate_3,candidate_1,3,0.02
5342,candidate_2,candidate_3,candidate_1,3,0.02
5343,candidate_2,candidate_3,candidate_1,3,0.02
5344,candidate_2,candidate_3,candidate_1,3,0.02
5345,candidate_2,candidate_3,candidate_1,3,0.02
5346,candidate_2,candidate_3,candidate_1,3,0.02
5347,candidate_2,candidate_3,candidate_1,3,0.02
5348,candidate_2,candidate_3,candidate_1,3,0.02
5349,candidate_2,candidate_3,0,3,0.02
5350,candidate_2,candidate_3,candidate_1,3,0.02
5351,candidate_2,candidate_3,candidate_1,3,0.02
5352,candidate_2,candidate_3,candidate_1,3,0.02
5353,candidate_2,candidate_3,candidate_1,3,0.02
5354,candidate_2,candidate_3,candidate_1,3,0.02
5355,candidate_2,candidate_3,candidate_1,3,0.02
5356,candidate_2,candidate_3,candidate_1,3,0.02
5357,candidate_2,candidate_3,candidate_1,3,0.02
5358,candidate_2,candidate_3,candidate_1,3,0.02
5359,candidate_2,candidate_3,candidate_1,3,0.02
5360,candidate_2,candidate_3,candidate_1,3,0.02
5361,candidate_2,candidate_3,candidate_1,3,0.02
5362,candidate_2,candidate_3,candidate_1,3,0.02
5363,candidate_2,0,candidate_1,3,0.02
5364,candidate_2,candidate_3,candidate_1,3,0.02
5365,candidate_2,candidate_3,candidate_1,3,0.02
5366,candidate_2,candidate_3,candidate_1,3,0.02
5367,candidate_2,candidate_3,candidate_1,3,0.02
5368,candidate_2,candidate_3,candidate_1,3,0.02
5369,candidate_2,candidate_3,candidate_1,3,0.02
5370,candidate_2,candidate_3,candidate_1,3,0.02
5371,candidate_2,candidate_3,candidate_1,3,0.02
5372,candidate_2,candidate_3,candidate_1,3,0.02
5373,candidate_2,candidate_3,candidate_1,3,0.02
5374,candidate_2,candidate_3,candidate_1,3,0.02
5375,candidate_2,candidate_3,candidate_1,3,0.02
5376,candidate_2,candidate_3,candidate_1,3,0.02
5377,candidate_2,candidate_3,candidate_1,3,0.02
5378,candidate_2,candidate_3,candidate_1,3,0.02
5379,candidate_2,candidate_3,candidate_1,3,0.02
5380,candidate_2,candidate_3,candidate_1,3,0.02
5381,candidate_2,candidate_3,candidate_1,3,0.02
5382,candidate_2,candidate_3,candidate_1,3,0.02
5383,candidate_2,candidate_3,candidate_1,3,0.02
5384,candidate_2,candidate_3,candidate_1,3,0.02
5385,candidate_2,candidate_3,candidate_1,3,0.02
5386,candidate_2,candidate_3,candidate_1,3,0.02
5387,candidate_2,candidate_3,candidate_1,3,0.02
5388,candidate_2,candidate_3,candidate_1,3,0.02
5389,candidate_2,candidate_3,candidate_1,3,0.02
5390,candidate_2,candidate_3,candidate_1,3,0.02
5391,candidate_2,candidate_3,candidate_1,3,0.02
5392,candidate_2,candidate_3,candidate_1,3,0.02
5393,candidate_2,candidate_3,candidate_1,3,0.02
5394,0,candidate_3,candidate_1,3,0.02
5395,candidate_2,candidate_3,candidate_1,3,0.02
5396,candidate_2,candidate_3,candidate_1,3,0.02
5397,candidate_2,candidate_3,candidate_1,3,0.02
5398,candidate_2,candidate_3,candidate_1,3,0.02
5399,candidate_2,candidate_3,candidate_1,3,0.02
5400,candidate_2,candidate_3,candidate_1,3,0.02
5401,candidate_2,candidate_3,0,3,0.02
5402,candidate_2,candidate_3,candidate_1,3,0.02
5403,candidate_2,candidate_3,candidate_1,3,0.02
5404,candidate_2,candidate_3,candidate_1,3,0.02
5405,candidate_2,candidate_3,candidate_1,3,0.02
5406,candidate_2,candidate_3,candidate_1,3,0.02
5407,candidate_2,candidate_3,candidate_1,3,0.02
5408,candidate_2,candidate_3,candidate_1,3,0.02
5409,candidate_2,candidate_3,candidate_1,3,0.02
5410,candidate_2,candidate_3,candidate_1,3,0.02
5411,candidate_2,candidate_3,candidate_1,3,0.02
5412,candidate_2,candidate_3,candidate_1,3,0.02
5413,candidate_2,candidate_3,candidate_1,3,0.02
5414,candidate_2,candidate_3,candidate_1,3,0.02
5415,0,candidate_3,candidate_1,3,0.02
5416,candidate_2,candidate_3,candidate_1,3,0.02
5417,candidate_2,candidate_3,candidate_1,3,0.02
5418,candidate_2,candidate_3,candidate_1,3,0.02
5419,candidate_2,candidate_3,candidate_1,3,0.02
5420,candidate_2,candidate_3,candidate_1,3,0.02
5421,candidate_2,candidate_3,candidate_1,3,0.02
5422,candidate_2,candidate_3,candidate_1,3,0.02
5423,candidate_2,candidate_3,candidate_1,3,0.02
5424,candidate_2,candidate_3,candidate_1,3,0.02
5425,candidate_2,candidate_3,candidate_1,3,0.02
5426,candidate_2,candidate_3,candidate_1,3,0.02
5427,candidate_2,candidate_3,candidate_1,3,0.02
5428,candidate_2,candidate_3,candidate_1,3,0.02
5429,candidate_2,candidate_3,candidate_1,3,0.02
5430,candidate_2,candidate_3,candidate_1,3,0.02
5431,candidate_2,candidate_3,candidate_1,3,0.02
5432,candidate_2,candidate_3,candidate_1,3,0.02
5433,candidate_2,candidate_3,candidate_1,3,0.02
5434,candidate_2,candidate_3,candidate_1,3,0.02
5435,candidate_2,candidate_3,candidate_1,3,0.02
5436,candidate_2,candidate_3,candidate_1,3,0.02
5437,candidate_2,candidate_3,candidate_1,3,0.02
5438,candidate_2,candidate_3,candidate_1,3,0.02
5439,candidate_2,candidate_3,candidate_1,3,0.02
5440,candidate_2,candidate_3,candidate_1,3,0.02
5441,candidate_2,candidate_3,candidate_1,3,0.02
5442,candidate_2,candidate_3,candidate_1,3,0.02
5443,candidate_2,candidate_3,candidate_1,3,0.02
5444,candidate_2,candidate_3,candidate_1,3,0.02
5445,candidate_2,candidate_3,0,3,0.02
5446,candidate_2,candidate_3,candidate_1,3,0.02
5447,candidate_2,candidate_3,candidate_1,3,0.02
5448,candidate_2,candidate_3,candidate_1,3,0.02
5449,candidate_2,candidate_3,candidate_1,3,0.02
5450,candidate_2,candidate_3,candidate_1,3,0.02
5451,candidate_2,candidate_3,candidate_1,3,0.02
5452,candidate_2,candidate_3,candidate_1,3,0.02
5453,candidate_2,candidate_3,candidate_1,3,0.02
5454,candidate_2,candidate_3,candidate_1,3,0.02
5455,candidate_2,candidate_3,candidate_1,3,0.02
5456,candidate_2,candidate_3,candidate_1,3,0.02
5457,candidate_2,candidate_3,candidate_1,3,0.02
5458,candidate_2,candidate_3,candidate_1,3,0.02
5459,candidate_2,candidate_3,candidate_1,3,0.02
5460,candidate_2,candidate_3,candidate_1,3,0.02
5461,candidate_2,candidate_3,candidate_1,3,0.02
5462,0,candidate_3,candidate_1,3,0.02
5463,candidate_2,candidate_3,candidate_1,3,0.02
5464,candidate_2,candidate_3,candidate_1,3,0.02
5465,candidate_2,candidate_3,candidate_1,3,0.02
5466,candidate_2,candidate_3,candidate_1,3,0.02
5467,candidate_2,candidate_3,candidate_1,3,0.02
5468,candidate_2,candidate_3,candidate_1,3,0.02
5469,candidate_2,candidate_3,candidate_1,3,0.02
5470,candidate_2,candidate_3,candidate_1,3,0.02
5471,candidate_2,candidate_3,candidate_1,3,0.02
5472,candidate_2,candidate_3,candidate_1,3,0.02
5473,candidate_2,candidate_3,candidate_1,3,0.02
5474,candidate_2,candidate_3,candidate_1,3,0.02
5475,candidate_2,candidate_3,candidate_1,3,0.02
5476,candidate_2,candidate_3,candidate_1,3,0.02
5477,candidate_2,candidate_3,candidate_1,3,0.02
5478,candidate_2,candidate_3,candidate_1,3,0.02
5479,candidate_2,candidate_3,candidate_1,3,0.02
5480,candidate_2,candidate_3,candidate_1,3,0.02
5481,candidate_2,candidate_3,candidate_1,3,0.02
5482,candidate_2,candidate_3,candidate_1,3,0.02
5483,candidate_2,candidate_3,candidate_1,3,0.02
5484,candidate_2,candidate_3,candidate_1,3,0.02
5485,candidate_2,candidate_3,candidate_1,3,0.02
5486,candidate_2,candidate_3,candidate_1,3,0.02
5487,candidate_2,candidate_3,candidate_1,3,0.02
5488,candidate_2,candidate_3,candidate_1,3,0.02
5489,0,candidate_3,candidate_1,3,0.02
5490,candidate_2,candidate_3,candidate_1,3,0.02
5491,candidate_2,candidate_3,candidate_1,3,0.02
5492,candidate_2,candidate_3,candidate_1,3,0.02
5493,candidate_2,candidate_3,candidate_1,3,0.02
5494,candidate_2,candidate_3,candidate_1,3,0.02
5495,candidate_2,candidate_3,candidate_1,3,0.02
5496,candidate_2,candidate_3,candidate_1,3,0.02
5497,candidate_2,candidate_3,candidate_1,3,0.02
5498,candidate_2,candidate_3,candidate_1,3,0.02
5499,candidate_2,candidate_3,candidate_1,3,0.02
5500,candidate_2,candidate_3,candidate_1,3,0.02
5501,candidate_2,candidate_3,candidate_1,3,0.02
5502,candidate_2,0,candidate_1,3,0.02
5503,candidate_2,candidate_3,candidate_1,3,0.02
5504,candidate_2,candidate_3,candidate_1,3,0.02
5505,candidate_2,candidate_3,candidate_1,3,0.02
5506,candidate_2,candidate_3,candidate_1,3,0.02
5507,candidate_2,candidate_3,candidate_1,3,0.02
5508,candidate_2,candidate_3,candidate_1,3,0.02
5509,candidate_2,candidate_3,candidate_1,3,0.02
5510,candidate_2,candidate_3,candidate_1,3,0.02
5511,candidate_2,candidate_3,candidate_1,3,0.02
5512,candidate_2,candidate_3,candidate_1,3,0.02
5513,candidate_2,candidate_3,candidate_1,3,0.02
5514,candidate_2,candidate_3,candidate_1,3,0.02
5515,candidate_2,candidate_3,0,3,0.02
5516,candidate_2,candidate_3,candidate_1,3,0.02
5517,candidate_2,candidate_3,candidate_1,3,0.02
5518,candidate_2,candidate_3,candidate_1,3,0.02
5519,candidate_2,candidate_3,candidate_1,3,0.02
5520,candidate_2,candidate_3,candidate_1,3,0.02
5521,candidate_2,candidate_3,candidate_1,3,0.02
5522,candidate_2,candidate_3,candidate_1,3,0.02
5523,candidate_2,candidate_3,candidate_1,3,0.02
5524,candidate_2,candidate_3,candidate_1,3,0.02
5525,candidate_2,candidate_3,candidate_1,3,0.02
5526,candidate_2,0,candidate_1,3,0.02
5527,candidate_2,candidate_3,candidate_1,3,0.02
5528,candidate_2,candidate_3,candidate_1,3,0.02
5529,candidate_2,candidate_3,candidate_1,3,0.02
5530,candidate_2,candidate_3,candidate_1,3,0.02
5531,candidate_2,candidate_3,candidate_1,3,0.02
5532,candidate_2,candidate_3,candidate_1,3,0.02
5533,candidate_2,candidate_3,candidate_1,3,0.02
5534,candidate_2,candidate_3,candidate_1,3,0.02
5535,candidate_2,0,candidate_1,3,0.02
5536,candidate_2,candidate_3,candidate_1,3,0.02
5537,candidate_2,candidate_3,0,3,0.02
5538,candidate_2,candidate_3,candidate_1,3,0.02
5539,candidate_2,candidate_3,candidate_1,3,0.02
5540,candidate_2,candidate_3,candidate_1,3,0.02
5541,candidate_2,candidate_3,candidate_1,3,0.02
5542,candidate_2,candidate_3,candidate_1,3,0.02
5543,candidate_2,candidate_3,candidate_1,3,0.02
5544,candidate_2,candidate_3,candidate_1,3,0.02
5545,candidate_2,candidate_3,candidate_1,3,0.02
5546,candidate_2,candidate_3,candidate_1,3,0.02
5547,candidate_2,candidate_3,candidate_1,3,0.02
5548,candidate_2,candidate_3,candidate_1,3,0.02
5549,candidate_2,candidate_3,candidate_1,3,0.02
5550,candidate_2,candidate_3,candidate_1,3,0.02
5551,candidate_2,candidate_3,candidate_1,3,0.02
5552,candidate_2,candidate_3,candidate_1,3,0.02
5553,candidate_2,candidate_3,candidate_1,3,0.02
5554,candidate_2,candidate_3,candidate_1,3,0.02
5555,candidate_2,candidate_3,candidate_1,3,0.02
5556,candidate_2,candidate_3,candidate_1,3,0.02
5557,candidate_2,candidate_3,candidate_1,3,0.02
5558,candidate_2,candidate_3,candidate_1,3,0.02
5559,candidate_2,candidate_3,candidate_1,3,0.02
5560,candidate_2,candidate_3,candidate_1,3,0.02
5561,candidate_2,candidate_3,candidate_1,3,0.02
5562,candidate_2,candidate_3,candidate_1,3,0.02
5563,candidate_2,candidate_3,candidate_1,3,0.02
5564,candidate_2,candidate_3,candidate_1,3,0.02
5565,candidate_2,candidate_3,candidate_1,3,0.02
5566,candidate_2,candidate_3,candidate_1,3,0.02
5567,candidate_2,candidate_3,candidate_1,3,0.02
5568,candidate_2,candidate_3,candidate_1,3,0.02
5569,candidate_2,candidate_3,candidate_1,3,0.02
5570,candidate_2,candidate_3,candidate_1,3,0.02
5571,candidate_2,candidate_3,candidate_1,3,0.02
5572,candidate_2,candidate_3,candidate_1,3,0.02
5573,candidate_2,candidate_3,candidate_1,3,0.02
5574,candidate_2,candidate_3,candidate_1,3,0.02
5575,candidate_2,candidate_3,candidate_1,3,0.02
5576,candidate_2,candidate_3,candidate_1,3,0.02
5577,candidate_2,candidate_3,candidate_1,3,0.02
5578,candidate_2,candidate_3,candidate_1,3,0.02
5579,candidate_2,candidate_3,candidate_1,3,0.02
5580,candidate_2,candidate_3,candidate_1,3,0.02
5581,candidate_2,candidate_3,candidate_1,3,0.02
5582,candidate_2,candidate_3,candidate_1,3,0.02
5583,0,candidate_3,candidate_1,3,0.02
5584,candidate_2,candidate_3,candidate_1,3,0.02
5585,candidate_2,candidate_3,candidate_1,3,0.02
5586,candidate_2,candidate_3,candidate_1,3,0.02
5587,0,candidate_3,candidate_1,3,0.02
5588,candidate_2,candidate_3,candidate_1,3,0.02
5589,candidate_2,candidate_3,candidate_1,3,0.02
5590,candidate_2,candidate_3,candidate_1,3,0.02
5591,candidate_2,candidate_3,candidate_1,3,0.02
5592,candidate_2,candidate_3,candidate_1,3,0.02
5593,candidate_2,candidate_3,candidate_1,3,0.02
5594,0,candidate_3,candidate_1,3,0.02
5595,candidate_2,candidate_3,candidate_1,3,0.02
5596,candidate_2,candidate_3,candidate_1,3,0.02
5597,candidate_2,candidate_3,candidate_1,3,0.02
5598,candidate_2,candidate_3,candidate_1,3,0.02
5599,candidate_2,candidate_3,candidate_1,3,0.02
5600,candidate_2,candidate_3,candidate_1,3,0.02
5601,candidate_2,candidate_3,candidate_1,3,0.02
5602,candidate_2,candidate_3,candidate_1,3,0.02
5603,candidate_2,candidate_3,candidate_1,3,0.02
5604,candidate_2,candidate_3,candidate_1,3,0.02
5605,candidate_2,candidate_3,candidate_1,3,0.02
5606,candidate_2,candidate_3,candidate_1,3,0.02
5607,candidate_2,candidate_3,candidate_1,3,0.02
5608,candidate_2,candidate_3,candidate_1,3,0.02
5609,candidate_2,candidate_3,candidate_1,3,0.02
5610,candidate_2,candidate_3,candidate_1,3,0.02
5611,candidate_2,candidate_3,candidate_1,3,0.02
5612,candidate_2,candidate_3,candidate_1,3,0.02
5613,candidate_2,candidate_3,candidate_1,3,0.02
5614,candidate_2,candidate_3,candidate_1,3,0.02
5615,candidate_2,candidate_3,candidate_1,3,0.02
5616,candidate_2,candidate_3,candidate_1,3,0.02
5617,candidate_2,candidate_3,candidate_1,3,0.02
5618,candidate_2,0,candidate_1,3,0.02
5619,candidate_2,candidate_3,candidate_1,3,0.02
5620,candidate_2,candidate_3,candidate_1,3,0.02
5621,candidate_2,candidate_3,candidate_1,3,0.02
5622,candidate_2,candidate_3,candidate_1,3,0.02
5623,candidate_2,candidate_3,candidate_1,3,0.02
5624,candidate_2,candidate_3,candidate_1,3,0.02
5625,candidate_2,candidate_3,candidate_1,3,0.02
5626,candidate_2,candidate_3,candidate_1,3,0.02
5627,candidate_2,candidate_3,candidate_1,3,0.02
5628,candidate_2,candidate_3,candidate_1,3,0.02
5629,candidate_2,candidate_3,candidate_1,3,0.02
5630,candidate_2,candidate_3,candidate_1,3,0.02
5631,candidate_2,candidate_3,0,3,0.02
5632,candidate_2,candidate_3,candidate_1,3,0.02
5633,candidate_2,candidate_3,candidate_1,3,0.02
5634,candidate_2,candidate_3,candidate_1,3,0.02
5635,candidate_2,candidate_3,candidate_1,3,0.02
5636,candidate_2,candidate_3,candidate_1,3,0.02
5637,candidate_2,candidate_3,candidate_1,3,0.02
5638,candidate_2,candidate_3,candidate_1,3,0.02
5639,candidate_2,candidate_3,candidate_1,3,0.02
5640,candidate_2,candidate_3,candidate_1,3,0.02
5641,candidate_2,candidate_3,candidate_1,3,0.02
5642,candidate_2,candidate_3,candidate_1,3,0.02
5643,candidate_2,candidate_3,candidate_1,3,0.02
5644,candidate_2,0,candidate_1,3,0.02
5645,candidate_2,candidate_3,candidate_1,3,0.02
5646,candidate_2,candidate_3,candidate_1,3,0.02
5647,candidate_2,candidate_3,candidate_1,3,0.02
5648,candidate_2,candidate_3,candidate_1,3,0.02
5649,candidate_2,candidate_3,candidate_1,3,0.02
5650,candidate_2,candidate_3,candidate_1,3,0.02
5651,candidate_2,candidate_3,candidate_1,3,0.02
5652,candidate_2,candidate_3,candidate_1,3,0.02
5653,candidate_2,candidate_3,candidate_1,3,0.02
5654,candidate_2,candidate_3,candidate_1,3,0.02
5655,candidate_2,candidate_3,candidate_1,3,0.02
5656,candidate_2,candidate_3,candidate_1,3,0.02
5657,candidate_2,candidate_3,candidate_1,3,0.02
5658,candidate_2,candidate_3,candidate_1,3,0.02
5659,candidate_2,candidate_3,candidate_1,3,0.02
5660,candidate_2,candidate_3,candidate_1,3,0.02
5661,candidate_2,candidate_3,candidate_1,3,0.02
5662,candidate_2,candidate_3,candidate_1,3,0.02
5663,candidate_2,candidate_3,candidate_1,3,0.02
5664,candidate_2,candidate_3,candidate_1,3,0.02
5665,candidate_2,candidate_3,candidate_1,3,0.02
5666,candidate_2,candidate_3,candidate_1,3,0.02
5667,candidate_2,candidate_3,candidate_1,3,0.02
5668,candidate_2,candidate_3,candidate_1,3,0.02
5669,candidate_2,candidate_3,candidate_1,3,0.02
5670,candidate_2,candidate_3,candidate_1,3,0.02
5671,candidate_2,candidate_3,candidate_1,3,0.02
5672,candidate_2,candidate_3,candidate_1,3,0.02
5673,candidate_2,candidate_3,candidate_1,3,0.02
5674,candidate_2,candidate_3,candidate_1,3,0.02
5675,candidate_2,candidate_3,candidate_1,3,0.02
5676,candidate_2,candidate_3,candidate_1,3,0.02
5677,candidate_2,candidate_3,candidate_1,3,0.02
5678,candidate_2,candidate_3,candidate_1,3,0.02
5679,candidate_2,candidate_3,0,3,0.02
5680,candidate_2,candidate_3,candidate_1,3,0.02
5681,candidate_2,candidate_3,candidate_1,3,0.02
5682,candidate_2,candidate_3,candidate_1,3,0.02
5683,candidate_2,candidate_3,candidate_1,3,0.02
5684,candidate_2,candidate_3,candidate_1,3,0.02
5685,candidate_2,candidate_3,candidate_1,3,0.02
5686,candidate_2,candidate_3,candidate_1,3,0.02
5687,candidate_2,candidate_3,candidate_1,3,0.02
5688,candidate_2,candidate_3,candidate_1,3,0.02
5689,candidate_2,candidate_3,candidate_1,3,0.02
5690,candidate_2,candidate_3,candidate_1,3,0.02
5691,0,candidate_3,candidate_1,3,0.02
5692,candidate_2,candidate_3,candidate_1,3,0.02
5693,candidate_2,candidate_3,candidate_1,3,0.02
5694,candidate_2,candidate_3,candidate_1,3,0.02
5695,candidate_2,candidate_3,candidate_1,3,0.02
5696,candidate_2,candidate_3,candidate_1,3,0.02
5697,candidate_2,candidate_3,candidate_1,3,0.02
5698,candidate_2,candidate_3,candidate_1,3,0.02
5699,candidate_2,candidate_3,candidate_1,3,0.02
5700,candidate_2,candidate_3,candidate_1,3,0.02
5701,candidate_2,candidate_3,candidate_1,3,0.02
5702,candidate_2,candidate_3,candidate_1,3,0.02
5703,candidate_2,candidate_3,candidate_1,3,0.02
5704,candidate_2,candidate_3,candidate_1,3,0.02
5705,candidate_2,candidate_3,candidate_1,3,0.02
5706,candidate_2,candidate_3,candidate_1,3,0.02
5707,candidate_2,0,candidate_1,3,0.02
5708,candidate_2,candidate_3,candidate_1,3,0.02
5709,candidate_2,candidate_3,candidate_1,3,0.02
5710,candidate_2,candidate_3,candidate_1,3,0.02
5711,candidate_2,candidate_3,candidate_1,3,0.02
5712,candidate_2,candidate_3,candidate_1,3,0.02
5713,candidate_2,candidate_3,candidate_1,3,0.02
5714,candidate_2,candidate_3,candidate_1,3,0.02
5715,candidate_2,candidate_3,candidate_1,3,0.02
5716,candidate_2,candidate_3,candidate_1,3,0.02
5717,0,candidate_3,candidate_1,3,0.02
5718,candidate_2,candidate_3,candidate_1,3,0.02
5719,candidate_2,candidate_3,candidate_1,3,0.02
5720,candidate_2,candidate_3,candidate_1,3,0.02
5721,candidate_2,candidate_3,candidate_1,3,0.02
5722,candidate_2,candidate_3,candidate_1,3,0.02
5723,candidate_2,candidate_3,candidate_1,3,0.02
5724,candidate_2,candidate_3,candidate_1,3,0.02
5725,candidate_2,candidate_3,candidate_1,3,0.02
5726,candidate_2,candidate_3,candidate_1,3,0.02
5727,candidate_2,candidate_3,candidate_1,3,0.02
5728,candidate_2,candidate_3,candidate_1,3,0.02
5729,candidate_2,candidate_3,candidate_1,3,0.02
5730,candidate_2,candidate_3,candidate_1,3,0.02
5731,candidate_2,candidate_3,candidate_1,3,0.02
5732,candidate_2,candidate_3,candidate_1,3,0.02
5733,candidate_2,candidate_3,candidate_1,3,0.02
5734,candidate_2,candidate_3,candidate_1,3,0.02
5735,candidate_2,candidate_3,candidate_1,3,0.02
5736,candidate_2,candidate_3,candidate_1,3,0.02
5737,candidate_2,candidate_3,candidate_1,3,0.02
5738,candidate_2,candidate_3,candidate_1,3,0.02
5739,candidate_2,candidate_3,candidate_1,3,0.02
5740,candidate_2,candidate_3,candidate_1,3,0.02
5741,candidate_2,candidate_3,candidate_1,3,0.02
5742,0,candidate_3,candidate_1,3,0.02
5743,candidate_2,candidate_3,candidate_1,3,0.02
5744,candidate_2,candidate_3,candidate_1,3,0.02
5745,candidate_2,candidate_3,candidate_1,3,0.02
5746,candidate_2,candidate_3,candidate_1,3,0.02
5747,candidate_2,candidate_3,candidate_1,3,0.02
5748,candidate_2,candidate_3,candidate_1,3,0.02
5749,candidate_2,candidate_3,candidate_1,3,0.02
5750,candidate_2,candidate_3,candidate_1,3,0.02
5751,candidate_2,candidate_3,candidate_1,3,0.02
5752,candidate_2,candidate_3,candidate_1,3,0.02
5753,candidate_2,candidate_3,candidate_1,3,0.02
5754,candidate_2,candidate_3,candidate_1,3,0.02
5755,candidate_2,candidate_3,candidate_1,3,0.02
5756,candidate_2,candidate_3,candidate_1,3,0.02
5757,candidate_2,candidate_3,candidate_1,3,0.02
5758,candidate_2,candidate_3,candidate_1,3,0.02
5759,candidate_2,candidate_3,candidate_1,3,0.02
5760,candidate_2,candidate_3,candidate_1,3,0.02
5761,candidate_2,candidate_3,candidate_1,3,0.02
5762,candidate_2,candidate_3,candidate_1,3,0.02
5763,candidate_2,candidate_3,candidate_1,3,0.02
5764,candidate_2,candidate_3,candidate_1,3,0.02
5765,candidate_2,candidate_3,candidate_1,3,0.02
5766,candidate_2,candidate_3,candidate_1,3,0.02
5767,candidate_2,candidate_3,candidate_1,3,0.02
5768,candidate_2,candidate_3,candidate_1,3,0.02
5769,candidate_2,candidate_3,candidate_1,3,0.02
5770,candidate_2,candidate_3,candidate_1,3,0.02
5771,candidate_2,candidate_3,candidate_1,3,0.02
5772,candidate_2,candidate_3,candidate_1,3,0.02
5773,candidate_2,candidate_3,candidate_1,3,0.02
5774,candidate_2,candidate_3,candidate_1,3,0.02
5775,candidate_2,candidate_3,candidate_1,3,0.02
5776,candidate_2,candidate_3,candidate_1,3,0.02
5777,candidate_2,candidate_3,candidate_1,3,0.02
5778,candidate_2,candidate_3,candidate_1,3,0.02
5779,candidate_2,candidate_3,candidate_1,3,0.02
5780,candidate_2,candidate_3,candidate_1,3,0.02
5781,candidate_2,candidate_3,candidate_1,3,0.02
5782,candidate_2,candidate_3,candidate_1,3,0.02
5783,candidate_2,candidate_3,candidate_1,3,0.02
5784,candidate_2,candidate_3,candidate_1,3,0.02
5785,candidate_2,candidate_3,candidate_1,3,0.02
5786,candidate_2,candidate_3,candidate_1,3,0.02
5787,candidate_2,candidate_3,candidate_1,3,0.02
5788,candidate_2,candidate_3,candidate_1,3,0.02
5789,candidate_2,candidate_3,candidate_1,3,0.02
5790,candidate_2,candidate_3,candidate_1,3,0.02
5791,candidate_2,candidate_3,candidate_1,3,0.02
5792,0,candidate_3,candidate_1,3,0.02
5793,candidate_2,candidate_3,candidate_1,3,0.02
5794,candidate_2,candidate_3,candidate_1,3,0.02
5795,candidate_2,candidate_3,candidate_1,3,0.02
5796,candidate_2,candidate_3,candidate_1,3,0.02
5797,candidate_2,candidate_3,candidate_1,3,0.02
5798,candidate_2,candidate_3,candidate_1,3,0.02
5799,candidate_2,candidate_3,candidate_1,3,0.02
5800,candidate_2,candidate_3,candidate_1,3,0.02
5801,candidate_2,0,candidate_1,3,0.02
5802,candidate_2,0,candidate_1,3,0.02
5803,candidate_2,candidate_3,candidate_1,3,0.02
5804,candidate_2,candidate_3,candidate_1,3,0.02
5805,candidate_2,candidate_3,candidate_1,3,0.02
5806,candidate_2,candidate_3,candidate_1,3,0.02
5807,candidate_2,candidate_3,candidate_1,3,0.02
5808,candidate_2,candidate_3,candidate_1,3,0.02
5809,0,candidate_3,candidate_1,3,0.02
5810,candidate_2,candidate_3,candidate_1,3,0.02
5811,candidate_2,candidate_3,candidate_1,3,0.02
5812,candidate_2,candidate_3,candidate_1,3,0.02
5813,candidate_2,candidate_3,candidate_1,3,0.02
5814,candidate_2,candidate_3,0,3,0.02
5815,candidate_2,candidate_3,candidate_1,3,0.02
5816,candidate_2,candidate_3,candidate_1,3,0.02
5817,candidate_2,candidate_3,candidate_1,3,0.02
5818,candidate_2,candidate_3,candidate_1,3,0.02
5819,candidate_2,candidate_3,candidate_1,3,0.02
5820,candidate_2,candidate_3,candidate_1,3,0.02
5821,candidate_2,candidate_3,candidate_1,3,0.02
5822,candidate_2,candidate_3,candidate_1,3,0.02
5823,candidate_2,candidate_3,candidate_1,3,0.02
5824,candidate_2,candidate_3,candidate_1,3,0.02
5825,candidate_2,candidate_3,candidate_1,3,0.02
5826,candidate_2,candidate_3,candidate_1,3,0.02
5827,candidate_2,candidate_3,candidate_1,3,0.02
5828,candidate_2,candidate_3,candidate_1,3,0.02
5829,0,candidate_3,candidate_1,3,0.02
5830,candidate_2,candidate_3,candidate_1,3,0.02
5831,candidate_2,candidate_3,candidate_1,3,0.02
5832,candidate_2,candidate_3,candidate_1,3,0.02
5833,candidate_2,candidate_3,candidate_1,3,0.02
5834,candidate_2,candidate_3,candidate_1,3,0.02
5835,candidate_2,candidate_3,candidate_1,3,0.02
5836,candidate_2,candidate_3,candidate_1,3,0.02
5837,candidate_2,candidate_3,candidate_1,3,0.02
5838,candidate_2,candidate_3,candidate_1,3,0.02
5839,candidate_2,candidate_3,candidate_1,3,0.02
5840,candidate_2,candidate_3,candidate_1,3,0.02
5841,candidate_2,candidate_3,candidate_1,3,0.02
5842,candidate_2,candidate_3,candidate_1,3,0.02
5843,candidate_2,candidate_3,candidate_1,3,0.02
5844,candidate_2,candidate_3,candidate_1,3,0.02
5845,candidate_2,candidate_3,candidate_1,3,0.02
5846,candidate_2,candidate_3,candidate_1,3,0.02
5847,candidate_2,candidate_3,candidate_1,3,0.02
5848,candidate_2,candidate_3,candidate_1,3,0.02
5849,candidate_2,candidate_3,candidate_1,3,0.02
5850,candidate_2,candidate_3,candidate_1,3,0.02
5851,candidate_2,candidate_3,candidate_1,3,0.02
5852,candidate_2,candidate_3,candidate_1,3,0.02
5853,candidate_2,candidate_3,0,3,0.02
5854,candidate_2,candidate_3,candidate_1,3,0.02
5855,candidate_2,candidate_3,candidate_1,3,0.02
5856,candidate_2,0,candidate_1,3,0.02
5857,candidate_2,candidate_3,candidate_1,3,0.02
5858,candidate_2,candidate_3,candidate_1,3,0.02
5859,candidate_2,candidate_3,candidate_1,3,0.02
5860,candidate_2,candidate_3,candidate_1,3,0.02
5861,candidate_2,candidate_3,candidate_1,3,0.02
5862,candidate_2,candidate_3,candidate_1,3,0.02
5863,candidate_2,0,candidate_1,3,0.02
5864,candidate_2,candidate_3,candidate_1,3,0.02
5865,candidate_2,candidate_3,candidate_1,3,0.02
5866,candidate_2,candidate_3,candidate_1,3,0.02
5867,candidate_2,candidate_3,candidate_1,3,0.02
5868,candidate_2,0,candidate_1,3,0.02
5869,candidate_2,candidate_3,candidate_1,3,0.02
5870,candidate_2,candidate_3,candidate_1,3,0.02
5871,candidate_2,candidate_3,candidate_1,3,0.02
5872,candidate_2,candidate_3,candidate_1,3,0.02
5873,candidate_2,candidate_3,candidate_1,3,0.02
5874,candidate_2,candidate_3,candidate_1,3,0.02
5875,candidate_2,0,candidate_1,3,0.02
5876,candidate_2,candidate_3,candidate_1,3,0.02
5877,candidate_2,candidate_3,candidate_1,3,0.02
5878,candidate_2,candidate_3,candidate_1,3,0.02
5879,candidate_2,candidate_3,candidate_1,3,0.02
5880,candidate_2,candidate_3,candidate_1,3,0.02
5881,candidate_2,candidate_3,candidate_1,3,0.02
5882,candidate_2,candidate_3,candidate_1,3,0.02
5883,candidate_2,candidate_3,candidate_1,3,0.02
5884,candidate_2,candidate_3,candidate_1,3,0.02
5885,candidate_2,candidate_3,candidate_1,3,0.02
5886,candidate_2,candidate_3,candidate_1,3,0.02
5887,candidate_2,candidate_3,candidate_1,3,0.02
5888,candidate_2,candidate_3,candidate_1,3,0.02
5889,candidate_2,candidate_3,candidate_1,3,0.02
5890,candidate_2,candidate_3,candidate_1,3,0.02
5891,candidate_2,candidate_3,0,3,0.02
5892,candidate_2,candidate_3,candidate_1,3,0.02
5893,candidate_2,candidate_3,candidate_1,3,0.02
5894,candidate_2,candidate_3,candidate_1,3,0.02
5895,candidate_2,candidate_3,candidate_1,3,0.02
5896,candidate_2,candidate_3,candidate_1,3,0.02
5897,candidate_2,candidate_3,candidate_1,3,0.02
5898,candidate_2,candidate_3,candidate_1,3,0.02
5899,candidate_2,candidate_3,candidate_1,3,0.02
5900,candidate_2,candidate_3,candidate_1,3,0.02
5901,candidate_2,candidate_3,candidate_1,3,0.02
5902,candidate_2,candidate_3,candidate_1,3,0.02
5903,candidate_2,candidate_3,candidate_1,3,0.02
5904,candidate_2,candidate_3,candidate_1,3,0.02
5905,candidate_2,candidate_3,candidate_1,3,0.02
5906,candidate_2,candidate_3,candidate_1,3,0.02
5907,candidate_2,candidate_3,candidate_1,3,0.02
5908,candidate_2,candidate_3,candidate_1,3,0.02
5909,candidate_2,candidate_3,candidate_1,3,0.02
5910,candidate_2,candidate_3,candidate_1,3,0.02
5911,candidate_2,candidate_3,candidate_1,3,0.02
5912,candidate_2,candidate_3,candidate_1,3,0.02
5913,candidate_2,candidate_3,candidate_1,3,0.02
5914,candidate_2,candidate_3,candidate_1,3,0.02
5915,candidate_2,candidate_3,candidate_1,3,0.02
5916,candidate_2,candidate_3,candidate_1,3,0.02
5917,candidate_2,candidate_3,candidate_1,3,0.02
5918,candidate_2,candidate_3,candidate_1,3,0.02
5919,candidate_2,candidate_3,candidate_1,3,0.02
5920,candidate_2,candidate_3,candidate_1,3,0.02
5921,candidate_2,candidate_3,candidate_1,3,0.02
5922,candidate_2,candidate_3,candidate_1,3,0.02
5923,candidate_2,candidate_3,candidate_1,3,0.02
5924,candidate_2,candidate_3,candidate_1,3,0.02
5925,candidate_2,candidate_3,candidate_1,3,0.02
5926,candidate_2,candidate_3,candidate_1,3,0.02
5927,candidate_2,candidate_3,candidate_1,3,0.02
5928,candidate_2,candidate_3,candidate_1,3,0.02
5929,candidate_2,candidate_3,candidate_1,3,0.02
5930,candidate_2,candidate_3,candidate_1,3,0.02
5931,candidate_2,candidate_3,candidate_1,3,0.02
5932,candidate_2,candidate_3,candidate_1,3,0.02
5933,candidate_2,candidate_3,candidate_1,3,0.02
5934,candidate_2,candidate_3,0,3,0.02
5935,candidate_2,candidate_3,candidate_1,3,0.02
5936,candidate_2,candidate_3,candidate_1,3,0.02
5937,candidate_2,candidate_3,candidate_1,3,0.02
5938,candidate_2,candidate_3,candidate_1,3,0.02
5939,candidate_2,candidate_3,candidate_1,3,0.02
5940,candidate_2,candidate_3,candidate_1,3,0.02
5941,candidate_2,candidate_3,candidate_1,3,0.02
5942,candidate_2,candidate_3,candidate_1,3,0.02
5943,candidate_2,candidate_3,candidate_1,3,0.02
5944,candidate_2,candidate_3,candidate_1,3,0.02
5945,candidate_2,candidate_3,candidate_1,3,0.02
5946,candidate_2,candidate_3,candidate_1,3,0.02
5947,0,candidate_3,candidate_1,3,0.02
5948,candidate_2,candidate_3,candidate_1,3,0.02
5949,candidate_2,candidate_3,candidate_1,3,0.02
5950,candidate_2,candidate_3,candidate_1,3,0.02
5951,candidate_2,candidate_3,candidate_1,3,0.02
5952,candidate_2,candidate_3,candidate_1,3,0.02
5953,candidate_2,candidate_3,0,3,0.02
5954,candidate_2,candidate_3,candidate_1,3,0.02
5955,candidate_2,candidate_3,candidate_1,3,0.02
5956,candidate_2,candidate_3,candidate_1,3,0.02
5957,candidate_2,candidate_3,candidate_1,3,0.02
5958,candidate_2,candidate_3,candidate_1,3,0.02
5959,candidate_2,candidate_3,candidate_1,3,0.02
5960,candidate_2,candidate_3,candidate_1,3,0.02
5961,candidate_2,candidate_3,candidate_1,3,0.02
5962,candidate_2,candidate_3,candidate_1,3,0.02
5963,candidate_2,candidate_3,candidate_1,3,0.02
5964,candidate_2,candidate_3,candidate_1,3,0.02
5965,candidate_2,candidate_3,candidate_1,3,0.02
5966,candidate_2,candidate_3,candidate_1,3,0.02
5967,candidate_2,candidate_3,candidate_1,3,0.02
5968,candidate_2,candidate_3,candidate_1,3,0.02
5969,candidate_2,candidate_3,candidate_1,3,0.02
5970,candidate_2,candidate_3,candidate_1,3,0.02
5971,candidate_2,candidate_3,candidate_1,3,0.02
5972,candidate_2,candidate_3,candidate_1,3,0.02
5973,candidate_2,candidate_3,candidate_1,3,0.02
5974,candidate_2,candidate_3,candidate_1,3,0.02
5975,candidate_2,candidate_3,candidate_1,3,0.02
5976,candidate_2,candidate_3,candidate_1,3,0.02
5977,candidate_2,candidate_3,candidate_1,3,0.02
5978,candidate_2,candidate_3,candidate_1,3,0.02
5979,candidate_2,candidate_3,candidate_1,3,0.02
5980,candidate_2,candidate_3,candidate_1,3,0.02
5981,candidate_2,candidate_3,candidate_1,3,0.02
5982,candidate_2,candidate_3,candidate_1,3,0.02
5983,candidate_2,candidate_3,candidate_1,3,0.02
5984,candidate_2,candidate_3,candidate_1,3,0.02
5985,candidate_2,candidate_3,candidate_1,3,0.02
5986,candidate_2,candidate_3,candidate_1,3,0.02
5987,candidate_2,candidate_3,candidate_1,3,0.02
5988,candidate_2,candidate_3,candidate_1,3,0.02
5989,candidate_2,candidate_3,candidate_1,3,0.02
5990,candidate_2,candidate_3,candidate_1,3,0.02
5991,candidate_2,candidate_3,candidate_1,3,0.02
5992,candidate_2,candidate_3,candidate_1,3,0.02
5993,candidate_2,candidate_3,candidate_1,3,0.02
5994,candidate_2,candidate_3,candidate_1,3,0.02
5995,0,candidate_3,candidate_1,3,0.02
5996,candidate_2,candidate_3,candidate_1,3,0.02
5997,candidate_2,candidate_3,candidate_1,3,0.02
5998,candidate_2,candidate_3,candidate_1,3,0.02
5999,candidate_2,candidate_3,candidate_1,3,0.02
6000,candidate_2,candidate_3,candidate_1,3,0.02
6001,candidate_2,candidate_3,candidate_1,3,0.02
6002,candidate_2,candidate_3,candidate_1,3,0.02
6003,candidate_2,candidate_3,candidate_1,3,0.02
6004,candidate_2,candidate_3,candidate_1,3,0.02
6005,candidate_2,candidate_3,candidate_1,3,0.02
6006,candidate_2,candidate_3,candidate_1,3,0.02
6007,candidate_2,candidate_3,candidate_1,3,0.02
6008,candidate_2,candidate_3,candidate_1,3,0.02
6009,candidate_2,candidate_3,candidate_1,3,0.02
6010,candidate_2,candidate_3,candidate_1,3,0.02
6011,candidate_2,candidate_3,candidate_1,3,0.02
6012,candidate_2,candidate_3,candidate_1,3,0.02
6013,candidate_2,candidate_3,candidate_1,3,0.02
6014,candidate_2,candidate_3,candidate_1,3,0.02
6015,candidate_2,candidate_3,candidate_1,3,0.02
6016,candidate_2,candidate_3,candidate_1,3,0.02
6017,candidate_2,candidate_3,candidate_1,3,0.02
6018,candidate_2,candidate_3,candidate_1,3,0.02
6019,candidate_2,candidate_3,candidate_1,3,0.02
6020,candidate_2,candidate_3,candidate_1,3,0.02
6021,candidate_2,candidate_3,candidate_1,3,0.02
6022,candidate_2,candidate_3,candidate_1,3,0.02
6023,candidate_2,candidate_3,candidate_1,3,0.02
6024,candidate_2,candidate_3,candidate_1,3,0.02
6025,candidate_2,candidate_3,candidate_1,3,0.02
6026,candidate_2,candidate_3,candidate_1,3,0.02
6027,candidate_2,candidate_3,candidate_1,3,0.02
6028,candidate_2,candidate_3,candidate_1,3,0.02
6029,candidate_2,candidate_3,candidate_1,3,0.02
6030,candidate_2,candidate_3,candidate_1,3,0.02
6031,0,candidate_3,candidate_1,3,0.02
6032,candidate_2,candidate_3,candidate_1,3,0.02
6033,candidate_2,candidate_3,candidate_1,3,0.02
6034,candidate_2,candidate_3,candidate_1,3,0.02
6035,candidate_2,candidate_3,candidate_1,3,0.02
6036,candidate_2,candidate_3,candidate_1,3,0.02
6037,candidate_2,candidate_3,candidate_1,3,0.02
6038,0,candidate_3,candidate_1,3,0.02
6039,candidate_2,candidate_3,candidate_1,3,0.02
6040,candidate_2,candidate_3,candidate_1,3,0.02
6041,candidate_2,candidate_3,candidate_1,3,0.02
6042,candidate_2,candidate_3,candidate_1,3,0.02
6043,candidate_2,candidate_3,candidate_1,3,0.02
6044,candidate_2,candidate_3,candidate_1,3,0.02
6045,candidate_2,candidate_3,candidate_1,3,0.02
6046,candidate_2,candidate_3,candidate_1,3,0.02
6047,candidate_2,candidate_3,candidate_1,3,0.02
6048,candidate_2,candidate_3,candidate_1,3,0.02
6049,0,candidate_3,candidate_1,3,0.02
6050,candidate_2,candidate_3,0,3,0.02
6051,candidate_2,candidate_3,candidate_1,3,0.02
6052,candidate_2,candidate_3,candidate_1,3,0.02
6053,candidate_2,candidate_3,candidate_1,3,0.02
6054,candidate_2,candidate_3,candidate_1,3,0.02
6055,candidate_2,candidate_3,candidate_1,3,0.02
6056,candidate_2,candidate_3,candidate_1,3,0.02
6057,candidate_2,candidate_3,candidate_1,3,0.02
6058,candidate_2,candidate_3,candidate_1,3,0.02
6059,candidate_2,candidate_3,candidate_1,3,0.02
6060,candidate_2,candidate_3,candidate_1,3,0.02
6061,candidate_2,candidate_3,candidate_1,3,0.02
6062,candidate_2,candidate_3,candidate_1,3,0.02
6063,candidate_2,candidate_3,candidate_1,3,0.02
6064,candidate_2,candidate_3,candidate_1,3,0.02
6065,candidate_2,candidate_3,candidate_1,3,0.02
6066,candidate_2,candidate_3,candidate_1,3,0.02
6067,candidate_2,candidate_3,candidate_1,3,0.02
6068,candidate_2,candidate_3,candidate_1,3,0.02
6069,candidate_2,candidate_3,candidate_1,3,0.02
6070,candidate_2,candidate_3,candidate_1,3,0.02
6071,candidate_2,candidate_3,candidate_1,3,0.02
6072,candidate_2,candidate_3,candidate_1,3,0.02
6073,candidate_2,candidate_3,candidate_1,3,0.02
6074,candidate_2,candidate_3,candidate_1,3,0.02
6075,candidate_2,candidate_3,candidate_1,3,0.02
6076,candidate_2,candidate_3,candidate_1,3,0.02
6077,candidate_2,candidate_3,candidate_1,3,0.02
6078,candidate_2,candidate_3,candidate_1,3,0.02
6079,candidate_2,candidate_3,0,3,0.02
6080,candidate_2,candidate_3,candidate_1,3,0.02
6081,candidate_2,candidate_3,candidate_1,3,0.02
6082,candidate_2,candidate_3,candidate_1,3,0.02
6083,candidate_2,0,candidate_1,3,0.02
6084,candidate_2,candidate_3,candidate_1,3,0.02
6085,candidate_2,candidate_3,candidate_1,3,0.02
6086,candidate_2,candidate_3,candidate_1,3,0.02
6087,candidate_2,candidate_3,candidate_1,3,0.02
6088,0,candidate_3,candidate_1,3,0.02
6089,candidate_2,candidate_3,0,3,0.02
6090,candidate_2,candidate_3,candidate_1,3,0.02
6091,candidate_2,candidate_3,candidate_1,3,0.02
6092,candidate_2,candidate_3,candidate_1,3,0.02
6093,candidate_2,candidate_3,candidate_1,3,0.02
6094,candidate_2,candidate_3,candidate_1,3,0.02
6095,candidate_2,candidate_3,candidate_1,3,0.02
6096,candidate_2,candidate_3,candidate_1,3,0.02
6097,candidate_2,candidate_3,candidate_1,3,0.02
6098,candidate_2,candidate_3,candidate_1,3,0.02
6099,candidate_2,candidate_3,candidate_1,3,0.02
6100,candidate_2,candidate_3,candidate_1,3,0.02
6101,candidate_2,candidate_3,candidate_1,3,0.02
6102,candidate_2,candidate_3,candidate_1,3,0.02
6103,candidate_2,candidate_3,candidate_1,3,0.02
6104,candidate_2,candidate_3,candidate_1,3,0.02
6105,candidate_2,candidate_3,candidate_1,3,0.02
6106,candidate_2,candidate_3,candidate_1,3,0.02
6107,candidate_2,candidate_3,candidate_1,3,0.02
6108,candidate_2,candidate_3,candidate_1,3,0.02
6109,candidate_2,candidate_3,candidate_1,3,0.02
6110,candidate_2,candidate_3,candidate_1,3,0.02
6111,candidate_2,candidate_3,candidate_1,3,0.02
6112,candidate_2,candidate_3,candidate_1,3,0.02
6113,0,candidate_3,candidate_1,3,0.02
6114,candidate_2,candidate_3,candidate_1,3,0.02
6115,candidate_2,candidate_3,candidate_1,3,0.02
6116,candidate_2,candidate_3,candidate_1,3,0.02
6117,candidate_2,candidate_3,candidate_1,3,0.02
6118,candidate_2,candidate_3,candidate_1,3,0.02
6119,candidate_2,candidate_3,candidate_1,3,0.02
6120,candidate_2,candidate_3,candidate_1,3,0.02
6121,candidate_2,candidate_3,candidate_1,3,0.02
6122,candidate_2,candidate_3,candidate_1,3,0.02
6123,candidate_2,candidate_3,candidate_1,3,0.02
6124,candidate_2,candidate_3,candidate_1,3,0.02
6125,candidate_2,candidate_3,candidate_1,3,0.02
6126,candidate_2,candidate_3,candidate_1,3,0.02
6127,candidate_2,candidate_3,candidate_1,3,0.02
6128,candidate_2,candidate_3,candidate_1,3,0.02
6129,candidate_2,candidate_3,candidate_1,3,0.02
6130,candidate_2,candidate_3,candidate_1,3,0.02
6131,candidate_2,candidate_3,candidate_1,3,0.02
6132,candidate_2,candidate_3,candidate_1,3,0.02
6133,candidate_2,candidate_3,candidate_1,3,0.02
6134,candidate_2,candidate_3,candidate_1,3,0.02
6135,candidate_2,candidate_3,candidate_1,3,0.02
6136,candidate_2,candidate_3,candidate_1,3,0.02
6137,candidate_2,candidate_3,candidate_1,3,0.02
6138,candidate_2,candidate_3,candidate_1,3,0.02
6139,candidate_2,candidate_3,candidate_1,3,0.02
6140,candidate_2,candidate_3,candidate_1,3,0.02
6141,candidate_2,candidate_3,candidate_1,3,0.02
6142,candidate_2,candidate_3,candidate_1,3,0.02
6143,candidate_2,candidate_3,candidate_1,3,0.02
6144,candidate_2,candidate_3,candidate_1,3,0.02
6145,candidate_2,candidate_3,candidate_1,3,0.02
6146,candidate_2,candidate_3,candidate_1,3,0.02
6147,candidate_2,candidate_3,candidate_1,3,0.02
6148,candidate_2,candidate_3,candidate_1,3,0.02
6149,candidate_2,candidate_3,candidate_1,3,0.02
6150,candidate_2,candidate_3,candidate_1,3,0.02
6151,candidate_2,candidate_3,candidate_1,3,0.02
6152,candidate_2,candidate_3,candidate_1,3,0.02
6153,candidate_2,candidate_3,candidate_1,3,0.02
6154,candidate_2,candidate_3,candidate_1,3,0.02
6155,candidate_2,candidate_3,candidate_1,3,0.02
6156,candidate_2,candidate_3,candidate_1,3,0.02
6157,candidate_2,candidate_3,candidate_1,3,0.02
6158,candidate_2,0,candidate_1,3,0.02
6159,candidate_2,candidate_3,candidate_1,3,0.02
6160,candidate_2,candidate_3,candidate_1,3,0.02
6161,candidate_2,candidate_3,candidate_1,3,0.02
6162,candidate_2,candidate_3,candidate_1,3,0.02
6163,candidate_2,candidate_3,candidate_1,3,0.02
6164,candidate_2,candidate_3,candidate_1,3,0.02
6165,candidate_2,candidate_3,candidate_1,3,0.02
6166,candidate_2,candidate_3,candidate_1,3,0.02
6167,candidate_2,candidate_3,candidate_1,3,0.02
6168,0,candidate_3,candidate_1,3,0.02
6169,candidate_2,candidate_3,candidate_1,3,0.02
6170,0,0,candidate_1,3,0.02
6171,candidate_2,candidate_3,candidate_1,3,0.02
6172,candidate_2,candidate_3,candidate_1,3,0.02
6173,candidate_2,candidate_3,candidate_1,3,0.02
6174,candidate_2,candidate_3,candidate_1,3,0.02
6175,candidate_2,candidate_3,candidate_1,3,0.02
6176,candidate_2,candidate_3,candidate_1,3,0.02
6177,candidate_2,candidate_3,candidate_1,3,0.02
6178,candidate_2,candidate_3,candidate_1,3,0.02
6179,candidate_2,candidate_3,candidate_1,3,0.02
6180,candidate_2,0,candidate_1,3,0.02
6181,candidate_2,candidate_3,candidate_1,3,0.02
6182,candidate_2,candidate_3,candidate_1,3,0.02
6183,candidate_2,candidate_3,candidate_1,3,0.02
6184,candidate_2,candidate_3,candidate_1,3,0.02
6185,candidate_2,candidate_3,candidate_1,3,0.02
6186,candidate_2,candidate_3,candidate_1,3,0.02
6187,candidate_2,candidate_3,candidate_1,3,0.02
6188,candidate_2,candidate_3,candidate_1,3,0.02
6189,candidate_2,candidate_3,candidate_1,3,0.02
6190,candidate_2,candidate_3,candidate_1,3,0.02
6191,candidate_2,candidate_3,candidate_1,3,0.02
6192,candidate_2,candidate_3,candidate_1,3,0.02
6193,candidate_2,candidate_3,candidate_1,3,0.02
6194,candidate_2,candidate_3,candidate_1,3,0.02
6195,candidate_2,candidate_3,candidate_1,3,0.02
6196,candidate_2,candidate_3,candidate_1,3,0.02
6197,candidate_2,candidate_3,candidate_1,3,0.02
6198,candidate_2,candidate_3,candidate_1,3,0.02
6199,candidate_2,0,candidate_1,3,0.02
6200,candidate_2,candidate_3,candidate_1,3,0.02
6201,candidate_2,candidate_3,candidate_1,3,0.02
6202,candidate_2,candidate_3,candidate_1,3,0.02
6203,candidate_2,candidate_3,candidate_1,3,0.02
6204,candidate_2,candidate_3,candidate_1,3,0.02
6205,candidate_2,candidate_3,candidate_1,3,0.02
6206,candidate_2,candidate_3,candidate_1,3,0.02
6207,candidate_2,candidate_3,candidate_1,3,0.02
6208,candidate_2,candidate_3,candidate_1,3,0.02
6209,candidate_2,candidate_3,candidate_1,3,0.02
6210,candidate_2,candidate_3,candidate_1,3,0.02
6211,0,candidate_3,candidate_1,3,0.02
6212,candidate_2,candidate_3,candidate_1,3,0.02
6213,candidate_2,candidate_3,candidate_1,3,0.02
6214,candidate_2,candidate_3,candidate_1,3,0.02
6215,candidate_2,candidate_3,candidate_1,3,0.02
6216,candidate_2,candidate_3,candidate_1,3,0.02
6217,candidate_2,candidate_3,0,3,0.02
6218,candidate_2,candidate_3,candidate_1,3,0.02
6219,candidate_2,candidate_3,candidate_1,3,0.02
6220,candidate_2,0,candidate_1,3,0.02
6221,candidate_2,candidate_3,candidate_1,3,0.02
6222,candidate_2,candidate_3,candidate_1,3,0.02
6223,candidate_2,candidate_3,candidate_1,3,0.02
6224,candidate_2,candidate_3,candidate_1,3,0.02
6225,candidate_2,candidate_3,candidate_1,3,0.02
6226,candidate_2,candidate_3,candidate_1,3,0.02
6227,candidate_2,candidate_3,candidate_1,3,0.02
6228,candidate_2,candidate_3,candidate_1,3,0.02
6229,candidate_2,candidate_3,candidate_1,3,0.02
6230,candidate_2,candidate_3,0,3,0.02
6231,candidate_2,candidate_3,candidate_1,3,0.02
6232,candidate_2,candidate_3,candidate_1,3,0.02
6233,candidate_2,candidate_3,candidate_1,3,0.02
6234,candidate_2,candidate_3,candidate_1,3,0.02
6235,0,candidate_3,candidate_1,3,0.02
6236,candidate_2,candidate_3,candidate_1,3,0.02
6237,candidate_2,candidate_3,candidate_1,3,0.02
6238,candidate_2,candidate_3,candidate_1,3,0.02
6239,candidate_2,candidate_3,candidate_1,3,0.02
6240,candidate_2,candidate_3,candidate_1,3,0.02
6241,candidate_2,candidate_3,candidate_1,3,0.02
6242,candidate_2,candidate_3,candidate_1,3,0.02
6243,candidate_2,candidate_3,candidate_1,3,0.02
6244,candidate_2,candidate_3,candidate_1,3,0.02
6245,candidate_2,candidate_3,candidate_1,3,0.02
6246,candidate_2,0,candidate_1,3,0.02
6247,candidate_2,candidate_3,candidate_1,3,0.02
6248,candidate_2,candidate_3,candidate_1,3,0.02
6249,candidate_2,candidate_3,candidate_1,3,0.02
6250,candidate_2,candidate_3,candidate_1,3,0.02
6251,candidate_2,candidate_3,candidate_1,3,0.02
6252,candidate_2,candidate_3,candidate_1,3,0.02
6253,candidate_2,candidate_3,candidate_1,3,0.02
6254,candidate_2,candidate_3,candidate_1,3,0.02
6255,candidate_2,candidate_3,candidate_1,3,0.02
6256,candidate_2,candidate_3,candidate_1,3,0.02
6257,candidate_2,candidate_3,candidate_1,3,0.02
6258,candidate_2,candidate_3,candidate_1,3,0.02
6259,candidate_2,candidate_3,candidate_1,3,0.02
6260,candidate_2,candidate_3,candidate_1,3,0.02
6261,candidate_2,candidate_3,candidate_1,3,0.02
6262,candidate_2,candidate_3,candidate_1,3,0.02
6263,candidate_2,candidate_3,candidate_1,3,0.02
6264,candidate_2,0,0,3,0.02
6265,candidate_2,candidate_3,candidate_1,3,0.02
6266,candidate_2,candidate_3,candidate_1,3,0.02
6267,candidate_2,candidate_3,candidate_1,3,0.02
6268,candidate_2,candidate_3,candidate_1,3,0.02
6269,candidate_2,candidate_3,candidate_1,3,0.02
6270,candidate_2,candidate_3,candidate_1,3,0.02
6271,candidate_2,candidate_3,candidate_1,3,0.02
6272,candidate_2,candidate_3,candidate_1,3,0.02
6273,candidate_2,candidate_3,candidate_1,3,0.02
6274,candidate_2,candidate_3,candidate_1,3,0.02
6275,candidate_2,candidate_3,candidate_1,3,0.02
6276,candidate_2,candidate_3,candidate_1,3,0.02
6277,candidate_2,candidate_3,candidate_1,3,0.02
6278,candidate_2,candidate_3,candidate_1,3,0.02
6279,candidate_2,candidate_3,candidate_1,3,0.02
6280,candidate_2,candidate_3,candidate_1,3,0.02
6281,candidate_2,candidate_3,candidate_1,3,0.02
6282,candidate_2,candidate_3,candidate_1,3,0.02
6283,candidate_2,candidate_3,candidate_1,3,0.02
6284,candidate_2,candidate_3,candidate_1,3,0.02
6285,candidate_2,candidate_3,candidate_1,3,0.02
6286,candidate_2,candidate_3,0,3,0.02
6287,candidate_2,candidate_3,candidate_1,3,0.02
6288,candidate_2,candidate_3,candidate_1,3,0.02
6289,candidate_2,candidate_3,candidate_1,3,0.02
6290,candidate_2,candidate_3,candidate_1,3,0.02
6291,candidate_2,candidate_3,candidate_1,3,0.02
6292,candidate_2,candidate_3,candidate_1,3,0.02
6293,candidate_2,candidate_3,candidate_1,3,0.02
6294,candidate_2,candidate_3,candidate_1,3,0.02
6295,candidate_2,candidate_3,candidate_1,3,0.02
6296,candidate_2,candidate_3,candidate_1,3,0.02
6297,candidate_2,candidate_3,0,3,0.02
6298,candidate_2,candidate_3,candidate_1,3,0.02
6299,candidate_2,candidate_3,candidate_1,3,0.02
6300,candidate_2,candidate_3,candidate_1,3,0.02
6301,candidate_2,candidate_3,candidate_1,3,0.02
6302,candidate_2,candidate_3,candidate_1,3,0.02
6303,candidate_2,candidate_3,candidate_1,3,0.02
6304,candidate_2,candidate_3,candidate_1,3,0.02
6305,candidate_2,candidate_3,candidate_1,3,0.02
6306,candidate_2,candidate_3,candidate_1,3,0.02
6307,candidate_2,candidate_3,candidate_1,3,0.02
6308,candidate_2,candidate_3,candidate_1,3,0.02
6309,candidate_2,candidate_3,candidate_1,3,0.02
6310,candidate_2,candidate_3,candidate_1,3,0.02
6311,candidate_2,candidate_3,candidate_1,3,0.02
6312,candidate_2,candidate_3,candidate_1,3,0.02
6313,candidate_2,candidate_3,candidate_1,3,0.02
6314,candidate_2,candidate_3,candidate_1,3,0.02
6315,candidate_2,candidate_3,candidate_1,3,0.02
6316,candidate_2,candidate_3,candidate_1,3,0.02
6317,candidate_2,candidate_3,candidate_1,3,0.02
6318,candidate_2,candidate_3,candidate_1,3,0.02
6319,candidate_2,candidate_3,candidate_1,3,0.02
6320,candidate_2,candidate_3,candidate_1,3,0.02
6321,candidate_2,candidate_3,candidate_1,3,0.02
6322,candidate_2,candidate_3,candidate_1,3,0.02
6323,candidate_2,0,candidate_1,3,0.02
6324,candidate_2,candidate_3,candidate_1,3,0.02
6325,candidate_2,candidate_3,candidate_1,3,0.02
6326,candidate_2,candidate_3,candidate_1,3,0.02
6327,candidate_2,candidate_3,candidate_1,3,0.02
6328,candidate_2,candidate_3,candidate_1,3,0.02
6329,candidate_2,candidate_3,candidate_1,3,0.02
6330,candidate_2,candidate_3,candidate_1,3,0.02
6331,candidate_2,candidate_3,candidate_1,3,0.02
6332,candidate_2,candidate_3,candidate_1,3,0.02
6333,candidate_2,candidate_3,candidate_1,3,0.02
6334,candidate_2,candidate_3,candidate_1,3,0.02
6335,candidate_2,candidate_3,candidate_1,3,0.02
6336,candidate_2,candidate_3,candidate_1,3,0.02
6337,candidate_2,candidate_3,candidate_1,3,0.02
6338,candidate_2,candidate_3,0,3,0.02
6339,candidate_2,candidate_3,candidate_1,3,0.02
6340,candidate_2,candidate_3,candidate_1,3,0.02
6341,candidate_2,candidate_3,candidate_1,3,0.02
6342,candidate_2,candidate_3,candidate_1,3,0.02
6343,candidate_2,candidate_3,candidate_1,3,0.02
6344,candidate_2,candidate_3,candidate_1,3,0.02
6345,candidate_2,candidate_3,candidate_1,3,0.02
6346,candidate_2,candidate_3,candidate_1,3,0.02
6347,candidate_2,candidate_3,candidate_1,3,0.02
6348,candidate_2,candidate_3,candidate_1,3,0.02
6349,candidate_2,candidate_3,candidate_1,3,0.02
6350,candidate_2,candidate_3,candidate_1,3,0.02
6351,candidate_2,candidate_3,candidate_1,3,0.02
6352,candidate_2,candidate_3,candidate_1,3,0.02
6353,candidate_2,candidate_3,candidate_1,3,0.02
6354,candidate_2,candidate_3,candidate_1,3,0.02
6355,candidate_2,candidate_3,candidate_1,3,0.02
6356,candidate_2,candidate_3,candidate_1,3,0.02
6357,candidate_2,candidate_3,candidate_1,3,0.02
6358,candidate_2,candidate_3,candidate_1,3,0.02
6359,candidate_2,candidate_3,candidate_1,3,0.02
6360,candidate_2,candidate_3,candidate_1,3,0.02
6361,candidate_2,candidate_3,candidate_1,3,0.02
6362,candidate_2,candidate_3,candidate_1,3,0.02
6363,candidate_2,candidate_3,candidate_1,3,0.02
6364,candidate_2,candidate_3,candidate_1,3,0.02
6365,candidate_2,candidate_3,candidate_1,3,0.02
6366,candidate_2,candidate_3,candidate_1,3,0.02
6367,candidate_2,candidate_3,candidate_1,3,0.02
6368,candidate_2,candidate_3,0,3,0.02
6369,candidate_2,candidate_3,candidate_1,3,0.02
6370,candidate_2,candidate_3,candidate_1,3,0.02
6371,candidate_2,candidate_3,candidate_1,3,0.02
6372,candidate_2,candidate_3,candidate_1,3,0.02
6373,candidate_2,candidate_3,candidate_1,3,0.02
6374,candidate_2,candidate_3,candidate_1,3,0.02
6375,candidate_2,candidate_3,candidate_1,3,0.02
6376,candidate_2,candidate_3,candidate_1,3,0.02
6377,candidate_2,candidate_3,candidate_1,3,0.02
6378,candidate_2,candidate_3,candidate_1,3,0.02
6379,candidate_2,candidate_3,candidate_1,3,0.02
6380,candidate_2,candidate_3,candidate_1,3,0.02
6381,candidate_2,candidate_3,candidate_1,3,0.02
6382,candidate_2,candidate_3,candidate_1,3,0.02
6383,candidate_2,candidate_3,candidate_1,3,0.02
6384,candidate_2,candidate_3,candidate_1,3,0.02
6385,candidate_2,candidate_3,candidate_1,3,0.02
6386,candidate_2,candidate_3,candidate_1,3,0.02
6387,candidate_2,candidate_3,candidate_1,3,0.02
6388,candidate_2,candidate_3,candidate_1,3,0.02
6389,candidate_2,candidate_3,candidate_1,3,0.02
6390,candidate_2,candidate_3,candidate_1,3,0.02
6391,candidate_2,candidate_3,candidate_1,3,0.02
6392,candidate_2,candidate_3,candidate_1,3,0.02
6393,candidate_2,candidate_3,candidate_1,3,0.02
6394,candidate_2,candidate_3,candidate_1,3,0.02
6395,candidate_2,candidate_3,candidate_1,3,0.02
6396,candidate_2,candidate_3,candidate_1,3,0.02
6397,candidate_2,candidate_3,candidate_1,3,0.02
6398,candidate_2,candidate_3,candidate_1,3,0.02
6399,candidate_2,candidate_3,candidate_1,3,0.02
6400,candidate_2,candidate_3,candidate_1,3,0.02
6401,candidate_2,candidate_3,candidate_1,3,0.02
6402,candidate_2,candidate_3,candidate_1,3,0.02
6403,candidate_2,candidate_3,candidate_1,3,0.02
6404,candidate_2,candidate_3,candidate_1,3,0.02
6405,candidate_2,candidate_3,candidate_1,3,0.02
6406,candidate_2,candidate_3,candidate_1,3,0.02
6407,candidate_2,candidate_3,candidate_1,3,0.02
6408,candidate_2,candidate_3,candidate_1,3,0.02
6409,candidate_2,candidate_3,candidate_1,3,0.02
6410,candidate_2,candidate_3,candidate_1,3,0.02
6411,candidate_2,candidate_3,candidate_1,3,0.02
6412,candidate_2,candidate_3,candidate_1,3,0.02
6413,candidate_2,candidate_3,candidate_1,3,0.02
6414,candidate_2,candidate_3,candidate_1,3,0.02
6415,candidate_2,candidate_3,candidate_1,3,0.02
6416,candidate_2,candidate_3,candidate_1,3,0.02
6417,candidate_2,candidate_3,candidate_1,3,0.02
6418,candidate_2,candidate_3,0,3,0.02
6419,candidate_2,0,candidate_1,3,0.02
6420,candidate_2,candidate_3,candidate_1,3,0.02
6421,candidate_2,candidate_3,candidate_1,3,0.02
6422,candidate_2,candidate_3,candidate_1,3,0.02
6423,candidate_2,candidate_3,candidate_1,3,0.02
6424,candidate_2,candidate_3,candidate_1,3,0.02
6425,candidate_2,candidate_3,candidate_1,3,0.02
6426,candidate_2,candidate_3,candidate_1,3,0.02
6427,candidate_2,candidate_3,candidate_1,3,0.02
6428,candidate_2,candidate_3,candidate_1,3,0.02
6429,candidate_2,candidate_3,candidate_1,3,0.02
6430,candidate_2,candidate_3,candidate_1,3,0.02
6431,candidate_2,candidate_3,candidate_1,3,0.02
6432,candidate_2,candidate_3,candidate_1,3,0.02
6433,candidate_2,candidate_3,candidate_1,3,0.02
6434,candidate_2,candidate_3,candidate_1,3,0.02
6435,candidate_2,candidate_3,candidate_1,3,0.02
6436,candidate_2,candidate_3,candidate_1,3,0.02
6437,candidate_2,candidate_3,candidate_1,3,0.02
6438,candidate_2,candidate_3,candidate_1,3,0.02
6439,candidate_2,candidate_3,candidate_1,3,0.02
6440,candidate_2,candidate_3,candidate_1,3,0.02
6441,candidate_2,candidate_3,candidate_1,3,0.02
6442,candidate_2,candidate_3,candidate_1,3,0.02
6443,candidate_2,candidate_3,candidate_1,3,0.02
6444,candidate_2,candidate_3,candidate_1,3,0.02
6445,candidate_2,candidate_3,candidate_1,3,0.02
6446,candidate_2,candidate_3,candidate_1,3,0.02
6447,candidate_2,candidate_3,candidate_1,3,0.02
6448,candidate_2,candidate_3,candidate_1,3,0.02
6449,candidate_2,candidate_3,candidate_1,3,0.02
6450,candidate_2,candidate_3,candidate_1,3,0.02
6451,candidate_2,candidate_3,candidate_1,3,0.02
6452,candidate_2,candidate_3,candidate_1,3,0.02
6453,candidate_2,candidate_3,candidate_1,3,0.02
6454,candidate_2,candidate_3,candidate_1,3,0.02
6455,candidate_2,candidate_3,candidate_1,3,0.02
6456,candidate_2,candidate_3,0,3,0.02
6457,candidate_2,candidate_3,candidate_1,3,0.02
6458,candidate_2,candidate_3,candidate_1,3,0.02
6459,candidate_2,candidate_3,candidate_1,3,0.02
6460,candidate_2,candidate_3,candidate_1,3,0.02
6461,candidate_2,candidate_3,candidate_1,3,0.02
6462,candidate_2,candidate_3,candidate_1,3,0.02
6463,candidate_2,candidate_3,candidate_1,3,0.02
6464,candidate_2,candidate_3,candidate_1,3,0.02
6465,candidate_2,candidate_3,candidate_1,3,0.02
6466,candidate_2,candidate_3,candidate_1,3,0.02
6467,candidate_2,candidate_3,candidate_1,3,0.02
6468,candidate_2,candidate_3,candidate_1,3,0.02
6469,candidate_2,candidate_3,candidate_1,3,0.02
6470,candidate_2,candidate_3,candidate_1,3,0.02
6471,candidate_2,candidate_3,candidate_1,3,0.02
6472,candidate_2,candidate_3,candidate_1,3,0.02
6473,candidate_2,candidate_3,candidate_1,3,0.02
6474,candidate_2,candidate_3,candidate_1,3,0.02
6475,candidate_2,candidate_3,candidate_1,3,0.02
6476,candidate_2,candidate_3,candidate_1,3,0.02
6477,candidate_2,candidate_3,candidate_1,3,0.02
6478,candidate_2,candidate_3,candidate_1,3,0.02
6479,candidate_2,candidate_3,candidate_1,3,0.02
6480,candidate_2,candidate_3,candidate_1,3,0.02
6481,candidate_2,candidate_3,candidate_1,3,0.02
6482,candidate_2,candidate_3,candidate_1,3,0.02
6483,candidate_2,candidate_3,candidate_1,3,0.02
6484,candidate_2,candidate_3,candidate_1,3,0.02
6485,candidate_2,candidate_3,candidate_1,3,0.02
6486,candidate_2,candidate_3,candidate_1,3,0.02
6487,candidate_2,candidate_3,candidate_1,3,0.02
6488,candidate_2,candidate_3,candidate_1,3,0.02
6489,candidate_2,candidate_3,candidate_1,3,0.02
6490,candidate_2,candidate_3,candidate_1,3,0.02
6491,candidate_2,candidate_3,candidate_1,3,0.02
6492,candidate_2,candidate_3,candidate_1,3,0.02
6493,candidate_2,candidate_3,candidate_1,3,0.02
6494,candidate_2,candidate_3,candidate_1,3,0.02
6495,candidate_2,candidate_3,candidate_1,3,0.02
6496,candidate_2,candidate_3,candidate_1,3,0.02
6497,candidate_2,candidate_3,candidate_1,3,0.02
6498,candidate_2,candidate_3,candidate_1,3,0.02
6499,candidate_2,candidate_3,candidate_1,3,0.02
6500,candidate_2,candidate_3,candidate_1,3,0.02
6501,candidate_2,candidate_3,candidate_1,3,0.02
6502,candidate_2,candidate_3,candidate_1,3,0.02
6503,candidate_2,candidate_3,candidate_1,3,0.02
6504,candidate_2,candidate_3,0,3,0.02
6505,candidate_2,candidate_3,candidate_1,3,0.02
6506,candidate_2,candidate_3,candidate_1,3,0.02
6507,candidate_2,candidate_3,candidate_1,3,0.02
6508,candidate_2,candidate_3,candidate_1,3,0.02
6509,candidate_2,candidate_3,candidate_1,3,0.02
6510,candidate_2,candidate_3,candidate_1,3,0.02
6511,candidate_2,candidate_3,candidate_1,3,0.02
6512,candidate_2,candidate_3,candidate_1,3,0.02
6513,candidate_2,candidate_3,candidate_1,3,0.02
6514,candidate_2,candidate_3,candidate_1,3,0.02
6515,candidate_2,candidate_3,candidate_1,3,0.02
6516,candidate_2,candidate_3,candidate_1,3,0.02
6517,candidate_2,candidate_3,candidate_1,3,0.02
6518,candidate_2,candidate_3,candidate_1,3,0.02
6519,candidate_2,candidate_3,candidate_1,3,0.02
6520,candidate_2,candidate_3,candidate_1,3,0.02
6521,candidate_2,candidate_3,candidate_1,3,0.02
6522,candidate_2,candidate_3,candidate_1,3,0.02
6523,candidate_2,candidate_3,candidate_1,3,0.02
6524,candidate_2,candidate_3,candidate_1,3,0.02
6525,candidate_2,candidate_3,candidate_1,3,0.02
6526,candidate_2,candidate_3,candidate_1,3,0.02
6527,candidate_2,candidate_3,candidate_1,3,0.02
6528,candidate_2,candidate_3,candidate_1,3,0.02
6529,candidate_2,candidate_3,candidate_1,3,0.02
6530,candidate_2,candidate_3,candidate_1,3,0.02
6531,candidate_2,candidate_3,candidate_1,3,0.02
6532,candidate_2,candidate_3,candidate_1,3,0.02
6533,candidate_2,candidate_3,candidate_1,3,0.02
6534,candidate_2,candidate_3,candidate_1,3,0.02
6535,candidate_2,candidate_3,candidate_1,3,0.02
6536,candidate_2,candidate_3,0,3,0.02
6537,candidate_2,candidate_3,candidate_1,3,0.02
6538,candidate_2,candidate_3,candidate_1,3,0.02
6539,candidate_2,candidate_3,candidate_1,3,0.02
6540,candidate_2,candidate_3,candidate_1,3,0.02
6541,candidate_2,candidate_3,candidate_1,3,0.02
6542,candidate_2,candidate_3,candidate_1,3,0.02
6543,candidate_2,candidate_3,candidate_1,3,0.02
6544,candidate_2,candidate_3,candidate_1,3,0.02
6545,candidate_2,candidate_3,candidate_1,3,0.02
6546,candidate_2,candidate_3,candidate_1,3,0.02
6547,candidate_2,candidate_3,candidate_1,3,0.02
6548,candidate_2,candidate_3,candidate_1,3,0.02
6549,candidate_2,candidate_3,candidate_1,3,0.02
6550,candidate_2,candidate_3,candidate_1,3,0.02
6551,candidate_2,candidate_3,candidate_1,3,0.02
6552,candidate_2,candidate_3,candidate_1,3,0.02
6553,candidate_2,candidate_3,candidate_1,3,0.02
6554,candidate_2,candidate_3,candidate_1,3,0.02
6555,candidate_2,candidate_3,candidate_1,3,0.02
6556,candidate_2,candidate_3,candidate_1,3,0.02
6557,candidate_2,candidate_3,candidate_1,3,0.02
6558,candidate_2,candidate_3,candidate_1,3,0.02
6559,candidate_2,candidate_3,candidate_1,3,0.02
6560,candidate_2,candidate_3,candidate_1,3,0.02
6561,candidate_2,candidate_3,candidate_1,3,0.02
6562,candidate_2,candidate_3,candidate_1,3,0.02
6563,candidate_2,candidate_3,candidate_1,3,0.02
6564,candidate_2,candidate_3,candidate_1,3,0.02
6565,candidate_2,candidate_3,candidate_1,3,0.02
6566,candidate_2,candidate_3,candidate_1,3,0.02
6567,candidate_2,candidate_3,candidate_1,3,0.02
6568,candidate_2,candidate_3,candidate_1,3,0.02
6569,candidate_2,candidate_3,candidate_1,3,0.02
6570,candidate_2,candidate_3,candidate_1,3,0.02
6571,candidate_2,candidate_3,candidate_1,3,0.02
6572,candidate_2,candidate_3,candidate_1,3,0.02
6573,candidate_2,candidate_3,candidate_1,3,0.02
6574,candidate_2,candidate_3,candidate_1,3,0.02
6575,candidate_2,candidate_3,candidate_1,3,0.02
6576,candidate_2,candidate_3,candidate_1,3,0.02
6577,candidate_2,candidate_3,candidate_1,3,0.02
6578,candidate_2,candidate_3,candidate_1,3,0.02
6579,candidate_2,candidate_3,candidate_1,3,0.02
6580,candidate_2,candidate_3,candidate_1,3,0.02
6581,candidate_2,candidate_3,candidate_1,3,0.02
6582,candidate_2,candidate_3,candidate_1,3,0.02
6583,candidate_2,candidate_3,candidate_1,3,0.02
6584,candidate_2,candidate_3,candidate_1,3,0.02
6585,candidate_2,candidate_3,candidate_1,3,0.02
6586,candidate_2,candidate_3,candidate_1,3,0.02
6587,candidate_2,candidate_3,candidate_1,3,0.02
6588,candidate_2,candidate_3,candidate_1,3,0.02
6589,candidate_2,candidate_3,candidate_1,3,0.02
6590,candidate_2,candidate_3,candidate_1,3,0.02
6591,candidate_2,candidate_3,candidate_1,3,0.02
6592,candidate_2,candidate_3,candidate_1,3,0.02
6593,candidate_2,candidate_3,candidate_1,3,0.02
6594,candidate_2,candidate_3,candidate_1,3,0.02
6595,candidate_2,candidate_3,candidate_1,3,0.02
6596,candidate_2,candidate_3,candidate_1,3,0.02
6597,candidate_2,candidate_3,candidate_1,3,0.02
6598,candidate_2,candidate_3,candidate_1,3,0.02
6599,candidate_2,candidate_3,candidate_1,3,0.02
6600,candidate_2,candidate_3,candidate_1,3,0.02
6601,candidate_2,candidate_3,candidate_1,3,0.02
6602,candidate_2,candidate_3,candidate_1,3,0.02
6603,candidate_2,candidate_3,candidate_1,3,0.02
6604,candidate_2,candidate_3,candidate_1,3,0.02
6605,candidate_2,candidate_3,candidate_1,3,0.02
6606,0,candidate_3,candidate_1,3,0.02
6607,candidate_2,candidate_3,candidate_1,3,0.02
6608,candidate_2,candidate_3,candidate_1,3,0.02
6609,candidate_2,candidate_3,candidate_1,3,0.02
6610,candidate_2,candidate_3,0,3,0.02
6611,candidate_2,candidate_3,candidate_1,3,0.02
6612,candidate_2,candidate_3,candidate_1,3,0.02
6613,candidate_2,candidate_3,candidate_1,3,0.02
6614,candidate_2,candidate_3,candidate_1,3,0.02
6615,candidate_2,candidate_3,candidate_1,3,0.02
6616,candidate_2,candidate_3,candidate_1,3,0.02
6617,candidate_2,candidate_3,candidate_1,3,0.02
6618,candidate_2,candidate_3,candidate_1,3,0.02
6619,candidate_2,candidate_3,candidate_1,3,0.02
6620,candidate_2,candidate_3,candidate_1,3,0.02
6621,candidate_2,candidate_3,candidate_1,3,0.02
6622,candidate_2,candidate_3,candidate_1,3,0.02
6623,candidate_2,candidate_3,0,3,0.02
6624,candidate_2,candidate_3,candidate_1,3,0.02
6625,candidate_2,candidate_3,0,3,0.02
6626,candidate_2,candidate_3,candidate_1,3,0.02
6627,candidate_2,candidate_3,candidate_1,3,0.02
6628,candidate_2,candidate_3,candidate_1,3,0.02
6629,candidate_2,0,candidate_1,3,0.02
6630,candidate_2,candidate_3,candidate_1,3,0.02
6631,candidate_2,candidate_3,candidate_1,3,0.02
6632,candidate_2,candidate_3,candidate_1,3,0.02
6633,candidate_2,candidate_3,candidate_1,3,0.02
6634,candidate_2,candidate_3,candidate_1,3,0.02
6635,candidate_2,candidate_3,candidate_1,3,0.02
6636,candidate_2,candidate_3,candidate_1,3,0.02
6637,candidate_2,candidate_3,candidate_1,3,0.02
6638,candidate_2,candidate_3,candidate_1,3,0.02
6639,candidate_2,candidate_3,candidate_1,3,0.02
6640,candidate_2,candidate_3,candidate_1,3,0.02
6641,candidate_2,candidate_3,candidate_1,3,0.02
6642,candidate_2,candidate_3,candidate_1,3,0.02
6643,candidate_2,candidate_3,candidate_1,3,0.02
6644,candidate_2,candidate_3,candidate_1,3,0.02
6645,candidate_2,candidate_3,candidate_1,3,0.02
6646,candidate_2,candidate_3,candidate_1,3,0.02
6647,candidate_2,candidate_3,candidate_1,3,0.02
6648,candidate_2,candidate_3,candidate_1,3,0.02
6649,candidate_2,candidate_3,candidate_1,3,0.02
6650,candidate_2,candidate_3,candidate_1,3,0.02
6651,candidate_2,candidate_3,candidate_1,3,0.02
6652,candidate_2,candidate_3,candidate_1,3,0.02
6653,candidate_2,candidate_3,candidate_1,3,0.02
6654,candidate_2,candidate_3,candidate_1,3,0.02
6655,candidate_2,candidate_3,candidate_1,3,0.02
6656,candidate_2,candidate_3,candidate_1,3,0.02
6657,0,candidate_3,candidate_1,3,0.02
6658,candidate_2,candidate_3,candidate_1,3,0.02
6659,candidate_2,candidate_3,candidate_1,3,0.02
6660,candidate_2,candidate_3,candidate_1,3,0.02
6661,candidate_2,candidate_3,candidate_1,3,0.02
6662,candidate_2,candidate_3,candidate_1,3,0.02
6663,candidate_2,candidate_3,candidate_1,3,0.02
6664,candidate_2,candidate_3,candidate_1,3,0.02
6665,candidate_2,candidate_3,candidate_1,3,0.02
6666,candidate_2,candidate_3,candidate_1,3,0.02
6667,candidate_2,candidate_3,candidate_1,3,0.02
6668,candidate_2,candidate_3,candidate_1,3,0.02
6669,candidate_2,candidate_3,candidate_1,3,0.02
6670,candidate_2,candidate_3,candidate_1,3,0.02
6671,candidate_2,candidate_3,candidate_1,3,0.02
6672,candidate_2,candidate_3,candidate_1,3,0.02
6673,candidate_2,candidate_3,candidate_1,3,0.02
6674,0,candidate_3,candidate_1,3,0.02
6675,candidate_2,candidate_3,candidate_1,3,0.02
6676,candidate_2,candidate_3,candidate_1,3,0.02
6677,candidate_2,candidate_3,candidate_1,3,0.02
6678,candidate_2,candidate_3,candidate_1,3,0.02
6679,candidate_2,candidate_3,candidate_1,3,0.02
6680,candidate_2,candidate_3,candidate_1,3,0.02
6681,candidate_2,candidate_3,candidate_1,3,0.02
6682,candidate_2,candidate_3,candidate_1,3,0.02
6683,candidate_2,candidate_3,candidate_1,3,0.02
6684,candidate_2,candidate_3,candidate_1,3,0.02
6685,candidate_2,candidate_3,candidate_1,3,0.02
6686,candidate_2,candidate_3,candidate_1,3,0.02
6687,candidate_2,candidate_3,candidate_1,3,0.02
6688,candidate_2,candidate_3,candidate_1,3,0.02
6689,candidate_2,candidate_3,candidate_1,3,0.02
6690,candidate_2,candidate_3,0,3,0.02
6691,candidate_2,candidate_3,candidate_1,3,0.02
6692,0,candidate_3,candidate_1,3,0.02
6693,candidate_2,candidate_3,candidate_1,3,0.02
6694,candidate_2,candidate_3,candidate_1,3,0.02
6695,candidate_2,candidate_3,candidate_1,3,0.02
6696,candidate_2,candidate_3,candidate_1,3,0.02
6697,candidate_2,candidate_3,candidate_1,3,0.02
6698,candidate_2,candidate_3,candidate_1,3,0.02
6699,candidate_2,candidate_3,candidate_1,3,0.02
6700,candidate_2,candidate_3,candidate_1,3,0.02
6701,candidate_2,candidate_3,candidate_1,3,0.02
6702,candidate_2,candidate_3,candidate_1,3,0.02
6703,candidate_2,candidate_3,candidate_1,3,0.02
6704,candidate_2,candidate_3,candidate_1,3,0.02
6705,candidate_2,candidate_3,candidate_1,3,0.02
6706,candidate_2,candidate_3,candidate_1,3,0.02
6707,candidate_2,candidate_3,candidate_1,3,0.02
6708,candidate_2,candidate_3,candidate_1,3,0.02
6709,candidate_2,candidate_3,candidate_1,3,0.02
6710,candidate_2,candidate_3,candidate_1,3,0.02
6711,candidate_2,candidate_3,candidate_1,3,0.02
6712,candidate_2,candidate_3,candidate_1,3,0.02
6713,candidate_2,candidate_3,candidate_1,3,0.02
6714,candidate_2,candidate_3,candidate_1,3,0.02
6715,candidate_2,candidate_3,candidate_1,3,0.02
6716,candidate_2,candidate_3,candidate_1,3,0.02
6717,candidate_2,candidate_3,candidate_1,3,0.02
6718,candidate_2,candidate_3,candidate_1,3,0.02
6719,candidate_2,candidate_3,candidate_1,3,0.02
6720,candidate_2,candidate_3,candidate_1,3,0.02
6721,candidate_2,candidate_3,candidate_1,3,0.02
6722,candidate_2,candidate_3,candidate_1,3,0.02
6723,candidate_2,candidate_3,candidate_1,3,0.02
6724,candidate_2,candidate_3,candidate_1,3,0.02
6725,candidate_2,candidate_3,candidate_1,3,0.02
6726,candidate_2,candidate_3,candidate_1,3,0.02
6727,candidate_2,candidate_3,candidate_1,3,0.02
6728,candidate_2,candidate_3,candidate_1,3,0.02
6729,candidate_2,candidate_3,candidate_1,3,0.02
6730,candidate_2,candidate_3,candidate_1,3,0.02
6731,candidate_2,candidate_3,candidate_1,3,0.02
6732,candidate_2,candidate_3,candidate_1,3,0.02
6733,candidate_2,candidate_3,candidate_1,3,0.02
6734,candidate_2,0,0,3,0.02
6735,candidate_2,candidate_3,candidate_1,3,0.02
6736,candidate_2,candidate_3,candidate_1,3,0.02
6737,candidate_2,candidate_3,candidate_1,3,0.02
6738,candidate_2,candidate_3,candidate_1,3,0.02
6739,candidate_2,candidate_3,candidate_1,3,0.02
6740,candidate_2,candidate_3,candidate_1,3,0.02
6741,candidate_2,candidate_3,candidate_1,3,0.02
6742,candidate_2,candidate_3,candidate_1,3,0.02
6743,candidate_2,candidate_3,candidate_1,3,0.02
6744,candidate_2,candidate_3,candidate_1,3,0.02
6745,candidate_2,candidate_3,candidate_1,3,0.02
6746,candidate_2,candidate_3,candidate_1,3,0.02
6747,candidate_2,candidate_3,candidate_1,3,0.02
6748,candidate_2,candidate_3,candidate_1,3,0.02
6749,candidate_2,candidate_3,candidate_1,3,0.02
6750,candidate_2,candidate_3,candidate_1,3,0.02
6751,candidate_2,candidate_3,candidate_1,3,0.02
6752,candidate_2,candidate_3,candidate_1,3,0.02
6753,candidate_2,candidate_3,candidate_1,3,0.02
6754,candidate_2,candidate_3,candidate_1,3,0.02
6755,candidate_2,candidate_3,candidate_1,3,0.02
6756,candidate_2,candidate_3,candidate_1,3,0.02
6757,candidate_2,candidate_3,candidate_1,3,0.02
6758,candidate_2,candidate_3,candidate_1,3,0.02
6759,candidate_2,candidate_3,candidate_1,3,0.02
6760,candidate_2,candidate_3,candidate_1,3,0.02
6761,candidate_2,0,candidate_1,3,0.02
6762,candidate_2,candidate_3,candidate_1,3,0.02
6763,candidate_2,candidate_3,candidate_1,3,0.02
6764,candidate_2,candidate_3,candidate_1,3,0.02
6765,candidate_2,candidate_3,candidate_1,3,0.02
6766,candidate_2,candidate_3,candidate_1,3,0.02
6767,candidate_2,candidate_3,candidate_1,3,0.02
6768,candidate_2,candidate_3,candidate_1,3,0.02
6769,candidate_2,candidate_3,candidate_1,3,0.02
6770,candidate_2,candidate_3,candidate_1,3,0.02
6771,candidate_2,candidate_3,candidate_1,3,0.02
6772,candidate_2,candidate_3,candidate_1,3,0.02
6773,candidate_2,candidate_3,candidate_1,3,0.02
6774,candidate_2,candidate_3,candidate_1,3,0.02
6775,candidate_2,candidate_3,candidate_1,3,0.02
6776,candidate_2,candidate_3,candidate_1,3,0.02
6777,candidate_2,candidate_3,candidate_1,3,0.02
6778,candidate_2,candidate_3,candidate_1,3,0.02
6779,candidate_2,candidate_3,candidate_1,3,0.02
6780,candidate_2,candidate_3,candidate_1,3,0.02
6781,candidate_2,candidate_3,candidate_1,3,0.02
6782,candidate_2,candidate_3,candidate_1,3,0.02
6783,candidate_2,candidate_3,candidate_1,3,0.02
6784,candidate_2,candidate_3,candidate_1,3,0.02
6785,candidate_2,candidate_3,candidate_1,3,0.02
6786,candidate_2,candidate_3,candidate_1,3,0.02
6787,candidate_2,candidate_3,candidate_1,3,0.02
6788,candidate_2,candidate_3,candidate_1,3,0.02
6789,candidate_2,candidate_3,candidate_1,3,0.02
6790,candidate_2,candidate_3,candidate_1,3,0.02
6791,candidate_2,candidate_3,candidate_1,3,0.02
6792,candidate_2,candidate_3,candidate_1,3,0.02
6793,candidate_2,candidate_3,candidate_1,3,0.02
6794,candidate_2,candidate_3,candidate_1,3,0.02
6795,candidate_2,candidate_3,candidate_1,3,0.02
6796,candidate_2,candidate_3,candidate_1,3,0.02
6797,candidate_2,candidate_3,candidate_1,3,0.02
6798,candidate_2,candidate_3,candidate_1,3,0.02
6799,candidate_2,candidate_3,candidate_1,3,0.02
6800,candidate_2,candidate_3,candidate_1,3,0.02
6801,candidate_2,candidate_3,candidate_1,3,0.02
6802,candidate_2,candidate_3,0,3,0.02
6803,candidate_2,candidate_3,candidate_1,3,0.02
6804,candidate_2,candidate_3,candidate_1,3,0.02
6805,candidate_2,candidate_3,candidate_1,3,0.02
6806,0,candidate_3,candidate_1,3,0.02
6807,candidate_2,candidate_3,candidate_1,3,0.02
6808,candidate_2,candidate_3,candidate_1,3,0.02
6809,candidate_2,candidate_3,candidate_1,3,0.02
6810,candidate_2,candidate_3,candidate_1,3,0.02
6811,candidate_2,candidate_3,candidate_1,3,0.02
6812,candidate_2,candidate_3,candidate_1,3,0.02
6813,candidate_2,candidate_3,candidate_1,3,0.02
6814,candidate_2,candidate_3,candidate_1,3,0.02
6815,candidate_2,candidate_3,candidate_1,3,0.02
6816,candidate_2,candidate_3,candidate_1,3,0.02
6817,candidate_2,candidate_3,candidate_1,3,0.02
6818,candidate_2,candidate_3,candidate_1,3,0.02
6819,candidate_2,candidate_3,candidate_1,3,0.02
6820,candidate_2,candidate_3,candidate_1,3,0.02
6821,candidate_2,candidate_3,candidate_1,3,0.02
6822,candidate_2,candidate_3,candidate_1,3,0.02
6823,candidate_2,candidate_3,candidate_1,3,0.02
6824,candidate_2,candidate_3,candidate_1,3,0.02
6825,candidate_2,candidate_3,candidate_1,3,0.02
6826,candidate_2,candidate_3,candidate_1,3,0.02
6827,candidate_2,candidate_3,candidate_1,3,0.02
6828,candidate_2,candidate_3,candidate_1,3,0.02
6829,candidate_2,candidate_3,candidate_1,3,0.02
6830,candidate_2,candidate_3,candidate_1,3,0.02
6831,candidate_2,candidate_3,candidate_1,3,0.02
6832,candidate_2,candidate_3,candidate_1,3,0.02
6833,candidate_2,candidate_3,candidate_1,3,0.02
6834,candidate_2,candidate_3,candidate_1,3,0.02
6835,candidate_2,candidate_3,candidate_1,3,0.02
6836,candidate_2,candidate_3,candidate_1,3,0.02
6837,candidate_2,candidate_3,candidate_1,3,0.02
6838,candidate_2,candidate_3,candidate_1,3,0.02
6839,candidate_2,candidate_3,candidate_1,3,0.02
6840,candidate_2,candidate_3,candidate_1,3,0.02
6841,candidate_2,candidate_3,candidate_1,3,0.02
6842,candidate_2,candidate_3,candidate_1,3,0.02
6843,candidate_2,candidate_3,candidate_1,3,0.02
6844,candidate_2,candidate_3,candidate_1,3,0.02
6845,candidate_2,candidate_3,candidate_1,3,0.02
6846,candidate_2,candidate_3,candidate_1,3,0.02
6847,candidate_2,candidate_3,candidate_1,3,0.02
6848,candidate_2,candidate_3,0,3,0.02
6849,candidate_2,candidate_3,candidate_1,3,0.02
6850,candidate_2,candidate_3,candidate_1,3,0.02
6851,candidate_2,candidate_3,candidate_1,3,0.02
6852,candidate_2,candidate_3,candidate_1,3,0.02
6853,candidate_2,candidate_3,candidate_1,3,0.02
6854,candidate_2,candidate_3,candidate_1,3,0.02
6855,0,candidate_3,candidate_1,3,0.02
6856,candidate_2,candidate_3,candidate_1,3,0.02
6857,candidate_2,candidate_3,candidate_1,3,0.02
6858,candidate_2,candidate_3,candidate_1,3,0.02
6859,candidate_2,candidate_3,candidate_1,3,0.02
6860,candidate_2,candidate_3,candidate_1,3,0.02
6861,candidate_2,candidate_3,candidate_1,3,0.02
6862,candidate_2,candidate_3,candidate_1,3,0.02
6863,candidate_2,candidate_3,candidate_1,3,0.02
6864,candidate_2,candidate_3,candidate_1,3,0.02
6865,candidate_2,candidate_3,candidate_1,3,0.02
6866,candidate_2,candidate_3,candidate_1,3,0.02
6867,candidate_2,candidate_3,candidate_1,3,0.02
6868,candidate_2,candidate_3,candidate_1,3,0.02
6869,candidate_2,candidate_3,candidate_1,3,0.02
6870,candidate_2,candidate_3,candidate_1,3,0.02
6871,candidate_2,candidate_3,candidate_1,3,0.02
6872,candidate_2,candidate_3,candidate_1,3,0.02
6873,candidate_2,candidate_3,candidate_1,3,0.02
6874,candidate_2,candidate_3,candidate_1,3,0.02
6875,candidate_2,candidate_3,candidate_1,3,0.02
6876,candidate_2,candidate_3,candidate_1,3,0.02
6877,candidate_2,candidate_3,candidate_1,3,0.02
6878,candidate_2,candidate_3,0,3,0.02
6879,candidate_2,candidate_3,candidate_1,3,0.02
6880,candidate_2,candidate_3,candidate_1,3,0.02
6881,candidate_2,candidate_3,candidate_1,3,0.02
6882,candidate_2,candidate_3,candidate_1,3,0.02
6883,candidate_2,candidate_3,candidate_1,3,0.02
6884,candidate_2,candidate_3,candidate_1,3,0.02
6885,candidate_2,candidate_3,candidate_1,3,0.02
6886,candidate_2,candidate_3,candidate_1,3,0.02
6887,candidate_2,candidate_3,candidate_1,3,0.02
6888,candidate_2,candidate_3,candidate_1,3,0.02
6889,candidate_2,candidate_3,candidate_1,3,0.02
6890,candidate_2,candidate_3,candidate_1,3,0.02
6891,0,candidate_3,candidate_1,3,0.02
6892,candidate_2,candidate_3,candidate_1,3,0.02
6893,candidate_2,candidate_3,candidate_1,3,0.02
6894,candidate_2,candidate_3,candidate_1,3,0.02
6895,candidate_2,candidate_3,candidate_1,3,0.02
6896,0,candidate_3,candidate_1,3,0.02
6897,candidate_2,candidate_3,candidate_1,3,0.02
6898,candidate_2,candidate_3,candidate_1,3,0.02
6899,candidate_2,candidate_3,candidate_1,3,0.02
6900,candidate_2,candidate_3,candidate_1,3,0.02
6901,candidate_2,candidate_3,candidate_1,3,0.02
6902,candidate_2,candidate_3,candidate_1,3,0.02
6903,candidate_2,candidate_3,candidate_1,3,0.02
6904,candidate_2,candidate_3,candidate_1,3,0.02
6905,candidate_2,candidate_3,candidate_1,3,0.02
6906,candidate_2,candidate_3,candidate_1,3,0.02
6907,candidate_2,candidate_3,candidate_1,3,0.02
6908,candidate_2,candidate_3,candidate_1,3,0.02
6909,candidate_2,candidate_3,candidate_1,3,0.02
6910,candidate_2,candidate_3,candidate_1,3,0.02
6911,candidate_2,candidate_3,candidate_1,3,0.02
6912,candidate_2,candidate_3,candidate_1,3,0.02
6913,candidate_2,candidate_3,candidate_1,3,0.02
6914,candidate_2,candidate_3,candidate_1,3,0.02
6915,candidate_2,candidate_3,candidate_1,3,0.02
6916,candidate_2,candidate_3,candidate_1,3,0.02
6917,candidate_2,candidate_3,candidate_1,3,0.02
6918,candidate_2,candidate_3,candidate_1,3,0.02
6919,candidate_2,candidate_3,candidate_1,3,0.02
6920,candidate_2,candidate_3,candidate_1,3,0.02
6921,candidate_2,candidate_3,candidate_1,3,0.02
6922,candidate_2,candidate_3,candidate_1,3,0.02
6923,candidate_2,candidate_3,candidate_1,3,0.02
6924,candidate_2,candidate_3,candidate_1,3,0.02
6925,candidate_2,candidate_3,candidate_1,3,0.02
6926,candidate_2,candidate_3,candidate_1,3,0.02
6927,candidate_2,candidate_3,candidate_1,3,0.02
6928,candidate_2,candidate_3,candidate_1,3,0.02
6929,candidate_2,candidate_3,candidate_1,3,0.02
6930,candidate_2,candidate_3,candidate_1,3,0.02
6931,candidate_2,candidate_3,candidate_1,3,0.02
6932,candidate_2,candidate_3,candidate_1,3,0.02
6933,candidate_2,candidate_3,candidate_1,3,0.02
6934,candidate_2,candidate_3,candidate_1,3,0.02
6935,candidate_2,candidate_3,candidate_1,3,0.02
6936,candidate_2,candidate_3,candidate_1,3,0.02
6937,candidate_2,candidate_3,candidate_1,3,0.02
6938,candidate_2,candidate_3,candidate_1,3,0.02
6939,candidate_2,candidate_3,candidate_1,3,0.02
6940,candidate_2,candidate_3,candidate_1,3,0.02
6941,candidate_2,candidate_3,candidate_1,3,0.02
6942,candidate_2,candidate_3,candidate_1,3,0.02
6943,candidate_2,candidate_3,candidate_1,3,0.02
6944,candidate_2,candidate_3,candidate_1,3,0.02
6945,candidate_2,candidate_3,candidate_1,3,0.02
6946,candidate_2,candidate_3,candidate_1,3,0.02
6947,candidate_2,candidate_3,candidate_1,3,0.02
6948,candidate_2,candidate_3,candidate_1,3,0.02
6949,candidate_2,candidate_3,candidate_1,3,0.02
6950,candidate_2,candidate_3,candidate_1,3,0.02
6951,candidate_2,candidate_3,candidate_1,3,0.02
6952,candidate_2,candidate_3,candidate_1,3,0.02
6953,candidate_2,candidate_3,candidate_1,3,0.02
6954,candidate_2,candidate_3,candidate_1,3,0.02
6955,candidate_2,candidate_3,candidate_1,3,0.02
6956,candidate_2,candidate_3,candidate_1,3,0.02
6957,candidate_2,candidate_3,candidate_1,3,0.02
6958,candidate_2,candidate_3,0,3,0.02
6959,candidate_2,candidate_3,candidate_1,3,0.02
6960,candidate_2,candidate_3,candidate_1,3,0.02
6961,candidate_2,candidate_3,candidate_1,3,0.02
6962,candidate_2,candidate_3,candidate_1,3,0.02
6963,candidate_2,candidate_3,candidate_1,3,0.02
6964,candidate_2,candidate_3,candidate_1,3,0.02
6965,0,candidate_3,candidate_1,3,0.02
6966,0,candidate_3,candidate_1,3,0.02
6967,candidate_2,candidate_3,candidate_1,3,0.02
6968,candidate_2,candidate_3,candidate_1,3,0.02
6969,candidate_2,candidate_3,candidate_1,3,0.02
6970,candidate_2,candidate_3,candidate_1,3,0.02
6971,candidate_2,candidate_3,candidate_1,3,0.02
6972,candidate_2,candidate_3,candidate_1,3,0.02
6973,candidate_2,candidate_3,candidate_1,3,0.02
6974,candidate_2,candidate_3,candidate_1,3,0.02
6975,candidate_2,candidate_3,candidate_1,3,0.02
6976,candidate_2,candidate_3,candidate_1,3,0.02
6977,candidate_2,candidate_3,candidate_1,3,0.02
6978,candidate_2,candidate_3,candidate_1,3,0.02
6979,candidate_2,candidate_3,candidate_1,3,0.02
6980,candidate_2,candidate_3,candidate_1,3,0.02
6981,candidate_2,candidate_3,candidate_1,3,0.02
6982,candidate_2,candidate_3,candidate_1,3,0.02
6983,candidate_2,candidate_3,candidate_1,3,0.02
6984,candidate_2,candidate_3,0,3,0.02
6985,0,candidate_3,candidate_1,3,0.02
6986,candidate_2,candidate_3,candidate_1,3,0.02
6987,candidate_2,candidate_3,candidate_1,3,0.02
6988,candidate_2,candidate_3,candidate_1,3,0.02
6989,candidate_2,candidate_3,candidate_1,3,0.02
6990,candidate_2,candidate_3,candidate_1,3,0.02
6991,candidate_2,candidate_3,candidate_1,3,0.02
6992,candidate_2,candidate_3,candidate_1,3,0.02
6993,candidate_2,candidate_3,candidate_1,3,0.02
6994,candidate_2,candidate_3,candidate_1,3,0.02
6995,candidate_2,candidate_3,candidate_1,3,0.02
6996,candidate_2,candidate_3,candidate_1,3,0.02
6997,candidate_2,candidate_3,candidate_1,3,0.02
6998,candidate_2,candidate_3,candidate_1,3,0.02
6999,candidate_2,candidate_3,candidate_1,3,0.02
7000,candidate_2,candidate_3,candidate_1,3,0.02
7001,candidate_2,candidate_3,candidate_1,3,0.02
7002,candidate_2,candidate_3,candidate_1,3,0.02
7003,candidate_2,candidate_3,candidate_1,3,0.02
7004,candidate_2,candidate_3,candidate_1,3,0.02
7005,candidate_2,candidate_3,candidate_1,3,0.02
7006,candidate_2,candidate_3,candidate_1,3,0.02
7007,candidate_2,candidate_3,0,3,0.02
7008,candidate_2,candidate_3,candidate_1,3,0.02
7009,candidate_2,candidate_3,candidate_1,3,0.02
7010,candidate_2,candidate_3,candidate_1,3,0.02
7011,candidate_2,candidate_3,candidate_1,3,0.02
7012,candidate_2,candidate_3,candidate_1,3,0.02
7013,candidate_2,candidate_3,candidate_1,3,0.02
7014,candidate_2,candidate_3,candidate_1,3,0.02
7015,candidate_2,candidate_3,candidate_1,3,0.02
7016,candidate_2,candidate_3,candidate_1,3,0.02
7017,candidate_2,candidate_3,candidate_1,3,0.02
7018,candidate_2,candidate_3,candidate_1,3,0.02
7019,candidate_2,candidate_3,candidate_1,3,0.02
7020,candidate_2,candidate_3,candidate_1,3,0.02
7021,candidate_2,candidate_3,candidate_1,3,0.02
7022,candidate_2,candidate_3,candidate_1,3,0.02
7023,candidate_2,candidate_3,candidate_1,3,0.02
7024,candidate_2,candidate_3,candidate_1,3,0.02
7025,candidate_2,candidate_3,candidate_1,3,0.02
7026,candidate_2,candidate_3,candidate_1,3,0.02
7027,candidate_2,candidate_3,candidate_1,3,0.02
7028,candidate_2,candidate_3,candidate_1,3,0.02
7029,candidate_2,0,candidate_1,3,0.02
7030,candidate_2,candidate_3,candidate_1,3,0.02
7031,candidate_2,candidate_3,candidate_1,3,0.02
7032,candidate_2,candidate_3,candidate_1,3,0.02
7033,candidate_2,candidate_3,candidate_1,3,0.02
7034,candidate_2,candidate_3,candidate_1,3,0.02
7035,candidate_2,candidate_3,candidate_1,3,0.02
7036,candidate_2,candidate_3,candidate_1,3,0.02
7037,candidate_2,candidate_3,candidate_1,3,0.02
7038,candidate_2,candidate_3,candidate_1,3,0.02
7039,candidate_2,candidate_3,candidate_1,3,0.02
7040,candidate_2,candidate_3,candidate_1,3,0.02
7041,candidate_2,candidate_3,candidate_1,3,0.02
7042,candidate_2,candidate_3,candidate_1,3,0.02
7043,candidate_2,candidate_3,candidate_1,3,0.02
7044,candidate_2,candidate_3,candidate_1,3,0.02
7045,candidate_2,candidate_3,candidate_1,3,0.02
7046,candidate_2,candidate_3,candidate_1,3,0.02
7047,candidate_2,candidate_3,candidate_1,3,0.02
7048,candidate_2,candidate_3,candidate_1,3,0.02
7049,candidate_2,candidate_3,candidate_1,3,0.02
7050,candidate_2,candidate_3,candidate_1,3,0.02
7051,candidate_2,candidate_3,candidate_1,3,0.02
7052,candidate_2,candidate_3,candidate_1,3,0.02
7053,candidate_2,candidate_3,candidate_1,3,0.02
7054,candidate_2,candidate_3,candidate_1,3,0.02
7055,candidate_2,candidate_3,candidate_1,3,0.02
7056,candidate_2,candidate_3,candidate_1,3,0.02
7057,candidate_2,candidate_3,candidate_1,3,0.02
7058,candidate_2,candidate_3,candidate_1,3,0.02
7059,candidate_2,candidate_3,candidate_1,3,0.02
7060,candidate_2,candidate_3,candidate_1,3,0.02
7061,candidate_2,candidate_3,candidate_1,3,0.02
7062,candidate_2,candidate_3,candidate_1,3,0.02
7063,candidate_2,candidate_3,candidate_1,3,0.02
7064,candidate_2,candidate_3,candidate_1,3,0.02
7065,candidate_2,candidate_3,candidate_1,3,0.02
7066,candidate_2,candidate_3,candidate_1,3,0.02
7067,candidate_2,candidate_3,candidate_1,3,0.02
7068,candidate_2,candidate_3,candidate_1,3,0.02
7069,candidate_2,candidate_3,candidate_1,3,0.02
7070,candidate_2,candidate_3,candidate_1,3,0.02
7071,candidate_2,candidate_3,candidate_1,3,0.02
7072,candidate_2,candidate_3,candidate_1,3,0.02
7073,candidate_2,candidate_3,candidate_1,3,0.02
7074,candidate_2,candidate_3,candidate_1,3,0.02
7075,candidate_2,candidate_3,candidate_1,3,0.02
7076,candidate_2,candidate_3,candidate_1,3,0.02
7077,candidate_2,candidate_3,candidate_1,3,0.02
7078,candidate_2,candidate_3,candidate_1,3,0.02
7079,candidate_2,candidate_3,candidate_1,3,0.02
7080,candidate_2,candidate_3,candidate_1,3,0.02
7081,candidate_2,candidate_3,candidate_1,3,0.02
7082,candidate_2,candidate_3,candidate_1,3,0.02
7083,candidate_2,candidate_3,candidate_1,3,0.02
7084,candidate_2,candidate_3,candidate_1,3,0.02
7085,candidate_2,candidate_3,candidate_1,3,0.02
7086,candidate_2,candidate_3,candidate_1,3,0.02
7087,candidate_2,candidate_3,candidate_1,3,0.02
7088,candidate_2,candidate_3,candidate_1,3,0.02
7089,candidate_2,candidate_3,candidate_1,3,0.02
7090,candidate_2,candidate_3,candidate_1,3,0.02
7091,candidate_2,candidate_3,candidate_1,3,0.02
7092,candidate_2,candidate_3,candidate_1,3,0.02
7093,candidate_2,candidate_3,candidate_1,3,0.02
7094,candidate_2,candidate_3,candidate_1,3,0.02
7095,candidate_2,candidate_3,candidate_1,3,0.02
7096,candidate_2,candidate_3,candidate_1,3,0.02
7097,candidate_2,candidate_3,candidate_1,3,0.02
7098,candidate_2,candidate_3,candidate_1,3,0.02
7099,candidate_2,candidate_3,candidate_1,3,0.02
7100,0,0,candidate_1,3,0.02
7101,candidate_2,candidate_3,0,3,0.02
7102,candidate_2,candidate_3,candidate_1,3,0.02
7103,candidate_2,candidate_3,candidate_1,3,0.02
7104,candidate_2,candidate_3,candidate_1,3,0.02
7105,candidate_2,candidate_3,candidate_1,3,0.02
7106,candidate_2,candidate_3,candidate_1,3,0.02
7107,candidate_2,candidate_3,candidate_1,3,0.02
7108,candidate_2,candidate_3,candidate_1,3,0.02
7109,candidate_2,candidate_3,candidate_1,3,0.02
7110,candidate_2,candidate_3,candidate_1,3,0.02
7111,candidate_2,candidate_3,candidate_1,3,0.02
7112,candidate_2,candidate_3,candidate_1,3,0.02
7113,candidate_2,candidate_3,candidate_1,3,0.02
7114,candidate_2,candidate_3,candidate_1,3,0.02
7115,candidate_2,candidate_3,candidate_1,3,0.02
7116,candidate_2,candidate_3,candidate_1,3,0.02
7117,candidate_2,candidate_3,candidate_1,3,0.02
7118,0,candidate_3,candidate_1,3,0.02
7119,candidate_2,candidate_3,candidate_1,3,0.02
7120,candidate_2,candidate_3,candidate_1,3,0.02
7121,candidate_2,candidate_3,candidate_1,3,0.02
7122,candidate_2,candidate_3,candidate_1,3,0.02
7123,candidate_2,candidate_3,candidate_1,3,0.02
7124,candidate_2,0,candidate_1,3,0.02
7125,candidate_2,candidate_3,candidate_1,3,0.02
7126,candidate_2,candidate_3,candidate_1,3,0.02
7127,candidate_2,candidate_3,candidate_1,3,0.02
7128,candidate_2,candidate_3,candidate_1,3,0.02
7129,0,candidate_3,candidate_1,3,0.02
7130,candidate_2,candidate_3,candidate_1,3,0.02
7131,0,candidate_3,candidate_1,3,0.02
7132,candidate_2,candidate_3,candidate_1,3,0.02
7133,candidate_2,candidate_3,candidate_1,3,0.02
7134,candidate_2,candidate_3,candidate_1,3,0.02
7135,candidate_2,candidate_3,candidate_1,3,0.02
7136,candidate_2,candidate_3,candidate_1,3,0.02
7137,candidate_2,candidate_3,candidate_1,3,0.02
7138,candidate_2,candidate_3,candidate_1,3,0.02
7139,candidate_2,candidate_3,0,3,0.02
7140,candidate_2,candidate_3,candidate_1,3,0.02
7141,candidate_2,candidate_3,candidate_1,3,0.02
7142,candidate_2,candidate_3,candidate_1,3,0.02
7143,candidate_2,candidate_3,candidate_1,3,0.02
7144,0,candidate_3,candidate_1,3,0.02
7145,candidate_2,candidate_3,candidate_1,3,0.02
7146,candidate_2,candidate_3,0,3,0.02
7147,candidate_2,0,candidate_1,3,0.02
7148,candidate_2,candidate_3,candidate_1,3,0.02
7149,candidate_2,candidate_3,candidate_1,3,0.02
7150,candidate_2,candidate_3,candidate_1,3,0.02
7151,candidate_2,candidate_3,candidate_1,3,0.02
7152,candidate_2,candidate_3,candidate_1,3,0.02
7153,candidate_2,candidate_3,candidate_1,3,0.02
7154,candidate_2,candidate_3,candidate_1,3,0.02
7155,candidate_2,candidate_3,candidate_1,3,0.02
7156,candidate_2,candidate_3,candidate_1,3,0.02
7157,candidate_2,candidate_3,candidate_1,3,0.02
7158,candidate_2,candidate_3,candidate_1,3,0.02
7159,candidate_2,candidate_3,candidate_1,3,0.02
7160,candidate_2,candidate_3,candidate_1,3,0.02
7161,candidate_2,candidate_3,candidate_1,3,0.02
7162,candidate_2,candidate_3,candidate_1,3,0.02
7163,candidate_2,candidate_3,candidate_1,3,0.02
7164,candidate_2,candidate_3,candidate_1,3,0.02
7165,candidate_2,candidate_3,candidate_1,3,0.02
7166,candidate_2,candidate_3,candidate_1,3,0.02
7167,candidate_2,candidate_3,candidate_1,3,0.02
7168,candidate_2,candidate_3,candidate_1,3,0.02
7169,candidate_2,candidate_3,candidate_1,3,0.02
7170,candidate_2,candidate_3,candidate_1,3,0.02
7171,candidate_2,candidate_3,candidate_1,3,0.02
7172,candidate_2,candidate_3,candidate_1,3,0.02
7173,candidate_2,candidate_3,candidate_1,3,0.02
7174,candidate_2,candidate_3,candidate_1,3,0.02
7175,candidate_2,candidate_3,candidate_1,3,0.02
7176,candidate_2,candidate_3,candidate_1,3,0.02
7177,candidate_2,candidate_3,candidate_1,3,0.02
7178,candidate_2,candidate_3,candidate_1,3,0.02
7179,candidate_2,candidate_3,candidate_1,3,0.02
7180,candidate_2,candidate_3,candidate_1,3,0.02
7181,candidate_2,candidate_3,candidate_1,3,0.02
7182,candidate_2,candidate_3,candidate_1,3,0.02
7183,candidate_2,candidate_3,candidate_1,3,0.02
7184,candidate_2,candidate_3,candidate_1,3,0.02
7185,candidate_2,candidate_3,candidate_1,3,0.02
7186,candidate_2,candidate_3,candidate_1,3,0.02
7187,candidate_2,candidate_3,candidate_1,3,0.02
7188,candidate_2,candidate_3,candidate_1,3,0.02
7189,candidate_2,candidate_3,candidate_1,3,0.02
7190,candidate_2,candidate_3,candidate_1,3,0.02
7191,candidate_2,candidate_3,candidate_1,3,0.02
7192,candidate_2,candidate_3,candidate_1,3,0.02
7193,candidate_2,candidate_3,candidate_1,3,0.02
7194,candidate_2,candidate_3,candidate_1,3,0.02
7195,candidate_2,candidate_3,candidate_1,3,0.02
7196,candidate_2,candidate_3,candidate_1,3,0.02
7197,candidate_2,candidate_3,candidate_1,3,0.02
7198,candidate_2,candidate_3,candidate_1,3,0.02
7199,candidate_2,0,candidate_1,3,0.02
7200,candidate_2,candidate_3,candidate_1,3,0.02
7201,candidate_2,candidate_3,candidate_1,3,0.02
7202,candidate_2,candidate_3,candidate_1,3,0.02
7203,candidate_2,candidate_3,candidate_1,3,0.02
7204,candidate_2,candidate_3,candidate_1,3,0.02
7205,candidate_2,candidate_3,candidate_1,3,0.02
7206,candidate_2,candidate_3,candidate_1,3,0.02
7207,candidate_2,candidate_3,candidate_1,3,0.02
7208,candidate_2,candidate_3,candidate_1,3,0.02
7209,candidate_2,candidate_3,candidate_1,3,0.02
7210,candidate_2,candidate_3,candidate_1,3,0.02
7211,candidate_2,candidate_3,candidate_1,3,0.02
7212,candidate_2,candidate_3,candidate_1,3,0.02
7213,candidate_2,0,0,3,0.02
7214,candidate_2,candidate_3,candidate_1,3,0.02
7215,candidate_2,candidate_3,candidate_1,3,0.02
7216,candidate_2,candidate_3,candidate_1,3,0.02
7217,candidate_2,candidate_3,candidate_1,3,0.02
7218,candidate_2,candidate_3,candidate_1,3,0.02
7219,candidate_2,candidate_3,candidate_1,3,0.02
7220,candidate_2,candidate_3,candidate_1,3,0.02
7221,candidate_2,candidate_3,candidate_1,3,0.02
7222,candidate_2,candidate_3,candidate_1,3,0.02
7223,candidate_2,candidate_3,candidate_1,3,0.02
7224,candidate_2,candidate_3,candidate_1,3,0.02
7225,candidate_2,candidate_3,candidate_1,3,0.02
7226,candidate_2,candidate_3,candidate_1,3,0.02
7227,candidate_2,candidate_3,candidate_1,3,0.02
7228,candidate_2,candidate_3,candidate_1,3,0.02
7229,candidate_2,candidate_3,candidate_1,3,0.02
7230,candidate_2,candidate_3,candidate_1,3,0.02
7231,candidate_2,candidate_3,candidate_1,3,0.02
7232,candidate_2,candidate_3,candidate_1,3,0.02
7233,candidate_2,candidate_3,candidate_1,3,0.02
7234,candidate_2,candidate_3,candidate_1,3,0.02
7235,candidate_2,candidate_3,candidate_1,3,0.02
7236,candidate_2,candidate_3,candidate_1,3,0.02
7237,candidate_2,candidate_3,candidate_1,3,0.02
7238,candidate_2,candidate_3,candidate_1,3,0.02
7239,candidate_2,candidate_3,candidate_1,3,0.02
7240,candidate_2,candidate_3,candidate_1,3,0.02
7241,candidate_2,candidate_3,candidate_1,3,0.02
7242,candidate_2,candidate_3,candidate_1,3,0.02
7243,candidate_2,candidate_3,candidate_1,3,0.02
7244,candidate_2,candidate_3,candidate_1,3,0.02
7245,candidate_2,candidate_3,candidate_1,3,0.02
7246,candidate_2,0,candidate_1,3,0.02
7247,candidate_2,candidate_3,candidate_1,3,0.02
7248,candidate_2,candidate_3,candidate_1,3,0.02
7249,candidate_2,candidate_3,candidate_1,3,0.02
7250,candidate_2,candidate_3,candidate_1,3,0.02
7251,0,candidate_3,candidate_1,3,0.02
7252,candidate_2,candidate_3,candidate_1,3,0.02
7253,candidate_2,candidate_3,candidate_1,3,0.02
7254,candidate_2,candidate_3,0,3,0.02
7255,candidate_2,candidate_3,candidate_1,3,0.02
7256,candidate_2,candidate_3,candidate_1,3,0.02
7257,candidate_2,candidate_3,candidate_1,3,0.02
7258,candidate_2,candidate_3,candidate_1,3,0.02
7259,candidate_2,candidate_3,candidate_1,3,0.02
7260,candidate_2,candidate_3,candidate_1,3,0.02
7261,candidate_2,candidate_3,candidate_1,3,0.02
7262,candidate_2,candidate_3,candidate_1,3,0.02
7263,candidate_2,candidate_3,candidate_1,3,0.02
7264,candidate_2,candidate_3,candidate_1,3,0.02
7265,candidate_2,candidate_3,candidate_1,3,0.02
7266,candidate_2,candidate_3,candidate_1,3,0.02
7267,candidate_2,candidate_3,candidate_1,3,0.02
7268,candidate_2,candidate_3,candidate_1,3,0.02
7269,candidate_2,0,candidate_1,3,0.02
7270,candidate_2,candidate_3,candidate_1,3,0.02
7271,candidate_2,candidate_3,candidate_1,3,0.02
7272,candidate_2,candidate_3,candidate_1,3,0.02
7273,candidate_2,candidate_3,candidate_1,3,0.02
7274,candidate_2,candidate_3,candidate_1,3,0.02
7275,candidate_2,candidate_3,candidate_1,3,0.02
7276,candidate_2,candidate_3,candidate_1,3,0.02
7277,candidate_2,candidate_3,candidate_1,3,0.02
7278,candidate_2,candidate_3,candidate_1,3,0.02
7279,candidate_2,candidate_3,candidate_1,3,0.02
7280,candidate_2,candidate_3,0,3,0.02
7281,candidate_2,candidate_3,candidate_1,3,0.02
7282,candidate_2,candidate_3,candidate_1,3,0.02
7283,candidate_2,candidate_3,candidate_1,3,0.02
7284,candidate_2,candidate_3,candidate_1,3,0.02
7285,candidate_2,candidate_3,candidate_1,3,0.02
7286,candidate_2,candidate_3,candidate_1,3,0.02
7287,candidate_2,candidate_3,candidate_1,3,0.02
7288,candidate_2,0,candidate_1,3,0.02
7289,candidate_2,candidate_3,candidate_1,3,0.02
7290,candidate_2,candidate_3,candidate_1,3,0.02
7291,candidate_2,candidate_3,candidate_1,3,0.02
7292,candidate_2,candidate_3,candidate_1,3,0.02
7293,candidate_2,candidate_3,candidate_1,3,0.02
7294,candidate_2,candidate_3,candidate_1,3,0.02
7295,candidate_2,candidate_3,candidate_1,3,0.02
7296,candidate_2,candidate_3,candidate_1,3,0.02
7297,candidate_2,candidate_3,candidate_1,3,0.02
7298,candidate_2,candidate_3,candidate_1,3,0.02
7299,candidate_2,candidate_3,candidate_1,3,0.02
7300,candidate_2,candidate_3,candidate_1,3,0.02
7301,candidate_2,candidate_3,candidate_1,3,0.02
7302,candidate_2,candidate_3,candidate_1,3,0.02
7303,candidate_2,candidate_3,0,3,0.02
7304,candidate_2,candidate_3,candidate_1,3,0.02
7305,candidate_2,candidate_3,candidate_1,3,0.02
7306,candidate_2,candidate_3,0,3,0.02
7307,candidate_2,candidate_3,candidate_1,3,0.02
7308,candidate_2,candidate_3,candidate_1,3,0.02
7309,candidate_2,candidate_3,candidate_1,3,0.02
7310,candidate_2,candidate_3,candidate_1,3,0.02
7311,candidate_2,candidate_3,candidate_1,3,0.02
7312,candidate_2,candidate_3,candidate_1,3,0.02
7313,candidate_2,candidate_3,candidate_1,3,0.02
7314,candidate_2,candidate_3,candidate_1,3,0.02
7315,candidate_2,candidate_3,candidate_1,3,0.02
7316,candidate_2,candidate_3,candidate_1,3,0.02
7317,candidate_2,candidate_3,candidate_1,3,0.02
7318,candidate_2,candidate_3,candidate_1,3,0.02
7319,candidate_2,candidate_3,candidate_1,3,0.02
7320,candidate_2,candidate_3,candidate_1,3,0.02
7321,candidate_2,candidate_3,candidate_1,3,0.02
7322,candidate_2,candidate_3,candidate_1,3,0.02
7323,candidate_2,candidate_3,candidate_1,3,0.02
7324,candidate_2,candidate_3,candidate_1,3,0.02
7325,candidate_2,candidate_3,candidate_1,3,0.02
7326,candidate_2,candidate_3,candidate_1,3,0.02
7327,candidate_2,candidate_3,candidate_1,3,0.02
7328,candidate_2,candidate_3,candidate_1,3,0.02
7329,candidate_2,candidate_3,0,3,0.02
7330,candidate_2,candidate_3,candidate_1,3,0.02
7331,candidate_2,candidate_3,candidate_1,3,0.02
7332,candidate_2,candidate_3,candidate_1,3,0.02
7333,candidate_2,candidate_3,candidate_1,3,0.02
7334,candidate_2,candidate_3,candidate_1,3,0.02
7335,candidate_2,candidate_3,candidate_1,3,0.02
7336,candidate_2,candidate_3,candidate_1,3,0.02
7337,candidate_2,candidate_3,candidate_1,3,0.02
7338,candidate_2,candidate_3,candidate_1,3,0.02
7339,candidate_2,candidate_3,candidate_1,3,0.02
7340,candidate_2,candidate_3,candidate_1,3,0.02
7341,candidate_2,candidate_3,candidate_1,3,0.02
7342,candidate_2,candidate_3,candidate_1,3,0.02
7343,candidate_2,candidate_3,candidate_1,3,0.02
7344,candidate_2,candidate_3,candidate_1,3,0.02
7345,0,candidate_3,candidate_1,3,0.02
7346,candidate_2,candidate_3,candidate_1,3,0.02
7347,candidate_2,candidate_3,candidate_1,3,0.02
7348,candidate_2,candidate_3,candidate_1,3,0.02
7349,candidate_2,candidate_3,candidate_1,3,0.02
7350,candidate_2,candidate_3,candidate_1,3,0.02
7351,candidate_2,candidate_3,candidate_1,3,0.02
7352,candidate_2,candidate_3,candidate_1,3,0.02
7353,candidate_2,candidate_3,candidate_1,3,0.02
7354,candidate_2,candidate_3,candidate_1,3,0.02
7355,candidate_2,candidate_3,candidate_1,3,0.02
7356,candidate_2,candidate_3,candidate_1,3,0.02
7357,candidate_2,candidate_3,candidate_1,3,0.02
7358,candidate_2,candidate_3,candidate_1,3,0.02
7359,candidate_2,candidate_3,candidate_1,3,0.02
7360,candidate_2,candidate_3,candidate_1,3,0.02
7361,candidate_2,candidate_3,candidate_1,3,0.02
7362,candidate_2,candidate_3,candidate_1,3,0.02
7363,candidate_2,candidate_3,candidate_1,3,0.02
7364,candidate_2,candidate_3,candidate_1,3,0.02
7365,candidate_2,candidate_3,candidate_1,3,0.02
7366,candidate_2,candidate_3,candidate_1,3,0.02
7367,candidate_2,candidate_3,candidate_1,3,0.02
7368,candidate_2,candidate_3,candidate_1,3,0.02
7369,candidate_2,candidate_3,candidate_1,3,0.02
7370,0,candidate_3,candidate_1,3,0.02
7371,0,candidate_3,candidate_1,3,0.02
7372,candidate_2,candidate_3,candidate_1,3,0.02
7373,candidate_2,candidate_3,candidate_1,3,0.02
7374,candidate_2,candidate_3,candidate_1,3,0.02
7375,candidate_2,candidate_3,candidate_1,3,0.02
7376,candidate_2,candidate_3,candidate_1,3,0.02
7377,candidate_2,candidate_3,candidate_1,3,0.02
7378,candidate_2,candidate_3,candidate_1,3,0.02
7379,candidate_2,candidate_3,candidate_1,3,0.02
7380,candidate_2,candidate_3,candidate_1,3,0.02
7381,candidate_2,candidate_3,candidate_1,3,0.02
7382,candidate_2,candidate_3,candidate_1,3,0.02
7383,candidate_2,candidate_3,candidate_1,3,0.02
7384,candidate_2,candidate_3,candidate_1,3,0.02
7385,candidate_2,candidate_3,candidate_1,3,0.02
7386,candidate_2,candidate_3,0,3,0.02
7387,candidate_2,candidate_3,candidate_1,3,0.02
7388,candidate_2,candidate_3,candidate_1,3,0.02
7389,candidate_2,candidate_3,candidate_1,3,0.02
7390,candidate_2,candidate_3,candidate_1,3,0.02
7391,candidate_2,candidate_3,candidate_1,3,0.02
7392,candidate_2,candidate_3,candidate_1,3,0.02
7393,candidate_2,candidate_3,candidate_1,3,0.02
7394,candidate_2,candidate_3,candidate_1,3,0.02
7395,candidate_2,candidate_3,candidate_1,3,0.02
7396,candidate_2,candidate_3,candidate_1,3,0.02
7397,candidate_2,candidate_3,candidate_1,3,0.02
7398,candidate_2,candidate_3,candidate_1,3,0.02
7399,candidate_2,candidate_3,candidate_1,3,0.02
7400,candidate_2,candidate_3,candidate_1,3,0.02
7401,candidate_2,candidate_3,candidate_1,3,0.02
7402,candidate_2,candidate_3,candidate_1,3,0.02
7403,candidate_2,candidate_3,candidate_1,3,0.02
7404,candidate_2,candidate_3,candidate_1,3,0.02
7405,candidate_2,candidate_3,candidate_1,3,0.02
7406,candidate_2,candidate_3,candidate_1,3,0.02
7407,candidate_2,candidate_3,0,3,0.02
7408,candidate_2,candidate_3,candidate_1,3,0.02
7409,candidate_2,candidate_3,candidate_1,3,0.02
7410,candidate_2,candidate_3,candidate_1,3,0.02
7411,candidate_2,candidate_3,0,3,0.02
7412,candidate_2,candidate_3,candidate_1,3,0.02
7413,candidate_2,candidate_3,candidate_1,3,0.02
7414,candidate_2,candidate_3,candidate_1,3,0.02
7415,candidate_2,candidate_3,candidate_1,3,0.02
7416,candidate_2,candidate_3,candidate_1,3,0.02
7417,candidate_2,candidate_3,candidate_1,3,0.02
7418,candidate_2,candidate_3,candidate_1,3,0.02
7419,candidate_2,candidate_3,candidate_1,3,0.02
7420,candidate_2,candidate_3,candidate_1,3,0.02
7421,candidate_2,candidate_3,candidate_1,3,0.02
7422,candidate_2,candidate_3,candidate_1,3,0.02
7423,candidate_2,candidate_3,candidate_1,3,0.02
7424,candidate_2,candidate_3,candidate_1,3,0.02
7425,candidate_2,0,candidate_1,3,0.02
7426,candidate_2,candidate_3,candidate_1,3,0.02
7427,candidate_2,0,candidate_1,3,0.02
7428,candidate_2,candidate_3,candidate_1,3,0.02
7429,candidate_2,candidate_3,candidate_1,3,0.02
7430,candidate_2,candidate_3,candidate_1,3,0.02
7431,candidate_2,candidate_3,candidate_1,3,0.02
7432,candidate_2,candidate_3,candidate_1,3,0.02
7433,candidate_2,candidate_3,candidate_1,3,0.02
7434,candidate_2,candidate_3,0,3,0.02
7435,candidate_2,candidate_3,candidate_1,3,0.02
7436,candidate_2,candidate_3,candidate_1,3,0.02
7437,candidate_2,candidate_3,candidate_1,3,0.02
7438,candidate_2,candidate_3,candidate_1,3,0.02
7439,candidate_2,candidate_3,candidate_1,3,0.02
7440,candidate_2,candidate_3,candidate_1,3,0.02
7441,candidate_2,0,candidate_1,3,0.02
7442,candidate_2,candidate_3,candidate_1,3,0.02
7443,candidate_2,candidate_3,candidate_1,3,0.02
7444,candidate_2,candidate_3,candidate_1,3,0.02
7445,candidate_2,candidate_3,candidate_1,3,0.02
7446,candidate_2,candidate_3,candidate_1,3,0.02
7447,candidate_2,candidate_3,candidate_1,3,0.02
7448,candidate_2,candidate_3,candidate_1,3,0.02
7449,candidate_2,candidate_3,candidate_1,3,0.02
7450,candidate_2,candidate_3,candidate_1,3,0.02
7451,candidate_2,candidate_3,candidate_1,3,0.02
7452,candidate_2,candidate_3,candidate_1,3,0.02
7453,candidate_2,candidate_3,candidate_1,3,0.02
7454,candidate_2,candidate_3,candidate_1,3,0.02
7455,candidate_2,candidate_3,0,3,0.02
7456,candidate_2,candidate_3,candidate_1,3,0.02
7457,candidate_2,candidate_3,candidate_1,3,0.02
7458,candidate_2,candidate_3,candidate_1,3,0.02
7459,candidate_2,candidate_3,candidate_1,3,0.02
7460,candidate_2,candidate_3,candidate_1,3,0.02
7461,candidate_2,candidate_3,candidate_1,3,0.02
7462,candidate_2,candidate_3,candidate_1,3,0.02
7463,candidate_2,candidate_3,candidate_1,3,0.02
7464,candidate_2,candidate_3,candidate_1,3,0.02
7465,candidate_2,0,candidate_1,3,0.02
7466,candidate_2,candidate_3,candidate_1,3,0.02
7467,candidate_2,candidate_3,candidate_1,3,0.02
7468,candidate_2,candidate_3,candidate_1,3,0.02
7469,candidate_2,candidate_3,candidate_1,3,0.02
7470,candidate_2,candidate_3,candidate_1,3,0.02
7471,candidate_2,candidate_3,candidate_1,3,0.02
7472,candidate_2,candidate_3,0,3,0.02
7473,candidate_2,candidate_3,candidate_1,3,0.02
7474,candidate_2,candidate_3,candidate_1,3,0.02
7475,candidate_2,candidate_3,candidate_1,3,0.02
7476,candidate_2,candidate_3,candidate_1,3,0.02
7477,candidate_2,candidate_3,candidate_1,3,0.02
7478,candidate_2,candidate_3,candidate_1,3,0.02
7479,candidate_2,candidate_3,candidate_1,3,0.02
7480,candidate_2,candidate_3,candidate_1,3,0.02
7481,candidate_2,0,candidate_1,3,0.02
7482,candidate_2,candidate_3,candidate_1,3,0.02
7483,candidate_2,candidate_3,candidate_1,3,0.02
7484,candidate_2,candidate_3,candidate_1,3,0.02
0,candidate_3,candidate_1,candidate_2,3,0.02
1,candidate_3,candidate_1,candidate_2,3,0.02
2,candidate_3,candidate_1,candidate_2,3,0.02
3,candidate_3,candidate_1,candidate_2,3,0.02
4,candidate_3,candidate_1,candidate_2,3,0.02
5,candidate_3,candidate_1,candidate_2,3,0.02
6,candidate_3,candidate_1,candidate_2,3,0.02
7,candidate_3,candidate_1,candidate_2,3,0.02
8,candidate_3,candidate_1,candidate_2,3,0.02
9,candidate_3,candidate_1,candidate_2,3,0.02
10,candidate_3,candidate_1,candidate_2,3,0.02
11,candidate_3,candidate_1,candidate_2,3,0.02
12,candidate_3,candidate_1,candidate_2,3,0.02
13,candidate_3,candidate_1,candidate_2,3,0.02
14,candidate_3,candidate_1,candidate_2,3,0.02
15,candidate_3,candidate_1,candidate_2,3,0.02
16,candidate_3,candidate_1,candidate_2,3,0.02
17,candidate_3,candidate_1,candidate_2,3,0.02
18,candidate_3,candidate_1,candidate_2,3,0.02
19,candidate_3,candidate_1,candidate_2,3,0.02
20,candidate_3,candidate_1,candidate_2,3,0.02
21,candidate_3,candidate_1,candidate_2,3,0.02
22,candidate_3,candidate_1,candidate_2,3,0.02
23,candidate_3,candidate_1,candidate_2,3,0.02
24,candidate_3,candidate_1,candidate_2,3,0.02
25,candidate_3,candidate_1,candidate_2,3,0.02
26,candidate_3,candidate_1,candidate_2,3,0.02
27,candidate_3,candidate_1,candidate_2,3,0.02
28,candidate_3,candidate_1,candidate_2,3,0.02
29,candidate_3,candidate_1,candidate_2,3,0.02
30,candidate_3,candidate_1,candidate_2,3,0.02
31,candidate_3,candidate_1,candidate_2,3,0.02
32,candidate_3,candidate_1,candidate_2,3,0.02
33,candidate_3,candidate_1,candidate_2,3,0.02
34,candidate_3,candidate_1,candidate_2,3,0.02
35,candidate_3,candidate_1,candidate_2,3,0.02
36,candidate_3,candidate_1,candidate_2,3,0.02
37,candidate_3,candidate_1,0,3,0.02
38,candidate_3,candidate_1,candidate_2,3,0.02
39,candidate_3,candidate_1,candidate_2,3,0.02
40,candidate_3,candidate_1,candidate_2,3,0.02
41,candidate_3,candidate_1,candidate_2,3,0.02
42,candidate_3,candidate_1,candidate_2,3,0.02
43,candidate_3,candidate_1,candidate_2,3,0.02
44,candidate_3,candidate_1,candidate_2,3,0.02
45,candidate_3,candidate_1,candidate_2,3,0.02
46,candidate_3,candidate_1,candidate_2,3,0.02
47,candidate_3,candidate_1,candidate_2,3,0.02
48,candidate_3,candidate_1,candidate_2,3,0.02
49,candidate_3,candidate_1,candidate_2,3,0.02
50,candidate_3,candidate_1,candidate_2,3,0.02
51,candidate_3,candidate_1,candidate_2,3,0.02
52,candidate_3,candidate_1,candidate_2,3,0.02
53,candidate_3,candidate_1,candidate_2,3,0.02
54,candidate_3,candidate_1,candidate_2,3,0.02
55,candidate_3,candidate_1,candidate_2,3,0.02
56,candidate_3,candidate_1,candidate_2,3,0.02
57,candidate_3,candidate_1,candidate_2,3,0.02
58,candidate_3,candidate_1,candidate_2,3,0.02
59,candidate_3,candidate_1,candidate_2,3,0.02
60,candidate_3,candidate_1,candidate_2,3,0.02
61,candidate_3,candidate_1,candidate_2,3,0.02
62,candidate_3,candidate_1,candidate_2,3,0.02
63,candidate_3,candidate_1,candidate_2,3,0.02
64,candidate_3,candidate_1,candidate_2,3,0.02
65,candidate_3,candidate_1,candidate_2,3,0.02
66,candidate_3,candidate_1,candidate_2,3,0.02
67,candidate_3,candidate_1,candidate_2,3,0.02
68,candidate_3,candidate_1,candidate_2,3,0.02
69,candidate_3,candidate_1,candidate_2,3,0.02
70,candidate_3,candidate_1,candidate_2,3,0.02
71,candidate_3,candidate_1,candidate_2,3,0.02
72,candidate_3,candidate_1,candidate_2,3,0.02
73,candidate_3,candidate_1,candidate_2,3,0.02
74,candidate_3,0,candidate_2,3,0.02
75,candidate_3,candidate_1,candidate_2,3,0.02
76,candidate_3,candidate_1,candidate_2,3,0.02
77,candidate_3,candidate_1,candidate_2,3,0.02
78,candidate_3,candidate_1,candidate_2,3,0.02
79,candidate_3,candidate_1,candidate_2,3,0.02
80,candidate_3,candidate_1,candidate_2,3,0.02
81,candidate_3,candidate_1,candidate_2,3,0.02
82,candidate_3,candidate_1,candidate_2,3,0.02
83,candidate_3,candidate_1,candidate_2,3,0.02
84,candidate_3,candidate_1,candidate_2,3,0.02
85,candidate_3,candidate_1,candidate_2,3,0.02
86,candidate_3,candidate_1,candidate_2,3,0.02
87,candidate_3,candidate_1,candidate_2,3,0.02
88,candidate_3,candidate_1,candidate_2,3,0.02
89,candidate_3,candidate_1,candidate_2,3,0.02
90,candidate_3,candidate_1,candidate_2,3,0.02
91,candidate_3,candidate_1,candidate_2,3,0.02
92,candidate_3,candidate_1,candidate_2,3,0.02
93,candidate_3,candidate_1,candidate_2,3,0.02
94,candidate_3,candidate_1,candidate_2,3,0.02
95,candidate_3,candidate_1,candidate_2,3,0.02
96,candidate_3,candidate_1,candidate_2,3,0.02
97,candidate_3,candidate_1,candidate_2,3,0.02
98,candidate_3,candidate_1,candidate_2,3,0.02
99,candidate_3,candidate_1,candidate_2,3,0.02
100,0,candidate_1,candidate_2,3,0.02
101,candidate_3,candidate_1,candidate_2,3,0.02
102,candidate_3,candidate_1,candidate_2,3,0.02
103,candidate_3,candidate_1,candidate_2,3,0.02
104,candidate_3,candidate_1,candidate_2,3,0.02
105,candidate_3,candidate_1,candidate_2,3,0.02
106,candidate_3,0,candidate_2,3,0.02
107,candidate_3,candidate_1,candidate_2,3,0.02
108,candidate_3,candidate_1,candidate_2,3,0.02
109,candidate_3,candidate_1,candidate_2,3,0.02
110,candidate_3,0,0,3,0.02
111,candidate_3,candidate_1,candidate_2,3,0.02
112,candidate_3,candidate_1,candidate_2,3,0.02
113,candidate_3,candidate_1,candidate_2,3,0.02
114,candidate_3,candidate_1,candidate_2,3,0.02
115,candidate_3,candidate_1,candidate_2,3,0.02
116,candidate_3,0,candidate_2,3,0.02
117,candidate_3,candidate_1,candidate_2,3,0.02
118,candidate_3,candidate_1,candidate_2,3,0.02
119,candidate_3,candidate_1,candidate_2,3,0.02
120,candidate_3,candidate_1,candidate_2,3,0.02
121,candidate_3,candidate_1,candidate_2,3,0.02
122,candidate_3,candidate_1,candidate_2,3,0.02
123,candidate_3,candidate_1,candidate_2,3,0.02
124,candidate_3,candidate_1,candidate_2,3,0.02
125,candidate_3,candidate_1,candidate_2,3,0.02
126,candidate_3,candidate_1,candidate_2,3,0.02
127,candidate_3,candidate_1,candidate_2,3,0.02
128,candidate_3,candidate_1,candidate_2,3,0.02
129,candidate_3,candidate_1,candidate_2,3,0.02
130,candidate_3,candidate_1,candidate_2,3,0.02
131,candidate_3,candidate_1,candidate_2,3,0.02
132,candidate_3,candidate_1,candidate_2,3,0.02
133,candidate_3,candidate_1,candidate_2,3,0.02
134,candidate_3,candidate_1,candidate_2,3,0.02
135,candidate_3,candidate_1,candidate_2,3,0.02
136,candidate_3,candidate_1,candidate_2,3,0.02
137,candidate_3,candidate_1,candidate_2,3,0.02
138,candidate_3,candidate_1,candidate_2,3,0.02
139,candidate_3,candidate_1,0,3,0.02
140,candidate_3,candidate_1,candidate_2,3,0.02
141,candidate_3,candidate_1,candidate_2,3,0.02
142,candidate_3,candidate_1,candidate_2,3,0.02
143,candidate_3,candidate_1,candidate_2,3,0.02
144,candidate_3,candidate_1,candidate_2,3,0.02
145,candidate_3,candidate_1,candidate_2,3,0.02
146,candidate_3,candidate_1,candidate_2,3,0.02
147,candidate_3,candidate_1,candidate_2,3,0.02
148,candidate_3,candidate_1,candidate_2,3,0.02
149,candidate_3,candidate_1,candidate_2,3,0.02
150,candidate_3,candidate_1,candidate_2,3,0.02
151,candidate_3,candidate_1,candidate_2,3,0.02
152,candidate_3,candidate_1,candidate_2,3,0.02
153,candidate_3,candidate_1,candidate_2,3,0.02
154,candidate_3,candidate_1,candidate_2,3,0.02
155,candidate_3,candidate_1,candidate_2,3,0.02
156,candidate_3,candidate_1,candidate_2,3,0.02
157,candidate_3,candidate_1,candidate_2,3,0.02
158,candidate_3,candidate_1,candidate_2,3,0.02
159,candidate_3,candidate_1,candidate_2,3,0.02
160,candidate_3,candidate_1,candidate_2,3,0.02
161,candidate_3,candidate_1,candidate_2,3,0.02
162,candidate_3,candidate_1,candidate_2,3,0.02
163,candidate_3,candidate_1,candidate_2,3,0.02
164,candidate_3,candidate_1,candidate_2,3,0.02
165,candidate_3,candidate_1,candidate_2,3,0.02
166,candidate_3,candidate_1,candidate_2,3,0.02
167,candidate_3,candidate_1,candidate_2,3,0.02
168,candidate_3,candidate_1,candidate_2,3,0.02
169,candidate_3,0,candidate_2,3,0.02
170,candidate_3,candidate_1,candidate_2,3,0.02
171,candidate_3,candidate_1,candidate_2,3,0.02
172,candidate_3,candidate_1,candidate_2,3,0.02
173,candidate_3,candidate_1,candidate_2,3,0.02
174,candidate_3,candidate_1,candidate_2,3,0.02
175,candidate_3,candidate_1,candidate_2,3,0.02
176,candidate_3,candidate_1,candidate_2,3,0.02
177,candidate_3,candidate_1,candidate_2,3,0.02
178,candidate_3,candidate_1,candidate_2,3,0.02
179,candidate_3,candidate_1,candidate_2,3,0.02
180,candidate_3,candidate_1,candidate_2,3,0.02
181,candidate_3,candidate_1,candidate_2,3,0.02
182,candidate_3,candidate_1,candidate_2,3,0.02
183,candidate_3,candidate_1,candidate_2,3,0.02
184,candidate_3,candidate_1,candidate_2,3,0.02
185,candidate_3,candidate_1,candidate_2,3,0.02
186,candidate_3,candidate_1,candidate_2,3,0.02
187,candidate_3,candidate_1,candidate_2,3,0.02
188,candidate_3,candidate_1,candidate_2,3,0.02
189,candidate_3,candidate_1,candidate_2,3,0.02
190,candidate_3,candidate_1,candidate_2,3,0.02
191,candidate_3,candidate_1,candidate_2,3,0.02
192,candidate_3,0,candidate_2,3,0.02
193,candidate_3,candidate_1,0,3,0.02
194,candidate_3,candidate_1,candidate_2,3,0.02
195,candidate_3,candidate_1,candidate_2,3,0.02
196,candidate_3,candidate_1,candidate_2,3,0.02
197,candidate_3,candidate_1,candidate_2,3,0.02
198,candidate_3,candidate_1,candidate_2,3,0.02
199,candidate_3,candidate_1,candidate_2,3,0.02
200,candidate_3,candidate_1,candidate_2,3,0.02
201,candidate_3,candidate_1,candidate_2,3,0.02
202,candidate_3,candidate_1,candidate_2,3,0.02
203,candidate_3,candidate_1,candidate_2,3,0.02
204,candidate_3,candidate_1,candidate_2,3,0.02
205,candidate_3,candidate_1,candidate_2,3,0.02
206,candidate_3,candidate_1,candidate_2,3,0.02
207,candidate_3,candidate_1,candidate_2,3,0.02
208,candidate_3,candidate_1,candidate_2,3,0.02
209,0,candidate_1,candidate_2,3,0.02
210,candidate_3,candidate_1,candidate_2,3,0.02
211,candidate_3,candidate_1,candidate_2,3,0.02
212,candidate_3,candidate_1,candidate_2,3,0.02
213,candidate_3,candidate_1,candidate_2,3,0.02
214,candidate_3,candidate_1,candidate_2,3,0.02
215,candidate_3,candidate_1,candidate_2,3,0.02
216,candidate_3,candidate_1,candidate_2,3,0.02
217,candidate_3,candidate_1,candidate_2,3,0.02
218,candidate_3,candidate_1,candidate_2,3,0.02
219,candidate_3,candidate_1,candidate_2,3,0.02
220,candidate_3,candidate_1,candidate_2,3,0.02
221,candidate_3,candidate_1,candidate_2,3,0.02
222,candidate_3,candidate_1,candidate_2,3,0.02
223,candidate_3,candidate_1,candidate_2,3,0.02
224,candidate_3,candidate_1,candidate_2,3,0.02
225,candidate_3,candidate_1,candidate_2,3,0.02
226,candidate_3,candidate_1,candidate_2,3,0.02
227,candidate_3,candidate_1,0,3,0.02
228,candidate_3,candidate_1,candidate_2,3,0.02
229,candidate_3,candidate_1,candidate_2,3,0.02
230,candidate_3,candidate_1,candidate_2,3,0.02
231,candidate_3,candidate_1,candidate_2,3,0.02
232,candidate_3,candidate_1,candidate_2,3,0.02
233,candidate_3,candidate_1,candidate_2,3,0.02
234,candidate_3,candidate_1,candidate_2,3,0.02
235,candidate_3,candidate_1,candidate_2,3,0.02
236,0,candidate_1,candidate_2,3,0.02
237,candidate_3,candidate_1,candidate_2,3,0.02
238,candidate_3,candidate_1,candidate_2,3,0.02
239,candidate_3,candidate_1,candidate_2,3,0.02
240,candidate_3,candidate_1,candidate_2,3,0.02
241,candidate_3,candidate_1,candidate_2,3,0.02
242,candidate_3,candidate_1,candidate_2,3,0.02
243,candidate_3,candidate_1,candidate_2,3,0.02
244,candidate_3,candidate_1,candidate_2,3,0.02
245,candidate_3,candidate_1,candidate_2,3,0.02
246,candidate_3,candidate_1,candidate_2,3,0.02
247,candidate_3,candidate_1,candidate_2,3,0.02
248,candidate_3,candidate_1,candidate_2,3,0.02
249,candidate_3,candidate_1,0,3,0.02
250,candidate_3,candidate_1,candidate_2,3,0.02
251,candidate_3,candidate_1,candidate_2,3,0.02
252,candidate_3,candidate_1,candidate_2,3,0.02
253,candidate_3,candidate_1,candidate_2,3,0.02
254,candidate_3,candidate_1,candidate_2,3,0.02
255,candidate_3,candidate_1,candidate_2,3,0.02
256,candidate_3,candidate_1,candidate_2,3,0.02
257,candidate_3,candidate_1,candidate_2,3,0.02
258,candidate_3,candidate_1,candidate_2,3,0.02
259,candidate_3,candidate_1,candidate_2,3,0.02
260,candidate_3,candidate_1,candidate_2,3,0.02
261,candidate_3,candidate_1,candidate_2,3,0.02
262,candidate_3,candidate_1,candidate_2,3,0.02
263,candidate_3,candidate_1,candidate_2,3,0.02
264,candidate_3,candidate_1,candidate_2,3,0.02
265,candidate_3,candidate_1,candidate_2,3,0.02
266,candidate_3,candidate_1,candidate_2,3,0.02
267,candidate_3,candidate_1,candidate_2,3,0.02
268,candidate_3,candidate_1,candidate_2,3,0.02
269,candidate_3,candidate_1,candidate_2,3,0.02
270,candidate_3,candidate_1,candidate_2,3,0.02
271,candidate_3,candidate_1,candidate_2,3,0.02
272,candidate_3,candidate_1,candidate_2,3,0.02
273,candidate_3,candidate_1,candidate_2,3,0.02
274,candidate_3,candidate_1,candidate_2,3,0.02
275,candidate_3,candidate_1,candidate_2,3,0.02
276,candidate_3,candidate_1,candidate_2,3,0.02
277,candidate_3,candidate_1,candidate_2,3,0.02
278,candidate_3,candidate_1,candidate_2,3,0.02
279,candidate_3,candidate_1,candidate_2,3,0.02
280,candidate_3,candidate_1,candidate_2,3,0.02
281,candidate_3,candidate_1,candidate_2,3,0.02
282,candidate_3,candidate_1,candidate_2,3,0.02
283,0,candidate_1,candidate_2,3,0.02
284,candidate_3,candidate_1,candidate_2,3,0.02
285,candidate_3,candidate_1,candidate_2,3,0.02
286,0,candidate_1,candidate_2,3,0.02
287,candidate_3,candidate_1,0,3,0.02
288,candidate_3,candidate_1,candidate_2,3,0.02
289,candidate_3,candidate_1,candidate_2,3,0.02
290,candidate_3,candidate_1,candidate_2,3,0.02
291,candidate_3,candidate_1,candidate_2,3,0.02
292,candidate_3,candidate_1,candidate_2,3,0.02
293,candidate_3,candidate_1,candidate_2,3,0.02
294,candidate_3,candidate_1,candidate_2,3,0.02
295,candidate_3,candidate_1,candidate_2,3,0.02
296,candidate_3,candidate_1,candidate_2,3,0.02
297,candidate_3,candidate_1,candidate_2,3,0.02
298,candidate_3,candidate_1,candidate_2,3,0.02
299,candidate_3,candidate_1,candidate_2,3,0.02
300,candidate_3,candidate_1,candidate_2,3,0.02
301,candidate_3,candidate_1,candidate_2,3,0.02
302,candidate_3,candidate_1,candidate_2,3,0.02
303,candidate_3,candidate_1,candidate_2,3,0.02
304,candidate_3,candidate_1,candidate_2,3,0.02
305,candidate_3,candidate_1,candidate_2,3,0.02
306,candidate_3,candidate_1,candidate_2,3,0.02
307,candidate_3,candidate_1,candidate_2,3,0.02
308,candidate_3,candidate_1,candidate_2,3,0.02
309,candidate_3,candidate_1,candidate_2,3,0.02
310,candidate_3,candidate_1,candidate_2,3,0.02
311,candidate_3,candidate_1,candidate_2,3,0.02
312,candidate_3,candidate_1,candidate_2,3,0.02
313,candidate_3,candidate_1,candidate_2,3,0.02
314,candidate_3,candidate_1,candidate_2,3,0.02
315,candidate_3,candidate_1,candidate_2,3,0.02
316,candidate_3,candidate_1,candidate_2,3,0.02
317,candidate_3,candidate_1,candidate_2,3,0.02
318,candidate_3,candidate_1,candidate_2,3,0.02
319,candidate_3,candidate_1,candidate_2,3,0.02
320,candidate_3,candidate_1,candidate_2,3,0.02
321,candidate_3,candidate_1,candidate_2,3,0.02
322,candidate_3,candidate_1,candidate_2,3,0.02
323,candidate_3,candidate_1,candidate_2,3,0.02
324,candidate_3,candidate_1,candidate_2,3,0.02
325,candidate_3,candidate_1,candidate_2,3,0.02
326,candidate_3,candidate_1,candidate_2,3,0.02
327,candidate_3,candidate_1,0,3,0.02
328,candidate_3,candidate_1,candidate_2,3,0.02
329,candidate_3,candidate_1,0,3,0.02
330,candidate_3,candidate_1,candidate_2,3,0.02
331,candidate_3,candidate_1,candidate_2,3,0.02
332,candidate_3,candidate_1,candidate_2,3,0.02
333,candidate_3,candidate_1,candidate_2,3,0.02
334,candidate_3,candidate_1,candidate_2,3,0.02
335,0,candidate_1,candidate_2,3,0.02
336,0,candidate_1,candidate_2,3,0.02
337,candidate_3,candidate_1,candidate_2,3,0.02
338,candidate_3,candidate_1,candidate_2,3,0.02
339,candidate_3,candidate_1,candidate_2,3,0.02
340,candidate_3,candidate_1,candidate_2,3,0.02
341,candidate_3,candidate_1,candidate_2,3,0.02
342,candidate_3,candidate_1,candidate_2,3,0.02
343,candidate_3,candidate_1,candidate_2,3,0.02
344,candidate_3,candidate_1,candidate_2,3,0.02
345,candidate_3,candidate_1,candidate_2,3,0.02
346,candidate_3,candidate_1,candidate_2,3,0.02
347,candidate_3,candidate_1,candidate_2,3,0.02
348,candidate_3,candidate_1,candidate_2,3,0.02
349,candidate_3,candidate_1,candidate_2,3,0.02
350,0,candidate_1,candidate_2,3,0.02
351,candidate_3,candidate_1,candidate_2,3,0.02
352,candidate_3,candidate_1,candidate_2,3,0.02
353,candidate_3,candidate_1,candidate_2,3,0.02
354,candidate_3,candidate_1,0,3,0.02
355,candidate_3,candidate_1,candidate_2,3,0.02
356,candidate_3,candidate_1,candidate_2,3,0.02
357,candidate_3,candidate_1,candidate_2,3,0.02
358,candidate_3,candidate_1,candidate_2,3,0.02
359,candidate_3,candidate_1,candidate_2,3,0.02
360,candidate_3,candidate_1,candidate_2,3,0.02
361,candidate_3,candidate_1,candidate_2,3,0.02
362,candidate_3,candidate_1,candidate_2,3,0.02
363,candidate_3,candidate_1,candidate_2,3,0.02
364,candidate_3,candidate_1,candidate_2,3,0.02
365,candidate_3,candidate_1,candidate_2,3,0.02
366,candidate_3,candidate_1,candidate_2,3,0.02
367,candidate_3,candidate_1,candidate_2,3,0.02
368,candidate_3,candidate_1,candidate_2,3,0.02
369,candidate_3,candidate_1,candidate_2,3,0.02
370,candidate_3,candidate_1,candidate_2,3,0.02
371,candidate_3,candidate_1,candidate_2,3,0.02
372,candidate_3,candidate_1,candidate_2,3,0.02
373,candidate_3,candidate_1,candidate_2,3,0.02
374,candidate_3,candidate_1,candidate_2,3,0.02
375,candidate_3,candidate_1,candidate_2,3,0.02
376,candidate_3,candidate_1,candidate_2,3,0.02
377,candidate_3,candidate_1,candidate_2,3,0.02
378,candidate_3,candidate_1,candidate_2,3,0.02
379,candidate_3,candidate_1,candidate_2,3,0.02
380,candidate_3,0,candidate_2,3,0.02
381,candidate_3,candidate_1,candidate_2,3,0.02
382,candidate_3,candidate_1,candidate_2,3,0.02
383,candidate_3,candidate_1,candidate_2,3,0.02
384,candidate_3,candidate_1,candidate_2,3,0.02
385,candidate_3,candidate_1,candidate_2,3,0.02
386,candidate_3,candidate_1,candidate_2,3,0.02
387,candidate_3,candidate_1,candidate_2,3,0.02
388,candidate_3,0,candidate_2,3,0.02
389,candidate_3,candidate_1,candidate_2,3,0.02
390,candidate_3,candidate_1,candidate_2,3,0.02
391,candidate_3,candidate_1,candidate_2,3,0.02
392,candidate_3,candidate_1,candidate_2,3,0.02
393,candidate_3,candidate_1,candidate_2,3,0.02
394,candidate_3,candidate_1,candidate_2,3,0.02
395,candidate_3,candidate_1,candidate_2,3,0.02
396,candidate_3,candidate_1,candidate_2,3,0.02
397,candidate_3,candidate_1,candidate_2,3,0.02
398,candidate_3,candidate_1,candidate_2,3,0.02
399,candidate_3,candidate_1,candidate_2,3,0.02
400,candidate_3,candidate_1,0,3,0.02
401,candidate_3,candidate_1,candidate_2,3,0.02
402,candidate_3,candidate_1,candidate_2,3,0.02
403,candidate_3,candidate_1,candidate_2,3,0.02
404,candidate_3,candidate_1,candidate_2,3,0.02
405,candidate_3,candidate_1,candidate_2,3,0.02
406,candidate_3,candidate_1,candidate_2,3,0.02
407,candidate_3,candidate_1,candidate_2,3,0.02
408,candidate_3,candidate_1,candidate_2,3,0.02
409,candidate_3,candidate_1,candidate_2,3,0.02
410,candidate_3,candidate_1,candidate_2,3,0.02
411,candidate_3,candidate_1,candidate_2,3,0.02
412,candidate_3,candidate_1,candidate_2,3,0.02
413,candidate_3,candidate_1,candidate_2,3,0.02
414,candidate_3,candidate_1,candidate_2,3,0.02
415,candidate_3,candidate_1,candidate_2,3,0.02
416,candidate_3,candidate_1,0,3,0.02
417,candidate_3,candidate_1,candidate_2,3,0.02
418,candidate_3,0,candidate_2,3,0.02
419,candidate_3,candidate_1,candidate_2,3,0.02
420,candidate_3,candidate_1,candidate_2,3,0.02
421,candidate_3,candidate_1,candidate_2,3,0.02
422,candidate_3,candidate_1,candidate_2,3,0.02
423,candidate_3,candidate_1,candidate_2,3,0.02
424,candidate_3,candidate_1,candidate_2,3,0.02
425,candidate_3,candidate_1,candidate_2,3,0.02
426,candidate_3,candidate_1,candidate_2,3,0.02
427,candidate_3,candidate_1,candidate_2,3,0.02
428,candidate_3,candidate_1,candidate_2,3,0.02
429,candidate_3,candidate_1,candidate_2,3,0.02
430,candidate_3,candidate_1,candidate_2,3,0.02
431,candidate_3,candidate_1,candidate_2,3,0.02
432,candidate_3,candidate_1,candidate_2,3,0.02
433,candidate_3,candidate_1,candidate_2,3,0.02
434,candidate_3,candidate_1,candidate_2,3,0.02
435,candidate_3,candidate_1,candidate_2,3,0.02
436,candidate_3,candidate_1,candidate_2,3,0.02
437,candidate_3,candidate_1,candidate_2,3,0.02
438,candidate_3,candidate_1,candidate_2,3,0.02
439,candidate_3,candidate_1,candidate_2,3,0.02
440,candidate_3,candidate_1,candidate_2,3,0.02
441,candidate_3,candidate_1,candidate_2,3,0.02
442,candidate_3,candidate_1,candidate_2,3,0.02
443,candidate_3,candidate_1,candidate_2,3,0.02
444,candidate_3,candidate_1,candidate_2,3,0.02
445,candidate_3,candidate_1,candidate_2,3,0.02
446,candidate_3,candidate_1,candidate_2,3,0.02
447,candidate_3,candidate_1,candidate_2,3,0.02
448,candidate_3,candidate_1,candidate_2,3,0.02
449,candidate_3,candidate_1,candidate_2,3,0.02
450,candidate_3,candidate_1,candidate_2,3,0.02
451,candidate_3,candidate_1,candidate_2,3,0.02
452,candidate_3,candidate_1,candidate_2,3,0.02
453,candidate_3,candidate_1,candidate_2,3,0.02
454,candidate_3,candidate_1,candidate_2,3,0.02
455,candidate_3,candidate_1,candidate_2,3,0.02
456,candidate_3,candidate_1,candidate_2,3,0.02
457,candidate_3,candidate_1,candidate_2,3,0.02
458,candidate_3,candidate_1,candidate_2,3,0.02
459,candidate_3,candidate_1,candidate_2,3,0.02
460,candidate_3,candidate_1,candidate_2,3,0.02
461,candidate_3,0,candidate_2,3,0.02
462,candidate_3,candidate_1,candidate_2,3,0.02
463,candidate_3,candidate_1,candidate_2,3,0.02
464,candidate_3,candidate_1,candidate_2,3,0.02
465,candidate_3,candidate_1,candidate_2,3,0.02
466,candidate_3,candidate_1,candidate_2,3,0.02
467,candidate_3,candidate_1,candidate_2,3,0.02
468,candidate_3,candidate_1,candidate_2,3,0.02
469,candidate_3,candidate_1,candidate_2,3,0.02
470,candidate_3,candidate_1,candidate_2,3,0.02
471,candidate_3,candidate_1,candidate_2,3,0.02
472,candidate_3,candidate_1,candidate_2,3,0.02
473,candidate_3,candidate_1,candidate_2,3,0.02
474,candidate_3,candidate_1,candidate_2,3,0.02
475,candidate_3,candidate_1,candidate_2,3,0.02
476,candidate_3,candidate_1,candidate_2,3,0.02
477,candidate_3,candidate_1,candidate_2,3,0.02
478,candidate_3,candidate_1,candidate_2,3,0.02
479,candidate_3,candidate_1,candidate_2,3,0.02
480,candidate_3,candidate_1,candidate_2,3,0.02
481,candidate_3,candidate_1,candidate_2,3,0.02
482,candidate_3,candidate_1,candidate_2,3,0.02
483,candidate_3,candidate_1,candidate_2,3,0.02
484,candidate_3,candidate_1,candidate_2,3,0.02
485,candidate_3,candidate_1,candidate_2,3,0.02
486,candidate_3,candidate_1,candidate_2,3,0.02
487,candidate_3,candidate_1,candidate_2,3,0.02
488,candidate_3,candidate_1,candidate_2,3,0.02
489,candidate_3,candidate_1,candidate_2,3,0.02
490,candidate_3,candidate_1,0,3,0.02
491,candidate_3,candidate_1,candidate_2,3,0.02
492,candidate_3,candidate_1,candidate_2,3,0.02
493,candidate_3,candidate_1,candidate_2,3,0.02
494,candidate_3,candidate_1,candidate_2,3,0.02
495,candidate_3,candidate_1,candidate_2,3,0.02
496,candidate_3,candidate_1,candidate_2,3,0.02
497,candidate_3,candidate_1,candidate_2,3,0.02
498,candidate_3,candidate_1,candidate_2,3,0.02
499,0,candidate_1,candidate_2,3,0.02
500,candidate_3,candidate_1,candidate_2,3,0.02
501,candidate_3,candidate_1,candidate_2,3,0.02
502,candidate_3,candidate_1,candidate_2,3,0.02
503,candidate_3,candidate_1,candidate_2,3,0.02
504,candidate_3,candidate_1,candidate_2,3,0.02
505,candidate_3,candidate_1,candidate_2,3,0.02
506,candidate_3,candidate_1,candidate_2,3,0.02
507,candidate_3,candidate_1,candidate_2,3,0.02
508,candidate_3,candidate_1,candidate_2,3,0.02
509,candidate_3,candidate_1,candidate_2,3,0.02
510,candidate_3,candidate_1,candidate_2,3,0.02
511,0,candidate_1,candidate_2,3,0.02
512,candidate_3,candidate_1,candidate_2,3,0.02
513,candidate_3,candidate_1,candidate_2,3,0.02
514,candidate_3,candidate_1,candidate_2,3,0.02
515,candidate_3,candidate_1,candidate_2,3,0.02
516,0,candidate_1,candidate_2,3,0.02
517,candidate_3,0,candidate_2,3,0.02
518,candidate_3,candidate_1,candidate_2,3,0.02
519,candidate_3,candidate_1,candidate_2,3,0.02
520,candidate_3,candidate_1,candidate_2,3,0.02
521,candidate_3,candidate_1,candidate_2,3,0.02
522,candidate_3,candidate_1,candidate_2,3,0.02
523,candidate_3,candidate_1,candidate_2,3,0.02
524,candidate_3,candidate_1,candidate_2,3,0.02
525,candidate_3,candidate_1,candidate_2,3,0.02
526,candidate_3,candidate_1,candidate_2,3,0.02
527,candidate_3,candidate_1,candidate_2,3,0.02
528,candidate_3,candidate_1,candidate_2,3,0.02
529,candidate_3,candidate_1,candidate_2,3,0.02
530,candidate_3,candidate_1,candidate_2,3,0.02
531,candidate_3,candidate_1,candidate_2,3,0.02
532,candidate_3,candidate_1,candidate_2,3,0.02
533,candidate_3,candidate_1,candidate_2,3,0.02
534,candidate_3,candidate_1,candidate_2,3,0.02
535,0,candidate_1,candidate_2,3,0.02
536,candidate_3,candidate_1,candidate_2,3,0.02
537,candidate_3,candidate_1,candidate_2,3,0.02
538,candidate_3,candidate_1,candidate_2,3,0.02
539,candidate_3,candidate_1,candidate_2,3,0.02
540,candidate_3,candidate_1,candidate_2,3,0.02
541,candidate_3,candidate_1,candidate_2,3,0.02
542,candidate_3,candidate_1,candidate_2,3,0.02
543,candidate_3,candidate_1,candidate_2,3,0.02
544,candidate_3,candidate_1,candidate_2,3,0.02
545,candidate_3,candidate_1,candidate_2,3,0.02
546,candidate_3,candidate_1,candidate_2,3,0.02
547,candidate_3,candidate_1,candidate_2,3,0.02
548,candidate_3,candidate_1,candidate_2,3,0.02
549,candidate_3,candidate_1,candidate_2,3,0.02
550,candidate_3,candidate_1,candidate_2,3,0.02
551,candidate_3,candidate_1,candidate_2,3,0.02
552,candidate_3,candidate_1,candidate_2,3,0.02
553,candidate_3,candidate_1,candidate_2,3,0.02
554,0,candidate_1,0,3,0.02
555,candidate_3,candidate_1,candidate_2,3,0.02
556,candidate_3,candidate_1,candidate_2,3,0.02
557,candidate_3,candidate_1,candidate_2,3,0.02
558,candidate_3,candidate_1,candidate_2,3,0.02
559,candidate_3,candidate_1,candidate_2,3,0.02
560,candidate_3,candidate_1,candidate_2,3,0.02
561,candidate_3,candidate_1,candidate_2,3,0.02
562,candidate_3,candidate_1,candidate_2,3,0.02
563,candidate_3,candidate_1,candidate_2,3,0.02
564,candidate_3,candidate_1,candidate_2,3,0.02
565,candidate_3,candidate_1,candidate_2,3,0.02
566,candidate_3,candidate_1,candidate_2,3,0.02
567,candidate_3,candidate_1,candidate_2,3,0.02
568,candidate_3,candidate_1,candidate_2,3,0.02
569,candidate_3,candidate_1,candidate_2,3,0.02
570,candidate_3,candidate_1,candidate_2,3,0.02
571,candidate_3,candidate_1,candidate_2,3,0.02
572,candidate_3,candidate_1,candidate_2,3,0.02
573,candidate_3,candidate_1,candidate_2,3,0.02
574,candidate_3,candidate_1,candidate_2,3,0.02
575,candidate_3,candidate_1,candidate_2,3,0.02
576,candidate_3,candidate_1,candidate_2,3,0.02
577,candidate_3,candidate_1,candidate_2,3,0.02
578,candidate_3,candidate_1,candidate_2,3,0.02
579,candidate_3,candidate_1,candidate_2,3,0.02
580,candidate_3,candidate_1,candidate_2,3,0.02
581,candidate_3,candidate_1,candidate_2,3,0.02
582,candidate_3,candidate_1,0,3,0.02
583,candidate_3,candidate_1,candidate_2,3,0.02
584,candidate_3,candidate_1,candidate_2,3,0.02
585,candidate_3,candidate_1,candidate_2,3,0.02
586,candidate_3,candidate_1,candidate_2,3,0.02
587,candidate_3,candidate_1,candidate_2,3,0.02
588,candidate_3,candidate_1,candidate_2,3,0.02
589,candidate_3,candidate_1,candidate_2,3,0.02
590,candidate_3,candidate_1,candidate_2,3,0.02
591,candidate_3,candidate_1,candidate_2,3,0.02
592,candidate_3,candidate_1,candidate_2,3,0.02
593,candidate_3,candidate_1,candidate_2,3,0.02
594,candidate_3,candidate_1,candidate_2,3,0.02
595,candidate_3,candidate_1,candidate_2,3,0.02
596,candidate_3,candidate_1,candidate_2,3,0.02
597,candidate_3,candidate_1,candidate_2,3,0.02
598,candidate_3,candidate_1,candidate_2,3,0.02
599,candidate_3,candidate_1,0,3,0.02
600,candidate_3,candidate_1,candidate_2,3,0.02
601,candidate_3,candidate_1,candidate_2,3,0.02
602,candidate_3,candidate_1,candidate_2,3,0.02
603,candidate_3,candidate_1,candidate_2,3,0.02
604,candidate_3,candidate_1,candidate_2,3,0.02
605,candidate_3,candidate_1,candidate_2,3,0.02
606,candidate_3,candidate_1,candidate_2,3,0.02
607,candidate_3,candidate_1,candidate_2,3,0.02
608,candidate_3,candidate_1,candidate_2,3,0.02
609,candidate_3,candidate_1,candidate_2,3,0.02
610,candidate_3,candidate_1,candidate_2,3,0.02
611,candidate_3,candidate_1,candidate_2,3,0.02
612,candidate_3,candidate_1,candidate_2,3,0.02
613,candidate_3,candidate_1,candidate_2,3,0.02
614,0,candidate_1,candidate_2,3,0.02
615,candidate_3,candidate_1,candidate_2,3,0.02
616,candidate_3,candidate_1,candidate_2,3,0.02
617,candidate_3,candidate_1,candidate_2,3,0.02
618,candidate_3,candidate_1,candidate_2,3,0.02
619,candidate_3,candidate_1,0,3,0.02
620,candidate_3,candidate_1,candidate_2,3,0.02
621,candidate_3,candidate_1,candidate_2,3,0.02
622,candidate_3,0,candidate_2,3,0.02
623,0,candidate_1,candidate_2,3,0.02
624,candidate_3,candidate_1,candidate_2,3,0.02
625,candidate_3,candidate_1,candidate_2,3,0.02
626,candidate_3,candidate_1,candidate_2,3,0.02
627,candidate_3,candidate_1,candidate_2,3,0.02
628,candidate_3,candidate_1,candidate_2,3,0.02
629,candidate_3,candidate_1,candidate_2,3,0.02
630,candidate_3,candidate_1,candidate_2,3,0.02
631,candidate_3,candidate_1,candidate_2,3,0.02
632,candidate_3,candidate_1,candidate_2,3,0.02
633,candidate_3,candidate_1,0,3,0.02
634,candidate_3,candidate_1,candidate_2,3,0.02
635,candidate_3,candidate_1,candidate_2,3,0.02
636,candidate_3,candidate_1,candidate_2,3,0.02
637,candidate_3,candidate_1,candidate_2,3,0.02
638,candidate_3,candidate_1,candidate_2,3,0.02
639,candidate_3,candidate_1,candidate_2,3,0.02
640,candidate_3,0,candidate_2,3,0.02
641,candidate_3,candidate_1,candidate_2,3,0.02
642,candidate_3,candidate_1,candidate_2,3,0.02
643,candidate_3,candidate_1,candidate_2,3,0.02
644,candidate_3,candidate_1,candidate_2,3,0.02
645,candidate_3,candidate_1,candidate_2,3,0.02
646,candidate_3,candidate_1,candidate_2,3,0.02
647,candidate_3,candidate_1,candidate_2,3,0.02
648,candidate_3,candidate_1,candidate_2,3,0.02
649,candidate_3,candidate_1,candidate_2,3,0.02
650,candidate_3,candidate_1,candidate_2,3,0.02
651,candidate_3,candidate_1,candidate_2,3,0.02
652,candidate_3,candidate_1,candidate_2,3,0.02
653,candidate_3,candidate_1,candidate_2,3,0.02
654,candidate_3,candidate_1,candidate_2,3,0.02
655,candidate_3,candidate_1,candidate_2,3,0.02
656,candidate_3,candidate_1,candidate_2,3,0.02
657,0,0,candidate_2,3,0.02
658,candidate_3,candidate_1,candidate_2,3,0.02
659,candidate_3,candidate_1,candidate_2,3,0.02
660,candidate_3,candidate_1,candidate_2,3,0.02
661,candidate_3,candidate_1,candidate_2,3,0.02
662,candidate_3,candidate_1,candidate_2,3,0.02
663,candidate_3,candidate_1,candidate_2,3,0.02
664,candidate_3,candidate_1,candidate_2,3,0.02
665,candidate_3,candidate_1,candidate_2,3,0.02
666,candidate_3,candidate_1,0,3,0.02
667,candidate_3,candidate_1,candidate_2,3,0.02
668,candidate_3,candidate_1,candidate_2,3,0.02
669,candidate_3,candidate_1,candidate_2,3,0.02
670,candidate_3,candidate_1,candidate_2,3,0.02
671,candidate_3,candidate_1,candidate_2,3,0.02
672,candidate_3,candidate_1,candidate_2,3,0.02
673,candidate_3,candidate_1,candidate_2,3,0.02
674,candidate_3,candidate_1,candidate_2,3,0.02
675,candidate_3,candidate_1,candidate_2,3,0.02
676,candidate_3,candidate_1,candidate_2,3,0.02
677,candidate_3,candidate_1,candidate_2,3,0.02
678,candidate_3,candidate_1,candidate_2,3,0.02
679,candidate_3,candidate_1,candidate_2,3,0.02
680,candidate_3,candidate_1,candidate_2,3,0.02
681,candidate_3,candidate_1,candidate_2,3,0.02
682,candidate_3,candidate_1,candidate_2,3,0.02
683,candidate_3,candidate_1,candidate_2,3,0.02
684,candidate_3,candidate_1,candidate_2,3,0.02
685,candidate_3,candidate_1,candidate_2,3,0.02
686,0,candidate_1,candidate_2,3,0.02
687,candidate_3,candidate_1,candidate_2,3,0.02
688,candidate_3,candidate_1,candidate_2,3,0.02
689,candidate_3,candidate_1,candidate_2,3,0.02
690,candidate_3,candidate_1,candidate_2,3,0.02
691,candidate_3,candidate_1,candidate_2,3,0.02
692,candidate_3,candidate_1,candidate_2,3,0.02
693,candidate_3,candidate_1,candidate_2,3,0.02
694,candidate_3,candidate_1,candidate_2,3,0.02
695,candidate_3,candidate_1,candidate_2,3,0.02
696,candidate_3,candidate_1,candidate_2,3,0.02
697,candidate_3,candidate_1,candidate_2,3,0.02
698,candidate_3,candidate_1,candidate_2,3,0.02
699,candidate_3,candidate_1,candidate_2,3,0.02
700,candidate_3,candidate_1,candidate_2,3,0.02
701,candidate_3,0,candidate_2,3,0.02
702,candidate_3,candidate_1,candidate_2,3,0.02
703,candidate_3,candidate_1,candidate_2,3,0.02
704,candidate_3,candidate_1,candidate_2,3,0.02
705,candidate_3,candidate_1,candidate_2,3,0.02
706,candidate_3,candidate_1,candidate_2,3,0.02
707,candidate_3,candidate_1,candidate_2,3,0.02
708,candidate_3,candidate_1,candidate_2,3,0.02
709,candidate_3,candidate_1,candidate_2,3,0.02
710,candidate_3,candidate_1,candidate_2,3,0.02
711,candidate_3,candidate_1,candidate_2,3,0.02
712,candidate_3,candidate_1,candidate_2,3,0.02
713,candidate_3,candidate_1,candidate_2,3,0.02
714,candidate_3,candidate_1,candidate_2,3,0.02
715,candidate_3,candidate_1,candidate_2,3,0.02
716,candidate_3,candidate_1,candidate_2,3,0.02
717,candidate_3,candidate_1,candidate_2,3,0.02
718,candidate_3,candidate_1,candidate_2,3,0.02
719,candidate_3,candidate_1,candidate_2,3,0.02
720,candidate_3,candidate_1,candidate_2,3,0.02
721,candidate_3,candidate_1,candidate_2,3,0.02
722,candidate_3,candidate_1,candidate_2,3,0.02
723,candidate_3,candidate_1,candidate_2,3,0.02
724,candidate_3,candidate_1,candidate_2,3,0.02
725,candidate_3,candidate_1,candidate_2,3,0.02
726,candidate_3,candidate_1,candidate_2,3,0.02
727,candidate_3,candidate_1,candidate_2,3,0.02
728,candidate_3,candidate_1,candidate_2,3,0.02
729,candidate_3,candidate_1,candidate_2,3,0.02
730,candidate_3,candidate_1,candidate_2,3,0.02
731,candidate_3,candidate_1,candidate_2,3,0.02
732,candidate_3,candidate_1,candidate_2,3,0.02
733,candidate_3,candidate_1,candidate_2,3,0.02
734,candidate_3,candidate_1,candidate_2,3,0.02
735,candidate_3,candidate_1,candidate_2,3,0.02
736,candidate_3,candidate_1,candidate_2,3,0.02
737,candidate_3,candidate_1,candidate_2,3,0.02
738,candidate_3,candidate_1,candidate_2,3,0.02
739,candidate_3,candidate_1,candidate_2,3,0.02
740,candidate_3,candidate_1,candidate_2,3,0.02
741,candidate_3,candidate_1,candidate_2,3,0.02
742,candidate_3,candidate_1,candidate_2,3,0.02
743,candidate_3,candidate_1,candidate_2,3,0.02
744,candidate_3,candidate_1,candidate_2,3,0.02
745,candidate_3,candidate_1,candidate_2,3,0.02
746,candidate_3,candidate_1,candidate_2,3,0.02
747,candidate_3,candidate_1,candidate_2,3,0.02
748,candidate_3,candidate_1,candidate_2,3,0.02
749,candidate_3,candidate_1,candidate_2,3,0.02
750,candidate_3,candidate_1,candidate_2,3,0.02
751,candidate_3,candidate_1,candidate_2,3,0.02
752,candidate_3,candidate_1,candidate_2,3,0.02
753,candidate_3,candidate_1,candidate_2,3,0.02
754,candidate_3,candidate_1,candidate_2,3,0.02
755,candidate_3,candidate_1,candidate_2,3,0.02
756,candidate_3,candidate_1,candidate_2,3,0.02
757,candidate_3,candidate_1,candidate_2,3,0.02
758,candidate_3,candidate_1,candidate_2,3,0.02
759,candidate_3,candidate_1,candidate_2,3,0.02
760,candidate_3,candidate_1,candidate_2,3,0.02
761,candidate_3,candidate_1,candidate_2,3,0.02
762,candidate_3,candidate_1,candidate_2,3,0.02
763,candidate_3,candidate_1,candidate_2,3,0.02
764,0,candidate_1,candidate_2,3,0.02
765,candidate_3,candidate_1,candidate_2,3,0.02
766,candidate_3,candidate_1,candidate_2,3,0.02
767,candidate_3,candidate_1,candidate_2,3,0.02
768,candidate_3,candidate_1,candidate_2,3,0.02
769,candidate_3,candidate_1,candidate_2,3,0.02
770,candidate_3,candidate_1,candidate_2,3,0.02
771,candidate_3,candidate_1,candidate_2,3,0.02
772,candidate_3,candidate_1,candidate_2,3,0.02
773,candidate_3,candidate_1,candidate_2,3,0.02
774,candidate_3,candidate_1,candidate_2,3,0.02
775,candidate_3,candidate_1,candidate_2,3,0.02
776,candidate_3,candidate_1,candidate_2,3,0.02
777,candidate_3,candidate_1,candidate_2,3,0.02
778,candidate_3,candidate_1,candidate_2,3,0.02
779,candidate_3,candidate_1,candidate_2,3,0.02
780,candidate_3,candidate_1,candidate_2,3,0.02
781,0,candidate_1,candidate_2,3,0.02
782,candidate_3,candidate_1,candidate_2,3,0.02
783,candidate_3,candidate_1,candidate_2,3,0.02
784,candidate_3,candidate_1,candidate_2,3,0.02
785,candidate_3,candidate_1,candidate_2,3,0.02
786,candidate_3,candidate_1,candidate_2,3,0.02
787,candidate_3,candidate_1,candidate_2,3,0.02
788,candidate_3,candidate_1,candidate_2,3,0.02
789,candidate_3,candidate_1,candidate_2,3,0.02
790,candidate_3,candidate_1,candidate_2,3,0.02
791,candidate_3,candidate_1,candidate_2,3,0.02
792,candidate_3,candidate_1,candidate_2,3,0.02
793,candidate_3,candidate_1,candidate_2,3,0.02
794,candidate_3,candidate_1,candidate_2,3,0.02
795,candidate_3,candidate_1,candidate_2,3,0.02
796,candidate_3,candidate_1,candidate_2,3,0.02
797,candidate_3,candidate_1,candidate_2,3,0.02
798,candidate_3,candidate_1,candidate_2,3,0.02
799,candidate_3,candidate_1,candidate_2,3,0.02
800,candidate_3,candidate_1,candidate_2,3,0.02
801,candidate_3,candidate_1,candidate_2,3,0.02
802,candidate_3,candidate_1,candidate_2,3,0.02
803,candidate_3,candidate_1,candidate_2,3,0.02
804,candidate_3,candidate_1,candidate_2,3,0.02
805,candidate_3,candidate_1,candidate_2,3,0.02
806,candidate_3,candidate_1,candidate_2,3,0.02
807,candidate_3,candidate_1,candidate_2,3,0.02
808,candidate_3,candidate_1,candidate_2,3,0.02
809,candidate_3,candidate_1,candidate_2,3,0.02
810,candidate_3,candidate_1,candidate_2,3,0.02
811,candidate_3,candidate_1,candidate_2,3,0.02
812,candidate_3,candidate_1,candidate_2,3,0.02
813,candidate_3,candidate_1,candidate_2,3,0.02
814,candidate_3,candidate_1,candidate_2,3,0.02
815,candidate_3,candidate_1,candidate_2,3,0.02
816,0,candidate_1,candidate_2,3,0.02
817,candidate_3,candidate_1,candidate_2,3,0.02
818,candidate_3,candidate_1,candidate_2,3,0.02
819,candidate_3,candidate_1,candidate_2,3,0.02
820,candidate_3,candidate_1,candidate_2,3,0.02
821,candidate_3,candidate_1,candidate_2,3,0.02
822,candidate_3,candidate_1,candidate_2,3,0.02
823,candidate_3,candidate_1,candidate_2,3,0.02
824,candidate_3,candidate_1,candidate_2,3,0.02
825,candidate_3,0,candidate_2,3,0.02
826,candidate_3,0,candidate_2,3,0.02
827,candidate_3,candidate_1,candidate_2,3,0.02
828,candidate_3,candidate_1,candidate_2,3,0.02
829,candidate_3,candidate_1,candidate_2,3,0.02
830,0,candidate_1,candidate_2,3,0.02
831,candidate_3,candidate_1,candidate_2,3,0.02
832,candidate_3,candidate_1,candidate_2,3,0.02
833,candidate_3,candidate_1,candidate_2,3,0.02
834,candidate_3,candidate_1,candidate_2,3,0.02
835,candidate_3,candidate_1,candidate_2,3,0.02
836,candidate_3,candidate_1,candidate_2,3,0.02
837,candidate_3,candidate_1,candidate_2,3,0.02
838,candidate_3,candidate_1,candidate_2,3,0.02
839,candidate_3,candidate_1,candidate_2,3,0.02
840,candidate_3,candidate_1,candidate_2,3,0.02
841,candidate_3,candidate_1,candidate_2,3,0.02
842,candidate_3,candidate_1,candidate_2,3,0.02
843,candidate_3,candidate_1,candidate_2,3,0.02
844,candidate_3,candidate_1,candidate_2,3,0.02
845,candidate_3,candidate_1,candidate_2,3,0.02
846,candidate_3,candidate_1,candidate_2,3,0.02
847,candidate_3,candidate_1,candidate_2,3,0.02
848,candidate_3,candidate_1,0,3,0.02
849,candidate_3,candidate_1,candidate_2,3,0.02
850,candidate_3,candidate_1,candidate_2,3,0.02
851,candidate_3,candidate_1,candidate_2,3,0.02
852,candidate_3,candidate_1,candidate_2,3,0.02
853,candidate_3,candidate_1,candidate_2,3,0.02
854,candidate_3,candidate_1,candidate_2,3,0.02
855,candidate_3,candidate_1,candidate_2,3,0.02
856,candidate_3,candidate_1,candidate_2,3,0.02
857,candidate_3,candidate_1,candidate_2,3,0.02
858,candidate_3,candidate_1,candidate_2,3,0.02
859,candidate_3,candidate_1,candidate_2,3,0.02
860,candidate_3,candidate_1,candidate_2,3,0.02
861,candidate_3,candidate_1,candidate_2,3,0.02
862,candidate_3,candidate_1,candidate_2,3,0.02
863,candidate_3,candidate_1,candidate_2,3,0.02
864,candidate_3,candidate_1,candidate_2,3,0.02
865,candidate_3,candidate_1,candidate_2,3,0.02
866,candidate_3,candidate_1,candidate_2,3,0.02
867,candidate_3,candidate_1,candidate_2,3,0.02
868,candidate_3,candidate_1,candidate_2,3,0.02
869,candidate_3,candidate_1,candidate_2,3,0.02
870,candidate_3,candidate_1,candidate_2,3,0.02
871,candidate_3,candidate_1,candidate_2,3,0.02
872,candidate_3,candidate_1,candidate_2,3,0.02
873,candidate_3,candidate_1,candidate_2,3,0.02
874,candidate_3,candidate_1,candidate_2,3,0.02
875,candidate_3,candidate_1,candidate_2,3,0.02
876,candidate_3,candidate_1,candidate_2,3,0.02
877,candidate_3,candidate_1,candidate_2,3,0.02
878,candidate_3,candidate_1,candidate_2,3,0.02
879,candidate_3,candidate_1,candidate_2,3,0.02
880,candidate_3,candidate_1,candidate_2,3,0.02
881,candidate_3,candidate_1,candidate_2,3,0.02
882,candidate_3,candidate_1,candidate_2,3,0.02
883,candidate_3,candidate_1,candidate_2,3,0.02
884,candidate_3,candidate_1,candidate_2,3,0.02
885,candidate_3,candidate_1,candidate_2,3,0.02
886,candidate_3,candidate_1,candidate_2,3,0.02
887,candidate_3,candidate_1,candidate_2,3,0.02
888,candidate_3,candidate_1,candidate_2,3,0.02
889,candidate_3,candidate_1,candidate_2,3,0.02
890,candidate_3,candidate_1,candidate_2,3,0.02
891,candidate_3,candidate_1,candidate_2,3,0.02
892,candidate_3,candidate_1,candidate_2,3,0.02
893,0,candidate_1,candidate_2,3,0.02
894,candidate_3,candidate_1,candidate_2,3,0.02
895,candidate_3,candidate_1,candidate_2,3,0.02
896,candidate_3,candidate_1,candidate_2,3,0.02
897,candidate_3,candidate_1,candidate_2,3,0.02
898,candidate_3,candidate_1,candidate_2,3,0.02
899,candidate_3,0,candidate_2,3,0.02
900,candidate_3,candidate_1,candidate_2,3,0.02
901,candidate_3,candidate_1,candidate_2,3,0.02
902,candidate_3,candidate_1,candidate_2,3,0.02
903,candidate_3,candidate_1,candidate_2,3,0.02
904,candidate_3,candidate_1,candidate_2,3,0.02
905,candidate_3,candidate_1,candidate_2,3,0.02
906,candidate_3,candidate_1,candidate_2,3,0.02
907,candidate_3,0,0,3,0.02
908,candidate_3,candidate_1,candidate_2,3,0.02
909,candidate_3,candidate_1,candidate_2,3,0.02
910,candidate_3,candidate_1,candidate_2,3,0.02
911,candidate_3,candidate_1,candidate_2,3,0.02
912,candidate_3,candidate_1,candidate_2,3,0.02
913,candidate_3,candidate_1,candidate_2,3,0.02
914,candidate_3,candidate_1,candidate_2,3,0.02
915,candidate_3,candidate_1,candidate_2,3,0.02
916,candidate_3,candidate_1,candidate_2,3,0.02
917,candidate_3,candidate_1,candidate_2,3,0.02
918,candidate_3,candidate_1,candidate_2,3,0.02
919,candidate_3,candidate_1,candidate_2,3,0.02
920,candidate_3,candidate_1,candidate_2,3,0.02
921,candidate_3,candidate_1,candidate_2,3,0.02
922,candidate_3,candidate_1,candidate_2,3,0.02
923,candidate_3,candidate_1,candidate_2,3,0.02
924,candidate_3,candidate_1,candidate_2,3,0.02
925,candidate_3,candidate_1,candidate_2,3,0.02
926,candidate_3,candidate_1,candidate_2,3,0.02
927,candidate_3,candidate_1,candidate_2,3,0.02
928,candidate_3,candidate_1,candidate_2,3,0.02
929,candidate_3,candidate_1,candidate_2,3,0.02
930,candidate_3,candidate_1,candidate_2,3,0.02
931,candidate_3,candidate_1,candidate_2,3,0.02
932,candidate_3,candidate_1,candidate_2,3,0.02
933,candidate_3,candidate_1,candidate_2,3,0.02
934,candidate_3,candidate_1,candidate_2,3,0.02
935,candidate_3,candidate_1,candidate_2,3,0.02
936,candidate_3,candidate_1,candidate_2,3,0.02
937,candidate_3,candidate_1,candidate_2,3,0.02
938,candidate_3,candidate_1,candidate_2,3,0.02
939,candidate_3,candidate_1,candidate_2,3,0.02
940,candidate_3,candidate_1,candidate_2,3,0.02
941,candidate_3,candidate_1,candidate_2,3,0.02
942,candidate_3,candidate_1,candidate_2,3,0.02
943,candidate_3,candidate_1,candidate_2,3,0.02
944,candidate_3,candidate_1,candidate_2,3,0.02
945,candidate_3,candidate_1,candidate_2,3,0.02
946,candidate_3,candidate_1,candidate_2,3,0.02
947,candidate_3,candidate_1,candidate_2,3,0.02
948,candidate_3,candidate_1,candidate_2,3,0.02
949,candidate_3,candidate_1,candidate_2,3,0.02
950,candidate_3,candidate_1,candidate_2,3,0.02
951,candidate_3,candidate_1,candidate_2,3,0.02
952,candidate_3,candidate_1,candidate_2,3,0.02
953,candidate_3,candidate_1,candidate_2,3,0.02
954,candidate_3,candidate_1,candidate_2,3,0.02
955,candidate_3,candidate_1,candidate_2,3,0.02
956,candidate_3,candidate_1,0,3,0.02
957,candidate_3,candidate_1,candidate_2,3,0.02
958,candidate_3,candidate_1,candidate_2,3,0.02
959,candidate_3,candidate_1,candidate_2,3,0.02
960,candidate_3,0,candidate_2,3,0.02
961,candidate_3,candidate_1,candidate_2,3,0.02
962,candidate_3,candidate_1,candidate_2,3,0.02
963,candidate_3,candidate_1,candidate_2,3,0.02
964,candidate_3,candidate_1,candidate_2,3,0.02
965,candidate_3,candidate_1,candidate_2,3,0.02
966,candidate_3,candidate_1,candidate_2,3,0.02
967,candidate_3,candidate_1,candidate_2,3,0.02
968,candidate_3,candidate_1,candidate_2,3,0.02
969,candidate_3,candidate_1,candidate_2,3,0.02
970,candidate_3,candidate_1,candidate_2,3,0.02
971,candidate_3,candidate_1,candidate_2,3,0.02
972,candidate_3,candidate_1,candidate_2,3,0.02
973,candidate_3,candidate_1,candidate_2,3,0.02
974,candidate_3,candidate_1,candidate_2,3,0.02
975,candidate_3,candidate_1,candidate_2,3,0.02
976,candidate_3,candidate_1,candidate_2,3,0.02
977,candidate_3,candidate_1,candidate_2,3,0.02
978,candidate_3,candidate_1,candidate_2,3,0.02
979,candidate_3,candidate_1,candidate_2,3,0.02
980,candidate_3,0,candidate_2,3,0.02
981,candidate_3,candidate_1,candidate_2,3,0.02
982,candidate_3,candidate_1,candidate_2,3,0.02
983,candidate_3,candidate_1,candidate_2,3,0.02
984,candidate_3,candidate_1,candidate_2,3,0.02
985,candidate_3,candidate_1,candidate_2,3,0.02
986,candidate_3,candidate_1,0,3,0.02
987,candidate_3,candidate_1,0,3,0.02
988,candidate_3,candidate_1,candidate_2,3,0.02
989,candidate_3,candidate_1,candidate_2,3,0.02
990,candidate_3,candidate_1,candidate_2,3,0.02
991,candidate_3,candidate_1,0,3,0.02
992,candidate_3,candidate_1,candidate_2,3,0.02
993,candidate_3,candidate_1,candidate_2,3,0.02
994,candidate_3,candidate_1,candidate_2,3,0.02
995,candidate_3,candidate_1,candidate_2,3,0.02
996,candidate_3,candidate_1,candidate_2,3,0.02
997,candidate_3,candidate_1,candidate_2,3,0.02
998,candidate_3,candidate_1,candidate_2,3,0.02
999,candidate_3,candidate_1,candidate_2,3,0.02
1000,candidate_3,candidate_1,candidate_2,3,0.02
1001,candidate_3,candidate_1,candidate_2,3,0.02
1002,candidate_3,candidate_1,candidate_2,3,0.02
1003,candidate_3,candidate_1,candidate_2,3,0.02
1004,candidate_3,candidate_1,candidate_2,3,0.02
1005,candidate_3,candidate_1,candidate_2,3,0.02
1006,candidate_3,candidate_1,candidate_2,3,0.02
1007,candidate_3,candidate_1,candidate_2,3,0.02
1008,candidate_3,candidate_1,candidate_2,3,0.02
1009,candidate_3,candidate_1,candidate_2,3,0.02
1010,candidate_3,candidate_1,candidate_2,3,0.02
1011,candidate_3,candidate_1,candidate_2,3,0.02
1012,candidate_3,candidate_1,candidate_2,3,0.02
1013,candidate_3,candidate_1,candidate_2,3,0.02
1014,candidate_3,candidate_1,candidate_2,3,0.02
1015,candidate_3,candidate_1,candidate_2,3,0.02
1016,candidate_3,candidate_1,candidate_2,3,0.02
1017,candidate_3,candidate_1,candidate_2,3,0.02
1018,candidate_3,candidate_1,candidate_2,3,0.02
1019,candidate_3,candidate_1,candidate_2,3,0.02
1020,candidate_3,candidate_1,candidate_2,3,0.02
1021,candidate_3,candidate_1,candidate_2,3,0.02
1022,candidate_3,candidate_1,candidate_2,3,0.02
1023,0,candidate_1,candidate_2,3,0.02
1024,candidate_3,candidate_1,candidate_2,3,0.02
1025,candidate_3,candidate_1,candidate_2,3,0.02
1026,candidate_3,candidate_1,candidate_2,3,0.02
1027,candidate_3,candidate_1,candidate_2,3,0.02
1028,candidate_3,candidate_1,candidate_2,3,0.02
1029,candidate_3,candidate_1,candidate_2,3,0.02
1030,candidate_3,candidate_1,candidate_2,3,0.02
1031,candidate_3,candidate_1,candidate_2,3,0.02
1032,candidate_3,candidate_1,candidate_2,3,0.02
1033,candidate_3,candidate_1,candidate_2,3,0.02
1034,candidate_3,candidate_1,candidate_2,3,0.02
1035,candidate_3,candidate_1,candidate_2,3,0.02
1036,candidate_3,candidate_1,candidate_2,3,0.02
1037,candidate_3,candidate_1,candidate_2,3,0.02
1038,candidate_3,candidate_1,candidate_2,3,0.02
1039,candidate_3,candidate_1,candidate_2,3,0.02
1040,candidate_3,candidate_1,candidate_2,3,0.02
1041,candidate_3,0,candidate_2,3,0.02
1042,candidate_3,candidate_1,candidate_2,3,0.02
1043,candidate_3,candidate_1,candidate_2,3,0.02
1044,candidate_3,candidate_1,candidate_2,3,0.02
1045,candidate_3,candidate_1,candidate_2,3,0.02
1046,0,candidate_1,candidate_2,3,0.02
1047,candidate_3,candidate_1,candidate_2,3,0.02
1048,candidate_3,candidate_1,candidate_2,3,0.02
1049,candidate_3,candidate_1,candidate_2,3,0.02
1050,candidate_3,candidate_1,candidate_2,3,0.02
1051,candidate_3,candidate_1,candidate_2,3,0.02
1052,candidate_3,candidate_1,candidate_2,3,0.02
1053,candidate_3,candidate_1,candidate_2,3,0.02
1054,candidate_3,candidate_1,candidate_2,3,0.02
1055,candidate_3,candidate_1,candidate_2,3,0.02
1056,candidate_3,candidate_1,candidate_2,3,0.02
1057,candidate_3,candidate_1,candidate_2,3,0.02
1058,candidate_3,candidate_1,candidate_2,3,0.02
1059,candidate_3,candidate_1,candidate_2,3,0.02
1060,candidate_3,candidate_1,candidate_2,3,0.02
1061,candidate_3,candidate_1,candidate_2,3,0.02
1062,candidate_3,candidate_1,candidate_2,3,0.02
1063,candidate_3,candidate_1,candidate_2,3,0.02
1064,candidate_3,candidate_1,candidate_2,3,0.02
1065,candidate_3,candidate_1,candidate_2,3,0.02
1066,candidate_3,candidate_1,candidate_2,3,0.02
1067,candidate_3,candidate_1,candidate_2,3,0.02
1068,candidate_3,candidate_1,candidate_2,3,0.02
1069,candidate_3,candidate_1,candidate_2,3,0.02
1070,candidate_3,candidate_1,candidate_2,3,0.02
1071,candidate_3,candidate_1,candidate_2,3,0.02
1072,candidate_3,candidate_1,candidate_2,3,0.02
1073,candidate_3,candidate_1,0,3,0.02
1074,candidate_3,candidate_1,candidate_2,3,0.02
1075,candidate_3,candidate_1,candidate_2,3,0.02
1076,candidate_3,candidate_1,candidate_2,3,0.02
1077,candidate_3,candidate_1,candidate_2,3,0.02
1078,candidate_3,candidate_1,candidate_2,3,0.02
1079,candidate_3,candidate_1,candidate_2,3,0.02
1080,candidate_3,candidate_1,candidate_2,3,0.02
1081,candidate_3,candidate_1,candidate_2,3,0.02
1082,candidate_3,candidate_1,candidate_2,3,0.02
1083,candidate_3,candidate_1,candidate_2,3,0.02
1084,candidate_3,candidate_1,candidate_2,3,0.02
1085,candidate_3,candidate_1,0,3,0.02
1086,candidate_3,candidate_1,candidate_2,3,0.02
1087,candidate_3,candidate_1,candidate_2,3,0.02
1088,candidate_3,candidate_1,candidate_2,3,0.02
1089,candidate_3,candidate_1,candidate_2,3,0.02
1090,candidate_3,candidate_1,candidate_2,3,0.02
1091,candidate_3,candidate_1,candidate_2,3,0.02
1092,candidate_3,candidate_1,candidate_2,3,0.02
1093,candidate_3,candidate_1,candidate_2,3,0.02
1094,candidate_3,0,candidate_2,3,0.02
1095,candidate_3,candidate_1,candidate_2,3,0.02
1096,candidate_3,candidate_1,candidate_2,3,0.02
1097,candidate_3,candidate_1,candidate_2,3,0.02
1098,candidate_3,candidate_1,candidate_2,3,0.02
1099,candidate_3,candidate_1,candidate_2,3,0.02
1100,candidate_3,candidate_1,candidate_2,3,0.02
1101,candidate_3,candidate_1,candidate_2,3,0.02
1102,candidate_3,candidate_1,candidate_2,3,0.02
1103,candidate_3,candidate_1,candidate_2,3,0.02
1104,candidate_3,candidate_1,candidate_2,3,0.02
1105,candidate_3,candidate_1,candidate_2,3,0.02
1106,candidate_3,candidate_1,candidate_2,3,0.02
1107,candidate_3,candidate_1,candidate_2,3,0.02
1108,candidate_3,candidate_1,candidate_2,3,0.02
1109,candidate_3,candidate_1,candidate_2,3,0.02
1110,candidate_3,candidate_1,candidate_2,3,0.02
1111,candidate_3,candidate_1,candidate_2,3,0.02
1112,candidate_3,candidate_1,candidate_2,3,0.02
1113,candidate_3,candidate_1,candidate_2,3,0.02
1114,candidate_3,candidate_1,candidate_2,3,0.02
1115,candidate_3,candidate_1,candidate_2,3,0.02
1116,candidate_3,candidate_1,candidate_2,3,0.02
1117,candidate_3,candidate_1,candidate_2,3,0.02
1118,candidate_3,candidate_1,candidate_2,3,0.02
1119,candidate_3,candidate_1,candidate_2,3,0.02
1120,candidate_3,candidate_1,candidate_2,3,0.02
1121,candidate_3,candidate_1,candidate_2,3,0.02
1122,candidate_3,candidate_1,candidate_2,3,0.02
1123,candidate_3,candidate_1,candidate_2,3,0.02
1124,candidate_3,candidate_1,candidate_2,3,0.02
1125,0,candidate_1,candidate_2,3,0.02
1126,candidate_3,candidate_1,candidate_2,3,0.02
1127,candidate_3,candidate_1,candidate_2,3,0.02
1128,candidate_3,candidate_1,candidate_2,3,0.02
1129,candidate_3,candidate_1,candidate_2,3,0.02
1130,candidate_3,candidate_1,candidate_2,3,0.02
1131,candidate_3,candidate_1,candidate_2,3,0.02
1132,candidate_3,candidate_1,candidate_2,3,0.02
1133,candidate_3,candidate_1,candidate_2,3,0.02
1134,candidate_3,candidate_1,candidate_2,3,0.02
1135,candidate_3,candidate_1,candidate_2,3,0.02
1136,candidate_3,candidate_1,candidate_2,3,0.02
1137,candidate_3,candidate_1,candidate_2,3,0.02
1138,candidate_3,candidate_1,candidate_2,3,0.02
1139,candidate_3,candidate_1,candidate_2,3,0.02
1140,candidate_3,candidate_1,candidate_2,3,0.02
1141,candidate_3,candidate_1,candidate_2,3,0.02
1142,candidate_3,candidate_1,candidate_2,3,0.02
1143,candidate_3,candidate_1,candidate_2,3,0.02
1144,candidate_3,candidate_1,candidate_2,3,0.02
1145,candidate_3,candidate_1,candidate_2,3,0.02
1146,candidate_3,candidate_1,candidate_2,3,0.02
1147,candidate_3,candidate_1,candidate_2,3,0.02
1148,candidate_3,candidate_1,candidate_2,3,0.02
1149,candidate_3,candidate_1,candidate_2,3,0.02
1150,candidate_3,candidate_1,candidate_2,3,0.02
1151,candidate_3,candidate_1,candidate_2,3,0.02
1152,candidate_3,candidate_1,candidate_2,3,0.02
1153,candidate_3,candidate_1,candidate_2,3,0.02
1154,candidate_3,candidate_1,candidate_2,3,0.02
1155,candidate_3,candidate_1,candidate_2,3,0.02
1156,candidate_3,candidate_1,candidate_2,3,0.02
1157,candidate_3,candidate_1,candidate_2,3,0.02
1158,candidate_3,candidate_1,candidate_2,3,0.02
1159,candidate_3,candidate_1,candidate_2,3,0.02
1160,candidate_3,candidate_1,candidate_2,3,0.02
1161,candidate_3,candidate_1,candidate_2,3,0.02
1162,candidate_3,candidate_1,candidate_2,3,0.02
1163,candidate_3,candidate_1,candidate_2,3,0.02
1164,candidate_3,candidate_1,candidate_2,3,0.02
1165,candidate_3,candidate_1,candidate_2,3,0.02
1166,candidate_3,candidate_1,candidate_2,3,0.02
1167,candidate_3,candidate_1,candidate_2,3,0.02
1168,candidate_3,candidate_1,candidate_2,3,0.02
1169,candidate_3,candidate_1,candidate_2,3,0.02
1170,candidate_3,candidate_1,candidate_2,3,0.02
1171,candidate_3,candidate_1,candidate_2,3,0.02
1172,candidate_3,candidate_1,candidate_2,3,0.02
1173,candidate_3,candidate_1,candidate_2,3,0.02
1174,candidate_3,candidate_1,candidate_2,3,0.02
1175,candidate_3,candidate_1,candidate_2,3,0.02
1176,candidate_3,candidate_1,candidate_2,3,0.02
1177,candidate_3,candidate_1,candidate_2,3,0.02
1178,candidate_3,candidate_1,candidate_2,3,0.02
1179,candidate_3,candidate_1,candidate_2,3,0.02
1180,candidate_3,candidate_1,candidate_2,3,0.02
1181,0,candidate_1,candidate_2,3,0.02
1182,candidate_3,candidate_1,candidate_2,3,0.02
1183,candidate_3,candidate_1,0,3,0.02
1184,candidate_3,candidate_1,candidate_2,3,0.02
1185,candidate_3,candidate_1,candidate_2,3,0.02
1186,candidate_3,candidate_1,candidate_2,3,0.02
1187,candidate_3,candidate_1,candidate_2,3,0.02
1188,candidate_3,candidate_1,candidate_2,3,0.02
1189,0,candidate_1,candidate_2,3,0.02
1190,candidate_3,candidate_1,candidate_2,3,0.02
1191,candidate_3,candidate_1,candidate_2,3,0.02
1192,candidate_3,candidate_1,candidate_2,3,0.02
1193,candidate_3,candidate_1,candidate_2,3,0.02
1194,candidate_3,candidate_1,candidate_2,3,0.02
1195,candidate_3,candidate_1,candidate_2,3,0.02
1196,candidate_3,candidate_1,candidate_2,3,0.02
1197,candidate_3,candidate_1,candidate_2,3,0.02
1198,candidate_3,candidate_1,candidate_2,3,0.02
1199,candidate_3,candidate_1,candidate_2,3,0.02
1200,candidate_3,candidate_1,candidate_2,3,0.02
1201,candidate_3,candidate_1,candidate_2,3,0.02
1202,candidate_3,candidate_1,candidate_2,3,0.02
1203,candidate_3,candidate_1,candidate_2,3,0.02
1204,candidate_3,candidate_1,candidate_2,3,0.02
1205,candidate_3,candidate_1,candidate_2,3,0.02
1206,candidate_3,candidate_1,candidate_2,3,0.02
1207,candidate_3,candidate_1,candidate_2,3,0.02
1208,candidate_3,candidate_1,candidate_2,3,0.02
1209,candidate_3,candidate_1,candidate_2,3,0.02
1210,candidate_3,candidate_1,candidate_2,3,0.02
1211,candidate_3,candidate_1,candidate_2,3,0.02
1212,candidate_3,candidate_1,candidate_2,3,0.02
1213,candidate_3,candidate_1,candidate_2,3,0.02
1214,candidate_3,candidate_1,candidate_2,3,0.02
1215,candidate_3,candidate_1,candidate_2,3,0.02
1216,candidate_3,candidate_1,candidate_2,3,0.02
1217,0,candidate_1,candidate_2,3,0.02
1218,candidate_3,candidate_1,0,3,0.02
1219,candidate_3,candidate_1,candidate_2,3,0.02
1220,candidate_3,candidate_1,candidate_2,3,0.02
1221,candidate_3,candidate_1,candidate_2,3,0.02
1222,candidate_3,candidate_1,candidate_2,3,0.02
1223,candidate_3,candidate_1,candidate_2,3,0.02
1224,candidate_3,candidate_1,candidate_2,3,0.02
1225,candidate_3,candidate_1,candidate_2,3,0.02
1226,candidate_3,candidate_1,candidate_2,3,0.02
1227,candidate_3,candidate_1,candidate_2,3,0.02
1228,candidate_3,candidate_1,candidate_2,3,0.02
1229,candidate_3,candidate_1,candidate_2,3,0.02
1230,candidate_3,candidate_1,candidate_2,3,0.02
1231,candidate_3,candidate_1,candidate_2,3,0.02
1232,candidate_3,candidate_1,candidate_2,3,0.02
1233,candidate_3,candidate_1,candidate_2,3,0.02
1234,candidate_3,candidate_1,candidate_2,3,0.02
1235,candidate_3,candidate_1,candidate_2,3,0.02
1236,candidate_3,candidate_1,candidate_2,3,0.02
1237,candidate_3,candidate_1,candidate_2,3,0.02
1238,candidate_3,candidate_1,candidate_2,3,0.02
1239,candidate_3,candidate_1,candidate_2,3,0.02
1240,candidate_3,candidate_1,candidate_2,3,0.02
1241,candidate_3,candidate_1,candidate_2,3,0.02
1242,candidate_3,candidate_1,0,3,0.02
1243,candidate_3,candidate_1,candidate_2,3,0.02
1244,candidate_3,candidate_1,candidate_2,3,0.02
1245,candidate_3,candidate_1,candidate_2,3,0.02
1246,candidate_3,candidate_1,candidate_2,3,0.02
1247,candidate_3,candidate_1,candidate_2,3,0.02
1248,candidate_3,candidate_1,candidate_2,3,0.02
1249,candidate_3,candidate_1,candidate_2,3,0.02
1250,candidate_3,candidate_1,candidate_2,3,0.02
1251,candidate_3,candidate_1,candidate_2,3,0.02
1252,candidate_3,candidate_1,candidate_2,3,0.02
1253,candidate_3,candidate_1,candidate_2,3,0.02
1254,candidate_3,candidate_1,candidate_2,3,0.02
1255,candidate_3,candidate_1,candidate_2,3,0.02
1256,candidate_3,candidate_1,candidate_2,3,0.02
1257,candidate_3,candidate_1,candidate_2,3,0.02
1258,candidate_3,candidate_1,candidate_2,3,0.02
1259,candidate_3,candidate_1,candidate_2,3,0.02
1260,candidate_3,candidate_1,candidate_2,3,0.02
1261,candidate_3,candidate_1,candidate_2,3,0.02
1262,candidate_3,candidate_1,candidate_2,3,0.02
1263,0,candidate_1,candidate_2,3,0.02
1264,candidate_3,candidate_1,candidate_2,3,0.02
1265,candidate_3,candidate_1,candidate_2,3,0.02
1266,candidate_3,candidate_1,candidate_2,3,0.02
1267,candidate_3,candidate_1,candidate_2,3,0.02
1268,candidate_3,candidate_1,candidate_2,3,0.02
1269,candidate_3,candidate_1,candidate_2,3,0.02
1270,candidate_3,candidate_1,candidate_2,3,0.02
1271,candidate_3,candidate_1,candidate_2,3,0.02
1272,candidate_3,candidate_1,0,3,0.02
1273,0,candidate_1,candidate_2,3,0.02
1274,candidate_3,candidate_1,candidate_2,3,0.02
1275,candidate_3,candidate_1,candidate_2,3,0.02
1276,candidate_3,candidate_1,candidate_2,3,0.02
1277,candidate_3,candidate_1,candidate_2,3,0.02
1278,candidate_3,candidate_1,candidate_2,3,0.02
1279,candidate_3,candidate_1,candidate_2,3,0.02
1280,candidate_3,candidate_1,candidate_2,3,0.02
1281,candidate_3,candidate_1,candidate_2,3,0.02
1282,candidate_3,candidate_1,candidate_2,3,0.02
1283,candidate_3,candidate_1,candidate_2,3,0.02
1284,candidate_3,candidate_1,candidate_2,3,0.02
1285,candidate_3,candidate_1,candidate_2,3,0.02
1286,candidate_3,candidate_1,candidate_2,3,0.02
1287,candidate_3,candidate_1,candidate_2,3,0.02
1288,candidate_3,candidate_1,candidate_2,3,0.02
1289,candidate_3,candidate_1,candidate_2,3,0.02
1290,candidate_3,candidate_1,candidate_2,3,0.02
1291,candidate_3,candidate_1,candidate_2,3,0.02
1292,candidate_3,candidate_1,candidate_2,3,0.02
1293,candidate_3,candidate_1,candidate_2,3,0.02
1294,candidate_3,candidate_1,candidate_2,3,0.02
1295,candidate_3,candidate_1,candidate_2,3,0.02
1296,candidate_3,candidate_1,0,3,0.02
1297,candidate_3,candidate_1,candidate_2,3,0.02
1298,candidate_3,candidate_1,candidate_2,3,0.02
1299,candidate_3,candidate_1,candidate_2,3,0.02
1300,candidate_3,candidate_1,candidate_2,3,0.02
1301,candidate_3,candidate_1,candidate_2,3,0.02
1302,candidate_3,candidate_1,candidate_2,3,0.02
1303,candidate_3,candidate_1,candidate_2,3,0.02
1304,candidate_3,candidate_1,candidate_2,3,0.02
1305,candidate_3,candidate_1,candidate_2,3,0.02
1306,candidate_3,candidate_1,candidate_2,3,0.02
1307,candidate_3,candidate_1,candidate_2,3,0.02
1308,candidate_3,candidate_1,candidate_2,3,0.02
1309,candidate_3,candidate_1,candidate_2,3,0.02
1310,candidate_3,candidate_1,candidate_2,3,0.02
1311,candidate_3,0,candidate_2,3,0.02
1312,candidate_3,candidate_1,candidate_2,3,0.02
1313,candidate_3,candidate_1,candidate_2,3,0.02
1314,candidate_3,candidate_1,candidate_2,3,0.02
1315,candidate_3,candidate_1,candidate_2,3,0.02
1316,candidate_3,candidate_1,candidate_2,3,0.02
1317,candidate_3,candidate_1,candidate_2,3,0.02
1318,0,candidate_1,candidate_2,3,0.02
1319,candidate_3,candidate_1,candidate_2,3,0.02
1320,candidate_3,candidate_1,candidate_2,3,0.02
1321,candidate_3,candidate_1,candidate_2,3,0.02
1322,candidate_3,candidate_1,candidate_2,3,0.02
1323,candidate_3,candidate_1,candidate_2,3,0.02
1324,candidate_3,candidate_1,candidate_2,3,0.02
1325,candidate_3,candidate_1,candidate_2,3,0.02
1326,candidate_3,candidate_1,candidate_2,3,0.02
1327,candidate_3,candidate_1,candidate_2,3,0.02
1328,candidate_3,candidate_1,candidate_2,3,0.02
1329,candidate_3,candidate_1,candidate_2,3,0.02
1330,candidate_3,candidate_1,candidate_2,3,0.02
1331,0,candidate_1,candidate_2,3,0.02
1332,candidate_3,candidate_1,candidate_2,3,0.02
1333,candidate_3,candidate_1,candidate_2,3,0.02
1334,candidate_3,candidate_1,candidate_2,3,0.02
1335,candidate_3,candidate_1,candidate_2,3,0.02
1336,candidate_3,candidate_1,candidate_2,3,0.02
1337,candidate_3,candidate_1,candidate_2,3,0.02
1338,candidate_3,candidate_1,candidate_2,3,0.02
1339,candidate_3,candidate_1,candidate_2,3,0.02
1340,candidate_3,candidate_1,candidate_2,3,0.02
1341,candidate_3,candidate_1,candidate_2,3,0.02
1342,candidate_3,candidate_1,candidate_2,3,0.02
1343,candidate_3,candidate_1,candidate_2,3,0.02
1344,candidate_3,candidate_1,candidate_2,3,0.02
1345,candidate_3,candidate_1,candidate_2,3,0.02
1346,candidate_3,candidate_1,candidate_2,3,0.02
1347,candidate_3,candidate_1,candidate_2,3,0.02
1348,0,candidate_1,candidate_2,3,0.02
1349,candidate_3,candidate_1,candidate_2,3,0.02
1350,candidate_3,candidate_1,candidate_2,3,0.02
1351,candidate_3,candidate_1,candidate_2,3,0.02
1352,candidate_3,candidate_1,candidate_2,3,0.02
1353,candidate_3,candidate_1,candidate_2,3,0.02
1354,candidate_3,candidate_1,candidate_2,3,0.02
1355,candidate_3,candidate_1,candidate_2,3,0.02
1356,candidate_3,candidate_1,candidate_2,3,0.02
1357,candidate_3,candidate_1,candidate_2,3,0.02
1358,candidate_3,candidate_1,candidate_2,3,0.02
1359,candidate_3,candidate_1,candidate_2,3,0.02
1360,candidate_3,candidate_1,candidate_2,3,0.02
1361,candidate_3,candidate_1,candidate_2,3,0.02
1362,candidate_3,candidate_1,candidate_2,3,0.02
1363,candidate_3,candidate_1,candidate_2,3,0.02
1364,candidate_3,candidate_1,candidate_2,3,0.02
1365,candidate_3,candidate_1,candidate_2,3,0.02
1366,candidate_3,candidate_1,candidate_2,3,0.02
1367,candidate_3,candidate_1,candidate_2,3,0.02
1368,candidate_3,candidate_1,candidate_2,3,0.02
1369,candidate_3,candidate_1,candidate_2,3,0.02
1370,candidate_3,candidate_1,candidate_2,3,0.02
1371,0,candidate_1,candidate_2,3,0.02
1372,candidate_3,0,candidate_2,3,0.02
1373,candidate_3,candidate_1,candidate_2,3,0.02
1374,candidate_3,candidate_1,candidate_2,3,0.02
1375,candidate_3,candidate_1,candidate_2,3,0.02
1376,candidate_3,candidate_1,candidate_2,3,0.02
1377,candidate_3,candidate_1,candidate_2,3,0.02
1378,candidate_3,candidate_1,candidate_2,3,0.02
1379,candidate_3,candidate_1,candidate_2,3,0.02
1380,candidate_3,candidate_1,candidate_2,3,0.02
1381,candidate_3,candidate_1,candidate_2,3,0.02
1382,candidate_3,candidate_1,candidate_2,3,0.02
1383,candidate_3,candidate_1,candidate_2,3,0.02
1384,candidate_3,candidate_1,candidate_2,3,0.02
1385,candidate_3,candidate_1,candidate_2,3,0.02
1386,candidate_3,candidate_1,candidate_2,3,0.02
1387,candidate_3,candidate_1,candidate_2,3,0.02
1388,candidate_3,candidate_1,candidate_2,3,0.02
1389,candidate_3,candidate_1,candidate_2,3,0.02
1390,candidate_3,candidate_1,candidate_2,3,0.02
1391,candidate_3,candidate_1,candidate_2,3,0.02
1392,candidate_3,candidate_1,candidate_2,3,0.02
1393,candidate_3,candidate_1,candidate_2,3,0.02
1394,candidate_3,candidate_1,candidate_2,3,0.02
1395,candidate_3,candidate_1,candidate_2,3,0.02
1396,candidate_3,candidate_1,candidate_2,3,0.02
1397,candidate_3,candidate_1,candidate_2,3,0.02
1398,candidate_3,candidate_1,candidate_2,3,0.02
1399,candidate_3,candidate_1,candidate_2,3,0.02
1400,candidate_3,candidate_1,candidate_2,3,0.02
1401,candidate_3,candidate_1,candidate_2,3,0.02
1402,candidate_3,candidate_1,candidate_2,3,0.02
1403,candidate_3,candidate_1,candidate_2,3,0.02
1404,candidate_3,candidate_1,candidate_2,3,0.02
1405,candidate_3,candidate_1,candidate_2,3,0.02
1406,candidate_3,candidate_1,candidate_2,3,0.02
1407,candidate_3,candidate_1,candidate_2,3,0.02
1408,candidate_3,candidate_1,candidate_2,3,0.02
1409,candidate_3,candidate_1,candidate_2,3,0.02
1410,candidate_3,candidate_1,candidate_2,3,0.02
1411,candidate_3,candidate_1,candidate_2,3,0.02
1412,candidate_3,candidate_1,candidate_2,3,0.02
1413,candidate_3,candidate_1,candidate_2,3,0.02
1414,candidate_3,candidate_1,candidate_2,3,0.02
1415,candidate_3,candidate_1,candidate_2,3,0.02
1416,candidate_3,candidate_1,candidate_2,3,0.02
1417,candidate_3,candidate_1,candidate_2,3,0.02
1418,candidate_3,candidate_1,candidate_2,3,0.02
1419,candidate_3,candidate_1,candidate_2,3,0.02
1420,candidate_3,candidate_1,candidate_2,3,0.02
1421,candidate_3,candidate_1,candidate_2,3,0.02
1422,candidate_3,candidate_1,candidate_2,3,0.02
1423,candidate_3,candidate_1,candidate_2,3,0.02
1424,candidate_3,candidate_1,candidate_2,3,0.02
1425,candidate_3,candidate_1,candidate_2,3,0.02
1426,candidate_3,candidate_1,candidate_2,3,0.02
1427,candidate_3,candidate_1,candidate_2,3,0.02
1428,candidate_3,candidate_1,candidate_2,3,0.02
1429,candidate_3,candidate_1,candidate_2,3,0.02
1430,candidate_3,candidate_1,candidate_2,3,0.02
1431,candidate_3,candidate_1,candidate_2,3,0.02
1432,candidate_3,candidate_1,candidate_2,3,0.02
1433,candidate_3,candidate_1,candidate_2,3,0.02
1434,0,candidate_1,candidate_2,3,0.02
1435,candidate_3,candidate_1,candidate_2,3,0.02
1436,candidate_3,candidate_1,candidate_2,3,0.02
1437,candidate_3,candidate_1,candidate_2,3,0.02
1438,candidate_3,candidate_1,candidate_2,3,0.02
1439,candidate_3,candidate_1,candidate_2,3,0.02
1440,candidate_3,candidate_1,candidate_2,3,0.02
1441,candidate_3,candidate_1,candidate_2,3,0.02
1442,candidate_3,candidate_1,candidate_2,3,0.02
1443,candidate_3,candidate_1,candidate_2,3,0.02
1444,candidate_3,candidate_1,candidate_2,3,0.02
1445,candidate_3,candidate_1,candidate_2,3,0.02
1446,candidate_3,candidate_1,candidate_2,3,0.02
1447,candidate_3,candidate_1,candidate_2,3,0.02
1448,candidate_3,candidate_1,candidate_2,3,0.02
1449,candidate_3,candidate_1,candidate_2,3,0.02
1450,candidate_3,candidate_1,candidate_2,3,0.02
1451,candidate_3,candidate_1,candidate_2,3,0.02
1452,candidate_3,candidate_1,candidate_2,3,0.02
1453,candidate_3,candidate_1,candidate_2,3,0.02
1454,candidate_3,candidate_1,candidate_2,3,0.02
1455,candidate_3,candidate_1,candidate_2,3,0.02
1456,candidate_3,candidate_1,candidate_2,3,0.02
1457,candidate_3,candidate_1,candidate_2,3,0.02
1458,candidate_3,candidate_1,candidate_2,3,0.02
1459,candidate_3,candidate_1,candidate_2,3,0.02
1460,candidate_3,candidate_1,candidate_2,3,0.02
1461,candidate_3,candidate_1,candidate_2,3,0.02
1462,candidate_3,candidate_1,candidate_2,3,0.02
1463,candidate_3,candidate_1,0,3,0.02
1464,candidate_3,candidate_1,candidate_2,3,0.02
1465,candidate_3,candidate_1,candidate_2,3,0.02
1466,candidate_3,candidate_1,candidate_2,3,0.02
1467,candidate_3,candidate_1,candidate_2,3,0.02
1468,candidate_3,candidate_1,candidate_2,3,0.02
1469,candidate_3,candidate_1,candidate_2,3,0.02
1470,candidate_3,candidate_1,candidate_2,3,0.02
1471,candidate_3,candidate_1,candidate_2,3,0.02
1472,candidate_3,candidate_1,candidate_2,3,0.02
1473,candidate_3,candidate_1,candidate_2,3,0.02
1474,candidate_3,candidate_1,candidate_2,3,0.02
1475,candidate_3,candidate_1,candidate_2,3,0.02
1476,candidate_3,candidate_1,candidate_2,3,0.02
1477,candidate_3,candidate_1,candidate_2,3,0.02
1478,candidate_3,candidate_1,candidate_2,3,0.02
1479,candidate_3,candidate_1,candidate_2,3,0.02
1480,candidate_3,candidate_1,candidate_2,3,0.02
1481,candidate_3,candidate_1,candidate_2,3,0.02
1482,candidate_3,candidate_1,candidate_2,3,0.02
1483,candidate_3,candidate_1,candidate_2,3,0.02
1484,candidate_3,candidate_1,candidate_2,3,0.02
1485,candidate_3,candidate_1,candidate_2,3,0.02
1486,candidate_3,candidate_1,candidate_2,3,0.02
1487,candidate_3,candidate_1,candidate_2,3,0.02
1488,candidate_3,candidate_1,candidate_2,3,0.02
1489,0,candidate_1,candidate_2,3,0.02
1490,candidate_3,candidate_1,candidate_2,3,0.02
1491,candidate_3,candidate_1,candidate_2,3,0.02
1492,candidate_3,candidate_1,candidate_2,3,0.02
1493,candidate_3,candidate_1,candidate_2,3,0.02
1494,candidate_3,candidate_1,candidate_2,3,0.02
1495,candidate_3,candidate_1,candidate_2,3,0.02
1496,candidate_3,candidate_1,candidate_2,3,0.02
1497,candidate_3,candidate_1,candidate_2,3,0.02
1498,candidate_3,candidate_1,0,3,0.02
1499,candidate_3,candidate_1,0,3,0.02
1500,candidate_3,candidate_1,candidate_2,3,0.02
1501,candidate_3,candidate_1,0,3,0.02
1502,candidate_3,candidate_1,candidate_2,3,0.02
1503,candidate_3,candidate_1,candidate_2,3,0.02
1504,candidate_3,candidate_1,candidate_2,3,0.02
1505,candidate_3,candidate_1,candidate_2,3,0.02
1506,candidate_3,candidate_1,candidate_2,3,0.02
1507,candidate_3,candidate_1,candidate_2,3,0.02
1508,candidate_3,candidate_1,candidate_2,3,0.02
1509,candidate_3,candidate_1,candidate_2,3,0.02
1510,candidate_3,candidate_1,candidate_2,3,0.02
1511,candidate_3,candidate_1,candidate_2,3,0.02
1512,candidate_3,candidate_1,candidate_2,3,0.02
1513,candidate_3,candidate_1,candidate_2,3,0.02
1514,candidate_3,candidate_1,candidate_2,3,0.02
1515,candidate_3,candidate_1,candidate_2,3,0.02
1516,candidate_3,candidate_1,candidate_2,3,0.02
1517,candidate_3,candidate_1,candidate_2,3,0.02
1518,candidate_3,candidate_1,candidate_2,3,0.02
1519,candidate_3,candidate_1,candidate_2,3,0.02
1520,candidate_3,candidate_1,candidate_2,3,0.02
1521,0,candidate_1,candidate_2,3,0.02
1522,candidate_3,candidate_1,candidate_2,3,0.02
1523,candidate_3,candidate_1,candidate_2,3,0.02
1524,candidate_3,candidate_1,candidate_2,3,0.02
1525,candidate_3,candidate_1,candidate_2,3,0.02
1526,candidate_3,candidate_1,candidate_2,3,0.02
1527,candidate_3,candidate_1,candidate_2,3,0.02
1528,candidate_3,candidate_1,candidate_2,3,0.02
1529,candidate_3,candidate_1,candidate_2,3,0.02
1530,candidate_3,candidate_1,candidate_2,3,0.02
1531,candidate_3,candidate_1,candidate_2,3,0.02
1532,candidate_3,candidate_1,candidate_2,3,0.02
1533,candidate_3,candidate_1,candidate_2,3,0.02
1534,candidate_3,candidate_1,candidate_2,3,0.02
1535,candidate_3,candidate_1,candidate_2,3,0.02
1536,candidate_3,candidate_1,candidate_2,3,0.02
1537,candidate_3,candidate_1,0,3,0.02
1538,candidate_3,candidate_1,candidate_2,3,0.02
1539,candidate_3,candidate_1,0,3,0.02
1540,candidate_3,candidate_1,candidate_2,3,0.02
1541,candidate_3,candidate_1,candidate_2,3,0.02
1542,candidate_3,candidate_1,candidate_2,3,0.02
1543,candidate_3,candidate_1,candidate_2,3,0.02
1544,candidate_3,candidate_1,candidate_2,3,0.02
1545,candidate_3,candidate_1,candidate_2,3,0.02
1546,candidate_3,candidate_1,candidate_2,3,0.02
1547,candidate_3,candidate_1,candidate_2,3,0.02
1548,candidate_3,candidate_1,candidate_2,3,0.02
1549,candidate_3,candidate_1,candidate_2,3,0.02
1550,candidate_3,candidate_1,candidate_2,3,0.02
1551,candidate_3,candidate_1,candidate_2,3,0.02
1552,candidate_3,candidate_1,candidate_2,3,0.02
1553,candidate_3,candidate_1,candidate_2,3,0.02
1554,0,candidate_1,candidate_2,3,0.02
1555,candidate_3,candidate_1,candidate_2,3,0.02
1556,candidate_3,candidate_1,candidate_2,3,0.02
1557,candidate_3,candidate_1,candidate_2,3,0.02
1558,candidate_3,candidate_1,candidate_2,3,0.02
1559,candidate_3,candidate_1,candidate_2,3,0.02
1560,candidate_3,candidate_1,candidate_2,3,0.02
1561,candidate_3,candidate_1,candidate_2,3,0.02
1562,candidate_3,candidate_1,candidate_2,3,0.02
1563,candidate_3,candidate_1,candidate_2,3,0.02
1564,candidate_3,candidate_1,candidate_2,3,0.02
1565,candidate_3,candidate_1,candidate_2,3,0.02
1566,candidate_3,candidate_1,candidate_2,3,0.02
1567,candidate_3,candidate_1,candidate_2,3,0.02
1568,candidate_3,candidate_1,candidate_2,3,0.02
1569,candidate_3,candidate_1,candidate_2,3,0.02
1570,candidate_3,0,candidate_2,3,0.02
1571,candidate_3,candidate_1,candidate_2,3,0.02
1572,candidate_3,candidate_1,candidate_2,3,0.02
1573,candidate_3,candidate_1,candidate_2,3,0.02
1574,candidate_3,candidate_1,candidate_2,3,0.02
1575,candidate_3,candidate_1,candidate_2,3,0.02
0,candidate_3,candidate_2,candidate_1,3,0.02
1,candidate_3,candidate_2,candidate_1,3,0.02
2,candidate_3,candidate_2,candidate_1,3,0.02
3,candidate_3,candidate_2,candidate_1,3,0.02
4,candidate_3,candidate_2,candidate_1,3,0.02
5,candidate_3,candidate_2,candidate_1,3,0.02
6,candidate_3,candidate_2,candidate_1,3,0.02
7,candidate_3,candidate_2,candidate_1,3,0.02
8,candidate_3,candidate_2,candidate_1,3,0.02
9,candidate_3,candidate_2,candidate_1,3,0.02
10,candidate_3,0,candidate_1,3,0.02
11,candidate_3,candidate_2,candidate_1,3,0.02
12,candidate_3,candidate_2,candidate_1,3,0.02
13,candidate_3,candidate_2,candidate_1,3,0.02
14,candidate_3,candidate_2,candidate_1,3,0.02
15,candidate_3,candidate_2,0,3,0.02
16,candidate_3,candidate_2,candidate_1,3,0.02
17,candidate_3,0,candidate_1,3,0.02
18,candidate_3,candidate_2,candidate_1,3,0.02
19,candidate_3,candidate_2,candidate_1,3,0.02
20,0,candidate_2,candidate_1,3,0.02
21,candidate_3,candidate_2,candidate_1,3,0.02
22,candidate_3,candidate_2,candidate_1,3,0.02
23,candidate_3,candidate_2,candidate_1,3,0.02
24,candidate_3,candidate_2,candidate_1,3,0.02
25,candidate_3,candidate_2,candidate_1,3,0.02
26,candidate_3,candidate_2,candidate_1,3,0.02
27,candidate_3,candidate_2,candidate_1,3,0.02
28,candidate_3,candidate_2,candidate_1,3,0.02
29,candidate_3,candidate_2,candidate_1,3,0.02
30,candidate_3,candidate_2,candidate_1,3,0.02
31,candidate_3,candidate_2,candidate_1,3,0.02
32,candidate_3,candidate_2,candidate_1,3,0.02
33,candidate_3,candidate_2,candidate_1,3,0.02
34,candidate_3,candidate_2,candidate_1,3,0.02
35,candidate_3,candidate_2,candidate_1,3,0.02
36,candidate_3,candidate_2,candidate_1,3,0.02
37,candidate_3,candidate_2,candidate_1,3,0.02
38,candidate_3,candidate_2,candidate_1,3,0.02
39,candidate_3,candidate_2,candidate_1,3,0.02
40,candidate_3,candidate_2,candidate_1,3,0.02
41,candidate_3,candidate_2,candidate_1,3,0.02
42,candidate_3,candidate_2,candidate_1,3,0.02
43,candidate_3,candidate_2,candidate_1,3,0.02
44,candidate_3,candidate_2,candidate_1,3,0.02
45,candidate_3,candidate_2,candidate_1,3,0.02
46,candidate_3,candidate_2,candidate_1,3,0.02
47,candidate_3,candidate_2,candidate_1,3,0.02
48,candidate_3,candidate_2,candidate_1,3,0.02
49,candidate_3,candidate_2,candidate_1,3,0.02
50,candidate_3,candidate_2,candidate_1,3,0.02
51,candidate_3,candidate_2,0,3,0.02
52,candidate_3,candidate_2,candidate_1,3,0.02
53,candidate_3,candidate_2,candidate_1,3,0.02
54,candidate_3,candidate_2,candidate_1,3,0.02
55,candidate_3,candidate_2,candidate_1,3,0.02
56,candidate_3,candidate_2,candidate_1,3,0.02
57,candidate_3,candidate_2,candidate_1,3,0.02
58,candidate_3,candidate_2,candidate_1,3,0.02
59,candidate_3,candidate_2,candidate_1,3,0.02
60,candidate_3,candidate_2,candidate_1,3,0.02
61,candidate_3,candidate_2,candidate_1,3,0.02
62,candidate_3,candidate_2,0,3,0.02
63,candidate_3,candidate_2,candidate_1,3,0.02
64,candidate_3,candidate_2,candidate_1,3,0.02
65,candidate_3,candidate_2,candidate_1,3,0.02
66,candidate_3,candidate_2,candidate_1,3,0.02
67,candidate_3,candidate_2,candidate_1,3,0.02
68,0,candidate_2,candidate_1,3,0.02
69,candidate_3,candidate_2,candidate_1,3,0.02
70,candidate_3,candidate_2,candidate_1,3,0.02
71,candidate_3,candidate_2,candidate_1,3,0.02
72,candidate_3,candidate_2,candidate_1,3,0.02
73,candidate_3,candidate_2,candidate_1,3,0.02
74,candidate_3,candidate_2,candidate_1,3,0.02
75,candidate_3,candidate_2,candidate_1,3,0.02
76,candidate_3,candidate_2,candidate_1,3,0.02
77,candidate_3,candidate_2,candidate_1,3,0.02
78,candidate_3,candidate_2,candidate_1,3,0.02
79,candidate_3,candidate_2,candidate_1,3,0.02
80,candidate_3,candidate_2,candidate_1,3,0.02
81,candidate_3,candidate_2,candidate_1,3,0.02
82,candidate_3,candidate_2,candidate_1,3,0.02
83,candidate_3,0,candidate_1,3,0.02
84,candidate_3,candidate_2,candidate_1,3,0.02
85,candidate_3,candidate_2,candidate_1,3,0.02
86,candidate_3,candidate_2,candidate_1,3,0.02
87,candidate_3,candidate_2,candidate_1,3,0.02
88,candidate_3,candidate_2,candidate_1,3,0.02
89,candidate_3,candidate_2,candidate_1,3,0.02
90,candidate_3,candidate_2,candidate_1,3,0.02
91,candidate_3,candidate_2,candidate_1,3,0.02
92,candidate_3,candidate_2,candidate_1,3,0.02
93,candidate_3,candidate_2,candidate_1,3,0.02
94,candidate_3,candidate_2,candidate_1,3,0.02
95,candidate_3,candidate_2,candidate_1,3,0.02
96,candidate_3,candidate_2,candidate_1,3,0.02
97,candidate_3,candidate_2,candidate_1,3,0.02
98,candidate_3,candidate_2,candidate_1,3,0.02
99,candidate_3,candidate_2,candidate_1,3,0.02
100,candidate_3,candidate_2,candidate_1,3,0.02
101,candidate_3,candidate_2,candidate_1,3,0.02
102,candidate_3,candidate_2,candidate_1,3,0.02
103,candidate_3,candidate_2,candidate_1,3,0.02
104,candidate_3,candidate_2,candidate_1,3,0.02
105,candidate_3,candidate_2,candidate_1,3,0.02
106,candidate_3,candidate_2,candidate_1,3,0.02
107,candidate_3,candidate_2,candidate_1,3,0.02
108,candidate_3,candidate_2,candidate_1,3,0.02
109,candidate_3,candidate_2,candidate_1,3,0.02
110,candidate_3,candidate_2,candidate_1,3,0.02
111,candidate_3,candidate_2,candidate_1,3,0.02
112,candidate_3,candidate_2,candidate_1,3,0.02
113,candidate_3,candidate_2,candidate_1,3,0.02
114,candidate_3,candidate_2,candidate_1,3,0.02
115,candidate_3,candidate_2,candidate_1,3,0.02
116,candidate_3,candidate_2,candidate_1,3,0.02
117,candidate_3,candidate_2,candidate_1,3,0.02
118,candidate_3,candidate_2,candidate_1,3,0.02
119,candidate_3,candidate_2,candidate_1,3,0.02
120,candidate_3,candidate_2,candidate_1,3,0.02
121,candidate_3,candidate_2,candidate_1,3,0.02
122,candidate_3,candidate_2,candidate_1,3,0.02
123,candidate_3,candidate_2,candidate_1,3,0.02
124,candidate_3,candidate_2,candidate_1,3,0.02
125,candidate_3,candidate_2,candidate_1,3,0.02
126,candidate_3,candidate_2,candidate_1,3,0.02
127,candidate_3,candidate_2,candidate_1,3,0.02
128,candidate_3,candidate_2,candidate_1,3,0.02
129,candidate_3,candidate_2,candidate_1,3,0.02
130,candidate_3,candidate_2,candidate_1,3,0.02
131,candidate_3,candidate_2,candidate_1,3,0.02
132,candidate_3,candidate_2,candidate_1,3,0.02
133,candidate_3,candidate_2,candidate_1,3,0.02
134,candidate_3,candidate_2,candidate_1,3,0.02
135,candidate_3,candidate_2,candidate_1,3,0.02
136,candidate_3,candidate_2,candidate_1,3,0.02
137,candidate_3,candidate_2,candidate_1,3,0.02
138,candidate_3,candidate_2,candidate_1,3,0.02
139,candidate_3,candidate_2,candidate_1,3,0.02
140,candidate_3,candidate_2,candidate_1,3,0.02
141,candidate_3,candidate_2,candidate_1,3,0.02
142,candidate_3,candidate_2,candidate_1,3,0.02
143,candidate_3,candidate_2,candidate_1,3,0.02
144,candidate_3,candidate_2,candidate_1,3,0.02
145,candidate_3,candidate_2,candidate_1,3,0.02
146,candidate_3,candidate_2,candidate_1,3,0.02
147,candidate_3,candidate_2,candidate_1,3,0.02
148,candidate_3,candidate_2,candidate_1,3,0.02
149,candidate_3,candidate_2,candidate_1,3,0.02
150,candidate_3,candidate_2,candidate_1,3,0.02
151,candidate_3,candidate_2,candidate_1,3,0.02
152,candidate_3,candidate_2,candidate_1,3,0.02
153,candidate_3,candidate_2,candidate_1,3,0.02
154,candidate_3,candidate_2,candidate_1,3,0.02
155,candidate_3,candidate_2,candidate_1,3,0.02
156,candidate_3,candidate_2,candidate_1,3,0.02
157,candidate_3,candidate_2,candidate_1,3,0.02
158,candidate_3,candidate_2,candidate_1,3,0.02
159,candidate_3,candidate_2,candidate_1,3,0.02
160,candidate_3,candidate_2,candidate_1,3,0.02
161,candidate_3,0,candidate_1,3,0.02
162,candidate_3,candidate_2,candidate_1,3,0.02
163,candidate_3,candidate_2,candidate_1,3,0.02
164,0,candidate_2,candidate_1,3,0.02
165,candidate_3,candidate_2,candidate_1,3,0.02
166,candidate_3,candidate_2,candidate_1,3,0.02
167,candidate_3,candidate_2,candidate_1,3,0.02
168,candidate_3,candidate_2,candidate_1,3,0.02
169,candidate_3,candidate_2,candidate_1,3,0.02
170,candidate_3,candidate_2,candidate_1,3,0.02
171,candidate_3,candidate_2,candidate_1,3,0.02
172,candidate_3,candidate_2,candidate_1,3,0.02
173,candidate_3,0,candidate_1,3,0.02
174,candidate_3,candidate_2,candidate_1,3,0.02
175,candidate_3,candidate_2,candidate_1,3,0.02
176,candidate_3,candidate_2,candidate_1,3,0.02
177,candidate_3,candidate_2,candidate_1,3,0.02
178,candidate_3,candidate_2,candidate_1,3,0.02
179,candidate_3,candidate_2,candidate_1,3,0.02
180,candidate_3,candidate_2,candidate_1,3,0.02
181,candidate_3,candidate_2,candidate_1,3,0.02
182,candidate_3,candidate_2,candidate_1,3,0.02
183,candidate_3,candidate_2,candidate_1,3,0.02
184,candidate_3,candidate_2,candidate_1,3,0.02
185,candidate_3,candidate_2,candidate_1,3,0.02
186,candidate_3,candidate_2,candidate_1,3,0.02
187,candidate_3,candidate_2,candidate_1,3,0.02
188,candidate_3,candidate_2,candidate_1,3,0.02
189,candidate_3,candidate_2,candidate_1,3,0.02
190,candidate_3,candidate_2,candidate_1,3,0.02
191,candidate_3,candidate_2,candidate_1,3,0.02
192,candidate_3,candidate_2,candidate_1,3,0.02
193,candidate_3,candidate_2,candidate_1,3,0.02
194,candidate_3,candidate_2,candidate_1,3,0.02
195,candidate_3,candidate_2,candidate_1,3,0.02
196,candidate_3,candidate_2,candidate_1,3,0.02
197,candidate_3,candidate_2,candidate_1,3,0.02
198,candidate_3,candidate_2,candidate_1,3,0.02
199,candidate_3,candidate_2,candidate_1,3,0.02
200,candidate_3,candidate_2,candidate_1,3,0.02
201,candidate_3,candidate_2,candidate_1,3,0.02
202,candidate_3,candidate_2,candidate_1,3,0.02
203,candidate_3,candidate_2,candidate_1,3,0.02
204,candidate_3,candidate_2,candidate_1,3,0.02
205,candidate_3,candidate_2,candidate_1,3,0.02
206,candidate_3,candidate_2,candidate_1,3,0.02
207,candidate_3,candidate_2,candidate_1,3,0.02
208,candidate_3,candidate_2,candidate_1,3,0.02
209,candidate_3,candidate_2,candidate_1,3,0.02
210,candidate_3,candidate_2,candidate_1,3,0.02
211,candidate_3,candidate_2,candidate_1,3,0.02
212,candidate_3,candidate_2,candidate_1,3,0.02
213,candidate_3,candidate_2,candidate_1,3,0.02
214,candidate_3,candidate_2,candidate_1,3,0.02
215,candidate_3,candidate_2,candidate_1,3,0.02
216,candidate_3,candidate_2,candidate_1,3,0.02
217,candidate_3,candidate_2,candidate_1,3,0.02
218,candidate_3,candidate_2,0,3,0.02
219,candidate_3,candidate_2,candidate_1,3,0.02
220,candidate_3,candidate_2,candidate_1,3,0.02
221,candidate_3,candidate_2,candidate_1,3,0.02
222,candidate_3,candidate_2,candidate_1,3,0.02
223,candidate_3,candidate_2,candidate_1,3,0.02
224,candidate_3,candidate_2,candidate_1,3,0.02
225,candidate_3,candidate_2,candidate_1,3,0.02
226,candidate_3,candidate_2,candidate_1,3,0.02
227,candidate_3,candidate_2,candidate_1,3,0.02
228,candidate_3,candidate_2,candidate_1,3,0.02
229,candidate_3,candidate_2,candidate_1,3,0.02
230,candidate_3,candidate_2,candidate_1,3,0.02
231,candidate_3,candidate_2,candidate_1,3,0.02
232,candidate_3,candidate_2,candidate_1,3,0.02
233,candidate_3,candidate_2,candidate_1,3,0.02
234,candidate_3,candidate_2,candidate_1,3,0.02
235,candidate_3,candidate_2,candidate_1,3,0.02
236,candidate_3,candidate_2,candidate_1,3,0.02
237,candidate_3,candidate_2,candidate_1,3,0.02
238,candidate_3,candidate_2,candidate_1,3,0.02
239,candidate_3,candidate_2,candidate_1,3,0.02
240,candidate_3,candidate_2,candidate_1,3,0.02
241,candidate_3,candidate_2,candidate_1,3,0.02
242,candidate_3,candidate_2,candidate_1,3,0.02
243,candidate_3,candidate_2,candidate_1,3,0.02
244,candidate_3,candidate_2,candidate_1,3,0.02
245,candidate_3,candidate_2,candidate_1,3,0.02
246,candidate_3,candidate_2,candidate_1,3,0.02
247,candidate_3,candidate_2,candidate_1,3,0.02
248,candidate_3,candidate_2,candidate_1,3,0.02
249,candidate_3,candidate_2,candidate_1,3,0.02
250,candidate_3,candidate_2,candidate_1,3,0.02
251,candidate_3,candidate_2,candidate_1,3,0.02
252,candidate_3,candidate_2,candidate_1,3,0.02
253,candidate_3,candidate_2,candidate_1,3,0.02
254,candidate_3,candidate_2,candidate_1,3,0.02
255,candidate_3,candidate_2,candidate_1,3,0.02
256,candidate_3,candidate_2,candidate_1,3,0.02
257,candidate_3,candidate_2,candidate_1,3,0.02
258,candidate_3,candidate_2,candidate_1,3,0.02
259,candidate_3,candidate_2,candidate_1,3,0.02
260,candidate_3,candidate_2,candidate_1,3,0.02
261,candidate_3,candidate_2,candidate_1,3,0.02
262,candidate_3,candidate_2,candidate_1,3,0.02
263,candidate_3,candidate_2,candidate_1,3,0.02
264,candidate_3,candidate_2,candidate_1,3,0.02
265,candidate_3,candidate_2,candidate_1,3,0.02
266,candidate_3,candidate_2,candidate_1,3,0.02
267,candidate_3,candidate_2,candidate_1,3,0.02
268,candidate_3,candidate_2,candidate_1,3,0.02
269,candidate_3,candidate_2,candidate_1,3,0.02
270,candidate_3,candidate_2,candidate_1,3,0.02
271,candidate_3,candidate_2,candidate_1,3,0.02
272,0,candidate_2,candidate_1,3,0.02
273,candidate_3,candidate_2,candidate_1,3,0.02
274,candidate_3,candidate_2,candidate_1,3,0.02
275,candidate_3,candidate_2,candidate_1,3,0.02
276,candidate_3,candidate_2,candidate_1,3,0.02
277,candidate_3,candidate_2,candidate_1,3,0.02
278,candidate_3,candidate_2,candidate_1,3,0.02
279,candidate_3,candidate_2,candidate_1,3,0.02
280,candidate_3,candidate_2,candidate_1,3,0.02
281,candidate_3,candidate_2,candidate_1,3,0.02
282,candidate_3,candidate_2,candidate_1,3,0.02
283,candidate_3,candidate_2,candidate_1,3,0.02
284,candidate_3,candidate_2,candidate_1,3,0.02
285,candidate_3,candidate_2,candidate_1,3,0.02
286,candidate_3,candidate_2,candidate_1,3,0.02
287,candidate_3,candidate_2,candidate_1,3,0.02
288,candidate_3,candidate_2,candidate_1,3,0.02
289,candidate_3,candidate_2,candidate_1,3,0.02
290,candidate_3,candidate_2,candidate_1,3,0.02
291,candidate_3,candidate_2,candidate_1,3,0.02
292,candidate_3,candidate_2,candidate_1,3,0.02
293,candidate_3,candidate_2,candidate_1,3,0.02
294,candidate_3,candidate_2,candidate_1,3,0.02
295,candidate_3,candidate_2,candidate_1,3,0.02
296,candidate_3,candidate_2,candidate_1,3,0.02
297,candidate_3,candidate_2,candidate_1,3,0.02
298,candidate_3,candidate_2,candidate_1,3,0.02
299,candidate_3,candidate_2,candidate_1,3,0.02
300,candidate_3,candidate_2,candidate_1,3,0.02
301,candidate_3,candidate_2,candidate_1,3,0.02
302,candidate_3,candidate_2,candidate_1,3,0.02
303,candidate_3,candidate_2,candidate_1,3,0.02
304,candidate_3,candidate_2,candidate_1,3,0.02
305,candidate_3,candidate_2,candidate_1,3,0.02
306,candidate_3,candidate_2,candidate_1,3,0.02
307,candidate_3,candidate_2,candidate_1,3,0.02
308,candidate_3,candidate_2,candidate_1,3,0.02
309,candidate_3,candidate_2,candidate_1,3,0.02
310,candidate_3,candidate_2,candidate_1,3,0.02
311,candidate_3,candidate_2,candidate_1,3,0.02
312,candidate_3,candidate_2,candidate_1,3,0.02
313,candidate_3,candidate_2,candidate_1,3,0.02
314,candidate_3,candidate_2,candidate_1,3,0.02
315,candidate_3,candidate_2,candidate_1,3,0.02
316,candidate_3,candidate_2,candidate_1,3,0.02
317,candidate_3,0,candidate_1,3,0.02
318,candidate_3,candidate_2,candidate_1,3,0.02
319,candidate_3,candidate_2,candidate_1,3,0.02
320,candidate_3,candidate_2,candidate_1,3,0.02
321,candidate_3,candidate_2,0,3,0.02
322,candidate_3,candidate_2,candidate_1,3,0.02
323,candidate_3,candidate_2,candidate_1,3,0.02
324,candidate_3,candidate_2,candidate_1,3,0.02
325,candidate_3,0,candidate_1,3,0.02
326,candidate_3,candidate_2,candidate_1,3,0.02
327,candidate_3,candidate_2,candidate_1,3,0.02
328,candidate_3,candidate_2,candidate_1,3,0.02
329,candidate_3,candidate_2,candidate_1,3,0.02
330,candidate_3,candidate_2,candidate_1,3,0.02
331,candidate_3,candidate_2,candidate_1,3,0.02
332,candidate_3,candidate_2,candidate_1,3,0.02
333,candidate_3,candidate_2,candidate_1,3,0.02
334,candidate_3,candidate_2,candidate_1,3,0.02
335,candidate_3,candidate_2,candidate_1,3,0.02
336,candidate_3,candidate_2,candidate_1,3,0.02
337,candidate_3,0,candidate_1,3,0.02
338,candidate_3,candidate_2,candidate_1,3,0.02
339,candidate_3,candidate_2,candidate_1,3,0.02
340,candidate_3,candidate_2,candidate_1,3,0.02
341,candidate_3,candidate_2,candidate_1,3,0.02
342,candidate_3,candidate_2,candidate_1,3,0.02
343,candidate_3,candidate_2,candidate_1,3,0.02
344,candidate_3,candidate_2,candidate_1,3,0.02
345,candidate_3,candidate_2,candidate_1,3,0.02
346,candidate_3,candidate_2,candidate_1,3,0.02
347,candidate_3,candidate_2,candidate_1,3,0.02
348,candidate_3,candidate_2,candidate_1,3,0.02
349,candidate_3,candidate_2,candidate_1,3,0.02
350,candidate_3,candidate_2,candidate_1,3,0.02
351,candidate_3,candidate_2,candidate_1,3,0.02
352,candidate_3,candidate_2,candidate_1,3,0.02
353,candidate_3,candidate_2,candidate_1,3,0.02
354,candidate_3,candidate_2,candidate_1,3,0.02
355,candidate_3,candidate_2,candidate_1,3,0.02
356,candidate_3,candidate_2,candidate_1,3,0.02
357,candidate_3,candidate_2,candidate_1,3,0.02
358,candidate_3,0,candidate_1,3,0.02
359,candidate_3,candidate_2,candidate_1,3,0.02
360,candidate_3,candidate_2,candidate_1,3,0.02
361,candidate_3,candidate_2,candidate_1,3,0.02
362,candidate_3,candidate_2,candidate_1,3,0.02
363,candidate_3,0,candidate_1,3,0.02
364,candidate_3,candidate_2,candidate_1,3,0.02
365,candidate_3,candidate_2,candidate_1,3,0.02
366,candidate_3,candidate_2,candidate_1,3,0.02
367,candidate_3,candidate_2,candidate_1,3,0.02
368,candidate_3,candidate_2,candidate_1,3,0.02
369,candidate_3,candidate_2,candidate_1,3,0.02
370,candidate_3,candidate_2,candidate_1,3,0.02
371,candidate_3,candidate_2,candidate_1,3,0.02
372,candidate_3,candidate_2,candidate_1,3,0.02
373,candidate_3,candidate_2,candidate_1,3,0.02
374,candidate_3,candidate_2,candidate_1,3,0.02
375,candidate_3,candidate_2,candidate_1,3,0.02
376,candidate_3,candidate_2,candidate_1,3,0.02
377,candidate_3,candidate_2,candidate_1,3,0.02
378,candidate_3,candidate_2,candidate_1,3,0.02
379,candidate_3,candidate_2,candidate_1,3,0.02
380,candidate_3,candidate_2,candidate_1,3,0.02
381,candidate_3,0,candidate_1,3,0.02
382,candidate_3,candidate_2,candidate_1,3,0.02
383,candidate_3,candidate_2,candidate_1,3,0.02
384,candidate_3,candidate_2,candidate_1,3,0.02
385,candidate_3,candidate_2,candidate_1,3,0.02
386,candidate_3,candidate_2,candidate_1,3,0.02
387,candidate_3,candidate_2,candidate_1,3,0.02
388,candidate_3,candidate_2,candidate_1,3,0.02
389,candidate_3,candidate_2,candidate_1,3,0.02
390,candidate_3,candidate_2,candidate_1,3,0.02
391,candidate_3,candidate_2,candidate_1,3,0.02
392,candidate_3,candidate_2,0,3,0.02
393,candidate_3,candidate_2,candidate_1,3,0.02
394,candidate_3,candidate_2,candidate_1,3,0.02
395,candidate_3,candidate_2,candidate_1,3,0.02
396,candidate_3,candidate_2,candidate_1,3,0.02
397,candidate_3,candidate_2,candidate_1,3,0.02
398,candidate_3,candidate_2,candidate_1,3,0.02
399,candidate_3,candidate_2,candidate_1,3,0.02
400,candidate_3,candidate_2,candidate_1,3,0.02
401,candidate_3,candidate_2,candidate_1,3,0.02
402,candidate_3,candidate_2,candidate_1,3,0.02
403,candidate_3,candidate_2,candidate_1,3,0.02
404,candidate_3,candidate_2,candidate_1,3,0.02
405,candidate_3,candidate_2,candidate_1,3,0.02
406,candidate_3,candidate_2,candidate_1,3,0.02
407,candidate_3,candidate_2,candidate_1,3,0.02
408,candidate_3,candidate_2,0,3,0.02
409,candidate_3,candidate_2,candidate_1,3,0.02
410,candidate_3,candidate_2,candidate_1,3,0.02
411,candidate_3,candidate_2,candidate_1,3,0.02
412,candidate_3,candidate_2,candidate_1,3,0.02
413,candidate_3,candidate_2,candidate_1,3,0.02
414,candidate_3,candidate_2,candidate_1,3,0.02
415,candidate_3,candidate_2,candidate_1,3,0.02
416,candidate_3,candidate_2,candidate_1,3,0.02
417,candidate_3,candidate_2,candidate_1,3,0.02
418,candidate_3,candidate_2,candidate_1,3,0.02
419,candidate_3,candidate_2,candidate_1,3,0.02
420,candidate_3,candidate_2,candidate_1,3,0.02
421,candidate_3,candidate_2,candidate_1,3,0.02
422,candidate_3,candidate_2,candidate_1,3,0.02
423,candidate_3,candidate_2,candidate_1,3,0.02
424,candidate_3,candidate_2,candidate_1,3,0.02
425,candidate_3,candidate_2,candidate_1,3,0.02
426,candidate_3,candidate_2,candidate_1,3,0.02
427,candidate_3,candidate_2,candidate_1,3,0.02
428,candidate_3,candidate_2,candidate_1,3,0.02
429,candidate_3,candidate_2,candidate_1,3,0.02
430,0,0,candidate_1,3,0.02
431,candidate_3,candidate_2,candidate_1,3,0.02
432,candidate_3,candidate_2,candidate_1,3,0.02
433,candidate_3,candidate_2,candidate_1,3,0.02
434,candidate_3,candidate_2,candidate_1,3,0.02
435,candidate_3,candidate_2,candidate_1,3,0.02
436,candidate_3,candidate_2,candidate_1,3,0.02
437,candidate_3,candidate_2,candidate_1,3,0.02
438,candidate_3,candidate_2,candidate_1,3,0.02
439,candidate_3,candidate_2,candidate_1,3,0.02
440,candidate_3,candidate_2,candidate_1,3,0.02
441,candidate_3,candidate_2,candidate_1,3,0.02
442,candidate_3,candidate_2,candidate_1,3,0.02
443,candidate_3,candidate_2,candidate_1,3,0.02
444,candidate_3,candidate_2,candidate_1,3,0.02
445,candidate_3,candidate_2,candidate_1,3,0.02
446,candidate_3,candidate_2,candidate_1,3,0.02
447,candidate_3,candidate_2,candidate_1,3,0.02
448,candidate_3,candidate_2,candidate_1,3,0.02
449,candidate_3,candidate_2,candidate_1,3,0.02
450,candidate_3,candidate_2,candidate_1,3,0.02
451,candidate_3,candidate_2,candidate_1,3,0.02
452,candidate_3,candidate_2,candidate_1,3,0.02
453,candidate_3,candidate_2,candidate_1,3,0.02
454,candidate_3,candidate_2,candidate_1,3,0.02
455,candidate_3,candidate_2,candidate_1,3,0.02
456,candidate_3,candidate_2,candidate_1,3,0.02
457,candidate_3,candidate_2,candidate_1,3,0.02
458,candidate_3,candidate_2,candidate_1,3,0.02
459,candidate_3,candidate_2,candidate_1,3,0.02
460,candidate_3,candidate_2,0,3,0.02
461,candidate_3,candidate_2,candidate_1,3,0.02
462,candidate_3,candidate_2,0,3,0.02
463,candidate_3,candidate_2,candidate_1,3,0.02
464,candidate_3,candidate_2,candidate_1,3,0.02
465,candidate_3,candidate_2,candidate_1,3,0.02
466,candidate_3,candidate_2,candidate_1,3,0.02
467,0,candidate_2,candidate_1,3,0.02
468,candidate_3,candidate_2,candidate_1,3,0.02
469,candidate_3,candidate_2,candidate_1,3,0.02
470,candidate_3,candidate_2,candidate_1,3,0.02
471,candidate_3,candidate_2,candidate_1,3,0.02
472,candidate_3,candidate_2,candidate_1,3,0.02
473,candidate_3,candidate_2,candidate_1,3,0.02
474,candidate_3,candidate_2,candidate_1,3,0.02
475,candidate_3,candidate_2,candidate_1,3,0.02
476,candidate_3,candidate_2,candidate_1,3,0.02
477,candidate_3,candidate_2,candidate_1,3,0.02
478,candidate_3,candidate_2,candidate_1,3,0.02
479,candidate_3,candidate_2,candidate_1,3,0.02
480,candidate_3,candidate_2,candidate_1,3,0.02
481,candidate_3,candidate_2,candidate_1,3,0.02
482,candidate_3,candidate_2,candidate_1,3,0.02
483,candidate_3,candidate_2,candidate_1,3,0.02
484,candidate_3,candidate_2,candidate_1,3,0.02
485,candidate_3,candidate_2,candidate_1,3,0.02
486,candidate_3,candidate_2,candidate_1,3,0.02
487,candidate_3,candidate_2,candidate_1,3,0.02
488,candidate_3,candidate_2,candidate_1,3,0.02
489,candidate_3,candidate_2,candidate_1,3,0.02
490,candidate_3,candidate_2,candidate_1,3,0.02
491,candidate_3,candidate_2,candidate_1,3,0.02
492,candidate_3,candidate_2,candidate_1,3,0.02
493,candidate_3,candidate_2,candidate_1,3,0.02
494,candidate_3,candidate_2,candidate_1,3,0.02
495,candidate_3,candidate_2,candidate_1,3,0.02
496,candidate_3,candidate_2,candidate_1,3,0.02
497,candidate_3,candidate_2,candidate_1,3,0.02
498,candidate_3,candidate_2,candidate_1,3,0.02
499,candidate_3,candidate_2,candidate_1,3,0.02
500,candidate_3,candidate_2,candidate_1,3,0.02
501,candidate_3,candidate_2,candidate_1,3,0.02
502,candidate_3,candidate_2,candidate_1,3,0.02
503,candidate_3,candidate_2,candidate_1,3,0.02
504,candidate_3,candidate_2,candidate_1,3,0.02
505,candidate_3,candidate_2,candidate_1,3,0.02
506,candidate_3,candidate_2,candidate_1,3,0.02
507,candidate_3,candidate_2,candidate_1,3,0.02
508,candidate_3,candidate_2,candidate_1,3,0.02
509,candidate_3,candidate_2,candidate_1,3,0.02
510,candidate_3,candidate_2,candidate_1,3,0.02
511,candidate_3,candidate_2,candidate_1,3,0.02
512,0,candidate_2,candidate_1,3,0.02
513,candidate_3,candidate_2,candidate_1,3,0.02
514,candidate_3,candidate_2,candidate_1,3,0.02
515,candidate_3,candidate_2,candidate_1,3,0.02
516,candidate_3,candidate_2,candidate_1,3,0.02
517,candidate_3,candidate_2,candidate_1,3,0.02
518,candidate_3,candidate_2,candidate_1,3,0.02
519,candidate_3,candidate_2,candidate_1,3,0.02
520,candidate_3,candidate_2,candidate_1,3,0.02
521,candidate_3,candidate_2,candidate_1,3,0.02
522,candidate_3,candidate_2,candidate_1,3,0.02
523,candidate_3,candidate_2,candidate_1,3,0.02
524,candidate_3,0,candidate_1,3,0.02
525,candidate_3,candidate_2,candidate_1,3,0.02
526,candidate_3,candidate_2,candidate_1,3,0.02
527,candidate_3,candidate_2,candidate_1,3,0.02
528,candidate_3,candidate_2,candidate_1,3,0.02
529,candidate_3,candidate_2,candidate_1,3,0.02
530,candidate_3,candidate_2,candidate_1,3,0.02
531,candidate_3,candidate_2,candidate_1,3,0.02
532,candidate_3,candidate_2,0,3,0.02
533,candidate_3,candidate_2,candidate_1,3,0.02
534,candidate_3,candidate_2,candidate_1,3,0.02
535,candidate_3,candidate_2,candidate_1,3,0.02
536,candidate_3,candidate_2,candidate_1,3,0.02
537,candidate_3,candidate_2,candidate_1,3,0.02
538,candidate_3,candidate_2,candidate_1,3,0.02
539,candidate_3,candidate_2,candidate_1,3,0.02
540,candidate_3,candidate_2,candidate_1,3,0.02
541,candidate_3,candidate_2,candidate_1,3,0.02
542,candidate_3,candidate_2,candidate_1,3,0.02
543,candidate_3,candidate_2,candidate_1,3,0.02
544,candidate_3,candidate_2,candidate_1,3,0.02
545,candidate_3,candidate_2,candidate_1,3,0.02
546,candidate_3,candidate_2,candidate_1,3,0.02
547,candidate_3,candidate_2,candidate_1,3,0.02
548,candidate_3,candidate_2,candidate_1,3,0.02
549,candidate_3,candidate_2,candidate_1,3,0.02
550,candidate_3,candidate_2,candidate_1,3,0.02
551,candidate_3,0,candidate_1,3,0.02
552,candidate_3,candidate_2,candidate_1,3,0.02
553,0,candidate_2,candidate_1,3,0.02
554,candidate_3,candidate_2,candidate_1,3,0.02
555,candidate_3,candidate_2,candidate_1,3,0.02
556,candidate_3,candidate_2,candidate_1,3,0.02
557,candidate_3,candidate_2,candidate_1,3,0.02
558,candidate_3,candidate_2,candidate_1,3,0.02
559,candidate_3,candidate_2,candidate_1,3,0.02
560,candidate_3,candidate_2,candidate_1,3,0.02
561,candidate_3,candidate_2,candidate_1,3,0.02
562,candidate_3,candidate_2,candidate_1,3,0.02
563,candidate_3,candidate_2,candidate_1,3,0.02
564,candidate_3,candidate_2,candidate_1,3,0.02
565,candidate_3,candidate_2,candidate_1,3,0.02
566,candidate_3,candidate_2,candidate_1,3,0.02
567,candidate_3,candidate_2,candidate_1,3,0.02
568,candidate_3,candidate_2,candidate_1,3,0.02
569,candidate_3,candidate_2,candidate_1,3,0.02
570,candidate_3,candidate_2,candidate_1,3,0.02
571,0,candidate_2,candidate_1,3,0.02
572,candidate_3,candidate_2,candidate_1,3,0.02
573,candidate_3,candidate_2,candidate_1,3,0.02
574,candidate_3,candidate_2,0,3,0.02
575,candidate_3,candidate_2,candidate_1,3,0.02
576,candidate_3,candidate_2,candidate_1,3,0.02
577,candidate_3,candidate_2,candidate_1,3,0.02
578,candidate_3,candidate_2,candidate_1,3,0.02
579,candidate_3,candidate_2,candidate_1,3,0.02
580,candidate_3,candidate_2,candidate_1,3,0.02
581,candidate_3,candidate_2,candidate_1,3,0.02
582,candidate_3,candidate_2,candidate_1,3,0.02
583,candidate_3,candidate_2,candidate_1,3,0.02
584,candidate_3,candidate_2,candidate_1,3,0.02
585,candidate_3,candidate_2,candidate_1,3,0.02
586,candidate_3,candidate_2,candidate_1,3,0.02
587,candidate_3,candidate_2,candidate_1,3,0.02
588,candidate_3,candidate_2,candidate_1,3,0.02
589,candidate_3,candidate_2,candidate_1,3,0.02
590,candidate_3,candidate_2,candidate_1,3,0.02
591,candidate_3,candidate_2,candidate_1,3,0.02
592,candidate_3,candidate_2,candidate_1,3,0.02
593,candidate_3,candidate_2,candidate_1,3,0.02
594,candidate_3,candidate_2,candidate_1,3,0.02
595,candidate_3,candidate_2,candidate_1,3,0.02
596,candidate_3,candidate_2,candidate_1,3,0.02
597,candidate_3,candidate_2,candidate_1,3,0.02
598,0,candidate_2,candidate_1,3,0.02
599,candidate_3,candidate_2,candidate_1,3,0.02
600,candidate_3,candidate_2,candidate_1,3,0.02
601,candidate_3,candidate_2,candidate_1,3,0.02
602,candidate_3,candidate_2,candidate_1,3,0.02
603,candidate_3,candidate_2,candidate_1,3,0.02
604,candidate_3,candidate_2,candidate_1,3,0.02
605,0,candidate_2,candidate_1,3,0.02
606,candidate_3,candidate_2,candidate_1,3,0.02
607,candidate_3,candidate_2,candidate_1,3,0.02
608,candidate_3,candidate_2,candidate_1,3,0.02
609,candidate_3,candidate_2,candidate_1,3,0.02
610,candidate_3,candidate_2,candidate_1,3,0.02
611,candidate_3,candidate_2,candidate_1,3,0.02
612,candidate_3,candidate_2,candidate_1,3,0.02
613,candidate_3,candidate_2,candidate_1,3,0.02
614,candidate_3,candidate_2,0,3,0.02
615,candidate_3,candidate_2,candidate_1,3,0.02
616,candidate_3,candidate_2,candidate_1,3,0.02
617,candidate_3,candidate_2,candidate_1,3,0.02
618,candidate_3,candidate_2,candidate_1,3,0.02
619,candidate_3,candidate_2,candidate_1,3,0.02
620,0,candidate_2,candidate_1,3,0.02
621,candidate_3,candidate_2,candidate_1,3,0.02
622,candidate_3,candidate_2,candidate_1,3,0.02
623,candidate_3,candidate_2,candidate_1,3,0.02
624,candidate_3,candidate_2,candidate_1,3,0.02
625,candidate_3,candidate_2,candidate_1,3,0.02
626,candidate_3,candidate_2,candidate_1,3,0.02
627,candidate_3,candidate_2,candidate_1,3,0.02
628,candidate_3,candidate_2,candidate_1,3,0.02
629,candidate_3,candidate_2,candidate_1,3,0.02
630,candidate_3,candidate_2,candidate_1,3,0.02
631,candidate_3,candidate_2,candidate_1,3,0.02
632,candidate_3,candidate_2,candidate_1,3,0.02
633,candidate_3,candidate_2,candidate_1,3,0.02
634,candidate_3,0,candidate_1,3,0.02
635,candidate_3,candidate_2,candidate_1,3,0.02
636,candidate_3,candidate_2,candidate_1,3,0.02
637,candidate_3,candidate_2,candidate_1,3,0.02
638,candidate_3,candidate_2,candidate_1,3,0.02
639,candidate_3,candidate_2,candidate_1,3,0.02
640,candidate_3,candidate_2,candidate_1,3,0.02
641,candidate_3,0,candidate_1,3,0.02
642,candidate_3,candidate_2,candidate_1,3,0.02
643,candidate_3,candidate_2,candidate_1,3,0.02
644,candidate_3,candidate_2,candidate_1,3,0.02
645,candidate_3,candidate_2,candidate_1,3,0.02
646,candidate_3,candidate_2,candidate_1,3,0.02
647,candidate_3,candidate_2,candidate_1,3,0.02
648,candidate_3,candidate_2,candidate_1,3,0.02
649,candidate_3,candidate_2,candidate_1,3,0.02
650,candidate_3,candidate_2,candidate_1,3,0.02
651,candidate_3,candidate_2,candidate_1,3,0.02
652,candidate_3,candidate_2,candidate_1,3,0.02
653,candidate_3,candidate_2,0,3,0.02
654,candidate_3,candidate_2,candidate_1,3,0.02
655,candidate_3,candidate_2,candidate_1,3,0.02
656,candidate_3,candidate_2,candidate_1,3,0.02
657,candidate_3,candidate_2,candidate_1,3,0.02
658,candidate_3,candidate_2,candidate_1,3,0.02
659,candidate_3,candidate_2,candidate_1,3,0.02
660,candidate_3,candidate_2,candidate_1,3,0.02
661,candidate_3,candidate_2,candidate_1,3,0.02
662,candidate_3,candidate_2,candidate_1,3,0.02
663,candidate_3,candidate_2,candidate_1,3,0.02
664,candidate_3,candidate_2,candidate_1,3,0.02
665,candidate_3,candidate_2,candidate_1,3,0.02
666,candidate_3,candidate_2,candidate_1,3,0.02
667,candidate_3,candidate_2,candidate_1,3,0.02
668,candidate_3,candidate_2,candidate_1,3,0.02
669,candidate_3,0,candidate_1,3,0.02
670,candidate_3,candidate_2,candidate_1,3,0.02
671,candidate_3,candidate_2,candidate_1,3,0.02
672,candidate_3,candidate_2,candidate_1,3,0.02
673,candidate_3,candidate_2,candidate_1,3,0.02
674,candidate_3,candidate_2,candidate_1,3,0.02
675,candidate_3,candidate_2,candidate_1,3,0.02
676,candidate_3,candidate_2,candidate_1,3,0.02
677,candidate_3,candidate_2,candidate_1,3,0.02
678,candidate_3,candidate_2,candidate_1,3,0.02
679,candidate_3,candidate_2,candidate_1,3,0.02
680,candidate_3,candidate_2,candidate_1,3,0.02
681,candidate_3,candidate_2,candidate_1,3,0.02
682,candidate_3,candidate_2,candidate_1,3,0.02
683,candidate_3,candidate_2,candidate_1,3,0.02
684,candidate_3,candidate_2,candidate_1,3,0.02
685,candidate_3,candidate_2,0,3,0.02
686,candidate_3,candidate_2,candidate_1,3,0.02
687,candidate_3,candidate_2,candidate_1,3,0.02
688,candidate_3,candidate_2,candidate_1,3,0.02
689,candidate_3,candidate_2,candidate_1,3,0.02
690,candidate_3,candidate_2,candidate_1,3,0.02
691,candidate_3,candidate_2,candidate_1,3,0.02
692,candidate_3,candidate_2,candidate_1,3,0.02
693,candidate_3,candidate_2,candidate_1,3,0.02
694,candidate_3,candidate_2,candidate_1,3,0.02
695,candidate_3,candidate_2,candidate_1,3,0.02
696,candidate_3,candidate_2,candidate_1,3,0.02
697,candidate_3,candidate_2,candidate_1,3,0.02
698,candidate_3,candidate_2,candidate_1,3,0.02
699,candidate_3,candidate_2,candidate_1,3,0.02
700,candidate_3,candidate_2,candidate_1,3,0.02
701,candidate_3,candidate_2,candidate_1,3,0.02
702,candidate_3,candidate_2,candidate_1,3,0.02
703,candidate_3,candidate_2,candidate_1,3,0.02
704,candidate_3,candidate_2,candidate_1,3,0.02
705,candidate_3,candidate_2,candidate_1,3,0.02
706,candidate_3,candidate_2,candidate_1,3,0.02
707,candidate_3,candidate_2,candidate_1,3,0.02
708,candidate_3,candidate_2,candidate_1,3,0.02
709,candidate_3,candidate_2,candidate_1,3,0.02
710,candidate_3,candidate_2,candidate_1,3,0.02
711,candidate_3,candidate_2,candidate_1,3,0.02
712,candidate_3,candidate_2,candidate_1,3,0.02
713,candidate_3,candidate_2,candidate_1,3,0.02
714,candidate_3,candidate_2,candidate_1,3,0.02
715,candidate_3,candidate_2,candidate_1,3,0.02
716,candidate_3,candidate_2,candidate_1,3,0.02
717,candidate_3,candidate_2,candidate_1,3,0.02
718,candidate_3,candidate_2,candidate_1,3,0.02
719,candidate_3,candidate_2,candidate_1,3,0.02
720,candidate_3,candidate_2,candidate_1,3,0.02
721,candidate_3,candidate_2,candidate_1,3,0.02
722,candidate_3,candidate_2,candidate_1,3,0.02
723,candidate_3,candidate_2,candidate_1,3,0.02
724,candidate_3,candidate_2,candidate_1,3,0.02
725,candidate_3,candidate_2,candidate_1,3,0.02
726,candidate_3,candidate_2,candidate_1,3,0.02
727,candidate_3,candidate_2,candidate_1,3,0.02
728,candidate_3,candidate_2,candidate_1,3,0.02
729,candidate_3,candidate_2,candidate_1,3,0.02
730,candidate_3,candidate_2,candidate_1,3,0.02
731,candidate_3,candidate_2,candidate_1,3,0.02
732,candidate_3,candidate_2,candidate_1,3,0.02
733,candidate_3,candidate_2,candidate_1,3,0.02
734,candidate_3,candidate_2,candidate_1,3,0.02
735,candidate_3,candidate_2,candidate_1,3,0.02
736,candidate_3,candidate_2,candidate_1,3,0.02
737,candidate_3,candidate_2,candidate_1,3,0.02
738,candidate_3,candidate_2,candidate_1,3,0.02
739,candidate_3,candidate_2,candidate_1,3,0.02
740,candidate_3,candidate_2,candidate_1,3,0.02
741,candidate_3,candidate_2,candidate_1,3,0.02
742,candidate_3,candidate_2,candidate_1,3,0.02
743,candidate_3,candidate_2,candidate_1,3,0.02
744,candidate_3,candidate_2,candidate_1,3,0.02
745,candidate_3,candidate_2,candidate_1,3,0.02
746,candidate_3,candidate_2,candidate_1,3,0.02
747,candidate_3,candidate_2,candidate_1,3,0.02
748,candidate_3,candidate_2,candidate_1,3,0.02
749,candidate_3,candidate_2,candidate_1,3,0.02
750,candidate_3,candidate_2,candidate_1,3,0.02
751,candidate_3,candidate_2,candidate_1,3,0.02
752,candidate_3,candidate_2,candidate_1,3,0.02
753,candidate_3,candidate_2,candidate_1,3,0.02
754,candidate_3,candidate_2,candidate_1,3,0.02
755,candidate_3,candidate_2,candidate_1,3,0.02
756,candidate_3,candidate_2,candidate_1,3,0.02
757,candidate_3,candidate_2,candidate_1,3,0.02
758,candidate_3,candidate_2,candidate_1,3,0.02
759,candidate_3,candidate_2,candidate_1,3,0.02
760,candidate_3,candidate_2,candidate_1,3,0.02
761,candidate_3,candidate_2,candidate_1,3,0.02
762,candidate_3,candidate_2,candidate_1,3,0.02
763,candidate_3,candidate_2,candidate_1,3,0.02
764,candidate_3,candidate_2,candidate_1,3,0.02
765,candidate_3,candidate_2,candidate_1,3,0.02
766,candidate_3,candidate_2,candidate_1,3,0.02
767,candidate_3,candidate_2,candidate_1,3,0.02
768,candidate_3,candidate_2,candidate_1,3,0.02
769,candidate_3,candidate_2,candidate_1,3,0.02
770,candidate_3,candidate_2,candidate_1,3,0.02
771,candidate_3,candidate_2,candidate_1,3,0.02
772,candidate_3,candidate_2,candidate_1,3,0.02
773,candidate_3,candidate_2,candidate_1,3,0.02
774,candidate_3,candidate_2,candidate_1,3,0.02
775,candidate_3,candidate_2,candidate_1,3,0.02
776,candidate_3,0,candidate_1,3,0.02
777,candidate_3,candidate_2,candidate_1,3,0.02
778,candidate_3,candidate_2,candidate_1,3,0.02
779,candidate_3,candidate_2,candidate_1,3,0.02
780,candidate_3,candidate_2,candidate_1,3,0.02
781,candidate_3,candidate_2,candidate_1,3,0.02
782,candidate_3,0,0,3,0.02
783,candidate_3,candidate_2,candidate_1,3,0.02
784,candidate_3,candidate_2,candidate_1,3,0.02
785,candidate_3,candidate_2,candidate_1,3,0.02
786,candidate_3,candidate_2,candidate_1,3,0.02
787,0,candidate_2,candidate_1,3,0.02
788,candidate_3,candidate_2,candidate_1,3,0.02
789,candidate_3,candidate_2,candidate_1,3,0.02
790,candidate_3,candidate_2,candidate_1,3,0.02
791,candidate_3,candidate_2,candidate_1,3,0.02
792,candidate_3,candidate_2,candidate_1,3,0.02
793,candidate_3,candidate_2,candidate_1,3,0.02
794,candidate_3,candidate_2,candidate_1,3,0.02
795,candidate_3,candidate_2,candidate_1,3,0.02
796,candidate_3,candidate_2,candidate_1,3,0.02
797,candidate_3,candidate_2,candidate_1,3,0.02
798,candidate_3,candidate_2,candidate_1,3,0.02
799,0,0,candidate_1,3,0.02
800,candidate_3,candidate_2,candidate_1,3,0.02
801,candidate_3,candidate_2,candidate_1,3,0.02
802,candidate_3,candidate_2,candidate_1,3,0.02
803,candidate_3,candidate_2,candidate_1,3,0.02
804,candidate_3,candidate_2,candidate_1,3,0.02
805,candidate_3,candidate_2,candidate_1,3,0.02
806,candidate_3,candidate_2,candidate_1,3,0.02
807,candidate_3,candidate_2,candidate_1,3,0.02
808,candidate_3,candidate_2,candidate_1,3,0.02
809,candidate_3,candidate_2,candidate_1,3,0.02
810,candidate_3,candidate_2,candidate_1,3,0.02
811,candidate_3,candidate_2,candidate_1,3,0.02
812,candidate_3,candidate_2,candidate_1,3,0.02
813,candidate_3,candidate_2,candidate_1,3,0.02
814,candidate_3,candidate_2,candidate_1,3,0.02
815,candidate_3,candidate_2,candidate_1,3,0.02
816,candidate_3,candidate_2,candidate_1,3,0.02
817,candidate_3,candidate_2,candidate_1,3,0.02
818,candidate_3,candidate_2,candidate_1,3,0.02
819,candidate_3,candidate_2,candidate_1,3,0.02
820,candidate_3,candidate_2,candidate_1,3,0.02
821,candidate_3,candidate_2,candidate_1,3,0.02
822,candidate_3,candidate_2,candidate_1,3,0.02
823,candidate_3,candidate_2,candidate_1,3,0.02
824,candidate_3,candidate_2,candidate_1,3,0.02
825,candidate_3,candidate_2,candidate_1,3,0.02
826,candidate_3,candidate_2,candidate_1,3,0.02
827,candidate_3,candidate_2,candidate_1,3,0.02
828,candidate_3,candidate_2,candidate_1,3,0.02
829,candidate_3,candidate_2,candidate_1,3,0.02
830,candidate_3,candidate_2,candidate_1,3,0.02
831,candidate_3,candidate_2,candidate_1,3,0.02
832,candidate_3,candidate_2,candidate_1,3,0.02
833,candidate_3,candidate_2,candidate_1,3,0.02
834,candidate_3,candidate_2,candidate_1,3,0.02
835,candidate_3,candidate_2,candidate_1,3,0.02
836,candidate_3,candidate_2,candidate_1,3,0.02
837,candidate_3,candidate_2,candidate_1,3,0.02
838,candidate_3,candidate_2,candidate_1,3,0.02
839,candidate_3,candidate_2,candidate_1,3,0.02
840,candidate_3,candidate_2,candidate_1,3,0.02
841,candidate_3,candidate_2,candidate_1,3,0.02
842,candidate_3,candidate_2,candidate_1,3,0.02
843,candidate_3,candidate_2,candidate_1,3,0.02
844,candidate_3,candidate_2,0,3,0.02
845,candidate_3,candidate_2,candidate_1,3,0.02
846,candidate_3,candidate_2,candidate_1,3,0.02
847,candidate_3,candidate_2,candidate_1,3,0.02
848,candidate_3,candidate_2,candidate_1,3,0.02
849,candidate_3,candidate_2,candidate_1,3,0.02
850,candidate_3,candidate_2,candidate_1,3,0.02
851,candidate_3,candidate_2,candidate_1,3,0.02
852,candidate_3,candidate_2,candidate_1,3,0.02
853,candidate_3,candidate_2,candidate_1,3,0.02
854,candidate_3,0,candidate_1,3,0.02
855,candidate_3,candidate_2,candidate_1,3,0.02
856,candidate_3,candidate_2,candidate_1,3,0.02
857,candidate_3,candidate_2,candidate_1,3,0.02
858,candidate_3,candidate_2,candidate_1,3,0.02
859,candidate_3,candidate_2,candidate_1,3,0.02
860,candidate_3,candidate_2,candidate_1,3,0.02
861,candidate_3,candidate_2,candidate_1,3,0.02
862,candidate_3,candidate_2,candidate_1,3,0.02
863,candidate_3,candidate_2,candidate_1,3,0.02
864,candidate_3,candidate_2,candidate_1,3,0.02
865,candidate_3,candidate_2,candidate_1,3,0.02
866,candidate_3,candidate_2,candidate_1,3,0.02
867,candidate_3,candidate_2,candidate_1,3,0.02
868,candidate_3,candidate_2,candidate_1,3,0.02
869,candidate_3,candidate_2,candidate_1,3,0.02
870,candidate_3,0,candidate_1,3,0.02
871,candidate_3,candidate_2,candidate_1,3,0.02
872,candidate_3,candidate_2,candidate_1,3,0.02
873,candidate_3,candidate_2,candidate_1,3,0.02
874,candidate_3,candidate_2,candidate_1,3,0.02
875,candidate_3,candidate_2,candidate_1,3,0.02
876,candidate_3,candidate_2,candidate_1,3,0.02
877,candidate_3,candidate_2,candidate_1,3,0.02
878,candidate_3,candidate_2,candidate_1,3,0.02
879,candidate_3,candidate_2,candidate_1,3,0.02
880,candidate_3,candidate_2,candidate_1,3,0.02
881,candidate_3,candidate_2,candidate_1,3,0.02
882,candidate_3,candidate_2,candidate_1,3,0.02
883,candidate_3,0,candidate_1,3,0.02
884,candidate_3,candidate_2,candidate_1,3,0.02
885,candidate_3,candidate_2,candidate_1,3,0.02
886,candidate_3,candidate_2,candidate_1,3,0.02
887,candidate_3,candidate_2,candidate_1,3,0.02
888,candidate_3,candidate_2,candidate_1,3,0.02
889,candidate_3,candidate_2,candidate_1,3,0.02
890,candidate_3,candidate_2,candidate_1,3,0.02
891,candidate_3,candidate_2,candidate_1,3,0.02
892,candidate_3,candidate_2,candidate_1,3,0.02
893,candidate_3,candidate_2,candidate_1,3,0.02
894,candidate_3,candidate_2,candidate_1,3,0.02
895,candidate_3,candidate_2,candidate_1,3,0.02
896,candidate_3,candidate_2,candidate_1,3,0.02
897,candidate_3,candidate_2,candidate_1,3,0.02
898,candidate_3,candidate_2,candidate_1,3,0.02
899,candidate_3,candidate_2,candidate_1,3,0.02
900,candidate_3,candidate_2,candidate_1,3,0.02
901,candidate_3,candidate_2,candidate_1,3,0.02
902,candidate_3,candidate_2,candidate_1,3,0.02
903,candidate_3,candidate_2,candidate_1,3,0.02
904,candidate_3,candidate_2,candidate_1,3,0.02
905,candidate_3,candidate_2,candidate_1,3,0.02
906,candidate_3,candidate_2,candidate_1,3,0.02
907,candidate_3,candidate_2,candidate_1,3,0.02
908,candidate_3,candidate_2,candidate_1,3,0.02
909,candidate_3,candidate_2,candidate_1,3,0.02
910,candidate_3,candidate_2,candidate_1,3,0.02
911,candidate_3,candidate_2,candidate_1,3,0.02
912,candidate_3,candidate_2,candidate_1,3,0.02
913,candidate_3,candidate_2,0,3,0.02
914,candidate_3,candidate_2,candidate_1,3,0.02
915,candidate_3,candidate_2,candidate_1,3,0.02
916,candidate_3,candidate_2,candidate_1,3,0.02
917,candidate_3,candidate_2,candidate_1,3,0.02
918,candidate_3,candidate_2,candidate_1,3,0.02
919,candidate_3,candidate_2,candidate_1,3,0.02
920,candidate_3,candidate_2,candidate_1,3,0.02
921,candidate_3,candidate_2,candidate_1,3,0.02
922,candidate_3,candidate_2,candidate_1,3,0.02
923,candidate_3,candidate_2,candidate_1,3,0.02
924,candidate_3,0,candidate_1,3,0.02
925,candidate_3,candidate_2,candidate_1,3,0.02
926,candidate_3,candidate_2,candidate_1,3,0.02
927,candidate_3,candidate_2,candidate_1,3,0.02
928,candidate_3,candidate_2,candidate_1,3,0.02
929,candidate_3,candidate_2,candidate_1,3,0.02
930,candidate_3,candidate_2,candidate_1,3,0.02
931,0,candidate_2,candidate_1,3,0.02
932,candidate_3,candidate_2,candidate_1,3,0.02
933,candidate_3,candidate_2,candidate_1,3,0.02
934,candidate_3,candidate_2,candidate_1,3,0.02
935,candidate_3,candidate_2,candidate_1,3,0.02
936,candidate_3,candidate_2,candidate_1,3,0.02
937,candidate_3,candidate_2,candidate_1,3,0.02
938,candidate_3,candidate_2,candidate_1,3,0.02
939,candidate_3,candidate_2,candidate_1,3,0.02
940,candidate_3,candidate_2,candidate_1,3,0.02
941,candidate_3,candidate_2,candidate_1,3,0.02
942,candidate_3,candidate_2,candidate_1,3,0.02
943,candidate_3,candidate_2,candidate_1,3,0.02
944,candidate_3,candidate_2,candidate_1,3,0.02
945,candidate_3,candidate_2,candidate_1,3,0.02
946,candidate_3,candidate_2,candidate_1,3,0.02
947,candidate_3,candidate_2,candidate_1,3,0.02
948,candidate_3,candidate_2,candidate_1,3,0.02
949,candidate_3,candidate_2,candidate_1,3,0.02
950,candidate_3,candidate_2,candidate_1,3,0.02
951,candidate_3,candidate_2,candidate_1,3,0.02
952,candidate_3,candidate_2,candidate_1,3,0.02
953,candidate_3,candidate_2,candidate_1,3,0.02
954,candidate_3,candidate_2,candidate_1,3,0.02
955,candidate_3,candidate_2,candidate_1,3,0.02
956,candidate_3,candidate_2,candidate_1,3,0.02
957,candidate_3,candidate_2,candidate_1,3,0.02
958,candidate_3,candidate_2,candidate_1,3,0.02
959,candidate_3,candidate_2,candidate_1,3,0.02
960,candidate_3,candidate_2,candidate_1,3,0.02
961,candidate_3,candidate_2,candidate_1,3,0.02
962,candidate_3,candidate_2,candidate_1,3,0.02
963,candidate_3,candidate_2,candidate_1,3,0.02
964,candidate_3,candidate_2,candidate_1,3,0.02
965,candidate_3,candidate_2,candidate_1,3,0.02
966,candidate_3,candidate_2,candidate_1,3,0.02
967,candidate_3,candidate_2,candidate_1,3,0.02
968,candidate_3,candidate_2,candidate_1,3,0.02
969,candidate_3,candidate_2,candidate_1,3,0.02
970,candidate_3,candidate_2,candidate_1,3,0.02
971,candidate_3,candidate_2,candidate_1,3,0.02
972,candidate_3,candidate_2,candidate_1,3,0.02
973,0,candidate_2,candidate_1,3,0.02
974,candidate_3,candidate_2,candidate_1,3,0.02
975,candidate_3,candidate_2,candidate_1,3,0.02
976,candidate_3,candidate_2,candidate_1,3,0.02
977,candidate_3,candidate_2,candidate_1,3,0.02
978,candidate_3,candidate_2,candidate_1,3,0.02
979,candidate_3,candidate_2,candidate_1,3,0.02
980,candidate_3,candidate_2,candidate_1,3,0.02
981,candidate_3,candidate_2,candidate_1,3,0.02
982,candidate_3,candidate_2,candidate_1,3,0.02
983,candidate_3,candidate_2,candidate_1,3,0.02
984,candidate_3,candidate_2,candidate_1,3,0.02
985,candidate_3,candidate_2,candidate_1,3,0.02
986,candidate_3,candidate_2,candidate_1,3,0.02
987,candidate_3,candidate_2,candidate_1,3,0.02
988,candidate_3,candidate_2,candidate_1,3,0.02
989,candidate_3,candidate_2,candidate_1,3,0.02
990,candidate_3,candidate_2,candidate_1,3,0.02
991,candidate_3,candidate_2,candidate_1,3,0.02
992,candidate_3,candidate_2,candidate_1,3,0.02
993,candidate_3,candidate_2,candidate_1,3,0.02
994,candidate_3,candidate_2,candidate_1,3,0.02
995,candidate_3,0,candidate_1,3,0.02
996,candidate_3,candidate_2,candidate_1,3,0.02
997,candidate_3,candidate_2,candidate_1,3,0.02
998,candidate_3,candidate_2,candidate_1,3,0.02
999,candidate_3,candidate_2,candidate_1,3,0.02
1000,candidate_3,candidate_2,candidate_1,3,0.02
1001,candidate_3,candidate_2,candidate_1,3,0.02
1002,candidate_3,candidate_2,candidate_1,3,0.02
1003,candidate_3,candidate_2,candidate_1,3,0.02
1004,candidate_3,candidate_2,candidate_1,3,0.02
1005,candidate_3,candidate_2,candidate_1,3,0.02
1006,0,candidate_2,candidate_1,3,0.02
1007,candidate_3,candidate_2,candidate_1,3,0.02
1008,0,0,candidate_1,3,0.02
1009,candidate_3,candidate_2,candidate_1,3,0.02
1010,candidate_3,candidate_2,candidate_1,3,0.02
1011,candidate_3,candidate_2,candidate_1,3,0.02
1012,candidate_3,candidate_2,candidate_1,3,0.02
1013,candidate_3,candidate_2,candidate_1,3,0.02
1014,candidate_3,candidate_2,candidate_1,3,0.02
1015,candidate_3,candidate_2,candidate_1,3,0.02
1016,candidate_3,candidate_2,candidate_1,3,0.02
1017,candidate_3,candidate_2,candidate_1,3,0.02
1018,candidate_3,candidate_2,candidate_1,3,0.02
1019,candidate_3,candidate_2,candidate_1,3,0.02
1020,candidate_3,candidate_2,candidate_1,3,0.02
1021,candidate_3,candidate_2,candidate_1,3,0.02
1022,candidate_3,candidate_2,candidate_1,3,0.02
1023,candidate_3,candidate_2,candidate_1,3,0.02
1024,candidate_3,candidate_2,candidate_1,3,0.02
1025,candidate_3,0,candidate_1,3,0.02
1026,candidate_3,candidate_2,candidate_1,3,0.02
1027,candidate_3,candidate_2,candidate_1,3,0.02
1028,candidate_3,candidate_2,candidate_1,3,0.02
1029,candidate_3,candidate_2,candidate_1,3,0.02
1030,candidate_3,candidate_2,candidate_1,3,0.02
1031,candidate_3,candidate_2,candidate_1,3,0.02
1032,candidate_3,candidate_2,candidate_1,3,0.02
1033,candidate_3,candidate_2,candidate_1,3,0.02
1034,candidate_3,candidate_2,candidate_1,3,0.02
1035,candidate_3,candidate_2,candidate_1,3,0.02
1036,candidate_3,candidate_2,candidate_1,3,0.02
1037,candidate_3,candidate_2,candidate_1,3,0.02
1038,candidate_3,0,candidate_1,3,0.02
1039,candidate_3,candidate_2,candidate_1,3,0.02
1040,candidate_3,candidate_2,candidate_1,3,0.02
1041,candidate_3,candidate_2,candidate_1,3,0.02
1042,candidate_3,candidate_2,candidate_1,3,0.02
1043,candidate_3,candidate_2,candidate_1,3,0.02
1044,candidate_3,candidate_2,candidate_1,3,0.02
1045,candidate_3,candidate_2,candidate_1,3,0.02
1046,candidate_3,candidate_2,candidate_1,3,0.02
1047,candidate_3,candidate_2,candidate_1,3,0.02
1048,candidate_3,candidate_2,candidate_1,3,0.02
1049,candidate_3,candidate_2,candidate_1,3,0.02
1050,candidate_3,candidate_2,candidate_1,3,0.02
1051,candidate_3,candidate_2,candidate_1,3,0.02
1052,candidate_3,candidate_2,candidate_1,3,0.02
1053,candidate_3,candidate_2,candidate_1,3,0.02
1054,candidate_3,candidate_2,candidate_1,3,0.02
1055,candidate_3,candidate_2,candidate_1,3,0.02
1056,candidate_3,candidate_2,candidate_1,3,0.02
1057,candidate_3,candidate_2,candidate_1,3,0.02
1058,candidate_3,candidate_2,candidate_1,3,0.02
1059,candidate_3,candidate_2,candidate_1,3,0.02
1060,candidate_3,candidate_2,candidate_1,3,0.02
1061,candidate_3,candidate_2,candidate_1,3,0.02
1062,candidate_3,candidate_2,candidate_1,3,0.02
1063,candidate_3,candidate_2,candidate_1,3,0.02
1064,candidate_3,candidate_2,candidate_1,3,0.02
1065,candidate_3,candidate_2,candidate_1,3,0.02
1066,candidate_3,candidate_2,candidate_1,3,0.02
1067,candidate_3,candidate_2,candidate_1,3,0.02
1068,candidate_3,candidate_2,candidate_1,3,0.02
1069,candidate_3,candidate_2,candidate_1,3,0.02
1070,candidate_3,candidate_2,candidate_1,3,0.02
1071,candidate_3,candidate_2,candidate_1,3,0.02
1072,candidate_3,0,candidate_1,3,0.02
1073,candidate_3,0,candidate_1,3,0.02
1074,candidate_3,candidate_2,candidate_1,3,0.02
1075,candidate_3,candidate_2,candidate_1,3,0.02
1076,candidate_3,candidate_2,candidate_1,3,0.02
1077,candidate_3,candidate_2,candidate_1,3,0.02
1078,candidate_3,candidate_2,candidate_1,3,0.02
1079,candidate_3,candidate_2,candidate_1,3,0.02
1080,candidate_3,candidate_2,candidate_1,3,0.02
1081,0,candidate_2,candidate_1,3,0.02
1082,candidate_3,candidate_2,candidate_1,3,0.02
1083,candidate_3,candidate_2,candidate_1,3,0.02
1084,candidate_3,candidate_2,candidate_1,3,0.02
1085,candidate_3,candidate_2,candidate_1,3,0.02
1086,candidate_3,candidate_2,candidate_1,3,0.02
1087,candidate_3,candidate_2,candidate_1,3,0.02
1088,candidate_3,candidate_2,candidate_1,3,0.02
1089,candidate_3,candidate_2,candidate_1,3,0.02
1090,candidate_3,candidate_2,candidate_1,3,0.02
1091,candidate_3,candidate_2,candidate_1,3,0.02
1092,candidate_3,candidate_2,candidate_1,3,0.02
1093,candidate_3,candidate_2,candidate_1,3,0.02
1094,candidate_3,candidate_2,candidate_1,3,0.02
1095,candidate_3,candidate_2,candidate_1,3,0.02
1096,candidate_3,candidate_2,candidate_1,3,0.02
1097,candidate_3,candidate_2,candidate_1,3,0.02
1098,candidate_3,candidate_2,candidate_1,3,0.02
1099,candidate_3,candidate_2,candidate_1,3,0.02
1100,candidate_3,candidate_2,candidate_1,3,0.02
1101,candidate_3,candidate_2,candidate_1,3,0.02
1102,candidate_3,candidate_2,0,3,0.02
1103,candidate_3,candidate_2,candidate_1,3,0.02
1104,candidate_3,candidate_2,candidate_1,3,0.02
1105,candidate_3,candidate_2,candidate_1,3,0.02
1106,candidate_3,candidate_2,candidate_1,3,0.02
1107,candidate_3,candidate_2,candidate_1,3,0.02
1108,candidate_3,candidate_2,candidate_1,3,0.02
1109,candidate_3,candidate_2,candidate_1,3,0.02
1110,candidate_3,candidate_2,candidate_1,3,0.02
1111,candidate_3,candidate_2,candidate_1,3,0.02
1112,candidate_3,candidate_2,candidate_1,3,0.02
1113,candidate_3,candidate_2,candidate_1,3,0.02
1114,candidate_3,candidate_2,candidate_1,3,0.02
1115,candidate_3,candidate_2,candidate_1,3,0.02
1116,candidate_3,candidate_2,candidate_1,3,0.02
1117,candidate_3,candidate_2,candidate_1,3,0.02
1118,candidate_3,candidate_2,candidate_1,3,0.02
1119,candidate_3,candidate_2,candidate_1,3,0.02
1120,candidate_3,candidate_2,candidate_1,3,0.02
1121,candidate_3,candidate_2,candidate_1,3,0.02
1122,candidate_3,candidate_2,candidate_1,3,0.02
1123,candidate_3,candidate_2,candidate_1,3,0.02
1124,candidate_3,candidate_2,candidate_1,3,0.02
1125,candidate_3,candidate_2,candidate_1,3,0.02
1126,candidate_3,candidate_2,candidate_1,3,0.02
1127,candidate_3,candidate_2,candidate_1,3,0.02
1128,candidate_3,candidate_2,candidate_1,3,0.02
1129,candidate_3,candidate_2,candidate_1,3,0.02
1130,candidate_3,candidate_2,candidate_1,3,0.02
1131,candidate_3,candidate_2,candidate_1,3,0.02
1132,candidate_3,candidate_2,candidate_1,3,0.02
1133,candidate_3,candidate_2,candidate_1,3,0.02
1134,candidate_3,candidate_2,0,3,0.02
1135,candidate_3,candidate_2,candidate_1,3,0.02
1136,candidate_3,candidate_2,candidate_1,3,0.02
1137,candidate_3,candidate_2,candidate_1,3,0.02
1138,candidate_3,candidate_2,candidate_1,3,0.02
1139,candidate_3,candidate_2,candidate_1,3,0.02
1140,candidate_3,candidate_2,0,3,0.02
1141,candidate_3,candidate_2,candidate_1,3,0.02
1142,candidate_3,candidate_2,candidate_1,3,0.02
1143,candidate_3,candidate_2,candidate_1,3,0.02
1144,candidate_3,candidate_2,candidate_1,3,0.02
1145,candidate_3,candidate_2,0,3,0.02
1146,candidate_3,candidate_2,candidate_1,3,0.02
1147,candidate_3,candidate_2,candidate_1,3,0.02
1148,candidate_3,candidate_2,candidate_1,3,0.02
1149,candidate_3,candidate_2,candidate_1,3,0.02
1150,candidate_3,candidate_2,candidate_1,3,0.02
1151,candidate_3,candidate_2,candidate_1,3,0.02
1152,candidate_3,candidate_2,candidate_1,3,0.02
1153,candidate_3,candidate_2,candidate_1,3,0.02
1154,candidate_3,candidate_2,candidate_1,3,0.02
1155,candidate_3,candidate_2,candidate_1,3,0.02
1156,candidate_3,candidate_2,candidate_1,3,0.02
1157,candidate_3,candidate_2,candidate_1,3,0.02
1158,candidate_3,candidate_2,candidate_1,3,0.02
1159,candidate_3,candidate_2,candidate_1,3,0.02
1160,candidate_3,candidate_2,candidate_1,3,0.02
1161,candidate_3,candidate_2,candidate_1,3,0.02
1162,candidate_3,candidate_2,candidate_1,3,0.02
1163,candidate_3,candidate_2,candidate_1,3,0.02
1164,candidate_3,candidate_2,candidate_1,3,0.02
1165,candidate_3,candidate_2,candidate_1,3,0.02
1166,candidate_3,candidate_2,candidate_1,3,0.02
1167,candidate_3,0,candidate_1,3,0.02
1168,candidate_3,candidate_2,candidate_1,3,0.02
1169,candidate_3,candidate_2,candidate_1,3,0.02
1170,candidate_3,candidate_2,candidate_1,3,0.02
1171,candidate_3,candidate_2,candidate_1,3,0.02
1172,candidate_3,candidate_2,candidate_1,3,0.02
1173,candidate_3,candidate_2,candidate_1,3,0.02
1174,candidate_3,candidate_2,candidate_1,3,0.02
1175,candidate_3,candidate_2,candidate_1,3,0.02
1176,candidate_3,candidate_2,candidate_1,3,0.02
1177,candidate_3,candidate_2,candidate_1,3,0.02
1178,candidate_3,candidate_2,candidate_1,3,0.02
1179,candidate_3,candidate_2,candidate_1,3,0.02
1180,candidate_3,candidate_2,candidate_1,3,0.02
1181,candidate_3,candidate_2,candidate_1,3,0.02
1182,candidate_3,candidate_2,candidate_1,3,0.02
1183,candidate_3,candidate_2,candidate_1,3,0.02
1184,candidate_3,candidate_2,candidate_1,3,0.02
1185,candidate_3,candidate_2,candidate_1,3,0.02
1186,candidate_3,candidate_2,candidate_1,3,0.02
1187,candidate_3,candidate_2,candidate_1,3,0.02
1188,candidate_3,candidate_2,candidate_1,3,0.02
1189,0,candidate_2,candidate_1,3,0.02
1190,candidate_3,candidate_2,candidate_1,3,0.02
1191,candidate_3,candidate_2,candidate_1,3,0.02
1192,candidate_3,candidate_2,candidate_1,3,0.02
1193,candidate_3,candidate_2,candidate_1,3,0.02
1194,candidate_3,candidate_2,candidate_1,3,0.02
1195,candidate_3,candidate_2,candidate_1,3,0.02
1196,candidate_3,candidate_2,candidate_1,3,0.02
1197,candidate_3,candidate_2,candidate_1,3,0.02
1198,candidate_3,candidate_2,candidate_1,3,0.02
1199,candidate_3,candidate_2,candidate_1,3,0.02
1200,candidate_3,candidate_2,candidate_1,3,0.02
1201,candidate_3,candidate_2,candidate_1,3,0.02
1202,candidate_3,candidate_2,candidate_1,3,0.02
1203,candidate_3,candidate_2,candidate_1,3,0.02
1204,candidate_3,candidate_2,candidate_1,3,0.02
1205,candidate_3,candidate_2,candidate_1,3,0.02
1206,candidate_3,candidate_2,candidate_1,3,0.02
1207,candidate_3,candidate_2,candidate_1,3,0.02
1208,candidate_3,candidate_2,candidate_1,3,0.02
1209,candidate_3,candidate_2,candidate_1,3,0.02
1210,candidate_3,candidate_2,candidate_1,3,0.02
1211,candidate_3,candidate_2,candidate_1,3,0.02
1212,candidate_3,candidate_2,candidate_1,3,0.02
1213,candidate_3,candidate_2,candidate_1,3,0.02
1214,candidate_3,candidate_2,candidate_1,3,0.02
1215,0,candidate_2,candidate_1,3,0.02
1216,candidate_3,candidate_2,candidate_1,3,0.02
1217,candidate_3,candidate_2,candidate_1,3,0.02
1218,candidate_3,candidate_2,candidate_1,3,0.02
1219,candidate_3,candidate_2,candidate_1,3,0.02
1220,candidate_3,candidate_2,candidate_1,3,0.02
1221,candidate_3,candidate_2,candidate_1,3,0.02
1222,candidate_3,candidate_2,candidate_1,3,0.02
1223,candidate_3,candidate_2,candidate_1,3,0.02
1224,candidate_3,candidate_2,candidate_1,3,0.02
1225,candidate_3,candidate_2,candidate_1,3,0.02
1226,candidate_3,candidate_2,candidate_1,3,0.02
1227,candidate_3,candidate_2,candidate_1,3,0.02
1228,candidate_3,candidate_2,candidate_1,3,0.02
1229,candidate_3,candidate_2,candidate_1,3,0.02
1230,candidate_3,candidate_2,candidate_1,3,0.02
1231,candidate_3,candidate_2,candidate_1,3,0.02
1232,candidate_3,candidate_2,candidate_1,3,0.02
1233,candidate_3,candidate_2,candidate_1,3,0.02
1234,candidate_3,candidate_2,candidate_1,3,0.02
1235,candidate_3,candidate_2,candidate_1,3,0.02
1236,candidate_3,candidate_2,candidate_1,3,0.02
1237,candidate_3,candidate_2,candidate_1,3,0.02
1238,candidate_3,candidate_2,candidate_1,3,0.02
1239,candidate_3,candidate_2,candidate_1,3,0.02
1240,candidate_3,candidate_2,candidate_1,3,0.02
1241,candidate_3,candidate_2,candidate_1,3,0.02
1242,candidate_3,candidate_2,candidate_1,3,0.02
1243,candidate_3,candidate_2,candidate_1,3,0.02
1244,candidate_3,candidate_2,candidate_1,3,0.02
1245,candidate_3,candidate_2,candidate_1,3,0.02
1246,candidate_3,candidate_2,candidate_1,3,0.02
1247,candidate_3,candidate_2,candidate_1,3,0.02
1248,candidate_3,candidate_2,candidate_1,3,0.02
1249,candidate_3,candidate_2,candidate_1,3,0.02
1250,candidate_3,candidate_2,candidate_1,3,0.02
1251,candidate_3,candidate_2,candidate_1,3,0.02
1252,candidate_3,candidate_2,candidate_1,3,0.02
1253,candidate_3,candidate_2,candidate_1,3,0.02
1254,candidate_3,candidate_2,candidate_1,3,0.02
1255,candidate_3,candidate_2,candidate_1,3,0.02
1256,candidate_3,candidate_2,candidate_1,3,0.02
1257,candidate_3,candidate_2,candidate_1,3,0.02
1258,candidate_3,candidate_2,candidate_1,3,0.02
1259,candidate_3,candidate_2,candidate_1,3,0.02
1260,candidate_3,candidate_2,candidate_1,3,0.02
1261,candidate_3,candidate_2,candidate_1,3,0.02
1262,candidate_3,candidate_2,candidate_1,3,0.02
1263,candidate_3,candidate_2,candidate_1,3,0.02
1264,candidate_3,candidate_2,candidate_1,3,0.02
1265,candidate_3,candidate_2,candidate_1,3,0.02
1266,candidate_3,candidate_2,candidate_1,3,0.02
1267,candidate_3,candidate_2,candidate_1,3,0.02
1268,candidate_3,candidate_2,candidate_1,3,0.02
1269,candidate_3,candidate_2,candidate_1,3,0.02
1270,candidate_3,candidate_2,candidate_1,3,0.02
1271,candidate_3,candidate_2,candidate_1,3,0.02
1272,candidate_3,candidate_2,candidate_1,3,0.02
1273,candidate_3,candidate_2,candidate_1,3,0.02
1274,candidate_3,candidate_2,candidate_1,3,0.02
1275,candidate_3,candidate_2,candidate_1,3,0.02
1276,candidate_3,candidate_2,candidate_1,3,0.02
1277,0,candidate_2,candidate_1,3,0.02
1278,candidate_3,candidate_2,candidate_1,3,0.02
1279,candidate_3,candidate_2,candidate_1,3,0.02
1280,candidate_3,candidate_2,candidate_1,3,0.02
1281,candidate_3,candidate_2,candidate_1,3,0.02
1282,candidate_3,candidate_2,candidate_1,3,0.02
1283,candidate_3,candidate_2,candidate_1,3,0.02
1284,candidate_3,candidate_2,candidate_1,3,0.02
1285,candidate_3,candidate_2,candidate_1,3,0.02
1286,candidate_3,candidate_2,candidate_1,3,0.02
1287,candidate_3,candidate_2,candidate_1,3,0.02
1288,candidate_3,candidate_2,candidate_1,3,0.02
1289,candidate_3,candidate_2,candidate_1,3,0.02
1290,candidate_3,candidate_2,candidate_1,3,0.02
1291,candidate_3,candidate_2,candidate_1,3,0.02
1292,candidate_3,candidate_2,candidate_1,3,0.02
1293,candidate_3,candidate_2,candidate_1,3,0.02
1294,candidate_3,candidate_2,candidate_1,3,0.02
1295,candidate_3,candidate_2,candidate_1,3,0.02
1296,candidate_3,candidate_2,candidate_1,3,0.02
1297,candidate_3,candidate_2,candidate_1,3,0.02
1298,candidate_3,candidate_2,candidate_1,3,0.02
1299,candidate_3,candidate_2,candidate_1,3,0.02
1300,candidate_3,candidate_2,candidate_1,3,0.02
1301,candidate_3,candidate_2,candidate_1,3,0.02
1302,candidate_3,candidate_2,candidate_1,3,0.02
1303,candidate_3,candidate_2,candidate_1,3,0.02
1304,candidate_3,candidate_2,candidate_1,3,0.02
1305,candidate_3,candidate_2,candidate_1,3,0.02
1306,candidate_3,candidate_2,candidate_1,3,0.02
1307,candidate_3,candidate_2,candidate_1,3,0.02
1308,candidate_3,candidate_2,candidate_1,3,0.02
1309,candidate_3,candidate_2,candidate_1,3,0.02
1310,candidate_3,candidate_2,candidate_1,3,0.02
1311,candidate_3,candidate_2,candidate_1,3,0.02
1312,candidate_3,candidate_2,candidate_1,3,0.02
1313,candidate_3,candidate_2,candidate_1,3,0.02
1314,candidate_3,candidate_2,candidate_1,3,0.02
1315,candidate_3,candidate_2,candidate_1,3,0.02
1316,candidate_3,candidate_2,candidate_1,3,0.02
1317,candidate_3,candidate_2,candidate_1,3,0.02
1318,candidate_3,candidate_2,candidate_1,3,0.02
1319,candidate_3,candidate_2,candidate_1,3,0.02
1320,candidate_3,candidate_2,candidate_1,3,0.02
1321,candidate_3,candidate_2,candidate_1,3,0.02
1322,candidate_3,candidate_2,candidate_1,3,0.02
1323,candidate_3,candidate_2,candidate_1,3,0.02
1324,candidate_3,candidate_2,candidate_1,3,0.02
1325,candidate_3,candidate_2,candidate_1,3,0.02
1326,candidate_3,candidate_2,candidate_1,3,0.02
1327,candidate_3,candidate_2,candidate_1,3,0.02
1328,candidate_3,candidate_2,candidate_1,3,0.02
1329,candidate_3,candidate_2,candidate_1,3,0.02
1330,candidate_3,candidate_2,candidate_1,3,0.02
1331,candidate_3,candidate_2,candidate_1,3,0.02
1332,candidate_3,candidate_2,candidate_1,3,0.02
1333,candidate_3,candidate_2,candidate_1,3,0.02
1334,candidate_3,candidate_2,candidate_1,3,0.02
1335,candidate_3,candidate_2,candidate_1,3,0.02
1336,candidate_3,candidate_2,candidate_1,3,0.02
1337,candidate_3,candidate_2,candidate_1,3,0.02
1338,candidate_3,candidate_2,candidate_1,3,0.02
1339,candidate_3,candidate_2,candidate_1,3,0.02
1340,candidate_3,candidate_2,candidate_1,3,0.02
1341,candidate_3,candidate_2,candidate_1,3,0.02
1342,candidate_3,candidate_2,candidate_1,3,0.02
1343,candidate_3,candidate_2,candidate_1,3,0.02
1344,candidate_3,candidate_2,candidate_1,3,0.02
1345,candidate_3,candidate_2,candidate_1,3,0.02
1346,candidate_3,candidate_2,candidate_1,3,0.02
1347,candidate_3,candidate_2,candidate_1,3,0.02
1348,candidate_3,0,candidate_1,3,0.02
1349,candidate_3,candidate_2,candidate_1,3,0.02
1350,candidate_3,candidate_2,candidate_1,3,0.02
1351,candidate_3,candidate_2,candidate_1,3,0.02
1352,candidate_3,candidate_2,candidate_1,3,0.02
1353,candidate_3,candidate_2,candidate_1,3,0.02
1354,candidate_3,candidate_2,0,3,0.02
1355,candidate_3,candidate_2,candidate_1,3,0.02
1356,candidate_3,candidate_2,candidate_1,3,0.02
1357,candidate_3,candidate_2,candidate_1,3,0.02
1358,candidate_3,candidate_2,candidate_1,3,0.02
1359,candidate_3,candidate_2,candidate_1,3,0.02
1360,candidate_3,candidate_2,candidate_1,3,0.02
1361,candidate_3,candidate_2,candidate_1,3,0.02
1362,candidate_3,candidate_2,candidate_1,3,0.02
1363,candidate_3,candidate_2,candidate_1,3,0.02
1364,candidate_3,candidate_2,candidate_1,3,0.02
1365,candidate_3,candidate_2,candidate_1,3,0.02
1366,candidate_3,candidate_2,candidate_1,3,0.02
1367,candidate_3,candidate_2,candidate_1,3,0.02
1368,candidate_3,candidate_2,candidate_1,3,0.02
1369,candidate_3,candidate_2,candidate_1,3,0.02
1370,candidate_3,candidate_2,candidate_1,3,0.02
1371,candidate_3,candidate_2,candidate_1,3,0.02
1372,candidate_3,candidate_2,candidate_1,3,0.02
1373,candidate_3,candidate_2,candidate_1,3,0.02
1374,candidate_3,candidate_2,candidate_1,3,0.02
1375,candidate_3,candidate_2,candidate_1,3,0.02
1376,candidate_3,candidate_2,candidate_1,3,0.02
1377,candidate_3,candidate_2,candidate_1,3,0.02
1378,candidate_3,candidate_2,candidate_1,3,0.02
1379,candidate_3,candidate_2,candidate_1,3,0.02
1380,candidate_3,candidate_2,candidate_1,3,0.02
1381,candidate_3,candidate_2,candidate_1,3,0.02
1382,candidate_3,candidate_2,candidate_1,3,0.02
1383,candidate_3,candidate_2,candidate_1,3,0.02
1384,candidate_3,candidate_2,candidate_1,3,0.02
1385,candidate_3,candidate_2,candidate_1,3,0.02
1386,candidate_3,candidate_2,candidate_1,3,0.02
1387,candidate_3,candidate_2,candidate_1,3,0.02
1388,candidate_3,candidate_2,candidate_1,3,0.02
1389,0,candidate_2,candidate_1,3,0.02
1390,candidate_3,candidate_2,candidate_1,3,0.02
1391,0,candidate_2,candidate_1,3,0.02
1392,candidate_3,candidate_2,candidate_1,3,0.02
1393,candidate_3,candidate_2,candidate_1,3,0.02
1394,candidate_3,candidate_2,candidate_1,3,0.02
1395,candidate_3,candidate_2,candidate_1,3,0.02
1396,candidate_3,candidate_2,candidate_1,3,0.02
1397,candidate_3,candidate_2,candidate_1,3,0.02
1398,candidate_3,candidate_2,candidate_1,3,0.02
1399,candidate_3,candidate_2,candidate_1,3,0.02
1400,candidate_3,candidate_2,candidate_1,3,0.02
1401,candidate_3,candidate_2,candidate_1,3,0.02
1402,candidate_3,candidate_2,candidate_1,3,0.02
1403,candidate_3,candidate_2,candidate_1,3,0.02
1404,candidate_3,candidate_2,candidate_1,3,0.02
1405,candidate_3,candidate_2,candidate_1,3,0.02
1406,candidate_3,candidate_2,candidate_1,3,0.02
1407,candidate_3,candidate_2,candidate_1,3,0.02
1408,candidate_3,candidate_2,candidate_1,3,0.02
1409,candidate_3,candidate_2,candidate_1,3,0.02
1410,candidate_3,candidate_2,candidate_1,3,0.02
1411,candidate_3,candidate_2,candidate_1,3,0.02
1412,candidate_3,candidate_2,candidate_1,3,0.02
1413,candidate_3,candidate_2,candidate_1,3,0.02
1414,candidate_3,candidate_2,candidate_1,3,0.02
1415,candidate_3,candidate_2,candidate_1,3,0.02
1416,candidate_3,candidate_2,candidate_1,3,0.02
1417,candidate_3,candidate_2,candidate_1,3,0.02
1418,candidate_3,candidate_2,candidate_1,3,0.02
1419,candidate_3,candidate_2,candidate_1,3,0.02
1420,candidate_3,candidate_2,candidate_1,3,0.02
1421,candidate_3,candidate_2,candidate_1,3,0.02
1422,candidate_3,candidate_2,candidate_1,3,0.02
1423,candidate_3,candidate_2,candidate_1,3,0.02
1424,0,candidate_2,candidate_1,3,0.02
1425,candidate_3,candidate_2,candidate_1,3,0.02
1426,candidate_3,candidate_2,candidate_1,3,0.02
1427,candidate_3,candidate_2,candidate_1,3,0.02
1428,candidate_3,candidate_2,candidate_1,3,0.02
1429,candidate_3,candidate_2,candidate_1,3,0.02
1430,candidate_3,candidate_2,candidate_1,3,0.02
1431,candidate_3,candidate_2,candidate_1,3,0.02
1432,candidate_3,candidate_2,candidate_1,3,0.02
1433,0,candidate_2,candidate_1,3,0.02
1434,candidate_3,candidate_2,candidate_1,3,0.02
1435,candidate_3,candidate_2,candidate_1,3,0.02
1436,candidate_3,candidate_2,candidate_1,3,0.02
1437,candidate_3,candidate_2,0,3,0.02
1438,candidate_3,candidate_2,candidate_1,3,0.02
1439,candidate_3,candidate_2,candidate_1,3,0.02
1440,candidate_3,candidate_2,candidate_1,3,0.02
1441,candidate_3,candidate_2,candidate_1,3,0.02
1442,candidate_3,candidate_2,candidate_1,3,0.02
1443,candidate_3,candidate_2,candidate_1,3,0.02
1444,candidate_3,candidate_2,candidate_1,3,0.02
1445,candidate_3,candidate_2,candidate_1,3,0.02
1446,candidate_3,candidate_2,candidate_1,3,0.02
1447,candidate_3,candidate_2,candidate_1,3,0.02
1448,candidate_3,candidate_2,candidate_1,3,0.02
1449,candidate_3,candidate_2,candidate_1,3,0.02
1450,candidate_3,candidate_2,candidate_1,3,0.02
1451,candidate_3,candidate_2,candidate_1,3,0.02
1452,candidate_3,candidate_2,candidate_1,3,0.02
1453,candidate_3,candidate_2,candidate_1,3,0.02
1454,candidate_3,candidate_2,candidate_1,3,0.02
1455,candidate_3,candidate_2,candidate_1,3,0.02
1456,candidate_3,candidate_2,candidate_1,3,0.02
1457,candidate_3,candidate_2,candidate_1,3,0.02
1458,candidate_3,candidate_2,candidate_1,3,0.02
1459,candidate_3,candidate_2,candidate_1,3,0.02
1460,candidate_3,candidate_2,0,3,0.02
1461,candidate_3,candidate_2,candidate_1,3,0.02
1462,candidate_3,candidate_2,candidate_1,3,0.02
1463,candidate_3,candidate_2,candidate_1,3,0.02
1464,0,candidate_2,candidate_1,3,0.02
1465,candidate_3,candidate_2,candidate_1,3,0.02
1466,candidate_3,candidate_2,candidate_1,3,0.02
1467,candidate_3,candidate_2,candidate_1,3,0.02
1468,candidate_3,candidate_2,candidate_1,3,0.02
1469,candidate_3,candidate_2,candidate_1,3,0.02
1470,candidate_3,candidate_2,candidate_1,3,0.02
1471,candidate_3,candidate_2,candidate_1,3,0.02
1472,candidate_3,candidate_2,candidate_1,3,0.02
1473,0,candidate_2,candidate_1,3,0.02
1474,candidate_3,candidate_2,candidate_1,3,0.02
1475,candidate_3,candidate_2,candidate_1,3,0.02
1476,candidate_3,candidate_2,candidate_1,3,0.02
1477,candidate_3,candidate_2,candidate_1,3,0.02
1478,candidate_3,candidate_2,candidate_1,3,0.02
1479,candidate_3,candidate_2,candidate_1,3,0.02
1480,candidate_3,0,candidate_1,3,0.02
1481,candidate_3,candidate_2,candidate_1,3,0.02
1482,candidate_3,candidate_2,candidate_1,3,0.02
1483,candidate_3,candidate_2,candidate_1,3,0.02
1484,candidate_3,candidate_2,candidate_1,3,0.02
1485,candidate_3,candidate_2,candidate_1,3,0.02
1486,candidate_3,candidate_2,candidate_1,3,0.02
1487,candidate_3,candidate_2,candidate_1,3,0.02
1488,candidate_3,candidate_2,candidate_1,3,0.02
1489,candidate_3,candidate_2,candidate_1,3,0.02
1490,candidate_3,candidate_2,candidate_1,3,0.02
1491,candidate_3,candidate_2,candidate_1,3,0.02
1492,candidate_3,candidate_2,candidate_1,3,0.02
1493,candidate_3,candidate_2,candidate_1,3,0.02
1494,candidate_3,candidate_2,candidate_1,3,0.02
1495,candidate_3,candidate_2,candidate_1,3,0.02
1496,candidate_3,candidate_2,candidate_1,3,0.02
1497,candidate_3,candidate_2,candidate_1,3,0.02
1498,candidate_3,candidate_2,candidate_1,3,0.02
1499,candidate_3,candidate_2,candidate_1,3,0.02
1500,candidate_3,candidate_2,candidate_1,3,0.02
1501,candidate_3,candidate_2,candidate_1,3,0.02
1502,candidate_3,candidate_2,candidate_1,3,0.02
1503,candidate_3,candidate_2,candidate_1,3,0.02
1504,candidate_3,candidate_2,candidate_1,3,0.02
1505,candidate_3,candidate_2,candidate_1,3,0.02
1506,candidate_3,candidate_2,candidate_1,3,0.02
1507,candidate_3,candidate_2,candidate_1,3,0.02
1508,candidate_3,candidate_2,candidate_1,3,0.02
1509,0,candidate_2,candidate_1,3,0.02
1510,candidate_3,candidate_2,candidate_1,3,0.02
1511,candidate_3,candidate_2,candidate_1,3,0.02
1512,candidate_3,candidate_2,candidate_1,3,0.02
1513,candidate_3,candidate_2,candidate_1,3,0.02
1514,candidate_3,candidate_2,candidate_1,3,0.02
1515,candidate_3,candidate_2,candidate_1,3,0.02
1516,candidate_3,candidate_2,candidate_1,3,0.02
1517,candidate_3,candidate_2,candidate_1,3,0.02
1518,candidate_3,candidate_2,candidate_1,3,0.02
1519,candidate_3,candidate_2,candidate_1,3,0.02
1520,candidate_3,candidate_2,candidate_1,3,0.02
1521,candidate_3,candidate_2,candidate_1,3,0.02
1522,candidate_3,candidate_2,candidate_1,3,0.02
1523,candidate_3,candidate_2,candidate_1,3,0.02
1524,candidate_3,candidate_2,candidate_1,3,0.02
1525,candidate_3,candidate_2,candidate_1,3,0.02
1526,candidate_3,candidate_2,candidate_1,3,0.02
1527,candidate_3,candidate_2,0,3,0.02
1528,candidate_3,candidate_2,candidate_1,3,0.02
1529,candidate_3,candidate_2,candidate_1,3,0.02
1530,candidate_3,candidate_2,candidate_1,3,0.02
1531,candidate_3,candidate_2,candidate_1,3,0.02
1532,candidate_3,candidate_2,candidate_1,3,0.02
1533,candidate_3,candidate_2,candidate_1,3,0.02
1534,candidate_3,candidate_2,candidate_1,3,0.02
1535,candidate_3,candidate_2,candidate_1,3,0.02
1536,candidate_3,candidate_2,candidate_1,3,0.02
1537,candidate_3,candidate_2,candidate_1,3,0.02
1538,candidate_3,candidate_2,candidate_1,3,0.02
1539,candidate_3,candidate_2,candidate_1,3,0.02
1540,candidate_3,candidate_2,candidate_1,3,0.02
1541,candidate_3,candidate_2,candidate_1,3,0.02
1542,0,candidate_2,candidate_1,3,0.02
1543,candidate_3,candidate_2,candidate_1,3,0.02
1544,candidate_3,candidate_2,candidate_1,3,0.02
1545,candidate_3,candidate_2,candidate_1,3,0.02
1546,candidate_3,candidate_2,candidate_1,3,0.02
1547,candidate_3,candidate_2,candidate_1,3,0.02
1548,candidate_3,candidate_2,candidate_1,3,0.02
1549,candidate_3,candidate_2,candidate_1,3,0.02
1550,candidate_3,candidate_2,candidate_1,3,0.02
1551,candidate_3,candidate_2,candidate_1,3,0.02
1552,candidate_3,candidate_2,candidate_1,3,0.02
1553,candidate_3,candidate_2,candidate_1,3,0.02
1554,candidate_3,candidate_2,candidate_1,3,0.02
1555,candidate_3,candidate_2,candidate_1,3,0.02
1556,candidate_3,candidate_2,candidate_1,3,0.02
1557,candidate_3,candidate_2,candidate_1,3,0.02
1558,candidate_3,candidate_2,candidate_1,3,0.02
1559,candidate_3,candidate_2,candidate_1,3,0.02
1560,candidate_3,candidate_2,candidate_1,3,0.02
1561,candidate_3,candidate_2,candidate_1,3,0.02
1562,candidate_3,candidate_2,candidate_1,3,0.02
1563,candidate_3,candidate_2,candidate_1,3,0.02
1564,candidate_3,candidate_2,candidate_1,3,0.02
1565,candidate_3,candidate_2,candidate_1,3,0.02
1566,candidate_3,candidate_2,candidate_1,3,0.02
1567,candidate_3,candidate_2,candidate_1,3,0.02
1568,candidate_3,candidate_2,candidate_1,3,0.02
1569,candidate_3,candidate_2,candidate_1,3,0.02
1570,candidate_3,candidate_2,candidate_1,3,0.02
1571,candidate_3,candidate_2,candidate_1,3,0.02
1572,candidate_3,candidate_2,candidate_1,3,0.02
1573,candidate_3,candidate_2,candidate_1,3,0.02
1574,candidate_3,candidate_2,candidate_1,3,0.02
1575,candidate_3,candidate_2,candidate_1,3,0.02
1576,candidate_3,candidate_2,candidate_1,3,0.02
1577,candidate_3,candidate_2,candidate_1,3,0.02
1578,candidate_3,candidate_2,candidate_1,3,0.02
1579,candidate_3,candidate_2,candidate_1,3,0.02
1580,candidate_3,candidate_2,candidate_1,3,0.02
1581,candidate_3,candidate_2,candidate_1,3,0.02
1582,candidate_3,candidate_2,candidate_1,3,0.02
1583,candidate_3,candidate_2,candidate_1,3,0.02
1584,candidate_3,0,candidate_1,3,0.02
1585,candidate_3,candidate_2,candidate_1,3,0.02
1586,0,candidate_2,candidate_1,3,0.02
1587,candidate_3,candidate_2,candidate_1,3,0.02
1588,0,candidate_2,candidate_1,3,0.02
1589,candidate_3,candidate_2,candidate_1,3,0.02
1590,0,candidate_2,candidate_1,3,0.02
1591,candidate_3,0,candidate_1,3,0.02
1592,candidate_3,candidate_2,candidate_1,3,0.02
1593,candidate_3,candidate_2,candidate_1,3,0.02
1594,candidate_3,0,candidate_1,3,0.02
1595,candidate_3,candidate_2,candidate_1,3,0.02
1596,candidate_3,candidate_2,candidate_1,3,0.02
1597,candidate_3,candidate_2,candidate_1,3,0.02
1598,candidate_3,candidate_2,candidate_1,3,0.02
1599,candidate_3,candidate_2,candidate_1,3,0.02
1600,candidate_3,candidate_2,candidate_1,3,0.02
1601,candidate_3,candidate_2,candidate_1,3,0.02
1602,candidate_3,candidate_2,candidate_1,3,0.02
1603,candidate_3,candidate_2,candidate_1,3,0.02
1604,candidate_3,candidate_2,candidate_1,3,0.02
1605,candidate_3,candidate_2,candidate_1,3,0.02
1606,candidate_3,candidate_2,candidate_1,3,0.02
1607,candidate_3,candidate_2,candidate_1,3,0.02
1608,candidate_3,candidate_2,candidate_1,3,0.02
1609,candidate_3,candidate_2,candidate_1,3,0.02
1610,candidate_3,candidate_2,candidate_1,3,0.02
1611,candidate_3,candidate_2,candidate_1,3,0.02
1612,candidate_3,candidate_2,candidate_1,3,0.02
1613,candidate_3,candidate_2,candidate_1,3,0.02
1614,candidate_3,candidate_2,candidate_1,3,0.02
1615,candidate_3,candidate_2,candidate_1,3,0.02
1616,candidate_3,candidate_2,candidate_1,3,0.02
1617,candidate_3,candidate_2,candidate_1,3,0.02
1618,candidate_3,candidate_2,candidate_1,3,0.02
1619,candidate_3,candidate_2,candidate_1,3,0.02
1620,candidate_3,candidate_2,candidate_1,3,0.02
1621,candidate_3,candidate_2,candidate_1,3,0.02
1622,candidate_3,candidate_2,candidate_1,3,0.02
1623,candidate_3,candidate_2,candidate_1,3,0.02
1624,candidate_3,candidate_2,candidate_1,3,0.02
1625,candidate_3,candidate_2,candidate_1,3,0.02
1626,candidate_3,candidate_2,candidate_1,3,0.02
1627,candidate_3,candidate_2,candidate_1,3,0.02
1628,candidate_3,0,candidate_1,3,0.02
1629,candidate_3,candidate_2,candidate_1,3,0.02
1630,candidate_3,candidate_2,candidate_1,3,0.02
1631,candidate_3,candidate_2,candidate_1,3,0.02
1632,candidate_3,candidate_2,candidate_1,3,0.02
1633,candidate_3,candidate_2,candidate_1,3,0.02
1634,candidate_3,candidate_2,candidate_1,3,0.02
1635,candidate_3,candidate_2,candidate_1,3,0.02
1636,candidate_3,candidate_2,candidate_1,3,0.02
1637,candidate_3,candidate_2,candidate_1,3,0.02
1638,candidate_3,candidate_2,candidate_1,3,0.02
1639,candidate_3,candidate_2,candidate_1,3,0.02
1640,0,candidate_2,candidate_1,3,0.02
1641,candidate_3,candidate_2,candidate_1,3,0.02
1642,candidate_3,candidate_2,candidate_1,3,0.02
1643,candidate_3,candidate_2,candidate_1,3,0.02
1644,candidate_3,candidate_2,candidate_1,3,0.02
1645,candidate_3,candidate_2,candidate_1,3,0.02
1646,candidate_3,candidate_2,candidate_1,3,0.02
1647,candidate_3,candidate_2,candidate_1,3,0.02
1648,candidate_3,candidate_2,candidate_1,3,0.02
1649,candidate_3,candidate_2,candidate_1,3,0.02
1650,candidate_3,candidate_2,candidate_1,3,0.02
1651,candidate_3,candidate_2,candidate_1,3,0.02
1652,candidate_3,candidate_2,candidate_1,3,0.02
1653,candidate_3,candidate_2,candidate_1,3,0.02
1654,candidate_3,candidate_2,candidate_1,3,0.02
1655,candidate_3,candidate_2,candidate_1,3,0.02
1656,candidate_3,candidate_2,candidate_1,3,0.02
1657,candidate_3,candidate_2,candidate_1,3,0.02
1658,candidate_3,candidate_2,candidate_1,3,0.02
1659,candidate_3,candidate_2,candidate_1,3,0.02
1660,candidate_3,0,candidate_1,3,0.02
1661,candidate_3,candidate_2,candidate_1,3,0.02
1662,candidate_3,candidate_2,candidate_1,3,0.02
1663,candidate_3,candidate_2,0,3,0.02
1664,candidate_3,candidate_2,candidate_1,3,0.02
1665,candidate_3,candidate_2,candidate_1,3,0.02
1666,candidate_3,candidate_2,candidate_1,3,0.02
1667,candidate_3,candidate_2,candidate_1,3,0.02
1668,candidate_3,candidate_2,candidate_1,3,0.02
1669,candidate_3,candidate_2,0,3,0.02
1670,candidate_3,candidate_2,candidate_1,3,0.02
1671,candidate_3,candidate_2,candidate_1,3,0.02
1672,candidate_3,candidate_2,candidate_1,3,0.02
1673,candidate_3,candidate_2,candidate_1,3,0.02
1674,candidate_3,candidate_2,candidate_1,3,0.02
1675,candidate_3,candidate_2,candidate_1,3,0.02
1676,candidate_3,candidate_2,candidate_1,3,0.02
1677,candidate_3,candidate_2,candidate_1,3,0.02
1678,candidate_3,candidate_2,candidate_1,3,0.02
1679,candidate_3,candidate_2,candidate_1,3,0.02
1680,candidate_3,0,candidate_1,3,0.02
1681,candidate_3,candidate_2,candidate_1,3,0.02
1682,candidate_3,candidate_2,candidate_1,3,0.02
1683,candidate_3,candidate_2,candidate_1,3,0.02
1684,candidate_3,candidate_2,candidate_1,3,0.02
1685,candidate_3,candidate_2,candidate_1,3,0.02
1686,candidate_3,candidate_2,candidate_1,3,0.02
1687,candidate_3,candidate_2,candidate_1,3,0.02
1688,candidate_3,candidate_2,candidate_1,3,0.02
1689,candidate_3,candidate_2,candidate_1,3,0.02
1690,candidate_3,candidate_2,candidate_1,3,0.02
1691,candidate_3,candidate_2,candidate_1,3,0.02
1692,candidate_3,candidate_2,candidate_1,3,0.02
1693,candidate_3,candidate_2,candidate_1,3,0.02
1694,candidate_3,candidate_2,candidate_1,3,0.02
1695,candidate_3,candidate_2,candidate_1,3,0.02
1696,candidate_3,candidate_2,candidate_1,3,0.02
1697,candidate_3,candidate_2,candidate_1,3,0.02
1698,candidate_3,candidate_2,candidate_1,3,0.02
1699,candidate_3,candidate_2,0,3,0.02
1700,candidate_3,candidate_2,candidate_1,3,0.02
1701,candidate_3,candidate_2,candidate_1,3,0.02
1702,candidate_3,candidate_2,candidate_1,3,0.02
1703,candidate_3,candidate_2,candidate_1,3,0.02
1704,candidate_3,candidate_2,candidate_1,3,0.02
1705,candidate_3,candidate_2,candidate_1,3,0.02
1706,candidate_3,candidate_2,candidate_1,3,0.02
1707,candidate_3,candidate_2,candidate_1,3,0.02
1708,candidate_3,candidate_2,candidate_1,3,0.02
1709,candidate_3,candidate_2,candidate_1,3,0.02
1710,candidate_3,candidate_2,candidate_1,3,0.02
1711,candidate_3,0,candidate_1,3,0.02
1712,candidate_3,candidate_2,candidate_1,3,0.02
1713,candidate_3,candidate_2,candidate_1,3,0.02
1714,candidate_3,candidate_2,candidate_1,3,0.02
1715,candidate_3,candidate_2,candidate_1,3,0.02
1716,candidate_3,candidate_2,candidate_1,3,0.02
1717,candidate_3,candidate_2,candidate_1,3,0.02
1718,candidate_3,candidate_2,candidate_1,3,0.02
1719,candidate_3,candidate_2,candidate_1,3,0.02
1720,candidate_3,candidate_2,candidate_1,3,0.02
1721,candidate_3,candidate_2,candidate_1,3,0.02
1722,candidate_3,candidate_2,candidate_1,3,0.02
1723,candidate_3,candidate_2,candidate_1,3,0.02
1724,candidate_3,candidate_2,candidate_1,3,0.02
1725,candidate_3,candidate_2,candidate_1,3,0.02
1726,candidate_3,candidate_2,0,3,0.02
1727,candidate_3,candidate_2,candidate_1,3,0.02
1728,candidate_3,candidate_2,candidate_1,3,0.02
1729,candidate_3,candidate_2,candidate_1,3,0.02
1730,candidate_3,candidate_2,candidate_1,3,0.02
1731,candidate_3,0,candidate_1,3,0.02
1732,candidate_3,candidate_2,candidate_1,3,0.02
1733,candidate_3,candidate_2,candidate_1,3,0.02
1734,candidate_3,candidate_2,candidate_1,3,0.02
1735,candidate_3,candidate_2,candidate_1,3,0.02
1736,candidate_3,candidate_2,candidate_1,3,0.02
1737,candidate_3,candidate_2,candidate_1,3,0.02
1738,candidate_3,candidate_2,candidate_1,3,0.02
1739,candidate_3,candidate_2,candidate_1,3,0.02
1740,candidate_3,candidate_2,candidate_1,3,0.02
1741,candidate_3,candidate_2,0,3,0.02
1742,candidate_3,candidate_2,candidate_1,3,0.02
1743,candidate_3,candidate_2,candidate_1,3,0.02
1744,candidate_3,candidate_2,candidate_1,3,0.02
1745,candidate_3,candidate_2,candidate_1,3,0.02
1746,candidate_3,candidate_2,candidate_1,3,0.02
1747,candidate_3,candidate_2,0,3,0.02
1748,candidate_3,candidate_2,candidate_1,3,0.02
1749,candidate_3,candidate_2,candidate_1,3,0.02
1750,candidate_3,candidate_2,candidate_1,3,0.02
1751,candidate_3,candidate_2,0,3,0.02
1752,candidate_3,candidate_2,candidate_1,3,0.02
1753,candidate_3,candidate_2,candidate_1,3,0.02
1754,candidate_3,candidate_2,candidate_1,3,0.02
1755,candidate_3,candidate_2,candidate_1,3,0.02
1756,0,candidate_2,candidate_1,3,0.02
1757,candidate_3,candidate_2,candidate_1,3,0.02
1758,candidate_3,candidate_2,candidate_1,3,0.02
1759,candidate_3,candidate_2,candidate_1,3,0.02
1760,candidate_3,candidate_2,candidate_1,3,0.02
1761,candidate_3,candidate_2,candidate_1,3,0.02
1762,candidate_3,candidate_2,candidate_1,3,0.02
1763,candidate_3,candidate_2,candidate_1,3,0.02
1764,candidate_3,candidate_2,candidate_1,3,0.02
1765,candidate_3,0,candidate_1,3,0.02
1766,candidate_3,candidate_2,candidate_1,3,0.02
1767,candidate_3,candidate_2,candidate_1,3,0.02
1768,candidate_3,candidate_2,candidate_1,3,0.02
1769,candidate_3,candidate_2,candidate_1,3,0.02
1770,candidate_3,candidate_2,candidate_1,3,0.02
1771,candidate_3,candidate_2,candidate_1,3,0.02
1772,candidate_3,candidate_2,candidate_1,3,0.02
1773,candidate_3,candidate_2,candidate_1,3,0.02
1774,candidate_3,candidate_2,candidate_1,3,0.02
1775,candidate_3,candidate_2,candidate_1,3,0.02
1776,candidate_3,candidate_2,candidate_1,3,0.02
1777,candidate_3,candidate_2,candidate_1,3,0.02
1778,candidate_3,candidate_2,candidate_1,3,0.02
1779,candidate_3,candidate_2,candidate_1,3,0.02
1780,candidate_3,candidate_2,candidate_1,3,0.02
1781,candidate_3,candidate_2,candidate_1,3,0.02
1782,candidate_3,candidate_2,candidate_1,3,0.02
1783,candidate_3,candidate_2,candidate_1,3,0.02
1784,candidate_3,candidate_2,candidate_1,3,0.02
1785,candidate_3,candidate_2,candidate_1,3,0.02
1786,candidate_3,candidate_2,candidate_1,3,0.02
1787,candidate_3,candidate_2,candidate_1,3,0.02
1788,candidate_3,candidate_2,candidate_1,3,0.02
1789,candidate_3,candidate_2,candidate_1,3,0.02
1790,candidate_3,candidate_2,candidate_1,3,0.02
1791,candidate_3,candidate_2,candidate_1,3,0.02
1792,candidate_3,candidate_2,candidate_1,3,0.02
1793,candidate_3,candidate_2,candidate_1,3,0.02
1794,candidate_3,candidate_2,candidate_1,3,0.02
1795,candidate_3,candidate_2,candidate_1,3,0.02
1796,candidate_3,candidate_2,candidate_1,3,0.02
1797,candidate_3,candidate_2,candidate_1,3,0.02
1798,candidate_3,candidate_2,candidate_1,3,0.02
1799,candidate_3,candidate_2,candidate_1,3,0.02
1800,candidate_3,candidate_2,candidate_1,3,0.02
1801,candidate_3,candidate_2,candidate_1,3,0.02
1802,candidate_3,candidate_2,candidate_1,3,0.02
1803,candidate_3,candidate_2,candidate_1,3,0.02
1804,candidate_3,candidate_2,candidate_1,3,0.02
1805,candidate_3,candidate_2,candidate_1,3,0.02
1806,candidate_3,candidate_2,candidate_1,3,0.02
1807,candidate_3,candidate_2,candidate_1,3,0.02
1808,candidate_3,0,candidate_1,3,0.02
1809,candidate_3,candidate_2,candidate_1,3,0.02
1810,candidate_3,candidate_2,candidate_1,3,0.02
1811,candidate_3,candidate_2,candidate_1,3,0.02
1812,candidate_3,candidate_2,candidate_1,3,0.02
1813,candidate_3,candidate_2,candidate_1,3,0.02
1814,candidate_3,candidate_2,candidate_1,3,0.02
1815,candidate_3,candidate_2,candidate_1,3,0.02
1816,candidate_3,candidate_2,0,3,0.02
1817,candidate_3,candidate_2,candidate_1,3,0.02
1818,candidate_3,candidate_2,candidate_1,3,0.02
1819,candidate_3,candidate_2,candidate_1,3,0.02
1820,candidate_3,candidate_2,candidate_1,3,0.02
1821,candidate_3,candidate_2,candidate_1,3,0.02
1822,candidate_3,candidate_2,candidate_1,3,0.02
1823,candidate_3,candidate_2,candidate_1,3,0.02
1824,candidate_3,candidate_2,candidate_1,3,0.02
1825,candidate_3,candidate_2,candidate_1,3,0.02
1826,candidate_3,candidate_2,candidate_1,3,0.02
1827,candidate_3,candidate_2,candidate_1,3,0.02
1828,candidate_3,candidate_2,candidate_1,3,0.02
1829,candidate_3,candidate_2,candidate_1,3,0.02
1830,candidate_3,candidate_2,candidate_1,3,0.02
1831,candidate_3,candidate_2,candidate_1,3,0.02
1832,candidate_3,candidate_2,candidate_1,3,0.02
1833,candidate_3,candidate_2,candidate_1,3,0.02
1834,candidate_3,candidate_2,candidate_1,3,0.02
1835,candidate_3,candidate_2,candidate_1,3,0.02
1836,candidate_3,candidate_2,candidate_1,3,0.02
1837,candidate_3,candidate_2,candidate_1,3,0.02
1838,candidate_3,candidate_2,candidate_1,3,0.02
1839,candidate_3,candidate_2,candidate_1,3,0.02
1840,candidate_3,candidate_2,candidate_1,3,0.02
1841,candidate_3,candidate_2,candidate_1,3,0.02
1842,candidate_3,candidate_2,candidate_1,3,0.02
1843,candidate_3,candidate_2,candidate_1,3,0.02
1844,candidate_3,candidate_2,candidate_1,3,0.02
1845,candidate_3,candidate_2,candidate_1,3,0.02
1846,candidate_3,candidate_2,candidate_1,3,0.02
1847,candidate_3,candidate_2,candidate_1,3,0.02
1848,candidate_3,candidate_2,candidate_1,3,0.02
1849,candidate_3,candidate_2,candidate_1,3,0.02
1850,candidate_3,candidate_2,candidate_1,3,0.02
1851,candidate_3,candidate_2,candidate_1,3,0.02
1852,candidate_3,candidate_2,candidate_1,3,0.02
1853,candidate_3,candidate_2,candidate_1,3,0.02
1854,candidate_3,candidate_2,candidate_1,3,0.02
1855,candidate_3,candidate_2,candidate_1,3,0.02
1856,candidate_3,candidate_2,candidate_1,3,0.02
1857,candidate_3,candidate_2,candidate_1,3,0.02
1858,candidate_3,candidate_2,candidate_1,3,0.02
1859,candidate_3,candidate_2,candidate_1,3,0.02
1860,candidate_3,candidate_2,candidate_1,3,0.02
1861,candidate_3,candidate_2,candidate_1,3,0.02
1862,candidate_3,candidate_2,candidate_1,3,0.02
1863,candidate_3,candidate_2,candidate_1,3,0.02
1864,candidate_3,candidate_2,candidate_1,3,0.02
1865,candidate_3,candidate_2,candidate_1,3,0.02
1866,candidate_3,candidate_2,candidate_1,3,0.02
1867,candidate_3,candidate_2,candidate_1,3,0.02
1868,candidate_3,candidate_2,candidate_1,3,0.02
1869,candidate_3,candidate_2,candidate_1,3,0.02
1870,candidate_3,candidate_2,candidate_1,3,0.02
1871,candidate_3,candidate_2,candidate_1,3,0.02
1872,candidate_3,candidate_2,candidate_1,3,0.02
1873,candidate_3,candidate_2,candidate_1,3,0.02
1874,candidate_3,candidate_2,candidate_1,3,0.02
1875,candidate_3,candidate_2,candidate_1,3,0.02
1876,candidate_3,candidate_2,candidate_1,3,0.02
1877,candidate_3,0,candidate_1,3,0.02
1878,candidate_3,candidate_2,candidate_1,3,0.02
1879,candidate_3,candidate_2,candidate_1,3,0.02
1880,candidate_3,candidate_2,candidate_1,3,0.02
1881,candidate_3,candidate_2,candidate_1,3,0.02
1882,candidate_3,candidate_2,candidate_1,3,0.02
1883,candidate_3,candidate_2,candidate_1,3,0.02
1884,candidate_3,candidate_2,candidate_1,3,0.02
1885,candidate_3,candidate_2,candidate_1,3,0.02
1886,candidate_3,candidate_2,candidate_1,3,0.02
1887,candidate_3,candidate_2,candidate_1,3,0.02
1888,candidate_3,candidate_2,candidate_1,3,0.02
1889,candidate_3,candidate_2,candidate_1,3,0.02
1890,candidate_3,candidate_2,candidate_1,3,0.02
1891,candidate_3,candidate_2,candidate_1,3,0.02
1892,candidate_3,candidate_2,candidate_1,3,0.02
1893,candidate_3,candidate_2,candidate_1,3,0.02
1894,candidate_3,candidate_2,candidate_1,3,0.02
1895,candidate_3,candidate_2,candidate_1,3,0.02
1896,candidate_3,candidate_2,candidate_1,3,0.02
1897,candidate_3,candidate_2,candidate_1,3,0.02
1898,candidate_3,candidate_2,candidate_1,3,0.02
1899,candidate_3,candidate_2,candidate_1,3,0.02
1900,candidate_3,candidate_2,candidate_1,3,0.02
1901,candidate_3,candidate_2,candidate_1,3,0.02
1902,candidate_3,candidate_2,candidate_1,3,0.02
1903,candidate_3,candidate_2,candidate_1,3,0.02
1904,candidate_3,candidate_2,candidate_1,3,0.02
1905,candidate_3,candidate_2,candidate_1,3,0.02
1906,candidate_3,candidate_2,candidate_1,3,0.02
1907,candidate_3,candidate_2,candidate_1,3,0.02
1908,candidate_3,candidate_2,candidate_1,3,0.02
1909,candidate_3,candidate_2,candidate_1,3,0.02
1910,candidate_3,candidate_2,candidate_1,3,0.02
1911,candidate_3,candidate_2,candidate_1,3,0.02
1912,candidate_3,candidate_2,candidate_1,3,0.02
1913,candidate_3,candidate_2,candidate_1,3,0.02
1914,candidate_3,candidate_2,candidate_1,3,0.02
1915,candidate_3,candidate_2,candidate_1,3,0.02
1916,candidate_3,candidate_2,candidate_1,3,0.02
1917,candidate_3,candidate_2,candidate_1,3,0.02
1918,candidate_3,candidate_2,candidate_1,3,0.02
1919,candidate_3,candidate_2,candidate_1,3,0.02
1920,candidate_3,candidate_2,candidate_1,3,0.02
1921,candidate_3,candidate_2,candidate_1,3,0.02
1922,candidate_3,candidate_2,candidate_1,3,0.02
1923,candidate_3,candidate_2,candidate_1,3,0.02
1924,candidate_3,candidate_2,candidate_1,3,0.02
1925,candidate_3,candidate_2,candidate_1,3,0.02
1926,candidate_3,candidate_2,candidate_1,3,0.02
1927,candidate_3,candidate_2,candidate_1,3,0.02
1928,candidate_3,candidate_2,candidate_1,3,0.02
1929,candidate_3,candidate_2,candidate_1,3,0.02
1930,candidate_3,candidate_2,candidate_1,3,0.02
1931,candidate_3,candidate_2,candidate_1,3,0.02
1932,candidate_3,candidate_2,candidate_1,3,0.02
1933,candidate_3,candidate_2,candidate_1,3,0.02
1934,candidate_3,candidate_2,candidate_1,3,0.02
1935,candidate_3,candidate_2,candidate_1,3,0.02
1936,candidate_3,candidate_2,candidate_1,3,0.02
1937,candidate_3,candidate_2,candidate_1,3,0.02
1938,candidate_3,candidate_2,candidate_1,3,0.02
1939,candidate_3,candidate_2,candidate_1,3,0.02
1940,candidate_3,candidate_2,candidate_1,3,0.02
1941,candidate_3,candidate_2,candidate_1,3,0.02
1942,candidate_3,candidate_2,candidate_1,3,0.02
1943,candidate_3,candidate_2,candidate_1,3,0.02
1944,candidate_3,candidate_2,candidate_1,3,0.02
1945,candidate_3,candidate_2,candidate_1,3,0.02
1946,candidate_3,candidate_2,candidate_1,3,0.02
1947,candidate_3,candidate_2,candidate_1,3,0.02
1948,candidate_3,candidate_2,candidate_1,3,0.02
1949,candidate_3,candidate_2,candidate_1,3,0.02
1950,candidate_3,candidate_2,candidate_1,3,0.02
1951,candidate_3,candidate_2,candidate_1,3,0.02
1952,candidate_3,candidate_2,candidate_1,3,0.02
1953,candidate_3,candidate_2,candidate_1,3,0.02
1954,candidate_3,candidate_2,candidate_1,3,0.02
1955,candidate_3,candidate_2,candidate_1,3,0.02
1956,candidate_3,candidate_2,candidate_1,3,0.02
1957,candidate_3,candidate_2,candidate_1,3,0.02
1958,candidate_3,candidate_2,candidate_1,3,0.02
1959,candidate_3,candidate_2,candidate_1,3,0.02
1960,candidate_3,candidate_2,candidate_1,3,0.02
1961,candidate_3,candidate_2,candidate_1,3,0.02
1962,candidate_3,candidate_2,candidate_1,3,0.02
1963,candidate_3,candidate_2,candidate_1,3,0.02
1964,candidate_3,candidate_2,candidate_1,3,0.02
1965,candidate_3,candidate_2,candidate_1,3,0.02
1966,candidate_3,candidate_2,candidate_1,3,0.02
1967,candidate_3,candidate_2,candidate_1,3,0.02
1968,candidate_3,candidate_2,candidate_1,3,0.02
1969,candidate_3,candidate_2,candidate_1,3,0.02
1970,candidate_3,candidate_2,candidate_1,3,0.02
1971,candidate_3,candidate_2,candidate_1,3,0.02
1972,candidate_3,candidate_2,0,3,0.02
1973,candidate_3,candidate_2,0,3,0.02
1974,candidate_3,candidate_2,candidate_1,3,0.02
1975,candidate_3,candidate_2,candidate_1,3,0.02
1976,candidate_3,candidate_2,candidate_1,3,0.02
1977,candidate_3,candidate_2,candidate_1,3,0.02
1978,candidate_3,candidate_2,candidate_1,3,0.02
1979,candidate_3,candidate_2,candidate_1,3,0.02
1980,candidate_3,candidate_2,candidate_1,3,0.02
1981,candidate_3,candidate_2,candidate_1,3,0.02
1982,candidate_3,candidate_2,candidate_1,3,0.02
1983,candidate_3,candidate_2,candidate_1,3,0.02
1984,candidate_3,candidate_2,candidate_1,3,0.02
1985,candidate_3,candidate_2,candidate_1,3,0.02
1986,candidate_3,0,candidate_1,3,0.02
1987,candidate_3,candidate_2,candidate_1,3,0.02
1988,candidate_3,candidate_2,candidate_1,3,0.02
1989,candidate_3,candidate_2,candidate_1,3,0.02
1990,candidate_3,candidate_2,candidate_1,3,0.02
1991,candidate_3,candidate_2,candidate_1,3,0.02
1992,candidate_3,candidate_2,candidate_1,3,0.02
1993,candidate_3,candidate_2,candidate_1,3,0.02
1994,candidate_3,candidate_2,candidate_1,3,0.02
1995,candidate_3,candidate_2,candidate_1,3,0.02
1996,candidate_3,candidate_2,candidate_1,3,0.02
1997,candidate_3,candidate_2,candidate_1,3,0.02
1998,candidate_3,candidate_2,candidate_1,3,0.02
1999,candidate_3,candidate_2,candidate_1,3,0.02
2000,candidate_3,candidate_2,candidate_1,3,0.02
2001,candidate_3,candidate_2,candidate_1,3,0.02
2002,candidate_3,0,candidate_1,3,0.02
2003,candidate_3,candidate_2,candidate_1,3,0.02
2004,candidate_3,candidate_2,candidate_1,3,0.02
2005,candidate_3,candidate_2,candidate_1,3,0.02
2006,candidate_3,candidate_2,candidate_1,3,0.02
2007,candidate_3,candidate_2,candidate_1,3,0.02
2008,candidate_3,candidate_2,candidate_1,3,0.02
2009,candidate_3,candidate_2,candidate_1,3,0.02
2010,candidate_3,candidate_2,candidate_1,3,0.02
2011,candidate_3,candidate_2,candidate_1,3,0.02
2012,candidate_3,candidate_2,candidate_1,3,0.02
2013,candidate_3,candidate_2,candidate_1,3,0.02
2014,candidate_3,candidate_2,candidate_1,3,0.02
2015,candidate_3,candidate_2,candidate_1,3,0.02
2016,candidate_3,candidate_2,candidate_1,3,0.02
2017,candidate_3,candidate_2,candidate_1,3,0.02
2018,candidate_3,candidate_2,candidate_1,3,0.02
2019,candidate_3,candidate_2,candidate_1,3,0.02
2020,candidate_3,candidate_2,candidate_1,3,0.02
2021,candidate_3,candidate_2,candidate_1,3,0.02
2022,candidate_3,candidate_2,candidate_1,3,0.02
2023,candidate_3,candidate_2,candidate_1,3,0.02
2024,candidate_3,candidate_2,candidate_1,3,0.02
2025,candidate_3,candidate_2,candidate_1,3,0.02
2026,candidate_3,candidate_2,candidate_1,3,0.02
2027,candidate_3,candidate_2,candidate_1,3,0.02
2028,candidate_3,candidate_2,candidate_1,3,0.02
2029,candidate_3,candidate_2,candidate_1,3,0.02
2030,candidate_3,candidate_2,0,3,0.02
2031,candidate_3,0,candidate_1,3,0.02
2032,candidate_3,candidate_2,candidate_1,3,0.02
2033,candidate_3,candidate_2,candidate_1,3,0.02
2034,candidate_3,candidate_2,candidate_1,3,0.02
2035,candidate_3,candidate_2,candidate_1,3,0.02
2036,candidate_3,candidate_2,candidate_1,3,0.02
2037,candidate_3,candidate_2,candidate_1,3,0.02
2038,candidate_3,candidate_2,candidate_1,3,0.02
2039,candidate_3,candidate_2,candidate_1,3,0.02
2040,candidate_3,candidate_2,candidate_1,3,0.02
2041,candidate_3,candidate_2,candidate_1,3,0.02
2042,candidate_3,candidate_2,candidate_1,3,0.02
2043,candidate_3,candidate_2,candidate_1,3,0.02
2044,candidate_3,candidate_2,candidate_1,3,0.02
2045,candidate_3,candidate_2,candidate_1,3,0.02
2046,candidate_3,candidate_2,candidate_1,3,0.02
2047,candidate_3,candidate_2,candidate_1,3,0.02
2048,candidate_3,candidate_2,candidate_1,3,0.02
2049,candidate_3,candidate_2,candidate_1,3,0.02
2050,candidate_3,candidate_2,candidate_1,3,0.02
2051,candidate_3,candidate_2,candidate_1,3,0.02
2052,candidate_3,candidate_2,candidate_1,3,0.02
2053,candidate_3,0,candidate_1,3,0.02
2054,candidate_3,candidate_2,candidate_1,3,0.02
2055,candidate_3,candidate_2,candidate_1,3,0.02
2056,0,candidate_2,candidate_1,3,0.02
2057,candidate_3,candidate_2,candidate_1,3,0.02
2058,candidate_3,candidate_2,candidate_1,3,0.02
2059,candidate_3,candidate_2,candidate_1,3,0.02
2060,candidate_3,candidate_2,candidate_1,3,0.02
2061,candidate_3,candidate_2,candidate_1,3,0.02
2062,candidate_3,candidate_2,candidate_1,3,0.02
2063,candidate_3,candidate_2,candidate_1,3,0.02
2064,candidate_3,candidate_2,candidate_1,3,0.02
2065,candidate_3,candidate_2,candidate_1,3,0.02
2066,candidate_3,candidate_2,candidate_1,3,0.02
2067,candidate_3,candidate_2,candidate_1,3,0.02
2068,candidate_3,candidate_2,candidate_1,3,0.02
2069,candidate_3,candidate_2,candidate_1,3,0.02
2070,candidate_3,candidate_2,candidate_1,3,0.02
2071,candidate_3,candidate_2,candidate_1,3,0.02
2072,candidate_3,candidate_2,candidate_1,3,0.02
2073,candidate_3,candidate_2,candidate_1,3,0.02
2074,candidate_3,candidate_2,candidate_1,3,0.02
2075,candidate_3,candidate_2,candidate_1,3,0.02
2076,candidate_3,0,candidate_1,3,0.02
2077,candidate_3,candidate_2,candidate_1,3,0.02
2078,candidate_3,0,candidate_1,3,0.02
2079,candidate_3,candidate_2,candidate_1,3,0.02
2080,candidate_3,candidate_2,candidate_1,3,0.02
2081,candidate_3,candidate_2,candidate_1,3,0.02
2082,candidate_3,candidate_2,candidate_1,3,0.02
2083,candidate_3,candidate_2,candidate_1,3,0.02
2084,candidate_3,candidate_2,candidate_1,3,0.02
2085,candidate_3,candidate_2,candidate_1,3,0.02
2086,candidate_3,candidate_2,candidate_1,3,0.02
2087,candidate_3,candidate_2,candidate_1,3,0.02
2088,candidate_3,candidate_2,candidate_1,3,0.02
2089,candidate_3,candidate_2,candidate_1,3,0.02
2090,candidate_3,candidate_2,candidate_1,3,0.02
2091,candidate_3,candidate_2,candidate_1,3,0.02
2092,candidate_3,candidate_2,candidate_1,3,0.02
2093,candidate_3,candidate_2,candidate_1,3,0.02
2094,candidate_3,candidate_2,candidate_1,3,0.02
2095,candidate_3,candidate_2,candidate_1,3,0.02
2096,candidate_3,candidate_2,candidate_1,3,0.02
2097,candidate_3,candidate_2,candidate_1,3,0.02
2098,candidate_3,candidate_2,candidate_1,3,0.02
2099,candidate_3,candidate_2,candidate_1,3,0.02
2100,candidate_3,candidate_2,candidate_1,3,0.02
2101,candidate_3,candidate_2,candidate_1,3,0.02
2102,candidate_3,candidate_2,candidate_1,3,0.02
2103,candidate_3,0,candidate_1,3,0.02
2104,candidate_3,candidate_2,candidate_1,3,0.02
2105,candidate_3,candidate_2,candidate_1,3,0.02
2106,candidate_3,candidate_2,candidate_1,3,0.02
2107,candidate_3,candidate_2,candidate_1,3,0.02
2108,candidate_3,candidate_2,candidate_1,3,0.02
2109,candidate_3,candidate_2,candidate_1,3,0.02
2110,candidate_3,candidate_2,candidate_1,3,0.02
2111,candidate_3,candidate_2,candidate_1,3,0.02
2112,candidate_3,candidate_2,candidate_1,3,0.02
2113,candidate_3,candidate_2,candidate_1,3,0.02
2114,candidate_3,candidate_2,candidate_1,3,0.02
2115,candidate_3,candidate_2,candidate_1,3,0.02
2116,candidate_3,candidate_2,candidate_1,3,0.02
2117,candidate_3,candidate_2,candidate_1,3,0.02
2118,candidate_3,0,candidate_1,3,0.02
2119,candidate_3,candidate_2,candidate_1,3,0.02
2120,candidate_3,candidate_2,candidate_1,3,0.02
2121,candidate_3,candidate_2,candidate_1,3,0.02
2122,candidate_3,candidate_2,candidate_1,3,0.02
2123,candidate_3,candidate_2,candidate_1,3,0.02
2124,candidate_3,candidate_2,candidate_1,3,0.02
2125,candidate_3,candidate_2,candidate_1,3,0.02
2126,candidate_3,candidate_2,candidate_1,3,0.02
2127,candidate_3,candidate_2,candidate_1,3,0.02
2128,candidate_3,candidate_2,candidate_1,3,0.02
2129,candidate_3,candidate_2,candidate_1,3,0.02
2130,candidate_3,candidate_2,candidate_1,3,0.02
2131,candidate_3,candidate_2,candidate_1,3,0.02
2132,candidate_3,0,candidate_1,3,0.02
2133,candidate_3,candidate_2,candidate_1,3,0.02
2134,candidate_3,candidate_2,candidate_1,3,0.02
2135,candidate_3,candidate_2,candidate_1,3,0.02
2136,candidate_3,candidate_2,candidate_1,3,0.02
2137,candidate_3,candidate_2,candidate_1,3,0.02
2138,candidate_3,candidate_2,candidate_1,3,0.02
2139,candidate_3,candidate_2,candidate_1,3,0.02
2140,candidate_3,candidate_2,candidate_1,3,0.02
2141,candidate_3,candidate_2,candidate_1,3,0.02
2142,candidate_3,candidate_2,candidate_1,3,0.02
2143,candidate_3,candidate_2,candidate_1,3,0.02
2144,candidate_3,candidate_2,candidate_1,3,0.02
2145,candidate_3,candidate_2,candidate_1,3,0.02
2146,candidate_3,candidate_2,candidate_1,3,0.02
2147,candidate_3,candidate_2,candidate_1,3,0.02
2148,candidate_3,candidate_2,candidate_1,3,0.02
2149,candidate_3,candidate_2,candidate_1,3,0.02
2150,candidate_3,candidate_2,candidate_1,3,0.02
2151,candidate_3,candidate_2,candidate_1,3,0.02
2152,candidate_3,candidate_2,candidate_1,3,0.02
2153,candidate_3,candidate_2,candidate_1,3,0.02
2154,candidate_3,candidate_2,candidate_1,3,0.02
2155,candidate_3,candidate_2,candidate_1,3,0.02
2156,candidate_3,candidate_2,candidate_1,3,0.02
2157,candidate_3,candidate_2,candidate_1,3,0.02
2158,candidate_3,candidate_2,candidate_1,3,0.02
2159,candidate_3,candidate_2,candidate_1,3,0.02
2160,candidate_3,candidate_2,candidate_1,3,0.02
2161,candidate_3,candidate_2,candidate_1,3,0.02
2162,candidate_3,candidate_2,candidate_1,3,0.02
2163,candidate_3,candidate_2,candidate_1,3,0.02
2164,candidate_3,candidate_2,candidate_1,3,0.02
2165,candidate_3,candidate_2,candidate_1,3,0.02
2166,candidate_3,candidate_2,candidate_1,3,0.02
2167,candidate_3,candidate_2,candidate_1,3,0.02
2168,candidate_3,candidate_2,candidate_1,3,0.02
2169,candidate_3,candidate_2,candidate_1,3,0.02
2170,candidate_3,candidate_2,candidate_1,3,0.02
2171,candidate_3,candidate_2,candidate_1,3,0.02
2172,candidate_3,candidate_2,0,3,0.02
2173,candidate_3,candidate_2,candidate_1,3,0.02
2174,candidate_3,candidate_2,candidate_1,3,0.02
2175,candidate_3,candidate_2,candidate_1,3,0.02
2176,candidate_3,candidate_2,candidate_1,3,0.02
2177,candidate_3,candidate_2,candidate_1,3,0.02
2178,candidate_3,candidate_2,candidate_1,3,0.02
2179,candidate_3,candidate_2,candidate_1,3,0.02
2180,candidate_3,candidate_2,candidate_1,3,0.02
2181,candidate_3,candidate_2,candidate_1,3,0.02
2182,candidate_3,candidate_2,candidate_1,3,0.02
2183,candidate_3,candidate_2,candidate_1,3,0.02
2184,candidate_3,candidate_2,candidate_1,3,0.02
2185,candidate_3,candidate_2,candidate_1,3,0.02
2186,0,candidate_2,candidate_1,3,0.02
2187,candidate_3,candidate_2,candidate_1,3,0.02
2188,candidate_3,candidate_2,candidate_1,3,0.02
2189,candidate_3,candidate_2,candidate_1,3,0.02
2190,candidate_3,candidate_2,candidate_1,3,0.02
2191,candidate_3,candidate_2,candidate_1,3,0.02
2192,candidate_3,candidate_2,candidate_1,3,0.02
2193,candidate_3,candidate_2,candidate_1,3,0.02
2194,candidate_3,candidate_2,candidate_1,3,0.02
2195,candidate_3,candidate_2,candidate_1,3,0.02
2196,candidate_3,candidate_2,0,3,0.02
2197,candidate_3,candidate_2,candidate_1,3,0.02
2198,candidate_3,candidate_2,candidate_1,3,0.02
2199,candidate_3,candidate_2,candidate_1,3,0.02
2200,candidate_3,candidate_2,candidate_1,3,0.02
2201,candidate_3,candidate_2,candidate_1,3,0.02
2202,candidate_3,candidate_2,candidate_1,3,0.02
2203,candidate_3,candidate_2,candidate_1,3,0.02
2204,candidate_3,candidate_2,candidate_1,3,0.02
2205,0,candidate_2,candidate_1,3,0.02
2206,candidate_3,candidate_2,candidate_1,3,0.02
2207,candidate_3,candidate_2,candidate_1,3,0.02
2208,candidate_3,candidate_2,0,3,0.02
2209,candidate_3,candidate_2,candidate_1,3,0.02
2210,candidate_3,candidate_2,candidate_1,3,0.02
2211,candidate_3,candidate_2,candidate_1,3,0.02
2212,candidate_3,candidate_2,candidate_1,3,0.02
2213,candidate_3,candidate_2,candidate_1,3,0.02
2214,candidate_3,candidate_2,candidate_1,3,0.02
2215,candidate_3,candidate_2,candidate_1,3,0.02
2216,candidate_3,candidate_2,candidate_1,3,0.02
2217,candidate_3,candidate_2,candidate_1,3,0.02
2218,candidate_3,candidate_2,candidate_1,3,0.02
2219,candidate_3,candidate_2,candidate_1,3,0.02
2220,candidate_3,candidate_2,candidate_1,3,0.02
2221,candidate_3,candidate_2,candidate_1,3,0.02
2222,candidate_3,candidate_2,candidate_1,3,0.02
2223,candidate_3,candidate_2,candidate_1,3,0.02
2224,candidate_3,candidate_2,candidate_1,3,0.02
2225,candidate_3,candidate_2,candidate_1,3,0.02
2226,candidate_3,candidate_2,candidate_1,3,0.02
2227,candidate_3,candidate_2,candidate_1,3,0.02
2228,candidate_3,candidate_2,candidate_1,3,0.02
2229,candidate_3,candidate_2,candidate_1,3,0.02
2230,candidate_3,candidate_2,candidate_1,3,0.02
2231,candidate_3,candidate_2,candidate_1,3,0.02
2232,candidate_3,candidate_2,candidate_1,3,0.02
2233,candidate_3,candidate_2,candidate_1,3,0.02
2234,candidate_3,candidate_2,candidate_1,3,0.02
2235,candidate_3,candidate_2,candidate_1,3,0.02
2236,candidate_3,candidate_2,candidate_1,3,0.02
2237,candidate_3,candidate_2,candidate_1,3,0.02
2238,candidate_3,candidate_2,candidate_1,3,0.02
2239,candidate_3,candidate_2,candidate_1,3,0.02
2240,candidate_3,candidate_2,candidate_1,3,0.02
2241,candidate_3,candidate_2,candidate_1,3,0.02
2242,candidate_3,candidate_2,candidate_1,3,0.02
2243,candidate_3,candidate_2,candidate_1,3,0.02
2244,candidate_3,candidate_2,candidate_1,3,0.02
2245,candidate_3,candidate_2,candidate_1,3,0.02
2246,candidate_3,candidate_2,candidate_1,3,0.02
2247,candidate_3,candidate_2,candidate_1,3,0.02
2248,candidate_3,candidate_2,candidate_1,3,0.02
2249,candidate_3,candidate_2,candidate_1,3,0.02
2250,candidate_3,candidate_2,candidate_1,3,0.02
2251,candidate_3,candidate_2,0,3,0.02
2252,candidate_3,candidate_2,candidate_1,3,0.02
2253,candidate_3,candidate_2,candidate_1,3,0.02
2254,candidate_3,candidate_2,candidate_1,3,0.02
2255,candidate_3,candidate_2,candidate_1,3,0.02
2256,candidate_3,candidate_2,candidate_1,3,0.02
2257,candidate_3,candidate_2,candidate_1,3,0.02
2258,candidate_3,candidate_2,candidate_1,3,0.02
2259,candidate_3,candidate_2,candidate_1,3,0.02
2260,candidate_3,candidate_2,candidate_1,3,0.02
2261,candidate_3,candidate_2,candidate_1,3,0.02
2262,candidate_3,candidate_2,candidate_1,3,0.02
2263,candidate_3,candidate_2,candidate_1,3,0.02
2264,candidate_3,candidate_2,candidate_1,3,0.02
2265,candidate_3,candidate_2,candidate_1,3,0.02
2266,candidate_3,candidate_2,candidate_1,3,0.02
2267,candidate_3,candidate_2,candidate_1,3,0.02
2268,candidate_3,candidate_2,candidate_1,3,0.02
2269,candidate_3,candidate_2,candidate_1,3,0.02
2270,candidate_3,candidate_2,candidate_1,3,0.02
2271,candidate_3,candidate_2,candidate_1,3,0.02
2272,candidate_3,candidate_2,candidate_1,3,0.02
2273,candidate_3,candidate_2,candidate_1,3,0.02
2274,candidate_3,candidate_2,candidate_1,3,0.02
2275,candidate_3,candidate_2,candidate_1,3,0.02
2276,candidate_3,candidate_2,candidate_1,3,0.02
2277,candidate_3,candidate_2,candidate_1,3,0.02
2278,candidate_3,candidate_2,candidate_1,3,0.02
2279,candidate_3,candidate_2,candidate_1,3,0.02
2280,candidate_3,candidate_2,candidate_1,3,0.02
2281,candidate_3,candidate_2,candidate_1,3,0.02
2282,candidate_3,candidate_2,candidate_1,3,0.02
2283,candidate_3,candidate_2,candidate_1,3,0.02
2284,0,candidate_2,candidate_1,3,0.02
2285,candidate_3,candidate_2,candidate_1,3,0.02
2286,candidate_3,candidate_2,candidate_1,3,0.02
2287,candidate_3,candidate_2,candidate_1,3,0.02
2288,candidate_3,candidate_2,candidate_1,3,0.02
2289,0,candidate_2,candidate_1,3,0.02
2290,candidate_3,candidate_2,candidate_1,3,0.02
2291,candidate_3,candidate_2,candidate_1,3,0.02
2292,candidate_3,candidate_2,candidate_1,3,0.02
2293,candidate_3,candidate_2,candidate_1,3,0.02
2294,candidate_3,candidate_2,candidate_1,3,0.02
2295,candidate_3,candidate_2,candidate_1,3,0.02
2296,candidate_3,candidate_2,candidate_1,3,0.02
2297,candidate_3,candidate_2,candidate_1,3,0.02
2298,candidate_3,candidate_2,candidate_1,3,0.02
2299,candidate_3,candidate_2,candidate_1,3,0.02
2300,candidate_3,candidate_2,candidate_1,3,0.02
2301,candidate_3,candidate_2,candidate_1,3,0.02
2302,candidate_3,candidate_2,candidate_1,3,0.02
2303,candidate_3,candidate_2,candidate_1,3,0.02
2304,candidate_3,candidate_2,candidate_1,3,0.02
2305,candidate_3,candidate_2,candidate_1,3,0.02
2306,candidate_3,candidate_2,candidate_1,3,0.02
2307,candidate_3,candidate_2,candidate_1,3,0.02
2308,candidate_3,candidate_2,candidate_1,3,0.02
2309,candidate_3,candidate_2,candidate_1,3,0.02
2310,candidate_3,candidate_2,candidate_1,3,0.02
2311,candidate_3,candidate_2,candidate_1,3,0.02
2312,candidate_3,candidate_2,candidate_1,3,0.02
2313,candidate_3,candidate_2,candidate_1,3,0.02
2314,candidate_3,candidate_2,candidate_1,3,0.02
2315,candidate_3,candidate_2,candidate_1,3,0.02
2316,candidate_3,candidate_2,candidate_1,3,0.02
2317,candidate_3,candidate_2,candidate_1,3,0.02
2318,candidate_3,candidate_2,candidate_1,3,0.02
2319,candidate_3,candidate_2,candidate_1,3,0.02
2320,candidate_3,candidate_2,candidate_1,3,0.02
2321,candidate_3,candidate_2,candidate_1,3,0.02
2322,candidate_3,candidate_2,candidate_1,3,0.02
2323,candidate_3,candidate_2,candidate_1,3,0.02
2324,candidate_3,candidate_2,candidate_1,3,0.02
2325,candidate_3,candidate_2,candidate_1,3,0.02
2326,candidate_3,candidate_2,candidate_1,3,0.02
2327,candidate_3,candidate_2,candidate_1,3,0.02
2328,candidate_3,candidate_2,candidate_1,3,0.02
2329,candidate_3,candidate_2,candidate_1,3,0.02
2330,candidate_3,candidate_2,candidate_1,3,0.02
2331,candidate_3,candidate_2,candidate_1,3,0.02
2332,candidate_3,candidate_2,candidate_1,3,0.02
2333,candidate_3,candidate_2,candidate_1,3,0.02
2334,candidate_3,candidate_2,0,3,0.02
2335,candidate_3,candidate_2,candidate_1,3,0.02
2336,candidate_3,candidate_2,candidate_1,3,0.02
2337,candidate_3,candidate_2,candidate_1,3,0.02
2338,candidate_3,candidate_2,candidate_1,3,0.02
2339,candidate_3,candidate_2,candidate_1,3,0.02
2340,candidate_3,candidate_2,candidate_1,3,0.02
2341,candidate_3,candidate_2,candidate_1,3,0.02
2342,candidate_3,candidate_2,candidate_1,3,0.02
2343,candidate_3,candidate_2,candidate_1,3,0.02
2344,candidate_3,candidate_2,candidate_1,3,0.02
2345,candidate_3,candidate_2,candidate_1,3,0.02
2346,candidate_3,candidate_2,candidate_1,3,0.02
2347,candidate_3,candidate_2,candidate_1,3,0.02
2348,candidate_3,candidate_2,candidate_1,3,0.02
2349,candidate_3,candidate_2,candidate_1,3,0.02
2350,candidate_3,candidate_2,candidate_1,3,0.02
2351,candidate_3,candidate_2,candidate_1,3,0.02
2352,candidate_3,candidate_2,candidate_1,3,0.02
2353,candidate_3,candidate_2,candidate_1,3,0.02
2354,candidate_3,candidate_2,candidate_1,3,0.02
2355,candidate_3,candidate_2,candidate_1,3,0.02
2356,candidate_3,candidate_2,candidate_1,3,0.02
2357,candidate_3,candidate_2,candidate_1,3,0.02
2358,candidate_3,candidate_2,candidate_1,3,0.02
2359,candidate_3,candidate_2,candidate_1,3,0.02
2360,candidate_3,candidate_2,candidate_1,3,0.02
2361,candidate_3,candidate_2,candidate_1,3,0.02
2362,candidate_3,candidate_2,candidate_1,3,0.02
2363,candidate_3,candidate_2,candidate_1,3,0.02
2364,candidate_3,candidate_2,candidate_1,3,0.02
2365,candidate_3,candidate_2,candidate_1,3,0.02
2366,candidate_3,candidate_2,candidate_1,3,0.02
2367,candidate_3,candidate_2,candidate_1,3,0.02
2368,candidate_3,candidate_2,candidate_1,3,0.02
2369,candidate_3,candidate_2,candidate_1,3,0.02
2370,candidate_3,candidate_2,candidate_1,3,0.02
2371,candidate_3,candidate_2,candidate_1,3,0.02
2372,0,candidate_2,candidate_1,3,0.02
2373,candidate_3,candidate_2,candidate_1,3,0.02
2374,candidate_3,candidate_2,candidate_1,3,0.02
2375,candidate_3,candidate_2,candidate_1,3,0.02
2376,candidate_3,candidate_2,candidate_1,3,0.02
2377,candidate_3,candidate_2,candidate_1,3,0.02
2378,candidate_3,candidate_2,candidate_1,3,0.02
2379,candidate_3,candidate_2,candidate_1,3,0.02
2380,candidate_3,candidate_2,candidate_1,3,0.02
2381,candidate_3,candidate_2,0,3,0.02
2382,candidate_3,candidate_2,candidate_1,3,0.02
2383,candidate_3,candidate_2,candidate_1,3,0.02
2384,candidate_3,candidate_2,candidate_1,3,0.02
2385,candidate_3,candidate_2,candidate_1,3,0.02
2386,candidate_3,candidate_2,candidate_1,3,0.02
2387,candidate_3,candidate_2,candidate_1,3,0.02
2388,candidate_3,candidate_2,candidate_1,3,0.02
2389,candidate_3,candidate_2,candidate_1,3,0.02
2390,candidate_3,candidate_2,candidate_1,3,0.02
2391,candidate_3,candidate_2,candidate_1,3,0.02
2392,candidate_3,candidate_2,candidate_1,3,0.02
2393,candidate_3,candidate_2,candidate_1,3,0.02
2394,candidate_3,candidate_2,candidate_1,3,0.02
2395,candidate_3,candidate_2,candidate_1,3,0.02
2396,candidate_3,candidate_2,candidate_1,3,0.02
2397,candidate_3,candidate_2,candidate_1,3,0.02
2398,candidate_3,candidate_2,candidate_1,3,0.02
2399,candidate_3,candidate_2,candidate_1,3,0.02
2400,candidate_3,candidate_2,candidate_1,3,0.02
2401,candidate_3,candidate_2,candidate_1,3,0.02
2402,candidate_3,candidate_2,candidate_1,3,0.02
2403,candidate_3,candidate_2,candidate_1,3,0.02
2404,candidate_3,candidate_2,candidate_1,3,0.02
2405,candidate_3,candidate_2,candidate_1,3,0.02
2406,candidate_3,candidate_2,candidate_1,3,0.02
2407,candidate_3,candidate_2,candidate_1,3,0.02
2408,candidate_3,candidate_2,0,3,0.02
2409,candidate_3,candidate_2,candidate_1,3,0.02
2410,candidate_3,candidate_2,candidate_1,3,0.02
2411,candidate_3,candidate_2,candidate_1,3,0.02
2412,candidate_3,candidate_2,candidate_1,3,0.02
2413,candidate_3,candidate_2,candidate_1,3,0.02
2414,candidate_3,candidate_2,candidate_1,3,0.02
2415,candidate_3,candidate_2,candidate_1,3,0.02
2416,candidate_3,candidate_2,candidate_1,3,0.02
2417,candidate_3,candidate_2,candidate_1,3,0.02
2418,candidate_3,candidate_2,candidate_1,3,0.02
2419,candidate_3,candidate_2,candidate_1,3,0.02
2420,candidate_3,candidate_2,candidate_1,3,0.02
2421,candidate_3,candidate_2,candidate_1,3,0.02
2422,candidate_3,candidate_2,candidate_1,3,0.02
2423,candidate_3,candidate_2,candidate_1,3,0.02
2424,candidate_3,candidate_2,candidate_1,3,0.02
2425,candidate_3,candidate_2,candidate_1,3,0.02
2426,candidate_3,candidate_2,candidate_1,3,0.02
2427,candidate_3,candidate_2,candidate_1,3,0.02
2428,candidate_3,candidate_2,candidate_1,3,0.02
2429,candidate_3,candidate_2,candidate_1,3,0.02
2430,candidate_3,candidate_2,candidate_1,3,0.02
2431,candidate_3,candidate_2,candidate_1,3,0.02
2432,candidate_3,candidate_2,candidate_1,3,0.02
2433,candidate_3,candidate_2,candidate_1,3,0.02
2434,candidate_3,candidate_2,0,3,0.02
2435,candidate_3,candidate_2,candidate_1,3,0.02
2436,candidate_3,candidate_2,candidate_1,3,0.02
2437,candidate_3,candidate_2,candidate_1,3,0.02
2438,candidate_3,candidate_2,candidate_1,3,0.02
2439,candidate_3,candidate_2,candidate_1,3,0.02
2440,candidate_3,candidate_2,candidate_1,3,0.02
2441,candidate_3,candidate_2,candidate_1,3,0.02
2442,candidate_3,candidate_2,candidate_1,3,0.02
2443,candidate_3,candidate_2,candidate_1,3,0.02
2444,candidate_3,candidate_2,candidate_1,3,0.02
2445,candidate_3,candidate_2,candidate_1,3,0.02
2446,candidate_3,candidate_2,candidate_1,3,0.02
2447,candidate_3,candidate_2,candidate_1,3,0.02
2448,candidate_3,candidate_2,candidate_1,3,0.02
2449,candidate_3,candidate_2,candidate_1,3,0.02
2450,candidate_3,candidate_2,candidate_1,3,0.02
2451,candidate_3,candidate_2,candidate_1,3,0.02
2452,candidate_3,candidate_2,candidate_1,3,0.02
2453,candidate_3,candidate_2,candidate_1,3,0.02
2454,candidate_3,candidate_2,candidate_1,3,0.02
2455,candidate_3,candidate_2,candidate_1,3,0.02
2456,candidate_3,candidate_2,candidate_1,3,0.02
2457,candidate_3,candidate_2,candidate_1,3,0.02
2458,candidate_3,candidate_2,candidate_1,3,0.02
2459,candidate_3,candidate_2,candidate_1,3,0.02
2460,candidate_3,candidate_2,candidate_1,3,0.02
2461,candidate_3,candidate_2,candidate_1,3,0.02
2462,candidate_3,candidate_2,candidate_1,3,0.02
2463,candidate_3,candidate_2,candidate_1,3,0.02
2464,candidate_3,candidate_2,candidate_1,3,0.02
2465,candidate_3,candidate_2,candidate_1,3,0.02
2466,candidate_3,candidate_2,candidate_1,3,0.02
2467,candidate_3,candidate_2,candidate_1,3,0.02
2468,candidate_3,candidate_2,candidate_1,3,0.02
2469,candidate_3,candidate_2,candidate_1,3,0.02
2470,candidate_3,candidate_2,candidate_1,3,0.02
2471,candidate_3,candidate_2,candidate_1,3,0.02
2472,candidate_3,candidate_2,candidate_1,3,0.02
2473,candidate_3,candidate_2,candidate_1,3,0.02
2474,candidate_3,candidate_2,candidate_1,3,0.02
2475,candidate_3,candidate_2,candidate_1,3,0.02
2476,candidate_3,candidate_2,candidate_1,3,0.02
2477,candidate_3,candidate_2,candidate_1,3,0.02
2478,candidate_3,candidate_2,candidate_1,3,0.02
2479,candidate_3,candidate_2,candidate_1,3,0.02
2480,candidate_3,candidate_2,candidate_1,3,0.02
2481,candidate_3,candidate_2,candidate_1,3,0.02
2482,candidate_3,candidate_2,candidate_1,3,0.02
2483,candidate_3,candidate_2,candidate_1,3,0.02
2484,candidate_3,candidate_2,candidate_1,3,0.02
2485,candidate_3,candidate_2,candidate_1,3,0.02
2486,candidate_3,candidate_2,candidate_1,3,0.02
2487,candidate_3,candidate_2,candidate_1,3,0.02
2488,candidate_3,candidate_2,candidate_1,3,0.02
2489,candidate_3,candidate_2,candidate_1,3,0.02
2490,candidate_3,candidate_2,candidate_1,3,0.02
2491,candidate_3,candidate_2,candidate_1,3,0.02
2492,candidate_3,candidate_2,candidate_1,3,0.02
2493,candidate_3,candidate_2,candidate_1,3,0.02
2494,candidate_3,candidate_2,candidate_1,3,0.02
2495,candidate_3,candidate_2,candidate_1,3,0.02
2496,candidate_3,candidate_2,candidate_1,3,0.02
2497,candidate_3,candidate_2,candidate_1,3,0.02
2498,candidate_3,candidate_2,candidate_1,3,0.02
2499,candidate_3,candidate_2,candidate_1,3,0.02
2500,candidate_3,candidate_2,candidate_1,3,0.02
2501,candidate_3,candidate_2,candidate_1,3,0.02
2502,candidate_3,candidate_2,candidate_1,3,0.02
2503,candidate_3,candidate_2,candidate_1,3,0.02
2504,candidate_3,candidate_2,candidate_1,3,0.02
2505,candidate_3,candidate_2,candidate_1,3,0.02
2506,candidate_3,candidate_2,candidate_1,3,0.02
2507,candidate_3,candidate_2,candidate_1,3,0.02
2508,candidate_3,candidate_2,candidate_1,3,0.02
2509,candidate_3,candidate_2,candidate_1,3,0.02
2510,candidate_3,candidate_2,candidate_1,3,0.02
2511,candidate_3,candidate_2,candidate_1,3,0.02
2512,candidate_3,candidate_2,candidate_1,3,0.02
2513,candidate_3,candidate_2,candidate_1,3,0.02
2514,candidate_3,candidate_2,candidate_1,3,0.02
2515,candidate_3,candidate_2,candidate_1,3,0.02
2516,candidate_3,candidate_2,candidate_1,3,0.02
2517,candidate_3,candidate_2,candidate_1,3,0.02
2518,candidate_3,candidate_2,candidate_1,3,0.02
2519,candidate_3,candidate_2,candidate_1,3,0.02
2520,candidate_3,candidate_2,candidate_1,3,0.02
2521,candidate_3,candidate_2,candidate_1,3,0.02
2522,candidate_3,candidate_2,candidate_1,3,0.02
2523,candidate_3,candidate_2,candidate_1,3,0.02
2524,candidate_3,candidate_2,candidate_1,3,0.02
2525,candidate_3,candidate_2,candidate_1,3,0.02
2526,candidate_3,candidate_2,candidate_1,3,0.02
2527,candidate_3,candidate_2,candidate_1,3,0.02
2528,candidate_3,candidate_2,candidate_1,3,0.02
2529,candidate_3,candidate_2,candidate_1,3,0.02
2530,candidate_3,candidate_2,candidate_1,3,0.02
2531,candidate_3,candidate_2,candidate_1,3,0.02
2532,candidate_3,candidate_2,candidate_1,3,0.02
2533,candidate_3,candidate_2,candidate_1,3,0.02
2534,candidate_3,candidate_2,candidate_1,3,0.02
2535,candidate_3,candidate_2,candidate_1,3,0.02
2536,candidate_3,candidate_2,candidate_1,3,0.02
2537,candidate_3,candidate_2,candidate_1,3,0.02
2538,candidate_3,candidate_2,candidate_1,3,0.02
2539,candidate_3,candidate_2,candidate_1,3,0.02
2540,candidate_3,candidate_2,candidate_1,3,0.02
2541,candidate_3,candidate_2,candidate_1,3,0.02
2542,candidate_3,candidate_2,candidate_1,3,0.02
2543,candidate_3,candidate_2,candidate_1,3,0.02
2544,candidate_3,candidate_2,candidate_1,3,0.02
2545,candidate_3,candidate_2,candidate_1,3,0.02
2546,candidate_3,candidate_2,candidate_1,3,0.02
2547,candidate_3,candidate_2,candidate_1,3,0.02
2548,candidate_3,candidate_2,candidate_1,3,0.02
2549,candidate_3,candidate_2,candidate_1,3,0.02
2550,candidate_3,candidate_2,candidate_1,3,0.02
2551,candidate_3,candidate_2,candidate_1,3,0.02
2552,candidate_3,candidate_2,candidate_1,3,0.02
2553,candidate_3,candidate_2,candidate_1,3,0.02
2554,candidate_3,candidate_2,candidate_1,3,0.02
2555,candidate_3,candidate_2,candidate_1,3,0.02
2556,candidate_3,candidate_2,candidate_1,3,0.02
2557,candidate_3,candidate_2,candidate_1,3,0.02
2558,candidate_3,candidate_2,candidate_1,3,0.02
2559,candidate_3,candidate_2,candidate_1,3,0.02
2560,candidate_3,candidate_2,candidate_1,3,0.02
2561,candidate_3,candidate_2,candidate_1,3,0.02
2562,candidate_3,candidate_2,candidate_1,3,0.02
2563,candidate_3,candidate_2,candidate_1,3,0.02
2564,candidate_3,candidate_2,candidate_1,3,0.02
2565,candidate_3,candidate_2,candidate_1,3,0.02
2566,candidate_3,candidate_2,candidate_1,3,0.02
2567,candidate_3,candidate_2,candidate_1,3,0.02
2568,candidate_3,candidate_2,candidate_1,3,0.02
2569,candidate_3,candidate_2,candidate_1,3,0.02
2570,candidate_3,candidate_2,candidate_1,3,0.02
2571,candidate_3,candidate_2,candidate_1,3,0.02
2572,candidate_3,candidate_2,candidate_1,3,0.02
2573,candidate_3,candidate_2,candidate_1,3,0.02
2574,candidate_3,candidate_2,candidate_1,3,0.02
2575,candidate_3,candidate_2,candidate_1,3,0.02
2576,candidate_3,candidate_2,candidate_1,3,0.02
2577,candidate_3,candidate_2,candidate_1,3,0.02
2578,candidate_3,candidate_2,candidate_1,3,0.02
2579,candidate_3,candidate_2,candidate_1,3,0.02
2580,candidate_3,candidate_2,candidate_1,3,0.02
2581,candidate_3,candidate_2,candidate_1,3,0.02
2582,candidate_3,candidate_2,candidate_1,3,0.02
2583,candidate_3,candidate_2,candidate_1,3,0.02
2584,candidate_3,candidate_2,candidate_1,3,0.02
2585,candidate_3,candidate_2,candidate_1,3,0.02
2586,candidate_3,candidate_2,candidate_1,3,0.02
2587,candidate_3,candidate_2,candidate_1,3,0.02
2588,candidate_3,candidate_2,candidate_1,3,0.02
2589,candidate_3,0,candidate_1,3,0.02
2590,candidate_3,candidate_2,candidate_1,3,0.02
2591,candidate_3,candidate_2,candidate_1,3,0.02
2592,candidate_3,candidate_2,candidate_1,3,0.02
2593,candidate_3,candidate_2,candidate_1,3,0.02
2594,candidate_3,candidate_2,candidate_1,3,0.02
2595,candidate_3,candidate_2,candidate_1,3,0.02
2596,candidate_3,candidate_2,candidate_1,3,0.02
2597,candidate_3,candidate_2,candidate_1,3,0.02
2598,candidate_3,candidate_2,candidate_1,3,0.02
2599,candidate_3,candidate_2,candidate_1,3,0.02
2600,candidate_3,candidate_2,candidate_1,3,0.02
2601,candidate_3,candidate_2,candidate_1,3,0.02
2602,candidate_3,candidate_2,candidate_1,3,0.02
2603,candidate_3,candidate_2,candidate_1,3,0.02
2604,candidate_3,candidate_2,candidate_1,3,0.02
2605,candidate_3,candidate_2,candidate_1,3,0.02
2606,candidate_3,candidate_2,candidate_1,3,0.02
2607,candidate_3,candidate_2,candidate_1,3,0.02
2608,candidate_3,candidate_2,candidate_1,3,0.02
2609,candidate_3,candidate_2,candidate_1,3,0.02
2610,candidate_3,candidate_2,candidate_1,3,0.02
2611,candidate_3,candidate_2,candidate_1,3,0.02
2612,candidate_3,candidate_2,candidate_1,3,0.02
2613,candidate_3,candidate_2,candidate_1,3,0.02
2614,candidate_3,candidate_2,candidate_1,3,0.02
2615,candidate_3,candidate_2,candidate_1,3,0.02
2616,candidate_3,candidate_2,candidate_1,3,0.02
2617,candidate_3,0,candidate_1,3,0.02
2618,candidate_3,candidate_2,candidate_1,3,0.02
2619,candidate_3,candidate_2,candidate_1,3,0.02
2620,candidate_3,candidate_2,candidate_1,3,0.02
2621,candidate_3,candidate_2,candidate_1,3,0.02
2622,candidate_3,candidate_2,candidate_1,3,0.02
2623,0,candidate_2,candidate_1,3,0.02
2624,candidate_3,candidate_2,candidate_1,3,0.02
2625,candidate_3,candidate_2,candidate_1,3,0.02
2626,candidate_3,candidate_2,candidate_1,3,0.02
2627,candidate_3,candidate_2,candidate_1,3,0.02
2628,candidate_3,candidate_2,candidate_1,3,0.02
2629,candidate_3,candidate_2,candidate_1,3,0.02
2630,candidate_3,candidate_2,candidate_1,3,0.02
2631,candidate_3,candidate_2,candidate_1,3,0.02
2632,candidate_3,candidate_2,candidate_1,3,0.02
2633,candidate_3,candidate_2,candidate_1,3,0.02
2634,candidate_3,candidate_2,candidate_1,3,0.02
2635,candidate_3,candidate_2,candidate_1,3,0.02
2636,candidate_3,candidate_2,candidate_1,3,0.02
2637,candidate_3,candidate_2,candidate_1,3,0.02
2638,candidate_3,candidate_2,candidate_1,3,0.02
2639,candidate_3,candidate_2,candidate_1,3,0.02
2640,candidate_3,candidate_2,0,3,0.02
2641,candidate_3,candidate_2,candidate_1,3,0.02
2642,candidate_3,candidate_2,candidate_1,3,0.02
2643,candidate_3,candidate_2,candidate_1,3,0.02
2644,candidate_3,candidate_2,candidate_1,3,0.02
2645,candidate_3,candidate_2,candidate_1,3,0.02
2646,candidate_3,candidate_2,candidate_1,3,0.02
2647,candidate_3,candidate_2,candidate_1,3,0.02
2648,candidate_3,candidate_2,candidate_1,3,0.02
2649,candidate_3,candidate_2,candidate_1,3,0.02
2650,candidate_3,candidate_2,candidate_1,3,0.02
2651,candidate_3,candidate_2,candidate_1,3,0.02
2652,candidate_3,candidate_2,candidate_1,3,0.02
2653,candidate_3,candidate_2,candidate_1,3,0.02
2654,candidate_3,0,candidate_1,3,0.02
2655,candidate_3,candidate_2,candidate_1,3,0.02
2656,candidate_3,0,0,3,0.02
2657,candidate_3,candidate_2,candidate_1,3,0.02
2658,candidate_3,candidate_2,candidate_1,3,0.02
